Pos-Processados/pos_process38/Dados/doperantar38_006.cnv
* Sea-Bird SBE 9 Data File:
* FileName = D:\OPERANTAR_XXXVIII\DADOS\OP38_006.hdr
* Software Version Seasave V 7.18c
* Temperature SN = 4808
* Conductivity SN = 3380
* Number of Bytes Per Scan = 31
* Number of Voltage Words = 2
* Number of Scans Averaged by the Deck Unit = 1
* NMEA Latitude = 45 04.05 S
* NMEA Longitude = 051 28.82 W
* NMEA UTC (Time) = Oct 19 2019 17:49:21
** H41
** NAVIO POLAR ALMIRANTE MAXIMIANO
** CRUZEIRO:
** OPERANTAR XXXVIII
** ESTAวรO: OP38_006
** LAT 45บ 04,05' S
** LONG 051บ 28,85' W
** 09P73767-1155
** PROFUNDIDADE: 5872
** DATA/HORA: 191750Z/OUT/2019
** OPERADOR: SO-HN CHAVES
# nquan = 32
# nvalues = 1037                        
# units = specified
# name 0 = scan: Scan Count
# name 1 = timeJ: Julian Days
# name 2 = latitude: Latitude [deg]
# name 3 = longitude: Longitude [deg]
# name 4 = dz/dtM: Descent Rate [m/s]
# name 5 = avgsvCM: Average Sound Velocity [Chen-Millero, m/s]
# name 6 = prDM: Pressure, Digiquartz [db]
# name 7 = depSM: Depth [salt water, m]
# name 8 = t090C: Temperature [ITS-90, deg C]
# name 9 = t190C: Temperature, 2 [ITS-90, deg C]
# name 10 = T2-T190C: Temperature Difference, 2 - 1 [ITS-90, deg C]
# name 11 = potemp090C: Potential Temperature [ITS-90, deg C]
# name 12 = potemp190C: Potential Temperature, 2 [ITS-90, deg C]
# name 13 = potemp90Cdiff: Potential Temperature, Diff, 2 - 1 [ITS-90, deg C]
# name 14 = c0S/m: Conductivity [S/m]
# name 15 = c1S/m: Conductivity, 2 [S/m]
# name 16 = C2-C1S/m: Conductivity Difference, 2 - 1 [S/m]
# name 17 = sal00: Salinity, Practical [PSU]
# name 18 = sal11: Salinity, Practical, 2 [PSU]
# name 19 = sbeox0ML/L: Oxygen, SBE 43 [ml/l]
# name 20 = sbeox1ML/L: Oxygen, SBE 43, 2 [ml/l]
# name 21 = sbeox0ML/Ldiff: Oxygen, SBE 43, Diff, 2 - 1 [ml/l]
# name 22 = sigma-้00: Density [sigma-theta, kg/m^3]
# name 23 = sigma-้11: Density, 2 [sigma-theta, kg/m^3]
# name 24 = sal00: Salinity, Practical [PSU]
# name 25 = sigma-้00: Density [sigma-theta, kg/m^3]
# name 26 = svCM: Sound Velocity [Chen-Millero, m/s]
# name 27 = svCM1: Sound Velocity, 2 [Chen-Millero, m/s]
# name 28 = gsw_ptA0: potential temperature [ITS-90, deg C]
# name 29 = gsw_densityA0: density, TEOS-10 [density, kg/m^3]
# name 30 = gsw_saA0: Absolute Salinity [g/kg]
# name 31 = flag:
# span 0 =       2324,      31854       
# span 1 = 292.743725, 292.757965       
# span 2 =  -45.06760,  -45.06752       
# span 3 =  -51.48047,  -51.48040       
# span 4 =      0.026,      1.589       
# span 5 =       0.00,    1482.08       
# span 6 =      4.000,   1040.000       
# span 7 =      3.988,   1028.962       
# span 8 =     2.7172,     7.9407       
# span 9 =     2.7180,     7.9412       
# span 10 =    -0.0106,     0.0201      
# span 11 =     2.6516,     7.9403      
# span 12 =     2.6524,     7.9408      
# span 13 =    -0.0106,     0.0201      
# span 14 =   3.124157,   3.557243      
# span 15 =   3.124652,   3.557755      
# span 16 =  -0.000544,   0.002475      
# span 17 =    34.0593,    34.4762      
# span 18 =    34.0638,    34.4813      
# span 19 =     4.0087,     6.7188      
# span 20 =     3.8332,     6.4747      
# span 21 =    -0.3363,    -0.1654      
# span 22 =    26.6917,    27.4917      
# span 23 =    26.6964,    27.4958      
# span 24 =    34.0493,    34.4762      
# span 25 =    26.6914,    27.4917      
# span 26 =    1469.04,    1483.16      
# span 27 =    1469.05,    1483.17      
# span 28 =     2.6515,     7.9403      
# span 29 =  1026.7116,  1032.3141      
# span 30 =    34.2104,    34.6426      
# span 31 = 0.0000e+00, 0.0000e+00      
# interval = decibars: 1                
# start_time = Oct 19 2019 17:49:21 [NMEA time, header]
# bad_flag = -9.990e-29
*END*
[from data line 726]
      24116 292.754233  -45.06756  -51.48044      0.957    1472.27    730.000    722.797     2.8982     2.9011     0.0029     2.8510     2.8539     0.0029   3.134773   3.135643   0.000740    34.3245    34.3304     4.6314     4.4245    -0.2069    27.3592    27.3637    34.3269    27.3611    1473.07    1473.09     2.8509  1030.7560    34.4910 0.0000e+00
      24142 292.754246  -45.06756  -51.48044      0.893    1472.27    731.000    723.785     2.9127     2.9148     0.0021     2.8653     2.8674     0.0021   3.136266   3.136776   0.000565    34.3268    34.3314     4.6272     4.4361    -0.1911    27.3598    27.3633    34.3291    27.3617    1473.15    1473.17     2.8652  1030.7609    34.4933 0.0000e+00
      24164 292.754257  -45.06757  -51.48044      0.987    1472.27    732.000    724.774     2.9141     2.9160     0.0020     2.8666     2.8686     0.0020   3.136436   3.137030   0.000595    34.3272    34.3323     4.6128     4.4303    -0.1825    27.3600    27.3639    34.3292    27.3616    1473.18    1473.19     2.8665  1030.7654    34.4934 0.0000e+00
      24185 292.754267  -45.06758  -51.48044      1.113    1472.27    733.000    725.762     2.9159     2.9163     0.0004     2.8684     2.8688     0.0004   3.136577   3.137039   0.000443    34.3274    34.3324     4.5973     4.4114    -0.1859    27.3600    27.3639    34.3285    27.3609    1473.20    1473.21     2.8683  1030.7693    34.4927 0.0000e+00
      24205 292.754277  -45.06758  -51.48044      1.177    1472.27    734.000    726.750     2.9060     2.9090     0.0030     2.8585     2.8615     0.0030   3.135547   3.136226   0.000687    34.3261    34.3313     4.5858     4.3990    -0.1867    27.3599    27.3638    34.3258    27.3597    1473.17    1473.19     2.8584  1030.7729    34.4900 0.0000e+00
      24226 292.754287  -45.06758  -51.48044      1.176    1472.27    735.000    727.739     2.9000     2.9012     0.0012     2.8524     2.8536     0.0012   3.135136   3.135656   0.000526    34.3262    34.3314     4.5737     4.3861    -0.1876    27.3605    27.3645    34.3267    27.3609    1473.16    1473.17     2.8524  1030.7788    34.4909 0.0000e+00
      24246 292.754296  -45.06758  -51.48044      1.161    1472.27    736.000    728.727     2.8978     2.8987     0.0009     2.8502     2.8511     0.0009   3.134945   3.135433   0.000498    34.3259    34.3310     4.5658     4.3721    -0.1937    27.3604    27.3644    34.3262    27.3606    1473.17    1473.18     2.8501  1030.7832    34.4904 0.0000e+00
      24267 292.754307  -45.06758  -51.48044      1.154    1472.27    737.000    729.716     2.8956     2.8968     0.0013     2.8479     2.8491     0.0013   3.134783   3.135312   0.000521    34.3259    34.3308     4.5648     4.3674    -0.1973    27.3606    27.3644    34.3261    27.3608    1473.17    1473.19     2.8478  1030.7880    34.4903 0.0000e+00
      24289 292.754317  -45.06756  -51.48044      1.126    1472.27    738.000    730.703     2.8947     2.8956     0.0008     2.8470     2.8478     0.0008   3.134753   3.135246   0.000493    34.3258    34.3309     4.5657     4.3730    -0.1927    27.3606    27.3646    34.3261    27.3609    1473.19    1473.20     2.8469  1030.7928    34.4903 0.0000e+00
      24312 292.754328  -45.06756  -51.48044      1.066    1472.27    739.000    731.692     2.8939     2.8948     0.0010     2.8461     2.8470     0.0010   3.134721   3.135216   0.000496    34.3259    34.3309     4.5676     4.3711    -0.1965    27.3608    27.3647    34.3261    27.3609    1473.20    1473.21     2.8460  1030.7975    34.4903 0.0000e+00
      24337 292.754340  -45.06756  -51.48045      1.000    1472.27    740.000    732.681     2.8915     2.8927     0.0012     2.8436     2.8448     0.0012   3.134595   3.135110   0.000519    34.3263    34.3314     4.5761     4.3740    -0.2021    27.3614    27.3653    34.3265    27.3615    1473.21    1473.22     2.8436  1030.8027    34.4907 0.0000e+00
      24363 292.754353  -45.06756  -51.48046      0.954    1472.27    741.000    733.669     2.8910     2.8921     0.0011     2.8430     2.8441     0.0011   3.134640   3.135162   0.000515    34.3270    34.3321     4.5805     4.3733    -0.2072    27.3619    27.3659    34.3271    27.3620    1473.22    1473.23     2.8430  1030.8078    34.4913 0.0000e+00
      24388 292.754365  -45.06756  -51.48044      0.940    1472.27    742.000    734.657     2.8919     2.8922     0.0003     2.8439     2.8442     0.0002   3.134877   3.135335   0.000438    34.3286    34.3336     4.5782     4.3796    -0.1986    27.3631    27.3671    34.3285    27.3630    1473.24    1473.25     2.8438  1030.8134    34.4927 0.0000e+00
      24413 292.754377  -45.06758  -51.48044      0.956    1472.27    743.000    735.646     2.8849     2.8819    -0.0030     2.8369     2.8339    -0.0030   3.134150   3.134085   0.000095    34.3287    34.3330     4.5790     4.3767    -0.2023    27.3638    27.3676    34.3265    27.3621    1473.23    1473.22     2.8368  1030.8173    34.4908 0.0000e+00
      24436 292.754388  -45.06758  -51.48044      1.004    1472.27    744.000    736.634     2.8394     2.8351    -0.0043     2.7915     2.7872    -0.0043   3.129773   3.129979   0.000090    34.3253    34.3309     4.5837     4.3750    -0.2086    27.3652    27.3701    34.3210    27.3617    1473.04    1473.03     2.7915  1030.8225    34.4852 0.0000e+00
      24457 292.754398  -45.06758  -51.48044      1.075    1472.27    745.000    737.622     2.8296     2.8310     0.0013     2.7818     2.7831     0.0013   3.129218   3.129821   0.000537    34.3262    34.3313     4.5724     4.3702    -0.2023    27.3667    27.3707    34.3240    27.3650    1473.02    1473.03     2.7817  1030.8305    34.4883 0.0000e+00
      24477 292.754408  -45.06758  -51.48044      1.146    1472.27    746.000    738.611     2.8207     2.8236     0.0030     2.7728     2.7757     0.0029   3.128441   3.129046   0.000660    34.3258    34.3306     4.5632     4.3595    -0.2037    27.3672    27.3708    34.3236    27.3654    1473.00    1473.02     2.7727  1030.8358    34.4878 0.0000e+00
      24498 292.754418  -45.06758  -51.48044      1.181    1472.27    747.000    739.599     2.8139     2.8148     0.0009     2.7660     2.7669     0.0009   3.127976   3.128472   0.000494    34.3266    34.3316     4.5712     4.3661    -0.2051    27.3684    27.3724    34.3245    27.3668    1472.99    1473.00     2.7659  1030.8419    34.4888 0.0000e+00
      24520 292.754428  -45.06758  -51.48044      1.145    1472.27    748.000    740.587     2.8109     2.8119     0.0010     2.7630     2.7639     0.0010   3.127869   3.128360   0.000491    34.3275    34.3324     4.5835     4.3732    -0.2103    27.3694    27.3733    34.3259    27.3681    1472.99    1473.00     2.7629  1030.8479    34.4901 0.0000e+00
      24543 292.754440  -45.06758  -51.48044      1.062    1472.27    749.000    741.575     2.8111     2.8120     0.0009     2.7631     2.7639     0.0009   3.127947   3.128448   0.000492    34.3275    34.3325     4.5925     4.3789    -0.2136    27.3694    27.3734    34.3261    27.3683    1473.01    1473.02     2.7630  1030.8527    34.4904 0.0000e+00
      24566 292.754451  -45.06758  -51.48044      1.023    1472.27    750.000    742.564     2.8117     2.8128     0.0010     2.7636     2.7646     0.0010   3.128149   3.128632   0.000491    34.3283    34.3332     4.5907     4.3884    -0.2023    27.3700    27.3738    34.3274    27.3693    1473.03    1473.04     2.7635  1030.8582    34.4917 0.0000e+00
      24588 292.754461  -45.06758  -51.48044      1.067    1472.27    751.000    743.552     2.8122     2.8131     0.0008     2.7641     2.7649     0.0008   3.128241   3.128718   0.000476    34.3284    34.3334     4.5880     4.3872    -0.2008    27.3701    27.3740    34.3274    27.3693    1473.05    1473.06     2.7640  1030.8628    34.4917 0.0000e+00
      24609 292.754471  -45.06758  -51.48044      1.131    1472.27    752.000    744.540     2.8122     2.8133     0.0011     2.7640     2.7650     0.0011   3.128295   3.128811   0.000504    34.3283    34.3333     4.5862     4.3798    -0.2065    27.3700    27.3739    34.3276    27.3694    1473.07    1473.08     2.7639  1030.8676    34.4919 0.0000e+00
      24631 292.754482  -45.06758  -51.48046      1.118    1472.27    753.000    745.529     2.8139     2.8150     0.0011     2.7656     2.7666     0.0010   3.128546   3.129030   0.000492    34.3289    34.3337     4.5780     4.3772    -0.2008    27.3703    27.3741    34.3283    27.3698    1473.09    1473.10     2.7655  1030.8726    34.4926 0.0000e+00
      24658 292.754495  -45.06758  -51.48046      0.970    1472.27    754.000    746.517     2.8145     2.8157     0.0012     2.7661     2.7673     0.0012   3.128629   3.129167   0.000535    34.3288    34.3340     4.5765     4.3778    -0.1987    27.3702    27.3742    34.3282    27.3697    1473.11    1473.12     2.7660  1030.8770    34.4925 0.0000e+00
      24690 292.754510  -45.06758  -51.48045      0.779    1472.27    755.000    747.505     2.8142     2.8154     0.0012     2.7658     2.7669     0.0011   3.128645   3.129155   0.000511    34.3286    34.3336     4.5690     4.3706    -0.1984    27.3701    27.3740    34.3281    27.3697    1473.12    1473.14     2.7657  1030.8816    34.4924 0.0000e+00
      24717 292.754524  -45.06758  -51.48044      0.812    1472.27    756.000    748.494     2.8145     2.8151     0.0006     2.7660     2.7666     0.0006   3.128791   3.129234   0.000438    34.3290    34.3337     4.5728     4.3688    -0.2041    27.3704    27.3741    34.3291    27.3704    1473.14    1473.15     2.7659  1030.8870    34.4934 0.0000e+00
      24738 292.754534  -45.06758  -51.48044      0.989    1472.27    757.000    749.481     2.8185     2.8205     0.0020     2.7699     2.7719     0.0020   3.129217   3.129872   0.000645    34.3300    34.3357     4.5740     4.3626    -0.2113    27.3708    27.3752    34.3294    27.3704    1473.18    1473.20     2.7698  1030.8915    34.4938 0.0000e+00
      24755 292.754542  -45.06758  -51.48044      1.196    1472.27    758.000    750.470     2.8183     2.8195     0.0012     2.7696     2.7708     0.0012   3.129337   3.129856   0.000537    34.3300    34.3352     4.5761     4.3562    -0.2198    27.3708    27.3749    34.3307    27.3714    1473.20    1473.21     2.7695  1030.8971    34.4950 0.0000e+00
      24771 292.754550  -45.06758  -51.48044      1.383    1472.27    759.000    751.458     2.8219     2.8227     0.0008     2.7731     2.7738     0.0007   3.129741   3.130216   0.000469    34.3312    34.3361     4.5735     4.3579    -0.2157    27.3715    27.3753    34.3312    27.3715    1473.23    1473.24     2.7730  1030.9017    34.4955 0.0000e+00
      24787 292.754557  -45.06758  -51.48044      1.496    1472.27    760.000    752.447     2.8225     2.8232     0.0008     2.7736     2.7743     0.0007   3.129850   3.130327   0.000482    34.3314    34.3365     4.5692     4.3641    -0.2050    27.3716    27.3756    34.3314    27.3716    1473.25    1473.26     2.7735  1030.9064    34.4957 0.0000e+00
      24806 292.754566  -45.06758  -51.48044      1.446    1472.27    761.000    753.435     2.8225     2.8234     0.0009     2.7735     2.7744     0.0009   3.129900   3.130381   0.000482    34.3314    34.3363     4.5677     4.3673    -0.2004    27.3717    27.3755    34.3315    27.3717    1473.26    1473.27     2.7735  1030.9111    34.4958 0.0000e+00
      24833 292.754580  -45.06758  -51.48044      1.054    1472.27    762.000    754.423     2.8227     2.8239     0.0011     2.7737     2.7748     0.0011   3.129975   3.130466   0.000488    34.3315    34.3363     4.5602     4.3568    -0.2035    27.3717    27.3754    34.3316    27.3717    1473.28    1473.29     2.7736  1030.9158    34.4959 0.0000e+00
      24864 292.754594  -45.06758  -51.48044      0.769    1472.27    763.000    755.412     2.8239     2.8246     0.0007     2.7748     2.7755     0.0007   3.130139   3.130609   0.000473    34.3317    34.3367     4.5545     4.3561    -0.1985    27.3717    27.3757    34.3318    27.3718    1473.30    1473.31     2.7747  1030.9205    34.4961 0.0000e+00
      24891 292.754608  -45.06756  -51.48044      0.841    1472.27    764.000    756.399     2.8248     2.8254     0.0007     2.7756     2.7762     0.0006   3.130358   3.130823   0.000467    34.3329    34.3379     4.5513     4.3585    -0.1928    27.3727    27.3766    34.3330    27.3727    1473.32    1473.33     2.7755  1030.9260    34.4974 0.0000e+00
      24916 292.754620  -45.06756  -51.48044      0.932    1472.27    765.000    757.387     2.8210     2.8218     0.0007     2.7718     2.7725     0.0007   3.130231   3.130710   0.000477    34.3351    34.3401     4.5502     4.3588    -0.1914    27.3747    27.3786    34.3349    27.3746    1473.33    1473.34     2.7717  1030.9325    34.4993 0.0000e+00
      24939 292.754631  -45.06756  -51.48044      1.007    1472.27    766.000    758.376     2.8206     2.8213     0.0007     2.7713     2.7720     0.0007   3.130300   3.130775   0.000478    34.3356    34.3407     4.5522     4.3608    -0.1914    27.3752    27.3792    34.3357    27.3752    1473.34    1473.35     2.7712  1030.9378    34.5001 0.0000e+00
      24960 292.754641  -45.06758  -51.48044      1.080    1472.27    767.000    759.364     2.8215     2.8224     0.0009     2.7721     2.7730     0.0009   3.130491   3.130982   0.000488    34.3363    34.3413     4.5475     4.3518    -0.1957    27.3756    27.3796    34.3366    27.3759    1473.36    1473.38     2.7720  1030.9430    34.5010 0.0000e+00
      24981 292.754651  -45.06758  -51.48044      1.134    1472.27    768.000    760.352     2.8235     2.8243     0.0009     2.7740     2.7749     0.0008   3.130818   3.131303   0.000487    34.3376    34.3426     4.5410     4.3472    -0.1937    27.3765    27.3804    34.3379    27.3768    1473.39    1473.40     2.7739  1030.9484    34.5023 0.0000e+00
      25002 292.754661  -45.06757  -51.48043      1.152    1472.27    769.000    761.341     2.8245     2.8254     0.0009     2.7749     2.7758     0.0009   3.131037   3.131537   0.000499    34.3388    34.3439     4.5330     4.3423    -0.1907    27.3774    27.3814    34.3389    27.3775    1473.41    1473.42     2.7749  1030.9538    34.5033 0.0000e+00
      25024 292.754671  -45.06756  -51.48042      1.135    1472.27    770.000    762.329     2.8256     2.8266     0.0011     2.7759     2.7770     0.0011   3.131299   3.131804   0.000506    34.3398    34.3449     4.5346     4.3360    -0.1986    27.3781    27.3821    34.3404    27.3786    1473.44    1473.45     2.7759  1030.9595    34.5049 0.0000e+00
      25046 292.754682  -45.06756  -51.48042      1.088    1472.27    771.000    763.317     2.8273     2.8282     0.0009     2.7776     2.7785     0.0009   3.131553   3.132042   0.000488    34.3412    34.3462     4.5328     4.3306    -0.2022    27.3791    27.3830    34.3412    27.3791    1473.46    1473.47     2.7775  1030.9645    34.5056 0.0000e+00
      25071 292.754694  -45.06757  -51.48042      1.019    1472.27    772.000    764.306     2.8208     2.8218     0.0010     2.7711     2.7721     0.0010   3.130965   3.131458   0.000495    34.3410    34.3459     4.5241     4.3209    -0.2032    27.3795    27.3834    34.3404    27.3790    1473.45    1473.46     2.7710  1030.9692    34.5049 0.0000e+00
      25098 292.754707  -45.06758  -51.48042      0.930    1472.27    773.000    765.294     2.8183     2.8191     0.0008     2.7686     2.7693     0.0008   3.130843   3.131313   0.000467    34.3412    34.3460     4.5149     4.3181    -0.1968    27.3798    27.3837    34.3410    27.3797    1473.46    1473.47     2.7685  1030.9745    34.5054 0.0000e+00
