Pos-Processados/pos_process38/Dados/doperantar38_021.cnv
* Sea-Bird SBE 9 Data File:
* FileName = D:\OPERANTAR_XXXVIII\DADOS\OP38_021.hdr
* Software Version Seasave V 7.18c
* Temperature SN = 4808
* Conductivity SN = 3380
* Number of Bytes Per Scan = 34
* Number of Voltage Words = 3
* Number of Scans Averaged by the Deck Unit = 1
* NMEA Latitude = 62 13.30 S
* NMEA Longitude = 058 22.74 W
* NMEA UTC (Time) = Nov 22 2019 13:35:38
** H41
** NAVIO POLAR ALMIRANTE MAXIMIANO
** CRUZEIRO:
** OPERANTAR XXXVIII
** ESTAÇÃO: OP38_021
** LAT 62 13,29'S
** LONG 058 22,75'W
** 09P73767-1155_A
** PROFUNDIDADE: 271
** DATA/HORA: 221336Z/NOV/2019
** OPERADOR: SO-HN CHAVES
# nquan = 33
# nvalues = 231                         
# units = specified
# name 0 = scan: Scan Count
# name 1 = timeJ: Julian Days
# name 2 = latitude: Latitude [deg]
# name 3 = longitude: Longitude [deg]
# name 4 = dz/dtM: Descent Rate [m/s]
# name 5 = avgsvCM: Average Sound Velocity [Chen-Millero, m/s]
# name 6 = prDM: Pressure, Digiquartz [db]
# name 7 = depSM: Depth [salt water, m]
# name 8 = t090C: Temperature [ITS-90, deg C]
# name 9 = t190C: Temperature, 2 [ITS-90, deg C]
# name 10 = T2-T190C: Temperature Difference, 2 - 1 [ITS-90, deg C]
# name 11 = potemp090C: Potential Temperature [ITS-90, deg C]
# name 12 = potemp190C: Potential Temperature, 2 [ITS-90, deg C]
# name 13 = potemp90Cdiff: Potential Temperature, Diff, 2 - 1 [ITS-90, deg C]
# name 14 = c0S/m: Conductivity [S/m]
# name 15 = c1S/m: Conductivity, 2 [S/m]
# name 16 = C2-C1S/m: Conductivity Difference, 2 - 1 [S/m]
# name 17 = sal00: Salinity, Practical [PSU]
# name 18 = sal11: Salinity, Practical, 2 [PSU]
# name 19 = sbeox0ML/L: Oxygen, SBE 43 [ml/l]
# name 20 = sigma-é00: Density [sigma-theta, kg/m^3]
# name 21 = sigma-é11: Density, 2 [sigma-theta, kg/m^3]
# name 22 = sbox0Mm/Kg: Oxygen, SBE 43 [umol/kg]
# name 23 = oxsolMm/Kg: Oxygen Saturation, Garcia & Gordon [umol/kg]
# name 24 = oxsatMm/Kg: Oxygen Saturation, Weiss [umol/kg]
# name 25 = sal00: Salinity, Practical [PSU]
# name 26 = sigma-é00: Density [sigma-theta, kg/m^3]
# name 27 = svCM: Sound Velocity [Chen-Millero, m/s]
# name 28 = svCM1: Sound Velocity, 2 [Chen-Millero, m/s]
# name 29 = gsw_ptA0: potential temperature [ITS-90, deg C]
# name 30 = gsw_densityA0: density, TEOS-10 [density, kg/m^3]
# name 31 = gsw_saA0: Absolute Salinity [g/kg]
# name 32 = flag:
# span 0 =        115,      10628       
# span 1 = 326.566467, 326.571537       
# span 2 =  -62.22180,  -62.22178       
# span 3 =  -58.37916,  -58.37914       
# span 4 =     -0.027,      0.944       
# span 5 =       0.00,    1447.94       
# span 6 =      2.000,    232.000       
# span 7 =      1.984,    229.637       
# span 8 =    -0.5713,    -0.3351       
# span 9 =    -0.5712,    -0.3220       
# span 10 =    -0.0092,     0.0269      
# span 11 =    -0.5786,    -0.3352      
# span 12 =    -0.5786,    -0.3221      
# span 13 =    -0.0092,     0.0269      
# span 14 =   2.807432,   2.814514      
# span 15 =   2.808261,   2.815082      
# span 16 =  -0.000096,   0.001569      
# span 17 =    34.1839,    34.3150      
# span 18 =    34.1721,    34.3227      
# span 19 =     6.9045,     7.5991      
# span 20 =    27.4639,    27.5810      
# span 21 =    27.4552,    27.5872      
# span 22 =    300.082,    330.303      
# span 23 =  353.25557,  355.09110      
# span 24 =  354.79947,  356.69176      
# span 25 =    34.1834,    34.3150      
# span 26 =    27.4637,    27.5809      
# span 27 =    1446.42,    1449.35      
# span 28 =    1446.52,    1449.36      
# span 29 =    -0.5785,    -0.3352      
# span 30 =  1027.4779,  1028.6944      
# span 31 =    34.3483,    34.4824      
# span 32 = 0.0000e+00, 0.0000e+00      
# interval = decibars: 1                
# start_time = Nov 22 2019 13:35:38 [NMEA time, header]
# bad_flag = -9.990e-29
*END*
[from data line 176]
       8592 326.570555  -62.22178  -58.37916      0.652    1447.37    178.000    176.211    -0.5292    -0.5307    -0.0015    -0.5348    -0.5363    -0.0015   2.810611   2.810980   0.000364    34.2479    34.2546     7.2205    27.5248    27.5302    313.827  354.88438  356.47246    34.2480    27.5248    1448.57    1448.58    -0.5347  1028.3806    34.4148 0.0000e+00
       8629 326.570573  -62.22178  -58.37916      0.650    1447.37    179.000    177.207    -0.5291    -0.5302    -0.0011    -0.5347    -0.5359    -0.0011   2.810670   2.811111   0.000442    34.2480    34.2552     7.2237    27.5248    27.5307    313.967  354.88327  356.47133    34.2480    27.5248    1448.59    1448.60    -0.5346  1028.3855    34.4149 0.0000e+00
       8667 326.570591  -62.22178  -58.37916      0.632    1447.37    180.000    178.191    -0.5284    -0.5299    -0.0015    -0.5340    -0.5355    -0.0015   2.810838   2.811205   0.000374    34.2487    34.2554     7.2226    27.5253    27.5308    313.920  354.87447  356.46242    34.2489    27.5255    1448.61    1448.61    -0.5339  1028.3909    34.4157 0.0000e+00
       8705 326.570610  -62.22178  -58.37916      0.629    1447.37    181.000    179.187    -0.5279    -0.5294    -0.0015    -0.5336    -0.5351    -0.0015   2.810963   2.811331   0.000376    34.2492    34.2560     7.2175    27.5257    27.5313    313.700  354.86855  356.45642    34.2494    27.5259    1448.63    1448.63    -0.5335  1028.3961    34.4163 0.0000e+00
       8743 326.570628  -62.22178  -58.37916      0.644    1447.37    182.000    180.170    -0.5269    -0.5289    -0.0020    -0.5326    -0.5346    -0.0020   2.811190   2.811502   0.000315    34.2504    34.2570     7.2146    27.5267    27.5321    313.571  354.85543  356.44315    34.2507    27.5269    1448.65    1448.65    -0.5325  1028.4018    34.4176 0.0000e+00
       8779 326.570645  -62.22178  -58.37916      0.660    1447.37    183.000    181.160    -0.5265    -0.5283    -0.0017    -0.5323    -0.5340    -0.0017   2.811296   2.811714   0.000413    34.2510    34.2585     7.2116    27.5271    27.5333    313.444  354.85082  356.43850    34.2511    27.5272    1448.67    1448.67    -0.5322  1028.4069    34.4180 0.0000e+00
       8815 326.570662  -62.22178  -58.37916      0.665    1447.37    184.000    182.158    -0.5264    -0.5276    -0.0013    -0.5322    -0.5335    -0.0013   2.811365   2.811795   0.000429    34.2512    34.2584     7.2102    27.5273    27.5331    313.381  354.84920  356.43687    34.2513    27.5274    1448.69    1448.69    -0.5321  1028.4118    34.4182 0.0000e+00
       8847 326.570678  -62.22178  -58.37916      0.726    1447.37    185.000    183.153    -0.5259    -0.5273    -0.0014    -0.5318    -0.5332    -0.0014   2.811510   2.811867   0.000357    34.2519    34.2583     7.2053    27.5279    27.5331    313.170  354.84259  356.43019    34.2521    27.5280    1448.71    1448.71    -0.5316  1028.4172    34.4190 0.0000e+00
       8876 326.570692  -62.22178  -58.37916      0.799    1447.37    186.000    184.124    -0.5260    -0.5269    -0.0009    -0.5319    -0.5328    -0.0009   2.811542   2.811993   0.000449    34.2519    34.2590     7.2009    27.5279    27.5336    312.975  354.84367  356.43129    34.2520    27.5280    1448.72    1448.73    -0.5318  1028.4219    34.4189 0.0000e+00
       8909 326.570708  -62.22178  -58.37916      0.758    1447.55    187.000    185.110    -0.5258    -0.5266    -0.0008    -0.5317    -0.5325    -0.0008   2.811666   2.812032   0.000365    34.2527    34.2585     7.2058    27.5285    27.5332    313.188  354.83961  356.42725    34.2529    27.5286    1448.74    1448.75    -0.5316  1028.4274    34.4198 0.0000e+00
       8954 326.570729  -62.22178  -58.37916      0.548    1447.62    188.000    186.116    -0.5257    -0.5264    -0.0007    -0.5317    -0.5324    -0.0007   2.811740   2.812149   0.000405    34.2531    34.2593     7.2008    27.5288    27.5338    312.971  354.83758  356.42520    34.2531    27.5288    1448.76    1448.76    -0.5315  1028.4323    34.4200 0.0000e+00
       9001 326.570752  -62.22178  -58.37916      0.501    1447.62    189.000    187.090    -0.5255    -0.5263    -0.0008    -0.5314    -0.5323    -0.0008   2.811787   2.812250   0.000464    34.2528    34.2599     7.2004    27.5285    27.5343    312.955  354.83598  356.42353    34.2529    27.5286    1448.78    1448.78    -0.5313  1028.4353    34.4178 0.0000e+00
       9036 326.570769 -9.990e-29  -58.37916      0.646    1447.62    190.000    188.116    -0.5257    -0.5262    -0.0004    -0.5318    -0.5322    -0.0004   2.811886   2.812313   0.000432    34.2538    34.2600     7.1985    27.5294    27.5344    312.872  354.83592  356.42359    34.2539    27.5294    1448.79    1448.80    -0.5316  1028.4382    34.4155 0.0000e+00
       9067 326.570784 -9.990e-29  -58.37916      0.757    1447.62    191.000    189.086    -0.5260    -0.5260    -0.0000    -0.5320    -0.5321    -0.0000   2.811938   2.812397   0.000454    34.2542    34.2604     7.2043    27.5297    27.5347    313.125  354.83685  356.42459    34.2542    27.5297    1448.81    1448.82    -0.5319  1028.4432    34.4158 0.0000e+00
       9097 326.570799  -62.22180  -58.37916      0.797    1447.62    192.000    190.064    -0.5263    -0.5261     0.0002    -0.5324    -0.5322     0.0002   2.811964   2.812461   0.000492    34.2544    34.2607     7.1968    27.5298    27.5350    312.798  354.83953  356.42735    34.2544    27.5299    1448.83    1448.83    -0.5323  1028.4493    34.4174 0.0000e+00
       9128 326.570813  -62.22180  -58.37916      0.794    1447.62    193.000    191.062    -0.5312    -0.5262     0.0050    -0.5373    -0.5323     0.0050   2.811960   2.812503   0.000536    34.2593    34.2608     7.1928    27.5341    27.5351    312.621  354.87166  356.46079    34.2592    27.5340    1448.82    1448.85    -0.5372  1028.4613    34.4261 0.0000e+00
       9159 326.570829  -62.22180  -58.37914      0.768    1447.62    194.000    192.047    -0.5400    -0.5278     0.0122    -0.5461    -0.5340     0.0121   2.812102   2.812592   0.000457    34.2708    34.2632     7.1937    27.5437    27.5370    312.660  354.92146  356.51307    34.2704    27.5434    1448.81    1448.86    -0.5460  1028.4756    34.4374 0.0000e+00
       9196 326.570847  -62.22180  -58.37914      0.667    1447.62    195.000    193.037    -0.5441    -0.5317     0.0125    -0.5503    -0.5379     0.0124   2.812244   2.812744   0.000482    34.2767    34.2691     7.1778    27.5487    27.5420    311.967  354.94405  356.53686    34.2764    27.5485    1448.82    1448.87    -0.5501  1028.4854    34.4434 0.0000e+00
       9236 326.570866  -62.22180  -58.37914      0.601    1447.62    196.000    194.026    -0.5563    -0.5366     0.0197    -0.5625    -0.5429     0.0197   2.812562   2.812965   0.000361    34.2945    34.2771     7.1355    27.5637    27.5487    310.124  355.00859  356.60497    34.2939    27.5631    1448.80    1448.87    -0.5624  1028.5049    34.4610 0.0000e+00
       9269 326.570881  -62.22180  -58.37914      0.696    1447.62    197.000    195.016    -0.5596    -0.5425     0.0171    -0.5658    -0.5487     0.0171   2.812644   2.813234   0.000561    34.2987    34.2869     7.0978    27.5672    27.5569    308.486  355.02717  356.62446    34.2980    27.5666    1448.81    1448.87    -0.5657  1028.5132    34.4651 0.0000e+00
       9297 326.570895  -62.22180  -58.37914      0.823    1447.62    198.000    196.005    -0.5604    -0.5478     0.0126    -0.5666    -0.5541     0.0125   2.812730   2.813324   0.000585    34.3000    34.2937     7.0504    27.5683    27.5627    306.424  355.03098  356.62851    34.2995    27.5678    1448.82    1448.87    -0.5665  1028.5192    34.4666 0.0000e+00
       9325 326.570909  -62.22180  -58.37914      0.860    1447.62    199.000    196.994    -0.5605    -0.5517     0.0088    -0.5668    -0.5580     0.0087   2.812816   2.813421   0.000606    34.3006    34.2989     7.0058    27.5688    27.5670    304.484  355.03029  356.62788    34.3001    27.5684    1448.84    1448.88    -0.5666  1028.5245    34.4673 0.0000e+00
       9359 326.570925  -62.22180  -58.37914      0.743    1447.62    200.000    197.984    -0.5609    -0.5548     0.0061    -0.5672    -0.5611     0.0061   2.812903   2.813507   0.000610    34.3016    34.3029     6.9748    27.5696    27.5704    303.138  355.03155  356.62928    34.3012    27.5693    1448.86    1448.89    -0.5671  1028.5301    34.4684 0.0000e+00
       9396 326.570943  -62.22180  -58.37914      0.649    1447.62    201.000    198.973    -0.5612    -0.5572     0.0041    -0.5676    -0.5635     0.0041   2.812976   2.813585   0.000621    34.3022    34.3060     6.9672    27.5702    27.5730    302.807  355.03296  356.63080    34.3019    27.5699    1448.87    1448.90    -0.5674  1028.5355    34.4691 0.0000e+00
       9428 326.570958  -62.22180  -58.37914      0.716    1447.62    202.000    199.963    -0.5619    -0.5586     0.0033    -0.5682    -0.5650     0.0033   2.813009   2.813650   0.000651    34.3028    34.3078     6.9624    27.5706    27.5745    302.599  355.03721  356.63521    34.3024    27.5703    1448.89    1448.91    -0.5681  1028.5407    34.4696 0.0000e+00
       9458 326.570973  -62.22180  -58.37914      0.795    1447.62    203.000    200.952    -0.5623    -0.5597     0.0026    -0.5687    -0.5661     0.0026   2.813042   2.813694   0.000661    34.3030    34.3090     6.9639    27.5708    27.5755    302.663  355.04030  356.63839    34.3028    27.5706    1448.90    1448.92    -0.5686  1028.5458    34.4700 0.0000e+00
       9487 326.570987  -62.22180  -58.37914      0.823    1447.62    204.000    201.941    -0.5626    -0.5606     0.0021    -0.5691    -0.5670     0.0021   2.813083   2.813737   0.000667    34.3033    34.3099     6.9660    27.5711    27.5763    302.756  355.04282  356.64100    34.3030    27.5709    1448.92    1448.93    -0.5689  1028.5508    34.4702 0.0000e+00
       9516 326.571001  -62.22180  -58.37914      0.818    1447.62    205.000    202.931    -0.5627    -0.5611     0.0016    -0.5692    -0.5676     0.0016   2.813129   2.813759   0.000641    34.3033    34.3102     6.9643    27.5711    27.5766    302.680  355.04333  356.64153    34.3031    27.5710    1448.93    1448.95    -0.5690  1028.5556    34.4703 0.0000e+00
       9544 326.571014  -62.22180  -58.37914      0.847    1447.62    206.000    203.921    -0.5626    -0.5617     0.0009    -0.5691    -0.5682     0.0009   2.813194   2.813807   0.000624    34.3035    34.3108     6.9659    27.5712    27.5771    302.748  355.04223  356.64042    34.3033    27.5711    1448.95    1448.96    -0.5690  1028.5605    34.4705 0.0000e+00
       9572 326.571027  -62.22180  -58.37914      0.872    1447.62    207.000    204.910    -0.5628    -0.5620     0.0008    -0.5693    -0.5685     0.0008   2.813244   2.813864   0.000629    34.3037    34.3113     6.9633    27.5714    27.5775    302.639  355.04307  356.64131    34.3036    27.5713    1448.96    1448.98    -0.5692  1028.5655    34.4708 0.0000e+00
       9603 326.571043  -62.22180  -58.37914      0.797    1447.62    208.000    205.899    -0.5627    -0.5623     0.0004    -0.5693    -0.5689     0.0004   2.813302   2.813919   0.000625    34.3038    34.3118     6.9583    27.5715    27.5779    302.420  355.04247  356.64071    34.3037    27.5714    1448.98    1448.99    -0.5691  1028.5704    34.4709 0.0000e+00
       9641 326.571061  -62.22180  -58.37914      0.648    1447.62    209.000    206.889    -0.5626    -0.5626     0.0000    -0.5692    -0.5692     0.0000   2.813366   2.813968   0.000612    34.3039    34.3121     6.9647    27.5716    27.5782    302.700  355.04134  356.63957    34.3038    27.5715    1449.00    1449.01    -0.5691  1028.5752    34.4710 0.0000e+00
       9676 326.571078  -62.22180  -58.37914      0.654    1447.62    210.000    207.878    -0.5633    -0.5628     0.0006    -0.5700    -0.5694     0.0006   2.813414   2.814022   0.000613    34.3047    34.3124     6.9659    27.5722    27.5784    302.751  355.04546  356.64387    34.3047    27.5722    1449.01    1449.03    -0.5698  1028.5808    34.4719 0.0000e+00
       9705 326.571092  -62.22180  -58.37914      0.783    1447.62    211.000    208.868    -0.5634    -0.5629     0.0004    -0.5700    -0.5696     0.0004   2.813473   2.814077   0.000608    34.3049    34.3126     6.9604    27.5724    27.5786    302.511  355.04513  356.64356    34.3049    27.5724    1449.03    1449.04    -0.5699  1028.5857    34.4721 0.0000e+00
       9731 326.571104  -62.22180  -58.37914      0.896    1447.62    212.000    209.857    -0.5633    -0.5631     0.0002    -0.5700    -0.5698     0.0002   2.813533   2.814123   0.000595    34.3050    34.3128     6.9488    27.5725    27.5788    302.008  355.04426  356.64269    34.3050    27.5725    1449.05    1449.06    -0.5699  1028.5906    34.4723 0.0000e+00
       9756 326.571117  -62.22180  -58.37914      0.944    1447.62    213.000    210.846    -0.5633    -0.5631     0.0001    -0.5700    -0.5699     0.0001   2.813599   2.814181   0.000586    34.3053    34.3130     6.9487    27.5727    27.5789    302.000  355.04372  356.64217    34.3053    27.5728    1449.06    1449.07    -0.5699  1028.5956    34.4726 0.0000e+00
       9783 326.571130  -62.22180  -58.37914      0.918    1447.62    214.000    211.836    -0.5635    -0.5632     0.0002    -0.5702    -0.5700     0.0002   2.813653   2.814240   0.000588    34.3056    34.3132     6.9560    27.5729    27.5791    302.318  355.04413  356.64261    34.3056    27.5730    1449.08    1449.09    -0.5701  1028.6005    34.4728 0.0000e+00
       9814 326.571144  -62.22180  -58.37914      0.823    1447.62    215.000    212.825    -0.5634    -0.5634    -0.0000    -0.5702    -0.5702    -0.0000   2.813703   2.814292   0.000592    34.3056    34.3135     6.9580    27.5729    27.5794    302.409  355.04356  356.64203    34.3055    27.5729    1449.09    1449.11    -0.5701  1028.6053    34.4728 0.0000e+00
       9846 326.571160  -62.22180  -58.37914      0.745    1447.62    216.000    213.814    -0.5633    -0.5634    -0.0001    -0.5701    -0.5703    -0.0002   2.813748   2.814334   0.000591    34.3054    34.3135     6.9520    27.5728    27.5794    302.147  355.04294  356.64137    34.3054    27.5729    1449.11    1449.12    -0.5700  1028.6100    34.4727 0.0000e+00
       9875 326.571174  -62.22180  -58.37914      0.798    1447.62    217.000    214.804    -0.5630    -0.5634    -0.0004    -0.5699    -0.5703    -0.0004   2.813827   2.814385   0.000565    34.3055    34.3136     6.9501    27.5729    27.5794    302.064  355.04055  356.63895    34.3056    27.5730    1449.13    1449.14    -0.5697  1028.6149    34.4729 0.0000e+00
       9901 326.571186  -62.22180  -58.37914      0.885    1447.62    218.000    215.793    -0.5627    -0.5634    -0.0007    -0.5696    -0.5703    -0.0007   2.813930   2.814444   0.000518    34.3059    34.3136     6.9546    27.5732    27.5795    302.259  355.03620  356.63454    34.3060    27.5733    1449.15    1449.15    -0.5695  1028.6199    34.4733 0.0000e+00
       9929 326.571200  -62.22180  -58.37914      0.895    1447.62    219.000    216.783    -0.5627    -0.5632    -0.0005    -0.5697    -0.5702    -0.0005   2.814006   2.814530   0.000523    34.3064    34.3141     6.9492    27.5737    27.5798    302.024  355.03531  356.63369    34.3064    27.5736    1449.16    1449.17    -0.5695  1028.6251    34.4737 0.0000e+00
       9960 326.571215  -62.22180  -58.37914      0.800    1447.62    220.000    217.772    -0.5630    -0.5632    -0.0002    -0.5700    -0.5701    -0.0002   2.814039   2.814599   0.000563    34.3066    34.3143     6.9485    27.5737    27.5800    301.994  355.03736  356.63580    34.3066    27.5738    1449.18    1449.19    -0.5698  1028.6300    34.4739 0.0000e+00
