Pos-Processados/pos_process38/Dados/doperantar38_006.cnv
* Sea-Bird SBE 9 Data File:
* FileName = D:\OPERANTAR_XXXVIII\DADOS\OP38_006.hdr
* Software Version Seasave V 7.18c
* Temperature SN = 4808
* Conductivity SN = 3380
* Number of Bytes Per Scan = 31
* Number of Voltage Words = 2
* Number of Scans Averaged by the Deck Unit = 1
* NMEA Latitude = 45 04.05 S
* NMEA Longitude = 051 28.82 W
* NMEA UTC (Time) = Oct 19 2019 17:49:21
** H41
** NAVIO POLAR ALMIRANTE MAXIMIANO
** CRUZEIRO:
** OPERANTAR XXXVIII
** ESTAวรO: OP38_006
** LAT 45บ 04,05' S
** LONG 051บ 28,85' W
** 09P73767-1155
** PROFUNDIDADE: 5872
** DATA/HORA: 191750Z/OUT/2019
** OPERADOR: SO-HN CHAVES
# nquan = 32
# nvalues = 1037                        
# units = specified
# name 0 = scan: Scan Count
# name 1 = timeJ: Julian Days
# name 2 = latitude: Latitude [deg]
# name 3 = longitude: Longitude [deg]
# name 4 = dz/dtM: Descent Rate [m/s]
# name 5 = avgsvCM: Average Sound Velocity [Chen-Millero, m/s]
# name 6 = prDM: Pressure, Digiquartz [db]
# name 7 = depSM: Depth [salt water, m]
# name 8 = t090C: Temperature [ITS-90, deg C]
# name 9 = t190C: Temperature, 2 [ITS-90, deg C]
# name 10 = T2-T190C: Temperature Difference, 2 - 1 [ITS-90, deg C]
# name 11 = potemp090C: Potential Temperature [ITS-90, deg C]
# name 12 = potemp190C: Potential Temperature, 2 [ITS-90, deg C]
# name 13 = potemp90Cdiff: Potential Temperature, Diff, 2 - 1 [ITS-90, deg C]
# name 14 = c0S/m: Conductivity [S/m]
# name 15 = c1S/m: Conductivity, 2 [S/m]
# name 16 = C2-C1S/m: Conductivity Difference, 2 - 1 [S/m]
# name 17 = sal00: Salinity, Practical [PSU]
# name 18 = sal11: Salinity, Practical, 2 [PSU]
# name 19 = sbeox0ML/L: Oxygen, SBE 43 [ml/l]
# name 20 = sbeox1ML/L: Oxygen, SBE 43, 2 [ml/l]
# name 21 = sbeox0ML/Ldiff: Oxygen, SBE 43, Diff, 2 - 1 [ml/l]
# name 22 = sigma-้00: Density [sigma-theta, kg/m^3]
# name 23 = sigma-้11: Density, 2 [sigma-theta, kg/m^3]
# name 24 = sal00: Salinity, Practical [PSU]
# name 25 = sigma-้00: Density [sigma-theta, kg/m^3]
# name 26 = svCM: Sound Velocity [Chen-Millero, m/s]
# name 27 = svCM1: Sound Velocity, 2 [Chen-Millero, m/s]
# name 28 = gsw_ptA0: potential temperature [ITS-90, deg C]
# name 29 = gsw_densityA0: density, TEOS-10 [density, kg/m^3]
# name 30 = gsw_saA0: Absolute Salinity [g/kg]
# name 31 = flag:
# span 0 =       2324,      31854       
# span 1 = 292.743725, 292.757965       
# span 2 =  -45.06760,  -45.06752       
# span 3 =  -51.48047,  -51.48040       
# span 4 =      0.026,      1.589       
# span 5 =       0.00,    1482.08       
# span 6 =      4.000,   1040.000       
# span 7 =      3.988,   1028.962       
# span 8 =     2.7172,     7.9407       
# span 9 =     2.7180,     7.9412       
# span 10 =    -0.0106,     0.0201      
# span 11 =     2.6516,     7.9403      
# span 12 =     2.6524,     7.9408      
# span 13 =    -0.0106,     0.0201      
# span 14 =   3.124157,   3.557243      
# span 15 =   3.124652,   3.557755      
# span 16 =  -0.000544,   0.002475      
# span 17 =    34.0593,    34.4762      
# span 18 =    34.0638,    34.4813      
# span 19 =     4.0087,     6.7188      
# span 20 =     3.8332,     6.4747      
# span 21 =    -0.3363,    -0.1654      
# span 22 =    26.6917,    27.4917      
# span 23 =    26.6964,    27.4958      
# span 24 =    34.0493,    34.4762      
# span 25 =    26.6914,    27.4917      
# span 26 =    1469.04,    1483.16      
# span 27 =    1469.05,    1483.17      
# span 28 =     2.6515,     7.9403      
# span 29 =  1026.7116,  1032.3141      
# span 30 =    34.2104,    34.6426      
# span 31 = 0.0000e+00, 0.0000e+00      
# interval = decibars: 1                
# start_time = Oct 19 2019 17:49:21 [NMEA time, header]
# bad_flag = -9.990e-29
*END*
[from data line 408]
      16069 292.750353  -45.06756  -51.48045      0.877    1473.86    412.000    408.246     3.2818     3.2827     0.0009     3.2550     3.2559     0.0009   3.139558   3.140050   0.000494    34.1503    34.1553     5.8421     5.5765    -0.2656    27.1833    27.1872    34.1493    27.1825    1469.25    1469.26     3.2550  1029.1015    34.3114 0.0000e+00
      16111 292.750373  -45.06756  -51.48046      0.581    1473.86    413.000    409.236     3.2770     3.2778     0.0008     3.2502     3.2510     0.0008   3.139197   3.139688   0.000492    34.1504    34.1555     5.8372     5.5777    -0.2595    27.1839    27.1878    34.1494    27.1831    1469.24    1469.25     3.2501  1029.1068    34.3116 0.0000e+00
      16146 292.750390  -45.06756  -51.48045      0.633    1473.86    414.000    410.226     3.2743     3.2753     0.0009     3.2475     3.2484     0.0009   3.139060   3.139543   0.000482    34.1508    34.1556     5.8398     5.5800    -0.2598    27.1844    27.1882    34.1500    27.1838    1469.25    1469.26     3.2474  1029.1122    34.3121 0.0000e+00
      16173 292.750403  -45.06757  -51.48044      0.825    1473.86    415.000    411.216     3.2717     3.2728     0.0010     3.2448     3.2459     0.0010   3.138865   3.139360   0.000496    34.1510    34.1558     5.8366     5.5768    -0.2597    27.1848    27.1886    34.1499    27.1839    1469.25    1469.27     3.2448  1029.1170    34.3120 0.0000e+00
      16197 292.750415  -45.06758  -51.48044      0.967    1473.86    416.000    412.206     3.2675     3.2685     0.0010     3.2406     3.2416     0.0010   3.138628   3.139135   0.000504    34.1516    34.1566     5.8338     5.5789    -0.2549    27.1857    27.1896    34.1509    27.1851    1469.25    1469.26     3.2405  1029.1229    34.3131 0.0000e+00
      16218 292.750425  -45.06758  -51.48044      1.060    1473.86    417.000    413.196     3.2671     3.2681     0.0010     3.2401     3.2411     0.0010   3.138676   3.139165   0.000490    34.1520    34.1568     5.8330     5.5755    -0.2575    27.1861    27.1898    34.1513    27.1855    1469.27    1469.28     3.2401  1029.1279    34.3135 0.0000e+00
      16236 292.750434  -45.06758  -51.48044      1.170    1473.86    418.000    414.186     3.2650     3.2660     0.0010     3.2379     3.2390     0.0010   3.138524   3.139024   0.000502    34.1522    34.1572     5.8294     5.5702    -0.2591    27.1865    27.1903    34.1512    27.1857    1469.28    1469.29     3.2379  1029.1327    34.3134 0.0000e+00
      16253 292.750442  -45.06758  -51.48044      1.327    1473.86    419.000    415.176     3.2617     3.2629     0.0012     3.2345     3.2358     0.0012   3.138333   3.138844   0.000506    34.1527    34.1575     5.8289     5.5713    -0.2576    27.1872    27.1909    34.1518    27.1865    1469.28    1469.29     3.2345  1029.1382    34.3140 0.0000e+00
      16268 292.750449  -45.06757  -51.48044      1.458    1473.86    420.000    416.166     3.2603     3.2613     0.0009     3.2331     3.2341     0.0009   3.138264   3.138779   0.000515    34.1528    34.1580     5.8286     5.5712    -0.2574    27.1874    27.1914    34.1519    27.1866    1469.29    1469.30     3.2331  1029.1430    34.3141 0.0000e+00
      16285 292.750457  -45.06756  -51.48044      1.503    1473.86    421.000    417.155     3.2564     3.2575     0.0011     3.2291     3.2302     0.0011   3.137974   3.138495   0.000522    34.1531    34.1582     5.8247     5.5727    -0.2519    27.1879    27.1919    34.1521    27.1872    1469.29    1469.30     3.2291  1029.1482    34.3143 0.0000e+00
      16306 292.750467  -45.06756  -51.48046      1.357    1473.86    422.000    418.145     3.2520     3.2529     0.0009     3.2247     3.2256     0.0009   3.137672   3.138172   0.000503    34.1536    34.1587     5.8230     5.5698    -0.2532    27.1888    27.1928    34.1524    27.1878    1469.29    1469.30     3.2247  1029.1535    34.3146 0.0000e+00
      16333 292.750480  -45.06756  -51.48045      1.002    1473.86    423.000    419.135     3.2446     3.2457     0.0010     3.2173     3.2183     0.0010   3.137171   3.137671   0.000496    34.1547    34.1597     5.8174     5.5593    -0.2580    27.1904    27.1942    34.1536    27.1895    1469.27    1469.28     3.2172  1029.1599    34.3158 0.0000e+00
      16362 292.750494  -45.06756  -51.48044      0.808    1473.86    424.000    420.125     3.2431     3.2442     0.0011     3.2157     3.2168     0.0011   3.137145   3.137656   0.000511    34.1553    34.1603     5.8053     5.5546    -0.2508    27.1910    27.1949    34.1544    27.1903    1469.29    1469.30     3.2156  1029.1654    34.3166 0.0000e+00
      16386 292.750506  -45.06756  -51.48044      0.896    1473.86    425.000    421.115     3.2384     3.2396     0.0012     3.2109     3.2121     0.0012   3.136808   3.137315   0.000504    34.1560    34.1609     5.8041     5.5523    -0.2518    27.1920    27.1957    34.1548    27.1910    1469.28    1469.29     3.2109  1029.1708    34.3170 0.0000e+00
      16404 292.750515  -45.06756  -51.48044      1.110    1473.86    426.000    422.105     3.2341     3.2352     0.0011     3.2066     3.2076     0.0010   3.136557   3.137049   0.000497    34.1567    34.1616     5.7983     5.5457    -0.2526    27.1929    27.1967    34.1557    27.1922    1469.28    1469.29     3.2065  1029.1766    34.3179 0.0000e+00
      16421 292.750523  -45.06756  -51.48044      1.311    1473.86    427.000    423.094     3.2325     3.2336     0.0010     3.2050     3.2060     0.0010   3.136474   3.136965   0.000489    34.1568    34.1615     5.7868     5.5340    -0.2528    27.1931    27.1969    34.1558    27.1924    1469.29    1469.30     3.2049  1029.1815    34.3180 0.0000e+00
      16436 292.750530  -45.06757  -51.48044      1.457    1473.86    428.000    424.084     3.2313     3.2323     0.0010     3.2036     3.2047     0.0010   3.136457   3.136947   0.000493    34.1572    34.1621     5.7777     5.5240    -0.2538    27.1936    27.1974    34.1564    27.1930    1469.30    1469.31     3.2036  1029.1867    34.3186 0.0000e+00
      16451 292.750537  -45.06758  -51.48044      1.535    1473.86    429.000    425.074     3.2303     3.2313     0.0010     3.2026     3.2036     0.0010   3.136424   3.136921   0.000495    34.1572    34.1621     5.7737     5.5215    -0.2521    27.1937    27.1976    34.1565    27.1931    1469.31    1469.32     3.2025  1029.1915    34.3187 0.0000e+00
      16468 292.750545  -45.06758  -51.48044      1.547    1473.86    430.000    426.064     3.2303     3.2314     0.0011     3.2026     3.2036     0.0011   3.136486   3.136994   0.000510    34.1573    34.1623     5.7727     5.5236    -0.2491    27.1938    27.1977    34.1567    27.1933    1469.33    1469.34     3.2025  1029.1963    34.3189 0.0000e+00
      16489 292.750555  -45.06758  -51.48044      1.361    1473.86    431.000    427.054     3.2295     3.2306     0.0011     3.2017     3.2027     0.0011   3.136471   3.136970   0.000497    34.1575    34.1624     5.7683     5.5220    -0.2463    27.1940    27.1978    34.1568    27.1935    1469.35    1469.36     3.2016  1029.2012    34.3191 0.0000e+00
      16522 292.750571  -45.06757  -51.48044      0.830    1473.86    432.000    428.044     3.2285     3.2296     0.0011     3.2006     3.2016     0.0011   3.136437   3.136934   0.000494    34.1576    34.1624     5.7694     5.5154    -0.2541    27.1942    27.1979    34.1570    27.1937    1469.36    1469.37     3.2005  1029.2060    34.3192 0.0000e+00
      16557 292.750588  -45.06756  -51.48044      0.665    1473.86    433.000    429.033     3.2260     3.2271     0.0011     3.1981     3.1992     0.0011   3.136288   3.136783   0.000498    34.1578    34.1626     5.7689     5.5140    -0.2549    27.1946    27.1984    34.1572    27.1941    1469.36    1469.37     3.1980  1029.2111    34.3194 0.0000e+00
      16585 292.750602  -45.06756  -51.48045      0.802    1473.86    434.000    430.023     3.2235     3.2245     0.0011     3.1954     3.1965     0.0011   3.136143   3.136637   0.000493    34.1583    34.1631     5.7612     5.5152    -0.2460    27.1952    27.1990    34.1576    27.1947    1469.37    1469.38     3.1954  1029.2164    34.3198 0.0000e+00
      16609 292.750613  -45.06756  -51.48046      0.935    1473.86    435.000    431.013     3.2222     3.2233     0.0011     3.1941     3.1952     0.0011   3.136107   3.136608   0.000499    34.1585    34.1634     5.7635     5.5181    -0.2454    27.1956    27.1994    34.1580    27.1951    1469.38    1469.39     3.1940  1029.2214    34.3202 0.0000e+00
      16634 292.750626  -45.06756  -51.48044      0.972    1473.86    436.000    432.003     3.2206     3.2217     0.0011     3.1924     3.1935     0.0011   3.136022   3.136520   0.000498    34.1587    34.1635     5.7640     5.5119    -0.2521    27.1958    27.1996    34.1581    27.1954    1469.39    1469.40     3.1924  1029.2263    34.3203 0.0000e+00
      16659 292.750638  -45.06756  -51.48044      0.948    1473.47    437.000    432.992     3.2186     3.2198     0.0012     3.1904     3.1915     0.0011   3.135916   3.136413   0.000498    34.1589    34.1637     5.7594     5.5091    -0.2503    27.1962    27.1999    34.1584    27.1958    1469.40    1469.41     3.1903  1029.2314    34.3206 0.0000e+00
      16681 292.750648  -45.06756  -51.48044      1.005    1473.23    438.000    433.982     3.2154     3.2164     0.0010     3.1871     3.1881     0.0010   3.135655   3.136151   0.000495    34.1589    34.1639     5.7595     5.4980    -0.2615    27.1966    27.2004    34.1580    27.1958    1469.40    1469.41     3.1871  1029.2361    34.3203 0.0000e+00
      16700 292.750657  -45.06756  -51.48044      1.144    1473.23    439.000    434.972     3.2088     3.2097     0.0009     3.1804     3.1813     0.0009   3.135193   3.135673   0.000482    34.1603    34.1652     5.7588     5.4944    -0.2644    27.1982    27.2020    34.1589    27.1972    1469.39    1469.40     3.1804  1029.2421    34.3212 0.0000e+00
      16717 292.750665  -45.06756  -51.48044      1.303    1473.23    440.000    435.962     3.1973     3.1981     0.0007     3.1690     3.1697     0.0007   3.134362   3.134835   0.000474    34.1622    34.1672     5.7550     5.4904    -0.2646    27.2008    27.2047    34.1604    27.1994    1469.36    1469.37     3.1689  1029.2491    34.3226 0.0000e+00
      16732 292.750673  -45.06758  -51.48044      1.437    1473.23    441.000    436.952     3.1932     3.1945     0.0013     3.1648     3.1661     0.0013   3.134197   3.134707   0.000509    34.1632    34.1680     5.7497     5.4881    -0.2616    27.2020    27.2057    34.1622    27.2012    1469.36    1469.37     3.1647  1029.2557    34.3245 0.0000e+00
      16750 292.750681  -45.06758  -51.48044      1.478    1473.23    442.000    437.941     3.1930     3.1941     0.0011     3.1645     3.1656     0.0011   3.134215   3.134713   0.000498    34.1631    34.1679     5.7446     5.4882    -0.2564    27.2019    27.2057    34.1621    27.2012    1469.38    1469.39     3.1645  1029.2603    34.3244 0.0000e+00
      16773 292.750693  -45.06757  -51.48044      1.243    1473.23    443.000    438.931     3.1921     3.1933     0.0012     3.1635     3.1648     0.0012   3.134192   3.134694   0.000503    34.1631    34.1678     5.7365     5.4871    -0.2494    27.2020    27.2057    34.1623    27.2014    1469.39    1469.40     3.1635  1029.2651    34.3245 0.0000e+00
      16810 292.750711  -45.06756  -51.48044      0.685    1473.23    444.000    439.921     3.1915     3.1926     0.0011     3.1629     3.1640     0.0011   3.134190   3.134684   0.000493    34.1630    34.1678     5.7174     5.4679    -0.2495    27.2020    27.2057    34.1623    27.2015    1469.40    1469.41     3.1628  1029.2698    34.3246 0.0000e+00
      16846 292.750728  -45.06756  -51.48044      0.644    1473.23    445.000    440.911     3.1905     3.1916     0.0011     3.1619     3.1629     0.0010   3.134169   3.134662   0.000490    34.1631    34.1679     5.7196     5.4602    -0.2594    27.2022    27.2059    34.1625    27.2017    1469.42    1469.43     3.1618  1029.2748    34.3248 0.0000e+00
      16871 292.750740  -45.06756  -51.48044      0.844    1473.23    446.000    441.900     3.1881     3.1894     0.0013     3.1594     3.1607     0.0013   3.133990   3.134499   0.000512    34.1634    34.1682     5.7172     5.4648    -0.2524    27.2027    27.2063    34.1624    27.2019    1469.42    1469.44     3.1593  1029.2795    34.3247 0.0000e+00
      16893 292.750750  -45.06756  -51.48044      1.022    1473.23    447.000    442.890     3.1822     3.1833     0.0011     3.1534     3.1545     0.0011   3.133619   3.134124   0.000505    34.1645    34.1694     5.7219     5.4654    -0.2564    27.2041    27.2079    34.1636    27.2034    1469.41    1469.43     3.1534  1029.2858    34.3259 0.0000e+00
      16914 292.750760  -45.06756  -51.48044      1.119    1473.23    448.000    443.880     3.1773     3.1785     0.0012     3.1485     3.1497     0.0012   3.133201   3.133696   0.000500    34.1648    34.1695     5.7186     5.4652    -0.2534    27.2048    27.2084    34.1631    27.2035    1469.41    1469.42     3.1484  1029.2905    34.3254 0.0000e+00
      16933 292.750770  -45.06756  -51.48044      1.181    1473.23    449.000    444.870     3.1678     3.1690     0.0012     3.1389     3.1401     0.0012   3.132464   3.132964   0.000495    34.1649    34.1697     5.7098     5.4642    -0.2455    27.2058    27.2095    34.1637    27.2048    1469.39    1469.40     3.1389  1029.2966    34.3260 0.0000e+00
      16952 292.750779  -45.06756  -51.48044      1.239    1473.23    450.000    445.859     3.1664     3.1675     0.0011     3.1375     3.1385     0.0011   3.132436   3.132937   0.000503    34.1653    34.1702     5.7058     5.4551    -0.2507    27.2062    27.2100    34.1643    27.2054    1469.40    1469.41     3.1374  1029.3019    34.3267 0.0000e+00
      16972 292.750788  -45.06756  -51.48044      1.248    1473.23    451.000    446.849     3.1646     3.1656     0.0010     3.1356     3.1366     0.0010   3.132370   3.132863   0.000494    34.1658    34.1706     5.6981     5.4451    -0.2529    27.2067    27.2106    34.1649    27.2061    1469.41    1469.42     3.1356  1029.3072    34.3272 0.0000e+00
      16994 292.750799  -45.06756  -51.48044      1.174    1473.23    452.000    447.839     3.1639     3.1651     0.0012     3.1348     3.1360     0.0012   3.132400   3.132903   0.000499    34.1662    34.1710     5.6955     5.4373    -0.2582    27.2072    27.2109    34.1655    27.2066    1469.42    1469.43     3.1348  1029.3123    34.3278 0.0000e+00
      17020 292.750812  -45.06756  -51.48044      0.988    1473.23    453.000    448.828     3.1630     3.1643     0.0012     3.1339     3.1352     0.0012   3.132412   3.132911   0.000500    34.1666    34.1714     5.6950     5.4414    -0.2535    27.2076    27.2113    34.1660    27.2071    1469.44    1469.45     3.1339  1029.3175    34.3283 0.0000e+00
      17055 292.750828  -45.06756  -51.48044      0.747    1473.23    454.000    449.818     3.1591     3.1600     0.0009     3.1300     3.1309     0.0009   3.132104   3.132584   0.000482    34.1666    34.1715     5.6921     5.4413    -0.2508    27.2080    27.2118    34.1658    27.2073    1469.44    1469.45     3.1299  1029.3224    34.3281 0.0000e+00
      17095 292.750848  -45.06756  -51.48044      0.584    1473.23    455.000    450.808     3.1576     3.1587     0.0011     3.1284     3.1295     0.0011   3.132110   3.132608   0.000498    34.1675    34.1724     5.6805     5.4409    -0.2396    27.2088    27.2126    34.1670    27.2084    1469.45    1469.46     3.1283  1029.3281    34.3293 0.0000e+00
      17128 292.750864  -45.06756  -51.48043      0.684    1473.23    456.000    451.797     3.1563     3.1574     0.0011     3.1270     3.1281     0.0011   3.132113   3.132623   0.000510    34.1683    34.1733     5.6765     5.4359    -0.2407    27.2096    27.2135    34.1678    27.2092    1469.46    1469.47     3.1270  1029.3336    34.3302 0.0000e+00
