Pos-Processados/pos_process38/Dados/doperantar38_002.cnv
* Sea-Bird SBE 9 Data File:
* FileName = D:\OPERANTAR_XXXVIII\DADOS\OP38_002.hdr
* Software Version Seasave V 7.12
* Temperature SN = 4808
* Conductivity SN = 3380
* Number of Bytes Per Scan = 31
* Number of Voltage Words = 2
* Number of Scans Averaged by the Deck Unit = 1
* NMEA Latitude = 38 26.99 S
* NMEA Longitude = 052 53.48 W
* NMEA UTC (Time) = Jan 16 2019 21:21:57
** H41
** NAVIO POLAR ALMIRANTE MAXIMIANO
** CRUZEIRO:
** OPERANTAR XXXVIII
** ESTAวรO: 002
** LAT 38บ 26,99'S
** LONG 052บ 53,46'W
** 09P73767-1155
** PROFUNDIDADE: 4158 m
** DATA/HORA: 162121Z/OUT/2019
** OPERADOR: SO-HN CHAVES
# nquan = 32
# nvalues = 1039                        
# units = specified
# name 0 = scan: Scan Count
# name 1 = timeJ: Julian Days
# name 2 = latitude: Latitude [deg]
# name 3 = longitude: Longitude [deg]
# name 4 = dz/dtM: Descent Rate [m/s]
# name 5 = avgsvCM: Average Sound Velocity [Chen-Millero, m/s]
# name 6 = prDM: Pressure, Digiquartz [db]
# name 7 = depSM: Depth [salt water, m]
# name 8 = t090C: Temperature [ITS-90, deg C]
# name 9 = t190C: Temperature, 2 [ITS-90, deg C]
# name 10 = T2-T190C: Temperature Difference, 2 - 1 [ITS-90, deg C]
# name 11 = potemp090C: Potential Temperature [ITS-90, deg C]
# name 12 = potemp190C: Potential Temperature, 2 [ITS-90, deg C]
# name 13 = potemp90Cdiff: Potential Temperature, Diff, 2 - 1 [ITS-90, deg C]
# name 14 = c0S/m: Conductivity [S/m]
# name 15 = c1S/m: Conductivity, 2 [S/m]
# name 16 = C2-C1S/m: Conductivity Difference, 2 - 1 [S/m]
# name 17 = sal00: Salinity, Practical [PSU]
# name 18 = sal11: Salinity, Practical, 2 [PSU]
# name 19 = sbeox0ML/L: Oxygen, SBE 43 [ml/l]
# name 20 = sbeox1ML/L: Oxygen, SBE 43, 2 [ml/l]
# name 21 = sbeox0ML/Ldiff: Oxygen, SBE 43, Diff, 2 - 1 [ml/l]
# name 22 = sigma-้00: Density [sigma-theta, kg/m^3]
# name 23 = sigma-้11: Density, 2 [sigma-theta, kg/m^3]
# name 24 = sal00: Salinity, Practical [PSU]
# name 25 = sigma-้00: Density [sigma-theta, kg/m^3]
# name 26 = svCM: Sound Velocity [Chen-Millero, m/s]
# name 27 = svCM1: Sound Velocity, 2 [Chen-Millero, m/s]
# name 28 = gsw_ptA0: potential temperature [ITS-90, deg C]
# name 29 = gsw_densityA0: density, TEOS-10 [density, kg/m^3]
# name 30 = gsw_saA0: Absolute Salinity [g/kg]
# name 31 = flag:
# span 0 =       2490,      35384       
# span 1 =  16.891444,  16.907306       
# span 2 =  -38.44988,  -38.44984       
# span 3 =  -52.89136,  -52.89132       
# span 4 =      0.077,      1.603       
# span 5 =      -0.01,    1558.04       
# span 6 =      8.000,   1046.000       
# span 7 =      7.937,   1035.498       
# span 8 =     4.1705,    15.9893       
# span 9 =     4.1707,    15.9897       
# span 10 =    -0.0167,     0.0222      
# span 11 =     4.0901,    15.9677      
# span 12 =     4.0902,    15.9680      
# span 13 =    -0.0167,     0.0221      
# span 14 =   3.252788,   4.494979      
# span 15 =   3.253184,   4.495708      
# span 16 =  -0.001217,   0.002942      
# span 17 =    34.1933,    35.8894      
# span 18 =    34.1976,    35.8954      
# span 19 =     4.6529,     5.8123      
# span 20 =     4.4460,     5.5444      
# span 21 =    -0.3054,    -0.1664      
# span 22 =    26.2822,    27.1745      
# span 23 =    26.2870,    27.1782      
# span 24 =    34.1914,    35.8896      
# span 25 =    26.2822,    27.1742      
# span 26 =    1482.69,    1513.45      
# span 27 =    1482.70,    1513.45      
# span 28 =     4.0899,    15.9677      
# span 29 =  1026.3218,  1031.9848      
# span 30 =    34.3537,    36.0591      
# span 31 = 0.0000e+00, 0.0000e+00      
# interval = decibars: 1                
# start_time = Jan 16 2019 21:21:57 [NMEA time, header]
# bad_flag = -9.990e-29
*END*
[from data line 136]
       8696  16.894436  -38.44986  -52.89134      0.797    1511.14    144.000    142.867    15.9711    15.9715     0.0005    15.9482    15.9486     0.0005   4.493111   4.493815   0.000710    35.8864    35.8924     5.1414     4.9246    -0.2168    26.4417    26.4462    35.8862    26.4415    1513.12    1513.12    15.9482  1027.0758    36.0557 0.0000e+00
       8722  16.894449  -38.44986  -52.89134      0.915    1511.14    145.000    143.858    15.9680    15.9682     0.0002    15.9450    15.9452     0.0002   4.492782   4.493454   0.000674    35.8859    35.8917     5.1366     4.9342    -0.2024    26.4420    26.4465    35.8856    26.4418    1513.12    1513.13    15.9450  1027.0804    36.0551 0.0000e+00
       8751  16.894463  -38.44986  -52.89134      0.881    1511.14    146.000    144.850    15.9669    15.9673     0.0004    15.9436    15.9441     0.0004   4.492690   4.493395   0.000701    35.8856    35.8915     5.1389     4.9420    -0.1970    26.4421    26.4466    35.8854    26.4420    1513.13    1513.14    15.9437  1027.0850    36.0549 0.0000e+00
       8785  16.894479  -38.44986  -52.89134      0.744    1511.14    147.000    145.842    15.9664    15.9667     0.0003    15.9430    15.9433     0.0003   4.492661   4.493362   0.000701    35.8854    35.8914     5.1506     4.9340    -0.2166    26.4421    26.4467    35.8852    26.4419    1513.15    1513.16    15.9430  1027.0893    36.0547 0.0000e+00
       8867  16.894519  -38.44986  -52.89134      0.306    1511.14    148.000    146.839    15.9638    15.9643     0.0005    15.9403    15.9408     0.0005   4.492403   4.493131   0.000727    35.8850    35.8910     5.1540     4.9245    -0.2295    26.4424    26.4469    35.8848    26.4423    1513.16    1513.17    15.9403  1027.0940    36.0544 0.0000e+00
       8944  16.894556  -38.44986  -52.89134      0.523    1511.14    149.000    147.826    15.9624    15.9631     0.0007    15.9387    15.9394     0.0007   4.492254   4.492999   0.000746    35.8846    35.8907     5.1523     4.9415    -0.2107    26.4425    26.4470    35.8843    26.4423    1513.17    1513.18    15.9387  1027.0984    36.0539 0.0000e+00
       8966  16.894567  -38.44986  -52.89134      0.854    1511.14    150.000    148.817    15.9602    15.9607     0.0005    15.9364    15.9369     0.0005   4.492077   4.492788   0.000711    35.8845    35.8904     5.1497     4.9419    -0.2078    26.4429    26.4473    35.8843    26.4428    1513.18    1513.19    15.9364  1027.1033    36.0538 0.0000e+00
       8987  16.894577  -38.44986  -52.89134      1.051    1511.52    151.000    149.809    15.9596    15.9602     0.0007    15.9356    15.9362     0.0007   4.492015   4.492746   0.000732    35.8842    35.8901     5.1506     4.9331    -0.2175    26.4429    26.4473    35.8840    26.4427    1513.19    1513.20    15.9356  1027.1076    36.0535 0.0000e+00
       9007  16.894586  -38.44986  -52.89134      1.168    1511.58    152.000    150.801    15.9581    15.9587     0.0006    15.9339    15.9346     0.0006   4.491896   4.492625   0.000729    35.8843    35.8902     5.1481     4.9373    -0.2108    26.4433    26.4478    35.8839    26.4430    1513.21    1513.22    15.9339  1027.1122    36.0534 0.0000e+00
       9029  16.894597  -38.44986  -52.89134      1.170    1511.58    153.000    151.793    15.9542    15.9547     0.0004    15.9300    15.9304     0.0004   4.491511   4.492215   0.000708    35.8837    35.8897     5.1469     4.9400    -0.2068    26.4438    26.4483    35.8835    26.4436    1513.21    1513.22    15.9300  1027.1172    36.0530 0.0000e+00
       9098  16.894630  -38.44987  -52.89134      0.612    1511.58    154.000    152.798    15.9546    15.9551     0.0005    15.9301    15.9306     0.0005   4.491647   4.492363   0.000719    35.8841    35.8901     5.1483     4.9304    -0.2179    26.4440    26.4486    35.8839    26.4439    1513.23    1513.24    15.9302  1027.1219    36.0534 0.0000e+00
       9181  16.894670  -38.44986 -9.990e-29      0.622    1511.58    155.000    153.776    15.9544    15.9548     0.0004    15.9298    15.9302     0.0004   4.491623   4.492340   0.000708    35.8840    35.8899     5.1469     4.9261    -0.2208    26.4440    26.4485    35.8835    26.4437    1513.24    1513.25    15.9298  1027.1259    36.0529 0.0000e+00
       9201  16.894680  -38.44986 -9.990e-29      0.985    1511.58    156.000    154.767    15.9483    15.9484     0.0001    15.9235    15.9237     0.0001   4.490858   4.491524   0.000676    35.8823    35.8883     5.1423     4.9178    -0.2245    26.4442    26.4488    35.8818    26.4438    1513.24    1513.25    15.9236  1027.1304    36.0512 0.0000e+00
       9221  16.894689  -38.44984  -52.89134      1.172    1511.58    157.000    155.760    15.9450    15.9453     0.0003    15.9200    15.9204     0.0003   4.490496   4.491182   0.000686    35.8818    35.8876     5.1299     4.9173    -0.2126    26.4446    26.4490    35.8811    26.4441    1513.25    1513.25    15.9201  1027.1351    36.0506 0.0000e+00
       9243  16.894700  -38.44984  -52.89134      1.155    1511.58    158.000    156.751    15.9271    15.9283     0.0011    15.9021    15.9032     0.0011   4.487705   4.488523   0.000791    35.8763    35.8824     5.1301     4.9127    -0.2173    26.4445    26.4489    35.8719    26.4411    1513.20    1513.21    15.9021  1027.1367    36.0414 0.0000e+00
       9269  16.894713  -38.44986  -52.89134      1.000    1511.58    159.000    157.743    15.8900    15.8912     0.0013    15.8648    15.8660     0.0013   4.483231   4.484049   0.000837    35.8679    35.8743     5.1402     4.9037    -0.2365    26.4466    26.4512    35.8651    26.4444    1513.09    1513.10    15.8648  1027.1444    36.0345 0.0000e+00
       9296  16.894726  -38.44986  -52.89134      0.899    1511.58    160.000    158.735    15.8740    15.8741     0.0000    15.8487    15.8488     0.0000   4.481241   4.481906   0.000662    35.8639    35.8698     5.1467     4.9016    -0.2450    26.4471    26.4517    35.8613    26.4452    1513.05    1513.06    15.8487  1027.1496    36.0307 0.0000e+00
       9328  16.894741  -38.44986  -52.89134      0.808    1511.58    161.000    159.727    15.8655    15.8664     0.0008    15.8400    15.8409     0.0008   4.480269   4.481052   0.000788    35.8617    35.8680     5.1584     4.9342    -0.2241    26.4474    26.4521    35.8599    26.4460    1513.04    1513.05    15.8401  1027.1549    36.0293 0.0000e+00
       9368  16.894760  -38.44986  -52.89134      0.612    1511.58    162.000    160.718    15.8579    15.8589     0.0010    15.8322    15.8332     0.0010   4.479276   4.480059   0.000780    35.8595    35.8655     5.1689     4.9568    -0.2121    26.4475    26.4520    35.8575    26.4460    1513.03    1513.04    15.8322  1027.1593    36.0269 0.0000e+00
       9409  16.894780  -38.44986  -52.89132      0.580    1511.58    163.000    161.707    15.8518    15.8524     0.0006    15.8261    15.8266     0.0006   4.478613   4.479362   0.000755    35.8578    35.8641     5.1770     4.9476    -0.2294    26.4477    26.4524    35.8566    26.4468    1513.03    1513.04    15.8261  1027.1644    36.0260 0.0000e+00
       9466  16.894808  -38.44986  -52.89134      0.402    1511.58    164.000    162.702    15.8513    15.8518     0.0005    15.8254    15.8259     0.0005   4.478605   4.479328   0.000723    35.8576    35.8636     5.1774     4.9540    -0.2234    26.4477    26.4522    35.8566    26.4469    1513.05    1513.06    15.8253  1027.1689    36.0261 0.0000e+00
       9514  16.894830  -38.44986  -52.89134      0.487    1511.58    165.000    163.693    15.8505    15.8510     0.0004    15.8245    15.8249     0.0004   4.478568   4.479290   0.000721    35.8572    35.8633     5.1691     4.9631    -0.2060    26.4476    26.4522    35.8566    26.4471    1513.06    1513.07    15.8245  1027.1735    36.0260 0.0000e+00
       9535  16.894841  -38.44986  -52.89134      0.864    1511.58    166.000    164.685    15.8508    15.8512     0.0005    15.8245    15.8250     0.0005   4.478687   4.479385   0.000705    35.8574    35.8633     5.1872     4.9635    -0.2238    26.4477    26.4521    35.8570    26.4474    1513.08    1513.08    15.8245  1027.1782    36.0265 0.0000e+00
       9552  16.894849  -38.44984  -52.89134      1.170    1511.58    167.000    165.677    15.8521    15.8526     0.0005    15.8257    15.8262     0.0005   4.478898   4.479591   0.000706    35.8576    35.8635     5.1879     4.9631    -0.2247    26.4476    26.4520    35.8573    26.4474    1513.10    1513.11    15.8257  1027.1825    36.0268 0.0000e+00
       9568  16.894857  -38.44984  -52.89134      1.368    1511.58    168.000    166.669    15.8531    15.8531     0.0000    15.8266    15.8266     0.0000   4.479043   4.479700   0.000647    35.8578    35.8635     5.1811     4.9583    -0.2228    26.4475    26.4520    35.8573    26.4471    1513.12    1513.12    15.8266  1027.1866    36.0267 0.0000e+00
       9584  16.894865  -38.44984  -52.89134      1.469    1511.58    169.000    167.660    15.8523    15.8528     0.0005    15.8256    15.8260     0.0005   4.479010   4.479719   0.000708    35.8577    35.8636     5.1726     4.9516    -0.2210    26.4477    26.4522    35.8573    26.4474    1513.13    1513.14    15.8256  1027.1912    36.0267 0.0000e+00
       9604  16.894874  -38.44986  -52.89134      1.423    1511.58    170.000    168.651    15.8516    15.8521     0.0005    15.8247    15.8252     0.0005   4.478963   4.479674   0.000711    35.8576    35.8636     5.1732     4.9488    -0.2244    26.4478    26.4523    35.8571    26.4475    1513.15    1513.16    15.8247  1027.1957    36.0266 0.0000e+00
       9648  16.894895  -38.44986  -52.89134      0.641    1511.58    171.000    169.643    15.8505    15.8507     0.0002    15.8234    15.8236     0.0002   4.478906   4.479600   0.000694    35.8576    35.8636     5.1892     4.9623    -0.2270    26.4481    26.4527    35.8573    26.4479    1513.16    1513.17    15.8234  1027.2005    36.0267 0.0000e+00
       9709  16.894925  -38.44987  -52.89133      0.386    1511.58    172.000    170.635    15.8529    15.8531     0.0003    15.8256    15.8259     0.0003   4.479355   4.480056   0.000700    35.8588    35.8648     5.1836     4.9712    -0.2123    26.4485    26.4531    35.8587    26.4485    1513.18    1513.19    15.8257  1027.2054    36.0282 0.0000e+00
       9757  16.894948  -38.44986  -52.89134      0.502    1511.58    173.000    171.630    15.8557    15.8559     0.0001    15.8283    15.8285     0.0001   4.479850   4.480518   0.000670    35.8599    35.8658     5.1872     4.9742    -0.2130    26.4488    26.4533    35.8602    26.4490    1513.21    1513.22    15.8283  1027.2103    36.0296 0.0000e+00
       9788  16.894963  -38.44986  -52.89134      0.693    1511.58    174.000    172.618    15.8606    15.8610     0.0003    15.8331    15.8334     0.0003   4.480551   4.481253   0.000701    35.8614    35.8674     5.1833     4.9887    -0.1946    26.4489    26.4534    35.8616    26.4490    1513.25    1513.25    15.8331  1027.2147    36.0311 0.0000e+00
       9811  16.894974  -38.44986  -52.89134      0.927    1511.58    175.000    173.610    15.8608    15.8612     0.0004    15.8331    15.8335     0.0004   4.480656   4.481344   0.000687    35.8617    35.8675     5.1827     4.9656    -0.2171    26.4490    26.4534    35.8620    26.4493    1513.26    1513.27    15.8331  1027.2193    36.0314 0.0000e+00
       9831  16.894984  -38.44986  -52.89134      1.100    1511.58    176.000    174.602    15.8622    15.8631     0.0010    15.8343    15.8352     0.0010   4.480845   4.481589   0.000728    35.8620    35.8677     5.1971     4.9629    -0.2342    26.4490    26.4532    35.8620    26.4491    1513.28    1513.29    15.8343  1027.2234    36.0315 0.0000e+00
       9853  16.894994  -38.44986  -52.89134      1.142    1511.58    177.000    175.593    15.8612    15.8622     0.0010    15.8332    15.8342     0.0010   4.480765   4.481518   0.000765    35.8617    35.8677     5.1969     4.9701    -0.2268    26.4491    26.4534    35.8618    26.4491    1513.30    1513.31    15.8332  1027.2279    36.0313 0.0000e+00
       9884  16.895009  -38.44986  -52.89134      0.876    1511.58    178.000    176.585    15.8610    15.8612     0.0002    15.8329    15.8330     0.0002   4.480786   4.481463   0.000677    35.8617    35.8676     5.1960     4.9783    -0.2177    26.4491    26.4536    35.8617    26.4491    1513.31    1513.32    15.8329  1027.2322    36.0312 0.0000e+00
       9924  16.895028  -38.44986  -52.89134      0.587    1511.58    179.000    177.577    15.8617    15.8621     0.0004    15.8334    15.8338     0.0004   4.480914   4.481638   0.000723    35.8617    35.8679     5.1966     4.9858    -0.2108    26.4490    26.4537    35.8618    26.4491    1513.33    1513.34    15.8334  1027.2366    36.0313 0.0000e+00
       9955  16.895043  -38.44986  -52.89133      0.717    1511.58    180.000    178.568    15.8608    15.8610     0.0002    15.8323    15.8325     0.0002   4.480775   4.481448   0.000675    35.8614    35.8672     5.1934     4.9873    -0.2060    26.4490    26.4535    35.8610    26.4487    1513.34    1513.35    15.8324  1027.2406    36.0305 0.0000e+00
       9980  16.895056  -38.44986  -52.89132      0.890    1511.58    181.000    179.560    15.8557    15.8555    -0.0001    15.8270    15.8269    -0.0001   4.480072   4.480709   0.000636    35.8599    35.8658     5.1947     4.9887    -0.2060    26.4491    26.4536    35.8590    26.4484    1513.34    1513.35    15.8270  1027.2446    36.0284 0.0000e+00
      10010  16.895070  -38.44986  -52.89133      0.868    1511.58    182.000    180.552    15.8437    15.8447     0.0010    15.8149    15.8159     0.0010   4.478591   4.479394   0.000798    35.8570    35.8633     5.1929     4.9844    -0.2085    26.4496    26.4542    35.8562    26.4490    1513.32    1513.33    15.8149  1027.2496    36.0256 0.0000e+00
      10066  16.895097  -38.44986  -52.89134      0.411    1511.58    183.000    181.541    15.8396    15.8400     0.0004    15.8106    15.8110     0.0004   4.478175   4.478886   0.000716    35.8561    35.8621     5.1773     4.9698    -0.2075    26.4499    26.4544    35.8558    26.4496    1513.32    1513.33    15.8106  1027.2547    36.0252 0.0000e+00
      10120  16.895123  -38.44986  -52.89134      0.456    1511.58    184.000    182.538    15.8386    15.8389     0.0004    15.8095    15.8098     0.0004   4.478090   4.478795   0.000714    35.8556    35.8617     5.1731     4.9607    -0.2124    26.4498    26.4544    35.8555    26.4497    1513.34    1513.34    15.8095  1027.2591    36.0250 0.0000e+00
      10145  16.895135  -38.44986  -52.89134      0.786    1511.58    185.000    183.526    15.8476    15.8472    -0.0004    15.8183    15.8179    -0.0004   4.479486   4.480127   0.000627    35.8584    35.8644     5.1764     4.9596    -0.2168    26.4499    26.4546    35.8594    26.4507    1513.38    1513.39    15.8184  1027.2644    36.0289 0.0000e+00
      10165  16.895145  -38.44986  -52.89134      1.037    1511.58    186.000    184.518    15.8502    15.8509     0.0006    15.8208    15.8215     0.0006   4.479723   4.480419   0.000718    35.8589    35.8648     5.1758     4.9563    -0.2195    26.4498    26.4541    35.8588    26.4496    1513.41    1513.42    15.8208  1027.2677    36.0282 0.0000e+00
      10185  16.895154  -38.44986  -52.89134      1.172    1511.58    187.000    185.509    15.8474    15.8477     0.0003    15.8178    15.8181     0.0003   4.479400   4.480133   0.000708    35.8582    35.8643     5.1762     4.9549    -0.2212    26.4499    26.4545    35.8580    26.4497    1513.41    1513.42    15.8179  1027.2722    36.0275 0.0000e+00
      10206  16.895165  -38.44986  -52.89134      1.188    1511.58    188.000    186.501    15.8468    15.8475     0.0007    15.8170    15.8177     0.0007   4.479393   4.480124   0.000733    35.8582    35.8641     5.1799     4.9608    -0.2191    26.4500    26.4545    35.8581    26.4500    1513.43    1513.44    15.8170  1027.2769    36.0276 0.0000e+00
