Pos-Processados/pos_process38/Dados/doperantar38_021.cnv
* Sea-Bird SBE 9 Data File:
* FileName = D:\OPERANTAR_XXXVIII\DADOS\OP38_021.hdr
* Software Version Seasave V 7.18c
* Temperature SN = 4808
* Conductivity SN = 3380
* Number of Bytes Per Scan = 34
* Number of Voltage Words = 3
* Number of Scans Averaged by the Deck Unit = 1
* NMEA Latitude = 62 13.30 S
* NMEA Longitude = 058 22.74 W
* NMEA UTC (Time) = Nov 22 2019 13:35:38
** H41
** NAVIO POLAR ALMIRANTE MAXIMIANO
** CRUZEIRO:
** OPERANTAR XXXVIII
** ESTAÇÃO: OP38_021
** LAT 62 13,29'S
** LONG 058 22,75'W
** 09P73767-1155_A
** PROFUNDIDADE: 271
** DATA/HORA: 221336Z/NOV/2019
** OPERADOR: SO-HN CHAVES
# nquan = 33
# nvalues = 231                         
# units = specified
# name 0 = scan: Scan Count
# name 1 = timeJ: Julian Days
# name 2 = latitude: Latitude [deg]
# name 3 = longitude: Longitude [deg]
# name 4 = dz/dtM: Descent Rate [m/s]
# name 5 = avgsvCM: Average Sound Velocity [Chen-Millero, m/s]
# name 6 = prDM: Pressure, Digiquartz [db]
# name 7 = depSM: Depth [salt water, m]
# name 8 = t090C: Temperature [ITS-90, deg C]
# name 9 = t190C: Temperature, 2 [ITS-90, deg C]
# name 10 = T2-T190C: Temperature Difference, 2 - 1 [ITS-90, deg C]
# name 11 = potemp090C: Potential Temperature [ITS-90, deg C]
# name 12 = potemp190C: Potential Temperature, 2 [ITS-90, deg C]
# name 13 = potemp90Cdiff: Potential Temperature, Diff, 2 - 1 [ITS-90, deg C]
# name 14 = c0S/m: Conductivity [S/m]
# name 15 = c1S/m: Conductivity, 2 [S/m]
# name 16 = C2-C1S/m: Conductivity Difference, 2 - 1 [S/m]
# name 17 = sal00: Salinity, Practical [PSU]
# name 18 = sal11: Salinity, Practical, 2 [PSU]
# name 19 = sbeox0ML/L: Oxygen, SBE 43 [ml/l]
# name 20 = sigma-é00: Density [sigma-theta, kg/m^3]
# name 21 = sigma-é11: Density, 2 [sigma-theta, kg/m^3]
# name 22 = sbox0Mm/Kg: Oxygen, SBE 43 [umol/kg]
# name 23 = oxsolMm/Kg: Oxygen Saturation, Garcia & Gordon [umol/kg]
# name 24 = oxsatMm/Kg: Oxygen Saturation, Weiss [umol/kg]
# name 25 = sal00: Salinity, Practical [PSU]
# name 26 = sigma-é00: Density [sigma-theta, kg/m^3]
# name 27 = svCM: Sound Velocity [Chen-Millero, m/s]
# name 28 = svCM1: Sound Velocity, 2 [Chen-Millero, m/s]
# name 29 = gsw_ptA0: potential temperature [ITS-90, deg C]
# name 30 = gsw_densityA0: density, TEOS-10 [density, kg/m^3]
# name 31 = gsw_saA0: Absolute Salinity [g/kg]
# name 32 = flag:
# span 0 =        115,      10628       
# span 1 = 326.566467, 326.571537       
# span 2 =  -62.22180,  -62.22178       
# span 3 =  -58.37916,  -58.37914       
# span 4 =     -0.027,      0.944       
# span 5 =       0.00,    1447.94       
# span 6 =      2.000,    232.000       
# span 7 =      1.984,    229.637       
# span 8 =    -0.5713,    -0.3351       
# span 9 =    -0.5712,    -0.3220       
# span 10 =    -0.0092,     0.0269      
# span 11 =    -0.5786,    -0.3352      
# span 12 =    -0.5786,    -0.3221      
# span 13 =    -0.0092,     0.0269      
# span 14 =   2.807432,   2.814514      
# span 15 =   2.808261,   2.815082      
# span 16 =  -0.000096,   0.001569      
# span 17 =    34.1839,    34.3150      
# span 18 =    34.1721,    34.3227      
# span 19 =     6.9045,     7.5991      
# span 20 =    27.4639,    27.5810      
# span 21 =    27.4552,    27.5872      
# span 22 =    300.082,    330.303      
# span 23 =  353.25557,  355.09110      
# span 24 =  354.79947,  356.69176      
# span 25 =    34.1834,    34.3150      
# span 26 =    27.4637,    27.5809      
# span 27 =    1446.42,    1449.35      
# span 28 =    1446.52,    1449.36      
# span 29 =    -0.5785,    -0.3352      
# span 30 =  1027.4779,  1028.6944      
# span 31 =    34.3483,    34.4824      
# span 32 = 0.0000e+00, 0.0000e+00      
# interval = decibars: 1                
# start_time = Nov 22 2019 13:35:38 [NMEA time, header]
# bad_flag = -9.990e-29
*END*
[from data line 132]
       7016 326.569795  -62.22180  -58.37914      0.488    1447.16    134.000    132.671    -0.5095    -0.5100    -0.0005    -0.5137    -0.5142    -0.0005   2.808220   2.808876   0.000656    34.2207    34.2301     7.3613    27.5018    27.5094    319.957  354.77613  356.35857    34.2206    27.5017    1447.91    1447.92    -0.5136  1028.1474    34.3870 0.0000e+00
       7061 326.569817  -62.22180  -58.37915      0.532    1447.16    135.000    133.660    -0.5138    -0.5099     0.0039    -0.5180    -0.5141     0.0039   2.808032   2.808868   0.000827    34.2225    34.2292     7.3557    27.5034    27.5087    319.710  354.81133  356.39478    34.2223    27.5033    1447.91    1447.94    -0.5179  1028.1538    34.3887 0.0000e+00
       7100 326.569836  -62.22180  -58.37916      0.606    1447.16    136.000    134.650    -0.5236    -0.5112     0.0124    -0.5278    -0.5155     0.0123   2.807570   2.808666   0.001057    34.2274    34.2276     7.3550    27.5078    27.5075    319.683  354.88920  356.47498    34.2265    27.5071    1447.89    1447.95    -0.5277  1028.1625    34.3929 0.0000e+00
       7138 326.569854  -62.22180  -58.37916      0.636    1447.16    137.000    135.640    -0.5283    -0.5153     0.0131    -0.5326    -0.5195     0.0130   2.807432   2.808356   0.000910    34.2299    34.2274     7.3407    27.5100    27.5074    319.057  354.92638  356.51330    34.2294    27.5097    1447.89    1447.94    -0.5325  1028.1698    34.3958 0.0000e+00
       7181 326.569874  -62.22180  -58.37915      0.576    1447.16    138.000    136.630    -0.5284    -0.5201     0.0083    -0.5327    -0.5244     0.0083   2.807478   2.808275   0.000794    34.2298    34.2312     7.3194    27.5100    27.5108    318.133  354.92718  356.51411    34.2295    27.5097    1447.90    1447.94    -0.5326  1028.1747    34.3959 0.0000e+00
       7232 326.569899  -62.22180  -58.37914      0.461    1447.16    139.000    137.619    -0.5296    -0.5240     0.0055    -0.5339    -0.5283     0.0055   2.807490   2.808264   0.000776    34.2307    34.2348     7.3052    27.5107    27.5139    317.514  354.93572  356.52294    34.2303    27.5105    1447.91    1447.95    -0.5338  1028.1802    34.3968 0.0000e+00
       7282 326.569923  -62.22180  -58.37916      0.483    1447.16    140.000    138.609    -0.5299    -0.5265     0.0033    -0.5342    -0.5309     0.0033   2.807531   2.808261   0.000737    34.2308    34.2370     7.3027    27.5109    27.5158    317.409  354.93812  356.52541    34.2306    27.5107    1447.93    1447.95    -0.5342  1028.1852    34.3971 0.0000e+00
       7321 326.569942  -62.22180  -58.37916      0.598    1447.16    141.000    139.599    -0.5307    -0.5278     0.0029    -0.5351    -0.5322     0.0029   2.807593   2.808287   0.000702    34.2319    34.2381     7.3003    27.5118    27.5167    317.304  354.94262  356.53015    34.2318    27.5117    1447.94    1447.97    -0.5350  1028.1910    34.3983 0.0000e+00
       7358 326.569960  -62.22180  -58.37916      0.648    1447.16    142.000    140.588    -0.5308    -0.5288     0.0020    -0.5352    -0.5332     0.0020   2.807641   2.808326   0.000692    34.2321    34.2391     7.2982    27.5119    27.5175    317.208  354.94329  356.53085    34.2319    27.5118    1447.96    1447.98    -0.5351  1028.1958    34.3984 0.0000e+00
       7402 326.569981  -62.22180  -58.37915      0.560    1447.16    143.000    141.578    -0.5313    -0.5297     0.0016    -0.5357    -0.5342     0.0015   2.807721   2.808368   0.000655    34.2330    34.2401     7.2929    27.5127    27.5184    316.978  354.94516  356.53287    34.2329    27.5127    1447.97    1447.99    -0.5356  1028.2015    34.3994 0.0000e+00
       7445 326.570002  -62.22180  -58.37914      0.547    1447.18    144.000    142.568    -0.5317    -0.5303     0.0014    -0.5362    -0.5348     0.0014   2.807785   2.808436   0.000656    34.2338    34.2411     7.2935    27.5134    27.5192    317.005  354.94728  356.53513    34.2337    27.5133    1447.99    1448.01    -0.5361  1028.2069    34.4002 0.0000e+00
       7483 326.570020  -62.22180  -58.37916      0.624    1447.37    145.000    143.558    -0.5317    -0.5310     0.0008    -0.5362    -0.5355     0.0008   2.807843   2.808479   0.000644    34.2339    34.2417     7.2869    27.5135    27.5198    316.718  354.94700  356.53487    34.2339    27.5134    1448.01    1448.02    -0.5361  1028.2118    34.4004 0.0000e+00
       7516 326.570036  -62.22180  -58.37916      0.712    1447.37    146.000    144.547    -0.5319    -0.5312     0.0007    -0.5364    -0.5358     0.0007   2.807919   2.808533   0.000617    34.2345    34.2420     7.2852    27.5139    27.5200    316.642  354.94665  356.53457    34.2344    27.5139    1448.02    1448.04    -0.5363  1028.2170    34.4010 0.0000e+00
       7547 326.570051  -62.22180  -58.37916      0.765    1447.37    147.000    145.537    -0.5318    -0.5314     0.0004    -0.5364    -0.5360     0.0004   2.807972   2.808586   0.000619    34.2345    34.2424     7.2818    27.5139    27.5203    316.500  354.94590  356.53380    34.2344    27.5139    1448.04    1448.05    -0.5363  1028.2218    34.4010 0.0000e+00
       7581 326.570068  -62.22180  -58.37916      0.717    1447.37    148.000    146.527    -0.5317    -0.5315     0.0002    -0.5363    -0.5362     0.0002   2.808019   2.808650   0.000635    34.2344    34.2427     7.2851    27.5139    27.5206    316.641  354.94553  356.53341    34.2343    27.5138    1448.06    1448.07    -0.5362  1028.2265    34.4009 0.0000e+00
       7618 326.570085  -62.22180  -58.37916      0.658    1447.37    149.000    147.516    -0.5318    -0.5317     0.0001    -0.5365    -0.5363     0.0001   2.808080   2.808697   0.000620    34.2347    34.2429     7.2721    27.5141    27.5207    316.074  354.94547  356.53339    34.2347    27.5141    1448.07    1448.08    -0.5363  1028.2316    34.4013 0.0000e+00
       7652 326.570102  -62.22180  -58.37916      0.685    1447.37    150.000    148.506    -0.5317    -0.5317     0.0000    -0.5364    -0.5364     0.0000   2.808102   2.808740   0.000641    34.2343    34.2429     7.2708    27.5138    27.5207    316.017  354.94606  356.53393    34.2343    27.5138    1448.09    1448.10    -0.5363  1028.2360    34.4009 0.0000e+00
       7684 326.570117  -62.22180  -58.37916      0.740    1447.37    151.000    149.496    -0.5317    -0.5317    -0.0000    -0.5364    -0.5365    -0.0000   2.808153   2.808763   0.000615    34.2343    34.2426     7.2736    27.5138    27.5205    316.141  354.94583  356.53371    34.2343    27.5138    1448.10    1448.12    -0.5363  1028.2409    34.4009 0.0000e+00
       7715 326.570132  -62.22180  -58.37916      0.770    1447.37    152.000    150.485    -0.5317    -0.5317    -0.0001    -0.5364    -0.5365    -0.0001   2.808247   2.808801   0.000559    34.2349    34.2425     7.2698    27.5143    27.5204    315.976  354.94367  356.53156    34.2349    27.5143    1448.12    1448.13    -0.5363  1028.2461    34.4015 0.0000e+00
       7747 326.570148  -62.22180  -58.37916      0.755    1447.37    153.000    151.475    -0.5317    -0.5318    -0.0000    -0.5365    -0.5365    -0.0000   2.808299   2.808883   0.000585    34.2350    34.2429     7.2773    27.5144    27.5208    316.300  354.94361  356.53153    34.2350    27.5144    1448.14    1448.15    -0.5364  1028.2510    34.4016 0.0000e+00
       7782 326.570164  -62.22180  -58.37916      0.712    1447.37    154.000    152.465    -0.5318    -0.5317     0.0001    -0.5366    -0.5365     0.0001   2.808350   2.808933   0.000586    34.2352    34.2430     7.2788    27.5145    27.5208    316.366  354.94395  356.53188    34.2352    27.5145    1448.15    1448.17    -0.5365  1028.2559    34.4018 0.0000e+00
       7817 326.570181  -62.22180  -58.37916      0.682    1447.37    155.000    153.454    -0.5317    -0.5318    -0.0000    -0.5366    -0.5366    -0.0000   2.808410   2.808977   0.000570    34.2353    34.2430     7.2775    27.5147    27.5209    316.311  354.94319  356.53113    34.2353    27.5146    1448.17    1448.18    -0.5364  1028.2608    34.4020 0.0000e+00
       7852 326.570198  -62.22180  -58.37916      0.684    1447.37    156.000    154.444    -0.5318    -0.5319    -0.0000    -0.5367    -0.5368    -0.0000   2.808460   2.809030   0.000571    34.2355    34.2432     7.2739    27.5148    27.5210    316.153  354.94356  356.53153    34.2355    27.5148    1448.19    1448.20    -0.5366  1028.2657    34.4022 0.0000e+00
       7885 326.570214  -62.22180  -58.37916      0.712    1447.37    157.000    155.433    -0.5319    -0.5319    -0.0000    -0.5368    -0.5368    -0.0000   2.808502   2.809075   0.000573    34.2356    34.2433     7.2766    27.5148    27.5211    316.272  354.94406  356.53204    34.2356    27.5148    1448.20    1448.21    -0.5367  1028.2705    34.4022 0.0000e+00
       7917 326.570230  -62.22180  -58.37916      0.739    1447.37    158.000    156.423    -0.5319    -0.5319     0.0000    -0.5369    -0.5368     0.0000   2.808563   2.809120   0.000559    34.2358    34.2432     7.2747    27.5150    27.5210    316.187  354.94379  356.53180    34.2358    27.5150    1448.22    1448.23    -0.5367  1028.2755    34.4025 0.0000e+00
       7950 326.570246  -62.22180  -58.37916      0.735    1447.37    159.000    157.413    -0.5319    -0.5319    -0.0000    -0.5368    -0.5369    -0.0000   2.808617   2.809166   0.000551    34.2358    34.2432     7.2729    27.5150    27.5211    316.112  354.94307  356.53106    34.2358    27.5151    1448.24    1448.25    -0.5368  1028.2803    34.4025 0.0000e+00
       7984 326.570262  -62.22180  -58.37916      0.718    1447.37    160.000    158.403    -0.5319    -0.5319    -0.0000    -0.5369    -0.5369    -0.0000   2.808673   2.809226   0.000553    34.2359    34.2434     7.2706    27.5151    27.5212    316.011  354.94262  356.53062    34.2360    27.5152    1448.25    1448.26    -0.5368  1028.2852    34.4027 0.0000e+00
       8017 326.570278  -62.22180  -58.37916      0.715    1447.37    161.000    159.392    -0.5318    -0.5320    -0.0001    -0.5369    -0.5370    -0.0001   2.808724   2.809269   0.000543    34.2360    34.2435     7.2708    27.5152    27.5212    316.019  354.94221  356.53021    34.2360    27.5152    1448.27    1448.28    -0.5367  1028.2900    34.4027 0.0000e+00
       8049 326.570293  -62.22180  -58.37916      0.747    1447.37    162.000    160.382    -0.5318    -0.5319    -0.0002    -0.5368    -0.5370    -0.0002   2.808775   2.809316   0.000544    34.2359    34.2434     7.2715    27.5151    27.5212    316.048  354.94157  356.52954    34.2360    27.5152    1448.29    1448.29    -0.5367  1028.2947    34.4027 0.0000e+00
       8080 326.570308  -62.22179  -58.37916      0.777    1447.37    163.000    161.371    -0.5318    -0.5319    -0.0001    -0.5369    -0.5370    -0.0001   2.808828   2.809368   0.000540    34.2361    34.2435     7.2667    27.5152    27.5212    315.839  354.94135  356.52934    34.2361    27.5153    1448.30    1448.31    -0.5368  1028.2996    34.4028 0.0000e+00
       8112 326.570324  -62.22178  -58.37916      0.751    1447.37    164.000    162.361    -0.5317    -0.5319    -0.0001    -0.5369    -0.5370    -0.0001   2.808889   2.809420   0.000531    34.2363    34.2436     7.2678    27.5154    27.5213    315.889  354.94063  356.52862    34.2363    27.5154    1448.32    1448.33    -0.5367  1028.3045    34.4030 0.0000e+00
       8150 326.570342  -62.22179  -58.37916      0.647    1447.37    165.000    163.351    -0.5317    -0.5319    -0.0002    -0.5369    -0.5371    -0.0002   2.808940   2.809477   0.000538    34.2363    34.2437     7.2702    27.5154    27.5214    315.991  354.94016  356.52814    34.2363    27.5154    1448.33    1448.34    -0.5368  1028.3093    34.4030 0.0000e+00
       8184 326.570359  -62.22179  -58.37916      0.670    1447.37    166.000    164.341    -0.5317    -0.5320    -0.0003    -0.5369    -0.5372    -0.0003   2.808991   2.809527   0.000537    34.2363    34.2439     7.2627    27.5154    27.5215    315.665  354.93979  356.52776    34.2363    27.5155    1448.35    1448.36    -0.5368  1028.3141    34.4030 0.0000e+00
       8213 326.570372  -62.22178  -58.37916      0.807    1447.37    167.000    165.329    -0.5316    -0.5317    -0.0001    -0.5368    -0.5370    -0.0001   2.809057   2.809582   0.000528    34.2364    34.2437     7.2561    27.5155    27.5214    315.381  354.93867  356.52663    34.2365    27.5156    1448.37    1448.38    -0.5367  1028.3190    34.4033 0.0000e+00
       8239 326.570385  -62.22178  -58.37916      0.889    1447.37    168.000    166.320    -0.5315    -0.5317    -0.0003    -0.5367    -0.5370    -0.0003   2.809153   2.809646   0.000492    34.2370    34.2439     7.2600    27.5160    27.5216    315.549  354.93573  356.52369    34.2371    27.5161    1448.39    1448.39    -0.5366  1028.3242    34.4038 0.0000e+00
       8270 326.570400  -62.22178  -58.37916      0.824    1447.37    169.000    167.309    -0.5314    -0.5317    -0.0003    -0.5367    -0.5370    -0.0003   2.809202   2.809721   0.000520    34.2370    34.2443     7.2617    27.5160    27.5219    315.622  354.93528  356.52324    34.2370    27.5160    1448.40    1448.41    -0.5366  1028.3290    34.4038 0.0000e+00
       8306 326.570417  -62.22178  -58.37916      0.683    1447.37    170.000    168.298    -0.5314    -0.5316    -0.0002    -0.5368    -0.5370    -0.0002   2.809243   2.809785   0.000539    34.2370    34.2445     7.2607    27.5160    27.5221    315.579  354.93559  356.52356    34.2370    27.5160    1448.42    1448.43    -0.5366  1028.3337    34.4038 0.0000e+00
       8343 326.570435  -62.22178  -58.37916      0.642    1447.37    171.000    169.288    -0.5314    -0.5316    -0.0002    -0.5368    -0.5370    -0.0002   2.809294   2.809812   0.000521    34.2370    34.2442     7.2610    27.5160    27.5219    315.593  354.93535  356.52330    34.2371    27.5161    1448.43    1448.44    -0.5367  1028.3385    34.4038 0.0000e+00
       8377 326.570451  -62.22178  -58.37916      0.694    1447.37    172.000    170.278    -0.5314    -0.5316    -0.0002    -0.5368    -0.5370    -0.0002   2.809366   2.809873   0.000508    34.2373    34.2444     7.2580    27.5163    27.5220    315.462  354.93423  356.52220    34.2374    27.5163    1448.45    1448.46    -0.5367  1028.3436    34.4041 0.0000e+00
       8409 326.570467  -62.22178  -58.37916      0.739    1447.37    173.000    171.267    -0.5312    -0.5315    -0.0004    -0.5366    -0.5370    -0.0004   2.809523   2.809977   0.000467    34.2384    34.2451     7.2582    27.5171    27.5225    315.468  354.92932  356.51730    34.2387    27.5173    1448.47    1448.48    -0.5365  1028.3494    34.4054 0.0000e+00
       8442 326.570483  -62.22178  -58.37916      0.742    1447.37    174.000    172.257    -0.5309    -0.5315    -0.0006    -0.5364    -0.5370    -0.0006   2.809949   2.810169   0.000218    34.2433    34.2468     7.2584    27.5210    27.5240    315.478  354.91338  356.50157    34.2435    27.5212    1448.49    1448.50    -0.5363  1028.3580    34.4103 0.0000e+00
       8477 326.570500  -62.22178  -58.37916      0.687    1447.37    175.000    173.244    -0.5308    -0.5313    -0.0005    -0.5363    -0.5368    -0.0005   2.810154   2.810466   0.000313    34.2453    34.2501     7.2518    27.5227    27.5266    315.190  354.90644  356.49471    34.2455    27.5228    1448.51    1448.52    -0.5362  1028.3644    34.4123 0.0000e+00
       8517 326.570519  -62.22178  -58.37916      0.611    1447.37    176.000    174.238    -0.5304    -0.5312    -0.0008    -0.5359    -0.5367    -0.0008   2.810321   2.810670   0.000344    34.2466    34.2521     7.2401    27.5237    27.5282    314.682  354.89929  356.48755    34.2467    27.5238    1448.53    1448.54    -0.5358  1028.3701    34.4135 0.0000e+00
