Pos-Processados/pos_process38/Dados/doperantar38_021.cnv
* Sea-Bird SBE 9 Data File:
* FileName = D:\OPERANTAR_XXXVIII\DADOS\OP38_021.hdr
* Software Version Seasave V 7.18c
* Temperature SN = 4808
* Conductivity SN = 3380
* Number of Bytes Per Scan = 34
* Number of Voltage Words = 3
* Number of Scans Averaged by the Deck Unit = 1
* NMEA Latitude = 62 13.30 S
* NMEA Longitude = 058 22.74 W
* NMEA UTC (Time) = Nov 22 2019 13:35:38
** H41
** NAVIO POLAR ALMIRANTE MAXIMIANO
** CRUZEIRO:
** OPERANTAR XXXVIII
** ESTAÇÃO: OP38_021
** LAT 62 13,29'S
** LONG 058 22,75'W
** 09P73767-1155_A
** PROFUNDIDADE: 271
** DATA/HORA: 221336Z/NOV/2019
** OPERADOR: SO-HN CHAVES
# nquan = 33
# nvalues = 231                         
# units = specified
# name 0 = scan: Scan Count
# name 1 = timeJ: Julian Days
# name 2 = latitude: Latitude [deg]
# name 3 = longitude: Longitude [deg]
# name 4 = dz/dtM: Descent Rate [m/s]
# name 5 = avgsvCM: Average Sound Velocity [Chen-Millero, m/s]
# name 6 = prDM: Pressure, Digiquartz [db]
# name 7 = depSM: Depth [salt water, m]
# name 8 = t090C: Temperature [ITS-90, deg C]
# name 9 = t190C: Temperature, 2 [ITS-90, deg C]
# name 10 = T2-T190C: Temperature Difference, 2 - 1 [ITS-90, deg C]
# name 11 = potemp090C: Potential Temperature [ITS-90, deg C]
# name 12 = potemp190C: Potential Temperature, 2 [ITS-90, deg C]
# name 13 = potemp90Cdiff: Potential Temperature, Diff, 2 - 1 [ITS-90, deg C]
# name 14 = c0S/m: Conductivity [S/m]
# name 15 = c1S/m: Conductivity, 2 [S/m]
# name 16 = C2-C1S/m: Conductivity Difference, 2 - 1 [S/m]
# name 17 = sal00: Salinity, Practical [PSU]
# name 18 = sal11: Salinity, Practical, 2 [PSU]
# name 19 = sbeox0ML/L: Oxygen, SBE 43 [ml/l]
# name 20 = sigma-é00: Density [sigma-theta, kg/m^3]
# name 21 = sigma-é11: Density, 2 [sigma-theta, kg/m^3]
# name 22 = sbox0Mm/Kg: Oxygen, SBE 43 [umol/kg]
# name 23 = oxsolMm/Kg: Oxygen Saturation, Garcia & Gordon [umol/kg]
# name 24 = oxsatMm/Kg: Oxygen Saturation, Weiss [umol/kg]
# name 25 = sal00: Salinity, Practical [PSU]
# name 26 = sigma-é00: Density [sigma-theta, kg/m^3]
# name 27 = svCM: Sound Velocity [Chen-Millero, m/s]
# name 28 = svCM1: Sound Velocity, 2 [Chen-Millero, m/s]
# name 29 = gsw_ptA0: potential temperature [ITS-90, deg C]
# name 30 = gsw_densityA0: density, TEOS-10 [density, kg/m^3]
# name 31 = gsw_saA0: Absolute Salinity [g/kg]
# name 32 = flag:
# span 0 =        115,      10628       
# span 1 = 326.566467, 326.571537       
# span 2 =  -62.22180,  -62.22178       
# span 3 =  -58.37916,  -58.37914       
# span 4 =     -0.027,      0.944       
# span 5 =       0.00,    1447.94       
# span 6 =      2.000,    232.000       
# span 7 =      1.984,    229.637       
# span 8 =    -0.5713,    -0.3351       
# span 9 =    -0.5712,    -0.3220       
# span 10 =    -0.0092,     0.0269      
# span 11 =    -0.5786,    -0.3352      
# span 12 =    -0.5786,    -0.3221      
# span 13 =    -0.0092,     0.0269      
# span 14 =   2.807432,   2.814514      
# span 15 =   2.808261,   2.815082      
# span 16 =  -0.000096,   0.001569      
# span 17 =    34.1839,    34.3150      
# span 18 =    34.1721,    34.3227      
# span 19 =     6.9045,     7.5991      
# span 20 =    27.4639,    27.5810      
# span 21 =    27.4552,    27.5872      
# span 22 =    300.082,    330.303      
# span 23 =  353.25557,  355.09110      
# span 24 =  354.79947,  356.69176      
# span 25 =    34.1834,    34.3150      
# span 26 =    27.4637,    27.5809      
# span 27 =    1446.42,    1449.35      
# span 28 =    1446.52,    1449.36      
# span 29 =    -0.5785,    -0.3352      
# span 30 =  1027.4779,  1028.6944      
# span 31 =    34.3483,    34.4824      
# span 32 = 0.0000e+00, 0.0000e+00      
# interval = decibars: 1                
# start_time = Nov 22 2019 13:35:38 [NMEA time, header]
# bad_flag = -9.990e-29
*END*
[from data line 220]
      10022 326.571245  -62.22180  -58.37914      0.789    1447.62    222.000    219.751    -0.5654    -0.5634     0.0020    -0.5724    -0.5705     0.0020   2.814308   2.814726   0.000419    34.3116    34.3150     6.9350    27.5779    27.5806    301.404  355.04568  356.64491    34.3117    27.5780    1449.21    1449.22    -0.5723  1028.6437    34.4790 0.0000e+00
      10049 326.571258  -62.22180  -58.37914      0.862    1447.62    223.000    220.740    -0.5655    -0.5640     0.0016    -0.5726    -0.5710     0.0016   2.814383   2.814887   0.000494    34.3123    34.3172     6.9357    27.5785    27.5824    301.434  355.04492  356.64420    34.3122    27.5784    1449.22    1449.24    -0.5724  1028.6489    34.4795 0.0000e+00
      10075 326.571270  -62.22180  -58.37914      0.900    1447.62    224.000    221.729    -0.5656    -0.5645     0.0011    -0.5727    -0.5716     0.0011   2.814450   2.814963   0.000514    34.3126    34.3182     6.9309    27.5787    27.5833    301.227  355.04474  356.64406    34.3126    27.5788    1449.24    1449.25    -0.5726  1028.6540    34.4799 0.0000e+00
      10102 326.571283  -62.22180  -58.37914      0.905    1447.62    225.000    222.719    -0.5657    -0.5648     0.0008    -0.5728    -0.5720     0.0008   2.814506   2.815041   0.000534    34.3128    34.3191     6.9220    27.5790    27.5840    300.839  355.04471  356.64406    34.3128    27.5789    1449.26    1449.27    -0.5727  1028.6590    34.4802 0.0000e+00
      10130 326.571297  -62.22180  -58.37914      0.878    1447.62    226.000    223.708    -0.5664    -0.5651     0.0013    -0.5735    -0.5723     0.0013   2.814459   2.815077   0.000602    34.3126    34.3193     6.9059    27.5788    27.5842    300.139  355.05193  356.65143    34.3124    27.5786    1449.27    1449.28    -0.5734  1028.6634    34.4797 0.0000e+00
      10161 326.571312  -62.22180  -58.37914      0.796    1447.62    227.000    224.697    -0.5681    -0.5656     0.0026    -0.5754    -0.5728     0.0026   2.814300   2.815079   0.000774    34.3118    34.3192     6.9045    27.5782    27.5841    300.082  355.07102  356.67084    34.3116    27.5781    1449.28    1449.30    -0.5752  1028.6677    34.4790 0.0000e+00
      10193 326.571327  -62.22180  -58.37914      0.749    1447.62    228.000    225.686    -0.5680    -0.5663     0.0017    -0.5752    -0.5735     0.0017   2.814386   2.815012   0.000631    34.3120    34.3185     6.9111    27.5784    27.5836    300.365  355.06887  356.66868    34.3120    27.5784    1449.29    1449.31    -0.5751  1028.6727    34.4794 0.0000e+00
      10223 326.571342  -62.22180  -58.37914      0.776    1447.62    229.000    226.676    -0.5684    -0.5668     0.0015    -0.5756    -0.5741     0.0015   2.814381   2.815055   0.000669    34.3119    34.3192     6.9164    27.5783    27.5842    300.596  355.07259  356.67246    34.3117    27.5782    1449.31    1449.32    -0.5755  1028.6773    34.4791 0.0000e+00
      10258 326.571358  -62.22180  -58.37914      0.741    1447.62    230.000    227.664    -0.5692    -0.5675     0.0016    -0.5765    -0.5748     0.0016   2.814333   2.815001   0.000668    34.3115    34.3186     6.9228    27.5780    27.5837    300.873  355.08112  356.68115    34.3114    27.5779    1449.32    1449.34    -0.5763  1028.6818    34.4787 0.0000e+00
      10313 326.571385  -62.22180  -58.37914      0.393    1447.62    231.000    228.655    -0.5708    -0.5685     0.0023    -0.5781    -0.5758     0.0023   2.814461   2.815019   0.000557    34.3144    34.3192     6.9222    27.5804    27.5842    300.849  355.08833  356.68886    34.3143    27.5804    1449.33    1449.35    -0.5780  1028.6890    34.4817 0.0000e+00
      10628 326.571537  -62.22179  -58.37914      0.073    1447.94    232.000    229.637    -0.5713    -0.5712     0.0000    -0.5786    -0.5786     0.0000   2.814514   2.815082   0.000571    34.3150    34.3227     6.9100    27.5810    27.5872    300.320  355.09110  356.69176    34.3150    27.5809    1449.35    1449.36    -0.5785  1028.6944    34.4824 0.0000e+00
