Pos-Processados/pos_process38/Dados/doperantar38_002.cnv
* Sea-Bird SBE 9 Data File:
* FileName = D:\OPERANTAR_XXXVIII\DADOS\OP38_002.hdr
* Software Version Seasave V 7.12
* Temperature SN = 4808
* Conductivity SN = 3380
* Number of Bytes Per Scan = 31
* Number of Voltage Words = 2
* Number of Scans Averaged by the Deck Unit = 1
* NMEA Latitude = 38 26.99 S
* NMEA Longitude = 052 53.48 W
* NMEA UTC (Time) = Jan 16 2019 21:21:57
** H41
** NAVIO POLAR ALMIRANTE MAXIMIANO
** CRUZEIRO:
** OPERANTAR XXXVIII
** ESTAวรO: 002
** LAT 38บ 26,99'S
** LONG 052บ 53,46'W
** 09P73767-1155
** PROFUNDIDADE: 4158 m
** DATA/HORA: 162121Z/OUT/2019
** OPERADOR: SO-HN CHAVES
# nquan = 32
# nvalues = 1039                        
# units = specified
# name 0 = scan: Scan Count
# name 1 = timeJ: Julian Days
# name 2 = latitude: Latitude [deg]
# name 3 = longitude: Longitude [deg]
# name 4 = dz/dtM: Descent Rate [m/s]
# name 5 = avgsvCM: Average Sound Velocity [Chen-Millero, m/s]
# name 6 = prDM: Pressure, Digiquartz [db]
# name 7 = depSM: Depth [salt water, m]
# name 8 = t090C: Temperature [ITS-90, deg C]
# name 9 = t190C: Temperature, 2 [ITS-90, deg C]
# name 10 = T2-T190C: Temperature Difference, 2 - 1 [ITS-90, deg C]
# name 11 = potemp090C: Potential Temperature [ITS-90, deg C]
# name 12 = potemp190C: Potential Temperature, 2 [ITS-90, deg C]
# name 13 = potemp90Cdiff: Potential Temperature, Diff, 2 - 1 [ITS-90, deg C]
# name 14 = c0S/m: Conductivity [S/m]
# name 15 = c1S/m: Conductivity, 2 [S/m]
# name 16 = C2-C1S/m: Conductivity Difference, 2 - 1 [S/m]
# name 17 = sal00: Salinity, Practical [PSU]
# name 18 = sal11: Salinity, Practical, 2 [PSU]
# name 19 = sbeox0ML/L: Oxygen, SBE 43 [ml/l]
# name 20 = sbeox1ML/L: Oxygen, SBE 43, 2 [ml/l]
# name 21 = sbeox0ML/Ldiff: Oxygen, SBE 43, Diff, 2 - 1 [ml/l]
# name 22 = sigma-้00: Density [sigma-theta, kg/m^3]
# name 23 = sigma-้11: Density, 2 [sigma-theta, kg/m^3]
# name 24 = sal00: Salinity, Practical [PSU]
# name 25 = sigma-้00: Density [sigma-theta, kg/m^3]
# name 26 = svCM: Sound Velocity [Chen-Millero, m/s]
# name 27 = svCM1: Sound Velocity, 2 [Chen-Millero, m/s]
# name 28 = gsw_ptA0: potential temperature [ITS-90, deg C]
# name 29 = gsw_densityA0: density, TEOS-10 [density, kg/m^3]
# name 30 = gsw_saA0: Absolute Salinity [g/kg]
# name 31 = flag:
# span 0 =       2490,      35384       
# span 1 =  16.891444,  16.907306       
# span 2 =  -38.44988,  -38.44984       
# span 3 =  -52.89136,  -52.89132       
# span 4 =      0.077,      1.603       
# span 5 =      -0.01,    1558.04       
# span 6 =      8.000,   1046.000       
# span 7 =      7.937,   1035.498       
# span 8 =     4.1705,    15.9893       
# span 9 =     4.1707,    15.9897       
# span 10 =    -0.0167,     0.0222      
# span 11 =     4.0901,    15.9677      
# span 12 =     4.0902,    15.9680      
# span 13 =    -0.0167,     0.0221      
# span 14 =   3.252788,   4.494979      
# span 15 =   3.253184,   4.495708      
# span 16 =  -0.001217,   0.002942      
# span 17 =    34.1933,    35.8894      
# span 18 =    34.1976,    35.8954      
# span 19 =     4.6529,     5.8123      
# span 20 =     4.4460,     5.5444      
# span 21 =    -0.3054,    -0.1664      
# span 22 =    26.2822,    27.1745      
# span 23 =    26.2870,    27.1782      
# span 24 =    34.1914,    35.8896      
# span 25 =    26.2822,    27.1742      
# span 26 =    1482.69,    1513.45      
# span 27 =    1482.70,    1513.45      
# span 28 =     4.0899,    15.9677      
# span 29 =  1026.3218,  1031.9848      
# span 30 =    34.3537,    36.0591      
# span 31 = 0.0000e+00, 0.0000e+00      
# interval = decibars: 1                
# start_time = Jan 16 2019 21:21:57 [NMEA time, header]
# bad_flag = -9.990e-29
*END*
[from data line 635]
      24688  16.902148  -38.44986  -52.89134      1.130    1507.75    643.000    637.174     6.9692     6.9715     0.0023     6.9078     6.9101     0.0023   3.495779   3.496472   0.000712    34.3669    34.3724     5.2581     5.0071    -0.2511    26.9327    26.9368    34.3566    26.9246    1488.31    1488.33     6.9077  1029.8512    34.5199 0.0000e+00
      24709  16.902158  -38.44986  -52.89134      1.149    1507.75    644.000    638.163     6.9276     6.9283     0.0007     6.8663     6.8670     0.0007   3.492377   3.492899   0.000514    34.3656    34.3706     5.2597     5.0119    -0.2478    26.9374    26.9412    34.3602    26.9331    1488.17    1488.18     6.8662  1029.8648    34.5235 0.0000e+00
      24729  16.902168  -38.44986  -52.89134      1.166    1507.75    645.000    639.153     6.9268     6.9280     0.0012     6.8654     6.8666     0.0012   3.492776   3.493319   0.000545    34.3684    34.3732     5.2672     5.0215    -0.2456    26.9397    26.9433    34.3649    26.9369    1488.19    1488.20     6.8653  1029.8731    34.5282 0.0000e+00
      24752  16.902179  -38.44986  -52.89134      1.127    1507.75    646.000    640.142     6.9283     6.9292     0.0009     6.8668     6.8677     0.0009   3.493455   3.493957   0.000506    34.3721    34.3768     5.3028     5.0410    -0.2618    26.9424    26.9460    34.3704    26.9411    1488.22    1488.23     6.8666  1029.8817    34.5337 0.0000e+00
      24776  16.902191  -38.44986  -52.89134      1.029    1507.75    647.000    641.131     6.9390     6.9407     0.0017     6.8773     6.8790     0.0017   3.494846   3.495442   0.000585    34.3781    34.3828     5.3317     5.0645    -0.2672    26.9457    26.9492    34.3745    26.9429    1488.28    1488.29     6.8772  1029.8879    34.5378 0.0000e+00
      24803  16.902204  -38.44986  -52.89134      0.918    1507.75    648.000    642.120     6.8823     6.8843     0.0020     6.8208     6.8228     0.0020   3.488727   3.489363   0.000635    34.3713    34.3763     5.3245     5.0753    -0.2492    26.9481    26.9517    34.3633    26.9418    1488.06    1488.08     6.8207  1029.8922    34.5266 0.0000e+00
      24834  16.902219  -38.44986  -52.89134      0.819    1506.17    649.000    643.110     6.8488     6.8503     0.0014     6.7874     6.7889     0.0014   3.485725   3.486304   0.000573    34.3684    34.3732     5.2715     5.0403    -0.2312    26.9502    26.9539    34.3632    26.9462    1487.95    1487.96     6.7873  1029.9016    34.5264 0.0000e+00
      24872  16.902237  -38.44986  -52.89134      0.656    1506.00    650.000    644.099     6.8303     6.8316     0.0013     6.7689     6.7702     0.0013   3.483957   3.484507   0.000557    34.3660    34.3708     5.2491     5.0053    -0.2438    26.9509    26.9545    34.3618    26.9476    1487.89    1487.90     6.7687  1029.9078    34.5250 0.0000e+00
      24915  16.902258  -38.44986  -52.89134      0.539    1506.00    651.000    645.089     6.8211     6.8226     0.0014     6.7597     6.7611     0.0014   3.483109   3.483667   0.000563    34.3645    34.3693     5.2643     5.0218    -0.2425    26.9510    26.9546    34.3611    26.9483    1487.87    1487.88     6.7595  1029.9132    34.5243 0.0000e+00
      24944  16.902272  -38.44986  -52.89134      0.730    1506.00    652.000    646.078     6.8109     6.8119     0.0010     6.7494     6.7504     0.0010   3.482008   3.482532   0.000521    34.3631    34.3678     5.2794     5.0294    -0.2500    26.9513    26.9548    34.3587    26.9478    1487.85    1487.86     6.7492  1029.9174    34.5219 0.0000e+00
      24963  16.902281  -38.44984  -52.89134      1.004    1506.00    653.000    647.067     6.7937     6.7946     0.0008     6.7322     6.7330     0.0008   3.480263   3.480782   0.000509    34.3612    34.3660     5.2823     5.0314    -0.2509    26.9521    26.9557    34.3561    26.9481    1487.79    1487.80     6.7320  1029.9225    34.5194 0.0000e+00
      24980  16.902289  -38.44984  -52.89134      1.245    1506.00    654.000    648.057     6.7799     6.7812     0.0013     6.7183     6.7196     0.0013   3.479114   3.479649   0.000546    34.3604    34.3652     5.2835     5.0334    -0.2501    26.9533    26.9569    34.3568    26.9505    1487.75    1487.77     6.7182  1029.9296    34.5201 0.0000e+00
      24996  16.902297  -38.44984  -52.89134      1.420    1506.00    655.000    649.046     6.7749     6.7765     0.0015     6.7133     6.7148     0.0015   3.478598   3.479195   0.000583    34.3597    34.3646     5.2860     5.0288    -0.2572    26.9535    26.9571    34.3556    26.9502    1487.75    1487.76     6.7131  1029.9340    34.5188 0.0000e+00
      25011  16.902304  -38.44984  -52.89134      1.519    1506.00    656.000    650.036     6.7579     6.7583     0.0004     6.6963     6.6967     0.0004   3.476699   3.477163   0.000486    34.3569    34.3618     5.2930     5.0267    -0.2663    26.9535    26.9573    34.3512    26.9490    1487.69    1487.70     6.6961  1029.9376    34.5144 0.0000e+00
      25026  16.902311  -38.44985  -52.89134      1.562    1506.00    657.000    651.025     6.7419     6.7438     0.0018     6.6803     6.6821     0.0018   3.475098   3.475738   0.000616    34.3552    34.3601     5.2983     5.0294    -0.2688    26.9544    26.9580    34.3490    26.9494    1487.65    1487.66     6.6801  1029.9428    34.5122 0.0000e+00
      25043  16.902320  -38.44986  -52.89134      1.547    1506.00    658.000    652.014     6.7113     6.7133     0.0020     6.6497     6.6517     0.0020   3.471844   3.472454   0.000621    34.3508    34.3557     5.2951     5.0358    -0.2593    26.9550    26.9585    34.3432    26.9490    1487.54    1487.55     6.6496  1029.9473    34.5064 0.0000e+00
      25070  16.902333  -38.44986  -52.89134      1.146    1506.00    659.000    653.004     6.6834     6.6869     0.0035     6.6218     6.6253     0.0035   3.469287   3.470124   0.000808    34.3480    34.3534     5.2988     5.0378    -0.2610    26.9565    26.9603    34.3424    26.9521    1487.44    1487.46     6.6217  1029.9554    34.5056 0.0000e+00
      25116  16.902355  -38.44986  -52.89134      0.496    1506.00    660.000    653.993     6.6564     6.6569     0.0005     6.5949     6.5954     0.0005   3.466602   3.467041   0.000467    34.3441    34.3487     5.3368     5.0665    -0.2703    26.9570    26.9606    34.3392    26.9532    1487.35    1487.36     6.5947  1029.9613    34.5022 0.0000e+00
      25153  16.902373 -9.990e-29  -52.89134      0.619    1506.00    661.000    654.982     6.6413     6.6429     0.0016     6.5798     6.5814     0.0016   3.465133   3.465722   0.000587    34.3414    34.3463     5.3622     5.0935    -0.2687    26.9569    26.9605    34.3375    26.9538    1487.30    1487.32     6.5796  1029.9662    34.4998 0.0000e+00
      25186  16.902389 -9.990e-29  -52.89134      0.720    1506.00    662.000    655.972     6.6268     6.6293     0.0026     6.5652     6.5678     0.0025   3.463421   3.464078   0.000658    34.3385    34.3432     5.3703     5.1103    -0.2600    26.9565    26.9599    34.3327    26.9519    1487.26    1487.27     6.5651  1029.9691    34.4949 0.0000e+00
      25217  16.902404 -9.990e-29  -52.89134      0.748    1506.00    663.000    656.961     6.5933     6.5936     0.0002     6.5318     6.5321     0.0002   3.460205   3.460623   0.000421    34.3344    34.3388     5.3827     5.1243    -0.2583    26.9577    26.9612    34.3301    26.9543    1487.14    1487.15     6.5317  1029.9765    34.4923 0.0000e+00
      25242  16.902416 -9.990e-29  -52.89134      0.870    1506.00    664.000    657.950     6.5883     6.5892     0.0009     6.5268     6.5277     0.0009   3.459794   3.460298   0.000503    34.3335    34.3381     5.3769     5.1242    -0.2526    26.9577    26.9613    34.3300    26.9550    1487.14    1487.15     6.5266  1029.9818    34.4923 0.0000e+00
      25262  16.902425 -9.990e-29  -52.89134      1.063    1506.00    665.000    658.939     6.5839     6.5846     0.0007     6.5223     6.5229     0.0007   3.459339   3.459818   0.000489    34.3327    34.3374     5.3823     5.1207    -0.2616    26.9576    26.9613    34.3289    26.9547    1487.13    1487.14     6.5221  1029.9861    34.4911 0.0000e+00
      25279  16.902433 -9.990e-29  -52.89134      1.259    1506.00    666.000    659.929     6.5805     6.5822     0.0017     6.5189     6.5205     0.0017   3.459116   3.459749   0.000586    34.3332    34.3379     5.3897     5.1220    -0.2677    26.9585    26.9620    34.3293    26.9555    1487.14    1487.15     6.5187  1029.9914    34.4916 0.0000e+00
      25294  16.902441 -9.990e-29  -52.89134      1.412    1506.00    667.000    660.918     6.5553     6.5586     0.0033     6.4936     6.4969     0.0033   3.455848   3.456715   0.000799    34.3279    34.3334     5.3991     5.1324    -0.2668    26.9577    26.9616    34.3180    26.9498    1487.04    1487.06     6.4935  1029.9908    34.4801 0.0000e+00
      25311  16.902449 -9.990e-29  -52.89134      1.487    1506.00    668.000    661.908     6.4726     6.4758     0.0032     6.4113     6.4145     0.0032   3.446594   3.447356   0.000821    34.3157    34.3215     5.4087     5.1453    -0.2634    26.9588    26.9631    34.2976    26.9446    1486.71    1486.73     6.4111  1029.9915    34.4597 0.0000e+00
      25329  16.902458  -38.44986  -52.89134      1.425    1506.00    669.000    662.897     6.3722     6.3730     0.0008     6.3113     6.3121     0.0008   3.436891   3.437379   0.000516    34.3058    34.3107     5.4112     5.1524    -0.2588    26.9641    26.9679    34.2898    26.9516    1486.32    1486.33     6.3112  1030.0050    34.4524 0.0000e+00
      25356  16.902470  -38.44986  -52.89134      1.100    1506.00    670.000    663.886     6.2919     6.2929     0.0011     6.2312     6.2323     0.0011   3.429248   3.429779   0.000532    34.2968    34.3016     5.4098     5.1350    -0.2748    26.9674    26.9711    34.2849    26.9580    1486.01    1486.02     6.2311  1030.0176    34.4478 0.0000e+00
      25395  16.902489  -38.44986  -52.89134      0.635    1506.00    671.000    664.875     6.2748     6.2763     0.0015     6.2142     6.2157     0.0014   3.427873   3.428436   0.000551    34.2941    34.2988     5.4795     5.1741    -0.3054    26.9675    26.9710    34.2861    26.9612    1485.96    1485.98     6.2141  1030.0256    34.4491 0.0000e+00
      25430  16.902507  -38.44986  -52.89134      0.643    1506.00    672.000    665.864     6.2635     6.2648     0.0014     6.2028     6.2042     0.0014   3.426797   3.427312   0.000537    34.2917    34.2963     5.5544     5.2677    -0.2867    26.9671    26.9706    34.2850    26.9618    1485.93    1485.94     6.2027  1030.0309    34.4480 0.0000e+00
      25461  16.902521  -38.44986  -52.89134      0.774    1506.00    673.000    666.854     6.2577     6.2587     0.0011     6.1970     6.1980     0.0010   3.426295   3.426820   0.000523    34.2910    34.2957     5.5623     5.2873    -0.2750    26.9672    26.9708    34.2848    26.9623    1485.92    1485.94     6.1968  1030.0361    34.4477 0.0000e+00
      25489  16.902535  -38.44985  -52.89134      0.819    1506.00    674.000    667.843     6.2433     6.2445     0.0011     6.1826     6.1837     0.0011   3.424938   3.425454   0.000517    34.2899    34.2945     5.5580     5.2927    -0.2653    26.9682    26.9717    34.2836    26.9632    1485.88    1485.89     6.1824  1030.0418    34.4465 0.0000e+00
      25515  16.902547  -38.44984  -52.89134      0.887    1506.00    675.000    668.832     6.2253     6.2267     0.0014     6.1645     6.1659     0.0014   3.423245   3.423775   0.000534    34.2884    34.2930     5.5582     5.3018    -0.2563    26.9694    26.9728    34.2823    26.9645    1485.83    1485.84     6.1644  1030.0479    34.4453 0.0000e+00
      25536  16.902558  -38.44984  -52.89134      1.018    1506.00    676.000    669.821     6.2065     6.2075     0.0010     6.1458     6.1467     0.0010   3.421245   3.421766   0.000513    34.2857    34.2904     5.5511     5.2948    -0.2564    26.9696    26.9732    34.2783    26.9638    1485.76    1485.77     6.1456  1030.0520    34.4413 0.0000e+00
      25556  16.902567  -38.44984  -52.89134      1.154    1506.00    677.000    670.811     6.1740     6.1746     0.0006     6.1134     6.1140     0.0006   3.417882   3.418374   0.000495    34.2815    34.2865     5.5497     5.2909    -0.2589    26.9705    26.9743    34.2729    26.9637    1485.65    1485.65     6.1132  1030.0570    34.4358 0.0000e+00
      25574  16.902576  -38.44984  -52.89134      1.260    1506.00    678.000    671.800     6.1479     6.1490     0.0012     6.0873     6.0884     0.0012   3.415453   3.415996   0.000550    34.2791    34.2841     5.5522     5.2922    -0.2601    26.9719    26.9757    34.2715    26.9659    1485.56    1485.57     6.0871  1030.0642    34.4345 0.0000e+00
      25594  16.902585  -38.44986  -52.89134      1.265    1506.00    679.000    672.789     6.1272     6.1282     0.0010     6.0666     6.0676     0.0010   3.413501   3.414017   0.000515    34.2770    34.2818     5.5595     5.2897    -0.2698    26.9729    26.9765    34.2700    26.9673    1485.49    1485.50     6.0665  1030.0704    34.4329 0.0000e+00
      25622  16.902599  -38.44986  -52.89134      1.017    1506.00    680.000    673.779     6.1099     6.1111     0.0012     6.0493     6.0505     0.0012   3.411916   3.412417   0.000502    34.2753    34.2797     5.5783     5.2993    -0.2789    26.9737    26.9770    34.2692    26.9689    1485.44    1485.45     6.0492  1030.0769    34.4321 0.0000e+00
      25657  16.902616  -38.44986  -52.89133      0.693    1506.00    681.000    674.768     6.0857     6.0875     0.0018     6.0252     6.0270     0.0018   3.409419   3.410007   0.000587    34.2716    34.2764     5.6044     5.3242    -0.2802    26.9739    26.9774    34.2650    26.9687    1485.35    1485.36     6.0250  1030.0816    34.4279 0.0000e+00
      25687  16.902630  -38.44986  -52.89132      0.754    1506.00    682.000    675.757     6.0572     6.0584     0.0012     5.9967     5.9979     0.0012   3.406622   3.407150   0.000528    34.2684    34.2731     5.6150     5.3330    -0.2819    26.9749    26.9785    34.2619    26.9698    1485.25    1485.26     5.9966  1030.0877    34.4248 0.0000e+00
      25711  16.902642  -38.44986  -52.89134      0.908    1506.00    683.000    676.746     6.0482     6.0494     0.0012     5.9877     5.9888     0.0012   3.406169   3.406682   0.000514    34.2704    34.2749     5.6095     5.3407    -0.2688    26.9776    26.9811    34.2653    26.9737    1485.24    1485.25     5.9875  1030.0963    34.4282 0.0000e+00
      25733  16.902652  -38.44986  -52.89134      1.034    1506.00    684.000    677.736     6.0396     6.0407     0.0011     5.9790     5.9801     0.0011   3.405647   3.406158   0.000506    34.2713    34.2759     5.6199     5.3511    -0.2687    26.9795    26.9830    34.2676    26.9766    1485.22    1485.23     5.9789  1030.1039    34.4306 0.0000e+00
      25755  16.902663  -38.44986  -52.89134      1.084    1506.00    685.000    678.725     6.0385     6.0399     0.0014     5.9778     5.9792     0.0014   3.405616   3.406142   0.000526    34.2720    34.2765     5.6260     5.3539    -0.2721    26.9802    26.9836    34.2679    26.9770    1485.23    1485.24     5.9777  1030.1088    34.4309 0.0000e+00
      25781  16.902676  -38.44986  -52.89134      0.994    1506.00    686.000    679.714     6.0345     6.0356     0.0011     5.9737     5.9748     0.0011   3.405324   3.405804   0.000484    34.2719    34.2763     5.6084     5.3562    -0.2521    26.9806    26.9839    34.2682    26.9777    1485.24    1485.25     5.9736  1030.1141    34.4312 0.0000e+00
