Pos-Processados/pos_process38/Dados/doperantar38_006.cnv
* Sea-Bird SBE 9 Data File:
* FileName = D:\OPERANTAR_XXXVIII\DADOS\OP38_006.hdr
* Software Version Seasave V 7.18c
* Temperature SN = 4808
* Conductivity SN = 3380
* Number of Bytes Per Scan = 31
* Number of Voltage Words = 2
* Number of Scans Averaged by the Deck Unit = 1
* NMEA Latitude = 45 04.05 S
* NMEA Longitude = 051 28.82 W
* NMEA UTC (Time) = Oct 19 2019 17:49:21
** H41
** NAVIO POLAR ALMIRANTE MAXIMIANO
** CRUZEIRO:
** OPERANTAR XXXVIII
** ESTAวรO: OP38_006
** LAT 45บ 04,05' S
** LONG 051บ 28,85' W
** 09P73767-1155
** PROFUNDIDADE: 5872
** DATA/HORA: 191750Z/OUT/2019
** OPERADOR: SO-HN CHAVES
# nquan = 32
# nvalues = 1037                        
# units = specified
# name 0 = scan: Scan Count
# name 1 = timeJ: Julian Days
# name 2 = latitude: Latitude [deg]
# name 3 = longitude: Longitude [deg]
# name 4 = dz/dtM: Descent Rate [m/s]
# name 5 = avgsvCM: Average Sound Velocity [Chen-Millero, m/s]
# name 6 = prDM: Pressure, Digiquartz [db]
# name 7 = depSM: Depth [salt water, m]
# name 8 = t090C: Temperature [ITS-90, deg C]
# name 9 = t190C: Temperature, 2 [ITS-90, deg C]
# name 10 = T2-T190C: Temperature Difference, 2 - 1 [ITS-90, deg C]
# name 11 = potemp090C: Potential Temperature [ITS-90, deg C]
# name 12 = potemp190C: Potential Temperature, 2 [ITS-90, deg C]
# name 13 = potemp90Cdiff: Potential Temperature, Diff, 2 - 1 [ITS-90, deg C]
# name 14 = c0S/m: Conductivity [S/m]
# name 15 = c1S/m: Conductivity, 2 [S/m]
# name 16 = C2-C1S/m: Conductivity Difference, 2 - 1 [S/m]
# name 17 = sal00: Salinity, Practical [PSU]
# name 18 = sal11: Salinity, Practical, 2 [PSU]
# name 19 = sbeox0ML/L: Oxygen, SBE 43 [ml/l]
# name 20 = sbeox1ML/L: Oxygen, SBE 43, 2 [ml/l]
# name 21 = sbeox0ML/Ldiff: Oxygen, SBE 43, Diff, 2 - 1 [ml/l]
# name 22 = sigma-้00: Density [sigma-theta, kg/m^3]
# name 23 = sigma-้11: Density, 2 [sigma-theta, kg/m^3]
# name 24 = sal00: Salinity, Practical [PSU]
# name 25 = sigma-้00: Density [sigma-theta, kg/m^3]
# name 26 = svCM: Sound Velocity [Chen-Millero, m/s]
# name 27 = svCM1: Sound Velocity, 2 [Chen-Millero, m/s]
# name 28 = gsw_ptA0: potential temperature [ITS-90, deg C]
# name 29 = gsw_densityA0: density, TEOS-10 [density, kg/m^3]
# name 30 = gsw_saA0: Absolute Salinity [g/kg]
# name 31 = flag:
# span 0 =       2324,      31854       
# span 1 = 292.743725, 292.757965       
# span 2 =  -45.06760,  -45.06752       
# span 3 =  -51.48047,  -51.48040       
# span 4 =      0.026,      1.589       
# span 5 =       0.00,    1482.08       
# span 6 =      4.000,   1040.000       
# span 7 =      3.988,   1028.962       
# span 8 =     2.7172,     7.9407       
# span 9 =     2.7180,     7.9412       
# span 10 =    -0.0106,     0.0201      
# span 11 =     2.6516,     7.9403      
# span 12 =     2.6524,     7.9408      
# span 13 =    -0.0106,     0.0201      
# span 14 =   3.124157,   3.557243      
# span 15 =   3.124652,   3.557755      
# span 16 =  -0.000544,   0.002475      
# span 17 =    34.0593,    34.4762      
# span 18 =    34.0638,    34.4813      
# span 19 =     4.0087,     6.7188      
# span 20 =     3.8332,     6.4747      
# span 21 =    -0.3363,    -0.1654      
# span 22 =    26.6917,    27.4917      
# span 23 =    26.6964,    27.4958      
# span 24 =    34.0493,    34.4762      
# span 25 =    26.6914,    27.4917      
# span 26 =    1469.04,    1483.16      
# span 27 =    1469.05,    1483.17      
# span 28 =     2.6515,     7.9403      
# span 29 =  1026.7116,  1032.3141      
# span 30 =    34.2104,    34.6426      
# span 31 = 0.0000e+00, 0.0000e+00      
# interval = decibars: 1                
# start_time = Oct 19 2019 17:49:21 [NMEA time, header]
# bad_flag = -9.990e-29
*END*
[from data line 952]
      29761 292.756956  -45.06758  -51.48046      0.706    1472.87    956.000    946.055     2.7659     2.7667     0.0008     2.7032     2.7040     0.0008   3.141607   3.142091   0.000484    34.4313    34.4363     4.0841     3.9089    -0.1752    27.4576    27.4616    34.4313    27.4576    1476.37    1476.38     2.7031  1031.8955    34.5971 0.0000e+00
      29793 292.756971  -45.06756  -51.48044      0.687    1472.87    957.000    947.042     2.7660     2.7668     0.0008     2.7032     2.7040     0.0008   3.141676   3.142149   0.000472    34.4314    34.4363     4.0885     3.9038    -0.1847    27.4577    27.4616    34.4315    27.4578    1476.39    1476.40     2.7031  1031.9002    34.5973 0.0000e+00
      29816 292.756982  -45.06756  -51.48044      0.921    1472.87    958.000    948.030     2.7659     2.7667     0.0008     2.7030     2.7038     0.0008   3.141744   3.142221   0.000480    34.4318    34.4369     4.0856     3.9065    -0.1791    27.4581    27.4620    34.4319    27.4581    1476.41    1476.42     2.7029  1031.9052    34.5977 0.0000e+00
      29834 292.756991  -45.06756  -51.48044      1.131    1472.87    959.000    949.017     2.7657     2.7666     0.0009     2.7028     2.7037     0.0008   3.141803   3.142271   0.000468    34.4322    34.4370     4.0862     3.9046    -0.1816    27.4584    27.4622    34.4323    27.4584    1476.42    1476.43     2.7027  1031.9101    34.5981 0.0000e+00
      29853 292.757000  -45.06757  -51.48044      1.267    1472.87    960.000    950.005     2.7656     2.7665     0.0008     2.7027     2.7034     0.0008   3.141832   3.142314   0.000481    34.4322    34.4372     4.0848     3.9019    -0.1829    27.4584    27.4623    34.4322    27.4584    1476.44    1476.45     2.7025  1031.9147    34.5980 0.0000e+00
      29875 292.757011  -45.06758  -51.48044      1.224    1472.87    961.000    950.992     2.7654     2.7661     0.0007     2.7024     2.7031     0.0007   3.141859   3.142346   0.000485    34.4323    34.4374     4.0759     3.9017    -0.1742    27.4584    27.4625    34.4323    27.4585    1476.46    1476.47     2.7023  1031.9193    34.5981 0.0000e+00
      29902 292.757024  -45.06758  -51.48044      0.967    1472.87    962.000    951.979     2.7654     2.7661     0.0007     2.7023     2.7030     0.0007   3.141910   3.142384   0.000476    34.4324    34.4374     4.0727     3.8965    -0.1762    27.4585    27.4625    34.4324    27.4586    1476.47    1476.48     2.7021  1031.9240    34.5982 0.0000e+00
      29928 292.757036  -45.06757  -51.48044      0.884    1472.87    963.000    952.967     2.7654     2.7662     0.0008     2.7022     2.7030     0.0008   3.141966   3.142446   0.000481    34.4325    34.4375     4.0753     3.9018    -0.1734    27.4587    27.4626    34.4325    27.4587    1476.49    1476.50     2.7021  1031.9287    34.5984 0.0000e+00
      29948 292.757046  -45.06756  -51.48044      1.029    1472.87    964.000    953.954     2.7654     2.7661     0.0007     2.7021     2.7028     0.0007   3.142015   3.142497   0.000484    34.4326    34.4377     4.0733     3.9042    -0.1691    27.4587    27.4628    34.4326    27.4588    1476.51    1476.52     2.7020  1031.9334    34.5984 0.0000e+00
      29967 292.757055  -45.06756  -51.48044      1.193    1472.87    965.000    954.941     2.7651     2.7658     0.0007     2.7017     2.7024     0.0007   3.142055   3.142528   0.000471    34.4329    34.4379     4.0753     3.8989    -0.1764    27.4590    27.4629    34.4329    27.4591    1476.52    1476.53     2.7016  1031.9383    34.5988 0.0000e+00
      29986 292.757064  -45.06756  -51.48044      1.275    1472.87    966.000    955.928     2.7647     2.7656     0.0008     2.7013     2.7021     0.0008   3.142078   3.142568   0.000489    34.4330    34.4381     4.0812     3.8956    -0.1855    27.4592    27.4631    34.4330    27.4592    1476.54    1476.55     2.7012  1031.9430    34.5989 0.0000e+00
      30008 292.757075  -45.06756  -51.48044      1.194    1472.87    967.000    956.916     2.7646     2.7653     0.0008     2.7011     2.7018     0.0008   3.142117   3.142597   0.000481    34.4332    34.4382     4.0793     3.8948    -0.1845    27.4593    27.4633    34.4332    27.4593    1476.55    1476.56     2.7010  1031.9477    34.5990 0.0000e+00
      30039 292.757090  -45.06756  -51.48046      0.874    1472.87    968.000    957.903     2.7644     2.7652     0.0009     2.7008     2.7016     0.0009   3.142151   3.142631   0.000480    34.4333    34.4382     4.0802     3.8918    -0.1884    27.4594    27.4633    34.4333    27.4594    1476.57    1476.58     2.7007  1031.9524    34.5991 0.0000e+00
      30072 292.757106  -45.06756  -51.48045      0.713    1472.87    969.000    958.890     2.7643     2.7652     0.0009     2.7006     2.7015     0.0009   3.142198   3.142671   0.000472    34.4334    34.4382     4.0774     3.8988    -0.1785    27.4595    27.4633    34.4334    27.4595    1476.59    1476.60     2.7005  1031.9572    34.5993 0.0000e+00
      30097 292.757118  -45.06756  -51.48044      0.845    1472.87    970.000    959.878     2.7644     2.7652     0.0009     2.7006     2.7015     0.0008   3.142254   3.142727   0.000474    34.4335    34.4383     4.0750     3.9015    -0.1735    27.4596    27.4634    34.4335    27.4596    1476.60    1476.61     2.7006  1031.9618    34.5994 0.0000e+00
      30120 292.757129  -45.06757  -51.48044      1.007    1472.87    971.000    960.865     2.7644     2.7651     0.0008     2.7006     2.7013     0.0007   3.142312   3.142783   0.000471    34.4336    34.4386     4.0721     3.9001    -0.1720    27.4597    27.4636    34.4337    27.4597    1476.62    1476.63     2.7005  1031.9665    34.5995 0.0000e+00
      30141 292.757139  -45.06757  -51.48044      1.100    1472.87    972.000    961.852     2.7644     2.7651     0.0008     2.7005     2.7013     0.0008   3.142361   3.142840   0.000478    34.4338    34.4387     4.0697     3.8965    -0.1732    27.4598    27.4637    34.4337    27.4598    1476.64    1476.65     2.7004  1031.9712    34.5996 0.0000e+00
      30162 292.757149  -45.06756  -51.48044      1.139    1472.87    973.000    962.839     2.7643     2.7651     0.0008     2.7003     2.7011     0.0007   3.142418   3.142894   0.000475    34.4340    34.4389     4.0713     3.8956    -0.1757    27.4600    27.4639    34.4340    27.4600    1476.65    1476.66     2.7002  1031.9760    34.5999 0.0000e+00
      30181 292.757158  -45.06756  -51.48044      1.184    1472.87    974.000    963.827     2.7643     2.7651     0.0008     2.7003     2.7011     0.0008   3.142473   3.142944   0.000474    34.4341    34.4390     4.0784     3.8911    -0.1873    27.4601    27.4640    34.4341    27.4601    1476.67    1476.68     2.7002  1031.9807    34.6000 0.0000e+00
      30198 292.757167  -45.06756  -51.48044      1.271    1472.87    975.000    964.814     2.7643     2.7652     0.0009     2.7002     2.7011     0.0009   3.142515   3.143000   0.000481    34.4341    34.4390     4.0811     3.8865    -0.1947    27.4601    27.4640    34.4341    27.4601    1476.69    1476.70     2.7001  1031.9853    34.6000 0.0000e+00
      30215 292.757175  -45.06756  -51.48044      1.376    1472.87    976.000    965.801     2.7643     2.7650     0.0007     2.7001     2.7008     0.0007   3.142566   3.143045   0.000480    34.4342    34.4392     4.0779     3.8872    -0.1907    27.4602    27.4642    34.4343    27.4603    1476.70    1476.71     2.7000  1031.9900    34.6002 0.0000e+00
      30232 292.757183  -45.06756  -51.48045      1.429    1472.87    977.000    966.788     2.7641     2.7648     0.0008     2.6999     2.7006     0.0007   3.142599   3.143090   0.000490    34.4343    34.4395     4.0749     3.8904    -0.1846    27.4603    27.4644    34.4343    27.4603    1476.72    1476.73     2.6998  1031.9947    34.6002 0.0000e+00
      30254 292.757194  -45.06756  -51.48045      1.294    1472.87    978.000    967.776     2.7631     2.7639     0.0008     2.6988     2.6996     0.0008   3.142641   3.143127   0.000486    34.4353    34.4404     4.0734     3.8932    -0.1801    27.4612    27.4652    34.4353    27.4612    1476.73    1476.74     2.6987  1032.0002    34.6012 0.0000e+00
      30287 292.757210  -45.06756  -51.48044      0.807    1472.87    979.000    968.763     2.7620     2.7627     0.0007     2.6976     2.6983     0.0007   3.142687   3.143159   0.000474    34.4367    34.4416     4.0775     3.8875    -0.1900    27.4624    27.4663    34.4366    27.4623    1476.75    1476.76     2.6975  1032.0059    34.6025 0.0000e+00
      30321 292.757226  -45.06756  -51.48044      0.675    1472.87    980.000    969.750     2.7602     2.7609     0.0007     2.6958     2.6965     0.0007   3.142744   3.143227   0.000484    34.4387    34.4438     4.0749     3.8850    -0.1899    27.4642    27.4682    34.4386    27.4641    1476.76    1476.77     2.6957  1032.0123    34.6046 0.0000e+00
      30346 292.757238  -45.06756  -51.48044      0.864    1472.87    981.000    970.737     2.7591     2.7600     0.0009     2.6946     2.6955     0.0008   3.142751   3.143241   0.000489    34.4396    34.4446     4.0676     3.8875    -0.1801    27.4650    27.4689    34.4394    27.4648    1476.77    1476.78     2.6945  1032.0176    34.6053 0.0000e+00
      30367 292.757248  -45.06756  -51.48044      1.027    1472.87    982.000    971.725     2.7537     2.7545     0.0008     2.6891     2.6899     0.0008   3.142361   3.142838   0.000480    34.4407    34.4457     4.0662     3.8891    -0.1771    27.4664    27.4703    34.4399    27.4657    1476.76    1476.77     2.6891  1032.0232    34.6058 0.0000e+00
      30387 292.757258  -45.06756  -51.48044      1.159    1472.87    983.000    972.712     2.7484     2.7492     0.0008     2.6838     2.6846     0.0008   3.142047   3.142526   0.000480    34.4417    34.4466     4.0604     3.8816    -0.1788    27.4676    27.4715    34.4411    27.4672    1476.76    1476.77     2.6837  1032.0295    34.6071 0.0000e+00
      30405 292.757266  -45.06756  -51.48044      1.258    1472.87    984.000    973.699     2.7459     2.7467     0.0007     2.6813     2.6820     0.0007   3.141912   3.142384   0.000472    34.4423    34.4472     4.0589     3.8786    -0.1803    27.4683    27.4722    34.4416    27.4678    1476.77    1476.77     2.6812  1032.0347    34.6076 0.0000e+00
      30422 292.757275  -45.06756  -51.48044      1.329    1472.87    985.000    974.686     2.7410     2.7421     0.0011     2.6764     2.6775     0.0011   3.141495   3.142030   0.000527    34.4423    34.4475     4.0550     3.8741    -0.1808    27.4687    27.4728    34.4412    27.4679    1476.76    1476.77     2.6762  1032.0395    34.6072 0.0000e+00
      30441 292.757284  -45.06756  -51.48044      1.349    1472.87    986.000    975.674     2.7389     2.7399     0.0011     2.6742     2.6752     0.0010   3.141418   3.141898   0.000489    34.4426    34.4474     4.0493     3.8633    -0.1859    27.4692    27.4729    34.4420    27.4687    1476.77    1476.78     2.6741  1032.0450    34.6080 0.0000e+00
      30463 292.757294  -45.06756  -51.48044      1.221    1472.87    987.000    976.661     2.7363     2.7372     0.0009     2.6716     2.6724     0.0008   3.141203   3.141701   0.000496    34.4423    34.4475     4.0435     3.8650    -0.1785    27.4692    27.4732    34.4416    27.4686    1476.77    1476.78     2.6715  1032.0496    34.6076 0.0000e+00
      30492 292.757308  -45.06756  -51.48044      0.914    1472.87    988.000    977.648     2.7349     2.7355     0.0006     2.6700     2.6707     0.0006   3.141143   3.141610   0.000469    34.4424    34.4474     4.0357     3.8626    -0.1731    27.4693    27.4733    34.4419    27.4690    1476.78    1476.79     2.6700  1032.0547    34.6080 0.0000e+00
      30518 292.757321  -45.06756 -9.990e-29      0.836    1472.87    989.000    978.635     2.7341     2.7349     0.0008     2.6692     2.6700     0.0008   3.141158   3.141622   0.000464    34.4428    34.4476     4.0373     3.8595    -0.1778    27.4697    27.4735    34.4424    27.4694    1476.80    1476.81     2.6691  1032.0600    34.6088 0.0000e+00
      30538 292.757331  -45.06756 -9.990e-29      1.030    1472.87    990.000    979.622     2.7338     2.7345     0.0008     2.6688     2.6695     0.0007   3.141163   3.141625   0.000466    34.4429    34.4478     4.0418     3.8571    -0.1847    27.4699    27.4737    34.4423    27.4694    1476.82    1476.82     2.6687  1032.0645    34.6087 0.0000e+00
      30554 292.757338  -45.06756 -9.990e-29      1.253    1472.87    991.000    980.609     2.7302     2.7313     0.0010     2.6652     2.6662     0.0010   3.140933   3.141455   0.000509    34.4433    34.4484     4.0423     3.8560    -0.1864    27.4706    27.4746    34.4427    27.4700    1476.81    1476.83     2.6651  1032.0699    34.6091 0.0000e+00
      30570 292.757346  -45.06756 -9.990e-29      1.426    1472.87    992.000    981.597     2.7285     2.7296     0.0011     2.6634     2.6645     0.0011   3.140812   3.141318   0.000509    34.4433    34.4483     4.0406     3.8526    -0.1880    27.4707    27.4746    34.4426    27.4701    1476.82    1476.84     2.6633  1032.0746    34.6090 0.0000e+00
      30589 292.757355  -45.06756  -51.48044      1.425    1472.87    993.000    982.584     2.7273     2.7283     0.0010     2.6622     2.6632     0.0010   3.140782   3.141271   0.000490    34.4434    34.4483     4.0385     3.8548    -0.1837    27.4708    27.4747    34.4429    27.4705    1476.84    1476.85     2.6620  1032.0795    34.6092 0.0000e+00
      30631 292.757375  -45.06756  -51.48044      0.648    1472.87    994.000    983.571     2.7280     2.7290     0.0011     2.6628     2.6638     0.0010   3.140874   3.141376   0.000502    34.4432    34.4482     4.0349     3.8517    -0.1831    27.4706    27.4745    34.4428    27.4703    1476.86    1476.87     2.6627  1032.0837    34.6088 0.0000e+00
      30664 292.757392  -45.06756  -51.48044      0.600    1472.87    995.000    984.558     2.7274     2.7279     0.0006     2.6621     2.6627     0.0006   3.140847   3.141321   0.000470    34.4432    34.4483     4.0348     3.8488    -0.1860    27.4707    27.4747    34.4426    27.4702    1476.87    1476.88     2.6620  1032.0882    34.6086 0.0000e+00
      30683 292.757401  -45.06756  -51.48044      1.012    1472.87    996.000    985.545     2.7230     2.7244     0.0014     2.6577     2.6591     0.0013   3.140524   3.141047   0.000525    34.4435    34.4484     4.0322     3.8574    -0.1748    27.4713    27.4751    34.4427    27.4707    1476.87    1476.88     2.6576  1032.0934    34.6088 0.0000e+00
      30699 292.757408  -45.06756  -51.48044      1.291    1472.87    997.000    986.532     2.7185     2.7195     0.0009     2.6532     2.6541     0.0009   3.140291   3.140769   0.000478    34.4447    34.4495     4.0278     3.8587    -0.1691    27.4727    27.4765    34.4442    27.4723    1476.87    1476.88     2.6530  1032.0996    34.6102 0.0000e+00
      30714 292.757416  -45.06756  -51.48044      1.458    1472.87    998.000    987.519     2.7176     2.7184     0.0008     2.6522     2.6530     0.0008   3.140318   3.140805   0.000484    34.4454    34.4505     4.0243     3.8516    -0.1727    27.4734    27.4773    34.4450    27.4730    1476.88    1476.89     2.6521  1032.1049    34.6110 0.0000e+00
      30730 292.757423  -45.06756  -51.48044      1.545    1472.87    999.000    988.507     2.7174     2.7182     0.0007     2.6519     2.6527     0.0007   3.140363   3.140854   0.000493    34.4456    34.4507     4.0248     3.8493    -0.1754    27.4735    27.4776    34.4452    27.4732    1476.90    1476.91     2.6518  1032.1097    34.6112 0.0000e+00
      30747 292.757432  -45.06756  -51.48044      1.524    1472.87   1000.000    989.494     2.7172     2.7180     0.0007     2.6516     2.6524     0.0007   3.140418   3.140899   0.000482    34.4459    34.4510     4.0254     3.8500    -0.1754    27.4738    27.4778    34.4456    27.4735    1476.91    1476.92     2.6515  1032.1147    34.6116 0.0000e+00
