Pos-Processados/pos_process38/Dados/doperantar38_021.cnv
* Sea-Bird SBE 9 Data File:
* FileName = D:\OPERANTAR_XXXVIII\DADOS\OP38_021.hdr
* Software Version Seasave V 7.18c
* Temperature SN = 4808
* Conductivity SN = 3380
* Number of Bytes Per Scan = 34
* Number of Voltage Words = 3
* Number of Scans Averaged by the Deck Unit = 1
* NMEA Latitude = 62 13.30 S
* NMEA Longitude = 058 22.74 W
* NMEA UTC (Time) = Nov 22 2019 13:35:38
** H41
** NAVIO POLAR ALMIRANTE MAXIMIANO
** CRUZEIRO:
** OPERANTAR XXXVIII
** ESTAÇÃO: OP38_021
** LAT 62 13,29'S
** LONG 058 22,75'W
** 09P73767-1155_A
** PROFUNDIDADE: 271
** DATA/HORA: 221336Z/NOV/2019
** OPERADOR: SO-HN CHAVES
# nquan = 33
# nvalues = 231                         
# units = specified
# name 0 = scan: Scan Count
# name 1 = timeJ: Julian Days
# name 2 = latitude: Latitude [deg]
# name 3 = longitude: Longitude [deg]
# name 4 = dz/dtM: Descent Rate [m/s]
# name 5 = avgsvCM: Average Sound Velocity [Chen-Millero, m/s]
# name 6 = prDM: Pressure, Digiquartz [db]
# name 7 = depSM: Depth [salt water, m]
# name 8 = t090C: Temperature [ITS-90, deg C]
# name 9 = t190C: Temperature, 2 [ITS-90, deg C]
# name 10 = T2-T190C: Temperature Difference, 2 - 1 [ITS-90, deg C]
# name 11 = potemp090C: Potential Temperature [ITS-90, deg C]
# name 12 = potemp190C: Potential Temperature, 2 [ITS-90, deg C]
# name 13 = potemp90Cdiff: Potential Temperature, Diff, 2 - 1 [ITS-90, deg C]
# name 14 = c0S/m: Conductivity [S/m]
# name 15 = c1S/m: Conductivity, 2 [S/m]
# name 16 = C2-C1S/m: Conductivity Difference, 2 - 1 [S/m]
# name 17 = sal00: Salinity, Practical [PSU]
# name 18 = sal11: Salinity, Practical, 2 [PSU]
# name 19 = sbeox0ML/L: Oxygen, SBE 43 [ml/l]
# name 20 = sigma-é00: Density [sigma-theta, kg/m^3]
# name 21 = sigma-é11: Density, 2 [sigma-theta, kg/m^3]
# name 22 = sbox0Mm/Kg: Oxygen, SBE 43 [umol/kg]
# name 23 = oxsolMm/Kg: Oxygen Saturation, Garcia & Gordon [umol/kg]
# name 24 = oxsatMm/Kg: Oxygen Saturation, Weiss [umol/kg]
# name 25 = sal00: Salinity, Practical [PSU]
# name 26 = sigma-é00: Density [sigma-theta, kg/m^3]
# name 27 = svCM: Sound Velocity [Chen-Millero, m/s]
# name 28 = svCM1: Sound Velocity, 2 [Chen-Millero, m/s]
# name 29 = gsw_ptA0: potential temperature [ITS-90, deg C]
# name 30 = gsw_densityA0: density, TEOS-10 [density, kg/m^3]
# name 31 = gsw_saA0: Absolute Salinity [g/kg]
# name 32 = flag:
# span 0 =        115,      10628       
# span 1 = 326.566467, 326.571537       
# span 2 =  -62.22180,  -62.22178       
# span 3 =  -58.37916,  -58.37914       
# span 4 =     -0.027,      0.944       
# span 5 =       0.00,    1447.94       
# span 6 =      2.000,    232.000       
# span 7 =      1.984,    229.637       
# span 8 =    -0.5713,    -0.3351       
# span 9 =    -0.5712,    -0.3220       
# span 10 =    -0.0092,     0.0269      
# span 11 =    -0.5786,    -0.3352      
# span 12 =    -0.5786,    -0.3221      
# span 13 =    -0.0092,     0.0269      
# span 14 =   2.807432,   2.814514      
# span 15 =   2.808261,   2.815082      
# span 16 =  -0.000096,   0.001569      
# span 17 =    34.1839,    34.3150      
# span 18 =    34.1721,    34.3227      
# span 19 =     6.9045,     7.5991      
# span 20 =    27.4639,    27.5810      
# span 21 =    27.4552,    27.5872      
# span 22 =    300.082,    330.303      
# span 23 =  353.25557,  355.09110      
# span 24 =  354.79947,  356.69176      
# span 25 =    34.1834,    34.3150      
# span 26 =    27.4637,    27.5809      
# span 27 =    1446.42,    1449.35      
# span 28 =    1446.52,    1449.36      
# span 29 =    -0.5785,    -0.3352      
# span 30 =  1027.4779,  1028.6944      
# span 31 =    34.3483,    34.4824      
# span 32 = 0.0000e+00, 0.0000e+00      
# interval = decibars: 1                
# start_time = Nov 22 2019 13:35:38 [NMEA time, header]
# bad_flag = -9.990e-29
*END*
[from data line 88]
       5392 326.569012  -62.22178  -58.37916      0.452    1446.97     90.000     89.116    -0.4449    -0.4435     0.0014    -0.4477    -0.4463     0.0014   2.809925   2.810524   0.000595    34.1979    34.2043     7.4941    27.4803    27.4855    325.735  354.23700  355.80459    34.1977    27.4802    1447.47    1447.48    -0.4477  1027.9153    34.3634 0.0000e+00
       5446 326.569038  -62.22178  -58.37916      0.443    1446.97     91.000     90.106    -0.4477    -0.4449     0.0028    -0.4506    -0.4477     0.0028   2.809808   2.810434   0.000626    34.1988    34.2040     7.4994    27.4813    27.4854    325.966  354.26035  355.82858    34.1986    27.4811    1447.47    1447.49    -0.4505  1027.9210    34.3644 0.0000e+00
       5497 326.569062  -62.22178  -58.37916      0.471    1446.97     92.000     91.096    -0.4507    -0.4465     0.0042    -0.4536    -0.4494     0.0042   2.809643   2.810346   0.000696    34.1995    34.2042     7.4828    27.4820    27.4855    325.245  354.28658  355.85549    34.1992    27.4817    1447.48    1447.50    -0.4535  1027.9264    34.3649 0.0000e+00
       5535 326.569081  -62.22178  -58.37916      0.611    1446.97     93.000     92.085    -0.4532    -0.4484     0.0048    -0.4561    -0.4513     0.0048   2.809554   2.810233   0.000673    34.2004    34.2041     7.4749    27.4828    27.4855    324.901  354.30666  355.87612    34.2002    27.4826    1447.48    1447.51    -0.4560  1027.9321    34.3659 0.0000e+00
       5566 326.569096  -62.22178  -58.37916      0.745    1446.97     94.000     93.042    -0.4549    -0.4501     0.0048    -0.4578    -0.4530     0.0048   2.809471   2.810177   0.000702    34.2007    34.2047     7.4672    27.4831    27.4861    324.567  354.32224  355.89208    34.2004    27.4829    1447.49    1447.52    -0.4578  1027.9371    34.3662 0.0000e+00
       5600 326.569112  -62.22178  -58.37916      0.733    1446.97     95.000     94.071    -0.4553    -0.4517     0.0037    -0.4583    -0.4547     0.0037   2.809490   2.810134   0.000646    34.2007    34.2053     7.4694    27.4831    27.4867    324.663  354.32631  355.89625    34.2005    27.4830    1447.50    1447.53    -0.4582  1027.9421    34.3663 0.0000e+00
       5640 326.569131  -62.22178  -58.37916      0.609    1446.97     96.000     95.064    -0.4553    -0.4529     0.0025    -0.4583    -0.4559     0.0024   2.809542   2.810152   0.000616    34.2007    34.2062     7.4714    27.4831    27.4875    324.747  354.32605  355.89598    34.2006    27.4830    1447.52    1447.54    -0.4582  1027.9469    34.3664 0.0000e+00
       5679 326.569150  -62.22178  -58.37916      0.610    1446.97     97.000     96.059    -0.4560    -0.4540     0.0020    -0.4590    -0.4570     0.0020   2.809543   2.810157   0.000617    34.2008    34.2069     7.4724    27.4833    27.4881    324.793  354.33171  355.90179    34.2007    27.4832    1447.54    1447.55    -0.4590  1027.9518    34.3665 0.0000e+00
       5713 326.569167  -62.22178  -58.37916      0.686    1446.97     98.000     97.037    -0.4565    -0.4546     0.0019    -0.4595    -0.4577     0.0018   2.809574   2.810187   0.000612    34.2012    34.2074     7.4726    27.4836    27.4885    324.800  354.33520  355.90540    34.2011    27.4835    1447.55    1447.57    -0.4595  1027.9569    34.3669 0.0000e+00
       5746 326.569183  -62.22178  -58.37916      0.722    1446.97     99.000     98.026    -0.4583    -0.4555     0.0028    -0.4614    -0.4586     0.0028   2.809525   2.810175   0.000652    34.2020    34.2077     7.4730    27.4843    27.4888    324.819  354.35022  355.92086    34.2019    27.4842    1447.56    1447.58    -0.4613  1027.9625    34.3678 0.0000e+00
       5781 326.569199  -62.22178  -58.37916      0.701    1446.97    100.000     99.011    -0.4582    -0.4563     0.0019    -0.4614    -0.4595     0.0019   2.809590   2.810188   0.000601    34.2022    34.2081     7.4704    27.4845    27.4892    324.703  354.34919  355.91981    34.2020    27.4844    1447.57    1447.59    -0.4613  1027.9674    34.3679 0.0000e+00
       5816 326.569216  -62.22178  -58.37916      0.683    1446.97    101.000    100.011    -0.4588    -0.4570     0.0018    -0.4619    -0.4602     0.0018   2.809608   2.810217   0.000610    34.2024    34.2086     7.4661    27.4847    27.4896    324.515  354.35368  355.92443    34.2023    27.4846    1447.59    1447.60    -0.4619  1027.9724    34.3683 0.0000e+00
       5849 326.569232  -62.22178  -58.37916      0.720    1446.97    102.000    100.994    -0.4596    -0.4577     0.0019    -0.4628    -0.4609     0.0019   2.809644   2.810235   0.000596    34.2032    34.2090     7.4561    27.4853    27.4900    324.084  354.35906  355.93002    34.2031    27.4852    1447.60    1447.62    -0.4627  1027.9778    34.3690 0.0000e+00
       5882 326.569248  -62.22178  -58.37916      0.736    1446.97    103.000    101.987    -0.4603    -0.4583     0.0020    -0.4635    -0.4615     0.0020   2.809663   2.810279   0.000614    34.2036    34.2096     7.4613    27.4857    27.4905    324.307  354.36415  355.93528    34.2035    27.4856    1447.62    1447.63    -0.4634  1027.9830    34.3694 0.0000e+00
       5917 326.569265  -62.22178  -58.37916      0.692    1446.97    104.000    102.976    -0.4608    -0.4590     0.0017    -0.4640    -0.4623     0.0017   2.809685   2.810299   0.000614    34.2038    34.2101     7.4596    27.4859    27.4909    324.234  354.36801  355.93925    34.2037    27.4858    1447.63    1447.65    -0.4640  1027.9880    34.3697 0.0000e+00
       5953 326.569282  -62.22178  -58.37916      0.667    1446.97    105.000    103.966    -0.4613    -0.4597     0.0016    -0.4646    -0.4630     0.0016   2.809694   2.810301   0.000608    34.2040    34.2103     7.4595    27.4861    27.4911    324.231  354.37299  355.94436    34.2039    27.4860    1447.64    1447.66    -0.4645  1027.9929    34.3698 0.0000e+00
       5988 326.569299  -62.22178  -58.37916      0.689    1446.97    106.000    104.955    -0.4613    -0.4602     0.0011    -0.4647    -0.4636     0.0011   2.809747   2.810328   0.000585    34.2040    34.2106     7.4551    27.4861    27.4914    324.037  354.37286  355.94423    34.2040    27.4860    1447.66    1447.67    -0.4646  1027.9978    34.3700 0.0000e+00
       6025 326.569317  -62.22178  -58.37916      0.650 -9.990e-29    107.000    105.944    -0.4625    -0.4606     0.0020    -0.4659    -0.4639     0.0020   2.809670   2.810363   0.000673    34.2041    34.2109     7.4503    27.4862    27.4916    323.829  354.38407  355.95570    34.2037    27.4859    1447.67    1447.69    -0.4658  1028.0024    34.3697 0.0000e+00
       6061 326.569335  -62.22178  -58.37916      0.648 -9.990e-29    108.000    106.937    -0.4734    -0.4621     0.0113    -0.4768    -0.4655     0.0113   2.808914   2.810114   0.001170    34.2060    34.2091     7.4507    27.4883    27.4902    323.846  354.47978  356.05381    34.2051    27.4876    1447.64    1447.70    -0.4767  1028.0089    34.3712 0.0000e+00
       6093 326.569350  -62.22178  -58.37916      0.739    1447.15    109.000    107.925    -0.4876    -0.4660     0.0216    -0.4910    -0.4695     0.0215   2.807895   2.809509   0.001569    34.2083    34.2051     7.4532    27.4907    27.4872    323.955  354.60578  356.18292    34.2068    27.4895    1447.59    1447.69    -0.4909  1028.0157    34.3728 0.0000e+00
       6122 326.569364  -62.22178  -58.37916      0.817    1447.16    110.000    108.915    -0.4907    -0.4723     0.0183    -0.4941    -0.4758     0.0183   2.807888   2.808746   0.000850    34.2104    34.2012     7.4397    27.4926    27.4843    323.368  354.62871  356.20661    34.2096    27.4919    1447.59    1447.67    -0.4940  1028.0229    34.3757 0.0000e+00
       6153 326.569379  -62.22178  -58.37916      0.784    1447.16    111.000    109.905    -0.4909    -0.4780     0.0129    -0.4944    -0.4815     0.0129   2.807942   2.808740   0.000801    34.2105    34.2066     7.4276    27.4926    27.4890    322.842  354.63096  356.20892    34.2100    27.4923    1447.61    1447.67    -0.4943  1028.0280    34.3761 0.0000e+00
       6192 326.569398  -62.22178  -58.37916      0.640    1447.16    112.000    110.895    -0.4893    -0.4825     0.0067    -0.4927    -0.4860     0.0067   2.808105   2.808824   0.000713    34.2102    34.2122     7.4142    27.4924    27.4937    322.257  354.61605  356.19364    34.2097    27.4920    1447.64    1447.67    -0.4927  1028.0325    34.3758 0.0000e+00
       6233 326.569417  -62.22178  -58.37916      0.579    1447.16    113.000    111.884    -0.4903    -0.4852     0.0050    -0.4938    -0.4887     0.0050   2.808080   2.808880   0.000814    34.2103    34.2155     7.4115    27.4924    27.4965    322.141  354.62523  356.20304    34.2099    27.4922    1447.65    1447.68    -0.4937  1028.0375    34.3760 0.0000e+00
       6269 326.569435  -62.22178  -58.37916      0.652    1447.16    114.000    112.874    -0.4898    -0.4869     0.0029    -0.4934    -0.4905     0.0029   2.808140   2.808850   0.000720    34.2099    34.2163     7.4016    27.4921    27.4972    321.711  354.62215  356.19984    34.2096    27.4919    1447.66    1447.69    -0.4933  1028.0420    34.3757 0.0000e+00
       6303 326.569451  -62.22178  -58.37916      0.700    1447.16    115.000    113.864    -0.4915    -0.4879     0.0036    -0.4951    -0.4915     0.0036   2.808152   2.808915   0.000761    34.2114    34.2175     7.4058    27.4934    27.4982    321.893  354.63355  356.21168    34.2110    27.4931    1447.67    1447.70    -0.4950  1028.0480    34.3771 0.0000e+00
       6337 326.569468  -62.22178  -58.37916      0.708    1447.16    116.000    114.854    -0.4977    -0.4890     0.0086    -0.5013    -0.4926     0.0086   2.807993   2.808909   0.000913    34.2157    34.2183     7.4131    27.4972    27.4989    322.209  354.67943  356.25910    34.2152    27.4968    1447.67    1447.71    -0.5012  1028.0565    34.3814 0.0000e+00
       6370 326.569484  -62.22178  -58.37916      0.720    1447.16    117.000    115.844    -0.4981    -0.4914     0.0067    -0.5017    -0.4951     0.0066   2.808041   2.808805   0.000773    34.2160    34.2189     7.4064    27.4975    27.4995    321.920  354.68232  356.26209    34.2157    27.4972    1447.68    1447.72    -0.5017  1028.0617    34.3819 0.0000e+00
       6404 326.569500  -62.22178  -58.37916      0.716    1447.16    118.000    116.834    -0.4966    -0.4934     0.0032    -0.5003    -0.4971     0.0032   2.808169   2.808838   0.000685    34.2153    34.2209     7.3934    27.4968    27.5012    321.351  354.67078  356.25020    34.2152    27.4967    1447.71    1447.73    -0.5002  1028.0660    34.3814 0.0000e+00
       6437 326.569516  -62.22178  -58.37916      0.718    1447.16    119.000    117.824    -0.4954    -0.4944     0.0010    -0.4991    -0.4981     0.0010   2.808251   2.808914   0.000665    34.2146    34.2224     7.3818    27.4962    27.5024    320.848  354.66135  356.24047    34.2143    27.4960    1447.73    1447.74    -0.4990  1028.0700    34.3805 0.0000e+00
       6471 326.569532  -62.22178  -58.37916      0.705    1447.16    120.000    118.814    -0.4965    -0.4951     0.0014    -0.5003    -0.4989     0.0014   2.808271   2.808934   0.000686    34.2152    34.2229     7.3841    27.4968    27.5029    320.951  354.67002  356.24942    34.2152    27.4968    1447.74    1447.76    -0.5002  1028.0755    34.3814 0.0000e+00
       6507 326.569550  -62.22178  -58.37916      0.674    1447.16    121.000    119.803    -0.4903    -0.4950    -0.0047    -0.4940    -0.4988    -0.0047   2.808590   2.809076   0.000496    34.2118    34.2238     7.3927    27.4937    27.5036    321.322  354.62123  356.19912    34.2118    27.4937    1447.78    1447.77    -0.4940  1028.0773    34.3780 0.0000e+00
       6545 326.569568  -62.22179  -58.37916      0.648    1447.16    122.000    120.788    -0.4954    -0.4939     0.0015    -0.4992    -0.4977     0.0015   2.808398   2.809182   0.000785    34.2146    34.2235     7.3902    27.4962    27.5033    321.214  354.66121  356.24033    34.2144    27.4961    1447.78    1447.79    -0.4991  1028.0844    34.3806 0.0000e+00
       6583 326.569586  -62.22180  -58.37916      0.624    1447.16    123.000    121.789    -0.4993    -0.4942     0.0051    -0.5031    -0.4980     0.0051   2.808255   2.809063   0.000817    34.2164    34.2216     7.3967    27.4978    27.5018    321.496  354.69239  356.27243    34.2163    27.4977    1447.78    1447.81    -0.5030  1028.0908    34.3825 0.0000e+00
       6621 326.569605  -62.22180  -58.37916      0.631    1447.16    124.000    122.771    -0.4992    -0.4954     0.0038    -0.5031    -0.4993     0.0038   2.808280   2.809035   0.000732    34.2164    34.2219     7.3882    27.4978    27.5021    321.126  354.69219  356.27223    34.2159    27.4975    1447.79    1447.82    -0.5030  1028.0954    34.3822 0.0000e+00
       6656 326.569621  -62.22180  -58.37916      0.678    1447.16    125.000    123.765    -0.5070    -0.4971     0.0099    -0.5109    -0.5010     0.0099   2.807929   2.808923   0.000990    34.2198    34.2219     7.3850    27.5009    27.5022    320.987  354.75504  356.33690    34.2193    27.5006    1447.78    1447.83    -0.5108  1028.1033    34.3856 0.0000e+00
       6688 326.569637  -62.22180  -58.37916      0.732    1447.16    126.000    124.752    -0.5101    -0.5002     0.0099    -0.5140    -0.5042     0.0099   2.807791   2.808674   0.000858    34.2211    34.2215     7.3771    27.5021    27.5020    320.643  354.78048  356.36306    34.2204    27.5015    1447.78    1447.83    -0.5139  1028.1091    34.3867 0.0000e+00
       6721 326.569653  -62.22180  -58.37916      0.741    1447.16    127.000    125.736    -0.5111    -0.5038     0.0073    -0.5150    -0.5078     0.0072   2.807785   2.808533   0.000755    34.2211    34.2230     7.3669    27.5021    27.5034    320.199  354.78955  356.37234    34.2208    27.5019    1447.79    1447.83    -0.5150  1028.1142    34.3871 0.0000e+00
       6760 326.569672  -62.22180  -58.37915      0.634    1447.16    128.000    126.735    -0.5099    -0.5067     0.0032    -0.5139    -0.5107     0.0032   2.807912   2.808575   0.000673    34.2208    34.2262     7.3559    27.5019    27.5061    319.721  354.77956  356.36209    34.2205    27.5017    1447.81    1447.84    -0.5138  1028.1188    34.3869 0.0000e+00
       6804 326.569693  -62.22180  -58.37914      0.544    1447.16    129.000    127.721    -0.5126    -0.5084     0.0043    -0.5167    -0.5124     0.0042   2.807789   2.808662   0.000852    34.2219    34.2286     7.3557    27.5029    27.5081    319.714  354.80177  356.38493    34.2214    27.5025    1447.82    1447.85    -0.5165  1028.1249    34.3884 0.0000e+00
       6841 326.569711  -62.22180 -9.990e-29      0.624    1447.16    130.000    128.711    -0.5165    -0.5099     0.0066    -0.5206    -0.5139     0.0066   2.807693   2.808505   0.000837    34.2240    34.2277     7.3534    27.5048    27.5075    319.612  354.83245  356.41655    34.2239    27.5046    1447.82    1447.86    -0.5205  1028.1325    34.3917 0.0000e+00
       6879 326.569729  -62.22180 -9.990e-29      0.652    1447.16    131.000    129.701    -0.5108    -0.5119    -0.0012    -0.5148    -0.5160    -0.0012   2.808056   2.808515   0.000477    34.2216    34.2293     7.3468    27.5025    27.5089    319.326  354.78526  356.36801    34.2216    27.5026    1447.86    1447.86    -0.5148  1028.1352    34.3895 0.0000e+00
       6920 326.569749  -62.22180  -58.37916      0.579    1447.16    132.000    130.691    -0.5089    -0.5119    -0.0030    -0.5131    -0.5160    -0.0030   2.808178   2.808764   0.000598    34.2206    34.2320     7.3393    27.5017    27.5110    319.001  354.77105  356.35337    34.2206    27.5017    1447.88    1447.88    -0.5129  1028.1380    34.3871 0.0000e+00
