Pos-Processados/pos_process38/Dados/doperantar38_002.cnv
* Sea-Bird SBE 9 Data File:
* FileName = D:\OPERANTAR_XXXVIII\DADOS\OP38_002.hdr
* Software Version Seasave V 7.12
* Temperature SN = 4808
* Conductivity SN = 3380
* Number of Bytes Per Scan = 31
* Number of Voltage Words = 2
* Number of Scans Averaged by the Deck Unit = 1
* NMEA Latitude = 38 26.99 S
* NMEA Longitude = 052 53.48 W
* NMEA UTC (Time) = Jan 16 2019 21:21:57
** H41
** NAVIO POLAR ALMIRANTE MAXIMIANO
** CRUZEIRO:
** OPERANTAR XXXVIII
** ESTAวรO: 002
** LAT 38บ 26,99'S
** LONG 052บ 53,46'W
** 09P73767-1155
** PROFUNDIDADE: 4158 m
** DATA/HORA: 162121Z/OUT/2019
** OPERADOR: SO-HN CHAVES
# nquan = 32
# nvalues = 1039                        
# units = specified
# name 0 = scan: Scan Count
# name 1 = timeJ: Julian Days
# name 2 = latitude: Latitude [deg]
# name 3 = longitude: Longitude [deg]
# name 4 = dz/dtM: Descent Rate [m/s]
# name 5 = avgsvCM: Average Sound Velocity [Chen-Millero, m/s]
# name 6 = prDM: Pressure, Digiquartz [db]
# name 7 = depSM: Depth [salt water, m]
# name 8 = t090C: Temperature [ITS-90, deg C]
# name 9 = t190C: Temperature, 2 [ITS-90, deg C]
# name 10 = T2-T190C: Temperature Difference, 2 - 1 [ITS-90, deg C]
# name 11 = potemp090C: Potential Temperature [ITS-90, deg C]
# name 12 = potemp190C: Potential Temperature, 2 [ITS-90, deg C]
# name 13 = potemp90Cdiff: Potential Temperature, Diff, 2 - 1 [ITS-90, deg C]
# name 14 = c0S/m: Conductivity [S/m]
# name 15 = c1S/m: Conductivity, 2 [S/m]
# name 16 = C2-C1S/m: Conductivity Difference, 2 - 1 [S/m]
# name 17 = sal00: Salinity, Practical [PSU]
# name 18 = sal11: Salinity, Practical, 2 [PSU]
# name 19 = sbeox0ML/L: Oxygen, SBE 43 [ml/l]
# name 20 = sbeox1ML/L: Oxygen, SBE 43, 2 [ml/l]
# name 21 = sbeox0ML/Ldiff: Oxygen, SBE 43, Diff, 2 - 1 [ml/l]
# name 22 = sigma-้00: Density [sigma-theta, kg/m^3]
# name 23 = sigma-้11: Density, 2 [sigma-theta, kg/m^3]
# name 24 = sal00: Salinity, Practical [PSU]
# name 25 = sigma-้00: Density [sigma-theta, kg/m^3]
# name 26 = svCM: Sound Velocity [Chen-Millero, m/s]
# name 27 = svCM1: Sound Velocity, 2 [Chen-Millero, m/s]
# name 28 = gsw_ptA0: potential temperature [ITS-90, deg C]
# name 29 = gsw_densityA0: density, TEOS-10 [density, kg/m^3]
# name 30 = gsw_saA0: Absolute Salinity [g/kg]
# name 31 = flag:
# span 0 =       2490,      35384       
# span 1 =  16.891444,  16.907306       
# span 2 =  -38.44988,  -38.44984       
# span 3 =  -52.89136,  -52.89132       
# span 4 =      0.077,      1.603       
# span 5 =      -0.01,    1558.04       
# span 6 =      8.000,   1046.000       
# span 7 =      7.937,   1035.498       
# span 8 =     4.1705,    15.9893       
# span 9 =     4.1707,    15.9897       
# span 10 =    -0.0167,     0.0222      
# span 11 =     4.0901,    15.9677      
# span 12 =     4.0902,    15.9680      
# span 13 =    -0.0167,     0.0221      
# span 14 =   3.252788,   4.494979      
# span 15 =   3.253184,   4.495708      
# span 16 =  -0.001217,   0.002942      
# span 17 =    34.1933,    35.8894      
# span 18 =    34.1976,    35.8954      
# span 19 =     4.6529,     5.8123      
# span 20 =     4.4460,     5.5444      
# span 21 =    -0.3054,    -0.1664      
# span 22 =    26.2822,    27.1745      
# span 23 =    26.2870,    27.1782      
# span 24 =    34.1914,    35.8896      
# span 25 =    26.2822,    27.1742      
# span 26 =    1482.69,    1513.45      
# span 27 =    1482.70,    1513.45      
# span 28 =     4.0899,    15.9677      
# span 29 =  1026.3218,  1031.9848      
# span 30 =    34.3537,    36.0591      
# span 31 = 0.0000e+00, 0.0000e+00      
# interval = decibars: 1                
# start_time = Jan 16 2019 21:21:57 [NMEA time, header]
# bad_flag = -9.990e-29
*END*
[from data line 907]
      31610  16.905487  -38.44986  -52.89134      1.401    1500.21    915.000    906.119     4.5268     4.5281     0.0012     4.4549     4.4562     0.0012   3.274535   3.275007   0.000473    34.1961    34.2003     5.7299     5.4460    -0.2840    27.0987    27.1019    34.1948    27.0976    1482.82    1482.83     4.4547  1031.3056    34.3582 0.0000e+00
      31630  16.905496  -38.44986  -52.89134      1.329    1500.21    916.000    907.107     4.5219     4.5231     0.0012     4.4499     4.4511     0.0012   3.274143   3.274620   0.000477    34.1959    34.2002     5.7338     5.4446    -0.2891    27.0990    27.1023    34.1948    27.0982    1482.81    1482.82     4.4498  1031.3108    34.3583 0.0000e+00
      31661  16.905511  -38.44986  -52.89134      0.949    1500.21    917.000    908.094     4.5188     4.5200     0.0012     4.4468     4.4480     0.0012   3.273899   3.274389   0.000488    34.1957    34.2001     5.7306     5.4525    -0.2781    27.0992    27.1026    34.1947    27.0984    1482.82    1482.83     4.4466  1031.3157    34.3582 0.0000e+00
      31716  16.905538  -38.44986  -52.89134      0.382    1500.21    918.000    909.084     4.5156     4.5176     0.0020     4.4436     4.4455     0.0019   3.273686   3.274220   0.000535    34.1956    34.1998     5.7220     5.4598    -0.2622    27.0995    27.1026    34.1949    27.0990    1482.82    1482.83     4.4433  1031.3205    34.3580 0.0000e+00
      31761  16.905559 -9.990e-29  -52.89134      0.538    1500.21    919.000    910.071     4.5058     4.5075     0.0016     4.4338     4.4353     0.0016   3.272706   3.273223   0.000512    34.1948    34.1991     5.7272     5.4583    -0.2689    27.0999    27.1031    34.1931    27.0986    1482.79    1482.81     4.4335  1031.3237    34.3546 0.0000e+00
      31789  16.905573 -9.990e-29  -52.89134      0.751    1500.21    920.000    911.059     4.4963     4.4974     0.0011     4.4242     4.4252     0.0011   3.271943   3.272391   0.000454    34.1948    34.1990     5.7259     5.4547    -0.2712    27.1010    27.1042    34.1935    27.0999    1482.77    1482.78     4.4240  1031.3299    34.3551 0.0000e+00
      31810  16.905583 -9.990e-29  -52.89136      0.975    1500.21    921.000    912.048     4.4879     4.4889     0.0011     4.4158     4.4168     0.0010   3.271136   3.271611   0.000473    34.1943    34.1987     5.7231     5.4529    -0.2702    27.1015    27.1049    34.1923    27.0998    1482.75    1482.76     4.4156  1031.3346    34.3538 0.0000e+00
      31827  16.905591  -38.44984  -52.89136      1.205    1500.21    922.000    913.035     4.4781     4.4792     0.0012     4.4060     4.4071     0.0012   3.270243   3.270734   0.000494    34.1940    34.1986     5.7265     5.4538    -0.2727    27.1023    27.1057    34.1914    27.1002    1482.73    1482.74     4.4058  1031.3403    34.3537 0.0000e+00
      31843  16.905599  -38.44984  -52.89136      1.397    1500.21    923.000    914.023     4.4688     4.4700     0.0012     4.3966     4.3978     0.0012   3.269516   3.270004   0.000489    34.1941    34.1985     5.7266     5.4548    -0.2717    27.1033    27.1067    34.1920    27.1017    1482.70    1482.71     4.3964  1031.3475    34.3555 0.0000e+00
      31858  16.905606  -38.44984  -52.89136      1.512    1500.21    924.000    915.012     4.4626     4.4639     0.0013     4.3904     4.3917     0.0013   3.269004   3.269499   0.000495    34.1941    34.1985     5.7247     5.4541    -0.2706    27.1040    27.1074    34.1919    27.1023    1482.69    1482.71     4.3902  1031.3528    34.3554 0.0000e+00
      31873  16.905613  -38.44986  -52.89136      1.564    1500.21    925.000    916.000     4.4578     4.4591     0.0013     4.3855     4.3869     0.0013   3.268637   3.269125   0.000490    34.1940    34.1984     5.7201     5.4510    -0.2691    27.1045    27.1078    34.1921    27.1029    1482.69    1482.70     4.3853  1031.3581    34.3556 0.0000e+00
      31888  16.905621  -38.44986  -52.89135      1.579    1500.21    926.000    916.988     4.4551     4.4561     0.0010     4.3828     4.3838     0.0010   3.268460   3.268933   0.000473    34.1940    34.1984     5.7199     5.4487    -0.2711    27.1048    27.1082    34.1923    27.1034    1482.70    1482.71     4.3826  1031.3632    34.3558 0.0000e+00
      31906  16.905630  -38.44986  -52.89134      1.508    1500.21    927.000    917.976     4.4523     4.4536     0.0012     4.3799     4.3811     0.0012   3.268237   3.268708   0.000472    34.1937    34.1979     5.7186     5.4472    -0.2714    27.1048    27.1081    34.1921    27.1035    1482.70    1482.71     4.3797  1031.3679    34.3556 0.0000e+00
      31972  16.905661  -38.44987  -52.89134      0.258    1500.16    928.000    918.964     4.4501     4.4524     0.0022     4.3777     4.3799     0.0022   3.268117   3.268686   0.000567    34.1934    34.1977     5.7180     5.4527    -0.2653    27.1048    27.1080    34.1924    27.1040    1482.71    1482.72     4.3775  1031.3730    34.3559 0.0000e+00
      32011  16.905680  -38.44986  -52.89134      0.627 -9.990e-29    929.000    919.952     4.4495     4.4508     0.0012     4.3770     4.3782     0.0012   3.268121   3.268597   0.000479    34.1933    34.1976     5.7174     5.4565    -0.2609    27.1048    27.1082    34.1926    27.1043    1482.72    1482.73     4.3768  1031.3778    34.3561 0.0000e+00
      32038  16.905693  -38.44986  -52.89134      0.846    1499.17    930.000    920.940     4.4511     4.4525     0.0014     4.3785     4.3799     0.0014   3.268396   3.268906   0.000489    34.1939    34.1981     5.7196     5.4540    -0.2657    27.1051    27.1084    34.1937    27.1050    1482.75    1482.76     4.3783  1031.3830    34.3572 0.0000e+00
      32062  16.905705  -38.44986  -52.89135      0.950    1499.15    931.000    921.928     4.4606     4.4630     0.0024     4.3878     4.3902     0.0024   3.269576   3.270151   0.000594    34.1965    34.2009     5.7205     5.4451    -0.2754    27.1062    27.1095    34.1971    27.1067    1482.81    1482.83     4.3876  1031.3891    34.3607 0.0000e+00
      32083  16.905715  -38.44985  -52.89136      1.063    1499.15    932.000    922.916     4.4653     4.4667     0.0014     4.3924     4.3938     0.0014   3.270070   3.270569   0.000495    34.1974    34.2017     5.7227     5.4424    -0.2803    27.1064    27.1097    34.1976    27.1066    1482.85    1482.86     4.3922  1031.3934    34.3611 0.0000e+00
      32101  16.905723  -38.44984  -52.89136      1.193    1499.15    933.000    923.904     4.4624     4.4636     0.0012     4.3895     4.3906     0.0011   3.269728   3.270185   0.000470    34.1972    34.2015     5.7199     5.4458    -0.2741    27.1066    27.1099    34.1961    27.1057    1482.85    1482.86     4.3892  1031.3971    34.3596 0.0000e+00
      32118  16.905732  -38.44984  -52.89136      1.319    1499.15    934.000    924.892     4.4516     4.4525     0.0008     4.3787     4.3795     0.0008   3.268745   3.269188   0.000434    34.1965    34.2007     5.7109     5.4382    -0.2727    27.1072    27.1104    34.1952    27.1062    1482.82    1482.83     4.3784  1031.4024    34.3588 0.0000e+00
      32136  16.905740  -38.44984  -52.89136      1.384    1499.15    935.000    925.881     4.4469     4.4483     0.0014     4.3739     4.3753     0.0014   3.268411   3.268906   0.000499    34.1964    34.2008     5.6992     5.4260    -0.2732    27.1076    27.1110    34.1957    27.1070    1482.82    1482.83     4.3737  1031.4096    34.3613 0.0000e+00
      32157  16.905750 -9.990e-29 -9.990e-29      1.284    1499.15    936.000    926.868     4.4443     4.4457     0.0014     4.3712     4.3726     0.0013   3.268195   3.268676   0.000482    34.1962    34.2004     5.6870     5.4159    -0.2711    27.1077    27.1109    34.1953    27.1071    1482.82    1482.83     4.3710  1031.4145    34.3613 0.0000e+00
      32186  16.905764 -9.990e-29 -9.990e-29      0.933    1499.15    937.000    927.857     4.4401     4.4413     0.0012     4.3670     4.3681     0.0012   3.267877   3.268342   0.000467    34.1961    34.2004     5.6812     5.4041    -0.2771    27.1081    27.1114    34.1954    27.1076    1482.82    1482.83     4.3668  1031.4197    34.3614 0.0000e+00
      32216  16.905779  -38.44986  -52.89134      0.778    1499.15    938.000    928.844     4.4373     4.4386     0.0013     4.3641     4.3654     0.0012   3.267685   3.268156   0.000469    34.1964    34.2006     5.6870     5.4106    -0.2764    27.1087    27.1118    34.1955    27.1080    1482.83    1482.84     4.3639  1031.4246    34.3614 0.0000e+00
      32242  16.905791  -38.44986  -52.89134      0.880    1499.15    939.000    929.833     4.4325     4.4338     0.0012     4.3593     4.3605     0.0012   3.267269   3.267742   0.000475    34.1962    34.2004     5.6849     5.4200    -0.2649    27.1090    27.1123    34.1951    27.1082    1482.82    1482.84     4.3591  1031.4277    34.3587 0.0000e+00
      32270  16.905805  -38.44986  -52.89134      0.889    1499.15    940.000    930.821     4.4287     4.4300     0.0014     4.3553     4.3567     0.0013   3.267018   3.267507   0.000486    34.1964    34.2006     5.6850     5.4217    -0.2633    27.1096    27.1128    34.1957    27.1091    1482.82    1482.83     4.3551  1031.4332    34.3593 0.0000e+00
      32308  16.905823  -38.44986  -52.89134      0.662    1499.15    941.000    931.809     4.4304     4.4314     0.0010     4.3569     4.3579     0.0010   3.267277   3.267765   0.000472    34.1968    34.2012     5.6852     5.4222    -0.2630    27.1097    27.1131    34.1965    27.1095    1482.85    1482.86     4.3567  1031.4382    34.3601 0.0000e+00
      32344  16.905841  -38.44986  -52.89134      0.637    1499.15    942.000    932.797     4.4490     4.4515     0.0025     4.3753     4.3778     0.0025   3.269638   3.270218   0.000585    34.2014    34.2057     5.6810     5.4164    -0.2647    27.1115    27.1146    34.2043    27.1138    1482.95    1482.97     4.3751  1031.4465    34.3680 0.0000e+00
      32372  16.905854  -38.44986  -52.89134      0.803    1499.15    943.000    933.785     4.4775     4.4790     0.0015     4.4036     4.4050     0.0015   3.272500   3.272957   0.000480    34.2060    34.2101     5.6722     5.4070    -0.2652    27.1120    27.1151    34.2078    27.1135    1483.09    1483.10     4.4033  1031.4501    34.3715 0.0000e+00
      32395  16.905865  -38.44985  -52.89134      0.948    1499.15    944.000    934.773     4.4820     4.4830     0.0009     4.4080     4.4089     0.0009   3.272960   3.273386   0.000429    34.2066    34.2106     5.6684     5.4051    -0.2633    27.1120    27.1151    34.2081    27.1132    1483.13    1483.14     4.4078  1031.4542    34.3717 0.0000e+00
      32416  16.905875  -38.44984  -52.89134      1.080    1499.15    945.000    935.760     4.4849     4.4857     0.0009     4.4107     4.4115     0.0009   3.273363   3.273753   0.000415    34.2073    34.2112     5.6433     5.3894    -0.2539    27.1123    27.1154    34.2093    27.1139    1483.16    1483.17     4.4105  1031.4594    34.3730 0.0000e+00
      32434  16.905884  -38.44984  -52.89134      1.214    1499.15    946.000    936.748     4.5024     4.5030     0.0006     4.4280     4.4285     0.0006   3.275549   3.275939   0.000389    34.2113    34.2152     5.6073     5.3632    -0.2441    27.1136    27.1166    34.2162    27.1175    1483.25    1483.26     4.4278  1031.4671    34.3800 0.0000e+00
      32450  16.905892  -38.44986  -52.89134      1.345    1499.15    947.000    937.737     4.5384     4.5384    -0.0001     4.4637     4.4636    -0.0001   3.279514   3.279857   0.000309    34.2186    34.2222     5.5789     5.3363    -0.2425    27.1156    27.1185    34.2248    27.1205    1483.43    1483.44     4.4635  1031.4737    34.3886 0.0000e+00
      32466  16.905899  -38.44986  -52.89134      1.457    1499.15    948.000    938.725     4.5566     4.5582     0.0016     4.4816     4.4832     0.0016   3.281150   3.281648   0.000510    34.2207    34.2249     5.5683     5.3215    -0.2468    27.1153    27.1185    34.2247    27.1185    1483.52    1483.54     4.4814  1031.4757    34.3885 0.0000e+00
      32482  16.905907  -38.44986  -52.89134      1.513    1499.15    949.000    939.713     4.5599     4.5613     0.0014     4.4848     4.4862     0.0014   3.281421   3.281894   0.000469    34.2213    34.2253     5.5717     5.3184    -0.2533    27.1154    27.1184    34.2239    27.1175    1483.55    1483.56     4.4846  1031.4793    34.3877 0.0000e+00
      32501  16.905916  -38.44986  -52.89134      1.431    1499.15    950.000    940.700     4.5599     4.5611     0.0012     4.4848     4.4860     0.0012   3.281435   3.281898   0.000462    34.2215    34.2256     5.5560     5.3124    -0.2436    27.1156    27.1187    34.2236    27.1172    1483.57    1483.58     4.4845  1031.4835    34.3873 0.0000e+00
      32550  16.905940  -38.44987  -52.89134      0.690    1499.15    951.000    941.689     4.5515     4.5530     0.0015     4.4763     4.4778     0.0015   3.280633   3.281137   0.000495    34.2213    34.2255     5.4760     5.2449    -0.2312    27.1163    27.1195    34.2224    27.1172    1483.55    1483.56     4.4761  1031.4883    34.3862 0.0000e+00
      32638  16.905982  -38.44986  -52.89134      0.260    1499.15    952.000    942.677     4.5420     4.5435     0.0015     4.4668     4.4683     0.0014   3.279732   3.280190   0.000470    34.2211    34.2250     5.4660     5.2064    -0.2596    27.1172    27.1202    34.2211    27.1173    1483.53    1483.53     4.4666  1031.4921    34.3836 0.0000e+00
      32656  16.905991 -9.990e-29  -52.89135      0.794    1499.15    953.000    943.664     4.5413     4.5429     0.0016     4.4660     4.4676     0.0016   3.279884   3.280421   0.000515    34.2221    34.2264     5.4683     5.2130    -0.2554    27.1181    27.1213    34.2232    27.1190    1483.54    1483.55     4.4658  1031.4978    34.3850 0.0000e+00
      32673  16.905999 -9.990e-29  -52.89136      1.149    1499.15    954.000    944.652     4.5498     4.5514     0.0017     4.4743     4.4759     0.0016   3.280890   3.281367   0.000501    34.2240    34.2281     5.4671     5.2096    -0.2574    27.1187    27.1218    34.2257    27.1200    1483.60    1483.61     4.4741  1031.5032    34.3874 0.0000e+00
      32689  16.906007 -9.990e-29  -52.89136      1.378    1499.15    955.000    945.641     4.5477     4.5491     0.0014     4.4721     4.4735     0.0014   3.280464   3.280978   0.000502    34.2241    34.2284     5.4695     5.2108    -0.2587    27.1190    27.1223    34.2224    27.1177    1483.60    1483.61     4.4720  1031.5054    34.3841 0.0000e+00
      32704  16.906014 -9.990e-29  -52.89135      1.507    1499.15    956.000    946.628     4.5173     4.5187     0.0014     4.4419     4.4433     0.0014   3.277566   3.278064   0.000503    34.2226    34.2270     5.4762     5.2166    -0.2595    27.1211    27.1245    34.2195    27.1186    1483.49    1483.50     4.4417  1031.5117    34.3812 0.0000e+00
      32719  16.906021 -9.990e-29  -52.89134      1.574    1499.15    957.000    947.616     4.5068     4.5083     0.0015     4.4314     4.4329     0.0015   3.276961   3.277448   0.000487    34.2239    34.2280     5.4762     5.2178    -0.2585    27.1232    27.1264    34.2227    27.1223    1483.46    1483.47     4.4312  1031.5201    34.3844 0.0000e+00
      32734  16.906029  -38.44986  -52.89134      1.599    1499.15    958.000    948.604     4.5029     4.5044     0.0015     4.4274     4.4289     0.0015   3.276660   3.277162   0.000499    34.2237    34.2280     5.4617     5.2057    -0.2560    27.1235    27.1268    34.2227    27.1227    1483.46    1483.48     4.4272  1031.5266    34.3862 0.0000e+00
