Pos-Processados/pos_process38/Dados/doperantar38_002.cnv
* Sea-Bird SBE 9 Data File:
* FileName = D:\OPERANTAR_XXXVIII\DADOS\OP38_002.hdr
* Software Version Seasave V 7.12
* Temperature SN = 4808
* Conductivity SN = 3380
* Number of Bytes Per Scan = 31
* Number of Voltage Words = 2
* Number of Scans Averaged by the Deck Unit = 1
* NMEA Latitude = 38 26.99 S
* NMEA Longitude = 052 53.48 W
* NMEA UTC (Time) = Jan 16 2019 21:21:57
** H41
** NAVIO POLAR ALMIRANTE MAXIMIANO
** CRUZEIRO:
** OPERANTAR XXXVIII
** ESTAวรO: 002
** LAT 38บ 26,99'S
** LONG 052บ 53,46'W
** 09P73767-1155
** PROFUNDIDADE: 4158 m
** DATA/HORA: 162121Z/OUT/2019
** OPERADOR: SO-HN CHAVES
# nquan = 32
# nvalues = 1039                        
# units = specified
# name 0 = scan: Scan Count
# name 1 = timeJ: Julian Days
# name 2 = latitude: Latitude [deg]
# name 3 = longitude: Longitude [deg]
# name 4 = dz/dtM: Descent Rate [m/s]
# name 5 = avgsvCM: Average Sound Velocity [Chen-Millero, m/s]
# name 6 = prDM: Pressure, Digiquartz [db]
# name 7 = depSM: Depth [salt water, m]
# name 8 = t090C: Temperature [ITS-90, deg C]
# name 9 = t190C: Temperature, 2 [ITS-90, deg C]
# name 10 = T2-T190C: Temperature Difference, 2 - 1 [ITS-90, deg C]
# name 11 = potemp090C: Potential Temperature [ITS-90, deg C]
# name 12 = potemp190C: Potential Temperature, 2 [ITS-90, deg C]
# name 13 = potemp90Cdiff: Potential Temperature, Diff, 2 - 1 [ITS-90, deg C]
# name 14 = c0S/m: Conductivity [S/m]
# name 15 = c1S/m: Conductivity, 2 [S/m]
# name 16 = C2-C1S/m: Conductivity Difference, 2 - 1 [S/m]
# name 17 = sal00: Salinity, Practical [PSU]
# name 18 = sal11: Salinity, Practical, 2 [PSU]
# name 19 = sbeox0ML/L: Oxygen, SBE 43 [ml/l]
# name 20 = sbeox1ML/L: Oxygen, SBE 43, 2 [ml/l]
# name 21 = sbeox0ML/Ldiff: Oxygen, SBE 43, Diff, 2 - 1 [ml/l]
# name 22 = sigma-้00: Density [sigma-theta, kg/m^3]
# name 23 = sigma-้11: Density, 2 [sigma-theta, kg/m^3]
# name 24 = sal00: Salinity, Practical [PSU]
# name 25 = sigma-้00: Density [sigma-theta, kg/m^3]
# name 26 = svCM: Sound Velocity [Chen-Millero, m/s]
# name 27 = svCM1: Sound Velocity, 2 [Chen-Millero, m/s]
# name 28 = gsw_ptA0: potential temperature [ITS-90, deg C]
# name 29 = gsw_densityA0: density, TEOS-10 [density, kg/m^3]
# name 30 = gsw_saA0: Absolute Salinity [g/kg]
# name 31 = flag:
# span 0 =       2490,      35384       
# span 1 =  16.891444,  16.907306       
# span 2 =  -38.44988,  -38.44984       
# span 3 =  -52.89136,  -52.89132       
# span 4 =      0.077,      1.603       
# span 5 =      -0.01,    1558.04       
# span 6 =      8.000,   1046.000       
# span 7 =      7.937,   1035.498       
# span 8 =     4.1705,    15.9893       
# span 9 =     4.1707,    15.9897       
# span 10 =    -0.0167,     0.0222      
# span 11 =     4.0901,    15.9677      
# span 12 =     4.0902,    15.9680      
# span 13 =    -0.0167,     0.0221      
# span 14 =   3.252788,   4.494979      
# span 15 =   3.253184,   4.495708      
# span 16 =  -0.001217,   0.002942      
# span 17 =    34.1933,    35.8894      
# span 18 =    34.1976,    35.8954      
# span 19 =     4.6529,     5.8123      
# span 20 =     4.4460,     5.5444      
# span 21 =    -0.3054,    -0.1664      
# span 22 =    26.2822,    27.1745      
# span 23 =    26.2870,    27.1782      
# span 24 =    34.1914,    35.8896      
# span 25 =    26.2822,    27.1742      
# span 26 =    1482.69,    1513.45      
# span 27 =    1482.70,    1513.45      
# span 28 =     4.0899,    15.9677      
# span 29 =  1026.3218,  1031.9848      
# span 30 =    34.3537,    36.0591      
# span 31 = 0.0000e+00, 0.0000e+00      
# interval = decibars: 1                
# start_time = Jan 16 2019 21:21:57 [NMEA time, header]
# bad_flag = -9.990e-29
*END*
[from data line 816]
      29331  16.904387  -38.44984  -52.89134      1.180    1501.42    824.000    816.179     5.0910     5.0924     0.0014     5.0232     5.0246     0.0014   3.322626   3.323118   0.000499    34.2201    34.2244     5.7219     5.4494    -0.2725    27.0542    27.0575    34.2182    27.0528    1483.65    1483.66     5.0230  1030.8340    34.3814 0.0000e+00
      29346  16.904395  -38.44984  -52.89134      1.383    1501.42    825.000    817.168     5.0847     5.0860     0.0013     5.0168     5.0181     0.0013   3.322008   3.322518   0.000508    34.2200    34.2244     5.7221     5.4483    -0.2738    27.0549    27.0583    34.2171    27.0526    1483.64    1483.65     5.0167  1030.8385    34.3803 0.0000e+00
      29362  16.904402  -38.44984  -52.89134      1.502    1501.42    826.000    818.157     5.0687     5.0702     0.0016     5.0008     5.0024     0.0015   3.320451   3.320977   0.000528    34.2185    34.2230     5.7216     5.4517    -0.2699    27.0556    27.0589    34.2150    27.0528    1483.59    1483.60     5.0007  1030.8436    34.3782 0.0000e+00
      29377  16.904410  -38.44984  -52.89134      1.560    1501.42    827.000    819.145     5.0580     5.0592     0.0013     4.9901     4.9914     0.0013   3.319597   3.320099   0.000504    34.2183    34.2228     5.7218     5.4526    -0.2692    27.0567    27.0601    34.2157    27.0545    1483.56    1483.58     4.9899  1030.8501    34.3789 0.0000e+00
      29394  16.904418  -38.44985  -52.89134      1.545    1501.42    828.000    820.134     5.0510     5.0521     0.0011     4.9831     4.9842     0.0011   3.318961   3.319449   0.000486    34.2178    34.2222     5.7134     5.4495    -0.2639    27.0570    27.0604    34.2150    27.0548    1483.55    1483.56     4.9829  1030.8551    34.3782 0.0000e+00
      29425  16.904433  -38.44986  -52.89134      1.015    1501.42    829.000    821.123     5.0410     5.0425     0.0015     4.9731     4.9745     0.0015   3.318104   3.318614   0.000513    34.2172    34.2216     5.7144     5.4409    -0.2734    27.0577    27.0610    34.2148    27.0558    1483.53    1483.54     4.9729  1030.8603    34.3774 0.0000e+00
      29475  16.904457 -9.990e-29  -52.89133      0.447    1501.42    830.000    822.112     5.0239     5.0258     0.0019     4.9560     4.9578     0.0019   3.316436   3.316990   0.000552    34.2155    34.2199     5.7307     5.4512    -0.2795    27.0583    27.0616    34.2126    27.0560    1483.47    1483.49     4.9558  1030.8648    34.3743 0.0000e+00
      29514  16.904476  -38.44984  -52.89134      0.596    1501.42    831.000    823.100     5.0058     5.0069     0.0011     4.9380     4.9391     0.0011   3.314803   3.315277   0.000477    34.2143    34.2187     5.7269     5.4562    -0.2706    27.0595    27.0627    34.2118    27.0574    1483.41    1483.42     4.9378  1030.8711    34.3735 0.0000e+00
      29543  16.904490  -38.44984  -52.89134      0.768    1501.42    832.000    824.088     5.0024     5.0033     0.0008     4.9345     4.9353     0.0008   3.314663   3.315092   0.000438    34.2147    34.2189     5.7295     5.4548    -0.2748    27.0602    27.0634    34.2131    27.0589    1483.42    1483.43     4.9343  1030.8784    34.3763 0.0000e+00
      29565  16.904500  -38.44984  -52.89134      0.954    1501.42    833.000    825.077     5.0113     5.0126     0.0013     4.9432     4.9446     0.0013   3.315901   3.316385   0.000469    34.2171    34.2211     5.7285     5.4572    -0.2712    27.0610    27.0641    34.2178    27.0616    1483.48    1483.49     4.9430  1030.8854    34.3810 0.0000e+00
      29585  16.904510  -38.44984  -52.89134      1.119    1501.42    834.000    826.065     5.0276     5.0294     0.0018     4.9593     4.9611     0.0018   3.317567   3.318094   0.000528    34.2197    34.2239     5.7282     5.4592    -0.2690    27.0613    27.0644    34.2199    27.0614    1483.56    1483.58     4.9591  1030.8894    34.3831 0.0000e+00
      29606  16.904520  -38.44984  -52.89134      1.189    1501.42    835.000    827.053     5.0316     5.0331     0.0015     4.9632     4.9647     0.0015   3.317982   3.318481   0.000508    34.2202    34.2245     5.7314     5.4588    -0.2725    27.0612    27.0645    34.2200    27.0611    1483.60    1483.61     4.9630  1030.8935    34.3833 0.0000e+00
      29630  16.904532  -38.44984  -52.89134      1.076    1501.42    836.000    828.042     5.0327     5.0337     0.0010     4.9642     4.9652     0.0010   3.318131   3.318576   0.000442    34.2205    34.2246     5.7241     5.4590    -0.2651    27.0614    27.0645    34.2201    27.0610    1483.62    1483.63     4.9640  1030.8973    34.3825 0.0000e+00
      29657  16.904545 -9.990e-29  -52.89134      0.901    1501.42    837.000    829.030     5.0272     5.0271    -0.0001     4.9587     4.9585    -0.0001   3.317373   3.317725   0.000368    34.2193    34.2236     5.6964     5.4336    -0.2628    27.0610    27.0645    34.2165    27.0588    1483.60    1483.61     4.9585  1030.8993    34.3782 0.0000e+00
      29680  16.904556 -9.990e-29  -52.89134      0.953    1501.42    838.000    830.019     4.9924     4.9937     0.0013     4.9239     4.9253     0.0013   3.314128   3.314661   0.000513    34.2170    34.2216     5.6803     5.4197    -0.2607    27.0632    27.0667    34.2143    27.0610    1483.48    1483.49     4.9238  1030.9068    34.3760 0.0000e+00
      29699  16.904565 -9.990e-29  -52.89134      1.121    1501.42    839.000    831.007     4.9857     4.9867     0.0009     4.9173     4.9183     0.0009   3.313550   3.313996   0.000447    34.2168    34.2209     5.6687     5.4098    -0.2589    27.0637    27.0669    34.2139    27.0615    1483.47    1483.48     4.9171  1030.9119    34.3756 0.0000e+00
      29717  16.904574 -9.990e-29  -52.89134      1.281    1501.42    840.000    831.996     4.9661     4.9674     0.0013     4.8977     4.8990     0.0013   3.311562   3.312066   0.000506    34.2144    34.2189     5.6681     5.4032    -0.2648    27.0641    27.0675    34.2106    27.0610    1483.40    1483.41     4.8975  1030.9165    34.3722 0.0000e+00
      29735  16.904582  -38.44986  -52.89134      1.351    1501.42    841.000    832.985     4.9541     4.9553     0.0012     4.8857     4.8869     0.0012   3.310618   3.311091   0.000475    34.2141    34.2184     5.6817     5.4057    -0.2760    27.0652    27.0685    34.2115    27.0631    1483.37    1483.38     4.8855  1030.9244    34.3745 0.0000e+00
      29760  16.904594  -38.44986 -9.990e-29      1.152    1501.42    842.000    833.973     4.9421     4.9434     0.0012     4.8737     4.8750     0.0012   3.309458   3.309947   0.000490    34.2128    34.2171     5.7024     5.4134    -0.2890    27.0655    27.0688    34.2098    27.0632    1483.33    1483.34     4.8735  1030.9295    34.3731 0.0000e+00
      29805  16.904616  -38.44986  -52.89132      0.549    1501.42    843.000    834.961     4.9354     4.9366     0.0012     4.8669     4.8681     0.0012   3.308944   3.309436   0.000491    34.2122    34.2166     5.7334     5.4412    -0.2922    27.0658    27.0692    34.2103    27.0643    1483.32    1483.33     4.8668  1030.9353    34.3736 0.0000e+00
      29852  16.904639  -38.44986  -52.89133      0.499    1501.42    844.000    835.950     4.9303     4.9315     0.0013     4.8618     4.8630     0.0013   3.308450   3.308948   0.000500    34.2113    34.2158     5.7406     5.4711    -0.2695    27.0657    27.0691    34.2094    27.0641    1483.32    1483.33     4.8616  1030.9398    34.3726 0.0000e+00
      29883  16.904654  -38.44986  -52.89134      0.712    1501.42    845.000    836.938     4.9209     4.9221     0.0011     4.8524     4.8535     0.0011   3.307622   3.308095   0.000471    34.2110    34.2152     5.7411     5.4716    -0.2695    27.0665    27.0697    34.2089    27.0648    1483.29    1483.31     4.8522  1030.9452    34.3721 0.0000e+00
      29908  16.904666  -38.44984  -52.89134      0.893    1501.42    846.000    837.927     4.9162     4.9177     0.0014     4.8476     4.8491     0.0014   3.307304   3.307797   0.000492    34.2110    34.2151     5.7342     5.4675    -0.2667    27.0671    27.0702    34.2095    27.0659    1483.29    1483.30     4.8474  1030.9509    34.3728 0.0000e+00
      29929  16.904676  -38.44984  -52.89134      1.034    1501.42    847.000    838.915     4.9171     4.9187     0.0015     4.8484     4.8500     0.0015   3.307487   3.307984   0.000492    34.2111    34.2152     5.7295     5.4619    -0.2676    27.0670    27.0701    34.2102    27.0663    1483.31    1483.33     4.8483  1030.9559    34.3734 0.0000e+00
      29949  16.904686  -38.44984  -52.89134      1.145    1501.42    848.000    839.903     4.9216     4.9231     0.0015     4.8527     4.8543     0.0015   3.308050   3.308540   0.000508    34.2118    34.2161     5.7253     5.4592    -0.2660    27.0672    27.0704    34.2117    27.0670    1483.35    1483.36     4.8526  1030.9610    34.3749 0.0000e+00
      29967  16.904694  -38.44984  -52.89134      1.235    1501.42    849.000    840.892     4.9364     4.9376     0.0012     4.8673     4.8686     0.0012   3.309911   3.310383   0.000456    34.2160    34.2200     5.7282     5.4573    -0.2710    27.0688    27.0718    34.2175    27.0700    1483.44    1483.45     4.8672  1030.9682    34.3808 0.0000e+00
      29984  16.904702  -38.44984  -52.89134      1.328    1501.42    850.000    841.880     4.9418     4.9433     0.0015     4.8727     4.8742     0.0015   3.310335   3.310837   0.000504    34.2164    34.2207     5.7346     5.4585    -0.2761    27.0685    27.0717    34.2163    27.0684    1483.47    1483.48     4.8725  1030.9711    34.3796 0.0000e+00
      30000  16.904710  -38.44986  -52.89134      1.421    1501.42    851.000    842.869     4.9425     4.9439     0.0014     4.8733     4.8747     0.0014   3.310451   3.310935   0.000486    34.2166    34.2208     5.7332     5.4596    -0.2736    27.0686    27.0717    34.2164    27.0685    1483.49    1483.50     4.8731  1030.9756    34.3797 0.0000e+00
      30016  16.904718  -38.44986  -52.89134      1.492    1501.42    852.000    843.857     4.9354     4.9372     0.0018     4.8662     4.8679     0.0018   3.309586   3.310121   0.000533    34.2154    34.2198     5.7254     5.4607    -0.2647    27.0685    27.0717    34.2132    27.0667    1483.48    1483.49     4.8660  1030.9786    34.3765 0.0000e+00
      30033  16.904726  -38.44986  -52.89134      1.506    1501.42    853.000    844.846     4.9216     4.9227     0.0011     4.8524     4.8534     0.0010   3.308335   3.308799   0.000460    34.2145    34.2187     5.7085     5.4521    -0.2564    27.0693    27.0725    34.2124    27.0676    1483.43    1483.44     4.8522  1030.9844    34.3758 0.0000e+00
      30055  16.904737  -38.44986 -9.990e-29      1.298    1501.42    854.000    845.830     4.9036     4.9040     0.0004     4.8344     4.8348     0.0004   3.306577   3.306984   0.000406    34.2128    34.2170     5.6891     5.4327    -0.2564    27.0699    27.0733    34.2101    27.0678    1483.38    1483.38     4.8342  1030.9896    34.3735 0.0000e+00
      30135  16.904775  -38.44986 -9.990e-29      0.164    1501.42    855.000    846.825     4.9062     4.9147     0.0085     4.8368     4.8453     0.0085   3.306914   3.308171   0.001216    34.2123    34.2176     5.7081     5.4289    -0.2792    27.0693    27.0725    34.2109    27.0681    1483.40    1483.44     4.8367  1030.9944    34.3742 0.0000e+00
      30179  16.904796  -38.44984 -9.990e-29      0.612    1501.42    856.000    847.811     4.8800     4.8845     0.0045     4.8108     4.8153     0.0045   3.304507   3.305104   0.000709    34.2108    34.2144     5.7260     5.4603    -0.2657    27.0711    27.0734    34.2093    27.0699    1483.31    1483.33     4.8106  1031.0013    34.3727 0.0000e+00
      30198  16.904806  -38.44984 -9.990e-29      0.978    1501.42    857.000    848.800     4.8821     4.8829     0.0009     4.8127     4.8136     0.0009   3.304841   3.305305   0.000456    34.2111    34.2154     5.7037     5.4485    -0.2552    27.0710    27.0744    34.2106    27.0707    1483.34    1483.35     4.8125  1031.0065    34.3740 0.0000e+00
      30215  16.904814  -38.44984 -9.990e-29      1.231    1501.42    858.000    849.788     4.8855     4.8862     0.0007     4.8161     4.8168     0.0007   3.305181   3.305609   0.000437    34.2110    34.2153     5.7001     5.4353    -0.2648    27.0706    27.0739    34.2105    27.0702    1483.37    1483.37     4.8159  1031.0105    34.3739 0.0000e+00
      30231  16.904821  -38.44984  -52.89134      1.412    1501.42    859.000    850.776     4.8883     4.8894     0.0011     4.8188     4.8199     0.0011   3.305468   3.305937   0.000470    34.2111    34.2154     5.7071     5.4350    -0.2721    27.0704    27.0736    34.2105    27.0699    1483.39    1483.40     4.8186  1031.0147    34.3738 0.0000e+00
      30246  16.904829  -38.44984  -52.89134      1.527    1501.42    860.000    851.765     4.8876     4.8898     0.0021     4.8180     4.8201     0.0021   3.305367   3.305921   0.000577    34.2108    34.2153     5.7212     5.4392    -0.2820    27.0702    27.0735    34.2095    27.0692    1483.41    1483.42     4.8178  1031.0186    34.3728 0.0000e+00
      30261  16.904836  -38.44984  -52.89134      1.570    1501.42    861.000    852.753     4.8736     4.8743     0.0006     4.8040     4.8047     0.0006   3.303919   3.304373   0.000442    34.2095    34.2139     5.7311     5.4423    -0.2888    27.0707    27.0742    34.2066    27.0685    1483.36    1483.37     4.8038  1031.0227    34.3699 0.0000e+00
      30278  16.904844  -38.44984  -52.89134      1.538    1501.42    862.000    853.742     4.8622     4.8634     0.0012     4.7925     4.7938     0.0012   3.302970   3.303468   0.000504    34.2092    34.2137     5.7314     5.4414    -0.2901    27.0718    27.0753    34.2069    27.0700    1483.33    1483.34     4.7924  1031.0290    34.3702 0.0000e+00
      30297  16.904853  -38.44986  -52.89132      1.406    1501.42    863.000    854.730     4.8550     4.8562     0.0012     4.7853     4.7865     0.0012   3.302441   3.302926   0.000488    34.2092    34.2136     5.7232     5.4418    -0.2814    27.0726    27.0760    34.2076    27.0714    1483.32    1483.33     4.7851  1031.0351    34.3709 0.0000e+00
      30319  16.904864  -38.44986  -52.89132      1.203    1501.42    864.000    855.718     4.8527     4.8540     0.0013     4.7830     4.7842     0.0012   3.302293   3.302764   0.000471    34.2092    34.2133     5.7181     5.4407    -0.2774    27.0729    27.0760    34.2077    27.0717    1483.33    1483.34     4.7828  1031.0400    34.3710 0.0000e+00
      30344  16.904876  -38.44986 -9.990e-29      1.013    1501.42    865.000    856.707     4.8503     4.8516     0.0013     4.7805     4.7818     0.0013   3.302120   3.302585   0.000469    34.2090    34.2131     5.7258     5.4493    -0.2765    27.0730    27.0761    34.2077    27.0720    1483.33    1483.34     4.7803  1031.0450    34.3711 0.0000e+00
      30375  16.904891  -38.44986 -9.990e-29      0.839    1501.42    866.000    857.695     4.8413     4.8428     0.0016     4.7714     4.7730     0.0016   3.301246   3.301765   0.000514    34.2087    34.2130     5.7392     5.4653    -0.2739    27.0738    27.0770    34.2064    27.0720    1483.31    1483.32     4.7712  1031.0497    34.3698 0.0000e+00
      30421  16.904913  -38.44986  -52.89132      0.534    1501.42    867.000    858.683     4.8186     4.8201     0.0015     4.7488     4.7503     0.0015   3.299407   3.299902   0.000499    34.2097    34.2140     5.7369     5.4659    -0.2710    27.0771    27.0804    34.2078    27.0756    1483.24    1483.25     4.7486  1031.0584    34.3712 0.0000e+00
      30471  16.904938  -38.44985  -52.89134      0.451    1501.42    868.000    859.672     4.8104     4.8118     0.0014     4.7405     4.7419     0.0014   3.298721   3.299223   0.000502    34.2096    34.2139     5.7281     5.4618    -0.2664    27.0779    27.0812    34.2078    27.0766    1483.22    1483.23     4.7404  1031.0640    34.3712 0.0000e+00
