Pos-Processados/pos_process38/Dados/doperantar38_015b.cnv
* Sea-Bird SBE 9 Data File:
* FileName = D:\OPERANTAR_XXXVIII\DADOS\OP38_015b.hdr
* Software Version Seasave V 7.18c
* Temperature SN = 4808
* Conductivity SN = 3380
* Number of Bytes Per Scan = 34
* Number of Voltage Words = 3
* Number of Scans Averaged by the Deck Unit = 1
* NMEA Latitude = 62 18.48 S
* NMEA Longitude = 058 32.77 W
* NMEA UTC (Time) = Nov 05 2019 09:48:22
** H41
** NAVIO POLAR ALMIRANTE MAXIMIANO
** CRUZEIRO:
** OPERANTAR XXXVIII
** ESTAÇÃO: OP38_015b
** LAT 62 18,48' S
** LONG 058 32,80' W
** 09P73767-1155_A
** PROFUNDIDADE: 353
** DATA/HORA: 050949Z/NOV/2019
** OPERADOR: SO-HN CHAVES
# nquan = 33
# nvalues = 18                          
# units = specified
# name 0 = scan: Scan Count
# name 1 = timeJ: Julian Days
# name 2 = latitude: Latitude [deg]
# name 3 = longitude: Longitude [deg]
# name 4 = dz/dtM: Descent Rate [m/s]
# name 5 = avgsvCM: Average Sound Velocity [Chen-Millero, m/s]
# name 6 = prDM: Pressure, Digiquartz [db]
# name 7 = depSM: Depth [salt water, m]
# name 8 = t090C: Temperature [ITS-90, deg C]
# name 9 = t190C: Temperature, 2 [ITS-90, deg C]
# name 10 = T2-T190C: Temperature Difference, 2 - 1 [ITS-90, deg C]
# name 11 = potemp090C: Potential Temperature [ITS-90, deg C]
# name 12 = potemp190C: Potential Temperature, 2 [ITS-90, deg C]
# name 13 = potemp90Cdiff: Potential Temperature, Diff, 2 - 1 [ITS-90, deg C]
# name 14 = c0S/m: Conductivity [S/m]
# name 15 = c1S/m: Conductivity, 2 [S/m]
# name 16 = C2-C1S/m: Conductivity Difference, 2 - 1 [S/m]
# name 17 = sal00: Salinity, Practical [PSU]
# name 18 = sal11: Salinity, Practical, 2 [PSU]
# name 19 = sbeox0ML/L: Oxygen, SBE 43 [ml/l]
# name 20 = sigma-é00: Density [sigma-theta, kg/m^3]
# name 21 = sigma-é11: Density, 2 [sigma-theta, kg/m^3]
# name 22 = sbox0Mm/Kg: Oxygen, SBE 43 [umol/kg]
# name 23 = oxsolMm/Kg: Oxygen Saturation, Garcia & Gordon [umol/kg]
# name 24 = oxsatMm/Kg: Oxygen Saturation, Weiss [umol/kg]
# name 25 = sal00: Salinity, Practical [PSU]
# name 26 = sigma-é00: Density [sigma-theta, kg/m^3]
# name 27 = svCM: Sound Velocity [Chen-Millero, m/s]
# name 28 = svCM1: Sound Velocity, 2 [Chen-Millero, m/s]
# name 29 = gsw_ptA0: potential temperature [ITS-90, deg C]
# name 30 = gsw_densityA0: density, TEOS-10 [density, kg/m^3]
# name 31 = gsw_saA0: Absolute Salinity [g/kg]
# name 32 = flag:
# span 0 =       2183,       5179       
# span 1 = 309.409640, 309.411085       
# span 2 =  -62.30810,  -62.30808       
# span 3 =  -58.54617,  -58.54616       
# span 4 =     -0.188,      0.434       
# span 5 =       0.00,       0.00       
# span 6 =      1.000,     18.000       
# span 7 =      1.045,     17.823       
# span 8 =    -0.8156,    -0.7974       
# span 9 =    -0.8161,    -0.7977       
# span 10 =    -0.0026,     0.0004      
# span 11 =    -0.8159,    -0.7974      
# span 12 =    -0.8164,    -0.7978      
# span 13 =    -0.0026,     0.0004      
# span 14 =   2.771409,   2.772922      
# span 15 =   2.771794,   2.773330      
# span 16 =   0.000156,   0.000460      
# span 17 =    34.1469,    34.1508      
# span 18 =    34.1525,    34.1567      
# span 19 =     7.6523,     7.6783      
# span 20 =    27.4548,    27.4576      
# span 21 =    27.4594,    27.4624      
# span 22 =    332.621,    333.748      
# span 23 =  357.67988,  357.86292      
# span 24 =  359.32011,  359.50692      
# span 25 =    34.1463,    34.1511      
# span 26 =    27.4543,    27.4578      
# span 27 =    1444.27,    1444.54      
# span 28 =    1444.27,    1444.54      
# span 29 =    -0.8159,    -0.7975      
# span 30 =  1027.4658,  1027.5470      
# span 31 =    34.3110,    34.3157      
# span 32 = 0.0000e+00, 0.0000e+00      
# interval = decibars: 1                
# start_time = Nov 05 2019 09:48:22 [NMEA time, header]
# bad_flag = -9.990e-29
*END*
       2183 309.409640  -62.30810  -58.54617     -0.188       0.00      1.000      1.045    -0.8079    -0.8081    -0.0002    -0.8079    -0.8082    -0.0002   2.771846   2.772241   0.000402    34.1493    34.1551     7.6523    27.4565    27.4611    332.621  357.78230  359.42474    34.1490    27.4562    1444.27    1444.27    -0.8078  1027.4658    34.3138 0.0000e+00
       2284 309.409689  -62.30810  -58.54617      0.254       0.00      2.000      1.982    -0.8000    -0.8002    -0.0002    -0.8001    -0.8002    -0.0002   2.772673   2.773063   0.000391    34.1504    34.1558     7.6631    27.4570    27.4614    333.090  357.70518  359.34599    34.1507    27.4573    1444.32    1444.33    -0.8001  1027.4716    34.3155 0.0000e+00
       2377 309.409734  -62.30810  -58.54617      0.244       0.00      3.000      2.971    -0.7974    -0.7977    -0.0003    -0.7974    -0.7978    -0.0003   2.772922   2.773330   0.000404    34.1504    34.1562     7.6558    27.4569    27.4616    332.771  357.67988  359.32011    34.1504    27.4569    1444.35    1444.35    -0.7975  1027.4761    34.3152 0.0000e+00
       2481 309.409784  -62.30810  -58.54616      0.230       0.00      4.000      3.963    -0.8026    -0.8034    -0.0008    -0.8027    -0.8035    -0.0008   2.772498   2.772852   0.000356    34.1501    34.1558     7.6646    27.4569    27.4615    333.155  357.73004  359.37139    34.1500    27.4568    1444.34    1444.34    -0.8027  1027.4807    34.3147 0.0000e+00
       2565 309.409825  -62.30810  -58.54616      0.312       0.00      5.000      4.953    -0.8027    -0.8029    -0.0002    -0.8028    -0.8030    -0.0002   2.772557   2.772946   0.000394    34.1503    34.1559     7.6679    27.4570    27.4616    333.298  357.73065  359.37203    34.1503    27.4570    1444.35    1444.36    -0.8028  1027.4858    34.3150 0.0000e+00
       2628 309.409855  -62.30808  -58.54616      0.381       0.00      6.000      5.942    -0.8021    -0.8020     0.0001    -0.8022    -0.8022     0.0001   2.772658   2.773097   0.000435    34.1503    34.1562     7.6680    27.4571    27.4618    333.300  357.72463  359.36589    34.1503    27.4571    1444.38    1444.38    -0.8023  1027.4906    34.3151 0.0000e+00
       2708 309.409893  -62.30808  -58.54616      0.281       0.00      7.000      6.932    -0.8020    -0.8016     0.0004    -0.8022    -0.8018     0.0004   2.772731   2.773183   0.000449    34.1505    34.1561     7.6637    27.4572    27.4617    333.113  357.72363  359.36488    34.1506    27.4573    1444.39    1444.40    -0.8022  1027.4956    34.3154 0.0000e+00
       2779 309.409928  -62.30808  -58.54616      0.353       0.00      8.000      7.923    -0.8005    -0.8020    -0.0015    -0.8008    -0.8023    -0.0015   2.772875   2.773162   0.000292    34.1504    34.1560     7.6689    27.4570    27.4617    333.342  357.71002  359.35093    34.1503    27.4570    1444.41    1444.41    -0.8007  1027.5001    34.3151 0.0000e+00
       2862 309.409968  -62.30810  -58.54616      0.274       0.00      9.000      8.914    -0.8053    -0.8079    -0.0026    -0.8056    -0.8081    -0.0026   2.772455   2.772611   0.000156    34.1497    34.1547     7.6681    27.4567    27.4609    333.308  357.75723  359.39916    34.1494    27.4564    1444.41    1444.40    -0.8056  1027.5044    34.3142 0.0000e+00
       2930 309.410000  -62.30810  -58.54616      0.371       0.00     10.000      9.902    -0.8156    -0.8161    -0.0004    -0.8159    -0.8164    -0.0004   2.771409   2.771794   0.000378    34.1469    34.1525     7.6768    27.4548    27.4594    333.686  357.86292  359.50692    34.1463    27.4543    1444.37    1444.37    -0.8159  1027.5071    34.3110 0.0000e+00
       2998 309.410033  -62.30810  -58.54616      0.340       0.00     11.000     10.895    -0.8137    -0.8142    -0.0004    -0.8140    -0.8145    -0.0004   2.771687   2.772065   0.000393    34.1471    34.1529     7.6744    27.4549    27.4597    333.580  357.84408  359.48768    34.1472    27.4550    1444.40    1444.40    -0.8140  1027.5125    34.3120 0.0000e+00
       3069 309.410067  -62.30808  -58.54616      0.347       0.00     12.000     11.884    -0.8110    -0.8109     0.0001    -0.8113    -0.8112     0.0001   2.772056   2.772499   0.000433    34.1486    34.1543     7.6778    27.4560    27.4606    333.727  357.81402  359.45710    34.1485    27.4559    1444.43    1444.44    -0.8113  1027.5182    34.3132 0.0000e+00
       3136 309.410100  -62.30808  -58.54616      0.348       0.00     13.000     12.873    -0.8110    -0.8113    -0.0003    -0.8113    -0.8117    -0.0003   2.772178   2.772577   0.000397    34.1495    34.1552     7.6726    27.4567    27.4614    333.500  357.81129  359.45442    34.1495    27.4568    1444.44    1444.45    -0.8113  1027.5238    34.3142 0.0000e+00
       3223 309.410142  -62.30810  -58.54616      0.265       0.00     14.000     13.866    -0.8105    -0.8107    -0.0003    -0.8108    -0.8111    -0.0003   2.772297   2.772708   0.000413    34.1499    34.1558     7.6705    27.4570    27.4618    333.409  357.80534  359.44838    34.1499    27.4571    1444.46    1444.47    -0.8109  1027.5289    34.3146 0.0000e+00
       3279 309.410169  -62.30810  -58.54616      0.434       0.00     15.000     14.855    -0.8092    -0.8101    -0.0009    -0.8097    -0.8105    -0.0009   2.772466   2.772821   0.000357    34.1501    34.1560     7.6783    27.4572    27.4620    333.748  357.79302  359.43582    34.1502    27.4573    1444.49    1444.49    -0.8096  1027.5339    34.3149 0.0000e+00
       3344 309.410200  -62.30809  -58.54616      0.360       0.00     16.000     15.846    -0.8084    -0.8093    -0.0009    -0.8089    -0.8098    -0.0009   2.772596   2.772951   0.000356    34.1504    34.1562     7.6776    27.4573    27.4621    333.719  357.78497  359.42760    34.1505    27.4574    1444.51    1444.51    -0.8088  1027.5389    34.3151 0.0000e+00
       3414 309.410234  -62.30809  -58.54616      0.346       0.00     17.000     16.835    -0.8068    -0.8075    -0.0007    -0.8073    -0.8080    -0.0007   2.772825   2.773196   0.000374    34.1508    34.1567     7.6667    27.4576    27.4624    333.246  357.76787  359.41016    34.1511    27.4578    1444.53    1444.54    -0.8072  1027.5440    34.3157 0.0000e+00
       5179 309.411085  -62.30810  -58.54616      0.012       0.00     18.000     17.823    -0.8088    -0.8084     0.0003    -0.8093    -0.8089     0.0003   2.772533   2.773000   0.000460    34.1488    34.1547     7.6711    27.4561    27.4609    333.435  357.79231  359.43493    34.1487    27.4560    1444.54    1444.54    -0.8093  1027.5470    34.3133 0.0000e+00
