Pos-Processados/pos_process38/Dados/doperantar38_005.cnv
* Sea-Bird SBE 9 Data File:
* FileName = D:\OPERANTAR_XXXVIII\DADOS\OP38_005.hdr
* Software Version Seasave V 7.18c
* Temperature SN = 4808
* Conductivity SN = 3380
* Number of Bytes Per Scan = 31
* Number of Voltage Words = 2
* Number of Scans Averaged by the Deck Unit = 1
* NMEA Latitude = 45 12.86 S
* NMEA Longitude = 051 09.01 W
* NMEA UTC (Time) = Oct 19 2019 13:59:02
** H41
** NAVIO POLAR ALMIRANTE MAXIMIANO
** CRUZEIRO:
** OPERANTAR XXXVIII
** ESTAวรO: OP38_005
** LAT 045บ 12,86' S
** LONG 051บ 09,03' W
** 09P73767-1155
** PROFUNDIDADE: 5853
** DATA/HORA: 191400Z/OUT/2019
** OPERADOR: SO-HN CHAVES
# nquan = 32
# nvalues = 1045                        
# units = specified
# name 0 = scan: Scan Count
# name 1 = timeJ: Julian Days
# name 2 = latitude: Latitude [deg]
# name 3 = longitude: Longitude [deg]
# name 4 = dz/dtM: Descent Rate [m/s]
# name 5 = avgsvCM: Average Sound Velocity [Chen-Millero, m/s]
# name 6 = prDM: Pressure, Digiquartz [db]
# name 7 = depSM: Depth [salt water, m]
# name 8 = t090C: Temperature [ITS-90, deg C]
# name 9 = t190C: Temperature, 2 [ITS-90, deg C]
# name 10 = T2-T190C: Temperature Difference, 2 - 1 [ITS-90, deg C]
# name 11 = potemp090C: Potential Temperature [ITS-90, deg C]
# name 12 = potemp190C: Potential Temperature, 2 [ITS-90, deg C]
# name 13 = potemp90Cdiff: Potential Temperature, Diff, 2 - 1 [ITS-90, deg C]
# name 14 = c0S/m: Conductivity [S/m]
# name 15 = c1S/m: Conductivity, 2 [S/m]
# name 16 = C2-C1S/m: Conductivity Difference, 2 - 1 [S/m]
# name 17 = sal00: Salinity, Practical [PSU]
# name 18 = sal11: Salinity, Practical, 2 [PSU]
# name 19 = sbeox0ML/L: Oxygen, SBE 43 [ml/l]
# name 20 = sbeox1ML/L: Oxygen, SBE 43, 2 [ml/l]
# name 21 = sbeox0ML/Ldiff: Oxygen, SBE 43, Diff, 2 - 1 [ml/l]
# name 22 = sigma-้00: Density [sigma-theta, kg/m^3]
# name 23 = sigma-้11: Density, 2 [sigma-theta, kg/m^3]
# name 24 = sal00: Salinity, Practical [PSU]
# name 25 = sigma-้00: Density [sigma-theta, kg/m^3]
# name 26 = svCM: Sound Velocity [Chen-Millero, m/s]
# name 27 = svCM1: Sound Velocity, 2 [Chen-Millero, m/s]
# name 28 = gsw_ptA0: potential temperature [ITS-90, deg C]
# name 29 = gsw_densityA0: density, TEOS-10 [density, kg/m^3]
# name 30 = gsw_saA0: Absolute Salinity [g/kg]
# name 31 = flag:
# span 0 =       3735,      32786       
# span 1 = 292.584463, 292.598472       
# span 2 =  -45.21444,  -45.21434       
# span 3 =  -51.15024,  -51.15008       
# span 4 =      0.166,      1.577       
# span 5 =      -0.01,    1532.30       
# span 6 =      5.000,   1049.000       
# span 7 =      4.979,   1037.846       
# span 8 =     2.8863,     9.9457       
# span 9 =     2.8868,     9.9441       
# span 10 =    -0.0350,     0.0316      
# span 11 =     2.8254,     9.9446      
# span 12 =     2.8259,     9.9431      
# span 13 =    -0.0349,     0.0315      
# span 14 =   3.128069,   3.777644      
# span 15 =   3.128617,   3.778032      
# span 16 =  -0.003254,   0.003314      
# span 17 =    34.1128,    34.7603      
# span 18 =    34.1181,    34.7667      
# span 19 =     4.1862,     6.5269      
# span 20 =     4.0097,     6.2315      
# span 21 =    -0.3301,    -0.0953      
# span 22 =    26.7479,    27.4352      
# span 23 =    26.7527,    27.4395      
# span 24 =    34.1086,    34.7641      
# span 25 =    26.7477,    27.4352      
# span 26 =    1472.28,    1490.45      
# span 27 =    1472.29,    1490.47      
# span 28 =     2.8253,     9.9446      
# span 29 =  1026.7731,  1032.2961      
# span 30 =    34.2703,    34.9285      
# span 31 = 0.0000e+00, 0.0000e+00      
# interval = decibars: 1                
# start_time = Oct 19 2019 13:59:02 [NMEA time, header]
# bad_flag = -9.990e-29
*END*
[from data line 952]
      29712 292.596990  -45.21440  -51.15018      1.378    1476.01    957.000    947.030     2.9941     2.9939    -0.0002     2.9297     2.9295    -0.0002   3.156129   3.156567   0.000424    34.3659    34.3713     4.4210     4.2319    -0.1891    27.3853    27.3896    34.3653    27.3847    1477.28    1477.29     2.9296  1031.8220    34.5309 0.0000e+00
      29729 292.596998  -45.21440  -51.15018      1.449    1476.01    958.000    948.017     2.9844     2.9861     0.0017     2.9201     2.9217     0.0016   3.155294   3.155930   0.000608    34.3654    34.3709     4.4078     4.2232    -0.1847    27.3857    27.3900    34.3649    27.3853    1477.26    1477.27     2.9199  1031.8272    34.5304 0.0000e+00
      29748 292.597008  -45.21440  -51.15018      1.371    1476.01    959.000    949.005     2.9752     2.9773     0.0021     2.9108     2.9129     0.0021   3.154562   3.155202   0.000644    34.3657    34.3712     4.3907     4.2101    -0.1806    27.3868    27.3910    34.3652    27.3864    1477.24    1477.25     2.9107  1031.8332    34.5308 0.0000e+00
      29772 292.597019  -45.21440  -51.15018      1.134    1476.01    960.000    949.992     2.9764     2.9770     0.0006     2.9119     2.9126     0.0006   3.154844   3.155325   0.000495    34.3668    34.3722     4.3769     4.1999    -0.1769    27.3876    27.3918    34.3668    27.3876    1477.26    1477.27     2.9118  1031.8389    34.5323 0.0000e+00
      29799 292.597032  -45.21440  -51.15018      0.908    1476.01    961.000    950.979     2.9768     2.9783     0.0016     2.9122     2.9138     0.0016   3.154986   3.155507   0.000572    34.3671    34.3723     4.3818     4.1959    -0.1859    27.3878    27.3918    34.3677    27.3883    1477.28    1477.29     2.9121  1031.8441    34.5332 0.0000e+00
      29824 292.597044  -45.21440  -51.15018      0.918    1476.01    962.000    951.966     2.9862     2.9843    -0.0018     2.9214     2.9196    -0.0018   3.155906   3.156213   0.000256    34.3686    34.3736     4.3838     4.2018    -0.1821    27.3881    27.3923    34.3683    27.3880    1477.34    1477.34     2.9214  1031.8482    34.5339 0.0000e+00
      29845 292.597054  -45.21440  -51.15018      1.049    1476.01    963.000    952.954     2.9845     2.9854     0.0008     2.9198     2.9206     0.0008   3.155837   3.156325   0.000517    34.3682    34.3736     4.3816     4.1957    -0.1858    27.3880    27.3922    34.3687    27.3884    1477.35    1477.36     2.9197  1031.8532    34.5342 0.0000e+00
      29864 292.597063  -45.21440  -51.15020      1.186    1476.01    964.000    953.941     2.9848     2.9839    -0.0010     2.9200     2.9190    -0.0010   3.155944   3.156328   0.000349    34.3685    34.3737     4.3814     4.1896    -0.1918    27.3882    27.3924    34.3692    27.3888    1477.37    1477.37     2.9199  1031.8582    34.5347 0.0000e+00
      29883 292.597073  -45.21440  -51.15020      1.260    1476.01    965.000    954.928     2.9914     2.9914     0.0001     2.9264     2.9264     0.0000   3.156651   3.157070   0.000420    34.3695    34.3745     4.3792     4.1882    -0.1910    27.3884    27.3924    34.3703    27.3891    1477.41    1477.42     2.9263  1031.8629    34.5359 0.0000e+00
      29905 292.597084  -45.21440  -51.15018      1.174    1476.01    966.000    955.915     2.9963     2.9969     0.0006     2.9312     2.9318     0.0006   3.157205   3.157705   0.000494    34.3704    34.3757     4.3784     4.1833    -0.1951    27.3887    27.3929    34.3713    27.3894    1477.45    1477.46     2.9311  1031.8677    34.5369 0.0000e+00
      29933 292.597097  -45.21440  -51.15018      0.920    1476.01    967.000    956.903     3.0022     3.0028     0.0005     2.9371     2.9376     0.0005   3.157885   3.158362   0.000477    34.3717    34.3769     4.3753     4.1912    -0.1841    27.3892    27.3933    34.3727    27.3900    1477.49    1477.50     2.9369  1031.8727    34.5383 0.0000e+00
      29958 292.597109  -45.21440  -51.15018      0.892    1476.01    968.000    957.890     3.0052     3.0056     0.0004     2.9399     2.9403     0.0004   3.158344   3.158801   0.000457    34.3736    34.3787     4.3709     4.1960    -0.1748    27.3905    27.3945    34.3746    27.3913    1477.53    1477.54     2.9398  1031.8785    34.5402 0.0000e+00
      29978 292.597118  -45.21440  -51.15018      1.067    1476.01    969.000    958.877     3.0062     3.0069     0.0007     2.9409     2.9415     0.0007   3.158528   3.159030   0.000501    34.3747    34.3801     4.3710     4.1913    -0.1797    27.3913    27.3955    34.3752    27.3917    1477.55    1477.56     2.9407  1031.8835    34.5408 0.0000e+00
      29995 292.597127  -45.21440  -51.15018      1.251    1476.01    970.000    959.864     3.0052     3.0059     0.0007     2.9397     2.9404     0.0006   3.158474   3.158977   0.000498    34.3749    34.3802     4.3697     4.1803    -0.1895    27.3915    27.3958    34.3751    27.3917    1477.56    1477.57     2.9396  1031.8881    34.5408 0.0000e+00
      30013 292.597135  -45.21440  -51.15018      1.353    1476.01    971.000    960.852     3.0020     3.0027     0.0007     2.9365     2.9372     0.0007   3.158158   3.158696   0.000520    34.3745    34.3800     4.3652     4.1722    -0.1931    27.3915    27.3958    34.3742    27.3913    1477.56    1477.57     2.9364  1031.8923    34.5398 0.0000e+00
      30035 292.597146  -45.21440  -51.15018      1.258    1476.01    972.000    961.839     2.9976     2.9979     0.0003     2.9320     2.9323     0.0003   3.157802   3.158281   0.000466    34.3743    34.3796     4.3588     4.1655    -0.1933    27.3917    27.3960    34.3740    27.3915    1477.56    1477.57     2.9319  1031.8973    34.5397 0.0000e+00
      30064 292.597160  -45.21440  -51.15018      0.914    1476.01    973.000    962.826     2.9886     2.9898     0.0013     2.9230     2.9243     0.0013   3.156948   3.157503   0.000577    34.3733    34.3790     4.3473     4.1632    -0.1841    27.3918    27.3962    34.3727    27.3913    1477.54    1477.55     2.9229  1031.9019    34.5383 0.0000e+00
      30092 292.597174  -45.21440  -51.15018      0.797    1476.01    974.000    963.814     2.9847     2.9850     0.0003     2.9191     2.9194     0.0003   3.156691   3.157142   0.000452    34.3736    34.3788     4.3486     4.1635    -0.1851    27.3923    27.3965    34.3731    27.3920    1477.54    1477.54     2.9190  1031.9073    34.5388 0.0000e+00
      30114 292.597184  -45.21440  -51.15018      0.972    1476.01    975.000    964.801     2.9737     2.9749     0.0012     2.9081     2.9093     0.0012   3.155504   3.156090   0.000566    34.3719    34.3774     4.3489     4.1650    -0.1839    27.3920    27.3963    34.3699    27.3904    1477.50    1477.51     2.9080  1031.9106    34.5355 0.0000e+00
      30132 292.597193  -45.21440  -51.15018      1.163    1476.01    976.000    965.788     2.9666     2.9677     0.0010     2.9010     2.9020     0.0010   3.155013   3.155538   0.000539    34.3718    34.3772     4.3504     4.1674    -0.1831    27.3925    27.3968    34.3709    27.3918    1477.49    1477.50     2.9009  1031.9168    34.5365 0.0000e+00
      30150 292.597201  -45.21440  -51.15018      1.308    1476.01    977.000    966.775     2.9650     2.9663     0.0013     2.8994     2.9006     0.0013   3.154815   3.155379   0.000556    34.3716    34.3769     4.3506     4.1640    -0.1866    27.3925    27.3967    34.3697    27.3910    1477.50    1477.51     2.8992  1031.9206    34.5353 0.0000e+00
      30168 292.597210  -45.21440  -51.15016      1.351    1476.01    978.000    967.762     2.9501     2.9505     0.0004     2.8844     2.8848     0.0003   3.153424   3.153906   0.000491    34.3700    34.3756     4.3556     4.1628    -0.1928    27.3926    27.3970    34.3681    27.3911    1477.45    1477.46     2.8844  1031.9257    34.5338 0.0000e+00
      30190 292.597221  -45.21440  -51.15017      1.229    1476.01    979.000    968.750     2.9440     2.9443     0.0003     2.8783     2.8786     0.0003   3.153004   3.153478   0.000473    34.3702    34.3756     4.3589     4.1649    -0.1940    27.3933    27.3976    34.3690    27.3923    1477.44    1477.45     2.8782  1031.9317    34.5346 0.0000e+00
      30218 292.597234  -45.21440  -51.15018      0.946    1476.01    980.000    969.737     2.9578     2.9586     0.0008     2.8920     2.8927     0.0008   3.154778   3.155262   0.000483    34.3740    34.3790     4.3625     4.1659    -0.1966    27.3951    27.3990    34.3753    27.3962    1477.52    1477.53     2.8918  1031.9399    34.5413 0.0000e+00
      30247 292.597248  -45.21440 -9.990e-29      0.803    1476.01    981.000    970.724     2.9792     2.9797     0.0004     2.9131     2.9136     0.0004   3.156944   3.157407   0.000463    34.3773    34.3824     4.3691     4.1722    -0.1969    27.3959    27.3999    34.3784    27.3967    1477.64    1477.64     2.9130  1031.9446    34.5445 0.0000e+00
      30271 292.597260  -45.21440 -9.990e-29      0.915    1476.01    982.000    971.711     2.9819     2.9823     0.0004     2.9157     2.9161     0.0004   3.157135   3.157620   0.000483    34.3775    34.3829     4.3708     4.1731    -0.1977    27.3958    27.4001    34.3774    27.3957    1477.66    1477.67     2.9156  1031.9481    34.5435 0.0000e+00
      30291 292.597269  -45.21440 -9.990e-29      1.080    1476.01    983.000    972.699     2.9779     2.9786     0.0007     2.9117     2.9124     0.0007   3.157028   3.157530   0.000508    34.3793    34.3847     4.3556     4.1737    -0.1819    27.3975    27.4018    34.3797    27.3979    1477.67    1477.68     2.9116  1031.9549    34.5458 0.0000e+00
      30309 292.597278  -45.21440  -51.15016      1.231    1476.01    984.000    973.686     2.9828     2.9834     0.0006     2.9165     2.9171     0.0006   3.157701   3.158195   0.000478    34.3810    34.3862     4.3448     4.1646    -0.1802    27.3985    27.4026    34.3822    27.3994    1477.71    1477.72     2.9164  1031.9607    34.5481 0.0000e+00
      30327 292.597287  -45.21440  -51.15016      1.322    1476.01    985.000    974.673     2.9879     2.9885     0.0007     2.9214     2.9220     0.0006   3.158222   3.158697   0.000492    34.3817    34.3870     4.3371     4.1511    -0.1861    27.3987    27.4028    34.3826    27.3994    1477.74    1477.75     2.9213  1031.9649    34.5483 0.0000e+00
      30347 292.597297  -45.21440  -51.15016      1.283    1476.01    986.000    975.660     2.9939     2.9948     0.0008     2.9273     2.9281     0.0008   3.158908   3.159437   0.000519    34.3828    34.3882     4.3308     4.1421    -0.1888    27.3990    27.4033    34.3840    27.3999    1477.79    1477.80     2.9272  1031.9699    34.5497 0.0000e+00
      30372 292.597309  -45.21440  -51.15016      1.082    1476.01    987.000    976.647     2.9980     2.9986     0.0006     2.9313     2.9319     0.0005   3.159352   3.159831   0.000484    34.3835    34.3888     4.3187     4.1318    -0.1869    27.3992    27.4034    34.3845    27.4000    1477.82    1477.83     2.9312  1031.9744    34.5502 0.0000e+00
      30398 292.597321  -45.21442  -51.15016      0.932    1476.01    988.000    977.634     3.0016     3.0023     0.0007     2.9348     2.9355     0.0007   3.159805   3.160312   0.000505    34.3848    34.3902     4.3181     4.1265    -0.1916    27.3999    27.4041    34.3857    27.4006    1477.86    1477.87     2.9347  1031.9795    34.5514 0.0000e+00
      30421 292.597332  -45.21442  -51.15016      0.981    1476.01    989.000    978.622     3.0016     3.0023     0.0006     2.9347     2.9354     0.0006   3.159846   3.160333   0.000490    34.3852    34.3905     4.3168     4.1195    -0.1973    27.4003    27.4044    34.3857    27.4006    1477.87    1477.88     2.9346  1031.9841    34.5514 0.0000e+00
      30443 292.597343  -45.21440  -51.15016      1.056    1476.01    990.000    979.609     2.9997     3.0002     0.0006     2.9327     2.9333     0.0005   3.159724   3.160218   0.000491    34.3855    34.3908     4.3161     4.1255    -0.1906    27.4006    27.4048    34.3857    27.4008    1477.88    1477.89     2.9326  1031.9890    34.5515 0.0000e+00
      30469 292.597355  -45.21440  -51.15016      1.004    1476.01    991.000    980.596     2.9984     2.9986     0.0003     2.9314     2.9317     0.0003   3.159762   3.160222   0.000465    34.3864    34.3917     4.3088     4.1246    -0.1843    27.4015    27.4057    34.3870    27.4019    1477.89    1477.90     2.9313  1031.9947    34.5528 0.0000e+00
      30499 292.597370  -45.21440  -51.15016      0.822    1476.01    992.000    981.583     3.0015     3.0020     0.0005     2.9344     2.9348     0.0005   3.160143   3.160623   0.000478    34.3874    34.3927     4.3064     4.1216    -0.1848    27.4021    27.4062    34.3879    27.4024    1477.93    1477.93     2.9342  1031.9996    34.5536 0.0000e+00
      30527 292.597383  -45.21440  -51.15017      0.822    1476.01    993.000    982.570     3.0003     3.0009     0.0006     2.9331     2.9337     0.0006   3.160125   3.160615   0.000490    34.3882    34.3935     4.3096     4.1265    -0.1831    27.4027    27.4069    34.3884    27.4029    1477.94    1477.95     2.9330  1032.0048    34.5541 0.0000e+00
      30549 292.597394  -45.21440  -51.15017      0.974    1476.01    994.000    983.557     2.9983     2.9989     0.0007     2.9311     2.9317     0.0006   3.160058   3.160544   0.000488    34.3889    34.3942     4.3097     4.1199    -0.1898    27.4035    27.4077    34.3892    27.4037    1477.95    1477.96     2.9309  1032.0102    34.5549 0.0000e+00
      30569 292.597403  -45.21440  -51.15016      1.124    1476.01    995.000    984.544     2.9958     2.9964     0.0006     2.9285     2.9291     0.0005   3.159955   3.160450   0.000485    34.3903    34.3955     4.3088     4.1197    -0.1891    27.4048    27.4090    34.3900    27.4046    1477.95    1477.96     2.9284  1032.0158    34.5558 0.0000e+00
      30588 292.597413  -45.21440  -51.15016      1.226    1476.01    996.000    985.532     2.9904     2.9916     0.0011     2.9231     2.9242     0.0011   3.159488   3.160036   0.000553    34.3901    34.3956     4.3007     4.1185    -0.1822    27.4052    27.4095    34.3895    27.4047    1477.95    1477.96     2.9230  1032.0206    34.5553 0.0000e+00
      30607 292.597422  -45.21440  -51.15016      1.250    1476.01    997.000    986.519     2.9846     2.9851     0.0005     2.9172     2.9177     0.0005   3.158990   3.159494   0.000502    34.3900    34.3955     4.2898     4.1080    -0.1817    27.4056    27.4100    34.3892    27.4050    1477.94    1477.95     2.9171  1032.0256    34.5550 0.0000e+00
      30630 292.597433  -45.21440  -51.15016      1.147 -9.990e-29    998.000    987.506     2.9809     2.9815     0.0007     2.9135     2.9141     0.0006   3.158743   3.159231   0.000491    34.3900    34.3953     4.2849     4.1053    -0.1796    27.4060    27.4101    34.3896    27.4056    1477.94    1477.95     2.9134  1032.0309    34.5554 0.0000e+00
      30656 292.597445  -45.21442  -51.15016      0.985 -9.990e-29    999.000    988.493     2.9774     2.9780     0.0006     2.9100     2.9105     0.0006   3.158449   3.158936   0.000488    34.3900    34.3953     4.2802     4.1042    -0.1760    27.4063    27.4104    34.3892    27.4056    1477.94    1477.95     2.9098  1032.0356    34.5550 0.0000e+00
      30681 292.597458  -45.21442  -51.15016      0.929 -9.990e-29   1000.000    989.480     2.9714     2.9719     0.0006     2.9039     2.9044     0.0005   3.157962   3.158449   0.000487    34.3901    34.3954     4.2899     4.1015    -0.1883    27.4069    27.4111    34.3891    27.4061    1477.93    1477.94     2.9038  1032.0409    34.5550 0.0000e+00
      30704 292.597469  -45.21442  -51.15016      0.987    1476.10   1001.000    990.468     2.9647     2.9652     0.0005     2.8972     2.8977     0.0005   3.157390   3.157868   0.000477    34.3900    34.3953     4.2863     4.1015    -0.1849    27.4075    27.4116    34.3887    27.4064    1477.92    1477.93     2.8971  1032.0459    34.5546 0.0000e+00
