Pos-Processados/pos_process38/Dados/doperantar38_005.cnv
* Sea-Bird SBE 9 Data File:
* FileName = D:\OPERANTAR_XXXVIII\DADOS\OP38_005.hdr
* Software Version Seasave V 7.18c
* Temperature SN = 4808
* Conductivity SN = 3380
* Number of Bytes Per Scan = 31
* Number of Voltage Words = 2
* Number of Scans Averaged by the Deck Unit = 1
* NMEA Latitude = 45 12.86 S
* NMEA Longitude = 051 09.01 W
* NMEA UTC (Time) = Oct 19 2019 13:59:02
** H41
** NAVIO POLAR ALMIRANTE MAXIMIANO
** CRUZEIRO:
** OPERANTAR XXXVIII
** ESTAวรO: OP38_005
** LAT 045บ 12,86' S
** LONG 051บ 09,03' W
** 09P73767-1155
** PROFUNDIDADE: 5853
** DATA/HORA: 191400Z/OUT/2019
** OPERADOR: SO-HN CHAVES
# nquan = 32
# nvalues = 1045                        
# units = specified
# name 0 = scan: Scan Count
# name 1 = timeJ: Julian Days
# name 2 = latitude: Latitude [deg]
# name 3 = longitude: Longitude [deg]
# name 4 = dz/dtM: Descent Rate [m/s]
# name 5 = avgsvCM: Average Sound Velocity [Chen-Millero, m/s]
# name 6 = prDM: Pressure, Digiquartz [db]
# name 7 = depSM: Depth [salt water, m]
# name 8 = t090C: Temperature [ITS-90, deg C]
# name 9 = t190C: Temperature, 2 [ITS-90, deg C]
# name 10 = T2-T190C: Temperature Difference, 2 - 1 [ITS-90, deg C]
# name 11 = potemp090C: Potential Temperature [ITS-90, deg C]
# name 12 = potemp190C: Potential Temperature, 2 [ITS-90, deg C]
# name 13 = potemp90Cdiff: Potential Temperature, Diff, 2 - 1 [ITS-90, deg C]
# name 14 = c0S/m: Conductivity [S/m]
# name 15 = c1S/m: Conductivity, 2 [S/m]
# name 16 = C2-C1S/m: Conductivity Difference, 2 - 1 [S/m]
# name 17 = sal00: Salinity, Practical [PSU]
# name 18 = sal11: Salinity, Practical, 2 [PSU]
# name 19 = sbeox0ML/L: Oxygen, SBE 43 [ml/l]
# name 20 = sbeox1ML/L: Oxygen, SBE 43, 2 [ml/l]
# name 21 = sbeox0ML/Ldiff: Oxygen, SBE 43, Diff, 2 - 1 [ml/l]
# name 22 = sigma-้00: Density [sigma-theta, kg/m^3]
# name 23 = sigma-้11: Density, 2 [sigma-theta, kg/m^3]
# name 24 = sal00: Salinity, Practical [PSU]
# name 25 = sigma-้00: Density [sigma-theta, kg/m^3]
# name 26 = svCM: Sound Velocity [Chen-Millero, m/s]
# name 27 = svCM1: Sound Velocity, 2 [Chen-Millero, m/s]
# name 28 = gsw_ptA0: potential temperature [ITS-90, deg C]
# name 29 = gsw_densityA0: density, TEOS-10 [density, kg/m^3]
# name 30 = gsw_saA0: Absolute Salinity [g/kg]
# name 31 = flag:
# span 0 =       3735,      32786       
# span 1 = 292.584463, 292.598472       
# span 2 =  -45.21444,  -45.21434       
# span 3 =  -51.15024,  -51.15008       
# span 4 =      0.166,      1.577       
# span 5 =      -0.01,    1532.30       
# span 6 =      5.000,   1049.000       
# span 7 =      4.979,   1037.846       
# span 8 =     2.8863,     9.9457       
# span 9 =     2.8868,     9.9441       
# span 10 =    -0.0350,     0.0316      
# span 11 =     2.8254,     9.9446      
# span 12 =     2.8259,     9.9431      
# span 13 =    -0.0349,     0.0315      
# span 14 =   3.128069,   3.777644      
# span 15 =   3.128617,   3.778032      
# span 16 =  -0.003254,   0.003314      
# span 17 =    34.1128,    34.7603      
# span 18 =    34.1181,    34.7667      
# span 19 =     4.1862,     6.5269      
# span 20 =     4.0097,     6.2315      
# span 21 =    -0.3301,    -0.0953      
# span 22 =    26.7479,    27.4352      
# span 23 =    26.7527,    27.4395      
# span 24 =    34.1086,    34.7641      
# span 25 =    26.7477,    27.4352      
# span 26 =    1472.28,    1490.45      
# span 27 =    1472.29,    1490.47      
# span 28 =     2.8253,     9.9446      
# span 29 =  1026.7731,  1032.2961      
# span 30 =    34.2703,    34.9285      
# span 31 = 0.0000e+00, 0.0000e+00      
# interval = decibars: 1                
# start_time = Oct 19 2019 13:59:02 [NMEA time, header]
# bad_flag = -9.990e-29
*END*
       3735 292.584463  -45.21436  -51.15022      0.352       0.00      5.000      4.979     9.9390     9.9395     0.0005     9.9384     9.9389     0.0005   3.776605   3.777282   0.000679    34.7253    34.7317     6.2223     5.9463    -0.2760    26.7479    26.7529    34.7251    26.7478    1489.36    1489.37     9.9384  1026.7731    34.8890 0.0000e+00
       4155 292.584665  -45.21436  -51.15022      0.492       0.00      6.000      5.955     9.9440     9.9438    -0.0003     9.9433     9.9431    -0.0003   3.777262   3.777837   0.000570    34.7263    34.7324     6.2245     5.9459    -0.2786    26.7479    26.7527    34.7264    26.7480    1489.40    1489.40     9.9434  1026.7778    34.8904 0.0000e+00
       4224 292.584699  -45.21436  -51.15022      0.422       0.00      7.000      6.943     9.9433     9.9431    -0.0002     9.9425     9.9423    -0.0002   3.777214   3.777786   0.000586    34.7263    34.7325     6.2180     5.9742    -0.2438    26.7480    26.7529    34.7262    26.7480    1489.41    1489.42     9.9425  1026.7823    34.8902 0.0000e+00
       4258 292.584715  -45.21436  -51.15022      0.647 4.1643e-17      8.000      7.935     9.9446     9.9441    -0.0005     9.9436     9.9431    -0.0005   3.777425   3.778025   0.000582    34.7265    34.7330     6.2311     6.0041    -0.2271    26.7480    26.7531    34.7267    26.7481    1489.43    1489.44     9.9436  1026.7870    34.8907 0.0000e+00
       4289 292.584730  -45.21434  -51.15022      0.798       0.13      9.000      8.927     9.9419     9.9405    -0.0015     9.9409     9.9395    -0.0015   3.777187   3.777624   0.000466    34.7263    34.7325     6.2231     5.9969    -0.2261    26.7483    26.7534    34.7263    26.7483    1489.44    1489.44     9.9409  1026.7917    34.8903 0.0000e+00
       4329 292.584749  -45.21434  -51.15023      0.606      -0.00     10.000      9.918     9.9457     9.9432    -0.0025     9.9446     9.9420    -0.0025   3.777644   3.778032   0.000374    34.7266    34.7329     6.2195     5.9793    -0.2402    26.7479    26.7533    34.7269    26.7481    1489.47    1489.47     9.9446  1026.7960    34.8909 0.0000e+00
       4369 292.584768  -45.21434  -51.15024      0.592 3.9651e-33     11.000     10.910     9.9357     9.9369     0.0012     9.9344     9.9356     0.0012   3.776478   3.777234   0.000755    34.7254    34.7320     6.2158     5.9775    -0.2383    26.7487    26.7536    34.7241    26.7477    1489.45    1489.46     9.9344  1026.8001    34.8881 0.0000e+00
       4413 292.584790  -45.21434  -51.15023      0.547       0.01     12.000     11.896     9.9284     9.9309     0.0025     9.9270     9.9295     0.0025   3.775862   3.776747   0.000884    34.7248    34.7314     6.2036     5.9601    -0.2436    26.7495    26.7542    34.7244    26.7492    1489.44    1489.45     9.9270  1026.8061    34.8884 0.0000e+00
       4476 292.584820  -45.21434  -51.15021      0.313      -0.00     13.000     12.899     9.9280     9.9278    -0.0002     9.9266     9.9263    -0.0002   3.775850   3.776430   0.000575    34.7247    34.7308     6.1956     5.9977    -0.1979    26.7495    26.7543    34.7242    26.7491    1489.45    1489.46     9.9266  1026.8105    34.8881 0.0000e+00
       4502 292.584833  -45.21434  -51.15022      0.732 1.8866e-38     14.000     13.886     9.9266     9.9263    -0.0003     9.9250     9.9246    -0.0003   3.775831   3.776365   0.000552    34.7248    34.7308     6.2146     5.9993    -0.2153    26.7498    26.7546    34.7249    26.7499    1489.46    1489.47     9.9250  1026.8158    34.8888 0.0000e+00
       4525 292.584844  -45.21434  -51.15022      0.997 6.4509e-20     15.000     14.877     9.9280     9.9319     0.0038     9.9263     9.9302     0.0038   3.776016   3.777104   0.001029    34.7246    34.7315     6.2101     5.9853    -0.2248    26.7495    26.7542    34.7249    26.7497    1489.48    1489.51     9.9263  1026.8201    34.8889 0.0000e+00
       4560 292.584861  -45.21434  -51.15022      0.777       0.12     16.000     15.866     9.9258     9.9292     0.0035     9.9239     9.9274     0.0035   3.775753   3.776721   0.000967    34.7244    34.7310     6.2045     5.9900    -0.2145    26.7497    26.7543    34.7239    26.7494    1489.49    1489.51     9.9239  1026.8243    34.8879 0.0000e+00
       4617 292.584888  -45.21434  -51.15022      0.350      -0.01     17.000     16.867     9.9238     9.9225    -0.0012     9.9218     9.9206    -0.0012   3.775667   3.776095   0.000476    34.7243    34.7304     6.2229     6.0038    -0.2192    26.7500    26.7549    34.7245    26.7502    1489.50    1489.50     9.9218  1026.8296    34.8885 0.0000e+00
       4646 292.584902  -45.21434  -51.15022      0.698 1.2775e-30     18.000     17.853     9.9288     9.9267    -0.0020     9.9267     9.9247    -0.0020   3.776108   3.776611   0.000458    34.7243    34.7310     6.2199     6.0075    -0.2124    26.7492    26.7547    34.7238    26.7488    1489.54    1489.54     9.9267  1026.8327    34.8877 0.0000e+00
       4669 292.584913  -45.21434  -51.15022      0.955 4.7269e-12     19.000     18.844     9.9251     9.9245    -0.0005     9.9229     9.9224    -0.0005   3.775860   3.776430   0.000567    34.7244    34.7307     6.2164     6.0128    -0.2036    26.7499    26.7549    34.7243    26.7498    1489.54    1489.54     9.9229  1026.8383    34.8883 0.0000e+00
       4714 292.584935  -45.21434  -51.15022      0.622     912.63     20.000     19.838     9.9245     9.9245    -0.0000     9.9222     9.9222    -0.0000   3.775840   3.776457   0.000626    34.7243    34.7307     6.2212     6.0192    -0.2020    26.7499    26.7549    34.7242    26.7498    1489.55    1489.56     9.9223  1026.8428    34.8881 0.0000e+00
       4787 292.584970  -45.21434  -51.15022      0.268    1532.30     21.000     20.828     9.9246     9.9221    -0.0024     9.9222     9.9197    -0.0024   3.776021   3.776356   0.000349    34.7247    34.7306     6.2111     6.0231    -0.1880    26.7502    26.7552    34.7255    26.7509    1489.57    1489.57     9.9222  1026.8483    34.8895 0.0000e+00
       4808 292.584980  -45.21434  -51.15022      0.806    1489.56     22.000     21.820     9.9267     9.9278     0.0011     9.9242     9.9253     0.0011   3.776086   3.776858   0.000751    34.7243    34.7309     6.2149     6.0151    -0.1998    26.7496    26.7546    34.7237    26.7491    1489.59    1489.61     9.9242  1026.8510    34.8876 0.0000e+00
       4829 292.584990  -45.21434  -51.15022      1.073    1489.56     23.000     22.812     9.9204     9.9218     0.0013     9.9178     9.9192     0.0013   3.775429   3.776217   0.000783    34.7233    34.7301     6.2083     6.0180    -0.1904    26.7499    26.7550    34.7225    26.7493    1489.58    1489.60     9.9178  1026.8557    34.8864 0.0000e+00
       4857 292.585004  -45.21434  -51.15022      0.985    1489.56     24.000     23.803     9.9147     9.9148     0.0001     9.9120     9.9121     0.0001   3.774923   3.775558   0.000640    34.7228    34.7293     6.2204     6.0318    -0.1886    26.7505    26.7555    34.7224    26.7501    1489.58    1489.59     9.9120  1026.8611    34.8863 0.0000e+00
       4902 292.585026  -45.21434  -51.15022      0.512    1489.56     25.000     24.795     9.9168     9.9167    -0.0000     9.9139     9.9139    -0.0000   3.775244   3.775883   0.000628    34.7233    34.7297     6.2236     6.0387    -0.1849    26.7505    26.7556    34.7232    26.7505    1489.61    1489.61     9.9139  1026.8660    34.8872 0.0000e+00
       4938 292.585043  -45.21434  -51.15022      0.622    1489.56     26.000     25.787     9.9222     9.9214    -0.0008     9.9192     9.9184    -0.0008   3.775885   3.776427   0.000542    34.7239    34.7303     6.2147     6.0222    -0.1924    26.7502    26.7552    34.7241    26.7503    1489.64    1489.65     9.9192  1026.8702    34.8880 0.0000e+00
       4966 292.585056  -45.21434  -51.15022      0.830    1489.56     27.000     26.779     9.9239     9.9232    -0.0006     9.9208     9.9202    -0.0006   3.776184   3.776715   0.000548    34.7243    34.7305     6.1990     6.0262    -0.1728    26.7502    26.7551    34.7251    26.7508    1489.67    1489.67     9.9208  1026.8752    34.8890 0.0000e+00
       4998 292.585072  -45.21434  -51.15022      0.788    1489.56     28.000     27.770     9.9270     9.9271     0.0001     9.9238     9.9239     0.0001   3.776438   3.777084   0.000639    34.7244    34.7308     6.2035     6.0402    -0.1633    26.7497    26.7547    34.7243    26.7496    1489.69    1489.70     9.9238  1026.8786    34.8882 0.0000e+00
       5041 292.585092  -45.21434  -51.15022      0.568    1489.56     29.000     28.762     9.9200     9.9219     0.0018     9.9167     9.9185     0.0018   3.775713   3.776538   0.000818    34.7235    34.7302     6.2124     6.0525    -0.1599    26.7503    26.7551    34.7230    26.7499    1489.68    1489.70     9.9167  1026.8833    34.8870 0.0000e+00
       5080 292.585111  -45.21434  -51.15022      0.599    1489.56     30.000     29.754     9.9168     9.9168     0.0000     9.9134     9.9134     0.0000   3.775484   3.776096   0.000621    34.7233    34.7297     6.2027     6.0129    -0.1898    26.7507    26.7556    34.7233    26.7507    1489.69    1489.70     9.9134  1026.8886    34.8872 0.0000e+00
       5112 292.585127  -45.21434  -51.15022      0.720    1489.56     31.000     30.745     9.9137     9.9130    -0.0006     9.9101     9.9095    -0.0006   3.775194   3.775740   0.000570    34.7229    34.7293     6.2005     6.0238    -0.1767    26.7509    26.7560    34.7229    26.7509    1489.69    1489.70     9.9101  1026.8935    34.8869 0.0000e+00
       5150 292.585145  -45.21434 -9.990e-29      0.665    1489.56     32.000     31.737     9.9132     9.9126    -0.0007     9.9096     9.9089    -0.0007   3.775086   3.775662   0.000566    34.7226    34.7290     6.2089     6.0420    -0.1669    26.7507    26.7558    34.7218    26.7501    1489.71    1489.71     9.9096  1026.8972    34.8859 0.0000e+00
       5190 292.585164  -45.21434 -9.990e-29      0.584    1489.56     33.000     32.729     9.8934     9.8910    -0.0024     9.8896     9.8872    -0.0024   3.772926   3.773175   0.000357    34.7195    34.7255     6.2143     6.0218    -0.1926    26.7517    26.7568    34.7183    26.7508    1489.65    1489.65     9.8896  1026.9024    34.8823 0.0000e+00
       5221 292.585179  -45.21434  -51.15024      0.731    1489.56     34.000     33.720     9.8706     9.8700    -0.0005     9.8667     9.8662    -0.0005   3.770331   3.771033   0.000602    34.7165    34.7232     6.1876     6.0174    -0.1702    26.7533    26.7586    34.7132    26.7507    1489.58    1489.58     9.8667  1026.9067    34.8771 0.0000e+00
       5266 292.585201  -45.21434  -51.15023      0.547    1489.56     35.000     34.711     9.8589     9.8584    -0.0005     9.8549     9.8544    -0.0005   3.769351   3.769922   0.000562    34.7153    34.7216     6.1722     6.0040    -0.1682    26.7543    26.7593    34.7139    26.7532    1489.55    1489.56     9.8550  1026.9137    34.8778 0.0000e+00
       5335 292.585235  -45.21434  -51.15022      0.320    1489.56     36.000     35.706     9.8618     9.8590    -0.0028     9.8577     9.8549    -0.0028   3.769819   3.770143   0.000325    34.7157    34.7217     6.1802     6.0016    -0.1786    26.7541    26.7593    34.7155    26.7540    1489.58    1489.58     9.8577  1026.9190    34.8793 0.0000e+00
       5373 292.585253  -45.21435  -51.15022      0.607    1489.56     37.000     36.693     9.8591     9.8573    -0.0018     9.8549     9.8531    -0.0018   3.769419   3.769837   0.000431    34.7146    34.7207     6.1883     6.0146    -0.1737    26.7537    26.7589    34.7135    26.7529    1489.58    1489.58     9.8549  1026.9224    34.8773 0.0000e+00
       5414 292.585272  -45.21436  -51.15022      0.589    1489.56     38.000     37.690     9.8536     9.8508    -0.0028     9.8493     9.8465    -0.0028   3.768981   3.769313   0.000324    34.7144    34.7204     6.1955     6.0072    -0.1882    26.7545    26.7597    34.7138    26.7541    1489.58    1489.58     9.8493  1026.9281    34.8777 0.0000e+00
       5449 292.585289  -45.21436  -51.15022      0.664    1489.56     39.000     38.679     9.8487     9.8494     0.0007     9.8443     9.8449     0.0007   3.768452   3.769130   0.000679    34.7135    34.7198     6.1833     6.0010    -0.1822    26.7547    26.7595    34.7127    26.7541    1489.58    1489.59     9.8443  1026.9326    34.8765 0.0000e+00
       5481 292.585305  -45.21436  -51.15022      0.751    1489.56     40.000     39.671     9.8500     9.8511     0.0011     9.8455     9.8466     0.0011   3.768587   3.769369   0.000762    34.7135    34.7202     6.1735     6.0020    -0.1714    26.7545    26.7596    34.7124    26.7536    1489.60    1489.61     9.8454  1026.9367    34.8762 0.0000e+00
       5528 292.585328  -45.21434  -51.15022      0.515    1489.56     41.000     40.661     9.8373     9.8378     0.0005     9.8326     9.8331     0.0005   3.767366   3.768014   0.000662    34.7123    34.7186     6.1728     6.0213    -0.1514    26.7557    26.7606    34.7116    26.7552    1489.57    1489.58     9.8326  1026.9429    34.8756 0.0000e+00
       5581 292.585353  -45.21434 -9.990e-29      0.446    1489.56     42.000     41.654     9.8367     9.8374     0.0007     9.8319     9.8326     0.0007   3.767318   3.767996   0.000670    34.7120    34.7182     6.1573     6.0056    -0.1517    26.7556    26.7603    34.7112    26.7550    1489.58    1489.59     9.8319  1026.9472    34.8752 0.0000e+00
       5610 292.585367  -45.21435  -51.15022      0.724    1489.56     43.000     42.646     9.8330     9.8340     0.0010     9.8281     9.8291     0.0010   3.767008   3.767716   0.000714    34.7116    34.7179     6.1739     5.9929    -0.1810    26.7559    26.7608    34.7111    26.7556    1489.59    1489.60     9.8281  1026.9522    34.8751 0.0000e+00
       5639 292.585381  -45.21436  -51.15022      0.847    1489.56     44.000     43.637     9.8279     9.8316     0.0037     9.8229     9.8266     0.0037   3.766183   3.767437   0.001048    34.7104    34.7176     6.1661     5.9865    -0.1796    26.7559    26.7609    34.7071    26.7533    1489.58    1489.60     9.8229  1026.9545    34.8710 0.0000e+00
       5676 292.585399  -45.21436  -51.15022      0.684    1489.56     45.000     44.629     9.7957     9.7848    -0.0109     9.7906     9.7797    -0.0109   3.763117   3.762371  -0.000585    34.7081    34.7126     6.1752     6.0060    -0.1692    26.7596    26.7649    34.7062    26.7581    1489.48    1489.44     9.7906  1026.9637    34.8701 0.0000e+00
       5715 292.585417  -45.21436  -51.15022      0.600    1489.56     46.000     45.621     9.7897     9.7957     0.0061     9.7845     9.7905     0.0061   3.762758   3.764079   0.001273    34.7080    34.7152     6.1427     5.9919    -0.1508    26.7605    26.7651    34.7078    26.7604    1489.47    1489.51     9.7845  1026.9705    34.8717 0.0000e+00
       5747 292.585433  -45.21436  -51.15023      0.717    1489.56     47.000     46.612     9.7914     9.7818    -0.0096     9.7861     9.7765    -0.0096   3.762869   3.762457  -0.000352    34.7074    34.7131     6.1468     5.9854    -0.1615    26.7597    26.7658    34.7069    26.7593    1489.50    1489.47     9.7861  1026.9740    34.8707 0.0000e+00
       5789 292.585454  -45.21436  -51.15024      0.594    1489.56     48.000     47.603     9.7651     9.7629    -0.0023     9.7597     9.7574    -0.0023   3.759887   3.760191   0.000358    34.7040    34.7099     6.1575     6.0021    -0.1554    26.7615    26.7665    34.7011    26.7592    1489.41    1489.41     9.7597  1026.9784    34.8649 0.0000e+00
       5838 292.585477  -45.21436  -51.15024      0.470    1489.56     49.000     48.597     9.7389     9.7389     0.0000     9.7333     9.7333     0.0000   3.757330   3.757971   0.000596    34.7023    34.7084     6.1482     5.9949    -0.1534    26.7646    26.7694    34.6997    26.7626    1489.33    1489.34     9.7333  1026.9863    34.8635 0.0000e+00
