Pos-Processados/pos_process38/Dados/doperantar38_006.cnv
* Sea-Bird SBE 9 Data File:
* FileName = D:\OPERANTAR_XXXVIII\DADOS\OP38_006.hdr
* Software Version Seasave V 7.18c
* Temperature SN = 4808
* Conductivity SN = 3380
* Number of Bytes Per Scan = 31
* Number of Voltage Words = 2
* Number of Scans Averaged by the Deck Unit = 1
* NMEA Latitude = 45 04.05 S
* NMEA Longitude = 051 28.82 W
* NMEA UTC (Time) = Oct 19 2019 17:49:21
** H41
** NAVIO POLAR ALMIRANTE MAXIMIANO
** CRUZEIRO:
** OPERANTAR XXXVIII
** ESTAวรO: OP38_006
** LAT 45บ 04,05' S
** LONG 051บ 28,85' W
** 09P73767-1155
** PROFUNDIDADE: 5872
** DATA/HORA: 191750Z/OUT/2019
** OPERADOR: SO-HN CHAVES
# nquan = 32
# nvalues = 1037                        
# units = specified
# name 0 = scan: Scan Count
# name 1 = timeJ: Julian Days
# name 2 = latitude: Latitude [deg]
# name 3 = longitude: Longitude [deg]
# name 4 = dz/dtM: Descent Rate [m/s]
# name 5 = avgsvCM: Average Sound Velocity [Chen-Millero, m/s]
# name 6 = prDM: Pressure, Digiquartz [db]
# name 7 = depSM: Depth [salt water, m]
# name 8 = t090C: Temperature [ITS-90, deg C]
# name 9 = t190C: Temperature, 2 [ITS-90, deg C]
# name 10 = T2-T190C: Temperature Difference, 2 - 1 [ITS-90, deg C]
# name 11 = potemp090C: Potential Temperature [ITS-90, deg C]
# name 12 = potemp190C: Potential Temperature, 2 [ITS-90, deg C]
# name 13 = potemp90Cdiff: Potential Temperature, Diff, 2 - 1 [ITS-90, deg C]
# name 14 = c0S/m: Conductivity [S/m]
# name 15 = c1S/m: Conductivity, 2 [S/m]
# name 16 = C2-C1S/m: Conductivity Difference, 2 - 1 [S/m]
# name 17 = sal00: Salinity, Practical [PSU]
# name 18 = sal11: Salinity, Practical, 2 [PSU]
# name 19 = sbeox0ML/L: Oxygen, SBE 43 [ml/l]
# name 20 = sbeox1ML/L: Oxygen, SBE 43, 2 [ml/l]
# name 21 = sbeox0ML/Ldiff: Oxygen, SBE 43, Diff, 2 - 1 [ml/l]
# name 22 = sigma-้00: Density [sigma-theta, kg/m^3]
# name 23 = sigma-้11: Density, 2 [sigma-theta, kg/m^3]
# name 24 = sal00: Salinity, Practical [PSU]
# name 25 = sigma-้00: Density [sigma-theta, kg/m^3]
# name 26 = svCM: Sound Velocity [Chen-Millero, m/s]
# name 27 = svCM1: Sound Velocity, 2 [Chen-Millero, m/s]
# name 28 = gsw_ptA0: potential temperature [ITS-90, deg C]
# name 29 = gsw_densityA0: density, TEOS-10 [density, kg/m^3]
# name 30 = gsw_saA0: Absolute Salinity [g/kg]
# name 31 = flag:
# span 0 =       2324,      31854       
# span 1 = 292.743725, 292.757965       
# span 2 =  -45.06760,  -45.06752       
# span 3 =  -51.48047,  -51.48040       
# span 4 =      0.026,      1.589       
# span 5 =       0.00,    1482.08       
# span 6 =      4.000,   1040.000       
# span 7 =      3.988,   1028.962       
# span 8 =     2.7172,     7.9407       
# span 9 =     2.7180,     7.9412       
# span 10 =    -0.0106,     0.0201      
# span 11 =     2.6516,     7.9403      
# span 12 =     2.6524,     7.9408      
# span 13 =    -0.0106,     0.0201      
# span 14 =   3.124157,   3.557243      
# span 15 =   3.124652,   3.557755      
# span 16 =  -0.000544,   0.002475      
# span 17 =    34.0593,    34.4762      
# span 18 =    34.0638,    34.4813      
# span 19 =     4.0087,     6.7188      
# span 20 =     3.8332,     6.4747      
# span 21 =    -0.3363,    -0.1654      
# span 22 =    26.6917,    27.4917      
# span 23 =    26.6964,    27.4958      
# span 24 =    34.0493,    34.4762      
# span 25 =    26.6914,    27.4917      
# span 26 =    1469.04,    1483.16      
# span 27 =    1469.05,    1483.17      
# span 28 =     2.6515,     7.9403      
# span 29 =  1026.7116,  1032.3141      
# span 30 =    34.2104,    34.6426      
# span 31 = 0.0000e+00, 0.0000e+00      
# interval = decibars: 1                
# start_time = Oct 19 2019 17:49:21 [NMEA time, header]
# bad_flag = -9.990e-29
*END*
[from data line 136]
       7861 292.746394  -45.06758  -51.48044      0.375    1482.08    140.000    138.816     5.7721     5.7791     0.0070     5.7606     5.7675     0.0070   3.342033   3.343080   0.001040    34.1021    34.1068     6.6063     6.3687    -0.2377    26.8730    26.8758    34.0908    26.8640    1474.98    1475.01     5.7605  1027.5099    34.2520 0.0000e+00
       7891 292.746409  -45.06758  -51.48045      0.662    1482.08    141.000    139.807     5.7678     5.7685     0.0006     5.7562     5.7569     0.0006   3.341867   3.342287   0.000481    34.1013    34.1060     6.6068     6.3956    -0.2112    26.8728    26.8765    34.0927    26.8661    1474.98    1474.99     5.7562  1027.5166    34.2539 0.0000e+00
       7912 292.746419  -45.06758  -51.48046      0.976    1482.08    142.000    140.798     5.7747     5.7733    -0.0014     5.7630     5.7616    -0.0014   3.342679   3.343029   0.000302    34.1015    34.1063     6.6037     6.3844    -0.2192    26.8722    26.8762    34.0945    26.8666    1475.03    1475.03     5.7629  1027.5217    34.2557 0.0000e+00
       7931 292.746428  -45.06758  -51.48046      1.187    1482.08    143.000    141.789     5.7736     5.7792     0.0056     5.7618     5.7674     0.0056   3.342016   3.343464   0.001031    34.0993    34.1053     6.6040     6.3744    -0.2296    26.8706    26.8747    34.0876    26.8613    1475.03    1475.07     5.7618  1027.5210    34.2488 0.0000e+00
       7958 292.746442  -45.06759  -51.48046      1.047    1482.08    144.000    142.780     5.7096     5.7189     0.0093     5.6978     5.7071     0.0093   3.336451   3.337501   0.001205    34.0981    34.1024     6.5989     6.3794    -0.2194    26.8775    26.8797    34.0886    26.8700    1474.79    1474.83     5.6978  1027.5345    34.2499 0.0000e+00
       8013 292.746468  -45.06760  -51.48045      0.394    1481.64    145.000    143.772     5.6693     5.6697     0.0004     5.6575     5.6579     0.0004   3.332729   3.333207   0.000481    34.0955    34.1005     6.5757     6.3657    -0.2100    26.8804    26.8843    34.0866    26.8734    1474.65    1474.65     5.6574  1027.5426    34.2479 0.0000e+00
       8061 292.746491  -45.06760  -51.48044      0.514    1481.04    146.000    144.763     5.5812     5.5805    -0.0007     5.5694     5.5687    -0.0007   3.323901   3.324213   0.000360    34.0895    34.0943     6.5801     6.3816    -0.1985    26.8863    26.8902    34.0750    26.8748    1474.29    1474.30     5.5693  1027.5490    34.2362 0.0000e+00
       8094 292.746507  -45.06760  -51.48046      0.687    1481.05    147.000    145.754     5.3969     5.3941    -0.0028     5.3852     5.3825    -0.0028   3.306373   3.306615   0.000203    34.0805    34.0856     6.5985     6.4014    -0.1971    26.9013    26.9057    34.0614    26.8862    1473.55    1473.55     5.3852  1027.5656    34.2225 0.0000e+00
       8125 292.746522  -45.06760  -51.48046      0.781    1481.05    148.000    146.745     5.3416     5.3433     0.0017     5.3299     5.3316     0.0017   3.302095   3.302692   0.000591    34.0808    34.0858     6.5684     6.3535    -0.2149    26.9081    26.9119    34.0681    26.8980    1473.35    1473.37     5.3299  1027.5823    34.2292 0.0000e+00
       8153 292.746535  -45.06760  -51.48046      0.824    1481.05    149.000    147.736     5.3134     5.3142     0.0008     5.3017     5.3025     0.0008   3.299320   3.299863   0.000519    34.0779    34.0831     6.5613     6.3269    -0.2344    26.9092    26.9131    34.0645    26.8985    1473.25    1473.26     5.3016  1027.5874    34.2256 0.0000e+00
       8179 292.746548  -45.06760  -51.48046      0.893    1481.05    150.000    148.728     5.2476     5.2459    -0.0018     5.2359     5.2341    -0.0018   3.292846   3.293044   0.000272    34.0746    34.0795     6.5976     6.3547    -0.2429    26.9143    26.9184    34.0566    26.9000    1472.99    1472.99     5.2358  1027.5938    34.2178 0.0000e+00
       8204 292.746560  -45.06759  -51.48046      0.957    1481.05    151.000    149.719     5.1564     5.1532    -0.0032     5.1447     5.1414    -0.0032   3.284965   3.285137   0.000153    34.0734    34.0784     6.6104     6.3762    -0.2342    26.9239    26.9283    34.0585    26.9122    1472.64    1472.63     5.1446  1027.6108    34.2196 0.0000e+00
       8236 292.746576  -45.06758  -51.48046      0.820    1481.05    152.000    150.709     5.1079     5.1050    -0.0030     5.0962     5.0932    -0.0030   3.280590   3.280721   0.000135    34.0714    34.0760     6.5901     6.3595    -0.2306    26.9280    26.9320    34.0570    26.9166    1472.46    1472.45     5.0961  1027.6201    34.2181 0.0000e+00
       8283 292.746598  -45.06758  -51.48046      0.488    1481.05    153.000    151.701     5.0140     5.0167     0.0026     5.0024     5.0050     0.0026   3.271961   3.272594   0.000632    34.0684    34.0730     6.5963     6.3533    -0.2430    26.9364    26.9398    34.0528    26.9240    1472.09    1472.10     5.0023  1027.6325    34.2139 0.0000e+00
       8317 292.746615  -45.06758 -9.990e-29      0.647    1481.05    154.000    152.692     4.9521     4.9531     0.0010     4.9404     4.9414     0.0010   3.266986   3.267494   0.000493    34.0696    34.0743     6.5818     6.3572    -0.2246    26.9444    26.9480    34.0581    26.9353    1471.86    1471.87     4.9403  1027.6486    34.2193 0.0000e+00
       8344 292.746628  -45.06759 -9.990e-29      0.849    1481.05    155.000    153.683     4.9276     4.9255    -0.0021     4.9158     4.9138    -0.0021   3.264427   3.264644   0.000231    34.0662    34.0710     6.5728     6.3462    -0.2265    26.9445    26.9485    34.0531    26.9341    1471.77    1471.76     4.9158  1027.6521    34.2142 0.0000e+00
       8372 292.746641  -45.06760 -9.990e-29      0.877    1481.05    156.000    154.674     4.8914     4.8901    -0.0014     4.8797     4.8783    -0.0014   3.261212   3.261676   0.000501    34.0627    34.0699     6.5826     6.3488    -0.2338    26.9459    26.9517    34.0523    26.9376    1471.64    1471.64     4.8796  1027.6603    34.2134 0.0000e+00
       8407 292.746658  -45.06760  -51.48044      0.710    1481.05    157.000    155.665     4.8669     4.8661    -0.0008     4.8551     4.8543    -0.0008   3.259203   3.259544   0.000331    34.0633    34.0680     6.5773     6.3413    -0.2360    26.9491    26.9529    34.0536    26.9414    1471.55    1471.56     4.8551  1027.6689    34.2147 0.0000e+00
       8440 292.746674  -45.06760  -51.48045      0.699    1481.05    158.000    156.657     4.8547     4.8565     0.0018     4.8428     4.8446     0.0018   3.258310   3.258884   0.000564    34.0624    34.0671     6.5795     6.3407    -0.2388    26.9497    26.9532    34.0552    26.9440    1471.52    1471.54     4.8428  1027.6762    34.2163 0.0000e+00
       8465 292.746686  -45.06760  -51.48046      0.859    1481.05    159.000    157.648     4.8522     4.8544     0.0022     4.8403     4.8425     0.0022   3.258057   3.258661   0.000598    34.0613    34.0660     6.5740     6.3385    -0.2355    26.9492    26.9527    34.0543    26.9436    1471.53    1471.54     4.8402  1027.6804    34.2154 0.0000e+00
       8488 292.746697  -45.06759  -51.48046      1.018    1481.05    160.000    158.639     4.8457     4.8451    -0.0005     4.8336     4.8331    -0.0005   3.257494   3.257780   0.000341    34.0605    34.0649     6.5779     6.3411    -0.2368    26.9492    26.9529    34.0540    26.9441    1471.52    1471.52     4.8336  1027.6855    34.2151 0.0000e+00
       8513 292.746709  -45.06758  -51.48046      1.022    1481.05    161.000    159.630     4.8292     4.8222    -0.0070     4.8172     4.8101    -0.0070   3.255962   3.255763  -0.000192    34.0595    34.0645     6.5787     6.3402    -0.2385    26.9503    26.9550    34.0525    26.9448    1471.46    1471.44     4.8171  1027.6909    34.2137 0.0000e+00
       8561 292.746732  -45.06758  -51.48046      0.555    1481.05    162.000    160.622     4.8056     4.8060     0.0003     4.7935     4.7938     0.0003   3.254107   3.254553   0.000435    34.0597    34.0644     6.5833     6.3409    -0.2423    26.9532    26.9568    34.0547    26.9492    1471.39    1471.39     4.7934  1027.7000    34.2159 0.0000e+00
       8624 292.746762  -45.06758  -51.48046      0.364    1481.05    163.000    161.612     4.7871     4.7883     0.0012     4.7749     4.7761     0.0012   3.252450   3.252935   0.000494    34.0593    34.0638     6.5929     6.3657    -0.2273    26.9549    26.9583    34.0539    26.9506    1471.32    1471.34     4.7749  1027.7062    34.2151 0.0000e+00
       8654 292.746777  -45.06760  -51.48046      0.688    1481.05    164.000    162.603     4.7501     4.7489    -0.0012     4.7379     4.7367    -0.0012   3.249208   3.249517   0.000292    34.0595    34.0641     6.5898     6.3586    -0.2313    26.9592    26.9629    34.0536    26.9545    1471.19    1471.19     4.7379  1027.7148    34.2148 0.0000e+00
       8680 292.746790  -45.06760  -51.48046      0.878    1481.05    165.000    163.594     4.7375     4.7385     0.0011     4.7252     4.7262     0.0010   3.248309   3.248815   0.000501    34.0601    34.0649     6.5766     6.3466    -0.2300    26.9610    26.9647    34.0556    26.9575    1471.16    1471.17     4.7252  1027.7225    34.2168 0.0000e+00
       8704 292.746801  -45.06760  -51.48045      0.978    1481.05    166.000    164.585     4.7233     4.7239     0.0007     4.7110     4.7116     0.0007   3.246922   3.247374   0.000454    34.0594    34.0640     6.5779     6.3412    -0.2366    26.9620    26.9656    34.0535    26.9574    1471.11    1471.12     4.7109  1027.7271    34.2147 0.0000e+00
       8727 292.746812  -45.06760  -51.48044      1.026    1481.05    167.000    165.577     4.6959     4.6965     0.0007     4.6835     4.6842     0.0007   3.244702   3.245179   0.000471    34.0615    34.0663     6.5800     6.3402    -0.2398    26.9668    26.9705    34.0553    26.9619    1471.02    1471.03     4.6835  1027.7363    34.2165 0.0000e+00
       8749 292.746823  -45.06760  -51.48044      1.055    1481.05    168.000    166.567     4.6466     4.6466     0.0000     4.6342     4.6342     0.0000   3.239881   3.240319   0.000444    34.0604    34.0655     6.5800     6.3509    -0.2292    26.9713    26.9754    34.0493    26.9625    1470.82    1470.83     4.6342  1027.7417    34.2104 0.0000e+00
       8774 292.746835  -45.06758  -51.48046      1.023    1481.05    169.000    167.558     4.5986     4.5990     0.0005     4.5862     4.5866     0.0005   3.236317   3.236782   0.000463    34.0632    34.0681     6.5764     6.3466    -0.2298    26.9789    26.9827    34.0566    26.9736    1470.65    1470.66     4.5862  1027.7576    34.2177 0.0000e+00
       8816 292.746855  -45.06758  -51.48046      0.636    1481.05    170.000    168.550     4.5791     4.5802     0.0012     4.5666     4.5678     0.0012   3.234923   3.235392   0.000496    34.0656    34.0703     6.5599     6.3166    -0.2433    26.9829    26.9865    34.0598    26.9783    1470.59    1470.60     4.5666  1027.7670    34.2210 0.0000e+00
       8876 292.746884  -45.06758  -51.48046      0.378    1481.05    171.000    169.538     4.5619     4.5631     0.0012     4.5494     4.5506     0.0012   3.233579   3.234065   0.000483    34.0653    34.0697     6.5558     6.3154    -0.2404    26.9845    26.9879    34.0612    26.9813    1470.54    1470.55     4.5494  1027.7747    34.2224 0.0000e+00
       8918 292.746904  -45.06758  -51.48046      0.554    1481.05    172.000    170.536     4.5485     4.5500     0.0014     4.5360     4.5375     0.0014   3.232291   3.232824   0.000530    34.0647    34.0694     6.5576     6.3171    -0.2405    26.9855    26.9890    34.0595    26.9813    1470.50    1470.51     4.5359  1027.7795    34.2206 0.0000e+00
       8951 292.746920  -45.06758  -51.48045      0.689    1481.05    173.000    171.523     4.5117     4.5125     0.0008     4.4992     4.4999     0.0008   3.228831   3.229319   0.000488    34.0627    34.0676     6.5580     6.3061    -0.2519    26.9879    26.9917    34.0563    26.9829    1470.36    1470.37     4.4991  1027.7858    34.2175 0.0000e+00
       8974 292.746932  -45.06758  -51.48044      0.887    1481.05    174.000    172.514     4.4798     4.4806     0.0008     4.4672     4.4680     0.0008   3.226159   3.226646   0.000487    34.0638    34.0687     6.5515     6.3019    -0.2496    26.9923    26.9961    34.0574    26.9872    1470.25    1470.26     4.4672  1027.7949    34.2186 0.0000e+00
       8994 292.746941  -45.06758  -51.48045      1.096    1481.05    175.000    173.505     4.4574     4.4585     0.0011     4.4448     4.4458     0.0011   3.224302   3.224836   0.000531    34.0644    34.0695     6.5498     6.2942    -0.2556    26.9951    26.9991    34.0583    26.9903    1470.17    1470.18     4.4447  1027.8027    34.2195 0.0000e+00
       9013 292.746950  -45.06758  -51.48046      1.236    1481.05    176.000    174.496     4.4496     4.4507     0.0011     4.4369     4.4380     0.0011   3.223823   3.224335   0.000514    34.0647    34.0696     6.5523     6.2882    -0.2641    26.9962    27.0000    34.0602    26.9926    1470.16    1470.17     4.4369  1027.8097    34.2214 0.0000e+00
       9035 292.746961  -45.06758  -51.48046      1.199    1481.05    177.000    175.487     4.4398     4.4405     0.0007     4.4270     4.4277     0.0007   3.222887   3.223373   0.000488    34.0645    34.0695     6.5581     6.2910    -0.2671    26.9972    27.0011    34.0588    26.9926    1470.13    1470.14     4.4270  1027.8144    34.2200 0.0000e+00
       9075 292.746980  -45.06758  -51.48046      0.713    1481.05    178.000    176.474     4.4180     4.4190     0.0010     4.4052     4.4062     0.0010   3.221179   3.221673   0.000494    34.0650    34.0698     6.5608     6.2922    -0.2685    26.9999    27.0036    34.0607    26.9965    1470.06    1470.07     4.4052  1027.8229    34.2219 0.0000e+00
       9156 292.747019  -45.06759  -51.48044      0.207    1481.05    179.000    177.473     4.4176     4.4183     0.0007     4.4047     4.4054     0.0007   3.221447   3.221908   0.000461    34.0656    34.0703     6.5522     6.2846    -0.2677    27.0004    27.0041    34.0638    26.9989    1470.08    1470.09     4.4047  1027.8301    34.2250 0.0000e+00
       9192 292.747036  -45.06760  -51.48045      0.604    1481.05    180.000    178.460     4.4267     4.4278     0.0011     4.4137     4.4148     0.0011   3.222485   3.222997   0.000507    34.0671    34.0719     6.5665     6.2805    -0.2860    27.0006    27.0044    34.0660    26.9997    1470.14    1470.15     4.4137  1027.8354    34.2272 0.0000e+00
       9212 292.747046  -45.06759  -51.48046      0.934    1481.05    181.000    179.451     4.4311     4.4321     0.0010     4.4180     4.4190     0.0010   3.222996   3.223519   0.000528    34.0678    34.0730     6.5608     6.2724    -0.2885    27.0007    27.0047    34.0670    27.0001    1470.17    1470.18     4.4180  1027.8404    34.2282 0.0000e+00
       9229 292.747054  -45.06758  -51.48046      1.205    1481.05    182.000    180.442     4.4347     4.4356     0.0010     4.4215     4.4225     0.0010   3.223459   3.223961   0.000506    34.0686    34.0735     6.5505     6.2780    -0.2725    27.0010    27.0048    34.0681    27.0006    1470.20    1470.21     4.4215  1027.8455    34.2294 0.0000e+00
       9245 292.747062  -45.06758  -51.48044      1.393    1481.05    183.000    181.433     4.4326     4.4337     0.0011     4.4194     4.4205     0.0011   3.223086   3.223611   0.000513    34.0690    34.0739     6.5448     6.2873    -0.2575    27.0015    27.0053    34.0654    26.9986    1470.21    1470.22     4.4194  1027.8482    34.2266 0.0000e+00
       9263 292.747071  -45.06758  -51.48044      1.434    1481.05    184.000    182.424     4.4110     4.4117     0.0007     4.3977     4.3984     0.0007   3.221440   3.221958   0.000495    34.0701    34.0752     6.5484     6.2925    -0.2559    27.0048    27.0087    34.0679    27.0030    1470.14    1470.15     4.3977  1027.8573    34.2292 0.0000e+00
