Pos-Processados/pos_process38/Dados/doperantar38_005.cnv
* Sea-Bird SBE 9 Data File:
* FileName = D:\OPERANTAR_XXXVIII\DADOS\OP38_005.hdr
* Software Version Seasave V 7.18c
* Temperature SN = 4808
* Conductivity SN = 3380
* Number of Bytes Per Scan = 31
* Number of Voltage Words = 2
* Number of Scans Averaged by the Deck Unit = 1
* NMEA Latitude = 45 12.86 S
* NMEA Longitude = 051 09.01 W
* NMEA UTC (Time) = Oct 19 2019 13:59:02
** H41
** NAVIO POLAR ALMIRANTE MAXIMIANO
** CRUZEIRO:
** OPERANTAR XXXVIII
** ESTAวรO: OP38_005
** LAT 045บ 12,86' S
** LONG 051บ 09,03' W
** 09P73767-1155
** PROFUNDIDADE: 5853
** DATA/HORA: 191400Z/OUT/2019
** OPERADOR: SO-HN CHAVES
# nquan = 32
# nvalues = 1045                        
# units = specified
# name 0 = scan: Scan Count
# name 1 = timeJ: Julian Days
# name 2 = latitude: Latitude [deg]
# name 3 = longitude: Longitude [deg]
# name 4 = dz/dtM: Descent Rate [m/s]
# name 5 = avgsvCM: Average Sound Velocity [Chen-Millero, m/s]
# name 6 = prDM: Pressure, Digiquartz [db]
# name 7 = depSM: Depth [salt water, m]
# name 8 = t090C: Temperature [ITS-90, deg C]
# name 9 = t190C: Temperature, 2 [ITS-90, deg C]
# name 10 = T2-T190C: Temperature Difference, 2 - 1 [ITS-90, deg C]
# name 11 = potemp090C: Potential Temperature [ITS-90, deg C]
# name 12 = potemp190C: Potential Temperature, 2 [ITS-90, deg C]
# name 13 = potemp90Cdiff: Potential Temperature, Diff, 2 - 1 [ITS-90, deg C]
# name 14 = c0S/m: Conductivity [S/m]
# name 15 = c1S/m: Conductivity, 2 [S/m]
# name 16 = C2-C1S/m: Conductivity Difference, 2 - 1 [S/m]
# name 17 = sal00: Salinity, Practical [PSU]
# name 18 = sal11: Salinity, Practical, 2 [PSU]
# name 19 = sbeox0ML/L: Oxygen, SBE 43 [ml/l]
# name 20 = sbeox1ML/L: Oxygen, SBE 43, 2 [ml/l]
# name 21 = sbeox0ML/Ldiff: Oxygen, SBE 43, Diff, 2 - 1 [ml/l]
# name 22 = sigma-้00: Density [sigma-theta, kg/m^3]
# name 23 = sigma-้11: Density, 2 [sigma-theta, kg/m^3]
# name 24 = sal00: Salinity, Practical [PSU]
# name 25 = sigma-้00: Density [sigma-theta, kg/m^3]
# name 26 = svCM: Sound Velocity [Chen-Millero, m/s]
# name 27 = svCM1: Sound Velocity, 2 [Chen-Millero, m/s]
# name 28 = gsw_ptA0: potential temperature [ITS-90, deg C]
# name 29 = gsw_densityA0: density, TEOS-10 [density, kg/m^3]
# name 30 = gsw_saA0: Absolute Salinity [g/kg]
# name 31 = flag:
# span 0 =       3735,      32786       
# span 1 = 292.584463, 292.598472       
# span 2 =  -45.21444,  -45.21434       
# span 3 =  -51.15024,  -51.15008       
# span 4 =      0.166,      1.577       
# span 5 =      -0.01,    1532.30       
# span 6 =      5.000,   1049.000       
# span 7 =      4.979,   1037.846       
# span 8 =     2.8863,     9.9457       
# span 9 =     2.8868,     9.9441       
# span 10 =    -0.0350,     0.0316      
# span 11 =     2.8254,     9.9446      
# span 12 =     2.8259,     9.9431      
# span 13 =    -0.0349,     0.0315      
# span 14 =   3.128069,   3.777644      
# span 15 =   3.128617,   3.778032      
# span 16 =  -0.003254,   0.003314      
# span 17 =    34.1128,    34.7603      
# span 18 =    34.1181,    34.7667      
# span 19 =     4.1862,     6.5269      
# span 20 =     4.0097,     6.2315      
# span 21 =    -0.3301,    -0.0953      
# span 22 =    26.7479,    27.4352      
# span 23 =    26.7527,    27.4395      
# span 24 =    34.1086,    34.7641      
# span 25 =    26.7477,    27.4352      
# span 26 =    1472.28,    1490.45      
# span 27 =    1472.29,    1490.47      
# span 28 =     2.8253,     9.9446      
# span 29 =  1026.7731,  1032.2961      
# span 30 =    34.2703,    34.9285      
# span 31 = 0.0000e+00, 0.0000e+00      
# interval = decibars: 1                
# start_time = Oct 19 2019 13:59:02 [NMEA time, header]
# bad_flag = -9.990e-29
*END*
[from data line 136]
       9280 292.587137  -45.21439  -51.15020      0.944    1488.57    141.000    139.805     7.7812     7.7804    -0.0008     7.7673     7.7665    -0.0008   3.554546   3.554923   0.000396    34.4420    34.4470     5.8174     5.6502    -0.1672    26.8700    26.8741    34.4316    26.8618    1483.26    1483.26     7.7673  1027.5058    34.5945 0.0000e+00
       9323 292.587158  -45.21438  -51.15020      0.586    1488.57    142.000    140.796     7.7547     7.7496    -0.0051     7.7408     7.7356    -0.0051   3.551714   3.551697  -0.000040    34.4361    34.4407     5.8118     5.6452    -0.1666    26.8692    26.8736    34.4267    26.8618    1483.17    1483.15     7.7408  1027.5105    34.5895 0.0000e+00
       9371 292.587181  -45.21438  -51.15020      0.470    1488.57    143.000    141.787     7.7390     7.7399     0.0009     7.7250     7.7259     0.0009   3.550249   3.550844   0.000595    34.4327    34.4383     5.7923     5.5996    -0.1927    26.8689    26.8731    34.4259    26.8635    1483.12    1483.13     7.7250  1027.5168    34.5888 0.0000e+00
       9398 292.587194  -45.21438  -51.15020      0.777    1488.57    144.000    142.779     7.6737     7.6827     0.0090     7.6597     7.6687     0.0090   3.541586   3.543236   0.001429    34.4196    34.4261     5.7946     5.6002    -0.1943    26.8680    26.8719    34.3964    26.8498    1482.85    1482.90     7.6596  1027.5078    34.5591 0.0000e+00
       9441 292.587214  -45.21438  -51.15020      0.606    1488.57    145.000    143.769     7.4679     7.4721     0.0042     7.4540     7.4582     0.0042   3.521326   3.522298   0.000958    34.3952    34.4014     5.8026     5.6136    -0.1889    26.8785    26.8828    34.3801    26.8666    1482.06    1482.09     7.4539  1027.5298    34.5427 0.0000e+00
       9506 292.587246  -45.21438  -51.15018      0.301    1488.57    146.000    144.761     7.3339     7.3419     0.0080     7.3200     7.3280     0.0080   3.507194   3.508326   0.001148    34.3759    34.3805     5.9042     5.6874    -0.2168    26.8824    26.8849    34.3587    26.8689    1481.54    1481.58     7.3200  1027.5371    34.5213 0.0000e+00
       9535 292.587260  -45.21438  -51.15018      0.697    1488.57    147.000    145.752     7.1668     7.1770     0.0102     7.1531     7.1632     0.0102   3.488263   3.489551   0.001353    34.3514    34.3561     5.9229     5.7213    -0.2016    26.8866    26.8888    34.3174    26.8597    1480.86    1480.90     7.1530  1027.5330    34.4797 0.0000e+00
       9561 292.587272  -45.21438  -51.15020      0.898    1488.57    148.000    146.743     6.9948     6.9952     0.0004     6.9811     6.9815     0.0004   3.472528   3.473082   0.000517    34.3359    34.3411     5.9261     5.7298    -0.1962    26.8982    26.9023    34.3157    26.8823    1480.21    1480.22     6.9811  1027.5607    34.4780 0.0000e+00
       9596 292.587289  -45.21438  -51.15020      0.737    1488.57    149.000    147.734     6.9718     6.9725     0.0007     6.9581     6.9588     0.0007   3.470491   3.471027   0.000535    34.3302    34.3354     5.9454     5.7344    -0.2111    26.8969    26.9009    34.3157    26.8854    1480.14    1480.15     6.9581  1027.5685    34.4780 0.0000e+00
       9647 292.587314  -45.21437  -51.15020      0.474    1488.57    150.000    148.725     6.9621     6.9638     0.0018     6.9482     6.9500     0.0018   3.469484   3.470090   0.000638    34.3257    34.3310     6.0233     5.8171    -0.2062    26.8947    26.8986    34.3139    26.8854    1480.11    1480.13     6.9482  1027.5730    34.4762 0.0000e+00
       9706 292.587343  -45.21436  -51.15018      0.388    1488.57    151.000    149.717     6.8790     6.8791     0.0001     6.8652     6.8653     0.0001   3.460772   3.461210   0.000433    34.3136    34.3183     6.0254     5.8104    -0.2150    26.8966    26.9002    34.3003    26.8861    1479.79    1479.80     6.8652  1027.5786    34.4626 0.0000e+00
       9740 292.587359  -45.21437  -51.15018      0.644    1488.57    152.000    150.708     6.8286     6.8300     0.0014     6.8148     6.8162     0.0014   3.455950   3.456553   0.000602    34.3086    34.3138     6.0161     5.7993    -0.2168    26.8994    26.9033    34.2970    26.8903    1479.61    1479.62     6.8147  1027.5875    34.4592 0.0000e+00
       9767 292.587372  -45.21438  -51.15018      0.856    1488.57    153.000    151.699     6.8111     6.8138     0.0027     6.7972     6.7999     0.0027   3.454422   3.455180   0.000756    34.3061    34.3117     6.0124     5.8042    -0.2082    26.8999    26.9039    34.2971    26.8927    1479.55    1479.57     6.7972  1027.5946    34.4593 0.0000e+00
       9808 292.587391  -45.21438  -51.15018      0.635    1488.57    154.000    152.690     6.8003     6.8017     0.0015     6.7863     6.7878     0.0015   3.453305   3.453941   0.000620    34.3030    34.3084     5.9928     5.8042    -0.1887    26.8989    26.9029    34.2951    26.8927    1479.53    1479.54     6.7863  1027.5991    34.4573 0.0000e+00
       9860 292.587417  -45.21436  -51.15018      0.428    1488.57    155.000    153.681     6.7462     6.7500     0.0038     6.7322     6.7360     0.0038   3.447723   3.448499   0.000807    34.2959    34.3010     5.9927     5.7858    -0.2069    26.9006    26.9041    34.2870    26.8936    1479.32    1479.34     6.7321  1027.6048    34.4492 0.0000e+00
       9891 292.587431  -45.21436  -51.15018      0.709    1488.57    156.000    154.672     6.7213     6.7241     0.0027     6.7073     6.7100     0.0027   3.445304   3.446067   0.000746    34.2937    34.2992     5.9922     5.7784    -0.2139    26.9022    26.9062    34.2846    26.8951    1479.24    1479.26     6.7072  1027.6110    34.4468 0.0000e+00
       9924 292.587447  -45.21436  -51.15018      0.759    1488.57    157.000    155.660     6.6629     6.6655     0.0026     6.6488     6.6514     0.0026   3.439624   3.440296   0.000691    34.2885    34.2936     5.9863     5.7783    -0.2080    26.9060    26.9096    34.2797    26.8990    1479.02    1479.04     6.6488  1027.6197    34.4419 0.0000e+00
       9970 292.587470  -45.21436  -51.15018      0.508    1488.57    158.000    156.658     6.6294     6.6299     0.0005     6.6153     6.6158     0.0005   3.436411   3.436914   0.000507    34.2846    34.2897     5.9786     5.7705    -0.2081    26.9074    26.9113    34.2771    26.9014    1478.90    1478.91     6.6152  1027.6268    34.4393 0.0000e+00
      10008 292.587488  -45.21436  -51.15018      0.606    1488.57    159.000    157.645     6.5754     6.5793     0.0039     6.5612     6.5651     0.0039   3.430804   3.431651   0.000837    34.2787    34.2841     5.9974     5.7922    -0.2052    26.9099    26.9137    34.2685    26.9019    1478.70    1478.72     6.5612  1027.6320    34.4307 0.0000e+00
      10037 292.587502  -45.21436  -51.15016      0.783    1488.57    160.000    158.637     6.5670     6.5659    -0.0012     6.5528     6.5516    -0.0012   3.431379   3.431701   0.000351    34.2837    34.2887     5.9988     5.7803    -0.2185    26.9149    26.9191    34.2828    26.9142    1478.70    1478.70     6.5528  1027.6490    34.4450 0.0000e+00
      10078 292.587522  -45.21436  -51.15018      0.627    1488.57    161.000    159.628     6.6264     6.6292     0.0028     6.6119     6.6148     0.0028   3.437589   3.438421   0.000780    34.2932    34.2990     5.9936     5.7791    -0.2145    26.9146    26.9188    34.2917    26.9134    1478.96    1478.98     6.6119  1027.6525    34.4540 0.0000e+00
      10131 292.587547  -45.21436  -51.15018      0.415    1488.57    162.000    160.619     6.6568     6.6583     0.0015     6.6423     6.6438     0.0015   3.441286   3.441785   0.000569    34.3015    34.3063     5.9331     5.7446    -0.1885    26.9170    26.9206    34.3017    26.9172    1479.11    1479.12     6.6422  1027.6608    34.4640 0.0000e+00
      10162 292.587562  -45.21436  -51.15018      0.691    1488.57    163.000    161.610     6.6525     6.6531     0.0006     6.6379     6.6385     0.0006   3.440833   3.441375   0.000530    34.3034    34.3087     5.9096     5.6991    -0.2105    26.9192    26.9232    34.3004    26.9168    1479.10    1479.11     6.6379  1027.6650    34.4628 0.0000e+00
      10190 292.587576  -45.21435  -51.15018      0.845    1488.57    164.000    162.601     6.6343     6.6352     0.0009     6.6196     6.6205     0.0009   3.439339   3.439869   0.000561    34.3029    34.3082     5.8758     5.6641    -0.2116    26.9213    26.9253    34.3017    26.9203    1479.05    1479.06     6.6196  1027.6730    34.4640 0.0000e+00
      10222 292.587591  -45.21434  -51.15017      0.802    1488.57    165.000    163.592     6.6228     6.6233     0.0005     6.6080     6.6085     0.0005   3.438104   3.438592   0.000506    34.3016    34.3067     5.8174     5.6221    -0.1953    26.9218    26.9257    34.2990    26.9197    1479.02    1479.03     6.6080  1027.6771    34.4613 0.0000e+00
      10256 292.587608  -45.21436  -51.15018      0.709    1488.57    166.000    164.583     6.6099     6.6087    -0.0012     6.5951     6.5939    -0.0012   3.436911   3.437206   0.000311    34.3002    34.3048     5.7928     5.5966    -0.1962    26.9223    26.9262    34.2982    26.9208    1478.98    1478.99     6.5950  1027.6828    34.4605 0.0000e+00
      10293 292.587625  -45.21436  -51.15018      0.663    1488.57    167.000    165.574     6.6071     6.6064    -0.0007     6.5922     6.5914    -0.0007   3.436719   3.437098   0.000386    34.2997    34.3047     5.8009     5.5897    -0.2112    26.9223    26.9264    34.2984    26.9213    1478.99    1478.99     6.5921  1027.6879    34.4607 0.0000e+00
      10335 292.587646  -45.21436  -51.15018      0.574    1488.57    168.000    166.565     6.5921     6.5933     0.0012     6.5771     6.5783     0.0012   3.435005   3.435609   0.000600    34.2967    34.3021     5.8161     5.6061    -0.2100    26.9220    26.9261    34.2939    26.9198    1478.94    1478.95     6.5771  1027.6910    34.4562 0.0000e+00
      10383 292.587669  -45.21436  -51.15016      0.488    1488.57    169.000    167.556     6.5628     6.5640     0.0011     6.5478     6.5489     0.0011   3.431889   3.432451   0.000500    34.2923    34.2967     5.8250     5.6147    -0.2103    26.9224    26.9257    34.2881    26.9191    1478.84    1478.85     6.5477  1027.6951    34.4504 0.0000e+00
      10416 292.587685  -45.21436  -51.15016      0.671    1488.57    170.000    168.547     6.4879     6.4923     0.0044     6.4729     6.4773     0.0044   3.422741   3.423719   0.000924    34.2782    34.2841     5.8267     5.6289    -0.1978    26.9212    26.9252    34.2611    26.9077    1478.52    1478.55     6.4729  1027.6885    34.4232 0.0000e+00
      10443 292.587698  -45.21436  -51.15018      0.851    1488.57    171.000    169.538     6.1920     6.2117     0.0197     6.1773     6.1970     0.0197   3.391261   3.393542   0.002328    34.2370    34.2432     5.8640     5.6586    -0.2054    26.9271    26.9295    34.2064    26.9029    1477.31    1477.39     6.1773  1027.6896    34.3683 0.0000e+00
      10469 292.587710  -45.21436  -51.15018      0.915    1487.01    172.000    170.529     5.9334     5.9340     0.0007     5.9189     5.9196     0.0007   3.364846   3.365317   0.000479    34.2037    34.2085     5.8801     5.6572    -0.2229    26.9336    26.9373    34.1696    26.9066    1476.25    1476.26     5.9189  1027.6988    34.3313 0.0000e+00
      10496 292.587723  -45.21436  -51.15018      0.899    1486.73    173.000    171.521     5.8753     5.8799     0.0046     5.8608     5.8654     0.0046   3.360959   3.361893   0.000961    34.1997    34.2060     5.9380     5.6580    -0.2800    26.9377    26.9421    34.1838    26.9252    1476.05    1476.08     5.8608  1027.7222    34.3456 0.0000e+00
      10524 292.587737  -45.21436  -51.15018      0.861    1486.73    174.000    172.512     5.9085     5.8998    -0.0087     5.8939     5.8852    -0.0087   3.365440   3.364970  -0.000419    34.2053    34.2093     6.0972     5.7679    -0.3293    26.9380    26.9423    34.2004    26.9341    1476.22    1476.19     5.8938  1027.7356    34.3623 0.0000e+00
      10562 292.587755  -45.21436  -51.15018      0.690    1486.73    175.000    173.501     5.9732     5.9736     0.0004     5.9584     5.9588     0.0004   3.371544   3.372365   0.000599    34.2142    34.2205     6.1884     5.9096    -0.2788    26.9369    26.9419    34.2034    26.9284    1476.50    1476.51     5.9584  1027.7342    34.3652 0.0000e+00
      10635 292.587791  -45.21436  -51.15018      0.217    1486.73    176.000    174.498     5.7963     5.8278     0.0316     5.7817     5.8132     0.0315   3.352470   3.355628   0.003314    34.1884    34.1939     6.0564     5.8579    -0.1985    26.9386    26.9390    34.1662    26.9211    1475.76    1475.90     5.7816  1027.7323    34.3279 0.0000e+00
      10667 292.587806  -45.21436  -51.15016      0.637    1486.73    177.000    175.485     5.5999     5.5938    -0.0061     5.5855     5.5794    -0.0061   3.333560   3.333407  -0.000134    34.1674    34.1721     6.0901     5.8228    -0.2672    26.9460    26.9505    34.1501    26.9323    1474.97    1474.96     5.5855  1027.7489    34.3117 0.0000e+00
      10686 292.587815  -45.21436  -51.15016      0.992    1486.73    178.000    176.476     5.5869     5.5878     0.0009     5.5724     5.5733     0.0009   3.332672   3.333218   0.000582    34.1660    34.1717     6.0973     5.8155    -0.2818    26.9465    26.9509    34.1527    26.9360    1474.94    1474.95     5.5724  1027.7572    34.3143 0.0000e+00
      10705 292.587824  -45.21436  -51.15016      1.224    1486.73    179.000    177.466     5.5761     5.5782     0.0022     5.5616     5.5637     0.0021   3.331418   3.332103   0.000686    34.1644    34.1700     6.1399     5.8419    -0.2980    26.9466    26.9507    34.1488    26.9342    1474.91    1474.93     5.5615  1027.7602    34.3105 0.0000e+00
      10729 292.587836  -45.21436  -51.15016      1.154    1486.73    180.000    178.458     5.5427     5.5425    -0.0002     5.5282     5.5280    -0.0002   3.328892   3.329327   0.000448    34.1654    34.1707     6.2372     5.9303    -0.3069    26.9514    26.9556    34.1534    26.9419    1474.80    1474.80     5.5281  1027.7726    34.3151 0.0000e+00
      10772 292.587856  -45.21436  -51.15018      0.590    1486.73    181.000    179.449     5.4916     5.4930     0.0015     5.4770     5.4784     0.0015   3.323872   3.324386   0.000528    34.1600    34.1645     6.2735     6.0153    -0.2582    26.9533    26.9567    34.1477    26.9435    1474.60    1474.61     5.4770  1027.7790    34.3093 0.0000e+00
      10812 292.587876  -45.21436  -51.15018      0.568    1486.73    182.000    180.440     5.4862     5.4876     0.0014     5.4715     5.4729     0.0014   3.323714   3.324316   0.000592    34.1594    34.1647     6.2469     5.9980    -0.2489    26.9535    26.9575    34.1508    26.9467    1474.60    1474.61     5.4715  1027.7868    34.3125 0.0000e+00
      10844 292.587891  -45.21436  -51.15018      0.741    1486.73    183.000    181.431     5.4249     5.4313     0.0064     5.4102     5.4166     0.0064   3.316786   3.317837   0.001043    34.1500    34.1554     6.2562     5.9918    -0.2644    26.9534    26.9569    34.1335    26.9403    1474.35    1474.38     5.4102  1027.7853    34.2951 0.0000e+00
      10886 292.587912  -45.21437  -51.15018      0.579    1486.73    184.000    182.422     5.2949     5.2988     0.0039     5.2803     5.2843     0.0039   3.304285   3.305112   0.000836    34.1369    34.1424     6.2424     5.9792    -0.2632    26.9584    26.9623    34.1222    26.9468    1473.82    1473.85     5.2803  1027.7970    34.2838 0.0000e+00
      10926 292.587931  -45.21438  -51.15018      0.571    1486.73    185.000    183.413     5.2188     5.2207     0.0019     5.2043     5.2062     0.0019   3.297166   3.297793   0.000641    34.1291    34.1345     6.2790     6.0009    -0.2782    26.9611    26.9652    34.1176    26.9520    1473.53    1473.54     5.2042  1027.8072    34.2791 0.0000e+00
