Pos-Processados/process_op38/Processamento_split/up/uoperantar38_009.cnv
* Sea-Bird SBE 9 Data File:
* FileName = D:\OPERANTAR_XXXVIII\DADOS\OP38_009.hdr
* Software Version Seasave V 7.18c
* Temperature SN = 4808
* Conductivity SN = 3380
* Number of Bytes Per Scan = 31
* Number of Voltage Words = 2
* Number of Scans Averaged by the Deck Unit = 1
* NMEA Latitude = 44 15.92 S
* NMEA Longitude = 052 42.25 W
* NMEA UTC (Time) = Oct 20 2019 07:17:42
** H41
** NAVIO POLAR ALMIRANTE MAXIMIANO
** CRUZEIRO:
** OPERANTAR XXXVIII
** ESTAวรO: OP38_009
** LAT 44บ 15,92'S
** LONG 052บ 42,27'W
** 09P73767-1155
** PROFUNDIDADE: 5806
** DATA/HORA: 200718Z/OUT/19
** OPERADOR: CTTECCHIO
# nquan = 33
# nvalues = 1018                        
# units = specified
# name 0 = scan: Scan Count
# name 1 = timeJ: Julian Days
# name 2 = latitude: Latitude [deg]
# name 3 = longitude: Longitude [deg]
# name 4 = dz/dtM: Descent Rate [m/s]
# name 5 = avgsvCM: Average Sound Velocity [Chen-Millero, m/s]
# name 6 = prDM: Pressure, Digiquartz [db]
# name 7 = depSM: Depth [salt water, m]
# name 8 = t090C: Temperature [ITS-90, deg C]
# name 9 = t190C: Temperature, 2 [ITS-90, deg C]
# name 10 = T2-T190C: Temperature Difference, 2 - 1 [ITS-90, deg C]
# name 11 = potemp090C: Potential Temperature [ITS-90, deg C]
# name 12 = potemp190C: Potential Temperature, 2 [ITS-90, deg C]
# name 13 = potemp90Cdiff: Potential Temperature, Diff, 2 - 1 [ITS-90, deg C]
# name 14 = c0S/m: Conductivity [S/m]
# name 15 = c1S/m: Conductivity, 2 [S/m]
# name 16 = C2-C1S/m: Conductivity Difference, 2 - 1 [S/m]
# name 17 = sal00: Salinity, Practical [PSU]
# name 18 = sal11: Salinity, Practical, 2 [PSU]
# name 19 = sbeox0ML/L: Oxygen, SBE 43 [ml/l]
# name 20 = sigma-้00: Density [sigma-theta, kg/m^3]
# name 21 = sigma-้11: Density, 2 [sigma-theta, kg/m^3]
# name 22 = sbox0Mm/Kg: Oxygen, SBE 43 [umol/kg]
# name 23 = oxsolMm/Kg: Oxygen Saturation, Garcia & Gordon [umol/kg]
# name 24 = oxsatMm/Kg: Oxygen Saturation, Weiss [umol/kg]
# name 25 = sal00: Salinity, Practical [PSU]
# name 26 = sigma-้00: Density [sigma-theta, kg/m^3]
# name 27 = svCM: Sound Velocity [Chen-Millero, m/s]
# name 28 = svCM1: Sound Velocity, 2 [Chen-Millero, m/s]
# name 29 = gsw_ptA0: potential temperature [ITS-90, deg C]
# name 30 = gsw_densityA0: density, TEOS-10 [density, kg/m^3]
# name 31 = gsw_saA0: Absolute Salinity [g/kg]
# name 32 = flag:
# span 0 =      32211,      64185       
# span 1 = 293.319492, 293.334912       
# span 2 =  -44.26542,  -44.26538       
# span 3 =  -52.70420,  -52.70418       
# span 4 =     -1.402,     -0.112       
# span 5 =    1497.43,    1497.43       
# span 6 =      3.000,   1020.000       
# span 7 =      3.001,   1009.306       
# span 8 =     3.8342,    14.2229       
# span 9 =     3.8340,    14.2233       
# span 10 =    -0.0385,     0.0129      
# span 11 =     3.7587,    14.1773      
# span 12 =     3.7585,    14.1774      
# span 13 =    -0.0383,     0.0128      
# span 14 =   3.218483,   4.302463      
# span 15 =   3.218836,   4.303143      
# span 16 =  -0.003475,   0.002118      
# span 17 =    34.1839,    35.6672      
# span 18 =    34.1890,    35.6735      
# span 19 =     4.3033,     5.9736      
# span 20 =    26.6622,    27.1740      
# span 21 =    26.6672,    27.1775      
# span 22 =    187.177,    259.760      
# span 23 =  250.46516,  317.97380      
# span 24 =  250.31234,  318.79621      
# span 25 =    34.1838,    35.6672      
# span 26 =    26.6613,    27.1739      
# span 27 =    1481.68,    1510.91      
# span 28 =    1481.68,    1510.92      
# span 29 =     3.7585,    14.1773      
# span 30 =  1026.6824,  1031.8786      
# span 31 =    34.3454,    35.8364      
# span 32 = 0.0000e+00, 0.0000e+00      
# interval = decibars: 1                
# start_time = Oct 20 2019 07:17:42 [NMEA time, header]
# bad_flag = -9.990e-29
*END*
[from data line 836]
      53864 293.329934 -9.990e-29  -52.70420     -0.717    1497.43    184.000    182.438    14.1809    14.1814     0.0005    14.1539    14.1544     0.0005   4.290398   4.291132   0.000751    35.6576    35.6641     5.2757    26.6628    26.6677    229.493  250.69169  250.54135    35.6577    26.6629    1507.88    1507.89    14.1539  1027.4779    35.8262 0.0000e+00
      53887 293.329945 -9.990e-29  -52.70420     -0.939    1497.43    183.000    181.446    14.1834    14.1808    -0.0026    14.1566    14.1540    -0.0026   4.290773   4.291127   0.000356    35.6586    35.6644     5.2736    26.6631    26.6681    229.403  250.67718  250.52669    35.6593    26.6636    1507.87    1507.87    14.1566  1027.4742    35.8278 0.0000e+00
      53908 293.329955 -9.990e-29  -52.70420     -1.089    1497.43    182.000    180.455    14.1784    14.1769    -0.0015    14.1518    14.1502    -0.0015   4.289770   4.290306   0.000503    35.6563    35.6624     5.2679    26.6623    26.6673    229.153  250.70615  250.55595    35.6550    26.6613    1507.83    1507.84    14.1518  1027.4675    35.8235 0.0000e+00
      53931 293.329966  -44.26540  -52.70420     -1.094    1497.43    181.000    179.464    14.1674    14.1667    -0.0007    14.1409    14.1402    -0.0007   4.288569   4.289195   0.000591    35.6545    35.6607     5.2679    26.6632    26.6681    229.151  250.76421  250.61466    35.6544    26.6631    1507.78    1507.79    14.1409  1027.4652    35.8231 0.0000e+00
      53959 293.329980  -44.26540  -52.70420     -0.935    1497.43    180.000    178.473    14.1745    14.1736    -0.0010    14.1482    14.1472    -0.0010   4.289618   4.290091   0.000526    35.6570    35.6628     5.2601    26.6636    26.6683    228.817  250.72430  250.57434    35.6580    26.6644    1507.79    1507.79    14.1482  1027.4620    35.8268 0.0000e+00
      53992 293.329996  -44.26540  -52.70420     -0.754    1497.43    179.000    177.482    14.1753    14.1764     0.0010    14.1491    14.1502     0.0010   4.289434   4.290289   0.000838    35.6563    35.6632     5.2557    26.6629    26.6679    228.622  250.72155  250.57154    35.6560    26.6626    1507.77    1507.79    14.1491  1027.4558    35.8247 0.0000e+00
      54023 293.330010  -44.26540  -52.70420     -0.756    1497.43    178.000    176.491    14.1697    14.1693    -0.0003    14.1436    14.1433    -0.0003   4.288703   4.289353   0.000637    35.6551    35.6613     5.2564    26.6631    26.6680    228.657  250.75189  250.60221    35.6548    26.6629    1507.74    1507.74    14.1436  1027.4517    35.8235 0.0000e+00
      54051 293.330024  -44.26540  -52.70420     -0.830    1497.43    177.000    175.500    14.1666    14.1671     0.0004    14.1407    14.1412     0.0004   4.288232   4.288983   0.000749    35.6541    35.6607     5.2716    26.6630    26.6679    229.314  250.76890  250.61939    35.6536    26.6626    1507.71    1507.72    14.1407  1027.4471    35.8224 0.0000e+00
      54081 293.330038  -44.26540  -52.70420     -0.827    1497.43    176.000    174.509    14.1628    14.1630     0.0002    14.1370    14.1372     0.0002   4.287723   4.288421   0.000694    35.6533    35.6595     5.2660    26.6631    26.6679    229.070  250.78951  250.64024    35.6529    26.6628    1507.68    1507.69    14.1370  1027.4429    35.8216 0.0000e+00
      54111 293.330053  -44.26540  -52.70420     -0.795    1497.43    175.000    173.517    14.1696    14.1723     0.0027    14.1440    14.1466     0.0026   4.288787   4.289810   0.001013    35.6558    35.6628     5.2619    26.6635    26.6684    228.894  250.75099  250.60132    35.6569    26.6644    1507.69    1507.71    14.1440  1027.4400    35.8256 0.0000e+00
      54140 293.330067  -44.26540  -52.70420     -0.822    1497.43    174.000    172.527    14.1783    14.1792     0.0010    14.1528    14.1538     0.0010   4.289649   4.290493   0.000827    35.6573    35.6641     5.2552    26.6628    26.6679    228.603  250.70511  250.55492    35.6573    26.6628    1507.70    1507.72    14.1528  1027.4341    35.8261 0.0000e+00
      54166 293.330080  -44.26540  -52.70420     -0.871    1497.43    173.000    171.536    14.1752    14.1751    -0.0001    14.1498    14.1498    -0.0001   4.289280   4.289873   0.000632    35.6569    35.6628     5.2617    26.6632    26.6677    228.884  250.72144  250.57143    35.6572    26.6634    1507.68    1507.68    14.1498  1027.4302    35.8259 0.0000e+00
      54190 293.330091  -44.26540  -52.70420     -0.957    1497.43    172.000    170.544    14.1771    14.1770    -0.0001    14.1519    14.1518    -0.0001   4.289434   4.290166   0.000702    35.6572    35.6639     5.2614    26.6630    26.6681    228.873  250.71124  250.56112    35.6572    26.6630    1507.67    1507.67    14.1519  1027.4254    35.8260 0.0000e+00
      54213 293.330102  -44.26540  -52.70420     -1.024    1497.43    171.000    169.553    14.1751    14.1770     0.0019    14.1501    14.1520     0.0019   4.289117   4.290058   0.000936    35.6566    35.6636     5.2630    26.6629    26.6679    228.941  250.72208  250.57208    35.6565    26.6628    1507.64    1507.66    14.1501  1027.4209    35.8253 0.0000e+00
      54237 293.330114  -44.26540  -52.70420     -1.034    1497.43    170.000    168.562    14.1746    14.1754     0.0008    14.1497    14.1505     0.0008   4.289063   4.289804   0.000761    35.6568    35.6632     5.2709    26.6631    26.6679    229.286  250.72433  250.57436    35.6569    26.6632    1507.62    1507.63    14.1498  1027.4168    35.8256 0.0000e+00
      54263 293.330127  -44.26540  -52.70420     -0.955    1497.43    169.000    167.571    14.1752    14.1752     0.0000    14.1504    14.1505     0.0000   4.289081   4.289768   0.000686    35.6569    35.6633     5.2659    26.6630    26.6680    229.066  250.72131  250.57131    35.6570    26.6631    1507.61    1507.62    14.1505  1027.4123    35.8257 0.0000e+00
      54297 293.330143  -44.26540  -52.70420     -0.768    1497.43    168.000    166.581    14.1753    14.1756     0.0003    14.1507    14.1510     0.0003   4.289062   4.289765   0.000706    35.6570    35.6633     5.2636    26.6630    26.6679    228.967  250.72045  250.57044    35.6571    26.6631    1507.59    1507.60    14.1507  1027.4079    35.8258 0.0000e+00
      54338 293.330162  -44.26541  -52.70420     -0.589    1497.43    167.000    165.588    14.1749    14.1751     0.0002    14.1505    14.1507     0.0002   4.288941   4.289639   0.000697    35.6569    35.6632     5.2543    26.6630    26.6679    228.565  250.72276  250.57277    35.6568    26.6629    1507.58    1507.58    14.1505  1027.4034    35.8255 0.0000e+00
      54374 293.330180  -44.26541  -52.70420     -0.642    1497.43    166.000    164.598    14.1718    14.1718     0.0000    14.1475    14.1475     0.0000   4.288483   4.289159   0.000670    35.6560    35.6622     5.2553    26.6630    26.6678    228.609  250.73976  250.58996    35.6558    26.6628    1507.55    1507.56    14.1475  1027.3989    35.8245 0.0000e+00
      54402 293.330193  -44.26540  -52.70420     -0.788    1497.43    165.000    163.607    14.1702    14.1706     0.0005    14.1460    14.1465     0.0005   4.288223   4.288953   0.000739    35.6556    35.6620     5.2597    26.6629    26.6678    228.797  250.74868  250.59897    35.6553    26.6627    1507.53    1507.53    14.1460  1027.3944    35.8240 0.0000e+00
      54424 293.330204  -44.26540  -52.70420     -0.968    1497.43    164.000    162.615    14.1685    14.1688     0.0002    14.1445    14.1448     0.0002   4.287984   4.288692   0.000705    35.6553    35.6616     5.2607    26.6630    26.6679    228.841  250.75746  250.60785    35.6550    26.6628    1507.50    1507.51    14.1445  1027.3901    35.8237 0.0000e+00
      54444 293.330213  -44.26540  -52.70420     -1.127    1497.43    163.000    161.624    14.1680    14.1683     0.0003    14.1441    14.1444     0.0003   4.287887   4.288598   0.000714    35.6551    35.6615     5.2521    26.6630    26.6679    228.465  250.76019  250.61061    35.6550    26.6629    1507.49    1507.49    14.1442  1027.3858    35.8237 0.0000e+00
      54463 293.330223  -44.26540  -52.70420     -1.224    1497.43    162.000    160.633    14.1681    14.1682     0.0001    14.1443    14.1445     0.0001   4.287863   4.288542   0.000681    35.6553    35.6615     5.2530    26.6631    26.6679    228.505  250.75980  250.61021    35.6551    26.6630    1507.47    1507.48    14.1444  1027.3814    35.8238 0.0000e+00
      54485 293.330233  -44.26540  -52.70420     -1.186    1497.43    161.000    159.642    14.1682    14.1684     0.0003    14.1446    14.1449     0.0003   4.287823   4.288522   0.000692    35.6553    35.6614     5.2601    26.6630    26.6677    228.812  250.75935  250.60977    35.6551    26.6629    1507.45    1507.46    14.1446  1027.3769    35.8238 0.0000e+00
      54511 293.330246  -44.26540  -52.70420     -0.997    1497.43    160.000    158.651    14.1666    14.1673     0.0006    14.1432    14.1438     0.0006   4.287575   4.288320   0.000749    35.6548    35.6612     5.2644    26.6630    26.6678    229.003  250.76769  250.61820    35.6546    26.6628    1507.43    1507.44    14.1432  1027.3725    35.8233 0.0000e+00
      54543 293.330261  -44.26541  -52.70420     -0.789    1497.43    159.000    157.659    14.1666    14.1666     0.0001    14.1433    14.1434     0.0001   4.287522   4.288201   0.000676    35.6548    35.6611     5.2558    26.6629    26.6677    228.630  250.76807  250.61857    35.6546    26.6628    1507.41    1507.42    14.1433  1027.3680    35.8233 0.0000e+00
      54577 293.330278  -44.26542  -52.70420     -0.712    1497.43    158.000    156.668    14.1650    14.1653     0.0003    14.1419    14.1422     0.0003   4.287256   4.287957   0.000705    35.6543    35.6606     5.2524    26.6628    26.6676    228.479  250.77678  250.62738    35.6540    26.6626    1507.39    1507.40    14.1419  1027.3635    35.8227 0.0000e+00
      54615 293.330296  -44.26541  -52.70420     -0.641    1497.43    157.000    155.683    14.1612    14.1606    -0.0007    14.1383    14.1376    -0.0007   4.286726   4.287305   0.000576    35.6533    35.6593     5.2552    26.6629    26.6676    228.601  250.79737  250.64819    35.6530    26.6626    1507.36    1507.37    14.1383  1027.3591    35.8217 0.0000e+00
      54654 293.330315  -44.26540  -52.70420     -0.608    1497.43    156.000    154.677    14.1552    14.1551    -0.0000    14.1323    14.1323    -0.0000   4.285845   4.286503   0.000662    35.6515    35.6577     5.2535    26.6627    26.6675    228.528  250.83077  250.68194    35.6508    26.6622    1507.32    1507.33    14.1324  1027.3542    35.8195 0.0000e+00
      54681 293.330328  -44.26540  -52.70420     -0.781    1497.43    155.000    153.698    14.1529    14.1529     0.0001    14.1302    14.1303     0.0001   4.285475   4.286168   0.000687    35.6508    35.6572     5.2453    26.6626    26.6675    228.171  250.84353  250.69483    35.6499    26.6619    1507.30    1507.31    14.1302  1027.3496    35.8186 0.0000e+00
      54702 293.330338  -44.26540  -52.70420     -0.995    1497.43    154.000    152.700    14.1470    14.1470     0.0001    14.1244    14.1246     0.0001   4.284704   4.285365   0.000663    35.6493    35.6554     5.2431    26.6627    26.6674    228.076  250.87564  250.72730    35.6486    26.6621    1507.26    1507.27    14.1245  1027.3454    35.8173 0.0000e+00
      54721 293.330347  -44.26540  -52.70420     -1.176    1497.43    153.000    151.710    14.1459    14.1462     0.0003    14.1236    14.1238     0.0003   4.284670   4.285376   0.000709    35.6494    35.6558     5.2521    26.6630    26.6679    228.467  250.88065  250.73237    35.6497    26.6632    1507.24    1507.25    14.1236  1027.3420    35.8183 0.0000e+00
      54741 293.330357  -44.26540  -52.70420     -1.249    1497.43    152.000    150.721    14.1546    14.1544    -0.0002    14.1324    14.1321    -0.0002   4.285729   4.286410   0.000657    35.6518    35.6582     5.2589    26.6629    26.6679    228.764  250.83305  250.68425    35.6519    26.6630    1507.26    1507.26    14.1324  1027.3375    35.8206 0.0000e+00
      54768 293.330370  -44.26540  -52.70420     -1.031    1497.43    151.000    149.733    14.1518    14.1534     0.0017    14.1297    14.1314     0.0017   4.285203   4.286093   0.000888    35.6506    35.6573     5.2623    26.6626    26.6674    228.910  250.84940  250.70078    35.6500    26.6621    1507.23    1507.24    14.1297  1027.3322    35.8187 0.0000e+00
      54811 293.330391  -44.26542  -52.70420     -0.557    1497.43    150.000    148.737    14.1474    14.1480     0.0006    14.1254    14.1260     0.0006   4.284637   4.285345   0.000721    35.6496    35.6558     5.2451    26.6627    26.6674    228.162  250.87307  250.72470    35.6493    26.6625    1507.20    1507.21    14.1254  1027.3281    35.8179 0.0000e+00
      54847 293.330408  -44.26542  -52.70420     -0.640    1497.43    149.000    147.747    14.1452    14.1453     0.0001    14.1235    14.1235     0.0001   4.284344   4.285037   0.000690    35.6491    35.6555     5.2558    26.6628    26.6676    228.628  250.88460  250.73637    35.6489    26.6626    1507.17    1507.18    14.1235  1027.3239    35.8176 0.0000e+00
      54876 293.330422  -44.26542  -52.70420     -0.796    1497.43    148.000    146.756    14.1478    14.1470    -0.0009    14.1262    14.1253    -0.0009   4.284692   4.285229   0.000552    35.6500    35.6559     5.2503    26.6628    26.6676    228.389  250.87011  250.72172    35.6502    26.6630    1507.17    1507.17    14.1262  1027.3199    35.8188 0.0000e+00
      54906 293.330436  -44.26540  -52.70420     -0.821    1497.43    147.000    145.765    14.1507    14.1511     0.0003    14.1293    14.1296     0.0003   4.284972   4.285695   0.000710    35.6506    35.6569     5.2556    26.6627    26.6675    228.620  250.85456  250.70599    35.6505    26.6626    1507.16    1507.17    14.1293  1027.3151    35.8192 0.0000e+00
      54936 293.330451  -44.26540  -52.70420     -0.777    1497.43    146.000    144.773    14.1522    14.1521    -0.0001    14.1309    14.1308    -0.0001   4.285181   4.285807   0.000629    35.6513    35.6573     5.2528    26.6629    26.6675    228.500  250.84589  250.69724    35.6515    26.6630    1507.15    1507.16    14.1309  1027.3111    35.8202 0.0000e+00
      54961 293.330463  -44.26540  -52.70420     -0.880    1497.43    145.000    143.782    14.1545    14.1546     0.0002    14.1333    14.1334     0.0002   4.285395   4.286090   0.000694    35.6517    35.6581     5.2544    26.6627    26.6676    228.568  250.83381  250.68503    35.6518    26.6628    1507.14    1507.15    14.1333  1027.3064    35.8205 0.0000e+00
      54984 293.330474  -44.26540  -52.70419     -1.014    1497.43    144.000    142.791    14.1535    14.1539     0.0004    14.1324    14.1329     0.0004   4.285189   4.285908   0.000718    35.6515    35.6577     5.2534    26.6627    26.6674    228.522  250.83946  250.69074    35.6513    26.6625    1507.12    1507.13    14.1324  1027.3017    35.8199 0.0000e+00
      55007 293.330485  -44.26540  -52.70419     -1.054    1497.43    143.000    141.800    14.1529    14.1532     0.0004    14.1319    14.1323     0.0004   4.285103   4.285806   0.000707    35.6514    35.6577     5.2490    26.6627    26.6675    228.334  250.84260  250.69392    35.6515    26.6627    1507.10    1507.11    14.1320  1027.2976    35.8201 0.0000e+00
      55037 293.330499  -44.26540  -52.70420     -0.893    1497.43    142.000    140.809    14.1527    14.1530     0.0002    14.1320    14.1322     0.0002   4.285035   4.285723   0.000688    35.6514    35.6577     5.2444    26.6628    26.6675    228.132  250.84318  250.69451    35.6514    26.6627    1507.08    1507.09    14.1320  1027.2930    35.8198 0.0000e+00
