Pos-Processados/process_op38/Processamento_split/up/uoperantar38_024.cnv
* Sea-Bird SBE 9 Data File:
* FileName = D:\OPERANTAR_XXXVIII\DADOS\OP38_024.hdr
* Software Version Seasave V 7.18c
* Temperature SN = 4808
* Conductivity SN = 3380
* Number of Bytes Per Scan = 34
* Number of Voltage Words = 3
* Number of Scans Averaged by the Deck Unit = 1
* NMEA Latitude = 62 13.17 S
* NMEA Longitude = 058 22.76 W
* NMEA UTC (Time) = Nov 22 2019 19:55:17
** H41
** NAVIO POLAR ALMIRANTE MAXIMIANO
** CRUZEIRO:
** OPERANTAR XXXVIII
** ESTAÇÃO: OP38_024
** LAT 62 13,16'S
** LONG 058 22,74'W
** 09P73767-1155_A
** PROFUNDIDADE: 292
** DATA/HORA: 221955Z/NOV/2019
** OPERADOR: SO-HN CHAVES
# nquan = 32
# nvalues = 277                         
# units = specified
# name 0 = scan: Scan Count
# name 1 = timeJ: Julian Days
# name 2 = latitude: Latitude [deg]
# name 3 = longitude: Longitude [deg]
# name 4 = dz/dtM: Descent Rate [m/s]
# name 5 = avgsvCM: Average Sound Velocity [Chen-Millero, m/s]
# name 6 = prDM: Pressure, Digiquartz [db]
# name 7 = depSM: Depth [salt water, m]
# name 8 = t090C: Temperature [ITS-90, deg C]
# name 9 = t190C: Temperature, 2 [ITS-90, deg C]
# name 10 = T2-T190C: Temperature Difference, 2 - 1 [ITS-90, deg C]
# name 11 = potemp090C: Potential Temperature [ITS-90, deg C]
# name 12 = potemp190C: Potential Temperature, 2 [ITS-90, deg C]
# name 13 = potemp90Cdiff: Potential Temperature, Diff, 2 - 1 [ITS-90, deg C]
# name 14 = c0S/m: Conductivity [S/m]
# name 15 = c1S/m: Conductivity, 2 [S/m]
# name 16 = C2-C1S/m: Conductivity Difference, 2 - 1 [S/m]
# name 17 = sal00: Salinity, Practical [PSU]
# name 18 = sal11: Salinity, Practical, 2 [PSU]
# name 19 = sbeox0ML/L: Oxygen, SBE 43 [ml/l]
# name 20 = sbeox1ML/L: Oxygen, SBE 43, 2 [ml/l]
# name 21 = sbeox0ML/Ldiff: Oxygen, SBE 43, Diff, 2 - 1 [ml/l]
# name 22 = sigma-é00: Density [sigma-theta, kg/m^3]
# name 23 = sigma-é11: Density, 2 [sigma-theta, kg/m^3]
# name 24 = sal00: Salinity, Practical [PSU]
# name 25 = sigma-é00: Density [sigma-theta, kg/m^3]
# name 26 = svCM: Sound Velocity [Chen-Millero, m/s]
# name 27 = svCM1: Sound Velocity, 2 [Chen-Millero, m/s]
# name 28 = gsw_ptA0: potential temperature [ITS-90, deg C]
# name 29 = gsw_densityA0: density, TEOS-10 [density, kg/m^3]
# name 30 = gsw_saA0: Absolute Salinity [g/kg]
# name 31 = flag:
# span 0 =       8998,      20305       
# span 1 = 326.834397, 326.839850       
# span 2 =  -62.21966,  -62.21962       
# span 3 =  -58.37928,  -58.37920       
# span 4 =     -1.192,     -0.196       
# span 5 =    1448.21,    1448.21       
# span 6 =      2.000,    278.000       
# span 7 =      1.984,    275.146       
# span 8 =    -0.5348,    -0.2786       
# span 9 =    -0.5348,    -0.2796       
# span 10 =    -0.0046,     0.0055      
# span 11 =    -0.5406,    -0.2786      
# span 12 =    -0.5407,    -0.2797      
# span 13 =    -0.0046,     0.0055      
# span 14 =   2.805792,   2.818327      
# span 15 =   2.806231,   2.818748      
# span 16 =   0.000121,   0.000871      
# span 17 =    34.1700,    34.2928      
# span 18 =    34.1753,    34.2983      
# span 19 =     7.0001,     7.6497      
# span 20 =     6.7067,     7.3923      
# span 21 =    -0.3758,    -0.2575      
# span 22 =    27.4500,    27.5613      
# span 23 =    27.4543,    27.5658      
# span 24 =    34.1703,    34.2928      
# span 25 =    27.4502,    27.5613      
# span 26 =    1446.38,    1450.25      
# span 27 =    1446.39,    1450.26      
# span 28 =    -0.5405,    -0.2787      
# span 29 =  1027.4642,  1028.8934      
# span 30 =    34.3351,    34.4602      
# span 31 = 0.0000e+00, 0.0000e+00      
# interval = decibars: 1                
# start_time = Nov 22 2019 19:55:17 [NMEA time, header]
# bad_flag = -9.990e-29
*END*
[from data line 136]
      12537 326.836103  -62.21962  -58.37920     -1.106    1448.21    142.000    140.588    -0.5348    -0.5348     0.0000    -0.5393    -0.5393     0.0000   2.808728   2.809188   0.000453    34.2512    34.2573     7.1999     6.8991    -0.3008    27.5276    27.5325    34.2511    27.5275    1447.97    1447.98    -0.5391  1028.2115    34.4177 0.0000e+00
      12558 326.836113  -62.21962  -58.37920     -1.139    1448.21    141.000    139.599    -0.5348    -0.5347     0.0001    -0.5392    -0.5391     0.0001   2.808650   2.809110   0.000468    34.2508    34.2569     7.2092     6.8995    -0.3098    27.5272    27.5322    34.2506    27.5271    1447.95    1447.96    -0.5391  1028.2064    34.4172 0.0000e+00
      12579 326.836124  -62.21962  -58.37920     -1.133    1448.21    140.000    138.609    -0.5348    -0.5348     0.0000    -0.5391    -0.5391     0.0000   2.808564   2.808970   0.000409    34.2501    34.2556     7.2167     6.9042    -0.3125    27.5267    27.5311    34.2500    27.5267    1447.93    1447.94    -0.5391  1028.2011    34.4166 0.0000e+00
      12602 326.836135  -62.21962  -58.37920     -1.091    1448.21    139.000    137.619    -0.5346    -0.5346     0.0000    -0.5389    -0.5389     0.0000   2.808488   2.808911   0.000418    34.2496    34.2552     7.2173     6.9091    -0.3082    27.5263    27.5309    34.2495    27.5262    1447.92    1447.92    -0.5388  1028.1958    34.4160 0.0000e+00
      12626 326.836146  -62.21962  -58.37920     -1.041    1448.21    138.000    136.629    -0.5344    -0.5344    -0.0001    -0.5387    -0.5387    -0.0001   2.808314   2.808770   0.000455    34.2476    34.2538     7.2148     6.9195    -0.2953    27.5247    27.5297    34.2475    27.5246    1447.90    1447.91    -0.5386  1028.1895    34.4140 0.0000e+00
      12649 326.836157  -62.21962  -58.37920     -1.024    1448.21    137.000    135.640    -0.5343    -0.5343    -0.0001    -0.5385    -0.5386    -0.0001   2.808195   2.808614   0.000422    34.2465    34.2522     7.2183     6.9223    -0.2960    27.5237    27.5284    34.2464    27.5237    1447.88    1447.89    -0.5385  1028.1838    34.4129 0.0000e+00
      12671 326.836168  -62.21962  -58.37920     -1.044    1448.21    136.000    134.650    -0.5341    -0.5342    -0.0000    -0.5383    -0.5384    -0.0000   2.808085   2.808506   0.000424    34.2454    34.2512     7.2234     6.9221    -0.3013    27.5229    27.5276    34.2453    27.5228    1447.86    1447.87    -0.5382  1028.1782    34.4118 0.0000e+00
      12693 326.836179  -62.21962  -58.37920     -1.075    1448.21    135.000    133.660    -0.5336    -0.5338    -0.0001    -0.5378    -0.5380    -0.0001   2.807933   2.808385   0.000451    34.2436    34.2498     7.2285     6.9217    -0.3068    27.5214    27.5264    34.2434    27.5212    1447.85    1447.86    -0.5377  1028.1718    34.4099 0.0000e+00
      12716 326.836190  -62.21962  -58.37920     -1.082    1448.21    134.000    132.670    -0.5331    -0.5334    -0.0003    -0.5372    -0.5375    -0.0003   2.807772   2.808261   0.000483    34.2412    34.2481     7.2417     6.9192    -0.3225    27.5194    27.5250    34.2412    27.5194    1447.83    1447.84    -0.5372  1028.1652    34.4076 0.0000e+00
      12739 326.836201  -62.21962  -58.37920     -1.044    1448.21    133.000    131.681    -0.5327    -0.5329    -0.0002    -0.5369    -0.5370    -0.0002   2.807690   2.808132   0.000445    34.2403    34.2465     7.2428     6.9161    -0.3266    27.5187    27.5237    34.2403    27.5187    1447.82    1447.82    -0.5367  1028.1597    34.4068 0.0000e+00
      12764 326.836213  -62.21962  -58.37920     -1.001    1448.21    132.000    130.691    -0.5327    -0.5326     0.0001    -0.5368    -0.5367     0.0001   2.807634   2.808041   0.000412    34.2401    34.2455     7.2421     6.9363    -0.3058    27.5185    27.5229    34.2401    27.5185    1447.80    1447.81    -0.5367  1028.1548    34.4066 0.0000e+00
      12788 326.836224  -62.21962  -58.37920     -0.984    1448.21    131.000    129.701    -0.5326    -0.5324     0.0002    -0.5367    -0.5365     0.0002   2.807563   2.807975   0.000404    34.2398    34.2450     7.2580     6.9412    -0.3168    27.5182    27.5224    34.2397    27.5182    1447.78    1447.79    -0.5366  1028.1497    34.4061 0.0000e+00
      12812 326.836236  -62.21962  -58.37920     -1.006    1448.21    130.000    128.712    -0.5326    -0.5325     0.0001    -0.5366    -0.5365     0.0001   2.807517   2.807926   0.000413    34.2397    34.2451     7.2621     6.9476    -0.3145    27.5182    27.5226    34.2397    27.5182    1447.77    1447.77    -0.5365  1028.1449    34.4061 0.0000e+00
      12834 326.836247  -62.21962  -58.37920     -1.042    1448.21    129.000    127.722    -0.5327    -0.5327     0.0000    -0.5367    -0.5367     0.0000   2.807460   2.807877   0.000418    34.2397    34.2453     7.2646     6.9554    -0.3092    27.5182    27.5227    34.2397    27.5182    1447.75    1447.76    -0.5366  1028.1401    34.4061 0.0000e+00
      12856 326.836257  -62.21962  -58.37920     -1.073    1448.21    128.000    126.732    -0.5322    -0.5321     0.0001    -0.5362    -0.5361     0.0001   2.807335   2.807730   0.000390    34.2381    34.2433     7.2709     6.9537    -0.3172    27.5169    27.5211    34.2380    27.5168    1447.73    1447.74    -0.5361  1028.1340    34.4044 0.0000e+00
      12878 326.836268  -62.21962  -58.37920     -1.092    1448.21    127.000    125.742    -0.5308    -0.5308     0.0000    -0.5347    -0.5347     0.0000   2.807230   2.807655   0.000425    34.2356    34.2412     7.2677     6.9511    -0.3165    27.5148    27.5194    34.2356    27.5148    1447.72    1447.73    -0.5347  1028.1272    34.4020 0.0000e+00
      12900 326.836278  -62.21962  -58.37920     -1.105    1448.21    126.000    124.752    -0.5292    -0.5298    -0.0006    -0.5331    -0.5337    -0.0006   2.807192   2.807610   0.000419    34.2339    34.2401     7.2552     6.9535    -0.3017    27.5133    27.5184    34.2339    27.5134    1447.71    1447.71    -0.5330  1028.1209    34.4003 0.0000e+00
      12921 326.836289  -62.21962  -58.37920     -1.109    1448.21    125.000    123.763    -0.5286    -0.5284     0.0002    -0.5324    -0.5323     0.0002   2.807167   2.807578   0.000412    34.2334    34.2387     7.2532     6.9574    -0.2959    27.5129    27.5172    34.2335    27.5130    1447.70    1447.70    -0.5324  1028.1158    34.3999 0.0000e+00
      12944 326.836300  -62.21962  -58.37920     -1.094    1448.21    124.000    122.772    -0.5286    -0.5285     0.0001    -0.5324    -0.5323     0.0001   2.807087   2.807508   0.000419    34.2331    34.2386     7.2686     6.9649    -0.3036    27.5126    27.5171    34.2331    27.5126    1447.68    1447.69    -0.5324  1028.1106    34.3994 0.0000e+00
      12967 326.836311  -62.21962  -58.37920     -1.054    1448.21    123.000    121.783    -0.5296    -0.5295     0.0002    -0.5334    -0.5333     0.0002   2.807002   2.807421   0.000422    34.2336    34.2391     7.2787     6.9678    -0.3109    27.5131    27.5176    34.2337    27.5132    1447.66    1447.67    -0.5333  1028.1064    34.4000 0.0000e+00
      12991 326.836322  -62.21962  -58.37920     -1.010    1448.21    122.000    120.793    -0.5288    -0.5282     0.0005    -0.5325    -0.5320     0.0005   2.807039   2.807470   0.000431    34.2336    34.2388     7.2863     6.9761    -0.3102    27.5130    27.5173    34.2338    27.5132    1447.65    1447.66    -0.5325  1028.1017    34.4001 0.0000e+00
      13015 326.836334  -62.21962  -58.37920     -1.002    1448.21    121.000    119.803    -0.5247    -0.5264    -0.0017    -0.5284    -0.5302    -0.0017   2.807180   2.807532   0.000355    34.2315    34.2382     7.2921     6.9765    -0.3157    27.5112    27.5167    34.2317    27.5113    1447.64    1447.65    -0.5284  1028.0950    34.3980 0.0000e+00
      13038 326.836345  -62.21962  -58.37920     -1.026    1448.21    120.000    118.813    -0.5239    -0.5245    -0.0005    -0.5276    -0.5282    -0.0005   2.807162   2.807557   0.000394    34.2312    34.2371     7.2911     6.9831    -0.3080    27.5109    27.5157    34.2313    27.5110    1447.63    1447.64    -0.5275  1028.0898    34.3975 0.0000e+00
      13060 326.836356  -62.21962  -58.37920     -1.053    1448.21    119.000    117.824    -0.5242    -0.5250    -0.0008    -0.5278    -0.5287    -0.0008   2.807128   2.807477   0.000361    34.2314    34.2372     7.2878     6.9884    -0.2994    27.5111    27.5158    34.2316    27.5113    1447.62    1447.62    -0.5278  1028.0854    34.3979 0.0000e+00
      13083 326.836367  -62.21962  -58.37920     -1.059    1448.21    118.000    116.834    -0.5220    -0.5231    -0.0011    -0.5257    -0.5267    -0.0011   2.807178   2.807546   0.000363    34.2303    34.2364     7.2945     6.9863    -0.3082    27.5101    27.5151    34.2305    27.5103    1447.61    1447.61    -0.5256  1028.0796    34.3968 0.0000e+00
      13106 326.836378  -62.21962  -58.37920     -1.047    1448.21    117.000    115.844    -0.5222    -0.5220     0.0002    -0.5258    -0.5256     0.0002   2.807103   2.807526   0.000421    34.2302    34.2357     7.3027     6.9841    -0.3186    27.5100    27.5144    34.2303    27.5101    1447.59    1447.60    -0.5257  1028.0746    34.3965 0.0000e+00
      13129 326.836389  -62.21962  -58.37920     -1.053    1448.21    116.000    114.854    -0.5227    -0.5227    -0.0001    -0.5262    -0.5263    -0.0001   2.807007   2.807418   0.000412    34.2301    34.2358     7.3032     6.9806    -0.3225    27.5100    27.5145    34.2302    27.5100    1447.57    1447.58    -0.5262  1028.0698    34.3964 0.0000e+00
      13150 326.836399  -62.21962  -58.37920     -1.092    1448.21    115.000    113.864    -0.5237    -0.5240    -0.0003    -0.5272    -0.5275    -0.0003   2.806911   2.807309   0.000400    34.2306    34.2363     7.2966     6.9846    -0.3119    27.5104    27.5150    34.2306    27.5104    1447.55    1447.56    -0.5272  1028.0654    34.3969 0.0000e+00
      13171 326.836409  -62.21962  -58.37920     -1.124    1448.21    114.000    112.874    -0.5235    -0.5241    -0.0006    -0.5270    -0.5276    -0.0006   2.806888   2.807279   0.000390    34.2305    34.2365     7.3033     6.9899    -0.3134    27.5103    27.5152    34.2307    27.5105    1447.54    1447.54    -0.5269  1028.0607    34.3969 0.0000e+00
      13194 326.836420  -62.21962  -58.37920     -1.093    1448.21    113.000    111.885    -0.5211    -0.5212    -0.0001    -0.5246    -0.5247    -0.0001   2.806978   2.807401   0.000422    34.2297    34.2355     7.3148     6.9972    -0.3176    27.5096    27.5142    34.2299    27.5097    1447.53    1447.54    -0.5245  1028.0551    34.3961 0.0000e+00
      13219 326.836432  -62.21962  -58.37920     -1.001    1448.21    112.000    110.895    -0.5202    -0.5208    -0.0007    -0.5236    -0.5243    -0.0007   2.806996   2.807365   0.000368    34.2295    34.2352     7.3058     6.9989    -0.3070    27.5093    27.5140    34.2297    27.5095    1447.52    1447.52    -0.5236  1028.0501    34.3959 0.0000e+00
      13244 326.836445  -62.21962  -58.37920     -0.948    1448.21    111.000    109.905    -0.5205    -0.5202     0.0003    -0.5240    -0.5236     0.0003   2.806925   2.807364   0.000438    34.2297    34.2352     7.2983     6.9926    -0.3056    27.5095    27.5140    34.2297    27.5095    1447.50    1447.51    -0.5239  1028.0454    34.3959 0.0000e+00
      13268 326.836456  -62.21962  -58.37920     -0.988    1448.21    110.000    108.915    -0.5217    -0.5215     0.0002    -0.5251    -0.5249     0.0002   2.806830   2.807245   0.000413    34.2305    34.2359     7.3024     6.9945    -0.3079    27.5102    27.5145    34.2304    27.5101    1447.48    1447.49    -0.5250  1028.0412    34.3966 0.0000e+00
      13289 326.836466  -62.21963  -58.37920     -1.068    1448.21    109.000    107.925    -0.5225    -0.5223     0.0002    -0.5258    -0.5257     0.0002   2.806751   2.807172   0.000421    34.2308    34.2363     7.3096     6.9902    -0.3194    27.5105    27.5149    34.2308    27.5105    1447.46    1447.47    -0.5258  1028.0368    34.3970 0.0000e+00
      13310 326.836476  -62.21964  -58.37920     -1.130    1448.21    108.000    106.935    -0.5223    -0.5225    -0.0001    -0.5257    -0.5258    -0.0001   2.806687   2.807112   0.000424    34.2305    34.2363     7.3105     6.9883    -0.3222    27.5102    27.5150    34.2304    27.5102    1447.44    1447.45    -0.5256  1028.0317    34.3966 0.0000e+00
      13332 326.836487  -62.21964  -58.37920     -1.137    1448.21    107.000    105.945    -0.5222    -0.5224    -0.0001    -0.5255    -0.5257    -0.0001   2.806648   2.807062   0.000414    34.2304    34.2361     7.3062     6.9821    -0.3242    27.5102    27.5148    34.2304    27.5102    1447.43    1447.43    -0.5254  1028.0269    34.3965 0.0000e+00
      13354 326.836497  -62.21964  -58.37920     -1.094    1448.21    106.000    104.955    -0.5223    -0.5223     0.0001    -0.5256    -0.5255     0.0000   2.806617   2.807029   0.000410    34.2307    34.2361     7.3011     6.9809    -0.3202    27.5104    27.5148    34.2307    27.5104    1447.41    1447.42    -0.5255  1028.0223    34.3968 0.0000e+00
      13377 326.836509  -62.21964  -58.37920     -1.051    1448.21    105.000    103.965    -0.5222    -0.5222     0.0000    -0.5254    -0.5254     0.0000   2.806593   2.807012   0.000420    34.2309    34.2365     7.3067     6.9800    -0.3268    27.5106    27.5151    34.2309    27.5106    1447.40    1447.40    -0.5254  1028.0177    34.3970 0.0000e+00
      13400 326.836520  -62.21964  -58.37920     -1.038    1448.21    104.000    102.976    -0.5225    -0.5223     0.0002    -0.5257    -0.5255     0.0002   2.806534   2.806963   0.000429    34.2310    34.2365     7.3062     6.9857    -0.3205    27.5107    27.5151    34.2310    27.5106    1447.38    1447.39    -0.5256  1028.0130    34.3971 0.0000e+00
      13423 326.836531  -62.21964  -58.37920     -1.047    1448.21    103.000    101.986    -0.5224    -0.5223     0.0001    -0.5255    -0.5255     0.0001   2.806484   2.806907   0.000420    34.2308    34.2364     7.2969     6.9913    -0.3056    27.5105    27.5150    34.2308    27.5105    1447.36    1447.37    -0.5255  1028.0081    34.3969 0.0000e+00
      13446 326.836542  -62.21964  -58.37922     -1.060    1448.21    102.000    100.996    -0.5224    -0.5223     0.0000    -0.5255    -0.5255     0.0000   2.806431   2.806861   0.000432    34.2307    34.2365     7.3008     6.9955    -0.3053    27.5104    27.5151    34.2307    27.5104    1447.35    1447.35    -0.5255  1028.0032    34.3968 0.0000e+00
      13469 326.836553  -62.21964  -58.37922     -1.035    1448.21    101.000    100.006    -0.5224    -0.5224    -0.0000    -0.5255    -0.5255    -0.0000   2.806382   2.806803   0.000421    34.2307    34.2364     7.3028     6.9918    -0.3110    27.5104    27.5150    34.2307    27.5104    1447.33    1447.34    -0.5254  1027.9984    34.3968 0.0000e+00
      13494 326.836565  -62.21964  -58.37922     -1.001    1448.21    100.000     99.016    -0.5223    -0.5223     0.0000    -0.5254    -0.5253     0.0000   2.806342   2.806777   0.000433    34.2307    34.2365     7.3029     6.9901    -0.3128    27.5104    27.5151    34.2307    27.5104    1447.31    1447.32    -0.5253  1027.9936    34.3967 0.0000e+00
      13517 326.836576  -62.21964  -58.37922     -0.998    1448.21     99.000     98.026    -0.5224    -0.5223     0.0002    -0.5255    -0.5253     0.0002   2.806276   2.806707   0.000431    34.2306    34.2363     7.3060     6.9926    -0.3134    27.5103    27.5149    34.2306    27.5103    1447.30    1447.31    -0.5254  1027.9887    34.3966 0.0000e+00
      13539 326.836587  -62.21964  -58.37922     -1.043    1448.21     98.000     97.036    -0.5225    -0.5225     0.0000    -0.5255    -0.5255     0.0000   2.806203   2.806639   0.000435    34.2304    34.2362     7.3018     6.9937    -0.3080    27.5101    27.5148    34.2303    27.5101    1447.28    1447.29    -0.5255  1027.9837    34.3963 0.0000e+00
