Pos-Processados/process_op38/Processamento_split/up/uoperantar38_003.cnv
* Sea-Bird SBE 9 Data File:
* FileName = D:\OPERANTAR_XXXVIII\DADOS\OP38_003.hdr
* Software Version Seasave V 7.12
* Temperature SN = 4808
* Conductivity SN = 3380
* Number of Bytes Per Scan = 31
* Number of Voltage Words = 2
* Number of Scans Averaged by the Deck Unit = 1
* NMEA Latitude = 39 32.86 S
* NMEA Longitude = 054 23.47 W
* NMEA UTC (Time) = Jan 17 2019 09:09:24
** H41
** NAVIO POLAR ALMIRANTE MAXIMIANO
** CRUZEIRO:
** OPERANTAR XXXVIII
** ESTAวรO: OP38_003
** LAT 39บ 32,87' S
** LONG 054บ 23,45' W
** 09P73767-1155
** PROFUNDIDADE: 2920 m
** DATA/HORA: 170909Z/OUT/2019
** OPERADOR: SO-HN CHAVES
# nquan = 30
# nvalues = 1014                        
# units = specified
# name 0 = scan: Scan Count
# name 1 = timeJ: Julian Days
# name 2 = latitude: Latitude [deg]
# name 3 = longitude: Longitude [deg]
# name 4 = dz/dtM: Descent Rate [m/s]
# name 5 = avgsvCM: Average Sound Velocity [Chen-Millero, m/s]
# name 6 = prDM: Pressure, Digiquartz [db]
# name 7 = depSM: Depth [salt water, m]
# name 8 = t090C: Temperature [ITS-90, deg C]
# name 9 = t190C: Temperature, 2 [ITS-90, deg C]
# name 10 = T2-T190C: Temperature Difference, 2 - 1 [ITS-90, deg C]
# name 11 = potemp090C: Potential Temperature [ITS-90, deg C]
# name 12 = potemp190C: Potential Temperature, 2 [ITS-90, deg C]
# name 13 = potemp90Cdiff: Potential Temperature, Diff, 2 - 1 [ITS-90, deg C]
# name 14 = c0S/m: Conductivity [S/m]
# name 15 = c1S/m: Conductivity, 2 [S/m]
# name 16 = C2-C1S/m: Conductivity Difference, 2 - 1 [S/m]
# name 17 = sal00: Salinity, Practical [PSU]
# name 18 = sal11: Salinity, Practical, 2 [PSU]
# name 19 = sbeox0ML/L: Oxygen, SBE 43 [ml/l]
# name 20 = sigma-้00: Density [sigma-theta, kg/m^3]
# name 21 = sigma-้11: Density, 2 [sigma-theta, kg/m^3]
# name 22 = sal00: Salinity, Practical [PSU]
# name 23 = sigma-้00: Density [sigma-theta, kg/m^3]
# name 24 = svCM: Sound Velocity [Chen-Millero, m/s]
# name 25 = svCM1: Sound Velocity, 2 [Chen-Millero, m/s]
# name 26 = gsw_ptA0: potential temperature [ITS-90, deg C]
# name 27 = gsw_densityA0: density, TEOS-10 [density, kg/m^3]
# name 28 = gsw_saA0: Absolute Salinity [g/kg]
# name 29 = flag:
# span 0 =      29032,      55419       
# span 1 =  17.395528,  17.408253       
# span 2 =  -39.54776,  -39.54770       
# span 3 =  -54.39122,  -54.39118       
# span 4 =     -1.648,     -0.039       
# span 5 =    1470.72,    1470.86       
# span 6 =     13.000,   1026.000       
# span 7 =     12.906,   1015.655       
# span 8 =     2.5676,     6.6543       
# span 9 =     2.5700,     6.6788       
# span 10 =    -0.0598,     0.0480      
# span 11 =     2.5012,     6.6532      
# span 12 =     2.5036,     6.6777      
# span 13 =    -0.0598,     0.0480      
# span 14 =   3.109761,   3.415318      
# span 15 =   3.110278,   3.418335      
# span 16 =  -0.004577,   0.004732      
# span 17 =    34.0578,    34.5104      
# span 18 =    34.0641,    34.5147      
# span 19 =     3.8602,     7.5122      
# span 20 =    26.7502,    27.5383      
# span 21 =    26.7532,    27.5415      
# span 22 =    34.0581,    34.5105      
# span 23 =    26.7497,    27.5384      
# span 24 =    1466.86,    1476.78      
# span 25 =    1466.88,    1476.80      
# span 26 =     2.5011,     6.6531      
# span 27 =  1026.8109,  1032.3020      
# span 28 =    34.2190,    34.6764      
# span 29 = 0.0000e+00, 0.0000e+00      
# interval = decibars: 1                
# start_time = Jan 17 2019 09:09:24 [NMEA time, header]
# bad_flag = -9.990e-29
*END*
[from data line 677]
      45712  17.403572  -39.54772  -54.39122     -1.314    1470.86    349.000    346.048     3.3758     3.3788     0.0030     3.3531     3.3561     0.0030   3.143003   3.143708   0.000702    34.1240    34.1294     6.0511    27.1532    27.1571    34.1257    27.1545    1468.58    1468.60     3.3530  1028.7803    34.2874 0.0000e+00
      45732  17.403582  -39.54772  -54.39122     -1.283    1470.86    348.000    345.057     3.3783     3.3814     0.0031     3.3556     3.3587     0.0031   3.143162   3.143868   0.000722    34.1239    34.1293     6.0492    27.1528    27.1568    34.1256    27.1541    1468.57    1468.59     3.3556  1028.7753    34.2872 0.0000e+00
      45753  17.403592  -39.54772  -54.39122     -1.187    1470.86    347.000    344.067     3.3821     3.3835     0.0015     3.3595     3.3609     0.0015   3.143435   3.143998   0.000572    34.1238    34.1292     6.0536    27.1524    27.1565    34.1254    27.1536    1468.57    1468.59     3.3594  1028.7701    34.2871 0.0000e+00
      45776  17.403603  -39.54772  -54.39122     -1.095    1470.86    346.000    343.076     3.3846     3.3870     0.0024     3.3621     3.3644     0.0024   3.143600   3.144271   0.000654    34.1239    34.1293     6.0561    27.1522    27.1563    34.1253    27.1533    1468.57    1468.59     3.3620  1028.7651    34.2869 0.0000e+00
      45802  17.403615  -39.54772  -54.39122     -0.988    1470.86    345.000    342.085     3.3865     3.3902     0.0038     3.3640     3.3678     0.0038   3.143718   3.144467   0.000760    34.1239    34.1291     6.0614    27.1520    27.1558    34.1252    27.1531    1468.56    1468.58     3.3640  1028.7603    34.2869 0.0000e+00
      45832  17.403630  -39.54772  -54.39122     -0.840    1470.86    344.000    341.094     3.3896     3.3918     0.0022     3.3672     3.3694     0.0022   3.143853   3.144515   0.000668    34.1232    34.1289     6.0696    27.1512    27.1555    34.1242    27.1519    1468.56    1468.57     3.3671  1028.7544    34.2858 0.0000e+00
      45862  17.403644  -39.54772  -54.39122     -0.768    1470.86    343.000    340.104     3.3887     3.3892     0.0005     3.3664     3.3669     0.0005   3.143659   3.144143   0.000494    34.1226    34.1280     6.0711    27.1507    27.1550    34.1233    27.1513    1468.53    1468.54     3.3663  1028.7492    34.2849 0.0000e+00
      45886  17.403656  -39.54772  -54.39122     -0.894    1470.86    342.000    339.113     3.3875     3.3875     0.0000     3.3653     3.3653     0.0000   3.143473   3.143905   0.000432    34.1223    34.1275     6.0693    27.1506    27.1547    34.1228    27.1510    1468.51    1468.52     3.3652  1028.7443    34.2845 0.0000e+00
      45906  17.403666  -39.54772  -54.39122     -1.086    1470.86    341.000    338.122     3.3873     3.3896     0.0023     3.3651     3.3673     0.0022   3.143363   3.144044   0.000639    34.1216    34.1270     6.0680    27.1501    27.1541    34.1223    27.1506    1468.49    1468.51     3.3651  1028.7392    34.2839 0.0000e+00
      45924  17.403674  -39.54772  -54.39122     -1.238    1470.86    340.000    337.132     3.3913     3.3979     0.0065     3.3692     3.3757     0.0065   3.143758   3.144733   0.000964    34.1218    34.1265     6.0749    27.1498    27.1530    34.1233    27.1510    1468.50    1468.53     3.3691  1028.7350    34.2850 0.0000e+00
      45943  17.403683  -39.54772  -54.39122     -1.305    1470.86    339.000    336.141     3.3998     3.4063     0.0065     3.3777     3.3842     0.0065   3.144360   3.145322   0.000970    34.1209    34.1257     6.0790    27.1483    27.1515    34.1222    27.1494    1468.51    1468.55     3.3777  1028.7286    34.2839 0.0000e+00
      45964  17.403694  -39.54772  -54.39122     -1.229    1470.86    338.000    335.150     3.4010     3.4070     0.0060     3.3790     3.3849     0.0059   3.144372   3.145287   0.000909    34.1208    34.1255     6.0869    27.1481    27.1513    34.1216    27.1488    1468.50    1468.53     3.3789  1028.7233    34.2833 0.0000e+00
      45991  17.403707  -39.54772  -54.39122     -0.983    1470.86    337.000    334.159     3.4065     3.4078     0.0013     3.3845     3.3858     0.0013   3.144786   3.145326   0.000566    34.1203    34.1258     6.0933    27.1472    27.1514    34.1214    27.1481    1468.51    1468.52     3.3845  1028.7180    34.2830 0.0000e+00
      46024  17.403722  -39.54772  -54.39122     -0.754    1470.86    336.000    333.168     3.4160     3.4105    -0.0055     3.3941     3.3886    -0.0055   3.145514   3.145530   0.000067    34.1192    34.1257     6.0932    27.1454    27.1511    34.1207    27.1466    1468.53    1468.52     3.3940  1028.7117    34.2823 0.0000e+00
      46053  17.403736  -39.54772  -54.39122     -0.787    1470.86    335.000    332.178     3.4232     3.4232     0.0001     3.4013     3.4014     0.0001   3.146042   3.146574   0.000484    34.1186    34.1243     6.0944    27.1442    27.1488    34.1201    27.1454    1468.54    1468.55     3.4013  1028.7059    34.2817 0.0000e+00
      46076  17.403748  -39.54772  -54.39122     -0.933    1470.86    334.000    331.187     3.4308     3.4325     0.0016     3.4090     3.4106     0.0016   3.146597   3.147212   0.000594    34.1180    34.1235     6.0962    27.1430    27.1472    34.1192    27.1440    1468.56    1468.57     3.4089  1028.6997    34.2808 0.0000e+00
      46097  17.403758  -39.54772  -54.39122     -1.072    1470.86    333.000    330.196     3.4318     3.4367     0.0050     3.4100     3.4149     0.0049   3.146632   3.147516   0.000872    34.1180    34.1233     6.1090    27.1429    27.1467    34.1193    27.1439    1468.55    1468.58     3.4099  1028.6950    34.2809 0.0000e+00
      46117  17.403767  -39.54772  -54.39122     -1.161    1470.86    332.000    329.205     3.4361     3.4409     0.0048     3.4144     3.4191     0.0048   3.146956   3.147826   0.000863    34.1178    34.1231     6.1199    27.1423    27.1461    34.1191    27.1434    1468.55    1468.58     3.4143  1028.6898    34.2808 0.0000e+00
      46138  17.403777  -39.54772  -54.39122     -1.180    1470.86    331.000    328.214     3.4408     3.4445     0.0037     3.4191     3.4228     0.0037   3.147299   3.148063   0.000762    34.1176    34.1229     6.1232    27.1418    27.1456    34.1189    27.1428    1468.55    1468.57     3.4191  1028.6845    34.2805 0.0000e+00
      46159  17.403788  -39.54772  -54.39120     -1.154    1470.86    330.000    327.224     3.4431     3.4481     0.0051     3.4215     3.4265     0.0051   3.147421   3.148312   0.000884    34.1172    34.1225     6.1290    27.1412    27.1449    34.1185    27.1422    1468.55    1468.57     3.4214  1028.6793    34.2801 0.0000e+00
      46180  17.403798  -39.54772  -54.39120     -1.140    1470.86    329.000    326.233     3.4481     3.4539     0.0058     3.4266     3.4324     0.0058   3.147823   3.148778   0.000937    34.1172    34.1223     6.1303    27.1407    27.1442    34.1185    27.1418    1468.55    1468.58     3.4265  1028.6742    34.2801 0.0000e+00
      46200  17.403808  -39.54772  -54.39122     -1.156    1470.86    328.000    325.242     3.4533     3.4582     0.0050     3.4318     3.4367     0.0050   3.148227   3.149067   0.000861    34.1169    34.1221     6.1234    27.1400    27.1436    34.1185    27.1413    1468.56    1468.58     3.4318  1028.6690    34.2801 0.0000e+00
      46221  17.403818  -39.54772  -54.39122     -1.168    1470.86    327.000    324.251     3.4585     3.4613     0.0028     3.4371     3.4399     0.0028   3.148597   3.149312   0.000698    34.1165    34.1220     6.1207    27.1392    27.1433    34.1180    27.1403    1468.56    1468.58     3.4370  1028.6634    34.2796 0.0000e+00
      46245  17.403829  -39.54772  -54.39122     -1.081    1470.86    326.000    323.260     3.4630     3.4693     0.0063     3.4416     3.4479     0.0063   3.148934   3.149953   0.001010    34.1165    34.1220     6.1256    27.1387    27.1425    34.1179    27.1398    1468.56    1468.60     3.4416  1028.6582    34.2795 0.0000e+00
      46282  17.403847  -39.54772  -54.39122     -0.739    1470.86    325.000    322.270     3.4803     3.4755    -0.0049     3.4590     3.4541    -0.0049   3.150465   3.150458   0.000037    34.1164    34.1219     6.1313    27.1369    27.1418    34.1187    27.1388    1468.62    1468.61     3.4589  1028.6523    34.2802 0.0000e+00
      46324  17.403867  -39.54772  -54.39121     -0.521    1470.86    324.000    321.279     3.4901     3.4859    -0.0043     3.4688     3.4646    -0.0043   3.151131   3.151230   0.000113    34.1157    34.1216     6.1439    27.1355    27.1405    34.1169    27.1364    1468.64    1468.63     3.4688  1028.6453    34.2785 0.0000e+00
      46347  17.403878  -39.54772  -54.39122     -0.816    1470.86    323.000    320.288     3.4896     3.4903     0.0007     3.4684     3.4691     0.0007   3.151092   3.151657   0.000538    34.1160    34.1217     6.1439    27.1358    27.1402    34.1175    27.1369    1468.63    1468.64     3.4683  1028.6411    34.2791 0.0000e+00
      46364  17.403886  -39.54772  -54.39122     -1.128    1470.86    322.000    319.297     3.4915     3.4958     0.0043     3.4703     3.4746     0.0043   3.151127   3.151978   0.000812    34.1156    34.1208     6.1430    27.1352    27.1390    34.1165    27.1360    1468.62    1468.64     3.4703  1028.6355    34.2781 0.0000e+00
      46379  17.403894  -39.54772  -54.39122     -1.386    1470.86    321.000    318.306     3.4931     3.4965     0.0034     3.4720     3.4754     0.0034   3.151254   3.151899   0.000680    34.1155    34.1201     6.1444    27.1350    27.1384    34.1169    27.1361    1468.61    1468.63     3.4719  1028.6310    34.2785 0.0000e+00
      46393  17.403901  -39.54772  -54.39120     -1.559    1470.86    320.000    317.316     3.4949     3.4952     0.0004     3.4738     3.4742     0.0004   3.151237   3.151686   0.000458    34.1145    34.1196     6.1435    27.1340    27.1381    34.1153    27.1347    1468.60    1468.60     3.4738  1028.6249    34.2769 0.0000e+00
      46409  17.403908  -39.54772  -54.39120     -1.605    1470.86    319.000    316.325     3.4952     3.4968     0.0016     3.4743     3.4757     0.0016   3.151193   3.151761   0.000561    34.1139    34.1190     6.1440    27.1335    27.1375    34.1150    27.1344    1468.58    1468.59     3.4742  1028.6200    34.2765 0.0000e+00
      46428  17.403917  -39.54772  -54.39120     -1.463    1470.86    318.000    315.334     3.4978     3.4989     0.0011     3.4769     3.4780     0.0011   3.151336   3.151877   0.000534    34.1135    34.1188     6.1498    27.1329    27.1371    34.1145    27.1337    1468.58    1468.59     3.4769  1028.6147    34.2761 0.0000e+00
      46457  17.403931  -39.54772  -54.39121     -1.022    1470.86    317.000    314.343     3.5017     3.4999    -0.0019     3.4809     3.4790    -0.0019   3.151636   3.151911   0.000305    34.1133    34.1190     6.1617    27.1324    27.1371    34.1146    27.1334    1468.58    1468.57     3.4808  1028.6097    34.2761 0.0000e+00
      46495  17.403950  -39.54772  -54.39122     -0.611    1470.86    316.000    313.352     3.5069     3.5055    -0.0014     3.4861     3.4847    -0.0014   3.151900   3.152301   0.000385    34.1120    34.1181     6.1747    27.1309    27.1359    34.1128    27.1315    1468.58    1468.58     3.4861  1028.6031    34.2744 0.0000e+00
      46526  17.403964  -39.54772  -54.39121     -0.726    1470.86    315.000    312.361     3.5065     3.5071     0.0006     3.4857     3.4864     0.0006   3.151856   3.152373   0.000511    34.1125    34.1180     6.1729    27.1313    27.1356    34.1133    27.1319    1468.56    1468.57     3.4857  1028.5989    34.2748 0.0000e+00
      46548  17.403975  -39.54772  -54.39120     -0.939    1470.86    314.000    311.370     3.5072     3.5099     0.0027     3.4865     3.4892     0.0027   3.151868   3.152579   0.000685    34.1126    34.1180     6.1759    27.1313    27.1353    34.1132    27.1318    1468.55    1468.57     3.4865  1028.5941    34.2747 0.0000e+00
      46568  17.403985  -39.54772  -54.39120     -1.104    1470.86    313.000    310.380     3.5095     3.5129     0.0033     3.4889     3.4922     0.0033   3.152051   3.152761   0.000714    34.1126    34.1177     6.1759    27.1310    27.1348    34.1135    27.1318    1468.54    1468.56     3.4889  1028.5894    34.2750 0.0000e+00
      46588  17.403994  -39.54772  -54.39120     -1.205    1470.86    312.000    309.388     3.5124     3.5153     0.0029     3.4918     3.4948     0.0029   3.152202   3.152889   0.000673    34.1122    34.1172     6.1789    27.1305    27.1342    34.1129    27.1310    1468.54    1468.56     3.4918  1028.5840    34.2744 0.0000e+00
      46609  17.404005  -39.54772  -54.39120     -1.202    1470.86    311.000    308.398     3.5141     3.5161     0.0021     3.4936     3.4956     0.0020   3.152292   3.152879   0.000598    34.1120    34.1170     6.1842    27.1301    27.1340    34.1127    27.1307    1468.53    1468.54     3.4935  1028.5790    34.2743 0.0000e+00
      46633  17.404016  -39.54772  -54.39120     -1.075    1470.86    310.000    307.407     3.5154     3.5165     0.0011     3.4950     3.4961     0.0011   3.152322   3.152862   0.000539    34.1116    34.1169     6.1849    27.1297    27.1338    34.1122    27.1302    1468.52    1468.53     3.4949  1028.5739    34.2737 0.0000e+00
      46660  17.404029  -39.54772  -54.39120     -0.931    1470.86    309.000    306.416     3.5166     3.5175     0.0009     3.4962     3.4971     0.0009   3.152337   3.152888   0.000547    34.1112    34.1168     6.1872    27.1293    27.1336    34.1117    27.1296    1468.50    1468.51     3.4962  1028.5687    34.2732 0.0000e+00
      46685  17.404041  -39.54772  -54.39120     -0.920    1470.86    308.000    305.425     3.5174     3.5197     0.0023     3.4971     3.4994     0.0023   3.152383   3.153056   0.000655    34.1113    34.1168     6.1846    27.1293    27.1334    34.1119    27.1297    1468.49    1468.51     3.4971  1028.5641    34.2734 0.0000e+00
      46706  17.404052  -39.54772  -54.39120     -1.022    1470.86    307.000    304.434     3.5203     3.5229     0.0026     3.5000     3.5026     0.0026   3.152598   3.153245   0.000651    34.1111    34.1162     6.1887    27.1288    27.1326    34.1120    27.1295    1468.49    1468.50     3.5000  1028.5592    34.2735 0.0000e+00
      46726  17.404061  -39.54772  -54.39120     -1.139    1470.86    306.000    303.443     3.5245     3.5275     0.0030     3.5043     3.5073     0.0030   3.152845   3.153518   0.000681    34.1104    34.1154     6.1951    27.1278    27.1315    34.1112    27.1284    1468.49    1468.51     3.5043  1028.5535    34.2727 0.0000e+00
      46744  17.404070  -39.54772  -54.39120     -1.240    1470.86    305.000    302.452     3.5267     3.5287     0.0019     3.5066     3.5086     0.0019   3.152944   3.153576   0.000623    34.1099    34.1154     6.1901    27.1272    27.1314    34.1105    27.1277    1468.48    1468.49     3.5066  1028.5481    34.2720 0.0000e+00
      46763  17.404079  -39.54772  -54.39120     -1.305    1470.86    304.000    301.461     3.5299     3.5347     0.0049     3.5098     3.5147     0.0049   3.153203   3.154122   0.000879    34.1097    34.1151     6.1906    27.1267    27.1306    34.1108    27.1276    1468.47    1468.50     3.5098  1028.5434    34.2723 0.0000e+00
      46782  17.404088  -39.54772  -54.39120     -1.292    1470.86    303.000    300.470     3.5355     3.5419     0.0065     3.5155     3.5219     0.0065   3.153626   3.154648   0.001003    34.1095    34.1148     6.1937    27.1260    27.1296    34.1106    27.1269    1468.48    1468.52     3.5154  1028.5380    34.2721 0.0000e+00
      46806  17.404100  -39.54772  -54.39120     -1.140    1470.86    302.000    299.479     3.5431     3.5495     0.0064     3.5232     3.5295     0.0063   3.154273   3.155227   0.000966    34.1094    34.1143     6.1997    27.1252    27.1285    34.1109    27.1264    1468.50    1468.53     3.5231  1028.5327    34.2724 0.0000e+00
