Pos-Processados/process_op38/Processamento_split/up/uoperantar38_003.cnv
* Sea-Bird SBE 9 Data File:
* FileName = D:\OPERANTAR_XXXVIII\DADOS\OP38_003.hdr
* Software Version Seasave V 7.12
* Temperature SN = 4808
* Conductivity SN = 3380
* Number of Bytes Per Scan = 31
* Number of Voltage Words = 2
* Number of Scans Averaged by the Deck Unit = 1
* NMEA Latitude = 39 32.86 S
* NMEA Longitude = 054 23.47 W
* NMEA UTC (Time) = Jan 17 2019 09:09:24
** H41
** NAVIO POLAR ALMIRANTE MAXIMIANO
** CRUZEIRO:
** OPERANTAR XXXVIII
** ESTAวรO: OP38_003
** LAT 39บ 32,87' S
** LONG 054บ 23,45' W
** 09P73767-1155
** PROFUNDIDADE: 2920 m
** DATA/HORA: 170909Z/OUT/2019
** OPERADOR: SO-HN CHAVES
# nquan = 30
# nvalues = 1014                        
# units = specified
# name 0 = scan: Scan Count
# name 1 = timeJ: Julian Days
# name 2 = latitude: Latitude [deg]
# name 3 = longitude: Longitude [deg]
# name 4 = dz/dtM: Descent Rate [m/s]
# name 5 = avgsvCM: Average Sound Velocity [Chen-Millero, m/s]
# name 6 = prDM: Pressure, Digiquartz [db]
# name 7 = depSM: Depth [salt water, m]
# name 8 = t090C: Temperature [ITS-90, deg C]
# name 9 = t190C: Temperature, 2 [ITS-90, deg C]
# name 10 = T2-T190C: Temperature Difference, 2 - 1 [ITS-90, deg C]
# name 11 = potemp090C: Potential Temperature [ITS-90, deg C]
# name 12 = potemp190C: Potential Temperature, 2 [ITS-90, deg C]
# name 13 = potemp90Cdiff: Potential Temperature, Diff, 2 - 1 [ITS-90, deg C]
# name 14 = c0S/m: Conductivity [S/m]
# name 15 = c1S/m: Conductivity, 2 [S/m]
# name 16 = C2-C1S/m: Conductivity Difference, 2 - 1 [S/m]
# name 17 = sal00: Salinity, Practical [PSU]
# name 18 = sal11: Salinity, Practical, 2 [PSU]
# name 19 = sbeox0ML/L: Oxygen, SBE 43 [ml/l]
# name 20 = sigma-้00: Density [sigma-theta, kg/m^3]
# name 21 = sigma-้11: Density, 2 [sigma-theta, kg/m^3]
# name 22 = sal00: Salinity, Practical [PSU]
# name 23 = sigma-้00: Density [sigma-theta, kg/m^3]
# name 24 = svCM: Sound Velocity [Chen-Millero, m/s]
# name 25 = svCM1: Sound Velocity, 2 [Chen-Millero, m/s]
# name 26 = gsw_ptA0: potential temperature [ITS-90, deg C]
# name 27 = gsw_densityA0: density, TEOS-10 [density, kg/m^3]
# name 28 = gsw_saA0: Absolute Salinity [g/kg]
# name 29 = flag:
# span 0 =      29032,      55419       
# span 1 =  17.395528,  17.408253       
# span 2 =  -39.54776,  -39.54770       
# span 3 =  -54.39122,  -54.39118       
# span 4 =     -1.648,     -0.039       
# span 5 =    1470.72,    1470.86       
# span 6 =     13.000,   1026.000       
# span 7 =     12.906,   1015.655       
# span 8 =     2.5676,     6.6543       
# span 9 =     2.5700,     6.6788       
# span 10 =    -0.0598,     0.0480      
# span 11 =     2.5012,     6.6532      
# span 12 =     2.5036,     6.6777      
# span 13 =    -0.0598,     0.0480      
# span 14 =   3.109761,   3.415318      
# span 15 =   3.110278,   3.418335      
# span 16 =  -0.004577,   0.004732      
# span 17 =    34.0578,    34.5104      
# span 18 =    34.0641,    34.5147      
# span 19 =     3.8602,     7.5122      
# span 20 =    26.7502,    27.5383      
# span 21 =    26.7532,    27.5415      
# span 22 =    34.0581,    34.5105      
# span 23 =    26.7497,    27.5384      
# span 24 =    1466.86,    1476.78      
# span 25 =    1466.88,    1476.80      
# span 26 =     2.5011,     6.6531      
# span 27 =  1026.8109,  1032.3020      
# span 28 =    34.2190,    34.6764      
# span 29 = 0.0000e+00, 0.0000e+00      
# interval = decibars: 1                
# start_time = Jan 17 2019 09:09:24 [NMEA time, header]
# bad_flag = -9.990e-29
*END*
[from data line 387]
      38849  17.400262 -9.990e-29  -54.39120     -1.296    1470.86    639.000    633.153     2.8658     2.8663     0.0005     2.8252     2.8256     0.0005   3.124114   3.124514   0.000432    34.2804    34.2851     4.8637    27.3263    27.3300    34.2800    27.3260    1471.37    1471.38     2.8251  1030.3002    34.4420 0.0000e+00
      38869  17.400272 -9.990e-29  -54.39120     -1.240    1470.86    638.000    632.164     2.8619     2.8606    -0.0013     2.8213     2.8201    -0.0012   3.123452   3.123684   0.000206    34.2781    34.2819     4.8710    27.3248    27.3280    34.2766    27.3236    1471.33    1471.33     2.8213  1030.2933    34.4386 0.0000e+00
      38891  17.400283 -9.990e-29  -54.39120     -1.149    1470.86    637.000    631.175     2.8563     2.8539    -0.0024     2.8158     2.8134    -0.0024   3.122771   3.122756   0.000041    34.2756    34.2787     4.8766    27.3233    27.3260    34.2748    27.3226    1471.29    1471.28     2.8158  1030.2878    34.4367 0.0000e+00
      38920  17.400297  -39.54772  -54.39120     -0.935    1470.86    636.000    630.185     2.8488     2.8450    -0.0039     2.8085     2.8046    -0.0038   3.121683   3.121695  -0.000045    34.2718    34.2753     4.8851    27.3209    27.3240    34.2699    27.3194    1471.24    1471.23     2.8084  1030.2807    34.4326 0.0000e+00
      38956  17.400314  -39.54772  -54.39120     -0.673    1470.86    635.000    629.196     2.8331     2.8354     0.0023     2.7929     2.7952     0.0023   3.119856   3.120424   0.000599    34.2665    34.2713     4.9069    27.3181    27.3217    34.2649    27.3168    1471.14    1471.16     2.7928  1030.2742    34.4281 0.0000e+00
      38987  17.400329  -39.54774  -54.39120     -0.712    1470.86    634.000    628.207     2.8244     2.8247     0.0003     2.7844     2.7846     0.0003   3.118754   3.119167   0.000416    34.2627    34.2675     4.9295    27.3158    27.3196    34.2612    27.3146    1471.09    1471.09     2.7843  1030.2674    34.4243 0.0000e+00
      39009  17.400340  -39.54774  -54.39120     -0.935    1470.86    633.000    627.217     2.8212     2.8196    -0.0016     2.7812     2.7796    -0.0016   3.118357   3.118533   0.000192    34.2618    34.2658     4.9559    27.3153    27.3187    34.2603    27.3142    1471.06    1471.05     2.7812  1030.2625    34.4235 0.0000e+00
      39028  17.400349  -39.54774  -54.39120     -1.156    1470.86    632.000    626.227     2.8163     2.8141    -0.0022     2.7764     2.7743    -0.0022   3.117715   3.117851   0.000140    34.2600    34.2640     4.9781    27.3143    27.3177    34.2582    27.3129    1471.01    1471.01     2.7764  1030.2567    34.4213 0.0000e+00
      39045  17.400357  -39.54774  -54.39120     -1.318    1470.86    631.000    625.238     2.8124     2.8114    -0.0010     2.7727     2.7716    -0.0010   3.117264   3.117531   0.000247    34.2588    34.2630     4.9963    27.3137    27.3171    34.2573    27.3125    1470.98    1470.98     2.7726  1030.2518    34.4205 0.0000e+00
      39062  17.400365  -39.54774  -54.39120     -1.406    1470.86    630.000    624.249     2.8110     2.8112     0.0003     2.7713     2.7715     0.0002   3.117052   3.117453   0.000393    34.2580    34.2625     5.0098    27.3132    27.3168    34.2568    27.3122    1470.96    1470.96     2.7713  1030.2468    34.4199 0.0000e+00
      39081  17.400374  -39.54774  -54.39120     -1.354    1470.86    629.000    623.260     2.8106     2.8110     0.0003     2.7710     2.7713     0.0003   3.116969   3.117382   0.000411    34.2578    34.2624     5.0171    27.3130    27.3167    34.2567    27.3122    1470.94    1470.94     2.7709  1030.2422    34.4199 0.0000e+00
      39109  17.400388  -39.54772  -54.39120     -1.025    1470.86    628.000    622.270     2.8101     2.8113     0.0011     2.7705     2.7717     0.0011   3.116877   3.117367   0.000483    34.2575    34.2622     5.0256    27.3129    27.3165    34.2567    27.3122    1470.92    1470.93     2.7705  1030.2376    34.4198 0.0000e+00
      39147  17.400406  -39.54772  -54.39120     -0.630    1470.86    627.000    621.281     2.8101     2.8109     0.0008     2.7706     2.7714     0.0008   3.116774   3.117275   0.000498    34.2567    34.2619     5.0360    27.3122    27.3163    34.2560    27.3117    1470.90    1470.91     2.7705  1030.2324    34.4191 0.0000e+00
      39175  17.400420  -39.54774  -54.39120     -0.750    1470.86    626.000    620.291     2.8099     2.8112     0.0013     2.7705     2.7718     0.0013   3.116727   3.117248   0.000519    34.2567    34.2616     5.0324    27.3122    27.3160    34.2561    27.3117    1470.88    1470.90     2.7704  1030.2279    34.4193 0.0000e+00
      39196  17.400430  -39.54774  -54.39120     -0.993    1470.86    625.000    619.302     2.8108     2.8120     0.0012     2.7714     2.7726     0.0012   3.116742   3.117255   0.000509    34.2564    34.2613     5.0342    27.3119    27.3157    34.2559    27.3115    1470.87    1470.89     2.7714  1030.2230    34.4190 0.0000e+00
      39218  17.400440  -39.54774  -54.39120     -1.125    1470.86    624.000    618.313     2.8108     2.8120     0.0012     2.7715     2.7727     0.0012   3.116703   3.117198   0.000490    34.2565    34.2611     5.0387    27.3119    27.3155    34.2560    27.3116    1470.86    1470.87     2.7714  1030.2184    34.4191 0.0000e+00
      39241  17.400452  -39.54774  -54.39120     -1.079    1470.86    623.000    617.323     2.8110     2.8122     0.0013     2.7717     2.7730     0.0012   3.116670   3.117171   0.000504    34.2563    34.2611     5.0389    27.3117    27.3155    34.2559    27.3115    1470.84    1470.85     2.7717  1030.2138    34.4190 0.0000e+00
      39270  17.400465  -39.54774  -54.39120     -0.894    1470.86    622.000    616.334     2.8107     2.8118     0.0011     2.7716     2.7726     0.0011   3.116608   3.117094   0.000482    34.2563    34.2611     5.0357    27.3118    27.3155    34.2560    27.3115    1470.82    1470.83     2.7715  1030.2092    34.4190 0.0000e+00
      39298  17.400479  -39.54774  -54.39120     -0.837    1470.86    621.000    615.344     2.8105     2.8117     0.0012     2.7713     2.7726     0.0012   3.116529   3.117062   0.000528    34.2561    34.2613     5.0333    27.3117    27.3157    34.2558    27.3114    1470.80    1470.82     2.7713  1030.2044    34.4189 0.0000e+00
      39320  17.400490  -39.54774  -54.39120     -0.965    1470.86    620.000    614.355     2.8116     2.8144     0.0027     2.7726     2.7753     0.0027   3.116652   3.117304   0.000653    34.2565    34.2615     5.0351    27.3118    27.3157    34.2566    27.3120    1470.79    1470.81     2.7725  1030.2003    34.4197 0.0000e+00
      39341  17.400499  -39.54774  -54.39120     -1.108    1470.86    619.000    613.366     2.8142     2.8159     0.0017     2.7752     2.7768     0.0017   3.116837   3.117384   0.000547    34.2567    34.2616     5.0375    27.3118    27.3156    34.2567    27.3118    1470.79    1470.80     2.7751  1030.1955    34.4198 0.0000e+00
      39362  17.400510  -39.54774  -54.39120     -1.142    1470.86    618.000    612.376     2.8151     2.8161     0.0010     2.7762     2.7772     0.0010   3.116846   3.117322   0.000475    34.2566    34.2613     5.0381    27.3116    27.3152    34.2563    27.3114    1470.78    1470.79     2.7761  1030.1905    34.4194 0.0000e+00
      39386  17.400521  -39.54774  -54.39120     -1.057    1470.86    617.000    611.387     2.8147     2.8142    -0.0005     2.7758     2.7753    -0.0005   3.116720   3.116988   0.000290    34.2560    34.2601     5.0371    27.3112    27.3145    34.2558    27.3110    1470.76    1470.76     2.7758  1030.1855    34.4189 0.0000e+00
      39414  17.400535  -39.54774  -54.39120     -0.922    1470.86    616.000    610.397     2.8115     2.8089    -0.0026     2.7727     2.7702    -0.0026   3.116246   3.116319   0.000085    34.2546    34.2584     5.0373    27.3103    27.3136    34.2540    27.3098    1470.72    1470.72     2.7727  1030.1797    34.4170 0.0000e+00
      39443  17.400549  -39.54774  -54.39120     -0.817    1470.86    615.000    609.408     2.8039     2.8035    -0.0004     2.7652     2.7649    -0.0004   3.115314   3.115646   0.000345    34.2523    34.2569     5.0369    27.3091    27.3128    34.2512    27.3083    1470.67    1470.68     2.7652  1030.1737    34.4142 0.0000e+00
      39471  17.400562  -39.54774  -54.39120     -0.845    1470.86    614.000    608.418     2.7954     2.7916    -0.0038     2.7569     2.7531    -0.0038   3.114287   3.114290 -4.832e-07    34.2497    34.2537     5.0409    27.3078    27.3114    34.2482    27.3066    1470.61    1470.60     2.7568  1030.1675    34.4112 0.0000e+00
      39497  17.400575  -39.54774  -54.39120     -0.910    1470.86    613.000    607.429     2.7882     2.7877    -0.0005     2.7497     2.7492    -0.0005   3.113562   3.113881   0.000317    34.2484    34.2528     5.0534    27.3074    27.3109    34.2476    27.3067    1470.57    1470.57     2.7497  1030.1632    34.4106 0.0000e+00
      39521  17.400586  -39.54773  -54.39120     -0.974    1470.86    612.000    606.440     2.7878     2.7871    -0.0007     2.7494     2.7488    -0.0007   3.113474   3.113787   0.000307    34.2482    34.2526     5.0676    27.3073    27.3109    34.2475    27.3067    1470.55    1470.55     2.7493  1030.1585    34.4105 0.0000e+00
      39547  17.400599  -39.54772  -54.39120     -0.959    1470.86    611.000    605.450     2.7866     2.7861    -0.0005     2.7483     2.7478    -0.0005   3.113304   3.113613   0.000311    34.2479    34.2523     5.0821    27.3071    27.3107    34.2472    27.3065    1470.53    1470.53     2.7483  1030.1537    34.4102 0.0000e+00
      39576  17.400613  -39.54772  -54.39120     -0.853    1470.86    610.000    604.461     2.7849     2.7850     0.0001     2.7467     2.7468     0.0001   3.113078   3.113478   0.000390    34.2474    34.2520     5.0992    27.3068    27.3105    34.2467    27.3063    1470.50    1470.51     2.7466  1030.1489    34.4097 0.0000e+00
      39604  17.400627  -39.54774  -54.39120     -0.808    1470.86    609.000    603.471     2.7843     2.7848     0.0005     2.7462     2.7467     0.0005   3.112972   3.113392   0.000421    34.2472    34.2518     5.1008    27.3067    27.3104    34.2466    27.3063    1470.48    1470.49     2.7461  1030.1443    34.4096 0.0000e+00
      39626  17.400637  -39.54774  -54.39120     -0.964    1470.86    608.000    602.482     2.7818     2.7817    -0.0001     2.7437     2.7437    -0.0001   3.112625   3.112977   0.000362    34.2465    34.2511     5.1016    27.3064    27.3101    34.2455    27.3056    1470.45    1470.46     2.7437  1030.1390    34.4085 0.0000e+00
      39644  17.400646  -39.54774  -54.39120     -1.164    1470.86    607.000    601.492     2.7772     2.7757    -0.0015     2.7392     2.7377    -0.0015   3.112095   3.112303   0.000222    34.2457    34.2500     5.1041    27.3061    27.3097    34.2445    27.3052    1470.42    1470.42     2.7392  1030.1341    34.4075 0.0000e+00
      39662  17.400654  -39.54774  -54.39120     -1.303    1470.86    606.000    600.503     2.7725     2.7706    -0.0019     2.7345     2.7327    -0.0019   3.111530   3.111696   0.000162    34.2446    34.2485     5.1019    27.3056    27.3090    34.2432    27.3046    1470.38    1470.37     2.7345  1030.1289    34.4062 0.0000e+00
      39680  17.400663  -39.54774  -54.39120     -1.348    1470.86    605.000    599.513     2.7676     2.7642    -0.0034     2.7298     2.7265    -0.0034   3.110936   3.110964   0.000035    34.2433    34.2473     5.1048    27.3050    27.3085    34.2416    27.3037    1470.34    1470.33     2.7298  1030.1234    34.4046 0.0000e+00
      39703  17.400674  -39.54774  -54.39120     -1.215    1470.86    604.000    598.524     2.7614     2.7609    -0.0005     2.7237     2.7232    -0.0005   3.110303   3.110640   0.000335    34.2422    34.2468     5.1107    27.3047    27.3084    34.2410    27.3038    1470.29    1470.30     2.7236  1030.1190    34.4040 0.0000e+00
      39730  17.400687  -39.54774  -54.39120     -0.946    1470.86    603.000    597.534     2.7590     2.7595     0.0006     2.7214     2.7219     0.0006   3.109983   3.110454   0.000450    34.2413    34.2462     5.1149    27.3042    27.3081    34.2402    27.3034    1470.27    1470.28     2.7213  1030.1140    34.4032 0.0000e+00
      39757  17.400700  -39.54773  -54.39120     -0.870    1470.86    602.000    596.545     2.7580     2.7593     0.0013     2.7204     2.7217     0.0013   3.109796   3.110311   0.000510    34.2403    34.2452     5.1304    27.3035    27.3073    34.2395    27.3029    1470.24    1470.26     2.7204  1030.1089    34.4025 0.0000e+00
      39781  17.400712  -39.54772  -54.39120     -0.962    1470.86    601.000    595.555     2.7584     2.7610     0.0027     2.7209     2.7235     0.0027   3.109761   3.110358   0.000586    34.2398    34.2441     5.1375    27.3030    27.3062    34.2392    27.3026    1470.23    1470.25     2.7209  1030.1040    34.4022 0.0000e+00
      39805  17.400724  -39.54773  -54.39120     -1.001    1470.86    600.000    594.566     2.7606     2.7624     0.0018     2.7232     2.7249     0.0017   3.109862   3.110408   0.000544    34.2390    34.2438     5.1413    27.3022    27.3059    34.2386    27.3019    1470.22    1470.24     2.7231  1030.0986    34.4015 0.0000e+00
      39835  17.400738  -39.54774  -54.39120     -0.868    1470.86    599.000    593.576     2.7617     2.7633     0.0016     2.7243     2.7259     0.0016   3.109912   3.110438   0.000527    34.2389    34.2436     5.1573    27.3020    27.3057    34.2386    27.3018    1470.21    1470.22     2.7243  1030.0939    34.4015 0.0000e+00
      39864  17.400752  -39.54774  -54.39120     -0.793    1470.86    598.000    592.587     2.7632     2.7634     0.0002     2.7259     2.7261     0.0002   3.109957   3.110370   0.000419    34.2383    34.2432     5.1627    27.3014    27.3053    34.2381    27.3012    1470.20    1470.21     2.7259  1030.0886    34.4010 0.0000e+00
      39887  17.400763  -39.54774  -54.39120     -0.935    1470.86    597.000    591.597     2.7632     2.7637     0.0005     2.7260     2.7265     0.0005   3.109877   3.110278   0.000391    34.2380    34.2422     5.1647    27.3012    27.3045    34.2376    27.3009    1470.18    1470.19     2.7259  1030.0837    34.4006 0.0000e+00
      39907  17.400773  -39.54774  -54.39120     -1.108    1470.86    596.000    590.608     2.7652     2.7700     0.0048     2.7280     2.7328     0.0048   3.109998   3.110865   0.000809    34.2371    34.2420     5.1647    27.3003    27.3037    34.2376    27.3006    1470.17    1470.20     2.7280  1030.0788    34.4005 0.0000e+00
      39927  17.400782  -39.54774  -54.39120     -1.183    1470.86    595.000    589.618     2.7734     2.7856     0.0122     2.7363     2.7484     0.0121   3.110640   3.112160   0.001425    34.2368    34.2412     5.1649    27.2992    27.3018    34.2372    27.2996    1470.19    1470.25     2.7362  1030.0730    34.4001 0.0000e+00
      39950  17.400793  -39.54774  -54.39120     -1.132    1470.86    594.000    588.629     2.7800     2.7937     0.0137     2.7429     2.7565     0.0137   3.111210   3.112720   0.001510    34.2367    34.2406     5.1635    27.2986    27.3006    34.2377    27.2995    1470.21    1470.27     2.7428  1030.0681    34.4006 0.0000e+00
      39972  17.400804  -39.54774  -54.39120     -1.060    1470.86    593.000    587.639     2.7886     2.7992     0.0106     2.7515     2.7620     0.0105   3.111909   3.113197   0.001263    34.2364    34.2406     5.1586    27.2977    27.3001    34.2377    27.2987    1470.22    1470.28     2.7515  1030.0625    34.4006 0.0000e+00
      39992  17.400814  -39.54774  -54.39120     -1.108    1470.86    592.000    586.650     2.7993     2.8079     0.0085     2.7623     2.7708     0.0085   3.112851   3.113843   0.001062    34.2362    34.2401     5.1627    27.2965    27.2989    34.2383    27.2983    1470.26    1470.30     2.7622  1030.0573    34.4012 0.0000e+00
