Pos-Processados/process_op38/Processamento_split/up/uoperantar38_004.cnv
* Sea-Bird SBE 9 Data File:
* FileName = D:\OPERANTAR_XXXVIII\DADOS\OP38_004.hdr
* Software Version Seasave V 7.12
* Temperature SN = 4808
* Conductivity SN = 3380
* Number of Bytes Per Scan = 31
* Number of Voltage Words = 2
* Number of Scans Averaged by the Deck Unit = 1
* NMEA Latitude = 39 58.92 S
* NMEA Longitude = 054 59.71 W
* NMEA UTC (Time) = Oct 17 2019 15:31:47
** H41
** NAVIO POLAR ALMIRANTE MAXIMIANO
** CRUZEIRO:
** OPERANTAR XXXVIII
** ESTAวรO: OP38_004
** LAT 39บ 58,96'S
** LONG 054บ 59,70'W
** 09P73767-1155
** PROFUNDIDADE: 1627 m
** DATA/HORA: 171533Z/OUT/2019
** OPERADOR: SO-HN CHAVES
# nquan = 32
# nvalues = 1017                        
# units = specified
# name 0 = scan: Scan Count
# name 1 = timeJ: Julian Days
# name 2 = latitude: Latitude [deg]
# name 3 = longitude: Longitude [deg]
# name 4 = dz/dtM: Descent Rate [m/s]
# name 5 = avgsvCM: Average Sound Velocity [Chen-Millero, m/s]
# name 6 = prDM: Pressure, Digiquartz [db]
# name 7 = depSM: Depth [salt water, m]
# name 8 = t090C: Temperature [ITS-90, deg C]
# name 9 = t190C: Temperature, 2 [ITS-90, deg C]
# name 10 = T2-T190C: Temperature Difference, 2 - 1 [ITS-90, deg C]
# name 11 = potemp090C: Potential Temperature [ITS-90, deg C]
# name 12 = potemp190C: Potential Temperature, 2 [ITS-90, deg C]
# name 13 = potemp90Cdiff: Potential Temperature, Diff, 2 - 1 [ITS-90, deg C]
# name 14 = c0S/m: Conductivity [S/m]
# name 15 = c1S/m: Conductivity, 2 [S/m]
# name 16 = C2-C1S/m: Conductivity Difference, 2 - 1 [S/m]
# name 17 = sal00: Salinity, Practical [PSU]
# name 18 = sal11: Salinity, Practical, 2 [PSU]
# name 19 = sbeox0ML/L: Oxygen, SBE 43 [ml/l]
# name 20 = sbeox1ML/L: Oxygen, SBE 43, 2 [ml/l]
# name 21 = sbeox0ML/Ldiff: Oxygen, SBE 43, Diff, 2 - 1 [ml/l]
# name 22 = sigma-้00: Density [sigma-theta, kg/m^3]
# name 23 = sigma-้11: Density, 2 [sigma-theta, kg/m^3]
# name 24 = sal00: Salinity, Practical [PSU]
# name 25 = sigma-้00: Density [sigma-theta, kg/m^3]
# name 26 = svCM: Sound Velocity [Chen-Millero, m/s]
# name 27 = svCM1: Sound Velocity, 2 [Chen-Millero, m/s]
# name 28 = gsw_ptA0: potential temperature [ITS-90, deg C]
# name 29 = gsw_densityA0: density, TEOS-10 [density, kg/m^3]
# name 30 = gsw_saA0: Absolute Salinity [g/kg]
# name 31 = flag:
# span 0 =      30016,      65770       
# span 1 = 290.661546, 290.678789       
# span 2 =  -39.97842,  -39.97412       
# span 3 =  -54.99522,  -54.99512       
# span 4 =     -1.536,     -0.154       
# span 5 =    1470.62,    1470.62       
# span 6 =      3.000,   1019.000       
# span 7 =      2.997,   1008.721       
# span 8 =     2.5352,     6.8353       
# span 9 =     2.5359,     6.8372       
# span 10 =    -0.0550,     0.0591      
# span 11 =     2.4696,     6.8350      
# span 12 =     2.4702,     6.8369      
# span 13 =    -0.0548,     0.0591      
# span 14 =   3.105652,   3.430393      
# span 15 =   3.106098,   3.431200      
# span 16 =  -0.004683,   0.005548      
# span 17 =    34.0581,    34.5222      
# span 18 =    34.0640,    34.5269      
# span 19 =     3.8559,     7.3579      
# span 20 =     3.6852,     7.0459      
# span 21 =    -0.3776,    -0.1630      
# span 22 =    26.7168,    27.5504      
# span 23 =    26.7221,    27.5542      
# span 24 =    34.0568,    34.5222      
# span 25 =    26.7183,    27.5504      
# span 26 =    1466.60,    1476.95      
# span 27 =    1466.62,    1476.95      
# span 28 =     2.4695,     6.8350      
# span 29 =  1026.7336,  1032.2831      
# span 30 =    34.2180,    34.6886      
# span 31 = 0.0000e+00, 0.0000e+00      
# interval = decibars: 1                
# start_time = Oct 17 2019 15:31:47 [NMEA time, header]
# bad_flag = -9.990e-29
*END*
[from data line 363]
      39221 290.665986 -9.990e-29  -54.99520     -1.061    1470.62    656.000    649.946     2.8527     2.8541     0.0014     2.8109     2.8123     0.0014   3.129417   3.129981   0.000560    34.3490    34.3544     4.4510     4.2536    -0.1974    27.3824    27.3865    34.3493    27.3826    1471.68    1471.70     2.8108  1030.4352    34.5116 0.0000e+00
      39241 290.665995  -39.97724  -54.99520     -1.141    1470.62    655.000    648.957     2.8547     2.8556     0.0010     2.8129     2.8139     0.0010   3.129524   3.130050   0.000526    34.3489    34.3542     4.4535     4.2555    -0.1980    27.3821    27.3863    34.3491    27.3823    1471.68    1471.69     2.8129  1030.4309    34.5123 0.0000e+00
      39262 290.666006  -39.97724  -54.99520     -1.161    1470.62    654.000    647.967     2.8553     2.8562     0.0009     2.8136     2.8145     0.0009   3.129532   3.130030   0.000497    34.3488    34.3539     4.4573     4.2558    -0.2015    27.3820    27.3859    34.3491    27.3822    1471.66    1471.67     2.8135  1030.4267    34.5129 0.0000e+00
      39287 290.666017  -39.97724  -54.99520     -1.069    1470.62    653.000    646.978     2.8570     2.8587     0.0017     2.8153     2.8171     0.0017   3.129587   3.130086   0.000504    34.3482    34.3525     4.4554     4.2545    -0.2010    27.3813    27.3846    34.3485    27.3816    1471.65    1471.67     2.8153  1030.4214    34.5123 0.0000e+00
      39316 290.666032  -39.97724  -54.99520     -0.867    1470.62    652.000    645.989     2.8587     2.8591     0.0005     2.8171     2.8176     0.0005   3.129609   3.130074   0.000470    34.3472    34.3524     4.4504     4.2550    -0.1954    27.3803    27.3845    34.3475    27.3806    1471.64    1471.65     2.8170  1030.4158    34.5113 0.0000e+00
      39348 290.666047  -39.97724  -54.99520     -0.752    1470.62    651.000    645.000     2.8606     2.8608     0.0002     2.8191     2.8193     0.0002   3.129640   3.130100   0.000460    34.3461    34.3515     4.4513     4.2545    -0.1968    27.3793    27.3836    34.3463    27.3795    1471.63    1471.64     2.8190  1030.4101    34.5102 0.0000e+00
      39375 290.666060  -39.97724  -54.99520     -0.835    1470.62    650.000    644.010     2.8608     2.8614     0.0006     2.8193     2.8199     0.0006   3.129609   3.130060   0.000454    34.3461    34.3510     4.4609     4.2615    -0.1994    27.3793    27.3832    34.3463    27.3795    1471.62    1471.63     2.8193  1030.4054    34.5101 0.0000e+00
      39398 290.666071  -39.97724  -54.99520     -0.973    1470.62    649.000    643.021     2.8609     2.8615     0.0006     2.8195     2.8201     0.0006   3.129543   3.129984   0.000441    34.3458    34.3505     4.4689     4.2627    -0.2062    27.3790    27.3828    34.3459    27.3792    1471.60    1471.61     2.8194  1030.4005    34.5097 0.0000e+00
      39420 290.666082  -39.97724  -54.99520     -1.059    1470.62    648.000    642.032     2.8608     2.8615     0.0007     2.8195     2.8202     0.0007   3.129460   3.129926   0.000461    34.3454    34.3502     4.4746     4.2692    -0.2054    27.3787    27.3825    34.3455    27.3789    1471.58    1471.59     2.8194  1030.3955    34.5094 0.0000e+00
      39443 290.666093  -39.97724  -54.99520     -1.073    1470.62    647.000    641.043     2.8610     2.8618     0.0009     2.8197     2.8206     0.0008   3.129400   3.129869   0.000474    34.3450    34.3499     4.4746     4.2737    -0.2008    27.3784    27.3822    34.3451    27.3785    1471.57    1471.58     2.8197  1030.3898    34.5080 0.0000e+00
      39467 290.666104 -9.990e-29  -54.99520     -1.027    1470.62    646.000    640.053     2.8614     2.8623     0.0008     2.8202     2.8211     0.0008   3.129317   3.129670   0.000354    34.3442    34.3476     4.4759     4.2757    -0.2002    27.3777    27.3804    34.3442    27.3777    1471.55    1471.56     2.8202  1030.3839    34.5065 0.0000e+00
      39492 290.666116 -9.990e-29  -54.99520     -0.974    1470.62    645.000    639.064     2.8620     2.8629     0.0008     2.8210     2.8217     0.0008   3.129147   3.129524   0.000384    34.3419    34.3457     4.4767     4.2789    -0.1979    27.3758    27.3788    34.3420    27.3759    1471.53    1471.54     2.8209  1030.3775    34.5043 0.0000e+00
      39516 290.666128 -9.990e-29  -54.99520     -0.969    1470.62    644.000    638.075     2.8626     2.8630     0.0005     2.8216     2.8220     0.0004   3.128953   3.129264   0.000324    34.3396    34.3431     4.4779     4.2804    -0.1975    27.3740    27.3767    34.3395    27.3739    1471.52    1471.52     2.8215  1030.3709    34.5018 0.0000e+00
      39539 290.666139  -39.97722  -54.99520     -1.020    1470.62    643.000    637.086     2.8624     2.8625     0.0001     2.8214     2.8215     0.0001   3.128626   3.128931   0.000291    34.3366    34.3400     4.4800     4.2857    -0.1943    27.3715    27.3742    34.3363    27.3713    1471.50    1471.50     2.8214  1030.3642    34.4992 0.0000e+00
      39559 290.666149  -39.97722  -54.99520     -1.114    1470.62    642.000    636.096     2.8617     2.8617    -0.0000     2.8209     2.8208    -0.0001   3.128341   3.128677   0.000332    34.3343    34.3385     4.4869     4.2938    -0.1931    27.3698    27.3731    34.3341    27.3696    1471.47    1471.48     2.8208  1030.3586    34.4978 0.0000e+00
      39578 290.666158  -39.97720  -54.99520     -1.203    1470.62    641.000    635.107     2.8604     2.8600    -0.0004     2.8196     2.8192    -0.0004   3.128004   3.128331   0.000331    34.3324    34.3369     4.4998     4.3040    -0.1958    27.3684    27.3719    34.3319    27.3680    1471.45    1471.45     2.8196  1030.3524    34.4957 0.0000e+00
      39597 290.666167  -39.97720  -54.99520     -1.243    1470.62    640.000    634.118     2.8565     2.8549    -0.0016     2.8158     2.8142    -0.0016   3.127386   3.127534   0.000168    34.3299    34.3336     4.5215     4.3185    -0.2031    27.3667    27.3698    34.3291    27.3660    1471.41    1471.41     2.8157  1030.3459    34.4928 0.0000e+00
      39620 290.666178  -39.97720  -54.99520     -1.169    1470.62    639.000    633.129     2.8525     2.8485    -0.0040     2.8119     2.8079    -0.0040   3.126801   3.126571  -0.000167    34.3274    34.3296     4.5406     4.3319    -0.2087    27.3651    27.3672    34.3267    27.3645    1471.38    1471.36     2.8118  1030.3398    34.4904 0.0000e+00
      39653 290.666194  -39.97720  -54.99520     -0.829    1470.62    638.000    632.140     2.8442     2.8453     0.0011     2.8037     2.8048     0.0011   3.125505   3.126212   0.000634    34.3219    34.3284     4.5633     4.3509    -0.2124    27.3613    27.3665    34.3203    27.3601    1471.31    1471.33     2.8036  1030.3310    34.4840 0.0000e+00
      39690 290.666212  -39.97720  -54.99520     -0.614    1470.62    637.000    631.148     2.8312     2.8371     0.0059     2.7908     2.7967     0.0059   3.123744   3.124989   0.001223    34.3143    34.3229     4.5884     4.3771    -0.2114    27.3564    27.3628    34.3132    27.3556    1471.23    1471.27     2.7908  1030.3221    34.4768 0.0000e+00
      39716 290.666225  -39.97720  -54.99520     -0.806    1470.62    636.000    630.161     2.8315     2.8320     0.0005     2.7912     2.7917     0.0005   3.123781   3.124099   0.000401    34.3147    34.3191     4.6132     4.4005    -0.2127    27.3568    27.3602    34.3139    27.3560    1471.22    1471.22     2.7911  1030.3179    34.4775 0.0000e+00
      39739 290.666235  -39.97720  -54.99520     -1.002    1470.62    635.000    629.171     2.8279     2.8264    -0.0014     2.7877     2.7862    -0.0014   3.123113   3.123160   0.000057    34.3111    34.3133     4.6470     4.4121    -0.2348    27.3541    27.3560    34.3101    27.3533    1471.18    1471.18     2.7876  1030.3107    34.4737 0.0000e+00
      39761 290.666246  -39.97720  -54.99520     -1.087    1470.62    634.000    628.182     2.8273     2.8256    -0.0017     2.7872     2.7855    -0.0017   3.122893   3.122972   0.000080    34.3093    34.3121     4.6726     4.4228    -0.2498    27.3528    27.3551    34.3086    27.3522    1471.16    1471.16     2.7871  1030.3049    34.4722 0.0000e+00
      39784 290.666257  -39.97719  -54.99520     -1.054    1470.62    633.000    627.193     2.8267     2.8257    -0.0010     2.7867     2.7856    -0.0010   3.122729   3.122941   0.000202    34.3084    34.3119     4.6865     4.4457    -0.2409    27.3521    27.3550    34.3077    27.3515    1471.14    1471.14     2.7866  1030.2997    34.4713 0.0000e+00
      39808 290.666269  -39.97718  -54.99520     -1.006    1470.62    632.000    626.203     2.8256     2.8254    -0.0003     2.7856     2.7854    -0.0003   3.122463   3.122788   0.000318    34.3069    34.3111     4.6975     4.4739    -0.2236    27.3510    27.3543    34.3062    27.3504    1471.12    1471.12     2.7856  1030.2939    34.4697 0.0000e+00
      39830 290.666280  -39.97718  -54.99520     -1.038    1470.62    631.000    625.214     2.8247     2.8249     0.0002     2.7848     2.7850     0.0002   3.122230   3.122650   0.000415    34.3055    34.3103     4.7049     4.5002    -0.2047    27.3499    27.3538    34.3048    27.3494    1471.09    1471.10     2.7848  1030.2883    34.4684 0.0000e+00
      39852 290.666290  -39.97718  -54.99520     -1.099    1470.62    630.000    624.225     2.8244     2.8246     0.0002     2.7846     2.7848     0.0002   3.122131   3.122557   0.000426    34.3050    34.3100     4.7122     4.5123    -0.2000    27.3496    27.3535    34.3045    27.3492    1471.08    1471.08     2.7845  1030.2835    34.4681 0.0000e+00
      39874 290.666300  -39.97718  -54.99520     -1.120    1470.62    629.000    623.235     2.8241     2.8247     0.0006     2.7843     2.7850     0.0006   3.122036   3.122494   0.000455    34.3046    34.3095     4.7162     4.5173    -0.1989    27.3493    27.3531    34.3042    27.3489    1471.06    1471.07     2.7843  1030.2786    34.4677 0.0000e+00
      39898 290.666312  -39.97718  -54.99520     -1.048    1470.62    628.000    622.246     2.8262     2.8281     0.0018     2.7865     2.7883     0.0018   3.122059   3.122614   0.000544    34.3030    34.3077     4.7263     4.5186    -0.2076    27.3478    27.3514    34.3027    27.3476    1471.05    1471.06     2.7865  1030.2726    34.4663 0.0000e+00
      39928 290.666327  -39.97716  -54.99520     -0.854    1470.62    627.000    621.257     2.8306     2.8326     0.0021     2.7909     2.7930     0.0021   3.122306   3.122838   0.000534    34.3015    34.3058     4.7331     4.5236    -0.2096    27.3462    27.3494    34.3017    27.3464    1471.05    1471.06     2.7909  1030.2667    34.4652 0.0000e+00
      39960 290.666342  -39.97716  -54.99520     -0.732    1470.62    626.000    620.267     2.8389     2.8371    -0.0017     2.7992     2.7975    -0.0017   3.122779   3.123118   0.000348    34.2988    34.3049     4.7367     4.5254    -0.2113    27.3433    27.3484    34.2992    27.3436    1471.07    1471.07     2.7992  1030.2592    34.4627 0.0000e+00
      39987 290.666355  -39.97716  -54.99520     -0.829    1470.62    625.000    619.278     2.8415     2.8423     0.0007     2.8020     2.8027     0.0007   3.122792   3.123151   0.000366    34.2970    34.3007     4.7447     4.5297    -0.2150    27.3416    27.3445    34.2971    27.3417    1471.06    1471.07     2.8019  1030.2526    34.4606 0.0000e+00
      40010 290.666366  -39.97716  -54.99520     -0.981    1470.62    624.000    618.289     2.8416     2.8416     0.0000     2.8021     2.8021    -0.0000   3.122483   3.122810   0.000323    34.2939    34.2978     4.7556     4.5323    -0.2233    27.3391    27.3423    34.2938    27.3391    1471.04    1471.04     2.8020  1030.2454    34.4573 0.0000e+00
      40030 290.666376  -39.97716  -54.99520     -1.102    1470.62    623.000    617.299     2.8401     2.8400    -0.0001     2.8007     2.8005    -0.0001   3.122263   3.122462   0.000247    34.2933    34.2965     4.7668     4.5394    -0.2274    27.3388    27.3413    34.2932    27.3387    1471.01    1471.02     2.8006  1030.2404    34.4567 0.0000e+00
      40051 290.666386  -39.97716  -54.99520     -1.173    1470.62    622.000    616.310     2.8361     2.8312    -0.0049     2.7968     2.7919    -0.0049   3.121571   3.121358  -0.000231    34.2908    34.2932     4.7767     4.5518    -0.2249    27.3371    27.3395    34.2895    27.3361    1470.98    1470.96     2.7968  1030.2333    34.4529 0.0000e+00
      40072 290.666396  -39.97716  -54.99520     -1.164    1470.62    621.000    615.320     2.8260     2.8224    -0.0036     2.7867     2.7832    -0.0036   3.120313   3.120359   0.000044    34.2867    34.2910     4.7897     4.5645    -0.2252    27.3347    27.3385    34.2855    27.3338    1470.91    1470.90     2.7867  1030.2265    34.4489 0.0000e+00
      40097 290.666408  -39.97715  -54.99520     -1.042    1470.62    620.000    614.331     2.8211     2.8168    -0.0043     2.7820     2.7777    -0.0043   3.119757   3.119686  -0.000061    34.2853    34.2891     4.8015     4.5805    -0.2210    27.3340    27.3375    34.2844    27.3333    1470.87    1470.86     2.7820  1030.2215    34.4478 0.0000e+00
      40129 290.666424  -39.97714  -54.99520     -0.807    1470.62    619.000    613.342     2.8115     2.8117     0.0001     2.7725     2.7727     0.0001   3.118552   3.119100   0.000507    34.2818    34.2879     4.8238     4.6051    -0.2187    27.3321    27.3369    34.2804    27.3310    1470.81    1470.82     2.7725  1030.2148    34.4438 0.0000e+00
      40160 290.666439  -39.97714  -54.99520     -0.736    1470.62    618.000    612.352     2.8043     2.8068     0.0025     2.7654     2.7679     0.0025   3.117819   3.118439   0.000674    34.2806    34.2862     4.8512     4.6300    -0.2212    27.3318    27.3360    34.2797    27.3310    1470.76    1470.78     2.7654  1030.2103    34.4430 0.0000e+00
      40185 290.666451  -39.97714  -54.99520     -0.875    1470.62    617.000    611.363     2.8010     2.7954    -0.0056     2.7622     2.7566    -0.0056   3.117342   3.117140  -0.000169    34.2794    34.2833     4.8647     4.6432    -0.2215    27.3310    27.3346    34.2779    27.3299    1470.73    1470.71     2.7621  1030.2046    34.4413 0.0000e+00
      40206 290.666461  -39.97714  -54.99520     -1.044    1470.62    616.000    610.374     2.7941     2.7867    -0.0074     2.7554     2.7480    -0.0073   3.116574   3.116069  -0.000403    34.2779    34.2808     4.8759     4.6533    -0.2226    27.3305    27.3334    34.2764    27.3293    1470.68    1470.65     2.7553  1030.1995    34.4398 0.0000e+00
      40225 290.666470  -39.97712  -54.99520     -1.175    1470.62    615.000    609.384     2.7845     2.7681    -0.0164     2.7459     2.7296    -0.0163   3.115327   3.113991  -0.001290    34.2749    34.2766     4.8877     4.6649    -0.2228    27.3289    27.3317    34.2719    27.3265    1470.62    1470.54     2.7459  1030.1922    34.4352 0.0000e+00
      40244 290.666479  -39.97712  -54.99520     -1.261    1470.62    614.000    608.395     2.7656     2.7556    -0.0100     2.7272     2.7172    -0.0100   3.113233   3.112718  -0.000560    34.2708    34.2746     4.8975     4.6693    -0.2282    27.3272    27.3312    34.2669    27.3242    1470.51    1470.47     2.7272  1030.1856    34.4302 0.0000e+00
      40264 290.666489  -39.97712  -54.99520     -1.248    1470.62    613.000    607.405     2.7508     2.7433    -0.0075     2.7125     2.7050    -0.0075   3.111801   3.111398  -0.000377    34.2684    34.2718     4.9024     4.6811    -0.2213    27.3267    27.3300    34.2658    27.3245    1470.43    1470.40     2.7124  1030.1816    34.4291 0.0000e+00
