Pos-Processados/process_op38/Processamento_split/up/uoperantar38_011.cnv
* Sea-Bird SBE 9 Data File:
* FileName = D:\OPERANTAR_XXXVIII\DADOS\OP38_011.hdr
* Software Version Seasave V 7.18c
* Temperature SN = 4808
* Conductivity SN = 3380
* Number of Bytes Per Scan = 31
* Number of Voltage Words = 2
* Number of Scans Averaged by the Deck Unit = 1
* NMEA Latitude = 43 42.36 S
* NMEA Longitude = 053 22.51 W
* NMEA UTC (Time) = Oct 20 2019 16:07:37
** H41
** NAVIO POLAR ALMIRANTE MAXIMIANO
** CRUZEIRO:
** OPERANTAR XXXVIII
** ESTAÇÃO: OP38_011
** LAT 43 42,31' S
** LONG 053 22,49' W
** 09P73767-1155
** PROFUNDIDADE: 5269
** DATA/HORA: 201609Z/OUT/2019
** OPERADOR: SO-HN CHAVES
# nquan = 30
# nvalues = 1039                        
# units = specified
# name 0 = scan: Scan Count
# name 1 = timeJ: Julian Days
# name 2 = latitude: Latitude [deg]
# name 3 = longitude: Longitude [deg]
# name 4 = dz/dtM: Descent Rate [m/s]
# name 5 = avgsvCM: Average Sound Velocity [Chen-Millero, m/s]
# name 6 = prDM: Pressure, Digiquartz [db]
# name 7 = depSM: Depth [salt water, m]
# name 8 = t090C: Temperature [ITS-90, deg C]
# name 9 = t190C: Temperature, 2 [ITS-90, deg C]
# name 10 = T2-T190C: Temperature Difference, 2 - 1 [ITS-90, deg C]
# name 11 = potemp090C: Potential Temperature [ITS-90, deg C]
# name 12 = potemp190C: Potential Temperature, 2 [ITS-90, deg C]
# name 13 = potemp90Cdiff: Potential Temperature, Diff, 2 - 1 [ITS-90, deg C]
# name 14 = c0S/m: Conductivity [S/m]
# name 15 = c1S/m: Conductivity, 2 [S/m]
# name 16 = C2-C1S/m: Conductivity Difference, 2 - 1 [S/m]
# name 17 = sal00: Salinity, Practical [PSU]
# name 18 = sal11: Salinity, Practical, 2 [PSU]
# name 19 = sbeox0ML/L: Oxygen, SBE 43 [ml/l]
# name 20 = sigma-é00: Density [sigma-theta, kg/m^3]
# name 21 = sigma-é11: Density, 2 [sigma-theta, kg/m^3]
# name 22 = sal00: Salinity, Practical [PSU]
# name 23 = sigma-é00: Density [sigma-theta, kg/m^3]
# name 24 = svCM: Sound Velocity [Chen-Millero, m/s]
# name 25 = svCM1: Sound Velocity, 2 [Chen-Millero, m/s]
# name 26 = gsw_ptA0: potential temperature [ITS-90, deg C]
# name 27 = gsw_densityA0: density, TEOS-10 [density, kg/m^3]
# name 28 = gsw_saA0: Absolute Salinity [g/kg]
# name 29 = flag:
# span 0 =      30643,      59106       
# span 1 = 293.686733, 293.700460       
# span 2 =  -43.72024,  -43.71568       
# span 3 =  -53.37956,  -53.37572       
# span 4 =     -1.410,     -0.328       
# span 5 =    1489.37,    1489.37       
# span 6 =      2.000,   1040.000       
# span 7 =      1.993,   1029.099       
# span 8 =     3.3911,    13.9272       
# span 9 =     3.3924,    13.9273       
# span 10 =    -0.0359,     0.0270      
# span 11 =     3.3181,    13.9253      
# span 12 =     3.3194,    13.9257      
# span 13 =    -0.0359,     0.0269      
# span 14 =   3.183027,   4.252826      
# span 15 =   3.183542,   4.253483      
# span 16 =  -0.002807,   0.003461      
# span 17 =    34.1777,    35.6144      
# span 18 =    34.1829,    35.6211      
# span 19 =     5.0759,     5.8728      
# span 20 =    26.6765,    27.2482      
# span 21 =    26.6815,    27.2519      
# span 22 =    34.1790,    35.6184      
# span 23 =    26.6769,    27.2481      
# span 24 =    1479.02,    1505.74      
# span 25 =    1479.02,    1505.74      
# span 26 =     3.3180,    13.9253      
# span 27 =  1026.6923,  1032.0538      
# span 28 =    34.3433,    35.7866      
# span 29 = 0.0000e+00, 0.0000e+00      
# interval = decibars: 1                
# start_time = Oct 20 2019 16:07:37 [NMEA time, header]
# bad_flag = -9.990e-29
*END*
[from data line 532]
      44377 293.693356  -43.71618  -53.37594     -0.979    1489.37    508.000    503.318     6.3281     6.3230    -0.0051     6.2826     6.2775    -0.0051   3.426728   3.426648  -0.000028    34.2947    34.2995     5.4952    26.9591    26.9636    34.2991    26.9626    1483.50    1483.49     6.2825  1029.2866    34.4623 0.0000e+00
      44401 293.693368  -43.71618  -53.37594     -1.003    1489.37    507.000    502.329     6.3503     6.3442    -0.0062     6.3048     6.2987    -0.0061   3.429047   3.428936  -0.000091    34.2974    34.3026     5.4914    26.9584    26.9632    34.3031    26.9629    1483.58    1483.56     6.3047  1029.2820    34.4663 0.0000e+00
      44427 293.693380  -43.71620  -53.37594     -0.965    1489.37    506.000    501.339     6.3925     6.3818    -0.0106     6.3469     6.3363    -0.0106   3.433160   3.432645  -0.000546    34.3012    34.3058     5.4817    26.9559    26.9609    34.3071    26.9605    1483.73    1483.70     6.3468  1029.2746    34.4703 0.0000e+00
      44459 293.693396  -43.71620  -53.37594     -0.801    1489.37    505.000    500.349     6.4149     6.4127    -0.0022     6.3693     6.3672    -0.0022   3.435241   3.435509   0.000284    34.3031    34.3084     5.4801    26.9544    26.9589    34.3082    26.9585    1483.81    1483.80     6.3692  1029.2678    34.4714 0.0000e+00
      44494 293.693413  -43.71620  -53.37595     -0.674    1489.37    504.000    499.360     6.4492     6.4455    -0.0037     6.4035     6.3999    -0.0037   3.438758   3.438996   0.000211    34.3070    34.3130     5.4578    26.9530    26.9583    34.3135    26.9581    1483.93    1483.92     6.4034  1029.2625    34.4767 0.0000e+00
      44523 293.693427  -43.71620  -53.37596     -0.776    1489.37    503.000    498.370     6.4738     6.4694    -0.0044     6.4282     6.4238    -0.0044   3.440903   3.441035   0.000108    34.3088    34.3144     5.4512    26.9513    26.9562    34.3131    26.9546    1484.01    1484.00     6.4281  1029.2541    34.4763 0.0000e+00
      44548 293.693439  -43.71620  -53.37596     -0.911    1489.37    502.000    497.381     6.4741     6.4730    -0.0011     6.4285     6.4274    -0.0011   3.440896   3.441286   0.000389    34.3095    34.3149     5.4455    26.9517    26.9561    34.3132    26.9547    1483.99    1484.00     6.4284  1029.2496    34.4765 0.0000e+00
      44572 293.693450  -43.71622  -53.37596     -0.984    1489.37    501.000    496.391     6.4808     6.4799    -0.0008     6.4353     6.4345    -0.0008   3.441659   3.442109   0.000441    34.3109    34.3167     5.4426    26.9520    26.9566    34.3155    26.9556    1484.01    1484.01     6.4352  1029.2458    34.4787 0.0000e+00
      44597 293.693463  -43.71622  -53.37596     -0.963    1489.37    500.000    495.402     6.5177     6.5057    -0.0120     6.4722     6.4603    -0.0119   3.445687   3.444796  -0.000775    34.3163    34.3197     5.4415    26.9514    26.9556    34.3236    26.9571    1484.15    1484.10     6.4721  1029.2424    34.4869 0.0000e+00
      44624 293.693476  -43.71622  -53.37598     -0.920    1489.37    499.000    494.412     6.5519     6.5413    -0.0106     6.5064     6.4958    -0.0105   3.448844   3.448379  -0.000514    34.3191    34.3240     5.4412    26.9490    26.9543    34.3249    26.9536    1484.27    1484.23     6.5062  1029.2339    34.4882 0.0000e+00
      44652 293.693489  -43.71622  -53.37598     -0.862    1489.37    498.000    493.422     6.5677     6.5661    -0.0017     6.5222     6.5205    -0.0017   3.450306   3.450737   0.000378    34.3210    34.3268     5.4456    26.9484    26.9533    34.3257    26.9522    1484.31    1484.31     6.5221  1029.2278    34.4891 0.0000e+00
      44681 293.693503  -43.71622  -53.37598     -0.830    1489.37    497.000    492.433     6.5803     6.5800    -0.0003     6.5349     6.5345    -0.0003   3.451471   3.452005   0.000513    34.3224    34.3284     5.4307    26.9479    26.9526    34.3265    26.9512    1484.35    1484.35     6.5347  1029.2220    34.4898 0.0000e+00
      44710 293.693517  -43.71623  -53.37598     -0.830    1489.37    496.000    491.443     6.5859     6.5858    -0.0001     6.5405     6.5404    -0.0001   3.452001   3.452497   0.000504    34.3236    34.3292     5.4107    26.9481    26.9525    34.3273    26.9510    1484.35    1484.36     6.5404  1029.2173    34.4906 0.0000e+00
      44741 293.693532  -43.71624  -53.37598     -0.810    1489.37    495.000    490.453     6.5924     6.5922    -0.0002     6.5471     6.5469    -0.0002   3.452604   3.453117   0.000503    34.3246    34.3304     5.4084    26.9480    26.9526    34.3279    26.9506    1484.36    1484.37     6.5470  1029.2123    34.4913 0.0000e+00
      44772 293.693547  -43.71624  -53.37600     -0.759    1489.37    494.000    489.464     6.5998     6.5997    -0.0001     6.5546     6.5545    -0.0001   3.453294   3.453825   0.000517    34.3256    34.3314     5.4024    26.9478    26.9524    34.3287    26.9502    1484.38    1484.38     6.5544  1029.2072    34.4920 0.0000e+00
      44801 293.693561  -43.71625  -53.37600     -0.801    1489.37    493.000    488.474     6.6085     6.6080    -0.0005     6.5633     6.5628    -0.0005   3.454140   3.454616   0.000475    34.3267    34.3324     5.3969    26.9475    26.9521    34.3298    26.9499    1484.40    1484.40     6.5632  1029.2023    34.4931 0.0000e+00
      44827 293.693573  -43.71626  -53.37600     -0.898    1489.37    492.000    487.485     6.6234     6.6197    -0.0037     6.5782     6.5745    -0.0037   3.455638   3.455812   0.000175    34.3284    34.3340     5.3942    26.9468    26.9517    34.3320    26.9497    1484.44    1484.43     6.5781  1029.1974    34.4953 0.0000e+00
      44853 293.693586  -43.71626  -53.37600     -0.933    1489.37    491.000    486.495     6.6325     6.6320    -0.0005     6.5874     6.5869    -0.0005   3.456422   3.456911   0.000482    34.3290    34.3349     5.3992    26.9461    26.9508    34.3320    26.9485    1484.46    1484.47     6.5873  1029.1915    34.4953 0.0000e+00
      44882 293.693600  -43.71626 -9.990e-29     -0.860    1489.37    490.000    485.507     6.6429     6.6443     0.0013     6.5979     6.5992     0.0013   3.457509   3.458121   0.000632    34.3306    34.3363     5.4044    26.9460    26.9503    34.3341    26.9487    1484.49    1484.50     6.5978  1029.1872    34.4975 0.0000e+00
      44910 293.693614  -43.71626 -9.990e-29     -0.827    1489.37    489.000    484.513     6.6664     6.6621    -0.0044     6.6214     6.6171    -0.0043   3.459968   3.460034   0.000096    34.3334    34.3388     5.3924    26.9450    26.9499    34.3383    26.9489    1484.57    1484.56     6.6213  1029.1825    34.5017 0.0000e+00
      44935 293.693626  -43.71628 -9.990e-29     -0.911    1489.37    488.000    483.526     6.6926     6.6892    -0.0034     6.6476     6.6442    -0.0034   3.462357   3.462600   0.000209    34.3351    34.3408     5.3945    26.9429    26.9479    34.3390    26.9459    1484.65    1484.65     6.6475  1029.1747    34.5024 0.0000e+00
      44959 293.693637  -43.71628  -53.37602     -0.984    1489.37    487.000    482.536     6.7031     6.7012    -0.0020     6.6582     6.6562    -0.0020   3.463426   3.463687   0.000303    34.3365    34.3418     5.3940    26.9425    26.9470    34.3408    26.9459    1484.68    1484.68     6.6581  1029.1700    34.5042 0.0000e+00
      44986 293.693650  -43.71628  -53.37602     -0.945    1489.37    486.000    481.546     6.7259     6.7245    -0.0014     6.6809     6.6796    -0.0014   3.465718   3.466099   0.000360    34.3389    34.3442     5.3836    26.9414    26.9458    34.3438    26.9453    1484.76    1484.76     6.6808  1029.1645    34.5072 0.0000e+00
      45019 293.693666  -43.71628  -53.37603     -0.780    1489.37    485.000    480.557     6.7527     6.7489    -0.0038     6.7077     6.7040    -0.0038   3.468223   3.468330   0.000127    34.3408    34.3460     5.3720    26.9393    26.9439    34.3452    26.9427    1484.85    1484.84     6.7076  1029.1571    34.5085 0.0000e+00
      45055 293.693683  -43.71628  -53.37604     -0.659    1489.37    484.000    479.567     6.7712     6.7656    -0.0055     6.7262     6.7207    -0.0055   3.470058   3.470044  -0.000009    34.3427    34.3481     5.3704    26.9383    26.9433    34.3474    26.9421    1484.91    1484.89     6.7261  1029.1518    34.5110 0.0000e+00
      45085 293.693698 -9.990e-29 -9.990e-29     -0.742    1489.37    483.000    478.577     6.8125     6.8073    -0.0052     6.7675     6.7623    -0.0051   3.474353   3.474368   0.000017    34.3474    34.3527     5.3672    26.9364    26.9413    34.3540    26.9417    1485.06    1485.04     6.7674  1029.1476    34.5192 0.0000e+00
      45113 293.693712 -9.990e-29 -9.990e-29     -0.835    1489.37    482.000    477.588     6.8503     6.8449    -0.0054     6.8053     6.7999    -0.0054   3.478123   3.478119   0.000005    34.3513    34.3567     5.3648    26.9344    26.9394    34.3583    26.9399    1485.20    1485.18     6.8051  1029.1409    34.5234 0.0000e+00
      45140 293.693725 -9.990e-29 -9.990e-29     -0.884    1489.37    481.000    476.598     6.8854     6.8789    -0.0065     6.8403     6.8338    -0.0065   3.481500   3.481419  -0.000085    34.3541    34.3596     5.3569    26.9319    26.9371    34.3609    26.9372    1485.32    1485.30     6.8402  1029.1333    34.5261 0.0000e+00
      45166 293.693737  -43.71632  -53.37606     -0.915    1489.37    480.000    475.608     6.9134     6.9101    -0.0033     6.8683     6.8650    -0.0033   3.484247   3.484505   0.000222    34.3572    34.3629     5.3461    26.9304    26.9354    34.3637    26.9356    1485.41    1485.41     6.8682  1029.1261    34.5280 0.0000e+00
      45191 293.693749  -43.71632  -53.37606     -0.958    1489.37    479.000    474.618     6.9372     6.9329    -0.0042     6.8921     6.8879    -0.0042   3.486588   3.486659   0.000092    34.3597    34.3649     5.3407    26.9292    26.9339    34.3662    26.9343    1485.49    1485.48     6.8920  1029.1193    34.5296 0.0000e+00
      45216 293.693761  -43.71632  -53.37606     -0.965    1489.37    478.000    473.629     6.9617     6.9573    -0.0044     6.9166     6.9122    -0.0044   3.489167   3.489186   0.000062    34.3628    34.3679     5.3312    26.9282    26.9328    34.3705    26.9344    1485.58    1485.57     6.9165  1029.1145    34.5340 0.0000e+00
      45246 293.693775  -43.71632  -53.37606     -0.854    1489.37    477.000    472.639     7.0162     7.0091    -0.0071     6.9711     6.9639    -0.0071   3.494565   3.494489  -0.000104    34.3674    34.3734     5.3185    26.9244    26.9301    34.3759    26.9311    1485.78    1485.76     6.9709  1029.1061    34.5394 0.0000e+00
      45277 293.693791  -43.71633  -53.37608     -0.753    1489.37    476.000    471.649     7.0821     7.0676    -0.0144     7.0368     7.0224    -0.0144   3.501693   3.500549  -0.001004    34.3767    34.3800     5.3228    26.9226    26.9273    34.3889    26.9323    1486.03    1485.98     7.0366  1029.1020    34.5525 0.0000e+00
      45305 293.693804  -43.71634  -53.37608     -0.828    1489.37    475.000    470.660     7.1389     7.1280    -0.0109     7.0935     7.0826    -0.0109   3.506760   3.506427  -0.000431    34.3799    34.3860     5.3192    26.9173    26.9237    34.3883    26.9240    1486.24    1486.20     7.0934  1029.0885    34.5518 0.0000e+00
      45333 293.693818  -43.71634  -53.37608     -0.870    1489.37    474.000    469.670     7.1592     7.1560    -0.0032     7.1138     7.1106    -0.0032   3.508763   3.508997   0.000221    34.3826    34.3882     5.3199    26.9166    26.9215    34.3905    26.9228    1486.30    1486.30     7.1137  1029.0826    34.5540 0.0000e+00
      45373 293.693837  -43.71635  -53.37608     -0.629    1489.37    473.000    468.680     7.1833     7.1817    -0.0016     7.1379     7.1363    -0.0016   3.510981   3.511345   0.000364    34.3850    34.3906     5.3082    26.9152    26.9198    34.3913    26.9201    1486.38    1486.38     7.1378  1029.0751    34.5548 0.0000e+00
      45410 293.693854  -43.71636  -53.37609     -0.602    1489.37    472.000    467.690     7.1866     7.1850    -0.0016     7.1412     7.1397    -0.0016   3.511110   3.511564   0.000402    34.3854    34.3913     5.3094    26.9150    26.9199    34.3899    26.9186    1486.37    1486.38     7.1411  1029.0690    34.5535 0.0000e+00
      45432 293.693865  -43.71636  -53.37610     -0.893    1489.37    471.000    466.701     7.2038     7.2004    -0.0033     7.1585     7.1552    -0.0033   3.513456   3.513555   0.000191    34.3896    34.3950     5.3055    26.9159    26.9206    34.3989    26.9232    1486.43    1486.43     7.1584  1029.0689    34.5625 0.0000e+00
      45451 293.693875  -43.71636  -53.37610     -1.121    1489.37    470.000    465.711     7.2533     7.2412    -0.0122     7.2080     7.1959    -0.0121   3.518334   3.517610  -0.000660    34.3938    34.3986     5.3004    26.9123    26.9178    34.4034    26.9198    1486.62    1486.57     7.2079  1029.0605    34.5670 0.0000e+00
      45471 293.693884  -43.71636  -53.37610     -1.232    1489.37    469.000    464.721     7.2927     7.2754    -0.0173     7.2473     7.2301    -0.0172   3.522275   3.521011  -0.001206    34.3985    34.4025     5.3131    26.9105    26.9160    34.4078    26.9177    1486.76    1486.69     7.2472  1029.0534    34.5714 0.0000e+00
      45495 293.693895  -43.71637  -53.37611     -1.138    1489.37    468.000    463.731     7.3152     7.3098    -0.0054     7.2699     7.2645    -0.0054   3.524352   3.524381 -3.934e-08    34.4008    34.4061     5.3230    26.9091    26.9140    34.4085    26.9151    1486.83    1486.81     7.2697  1029.0460    34.5721 0.0000e+00
      45526 293.693910  -43.71638  -53.37612     -0.844    1489.37    467.000    462.742     7.3576     7.3432    -0.0143     7.3121     7.2979    -0.0143   3.528884   3.527932  -0.000971    34.4073    34.4109     5.3079    26.9082    26.9131    34.4162    26.9152    1486.98    1486.93     7.3121  1029.0411    34.5799 0.0000e+00
      45558 293.693926  -43.71638  -53.37612     -0.728    1489.37    466.000    461.751     7.4219     7.4103    -0.0116     7.3763     7.3648    -0.0115   3.535729   3.534917  -0.000673    34.4156    34.4198     5.2939    26.9057    26.9106    34.4273    26.9149    1487.23    1487.19     7.3762  1029.0355    34.5910 0.0000e+00
      45588 293.693941  -43.71638  -53.37613     -0.786    1489.37    465.000    460.762     7.4768     7.4683    -0.0085     7.4311     7.4227    -0.0085   3.541080   3.540913  -0.000275    34.4224    34.4278     5.2915    26.9032    26.9087    34.4314    26.9103    1487.43    1487.40     7.4310  1029.0258    34.5952 0.0000e+00
      45620 293.693956  -43.71639  -53.37614     -0.775    1489.37    464.000    459.772     7.4928     7.4909    -0.0019     7.4472     7.4453    -0.0019   3.542445   3.542842   0.000353    34.4243    34.4301     5.2953    26.9025    26.9072    34.4309    26.9076    1487.47    1487.47     7.4471  1029.0184    34.5946 0.0000e+00
      45649 293.693970  -43.71640  -53.37614     -0.778    1489.37    463.000    458.782     7.4956     7.4958     0.0002     7.4501     7.4503     0.0002   3.542660   3.543255   0.000583    34.4253    34.4314     5.2886    26.9028    26.9075    34.4309    26.9072    1487.47    1487.47     7.4500  1029.0135    34.5946 0.0000e+00
      45675 293.693982  -43.71640  -53.37614     -0.882    1489.37    462.000    457.793     7.5135     7.5078    -0.0057     7.4680     7.4624    -0.0057   3.545379   3.545135  -0.000078    34.4308    34.4355     5.2803    26.9045    26.9091    34.4431    26.9142    1487.53    1487.51     7.4679  1029.0157    34.6069 0.0000e+00
      45698 293.693994  -43.71642  -53.37614     -0.996    1489.37    461.000    456.803     7.6251     7.5983    -0.0268     7.5793     7.5526    -0.0267   3.556964   3.555058  -0.001927    34.4447    34.4504     5.2682    26.8995    26.9077    34.4586    26.9104    1487.96    1487.87     7.5792  1029.0061    34.6224 0.0000e+00
