Pos-Processados/process_op38/Processamento_split/up/uoperantar38_010.cnv
* Sea-Bird SBE 9 Data File:
* FileName = D:\OPERANTAR_XXXVIII\DADOS\OP38_010.hdr
* Software Version Seasave V 7.18c
* Temperature SN = 4808
* Conductivity SN = 3380
* Number of Bytes Per Scan = 31
* Number of Voltage Words = 2
* Number of Scans Averaged by the Deck Unit = 1
* NMEA Latitude = 43 58.12 S
* NMEA Longitude = 053 08.81 W
* NMEA UTC (Time) = Oct 20 2019 12:04:22
** H41
** NAVIO POLAR ALMIRANTE MAXIMIANO
** CRUZEIRO:
** OPERANTAR XXXVIII
** ESTAÇÃO: OP38_010
** LAT 43 58,10'S
** LONG 053 08,81'W
** 09P73767-1155
** PROFUNDIDADE: 5740
** DATA/HORA: 201205Z/OUT/19
** OPERADOR: SO-HN CHAVES
# nquan = 30
# nvalues = 1057                        
# units = specified
# name 0 = scan: Scan Count
# name 1 = timeJ: Julian Days
# name 2 = latitude: Latitude [deg]
# name 3 = longitude: Longitude [deg]
# name 4 = dz/dtM: Descent Rate [m/s]
# name 5 = avgsvCM: Average Sound Velocity [Chen-Millero, m/s]
# name 6 = prDM: Pressure, Digiquartz [db]
# name 7 = depSM: Depth [salt water, m]
# name 8 = t090C: Temperature [ITS-90, deg C]
# name 9 = t190C: Temperature, 2 [ITS-90, deg C]
# name 10 = T2-T190C: Temperature Difference, 2 - 1 [ITS-90, deg C]
# name 11 = potemp090C: Potential Temperature [ITS-90, deg C]
# name 12 = potemp190C: Potential Temperature, 2 [ITS-90, deg C]
# name 13 = potemp90Cdiff: Potential Temperature, Diff, 2 - 1 [ITS-90, deg C]
# name 14 = c0S/m: Conductivity [S/m]
# name 15 = c1S/m: Conductivity, 2 [S/m]
# name 16 = C2-C1S/m: Conductivity Difference, 2 - 1 [S/m]
# name 17 = sal00: Salinity, Practical [PSU]
# name 18 = sal11: Salinity, Practical, 2 [PSU]
# name 19 = sbeox0ML/L: Oxygen, SBE 43 [ml/l]
# name 20 = sigma-é00: Density [sigma-theta, kg/m^3]
# name 21 = sigma-é11: Density, 2 [sigma-theta, kg/m^3]
# name 22 = sal00: Salinity, Practical [PSU]
# name 23 = sigma-é00: Density [sigma-theta, kg/m^3]
# name 24 = svCM: Sound Velocity [Chen-Millero, m/s]
# name 25 = svCM1: Sound Velocity, 2 [Chen-Millero, m/s]
# name 26 = gsw_ptA0: potential temperature [ITS-90, deg C]
# name 27 = gsw_densityA0: density, TEOS-10 [density, kg/m^3]
# name 28 = gsw_saA0: Absolute Salinity [g/kg]
# name 29 = flag:
# span 0 =      34062,      69201       
# span 1 = 293.519458, 293.536404       
# span 2 =  -43.98455,  -43.97340       
# span 3 =  -53.14555,  -53.14225       
# span 4 =     -1.437,     -0.108       
# span 5 =    1496.44,    1496.44       
# span 6 =      2.000,   1058.000       
# span 7 =      2.030,   1046.846       
# span 8 =     3.7708,    14.2396       
# span 9 =     3.7720,    14.2437       
# span 10 =    -0.0510,     0.0271      
# span 11 =     3.6927,    14.2391      
# span 12 =     3.6938,    14.2432      
# span 13 =    -0.0508,     0.0269      
# span 14 =   3.216257,   4.299378      
# span 15 =   3.216731,   4.300119      
# span 16 =  -0.004643,   0.002914      
# span 17 =    34.1926,    35.6751      
# span 18 =    34.1978,    35.6808      
# span 19 =     4.8076,     5.8067      
# span 20 =    26.6565,    27.1966      
# span 21 =    26.6597,    27.2000      
# span 22 =    34.1926,    35.6741      
# span 23 =    26.6567,    27.1967      
# span 24 =    1481.80,    1511.03      
# span 25 =    1481.82,    1511.04      
# span 26 =     3.6925,    14.2391      
# span 27 =  1026.6710,  1032.0762      
# span 28 =    34.3572,    35.8429      
# span 29 = 0.0000e+00, 0.0000e+00      
# interval = decibars: 1                
# start_time = Oct 20 2019 12:04:22 [NMEA time, header]
# bad_flag = -9.990e-29
*END*
[from data line 871]
      56700 293.530376  -43.98059  -53.14340     -0.893    1496.44    187.000    185.416    14.2096    14.2106     0.0010    14.1822    14.1831     0.0010   4.295008   4.295751   0.000739    35.6729    35.6788     5.3458    26.6686    26.6730    35.6728    26.6685    1508.04    1508.05    14.1822  1027.4968    35.8416 0.0000e+00
      56736 293.530393  -43.98060  -53.14340     -0.666    1496.44    186.000    184.424    14.2094    14.2097     0.0003    14.1821    14.1824     0.0003   4.294957   4.295616   0.000667    35.6728    35.6787     5.3644    26.6686    26.6731    35.6729    26.6687    1508.02    1508.03    14.1821  1027.4926    35.8418 0.0000e+00
      56769 293.530409  -43.98062  -53.14340     -0.722    1496.44    185.000    183.433    14.2107    14.2105    -0.0001    14.1835    14.1834    -0.0001   4.295080   4.295702   0.000621    35.6732    35.6791     5.3747    26.6686    26.6732    35.6733    26.6686    1508.01    1508.01    14.1835  1027.4882    35.8422 0.0000e+00
      56798 293.530423  -43.98062  -53.14340     -0.799    1496.44    184.000    182.443    14.2112    14.2116     0.0004    14.1842    14.1846     0.0004   4.295093   4.295784   0.000686    35.6733    35.6794     5.3584    26.6685    26.6731    35.6733    26.6685    1507.99    1508.00    14.1842  1027.4837    35.8422 0.0000e+00
      56824 293.530436  -43.98063  -53.14340     -0.871    1496.44    183.000    181.451    14.2111    14.2116     0.0005    14.1842    14.1847     0.0005   4.295067   4.295734   0.000672    35.6736    35.6793     5.3470    26.6687    26.6730    35.6736    26.6687    1507.98    1507.99    14.1842  1027.4795    35.8425 0.0000e+00
      56851 293.530448  -43.98064  -53.14339     -0.909    1496.44    182.000    180.460    14.2116    14.2120     0.0004    14.1849    14.1852     0.0004   4.295078   4.295757   0.000675    35.6736    35.6796     5.3536    26.6686    26.6731    35.6736    26.6686    1507.96    1507.97    14.1849  1027.4750    35.8425 0.0000e+00
      56882 293.530463  -43.98064  -53.14338     -0.818    1496.44    181.000    179.469    14.2115    14.2121     0.0006    14.1849    14.1855     0.0006   4.295004   4.295719   0.000713    35.6735    35.6796     5.3606    26.6685    26.6731    35.6735    26.6685    1507.95    1507.95    14.1849  1027.4704    35.8424 0.0000e+00
      56913 293.530478  -43.98066  -53.14338     -0.758    1496.44    180.000    178.478    14.2112    14.2118     0.0006    14.1848    14.1854     0.0006   4.294932   4.295635   0.000705    35.6735    35.6795     5.3652    26.6685    26.6731    35.6735    26.6685    1507.93    1507.94    14.1848  1027.4661    35.8424 0.0000e+00
      56938 293.530490  -43.98066  -53.14338     -0.876    1496.44    179.000    177.487    14.2111    14.2115     0.0005    14.1848    14.1853     0.0005   4.294880   4.295572   0.000693    35.6736    35.6796     5.3576    26.6686    26.6731    35.6736    26.6686    1507.91    1507.92    14.1848  1027.4617    35.8424 0.0000e+00
      56963 293.530502  -43.98068  -53.14338     -0.969    1496.44    178.000    176.495    14.2109    14.2114     0.0006    14.1847    14.1853     0.0005   4.294816   4.295517   0.000696    35.6736    35.6796     5.3464    26.6687    26.6731    35.6736    26.6686    1507.89    1507.90    14.1847  1027.4573    35.8424 0.0000e+00
      56995 293.530518  -43.98068  -53.14336     -0.823    1496.44    177.000    175.504    14.2109    14.2115     0.0005    14.1850    14.1855     0.0005   4.294790   4.295471   0.000685    35.6736    35.6795     5.3644    26.6686    26.6730    35.6737    26.6687    1507.88    1507.89    14.1850  1027.4530    35.8425 0.0000e+00
      57033 293.530536  -43.98070 -9.990e-29     -0.624    1496.44    176.000    174.513    14.2119    14.2122     0.0003    14.1861    14.1863     0.0002   4.294866   4.295539   0.000670    35.6739    35.6799     5.3665    26.6686    26.6732    35.6739    26.6686    1507.86    1507.87    14.1860  1027.4485    35.8427 0.0000e+00
      57064 293.530551  -43.98071 -9.990e-29     -0.725    1496.44    175.000    173.522    14.2118    14.2123     0.0005    14.1862    14.1866     0.0004   4.294826   4.295519   0.000694    35.6740    35.6801     5.3437    26.6687    26.6732    35.6740    26.6687    1507.85    1507.86    14.1862  1027.4441    35.8428 0.0000e+00
      57091 293.530564  -43.98072  -53.14334     -0.856    1496.44    174.000    172.531    14.2116    14.2122     0.0006    14.1861    14.1867     0.0006   4.294751   4.295464   0.000710    35.6740    35.6800     5.3367    26.6686    26.6732    35.6740    26.6686    1507.83    1507.84    14.1861  1027.4397    35.8427 0.0000e+00
      57117 293.530577  -43.98072  -53.14334     -0.907    1496.44    173.000    171.540    14.2114    14.2119     0.0006    14.1860    14.1865     0.0006   4.294680   4.295386   0.000707    35.6740    35.6800     5.3547    26.6687    26.6732    35.6739    26.6686    1507.81    1507.82    14.1860  1027.4353    35.8428 0.0000e+00
      57142 293.530589  -43.98073  -53.14334     -0.933    1496.44    172.000    170.549    14.2113    14.2120     0.0006    14.1861    14.1867     0.0006   4.294644   4.295354   0.000707    35.6741    35.6801     5.3707    26.6688    26.6732    35.6741    26.6687    1507.80    1507.80    14.1861  1027.4310    35.8429 0.0000e+00
      57168 293.530601  -43.98074  -53.14334     -0.950    1496.44    171.000    169.558    14.2111    14.2118     0.0007    14.1861    14.1867     0.0007   4.294564   4.295274   0.000709    35.6740    35.6799     5.3701    26.6686    26.6731    35.6739    26.6686    1507.78    1507.79    14.1861  1027.4265    35.8427 0.0000e+00
      57197 293.530615  -43.98074  -53.14334     -0.878    1496.44    170.000    168.566    14.2109    14.2114     0.0006    14.1859    14.1865     0.0006   4.294491   4.295197   0.000709    35.6739    35.6800     5.3629    26.6686    26.6732    35.6739    26.6686    1507.76    1507.77    14.1859  1027.4221    35.8427 0.0000e+00
      57232 293.530632  -43.98076  -53.14334     -0.703    1496.44    169.000    167.575    14.2108    14.2113     0.0005    14.1860    14.1865     0.0005   4.294435   4.295138   0.000703    35.6739    35.6800     5.3626    26.6686    26.6732    35.6739    26.6686    1507.74    1507.75    14.1860  1027.4177    35.8427 0.0000e+00
      57264 293.530648  -43.98077  -53.14333     -0.712    1496.44    168.000    166.585    14.2107    14.2112     0.0005    14.1860    14.1865     0.0005   4.294366   4.295080   0.000713    35.6738    35.6799     5.3646    26.6685    26.6732    35.6737    26.6685    1507.73    1507.74    14.1860  1027.4132    35.8426 0.0000e+00
      57290 293.530660  -43.98078  -53.14332     -0.860    1496.44    167.000    165.593    14.2105    14.2111     0.0005    14.1860    14.1866     0.0005   4.294329   4.295025   0.000694    35.6740    35.6800     5.3601    26.6687    26.6732    35.6740    26.6686    1507.71    1507.72    14.1861  1027.4089    35.8428 0.0000e+00
      57314 293.530672  -43.98078  -53.14332     -0.970    1496.44    166.000    164.602    14.2104    14.2110     0.0006    14.1860    14.1866     0.0006   4.294268   4.294972   0.000703    35.6740    35.6800     5.3564    26.6687    26.6732    35.6740    26.6686    1507.69    1507.70    14.1860  1027.4045    35.8428 0.0000e+00
      57340 293.530684  -43.98080  -53.14332     -0.962    1496.44    165.000    163.611    14.2102    14.2108     0.0006    14.1860    14.1866     0.0006   4.294209   4.294916   0.000706    35.6740    35.6801     5.3631    26.6687    26.6732    35.6740    26.6686    1507.68    1507.69    14.1860  1027.4002    35.8428 0.0000e+00
      57371 293.530699  -43.98081  -53.14332     -0.821    1496.44    164.000    162.619    14.2103    14.2107     0.0005    14.1862    14.1867     0.0005   4.294160   4.294861   0.000700    35.6739    35.6800     5.3660    26.6686    26.6732    35.6739    26.6685    1507.66    1507.67    14.1862  1027.3956    35.8427 0.0000e+00
      57405 293.530716  -43.98082  -53.14332     -0.710    1496.44    163.000    161.629    14.2101    14.2106     0.0005    14.1862    14.1866     0.0005   4.294094   4.294796   0.000704    35.6739    35.6800     5.3642    26.6686    26.6732    35.6739    26.6685    1507.64    1507.65    14.1862  1027.3912    35.8427 0.0000e+00
      57439 293.530732  -43.98082  -53.14332     -0.702    1496.44    162.000    160.636    14.2101    14.2105     0.0005    14.1863    14.1868     0.0005   4.294046   4.294747   0.000701    35.6739    35.6800     5.3693    26.6685    26.6731    35.6738    26.6685    1507.63    1507.63    14.1863  1027.3868    35.8427 0.0000e+00
      57472 293.530748  -43.98084  -53.14331     -0.714    1496.44    161.000    159.645    14.2102    14.2107     0.0005    14.1865    14.1871     0.0005   4.294016   4.294720   0.000704    35.6739    35.6800     5.3595    26.6685    26.6731    35.6739    26.6685    1507.61    1507.62    14.1865  1027.3824    35.8427 0.0000e+00
      57501 293.530762  -43.98085  -53.14330     -0.788    1496.44    160.000    158.655    14.2097    14.2102     0.0005    14.1863    14.1868     0.0005   4.293918   4.294622   0.000705    35.6739    35.6800     5.3599    26.6685    26.6731    35.6738    26.6685    1507.59    1507.60    14.1863  1027.3780    35.8426 0.0000e+00
      57524 293.530773  -43.98086  -53.14330     -0.946    1496.44    159.000    157.663    14.2094    14.2100     0.0006    14.1861    14.1867     0.0006   4.293850   4.294549   0.000697    35.6740    35.6799     5.3658    26.6686    26.6731    35.6739    26.6685    1507.57    1507.58    14.1861  1027.3737    35.8427 0.0000e+00
      57546 293.530784  -43.98086  -53.14330     -1.072    1496.44    158.000    156.672    14.2094    14.2098     0.0005    14.1862    14.1867     0.0005   4.293792   4.294497   0.000706    35.6739    35.6800     5.3641    26.6685    26.6732    35.6738    26.6685    1507.56    1507.57    14.1862  1027.3692    35.8426 0.0000e+00
      57574 293.530797  -43.98087  -53.14330     -0.972    1496.44    157.000    155.681    14.2092    14.2098     0.0006    14.1862    14.1868     0.0006   4.293736   4.294441   0.000707    35.6739    35.6799     5.3564    26.6685    26.6731    35.6738    26.6685    1507.54    1507.55    14.1862  1027.3648    35.8427 0.0000e+00
      57616 293.530817  -43.98089  -53.14330     -0.585    1496.44    156.000    154.690    14.2089    14.2095     0.0006    14.1860    14.1866     0.0006   4.293659   4.294365   0.000704    35.6739    35.6799     5.3593    26.6686    26.6731    35.6738    26.6685    1507.52    1507.53    14.1861  1027.3604    35.8426 0.0000e+00
      57653 293.530835  -43.98090  -53.14330     -0.607    1496.44    155.000    153.699    14.2086    14.2092     0.0006    14.1859    14.1864     0.0006   4.293575   4.294288   0.000710    35.6738    35.6799     5.3567    26.6686    26.6731    35.6737    26.6685    1507.51    1507.52    14.1859  1027.3560    35.8425 0.0000e+00
      57679 293.530848  -43.98090  -53.14328     -0.831    1496.44    154.000    152.707    14.2084    14.2089     0.0005    14.1858    14.1863     0.0005   4.293506   4.294201   0.000697    35.6738    35.6798     5.3612    26.6685    26.6731    35.6737    26.6685    1507.49    1507.50    14.1858  1027.3516    35.8425 0.0000e+00
      57704 293.530860  -43.98090  -53.14328     -0.946    1496.44    153.000    151.716    14.2083    14.2088     0.0005    14.1859    14.1864     0.0005   4.293469   4.294153   0.000682    35.6739    35.6798     5.3677    26.6686    26.6731    35.6739    26.6686    1507.47    1507.48    14.1859  1027.3473    35.8427 0.0000e+00
      57732 293.530873  -43.98092  -53.14328     -0.914    1496.44    152.000    150.731    14.2083    14.2089     0.0006    14.1860    14.1866     0.0006   4.293426   4.294136   0.000710    35.6739    35.6800     5.3752    26.6686    26.6731    35.6739    26.6686    1507.46    1507.46    14.1860  1027.3429    35.8427 0.0000e+00
      57762 293.530888  -43.98093  -53.14328     -0.821    1496.44    151.000    149.729    14.2081    14.2087     0.0006    14.1860    14.1866     0.0006   4.293347   4.294053   0.000706    35.6738    35.6798     5.3600    26.6685    26.6730    35.6738    26.6685    1507.44    1507.45    14.1860  1027.3384    35.8426 0.0000e+00
      57796 293.530904  -43.98094  -53.14328     -0.720    1496.44    150.000    148.742    14.2082    14.2085     0.0004    14.1862    14.1866     0.0004   4.293331   4.293999   0.000671    35.6740    35.6799     5.3544    26.6686    26.6731    35.6740    26.6686    1507.42    1507.43    14.1862  1027.3341    35.8427 0.0000e+00
      57833 293.530922  -43.98095  -53.14328     -0.640    1496.44    149.000    147.751    14.2084    14.2089     0.0004    14.1866    14.1870     0.0004   4.293314   4.294014   0.000646    35.6740    35.6796     5.3684    26.6685    26.6728    35.6740    26.6685    1507.41    1507.42    14.1866  1027.3296    35.8428 0.0000e+00
      57865 293.530937  -43.98096  -53.14328     -0.727    1496.44    148.000    146.760    14.2085    14.2090     0.0005    14.1868    14.1873     0.0005   4.293273   4.293974   0.000702    35.6740    35.6801     5.3686    26.6685    26.6731    35.6740    26.6685    1507.39    1507.40    14.1868  1027.3252    35.8428 0.0000e+00
      57892 293.530951  -43.98098  -53.14328     -0.851    1496.44    147.000    145.768    14.2085    14.2090     0.0005    14.1870    14.1875     0.0005   4.293230   4.293931   0.000702    35.6740    35.6801     5.3661    26.6684    26.6731    35.6740    26.6684    1507.37    1507.38    14.1870  1027.3207    35.8427 0.0000e+00
      57923 293.530965  -43.98098  -53.14326     -0.819    1496.44    146.000    144.777    14.2080    14.2086     0.0006    14.1866    14.1872     0.0006   4.293130   4.293843   0.000712    35.6740    35.6800     5.3700    26.6685    26.6731    35.6739    26.6685    1507.36    1507.36    14.1866  1027.3164    35.8427 0.0000e+00
      57959 293.530983  -43.98099  -53.14326     -0.669    1496.44    145.000    143.786    14.2074    14.2081     0.0006    14.1862    14.1868     0.0006   4.293019   4.293729   0.000710    35.6739    35.6799     5.3664    26.6685    26.6731    35.6738    26.6685    1507.34    1507.35    14.1862  1027.3120    35.8426 0.0000e+00
      57989 293.530997  -43.98100  -53.14326     -0.750    1496.44    144.000    142.795    14.2071    14.2077     0.0005    14.1861    14.1866     0.0005   4.292945   4.293637   0.000695    35.6739    35.6799     5.3739    26.6685    26.6731    35.6738    26.6685    1507.32    1507.33    14.1860  1027.3076    35.8426 0.0000e+00
      58016 293.531010  -43.98100  -53.14326     -0.873    1496.44    143.000    141.803    14.2069    14.2075     0.0006    14.1859    14.1866     0.0006   4.292867   4.293578   0.000709    35.6738    35.6799     5.3709    26.6686    26.6731    35.6738    26.6685    1507.30    1507.31    14.1859  1027.3032    35.8426 0.0000e+00
      58045 293.531024  -43.98102  -53.14326     -0.855    1496.44    142.000    140.812    14.2066    14.2073     0.0007    14.1858    14.1865     0.0007   4.292798   4.293514   0.000716    35.6738    35.6798     5.3667    26.6685    26.6731    35.6738    26.6685    1507.28    1507.29    14.1858  1027.2988    35.8425 0.0000e+00
      58077 293.531040  -43.98102  -53.14326     -0.761    1496.44    141.000    139.821    14.2067    14.2073     0.0005    14.1861    14.1866     0.0005   4.292763   4.293477   0.000714    35.6738    35.6800     5.3717    26.6685    26.6731    35.6738    26.6685    1507.27    1507.28    14.1860  1027.2944    35.8426 0.0000e+00
