Pos-Processados/process_op38/Processamento_split/up/uoperantar38_013.cnv
* Sea-Bird SBE 9 Data File:
* FileName = D:\OPERANTAR_XXXVIII\DADOS\OP38_013.hdr
* Software Version Seasave V 7.18c
* Temperature SN = 4808
* Conductivity SN = 3380
* Number of Bytes Per Scan = 34
* Number of Voltage Words = 3
* Number of Scans Averaged by the Deck Unit = 1
* NMEA Latitude = 62 08.60 S
* NMEA Longitude = 058 24.71 W
* NMEA UTC (Time) = Nov 05 2019 02:47:10
** H41
** NAVIO POLAR ALMIRANTE MAXIMIANO
** CRUZEIRO:
** OPERANTAR XXXVIII
** ESTAÇÃO: OP38_013
** LAT 62 08,61' S
** LONG 058 24,68' W
** 09P73767-1155_A
** PROFUNDIDADE: 420
** DATA/HORA: 050248Z/NOV/2019
** OPERADOR: SO-HN CHAVES
# nquan = 33
# nvalues = 364                         
# units = specified
# name 0 = scan: Scan Count
# name 1 = timeJ: Julian Days
# name 2 = latitude: Latitude [deg]
# name 3 = longitude: Longitude [deg]
# name 4 = dz/dtM: Descent Rate [m/s]
# name 5 = avgsvCM: Average Sound Velocity [Chen-Millero, m/s]
# name 6 = prDM: Pressure, Digiquartz [db]
# name 7 = depSM: Depth [salt water, m]
# name 8 = t090C: Temperature [ITS-90, deg C]
# name 9 = t190C: Temperature, 2 [ITS-90, deg C]
# name 10 = T2-T190C: Temperature Difference, 2 - 1 [ITS-90, deg C]
# name 11 = potemp090C: Potential Temperature [ITS-90, deg C]
# name 12 = potemp190C: Potential Temperature, 2 [ITS-90, deg C]
# name 13 = potemp90Cdiff: Potential Temperature, Diff, 2 - 1 [ITS-90, deg C]
# name 14 = c0S/m: Conductivity [S/m]
# name 15 = c1S/m: Conductivity, 2 [S/m]
# name 16 = C2-C1S/m: Conductivity Difference, 2 - 1 [S/m]
# name 17 = sal00: Salinity, Practical [PSU]
# name 18 = sal11: Salinity, Practical, 2 [PSU]
# name 19 = sbeox0ML/L: Oxygen, SBE 43 [ml/l]
# name 20 = sigma-é00: Density [sigma-theta, kg/m^3]
# name 21 = sigma-é11: Density, 2 [sigma-theta, kg/m^3]
# name 22 = sbox0Mm/Kg: Oxygen, SBE 43 [umol/kg]
# name 23 = oxsolMm/Kg: Oxygen Saturation, Garcia & Gordon [umol/kg]
# name 24 = oxsatMm/Kg: Oxygen Saturation, Weiss [umol/kg]
# name 25 = sal00: Salinity, Practical [PSU]
# name 26 = sigma-é00: Density [sigma-theta, kg/m^3]
# name 27 = svCM: Sound Velocity [Chen-Millero, m/s]
# name 28 = svCM1: Sound Velocity, 2 [Chen-Millero, m/s]
# name 29 = gsw_ptA0: potential temperature [ITS-90, deg C]
# name 30 = gsw_densityA0: density, TEOS-10 [density, kg/m^3]
# name 31 = gsw_saA0: Absolute Salinity [g/kg]
# name 32 = flag:
# span 0 =      16357,      28423       
# span 1 = 309.123976, 309.129794       
# span 2 =  -62.14340,  -62.14340       
# span 3 =  -58.41184,  -58.41180       
# span 4 =     -0.909,     -0.249       
# span 5 =    1447.51,    1447.51       
# span 6 =     12.000,    375.000       
# span 7 =     11.885,    371.055       
# span 8 =    -0.9467,    -0.6912       
# span 9 =    -0.9467,    -0.6789       
# span 10 =    -0.0250,     0.0398      
# span 11 =    -0.9483,    -0.6966      
# span 12 =    -0.9483,    -0.6793      
# span 13 =    -0.0250,     0.0398      
# span 14 =   2.767153,   2.819083      
# span 15 =   2.767602,   2.819494      
# span 16 =  -0.001303,   0.003192      
# span 17 =    34.1455,    34.4261      
# span 18 =    34.1514,    34.4315      
# span 19 =     6.3498,     7.5975      
# span 20 =    27.4488,    27.6763      
# span 21 =    27.4529,    27.6806      
# span 22 =    275.944,    330.239      
# span 23 =  355.90574,  358.92003      
# span 24 =  357.53824,  360.59644      
# span 25 =    34.1506,    34.4261      
# span 26 =    27.4529,    27.6763      
# span 27 =    1444.28,    1451.27      
# span 28 =    1444.27,    1451.28      
# span 29 =    -0.9482,    -0.6966      
# span 30 =  1026.3430,  1029.4704      
# span 31 =    32.8580,    34.5944      
# span 32 = 0.0000e+00, 0.0000e+00      
# interval = decibars: 1                
# start_time = Nov 05 2019 02:47:10 [NMEA time, header]
# bad_flag = -9.990e-29
*END*
[from data line 220]
      23068 309.127212  -62.14340  -58.41180     -0.898    1447.51    155.000    153.455    -0.9152    -0.9149     0.0003    -0.9195    -0.9192     0.0003   2.778689   2.779119   0.000424    34.2683    34.2737     7.1155    27.5573    27.5617    309.255  358.46630  360.13888    34.2679    27.5570    1446.42    1446.43    -0.9194  1028.3051    34.4347 0.0000e+00
      23095 309.127225  -62.14340  -58.41180     -0.902    1447.51    154.000    152.466    -0.9157    -0.9154     0.0003    -0.9200    -0.9197     0.0003   2.778607   2.779025   0.000418    34.2682    34.2735     7.1285    27.5573    27.5615    309.821  358.47169  360.14438    34.2680    27.5571    1446.40    1446.41    -0.9199  1028.3005    34.4348 0.0000e+00
      23124 309.127239  -62.14340  -58.41180     -0.851    1447.51    153.000    151.478    -0.9154    -0.9154     0.0000    -0.9197    -0.9196     0.0000   2.778607   2.778989   0.000384    34.2685    34.2737     7.1388    27.5574    27.5616    310.267  358.46802  360.14066    34.2683    27.5573    1446.39    1446.39    -0.9196  1028.2959    34.4351 0.0000e+00
      23156 309.127255  -62.14340  -58.41180     -0.771    1447.51    152.000    150.485    -0.9155    -0.9161    -0.0005    -0.9198    -0.9203    -0.0005   2.778524   2.778832   0.000314    34.2683    34.2732     7.1491    27.5572    27.5613    310.717  358.46989  360.14255    34.2680    27.5570    1446.37    1446.37    -0.9196  1028.2908    34.4347 0.0000e+00
      23191 309.127271  -62.14340  -58.41180     -0.706    1447.51    151.000    149.497    -0.9187    -0.9176     0.0011    -0.9229    -0.9218     0.0011   2.778026   2.778550   0.000514    34.2659    34.2716     7.1482    27.5555    27.5601    310.679  358.50648  360.17969    34.2654    27.5550    1446.33    1446.35    -0.9228  1028.2841    34.4321 0.0000e+00
      23226 309.127288  -62.14340  -58.41180     -0.678    1447.51    150.000    148.507    -0.9191    -0.9193    -0.0002    -0.9233    -0.9235    -0.0002   2.777946   2.778287   0.000346    34.2655    34.2705     7.1478    27.5552    27.5592    310.660  358.51167  360.18495    34.2654    27.5551    1446.32    1446.32    -0.9232  1028.2793    34.4322 0.0000e+00
      23258 309.127304  -62.14340  -58.41180     -0.722    1447.51    149.000    147.517    -0.9185    -0.9187    -0.0001    -0.9227    -0.9228    -0.0001   2.777971   2.778347   0.000374    34.2659    34.2711     7.1554    27.5554    27.5597    310.990  358.50511  360.17828    34.2657    27.5553    1446.30    1446.31    -0.9225  1028.2747    34.4324 0.0000e+00
      23288 309.127318  -62.14340  -58.41182     -0.801    1447.51    148.000    146.528    -0.9185    -0.9184     0.0001    -0.9226    -0.9225     0.0001   2.777938   2.778334   0.000401    34.2659    34.2713     7.1746    27.5555    27.5598    311.825  358.50428  360.17745    34.2658    27.5554    1446.29    1446.30    -0.9225  1028.2700    34.4325 0.0000e+00
      23315 309.127331  -62.14340  -58.41182     -0.854    1447.51    147.000    145.538    -0.9199    -0.9190     0.0010    -0.9240    -0.9230     0.0010   2.777667   2.778205   0.000528    34.2649    34.2709     7.1726    27.5546    27.5595    311.738  358.52132  360.19474    34.2644    27.5543    1446.26    1446.27    -0.9239  1028.2642    34.4311 0.0000e+00
      23343 309.127345  -62.14340  -58.41180     -0.864    1447.51    146.000    144.548    -0.9215    -0.9215     0.0000    -0.9256    -0.9256     0.0000   2.777450   2.777836   0.000385    34.2643    34.2695     7.1733    27.5543    27.5585    311.771  358.53809  360.21183    34.2639    27.5539    1446.24    1446.25    -0.9255  1028.2590    34.4306 0.0000e+00
      23372 309.127359  -62.14340  -58.41180     -0.837    1447.51    145.000    143.558    -0.9231    -0.9222     0.0009    -0.9272    -0.9263     0.0009   2.777209   2.777711   0.000499    34.2634    34.2692     7.1670    27.5536    27.5583    311.497  358.55574  360.22978    34.2631    27.5533    1446.21    1446.23    -0.9270  1028.2536    34.4297 0.0000e+00
      23401 309.127373  -62.14340  -58.41180     -0.837    1447.51    144.000    142.568    -0.9243    -0.9235     0.0008    -0.9283    -0.9275     0.0008   2.776968   2.777471   0.000506    34.2621    34.2680     7.1774    27.5526    27.5574    311.948  358.57038  360.24460    34.2617    27.5523    1446.19    1446.20    -0.9282  1028.2478    34.4283 0.0000e+00
      23429 309.127386  -62.14340  -58.41180     -0.842    1447.51    143.000    141.579    -0.9248    -0.9243     0.0004    -0.9287    -0.9283     0.0004   2.776845   2.777303   0.000459    34.2615    34.2672     7.1798    27.5521    27.5568    312.053  358.57670  360.25099    34.2612    27.5519    1446.17    1446.18    -0.9286  1028.2426    34.4278 0.0000e+00
      23460 309.127401  -62.14340  -58.41180     -0.794    1447.51    142.000    140.589    -0.9246    -0.9242     0.0004    -0.9286    -0.9282     0.0004   2.776834   2.777285   0.000446    34.2617    34.2673     7.1826    27.5523    27.5568    312.174  358.57483  360.24911    34.2615    27.5522    1446.16    1446.16    -0.9284  1028.2381    34.4282 0.0000e+00
      23494 309.127417  -62.14340  -58.41180     -0.731    1447.51    141.000    139.599    -0.9249    -0.9245     0.0004    -0.9288    -0.9284     0.0004   2.776765   2.777193   0.000432    34.2617    34.2671     7.1893    27.5523    27.5566    312.462  358.57751  360.25185    34.2615    27.5521    1446.14    1446.15    -0.9287  1028.2333    34.4281 0.0000e+00
      23527 309.127433  -62.14340  -58.41180     -0.715    1447.51    140.000    138.610    -0.9253    -0.9250     0.0004    -0.9292    -0.9289     0.0004   2.776667   2.777096   0.000432    34.2615    34.2670     7.1907    27.5522    27.5566    312.527  358.58213  360.25656    34.2613    27.5520    1446.12    1446.13    -0.9291  1028.2284    34.4279 0.0000e+00
      23559 309.127449  -62.14340  -58.41180     -0.748    1447.51    139.000    137.620    -0.9263    -0.9259     0.0004    -0.9302    -0.9297     0.0004   2.776515   2.776963   0.000445    34.2612    34.2668     7.1884    27.5519    27.5564    312.426  358.59209  360.26670    34.2609    27.5517    1446.10    1446.11    -0.9300  1028.2233    34.4275 0.0000e+00
      23590 309.127464  -62.14340  -58.41180     -0.766    1447.51    138.000    136.630    -0.9267    -0.9261     0.0006    -0.9305    -0.9299     0.0006   2.776423   2.776887   0.000468    34.2610    34.2667     7.1894    27.5518    27.5564    312.470  358.59668  360.27138    34.2608    27.5516    1446.08    1446.09    -0.9304  1028.2184    34.4273 0.0000e+00
      23621 309.127479  -62.14340  -58.41180     -0.775    1447.51    137.000    135.640    -0.9265    -0.9265     0.0001    -0.9303    -0.9303     0.0001   2.776392   2.776796   0.000401    34.2610    34.2663     7.1863    27.5518    27.5561    312.333  358.59522  360.26989    34.2608    27.5516    1446.06    1446.07    -0.9302  1028.2137    34.4274 0.0000e+00
      23649 309.127492  -62.14340  -58.41180     -0.814    1447.51    136.000    134.651    -0.9269    -0.9267     0.0002    -0.9307    -0.9305     0.0002   2.776293   2.776702   0.000410    34.2607    34.2660     7.1848    27.5516    27.5559    312.269  358.59960  360.27433    34.2605    27.5514    1446.05    1446.05    -0.9306  1028.2086    34.4271 0.0000e+00
      23677 309.127506  -62.14340  -58.41180     -0.868    1447.51    135.000    133.661    -0.9271    -0.9268     0.0003    -0.9308    -0.9305     0.0003   2.776232   2.776647   0.000415    34.2606    34.2659     7.1810    27.5515    27.5558    312.104  358.60124  360.27600    34.2605    27.5514    1446.03    1446.04    -0.9307  1028.2038    34.4271 0.0000e+00
      23704 309.127519  -62.14340  -58.41180     -0.888    1447.51    134.000    132.671    -0.9271    -0.9268     0.0003    -0.9308    -0.9305     0.0003   2.776184   2.776599   0.000414    34.2605    34.2659     7.1817    27.5514    27.5557    312.133  358.60121  360.27596    34.2604    27.5513    1446.01    1446.02    -0.9307  1028.1990    34.4270 0.0000e+00
      23733 309.127533  -62.14340  -58.41180     -0.840    1447.51    133.000    131.682    -0.9271    -0.9268     0.0002    -0.9308    -0.9305     0.0002   2.776131   2.776543   0.000415    34.2604    34.2658     7.1891    27.5513    27.5557    312.459  358.60177  360.27652    34.2604    27.5513    1446.00    1446.00    -0.9307  1028.1942    34.4269 0.0000e+00
      23764 309.127548  -62.14340  -58.41180     -0.786    1447.51    132.000    130.692    -0.9271    -0.9268     0.0003    -0.9307    -0.9304     0.0003   2.776066   2.776443   0.000377    34.2602    34.2650     7.1865    27.5511    27.5550    312.345  358.60218  360.27690    34.2601    27.5510    1445.98    1445.99    -0.9306  1028.1891    34.4266 0.0000e+00
      23795 309.127563  -62.14340  -58.41180     -0.770    1447.51    131.000    129.704    -0.9265    -0.9267    -0.0001    -0.9301    -0.9303    -0.0001   2.775948   2.776385   0.000438    34.2586    34.2647     7.1878    27.5498    27.5548    312.402  358.60160  360.27612    34.2584    27.5497    1445.96    1445.97    -0.9300  1028.1830    34.4249 0.0000e+00
      23828 309.127579  -62.14340  -58.41180     -0.742    1447.51    130.000    128.710    -0.9264    -0.9261     0.0003    -0.9300    -0.9297     0.0003   2.775885   2.776205   0.000325    34.2582    34.2622     7.1834    27.5495    27.5527    312.210  358.60183  360.27631    34.2581    27.5494    1445.95    1445.95    -0.9299  1028.1779    34.4246 0.0000e+00
      23862 309.127595  -62.14340  -58.41180     -0.706    1447.51    129.000    127.722    -0.9265    -0.9263     0.0002    -0.9301    -0.9299     0.0002   2.775691   2.776030   0.000331    34.2564    34.2607     7.1921    27.5481    27.5515    312.587  358.60764  360.28203    34.2562    27.5479    1445.93    1445.94    -0.9300  1028.1716    34.4227 0.0000e+00
      23893 309.127610  -62.14340  -58.41180     -0.746    1447.51    128.000    126.733    -0.9265    -0.9263     0.0003    -0.9301    -0.9298     0.0003   2.775546   2.775991   0.000445    34.2549    34.2606     7.1968    27.5468    27.5515    312.795  358.61188  360.28619    34.2548    27.5468    1445.91    1445.92    -0.9299  1028.1657    34.4213 0.0000e+00
      23923 309.127624  -62.14340  -58.41180     -0.810    1447.51    127.000    125.743    -0.9266    -0.9264     0.0002    -0.9302    -0.9299     0.0002   2.775449   2.775887   0.000441    34.2545    34.2602     7.2008    27.5465    27.5511    312.966  358.61465  360.28897    34.2543    27.5464    1445.89    1445.90    -0.9300  1028.1605    34.4207 0.0000e+00
      23952 309.127638  -62.14340  -58.41180     -0.830    1447.51    126.000    124.753    -0.9268    -0.9265     0.0003    -0.9303    -0.9300     0.0003   2.775353   2.775805   0.000450    34.2539    34.2597     7.2151    27.5460    27.5507    313.588  358.61732  360.29163    34.2538    27.5459    1445.88    1445.88    -0.9302  1028.1552    34.4202 0.0000e+00
      23981 309.127653  -62.14340  -58.41180     -0.812    1447.51    125.000    123.763    -0.9270    -0.9267     0.0003    -0.9304    -0.9301     0.0003   2.775227   2.775631   0.000406    34.2529    34.2582     7.2194    27.5453    27.5495    313.776  358.62163  360.29593    34.2529    27.5452    1445.86    1445.86    -0.9303  1028.1498    34.4193 0.0000e+00
      24012 309.127667  -62.14340  -58.41180     -0.797    1447.51    124.000    122.773    -0.9271    -0.9269     0.0002    -0.9305    -0.9303     0.0002   2.775151   2.775560   0.000410    34.2528    34.2581     7.2174    27.5451    27.5494    313.686  358.62364  360.29796    34.2527    27.5450    1445.84    1445.85    -0.9304  1028.1448    34.4190 0.0000e+00
      24042 309.127682  -62.14340  -58.41180     -0.799    1447.51    123.000    121.784    -0.9274    -0.9273     0.0001    -0.9308    -0.9307     0.0001   2.775038   2.775438   0.000401    34.2522    34.2575     7.2185    27.5446    27.5490    313.736  358.62807  360.30242    34.2521    27.5446    1445.82    1445.83    -0.9307  1028.1395    34.4185 0.0000e+00
      24071 309.127696  -62.14340  -58.41180     -0.810    1447.51    122.000    120.794    -0.9277    -0.9274     0.0003    -0.9310    -0.9307     0.0003   2.774948   2.775368   0.000421    34.2518    34.2572     7.2246    27.5444    27.5487    314.002  358.63159  360.30599    34.2518    27.5443    1445.80    1445.81    -0.9310  1028.1345    34.4181 0.0000e+00
      24101 309.127710  -62.14340  -58.41180     -0.813    1447.51    121.000    119.804    -0.9277    -0.9275     0.0002    -0.9310    -0.9309     0.0002   2.774883   2.775294   0.000410    34.2516    34.2570     7.2316    27.5442    27.5486    314.305  358.63249  360.30688    34.2515    27.5441    1445.79    1445.79    -0.9309  1028.1295    34.4179 0.0000e+00
      24132 309.127725  -62.14340  -58.41180     -0.788    1447.51    120.000    118.814    -0.9277    -0.9275     0.0002    -0.9310    -0.9308     0.0002   2.774854   2.775259   0.000406    34.2518    34.2571     7.2351    27.5444    27.5486    314.456  358.63185  360.30625    34.2517    27.5443    1445.77    1445.78    -0.9309  1028.1249    34.4181 0.0000e+00
      24164 309.127741  -62.14340  -58.41180     -0.748    1447.51    119.000    117.824    -0.9277    -0.9275     0.0002    -0.9309    -0.9308     0.0002   2.774797   2.775223   0.000424    34.2517    34.2573     7.2344    27.5443    27.5488    314.427  358.63231  360.30669    34.2516    27.5442    1445.75    1445.76    -0.9309  1028.1200    34.4180 0.0000e+00
      24197 309.127756  -62.14340  -58.41180     -0.730    1447.51    118.000    116.834    -0.9279    -0.9276     0.0002    -0.9311    -0.9309     0.0002   2.774728   2.775159   0.000432    34.2516    34.2572     7.2365    27.5442    27.5487    314.521  358.63422  360.30864    34.2515    27.5441    1445.74    1445.75    -0.9310  1028.1151    34.4178 0.0000e+00
      24228 309.127772  -62.14340  -58.41180     -0.757    1447.51    117.000    115.845    -0.9280    -0.9277     0.0003    -0.9312    -0.9310     0.0003   2.774642   2.775073   0.000430    34.2512    34.2567     7.2316    27.5439    27.5483    314.305  358.63653  360.31096    34.2511    27.5438    1445.72    1445.73    -0.9311  1028.1100    34.4174 0.0000e+00
      24260 309.127787  -62.14340  -58.41180     -0.769    1447.51    116.000    114.855    -0.9282    -0.9281     0.0001    -0.9314    -0.9313     0.0001   2.774570   2.774974   0.000406    34.2511    34.2564     7.2317    27.5437    27.5481    314.310  358.63877  360.31323    34.2510    27.5437    1445.70    1445.71    -0.9313  1028.1051    34.4173 0.0000e+00
      24291 309.127802  -62.14340  -58.41180     -0.758    1447.51    115.000    113.865    -0.9284    -0.9281     0.0003    -0.9316    -0.9313     0.0003   2.774473   2.774902   0.000424    34.2506    34.2560     7.2368    27.5434    27.5478    314.532  358.64212  360.31660    34.2505    27.5433    1445.68    1445.69    -0.9315  1028.0999    34.4168 0.0000e+00
      24323 309.127817  -62.14340  -58.41180     -0.754    1447.51    114.000    112.875    -0.9285    -0.9282     0.0003    -0.9316    -0.9313     0.0003   2.774382   2.774788   0.000409    34.2501    34.2553     7.2387    27.5429    27.5472    314.617  358.64412  360.31858    34.2499    27.5429    1445.67    1445.67    -0.9315  1028.0947    34.4162 0.0000e+00
      24353 309.127832  -62.14340  -58.41180     -0.788    1447.51    113.000    111.885    -0.9285    -0.9282     0.0003    -0.9316    -0.9313     0.0003   2.774275   2.774709   0.000425    34.2492    34.2547     7.2389    27.5423    27.5467    314.626  358.64647  360.32089    34.2491    27.5422    1445.65    1445.66    -0.9315  1028.0892    34.4154 0.0000e+00
