Pos-Processados/process_op38/Processamento_split/up/uoperantar38_021.cnv
* Sea-Bird SBE 9 Data File:
* FileName = D:\OPERANTAR_XXXVIII\DADOS\OP38_021.hdr
* Software Version Seasave V 7.18c
* Temperature SN = 4808
* Conductivity SN = 3380
* Number of Bytes Per Scan = 34
* Number of Voltage Words = 3
* Number of Scans Averaged by the Deck Unit = 1
* NMEA Latitude = 62 13.30 S
* NMEA Longitude = 058 22.74 W
* NMEA UTC (Time) = Nov 22 2019 13:35:38
** H41
** NAVIO POLAR ALMIRANTE MAXIMIANO
** CRUZEIRO:
** OPERANTAR XXXVIII
** ESTAÇÃO: OP38_021
** LAT 62 13,29'S
** LONG 058 22,75'W
** 09P73767-1155_A
** PROFUNDIDADE: 271
** DATA/HORA: 221336Z/NOV/2019
** OPERADOR: SO-HN CHAVES
# nquan = 30
# nvalues = 229                         
# units = specified
# name 0 = scan: Scan Count
# name 1 = timeJ: Julian Days
# name 2 = latitude: Latitude [deg]
# name 3 = longitude: Longitude [deg]
# name 4 = dz/dtM: Descent Rate [m/s]
# name 5 = avgsvCM: Average Sound Velocity [Chen-Millero, m/s]
# name 6 = prDM: Pressure, Digiquartz [db]
# name 7 = depSM: Depth [salt water, m]
# name 8 = t090C: Temperature [ITS-90, deg C]
# name 9 = t190C: Temperature, 2 [ITS-90, deg C]
# name 10 = T2-T190C: Temperature Difference, 2 - 1 [ITS-90, deg C]
# name 11 = potemp090C: Potential Temperature [ITS-90, deg C]
# name 12 = potemp190C: Potential Temperature, 2 [ITS-90, deg C]
# name 13 = potemp90Cdiff: Potential Temperature, Diff, 2 - 1 [ITS-90, deg C]
# name 14 = c0S/m: Conductivity [S/m]
# name 15 = c1S/m: Conductivity, 2 [S/m]
# name 16 = C2-C1S/m: Conductivity Difference, 2 - 1 [S/m]
# name 17 = sal00: Salinity, Practical [PSU]
# name 18 = sal11: Salinity, Practical, 2 [PSU]
# name 19 = sbeox0ML/L: Oxygen, SBE 43 [ml/l]
# name 20 = sigma-é00: Density [sigma-theta, kg/m^3]
# name 21 = sigma-é11: Density, 2 [sigma-theta, kg/m^3]
# name 22 = sal00: Salinity, Practical [PSU]
# name 23 = sigma-é00: Density [sigma-theta, kg/m^3]
# name 24 = svCM: Sound Velocity [Chen-Millero, m/s]
# name 25 = svCM1: Sound Velocity, 2 [Chen-Millero, m/s]
# name 26 = gsw_ptA0: potential temperature [ITS-90, deg C]
# name 27 = gsw_densityA0: density, TEOS-10 [density, kg/m^3]
# name 28 = gsw_saA0: Absolute Salinity [g/kg]
# name 29 = flag:
# span 0 =      11118,      19423       
# span 1 = 326.571773, 326.575778       
# span 2 =  -62.22180,  -62.22178       
# span 3 =  -58.37916,  -58.37914       
# span 4 =     -0.934,     -0.203       
# span 5 =    1447.92,    1447.92       
# span 6 =      3.000,    231.000       
# span 7 =      2.977,    228.654       
# span 8 =    -0.5711,    -0.3892       
# span 9 =    -0.5726,    -0.3871       
# span 10 =    -0.0168,     0.0058      
# span 11 =    -0.5785,    -0.3894      
# span 12 =    -0.5799,    -0.3873      
# span 13 =    -0.0168,     0.0058      
# span 14 =   2.807601,   2.814464      
# span 15 =   2.807944,   2.814947      
# span 16 =  -0.000374,   0.000621      
# span 17 =    34.1829,    34.3148      
# span 18 =    34.1809,    34.3230      
# span 19 =     6.8985,     7.5717      
# span 20 =    27.4657,    27.5808      
# span 21 =    27.4640,    27.5875      
# span 22 =    34.1828,    34.3148      
# span 23 =    27.4657,    27.5808      
# span 24 =    1446.28,    1449.33      
# span 25 =    1446.30,    1449.34      
# span 26 =    -0.5783,    -0.3894      
# span 27 =  1027.4843,  1028.6894      
# span 28 =    34.3475,    34.4822      
# span 29 = 0.0000e+00, 0.0000e+00      
# interval = decibars: 1                
# start_time = Nov 22 2019 13:35:38 [NMEA time, header]
# bad_flag = -9.990e-29
*END*
[from data line 97]
      14806 326.573552  -62.22178  -58.37915     -0.877    1447.92    134.000    132.675    -0.5125    -0.5255    -0.0130    -0.5167    -0.5296    -0.0130   2.808171   2.808149   0.000018    34.2224    34.2373     7.2968    27.5033    27.5159    34.2233    27.5040    1447.90    1447.86    -0.5166  1028.1498    34.3897 0.0000e+00
      14837 326.573567  -62.22178  -58.37916     -0.810    1447.92    133.000    131.677    -0.5064    -0.5218    -0.0154    -0.5106    -0.5260    -0.0154   2.808363   2.808389   0.000032    34.2192    34.2370     7.3069    27.5004    27.5155    34.2197    27.5008    1447.91    1447.86    -0.5105  1028.1417    34.3860 0.0000e+00
      14871 326.573583  -62.22178  -58.37916     -0.709    1447.92    132.000    130.691    -0.5042    -0.5180    -0.0137    -0.5084    -0.5221    -0.0137   2.808455   2.808364  -0.000057    34.2183    34.2331     7.3307    27.4996    27.5122    34.2190    27.5002    1447.90    1447.86    -0.5082  1028.1364    34.3854 0.0000e+00
      14903 326.573599  -62.22178  -58.37916     -0.729    1447.92    131.000    129.701    -0.5023    -0.5154    -0.0131    -0.5064    -0.5195    -0.0131   2.808475   2.808432  -0.000050    34.2173    34.2314     7.3524    27.4987    27.5107    34.2177    27.4991    1447.89    1447.85    -0.5063  1028.1304    34.3841 0.0000e+00
      14933 326.573613  -62.22178  -58.37914     -0.799    1447.92    130.000    128.711    -0.5024    -0.5126    -0.0102    -0.5065    -0.5166    -0.0102   2.808424   2.808564   0.000137    34.2174    34.2307     7.3581    27.4988    27.5101    34.2178    27.4991    1447.88    1447.85    -0.5064  1028.1257    34.3841 0.0000e+00
      14961 326.573627  -62.22178  -58.37914     -0.835    1447.92    129.000    127.722    -0.5029    -0.5101    -0.0072    -0.5070    -0.5142    -0.0072   2.808353   2.808558   0.000200    34.2177    34.2285     7.3603    27.4991    27.5082    34.2180    27.4993    1447.86    1447.84    -0.5069  1028.1212    34.3844 0.0000e+00
      14990 326.573641  -62.22178  -58.37914     -0.834    1447.92    128.000    126.732    -0.5029    -0.5083    -0.0054    -0.5069    -0.5123    -0.0054   2.808313   2.808506   0.000185    34.2178    34.2264     7.3617    27.4991    27.5063    34.2180    27.4993    1447.84    1447.83    -0.5068  1028.1164    34.3843 0.0000e+00
      15020 326.573655  -62.22178  -58.37914     -0.816    1447.92    127.000    125.742    -0.5028    -0.5071    -0.0043    -0.5067    -0.5110    -0.0043   2.808265   2.808474   0.000198    34.2177    34.2252     7.3608    27.4990    27.5053    34.2179    27.4992    1447.83    1447.82    -0.5067  1028.1115    34.3842 0.0000e+00
      15051 326.573670  -62.22178  -58.37916     -0.783    1447.92    126.000    124.754    -0.5023    -0.5061    -0.0037    -0.5062    -0.5100    -0.0037   2.808239   2.808456   0.000208    34.2175    34.2244     7.3614    27.4988    27.5046    34.2177    27.4990    1447.81    1447.80    -0.5062  1028.1065    34.3839 0.0000e+00
      15081 326.573685  -62.22178  -58.37916     -0.780    1447.92    125.000    123.761    -0.5019    -0.5052    -0.0033    -0.5058    -0.5091    -0.0033   2.808207   2.808444   0.000228    34.2172    34.2240     7.3645    27.4986    27.5043    34.2173    27.4987    1447.80    1447.79    -0.5057  1028.1014    34.3836 0.0000e+00
      15111 326.573699  -62.22178  -58.37915     -0.803    1447.92    124.000    122.773    -0.5014    -0.5046    -0.0033    -0.5052    -0.5085    -0.0033   2.808197   2.808420   0.000220    34.2170    34.2237     7.3683    27.4984    27.5039    34.2173    27.4986    1447.78    1447.78    -0.5052  1028.0966    34.3835 0.0000e+00
      15142 326.573714  -62.22178  -58.37914     -0.789    1447.92    123.000    121.783    -0.4978    -0.5039    -0.0060    -0.5017    -0.5077    -0.0060   2.808326   2.808422   0.000097    34.2153    34.2234     7.3629    27.4969    27.5038    34.2156    27.4971    1447.78    1447.76    -0.5016  1028.0903    34.3818 0.0000e+00
      15178 326.573731  -62.22178  -58.37914     -0.698    1447.92    122.000    120.793    -0.4965    -0.5026    -0.0061    -0.5003    -0.5064    -0.0061   2.808336   2.808486   0.000148    34.2146    34.2234     7.3700    27.4963    27.5037    34.2149    27.4965    1447.77    1447.75    -0.5002  1028.0848    34.3811 0.0000e+00
      15213 326.573748  -62.22178  -58.37914     -0.665    1447.92    121.000    119.803    -0.4950    -0.5010    -0.0059    -0.4988    -0.5047    -0.0059   2.808366   2.808512   0.000147    34.2139    34.2226     7.3725    27.4957    27.5029    34.2142    27.4959    1447.76    1447.74    -0.4987  1028.0794    34.3804 0.0000e+00
      15245 326.573764  -62.22178  -58.37914     -0.731    1447.92    120.000    118.813    -0.4943    -0.4996    -0.0053    -0.4980    -0.5033    -0.0053   2.808353   2.808543   0.000187    34.2135    34.2220     7.3741    27.4953    27.5024    34.2138    27.4955    1447.75    1447.73    -0.4979  1028.0743    34.3800 0.0000e+00
      15278 326.573779  -62.22178  -58.37914     -0.743    1447.92    119.000    117.824    -0.4936    -0.4982    -0.0046    -0.4973    -0.5019    -0.0046   2.808331   2.808537   0.000203    34.2131    34.2211     7.3673    27.4949    27.5016    34.2133    27.4951    1447.73    1447.72    -0.4972  1028.0691    34.3795 0.0000e+00
      15313 326.573796  -62.22178  -58.37914     -0.691    1447.92    118.000    116.833    -0.4927    -0.4969    -0.0041    -0.4964    -0.5006    -0.0041   2.808328   2.808532   0.000198    34.2128    34.2202     7.3759    27.4946    27.5008    34.2130    27.4947    1447.72    1447.71    -0.4963  1028.0640    34.3791 0.0000e+00
      15346 326.573812  -62.22178  -58.37914     -0.703    1447.92    117.000    115.844    -0.4916    -0.4959    -0.0043    -0.4952    -0.4996    -0.0043   2.808333   2.808516   0.000180    34.2122    34.2194     7.3775    27.4941    27.5001    34.2124    27.4942    1447.71    1447.70    -0.4952  1028.0587    34.3785 0.0000e+00
      15377 326.573827  -62.22178  -58.37914     -0.766    1447.92    116.000    114.854    -0.4915    -0.4951    -0.0035    -0.4952    -0.4987    -0.0035   2.808278   2.808526   0.000242    34.2120    34.2192     7.3881    27.4939    27.5000    34.2121    27.4940    1447.69    1447.69    -0.4950  1028.0537    34.3783 0.0000e+00
      15410 326.573843  -62.22178  -58.37914     -0.747    1447.92    115.000    113.864    -0.4919    -0.4942    -0.0023    -0.4955    -0.4978    -0.0023   2.808208   2.808490   0.000276    34.2122    34.2185     7.3883    27.4941    27.4993    34.2123    27.4942    1447.67    1447.67    -0.4954  1028.0490    34.3784 0.0000e+00
      15448 326.573861  -62.22178  -58.37914     -0.647    1447.92    114.000    112.874    -0.4923    -0.4937    -0.0014    -0.4958    -0.4972    -0.0014   2.808147   2.808449   0.000294    34.2124    34.2179     7.3909    27.4943    27.4988    34.2124    27.4943    1447.66    1447.66    -0.4958  1028.0444    34.3785 0.0000e+00
      15488 326.573881  -62.22178  -58.37914     -0.600    1447.92    113.000    111.885    -0.4923    -0.4934    -0.0010    -0.4958    -0.4969    -0.0010   2.808088   2.808388   0.000293    34.2123    34.2174     7.3916    27.4942    27.4983    34.2123    27.4942    1447.64    1447.64    -0.4957  1028.0395    34.3784 0.0000e+00
      15521 326.573897  -62.22178  -58.37914     -0.688    1447.92    112.000    110.895    -0.4916    -0.4933    -0.0016    -0.4951    -0.4967    -0.0016   2.808046   2.808351   0.000300    34.2116    34.2174     7.3874    27.4936    27.4984    34.2116    27.4936    1447.63    1447.63    -0.4950  1028.0341    34.3777 0.0000e+00
      15550 326.573911  -62.22178  -58.37914     -0.803    1447.92    111.000    109.905    -0.4910    -0.4929    -0.0019    -0.4945    -0.4964    -0.0019   2.808003   2.808299   0.000295    34.2109    34.2170     7.3838    27.4929    27.4980    34.2109    27.4930    1447.61    1447.61    -0.4944  1028.0288    34.3770 0.0000e+00
      15579 326.573925  -62.22178  -58.37914     -0.833    1447.92    110.000    108.915    -0.4889    -0.4925    -0.0036    -0.4923    -0.4960    -0.0036   2.807999   2.808260   0.000263    34.2090    34.2166     7.3836    27.4914    27.4977    34.2091    27.4915    1447.60    1447.60    -0.4923  1028.0224    34.3752 0.0000e+00
      15611 326.573940  -62.22178  -58.37914     -0.771    1447.92    109.000    107.930    -0.4888    -0.4920    -0.0032    -0.4922    -0.4954    -0.0032   2.807983   2.808259   0.000277    34.2092    34.2165     7.3870    27.4915    27.4976    34.2094    27.4917    1447.59    1447.58    -0.4921  1028.0178    34.3754 0.0000e+00
      15644 326.573956  -62.22178  -58.37914     -0.728    1447.92    108.000    106.931    -0.4875    -0.4910    -0.0035    -0.4908    -0.4944    -0.0035   2.808012   2.808270   0.000259    34.2088    34.2162     7.3982    27.4911    27.4973    34.2089    27.4912    1447.58    1447.57    -0.4908  1028.0126    34.3749 0.0000e+00
      15677 326.573972  -62.22178  -58.37914     -0.729    1447.92    107.000    105.945    -0.4850    -0.4900    -0.0049    -0.4883    -0.4933    -0.0049   2.808129   2.808309   0.000185    34.2080    34.2161     7.4003    27.4904    27.4971    34.2083    27.4906    1447.57    1447.56    -0.4883  1028.0072    34.3743 0.0000e+00
      15712 326.573989  -62.22178  -58.37914     -0.703    1447.92    106.000    104.961    -0.4818    -0.4881    -0.0063    -0.4851    -0.4915    -0.0063   2.808317   2.808482   0.000187    34.2073    34.2169     7.4062    27.4897    27.4977    34.2079    27.4901    1447.57    1447.55    -0.4850  1028.0020    34.3739 0.0000e+00
      15746 326.574005  -62.22178  -58.37914     -0.693    1447.92    105.000    103.960    -0.4759    -0.4858    -0.0100    -0.4791    -0.4891    -0.0099   2.808718   2.808625  -0.000062    34.2064    34.2168     7.4139    27.4887    27.4975    34.2071    27.4893    1447.58    1447.55    -0.4791  1027.9963    34.3731 0.0000e+00
      15779 326.574021  -62.22178  -58.37914     -0.720    1447.92    104.000    102.975    -0.4705    -0.4834    -0.0130    -0.4737    -0.4866    -0.0130   2.808999   2.808797  -0.000200    34.2049    34.2169     7.4114    27.4872    27.4975    34.2054    27.4876    1447.59    1447.54    -0.4737  1027.9898    34.3714 0.0000e+00
      15812 326.574037  -62.22178  -58.37914     -0.741    1447.92    103.000    101.986    -0.4701    -0.4804    -0.0104    -0.4733    -0.4836    -0.0104   2.808977   2.809040   0.000059    34.2050    34.2175     7.4168    27.4873    27.4978    34.2053    27.4875    1447.57    1447.54    -0.4732  1027.9849    34.3713 0.0000e+00
      15844 326.574052  -62.22178  -58.37914     -0.744    1447.92    102.000    100.996    -0.4651    -0.4773    -0.0122    -0.4683    -0.4805    -0.0122   2.809344   2.809105  -0.000197    34.2044    34.2155     7.4218    27.4865    27.4961    34.2053    27.4873    1447.58    1447.54    -0.4682  1027.9799    34.3712 0.0000e+00
      15877 326.574068  -62.22178  -58.37914     -0.736    1447.92    101.000    100.006    -0.4623    -0.4744    -0.0121    -0.4655    -0.4776    -0.0121   2.809436   2.809331  -0.000112    34.2035    34.2156     7.4296    27.4857    27.4961    34.2040    27.4861    1447.57    1447.53    -0.4654  1027.9739    34.3699 0.0000e+00
      15911 326.574084  -62.22178  -58.37914     -0.712    1447.92    100.000     99.016    -0.4628    -0.4711    -0.0083    -0.4660    -0.4742    -0.0083   2.809337   2.809461   0.000116    34.2035    34.2144     7.4343    27.4857    27.4949    34.2038    27.4860    1447.55    1447.53    -0.4659  1027.9690    34.3697 0.0000e+00
      15946 326.574101  -62.22178  -58.37914     -0.685    1447.92     99.000     98.026    -0.4621    -0.4684    -0.0063    -0.4652    -0.4715    -0.0063   2.809365   2.809456   0.000090    34.2036    34.2119     7.4407    27.4858    27.4928    34.2040    27.4861    1447.54    1447.52    -0.4651  1027.9643    34.3699 0.0000e+00
      15981 326.574118  -62.22178  -58.37914     -0.679    1447.92     98.000     97.036    -0.4615    -0.4667    -0.0052    -0.4646    -0.4698    -0.0052   2.809344   2.809442   0.000088    34.2034    34.2104     7.4447    27.4856    27.4915    34.2037    27.4858    1447.53    1447.51    -0.4645  1027.9593    34.3696 0.0000e+00
      16013 326.574134  -62.22178  -58.37914     -0.724    1447.92     97.000     96.046    -0.4608    -0.4653    -0.0046    -0.4638    -0.4684    -0.0046   2.809326   2.809462   0.000127    34.2029    34.2098     7.4401    27.4852    27.4909    34.2032    27.4854    1447.51    1447.50    -0.4638  1027.9541    34.3690 0.0000e+00
      16044 326.574149  -62.22178  -58.37914     -0.773    1447.92     96.000     95.056    -0.4600    -0.4643    -0.0044    -0.4630    -0.4673    -0.0043   2.809305   2.809454   0.000140    34.2024    34.2092     7.4353    27.4847    27.4904    34.2026    27.4849    1447.50    1447.49    -0.4629  1027.9488    34.3685 0.0000e+00
      16074 326.574163  -62.22178  -58.37914     -0.806    1447.92     95.000     94.066    -0.4599    -0.4634    -0.0034    -0.4629    -0.4664    -0.0034   2.809253   2.809446   0.000186    34.2023    34.2087     7.4395    27.4846    27.4900    34.2025    27.4848    1447.49    1447.48    -0.4628  1027.9439    34.3683 0.0000e+00
      16103 326.574177  -62.22178  -58.37914     -0.809    1447.92     94.000     93.076    -0.4581    -0.4625    -0.0044    -0.4611    -0.4655    -0.0044   2.809288   2.809444   0.000152    34.2014    34.2083     7.4449    27.4838    27.4896    34.2016    27.4839    1447.48    1447.47    -0.4610  1027.9383    34.3674 0.0000e+00
      16133 326.574192  -62.22178  -58.37914     -0.806    1447.92     93.000     92.091    -0.4577    -0.4615    -0.0038    -0.4606    -0.4644    -0.0038   2.809274   2.809452   0.000177    34.2012    34.2079     7.4457    27.4837    27.4893    34.2015    27.4839    1447.46    1447.45    -0.4605  1027.9334    34.3673 0.0000e+00
      16165 326.574207  -62.22179  -58.37914     -0.774    1447.92     92.000     91.092    -0.4566    -0.4606    -0.0040    -0.4595    -0.4635    -0.0040   2.809292   2.809442   0.000140    34.2010    34.2074     7.4471    27.4834    27.4888    34.2011    27.4835    1447.45    1447.44    -0.4594  1027.9283    34.3669 0.0000e+00
      16198 326.574223  -62.22180  -58.37914     -0.729    1447.92     91.000     90.106    -0.4570    -0.4594    -0.0024    -0.4598    -0.4622    -0.0024   2.809272   2.809541   0.000275    34.2015    34.2078     7.4480    27.4838    27.4891    34.2019    27.4842    1447.43    1447.43    -0.4598  1027.9241    34.3676 0.0000e+00
      16230 326.574238  -62.22180  -58.37914     -0.742    1447.92     90.000     89.117    -0.4487    -0.4576    -0.0089    -0.4515    -0.4604    -0.0089   2.809760   2.809640  -0.000104    34.1991    34.2078     7.4558    27.4816    27.4890    34.1997    27.4820    1447.45    1447.42    -0.4515  1027.9172    34.3655 0.0000e+00
      16260 326.574253  -62.22180  -58.37914     -0.789    1447.92     89.000     88.126    -0.4456    -0.4557    -0.0100    -0.4484    -0.4585    -0.0100   2.809894   2.809847  -0.000050    34.1982    34.2088     7.4630    27.4806    27.4897    34.1987    27.4810    1447.45    1447.42    -0.4483  1027.9114    34.3644 0.0000e+00
      16288 326.574266  -62.22178  -58.37914     -0.833    1447.92     88.000     87.137    -0.4447    -0.4532    -0.0084    -0.4474    -0.4559    -0.0084   2.809854   2.810005   0.000153    34.1973    34.2089     7.4711    27.4799    27.4897    34.1977    27.4802    1447.44    1447.41    -0.4474  1027.9057    34.3634 0.0000e+00
      16316 326.574280  -62.22178  -58.37914     -0.849    1447.92     87.000     86.147    -0.4437    -0.4509    -0.0071    -0.4465    -0.4536    -0.0071   2.809854   2.809966   0.000118    34.1968    34.2064     7.4714    27.4794    27.4875    34.1972    27.4798    1447.42    1447.40    -0.4464  1027.9005    34.3629 0.0000e+00
