Pos-Processados/process_op38/Processamento_split/up/uoperantar38_008.cnv
* Sea-Bird SBE 9 Data File:
* FileName = D:\OPERANTAR_XXXVIII\DADOS\OP38_008.hdr
* Software Version Seasave V 7.18c
* Temperature SN = 4808
* Conductivity SN = 3380
* Number of Bytes Per Scan = 31
* Number of Voltage Words = 2
* Number of Scans Averaged by the Deck Unit = 1
* NMEA Latitude = 44 37.30 S
* NMEA Longitude = 052 09.37 W
* NMEA UTC (Time) = Oct 20 2019 01:25:54
** H41
** NAVIO POLAR ALMIRANTE MAXIMIANO
** CRUZEIRO:
** OPERANTAR XXXVIII
** ESTAวรO: OP38_008
** LAT 44บ 37,32'S
** LONG 052บ 09,39'W
** 09P73767-1155
** PROFUNDIDADE: 5784
** DATA/HORA: 200126Z/OUT/19
** OPERADOR: CT TECCHIO
# nquan = 30
# nvalues = 1041                        
# units = specified
# name 0 = scan: Scan Count
# name 1 = timeJ: Julian Days
# name 2 = latitude: Latitude [deg]
# name 3 = longitude: Longitude [deg]
# name 4 = dz/dtM: Descent Rate [m/s]
# name 5 = avgsvCM: Average Sound Velocity [Chen-Millero, m/s]
# name 6 = prDM: Pressure, Digiquartz [db]
# name 7 = depSM: Depth [salt water, m]
# name 8 = t090C: Temperature [ITS-90, deg C]
# name 9 = t190C: Temperature, 2 [ITS-90, deg C]
# name 10 = T2-T190C: Temperature Difference, 2 - 1 [ITS-90, deg C]
# name 11 = potemp090C: Potential Temperature [ITS-90, deg C]
# name 12 = potemp190C: Potential Temperature, 2 [ITS-90, deg C]
# name 13 = potemp90Cdiff: Potential Temperature, Diff, 2 - 1 [ITS-90, deg C]
# name 14 = c0S/m: Conductivity [S/m]
# name 15 = c1S/m: Conductivity, 2 [S/m]
# name 16 = C2-C1S/m: Conductivity Difference, 2 - 1 [S/m]
# name 17 = sal00: Salinity, Practical [PSU]
# name 18 = sal11: Salinity, Practical, 2 [PSU]
# name 19 = sbeox0ML/L: Oxygen, SBE 43 [ml/l]
# name 20 = sigma-้00: Density [sigma-theta, kg/m^3]
# name 21 = sigma-้11: Density, 2 [sigma-theta, kg/m^3]
# name 22 = sal00: Salinity, Practical [PSU]
# name 23 = sigma-้00: Density [sigma-theta, kg/m^3]
# name 24 = svCM: Sound Velocity [Chen-Millero, m/s]
# name 25 = svCM1: Sound Velocity, 2 [Chen-Millero, m/s]
# name 26 = gsw_ptA0: potential temperature [ITS-90, deg C]
# name 27 = gsw_densityA0: density, TEOS-10 [density, kg/m^3]
# name 28 = gsw_saA0: Absolute Salinity [g/kg]
# name 29 = flag:
# span 0 =      34368,      73448       
# span 1 = 293.076226, 293.095073       
# span 2 =  -44.62010,  -44.60889       
# span 3 =  -52.15423,  -52.14131       
# span 4 =     -1.531,     -0.190       
# span 5 =    1479.61,    1479.61       
# span 6 =      3.000,   1043.000       
# span 7 =      3.012,   1031.979       
# span 8 =     3.0034,    13.2703       
# span 9 =     3.0035,    13.2538       
# span 10 =    -0.1966,     0.2897      
# span 11 =     2.9326,    13.2618      
# span 12 =     2.9327,    13.2451      
# span 13 =    -0.1963,     0.2892      
# span 14 =   3.152741,   4.155890      
# span 15 =   3.153316,   4.154060      
# span 16 =  -0.020591,   0.033213      
# span 17 =    34.1211,    35.2723      
# span 18 =    34.1265,    35.2754      
# span 19 =     4.6656,     6.4395      
# span 20 =    26.4779,    27.3382      
# span 21 =    26.4827,    27.3423      
# span 22 =    34.1201,    35.3006      
# span 23 =    26.4774,    27.3382      
# span 24 =    1475.02,    1502.44      
# span 25 =    1475.03,    1502.41      
# span 26 =     2.9324,    13.2618      
# span 27 =  1026.4971,  1032.1698      
# span 28 =    34.2823,    35.4673      
# span 29 = 0.0000e+00, 0.0000e+00      
# interval = decibars: 1                
# start_time = Oct 20 2019 01:25:54 [NMEA time, header]
# bad_flag = -9.990e-29
*END*
[from data line 49]
      36062 293.077043  -44.61960  -52.15370     -1.228    1479.61    994.000    983.611     3.0346     3.0245    -0.0101     2.9672     2.9572    -0.0100   3.154244   3.153588  -0.000611    34.2826    34.2858     4.7451    27.3153    27.3188    34.2807    27.3138    1477.96    1477.92     2.9671  1031.9202    34.4459 0.0000e+00
      36107 293.077065  -44.61959  -52.15368     -0.648    1479.61    993.000    982.626     3.0339     3.0230    -0.0109     2.9667     2.9559    -0.0108   3.154283   3.153497  -0.000777    34.2830    34.2851     4.7776    27.3157    27.3184    34.2824    27.3152    1477.94    1477.90     2.9665  1031.9170    34.4475 0.0000e+00
      36166 293.077094  -44.61957  -52.15366     -0.378    1479.61    992.000    981.637     3.0222     3.0234     0.0013     2.9551     2.9563     0.0012   3.152741   3.153316   0.000567    34.2775    34.2830     4.8086    27.3124    27.3167    34.2766    27.3117    1477.87    1477.88     2.9550  1031.9093    34.4418 0.0000e+00
      36190 293.077105  -44.61956  -52.15366     -0.805    1479.61    991.000    980.650     3.0245     3.0248     0.0003     2.9575     2.9578     0.0003   3.153057   3.153509   0.000455    34.2787    34.2838     4.8082    27.3131    27.3172    34.2785    27.3130    1477.86    1477.87     2.9574  1031.9059    34.4437 0.0000e+00
      36210 293.077115  -44.61956  -52.15366     -1.056    1479.61    990.000    979.663     3.0309     3.0341     0.0032     2.9639     2.9671     0.0032   3.153619   3.154415   0.000735    34.2787    34.2842     4.8298    27.3126    27.3166    34.2790    27.3128    1477.87    1477.90     2.9638  1031.9010    34.4442 0.0000e+00
      36232 293.077125  -44.61955  -52.15365     -1.146    1479.61    989.000    978.680     3.0414     3.0487     0.0073     2.9744     2.9816     0.0073   3.154651   3.155709   0.001044    34.2796    34.2845     4.8453    27.3123    27.3156    34.2810    27.3134    1477.91    1477.94     2.9743  1031.8967    34.4462 0.0000e+00
      36259 293.077138  -44.61954  -52.15364     -0.987    1479.61    988.000    977.686     3.0498     3.0619     0.0121     2.9827     2.9948     0.0120   3.155204   3.156766   0.001515    34.2792    34.2847     4.8526    27.3112    27.3145    34.2794    27.3114    1477.92    1477.98     2.9826  1031.8899    34.4445 0.0000e+00
      36297 293.077157  -44.61953  -52.15362     -0.656    1479.61    987.000    976.701     3.0625     3.0673     0.0047     2.9955     3.0002     0.0047   3.156421   3.157234   0.000832    34.2797    34.2848     4.8378    27.3105    27.3141    34.2811    27.3116    1477.96    1477.99     2.9954  1031.8852    34.4463 0.0000e+00
      36336 293.077175  -44.61952  -52.15362     -0.620    1479.61    986.000    975.714     3.0696     3.0706     0.0010     3.0026     3.0036     0.0009   3.156839   3.157347   0.000497    34.2789    34.2839     4.8258    27.3092    27.3131    34.2793    27.3095    1477.98    1477.99     3.0025  1031.8783    34.4444 0.0000e+00
      36371 293.077192  -44.61951  -52.15360     -0.677    1479.61    985.000    974.726     3.0691     3.0704     0.0013     3.0022     3.0035     0.0013   3.156759   3.157222   0.000477    34.2787    34.2831     4.8213    27.3091    27.3125    34.2793    27.3096    1477.96    1477.97     3.0021  1031.8738    34.4445 0.0000e+00
      36406 293.077209  -44.61950  -52.15360     -0.686    1479.61    984.000    973.739     3.0688     3.0682    -0.0007     3.0020     3.0013    -0.0007   3.156555   3.156895   0.000346    34.2775    34.2824     4.8243    27.3081    27.3121    34.2777    27.3083    1477.94    1477.94     3.0019  1031.8679    34.4428 0.0000e+00
      36440 293.077226  -44.61950  -52.15358     -0.691    1479.61    983.000    972.752     3.0669     3.0677     0.0008     3.0002     3.0010     0.0008   3.156305   3.156765   0.000456    34.2770    34.2816     4.8315    27.3079    27.3115    34.2772    27.3080    1477.91    1477.92     3.0001  1031.8631    34.4423 0.0000e+00
      36469 293.077239  -44.61948  -52.15358     -0.784    1479.61    982.000    971.765     3.0668     3.0673     0.0005     3.0001     3.0006     0.0005   3.156136   3.156483   0.000380    34.2759    34.2799     4.8406    27.3070    27.3102    34.2758    27.3069    1477.89    1477.90     3.0000  1031.8575    34.4409 0.0000e+00
      36492 293.077251  -44.61948  -52.15358     -0.938    1479.61    981.000    970.778     3.0621     3.0618    -0.0003     2.9956     2.9953    -0.0003   3.155411   3.155814   0.000377    34.2731    34.2779     4.8432    27.3052    27.3091    34.2725    27.3047    1477.85    1477.86     2.9954  1031.8509    34.4376 0.0000e+00
      36514 293.077261  -44.61948  -52.15356     -1.055    1479.61    980.000    969.790     3.0609     3.0619     0.0010     2.9945     2.9955     0.0010   3.155222   3.155723   0.000492    34.2718    34.2766     4.8501    27.3043    27.3080    34.2720    27.3045    1477.83    1477.84     2.9943  1031.8460    34.4371 0.0000e+00
      36540 293.077274  -44.61946  -52.15354     -1.009    1479.61    979.000    968.803     3.0639     3.0664     0.0025     2.9975     3.0000     0.0025   3.155410   3.156004   0.000587    34.2715    34.2759     4.8602    27.3037    27.3070    34.2716    27.3039    1477.82    1477.84     2.9974  1031.8407    34.4367 0.0000e+00
      36589 293.077297  -44.61945  -52.15354     -0.511    1479.61    978.000    967.816     3.0714     3.0706    -0.0008     3.0050     3.0042    -0.0008   3.156004   3.156344   0.000347    34.2708    34.2758     4.8890    27.3025    27.3066    34.2715    27.3030    1477.84    1477.84     3.0049  1031.8352    34.4365 0.0000e+00
      36642 293.077323  -44.61943  -52.15352     -0.462    1479.61    977.000    966.829     3.0766     3.0769     0.0002     3.0103     3.0105     0.0002   3.156280   3.156757   0.000470    34.2696    34.2751     4.9056    27.3011    27.3054    34.2698    27.3012    1477.84    1477.85     3.0102  1031.8286    34.4348 0.0000e+00
      36674 293.077338  -44.61942  -52.15352     -0.689    1479.61    976.000    965.841     3.0749     3.0772     0.0023     3.0086     3.0109     0.0023   3.156164   3.156778   0.000616    34.2703    34.2752     4.9040    27.3018    27.3055    34.2708    27.3022    1477.82    1477.84     3.0085  1031.8250    34.4358 0.0000e+00
      36700 293.077351  -44.61942  -52.15350     -0.858    1479.61    975.000    964.854     3.0774     3.0792     0.0018     3.0112     3.0130     0.0018   3.156317   3.156924   0.000598    34.2701    34.2754     4.9054    27.3014    27.3055    34.2704    27.3016    1477.81    1477.83     3.0111  1031.8199    34.4355 0.0000e+00
      36722 293.077362  -44.61942  -52.15350     -1.005    1479.61    974.000    963.867     3.0789     3.0841     0.0052     3.0127     3.0179     0.0052   3.156455   3.157409   0.000906    34.2704    34.2759     4.9097    27.3015    27.3054    34.2711    27.3021    1477.81    1477.84     3.0126  1031.8156    34.4362 0.0000e+00
      36742 293.077371  -44.61941  -52.15349     -1.130    1479.61    973.000    962.879     3.0843     3.0898     0.0054     3.0182     3.0236     0.0054   3.156941   3.157811   0.000890    34.2708    34.2758     4.9050    27.3013    27.3048    34.2717    27.3020    1477.81    1477.84     3.0181  1031.8103    34.4360 0.0000e+00
      36763 293.077381  -44.61940  -52.15348     -1.181    1479.61    972.000    961.892     3.0896     3.0918     0.0022     3.0236     3.0257     0.0022   3.157333   3.157945   0.000625    34.2706    34.2758     4.9027    27.3007    27.3046    34.2714    27.3013    1477.82    1477.83     3.0234  1031.8054    34.4364 0.0000e+00
      36791 293.077395  -44.61940  -52.15347     -0.998    1479.61    971.000    960.906     3.0920     3.0923     0.0003     3.0260     3.0263     0.0003   3.157465   3.157921   0.000471    34.2704    34.2757     4.9018    27.3003    27.3045    34.2710    27.3008    1477.81    1477.82     3.0259  1031.8002    34.4360 0.0000e+00
      36846 293.077422  -44.61937  -52.15345     -0.368    1479.61    970.000    959.917     3.1019     3.1005    -0.0014     3.0359     3.0345    -0.0014   3.158200   3.158529   0.000329    34.2690    34.2745     4.8919    27.2983    27.3028    34.2699    27.2990    1477.84    1477.84     3.0358  1031.7937    34.4350 0.0000e+00
      36887 293.077441  -44.61936  -52.15344     -0.579    1479.61    969.000    958.928     3.1017     3.1023     0.0007     3.0357     3.0364     0.0006   3.158071   3.158591   0.000501    34.2689    34.2742     4.9017    27.2982    27.3024    34.2692    27.2984    1477.82    1477.83     3.0356  1031.7885    34.4342 0.0000e+00
      36920 293.077457  -44.61936  -52.15344     -0.726    1479.61    968.000    957.943     3.1014     3.1034     0.0020     3.0355     3.0375     0.0020   3.158027   3.158601   0.000565    34.2691    34.2738     4.9083    27.2984    27.3020    34.2695    27.2987    1477.80    1477.81     3.0354  1031.7842    34.4345 0.0000e+00
      36954 293.077474  -44.61934  -52.15342     -0.697    1479.61    967.000    956.955     3.1007     3.1043     0.0036     3.0349     3.0385     0.0036   3.157938   3.158612   0.000671    34.2693    34.2735     4.9143    27.2986    27.3016    34.2696    27.2989    1477.78    1477.80     3.0348  1031.7798    34.4347 0.0000e+00
      36982 293.077487  -44.61934  -52.15341     -0.796    1479.61    966.000    955.968     3.1035     3.1068     0.0033     3.0378     3.0410     0.0033   3.158120   3.158904   0.000721    34.2687    34.2739     4.9117    27.2979    27.3017    34.2694    27.2984    1477.78    1477.80     3.0376  1031.7747    34.4344 0.0000e+00
      37003 293.077497  -44.61933  -52.15340     -0.999    1479.61    965.000    954.981     3.1167     3.1209     0.0043     3.0509     3.0551     0.0042   3.159326   3.160038   0.000780    34.2687    34.2736     4.9120    27.2967    27.3002    34.2706    27.2982    1477.82    1477.84     3.0508  1031.7695    34.4356 0.0000e+00
      37023 293.077507  -44.61932  -52.15340     -1.159    1479.61    964.000    953.993     3.1225     3.1251     0.0026     3.0568     3.0594     0.0026   3.159646   3.160248   0.000598    34.2678    34.2723     4.9185    27.2954    27.2987    34.2688    27.2962    1477.82    1477.84     3.0567  1031.7628    34.4338 0.0000e+00
      37045 293.077517  -44.61932  -52.15339     -1.159    1479.61    963.000    953.006     3.1263     3.1278     0.0015     3.0607     3.0621     0.0014   3.159848   3.160370   0.000533    34.2668    34.2717     4.9222    27.2943    27.2980    34.2677    27.2950    1477.82    1477.83     3.0605  1031.7569    34.4327 0.0000e+00
      37086 293.077537  -44.61931  -52.15338     -0.676    1479.61    962.000    952.019     3.1253     3.1251    -0.0002     3.0597     3.0595    -0.0002   3.159580   3.160020   0.000448    34.2657    34.2712     4.9242    27.2934    27.2979    34.2661    27.2938    1477.80    1477.81     3.0596  1031.7512    34.4311 0.0000e+00
      37138 293.077562  -44.61928  -52.15336     -0.439    1479.61    961.000    951.030     3.1243     3.1247     0.0004     3.0588     3.0592     0.0004   3.159132   3.159635   0.000496    34.2619    34.2675     4.9286    27.2906    27.2949    34.2624    27.2909    1477.77    1477.78     3.0586  1031.7437    34.4273 0.0000e+00
      37168 293.077577  -44.61928  -52.15335     -0.717    1479.61    960.000    950.044     3.1249     3.1247    -0.0002     3.0595     3.0592    -0.0002   3.159241   3.159561   0.000330    34.2634    34.2676     4.9366    27.2917    27.2950    34.2635    27.2917    1477.76    1477.76     3.0593  1031.7400    34.4285 0.0000e+00
      37194 293.077589  -44.61928  -52.15334     -0.887    1479.61    959.000    949.056     3.1230     3.1235     0.0005     3.0576     3.0582     0.0005   3.158832   3.159295   0.000463    34.2610    34.2660     4.9473    27.2899    27.2938    34.2611    27.2900    1477.73    1477.74     3.0575  1031.7337    34.4261 0.0000e+00
      37223 293.077603  -44.61927  -52.15334     -0.872    1479.61    958.000    948.072     3.1230     3.1242     0.0011     3.0578     3.0589     0.0011   3.158811   3.159262   0.000448    34.2611    34.2653     4.9555    27.2900    27.2932    34.2613    27.2901    1477.72    1477.73     3.0576  1031.7293    34.4262 0.0000e+00
      37254 293.077618  -44.61926  -52.15332     -0.765    1479.61    957.000    947.079     3.1241     3.1251     0.0009     3.0589     3.0599     0.0009   3.158800   3.159285   0.000489    34.2603    34.2652     4.9628    27.2892    27.2931    34.2605    27.2894    1477.70    1477.71     3.0588  1031.7239    34.4255 0.0000e+00
      37282 293.077632  -44.61926  -52.15332     -0.822    1479.61    956.000    946.094     3.1254     3.1262     0.0008     3.0603     3.0610     0.0008   3.158806   3.159306   0.000493    34.2596    34.2647     4.9671    27.2886    27.2925    34.2598    27.2887    1477.69    1477.70     3.0601  1031.7186    34.4247 0.0000e+00
      37307 293.077644  -44.61924  -52.15330     -0.926    1479.61    955.000    945.107     3.1261     3.1265     0.0005     3.0610     3.0614     0.0005   3.158779   3.159205   0.000434    34.2592    34.2639     4.9676    27.2881    27.2919    34.2593    27.2882    1477.68    1477.69     3.0609  1031.7136    34.4242 0.0000e+00
      37337 293.077658  -44.61923  -52.15330     -0.860    1479.61    954.000    944.120     3.1256     3.1259     0.0003     3.0607     3.0609     0.0002   3.158641   3.159091   0.000445    34.2585    34.2636     4.9658    27.2876    27.2917    34.2586    27.2877    1477.66    1477.67     3.0605  1031.7084    34.4235 0.0000e+00
      37380 293.077679  -44.61922  -52.15328     -0.562    1479.61    953.000    943.132     3.1250     3.1257     0.0007     3.0601     3.0607     0.0007   3.158483   3.159022   0.000543    34.2578    34.2636     4.9708    27.2871    27.2917    34.2579    27.2872    1477.64    1477.65     3.0600  1031.7034    34.4228 0.0000e+00
      37412 293.077695  -44.61921  -52.15327     -0.666    1479.61    952.000    942.145     3.1250     3.1254     0.0004     3.0602     3.0606     0.0004   3.158449   3.158941   0.000490    34.2579    34.2634     4.9704    27.2872    27.2915    34.2580    27.2873    1477.62    1477.63     3.0600  1031.6989    34.4229 0.0000e+00
      37436 293.077706  -44.61920  -52.15326     -0.903    1479.61    951.000    941.157     3.1289     3.1320     0.0031     3.0641     3.0672     0.0031   3.158784   3.159499   0.000683    34.2578    34.2627     4.9659    27.2867    27.2904    34.2584    27.2873    1477.62    1477.64     3.0640  1031.6942    34.4233 0.0000e+00
      37460 293.077717  -44.61920  -52.15326     -1.030    1479.61    950.000    940.170     3.1345     3.1396     0.0051     3.0698     3.0748     0.0051   3.159170   3.159958   0.000794    34.2570    34.2612     4.9693    27.2856    27.2885    34.2577    27.2862    1477.63    1477.66     3.0696  1031.6883    34.4226 0.0000e+00
      37491 293.077732  -44.61919  -52.15326     -0.861    1479.61    949.000    939.183     3.1337     3.1398     0.0061     3.0690     3.0751     0.0061   3.158977   3.159862   0.000895    34.2567    34.2610     4.9753    27.2854    27.2883    34.2568    27.2855    1477.61    1477.64     3.0689  1031.6831    34.4217 0.0000e+00
      37533 293.077753  -44.61918  -52.15324     -0.547    1479.61    948.000    938.195     3.1423     3.1351    -0.0072     3.0776     3.0705    -0.0071   3.159617   3.159550  -0.000063    34.2552    34.2620     4.9698    27.2834    27.2895    34.2560    27.2841    1477.62    1477.60     3.0775  1031.6769    34.4208 0.0000e+00
