Pos-Processados/process_op38/Processamento_split/up/uoperantar38_004.cnv
* Sea-Bird SBE 9 Data File:
* FileName = D:\OPERANTAR_XXXVIII\DADOS\OP38_004.hdr
* Software Version Seasave V 7.12
* Temperature SN = 4808
* Conductivity SN = 3380
* Number of Bytes Per Scan = 31
* Number of Voltage Words = 2
* Number of Scans Averaged by the Deck Unit = 1
* NMEA Latitude = 39 58.92 S
* NMEA Longitude = 054 59.71 W
* NMEA UTC (Time) = Oct 17 2019 15:31:47
** H41
** NAVIO POLAR ALMIRANTE MAXIMIANO
** CRUZEIRO:
** OPERANTAR XXXVIII
** ESTAวรO: OP38_004
** LAT 39บ 58,96'S
** LONG 054บ 59,70'W
** 09P73767-1155
** PROFUNDIDADE: 1627 m
** DATA/HORA: 171533Z/OUT/2019
** OPERADOR: SO-HN CHAVES
# nquan = 33
# nvalues = 1017                        
# units = specified
# name 0 = scan: Scan Count
# name 1 = timeJ: Julian Days
# name 2 = latitude: Latitude [deg]
# name 3 = longitude: Longitude [deg]
# name 4 = dz/dtM: Descent Rate [m/s]
# name 5 = avgsvCM: Average Sound Velocity [Chen-Millero, m/s]
# name 6 = prDM: Pressure, Digiquartz [db]
# name 7 = depSM: Depth [salt water, m]
# name 8 = t090C: Temperature [ITS-90, deg C]
# name 9 = t190C: Temperature, 2 [ITS-90, deg C]
# name 10 = T2-T190C: Temperature Difference, 2 - 1 [ITS-90, deg C]
# name 11 = potemp090C: Potential Temperature [ITS-90, deg C]
# name 12 = potemp190C: Potential Temperature, 2 [ITS-90, deg C]
# name 13 = potemp90Cdiff: Potential Temperature, Diff, 2 - 1 [ITS-90, deg C]
# name 14 = c0S/m: Conductivity [S/m]
# name 15 = c1S/m: Conductivity, 2 [S/m]
# name 16 = C2-C1S/m: Conductivity Difference, 2 - 1 [S/m]
# name 17 = sal00: Salinity, Practical [PSU]
# name 18 = sal11: Salinity, Practical, 2 [PSU]
# name 19 = sbeox0ML/L: Oxygen, SBE 43 [ml/l]
# name 20 = sigma-้00: Density [sigma-theta, kg/m^3]
# name 21 = sigma-้11: Density, 2 [sigma-theta, kg/m^3]
# name 22 = sbox0Mm/Kg: Oxygen, SBE 43 [umol/kg]
# name 23 = oxsolMm/Kg: Oxygen Saturation, Garcia & Gordon [umol/kg]
# name 24 = oxsatMm/Kg: Oxygen Saturation, Weiss [umol/kg]
# name 25 = sal00: Salinity, Practical [PSU]
# name 26 = sigma-้00: Density [sigma-theta, kg/m^3]
# name 27 = svCM: Sound Velocity [Chen-Millero, m/s]
# name 28 = svCM1: Sound Velocity, 2 [Chen-Millero, m/s]
# name 29 = gsw_ptA0: potential temperature [ITS-90, deg C]
# name 30 = gsw_densityA0: density, TEOS-10 [density, kg/m^3]
# name 31 = gsw_saA0: Absolute Salinity [g/kg]
# name 32 = flag:
# span 0 =      30016,      65770       
# span 1 = 290.661546, 290.678789       
# span 2 =  -39.97842,  -39.97412       
# span 3 =  -54.99522,  -54.99512       
# span 4 =     -1.536,     -0.154       
# span 5 =    1470.62,    1470.62       
# span 6 =      3.000,   1019.000       
# span 7 =      2.997,   1008.721       
# span 8 =     2.5352,     6.8353       
# span 9 =     2.5359,     6.8372       
# span 10 =    -0.0550,     0.0591      
# span 11 =     2.4696,     6.8350      
# span 12 =     2.4702,     6.8369      
# span 13 =    -0.0548,     0.0591      
# span 14 =   3.105652,   3.430393      
# span 15 =   3.106098,   3.431200      
# span 16 =  -0.004683,   0.005548      
# span 17 =    34.0581,    34.5222      
# span 18 =    34.0640,    34.5269      
# span 19 =     3.8559,     7.3579      
# span 20 =    26.7168,    27.5504      
# span 21 =    26.7221,    27.5542      
# span 22 =    167.588,    320.007      
# span 23 =  296.55711,  327.45500      
# span 24 =  296.99843,  328.48666      
# span 25 =    34.0568,    34.5222      
# span 26 =    26.7183,    27.5504      
# span 27 =    1466.60,    1476.95      
# span 28 =    1466.62,    1476.95      
# span 29 =     2.4695,     6.8350      
# span 30 =  1026.7336,  1032.2831      
# span 31 =    34.2180,    34.6886      
# span 32 = 0.0000e+00, 0.0000e+00      
# interval = decibars: 1                
# start_time = Oct 17 2019 15:31:47 [NMEA time, header]
# bad_flag = -9.990e-29
*END*
[from data line 704]
      47709 290.670079  -39.97620  -54.99518     -1.096    1470.62    315.000    312.349     3.4481     3.4511     0.0030     3.4275     3.4305     0.0030   3.146889   3.147658   0.000726    34.1152    34.1207     6.1719    27.1390    27.1432    268.357  321.17779  322.05347    34.1149    27.1388    1468.32    1468.34     3.4274  1028.6063    34.2765 0.0000e+00
      47730 290.670089  -39.97620  -54.99518     -1.136    1470.62    314.000    311.358     3.4560     3.4631     0.0071     3.4354     3.4425     0.0071   3.147584   3.148747   0.001104    34.1154    34.1212     6.1790    27.1384    27.1424    268.664  321.11559  321.99012    34.1155    27.1385    1468.33    1468.37     3.4354  1028.6013    34.2771 0.0000e+00
      47750 290.670099  -39.97620  -54.99518     -1.171    1470.62    313.000    310.367     3.4630     3.4751     0.0122     3.4425     3.4546     0.0121   3.148229   3.149817   0.001529    34.1157    34.1213     6.1779    27.1380    27.1413    268.616  321.05990  321.93341    34.1164    27.1385    1468.35    1468.41     3.4425  1028.5966    34.2780 0.0000e+00
      47772 290.670109  -39.97620  -54.99518     -1.160    1470.62    312.000    309.376     3.4735     3.4883     0.0148     3.4530     3.4678     0.0147   3.149164   3.150869   0.001695    34.1162    34.1211     6.1716    27.1374    27.1399    268.342  320.97622  321.84819    34.1171    27.1381    1468.38    1468.45     3.4530  1028.5915    34.2788 0.0000e+00
      47797 290.670122  -39.97618  -54.99518     -1.025    1470.62    311.000    308.387     3.4828     3.4913     0.0085     3.4624     3.4708     0.0085   3.149904   3.151064   0.001179    34.1158    34.1210     6.1705    27.1362    27.1395    268.294  320.90461  321.77520    34.1168    27.1370    1468.40    1468.44     3.4623  1028.5856    34.2785 0.0000e+00
      47829 290.670137  -39.97618  -54.99518     -0.797    1470.62    310.000    307.394     3.4954     3.4930    -0.0023     3.4750     3.4727    -0.0023   3.150987   3.151182   0.000250    34.1158    34.1213     6.1711    27.1350    27.1395    268.322  320.80610  321.67484    34.1172    27.1360    1468.44    1468.43     3.4750  1028.5800    34.2788 0.0000e+00
      47858 290.670151  -39.97618  -54.99518     -0.777    1470.62    309.000    306.404     3.5024     3.5022    -0.0002     3.4821     3.4819    -0.0002   3.151500   3.151989   0.000465    34.1156    34.1213     6.1669    27.1341    27.1387    268.140  320.75199  321.61970    34.1166    27.1349    1468.45    1468.46     3.4820  1028.5741    34.2782 0.0000e+00
      47882 290.670163  -39.97618  -54.99518     -0.920    1470.62    308.000    305.413     3.5055     3.5090     0.0035     3.4852     3.4887     0.0035   3.151746   3.152540   0.000773    34.1156    34.1213     6.1611    27.1338    27.1380    267.885  320.72723  321.59448    34.1167    27.1347    1468.45    1468.47     3.4852  1028.5692    34.2783 0.0000e+00
      47904 290.670173  -39.97618  -54.99518     -1.046    1470.62    307.000    304.422     3.5091     3.5128     0.0037     3.4889     3.4926     0.0036   3.152005   3.152784   0.000777    34.1157    34.1211     6.1634    27.1335    27.1375    267.986  320.69885  321.56556    34.1166    27.1342    1468.45    1468.47     3.4889  1028.5641    34.2782 0.0000e+00
      47926 290.670184  -39.97618  -54.99518     -1.087    1470.62    306.000    303.432     3.5105     3.5160     0.0055     3.4904     3.4959     0.0055   3.152103   3.153011   0.000930    34.1157    34.1211     6.1711    27.1334    27.1372    268.319  320.68790  321.55441    34.1168    27.1343    1468.43    1468.46     3.4903  1028.5595    34.2784 0.0000e+00
      47950 290.670195  -39.97618  -54.99518     -1.050    1470.62    305.000    302.441     3.5153     3.5178     0.0025     3.4952     3.4977     0.0025   3.152467   3.153176   0.000690    34.1157    34.1214     6.1715    27.1329    27.1372    268.338  320.65073  321.51655    34.1168    27.1338    1468.44    1468.46     3.4952  1028.5543    34.2784 0.0000e+00
      47974 290.670207  -39.97617  -54.99518     -1.008    1470.62    304.000    301.450     3.5190     3.5222     0.0032     3.4989     3.5021     0.0032   3.152737   3.153458   0.000728    34.1157    34.1210     6.1740    27.1325    27.1365    268.449  320.62215  321.48743    34.1167    27.1333    1468.44    1468.46     3.4989  1028.5492    34.2783 0.0000e+00
      47998 290.670218  -39.97616  -54.99518     -0.994    1470.62    303.000    300.459     3.5232     3.5246     0.0014     3.5032     3.5047     0.0014   3.153038   3.153635   0.000601    34.1154    34.1211     6.1720    27.1319    27.1363    268.363  320.58982  321.45446    34.1164    27.1327    1468.44    1468.45     3.5032  1028.5439    34.2780 0.0000e+00
      48022 290.670230  -39.97616  -54.99518     -1.011    1470.62    302.000    299.468     3.5261     3.5291     0.0030     3.5062     3.5091     0.0030   3.153236   3.153967   0.000728    34.1152    34.1209     6.1676    27.1315    27.1357    268.169  320.56740  321.43160    34.1162    27.1323    1468.43    1468.45     3.5062  1028.5388    34.2778 0.0000e+00
      48046 290.670242  -39.97616  -54.99518     -0.998    1470.62    301.000    298.477     3.5303     3.5329     0.0026     3.5105     3.5130     0.0026   3.153565   3.154214   0.000671    34.1153    34.1205     6.1664    27.1311    27.1351    268.117  320.53479  321.39838    34.1164    27.1320    1468.44    1468.45     3.5104  1028.5338    34.2779 0.0000e+00
      48072 290.670254  -39.97616  -54.99518     -0.940    1470.62    300.000    297.486     3.5346     3.5366     0.0020     3.5148     3.5168     0.0020   3.153917   3.154552   0.000629    34.1151    34.1206     6.1724    27.1306    27.1347    268.377  320.50152  321.36448    34.1166    27.1318    1468.44    1468.45     3.5148  1028.5289    34.2782 0.0000e+00
      48096 290.670266  -39.97615  -54.99518     -0.953    1470.62    299.000    296.495     3.5430     3.5552     0.0122     3.5233     3.5354     0.0122   3.154551   3.156171   0.001461    34.1148    34.1195     6.1787    27.1294    27.1321    268.651  320.43644  321.29814    34.1159    27.1304    1468.46    1468.52     3.5232  1028.5228    34.2775 0.0000e+00
      48117 290.670276  -39.97614  -54.99518     -1.055    1470.62    298.000    295.504     3.5553     3.5693     0.0140     3.5356     3.5496     0.0139   3.155661   3.157150   0.001554    34.1141    34.1181     6.1837    27.1278    27.1296    268.870  320.34207  321.20195    34.1169    27.1299    1468.49    1468.56     3.5356  1028.5177    34.2784 0.0000e+00
      48137 290.670285  -39.97614  -54.99518     -1.166    1470.62    297.000    294.513     3.5684     3.5729     0.0046     3.5487     3.5533     0.0046   3.156541   3.157337   0.000827    34.1124    34.1175     6.1871    27.1251    27.1288    269.020  320.24454  321.10246    34.1143    27.1266    1468.53    1468.56     3.5487  1028.5096    34.2759 0.0000e+00
      48157 290.670295  -39.97614  -54.99518     -1.215    1470.62    296.000    293.523     3.5713     3.5740     0.0027     3.5517     3.5544     0.0027   3.156687   3.157376   0.000694    34.1120    34.1175     6.1951    27.1245    27.1286    269.367  320.22260  321.08008    34.1135    27.1257    1468.53    1468.54     3.5517  1028.5040    34.2750 0.0000e+00
      48183 290.670308  -39.97614  -54.99518     -1.065    1470.62    295.000    292.531     3.5718     3.5733     0.0016     3.5522     3.5538     0.0016   3.156679   3.157232   0.000583    34.1122    34.1175     6.1987    27.1246    27.1287    269.523  320.21873  321.07615    34.1135    27.1256    1468.51    1468.52     3.5522  1028.4993    34.2750 0.0000e+00
      48223 290.670327  -39.97614  -54.99518     -0.624    1470.62    294.000    291.540     3.5754     3.5743    -0.0011     3.5559     3.5548    -0.0011   3.156889   3.157296   0.000413    34.1116    34.1177     6.2075    27.1238    27.1287    269.906  320.19207  321.04895    34.1128    27.1247    1468.51    1468.51     3.5559  1028.4937    34.2743 0.0000e+00
      48262 290.670346 -9.990e-29  -54.99518     -0.581    1470.62    293.000    290.549     3.5757     3.5755    -0.0002     3.5563     3.5560    -0.0002   3.156850   3.157317   0.000473    34.1117    34.1176     6.2177    27.1238    27.1286    270.352  320.18945  321.04629    34.1125    27.1244    1468.49    1468.50     3.5562  1028.4885    34.2737 0.0000e+00
      48287 290.670358 -9.990e-29  -54.99518     -0.834    1470.62    292.000    289.559     3.5755     3.5755    -0.0001     3.5562     3.5561    -0.0001   3.156788   3.157279   0.000496    34.1118    34.1178     6.2271    27.1239    27.1287    270.756  320.19059  321.04745    34.1125    27.1244    1468.47    1468.48     3.5561  1028.4839    34.2737 0.0000e+00
      48307 290.670367 -9.990e-29  -54.99518     -1.061    1470.62    291.000    288.568     3.5750     3.5753     0.0003     3.5557     3.5560     0.0003   3.156699   3.157174   0.000485    34.1120    34.1175     6.2282    27.1241    27.1284    270.805  320.19437  321.05132    34.1125    27.1245    1468.46    1468.46     3.5557  1028.4793    34.2737 0.0000e+00
      48325 290.670376 -9.990e-29  -54.99518     -1.233    1470.62    290.000    287.577     3.5748     3.5747    -0.0001     3.5557     3.5555    -0.0001   3.156614   3.157075   0.000462    34.1117    34.1173     6.2258    27.1239    27.1283    270.699  320.19594  321.05290    34.1121    27.1243    1468.44    1468.45     3.5556  1028.4744    34.2733 0.0000e+00
      48342 290.670384  -39.97612  -54.99518     -1.354    1470.62    289.000    286.586     3.5747     3.5749     0.0002     3.5556     3.5558     0.0002   3.156538   3.157021   0.000487    34.1114    34.1171     6.2267    27.1236    27.1282    270.739  320.19736  321.05432    34.1119    27.1241    1468.42    1468.43     3.5555  1028.4698    34.2733 0.0000e+00
      48360 290.670393  -39.97612  -54.99518     -1.377    1470.62    288.000    285.595     3.5749     3.5752     0.0003     3.5558     3.5561     0.0003   3.156482   3.156998   0.000508    34.1112    34.1170     6.2279    27.1235    27.1280    270.792  320.19685  321.05378    34.1116    27.1238    1468.41    1468.41     3.5558  1028.4650    34.2731 0.0000e+00
      48380 290.670403  -39.97612  -54.99518     -1.303    1470.62    287.000    284.604     3.5757     3.5766     0.0009     3.5567     3.5576     0.0009   3.156522   3.157056   0.000546    34.1112    34.1168     6.2287    27.1234    27.1278    270.828  320.19037  321.04718    34.1117    27.1238    1468.39    1468.40     3.5567  1028.4604    34.2733 0.0000e+00
      48403 290.670414  -39.97612  -54.99518     -1.127    1470.62    286.000    283.619     3.5769     3.5774     0.0005     3.5580     3.5584     0.0005   3.156562   3.157077   0.000514    34.1111    34.1167     6.2314    27.1232    27.1276    270.946  320.18154  321.03818    34.1115    27.1235    1468.38    1468.39     3.5579  1028.4554    34.2731 0.0000e+00
      48434 290.670429  -39.97611  -54.99518     -0.850    1470.62    285.000    282.619     3.5779     3.5777    -0.0002     3.5591     3.5589    -0.0002   3.156592   3.157062   0.000474    34.1110    34.1168     6.2400    27.1230    27.1277    271.319  320.17362  321.03010    34.1113    27.1233    1468.37    1468.38     3.5590  1028.4505    34.2729 0.0000e+00
      48472 290.670447  -39.97610  -54.99518     -0.643    1470.62    284.000    281.631     3.5787     3.5783    -0.0004     3.5599     3.5595    -0.0004   3.156585   3.157061   0.000477    34.1107    34.1168     6.2355    27.1227    27.1276    271.123  320.16858  321.02494    34.1110    27.1229    1468.36    1468.36     3.5598  1028.4455    34.2725 0.0000e+00
      48507 290.670464  -39.97610  -54.99518     -0.660    1470.62    283.000    280.640     3.5776     3.5777     0.0001     3.5589     3.5590     0.0001   3.156385   3.156899   0.000522    34.1101    34.1163     6.2427    27.1223    27.1272    271.436  320.17806  321.03456    34.1102    27.1224    1468.33    1468.34     3.5589  1028.4404    34.2718 0.0000e+00
      48536 290.670478  -39.97610  -54.99518     -0.783    1470.62    282.000    279.649     3.5750     3.5725    -0.0026     3.5564     3.5538    -0.0026   3.156027   3.156215   0.000210    34.1094    34.1146     6.2407    27.1220    27.1264    271.350  320.19999  321.05684    34.1092    27.1218    1468.30    1468.30     3.5563  1028.4352    34.2707 0.0000e+00
      48561 290.670490  -39.97610  -54.99518     -0.907    1470.62    281.000    278.658     3.5718     3.5686    -0.0032     3.5532     3.5500    -0.0032   3.155629   3.155742   0.000132    34.1088    34.1137     6.2437    27.1218    27.1260    271.480  320.22664  321.08394    34.1083    27.1214    1468.27    1468.27     3.5532  1028.4302    34.2699 0.0000e+00
      48583 290.670501  -39.97610  -54.99518     -1.030    1470.62    280.000    277.667     3.5668     3.5613    -0.0055     3.5483     3.5428    -0.0055   3.155009   3.154835  -0.000119    34.1076    34.1119     6.2510    27.1213    27.1253    271.798  320.26839  321.12638    34.1067    27.1206    1468.23    1468.22     3.5483  1028.4247    34.2682 0.0000e+00
      48603 290.670510  -39.97610  -54.99518     -1.128    1470.62    279.000    276.676     3.5579     3.5465    -0.0114     3.5395     3.5281    -0.0114   3.153925   3.153118  -0.000740    34.1054    34.1085     6.2530    27.1204    27.1240    271.884  320.34307  321.20228    34.1035    27.1189    1468.18    1468.13     3.5395  1028.4185    34.2650 0.0000e+00
      48623 290.670520  -39.97610  -54.99518     -1.183    1470.62    278.000    275.685     3.5442     3.5326    -0.0116     3.5259     3.5144    -0.0116   3.152316   3.151754  -0.000642    34.1022    34.1066     6.2579    27.1192    27.1238    272.099  320.45760  321.31871    34.0991    27.1167    1468.10    1468.05     3.5259  1028.4118    34.2606 0.0000e+00
      48643 290.670529  -39.97610  -54.99518     -1.208    1470.62    277.000    274.694     3.5280     3.5251    -0.0029     3.5098     3.5069    -0.0029   3.150737   3.150915   0.000180    34.0995    34.1047     6.2723    27.1186    27.1231    272.725  320.59090  321.45429    34.0977    27.1172    1468.01    1468.00     3.5098  1028.4077    34.2592 0.0000e+00
      48663 290.670539  -39.97609  -54.99518     -1.213    1470.62    276.000    273.703     3.5228     3.5211    -0.0017     3.5047     3.5030    -0.0017   3.150174   3.150382   0.000275    34.0984    34.1035     6.2914    27.1182    27.1224    273.555  320.63396  321.49807    34.0969    27.1170    1467.97    1467.97     3.5047  1028.4029    34.2583 0.0000e+00
      48686 290.670550  -39.97608  -54.99518     -1.144    1470.62    275.000    272.712     3.5175     3.5101    -0.0074     3.4995     3.4921    -0.0074   3.149441   3.149219  -0.000267    34.0966    34.1011     6.3197    27.1173    27.1216    274.786  320.67982  321.54465    34.0942    27.1154    1467.93    1467.90     3.4994  1028.3967    34.2556 0.0000e+00
      48717 290.670565  -39.97608  -54.99518     -0.869    1470.62    274.000    271.723     3.5061     3.5070     0.0009     3.4882     3.4890     0.0009   3.148269   3.148887   0.000582    34.0944    34.1005     6.3612    27.1166    27.1214    276.589  320.77418  321.64060    34.0926    27.1152    1467.86    1467.87     3.4881  1028.3920    34.2540 0.0000e+00
      48764 290.670588  -39.97607  -54.99518     -0.471    1470.62    273.000    270.727     3.5019     3.5026     0.0007     3.4840     3.4847     0.0007   3.147822   3.148376   0.000556    34.0934    34.0993     6.4194    27.1162    27.1209    279.122  320.80968  321.67670    34.0922    27.1153    1467.83    1467.84     3.4840  1028.3874    34.2536 0.0000e+00
