Pos-Processados/process_op38/Processamento_split/up/uoperantar38_008.cnv
* Sea-Bird SBE 9 Data File:
* FileName = D:\OPERANTAR_XXXVIII\DADOS\OP38_008.hdr
* Software Version Seasave V 7.18c
* Temperature SN = 4808
* Conductivity SN = 3380
* Number of Bytes Per Scan = 31
* Number of Voltage Words = 2
* Number of Scans Averaged by the Deck Unit = 1
* NMEA Latitude = 44 37.30 S
* NMEA Longitude = 052 09.37 W
* NMEA UTC (Time) = Oct 20 2019 01:25:54
** H41
** NAVIO POLAR ALMIRANTE MAXIMIANO
** CRUZEIRO:
** OPERANTAR XXXVIII
** ESTAวรO: OP38_008
** LAT 44บ 37,32'S
** LONG 052บ 09,39'W
** 09P73767-1155
** PROFUNDIDADE: 5784
** DATA/HORA: 200126Z/OUT/19
** OPERADOR: CT TECCHIO
# nquan = 30
# nvalues = 1041                        
# units = specified
# name 0 = scan: Scan Count
# name 1 = timeJ: Julian Days
# name 2 = latitude: Latitude [deg]
# name 3 = longitude: Longitude [deg]
# name 4 = dz/dtM: Descent Rate [m/s]
# name 5 = avgsvCM: Average Sound Velocity [Chen-Millero, m/s]
# name 6 = prDM: Pressure, Digiquartz [db]
# name 7 = depSM: Depth [salt water, m]
# name 8 = t090C: Temperature [ITS-90, deg C]
# name 9 = t190C: Temperature, 2 [ITS-90, deg C]
# name 10 = T2-T190C: Temperature Difference, 2 - 1 [ITS-90, deg C]
# name 11 = potemp090C: Potential Temperature [ITS-90, deg C]
# name 12 = potemp190C: Potential Temperature, 2 [ITS-90, deg C]
# name 13 = potemp90Cdiff: Potential Temperature, Diff, 2 - 1 [ITS-90, deg C]
# name 14 = c0S/m: Conductivity [S/m]
# name 15 = c1S/m: Conductivity, 2 [S/m]
# name 16 = C2-C1S/m: Conductivity Difference, 2 - 1 [S/m]
# name 17 = sal00: Salinity, Practical [PSU]
# name 18 = sal11: Salinity, Practical, 2 [PSU]
# name 19 = sbeox0ML/L: Oxygen, SBE 43 [ml/l]
# name 20 = sigma-้00: Density [sigma-theta, kg/m^3]
# name 21 = sigma-้11: Density, 2 [sigma-theta, kg/m^3]
# name 22 = sal00: Salinity, Practical [PSU]
# name 23 = sigma-้00: Density [sigma-theta, kg/m^3]
# name 24 = svCM: Sound Velocity [Chen-Millero, m/s]
# name 25 = svCM1: Sound Velocity, 2 [Chen-Millero, m/s]
# name 26 = gsw_ptA0: potential temperature [ITS-90, deg C]
# name 27 = gsw_densityA0: density, TEOS-10 [density, kg/m^3]
# name 28 = gsw_saA0: Absolute Salinity [g/kg]
# name 29 = flag:
# span 0 =      34368,      73448       
# span 1 = 293.076226, 293.095073       
# span 2 =  -44.62010,  -44.60889       
# span 3 =  -52.15423,  -52.14131       
# span 4 =     -1.531,     -0.190       
# span 5 =    1479.61,    1479.61       
# span 6 =      3.000,   1043.000       
# span 7 =      3.012,   1031.979       
# span 8 =     3.0034,    13.2703       
# span 9 =     3.0035,    13.2538       
# span 10 =    -0.1966,     0.2897      
# span 11 =     2.9326,    13.2618      
# span 12 =     2.9327,    13.2451      
# span 13 =    -0.1963,     0.2892      
# span 14 =   3.152741,   4.155890      
# span 15 =   3.153316,   4.154060      
# span 16 =  -0.020591,   0.033213      
# span 17 =    34.1211,    35.2723      
# span 18 =    34.1265,    35.2754      
# span 19 =     4.6656,     6.4395      
# span 20 =    26.4779,    27.3382      
# span 21 =    26.4827,    27.3423      
# span 22 =    34.1201,    35.3006      
# span 23 =    26.4774,    27.3382      
# span 24 =    1475.02,    1502.44      
# span 25 =    1475.03,    1502.41      
# span 26 =     2.9324,    13.2618      
# span 27 =  1026.4971,  1032.1698      
# span 28 =    34.2823,    35.4673      
# span 29 = 0.0000e+00, 0.0000e+00      
# interval = decibars: 1                
# start_time = Oct 20 2019 01:25:54 [NMEA time, header]
# bad_flag = -9.990e-29
*END*
[from data line 871]
      57696 293.087476  -44.61316  -52.14630     -0.969    1479.61    172.000    170.539     7.3639     7.3564    -0.0076     7.3476     7.3400    -0.0076   3.506599   3.505753  -0.000640    34.3029    34.3034     5.9065    26.8211    26.8226    34.3098    26.8265    1482.02    1481.99     7.3475  1027.6131    34.4722 0.0000e+00
      57724 293.087490  -44.61314  -52.14628     -0.866    1479.61    171.000    169.548     7.4456     7.4183    -0.0274     7.4292     7.4019    -0.0273   3.515347   3.512963  -0.002296    34.3158    34.3179     5.8952    26.8196    26.8252    34.3246    26.8265    1482.34    1482.23     7.4292  1027.6082    34.4870 0.0000e+00
      57751 293.087503  -44.61314  -52.14628     -0.864    1479.61    170.000    168.557     7.5058     7.5008    -0.0051     7.4895     7.4844    -0.0050   3.521712   3.521763  -0.000156    34.3270    34.3303     5.9188    26.8198    26.8231    34.3346    26.8258    1482.56    1482.55     7.4894  1027.6027    34.4971 0.0000e+00
      57775 293.087514  -44.61314  -52.14628     -0.950    1479.61    169.000    167.566     7.5262     7.4985    -0.0277     7.5098     7.4822    -0.0276   3.523355   3.519649  -0.002731    34.3276    34.3254     5.9354    26.8174    26.8196    34.3328    26.8214    1482.62    1482.50     7.5098  1027.5938    34.4953 0.0000e+00
      57797 293.087525  -44.61312  -52.14628     -1.052    1479.61    168.000    166.574     7.4972     7.3696    -0.1276     7.4810     7.3535    -0.1275   3.518666   3.504957  -0.013197    34.3174    34.3002     5.9438    26.8134    26.8181    34.3111    26.8085    1482.47    1481.95     7.4810  1027.5764    34.4734 0.0000e+00
      57818 293.087535  -44.61312  -52.14626     -1.111    1479.61    167.000    165.583     7.3551     7.2682    -0.0870     7.3393     7.2524    -0.0868   3.502486   3.493895  -0.008614    34.2904    34.2827     5.9610    26.8124    26.8186    34.2762    26.8012    1481.86    1481.52     7.3392  1027.5651    34.4384 0.0000e+00
      57841 293.087546  -44.61312  -52.14626     -1.080    1479.61    166.000    164.592     7.2857     7.1892    -0.0966     7.2700     7.1736    -0.0964   3.495412   3.486550  -0.009137    34.2790    34.2750     5.9425    26.8132    26.8236    34.2683    26.8048    1481.57    1481.20     7.2700  1027.5643    34.4304 0.0000e+00
      57868 293.087559 -9.990e-29  -52.14624     -0.966    1479.61    165.000    163.601     7.1641     7.1424    -0.0217     7.1487     7.1270    -0.0217   3.482385   3.481234  -0.001438    34.2574    34.2632     5.9235    26.8132    26.8208    34.2471    26.8051    1481.06    1480.98     7.1486  1027.5604    34.4089 0.0000e+00
      57896 293.087573 -9.990e-29  -52.14624     -0.865    1479.61    164.000    162.610     7.1396     7.1397     0.0001     7.1243     7.1244     0.0001   3.480411   3.480943   0.000520    34.2562    34.2618     5.8874    26.8156    26.8200    34.2503    26.8110    1480.95    1480.96     7.1243  1027.5618    34.4121 0.0000e+00
      57921 293.087585 -9.990e-29  -52.14622     -0.899    1479.61    163.000    161.619     7.1371     7.1349    -0.0022     7.1219     7.1197    -0.0022   3.479970   3.480328   0.000284    34.2541    34.2594     5.8702    26.8143    26.8188    34.2485    26.8099    1480.92    1480.92     7.1218  1027.5562    34.4103 0.0000e+00
      57944 293.087596  -44.61310  -52.14622     -1.001    1479.61    162.000    160.628     7.1329     7.1345     0.0017     7.1178     7.1194     0.0017   3.479484   3.480272   0.000685    34.2523    34.2582     5.8640    26.8135    26.8179    34.2478    26.8099    1480.89    1480.90     7.1178  1027.5517    34.4097 0.0000e+00
      57965 293.087606  -44.61308  -52.14622     -1.074    1479.61    161.000    159.637     7.1344     7.1410     0.0066     7.1194     7.1260     0.0066   3.479649   3.480962   0.001148    34.2524    34.2583     5.8563    26.8133    26.8171    34.2486    26.8103    1480.88    1480.91     7.1194  1027.5477    34.4106 0.0000e+00
      57987 293.087617  -44.61308  -52.14622     -1.115    1479.61    160.000    158.646     7.1489     7.1890     0.0401     7.1340     7.1740     0.0400   3.481598   3.486821   0.004775    34.2553    34.2678     5.8524    26.8136    26.8178    34.2560    26.8141    1480.93    1481.10     7.1339  1027.5468    34.4180 0.0000e+00
      58009 293.087627  -44.61306  -52.14620     -1.116    1479.61    159.000    157.654     7.2050     7.2359     0.0309     7.1901     7.2210     0.0309   3.487480   3.490845   0.003391    34.2631    34.2695     5.8462    26.8119    26.8126    34.2652    26.8135    1481.14    1481.27     7.1900  1027.5415    34.4273 0.0000e+00
      58031 293.087638  -44.61306  -52.14620     -1.081    1479.61    158.000    156.663     7.2340     7.2512     0.0172     7.2191     7.2363     0.0172   3.490261   3.492295   0.002104    34.2647    34.2707     5.8488    26.8091    26.8114    34.2673    26.8111    1481.24    1481.31     7.2191  1027.5344    34.4294 0.0000e+00
      58056 293.087650  -44.61306  -52.14619     -1.011    1479.61    157.000    155.672     7.2587     7.2697     0.0111     7.2439     7.2549     0.0110   3.492422   3.494029   0.001543    34.2655    34.2713     5.8399    26.8062    26.8093    34.2669    26.8073    1481.32    1481.37     7.2439  1027.5260    34.4290 0.0000e+00
      58085 293.087664  -44.61304  -52.14618     -0.878    1479.61    156.000    154.681     7.2825     7.2854     0.0029     7.2678     7.2706     0.0029   3.494814   3.495425   0.000723    34.2669    34.2720     5.8157    26.8040    26.8076    34.2699    26.8063    1481.39    1481.41     7.2677  1027.5204    34.4320 0.0000e+00
      58117 293.087679  -44.61304  -52.14616     -0.758    1479.61    155.000    153.690     7.2943     7.2947     0.0004     7.2797     7.2801     0.0004   3.495316   3.496299   0.000826    34.2640    34.2726     5.8034    26.8000    26.8068    34.2641    26.8001    1481.42    1481.43     7.2797  1027.5096    34.4262 0.0000e+00
      58144 293.087693  -44.61304  -52.14615     -0.817    1479.61    154.000    152.699     7.2863     7.2777    -0.0087     7.2718     7.2631    -0.0087   3.494432   3.493602  -0.000529    34.2624    34.2652     5.7981    26.7999    26.8033    34.2629    26.8003    1481.37    1481.33     7.2718  1027.5052    34.4250 0.0000e+00
      58167 293.087703  -44.61303  -52.14614     -0.976    1479.61    153.000    151.707     7.2714     7.2574    -0.0140     7.2570     7.2430    -0.0140   3.492502   3.491624  -0.000961    34.2584    34.2618     5.7969    26.7988    26.8035    34.2571    26.7978    1481.29    1481.24     7.2569  1027.4982    34.4192 0.0000e+00
      58188 293.087714  -44.61302  -52.14614     -1.105    1479.61    152.000    150.716     7.2617     7.2564    -0.0052     7.2473     7.2421    -0.0052   3.491589   3.491525  -0.000070    34.2572    34.2617     5.7949    26.7993    26.8035    34.2573    26.7993    1481.23    1481.22     7.2473  1027.4952    34.4194 0.0000e+00
      58209 293.087724  -44.61302  -52.14614     -1.134    1479.61    151.000    149.725     7.2607     7.2569    -0.0038     7.2464     7.2427    -0.0037   3.491290   3.491449   0.000096    34.2563    34.2610     5.8015    26.7987    26.8029    34.2555    26.7980    1481.21    1481.20     7.2464  1027.4894    34.4176 0.0000e+00
      58233 293.087735  -44.61302  -52.14612     -1.067    1479.61    150.000    148.734     7.2579     7.2585     0.0006     7.2437     7.2443     0.0006   3.490939   3.491443   0.000535    34.2550    34.2603     5.8111    26.7980    26.8021    34.2549    26.7980    1481.18    1481.19     7.2437  1027.4847    34.4170 0.0000e+00
      58261 293.087749  -44.61300  -52.14612     -0.925    1479.61    149.000    147.743     7.2479     7.2489     0.0010     7.2338     7.2348     0.0010   3.489024   3.490092   0.000799    34.2494    34.2571     5.8177    26.7950    26.8009    34.2444    26.7911    1481.11    1481.13     7.2338  1027.4733    34.4064 0.0000e+00
      58290 293.087763  -44.61300  -52.14612     -0.822    1479.61    148.000    146.751     7.1732     7.1907     0.0176     7.1594     7.1769     0.0175   3.480361   3.482885   0.002577    34.2312    34.2419     5.8436    26.7910    26.7971    34.2243    26.7856    1480.79    1480.87     7.1593  1027.4636    34.3862 0.0000e+00
      58316 293.087775  -44.61299  -52.14611     -0.864    1479.61    147.000    145.760     7.1297     7.1301     0.0004     7.1160     7.1164     0.0004   3.475710   3.476093   0.000751    34.2224    34.2302     5.8429    26.7901    26.7962    34.2170    26.7859    1480.59    1480.60     7.1159  1027.4595    34.3789 0.0000e+00
      58339 293.087786  -44.61298  -52.14610     -0.988    1479.61    146.000    144.769     7.0934     7.0500    -0.0434     7.0799     7.0365    -0.0433   3.471110   3.466662  -0.004330    34.2139    34.2095     5.8595    26.7885    26.7910    34.2031    26.7800    1480.42    1480.24     7.0799  1027.4491    34.3649 0.0000e+00
      58359 293.087796  -44.61298  -52.14609     -1.117    1479.61    145.000    143.778     7.0397     6.9975    -0.0422     7.0263     6.9841    -0.0422   3.465878   3.461282  -0.004051    34.2040    34.2014     5.9011    26.7881    26.7919    34.1995    26.7846    1480.19    1480.01     7.0263  1027.4493    34.3613 0.0000e+00
      58379 293.087806  -44.61298  -52.14608     -1.188    1479.61    144.000    142.786     7.0141     6.9750    -0.0391     7.0008     6.9617    -0.0391   3.462046   3.458861  -0.003502    34.1960    34.1964     5.9312    26.7853    26.7910    34.1834    26.7753    1480.05    1479.91     7.0008  1027.4356    34.3451 0.0000e+00
      58401 293.087816  -44.61296  -52.14608     -1.146    1479.61    143.000    141.795     6.9670     6.9453    -0.0216     6.9538     6.9322    -0.0216   3.457363   3.455507  -0.001828    34.1885    34.1899     5.9649    26.7858    26.7899    34.1792    26.7785    1479.85    1479.77     6.9538  1027.4343    34.3409 0.0000e+00
      58428 293.087829  -44.61296  -52.14607     -0.977    1479.61    142.000    140.804     6.9190     6.9080    -0.0111     6.9061     6.8950    -0.0111   3.451900   3.451652  -0.000615    34.1780    34.1823     5.9884    26.7841    26.7889    34.1672    26.7756    1479.63    1479.60     6.9060  1027.4270    34.3288 0.0000e+00
      58462 293.087846  -44.61295  -52.14606     -0.750    1479.61    141.000    139.813     6.8639     6.8854     0.0216     6.8511     6.8726     0.0215   3.445944   3.448858   0.002858    34.1657    34.1757     6.0269    26.7819    26.7868    34.1570    26.7750    1479.39    1479.48     6.8510  1027.4220    34.3185 0.0000e+00
      58501 293.087864  -44.61294  -52.14604     -0.608    1479.61    140.000    138.821     6.8410     6.8491     0.0081     6.8283     6.8364     0.0081   3.443580   3.444936   0.001436    34.1601    34.1678     6.0622    26.7805    26.7855    34.1541    26.7759    1479.28    1479.32     6.8283  1027.4184    34.3157 0.0000e+00
      58530 293.087878  -44.61293  -52.14604     -0.742    1479.61    139.000    137.830     6.8441     6.8443     0.0002     6.8315     6.8317     0.0002   3.443783   3.444379   0.000579    34.1592    34.1654     6.0975    26.7794    26.7842    34.1538    26.7752    1479.27    1479.28     6.8315  1027.4131    34.3153 0.0000e+00
      58550 293.087888  -44.61292  -52.14604     -0.984    1479.61    138.000    136.839     6.8444     6.8432    -0.0012     6.8319     6.8307    -0.0012   3.443847   3.444104   0.000327    34.1588    34.1636     6.1120    26.7791    26.7830    34.1547    26.7758    1479.26    1479.26     6.8318  1027.4092    34.3163 0.0000e+00
      58568 293.087897  -44.61292  -52.14602     -1.207    1479.61    137.000    135.848     6.8449     6.8384    -0.0065     6.8325     6.8260    -0.0065   3.443716   3.443469  -0.000233    34.1577    34.1616     6.1219    26.7781    26.7821    34.1532    26.7746    1479.24    1479.22     6.8325  1027.4034    34.3148 0.0000e+00
      58585 293.087905  -44.61292  -52.14602     -1.349    1479.61    136.000    134.856     6.8385     6.8314    -0.0071     6.8262     6.8191    -0.0071   3.442757   3.442576  -0.000237    34.1549    34.1593     6.1290    26.7767    26.7812    34.1495    26.7725    1479.20    1479.18     6.8261  1027.3968    34.3110 0.0000e+00
      58604 293.087914  -44.61291  -52.14602     -1.358    1479.61    135.000    133.865     6.8326     6.8286    -0.0040     6.8204     6.8164    -0.0040   3.442219   3.442235   0.000014    34.1536    34.1578     6.1281    26.7766    26.7803    34.1500    26.7737    1479.16    1479.15     6.8204  1027.3933    34.3115 0.0000e+00
      58626 293.087925  -44.61290  -52.14601     -1.213    1479.61    134.000    132.874     6.8305     6.8291    -0.0014     6.8184     6.8169    -0.0014   3.441862   3.442190   0.000323    34.1519    34.1568     6.1292    26.7754    26.7795    34.1486    26.7728    1479.13    1479.13     6.8183  1027.3880    34.3101 0.0000e+00
      58652 293.087938  -44.61290  -52.14600     -0.981    1479.61    133.000    131.883     6.8298     6.8297    -0.0001     6.8177     6.8177    -0.0001   3.441685   3.442220   0.000506    34.1505    34.1562     6.1347    26.7745    26.7789    34.1479    26.7724    1479.11    1479.12     6.8177  1027.3829    34.3094 0.0000e+00
      58681 293.087952  -44.61289  -52.14599     -0.844    1479.61    132.000    130.891     6.8371     6.8391     0.0020     6.8251     6.8272     0.0020   3.442438   3.443304   0.000774    34.1506    34.1572     6.1304    26.7735    26.7784    34.1494    26.7725    1479.13    1479.14     6.8251  1027.3785    34.3109 0.0000e+00
      58711 293.087966  -44.61288  -52.14598     -0.820    1479.61    131.000    129.900     6.8614     6.8768     0.0154     6.8495     6.8649     0.0154   3.445106   3.447071   0.001936    34.1541    34.1601     6.1322    26.7730    26.7756    34.1552    26.7738    1479.21    1479.28     6.8495  1027.3751    34.3167 0.0000e+00
      58741 293.087980  -44.61288  -52.14596     -0.796    1479.61    130.000    128.909     6.9164     6.9146    -0.0018     6.9045     6.9027    -0.0018   3.451168   3.451388   0.000138    34.1628    34.1661     6.1412    26.7723    26.7751    34.1677    26.7762    1479.42    1479.42     6.9045  1027.3727    34.3292 0.0000e+00
      58767 293.087993 -9.990e-29  -52.14596     -0.846    1479.61    129.000    127.917     6.9493     6.9635     0.0141     6.9375     6.9516     0.0141   3.454024   3.456235   0.002011    34.1635    34.1716     6.1384    26.7684    26.7728    34.1669    26.7710    1479.54    1479.60     6.9375  1027.3629    34.3283 0.0000e+00
      58787 293.088002 -9.990e-29  -52.14596     -1.027    1479.61    128.000    126.926     6.9852     7.0428     0.0576     6.9735     7.0310     0.0575   3.458398   3.465230   0.006408    34.1706    34.1838     6.1426    26.7690    26.7715    34.1798    26.7763    1479.67    1479.92     6.9734  1027.3634    34.3413 0.0000e+00
      58803 293.088010 -9.990e-29  -52.14596     -1.251    1479.61    127.000    125.935     7.0674     7.1388     0.0714     7.0556     7.1270     0.0714   3.467665   3.475310   0.007670    34.1831    34.1963     6.1350    26.7676    26.7681    34.2005    26.7812    1480.00    1480.29     7.0556  1027.3636    34.3621 0.0000e+00
      58819 293.088018 -9.990e-29  -52.14595     -1.440    1479.61    126.000    124.943     7.1877     7.2112     0.0235     7.1759     7.1994     0.0235   3.480665   3.482770   0.002775    34.2000    34.2071     6.1211    26.7642    26.7665    34.2240    26.7831    1480.48    1480.57     7.1759  1027.3605    34.3857 0.0000e+00
