Pos-Processados/process_op38/Processamento_split/up/uoperantar38_016.cnv
* Sea-Bird SBE 9 Data File:
* FileName = D:\OPERANTAR_XXXVIII\DADOS\OP38_016.hdr
* Software Version Seasave V 7.18c
* Temperature SN = 4808
* Conductivity SN = 3380
* Number of Bytes Per Scan = 34
* Number of Voltage Words = 3
* Number of Scans Averaged by the Deck Unit = 1
* NMEA Latitude = 62 13.34 S
* NMEA Longitude = 058 12.68 W
* NMEA UTC (Time) = Nov 05 2019 11:56:34
** H41
** NAVIO POLAR ALMIRANTE MAXIMIANO
** CRUZEIRO:
** OPERANTAR XXXVIII
** ESTAÇÃO: OP38_016
** LAT 62 13,33' S
** LONG 058 12,65' W
** 09P73767-1155_A
** PROFUNDIDADE: 310
** DATA/HORA: 051157Z/NOV/2019
** OPERADOR: SO-HN CHAVES
# nquan = 32
# nvalues = 283                         
# units = specified
# name 0 = scan: Scan Count
# name 1 = timeJ: Julian Days
# name 2 = latitude: Latitude [deg]
# name 3 = longitude: Longitude [deg]
# name 4 = dz/dtM: Descent Rate [m/s]
# name 5 = avgsvCM: Average Sound Velocity [Chen-Millero, m/s]
# name 6 = prDM: Pressure, Digiquartz [db]
# name 7 = depSM: Depth [salt water, m]
# name 8 = t090C: Temperature [ITS-90, deg C]
# name 9 = t190C: Temperature, 2 [ITS-90, deg C]
# name 10 = T2-T190C: Temperature Difference, 2 - 1 [ITS-90, deg C]
# name 11 = potemp090C: Potential Temperature [ITS-90, deg C]
# name 12 = potemp190C: Potential Temperature, 2 [ITS-90, deg C]
# name 13 = potemp90Cdiff: Potential Temperature, Diff, 2 - 1 [ITS-90, deg C]
# name 14 = c0S/m: Conductivity [S/m]
# name 15 = c1S/m: Conductivity, 2 [S/m]
# name 16 = C2-C1S/m: Conductivity Difference, 2 - 1 [S/m]
# name 17 = sal00: Salinity, Practical [PSU]
# name 18 = sal11: Salinity, Practical, 2 [PSU]
# name 19 = sbeox0ML/L: Oxygen, SBE 43 [ml/l]
# name 20 = sbeox1ML/L: Oxygen, SBE 43, 2 [ml/l]
# name 21 = sbeox0ML/Ldiff: Oxygen, SBE 43, Diff, 2 - 1 [ml/l]
# name 22 = sigma-é00: Density [sigma-theta, kg/m^3]
# name 23 = sigma-é11: Density, 2 [sigma-theta, kg/m^3]
# name 24 = sal00: Salinity, Practical [PSU]
# name 25 = sigma-é00: Density [sigma-theta, kg/m^3]
# name 26 = svCM: Sound Velocity [Chen-Millero, m/s]
# name 27 = svCM1: Sound Velocity, 2 [Chen-Millero, m/s]
# name 28 = gsw_ptA0: potential temperature [ITS-90, deg C]
# name 29 = gsw_densityA0: density, TEOS-10 [density, kg/m^3]
# name 30 = gsw_saA0: Absolute Salinity [g/kg]
# name 31 = flag:
# span 0 =      15564,      29939       
# span 1 = 309.505121, 309.512053       
# span 2 =  -62.22236,  -62.22236       
# span 3 =  -58.21132,  -58.21130       
# span 4 =     -1.094,     -0.186       
# span 5 =    1446.63,    1446.63       
# span 6 =      2.000,    284.000       
# span 7 =      1.985,    281.082       
# span 8 =    -0.9456,    -0.1753       
# span 9 =    -0.9459,    -0.1635       
# span 10 =    -0.0829,     0.0305      
# span 11 =    -0.9493,    -0.1855      
# span 12 =    -0.9491,    -0.1738      
# span 13 =    -0.0827,     0.0304      
# span 14 =   2.768794,   2.859439      
# span 15 =   2.769194,   2.861073      
# span 16 =  -0.009507,   0.003173      
# span 17 =    34.1599,    34.4456      
# span 18 =    34.1655,    34.4466      
# span 19 =     5.8553,     7.6105      
# span 20 =     5.5843,     7.3495      
# span 21 =    -0.3800,    -0.1201      
# span 22 =    27.4628,    27.6813      
# span 23 =    27.4675,    27.6683      
# span 24 =    34.1603,    34.4460      
# span 25 =    27.4631,    27.6817      
# span 26 =    1444.49,    1452.20      
# span 27 =    1444.51,    1452.27      
# span 28 =    -0.9492,    -0.1853      
# span 29 =  1027.4775,  1029.0185      
# span 30 =    34.3251,    34.6142      
# span 31 = 0.0000e+00, 0.0000e+00      
# interval = decibars: 1                
# start_time = Nov 05 2019 11:56:34 [NMEA time, header]
# bad_flag = -9.990e-29
*END*
[from data line 46]
      17572 309.506089  -62.22236  -58.21132     -0.577    1446.63    238.000    235.579    -0.6169    -0.6206    -0.0038    -0.6244    -0.6281    -0.0038   2.814426   2.814576   0.000162    34.3616    34.3681     6.4976     6.2152    -0.2824    27.6207    27.6260    34.3618    27.6208    1449.30    1449.29    -0.6242  1028.7631    34.5294 0.0000e+00
      17615 309.506110  -62.22236  -58.21132     -0.560    1446.63    237.000    234.590    -0.6157    -0.6191    -0.0034    -0.6231    -0.6265    -0.0034   2.814416   2.814602   0.000213    34.3608    34.3676     6.4994     6.2176    -0.2818    27.6200    27.6256    34.3609    27.6200    1449.28    1449.28    -0.6230  1028.7575    34.5285 0.0000e+00
      17672 309.506138  -62.22236  -58.21132     -0.403    1446.63    236.000    233.601    -0.6182    -0.6265    -0.0083    -0.6257    -0.6340    -0.0083   2.814234   2.814095  -0.000128    34.3621    34.3698     6.4965     6.2197    -0.2768    27.6211    27.6277    34.3620    27.6210    1449.26    1449.23    -0.6255  1028.7538    34.5296 0.0000e+00
      17730 309.506165  -62.22236  -58.21132     -0.433    1446.63    235.000    232.612    -0.6179    -0.6261    -0.0083    -0.6253    -0.6335    -0.0082   2.814190   2.814101  -0.000089    34.3617    34.3698     6.4955     6.2182    -0.2773    27.6208    27.6277    34.3616    27.6207    1449.24    1449.21    -0.6251  1028.7486    34.5292 0.0000e+00
      17773 309.506186  -62.22236  -58.21132     -0.548    1446.63    234.000    231.622    -0.6204    -0.6200     0.0004    -0.6278    -0.6274     0.0004   2.813879   2.814290   0.000389    34.3610    34.3659     6.4981     6.2212    -0.2769    27.6203    27.6242    34.3608    27.6202    1449.21    1449.22    -0.6276  1028.7434    34.5285 0.0000e+00
      17815 309.506206  -62.22236  -58.21132     -0.580    1446.63    233.000    230.633    -0.6211    -0.6331    -0.0120    -0.6284    -0.6404    -0.0120   2.813705   2.812963  -0.000708    34.3602    34.3643     6.4998     6.2151    -0.2847    27.6197    27.6235    34.3599    27.6195    1449.19    1449.14    -0.6283  1028.7379    34.5275 0.0000e+00
      17859 309.506228  -62.22236  -58.21132     -0.537    1446.63    232.000    229.645    -0.6354    -0.6420    -0.0066    -0.6427    -0.6493    -0.0066   2.812143   2.811828  -0.000252    34.3572    34.3614     6.5036     6.2234    -0.2802    27.6179    27.6216    34.3557    27.6167    1449.10    1449.08    -0.6425  1028.7305    34.5233 0.0000e+00
      17902 309.506249  -62.22236  -58.21132     -0.554    1446.63    231.000    228.653    -0.6581    -0.6648    -0.0067    -0.6652    -0.6719    -0.0067   2.809816   2.809658  -0.000243    34.3532    34.3575     6.5086     6.2322    -0.2764    27.6156    27.6194    34.3506    27.6135    1448.97    1448.95    -0.6651  1028.7228    34.5182 0.0000e+00
      17946 309.506270  -62.22236  -58.21132     -0.556    1446.63    230.000    227.670    -0.6744    -0.6728     0.0016    -0.6815    -0.6799     0.0016   2.808170   2.808738   0.000573    34.3493    34.3553     6.5247     6.2295    -0.2952    27.6132    27.6179    34.3475    27.6117    1448.88    1448.89    -0.6813  1028.7163    34.5151 0.0000e+00
      17997 309.506294  -62.22236  -58.21132     -0.468    1446.63    229.000    226.672    -0.6788    -0.6888    -0.0100    -0.6859    -0.6959    -0.0100   2.807840   2.807035  -0.000712    34.3497    34.3514     6.5540     6.2649    -0.2891    27.6136    27.6155    34.3487    27.6129    1448.84    1448.79    -0.6857  1028.7128    34.5163 0.0000e+00
      18041 309.506316  -62.22236  -58.21132     -0.530    1446.63    228.000    225.687    -0.6922    -0.7009    -0.0088    -0.6992    -0.7080    -0.0088   2.806195   2.805960  -0.000320    34.3454    34.3510     6.5897     6.2932    -0.2965    27.6107    27.6157    34.3423    27.6083    1448.75    1448.72    -0.6991  1028.7035    34.5098 0.0000e+00
      18074 309.506332  -62.22236  -58.21132     -0.695    1446.63    227.000    224.697    -0.7099    -0.7213    -0.0114    -0.7168    -0.7282    -0.0114   2.804355   2.803554  -0.000766    34.3422    34.3448     6.5922     6.3114    -0.2808    27.6089    27.6115    34.3381    27.6056    1448.65    1448.60    -0.7167  1028.6962    34.5056 0.0000e+00
      18102 309.506345  -62.22236  -58.21130     -0.811    1446.63    226.000    223.708    -0.7510    -0.7479     0.0031    -0.7579    -0.7547     0.0031   2.800176   2.801037   0.000727    34.3347    34.3409     6.6060     6.3331    -0.2729    27.6045    27.6095    34.3289    27.5999    1448.43    1448.45    -0.7577  1028.6861    34.4964 0.0000e+00
      18128 309.506358  -62.22236  -58.21130     -0.899    1446.63    225.000    222.719    -0.7645    -0.7623     0.0023    -0.7713    -0.7690     0.0022   2.799123   2.799734   0.000607    34.3337    34.3394     6.6157     6.3376    -0.2781    27.6043    27.6088    34.3306    27.6018    1448.35    1448.37    -0.7711  1028.6833    34.4981 0.0000e+00
      18155 309.506370  -62.22236  -58.21130     -0.921    1446.63    224.000    221.729    -0.7682    -0.7693    -0.0012    -0.7749    -0.7761    -0.0012   2.798695   2.798960   0.000268    34.3326    34.3375     6.6451     6.3477    -0.2974    27.6036    27.6076    34.3296    27.6011    1448.32    1448.32    -0.7747  1028.6779    34.4970 0.0000e+00
      18186 309.506386  -62.22236  -58.21131     -0.820    1446.63    223.000    220.740    -0.7715    -0.7713     0.0002    -0.7782    -0.7780     0.0002   2.798400   2.798887   0.000449    34.3320    34.3378     6.6968     6.3850    -0.3118    27.6032    27.6079    34.3301    27.6016    1448.28    1448.29    -0.7780  1028.6737    34.4975 0.0000e+00
      18239 309.506411  -62.22236  -58.21132     -0.434    1446.63    222.000    219.750    -0.7669    -0.7648     0.0022    -0.7736    -0.7714     0.0022   2.798797   2.799384   0.000580    34.3324    34.3377     6.7411     6.4396    -0.3015    27.6033    27.6076    34.3308    27.6020    1448.29    1448.31    -0.7734  1028.6692    34.4982 0.0000e+00
      18288 309.506435  -62.22236  -58.21132     -0.494    1446.63    221.000    218.761    -0.7654    -0.7638     0.0016    -0.7721    -0.7704     0.0016   2.798936   2.799420   0.000509    34.3321    34.3371     6.7343     6.4488    -0.2855    27.6031    27.6071    34.3316    27.6026    1448.28    1448.30    -0.7719  1028.6650    34.4990 0.0000e+00
      18318 309.506449  -62.22236  -58.21130     -0.720    1446.63    220.000    217.772    -0.7627    -0.7666    -0.0039    -0.7693    -0.7732    -0.0039   2.798967   2.799067   0.000095    34.3312    34.3370     6.7337     6.4439    -0.2898    27.6022    27.6070    34.3295    27.6008    1448.28    1448.26    -0.7691  1028.6585    34.4970 0.0000e+00
      18344 309.506462  -62.22236  -58.21130     -0.878    1446.63    219.000    216.782    -0.7827    -0.7843    -0.0016    -0.7893    -0.7909    -0.0016   2.796804   2.797040   0.000222    34.3270    34.3319     6.7403     6.4388    -0.3015    27.5996    27.6036    34.3236    27.5969    1448.16    1448.16    -0.7891  1028.6499    34.4910 0.0000e+00
      18369 309.506474  -62.22236  -58.21130     -0.949    1446.63    218.000    215.793    -0.7940    -0.7912     0.0028    -0.8005    -0.7977     0.0028   2.795760   2.796427   0.000667    34.3249    34.3307     6.7293     6.4339    -0.2953    27.5984    27.6030    34.3229    27.5968    1448.09    1448.11    -0.8003  1028.6451    34.4903 0.0000e+00
      18393 309.506486  -62.22236  -58.21130     -0.979    1446.63    217.000    214.804    -0.7985    -0.7980     0.0004    -0.8049    -0.8045     0.0004   2.795179   2.795638   0.000436    34.3230    34.3284     6.7321     6.4321    -0.3000    27.5970    27.6014    34.3207    27.5952    1448.05    1448.06    -0.8048  1028.6388    34.4881 0.0000e+00
      18418 309.506497  -62.22236  -58.21130     -0.989    1446.63    216.000    213.814    -0.8083    -0.8077     0.0006    -0.8147    -0.8141     0.0006   2.794115   2.794546   0.000463    34.3206    34.3262     6.7452     6.4492    -0.2960    27.5955    27.6000    34.3181    27.5935    1447.98    1447.99    -0.8145  1028.6324    34.4855 0.0000e+00
      18446 309.506511  -62.22236  -58.21130     -0.922    1446.63    215.000    212.825    -0.8100    -0.8180    -0.0080    -0.8164    -0.8244    -0.0080   2.794126   2.793527  -0.000518    34.3214    34.3235     6.7660     6.4604    -0.3056    27.5962    27.5983    34.3208    27.5957    1447.96    1447.92    -0.8162  1028.6299    34.4882 0.0000e+00
      18482 309.506528  -62.22236  -58.21130     -0.706    1446.63    214.000    211.836    -0.7966    -0.8071    -0.0106    -0.8029    -0.8135    -0.0105   2.795395   2.794780  -0.000689    34.3243    34.3269     6.7861     6.4746    -0.3115    27.5980    27.6006    34.3233    27.5972    1448.01    1447.97    -0.8028  1028.6281    34.4928 0.0000e+00
      18523 309.506548  -62.22236 -9.990e-29     -0.576    1446.63    213.000    210.846    -0.8088    -0.8029     0.0059    -0.8151    -0.8092     0.0059   2.794103   2.794991   0.000913    34.3210    34.3267     6.8088     6.5019    -0.3069    27.5958    27.6002    34.3203    27.5953    1447.93    1447.97    -0.8149  1028.6217    34.4900 0.0000e+00
      18557 309.506564  -62.22236  -58.21132     -0.672    1446.63    212.000    209.857    -0.8006    -0.8115    -0.0109    -0.8069    -0.8178    -0.0109   2.794654   2.793978  -0.000597    34.3208    34.3251     6.7891     6.5154    -0.2737    27.5953    27.5992    34.3192    27.5940    1447.95    1447.91    -0.8067  1028.6151    34.4882 0.0000e+00
      18586 309.506578  -62.22236  -58.21132     -0.798    1446.63    211.000    208.873    -0.8243    -0.8277    -0.0033    -0.8305    -0.8339    -0.0033   2.792050   2.792282   0.000155    34.3143    34.3202     6.7930     6.5018    -0.2912    27.5910    27.5959    34.3114    27.5887    1447.82    1447.81    -0.8304  1028.6038    34.4787 0.0000e+00
      18614 309.506592  -62.22236  -58.21130     -0.843    1446.63    210.000    207.873    -0.8324    -0.8349    -0.0025    -0.8386    -0.8411    -0.0025   2.791381   2.791487   0.000102    34.3138    34.3180     6.7908     6.4944    -0.2963    27.5909    27.5944    34.3121    27.5896    1447.76    1447.76    -0.8384  1028.6000    34.4794 0.0000e+00
      18643 309.506606  -62.22236  -58.21130     -0.848    1446.63    209.000    206.889    -0.8367    -0.8379    -0.0013    -0.8428    -0.8441    -0.0013   2.790909   2.791102   0.000217    34.3124    34.3167     6.8040     6.5025    -0.3015    27.5899    27.5935    34.3112    27.5890    1447.73    1447.72    -0.8427  1028.5947    34.4785 0.0000e+00
      18671 309.506619  -62.22236  -58.21130     -0.854    1446.63    208.000    205.903    -0.8392    -0.8393    -0.0001    -0.8453    -0.8454    -0.0001   2.790514   2.790928   0.000384    34.3110    34.3163     6.8297     6.5229    -0.3068    27.5889    27.5933    34.3093    27.5876    1447.69    1447.70    -0.8451  1028.5885    34.4766 0.0000e+00
      18700 309.506633  -62.22236  -58.21130     -0.838    1446.63    207.000    204.907    -0.8423    -0.8422     0.0001    -0.8483    -0.8483     0.0001   2.790127   2.790545   0.000418    34.3095    34.3151     6.8538     6.5438    -0.3100    27.5878    27.5923    34.3082    27.5868    1447.66    1447.67    -0.8482  1028.5830    34.4755 0.0000e+00
      18734 309.506650  -62.22236  -58.21130     -0.726    1446.63    206.000    203.920    -0.8385    -0.8422    -0.0037    -0.8445    -0.8482    -0.0037   2.790527   2.790555   0.000048    34.3102    34.3150     6.8573     6.5541    -0.3031    27.5882    27.5923    34.3100    27.5881    1447.67    1447.66    -0.8444  1028.5794    34.4772 0.0000e+00
      18773 309.506668  -62.22236  -58.21130     -0.621    1446.63    205.000    202.931    -0.8342    -0.8379    -0.0037    -0.8402    -0.8439    -0.0037   2.790978   2.790724  -0.000252    34.3124    34.3132     6.8647     6.5601    -0.3046    27.5899    27.5906    34.3118    27.5893    1447.67    1447.66    -0.8400  1028.5759    34.4790 0.0000e+00
      18806 309.506684  -62.22236  -58.21130     -0.696    1446.63    204.000    201.942    -0.8433    -0.8416     0.0017    -0.8492    -0.8475     0.0017   2.789809   2.790456   0.000606    34.3083    34.3146     6.8597     6.5688    -0.2909    27.5869    27.5919    34.3069    27.5857    1447.61    1447.62    -0.8491  1028.5676    34.4741 0.0000e+00
      18833 309.506698  -62.22236  -58.21130     -0.829    1446.63    203.000    200.952    -0.8482    -0.8477     0.0005    -0.8541    -0.8536     0.0005   2.789190   2.789661   0.000456    34.3061    34.3117     6.8537     6.5710    -0.2827    27.5853    27.5899    34.3047    27.5842    1447.56    1447.57    -0.8540  1028.5613    34.4719 0.0000e+00
      18859 309.506710  -62.22236  -58.21131     -0.906    1446.63    202.000    199.963    -0.8533    -0.8524     0.0010    -0.8592    -0.8582     0.0010   2.788600   2.789108   0.000502    34.3045    34.3102     6.8458     6.5728    -0.2730    27.5842    27.5888    34.3031    27.5831    1447.52    1447.53    -0.8590  1028.5555    34.4704 0.0000e+00
      18888 309.506724  -62.22236  -58.21132     -0.871    1446.63    201.000    198.973    -0.8574    -0.8565     0.0009    -0.8632    -0.8623     0.0009   2.788103   2.788595   0.000495    34.3025    34.3082     6.8708     6.5641    -0.3067    27.5828    27.5874    34.3016    27.5820    1447.48    1447.50    -0.8631  1028.5497    34.4688 0.0000e+00
      18924 309.506742  -62.22236  -58.21130     -0.699    1446.63    200.000    197.984    -0.8518    -0.8543    -0.0025    -0.8577    -0.8601    -0.0025   2.788844   2.788955   0.000118    34.3057    34.3101     6.8874     6.5811    -0.3064    27.5851    27.5888    34.3060    27.5854    1447.50    1447.49    -0.8575  1028.5482    34.4732 0.0000e+00
      18965 309.506761  -62.22236  -58.21130     -0.575    1446.63    199.000    196.994    -0.8479    -0.8463     0.0015    -0.8536    -0.8521     0.0015   2.789079   2.789603   0.000505    34.3058    34.3109     6.9056     6.6008    -0.3048    27.5850    27.5891    34.3053    27.5846    1447.50    1447.52    -0.8535  1028.5426    34.4725 0.0000e+00
      18999 309.506778  -62.22236  -58.21130     -0.682    1446.63    198.000    196.005    -0.8529    -0.8526     0.0003    -0.8586    -0.8583     0.0003   2.788332   2.788700   0.000378    34.3028    34.3076     6.8954     6.6084    -0.2870    27.5828    27.5867    34.3014    27.5817    1447.46    1447.47    -0.8585  1028.5350    34.4686 0.0000e+00
      19027 309.506791  -62.22236  -58.21130     -0.820    1446.63    197.000    195.016    -0.8576    -0.8575     0.0001    -0.8634    -0.8632     0.0001   2.787796   2.788218   0.000416    34.3009    34.3064     6.8816     6.6020    -0.2796    27.5814    27.5859    34.3002    27.5809    1447.42    1447.43    -0.8632  1028.5295    34.4674 0.0000e+00
      19053 309.506803  -62.22236  -58.21130     -0.909    1446.63    196.000    194.026    -0.8590    -0.8587     0.0003    -0.8647    -0.8644     0.0003   2.787549   2.787979   0.000427    34.2996    34.3050     6.8843     6.5870    -0.2974    27.5805    27.5849    34.2991    27.5800    1447.39    1447.40    -0.8645  1028.5238    34.4662 0.0000e+00
      19077 309.506815  -62.22236 -9.990e-29     -0.959    1446.63    195.000    193.037    -0.8593    -0.8590     0.0003    -0.8649    -0.8646     0.0003   2.787450   2.787870   0.000417    34.2991    34.3044     6.8925     6.5891    -0.3034    27.5801    27.5843    34.2986    27.5797    1447.37    1447.38    -0.8648  1028.5205    34.4680 0.0000e+00
