Pos-Processados/process_op38/Processamento_split/up/uoperantar38_023.cnv
* Sea-Bird SBE 9 Data File:
* FileName = D:\OPERANTAR_XXXVIII\DADOS\OP38_023.hdr
* Software Version Seasave V 7.18c
* Temperature SN = 4808
* Conductivity SN = 3380
* Number of Bytes Per Scan = 34
* Number of Voltage Words = 3
* Number of Scans Averaged by the Deck Unit = 1
* NMEA Latitude = 62 12.78 S
* NMEA Longitude = 058 20.56 W
* NMEA UTC (Time) = Nov 22 2019 18:35:31
** H41
** NAVIO POLAR ALMIRANTE MAXIMIANO
** CRUZEIRO:
** OPERANTAR XXXVIII
** ESTAÇÃO: OP38_023
** LAT 62 12,77'S
** LONG 058 20,58'W
** 09P73767-1155_A
** PROFUNDIDADE: 500
** DATA/HORA: 221836Z/NOV2019
** OPERADOR: SO-HN CHAVES
# nquan = 32
# nvalues = 460                         
# units = specified
# name 0 = scan: Scan Count
# name 1 = timeJ: Julian Days
# name 2 = latitude: Latitude [deg]
# name 3 = longitude: Longitude [deg]
# name 4 = dz/dtM: Descent Rate [m/s]
# name 5 = avgsvCM: Average Sound Velocity [Chen-Millero, m/s]
# name 6 = prDM: Pressure, Digiquartz [db]
# name 7 = depSM: Depth [salt water, m]
# name 8 = t090C: Temperature [ITS-90, deg C]
# name 9 = t190C: Temperature, 2 [ITS-90, deg C]
# name 10 = T2-T190C: Temperature Difference, 2 - 1 [ITS-90, deg C]
# name 11 = potemp090C: Potential Temperature [ITS-90, deg C]
# name 12 = potemp190C: Potential Temperature, 2 [ITS-90, deg C]
# name 13 = potemp90Cdiff: Potential Temperature, Diff, 2 - 1 [ITS-90, deg C]
# name 14 = c0S/m: Conductivity [S/m]
# name 15 = c1S/m: Conductivity, 2 [S/m]
# name 16 = C2-C1S/m: Conductivity Difference, 2 - 1 [S/m]
# name 17 = sal00: Salinity, Practical [PSU]
# name 18 = sal11: Salinity, Practical, 2 [PSU]
# name 19 = sbeox0ML/L: Oxygen, SBE 43 [ml/l]
# name 20 = sbeox1ML/L: Oxygen, SBE 43, 2 [ml/l]
# name 21 = sbeox0ML/Ldiff: Oxygen, SBE 43, Diff, 2 - 1 [ml/l]
# name 22 = sigma-é00: Density [sigma-theta, kg/m^3]
# name 23 = sigma-é11: Density, 2 [sigma-theta, kg/m^3]
# name 24 = sal00: Salinity, Practical [PSU]
# name 25 = sigma-é00: Density [sigma-theta, kg/m^3]
# name 26 = svCM: Sound Velocity [Chen-Millero, m/s]
# name 27 = svCM1: Sound Velocity, 2 [Chen-Millero, m/s]
# name 28 = gsw_ptA0: potential temperature [ITS-90, deg C]
# name 29 = gsw_densityA0: density, TEOS-10 [density, kg/m^3]
# name 30 = gsw_saA0: Absolute Salinity [g/kg]
# name 31 = flag:
# span 0 =      16877,      32504       
# span 1 = 326.782803, 326.790339       
# span 2 =  -62.21307,  -62.21306       
# span 3 =  -58.34263,  -58.34256       
# span 4 =     -1.315,     -0.134       
# span 5 =    1449.93,    1449.93       
# span 6 =      2.000,    461.000       
# span 7 =      1.983,    456.068       
# span 8 =    -0.8780,    -0.1945       
# span 9 =    -0.8781,    -0.1934       
# span 10 =    -0.0261,     0.0174      
# span 11 =    -0.8926,    -0.2081      
# span 12 =    -0.8927,    -0.2070      
# span 13 =    -0.0260,     0.0174      
# span 14 =   2.805102,   2.864891      
# span 15 =   2.805545,   2.865312      
# span 16 =  -0.001641,   0.002026      
# span 17 =    34.1687,    34.5121      
# span 18 =    34.1743,    34.5179      
# span 19 =     5.8474,     7.6499      
# span 20 =     5.6241,     7.3758      
# span 21 =    -0.3719,    -0.1945      
# span 22 =    27.4485,    27.7482      
# span 23 =    27.4522,    27.7524      
# span 24 =    34.1691,    34.5210      
# span 25 =    27.4492,    27.7491      
# span 26 =    1446.45,    1454.14      
# span 27 =    1446.46,    1454.11      
# span 28 =    -0.8923,    -0.2079      
# span 29 =  1027.4632,  1029.9543      
# span 30 =    34.3334,    34.6899      
# span 31 = 0.0000e+00, 0.0000e+00      
# interval = decibars: 1                
# start_time = Nov 22 2019 18:35:31 [NMEA time, header]
# bad_flag = -9.990e-29
*END*
[from data line 272]
      23932 326.786205  -62.21306  -58.34256     -1.194    1449.93    189.000    187.100    -0.5227    -0.5247    -0.0020    -0.5287    -0.5307    -0.0020   2.812631   2.812803   0.000156    34.2625    34.2669     7.1260     6.8387    -0.2873    27.5363    27.5399    34.2611    27.5351    1448.80    1448.80    -0.5286  1028.4433    34.4280 0.0000e+00
      23952 326.786215  -62.21306  -58.34256     -1.217    1449.93    188.000    186.110    -0.5268    -0.5288    -0.0021    -0.5327    -0.5348    -0.0021   2.812114   2.812269   0.000168    34.2602    34.2648     7.1333     6.8396    -0.2937    27.5346    27.5384    34.2594    27.5339    1448.76    1448.76    -0.5326  1028.4374    34.4263 0.0000e+00
      23973 326.786225  -62.21306  -58.34256     -1.193    1449.93    187.000    185.121    -0.5304    -0.5312    -0.0007    -0.5363    -0.5371    -0.0007   2.811617   2.811966   0.000337    34.2583    34.2636     7.1426     6.8379    -0.3047    27.5332    27.5376    34.2574    27.5325    1448.73    1448.73    -0.5362  1028.4312    34.4243 0.0000e+00
      23995 326.786235  -62.21306  -58.34256     -1.141    1449.93    186.000    184.131    -0.5318    -0.5329    -0.0011    -0.5377    -0.5387    -0.0011   2.811433   2.811734   0.000300    34.2577    34.2629     7.1547     6.8411    -0.3136    27.5328    27.5371    34.2571    27.5323    1448.70    1448.71    -0.5376  1028.4263    34.4240 0.0000e+00
      24017 326.786246  -62.21306  -58.34257     -1.101    1449.93    185.000    183.142    -0.5328    -0.5328    -0.0000    -0.5386    -0.5386    -0.0000   2.811274   2.811694   0.000413    34.2572    34.2628     7.1678     6.8528    -0.3150    27.5324    27.5369    34.2566    27.5320    1448.68    1448.69    -0.5385  1028.4212    34.4235 0.0000e+00
      24038 326.786256  -62.21306  -58.34257     -1.094    1449.93    184.000    182.152    -0.5330    -0.5333    -0.0003    -0.5388    -0.5391    -0.0003   2.811208   2.811592   0.000387    34.2571    34.2626     7.1808     6.8685    -0.3124    27.5323    27.5368    34.2566    27.5320    1448.67    1448.67    -0.5387  1028.4164    34.4235 0.0000e+00
      24060 326.786267  -62.21306  -58.34256     -1.101    1449.93    183.000    181.163    -0.5335    -0.5337    -0.0002    -0.5392    -0.5395    -0.0002   2.811097   2.811502   0.000403    34.2568    34.2624     7.1942     6.8830    -0.3112    27.5321    27.5367    34.2563    27.5317    1448.65    1448.65    -0.5391  1028.4114    34.4232 0.0000e+00
      24082 326.786277  -62.21306  -58.34256     -1.106    1449.93    182.000    180.173    -0.5338    -0.5340    -0.0002    -0.5396    -0.5398    -0.0002   2.811019   2.811423   0.000403    34.2567    34.2623     7.1979     6.8914    -0.3065    27.5321    27.5366    34.2563    27.5317    1448.63    1448.64    -0.5394  1028.4067    34.4232 0.0000e+00
      24104 326.786288  -62.21306  -58.34256     -1.105    1449.93    181.000    179.184    -0.5340    -0.5342    -0.0002    -0.5397    -0.5399    -0.0002   2.810956   2.811350   0.000392    34.2567    34.2621     7.2021     6.8891    -0.3130    27.5320    27.5365    34.2562    27.5317    1448.61    1448.62    -0.5396  1028.4019    34.4231 0.0000e+00
      24125 326.786298  -62.21306  -58.34256     -1.103    1449.93    180.000    178.194    -0.5345    -0.5349    -0.0004    -0.5402    -0.5406    -0.0004   2.810847   2.811227   0.000383    34.2563    34.2619     7.2023     6.8930    -0.3093    27.5318    27.5363    34.2559    27.5315    1448.59    1448.60    -0.5401  1028.3969    34.4228 0.0000e+00
      24147 326.786309  -62.21306  -58.34256     -1.100    1449.93    179.000    177.205    -0.5350    -0.5352    -0.0001    -0.5406    -0.5408    -0.0001   2.810745   2.811153   0.000404    34.2561    34.2617     7.2001     6.8986    -0.3015    27.5316    27.5362    34.2557    27.5313    1448.57    1448.58    -0.5405  1028.3920    34.4226 0.0000e+00
      24169 326.786320  -62.21306  -58.34256     -1.091    1449.93    178.000    176.215    -0.5351    -0.5353    -0.0002    -0.5407    -0.5410    -0.0002   2.810685   2.811074   0.000394    34.2559    34.2615     7.1974     6.9008    -0.2966    27.5315    27.5360    34.2557    27.5313    1448.56    1448.56    -0.5406  1028.3871    34.4225 0.0000e+00
      24192 326.786330  -62.21306  -58.34257     -1.081    1449.93    177.000    175.226    -0.5355    -0.5355    -0.0000    -0.5410    -0.5411    -0.0000   2.810584   2.811001   0.000412    34.2557    34.2612     7.1965     6.9098    -0.2867    27.5313    27.5358    34.2553    27.5310    1448.54    1448.55    -0.5409  1028.3821    34.4222 0.0000e+00
      24214 326.786341  -62.21306  -58.34258     -1.072    1449.93    176.000    174.236    -0.5358    -0.5359    -0.0001    -0.5413    -0.5414    -0.0001   2.810494   2.810913   0.000416    34.2554    34.2611     7.1989     6.9038    -0.2950    27.5311    27.5357    34.2551    27.5308    1448.52    1448.53    -0.5412  1028.3772    34.4219 0.0000e+00
      24236 326.786352  -62.21306  -58.34258     -1.087    1449.93    175.000    173.247    -0.5358    -0.5359    -0.0001    -0.5413    -0.5414    -0.0001   2.810449   2.810859   0.000411    34.2553    34.2610     7.1959     6.9069    -0.2891    27.5310    27.5356    34.2551    27.5308    1448.50    1448.51    -0.5412  1028.3724    34.4220 0.0000e+00
      24256 326.786362  -62.21306  -58.34258     -1.126    1449.93    174.000    172.257    -0.5358    -0.5358     0.0000    -0.5413    -0.5413     0.0000   2.810401   2.810810   0.000408    34.2553    34.2608     7.1932     6.9147    -0.2785    27.5310    27.5355    34.2551    27.5308    1448.49    1448.50    -0.5412  1028.3676    34.4219 0.0000e+00
      24277 326.786371  -62.21306  -58.34258     -1.165    1449.93    173.000    171.267    -0.5358    -0.5357     0.0001    -0.5413    -0.5411     0.0001   2.810350   2.810783   0.000429    34.2552    34.2609     7.1912     6.9067    -0.2845    27.5309    27.5355    34.2550    27.5308    1448.47    1448.48    -0.5411  1028.3628    34.4219 0.0000e+00
      24297 326.786381  -62.21306  -58.34258     -1.176    1449.93    172.000    170.278    -0.5355    -0.5355     0.0001    -0.5410    -0.5409     0.0001   2.810316   2.810738   0.000424    34.2550    34.2606     7.1968     6.9060    -0.2907    27.5308    27.5353    34.2549    27.5306    1448.45    1448.46    -0.5408  1028.3579    34.4217 0.0000e+00
      24318 326.786391  -62.21306  -58.34258     -1.159    1449.93    171.000    169.288    -0.5352    -0.5352    -0.0000    -0.5406    -0.5406    -0.0000   2.810274   2.810695   0.000419    34.2546    34.2603     7.2032     6.9037    -0.2995    27.5304    27.5350    34.2545    27.5303    1448.44    1448.45    -0.5405  1028.3528    34.4214 0.0000e+00
      24340 326.786402  -62.21306  -58.34258     -1.134    1449.93    170.000    168.298    -0.5348    -0.5347     0.0001    -0.5401    -0.5400     0.0001   2.810234   2.810669   0.000433    34.2542    34.2600     7.2040     6.8990    -0.3049    27.5301    27.5347    34.2541    27.5300    1448.42    1448.43    -0.5400  1028.3477    34.4210 0.0000e+00
      24361 326.786412  -62.21306  -58.34258     -1.118    1449.93    169.000    167.309    -0.5345    -0.5343     0.0002    -0.5398    -0.5396     0.0002   2.810199   2.810629   0.000430    34.2541    34.2596     7.2066     6.9042    -0.3024    27.5299    27.5344    34.2540    27.5299    1448.41    1448.42    -0.5397  1028.3428    34.4208 0.0000e+00
      24382 326.786422  -62.21306  -58.34258     -1.123    1449.93    168.000    166.319    -0.5343    -0.5342     0.0001    -0.5396    -0.5395     0.0001   2.810165   2.810583   0.000418    34.2540    34.2595     7.2109     6.9010    -0.3099    27.5299    27.5343    34.2539    27.5298    1448.40    1448.40    -0.5395  1028.3380    34.4207 0.0000e+00
      24404 326.786433  -62.21306  -58.34258     -1.127    1449.93    167.000    165.330    -0.5342    -0.5343    -0.0001    -0.5394    -0.5395    -0.0001   2.810101   2.810517   0.000416    34.2536    34.2593     7.2101     6.9060    -0.3041    27.5295    27.5342    34.2535    27.5295    1448.38    1448.39    -0.5393  1028.3329    34.4203 0.0000e+00
      24426 326.786443  -62.21306  -58.34258     -1.111    1449.93    166.000    164.340    -0.5343    -0.5344    -0.0002    -0.5395    -0.5396    -0.0002   2.810023   2.810438   0.000420    34.2532    34.2591     7.2043     6.9067    -0.2975    27.5292    27.5340    34.2532    27.5292    1448.36    1448.37    -0.5394  1028.3278    34.4199 0.0000e+00
      24448 326.786454  -62.21306  -58.34258     -1.081    1449.93    165.000    163.351    -0.5343    -0.5345    -0.0001    -0.5395    -0.5396    -0.0002   2.809937   2.810360   0.000421    34.2528    34.2586     7.2051     6.9131    -0.2920    27.5289    27.5336    34.2527    27.5288    1448.34    1448.35    -0.5394  1028.3226    34.4194 0.0000e+00
      24472 326.786465  -62.21306  -58.34258     -1.047    1449.93    164.000    162.361    -0.5344    -0.5345    -0.0000    -0.5396    -0.5396    -0.0000   2.809876   2.810301   0.000422    34.2527    34.2584     7.2068     6.9135    -0.2934    27.5288    27.5334    34.2526    27.5287    1448.33    1448.34    -0.5394  1028.3178    34.4194 0.0000e+00
      24494 326.786476  -62.21306  -58.34258     -1.041    1449.93    163.000    161.372    -0.5344    -0.5345    -0.0001    -0.5395    -0.5396    -0.0001   2.809807   2.810225   0.000418    34.2524    34.2581     7.2135     6.9093    -0.3041    27.5286    27.5332    34.2522    27.5284    1448.31    1448.32    -0.5394  1028.3127    34.4190 0.0000e+00
      24517 326.786487  -62.21306  -58.34258     -1.064    1449.93    162.000    160.382    -0.5345    -0.5346    -0.0000    -0.5396    -0.5396    -0.0000   2.809699   2.810109   0.000414    34.2517    34.2572     7.2118     6.9094    -0.3024    27.5280    27.5325    34.2515    27.5279    1448.29    1448.30    -0.5395  1028.3074    34.4183 0.0000e+00
      24538 326.786497  -62.21306  -58.34256     -1.099    1449.93    161.000    159.393    -0.5347    -0.5348    -0.0002    -0.5397    -0.5399    -0.0002   2.809612   2.810000   0.000387    34.2513    34.2567     7.2104     6.9092    -0.3013    27.5277    27.5321    34.2511    27.5276    1448.28    1448.28    -0.5396  1028.3023    34.4179 0.0000e+00
      24559 326.786507  -62.21306  -58.34256     -1.137    1449.93    160.000    158.402    -0.5349    -0.5351    -0.0001    -0.5399    -0.5400    -0.0001   2.809513   2.809927   0.000412    34.2508    34.2565     7.2118     6.9166    -0.2952    27.5273    27.5319    34.2507    27.5272    1448.26    1448.27    -0.5398  1028.2972    34.4174 0.0000e+00
      24579 326.786517  -62.21306  -58.34256     -1.174    1449.93    159.000    157.413    -0.5351    -0.5353    -0.0002    -0.5401    -0.5403    -0.0002   2.809437   2.809842   0.000407    34.2506    34.2563     7.2186     6.9164    -0.3022    27.5272    27.5318    34.2505    27.5271    1448.24    1448.25    -0.5400  1028.2923    34.4173 0.0000e+00
      24598 326.786526  -62.21306  -58.34257     -1.205    1449.93    158.000    156.423    -0.5353    -0.5354    -0.0001    -0.5403    -0.5403    -0.0001   2.809355   2.809777   0.000422    34.2504    34.2562     7.2241     6.9133    -0.3108    27.5270    27.5317    34.2503    27.5269    1448.22    1448.23    -0.5401  1028.2874    34.4170 0.0000e+00
      24618 326.786536  -62.21306  -58.34257     -1.209    1449.93    157.000    155.434    -0.5354    -0.5355    -0.0001    -0.5403    -0.5404    -0.0001   2.809293   2.809716   0.000423    34.2502    34.2560     7.2248     6.9108    -0.3140    27.5269    27.5316    34.2502    27.5268    1448.21    1448.21    -0.5402  1028.2825    34.4169 0.0000e+00
      24639 326.786546  -62.21306  -58.34256     -1.183    1449.93    156.000    154.444    -0.5353    -0.5352     0.0001    -0.5402    -0.5400     0.0001   2.809255   2.809667   0.000413    34.2502    34.2556     7.2274     6.9136    -0.3137    27.5268    27.5312    34.2501    27.5267    1448.19    1448.20    -0.5401  1028.2777    34.4168 0.0000e+00
      24661 326.786557  -62.21306  -58.34257     -1.123    1449.93    155.000    153.454    -0.5352    -0.5351     0.0001    -0.5401    -0.5400     0.0001   2.809201   2.809626   0.000424    34.2500    34.2556     7.2239     6.9102    -0.3137    27.5267    27.5312    34.2499    27.5266    1448.17    1448.18    -0.5400  1028.2727    34.4166 0.0000e+00
      24685 326.786568  -62.21306  -58.34258     -1.056    1449.93    154.000    152.465    -0.5352    -0.5352    -0.0000    -0.5400    -0.5400    -0.0000   2.809145   2.809569   0.000424    34.2498    34.2555     7.2259     6.9136    -0.3123    27.5265    27.5311    34.2497    27.5264    1448.16    1448.17    -0.5399  1028.2678    34.4164 0.0000e+00
      24708 326.786579  -62.21306  -58.34258     -1.022    1449.93    153.000    151.475    -0.5353    -0.5352     0.0000    -0.5401    -0.5400     0.0000   2.809091   2.809517   0.000424    34.2498    34.2555     7.2256     6.9186    -0.3069    27.5265    27.5311    34.2498    27.5265    1448.14    1448.15    -0.5400  1028.2630    34.4165 0.0000e+00
      24731 326.786591  -62.21306  -58.34256     -1.032    1449.93    152.000    150.485    -0.5352    -0.5351     0.0001    -0.5399    -0.5399     0.0001   2.809043   2.809463   0.000422    34.2497    34.2553     7.2208     6.9136    -0.3072    27.5264    27.5309    34.2496    27.5264    1448.12    1448.13    -0.5398  1028.2582    34.4163 0.0000e+00
      24753 326.786601  -62.21306  -58.34256     -1.067    1449.93    151.000    149.496    -0.5352    -0.5353    -0.0001    -0.5399    -0.5400    -0.0001   2.808999   2.809408   0.000408    34.2498    34.2553     7.2213     6.9157    -0.3056    27.5265    27.5310    34.2497    27.5264    1448.11    1448.12    -0.5398  1028.2534    34.4164 0.0000e+00
      24774 326.786611  -62.21306  -58.34258     -1.112    1449.93    150.000    148.506    -0.5353    -0.5353     0.0000    -0.5400    -0.5399     0.0000   2.808929   2.809356   0.000425    34.2495    34.2552     7.2262     6.9215    -0.3048    27.5262    27.5308    34.2494    27.5262    1448.09    1448.10    -0.5399  1028.2484    34.4161 0.0000e+00
      24795 326.786621  -62.21306  -58.34258     -1.137    1449.93    149.000    147.517    -0.5353    -0.5354    -0.0001    -0.5400    -0.5400    -0.0001   2.808859   2.809294   0.000434    34.2492    34.2552     7.2240     6.9205    -0.3035    27.5260    27.5308    34.2491    27.5259    1448.07    1448.08    -0.5399  1028.2434    34.4158 0.0000e+00
      24817 326.786632  -62.21306  -58.34256     -1.127    1449.93    148.000    146.527    -0.5356    -0.5357    -0.0000    -0.5402    -0.5403    -0.0000   2.808775   2.809201   0.000430    34.2490    34.2548     7.2195     6.9236    -0.2959    27.5259    27.5306    34.2489    27.5258    1448.06    1448.06    -0.5401  1028.2385    34.4156 0.0000e+00
      24839 326.786642  -62.21306  -58.34256     -1.111    1449.93    147.000    145.537    -0.5357    -0.5357    -0.0000    -0.5402    -0.5403    -0.0000   2.808726   2.809134   0.000408    34.2490    34.2546     7.2238     6.9240    -0.2998    27.5259    27.5304    34.2490    27.5258    1448.04    1448.05    -0.5402  1028.2338    34.4156 0.0000e+00
      24860 326.786653  -62.21306  -58.34256     -1.113    1449.93    146.000    144.547    -0.5360    -0.5359     0.0001    -0.5406    -0.5405     0.0001   2.808601   2.809046   0.000446    34.2486    34.2544     7.2263     6.9240    -0.3023    27.5255    27.5303    34.2483    27.5253    1448.02    1448.03    -0.5405  1028.2285    34.4149 0.0000e+00
      24880 326.786662  -62.21306  -58.34256     -1.145    1449.93    145.000    143.558    -0.5382    -0.5390    -0.0008    -0.5428    -0.5436    -0.0008   2.808217   2.808544   0.000329    34.2469    34.2522     7.2300     6.9208    -0.3092    27.5242    27.5286    34.2462    27.5237    1447.99    1448.00    -0.5426  1028.2221    34.4128 0.0000e+00
