Pos-Processados/process_op38/Processamento_split/up/uoperantar38_012.cnv
* Sea-Bird SBE 9 Data File:
* FileName = D:\OPERANTAR_XXXVIII\DADOS\OP38_012.hdr
* Software Version Seasave V 7.18c
* Temperature SN = 4808
* Conductivity SN = 3380
* Number of Bytes Per Scan = 31
* Number of Voltage Words = 2
* Number of Scans Averaged by the Deck Unit = 1
* NMEA Latitude = 43 26.50 S
* NMEA Longitude = 053 36.73 W
* NMEA UTC (Time) = Oct 20 2019 19:38:05
** H41
** NAVIO POLAR ALMIRANTE MAXIMIANO
** CRUZEIRO:
** OPERANTAR XXXVIII
** ESTAÇÃO: OP38_012
** LAT 43 26,49' S
** LONG 053 36,73'  W
** 09P73767-1155
** PROFUNDIDADE: 5647
** DATA/HORA: 201939Z/OUT/2019
** OPERADOR: SO-HN CHAVES
# nquan = 33
# nvalues = 1057                        
# units = specified
# name 0 = scan: Scan Count
# name 1 = timeJ: Julian Days
# name 2 = latitude: Latitude [deg]
# name 3 = longitude: Longitude [deg]
# name 4 = dz/dtM: Descent Rate [m/s]
# name 5 = avgsvCM: Average Sound Velocity [Chen-Millero, m/s]
# name 6 = prDM: Pressure, Digiquartz [db]
# name 7 = depSM: Depth [salt water, m]
# name 8 = t090C: Temperature [ITS-90, deg C]
# name 9 = t190C: Temperature, 2 [ITS-90, deg C]
# name 10 = T2-T190C: Temperature Difference, 2 - 1 [ITS-90, deg C]
# name 11 = potemp090C: Potential Temperature [ITS-90, deg C]
# name 12 = potemp190C: Potential Temperature, 2 [ITS-90, deg C]
# name 13 = potemp90Cdiff: Potential Temperature, Diff, 2 - 1 [ITS-90, deg C]
# name 14 = c0S/m: Conductivity [S/m]
# name 15 = c1S/m: Conductivity, 2 [S/m]
# name 16 = C2-C1S/m: Conductivity Difference, 2 - 1 [S/m]
# name 17 = sal00: Salinity, Practical [PSU]
# name 18 = sal11: Salinity, Practical, 2 [PSU]
# name 19 = sbeox0ML/L: Oxygen, SBE 43 [ml/l]
# name 20 = sigma-é00: Density [sigma-theta, kg/m^3]
# name 21 = sigma-é11: Density, 2 [sigma-theta, kg/m^3]
# name 22 = sbox0Mm/Kg: Oxygen, SBE 43 [umol/kg]
# name 23 = oxsolMm/Kg: Oxygen Saturation, Garcia & Gordon [umol/kg]
# name 24 = oxsatMm/Kg: Oxygen Saturation, Weiss [umol/kg]
# name 25 = sal00: Salinity, Practical [PSU]
# name 26 = sigma-é00: Density [sigma-theta, kg/m^3]
# name 27 = svCM: Sound Velocity [Chen-Millero, m/s]
# name 28 = svCM1: Sound Velocity, 2 [Chen-Millero, m/s]
# name 29 = gsw_ptA0: potential temperature [ITS-90, deg C]
# name 30 = gsw_densityA0: density, TEOS-10 [density, kg/m^3]
# name 31 = gsw_saA0: Absolute Salinity [g/kg]
# name 32 = flag:
# span 0 =      30916,      65058       
# span 1 = 293.833022, 293.849488       
# span 2 =  -43.44176,  -43.44172       
# span 3 =  -53.61230,  -53.61224       
# span 4 =     -1.559,     -0.191       
# span 5 =    1476.15,    1476.15       
# span 6 =      2.000,   1058.000       
# span 7 =      1.980,   1046.889       
# span 8 =     3.0362,     9.7607       
# span 9 =     3.0362,     9.7621       
# span 10 =    -0.0496,     0.0298      
# span 11 =     2.9639,     9.7603      
# span 12 =     2.9639,     9.7617      
# span 13 =    -0.0494,     0.0296      
# span 14 =   3.154769,   3.701112      
# span 15 =   3.155237,   3.701819      
# span 16 =  -0.003910,   0.003386      
# span 17 =    34.0765,    34.3153      
# span 18 =    34.0825,    34.3207      
# span 19 =     4.6266,     6.7672      
# span 20 =    26.3063,    27.3304      
# span 21 =    26.3107,    27.3347      
# span 22 =    201.128,    294.462      
# span 23 =  277.78392,  323.97507      
# span 24 =  277.93938,  324.91942      
# span 25 =    34.0738,    34.3172      
# span 26 =    26.3064,    27.3328      
# span 27 =    1472.74,    1487.97      
# span 28 =    1472.75,    1487.98      
# span 29 =     2.9638,     9.7603      
# span 30 =  1026.3254,  1032.2297      
# span 31 =    34.2349,    34.4829      
# span 32 = 0.0000e+00, 0.0000e+00      
# interval = decibars: 1                
# start_time = Oct 20 2019 19:38:05 [NMEA time, header]
# bad_flag = -9.990e-29
*END*
[from data line 660]
      47486 293.841013  -43.44174  -53.61228     -0.986    1476.15    398.000    394.446     4.5298     4.5297    -0.0002     4.5001     4.5000    -0.0002   3.246591   3.247101   0.000511    34.1269    34.1330     6.4418    27.0388    27.0437    280.116  312.87108  313.59470    34.1281    27.0398    1474.22    1474.22     4.5000  1028.8810    34.2902 0.0000e+00
      47513 293.841026  -43.44174  -53.61228     -0.937    1476.15    397.000    393.456     4.5348     4.5342    -0.0006     4.5051     4.5045    -0.0006   3.247039   3.247511   0.000467    34.1274    34.1335     6.4398    27.0387    27.0435    280.031  312.83293  313.55590    34.1288    27.0398    1474.22    1474.23     4.5051  1028.8763    34.2909 0.0000e+00
      47540 293.841039  -43.44174  -53.61228     -0.888    1476.15    396.000    392.466     4.5404     4.5401    -0.0002     4.5108     4.5106    -0.0002   3.247502   3.248020   0.000517    34.1278    34.1340     6.4395    27.0383    27.0433    280.018  312.79038  313.51262    34.1289    27.0393    1474.23    1474.24     4.5107  1028.8712    34.2910 0.0000e+00
      47563 293.841050  -43.44174  -53.61228     -0.961    1476.15    395.000    391.476     4.5431     4.5425    -0.0006     4.5136     4.5130    -0.0006   3.247767   3.248213   0.000448    34.1283    34.1341     6.4367    27.0384    27.0432    279.894  312.76849  313.49036    34.1297    27.0396    1474.22    1474.23     4.5135  1028.8668    34.2918 0.0000e+00
      47583 293.841060  -43.44174  -53.61228     -1.091    1476.15    394.000    390.486     4.5487     4.5487    -0.0000     4.5193     4.5193    -0.0000   3.248240   3.248745   0.000519    34.1286    34.1346     6.4348    27.0381    27.0429    279.814  312.72591  313.44704    34.1300    27.0392    1474.23    1474.24     4.5192  1028.8618    34.2920 0.0000e+00
      47603 293.841070  -43.44174  -53.61228     -1.180    1476.15    393.000    389.496     4.5559     4.5525    -0.0034     4.5265     4.5231    -0.0034   3.248939   3.249139   0.000206    34.1294    34.1352     6.4335    27.0379    27.0429    279.756  312.67055  313.39075    34.1313    27.0394    1474.25    1474.24     4.5264  1028.8573    34.2934 0.0000e+00
      47625 293.841080  -43.44174  -53.61228     -1.168    1476.15    392.000    388.506     4.5645     4.5620    -0.0026     4.5352     4.5327    -0.0026   3.249734   3.250040   0.000313    34.1300    34.1363     6.4382    27.0374    27.0427    279.958  312.60435  313.32341    34.1321    27.0391    1474.27    1474.26     4.5351  1028.8524    34.2942 0.0000e+00
      47650 293.841092  -43.44174  -53.61228     -1.033    1476.15    391.000    387.515     4.5727     4.5719    -0.0008     4.5434     4.5426    -0.0008   3.250399   3.250876   0.000463    34.1305    34.1367     6.4350    27.0369    27.0420    279.821  312.54244  313.26042    34.1320    27.0382    1474.28    1474.29     4.5433  1028.8467    34.2941 0.0000e+00
      47678 293.841106  -43.44174  -53.61228     -0.886    1476.15    390.000    386.525     4.5769     4.5761    -0.0008     4.5477     4.5469    -0.0008   3.250818   3.251250   0.000448    34.1314    34.1374     6.4184    27.0372    27.0421    279.100  312.50899  313.22643    34.1331    27.0385    1474.29    1474.29     4.5476  1028.8425    34.2952 0.0000e+00
      47704 293.841118  -43.44174  -53.61228     -0.878    1476.15    389.000    385.535     4.5879     4.5856    -0.0024     4.5587     4.5564    -0.0024   3.251972   3.252256   0.000277    34.1331    34.1388     6.4037    27.0373    27.0421    278.463  312.42293  313.13895    34.1358    27.0394    1474.32    1474.32     4.5586  1028.8386    34.2978 0.0000e+00
      47727 293.841130  -43.44174  -53.61228     -0.970    1476.15    388.000    384.545     4.6000     4.5998    -0.0002     4.5709     4.5707    -0.0002   3.252975   3.253494   0.000508    34.1338    34.1399     6.3980    27.0365    27.0414    278.211  312.33122  313.04564    34.1355    27.0379    1474.35    1474.36     4.5708  1028.8324    34.2976 0.0000e+00
      47749 293.841140  -43.44174  -53.61228     -1.082    1476.15    387.000    383.555     4.6013     4.6011    -0.0001     4.5722     4.5721    -0.0001   3.253042   3.253557   0.000508    34.1341    34.1401     6.3982    27.0367    27.0415    278.221  312.32126  313.03553    34.1355    27.0378    1474.34    1474.35     4.5721  1028.8276    34.2976 0.0000e+00
      47771 293.841151  -43.44174  -53.61228     -1.108    1476.15    386.000    382.564     4.6046     4.6052     0.0006     4.5756     4.5762     0.0005   3.253426   3.254013   0.000577    34.1348    34.1410     6.3924    27.0369    27.0417    277.970  312.29437  313.00821    34.1371    27.0386    1474.34    1474.35     4.5755  1028.8238    34.2991 0.0000e+00
      47796 293.841163  -43.44174  -53.61228     -1.018    1476.15    385.000    381.574     4.6233     4.6227    -0.0006     4.5943     4.5937    -0.0006   3.255287   3.255734   0.000464    34.1371    34.1431     6.3697    27.0367    27.0414    276.982  312.14989  312.86131    34.1400    27.0390    1474.40    1474.41     4.5942  1028.8194    34.3021 0.0000e+00
      47821 293.841175  -43.44174  -53.61228     -0.939    1476.15    384.000    380.584     4.6346     4.6344    -0.0003     4.6057     4.6054    -0.0003   3.256326   3.256841   0.000518    34.1381    34.1444     6.3592    27.0362    27.0412    276.527  312.06319  312.77313    34.1410    27.0385    1474.44    1474.44     4.6056  1028.8142    34.3031 0.0000e+00
      47844 293.841186  -43.44174  -53.61228     -0.983    1476.15    383.000    379.594     4.6440     4.6428    -0.0012     4.6151     4.6139    -0.0012   3.257116   3.257534   0.000416    34.1391    34.1451     6.3580    27.0359    27.0408    276.472  311.99147  312.70019    34.1411    27.0375    1474.46    1474.46     4.6150  1028.8085    34.3032 0.0000e+00
      47865 293.841196  -43.44174  -53.61228     -1.095    1476.15    382.000    378.603     4.6449     4.6449     0.0000     4.6160     4.6161     0.0000   3.257142   3.257679   0.000533    34.1392    34.1454     6.3480    27.0359    27.0408    276.040  311.98446  312.69306    34.1410    27.0373    1474.44    1474.45     4.6160  1028.8037    34.3031 0.0000e+00
      47885 293.841206  -43.44174  -53.61228     -1.182    1476.15    381.000    377.614     4.6472     4.6460    -0.0012     4.6184     4.6172    -0.0012   3.257298   3.257731   0.000432    34.1394    34.1456     6.3317    27.0358    27.0409    275.329  311.96687  312.67517    34.1410    27.0370    1474.44    1474.44     4.6184  1028.7988    34.3030 0.0000e+00
      47907 293.841216  -43.44174  -53.61228     -1.155    1476.15    380.000    376.623     4.6456     4.6456     0.0001     4.6169     4.6170     0.0001   3.257066   3.257619   0.000552    34.1393    34.1456     6.3146    27.0359    27.0409    274.587  311.97909  312.68760    34.1404    27.0367    1474.42    1474.42     4.6169  1028.7939    34.3025 0.0000e+00
      47934 293.841229  -43.44174  -53.61228     -0.977    1476.15    379.000    375.633     4.6458     4.6454    -0.0004     4.6172     4.6168    -0.0004   3.257066   3.257437   0.000371    34.1396    34.1455     6.2977    27.0361    27.0408    273.853  311.97667  312.68516    34.1407    27.0369    1474.40    1474.40     4.6172  1028.7895    34.3028 0.0000e+00
      47962 293.841243  -43.44174  -53.61228     -0.858    1476.15    378.000    374.643     4.6467     4.6461    -0.0006     4.6182     4.6176    -0.0006   3.257122   3.257594   0.000480    34.1398    34.1460     6.3022    27.0361    27.0411    274.045  311.96962  312.67800    34.1410    27.0371    1474.39    1474.39     4.6181  1028.7850    34.3030 0.0000e+00
      47988 293.841255  -43.44174  -53.61228     -0.889    1476.15    377.000    373.653     4.6548     4.6535    -0.0012     4.6263     4.6251    -0.0012   3.257921   3.258346   0.000421    34.1406    34.1468     6.3141    27.0359    27.0409    274.564  311.90758  312.61491    34.1425    27.0374    1474.41    1474.41     4.6263  1028.7806    34.3046 0.0000e+00
      48012 293.841267  -43.44174  -53.61228     -0.956    1476.15    376.000    372.663     4.6607     4.6606    -0.0001     4.6323     4.6322    -0.0001   3.258394   3.258932   0.000530    34.1410    34.1473     6.3189    27.0356    27.0405    274.774  311.86261  312.56916    34.1424    27.0366    1474.41    1474.42     4.6322  1028.7752    34.3045 0.0000e+00
      48036 293.841279  -43.44174  -53.61228     -0.990    1476.15    375.000    371.672     4.6650     4.6646    -0.0004     4.6367     4.6363    -0.0004   3.258724   3.259216   0.000499    34.1410    34.1473     6.3196    27.0351    27.0401    274.804  311.83038  312.53636    34.1423    27.0361    1474.42    1474.42     4.6366  1028.7701    34.3044 0.0000e+00
      48061 293.841290  -43.44174  -53.61228     -0.986    1476.15    374.000    370.682     4.6669     4.6662    -0.0007     4.6386     4.6380    -0.0007   3.258811   3.259297   0.000482    34.1409    34.1472     6.3126    27.0348    27.0399    274.499  311.81685  312.52258    34.1419    27.0356    1474.41    1474.41     4.6386  1028.7649    34.3040 0.0000e+00
      48084 293.841302  -43.44174  -53.61228     -1.003    1476.15    373.000    369.692     4.6670     4.6670    -0.0000     4.6388     4.6388    -0.0001   3.258750   3.259291   0.000539    34.1407    34.1471     6.3052    27.0346    27.0396    274.176  311.81616  312.52186    34.1416    27.0353    1474.39    1474.40     4.6388  1028.7600    34.3036 0.0000e+00
      48105 293.841312  -43.44174  -53.61228     -1.078    1476.15    372.000    368.702     4.6674     4.6671    -0.0003     4.6393     4.6390    -0.0003   3.258739   3.259255   0.000514    34.1409    34.1472     6.3048    27.0347    27.0397    274.160  311.81325  312.51891    34.1416    27.0352    1474.37    1474.38     4.6392  1028.7554    34.3037 0.0000e+00
      48124 293.841321  -43.44174  -53.61228     -1.171    1476.15    371.000    367.712     4.6672     4.6670    -0.0002     4.6392     4.6390    -0.0002   3.258661   3.259193   0.000534    34.1407    34.1471     6.3149    27.0345    27.0396    274.597  311.81475  312.52043    34.1414    27.0351    1474.36    1474.36     4.6391  1028.7506    34.3034 0.0000e+00
      48144 293.841331  -43.44174  -53.61228     -1.226    1476.15    370.000    366.721     4.6680     4.6673    -0.0006     4.6400     4.6394    -0.0006   3.258665   3.259156   0.000497    34.1405    34.1469     6.3194    27.0343    27.0394    274.793  311.81003  312.51561    34.1412    27.0348    1474.34    1474.35     4.6400  1028.7457    34.3032 0.0000e+00
      48168 293.841342  -43.44174  -53.61228     -1.133    1476.15    369.000    365.731     4.6697     4.6694    -0.0003     4.6418     4.6415    -0.0003   3.258757   3.259262   0.000503    34.1402    34.1464     6.3207    27.0339    27.0388    274.853  311.79766  312.50300    34.1410    27.0345    1474.33    1474.34     4.6418  1028.7408    34.3030 0.0000e+00
      48197 293.841356  -43.44174  -53.61228     -0.874    1476.15    368.000    364.741     4.6749     4.6743    -0.0006     4.6471     4.6465    -0.0006   3.259167   3.259626   0.000462    34.1401    34.1461     6.3156    27.0332    27.0380    274.633  311.75942  312.46406    34.1409    27.0338    1474.34    1474.34     4.6470  1028.7355    34.3030 0.0000e+00
      48227 293.841370  -43.44174  -53.61228     -0.781    1476.15    367.000    363.750     4.6775     4.6769    -0.0006     4.6498     4.6492    -0.0006   3.259358   3.259842   0.000480    34.1401    34.1464     6.3181    27.0329    27.0379    274.741  311.73959  312.44388    34.1409    27.0336    1474.33    1474.34     4.6497  1028.7306    34.3030 0.0000e+00
      48250 293.841382  -43.44174  -53.61228     -0.924    1476.15    366.000    362.760     4.6807     4.6802    -0.0006     4.6531     4.6525    -0.0006   3.259637   3.260127   0.000494    34.1404    34.1467     6.3267    27.0328    27.0378    275.114  311.71503  312.41890    34.1414    27.0336    1474.33    1474.34     4.6530  1028.7259    34.3034 0.0000e+00
      48272 293.841392  -43.44174  -53.61228     -1.065    1476.15    365.000    361.770     4.6853     4.6847    -0.0007     4.6577     4.6571    -0.0007   3.260019   3.260491   0.000472    34.1407    34.1469     6.3311    27.0325    27.0375    275.305  311.68053  312.38380    34.1417    27.0333    1474.33    1474.34     4.6576  1028.7210    34.3037 0.0000e+00
      48293 293.841402  -43.44174  -53.61228     -1.126    1476.15    364.000    360.779     4.6865     4.6865    -0.0000     4.6590     4.6590    -0.0000   3.260040   3.260577   0.000530    34.1407    34.1468     6.3308    27.0323    27.0372    275.291  311.67173  312.37484    34.1412    27.0328    1474.32    1474.33     4.6589  1028.7159    34.3032 0.0000e+00
      48316 293.841413  -43.44174  -53.61228     -1.094    1476.15    363.000    359.789     4.6861     4.6860    -0.0001     4.6587     4.6585    -0.0001   3.259959   3.260490   0.000529    34.1407    34.1470     6.3278    27.0324    27.0374    275.160  311.67462  312.37779    34.1412    27.0328    1474.30    1474.31     4.6586  1028.7113    34.3032 0.0000e+00
      48339 293.841425  -43.44174  -53.61228     -1.031    1476.15    362.000    358.799     4.6859     4.6858    -0.0001     4.6585     4.6584    -0.0001   3.259887   3.260407   0.000522    34.1406    34.1468     6.3280    27.0323    27.0373    275.168  311.67632  312.37951    34.1411    27.0327    1474.28    1474.29     4.6585  1028.7066    34.3031 0.0000e+00
      48361 293.841435  -43.44174  -53.61228     -1.054    1476.15    361.000    357.809     4.6866     4.6864    -0.0002     4.6593     4.6591    -0.0002   3.259912   3.260424   0.000515    34.1406    34.1468     6.3273    27.0322    27.0372    275.138  311.67111  312.37421    34.1411    27.0327    1474.27    1474.28     4.6592  1028.7020    34.3032 0.0000e+00
      48380 293.841444  -43.44174  -53.61228     -1.148    1476.15    360.000    356.818     4.6886     4.6876    -0.0009     4.6613     4.6604    -0.0009   3.260073   3.260487   0.000427    34.1407    34.1467     6.3251    27.0321    27.0369    275.046  311.65644  312.35928    34.1415    27.0328    1474.26    1474.27     4.6613  1028.6974    34.3036 0.0000e+00
      48399 293.841454  -43.44173  -53.61228     -1.247    1476.15    359.000    355.828     4.6934     4.6915    -0.0019     4.6662     4.6643    -0.0019   3.260474   3.260835   0.000359    34.1410    34.1471     6.3261    27.0318    27.0368    275.088  311.62012  312.32233    34.1418    27.0324    1474.27    1474.27     4.6662  1028.6925    34.3038 0.0000e+00
      48419 293.841463  -43.44172  -53.61228     -1.268    1476.15    358.000    354.838     4.6957     4.6947    -0.0011     4.6687     4.6676    -0.0011   3.260634   3.261067   0.000431    34.1410    34.1472     6.3301    27.0315    27.0365    275.259  311.60230  312.30420    34.1417    27.0321    1474.26    1474.26     4.6686  1028.6875    34.3037 0.0000e+00
      48441 293.841474  -43.44172  -53.61230     -1.162    1476.15    357.000    353.848     4.6978     4.6973    -0.0006     4.6708     4.6703    -0.0006   3.260793   3.261279   0.000483    34.1412    34.1474     6.3336    27.0315    27.0364    275.412  311.58651  312.28813    34.1419    27.0320    1474.25    1474.26     4.6707  1028.6828    34.3039 0.0000e+00
      48467 293.841486  -43.44172  -53.61230     -0.991    1476.15    356.000    352.857     4.7015     4.7011    -0.0004     4.6745     4.6742    -0.0004   3.261109   3.261617   0.000505    34.1416    34.1478     6.3385    27.0313    27.0363    275.624  311.55848  312.25964    34.1424    27.0319    1474.25    1474.26     4.6745  1028.6781    34.3044 0.0000e+00
