Pos-Processados/process_op38/Processamento_split/up/uoperantar38_019.cnv
* Sea-Bird SBE 9 Data File:
* FileName = D:\OPERANTAR_XXXVIII\DADOS\OP38_019.hdr
* Software Version Seasave V 7.18c
* Temperature SN = 4808
* Conductivity SN = 3380
* Number of Bytes Per Scan = 34
* Number of Voltage Words = 3
* Number of Scans Averaged by the Deck Unit = 1
* NMEA Latitude = 62 12.52 S
* NMEA Longitude = 058 17.99 W
* NMEA UTC (Time) = Nov 22 2019 11:08:24
** H41
** NAVIO POLAR ALMIRANTE MAXIMIANO
** CRUZEIRO:
** OPERANTAR XXXVIII
** ESTAÇÃO: OP38_019
** LAT 62 12,51'S
** LONG 058 18,00'W
** 09P73767-1155_A
** PROFUNDIDADE: 271
** DATA/HORA: 221109Z/NOV/2019
** OPERADOR: SO-HN CHAVES
# nquan = 33
# nvalues = 241                         
# units = specified
# name 0 = scan: Scan Count
# name 1 = timeJ: Julian Days
# name 2 = latitude: Latitude [deg]
# name 3 = longitude: Longitude [deg]
# name 4 = dz/dtM: Descent Rate [m/s]
# name 5 = avgsvCM: Average Sound Velocity [Chen-Millero, m/s]
# name 6 = prDM: Pressure, Digiquartz [db]
# name 7 = depSM: Depth [salt water, m]
# name 8 = t090C: Temperature [ITS-90, deg C]
# name 9 = t190C: Temperature, 2 [ITS-90, deg C]
# name 10 = T2-T190C: Temperature Difference, 2 - 1 [ITS-90, deg C]
# name 11 = potemp090C: Potential Temperature [ITS-90, deg C]
# name 12 = potemp190C: Potential Temperature, 2 [ITS-90, deg C]
# name 13 = potemp90Cdiff: Potential Temperature, Diff, 2 - 1 [ITS-90, deg C]
# name 14 = c0S/m: Conductivity [S/m]
# name 15 = c1S/m: Conductivity, 2 [S/m]
# name 16 = C2-C1S/m: Conductivity Difference, 2 - 1 [S/m]
# name 17 = sal00: Salinity, Practical [PSU]
# name 18 = sal11: Salinity, Practical, 2 [PSU]
# name 19 = sbeox0ML/L: Oxygen, SBE 43 [ml/l]
# name 20 = sigma-é00: Density [sigma-theta, kg/m^3]
# name 21 = sigma-é11: Density, 2 [sigma-theta, kg/m^3]
# name 22 = sbox0Mm/Kg: Oxygen, SBE 43 [umol/kg]
# name 23 = oxsolMm/Kg: Oxygen Saturation, Garcia & Gordon [umol/kg]
# name 24 = oxsatMm/Kg: Oxygen Saturation, Weiss [umol/kg]
# name 25 = sal00: Salinity, Practical [PSU]
# name 26 = sigma-é00: Density [sigma-theta, kg/m^3]
# name 27 = svCM: Sound Velocity [Chen-Millero, m/s]
# name 28 = svCM1: Sound Velocity, 2 [Chen-Millero, m/s]
# name 29 = gsw_ptA0: potential temperature [ITS-90, deg C]
# name 30 = gsw_densityA0: density, TEOS-10 [density, kg/m^3]
# name 31 = gsw_saA0: Absolute Salinity [g/kg]
# name 32 = flag:
# span 0 =      12508,      26705       
# span 1 = 326.470198, 326.477045       
# span 2 =  -62.20879,  -62.20864       
# span 3 =  -58.30025,  -58.29996       
# span 4 =     -0.903,     -0.109       
# span 5 =    1447.69,    1447.69       
# span 6 =      2.000,    242.000       
# span 7 =      1.987,    239.537       
# span 8 =    -0.6388,    -0.2172       
# span 9 =    -0.6385,    -0.2144       
# span 10 =    -0.0118,     0.0028      
# span 11 =    -0.6452,    -0.2173      
# span 12 =    -0.6449,    -0.2145      
# span 13 =    -0.0118,     0.0028      
# span 14 =   2.802622,   2.820561      
# span 15 =   2.803053,   2.821176      
# span 16 =  -0.000415,   0.000603      
# span 17 =    34.1379,    34.2957      
# span 18 =    34.1428,    34.3007      
# span 19 =     6.9515,     7.7122      
# span 20 =    27.4211,    27.5681      
# span 21 =    27.4250,    27.5722      
# span 22 =    302.123,    335.234      
# span 23 =  352.29214,  355.83337      
# span 24 =  353.80925,  357.44536      
# span 25 =    34.1381,    34.2957      
# span 26 =    27.4212,    27.5681      
# span 27 =    1446.86,    1449.19      
# span 28 =    1446.85,    1449.20      
# span 29 =    -0.6450,    -0.2173      
# span 30 =  1027.4352,  1028.7297      
# span 31 =    34.3028,    34.4634      
# span 32 = 0.0000e+00, 0.0000e+00      
# interval = decibars: 1                
# start_time = Nov 22 2019 11:08:24 [NMEA time, header]
# bad_flag = -9.990e-29
*END*
[from data line 88]
      16201 326.471979  -62.20864  -58.30018     -0.641    1447.69    154.000    152.464    -0.5917    -0.5914     0.0003    -0.5964    -0.5961     0.0003   2.802840   2.803281   0.000440    34.2286    34.2342     7.2733    27.5119    27.5164    316.129  355.52302  357.12335    34.2287    27.5119    1447.87    1447.88    -0.5963  1028.2536    34.3953 0.0000e+00
      16236 326.471996  -62.20864  -58.30018     -0.665    1447.69    153.000    151.475    -0.5921    -0.5913     0.0008    -0.5968    -0.5960     0.0008   2.802774   2.803246   0.000469    34.2289    34.2343     7.2747    27.5121    27.5164    316.191  355.52642  357.12686    34.2289    27.5121    1447.85    1447.86    -0.5967  1028.2490    34.3955 0.0000e+00
      16268 326.472012  -62.20864  -58.30018     -0.732    1447.69    152.000    150.486    -0.5923    -0.5915     0.0008    -0.5969    -0.5962     0.0008   2.802751   2.803196   0.000451    34.2292    34.2345     7.2807    27.5124    27.5166    316.451  355.52669  357.12717    34.2294    27.5125    1447.83    1447.84    -0.5968  1028.2446    34.3960 0.0000e+00
      16301 326.472028  -62.20864  -58.30018     -0.739    1447.69    151.000    149.496    -0.5894    -0.5899    -0.0005    -0.5940    -0.5945    -0.0005   2.802833   2.803233   0.000399    34.2278    34.2337     7.2775    27.5110    27.5159    316.309  355.50418  357.10396    34.2279    27.5111    1447.83    1447.83    -0.5939  1028.2385    34.3945 0.0000e+00
      16336 326.472044  -62.20864  -58.30018     -0.693    1447.69    150.000    148.506    -0.5887    -0.5888    -0.0001    -0.5933    -0.5934    -0.0001   2.802817   2.803228   0.000414    34.2273    34.2331     7.2696    27.5107    27.5153    315.966  355.49856  357.09817    34.2274    27.5108    1447.81    1447.82    -0.5932  1028.2333    34.3940 0.0000e+00
      16371 326.472061  -62.20864  -58.30018     -0.690    1447.69    149.000    147.516    -0.5886    -0.5885     0.0000    -0.5931    -0.5931     0.0000   2.802769   2.803189   0.000418    34.2272    34.2328     7.2744    27.5105    27.5150    316.176  355.49758  357.09715    34.2273    27.5106    1447.80    1447.81    -0.5931  1028.2284    34.3938 0.0000e+00
      16406 326.472078  -62.20864  -58.30018     -0.697    1447.69    148.000    146.527    -0.5878    -0.5878    -0.0000    -0.5923    -0.5923    -0.0000   2.802761   2.803176   0.000420    34.2267    34.2324     7.2771    27.5101    27.5147    316.295  355.49148  357.09086    34.2269    27.5102    1447.78    1447.79    -0.5922  1028.2233    34.3934 0.0000e+00
      16445 326.472097  -62.20864  -58.30018     -0.620    1447.69    147.000    145.537    -0.5841    -0.5838     0.0003    -0.5886    -0.5884     0.0003   2.802854   2.803290   0.000433    34.2244    34.2299     7.2869    27.5081    27.5125    316.719  355.46374  357.06222    34.2246    27.5083    1447.78    1447.79    -0.5885  1028.2165    34.3912 0.0000e+00
      16485 326.472116  -62.20864  -58.30018     -0.589    1447.69    146.000    144.547    -0.5832    -0.5832    -0.0001    -0.5876    -0.5877    -0.0001   2.802848   2.803266   0.000420    34.2239    34.2296     7.2872    27.5076    27.5123    316.736  355.45610  357.05433    34.2241    27.5078    1447.77    1447.78    -0.5876  1028.2112    34.3906 0.0000e+00
      16517 326.472132  -62.20864  -58.30018     -0.705    1447.69    145.000    143.557    -0.5828    -0.5830    -0.0002    -0.5872    -0.5874    -0.0002   2.802815   2.803215   0.000407    34.2237    34.2294     7.2916    27.5075    27.5121    316.926  355.45333  357.05149    34.2239    27.5076    1447.75    1447.76    -0.5872  1028.2063    34.3904 0.0000e+00
      16546 326.472146  -62.20864  -58.30018     -0.813    1447.69    144.000    142.568    -0.5824    -0.5831    -0.0008    -0.5868    -0.5875    -0.0008   2.802796   2.803179   0.000381    34.2236    34.2295     7.3006    27.5073    27.5122    317.317  355.44978  357.04784    34.2237    27.5074    1447.74    1447.74    -0.5867  1028.2013    34.3902 0.0000e+00
      16578 326.472161  -62.20864  -58.30018     -0.794    1447.69    143.000    141.578    -0.5815    -0.5818    -0.0003    -0.5859    -0.5862    -0.0003   2.802782   2.803185   0.000402    34.2231    34.2288     7.2958    27.5069    27.5115    317.108  355.44334  357.04120    34.2232    27.5070    1447.73    1447.73    -0.5858  1028.1961    34.3897 0.0000e+00
      16615 326.472179  -62.20864  -58.30018     -0.654    1447.69    142.000    140.588    -0.5811    -0.5808     0.0003    -0.5855    -0.5852     0.0003   2.802758   2.803184   0.000425    34.2229    34.2283     7.2966    27.5068    27.5111    317.141  355.44000  357.03776    34.2230    27.5069    1447.71    1447.72    -0.5854  1028.1912    34.3895 0.0000e+00
      16652 326.472197  -62.20864  -58.30018     -0.640    1447.69    141.000    139.598    -0.5807    -0.5807     0.0000    -0.5850    -0.5850     0.0000   2.802732   2.803151   0.000419    34.2227    34.2284     7.2983    27.5066    27.5111    317.217  355.43647  357.03413    34.2228    27.5066    1447.70    1447.71    -0.5849  1028.1862    34.3892 0.0000e+00
      16685 326.472213  -62.20864  -58.30018     -0.715    1447.69    140.000    138.609    -0.5808    -0.5806     0.0001    -0.5851    -0.5849     0.0001   2.802678   2.803101   0.000422    34.2227    34.2282     7.2959    27.5066    27.5110    317.114  355.43710  357.03478    34.2228    27.5066    1447.68    1447.69    -0.5850  1028.1814    34.3892 0.0000e+00
      16721 326.472230  -62.20864  -58.30018     -0.684    1447.69    139.000    137.619    -0.5811    -0.5807     0.0004    -0.5853    -0.5850     0.0004   2.802622   2.803053   0.000430    34.2229    34.2283     7.2948    27.5067    27.5111    317.066  355.43923  357.03697    34.2230    27.5068    1447.66    1447.67    -0.5852  1028.1768    34.3894 0.0000e+00
      16759 326.472248  -62.20864  -58.30018     -0.624    1447.69    138.000    136.630    -0.5800    -0.5799     0.0001    -0.5842    -0.5841     0.0001   2.802637   2.803055   0.000420    34.2225    34.2280     7.2965    27.5063    27.5108    317.136  355.43068  357.02819    34.2226    27.5064    1447.65    1447.66    -0.5841  1028.1716    34.3891 0.0000e+00
      16792 326.472264  -62.20864  -58.30018     -0.702    1447.69    137.000    135.640    -0.5787    -0.5791    -0.0004    -0.5829    -0.5833    -0.0004   2.802667   2.803054   0.000389    34.2220    34.2277     7.2961    27.5058    27.5105    317.120  355.41934  357.01651    34.2221    27.5060    1447.64    1447.65    -0.5828  1028.1664    34.3885 0.0000e+00
      16824 326.472280  -62.20864  -58.30018     -0.757    1447.69    136.000    134.650    -0.5761    -0.5780    -0.0019    -0.5803    -0.5822    -0.0019   2.802766   2.803076   0.000316    34.2209    34.2273     7.3024    27.5049    27.5101    317.396  355.39865  356.99524    34.2212    27.5051    1447.64    1447.63    -0.5802  1028.1607    34.3876 0.0000e+00
      16860 326.472297  -62.20864  -58.30018     -0.683    1447.69    135.000    133.660    -0.5758    -0.5762    -0.0004    -0.5799    -0.5803    -0.0004   2.802729   2.803126   0.000394    34.2208    34.2266     7.3063    27.5048    27.5095    317.563  355.39572  356.99222    34.2209    27.5049    1447.62    1447.63    -0.5798  1028.1557    34.3873 0.0000e+00
      16898 326.472316  -62.20864  -58.30018     -0.621    1447.69    134.000    132.671    -0.5705    -0.5718    -0.0012    -0.5746    -0.5759    -0.0012   2.803006   2.803349   0.000359    34.2185    34.2247     7.3112    27.5027    27.5078    317.777  355.35282  356.94809    34.2193    27.5033    1447.63    1447.63    -0.5745  1028.1494    34.3857 0.0000e+00
      16931 326.472331  -62.20864  -58.30018     -0.705    1447.69    133.000    131.681    -0.5529    -0.5639    -0.0110    -0.5570    -0.5680    -0.0110   2.803850   2.803702  -0.000121    34.2103    34.2211     7.3120    27.4953    27.5045    317.817  355.21057  356.80164    34.2114    27.4961    1447.68    1447.64    -0.5569  1028.1373    34.3777 0.0000e+00
      16961 326.472346  -62.20864  -58.30018     -0.790    1447.69    132.000    130.691    -0.5487    -0.5542    -0.0055    -0.5527    -0.5582    -0.0055   2.804015   2.804162   0.000148    34.2084    34.2167     7.3172    27.4936    27.5005    318.042  355.17616  356.76623    34.2094    27.4944    1447.68    1447.67    -0.5527  1028.1308    34.3757 0.0000e+00
      16993 326.472361  -62.20864  -58.30018     -0.767    1447.69    131.000    129.702    -0.5459    -0.5466    -0.0008    -0.5499    -0.5507    -0.0008   2.804090   2.804479   0.000378    34.2071    34.2131     7.3431    27.4924    27.4972    319.170  355.15360  356.74301    34.2079    27.4930    1447.68    1447.68    -0.5498  1028.1246    34.3742 0.0000e+00
      17033 326.472380  -62.20864  -58.30018     -0.620    1447.69    130.000    128.711    -0.5431    -0.5434    -0.0003    -0.5471    -0.5474    -0.0003   2.804210   2.804610   0.000396    34.2062    34.2118     7.3723    27.4915    27.4961    320.436  355.13065  356.71943    34.2070    27.4922    1447.67    1447.68    -0.5470  1028.1190    34.3733 0.0000e+00
      17071 326.472399  -62.20864  -58.30018     -0.609    1447.69    129.000    127.722    -0.5382    -0.5393    -0.0011    -0.5422    -0.5433    -0.0011   2.804418   2.804766   0.000351    34.2042    34.2101     7.3772    27.4897    27.4946    320.652  355.09025  356.67787    34.2049    27.4903    1447.68    1447.68    -0.5421  1028.1123    34.3712 0.0000e+00
      17102 326.472414  -62.20864  -58.30018     -0.746    1447.69    128.000    126.732    -0.5365    -0.5380    -0.0015    -0.5404    -0.5419    -0.0015   2.804449   2.804798   0.000341    34.2034    34.2097     7.3753    27.4889    27.4941    320.568  355.07634  356.66355    34.2040    27.4894    1447.67    1447.67    -0.5404  1028.1067    34.3702 0.0000e+00
      17130 326.472427  -62.20864  -58.30018     -0.846    1447.69    127.000    125.742    -0.5362    -0.5366    -0.0004    -0.5401    -0.5405    -0.0004   2.804427   2.804817   0.000386    34.2034    34.2091     7.3823    27.4890    27.4935    320.872  355.07343  356.66058    34.2040    27.4894    1447.65    1447.66    -0.5400  1028.1019    34.3702 0.0000e+00
      17159 326.472441  -62.20864  -58.30018     -0.840    1447.69    126.000    124.752    -0.5349    -0.5355    -0.0006    -0.5388    -0.5394    -0.0007   2.804387   2.804799   0.000412    34.2021    34.2084     7.3880    27.4878    27.4929    321.121  355.06474  356.65154    34.2025    27.4882    1447.64    1447.65    -0.5387  1028.0959    34.3688 0.0000e+00
      17191 326.472457  -62.20864  -58.30018     -0.760    1447.69    125.000    123.762    -0.5339    -0.5347    -0.0008    -0.5378    -0.5386    -0.0008   2.804345   2.804763   0.000414    34.2011    34.2076     7.3916    27.4870    27.4923    321.278  355.05854  356.64509    34.2015    27.4874    1447.63    1447.63    -0.5377  1028.0903    34.3678 0.0000e+00
      17225 326.472473  -62.20864  -58.30018     -0.719    1447.69    124.000    122.773    -0.5335    -0.5336    -0.0001    -0.5374    -0.5375    -0.0001   2.804258   2.804715   0.000453    34.2002    34.2064     7.3955    27.4863    27.4913    321.448  355.05748  356.64390    34.2005    27.4865    1447.61    1447.62    -0.5373  1028.0846    34.3667 0.0000e+00
      17256 326.472488  -62.20864  -58.30018     -0.742    1447.69    123.000    121.783    -0.5331    -0.5333    -0.0002    -0.5369    -0.5371    -0.0002   2.804212   2.804634   0.000420    34.1997    34.2056     7.4006    27.4858    27.4906    321.667  355.05465  356.64095    34.2000    27.4861    1447.60    1447.60    -0.5368  1028.0794    34.3662 0.0000e+00
      17288 326.472503  -62.20864  -58.30018     -0.769    1447.69    122.000    120.793    -0.5320    -0.5323    -0.0004    -0.5357    -0.5361    -0.0004   2.804216   2.804609   0.000397    34.1991    34.2048     7.4079    27.4852    27.4899    321.988  355.04582  356.63184    34.1994    27.4856    1447.58    1447.59    -0.5357  1028.0741    34.3656 0.0000e+00
      17320 326.472519  -62.20864  -58.30018     -0.758    1447.69    121.000    119.803    -0.5301    -0.5308    -0.0008    -0.5338    -0.5346    -0.0008   2.804267   2.804651   0.000379    34.1983    34.2042     7.4124    27.4845    27.4894    322.183  355.03033  356.61591    34.1986    27.4848    1447.58    1447.58    -0.5337  1028.0685    34.3647 0.0000e+00
      17353 326.472535  -62.20864  -58.30018     -0.731    1447.69    120.000    118.814    -0.5285    -0.5292    -0.0007    -0.5322    -0.5329    -0.0007   2.804313   2.804684   0.000372    34.1977    34.2035     7.4123    27.4840    27.4887    322.179  355.01749  356.60271    34.1981    27.4843    1447.57    1447.57    -0.5321  1028.0633    34.3642 0.0000e+00
      17385 326.472550  -62.20864  -58.30018     -0.738    1447.69    119.000    117.824    -0.5279    -0.5278     0.0001    -0.5316    -0.5315     0.0001   2.804295   2.804719   0.000423    34.1975    34.2030     7.4172    27.4838    27.4883    322.393  355.01263  356.59771    34.1978    27.4840    1447.55    1447.56    -0.5315  1028.0582    34.3639 0.0000e+00
      17415 326.472564  -62.20864  -58.30018     -0.785    1447.69    118.000    116.834    -0.5259    -0.5269    -0.0011    -0.5295    -0.5306    -0.0011   2.804378   2.804725   0.000349    34.1969    34.2028     7.4211    27.4832    27.4880    322.561  354.99536  356.57998    34.1972    27.4835    1447.55    1447.55    -0.5295  1028.0529    34.3634 0.0000e+00
      17443 326.472578  -62.20864  -58.30018     -0.829    1447.69    117.000    115.844    -0.5246    -0.5254    -0.0008    -0.5282    -0.5290    -0.0008   2.804390   2.804765   0.000373    34.1962    34.2022     7.4242    27.4826    27.4875    322.696  354.98490  356.56920    34.1965    27.4829    1447.53    1447.54    -0.5281  1028.0475    34.3626 0.0000e+00
      17475 326.472593  -62.20864  -58.30018     -0.797    1447.69    116.000    114.854    -0.5234    -0.5239    -0.0005    -0.5270    -0.5275    -0.0005   2.804419   2.804805   0.000388    34.1958    34.2017     7.4243    27.4823    27.4870    322.700  354.97474  356.55877    34.1962    27.4825    1447.52    1447.53    -0.5269  1028.0423    34.3622 0.0000e+00
      17510 326.472610  -62.20864  -58.30018     -0.693    1447.69    115.000    113.864    -0.5203    -0.5217    -0.0014    -0.5238    -0.5253    -0.0014   2.804535   2.804874   0.000339    34.1945    34.2006     7.4220    27.4811    27.4861    322.602  354.94976  356.53306    34.1949    27.4814    1447.52    1447.52    -0.5238  1028.0364    34.3610 0.0000e+00
      17543 326.472626  -62.20864  -58.30018     -0.697    1447.69    114.000    112.875    -0.5184    -0.5192    -0.0008    -0.5219    -0.5227    -0.0008   2.804566   2.804971   0.000402    34.1935    34.1998     7.4295    27.4801    27.4853    322.930  354.93493  356.51778    34.1937    27.4803    1447.51    1447.51    -0.5218  1028.0306    34.3598 0.0000e+00
      17571 326.472640  -62.20864  -58.30018     -0.813    1447.69    113.000    111.885    -0.5186    -0.5185     0.0001    -0.5221    -0.5219     0.0001   2.804516   2.804942   0.000423    34.1937    34.1992     7.4300    27.4803    27.4848    322.947  354.93595  356.51885    34.1939    27.4805    1447.49    1447.50    -0.5220  1028.0259    34.3599 0.0000e+00
      17597 326.472653  -62.20864  -58.30018     -0.903    1447.69    112.000    110.895    -0.5170    -0.5165     0.0005    -0.5205    -0.5199     0.0005   2.804543   2.804996   0.000449    34.1928    34.1982     7.4371    27.4795    27.4839    323.259  354.92357  356.50609    34.1931    27.4798    1447.48    1447.49    -0.5204  1028.0204    34.3591 0.0000e+00
