Pos-Processados/process_op38/Processamento_split/up/uoperantar38_001.cnv
* Sea-Bird SBE 9 Data File:
* FileName = D:\OPERANTAR_XXXVIII\DADOS\OP38_002.hdr
* Software Version Seasave V 7.12
* Temperature SN = 4808
* Conductivity SN = 3380
* Number of Bytes Per Scan = 31
* Number of Voltage Words = 2
* Number of Scans Averaged by the Deck Unit = 1
* NMEA Latitude = 38 26.99 S
* NMEA Longitude = 052 53.48 W
* NMEA UTC (Time) = Jan 16 2019 21:21:57
** H41
** NAVIO POLAR ALMIRANTE MAXIMIANO
** CRUZEIRO:
** OPERANTAR XXXVIII
** ESTAวรO: 002
** LAT 38บ 26,99'S
** LONG 052บ 53,46'W
** 09P73767-1155
** PROFUNDIDADE: 4158 m
** DATA/HORA: 162121Z/OUT/2019
** OPERADOR: SO-HN CHAVES
# nquan = 33
# nvalues = 1028                        
# units = specified
# name 0 = scan: Scan Count
# name 1 = timeJ: Julian Days
# name 2 = latitude: Latitude [deg]
# name 3 = longitude: Longitude [deg]
# name 4 = dz/dtM: Descent Rate [m/s]
# name 5 = avgsvCM: Average Sound Velocity [Chen-Millero, m/s]
# name 6 = prDM: Pressure, Digiquartz [db]
# name 7 = depSM: Depth [salt water, m]
# name 8 = t090C: Temperature [ITS-90, deg C]
# name 9 = t190C: Temperature, 2 [ITS-90, deg C]
# name 10 = T2-T190C: Temperature Difference, 2 - 1 [ITS-90, deg C]
# name 11 = potemp090C: Potential Temperature [ITS-90, deg C]
# name 12 = potemp190C: Potential Temperature, 2 [ITS-90, deg C]
# name 13 = potemp90Cdiff: Potential Temperature, Diff, 2 - 1 [ITS-90, deg C]
# name 14 = c0S/m: Conductivity [S/m]
# name 15 = c1S/m: Conductivity, 2 [S/m]
# name 16 = C2-C1S/m: Conductivity Difference, 2 - 1 [S/m]
# name 17 = sal00: Salinity, Practical [PSU]
# name 18 = sal11: Salinity, Practical, 2 [PSU]
# name 19 = sbeox0ML/L: Oxygen, SBE 43 [ml/l]
# name 20 = sigma-้00: Density [sigma-theta, kg/m^3]
# name 21 = sigma-้11: Density, 2 [sigma-theta, kg/m^3]
# name 22 = sbox0Mm/Kg: Oxygen, SBE 43 [umol/kg]
# name 23 = oxsolMm/Kg: Oxygen Saturation, Garcia & Gordon [umol/kg]
# name 24 = oxsatMm/Kg: Oxygen Saturation, Weiss [umol/kg]
# name 25 = sal00: Salinity, Practical [PSU]
# name 26 = sigma-้00: Density [sigma-theta, kg/m^3]
# name 27 = svCM: Sound Velocity [Chen-Millero, m/s]
# name 28 = svCM1: Sound Velocity, 2 [Chen-Millero, m/s]
# name 29 = gsw_ptA0: potential temperature [ITS-90, deg C]
# name 30 = gsw_densityA0: density, TEOS-10 [density, kg/m^3]
# name 31 = gsw_saA0: Absolute Salinity [g/kg]
# name 32 = flag:
# span 0 =      39879,      81475       
# span 1 =  16.909474,  16.929534       
# span 2 =  -38.22398,  -38.22388       
# span 3 =  -52.57272,  -52.57268       
# span 4 =     -1.848,     -0.054       
# span 5 =    1498.22,    1498.22       
# span 6 =      0.000,   1027.000       
# span 7 =      0.018,   1016.779       
# span 8 =     3.9744,    16.6181       
# span 9 =     3.9757,    16.6238       
# span 10 =    -0.1828,     0.1145      
# span 11 =     3.8972,    16.6181      
# span 12 =     3.8985,    16.6238      
# span 13 =    -0.1828,     0.1142      
# span 14 =   3.230199,   4.486320      
# span 15 =   3.230700,   4.486950      
# span 16 =  -0.008889,   0.026082      
# span 17 =    33.4977,    35.8375      
# span 18 =    33.5606,    35.8436      
# span 19 =     4.6933,     5.9565      
# span 20 =    24.4215,    27.1516      
# span 21 =    24.4976,    27.1550      
# span 22 =    204.148,    259.001      
# span 23 =  241.74516,  316.92316      
# span 24 =  241.49513,  317.72529      
# span 25 =    33.4967,    35.8402      
# span 26 =    24.4498,    27.1520      
# span 27 =    1481.79,    1512.81      
# span 28 =    1481.77,    1512.82      
# span 29 =     3.8970,    16.6181      
# span 30 =  1024.4550,  1031.8838      
# span 31 =    33.6548,    36.0094      
# span 32 = 0.0000e+00, 0.0000e+00      
# interval = decibars: 1                
# start_time = Jan 16 2019 21:21:57 [NMEA time, header]
# bad_flag = -9.990e-29
*END*
[from data line 1011]
      73375  16.925628  -38.22394  -52.57268     -0.448    1498.22     16.000     15.880    15.7005    15.7017     0.0012    15.6980    15.6993     0.0012   4.435245   4.436149   0.000896    35.6637    35.6707     5.5572    26.3274    26.3325    241.819  243.31103  243.07387    35.6631    26.3269    1509.90    1509.91    15.6980  1026.4014    35.8315 0.0000e+00
      73460  16.925669  -38.22394  -52.57268     -0.369    1498.22     15.000     14.887    15.6824    15.6827     0.0004    15.6800    15.6804     0.0004   4.432121   4.432858   0.000735    35.6529    35.6592     5.5538    26.3232    26.3280    241.670  243.41478  243.17850    35.6518    26.3223    1509.81    1509.82    15.6800  1026.3924    35.8201 0.0000e+00
      73574  16.925724  -38.22396  -52.57269     -0.183    1498.22     14.000     13.894    15.6650    15.6660     0.0011    15.6628    15.6639     0.0011   4.429103   4.429970   0.000863    35.6417    35.6485     5.5789    26.3184    26.3234    242.766  243.51577  243.28032    35.6407    26.3177    1509.73    1509.74    15.6628  1026.3834    35.8090 0.0000e+00
      73760  16.925814  -38.22395  -52.57268     -0.374    1498.22     13.000     12.897    15.6618    15.6625     0.0008    15.6598    15.6605     0.0008   4.428141   4.428931   0.000784    35.6357    35.6421     5.5950    26.3145    26.3193    243.466  243.54071  243.30537    35.6353    26.3142    1509.70    1509.71    15.6598  1026.3756    35.8036 0.0000e+00
      74014  16.925936  -38.22394  -52.57268     -0.270    1498.22     12.000     11.898    15.6603    15.6605     0.0003    15.6584    15.6587     0.0003   4.427558   4.428241   0.000687    35.6324    35.6384     5.5979    26.3123    26.3168    243.592  243.55346  243.31818    35.6319    26.3119    1509.67    1509.68    15.6584  1026.3688    35.8001 0.0000e+00
      74118  16.925986  -38.22396  -52.57268     -0.562    1498.22     11.000     10.916    15.6483    15.6500     0.0017    15.6466    15.6483     0.0017   4.423674   4.425017   0.001329    35.6093    35.6198     5.6071    26.2972    26.3049    243.998  243.64863  243.41380    35.6081    26.2962    1509.59    1509.61    15.6466  1026.3488    35.7762 0.0000e+00
      74173  16.926013  -38.22396  -52.57268     -0.681    1498.22     10.000      9.924    15.6495    15.6511     0.0016    15.6479    15.6495     0.0016   4.422610   4.424032   0.001356    35.5985    35.6093     5.6242    26.2886    26.2965    244.744  243.66134  243.42635    35.5979    26.2881    1509.57    1509.58    15.6479  1026.3365    35.7663 0.0000e+00
      78404  16.928053  -38.22394  -52.57268     -0.509    1498.22      9.000      8.913    15.6632    15.6614    -0.0019    15.6618    15.6599    -0.0019   4.416985   4.417784   0.000595    35.5369    35.5440     5.6370    26.2380    26.2438    245.311  243.69950  243.46327    35.5351    26.2366    1509.52    1509.52    15.6618  1026.2804    35.7029 0.0000e+00
      80605  16.929115  -38.22394  -52.57268     -0.631    1498.22      8.000      7.939    15.7931    15.8095     0.0164    15.7919    15.8083     0.0164   4.399073   4.397451  -0.001477    35.2615    35.2337     5.6319    25.9964    25.9712    245.149  243.54703  243.30171    35.2581    25.9938    1509.59    1509.60    15.7919  1026.0334    35.4246 0.0000e+00
      80783  16.929201  -38.22394  -52.57268     -0.394    1498.22      7.000      6.947    15.8060    15.7948    -0.0112    15.8049    15.7937    -0.0112   4.399959   4.401701   0.001810    35.2503    35.2766     5.6485    25.9847    26.0075    245.874  243.50477  243.25866    35.2547    25.9882    1509.60    1509.60    15.8049  1026.0234    35.4212 0.0000e+00
      80846  16.929231  -38.22394  -52.57268     -0.424    1498.22      6.000      5.956    15.9715    15.9749     0.0034    15.9705    15.9739     0.0034   4.374719   4.373809  -0.000248    34.8976    34.8927     5.6220    25.6756    25.6710    244.791  243.31497  243.05753    34.8832    25.6645    1509.67    1509.67    15.9705  1025.6955    35.0479 0.0000e+00
      80917  16.929265  -38.22393  -52.57268     -0.314    1498.22      5.000      4.965    16.3273    16.2696    -0.0577    16.3265    16.2688    -0.0577   4.329928   4.340665   0.008974    34.1782    34.3069     5.6417    25.0407    25.1530    245.805  242.84425  242.56339    34.1764    25.0393    1509.93    1509.92    16.3265  1025.0662    34.3377 0.0000e+00
      81016  16.929313  -38.22394  -52.57268     -0.267    1498.22      4.000      3.968    16.4969    16.3141    -0.1828    16.4963    16.3135    -0.1828   4.309179   4.333504   0.026082    33.8313    34.2167     5.6051    24.7350    25.0733    244.281  242.62813  242.33649    33.8497    24.7492    1510.05    1509.92    16.4963  1024.7718    34.0096 0.0000e+00
      81093  16.929350  -38.22394  -52.57268     -0.358    1498.22      3.000      2.977    16.4903    16.5088     0.0185    16.4898    16.5083     0.0185   4.306563   4.304053  -0.002897    33.8391    33.7977     5.5658    24.7425    24.7064    242.568  242.64649  242.35520    33.8324    24.7374    1510.00    1510.01    16.4898  1024.7556    33.9922 0.0000e+00
      81133  16.929369  -38.22393  -52.57268     -0.564    1498.22      2.000      1.985    16.5759    16.5675    -0.0084    16.5756    16.5672    -0.0084   4.295343   4.297240   0.001525    33.6575    33.6780     5.6290    24.5832    24.6008    245.360  242.54793  242.25117    33.6614    24.5862    1510.05    1510.05    16.5756  1024.6001    33.8203 0.0000e+00
      81291  16.929445  -38.22393  -52.57268     -0.291    1498.22      1.000      0.984    16.6112    16.5750    -0.0362    16.6111    16.5749    -0.0362   4.291514   4.296008   0.004657    33.5964    33.6676     5.5816    24.5281    24.5911    243.305  242.48503  242.18615    33.5985    24.5297    1510.06    1510.04    16.6111  1024.5392    33.7572 0.0000e+00
      81475  16.929534  -38.22392  -52.57268     -0.565    1498.22      0.000      0.018    16.6181    16.6238     0.0057    16.6181    16.6238     0.0057   4.280497   4.288105   0.003721    33.4977    33.5606     5.5889    24.4215    24.4976    243.652  242.55419  242.25446    33.4967    24.4498    1509.95    1510.04    16.6181  1024.4550    33.6548 0.0000e+00
