Pos-Processados/process_op38/Processamento_split/up/uoperantar38_014.cnv
* Sea-Bird SBE 9 Data File:
* FileName = D:\OPERANTAR_XXXVIII\DADOS\OP38_014.hdr
* Software Version Seasave V 7.18c
* Temperature SN = 4808
* Conductivity SN = 3380
* Number of Bytes Per Scan = 34
* Number of Voltage Words = 3
* Number of Scans Averaged by the Deck Unit = 1
* NMEA Latitude = 62 11.37 S
* NMEA Longitude = 058 03.45 W
* NMEA UTC (Time) = Nov 05 2019 06:03:04
** H41
** NAVIO POLAR ALMIRANTE MAXIMIANO
** CRUZEIRO:
** OPERANTAR XXXVIII
** ESTAÇÃO: OP38_014
** LAT 62 11,38' S
** LONG 058 03,41' W
** 09P73767-1155_A
** PROFUNDIDADE: 480
** DATA/HORA: 050604Z/NOV/2019
** OPERADOR: SO-HN CHAVES
# nquan = 32
# nvalues = 407                         
# units = specified
# name 0 = scan: Scan Count
# name 1 = timeJ: Julian Days
# name 2 = latitude: Latitude [deg]
# name 3 = longitude: Longitude [deg]
# name 4 = dz/dtM: Descent Rate [m/s]
# name 5 = avgsvCM: Average Sound Velocity [Chen-Millero, m/s]
# name 6 = prDM: Pressure, Digiquartz [db]
# name 7 = depSM: Depth [salt water, m]
# name 8 = t090C: Temperature [ITS-90, deg C]
# name 9 = t190C: Temperature, 2 [ITS-90, deg C]
# name 10 = T2-T190C: Temperature Difference, 2 - 1 [ITS-90, deg C]
# name 11 = potemp090C: Potential Temperature [ITS-90, deg C]
# name 12 = potemp190C: Potential Temperature, 2 [ITS-90, deg C]
# name 13 = potemp90Cdiff: Potential Temperature, Diff, 2 - 1 [ITS-90, deg C]
# name 14 = c0S/m: Conductivity [S/m]
# name 15 = c1S/m: Conductivity, 2 [S/m]
# name 16 = C2-C1S/m: Conductivity Difference, 2 - 1 [S/m]
# name 17 = sal00: Salinity, Practical [PSU]
# name 18 = sal11: Salinity, Practical, 2 [PSU]
# name 19 = sbeox0ML/L: Oxygen, SBE 43 [ml/l]
# name 20 = sbeox1ML/L: Oxygen, SBE 43, 2 [ml/l]
# name 21 = sbeox0ML/Ldiff: Oxygen, SBE 43, Diff, 2 - 1 [ml/l]
# name 22 = sigma-é00: Density [sigma-theta, kg/m^3]
# name 23 = sigma-é11: Density, 2 [sigma-theta, kg/m^3]
# name 24 = sal00: Salinity, Practical [PSU]
# name 25 = sigma-é00: Density [sigma-theta, kg/m^3]
# name 26 = svCM: Sound Velocity [Chen-Millero, m/s]
# name 27 = svCM1: Sound Velocity, 2 [Chen-Millero, m/s]
# name 28 = gsw_ptA0: potential temperature [ITS-90, deg C]
# name 29 = gsw_densityA0: density, TEOS-10 [density, kg/m^3]
# name 30 = gsw_saA0: Absolute Salinity [g/kg]
# name 31 = flag:
# span 0 =      12928,      28732       
# span 1 = 309.258364, 309.265985       
# span 2 =  -62.18964,  -62.18960       
# span 3 =  -58.05758,  -58.05752       
# span 4 =     -1.429,     -0.113       
# span 5 =    1448.26,    1448.26       
# span 6 =      1.000,    407.000       
# span 7 =      1.026,    402.696       
# span 8 =    -0.9709,    -0.4397       
# span 9 =    -0.9709,    -0.4350       
# span 10 =    -0.0113,     0.0434      
# span 11 =    -0.9733,    -0.4516      
# span 12 =    -0.9733,    -0.4469      
# span 13 =    -0.0113,     0.0434      
# span 14 =   2.766477,   2.843850      
# span 15 =   2.766943,   2.844255      
# span 16 =  -0.000648,   0.003753      
# span 17 =    34.1502,    34.4868      
# span 18 =    34.1574,    34.4923      
# span 19 =     6.0019,     7.6878      
# span 20 =     5.7541,     7.4082      
# span 21 =    -0.3782,    -0.2355      
# span 22 =    27.4565,    27.7159      
# span 23 =    27.4607,    27.7203      
# span 24 =    34.1518,    34.4868      
# span 25 =    27.4561,    27.7159      
# span 26 =    1444.16,    1452.90      
# span 27 =    1444.18,    1452.92      
# span 28 =    -0.9732,    -0.4514      
# span 29 =  1027.4664,  1029.6589      
# span 30 =    34.3166,    34.6556      
# span 31 = 0.0000e+00, 0.0000e+00      
# interval = decibars: 1                
# start_time = Nov 05 2019 06:03:04 [NMEA time, header]
# bad_flag = -9.990e-29
*END*
[from data line 136]
      17053 309.260353  -62.18962  -58.05754     -1.137    1448.26    271.000    268.223    -0.7253    -0.7254    -0.0001    -0.7337    -0.7337    -0.0001   2.807995   2.808376   0.000378    34.3783    34.3834     6.4783     6.2177    -0.2606    27.6388    27.6430    34.3778    27.6385    1449.35    1449.35    -0.7335  1028.9388    34.5457 0.0000e+00
      17075 309.260364  -62.18962  -58.05754     -1.098    1448.26    270.000    267.234    -0.7272    -0.7256     0.0016    -0.7355    -0.7340     0.0015   2.807722   2.808321   0.000583    34.3775    34.3836     6.4853     6.2151    -0.2701    27.6383    27.6432    34.3768    27.6378    1449.32    1449.34    -0.7353  1028.9334    34.5447 0.0000e+00
      17098 309.260375  -62.18962  -58.05754     -1.042    1448.26    269.000    266.245    -0.7281    -0.7277     0.0004    -0.7364    -0.7360     0.0004   2.807589   2.807984   0.000418    34.3772    34.3825     6.4903     6.2153    -0.2750    27.6381    27.6423    34.3767    27.6377    1449.30    1449.31    -0.7362  1028.9285    34.5446 0.0000e+00
      17118 309.260384  -62.18962  -58.05754     -1.103    1448.26    268.000    265.255    -0.7306    -0.7303     0.0003    -0.7389    -0.7385     0.0003   2.807209   2.807666   0.000438    34.3760    34.3815     6.4901     6.2219    -0.2681    27.6372    27.6417    34.3750    27.6364    1449.27    1449.28    -0.7387  1028.9225    34.5429 0.0000e+00
      17139 309.260394  -62.18962  -58.05754     -1.181    1448.26    267.000    264.266    -0.7287    -0.7308    -0.0021    -0.7369    -0.7390    -0.0021   2.807334   2.807617   0.000313    34.3748    34.3814     6.4936     6.2243    -0.2693    27.6361    27.6416    34.3752    27.6365    1449.26    1449.26    -0.7367  1028.9178    34.5430 0.0000e+00
      17160 309.260405  -62.18962  -58.05754     -1.168    1448.26    266.000    263.277    -0.7241    -0.7239     0.0002    -0.7323    -0.7321     0.0002   2.807524   2.808014   0.000472    34.3733    34.3795     6.4924     6.2220    -0.2704    27.6347    27.6397    34.3731    27.6346    1449.27    1449.28    -0.7321  1028.9111    34.5410 0.0000e+00
      17182 309.260415  -62.18962  -58.05754     -1.115    1448.26    265.000    262.288    -0.7235    -0.7241    -0.0007    -0.7316    -0.7323    -0.0007   2.807477   2.807845   0.000391    34.3724    34.3785     6.4907     6.2249    -0.2657    27.6340    27.6389    34.3724    27.6340    1449.25    1449.26    -0.7315  1028.9058    34.5402 0.0000e+00
      17206 309.260427  -62.18962  -58.05754     -1.028    1448.26    264.000    261.299    -0.7224    -0.7253    -0.0029    -0.7306    -0.7335    -0.0029   2.807457   2.807679   0.000232    34.3715    34.3779     6.4949     6.2311    -0.2637    27.6332    27.6386    34.3715    27.6332    1449.24    1449.23    -0.7304  1028.9002    34.5394 0.0000e+00
      17232 309.260439  -62.18962  -58.05754     -0.953    1448.26    263.000    260.310    -0.7189    -0.7218    -0.0029    -0.7270    -0.7299    -0.0029   2.807557   2.807792   0.000231    34.3694    34.3758     6.4958     6.2346    -0.2612    27.6314    27.6367    34.3695    27.6314    1449.24    1449.23    -0.7268  1028.8937    34.5373 0.0000e+00
      17258 309.260452  -62.18962  -58.05754     -0.936    1448.26    262.000    259.321    -0.7186    -0.7194    -0.0007    -0.7267    -0.7275    -0.0007   2.807485   2.807836   0.000347    34.3688    34.3744     6.5109     6.2399    -0.2710    27.6309    27.6354    34.3688    27.6309    1449.22    1449.22    -0.7265  1028.8884    34.5367 0.0000e+00
      17282 309.260463  -62.18962  -58.05754     -0.968    1448.26    261.000    258.332    -0.7193    -0.7188     0.0004    -0.7274    -0.7269     0.0004   2.807342   2.807747   0.000405    34.3683    34.3733     6.5223     6.2355    -0.2869    27.6305    27.6345    34.3683    27.6305    1449.20    1449.21    -0.7272  1028.8832    34.5361 0.0000e+00
      17305 309.260474  -62.18962  -58.05754     -1.017    1448.26    260.000    257.343    -0.7187    -0.7187    -0.0001    -0.7267    -0.7268    -0.0001   2.807419   2.807764   0.000352    34.3689    34.3737     6.5222     6.2324    -0.2898    27.6309    27.6348    34.3693    27.6313    1449.19    1449.19    -0.7265  1028.8792    34.5371 0.0000e+00
      17326 309.260485  -62.18962  -58.05754     -1.068    1448.26    259.000    256.353    -0.7139    -0.7145    -0.0007    -0.7219    -0.7225    -0.0007   2.807641   2.808119   0.000430    34.3677    34.3743     6.5210     6.2401    -0.2809    27.6298    27.6352    34.3674    27.6295    1449.19    1449.20    -0.7217  1028.8727    34.5352 0.0000e+00
      17347 309.260495  -62.18962  -58.05754     -1.132    1448.26    258.000    255.364    -0.7224    -0.7190     0.0034    -0.7303    -0.7270     0.0034   2.806555   2.807295   0.000757    34.3642    34.3706     6.5273     6.2500    -0.2773    27.6273    27.6323    34.3630    27.6263    1449.13    1449.15    -0.7302  1028.8648    34.5308 0.0000e+00
      17366 309.260504  -62.18962  -58.05754     -1.200    1448.26    257.000    254.375    -0.7265    -0.7258     0.0008    -0.7345    -0.7337     0.0007   2.806187   2.806633   0.000469    34.3634    34.3689     6.5263     6.2556    -0.2707    27.6268    27.6313    34.3634    27.6268    1449.09    1449.10    -0.7342  1028.8605    34.5312 0.0000e+00
      17385 309.260513  -62.18962  -58.05754     -1.247    1448.26    256.000    253.386    -0.7251    -0.7253    -0.0002    -0.7330    -0.7331    -0.0002   2.806249   2.806645   0.000379    34.3636    34.3689     6.5242     6.2573    -0.2669    27.6269    27.6312    34.3631    27.6266    1449.08    1449.09    -0.7328  1028.8555    34.5309 0.0000e+00
      17405 309.260523  -62.18962  -58.05754     -1.235    1448.26    255.000    252.397    -0.7272    -0.7264     0.0009    -0.7350    -0.7342     0.0008   2.805972   2.806454   0.000484    34.3629    34.3685     6.5266     6.2580    -0.2687    27.6265    27.6309    34.3624    27.6261    1449.06    1449.07    -0.7349  1028.8503    34.5302 0.0000e+00
      17427 309.260534  -62.18962  -58.05754     -1.147    1448.26    254.000    251.407    -0.7286    -0.7283     0.0003    -0.7364    -0.7361     0.0003   2.805814   2.806248   0.000428    34.3628    34.3683     6.5374     6.2682    -0.2692    27.6264    27.6309    34.3625    27.6262    1449.03    1449.04    -0.7362  1028.8456    34.5303 0.0000e+00
      17452 309.260545  -62.18962  -58.05754     -1.025    1448.26    253.000    250.418    -0.7276    -0.7279    -0.0003    -0.7354    -0.7357    -0.0003   2.805920   2.806246   0.000360    34.3632    34.3685     6.5462     6.2740    -0.2722    27.6267    27.6310    34.3634    27.6269    1449.02    1449.03    -0.7352  1028.8415    34.5312 0.0000e+00
      17478 309.260558  -62.18962  -58.05754     -0.946    1448.26    252.000    249.429    -0.7281    -0.7289    -0.0008    -0.7358    -0.7367    -0.0008   2.805728   2.806076   0.000299    34.3630    34.3680     6.5542     6.2786    -0.2756    27.6266    27.6306    34.3620    27.6257    1449.00    1449.01    -0.7356  1028.8356    34.5297 0.0000e+00
      17503 309.260570  -62.18962  -58.05754     -0.933    1448.26    251.000    248.444    -0.7350    -0.7338     0.0012    -0.7427    -0.7415     0.0012   2.805018   2.805481   0.000500    34.3613    34.3667     6.5615     6.2715    -0.2900    27.6255    27.6298    34.3609    27.6251    1448.95    1448.97    -0.7425  1028.8303    34.5286 0.0000e+00
      17527 309.260582  -62.18962  -58.05754     -0.974    1448.26    250.000    247.446    -0.7353    -0.7419    -0.0065    -0.7430    -0.7495    -0.0065   2.804911   2.804644  -0.000240    34.3613    34.3655     6.5539     6.2743    -0.2796    27.6255    27.6291    34.3604    27.6247    1448.94    1448.91    -0.7428  1028.8252    34.5281 0.0000e+00
      17549 309.260592  -62.18962  -58.05754     -1.046    1448.26    249.000    246.461    -0.7452    -0.7418     0.0034    -0.7528    -0.7494     0.0034   2.803776   2.804672   0.000795    34.3587    34.3656     6.5542     6.2826    -0.2716    27.6238    27.6292    34.3569    27.6223    1448.87    1448.89    -0.7526  1028.8181    34.5246 0.0000e+00
      17570 309.260602  -62.18962  -58.05754     -1.122    1448.26    248.000    245.472    -0.7514    -0.7485     0.0029    -0.7589    -0.7560     0.0029   2.803208   2.803781   0.000637    34.3579    34.3632     6.5574     6.2808    -0.2766    27.6234    27.6275    34.3569    27.6225    1448.82    1448.84    -0.7588  1028.8136    34.5246 0.0000e+00
      17590 309.260612  -62.18962  -58.05754     -1.165    1448.26    247.000    244.483    -0.7550    -0.7544     0.0005    -0.7625    -0.7619     0.0005   2.802779   2.803274   0.000478    34.3571    34.3630     6.5557     6.2894    -0.2663    27.6229    27.6276    34.3557    27.6217    1448.79    1448.80    -0.7623  1028.8081    34.5234 0.0000e+00
      17612 309.260623  -62.18962  -58.05754     -1.129    1448.26    246.000    243.494    -0.7578    -0.7579    -0.0001    -0.7652    -0.7654    -0.0001   2.802487   2.802872   0.000390    34.3566    34.3621     6.5669     6.2959    -0.2710    27.6226    27.6270    34.3555    27.6217    1448.76    1448.76    -0.7651  1028.8033    34.5232 0.0000e+00
      17636 309.260634  -62.18962  -58.05754     -1.059    1448.26    245.000    242.505    -0.7606    -0.7596     0.0010    -0.7681    -0.7671     0.0010   2.802134   2.802659   0.000511    34.3557    34.3616     6.5837     6.2997    -0.2840    27.6220    27.6267    34.3546    27.6211    1448.73    1448.74    -0.7679  1028.7979    34.5223 0.0000e+00
      17658 309.260645  -62.18962  -58.05754     -1.043    1448.26    244.000    241.515    -0.7614    -0.7611     0.0004    -0.7688    -0.7685     0.0004   2.802017   2.802420   0.000412    34.3555    34.3606     6.5850     6.3115    -0.2735    27.6218    27.6260    34.3546    27.6211    1448.71    1448.72    -0.7686  1028.7932    34.5222 0.0000e+00
      17678 309.260654  -62.18962  -58.05754     -1.115    1448.26    243.000    240.526    -0.7614    -0.7609     0.0004    -0.7687    -0.7683     0.0004   2.801979   2.802398   0.000428    34.3550    34.3602     6.5896     6.3131    -0.2765    27.6214    27.6257    34.3546    27.6211    1448.69    1448.70    -0.7686  1028.7884    34.5223 0.0000e+00
      17697 309.260664  -62.18962  -58.05754     -1.208    1448.26    242.000    239.537    -0.7637    -0.7636     0.0002    -0.7710    -0.7709     0.0002   2.801489   2.801935   0.000436    34.3529    34.3586     6.5919     6.3190    -0.2729    27.6198    27.6244    34.3513    27.6185    1448.66    1448.67    -0.7709  1028.7811    34.5189 0.0000e+00
      17718 309.260674  -62.18962  -58.05754     -1.226    1448.26    241.000    238.548    -0.7667    -0.7667    -0.0000    -0.7739    -0.7740    -0.0000   2.801168   2.801574   0.000405    34.3518    34.3572     6.5925     6.3234    -0.2691    27.6190    27.6235    34.3509    27.6183    1448.63    1448.64    -0.7738  1028.7761    34.5186 0.0000e+00
      17741 309.260685  -62.18962  -58.05754     -1.109    1448.26    240.000    237.558    -0.7666    -0.7673    -0.0007    -0.7739    -0.7746    -0.0007   2.801184   2.801462   0.000293    34.3522    34.3569     6.5989     6.3241    -0.2748    27.6193    27.6232    34.3517    27.6190    1448.61    1448.62    -0.7737  1028.7720    34.5193 0.0000e+00
      17768 309.260698  -62.18962  -58.05754     -0.945    1448.26    239.000    236.569    -0.7652    -0.7669    -0.0018    -0.7724    -0.7742    -0.0018   2.801293   2.801494   0.000185    34.3525    34.3570     6.6006     6.3267    -0.2739    27.6196    27.6233    34.3522    27.6193    1448.61    1448.60    -0.7723  1028.7676    34.5198 0.0000e+00
      17793 309.260710  -62.18962  -58.05754     -0.921    1448.26    238.000    235.580    -0.7671    -0.7650     0.0021    -0.7743    -0.7722     0.0021   2.800929   2.801583   0.000657    34.3510    34.3575     6.6067     6.3328    -0.2739    27.6184    27.6236    34.3500    27.6176    1448.58    1448.59    -0.7741  1028.7611    34.5176 0.0000e+00
      17816 309.260721  -62.18962  -58.05754     -1.003    1448.26    237.000    234.591    -0.7692    -0.7686     0.0006    -0.7764    -0.7758     0.0006   2.800691   2.801156   0.000462    34.3504    34.3560     6.6139     6.3361    -0.2778    27.6180    27.6226    34.3498    27.6175    1448.55    1448.56    -0.7762  1028.7563    34.5174 0.0000e+00
      17837 309.260731  -62.18962  -58.05754     -1.076    1448.26    236.000    233.601    -0.7707    -0.7700     0.0007    -0.7778    -0.7771     0.0007   2.800414   2.800935   0.000497    34.3493    34.3552     6.6092     6.3406    -0.2686    27.6172    27.6220    34.3484    27.6164    1448.52    1448.54    -0.7777  1028.7505    34.5160 0.0000e+00
      17859 309.260742  -62.18962  -58.05754     -1.111    1448.26    235.000    232.612    -0.7723    -0.7708     0.0015    -0.7794    -0.7779     0.0015   2.800201   2.800765   0.000582    34.3484    34.3546     6.6095     6.3412    -0.2683    27.6166    27.6215    34.3479    27.6162    1448.50    1448.52    -0.7792  1028.7454    34.5155 0.0000e+00
      17880 309.260752  -62.18962  -58.05754     -1.126    1448.26    234.000    231.623    -0.7731    -0.7734    -0.0003    -0.7801    -0.7804    -0.0003   2.800013   2.800385   0.000365    34.3478    34.3530     6.6137     6.3419    -0.2718    27.6160    27.6203    34.3469    27.6153    1448.48    1448.48    -0.7800  1028.7398    34.5145 0.0000e+00
      17901 309.260762  -62.18962  -58.05754     -1.144    1448.26    233.000    230.634    -0.7754    -0.7747     0.0007    -0.7825    -0.7818     0.0007   2.799664   2.800171   0.000508    34.3462    34.3523     6.6147     6.3451    -0.2697    27.6149    27.6198    34.3454    27.6143    1448.45    1448.46    -0.7822  1028.7340    34.5130 0.0000e+00
      17922 309.260772  -62.18962  -58.05754     -1.146    1448.26    232.000    229.645    -0.7767    -0.7761     0.0006    -0.7837    -0.7831     0.0006   2.799477   2.799946   0.000477    34.3456    34.3514     6.6158     6.3437    -0.2721    27.6144    27.6191    34.3450    27.6140    1448.43    1448.44    -0.7835  1028.7289    34.5126 0.0000e+00
      17944 309.260783  -62.18962  -58.05754     -1.113    1448.26    231.000    228.655    -0.7778    -0.7776     0.0002    -0.7848    -0.7846     0.0002   2.799308   2.799718   0.000412    34.3450    34.3504     6.6254     6.3476    -0.2778    27.6140    27.6184    34.3445    27.6136    1448.40    1448.41    -0.7846  1028.7238    34.5121 0.0000e+00
      17968 309.260794  -62.18962  -58.05754     -1.041    1448.26    230.000    227.666    -0.7778    -0.7774     0.0005    -0.7848    -0.7843     0.0005   2.799258   2.799717   0.000449    34.3450    34.3506     6.6309     6.3547    -0.2762    27.6140    27.6185    34.3445    27.6136    1448.39    1448.40    -0.7845  1028.7190    34.5120 0.0000e+00
      17993 309.260806  -62.18962  -58.05754     -0.982    1448.26    229.000    226.676    -0.7784    -0.7781     0.0003    -0.7853    -0.7850     0.0003   2.799132   2.799563   0.000442    34.3444    34.3501     6.6432     6.3695    -0.2737    27.6136    27.6181    34.3440    27.6132    1448.37    1448.38    -0.7851  1028.7139    34.5116 0.0000e+00
      18016 309.260817  -62.18962  -58.05754     -0.997    1448.26    228.000    225.687    -0.7787    -0.7786     0.0001    -0.7855    -0.7855     0.0001   2.799057   2.799476   0.000418    34.3444    34.3500     6.6486     6.3735    -0.2751    27.6135    27.6181    34.3439    27.6132    1448.35    1448.36    -0.7854  1028.7091    34.5115 0.0000e+00
      18037 309.260828  -62.18962  -58.05754     -1.070    1448.26    227.000    224.698    -0.7789    -0.7789     0.0000    -0.7857    -0.7857     0.0000   2.798989   2.799393   0.000405    34.3443    34.3497     6.6510     6.3715    -0.2795    27.6135    27.6179    34.3440    27.6132    1448.33    1448.34    -0.7856  1028.7043    34.5115 0.0000e+00
