Pos-Processados/process_op38/Processamento_split/up/uoperantar38_003.cnv
* Sea-Bird SBE 9 Data File:
* FileName = D:\OPERANTAR_XXXVIII\DADOS\OP38_003.hdr
* Software Version Seasave V 7.12
* Temperature SN = 4808
* Conductivity SN = 3380
* Number of Bytes Per Scan = 31
* Number of Voltage Words = 2
* Number of Scans Averaged by the Deck Unit = 1
* NMEA Latitude = 39 32.86 S
* NMEA Longitude = 054 23.47 W
* NMEA UTC (Time) = Jan 17 2019 09:09:24
** H41
** NAVIO POLAR ALMIRANTE MAXIMIANO
** CRUZEIRO:
** OPERANTAR XXXVIII
** ESTAวรO: OP38_003
** LAT 39บ 32,87' S
** LONG 054บ 23,45' W
** 09P73767-1155
** PROFUNDIDADE: 2920 m
** DATA/HORA: 170909Z/OUT/2019
** OPERADOR: SO-HN CHAVES
# nquan = 30
# nvalues = 1014                        
# units = specified
# name 0 = scan: Scan Count
# name 1 = timeJ: Julian Days
# name 2 = latitude: Latitude [deg]
# name 3 = longitude: Longitude [deg]
# name 4 = dz/dtM: Descent Rate [m/s]
# name 5 = avgsvCM: Average Sound Velocity [Chen-Millero, m/s]
# name 6 = prDM: Pressure, Digiquartz [db]
# name 7 = depSM: Depth [salt water, m]
# name 8 = t090C: Temperature [ITS-90, deg C]
# name 9 = t190C: Temperature, 2 [ITS-90, deg C]
# name 10 = T2-T190C: Temperature Difference, 2 - 1 [ITS-90, deg C]
# name 11 = potemp090C: Potential Temperature [ITS-90, deg C]
# name 12 = potemp190C: Potential Temperature, 2 [ITS-90, deg C]
# name 13 = potemp90Cdiff: Potential Temperature, Diff, 2 - 1 [ITS-90, deg C]
# name 14 = c0S/m: Conductivity [S/m]
# name 15 = c1S/m: Conductivity, 2 [S/m]
# name 16 = C2-C1S/m: Conductivity Difference, 2 - 1 [S/m]
# name 17 = sal00: Salinity, Practical [PSU]
# name 18 = sal11: Salinity, Practical, 2 [PSU]
# name 19 = sbeox0ML/L: Oxygen, SBE 43 [ml/l]
# name 20 = sigma-้00: Density [sigma-theta, kg/m^3]
# name 21 = sigma-้11: Density, 2 [sigma-theta, kg/m^3]
# name 22 = sal00: Salinity, Practical [PSU]
# name 23 = sigma-้00: Density [sigma-theta, kg/m^3]
# name 24 = svCM: Sound Velocity [Chen-Millero, m/s]
# name 25 = svCM1: Sound Velocity, 2 [Chen-Millero, m/s]
# name 26 = gsw_ptA0: potential temperature [ITS-90, deg C]
# name 27 = gsw_densityA0: density, TEOS-10 [density, kg/m^3]
# name 28 = gsw_saA0: Absolute Salinity [g/kg]
# name 29 = flag:
# span 0 =      29032,      55419       
# span 1 =  17.395528,  17.408253       
# span 2 =  -39.54776,  -39.54770       
# span 3 =  -54.39122,  -54.39118       
# span 4 =     -1.648,     -0.039       
# span 5 =    1470.72,    1470.86       
# span 6 =     13.000,   1026.000       
# span 7 =     12.906,   1015.655       
# span 8 =     2.5676,     6.6543       
# span 9 =     2.5700,     6.6788       
# span 10 =    -0.0598,     0.0480      
# span 11 =     2.5012,     6.6532      
# span 12 =     2.5036,     6.6777      
# span 13 =    -0.0598,     0.0480      
# span 14 =   3.109761,   3.415318      
# span 15 =   3.110278,   3.418335      
# span 16 =  -0.004577,   0.004732      
# span 17 =    34.0578,    34.5104      
# span 18 =    34.0641,    34.5147      
# span 19 =     3.8602,     7.5122      
# span 20 =    26.7502,    27.5383      
# span 21 =    26.7532,    27.5415      
# span 22 =    34.0581,    34.5105      
# span 23 =    26.7497,    27.5384      
# span 24 =    1466.86,    1476.78      
# span 25 =    1466.88,    1476.80      
# span 26 =     2.5011,     6.6531      
# span 27 =  1026.8109,  1032.3020      
# span 28 =    34.2190,    34.6764      
# span 29 = 0.0000e+00, 0.0000e+00      
# interval = decibars: 1                
# start_time = Jan 17 2019 09:09:24 [NMEA time, header]
# bad_flag = -9.990e-29
*END*
[from data line 436]
      40029  17.400831 -9.990e-29  -54.39120     -1.305    1470.86    590.000    584.670     2.8132     2.8158     0.0026     2.7762     2.7787     0.0025   3.113813   3.114402   0.000614    34.2350    34.2398     5.1722    27.2944    27.2980    34.2364    27.2955    1470.28    1470.30     2.7762  1030.0442    34.3982 0.0000e+00
      40053  17.400843 -9.990e-29  -54.39120     -1.178    1470.86    589.000    583.683     2.8151     2.8172     0.0021     2.7782     2.7802     0.0021   3.113888   3.114461   0.000571    34.2349    34.2397     5.1701    27.2941    27.2977    34.2359    27.2949    1470.27    1470.28     2.7781  1030.0389    34.3976 0.0000e+00
      40095  17.400863 -9.990e-29  -54.39120     -0.591    1470.86    588.000    582.691     2.8175     2.8167    -0.0008     2.7806     2.7798    -0.0008   3.114026   3.114333   0.000328    34.2346    34.2394     5.1666    27.2936    27.2976    34.2355    27.2944    1470.27    1470.27     2.7806  1030.0338    34.3973 0.0000e+00
      40132  17.400881 -9.990e-29  -54.39120     -0.596    1470.86    587.000    581.702     2.8187     2.8195     0.0008     2.7818     2.7826     0.0008   3.114003   3.114486   0.000486    34.2339    34.2390     5.1665    27.2930    27.2970    34.2346    27.2935    1470.25    1470.26     2.7818  1030.0283    34.3963 0.0000e+00
      40153  17.400891 -9.990e-29  -54.39120     -0.912    1470.86    586.000    580.712     2.8191     2.8201     0.0010     2.7824     2.7834     0.0010   3.113968   3.114432   0.000465    34.2336    34.2382     5.1694    27.2927    27.2963    34.2342    27.2932    1470.24    1470.25     2.7823  1030.0233    34.3960 0.0000e+00
      40170  17.400899 -9.990e-29  -54.39120     -1.190    1470.86    585.000    579.722     2.8195     2.8223     0.0028     2.7828     2.7856     0.0027   3.113913   3.114462   0.000544    34.2331    34.2368     5.1762    27.2922    27.2950    34.2336    27.2927    1470.22    1470.24     2.7828  1030.0182    34.3954 0.0000e+00
      40186  17.400907 -9.990e-29  -54.39120     -1.387    1470.86    584.000    578.733     2.8212     2.8227     0.0015     2.7846     2.7861     0.0015   3.113924   3.114428   0.000509    34.2318    34.2365     5.1827    27.2911    27.2947    34.2325    27.2916    1470.21    1470.22     2.7846  1030.0124    34.3942 0.0000e+00
      40202  17.400915 -9.990e-29  -54.39120     -1.489    1470.86    583.000    577.743     2.8221     2.8238     0.0017     2.7855     2.7872     0.0017   3.113912   3.114437   0.000524    34.2314    34.2360     5.1852    27.2907    27.2942    34.2320    27.2911    1470.20    1470.21     2.7855  1030.0073    34.3937 0.0000e+00
      40220  17.400924  -39.54774  -54.39120     -1.438    1470.86    582.000    576.754     2.8229     2.8243     0.0014     2.7864     2.7878     0.0014   3.113912   3.114414   0.000505    34.2311    34.2358     5.1870    27.2904    27.2940    34.2317    27.2908    1470.19    1470.20     2.7863  1030.0028    34.3940 0.0000e+00
      40246  17.400936  -39.54774  -54.39120     -1.114    1470.86    581.000    575.764     2.8235     2.8247     0.0012     2.7871     2.7883     0.0012   3.113916   3.114396   0.000493    34.2309    34.2356     5.1939    27.2901    27.2938    34.2316    27.2906    1470.17    1470.18     2.7870  1029.9984    34.3944 0.0000e+00
      40281  17.400953  -39.54772  -54.39120     -0.714    1470.86    580.000    574.775     2.8310     2.8310    -0.0000     2.7947     2.7946    -0.0000   3.114513   3.114900   0.000398    34.2304    34.2353     5.2047    27.2891    27.2930    34.2314    27.2899    1470.19    1470.19     2.7946  1029.9929    34.3942 0.0000e+00
      40315  17.400969  -39.54772  -54.39120     -0.680    1470.86    579.000    573.785     2.8366     2.8353    -0.0012     2.8002     2.7990    -0.0012   3.114892   3.115257   0.000341    34.2299    34.2354     5.2056    27.2882    27.2927    34.2307    27.2888    1470.19    1470.20     2.8002  1029.9871    34.3935 0.0000e+00
      40337  17.400980  -39.54772  -54.39120     -0.894    1470.86    578.000    572.795     2.8411     2.8440     0.0029     2.8048     2.8076     0.0029   3.115282   3.115940   0.000646    34.2301    34.2349     5.2017    27.2879    27.2915    34.2312    27.2888    1470.20    1470.22     2.8047  1029.9824    34.3940 0.0000e+00
      40357  17.400990  -39.54772  -54.39120     -1.109    1470.86    577.000    571.806     2.8448     2.8532     0.0084     2.8085     2.8169     0.0084   3.115518   3.116839   0.001176    34.2298    34.2353     5.2059    27.2874    27.2910    34.2307    27.2881    1470.20    1470.24     2.8085  1029.9770    34.3935 0.0000e+00
      40376  17.400999  -39.54772  -54.39120     -1.218    1470.86    576.000    570.816     2.8581     2.8700     0.0119     2.8218     2.8337     0.0119   3.116839   3.118126   0.001363    34.2299    34.2339     5.2053    27.2863    27.2884    34.2332    27.2889    1470.24    1470.29     2.8218  1029.9730    34.3961 0.0000e+00
      40399  17.401010  -39.54772  -54.39120     -1.182    1470.86    575.000    569.827     2.8763     2.8841     0.0078     2.8400     2.8478     0.0078   3.118103   3.119158   0.001058    34.2276    34.2322     5.1984    27.2828    27.2858    34.2299    27.2846    1470.30    1470.34     2.8400  1029.9638    34.3927 0.0000e+00
      40431  17.401025  -39.54772  -54.39120     -0.837    1470.86    574.000    568.837     2.8887     2.8835    -0.0052     2.8524     2.8472    -0.0052   3.119116   3.118992  -0.000027    34.2269    34.2321     5.2026    27.2812    27.2858    34.2296    27.2833    1470.33    1470.32     2.8524  1029.9570    34.3916 0.0000e+00
      40465  17.401042 -9.990e-29  -54.39120     -0.657    1470.86    573.000    567.847     2.9064     2.9001    -0.0063     2.8701     2.8638    -0.0063   3.120296   3.120363  -0.000035    34.2246    34.2309     5.2079    27.2777    27.2833    34.2258    27.2787    1470.39    1470.37     2.8701  1029.9473    34.3875 0.0000e+00
      40485  17.401051 -9.990e-29  -54.39120     -0.916    1470.86    572.000    566.858     2.9085     2.9140     0.0056     2.8723     2.8778     0.0055   3.120706   3.121597   0.000885    34.2257    34.2305     5.2181    27.2784    27.2818    34.2291    27.2811    1470.38    1470.41     2.8722  1029.9451    34.3908 0.0000e+00
      40502  17.401059 -9.990e-29  -54.39120     -1.207    1470.86    571.000    565.868     2.9215     2.9264     0.0049     2.8853     2.8902     0.0049   3.121622   3.122479   0.000824    34.2243    34.2292     5.2174    27.2762    27.2796    34.2269    27.2783    1470.42    1470.45     2.8853  1029.9374    34.3887 0.0000e+00
      40516  17.401066 -9.990e-29  -54.39120     -1.444    1470.86    570.000    564.878     2.9299     2.9329     0.0029     2.8938     2.8967     0.0029   3.122295   3.122871   0.000630    34.2237    34.2282     5.2175    27.2749    27.2782    34.2268    27.2774    1470.44    1470.46     2.8937  1029.9318    34.3885 0.0000e+00
      40530  17.401073 -9.990e-29  -54.39120     -1.607    1470.86    569.000    563.889     2.9348     2.9363     0.0015     2.8987     2.9002     0.0015   3.122525   3.123090   0.000565    34.2228    34.2280     5.2286    27.2738    27.2779    34.2249    27.2755    1470.44    1470.46     2.8986  1029.9251    34.3866 0.0000e+00
      40547  17.401081 -9.990e-29  -54.39120     -1.604    1470.86    568.000    562.899     2.9353     2.9369     0.0015     2.8993     2.9008     0.0015   3.122536   3.123057   0.000523    34.2232    34.2279     5.2325    27.2740    27.2777    34.2250    27.2755    1470.43    1470.44     2.8992  1029.9205    34.3868 0.0000e+00
      40576  17.401095 -9.990e-29  -54.39120     -1.096    1470.86    567.000    561.909     2.9359     2.9363     0.0004     2.8999     2.9003     0.0004   3.122517   3.122958   0.000449    34.2231    34.2282     5.2277    27.2739    27.2779    34.2248    27.2752    1470.41    1470.42     2.8999  1029.9156    34.3865 0.0000e+00
      40623  17.401118 -9.990e-29  -54.39120     -0.437    1470.86    566.000    560.919     2.9378     2.9387     0.0008     2.9019     2.9027     0.0008   3.122578   3.123054   0.000475    34.2228    34.2277     5.2294    27.2735    27.2773    34.2240    27.2744    1470.41    1470.42     2.9018  1029.9102    34.3857 0.0000e+00
      40652  17.401132 -9.990e-29  -54.39120     -0.717    1470.86    565.000    559.930     2.9377     2.9385     0.0008     2.9019     2.9026     0.0008   3.122536   3.123009   0.000470    34.2231    34.2280     5.2350    27.2737    27.2776    34.2241    27.2745    1470.39    1470.40     2.9018  1029.9056    34.3858 0.0000e+00
      40675  17.401143 -9.990e-29  -54.39120     -0.963    1470.86    564.000    558.940     2.9382     2.9399     0.0017     2.9024     2.9041     0.0017   3.122499   3.123043   0.000537    34.2228    34.2275     5.2407    27.2734    27.2771    34.2237    27.2741    1470.37    1470.39     2.9024  1029.9006    34.3854 0.0000e+00
      40697  17.401153 -9.990e-29  -54.39120     -1.082    1470.86    563.000    557.951     2.9389     2.9407     0.0018     2.9031     2.9050     0.0018   3.122493   3.123027   0.000534    34.2226    34.2272     5.2389    27.2732    27.2767    34.2235    27.2739    1470.36    1470.37     2.9031  1029.8957    34.3852 0.0000e+00
      40717  17.401163  -39.54774  -54.39120     -1.140    1470.86    562.000    556.961     2.9393     2.9411     0.0018     2.9036     2.9054     0.0018   3.122469   3.123015   0.000549    34.2225    34.2272     5.2388    27.2731    27.2767    34.2233    27.2737    1470.35    1470.36     2.9036  1029.8913    34.3854 0.0000e+00
      40736  17.401172  -39.54774  -54.39122     -1.208    1470.86    561.000    555.971     2.9402     2.9413     0.0011     2.9046     2.9056     0.0010   3.122480   3.122962   0.000488    34.2223    34.2271     5.2390    27.2728    27.2766    34.2230    27.2734    1470.33    1470.34     2.9046  1029.8867    34.3857 0.0000e+00
      40754  17.401181  -39.54772  -54.39122     -1.280    1470.86    560.000    554.982     2.9405     2.9413     0.0009     2.9049     2.9058     0.0009   3.122430   3.122916   0.000484    34.2221    34.2270     5.2352    27.2727    27.2765    34.2226    27.2731    1470.32    1470.33     2.9049  1029.8818    34.3853 0.0000e+00
      40772  17.401190  -39.54772  -54.39121     -1.332    1470.86    559.000    553.992     2.9404     2.9413     0.0008     2.9050     2.9058     0.0008   3.122381   3.122865   0.000485    34.2221    34.2271     5.2309    27.2726    27.2766    34.2226    27.2731    1470.30    1470.31     2.9049  1029.8772    34.3853 0.0000e+00
      40791  17.401199  -39.54772  -54.39120     -1.304    1470.86    558.000    553.002     2.9403     2.9411     0.0008     2.9050     2.9057     0.0008   3.122331   3.122814   0.000484    34.2221    34.2272     5.2339    27.2727    27.2767    34.2226    27.2731    1470.28    1470.29     2.9049  1029.8725    34.3853 0.0000e+00
      40816  17.401211  -39.54772  -54.39120     -1.103    1470.86    557.000    552.012     2.9402     2.9411     0.0008     2.9049     2.9057     0.0008   3.122271   3.122756   0.000486    34.2222    34.2272     5.2427    27.2727    27.2766    34.2226    27.2730    1470.27    1470.28     2.9048  1029.8679    34.3853 0.0000e+00
      40847  17.401226  -39.54772  -54.39120     -0.819    1470.86    556.000    551.023     2.9400     2.9408     0.0008     2.9047     2.9055     0.0008   3.122203   3.122696   0.000495    34.2222    34.2273     5.2401    27.2727    27.2768    34.2225    27.2730    1470.25    1470.26     2.9047  1029.8632    34.3852 0.0000e+00
      40877  17.401240  -39.54772  -54.39120     -0.776    1470.86    555.000    550.033     2.9398     2.9406     0.0008     2.9046     2.9054     0.0008   3.122141   3.122632   0.000490    34.2222    34.2273     5.2438    27.2728    27.2768    34.2225    27.2730    1470.23    1470.24     2.9046  1029.8586    34.3852 0.0000e+00
      40902  17.401252  -39.54772  -54.39122     -0.896    1470.86    554.000    549.043     2.9398     2.9412     0.0015     2.9046     2.9061     0.0015   3.122094   3.122610   0.000512    34.2223    34.2269     5.2443    27.2728    27.2764    34.2225    27.2730    1470.21    1470.23     2.9046  1029.8540    34.3852 0.0000e+00
      40924  17.401263  -39.54772  -54.39122     -1.026    1470.86    553.000    548.053     2.9406     2.9417     0.0011     2.9055     2.9066     0.0011   3.122083   3.122589   0.000506    34.2218    34.2268     5.2471    27.2724    27.2762    34.2220    27.2725    1470.20    1470.21     2.9055  1029.8488    34.3847 0.0000e+00
      40945  17.401273  -39.54772  -54.39120     -1.111    1470.86    552.000    547.063     2.9409     2.9420     0.0012     2.9059     2.9071     0.0011   3.122055   3.122552   0.000501    34.2217    34.2265     5.2444    27.2722    27.2760    34.2219    27.2724    1470.18    1470.20     2.9059  1029.8441    34.3846 0.0000e+00
      40965  17.401283  -39.54772  -54.39120     -1.156    1470.86    551.000    546.074     2.9412     2.9424     0.0012     2.9063     2.9075     0.0012   3.122004   3.122524   0.000515    34.2214    34.2263     5.2489    27.2719    27.2758    34.2215    27.2720    1470.17    1470.18     2.9062  1029.8391    34.3842 0.0000e+00
      40986  17.401293  -39.54772  -54.39120     -1.158    1470.86    550.000    545.084     2.9420     2.9431     0.0011     2.9071     2.9082     0.0011   3.122004   3.122503   0.000501    34.2210    34.2259     5.2524    27.2716    27.2754    34.2212    27.2718    1470.16    1470.17     2.9071  1029.8342    34.3839 0.0000e+00
      41010  17.401304  -39.54772  -54.39120     -1.091    1470.86    549.000    544.094     2.9427     2.9444     0.0017     2.9079     2.9096     0.0017   3.121982   3.122504   0.000522    34.2205    34.2250     5.2533    27.2711    27.2746    34.2207    27.2713    1470.14    1470.15     2.9079  1029.8290    34.3834 0.0000e+00
      41040  17.401319  -39.54772  -54.39120     -0.884    1470.86    548.000    543.104     2.9445     2.9457     0.0011     2.9098     2.9109     0.0011   3.122036   3.122508   0.000480    34.2196    34.2243     5.2568    27.2702    27.2738    34.2200    27.2705    1470.13    1470.14     2.9097  1029.8236    34.3826 0.0000e+00
      41071  17.401334  -39.54772  -54.39120     -0.728    1470.86    547.000    542.115     2.9482     2.9468    -0.0014     2.9135     2.9121    -0.0014   3.122208   3.122560   0.000346    34.2184    34.2241     5.2595    27.2690    27.2736    34.2187    27.2692    1470.13    1470.13     2.9135  1029.8176    34.3814 0.0000e+00
      41093  17.401345  -39.54774  -54.39120     -0.898    1470.86    546.000    541.125     2.9490     2.9516     0.0025     2.9144     2.9170     0.0025   3.122279   3.122899   0.000612    34.2185    34.2233     5.2661    27.2690    27.2725    34.2192    27.2695    1470.12    1470.13     2.9143  1029.8133    34.3819 0.0000e+00
      41110  17.401353  -39.54774  -54.39120     -1.166    1470.86    545.000    540.135     2.9539     2.9558     0.0019     2.9193     2.9212     0.0019   3.122572   3.123179   0.000594    34.2176    34.2227     5.2664    27.2677    27.2717    34.2182    27.2682    1470.12    1470.14     2.9193  1029.8073    34.3809 0.0000e+00
      41125  17.401360  -39.54774  -54.39120     -1.395    1470.86    544.000    539.145     2.9574     2.9594     0.0020     2.9229     2.9249     0.0020   3.122847   3.123414   0.000584    34.2174    34.2224     5.2704    27.2673    27.2711    34.2183    27.2680    1470.12    1470.14     2.9228  1029.8024    34.3809 0.0000e+00
