Pos-Processados/process_op38/Processamento_split/up/uoperantar38_019.cnv
* Sea-Bird SBE 9 Data File:
* FileName = D:\OPERANTAR_XXXVIII\DADOS\OP38_019.hdr
* Software Version Seasave V 7.18c
* Temperature SN = 4808
* Conductivity SN = 3380
* Number of Bytes Per Scan = 34
* Number of Voltage Words = 3
* Number of Scans Averaged by the Deck Unit = 1
* NMEA Latitude = 62 12.52 S
* NMEA Longitude = 058 17.99 W
* NMEA UTC (Time) = Nov 22 2019 11:08:24
** H41
** NAVIO POLAR ALMIRANTE MAXIMIANO
** CRUZEIRO:
** OPERANTAR XXXVIII
** ESTAÇÃO: OP38_019
** LAT 62 12,51'S
** LONG 058 18,00'W
** 09P73767-1155_A
** PROFUNDIDADE: 271
** DATA/HORA: 221109Z/NOV/2019
** OPERADOR: SO-HN CHAVES
# nquan = 33
# nvalues = 241                         
# units = specified
# name 0 = scan: Scan Count
# name 1 = timeJ: Julian Days
# name 2 = latitude: Latitude [deg]
# name 3 = longitude: Longitude [deg]
# name 4 = dz/dtM: Descent Rate [m/s]
# name 5 = avgsvCM: Average Sound Velocity [Chen-Millero, m/s]
# name 6 = prDM: Pressure, Digiquartz [db]
# name 7 = depSM: Depth [salt water, m]
# name 8 = t090C: Temperature [ITS-90, deg C]
# name 9 = t190C: Temperature, 2 [ITS-90, deg C]
# name 10 = T2-T190C: Temperature Difference, 2 - 1 [ITS-90, deg C]
# name 11 = potemp090C: Potential Temperature [ITS-90, deg C]
# name 12 = potemp190C: Potential Temperature, 2 [ITS-90, deg C]
# name 13 = potemp90Cdiff: Potential Temperature, Diff, 2 - 1 [ITS-90, deg C]
# name 14 = c0S/m: Conductivity [S/m]
# name 15 = c1S/m: Conductivity, 2 [S/m]
# name 16 = C2-C1S/m: Conductivity Difference, 2 - 1 [S/m]
# name 17 = sal00: Salinity, Practical [PSU]
# name 18 = sal11: Salinity, Practical, 2 [PSU]
# name 19 = sbeox0ML/L: Oxygen, SBE 43 [ml/l]
# name 20 = sigma-é00: Density [sigma-theta, kg/m^3]
# name 21 = sigma-é11: Density, 2 [sigma-theta, kg/m^3]
# name 22 = sbox0Mm/Kg: Oxygen, SBE 43 [umol/kg]
# name 23 = oxsolMm/Kg: Oxygen Saturation, Garcia & Gordon [umol/kg]
# name 24 = oxsatMm/Kg: Oxygen Saturation, Weiss [umol/kg]
# name 25 = sal00: Salinity, Practical [PSU]
# name 26 = sigma-é00: Density [sigma-theta, kg/m^3]
# name 27 = svCM: Sound Velocity [Chen-Millero, m/s]
# name 28 = svCM1: Sound Velocity, 2 [Chen-Millero, m/s]
# name 29 = gsw_ptA0: potential temperature [ITS-90, deg C]
# name 30 = gsw_densityA0: density, TEOS-10 [density, kg/m^3]
# name 31 = gsw_saA0: Absolute Salinity [g/kg]
# name 32 = flag:
# span 0 =      12508,      26705       
# span 1 = 326.470198, 326.477045       
# span 2 =  -62.20879,  -62.20864       
# span 3 =  -58.30025,  -58.29996       
# span 4 =     -0.903,     -0.109       
# span 5 =    1447.69,    1447.69       
# span 6 =      2.000,    242.000       
# span 7 =      1.987,    239.537       
# span 8 =    -0.6388,    -0.2172       
# span 9 =    -0.6385,    -0.2144       
# span 10 =    -0.0118,     0.0028      
# span 11 =    -0.6452,    -0.2173      
# span 12 =    -0.6449,    -0.2145      
# span 13 =    -0.0118,     0.0028      
# span 14 =   2.802622,   2.820561      
# span 15 =   2.803053,   2.821176      
# span 16 =  -0.000415,   0.000603      
# span 17 =    34.1379,    34.2957      
# span 18 =    34.1428,    34.3007      
# span 19 =     6.9515,     7.7122      
# span 20 =    27.4211,    27.5681      
# span 21 =    27.4250,    27.5722      
# span 22 =    302.123,    335.234      
# span 23 =  352.29214,  355.83337      
# span 24 =  353.80925,  357.44536      
# span 25 =    34.1381,    34.2957      
# span 26 =    27.4212,    27.5681      
# span 27 =    1446.86,    1449.19      
# span 28 =    1446.85,    1449.20      
# span 29 =    -0.6450,    -0.2173      
# span 30 =  1027.4352,  1028.7297      
# span 31 =    34.3028,    34.4634      
# span 32 = 0.0000e+00, 0.0000e+00      
# interval = decibars: 1                
# start_time = Nov 22 2019 11:08:24 [NMEA time, header]
# bad_flag = -9.990e-29
*END*
[from data line 44]
      14429 326.471124  -62.20870  -58.30008     -0.665    1447.69    198.000    196.005    -0.6363    -0.6359     0.0004    -0.6424    -0.6420     0.0004   2.803972   2.804385   0.000410    34.2675    34.2725     7.0668    27.5453    27.5493    307.144  355.83337  357.44536    34.2674    27.5452    1448.43    1448.44    -0.6423  1028.4971    34.4344 0.0000e+00
      14463 326.471141  -62.20870  -58.30010     -0.698    1447.69    197.000    195.016    -0.6352    -0.6349     0.0004    -0.6413    -0.6409     0.0004   2.803879   2.804314   0.000438    34.2655    34.2710     7.0686    27.5436    27.5481    307.223  355.82859  357.44024    34.2655    27.5436    1448.41    1448.42    -0.6411  1028.4908    34.4325 0.0000e+00
      14498 326.471158  -62.20870  -58.30010     -0.689    1447.69    196.000    194.026    -0.6338    -0.6335     0.0003    -0.6398    -0.6395     0.0003   2.803789   2.804210   0.000422    34.2632    34.2686     7.0774    27.5417    27.5460    307.605  355.82116  357.43236    34.2633    27.5417    1448.40    1448.41    -0.6397  1028.4841    34.4302 0.0000e+00
      14535 326.471176  -62.20870  -58.30010     -0.654    1447.69    195.000    193.037    -0.6324    -0.6320     0.0004    -0.6384    -0.6380     0.0004   2.803724   2.804154   0.000427    34.2614    34.2667     7.0922    27.5402    27.5445    308.247  355.81326  357.42407    34.2614    27.5402    1448.39    1448.39    -0.6383  1028.4778    34.4284 0.0000e+00
      14575 326.471195  -62.20869  -58.30010     -0.602    1447.69    194.000    192.048    -0.6292    -0.6293    -0.0001    -0.6352    -0.6353    -0.0001   2.803466   2.803927   0.000464    34.2550    34.2613     7.1030    27.5348    27.5400    308.719  355.80185  357.41163    34.2550    27.5349    1448.38    1448.38    -0.6351  1028.4661    34.4200 0.0000e+00
      14616 326.471215  -62.20868  -58.30010     -0.586    1447.69    193.000    191.058    -0.6270    -0.6270     0.0000    -0.6330    -0.6329     0.0000   2.803349   2.803782   0.000433    34.2514    34.2572     7.1176    27.5318    27.5365    309.355  355.79089  357.40000    34.2515    27.5320    1448.37    1448.37    -0.6328  1028.4600    34.4185 0.0000e+00
      14657 326.471234  -62.20868  -58.30010     -0.591    1447.69    192.000    190.068    -0.6262    -0.6256     0.0006    -0.6321    -0.6315     0.0006   2.803276   2.803690   0.000413    34.2501    34.2550     7.1453    27.5308    27.5347    310.561  355.78704  357.39592    34.2503    27.5309    1448.35    1448.36    -0.6320  1028.4541    34.4172 0.0000e+00
      14696 326.471253  -62.20868  -58.30010     -0.605    1447.69    191.000    189.079    -0.6252    -0.6248     0.0004    -0.6311    -0.6307     0.0004   2.803210   2.803634   0.000423    34.2487    34.2540     7.1581    27.5296    27.5338    311.117  355.78163  357.39022    34.2489    27.5297    1448.34    1448.35    -0.6310  1028.4482    34.4158 0.0000e+00
      14736 326.471272  -62.20868  -58.30010     -0.610    1447.69    190.000    188.089    -0.6249    -0.6245     0.0004    -0.6307    -0.6303     0.0004   2.803154   2.803586   0.000433    34.2482    34.2536     7.1567    27.5292    27.5335    311.054  355.77969  357.38817    34.2483    27.5292    1448.32    1448.33    -0.6306  1028.4430    34.4152 0.0000e+00
      14776 326.471292  -62.20868  -58.30010     -0.590    1447.69    189.000    187.100    -0.6246    -0.6242     0.0004    -0.6304    -0.6300     0.0004   2.803116   2.803553   0.000436    34.2480    34.2535     7.1638    27.5290    27.5334    311.363  355.77743  357.38584    34.2481    27.5290    1448.31    1448.32    -0.6303  1028.4380    34.4150 0.0000e+00
      14816 326.471311  -62.20868  -58.30012     -0.595    1447.69    188.000    186.111    -0.6241    -0.6239     0.0003    -0.6299    -0.6297     0.0003   2.803085   2.803506   0.000422    34.2477    34.2531     7.1736    27.5287    27.5331    311.792  355.77418  357.38247    34.2478    27.5288    1448.29    1448.30    -0.6298  1028.4329    34.4147 0.0000e+00
      14854 326.471329  -62.20868  -58.30012     -0.637    1447.69    187.000    185.121    -0.6229    -0.6231    -0.0002    -0.6287    -0.6289    -0.0002   2.803057   2.803472   0.000417    34.2465    34.2524     7.1707    27.5277    27.5325    311.663  355.76596  357.37392    34.2466    27.5278    1448.28    1448.29    -0.6285  1028.4272    34.4135 0.0000e+00
      14893 326.471348  -62.20868  -58.30012     -0.629    1447.69    186.000    184.131    -0.6196    -0.6200    -0.0003    -0.6254    -0.6257    -0.0004   2.803113   2.803521   0.000408    34.2441    34.2500     7.1748    27.5256    27.5304    311.845  355.74205  357.34918    34.2443    27.5258    1448.28    1448.28    -0.6252  1028.4204    34.4112 0.0000e+00
      14944 326.471373  -62.20868  -58.30012     -0.467    1447.69    185.000    183.142    -0.6166    -0.6165     0.0000    -0.6222    -0.6222     0.0000   2.803170   2.803587   0.000417    34.2419    34.2475     7.1806    27.5237    27.5282    312.095  355.71899  357.32534    34.2422    27.5240    1448.27    1448.28    -0.6222  1028.4138    34.4091 0.0000e+00
      14994 326.471397  -62.20868  -58.30012     -0.477    1447.69    184.000    182.153    -0.6133    -0.6134    -0.0002    -0.6189    -0.6191    -0.0002   2.803245   2.803661   0.000417    34.2398    34.2456     7.1905    27.5219    27.5266    312.526  355.69399  357.29953    34.2401    27.5221    1448.27    1448.28    -0.6188  1028.4071    34.4069 0.0000e+00
      15031 326.471415  -62.20868  -58.30012     -0.624    1447.69    183.000    181.163    -0.6123    -0.6123 -3.674e-07    -0.6179    -0.6180 -3.674e-07   2.803226   2.803647   0.000421    34.2391    34.2448     7.2022    27.5213    27.5259    313.034  355.68693  357.29223    34.2394    27.5215    1448.26    1448.26    -0.6178  1028.4018    34.4062 0.0000e+00
      15073 326.471435  -62.20868  -58.30013     -0.592    1447.69    182.000    180.173    -0.6119    -0.6117     0.0002    -0.6175    -0.6173     0.0002   2.803206   2.803627   0.000420    34.2390    34.2445     7.2143    27.5212    27.5256    313.563  355.68324  357.28844    34.2393    27.5214    1448.24    1448.25    -0.6174  1028.3946    34.4033 0.0000e+00
      15123 326.471459 -9.990e-29  -58.30014     -0.472    1447.69    181.000    179.187    -0.6116    -0.6113     0.0003    -0.6172    -0.6169     0.0003   2.803162   2.803590   0.000428    34.2389    34.2443     7.2177    27.5210    27.5254    313.710  355.68149  357.28663    34.2390    27.5211    1448.23    1448.24    -0.6171  1028.3875    34.4004 0.0000e+00
      15171 326.471483  -62.20866  -58.30014     -0.495    1447.69    180.000    178.192    -0.6116    -0.6114     0.0002    -0.6171    -0.6169     0.0002   2.803119   2.803543   0.000423    34.2388    34.2443     7.2185    27.5210    27.5254    313.743  355.68091  357.28603    34.2390    27.5211    1448.21    1448.22    -0.6170  1028.3848    34.4030 0.0000e+00
      15218 326.471505  -62.20866  -58.30014     -0.512    1447.69    179.000    177.205    -0.6070    -0.6069     0.0002    -0.6126    -0.6124     0.0002   2.803292   2.803732   0.000440    34.2364    34.2422     7.2186    27.5188    27.5235    313.748  355.64513  357.24915    34.2368    27.5191    1448.21    1448.22    -0.6124  1028.3803    34.4036 0.0000e+00
      15258 326.471525  -62.20866  -58.30014     -0.589    1447.69    178.000    176.215    -0.6042    -0.6036     0.0006    -0.6097    -0.6091     0.0006   2.803384   2.803845   0.000458    34.2351    34.2406     7.2176    27.5177    27.5221    313.704  355.62221  357.22556    34.2354    27.5179    1448.21    1448.22    -0.6096  1028.3745    34.4025 0.0000e+00
      15296 326.471543  -62.20866 -9.990e-29     -0.633    1447.69    177.000    175.226    -0.6021    -0.6018     0.0004    -0.6076    -0.6072     0.0004   2.803434   2.803867   0.000433    34.2341    34.2396     7.2266    27.5168    27.5211    314.097  355.60554  357.20839    34.2344    27.5170    1448.20    1448.21    -0.6075  1028.3702    34.4032 0.0000e+00
      15341 326.471564  -62.20866 -9.990e-29     -0.548    1447.69    176.000    174.236    -0.6019    -0.6015     0.0004    -0.6073    -0.6069     0.0004   2.803376   2.803811   0.000435    34.2337    34.2392     7.2402    27.5164    27.5208    314.690  355.60426  357.20703    34.2339    27.5166    1448.18    1448.19    -0.6072  1028.3650    34.4027 0.0000e+00
      15389 326.471588  -62.20866  -58.30016     -0.488    1447.69    175.000    173.246    -0.6014    -0.6010     0.0003    -0.6068    -0.6064     0.0003   2.803342   2.803776   0.000433    34.2333    34.2388     7.2494    27.5161    27.5205    315.086  355.60053  357.20317    34.2335    27.5162    1448.17    1448.18    -0.6067  1028.3585    34.4005 0.0000e+00
      15427 326.471606  -62.20866  -58.30016     -0.614    1447.69    174.000    172.257    -0.6007    -0.6006     0.0000    -0.6061    -0.6060     0.0000   2.803329   2.803749   0.000418    34.2330    34.2386     7.2462    27.5158    27.5203    314.952  355.59490  357.19737    34.2332    27.5159    1448.16    1448.16    -0.6059  1028.3532    34.3999 0.0000e+00
      15464 326.471624  -62.20866  -58.30016     -0.655    1447.69    173.000    171.267    -0.6004    -0.6000     0.0004    -0.6058    -0.6054     0.0004   2.803299   2.803732   0.000434    34.2330    34.2384     7.2538    27.5157    27.5201    315.279  355.59293  357.19535    34.2331    27.5159    1448.14    1448.15    -0.6056  1028.3483    34.3998 0.0000e+00
      15510 326.471646  -62.20866  -58.30016     -0.528    1447.69    172.000    170.278    -0.5994    -0.5991     0.0003    -0.6047    -0.6044     0.0003   2.803303   2.803732   0.000429    34.2325    34.2379     7.2499    27.5153    27.5197    315.113  355.58486  357.18705    34.2326    27.5154    1448.13    1448.14    -0.6046  1028.3431    34.3994 0.0000e+00
      15557 326.471668  -62.20866  -58.30016     -0.510    1447.69    171.000    169.289    -0.5997    -0.5994     0.0002    -0.6049    -0.6047     0.0002   2.803231   2.803660   0.000427    34.2325    34.2380     7.2525    27.5153    27.5198    315.221  355.58699  357.18922    34.2326    27.5154    1448.11    1448.12    -0.6048  1028.3383    34.3993 0.0000e+00
      15598 326.471688  -62.20866  -58.30016     -0.581    1447.69    170.000    168.299    -0.5996    -0.5993     0.0002    -0.6048    -0.6046     0.0002   2.803189   2.803621   0.000433    34.2324    34.2380     7.2554    27.5153    27.5198    315.349  355.58648  357.18870    34.2325    27.5154    1448.09    1448.10    -0.6047  1028.3335    34.3993 0.0000e+00
      15636 326.471707  -62.20866  -58.30016     -0.627    1447.69    169.000    167.309    -0.5993    -0.5991     0.0002    -0.6045    -0.6043     0.0002   2.803138   2.803573   0.000435    34.2321    34.2378     7.2591    27.5150    27.5195    315.511  355.58490  357.18704    34.2321    27.5150    1448.08    1448.09    -0.6044  1028.3284    34.3988 0.0000e+00
      15675 326.471726  -62.20866  -58.30016     -0.618    1447.69    168.000    166.320    -0.5997    -0.5994     0.0003    -0.6048    -0.6046     0.0003   2.803064   2.803493   0.000429    34.2321    34.2376     7.2580    27.5150    27.5194    315.464  355.58797  357.19018    34.2321    27.5151    1448.06    1448.07    -0.6047  1028.3236    34.3989 0.0000e+00
      15718 326.471746  -62.20866  -58.30017     -0.560    1447.69    167.000    165.330    -0.5999    -0.5996     0.0003    -0.6050    -0.6047     0.0003   2.803007   2.803434   0.000428    34.2322    34.2376     7.2510    27.5151    27.5195    315.159  355.58970  357.19196    34.2322    27.5151    1448.04    1448.05    -0.6049  1028.3189    34.3989 0.0000e+00
      15762 326.471768  -62.20864  -58.30018     -0.537    1447.69    166.000    164.341    -0.5991    -0.5991     0.0000    -0.6042    -0.6042     0.0000   2.802999   2.803422   0.000423    34.2318    34.2375     7.2488    27.5148    27.5194    315.063  355.58369  357.18577    34.2319    27.5148    1448.03    1448.04    -0.6041  1028.3138    34.3986 0.0000e+00
      15800 326.471786  -62.20864  -58.30018     -0.619    1447.69    165.000    163.355    -0.5977    -0.5979    -0.0002    -0.6028    -0.6030    -0.0002   2.803041   2.803447   0.000408    34.2313    34.2370     7.2521    27.5143    27.5189    315.204  355.57200  357.17376    34.2315    27.5144    1448.02    1448.03    -0.6027  1028.3087    34.3981 0.0000e+00
      15835 326.471803  -62.20864  -58.30018     -0.689    1447.69    164.000    162.357    -0.5968    -0.5968     0.0001    -0.6019    -0.6018     0.0001   2.803040   2.803458   0.000416    34.2310    34.2365     7.2598    27.5140    27.5185    315.539  355.56434  357.16588    34.2310    27.5140    1448.01    1448.02    -0.6017  1028.3035    34.3977 0.0000e+00
      15870 326.471820  -62.20864  -58.30018     -0.690    1447.69    163.000    161.376    -0.5960    -0.5963    -0.0002    -0.6010    -0.6013    -0.0002   2.803027   2.803432   0.000405    34.2305    34.2362     7.2591    27.5135    27.5182    315.511  355.55835  357.15969    34.2306    27.5136    1447.99    1448.00    -0.6009  1028.2983    34.3973 0.0000e+00
      15908 326.471838  -62.20864  -58.30018     -0.634    1447.69    162.000    160.378    -0.5955    -0.5955    -0.0001    -0.6005    -0.6005    -0.0001   2.802994   2.803405   0.000411    34.2301    34.2357     7.2594    27.5132    27.5177    315.523  355.55457  357.15578    34.2301    27.5132    1447.98    1447.99    -0.6004  1028.2931    34.3968 0.0000e+00
      15947 326.471857  -62.20864  -58.30018     -0.622    1447.69    161.000    159.392    -0.5951    -0.5952    -0.0001    -0.6000    -0.6001    -0.0001   2.802959   2.803387   0.000425    34.2298    34.2356     7.2652    27.5129    27.5176    315.776  355.55155  357.15266    34.2298    27.5130    1447.97    1447.97    -0.5999  1028.2881    34.3965 0.0000e+00
      15985 326.471875  -62.20864  -58.30018     -0.632    1447.69    160.000    158.403    -0.5958    -0.5954     0.0004    -0.6007    -0.6003     0.0004   2.802875   2.803312   0.000438    34.2301    34.2355     7.2708    27.5132    27.5176    316.018  355.55715  357.15841    34.2301    27.5132    1447.95    1447.96    -0.6006  1028.2836    34.3967 0.0000e+00
      16023 326.471893  -62.20864  -58.30018     -0.625    1447.69    159.000    157.413    -0.5953    -0.5952     0.0001    -0.6002    -0.6001     0.0001   2.802853   2.803272   0.000420    34.2299    34.2354     7.2648    27.5130    27.5175    315.760  355.55368  357.15485    34.2299    27.5130    1447.93    1447.94    -0.6001  1028.2786    34.3966 0.0000e+00
      16060 326.471911  -62.20864  -58.30018     -0.647    1447.69    158.000    156.423    -0.5953    -0.5950     0.0003    -0.6002    -0.5999     0.0003   2.802811   2.803241   0.000428    34.2299    34.2354     7.2664    27.5131    27.5174    315.827  355.55340  357.15456    34.2299    27.5131    1447.92    1447.92    -0.6000  1028.2739    34.3966 0.0000e+00
      16094 326.471928  -62.20864  -58.30018     -0.692    1447.69    157.000    155.434    -0.5947    -0.5946     0.0002    -0.5995    -0.5994     0.0002   2.802800   2.803223   0.000421    34.2297    34.2352     7.2719    27.5128    27.5173    316.066  355.54837  357.14939    34.2298    27.5129    1447.90    1447.91    -0.5994  1028.2690    34.3964 0.0000e+00
      16128 326.471944  -62.20864  -58.30018     -0.711    1447.69    156.000    154.444    -0.5942    -0.5938     0.0004    -0.5990    -0.5986     0.0004   2.802793   2.803234   0.000441    34.2296    34.2350     7.2709    27.5127    27.5171    316.023  355.54376  357.14467    34.2296    27.5128    1447.89    1447.90    -0.5989  1028.2640    34.3963 0.0000e+00
