Pos-Processados/process_op38/Processamento_split/up/uoperantar38_020.cnv
* Sea-Bird SBE 9 Data File:
* FileName = D:\OPERANTAR_XXXVIII\DADOS\OP38_020.hdr
* Software Version Seasave V 7.18c
* Temperature SN = 4808
* Conductivity SN = 3380
* Number of Bytes Per Scan = 34
* Number of Voltage Words = 3
* Number of Scans Averaged by the Deck Unit = 1
* NMEA Latitude = 62 13.02 S
* NMEA Longitude = 058 20.27 W
* NMEA UTC (Time) = Nov 22 2019 12:22:40
** H41
** NAVIO POLAR ALMIRANTE MAXIMIANO
** CRUZEIRO:
** OPERANTAR XXXVIII
** ESTAÇÃO: OP38_020
** LAT 62 13,00'S
** LONG 058 20,28'W
** 09P73767-1155_A
** PROFUNDIDADE: 497
** DATA/HORA: 221223Z/NOV/2019
** OPERADOR: SO-HN CHAVES
# nquan = 33
# nvalues = 442                         
# units = specified
# name 0 = scan: Scan Count
# name 1 = timeJ: Julian Days
# name 2 = latitude: Latitude [deg]
# name 3 = longitude: Longitude [deg]
# name 4 = dz/dtM: Descent Rate [m/s]
# name 5 = avgsvCM: Average Sound Velocity [Chen-Millero, m/s]
# name 6 = prDM: Pressure, Digiquartz [db]
# name 7 = depSM: Depth [salt water, m]
# name 8 = t090C: Temperature [ITS-90, deg C]
# name 9 = t190C: Temperature, 2 [ITS-90, deg C]
# name 10 = T2-T190C: Temperature Difference, 2 - 1 [ITS-90, deg C]
# name 11 = potemp090C: Potential Temperature [ITS-90, deg C]
# name 12 = potemp190C: Potential Temperature, 2 [ITS-90, deg C]
# name 13 = potemp90Cdiff: Potential Temperature, Diff, 2 - 1 [ITS-90, deg C]
# name 14 = c0S/m: Conductivity [S/m]
# name 15 = c1S/m: Conductivity, 2 [S/m]
# name 16 = C2-C1S/m: Conductivity Difference, 2 - 1 [S/m]
# name 17 = sal00: Salinity, Practical [PSU]
# name 18 = sal11: Salinity, Practical, 2 [PSU]
# name 19 = sbeox0ML/L: Oxygen, SBE 43 [ml/l]
# name 20 = sigma-é00: Density [sigma-theta, kg/m^3]
# name 21 = sigma-é11: Density, 2 [sigma-theta, kg/m^3]
# name 22 = sbox0Mm/Kg: Oxygen, SBE 43 [umol/kg]
# name 23 = oxsolMm/Kg: Oxygen Saturation, Garcia & Gordon [umol/kg]
# name 24 = oxsatMm/Kg: Oxygen Saturation, Weiss [umol/kg]
# name 25 = sal00: Salinity, Practical [PSU]
# name 26 = sigma-é00: Density [sigma-theta, kg/m^3]
# name 27 = svCM: Sound Velocity [Chen-Millero, m/s]
# name 28 = svCM1: Sound Velocity, 2 [Chen-Millero, m/s]
# name 29 = gsw_ptA0: potential temperature [ITS-90, deg C]
# name 30 = gsw_densityA0: density, TEOS-10 [density, kg/m^3]
# name 31 = gsw_saA0: Absolute Salinity [g/kg]
# name 32 = flag:
# span 0 =      18903,      37614       
# span 1 = 326.524856, 326.533880       
# span 2 =  -62.21708,  -62.21704       
# span 3 =  -58.33798,  -58.33792       
# span 4 =     -1.061,     -0.114       
# span 5 =    1449.76,    1449.76       
# span 6 =      3.000,    444.000       
# span 7 =      2.976,    439.268       
# span 8 =    -0.6813,    -0.2017       
# span 9 =    -0.6805,    -0.2004       
# span 10 =    -0.0391,     0.0215      
# span 11 =    -0.6961,    -0.2155      
# span 12 =    -0.6952,    -0.2143      
# span 13 =    -0.0391,     0.0214      
# span 14 =   2.800177,   2.867241      
# span 15 =   2.799581,   2.867701      
# span 16 =  -0.004156,   0.002095      
# span 17 =    34.1719,    34.5174      
# span 18 =    34.1353,    34.5226      
# span 19 =     5.7709,     7.6102      
# span 20 =    27.4584,    27.7436      
# span 21 =    27.4306,    27.7479      
# span 22 =    250.776,    330.790      
# span 23 =  351.11647,  355.85845      
# span 24 =  352.64997,  357.47186      
# span 25 =    34.1718,    34.5237      
# span 26 =    27.4583,    27.7449      
# span 27 =    1446.08,    1454.27      
# span 28 =    1446.12,    1454.28      
# span 29 =    -0.6957,    -0.2153      
# span 30 =  1027.4776,  1029.8656      
# span 31 =    34.3350,    34.6927      
# span 32 = 0.0000e+00, 0.0000e+00      
# interval = decibars: 1                
# start_time = Nov 22 2019 12:22:40 [NMEA time, header]
# bad_flag = -9.990e-29
*END*
[from data line 352]
      32208 326.531273  -62.21706  -58.33794     -0.866    1449.76     92.000     91.097    -0.5153    -0.5502    -0.0349    -0.5181    -0.5530    -0.0349   2.803955   2.799770  -0.004156    34.1949    34.1784     7.4257    27.4811    27.4693    322.761  354.90140  356.48367    34.1955    27.4816    1447.17    1446.98    -0.5181  1027.9266    34.3613 0.0000e+00
      32239 326.531287  -62.21706  -58.33794     -0.817    1449.76     91.000     90.107    -0.5164    -0.5495    -0.0331    -0.5192    -0.5523    -0.0330   2.803878   2.799751  -0.004110    34.1960    34.1781     7.4347    27.4821    27.4690    323.153  354.90936  356.49193    34.1965    27.4824    1447.15    1446.97    -0.5191  1027.9226    34.3622 0.0000e+00
      32272 326.531303  -62.21706  -58.33794     -0.731    1449.76     90.000     89.118    -0.5144    -0.5499    -0.0355    -0.5171    -0.5526    -0.0354   2.803900   2.799740  -0.004141    34.1946    34.1789     7.4448    27.4808    27.4697    323.592  354.89418  356.47624    34.1951    27.4812    1447.14    1446.95    -0.5171  1027.9165    34.3607 0.0000e+00
      32304 326.531319  -62.21706  -58.33794     -0.730    1449.76     89.000     88.125    -0.5119    -0.5498    -0.0379    -0.5147    -0.5525    -0.0379   2.803883   2.799731  -0.004133    34.1922    34.1794     7.4484    27.4788    27.4701    323.750  354.87770  356.45911    34.1927    27.4791    1447.13    1446.94    -0.5146  1027.9097    34.3583 0.0000e+00
      32333 326.531333  -62.21706  -58.33794     -0.804    1449.76     88.000     87.136    -0.5104    -0.5495    -0.0391    -0.5131    -0.5521    -0.0390   2.803834   2.799731  -0.004085    34.1905    34.1796     7.4506    27.4773    27.4702    323.845  354.86826  356.44926    34.1909    27.4776    1447.12    1446.92    -0.5130  1027.9034    34.3565 0.0000e+00
      32361 326.531346  -62.21706  -58.33794     -0.856    1449.76     87.000     86.147    -0.5102    -0.5491    -0.0389    -0.5129    -0.5518    -0.0389   2.803782   2.799721  -0.004047    34.1902    34.1797     7.4566    27.4771    27.4703    324.108  354.86702  356.44796    34.1906    27.4774    1447.11    1446.91    -0.5128  1027.8983    34.3562 0.0000e+00
      32391 326.531361  -62.21706  -58.33794     -0.828    1449.76     86.000     85.157    -0.5104    -0.5485    -0.0382    -0.5130    -0.5511    -0.0381   2.803718   2.799721  -0.003985    34.1902    34.1797     7.4584    27.4771    27.4702    324.183  354.86865  356.44962    34.1905    27.4773    1447.09    1446.90    -0.5130  1027.8935    34.3561 0.0000e+00
      32424 326.531377  -62.21706  -58.33794     -0.738    1449.76     85.000     84.166    -0.5084    -0.5475    -0.0391    -0.5110    -0.5501    -0.0391   2.803749   2.799722  -0.004012    34.1891    34.1792     7.4635    27.4761    27.4698    324.408  354.85402  356.43452    34.1894    27.4763    1447.08    1446.88    -0.5110  1027.8877    34.3550 0.0000e+00
      32457 326.531393  -62.21706  -58.33794     -0.717    1449.76     84.000     83.177    -0.5078    -0.5465    -0.0386    -0.5104    -0.5490    -0.0386   2.803705   2.799736  -0.003965    34.1885    34.1787     7.4659    27.4756    27.4694    324.509  354.84974  356.43008    34.1887    27.4758    1447.07    1446.87    -0.5103  1027.8824    34.3543 0.0000e+00
      32489 326.531408  -62.21706  -58.33793     -0.754    1449.76     83.000     82.187    -0.5080    -0.5452    -0.0371    -0.5106    -0.5477    -0.0371   2.803627   2.799743  -0.003884    34.1884    34.1780     7.4615    27.4755    27.4688    324.321  354.85244  356.43284    34.1885    27.4756    1447.05    1446.86    -0.5105  1027.8774    34.3541 0.0000e+00
      32520 326.531423  -62.21707  -58.33792     -0.764    1449.76     82.000     81.197    -0.5085    -0.5275    -0.0190    -0.5110    -0.5300    -0.0190   2.803559   2.799740  -0.003860    34.1886    34.1581     7.4723    27.4757    27.4519    324.790  354.85584  356.43634    34.1888    27.4758    1447.03    1446.90    -0.5110  1027.8729    34.3543 0.0000e+00
      32552 326.531439  -62.21706  -58.33792     -0.747    1449.76     81.000     80.207    -0.5084    -0.5154    -0.0069    -0.5109    -0.5178    -0.0069   2.803499   2.799786  -0.003780    34.1884    34.1454     7.4742    27.4755    27.4410    324.873  354.85573  356.43619    34.1885    27.4756    1447.01    1446.92    -0.5108  1027.8678    34.3540 0.0000e+00
      32583 326.531454  -62.21706  -58.33794     -0.762    1449.76     80.000     79.217    -0.5083    -0.5146    -0.0063    -0.5108    -0.5170    -0.0063   2.803435   2.799800  -0.003692    34.1880    34.1454     7.4709    27.4752    27.4410    324.727  354.85558  356.43599    34.1881    27.4753    1447.00    1446.91    -0.5107  1027.8627    34.3535 0.0000e+00
      32613 326.531468  -62.21706  -58.33794     -0.804    1449.76     79.000     78.227    -0.5083    -0.5138    -0.0055    -0.5107    -0.5162    -0.0055   2.803361   2.799782  -0.003631    34.1877    34.1451     7.4638    27.4749    27.4407    324.421  354.85646  356.43685    34.1877    27.4749    1446.98    1446.90    -0.5107  1027.8576    34.3531 0.0000e+00
      32642 326.531482  -62.21706  -58.33794     -0.826    1449.76     78.000     77.237    -0.5087    -0.5133    -0.0046    -0.5111    -0.5157    -0.0045   2.803192   2.799765  -0.003479    34.1866    34.1450     7.4732    27.4741    27.4406    324.829  354.86331  356.44373    34.1865    27.4740    1446.96    1446.88    -0.5110  1027.8519    34.3519 0.0000e+00
      32674 326.531497  -62.21706  -58.33794     -0.779    1449.76     77.000     76.247    -0.5092    -0.5127    -0.0036    -0.5116    -0.5151    -0.0035   2.803051   2.799720  -0.003373    34.1858    34.1445     7.4792    27.4735    27.4402    325.088  354.87014  356.45063    34.1858    27.4734    1446.94    1446.87    -0.5115  1027.8465    34.3512 0.0000e+00
      32709 326.531514  -62.21706  -58.33794     -0.696    1449.76     76.000     75.256    -0.5095    -0.5124    -0.0028    -0.5118    -0.5147    -0.0028   2.802931   2.799678  -0.003287    34.1852    34.1441     7.4811    27.4730    27.4399    325.174  354.87489  356.45542    34.1851    27.4729    1446.92    1446.86    -0.5118  1027.8412    34.3505 0.0000e+00
      32742 326.531530  -62.21706  -58.33794     -0.703    1449.76     75.000     74.267    -0.5076    -0.5121    -0.0045    -0.5099    -0.5144    -0.0045   2.802859   2.799715  -0.003171    34.1825    34.1449     7.4861    27.4707    27.4405    325.390  354.86399  356.44396    34.1826    27.4708    1446.91    1446.84    -0.5098  1027.8343    34.3480 0.0000e+00
      32773 326.531545  -62.21706  -58.33794     -0.767    1449.76     74.000     73.276    -0.5070    -0.5117    -0.0047    -0.5093    -0.5139    -0.0047   2.802818   2.799758  -0.003082    34.1820    34.1458     7.4884    27.4703    27.4412    325.492  354.86037  356.44018    34.1820    27.4703    1446.90    1446.83    -0.5092  1027.8290    34.3474 0.0000e+00
      32803 326.531559  -62.21706  -58.33794     -0.803    1449.76     73.000     72.286    -0.5068    -0.5112    -0.0044    -0.5090    -0.5134    -0.0044   2.802774   2.799784  -0.003009    34.1817    34.1463     7.4953    27.4701    27.4416    325.789  354.85861  356.43836    34.1818    27.4701    1446.88    1446.82    -0.5090  1027.8240    34.3471 0.0000e+00
      32834 326.531574  -62.21706  -58.33794     -0.788    1449.76     72.000     71.301    -0.5056    -0.5106    -0.0050    -0.5078    -0.5128    -0.0050   2.802744   2.799695  -0.003053    34.1805    34.1451     7.5047    27.4690    27.4406    326.199  354.85072  356.43015    34.1806    27.4691    1446.87    1446.80    -0.5077  1027.8182    34.3460 0.0000e+00
      32867 326.531591  -62.21706  -58.33794     -0.724    1449.76     71.000     70.302    -0.5050    -0.5098    -0.0048    -0.5072    -0.5120    -0.0048   2.802728   2.799581  -0.003157    34.1804    34.1433     7.5055    27.4689    27.4391    326.234  354.84644  356.42575    34.1804    27.4689    1446.86    1446.78    -0.5071  1027.8133    34.3458 0.0000e+00
      32905 326.531609  -62.21706  -58.33794     -0.649    1449.76     70.000     69.316    -0.5034    -0.5090    -0.0056    -0.5055    -0.5112    -0.0056   2.802819   2.799641  -0.003176    34.1801    34.1438     7.5039    27.4686    27.4394    326.167  354.83142  356.41037    34.1804    27.4688    1446.85    1446.77    -0.5055  1027.8084    34.3457 0.0000e+00
      32943 326.531627  -62.21706  -58.33794     -0.619    1449.76     69.000     68.326    -0.4998    -0.5079    -0.0080    -0.5019    -0.5100    -0.0080   2.803022   2.799637  -0.003376    34.1794    34.1431     7.5058    27.4679    27.4389    326.249  354.80024  356.37840    34.1798    27.4681    1446.85    1446.76    -0.5019  1027.8029    34.3451 0.0000e+00
      32979 326.531645  -62.21706  -58.33794     -0.662    1449.76     68.000     67.336    -0.4984    -0.5064    -0.0080    -0.5005    -0.5085    -0.0080   2.803074   2.799796  -0.003292    34.1792    34.1440     7.5101    27.4676    27.4395    326.437  354.78792  356.36578    34.1795    27.4679    1446.84    1446.75    -0.5004  1027.7978    34.3448 0.0000e+00
      33015 326.531662  -62.21706  -58.33794     -0.672    1449.76     67.000     66.346    -0.4973    -0.5050    -0.0077    -0.4993    -0.5070    -0.0077   2.803094   2.800155  -0.002960    34.1789    34.1477     7.5034    27.4673    27.4425    326.144  354.77803  356.35563    34.1791    27.4675    1446.82    1446.75    -0.4993  1027.7927    34.3443 0.0000e+00
      33052 326.531680  -62.21706  -58.33794     -0.658    1449.76     66.000     65.356    -0.4965    -0.5035    -0.0069    -0.4986    -0.5055    -0.0069   2.803095   2.800323  -0.002781    34.1787    34.1491     7.5060    27.4671    27.4435    326.257  354.77166  356.34909    34.1789    27.4673    1446.81    1446.74    -0.4985  1027.7877    34.3442 0.0000e+00
      33089 326.531697  -62.21706  -58.33794     -0.650    1449.76     65.000     64.366    -0.4958    -0.5023    -0.0065    -0.4977    -0.5042    -0.0065   2.803101   2.800607  -0.002514    34.1785    34.1520     7.5142    27.4669    27.4458    326.613  354.76501  356.34227    34.1787    27.4671    1446.80    1446.73    -0.4977  1027.7827    34.3440 0.0000e+00
      33126 326.531715  -62.21706  -58.33794     -0.643    1449.76     64.000     63.378    -0.4951    -0.5010    -0.0059    -0.4971    -0.5030    -0.0059   2.803101   2.800937  -0.002178    34.1784    34.1558     7.5157    27.4669    27.4488    326.677  354.75928  356.33640    34.1786    27.4670    1446.79    1446.73    -0.4970  1027.7778    34.3439 0.0000e+00
      33164 326.531734  -62.21706  -58.33794     -0.638    1449.76     63.000     62.384    -0.4948    -0.4999    -0.0051    -0.4968    -0.5019    -0.0051   2.803077   2.801126  -0.001962    34.1784    34.1578     7.5176    27.4668    27.4504    326.759  354.75655  356.33360    34.1785    27.4669    1446.77    1446.72    -0.4967  1027.7730    34.3438 0.0000e+00
      33201 326.531751  -62.21706  -58.33794     -0.648    1449.76     62.000     61.396    -0.4932    -0.4989    -0.0058    -0.4951    -0.5008    -0.0058   2.803163   2.801214  -0.001950    34.1782    34.1585     7.5140    27.4666    27.4509    326.606  354.74135  356.31804    34.1784    27.4668    1446.76    1446.71    -0.4950  1027.7680    34.3437 0.0000e+00
      33240 326.531770  -62.21706  -58.33794     -0.619    1449.76     61.000     60.406    -0.4914    -0.4977    -0.0063    -0.4933    -0.4996    -0.0063   2.803250   2.801316  -0.001930    34.1779    34.1591     7.5144    27.4663    27.4513    326.623  354.72593  356.30224    34.1783    27.4665    1446.75    1446.70    -0.4932  1027.7630    34.3435 0.0000e+00
      33281 326.531790  -62.21706  -58.33794     -0.584    1449.76     60.000     59.415    -0.4881    -0.4958    -0.0077    -0.4900    -0.4977    -0.0077   2.803454   2.801386  -0.002060    34.1776    34.1585     7.5211    27.4658    27.4508    326.915  354.69630  356.27190    34.1779    27.4661    1446.75    1446.69    -0.4899  1027.7578    34.3431 0.0000e+00
      33318 326.531808  -62.21706  -58.33794     -0.633    1449.76     59.000     58.425    -0.4820    -0.4938    -0.0118    -0.4838    -0.4956    -0.0118   2.803926   2.801442  -0.002446    34.1772    34.1576     7.5256    27.4652    27.4499    327.110  354.64029  356.21458    34.1780    27.4659    1446.77    1446.68    -0.4838  1027.7528    34.3432 0.0000e+00
      33356 326.531827  -62.21706  -58.33794     -0.635    1449.76     58.000     57.435    -0.4740    -0.4901    -0.0161    -0.4758    -0.4918    -0.0160   2.804481   2.801495  -0.002946    34.1761    34.1547     7.5286    27.4641    27.4474    327.242  354.56839  356.14093    34.1770    27.4648    1446.79    1446.68    -0.4757  1027.7468    34.3422 0.0000e+00
      33398 326.531847  -62.21706  -58.33795     -0.579    1449.76     57.000     56.445    -0.4688    -0.4850    -0.0162    -0.4705    -0.4868    -0.0162   2.804818   2.801545  -0.003251    34.1755    34.1501     7.5353    27.4633    27.4435    327.530  354.52122  356.09262    34.1762    27.4639    1446.79    1446.68    -0.4705  1027.7412    34.3414 0.0000e+00
      33439 326.531866  -62.21706  -58.33796     -0.583    1449.76     56.000     55.455    -0.4667    -0.4809    -0.0142    -0.4684    -0.4826    -0.0142   2.804942   2.801589  -0.003332    34.1755    34.1466     7.5450    27.4632    27.4405    327.953  354.50200  356.07296    34.1762    27.4638    1446.79    1446.68    -0.4684  1027.7363    34.3414 0.0000e+00
      33479 326.531885  -62.21706  -58.33796     -0.607    1449.76     55.000     54.465    -0.4599    -0.4769    -0.0171    -0.4616    -0.4786    -0.0171   2.805427   2.801647  -0.003751    34.1747    34.1436     7.5504    27.4623    27.4378    328.186  354.44041  356.00990    34.1756    27.4630    1446.80    1446.68    -0.4615  1027.7307    34.3408 0.0000e+00
      33520 326.531905  -62.21706  -58.33796     -0.588    1449.76     54.000     53.474    -0.4547    -0.4720    -0.0173    -0.4563    -0.4736    -0.0173   2.805755   2.801714  -0.004029    34.1740    34.1394     7.5560    27.4615    27.4343    328.432  354.39373  355.96209    34.1748    27.4621    1446.81    1446.68    -0.4563  1027.7250    34.3399 0.0000e+00
      33562 326.531925  -62.21706  -58.33794     -0.567    1449.76     53.000     52.485    -0.4537    -0.4677    -0.0140    -0.4554    -0.4693    -0.0140   2.805765   2.801807  -0.003966    34.1740    34.1364     7.5576    27.4614    27.4317    328.499  354.38525  355.95341    34.1745    27.4618    1446.80    1446.68    -0.4553  1027.7199    34.3396 0.0000e+00
      33601 326.531945  -62.21706  -58.33794     -0.604    1449.76     52.000     51.494    -0.4548    -0.4649    -0.0101    -0.4564    -0.4665    -0.0101   2.805631   2.801909  -0.003741    34.1742    34.1353     7.5676    27.4616    27.4306    328.935  354.39452  355.96291    34.1745    27.4618    1446.77    1446.67    -0.4564  1027.7152    34.3396 0.0000e+00
      33639 326.531963  -62.21706  -58.33795     -0.633    1449.76     51.000     50.504    -0.4555    -0.4631    -0.0075    -0.4571    -0.4646    -0.0075   2.805525   2.802019  -0.003527    34.1743    34.1354     7.5703    27.4617    27.4306    329.054  354.40132  355.96988    34.1745    27.4619    1446.75    1446.67    -0.4570  1027.7105    34.3397 0.0000e+00
      33679 326.531982  -62.21706  -58.33796     -0.601    1449.76     50.000     49.518    -0.4550    -0.4615    -0.0065    -0.4566    -0.4630    -0.0065   2.805525   2.802161  -0.003384    34.1743    34.1362     7.5725    27.4617    27.4311    329.151  354.39634  355.96479    34.1746    27.4619    1446.74    1446.66    -0.4565  1027.7057    34.3397 0.0000e+00
