Pos-Processados/process_op38/Processamento_split/up/uoperantar38_015.cnv
* Sea-Bird SBE 9 Data File:
* FileName = D:\OPERANTAR_XXXVIII\DADOS\OP38_015.hdr
* Software Version Seasave V 7.18c
* Temperature SN = 4808
* Conductivity SN = 3380
* Number of Bytes Per Scan = 34
* Number of Voltage Words = 3
* Number of Scans Averaged by the Deck Unit = 1
* NMEA Latitude = 62 18.48 S
* NMEA Longitude = 058 32.77 W
* NMEA UTC (Time) = Nov 05 2019 09:00:03
** H41
** NAVIO POLAR ALMIRANTE MAXIMIANO
** CRUZEIRO:
** OPERANTAR XXXVIII
** ESTAÇÃO: OP38_015
** LAT 62 18,48' S
** LONG 058 32,80' W
** 09P73767-1155_A
** PROFUNDIDADE: 353
** DATA/HORA: 050900Z/NOV/2019
** OPERADOR: SO-HN CHAVES
# nquan = 32
# nvalues = 323                         
# units = specified
# name 0 = scan: Scan Count
# name 1 = timeJ: Julian Days
# name 2 = latitude: Latitude [deg]
# name 3 = longitude: Longitude [deg]
# name 4 = dz/dtM: Descent Rate [m/s]
# name 5 = avgsvCM: Average Sound Velocity [Chen-Millero, m/s]
# name 6 = prDM: Pressure, Digiquartz [db]
# name 7 = depSM: Depth [salt water, m]
# name 8 = t090C: Temperature [ITS-90, deg C]
# name 9 = t190C: Temperature, 2 [ITS-90, deg C]
# name 10 = T2-T190C: Temperature Difference, 2 - 1 [ITS-90, deg C]
# name 11 = potemp090C: Potential Temperature [ITS-90, deg C]
# name 12 = potemp190C: Potential Temperature, 2 [ITS-90, deg C]
# name 13 = potemp90Cdiff: Potential Temperature, Diff, 2 - 1 [ITS-90, deg C]
# name 14 = c0S/m: Conductivity [S/m]
# name 15 = c1S/m: Conductivity, 2 [S/m]
# name 16 = C2-C1S/m: Conductivity Difference, 2 - 1 [S/m]
# name 17 = sal00: Salinity, Practical [PSU]
# name 18 = sal11: Salinity, Practical, 2 [PSU]
# name 19 = sbeox0ML/L: Oxygen, SBE 43 [ml/l]
# name 20 = sbeox1ML/L: Oxygen, SBE 43, 2 [ml/l]
# name 21 = sbeox0ML/Ldiff: Oxygen, SBE 43, Diff, 2 - 1 [ml/l]
# name 22 = sigma-é00: Density [sigma-theta, kg/m^3]
# name 23 = sigma-é11: Density, 2 [sigma-theta, kg/m^3]
# name 24 = sal00: Salinity, Practical [PSU]
# name 25 = sigma-é00: Density [sigma-theta, kg/m^3]
# name 26 = svCM: Sound Velocity [Chen-Millero, m/s]
# name 27 = svCM1: Sound Velocity, 2 [Chen-Millero, m/s]
# name 28 = gsw_ptA0: potential temperature [ITS-90, deg C]
# name 29 = gsw_densityA0: density, TEOS-10 [density, kg/m^3]
# name 30 = gsw_saA0: Absolute Salinity [g/kg]
# name 31 = flag:
# span 0 =      12482,      23508       
# span 1 = 309.381054, 309.386371       
# span 2 =  -62.30810,  -62.30808       
# span 3 =  -58.54618,  -58.54616       
# span 4 =     -1.237,     -0.183       
# span 5 =    1447.29,    1447.29       
# span 6 =      2.000,    324.000       
# span 7 =      1.982,    320.631       
# span 8 =    -0.9211,    -0.4420       
# span 9 =    -0.9212,    -0.4412       
# span 10 =    -0.0105,     0.0153      
# span 11 =    -0.9223,    -0.4530      
# span 12 =    -0.9224,    -0.4522      
# span 13 =    -0.0104,     0.0152      
# span 14 =   2.770044,   2.833253      
# span 15 =   2.770444,   2.833757      
# span 16 =  -0.000617,   0.001752      
# span 17 =    34.1505,    34.3645      
# span 18 =    34.1559,    34.3704      
# span 19 =     6.4122,     7.6802      
# span 20 =     6.1433,     7.4103      
# span 21 =    -0.3803,    -0.2605      
# span 22 =    27.4574,    27.6154      
# span 23 =    27.4618,    27.6201      
# span 24 =    34.1505,    34.3645      
# span 25 =    27.4573,    27.6154      
# span 26 =    1444.29,    1451.52      
# span 27 =    1444.30,    1451.53      
# span 28 =    -0.9222,    -0.4528      
# span 29 =  1027.4719,  1029.1619      
# span 30 =    34.3133,    34.5317      
# span 31 = 0.0000e+00, 0.0000e+00      
# interval = decibars: 1                
# start_time = Nov 05 2019 09:00:03 [NMEA time, header]
# bad_flag = -9.990e-29
*END*
[from data line 182]
      17614 309.383529  -62.30810  -58.54618     -0.724    1447.29    142.000    140.581    -0.8720    -0.8720    -0.0000    -0.8760    -0.8760    -0.0000   2.782247   2.782659   0.000411    34.2752    34.2808     7.1263     6.8183    -0.3079    27.5611    27.5657    34.2752    27.5611    1446.42    1446.43    -0.8759  1028.2468    34.4419 0.0000e+00
      17648 309.383545  -62.30810  -58.54618     -0.701    1447.29    141.000    139.598    -0.8719    -0.8721    -0.0001    -0.8759    -0.8760    -0.0001   2.782186   2.782608   0.000422    34.2750    34.2808     7.1164     6.8232    -0.2932    27.5610    27.5657    34.2750    27.5610    1446.41    1446.41    -0.8758  1028.2419    34.4417 0.0000e+00
      17681 309.383561  -62.30808  -58.54618     -0.734    1447.29    140.000    138.608    -0.8720    -0.8721    -0.0000    -0.8760    -0.8760    -0.0000   2.782122   2.782539   0.000415    34.2749    34.2806     7.1221     6.8213    -0.3009    27.5609    27.5655    34.2748    27.5609    1446.39    1446.39    -0.8759  1028.2370    34.4415 0.0000e+00
      17713 309.383576  -62.30808  -58.54618     -0.742    1447.29    139.000    137.619    -0.8720    -0.8722    -0.0002    -0.8759    -0.8761    -0.0002   2.782063   2.782474   0.000411    34.2746    34.2804     7.1195     6.8145    -0.3050    27.5607    27.5654    34.2746    27.5607    1446.37    1446.38    -0.8758  1028.2320    34.4413 0.0000e+00
      17745 309.383592  -62.30808  -58.54618     -0.752    1447.29    138.000    136.628    -0.8720    -0.8721    -0.0001    -0.8759    -0.8760    -0.0001   2.782011   2.782420   0.000408    34.2746    34.2802     7.1328     6.8161    -0.3167    27.5606    27.5652    34.2745    27.5606    1446.35    1446.36    -0.8758  1028.2271    34.4412 0.0000e+00
      17773 309.383606  -62.30808  -58.54618     -0.807    1447.29    137.000    135.638    -0.8734    -0.8723     0.0011    -0.8773    -0.8762     0.0011   2.781755   2.782338   0.000549    34.2739    34.2801     7.1342     6.8201    -0.3141    27.5601    27.5651    34.2733    27.5597    1446.33    1446.34    -0.8772  1028.2214    34.4400 0.0000e+00
      17800 309.383618  -62.30809  -58.54618     -0.878    1447.29    136.000    134.649    -0.8753    -0.8742     0.0011    -0.8791    -0.8780     0.0011   2.781533   2.782050   0.000549    34.2728    34.2790     7.1317     6.8236    -0.3082    27.5593    27.5643    34.2730    27.5595    1446.31    1446.32    -0.8790  1028.2165    34.4397 0.0000e+00
      17827 309.383631  -62.30810  -58.54618     -0.907    1447.29    135.000    133.660    -0.8719    -0.8730    -0.0010    -0.8757    -0.8768    -0.0010   2.781713   2.782083   0.000364    34.2723    34.2785     7.1297     6.8193    -0.3104    27.5588    27.5638    34.2722    27.5587    1446.30    1446.31    -0.8756  1028.2109    34.4389 0.0000e+00
      17856 309.383645  -62.30810  -58.54618     -0.853    1447.29    134.000    132.670    -0.8719    -0.8724    -0.0005    -0.8757    -0.8762    -0.0005   2.781621   2.782015   0.000404    34.2715    34.2776     7.1302     6.8182    -0.3120    27.5582    27.5631    34.2716    27.5582    1446.29    1446.29    -0.8756  1028.2056    34.4382 0.0000e+00
      17890 309.383662  -62.30808  -58.54618     -0.725    1447.29    133.000    131.679    -0.8695    -0.8701    -0.0006    -0.8732    -0.8738    -0.0006   2.781734   2.782115   0.000381    34.2708    34.2766     7.1492     6.8302    -0.3189    27.5575    27.5622    34.2710    27.5577    1446.28    1446.28    -0.8731  1028.2003    34.4376 0.0000e+00
      17927 309.383679  -62.30808  -58.54618     -0.656    1447.29    132.000    130.690    -0.8666    -0.8668    -0.0002    -0.8703    -0.8705    -0.0002   2.781878   2.782291   0.000406    34.2701    34.2759     7.1593     6.8457    -0.3136    27.5568    27.5615    34.2703    27.5569    1446.28    1446.28    -0.8702  1028.1947    34.4369 0.0000e+00
      17961 309.383696  -62.30808  -58.54618     -0.693    1447.29    131.000    129.701    -0.8649    -0.8645     0.0004    -0.8686    -0.8682     0.0004   2.782012   2.782443   0.000443    34.2702    34.2757     7.1740     6.8600    -0.3140    27.5568    27.5613    34.2708    27.5573    1446.27    1446.28    -0.8685  1028.1903    34.4374 0.0000e+00
      17994 309.383712  -62.30808  -58.54618     -0.721    1447.29    130.000    128.711    -0.8570    -0.8580    -0.0010    -0.8607    -0.8617    -0.0010   2.782556   2.782901   0.000339    34.2694    34.2751     7.1862     6.8737    -0.3125    27.5558    27.5605    34.2699    27.5562    1446.29    1446.29    -0.8606  1028.1844    34.4365 0.0000e+00
      18026 309.383728  -62.30808  -58.54618     -0.732    1447.29    129.000    127.721    -0.8559    -0.8565    -0.0006    -0.8595    -0.8601    -0.0006   2.782577   2.782938   0.000364    34.2691    34.2747     7.1867     6.8841    -0.3026    27.5556    27.5601    34.2695    27.5559    1446.28    1446.28    -0.8594  1028.1793    34.4361 0.0000e+00
      18056 309.383742  -62.30808  -58.54618     -0.795    1447.29    128.000    126.731    -0.8551    -0.8556    -0.0004    -0.8587    -0.8592    -0.0005   2.782541   2.782947   0.000396    34.2686    34.2745     7.2055     6.8832    -0.3223    27.5551    27.5599    34.2688    27.5553    1446.26    1446.27    -0.8586  1028.1739    34.4353 0.0000e+00
      18082 309.383754  -62.30808  -58.54618     -0.882    1447.29    127.000    125.742    -0.8581    -0.8562     0.0019    -0.8617    -0.8598     0.0019   2.782111   2.782780   0.000654    34.2671    34.2739     7.2107     6.8883    -0.3224    27.5540    27.5594    34.2669    27.5539    1446.23    1446.25    -0.8616  1028.1677    34.4334 0.0000e+00
      18108 309.383767  -62.30808  -58.54618     -0.919    1447.29    126.000    124.751    -0.8610    -0.8592     0.0018    -0.8645    -0.8627     0.0018   2.781775   2.782372   0.000605    34.2664    34.2725     7.2056     6.8975    -0.3081    27.5536    27.5585    34.2663    27.5534    1446.20    1446.22    -0.8644  1028.1625    34.4328 0.0000e+00
      18137 309.383781  -62.30808  -58.54618     -0.856    1447.29    125.000    123.762    -0.8623    -0.8616     0.0007    -0.8658    -0.8651     0.0007   2.781583   2.782080   0.000494    34.2658    34.2718     7.2120     6.8939    -0.3181    27.5532    27.5579    34.2657    27.5531    1446.18    1446.19    -0.8657  1028.1573    34.4322 0.0000e+00
      18171 309.383797  -62.30808  -58.54618     -0.739    1447.29    124.000    122.772    -0.8624    -0.8622     0.0002    -0.8659    -0.8657     0.0002   2.781521   2.781953   0.000436    34.2656    34.2714     7.2045     6.8957    -0.3087    27.5530    27.5576    34.2656    27.5530    1446.16    1446.17    -0.8658  1028.1525    34.4321 0.0000e+00
      18207 309.383815  -62.30808  -58.54618     -0.672    1447.29    123.000    121.782    -0.8632    -0.8632    -0.0000    -0.8666    -0.8666    -0.0000   2.781370   2.781798   0.000424    34.2653    34.2710     7.2053     6.8900    -0.3153    27.5527    27.5574    34.2651    27.5526    1446.14    1446.15    -0.8666  1028.1473    34.4316 0.0000e+00
      18243 309.383832  -62.30808  -58.54618     -0.657    1447.29    122.000    120.793    -0.8646    -0.8644     0.0002    -0.8681    -0.8678     0.0002   2.781178   2.781626   0.000449    34.2650    34.2708     7.2069     6.8899    -0.3170    27.5526    27.5573    34.2648    27.5524    1446.12    1446.13    -0.8679  1028.1423    34.4313 0.0000e+00
      18276 309.383848  -62.30808  -58.54618     -0.709    1447.29    121.000    119.802    -0.8664    -0.8659     0.0004    -0.8698    -0.8693     0.0004   2.780964   2.781442   0.000472    34.2648    34.2707     7.2005     6.8930    -0.3076    27.5525    27.5572    34.2645    27.5522    1446.09    1446.10    -0.8697  1028.1373    34.4309 0.0000e+00
      18305 309.383862  -62.30808  -58.54618     -0.807    1447.29    120.000    118.813    -0.8687    -0.8678     0.0009    -0.8721    -0.8712     0.0009   2.780724   2.781202   0.000498    34.2646    34.2703     7.2112     6.8892    -0.3220    27.5524    27.5570    34.2645    27.5523    1446.06    1446.08    -0.8720  1028.1327    34.4309 0.0000e+00
      18330 309.383874  -62.30808  -58.54618     -0.891    1447.29    119.000    117.822    -0.8645    -0.8666    -0.0021    -0.8679    -0.8700    -0.0021   2.781017   2.781272   0.000248    34.2643    34.2702     7.2168     6.8901    -0.3267    27.5520    27.5568    34.2643    27.5520    1446.07    1446.07    -0.8677  1028.1275    34.4307 0.0000e+00
      18354 309.383886  -62.30808  -58.54617     -0.973    1447.29    118.000    116.833    -0.8642    -0.8650    -0.0008    -0.8675    -0.8683    -0.0008   2.781010   2.781340   0.000345    34.2642    34.2699     7.2073     6.8975    -0.3098    27.5519    27.5566    34.2644    27.5521    1446.05    1446.06    -0.8674  1028.1228    34.4309 0.0000e+00
      18378 309.383897  -62.30808  -58.54616     -1.009    1447.29    117.000    115.843    -0.8608    -0.8633    -0.0026    -0.8641    -0.8666    -0.0026   2.781230   2.781440   0.000213    34.2639    34.2697     7.2031     6.8904    -0.3127    27.5515    27.5563    34.2642    27.5518    1446.05    1446.05    -0.8640  1028.1177    34.4306 0.0000e+00
      18405 309.383910  -62.30808  -58.54616     -0.960    1447.29    116.000    114.853    -0.8578    -0.8599    -0.0020    -0.8611    -0.8631    -0.0020   2.781442   2.781679   0.000246    34.2639    34.2696     7.2046     6.8975    -0.3071    27.5514    27.5561    34.2643    27.5517    1446.05    1446.05    -0.8610  1028.1129    34.4307 0.0000e+00
      18436 309.383925  -62.30808  -58.54616     -0.805    1447.29    115.000    113.864    -0.8549    -0.8563    -0.0014    -0.8581    -0.8595    -0.0014   2.781610   2.781918   0.000302    34.2636    34.2693     7.1983     6.8892    -0.3091    27.5511    27.5558    34.2639    27.5513    1446.05    1446.05    -0.8580  1028.1076    34.4303 0.0000e+00
      18468 309.383940  -62.30808  -58.54616     -0.746    1447.29    114.000    112.873    -0.8534    -0.8546    -0.0012    -0.8566    -0.8578    -0.0012   2.781690   2.782014   0.000326    34.2636    34.2693     7.1864     6.8840    -0.3023    27.5510    27.5557    34.2640    27.5513    1446.04    1446.04    -0.8565  1028.1028    34.4303 0.0000e+00
      18499 309.383955  -62.30808  -58.54616     -0.758    1447.29    113.000    111.884    -0.8513    -0.8524    -0.0011    -0.8544    -0.8556    -0.0011   2.781792   2.782130   0.000336    34.2632    34.2691     7.1872     6.8849    -0.3022    27.5506    27.5554    34.2635    27.5508    1446.03    1446.03    -0.8544  1028.0975    34.4299 0.0000e+00
      18528 309.383970  -62.30808  -58.54616     -0.806    1447.29    112.000    110.894    -0.8503    -0.8510    -0.0007    -0.8534    -0.8541    -0.0007   2.781815   2.782185   0.000368    34.2631    34.2689     7.1923     6.8849    -0.3073    27.5504    27.5552    34.2633    27.5507    1446.02    1446.02    -0.8534  1028.0926    34.4297 0.0000e+00
      18557 309.383983  -62.30808  -58.54616     -0.841    1447.29    111.000    109.904    -0.8498    -0.8504    -0.0006    -0.8529    -0.8535    -0.0006   2.781790   2.782170   0.000378    34.2628    34.2686     7.1885     6.8795    -0.3090    27.5502    27.5549    34.2630    27.5504    1446.01    1446.01    -0.8528  1028.0875    34.4293 0.0000e+00
      18585 309.383997  -62.30808  -58.54616     -0.851    1447.29    110.000    108.914    -0.8497    -0.8498    -0.0002    -0.8527    -0.8529    -0.0002   2.781745   2.782149   0.000403    34.2627    34.2684     7.1888     6.8749    -0.3139    27.5501    27.5547    34.2629    27.5503    1445.99    1446.00    -0.8527  1028.0826    34.4292 0.0000e+00
      18613 309.384010  -62.30808  -58.54616     -0.852    1447.29    109.000    107.924    -0.8497    -0.8498    -0.0002    -0.8527    -0.8529    -0.0002   2.781695   2.782106   0.000410    34.2627    34.2685     7.1970     6.8733    -0.3237    27.5501    27.5548    34.2629    27.5502    1445.97    1445.98    -0.8527  1028.0778    34.4292 0.0000e+00
      18642 309.384024  -62.30808  -58.54616     -0.844    1447.29    108.000    106.934    -0.8494    -0.8498    -0.0003    -0.8525    -0.8528    -0.0003   2.781647   2.782054   0.000407    34.2625    34.2683     7.1908     6.8685    -0.3223    27.5499    27.5547    34.2626    27.5500    1445.96    1445.96    -0.8524  1028.0727    34.4289 0.0000e+00
      18670 309.384038  -62.30808  -58.54616     -0.845    1447.29    107.000    105.945    -0.8494    -0.8497    -0.0003    -0.8524    -0.8527    -0.0003   2.781601   2.782009   0.000408    34.2624    34.2683     7.1779     6.8711    -0.3068    27.5498    27.5546    34.2625    27.5499    1445.94    1445.95    -0.8523  1028.0679    34.4288 0.0000e+00
      18697 309.384051  -62.30808  -58.54616     -0.863    1447.29    106.000    104.955    -0.8493    -0.8495    -0.0002    -0.8523    -0.8525    -0.0002   2.781557   2.781964   0.000404    34.2623    34.2681     7.1804     6.8728    -0.3076    27.5498    27.5545    34.2624    27.5499    1445.92    1445.93    -0.8522  1028.0630    34.4287 0.0000e+00
      18726 309.384065  -62.30808  -58.54616     -0.861    1447.29    105.000    103.965    -0.8492    -0.8493    -0.0002    -0.8521    -0.8523    -0.0002   2.781499   2.781912   0.000415    34.2620    34.2679     7.1897     6.8709    -0.3188    27.5495    27.5543    34.2622    27.5496    1445.91    1445.92    -0.8521  1028.0580    34.4284 0.0000e+00
      18756 309.384079  -62.30808  -58.54616     -0.806    1447.29    104.000    102.975    -0.8493    -0.8494    -0.0001    -0.8522    -0.8523    -0.0001   2.781437   2.781851   0.000411    34.2620    34.2678     7.1849     6.8783    -0.3066    27.5495    27.5542    34.2620    27.5496    1445.89    1445.90    -0.8521  1028.0531    34.4283 0.0000e+00
      18789 309.384095  -62.30808  -58.54616     -0.737    1447.29    103.000    101.985    -0.8503    -0.8500     0.0003    -0.8532    -0.8529     0.0003   2.781254   2.781714   0.000457    34.2615    34.2673     7.1875     6.8838    -0.3037    27.5491    27.5538    34.2614    27.5490    1445.87    1445.88    -0.8531  1028.0478    34.4276 0.0000e+00
      18820 309.384110  -62.30808  -58.54616     -0.751    1447.29    102.000    100.995    -0.8510    -0.8506     0.0005    -0.8539    -0.8534     0.0005   2.781135   2.781602   0.000464    34.2612    34.2670     7.1845     6.8756    -0.3088    27.5490    27.5536    34.2612    27.5489    1445.85    1445.86    -0.8538  1028.0429    34.4274 0.0000e+00
      18847 309.384123  -62.30808  -58.54616     -0.846    1447.29    101.000    100.005    -0.8518    -0.8511     0.0007    -0.8546    -0.8540     0.0007   2.780992   2.781479   0.000487    34.2609    34.2668     7.1925     6.8740    -0.3185    27.5487    27.5534    34.2608    27.5486    1445.83    1445.84    -0.8546  1028.0378    34.4270 0.0000e+00
      18872 309.384135  -62.30808  -58.54616     -0.944    1447.29    100.000     99.015    -0.8528    -0.8523     0.0005    -0.8556    -0.8551     0.0005   2.780835   2.781302   0.000469    34.2605    34.2663     7.1938     6.8802    -0.3136    27.5485    27.5531    34.2604    27.5483    1445.81    1445.82    -0.8555  1028.0328    34.4266 0.0000e+00
      18897 309.384147  -62.30808  -58.54616     -0.972    1447.29     99.000     98.025    -0.8530    -0.8529     0.0001    -0.8557    -0.8556     0.0001   2.780785   2.781196   0.000413    34.2605    34.2660     7.1957     6.8827    -0.3130    27.5485    27.5529    34.2605    27.5484    1445.79    1445.80    -0.8557  1028.0280    34.4266 0.0000e+00
