Pos-Processados/process_op38/Processamento_split/up/uoperantar38_019.cnv
* Sea-Bird SBE 9 Data File:
* FileName = D:\OPERANTAR_XXXVIII\DADOS\OP38_019.hdr
* Software Version Seasave V 7.18c
* Temperature SN = 4808
* Conductivity SN = 3380
* Number of Bytes Per Scan = 34
* Number of Voltage Words = 3
* Number of Scans Averaged by the Deck Unit = 1
* NMEA Latitude = 62 12.52 S
* NMEA Longitude = 058 17.99 W
* NMEA UTC (Time) = Nov 22 2019 11:08:24
** H41
** NAVIO POLAR ALMIRANTE MAXIMIANO
** CRUZEIRO:
** OPERANTAR XXXVIII
** ESTAÇÃO: OP38_019
** LAT 62 12,51'S
** LONG 058 18,00'W
** 09P73767-1155_A
** PROFUNDIDADE: 271
** DATA/HORA: 221109Z/NOV/2019
** OPERADOR: SO-HN CHAVES
# nquan = 33
# nvalues = 241                         
# units = specified
# name 0 = scan: Scan Count
# name 1 = timeJ: Julian Days
# name 2 = latitude: Latitude [deg]
# name 3 = longitude: Longitude [deg]
# name 4 = dz/dtM: Descent Rate [m/s]
# name 5 = avgsvCM: Average Sound Velocity [Chen-Millero, m/s]
# name 6 = prDM: Pressure, Digiquartz [db]
# name 7 = depSM: Depth [salt water, m]
# name 8 = t090C: Temperature [ITS-90, deg C]
# name 9 = t190C: Temperature, 2 [ITS-90, deg C]
# name 10 = T2-T190C: Temperature Difference, 2 - 1 [ITS-90, deg C]
# name 11 = potemp090C: Potential Temperature [ITS-90, deg C]
# name 12 = potemp190C: Potential Temperature, 2 [ITS-90, deg C]
# name 13 = potemp90Cdiff: Potential Temperature, Diff, 2 - 1 [ITS-90, deg C]
# name 14 = c0S/m: Conductivity [S/m]
# name 15 = c1S/m: Conductivity, 2 [S/m]
# name 16 = C2-C1S/m: Conductivity Difference, 2 - 1 [S/m]
# name 17 = sal00: Salinity, Practical [PSU]
# name 18 = sal11: Salinity, Practical, 2 [PSU]
# name 19 = sbeox0ML/L: Oxygen, SBE 43 [ml/l]
# name 20 = sigma-é00: Density [sigma-theta, kg/m^3]
# name 21 = sigma-é11: Density, 2 [sigma-theta, kg/m^3]
# name 22 = sbox0Mm/Kg: Oxygen, SBE 43 [umol/kg]
# name 23 = oxsolMm/Kg: Oxygen Saturation, Garcia & Gordon [umol/kg]
# name 24 = oxsatMm/Kg: Oxygen Saturation, Weiss [umol/kg]
# name 25 = sal00: Salinity, Practical [PSU]
# name 26 = sigma-é00: Density [sigma-theta, kg/m^3]
# name 27 = svCM: Sound Velocity [Chen-Millero, m/s]
# name 28 = svCM1: Sound Velocity, 2 [Chen-Millero, m/s]
# name 29 = gsw_ptA0: potential temperature [ITS-90, deg C]
# name 30 = gsw_densityA0: density, TEOS-10 [density, kg/m^3]
# name 31 = gsw_saA0: Absolute Salinity [g/kg]
# name 32 = flag:
# span 0 =      12508,      26705       
# span 1 = 326.470198, 326.477045       
# span 2 =  -62.20879,  -62.20864       
# span 3 =  -58.30025,  -58.29996       
# span 4 =     -0.903,     -0.109       
# span 5 =    1447.69,    1447.69       
# span 6 =      2.000,    242.000       
# span 7 =      1.987,    239.537       
# span 8 =    -0.6388,    -0.2172       
# span 9 =    -0.6385,    -0.2144       
# span 10 =    -0.0118,     0.0028      
# span 11 =    -0.6452,    -0.2173      
# span 12 =    -0.6449,    -0.2145      
# span 13 =    -0.0118,     0.0028      
# span 14 =   2.802622,   2.820561      
# span 15 =   2.803053,   2.821176      
# span 16 =  -0.000415,   0.000603      
# span 17 =    34.1379,    34.2957      
# span 18 =    34.1428,    34.3007      
# span 19 =     6.9515,     7.7122      
# span 20 =    27.4211,    27.5681      
# span 21 =    27.4250,    27.5722      
# span 22 =    302.123,    335.234      
# span 23 =  352.29214,  355.83337      
# span 24 =  353.80925,  357.44536      
# span 25 =    34.1381,    34.2957      
# span 26 =    27.4212,    27.5681      
# span 27 =    1446.86,    1449.19      
# span 28 =    1446.85,    1449.20      
# span 29 =    -0.6450,    -0.2173      
# span 30 =  1027.4352,  1028.7297      
# span 31 =    34.3028,    34.4634      
# span 32 = 0.0000e+00, 0.0000e+00      
# interval = decibars: 1                
# start_time = Nov 22 2019 11:08:24 [NMEA time, header]
# bad_flag = -9.990e-29
*END*
[from data line 220]
      21573 326.474570  -62.20866  -58.30014     -0.378    1447.69     22.000     21.788    -0.2941    -0.2941    -0.0001    -0.2948    -0.2948    -0.0001   2.815837   2.816245   0.000406    34.1488    34.1543     7.6822    27.4336    27.4381    333.925  352.97198  354.50550    34.1489    27.4337    1447.00    1447.01    -0.2948  1027.5432    34.3136 0.0000e+00
      21631 326.474598  -62.20868  -58.30014     -0.432    1447.69     21.000     20.797    -0.2940    -0.2936     0.0004    -0.2947    -0.2943     0.0004   2.815755   2.816217   0.000458    34.1484    34.1541     7.6697    27.4333    27.4378    333.382  352.97275  354.50624    34.1484    27.4332    1446.98    1446.99    -0.2947  1027.5379    34.3130 0.0000e+00
      21683 326.474623  -62.20868  -58.30014     -0.461    1447.69     20.000     19.807    -0.2952    -0.2943     0.0009    -0.2959    -0.2949     0.0009   2.815602   2.816105   0.000504    34.1484    34.1540     7.6663    27.4333    27.4378    333.238  352.98432  354.51806    34.1483    27.4333    1446.96    1446.97    -0.2958  1027.5332    34.3130 0.0000e+00
      21743 326.474652  -62.20868  -58.30014     -0.391    1447.69     19.000     18.817    -0.2956    -0.2953     0.0002    -0.2962    -0.2959     0.0002   2.815497   2.815925   0.000429    34.1479    34.1534     7.6775    27.4330    27.4374    333.723  352.98824  354.52202    34.1479    27.4330    1446.94    1446.95    -0.2962  1027.5281    34.3125 0.0000e+00
      21801 326.474680  -62.20868  -58.30014     -0.413    1447.69     18.000     17.828    -0.2949    -0.2947     0.0002    -0.2955    -0.2953     0.0002   2.815473   2.815897   0.000425    34.1474    34.1529     7.6746    27.4325    27.4369    333.595  352.98373  354.51735    34.1475    27.4326    1446.93    1446.94    -0.2955  1027.5229    34.3121 0.0000e+00
      21867 326.474712  -62.20868  -58.30014     -0.356    1447.69     17.000     16.835    -0.2942    -0.2941     0.0002    -0.2948    -0.2946     0.0002   2.815453   2.815879   0.000425    34.1470    34.1525     7.6742    27.4322    27.4366    333.578  352.97839  354.51185    34.1470    27.4322    1446.91    1446.92    -0.2947  1027.5178    34.3117 0.0000e+00
      21921 326.474738  -62.20868  -58.30014     -0.453    1447.69     16.000     15.847    -0.2946    -0.2943     0.0004    -0.2951    -0.2948     0.0004   2.815373   2.815808   0.000436    34.1471    34.1525     7.6837    27.4322    27.4366    333.992  352.98218  354.51572    34.1470    27.4322    1446.90    1446.91    -0.2951  1027.5130    34.3117 0.0000e+00
      21977 326.474765  -62.20868  -58.30014     -0.426    1447.69     15.000     14.856    -0.2947    -0.2945     0.0002    -0.2952    -0.2950     0.0002   2.815337   2.815752   0.000414    34.1472    34.1525     7.6834    27.4324    27.4366    333.980  352.98214  354.51570    34.1472    27.4323    1446.88    1446.89    -0.2952  1027.5084    34.3119 0.0000e+00
      22044 326.474797  -62.20868  -58.30014     -0.350    1447.69     14.000     13.865    -0.2959    -0.2957     0.0002    -0.2963    -0.2961     0.0002   2.815117   2.815567   0.000446    34.1464    34.1521     7.6803    27.4317    27.4364    333.843  352.99564  354.52941    34.1463    27.4316    1446.86    1446.87    -0.2963  1027.5030    34.3110 0.0000e+00
      22097 326.474822  -62.20868  -58.30014     -0.462    1447.69     13.000     12.875    -0.2923    -0.2951    -0.0028    -0.2928    -0.2955    -0.0028   2.815259   2.815529   0.000288    34.1446    34.1515     7.6788    27.4301    27.4358    333.781  352.96795  354.50089    34.1448    27.4303    1446.86    1446.85    -0.2927  1027.4968    34.3095 0.0000e+00
      22168 326.474857  -62.20868  -58.30014     -0.315    1447.69     12.000     11.887    -0.2829    -0.2903    -0.0074    -0.2833    -0.2907    -0.0074   2.815904   2.815823  -0.000056    34.1429    34.1504     7.6866    27.4283    27.4347    334.118  352.88546  354.41636    34.1435    27.4287    1446.88    1446.86    -0.2833  1027.4905    34.3082 0.0000e+00
      22295 326.474918  -62.20869  -58.30014     -0.181    1447.69     11.000     10.894    -0.2739    -0.2857    -0.0118    -0.2743    -0.2861    -0.0118   2.816558   2.816132  -0.000415    34.1423    34.1499     7.6896    27.4274    27.4341    334.252  352.80396  354.33298    34.1427    27.4277    1446.91    1446.86    -0.2743  1027.4847    34.3075 0.0000e+00
      22493 326.475014  -62.20870  -58.30014     -0.159    1447.69     10.000      9.904    -0.2644    -0.2670    -0.0026    -0.2647    -0.2674    -0.0026   2.817220   2.817453   0.000225    34.1411    34.1470     7.6911    27.4259    27.4309    334.315  352.71924  354.24622    34.1415    27.4263    1446.93    1446.93    -0.2647  1027.4785    34.3063 0.0000e+00
      22636 326.475082  -62.20870  -58.30014     -0.157    1447.69      9.000      8.913    -0.2559    -0.2619    -0.0060    -0.2562    -0.2622    -0.0060   2.817850   2.817812  -0.000055    34.1405    34.1465     7.6917    27.4251    27.4302    334.342  352.64203  354.16723    34.1410    27.4254    1446.95    1446.94    -0.2562  1027.4729    34.3057 0.0000e+00
      22761 326.475143  -62.20870  -58.30014     -0.268    1447.69      8.000      7.922    -0.2449    -0.2450    -0.0001    -0.2452    -0.2453    -0.0001   2.818673   2.819074   0.000391    34.1395    34.1449     7.6942    27.4238    27.4281    334.451  352.54322  354.06611    34.1402    27.4243    1446.99    1446.99    -0.2452  1027.4670    34.3050 0.0000e+00
      22859 326.475190  -62.20870  -58.30015     -0.216    1447.69      7.000      6.933    -0.2410    -0.2434    -0.0025    -0.2412    -0.2436    -0.0025   2.818906   2.819108   0.000201    34.1391    34.1446     7.7025    27.4232    27.4278    334.811  352.50774  354.02978    34.1395    27.4235    1446.99    1446.99    -0.2412  1027.4612    34.3040 0.0000e+00
      22968 326.475242  -62.20870  -58.30015     -0.222    1447.69      6.000      5.942    -0.2399    -0.2395     0.0004    -0.2400    -0.2397     0.0004   2.818930   2.819374   0.000434    34.1391    34.1444     7.6971    27.4231    27.4275    334.578  352.49779  354.01960    34.1392    27.4233    1446.98    1446.99    -0.2401  1027.4561    34.3036 0.0000e+00
      23095 326.475304  -62.20871  -58.30015     -0.183    1447.69      5.000      4.952    -0.2379    -0.2373     0.0006    -0.2381    -0.2375     0.0006   2.819061   2.819508   0.000444    34.1391    34.1444     7.6969    27.4231    27.4273    334.569  352.47952  354.00094    34.1394    27.4233    1446.97    1446.98    -0.2381  1027.4516    34.3041 0.0000e+00
      23219 326.475364  -62.20872  -58.30015     -0.192    1447.69      4.000      3.964    -0.2357    -0.2341     0.0016    -0.2358    -0.2343     0.0016   2.819195   2.819712   0.000519    34.1391    34.1443     7.7045    27.4230    27.4271    334.898  352.45936  353.98033    34.1393    27.4231    1446.96    1446.98    -0.2358  1027.4467    34.3041 0.0000e+00
      25517 326.476472  -62.20876  -58.30022     -0.167    1447.69      3.000      2.969    -0.2225    -0.2223     0.0001    -0.2226    -0.2224     0.0001   2.820196   2.820631   0.000428    34.1383    34.1439     7.7033    27.4217    27.4261    334.847  352.33948  353.85769    34.1385    27.4218    1447.01    1447.02    -0.2226  1027.4406    34.3032 0.0000e+00
      26705 326.477045  -62.20879  -58.30025     -0.109    1447.69      2.000      1.987    -0.2172    -0.2144     0.0028    -0.2173    -0.2145     0.0028   2.820561   2.821176   0.000603    34.1379    34.1428     7.7122    27.4211    27.4250    335.234  352.29214  353.80925    34.1381    27.4212    1447.02    1447.04    -0.2173  1027.4352    34.3028 0.0000e+00
