Pos-Processados/process_op38/Processamento_split/up/uoperantar38_002.cnv
* Sea-Bird SBE 9 Data File:
* FileName = D:\OPERANTAR_XXXVIII\DADOS\OP38_002.hdr
* Software Version Seasave V 7.12
* Temperature SN = 4808
* Conductivity SN = 3380
* Number of Bytes Per Scan = 31
* Number of Voltage Words = 2
* Number of Scans Averaged by the Deck Unit = 1
* NMEA Latitude = 38 26.99 S
* NMEA Longitude = 052 53.48 W
* NMEA UTC (Time) = Jan 16 2019 21:21:57
** H41
** NAVIO POLAR ALMIRANTE MAXIMIANO
** CRUZEIRO:
** OPERANTAR XXXVIII
** ESTAวรO: 002
** LAT 38บ 26,99'S
** LONG 052บ 53,46'W
** 09P73767-1155
** PROFUNDIDADE: 4158 m
** DATA/HORA: 162121Z/OUT/2019
** OPERADOR: SO-HN CHAVES
# nquan = 30
# nvalues = 1043                        
# units = specified
# name 0 = scan: Scan Count
# name 1 = timeJ: Julian Days
# name 2 = latitude: Latitude [deg]
# name 3 = longitude: Longitude [deg]
# name 4 = dz/dtM: Descent Rate [m/s]
# name 5 = avgsvCM: Average Sound Velocity [Chen-Millero, m/s]
# name 6 = prDM: Pressure, Digiquartz [db]
# name 7 = depSM: Depth [salt water, m]
# name 8 = t090C: Temperature [ITS-90, deg C]
# name 9 = t190C: Temperature, 2 [ITS-90, deg C]
# name 10 = T2-T190C: Temperature Difference, 2 - 1 [ITS-90, deg C]
# name 11 = potemp090C: Potential Temperature [ITS-90, deg C]
# name 12 = potemp190C: Potential Temperature, 2 [ITS-90, deg C]
# name 13 = potemp90Cdiff: Potential Temperature, Diff, 2 - 1 [ITS-90, deg C]
# name 14 = c0S/m: Conductivity [S/m]
# name 15 = c1S/m: Conductivity, 2 [S/m]
# name 16 = C2-C1S/m: Conductivity Difference, 2 - 1 [S/m]
# name 17 = sal00: Salinity, Practical [PSU]
# name 18 = sal11: Salinity, Practical, 2 [PSU]
# name 19 = sbeox0ML/L: Oxygen, SBE 43 [ml/l]
# name 20 = sigma-้00: Density [sigma-theta, kg/m^3]
# name 21 = sigma-้11: Density, 2 [sigma-theta, kg/m^3]
# name 22 = sal00: Salinity, Practical [PSU]
# name 23 = sigma-้00: Density [sigma-theta, kg/m^3]
# name 24 = svCM: Sound Velocity [Chen-Millero, m/s]
# name 25 = svCM1: Sound Velocity, 2 [Chen-Millero, m/s]
# name 26 = gsw_ptA0: potential temperature [ITS-90, deg C]
# name 27 = gsw_densityA0: density, TEOS-10 [density, kg/m^3]
# name 28 = gsw_saA0: Absolute Salinity [g/kg]
# name 29 = flag:
# span 0 =      35361,      70676       
# span 1 =  16.907295,  16.924326       
# span 2 =  -38.44988,  -38.44984       
# span 3 =  -52.89134,  -52.89132       
# span 4 =     -2.182,     -0.101       
# span 5 =    1497.38,    1497.38       
# span 6 =      3.000,   1045.000       
# span 7 =      2.979,   1034.537       
# span 8 =     4.1782,    15.9559       
# span 9 =     4.1792,    15.9553       
# span 10 =    -0.0794,     0.1105      
# span 11 =     4.0978,    15.9343      
# span 12 =     4.0988,    15.9338      
# span 13 =    -0.0792,     0.1101      
# span 14 =   3.253527,   4.490211      
# span 15 =   3.254036,   4.490815      
# span 16 =  -0.008696,   0.012697      
# span 17 =    34.1924,    35.8772      
# span 18 =    34.1972,    35.8833      
# span 19 =     4.6399,     5.8049      
# span 20 =    26.2302,    27.1741      
# span 21 =    26.2371,    27.1777      
# span 22 =    34.1922,    35.8782      
# span 23 =    26.2305,    27.1744      
# span 24 =    1482.73,    1513.44      
# span 25 =    1482.74,    1513.44      
# span 26 =     4.0976,    15.9343      
# span 27 =  1026.2508,  1031.9807      
# span 28 =    34.3557,    36.0477      
# span 29 = 0.0000e+00, 0.0000e+00      
# interval = decibars: 1                
# start_time = Jan 16 2019 21:21:57 [NMEA time, header]
# bad_flag = -9.990e-29
*END*
[from data line 291]
      43748  16.911340  -38.44986  -52.89134     -0.973    1497.38    754.000    746.969     5.3974     5.3924    -0.0050     5.3340     5.3290    -0.0050   3.346630   3.346486  -0.000130    34.2186    34.2222     5.6856    27.0168    27.0202    34.2155    27.0143    1483.74    1483.72     5.3338  1030.4711    34.3784 0.0000e+00
      43764  16.911348  -38.44986  -52.89134     -1.266    1497.38    753.000    745.980     5.3790     5.3746    -0.0044     5.3158     5.3115    -0.0044   3.344569   3.344562  -0.000026    34.2132    34.2173     5.7136    27.0146    27.0184    34.2112    27.0131    1483.64    1483.63     5.3156  1030.4657    34.3741 0.0000e+00
      43779  16.911355  -38.44986  -52.89134     -1.463    1497.38    752.000    744.992     5.3734     5.3715    -0.0020     5.3104     5.3084    -0.0020   3.343951   3.344210   0.000246    34.2119    34.2167     5.7418    27.0143    27.0183    34.2103    27.0130    1483.60    1483.60     5.3102  1030.4612    34.3732 0.0000e+00
      43795  16.911363  -38.44986  -52.89134     -1.541    1497.38    751.000    744.003     5.3707     5.3699    -0.0008     5.3077     5.3069    -0.0008   3.343682   3.343986   0.000341    34.2115    34.2162     5.7535    27.0143    27.0181    34.2106    27.0135    1483.57    1483.57     5.3075  1030.4572    34.3734 0.0000e+00
      43815  16.911372  -38.44986  -52.89134     -1.424    1497.38    750.000    743.014     5.3693     5.3676    -0.0017     5.3064     5.3047    -0.0017   3.343452   3.343700   0.000242    34.2110    34.2155     5.7566    27.0140    27.0178    34.2098    27.0130    1483.55    1483.55     5.3062  1030.4523    34.3727 0.0000e+00
      43842  16.911386  -38.44986  -52.89134     -1.041    1497.38    749.000    742.024     5.3677     5.3673    -0.0004     5.3049     5.3045    -0.0004   3.343233   3.343663   0.000414    34.2104    34.2155     5.7814    27.0137    27.0178    34.2095    27.0130    1483.53    1483.53     5.3047  1030.4476    34.3723 0.0000e+00
      43875  16.911401  -38.44986  -52.89134     -0.722    1497.38    748.000    741.036     5.3650     5.3665     0.0015     5.3023     5.3038     0.0015   3.342850   3.343499   0.000650    34.2092    34.2150     5.8014    27.0131    27.0175    34.2083    27.0124    1483.50    1483.51     5.3021  1030.4426    34.3712 0.0000e+00
      43901  16.911414  -38.44986  -52.89134     -0.830    1497.38    747.000    740.047     5.3644     5.3643    -0.0001     5.3018     5.3017    -0.0001   3.342781   3.343202   0.000433    34.2094    34.2144     5.8049    27.0132    27.0172    34.2086    27.0127    1483.48    1483.49     5.3016  1030.4383    34.3715 0.0000e+00
      43924  16.911425  -38.44986  -52.89134     -1.005    1497.38    746.000    739.058     5.3635     5.3644     0.0008     5.3010     5.3018     0.0008   3.342632   3.343169   0.000535    34.2088    34.2141     5.8041    27.0129    27.0170    34.2083    27.0125    1483.46    1483.47     5.3008  1030.4336    34.3712 0.0000e+00
      43946  16.911436  -38.44986  -52.89134     -1.069    1497.38    745.000    738.069     5.3644     5.3651     0.0007     5.3020     5.3027     0.0007   3.342679   3.343209   0.000531    34.2088    34.2142     5.8008    27.0128    27.0170    34.2084    27.0124    1483.45    1483.45     5.3018  1030.4290    34.3712 0.0000e+00
      43971  16.911448  -38.44986  -52.89134     -1.009    1497.38    744.000    737.080     5.3647     5.3658     0.0011     5.3024     5.3035     0.0010   3.342654   3.343214   0.000556    34.2087    34.2140     5.7990    27.0127    27.0167    34.2083    27.0123    1483.43    1483.44     5.3022  1030.4243    34.3711 0.0000e+00
      43999  16.911461  -38.44986  -52.89134     -0.897    1497.38    743.000    736.091     5.3662     5.3665     0.0003     5.3040     5.3042     0.0003   3.342759   3.343230   0.000468    34.2088    34.2138     5.7982    27.0125    27.0165    34.2085    27.0123    1483.42    1483.43     5.3038  1030.4197    34.3713 0.0000e+00
      44025  16.911474  -38.44986  -52.89134     -0.875    1497.38    742.000    735.102     5.3699     5.3896     0.0197     5.3077     5.3273     0.0196   3.343340   3.345947   0.002387    34.2097    34.2169     5.7986    27.0128    27.0162    34.2119    27.0145    1483.42    1483.51     5.3075  1030.4173    34.3747 0.0000e+00
      44048  16.911485  -38.44986  -52.89134     -0.971    1497.38    741.000    734.113     5.4080     5.4350     0.0270     5.3457     5.3726     0.0269   3.347237   3.350119   0.002920    34.2136    34.2194     5.7911    27.0114    27.0128    34.2181    27.0150    1483.57    1483.68     5.3455  1030.4124    34.3809 0.0000e+00
      44068  16.911495  -38.44986  -52.89134     -1.103    1497.38    740.000    733.124     5.4427     5.4536     0.0109     5.3803     5.3911     0.0108   3.350348   3.351758   0.001494    34.2152    34.2211     5.7939    27.0086    27.0120    34.2188    27.0114    1483.69    1483.74     5.3801  1030.4037    34.3817 0.0000e+00
      44087  16.911504  -38.44986  -52.89134     -1.217    1497.38    739.000    732.135     5.4534     5.4570     0.0036     5.3910     5.3946     0.0036   3.351149   3.351999   0.000840    34.2152    34.2211     5.8012    27.0073    27.0115    34.2176    27.0092    1483.72    1483.74     5.3908  1030.3967    34.3804 0.0000e+00
      44105  16.911512  -38.44986  -52.89134     -1.293    1497.38    738.000    731.146     5.4569     5.4604     0.0035     5.3946     5.3981     0.0034   3.351509   3.352223   0.000778    34.2161    34.2214     5.7997    27.0076    27.0113    34.2185    27.0095    1483.72    1483.74     5.3944  1030.3925    34.3814 0.0000e+00
      44122  16.911521  -38.44986  -52.89134     -1.355    1497.38    737.000    730.157     5.4604     5.4607     0.0002     5.3982     5.3984     0.0002   3.351715   3.352204   0.000502    34.2159    34.2213     5.7860    27.0070    27.0113    34.2178    27.0085    1483.71    1483.72     5.3980  1030.3868    34.3807 0.0000e+00
      44138  16.911528  -38.44986  -52.89134     -1.413    1497.38    736.000    729.169     5.4616     5.4620     0.0004     5.3995     5.3998     0.0003   3.351781   3.352258   0.000491    34.2161    34.2213     5.7706    27.0070    27.0110    34.2178    27.0084    1483.70    1483.71     5.3993  1030.3821    34.3807 0.0000e+00
      44154  16.911536  -38.44986  -52.89134     -1.461    1497.38    735.000    728.179     5.4625     5.4625     0.0001     5.4004     5.4005     0.0001   3.351803   3.352280   0.000488    34.2161    34.2216     5.7592    27.0069    27.0112    34.2177    27.0081    1483.69    1483.70     5.4002  1030.3774    34.3806 0.0000e+00
      44171  16.911544  -38.44986  -52.89134     -1.492    1497.38    734.000    727.190     5.4636     5.4643     0.0008     5.4016     5.4023     0.0008   3.351882   3.352448   0.000553    34.2163    34.2217     5.7543    27.0069    27.0111    34.2180    27.0083    1483.68    1483.69     5.4014  1030.3729    34.3809 0.0000e+00
      44189  16.911553  -38.44986  -52.89134     -1.424    1497.38    733.000    726.201     5.4694     5.4723     0.0029     5.4075     5.4103     0.0028   3.352381   3.353148   0.000753    34.2165    34.2221     5.7552    27.0063    27.0105    34.2182    27.0077    1483.68    1483.70     5.4073  1030.3677    34.3811 0.0000e+00
      44240  16.911577  -38.44986  -52.89134     -0.658    1497.38    732.000    725.214     5.4794     5.4820     0.0026     5.4175     5.4201     0.0026   3.353324   3.353962   0.000700    34.2173    34.2227     5.7558    27.0058    27.0097    34.2193    27.0074    1483.71    1483.72     5.4173  1030.3627    34.3822 0.0000e+00
      44300  16.911606  -38.44986 -9.990e-29     -0.428    1497.38    731.000    724.213     5.4931     5.4938     0.0007     5.4312     5.4319     0.0007   3.354413   3.354952   0.000545    34.2180    34.2235     5.7499    27.0047    27.0089    34.2183    27.0049    1483.75    1483.76     5.4311  1030.3554    34.3812 0.0000e+00
      44316  16.911614  -38.44986 -9.990e-29     -0.954    1497.38    730.000    723.235     5.4929     5.4942     0.0013     5.4311     5.4324     0.0013   3.354673   3.355449   0.000682    34.2192    34.2257     5.7453    27.0057    27.0106    34.2219    27.0078    1483.73    1483.75     5.4309  1030.3538    34.3848 0.0000e+00
      44329  16.911620  -38.44988  -52.89132     -1.340    1497.38    729.000    722.245     5.5003     5.5076     0.0073     5.4386     5.4458     0.0072   3.355319   3.356435   0.001185    34.2197    34.2258     5.7443    27.0051    27.0091    34.2223    27.0072    1483.75    1483.78     5.4384  1030.3484    34.3851 0.0000e+00
      44340  16.911626  -38.44988  -52.89132     -1.657    1497.38    728.000    721.257     5.5074     5.5098     0.0023     5.4457     5.4481     0.0023   3.355895   3.356592   0.000707    34.2200    34.2257     5.7433    27.0046    27.0087    34.2221    27.0062    1483.76    1483.78     5.4455  1030.3428    34.3850 0.0000e+00
      44351  16.911631  -38.44988  -52.89132     -1.916    1497.38    727.000    720.267     5.5117     5.5126     0.0009     5.4500     5.4509     0.0009   3.356248   3.356799   0.000568    34.2205    34.2260     5.7433    27.0044    27.0087    34.2223    27.0059    1483.76    1483.77     5.4499  1030.3378    34.3852 0.0000e+00
      44362  16.911636  -38.44988  -52.89132     -2.090    1497.38    726.000    719.278     5.5159     5.5164     0.0005     5.4543     5.4548     0.0005   3.356721   3.357244   0.000559    34.2209    34.2268     5.7431    27.0042    27.0088    34.2239    27.0066    1483.76    1483.77     5.4541  1030.3339    34.3868 0.0000e+00
      44374  16.911642  -38.44987  -52.89133     -2.161    1497.38    725.000    718.290     5.5295     5.5284    -0.0012     5.4680     5.4668    -0.0012   3.358094   3.358636   0.000429    34.2225    34.2285     5.7422    27.0038    27.0087    34.2262    27.0067    1483.80    1483.81     5.4678  1030.3292    34.3890 0.0000e+00
      44387  16.911648  -38.44986  -52.89134     -2.103    1497.38    724.000    717.300     5.5415     5.5462     0.0047     5.4800     5.4847     0.0047   3.359313   3.360140   0.000930    34.2237    34.2295     5.7419    27.0034    27.0074    34.2283    27.0070    1483.84    1483.86     5.4798  1030.3247    34.3912 0.0000e+00
      44403  16.911656  -38.44986  -52.89134     -1.847    1497.38    723.000    716.311     5.5492     5.5541     0.0049     5.4877     5.4925     0.0048   3.359618   3.360646   0.000934    34.2235    34.2292     5.7452    27.0023    27.0062    34.2245    27.0031    1483.85    1483.88     5.4876  1030.3161    34.3873 0.0000e+00
      44431  16.911669  -38.44986  -52.89134     -1.163    1497.38    722.000    715.322     5.5415     5.5481     0.0066     5.4802     5.4867     0.0065   3.359085   3.359996   0.000986    34.2245    34.2290     5.7429    27.0040    27.0067    34.2267    27.0057    1483.80    1483.84     5.4800  1030.3138    34.3889 0.0000e+00
      44470  16.911689 -9.990e-29  -52.89134     -0.611    1497.38    721.000    714.333     5.5568     5.5483    -0.0085     5.4955     5.4869    -0.0085   3.360224   3.359998  -0.000233    34.2230    34.2290     5.7195    27.0009    27.0067    34.2247    27.0023    1483.85    1483.82     5.4953  1030.3052    34.3864 0.0000e+00
      44511  16.911708  -38.44984  -52.89134     -0.596    1497.38    720.000    713.344     5.5594     5.5591    -0.0003     5.4981     5.4978    -0.0003   3.360276   3.360755   0.000475    34.2217    34.2274     5.7206    26.9996    27.0041    34.2231    27.0007    1483.84    1483.84     5.4980  1030.2991    34.3849 0.0000e+00
      44547  16.911726  -38.44985  -52.89134     -0.637    1497.38    719.000    712.355     5.5606     5.5611     0.0005     5.4994     5.4999     0.0005   3.360246   3.360761   0.000512    34.2210    34.2262     5.7263    26.9989    27.0030    34.2221    26.9997    1483.82    1483.83     5.4992  1030.2944    34.3849 0.0000e+00
      44572  16.911738  -38.44986  -52.89134     -0.817    1497.38    718.000    711.366     5.5596     5.5629     0.0033     5.4985     5.5018     0.0033   3.360148   3.360882   0.000711    34.2215    34.2262     5.7355    26.9994    27.0027    34.2225    27.0001    1483.80    1483.83     5.4983  1030.2903    34.3853 0.0000e+00
      44591  16.911747  -38.44986  -52.89133     -1.063    1497.38    717.000    710.377     5.5636     5.5666     0.0030     5.5026     5.5056     0.0029   3.360443   3.361163   0.000719    34.2209    34.2260     5.7368    26.9984    27.0021    34.2222    26.9994    1483.80    1483.82     5.5024  1030.2850    34.3850 0.0000e+00
      44606  16.911754  -38.44986  -52.89132     -1.315    1497.38    716.000    709.388     5.5675     5.5705     0.0029     5.5065     5.5095     0.0029   3.360728   3.361467   0.000745    34.2206    34.2261     5.7383    26.9977    27.0017    34.2220    26.9988    1483.80    1483.82     5.5064  1030.2797    34.3848 0.0000e+00
      44619  16.911760  -38.44988  -52.89132     -1.538    1497.38    715.000    708.399     5.5719     5.5727     0.0008     5.5110     5.5118     0.0008   3.361103   3.361653   0.000569    34.2207    34.2262     5.7402    26.9972    27.0015    34.2223    26.9985    1483.80    1483.81     5.5108  1030.2748    34.3851 0.0000e+00
      44632  16.911766  -38.44987  -52.89132     -1.722    1497.38    714.000    707.410     5.5771     5.5775     0.0004     5.5162     5.5167     0.0004   3.361548   3.362090   0.000516    34.2209    34.2264     5.7388    26.9968    27.0011    34.2226    26.9981    1483.81    1483.82     5.5161  1030.2698    34.3855 0.0000e+00
      44644  16.911772  -38.44986 -9.990e-29     -1.843    1497.38    713.000    706.421     5.5811     5.5818     0.0007     5.5204     5.5210     0.0006   3.361888   3.362377   0.000524    34.2211    34.2263     5.7398    26.9964    27.0005    34.2228    26.9978    1483.81    1483.82     5.5202  1030.2649    34.3857 0.0000e+00
      44658  16.911779  -38.44986 -9.990e-29     -1.874    1497.38    712.000    705.432     5.5846     5.5850     0.0004     5.5239     5.5243     0.0004   3.362106   3.362599   0.000495    34.2209    34.2261     5.7407    26.9958    26.9999    34.2223    26.9969    1483.81    1483.81     5.5237  1030.2594    34.3851 0.0000e+00
      44674  16.911787  -38.44986 -9.990e-29     -1.755    1497.38    711.000    704.443     5.5861     5.5868     0.0006     5.5255     5.5262     0.0006   3.362147   3.362670   0.000523    34.2206    34.2259     5.7446    26.9954    26.9995    34.2217    26.9963    1483.79    1483.80     5.5253  1030.2542    34.3846 0.0000e+00
      44697  16.911798  -38.44986 -9.990e-29     -1.362    1497.38    710.000    703.454     5.5863     5.5870     0.0007     5.5258     5.5264     0.0007   3.362088   3.362579   0.000497    34.2204    34.2254     5.7448    26.9952    26.9991    34.2214    26.9960    1483.78    1483.79     5.5256  1030.2494    34.3842 0.0000e+00
      44736  16.911817  -38.44984  -52.89134     -0.636    1497.38    709.000    702.463     5.5939     5.5912    -0.0027     5.5335     5.5308    -0.0027   3.362573   3.362838   0.000277    34.2184    34.2242     5.7383    26.9927    26.9976    34.2196    26.9937    1483.79    1483.79     5.5333  1030.2424    34.3824 0.0000e+00
      44770  16.911833  -38.44984  -52.89134     -0.640    1497.38    708.000    701.475     5.5954     5.5941    -0.0013     5.5350     5.5337    -0.0013   3.362604   3.363085   0.000405    34.2184    34.2243     5.7491    26.9925    26.9973    34.2190    26.9930    1483.78    1483.78     5.5348  1030.2371    34.3817 0.0000e+00
