Pos-Processados/process_op38/Processamento_split/up/uoperantar38_001.cnv
* Sea-Bird SBE 9 Data File:
* FileName = D:\OPERANTAR_XXXVIII\DADOS\OP38_002.hdr
* Software Version Seasave V 7.12
* Temperature SN = 4808
* Conductivity SN = 3380
* Number of Bytes Per Scan = 31
* Number of Voltage Words = 2
* Number of Scans Averaged by the Deck Unit = 1
* NMEA Latitude = 38 26.99 S
* NMEA Longitude = 052 53.48 W
* NMEA UTC (Time) = Jan 16 2019 21:21:57
** H41
** NAVIO POLAR ALMIRANTE MAXIMIANO
** CRUZEIRO:
** OPERANTAR XXXVIII
** ESTAวรO: 002
** LAT 38บ 26,99'S
** LONG 052บ 53,46'W
** 09P73767-1155
** PROFUNDIDADE: 4158 m
** DATA/HORA: 162121Z/OUT/2019
** OPERADOR: SO-HN CHAVES
# nquan = 33
# nvalues = 1028                        
# units = specified
# name 0 = scan: Scan Count
# name 1 = timeJ: Julian Days
# name 2 = latitude: Latitude [deg]
# name 3 = longitude: Longitude [deg]
# name 4 = dz/dtM: Descent Rate [m/s]
# name 5 = avgsvCM: Average Sound Velocity [Chen-Millero, m/s]
# name 6 = prDM: Pressure, Digiquartz [db]
# name 7 = depSM: Depth [salt water, m]
# name 8 = t090C: Temperature [ITS-90, deg C]
# name 9 = t190C: Temperature, 2 [ITS-90, deg C]
# name 10 = T2-T190C: Temperature Difference, 2 - 1 [ITS-90, deg C]
# name 11 = potemp090C: Potential Temperature [ITS-90, deg C]
# name 12 = potemp190C: Potential Temperature, 2 [ITS-90, deg C]
# name 13 = potemp90Cdiff: Potential Temperature, Diff, 2 - 1 [ITS-90, deg C]
# name 14 = c0S/m: Conductivity [S/m]
# name 15 = c1S/m: Conductivity, 2 [S/m]
# name 16 = C2-C1S/m: Conductivity Difference, 2 - 1 [S/m]
# name 17 = sal00: Salinity, Practical [PSU]
# name 18 = sal11: Salinity, Practical, 2 [PSU]
# name 19 = sbeox0ML/L: Oxygen, SBE 43 [ml/l]
# name 20 = sigma-้00: Density [sigma-theta, kg/m^3]
# name 21 = sigma-้11: Density, 2 [sigma-theta, kg/m^3]
# name 22 = sbox0Mm/Kg: Oxygen, SBE 43 [umol/kg]
# name 23 = oxsolMm/Kg: Oxygen Saturation, Garcia & Gordon [umol/kg]
# name 24 = oxsatMm/Kg: Oxygen Saturation, Weiss [umol/kg]
# name 25 = sal00: Salinity, Practical [PSU]
# name 26 = sigma-้00: Density [sigma-theta, kg/m^3]
# name 27 = svCM: Sound Velocity [Chen-Millero, m/s]
# name 28 = svCM1: Sound Velocity, 2 [Chen-Millero, m/s]
# name 29 = gsw_ptA0: potential temperature [ITS-90, deg C]
# name 30 = gsw_densityA0: density, TEOS-10 [density, kg/m^3]
# name 31 = gsw_saA0: Absolute Salinity [g/kg]
# name 32 = flag:
# span 0 =      39879,      81475       
# span 1 =  16.909474,  16.929534       
# span 2 =  -38.22398,  -38.22388       
# span 3 =  -52.57272,  -52.57268       
# span 4 =     -1.848,     -0.054       
# span 5 =    1498.22,    1498.22       
# span 6 =      0.000,   1027.000       
# span 7 =      0.018,   1016.779       
# span 8 =     3.9744,    16.6181       
# span 9 =     3.9757,    16.6238       
# span 10 =    -0.1828,     0.1145      
# span 11 =     3.8972,    16.6181      
# span 12 =     3.8985,    16.6238      
# span 13 =    -0.1828,     0.1142      
# span 14 =   3.230199,   4.486320      
# span 15 =   3.230700,   4.486950      
# span 16 =  -0.008889,   0.026082      
# span 17 =    33.4977,    35.8375      
# span 18 =    33.5606,    35.8436      
# span 19 =     4.6933,     5.9565      
# span 20 =    24.4215,    27.1516      
# span 21 =    24.4976,    27.1550      
# span 22 =    204.148,    259.001      
# span 23 =  241.74516,  316.92316      
# span 24 =  241.49513,  317.72529      
# span 25 =    33.4967,    35.8402      
# span 26 =    24.4498,    27.1520      
# span 27 =    1481.79,    1512.81      
# span 28 =    1481.77,    1512.82      
# span 29 =     3.8970,    16.6181      
# span 30 =  1024.4550,  1031.8838      
# span 31 =    33.6548,    36.0094      
# span 32 = 0.0000e+00, 0.0000e+00      
# interval = decibars: 1                
# start_time = Jan 16 2019 21:21:57 [NMEA time, header]
# bad_flag = -9.990e-29
*END*
[from data line 924]
      68885  16.923462  -38.22396 -9.990e-29     -1.069    1498.22    103.000    102.202    15.9720    15.9720     0.0000    15.9557    15.9557     0.0000   4.485911   4.486505   0.000599    35.8366    35.8419     5.1984    26.4016    26.4057    226.191  241.74988  241.49989    35.8373    26.4022    1512.38    1512.39    15.9557  1026.8572    36.0065 0.0000e+00
      68901  16.923470  -38.22396 -9.990e-29     -1.285    1498.22    102.000    101.210    15.9712    15.9708    -0.0005    15.9551    15.9546    -0.0005   4.485701   4.486233   0.000538    35.8358    35.8411     5.2012    26.4011    26.4053    226.308  241.75473  241.50477    35.8365    26.4017    1512.36    1512.37    15.9551  1026.8524    36.0057 0.0000e+00
      68918  16.923479  -38.22396 -9.990e-29     -1.409    1498.22    101.000    100.218    15.9703    15.9698    -0.0004    15.9543    15.9539    -0.0004   4.485416   4.486034   0.000600    35.8348    35.8405     5.1998    26.4005    26.4051    226.250  241.76095  241.51104    35.8352    26.4009    1512.34    1512.35    15.9543  1026.8472    36.0044 0.0000e+00
      68936  16.923487  -38.22396  -52.57270     -1.402    1498.22    100.000     99.226    15.9695    15.9693    -0.0002    15.9536    15.9535    -0.0002   4.485232   4.485873   0.000646    35.8342    35.8402     5.1980    26.4002    26.4049    226.172  241.76570  241.51581    35.8347    26.4007    1512.32    1512.33    15.9536  1026.8426    36.0039 0.0000e+00
      68959  16.923498  -38.22396  -52.57270     -1.225    1498.22     99.000     98.234    15.9687    15.9687    -0.0001    15.9530    15.9530    -0.0001   4.485004   4.485705   0.000671    35.8335    35.8396     5.2035    26.3999    26.4046    226.412  241.77039  241.52054    35.8338    26.4001    1512.30    1512.31    15.9530  1026.8377    36.0030 0.0000e+00
      68991  16.923514  -38.22394  -52.57268     -0.849    1498.22     98.000     97.244    15.9659    15.9672     0.0013    15.9504    15.9517     0.0013   4.484371   4.485360   0.000978    35.8310    35.8385     5.2086    26.3985    26.4040    226.634  241.78760  241.53788    35.8310    26.3986    1512.27    1512.29    15.9504  1026.8318    36.0002 0.0000e+00
      69059  16.923546  -38.22394  -52.57268     -0.342    1498.22     97.000     96.249    15.9618    15.9623     0.0005    15.9464    15.9469     0.0005   4.483628   4.484394   0.000769    35.8284    35.8349     5.2335    26.3974    26.4023    227.717  241.81091  241.56138    35.8285    26.3975    1512.24    1512.25    15.9465  1026.8264    35.9977 0.0000e+00
      69131  16.923581  -38.22396  -52.57268     -0.388    1498.22     96.000     95.258    15.9571    15.9587     0.0016    15.9418    15.9435     0.0016   4.482730   4.483705   0.000972    35.8254    35.8327     5.2330    26.3962    26.4014    227.694  241.83809  241.58879    35.8252    26.3960    1512.21    1512.22    15.9419  1026.8205    35.9943 0.0000e+00
      69155  16.923593  -38.22396  -52.57268     -0.776    1498.22     95.000     94.265    15.9563    15.9541    -0.0021    15.9412    15.9391    -0.0021   4.482573   4.482858   0.000303    35.8254    35.8300     5.2268    26.3963    26.4004    227.424  241.84192  241.59266    35.8249    26.3959    1512.19    1512.19    15.9412  1026.8161    35.9940 0.0000e+00
      69173  16.923602  -38.22396  -52.57270     -1.077    1498.22     94.000     93.274    15.9520    15.9505    -0.0015    15.9371    15.9356    -0.0015   4.481810   4.482258   0.000468    35.8230    35.8285     5.2427    26.3954    26.4000    228.119  241.86603  241.61696    35.8224    26.3949    1512.15    1512.16    15.9371  1026.8107    35.9915 0.0000e+00
      69188  16.923609  -38.22396  -52.57270     -1.328    1498.22     93.000     92.281    15.9489    15.9467    -0.0022    15.9341    15.9320    -0.0022   4.481251   4.481627   0.000377    35.8215    35.8268     5.2513    26.3950    26.3995    228.492  241.88287  241.63396    35.8205    26.3942    1512.13    1512.13    15.9341  1026.8056    35.9897 0.0000e+00
      69202  16.923615  -38.22396  -52.57270     -1.543    1498.22     92.000     91.289    15.9448    15.9433    -0.0015    15.9302    15.9287    -0.0015   4.480619   4.481131   0.000484    35.8199    35.8256     5.2551    26.3946    26.3994    228.655  241.90454  241.65583    35.8190    26.3939    1512.09    1512.10    15.9302  1026.8009    35.9881 0.0000e+00
      69215  16.923622  -38.22396  -52.57270     -1.705    1498.22     91.000     90.297    15.9403    15.9401    -0.0001    15.9258    15.9257    -0.0001   4.479877   4.480585   0.000695    35.8181    35.8244     5.2557    26.3942    26.3991    228.683  241.92886  241.68037    35.8168    26.3933    1512.06    1512.07    15.9258  1026.7959    35.9860 0.0000e+00
      69229  16.923628  -38.22396  -52.57270     -1.776    1498.22     90.000     89.305    15.9365    15.9371     0.0005    15.9223    15.9228     0.0005   4.479335   4.480076   0.000750    35.8167    35.8229     5.2586    26.3940    26.3986    228.809  241.94829  241.69997    35.8158    26.3932    1512.03    1512.04    15.9223  1026.7915    35.9849 0.0000e+00
      69245  16.923636  -38.22396  -52.57270     -1.703    1498.22     89.000     88.323    15.9330    15.9293    -0.0037    15.9189    15.9152    -0.0037   4.478767   4.478757   0.000105    35.8152    35.8196     5.2611    26.3936    26.3978    228.920  241.96729  241.71915    35.8142    26.3928    1512.00    1512.00    15.9189  1026.7868    35.9833 0.0000e+00
      69308  16.923666  -38.22395  -52.57269     -1.042    1498.22     88.000     87.303    15.9218    15.9211    -0.0007    15.9078    15.9072    -0.0007   4.477021   4.477681   0.000603    35.8105    35.8166     5.2754    26.3925    26.3973    229.539  242.02768  241.78009    35.8092    26.3915    1511.95    1511.95    15.9078  1026.7811    35.9782 0.0000e+00
      69422  16.923721  -38.22396  -52.57270     -0.701    1498.22     87.000     86.329    15.9047    15.9045    -0.0002    15.8909    15.8908    -0.0002   4.474508   4.475206   0.000692    35.8036    35.8099     5.2937    26.3910    26.3960    230.338  242.11898  241.87222    35.8025    26.3902    1511.87    1511.88    15.8910  1026.7754    35.9715 0.0000e+00
      69449  16.923735  -38.22396  -52.57270     -0.877    1498.22     86.000     85.337    15.8980    15.8996     0.0016    15.8844    15.8860     0.0016   4.473514   4.474460   0.000948    35.8012    35.8082     5.3012    26.3907    26.3957    230.663  242.15418  241.90774    35.8000    26.3898    1511.83    1511.84    15.8845  1026.7707    35.9691 0.0000e+00
      69474  16.923746  -38.22396  -52.57270     -0.955    1498.22     85.000     84.345    15.8916    15.8926     0.0010    15.8781    15.8791     0.0010   4.472608   4.473459   0.000851    35.7993    35.8060     5.3102    26.3907    26.3957    231.057  242.18748  241.94137    35.7982    26.3898    1511.79    1511.80    15.8781  1026.7663    35.9672 0.0000e+00
      69497  16.923758  -38.22396  -52.57270     -1.005    1498.22     84.000     83.353    15.8879    15.8883     0.0004    15.8746    15.8751     0.0004   4.472089   4.472860   0.000771    35.7981    35.8047     5.3234    26.3906    26.3955    231.630  242.20668  241.96075    35.7972    26.3899    1511.76    1511.77    15.8746  1026.7621    35.9662 0.0000e+00
      69524  16.923771  -38.22395  -52.57270     -0.952    1498.22     83.000     82.366    15.8883    15.8879    -0.0004    15.8752    15.8748    -0.0004   4.472162   4.472785   0.000641    35.7983    35.8044     5.3183    26.3906    26.3954    231.410  242.20442  241.95847    35.7979    26.3903    1511.75    1511.75    15.8752  1026.7581    35.9669 0.0000e+00
      69595  16.923805  -38.22394  -52.57269     -0.471    1498.22     82.000     81.367    15.8908    15.8908     0.0000    15.8778    15.8779     0.0000   4.472428   4.473125   0.000694    35.7988    35.8050     5.3212    26.3904    26.3951    231.534  242.19202  241.94595    35.7984    26.3901    1511.74    1511.75    15.8779  1026.7535    35.9675 0.0000e+00
      69693  16.923852  -38.22394  -52.57270     -0.407    1498.22     81.000     80.376    15.8919    15.8938     0.0019    15.8791    15.8810     0.0019   4.472542   4.473510   0.000947    35.7988    35.8056     5.3123    26.3901    26.3949    231.147  242.18665  241.94052    35.7989    26.3901    1511.73    1511.74    15.8791  1026.7491    35.9679 0.0000e+00
      69719  16.923865  -38.22395  -52.57270     -0.755    1498.22     80.000     79.384    15.8957    15.8970     0.0013    15.8831    15.8844     0.0013   4.472975   4.473806   0.000853    35.7996    35.8061     5.3235    26.3898    26.3945    231.636  242.16750  241.92118    35.7997    26.3898    1511.72    1511.73    15.8831  1026.7445    35.9687 0.0000e+00
      69746  16.923878  -38.22396  -52.57270     -0.881    1498.22     79.000     78.392    15.8980    15.8974    -0.0005    15.8855    15.8849    -0.0005   4.473236   4.473856   0.000624    35.8002    35.8063     5.3084    26.3897    26.3945    230.976  242.15615  241.90971    35.8004    26.3899    1511.71    1511.72    15.8855  1026.7401    35.9695 0.0000e+00
      69772  16.923891  -38.22396  -52.57270     -0.906    1498.22     78.000     77.400    15.9002    15.9005     0.0002    15.8879    15.8881     0.0002   4.473493   4.474220   0.000726    35.8008    35.8071     5.3168    26.3896    26.3944    231.342  242.14447  241.89793    35.8011    26.3898    1511.71    1511.71    15.8879  1026.7357    35.9701 0.0000e+00
      69798  16.923903  -38.22394  -52.57270     -0.934    1498.22     77.000     76.408    15.9029    15.9024    -0.0005    15.8908    15.8903    -0.0005   4.473792   4.474416   0.000629    35.8015    35.8076     5.3145    26.3895    26.3943    231.245  242.13083  241.88415    35.8017    26.3897    1511.70    1511.70    15.8908  1026.7312    35.9708 0.0000e+00
      69833  16.923920  -38.22394  -52.57270     -0.768    1498.22     76.000     75.420    15.9059    15.9057    -0.0002    15.8939    15.8937    -0.0002   4.474166   4.474841   0.000666    35.8023    35.8085     5.3060    26.3894    26.3942    230.875  242.11529  241.86845    35.8028    26.3897    1511.69    1511.70    15.8939  1026.7268    35.9718 0.0000e+00
      69925  16.923964  -38.22394  -52.57270     -0.152    1498.22     75.000     74.417    15.9134    15.9143     0.0009    15.9016    15.9025     0.0009   4.475054   4.475846   0.000796    35.8041    35.8104     5.3280    26.3890    26.3937    231.829  242.07732  241.83011    35.8043    26.3892    1511.70    1511.71    15.9016  1026.7219    35.9734 0.0000e+00
      69973  16.923987  -38.22394  -52.57270     -0.505    1498.22     74.000     73.432    15.9133    15.9133    -0.0001    15.9016    15.9016    -0.0001   4.475027   4.475719   0.000692    35.8043    35.8106     5.3158    26.3892    26.3940    231.300  242.07752  241.83031    35.8046    26.3894    1511.68    1511.69    15.9016  1026.7177    35.9736 0.0000e+00
      70035  16.924017  -38.22394  -52.57270     -0.366    1498.22     73.000     72.439    15.9163    15.9169     0.0006    15.9048    15.9054     0.0006   4.475362   4.476119   0.000758    35.8051    35.8113     5.3010    26.3890    26.3937    230.655  242.06224  241.81489    35.8053    26.3892    1511.68    1511.69    15.9048  1026.7131    35.9743 0.0000e+00
      70092  16.924045  -38.22394  -52.57270     -0.434    1498.22     72.000     71.447    15.9182    15.9184     0.0002    15.9068    15.9070     0.0002   4.475557   4.476275   0.000719    35.8055    35.8118     5.3194    26.3889    26.3937    231.458  242.05298  241.80554    35.8058    26.3891    1511.67    1511.67    15.9068  1026.7087    35.9748 0.0000e+00
      70156  16.924075  -38.22394  -52.57270     -0.360    1498.22     71.000     70.457    15.9190    15.9191     0.0000    15.9078    15.9079     0.0000   4.475601   4.476299   0.000699    35.8056    35.8119     5.3054    26.3888    26.3936    230.847  242.04869  241.80120    35.8058    26.3889    1511.65    1511.66    15.9078  1026.7041    35.9748 0.0000e+00
      70210  16.924101  -38.22394  -52.57270     -0.454    1498.22     70.000     69.462    15.9187    15.9185    -0.0002    15.9077    15.9075    -0.0002   4.475480   4.476172   0.000692    35.8053    35.8117     5.3102    26.3886    26.3935    231.056  242.05066  241.80318    35.8054    26.3886    1511.63    1511.64    15.9077  1026.6994    35.9744 0.0000e+00
      70240  16.924116  -38.22394  -52.57270     -0.735    1498.22     69.000     68.471    15.9183    15.9184     0.0002    15.9073    15.9075     0.0002   4.475376   4.476080   0.000701    35.8053    35.8115     5.3132    26.3886    26.3933    231.188  242.05292  241.80547    35.8053    26.3886    1511.62    1511.62    15.9073  1026.6951    35.9743 0.0000e+00
      70317  16.924153  -38.22394  -52.57270     -0.495    1498.22     68.000     67.471    15.9164    15.9167     0.0003    15.9057    15.9060     0.0003   4.474999   4.475741   0.000748    35.8040    35.8104     5.3109    26.3880    26.3929    231.088  242.06359  241.81622    35.8039    26.3880    1511.59    1511.60    15.9057  1026.6900    35.9730 0.0000e+00
      70409  16.924198  -38.22394  -52.57270     -0.562    1498.22     67.000     66.487    15.9145    15.9147     0.0002    15.9039    15.9041     0.0002   4.474657   4.475391   0.000728    35.8031    35.8095     5.3109    26.3877    26.3926    231.087  242.07380  241.82652    35.8030    26.3876    1511.57    1511.58    15.9040  1026.6853    35.9720 0.0000e+00
      70448  16.924216  -38.22394  -52.57270     -0.635    1498.22     66.000     65.494    15.9113    15.9117     0.0003    15.9009    15.9012     0.0003   4.474110   4.474845   0.000732    35.8018    35.8081     5.3123    26.3874    26.3922    231.151  242.09109  241.84397    35.8014    26.3871    1511.54    1511.55    15.9009  1026.6804    35.9704 0.0000e+00
      70507  16.924245  -38.22394  -52.57270     -0.381    1498.22     65.000     64.502    15.9061    15.9061    -0.0000    15.8959    15.8959    -0.0000   4.473291   4.473973   0.000682    35.7995    35.8056     5.3101    26.3868    26.3915    231.054  242.11918  241.87231    35.7992    26.3865    1511.51    1511.51    15.8959  1026.6755    35.9682 0.0000e+00
      70558  16.924270  -38.22394  -52.57270     -0.474    1498.22     64.000     63.513    15.9055    15.9058     0.0003    15.8954    15.8957     0.0003   4.473142   4.473870   0.000731    35.7989    35.8053     5.3164    26.3864    26.3912    231.328  242.12291  241.87607    35.7988    26.3863    1511.49    1511.49    15.8954  1026.6709    35.9678 0.0000e+00
      70674  16.924325  -38.22394  -52.57269     -0.186    1498.22     63.000     62.511    15.9021    15.9023     0.0003    15.8921    15.8924     0.0003   4.472563   4.473302   0.000735    35.7974    35.8037     5.3049    26.3860    26.3909    230.826  242.14169  241.89502    35.7971    26.3858    1511.46    1511.46    15.8921  1026.6660    35.9661 0.0000e+00
      70714  16.924345  -38.22394  -52.57270     -0.671    1498.22     62.000     61.526    15.9001    15.9004     0.0003    15.8903    15.8906     0.0003   4.472199   4.472937   0.000751    35.7965    35.8029     5.3072    26.3857    26.3906    230.926  242.15243  241.90585    35.7961    26.3854    1511.43    1511.44    15.8903  1026.6612    35.9650 0.0000e+00
      70737  16.924356  -38.22394  -52.57270     -0.948    1498.22     61.000     60.533    15.8960    15.8941    -0.0018    15.8864    15.8845    -0.0018   4.471497   4.471874   0.000399    35.7947    35.8000     5.3255    26.3853    26.3898    231.723  242.17463  241.92825    35.7939    26.3847    1511.40    1511.40    15.8863  1026.6561    35.9629 0.0000e+00
