Pos-Processados/process_op38/Processamento_split/up/uoperantar38_020.cnv
* Sea-Bird SBE 9 Data File:
* FileName = D:\OPERANTAR_XXXVIII\DADOS\OP38_020.hdr
* Software Version Seasave V 7.18c
* Temperature SN = 4808
* Conductivity SN = 3380
* Number of Bytes Per Scan = 34
* Number of Voltage Words = 3
* Number of Scans Averaged by the Deck Unit = 1
* NMEA Latitude = 62 13.02 S
* NMEA Longitude = 058 20.27 W
* NMEA UTC (Time) = Nov 22 2019 12:22:40
** H41
** NAVIO POLAR ALMIRANTE MAXIMIANO
** CRUZEIRO:
** OPERANTAR XXXVIII
** ESTAÇÃO: OP38_020
** LAT 62 13,00'S
** LONG 058 20,28'W
** 09P73767-1155_A
** PROFUNDIDADE: 497
** DATA/HORA: 221223Z/NOV/2019
** OPERADOR: SO-HN CHAVES
# nquan = 33
# nvalues = 442                         
# units = specified
# name 0 = scan: Scan Count
# name 1 = timeJ: Julian Days
# name 2 = latitude: Latitude [deg]
# name 3 = longitude: Longitude [deg]
# name 4 = dz/dtM: Descent Rate [m/s]
# name 5 = avgsvCM: Average Sound Velocity [Chen-Millero, m/s]
# name 6 = prDM: Pressure, Digiquartz [db]
# name 7 = depSM: Depth [salt water, m]
# name 8 = t090C: Temperature [ITS-90, deg C]
# name 9 = t190C: Temperature, 2 [ITS-90, deg C]
# name 10 = T2-T190C: Temperature Difference, 2 - 1 [ITS-90, deg C]
# name 11 = potemp090C: Potential Temperature [ITS-90, deg C]
# name 12 = potemp190C: Potential Temperature, 2 [ITS-90, deg C]
# name 13 = potemp90Cdiff: Potential Temperature, Diff, 2 - 1 [ITS-90, deg C]
# name 14 = c0S/m: Conductivity [S/m]
# name 15 = c1S/m: Conductivity, 2 [S/m]
# name 16 = C2-C1S/m: Conductivity Difference, 2 - 1 [S/m]
# name 17 = sal00: Salinity, Practical [PSU]
# name 18 = sal11: Salinity, Practical, 2 [PSU]
# name 19 = sbeox0ML/L: Oxygen, SBE 43 [ml/l]
# name 20 = sigma-é00: Density [sigma-theta, kg/m^3]
# name 21 = sigma-é11: Density, 2 [sigma-theta, kg/m^3]
# name 22 = sbox0Mm/Kg: Oxygen, SBE 43 [umol/kg]
# name 23 = oxsolMm/Kg: Oxygen Saturation, Garcia & Gordon [umol/kg]
# name 24 = oxsatMm/Kg: Oxygen Saturation, Weiss [umol/kg]
# name 25 = sal00: Salinity, Practical [PSU]
# name 26 = sigma-é00: Density [sigma-theta, kg/m^3]
# name 27 = svCM: Sound Velocity [Chen-Millero, m/s]
# name 28 = svCM1: Sound Velocity, 2 [Chen-Millero, m/s]
# name 29 = gsw_ptA0: potential temperature [ITS-90, deg C]
# name 30 = gsw_densityA0: density, TEOS-10 [density, kg/m^3]
# name 31 = gsw_saA0: Absolute Salinity [g/kg]
# name 32 = flag:
# span 0 =      18903,      37614       
# span 1 = 326.524856, 326.533880       
# span 2 =  -62.21708,  -62.21704       
# span 3 =  -58.33798,  -58.33792       
# span 4 =     -1.061,     -0.114       
# span 5 =    1449.76,    1449.76       
# span 6 =      3.000,    444.000       
# span 7 =      2.976,    439.268       
# span 8 =    -0.6813,    -0.2017       
# span 9 =    -0.6805,    -0.2004       
# span 10 =    -0.0391,     0.0215      
# span 11 =    -0.6961,    -0.2155      
# span 12 =    -0.6952,    -0.2143      
# span 13 =    -0.0391,     0.0214      
# span 14 =   2.800177,   2.867241      
# span 15 =   2.799581,   2.867701      
# span 16 =  -0.004156,   0.002095      
# span 17 =    34.1719,    34.5174      
# span 18 =    34.1353,    34.5226      
# span 19 =     5.7709,     7.6102      
# span 20 =    27.4584,    27.7436      
# span 21 =    27.4306,    27.7479      
# span 22 =    250.776,    330.790      
# span 23 =  351.11647,  355.85845      
# span 24 =  352.64997,  357.47186      
# span 25 =    34.1718,    34.5237      
# span 26 =    27.4583,    27.7449      
# span 27 =    1446.08,    1454.27      
# span 28 =    1446.12,    1454.28      
# span 29 =    -0.6957,    -0.2153      
# span 30 =  1027.4776,  1029.8656      
# span 31 =    34.3350,    34.6927      
# span 32 = 0.0000e+00, 0.0000e+00      
# interval = decibars: 1                
# start_time = Nov 22 2019 12:22:40 [NMEA time, header]
# bad_flag = -9.990e-29
*END*
[from data line 264]
      29611 326.530020  -62.21706  -58.33796     -0.857    1449.76    180.000    178.194    -0.6388    -0.6373     0.0015    -0.6443    -0.6429     0.0015   2.803241   2.803775   0.000533    34.2715    34.2770     7.0634    27.5486    27.5530    306.995  355.84547  357.45821    34.2714    27.5485    1448.13    1448.14    -0.6442  1028.4145    34.4383 0.0000e+00
      29642 326.530035  -62.21706  -58.33796     -0.799    1449.76    179.000    177.205    -0.6387    -0.6369     0.0018    -0.6442    -0.6423     0.0018   2.803179   2.803705   0.000525    34.2711    34.2761     7.0628    27.5483    27.5523    306.971  355.84564  357.45834    34.2711    27.5483    1448.11    1448.13    -0.6441  1028.4095    34.4380 0.0000e+00
      29674 326.530051  -62.21706  -58.33796     -0.752    1449.76    178.000    176.220    -0.6385    -0.6370     0.0015    -0.6440    -0.6424     0.0015   2.803109   2.803648   0.000536    34.2706    34.2761     7.0628    27.5479    27.5523    306.970  355.84530  357.45792    34.2705    27.5478    1448.09    1448.11    -0.6438  1028.4043    34.4375 0.0000e+00
      29706 326.530066  -62.21706  -58.33796     -0.744    1449.76    177.000    175.221    -0.6384    -0.6371     0.0012    -0.6438    -0.6425     0.0012   2.803033   2.803599   0.000565    34.2700    34.2762     7.0624    27.5474    27.5523    306.949  355.84532  357.45788    34.2699    27.5473    1448.08    1448.09    -0.6437  1028.3990    34.4369 0.0000e+00
      29737 326.530081  -62.21706  -58.33796     -0.767    1449.76    176.000    174.236    -0.6380    -0.6373     0.0008    -0.6434    -0.6426     0.0008   2.802945   2.803525   0.000580    34.2691    34.2760     7.0643    27.5466    27.5522    307.032  355.84513  357.45758    34.2690    27.5465    1448.06    1448.07    -0.6433  1028.3935    34.4359 0.0000e+00
      29767 326.530095  -62.21706  -58.33796     -0.797    1449.76    175.000    173.247    -0.6377    -0.6372     0.0006    -0.6431    -0.6425     0.0006   2.802836   2.803458   0.000623    34.2679    34.2756     7.0724    27.5456    27.5519    307.386  355.84565  357.45796    34.2678    27.5456    1448.04    1448.06    -0.6429  1028.3877    34.4347 0.0000e+00
      29797 326.530110  -62.21706  -58.33796     -0.804    1449.76    174.000    172.257    -0.6373    -0.6369     0.0004    -0.6427    -0.6423     0.0004   2.802776   2.803373   0.000603    34.2672    34.2749     7.0765    27.5450    27.5512    307.565  355.84377  357.45596    34.2672    27.5450    1448.03    1448.04    -0.6425  1028.3824    34.4341 0.0000e+00
      29828 326.530125  -62.21706  -58.33796     -0.782    1449.76    173.000    171.267    -0.6372    -0.6369     0.0003    -0.6425    -0.6422     0.0003   2.802723   2.803284   0.000565    34.2669    34.2742     7.0806    27.5448    27.5507    307.742  355.84312  357.45525    34.2669    27.5448    1448.01    1448.02    -0.6424  1028.3774    34.4338 0.0000e+00
      29859 326.530140  -62.21706  -58.33796     -0.761    1449.76    172.000    170.278    -0.6371    -0.6368     0.0002    -0.6423    -0.6421     0.0002   2.802671   2.803223   0.000554    34.2667    34.2739     7.0825    27.5446    27.5505    307.826  355.84260  357.45470    34.2667    27.5446    1448.00    1448.01    -0.6422  1028.3725    34.4336 0.0000e+00
      29890 326.530155  -62.21706  -58.33796     -0.776    1449.76    171.000    169.288    -0.6370    -0.6368     0.0002    -0.6422    -0.6420     0.0002   2.802630   2.803157   0.000531    34.2666    34.2736     7.0841    27.5446    27.5502    307.896  355.84185  357.45392    34.2667    27.5446    1447.98    1447.99    -0.6421  1028.3676    34.4335 0.0000e+00
      29919 326.530169  -62.21706  -58.33796     -0.817    1449.76    170.000    168.298    -0.6368    -0.6367     0.0000    -0.6420    -0.6419     0.0000   2.802564   2.803104   0.000538    34.2661    34.2733     7.0794    27.5442    27.5500    307.692  355.84110  357.45310    34.2661    27.5441    1447.97    1447.98    -0.6419  1028.3624    34.4330 0.0000e+00
      29947 326.530182  -62.21706  -58.33796     -0.854    1449.76    169.000    167.309    -0.6363    -0.6364    -0.0001    -0.6415    -0.6415    -0.0001   2.802490   2.803042   0.000553    34.2652    34.2728     7.0913    27.5434    27.5495    308.210  355.83953  357.45139    34.2652    27.5434    1447.95    1447.96    -0.6413  1028.3569    34.4321 0.0000e+00
      29975 326.530196  -62.21706  -58.33796     -0.845    1449.76    168.000    166.320    -0.6360    -0.6361    -0.0002    -0.6411    -0.6413    -0.0002   2.802430   2.802968   0.000540    34.2647    34.2722     7.0933    27.5429    27.5490    308.296  355.83814  357.44990    34.2647    27.5430    1447.94    1447.95    -0.6410  1028.3517    34.4316 0.0000e+00
      30006 326.530211  -62.21706  -58.33796     -0.802    1449.76    167.000    165.330    -0.6358    -0.6358    -0.0000    -0.6409    -0.6410    -0.0000   2.802379   2.802895   0.000519    34.2644    34.2714     7.0949    27.5427    27.5484    308.367  355.83717  357.44887    34.2644    27.5427    1447.92    1447.93    -0.6408  1028.3467    34.4313 0.0000e+00
      30038 326.530226  -62.21706  -58.33796     -0.753    1449.76    166.000    164.340    -0.6355    -0.6355    -0.0000    -0.6406    -0.6406    -0.0000   2.802323   2.802830   0.000508    34.2639    34.2708     7.0953    27.5423    27.5478    308.381  355.83584  357.44745    34.2639    27.5423    1447.90    1447.91    -0.6405  1028.3415    34.4308 0.0000e+00
      30070 326.530242  -62.21706  -58.33796     -0.744    1449.76    165.000    163.351    -0.6352    -0.6356    -0.0003    -0.6403    -0.6406    -0.0003   2.802251   2.802762   0.000512    34.2633    34.2705     7.0935    27.5418    27.5477    308.306  355.83504  357.44656    34.2632    27.5417    1447.89    1447.90    -0.6401  1028.3361    34.4301 0.0000e+00
      30100 326.530256  -62.21706  -58.33796     -0.779    1449.76    164.000    162.361    -0.6349    -0.6354    -0.0005    -0.6399    -0.6404    -0.0005   2.802195   2.802699   0.000507    34.2627    34.2701     7.1081    27.5413    27.5473    308.940  355.83338  357.44480    34.2627    27.5413    1447.87    1447.88    -0.6398  1028.3309    34.4296 0.0000e+00
      30129 326.530270  -62.21706  -58.33796     -0.830    1449.76    163.000    161.371    -0.6342    -0.6347    -0.0004    -0.6392    -0.6396    -0.0004   2.802182   2.802634   0.000460    34.2623    34.2690     7.1088    27.5409    27.5464    308.972  355.82820  357.43945    34.2624    27.5410    1447.86    1447.87    -0.6391  1028.3259    34.4292 0.0000e+00
      30157 326.530283  -62.21706  -58.33796     -0.856    1449.76    162.000    160.382    -0.6310    -0.6330    -0.0021    -0.6359    -0.6380    -0.0021   2.802214   2.802592   0.000386    34.2596    34.2671     7.1093    27.5386    27.5448    308.994  355.80529  357.41570    34.2598    27.5388    1447.85    1447.85    -0.6358  1028.3188    34.4266 0.0000e+00
      30185 326.530297  -62.21706  -58.33796     -0.848    1449.76    161.000    159.392    -0.6295    -0.6306    -0.0011    -0.6344    -0.6355    -0.0011   2.802281   2.802572   0.000297    34.2594    34.2646     7.1093    27.5384    27.5426    308.995  355.79203  357.40212    34.2596    27.5386    1447.84    1447.85    -0.6343  1028.3139    34.4264 0.0000e+00
      30213 326.530311  -62.21706  -58.33796     -0.853    1449.76    160.000    158.402    -0.6286    -0.6296    -0.0010    -0.6334    -0.6345    -0.0010   2.802250   2.802573   0.000318    34.2587    34.2641     7.1157    27.5378    27.5422    309.271  355.78525  357.39509    34.2588    27.5378    1447.83    1447.83    -0.6334  1028.3083    34.4255 0.0000e+00
      30241 326.530324  -62.21706  -58.33796     -0.865    1449.76    159.000    157.413    -0.6281    -0.6285    -0.0004    -0.6330    -0.6334    -0.0004   2.802201   2.802561   0.000356    34.2581    34.2634     7.1263    27.5373    27.5415    309.731  355.78273  357.39245    34.2582    27.5374    1447.82    1447.82    -0.6329  1028.3031    34.4250 0.0000e+00
      30270 326.530338  -62.21706  -58.33796     -0.848    1449.76    158.000    156.423    -0.6286    -0.6286     0.0001    -0.6334    -0.6334     0.0001   2.802089   2.802529   0.000435    34.2578    34.2636     7.1314    27.5371    27.5418    309.954  355.78805  357.39786    34.2579    27.5371    1447.80    1447.80    -0.6333  1028.2981    34.4247 0.0000e+00
      30301 326.530353  -62.21706  -58.33796     -0.783    1449.76    157.000    155.434    -0.6277    -0.6281    -0.0004    -0.6325    -0.6329    -0.0004   2.802029   2.802459   0.000433    34.2566    34.2628     7.1330    27.5360    27.5411    310.024  355.78322  357.39277    34.2567    27.5361    1447.78    1447.79    -0.6324  1028.2923    34.4234 0.0000e+00
      30333 326.530368  -62.21706  -58.33796     -0.754    1449.76    156.000    154.444    -0.6256    -0.6272    -0.0016    -0.6304    -0.6319    -0.0016   2.802103   2.802387   0.000294    34.2556    34.2614     7.1348    27.5352    27.5399    310.103  355.76603  357.37508    34.2559    27.5354    1447.78    1447.78    -0.6303  1028.2867    34.4226 0.0000e+00
      30363 326.530383  -62.21706  -58.33796     -0.778    1449.76    155.000    153.454    -0.6227    -0.6244    -0.0017    -0.6275    -0.6292    -0.0017   2.802272   2.802384   0.000133    34.2550    34.2587     7.1376    27.5345    27.5376    310.225  355.74060  357.34900    34.2555    27.5349    1447.77    1447.77    -0.6273  1028.2815    34.4222 0.0000e+00
      30392 326.530397  -62.21706  -58.33796     -0.817    1449.76    154.000    152.465    -0.6203    -0.6224    -0.0021    -0.6250    -0.6271    -0.0021   2.802351   2.802450   0.000084    34.2543    34.2578     7.1345    27.5339    27.5368    310.086  355.71957  357.32740    34.2545    27.5340    1447.77    1447.76    -0.6249  1028.2758    34.4212 0.0000e+00
      30420 326.530411  -62.21706  -58.33796     -0.841    1449.76    153.000    151.475    -0.6172    -0.6207    -0.0035    -0.6218    -0.6254    -0.0035   2.802596   2.802498  -0.000066    34.2542    34.2572     7.1423    27.5336    27.5362    310.428  355.69094  357.29810    34.2549    27.5342    1447.77    1447.75    -0.6218  1028.2712    34.4216 0.0000e+00
      30448 326.530424  -62.21706  -58.33795     -0.865    1449.76    152.000    150.486    -0.6130    -0.6140    -0.0010    -0.6176    -0.6186    -0.0010   2.802695   2.802596  -0.000110    34.2516    34.2512     7.1533    27.5313    27.5311    310.906  355.65870  357.26483    34.2520    27.5317    1447.77    1447.76    -0.6175  1028.2639    34.4187 0.0000e+00
      30475 326.530437  -62.21706  -58.33794     -0.881    1449.76    151.000    149.496    -0.6102    -0.6118    -0.0015    -0.6148    -0.6164    -0.0015   2.802737   2.802785   0.000045    34.2496    34.2519     7.1585    27.5296    27.5315    311.132  355.63833  357.24375    34.2501    27.5300    1447.76    1447.75    -0.6147  1028.2574    34.4168 0.0000e+00
      30503 326.530451  -62.21706  -58.33795     -0.868    1449.76    150.000    148.506    -0.6067    -0.6094    -0.0026    -0.6113    -0.6140    -0.0026   2.802889   2.802810  -0.000066    34.2483    34.2503     7.1661    27.5284    27.5301    311.463  355.60954  357.21414    34.2488    27.5288    1447.76    1447.75    -0.6112  1028.2515    34.4155 0.0000e+00
      30534 326.530465  -62.21706  -58.33796     -0.812    1449.76    149.000    147.517    -0.6047    -0.6068    -0.0021    -0.6093    -0.6113    -0.0021   2.802996   2.802853  -0.000138    34.2480    34.2485     7.1765    27.5281    27.5286    311.914  355.59121  357.19537    34.2486    27.5286    1447.75    1447.74    -0.6092  1028.2464    34.4153 0.0000e+00
      30566 326.530481  -62.21706  -58.33796     -0.749    1449.76    148.000    146.526    -0.6008    -0.6031    -0.0023    -0.6054    -0.6076    -0.0023   2.803241   2.802936  -0.000300    34.2475    34.2460     7.1870    27.5275    27.5264    312.374  355.55624  357.15954    34.2481    27.5280    1447.75    1447.74    -0.6052  1028.2411    34.4148 0.0000e+00
      30597 326.530496  -62.21706  -58.33796     -0.752    1449.76    147.000    145.537    -0.6004    -0.6007    -0.0004    -0.6049    -0.6052    -0.0004   2.803216   2.803069  -0.000161    34.2475    34.2457     7.1842    27.5275    27.5261    312.250  355.55193  357.15513    34.2479    27.5278    1447.74    1447.73    -0.6048  1028.2360    34.4145 0.0000e+00
      30626 326.530510  -62.21706  -58.33795     -0.821    1449.76    146.000    144.548    -0.5997    -0.6006    -0.0009    -0.6041    -0.6051    -0.0009   2.803234   2.803153  -0.000080    34.2475    34.2474     7.1906    27.5274    27.5274    312.528  355.54519  357.14824    34.2479    27.5278    1447.73    1447.72    -0.6041  1028.2313    34.4146 0.0000e+00
      30651 326.530522  -62.21706  -58.33794     -0.895    1449.76    145.000    143.558    -0.5954    -0.5965    -0.0010    -0.5999    -0.6009    -0.0010   2.803558   2.803149  -0.000380    34.2473    34.2433     7.1968    27.5271    27.5239    312.796  355.50617  357.10830    34.2481    27.5278    1447.73    1447.72    -0.5997  1028.2265    34.4148 0.0000e+00
      30677 326.530534  -62.21706  -58.33794     -0.935    1449.76    144.000    142.568    -0.5905    -0.5918    -0.0013    -0.5949    -0.5962    -0.0013   2.803840   2.803232  -0.000602    34.2462    34.2395     7.1990    27.5260    27.5206    312.896  355.46299  357.06401    34.2470    27.5266    1447.73    1447.72    -0.5948  1028.2205    34.4136 0.0000e+00
      30704 326.530547  -62.21706  -58.33794     -0.909    1449.76    143.000    141.578    -0.5882    -0.5891    -0.0010    -0.5926    -0.5935    -0.0010   2.803942   2.803401  -0.000550    34.2458    34.2394     7.1980    27.5255    27.5205    312.849  355.44253  357.04304    34.2463    27.5260    1447.73    1447.71    -0.5925  1028.2151    34.4129 0.0000e+00
      30734 326.530562  -62.21706  -58.33794     -0.837    1449.76    142.000    140.588    -0.5873    -0.5879    -0.0006    -0.5917    -0.5922    -0.0006   2.803958   2.803540  -0.000429    34.2457    34.2406     7.2014    27.5255    27.5213    313.000  355.43437  357.03469    34.2462    27.5258    1447.72    1447.71    -0.5916  1028.2102    34.4128 0.0000e+00
      30765 326.530577  -62.21706  -58.33794     -0.775    1449.76    141.000    139.599    -0.5869    -0.5876    -0.0006    -0.5913    -0.5919    -0.0006   2.803924   2.803620  -0.000310    34.2455    34.2421     7.2072    27.5253    27.5225    313.253  355.43135  357.03158    34.2459    27.5256    1447.70    1447.69    -0.5911  1028.2051    34.4125 0.0000e+00
      30796 326.530592  -62.21706  -58.33794     -0.768    1449.76    140.000    138.609    -0.5877    -0.5879    -0.0001    -0.5920    -0.5922    -0.0001   2.803740   2.803639  -0.000124    34.2449    34.2434     7.2077    27.5248    27.5236    313.275  355.44065  357.04102    34.2450    27.5249    1447.68    1447.68    -0.5919  1028.1996    34.4115 0.0000e+00
      30824 326.530605  -62.21706  -58.33794     -0.832    1449.76    139.000    137.619    -0.5897    -0.5894     0.0002    -0.5939    -0.5937     0.0002   2.803464   2.803616   0.000141    34.2440    34.2456     7.2089    27.5242    27.5255    313.325  355.46139  357.06212    34.2441    27.5242    1447.65    1447.66    -0.5938  1028.1942    34.4106 0.0000e+00
      30850 326.530618  -62.21706  -58.33794     -0.905    1449.76    138.000    136.630    -0.5905    -0.5903     0.0002    -0.5947    -0.5945     0.0002   2.803330   2.803556   0.000228    34.2436    34.2465     7.2117    27.5239    27.5262    313.447  355.46993  357.07081    34.2438    27.5240    1447.63    1447.64    -0.5946  1028.1892    34.4103 0.0000e+00
