Pos-Processados/process_op38/Processamento_split/up/uoperantar38_004.cnv
* Sea-Bird SBE 9 Data File:
* FileName = D:\OPERANTAR_XXXVIII\DADOS\OP38_004.hdr
* Software Version Seasave V 7.12
* Temperature SN = 4808
* Conductivity SN = 3380
* Number of Bytes Per Scan = 31
* Number of Voltage Words = 2
* Number of Scans Averaged by the Deck Unit = 1
* NMEA Latitude = 39 58.92 S
* NMEA Longitude = 054 59.71 W
* NMEA UTC (Time) = Oct 17 2019 15:31:47
** H41
** NAVIO POLAR ALMIRANTE MAXIMIANO
** CRUZEIRO:
** OPERANTAR XXXVIII
** ESTAวรO: OP38_004
** LAT 39บ 58,96'S
** LONG 054บ 59,70'W
** 09P73767-1155
** PROFUNDIDADE: 1627 m
** DATA/HORA: 171533Z/OUT/2019
** OPERADOR: SO-HN CHAVES
# nquan = 33
# nvalues = 1017                        
# units = specified
# name 0 = scan: Scan Count
# name 1 = timeJ: Julian Days
# name 2 = latitude: Latitude [deg]
# name 3 = longitude: Longitude [deg]
# name 4 = dz/dtM: Descent Rate [m/s]
# name 5 = avgsvCM: Average Sound Velocity [Chen-Millero, m/s]
# name 6 = prDM: Pressure, Digiquartz [db]
# name 7 = depSM: Depth [salt water, m]
# name 8 = t090C: Temperature [ITS-90, deg C]
# name 9 = t190C: Temperature, 2 [ITS-90, deg C]
# name 10 = T2-T190C: Temperature Difference, 2 - 1 [ITS-90, deg C]
# name 11 = potemp090C: Potential Temperature [ITS-90, deg C]
# name 12 = potemp190C: Potential Temperature, 2 [ITS-90, deg C]
# name 13 = potemp90Cdiff: Potential Temperature, Diff, 2 - 1 [ITS-90, deg C]
# name 14 = c0S/m: Conductivity [S/m]
# name 15 = c1S/m: Conductivity, 2 [S/m]
# name 16 = C2-C1S/m: Conductivity Difference, 2 - 1 [S/m]
# name 17 = sal00: Salinity, Practical [PSU]
# name 18 = sal11: Salinity, Practical, 2 [PSU]
# name 19 = sbeox0ML/L: Oxygen, SBE 43 [ml/l]
# name 20 = sigma-้00: Density [sigma-theta, kg/m^3]
# name 21 = sigma-้11: Density, 2 [sigma-theta, kg/m^3]
# name 22 = sbox0Mm/Kg: Oxygen, SBE 43 [umol/kg]
# name 23 = oxsolMm/Kg: Oxygen Saturation, Garcia & Gordon [umol/kg]
# name 24 = oxsatMm/Kg: Oxygen Saturation, Weiss [umol/kg]
# name 25 = sal00: Salinity, Practical [PSU]
# name 26 = sigma-้00: Density [sigma-theta, kg/m^3]
# name 27 = svCM: Sound Velocity [Chen-Millero, m/s]
# name 28 = svCM1: Sound Velocity, 2 [Chen-Millero, m/s]
# name 29 = gsw_ptA0: potential temperature [ITS-90, deg C]
# name 30 = gsw_densityA0: density, TEOS-10 [density, kg/m^3]
# name 31 = gsw_saA0: Absolute Salinity [g/kg]
# name 32 = flag:
# span 0 =      30016,      65770       
# span 1 = 290.661546, 290.678789       
# span 2 =  -39.97842,  -39.97412       
# span 3 =  -54.99522,  -54.99512       
# span 4 =     -1.536,     -0.154       
# span 5 =    1470.62,    1470.62       
# span 6 =      3.000,   1019.000       
# span 7 =      2.997,   1008.721       
# span 8 =     2.5352,     6.8353       
# span 9 =     2.5359,     6.8372       
# span 10 =    -0.0550,     0.0591      
# span 11 =     2.4696,     6.8350      
# span 12 =     2.4702,     6.8369      
# span 13 =    -0.0548,     0.0591      
# span 14 =   3.105652,   3.430393      
# span 15 =   3.106098,   3.431200      
# span 16 =  -0.004683,   0.005548      
# span 17 =    34.0581,    34.5222      
# span 18 =    34.0640,    34.5269      
# span 19 =     3.8559,     7.3579      
# span 20 =    26.7168,    27.5504      
# span 21 =    26.7221,    27.5542      
# span 22 =    167.588,    320.007      
# span 23 =  296.55711,  327.45500      
# span 24 =  296.99843,  328.48666      
# span 25 =    34.0568,    34.5222      
# span 26 =    26.7183,    27.5504      
# span 27 =    1466.60,    1476.95      
# span 28 =    1466.62,    1476.95      
# span 29 =     2.4695,     6.8350      
# span 30 =  1026.7336,  1032.2831      
# span 31 =    34.2180,    34.6886      
# span 32 = 0.0000e+00, 0.0000e+00      
# interval = decibars: 1                
# start_time = Oct 17 2019 15:31:47 [NMEA time, header]
# bad_flag = -9.990e-29
*END*
[from data line 924]
      54879 290.673537  -39.97538  -54.99516     -0.494    1470.62     95.000     94.249     4.0514     4.0499    -0.0015     4.0449     4.0434    -0.0015   3.186022   3.186383   0.000367    34.0679    34.0738     6.8171    27.0400    27.0449    296.436  316.62605  317.41344    34.0699    27.0417    1467.19    1467.19     4.0449  1027.4844    34.2309 0.0000e+00
      54912 290.673553  -39.97538  -54.99516     -0.683    1470.62     94.000     93.257     4.0527     4.0639     0.0112     4.0462     4.0575     0.0112   3.186017   3.187768   0.001593    34.0679    34.0751     6.8183    27.0399    27.0445    296.489  316.61620  317.40341    34.0690    27.0408    1467.18    1467.24     4.0462  1027.4789    34.2301 0.0000e+00
      54941 290.673567  -39.97538  -54.99516     -0.809    1470.62     93.000     92.267     4.0673     4.0841     0.0169     4.0609     4.0777     0.0168   3.187433   3.189602   0.002083    34.0690    34.0761     6.8080    27.0392    27.0432    296.040  316.50223  317.28744    34.0712    27.0410    1467.23    1467.31     4.0609  1027.4744    34.2322 0.0000e+00
      54974 290.673583  -39.97538  -54.99516     -0.753    1470.62     92.000     91.275     4.0797     4.0975     0.0178     4.0734     4.0911     0.0178   3.188768   3.190734   0.002069    34.0709    34.0769     6.8056    27.0395    27.0425    295.937  316.40282  317.18636    34.0746    27.0425    1467.27    1467.35     4.0734  1027.4712    34.2357 0.0000e+00
      55017 290.673603  -39.97538  -54.99516     -0.559    1470.62     91.000     90.283     4.1066     4.1005    -0.0061     4.1004     4.0942    -0.0061   3.190987   3.190938  -0.000029    34.0714    34.0774     6.8109    27.0371    27.0425    296.167  316.19637  316.97617    34.0735    27.0388    1467.36    1467.34     4.1003  1027.4628    34.2345 0.0000e+00
      55055 290.673622  -39.97538  -54.99516     -0.619    1470.62     90.000     89.291     4.1091     4.1082    -0.0009     4.1029     4.1020    -0.0009   3.191199   3.191646   0.000444    34.0720    34.0782     6.8267    27.0373    27.0424    296.854  316.17586  316.95532    34.0739    27.0388    1467.36    1467.36     4.1029  1027.4582    34.2349 0.0000e+00
      55089 290.673638  -39.97536  -54.99516     -0.695    1470.62     89.000     88.299     4.1132     4.1159     0.0027     4.1071     4.1097     0.0027   3.191616   3.192413   0.000799    34.0729    34.0796     6.8267    27.0376    27.0426    296.854  316.14269  316.92162    34.0752    27.0394    1467.36    1467.38     4.1071  1027.4541    34.2362 0.0000e+00
      55130 290.673658  -39.97536  -54.99516     -0.597    1470.62     88.000     87.307     4.1507     4.1290    -0.0217     4.1446     4.1229    -0.0217   3.195363   3.193581  -0.001631    34.0769    34.0802     6.8311    27.0369    27.0418    297.044  315.84783  316.62168    34.0811    27.0402    1467.51    1467.42     4.1446  1027.4501    34.2421 0.0000e+00
      55173 290.673679  -39.97536  -54.99516     -0.553    1470.62     87.000     86.317     4.1760     4.1585    -0.0175     4.1700     4.1525    -0.0175   3.197544   3.196463  -0.001132    34.0779    34.0827     6.8395    27.0350    27.0407    297.413  315.65324  316.42361    34.0811    27.0376    1467.59    1467.53     4.1700  1027.4428    34.2422 0.0000e+00
      55217 290.673700  -39.97536  -54.99516     -0.560    1470.62     86.000     85.323     4.1888     4.1862    -0.0026     4.1828     4.1802    -0.0026   3.198665   3.198903   0.000235    34.0790    34.0845     6.8375    27.0345    27.0392    297.327  315.55362  316.32226    34.0816    27.0367    1467.63    1467.63     4.1828  1027.4372    34.2427 0.0000e+00
      55261 290.673721  -39.97535  -54.99516     -0.527    1470.62     85.000     84.331     4.2044     4.1966    -0.0079     4.1985     4.1906    -0.0079   3.200160   3.199817  -0.000271    34.0805    34.0854     6.8425    27.0341    27.0389    297.541  315.43142  316.19795    34.0836    27.0366    1467.68    1467.66     4.1985  1027.4325    34.2447 0.0000e+00
      55296 290.673738  -39.97534  -54.99516     -0.655    1470.62     84.000     83.340     4.2131     4.2160     0.0029     4.2073     4.2102     0.0029   3.200839   3.201914   0.000872    34.0808    34.0881     6.8423    27.0335    27.0390    297.535  315.36468  316.13002    34.0831    27.0353    1467.70    1467.73     4.2072  1027.4265    34.2442 0.0000e+00
      55323 290.673751  -39.97534  -54.99516     -0.828    1470.62     83.000     82.347     4.2216     4.2348     0.0132     4.2158     4.2290     0.0132   3.201676   3.203407   0.001678    34.0820    34.0881     6.8404    27.0335    27.0370    297.450  315.29746  316.06165    34.0847    27.0356    1467.72    1467.79     4.2158  1027.4222    34.2458 0.0000e+00
      55353 290.673765  -39.97534  -54.99516     -0.853    1470.62     82.000     81.356     4.2371     4.2456     0.0085     4.2314     4.2399     0.0085   3.203121   3.204430   0.001285    34.0832    34.0896     6.8435    27.0328    27.0370    297.586  315.17707  315.93917    34.0862    27.0352    1467.77    1467.82     4.2314  1027.4171    34.2473 0.0000e+00
      55396 290.673786  -39.97533  -54.99516     -0.572    1470.62     81.000     80.364     4.2706     4.2633    -0.0073     4.2649     4.2577    -0.0072   3.206309   3.206117  -0.000128    34.0852    34.0912     6.8439    27.0309    27.0364    297.604  314.91934  315.67690    34.0897    27.0344    1467.90    1467.88     4.2649  1027.4116    34.2508 0.0000e+00
      55449 290.673812  -39.97532  -54.99516     -0.449    1470.62     80.000     79.372     4.3016     4.2934    -0.0082     4.2960     4.2878    -0.0082   3.208855   3.208621  -0.000216    34.0850    34.0910     6.8554    27.0274    27.0330    298.105  314.68490  315.43819    34.0880    27.0298    1468.01    1467.98     4.2960  1027.4023    34.2491 0.0000e+00
      55488 290.673831  -39.97532  -54.99516     -0.593    1470.62     79.000     78.380     4.3118     4.3101    -0.0017     4.3063     4.3045    -0.0017   3.209767   3.210309   0.000431    34.0860    34.0928     6.8556    27.0271    27.0327    298.115  314.60574  315.35767    34.0887    27.0293    1468.04    1468.04     4.3062  1027.3971    34.2498 0.0000e+00
      55519 290.673846  -39.97532  -54.99516     -0.734    1470.62     78.000     77.388     4.3203     4.3433     0.0231     4.3148     4.3378     0.0230   3.210489   3.213493   0.002636    34.0866    34.0937     6.8548    27.0266    27.0299    298.078  314.54060  315.29139    34.0890    27.0286    1468.06    1468.17     4.3148  1027.3918    34.2501 0.0000e+00
      55546 290.673859  -39.97532  -54.99516     -0.859    1470.62     77.000     76.396     4.3413     4.4004     0.0591     4.3359     4.3950     0.0591   3.212753   3.218246   0.005548    34.0882    34.0923     6.8404    27.0258    27.0227    297.455  314.37807  315.12604    34.0944    27.0307    1468.13    1468.38     4.3358  1027.3891    34.2555 0.0000e+00
      55575 290.673873  -39.97532  -54.99516     -0.862    1470.62     76.000     75.404     4.3931     4.4221     0.0290     4.3877     4.4167     0.0290   3.217169   3.220052   0.002917    34.0876    34.0919     6.8442    27.0197    27.0200    297.621  313.98915  314.73005    34.0932    27.0242    1468.33    1468.45     4.3877  1027.3779    34.2543 0.0000e+00
      55632 290.673900  -39.97530  -54.99516     -0.412    1470.62     75.000     74.412     4.4441     4.4452     0.0011     4.4388     4.4399     0.0011   3.221523   3.222065   0.000596    34.0873    34.0931     6.8658    27.0139    27.0185    298.561  313.60699  314.34097    34.0922    27.0178    1468.52    1468.53     4.4387  1027.3668    34.2533 0.0000e+00
      55690 290.673928  -39.97530  -54.99516     -0.445    1470.62     74.000     73.422     4.4561     4.4535    -0.0026     4.4509     4.4482    -0.0026   3.222317   3.222642   0.000316    34.0872    34.0936     6.8720    27.0126    27.0180    298.830  313.51681  314.24915    34.0896    27.0145    1468.55    1468.55     4.4508  1027.3589    34.2507 0.0000e+00
      55718 290.673941  -39.97530  -54.99516     -0.761    1470.62     73.000     72.425     4.4563     4.4617     0.0053     4.4511     4.4564     0.0053   3.222467   3.223482   0.001002    34.0883    34.0945     6.8692    27.0134    27.0178    298.712  313.51293  314.24528    34.0917    27.0161    1468.54    1468.57     4.4511  1027.3558    34.2528 0.0000e+00
      55743 290.673954  -39.97530  -54.99516     -0.916    1470.62     72.000     71.436     4.4691     4.4809     0.0118     4.4640     4.4757     0.0117   3.223543   3.225221   0.001609    34.0885    34.0952     6.8698    27.0122    27.0162    298.738  313.41655  314.14718    34.0916    27.0147    1468.58    1468.64     4.4639  1027.3497    34.2527 0.0000e+00
      55769 290.673966  -39.97530  -54.99516     -0.934    1470.62     71.000     70.444     4.4716     4.4896     0.0180     4.4665     4.4846     0.0180   3.223725   3.225890   0.002126    34.0887    34.0950     6.8765    27.0121    27.0152    299.028  313.39739  314.12770    34.0917    27.0145    1468.57    1468.65     4.4665  1027.3449    34.2528 0.0000e+00
      55800 290.673981  -39.97529  -54.99516     -0.836    1470.62     70.000     69.452     4.4859     4.4959     0.0100     4.4809     4.4909     0.0100   3.224944   3.226284   0.001397    34.0889    34.0950     6.8748    27.0108    27.0145    298.956  313.28958  314.01796    34.0917    27.0130    1468.61    1468.66     4.4809  1027.3387    34.2528 0.0000e+00
      55849 290.674004  -39.97528  -54.99516     -0.517    1470.62     69.000     68.462     4.5020     4.5009    -0.0011     4.4970     4.4959    -0.0011   3.226400   3.226794   0.000421    34.0899    34.0960     6.8787    27.0097    27.0147    299.122  313.16713  313.89337    34.0927    27.0120    1468.66    1468.67     4.4970  1027.3331    34.2538 0.0000e+00
      55927 290.674042  -39.97526  -54.99516     -0.271    1470.62     68.000     67.466     4.5224     4.5214    -0.0010     4.5175     4.5165    -0.0010   3.228089   3.228549   0.000462    34.0898    34.0963     6.8792    27.0074    27.0127    299.146  313.01412  313.73760    34.0919    27.0091    1468.73    1468.74     4.5175  1027.3256    34.2530 0.0000e+00
      55963 290.674060  -39.97526  -54.99515     -0.603    1470.62     67.000     66.476     4.5251     4.5317     0.0066     4.5203     4.5269     0.0066   3.228325   3.229502   0.001131    34.0906    34.0971     6.8862    27.0078    27.0122    299.450  312.99235  313.71551    34.0925    27.0093    1468.73    1468.76     4.5203  1027.3211    34.2536 0.0000e+00
      55991 290.674073  -39.97526  -54.99516     -0.807    1470.62     66.000     65.484     4.5318     4.5461     0.0143     4.5271     4.5414     0.0143   3.228854   3.230766   0.001811    34.0906    34.0971     6.8888    27.0070    27.0106    299.564  312.94211  313.66436    34.0923    27.0084    1468.74    1468.81     4.5270  1027.3155    34.2534 0.0000e+00
      56017 290.674086  -39.97526  -54.99516     -0.908    1470.62     65.000     64.492     4.5558     4.5778     0.0220     4.5511     4.5731     0.0220   3.231285   3.233923   0.002504    34.0920    34.0985     6.8792    27.0055    27.0083    299.145  312.75992  313.47901    34.0966    27.0092    1468.83    1468.93     4.5511  1027.3116    34.2577 0.0000e+00
      56046 290.674100  -39.97526  -54.99516     -0.867    1470.62     64.000     63.502     4.5695     4.6017     0.0322     4.5649     4.5971     0.0322   3.232223   3.235672   0.003371    34.0912    34.0974     6.9015    27.0034    27.0048    300.116  312.65911  313.37633    34.0939    27.0055    1468.86    1469.00     4.5649  1027.3033    34.2550 0.0000e+00
      56104 290.674127  -39.97525  -54.99516     -0.434    1470.62     63.000     62.507     4.6438     4.6454     0.0016     4.6392     4.6408     0.0016   3.239061   3.239531   0.000584    34.0920    34.0971     6.9196    26.9959    26.9998    300.908  312.10378  312.81111    34.0977    27.0004    1469.16    1469.17     4.6392  1027.2934    34.2588 0.0000e+00
      56182 290.674165  -39.97524  -54.99516     -0.324    1470.62     62.000     61.516     4.6849     4.6849     0.0000     4.6803     4.6803     0.0000   3.242342   3.242669   0.000455    34.0913    34.0976     6.9661    26.9907    26.9955    302.930  311.79992  312.50178    34.0942    26.9931    1469.30    1469.31     4.6803  1027.2814    34.2553 0.0000e+00
      56233 290.674190  -39.97524  -54.99516     -0.474    1470.62     61.000     60.524     4.6901     4.6886    -0.0014     4.6856     4.6842    -0.0014   3.242818   3.243213   0.000431    34.0918    34.0982     6.9781    26.9906    26.9959    303.454  311.76020  312.46139    34.0949    26.9931    1469.31    1469.31     4.6856  1027.2768    34.2560 0.0000e+00
      56274 290.674209  -39.97524  -54.99514     -0.572    1470.62     60.000     59.532     4.6982     4.7018     0.0036     4.6938     4.6974     0.0036   3.243455   3.244301   0.000825    34.0920    34.0979     6.9678    26.9899    26.9941    303.001  311.69920  312.39931    34.0945    26.9919    1469.33    1469.35     4.6938  1027.2709    34.2556 0.0000e+00
      56302 290.674223  -39.97524  -54.99515     -0.773    1470.62     59.000     58.540     4.7034     4.7197     0.0162     4.6991     4.7154     0.0162   3.243943   3.245955   0.001929    34.0923    34.0980     6.9764    26.9895    26.9922    303.378  311.65965  312.35908    34.0953    26.9919    1469.33    1469.41     4.6991  1027.2663    34.2564 0.0000e+00
      56327 290.674235  -39.97524  -54.99516     -0.919    1470.62     58.000     57.548     4.7306     4.7529     0.0222     4.7264     4.7486     0.0222   3.246310   3.248929   0.002480    34.0916    34.0976     6.9725    26.9859    26.9881    303.208  311.45988  312.15570    34.0955    26.9890    1469.43    1469.53     4.7263  1027.2588    34.2566 0.0000e+00
      56366 290.674254  -39.97522  -54.99516     -0.689    1470.62     57.000     56.561     4.7719     4.7823     0.0104     4.7677     4.7781     0.0104   3.250216   3.251317   0.001191    34.0928    34.0960     6.9739    26.9823    26.9836    303.274  311.15135  311.84178    34.0990    26.9872    1469.59    1469.63     4.7677  1027.2522    34.2601 0.0000e+00
      56445 290.674292  -39.97520  -54.99514     -0.212    1470.62     56.000     55.559     4.9082     4.9070    -0.0012     4.9040     4.9028    -0.0012   3.261716   3.262041   0.000411    34.0864    34.0924     7.0259    26.9619    26.9667    305.541  310.16011  310.83250    34.0932    26.9672    1470.12    1470.12     4.9040  1027.2275    34.2542 0.0000e+00
      56488 290.674313  -39.97520  -54.99516     -0.543    1470.62     55.000     54.571     4.9131     4.9073    -0.0057     4.9089     4.9032    -0.0057   3.262102   3.262202   0.000026    34.0883    34.0945     7.0720    26.9628    26.9684    307.542  310.12001  310.79184    34.0931    26.9666    1470.12    1470.11     4.9089  1027.2223    34.2542 0.0000e+00
      56529 290.674333  -39.97520  -54.99516     -0.579    1470.62     54.000     53.580     4.9398     4.9352    -0.0047     4.9358     4.9311    -0.0047   3.264261   3.264445   0.000215    34.0862    34.0936     7.0855    26.9581    26.9645    308.132  309.92789  310.59619    34.0912    26.9621    1470.21    1470.20     4.9358  1027.2130    34.2523 0.0000e+00
      56565 290.674350  -39.97520  -54.99514     -0.644    1470.62     53.000     52.587     4.9560     4.9557    -0.0003     4.9520     4.9517    -0.0003   3.265636   3.266222   0.000542    34.0867    34.0933     7.0845    26.9567    26.9619    308.089  309.80844  310.47466    34.0911    26.9602    1470.26    1470.27     4.9520  1027.2065    34.2522 0.0000e+00
