Pos-Processados/process_op38/Processamento_split/up/uoperantar38_012.cnv
* Sea-Bird SBE 9 Data File:
* FileName = D:\OPERANTAR_XXXVIII\DADOS\OP38_012.hdr
* Software Version Seasave V 7.18c
* Temperature SN = 4808
* Conductivity SN = 3380
* Number of Bytes Per Scan = 31
* Number of Voltage Words = 2
* Number of Scans Averaged by the Deck Unit = 1
* NMEA Latitude = 43 26.50 S
* NMEA Longitude = 053 36.73 W
* NMEA UTC (Time) = Oct 20 2019 19:38:05
** H41
** NAVIO POLAR ALMIRANTE MAXIMIANO
** CRUZEIRO:
** OPERANTAR XXXVIII
** ESTAÇÃO: OP38_012
** LAT 43 26,49' S
** LONG 053 36,73'  W
** 09P73767-1155
** PROFUNDIDADE: 5647
** DATA/HORA: 201939Z/OUT/2019
** OPERADOR: SO-HN CHAVES
# nquan = 33
# nvalues = 1057                        
# units = specified
# name 0 = scan: Scan Count
# name 1 = timeJ: Julian Days
# name 2 = latitude: Latitude [deg]
# name 3 = longitude: Longitude [deg]
# name 4 = dz/dtM: Descent Rate [m/s]
# name 5 = avgsvCM: Average Sound Velocity [Chen-Millero, m/s]
# name 6 = prDM: Pressure, Digiquartz [db]
# name 7 = depSM: Depth [salt water, m]
# name 8 = t090C: Temperature [ITS-90, deg C]
# name 9 = t190C: Temperature, 2 [ITS-90, deg C]
# name 10 = T2-T190C: Temperature Difference, 2 - 1 [ITS-90, deg C]
# name 11 = potemp090C: Potential Temperature [ITS-90, deg C]
# name 12 = potemp190C: Potential Temperature, 2 [ITS-90, deg C]
# name 13 = potemp90Cdiff: Potential Temperature, Diff, 2 - 1 [ITS-90, deg C]
# name 14 = c0S/m: Conductivity [S/m]
# name 15 = c1S/m: Conductivity, 2 [S/m]
# name 16 = C2-C1S/m: Conductivity Difference, 2 - 1 [S/m]
# name 17 = sal00: Salinity, Practical [PSU]
# name 18 = sal11: Salinity, Practical, 2 [PSU]
# name 19 = sbeox0ML/L: Oxygen, SBE 43 [ml/l]
# name 20 = sigma-é00: Density [sigma-theta, kg/m^3]
# name 21 = sigma-é11: Density, 2 [sigma-theta, kg/m^3]
# name 22 = sbox0Mm/Kg: Oxygen, SBE 43 [umol/kg]
# name 23 = oxsolMm/Kg: Oxygen Saturation, Garcia & Gordon [umol/kg]
# name 24 = oxsatMm/Kg: Oxygen Saturation, Weiss [umol/kg]
# name 25 = sal00: Salinity, Practical [PSU]
# name 26 = sigma-é00: Density [sigma-theta, kg/m^3]
# name 27 = svCM: Sound Velocity [Chen-Millero, m/s]
# name 28 = svCM1: Sound Velocity, 2 [Chen-Millero, m/s]
# name 29 = gsw_ptA0: potential temperature [ITS-90, deg C]
# name 30 = gsw_densityA0: density, TEOS-10 [density, kg/m^3]
# name 31 = gsw_saA0: Absolute Salinity [g/kg]
# name 32 = flag:
# span 0 =      30916,      65058       
# span 1 = 293.833022, 293.849488       
# span 2 =  -43.44176,  -43.44172       
# span 3 =  -53.61230,  -53.61224       
# span 4 =     -1.559,     -0.191       
# span 5 =    1476.15,    1476.15       
# span 6 =      2.000,   1058.000       
# span 7 =      1.980,   1046.889       
# span 8 =     3.0362,     9.7607       
# span 9 =     3.0362,     9.7621       
# span 10 =    -0.0496,     0.0298      
# span 11 =     2.9639,     9.7603      
# span 12 =     2.9639,     9.7617      
# span 13 =    -0.0494,     0.0296      
# span 14 =   3.154769,   3.701112      
# span 15 =   3.155237,   3.701819      
# span 16 =  -0.003910,   0.003386      
# span 17 =    34.0765,    34.3153      
# span 18 =    34.0825,    34.3207      
# span 19 =     4.6266,     6.7672      
# span 20 =    26.3063,    27.3304      
# span 21 =    26.3107,    27.3347      
# span 22 =    201.128,    294.462      
# span 23 =  277.78392,  323.97507      
# span 24 =  277.93938,  324.91942      
# span 25 =    34.0738,    34.3172      
# span 26 =    26.3064,    27.3328      
# span 27 =    1472.74,    1487.97      
# span 28 =    1472.75,    1487.98      
# span 29 =     2.9638,     9.7603      
# span 30 =  1026.3254,  1032.2297      
# span 31 =    34.2349,    34.4829      
# span 32 = 0.0000e+00, 0.0000e+00      
# interval = decibars: 1                
# start_time = Oct 20 2019 19:38:05 [NMEA time, header]
# bad_flag = -9.990e-29
*END*
[from data line 132]
      35051 293.835016  -43.44174  -53.61228     -1.063    1476.15    926.000    916.570     3.3495     3.3490    -0.0005     3.2850     3.2845    -0.0005   3.178405   3.178844   0.000449    34.2766    34.2825     4.8454    27.2812    27.2860    210.648  321.55712  322.45307    34.2756    27.2804    1478.17    1478.18     3.2848  1031.5672    34.4406 0.0000e+00
      35072 293.835026  -43.44174  -53.61228     -1.124    1476.15    925.000    915.583     3.3516     3.3507    -0.0009     3.2872     3.2863    -0.0009   3.178673   3.179004   0.000386    34.2770    34.2826     4.8550    27.2814    27.2859    211.064  321.53939  322.43502    34.2770    27.2814    1478.17    1478.17     3.2870  1031.5635    34.4421 0.0000e+00
      35093 293.835037  -43.44174  -53.61228     -1.155    1476.15    924.000    914.595     3.3654     3.3589    -0.0066     3.3010     3.2945    -0.0065   3.180061   3.179833  -0.000151    34.2786    34.2836     4.8613    27.2813    27.2860    211.342  321.42722  322.32085    34.2797    27.2822    1478.21    1478.19     3.3008  1031.5594    34.4448 0.0000e+00
      35116 293.835048  -43.44174  -53.61228     -1.107    1476.15    923.000    913.608     3.3899     3.3743    -0.0156     3.3253     3.3098    -0.0155   3.182552   3.181536  -0.001010    34.2815    34.2858     4.8631    27.2814    27.2862    211.416  321.22834  322.11843    34.2845    27.2837    1478.30    1478.24     3.3251  1031.5556    34.4495 0.0000e+00
      35141 293.835060  -43.44174  -53.61228     -1.002    1476.15    922.000    912.620     3.4208     3.4067    -0.0141     3.3561     3.3421    -0.0140   3.185482   3.184577  -0.000856    34.2841    34.2886     4.8602    27.2805    27.2854    211.294  320.97951  321.86507    34.2876    27.2833    1478.42    1478.37     3.3559  1031.5499    34.4527 0.0000e+00
      35167 293.835072  -43.44174  -53.61228     -0.918    1476.15    921.000    911.632     3.4490     3.4412    -0.0078     3.3842     3.3764    -0.0078   3.188269   3.187953  -0.000298    34.2876    34.2922     4.8539    27.2806    27.2850    211.018  320.75047  321.63197    34.2919    27.2840    1478.53    1478.50     3.3840  1031.5453    34.4570 0.0000e+00
      35191 293.835084  -43.44174  -53.61228     -0.942    1476.15    920.000    910.645     3.4825     3.4709    -0.0116     3.4175     3.4060    -0.0115   3.191610   3.190920  -0.000657    34.2914    34.2957     4.8382    27.2804    27.2849    210.335  320.47941  321.35608    34.2973    27.2851    1478.66    1478.62     3.4173  1031.5410    34.4624 0.0000e+00
      35213 293.835095  -43.44174  -53.61228     -1.042    1476.15    919.000    909.657     3.5133     3.5001    -0.0132     3.4482     3.4350    -0.0131   3.194486   3.193742  -0.000776    34.2942    34.2988     4.8169    27.2797    27.2846    209.412  320.23210  321.10432    34.2999    27.2843    1478.78    1478.73     3.4480  1031.5347    34.4650 0.0000e+00
      35233 293.835104  -43.44174  -53.61228     -1.138    1476.15    918.000    908.669     3.5401     3.5290    -0.0111     3.4748     3.4638    -0.0111   3.197178   3.196549  -0.000628    34.2978    34.3020     4.8037    27.2800    27.2844    208.838  320.01455  320.88294    34.3045    27.2853    1478.88    1478.84     3.4747  1031.5306    34.4696 0.0000e+00
      35253 293.835114  -43.44174  -53.61228     -1.198    1476.15    917.000    907.682     3.5640     3.5570    -0.0070     3.4986     3.4917    -0.0069   3.199320   3.199159  -0.000161    34.2998    34.3052     4.7868    27.2793    27.2843    208.101  319.82368  320.68862    34.3056    27.2839    1478.97    1478.95     3.4985  1031.5239    34.4707 0.0000e+00
      35273 293.835124  -43.44174  -53.61228     -1.199    1476.15    916.000    906.694     3.5765     3.5727    -0.0039     3.5111     3.5073    -0.0039   3.200378   3.200500   0.000103    34.3010    34.3063     4.7685    27.2791    27.2836    207.305  319.72362  320.58677    34.3057    27.2828    1479.01    1479.00     3.5109  1031.5179    34.4708 0.0000e+00
      35295 293.835134  -43.44174  -53.61228     -1.157    1476.15    915.000    905.706     3.5839     3.5813    -0.0026     3.5186     3.5159    -0.0026   3.201095   3.201248   0.000202    34.3020    34.3072     4.7495    27.2791    27.2835    206.478  319.66381  320.52591    34.3069    27.2831    1479.02    1479.02     3.5184  1031.5135    34.4721 0.0000e+00
      35316 293.835144  -43.44174  -53.61228     -1.122    1476.15    914.000    904.719     3.6061     3.5947    -0.0114     3.5406     3.5293    -0.0113   3.203190   3.202618  -0.000595    34.3037    34.3086     4.7302    27.2784    27.2833    205.640  319.48745  320.34637    34.3093    27.2828    1479.10    1479.06     3.5404  1031.5080    34.4744 0.0000e+00
      35338 293.835155  -43.44174  -53.61228     -1.110    1476.15    913.000    903.731     3.6134     3.6116    -0.0018     3.5480     3.5462    -0.0018   3.203238   3.203951   0.000448    34.3017    34.3090     4.7179    27.2761    27.2820    205.107  319.43499  320.29276    34.3027    27.2768    1479.11    1479.11     3.5478  1031.4974    34.4678 0.0000e+00
      35360 293.835166  -43.44174  -53.61228     -1.093    1476.15    912.000    902.743     3.5647     3.5861     0.0214     3.4997     3.5209     0.0212   3.197778   3.200506   0.002698    34.2915    34.3013     4.7146    27.2726    27.2783    204.966  319.83856  320.70313    34.2890    27.2706    1478.87    1478.97     3.4996  1031.4879    34.4541 0.0000e+00
      35385 293.835177  -43.44174  -53.61228     -1.037    1476.15    911.000    901.755     3.5387     3.5514     0.0126     3.4740     3.4865     0.0125   3.195488   3.197170   0.001744    34.2895    34.2971     4.7048    27.2735    27.2783    204.539  320.04565  320.91396    34.2894    27.2734    1478.74    1478.80     3.4739  1031.4867    34.4544 0.0000e+00
      35410 293.835190  -43.44174  -53.61228     -0.957    1476.15    910.000    900.768     3.5249     3.5300     0.0051     3.4604     3.4654     0.0051   3.193856   3.194905   0.001038    34.2860    34.2931     4.7053    27.2720    27.2772    204.563  320.16140  321.03163    34.2849    27.2711    1478.66    1478.69     3.4603  1031.4802    34.4499 0.0000e+00
      35434 293.835201  -43.44174  -53.61228     -0.969    1476.15    909.000    899.780     3.5251     3.5236    -0.0015     3.4606     3.4591    -0.0015   3.194144   3.194367   0.000365    34.2863    34.2922     4.7437    27.2722    27.2770    206.228  320.15979  321.03000    34.2887    27.2741    1478.65    1478.65     3.4605  1031.4786    34.4537 0.0000e+00
      35454 293.835211  -43.44174  -53.61228     -1.078    1476.15    908.000    898.793     3.5444     3.5359    -0.0085     3.4799     3.4714    -0.0085   3.195608   3.195479  -0.000214    34.2859    34.2923     4.7822    27.2700    27.2759    207.901  320.01001  320.87736    34.2864    27.2705    1478.71    1478.69     3.4797  1031.4699    34.4515 0.0000e+00
      35473 293.835220  -43.44174  -53.61228     -1.199    1476.15    907.000    897.805     3.5390     3.5403     0.0013     3.4746     3.4758     0.0012   3.194931   3.195575   0.000634    34.2847    34.2909     4.8145    27.2695    27.2744    209.310  320.05504  320.92314    34.2845    27.2694    1478.67    1478.69     3.4745  1031.4644    34.4495 0.0000e+00
      35493 293.835229  -43.44174  -53.61228     -1.247    1476.15    906.000    896.817     3.5362     3.5364     0.0002     3.4719     3.4721     0.0002   3.194639   3.195169   0.000519    34.2844    34.2904     4.8319    27.2696    27.2744    210.067  320.07737  320.94587    34.2845    27.2696    1478.64    1478.65     3.4718  1031.4602    34.4495 0.0000e+00
      35514 293.835240  -43.44174  -53.61228     -1.190    1476.15    905.000    895.829     3.5310     3.5337     0.0028     3.4668     3.4695     0.0027   3.193915   3.194721   0.000799    34.2828    34.2894     4.8319    27.2688    27.2738    210.065  320.12232  320.99155    34.2818    27.2681    1478.60    1478.62     3.4666  1031.4541    34.4468 0.0000e+00
      35540 293.835252  -43.44174  -53.61228     -1.011    1476.15    904.000    894.841     3.5165     3.5204     0.0038     3.4525     3.4563     0.0038   3.192321   3.193282   0.000928    34.2800    34.2870     4.8314    27.2679    27.2732    210.043  320.24166  321.11291    34.2784    27.2667    1478.52    1478.54     3.4524  1031.4486    34.4434 0.0000e+00
      35566 293.835265  -43.44174  -53.61228     -0.915    1476.15    903.000    893.854     3.4877     3.4985     0.0108     3.4240     3.4347     0.0107   3.189004   3.190776   0.001670    34.2738    34.2825     4.8345    27.2658    27.2717    210.178  320.48132  321.35662    34.2695    27.2623    1478.37    1478.43     3.4239  1031.4403    34.4344 0.0000e+00
      35588 293.835276  -43.44174  -53.61228     -0.989    1476.15    902.000    892.866     3.4557     3.4709     0.0153     3.3923     3.4074     0.0151   3.185702   3.187733   0.002011    34.2691    34.2772     4.8459    27.2651    27.2701    210.674  320.74318  321.62306    34.2640    27.2610    1478.21    1478.28     3.3921  1031.4353    34.4289 0.0000e+00
      35610 293.835286  -43.44174  -53.61228     -1.086    1476.15    901.000    891.878     3.4406     3.4449     0.0043     3.3774     3.3816     0.0043   3.184465   3.185265   0.000879    34.2678    34.2738     4.8554    27.2655    27.2698    211.085  320.86446  321.74653    34.2656    27.2637    1478.13    1478.16     3.3772  1031.4337    34.4305 0.0000e+00
      35633 293.835297  -43.44174  -53.61228     -1.093    1476.15    900.000    890.890     3.4372     3.4419     0.0047     3.3741     3.3787     0.0047   3.184020   3.184975   0.000945    34.2667    34.2731     4.8710    27.2649    27.2696    211.764  320.89352  321.77605    34.2643    27.2630    1478.10    1478.13     3.3740  1031.4285    34.4292 0.0000e+00
      35657 293.835309  -43.44174  -53.61228     -1.016    1476.15    899.000    889.903     3.4355     3.4360     0.0005     3.3725     3.3730     0.0005   3.183847   3.184364   0.000549    34.2663    34.2723     4.9030    27.2647    27.2695    213.156  320.90803  321.79080    34.2645    27.2633    1478.07    1478.08     3.3723  1031.4243    34.4294 0.0000e+00
      35681 293.835320  -43.44174  -53.61228     -0.975    1476.15    898.000    888.915     3.4353     3.4349    -0.0005     3.3724     3.3719    -0.0005   3.183798   3.184225   0.000437    34.2662    34.2719     4.9302    27.2647    27.2693    214.340  320.90916  321.79195    34.2646    27.2634    1478.06    1478.06     3.3722  1031.4198    34.4295 0.0000e+00
      35702 293.835330  -43.44174  -53.61228     -1.061    1476.15    897.000    887.927     3.4355     3.4354    -0.0000     3.3726     3.3726    -0.0000   3.183769   3.184271   0.000495    34.2661    34.2721     4.9400    27.2645    27.2693    214.767  320.90855  321.79132    34.2646    27.2634    1478.04    1478.05     3.3725  1031.4152    34.4295 0.0000e+00
      35721 293.835340  -43.44174  -53.61228     -1.184    1476.15    896.000    886.939     3.4349     3.4355     0.0006     3.3721     3.3727     0.0006   3.183628   3.184186   0.000548    34.2658    34.2718     4.9369    27.2644    27.2691    214.628  320.91416  321.79701    34.2641    27.2630    1478.02    1478.03     3.3720  1031.4103    34.4289 0.0000e+00
      35739 293.835348  -43.44174  -53.61228     -1.273    1476.15    895.000    885.952     3.4273     3.4318     0.0045     3.3646     3.3691     0.0045   3.182726   3.183708   0.000963    34.2643    34.2711     4.9359    27.2639    27.2689    214.586  320.97713  321.86106    34.2618    27.2619    1477.97    1478.00     3.3645  1031.4047    34.4266 0.0000e+00
      35759 293.835358  -43.44174  -53.61228     -1.282    1476.15    894.000    884.964     3.4186     3.4196     0.0011     3.3560     3.3571     0.0011   3.181660   3.182373   0.000611    34.2630    34.2692     4.9386    27.2636    27.2685    214.706  321.04863  321.93380    34.2587    27.2602    1477.91    1477.93     3.3559  1031.3987    34.4235 0.0000e+00
      35781 293.835369  -43.44174  -53.61228     -1.165    1476.15    893.000    883.976     3.3808     3.3923     0.0115     3.3186     3.3300     0.0114   3.177687   3.179337   0.001635    34.2568    34.2643     4.9390    27.2622    27.2672    214.720  321.35993  322.25051    34.2512    27.2578    1477.73    1477.78     3.3185  1031.3927    34.4159 0.0000e+00
      35809 293.835382  -43.44174  -53.61228     -0.950    1476.15    892.000    882.989     3.3533     3.3629     0.0097     3.2914     3.3010     0.0096   3.175168   3.176554   0.001457    34.2533    34.2606     4.9401    27.2620    27.2670    214.771  321.58433  322.47889    34.2503    27.2597    1477.59    1477.64     3.2913  1031.3906    34.4151 0.0000e+00
      35838 293.835396  -43.44174  -53.61228     -0.826    1476.15    891.000    882.001     3.3547     3.3544    -0.0002     3.2928     3.2926    -0.0002   3.175120   3.175605   0.000495    34.2518    34.2580     4.9495    27.2607    27.2657    215.180  321.57694  322.47124    34.2488    27.2583    1477.58    1477.59     3.2927  1031.3847    34.4136 0.0000e+00
      35864 293.835409  -43.44174  -53.61228     -0.872    1476.15    890.000    881.013     3.3500     3.3490    -0.0010     3.2883     3.2873    -0.0010   3.174722   3.175055   0.000372    34.2512    34.2567     4.9924    27.2607    27.2652    217.044  321.61496  322.50994    34.2494    27.2592    1477.54    1477.54     3.2882  1031.3811    34.4142 0.0000e+00
      35889 293.835421  -43.44174  -53.61228     -0.941    1476.15    889.000    880.025     3.3614     3.3564    -0.0049     3.2997     3.2947    -0.0049   3.175889   3.175866  -0.000008    34.2526    34.2576     5.0229    27.2607    27.2652    218.370  321.52243  322.41576    34.2520    27.2602    1477.58    1477.56     3.2995  1031.3772    34.4168 0.0000e+00
      35915 293.835433  -43.44174  -53.61228     -0.939    1476.15    888.000    879.037     3.3646     3.3634    -0.0012     3.3030     3.3017    -0.0012   3.175978   3.176371   0.000385    34.2518    34.2577     5.0358    27.2598    27.2646    218.930  321.49882  322.39164    34.2502    27.2585    1477.57    1477.58     3.3028  1031.3708    34.4149 0.0000e+00
      35941 293.835445  -43.44174  -53.61228     -0.937    1476.15    887.000    878.049     3.3315     3.3476     0.0160     3.2702     3.2861     0.0159   3.172143   3.174456   0.002159    34.2457    34.2548     5.0388    27.2579    27.2637    219.063  321.77382  322.67137    34.2394    27.2530    1477.40    1477.48     3.2701  1031.3616    34.4041 0.0000e+00
      35967 293.835458  -43.44174  -53.61228     -0.932    1476.15    886.000    877.062     3.3140     3.3214     0.0073     3.2529     3.2601     0.0073   3.171013   3.172008   0.001119    34.2461    34.2518     5.0258    27.2599    27.2638    218.498  321.91042  322.81061    34.2447    27.2588    1477.32    1477.35     3.2527  1031.3632    34.4094 0.0000e+00
      35992 293.835470  -43.44174  -53.61228     -0.924    1476.15    885.000    876.074     3.3144     3.3139    -0.0006     3.2534     3.2528    -0.0006   3.170553   3.171058   0.000462    34.2431    34.2493     5.0235    27.2575    27.2625    218.397  321.91442  322.81444    34.2393    27.2544    1477.30    1477.30     3.2532  1031.3543    34.4040 0.0000e+00
      36016 293.835482  -43.44174  -53.61228     -0.975    1476.15    884.000    875.086     3.2976     3.3021     0.0044     3.2367     3.2411     0.0044   3.168974   3.169833   0.000910    34.2406    34.2468     5.0581    27.2571    27.2616    219.901  322.05333  322.95579    34.2385    27.2554    1477.21    1477.23     3.2366  1031.3511    34.4032 0.0000e+00
