Pos-Processados/process_op38/Processamento_split/up/uoperantar38_024.cnv
* Sea-Bird SBE 9 Data File:
* FileName = D:\OPERANTAR_XXXVIII\DADOS\OP38_024.hdr
* Software Version Seasave V 7.18c
* Temperature SN = 4808
* Conductivity SN = 3380
* Number of Bytes Per Scan = 34
* Number of Voltage Words = 3
* Number of Scans Averaged by the Deck Unit = 1
* NMEA Latitude = 62 13.17 S
* NMEA Longitude = 058 22.76 W
* NMEA UTC (Time) = Nov 22 2019 19:55:17
** H41
** NAVIO POLAR ALMIRANTE MAXIMIANO
** CRUZEIRO:
** OPERANTAR XXXVIII
** ESTAÇÃO: OP38_024
** LAT 62 13,16'S
** LONG 058 22,74'W
** 09P73767-1155_A
** PROFUNDIDADE: 292
** DATA/HORA: 221955Z/NOV/2019
** OPERADOR: SO-HN CHAVES
# nquan = 32
# nvalues = 277                         
# units = specified
# name 0 = scan: Scan Count
# name 1 = timeJ: Julian Days
# name 2 = latitude: Latitude [deg]
# name 3 = longitude: Longitude [deg]
# name 4 = dz/dtM: Descent Rate [m/s]
# name 5 = avgsvCM: Average Sound Velocity [Chen-Millero, m/s]
# name 6 = prDM: Pressure, Digiquartz [db]
# name 7 = depSM: Depth [salt water, m]
# name 8 = t090C: Temperature [ITS-90, deg C]
# name 9 = t190C: Temperature, 2 [ITS-90, deg C]
# name 10 = T2-T190C: Temperature Difference, 2 - 1 [ITS-90, deg C]
# name 11 = potemp090C: Potential Temperature [ITS-90, deg C]
# name 12 = potemp190C: Potential Temperature, 2 [ITS-90, deg C]
# name 13 = potemp90Cdiff: Potential Temperature, Diff, 2 - 1 [ITS-90, deg C]
# name 14 = c0S/m: Conductivity [S/m]
# name 15 = c1S/m: Conductivity, 2 [S/m]
# name 16 = C2-C1S/m: Conductivity Difference, 2 - 1 [S/m]
# name 17 = sal00: Salinity, Practical [PSU]
# name 18 = sal11: Salinity, Practical, 2 [PSU]
# name 19 = sbeox0ML/L: Oxygen, SBE 43 [ml/l]
# name 20 = sbeox1ML/L: Oxygen, SBE 43, 2 [ml/l]
# name 21 = sbeox0ML/Ldiff: Oxygen, SBE 43, Diff, 2 - 1 [ml/l]
# name 22 = sigma-é00: Density [sigma-theta, kg/m^3]
# name 23 = sigma-é11: Density, 2 [sigma-theta, kg/m^3]
# name 24 = sal00: Salinity, Practical [PSU]
# name 25 = sigma-é00: Density [sigma-theta, kg/m^3]
# name 26 = svCM: Sound Velocity [Chen-Millero, m/s]
# name 27 = svCM1: Sound Velocity, 2 [Chen-Millero, m/s]
# name 28 = gsw_ptA0: potential temperature [ITS-90, deg C]
# name 29 = gsw_densityA0: density, TEOS-10 [density, kg/m^3]
# name 30 = gsw_saA0: Absolute Salinity [g/kg]
# name 31 = flag:
# span 0 =       8998,      20305       
# span 1 = 326.834397, 326.839850       
# span 2 =  -62.21966,  -62.21962       
# span 3 =  -58.37928,  -58.37920       
# span 4 =     -1.192,     -0.196       
# span 5 =    1448.21,    1448.21       
# span 6 =      2.000,    278.000       
# span 7 =      1.984,    275.146       
# span 8 =    -0.5348,    -0.2786       
# span 9 =    -0.5348,    -0.2796       
# span 10 =    -0.0046,     0.0055      
# span 11 =    -0.5406,    -0.2786      
# span 12 =    -0.5407,    -0.2797      
# span 13 =    -0.0046,     0.0055      
# span 14 =   2.805792,   2.818327      
# span 15 =   2.806231,   2.818748      
# span 16 =   0.000121,   0.000871      
# span 17 =    34.1700,    34.2928      
# span 18 =    34.1753,    34.2983      
# span 19 =     7.0001,     7.6497      
# span 20 =     6.7067,     7.3923      
# span 21 =    -0.3758,    -0.2575      
# span 22 =    27.4500,    27.5613      
# span 23 =    27.4543,    27.5658      
# span 24 =    34.1703,    34.2928      
# span 25 =    27.4502,    27.5613      
# span 26 =    1446.38,    1450.25      
# span 27 =    1446.39,    1450.26      
# span 28 =    -0.5405,    -0.2787      
# span 29 =  1027.4642,  1028.8934      
# span 30 =    34.3351,    34.4602      
# span 31 = 0.0000e+00, 0.0000e+00      
# interval = decibars: 1                
# start_time = Nov 22 2019 19:55:17 [NMEA time, header]
# bad_flag = -9.990e-29
*END*
[from data line 227]
      14679 326.837136  -62.21964  -58.37922     -0.837    1448.21     51.000     50.504    -0.4660    -0.4661    -0.0000    -0.4676    -0.4676    -0.0000   2.806789   2.807196   0.000410    34.2031    34.2087     7.4344     7.1198    -0.3146    27.4855    27.4900    34.2033    27.4857    1446.75    1446.75    -0.4675  1027.7342    34.3686 0.0000e+00
      14715 326.837154  -62.21964  -58.37922     -0.701    1448.21     50.000     49.514    -0.4651    -0.4653    -0.0003    -0.4666    -0.4669    -0.0003   2.806794   2.807207   0.000411    34.2028    34.2086     7.4359     7.1265    -0.3093    27.4852    27.4899    34.2030    27.4853    1446.73    1446.74    -0.4666  1027.7291    34.3682 0.0000e+00
      14757 326.837174  -62.21964  -58.37922     -0.564    1448.21     49.000     48.524    -0.4663    -0.4658     0.0005    -0.4678    -0.4673     0.0005   2.806675   2.807124   0.000451    34.2032    34.2088     7.4431     7.1345    -0.3087    27.4856    27.4901    34.2033    27.4857    1446.71    1446.72    -0.4678  1027.7246    34.3686 0.0000e+00
      14792 326.837191  -62.21964  -58.37922     -0.658    1448.21     48.000     47.534    -0.4652    -0.4653    -0.0001    -0.4667    -0.4668    -0.0001   2.806682   2.807092   0.000414    34.2027    34.2085     7.4435     7.1425    -0.3010    27.4851    27.4898    34.2028    27.4852    1446.70    1446.71    -0.4666  1027.7194    34.3680 0.0000e+00
      14825 326.837207  -62.21964  -58.37922     -0.731    1448.21     47.000     46.544    -0.4649    -0.4653    -0.0004    -0.4663    -0.4668    -0.0004   2.806657   2.807062   0.000402    34.2027    34.2086     7.4378     7.1435    -0.2943    27.4851    27.4899    34.2027    27.4851    1446.69    1446.69    -0.4663  1027.7145    34.3679 0.0000e+00
      14862 326.837225  -62.21964  -58.37922     -0.668    1448.21     46.000     45.553    -0.4650    -0.4649     0.0000    -0.4664    -0.4664     0.0000   2.806632   2.807039   0.000414    34.2030    34.2085     7.4431     7.1362    -0.3069    27.4853    27.4898    34.2031    27.4855    1446.67    1446.67    -0.4664  1027.7106    34.3690 0.0000e+00
      14903 326.837244  -62.21964 -9.990e-29     -0.590    1448.21     45.000     44.563    -0.4589    -0.4616    -0.0027    -0.4603    -0.4630    -0.0027   2.806947   2.807208   0.000264    34.2008    34.2074     7.4450     7.1328    -0.3123    27.4833    27.4887    34.2012    27.4836    1446.68    1446.67    -0.4603  1027.7040    34.3671 0.0000e+00
      14940 326.837262  -62.21964  -58.37920     -0.640    1448.21     44.000     43.573    -0.4560    -0.4556     0.0004    -0.4573    -0.4569     0.0004   2.807065   2.807503   0.000434    34.1997    34.2051     7.4414     7.1312    -0.3103    27.4823    27.4866    34.2001    27.4826    1446.67    1446.68    -0.4573  1027.6980    34.3658 0.0000e+00
      14976 326.837279  -62.21964  -58.37920     -0.666    1448.21     43.000     42.583    -0.4556    -0.4551     0.0005    -0.4569    -0.4564     0.0005   2.807034   2.807485   0.000445    34.1996    34.2049     7.4511     7.1377    -0.3134    27.4821    27.4865    34.1998    27.4823    1446.66    1446.67    -0.4569  1027.6926    34.3650 0.0000e+00
      15013 326.837298  -62.21964  -58.37920     -0.641    1448.21     42.000     41.593    -0.4528    -0.4528     0.0000    -0.4541    -0.4541     0.0000   2.807154   2.807553   0.000408    34.1985    34.2041     7.4612     7.1477    -0.3135    27.4812    27.4856    34.1989    27.4815    1446.65    1446.66    -0.4541  1027.6869    34.3640 0.0000e+00
      15048 326.837314  -62.21964  -58.37920     -0.675    1448.21     41.000     40.602    -0.4526    -0.4529    -0.0004    -0.4538    -0.4542    -0.0004   2.807104   2.807511   0.000402    34.1984    34.2042     7.4651     7.1569    -0.3082    27.4811    27.4858    34.1985    27.4812    1446.64    1446.65    -0.4538  1027.6818    34.3637 0.0000e+00
      15083 326.837331  -62.21964  -58.37921     -0.697    1448.21     40.000     39.612    -0.4536    -0.4529     0.0007    -0.4549    -0.4541     0.0007   2.807006   2.807475   0.000465    34.1989    34.2043     7.4723     7.1681    -0.3041    27.4815    27.4859    34.1991    27.4817    1446.62    1446.63    -0.4548  1027.6775    34.3642 0.0000e+00
      15120 326.837349  -62.21964  -58.37922     -0.651    1448.21     39.000     38.622    -0.4512    -0.4512     0.0000    -0.4524    -0.4524     0.0000   2.807101   2.807524   0.000422    34.1980    34.2036     7.4716     7.1664    -0.3051    27.4807    27.4852    34.1982    27.4808    1446.61    1446.62    -0.4524  1027.6719    34.3633 0.0000e+00
      15158 326.837367  -62.21964  -58.37922     -0.633    1448.21     38.000     37.632    -0.4503    -0.4504    -0.0000    -0.4515    -0.4515    -0.0000   2.807101   2.807515   0.000415    34.1977    34.2033     7.4741     7.1730    -0.3011    27.4804    27.4849    34.1979    27.4805    1446.60    1446.61    -0.4515  1027.6668    34.3629 0.0000e+00
      15195 326.837385  -62.21964  -58.37921     -0.642    1448.21     37.000     36.642    -0.4502    -0.4504    -0.0001    -0.4514    -0.4515    -0.0001   2.807059   2.807472   0.000413    34.1977    34.2034     7.4694     7.1737    -0.2957    27.4804    27.4850    34.1978    27.4805    1446.58    1446.59    -0.4513  1027.6619    34.3629 0.0000e+00
      15234 326.837404  -62.21964  -58.37920     -0.627    1448.21     36.000     35.654    -0.4503    -0.4508    -0.0006    -0.4514    -0.4519    -0.0006   2.807002   2.807381   0.000381    34.1976    34.2034     7.4738     7.1730    -0.3008    27.4803    27.4850    34.1977    27.4804    1446.57    1446.57    -0.4514  1027.6571    34.3627 0.0000e+00
      15276 326.837424  -62.21964  -58.37920     -0.577    1448.21     35.000     34.659    -0.4503    -0.4512    -0.0009    -0.4513    -0.4523    -0.0009   2.806949   2.807312   0.000364    34.1975    34.2035     7.4780     7.1790    -0.2991    27.4802    27.4851    34.1976    27.4803    1446.55    1446.55    -0.4513  1027.6522    34.3627 0.0000e+00
      15314 326.837443  -62.21964  -58.37920     -0.610    1448.21     34.000     33.671    -0.4499    -0.4502    -0.0002    -0.4510    -0.4512    -0.0002   2.806919   2.807326   0.000403    34.1974    34.2031     7.4778     7.1795    -0.2983    27.4801    27.4847    34.1974    27.4802    1446.54    1446.54    -0.4509  1027.6473    34.3625 0.0000e+00
      15352 326.837461  -62.21964  -58.37920     -0.642    1448.21     33.000     32.681    -0.4500    -0.4498     0.0002    -0.4511    -0.4508     0.0002   2.806850   2.807270   0.000420    34.1972    34.2026     7.4779     7.1734    -0.3045    27.4800    27.4843    34.1972    27.4800    1446.52    1446.53    -0.4510  1027.6423    34.3622 0.0000e+00
      15392 326.837480  -62.21964  -58.37920     -0.605    1448.21     32.000     31.690    -0.4510    -0.4510    -0.0000    -0.4519    -0.4519    -0.0000   2.806725   2.807150   0.000427    34.1972    34.2030     7.4680     7.1774    -0.2906    27.4801    27.4847    34.1973    27.4801    1446.50    1446.51    -0.4520  1027.6376    34.3622 0.0000e+00
      15430 326.837499  -62.21964  -58.37920     -0.618    1448.21     31.000     30.700    -0.4513    -0.4518    -0.0005    -0.4522    -0.4527    -0.0005   2.806644   2.807044   0.000400    34.1971    34.2031     7.4691     7.1793    -0.2898    27.4799    27.4848    34.1971    27.4799    1446.48    1446.49    -0.4522  1027.6327    34.3621 0.0000e+00
      15469 326.837517  -62.21964  -58.37920     -0.625    1448.21     30.000     29.710    -0.4515    -0.4521    -0.0005    -0.4525    -0.4530    -0.0005   2.806586   2.806979   0.000392    34.1973    34.2032     7.4749     7.1752    -0.2997    27.4801    27.4849    34.1972    27.4801    1446.46    1446.47    -0.4524  1027.6280    34.3622 0.0000e+00
      15513 326.837538  -62.21964  -58.37922     -0.551    1448.21     29.000     28.720    -0.4515    -0.4510     0.0006    -0.4524    -0.4519     0.0006   2.806551   2.806971   0.000423    34.1973    34.2024     7.4788     7.1710    -0.3078    27.4801    27.4842    34.1973    27.4802    1446.45    1446.46    -0.4524  1027.6233    34.3623 0.0000e+00
      15557 326.837560  -62.21964  -58.37922     -0.545    1448.21     28.000     27.729    -0.4485    -0.4504    -0.0019    -0.4494    -0.4513    -0.0019   2.806650   2.806955   0.000316    34.1957    34.2022     7.4714     7.1809    -0.2905    27.4787    27.4840    34.1959    27.4789    1446.44    1446.44    -0.4493  1027.6172    34.3608 0.0000e+00
      15597 326.837579  -62.21964  -58.37922     -0.598    1448.21     27.000     26.739    -0.4449    -0.4462    -0.0013    -0.4457    -0.4470    -0.0013   2.806806   2.807149   0.000345    34.1942    34.2003     7.4764     7.1783    -0.2981    27.4773    27.4823    34.1945    27.4776    1446.44    1446.44    -0.4457  1027.6111    34.3595 0.0000e+00
      15636 326.837598  -62.21964  -58.37922     -0.604    1448.21     26.000     25.749    -0.4389    -0.4411    -0.0022    -0.4397    -0.4419    -0.0022   2.807113   2.807404   0.000289    34.1920    34.1984     7.4841     7.1804    -0.3037    27.4752    27.4805    34.1926    27.4757    1446.45    1446.45    -0.4397  1027.6045    34.3575 0.0000e+00
      15678 326.837618  -62.21964  -58.37922     -0.581    1448.21     25.000     24.758    -0.4323    -0.4358    -0.0034    -0.4331    -0.4365    -0.0034   2.807413   2.807647   0.000236    34.1894    34.1964     7.4983     7.1781    -0.3202    27.4728    27.4786    34.1898    27.4731    1446.46    1446.45    -0.4331  1027.5971    34.3546 0.0000e+00
      15724 326.837640  -62.21964  -58.37922     -0.521    1448.21     24.000     23.769    -0.4340    -0.4337     0.0003    -0.4347    -0.4344     0.0003   2.807263   2.807702   0.000429    34.1900    34.1954     7.5112     7.1939    -0.3173    27.4734    27.4778    34.1903    27.4736    1446.44    1446.45    -0.4347  1027.5928    34.3551 0.0000e+00
      15771 326.837663  -62.21964  -58.37922     -0.505    1448.21     23.000     22.778    -0.4348    -0.4328     0.0020    -0.4355    -0.4335     0.0020   2.807181   2.807683   0.000503    34.1904    34.1950     7.5168     7.2096    -0.3072    27.4738    27.4774    34.1907    27.4740    1446.42    1446.43    -0.4355  1027.5884    34.3555 0.0000e+00
      15811 326.837682  -62.21964  -58.37922     -0.600    1448.21     22.000     21.788    -0.4323    -0.4330    -0.0006    -0.4330    -0.4337    -0.0006   2.807256   2.807640   0.000385    34.1892    34.1952     7.5179     7.2125    -0.3054    27.4727    27.4775    34.1895    27.4729    1446.41    1446.42    -0.4330  1027.5825    34.3543 0.0000e+00
      15851 326.837702  -62.21964  -58.37922     -0.605    1448.21     21.000     20.799    -0.4318    -0.4321    -0.0003    -0.4324    -0.4328    -0.0003   2.807229   2.807624   0.000395    34.1890    34.1946     7.5157     7.2188    -0.2968    27.4725    27.4771    34.1892    27.4726    1446.40    1446.40    -0.4324  1027.5774    34.3540 0.0000e+00
      15902 326.837726  -62.21964  -58.37924     -0.467    1448.21     20.000     19.807    -0.4327    -0.4316     0.0011    -0.4333    -0.4322     0.0011   2.807132   2.807600   0.000462    34.1895    34.1944     7.5111     7.2093    -0.3018    27.4729    27.4768    34.1895    27.4729    1446.38    1446.39    -0.4333  1027.5730    34.3543 0.0000e+00
      15950 326.837750  -62.21966  -58.37924     -0.494    1448.21     19.000     18.815    -0.4263    -0.4290    -0.0027    -0.4269    -0.4296    -0.0027   2.807550   2.807752   0.000222    34.1879    34.1939     7.5183     7.2088    -0.3095    27.4713    27.4763    34.1885    27.4718    1446.39    1446.39    -0.4269  1027.5671    34.3533 0.0000e+00
      15994 326.837771  -62.21965  -58.37924     -0.549    1448.21     18.000     17.826    -0.4155    -0.4164    -0.0010    -0.4160    -0.4170    -0.0010   2.808263   2.808652   0.000355    34.1856    34.1914     7.5194     7.2120    -0.3074    27.4690    27.4738    34.1865    27.4697    1446.42    1446.43    -0.4160  1027.5602    34.3513 0.0000e+00
      16037 326.837791  -62.21964  -58.37923     -0.555    1448.21     17.000     16.836    -0.4116    -0.4078     0.0038    -0.4122    -0.4083     0.0038   2.808450   2.809113   0.000666    34.1846    34.1892     7.5319     7.2236    -0.3083    27.4680    27.4715    34.1853    27.4686    1446.42    1446.45    -0.4121  1027.5543    34.3501 0.0000e+00
      16081 326.837812  -62.21964  -58.37923     -0.556    1448.21     16.000     15.846    -0.3936    -0.3914     0.0022    -0.3941    -0.3919     0.0022   2.809751   2.810327   0.000591    34.1815    34.1870     7.5421     7.2276    -0.3146    27.4647    27.4690    34.1831    27.4659    1446.49    1446.50    -0.3941  1027.5469    34.3479 0.0000e+00
      16128 326.837835  -62.21964  -58.37924     -0.509    1448.21     15.000     14.855    -0.3923    -0.3963    -0.0040    -0.3928    -0.3968    -0.0040   2.809718   2.809835   0.000121    34.1811    34.1873     7.5520     7.2373    -0.3147    27.4643    27.4695    34.1818    27.4648    1446.47    1446.46    -0.3928  1027.5410    34.3467 0.0000e+00
      16182 326.837861  -62.21964  -58.37922     -0.439    1448.21     14.000     13.865    -0.3957    -0.3942     0.0015    -0.3961    -0.3946     0.0015   2.809399   2.809948   0.000539    34.1815    34.1870     7.5714     7.2314    -0.3401    27.4648    27.4692    34.1819    27.4651    1446.44    1446.46    -0.3961  1027.5365    34.3468 0.0000e+00
      16230 326.837885  -62.21964  -58.37922     -0.495    1448.21     13.000     12.875    -0.3967    -0.3952     0.0015    -0.3971    -0.3956     0.0015   2.809261   2.809788   0.000522    34.1815    34.1869     7.5703     7.2329    -0.3374    27.4648    27.4691    34.1818    27.4651    1446.42    1446.44    -0.3971  1027.5317    34.3467 0.0000e+00
      16272 326.837905  -62.21964  -58.37922     -0.570    1448.21     12.000     11.885    -0.3950    -0.3938     0.0012    -0.3954    -0.3942     0.0012   2.809316   2.809839   0.000524    34.1810    34.1866     7.5561     7.2368    -0.3193    27.4643    27.4688    34.1813    27.4646    1446.41    1446.43    -0.3954  1027.5264    34.3462 0.0000e+00
      16320 326.837928  -62.21964  -58.37922     -0.512    1448.21     11.000     10.894    -0.3903    -0.3912    -0.0009    -0.3906    -0.3915    -0.0009   2.809607   2.809932   0.000335    34.1799    34.1854     7.5679     7.2369    -0.3310    27.4632    27.4677    34.1805    27.4637    1446.42    1446.42    -0.3906  1027.5208    34.3454 0.0000e+00
      16375 326.837954  -62.21964  -58.37923     -0.432    1448.21     10.000      9.904    -0.3873    -0.3862     0.0011    -0.3876    -0.3865     0.0011   2.809763   2.810227   0.000456    34.1794    34.1842     7.5800     7.2338    -0.3462    27.4627    27.4666    34.1799    27.4631    1446.41    1446.43    -0.3876  1027.5154    34.3448 0.0000e+00
      16433 326.837982  -62.21964  -58.37922     -0.413    1448.21      9.000      8.913    -0.3760    -0.3732     0.0027    -0.3762    -0.3735     0.0027   2.810549   2.811227   0.000632    34.1772    34.1826     7.5827     7.2227    -0.3600    27.4604    27.4646    34.1782    27.4612    1446.45    1446.47    -0.3763  1027.5087    34.3432 0.0000e+00
      16500 326.838014  -62.21964  -58.37922     -0.347    1448.21      8.000      7.925    -0.3607    -0.3579     0.0027    -0.3609    -0.3582     0.0027   2.811667   2.812180   0.000547    34.1756    34.1799     7.6048     7.2289    -0.3758    27.4584    27.4617    34.1766    27.4592    1446.50    1446.52    -0.3609  1027.5019    34.3415 0.0000e+00
