Pos-Processados/process_op38/Processamento_split/up/uoperantar38_016.cnv
* Sea-Bird SBE 9 Data File:
* FileName = D:\OPERANTAR_XXXVIII\DADOS\OP38_016.hdr
* Software Version Seasave V 7.18c
* Temperature SN = 4808
* Conductivity SN = 3380
* Number of Bytes Per Scan = 34
* Number of Voltage Words = 3
* Number of Scans Averaged by the Deck Unit = 1
* NMEA Latitude = 62 13.34 S
* NMEA Longitude = 058 12.68 W
* NMEA UTC (Time) = Nov 05 2019 11:56:34
** H41
** NAVIO POLAR ALMIRANTE MAXIMIANO
** CRUZEIRO:
** OPERANTAR XXXVIII
** ESTAÇÃO: OP38_016
** LAT 62 13,33' S
** LONG 058 12,65' W
** 09P73767-1155_A
** PROFUNDIDADE: 310
** DATA/HORA: 051157Z/NOV/2019
** OPERADOR: SO-HN CHAVES
# nquan = 32
# nvalues = 283                         
# units = specified
# name 0 = scan: Scan Count
# name 1 = timeJ: Julian Days
# name 2 = latitude: Latitude [deg]
# name 3 = longitude: Longitude [deg]
# name 4 = dz/dtM: Descent Rate [m/s]
# name 5 = avgsvCM: Average Sound Velocity [Chen-Millero, m/s]
# name 6 = prDM: Pressure, Digiquartz [db]
# name 7 = depSM: Depth [salt water, m]
# name 8 = t090C: Temperature [ITS-90, deg C]
# name 9 = t190C: Temperature, 2 [ITS-90, deg C]
# name 10 = T2-T190C: Temperature Difference, 2 - 1 [ITS-90, deg C]
# name 11 = potemp090C: Potential Temperature [ITS-90, deg C]
# name 12 = potemp190C: Potential Temperature, 2 [ITS-90, deg C]
# name 13 = potemp90Cdiff: Potential Temperature, Diff, 2 - 1 [ITS-90, deg C]
# name 14 = c0S/m: Conductivity [S/m]
# name 15 = c1S/m: Conductivity, 2 [S/m]
# name 16 = C2-C1S/m: Conductivity Difference, 2 - 1 [S/m]
# name 17 = sal00: Salinity, Practical [PSU]
# name 18 = sal11: Salinity, Practical, 2 [PSU]
# name 19 = sbeox0ML/L: Oxygen, SBE 43 [ml/l]
# name 20 = sbeox1ML/L: Oxygen, SBE 43, 2 [ml/l]
# name 21 = sbeox0ML/Ldiff: Oxygen, SBE 43, Diff, 2 - 1 [ml/l]
# name 22 = sigma-é00: Density [sigma-theta, kg/m^3]
# name 23 = sigma-é11: Density, 2 [sigma-theta, kg/m^3]
# name 24 = sal00: Salinity, Practical [PSU]
# name 25 = sigma-é00: Density [sigma-theta, kg/m^3]
# name 26 = svCM: Sound Velocity [Chen-Millero, m/s]
# name 27 = svCM1: Sound Velocity, 2 [Chen-Millero, m/s]
# name 28 = gsw_ptA0: potential temperature [ITS-90, deg C]
# name 29 = gsw_densityA0: density, TEOS-10 [density, kg/m^3]
# name 30 = gsw_saA0: Absolute Salinity [g/kg]
# name 31 = flag:
# span 0 =      15564,      29939       
# span 1 = 309.505121, 309.512053       
# span 2 =  -62.22236,  -62.22236       
# span 3 =  -58.21132,  -58.21130       
# span 4 =     -1.094,     -0.186       
# span 5 =    1446.63,    1446.63       
# span 6 =      2.000,    284.000       
# span 7 =      1.985,    281.082       
# span 8 =    -0.9456,    -0.1753       
# span 9 =    -0.9459,    -0.1635       
# span 10 =    -0.0829,     0.0305      
# span 11 =    -0.9493,    -0.1855      
# span 12 =    -0.9491,    -0.1738      
# span 13 =    -0.0827,     0.0304      
# span 14 =   2.768794,   2.859439      
# span 15 =   2.769194,   2.861073      
# span 16 =  -0.009507,   0.003173      
# span 17 =    34.1599,    34.4456      
# span 18 =    34.1655,    34.4466      
# span 19 =     5.8553,     7.6105      
# span 20 =     5.5843,     7.3495      
# span 21 =    -0.3800,    -0.1201      
# span 22 =    27.4628,    27.6813      
# span 23 =    27.4675,    27.6683      
# span 24 =    34.1603,    34.4460      
# span 25 =    27.4631,    27.6817      
# span 26 =    1444.49,    1452.20      
# span 27 =    1444.51,    1452.27      
# span 28 =    -0.9492,    -0.1853      
# span 29 =  1027.4775,  1029.0185      
# span 30 =    34.3251,    34.6142      
# span 31 = 0.0000e+00, 0.0000e+00      
# interval = decibars: 1                
# start_time = Nov 05 2019 11:56:34 [NMEA time, header]
# bad_flag = -9.990e-29
*END*
[from data line 182]
      22021 309.508235  -62.22236  -58.21132     -1.030    1446.63    102.000    100.996    -0.9440    -0.9438     0.0002    -0.9468    -0.9466     0.0002   2.770266   2.770682   0.000414    34.2191    34.2246     7.3289     7.0212    -0.3077    27.5185    27.5228    34.2191    27.5184    1445.36    1445.36    -0.9467  1028.0129    34.3851 0.0000e+00
      22043 309.508245  -62.22236  -58.21132     -1.094    1446.63    101.000    100.006    -0.9433    -0.9429     0.0004    -0.9461    -0.9457     0.0004   2.770268   2.770696   0.000430    34.2190    34.2243     7.3329     7.0282    -0.3046    27.5183    27.5226    34.2190    27.5183    1445.34    1445.35    -0.9460  1028.0080    34.3850 0.0000e+00
      22069 309.508258  -62.22236  -58.21132     -1.010    1446.63    100.000     99.016    -0.9429    -0.9426     0.0003    -0.9456    -0.9453     0.0003   2.770269   2.770674   0.000403    34.2192    34.2243     7.3402     7.0193    -0.3209    27.5185    27.5226    34.2191    27.5184    1445.33    1445.34    -0.9455  1028.0032    34.3851 0.0000e+00
      22109 309.508278  -62.22236  -58.21132     -0.642    1446.63     99.000     98.027    -0.9430    -0.9430    -0.0000    -0.9456    -0.9457    -0.0000   2.770216   2.770604   0.000389    34.2191    34.2244     7.3402     7.0139    -0.3263    27.5184    27.5227    34.2191    27.5184    1445.31    1445.32    -0.9456  1027.9985    34.3851 0.0000e+00
      22157 309.508300  -62.22236  -58.21132     -0.483    1446.63     98.000     97.036    -0.9431    -0.9431    -0.0001    -0.9457    -0.9458    -0.0001   2.770154   2.770544   0.000389    34.2190    34.2244     7.3346     7.0110    -0.3236    27.5184    27.5227    34.2190    27.5183    1445.30    1445.30    -0.9457  1027.9936    34.3850 0.0000e+00
      22189 309.508316  -62.22236  -58.21132     -0.688    1446.63     97.000     96.046    -0.9434    -0.9429     0.0005    -0.9460    -0.9456     0.0005   2.770092   2.770528   0.000430    34.2192    34.2245     7.3327     7.0117    -0.3211    27.5185    27.5228    34.2191    27.5184    1445.28    1445.29    -0.9459  1027.9889    34.3851 0.0000e+00
      22215 309.508329  -62.22236  -58.21132     -0.863    1446.63     96.000     95.056    -0.9420    -0.9421     0.0000    -0.9447    -0.9446    -0.0000   2.770180   2.770562   0.000391    34.2191    34.2245     7.3373     7.0106    -0.3267    27.5184    27.5227    34.2194    27.5186    1445.27    1445.28    -0.9445  1027.9843    34.3854 0.0000e+00
      22238 309.508340  -62.22236  -58.21132     -0.992    1446.63     95.000     94.066    -0.9389    -0.9390    -0.0000    -0.9415    -0.9416    -0.0000   2.770367   2.770763   0.000392    34.2189    34.2243     7.3412     7.0105    -0.3307    27.5181    27.5225    34.2191    27.5182    1445.27    1445.27    -0.9414  1027.9791    34.3850 0.0000e+00
      22260 309.508350  -62.22236  -58.21132     -1.070    1446.63     94.000     93.076    -0.9388    -0.9389    -0.0000    -0.9414    -0.9414    -0.0000   2.770323   2.770729   0.000406    34.2189    34.2245     7.3412     7.0151    -0.3261    27.5181    27.5226    34.2189    27.5181    1445.25    1445.26    -0.9413  1027.9741    34.3849 0.0000e+00
      22283 309.508361  -62.22236  -58.21132     -1.075    1446.63     93.000     92.086    -0.9389    -0.9388     0.0001    -0.9415    -0.9413     0.0001   2.770279   2.770678   0.000400    34.2190    34.2243     7.3409     7.0195    -0.3213    27.5182    27.5225    34.2191    27.5182    1445.23    1445.24    -0.9413  1027.9694    34.3850 0.0000e+00
      22308 309.508373  -62.22236  -58.21132     -1.002    1446.63     92.000     91.096    -0.9389    -0.9389     0.0001    -0.9414    -0.9414     0.0001   2.770230   2.770633   0.000403    34.2191    34.2244     7.3403     7.0156    -0.3247    27.5182    27.5226    34.2191    27.5182    1445.22    1445.23    -0.9413  1027.9646    34.3849 0.0000e+00
      22337 309.508387  -62.22236  -58.21132     -0.871    1446.63     91.000     90.106    -0.9391    -0.9391    -0.0000    -0.9416    -0.9416    -0.0000   2.770176   2.770554   0.000382    34.2191    34.2243     7.3347     7.0220    -0.3127    27.5182    27.5225    34.2191    27.5183    1445.20    1445.21    -0.9415  1027.9599    34.3850 0.0000e+00
      22370 309.508403  -62.22236  -58.21132     -0.747    1446.63     90.000     89.117    -0.9393    -0.9393     0.0001    -0.9418    -0.9417     0.0001   2.770115   2.770504   0.000388    34.2192    34.2244     7.3259     7.0170    -0.3089    27.5183    27.5225    34.2192    27.5183    1445.18    1445.19    -0.9417  1027.9552    34.3850 0.0000e+00
      22408 309.508421  -62.22236  -58.21132     -0.650    1446.63     89.000     88.126    -0.9392    -0.9392     0.0001    -0.9416    -0.9416     0.0001   2.770079   2.770480   0.000401    34.2192    34.2246     7.3345     7.0117    -0.3228    27.5183    27.5227    34.2191    27.5183    1445.17    1445.18    -0.9415  1027.9503    34.3850 0.0000e+00
      22443 309.508439  -62.22236  -58.21132     -0.658    1446.63     88.000     87.137    -0.9392    -0.9392     0.0000    -0.9416    -0.9416     0.0000   2.770026   2.770426   0.000399    34.2191    34.2245     7.3336     7.0114    -0.3221    27.5183    27.5226    34.2191    27.5183    1445.15    1445.16    -0.9415  1027.9455    34.3849 0.0000e+00
      22472 309.508453  -62.22236  -58.21132     -0.778    1446.63     87.000     86.147    -0.9393    -0.9392     0.0001    -0.9416    -0.9416     0.0001   2.769970   2.770364   0.000398    34.2190    34.2244     7.3344     7.0147    -0.3197    27.5182    27.5226    34.2190    27.5182    1445.14    1445.14    -0.9416  1027.9406    34.3848 0.0000e+00
      22499 309.508466  -62.22236  -58.21132     -0.872    1446.63     86.000     85.157    -0.9397    -0.9398    -0.0000    -0.9421    -0.9421    -0.0000   2.769830   2.770215   0.000381    34.2185    34.2237     7.3317     7.0117    -0.3200    27.5178    27.5220    34.2183    27.5176    1445.12    1445.12    -0.9420  1027.9352    34.3841 0.0000e+00
      22525 309.508478  -62.22236  -58.21132     -0.908    1446.63     85.000     84.167    -0.9405    -0.9405     0.0001    -0.9428    -0.9427     0.0001   2.769641   2.770030   0.000386    34.2174    34.2225     7.3301     7.0130    -0.3171    27.5169    27.5211    34.2172    27.5168    1445.09    1445.10    -0.9427  1027.9296    34.3830 0.0000e+00
      22551 309.508491  -62.22236  -58.21132     -0.925    1446.63     84.000     83.177    -0.9405    -0.9404     0.0001    -0.9428    -0.9426     0.0001   2.769466   2.769881   0.000416    34.2156    34.2211     7.3326     7.0113    -0.3213    27.5155    27.5199    34.2154    27.5153    1445.08    1445.08    -0.9427  1027.9233    34.3811 0.0000e+00
      22577 309.508503  -62.22236  -58.21132     -0.930    1446.63     83.000     82.187    -0.9403    -0.9400     0.0003    -0.9426    -0.9423     0.0003   2.769364   2.769760   0.000394    34.2145    34.2196     7.3370     7.0190    -0.3180    27.5146    27.5187    34.2144    27.5145    1445.06    1445.07    -0.9425  1027.9177    34.3801 0.0000e+00
      22606 309.508517  -62.22236  -58.21132     -0.876    1446.63     82.000     81.197    -0.9401    -0.9398     0.0003    -0.9423    -0.9420     0.0003   2.769320   2.769695   0.000381    34.2142    34.2190     7.3376     7.0278    -0.3098    27.5143    27.5182    34.2142    27.5143    1445.04    1445.05    -0.9422  1027.9128    34.3799 0.0000e+00
      22638 309.508533  -62.22236  -58.21132     -0.763    1446.63     81.000     80.207    -0.9401    -0.9395     0.0005    -0.9422    -0.9417     0.0005   2.769366   2.769633   0.000265    34.2154    34.2184     7.3496     7.0255    -0.3241    27.5153    27.5177    34.2154    27.5153    1445.03    1445.04    -0.9422  1027.9089    34.3811 0.0000e+00
      22672 309.508549  -62.22236  -58.21132     -0.700    1446.63     80.000     79.217    -0.9398    -0.9395     0.0003    -0.9419    -0.9417     0.0003   2.769241   2.769635   0.000377    34.2142    34.2191     7.3559     7.0401    -0.3158    27.5143    27.5182    34.2141    27.5142    1445.01    1445.02    -0.9419  1027.9030    34.3797 0.0000e+00
      22702 309.508563  -62.22236  -58.21132     -0.770    1446.63     79.000     78.225    -0.9391    -0.9391     0.0001    -0.9413    -0.9412     0.0001   2.769060   2.769511   0.000463    34.2115    34.2177     7.3604     7.0449    -0.3155    27.5121    27.5171    34.2115    27.5121    1445.00    1445.00    -0.9412  1027.8961    34.3771 0.0000e+00
      22729 309.508577  -62.22236  -58.21132     -0.863    1446.63     78.000     77.236    -0.9384    -0.9381     0.0004    -0.9405    -0.9402     0.0004   2.768976   2.769374   0.000399    34.2102    34.2152     7.3556     7.0457    -0.3098    27.5110    27.5151    34.2101    27.5109    1444.98    1444.99    -0.9404  1027.8901    34.3757 0.0000e+00
      22758 309.508590  -62.22236  -58.21132     -0.855    1446.63     77.000     76.247    -0.9376    -0.9374     0.0002    -0.9396    -0.9394     0.0002   2.768897   2.769283   0.000391    34.2086    34.2137     7.3614     7.0486    -0.3128    27.5097    27.5138    34.2087    27.5098    1444.97    1444.97    -0.9396  1027.8841    34.3743 0.0000e+00
      22791 309.508606  -62.22236  -58.21132     -0.748    1446.63     76.000     75.257    -0.9385    -0.9373     0.0012    -0.9406    -0.9394     0.0012   2.768950   2.769256   0.000307    34.2111    34.2139     7.3689     7.0541    -0.3148    27.5118    27.5140    34.2112    27.5118    1444.95    1444.96    -0.9405  1027.8814    34.3767 0.0000e+00
      22823 309.508622  -62.22236  -58.21132     -0.727    1446.63     75.000     74.267    -0.9374    -0.9373     0.0001    -0.9394    -0.9394     0.0001   2.768813   2.769223   0.000402    34.2087    34.2141     7.3806     7.0567    -0.3239    27.5098    27.5141    34.2086    27.5097    1444.94    1444.94    -0.9394  1027.8745    34.3742 0.0000e+00
      22850 309.508635  -62.22236  -58.21132     -0.838    1446.63     74.000     73.280    -0.9357    -0.9352     0.0005    -0.9377    -0.9372     0.0005   2.768794   2.769226   0.000428    34.2069    34.2122     7.3859     7.0568    -0.3291    27.5082    27.5125    34.2071    27.5084    1444.92    1444.93    -0.9376  1027.8683    34.3726 0.0000e+00
      22877 309.508648  -62.22236  -58.21132     -0.913    1446.63     73.000     72.283    -0.9305    -0.9284     0.0021    -0.9325    -0.9304     0.0021   2.768959   2.769454   0.000490    34.2036    34.2078     7.3802     7.0604    -0.3198    27.5053    27.5087    34.2040    27.5056    1444.93    1444.95    -0.9324  1027.8608    34.3695 0.0000e+00
      22904 309.508661  -62.22236  -58.21132     -0.900    1446.63     72.000     71.296    -0.9259    -0.9252     0.0006    -0.9278    -0.9272     0.0006   2.769094   2.769519   0.000430    34.2008    34.2060     7.3863     7.0676    -0.3186    27.5029    27.5070    34.2012    27.5032    1444.93    1444.94    -0.9278  1027.8536    34.3667 0.0000e+00
      22932 309.508674  -62.22236  -58.21132     -0.861    1446.63     71.000     70.306    -0.9246    -0.9243     0.0004    -0.9266    -0.9262     0.0004   2.769100   2.769513   0.000412    34.2002    34.2054     7.3991     7.0764    -0.3227    27.5023    27.5065    34.2005    27.5026    1444.92    1444.93    -0.9265  1027.8482    34.3660 0.0000e+00
      22959 309.508687  -62.22236  -58.21132     -0.869    1446.63     70.000     69.316    -0.9238    -0.9233     0.0005    -0.9257    -0.9252     0.0005   2.769081   2.769507   0.000425    34.1996    34.2049     7.4182     7.0881    -0.3301    27.5019    27.5061    34.1999    27.5021    1444.91    1444.92    -0.9256  1027.8429    34.3654 0.0000e+00
      22986 309.508700  -62.22236  -58.21132     -0.886    1446.63     69.000     68.326    -0.9230    -0.9222     0.0007    -0.9248    -0.9241     0.0007   2.769084   2.769508   0.000422    34.1993    34.2042     7.4301     7.0995    -0.3306    27.5015    27.5055    34.1996    27.5018    1444.89    1444.90    -0.9248  1027.8378    34.3651 0.0000e+00
      23017 309.508715  -62.22236  -58.21132     -0.823    1446.63     68.000     67.336    -0.9207    -0.9191     0.0016    -0.9226    -0.9209     0.0016   2.769125   2.769606   0.000473    34.1980    34.2026     7.4313     7.0935    -0.3378    27.5004    27.5041    34.1983    27.5007    1444.89    1444.90    -0.9225  1027.8318    34.3637 0.0000e+00
      23050 309.508731  -62.22236  -58.21132     -0.732    1446.63     67.000     66.346    -0.9211    -0.9181     0.0030    -0.9229    -0.9199     0.0030   2.769095   2.769607   0.000514    34.1985    34.2021     7.4362     7.1050    -0.3312    27.5008    27.5036    34.1989    27.5012    1444.87    1444.89    -0.9228  1027.8275    34.3643 0.0000e+00
      23081 309.508746  -62.22236  -58.21132     -0.758    1446.63     66.000     65.356    -0.9160    -0.9156     0.0004    -0.9178    -0.9174     0.0004   2.769268   2.769690   0.000427    34.1957    34.2010     7.4437     7.1112    -0.3325    27.4984    27.5027    34.1962    27.4988    1444.87    1444.88    -0.9177  1027.8203    34.3616 0.0000e+00
      23108 309.508759  -62.22236  -58.21132     -0.832    1446.63     65.000     64.366    -0.9146    -0.9143     0.0003    -0.9163    -0.9161     0.0003   2.769294   2.769716   0.000420    34.1951    34.2004     7.4494     7.1200    -0.3294    27.4978    27.5022    34.1955    27.4981    1444.86    1444.87    -0.9163  1027.8149    34.3609 0.0000e+00
      23136 309.508773  -62.22236  -58.21132     -0.878    1446.63     64.000     63.376    -0.9126    -0.9120     0.0007    -0.9144    -0.9137     0.0007   2.769365   2.769811   0.000448    34.1944    34.1998     7.4474     7.1306    -0.3168    27.4972    27.5015    34.1948    27.4975    1444.85    1444.86    -0.9143  1027.8095    34.3602 0.0000e+00
      23165 309.508787  -62.22236  -58.21132     -0.836    1446.63     63.000     62.386    -0.9112    -0.9112     0.0001    -0.9129    -0.9129     0.0001   2.769396   2.769806   0.000407    34.1941    34.1995     7.4629     7.1305    -0.3324    27.4968    27.5013    34.1943    27.4970    1444.84    1444.85    -0.9129  1027.8042    34.3597 0.0000e+00
      23198 309.508803  -62.22236  -58.21132     -0.748    1446.63     62.000     61.396    -0.9118    -0.9106     0.0013    -0.9135    -0.9122     0.0013   2.769336   2.769803   0.000467    34.1945    34.1994     7.4637     7.1381    -0.3256    27.4972    27.5012    34.1948    27.4975    1444.83    1444.84    -0.9134  1027.7998    34.3601 0.0000e+00
      23231 309.508818  -62.22236  -58.21132     -0.728    1446.63     61.000     60.406    -0.9104    -0.9099     0.0004    -0.9120    -0.9116     0.0004   2.769368   2.769780   0.000416    34.1939    34.1991     7.4582     7.1508    -0.3074    27.4967    27.5009    34.1942    27.4969    1444.82    1444.82    -0.9120  1027.7945    34.3595 0.0000e+00
      23260 309.508832  -62.22236  -58.21132     -0.794    1446.63     60.000     59.415    -0.9094    -0.9093     0.0001    -0.9110    -0.9109     0.0001   2.769357   2.769766   0.000408    34.1933    34.1987     7.4597     7.1551    -0.3047    27.4962    27.5005    34.1935    27.4964    1444.80    1444.81    -0.9110  1027.7891    34.3589 0.0000e+00
      23288 309.508846  -62.22236  -58.21132     -0.856    1446.63     59.000     58.432    -0.9092    -0.9085     0.0007    -0.9108    -0.9101     0.0007   2.769315   2.769751   0.000436    34.1932    34.1983     7.4700     7.1509    -0.3191    27.4961    27.5002    34.1934    27.4962    1444.79    1444.80    -0.9107  1027.7842    34.3587 0.0000e+00
