Pos-Processados/process_op38/Processamento_split/up/uoperantar38_024.cnv
* Sea-Bird SBE 9 Data File:
* FileName = D:\OPERANTAR_XXXVIII\DADOS\OP38_024.hdr
* Software Version Seasave V 7.18c
* Temperature SN = 4808
* Conductivity SN = 3380
* Number of Bytes Per Scan = 34
* Number of Voltage Words = 3
* Number of Scans Averaged by the Deck Unit = 1
* NMEA Latitude = 62 13.17 S
* NMEA Longitude = 058 22.76 W
* NMEA UTC (Time) = Nov 22 2019 19:55:17
** H41
** NAVIO POLAR ALMIRANTE MAXIMIANO
** CRUZEIRO:
** OPERANTAR XXXVIII
** ESTAÇÃO: OP38_024
** LAT 62 13,16'S
** LONG 058 22,74'W
** 09P73767-1155_A
** PROFUNDIDADE: 292
** DATA/HORA: 221955Z/NOV/2019
** OPERADOR: SO-HN CHAVES
# nquan = 33
# nvalues = 277                         
# units = specified
# name 0 = scan: Scan Count
# name 1 = timeJ: Julian Days
# name 2 = latitude: Latitude [deg]
# name 3 = longitude: Longitude [deg]
# name 4 = dz/dtM: Descent Rate [m/s]
# name 5 = avgsvCM: Average Sound Velocity [Chen-Millero, m/s]
# name 6 = prDM: Pressure, Digiquartz [db]
# name 7 = depSM: Depth [salt water, m]
# name 8 = t090C: Temperature [ITS-90, deg C]
# name 9 = t190C: Temperature, 2 [ITS-90, deg C]
# name 10 = T2-T190C: Temperature Difference, 2 - 1 [ITS-90, deg C]
# name 11 = potemp090C: Potential Temperature [ITS-90, deg C]
# name 12 = potemp190C: Potential Temperature, 2 [ITS-90, deg C]
# name 13 = potemp90Cdiff: Potential Temperature, Diff, 2 - 1 [ITS-90, deg C]
# name 14 = c0S/m: Conductivity [S/m]
# name 15 = c1S/m: Conductivity, 2 [S/m]
# name 16 = C2-C1S/m: Conductivity Difference, 2 - 1 [S/m]
# name 17 = sal00: Salinity, Practical [PSU]
# name 18 = sal11: Salinity, Practical, 2 [PSU]
# name 19 = sbeox0ML/L: Oxygen, SBE 43 [ml/l]
# name 20 = sigma-é00: Density [sigma-theta, kg/m^3]
# name 21 = sigma-é11: Density, 2 [sigma-theta, kg/m^3]
# name 22 = sbox0Mm/Kg: Oxygen, SBE 43 [umol/kg]
# name 23 = oxsolMm/Kg: Oxygen Saturation, Garcia & Gordon [umol/kg]
# name 24 = oxsatMm/Kg: Oxygen Saturation, Weiss [umol/kg]
# name 25 = sal00: Salinity, Practical [PSU]
# name 26 = sigma-é00: Density [sigma-theta, kg/m^3]
# name 27 = svCM: Sound Velocity [Chen-Millero, m/s]
# name 28 = svCM1: Sound Velocity, 2 [Chen-Millero, m/s]
# name 29 = gsw_ptA0: potential temperature [ITS-90, deg C]
# name 30 = gsw_densityA0: density, TEOS-10 [density, kg/m^3]
# name 31 = gsw_saA0: Absolute Salinity [g/kg]
# name 32 = flag:
# span 0 =       8998,      20305       
# span 1 = 326.834397, 326.839850       
# span 2 =  -62.21966,  -62.21962       
# span 3 =  -58.37928,  -58.37920       
# span 4 =     -1.192,     -0.196       
# span 5 =    1448.21,    1448.21       
# span 6 =      2.000,    278.000       
# span 7 =      1.984,    275.146       
# span 8 =    -0.5348,    -0.2786       
# span 9 =    -0.5348,    -0.2796       
# span 10 =    -0.0046,     0.0055      
# span 11 =    -0.5406,    -0.2786      
# span 12 =    -0.5407,    -0.2797      
# span 13 =    -0.0046,     0.0055      
# span 14 =   2.805792,   2.818327      
# span 15 =   2.806231,   2.818748      
# span 16 =   0.000121,   0.000871      
# span 17 =    34.1700,    34.2928      
# span 18 =    34.1753,    34.2983      
# span 19 =     7.0001,     7.6497      
# span 20 =    27.4500,    27.5613      
# span 21 =    27.4543,    27.5658      
# span 22 =    304.239,    332.509      
# span 23 =  352.77022,  354.94016      
# span 24 =  354.30165,  356.52855      
# span 25 =    34.1703,    34.2928      
# span 26 =    27.4502,    27.5613      
# span 27 =    1446.38,    1450.25      
# span 28 =    1446.39,    1450.26      
# span 29 =    -0.5405,    -0.2787      
# span 30 =  1027.4642,  1028.8934      
# span 31 =    34.3351,    34.4602      
# span 32 = 0.0000e+00, 0.0000e+00      
# interval = decibars: 1                
# start_time = Nov 22 2019 19:55:17 [NMEA time, header]
# bad_flag = -9.990e-29
*END*
[from data line 44]
      10449 326.835096  -62.21964  -58.37926     -1.017    1448.21    234.000    231.622    -0.5237    -0.5236     0.0001    -0.5312    -0.5311     0.0001   2.816164   2.816580   0.000417    34.2822    34.2877     7.0492    27.5523    27.5567    306.375  354.73758  356.32634    34.2822    27.5523    1449.56    1449.57    -0.5311  1028.6750    34.4494 0.0000e+00
      10471 326.835107  -62.21964  -58.37926     -1.055    1448.21    233.000    230.633    -0.5239    -0.5236     0.0002    -0.5313    -0.5311     0.0002   2.816133   2.816537   0.000407    34.2825    34.2878     7.0596    27.5526    27.5568    306.828  354.73800  356.32681    34.2825    27.5526    1449.54    1449.55    -0.5312  1028.6705    34.4498 0.0000e+00
      10492 326.835117  -62.21964  -58.37926     -1.105    1448.21    232.000    229.644    -0.5240    -0.5239     0.0001    -0.5314    -0.5314     0.0001   2.816124   2.816533   0.000404    34.2833    34.2886     7.0660    27.5532    27.5575    307.104  354.73771  356.32661    34.2833    27.5532    1449.52    1449.53    -0.5313  1028.6663    34.4505 0.0000e+00
      10513 326.835127  -62.21964  -58.37926     -1.136    1448.21    231.000    228.654    -0.5240    -0.5239     0.0001    -0.5314    -0.5313     0.0001   2.816072   2.816478   0.000404    34.2832    34.2885     7.0628    27.5531    27.5574    306.968  354.73764  356.32652    34.2831    27.5531    1449.51    1449.52    -0.5313  1028.6614    34.4504 0.0000e+00
      10534 326.835137  -62.21964  -58.37926     -1.146    1448.21    230.000    227.665    -0.5239    -0.5239    -0.0000    -0.5313    -0.5313    -0.0000   2.815985   2.816410   0.000428    34.2825    34.2883     7.0652    27.5526    27.5573    307.072  354.73856  356.32739    34.2824    27.5525    1449.49    1449.50    -0.5311  1028.6561    34.4497 0.0000e+00
      10556 326.835148  -62.21964  -58.37926     -1.122    1448.21    229.000    226.676    -0.5237    -0.5237    -0.0000    -0.5310    -0.5311    -0.0000   2.815894   2.816309   0.000416    34.2817    34.2873     7.0646    27.5519    27.5564    307.046  354.73909  356.32783    34.2816    27.5519    1449.47    1449.48    -0.5309  1028.6507    34.4489 0.0000e+00
      10577 326.835158  -62.21964  -58.37926     -1.108    1448.21    228.000    225.687    -0.5236    -0.5236     0.0000    -0.5309    -0.5309     0.0000   2.815822   2.816234   0.000413    34.2812    34.2867     7.0551    27.5515    27.5559    306.635  354.73967  356.32837    34.2812    27.5515    1449.46    1449.47    -0.5308  1028.6456    34.4484 0.0000e+00
      10598 326.835168  -62.21964  -58.37926     -1.134    1448.21    227.000    224.697    -0.5239    -0.5237     0.0001    -0.5311    -0.5310     0.0001   2.815778   2.816198   0.000416    34.2815    34.2870     7.0555    27.5518    27.5562    306.651  354.74076  356.32952    34.2815    27.5517    1449.44    1449.45    -0.5310  1028.6410    34.4487 0.0000e+00
      10619 326.835178  -62.21964  -58.37926     -1.159    1448.21    226.000    223.708    -0.5239    -0.5238     0.0001    -0.5311    -0.5310     0.0001   2.815701   2.816125   0.000426    34.2811    34.2867     7.0672    27.5514    27.5559    307.159  354.74236  356.33109    34.2810    27.5514    1449.42    1449.43    -0.5310  1028.6359    34.4482 0.0000e+00
      10640 326.835189  -62.21964  -58.37926     -1.133    1448.21    225.000    222.719    -0.5239    -0.5239     0.0000    -0.5311    -0.5311 5.8722e-08   2.815626   2.816051   0.000426    34.2808    34.2865     7.0721    27.5511    27.5558    307.373  354.74339  356.33211    34.2807    27.5511    1449.41    1449.42    -0.5310  1028.6309    34.4479 0.0000e+00
      10663 326.835200  -62.21964  -58.37926     -1.075    1448.21    224.000    221.729    -0.5239    -0.5239     0.0001    -0.5311    -0.5310     0.0001   2.815552   2.815969   0.000418    34.2804    34.2859     7.0671    27.5508    27.5553    307.156  354.74483  356.33355    34.2803    27.5508    1449.39    1449.40    -0.5309  1028.6258    34.4475 0.0000e+00
      10688 326.835212  -62.21964  -58.37928     -1.017    1448.21    223.000    220.740    -0.5239    -0.5239     0.0001    -0.5310    -0.5310     0.0001   2.815488   2.815899   0.000410    34.2801    34.2856     7.0652    27.5507    27.5550    307.071  354.74541  356.33411    34.2801    27.5506    1449.37    1449.38    -0.5309  1028.6208    34.4472 0.0000e+00
      10713 326.835224  -62.21964  -58.37928     -0.974    1448.21    222.000    219.751    -0.5240    -0.5238     0.0002    -0.5311    -0.5309     0.0002   2.815418   2.815828   0.000412    34.2798    34.2852     7.0616    27.5504    27.5547    306.917  354.74662  356.33531    34.2798    27.5504    1449.36    1449.36    -0.5310  1028.6159    34.4470 0.0000e+00
      10737 326.835235  -62.21964  -58.37926     -0.978    1448.21    221.000    218.761    -0.5240    -0.5239     0.0001    -0.5311    -0.5310     0.0001   2.815352   2.815769   0.000416    34.2796    34.2851     7.0691    27.5503    27.5547    307.239  354.74770  356.33640    34.2796    27.5502    1449.34    1449.35    -0.5309  1028.6109    34.4467 0.0000e+00
      10759 326.835246  -62.21964  -58.37926     -1.034    1448.21    220.000    217.772    -0.5240    -0.5239     0.0001    -0.5310    -0.5309     0.0001   2.815301   2.815707   0.000406    34.2795    34.2848     7.0715    27.5501    27.5544    307.345  354.74790  356.33658    34.2795    27.5501    1449.32    1449.33    -0.5309  1028.6061    34.4466 0.0000e+00
      10780 326.835256  -62.21964  -58.37926     -1.109    1448.21    219.000    216.783    -0.5241    -0.5241    -0.0001    -0.5310    -0.5311    -0.0001   2.815273   2.815675   0.000403    34.2798    34.2853     7.0772    27.5503    27.5548    307.592  354.74752  356.33623    34.2798    27.5503    1449.31    1449.31    -0.5309  1028.6015    34.4469 0.0000e+00
      10800 326.835266  -62.21964  -58.37926     -1.167    1448.21    218.000    215.793    -0.5241    -0.5241     0.0000    -0.5311    -0.5311     0.0000   2.815212   2.815642   0.000426    34.2797    34.2855     7.0793    27.5504    27.5550    307.682  354.74851  356.33724    34.2797    27.5503    1449.29    1449.30    -0.5309  1028.5967    34.4468 0.0000e+00
      10820 326.835275  -62.21964  -58.37926     -1.192    1448.21    217.000    214.804    -0.5242    -0.5242     0.0000    -0.5311    -0.5311     0.0000   2.815111   2.815541   0.000433    34.2791    34.2849     7.0767    27.5498    27.5545    307.572  354.75078  356.33948    34.2790    27.5497    1449.27    1449.28    -0.5310  1028.5914    34.4461 0.0000e+00
      10842 326.835286  -62.21964  -58.37926     -1.156    1448.21    216.000    213.815    -0.5243    -0.5242     0.0000    -0.5311    -0.5311     0.0000   2.815035   2.815476   0.000439    34.2787    34.2846     7.0727    27.5495    27.5542    307.396  354.75256  356.34126    34.2787    27.5495    1449.26    1449.26    -0.5311  1028.5864    34.4458 0.0000e+00
      10865 326.835297  -62.21964  -58.37926     -1.069    1448.21    215.000    212.825    -0.5243    -0.5243    -0.0000    -0.5311    -0.5312    -0.0000   2.814987   2.815395   0.000411    34.2787    34.2842     7.0719    27.5494    27.5539    307.365  354.75283  356.34152    34.2786    27.5494    1449.24    1449.25    -0.5310  1028.5816    34.4458 0.0000e+00
      10890 326.835309  -62.21964  -58.37926     -0.987    1448.21    214.000    211.836    -0.5243    -0.5243    -0.0000    -0.5311    -0.5311    -0.0000   2.814958   2.815372   0.000413    34.2789    34.2844     7.0784    27.5496    27.5541    307.645  354.75232  356.34103    34.2789    27.5496    1449.22    1449.23    -0.5310  1028.5770    34.4460 0.0000e+00
      10914 326.835321  -62.21964  -58.37926     -0.970    1448.21    213.000    210.852    -0.5242    -0.5243    -0.0001    -0.5310    -0.5311    -0.0001   2.814911   2.815333   0.000424    34.2788    34.2846     7.0802    27.5496    27.5543    307.722  354.75201  356.34071    34.2788    27.5496    1449.21    1449.22    -0.5309  1028.5722    34.4459 0.0000e+00
      10938 326.835332  -62.21964  -58.37926     -1.002    1448.21    212.000    209.851    -0.5244    -0.5243     0.0001    -0.5312    -0.5310     0.0001   2.814812   2.815246   0.000431    34.2784    34.2840     7.0734    27.5492    27.5538    307.429  354.75510  356.34381    34.2782    27.5491    1449.19    1449.20    -0.5310  1028.5670    34.4454 0.0000e+00
      10961 326.835343  -62.21964  -58.37926     -1.026    1448.21    211.000    208.868    -0.5245    -0.5245     0.0000    -0.5312    -0.5312     0.0000   2.814760   2.815174   0.000415    34.2784    34.2839     7.0739    27.5492    27.5537    307.452  354.75595  356.34468    34.2783    27.5491    1449.17    1449.18    -0.5311  1028.5622    34.4454 0.0000e+00
      10985 326.835355  -62.21964  -58.37926     -1.021    1448.21    210.000    207.878    -0.5246    -0.5245     0.0001    -0.5313    -0.5312     0.0001   2.814676   2.815105   0.000427    34.2780    34.2836     7.0784    27.5489    27.5535    307.648  354.75791  356.34665    34.2778    27.5488    1449.16    1449.16    -0.5311  1028.5571    34.4449 0.0000e+00
      11009 326.835366  -62.21964  -58.37926     -1.009    1448.21    209.000    206.889    -0.5246    -0.5247    -0.0001    -0.5313    -0.5314    -0.0001   2.814631   2.815041   0.000411    34.2780    34.2836     7.0775    27.5489    27.5535    307.609  354.75838  356.34713    34.2779    27.5489    1449.14    1449.15    -0.5311  1028.5524    34.4450 0.0000e+00
      11031 326.835377  -62.21964  -58.37926     -1.046    1448.21    208.000    205.899    -0.5247    -0.5247 5.0868e-07    -0.5313    -0.5313 5.0868e-07   2.814590   2.815002   0.000414    34.2781    34.2837     7.0810    27.5490    27.5535    307.760  354.75845  356.34721    34.2780    27.5490    1449.12    1449.13    -0.5312  1028.5477    34.4451 0.0000e+00
      11051 326.835387  -62.21964  -58.37926     -1.114    1448.21    207.000    204.910    -0.5245    -0.5246    -0.0001    -0.5311    -0.5312    -0.0001   2.814489   2.814892   0.000403    34.2772    34.2828     7.0879    27.5483    27.5528    308.058  354.75908  356.34775    34.2770    27.5482    1449.11    1449.11    -0.5310  1028.5422    34.4441 0.0000e+00
      11072 326.835397  -62.21964  -58.37926     -1.166    1448.21    206.000    203.920    -0.5244    -0.5244    -0.0000    -0.5309    -0.5309    -0.0000   2.814453   2.814852   0.000401    34.2771    34.2825     7.0868    27.5482    27.5525    308.012  354.75820  356.34683    34.2770    27.5481    1449.09    1449.10    -0.5308  1028.5374    34.4441 0.0000e+00
      11093 326.835407  -62.21964  -58.37926     -1.167    1448.21    205.000    202.931    -0.5244    -0.5243     0.0002    -0.5310    -0.5308     0.0002   2.814384   2.814782   0.000395    34.2770    34.2821     7.0871    27.5481    27.5522    308.023  354.75937  356.34802    34.2768    27.5479    1449.07    1449.08    -0.5308  1028.5324    34.4439 0.0000e+00
      11115 326.835418  -62.21964  -58.37926     -1.113    1448.21    204.000    201.942    -0.5245    -0.5244     0.0000    -0.5310    -0.5309     0.0000   2.814274   2.814704   0.000430    34.2761    34.2818     7.0922    27.5474    27.5520    308.248  354.76203  356.35063    34.2760    27.5473    1449.06    1449.06    -0.5308  1028.5270    34.4430 0.0000e+00
      11139 326.835429  -62.21964  -58.37926     -1.036    1448.21    203.000    200.952    -0.5245    -0.5243     0.0002    -0.5309    -0.5308     0.0002   2.814219   2.814649   0.000429    34.2759    34.2814     7.0935    27.5472    27.5517    308.303  354.76248  356.35107    34.2759    27.5472    1449.04    1449.05    -0.5308  1028.5221    34.4429 0.0000e+00
      11164 326.835441  -62.21964  -58.37926     -0.975    1448.21    202.000    199.963    -0.5243    -0.5242     0.0001    -0.5308    -0.5306     0.0001   2.814208   2.814640   0.000435    34.2761    34.2818     7.0941    27.5474    27.5520    308.328  354.76026  356.34883    34.2761    27.5474    1449.03    1449.03    -0.5306  1028.5176    34.4432 0.0000e+00
      11189 326.835453  -62.21964  -58.37926     -0.960    1448.21    201.000    198.973    -0.5243    -0.5242     0.0001    -0.5306    -0.5306     0.0001   2.814188   2.814616   0.000430    34.2764    34.2821     7.0949    27.5476    27.5522    308.363  354.75898  356.34755    34.2764    27.5476    1449.01    1449.02    -0.5305  1028.5130    34.4435 0.0000e+00
      11213 326.835465  -62.21964  -58.37924     -0.984    1448.21    200.000    197.984    -0.5242    -0.5243    -0.0000    -0.5306    -0.5306    -0.0000   2.814150   2.814568   0.000415    34.2765    34.2822     7.0984    27.5477    27.5523    308.515  354.75829  356.34686    34.2765    27.5476    1448.99    1449.00    -0.5304  1028.5083    34.4435 0.0000e+00
      11235 326.835476  -62.21964  -58.37924     -1.033    1448.21    199.000    196.995    -0.5244    -0.5244    -0.0000    -0.5307    -0.5308    -0.0000   2.814085   2.814490   0.000406    34.2765    34.2820     7.1000    27.5477    27.5521    308.585  354.76018  356.34879    34.2764    27.5476    1448.98    1448.98    -0.5306  1028.5035    34.4435 0.0000e+00
      11257 326.835486  -62.21964  -58.37924     -1.090    1448.21    198.000    196.005    -0.5245    -0.5244     0.0000    -0.5308    -0.5307     0.0000   2.814057   2.814463   0.000408    34.2768    34.2822     7.1099    27.5479    27.5523    309.017  354.76046  356.34910    34.2768    27.5479    1448.96    1448.97    -0.5307  1028.4990    34.4438 0.0000e+00
      11279 326.835497  -62.21964  -58.37924     -1.111    1448.21    197.000    195.016    -0.5244    -0.5244    -0.0001    -0.5306    -0.5307    -0.0001   2.814067   2.814435   0.000368    34.2774    34.2824     7.1065    27.5484    27.5525    308.867  354.75747  356.34612    34.2774    27.5484    1448.94    1448.95    -0.5305  1028.4947    34.4444 0.0000e+00
      11302 326.835508  -62.21964  -58.37924     -1.075    1448.21    196.000    194.026    -0.5241    -0.5241    -0.0001    -0.5303    -0.5303    -0.0001   2.814069   2.814464   0.000397    34.2776    34.2831     7.1043    27.5486    27.5530    308.772  354.75380  356.34240    34.2777    27.5486    1448.93    1448.94    -0.5302  1028.4902    34.4447 0.0000e+00
      11326 326.835519  -62.21964  -58.37924     -1.023    1448.21    195.000    193.037    -0.5241    -0.5241    -0.0000    -0.5303    -0.5303    -0.0000   2.814050   2.814437   0.000388    34.2780    34.2832     7.1003    27.5489    27.5531    308.597  354.75249  356.34111    34.2780    27.5489    1448.91    1448.92    -0.5302  1028.4857    34.4450 0.0000e+00
      11350 326.835531  -62.21963  -58.37924     -0.995    1448.21    194.000    192.047    -0.5241    -0.5241     0.0001    -0.5303    -0.5302     0.0001   2.814009   2.814402   0.000393    34.2782    34.2834     7.1046    27.5490    27.5532    308.784  354.75291  356.34154    34.2781    27.5490    1448.90    1448.91    -0.5301  1028.4810    34.4452 0.0000e+00
      11373 326.835542  -62.21962  -58.37924     -1.020    1448.21    193.000    191.058    -0.5242    -0.5240     0.0002    -0.5303    -0.5301     0.0002   2.813970   2.814393   0.000421    34.2783    34.2837     7.1006    27.5491    27.5535    308.611  354.75274  356.34139    34.2783    27.5491    1448.88    1448.89    -0.5302  1028.4764    34.4453 0.0000e+00
      11394 326.835552  -62.21962  -58.37924     -1.075    1448.21    192.000    190.068    -0.5240    -0.5240    -0.0000    -0.5300    -0.5301    -0.0000   2.813935   2.814335   0.000401    34.2782    34.2837     7.0967    27.5491    27.5535    308.440  354.75108  356.33968    34.2782    27.5490    1448.87    1448.87    -0.5300  1028.4715    34.4452 0.0000e+00
