Pos-Processados/process_op38/Processamento_split/up/uoperantar38_004.cnv
* Sea-Bird SBE 9 Data File:
* FileName = D:\OPERANTAR_XXXVIII\DADOS\OP38_004.hdr
* Software Version Seasave V 7.12
* Temperature SN = 4808
* Conductivity SN = 3380
* Number of Bytes Per Scan = 31
* Number of Voltage Words = 2
* Number of Scans Averaged by the Deck Unit = 1
* NMEA Latitude = 39 58.92 S
* NMEA Longitude = 054 59.71 W
* NMEA UTC (Time) = Oct 17 2019 15:31:47
** H41
** NAVIO POLAR ALMIRANTE MAXIMIANO
** CRUZEIRO:
** OPERANTAR XXXVIII
** ESTAวรO: OP38_004
** LAT 39บ 58,96'S
** LONG 054บ 59,70'W
** 09P73767-1155
** PROFUNDIDADE: 1627 m
** DATA/HORA: 171533Z/OUT/2019
** OPERADOR: SO-HN CHAVES
# nquan = 32
# nvalues = 1017                        
# units = specified
# name 0 = scan: Scan Count
# name 1 = timeJ: Julian Days
# name 2 = latitude: Latitude [deg]
# name 3 = longitude: Longitude [deg]
# name 4 = dz/dtM: Descent Rate [m/s]
# name 5 = avgsvCM: Average Sound Velocity [Chen-Millero, m/s]
# name 6 = prDM: Pressure, Digiquartz [db]
# name 7 = depSM: Depth [salt water, m]
# name 8 = t090C: Temperature [ITS-90, deg C]
# name 9 = t190C: Temperature, 2 [ITS-90, deg C]
# name 10 = T2-T190C: Temperature Difference, 2 - 1 [ITS-90, deg C]
# name 11 = potemp090C: Potential Temperature [ITS-90, deg C]
# name 12 = potemp190C: Potential Temperature, 2 [ITS-90, deg C]
# name 13 = potemp90Cdiff: Potential Temperature, Diff, 2 - 1 [ITS-90, deg C]
# name 14 = c0S/m: Conductivity [S/m]
# name 15 = c1S/m: Conductivity, 2 [S/m]
# name 16 = C2-C1S/m: Conductivity Difference, 2 - 1 [S/m]
# name 17 = sal00: Salinity, Practical [PSU]
# name 18 = sal11: Salinity, Practical, 2 [PSU]
# name 19 = sbeox0ML/L: Oxygen, SBE 43 [ml/l]
# name 20 = sbeox1ML/L: Oxygen, SBE 43, 2 [ml/l]
# name 21 = sbeox0ML/Ldiff: Oxygen, SBE 43, Diff, 2 - 1 [ml/l]
# name 22 = sigma-้00: Density [sigma-theta, kg/m^3]
# name 23 = sigma-้11: Density, 2 [sigma-theta, kg/m^3]
# name 24 = sal00: Salinity, Practical [PSU]
# name 25 = sigma-้00: Density [sigma-theta, kg/m^3]
# name 26 = svCM: Sound Velocity [Chen-Millero, m/s]
# name 27 = svCM1: Sound Velocity, 2 [Chen-Millero, m/s]
# name 28 = gsw_ptA0: potential temperature [ITS-90, deg C]
# name 29 = gsw_densityA0: density, TEOS-10 [density, kg/m^3]
# name 30 = gsw_saA0: Absolute Salinity [g/kg]
# name 31 = flag:
# span 0 =      30016,      65770       
# span 1 = 290.661546, 290.678789       
# span 2 =  -39.97842,  -39.97412       
# span 3 =  -54.99522,  -54.99512       
# span 4 =     -1.536,     -0.154       
# span 5 =    1470.62,    1470.62       
# span 6 =      3.000,   1019.000       
# span 7 =      2.997,   1008.721       
# span 8 =     2.5352,     6.8353       
# span 9 =     2.5359,     6.8372       
# span 10 =    -0.0550,     0.0591      
# span 11 =     2.4696,     6.8350      
# span 12 =     2.4702,     6.8369      
# span 13 =    -0.0548,     0.0591      
# span 14 =   3.105652,   3.430393      
# span 15 =   3.106098,   3.431200      
# span 16 =  -0.004683,   0.005548      
# span 17 =    34.0581,    34.5222      
# span 18 =    34.0640,    34.5269      
# span 19 =     3.8559,     7.3579      
# span 20 =     3.6852,     7.0459      
# span 21 =    -0.3776,    -0.1630      
# span 22 =    26.7168,    27.5504      
# span 23 =    26.7221,    27.5542      
# span 24 =    34.0568,    34.5222      
# span 25 =    26.7183,    27.5504      
# span 26 =    1466.60,    1476.95      
# span 27 =    1466.62,    1476.95      
# span 28 =     2.4695,     6.8350      
# span 29 =  1026.7336,  1032.2831      
# span 30 =    34.2180,    34.6886      
# span 31 = 0.0000e+00, 0.0000e+00      
# interval = decibars: 1                
# start_time = Oct 17 2019 15:31:47 [NMEA time, header]
# bad_flag = -9.990e-29
*END*
[from data line 771]
      49453 290.670920  -39.97600  -54.99518     -0.568    1470.62    248.000    245.950     3.3713     3.3793     0.0081     3.3553     3.3634     0.0081   3.132818   3.134120   0.001325    34.0622    34.0697     6.6827     6.4004    -0.2823    27.1036    27.1088    34.0621    27.1036    1466.82    1466.87     3.3553  1028.2606    34.2234 0.0000e+00
      49492 290.670939  -39.97598  -54.99518     -0.601    1470.62    247.000    244.961     3.3666     3.3672     0.0006     3.3508     3.3514     0.0006   3.132247   3.132736   0.000526    34.0608    34.0665     6.7085     6.4048    -0.3038    27.1029    27.1074    34.0607    27.1028    1466.79    1466.80     3.3508  1028.2552    34.2219 0.0000e+00
      49521 290.670953  -39.97598  -54.99518     -0.770    1470.62    246.000    243.970     3.3647     3.3638    -0.0010     3.3490     3.3480    -0.0010   3.132006   3.132358   0.000367    34.0603    34.0657     6.7589     6.4200    -0.3389    27.1027    27.1071    34.0603    27.1027    1466.76    1466.76     3.3489  1028.2504    34.2215 0.0000e+00
      49551 290.670967  -39.97598  -54.99518     -0.822    1470.62    245.000    242.979     3.3660     3.3638    -0.0022     3.3503     3.3481    -0.0022   3.132137   3.132303   0.000187    34.0607    34.0653     6.7752     6.4480    -0.3272    27.1029    27.1068    34.0610    27.1032    1466.75    1466.75     3.3503  1028.2462    34.2223 0.0000e+00
      49583 290.670983  -39.97598  -54.99518     -0.765    1470.62    244.000    241.988     3.3673     3.3659    -0.0014     3.3517     3.3503    -0.0014   3.132115   3.132464   0.000336    34.0599    34.0654     6.7852     6.4790    -0.3062    27.1021    27.1067    34.0599    27.1022    1466.74    1466.74     3.3516  1028.2406    34.2212 0.0000e+00
      49612 290.670997  -39.97598  -54.99518     -0.783    1470.62    243.000    240.997     3.3699     3.3769     0.0071     3.3543     3.3613     0.0070   3.132275   3.133626   0.001179    34.0594    34.0662     6.7893     6.5010    -0.2883    27.1015    27.1063    34.0597    27.1018    1466.73    1466.78     3.3543  1028.2355    34.2210 0.0000e+00
      49641 290.671011  -39.97598  -54.99518     -0.831    1470.62    242.000    240.006     3.3830     3.4055     0.0226     3.3674     3.3899     0.0225   3.133631   3.136128   0.002493    34.0607    34.0671     6.7943     6.5066    -0.2877    27.1013    27.1042    34.0629    27.1030    1466.78    1466.88     3.3674  1028.2321    34.2241 0.0000e+00
      49682 290.671031  -39.97597  -54.99518     -0.628    1470.62    241.000    239.016     3.4172     3.4082    -0.0090     3.4017     3.3927    -0.0090   3.136771   3.136289  -0.000369    34.0624    34.0674     6.8026     6.5110    -0.2916    27.0993    27.1042    34.0653    27.1017    1466.91    1466.88     3.4016  1028.2258    34.2265 0.0000e+00
      49728 290.671053  -39.97596  -54.99517     -0.483    1470.62    240.000    238.022     3.4399     3.4338    -0.0061     3.4243     3.4183    -0.0061   3.138670   3.138609  -0.000087    34.0633    34.0686     6.7940     6.4854    -0.3086    27.0979    27.1028    34.0649    27.0992    1466.99    1466.97     3.4244  1028.2186    34.2262 0.0000e+00
      49755 290.671066  -39.97596  -54.99518     -0.763    1470.62    239.000    237.032     3.4389     3.4427     0.0038     3.4235     3.4273     0.0038   3.138607   3.139470   0.000853    34.0637    34.0700     6.7713     6.4785    -0.2928    27.0983    27.1030    34.0657    27.1000    1466.97    1466.99     3.4235  1028.2146    34.2270 0.0000e+00
      49779 290.671077  -39.97596  -54.99518     -0.973    1470.62    238.000    236.041     3.4427     3.4513     0.0086     3.4273     3.4359     0.0086   3.138835   3.140224   0.001309    34.0640    34.0707     6.7549     6.4743    -0.2806    27.0982    27.1028    34.0650    27.0990    1466.97    1467.01     3.4273  1028.2091    34.2263 0.0000e+00
      49807 290.671091  -39.97596  -54.99518     -0.928    1470.62    237.000    235.050     3.4377     3.4515     0.0138     3.4224     3.4361     0.0137   3.138269   3.140071   0.001790    34.0632    34.0703     6.7541     6.4704    -0.2837    27.0981    27.1024    34.0640    27.0987    1466.93    1467.00     3.4224  1028.2042    34.2253 0.0000e+00
      49848 290.671111  -39.97596  -54.99518     -0.599    1470.62    236.000    234.059     3.4549     3.4497    -0.0052     3.4396     3.4344    -0.0052   3.140032   3.139961  -0.000014    34.0655    34.0708     6.7398     6.4464    -0.2935    27.0983    27.1030    34.0677    27.1000    1466.99    1466.97     3.4396  1028.2007    34.2290 0.0000e+00
      49888 290.671130  -39.97594  -54.99516     -0.587    1470.62    235.000    233.072     3.4600     3.4596    -0.0004     3.4447     3.4444    -0.0004   3.140321   3.140791   0.000463    34.0653    34.0713     6.7483     6.4415    -0.3068    27.0976    27.1024    34.0664    27.0985    1466.99    1467.00     3.4447  1028.1945    34.2277 0.0000e+00
      49919 290.671145  -39.97594  -54.99517     -0.732    1470.62    234.000    232.071     3.4605     3.4618     0.0013     3.4454     3.4466     0.0013   3.140343   3.140893   0.000558    34.0656    34.0710     6.7353     6.4434    -0.2918    27.0978    27.1020    34.0667    27.0987    1466.98    1466.99     3.4453  1028.1900    34.2280 0.0000e+00
      49949 290.671160  -39.97594  -54.99518     -0.797    1470.62    233.000    231.085     3.4605     3.4620     0.0016     3.4454     3.4469     0.0016   3.140235   3.140824   0.000577    34.0653    34.0706     6.7248     6.4355    -0.2893    27.0976    27.1016    34.0660    27.0981    1466.96    1466.97     3.4454  1028.1848    34.2272 0.0000e+00
      49979 290.671174  -39.97594  -54.99518     -0.808    1470.62    232.000    230.094     3.4597     3.4621     0.0024     3.4447     3.4470     0.0023   3.140115   3.140735   0.000625    34.0651    34.0702     6.7185     6.4378    -0.2807    27.0975    27.1013    34.0658    27.0980    1466.94    1466.96     3.4447  1028.1800    34.2271 0.0000e+00
      50009 290.671188  -39.97594  -54.99518     -0.799    1470.62    231.000    229.103     3.4625     3.4632     0.0007     3.4475     3.4482     0.0007   3.140227   3.140740   0.000519    34.0641    34.0697     6.7246     6.4450    -0.2796    27.0964    27.1008    34.0648    27.0970    1466.94    1466.95     3.4475  1028.1743    34.2261 0.0000e+00
      50045 290.671205  -39.97594  -54.99517     -0.702    1470.62    230.000    228.111     3.4622     3.4630     0.0008     3.4473     3.4481     0.0008   3.140025   3.140606   0.000592    34.0630    34.0693     6.7382     6.4467    -0.2915    27.0956    27.1005    34.0633    27.0957    1466.92    1466.93     3.4473  1028.1685    34.2245 0.0000e+00
      50081 290.671223  -39.97592  -54.99518     -0.655    1470.62    229.000    227.120     3.4535     3.4536     0.0001     3.4387     3.4388     0.0001   3.139003   3.139516   0.000501    34.0612    34.0671     6.7512     6.4522    -0.2990    27.0949    27.0996    34.0606    27.0944    1466.86    1466.87     3.4387  1028.1626    34.2219 0.0000e+00
      50112 290.671238  -39.97592  -54.99518     -0.744    1470.62    228.000    226.129     3.4481     3.4479    -0.0002     3.4334     3.4332    -0.0002   3.138497   3.138960   0.000468    34.0608    34.0666     6.7588     6.4624    -0.2964    27.0951    27.0998    34.0607    27.0950    1466.82    1466.83     3.4334  1028.1586    34.2219 0.0000e+00
      50145 290.671254  -39.97592  -54.99518     -0.752    1470.62    227.000    225.137     3.4480     3.4482     0.0002     3.4334     3.4335     0.0002   3.138434   3.138947   0.000509    34.0607    34.0666     6.7782     6.4758    -0.3024    27.0950    27.0998    34.0606    27.0949    1466.80    1466.81     3.4333  1028.1538    34.2218 0.0000e+00
      50187 290.671274  -39.97592  -54.99518     -0.582    1470.62    226.000    224.146     3.4441     3.4459     0.0018     3.4295     3.4313     0.0018   3.137974   3.138659   0.000682    34.0600    34.0663     6.7999     6.4934    -0.3065    27.0948    27.0997    34.0597    27.0946    1466.77    1466.79     3.4295  1028.1488    34.2209 0.0000e+00
      50225 290.671292  -39.97592  -54.99518     -0.604    1470.62    225.000    223.155     3.4441     3.4449     0.0008     3.4296     3.4304     0.0008   3.137970   3.138566   0.000571    34.0602    34.0663     6.7976     6.5011    -0.2966    27.0950    27.0997    34.0602    27.0950    1466.75    1466.76     3.4295  1028.1446    34.2214 0.0000e+00
      50255 290.671307  -39.97591  -54.99518     -0.754    1470.62    224.000    222.164     3.4465     3.4537     0.0072     3.4321     3.4393     0.0072   3.138192   3.139265   0.001076    34.0604    34.0658     6.8057     6.5022    -0.3035    27.0949    27.0985    34.0609    27.0953    1466.75    1466.79     3.4320  1028.1402    34.2221 0.0000e+00
      50285 290.671321  -39.97590  -54.99518     -0.820    1470.62    223.000    221.173     3.4540     3.4574     0.0034     3.4396     3.4430     0.0034   3.138718   3.139483   0.000747    34.0596    34.0650     6.8075     6.5007    -0.3068    27.0936    27.0976    34.0599    27.0938    1466.76    1466.78     3.4396  1028.1340    34.2211 0.0000e+00
      50316 290.671336  -39.97590  -54.99518     -0.787    1470.62    222.000    220.181     3.4571     3.4611     0.0040     3.4427     3.4468     0.0040   3.139014   3.139796   0.000805    34.0597    34.0652     6.8049     6.5008    -0.3042    27.0934    27.0974    34.0607    27.0942    1466.76    1466.79     3.4427  1028.1297    34.2220 0.0000e+00
      50345 290.671350  -39.97590  -54.99518     -0.792    1470.62    221.000    219.190     3.4695     3.4677    -0.0018     3.4552     3.4534    -0.0018   3.139985   3.140256   0.000310    34.0594    34.0650     6.8084     6.5052    -0.3032    27.0919    27.0965    34.0600    27.0924    1466.80    1466.79     3.4551  1028.1232    34.2212 0.0000e+00
      50372 290.671363  -39.97590  -54.99518     -0.867    1470.62    220.000    218.199     3.4653     3.4621    -0.0032     3.4511     3.4479    -0.0032   3.139418   3.139631   0.000192    34.0583    34.0640     6.8197     6.5188    -0.3008    27.0914    27.0962    34.0581    27.0912    1466.76    1466.76     3.4510  1028.1175    34.2193 0.0000e+00
      50400 290.671377  -39.97590  -54.99518     -0.881    1470.62    219.000    217.208     3.4625     3.4651     0.0026     3.4484     3.4510     0.0026   3.139174   3.139901   0.000718    34.0581    34.0640     6.8101     6.5260    -0.2841    27.0915    27.0960    34.0586    27.0919    1466.73    1466.75     3.4483  1028.1135    34.2198 0.0000e+00
      50439 290.671396  -39.97588  -54.99518     -0.654    1470.62    218.000    216.216     3.4746     3.4715    -0.0031     3.4604     3.4574    -0.0031   3.140307   3.140457   0.000165    34.0590    34.0642     6.8123     6.5268    -0.2855    27.0911    27.0955    34.0601    27.0920    1466.77    1466.76     3.4604  1028.1089    34.2214 0.0000e+00
      50485 290.671418  -39.97588  -54.99518     -0.504    1470.62    217.000    215.225     3.4883     3.4834    -0.0049     3.4742     3.4693    -0.0049   3.141568   3.141585   0.000035    34.0600    34.0656     6.8263     6.5296    -0.2967    27.0906    27.0955    34.0614    27.0917    1466.81    1466.80     3.4742  1028.1039    34.2227 0.0000e+00
      50519 290.671434  -39.97588  -54.99518     -0.675    1470.62    216.000    214.234     3.4948     3.5016     0.0068     3.4808     3.4875     0.0068   3.142153   3.143434   0.001206    34.0608    34.0682     6.8197     6.5146    -0.3051    27.0906    27.0958    34.0622    27.0917    1466.82    1466.86     3.4807  1028.0992    34.2235 0.0000e+00
      50547 290.671448  -39.97588  -54.99518     -0.815    1470.62    215.000    213.242     3.5013     3.5108     0.0095     3.4874     3.4968     0.0094   3.142730   3.144148   0.001382    34.0616    34.0682     6.8097     6.5081    -0.3015    27.0906    27.0950    34.0628    27.0915    1466.84    1466.89     3.4873  1028.0943    34.2241 0.0000e+00
      50577 290.671462  -39.97588  -54.99518     -0.823    1470.62    214.000    212.251     3.5120     3.5249     0.0129     3.4981     3.5110     0.0129   3.143722   3.145488   0.001721    34.0625    34.0697     6.7992     6.5139    -0.2853    27.0903    27.0947    34.0641    27.0915    1466.87    1466.93     3.4981  1028.0896    34.2254 0.0000e+00
      50610 290.671478  -39.97588  -54.99518     -0.738    1470.62    213.000    211.259     3.5239     3.5281     0.0042     3.5100     3.5142     0.0042   3.144878   3.145683   0.000875    34.0638    34.0699     6.7985     6.5035    -0.2950    27.0901    27.0946    34.0661    27.0919    1466.90    1466.93     3.5100  1028.0853    34.2273 0.0000e+00
      50641 290.671493  -39.97587  -54.99518     -0.758    1470.62    212.000    210.268     3.5341     3.5351     0.0010     3.5203     3.5213     0.0010   3.145755   3.146340   0.000592    34.0648    34.0708     6.7969     6.4964    -0.3005    27.0899    27.0946    34.0665    27.0913    1466.93    1466.94     3.5202  1028.0799    34.2277 0.0000e+00
      50669 290.671507  -39.97586  -54.99518     -0.835    1470.62    211.000    209.277     3.5380     3.5392     0.0012     3.5242     3.5254     0.0012   3.146057   3.146647   0.000599    34.0652    34.0712     6.7909     6.4956    -0.2953    27.0899    27.0945    34.0665    27.0909    1466.93    1466.94     3.5242  1028.0749    34.2278 0.0000e+00
      50699 290.671521  -39.97586  -54.99518     -0.821    1470.62    210.000    208.286     3.5390     3.5377    -0.0014     3.5253     3.5240    -0.0014   3.146070   3.146392   0.000356    34.0652    34.0709     6.7855     6.4939    -0.2916    27.0898    27.0944    34.0662    27.0905    1466.92    1466.92     3.5253  1028.0699    34.2274 0.0000e+00
      50733 290.671537  -39.97586  -54.99518     -0.724    1470.62    209.000    207.294     3.5320     3.5303    -0.0017     3.5184     3.5167    -0.0017   3.145206   3.145538   0.000341    34.0636    34.0695     6.7918     6.4926    -0.2992    27.0891    27.0940    34.0637    27.0892    1466.87    1466.87     3.5184  1028.0639    34.2249 0.0000e+00
      50766 290.671553  -39.97586  -54.99518     -0.720    1470.62    208.000    206.303     3.5276     3.5269    -0.0007     3.5140     3.5133    -0.0007   3.144690   3.145131   0.000426    34.0624    34.0682     6.7954     6.4893    -0.3062    27.0886    27.0933    34.0627    27.0889    1466.83    1466.84     3.5140  1028.0589    34.2239 0.0000e+00
      50800 290.671570  -39.97584  -54.99518     -0.719    1470.62    207.000    205.311     3.5306     3.5306    -0.0000     3.5172     3.5171    -0.0000   3.144914   3.145404   0.000499    34.0620    34.0680     6.8018     6.5067    -0.2950    27.0880    27.0928    34.0627    27.0886    1466.83    1466.84     3.5171  1028.0540    34.2239 0.0000e+00
      50841 290.671589  -39.97584  -54.99518     -0.594    1470.62    206.000    204.320     3.5350     3.5337    -0.0013     3.5216     3.5203    -0.0013   3.145241   3.145611   0.000381    34.0619    34.0678     6.8095     6.5215    -0.2880    27.0875    27.0923    34.0625    27.0880    1466.83    1466.83     3.5216  1028.0487    34.2238 0.0000e+00
      50881 290.671609  -39.97584  -54.99518     -0.580    1470.62    205.000    203.329     3.5393     3.5390    -0.0003     3.5260     3.5257    -0.0003   3.145575   3.146084   0.000490    34.0620    34.0682     6.8245     6.5309    -0.2936    27.0872    27.0922    34.0626    27.0877    1466.83    1466.84     3.5259  1028.0438    34.2239 0.0000e+00
