Pos-Processados/process_op38/Processamento_split/up/uoperantar38_014.cnv
* Sea-Bird SBE 9 Data File:
* FileName = D:\OPERANTAR_XXXVIII\DADOS\OP38_014.hdr
* Software Version Seasave V 7.18c
* Temperature SN = 4808
* Conductivity SN = 3380
* Number of Bytes Per Scan = 34
* Number of Voltage Words = 3
* Number of Scans Averaged by the Deck Unit = 1
* NMEA Latitude = 62 11.37 S
* NMEA Longitude = 058 03.45 W
* NMEA UTC (Time) = Nov 05 2019 06:03:04
** H41
** NAVIO POLAR ALMIRANTE MAXIMIANO
** CRUZEIRO:
** OPERANTAR XXXVIII
** ESTAÇÃO: OP38_014
** LAT 62 11,38' S
** LONG 058 03,41' W
** 09P73767-1155_A
** PROFUNDIDADE: 480
** DATA/HORA: 050604Z/NOV/2019
** OPERADOR: SO-HN CHAVES
# nquan = 32
# nvalues = 407                         
# units = specified
# name 0 = scan: Scan Count
# name 1 = timeJ: Julian Days
# name 2 = latitude: Latitude [deg]
# name 3 = longitude: Longitude [deg]
# name 4 = dz/dtM: Descent Rate [m/s]
# name 5 = avgsvCM: Average Sound Velocity [Chen-Millero, m/s]
# name 6 = prDM: Pressure, Digiquartz [db]
# name 7 = depSM: Depth [salt water, m]
# name 8 = t090C: Temperature [ITS-90, deg C]
# name 9 = t190C: Temperature, 2 [ITS-90, deg C]
# name 10 = T2-T190C: Temperature Difference, 2 - 1 [ITS-90, deg C]
# name 11 = potemp090C: Potential Temperature [ITS-90, deg C]
# name 12 = potemp190C: Potential Temperature, 2 [ITS-90, deg C]
# name 13 = potemp90Cdiff: Potential Temperature, Diff, 2 - 1 [ITS-90, deg C]
# name 14 = c0S/m: Conductivity [S/m]
# name 15 = c1S/m: Conductivity, 2 [S/m]
# name 16 = C2-C1S/m: Conductivity Difference, 2 - 1 [S/m]
# name 17 = sal00: Salinity, Practical [PSU]
# name 18 = sal11: Salinity, Practical, 2 [PSU]
# name 19 = sbeox0ML/L: Oxygen, SBE 43 [ml/l]
# name 20 = sbeox1ML/L: Oxygen, SBE 43, 2 [ml/l]
# name 21 = sbeox0ML/Ldiff: Oxygen, SBE 43, Diff, 2 - 1 [ml/l]
# name 22 = sigma-é00: Density [sigma-theta, kg/m^3]
# name 23 = sigma-é11: Density, 2 [sigma-theta, kg/m^3]
# name 24 = sal00: Salinity, Practical [PSU]
# name 25 = sigma-é00: Density [sigma-theta, kg/m^3]
# name 26 = svCM: Sound Velocity [Chen-Millero, m/s]
# name 27 = svCM1: Sound Velocity, 2 [Chen-Millero, m/s]
# name 28 = gsw_ptA0: potential temperature [ITS-90, deg C]
# name 29 = gsw_densityA0: density, TEOS-10 [density, kg/m^3]
# name 30 = gsw_saA0: Absolute Salinity [g/kg]
# name 31 = flag:
# span 0 =      12928,      28732       
# span 1 = 309.258364, 309.265985       
# span 2 =  -62.18964,  -62.18960       
# span 3 =  -58.05758,  -58.05752       
# span 4 =     -1.429,     -0.113       
# span 5 =    1448.26,    1448.26       
# span 6 =      1.000,    407.000       
# span 7 =      1.026,    402.696       
# span 8 =    -0.9709,    -0.4397       
# span 9 =    -0.9709,    -0.4350       
# span 10 =    -0.0113,     0.0434      
# span 11 =    -0.9733,    -0.4516      
# span 12 =    -0.9733,    -0.4469      
# span 13 =    -0.0113,     0.0434      
# span 14 =   2.766477,   2.843850      
# span 15 =   2.766943,   2.844255      
# span 16 =  -0.000648,   0.003753      
# span 17 =    34.1502,    34.4868      
# span 18 =    34.1574,    34.4923      
# span 19 =     6.0019,     7.6878      
# span 20 =     5.7541,     7.4082      
# span 21 =    -0.3782,    -0.2355      
# span 22 =    27.4565,    27.7159      
# span 23 =    27.4607,    27.7203      
# span 24 =    34.1518,    34.4868      
# span 25 =    27.4561,    27.7159      
# span 26 =    1444.16,    1452.90      
# span 27 =    1444.18,    1452.92      
# span 28 =    -0.9732,    -0.4514      
# span 29 =  1027.4664,  1029.6589      
# span 30 =    34.3166,    34.6556      
# span 31 = 0.0000e+00, 0.0000e+00      
# interval = decibars: 1                
# start_time = Nov 05 2019 06:03:04 [NMEA time, header]
# bad_flag = -9.990e-29
*END*
      12928 309.258364  -62.18962  -58.05754     -0.266    1448.26    407.000    402.696    -0.4712    -0.4690     0.0022    -0.4853    -0.4831     0.0022   2.843638   2.844171   0.000533    34.4865    34.4912     6.0046     5.7585    -0.2462    27.7155    27.7192    34.4865    27.7155    1452.90    1452.92    -0.4850  1029.6589    34.6553 0.0000e+00
      13173 309.258482  -62.18962  -58.05754     -0.488    1448.26    406.000    401.688    -0.4727    -0.4715     0.0012    -0.4868    -0.4856     0.0012   2.843487   2.843968   0.000488    34.4868    34.4920     6.0064     5.7568    -0.2496    27.7159    27.7200    34.4868    27.7159    1452.88    1452.89    -0.4865  1029.6545    34.6556 0.0000e+00
      13297 309.258542  -62.18962  -58.05754     -0.716    1448.26    405.000    400.721    -0.4732    -0.4732     0.0000    -0.4872    -0.4872     0.0000   2.843403   2.843813   0.000413    34.4868    34.4923     6.0052     5.7660    -0.2391    27.7159    27.7203    34.4868    27.7159    1452.86    1452.87    -0.4869  1029.6498    34.6556 0.0000e+00
      13327 309.258556  -62.18962  -58.05754     -0.732    1448.26    404.000    399.732    -0.4711    -0.4719    -0.0008    -0.4851    -0.4859    -0.0008   2.843502   2.843849   0.000349    34.4863    34.4919     6.0022     5.7640    -0.2382    27.7154    27.7199    34.4864    27.7154    1452.85    1452.86    -0.4848  1029.6447    34.6552 0.0000e+00
      13360 309.258572  -62.18962  -58.05754     -0.740    1448.26    403.000    398.743    -0.4708    -0.4711    -0.0003    -0.4847    -0.4850    -0.0003   2.843471   2.843852   0.000384    34.4862    34.4917     6.0051     5.7604    -0.2447    27.7152    27.7197    34.4862    27.7153    1452.84    1452.84    -0.4845  1029.6397    34.6550 0.0000e+00
      13402 309.258592  -62.18962  -58.05756     -0.581    1448.26    402.000    397.755    -0.4704    -0.4707    -0.0003    -0.4843    -0.4846    -0.0003   2.843452   2.843838   0.000388    34.4861    34.4916     6.0070     5.7606    -0.2463    27.7151    27.7196    34.4861    27.7152    1452.82    1452.83    -0.4840  1029.6349    34.6549 0.0000e+00
      13441 309.258611  -62.18962  -58.05755     -0.590    1448.26    401.000    396.767    -0.4697    -0.4701    -0.0004    -0.4836    -0.4840    -0.0005   2.843442   2.843824   0.000382    34.4857    34.4914     6.0063     5.7541    -0.2522    27.7148    27.7194    34.4858    27.7149    1452.81    1452.82    -0.4833  1029.6298    34.6545 0.0000e+00
      13470 309.258625  -62.18962  -58.05754     -0.776    1448.26    400.000    395.778    -0.4688    -0.4690    -0.0002    -0.4826    -0.4828    -0.0002   2.843454   2.843860   0.000407    34.4854    34.4911     6.0045     5.7548    -0.2497    27.7145    27.7192    34.4855    27.7146    1452.80    1452.80    -0.4824  1029.6248    34.6542 0.0000e+00
      13510 309.258644  -62.18962  -58.05754     -0.651    1448.26    399.000    394.795    -0.4670    -0.4672    -0.0001    -0.4808    -0.4809    -0.0001   2.843518   2.843925   0.000406    34.4849    34.4905     6.0019     5.7578    -0.2442    27.7140    27.7185    34.4850    27.7141    1452.79    1452.80    -0.4806  1029.6196    34.6537 0.0000e+00
      13832 309.258800  -62.18962  -58.05754     -0.113    1448.26    398.000    393.796    -0.4647    -0.4647     0.0000    -0.4785    -0.4784     0.0000   2.843590   2.844003   0.000411    34.4839    34.4894     6.0098     5.7570    -0.2527    27.7132    27.7176    34.4839    27.7131    1452.78    1452.79    -0.4782  1029.6138    34.6526 0.0000e+00
      14131 309.258944  -62.18962  -58.05754     -0.363    1448.26    397.000    392.813    -0.4599    -0.4597     0.0003    -0.4737    -0.4734     0.0003   2.843813   2.844255   0.000437    34.4821    34.4876     6.0123     5.7590    -0.2533    27.7114    27.7159    34.4821    27.7114    1452.79    1452.79    -0.4734  1029.6073    34.6508 0.0000e+00
      14149 309.258953  -62.18962  -58.05754     -0.662    1448.26    396.000    391.824    -0.4592    -0.4592     0.0000    -0.4729    -0.4729     0.0000   2.843841   2.844252   0.000412    34.4821    34.4876     6.0110     5.7567    -0.2542    27.7114    27.7159    34.4823    27.7115    1452.77    1452.78    -0.4727  1029.6027    34.6510 0.0000e+00
      14177 309.258966  -62.18962  -58.05754     -0.850    1448.26    395.000    390.835    -0.4584    -0.4585    -0.0001    -0.4720    -0.4722    -0.0001   2.843850   2.844249   0.000400    34.4820    34.4875     6.0045     5.7598    -0.2447    27.7113    27.7157    34.4820    27.7113    1452.76    1452.77    -0.4718  1029.5977    34.6508 0.0000e+00
      14213 309.258984  -62.18962  -58.05754     -0.710    1448.26    394.000    389.847    -0.4589    -0.4589    -0.0001    -0.4725    -0.4726    -0.0001   2.843759   2.844171   0.000412    34.4820    34.4876     6.0089     5.7607    -0.2483    27.7113    27.7159    34.4820    27.7113    1452.74    1452.75    -0.4723  1029.5929    34.6507 0.0000e+00
      14261 309.259007  -62.18962  -58.05754     -0.484    1448.26    393.000    388.858    -0.4596    -0.4599    -0.0003    -0.4731    -0.4735    -0.0003   2.843670   2.844087   0.000410    34.4822    34.4880     6.0122     5.7671    -0.2451    27.7115    27.7162    34.4822    27.7115    1452.72    1452.73    -0.4729  1029.5884    34.6509 0.0000e+00
      14300 309.259025  -62.18962  -58.05754     -0.605    1448.26    392.000    387.870    -0.4583    -0.4581     0.0002    -0.4718    -0.4717     0.0002   2.843736   2.844139   0.000414    34.4821    34.4874     6.0125     5.7656    -0.2469    27.7114    27.7157    34.4822    27.7115    1452.71    1452.72    -0.4716  1029.5836    34.6509 0.0000e+00
      14331 309.259040  -62.18962  -58.05754     -0.742    1448.26    391.000    386.881    -0.4574    -0.4573     0.0001    -0.4709    -0.4708     0.0001   2.843735   2.844163   0.000425    34.4818    34.4874     6.0081     5.7682    -0.2399    27.7111    27.7156    34.4819    27.7111    1452.70    1452.71    -0.4707  1029.5785    34.6506 0.0000e+00
      14357 309.259053  -62.18962  -58.05754     -0.850    1448.26    390.000    385.893    -0.4564    -0.4564     0.0000    -0.4699    -0.4699     0.0000   2.843776   2.844185   0.000410    34.4818    34.4872     6.0117     5.7662    -0.2455    27.7110    27.7154    34.4819    27.7111    1452.69    1452.70    -0.4696  1029.5737    34.6506 0.0000e+00
      14380 309.259064  -62.18962  -58.05754     -0.982    1448.26    389.000    384.904    -0.4560    -0.4562    -0.0002    -0.4694    -0.4696    -0.0002   2.843750   2.844151   0.000401    34.4816    34.4871     6.0096     5.7630    -0.2467    27.7108    27.7153    34.4817    27.7109    1452.67    1452.68    -0.4692  1029.5688    34.6503 0.0000e+00
      14403 309.259075  -62.18962  -58.05754     -1.055    1448.26    388.000    383.916    -0.4559    -0.4561    -0.0002    -0.4693    -0.4695    -0.0002   2.843701   2.844109   0.000406    34.4815    34.4871     6.0084     5.7618    -0.2466    27.7107    27.7153    34.4815    27.7107    1452.66    1452.66    -0.4691  1029.5639    34.6501 0.0000e+00
      14429 309.259088  -62.18962  -58.05754     -0.980    1448.26    387.000    382.927    -0.4560    -0.4561    -0.0001    -0.4693    -0.4695    -0.0001   2.843625   2.844035   0.000411    34.4811    34.4868     6.0076     5.7644    -0.2432    27.7105    27.7150    34.4811    27.7105    1452.64    1452.65    -0.4691  1029.5589    34.6498 0.0000e+00
      14460 309.259102  -62.18962  -58.05754     -0.825    1448.26    386.000    381.939    -0.4562    -0.4562    -0.0000    -0.4695    -0.4695    -0.0000   2.843556   2.843963   0.000408    34.4810    34.4865     6.0085     5.7598    -0.2486    27.7104    27.7148    34.4810    27.7104    1452.62    1452.63    -0.4693  1029.5541    34.6497 0.0000e+00
      14493 309.259119  -62.18962  -58.05754     -0.718    1448.26    385.000    380.950    -0.4565    -0.4564     0.0001    -0.4698    -0.4697     0.0001   2.843484   2.843883   0.000397    34.4810    34.4863     6.0037     5.7605    -0.2432    27.7104    27.7146    34.4810    27.7104    1452.60    1452.61    -0.4695  1029.5493    34.6497 0.0000e+00
      14523 309.259133  -62.18962  -58.05754     -0.764    1448.26    384.000    379.962    -0.4568    -0.4569    -0.0001    -0.4700    -0.4701    -0.0001   2.843356   2.843761   0.000396    34.4806    34.4859     6.0129     5.7604    -0.2525    27.7100    27.7144    34.4803    27.7098    1452.58    1452.59    -0.4698  1029.5440    34.6489 0.0000e+00
      14549 309.259145  -62.18962  -58.05754     -0.881    1448.26    383.000    378.973    -0.4589    -0.4585     0.0003    -0.4720    -0.4717     0.0003   2.843078   2.843482   0.000457    34.4795    34.4853     6.0156     5.7678    -0.2478    27.7093    27.7139    34.4795    27.7093    1452.56    1452.57    -0.4719  1029.5388    34.6482 0.0000e+00
      14572 309.259157  -62.18962  -58.05754     -0.981    1448.26    382.000    377.984    -0.4622    -0.4649    -0.0027    -0.4754    -0.4780    -0.0027   2.842418   2.842672   0.000215    34.4762    34.4821     6.0123     5.7699    -0.2424    27.7067    27.7116    34.4751    27.7058    1452.52    1452.51    -0.4751  1029.5306    34.6437 0.0000e+00
      14594 309.259167  -62.18962  -58.05754     -1.064    1448.26    381.000    376.996    -0.4632    -0.4639    -0.0007    -0.4763    -0.4770    -0.0007   2.842145   2.842506   0.000362    34.4734    34.4790     6.0102     5.7747    -0.2355    27.7046    27.7091    34.4732    27.7043    1452.50    1452.50    -0.4761  1029.5244    34.6418 0.0000e+00
      14615 309.259177  -62.18962  -58.05754     -1.129    1448.26    380.000    376.007    -0.4634    -0.4637    -0.0004    -0.4764    -0.4768    -0.0004   2.842097   2.842487   0.000389    34.4735    34.4791     6.0127     5.7760    -0.2367    27.7046    27.7092    34.4733    27.7044    1452.48    1452.48    -0.4762  1029.5198    34.6419 0.0000e+00
      14636 309.259187  -62.18962  -58.05754     -1.149    1448.26    379.000    375.018    -0.4634    -0.4636    -0.0003    -0.4764    -0.4766    -0.0003   2.842080   2.842466   0.000385    34.4738    34.4792     6.0204     5.7642    -0.2563    27.7048    27.7092    34.4736    27.7047    1452.46    1452.47    -0.4762  1029.5153    34.6423 0.0000e+00
      14659 309.259198  -62.18962  -58.05754     -1.098    1448.26    378.000    374.030    -0.4635    -0.4634     0.0001    -0.4765    -0.4764     0.0001   2.842049   2.842469   0.000417    34.4741    34.4797     6.0256     5.7729    -0.2527    27.7051    27.7096    34.4740    27.7050    1452.45    1452.45    -0.4763  1029.5109    34.6426 0.0000e+00
      14685 309.259211  -62.18962  -58.05754     -0.975    1448.26    377.000    373.041    -0.4633    -0.4634    -0.0000    -0.4763    -0.4763    -0.0000   2.842067   2.842484   0.000416    34.4747    34.4803     6.0358     5.7804    -0.2554    27.7056    27.7101    34.4747    27.7055    1452.43    1452.44    -0.4760  1029.5066    34.6433 0.0000e+00
      14717 309.259226  -62.18962  -58.05754     -0.796    1448.26    376.000    372.053    -0.4627    -0.4628    -0.0001    -0.4756    -0.4757    -0.0001   2.842114   2.842490   0.000382    34.4753    34.4806     6.0350     5.7844    -0.2507    27.7060    27.7103    34.4751    27.7059    1452.42    1452.43    -0.4754  1029.5023    34.6437 0.0000e+00
      14747 309.259241  -62.18962  -58.05754     -0.755    1448.26    375.000    371.064    -0.4631    -0.4636    -0.0005    -0.4760    -0.4765    -0.0005   2.841968   2.842336   0.000363    34.4745    34.4799     6.0327     5.7887    -0.2440    27.7054    27.7098    34.4743    27.7052    1452.40    1452.40    -0.4758  1029.4968    34.6429 0.0000e+00
      14773 309.259254  -62.18962  -58.05754     -0.873    1448.26    374.000    370.076    -0.4628    -0.4629    -0.0002    -0.4756    -0.4758    -0.0002   2.841883   2.842277   0.000394    34.4734    34.4789     6.0299     5.7872    -0.2427    27.7045    27.7090    34.4733    27.7044    1452.38    1452.39    -0.4754  1029.4913    34.6419 0.0000e+00
      14796 309.259265  -62.18962  -58.05754     -0.990    1448.26    373.000    369.087    -0.4621    -0.4628    -0.0007    -0.4749    -0.4756    -0.0007   2.841840   2.842243   0.000402    34.4727    34.4789     6.0256     5.7858    -0.2398    27.7039    27.7089    34.4726    27.7038    1452.37    1452.37    -0.4747  1029.4860    34.6412 0.0000e+00
      14819 309.259276  -62.18962  -58.05754     -1.040    1448.26    372.000    368.098    -0.4612    -0.4618    -0.0006    -0.4740    -0.4745    -0.0006   2.841793   2.842199   0.000408    34.4716    34.4777     6.0325     5.7919    -0.2405    27.7030    27.7079    34.4716    27.7029    1452.36    1452.36    -0.4737  1029.4803    34.6401 0.0000e+00
      14841 309.259286  -62.18962  -58.05754     -1.061    1448.26    371.000    367.110    -0.4602    -0.4605    -0.0003    -0.4729    -0.4732    -0.0003   2.841706   2.842131   0.000418    34.4701    34.4760     6.0377     5.7902    -0.2476    27.7016    27.7065    34.4699    27.7015    1452.34    1452.35    -0.4727  1029.4741    34.6384 0.0000e+00
      14862 309.259296  -62.18962  -58.05754     -1.111    1448.26    370.000    366.121    -0.4614    -0.4611     0.0003    -0.4741    -0.4737     0.0003   2.841399   2.841832   0.000441    34.4681    34.4736     6.0345     5.7847    -0.2497    27.7001    27.7046    34.4677    27.6999    1452.32    1452.33    -0.4739  1029.4677    34.6363 0.0000e+00
      14882 309.259306  -62.18962  -58.05754     -1.168    1448.26    369.000    365.133    -0.4636    -0.4636     0.0000    -0.4763    -0.4762     0.0000   2.841058   2.841494   0.000422    34.4669    34.4725     6.0369     5.7905    -0.2465    27.6992    27.7038    34.4663    27.6988    1452.29    1452.30    -0.4760  1029.4620    34.6349 0.0000e+00
      14904 309.259317  -62.18962  -58.05754     -1.156    1448.26    368.000    364.144    -0.4657    -0.4659    -0.0002    -0.4783    -0.4785    -0.0002   2.840842   2.841206   0.000385    34.4665    34.4719     6.0428     5.7931    -0.2497    27.6990    27.7034    34.4663    27.6989    1452.26    1452.27    -0.4781  1029.4574    34.6349 0.0000e+00
      14930 309.259329  -62.18962  -58.05754     -1.012    1448.26    367.000    363.155    -0.4677    -0.4674     0.0003    -0.4803    -0.4799     0.0003   2.840603   2.841073   0.000449    34.4664    34.4721     6.0491     5.8003    -0.2488    27.6990    27.7036    34.4660    27.6987    1452.24    1452.25    -0.4800  1029.4525    34.6346 0.0000e+00
      14958 309.259343  -62.18962  -58.05754     -0.862    1448.26    366.000    362.167    -0.4672    -0.4664     0.0008    -0.4798    -0.4790     0.0008   2.840628   2.841202   0.000523    34.4670    34.4731     6.0528     5.8020    -0.2508    27.6995    27.7044    34.4664    27.6991    1452.22    1452.24    -0.4795  1029.4481    34.6350 0.0000e+00
      14986 309.259356  -62.18962  -58.05754     -0.854    1448.26    365.000    361.178    -0.4742    -0.4697     0.0045    -0.4867    -0.4822     0.0045   2.839767   2.840626   0.000907    34.4641    34.4712     6.0601     5.8076    -0.2526    27.6975    27.7030    34.4634    27.6969    1452.17    1452.20    -0.4864  1029.4412    34.6319 0.0000e+00
      15010 309.259368  -62.18962  -58.05754     -0.933    1448.26    364.000    360.189    -0.4766    -0.4765     0.0002    -0.4890    -0.4889     0.0002   2.839546   2.839966   0.000415    34.4643    34.4697     6.0565     5.8188    -0.2378    27.6978    27.7021    34.4638    27.6973    1452.14    1452.15    -0.4888  1029.4369    34.6323 0.0000e+00
      15032 309.259378  -62.18962  -58.05754     -1.039    1448.26    363.000    359.200    -0.4786    -0.4771     0.0014    -0.4909    -0.4895     0.0014   2.839324   2.839878   0.000560    34.4643    34.4702     6.0559     5.8148    -0.2411    27.6978    27.7026    34.4636    27.6973    1452.12    1452.13    -0.4907  1029.4322    34.6321 0.0000e+00
