Pos-Processados/process_op38/Processamento_split/up/uoperantar38_002.cnv
* Sea-Bird SBE 9 Data File:
* FileName = D:\OPERANTAR_XXXVIII\DADOS\OP38_002.hdr
* Software Version Seasave V 7.12
* Temperature SN = 4808
* Conductivity SN = 3380
* Number of Bytes Per Scan = 31
* Number of Voltage Words = 2
* Number of Scans Averaged by the Deck Unit = 1
* NMEA Latitude = 38 26.99 S
* NMEA Longitude = 052 53.48 W
* NMEA UTC (Time) = Jan 16 2019 21:21:57
** H41
** NAVIO POLAR ALMIRANTE MAXIMIANO
** CRUZEIRO:
** OPERANTAR XXXVIII
** ESTAวรO: 002
** LAT 38บ 26,99'S
** LONG 052บ 53,46'W
** 09P73767-1155
** PROFUNDIDADE: 4158 m
** DATA/HORA: 162121Z/OUT/2019
** OPERADOR: SO-HN CHAVES
# nquan = 30
# nvalues = 1043                        
# units = specified
# name 0 = scan: Scan Count
# name 1 = timeJ: Julian Days
# name 2 = latitude: Latitude [deg]
# name 3 = longitude: Longitude [deg]
# name 4 = dz/dtM: Descent Rate [m/s]
# name 5 = avgsvCM: Average Sound Velocity [Chen-Millero, m/s]
# name 6 = prDM: Pressure, Digiquartz [db]
# name 7 = depSM: Depth [salt water, m]
# name 8 = t090C: Temperature [ITS-90, deg C]
# name 9 = t190C: Temperature, 2 [ITS-90, deg C]
# name 10 = T2-T190C: Temperature Difference, 2 - 1 [ITS-90, deg C]
# name 11 = potemp090C: Potential Temperature [ITS-90, deg C]
# name 12 = potemp190C: Potential Temperature, 2 [ITS-90, deg C]
# name 13 = potemp90Cdiff: Potential Temperature, Diff, 2 - 1 [ITS-90, deg C]
# name 14 = c0S/m: Conductivity [S/m]
# name 15 = c1S/m: Conductivity, 2 [S/m]
# name 16 = C2-C1S/m: Conductivity Difference, 2 - 1 [S/m]
# name 17 = sal00: Salinity, Practical [PSU]
# name 18 = sal11: Salinity, Practical, 2 [PSU]
# name 19 = sbeox0ML/L: Oxygen, SBE 43 [ml/l]
# name 20 = sigma-้00: Density [sigma-theta, kg/m^3]
# name 21 = sigma-้11: Density, 2 [sigma-theta, kg/m^3]
# name 22 = sal00: Salinity, Practical [PSU]
# name 23 = sigma-้00: Density [sigma-theta, kg/m^3]
# name 24 = svCM: Sound Velocity [Chen-Millero, m/s]
# name 25 = svCM1: Sound Velocity, 2 [Chen-Millero, m/s]
# name 26 = gsw_ptA0: potential temperature [ITS-90, deg C]
# name 27 = gsw_densityA0: density, TEOS-10 [density, kg/m^3]
# name 28 = gsw_saA0: Absolute Salinity [g/kg]
# name 29 = flag:
# span 0 =      35361,      70676       
# span 1 =  16.907295,  16.924326       
# span 2 =  -38.44988,  -38.44984       
# span 3 =  -52.89134,  -52.89132       
# span 4 =     -2.182,     -0.101       
# span 5 =    1497.38,    1497.38       
# span 6 =      3.000,   1045.000       
# span 7 =      2.979,   1034.537       
# span 8 =     4.1782,    15.9559       
# span 9 =     4.1792,    15.9553       
# span 10 =    -0.0794,     0.1105      
# span 11 =     4.0978,    15.9343      
# span 12 =     4.0988,    15.9338      
# span 13 =    -0.0792,     0.1101      
# span 14 =   3.253527,   4.490211      
# span 15 =   3.254036,   4.490815      
# span 16 =  -0.008696,   0.012697      
# span 17 =    34.1924,    35.8772      
# span 18 =    34.1972,    35.8833      
# span 19 =     4.6399,     5.8049      
# span 20 =    26.2302,    27.1741      
# span 21 =    26.2371,    27.1777      
# span 22 =    34.1922,    35.8782      
# span 23 =    26.2305,    27.1744      
# span 24 =    1482.73,    1513.44      
# span 25 =    1482.74,    1513.44      
# span 26 =     4.0976,    15.9343      
# span 27 =  1026.2508,  1031.9807      
# span 28 =    34.3557,    36.0477      
# span 29 = 0.0000e+00, 0.0000e+00      
# interval = decibars: 1                
# start_time = Jan 16 2019 21:21:57 [NMEA time, header]
# bad_flag = -9.990e-29
*END*
[from data line 242]
      42613  16.910793  -38.44988  -52.89134     -1.533    1497.38    803.000    795.419     5.3303     5.3331     0.0028     5.2629     5.2656     0.0028   3.345449   3.346185   0.000736    34.2428    34.2484     5.5674    27.0444    27.0485    34.2461    27.0469    1484.31    1484.33     5.2627  1030.7276    34.4093 0.0000e+00
      42627  16.910800  -38.44986  -52.89134     -1.668    1497.38    802.000    794.430     5.3359     5.3369     0.0010     5.2686     5.2695     0.0010   3.345971   3.346501   0.000564    34.2433    34.2488     5.5647    27.0441    27.0483    34.2468    27.0468    1484.32    1484.33     5.2683  1030.7228    34.4100 0.0000e+00
      42642  16.910807  -38.44986  -52.89134     -1.708    1497.38    801.000    793.441     5.3419     5.3422     0.0002     5.2746     5.2748     0.0002   3.346485   3.346919   0.000460    34.2438    34.2488     5.5595    27.0438    27.0477    34.2470    27.0463    1484.33    1484.34     5.2744  1030.7177    34.4103 0.0000e+00
      42658  16.910815  -38.44986  -52.89134     -1.622    1497.38    800.000    792.453     5.3451     5.3459     0.0008     5.2778     5.2786     0.0008   3.346662   3.347205   0.000530    34.2439    34.2491     5.5583    27.0434    27.0475    34.2463    27.0454    1484.32    1484.33     5.2776  1030.7121    34.4096 0.0000e+00
      42680  16.910825  -38.44986  -52.89134     -1.332    1497.38    799.000    791.464     5.3452     5.3480     0.0028     5.2780     5.2808     0.0028   3.346616   3.347320   0.000711    34.2441    34.2494     5.5561    27.0436    27.0474    34.2462    27.0452    1484.31    1484.33     5.2778  1030.7075    34.4094 0.0000e+00
      42714  16.910842  -38.44986  -52.89134     -0.800    1497.38    798.000    790.476     5.3485     5.3465    -0.0020     5.2814     5.2794    -0.0020   3.346918   3.347141   0.000273    34.2446    34.2497     5.5476    27.0436    27.0478    34.2468    27.0453    1484.31    1484.30     5.2812  1030.7029    34.4100 0.0000e+00
      42749  16.910858  -38.44986  -52.89134     -0.659    1497.38    797.000    789.487     5.3524     5.3474    -0.0050     5.2854     5.2804    -0.0050   3.347207   3.347237   0.000012    34.2449    34.2502     5.5572    27.0434    27.0481    34.2466    27.0447    1484.30    1484.29     5.2852  1030.6977    34.4098 0.0000e+00
      42775  16.910871  -38.44986  -52.89134     -0.838    1497.38    796.000    788.498     5.3556     5.3567     0.0011     5.2886     5.2897     0.0011   3.347495   3.348063   0.000561    34.2454    34.2507     5.5565    27.0434    27.0474    34.2472    27.0448    1484.30    1484.31     5.2884  1030.6931    34.4104 0.0000e+00
      42799  16.910882  -38.44986  -52.89134     -0.972    1497.38    795.000    787.510     5.3569     5.3594     0.0024     5.2900     5.2924     0.0024   3.347533   3.348250   0.000696    34.2454    34.2509     5.5531    27.0432    27.0473    34.2467    27.0442    1484.29    1484.31     5.2899  1030.6880    34.4099 0.0000e+00
      42826  16.910895  -38.44986  -52.89134     -0.946    1497.38    794.000    786.521     5.3580     5.3635     0.0055     5.2912     5.2967     0.0055   3.347642   3.348599   0.000967    34.2459    34.2513     5.5519    27.0435    27.0471    34.2473    27.0446    1484.28    1484.31     5.2910  1030.6838    34.4105 0.0000e+00
      42855  16.910909  -38.44987  -52.89134     -0.827    1497.38    793.000    785.532     5.3623     5.3646     0.0023     5.2955     5.2978     0.0023   3.347988   3.348775   0.000718    34.2462    34.2521     5.5485    27.0432    27.0475    34.2474    27.0441    1484.28    1484.30     5.2954  1030.6787    34.4106 0.0000e+00
      42877  16.910920  -38.44988  -52.89134     -0.917    1497.38    792.000    784.543     5.3692     5.3844     0.0152     5.3025     5.3176     0.0151   3.348870   3.350812   0.001885    34.2475    34.2535     5.5476    27.0433    27.0463    34.2509    27.0461    1484.29    1484.37     5.3023  1030.6760    34.4142 0.0000e+00
      42894  16.910928  -38.44988  -52.89134     -1.151    1497.38    791.000    783.555     5.3973     5.4022     0.0049     5.3306     5.3354     0.0049   3.351560   3.352280   0.000875    34.2495    34.2545     5.5444    27.0416    27.0450    34.2535    27.0448    1484.40    1484.42     5.3303  1030.6696    34.4167 0.0000e+00
      42909  16.910936  -38.44988  -52.89133     -1.381    1497.38    790.000    782.566     5.4029     5.4059     0.0031     5.3362     5.3392     0.0030   3.351817   3.352634   0.000800    34.2490    34.2550     5.5447    27.0406    27.0450    34.2513    27.0424    1484.40    1484.42     5.3360  1030.6626    34.4145 0.0000e+00
      42923  16.910942  -38.44988  -52.89132     -1.567    1497.38    789.000    781.577     5.4090     5.4096     0.0006     5.3423     5.3429     0.0006   3.352414   3.352936   0.000541    34.2497    34.2552     5.5468    27.0404    27.0447    34.2524    27.0425    1484.41    1484.42     5.3421  1030.6580    34.4156 0.0000e+00
      42936  16.910949  -38.44986  -52.89132     -1.703    1497.38    788.000    780.588     5.4130     5.4129    -0.0001     5.3463     5.3462    -0.0001   3.352667   3.353091   0.000455    34.2498    34.2551     5.5498    27.0400    27.0442    34.2517    27.0415    1484.41    1484.41     5.3462  1030.6524    34.4149 0.0000e+00
      42951  16.910956  -38.44986  -52.89132     -1.746    1497.38    787.000    779.600     5.4117     5.4101    -0.0016     5.3452     5.3435    -0.0016   3.352395   3.352598   0.000263    34.2490    34.2537     5.5487    27.0395    27.0434    34.2504    27.0406    1484.38    1484.38     5.3450  1030.6470    34.4136 0.0000e+00
      42967  16.910964  -38.44986  -52.89132     -1.642    1497.38    786.000    778.611     5.4077     5.4050    -0.0027     5.3413     5.3386    -0.0027   3.351860   3.351944   0.000120    34.2480    34.2522     5.5406    27.0392    27.0428    34.2488    27.0398    1484.35    1484.34     5.3412  1030.6417    34.4120 0.0000e+00
      42994  16.910977  -38.44985  -52.89134     -1.190    1497.38    785.000    777.629     5.4044     5.4018    -0.0026     5.3381     5.3356    -0.0026   3.351444   3.351718   0.000209    34.2474    34.2524     5.5371    27.0391    27.0433    34.2480    27.0395    1484.32    1484.32     5.3379  1030.6369    34.4111 0.0000e+00
      43064  16.911010  -38.44985  -52.89134     -0.143    1497.38    784.000    776.628     5.3948     5.3968     0.0021     5.3286     5.3307     0.0021   3.350199   3.350850   0.000709    34.2435    34.2495     5.5538    27.0371    27.0416    34.2441    27.0376    1484.26    1484.27     5.3284  1030.6307    34.4072 0.0000e+00
      43093  16.911024  -38.44986  -52.89134     -0.649    1497.38    783.000    775.645     5.3949     5.3935    -0.0014     5.3289     5.3274    -0.0014   3.350268   3.350599   0.000317    34.2446    34.2497     5.5793    27.0380    27.0421    34.2452    27.0385    1484.24    1484.25     5.3286  1030.6270    34.4084 0.0000e+00
      43110  16.911033  -38.44986  -52.89132     -1.046    1497.38    782.000    774.656     5.3974     5.3966    -0.0007     5.3314     5.3307    -0.0007   3.350349   3.350537   0.000298    34.2443    34.2484     5.5876    27.0375    27.0408    34.2441    27.0373    1484.24    1484.24     5.3312  1030.6212    34.4073 0.0000e+00
      43125  16.911040  -38.44987  -52.89132     -1.341    1497.38    781.000    773.667     5.3883     5.3850    -0.0032     5.3225     5.3192    -0.0032   3.349092   3.349161   0.000088    34.2404    34.2447     5.5913    27.0354    27.0392    34.2395    27.0346    1484.18    1484.17     5.3223  1030.6143    34.4026 0.0000e+00
      43139  16.911047  -38.44988  -52.89132     -1.549    1497.38    780.000    772.678     5.3746     5.3732    -0.0015     5.3090     5.3075    -0.0015   3.347096   3.347561   0.000295    34.2358    34.2406     5.5945    27.0334    27.0374    34.2311    27.0296    1484.09    1484.10     5.3088  1030.6050    34.3942 0.0000e+00
      43154  16.911054  -38.44988  -52.89132     -1.649    1497.38    779.000    771.690     5.3504     5.3462    -0.0042     5.2850     5.2808    -0.0041   3.344491   3.344267  -0.000050    34.2310    34.2347     5.5952    27.0324    27.0358    34.2266    27.0289    1483.97    1483.96     5.2848  1030.6002    34.3896 0.0000e+00
      43170  16.911062  -38.44988  -52.89132     -1.607    1497.38    778.000    770.701     5.3218     5.3203    -0.0015     5.2567     5.2552    -0.0015   3.341458   3.341843   0.000262    34.2260    34.2305     5.5921    27.0318    27.0356    34.2215    27.0282    1483.84    1483.83     5.2565  1030.5956    34.3845 0.0000e+00
      43190  16.911071  -38.44987  -52.89133     -1.425    1497.38    777.000    769.712     5.3062     5.3088     0.0027     5.2412     5.2439     0.0026   3.339973   3.340578   0.000714    34.2229    34.2283     5.6037    27.0311    27.0351    34.2209    27.0295    1483.75    1483.77     5.2411  1030.5927    34.3839 0.0000e+00
      43212  16.911082  -38.44986  -52.89134     -1.182    1497.38    776.000    768.724     5.3076     5.3027    -0.0049     5.2428     5.2378    -0.0049   3.340055   3.339983  -0.000093    34.2231    34.2270     5.6436    27.0311    27.0348    34.2209    27.0293    1483.74    1483.73     5.2426  1030.5879    34.3839 0.0000e+00
      43236  16.911093  -38.44986  -52.89134     -1.030    1497.38    775.000    767.735     5.3043     5.3060     0.0017     5.2396     5.2412     0.0016   3.339660   3.340412   0.000656    34.2217    34.2276     5.6995    27.0304    27.0348    34.2202    27.0292    1483.71    1483.73     5.2394  1030.5833    34.3832 0.0000e+00
      43261  16.911106  -38.44986  -52.89134     -0.971    1497.38    774.000    766.746     5.3145     5.3302     0.0157     5.2498     5.2654     0.0157   3.340832   3.342833   0.001999    34.2230    34.2298     5.7386    27.0302    27.0338    34.2238    27.0308    1483.74    1483.81     5.2496  1030.5801    34.3868 0.0000e+00
      43290  16.911119  -38.44986  -52.89134     -0.883    1497.38    773.000    765.757     5.3302     5.3407     0.0105     5.2655     5.2759     0.0104   3.342244   3.343663   0.001424    34.2242    34.2298     5.7464    27.0293    27.0325    34.2244    27.0294    1483.79    1483.84     5.2653  1030.5739    34.3874 0.0000e+00
      43324  16.911136  -38.44986  -52.89134     -0.736    1497.38    772.000    764.768     5.3514     5.3518     0.0004     5.2866     5.2871     0.0004   3.344321   3.344739   0.000452    34.2256    34.2303     5.7348    27.0279    27.0316    34.2270    27.0290    1483.86    1483.87     5.2865  1030.5685    34.3900 0.0000e+00
      43357  16.911152  -38.44986  -52.89134     -0.705    1497.38    771.000    763.779     5.3608     5.3659     0.0051     5.2961     5.3012     0.0051   3.345055   3.346099   0.000976    34.2257    34.2316     5.7225    27.0269    27.0309    34.2263    27.0274    1483.88    1483.91     5.2959  1030.5621    34.3894 0.0000e+00
      43383  16.911164  -38.44986  -52.89133     -0.843    1497.38    770.000    762.790     5.3708     5.3751     0.0043     5.3061     5.3104     0.0043   3.346046   3.346900   0.000868    34.2265    34.2320     5.7136    27.0263    27.0302    34.2279    27.0275    1483.91    1483.93     5.3059  1030.5575    34.3910 0.0000e+00
      43404  16.911174  -38.44986  -52.89132     -1.016    1497.38    769.000    761.802     5.3779     5.3823     0.0043     5.3133     5.3176     0.0043   3.346667   3.347530   0.000872    34.2267    34.2323     5.7014    27.0257    27.0296    34.2283    27.0269    1483.92    1483.95     5.3131  1030.5522    34.3913 0.0000e+00
      43422  16.911183  -38.44986  -52.89132     -1.183    1497.38    768.000    760.813     5.3848     5.3871     0.0023     5.3202     5.3225     0.0023   3.347247   3.347964   0.000707    34.2272    34.2328     5.6961    27.0252    27.0293    34.2284    27.0262    1483.93    1483.95     5.3200  1030.5468    34.3915 0.0000e+00
      43438  16.911191  -38.44987  -52.89132     -1.346    1497.38    767.000    759.824     5.3891     5.3927     0.0036     5.3245     5.3281     0.0036   3.347695   3.348478   0.000819    34.2277    34.2333     5.6965    27.0251    27.0291    34.2297    27.0266    1483.94    1483.96     5.3244  1030.5427    34.3927 0.0000e+00
      43453  16.911198  -38.44988  -52.89132     -1.482    1497.38    766.000    758.835     5.3982     5.3980    -0.0002     5.3336     5.3334    -0.0002   3.348584   3.349012   0.000434    34.2289    34.2340     5.6969    27.0249    27.0290    34.2311    27.0267    1483.96    1483.96     5.3335  1030.5380    34.3941 0.0000e+00
      43467  16.911205  -38.44988  -52.89134     -1.583    1497.38    765.000    757.847     5.4079     5.4067    -0.0012     5.3434     5.3422    -0.0012   3.349474   3.349855   0.000364    34.2297    34.2350     5.6961    27.0244    27.0288    34.2318    27.0261    1483.98    1483.98     5.3432  1030.5326    34.3948 0.0000e+00
      43483  16.911212  -38.44987  -52.89134     -1.612    1497.38    764.000    756.858     5.4134     5.4157     0.0023     5.3489     5.3512     0.0022   3.349992   3.350647   0.000681    34.2304    34.2358     5.6936    27.0243    27.0284    34.2327    27.0261    1483.99    1484.00     5.3488  1030.5280    34.3957 0.0000e+00
      43504  16.911223  -38.44986  -52.89134     -1.404    1497.38    763.000    755.869     5.4161     5.4203     0.0042     5.3518     5.3559     0.0042   3.350126   3.350983   0.000866    34.2307    34.2362     5.6867    27.0242    27.0281    34.2319    27.0252    1483.98    1484.01     5.3516  1030.5225    34.3949 0.0000e+00
      43557  16.911248  -38.44986  -52.89134     -0.351    1497.38    762.000    754.879     5.4278     5.4228    -0.0050     5.3635     5.3585    -0.0050   3.351437   3.351355  -0.000061    34.2332    34.2376     5.6617    27.0249    27.0289    34.2354    27.0266    1484.02    1484.00     5.3633  1030.5191    34.3985 0.0000e+00
      43588  16.911263  -38.44986  -52.89134     -0.650    1497.38    761.000    753.891     5.4322     5.4322    -0.0000     5.3680     5.3679    -0.0001   3.351525   3.352052   0.000482    34.2324    34.2379     5.6650    27.0236    27.0280    34.2325    27.0237    1484.01    1484.02     5.3678  1030.5116    34.3955 0.0000e+00
      43606  16.911272  -38.44986  -52.89134     -1.056    1497.38    760.000    752.902     5.4368     5.4376     0.0008     5.3726     5.3734     0.0008   3.352297   3.352852   0.000571    34.2342    34.2398     5.6700    27.0245    27.0289    34.2371    27.0268    1484.02    1484.03     5.3724  1030.5101    34.4001 0.0000e+00
      43622  16.911279  -38.44986  -52.89134     -1.343    1497.38    759.000    751.913     5.4415     5.4428     0.0013     5.3773     5.3787     0.0013   3.352525   3.353098   0.000581    34.2341    34.2394     5.6664    27.0239    27.0279    34.2354    27.0249    1484.02    1484.04     5.3771  1030.5036    34.3985 0.0000e+00
      43637  16.911287  -38.44986  -52.89134     -1.508    1497.38    758.000    750.925     5.4400     5.4419     0.0019     5.3760     5.3778     0.0018   3.352052   3.352852   0.000713    34.2325    34.2387     5.6596    27.0228    27.0275    34.2320    27.0224    1484.00    1484.01     5.3758  1030.4965    34.3950 0.0000e+00
      43657  16.911296  -38.44986  -52.89134     -1.447    1497.38    757.000    749.935     5.4311     5.4289    -0.0022     5.3672     5.3650    -0.0022   3.351130   3.351160   0.000152    34.2305    34.2345     5.6599    27.0222    27.0256    34.2311    27.0227    1483.94    1483.94     5.3670  1030.4924    34.3941 0.0000e+00
      43695  16.911314  -38.44986  -52.89134     -0.726    1497.38    756.000    748.946     5.4114     5.4226     0.0111     5.3478     5.3588     0.0111   3.348413   3.350320   0.001826    34.2232    34.2326     5.6600    27.0187    27.0249    34.2206    27.0167    1483.83    1483.89     5.3476  1030.4823    34.3835 0.0000e+00
