Pos-Processados/process_op38/Processamento_split/up/uoperantar38_018.cnv
* Sea-Bird SBE 9 Data File:
* FileName = D:\OPERANTAR_XXXVIII\DADOS\OP38_018.hdr
* Software Version Seasave V 7.18c
* Temperature SN = 4808
* Conductivity SN = 3380
* Number of Bytes Per Scan = 34
* Number of Voltage Words = 3
* Number of Scans Averaged by the Deck Unit = 1
* NMEA Latitude = 62 10.02 S
* NMEA Longitude = 058 22.53 W
* NMEA UTC (Time) = Nov 05 2019 17:24:22
** H41
** NAVIO POLAR ALMIRANTE MAXIMIANO
** CRUZEIRO:
** OPERANTAR XXXVIII
** ESTAÇÃO: OP38_018
** LAT 62 10,02' S
** LONG 058 22,49' W
** 09P73767-1155_A
** PROFUNDIDADE: 447
** DATA/HORA: 051724Z/NOV/2019
** OPERADOR: SO-HN CHAVES
# nquan = 33
# nvalues = 413                         
# units = specified
# name 0 = scan: Scan Count
# name 1 = timeJ: Julian Days
# name 2 = latitude: Latitude [deg]
# name 3 = longitude: Longitude [deg]
# name 4 = dz/dtM: Descent Rate [m/s]
# name 5 = avgsvCM: Average Sound Velocity [Chen-Millero, m/s]
# name 6 = prDM: Pressure, Digiquartz [db]
# name 7 = depSM: Depth [salt water, m]
# name 8 = t090C: Temperature [ITS-90, deg C]
# name 9 = t190C: Temperature, 2 [ITS-90, deg C]
# name 10 = T2-T190C: Temperature Difference, 2 - 1 [ITS-90, deg C]
# name 11 = potemp090C: Potential Temperature [ITS-90, deg C]
# name 12 = potemp190C: Potential Temperature, 2 [ITS-90, deg C]
# name 13 = potemp90Cdiff: Potential Temperature, Diff, 2 - 1 [ITS-90, deg C]
# name 14 = c0S/m: Conductivity [S/m]
# name 15 = c1S/m: Conductivity, 2 [S/m]
# name 16 = C2-C1S/m: Conductivity Difference, 2 - 1 [S/m]
# name 17 = sal00: Salinity, Practical [PSU]
# name 18 = sal11: Salinity, Practical, 2 [PSU]
# name 19 = sbeox0ML/L: Oxygen, SBE 43 [ml/l]
# name 20 = sigma-é00: Density [sigma-theta, kg/m^3]
# name 21 = sigma-é11: Density, 2 [sigma-theta, kg/m^3]
# name 22 = sbox0Mm/Kg: Oxygen, SBE 43 [umol/kg]
# name 23 = oxsolMm/Kg: Oxygen Saturation, Garcia & Gordon [umol/kg]
# name 24 = oxsatMm/Kg: Oxygen Saturation, Weiss [umol/kg]
# name 25 = sal00: Salinity, Practical [PSU]
# name 26 = sigma-é00: Density [sigma-theta, kg/m^3]
# name 27 = svCM: Sound Velocity [Chen-Millero, m/s]
# name 28 = svCM1: Sound Velocity, 2 [Chen-Millero, m/s]
# name 29 = gsw_ptA0: potential temperature [ITS-90, deg C]
# name 30 = gsw_densityA0: density, TEOS-10 [density, kg/m^3]
# name 31 = gsw_saA0: Absolute Salinity [g/kg]
# name 32 = flag:
# span 0 =      20682,      37680       
# span 1 = 309.735228, 309.743425       
# span 2 =  -62.16700,  -62.16696       
# span 3 =  -58.37558,  -58.37552       
# span 4 =     -1.222,     -0.130       
# span 5 =    1448.15,    1448.15       
# span 6 =      2.000,    414.000       
# span 7 =      1.987,    409.615       
# span 8 =    -0.9282,    -0.5655       
# span 9 =    -0.9281,    -0.5653       
# span 10 =    -0.0086,     0.0061      
# span 11 =    -0.9309,    -0.5795      
# span 12 =    -0.9307,    -0.5793      
# span 13 =    -0.0086,     0.0060      
# span 14 =   2.772124,   2.835809      
# span 15 =   2.772501,   2.836213      
# span 16 =  -0.000859,   0.000986      
# span 17 =    34.1279,    34.4845      
# span 18 =    34.1336,    34.4899      
# span 19 =     6.0537,     7.6373      
# span 20 =    27.4323,    27.7182      
# span 21 =    27.4368,    27.7225      
# span 22 =    263.066,    331.974      
# span 23 =  354.56622,  358.65284      
# span 24 =  356.17485,  360.32698      
# span 25 =    34.1278,    34.4845      
# span 26 =    27.4323,    27.7181      
# span 27 =    1444.63,    1452.57      
# span 28 =    1444.64,    1452.58      
# span 29 =    -0.9308,    -0.5792      
# span 30 =  1027.4466,  1029.6959      
# span 31 =    34.2924,    34.6532      
# span 32 = 0.0000e+00, 0.0000e+00      
# interval = decibars: 1                
# start_time = Nov 05 2019 17:24:22 [NMEA time, header]
# bad_flag = -9.990e-29
*END*
[from data line 88]
      22995 309.736343  -62.16698  -58.37554     -0.988    1448.15    326.000    322.617    -0.6920    -0.6920     0.0000    -0.7024    -0.7024    -0.0000   2.817012   2.817411   0.000396    34.4284    34.4337     6.3237    27.6781    27.6824    274.811  355.90787  357.54068    34.4281    27.6779    1450.47    1450.48    -0.7022  1029.2395    34.5964 0.0000e+00
      23019 309.736355  -62.16696  -58.37554     -0.992    1448.15    325.000    321.628    -0.6924    -0.6924     0.0000    -0.7027    -0.7027     0.0000   2.816872   2.817307   0.000430    34.4275    34.4332     6.3307    27.6774    27.6820    275.113  355.91358  357.54641    34.4272    27.6772    1450.45    1450.46    -0.7025  1029.2341    34.5955 0.0000e+00
      23043 309.736367  -62.16696  -58.37554     -0.999    1448.15    324.000    320.639    -0.6926    -0.6925     0.0001    -0.7029    -0.7029     0.0001   2.816783   2.817189   0.000411    34.4271    34.4326     6.3337    27.6770    27.6815    275.244  355.91695  357.54982    34.4269    27.6769    1450.43    1450.44    -0.7027  1029.2291    34.5952 0.0000e+00
      23068 309.736379  -62.16696  -58.37554     -0.983    1448.15    323.000    319.651    -0.6927    -0.6928    -0.0000    -0.7030    -0.7030    -0.0000   2.816723   2.817116   0.000393    34.4270    34.4323     6.3382    27.6770    27.6813    275.441  355.91805  357.55093    34.4268    27.6768    1450.41    1450.42    -0.7027  1029.2242    34.5950 0.0000e+00
      23091 309.736390  -62.16696  -58.37554     -0.991    1448.15    322.000    318.662    -0.6931    -0.6929     0.0001    -0.7033    -0.7032     0.0001   2.816622   2.817035   0.000414    34.4266    34.4321     6.3422    27.6767    27.6811    275.617  355.92231  357.55525    34.4265    27.6766    1450.40    1450.40    -0.7031  1029.2192    34.5947 0.0000e+00
      23114 309.736401  -62.16696  -58.37554     -1.035    1448.15    321.000    317.673    -0.6933    -0.6932     0.0002    -0.7035    -0.7034     0.0002   2.816542   2.816952   0.000412    34.4264    34.4318     6.3476    27.6766    27.6809    275.848  355.92535  357.55834    34.4263    27.6764    1450.38    1450.39    -0.7033  1029.2143    34.5946 0.0000e+00
      23135 309.736411  -62.16696  -58.37554     -1.086    1448.15    320.000    316.684    -0.6933    -0.6933    -0.0001    -0.7034    -0.7035    -0.0001   2.816519   2.816909   0.000388    34.4267    34.4320     6.3485    27.6767    27.6810    275.886  355.92409  357.55707    34.4265    27.6767    1450.36    1450.37    -0.7032  1029.2098    34.5948 0.0000e+00
      23157 309.736422  -62.16696  -58.37554     -1.116    1448.15    319.000    315.695    -0.6934    -0.6934    -0.0001    -0.7035    -0.7036    -0.0001   2.816446   2.816845   0.000398    34.4264    34.4319     6.3417    27.6765    27.6810    275.594  355.92556  357.55854    34.4263    27.6764    1450.34    1450.35    -0.7033  1029.2048    34.5945 0.0000e+00
      23179 309.736432  -62.16696  -58.37554     -1.111    1448.15    318.000    314.706    -0.6935    -0.6933     0.0001    -0.7036    -0.7034     0.0001   2.816386   2.816797   0.000410    34.4262    34.4317     6.3455    27.6764    27.6808    275.759  355.92694  357.55994    34.4262    27.6764    1450.33    1450.34    -0.7034  1029.2000    34.5944 0.0000e+00
      23202 309.736443  -62.16696  -58.37554     -1.074    1448.15    317.000    313.717    -0.6933    -0.6933     0.0000    -0.7034    -0.7033     0.0000   2.816345   2.816753   0.000407    34.4262    34.4316     6.3455    27.6763    27.6807    275.759  355.92586  357.55882    34.4261    27.6763    1450.31    1450.32    -0.7031  1029.1951    34.5943 0.0000e+00
      23226 309.736455  -62.16696  -58.37554     -1.021    1448.15    316.000    312.728    -0.6933    -0.6932     0.0000    -0.7033    -0.7033     0.0000   2.816300   2.816704   0.000405    34.4261    34.4315     6.3485    27.6763    27.6806    275.887  355.92559  357.55854    34.4260    27.6762    1450.30    1450.30    -0.7031  1029.1903    34.5942 0.0000e+00
      23251 309.736467  -62.16696  -58.37554     -0.969    1448.15    315.000    311.740    -0.6933    -0.6933     0.0000    -0.7033    -0.7033     0.0000   2.816257   2.816657   0.000401    34.4262    34.4315     6.3538    27.6763    27.6807    276.117  355.92588  357.55884    34.4261    27.6763    1450.28    1450.29    -0.7031  1029.1856    34.5943 0.0000e+00
      23276 309.736479  -62.16696  -58.37554     -0.947    1448.15    314.000    310.751    -0.6934    -0.6932     0.0001    -0.7033    -0.7032     0.0001   2.816205   2.816610   0.000402    34.4262    34.4315     6.3571    27.6763    27.6806    276.263  355.92618  357.55915    34.4261    27.6762    1450.26    1450.27    -0.7031  1029.1808    34.5943 0.0000e+00
      23301 309.736491  -62.16696  -58.37553     -0.964    1448.15    313.000    309.762    -0.6934    -0.6933     0.0002    -0.7033    -0.7032     0.0002   2.816127   2.816539   0.000415    34.4258    34.4312     6.3468    27.6760    27.6804    275.812  355.92787  357.56084    34.4257    27.6759    1450.25    1450.25    -0.7031  1029.1758    34.5939 0.0000e+00
      23323 309.736502  -62.16696  -58.37552     -1.022    1448.15    312.000    308.773    -0.6935    -0.6934     0.0000    -0.7033    -0.7033     0.0000   2.816067   2.816465   0.000399    34.4256    34.4310     6.3464    27.6759    27.6802    275.797  355.92869  357.56165    34.4255    27.6758    1450.23    1450.24    -0.7032  1029.1709    34.5938 0.0000e+00
      23344 309.736512  -62.16696  -58.37552     -1.092    1448.15    311.000    307.784    -0.6936    -0.6935 -5.066e-07    -0.7034    -0.7034 -5.066e-07   2.816006   2.816396   0.000388    34.4255    34.4308     6.3490    27.6758    27.6800    275.911  355.92991  357.56289    34.4254    27.6757    1450.21    1450.22    -0.7032  1029.1661    34.5937 0.0000e+00
      23365 309.736522  -62.16696  -58.37552     -1.138    1448.15    310.000    306.795    -0.6937    -0.6936     0.0000    -0.7035    -0.7035 1.6388e-21   2.815909   2.816330   0.000421    34.4250    34.4307     6.3495    27.6754    27.6800    275.933  355.93268  357.56566    34.4249    27.6753    1450.19    1450.20    -0.7033  1029.1609    34.5931 0.0000e+00
      23387 309.736532  -62.16696  -58.37554     -1.140    1448.15    309.000    305.806    -0.6938    -0.6937     0.0001    -0.7035    -0.7035     0.0001   2.815854   2.816255   0.000403    34.4250    34.4303     6.3505    27.6754    27.6797    275.978  355.93376  357.56676    34.4249    27.6753    1450.18    1450.18    -0.7034  1029.1561    34.5931 0.0000e+00
      23408 309.736543  -62.16696  -58.37554     -1.125    1448.15    308.000    304.817    -0.6939    -0.6939    -0.0000    -0.7036    -0.7036    -0.0000   2.815786   2.816175   0.000387    34.4248    34.4300     6.3567    27.6753    27.6795    276.243  355.93509  357.56810    34.4247    27.6751    1450.16    1450.17    -0.7034  1029.1512    34.5929 0.0000e+00
      23430 309.736553  -62.16696  -58.37554     -1.114    1448.15    307.000    303.828    -0.6941    -0.6942    -0.0001    -0.7038    -0.7039    -0.0001   2.815695   2.816097   0.000402    34.4244    34.4299     6.3515    27.6749    27.6794    276.020  355.93808  357.57112    34.4243    27.6748    1450.14    1450.15    -0.7036  1029.1461    34.5925 0.0000e+00
      23451 309.736564  -62.16696  -58.37554     -1.110    1448.15    306.000    302.839    -0.6944    -0.6943     0.0001    -0.7040    -0.7040     0.0001   2.815594   2.816016   0.000419    34.4240    34.4296     6.3434    27.6746    27.6791    275.669  355.94184  357.57492    34.4238    27.6745    1450.13    1450.13    -0.7039  1029.1410    34.5921 0.0000e+00
      23474 309.736574  -62.16696  -58.37554     -1.094    1448.15    305.000    301.850    -0.6946    -0.6946     0.0000    -0.7042    -0.7042     0.0000   2.815524   2.815935   0.000409    34.4239    34.4294     6.3493    27.6745    27.6789    275.925  355.94446  357.57758    34.4238    27.6745    1450.11    1450.12    -0.7040  1029.1363    34.5920 0.0000e+00
      23496 309.736585  -62.16696  -58.37554     -1.063    1448.15    304.000    300.861    -0.6951    -0.6950     0.0001    -0.7047    -0.7046     0.0001   2.815371   2.815794   0.000422    34.4232    34.4288     6.3511    27.6740    27.6785    276.004  355.95076  357.58394    34.4229    27.6737    1450.09    1450.10    -0.7045  1029.1308    34.5911 0.0000e+00
      23520 309.736597  -62.16696  -58.37554     -1.046    1448.15    303.000    299.873    -0.6963    -0.6962     0.0001    -0.7059    -0.7058     0.0001   2.815109   2.815522   0.000423    34.4216    34.4272     6.3543    27.6727    27.6773    276.142  355.96700  357.60036    34.4214    27.6726    1450.06    1450.07    -0.7057  1029.1249    34.5896 0.0000e+00
      23542 309.736607  -62.16696  -58.37554     -1.058    1448.15    302.000    298.884    -0.6960    -0.6974    -0.0013    -0.7056    -0.7069    -0.0013   2.815160   2.815277   0.000139    34.4222    34.4256     6.3542    27.6733    27.6760    276.137  355.96244  357.59578    34.4223    27.6733    1450.05    1450.05    -0.7053  1029.1209    34.5905 0.0000e+00
      23564 309.736618  -62.16696  -58.37554     -1.090    1448.15    301.000    297.895    -0.6985    -0.6976     0.0010    -0.7080    -0.7071     0.0010   2.814559   2.815197   0.000576    34.4188    34.4255     6.3520    27.6706    27.6760    276.042  355.99544  357.62913    34.4177    27.6697    1450.02    1450.03    -0.7078  1029.1125    34.5859 0.0000e+00
      23586 309.736629  -62.16696  -58.37553     -1.080    1448.15    300.000    296.906    -0.7022    -0.7011     0.0011    -0.7116    -0.7105     0.0011   2.813988   2.814510   0.000558    34.4153    34.4216     6.3600    27.6679    27.6729    276.389  356.03921  357.67348    34.4147    27.6674    1449.98    1449.99    -0.7114  1029.1055    34.5829 0.0000e+00
      23610 309.736640  -62.16696  -58.37552     -1.048    1448.15    299.000    295.916    -0.7033    -0.7037    -0.0003    -0.7127    -0.7131    -0.0003   2.813785   2.814204   0.000401    34.4143    34.4201     6.3702    27.6671    27.6719    276.832  356.05326  357.68774    34.4139    27.6668    1449.96    1449.96    -0.7125  1029.1002    34.5820 0.0000e+00
      23635 309.736652  -62.16696  -58.37553     -0.969    1448.15    298.000    294.928    -0.7040    -0.7013     0.0027    -0.7134    -0.7107     0.0027   2.813645   2.814536   0.000862    34.4136    34.4222     6.3820    27.6666    27.6734    277.346  356.06120  357.69579    34.4134    27.6664    1449.94    1449.96    -0.7132  1029.0950    34.5815 0.0000e+00
      23662 309.736665  -62.16696  -58.37554     -0.917    1448.15    297.000    293.939    -0.7041    -0.7001     0.0040    -0.7135    -0.7095     0.0040   2.813574   2.814555   0.000980    34.4137    34.4224     6.3941    27.6667    27.6735    277.871  356.06219  357.69681    34.4132    27.6662    1449.92    1449.95    -0.7132  1029.0901    34.5813 0.0000e+00
      23686 309.736677  -62.16696  -58.37554     -0.943    1448.15    296.000    292.950    -0.7064    -0.7066    -0.0003    -0.7157    -0.7159    -0.0003   2.813222   2.813554   0.000381    34.4120    34.4174     6.3936    27.6654    27.6698    277.852  356.08823  357.72323    34.4116    27.6650    1449.89    1449.89    -0.7155  1029.0842    34.5797 0.0000e+00
      23709 309.736688  -62.16696  -58.37554     -1.006    1448.15    295.000    291.961    -0.7077    -0.7076    -0.0000    -0.7169    -0.7169    -0.0000   2.812953   2.813396   0.000418    34.4105    34.4162     6.3992    27.6642    27.6688    278.095  356.10441  357.73962    34.4100    27.6638    1449.86    1449.87    -0.7167  1029.0782    34.5781 0.0000e+00
      23731 309.736699  -62.16696  -58.37554     -1.063    1448.15    294.000    290.972    -0.7094    -0.7098    -0.0004    -0.7186    -0.7190    -0.0004   2.812644   2.812891   0.000305    34.4089    34.4135     6.4037    27.6630    27.6667    278.292  356.12550  357.76100    34.4085    27.6627    1449.84    1449.84    -0.7184  1029.0723    34.5766 0.0000e+00
      23753 309.736709  -62.16696  -58.37554     -1.089    1448.15    293.000    289.983    -0.7102    -0.7124    -0.0022    -0.7194    -0.7216    -0.0022   2.812430   2.812500   0.000048    34.4080    34.4111     6.4063    27.6623    27.6649    278.405  356.13594  357.77157    34.4071    27.6616    1449.82    1449.81    -0.7192  1029.0665    34.5752 0.0000e+00
      23776 309.736720  -62.16696  -58.37554     -1.082    1448.15    292.000    288.994    -0.7127    -0.7128    -0.0002    -0.7218    -0.7220    -0.0002   2.812013   2.812413   0.000389    34.4054    34.4108     6.4108    27.6603    27.6647    278.599  356.16570  357.80171    34.4048    27.6598    1449.79    1449.79    -0.7216  1029.0600    34.5729 0.0000e+00
      23798 309.736731  -62.16696  -58.37554     -1.071    1448.15    291.000    288.005    -0.7131    -0.7134    -0.0002    -0.7222    -0.7225    -0.0002   2.811920   2.812275   0.000357    34.4051    34.4101     6.4097    27.6600    27.6641    278.555  356.17112  357.80721    34.4047    27.6598    1449.77    1449.77    -0.7220  1029.0552    34.5728 0.0000e+00
      23821 309.736742  -62.16696  -58.37554     -1.059    1448.15    290.000    287.016    -0.7131    -0.7129     0.0002    -0.7222    -0.7220     0.0002   2.811856   2.812281   0.000427    34.4049    34.4104     6.4168    27.6599    27.6643    278.859  356.17167  357.80775    34.4045    27.6596    1449.75    1449.76    -0.7220  1029.0502    34.5725 0.0000e+00
      23844 309.736753  -62.16696  -58.37554     -1.050    1448.15    289.000    286.027    -0.7141    -0.7145    -0.0004    -0.7231    -0.7235    -0.0004   2.811646   2.811975   0.000333    34.4039    34.4088     6.4318    27.6591    27.6631    279.513  356.18361  357.81984    34.4034    27.6587    1449.73    1449.73    -0.7229  1029.0446    34.5714 0.0000e+00
      23867 309.736764  -62.16696  -58.37554     -1.043    1448.15    288.000    285.038    -0.7148    -0.7153    -0.0005    -0.7238    -0.7243    -0.0005   2.811496   2.811849   0.000348    34.4032    34.4085     6.4430    27.6586    27.6629    279.998  356.19244  357.82879    34.4028    27.6583    1449.71    1449.71    -0.7236  1029.0394    34.5708 0.0000e+00
      23891 309.736776  -62.16696  -58.37554     -1.018    1448.15    287.000    284.048    -0.7156    -0.7154     0.0002    -0.7246    -0.7244     0.0002   2.811360   2.811789   0.000428    34.4027    34.4083     6.4364    27.6582    27.6628    279.713  356.20077  357.83726    34.4024    27.6580    1449.69    1449.69    -0.7244  1029.0344    34.5705 0.0000e+00
      23916 309.736788  -62.16696  -58.37554     -0.979    1448.15    286.000    283.060    -0.7152    -0.7153    -0.0001    -0.7242    -0.7243    -0.0001   2.811388   2.811768   0.000388    34.4032    34.4085     6.4400    27.6586    27.6629    279.870  356.19657  357.83302    34.4030    27.6585    1449.67    1449.68    -0.7239  1029.0301    34.5711 0.0000e+00
      23941 309.736800  -62.16696  -58.37554     -0.965    1448.15    285.000    282.071    -0.7141    -0.7156    -0.0015    -0.7230    -0.7246    -0.0015   2.811527   2.811644   0.000139    34.4042    34.4079     6.4446    27.6594    27.6624    280.069  356.18258  357.81883    34.4042    27.6594    1449.67    1449.66    -0.7228  1029.0262    34.5722 0.0000e+00
      23965 309.736811  -62.16696  -58.37554     -0.988    1448.15    284.000    281.081    -0.7143    -0.7155    -0.0012    -0.7232    -0.7244    -0.0012   2.811365   2.811625   0.000234    34.4035    34.4080     6.4450    27.6588    27.6625    280.086  356.18707  357.82334    34.4029    27.6583    1449.65    1449.65    -0.7230  1029.0204    34.5710 0.0000e+00
