Pos-Processados/process_op38/Processamento_split/up/uoperantar38_022.cnv
* Sea-Bird SBE 9 Data File:
* FileName = D:\OPERANTAR_XXXVIII\DADOS\OP38_022.hdr
* Software Version Seasave V 7.18c
* Temperature SN = 4808
* Conductivity SN = 3380
* Number of Bytes Per Scan = 34
* Number of Voltage Words = 3
* Number of Scans Averaged by the Deck Unit = 1
* NMEA Latitude = 62 12.34 S
* NMEA Longitude = 058 18.00 W
* NMEA UTC (Time) = Nov 22 2019 17:26:52
** H41
** NAVIO POLAR ALMIRANTE MAXIMIANO
** CRUZEIRO:
** OPERANTAR XXXVIII
** ESTAÇÃO: OP38_022
** LAT 62 12,33'S
** LONG 058 18,01'W
** 09P73767-1155_A
** PROFUNDIDADE: 200
** DATA/HORA: 221727Z/NOV/2019
** OPERADOR: SO-HN CHAVES
# nquan = 33
# nvalues = 159                         
# units = specified
# name 0 = scan: Scan Count
# name 1 = timeJ: Julian Days
# name 2 = latitude: Latitude [deg]
# name 3 = longitude: Longitude [deg]
# name 4 = dz/dtM: Descent Rate [m/s]
# name 5 = avgsvCM: Average Sound Velocity [Chen-Millero, m/s]
# name 6 = prDM: Pressure, Digiquartz [db]
# name 7 = depSM: Depth [salt water, m]
# name 8 = t090C: Temperature [ITS-90, deg C]
# name 9 = t190C: Temperature, 2 [ITS-90, deg C]
# name 10 = T2-T190C: Temperature Difference, 2 - 1 [ITS-90, deg C]
# name 11 = potemp090C: Potential Temperature [ITS-90, deg C]
# name 12 = potemp190C: Potential Temperature, 2 [ITS-90, deg C]
# name 13 = potemp90Cdiff: Potential Temperature, Diff, 2 - 1 [ITS-90, deg C]
# name 14 = c0S/m: Conductivity [S/m]
# name 15 = c1S/m: Conductivity, 2 [S/m]
# name 16 = C2-C1S/m: Conductivity Difference, 2 - 1 [S/m]
# name 17 = sal00: Salinity, Practical [PSU]
# name 18 = sal11: Salinity, Practical, 2 [PSU]
# name 19 = sbeox0ML/L: Oxygen, SBE 43 [ml/l]
# name 20 = sigma-é00: Density [sigma-theta, kg/m^3]
# name 21 = sigma-é11: Density, 2 [sigma-theta, kg/m^3]
# name 22 = sbox0Mm/Kg: Oxygen, SBE 43 [umol/kg]
# name 23 = oxsolMm/Kg: Oxygen Saturation, Garcia & Gordon [umol/kg]
# name 24 = oxsatMm/Kg: Oxygen Saturation, Weiss [umol/kg]
# name 25 = sal00: Salinity, Practical [PSU]
# name 26 = sigma-é00: Density [sigma-theta, kg/m^3]
# name 27 = svCM: Sound Velocity [Chen-Millero, m/s]
# name 28 = svCM1: Sound Velocity, 2 [Chen-Millero, m/s]
# name 29 = gsw_ptA0: potential temperature [ITS-90, deg C]
# name 30 = gsw_densityA0: density, TEOS-10 [density, kg/m^3]
# name 31 = gsw_saA0: Absolute Salinity [g/kg]
# name 32 = flag:
# span 0 =      14027,      21572       
# span 1 = 326.733755, 326.737394       
# span 2 =  -62.20580,  -62.20578       
# span 3 =  -58.30022,  -58.30018       
# span 4 =     -0.792,     -0.113       
# span 5 =    1447.10,    1447.10       
# span 6 =      2.000,    160.000       
# span 7 =      1.984,    158.404       
# span 8 =    -0.6205,    -0.1582       
# span 9 =    -0.6202,    -0.1581       
# span 10 =    -0.0084,     0.0053      
# span 11 =    -0.6253,    -0.1584      
# span 12 =    -0.6250,    -0.1583      
# span 13 =    -0.0084,     0.0053      
# span 14 =   2.801078,   2.825015      
# span 15 =   2.801494,   2.825472      
# span 16 =  -0.000165,   0.000759      
# span 17 =    34.1290,    34.2506      
# span 18 =    34.1345,    34.2558      
# span 19 =     7.1955,     7.7083      
# span 20 =    27.4110,    27.5308      
# span 21 =    27.4155,    27.5350      
# span 22 =    312.740,    335.065      
# span 23 =  351.77296,  355.73621      
# span 24 =  353.27751,  357.34364      
# span 25 =    34.1288,    34.2506      
# span 26 =    27.4111,    27.5308      
# span 27 =    1446.58,    1447.86      
# span 28 =    1446.59,    1447.87      
# span 29 =    -0.6252,    -0.1584      
# span 30 =  1027.4255,  1028.3013      
# span 31 =    34.2935,    34.4173      
# span 32 = 0.0000e+00, 0.0000e+00      
# interval = decibars: 1                
# start_time = Nov 22 2019 17:26:52 [NMEA time, header]
# bad_flag = -9.990e-29
*END*
[from data line 132]
      19576 326.736431  -62.20580 -9.990e-29     -0.730    1447.10     28.000     27.729    -0.3499    -0.3499     0.0001    -0.3508    -0.3508     0.0001   2.811938   2.812292   0.000383    34.1539    34.1590     7.6280    27.4403    27.4444    331.569  353.47572  355.02110    34.1558    27.4419    1446.85    1446.85    -0.3508  1027.5807    34.3212 0.0000e+00
      19609 326.736447  -62.20580 -9.990e-29     -0.733    1447.10     27.000     26.739    -0.3460    -0.3451     0.0009    -0.3468    -0.3459     0.0009   2.812184   2.812688   0.000490    34.1538    34.1594     7.6319    27.4401    27.4446    331.739  353.43904  354.98359    34.1553    27.4413    1446.85    1446.86    -0.3468  1027.5752    34.3206 0.0000e+00
      19646 326.736465  -62.20580  -58.30018     -0.670    1447.10     26.000     25.749    -0.3421    -0.3419     0.0002    -0.3429    -0.3427     0.0002   2.812442   2.812854   0.000421    34.1537    34.1591     7.6425    27.4398    27.4442    332.199  353.40359  354.94733    34.1550    27.4409    1446.85    1446.86    -0.3429  1027.5696    34.3198 0.0000e+00
      19688 326.736485  -62.20580  -58.30020     -0.577    1447.10     25.000     24.759    -0.3378    -0.3401    -0.0022    -0.3386    -0.3409    -0.0022   2.812719   2.812950   0.000246    34.1533    34.1592     7.6591    27.4393    27.4441    332.918  353.36497  354.90781    34.1545    27.4403    1446.85    1446.85    -0.3386  1027.5642    34.3192 0.0000e+00
      19738 326.736509  -62.20580  -58.30020     -0.470    1447.10     24.000     23.768    -0.3295    -0.3348    -0.0054    -0.3302    -0.3356    -0.0054   2.813325   2.813327   0.000014    34.1526    34.1588     7.6569    27.4383    27.4436    332.825  353.28965  354.83071    34.1539    27.4394    1446.87    1446.86    -0.3302  1027.5585    34.3186 0.0000e+00
      19788 326.736533  -62.20580  -58.30020     -0.487    1447.10     23.000     22.779    -0.3171    -0.3218    -0.0047    -0.3178    -0.3225    -0.0047   2.814290   2.814355   0.000073    34.1513    34.1576     7.6587    27.4367    27.4420    332.904  353.17803  354.71644    34.1535    27.4384    1446.92    1446.90    -0.3178  1027.5527    34.3181 0.0000e+00
      19846 326.736561  -62.20580  -58.30020     -0.405    1447.10     22.000     21.788    -0.2839    -0.2923    -0.0084    -0.2846    -0.2930    -0.0084   2.816593   2.816380  -0.000165    34.1447    34.1520     7.6704    27.4298    27.4361    333.415  352.88911  354.42031    34.1476    27.4321    1447.04    1447.01    -0.2846  1027.5416    34.3122 0.0000e+00
      19911 326.736592  -62.20580  -58.30020     -0.369    1447.10     21.000     20.798    -0.2572    -0.2616    -0.0044    -0.2579    -0.2623    -0.0044   2.818162   2.818366   0.000167    34.1373    34.1444     7.6866    27.4226    27.4285    334.121  352.66303  354.18833    34.1392    27.4241    1447.14    1447.13    -0.2579  1027.5288    34.3038 0.0000e+00
      19984 326.736628  -62.20580  -58.30020     -0.315    1447.10     20.000     19.810    -0.2519    -0.2537    -0.0018    -0.2525    -0.2543    -0.0018   2.818470   2.818762   0.000283    34.1365    34.1423     7.7005    27.4216    27.4264    334.726  352.61591  354.14007    34.1380    27.4228    1447.15    1447.15    -0.2525  1027.5227    34.3025 0.0000e+00
      20057 326.736663  -62.20580  -58.30020     -0.348    1447.10     19.000     18.814    -0.2475    -0.2485    -0.0009    -0.2482    -0.2491    -0.0009   2.818686   2.819057   0.000360    34.1355    34.1413     7.7055    27.4206    27.4254    334.945  352.57861  354.10182    34.1366    27.4215    1447.15    1447.15    -0.2481  1027.5166    34.3012 0.0000e+00
      20133 326.736700  -62.20580  -58.30020     -0.298    1447.10     18.000     17.826    -0.2437    -0.2440    -0.0003    -0.2442    -0.2446    -0.0003   2.818889   2.819300   0.000390    34.1348    34.1404     7.7050    27.4199    27.4244    334.923  352.54465  354.06703    34.1356    27.4205    1447.15    1447.15    -0.2443  1027.5108    34.3002 0.0000e+00
      20212 326.736737  -62.20580  -58.30020     -0.332    1447.10     17.000     16.836    -0.2355    -0.2343     0.0011    -0.2360    -0.2349     0.0011   2.819450   2.819929   0.000490    34.1335    34.1388     7.7037    27.4184    27.4227    334.867  352.47256  353.99318    34.1345    27.4192    1447.17    1447.18    -0.2360  1027.5048    34.2991 0.0000e+00
      20279 326.736770  -62.20580  -58.30020     -0.350    1447.10     16.000     15.847    -0.2266    -0.2291    -0.0025    -0.2271    -0.2296    -0.0025   2.820087   2.820300   0.000206    34.1329    34.1384     7.7061    27.4175    27.4221    334.969  352.39253  353.91129    34.1337    27.4181    1447.19    1447.19    -0.2271  1027.4989    34.2983 0.0000e+00
      20356 326.736807  -62.20580  -58.30020     -0.308    1447.10     15.000     14.854    -0.2012    -0.2087    -0.0075    -0.2017    -0.2092    -0.0075   2.822097   2.821917  -0.000143    34.1305    34.1370     7.7048    27.4144    27.4200    334.915  352.16516  353.67860    34.1327    27.4161    1447.29    1447.27    -0.2017  1027.4921    34.2973 0.0000e+00
      20432 326.736844  -62.20580  -58.30020     -0.318    1447.10     14.000     13.866    -0.1928    -0.1957    -0.0029    -0.1932    -0.1961    -0.0029   2.822607   2.822815   0.000210    34.1296    34.1357     7.7083    27.4132    27.4183    335.065  352.08928  353.60093    34.1306    27.4140    1447.31    1447.31    -0.1932  1027.4852    34.2952 0.0000e+00
      20507 326.736880  -62.20580  -58.30020     -0.320    1447.10     13.000     12.874    -0.1978    -0.1969     0.0009    -0.1982    -0.1973     0.0009   2.822165   2.822643   0.000464    34.1307    34.1358     7.7075    27.4143    27.4184    335.032  352.13304  353.64578    34.1310    27.4146    1447.27    1447.29    -0.1982  1027.4810    34.2956 0.0000e+00
      20585 326.736917  -62.20578  -58.30020     -0.307    1447.10     12.000     11.885    -0.1955    -0.1940     0.0016    -0.1959    -0.1944     0.0016   2.822340   2.822855   0.000530    34.1305    34.1359     7.7057    27.4141    27.4183    334.954  352.11230  353.62456    34.1313    27.4147    1447.27    1447.28    -0.1959  1027.4765    34.2960 0.0000e+00
      20674 326.736960  -62.20578  -58.30020     -0.253    1447.10     11.000     10.895    -0.1899    -0.1888     0.0011    -0.1902    -0.1892     0.0011   2.822684   2.823206   0.000511    34.1299    34.1355     7.7025    27.4133    27.4178    334.816  352.06209  353.57316    34.1302    27.4136    1447.28    1447.29    -0.1902  1027.4705    34.2949 0.0000e+00
      20769 326.737006  -62.20578  -58.30020     -0.273    1447.10     10.000      9.903    -0.1761    -0.1738     0.0023    -0.1764    -0.1741     0.0023   2.823786   2.824377   0.000591    34.1292    34.1345     7.7080    27.4121    27.4162    335.055  351.93708  353.44529    34.1301    27.4128    1447.32    1447.34    -0.1764  1027.4650    34.2948 0.0000e+00
      20869 326.737055  -62.20578  -58.30020     -0.222    1447.10      9.000      8.912    -0.1716    -0.1706     0.0010    -0.1719    -0.1709     0.0010   2.824120   2.824604   0.000482    34.1295    34.1348     7.7005    27.4121    27.4163    334.730  351.89517  353.40249    34.1301    27.4126    1447.33    1447.34    -0.1719  1027.4600    34.2948 0.0000e+00
      20957 326.737097  -62.20578  -58.30020     -0.276    1447.10      8.000      7.927    -0.1661    -0.1652     0.0008    -0.1663    -0.1655     0.0008   2.824501   2.824978   0.000476    34.1292    34.1346     7.7054    27.4116    27.4159    334.942  351.84465  353.35082    34.1296    27.4119    1447.34    1447.35    -0.1663  1027.4545    34.2943 0.0000e+00
      21058 326.737146  -62.20578  -58.30020     -0.239    1447.10      7.000      6.930    -0.1630    -0.1625     0.0005    -0.1632    -0.1627     0.0005   2.824708   2.825151   0.000441    34.1291    34.1345     7.7012    27.4114    27.4157    334.760  351.81628  353.32180    34.1295    27.4116    1447.34    1447.35    -0.1632  1027.4495    34.2942 0.0000e+00
      21151 326.737190  -62.20578  -58.30020     -0.259    1447.10      6.000      5.944    -0.1585    -0.1581     0.0004    -0.1587    -0.1583     0.0004   2.825015   2.825472   0.000453    34.1290    34.1345     7.6985    27.4110    27.4155    334.640  351.77611  353.28072    34.1292    27.4112    1447.34    1447.35    -0.1587  1027.4443    34.2939 0.0000e+00
      21253 326.737240  -62.20579  -58.30020     -0.239    1447.10      5.000      4.951    -0.1582    -0.1591    -0.0009    -0.1584    -0.1593    -0.0009   2.824993   2.825353   0.000367    34.1290    34.1349     7.6984    27.4110    27.4158    334.638  351.77296  353.27751    34.1292    27.4112    1447.32    1447.33    -0.1584  1027.4395    34.2939 0.0000e+00
      21350 326.737286  -62.20580  -58.30020     -0.234    1447.10      4.000      3.962    -0.1627    -0.1630    -0.0003    -0.1628    -0.1631    -0.0003   2.824543   2.824925   0.000387    34.1291    34.1346     7.7070    27.4113    27.4158    335.010  351.81414  353.31961    34.1288    27.4111    1447.29    1447.29    -0.1628  1027.4346    34.2935 0.0000e+00
      21446 326.737333  -62.20580  -58.30020     -0.244    1447.10      3.000      2.973    -0.1658    -0.1650     0.0008    -0.1659    -0.1651     0.0008   2.824312   2.824794   0.000481    34.1296    34.1352     7.7025    27.4119    27.4164    334.815  351.84074  353.34686    34.1298    27.4120    1447.26    1447.27    -0.1659  1027.4308    34.2945 0.0000e+00
      21572 326.737394  -62.20580  -58.30020     -0.218    1447.10      2.000      1.984    -0.1620    -0.1634    -0.0014    -0.1620    -0.1634    -0.0014   2.824555   2.824838   0.000299    34.1294    34.1349     7.7067    27.4116    27.4161    335.000  351.80654  353.31188    34.1294    27.4115    1447.26    1447.26    -0.1621  1027.4255    34.2941 0.0000e+00
