Pos-Processados/process_op38/Processamento_split/up/uoperantar38_012.cnv
* Sea-Bird SBE 9 Data File:
* FileName = D:\OPERANTAR_XXXVIII\DADOS\OP38_012.hdr
* Software Version Seasave V 7.18c
* Temperature SN = 4808
* Conductivity SN = 3380
* Number of Bytes Per Scan = 31
* Number of Voltage Words = 2
* Number of Scans Averaged by the Deck Unit = 1
* NMEA Latitude = 43 26.50 S
* NMEA Longitude = 053 36.73 W
* NMEA UTC (Time) = Oct 20 2019 19:38:05
** H41
** NAVIO POLAR ALMIRANTE MAXIMIANO
** CRUZEIRO:
** OPERANTAR XXXVIII
** ESTAÇÃO: OP38_012
** LAT 43 26,49' S
** LONG 053 36,73'  W
** 09P73767-1155
** PROFUNDIDADE: 5647
** DATA/HORA: 201939Z/OUT/2019
** OPERADOR: SO-HN CHAVES
# nquan = 33
# nvalues = 1057                        
# units = specified
# name 0 = scan: Scan Count
# name 1 = timeJ: Julian Days
# name 2 = latitude: Latitude [deg]
# name 3 = longitude: Longitude [deg]
# name 4 = dz/dtM: Descent Rate [m/s]
# name 5 = avgsvCM: Average Sound Velocity [Chen-Millero, m/s]
# name 6 = prDM: Pressure, Digiquartz [db]
# name 7 = depSM: Depth [salt water, m]
# name 8 = t090C: Temperature [ITS-90, deg C]
# name 9 = t190C: Temperature, 2 [ITS-90, deg C]
# name 10 = T2-T190C: Temperature Difference, 2 - 1 [ITS-90, deg C]
# name 11 = potemp090C: Potential Temperature [ITS-90, deg C]
# name 12 = potemp190C: Potential Temperature, 2 [ITS-90, deg C]
# name 13 = potemp90Cdiff: Potential Temperature, Diff, 2 - 1 [ITS-90, deg C]
# name 14 = c0S/m: Conductivity [S/m]
# name 15 = c1S/m: Conductivity, 2 [S/m]
# name 16 = C2-C1S/m: Conductivity Difference, 2 - 1 [S/m]
# name 17 = sal00: Salinity, Practical [PSU]
# name 18 = sal11: Salinity, Practical, 2 [PSU]
# name 19 = sbeox0ML/L: Oxygen, SBE 43 [ml/l]
# name 20 = sigma-é00: Density [sigma-theta, kg/m^3]
# name 21 = sigma-é11: Density, 2 [sigma-theta, kg/m^3]
# name 22 = sbox0Mm/Kg: Oxygen, SBE 43 [umol/kg]
# name 23 = oxsolMm/Kg: Oxygen Saturation, Garcia & Gordon [umol/kg]
# name 24 = oxsatMm/Kg: Oxygen Saturation, Weiss [umol/kg]
# name 25 = sal00: Salinity, Practical [PSU]
# name 26 = sigma-é00: Density [sigma-theta, kg/m^3]
# name 27 = svCM: Sound Velocity [Chen-Millero, m/s]
# name 28 = svCM1: Sound Velocity, 2 [Chen-Millero, m/s]
# name 29 = gsw_ptA0: potential temperature [ITS-90, deg C]
# name 30 = gsw_densityA0: density, TEOS-10 [density, kg/m^3]
# name 31 = gsw_saA0: Absolute Salinity [g/kg]
# name 32 = flag:
# span 0 =      30916,      65058       
# span 1 = 293.833022, 293.849488       
# span 2 =  -43.44176,  -43.44172       
# span 3 =  -53.61230,  -53.61224       
# span 4 =     -1.559,     -0.191       
# span 5 =    1476.15,    1476.15       
# span 6 =      2.000,   1058.000       
# span 7 =      1.980,   1046.889       
# span 8 =     3.0362,     9.7607       
# span 9 =     3.0362,     9.7621       
# span 10 =    -0.0496,     0.0298      
# span 11 =     2.9639,     9.7603      
# span 12 =     2.9639,     9.7617      
# span 13 =    -0.0494,     0.0296      
# span 14 =   3.154769,   3.701112      
# span 15 =   3.155237,   3.701819      
# span 16 =  -0.003910,   0.003386      
# span 17 =    34.0765,    34.3153      
# span 18 =    34.0825,    34.3207      
# span 19 =     4.6266,     6.7672      
# span 20 =    26.3063,    27.3304      
# span 21 =    26.3107,    27.3347      
# span 22 =    201.128,    294.462      
# span 23 =  277.78392,  323.97507      
# span 24 =  277.93938,  324.91942      
# span 25 =    34.0738,    34.3172      
# span 26 =    26.3064,    27.3328      
# span 27 =    1472.74,    1487.97      
# span 28 =    1472.75,    1487.98      
# span 29 =     2.9638,     9.7603      
# span 30 =  1026.3254,  1032.2297      
# span 31 =    34.2349,    34.4829      
# span 32 = 0.0000e+00, 0.0000e+00      
# interval = decibars: 1                
# start_time = Oct 20 2019 19:38:05 [NMEA time, header]
# bad_flag = -9.990e-29
*END*
[from data line 396]
      41179 293.837972  -43.44172  -53.61228     -1.084    1476.15    662.000    655.673     3.8045     3.8039    -0.0006     3.7575     3.7569    -0.0006   3.196785   3.197225   0.000445    34.1544    34.1603     5.8632    27.1380    27.1428    254.930  318.31203  319.13720    34.1559    27.1392    1475.58    1475.58     3.7574  1030.2052    34.3191 0.0000e+00
      41201 293.837982  -43.44172  -53.61228     -1.111    1476.15    661.000    654.684     3.8001     3.8013     0.0012     3.7532     3.7544     0.0012   3.195882   3.196608   0.000684    34.1509    34.1578     5.8721    27.1357    27.1410    255.318  318.35445  319.18014    34.1504    27.1352    1475.53    1475.55     3.7531  1030.1967    34.3135 0.0000e+00
      41225 293.837994  -43.44172  -53.61228     -1.055    1476.15    660.000    653.695     3.7870     3.7901     0.0031     3.7402     3.7433     0.0031   3.194437   3.195290   0.000862    34.1475    34.1545     5.8767    27.1343    27.1395    255.518  318.46357  319.29102    34.1473    27.1341    1475.46    1475.48     3.7402  1030.1912    34.3105 0.0000e+00
      41251 293.838006  -43.44173  -53.61228     -0.944    1476.15    659.000    652.706     3.7800     3.7794    -0.0006     3.7333     3.7327    -0.0006   3.193617   3.194052   0.000446    34.1458    34.1517     5.8743    27.1336    27.1383    255.416  318.52192  319.35033    34.1454    27.1333    1475.41    1475.42     3.7332  1030.1859    34.3085 0.0000e+00
      41278 293.838019  -43.44173  -53.61228     -0.899    1476.15    658.000    651.718     3.7740     3.7742     0.0002     3.7275     3.7277     0.0002   3.192996   3.193525   0.000526    34.1449    34.1509     5.8914    27.1334    27.1382    256.158  318.56986  319.39908    34.1447    27.1333    1475.37    1475.38     3.7274  1030.1814    34.3078 0.0000e+00
      41301 293.838031  -43.44172  -53.61228     -0.958    1476.15    657.000    650.729     3.7727     3.7730     0.0003     3.7263     3.7265     0.0003   3.192786   3.193356   0.000561    34.1444    34.1508     5.9191    27.1332    27.1382    257.362  318.58159  319.41099    34.1442    27.1330    1475.35    1475.36     3.7261  1030.1765    34.3073 0.0000e+00
      41323 293.838041  -43.44172  -53.61228     -1.053    1476.15    656.000    649.739     3.7696     3.7710     0.0013     3.7233     3.7246     0.0013   3.192428   3.193067   0.000640    34.1440    34.1502     5.9406    27.1331    27.1380    258.297  318.60607  319.43590    34.1436    27.1328    1475.32    1475.33     3.7232  1030.1718    34.3067 0.0000e+00
      41345 293.838052  -43.44172  -53.61228     -1.096    1476.15    655.000    648.751     3.7671     3.7678     0.0007     3.7209     3.7215     0.0007   3.192133   3.192701   0.000571    34.1436    34.1496     5.9502    27.1330    27.1378    258.716  318.62652  319.45669    34.1432    27.1328    1475.29    1475.30     3.7208  1030.1672    34.3063 0.0000e+00
      41369 293.838063  -43.44172  -53.61228     -1.044    1476.15    654.000    647.762     3.7658     3.7653    -0.0005     3.7196     3.7191    -0.0005   3.191960   3.192393   0.000440    34.1434    34.1491     5.9546    27.1331    27.1377    258.907  318.63753  319.46789    34.1431    27.1328    1475.27    1475.27     3.7195  1030.1627    34.3062 0.0000e+00
      41395 293.838076  -43.44172  -53.61228     -0.952    1476.15    653.000    646.773     3.7643     3.7639    -0.0003     3.7182     3.7178    -0.0004   3.191728   3.192199   0.000472    34.1429    34.1489     5.9525    27.1328    27.1376    258.817  318.65025  319.48081    34.1424    27.1324    1475.24    1475.25     3.7181  1030.1577    34.3055 0.0000e+00
      41422 293.838089  -43.44172  -53.61228     -0.905    1476.15    652.000    645.784     3.7606     3.7608     0.0002     3.7146     3.7148     0.0002   3.191319   3.191854   0.000532    34.1423    34.1484     5.9495    27.1327    27.1375    258.685  318.67972  319.51079    34.1419    27.1323    1475.21    1475.22     3.7145  1030.1531    34.3050 0.0000e+00
      41449 293.838102  -43.44172  -53.61228     -0.898    1476.15    651.000    644.795     3.7570     3.7575     0.0005     3.7111     3.7116     0.0005   3.190865   3.191420   0.000559    34.1416    34.1477     5.9511    27.1324    27.1372    258.756  318.70945  319.54101    34.1407    27.1318    1475.18    1475.19     3.7110  1030.1480    34.3038 0.0000e+00
      41473 293.838114  -43.44172  -53.61228     -0.936    1476.15    650.000    643.806     3.7533     3.7531    -0.0002     3.7075     3.7073    -0.0002   3.190447   3.190946   0.000491    34.1409    34.1470     5.9522    27.1323    27.1371    258.803  318.73982  319.57190    34.1402    27.1317    1475.14    1475.15     3.7074  1030.1434    34.3032 0.0000e+00
      41495 293.838124  -43.44172  -53.61228     -1.024    1476.15    649.000    642.818     3.7498     3.7504     0.0007     3.7041     3.7047     0.0007   3.190043   3.190623   0.000570    34.1403    34.1464     5.9515    27.1321    27.1369    258.775  318.76839  319.60094    34.1395    27.1315    1475.11    1475.12     3.7040  1030.1386    34.3026 0.0000e+00
      41516 293.838134  -43.44172  -53.61228     -1.112    1476.15    648.000    641.828     3.7428     3.7463     0.0035     3.6972     3.7006     0.0035   3.189080   3.190025   0.000910    34.1379    34.1451     5.9548    27.1308    27.1363    258.918  318.82844  319.66192    34.1359    27.1293    1475.06    1475.09     3.6971  1030.1320    34.2989 0.0000e+00
      41538 293.838145  -43.44172  -53.61228     -1.141    1476.15    647.000    640.839     3.7356     3.7371     0.0015     3.6901     3.6915     0.0015   3.188368   3.188982   0.000647    34.1365    34.1426     5.9624    27.1305    27.1352    259.249  318.88743  319.72191    34.1354    27.1296    1475.01    1475.03     3.6900  1030.1278    34.2984 0.0000e+00
      41560 293.838155  -43.44172  -53.61228     -1.108    1476.15    646.000    639.850     3.7346     3.7343    -0.0003     3.6892     3.6889    -0.0003   3.188223   3.188689   0.000475    34.1359    34.1418     5.9685    27.1301    27.1348    259.515  318.89620  319.73080    34.1352    27.1295    1474.99    1475.00     3.6891  1030.1232    34.2983 0.0000e+00
      41581 293.838166  -43.44172  -53.61228     -1.096    1476.15    645.000    638.861     3.7389     3.7370    -0.0019     3.6936     3.6917    -0.0019   3.188662   3.188959   0.000333    34.1361    34.1420     5.9762    27.1298    27.1347    259.845  318.86267  319.69665    34.1365    27.1301    1475.00    1475.00     3.6935  1030.1190    34.2995 0.0000e+00
      41601 293.838175  -43.44172  -53.61228     -1.156    1476.15    644.000    637.873     3.7485     3.7447    -0.0038     3.7032     3.6994    -0.0038   3.189485   3.189632   0.000148    34.1364    34.1421     5.9926    27.1291    27.1340    260.562  318.78797  319.62059    34.1369    27.1295    1475.02    1475.01     3.7031  1030.1136    34.2999 0.0000e+00
      41619 293.838184  -43.44172  -53.61228     -1.252    1476.15    643.000    636.883     3.7528     3.7504    -0.0024     3.7075     3.7052    -0.0024   3.189798   3.190113   0.000308    34.1363    34.1424     6.0093    27.1286    27.1337    261.288  318.75479  319.58678    34.1366    27.1288    1475.02    1475.02     3.7074  1030.1083    34.2996 0.0000e+00
      41637 293.838192  -43.44172  -53.61228     -1.322    1476.15    642.000    635.894     3.7551     3.7537    -0.0013     3.7099     3.7085    -0.0013   3.189922   3.190339   0.000399    34.1363    34.1424     6.0161    27.1283    27.1333    261.584  318.73729  319.56895    34.1362    27.1283    1475.01    1475.02     3.7098  1030.1031    34.2992 0.0000e+00
      41657 293.838202  -43.44173  -53.61228     -1.272    1476.15    641.000    634.906     3.7583     3.7556    -0.0027     3.7132     3.7105    -0.0027   3.190302   3.190535   0.000257    34.1368    34.1427     6.0126    27.1284    27.1334    261.429  318.71055  319.54176    34.1378    27.1292    1475.01    1475.01     3.7131  1030.0994    34.3008 0.0000e+00
      41686 293.838216  -43.44174  -53.61228     -0.980    1476.15    640.000    633.922     3.7708     3.7684    -0.0025     3.7257     3.7232    -0.0025   3.191438   3.191692   0.000258    34.1378    34.1434     6.0037    27.1279    27.1327    261.046  318.61170  319.44114    34.1389    27.1288    1475.05    1475.05     3.7256  1030.0942    34.3019 0.0000e+00
      41720 293.838233  -43.44172  -53.61228     -0.687    1476.15    639.000    632.924     3.7746     3.7730    -0.0016     3.7295     3.7279    -0.0016   3.191634   3.191987   0.000344    34.1375    34.1432     6.0041    27.1273    27.1321    261.060  318.58344  319.41234    34.1378    27.1276    1475.05    1475.05     3.7294  1030.0883    34.3008 0.0000e+00
      41747 293.838246  -43.44172  -53.61228     -0.811    1476.15    638.000    631.939     3.7725     3.7727     0.0002     3.7275     3.7277     0.0001   3.191347   3.191886   0.000532    34.1369    34.1430     5.9957    27.1271    27.1319    260.696  318.60093  319.43011    34.1371    27.1272    1475.02    1475.03     3.7274  1030.0834    34.3001 0.0000e+00
      41769 293.838256  -43.44172  -53.61228     -0.993    1476.15    637.000    630.950     3.7701     3.7698    -0.0003     3.7252     3.7249    -0.0003   3.190956   3.191430   0.000481    34.1360    34.1419     5.9838    27.1265    27.1314    260.179  318.62211  319.45160    34.1355    27.1262    1474.99    1475.00     3.7251  1030.0778    34.2985 0.0000e+00
      41790 293.838266  -43.44172  -53.61228     -1.111    1476.15    636.000    629.961     3.7620     3.7624     0.0004     3.7172     3.7176     0.0004   3.190038   3.190604   0.000551    34.1342    34.1403     5.9872    27.1260    27.1308    260.327  318.68873  319.51933    34.1335    27.1254    1474.94    1474.95     3.7171  1030.0726    34.2965 0.0000e+00
      41811 293.838277  -43.44172  -53.61228     -1.146    1476.15    635.000    628.972     3.7573     3.7583     0.0010     3.7126     3.7136     0.0010   3.189460   3.190115   0.000637    34.1329    34.1393     5.9984    27.1253    27.1304    260.815  318.72859  319.55983    34.1321    27.1247    1474.90    1474.92     3.7125  1030.0674    34.2950 0.0000e+00
      41834 293.838287  -43.44172  -53.61228     -1.102    1476.15    634.000    627.983     3.7506     3.7526     0.0020     3.7060     3.7080     0.0020   3.188651   3.189370   0.000726    34.1308    34.1373     6.0034    27.1244    27.1293    261.034  318.78532  319.61744    34.1300    27.1237    1474.85    1474.87     3.7059  1030.0618    34.2929 0.0000e+00
      41857 293.838299  -43.44172  -53.61228     -1.054    1476.15    633.000    626.994     3.7511     3.7506    -0.0005     3.7066     3.7061    -0.0005   3.188619   3.189095   0.000482    34.1299    34.1361     6.0177    27.1235    27.1286    261.652  318.78316  319.61518    34.1295    27.1233    1474.84    1474.85     3.7065  1030.0568    34.2924 0.0000e+00
      41880 293.838310  -43.44172  -53.61228     -1.044    1476.15    632.000    626.005     3.7496     3.7495    -0.0001     3.7052     3.7051    -0.0001   3.188357   3.188853   0.000500    34.1290    34.1350     6.0381    27.1230    27.1278    262.539  318.79722  319.62943    34.1285    27.1226    1474.82    1474.82     3.7051  1030.0516    34.2914 0.0000e+00
      41903 293.838321  -43.44172  -53.61228     -1.036    1476.15    631.000    625.016     3.7485     3.7484    -0.0001     3.7042     3.7040    -0.0001   3.188148   3.188651   0.000497    34.1281    34.1342     6.0563    27.1224    27.1272    263.331  318.80755  319.63988    34.1277    27.1220    1474.79    1474.80     3.7041  1030.0464    34.2906 0.0000e+00
      41927 293.838333  -43.44172  -53.61228     -1.006    1476.15    630.000    624.027     3.7479     3.7478    -0.0001     3.7036     3.7035    -0.0001   3.188034   3.188535   0.000505    34.1278    34.1339     6.0702    27.1222    27.1271    263.938  318.81327  319.64569    34.1275    27.1219    1474.78    1474.78     3.7035  1030.0417    34.2904 0.0000e+00
      41952 293.838344  -43.44173  -53.61228     -0.993    1476.15    629.000    623.038     3.7472     3.7472    -0.0000     3.7030     3.7030    -0.0000   3.187894   3.188403   0.000507    34.1275    34.1335     6.0759    27.1220    27.1268    264.186  318.81932  319.65182    34.1271    27.1217    1474.75    1474.76     3.7029  1030.0369    34.2900 0.0000e+00
      41977 293.838356  -43.44173  -53.61228     -0.982    1476.15    628.000    622.048     3.7462     3.7463     0.0001     3.7021     3.7022     0.0000   3.187753   3.188262   0.000510    34.1272    34.1332     6.0821    27.1219    27.1267    264.453  318.82752  319.66016    34.1269    27.1216    1474.73    1474.74     3.7020  1030.0323    34.2898 0.0000e+00
      42005 293.838370  -43.44172  -53.61228     -0.885    1476.15    627.000    621.060     3.7469     3.7467    -0.0002     3.7029     3.7026    -0.0002   3.187736   3.188214   0.000479    34.1267    34.1327     6.0818    27.1214    27.1262    264.439  318.82339  319.65591    34.1265    27.1213    1474.72    1474.73     3.7028  1030.0273    34.2894 0.0000e+00
      42038 293.838386  -43.44172  -53.61228     -0.752    1476.15    626.000    620.069     3.7535     3.7518    -0.0017     3.7095     3.7078    -0.0017   3.188311   3.188600   0.000333    34.1256    34.1313     6.0874    27.1198    27.1245    264.684  318.77524  319.60678    34.1270    27.1210    1474.73    1474.73     3.7094  1030.0223    34.2899 0.0000e+00
      42065 293.838399  -43.44173  -53.61228     -0.815    1476.15    625.000    619.081     3.7794     3.7762    -0.0032     3.7354     3.7322    -0.0032   3.191006   3.191079   0.000198    34.1280    34.1336     6.0914    27.1192    27.1240    264.859  318.56915  319.39704    34.1326    27.1228    1474.83    1474.82     3.7353  1030.0191    34.2955 0.0000e+00
      42087 293.838409  -43.44174  -53.61228     -0.988    1476.15    624.000    618.092     3.8424     3.8222    -0.0202     3.7981     3.7780    -0.0201   3.197180   3.195963  -0.001257    34.1339    34.1400     6.0892    27.1176    27.1245    264.765  318.06913  318.88820    34.1409    27.1232    1475.09    1475.01     3.7980  1030.0138    34.3039 0.0000e+00
      42107 293.838419  -43.44174  -53.61228     -1.129    1476.15    623.000    617.103     3.8755     3.8649    -0.0106     3.8311     3.8206    -0.0105   3.200167   3.199635  -0.000481    34.1355    34.1408     6.0969    27.1156    27.1209    265.101  317.81065  318.62506    34.1425    27.1212    1475.22    1475.18     3.8310  1030.0066    34.3054 0.0000e+00
      42128 293.838429  -43.44172  -53.61228     -1.171    1476.15    622.000    616.114     3.9088     3.8982    -0.0106     3.8644     3.8539    -0.0105   3.203168   3.202742  -0.000501    34.1384    34.1434     6.0978    27.1146    27.1196    265.139  317.54784  318.35761    34.1440    27.1190    1475.34    1475.30     3.8642  1029.9992    34.3069 0.0000e+00
      42151 293.838441  -43.44172  -53.61228     -1.092    1476.15    621.000    615.125     3.9177     3.9127    -0.0049     3.8733     3.8683    -0.0049   3.203839   3.203889   0.000040    34.1391    34.1447     6.0810    27.1142    27.1191    264.410  317.47813  318.28666    34.1432    27.1175    1475.36    1475.35     3.8732  1029.9930    34.3061 0.0000e+00
      42177 293.838453  -43.44172  -53.61228     -0.967    1476.15    620.000    614.136     3.9236     3.9230    -0.0005     3.8792     3.8786    -0.0005   3.204373   3.204871   0.000459    34.1401    34.1461     6.0373    27.1144    27.1193    262.508  317.43067  318.23840    34.1439    27.1175    1475.37    1475.38     3.8791  1029.9883    34.3069 0.0000e+00
