Pos-Processados/process_op38/Processamento_split/up/uoperantar38_014.cnv
* Sea-Bird SBE 9 Data File:
* FileName = D:\OPERANTAR_XXXVIII\DADOS\OP38_014.hdr
* Software Version Seasave V 7.18c
* Temperature SN = 4808
* Conductivity SN = 3380
* Number of Bytes Per Scan = 34
* Number of Voltage Words = 3
* Number of Scans Averaged by the Deck Unit = 1
* NMEA Latitude = 62 11.37 S
* NMEA Longitude = 058 03.45 W
* NMEA UTC (Time) = Nov 05 2019 06:03:04
** H41
** NAVIO POLAR ALMIRANTE MAXIMIANO
** CRUZEIRO:
** OPERANTAR XXXVIII
** ESTAÇÃO: OP38_014
** LAT 62 11,38' S
** LONG 058 03,41' W
** 09P73767-1155_A
** PROFUNDIDADE: 480
** DATA/HORA: 050604Z/NOV/2019
** OPERADOR: SO-HN CHAVES
# nquan = 32
# nvalues = 407                         
# units = specified
# name 0 = scan: Scan Count
# name 1 = timeJ: Julian Days
# name 2 = latitude: Latitude [deg]
# name 3 = longitude: Longitude [deg]
# name 4 = dz/dtM: Descent Rate [m/s]
# name 5 = avgsvCM: Average Sound Velocity [Chen-Millero, m/s]
# name 6 = prDM: Pressure, Digiquartz [db]
# name 7 = depSM: Depth [salt water, m]
# name 8 = t090C: Temperature [ITS-90, deg C]
# name 9 = t190C: Temperature, 2 [ITS-90, deg C]
# name 10 = T2-T190C: Temperature Difference, 2 - 1 [ITS-90, deg C]
# name 11 = potemp090C: Potential Temperature [ITS-90, deg C]
# name 12 = potemp190C: Potential Temperature, 2 [ITS-90, deg C]
# name 13 = potemp90Cdiff: Potential Temperature, Diff, 2 - 1 [ITS-90, deg C]
# name 14 = c0S/m: Conductivity [S/m]
# name 15 = c1S/m: Conductivity, 2 [S/m]
# name 16 = C2-C1S/m: Conductivity Difference, 2 - 1 [S/m]
# name 17 = sal00: Salinity, Practical [PSU]
# name 18 = sal11: Salinity, Practical, 2 [PSU]
# name 19 = sbeox0ML/L: Oxygen, SBE 43 [ml/l]
# name 20 = sbeox1ML/L: Oxygen, SBE 43, 2 [ml/l]
# name 21 = sbeox0ML/Ldiff: Oxygen, SBE 43, Diff, 2 - 1 [ml/l]
# name 22 = sigma-é00: Density [sigma-theta, kg/m^3]
# name 23 = sigma-é11: Density, 2 [sigma-theta, kg/m^3]
# name 24 = sal00: Salinity, Practical [PSU]
# name 25 = sigma-é00: Density [sigma-theta, kg/m^3]
# name 26 = svCM: Sound Velocity [Chen-Millero, m/s]
# name 27 = svCM1: Sound Velocity, 2 [Chen-Millero, m/s]
# name 28 = gsw_ptA0: potential temperature [ITS-90, deg C]
# name 29 = gsw_densityA0: density, TEOS-10 [density, kg/m^3]
# name 30 = gsw_saA0: Absolute Salinity [g/kg]
# name 31 = flag:
# span 0 =      12928,      28732       
# span 1 = 309.258364, 309.265985       
# span 2 =  -62.18964,  -62.18960       
# span 3 =  -58.05758,  -58.05752       
# span 4 =     -1.429,     -0.113       
# span 5 =    1448.26,    1448.26       
# span 6 =      1.000,    407.000       
# span 7 =      1.026,    402.696       
# span 8 =    -0.9709,    -0.4397       
# span 9 =    -0.9709,    -0.4350       
# span 10 =    -0.0113,     0.0434      
# span 11 =    -0.9733,    -0.4516      
# span 12 =    -0.9733,    -0.4469      
# span 13 =    -0.0113,     0.0434      
# span 14 =   2.766477,   2.843850      
# span 15 =   2.766943,   2.844255      
# span 16 =  -0.000648,   0.003753      
# span 17 =    34.1502,    34.4868      
# span 18 =    34.1574,    34.4923      
# span 19 =     6.0019,     7.6878      
# span 20 =     5.7541,     7.4082      
# span 21 =    -0.3782,    -0.2355      
# span 22 =    27.4565,    27.7159      
# span 23 =    27.4607,    27.7203      
# span 24 =    34.1518,    34.4868      
# span 25 =    27.4561,    27.7159      
# span 26 =    1444.16,    1452.90      
# span 27 =    1444.18,    1452.92      
# span 28 =    -0.9732,    -0.4514      
# span 29 =  1027.4664,  1029.6589      
# span 30 =    34.3166,    34.6556      
# span 31 = 0.0000e+00, 0.0000e+00      
# interval = decibars: 1                
# start_time = Nov 05 2019 06:03:04 [NMEA time, header]
# bad_flag = -9.990e-29
*END*
[from data line 91]
      16076 309.259882  -62.18962  -58.05754     -1.207    1448.26    316.000    312.728    -0.6484    -0.6472     0.0012    -0.6586    -0.6574     0.0012   2.818173   2.818599   0.000504    34.4032    34.4086     6.3266     6.0201    -0.3064    27.6558    27.6601    34.4004    27.6535    1450.47    1450.48    -0.6583  1029.1673    34.5686 0.0000e+00
      16094 309.259891  -62.18962  -58.05754     -1.270    1448.26    315.000    311.739    -0.6509    -0.6469     0.0040    -0.6610    -0.6570     0.0039   2.817886   2.818800   0.000886    34.4023    34.4097     6.3270     6.0345    -0.2926    27.6552    27.6610    34.3999    27.6532    1450.44    1450.47    -0.6608  1029.1623    34.5680 0.0000e+00
      16112 309.259899  -62.18962  -58.05754     -1.309    1448.26    314.000    310.750    -0.6548    -0.6515     0.0033    -0.6648    -0.6615     0.0033   2.817360   2.818057   0.000747    34.4005    34.4068     6.3375     6.0517    -0.2857    27.6539    27.6589    34.3978    27.6517    1450.41    1450.43    -0.6646  1029.1561    34.5660 0.0000e+00
      16130 309.259908  -62.18962  -58.05754     -1.339    1448.26    313.000    309.761    -0.6583    -0.6579     0.0004    -0.6683    -0.6679     0.0004   2.816928   2.817380   0.000446    34.3993    34.4049     6.3538     6.0707    -0.2832    27.6531    27.6576    34.3966    27.6509    1450.37    1450.38    -0.6681  1029.1505    34.5648 0.0000e+00
      16148 309.259917  -62.18962  -58.05754     -1.346    1448.26    312.000    308.773    -0.6606    -0.6597     0.0008    -0.6705    -0.6697     0.0008   2.816714   2.817185   0.000490    34.3988    34.4045     6.3660     6.0841    -0.2818    27.6527    27.6573    34.3969    27.6512    1450.34    1450.36    -0.6703  1029.1461    34.5650 0.0000e+00
      16168 309.259926  -62.18962  -58.05754     -1.299    1448.26    311.000    307.783    -0.6595    -0.6601    -0.0006    -0.6694    -0.6700    -0.0006   2.816814   2.817123   0.000345    34.3991    34.4044     6.3745     6.1045    -0.2700    27.6529    27.6573    34.3976    27.6518    1450.34    1450.34    -0.6692  1029.1419    34.5658 0.0000e+00
      16190 309.259937  -62.18962  -58.05754     -1.169    1448.26    310.000    306.795    -0.6570    -0.6545     0.0025    -0.6669    -0.6644     0.0025   2.817046   2.817768   0.000675    34.3995    34.4058     6.3877     6.1138    -0.2739    27.6532    27.6582    34.3986    27.6525    1450.33    1450.35    -0.6667  1029.1378    34.5668 0.0000e+00
      16217 309.259950  -62.18962  -58.05754     -0.972    1448.26    309.000    305.805    -0.6547    -0.6489     0.0057    -0.6645    -0.6588     0.0057   2.817174   2.818204   0.001043    34.3995    34.4071     6.3946     6.1208    -0.2738    27.6531    27.6590    34.3983    27.6521    1450.32    1450.36    -0.6643  1029.1326    34.5664 0.0000e+00
      16244 309.259963  -62.18962  -58.05755     -0.877    1448.26    308.000    304.816    -0.6564    -0.6572    -0.0007    -0.6663    -0.6670    -0.0007   2.816901   2.817233   0.000397    34.3985    34.4046     6.3918     6.1316    -0.2602    27.6523    27.6573    34.3972    27.6513    1450.30    1450.30    -0.6660  1029.1271    34.5653 0.0000e+00
      16267 309.259974  -62.18962  -58.05756     -0.946    1448.26    307.000    303.827    -0.6635    -0.6648    -0.0013    -0.6732    -0.6746    -0.0013   2.816115   2.816453   0.000313    34.3970    34.4027     6.3895     6.1295    -0.2600    27.6514    27.6561    34.3952    27.6500    1450.25    1450.25    -0.6731  1029.1211    34.5633 0.0000e+00
      16290 309.259985  -62.18962  -58.05756     -1.048    1448.26    306.000    302.839    -0.6661    -0.6654     0.0006    -0.6758    -0.6752     0.0006   2.815856   2.816342   0.000494    34.3963    34.4023     6.3824     6.1260    -0.2564    27.6510    27.6558    34.3952    27.6501    1450.22    1450.23    -0.6756  1029.1165    34.5634 0.0000e+00
      16312 309.259995  -62.18962  -58.05756     -1.092    1448.26    305.000    301.850    -0.6661    -0.6660     0.0001    -0.6758    -0.6757     0.0001   2.815785   2.816209   0.000430    34.3959    34.4016     6.3880     6.1223    -0.2657    27.6507    27.6553    34.3949    27.6499    1450.20    1450.21    -0.6756  1029.1115    34.5630 0.0000e+00
      16335 309.260007  -62.18962  -58.05755     -1.064    1448.26    304.000    300.861    -0.6671    -0.6667     0.0005    -0.6768    -0.6763     0.0005   2.815605   2.816085   0.000479    34.3953    34.4012     6.3854     6.1255    -0.2599    27.6502    27.6550    34.3943    27.6494    1450.18    1450.19    -0.6766  1029.1063    34.5624 0.0000e+00
      16360 309.260019  -62.18962  -58.05754     -0.996    1448.26    303.000    299.872    -0.6685    -0.6679     0.0006    -0.6781    -0.6776     0.0005   2.815433   2.815890   0.000468    34.3950    34.4007     6.3936     6.1291    -0.2645    27.6500    27.6546    34.3941    27.6493    1450.16    1450.17    -0.6779  1029.1015    34.5622 0.0000e+00
      16383 309.260030  -62.18962  -58.05754     -0.977    1448.26    302.000    298.883    -0.6696    -0.6694     0.0002    -0.6792    -0.6790     0.0002   2.815288   2.815691   0.000420    34.3947    34.4002     6.4003     6.1275    -0.2728    27.6498    27.6542    34.3941    27.6493    1450.14    1450.14    -0.6790  1029.0967    34.5622 0.0000e+00
      16404 309.260040  -62.18962  -58.05754     -1.063    1448.26    301.000    297.894    -0.6687    -0.6701    -0.0014    -0.6782    -0.6796    -0.0014   2.815310   2.815607   0.000283    34.3948    34.4002     6.4034     6.1241    -0.2793    27.6499    27.6543    34.3939    27.6492    1450.12    1450.13    -0.6780  1029.0918    34.5620 0.0000e+00
      16422 309.260049  -62.18962  -58.05756     -1.201    1448.26    300.000    296.905    -0.6720    -0.6710     0.0010    -0.6815    -0.6805     0.0010   2.814920   2.815402   0.000499    34.3940    34.3995     6.4057     6.1273    -0.2784    27.6493    27.6538    34.3931    27.6486    1450.09    1450.10    -0.6813  1029.0865    34.5612 0.0000e+00
      16439 309.260057  -62.18962  -58.05754     -1.326    1448.26    299.000    295.916    -0.6739    -0.6734     0.0005    -0.6834    -0.6829     0.0005   2.814639   2.815121   0.000470    34.3933    34.3990     6.4057     6.1320    -0.2738    27.6489    27.6535    34.3920    27.6479    1450.06    1450.07    -0.6832  1029.0810    34.5601 0.0000e+00
      16456 309.260065  -62.18962  -58.05755     -1.402    1448.26    298.000    294.927    -0.6798    -0.6788     0.0010    -0.6892    -0.6882     0.0010   2.813883   2.814395   0.000510    34.3912    34.3969     6.4040     6.1343    -0.2698    27.6474    27.6520    34.3891    27.6457    1450.02    1450.03    -0.6890  1029.0742    34.5572 0.0000e+00
      16474 309.260074  -62.18962  -58.05756     -1.402    1448.26    297.000    293.938    -0.6864    -0.6848     0.0016    -0.6958    -0.6942     0.0016   2.813209   2.813792   0.000588    34.3895    34.3956     6.4003     6.1434    -0.2569    27.6463    27.6512    34.3881    27.6452    1449.97    1449.98    -0.6956  1029.0690    34.5562 0.0000e+00
      16494 309.260083  -62.18962  -58.05756     -1.312    1448.26    296.000    292.949    -0.6891    -0.6852     0.0039    -0.6984    -0.6946     0.0039   2.812901   2.813861   0.000863    34.3889    34.3961     6.4067     6.1435    -0.2633    27.6459    27.6516    34.3877    27.6450    1449.94    1449.97    -0.6982  1029.0640    34.5557 0.0000e+00
      16516 309.260094  -62.18962  -58.05756     -1.166    1448.26    295.000    291.960    -0.6893    -0.6801     0.0092    -0.6986    -0.6894     0.0092   2.812880   2.814303   0.001431    34.3888    34.3977     6.4137     6.1387    -0.2749    27.6459    27.6527    34.3882    27.6454    1449.92    1449.98    -0.6984  1029.0597    34.5562 0.0000e+00
      16540 309.260106  -62.18962  -58.05756     -1.033    1448.26    294.000    290.971    -0.6861    -0.6845     0.0016    -0.6954    -0.6938     0.0016   2.813105   2.813706   0.000580    34.3890    34.3950     6.4210     6.1483    -0.2727    27.6459    27.6507    34.3882    27.6453    1449.92    1449.94    -0.6952  1029.0548    34.5563 0.0000e+00
      16566 309.260118  -62.18962  -58.05756     -0.956    1448.26    293.000    289.982    -0.6933    -0.6863     0.0070    -0.7025    -0.6955     0.0070   2.812264   2.813361   0.001152    34.3870    34.3945     6.4374     6.1560    -0.2814    27.6446    27.6504    34.3857    27.6435    1449.87    1449.91    -0.7023  1029.0483    34.5537 0.0000e+00
      16592 309.260131  -62.18962  -58.05756     -0.920    1448.26    292.000    288.993    -0.6950    -0.6962    -0.0013    -0.7041    -0.7054    -0.0013   2.812084   2.812344   0.000283    34.3866    34.3919     6.4346     6.1616    -0.2730    27.6444    27.6487    34.3857    27.6436    1449.84    1449.84    -0.7039  1029.0437    34.5537 0.0000e+00
      16618 309.260143  -62.18962  -58.05756     -0.923    1448.26    291.000    288.004    -0.6969    -0.6985    -0.0016    -0.7060    -0.7076    -0.0016   2.811790   2.812037   0.000263    34.3854    34.3907     6.4384     6.1609    -0.2775    27.6435    27.6478    34.3846    27.6428    1449.82    1449.82    -0.7058  1029.0381    34.5526 0.0000e+00
      16642 309.260155  -62.18962  -58.05756     -0.963    1448.26    290.000    287.015    -0.6985    -0.6974     0.0012    -0.7076    -0.7065     0.0012   2.811594   2.812176   0.000534    34.3853    34.3912     6.4420     6.1581    -0.2839    27.6434    27.6481    34.3843    27.6426    1449.79    1449.81    -0.7074  1029.0332    34.5523 0.0000e+00
      16666 309.260166  -62.18964  -58.05754     -1.007    1448.26    289.000    286.026    -0.7002    -0.6962     0.0040    -0.7092    -0.7052     0.0040   2.811354   2.812169   0.000851    34.3845    34.3914     6.4484     6.1615    -0.2869    27.6429    27.6483    34.3836    27.6421    1449.77    1449.79    -0.7090  1029.0280    34.5516 0.0000e+00
      16688 309.260177  -62.18964  -58.05754     -1.037    1448.26    288.000    285.037    -0.7027    -0.7038    -0.0011    -0.7117    -0.7128    -0.0011   2.811037   2.811315   0.000281    34.3837    34.3888     6.4524     6.1729    -0.2794    27.6423    27.6465    34.3828    27.6416    1449.74    1449.74    -0.7115  1029.0227    34.5508 0.0000e+00
      16710 309.260188  -62.18964  -58.05754     -1.078    1448.26    287.000    284.048    -0.7047    -0.7042     0.0005    -0.7137    -0.7132     0.0005   2.810782   2.811248   0.000468    34.3830    34.3888     6.4566     6.1862    -0.2704    27.6418    27.6465    34.3823    27.6412    1449.71    1449.72    -0.7135  1029.0176    34.5503 0.0000e+00
      16729 309.260197  -62.18962  -58.05754     -1.155    1448.26    286.000    283.059    -0.7049    -0.7049     0.0000    -0.7139    -0.7138     0.0000   2.810728   2.811121   0.000400    34.3830    34.3884     6.4614     6.1882    -0.2732    27.6418    27.6462    34.3824    27.6413    1449.69    1449.70    -0.7137  1029.0130    34.5504 0.0000e+00
      16747 309.260206  -62.18962  -58.05754     -1.249    1448.26    285.000    282.070    -0.7066    -0.7059     0.0008    -0.7155    -0.7148     0.0007   2.810473   2.810952   0.000486    34.3824    34.3881     6.4633     6.1887    -0.2746    27.6414    27.6460    34.3815    27.6407    1449.67    1449.68    -0.7153  1029.0076    34.5495 0.0000e+00
      16765 309.260214  -62.18962  -58.05754     -1.324    1448.26    284.000    281.081    -0.7081    -0.7081     0.0001    -0.7170    -0.7170     0.0000   2.810304   2.810693   0.000400    34.3821    34.3875     6.4658     6.1935    -0.2723    27.6413    27.6456    34.3815    27.6407    1449.64    1449.65    -0.7168  1029.0029    34.5495 0.0000e+00
      16783 309.260223  -62.18962  -58.05756     -1.358    1448.26    283.000    280.092    -0.7080    -0.7078     0.0002    -0.7168    -0.7166     0.0002   2.810269   2.810717   0.000429    34.3821    34.3876     6.4619     6.1983    -0.2635    27.6412    27.6457    34.3815    27.6407    1449.63    1449.64    -0.7166  1028.9981    34.5495 0.0000e+00
      16802 309.260232  -62.18962  -58.05756     -1.330    1448.26    282.000    279.103    -0.7087    -0.7083     0.0003    -0.7174    -0.7171     0.0003   2.810154   2.810572   0.000431    34.3818    34.3873     6.4600     6.1948    -0.2652    27.6410    27.6454    34.3813    27.6406    1449.61    1449.62    -0.7173  1028.9932    34.5493 0.0000e+00
      16822 309.260242  -62.18962  -58.05756     -1.241    1448.26    281.000    278.114    -0.7126    -0.7109     0.0016    -0.7213    -0.7197     0.0016   2.809628   2.810233   0.000578    34.3807    34.3867     6.4678     6.1961    -0.2717    27.6403    27.6451    34.3793    27.6391    1449.57    1449.59    -0.7211  1028.9870    34.5472 0.0000e+00
      16845 309.260253  -62.18962  -58.05756     -1.122    1448.26    280.000    277.125    -0.7180    -0.7167     0.0013    -0.7267    -0.7254     0.0013   2.809137   2.809612   0.000506    34.3801    34.3854     6.4740     6.2003    -0.2737    27.6400    27.6443    34.3794    27.6395    1449.53    1449.54    -0.7265  1028.9826    34.5474 0.0000e+00
      16870 309.260265  -62.18962  -58.05755     -0.999    1448.26    279.000    276.136    -0.7151    -0.7178    -0.0026    -0.7238    -0.7264    -0.0026   2.809369   2.809465   0.000115    34.3805    34.3851     6.4661     6.2009    -0.2652    27.6402    27.6440    34.3799    27.6397    1449.53    1449.52    -0.7236  1028.9781    34.5479 0.0000e+00
      16897 309.260278  -62.18962  -58.05754     -0.921    1448.26    278.000    275.147    -0.7197    -0.7209    -0.0012    -0.7283    -0.7295    -0.0012   2.808845   2.809142   0.000280    34.3796    34.3847     6.4695     6.2049    -0.2646    27.6397    27.6439    34.3786    27.6389    1449.49    1449.49    -0.7281  1028.9726    34.5466 0.0000e+00
      16923 309.260290  -62.18962  -58.05754     -0.909    1448.26    277.000    274.158    -0.7204    -0.7207    -0.0003    -0.7290    -0.7293    -0.0003   2.808779   2.809142   0.000360    34.3796    34.3848     6.4755     6.2109    -0.2646    27.6397    27.6440    34.3791    27.6393    1449.47    1449.47    -0.7288  1028.9682    34.5471 0.0000e+00
      16947 309.260302  -62.18962  -58.05754     -0.959    1448.26    276.000    273.168    -0.7189    -0.7197    -0.0007    -0.7275    -0.7282    -0.0007   2.808872   2.809203   0.000342    34.3796    34.3851     6.4778     6.2140    -0.2638    27.6397    27.6441    34.3794    27.6394    1449.46    1449.46    -0.7273  1028.9636    34.5473 0.0000e+00
      16969 309.260312  -62.18962  -58.05754     -1.037    1448.26    275.000    272.179    -0.7198    -0.7197     0.0002    -0.7284    -0.7282     0.0002   2.808682   2.809109   0.000420    34.3793    34.3848     6.4773     6.2044    -0.2728    27.6395    27.6439    34.3784    27.6387    1449.44    1449.45    -0.7281  1028.9581    34.5463 0.0000e+00
      16990 309.260323  -62.18962  -58.05754     -1.111    1448.26    274.000    271.190    -0.7239    -0.7239    -0.0000    -0.7323    -0.7324    -0.0000   2.808268   2.808663   0.000401    34.3786    34.3840     6.4831     6.2049    -0.2782    27.6390    27.6434    34.3780    27.6386    1449.40    1449.41    -0.7322  1028.9532    34.5459 0.0000e+00
      17010 309.260332  -62.18962  -58.05754     -1.155    1448.26    273.000    270.201    -0.7247    -0.7242     0.0005    -0.7331    -0.7326     0.0005   2.808161   2.808601   0.000439    34.3786    34.3840     6.4857     6.2122    -0.2735    27.6391    27.6434    34.3781    27.6387    1449.38    1449.39    -0.7329  1028.9486    34.5460 0.0000e+00
