Pos-Processados/process_op38/Processamento_split/up/uoperantar38_004.cnv
* Sea-Bird SBE 9 Data File:
* FileName = D:\OPERANTAR_XXXVIII\DADOS\OP38_004.hdr
* Software Version Seasave V 7.12
* Temperature SN = 4808
* Conductivity SN = 3380
* Number of Bytes Per Scan = 31
* Number of Voltage Words = 2
* Number of Scans Averaged by the Deck Unit = 1
* NMEA Latitude = 39 58.92 S
* NMEA Longitude = 054 59.71 W
* NMEA UTC (Time) = Oct 17 2019 15:31:47
** H41
** NAVIO POLAR ALMIRANTE MAXIMIANO
** CRUZEIRO:
** OPERANTAR XXXVIII
** ESTAวรO: OP38_004
** LAT 39บ 58,96'S
** LONG 054บ 59,70'W
** 09P73767-1155
** PROFUNDIDADE: 1627 m
** DATA/HORA: 171533Z/OUT/2019
** OPERADOR: SO-HN CHAVES
# nquan = 33
# nvalues = 1017                        
# units = specified
# name 0 = scan: Scan Count
# name 1 = timeJ: Julian Days
# name 2 = latitude: Latitude [deg]
# name 3 = longitude: Longitude [deg]
# name 4 = dz/dtM: Descent Rate [m/s]
# name 5 = avgsvCM: Average Sound Velocity [Chen-Millero, m/s]
# name 6 = prDM: Pressure, Digiquartz [db]
# name 7 = depSM: Depth [salt water, m]
# name 8 = t090C: Temperature [ITS-90, deg C]
# name 9 = t190C: Temperature, 2 [ITS-90, deg C]
# name 10 = T2-T190C: Temperature Difference, 2 - 1 [ITS-90, deg C]
# name 11 = potemp090C: Potential Temperature [ITS-90, deg C]
# name 12 = potemp190C: Potential Temperature, 2 [ITS-90, deg C]
# name 13 = potemp90Cdiff: Potential Temperature, Diff, 2 - 1 [ITS-90, deg C]
# name 14 = c0S/m: Conductivity [S/m]
# name 15 = c1S/m: Conductivity, 2 [S/m]
# name 16 = C2-C1S/m: Conductivity Difference, 2 - 1 [S/m]
# name 17 = sal00: Salinity, Practical [PSU]
# name 18 = sal11: Salinity, Practical, 2 [PSU]
# name 19 = sbeox0ML/L: Oxygen, SBE 43 [ml/l]
# name 20 = sigma-้00: Density [sigma-theta, kg/m^3]
# name 21 = sigma-้11: Density, 2 [sigma-theta, kg/m^3]
# name 22 = sbox0Mm/Kg: Oxygen, SBE 43 [umol/kg]
# name 23 = oxsolMm/Kg: Oxygen Saturation, Garcia & Gordon [umol/kg]
# name 24 = oxsatMm/Kg: Oxygen Saturation, Weiss [umol/kg]
# name 25 = sal00: Salinity, Practical [PSU]
# name 26 = sigma-้00: Density [sigma-theta, kg/m^3]
# name 27 = svCM: Sound Velocity [Chen-Millero, m/s]
# name 28 = svCM1: Sound Velocity, 2 [Chen-Millero, m/s]
# name 29 = gsw_ptA0: potential temperature [ITS-90, deg C]
# name 30 = gsw_densityA0: density, TEOS-10 [density, kg/m^3]
# name 31 = gsw_saA0: Absolute Salinity [g/kg]
# name 32 = flag:
# span 0 =      30016,      65770       
# span 1 = 290.661546, 290.678789       
# span 2 =  -39.97842,  -39.97412       
# span 3 =  -54.99522,  -54.99512       
# span 4 =     -1.536,     -0.154       
# span 5 =    1470.62,    1470.62       
# span 6 =      3.000,   1019.000       
# span 7 =      2.997,   1008.721       
# span 8 =     2.5352,     6.8353       
# span 9 =     2.5359,     6.8372       
# span 10 =    -0.0550,     0.0591      
# span 11 =     2.4696,     6.8350      
# span 12 =     2.4702,     6.8369      
# span 13 =    -0.0548,     0.0591      
# span 14 =   3.105652,   3.430393      
# span 15 =   3.106098,   3.431200      
# span 16 =  -0.004683,   0.005548      
# span 17 =    34.0581,    34.5222      
# span 18 =    34.0640,    34.5269      
# span 19 =     3.8559,     7.3579      
# span 20 =    26.7168,    27.5504      
# span 21 =    26.7221,    27.5542      
# span 22 =    167.588,    320.007      
# span 23 =  296.55711,  327.45500      
# span 24 =  296.99843,  328.48666      
# span 25 =    34.0568,    34.5222      
# span 26 =    26.7183,    27.5504      
# span 27 =    1466.60,    1476.95      
# span 28 =    1466.62,    1476.95      
# span 29 =     2.4695,     6.8350      
# span 30 =  1026.7336,  1032.2831      
# span 31 =    34.2180,    34.6886      
# span 32 = 0.0000e+00, 0.0000e+00      
# interval = decibars: 1                
# start_time = Oct 17 2019 15:31:47 [NMEA time, header]
# bad_flag = -9.990e-29
*END*
[from data line 616]
      45461 290.668995  -39.97648  -54.99518     -1.020    1470.62    403.000    399.524     3.1685     3.1707     0.0022     3.1428     3.1450     0.0022   3.128508   3.129131   0.000621    34.1396    34.1448     5.9062    27.1852    27.1892    256.788  323.32112  324.23947    34.1398    27.1853    1468.61    1468.62     3.1427  1029.0638    34.3017 0.0000e+00
      45490 290.669009  -39.97648  -54.99518     -0.870    1470.62    402.000    398.536     3.1709     3.1698    -0.0011     3.1452     3.1442    -0.0011   3.128660   3.129012   0.000381    34.1392    34.1450     5.9063    27.1847    27.1894    256.796  323.30311  324.22108    34.1396    27.1850    1468.60    1468.60     3.1452  1029.0588    34.3016 0.0000e+00
      45519 290.669023  -39.97648  -54.99518     -0.820    1470.62    401.000    397.539     3.1735     3.1722    -0.0013     3.1479     3.1466    -0.0013   3.128789   3.129194   0.000386    34.1388    34.1449     5.9088    27.1841    27.1890    256.902  323.28370  324.20127    34.1390    27.1842    1468.59    1468.59     3.1478  1029.0534    34.3010 0.0000e+00
      45542 290.669034  -39.97648  -54.99518     -0.945    1470.62    400.000    396.553     3.1746     3.1777     0.0031     3.1490     3.1521     0.0030   3.128854   3.129567   0.000696    34.1388    34.1440     5.9150    27.1840    27.1878    257.172  323.27520  324.19259    34.1392    27.1843    1468.58    1468.60     3.1490  1029.0485    34.3007 0.0000e+00
      45563 290.669044 -9.990e-29  -54.99518     -1.086    1470.62    399.000    395.562     3.1779     3.1804     0.0025     3.1524     3.1549     0.0025   3.129072   3.129727   0.000661    34.1384    34.1438     5.9175    27.1834    27.1874    257.280  323.25020  324.16709    34.1389    27.1838    1468.58    1468.59     3.1523  1029.0431    34.3002 0.0000e+00
      45583 290.669054 -9.990e-29  -54.99518     -1.155    1470.62    398.000    394.572     3.1807     3.1834     0.0028     3.1552     3.1580     0.0028   3.129254   3.129979   0.000690    34.1382    34.1436     5.9171    27.1829    27.1870    257.263  323.22851  324.14497    34.1387    27.1833    1468.57    1468.59     3.1552  1029.0380    34.3000 0.0000e+00
      45607 290.669066 -9.990e-29  -54.99518     -1.089    1470.62    397.000    393.581     3.1847     3.1891     0.0043     3.1593     3.1636     0.0043   3.129541   3.130321   0.000792    34.1377    34.1427     5.9143    27.1822    27.1858    257.144  323.19752  324.11335    34.1384    27.1828    1468.57    1468.60     3.1593  1029.0327    34.2998 0.0000e+00
      45636 290.669080  -39.97646  -54.99518     -0.892    1470.62    396.000    392.591     3.1911     3.1904    -0.0007     3.1658     3.1651    -0.0007   3.130050   3.130409   0.000397    34.1373    34.1429     5.9106    27.1813    27.1858    256.983  323.14780  324.06264    34.1384    27.1821    1468.58    1468.59     3.1657  1029.0276    34.3000 0.0000e+00
      45668 290.669095  -39.97645  -54.99518     -0.751    1470.62    395.000    391.600     3.1984     3.1942    -0.0041     3.1731     3.1689    -0.0041   3.130553   3.130697   0.000137    34.1366    34.1426     5.9207    27.1800    27.1852    257.422  323.09234  324.00607    34.1374    27.1806    1468.60    1468.59     3.1730  1029.0217    34.2993 0.0000e+00
      45698 290.669109  -39.97644  -54.99518     -0.789    1470.62    394.000    390.610     3.2011     3.2024     0.0013     3.1759     3.1772     0.0013   3.130755   3.131348   0.000576    34.1367    34.1422     5.9286    27.1798    27.1841    257.765  323.07024  323.98355    34.1375    27.1804    1468.59    1468.61     3.1758  1029.0168    34.2994 0.0000e+00
      45722 290.669121  -39.97644  -54.99518     -0.908    1470.62    393.000    389.619     3.2043     3.2068     0.0025     3.1791     3.1816     0.0025   3.130966   3.131660   0.000686    34.1364    34.1421     5.9340    27.1793    27.1836    258.002  323.04587  323.95870    34.1372    27.1800    1468.59    1468.61     3.1791  1029.0117    34.2992 0.0000e+00
      45745 290.669132  -39.97644  -54.99518     -1.015    1470.62    392.000    388.629     3.2053     3.2095     0.0042     3.1802     3.1844     0.0042   3.131008   3.131850   0.000815    34.1366    34.1420     5.9371    27.1794    27.1833    258.134  323.03692  323.94959    34.1371    27.1798    1468.58    1468.60     3.1802  1029.0069    34.2991 0.0000e+00
      45768 290.669143  -39.97644  -54.99518     -1.045    1470.62    391.000    387.639     3.2086     3.2127     0.0041     3.1835     3.1876     0.0041   3.131289   3.132078   0.000805    34.1366    34.1420     5.9358    27.1791    27.1830    258.080  323.01132  323.92351    34.1377    27.1799    1468.58    1468.60     3.1835  1029.0023    34.2996 0.0000e+00
      45794 290.669156  -39.97644  -54.99518     -0.972    1470.62    390.000    386.648     3.2137     3.2151     0.0013     3.1888     3.1901     0.0013   3.131645   3.132209   0.000570    34.1362    34.1417     5.9362    27.1783    27.1825    258.096  322.97135  323.88274    34.1371    27.1790    1468.58    1468.59     3.1887  1028.9967    34.2990 0.0000e+00
      45822 290.669169  -39.97644  -54.99518     -0.890    1470.62    389.000    385.657     3.2158     3.2164     0.0006     3.1909     3.1914     0.0006   3.131769   3.132287   0.000517    34.1362    34.1418     5.9371    27.1780    27.1825    258.133  322.95509  323.86617    34.1369    27.1786    1468.57    1468.58     3.1908  1028.9917    34.2989 0.0000e+00
      45848 290.669181  -39.97644  -54.99518     -0.896    1470.62    388.000    384.667     3.2175     3.2184     0.0009     3.1926     3.1935     0.0009   3.131847   3.132371   0.000526    34.1360    34.1414     5.9429    27.1777    27.1819    258.388  322.94210  323.85291    34.1366    27.1782    1468.56    1468.57     3.1926  1028.9866    34.2985 0.0000e+00
      45872 290.669193  -39.97642  -54.99518     -0.952    1470.62    387.000    383.676     3.2189     3.2203     0.0014     3.1941     3.1955     0.0014   3.131900   3.132464   0.000559    34.1357    34.1410     5.9418    27.1774    27.1814    258.339  322.93185  323.84246    34.1363    27.1779    1468.55    1468.56     3.1940  1028.9816    34.2983 0.0000e+00
      45895 290.669204  -39.97642  -54.99518     -1.013    1470.62    386.000    382.686     3.2200     3.2236     0.0037     3.1952     3.1989     0.0037   3.131928   3.132737   0.000775    34.1356    34.1410     5.9408    27.1772    27.1812    258.297  322.92401  323.83445    34.1361    27.1776    1468.54    1468.56     3.1951  1028.9767    34.2980 0.0000e+00
      45918 290.669215  -39.97642  -54.99518     -1.053    1470.62    385.000    381.696     3.2227     3.2290     0.0063     3.1980     3.2043     0.0063   3.132165   3.133205   0.001002    34.1357    34.1412     5.9456    27.1770    27.1808    258.505  322.90205  323.81208    34.1367    27.1778    1468.53    1468.57     3.1979  1028.9722    34.2986 0.0000e+00
      45944 290.669228  -39.97642  -54.99518     -0.993    1470.62    384.000    380.705     3.2291     3.2365     0.0073     3.2045     3.2118     0.0073   3.132768   3.133802   0.001089    34.1360    34.1414     5.9517    27.1766    27.1802    258.771  322.85044  323.75951    34.1377    27.1780    1468.55    1468.58     3.2044  1028.9674    34.2992 0.0000e+00
      45978 290.669244 -9.990e-29  -54.99518     -0.763    1470.62    383.000    379.715     3.2537     3.2420    -0.0117     3.2290     3.2174    -0.0117   3.134906   3.134283  -0.000571    34.1361    34.1416     5.9472    27.1744    27.1799    258.575  322.65578  323.56116    34.1382    27.1761    1468.64    1468.59     3.2290  1028.9604    34.2995 0.0000e+00
      46016 290.669263 -9.990e-29  -54.99518     -0.611    1470.62    382.000    378.724     3.2639     3.2569    -0.0069     3.2392     3.2323    -0.0069   3.135730   3.135590  -0.000139    34.1364    34.1420     5.9431    27.1737    27.1788    258.397  322.57491  323.47877    34.1380    27.1750    1468.66    1468.64     3.2392  1028.9546    34.2993 0.0000e+00
      46047 290.669278  -39.97640  -54.99518     -0.726    1470.62    381.000    377.733     3.2673     3.2670    -0.0003     3.2427     3.2424    -0.0003   3.135963   3.136473   0.000469    34.1365    34.1425     5.9356    27.1735    27.1783    258.072  322.54763  323.45099    34.1377    27.1744    1468.66    1468.67     3.2427  1028.9497    34.2995 0.0000e+00
      46071 290.669289  -39.97640  -54.99518     -0.914    1470.62    380.000    376.743     3.2668     3.2722     0.0053     3.2424     3.2477     0.0053   3.135883   3.136873   0.000941    34.1367    34.1424     5.9317    27.1736    27.1777    257.902  322.55047  323.45389    34.1378    27.1745    1468.64    1468.67     3.2423  1028.9453    34.2997 0.0000e+00
      46091 290.669299  -39.97640  -54.99518     -1.079    1470.62    379.000    375.752     3.2702     3.2781     0.0078     3.2458     3.2536     0.0078   3.136185   3.137328   0.001124    34.1370    34.1423     5.9309    27.1736    27.1771    257.866  322.52303  323.42595    34.1384    27.1747    1468.64    1468.68     3.2457  1028.9407    34.3003 0.0000e+00
      46111 290.669309  -39.97640  -54.99518     -1.176    1470.62    378.000    374.762     3.2771     3.2820     0.0049     3.2527     3.2576     0.0048   3.136761   3.137651   0.000877    34.1369    34.1423     5.9352    27.1728    27.1767    258.057  322.46890  323.37078    34.1386    27.1742    1468.65    1468.68     3.2527  1028.9356    34.3005 0.0000e+00
      46133 290.669319  -39.97640  -54.99518     -1.157    1470.62    377.000    373.771     3.2832     3.2887     0.0055     3.2588     3.2643     0.0055   3.137175   3.138104   0.000922    34.1365    34.1419     5.9372    27.1720    27.1757    258.142  322.42214  323.32311    34.1378    27.1730    1468.66    1468.69     3.2588  1028.9297    34.2997 0.0000e+00
      46160 290.669332  -39.97640  -54.99518     -0.994    1470.62    376.000    372.781     3.2889     3.2923     0.0034     3.2646     3.2680     0.0034   3.137688   3.138371   0.000731    34.1366    34.1418     5.9393    27.1715    27.1753    258.235  322.37655  323.27665    34.1385    27.1730    1468.67    1468.69     3.2646  1028.9250    34.3004 0.0000e+00
      46192 290.669347  -39.97638  -54.99518     -0.778    1470.62    375.000    371.790     3.3030     3.2950    -0.0080     3.2787     3.2707    -0.0080   3.138850   3.138612  -0.000220    34.1363    34.1421     5.9331    27.1699    27.1753    257.961  322.26612  323.16410    34.1382    27.1715    1468.71    1468.69     3.2787  1028.9187    34.3001 0.0000e+00
      46226 290.669364  -39.97638  -54.99518     -0.706    1470.62    374.000    370.800     3.3155     3.3107    -0.0048     3.2912     3.2864    -0.0048   3.139922   3.139985   0.000065    34.1363    34.1422     5.9366    27.1688    27.1739    258.115  322.16771  323.06382    34.1385    27.1705    1468.75    1468.74     3.2912  1028.9130    34.3004 0.0000e+00
      46254 290.669377  -39.97638  -54.99518     -0.792    1470.62    373.000    369.809     3.3212     3.3230     0.0018     3.2970     3.2988     0.0018   3.140366   3.141022   0.000627    34.1368    34.1425     5.9436    27.1686    27.1729    258.422  322.12207  323.01736    34.1385    27.1700    1468.76    1468.78     3.2969  1028.9077    34.3004 0.0000e+00
      46277 290.669389  -39.97638  -54.99518     -0.950    1470.62    372.000    368.819     3.3243     3.3272     0.0030     3.3001     3.3031     0.0030   3.140597   3.141376   0.000740    34.1371    34.1428     5.9465    27.1686    27.1729    258.547  322.09718  322.99202    34.1386    27.1697    1468.75    1468.78     3.3001  1028.9028    34.3004 0.0000e+00
      46298 290.669399  -39.97638  -54.99518     -1.073    1470.62    371.000    367.828     3.3295     3.3401     0.0106     3.3054     3.3160     0.0106   3.141095   3.142604   0.001407    34.1376    34.1434     5.9442    27.1685    27.1721    258.444  322.05460  322.94868    34.1396    27.1701    1468.76    1468.82     3.3054  1028.8985    34.3015 0.0000e+00
      46323 290.669410  -39.97638  -54.99518     -1.068    1470.62    370.000    366.838     3.3368     3.3479     0.0111     3.3127     3.3238     0.0111   3.141735   3.143065   0.001399    34.1380    34.1431     5.9384    27.1681    27.1711    258.194  321.99608  322.88907    34.1402    27.1698    1468.78    1468.83     3.3127  1028.8935    34.3021 0.0000e+00
      46353 290.669425  -39.97636  -54.99518     -0.853    1470.62    369.000    365.851     3.3569     3.3502    -0.0067     3.3328     3.3262    -0.0067   3.143521   3.143353  -0.000089    34.1380    34.1440     5.9371    27.1662    27.1716    258.140  321.83815  322.72815    34.1411    27.1687    1468.85    1468.83     3.3328  1028.8875    34.3030 0.0000e+00
      46384 290.669440  -39.97636  -54.99518     -0.764    1470.62    368.000    364.851     3.3751     3.3698    -0.0053     3.3511     3.3458    -0.0053   3.145039   3.145111   0.000042    34.1382    34.1442     5.9346    27.1646    27.1699    258.031  321.69436  322.58166    34.1408    27.1667    1468.91    1468.89     3.3510  1028.8807    34.3027 0.0000e+00
      46414 290.669454  -39.97636  -54.99518     -0.797    1470.62    367.000    363.866     3.3831     3.3829    -0.0002     3.3591     3.3589    -0.0002   3.145701   3.146184   0.000436    34.1387    34.1441     5.9418    27.1643    27.1686    258.344  321.63047  322.51661    34.1409    27.1661    1468.93    1468.93     3.3591  1028.8753    34.3028 0.0000e+00
      46440 290.669467  -39.97636  -54.99518     -0.860    1470.62    366.000    362.875     3.3916     3.3986     0.0070     3.3677     3.3747     0.0070   3.146460   3.147557   0.001084    34.1391    34.1447     5.9369    27.1638    27.1676    258.132  321.56247  322.44735    34.1416    27.1658    1468.95    1468.99     3.3676  1028.8704    34.3035 0.0000e+00
      46464 290.669479  -39.97636  -54.99518     -0.960    1470.62    365.000    361.884     3.3983     3.4063     0.0079     3.3745     3.3823     0.0079   3.146969   3.148186   0.001158    34.1391    34.1448     5.9350    27.1632    27.1669    258.047  321.50929  322.39317    34.1412    27.1648    1468.96    1469.00     3.3744  1028.8647    34.3031 0.0000e+00
      46486 290.669489  -39.97635  -54.99518     -1.034    1470.62    364.000    360.894     3.4025     3.4141     0.0117     3.3786     3.3903     0.0116   3.147353   3.148844   0.001479    34.1396    34.1451     5.9300    27.1631    27.1664    257.830  321.47607  322.35935    34.1420    27.1651    1468.96    1469.02     3.3786  1028.8602    34.3039 0.0000e+00
      46509 290.669500  -39.97634  -54.99518     -1.080    1470.62    363.000    359.904     3.4132     3.4207     0.0076     3.3894     3.3969     0.0076   3.148279   3.149336   0.001087    34.1399    34.1450     5.9250    27.1623    27.1657    257.612  321.39141  322.27312    34.1425    27.1644    1468.99    1469.03     3.3894  1028.8549    34.3044 0.0000e+00
      46532 290.669511  -39.97634  -54.99518     -1.067    1470.62    362.000    358.913     3.4199     3.4235     0.0037     3.3961     3.3998     0.0037   3.148749   3.149541   0.000799    34.1395    34.1452     5.9281    27.1614    27.1656    257.748  321.33976  322.22046    34.1417    27.1631    1469.00    1469.02     3.3961  1028.8489    34.3035 0.0000e+00
      46557 290.669523  -39.97634  -54.99518     -0.996    1470.62    361.000    357.922     3.4234     3.4261     0.0028     3.3997     3.4025     0.0028   3.148985   3.149706   0.000719    34.1395    34.1453     5.9258    27.1611    27.1654    257.647  321.31220  322.19238    34.1413    27.1625    1469.00    1469.02     3.3997  1028.8436    34.3032 0.0000e+00
