Pos-Processados/process_op38/Processamento_split/up/uoperantar38_005.cnv
* Sea-Bird SBE 9 Data File:
* FileName = D:\OPERANTAR_XXXVIII\DADOS\OP38_005.hdr
* Software Version Seasave V 7.18c
* Temperature SN = 4808
* Conductivity SN = 3380
* Number of Bytes Per Scan = 31
* Number of Voltage Words = 2
* Number of Scans Averaged by the Deck Unit = 1
* NMEA Latitude = 45 12.86 S
* NMEA Longitude = 051 09.01 W
* NMEA UTC (Time) = Oct 19 2019 13:59:02
** H41
** NAVIO POLAR ALMIRANTE MAXIMIANO
** CRUZEIRO:
** OPERANTAR XXXVIII
** ESTAวรO: OP38_005
** LAT 045บ 12,86' S
** LONG 051บ 09,03' W
** 09P73767-1155
** PROFUNDIDADE: 5853
** DATA/HORA: 191400Z/OUT/2019
** OPERADOR: SO-HN CHAVES
# nquan = 32
# nvalues = 1045                        
# units = specified
# name 0 = scan: Scan Count
# name 1 = timeJ: Julian Days
# name 2 = latitude: Latitude [deg]
# name 3 = longitude: Longitude [deg]
# name 4 = dz/dtM: Descent Rate [m/s]
# name 5 = avgsvCM: Average Sound Velocity [Chen-Millero, m/s]
# name 6 = prDM: Pressure, Digiquartz [db]
# name 7 = depSM: Depth [salt water, m]
# name 8 = t090C: Temperature [ITS-90, deg C]
# name 9 = t190C: Temperature, 2 [ITS-90, deg C]
# name 10 = T2-T190C: Temperature Difference, 2 - 1 [ITS-90, deg C]
# name 11 = potemp090C: Potential Temperature [ITS-90, deg C]
# name 12 = potemp190C: Potential Temperature, 2 [ITS-90, deg C]
# name 13 = potemp90Cdiff: Potential Temperature, Diff, 2 - 1 [ITS-90, deg C]
# name 14 = c0S/m: Conductivity [S/m]
# name 15 = c1S/m: Conductivity, 2 [S/m]
# name 16 = C2-C1S/m: Conductivity Difference, 2 - 1 [S/m]
# name 17 = sal00: Salinity, Practical [PSU]
# name 18 = sal11: Salinity, Practical, 2 [PSU]
# name 19 = sbeox0ML/L: Oxygen, SBE 43 [ml/l]
# name 20 = sbeox1ML/L: Oxygen, SBE 43, 2 [ml/l]
# name 21 = sbeox0ML/Ldiff: Oxygen, SBE 43, Diff, 2 - 1 [ml/l]
# name 22 = sigma-้00: Density [sigma-theta, kg/m^3]
# name 23 = sigma-้11: Density, 2 [sigma-theta, kg/m^3]
# name 24 = sal00: Salinity, Practical [PSU]
# name 25 = sigma-้00: Density [sigma-theta, kg/m^3]
# name 26 = svCM: Sound Velocity [Chen-Millero, m/s]
# name 27 = svCM1: Sound Velocity, 2 [Chen-Millero, m/s]
# name 28 = gsw_ptA0: potential temperature [ITS-90, deg C]
# name 29 = gsw_densityA0: density, TEOS-10 [density, kg/m^3]
# name 30 = gsw_saA0: Absolute Salinity [g/kg]
# name 31 = flag:
# span 0 =      32891,      71045       
# span 1 = 292.598523, 292.616923       
# span 2 =  -45.21442,  -45.21434       
# span 3 =  -51.15027,  -51.15014       
# span 4 =     -1.811,     -0.117       
# span 5 =    1476.21,    1476.21       
# span 6 =      4.000,   1048.000       
# span 7 =      3.965,   1036.853       
# span 8 =     2.8993,    10.3424       
# span 9 =     2.8987,    10.3411       
# span 10 =    -0.0673,     0.0800      
# span 11 =     2.8322,    10.3290      
# span 12 =     2.8308,    10.3277      
# span 13 =    -0.0672,     0.0799      
# span 14 =   3.131038,   3.835636      
# span 15 =   3.131536,   3.836188      
# span 16 =  -0.006884,   0.008697      
# span 17 =    34.1055,    34.8849      
# span 18 =    34.1126,    34.8917      
# span 19 =     4.1839,     6.5573      
# span 20 =     4.0105,     6.2842      
# span 21 =    -0.2965,    -0.1639      
# span 22 =    26.7515,    27.4340      
# span 23 =    26.7564,    27.4379      
# span 24 =    34.1039,    34.8888      
# span 25 =    26.7515,    27.4341      
# span 26 =    1472.35,    1492.80      
# span 27 =    1472.37,    1492.80      
# span 28 =     2.8321,    10.3290      
# span 29 =  1026.7724,  1032.2905      
# span 30 =    34.2659,    35.0537      
# span 31 = 0.0000e+00, 0.0000e+00      
# interval = decibars: 1                
# start_time = Oct 19 2019 13:59:02 [NMEA time, header]
# bad_flag = -9.990e-29
*END*
[from data line 998]
      60613 292.611892  -45.21438  -51.15018     -0.838    1476.21     50.000     49.589    10.0236    10.0232    -0.0004    10.0179    10.0174    -0.0004   3.791182   3.791763   0.000591    34.7681    34.7745     6.1152     5.8876    -0.2275    26.7678    26.7729    34.7720    26.7708    1490.46    1490.47    10.0179  1026.9988    34.9361 0.0000e+00
      60659 292.611914  -45.21438  -51.15016     -0.526    1476.21     49.000     48.594    10.0798    10.0693    -0.0105    10.0742    10.0637    -0.0105   3.797281   3.796780  -0.000457    34.7764    34.7818     6.1137     5.8948    -0.2190    26.7647    26.7707    34.7807    26.7680    1490.66    1490.63    10.0741  1026.9914    34.9449 0.0000e+00
      60703 292.611936  -45.21438  -51.15016     -0.528    1476.21     48.000     47.604    10.1024    10.0971    -0.0053    10.0968    10.0916    -0.0053   3.799573   3.799658   0.000115    34.7796    34.7858     6.1273     5.9025    -0.2249    26.7632    26.7690    34.7828    26.7657    1490.72    1490.71    10.0968  1026.9847    34.9470 0.0000e+00
      60738 292.611953  -45.21438  -51.15017     -0.674    1476.21     47.000     46.612    10.1199    10.1176    -0.0022    10.1144    10.1122    -0.0022   3.801699   3.802127   0.000441    34.7834    34.7901     6.1154     5.9016    -0.2138    26.7632    26.7688    34.7881    26.7669    1490.78    1490.78    10.1144  1026.9813    34.9524 0.0000e+00
      60770 292.611968  -45.21438  -51.15018     -0.740    1476.21     46.000     45.625    10.1671    10.1606    -0.0066    10.1618    10.1552    -0.0066   3.807022   3.807037  -0.000018    34.7912    34.7973     6.1029     5.8919    -0.2110    26.7611    26.7670    34.7974    26.7660    1490.94    1490.92    10.1618  1026.9759    34.9617 0.0000e+00
      60801 292.611983  -45.21438  -51.15018     -0.770    1476.21     45.000     44.624    10.2014    10.2000    -0.0014    10.1962    10.1948    -0.0014   3.810466   3.811047   0.000560    34.7956    34.8026     6.1219     5.8900    -0.2320    26.7586    26.7644    34.8000    26.7621    1491.05    1491.05    10.1962  1026.9675    34.9643 0.0000e+00
      60834 292.611999  -45.21438  -51.15018     -0.747    1476.21     44.000     43.637    10.1995    10.2018     0.0024    10.1943    10.1967     0.0024   3.810031   3.811133   0.000996    34.7953    34.8032     6.1301     5.9037    -0.2263    26.7587    26.7644    34.7979    26.7608    1491.02    1491.04    10.1943  1026.9616    34.9622 0.0000e+00
      60868 292.612015  -45.21438  -51.15018     -0.703    1476.21     43.000     42.646    10.2120    10.2166     0.0046    10.2069    10.2116     0.0046   3.811552   3.812573   0.001104    34.7980    34.8048     6.1270     5.9006    -0.2264    26.7586    26.7631    34.8019    26.7616    1491.06    1491.08    10.2069  1026.9580    34.9661 0.0000e+00
      60902 292.612031  -45.21438  -51.15018     -0.716    1476.21     42.000     41.654    10.2231    10.2228    -0.0004    10.2183    10.2179    -0.0004   3.812627   3.813326   0.000693    34.7992    34.8067     6.1195     5.8999    -0.2197    26.7576    26.7635    34.8025    26.7602    1491.08    1491.09    10.2183  1026.9520    34.9668 0.0000e+00
      60940 292.612050  -45.21438  -51.15018     -0.632    1476.21     41.000     40.662    10.2382    10.2335    -0.0047    10.2334    10.2287    -0.0047   3.814125   3.814308   0.000191    34.8012    34.8076     6.1157     5.9064    -0.2093    26.7566    26.7624    34.8038    26.7586    1491.12    1491.11    10.2334  1026.9459    34.9681 0.0000e+00
      60980 292.612069  -45.21438  -51.15016     -0.596    1476.21     40.000     39.671    10.2367    10.2375     0.0008    10.2320    10.2328     0.0008   3.813899   3.814662   0.000764    34.8015    34.8085     6.1354     5.9156    -0.2197    26.7570    26.7623    34.8034    26.7585    1491.10    1491.11    10.2320  1026.9414    34.9677 0.0000e+00
      61014 292.612086  -45.21438  -51.15016     -0.689    1476.21     39.000     38.679    10.2359    10.2358    -0.0002    10.2314    10.2312    -0.0002   3.813723   3.814390   0.000656    34.8016    34.8084     6.1454     5.9132    -0.2323    26.7572    26.7625    34.8028    26.7581    1491.08    1491.09    10.2314  1026.9366    34.9672 0.0000e+00
      61047 292.612102  -45.21438 -9.990e-29     -0.726    1476.21     38.000     37.691    10.2377    10.2364    -0.0012    10.2332    10.2320    -0.0012   3.814005   3.814536   0.000555    34.8025    34.8093     6.1360     5.9171    -0.2189    26.7576    26.7631    34.8044    26.7591    1491.07    1491.07    10.2332  1026.9331    34.9689 0.0000e+00
      61084 292.612120  -45.21438 -9.990e-29     -0.665    1476.21     37.000     36.693    10.2464    10.2450    -0.0014    10.2421    10.2407    -0.0014   3.814792   3.815352   0.000542    34.8032    34.8101     6.1309     5.8920    -0.2388    26.7566    26.7622    34.8044    26.7576    1491.08    1491.09    10.2421  1026.9271    34.9689 0.0000e+00
      61121 292.612137  -45.21438  -51.15018     -0.635    1476.21     36.000     35.704    10.2478    10.2478     0.0000    10.2436    10.2437     0.0000   3.814924   3.815620   0.000690    34.8037    34.8107     6.1266     5.8888    -0.2379    26.7567    26.7621    34.8049    26.7577    1491.07    1491.08    10.2436  1026.9226    34.9693 0.0000e+00
      61152 292.612152  -45.21438  -51.15017     -0.740    1476.21     35.000     34.712    10.2510    10.2522     0.0011    10.2470    10.2481     0.0011   3.815174   3.815960   0.000777    34.8039    34.8108     6.1332     5.9041    -0.2291    26.7563    26.7615    34.8048    26.7570    1491.07    1491.08    10.2470  1026.9174    34.9691 0.0000e+00
      61184 292.612168  -45.21438  -51.15016     -0.773    1476.21     34.000     33.721    10.2478    10.2490     0.0012    10.2439    10.2450     0.0012   3.814792   3.815557   0.000767    34.8039    34.8106     6.1439     5.9092    -0.2347    26.7569    26.7619    34.8045    26.7573    1491.04    1491.05    10.2439  1026.9132    34.9688 0.0000e+00
      61232 292.612191  -45.21438  -51.15017     -0.503    1476.21     33.000     32.729    10.2520    10.2515    -0.0006    10.2482    10.2476    -0.0006   3.815238   3.815878   0.000623    34.8047    34.8116     6.1354     5.9088    -0.2266    26.7568    26.7622    34.8055    26.7573    1491.04    1491.05    10.2482  1026.9087    34.9698 0.0000e+00
      61281 292.612215  -45.21438  -51.15018     -0.480    1476.21     32.000     31.737    10.2541    10.2553     0.0012    10.2504    10.2515     0.0012   3.815371   3.816160   0.000794    34.8047    34.8117     6.1330     5.9023    -0.2307    26.7564    26.7616    34.8053    26.7568    1491.03    1491.04    10.2504  1026.9037    34.9696 0.0000e+00
      61309 292.612228  -45.21438  -51.15016     -0.771    1476.21     31.000     30.745    10.2547    10.2525    -0.0022    10.2511    10.2489    -0.0022   3.815391   3.815846   0.000462    34.8051    34.8119     6.1412     5.9111    -0.2301    26.7565    26.7622    34.8053    26.7567    1491.01    1491.02    10.2511  1026.8991    34.9696 0.0000e+00
      61336 292.612241  -45.21438  -51.15016     -0.894    1476.21     30.000     29.754    10.2530    10.2518    -0.0013    10.2496    10.2483    -0.0013   3.815237   3.815753   0.000534    34.8053    34.8120     6.1463     5.9126    -0.2336    26.7570    26.7624    34.8058    26.7574    1490.99    1491.00    10.2495  1026.8952    34.9701 0.0000e+00
      61370 292.612257  -45.21438  -51.15016     -0.762    1476.21     29.000     28.762    10.2548    10.2533    -0.0014    10.2514    10.2499    -0.0014   3.815337   3.815891   0.000545    34.8054    34.8123     6.1387     5.9117    -0.2270    26.7567    26.7623    34.8057    26.7569    1490.98    1490.99    10.2514  1026.8903    34.9700 0.0000e+00
      61416 292.612280  -45.21438  -51.15016     -0.531    1476.21     28.000     27.775    10.2573    10.2560    -0.0013    10.2540    10.2527    -0.0013   3.815552   3.816100   0.000548    34.8056    34.8124     6.1290     5.8933    -0.2356    26.7564    26.7619    34.8059    26.7567    1490.98    1490.98    10.2540  1026.8855    34.9702 0.0000e+00
      61491 292.612316  -45.21438  -51.15016     -0.267    1476.21     27.000     26.775    10.2831    10.2833     0.0002    10.2800    10.2802     0.0002   3.818197   3.818888   0.000696    34.8070    34.8139     6.1588     5.9090    -0.2498    26.7530    26.7583    34.8084    26.7541    1491.05    1491.06    10.2800  1026.8785    34.9727 0.0000e+00
      62005 292.612564  -45.21438  -51.15017     -0.454    1476.21     26.000     25.787    10.2871    10.2855    -0.0017    10.2841    10.2824    -0.0017   3.818467   3.818987   0.000520    34.8070    34.8139     6.1609     5.9149    -0.2460    26.7523    26.7580    34.8078    26.7529    1491.05    1491.05    10.2841  1026.8728    34.9721 0.0000e+00
      69310 292.616086  -45.21434  -51.15027     -0.393    1476.21     25.000     24.790    10.3072    10.3068    -0.0005    10.3043    10.3039    -0.0005   3.820866   3.821448   0.000587    34.8136    34.8200     6.1505     5.9203    -0.2302    26.7539    26.7589    34.8133    26.7537    1491.11    1491.12    10.3043  1026.8691    34.9777 0.0000e+00
      68925 292.615901  -45.21434  -51.15026     -0.543    1476.21     24.000     23.802    10.3021    10.3016    -0.0005    10.2993    10.2988    -0.0005   3.820353   3.820951   0.000598    34.8136    34.8202     6.1596     5.9215    -0.2381    26.7548    26.7600    34.8135    26.7547    1491.08    1491.08    10.2993  1026.8656    34.9778 0.0000e+00
      68988 292.615931  -45.21434  -51.15026     -0.367    1476.21     23.000     22.813    10.3026    10.3024    -0.0002    10.2999    10.2998    -0.0002   3.820352   3.820977   0.000625    34.8135    34.8201     6.1482     5.9070    -0.2413    26.7546    26.7597    34.8135    26.7546    1491.06    1491.07    10.2999  1026.8610    34.9778 0.0000e+00
      69096 292.615983  -45.21434  -51.15026     -0.186    1476.21     22.000     21.819    10.3045    10.3042    -0.0003    10.3019    10.3016    -0.0003   3.820484   3.821086   0.000603    34.8134    34.8198     6.1528     5.9080    -0.2448    26.7542    26.7593    34.8135    26.7542    1491.05    1491.06    10.3019  1026.8561    34.9778 0.0000e+00
      69170 292.616019  -45.21434  -51.15026     -0.430    1476.21     21.000     20.828    10.3065    10.3068     0.0003    10.3040    10.3044     0.0003   3.820608   3.821282   0.000671    34.8132    34.8197     6.1539     5.9170    -0.2369    26.7537    26.7587    34.8133    26.7537    1491.04    1491.05    10.3040  1026.8511    34.9776 0.0000e+00
      69273 292.616069  -45.21434  -51.15025     -0.360    1476.21     20.000     19.828    10.3041    10.3047     0.0007    10.3017    10.3024     0.0007   3.820341   3.821018   0.000683    34.8134    34.8197     6.1540     5.9124    -0.2416    26.7542    26.7590    34.8133    26.7541    1491.02    1491.03    10.3017  1026.8471    34.9777 0.0000e+00
      69369 292.616115  -45.21434  -51.15025     -0.473    1476.21     19.000     18.843    10.3025    10.3028     0.0003    10.3003    10.3006     0.0003   3.820155   3.820829   0.000671    34.8135    34.8201     6.1504     5.9226    -0.2279    26.7546    26.7596    34.8134    26.7545    1491.00    1491.01    10.3003  1026.8429    34.9778 0.0000e+00
      69485 292.616171  -45.21434  -51.15025     -0.315    1476.21     18.000     17.843    10.3058    10.3056    -0.0003    10.3037    10.3035    -0.0003   3.820502   3.821122   0.000625    34.8141    34.8207     6.1459     5.9050    -0.2410    26.7544    26.7596    34.8142    26.7545    1491.00    1491.00    10.3037  1026.8384    34.9785 0.0000e+00
      69569 292.616211  -45.21435  -51.15024     -0.340    1476.21     17.000     16.859    10.3060    10.3054    -0.0006    10.3040    10.3034    -0.0006   3.820464   3.821035   0.000574    34.8141    34.8205     6.1350     5.9114    -0.2237    26.7543    26.7594    34.8141    26.7544    1490.98    1490.98    10.3040  1026.8338    34.9785 0.0000e+00
      69677 292.616263  -45.21434  -51.15024     -0.318    1476.21     16.000     15.869    10.3066    10.3065    -0.0001    10.3047    10.3046    -0.0001   3.820507   3.821120   0.000615    34.8144    34.8208     6.1504     5.9113    -0.2391    26.7545    26.7595    34.8145    26.7545    1490.96    1490.97    10.3047  1026.8294    34.9788 0.0000e+00
      69766 292.616306  -45.21435  -51.15024     -0.452    1476.21     15.000     14.880    10.3073    10.3068    -0.0005    10.3055    10.3050    -0.0005   3.820519   3.821123   0.000609    34.8143    34.8210     6.1498     5.9184    -0.2314    26.7543    26.7595    34.8144    26.7543    1490.95    1490.96    10.3055  1026.8247    34.9787 0.0000e+00
      69896 292.616369  -45.21436  -51.15024     -0.291    1476.21     14.000     13.873    10.3090    10.3086    -0.0003    10.3073    10.3070    -0.0003   3.820575   3.821190   0.000616    34.8137    34.8203     6.1548     5.9177    -0.2371    26.7535    26.7587    34.8138    26.7535    1490.94    1490.95    10.3073  1026.8194    34.9781 0.0000e+00
      69972 292.616406  -45.21436  -51.15024     -0.399    1476.21     13.000     12.887    10.3088    10.3086    -0.0002    10.3073    10.3071    -0.0002   3.820520   3.821142   0.000622    34.8138    34.8203     6.1496     5.9140    -0.2356    26.7535    26.7586    34.8138    26.7535    1490.92    1490.93    10.3073  1026.8150    34.9782 0.0000e+00
      70103 292.616469  -45.21435  -51.15024     -0.441    1476.21     12.000     11.904    10.3091    10.3087    -0.0003    10.3077    10.3073    -0.0003   3.820493   3.821106   0.000613    34.8137    34.8203     6.1486     5.8968    -0.2518    26.7534    26.7586    34.8137    26.7534    1490.91    1490.91    10.3077  1026.8104    34.9782 0.0000e+00
      70188 292.616510  -45.21436  -51.15024     -0.297    1476.21     11.000     10.907    10.3095    10.3095    -0.0001    10.3083    10.3082    -0.0001   3.820475   3.821097   0.000623    34.8135    34.8199     6.1467     5.8983    -0.2484    26.7532    26.7582    34.8136    26.7532    1490.89    1490.90    10.3082  1026.8056    34.9780 0.0000e+00
      70290 292.616559  -45.21436  -51.15023     -0.422    1476.21     10.000      9.913    10.3098    10.3098    -0.0001    10.3087    10.3086    -0.0001   3.820447   3.821087   0.000638    34.8135    34.8200     6.1492     5.9018    -0.2473    26.7530    26.7582    34.8135    26.7531    1490.88    1490.88    10.3087  1026.8010    34.9778 0.0000e+00
      70415 292.616619  -45.21435  -51.15024     -0.590    1476.21      9.000      8.921    10.3107    10.3107     0.0001    10.3096    10.3097     0.0001   3.820485   3.821116   0.000635    34.8135    34.8199     6.1467     5.9101    -0.2366    26.7529    26.7578    34.8135    26.7529    1490.86    1490.87    10.3096  1026.7964    34.9779 0.0000e+00
      70505 292.616663  -45.21436  -51.15024     -0.262    1476.21      8.000      7.937    10.3104    10.3103    -0.0001    10.3094    10.3093    -0.0001   3.820399   3.821030   0.000630    34.8134    34.8198     6.1474     5.8922    -0.2552    26.7528    26.7579    34.8134    26.7529    1490.84    1490.85    10.3094  1026.7918    34.9778 0.0000e+00
      70647 292.616732  -45.21435  -51.15023     -0.232    1476.21      7.000      6.943    10.3131    10.3134     0.0003    10.3123    10.3126     0.0003   3.820631   3.821293   0.000660    34.8135    34.8199     6.1564     5.8933    -0.2632    26.7524    26.7574    34.8136    26.7525    1490.84    1490.85    10.3123  1026.7870    34.9780 0.0000e+00
