Pos-Processados/process_op38/Processamento_split/up/uoperantar38_007.cnv
* Sea-Bird SBE 9 Data File:
* FileName = D:\OPERANTAR_XXXVIII\DADOS\OP38_007.hdr
* Software Version Seasave V 7.18c
* Temperature SN = 4808
* Conductivity SN = 3380
* Number of Bytes Per Scan = 31
* Number of Voltage Words = 2
* Number of Scans Averaged by the Deck Unit = 1
* NMEA Latitude = 44 52.70 S
* NMEA Longitude = 051 46.25 W
* NMEA UTC (Time) = Oct 19 2019 21:28:45
** H41
** NAVIO POLAR ALMIRANTE MAXIMIANO
** CRUZEIRO:
** OPERANTAR XXXVIII
** ESTAÇÃO: OP38_007
** LAT 44 52,70' S
** LONG 051 46,27' W
** 09P73767-1155
** PROFUNDIDADE: 5881
** DATA/HORA: 192130Z/OUT/2019
** OPERADOR: SO-HN CHAVES
# nquan = 30
# nvalues = 1069                        
# units = specified
# name 0 = scan: Scan Count
# name 1 = timeJ: Julian Days
# name 2 = latitude: Latitude [deg]
# name 3 = longitude: Longitude [deg]
# name 4 = dz/dtM: Descent Rate [m/s]
# name 5 = avgsvCM: Average Sound Velocity [Chen-Millero, m/s]
# name 6 = prDM: Pressure, Digiquartz [db]
# name 7 = depSM: Depth [salt water, m]
# name 8 = t090C: Temperature [ITS-90, deg C]
# name 9 = t190C: Temperature, 2 [ITS-90, deg C]
# name 10 = T2-T190C: Temperature Difference, 2 - 1 [ITS-90, deg C]
# name 11 = potemp090C: Potential Temperature [ITS-90, deg C]
# name 12 = potemp190C: Potential Temperature, 2 [ITS-90, deg C]
# name 13 = potemp90Cdiff: Potential Temperature, Diff, 2 - 1 [ITS-90, deg C]
# name 14 = c0S/m: Conductivity [S/m]
# name 15 = c1S/m: Conductivity, 2 [S/m]
# name 16 = C2-C1S/m: Conductivity Difference, 2 - 1 [S/m]
# name 17 = sal00: Salinity, Practical [PSU]
# name 18 = sal11: Salinity, Practical, 2 [PSU]
# name 19 = sbeox0ML/L: Oxygen, SBE 43 [ml/l]
# name 20 = sigma-é00: Density [sigma-theta, kg/m^3]
# name 21 = sigma-é11: Density, 2 [sigma-theta, kg/m^3]
# name 22 = sal00: Salinity, Practical [PSU]
# name 23 = sigma-é00: Density [sigma-theta, kg/m^3]
# name 24 = svCM: Sound Velocity [Chen-Millero, m/s]
# name 25 = svCM1: Sound Velocity, 2 [Chen-Millero, m/s]
# name 26 = gsw_ptA0: potential temperature [ITS-90, deg C]
# name 27 = gsw_densityA0: density, TEOS-10 [density, kg/m^3]
# name 28 = gsw_saA0: Absolute Salinity [g/kg]
# name 29 = flag:
# span 0 =      32178,      69557       
# span 1 = 292.910483, 292.928509       
# span 2 =  -44.87836,  -44.87832       
# span 3 =  -51.77096,  -51.77092       
# span 4 =     -1.749,     -0.095       
# span 5 =    1474.80,    1474.80       
# span 6 =      3.000,   1071.000       
# span 7 =      2.987,   1059.589       
# span 8 =     2.7695,     9.7519       
# span 9 =     2.7703,     9.7533       
# span 10 =    -0.1467,     0.0490      
# span 11 =     2.7060,     9.7514      
# span 12 =     2.7067,     9.7523      
# span 13 =    -0.1466,     0.0487      
# span 14 =   3.131096,   3.750973      
# span 15 =   3.131612,   3.751782      
# span 16 =  -0.014045,   0.005064      
# span 17 =    34.0975,    34.6405      
# span 18 =    34.1035,    34.6467      
# span 19 =     4.0736,     6.5747      
# span 20 =    26.7125,    27.4700      
# span 21 =    26.7169,    27.4742      
# span 22 =    34.0983,    34.6428      
# span 23 =    26.7135,    27.4700      
# span 24 =    1471.04,    1488.67      
# span 25 =    1471.06,    1488.66      
# span 26 =     2.7059,     9.7514      
# span 27 =  1026.7299,  1032.4322      
# span 28 =    34.2597,    34.8064      
# span 29 = 0.0000e+00, 0.0000e+00      
# interval = decibars: 1                
# start_time = Oct 19 2019 21:28:45 [NMEA time, header]
# bad_flag = -9.990e-29
*END*
[from data line 291]
      39806 292.914161  -44.87832  -51.77094     -1.062    1474.80    780.000    772.224     2.8946     2.8946     0.0000     2.8440     2.8440     0.0000   3.131932   3.132375   0.000435    34.2697    34.2749     4.9003    27.3161    27.3203    34.2697    27.3161    1473.81    1473.81     2.8439  1030.9421    34.4339 0.0000e+00
      39827 292.914172  -44.87832  -51.77094     -1.073    1474.80    779.000    771.236     2.8945     2.8952     0.0006     2.8440     2.8446     0.0006   3.131848   3.132348   0.000493    34.2692    34.2745     4.9092    27.3157    27.3199    34.2694    27.3158    1473.79    1473.80     2.8439  1030.9372    34.4335 0.0000e+00
      39847 292.914181  -44.87832  -51.77094     -1.158    1474.80    778.000    770.248     2.8957     2.8969     0.0013     2.8452     2.8464     0.0013   3.131872   3.132450   0.000569    34.2686    34.2742     4.9115    27.3151    27.3194    34.2690    27.3154    1473.78    1473.79     2.8451  1030.9321    34.4331 0.0000e+00
      39867 292.914191  -44.87832  -51.77094     -1.208    1474.80    777.000    769.260     2.8977     2.8992     0.0014     2.8473     2.8487     0.0014   3.132000   3.132575   0.000572    34.2685    34.2739     4.9116    27.3149    27.3191    34.2689    27.3151    1473.77    1473.78     2.8472  1030.9272    34.4330 0.0000e+00
      39892 292.914203  -44.87832  -51.77094     -1.076    1474.80    776.000    768.271     2.8987     2.9000     0.0013     2.8483     2.8496     0.0013   3.132035   3.132591   0.000564    34.2685    34.2740     4.9093    27.3148    27.3191    34.2688    27.3150    1473.76    1473.77     2.8483  1030.9224    34.4329 0.0000e+00
      39928 292.914220  -44.87832  -51.77094     -0.708    1474.80    775.000    767.283     2.9035     2.9011    -0.0024     2.8531     2.8507    -0.0024   3.132460   3.132707   0.000262    34.2687    34.2744     4.9171    27.3145    27.3193    34.2694    27.3151    1473.76    1473.76     2.8531  1030.9178    34.4335 0.0000e+00
      39959 292.914235  -44.87832  -51.77094     -0.701    1474.80    774.000    766.295     2.9106     2.9062    -0.0043     2.8602     2.8559    -0.0043   3.133054   3.133170   0.000073    34.2691    34.2745     4.9138    27.3142    27.3189    34.2697    27.3146    1473.77    1473.77     2.8602  1030.9126    34.4338 0.0000e+00
      39981 292.914246  -44.87832  -51.77094     -0.945    1474.80    773.000    765.307     2.9137     2.9202     0.0064     2.8635     2.8699     0.0064   3.133353   3.134368   0.001018    34.2692    34.2748     4.9158    27.3140    27.3178    34.2705    27.3150    1473.77    1473.81     2.8634  1030.9082    34.4346 0.0000e+00
      39999 292.914254  -44.87832  -51.77094     -1.167    1474.80    772.000    764.319     2.9189     2.9197     0.0008     2.8687     2.8694     0.0007   3.133621   3.134076   0.000481    34.2685    34.2735     4.9169    27.3129    27.3169    34.2688    27.3132    1473.78    1473.79     2.8686  1030.9017    34.4329 0.0000e+00
      40017 292.914263  -44.87832  -51.77094     -1.306    1474.80    771.000    763.331     2.9151     2.9152     0.0001     2.8649     2.8650     0.0001   3.133121   3.133596   0.000456    34.2674    34.2728     4.9201    27.3124    27.3167    34.2673    27.3123    1473.74    1473.75     2.8649  1030.8964    34.4314 0.0000e+00
      40035 292.914272  -44.87832  -51.77094     -1.338    1474.80    770.000    762.342     2.9148     2.9168     0.0020     2.8647     2.8668     0.0020   3.133061   3.133677   0.000605    34.2669    34.2721     4.9245    27.3120    27.3160    34.2674    27.3124    1473.73    1473.74     2.8647  1030.8919    34.4315 0.0000e+00
      40055 292.914282  -44.87832  -51.77094     -1.259    1474.80    769.000    761.354     2.9178     2.9218     0.0040     2.8678     2.8717     0.0040   3.133279   3.134059   0.000752    34.2666    34.2715     4.9230    27.3115    27.3151    34.2674    27.3122    1473.72    1473.74     2.8677  1030.8869    34.4315 0.0000e+00
      40077 292.914292  -44.87832  -51.77094     -1.156    1474.80    768.000    760.366     2.9215     2.9306     0.0092     2.8715     2.8806     0.0091   3.133499   3.134876   0.001285    34.2659    34.2718     4.9191    27.3106    27.3145    34.2667    27.3112    1473.72    1473.77     2.8715  1030.8813    34.4308 0.0000e+00
      40100 292.914303  -44.87832  -51.77094     -1.090    1474.80    767.000    759.378     2.9340     2.9432     0.0092     2.8841     2.8932     0.0091   3.134763   3.135998   0.001250    34.2672    34.2726     4.9225    27.3105    27.3140    34.2693    27.3122    1473.76    1473.81     2.8840  1030.8774    34.4334 0.0000e+00
      40124 292.914315  -44.87832  -51.77094     -1.030    1474.80    766.000    758.389     2.9473     2.9534     0.0061     2.8973     2.9033     0.0060   3.135837   3.136792   0.000983    34.2670    34.2725     4.9276    27.3092    27.3131    34.2688    27.3107    1473.80    1473.83     2.8972  1030.8710    34.4329 0.0000e+00
      40151 292.914328  -44.87832  -51.77094     -0.935    1474.80    765.000    757.401     2.9532     2.9562     0.0029     2.9033     2.9062     0.0029   3.136271   3.136958   0.000706    34.2670    34.2725     4.9349    27.3087    27.3127    34.2684    27.3097    1473.81    1473.83     2.9032  1030.8653    34.4324 0.0000e+00
      40177 292.914340  -44.87832  -51.77094     -0.889    1474.80    764.000    756.413     2.9559     2.9566     0.0007     2.9060     2.9067     0.0007   3.136423   3.136932   0.000520    34.2668    34.2723     4.9387    27.3083    27.3126    34.2679    27.3091    1473.80    1473.81     2.9060  1030.8600    34.4319 0.0000e+00
      40200 292.914351  -44.87832  -51.77094     -0.967    1474.80    763.000    755.425     2.9562     2.9560    -0.0002     2.9064     2.9062    -0.0002   3.136341   3.136745   0.000417    34.2664    34.2717     4.9320    27.3079    27.3121    34.2671    27.3085    1473.79    1473.79     2.9063  1030.8548    34.4312 0.0000e+00
      40221 292.914361  -44.87832  -51.77094     -1.089    1474.80    762.000    754.436     2.9544     2.9537    -0.0007     2.9047     2.9040    -0.0007   3.136053   3.136403   0.000364    34.2656    34.2708     4.9304    27.3075    27.3116    34.2661    27.3078    1473.76    1473.76     2.9046  1030.8495    34.4301 0.0000e+00
      40241 292.914371  -44.87832  -51.77094     -1.162    1474.80    761.000    753.448     2.9522     2.9508    -0.0013     2.9025     2.9012    -0.0013   3.135771   3.136061   0.000304    34.2652    34.2703     4.9289    27.3073    27.3115    34.2655    27.3075    1473.73    1473.74     2.9025  1030.8447    34.4295 0.0000e+00
      40264 292.914382  -44.87832  -51.77094     -1.135    1474.80    760.000    752.460     2.9497     2.9494    -0.0004     2.9002     2.8998    -0.0004   3.135447   3.135850   0.000401    34.2645    34.2697     4.9235    27.3069    27.3112    34.2647    27.3071    1473.71    1473.71     2.9001  1030.8397    34.4287 0.0000e+00
      40289 292.914394  -44.87832  -51.77094     -1.004    1474.80    759.000    751.471     2.9480     2.9474    -0.0006     2.8986     2.8979    -0.0006   3.135173   3.135529   0.000358    34.2637    34.2687     4.9290    27.3064    27.3105    34.2637    27.3064    1473.68    1473.69     2.8985  1030.8345    34.4277 0.0000e+00
      40314 292.914406  -44.87832  -51.77094     -0.935    1474.80    758.000    750.483     2.9455     2.9453    -0.0002     2.8961     2.8959    -0.0002   3.134779   3.135205   0.000434    34.2622    34.2677     4.9363    27.3054    27.3098    34.2621    27.3054    1473.65    1473.66     2.8960  1030.8289    34.4261 0.0000e+00
      40337 292.914417  -44.87832  -51.77094     -1.005    1474.80    757.000    749.495     2.9437     2.9431    -0.0006     2.8944     2.8938    -0.0006   3.134524   3.134915   0.000390    34.2615    34.2669     4.9438    27.3051    27.3094    34.2614    27.3050    1473.63    1473.63     2.8943  1030.8239    34.4254 0.0000e+00
      40357 292.914427  -44.87832  -51.77094     -1.106    1474.80    756.000    748.507     2.9430     2.9432     0.0002     2.8938     2.8940     0.0002   3.134398   3.134871   0.000470    34.2612    34.2667     4.9519    27.3049    27.3092    34.2612    27.3048    1473.61    1473.62     2.8937  1030.8192    34.4251 0.0000e+00
      40378 292.914437  -44.87832  -51.77094     -1.162    1474.80    755.000    747.518     2.9430     2.9436     0.0007     2.8938     2.8944     0.0007   3.134322   3.134802   0.000481    34.2608    34.2659     4.9538    27.3045    27.3086    34.2608    27.3046    1473.59    1473.60     2.8937  1030.8143    34.4248 0.0000e+00
      40399 292.914447  -44.87832  -51.77094     -1.152    1474.80    754.000    746.530     2.9437     2.9443     0.0006     2.8946     2.8952     0.0006   3.134287   3.134756   0.000472    34.2601    34.2652     4.9597    27.3039    27.3079    34.2601    27.3039    1473.58    1473.59     2.8945  1030.8091    34.4241 0.0000e+00
      40421 292.914458  -44.87834  -51.77094     -1.109    1474.80    753.000    745.542     2.9439     2.9435    -0.0005     2.8949     2.8944    -0.0005   3.134183   3.134515   0.000349    34.2593    34.2640     4.9598    27.3033    27.3071    34.2592    27.3032    1473.56    1473.56     2.8948  1030.8036    34.4231 0.0000e+00
      40443 292.914469  -44.87834  -51.77094     -1.089    1474.80    752.000    744.553     2.9411     2.9386    -0.0025     2.8922     2.8897    -0.0025   3.133736   3.133923   0.000199    34.2578    34.2629     4.9602    27.3023    27.3066    34.2573    27.3019    1473.53    1473.52     2.8921  1030.7993    34.4231 0.0000e+00
      40465 292.914479 -9.990e-29  -51.77094     -1.093    1474.80    751.000    743.565     2.9360     2.9346    -0.0013     2.8872     2.8858    -0.0013   3.133164   3.133476   0.000306    34.2569    34.2620     4.9621    27.3020    27.3062    34.2563    27.3015    1473.49    1473.49     2.8871  1030.7946    34.4222 0.0000e+00
      40487 292.914490 -9.990e-29  -51.77094     -1.093    1474.80    750.000    742.577     2.9329     2.9319    -0.0011     2.8842     2.8831    -0.0011   3.132821   3.133144   0.000339    34.2564    34.2616     4.9646    27.3019    27.3061    34.2559    27.3015    1473.46    1473.46     2.8841  1030.7900    34.4218 0.0000e+00
      40509 292.914500 -9.990e-29  -51.77094     -1.100    1474.80    749.000    741.588     2.9305     2.9290    -0.0016     2.8819     2.8803    -0.0016   3.132470   3.132777   0.000294    34.2554    34.2606     4.9745    27.3013    27.3056    34.2547    27.3007    1473.43    1473.43     2.8818  1030.7847    34.4206 0.0000e+00
      40531 292.914511  -44.87832  -51.77094     -1.102    1474.80    748.000    740.600     2.9270     2.9263    -0.0007     2.8784     2.8777    -0.0007   3.132006   3.132372   0.000366    34.2541    34.2592     4.9884    27.3006    27.3047    34.2533    27.3000    1473.40    1473.40     2.8783  1030.7789    34.4186 0.0000e+00
      40553 292.914522  -44.87832  -51.77094     -1.089    1474.80    747.000    739.612     2.9257     2.9261     0.0003     2.8773     2.8776     0.0003   3.131833   3.132305   0.000465    34.2535    34.2587     4.9944    27.3002    27.3044    34.2531    27.2999    1473.37    1473.38     2.8772  1030.7731    34.4169 0.0000e+00
      40577 292.914533  -44.87832  -51.77094     -1.038    1474.80    746.000    738.623     2.9260     2.9264     0.0003     2.8776     2.8779     0.0003   3.131781   3.132218   0.000444    34.2530    34.2581     4.9966    27.2998    27.3038    34.2526    27.2995    1473.36    1473.37     2.8775  1030.7681    34.4165 0.0000e+00
      40603 292.914546  -44.87832  -51.77094     -0.958    1474.80    745.000    737.635     2.9259     2.9259     0.0001     2.8775     2.8776     0.0000   3.131640   3.132108   0.000455    34.2520    34.2575     5.0060    27.2990    27.3033    34.2516    27.2987    1473.34    1473.35     2.8775  1030.7627    34.4155 0.0000e+00
      40629 292.914558  -44.87832  -51.77094     -0.922    1474.80    744.000    736.647     2.9275     2.9300     0.0025     2.8793     2.8818     0.0025   3.131743   3.132418   0.000667    34.2514    34.2568     5.0154    27.2983    27.3024    34.2517    27.2985    1473.33    1473.35     2.8792  1030.7579    34.4155 0.0000e+00
      40652 292.914569  -44.87832  -51.77094     -0.977    1474.80    743.000    735.658     2.9338     2.9357     0.0020     2.8855     2.8875     0.0019   3.132235   3.132898   0.000636    34.2513    34.2569     5.0192    27.2977    27.3020    34.2516    27.2979    1473.34    1473.36     2.8855  1030.7525    34.4154 0.0000e+00
      40672 292.914579  -44.87833  -51.77094     -1.087    1474.80    742.000    734.670     2.9383     2.9409     0.0026     2.8901     2.8927     0.0026   3.132634   3.133341   0.000694    34.2515    34.2572     5.0209    27.2975    27.3018    34.2522    27.2980    1473.34    1473.36     2.8900  1030.7479    34.4160 0.0000e+00
      40691 292.914588  -44.87834  -51.77094     -1.195    1474.80    741.000    733.682     2.9442     2.9474     0.0032     2.8960     2.8993     0.0032   3.133192   3.134011   0.000775    34.2521    34.2580     5.0238    27.2974    27.3019    34.2532    27.2983    1473.35    1473.38     2.8960  1030.7435    34.4171 0.0000e+00
      40710 292.914597  -44.87834  -51.77094     -1.276    1474.80    740.000    732.694     2.9541     2.9673     0.0131     2.9060     2.9190     0.0130   3.134288   3.136478   0.001813    34.2534    34.2616     5.0247    27.2976    27.3029    34.2565    27.3001    1473.39    1473.46     2.9059  1030.7404    34.4204 0.0000e+00
      40728 292.914606  -44.87834  -51.77094     -1.312    1474.80    739.000    731.705     2.9936     3.0426     0.0490     2.9453     2.9940     0.0487   3.138563   3.143554   0.005064    34.2586    34.2682     5.0224    27.2982    27.3015    34.2672    27.3050    1473.55    1473.77     2.9452  1030.7399    34.4311 0.0000e+00
      40746 292.914615  -44.87834  -51.77094     -1.310    1474.80    738.000    730.716     3.0585     3.0681     0.0096     3.0099     3.0195     0.0096   3.144662   3.145653   0.001173    34.2643    34.2683     5.0151    27.2968    27.2992    34.2731    27.3039    1473.82    1473.86     3.0098  1030.7328    34.4370 0.0000e+00
      40766 292.914624  -44.87834  -51.77094     -1.263    1474.80    737.000    729.728     3.0891     3.0959     0.0068     3.0404     3.0471     0.0068   3.147053   3.148264   0.001168    34.2650    34.2719     5.0165    27.2947    27.2996    34.2703    27.2989    1473.93    1473.97     3.0403  1030.7226    34.4342 0.0000e+00
      40789 292.914636  -44.87834  -51.77094     -1.139    1474.80    736.000    728.740     3.1000     3.1044     0.0045     3.0513     3.0557     0.0045   3.148005   3.148817   0.000858    34.2664    34.2720     5.0066    27.2947    27.2988    34.2708    27.2983    1473.96    1473.99     3.0512  1030.7172    34.4347 0.0000e+00
      40818 292.914649  -44.87834  -51.77094     -0.916    1474.80    735.000    727.752     3.0981     3.0949    -0.0031     3.0494     3.0463    -0.0031   3.147477   3.147350   0.000028    34.2652    34.2688     4.9542    27.2940    27.2972    34.2669    27.2954    1473.93    1473.92     3.0493  1030.7098    34.4308 0.0000e+00
      40848 292.914664  -44.87834  -51.77094     -0.779    1474.80    734.000    726.763     3.0871     3.0810    -0.0061     3.0386     3.0325    -0.0060   3.146447   3.146575   0.000003    34.2643    34.2708     4.9010    27.2943    27.3000    34.2666    27.2961    1473.87    1473.85     3.0385  1030.7061    34.4305 0.0000e+00
