Pos-Processados/process_op38/Processamento_split/up/uoperantar38_005.cnv
* Sea-Bird SBE 9 Data File:
* FileName = D:\OPERANTAR_XXXVIII\DADOS\OP38_005.hdr
* Software Version Seasave V 7.18c
* Temperature SN = 4808
* Conductivity SN = 3380
* Number of Bytes Per Scan = 31
* Number of Voltage Words = 2
* Number of Scans Averaged by the Deck Unit = 1
* NMEA Latitude = 45 12.86 S
* NMEA Longitude = 051 09.01 W
* NMEA UTC (Time) = Oct 19 2019 13:59:02
** H41
** NAVIO POLAR ALMIRANTE MAXIMIANO
** CRUZEIRO:
** OPERANTAR XXXVIII
** ESTAวรO: OP38_005
** LAT 045บ 12,86' S
** LONG 051บ 09,03' W
** 09P73767-1155
** PROFUNDIDADE: 5853
** DATA/HORA: 191400Z/OUT/2019
** OPERADOR: SO-HN CHAVES
# nquan = 32
# nvalues = 1045                        
# units = specified
# name 0 = scan: Scan Count
# name 1 = timeJ: Julian Days
# name 2 = latitude: Latitude [deg]
# name 3 = longitude: Longitude [deg]
# name 4 = dz/dtM: Descent Rate [m/s]
# name 5 = avgsvCM: Average Sound Velocity [Chen-Millero, m/s]
# name 6 = prDM: Pressure, Digiquartz [db]
# name 7 = depSM: Depth [salt water, m]
# name 8 = t090C: Temperature [ITS-90, deg C]
# name 9 = t190C: Temperature, 2 [ITS-90, deg C]
# name 10 = T2-T190C: Temperature Difference, 2 - 1 [ITS-90, deg C]
# name 11 = potemp090C: Potential Temperature [ITS-90, deg C]
# name 12 = potemp190C: Potential Temperature, 2 [ITS-90, deg C]
# name 13 = potemp90Cdiff: Potential Temperature, Diff, 2 - 1 [ITS-90, deg C]
# name 14 = c0S/m: Conductivity [S/m]
# name 15 = c1S/m: Conductivity, 2 [S/m]
# name 16 = C2-C1S/m: Conductivity Difference, 2 - 1 [S/m]
# name 17 = sal00: Salinity, Practical [PSU]
# name 18 = sal11: Salinity, Practical, 2 [PSU]
# name 19 = sbeox0ML/L: Oxygen, SBE 43 [ml/l]
# name 20 = sbeox1ML/L: Oxygen, SBE 43, 2 [ml/l]
# name 21 = sbeox0ML/Ldiff: Oxygen, SBE 43, Diff, 2 - 1 [ml/l]
# name 22 = sigma-้00: Density [sigma-theta, kg/m^3]
# name 23 = sigma-้11: Density, 2 [sigma-theta, kg/m^3]
# name 24 = sal00: Salinity, Practical [PSU]
# name 25 = sigma-้00: Density [sigma-theta, kg/m^3]
# name 26 = svCM: Sound Velocity [Chen-Millero, m/s]
# name 27 = svCM1: Sound Velocity, 2 [Chen-Millero, m/s]
# name 28 = gsw_ptA0: potential temperature [ITS-90, deg C]
# name 29 = gsw_densityA0: density, TEOS-10 [density, kg/m^3]
# name 30 = gsw_saA0: Absolute Salinity [g/kg]
# name 31 = flag:
# span 0 =      32891,      71045       
# span 1 = 292.598523, 292.616923       
# span 2 =  -45.21442,  -45.21434       
# span 3 =  -51.15027,  -51.15014       
# span 4 =     -1.811,     -0.117       
# span 5 =    1476.21,    1476.21       
# span 6 =      4.000,   1048.000       
# span 7 =      3.965,   1036.853       
# span 8 =     2.8993,    10.3424       
# span 9 =     2.8987,    10.3411       
# span 10 =    -0.0673,     0.0800      
# span 11 =     2.8322,    10.3290      
# span 12 =     2.8308,    10.3277      
# span 13 =    -0.0672,     0.0799      
# span 14 =   3.131038,   3.835636      
# span 15 =   3.131536,   3.836188      
# span 16 =  -0.006884,   0.008697      
# span 17 =    34.1055,    34.8849      
# span 18 =    34.1126,    34.8917      
# span 19 =     4.1839,     6.5573      
# span 20 =     4.0105,     6.2842      
# span 21 =    -0.2965,    -0.1639      
# span 22 =    26.7515,    27.4340      
# span 23 =    26.7564,    27.4379      
# span 24 =    34.1039,    34.8888      
# span 25 =    26.7515,    27.4341      
# span 26 =    1472.35,    1492.80      
# span 27 =    1472.37,    1492.80      
# span 28 =     2.8321,    10.3290      
# span 29 =  1026.7724,  1032.2905      
# span 30 =    34.2659,    35.0537      
# span 31 = 0.0000e+00, 0.0000e+00      
# interval = decibars: 1                
# start_time = Oct 19 2019 13:59:02 [NMEA time, header]
# bad_flag = -9.990e-29
*END*
[from data line 408]
      43384 292.603583  -45.21438  -51.15020     -0.986    1476.21    640.000    633.813     3.3440     3.3441     0.0001     3.3010     3.3011     0.0001   3.158942   3.159433   0.000532    34.1945    34.2008     5.4617     5.2415    -0.2202    27.2143    27.2193    34.1964    27.2158    1473.32    1473.33     3.3009  1030.1880    34.3596 0.0000e+00
      43425 292.603603  -45.21438  -51.15020     -0.567    1476.21    639.000    632.824     3.3554     3.3532    -0.0022     3.3124     3.3102    -0.0022   3.159745   3.160067   0.000335    34.1931    34.1995     5.4436     5.2141    -0.2295    27.2121    27.2173    34.1946    27.2133    1473.35    1473.35     3.3123  1030.1807    34.3578 0.0000e+00
      43455 292.603618  -45.21438  -51.15020     -0.711    1476.21    638.000    631.835     3.3574     3.3563    -0.0010     3.3144     3.3134    -0.0010   3.159820   3.160310   0.000449    34.1928    34.1993     5.4391     5.2136    -0.2254    27.2116    27.2169    34.1940    27.2126    1473.34    1473.35     3.3143  1030.1754    34.3571 0.0000e+00
      43475 292.603628  -45.21438  -51.15020     -0.977    1476.21    637.000    630.846     3.3587     3.3631     0.0043     3.3159     3.3202     0.0043   3.159886   3.160775   0.000847    34.1928    34.1984     5.4388     5.2089    -0.2299    27.2115    27.2156    34.1939    27.2123    1473.33    1473.36     3.3158  1030.1705    34.3570 0.0000e+00
      43492 292.603636  -45.21438  -51.15020     -1.221    1476.21    636.000    629.858     3.3623     3.3690     0.0067     3.3195     3.3261     0.0066   3.160254   3.161317   0.001060    34.1930    34.1987     5.4447     5.2109    -0.2338    27.2113    27.2153    34.1951    27.2130    1473.33    1473.37     3.3194  1030.1664    34.3582 0.0000e+00
      43507 292.603643  -45.21438  -51.15020     -1.413    1476.21    635.000    628.869     3.3701     3.3775     0.0074     3.3273     3.3346     0.0073   3.160849   3.162008   0.001136    34.1926    34.1985     5.4517     5.2170    -0.2348    27.2102    27.2142    34.1946    27.2118    1473.35    1473.39     3.3272  1030.1606    34.3577 0.0000e+00
      43523 292.603651  -45.21438  -51.15020     -1.510    1476.21    634.000    627.880     3.3765     3.3816     0.0051     3.3338     3.3388     0.0051   3.161364   3.162222   0.000895    34.1925    34.1979     5.4558     5.2184    -0.2374    27.2096    27.2134    34.1946    27.2112    1473.36    1473.39     3.3336  1030.1552    34.3577 0.0000e+00
      43541 292.603659  -45.21438  -51.15020     -1.457    1476.21    633.000    626.891     3.3815     3.3840     0.0026     3.3387     3.3413     0.0026   3.161664   3.162373   0.000703    34.1922    34.1979     5.4584     5.2149    -0.2435    27.2089    27.2132    34.1935    27.2099    1473.36    1473.38     3.3387  1030.1492    34.3566 0.0000e+00
      43563 292.603670  -45.21438  -51.15020     -1.264    1476.21    632.000    625.902     3.3828     3.3843     0.0016     3.3401     3.3416     0.0015   3.161735   3.162300   0.000578    34.1922    34.1975     5.4571     5.2179    -0.2392    27.2087    27.2128    34.1935    27.2098    1473.35    1473.36     3.3400  1030.1444    34.3566 0.0000e+00
      43586 292.603681  -45.21438  -51.15020     -1.078    1476.21    631.000    624.913     3.3838     3.3838    -0.0000     3.3412     3.3412    -0.0000   3.161685   3.162158   0.000480    34.1914    34.1972     5.4530     5.2242    -0.2288    27.2080    27.2126    34.1923    27.2087    1473.34    1473.34     3.3411  1030.1388    34.3554 0.0000e+00
      43610 292.603693  -45.21438  -51.15020     -1.003    1476.21    630.000    623.925     3.3834     3.3836     0.0002     3.3409     3.3411     0.0002   3.161572   3.162070   0.000504    34.1911    34.1969     5.4520     5.2208    -0.2312    27.2077    27.2124    34.1919    27.2084    1473.32    1473.33     3.3408  1030.1339    34.3550 0.0000e+00
      43637 292.603705  -45.21438  -51.15020     -0.946    1476.21    629.000    622.936     3.3834     3.3835     0.0001     3.3410     3.3410     0.0001   3.161444   3.161945   0.000504    34.1902    34.1962     5.4592     5.2300    -0.2292    27.2071    27.2118    34.1909    27.2076    1473.30    1473.31     3.3409  1030.1285    34.3540 0.0000e+00
      43664 292.603719  -45.21438  -51.15020     -0.890    1476.21    628.000    621.947     3.3833     3.3835     0.0002     3.3410     3.3411     0.0002   3.161379   3.161883   0.000506    34.1901    34.1960     5.4712     5.2373    -0.2339    27.2070    27.2117    34.1908    27.2075    1473.28    1473.29     3.3409  1030.1237    34.3538 0.0000e+00
      43689 292.603731  -45.21438  -51.15020     -0.922    1476.21    627.000    620.958     3.3835     3.3843     0.0008     3.3412     3.3420     0.0008   3.161327   3.161871   0.000540    34.1899    34.1955     5.4745     5.2435    -0.2310    27.2068    27.2112    34.1904    27.2072    1473.27    1473.28     3.3411  1030.1189    34.3535 0.0000e+00
      43711 292.603741  -45.21438  -51.15020     -1.020    1476.21    626.000    619.969     3.3845     3.3863     0.0019     3.3423     3.3441     0.0018   3.161338   3.161997   0.000647    34.1894    34.1953     5.4769     5.2453    -0.2315    27.2063    27.2108    34.1901    27.2068    1473.25    1473.27     3.3422  1030.1138    34.3531 0.0000e+00
      43733 292.603752  -45.21438  -51.15020     -1.086    1476.21    625.000    618.980     3.3860     3.3905     0.0045     3.3438     3.3483     0.0045   3.161424   3.162285   0.000848    34.1894    34.1948     5.4800     5.2502    -0.2299    27.2061    27.2100    34.1901    27.2067    1473.24    1473.27     3.3437  1030.1090    34.3531 0.0000e+00
      43755 292.603763  -45.21438  -51.15020     -1.094    1476.21    624.000    617.992     3.3911     3.3945     0.0034     3.3490     3.3524     0.0034   3.161799   3.162562   0.000757    34.1889    34.1944     5.4847     5.2527    -0.2320    27.2052    27.2093    34.1897    27.2059    1473.25    1473.27     3.3489  1030.1036    34.3528 0.0000e+00
      43780 292.603775  -45.21438  -51.15020     -1.019    1476.21    623.000    617.002     3.3935     3.3980     0.0045     3.3515     3.3559     0.0045   3.161985   3.162797   0.000830    34.1889    34.1941     5.4891     5.2562    -0.2329    27.2050    27.2088    34.1900    27.2059    1473.24    1473.27     3.3514  1030.0989    34.3530 0.0000e+00
      43806 292.603787  -45.21438  -51.15020     -0.935    1476.21    622.000    616.014     3.4017     3.4029     0.0012     3.3597     3.3609     0.0012   3.162615   3.163207   0.000592    34.1883    34.1942     5.4894     5.2697    -0.2198    27.2037    27.2083    34.1894    27.2046    1473.26    1473.27     3.3596  1030.0929    34.3525 0.0000e+00
      43833 292.603800  -45.21438  -51.15020     -0.908    1476.21    621.000    615.025     3.4088     3.4128     0.0039     3.3668     3.3708     0.0039   3.163250   3.164122   0.000845    34.1886    34.1946     5.5033     5.2746    -0.2288    27.2033    27.2077    34.1901    27.2045    1473.28    1473.30     3.3667  1030.0881    34.3532 0.0000e+00
      43860 292.603813  -45.21438  -51.15020     -0.887    1476.21    620.000    614.036     3.4204     3.4228     0.0025     3.3784     3.3809     0.0025   3.164223   3.164948   0.000712    34.1888    34.1948     5.5085     5.2742    -0.2343    27.2024    27.2069    34.1903    27.2036    1473.31    1473.33     3.3783  1030.0823    34.3533 0.0000e+00
      43884 292.603825  -45.21438  -51.15020     -0.921    1476.21    619.000    613.047     3.4254     3.4294     0.0040     3.3835     3.3874     0.0039   3.164646   3.165494   0.000854    34.1891    34.1952     5.5154     5.2776    -0.2378    27.2021    27.2066    34.1906    27.2033    1473.31    1473.34     3.3834  1030.0773    34.3536 0.0000e+00
      43906 292.603835  -45.21438  -51.15020     -1.040    1476.21    618.000    612.058     3.4294     3.4332     0.0038     3.3875     3.3913     0.0037   3.164968   3.165793   0.000826    34.1894    34.1953     5.5143     5.2833    -0.2311    27.2020    27.2063    34.1908    27.2031    1473.31    1473.34     3.3874  1030.0724    34.3538 0.0000e+00
      43925 292.603844  -45.21438  -51.15020     -1.173    1476.21    617.000    611.069     3.4332     3.4357     0.0026     3.3913     3.3939     0.0025   3.165265   3.165889   0.000657    34.1896    34.1948     5.5062     5.2820    -0.2242    27.2018    27.2057    34.1909    27.2028    1473.31    1473.33     3.3913  1030.0675    34.3540 0.0000e+00
      43944 292.603854  -45.21438  -51.15020     -1.253    1476.21    616.000    610.080     3.4349     3.4338    -0.0010     3.3931     3.3921    -0.0010   3.165265   3.165526   0.000276    34.1889    34.1933     5.4988     5.2802    -0.2185    27.2011    27.2046    34.1896    27.2016    1473.30    1473.30     3.3931  1030.0617    34.3526 0.0000e+00
      43964 292.603863  -45.21438  -51.15020     -1.238    1476.21    615.000    609.091     3.4334     3.4325    -0.0008     3.3917     3.3908    -0.0008   3.164955   3.165309   0.000360    34.1874    34.1926     5.4976     5.2742    -0.2234    27.2000    27.2042    34.1880    27.2005    1473.28    1473.28     3.3916  1030.0560    34.3510 0.0000e+00
      43985 292.603873  -45.21438  -51.15020     -1.177    1476.21    614.000    608.102     3.4322     3.4315    -0.0007     3.3906     3.3899    -0.0007   3.164716   3.165107   0.000393    34.1865    34.1919     5.4969     5.2719    -0.2250    27.1994    27.2037    34.1870    27.1997    1473.26    1473.26     3.3905  1030.0506    34.3500 0.0000e+00
      44007 292.603884  -45.21438  -51.15019     -1.124    1476.21    613.000    607.113     3.4307     3.4289    -0.0018     3.3892     3.3874    -0.0017   3.164455   3.164730   0.000293    34.1857    34.1911     5.5004     5.2747    -0.2257    27.1989    27.2033    34.1859    27.1991    1473.23    1473.23     3.3891  1030.0453    34.3489 0.0000e+00
      44029 292.603895  -45.21438  -51.15018     -1.094    1476.21    612.000    606.125     3.4277     3.4264    -0.0013     3.3863     3.3850    -0.0013   3.164062   3.164410   0.000348    34.1847    34.1903     5.5102     5.2834    -0.2268    27.1984    27.2029    34.1848    27.1985    1473.20    1473.20     3.3862  1030.0402    34.3478 0.0000e+00
      44053 292.603906  -45.21438  -51.15018     -1.043    1476.21    611.000    605.135     3.4254     3.4241    -0.0014     3.3841     3.3827    -0.0014   3.163770   3.164111   0.000340    34.1841    34.1896     5.5149     5.2916    -0.2233    27.1981    27.2026    34.1842    27.1982    1473.17    1473.17     3.3840  1030.0353    34.3472 0.0000e+00
      44082 292.603920  -45.21438  -51.15019     -0.903    1476.21    610.000    604.147     3.4219     3.4215    -0.0004     3.3806     3.3802    -0.0004   3.163297   3.163764   0.000466    34.1830    34.1889     5.5283     5.3006    -0.2277    27.1975    27.2023    34.1828    27.1974    1473.14    1473.15     3.3806  1030.0300    34.3458 0.0000e+00
      44116 292.603937  -45.21438  -51.15020     -0.707    1476.21    609.000    603.157     3.4219     3.4214    -0.0005     3.3807     3.3802    -0.0005   3.163247   3.163713   0.000488    34.1823    34.1887     5.5344     5.3047    -0.2297    27.1970    27.2021    34.1827    27.1973    1473.12    1473.13     3.3807  1030.0253    34.3456 0.0000e+00
      44143 292.603950  -45.21438  -51.15020     -0.777    1476.21    608.000    602.169     3.4282     3.4276    -0.0005     3.3870     3.3865    -0.0006   3.163694   3.164293   0.000510    34.1817    34.1884     5.5471     5.3152    -0.2319    27.1959    27.2013    34.1820    27.1962    1473.13    1473.14     3.3870  1030.0195    34.3450 0.0000e+00
      44163 292.603959  -45.21438  -51.15020     -1.024    1476.21    607.000    601.180     3.4313     3.4394     0.0081     3.3903     3.3983     0.0081   3.164039   3.165161   0.001143    34.1821    34.1874     5.5599     5.3171    -0.2427    27.1959    27.1993    34.1834    27.1970    1473.13    1473.17     3.3901  1030.0156    34.3464 0.0000e+00
      44179 292.603967  -45.21438  -51.15020     -1.271    1476.21    606.000    600.191     3.4390     3.4419     0.0030     3.3980     3.4009     0.0029   3.164577   3.165250   0.000714    34.1814    34.1869     5.5662     5.3230    -0.2432    27.1946    27.1987    34.1823    27.1954    1473.15    1473.16     3.3979  1030.0092    34.3453 0.0000e+00
      44194 292.603974  -45.21438  -51.15020     -1.458    1476.21    605.000    599.202     3.4403     3.4401    -0.0002     3.3993     3.3990    -0.0003   3.164532   3.164967   0.000440    34.1807    34.1862     5.5660     5.3277    -0.2383    27.1939    27.1983    34.1809    27.1941    1473.13    1473.14     3.3993  1030.0034    34.3439 0.0000e+00
      44210 292.603982  -45.21438  -51.15020     -1.543    1476.21    604.000    598.213     3.4387     3.4384    -0.0003     3.3978     3.3975    -0.0003   3.164280   3.164752   0.000458    34.1802    34.1860     5.5651     5.3333    -0.2318    27.1937    27.1983    34.1802    27.1936    1473.11    1473.12     3.3977  1029.9983    34.3431 0.0000e+00
      44229 292.603991  -45.21438  -51.15020     -1.433    1476.21    603.000    597.224     3.4354     3.4337    -0.0017     3.3946     3.3929    -0.0017   3.163881   3.164137   0.000296    34.1793    34.1847     5.5646     5.3352    -0.2294    27.1932    27.1977    34.1793    27.1932    1473.08    1473.08     3.3946  1029.9934    34.3422 0.0000e+00
      44256 292.604004  -45.21438  -51.15020     -1.050    1476.21    602.000    596.235     3.4257     3.4313     0.0055     3.3851     3.3906     0.0055   3.162724   3.163903   0.001123    34.1771    34.1847     5.5671     5.3267    -0.2403    27.1924    27.1980    34.1761    27.1916    1473.02    1473.05     3.3850  1029.9873    34.3390 0.0000e+00
      44289 292.604020  -45.21438  -51.15018     -0.743    1476.21    601.000    595.246     3.4133     3.4196     0.0063     3.3727     3.3790     0.0063   3.161406   3.162535   0.001156    34.1746    34.1819     5.5742     5.3404    -0.2337    27.1916    27.1968    34.1738    27.1910    1472.94    1472.98     3.3727  1029.9822    34.3367 0.0000e+00
      44315 292.604033  -45.21438  -51.15018     -0.831    1476.21    600.000    594.257     3.4080     3.4063    -0.0017     3.3676     3.3659    -0.0017   3.160704   3.160996   0.000301    34.1733    34.1787     5.5882     5.3585    -0.2297    27.1910    27.1955    34.1715    27.1896    1472.90    1472.90     3.3675  1029.9763    34.3343 0.0000e+00
      44336 292.604043  -45.21438  -51.15018     -1.014    1476.21    599.000    593.268     3.4016     3.4018     0.0002     3.3612     3.3614     0.0002   3.160128   3.160604   0.000479    34.1724    34.1780     5.6139     5.3624    -0.2515    27.1909    27.1954    34.1718    27.1905    1472.86    1472.87     3.3612  1029.9727    34.3347 0.0000e+00
      44355 292.604052  -45.21438  -51.15018     -1.175    1476.21    598.000    592.279     3.4036     3.4025    -0.0011     3.3633     3.3622    -0.0011   3.160226   3.160512   0.000299    34.1722    34.1769     5.6316     5.3612    -0.2704    27.1906    27.1945    34.1714    27.1900    1472.85    1472.85     3.3632  1029.9676    34.3343 0.0000e+00
      44373 292.604061  -45.21438  -51.15018     -1.275    1476.21    597.000    591.289     3.4022     3.3985    -0.0036     3.3619     3.3584    -0.0036   3.159933   3.159781  -0.000009    34.1708    34.1745     5.6442     5.3768    -0.2675    27.1896    27.1928    34.1700    27.1889    1472.83    1472.81     3.3619  1029.9619    34.3328 0.0000e+00
      44392 292.604070  -45.21438  -51.15018     -1.288    1476.21    596.000    590.301     3.3952     3.3816    -0.0136     3.3551     3.3416    -0.0136   3.158989   3.158037  -0.000947    34.1683    34.1711     5.6588     5.3997    -0.2591    27.1882    27.1918    34.1664    27.1868    1472.78    1472.72     3.3550  1029.9553    34.3293 0.0000e+00
