Pos-Processados/process_op38/Processamento_split/up/uoperantar38_013.cnv
* Sea-Bird SBE 9 Data File:
* FileName = D:\OPERANTAR_XXXVIII\DADOS\OP38_013.hdr
* Software Version Seasave V 7.18c
* Temperature SN = 4808
* Conductivity SN = 3380
* Number of Bytes Per Scan = 34
* Number of Voltage Words = 3
* Number of Scans Averaged by the Deck Unit = 1
* NMEA Latitude = 62 08.60 S
* NMEA Longitude = 058 24.71 W
* NMEA UTC (Time) = Nov 05 2019 02:47:10
** H41
** NAVIO POLAR ALMIRANTE MAXIMIANO
** CRUZEIRO:
** OPERANTAR XXXVIII
** ESTAÇÃO: OP38_013
** LAT 62 08,61' S
** LONG 058 24,68' W
** 09P73767-1155_A
** PROFUNDIDADE: 420
** DATA/HORA: 050248Z/NOV/2019
** OPERADOR: SO-HN CHAVES
# nquan = 33
# nvalues = 364                         
# units = specified
# name 0 = scan: Scan Count
# name 1 = timeJ: Julian Days
# name 2 = latitude: Latitude [deg]
# name 3 = longitude: Longitude [deg]
# name 4 = dz/dtM: Descent Rate [m/s]
# name 5 = avgsvCM: Average Sound Velocity [Chen-Millero, m/s]
# name 6 = prDM: Pressure, Digiquartz [db]
# name 7 = depSM: Depth [salt water, m]
# name 8 = t090C: Temperature [ITS-90, deg C]
# name 9 = t190C: Temperature, 2 [ITS-90, deg C]
# name 10 = T2-T190C: Temperature Difference, 2 - 1 [ITS-90, deg C]
# name 11 = potemp090C: Potential Temperature [ITS-90, deg C]
# name 12 = potemp190C: Potential Temperature, 2 [ITS-90, deg C]
# name 13 = potemp90Cdiff: Potential Temperature, Diff, 2 - 1 [ITS-90, deg C]
# name 14 = c0S/m: Conductivity [S/m]
# name 15 = c1S/m: Conductivity, 2 [S/m]
# name 16 = C2-C1S/m: Conductivity Difference, 2 - 1 [S/m]
# name 17 = sal00: Salinity, Practical [PSU]
# name 18 = sal11: Salinity, Practical, 2 [PSU]
# name 19 = sbeox0ML/L: Oxygen, SBE 43 [ml/l]
# name 20 = sigma-é00: Density [sigma-theta, kg/m^3]
# name 21 = sigma-é11: Density, 2 [sigma-theta, kg/m^3]
# name 22 = sbox0Mm/Kg: Oxygen, SBE 43 [umol/kg]
# name 23 = oxsolMm/Kg: Oxygen Saturation, Garcia & Gordon [umol/kg]
# name 24 = oxsatMm/Kg: Oxygen Saturation, Weiss [umol/kg]
# name 25 = sal00: Salinity, Practical [PSU]
# name 26 = sigma-é00: Density [sigma-theta, kg/m^3]
# name 27 = svCM: Sound Velocity [Chen-Millero, m/s]
# name 28 = svCM1: Sound Velocity, 2 [Chen-Millero, m/s]
# name 29 = gsw_ptA0: potential temperature [ITS-90, deg C]
# name 30 = gsw_densityA0: density, TEOS-10 [density, kg/m^3]
# name 31 = gsw_saA0: Absolute Salinity [g/kg]
# name 32 = flag:
# span 0 =      16357,      28423       
# span 1 = 309.123976, 309.129794       
# span 2 =  -62.14340,  -62.14340       
# span 3 =  -58.41184,  -58.41180       
# span 4 =     -0.909,     -0.249       
# span 5 =    1447.51,    1447.51       
# span 6 =     12.000,    375.000       
# span 7 =     11.885,    371.055       
# span 8 =    -0.9467,    -0.6912       
# span 9 =    -0.9467,    -0.6789       
# span 10 =    -0.0250,     0.0398      
# span 11 =    -0.9483,    -0.6966      
# span 12 =    -0.9483,    -0.6793      
# span 13 =    -0.0250,     0.0398      
# span 14 =   2.767153,   2.819083      
# span 15 =   2.767602,   2.819494      
# span 16 =  -0.001303,   0.003192      
# span 17 =    34.1455,    34.4261      
# span 18 =    34.1514,    34.4315      
# span 19 =     6.3498,     7.5975      
# span 20 =    27.4488,    27.6763      
# span 21 =    27.4529,    27.6806      
# span 22 =    275.944,    330.239      
# span 23 =  355.90574,  358.92003      
# span 24 =  357.53824,  360.59644      
# span 25 =    34.1506,    34.4261      
# span 26 =    27.4529,    27.6763      
# span 27 =    1444.28,    1451.27      
# span 28 =    1444.27,    1451.28      
# span 29 =    -0.9482,    -0.6966      
# span 30 =  1026.3430,  1029.4704      
# span 31 =    32.8580,    34.5944      
# span 32 = 0.0000e+00, 0.0000e+00      
# interval = decibars: 1                
# start_time = Nov 05 2019 02:47:10 [NMEA time, header]
# bad_flag = -9.990e-29
*END*
[from data line 176]
      21723 309.126563  -62.14340  -58.41180     -0.733    1447.51    199.000    196.996    -0.8900    -0.8898     0.0002    -0.8957    -0.8956     0.0002   2.783880   2.784285   0.000406    34.2829    34.2882     7.0477    27.5682    27.5725    306.305  358.18603  359.85390    34.2826    27.5680    1447.27    1447.28    -0.8956  1028.5263    34.4497 0.0000e+00
      21752 309.126578  -62.14340  -58.41180     -0.781    1447.51    198.000    196.006    -0.8919    -0.8917     0.0002    -0.8976    -0.8973     0.0002   2.783616   2.784030   0.000419    34.2822    34.2876     7.0468    27.5677    27.5720    306.267  358.20613  359.87438    34.2818    27.5674    1447.25    1447.26    -0.8974  1028.5210    34.4489 0.0000e+00
      21780 309.126591  -62.14340  -58.41180     -0.847    1447.51    197.000    195.017    -0.8928    -0.8925     0.0003    -0.8984    -0.8982     0.0003   2.783497   2.783924   0.000422    34.2820    34.2874     7.0475    27.5675    27.5719    306.297  358.21471  359.88312    34.2818    27.5674    1447.23    1447.24    -0.8983  1028.5162    34.4488 0.0000e+00
      21808 309.126604  -62.14340  -58.41180     -0.874    1447.51    196.000    194.028    -0.8922    -0.8917     0.0006    -0.8978    -0.8973     0.0006   2.783509   2.783976   0.000456    34.2821    34.2877     7.0445    27.5676    27.5721    306.166  358.20910  359.87741    34.2819    27.5675    1447.21    1447.22    -0.8977  1028.5115    34.4489 0.0000e+00
      21837 309.126618  -62.14340  -58.41180     -0.843    1447.51    195.000    193.038    -0.8925    -0.8916     0.0009    -0.8981    -0.8972     0.0009   2.783429   2.783906   0.000487    34.2820    34.2876     7.0452    27.5675    27.5720    306.198  358.21231  359.88067    34.2818    27.5674    1447.20    1447.21    -0.8979  1028.5066    34.4488 0.0000e+00
      21868 309.126633  -62.14340  -58.41180     -0.785    1447.51    194.000    192.048    -0.8935    -0.8928     0.0007    -0.8991    -0.8984     0.0007   2.783266   2.783739   0.000466    34.2817    34.2872     7.0456    27.5673    27.5717    306.217  358.22294  359.89151    34.2814    27.5670    1447.17    1447.18    -0.8989  1028.5015    34.4484 0.0000e+00
      21901 309.126649  -62.14340  -58.41180     -0.736    1447.51    193.000    191.059    -0.8950    -0.8946     0.0004    -0.9005    -0.9001     0.0004   2.783061   2.783487   0.000430    34.2811    34.2866     7.0451    27.5669    27.5713    306.195  358.23798  359.90684    34.2808    27.5667    1447.15    1447.16    -0.9003  1028.4964    34.4478 0.0000e+00
      21934 309.126665  -62.14340  -58.41180     -0.724    1447.51    192.000    190.070    -0.8971    -0.8971    -0.0000    -0.9025    -0.9026    -0.0000   2.782790   2.783178   0.000393    34.2806    34.2859     7.0428    27.5666    27.5709    306.093  358.25969  359.92897    34.2801    27.5662    1447.12    1447.13    -0.9024  1028.4911    34.4471 0.0000e+00
      21965 309.126680  -62.14340  -58.41180     -0.753    1447.51    191.000    189.080    -0.8986    -0.8987    -0.0000    -0.9041    -0.9041    -0.0000   2.782607   2.783000   0.000392    34.2804    34.2857     7.0465    27.5664    27.5708    306.252  358.27499  359.94461    34.2801    27.5662    1447.10    1447.11    -0.9039  1028.4864    34.4471 0.0000e+00
      21996 309.126695  -62.14340  -58.41180     -0.779    1447.51    190.000    188.090    -0.8993    -0.8994    -0.0001    -0.9047    -0.9048    -0.0001   2.782501   2.782876   0.000375    34.2802    34.2855     7.0527    27.5664    27.5706    306.525  358.28132  359.95106    34.2800    27.5661    1447.08    1447.09    -0.9046  1028.4815    34.4470 0.0000e+00
      22026 309.126710  -62.14340  -58.41180     -0.797    1447.51    189.000    187.101    -0.8996    -0.8994     0.0003    -0.9050    -0.9047     0.0003   2.782420   2.782837   0.000413    34.2801    34.2854     7.0481    27.5663    27.5706    306.323  358.28523  359.95505    34.2799    27.5661    1447.06    1447.07    -0.9048  1028.4767    34.4469 0.0000e+00
      22055 309.126724  -62.14340  -58.41180     -0.811    1447.51    188.000    186.111    -0.8994    -0.8995    -0.0001    -0.9048    -0.9049    -0.0001   2.782395   2.782777   0.000389    34.2801    34.2856     7.0484    27.5663    27.5707    306.335  358.28305  359.95282    34.2799    27.5661    1447.05    1447.05    -0.9046  1028.4720    34.4469 0.0000e+00
      22085 309.126738  -62.14340  -58.41180     -0.806    1447.51    187.000    185.129    -0.8997    -0.9000    -0.0003    -0.9050    -0.9054    -0.0003   2.782323   2.782676   0.000353    34.2801    34.2852     7.0455    27.5663    27.5705    306.212  358.28601  359.95585    34.2799    27.5661    1447.03    1447.03    -0.9049  1028.4672    34.4469 0.0000e+00
      22115 309.126753  -62.14340  -58.41180     -0.803    1447.51    186.000    184.126    -0.9005    -0.9006    -0.0001    -0.9058    -0.9059    -0.0001   2.782187   2.782570   0.000385    34.2798    34.2851     7.0428    27.5660    27.5703    306.094  358.29435  359.96433    34.2795    27.5658    1447.01    1447.01    -0.9056  1028.4621    34.4465 0.0000e+00
      22145 309.126767  -62.14340  -58.41180     -0.812    1447.51    185.000    183.143    -0.9013    -0.9017    -0.0004    -0.9065    -0.9070    -0.0004   2.782035   2.782397   0.000359    34.2793    34.2847     7.0412    27.5657    27.5701    306.023  358.30296  359.97309    34.2790    27.5654    1446.99    1446.99    -0.9064  1028.4570    34.4460 0.0000e+00
      22174 309.126781  -62.14340  -58.41180     -0.822    1447.51    184.000    182.153    -0.9021    -0.9020     0.0001    -0.9073    -0.9072     0.0001   2.781908   2.782305   0.000396    34.2790    34.2843     7.0432    27.5654    27.5697    306.111  358.31136  359.98165    34.2788    27.5653    1446.97    1446.97    -0.9072  1028.4520    34.4458 0.0000e+00
      22205 309.126796  -62.14340  -58.41180     -0.791    1447.51    183.000    181.164    -0.9019    -0.9018     0.0001    -0.9071    -0.9070     0.0001   2.781880   2.782278   0.000398    34.2789    34.2842     7.0432    27.5654    27.5697    306.111  358.30979  359.98003    34.2788    27.5653    1446.95    1446.96    -0.9069  1028.4473    34.4458 0.0000e+00
      22237 309.126811  -62.14340  -58.41180     -0.751    1447.51    182.000    180.174    -0.9014    -0.9013     0.0001    -0.9066    -0.9065     0.0001   2.781879   2.782294   0.000412    34.2790    34.2845     7.0452    27.5654    27.5699    306.198  358.30515  359.97530    34.2789    27.5653    1446.94    1446.95    -0.9064  1028.4425    34.4458 0.0000e+00
      22269 309.126827  -62.14340  -58.41180     -0.745    1447.51    181.000    179.191    -0.9017    -0.9013     0.0004    -0.9069    -0.9065     0.0004   2.781770   2.782214   0.000442    34.2786    34.2842     7.0458    27.5651    27.5696    306.224  358.30937  359.97957    34.2784    27.5649    1446.92    1446.93    -0.9067  1028.4373    34.4453 0.0000e+00
      22301 309.126842  -62.14340  -58.41180     -0.754    1447.51    180.000    178.189    -0.9017    -0.9016     0.0001    -0.9068    -0.9067     0.0001   2.781672   2.782090   0.000420    34.2777    34.2833     7.0495    27.5644    27.5689    306.385  358.31154  359.98167    34.2776    27.5643    1446.90    1446.91    -0.9067  1028.4319    34.4446 0.0000e+00
      22333 309.126858  -62.14340  -58.41180     -0.751    1447.51    179.000    177.206    -0.8997    -0.8994     0.0003    -0.9048    -0.9045     0.0003   2.781748   2.782170   0.000425    34.2770    34.2824     7.0510    27.5637    27.5681    306.450  358.29499  359.96466    34.2771    27.5638    1446.89    1446.90    -0.9046  1028.4266    34.4440 0.0000e+00
      22363 309.126872  -62.14340  -58.41180     -0.775    1447.51    178.000    176.216    -0.8985    -0.8991    -0.0006    -0.9035    -0.9041    -0.0006   2.781784   2.782161   0.000376    34.2767    34.2825     7.0558    27.5635    27.5682    306.659  358.28394  359.95332    34.2768    27.5635    1446.88    1446.89    -0.9034  1028.4216    34.4437 0.0000e+00
      22391 309.126886  -62.14340  -58.41180     -0.841    1447.51    177.000    175.227    -0.8987    -0.8985     0.0002    -0.9037    -0.9035     0.0002   2.781706   2.782132   0.000428    34.2766    34.2822     7.0768    27.5634    27.5679    307.574  358.28612  359.95553    34.2765    27.5633    1446.86    1446.87    -0.9036  1028.4166    34.4435 0.0000e+00
      22419 309.126899  -62.14340  -58.41180     -0.874    1447.51    176.000    174.237    -0.8986    -0.8988    -0.0002    -0.9036    -0.9038    -0.0002   2.781612   2.782023   0.000410    34.2759    34.2816     7.0990    27.5628    27.5675    308.537  358.28762  359.95698    34.2758    27.5627    1446.85    1446.86    -0.9035  1028.4112    34.4428 0.0000e+00
      22448 309.126913  -62.14340  -58.41180     -0.828    1447.51    175.000    173.248    -0.8993    -0.8992     0.0000    -0.9042    -0.9042     0.0000   2.781499   2.781901   0.000402    34.2757    34.2812     7.1078    27.5627    27.5671    308.921  358.29415  359.96364    34.2756    27.5626    1446.83    1446.84    -0.9041  1028.4063    34.4426 0.0000e+00
      22481 309.126929  -62.14340  -58.41180     -0.748    1447.51    174.000    172.258    -0.8997    -0.8996     0.0001    -0.9047    -0.9046     0.0001   2.781405   2.781810   0.000404    34.2756    34.2809     7.1157    27.5626    27.5669    309.263  358.29892  359.96850    34.2755    27.5625    1446.81    1446.82    -0.9045  1028.4015    34.4424 0.0000e+00
      22514 309.126945  -62.14340  -58.41180     -0.724    1447.51    173.000    171.268    -0.8999    -0.8998     0.0001    -0.9048    -0.9047     0.0001   2.781339   2.781745   0.000406    34.2755    34.2809     7.1174    27.5625    27.5669    309.335  358.30086  359.97048    34.2754    27.5625    1446.79    1446.80    -0.9047  1028.3966    34.4423 0.0000e+00
      22546 309.126960  -62.14340  -58.41180     -0.748    1447.51    172.000    170.279    -0.9001    -0.8998     0.0002    -0.9049    -0.9047     0.0002   2.781282   2.781691   0.000407    34.2755    34.2807     7.1200    27.5625    27.5668    309.449  358.30221  359.97187    34.2755    27.5625    1446.78    1446.78    -0.9048  1028.3919    34.4424 0.0000e+00
      22577 309.126976  -62.14340  -58.41180     -0.761    1447.51    171.000    169.289    -0.9006    -0.9003     0.0003    -0.9055    -0.9051     0.0003   2.781148   2.781599   0.000445    34.2751    34.2808     7.1189    27.5623    27.5668    309.403  358.30885  359.97861    34.2749    27.5621    1446.76    1446.77    -0.9053  1028.3867    34.4418 0.0000e+00
      22610 309.126991  -62.14340  -58.41180     -0.743    1447.51    170.000    168.300    -0.9025    -0.9025     0.0001    -0.9074    -0.9073     0.0001   2.780877   2.781277   0.000408    34.2743    34.2797     7.1151    27.5617    27.5661    309.238  358.32945  359.99959    34.2740    27.5614    1446.73    1446.74    -0.9072  1028.3812    34.4409 0.0000e+00
      22643 309.127007  -62.14340  -58.41180     -0.729    1447.51    169.000    167.310    -0.9053    -0.9047     0.0006    -0.9101    -0.9095     0.0006   2.780549   2.781009   0.000456    34.2737    34.2792     7.1177    27.5613    27.5657    309.351  358.35754  360.02825    34.2733    27.5610    1446.70    1446.71    -0.9099  1028.3760    34.4402 0.0000e+00
      22674 309.127022  -62.14340  -58.41180     -0.756    1447.51    168.000    166.321    -0.9066    -0.9060     0.0006    -0.9113    -0.9108     0.0005   2.780382   2.780829   0.000449    34.2734    34.2789     7.1158    27.5611    27.5655    309.267  358.37037  360.04134    34.2731    27.5609    1446.68    1446.69    -0.9112  1028.3711    34.4400 0.0000e+00
      22704 309.127037  -62.14340  -58.41180     -0.795    1447.51    167.000    165.331    -0.9066    -0.9068    -0.0002    -0.9113    -0.9115    -0.0002   2.780346   2.780724   0.000375    34.2734    34.2787     7.1071    27.5611    27.5654    308.892  358.37005  360.04102    34.2732    27.5610    1446.66    1446.67    -0.9112  1028.3665    34.4401 0.0000e+00
      22733 309.127051  -62.14340  -58.41180     -0.814    1447.51    166.000    164.341    -0.9072    -0.9067     0.0005    -0.9119    -0.9113     0.0005   2.780226   2.780697   0.000456    34.2733    34.2789     7.1130    27.5610    27.5655    309.144  358.37644  360.04753    34.2729    27.5607    1446.64    1446.65    -0.9117  1028.3615    34.4398 0.0000e+00
      22762 309.127065  -62.14340  -58.41180     -0.828    1447.51    165.000    163.352    -0.9091    -0.9082     0.0009    -0.9137    -0.9128     0.0009   2.780005   2.780467   0.000476    34.2729    34.2784     7.1073    27.5608    27.5652    308.896  358.39516  360.06664    34.2727    27.5606    1446.62    1446.63    -0.9136  1028.3565    34.4395 0.0000e+00
      22792 309.127079  -62.14340  -58.41180     -0.823    1447.51    164.000    162.362    -0.9087    -0.9092    -0.0005    -0.9133    -0.9138    -0.0005   2.779983   2.780325   0.000345    34.2729    34.2781     7.1010    27.5607    27.5650    308.625  358.39193  360.06334    34.2726    27.5605    1446.60    1446.61    -0.9132  1028.3517    34.4394 0.0000e+00
      22822 309.127094  -62.14340  -58.41180     -0.788    1447.51    163.000    161.378    -0.9104    -0.9093     0.0011    -0.9150    -0.9139     0.0011   2.779757   2.780265   0.000505    34.2723    34.2779     7.1049    27.5603    27.5648    308.794  358.40958  360.08132    34.2720    27.5601    1446.58    1446.59    -0.9149  1028.3465    34.4389 0.0000e+00
      22855 309.127109  -62.14340  -58.41180     -0.752    1447.51    162.000    160.378    -0.9104    -0.9099     0.0005    -0.9150    -0.9144     0.0005   2.779730   2.780160   0.000432    34.2725    34.2778     7.1094    27.5605    27.5647    308.991  358.40908  360.08083    34.2723    27.5604    1446.56    1446.57    -0.9148  1028.3420    34.4391 0.0000e+00
      22887 309.127125  -62.14340  -58.41180     -0.742    1447.51    161.000    159.393    -0.9104    -0.9101     0.0003    -0.9149    -0.9146     0.0003   2.779687   2.780108   0.000419    34.2725    34.2779     7.1076    27.5605    27.5648    308.911  358.40873  360.08048    34.2723    27.5603    1446.55    1446.55    -0.9148  1028.3372    34.4391 0.0000e+00
      22919 309.127140  -62.14340  -58.41180     -0.746    1447.51    160.000    158.403    -0.9104    -0.9102     0.0002    -0.9149    -0.9147     0.0002   2.779625   2.780048   0.000422    34.2723    34.2778     7.1080    27.5603    27.5648    308.928  358.40987  360.08163    34.2722    27.5602    1446.53    1446.54    -0.9148  1028.3323    34.4390 0.0000e+00
      22952 309.127156  -62.14340  -58.41180     -0.738    1447.51    159.000    157.414    -0.9105    -0.9103     0.0002    -0.9149    -0.9147     0.0002   2.779569   2.779994   0.000428    34.2721    34.2777     7.1048    27.5602    27.5647    308.791  358.41053  360.08228    34.2721    27.5601    1446.51    1446.52    -0.9148  1028.3274    34.4389 0.0000e+00
      22984 309.127172  -62.14340  -58.41180     -0.737    1447.51    158.000    156.424    -0.9103    -0.9103     0.0000    -0.9147    -0.9147     0.0000   2.779533   2.779944   0.000411    34.2721    34.2776     7.1041    27.5601    27.5646    308.758  358.40898  360.08068    34.2720    27.5601    1446.50    1446.50    -0.9146  1028.3225    34.4388 0.0000e+00
      23014 309.127186  -62.14340  -58.41180     -0.777    1447.51    157.000    155.434    -0.9105    -0.9104     0.0001    -0.9149    -0.9148     0.0001   2.779425   2.779834   0.000411    34.2715    34.2770     7.1068    27.5597    27.5641    308.877  358.41266  360.08438    34.2714    27.5596    1446.48    1446.49    -0.9148  1028.3172    34.4382 0.0000e+00
