Pos-Processados/process_op38/Processamento_split/up/uoperantar38_009.cnv
* Sea-Bird SBE 9 Data File:
* FileName = D:\OPERANTAR_XXXVIII\DADOS\OP38_009.hdr
* Software Version Seasave V 7.18c
* Temperature SN = 4808
* Conductivity SN = 3380
* Number of Bytes Per Scan = 31
* Number of Voltage Words = 2
* Number of Scans Averaged by the Deck Unit = 1
* NMEA Latitude = 44 15.92 S
* NMEA Longitude = 052 42.25 W
* NMEA UTC (Time) = Oct 20 2019 07:17:42
** H41
** NAVIO POLAR ALMIRANTE MAXIMIANO
** CRUZEIRO:
** OPERANTAR XXXVIII
** ESTAวรO: OP38_009
** LAT 44บ 15,92'S
** LONG 052บ 42,27'W
** 09P73767-1155
** PROFUNDIDADE: 5806
** DATA/HORA: 200718Z/OUT/19
** OPERADOR: CTTECCHIO
# nquan = 33
# nvalues = 1018                        
# units = specified
# name 0 = scan: Scan Count
# name 1 = timeJ: Julian Days
# name 2 = latitude: Latitude [deg]
# name 3 = longitude: Longitude [deg]
# name 4 = dz/dtM: Descent Rate [m/s]
# name 5 = avgsvCM: Average Sound Velocity [Chen-Millero, m/s]
# name 6 = prDM: Pressure, Digiquartz [db]
# name 7 = depSM: Depth [salt water, m]
# name 8 = t090C: Temperature [ITS-90, deg C]
# name 9 = t190C: Temperature, 2 [ITS-90, deg C]
# name 10 = T2-T190C: Temperature Difference, 2 - 1 [ITS-90, deg C]
# name 11 = potemp090C: Potential Temperature [ITS-90, deg C]
# name 12 = potemp190C: Potential Temperature, 2 [ITS-90, deg C]
# name 13 = potemp90Cdiff: Potential Temperature, Diff, 2 - 1 [ITS-90, deg C]
# name 14 = c0S/m: Conductivity [S/m]
# name 15 = c1S/m: Conductivity, 2 [S/m]
# name 16 = C2-C1S/m: Conductivity Difference, 2 - 1 [S/m]
# name 17 = sal00: Salinity, Practical [PSU]
# name 18 = sal11: Salinity, Practical, 2 [PSU]
# name 19 = sbeox0ML/L: Oxygen, SBE 43 [ml/l]
# name 20 = sigma-้00: Density [sigma-theta, kg/m^3]
# name 21 = sigma-้11: Density, 2 [sigma-theta, kg/m^3]
# name 22 = sbox0Mm/Kg: Oxygen, SBE 43 [umol/kg]
# name 23 = oxsolMm/Kg: Oxygen Saturation, Garcia & Gordon [umol/kg]
# name 24 = oxsatMm/Kg: Oxygen Saturation, Weiss [umol/kg]
# name 25 = sal00: Salinity, Practical [PSU]
# name 26 = sigma-้00: Density [sigma-theta, kg/m^3]
# name 27 = svCM: Sound Velocity [Chen-Millero, m/s]
# name 28 = svCM1: Sound Velocity, 2 [Chen-Millero, m/s]
# name 29 = gsw_ptA0: potential temperature [ITS-90, deg C]
# name 30 = gsw_densityA0: density, TEOS-10 [density, kg/m^3]
# name 31 = gsw_saA0: Absolute Salinity [g/kg]
# name 32 = flag:
# span 0 =      32211,      64185       
# span 1 = 293.319492, 293.334912       
# span 2 =  -44.26542,  -44.26538       
# span 3 =  -52.70420,  -52.70418       
# span 4 =     -1.402,     -0.112       
# span 5 =    1497.43,    1497.43       
# span 6 =      3.000,   1020.000       
# span 7 =      3.001,   1009.306       
# span 8 =     3.8342,    14.2229       
# span 9 =     3.8340,    14.2233       
# span 10 =    -0.0385,     0.0129      
# span 11 =     3.7587,    14.1773      
# span 12 =     3.7585,    14.1774      
# span 13 =    -0.0383,     0.0128      
# span 14 =   3.218483,   4.302463      
# span 15 =   3.218836,   4.303143      
# span 16 =  -0.003475,   0.002118      
# span 17 =    34.1839,    35.6672      
# span 18 =    34.1890,    35.6735      
# span 19 =     4.3033,     5.9736      
# span 20 =    26.6622,    27.1740      
# span 21 =    26.6672,    27.1775      
# span 22 =    187.177,    259.760      
# span 23 =  250.46516,  317.97380      
# span 24 =  250.31234,  318.79621      
# span 25 =    34.1838,    35.6672      
# span 26 =    26.6613,    27.1739      
# span 27 =    1481.68,    1510.91      
# span 28 =    1481.68,    1510.92      
# span 29 =     3.7585,    14.1773      
# span 30 =  1026.6824,  1031.8786      
# span 31 =    34.3454,    35.8364      
# span 32 = 0.0000e+00, 0.0000e+00      
# interval = decibars: 1                
# start_time = Oct 20 2019 07:17:42 [NMEA time, header]
# bad_flag = -9.990e-29
*END*
      32211 293.319492  -44.26540  -52.70418     -0.270    1497.43   1020.000   1009.306     3.8342     3.8340    -0.0001     3.7587     3.7585    -0.0001   3.218483   3.218836   0.000360    34.1997    34.2041     5.4661    27.1740    27.1775    237.659  317.97380  318.79621    34.1997    27.1739    1481.68    1481.68     3.7585  1031.8786    34.3647 0.0000e+00
      32525 293.319643  -44.26540  -52.70419     -0.256    1497.43   1019.000   1008.320     3.8505     3.8531     0.0026     3.7750     3.7775     0.0025   3.220027   3.220638   0.000600    34.2005    34.2050     5.4761    27.1730    27.1763    238.094  317.84599  318.66610    34.2015    27.1738    1481.73    1481.75     3.7748  1031.8735    34.3665 0.0000e+00
      32613 293.319686  -44.26540  -52.70418     -0.390    1497.43   1018.000   1007.336     3.8657     3.8678     0.0021     3.7901     3.7922     0.0021   3.221311   3.221860   0.000559    34.2007    34.2050     5.4693    27.1716    27.1748    237.799  317.72908  318.54702    34.2014    27.1722    1481.78    1481.79     3.7899  1031.8669    34.3664 0.0000e+00
      32655 293.319706  -44.26540  -52.70420     -0.561    1497.43   1017.000   1006.349     3.8679     3.8700     0.0021     3.7923     3.7945     0.0021   3.221482   3.222065   0.000566    34.2009    34.2053     5.4666    27.1715    27.1749    237.681  317.71182  318.52946    34.2017    27.1722    1481.77    1481.79     3.7922  1031.8623    34.3667 0.0000e+00
      32691 293.319723  -44.26540  -52.70420     -0.647    1497.43   1016.000   1005.362     3.8791     3.8854     0.0063     3.8035     3.8098     0.0063   3.222588   3.223514   0.000925    34.2020    34.2064     5.4675    27.1713    27.1741    237.721  317.62309  318.43917    34.2037    27.1726    1481.80    1481.83     3.8034  1031.8578    34.3687 0.0000e+00
      32721 293.319737  -44.26540  -52.70418     -0.772    1497.43   1015.000   1004.374     3.8986     3.9028     0.0041     3.8230     3.8271     0.0041   3.224523   3.225331   0.000790    34.2036    34.2086     5.4651    27.1706    27.1742    237.616  317.46903  318.28237    34.2067    27.1731    1481.87    1481.90     3.8228  1031.8532    34.3717 0.0000e+00
      32746 293.319750  -44.26540  -52.70418     -0.894    1497.43   1014.000   1003.387     3.9191     3.9225     0.0035     3.8434     3.8468     0.0034   3.226167   3.226809   0.000662    34.2032    34.2075     5.4679    27.1683    27.1713    237.739  317.31269  318.12311    34.2054    27.1700    1481.94    1481.96     3.8432  1031.8450    34.3704 0.0000e+00
      32769 293.319761  -44.26540  -52.70418     -0.992    1497.43   1013.000   1002.400     3.9233     3.9252     0.0019     3.8477     3.8495     0.0018   3.226417   3.226961   0.000547    34.2028    34.2074     5.4633    27.1675    27.1710    237.540  317.28155  318.09137    34.2046    27.1689    1481.94    1481.95     3.8475  1031.8392    34.3695 0.0000e+00
      32794 293.319773  -44.26540  -52.70420     -1.010    1497.43   1012.000   1001.413     3.9245     3.9263     0.0017     3.8490     3.8507     0.0017   3.226475   3.227002   0.000533    34.2030    34.2075     5.4615    27.1675    27.1710    237.460  317.27165  318.08129    34.2044    27.1687    1481.93    1481.94     3.8488  1031.8344    34.3694 0.0000e+00
      32820 293.319785  -44.26540  -52.70420     -0.942    1497.43   1011.000   1000.426     3.9253     3.9263     0.0010     3.8499     3.8508     0.0010   3.226484   3.226948   0.000468    34.2030    34.2075     5.4545    27.1675    27.1709    237.156  317.26560  318.07513    34.2043    27.1684    1481.91    1481.92     3.8496  1031.8296    34.3692 0.0000e+00
      32848 293.319799  -44.26540  -52.70420     -0.872    1497.43   1010.000    999.439     3.9257     3.9268     0.0011     3.8503     3.8514     0.0010   3.226464   3.226940   0.000482    34.2030    34.2076     5.4476    27.1674    27.1710    236.855  317.26240  318.07187    34.2041    27.1683    1481.90    1481.91     3.8501  1031.8248    34.3691 0.0000e+00
      32877 293.319813  -44.26540  -52.70420     -0.837    1497.43   1009.000    998.451     3.9257     3.9267     0.0010     3.8504     3.8513     0.0010   3.226397   3.226861   0.000468    34.2030    34.2075     5.4528    27.1674    27.1709    237.083  317.26295  318.07243    34.2039    27.1681    1481.88    1481.89     3.8501  1031.8201    34.3688 0.0000e+00
      32909 293.319828  -44.26540  -52.70420     -0.778    1497.43   1008.000    997.464     3.9245     3.9248     0.0002     3.8493     3.8495     0.0002   3.226199   3.226562   0.000366    34.2027    34.2068     5.4550    27.1672    27.1705    237.178  317.27243  318.08206    34.2032    27.1676    1481.86    1481.87     3.8491  1031.8152    34.3681 0.0000e+00
      32939 293.319843  -44.26540  -52.70420     -0.762    1497.43   1007.000    996.477     3.9229     3.9238     0.0009     3.8478     3.8486     0.0009   3.225952   3.226391   0.000443    34.2020    34.2064     5.4533    27.1669    27.1702    237.102  317.28653  318.09638    34.2025    27.1672    1481.84    1481.85     3.8476  1031.8102    34.3674 0.0000e+00
      32966 293.319856  -44.26540  -52.70420     -0.859    1497.43   1006.000    995.489     3.9220     3.9230     0.0010     3.8470     3.8479     0.0010   3.225796   3.226262   0.000468    34.2018    34.2062     5.4600    27.1667    27.1702    237.396  317.29402  318.10398    34.2021    27.1670    1481.82    1481.82     3.8468  1031.8055    34.3670 0.0000e+00
      32988 293.319866  -44.26540  -52.70420     -0.991    1497.43   1005.000    994.503     3.9213     3.9224     0.0011     3.8463     3.8474     0.0011   3.225661   3.226140   0.000473    34.2014    34.2058     5.4645    27.1665    27.1699    237.589  317.30062  318.11068    34.2017    27.1668    1481.79    1481.81     3.8461  1031.8007    34.3667 0.0000e+00
      33008 293.319876  -44.26540  -52.70420     -1.119    1497.43   1004.000    993.516     3.9224     3.9239     0.0015     3.8475     3.8490     0.0015   3.225708   3.226242   0.000535    34.2013    34.2060     5.4673    27.1663    27.1699    237.713  317.29257  318.10247    34.2016    27.1666    1481.78    1481.80     3.8473  1031.7959    34.3666 0.0000e+00
      33029 293.319886  -44.26540  -52.70420     -1.167    1497.43   1003.000    992.529     3.9236     3.9258     0.0022     3.8488     3.8510     0.0021   3.225798   3.226373   0.000561    34.2014    34.2058     5.4705    27.1663    27.1695    237.852  317.28243  318.09216    34.2019    27.1667    1481.77    1481.79     3.8486  1031.7914    34.3669 0.0000e+00
      33053 293.319898  -44.26540  -52.70420     -1.087    1497.43   1002.000    991.541     3.9282     3.9315     0.0033     3.8534     3.8567     0.0033   3.226129   3.226769   0.000637    34.2009    34.2049     5.4734    27.1654    27.1683    237.977  317.24879  318.05785    34.2016    27.1660    1481.77    1481.79     3.8532  1031.7860    34.3665 0.0000e+00
      33080 293.319911  -44.26540  -52.70420     -0.942    1497.43   1001.000    990.554     3.9343     3.9365     0.0022     3.8595     3.8617     0.0022   3.226495   3.227053   0.000557    34.1994    34.2037     5.4751    27.1636    27.1668    238.051  317.20588  318.01404    34.2001    27.1642    1481.78    1481.80     3.8594  1031.7795    34.3651 0.0000e+00
      33106 293.319923  -44.26540  -52.70420     -0.899    1497.43   1000.000    989.567     3.9366     3.9396     0.0030     3.8620     3.8649     0.0029   3.226628   3.227244   0.000617    34.1990    34.2032     5.4779    27.1630    27.1661    238.175  317.18863  317.99643    34.1998    27.1636    1481.77    1481.79     3.8618  1031.7744    34.3647 0.0000e+00
      33131 293.319935  -44.26540  -52.70420     -0.945    1497.43    999.000    988.580     3.9417     3.9449     0.0032     3.8671     3.8702     0.0031   3.227021   3.227662   0.000662    34.1986    34.2031     5.4866    27.1622    27.1655    238.554  317.15073  317.95779    34.1996    27.1630    1481.78    1481.80     3.8669  1031.7691    34.3645 0.0000e+00
      33156 293.319947  -44.26540  -52.70420     -0.963    1497.43    998.000    987.592     3.9503     3.9515     0.0012     3.8757     3.8769     0.0012   3.227733   3.228262   0.000505    34.1982    34.2029     5.4955    27.1610    27.1646    238.939  317.08551  317.89134    34.1996    27.1621    1481.80    1481.81     3.8755  1031.7634    34.3645 0.0000e+00
      33185 293.319962  -44.26540  -52.70420     -0.871    1497.43    997.000    986.605     3.9571     3.9609     0.0038     3.8826     3.8863     0.0038   3.228221   3.228946   0.000721    34.1978    34.2024     5.4999    27.1600    27.1633    239.129  317.03435  317.83921    34.1988    27.1608    1481.81    1481.83     3.8823  1031.7573    34.3637 0.0000e+00
      33217 293.319977  -44.26540  -52.70420     -0.754    1497.43    996.000    985.618     3.9607     3.9627     0.0020     3.8862     3.8882     0.0020   3.228483   3.229040   0.000555    34.1978    34.2023     5.5149    27.1597    27.1630    239.784  317.00702  317.81137    34.1987    27.1604    1481.81    1481.82     3.8860  1031.7522    34.3636 0.0000e+00
      33244 293.319990  -44.26540  -52.70420     -0.836    1497.43    995.000    984.631     3.9623     3.9642     0.0018     3.8879     3.8897     0.0018   3.228550   3.229086   0.000545    34.1975    34.2020     5.5216    27.1592    27.1626    240.075  316.99534  317.79945    34.1984    27.1599    1481.80    1481.81     3.8877  1031.7472    34.3632 0.0000e+00
      33266 293.320000  -44.26540  -52.70420     -0.987    1497.43    994.000    983.644     3.9657     3.9683     0.0027     3.8913     3.8939     0.0027   3.228870   3.229532   0.000646    34.1977    34.2025     5.5236    27.1591    27.1626    240.160  316.96941  317.77305    34.1991    27.1602    1481.79    1481.81     3.8911  1031.7428    34.3640 0.0000e+00
      33287 293.320011  -44.26540  -52.70420     -1.098    1497.43    993.000    982.657     3.9749     3.9780     0.0032     3.9005     3.9036     0.0031   3.229684   3.230384   0.000684    34.1981    34.2029     5.5206    27.1584    27.1619    240.031  316.89812  317.70049    34.1997    27.1597    1481.82    1481.84     3.9003  1031.7375    34.3646 0.0000e+00
      33309 293.320021  -44.26540  -52.70420     -1.122    1497.43    992.000    981.669     3.9833     3.9850     0.0017     3.9090     3.9107     0.0017   3.230416   3.230918   0.000535    34.1985    34.2030     5.5178    27.1579    27.1613    239.911  316.83248  317.63366    34.2001    27.1592    1481.84    1481.85     3.9087  1031.7322    34.3650 0.0000e+00
      33332 293.320032  -44.26540  -52.70420     -1.086    1497.43    991.000    980.682     3.9894     3.9924     0.0030     3.9151     3.9181     0.0030   3.230969   3.231654   0.000667    34.1991    34.2038     5.5149    27.1577    27.1612    239.785  316.78437  317.58470    34.2008    27.1591    1481.85    1481.87     3.9149  1031.7274    34.3657 0.0000e+00
      33355 293.320043  -44.26540  -52.70420     -1.044    1497.43    990.000    979.695     3.9959     3.9991     0.0032     3.9216     3.9248     0.0032   3.231508   3.232174   0.000678    34.1994    34.2041     5.5128    27.1573    27.1607    239.692  316.73411  317.53354    34.2010    27.1586    1481.86    1481.88     3.9214  1031.7221    34.3658 0.0000e+00
      33378 293.320054  -44.26540  -52.70420     -1.047    1497.43    989.000    978.708     3.9991     4.0002     0.0011     3.9248     3.9259     0.0010   3.231714   3.232151   0.000451    34.1995    34.2037     5.5156    27.1571    27.1603    239.813  316.70931  317.50830    34.2005    27.1579    1481.85    1481.86     3.9247  1031.7168    34.3654 0.0000e+00
      33402 293.320066  -44.26540  -52.70420     -1.028    1497.43    988.000    977.720     3.9975     3.9980     0.0005     3.9233     3.9238     0.0005   3.231424   3.231811   0.000392    34.1986    34.2027     5.5119    27.1565    27.1597    239.653  316.72376  317.52294    34.1993    27.1571    1481.83    1481.84     3.9231  1031.7115    34.3642 0.0000e+00
      33428 293.320079  -44.26540  -52.70420     -0.946    1497.43    987.000    976.733     3.9957     3.9958     0.0001     3.9217     3.9218     0.0001   3.231181   3.231504   0.000337    34.1982    34.2021     5.5076    27.1563    27.1594    239.464  316.73807  317.53748    34.1988    27.1568    1481.80    1481.81     3.9215  1031.7067    34.3636 0.0000e+00
      33456 293.320092  -44.26540  -52.70420     -0.874    1497.43    986.000    975.746     3.9938     3.9939     0.0000     3.9199     3.9199    -0.0000   3.230888   3.231247   0.000338    34.1974    34.2014     5.5071    27.1559    27.1591    239.444  316.75448  317.55414    34.1978    27.1562    1481.78    1481.78     3.9197  1031.7016    34.3626 0.0000e+00
      33479 293.320103  -44.26540  -52.70420     -0.929    1497.43    985.000    974.758     3.9958     3.9988     0.0030     3.9219     3.9249     0.0029   3.230995   3.231661   0.000649    34.1965    34.2011     5.5057    27.1550    27.1584    239.386  316.74151  317.54086    34.1975    27.1558    1481.77    1481.79     3.9217  1031.6966    34.3623 0.0000e+00
      33500 293.320113  -44.26540  -52.70420     -1.073    1497.43    984.000    973.771     4.0024     4.0070     0.0046     3.9285     3.9331     0.0045   3.231517   3.232293   0.000777    34.1961    34.2005     5.5044    27.1539    27.1570    239.328  316.69235  317.49076    34.1973    27.1549    1481.78    1481.81     3.9284  1031.6910    34.3621 0.0000e+00
      33519 293.320123  -44.26540  -52.70420     -1.193    1497.43    983.000    972.784     4.0084     4.0116     0.0033     3.9346     3.9378     0.0033   3.231860   3.232463   0.000620    34.1946    34.1985     5.5111    27.1522    27.1550    239.619  316.65034  317.44786    34.1957    27.1530    1481.79    1481.81     3.9344  1031.6844    34.3605 0.0000e+00
      33539 293.320132  -44.26540  -52.70420     -1.224    1497.43    982.000    971.797     4.0135     4.0158     0.0024     3.9397     3.9420     0.0023   3.232210   3.232787   0.000585    34.1938    34.1982     5.5295    27.1510    27.1543    240.419  316.61321  317.40998    34.1951    27.1520    1481.79    1481.81     3.9395  1031.6787    34.3599 0.0000e+00
      33562 293.320143  -44.26540  -52.70420     -1.139    1497.43    981.000    970.809     4.0184     4.0199     0.0015     3.9447     3.9462     0.0015   3.232586   3.233131   0.000522    34.1937    34.1983     5.5439    27.1504    27.1539    241.046  316.57552  317.37159    34.1949    27.1513    1481.80    1481.81     3.9445  1031.6733    34.3597 0.0000e+00
      33588 293.320156  -44.26540  -52.70420     -0.979    1497.43    980.000    969.822     4.0224     4.0255     0.0032     3.9487     3.9518     0.0032   3.232859   3.233477   0.000624    34.1936    34.1976     5.5572    27.1499    27.1528    241.622  316.54575  317.34126    34.1945    27.1506    1481.80    1481.81     3.9485  1031.6680    34.3593 0.0000e+00
      33615 293.320169  -44.26540  -52.70420     -0.899    1497.43    979.000    968.835     4.0229     4.0247     0.0017     3.9494     3.9511     0.0017   3.232776   3.233298   0.000526    34.1928    34.1972     5.5677    27.1492    27.1525    242.083  316.54334  317.33875    34.1935    27.1497    1481.78    1481.79     3.9491  1031.6625    34.3582 0.0000e+00
      33640 293.320181  -44.26540  -52.70420     -0.919    1497.43    978.000    967.847     4.0233     4.0251     0.0018     3.9498     3.9516     0.0018   3.232714   3.233248   0.000527    34.1922    34.1965     5.5741    27.1487    27.1519    242.360  316.54204  317.33738    34.1929    27.1492    1481.76    1481.78     3.9496  1031.6574    34.3576 0.0000e+00
