Pos-Processados/process_op38/Processamento_split/up/uoperantar38_012.cnv
* Sea-Bird SBE 9 Data File:
* FileName = D:\OPERANTAR_XXXVIII\DADOS\OP38_012.hdr
* Software Version Seasave V 7.18c
* Temperature SN = 4808
* Conductivity SN = 3380
* Number of Bytes Per Scan = 31
* Number of Voltage Words = 2
* Number of Scans Averaged by the Deck Unit = 1
* NMEA Latitude = 43 26.50 S
* NMEA Longitude = 053 36.73 W
* NMEA UTC (Time) = Oct 20 2019 19:38:05
** H41
** NAVIO POLAR ALMIRANTE MAXIMIANO
** CRUZEIRO:
** OPERANTAR XXXVIII
** ESTAÇÃO: OP38_012
** LAT 43 26,49' S
** LONG 053 36,73'  W
** 09P73767-1155
** PROFUNDIDADE: 5647
** DATA/HORA: 201939Z/OUT/2019
** OPERADOR: SO-HN CHAVES
# nquan = 33
# nvalues = 1057                        
# units = specified
# name 0 = scan: Scan Count
# name 1 = timeJ: Julian Days
# name 2 = latitude: Latitude [deg]
# name 3 = longitude: Longitude [deg]
# name 4 = dz/dtM: Descent Rate [m/s]
# name 5 = avgsvCM: Average Sound Velocity [Chen-Millero, m/s]
# name 6 = prDM: Pressure, Digiquartz [db]
# name 7 = depSM: Depth [salt water, m]
# name 8 = t090C: Temperature [ITS-90, deg C]
# name 9 = t190C: Temperature, 2 [ITS-90, deg C]
# name 10 = T2-T190C: Temperature Difference, 2 - 1 [ITS-90, deg C]
# name 11 = potemp090C: Potential Temperature [ITS-90, deg C]
# name 12 = potemp190C: Potential Temperature, 2 [ITS-90, deg C]
# name 13 = potemp90Cdiff: Potential Temperature, Diff, 2 - 1 [ITS-90, deg C]
# name 14 = c0S/m: Conductivity [S/m]
# name 15 = c1S/m: Conductivity, 2 [S/m]
# name 16 = C2-C1S/m: Conductivity Difference, 2 - 1 [S/m]
# name 17 = sal00: Salinity, Practical [PSU]
# name 18 = sal11: Salinity, Practical, 2 [PSU]
# name 19 = sbeox0ML/L: Oxygen, SBE 43 [ml/l]
# name 20 = sigma-é00: Density [sigma-theta, kg/m^3]
# name 21 = sigma-é11: Density, 2 [sigma-theta, kg/m^3]
# name 22 = sbox0Mm/Kg: Oxygen, SBE 43 [umol/kg]
# name 23 = oxsolMm/Kg: Oxygen Saturation, Garcia & Gordon [umol/kg]
# name 24 = oxsatMm/Kg: Oxygen Saturation, Weiss [umol/kg]
# name 25 = sal00: Salinity, Practical [PSU]
# name 26 = sigma-é00: Density [sigma-theta, kg/m^3]
# name 27 = svCM: Sound Velocity [Chen-Millero, m/s]
# name 28 = svCM1: Sound Velocity, 2 [Chen-Millero, m/s]
# name 29 = gsw_ptA0: potential temperature [ITS-90, deg C]
# name 30 = gsw_densityA0: density, TEOS-10 [density, kg/m^3]
# name 31 = gsw_saA0: Absolute Salinity [g/kg]
# name 32 = flag:
# span 0 =      30916,      65058       
# span 1 = 293.833022, 293.849488       
# span 2 =  -43.44176,  -43.44172       
# span 3 =  -53.61230,  -53.61224       
# span 4 =     -1.559,     -0.191       
# span 5 =    1476.15,    1476.15       
# span 6 =      2.000,   1058.000       
# span 7 =      1.980,   1046.889       
# span 8 =     3.0362,     9.7607       
# span 9 =     3.0362,     9.7621       
# span 10 =    -0.0496,     0.0298      
# span 11 =     2.9639,     9.7603      
# span 12 =     2.9639,     9.7617      
# span 13 =    -0.0494,     0.0296      
# span 14 =   3.154769,   3.701112      
# span 15 =   3.155237,   3.701819      
# span 16 =  -0.003910,   0.003386      
# span 17 =    34.0765,    34.3153      
# span 18 =    34.0825,    34.3207      
# span 19 =     4.6266,     6.7672      
# span 20 =    26.3063,    27.3304      
# span 21 =    26.3107,    27.3347      
# span 22 =    201.128,    294.462      
# span 23 =  277.78392,  323.97507      
# span 24 =  277.93938,  324.91942      
# span 25 =    34.0738,    34.3172      
# span 26 =    26.3064,    27.3328      
# span 27 =    1472.74,    1487.97      
# span 28 =    1472.75,    1487.98      
# span 29 =     2.9638,     9.7603      
# span 30 =  1026.3254,  1032.2297      
# span 31 =    34.2349,    34.4829      
# span 32 = 0.0000e+00, 0.0000e+00      
# interval = decibars: 1                
# start_time = Oct 20 2019 19:38:05 [NMEA time, header]
# bad_flag = -9.990e-29
*END*
[from data line 352]
      40092 293.837447  -43.44174  -53.61228     -0.922    1476.15    706.000    699.179     3.6079     3.6072    -0.0006     3.5586     3.5580    -0.0006   3.181835   3.182261   0.000437    34.1588    34.1646     5.8033    27.1611    27.1658    252.322  319.82402  320.67775    34.1601    27.1622    1475.48    1475.48     3.5585  1030.4339    34.3235 0.0000e+00
      40114 293.837458  -43.44174  -53.61228     -1.039    1476.15    705.000    698.190     3.6152     3.6134    -0.0018     3.5660     3.5642    -0.0018   3.182505   3.182845   0.000348    34.1592    34.1652     5.7928    27.1607    27.1657    251.867  319.76580  320.61848    34.1609    27.1621    1475.50    1475.49     3.5659  1030.4292    34.3244 0.0000e+00
      40138 293.837470  -43.44174  -53.61228     -1.040    1476.15    704.000    697.202     3.6235     3.6230    -0.0006     3.5743     3.5738    -0.0006   3.183246   3.183698   0.000445    34.1598    34.1657     5.7937    27.1604    27.1652    251.906  319.69963  320.55111    34.1616    27.1618    1475.51    1475.52     3.5742  1030.4241    34.3250 0.0000e+00
      40165 293.837483  -43.44172  -53.61228     -0.938    1476.15    703.000    696.213     3.6335     3.6323    -0.0012     3.5843     3.5831    -0.0012   3.184162   3.184534   0.000377    34.1607    34.1665     5.7978    27.1601    27.1648    252.085  319.61989  320.46995    34.1626    27.1617    1475.54    1475.54     3.5842  1030.4192    34.3260 0.0000e+00
      40190 293.837495  -43.44173  -53.61228     -0.917    1476.15    702.000    695.224     3.6408     3.6393    -0.0015     3.5917     3.5901    -0.0015   3.184790   3.185167   0.000369    34.1613    34.1673     5.7953    27.1599    27.1648    251.976  319.56188  320.41089    34.1630    27.1613    1475.56    1475.56     3.5915  1030.4140    34.3264 0.0000e+00
      40211 293.837505  -43.44174  -53.61228     -1.024    1476.15    701.000    694.235     3.6457     3.6448    -0.0009     3.5966     3.5957    -0.0009   3.185216   3.185633   0.000428    34.1617    34.1677     5.7927    27.1598    27.1646    251.862  319.52283  320.37115    34.1635    27.1612    1475.56    1475.56     3.5965  1030.4092    34.3269 0.0000e+00
      40231 293.837514  -43.44174  -53.61228     -1.155    1476.15    700.000    693.247     3.6518     3.6496    -0.0023     3.6028     3.6005    -0.0023   3.185753   3.186058   0.000298    34.1622    34.1682     5.7890    27.1595    27.1645    251.701  319.47399  320.32144    34.1641    27.1610    1475.57    1475.57     3.6026  1030.4044    34.3275 0.0000e+00
      40252 293.837525  -43.44174  -53.61228     -1.196    1476.15    699.000    692.258     3.6499     3.6514     0.0015     3.6009     3.6024     0.0014   3.185265   3.185989   0.000691    34.1604    34.1671     5.7847    27.1583    27.1635    251.516  319.49331  320.34097    34.1608    27.1586    1475.54    1475.56     3.6008  1030.3974    34.3241 0.0000e+00
      40279 293.837538  -43.44172  -53.61228     -1.008    1476.15    698.000    691.269     3.6438     3.6446     0.0008     3.5949     3.5957     0.0008   3.184600   3.185180   0.000584    34.1593    34.1655     5.7743    27.1580    27.1628    251.062  319.54358  320.39210    34.1597    27.1583    1475.50    1475.51     3.5948  1030.3927    34.3231 0.0000e+00
      40315 293.837555  -43.44172  -53.61228     -0.683    1476.15    697.000    690.280     3.6392     3.6395     0.0003     3.5904     3.5907     0.0003   3.183996   3.184566   0.000557    34.1581    34.1644     5.7783    27.1574    27.1625    251.234  319.58243  320.43158    34.1578    27.1573    1475.46    1475.47     3.5903  1030.3871    34.3212 0.0000e+00
      40344 293.837569  -43.44172  -53.61228     -0.749    1476.15    696.000    689.292     3.6273     3.6290     0.0017     3.5787     3.5804     0.0017   3.182691   3.183426   0.000713    34.1562    34.1628     5.8006    27.1571    27.1622    252.206  319.67946  320.53028    34.1553    27.1564    1475.39    1475.41     3.5785  1030.3818    34.3186 0.0000e+00
      40369 293.837581  -43.44174  -53.61228     -0.903    1476.15    695.000    688.303     3.6151     3.6175     0.0025     3.5666     3.5690     0.0024   3.181445   3.182128   0.000729    34.1544    34.1605     5.8083    27.1568    27.1615    252.542  319.77872  320.63126    34.1536    27.1562    1475.32    1475.34     3.5665  1030.3773    34.3170 0.0000e+00
      40392 293.837592  -43.44174  -53.61228     -1.009    1476.15    694.000    687.314     3.6119     3.6124     0.0004     3.5635     3.5640     0.0004   3.181046   3.181620   0.000569    34.1534    34.1597     5.8120    27.1563    27.1613    252.701  319.80560  320.65856    34.1527    27.1558    1475.29    1475.30     3.5634  1030.3723    34.3160 0.0000e+00
      40414 293.837603  -43.44174  -53.61228     -1.076    1476.15    693.000    686.325     3.6123     3.6118    -0.0005     3.5640     3.5635    -0.0005   3.181007   3.181449   0.000457    34.1525    34.1585     5.8232    27.1556    27.1604    253.189  319.80499  320.65787    34.1524    27.1555    1475.27    1475.28     3.5639  1030.3674    34.3157 0.0000e+00
      40435 293.837613  -43.44174  -53.61228     -1.121    1476.15    692.000    685.337     3.6173     3.6153    -0.0019     3.5690     3.5670    -0.0019   3.181348   3.181700   0.000356    34.1516    34.1579     5.8439    27.1544    27.1596    254.091  319.76850  320.62063    34.1517    27.1545    1475.28    1475.28     3.5689  1030.3618    34.3151 0.0000e+00
      40456 293.837623  -43.44174  -53.61228     -1.145    1476.15    691.000    684.348     3.6175     3.6171    -0.0004     3.5694     3.5689    -0.0004   3.181248   3.181749   0.000482    34.1513    34.1574     5.8631    27.1541    27.1590    254.926  319.76724  320.61931    34.1508    27.1537    1475.26    1475.27     3.5692  1030.3564    34.3141 0.0000e+00
      40477 293.837633  -43.44174  -53.61228     -1.137    1476.15    690.000    683.359     3.6195     3.6174    -0.0021     3.5714     3.5693    -0.0021   3.181523   3.181784   0.000294    34.1518    34.1575     5.8684    27.1543    27.1590    255.153  319.75046  320.60226    34.1525    27.1549    1475.26    1475.25     3.5713  1030.3529    34.3158 0.0000e+00
      40499 293.837644  -43.44174  -53.61228     -1.110    1476.15    689.000    682.370     3.6303     3.6275    -0.0028     3.5822     3.5794    -0.0028   3.182420   3.182691   0.000271    34.1514    34.1576     5.8652    27.1530    27.1581    255.015  319.66768  320.51791    34.1525    27.1538    1475.28    1475.28     3.5821  1030.3471    34.3158 0.0000e+00
      40523 293.837655  -43.44174  -53.61228     -1.045    1476.15    688.000    681.382     3.6366     3.6355    -0.0011     3.5885     3.5874    -0.0011   3.182883   3.183309   0.000417    34.1513    34.1574     5.8716    27.1522    27.1572    255.296  319.61889  320.46819    34.1520    27.1528    1475.29    1475.30     3.5884  1030.3413    34.3153 0.0000e+00
      40549 293.837668  -43.44172  -53.61228     -0.970    1476.15    687.000    680.393     3.6427     3.6419    -0.0008     3.5947     3.5939    -0.0008   3.183451   3.183871   0.000430    34.1516    34.1575     5.8788    27.1518    27.1567    255.606  319.57100  320.41942    34.1529    27.1529    1475.31    1475.31     3.5946  1030.3367    34.3162 0.0000e+00
      40576 293.837681  -43.44172  -53.61228     -0.910    1476.15    686.000    679.405     3.6553     3.6538    -0.0015     3.6073     3.6058    -0.0015   3.184467   3.184846   0.000367    34.1510    34.1570     5.8764    27.1502    27.1551    255.503  319.47440  320.32097    34.1524    27.1513    1475.34    1475.34     3.6072  1030.3302    34.3157 0.0000e+00
      40603 293.837694  -43.44172  -53.61228     -0.872    1476.15    685.000    678.416     3.6617     3.6617     0.0000     3.6138     3.6138     0.0000   3.184932   3.185423   0.000493    34.1506    34.1564     5.8717    27.1492    27.1538    255.300  319.42558  320.27120    34.1517    27.1501    1475.35    1475.36     3.6136  1030.3244    34.3150 0.0000e+00
      40630 293.837707  -43.44172  -53.61228     -0.883    1476.15    684.000    677.427     3.6653     3.6645    -0.0007     3.6173     3.6166    -0.0007   3.185193   3.185626   0.000436    34.1506    34.1566     5.8739    27.1489    27.1537    255.394  319.39806  320.24317    34.1517    27.1497    1475.35    1475.35     3.6172  1030.3193    34.3150 0.0000e+00
      40653 293.837718  -43.44172  -53.61228     -0.962    1476.15    683.000    676.438     3.6708     3.6703    -0.0005     3.6229     3.6224    -0.0005   3.185733   3.186170   0.000452    34.1512    34.1571     5.8729    27.1488    27.1535    255.351  319.35403  320.19836    34.1529    27.1502    1475.36    1475.36     3.6228  1030.3150    34.3162 0.0000e+00
      40674 293.837728  -43.44173  -53.61228     -1.070    1476.15    682.000    675.449     3.6780     3.6759    -0.0021     3.6301     3.6281    -0.0021   3.186327   3.186671   0.000325    34.1515    34.1575     5.8726    27.1483    27.1533    255.338  319.29721  320.14051    34.1530    27.1495    1475.37    1475.37     3.6301  1030.3096    34.3162 0.0000e+00
      40695 293.837738  -43.44174  -53.61228     -1.153    1476.15    681.000    674.461     3.6827     3.6830     0.0003     3.6349     3.6352     0.0002   3.186753   3.187295   0.000537    34.1520    34.1581     5.8792    27.1482    27.1530    255.624  319.25939  320.10202    34.1536    27.1495    1475.37    1475.38     3.6348  1030.3050    34.3169 0.0000e+00
      40718 293.837749  -43.44173  -53.61228     -1.122    1476.15    680.000    673.471     3.6920     3.6902    -0.0018     3.6442     3.6424    -0.0018   3.187655   3.187944   0.000319    34.1531    34.1587     5.8820    27.1482    27.1529    255.746  319.18503  320.02636    34.1552    27.1499    1475.40    1475.40     3.6441  1030.3006    34.3185 0.0000e+00
      40745 293.837762  -43.44172  -53.61228     -0.952    1476.15    679.000    672.483     3.7019     3.7005    -0.0014     3.6542     3.6528    -0.0014   3.188467   3.188860   0.000374    34.1535    34.1594     5.8813    27.1476    27.1524    255.715  319.10674  319.94664    34.1550    27.1488    1475.43    1475.43     3.6541  1030.2947    34.3183 0.0000e+00
      40771 293.837775  -43.44172  -53.61228     -0.874    1476.15    678.000    671.494     3.7051     3.7044    -0.0007     3.6574     3.6567    -0.0007   3.188699   3.189138   0.000440    34.1536    34.1596     5.8711    27.1473    27.1522    255.272  319.08202  319.92147    34.1551    27.1485    1475.42    1475.43     3.6573  1030.2897    34.3183 0.0000e+00
      40795 293.837786  -43.44172  -53.61228     -0.959    1476.15    677.000    670.505     3.7094     3.7085    -0.0009     3.6618     3.6609    -0.0009   3.189088   3.189507   0.000417    34.1540    34.1599     5.8583    27.1472    27.1520    254.715  319.04749  319.88632    34.1557    27.1485    1475.43    1475.43     3.6617  1030.2851    34.3189 0.0000e+00
      40817 293.837797  -43.44172  -53.61228     -1.060    1476.15    676.000    669.516     3.7129     3.7120    -0.0009     3.6654     3.6644    -0.0009   3.189339   3.189735   0.000410    34.1543    34.1601     5.8567    27.1471    27.1518    254.647  319.01988  319.85822    34.1555    27.1481    1475.42    1475.43     3.6652  1030.2800    34.3188 0.0000e+00
      40840 293.837808  -43.44172  -53.61228     -1.074    1476.15    675.000    668.528     3.7143     3.7138    -0.0005     3.6668     3.6663    -0.0005   3.189417   3.189894   0.000458    34.1545    34.1604     5.8606    27.1471    27.1518    254.817  319.00911  319.84726    34.1556    27.1480    1475.41    1475.42     3.6667  1030.2753    34.3188 0.0000e+00
      40866 293.837821  -43.44172  -53.61228     -0.962    1476.15    674.000    667.539     3.7179     3.7176    -0.0002     3.6704     3.6702    -0.0002   3.189732   3.190205   0.000477    34.1548    34.1607     5.8581    27.1470    27.1517    254.706  318.98031  319.81795    34.1561    27.1480    1475.41    1475.42     3.6703  1030.2706    34.3194 0.0000e+00
      40894 293.837834  -43.44172  -53.61228     -0.874    1476.15    673.000    666.550     3.7230     3.7222    -0.0008     3.6756     3.6748    -0.0008   3.190198   3.190612   0.000416    34.1552    34.1610     5.8554    27.1468    27.1515    254.591  318.93987  319.77679    34.1568    27.1481    1475.42    1475.42     3.6755  1030.2660    34.3201 0.0000e+00
      40918 293.837846  -43.44172  -53.61228     -0.938    1476.15    672.000    665.562     3.7321     3.7310    -0.0011     3.6847     3.6836    -0.0011   3.190953   3.191349   0.000403    34.1552    34.1612     5.8544    27.1459    27.1508    254.546  318.86922  319.70482    34.1568    27.1472    1475.44    1475.44     3.6846  1030.2604    34.3201 0.0000e+00
      40941 293.837857  -43.44172  -53.61228     -1.019    1476.15    671.000    664.572     3.7369     3.7364    -0.0005     3.6896     3.6891    -0.0005   3.191323   3.191785   0.000456    34.1553    34.1613     5.8577    27.1455    27.1503    254.691  318.83172  319.66663    34.1567    27.1466    1475.44    1475.45     3.6895  1030.2551    34.3200 0.0000e+00
      40969 293.837870  -43.44172  -53.61228     -0.936    1476.15    670.000    663.584     3.7411     3.7408    -0.0004     3.6938     3.6935    -0.0004   3.191662   3.192133   0.000467    34.1555    34.1614     5.8542    27.1452    27.1500    254.541  318.79879  319.63310    34.1569    27.1463    1475.44    1475.45     3.6937  1030.2502    34.3201 0.0000e+00
      41000 293.837885  -43.44172  -53.61228     -0.795    1476.15    669.000    662.595     3.7508     3.7492    -0.0016     3.7035     3.7020    -0.0016   3.192548   3.192874   0.000341    34.1560    34.1617     5.8507    27.1447    27.1494    254.387  318.72277  319.55571    34.1579    27.1462    1475.47    1475.47     3.7034  1030.2452    34.3211 0.0000e+00
      41029 293.837899  -43.44172  -53.61228     -0.797    1476.15    668.000    661.606     3.7598     3.7585    -0.0012     3.7125     3.7113    -0.0012   3.193254   3.193675   0.000405    34.1559    34.1620     5.8516    27.1437    27.1487    254.425  318.65378  319.48542    34.1575    27.1449    1475.49    1475.49     3.7125  1030.2392    34.3207 0.0000e+00
      41054 293.837912  -43.44172  -53.61228     -0.898    1476.15    667.000    660.617     3.7627     3.7626    -0.0001     3.7156     3.7154    -0.0001   3.193476   3.193971   0.000496    34.1560    34.1620     5.8567    27.1435    27.1483    254.649  318.63039  319.46161    34.1575    27.1447    1475.49    1475.49     3.7155  1030.2343    34.3207 0.0000e+00
      41081 293.837925  -43.44172  -53.61228     -0.914    1476.15    666.000    659.628     3.7719     3.7712    -0.0006     3.7248     3.7241    -0.0006   3.194310   3.194759   0.000453    34.1561    34.1621     5.8535    27.1426    27.1475    254.510  318.55968  319.38958    34.1584    27.1445    1475.51    1475.52     3.7247  1030.2293    34.3217 0.0000e+00
      41109 293.837938  -43.44172  -53.61228     -0.859    1476.15    665.000    658.640     3.7933     3.7912    -0.0020     3.7461     3.7441    -0.0020   3.196154   3.196513   0.000331    34.1560    34.1620     5.8480    27.1404    27.1454    254.269  318.39492  319.22175    34.1586    27.1425    1475.58    1475.58     3.7460  1030.2224    34.3218 0.0000e+00
      41135 293.837950  -43.44172  -53.61228     -0.898    1476.15    664.000    657.651     3.8012     3.8023     0.0010     3.7541     3.7551     0.0010   3.196658   3.197238   0.000603    34.1548    34.1609     5.8503    27.1387    27.1434    254.369  318.33620  319.16185    34.1568    27.1403    1475.60    1475.61     3.7540  1030.2154    34.3200 0.0000e+00
