Pos-Processados/process_op38/Processamento_split/up/uoperantar38_007.cnv
* Sea-Bird SBE 9 Data File:
* FileName = D:\OPERANTAR_XXXVIII\DADOS\OP38_007.hdr
* Software Version Seasave V 7.18c
* Temperature SN = 4808
* Conductivity SN = 3380
* Number of Bytes Per Scan = 31
* Number of Voltage Words = 2
* Number of Scans Averaged by the Deck Unit = 1
* NMEA Latitude = 44 52.70 S
* NMEA Longitude = 051 46.25 W
* NMEA UTC (Time) = Oct 19 2019 21:28:45
** H41
** NAVIO POLAR ALMIRANTE MAXIMIANO
** CRUZEIRO:
** OPERANTAR XXXVIII
** ESTAÇÃO: OP38_007
** LAT 44 52,70' S
** LONG 051 46,27' W
** 09P73767-1155
** PROFUNDIDADE: 5881
** DATA/HORA: 192130Z/OUT/2019
** OPERADOR: SO-HN CHAVES
# nquan = 30
# nvalues = 1069                        
# units = specified
# name 0 = scan: Scan Count
# name 1 = timeJ: Julian Days
# name 2 = latitude: Latitude [deg]
# name 3 = longitude: Longitude [deg]
# name 4 = dz/dtM: Descent Rate [m/s]
# name 5 = avgsvCM: Average Sound Velocity [Chen-Millero, m/s]
# name 6 = prDM: Pressure, Digiquartz [db]
# name 7 = depSM: Depth [salt water, m]
# name 8 = t090C: Temperature [ITS-90, deg C]
# name 9 = t190C: Temperature, 2 [ITS-90, deg C]
# name 10 = T2-T190C: Temperature Difference, 2 - 1 [ITS-90, deg C]
# name 11 = potemp090C: Potential Temperature [ITS-90, deg C]
# name 12 = potemp190C: Potential Temperature, 2 [ITS-90, deg C]
# name 13 = potemp90Cdiff: Potential Temperature, Diff, 2 - 1 [ITS-90, deg C]
# name 14 = c0S/m: Conductivity [S/m]
# name 15 = c1S/m: Conductivity, 2 [S/m]
# name 16 = C2-C1S/m: Conductivity Difference, 2 - 1 [S/m]
# name 17 = sal00: Salinity, Practical [PSU]
# name 18 = sal11: Salinity, Practical, 2 [PSU]
# name 19 = sbeox0ML/L: Oxygen, SBE 43 [ml/l]
# name 20 = sigma-é00: Density [sigma-theta, kg/m^3]
# name 21 = sigma-é11: Density, 2 [sigma-theta, kg/m^3]
# name 22 = sal00: Salinity, Practical [PSU]
# name 23 = sigma-é00: Density [sigma-theta, kg/m^3]
# name 24 = svCM: Sound Velocity [Chen-Millero, m/s]
# name 25 = svCM1: Sound Velocity, 2 [Chen-Millero, m/s]
# name 26 = gsw_ptA0: potential temperature [ITS-90, deg C]
# name 27 = gsw_densityA0: density, TEOS-10 [density, kg/m^3]
# name 28 = gsw_saA0: Absolute Salinity [g/kg]
# name 29 = flag:
# span 0 =      32178,      69557       
# span 1 = 292.910483, 292.928509       
# span 2 =  -44.87836,  -44.87832       
# span 3 =  -51.77096,  -51.77092       
# span 4 =     -1.749,     -0.095       
# span 5 =    1474.80,    1474.80       
# span 6 =      3.000,   1071.000       
# span 7 =      2.987,   1059.589       
# span 8 =     2.7695,     9.7519       
# span 9 =     2.7703,     9.7533       
# span 10 =    -0.1467,     0.0490      
# span 11 =     2.7060,     9.7514      
# span 12 =     2.7067,     9.7523      
# span 13 =    -0.1466,     0.0487      
# span 14 =   3.131096,   3.750973      
# span 15 =   3.131612,   3.751782      
# span 16 =  -0.014045,   0.005064      
# span 17 =    34.0975,    34.6405      
# span 18 =    34.1035,    34.6467      
# span 19 =     4.0736,     6.5747      
# span 20 =    26.7125,    27.4700      
# span 21 =    26.7169,    27.4742      
# span 22 =    34.0983,    34.6428      
# span 23 =    26.7135,    27.4700      
# span 24 =    1471.04,    1488.67      
# span 25 =    1471.06,    1488.66      
# span 26 =     2.7059,     9.7514      
# span 27 =  1026.7299,  1032.4322      
# span 28 =    34.2597,    34.8064      
# span 29 = 0.0000e+00, 0.0000e+00      
# interval = decibars: 1                
# start_time = Oct 19 2019 21:28:45 [NMEA time, header]
# bad_flag = -9.990e-29
*END*
[from data line 726]
      49814 292.918988  -44.87834  -51.77094     -0.973    1474.80    345.000    341.918     4.2421     4.2436     0.0014     4.2173     4.2187     0.0014   3.221232   3.221917   0.000676    34.1556    34.1622     5.9721    27.0919    27.0969    34.1555    27.0918    1472.19    1472.21     4.2172  1028.6912    34.3175 0.0000e+00
      49840 292.919000  -44.87834  -51.77094     -0.872    1474.80    344.000    340.928     4.2432     4.2420    -0.0012     4.2185     4.2172    -0.0012   3.221274   3.221734   0.000434    34.1552    34.1616     5.9867    27.0914    27.0966    34.1554    27.0916    1472.18    1472.18     4.2184  1028.6864    34.3174 0.0000e+00
      49863 292.919011  -44.87834  -51.77094     -0.983    1474.80    343.000    339.937     4.2472     4.2511     0.0039     4.2224     4.2264     0.0039   3.221674   3.222564   0.000886    34.1556    34.1619     6.0072    27.0913    27.0959    34.1566    27.0921    1472.18    1472.21     4.2224  1028.6822    34.3185 0.0000e+00
      49883 292.919021  -44.87834  -51.77094     -1.114    1474.80    342.000    338.947     4.2529     4.2542     0.0013     4.2283     4.2296     0.0013   3.222111   3.222708   0.000609    34.1556    34.1614     6.0246    27.0907    27.0952    34.1562    27.0912    1472.19    1472.20     4.2282  1028.6767    34.3182 0.0000e+00
      49903 292.919031  -44.87834  -51.77094     -1.202    1474.80    341.000    337.957     4.2542     4.2545     0.0004     4.2296     4.2299     0.0004   3.222146   3.222686   0.000534    34.1556    34.1615     6.0303    27.0906    27.0952    34.1559    27.0908    1472.18    1472.18     4.2295  1028.6717    34.3179 0.0000e+00
      49924 292.919041  -44.87834  -51.77094     -1.181    1474.80    340.000    336.966     4.2541     4.2546     0.0005     4.2296     4.2301     0.0005   3.222096   3.222656   0.000558    34.1557    34.1617     6.0283    27.0906    27.0953    34.1559    27.0908    1472.16    1472.17     4.2295  1028.6671    34.3179 0.0000e+00
      49948 292.919052  -44.87834  -51.77094     -1.059    1474.80    339.000    335.976     4.2540     4.2535    -0.0005     4.2296     4.2291    -0.0005   3.221999   3.222476   0.000467    34.1554    34.1614     6.0196    27.0904    27.0952    34.1554    27.0904    1472.14    1472.15     4.2295  1028.6620    34.3173 0.0000e+00
      49974 292.919065  -44.87834  -51.77094     -0.961    1474.80    338.000    334.986     4.2504     4.2511     0.0007     4.2261     4.2267     0.0007   3.221531   3.222141   0.000617    34.1543    34.1608     6.0131    27.0899    27.0950    34.1541    27.0898    1472.11    1472.12     4.2260  1028.6568    34.3161 0.0000e+00
      49998 292.919076  -44.87834  -51.77094     -0.962    1474.80    337.000    333.996     4.2475     4.2466    -0.0009     4.2233     4.2224    -0.0009   3.221141   3.221533   0.000425    34.1534    34.1594     6.0126    27.0895    27.0943    34.1531    27.0892    1472.08    1472.08     4.2232  1028.6516    34.3150 0.0000e+00
      50022 292.919088  -44.87834  -51.77094     -1.000    1474.80    336.000    333.006     4.2386     4.2354    -0.0033     4.2144     4.2112    -0.0032   3.220038   3.220289   0.000227    34.1511    34.1572     6.0168    27.0886    27.0937    34.1498    27.0876    1472.02    1472.02     4.2144  1028.6455    34.3118 0.0000e+00
      50045 292.919099  -44.87834  -51.77096     -1.024    1474.80    335.000    332.015     4.2246     4.2220    -0.0026     4.2006     4.1980    -0.0026   3.218398   3.218709   0.000321    34.1478    34.1543     6.0297    27.0874    27.0928    34.1455    27.0856    1471.94    1471.94     4.2005  1028.6391    34.3074 0.0000e+00
      50067 292.919110  -44.87834  -51.77096     -1.050    1474.80    334.000    331.025     4.2120     4.2074    -0.0046     4.1881     4.1834    -0.0046   3.217056   3.217038   0.000028    34.1458    34.1510     6.0454    27.0871    27.0917    34.1433    27.0852    1471.87    1471.86     4.1880  1028.6341    34.3052 0.0000e+00
      50088 292.919120  -44.87834  -51.77095     -1.103    1474.80    333.000    330.035     4.1981     4.1940    -0.0042     4.1743     4.1701    -0.0042   3.215560   3.215693   0.000089    34.1429    34.1483     6.0549    27.0863    27.0910    34.1406    27.0844    1471.79    1471.78     4.1743  1028.6289    34.3025 0.0000e+00
      50107 292.919129  -44.87834  -51.77094     -1.179    1474.80    332.000    329.045     4.1928     4.1935     0.0006     4.1691     4.1697     0.0006   3.215028   3.215617   0.000564    34.1417    34.1478     6.0694    27.0859    27.0906    34.1404    27.0848    1471.75    1471.76     4.1690  1028.6247    34.3022 0.0000e+00
      50125 292.919138  -44.87834  -51.77094     -1.264    1474.80    331.000    328.054     4.1949     4.1977     0.0028     4.1712     4.1740     0.0028   3.215220   3.216010   0.000762    34.1416    34.1477     6.0905    27.0855    27.0901    34.1410    27.0851    1471.74    1471.77     4.1712  1028.6203    34.3029 0.0000e+00
      50144 292.919147  -44.87834  -51.77094     -1.319    1474.80    330.000    327.064     4.2020     4.2134     0.0114     4.1784     4.1897     0.0114   3.215885   3.217632   0.001575    34.1418    34.1485     6.1135    27.0850    27.0891    34.1420    27.0851    1471.76    1471.82     4.1783  1028.6157    34.3039 0.0000e+00
      50163 292.919156  -44.87834  -51.77094     -1.298    1474.80    329.000    326.073     4.2194     4.2279     0.0084     4.1959     4.2043     0.0084   3.217561   3.218674   0.001206    34.1429    34.1484     6.1423    27.0840    27.0875    34.1442    27.0850    1471.82    1471.86     4.1958  1028.6108    34.3061 0.0000e+00
      50186 292.919167  -44.87834  -51.77096     -1.155    1474.80    328.000    325.083     4.2288     4.2316     0.0028     4.2053     4.2081     0.0027   3.218211   3.218958   0.000752    34.1422    34.1481     6.1626    27.0824    27.0869    34.1426    27.0828    1471.84    1471.86     4.2052  1028.6039    34.3045 0.0000e+00
      50215 292.919181  -44.87834  -51.77096     -0.898    1474.80    327.000    324.093     4.2520     4.2364    -0.0156     4.2285     4.2129    -0.0156   3.220720   3.219553  -0.000974    34.1447    34.1494     6.1476    27.0820    27.0874    34.1487    27.0852    1471.93    1471.87     4.2284  1028.6014    34.3106 0.0000e+00
      50252 292.919199  -44.87834  -51.77096     -0.664    1474.80    326.000    323.102     4.3076     4.2822    -0.0253     4.2840     4.2587    -0.0253   3.225942   3.223921  -0.001941    34.1487    34.1521     6.1346    27.0793    27.0847    34.1531    27.0828    1472.15    1472.05     4.2839  1028.5940    34.3150 0.0000e+00
      50283 292.919214  -44.87834  -51.77096     -0.717    1474.80    325.000    322.112     4.3385     4.3160    -0.0225     4.3149     4.2925    -0.0224   3.228793   3.227374  -0.001545    34.1509    34.1561     6.1402    27.0778    27.0842    34.1551    27.0811    1472.26    1472.18     4.3148  1028.5874    34.3171 0.0000e+00
      50303 292.919224  -44.87834  -51.77096     -0.960    1474.80    324.000    321.122     4.3456     4.3558     0.0103     4.3221     4.3323     0.0102   3.229407   3.231221   0.001533    34.1516    34.1590     6.1240    27.0776    27.0824    34.1555    27.0807    1472.28    1472.33     4.3220  1028.5823    34.3175 0.0000e+00
      50319 292.919231  -44.87834  -51.77096     -1.214    1474.80    323.000    320.132     4.3605     4.3752     0.0147     4.3370     4.3517     0.0147   3.230918   3.232659   0.001836    34.1531    34.1595     6.1012    27.0772    27.0807    34.1583    27.0813    1472.32    1472.39     4.3369  1028.5782    34.3202 0.0000e+00
      50335 292.919239  -44.87834  -51.77096     -1.426    1474.80    322.000    319.141     4.3726     4.3777     0.0051     4.3491     4.3542     0.0051   3.231802   3.232772   0.000967    34.1530    34.1591     6.0843    27.0758    27.0801    34.1567    27.0788    1472.36    1472.38     4.3491  1028.5709    34.3187 0.0000e+00
      50350 292.919246  -44.87834  -51.77096     -1.551    1474.80    321.000    318.151     4.3807     4.3832     0.0026     4.3573     4.3598     0.0025   3.232481   3.233163   0.000704    34.1529    34.1585     6.0757    27.0748    27.0790    34.1568    27.0780    1472.37    1472.39     4.3572  1028.5654    34.3187 0.0000e+00
      50366 292.919254  -44.87834  -51.77096     -1.550    1474.80    320.000    317.160     4.3869     4.3879     0.0010     4.3636     4.3646     0.0010   3.232864   3.233506   0.000615    34.1522    34.1585     6.0727    27.0737    27.0785    34.1554    27.0762    1472.38    1472.39     4.3635  1028.5590    34.3174 0.0000e+00
      50386 292.919263  -44.87834  -51.77096     -1.411    1474.80    319.000    316.170     4.3894     4.3896     0.0002     4.3662     4.3663     0.0002   3.232966   3.233483   0.000522    34.1520    34.1579     6.0693    27.0731    27.0778    34.1545    27.0752    1472.37    1472.38     4.3661  1028.5534    34.3165 0.0000e+00
      50409 292.919275  -44.87834  -51.77096     -1.152    1474.80    318.000    315.180     4.3879     4.3879    -0.0001     4.3647     4.3646    -0.0001   3.232641   3.233175   0.000514    34.1509    34.1570     6.0648    27.0724    27.0773    34.1528    27.0740    1472.35    1472.36     4.3647  1028.5475    34.3147 0.0000e+00
      50436 292.919288  -44.87834  -51.77096     -0.936    1474.80    317.000    314.189     4.3828     4.3862     0.0034     4.3597     4.3631     0.0034   3.231956   3.232934   0.000931    34.1495    34.1569     6.0725    27.0719    27.0774    34.1506    27.0728    1472.31    1472.33     4.3596  1028.5418    34.3125 0.0000e+00
      50464 292.919301  -44.87834  -51.77096     -0.859    1474.80    316.000    313.199     4.3697     4.3742     0.0045     4.3467     4.3512     0.0045   3.230414   3.231411   0.001011    34.1467    34.1538     6.0878    27.0710    27.0762    34.1466    27.0710    1472.23    1472.26     4.3466  1028.5355    34.3085 0.0000e+00
      50493 292.919315  -44.87834  -51.77096     -0.847    1474.80    315.000    312.208     4.3598     4.3623     0.0026     4.3369     4.3394     0.0026   3.229357   3.230245   0.000836    34.1452    34.1524     6.1047    27.0709    27.0763    34.1449    27.0707    1472.17    1472.19     4.3368  1028.5307    34.3068 0.0000e+00
      50520 292.919328  -44.87834  -51.77096     -0.861    1474.80    314.000    311.218     4.3465     4.3559     0.0094     4.3237     4.3331     0.0094   3.227921   3.229516   0.001544    34.1429    34.1513     6.1213    27.0705    27.0761    34.1423    27.0700    1472.10    1472.15     4.3237  1028.5255    34.3041 0.0000e+00
      50546 292.919341  -44.87834  -51.77096     -0.908    1474.80    313.000    310.228     4.3405     4.3477     0.0072     4.3178     4.3250     0.0072   3.227315   3.228498   0.001241    34.1423    34.1495     6.1365    27.0706    27.0755    34.1419    27.0703    1472.06    1472.09     4.3178  1028.5212    34.3038 0.0000e+00
      50569 292.919352  -44.87834  -51.77096     -0.986    1474.80    312.000    309.237     4.3414     4.3435     0.0020     4.3188     4.3208     0.0020   3.227427   3.228166   0.000724    34.1424    34.1488     6.1529    27.0706    27.0755    34.1428    27.0710    1472.04    1472.06     4.3187  1028.5172    34.3047 0.0000e+00
      50589 292.919361  -44.87834  -51.77096     -1.103    1474.80    311.000    308.247     4.3498     4.3567     0.0068     4.3273     4.3341     0.0068   3.228278   3.229519   0.001167    34.1431    34.1497     6.1677    27.0703    27.0748    34.1447    27.0715    1472.07    1472.10     4.3272  1028.5131    34.3065 0.0000e+00
      50607 292.919370  -44.87834  -51.77096     -1.231    1474.80    310.000    307.256     4.3664     4.3919     0.0255     4.3439     4.3693     0.0255   3.230208   3.233239   0.002942    34.1455    34.1537     6.1786    27.0705    27.0741    34.1507    27.0745    1472.13    1472.24     4.3438  1028.5113    34.3126 0.0000e+00
      50623 292.919378  -44.87834  -51.77096     -1.342    1474.80    309.000    306.266     4.4026     4.4258     0.0231     4.3801     4.4031     0.0231   3.233420   3.236493   0.002836    34.1477    34.1570     6.1796    27.0683    27.0732    34.1515    27.0713    1472.26    1472.37     4.3800  1028.5032    34.3133 0.0000e+00
      50640 292.919386  -44.87834  -51.77096     -1.416    1474.80    308.000    305.276     4.4288     4.4684     0.0396     4.4062     4.4457     0.0395   3.236168   3.240832   0.004420    34.1510    34.1618     6.1780    27.0681    27.0724    34.1572    27.0730    1472.36    1472.54     4.4062  1028.5001    34.3191 0.0000e+00
      50658 292.919395  -44.87834  -51.77096     -1.409    1474.80    307.000    304.285     4.4707     4.4948     0.0241     4.4481     4.4721     0.0240   3.240284   3.242756   0.002678    34.1556    34.1620     6.1715    27.0672    27.0697    34.1626    27.0727    1472.52    1472.63     4.4481  1028.4949    34.3245 0.0000e+00
      50680 292.919406  -44.87835  -51.77096     -1.237    1474.80    306.000    303.295     4.4869     4.5247     0.0379     4.4644     4.5021     0.0378   3.241816   3.245826   0.003919    34.1585    34.1653     6.1554    27.0678    27.0690    34.1643    27.0724    1472.58    1472.74     4.4643  1028.4897    34.3262 0.0000e+00
      50716 292.919423  -44.87836  -51.77096     -0.755    1474.80    305.000    302.304     4.5670     4.5516    -0.0153     4.5443     4.5290    -0.0153   3.249540   3.248356  -0.000973    34.1645    34.1689     6.0917    27.0639    27.0690    34.1725    27.0702    1472.90    1472.84     4.5443  1028.4824    34.3345 0.0000e+00
      50757 292.919443 -9.990e-29  -51.77096     -0.546    1474.80    304.000    301.314     4.5820     4.5761    -0.0058     4.5594     4.5536    -0.0058   3.250433   3.250440  -0.000002    34.1639    34.1699     6.0548    27.0617    27.0672    34.1679    27.0649    1472.94    1472.92     4.5593  1028.4733    34.3311 0.0000e+00
      50780 292.919454 -9.990e-29  -51.77096     -0.825    1474.80    303.000    300.324     4.5802     4.5792    -0.0009     4.5577     4.5567    -0.0009   3.250250   3.250730   0.000459    34.1646    34.1709     6.0112    27.0624    27.0676    34.1681    27.0653    1472.92    1472.92     4.5576  1028.4690    34.3312 0.0000e+00
      50799 292.919463 -9.990e-29  -51.77096     -1.097    1474.80    302.000    299.333     4.5774     4.5808     0.0034     4.5549     4.5583     0.0034   3.249933   3.250811   0.000864    34.1646    34.1712     5.9902    27.0628    27.0676    34.1678    27.0653    1472.89    1472.91     4.5549  1028.4645    34.3309 0.0000e+00
      50817 292.919472 -9.990e-29  -51.77096     -1.273    1474.80    301.000    298.343     4.5795     4.5826     0.0031     4.5571     4.5602     0.0031   3.250116   3.250936   0.000815    34.1653    34.1715     5.9905    27.0631    27.0677    34.1683    27.0655    1472.88    1472.90     4.5571  1028.4600    34.3314 0.0000e+00
      50837 292.919481  -44.87834  -51.77096     -1.283    1474.80    300.000    297.352     4.5816     4.5847     0.0030     4.5593     4.5624     0.0030   3.250300   3.251080   0.000802    34.1657    34.1719     5.9973    27.0631    27.0677    34.1688    27.0656    1472.87    1472.89     4.5592  1028.4549    34.3311 0.0000e+00
      50861 292.919492  -44.87834  -51.77096     -1.133    1474.80    299.000    296.362     4.5872     4.5882     0.0010     4.5650     4.5660     0.0010   3.250844   3.251377   0.000609    34.1661    34.1721     6.0020    27.0628    27.0675    34.1699    27.0659    1472.88    1472.89     4.5649  1028.4502    34.3318 0.0000e+00
