Pos-Processados/process_op38/Processamento_split/up/uoperantar38_010.cnv
* Sea-Bird SBE 9 Data File:
* FileName = D:\OPERANTAR_XXXVIII\DADOS\OP38_010.hdr
* Software Version Seasave V 7.18c
* Temperature SN = 4808
* Conductivity SN = 3380
* Number of Bytes Per Scan = 31
* Number of Voltage Words = 2
* Number of Scans Averaged by the Deck Unit = 1
* NMEA Latitude = 43 58.12 S
* NMEA Longitude = 053 08.81 W
* NMEA UTC (Time) = Oct 20 2019 12:04:22
** H41
** NAVIO POLAR ALMIRANTE MAXIMIANO
** CRUZEIRO:
** OPERANTAR XXXVIII
** ESTAÇÃO: OP38_010
** LAT 43 58,10'S
** LONG 053 08,81'W
** 09P73767-1155
** PROFUNDIDADE: 5740
** DATA/HORA: 201205Z/OUT/19
** OPERADOR: SO-HN CHAVES
# nquan = 30
# nvalues = 1057                        
# units = specified
# name 0 = scan: Scan Count
# name 1 = timeJ: Julian Days
# name 2 = latitude: Latitude [deg]
# name 3 = longitude: Longitude [deg]
# name 4 = dz/dtM: Descent Rate [m/s]
# name 5 = avgsvCM: Average Sound Velocity [Chen-Millero, m/s]
# name 6 = prDM: Pressure, Digiquartz [db]
# name 7 = depSM: Depth [salt water, m]
# name 8 = t090C: Temperature [ITS-90, deg C]
# name 9 = t190C: Temperature, 2 [ITS-90, deg C]
# name 10 = T2-T190C: Temperature Difference, 2 - 1 [ITS-90, deg C]
# name 11 = potemp090C: Potential Temperature [ITS-90, deg C]
# name 12 = potemp190C: Potential Temperature, 2 [ITS-90, deg C]
# name 13 = potemp90Cdiff: Potential Temperature, Diff, 2 - 1 [ITS-90, deg C]
# name 14 = c0S/m: Conductivity [S/m]
# name 15 = c1S/m: Conductivity, 2 [S/m]
# name 16 = C2-C1S/m: Conductivity Difference, 2 - 1 [S/m]
# name 17 = sal00: Salinity, Practical [PSU]
# name 18 = sal11: Salinity, Practical, 2 [PSU]
# name 19 = sbeox0ML/L: Oxygen, SBE 43 [ml/l]
# name 20 = sigma-é00: Density [sigma-theta, kg/m^3]
# name 21 = sigma-é11: Density, 2 [sigma-theta, kg/m^3]
# name 22 = sal00: Salinity, Practical [PSU]
# name 23 = sigma-é00: Density [sigma-theta, kg/m^3]
# name 24 = svCM: Sound Velocity [Chen-Millero, m/s]
# name 25 = svCM1: Sound Velocity, 2 [Chen-Millero, m/s]
# name 26 = gsw_ptA0: potential temperature [ITS-90, deg C]
# name 27 = gsw_densityA0: density, TEOS-10 [density, kg/m^3]
# name 28 = gsw_saA0: Absolute Salinity [g/kg]
# name 29 = flag:
# span 0 =      34062,      69201       
# span 1 = 293.519458, 293.536404       
# span 2 =  -43.98455,  -43.97340       
# span 3 =  -53.14555,  -53.14225       
# span 4 =     -1.437,     -0.108       
# span 5 =    1496.44,    1496.44       
# span 6 =      2.000,   1058.000       
# span 7 =      2.030,   1046.846       
# span 8 =     3.7708,    14.2396       
# span 9 =     3.7720,    14.2437       
# span 10 =    -0.0510,     0.0271      
# span 11 =     3.6927,    14.2391      
# span 12 =     3.6938,    14.2432      
# span 13 =    -0.0508,     0.0269      
# span 14 =   3.216257,   4.299378      
# span 15 =   3.216731,   4.300119      
# span 16 =  -0.004643,   0.002914      
# span 17 =    34.1926,    35.6751      
# span 18 =    34.1978,    35.6808      
# span 19 =     4.8076,     5.8067      
# span 20 =    26.6565,    27.1966      
# span 21 =    26.6597,    27.2000      
# span 22 =    34.1926,    35.6741      
# span 23 =    26.6567,    27.1967      
# span 24 =    1481.80,    1511.03      
# span 25 =    1481.82,    1511.04      
# span 26 =     3.6925,    14.2391      
# span 27 =  1026.6710,  1032.0762      
# span 28 =    34.3572,    35.8429      
# span 29 = 0.0000e+00, 0.0000e+00      
# interval = decibars: 1                
# start_time = Oct 20 2019 12:04:22 [NMEA time, header]
# bad_flag = -9.990e-29
*END*
[from data line 291]
      41672 293.523128  -43.97584  -53.14482     -0.642    1496.44    767.000    759.441     5.1625     5.1624    -0.0000     5.0992     5.0992    -0.0000   3.326467   3.326946   0.000476    34.2159    34.2214     5.7328    27.0422    27.0465    34.2176    27.0435    1483.00    1483.01     5.0991  1030.5647    34.3815 0.0000e+00
      41698 293.523141  -43.97584  -53.14482     -0.839    1496.44    766.000    758.452     5.1643     5.1644     0.0002     5.1012     5.1013     0.0001   3.326588   3.327089   0.000489    34.2162    34.2217     5.7288    27.0422    27.0465    34.2176    27.0433    1482.99    1483.00     5.1010  1030.5599    34.3816 0.0000e+00
      41719 293.523151  -43.97584  -53.14480     -1.017    1496.44    765.000    757.464     5.1662     5.1664     0.0002     5.1032     5.1033     0.0002   3.326719   3.327224   0.000501    34.2162    34.2217     5.7335    27.0419    27.0463    34.2176    27.0431    1482.98    1482.99     5.1030  1030.5551    34.3816 0.0000e+00
      41738 293.523160  -43.97586  -53.14480     -1.162    1496.44    764.000    756.476     5.1692     5.1696     0.0005     5.1062     5.1066     0.0004   3.326944   3.327451   0.000511    34.2162    34.2216     5.7317    27.0416    27.0458    34.2177    27.0428    1482.98    1482.99     5.1060  1030.5501    34.3816 0.0000e+00
      41756 293.523169  -43.97586  -53.14480     -1.288    1496.44    763.000    755.487     5.1710     5.1712     0.0002     5.1081     5.1083     0.0001   3.327013   3.327505   0.000486    34.2159    34.2213     5.7344    27.0411    27.0454    34.2171    27.0421    1482.97    1482.98     5.1080  1030.5449    34.3810 0.0000e+00
      41773 293.523177  -43.97586  -53.14480     -1.369    1496.44    762.000    754.499     5.1737     5.1731    -0.0006     5.1108     5.1102    -0.0006   3.327253   3.327655   0.000410    34.2161    34.2214     5.7389    27.0410    27.0452    34.2177    27.0422    1482.96    1482.97     5.1107  1030.5404    34.3816 0.0000e+00
      41791 293.523186  -43.97588  -53.14480     -1.376    1496.44    761.000    753.510     5.1784     5.1778    -0.0006     5.1156     5.1150    -0.0006   3.327612   3.328003   0.000418    34.2156    34.2210     5.7375    27.0400    27.0444    34.2174    27.0414    1482.97    1482.97     5.1155  1030.5350    34.3813 0.0000e+00
      41812 293.523196  -43.97588  -53.14480     -1.254    1496.44    760.000    752.523     5.1914     5.1879    -0.0035     5.1287     5.1251    -0.0035   3.328724   3.328869   0.000141    34.2152    34.2204     5.7356    27.0382    27.0427    34.2174    27.0399    1483.00    1483.00     5.1285  1030.5287    34.3813 0.0000e+00
      41836 293.523207  -43.97590  -53.14480     -1.076    1496.44    759.000    751.534     5.2015     5.1974    -0.0042     5.1388     5.1347    -0.0042   3.329640   3.329673   0.000071    34.2155    34.2205     5.7406    27.0372    27.0417    34.2181    27.0393    1483.03    1483.02     5.1386  1030.5233    34.3820 0.0000e+00
      41860 293.523219  -43.97590  -53.14480     -0.998    1496.44    758.000    750.546     5.2126     5.2093    -0.0033     5.1499     5.1466    -0.0033   3.330601   3.330758   0.000157    34.2161    34.2213     5.7465    27.0364    27.0409    34.2184    27.0382    1483.06    1483.05     5.1497  1030.5175    34.3823 0.0000e+00
      41884 293.523230  -43.97590  -53.14480     -1.003    1496.44    757.000    749.558     5.2208     5.2145    -0.0063     5.1582     5.1519    -0.0063   3.331301   3.331195  -0.000101    34.2164    34.2216     5.7558    27.0357    27.0406    34.2185    27.0373    1483.07    1483.06     5.1580  1030.5118    34.3824 0.0000e+00
      41908 293.523242  -43.97592  -53.14480     -1.006    1496.44    756.000    748.569     5.2240     5.2217    -0.0023     5.1614     5.1591    -0.0023   3.331516   3.331831   0.000285    34.2166    34.2222     5.7612    27.0355    27.0401    34.2182    27.0367    1483.07    1483.07     5.1612  1030.5067    34.3821 0.0000e+00
      41934 293.523255  -43.97592  -53.14480     -0.952    1496.44    755.000    747.581     5.2266     5.2249    -0.0017     5.1640     5.1624    -0.0017   3.331718   3.332050   0.000328    34.2168    34.2223     5.7489    27.0353    27.0399    34.2184    27.0366    1483.07    1483.07     5.1639  1030.5019    34.3823 0.0000e+00
      41959 293.523267  -43.97592  -53.14480     -0.917    1496.44    754.000    746.592     5.2298     5.2284    -0.0014     5.1674     5.1660    -0.0014   3.331995   3.332328   0.000344    34.2170    34.2223     5.7409    27.0351    27.0395    34.2187    27.0365    1483.06    1483.06     5.1672  1030.4972    34.3826 0.0000e+00
      41980 293.523277  -43.97594  -53.14480     -1.025    1496.44    753.000    745.604     5.2344     5.2338    -0.0006     5.1720     5.1714    -0.0006   3.332380   3.332810   0.000422    34.2173    34.2228     5.7444    27.0348    27.0392    34.2190    27.0361    1483.06    1483.07     5.1718  1030.4922    34.3829 0.0000e+00
      41998 293.523285  -43.97594  -53.14479     -1.204    1496.44    752.000    744.615     5.2404     5.2408     0.0004     5.1781     5.1785     0.0004   3.333018   3.333541   0.000513    34.2182    34.2237     5.7470    27.0348    27.0391    34.2206    27.0367    1483.08    1483.08     5.1779  1030.4881    34.3845 0.0000e+00
      42014 293.523293  -43.97594  -53.14478     -1.363    1496.44    751.000    743.627     5.2508     5.2501    -0.0007     5.1885     5.1878    -0.0007   3.333965   3.334377   0.000412    34.2188    34.2243     5.7475    27.0340    27.0384    34.2214    27.0361    1483.10    1483.10     5.1883  1030.4828    34.3853 0.0000e+00
      42031 293.523302  -43.97596  -53.14478     -1.437    1496.44    750.000    742.639     5.2588     5.2585    -0.0003     5.1966     5.1962    -0.0003   3.334486   3.334974   0.000470    34.2179    34.2236     5.7510    27.0324    27.0370    34.2197    27.0338    1483.11    1483.12     5.1964  1030.4757    34.3835 0.0000e+00
      42051 293.523311  -43.97596  -53.14478     -1.343    1496.44    749.000    741.650     5.2631     5.2613    -0.0018     5.2009     5.1991    -0.0018   3.334888   3.335130   0.000295    34.2179    34.2231     5.7519    27.0319    27.0362    34.2204    27.0339    1483.12    1483.11     5.2007  1030.4712    34.3843 0.0000e+00
      42077 293.523324  -43.97596  -53.14478     -1.058    1496.44    748.000    740.662     5.2830     5.2734    -0.0095     5.2208     5.2113    -0.0095   3.336824   3.336311  -0.000456    34.2194    34.2239     5.7466    27.0307    27.0354    34.2228    27.0335    1483.18    1483.15     5.2206  1030.4658    34.3867 0.0000e+00
      42104 293.523337  -43.97598  -53.14478     -0.879    1496.44    747.000    739.673     5.3107     5.2993    -0.0114     5.2484     5.2370    -0.0114   3.339507   3.338963  -0.000549    34.2213    34.2267     5.7427    27.0290    27.0346    34.2257    27.0325    1483.28    1483.24     5.2482  1030.4598    34.3896 0.0000e+00
      42126 293.523347  -43.97598  -53.14478     -0.968    1496.44    746.000    738.685     5.3214     5.3157    -0.0057     5.2591     5.2534    -0.0057   3.340336   3.340311  -0.000068    34.2222    34.2273     5.7518    27.0285    27.0332    34.2248    27.0305    1483.31    1483.29     5.2590  1030.4531    34.3887 0.0000e+00
      42147 293.523357  -43.97598  -53.14478     -1.101    1496.44    745.000    737.696     5.3216     5.3215    -0.0001     5.2594     5.2593    -0.0001   3.340228   3.340709   0.000468    34.2218    34.2272     5.7481    27.0281    27.0324    34.2239    27.0298    1483.29    1483.30     5.2592  1030.4478    34.3878 0.0000e+00
      42167 293.523367  -43.97599  -53.14478     -1.170    1496.44    744.000    736.708     5.3255     5.3234    -0.0021     5.2633     5.2613    -0.0021   3.340641   3.340904   0.000280    34.2225    34.2278     5.7326    27.0282    27.0326    34.2252    27.0303    1483.29    1483.29     5.2632  1030.4437    34.3891 0.0000e+00
      42188 293.523377  -43.97600  -53.14478     -1.181    1496.44    743.000    735.719     5.3342     5.3307    -0.0035     5.2721     5.2686    -0.0035   3.341462   3.341603   0.000149    34.2233    34.2285     5.7260    27.0277    27.0323    34.2261    27.0300    1483.31    1483.30     5.2719  1030.4387    34.3900 0.0000e+00
      42209 293.523387  -43.97601  -53.14478     -1.147    1496.44    742.000    734.731     5.3366     5.3376     0.0011     5.2746     5.2756     0.0010   3.341297   3.342095   0.000684    34.2216    34.2282     5.7314    27.0261    27.0313    34.2224    27.0268    1483.30    1483.32     5.2744  1030.4308    34.3862 0.0000e+00
      42232 293.523398  -43.97602  -53.14477     -1.093    1496.44    741.000    733.743     5.3286     5.3324     0.0037     5.2668     5.2705     0.0037   3.340397   3.341247   0.000895    34.2195    34.2259     5.7367    27.0254    27.0300    34.2207    27.0263    1483.25    1483.27     5.2666  1030.4260    34.3845 0.0000e+00
      42254 293.523409  -43.97602  -53.14476     -1.065    1496.44    740.000    732.754     5.3267     5.3285     0.0018     5.2650     5.2667     0.0017   3.340056   3.340762   0.000686    34.2186    34.2246     5.7315    27.0249    27.0295    34.2192    27.0254    1483.22    1483.24     5.2648  1030.4206    34.3830 0.0000e+00
      42276 293.523420  -43.97602  -53.14476     -1.075    1496.44    739.000    731.766     5.3193     5.3231     0.0038     5.2577     5.2614     0.0037   3.339087   3.340040   0.000923    34.2162    34.2229     5.7354    27.0238    27.0287    34.2161    27.0238    1483.17    1483.20     5.2575  1030.4146    34.3799 0.0000e+00
      42298 293.523430  -43.97604  -53.14476     -1.086    1496.44    738.000    730.777     5.3170     5.3183     0.0013     5.2555     5.2567     0.0013   3.338825   3.339418   0.000634    34.2151    34.2210     5.7487    27.0232    27.0278    34.2161    27.0240    1483.15    1483.16     5.2553  1030.4103    34.3798 0.0000e+00
      42321 293.523442  -43.97604  -53.14476     -1.067    1496.44    737.000    729.789     5.3257     5.3219    -0.0039     5.2642     5.2604    -0.0039   3.339706   3.339770   0.000105    34.2160    34.2211     5.7663    27.0229    27.0275    34.2177    27.0243    1483.17    1483.16     5.2641  1030.4058    34.3815 0.0000e+00
      42346 293.523453  -43.97604  -53.14476     -1.021    1496.44    736.000    728.801     5.3363     5.3312    -0.0050     5.2748     5.2698    -0.0050   3.340699   3.340678  -0.000007    34.2169    34.2219     5.7914    27.0224    27.0270    34.2188    27.0239    1483.20    1483.18     5.2747  1030.4007    34.3826 0.0000e+00
      42370 293.523465  -43.97606  -53.14476     -0.984    1496.44    735.000    727.812     5.3489     5.3435    -0.0054     5.2875     5.2821    -0.0054   3.341911   3.341880  -0.000033    34.2181    34.2232     5.8067    27.0219    27.0266    34.2203    27.0236    1483.23    1483.22     5.2873  1030.3956    34.3841 0.0000e+00
      42395 293.523477  -43.97606  -53.14476     -0.976    1496.44    734.000    726.824     5.3641     5.3561    -0.0080     5.3027     5.2947    -0.0080   3.343456   3.343109  -0.000298    34.2196    34.2243     5.7970    27.0212    27.0259    34.2229    27.0239    1483.28    1483.25     5.3025  1030.3910    34.3867 0.0000e+00
      42420 293.523489  -43.97606  -53.14476     -0.967    1496.44    733.000    725.835     5.3925     5.3818    -0.0108     5.3310     5.3203    -0.0107   3.346274   3.345759  -0.000548    34.2227    34.2274     5.7823    27.0204    27.0254    34.2267    27.0235    1483.38    1483.35     5.3308  1030.3856    34.3905 0.0000e+00
      42444 293.523501  -43.97608  -53.14476     -0.978    1496.44    732.000    724.847     5.4107     5.4070    -0.0037     5.3492     5.3454    -0.0037   3.347915   3.348044   0.000124    34.2244    34.2296     5.7777    27.0196    27.0241    34.2275    27.0220    1483.44    1483.43     5.3490  1030.3792    34.3913 0.0000e+00
      42467 293.523512  -43.97608  -53.14474     -1.006    1496.44    731.000    723.858     5.4147     5.4123    -0.0024     5.3532     5.3508    -0.0024   3.348206   3.348427   0.000253    34.2244    34.2297     5.7735    27.0191    27.0235    34.2272    27.0213    1483.44    1483.44     5.3530  1030.3739    34.3910 0.0000e+00
      42490 293.523523  -43.97610  -53.14474     -1.038    1496.44    730.000    722.869     5.4334     5.4225    -0.0109     5.3719     5.3611    -0.0108   3.350259   3.349589  -0.000576    34.2270    34.2314     5.7504    27.0189    27.0237    34.2321    27.0229    1483.51    1483.47     5.3717  1030.3706    34.3959 0.0000e+00
      42512 293.523533  -43.97610  -53.14474     -1.076    1496.44    729.000    721.881     5.4710     5.4535    -0.0174     5.4093     5.3920    -0.0173   3.354184   3.352931  -0.001264    34.2321    34.2354     5.7273    27.0185    27.0232    34.2391    27.0240    1483.65    1483.58     5.4092  1030.3664    34.4030 0.0000e+00
      42533 293.523543  -43.97610  -53.14474     -1.120    1496.44    728.000    720.893     5.4986     5.4913    -0.0073     5.4369     5.4297    -0.0073   3.356596   3.356424  -0.000218    34.2339    34.2388     5.7242    27.0166    27.0213    34.2389    27.0206    1483.75    1483.72     5.4368  1030.3579    34.4028 0.0000e+00
      42553 293.523553  -43.97612  -53.14474     -1.165    1496.44    727.000    719.904     5.5171     5.5084    -0.0086     5.4554     5.4468    -0.0086   3.358437   3.357995  -0.000423    34.2363    34.2402     5.7262    27.0163    27.0205    34.2416    27.0205    1483.81    1483.78     5.4552  1030.3529    34.4055 0.0000e+00
      42573 293.523563  -43.97612  -53.14474     -1.191    1496.44    726.000    718.915     5.5328     5.5273    -0.0054     5.4711     5.4657    -0.0054   3.359958   3.359901  -0.000053    34.2380    34.2428     5.7124    27.0157    27.0202    34.2435    27.0201    1483.85    1483.84     5.4709  1030.3477    34.4074 0.0000e+00
      42595 293.523574  -43.97613  -53.14474     -1.144    1496.44    725.000    717.927     5.5468     5.5412    -0.0056     5.4851     5.4795    -0.0056   3.361162   3.361134  -0.000053    34.2391    34.2441     5.6856    27.0149    27.0196    34.2435    27.0184    1483.90    1483.88     5.4849  1030.3413    34.4074 0.0000e+00
      42622 293.523586  -43.97614 -9.990e-29     -0.985    1496.44    724.000    716.938     5.5532     5.5512    -0.0020     5.4916     5.4896    -0.0020   3.361697   3.362021   0.000294    34.2400    34.2453     5.6621    27.0148    27.0193    34.2435    27.0177    1483.91    1483.90     5.4914  1030.3359    34.4076 0.0000e+00
      42654 293.523602  -43.97614 -9.990e-29     -0.779    1496.44    723.000    715.950     5.5537     5.5533    -0.0004     5.4922     5.4917    -0.0004   3.361681   3.362113   0.000428    34.2403    34.2456     5.6424    27.0150    27.0193    34.2433    27.0174    1483.89    1483.89     5.4920  1030.3311    34.4073 0.0000e+00
      42687 293.523618  -43.97616  -53.14472     -0.722    1496.44    722.000    714.961     5.5632     5.5611    -0.0021     5.5017     5.4997    -0.0021   3.362650   3.362949   0.000284    34.2418    34.2471     5.6341    27.0151    27.0195    34.2451    27.0177    1483.91    1483.91     5.5015  1030.3267    34.4091 0.0000e+00
      42715 293.523631  -43.97616  -53.14472     -0.807    1496.44    721.000    713.973     5.5740     5.5721    -0.0019     5.5125     5.5106    -0.0019   3.363670   3.363973   0.000292    34.2433    34.2485     5.6370    27.0149    27.0193    34.2463    27.0173    1483.94    1483.94     5.5123  1030.3214    34.4102 0.0000e+00
