Pos-Processados/process_op38/Processamento_split/up/uoperantar38_002.cnv
* Sea-Bird SBE 9 Data File:
* FileName = D:\OPERANTAR_XXXVIII\DADOS\OP38_002.hdr
* Software Version Seasave V 7.12
* Temperature SN = 4808
* Conductivity SN = 3380
* Number of Bytes Per Scan = 31
* Number of Voltage Words = 2
* Number of Scans Averaged by the Deck Unit = 1
* NMEA Latitude = 38 26.99 S
* NMEA Longitude = 052 53.48 W
* NMEA UTC (Time) = Jan 16 2019 21:21:57
** H41
** NAVIO POLAR ALMIRANTE MAXIMIANO
** CRUZEIRO:
** OPERANTAR XXXVIII
** ESTAวรO: 002
** LAT 38บ 26,99'S
** LONG 052บ 53,46'W
** 09P73767-1155
** PROFUNDIDADE: 4158 m
** DATA/HORA: 162121Z/OUT/2019
** OPERADOR: SO-HN CHAVES
# nquan = 30
# nvalues = 1043                        
# units = specified
# name 0 = scan: Scan Count
# name 1 = timeJ: Julian Days
# name 2 = latitude: Latitude [deg]
# name 3 = longitude: Longitude [deg]
# name 4 = dz/dtM: Descent Rate [m/s]
# name 5 = avgsvCM: Average Sound Velocity [Chen-Millero, m/s]
# name 6 = prDM: Pressure, Digiquartz [db]
# name 7 = depSM: Depth [salt water, m]
# name 8 = t090C: Temperature [ITS-90, deg C]
# name 9 = t190C: Temperature, 2 [ITS-90, deg C]
# name 10 = T2-T190C: Temperature Difference, 2 - 1 [ITS-90, deg C]
# name 11 = potemp090C: Potential Temperature [ITS-90, deg C]
# name 12 = potemp190C: Potential Temperature, 2 [ITS-90, deg C]
# name 13 = potemp90Cdiff: Potential Temperature, Diff, 2 - 1 [ITS-90, deg C]
# name 14 = c0S/m: Conductivity [S/m]
# name 15 = c1S/m: Conductivity, 2 [S/m]
# name 16 = C2-C1S/m: Conductivity Difference, 2 - 1 [S/m]
# name 17 = sal00: Salinity, Practical [PSU]
# name 18 = sal11: Salinity, Practical, 2 [PSU]
# name 19 = sbeox0ML/L: Oxygen, SBE 43 [ml/l]
# name 20 = sigma-้00: Density [sigma-theta, kg/m^3]
# name 21 = sigma-้11: Density, 2 [sigma-theta, kg/m^3]
# name 22 = sal00: Salinity, Practical [PSU]
# name 23 = sigma-้00: Density [sigma-theta, kg/m^3]
# name 24 = svCM: Sound Velocity [Chen-Millero, m/s]
# name 25 = svCM1: Sound Velocity, 2 [Chen-Millero, m/s]
# name 26 = gsw_ptA0: potential temperature [ITS-90, deg C]
# name 27 = gsw_densityA0: density, TEOS-10 [density, kg/m^3]
# name 28 = gsw_saA0: Absolute Salinity [g/kg]
# name 29 = flag:
# span 0 =      35361,      70676       
# span 1 =  16.907295,  16.924326       
# span 2 =  -38.44988,  -38.44984       
# span 3 =  -52.89134,  -52.89132       
# span 4 =     -2.182,     -0.101       
# span 5 =    1497.38,    1497.38       
# span 6 =      3.000,   1045.000       
# span 7 =      2.979,   1034.537       
# span 8 =     4.1782,    15.9559       
# span 9 =     4.1792,    15.9553       
# span 10 =    -0.0794,     0.1105      
# span 11 =     4.0978,    15.9343      
# span 12 =     4.0988,    15.9338      
# span 13 =    -0.0792,     0.1101      
# span 14 =   3.253527,   4.490211      
# span 15 =   3.254036,   4.490815      
# span 16 =  -0.008696,   0.012697      
# span 17 =    34.1924,    35.8772      
# span 18 =    34.1972,    35.8833      
# span 19 =     4.6399,     5.8049      
# span 20 =    26.2302,    27.1741      
# span 21 =    26.2371,    27.1777      
# span 22 =    34.1922,    35.8782      
# span 23 =    26.2305,    27.1744      
# span 24 =    1482.73,    1513.44      
# span 25 =    1482.74,    1513.44      
# span 26 =     4.0976,    15.9343      
# span 27 =  1026.2508,  1031.9807      
# span 28 =    34.3557,    36.0477      
# span 29 = 0.0000e+00, 0.0000e+00      
# interval = decibars: 1                
# start_time = Jan 16 2019 21:21:57 [NMEA time, header]
# bad_flag = -9.990e-29
*END*
[from data line 49]
      38265  16.908696  -38.44986  -52.89132     -1.620    1497.38    996.000    986.142     4.2856     4.2875     0.0019     4.2086     4.2105     0.0019   3.259011   3.259582   0.000566    34.2202    34.2249     5.3604    27.1441    27.1476    34.2215    27.1452    1483.19    1483.20     4.2083  1031.7277    34.3855 0.0000e+00
      38285  16.908706  -38.44986  -52.89132     -1.410    1497.38    995.000    985.154     4.2900     4.2924     0.0024     4.2130     4.2153     0.0023   3.259262   3.259904   0.000635    34.2197    34.2246     5.3570    27.1432    27.1469    34.2205    27.1439    1483.19    1483.21     4.2128  1031.7218    34.3845 0.0000e+00
      38317  16.908721  -38.44986  -52.89134     -0.910    1497.38    994.000    984.166     4.2898     4.2906     0.0008     4.2129     4.2136     0.0008   3.259204   3.259655   0.000458    34.2198    34.2243     5.3503    27.1433    27.1469    34.2205    27.1439    1483.17    1483.18     4.2127  1031.7172    34.3845 0.0000e+00
      38365  16.908744  -38.44986 -9.990e-29     -0.458    1497.38    993.000    983.179     4.2936     4.2937     0.0001     4.2167     4.2168     0.0001   3.259305   3.259735   0.000438    34.2178    34.2228     5.3415    27.1413    27.1453    34.2183    27.1417    1483.17    1483.18     4.2165  1031.7105    34.3823 0.0000e+00
      38398  16.908760  -38.44986 -9.990e-29     -0.644    1497.38    992.000    982.191     4.2922     4.2931     0.0009     4.2154     4.2163     0.0009   3.259194   3.259602   0.000408    34.2186    34.2225     5.3503    27.1421    27.1451    34.2189    27.1424    1483.15    1483.16     4.2152  1031.7066    34.3829 0.0000e+00
      38419  16.908770  -38.44986 -9.990e-29     -0.944    1497.38    991.000    981.203     4.2921     4.2929     0.0009     4.2154     4.2162     0.0008   3.258885   3.259373   0.000485    34.2158    34.2205     5.3542    27.1399    27.1436    34.2159    27.1400    1483.13    1483.14     4.2152  1031.6997    34.3799 0.0000e+00
      38435  16.908778  -38.44986 -9.990e-29     -1.207    1497.38    990.000    980.215     4.2923     4.2932     0.0009     4.2157     4.2166     0.0009   3.258814   3.259294   0.000478    34.2151    34.2197     5.3616    27.1393    27.1429    34.2154    27.1395    1483.11    1483.12     4.2155  1031.6947    34.3794 0.0000e+00
      38450  16.908785  -38.44988 -9.990e-29     -1.414    1497.38    989.000    979.228     4.2921     4.2930     0.0009     4.2156     4.2164     0.0009   3.258710   3.259195   0.000487    34.2147    34.2195     5.3660    27.1390    27.1427    34.2149    27.1391    1483.09    1483.10     4.2154  1031.6897    34.3789 0.0000e+00
      38465  16.908793  -38.44988 -9.990e-29     -1.550    1497.38    988.000    978.240     4.2928     4.2933     0.0005     4.2164     4.2168     0.0005   3.258730   3.259164   0.000440    34.2144    34.2191     5.3710    27.1387    27.1423    34.2149    27.1391    1483.08    1483.09     4.2162  1031.6851    34.3788 0.0000e+00
      38481  16.908800  -38.44988 -9.990e-29     -1.584    1497.38    987.000    977.252     4.2941     4.2951     0.0010     4.2178     4.2187     0.0010   3.258818   3.259295   0.000479    34.2144    34.2190     5.3830    27.1385    27.1421    34.2150    27.1391    1483.07    1483.08     4.2175  1031.6805    34.3790 0.0000e+00
      38499  16.908809  -38.44986 -9.990e-29     -1.501    1497.38    986.000    976.264     4.2976     4.2990     0.0015     4.2213     4.2228     0.0014   3.259142   3.259750   0.000559    34.2147    34.2197     5.3956    27.1384    27.1422    34.2157    27.1392    1483.07    1483.08     4.2211  1031.6760    34.3797 0.0000e+00
      38518  16.908818  -38.44986  -52.89134     -1.340    1497.38    985.000    975.276     4.3072     4.3093     0.0022     4.2309     4.2330     0.0021   3.260036   3.260586   0.000584    34.2156    34.2202     5.4042    27.1381    27.1416    34.2168    27.1391    1483.09    1483.11     4.2307  1031.6710    34.3808 0.0000e+00
      38541  16.908829  -38.44986  -52.89134     -1.154    1497.38    984.000    974.289     4.3118     4.3160     0.0042     4.2356     4.2397     0.0041   3.260449   3.261265   0.000789    34.2162    34.2211     5.4092    27.1381    27.1415    34.2174    27.1390    1483.10    1483.12     4.2354  1031.6663    34.3813 0.0000e+00
      38569  16.908843  -38.44986  -52.89134     -0.939    1497.38    983.000    973.301     4.3179     4.3238     0.0059     4.2417     4.2476     0.0058   3.260965   3.262032   0.000975    34.2167    34.2221     5.4201    27.1379    27.1415    34.2176    27.1385    1483.11    1483.14     4.2415  1031.6611    34.3815 0.0000e+00
      38604  16.908859  -38.44986  -52.89134     -0.705    1497.38    982.000    972.313     4.3296     4.3384     0.0088     4.2534     4.2622     0.0088   3.262184   3.263326   0.001245    34.2181    34.2235     5.4175    27.1377    27.1411    34.2203    27.1394    1483.14    1483.18     4.2532  1031.6571    34.3842 0.0000e+00
      38632  16.908873  -38.44986  -52.89134     -0.769    1497.38    981.000    971.325     4.3433     4.3619     0.0187     4.2671     4.2856     0.0185   3.263449   3.265859   0.002202    34.2189    34.2254     5.4116    27.1369    27.1401    34.2215    27.1389    1483.18    1483.27     4.2668  1031.6517    34.3854 0.0000e+00
      38652  16.908882  -38.44986  -52.89134     -1.009    1497.38    980.000    970.337     4.3742     4.3809     0.0068     4.2978     4.3045     0.0067   3.266538   3.267397   0.001010    34.2210    34.2259     5.4042    27.1354    27.1384    34.2262    27.1394    1483.30    1483.33     4.2976  1031.6468    34.3901 0.0000e+00
      38669  16.908891  -38.44986  -52.89134     -1.231    1497.38    979.000    969.350     4.3873     4.3898     0.0025     4.3109     4.3134     0.0025   3.267456   3.268139   0.000675    34.2211    34.2265     5.4059    27.1340    27.1379    34.2239    27.1362    1483.34    1483.35     4.3107  1031.6388    34.3879 0.0000e+00
      38685  16.908899  -38.44986  -52.89134     -1.386    1497.38    978.000    968.361     4.3940     4.3972     0.0032     4.3177     4.3209     0.0032   3.268057   3.268754   0.000708    34.2218    34.2267     5.4107    27.1338    27.1373    34.2245    27.1360    1483.35    1483.37     4.3175  1031.6338    34.3884 0.0000e+00
      38702  16.908907  -38.44986  -52.89134     -1.450    1497.38    977.000    967.374     4.3984     4.3995     0.0012     4.3221     4.3232     0.0012   3.268410   3.268878   0.000496    34.2220    34.2266     5.4089    27.1335    27.1370    34.2246    27.1356    1483.35    1483.36     4.3219  1031.6288    34.3886 0.0000e+00
      38722  16.908916  -38.44986  -52.89134     -1.363    1497.38    976.000    966.386     4.4035     4.4039     0.0005     4.3272     4.3277     0.0005   3.268792   3.269250   0.000467    34.2220    34.2270     5.3990    27.1330    27.1368    34.2243    27.1348    1483.35    1483.36     4.3270  1031.6233    34.3883 0.0000e+00
      38747  16.908928  -38.44986  -52.89134     -1.100    1497.38    975.000    965.398     4.4058     4.4110     0.0052     4.3296     4.3348     0.0052   3.268960   3.269875   0.000894    34.2223    34.2274     5.3933    27.1330    27.1364    34.2244    27.1346    1483.35    1483.37     4.3294  1031.6185    34.3883 0.0000e+00
      38775  16.908942  -38.44986  -52.89134     -0.873    1497.38    974.000    964.413     4.4144     4.4158     0.0014     4.3383     4.3396     0.0014   3.269764   3.270254   0.000523    34.2230    34.2277     5.3929    27.1326    27.1361    34.2254    27.1345    1483.37    1483.38     4.3380  1031.6136    34.3893 0.0000e+00
      38800  16.908954  -38.44986  -52.89134     -0.891    1497.38    973.000    963.419     4.4204     4.4247     0.0043     4.3443     4.3486     0.0043   3.270217   3.271074   0.000827    34.2229    34.2281     5.3913    27.1318    27.1355    34.2250    27.1335    1483.38    1483.40     4.3441  1031.6079    34.3889 0.0000e+00
      38823  16.908965  -38.44986  -52.89134     -0.999    1497.38    972.000    962.435     4.4296     4.4318     0.0022     4.3535     4.3557     0.0022   3.271086   3.271686   0.000624    34.2235    34.2284     5.3892    27.1313    27.1350    34.2262    27.1335    1483.40    1483.41     4.3533  1031.6031    34.3901 0.0000e+00
      38845  16.908976  -38.44986  -52.89134     -1.074    1497.38    971.000    961.447     4.4374     4.4408     0.0035     4.3613     4.3648     0.0034   3.271694   3.272444   0.000731    34.2237    34.2287     5.3898    27.1307    27.1342    34.2257    27.1323    1483.41    1483.43     4.3611  1031.5971    34.3896 0.0000e+00
      38867  16.908986  -38.44986  -52.89132     -1.088    1497.38    970.000    960.459     4.4434     4.4498     0.0064     4.3673     4.3737     0.0064   3.272215   3.273217   0.000984    34.2239    34.2288     5.3894    27.1302    27.1334    34.2262    27.1320    1483.42    1483.45     4.3671  1031.5921    34.3901 0.0000e+00
      38889  16.908997  -38.44986  -52.89134     -1.097    1497.38    969.000    959.471     4.4519     4.4564     0.0045     4.3759     4.3803     0.0044   3.272989   3.273733   0.000791    34.2242    34.2288     5.3900    27.1295    27.1326    34.2269    27.1316    1483.44    1483.46     4.3757  1031.5870    34.3908 0.0000e+00
      38909  16.909007  -38.44986  -52.89134     -1.130    1497.38    968.000    958.483     4.4586     4.4601     0.0015     4.3827     4.3841     0.0015   3.273373   3.273923   0.000552    34.2229    34.2278     5.3944    27.1278    27.1315    34.2250    27.1294    1483.45    1483.46     4.3824  1031.5801    34.3888 0.0000e+00
      38928  16.909016  -38.44986  -52.89134     -1.206    1497.38    967.000    957.495     4.4622     4.4637     0.0015     4.3862     4.3877     0.0015   3.273593   3.274110   0.000523    34.2225    34.2270     5.3899    27.1270    27.1305    34.2244    27.1285    1483.45    1483.46     4.3860  1031.5746    34.3883 0.0000e+00
      38945  16.909024  -38.44986  -52.89134     -1.304    1497.38    966.000    956.507     4.4645     4.4652     0.0006     4.3887     4.3893     0.0006   3.273713   3.274201   0.000490    34.2221    34.2272     5.3865    27.1265    27.1305    34.2238    27.1278    1483.44    1483.45     4.3885  1031.5693    34.3877 0.0000e+00
      38963  16.909032  -38.44986  -52.89134     -1.371    1497.38    965.000    955.519     4.4656     4.4669     0.0012     4.3899     4.3911     0.0012   3.273742   3.274263   0.000525    34.2221    34.2269     5.3890    27.1263    27.1301    34.2235    27.1275    1483.43    1483.44     4.3896  1031.5644    34.3874 0.0000e+00
      38983  16.909042  -38.44986  -52.89134     -1.299    1497.38    964.000    954.531     4.4674     4.4686     0.0012     4.3916     4.3929     0.0012   3.273869   3.274405   0.000539    34.2222    34.2272     5.4002    27.1262    27.1300    34.2237    27.1274    1483.42    1483.43     4.3915  1031.5597    34.3876 0.0000e+00
      39022  16.909061  -38.44986  -52.89134     -0.719    1497.38    963.000    953.546     4.4693     4.4698     0.0005     4.3936     4.3941     0.0005   3.273975   3.274429   0.000470    34.2222    34.2271     5.4174    27.1260    27.1299    34.2235    27.1270    1483.41    1483.42     4.3934  1031.5547    34.3874 0.0000e+00
      39064  16.909081  -38.44986  -52.89134     -0.505    1497.38    962.000    952.556     4.4747     4.4750     0.0003     4.3991     4.3994     0.0003   3.274269   3.274749   0.000469    34.2210    34.2261     5.4161    27.1245    27.1285    34.2219    27.1252    1483.41    1483.42     4.3989  1031.5482    34.3857 0.0000e+00
      39084  16.909091  -38.44986  -52.89134     -0.890    1497.38    961.000    951.568     4.4739     4.4746     0.0008     4.3984     4.3991     0.0008   3.274238   3.274737   0.000503    34.2217    34.2268     5.4221    27.1251    27.1291    34.2228    27.1260    1483.39    1483.40     4.3982  1031.5445    34.3867 0.0000e+00
      39100  16.909099  -38.44988  -52.89132     -1.211    1497.38    960.000    950.580     4.4763     4.4772     0.0009     4.4009     4.4017     0.0008   3.274359   3.274894   0.000513    34.2212    34.2262     5.4286    27.1244    27.1283    34.2222    27.1253    1483.39    1483.40     4.4007  1031.5391    34.3861 0.0000e+00
      39114  16.909105  -38.44988  -52.89132     -1.463    1497.38    959.000    949.592     4.4818     4.4819     0.0001     4.4064     4.4065     0.0001   3.274965   3.275305   0.000408    34.2217    34.2263     5.4333    27.1242    27.1279    34.2241    27.1262    1483.39    1483.40     4.4062  1031.5353    34.3880 0.0000e+00
      39127  16.909112  -38.44988  -52.89132     -1.644    1497.38    958.000    948.604     4.4918     4.4895    -0.0023     4.4165     4.4142    -0.0023   3.275700   3.276025   0.000248    34.2214    34.2266     5.4345    27.1229    27.1273    34.2229    27.1241    1483.42    1483.42     4.4162  1031.5285    34.3867 0.0000e+00
      39141  16.909119  -38.44988  -52.89132     -1.740    1497.38    957.000    947.616     4.4946     4.4988     0.0043     4.4193     4.4235     0.0042   3.275956   3.276750   0.000809    34.2216    34.2266     5.4315    27.1228    27.1263    34.2235    27.1243    1483.41    1483.44     4.4191  1031.5241    34.3874 0.0000e+00
      39157  16.909126  -38.44988  -52.89132     -1.705    1497.38    956.000    946.628     4.5001     4.5018     0.0017     4.4248     4.4265     0.0017   3.276348   3.276901   0.000560    34.2213    34.2260     5.4294    27.1219    27.1255    34.2229    27.1232    1483.42    1483.43     4.4246  1031.5183    34.3867 0.0000e+00
      39175  16.909135  -38.44988  -52.89132     -1.506    1497.38    955.000    945.640     4.5107     4.5122     0.0015     4.4354     4.4369     0.0015   3.277242   3.277889   0.000618    34.2209    34.2265     5.4316    27.1204    27.1248    34.2230    27.1221    1483.45    1483.46     4.4352  1031.5124    34.3868 0.0000e+00
      39203  16.909148  -38.44986  -52.89134     -1.064    1497.38    954.000    944.652     4.5096     4.5125     0.0030     4.4344     4.4374     0.0029   3.277024   3.277748   0.000751    34.2207    34.2264     5.4360    27.1204    27.1246    34.2221    27.1215    1483.42    1483.44     4.4342  1031.5072    34.3859 0.0000e+00
      39238  16.909165  -38.44986  -52.89134     -0.684    1497.38    953.000    943.664     4.5255     4.5243    -0.0013     4.4503     4.4491    -0.0013   3.278376   3.278734   0.000331    34.2201    34.2253     5.4347    27.1182    27.1225    34.2219    27.1196    1483.47    1483.48     4.4501  1031.5004    34.3857 0.0000e+00
      39269  16.909180  -38.44986  -52.89134     -0.746    1497.38    952.000    942.676     4.5261     4.5325     0.0064     4.4510     4.4574     0.0064   3.278478   3.279469   0.000953    34.2209    34.2254     5.4439    27.1188    27.1217    34.2229    27.1204    1483.46    1483.49     4.4508  1031.4966    34.3867 0.0000e+00
      39295  16.909193  -38.44986  -52.89134     -0.873    1497.38    951.000    941.688     4.5398     4.5458     0.0060     4.4647     4.4707     0.0060   3.279593   3.280466   0.000920    34.2203    34.2248     5.4499    27.1168    27.1198    34.2224    27.1184    1483.50    1483.53     4.4645  1031.4898    34.3861 0.0000e+00
      39319  16.909204  -38.44986  -52.89134     -0.967    1497.38    950.000    940.700     4.5436     4.5462     0.0026     4.4686     4.4712     0.0026   3.279755   3.280392   0.000616    34.2196    34.2241     5.4578    27.1158    27.1191    34.2208    27.1168    1483.50    1483.51     4.4683  1031.4835    34.3846 0.0000e+00
