Pos-Processados/process_op38/Processamento_split/up/uoperantar38_018.cnv
* Sea-Bird SBE 9 Data File:
* FileName = D:\OPERANTAR_XXXVIII\DADOS\OP38_018.hdr
* Software Version Seasave V 7.18c
* Temperature SN = 4808
* Conductivity SN = 3380
* Number of Bytes Per Scan = 34
* Number of Voltage Words = 3
* Number of Scans Averaged by the Deck Unit = 1
* NMEA Latitude = 62 10.02 S
* NMEA Longitude = 058 22.53 W
* NMEA UTC (Time) = Nov 05 2019 17:24:22
** H41
** NAVIO POLAR ALMIRANTE MAXIMIANO
** CRUZEIRO:
** OPERANTAR XXXVIII
** ESTAÇÃO: OP38_018
** LAT 62 10,02' S
** LONG 058 22,49' W
** 09P73767-1155_A
** PROFUNDIDADE: 447
** DATA/HORA: 051724Z/NOV/2019
** OPERADOR: SO-HN CHAVES
# nquan = 33
# nvalues = 413                         
# units = specified
# name 0 = scan: Scan Count
# name 1 = timeJ: Julian Days
# name 2 = latitude: Latitude [deg]
# name 3 = longitude: Longitude [deg]
# name 4 = dz/dtM: Descent Rate [m/s]
# name 5 = avgsvCM: Average Sound Velocity [Chen-Millero, m/s]
# name 6 = prDM: Pressure, Digiquartz [db]
# name 7 = depSM: Depth [salt water, m]
# name 8 = t090C: Temperature [ITS-90, deg C]
# name 9 = t190C: Temperature, 2 [ITS-90, deg C]
# name 10 = T2-T190C: Temperature Difference, 2 - 1 [ITS-90, deg C]
# name 11 = potemp090C: Potential Temperature [ITS-90, deg C]
# name 12 = potemp190C: Potential Temperature, 2 [ITS-90, deg C]
# name 13 = potemp90Cdiff: Potential Temperature, Diff, 2 - 1 [ITS-90, deg C]
# name 14 = c0S/m: Conductivity [S/m]
# name 15 = c1S/m: Conductivity, 2 [S/m]
# name 16 = C2-C1S/m: Conductivity Difference, 2 - 1 [S/m]
# name 17 = sal00: Salinity, Practical [PSU]
# name 18 = sal11: Salinity, Practical, 2 [PSU]
# name 19 = sbeox0ML/L: Oxygen, SBE 43 [ml/l]
# name 20 = sigma-é00: Density [sigma-theta, kg/m^3]
# name 21 = sigma-é11: Density, 2 [sigma-theta, kg/m^3]
# name 22 = sbox0Mm/Kg: Oxygen, SBE 43 [umol/kg]
# name 23 = oxsolMm/Kg: Oxygen Saturation, Garcia & Gordon [umol/kg]
# name 24 = oxsatMm/Kg: Oxygen Saturation, Weiss [umol/kg]
# name 25 = sal00: Salinity, Practical [PSU]
# name 26 = sigma-é00: Density [sigma-theta, kg/m^3]
# name 27 = svCM: Sound Velocity [Chen-Millero, m/s]
# name 28 = svCM1: Sound Velocity, 2 [Chen-Millero, m/s]
# name 29 = gsw_ptA0: potential temperature [ITS-90, deg C]
# name 30 = gsw_densityA0: density, TEOS-10 [density, kg/m^3]
# name 31 = gsw_saA0: Absolute Salinity [g/kg]
# name 32 = flag:
# span 0 =      20682,      37680       
# span 1 = 309.735228, 309.743425       
# span 2 =  -62.16700,  -62.16696       
# span 3 =  -58.37558,  -58.37552       
# span 4 =     -1.222,     -0.130       
# span 5 =    1448.15,    1448.15       
# span 6 =      2.000,    414.000       
# span 7 =      1.987,    409.615       
# span 8 =    -0.9282,    -0.5655       
# span 9 =    -0.9281,    -0.5653       
# span 10 =    -0.0086,     0.0061      
# span 11 =    -0.9309,    -0.5795      
# span 12 =    -0.9307,    -0.5793      
# span 13 =    -0.0086,     0.0060      
# span 14 =   2.772124,   2.835809      
# span 15 =   2.772501,   2.836213      
# span 16 =  -0.000859,   0.000986      
# span 17 =    34.1279,    34.4845      
# span 18 =    34.1336,    34.4899      
# span 19 =     6.0537,     7.6373      
# span 20 =    27.4323,    27.7182      
# span 21 =    27.4368,    27.7225      
# span 22 =    263.066,    331.974      
# span 23 =  354.56622,  358.65284      
# span 24 =  356.17485,  360.32698      
# span 25 =    34.1278,    34.4845      
# span 26 =    27.4323,    27.7181      
# span 27 =    1444.63,    1452.57      
# span 28 =    1444.64,    1452.58      
# span 29 =    -0.9308,    -0.5792      
# span 30 =  1027.4466,  1029.6959      
# span 31 =    34.2924,    34.6532      
# span 32 = 0.0000e+00, 0.0000e+00      
# interval = decibars: 1                
# start_time = Nov 05 2019 17:24:22 [NMEA time, header]
# bad_flag = -9.990e-29
*END*
[from data line 264]
      27119 309.738332  -62.16698  -58.37552     -1.084    1448.15    150.000    148.507    -0.8954    -0.8952     0.0001    -0.8996    -0.8994     0.0001   2.781050   2.781450   0.000399    34.2807    34.2859     7.0486    27.5665    27.5708    306.348  358.24313  359.91205    34.2806    27.5665    1446.45    1446.46    -0.8995  1028.2906    34.4474 0.0000e+00
      27142 309.738344  -62.16698  -58.37552     -1.062    1448.15    149.000    147.517    -0.8953    -0.8951     0.0002    -0.8995    -0.8993     0.0002   2.781003   2.781410   0.000406    34.2806    34.2859     7.0464    27.5665    27.5708    306.250  358.24282  359.91172    34.2805    27.5664    1446.43    1446.44    -0.8994  1028.2857    34.4473 0.0000e+00
      27166 309.738355  -62.16698  -58.37552     -1.019    1448.15    148.000    146.527    -0.8954    -0.8953     0.0002    -0.8996    -0.8994     0.0002   2.780945   2.781352   0.000405    34.2806    34.2859     7.0486    27.5665    27.5708    306.343  358.24388  359.91280    34.2805    27.5664    1446.42    1446.42    -0.8995  1028.2809    34.4473 0.0000e+00
      27191 309.738367  -62.16698  -58.37552     -0.978    1448.15    147.000    145.538    -0.8961    -0.8958     0.0003    -0.9002    -0.8999     0.0002   2.780770   2.781199   0.000420    34.2797    34.2852     7.0438    27.5658    27.5702    306.138  358.25225  359.92127    34.2795    27.5656    1446.39    1446.40    -0.9001  1028.2753    34.4462 0.0000e+00
      27218 309.738380  -62.16698  -58.37552     -0.933    1448.15    146.000    144.548    -0.8975    -0.8968     0.0007    -0.9016    -0.9009     0.0007   2.780530   2.781008   0.000483    34.2787    34.2845     7.0442    27.5650    27.5696    306.154  358.26898  359.93825    34.2784    27.5648    1446.37    1446.38    -0.9015  1028.2697    34.4452 0.0000e+00
      27245 309.738393  -62.16698  -58.37552     -0.898    1448.15    145.000    143.558    -0.8982    -0.8978     0.0004    -0.9023    -0.9019     0.0004   2.780392   2.780822   0.000434    34.2782    34.2836     7.0439    27.5646    27.5690    306.142  358.27705  359.94645    34.2780    27.5644    1446.35    1446.36    -0.9021  1028.2646    34.4447 0.0000e+00
      27272 309.738406  -62.16698  -58.37552     -0.886    1448.15    144.000    142.568    -0.8985    -0.8983     0.0002    -0.9025    -0.9023     0.0002   2.780319   2.780732   0.000412    34.2781    34.2835     7.0501    27.5645    27.5689    306.413  358.27992  359.94937    34.2779    27.5644    1446.33    1446.34    -0.9024  1028.2598    34.4447 0.0000e+00
      27297 309.738418  -62.16698  -58.37552     -0.917    1448.15    143.000    141.579    -0.8989    -0.8986     0.0003    -0.9029    -0.9026     0.0003   2.780217   2.780640   0.000422    34.2778    34.2832     7.0583    27.5643    27.5687    306.769  358.28462  359.95415    34.2776    27.5642    1446.31    1446.32    -0.9028  1028.2548    34.4443 0.0000e+00
      27321 309.738430  -62.16698  -58.37552     -0.979    1448.15    142.000    140.589    -0.8990    -0.8989     0.0001    -0.9029    -0.9029     0.0001   2.780150   2.780543   0.000399    34.2776    34.2830     7.0654    27.5642    27.5685    307.077  358.28576  359.95529    34.2774    27.5640    1446.30    1446.30    -0.9029  1028.2498    34.4441 0.0000e+00
      27344 309.738441  -62.16698  -58.37552     -1.016    1448.15    141.000    139.599    -0.9011    -0.9004     0.0008    -0.9051    -0.9043     0.0008   2.779775   2.780299   0.000500    34.2761    34.2821     7.0675    27.5631    27.5678    307.168  358.31073  359.98066    34.2754    27.5625    1446.27    1446.28    -0.9049  1028.2435    34.4421 0.0000e+00
      27368 309.738452  -62.16698  -58.37552     -1.022    1448.15    140.000    138.610    -0.9036    -0.9018     0.0018    -0.9075    -0.9058     0.0018   2.779412   2.780051   0.000638    34.2745    34.2812     7.0670    27.5618    27.5672    307.147  358.33854  360.00892    34.2739    27.5613    1446.24    1446.26    -0.9074  1028.2376    34.4406 0.0000e+00
      27392 309.738464  -62.16698  -58.37552     -1.013    1448.15    139.000    137.620    -0.9070    -0.9061     0.0009    -0.9109    -0.9100     0.0009   2.778926   2.779431   0.000516    34.2725    34.2785     7.0660    27.5604    27.5652    307.105  358.37692  360.04794    34.2718    27.5598    1446.20    1446.21    -0.9108  1028.2313    34.4385 0.0000e+00
      27415 309.738475  -62.16698  -58.37552     -1.019    1448.15    138.000    136.630    -0.9099    -0.9093     0.0006    -0.9138    -0.9131     0.0006   2.778536   2.778991   0.000467    34.2710    34.2766     7.0697    27.5593    27.5638    307.266  358.40879  360.08037    34.2705    27.5588    1446.17    1446.18    -0.9136  1028.2255    34.4371 0.0000e+00
      27438 309.738486  -62.16698  -58.37552     -1.028    1448.15    137.000    135.640    -0.9116    -0.9112     0.0005    -0.9154    -0.9150     0.0005   2.778258   2.778731   0.000463    34.2698    34.2756     7.0806    27.5583    27.5630    307.737  358.42823  360.10011    34.2692    27.5578    1446.15    1446.16    -0.9153  1028.2198    34.4358 0.0000e+00
      27462 309.738498  -62.16698  -58.37552     -1.018    1448.15    136.000    134.651    -0.9128    -0.9112     0.0015    -0.9166    -0.9150     0.0015   2.778034   2.778683   0.000615    34.2688    34.2754     7.0905    27.5575    27.5628    308.170  358.44229  360.11437    34.2681    27.5570    1446.12    1446.14    -0.9165  1028.2142    34.4347 0.0000e+00
      27488 309.738510  -62.16698  -58.37552     -0.967    1448.15    135.000    133.661    -0.9150    -0.9113     0.0037    -0.9187    -0.9151     0.0037   2.777672   2.778563   0.000886    34.2671    34.2750     7.1040    27.5563    27.5625    308.756  358.46779  360.14026    34.2663    27.5557    1446.09    1446.12    -0.9186  1028.2080    34.4329 0.0000e+00
      27515 309.738523  -62.16696  -58.37552     -0.908    1448.15    134.000    132.671    -0.9179    -0.9169     0.0011    -0.9217    -0.9206     0.0011   2.777228   2.777750   0.000538    34.2651    34.2712     7.1138    27.5547    27.5597    309.181  358.50172  360.17472    34.2643    27.5541    1446.06    1446.07    -0.9215  1028.2017    34.4308 0.0000e+00
      27540 309.738536  -62.16696  -58.37552     -0.916    1448.15    133.000    131.681    -0.9208    -0.9203     0.0006    -0.9245    -0.9240     0.0006   2.776789   2.777246   0.000466    34.2629    34.2685     7.1322    27.5531    27.5576    309.982  358.53561  360.20913    34.2622    27.5525    1446.03    1446.04    -0.9244  1028.1954    34.4288 0.0000e+00
      27564 309.738547  -62.16696  -58.37552     -0.968    1448.15    132.000    130.691    -0.9216    -0.9211     0.0005    -0.9253    -0.9247     0.0005   2.776646   2.777098   0.000454    34.2625    34.2681     7.1414    27.5528    27.5573    310.382  358.54366  360.21731    34.2617    27.5522    1446.01    1446.02    -0.9251  1028.1902    34.4283 0.0000e+00
      27587 309.738558  -62.16698  -58.37552     -1.035    1448.15    131.000    129.702    -0.9232    -0.9233    -0.0001    -0.9268    -0.9269    -0.0001   2.776379   2.776757   0.000382    34.2611    34.2664     7.1541    27.5517    27.5560    310.936  358.56284  360.23677    34.2606    27.5513    1445.98    1445.99    -0.9267  1028.1846    34.4271 0.0000e+00
      27608 309.738568  -62.16698  -58.37552     -1.081    1448.15    130.000    128.712    -0.9241    -0.9239     0.0002    -0.9277    -0.9275     0.0002   2.776220   2.776612   0.000393    34.2606    34.2657     7.1690    27.5513    27.5555    311.581  358.57287  360.24697    34.2600    27.5509    1445.96    1445.97    -0.9276  1028.1794    34.4266 0.0000e+00
      27630 309.738579  -62.16698  -58.37552     -1.102    1448.15    129.000    127.722    -0.9246    -0.9244     0.0002    -0.9282    -0.9280     0.0002   2.776109   2.776527   0.000419    34.2601    34.2656     7.1843    27.5510    27.5554    312.247  358.57894  360.25312    34.2597    27.5507    1445.94    1445.95    -0.9281  1028.1744    34.4262 0.0000e+00
      27653 309.738590  -62.16698  -58.37552     -1.080    1448.15    128.000    126.732    -0.9247    -0.9240     0.0006    -0.9282    -0.9276     0.0006   2.776036   2.776544   0.000498    34.2598    34.2659     7.1921    27.5507    27.5556    312.588  358.58030  360.25448    34.2594    27.5504    1445.92    1445.93    -0.9281  1028.1693    34.4259 0.0000e+00
      27677 309.738602  -62.16698  -58.37554     -1.019    1448.15    127.000    125.742    -0.9247    -0.9245     0.0002    -0.9282    -0.9281     0.0002   2.775956   2.776364   0.000417    34.2595    34.2650     7.1945    27.5505    27.5549    312.690  358.58170  360.25587    34.2590    27.5501    1445.91    1445.92    -0.9281  1028.1642    34.4255 0.0000e+00
      27704 309.738614  -62.16698  -58.37554     -0.944    1448.15    126.000    124.753    -0.9254    -0.9253     0.0001    -0.9289    -0.9288     0.0001   2.775759   2.776187   0.000432    34.2581    34.2638     7.1937    27.5494    27.5540    312.657  358.59261  360.26686    34.2577    27.5491    1445.89    1445.90    -0.9288  1028.1584    34.4242 0.0000e+00
      27731 309.738627  -62.16698  -58.37554     -0.890    1448.15    125.000    123.763    -0.9252    -0.9253    -0.0000    -0.9287    -0.9287    -0.0000   2.775726   2.776103   0.000375    34.2581    34.2632     7.1896    27.5493    27.5535    312.479  358.59091  360.26511    34.2577    27.5490    1445.87    1445.88    -0.9286  1028.1536    34.4241 0.0000e+00
      27757 309.738640  -62.16698  -58.37554     -0.905    1448.15    124.000    122.773    -0.9254    -0.9253     0.0001    -0.9288    -0.9287     0.0001   2.775621   2.776044   0.000424    34.2573    34.2630     7.1942    27.5488    27.5533    312.678  358.59448  360.26868    34.2571    27.5486    1445.85    1445.86    -0.9287  1028.1483    34.4236 0.0000e+00
      27781 309.738651  -62.16698  -58.37554     -0.967    1448.15    123.000    121.783    -0.9252    -0.9251     0.0000    -0.9286    -0.9285     0.0000   2.775633   2.776022   0.000392    34.2578    34.2631     7.1938    27.5491    27.5534    312.662  358.59113  360.26530    34.2576    27.5490    1445.84    1445.84    -0.9285  1028.1439    34.4240 0.0000e+00
      27803 309.738662  -62.16698  -58.37554     -1.039    1448.15    122.000    120.794    -0.9256    -0.9252     0.0004    -0.9290    -0.9285     0.0004   2.775482   2.775944   0.000465    34.2570    34.2629     7.1969    27.5485    27.5532    312.797  358.59710  360.27132    34.2567    27.5482    1445.82    1445.83    -0.9289  1028.1384    34.4231 0.0000e+00
      27826 309.738673  -62.16698  -58.37554     -1.070    1448.15    121.000    119.804    -0.9261    -0.9258     0.0002    -0.9294    -0.9292     0.0002   2.775366   2.775763   0.000399    34.2565    34.2617     7.1987    27.5481    27.5523    312.873  358.60318  360.27747    34.2562    27.5479    1445.80    1445.81    -0.9293  1028.1333    34.4226 0.0000e+00
      27850 309.738685  -62.16698  -58.37554     -1.032    1448.15    120.000    118.814    -0.9262    -0.9261     0.0001    -0.9295    -0.9294     0.0001   2.775259   2.775676   0.000413    34.2559    34.2613     7.2011    27.5476    27.5520    312.978  358.60615  360.28045    34.2556    27.5473    1445.78    1445.79    -0.9294  1028.1279    34.4219 0.0000e+00
      27877 309.738698  -62.16698  -58.37554     -0.933    1448.15    119.000    117.824    -0.9261    -0.9261    -0.0001    -0.9293    -0.9294    -0.0001   2.775189   2.775602   0.000415    34.2552    34.2609     7.2047    27.5470    27.5517    313.135  358.60661  360.28083    34.2551    27.5470    1445.77    1445.77    -0.9293  1028.1228    34.4215 0.0000e+00
      27909 309.738713  -62.16698  -58.37554     -0.783    1448.15    118.000    116.834    -0.9263    -0.9259     0.0004    -0.9295    -0.9292     0.0004   2.775052   2.775567   0.000507    34.2543    34.2608     7.2052    27.5463    27.5516    313.160  358.61136  360.28558    34.2541    27.5461    1445.75    1445.76    -0.9294  1028.1171    34.4204 0.0000e+00
      27944 309.738730  -62.16698  -58.37554     -0.687    1448.15    117.000    115.845    -0.9265    -0.9259     0.0006    -0.9297    -0.9291     0.0006   2.774963   2.775512   0.000551    34.2539    34.2607     7.2098    27.5460    27.5515    313.356  358.61433  360.28857    34.2537    27.5458    1445.73    1445.74    -0.9296  1028.1121    34.4201 0.0000e+00
      27973 309.738744  -62.16698  -58.37554     -0.772    1448.15    116.000    114.854    -0.9265    -0.9263     0.0002    -0.9297    -0.9295     0.0002   2.774881   2.775312   0.000438    34.2534    34.2591     7.2108    27.5456    27.5502    313.402  358.61641  360.29064    34.2533    27.5455    1445.71    1445.72    -0.9296  1028.1069    34.4196 0.0000e+00
      27999 309.738757  -62.16698  -58.37554     -0.883    1448.15    115.000    113.865    -0.9266    -0.9264     0.0002    -0.9298    -0.9296     0.0002   2.774826   2.775262   0.000435    34.2535    34.2591     7.2160    27.5457    27.5502    313.628  358.61729  360.29156    34.2533    27.5455    1445.70    1445.70    -0.9297  1028.1021    34.4196 0.0000e+00
      28023 309.738768  -62.16698  -58.37554     -0.965    1448.15    114.000    112.875    -0.9268    -0.9266     0.0003    -0.9300    -0.9297     0.0003   2.774714   2.775156   0.000442    34.2528    34.2585     7.2185    27.5451    27.5497    313.737  358.62107  360.29534    34.2526    27.5450    1445.68    1445.69    -0.9299  1028.0968    34.4189 0.0000e+00
      28046 309.738779  -62.16698  -58.37554     -1.024    1448.15    113.000    111.885    -0.9272    -0.9268     0.0003    -0.9303    -0.9300     0.0003   2.774606   2.775050   0.000434    34.2523    34.2579     7.2162    27.5447    27.5492    313.635  358.62517  360.29947    34.2521    27.5446    1445.66    1445.67    -0.9302  1028.0916    34.4184 0.0000e+00
      28070 309.738791  -62.16698  -58.37554     -1.030    1448.15    112.000    110.895    -0.9274    -0.9270     0.0004    -0.9304    -0.9301     0.0004   2.774512   2.774969   0.000465    34.2519    34.2578     7.2171    27.5444    27.5492    313.675  358.62866  360.30299    34.2517    27.5443    1445.64    1445.65    -0.9304  1028.0865    34.4180 0.0000e+00
      28096 309.738804  -62.16698  -58.37554     -0.962    1448.15    111.000    109.905    -0.9276    -0.9272     0.0003    -0.9306    -0.9303     0.0003   2.774434   2.774867   0.000430    34.2516    34.2571     7.2265    27.5442    27.5486    314.085  358.63107  360.30543    34.2515    27.5441    1445.62    1445.63    -0.9305  1028.0815    34.4178 0.0000e+00
      28126 309.738818  -62.16698  -58.37554     -0.835    1448.15    110.000    108.915    -0.9276    -0.9273     0.0003    -0.9307    -0.9303     0.0003   2.774382   2.774833   0.000452    34.2516    34.2573     7.2232    27.5441    27.5488    313.940  358.63187  360.30623    34.2515    27.5441    1445.61    1445.62    -0.9305  1028.0767    34.4177 0.0000e+00
      28157 309.738833  -62.16698  -58.37554     -0.770    1448.15    109.000    107.925    -0.9276    -0.9272     0.0004    -0.9306    -0.9302     0.0004   2.774354   2.774795   0.000438    34.2518    34.2573     7.2257    27.5443    27.5488    314.050  358.63095  360.30532    34.2517    27.5443    1445.59    1445.60    -0.9305  1028.0730    34.4190 0.0000e+00
      28187 309.738848  -62.16698 -9.990e-29     -0.782    1448.15    108.000    106.937    -0.9277    -0.9273     0.0004    -0.9306    -0.9303     0.0004   2.774247   2.774696   0.000454    34.2511    34.2568     7.2244    27.5437    27.5484    313.993  358.63379  360.30813    34.2510    27.5437    1445.57    1445.58    -0.9306  1028.0676    34.4183 0.0000e+00
