Pos-Processados/process_op38/Processamento_split/up/uoperantar38_010.cnv
* Sea-Bird SBE 9 Data File:
* FileName = D:\OPERANTAR_XXXVIII\DADOS\OP38_010.hdr
* Software Version Seasave V 7.18c
* Temperature SN = 4808
* Conductivity SN = 3380
* Number of Bytes Per Scan = 31
* Number of Voltage Words = 2
* Number of Scans Averaged by the Deck Unit = 1
* NMEA Latitude = 43 58.12 S
* NMEA Longitude = 053 08.81 W
* NMEA UTC (Time) = Oct 20 2019 12:04:22
** H41
** NAVIO POLAR ALMIRANTE MAXIMIANO
** CRUZEIRO:
** OPERANTAR XXXVIII
** ESTAÇÃO: OP38_010
** LAT 43 58,10'S
** LONG 053 08,81'W
** 09P73767-1155
** PROFUNDIDADE: 5740
** DATA/HORA: 201205Z/OUT/19
** OPERADOR: SO-HN CHAVES
# nquan = 30
# nvalues = 1057                        
# units = specified
# name 0 = scan: Scan Count
# name 1 = timeJ: Julian Days
# name 2 = latitude: Latitude [deg]
# name 3 = longitude: Longitude [deg]
# name 4 = dz/dtM: Descent Rate [m/s]
# name 5 = avgsvCM: Average Sound Velocity [Chen-Millero, m/s]
# name 6 = prDM: Pressure, Digiquartz [db]
# name 7 = depSM: Depth [salt water, m]
# name 8 = t090C: Temperature [ITS-90, deg C]
# name 9 = t190C: Temperature, 2 [ITS-90, deg C]
# name 10 = T2-T190C: Temperature Difference, 2 - 1 [ITS-90, deg C]
# name 11 = potemp090C: Potential Temperature [ITS-90, deg C]
# name 12 = potemp190C: Potential Temperature, 2 [ITS-90, deg C]
# name 13 = potemp90Cdiff: Potential Temperature, Diff, 2 - 1 [ITS-90, deg C]
# name 14 = c0S/m: Conductivity [S/m]
# name 15 = c1S/m: Conductivity, 2 [S/m]
# name 16 = C2-C1S/m: Conductivity Difference, 2 - 1 [S/m]
# name 17 = sal00: Salinity, Practical [PSU]
# name 18 = sal11: Salinity, Practical, 2 [PSU]
# name 19 = sbeox0ML/L: Oxygen, SBE 43 [ml/l]
# name 20 = sigma-é00: Density [sigma-theta, kg/m^3]
# name 21 = sigma-é11: Density, 2 [sigma-theta, kg/m^3]
# name 22 = sal00: Salinity, Practical [PSU]
# name 23 = sigma-é00: Density [sigma-theta, kg/m^3]
# name 24 = svCM: Sound Velocity [Chen-Millero, m/s]
# name 25 = svCM1: Sound Velocity, 2 [Chen-Millero, m/s]
# name 26 = gsw_ptA0: potential temperature [ITS-90, deg C]
# name 27 = gsw_densityA0: density, TEOS-10 [density, kg/m^3]
# name 28 = gsw_saA0: Absolute Salinity [g/kg]
# name 29 = flag:
# span 0 =      34062,      69201       
# span 1 = 293.519458, 293.536404       
# span 2 =  -43.98455,  -43.97340       
# span 3 =  -53.14555,  -53.14225       
# span 4 =     -1.437,     -0.108       
# span 5 =    1496.44,    1496.44       
# span 6 =      2.000,   1058.000       
# span 7 =      2.030,   1046.846       
# span 8 =     3.7708,    14.2396       
# span 9 =     3.7720,    14.2437       
# span 10 =    -0.0510,     0.0271      
# span 11 =     3.6927,    14.2391      
# span 12 =     3.6938,    14.2432      
# span 13 =    -0.0508,     0.0269      
# span 14 =   3.216257,   4.299378      
# span 15 =   3.216731,   4.300119      
# span 16 =  -0.004643,   0.002914      
# span 17 =    34.1926,    35.6751      
# span 18 =    34.1978,    35.6808      
# span 19 =     4.8076,     5.8067      
# span 20 =    26.6565,    27.1966      
# span 21 =    26.6597,    27.2000      
# span 22 =    34.1926,    35.6741      
# span 23 =    26.6567,    27.1967      
# span 24 =    1481.80,    1511.03      
# span 25 =    1481.82,    1511.04      
# span 26 =     3.6925,    14.2391      
# span 27 =  1026.6710,  1032.0762      
# span 28 =    34.3572,    35.8429      
# span 29 = 0.0000e+00, 0.0000e+00      
# interval = decibars: 1                
# start_time = Oct 20 2019 12:04:22 [NMEA time, header]
# bad_flag = -9.990e-29
*END*
[from data line 49]
      36062 293.520423  -43.97406 -9.990e-29     -1.074    1496.44   1009.000    998.478     3.9701     3.9690    -0.0010     3.8944     3.8933    -0.0011   3.231796   3.232047   0.000291    34.2197    34.2242     5.3159    27.1762    27.1799    34.2215    27.1776    1482.09    1482.09     3.8942  1031.8284    34.3866 0.0000e+00
      36093 293.520438  -43.97407  -53.14534     -0.813    1496.44   1008.000    997.491     3.9726     3.9732     0.0007     3.8969     3.8976     0.0006   3.231931   3.232416   0.000442    34.2196    34.2242     5.3158    27.1759    27.1795    34.2210    27.1770    1482.08    1482.09     3.8967  1031.8232    34.3861 0.0000e+00
      36120 293.520451  -43.97408  -53.14534     -0.813    1496.44   1007.000    996.504     3.9753     3.9772     0.0019     3.8997     3.9016     0.0019   3.232068   3.232661   0.000574    34.2194    34.2241     5.3172    27.1754    27.1790    34.2204    27.1762    1482.08    1482.09     3.8995  1031.8177    34.3855 0.0000e+00
      36142 293.520462  -43.97409  -53.14534     -0.980    1496.44   1006.000    995.517     3.9757     3.9780     0.0024     3.9002     3.9025     0.0023   3.232137   3.232736   0.000611    34.2198    34.2245     5.3189    27.1757    27.1792    34.2212    27.1769    1482.07    1482.08     3.9000  1031.8138    34.3863 0.0000e+00
      36162 293.520471  -43.97410  -53.14534     -1.142    1496.44   1005.000    994.530     3.9816     3.9847     0.0031     3.9062     3.9092     0.0031   3.232750   3.233549   0.000747    34.2205    34.2261     5.3197    27.1757    27.1798    34.2228    27.1775    1482.08    1482.09     3.9059  1031.8097    34.3879 0.0000e+00
      36180 293.520480  -43.97410  -53.14534     -1.250    1496.44   1004.000    993.542     3.9968     3.9998     0.0030     3.9214     3.9243     0.0029   3.234234   3.234893   0.000677    34.2221    34.2270     5.3193    27.1754    27.1790    34.2250    27.1777    1482.13    1482.14     3.9211  1031.8050    34.3901 0.0000e+00
      36199 293.520489  -43.97410  -53.14534     -1.282    1496.44   1003.000    992.555     4.0121     4.0149     0.0028     3.9366     3.9394     0.0028   3.235648   3.236285   0.000665    34.2234    34.2283     5.3214    27.1749    27.1785    34.2264    27.1773    1482.17    1482.19     3.9364  1031.7995    34.3915 0.0000e+00
      36219 293.520499  -43.97412  -53.14532     -1.244    1496.44   1002.000    991.568     4.0186     4.0198     0.0012     3.9431     3.9443     0.0012   3.236024   3.236530   0.000506    34.2228    34.2275     5.3242    27.1737    27.1774    34.2246    27.1751    1482.18    1482.19     3.9429  1031.7927    34.3897 0.0000e+00
      36240 293.520509  -43.97412  -53.14532     -1.181    1496.44   1001.000    990.581     4.0198     4.0209     0.0011     3.9444     3.9455     0.0011   3.236072   3.236580   0.000512    34.2227    34.2276     5.3173    27.1736    27.1773    34.2244    27.1749    1482.17    1482.18     3.9442  1031.7878    34.3895 0.0000e+00
      36262 293.520519  -43.97412  -53.14532     -1.133    1496.44   1000.000    989.593     4.0214     4.0227     0.0014     3.9460     3.9473     0.0013   3.236127   3.236651   0.000526    34.2224    34.2272     5.3044    27.1731    27.1768    34.2239    27.1743    1482.16    1482.17     3.9458  1031.7827    34.3890 0.0000e+00
      36284 293.520530  -43.97413  -53.14532     -1.095    1496.44    999.000    988.606     4.0233     4.0249     0.0016     3.9480     3.9496     0.0015   3.236229   3.236778   0.000548    34.2223    34.2271     5.3028    27.1728    27.1765    34.2236    27.1739    1482.15    1482.16     3.9478  1031.7776    34.3887 0.0000e+00
      36307 293.520541  -43.97414  -53.14532     -1.066    1496.44    998.000    987.619     4.0265     4.0283     0.0017     3.9513     3.9530     0.0017   3.236525   3.237128   0.000582    34.2226    34.2276     5.3048    27.1727    27.1766    34.2243    27.1741    1482.15    1482.17     3.9511  1031.7732    34.3893 0.0000e+00
      36328 293.520551  -43.97415  -53.14532     -1.084    1496.44    997.000    986.632     4.0331     4.0365     0.0033     3.9579     3.9612     0.0033   3.237096   3.237773   0.000689    34.2227    34.2273     5.2984    27.1722    27.1755    34.2247    27.1737    1482.16    1482.18     3.9577  1031.7681    34.3898 0.0000e+00
      36347 293.520560  -43.97416  -53.14532     -1.159    1496.44    996.000    985.645     4.0388     4.0409     0.0021     3.9636     3.9657     0.0020   3.237460   3.238044   0.000596    34.2220    34.2269     5.2992    27.1710    27.1746    34.2236    27.1722    1482.17    1482.18     3.9635  1031.7619    34.3886 0.0000e+00
      36365 293.520569  -43.97416  -53.14532     -1.259    1496.44    995.000    984.657     4.0421     4.0433     0.0013     3.9670     3.9682     0.0012   3.237686   3.238201   0.000510    34.2219    34.2266     5.3073    27.1706    27.1742    34.2234    27.1717    1482.16    1482.17     3.9668  1031.7568    34.3884 0.0000e+00
      36383 293.520578  -43.97417  -53.14532     -1.335    1496.44    994.000    983.670     4.0444     4.0454     0.0009     3.9694     3.9703     0.0009   3.237850   3.238327   0.000487    34.2219    34.2267     5.3151    27.1703    27.1740    34.2234    27.1715    1482.16    1482.17     3.9692  1031.7519    34.3884 0.0000e+00
      36402 293.520587  -43.97418  -53.14532     -1.337    1496.44    993.000    982.683     4.0473     4.0486     0.0013     3.9723     3.9736     0.0013   3.238057   3.238618   0.000538    34.2220    34.2269     5.3201    27.1701    27.1739    34.2233    27.1712    1482.15    1482.16     3.9721  1031.7470    34.3884 0.0000e+00
      36423 293.520597  -43.97418  -53.14532     -1.225    1496.44    992.000    981.706     4.0523     4.0549     0.0026     3.9773     3.9799     0.0025   3.238515   3.239117   0.000614    34.2223    34.2268     5.3178    27.1698    27.1732    34.2240    27.1712    1482.16    1482.17     3.9772  1031.7423    34.3891 0.0000e+00
      36450 293.520610  -43.97419  -53.14532     -0.999    1496.44    991.000    980.700     4.0575     4.0595     0.0020     3.9826     3.9846     0.0019   3.238883   3.239443   0.000557    34.2222    34.2267     5.3136    27.1692    27.1726    34.2235    27.1702    1482.16    1482.18     3.9824  1031.7366    34.3885 0.0000e+00
      36478 293.520624  -43.97420  -53.14531     -0.852    1496.44    990.000    979.721     4.0569     4.0564    -0.0005     3.9821     3.9816    -0.0005   3.238572   3.238881   0.000314    34.2209    34.2251     5.3198    27.1682    27.1716    34.2210    27.1683    1482.14    1482.14     3.9819  1031.7302    34.3860 0.0000e+00
      36506 293.520637  -43.97420  -53.14530     -0.851    1496.44    989.000    978.734     4.0398     4.0390    -0.0008     3.9652     3.9644    -0.0008   3.236589   3.236727   0.000223    34.2164    34.2198     5.3222    27.1663    27.1692    34.2159    27.1659    1482.05    1482.04     3.9650  1031.7238    34.3809 0.0000e+00
      36530 293.520649  -43.97422  -53.14530     -0.935    1496.44    988.000    977.746     4.0319     4.0291    -0.0027     3.9574     3.9547    -0.0027   3.235622   3.235781   0.000084    34.2144    34.2182     5.3218    27.1656    27.1689    34.2132    27.1646    1481.99    1481.99     3.9572  1031.7181    34.3781 0.0000e+00
      36551 293.520659  -43.97422  -53.14530     -1.053    1496.44    987.000    976.759     4.0278     4.0286     0.0007     3.9535     3.9542     0.0007   3.235197   3.235663   0.000458    34.2130    34.2176     5.3318    27.1649    27.1685    34.2128    27.1647    1481.96    1481.97     3.9533  1031.7138    34.3778 0.0000e+00
      36569 293.520668  -43.97422  -53.14530     -1.189    1496.44    986.000    975.772     4.0287     4.0308     0.0021     3.9545     3.9566     0.0021   3.235213   3.235823   0.000604    34.2126    34.2175     5.3557    27.1644    27.1681    34.2126    27.1645    1481.94    1481.96     3.9543  1031.7089    34.3776 0.0000e+00
      36587 293.520676  -43.97422  -53.14530     -1.304    1496.44    985.000    974.784     4.0316     4.0326     0.0010     3.9574     3.9584     0.0010   3.235434   3.235935   0.000502    34.2125    34.2173     5.3795    27.1640    27.1678    34.2127    27.1642    1481.94    1481.95     3.9572  1031.7041    34.3777 0.0000e+00
      36605 293.520685  -43.97424  -53.14530     -1.356    1496.44    984.000    973.797     4.0338     4.0352     0.0013     3.9597     3.9610     0.0013   3.235581   3.236097   0.000523    34.2124    34.2171     5.3998    27.1637    27.1674    34.2127    27.1640    1481.93    1481.95     3.9595  1031.6992    34.3776 0.0000e+00
      36626 293.520695  -43.97424 -9.990e-29     -1.257    1496.44    983.000    972.810     4.0359     4.0378     0.0019     3.9619     3.9637     0.0018   3.235718   3.236304   0.000567    34.2124    34.2171     5.4139    27.1635    27.1671    34.2126    27.1637    1481.92    1481.94     3.9617  1031.6943    34.3776 0.0000e+00
      36655 293.520709  -43.97426 -9.990e-29     -0.949    1496.44    982.000    971.823     4.0371     4.0428     0.0057     3.9632     3.9688     0.0056   3.235827   3.236757   0.000895    34.2129    34.2175     5.4225    27.1638    27.1669    34.2131    27.1640    1481.91    1481.94     3.9630  1031.6900    34.3781 0.0000e+00
      36682 293.520722  -43.97426 -9.990e-29     -0.809    1496.44    981.000    970.835     4.0434     4.0485     0.0051     3.9695     3.9745     0.0050   3.236488   3.237273   0.000818    34.2135    34.2179     5.4163    27.1636    27.1666    34.2149    27.1647    1481.93    1481.95     3.9693  1031.6860    34.3798 0.0000e+00
      36704 293.520733  -43.97426  -53.14528     -0.979    1496.44    980.000    969.848     4.0537     4.0552     0.0015     3.9798     3.9812     0.0015   3.237315   3.237874   0.000561    34.2134    34.2184     5.4116    27.1625    27.1664    34.2145    27.1634    1481.95    1481.96     3.9796  1031.6798    34.3794 0.0000e+00
      36724 293.520742  -43.97428  -53.14528     -1.149    1496.44    979.000    968.861     4.0597     4.0597    -0.0001     3.9858     3.9858    -0.0001   3.237798   3.238205   0.000425    34.2134    34.2184     5.4116    27.1619    27.1659    34.2144    27.1627    1481.96    1481.97     3.9856  1031.6744    34.3794 0.0000e+00
      36744 293.520752  -43.97428  -53.14528     -1.219    1496.44    978.000    967.873     4.0624     4.0639     0.0015     3.9886     3.9900     0.0015   3.237985   3.238579   0.000580    34.2136    34.2188     5.4042    27.1617    27.1657    34.2144    27.1624    1481.95    1481.97     3.9884  1031.6695    34.3793 0.0000e+00
      36767 293.520763  -43.97429  -53.14528     -1.131    1496.44    977.000    966.886     4.0677     4.0704     0.0027     3.9939     3.9966     0.0026   3.238511   3.239188   0.000665    34.2143    34.2194     5.3938    27.1618    27.1655    34.2156    27.1628    1481.96    1481.98     3.9937  1031.6652    34.3806 0.0000e+00
      36793 293.520776  -43.97430  -53.14528     -0.956    1496.44    976.000    965.899     4.0779     4.0874     0.0096     4.0041     4.0136     0.0095   3.239501   3.240795   0.001268    34.2153    34.2203     5.3901    27.1615    27.1645    34.2172    27.1631    1481.99    1482.04     4.0039  1031.6606    34.3822 0.0000e+00
      36820 293.520788  -43.97430  -53.14526     -0.884    1496.44    975.000    964.911     4.0884     4.0904     0.0021     4.0146     4.0166     0.0020   3.240288   3.240788   0.000533    34.2149    34.2190     5.3924    27.1601    27.1632    34.2161    27.1611    1482.02    1482.03     4.0144  1031.6538    34.3811 0.0000e+00
      36843 293.520800  -43.97432  -53.14526     -0.958    1496.44    974.000    963.924     4.0946     4.0957     0.0011     4.0208     4.0219     0.0011   3.240776   3.241382   0.000566    34.2141    34.2195     5.3895    27.1588    27.1630    34.2160    27.1603    1482.03    1482.04     4.0206  1031.6483    34.3809 0.0000e+00
      36864 293.520810  -43.97432  -53.14526     -1.080    1496.44    973.000    962.937     4.1056     4.1078     0.0022     4.0319     4.0340     0.0022   3.241738   3.242308   0.000610    34.2142    34.2191     5.3901    27.1578    27.1614    34.2164    27.1595    1482.05    1482.07     4.0317  1031.6427    34.3813 0.0000e+00
      36882 293.520818  -43.97433  -53.14526     -1.214    1496.44    972.000    961.949     4.1089     4.1103     0.0013     4.0353     4.0366     0.0013   3.241856   3.242385   0.000537    34.2133    34.2182     5.3921    27.1567    27.1605    34.2148    27.1579    1482.05    1482.06     4.0350  1031.6364    34.3797 0.0000e+00
      36899 293.520827  -43.97434  -53.14526     -1.329    1496.44    971.000    960.962     4.1132     4.1136     0.0004     4.0396     4.0400     0.0004   3.242175   3.242692   0.000504    34.2128    34.2183     5.3917    27.1559    27.1602    34.2146    27.1573    1482.05    1482.06     4.0394  1031.6312    34.3795 0.0000e+00
      36917 293.520835  -43.97434  -53.14526     -1.377    1496.44    970.000    959.974     4.1186     4.1216     0.0030     4.0450     4.0479     0.0029   3.242638   3.243304   0.000670    34.2131    34.2179     5.3980    27.1555    27.1590    34.2150    27.1570    1482.06    1482.08     4.0448  1031.6262    34.3799 0.0000e+00
      36938 293.520846  -43.97434  -53.14526     -1.266    1496.44    969.000    958.987     4.1229     4.1252     0.0023     4.0493     4.0516     0.0023   3.242902   3.243551   0.000622    34.2128    34.2178     5.4062    27.1549    27.1585    34.2142    27.1560    1482.06    1482.07     4.0491  1031.6205    34.3791 0.0000e+00
      36967 293.520859  -43.97436  -53.14526     -0.933    1496.44    968.000    958.000     4.1265     4.1300     0.0035     4.0530     4.0564     0.0035   3.243236   3.243909   0.000703    34.2132    34.2178     5.4094    27.1548    27.1581    34.2149    27.1561    1482.06    1482.08     4.0528  1031.6160    34.3798 0.0000e+00
      36995 293.520873  -43.97436  -53.14526     -0.810    1496.44    967.000    957.012     4.1319     4.1345     0.0025     4.0585     4.0610     0.0025   3.243659   3.244329   0.000670    34.2133    34.2186     5.4107    27.1543    27.1582    34.2147    27.1554    1482.06    1482.08     4.0583  1031.6106    34.3796 0.0000e+00
      37017 293.520883  -43.97436  -53.14524     -0.984    1496.44    966.000    956.025     4.1346     4.1356     0.0010     4.0612     4.0622     0.0010   3.243846   3.244326   0.000505    34.2134    34.2183     5.4142    27.1541    27.1579    34.2147    27.1551    1482.06    1482.07     4.0610  1031.6057    34.3795 0.0000e+00
      37037 293.520893  -43.97438  -53.14524     -1.141    1496.44    965.000    955.037     4.1384     4.1393     0.0009     4.0651     4.0660     0.0009   3.244171   3.244723   0.000530    34.2134    34.2187     5.4097    27.1537    27.1578    34.2150    27.1550    1482.06    1482.07     4.0649  1031.6009    34.3799 0.0000e+00
      37057 293.520903  -43.97438  -53.14524     -1.184    1496.44    964.000    954.050     4.1428     4.1432     0.0004     4.0696     4.0700     0.0004   3.244480   3.244916   0.000451    34.2133    34.2182     5.4078    27.1532    27.1570    34.2146    27.1542    1482.06    1482.07     4.0694  1031.5954    34.3795 0.0000e+00
      37080 293.520914  -43.97439  -53.14524     -1.108    1496.44    963.000    953.063     4.1447     4.1459     0.0011     4.0715     4.0726     0.0011   3.244599   3.245135   0.000522    34.2134    34.2184     5.4083    27.1530    27.1569    34.2145    27.1539    1482.05    1482.06     4.0713  1031.5906    34.3794 0.0000e+00
