Pos-Processados/process_op38/Processamento_split/up/uoperantar38_008.cnv
* Sea-Bird SBE 9 Data File:
* FileName = D:\OPERANTAR_XXXVIII\DADOS\OP38_008.hdr
* Software Version Seasave V 7.18c
* Temperature SN = 4808
* Conductivity SN = 3380
* Number of Bytes Per Scan = 31
* Number of Voltage Words = 2
* Number of Scans Averaged by the Deck Unit = 1
* NMEA Latitude = 44 37.30 S
* NMEA Longitude = 052 09.37 W
* NMEA UTC (Time) = Oct 20 2019 01:25:54
** H41
** NAVIO POLAR ALMIRANTE MAXIMIANO
** CRUZEIRO:
** OPERANTAR XXXVIII
** ESTAวรO: OP38_008
** LAT 44บ 37,32'S
** LONG 052บ 09,39'W
** 09P73767-1155
** PROFUNDIDADE: 5784
** DATA/HORA: 200126Z/OUT/19
** OPERADOR: CT TECCHIO
# nquan = 30
# nvalues = 1041                        
# units = specified
# name 0 = scan: Scan Count
# name 1 = timeJ: Julian Days
# name 2 = latitude: Latitude [deg]
# name 3 = longitude: Longitude [deg]
# name 4 = dz/dtM: Descent Rate [m/s]
# name 5 = avgsvCM: Average Sound Velocity [Chen-Millero, m/s]
# name 6 = prDM: Pressure, Digiquartz [db]
# name 7 = depSM: Depth [salt water, m]
# name 8 = t090C: Temperature [ITS-90, deg C]
# name 9 = t190C: Temperature, 2 [ITS-90, deg C]
# name 10 = T2-T190C: Temperature Difference, 2 - 1 [ITS-90, deg C]
# name 11 = potemp090C: Potential Temperature [ITS-90, deg C]
# name 12 = potemp190C: Potential Temperature, 2 [ITS-90, deg C]
# name 13 = potemp90Cdiff: Potential Temperature, Diff, 2 - 1 [ITS-90, deg C]
# name 14 = c0S/m: Conductivity [S/m]
# name 15 = c1S/m: Conductivity, 2 [S/m]
# name 16 = C2-C1S/m: Conductivity Difference, 2 - 1 [S/m]
# name 17 = sal00: Salinity, Practical [PSU]
# name 18 = sal11: Salinity, Practical, 2 [PSU]
# name 19 = sbeox0ML/L: Oxygen, SBE 43 [ml/l]
# name 20 = sigma-้00: Density [sigma-theta, kg/m^3]
# name 21 = sigma-้11: Density, 2 [sigma-theta, kg/m^3]
# name 22 = sal00: Salinity, Practical [PSU]
# name 23 = sigma-้00: Density [sigma-theta, kg/m^3]
# name 24 = svCM: Sound Velocity [Chen-Millero, m/s]
# name 25 = svCM1: Sound Velocity, 2 [Chen-Millero, m/s]
# name 26 = gsw_ptA0: potential temperature [ITS-90, deg C]
# name 27 = gsw_densityA0: density, TEOS-10 [density, kg/m^3]
# name 28 = gsw_saA0: Absolute Salinity [g/kg]
# name 29 = flag:
# span 0 =      34368,      73448       
# span 1 = 293.076226, 293.095073       
# span 2 =  -44.62010,  -44.60889       
# span 3 =  -52.15423,  -52.14131       
# span 4 =     -1.531,     -0.190       
# span 5 =    1479.61,    1479.61       
# span 6 =      3.000,   1043.000       
# span 7 =      3.012,   1031.979       
# span 8 =     3.0034,    13.2703       
# span 9 =     3.0035,    13.2538       
# span 10 =    -0.1966,     0.2897      
# span 11 =     2.9326,    13.2618      
# span 12 =     2.9327,    13.2451      
# span 13 =    -0.1963,     0.2892      
# span 14 =   3.152741,   4.155890      
# span 15 =   3.153316,   4.154060      
# span 16 =  -0.020591,   0.033213      
# span 17 =    34.1211,    35.2723      
# span 18 =    34.1265,    35.2754      
# span 19 =     4.6656,     6.4395      
# span 20 =    26.4779,    27.3382      
# span 21 =    26.4827,    27.3423      
# span 22 =    34.1201,    35.3006      
# span 23 =    26.4774,    27.3382      
# span 24 =    1475.02,    1502.44      
# span 25 =    1475.03,    1502.41      
# span 26 =     2.9324,    13.2618      
# span 27 =  1026.4971,  1032.1698      
# span 28 =    34.2823,    35.4673      
# span 29 = 0.0000e+00, 0.0000e+00      
# interval = decibars: 1                
# start_time = Oct 20 2019 01:25:54 [NMEA time, header]
# bad_flag = -9.990e-29
*END*
[from data line 436]
      46343 293.082001  -44.61650  -52.15019     -0.772    1479.61    607.000    601.213     4.1555     4.1553    -0.0002     4.1109     4.1108    -0.0002   3.225954   3.226454   0.000507    34.1645    34.1707     5.8613    27.1101    27.1150    34.1650    27.1104    1476.15    1476.16     4.1109  1029.9175    34.3278 0.0000e+00
      46374 293.082016  -44.61648  -52.15018     -0.714    1479.61    606.000    600.224     4.1574     4.1573    -0.0001     4.1130     4.1128    -0.0001   3.225890   3.226443   0.000559    34.1624    34.1691     5.8651    27.1081    27.1135    34.1627    27.1084    1476.14    1476.15     4.1128  1029.9109    34.3255 0.0000e+00
      46398 293.082028  -44.61648  -52.15016     -0.909    1479.61    605.000    599.235     4.1570     4.1571     0.0001     4.1126     4.1127     0.0001   3.225798   3.226234   0.000445    34.1624    34.1676     5.8733    27.1082    27.1123    34.1626    27.1084    1476.12    1476.13     4.1125  1029.9063    34.3254 0.0000e+00
      46418 293.082038  -44.61648  -52.15016     -1.087    1479.61    604.000    598.246     4.1564     4.1564     0.0000     4.1121     4.1121     0.0000   3.225669   3.226115   0.000447    34.1620    34.1672     5.8815    27.1080    27.1121    34.1622    27.1081    1476.10    1476.11     4.1120  1029.9014    34.3250 0.0000e+00
      46438 293.082047  -44.61647  -52.15015     -1.181    1479.61    603.000    597.257     4.1560     4.1561     0.0001     4.1118     4.1119     0.0001   3.225560   3.226022   0.000463    34.1617    34.1671     5.8935    27.1078    27.1120    34.1618    27.1078    1476.08    1476.09     4.1117  1029.8966    34.3246 0.0000e+00
      46460 293.082058  -44.61646  -52.15014     -1.160    1479.61    602.000    596.268     4.1558     4.1560     0.0002     4.1117     4.1119     0.0002   3.225459   3.225949   0.000485    34.1613    34.1667     5.9017    27.1074    27.1117    34.1614    27.1075    1476.07    1476.07     4.1116  1029.8916    34.3241 0.0000e+00
      46483 293.082069  -44.61646  -52.15013     -1.070    1479.61    601.000    595.279     4.1566     4.1573     0.0007     4.1125     4.1132     0.0007   3.225465   3.226021   0.000547    34.1609    34.1666     5.9039    27.1070    27.1115    34.1611    27.1072    1476.05    1476.06     4.1124  1029.8868    34.3239 0.0000e+00
      46508 293.082081  -44.61645  -52.15012     -1.005    1479.61    600.000    594.289     4.1585     4.1605     0.0020     4.1145     4.1164     0.0020   3.225582   3.226227   0.000646    34.1607    34.1663     5.9008    27.1067    27.1109    34.1611    27.1069    1476.04    1476.06     4.1144  1029.8819    34.3238 0.0000e+00
      46532 293.082092  -44.61644  -52.15012     -0.992    1479.61    599.000    593.301     4.1611     4.1624     0.0013     4.1171     4.1184     0.0013   3.225759   3.226339   0.000586    34.1606    34.1661     5.9058    27.1063    27.1106    34.1610    27.1066    1476.04    1476.05     4.1170  1029.8769    34.3238 0.0000e+00
      46555 293.082104  -44.61643  -52.15011     -1.003    1479.61    598.000    592.311     4.1632     4.1645     0.0013     4.1193     4.1206     0.0012   3.225900   3.226491   0.000584    34.1605    34.1661     5.9102    27.1060    27.1103    34.1609    27.1063    1476.03    1476.04     4.1193  1029.8720    34.3237 0.0000e+00
      46581 293.082116  -44.61642  -52.15010     -0.979    1479.61    597.000    591.322     4.1652     4.1663     0.0011     4.1214     4.1225     0.0011   3.226016   3.226606   0.000584    34.1604    34.1661     5.9043    27.1057    27.1102    34.1608    27.1060    1476.02    1476.03     4.1213  1029.8670    34.3235 0.0000e+00
      46609 293.082130  -44.61642  -52.15010     -0.883    1479.61    596.000    590.333     4.1669     4.1685     0.0016     4.1232     4.1248     0.0016   3.226148   3.226733   0.000598    34.1605    34.1659     5.9118    27.1056    27.1097    34.1611    27.1060    1476.01    1476.03     4.1231  1029.8624    34.3238 0.0000e+00
      46640 293.082144  -44.61640  -52.15008     -0.791    1479.61    595.000    589.344     4.1717     4.1709    -0.0007     4.1280     4.1273    -0.0008   3.226498   3.226926   0.000424    34.1602    34.1659     5.9162    27.1048    27.1095    34.1608    27.1053    1476.02    1476.02     4.1279  1029.8570    34.3235 0.0000e+00
      46666 293.082157  -44.61640  -52.15008     -0.859    1479.61    594.000    588.355     4.1738     4.1754     0.0015     4.1303     4.1318     0.0015   3.226635   3.227251   0.000595    34.1601    34.1655     5.9187    27.1046    27.1087    34.1607    27.1050    1476.01    1476.02     4.1301  1029.8521    34.3234 0.0000e+00
      46688 293.082168  -44.61640  -52.15006     -0.993    1479.61    593.000    587.366     4.1764     4.1847     0.0083     4.1329     4.1411     0.0082   3.226854   3.228067   0.001185    34.1602    34.1656     5.9207    27.1044    27.1078    34.1611    27.1050    1476.00    1476.05     4.1328  1029.8475    34.3238 0.0000e+00
      46711 293.082179  -44.61638  -52.15006     -1.070    1479.61    592.000    586.377     4.1823     4.1888     0.0065     4.1388     4.1453     0.0065   3.227316   3.228334   0.001013    34.1600    34.1652     5.9207    27.1036    27.1070    34.1609    27.1043    1476.01    1476.04     4.1387  1029.8421    34.3237 0.0000e+00
      46737 293.082191  -44.61638  -52.15004     -0.993    1479.61    591.000    585.388     4.1881     4.1924     0.0042     4.1447     4.1489     0.0042   3.227770   3.228602   0.000841    34.1597    34.1652     5.9243    27.1027    27.1067    34.1608    27.1036    1476.02    1476.04     4.1446  1029.8367    34.3235 0.0000e+00
      46765 293.082205  -44.61637  -52.15003     -0.860    1479.61    590.000    584.399     4.1965     4.1952    -0.0012     4.1531     4.1519    -0.0012   3.228465   3.228804   0.000364    34.1596    34.1652     5.9239    27.1018    27.1063    34.1608    27.1027    1476.04    1476.04     4.1530  1029.8311    34.3236 0.0000e+00
      46790 293.082217  -44.61636  -52.15002     -0.902    1479.61    589.000    583.410     4.2002     4.2041     0.0039     4.1569     4.1608     0.0039   3.228744   3.229680   0.000853    34.1596    34.1656     5.9180    27.1014    27.1057    34.1607    27.1022    1476.04    1476.06     4.1568  1029.8260    34.3234 0.0000e+00
      46810 293.082227  -44.61636  -52.15002     -1.060    1479.61    588.000    582.420     4.2106     4.2186     0.0080     4.1673     4.1753     0.0080   3.229785   3.230993   0.001206    34.1603    34.1661     5.9164    27.1008    27.1046    34.1627    27.1028    1476.06    1476.11     4.1672  1029.8217    34.3255 0.0000e+00
      46830 293.082236  -44.61634  -52.15002     -1.170    1479.61    587.000    581.431     4.2225     4.2285     0.0060     4.1792     4.1852     0.0060   3.230695   3.231736   0.001030    34.1601    34.1660     5.9204    27.0994    27.1035    34.1617    27.1007    1476.10    1476.13     4.1791  1029.8149    34.3244 0.0000e+00
      46854 293.082248  -44.61634  -52.15000     -1.102    1479.61    586.000    580.442     4.2290     4.2315     0.0025     4.1858     4.1882     0.0024   3.231249   3.231919   0.000709    34.1602    34.1660     5.9222    27.0988    27.1032    34.1620    27.1002    1476.11    1476.12     4.1857  1029.8097    34.3247 0.0000e+00
      46886 293.082263  -44.61634  -52.15000     -0.831    1479.61    585.000    579.455     4.2487     4.2319    -0.0168     4.2055     4.1887    -0.0167   3.233261   3.231996  -0.001092    34.1619    34.1665     5.9186    27.0981    27.1035    34.1657    27.1011    1476.18    1476.11     4.2054  1029.8057    34.3285 0.0000e+00
      46917 293.082278  -44.61633  -52.14999     -0.746    1479.61    584.000    578.461     4.2651     4.2571    -0.0080     4.2218     4.2139    -0.0079   3.234427   3.234360  -0.000179    34.1614    34.1675     5.9150    27.0960    27.1017    34.1630    27.0973    1476.22    1476.20     4.2218  1029.7970    34.3257 0.0000e+00
      46942 293.082290  -44.61632  -52.14998     -0.876    1479.61    583.000    577.475     4.2694     4.2752     0.0058     4.2262     4.2320     0.0058   3.234896   3.236009   0.001027    34.1622    34.1683     5.9138    27.0962    27.1004    34.1646    27.0980    1476.23    1476.26     4.2261  1029.7931    34.3273 0.0000e+00
      46966 293.082302  -44.61631  -52.14997     -0.985    1479.61    582.000    576.485     4.2817     4.2857     0.0040     4.2386     4.2426     0.0040   3.236009   3.236794   0.000796    34.1629    34.1681     5.9043    27.0954    27.0991    34.1654    27.0974    1476.26    1476.29     4.2385  1029.7877    34.3281 0.0000e+00
      46992 293.082314  -44.61630  -52.14996     -0.967    1479.61    581.000    575.497     4.2850     4.2885     0.0034     4.2419     4.2453     0.0034   3.236174   3.236951   0.000779    34.1628    34.1684     5.8957    27.0950    27.0990    34.1645    27.0963    1476.26    1476.28     4.2418  1029.7820    34.3272 0.0000e+00
      47018 293.082327  -44.61630  -52.14994     -0.916    1479.61    580.000    574.507     4.2883     4.2918     0.0035     4.2453     4.2488     0.0035   3.236486   3.237292   0.000800    34.1632    34.1690     5.8906    27.0950    27.0992    34.1652    27.0965    1476.26    1476.28     4.2452  1029.7776    34.3279 0.0000e+00
      47041 293.082338  -44.61628  -52.14994     -0.968    1479.61    579.000    573.518     4.2939     4.2967     0.0028     4.2510     4.2537     0.0028   3.236952   3.237700   0.000723    34.1636    34.1692     5.8831    27.0946    27.0988    34.1654    27.0961    1476.27    1476.29     4.2508  1029.7725    34.3281 0.0000e+00
      47063 293.082349  -44.61628  -52.14994     -1.063    1479.61    578.000    572.530     4.2983     4.3043     0.0060     4.2554     4.2614     0.0060   3.237342   3.238373   0.001026    34.1638    34.1696     5.8820    27.0944    27.0984    34.1660    27.0961    1476.27    1476.30     4.2553  1029.7678    34.3287 0.0000e+00
      47085 293.082359  -44.61628  -52.14993     -1.102    1479.61    577.000    571.540     4.3053     4.3081     0.0028     4.2624     4.2652     0.0027   3.237900   3.238615   0.000715    34.1641    34.1697     5.8869    27.0939    27.0980    34.1658    27.0952    1476.28    1476.30     4.2623  1029.7622    34.3285 0.0000e+00
      47112 293.082372  -44.61627  -52.14992     -0.972    1479.61    576.000    570.551     4.3078     4.3097     0.0019     4.2650     4.2669     0.0019   3.238064   3.238684   0.000629    34.1643    34.1697     5.8835    27.0937    27.0978    34.1657    27.0948    1476.27    1476.29     4.2649  1029.7572    34.3284 0.0000e+00
      47147 293.082389  -44.61625  -52.14990     -0.726    1479.61    575.000    569.562     4.3149     4.3116    -0.0033     4.2721     4.2688    -0.0033   3.238710   3.238839   0.000171    34.1646    34.1700     5.8766    27.0932    27.0979    34.1664    27.0947    1476.29    1476.28     4.2720  1029.7523    34.3291 0.0000e+00
      47177 293.082404  -44.61624  -52.14989     -0.731    1479.61    574.000    568.573     4.3207     4.3174    -0.0033     4.2781     4.2748    -0.0033   3.239127   3.239397   0.000220    34.1645    34.1704     5.8770    27.0925    27.0976    34.1658    27.0935    1476.30    1476.29     4.2779  1029.7465    34.3285 0.0000e+00
      47202 293.082416  -44.61624  -52.14988     -0.897    1479.61    573.000    567.583     4.3243     4.3290     0.0047     4.2817     4.2863     0.0046   3.239481   3.240357   0.000869    34.1651    34.1705     5.8733    27.0926    27.0963    34.1667    27.0939    1476.30    1476.32     4.2816  1029.7422    34.3294 0.0000e+00
      47224 293.082426  -44.61623  -52.14988     -1.024    1479.61    572.000    566.594     4.3273     4.3318     0.0044     4.2848     4.2892     0.0044   3.239645   3.240519   0.000866    34.1648    34.1704     5.8721    27.0920    27.0960    34.1661    27.0931    1476.29    1476.32     4.2846  1029.7367    34.3288 0.0000e+00
      47246 293.082437  -44.61622  -52.14987     -1.089    1479.61    571.000    565.605     4.3306     4.3328     0.0022     4.2881     4.2903     0.0022   3.239903   3.240536   0.000645    34.1650    34.1703     5.8770    27.0918    27.0958    34.1662    27.0928    1476.29    1476.30     4.2880  1029.7319    34.3289 0.0000e+00
      47266 293.082447  -44.61622  -52.14986     -1.141    1479.61    570.000    564.616     4.3328     4.3353     0.0026     4.2903     4.2929     0.0026   3.240060   3.240758   0.000698    34.1651    34.1706     5.8768    27.0917    27.0957    34.1663    27.0927    1476.28    1476.30     4.2902  1029.7271    34.3290 0.0000e+00
      47286 293.082456  -44.61622  -52.14986     -1.192    1479.61    569.000    563.626     4.3356     4.3379     0.0023     4.2932     4.2955     0.0023   3.240248   3.240917   0.000672    34.1651    34.1705     5.8741    27.0913    27.0954    34.1662    27.0922    1476.28    1476.29     4.2931  1029.7220    34.3289 0.0000e+00
      47307 293.082466  -44.61620  -52.14984     -1.201    1479.61    568.000    562.637     4.3383     4.3398     0.0015     4.2960     4.2975     0.0014   3.240457   3.241041   0.000585    34.1652    34.1705     5.8757    27.0911    27.0952    34.1663    27.0920    1476.27    1476.28     4.2959  1029.7172    34.3290 0.0000e+00
      47331 293.082478  -44.61620  -52.14984     -1.079    1479.61    567.000    561.648     4.3399     4.3415     0.0016     4.2977     4.2992     0.0016   3.240525   3.241139   0.000614    34.1651    34.1707     5.8832    27.0909    27.0952    34.1660    27.0916    1476.26    1476.27     4.2976  1029.7122    34.3287 0.0000e+00
      47366 293.082495  -44.61618  -52.14982     -0.748    1479.61    566.000    560.659     4.3428     4.3406    -0.0022     4.3007     4.2985    -0.0022   3.240765   3.241014   0.000269    34.1653    34.1707     5.8835    27.0907    27.0953    34.1663    27.0915    1476.26    1476.25     4.3005  1029.7074    34.3289 0.0000e+00
      47401 293.082512  -44.61618  -52.14981     -0.641    1479.61    565.000    559.670     4.3472     4.3444    -0.0028     4.3051     4.3023    -0.0028   3.241064   3.241306   0.000240    34.1650    34.1707     5.8843    27.0900    27.0949    34.1658    27.0907    1476.26    1476.25     4.3050  1029.7019    34.3285 0.0000e+00
      47424 293.082523  -44.61617  -52.14980     -0.868    1479.61    564.000    558.680     4.3471     4.3497     0.0027     4.3050     4.3077     0.0027   3.241057   3.241787   0.000719    34.1653    34.1710     5.8880    27.0903    27.0945    34.1664    27.0911    1476.24    1476.26     4.3049  1029.6978    34.3290 0.0000e+00
      47442 293.082531  -44.61616  -52.14980     -1.137    1479.61    563.000    557.692     4.3507     4.3508     0.0001     4.3087     4.3088     0.0001   3.241245   3.241689   0.000448    34.1649    34.1700     5.8885    27.0895    27.0936    34.1654    27.0899    1476.24    1476.24     4.3086  1029.6920    34.3280 0.0000e+00
      47458 293.082539  -44.61616  -52.14980     -1.345    1479.61    562.000    556.702     4.3496     4.3503     0.0007     4.3078     4.3085     0.0007   3.241095   3.241613   0.000520    34.1646    34.1699     5.8894    27.0894    27.0936    34.1652    27.0899    1476.22    1476.23     4.3076  1029.6873    34.3278 0.0000e+00
      47474 293.082547  -44.61616  -52.14978     -1.463    1479.61    561.000    555.713     4.3498     4.3497    -0.0002     4.3080     4.3079    -0.0002   3.241039   3.241457   0.000423    34.1644    34.1695     5.8933    27.0893    27.0933    34.1648    27.0896    1476.20    1476.21     4.3079  1029.6824    34.3275 0.0000e+00
