Pos-Processados/process_op38/Processamento_split/up/uoperantar38_024.cnv
* Sea-Bird SBE 9 Data File:
* FileName = D:\OPERANTAR_XXXVIII\DADOS\OP38_024.hdr
* Software Version Seasave V 7.18c
* Temperature SN = 4808
* Conductivity SN = 3380
* Number of Bytes Per Scan = 34
* Number of Voltage Words = 3
* Number of Scans Averaged by the Deck Unit = 1
* NMEA Latitude = 62 13.17 S
* NMEA Longitude = 058 22.76 W
* NMEA UTC (Time) = Nov 22 2019 19:55:17
** H41
** NAVIO POLAR ALMIRANTE MAXIMIANO
** CRUZEIRO:
** OPERANTAR XXXVIII
** ESTAÇÃO: OP38_024
** LAT 62 13,16'S
** LONG 058 22,74'W
** 09P73767-1155_A
** PROFUNDIDADE: 292
** DATA/HORA: 221955Z/NOV/2019
** OPERADOR: SO-HN CHAVES
# nquan = 33
# nvalues = 277                         
# units = specified
# name 0 = scan: Scan Count
# name 1 = timeJ: Julian Days
# name 2 = latitude: Latitude [deg]
# name 3 = longitude: Longitude [deg]
# name 4 = dz/dtM: Descent Rate [m/s]
# name 5 = avgsvCM: Average Sound Velocity [Chen-Millero, m/s]
# name 6 = prDM: Pressure, Digiquartz [db]
# name 7 = depSM: Depth [salt water, m]
# name 8 = t090C: Temperature [ITS-90, deg C]
# name 9 = t190C: Temperature, 2 [ITS-90, deg C]
# name 10 = T2-T190C: Temperature Difference, 2 - 1 [ITS-90, deg C]
# name 11 = potemp090C: Potential Temperature [ITS-90, deg C]
# name 12 = potemp190C: Potential Temperature, 2 [ITS-90, deg C]
# name 13 = potemp90Cdiff: Potential Temperature, Diff, 2 - 1 [ITS-90, deg C]
# name 14 = c0S/m: Conductivity [S/m]
# name 15 = c1S/m: Conductivity, 2 [S/m]
# name 16 = C2-C1S/m: Conductivity Difference, 2 - 1 [S/m]
# name 17 = sal00: Salinity, Practical [PSU]
# name 18 = sal11: Salinity, Practical, 2 [PSU]
# name 19 = sbeox0ML/L: Oxygen, SBE 43 [ml/l]
# name 20 = sigma-é00: Density [sigma-theta, kg/m^3]
# name 21 = sigma-é11: Density, 2 [sigma-theta, kg/m^3]
# name 22 = sbox0Mm/Kg: Oxygen, SBE 43 [umol/kg]
# name 23 = oxsolMm/Kg: Oxygen Saturation, Garcia & Gordon [umol/kg]
# name 24 = oxsatMm/Kg: Oxygen Saturation, Weiss [umol/kg]
# name 25 = sal00: Salinity, Practical [PSU]
# name 26 = sigma-é00: Density [sigma-theta, kg/m^3]
# name 27 = svCM: Sound Velocity [Chen-Millero, m/s]
# name 28 = svCM1: Sound Velocity, 2 [Chen-Millero, m/s]
# name 29 = gsw_ptA0: potential temperature [ITS-90, deg C]
# name 30 = gsw_densityA0: density, TEOS-10 [density, kg/m^3]
# name 31 = gsw_saA0: Absolute Salinity [g/kg]
# name 32 = flag:
# span 0 =       8998,      20305       
# span 1 = 326.834397, 326.839850       
# span 2 =  -62.21966,  -62.21962       
# span 3 =  -58.37928,  -58.37920       
# span 4 =     -1.192,     -0.196       
# span 5 =    1448.21,    1448.21       
# span 6 =      2.000,    278.000       
# span 7 =      1.984,    275.146       
# span 8 =    -0.5348,    -0.2786       
# span 9 =    -0.5348,    -0.2796       
# span 10 =    -0.0046,     0.0055      
# span 11 =    -0.5406,    -0.2786      
# span 12 =    -0.5407,    -0.2797      
# span 13 =    -0.0046,     0.0055      
# span 14 =   2.805792,   2.818327      
# span 15 =   2.806231,   2.818748      
# span 16 =   0.000121,   0.000871      
# span 17 =    34.1700,    34.2928      
# span 18 =    34.1753,    34.2983      
# span 19 =     7.0001,     7.6497      
# span 20 =    27.4500,    27.5613      
# span 21 =    27.4543,    27.5658      
# span 22 =    304.239,    332.509      
# span 23 =  352.77022,  354.94016      
# span 24 =  354.30165,  356.52855      
# span 25 =    34.1703,    34.2928      
# span 26 =    27.4502,    27.5613      
# span 27 =    1446.38,    1450.25      
# span 28 =    1446.39,    1450.26      
# span 29 =    -0.5405,    -0.2787      
# span 30 =  1027.4642,  1028.8934      
# span 31 =    34.3351,    34.4602      
# span 32 = 0.0000e+00, 0.0000e+00      
# interval = decibars: 1                
# start_time = Nov 22 2019 19:55:17 [NMEA time, header]
# bad_flag = -9.990e-29
*END*
[from data line 264]
      16182 326.837861  -62.21964  -58.37922     -0.439    1448.21     14.000     13.865    -0.3957    -0.3942     0.0015    -0.3961    -0.3946     0.0015   2.809399   2.809948   0.000539    34.1815    34.1870     7.5714    27.4648    27.4692    329.102  353.82421  355.38060    34.1819    27.4651    1446.44    1446.46    -0.3961  1027.5365    34.3468 0.0000e+00
      16230 326.837885  -62.21964  -58.37922     -0.495    1448.21     13.000     12.875    -0.3967    -0.3952     0.0015    -0.3971    -0.3956     0.0015   2.809261   2.809788   0.000522    34.1815    34.1869     7.5703    27.4648    27.4691    329.052  353.83345  355.39006    34.1818    27.4651    1446.42    1446.44    -0.3971  1027.5317    34.3467 0.0000e+00
      16272 326.837905  -62.21964  -58.37922     -0.570    1448.21     12.000     11.885    -0.3950    -0.3938     0.0012    -0.3954    -0.3942     0.0012   2.809316   2.809839   0.000524    34.1810    34.1866     7.5561    27.4643    27.4688    328.436  353.81954  355.37577    34.1813    27.4646    1446.41    1446.43    -0.3954  1027.5264    34.3462 0.0000e+00
      16320 326.837928  -62.21964  -58.37922     -0.512    1448.21     11.000     10.894    -0.3903    -0.3912    -0.0009    -0.3906    -0.3915    -0.0009   2.809607   2.809932   0.000335    34.1799    34.1854     7.5679    27.4632    27.4677    328.948  353.77824  355.33341    34.1805    27.4637    1446.42    1446.42    -0.3906  1027.5208    34.3454 0.0000e+00
      16375 326.837954  -62.21964  -58.37923     -0.432    1448.21     10.000      9.904    -0.3873    -0.3862     0.0011    -0.3876    -0.3865     0.0011   2.809763   2.810227   0.000456    34.1794    34.1842     7.5800    27.4627    27.4666    329.475  353.75228  355.30682    34.1799    27.4631    1446.41    1446.43    -0.3876  1027.5154    34.3448 0.0000e+00
      16433 326.837982  -62.21964  -58.37922     -0.413    1448.21      9.000      8.913    -0.3760    -0.3732     0.0027    -0.3762    -0.3735     0.0027   2.810549   2.811227   0.000632    34.1772    34.1826     7.5827    27.4604    27.4646    329.592  353.65300  355.20504    34.1782    27.4612    1446.45    1446.47    -0.3763  1027.5087    34.3432 0.0000e+00
      16500 326.838014  -62.21964  -58.37922     -0.347    1448.21      8.000      7.925    -0.3607    -0.3579     0.0027    -0.3609    -0.3582     0.0027   2.811667   2.812180   0.000547    34.1756    34.1799     7.6048    27.4584    27.4617    330.553  353.51517  355.06394    34.1766    27.4592    1446.50    1446.52    -0.3609  1027.5019    34.3415 0.0000e+00
      16570 326.838049  -62.21964  -58.37922     -0.353    1448.21      7.000      6.933    -0.3569    -0.3589    -0.0020    -0.3571    -0.3591    -0.0020   2.811841   2.812117   0.000272    34.1746    34.1806     7.6018    27.4574    27.4623    330.425  353.48292  355.03084    34.1753    27.4579    1446.50    1446.50    -0.3571  1027.4959    34.3402 0.0000e+00
      16652 326.838088  -62.21964  -58.37922     -0.263    1448.21      6.000      5.942    -0.3582    -0.3557     0.0025    -0.3584    -0.3559     0.0025   2.811753   2.812382   0.000622    34.1758    34.1813     7.6070    27.4584    27.4628    330.651  353.49164  355.03990    34.1762    27.4587    1446.48    1446.50    -0.3584  1027.4919    34.3411 0.0000e+00
      16782 326.838151  -62.21964  -58.37922     -0.254    1448.21      5.000      4.951    -0.3593    -0.3538     0.0055    -0.3595    -0.3539     0.0055   2.811625   2.812484   0.000871    34.1760    34.1814     7.6012    27.4586    27.4627    330.399  353.50179  355.05030    34.1764    27.4589    1446.46    1446.49    -0.3595  1027.4873    34.3413 0.0000e+00
      16947 326.838230  -62.21964  -58.37922     -0.218    1448.21      4.000      3.961    -0.3557    -0.3518     0.0038    -0.3558    -0.3520     0.0038   2.811848   2.812578   0.000732    34.1759    34.1814     7.6122    27.4584    27.4626    330.877  353.46827  355.01601    34.1759    27.4584    1446.46    1446.48    -0.3558  1027.4820    34.3408 0.0000e+00
      18133 326.838802  -62.21964  -58.37923     -0.196    1448.21      3.000      2.969    -0.3281    -0.3231     0.0050    -0.3282    -0.3232     0.0050   2.813903   2.814688   0.000792    34.1730    34.1780     7.6277    27.4548    27.4586    331.549  353.22047  354.76234    34.1730    27.4547    1446.57    1446.60    -0.3282  1027.4735    34.3378 0.0000e+00
      20305 326.839850  -62.21964  -58.37924     -0.205    1448.21      2.000      1.984    -0.2786    -0.2796    -0.0011    -0.2786    -0.2797    -0.0011   2.817817   2.818112   0.000305    34.1700    34.1753     7.6497    27.4500    27.4543    332.509  352.77022  354.30165    34.1703    27.4502    1446.77    1446.78    -0.2787  1027.4642    34.3351 0.0000e+00
