Pos-Processados/process_op38/Processamento_split/up/uoperantar38_020.cnv
* Sea-Bird SBE 9 Data File:
* FileName = D:\OPERANTAR_XXXVIII\DADOS\OP38_020.hdr
* Software Version Seasave V 7.18c
* Temperature SN = 4808
* Conductivity SN = 3380
* Number of Bytes Per Scan = 34
* Number of Voltage Words = 3
* Number of Scans Averaged by the Deck Unit = 1
* NMEA Latitude = 62 13.02 S
* NMEA Longitude = 058 20.27 W
* NMEA UTC (Time) = Nov 22 2019 12:22:40
** H41
** NAVIO POLAR ALMIRANTE MAXIMIANO
** CRUZEIRO:
** OPERANTAR XXXVIII
** ESTAÇÃO: OP38_020
** LAT 62 13,00'S
** LONG 058 20,28'W
** 09P73767-1155_A
** PROFUNDIDADE: 497
** DATA/HORA: 221223Z/NOV/2019
** OPERADOR: SO-HN CHAVES
# nquan = 33
# nvalues = 442                         
# units = specified
# name 0 = scan: Scan Count
# name 1 = timeJ: Julian Days
# name 2 = latitude: Latitude [deg]
# name 3 = longitude: Longitude [deg]
# name 4 = dz/dtM: Descent Rate [m/s]
# name 5 = avgsvCM: Average Sound Velocity [Chen-Millero, m/s]
# name 6 = prDM: Pressure, Digiquartz [db]
# name 7 = depSM: Depth [salt water, m]
# name 8 = t090C: Temperature [ITS-90, deg C]
# name 9 = t190C: Temperature, 2 [ITS-90, deg C]
# name 10 = T2-T190C: Temperature Difference, 2 - 1 [ITS-90, deg C]
# name 11 = potemp090C: Potential Temperature [ITS-90, deg C]
# name 12 = potemp190C: Potential Temperature, 2 [ITS-90, deg C]
# name 13 = potemp90Cdiff: Potential Temperature, Diff, 2 - 1 [ITS-90, deg C]
# name 14 = c0S/m: Conductivity [S/m]
# name 15 = c1S/m: Conductivity, 2 [S/m]
# name 16 = C2-C1S/m: Conductivity Difference, 2 - 1 [S/m]
# name 17 = sal00: Salinity, Practical [PSU]
# name 18 = sal11: Salinity, Practical, 2 [PSU]
# name 19 = sbeox0ML/L: Oxygen, SBE 43 [ml/l]
# name 20 = sigma-é00: Density [sigma-theta, kg/m^3]
# name 21 = sigma-é11: Density, 2 [sigma-theta, kg/m^3]
# name 22 = sbox0Mm/Kg: Oxygen, SBE 43 [umol/kg]
# name 23 = oxsolMm/Kg: Oxygen Saturation, Garcia & Gordon [umol/kg]
# name 24 = oxsatMm/Kg: Oxygen Saturation, Weiss [umol/kg]
# name 25 = sal00: Salinity, Practical [PSU]
# name 26 = sigma-é00: Density [sigma-theta, kg/m^3]
# name 27 = svCM: Sound Velocity [Chen-Millero, m/s]
# name 28 = svCM1: Sound Velocity, 2 [Chen-Millero, m/s]
# name 29 = gsw_ptA0: potential temperature [ITS-90, deg C]
# name 30 = gsw_densityA0: density, TEOS-10 [density, kg/m^3]
# name 31 = gsw_saA0: Absolute Salinity [g/kg]
# name 32 = flag:
# span 0 =      18903,      37614       
# span 1 = 326.524856, 326.533880       
# span 2 =  -62.21708,  -62.21704       
# span 3 =  -58.33798,  -58.33792       
# span 4 =     -1.061,     -0.114       
# span 5 =    1449.76,    1449.76       
# span 6 =      3.000,    444.000       
# span 7 =      2.976,    439.268       
# span 8 =    -0.6813,    -0.2017       
# span 9 =    -0.6805,    -0.2004       
# span 10 =    -0.0391,     0.0215      
# span 11 =    -0.6961,    -0.2155      
# span 12 =    -0.6952,    -0.2143      
# span 13 =    -0.0391,     0.0214      
# span 14 =   2.800177,   2.867241      
# span 15 =   2.799581,   2.867701      
# span 16 =  -0.004156,   0.002095      
# span 17 =    34.1719,    34.5174      
# span 18 =    34.1353,    34.5226      
# span 19 =     5.7709,     7.6102      
# span 20 =    27.4584,    27.7436      
# span 21 =    27.4306,    27.7479      
# span 22 =    250.776,    330.790      
# span 23 =  351.11647,  355.85845      
# span 24 =  352.64997,  357.47186      
# span 25 =    34.1718,    34.5237      
# span 26 =    27.4583,    27.7449      
# span 27 =    1446.08,    1454.27      
# span 28 =    1446.12,    1454.28      
# span 29 =    -0.6957,    -0.2153      
# span 30 =  1027.4776,  1029.8656      
# span 31 =    34.3350,    34.6927      
# span 32 = 0.0000e+00, 0.0000e+00      
# interval = decibars: 1                
# start_time = Nov 22 2019 12:22:40 [NMEA time, header]
# bad_flag = -9.990e-29
*END*
[from data line 396]
      33766 326.532024  -62.21706  -58.33796     -0.558    1449.76     48.000     47.535    -0.4536    -0.4590    -0.0053    -0.4551    -0.4604    -0.0053   2.805543   2.802527  -0.003031    34.1743    34.1395     7.5632    27.4616    27.4337    328.745  354.38361  355.95176    34.1745    27.4618    1446.71    1446.64    -0.4551  1027.6960    34.3396 0.0000e+00
      33806 326.532043  -62.21706  -58.33796     -0.603    1449.76     47.000     46.540    -0.4526    -0.4579    -0.0053    -0.4540    -0.4593    -0.0053   2.805569   2.802695  -0.002892    34.1741    34.1412     7.5653    27.4614    27.4350    328.835  354.37399  355.94190    34.1742    27.4615    1446.70    1446.63    -0.4540  1027.6909    34.3393 0.0000e+00
      33848 326.532064  -62.21706  -58.33796     -0.572    1449.76     46.000     45.553    -0.4532    -0.4569    -0.0036    -0.4547    -0.4583    -0.0036   2.805465   2.802861  -0.002625    34.1742    34.1430     7.5689    27.4615    27.4364    328.993  354.38034  355.94841    34.1742    27.4615    1446.68    1446.63    -0.4546  1027.6862    34.3393 0.0000e+00
      33901 326.532089  -62.21706  -58.33796     -0.451    1449.76     45.000     44.565    -0.4538    -0.4562    -0.0024    -0.4552    -0.4575    -0.0024   2.805385   2.803060  -0.002342    34.1743    34.1455     7.5706    27.4617    27.4385    329.067  354.38509  355.95328    34.1744    27.4617    1446.66    1446.62    -0.4552  1027.6816    34.3395 0.0000e+00
      33954 326.532115  -62.21706  -58.33796     -0.449    1449.76     44.000     43.571    -0.4534    -0.4556    -0.0023    -0.4548    -0.4570    -0.0023   2.805367   2.803237  -0.002143    34.1743    34.1480     7.5649    27.4616    27.4404    328.818  354.38141  355.94952    34.1743    27.4616    1446.65    1446.61    -0.4547  1027.6767    34.3394 0.0000e+00
      34003 326.532138  -62.21706  -58.33796     -0.489    1449.76     43.000     42.582    -0.4536    -0.4552    -0.0017    -0.4549    -0.4566    -0.0017   2.805300   2.803388  -0.001928    34.1742    34.1502     7.5683    27.4615    27.4422    328.965  354.38300  355.95113    34.1742    27.4615    1446.63    1446.59    -0.4549  1027.6718    34.3392 0.0000e+00
      34063 326.532167  -62.21706  -58.33796     -0.392    1449.76     42.000     41.593    -0.4532    -0.4551    -0.0020    -0.4544    -0.4564    -0.0020   2.805291   2.803573  -0.001726    34.1742    34.1532     7.5733    27.4615    27.4447    329.181  354.37934  355.94739    34.1743    27.4616    1446.62    1446.58    -0.4544  1027.6670    34.3393 0.0000e+00
      34121 326.532195  -62.21706  -58.33796     -0.422    1449.76     41.000     40.602    -0.4529    -0.4547    -0.0018    -0.4542    -0.4560    -0.0018   2.805259   2.803736  -0.001533    34.1742    34.1556     7.5755    27.4615    27.4465    329.281  354.37733  355.94534    34.1742    27.4615    1446.60    1446.57    -0.4541  1027.6621    34.3392 0.0000e+00
      34176 326.532222  -62.21706  -58.33796     -0.432    1449.76     40.000     39.612    -0.4527    -0.4544    -0.0017    -0.4539    -0.4556    -0.0017   2.805237   2.803872  -0.001373    34.1742    34.1577     7.5734    27.4615    27.4482    329.186  354.37491  355.94287    34.1742    27.4615    1446.59    1446.56    -0.4539  1027.6574    34.3392 0.0000e+00
      34234 326.532250  -62.21706  -58.33796     -0.414    1449.76     39.000     38.627    -0.4514    -0.4541    -0.0027    -0.4526    -0.4553    -0.0027   2.805296   2.803984  -0.001311    34.1741    34.1595     7.5816    27.4613    27.4497    329.544  354.36308  355.93075    34.1742    27.4614    1446.58    1446.55    -0.4526  1027.6525    34.3391 0.0000e+00
      34297 326.532280  -62.21706  -58.33796     -0.373    1449.76     38.000     37.629    -0.4509    -0.4535    -0.0025    -0.4521    -0.4546    -0.0025   2.805273   2.804095  -0.001184    34.1739    34.1609     7.5747    27.4612    27.4508    329.247  354.35924  355.92680    34.1740    27.4612    1446.56    1446.54    -0.4520  1027.6475    34.3389 0.0000e+00
      34355 326.532308  -62.21706  -58.33796     -0.426    1449.76     37.000     36.642    -0.4508    -0.4529    -0.0021    -0.4519    -0.4540    -0.0021   2.805242   2.804173  -0.001072    34.1739    34.1619     7.5824    27.4612    27.4516    329.578  354.35773  355.92527    34.1740    27.4612    1446.55    1446.52    -0.4519  1027.6427    34.3389 0.0000e+00
      34409 326.532334  -62.21706  -58.33796     -0.449    1449.76     36.000     35.653    -0.4503    -0.4525    -0.0022    -0.4514    -0.4536    -0.0022   2.805235   2.804238  -0.000999    34.1739    34.1630     7.5836    27.4612    27.4524    329.630  354.35339  355.92082    34.1740    27.4612    1446.53    1446.51    -0.4514  1027.6379    34.3389 0.0000e+00
      34477 326.532367  -62.21708  -58.33796     -0.335    1449.76     35.000     34.660    -0.4503    -0.4520    -0.0017    -0.4513    -0.4530    -0.0017   2.805187   2.804334  -0.000858    34.1739    34.1643     7.5826    27.4611    27.4535    329.588  354.35335  355.92078    34.1739    27.4612    1446.52    1446.50    -0.4513  1027.6331    34.3389 0.0000e+00
      34538 326.532396  -62.21708  -58.33796     -0.410    1449.76     34.000     33.671    -0.4497    -0.4515    -0.0018    -0.4507    -0.4526    -0.0018   2.805187   2.804426  -0.000764    34.1738    34.1656     7.5814    27.4611    27.4545    329.534  354.34807  355.91538    34.1739    27.4611    1446.51    1446.49    -0.4507  1027.6282    34.3388 0.0000e+00
      34597 326.532425  -62.21706  -58.33796     -0.405    1449.76     33.000     32.682    -0.4491    -0.4511    -0.0021    -0.4501    -0.4522    -0.0021   2.805186   2.804493  -0.000696    34.1738    34.1668     7.5824    27.4610    27.4554    329.579  354.34268  355.90986    34.1738    27.4610    1446.49    1446.47    -0.4501  1027.6213    34.3361 0.0000e+00
      34654 326.532452  -62.21708  -58.33796     -0.417    1449.76     32.000     31.690    -0.4486    -0.4506    -0.0020    -0.4496    -0.4516    -0.0020   2.805172   2.804538  -0.000636    34.1737    34.1674     7.5904    27.4609    27.4559    329.926  354.33867  355.90575    34.1737    27.4609    1446.48    1446.46    -0.4496  1027.6155    34.3350 0.0000e+00
      34723 326.532486  -62.21708  -58.33796     -0.334    1449.76     31.000     30.700    -0.4485    -0.4500    -0.0015    -0.4494    -0.4510    -0.0015   2.805147   2.804567  -0.000580    34.1738    34.1677     7.5903    27.4610    27.4561    329.924  354.33690  355.90394    34.1738    27.4610    1446.46    1446.45    -0.4494  1027.6138    34.3388 0.0000e+00
      34782 326.532514  -62.21708  -58.33796     -0.425    1449.76     30.000     29.710    -0.4477    -0.4495    -0.0018    -0.4486    -0.4504    -0.0018   2.805158   2.804532  -0.000623    34.1736    34.1673     7.5919    27.4608    27.4558    329.994  354.32984  355.89671    34.1737    27.4609    1446.45    1446.43    -0.4486  1027.6088    34.3386 0.0000e+00
      34841 326.532542  -62.21708  -58.33796     -0.398    1449.76     29.000     28.720    -0.4478    -0.4491    -0.0013    -0.4487    -0.4500    -0.0013   2.805103   2.804472  -0.000631    34.1737    34.1667     7.5890    27.4609    27.4552    329.865  354.33109  355.89800    34.1738    27.4609    1446.43    1446.42    -0.4487  1027.6041    34.3386 0.0000e+00
      34915 326.532578  -62.21708  -58.33796     -0.314    1449.76     28.000     27.729    -0.4467    -0.4489    -0.0023    -0.4475    -0.4498    -0.0023   2.805139   2.804427  -0.000709    34.1735    34.1665     7.5837    27.4606    27.4551    329.637  354.32099  355.88764    34.1736    27.4607    1446.42    1446.40    -0.4475  1027.5991    34.3384 0.0000e+00
      34970 326.532605  -62.21708  -58.33796     -0.451    1449.76     27.000     26.739    -0.4462    -0.4485    -0.0023    -0.4470    -0.4493    -0.0023   2.805125   2.804386  -0.000738    34.1734    34.1661     7.5844    27.4606    27.4547    329.666  354.31681  355.88336    34.1735    27.4606    1446.41    1446.39    -0.4470  1027.5942    34.3383 0.0000e+00
      35025 326.532631  -62.21708  -58.33796     -0.430    1449.76     26.000     25.750    -0.4468    -0.4480    -0.0012    -0.4476    -0.4488    -0.0012   2.805044   2.804363  -0.000683    34.1736    34.1658     7.5892    27.4607    27.4545    329.873  354.32153  355.88821    34.1736    27.4607    1446.39    1446.37    -0.4476  1027.5895    34.3384 0.0000e+00
      35093 326.532664  -62.21708  -58.33796     -0.346    1449.76     25.000     24.757    -0.4459    -0.4477    -0.0018    -0.4467    -0.4485    -0.0018   2.805065   2.804349  -0.000716    34.1735    34.1659     7.5925    27.4606    27.4545    330.018  354.31381  355.88030    34.1735    27.4606    1446.38    1446.36    -0.4467  1027.5846    34.3383 0.0000e+00
      35157 326.532695  -62.21708  -58.33796     -0.376    1449.76     24.000     23.768    -0.4462    -0.4472    -0.0010    -0.4469    -0.4480    -0.0010   2.804994   2.804338  -0.000659    34.1736    34.1658     7.5952    27.4607    27.4545    330.136  354.31650  355.88306    34.1736    27.4607    1446.36    1446.34    -0.4469  1027.5799    34.3383 0.0000e+00
      35220 326.532725  -62.21708  -58.33796     -0.388    1449.76     23.000     22.778    -0.4457    -0.4467    -0.0011    -0.4464    -0.4474    -0.0011   2.804995   2.804335  -0.000658    34.1735    34.1659     7.5930    27.4606    27.4545    330.039  354.31166  355.87810    34.1736    27.4607    1446.34    1446.33    -0.4464  1027.5751    34.3384 0.0000e+00
      35276 326.532752  -62.21708  -58.33796     -0.424    1449.76     22.000     21.788    -0.4448    -0.4464    -0.0016    -0.4455    -0.4471    -0.0016   2.805009   2.804331  -0.000678    34.1734    34.1660     7.5949    27.4605    27.4546    330.123  354.30405  355.87031    34.1734    27.4605    1446.33    1446.32    -0.4455  1027.5701    34.3382 0.0000e+00
      35340 326.532783  -62.21708  -58.33796     -0.369    1449.76     21.000     20.797    -0.4448    -0.4459    -0.0011    -0.4454    -0.4466    -0.0011   2.804965   2.804318  -0.000647    34.1734    34.1660     7.5882    27.4605    27.4545    329.830  354.30376  355.87001    34.1734    27.4605    1446.32    1446.30    -0.4454  1027.5653    34.3381 0.0000e+00
      35399 326.532812  -62.21708  -58.33796     -0.408    1449.76     20.000     19.810    -0.4444    -0.4455    -0.0012    -0.4450    -0.4462    -0.0012   2.804951   2.804309  -0.000646    34.1734    34.1660     7.5953    27.4604    27.4545    330.141  354.30000  355.86616    34.1734    27.4604    1446.30    1446.29    -0.4450  1027.5605    34.3381 0.0000e+00
      35465 326.532844  -62.21708  -58.33796     -0.356    1449.76     19.000     18.816    -0.4431    -0.4449    -0.0018    -0.4437    -0.4455    -0.0018   2.805011   2.804318  -0.000689    34.1733    34.1660     7.5951    27.4603    27.4545    330.130  354.28837  355.85426    34.1733    27.4603    1446.29    1446.27    -0.4437  1027.5556    34.3381 0.0000e+00
      35529 326.532874  -62.21708  -58.33796     -0.381    1449.76     18.000     17.825    -0.4420    -0.4439    -0.0019    -0.4425    -0.4445    -0.0019   2.805046   2.804318  -0.000728    34.1731    34.1656     7.5984    27.4601    27.4541    330.275  354.27845  355.84411    34.1732    27.4602    1446.28    1446.26    -0.4425  1027.5507    34.3380 0.0000e+00
      35595 326.532906  -62.21708  -58.33796     -0.361    1449.76     17.000     16.836    -0.4419    -0.4431    -0.0013    -0.4424    -0.4437    -0.0013   2.805012   2.804313  -0.000701    34.1731    34.1652     7.5986    27.4601    27.4538    330.284  354.27687  355.84249    34.1732    27.4602    1446.26    1446.25    -0.4424  1027.5459    34.3380 0.0000e+00
      35665 326.532940  -62.21708  -58.33796     -0.331    1449.76     16.000     15.847    -0.4414    -0.4425    -0.0011    -0.4419    -0.4430    -0.0011   2.804996   2.804318  -0.000680    34.1731    34.1652     7.5979    27.4600    27.4537    330.254  354.27301  355.83853    34.1731    27.4600    1446.25    1446.23    -0.4419  1027.5410    34.3379 0.0000e+00
      35742 326.532977  -62.21708  -58.33796     -0.324    1449.76     15.000     14.854    -0.4414    -0.4419    -0.0004    -0.4419    -0.4423    -0.0004   2.804952   2.804327  -0.000627    34.1732    34.1652     7.5971    27.4601    27.4537    330.218  354.27319  355.83872    34.1732    27.4601    1446.23    1446.22    -0.4419  1027.5363    34.3380 0.0000e+00
      35814 326.533012  -62.21708  -58.33796     -0.313    1449.76     14.000     13.865    -0.4415    -0.4415    -0.0001    -0.4419    -0.4420    -0.0001   2.804903   2.804328  -0.000580    34.1732    34.1655     7.5952    27.4601    27.4539    330.135  354.27353  355.83908    34.1732    27.4601    1446.22    1446.21    -0.4419  1027.5316    34.3380 0.0000e+00
      35902 326.533054  -62.21708  -58.33796     -0.293    1449.76     13.000     12.873    -0.4405    -0.4412    -0.0007    -0.4409    -0.4416    -0.0007   2.804942   2.804343  -0.000594    34.1731    34.1659     7.5901    27.4600    27.4542    329.914  354.26455  355.82988    34.1732    27.4601    1446.21    1446.19    -0.4409  1027.5268    34.3381 0.0000e+00
      35971 326.533087  -62.21708  -58.33796     -0.341    1449.76     12.000     11.886    -0.4399    -0.4404    -0.0005    -0.4403    -0.4408    -0.0005   2.804926   2.804348  -0.000581    34.1730    34.1657     7.5984    27.4599    27.4541    330.276  354.25956  355.82476    34.1730    27.4599    1446.19    1446.18    -0.4403  1027.5218    34.3378 0.0000e+00
      36044 326.533123  -62.21708  -58.33796     -0.329    1449.76     11.000     10.894    -0.4397    -0.4401    -0.0004    -0.4400    -0.4404    -0.0004   2.804910   2.804365  -0.000545    34.1730    34.1661     7.5978    27.4599    27.4544    330.247  354.25683  355.82198    34.1731    27.4599    1446.18    1446.17    -0.4400  1027.5171    34.3380 0.0000e+00
      36124 326.533161  -62.21708  -58.33796     -0.292    1449.76     10.000      9.904    -0.4400    -0.4395     0.0005    -0.4403    -0.4398     0.0005   2.804834   2.804388  -0.000449    34.1731    34.1664     7.5972    27.4599    27.4546    330.223  354.26002  355.82525    34.1730    27.4599    1446.16    1446.15    -0.4403  1027.5123    34.3380 0.0000e+00
      36198 326.533197  -62.21708  -58.33796     -0.341    1449.76      9.000      8.914    -0.4392    -0.4391     0.0001    -0.4395    -0.4394     0.0001   2.804861   2.804410  -0.000448    34.1730    34.1669     7.5966    27.4599    27.4550    330.195  354.25258  355.81763    34.1731    27.4600    1446.15    1446.14    -0.4395  1027.5076    34.3380 0.0000e+00
      36346 326.533268  -62.21708  -58.33796     -0.301    1449.76      8.000      7.924    -0.4378    -0.4378     0.0000    -0.4381    -0.4380     0.0000   2.804911   2.804532  -0.000384    34.1728    34.1676     7.5965    27.4597    27.4555    330.193  354.24015  355.80491    34.1728    27.4597    1446.14    1446.13    -0.4380  1027.5025    34.3377 0.0000e+00
      36855 326.533514  -62.21708  -58.33796     -0.170    1449.76      7.000      6.934    -0.4328    -0.4318     0.0010    -0.4330    -0.4320     0.0010   2.805259   2.805123  -0.000140    34.1724    34.1694     7.6025    27.4591    27.4566    330.455  354.19471  355.75840    34.1725    27.4592    1446.14    1446.14    -0.4330  1027.4972    34.3374 0.0000e+00
      37149 326.533655  -62.21708  -58.33796     -0.114    1449.76      6.000      5.941    -0.4313    -0.4294     0.0019    -0.4315    -0.4296     0.0019   2.805340   2.805418   0.000084    34.1724    34.1713     7.6058    27.4590    27.4581    330.597  354.18104  355.74440    34.1725    27.4591    1446.13    1446.14    -0.4315  1027.4924    34.3374 0.0000e+00
