Pos-Processados/process_op38/Processamento_split/up/uoperantar38_020.cnv
* Sea-Bird SBE 9 Data File:
* FileName = D:\OPERANTAR_XXXVIII\DADOS\OP38_020.hdr
* Software Version Seasave V 7.18c
* Temperature SN = 4808
* Conductivity SN = 3380
* Number of Bytes Per Scan = 34
* Number of Voltage Words = 3
* Number of Scans Averaged by the Deck Unit = 1
* NMEA Latitude = 62 13.02 S
* NMEA Longitude = 058 20.27 W
* NMEA UTC (Time) = Nov 22 2019 12:22:40
** H41
** NAVIO POLAR ALMIRANTE MAXIMIANO
** CRUZEIRO:
** OPERANTAR XXXVIII
** ESTAÇÃO: OP38_020
** LAT 62 13,00'S
** LONG 058 20,28'W
** 09P73767-1155_A
** PROFUNDIDADE: 497
** DATA/HORA: 221223Z/NOV/2019
** OPERADOR: SO-HN CHAVES
# nquan = 33
# nvalues = 442                         
# units = specified
# name 0 = scan: Scan Count
# name 1 = timeJ: Julian Days
# name 2 = latitude: Latitude [deg]
# name 3 = longitude: Longitude [deg]
# name 4 = dz/dtM: Descent Rate [m/s]
# name 5 = avgsvCM: Average Sound Velocity [Chen-Millero, m/s]
# name 6 = prDM: Pressure, Digiquartz [db]
# name 7 = depSM: Depth [salt water, m]
# name 8 = t090C: Temperature [ITS-90, deg C]
# name 9 = t190C: Temperature, 2 [ITS-90, deg C]
# name 10 = T2-T190C: Temperature Difference, 2 - 1 [ITS-90, deg C]
# name 11 = potemp090C: Potential Temperature [ITS-90, deg C]
# name 12 = potemp190C: Potential Temperature, 2 [ITS-90, deg C]
# name 13 = potemp90Cdiff: Potential Temperature, Diff, 2 - 1 [ITS-90, deg C]
# name 14 = c0S/m: Conductivity [S/m]
# name 15 = c1S/m: Conductivity, 2 [S/m]
# name 16 = C2-C1S/m: Conductivity Difference, 2 - 1 [S/m]
# name 17 = sal00: Salinity, Practical [PSU]
# name 18 = sal11: Salinity, Practical, 2 [PSU]
# name 19 = sbeox0ML/L: Oxygen, SBE 43 [ml/l]
# name 20 = sigma-é00: Density [sigma-theta, kg/m^3]
# name 21 = sigma-é11: Density, 2 [sigma-theta, kg/m^3]
# name 22 = sbox0Mm/Kg: Oxygen, SBE 43 [umol/kg]
# name 23 = oxsolMm/Kg: Oxygen Saturation, Garcia & Gordon [umol/kg]
# name 24 = oxsatMm/Kg: Oxygen Saturation, Weiss [umol/kg]
# name 25 = sal00: Salinity, Practical [PSU]
# name 26 = sigma-é00: Density [sigma-theta, kg/m^3]
# name 27 = svCM: Sound Velocity [Chen-Millero, m/s]
# name 28 = svCM1: Sound Velocity, 2 [Chen-Millero, m/s]
# name 29 = gsw_ptA0: potential temperature [ITS-90, deg C]
# name 30 = gsw_densityA0: density, TEOS-10 [density, kg/m^3]
# name 31 = gsw_saA0: Absolute Salinity [g/kg]
# name 32 = flag:
# span 0 =      18903,      37614       
# span 1 = 326.524856, 326.533880       
# span 2 =  -62.21708,  -62.21704       
# span 3 =  -58.33798,  -58.33792       
# span 4 =     -1.061,     -0.114       
# span 5 =    1449.76,    1449.76       
# span 6 =      3.000,    444.000       
# span 7 =      2.976,    439.268       
# span 8 =    -0.6813,    -0.2017       
# span 9 =    -0.6805,    -0.2004       
# span 10 =    -0.0391,     0.0215      
# span 11 =    -0.6961,    -0.2155      
# span 12 =    -0.6952,    -0.2143      
# span 13 =    -0.0391,     0.0214      
# span 14 =   2.800177,   2.867241      
# span 15 =   2.799581,   2.867701      
# span 16 =  -0.004156,   0.002095      
# span 17 =    34.1719,    34.5174      
# span 18 =    34.1353,    34.5226      
# span 19 =     5.7709,     7.6102      
# span 20 =    27.4584,    27.7436      
# span 21 =    27.4306,    27.7479      
# span 22 =    250.776,    330.790      
# span 23 =  351.11647,  355.85845      
# span 24 =  352.64997,  357.47186      
# span 25 =    34.1718,    34.5237      
# span 26 =    27.4583,    27.7449      
# span 27 =    1446.08,    1454.27      
# span 28 =    1446.12,    1454.28      
# span 29 =    -0.6957,    -0.2153      
# span 30 =  1027.4776,  1029.8656      
# span 31 =    34.3350,    34.6927      
# span 32 = 0.0000e+00, 0.0000e+00      
# interval = decibars: 1                
# start_time = Nov 22 2019 12:22:40 [NMEA time, header]
# bad_flag = -9.990e-29
*END*
[from data line 220]
      28353 326.529413  -62.21706  -58.33796     -0.758    1449.76    224.000    221.729    -0.5798    -0.5735     0.0063    -0.5869    -0.5806     0.0062   2.814863   2.815964   0.001093    34.3358    34.3434     6.7183    27.5981    27.6041    291.980  355.11288  356.71650    34.3342    27.5969    1449.20    1449.24    -0.5867  1028.6722    34.5017 0.0000e+00
      28383 326.529428  -62.21706  -58.33796     -0.778    1449.76    223.000    220.743    -0.5881    -0.5839     0.0041    -0.5951    -0.5910     0.0041   2.813941   2.814802   0.000849    34.3334    34.3401     6.7356    27.5965    27.6018    292.735  355.19708  356.80233    34.3318    27.5953    1449.15    1449.17    -0.5950  1028.6659    34.4992 0.0000e+00
      28414 326.529443  -62.21706  -58.33796     -0.790    1449.76    222.000    219.749    -0.5936    -0.5915     0.0021    -0.6006    -0.5985     0.0021   2.813408   2.814005   0.000628    34.3323    34.3384     6.7526    27.5959    27.6008    293.471  355.25186  356.85823    34.3315    27.5952    1449.10    1449.12    -0.6004  1028.6611    34.4989 0.0000e+00
      28446 326.529458  -62.21706  -58.33796     -0.759    1449.76    221.000    218.762    -0.5936    -0.5939    -0.0003    -0.6005    -0.6009    -0.0003   2.813357   2.813722   0.000385    34.3322    34.3378     6.7770    27.5958    27.6004    294.531  355.25205  356.85841    34.3314    27.5952    1449.09    1449.09    -0.6004  1028.6563    34.4988 0.0000e+00
      28478 326.529474  -62.21706  -58.33796     -0.734    1449.76    220.000    217.772    -0.5946    -0.5946    -0.0000    -0.6015    -0.6015    -0.0000   2.813204   2.813646   0.000426    34.3319    34.3376     6.7871    27.5956    27.6003    294.971  355.26241  356.86896    34.3311    27.5950    1449.06    1449.07    -0.6014  1028.6513    34.4985 0.0000e+00
      28511 326.529490  -62.21706  -58.33796     -0.737    1449.76    219.000    216.782    -0.5960    -0.5959     0.0001    -0.6029    -0.6028     0.0001   2.813036   2.813442   0.000421    34.3315    34.3371     6.7958    27.5954    27.5999    295.348  355.27632  356.88316    34.3310    27.5950    1449.04    1449.05    -0.6027  1028.6466    34.4984 0.0000e+00
      28541 326.529504  -62.21706  -58.33796     -0.764    1449.76    218.000    215.793    -0.5968    -0.5959     0.0009    -0.6036    -0.6027     0.0009   2.812879   2.813409   0.000529    34.3312    34.3373     6.7955    27.5951    27.6000    295.336  355.28520  356.89220    34.3304    27.5945    1449.02    1449.03    -0.6035  1028.6414    34.4979 0.0000e+00
      28568 326.529517  -62.21706  -58.33796     -0.873    1449.76    217.000    214.804    -0.5982    -0.5996    -0.0013    -0.6051    -0.6064    -0.0013   2.812675   2.812946   0.000288    34.3307    34.3360     6.8012    27.5948    27.5992    295.585  355.30011  356.90739    34.3299    27.5942    1449.00    1449.00    -0.6049  1028.6363    34.4973 0.0000e+00
      28592 326.529529  -62.21706  -58.33796     -0.947    1449.76    216.000    213.815    -0.6014    -0.6032    -0.0018    -0.6081    -0.6099    -0.0018   2.812319   2.812529   0.000218    34.3300    34.3350     6.7946    27.5944    27.5985    295.297  355.33104  356.93895    34.3293    27.5938    1448.97    1448.96    -0.6080  1028.6311    34.4967 0.0000e+00
      28617 326.529541  -62.21706  -58.33796     -0.966    1449.76    215.000    212.825    -0.6023    -0.6040    -0.0017    -0.6090    -0.6108    -0.0017   2.812189   2.812437   0.000234    34.3300    34.3350     6.7939    27.5944    27.5986    295.267  355.34032  356.94844    34.3292    27.5938    1448.94    1448.94    -0.6089  1028.6264    34.4966 0.0000e+00
      28645 326.529554  -62.21706  -58.33796     -0.912    1449.76    214.000    211.836    -0.6043    -0.6043    -0.0000    -0.6110    -0.6110    -0.0000   2.811950   2.812363   0.000412    34.3294    34.3350     6.7902    27.5940    27.5985    295.105  355.36023  356.96873    34.3289    27.5936    1448.92    1448.93    -0.6109  1028.6214    34.4962 0.0000e+00
      28675 326.529569  -62.21706  -58.33796     -0.817    1449.76    213.000    210.852    -0.6050    -0.6046     0.0004    -0.6116    -0.6112     0.0004   2.811835   2.812284   0.000448    34.3292    34.3348     6.7997    27.5938    27.5984    295.521  355.36726  356.97590    34.3287    27.5935    1448.90    1448.91    -0.6115  1028.6166    34.4961 0.0000e+00
      28706 326.529584  -62.21706  -58.33796     -0.768    1449.76    212.000    209.851    -0.6051    -0.6052    -0.0001    -0.6117    -0.6118    -0.0001   2.811780   2.812183   0.000404    34.3291    34.3346     6.8035    27.5938    27.5983    295.687  355.36855  356.97720    34.3287    27.5935    1448.88    1448.89    -0.6116  1028.6118    34.4961 0.0000e+00
      28735 326.529598  -62.21706  -58.33796     -0.804    1449.76    211.000    208.868    -0.6069    -0.6058     0.0011    -0.6135    -0.6124     0.0011   2.811516   2.812071   0.000542    34.3284    34.3344     6.8089    27.5933    27.5982    295.919  355.38727  356.99628    34.3278    27.5928    1448.86    1448.87    -0.6133  1028.6064    34.4951 0.0000e+00
      28761 326.529611  -62.21706  -58.33796     -0.881    1449.76    210.000    207.878    -0.6074    -0.6068     0.0005    -0.6139    -0.6134     0.0005   2.811441   2.811922   0.000488    34.3282    34.3342     6.8091    27.5932    27.5980    295.930  355.39199  357.00108    34.3279    27.5930    1448.84    1448.85    -0.6138  1028.6018    34.4953 0.0000e+00
      28786 326.529622  -62.21706  -58.33796     -0.960    1449.76    209.000    206.889    -0.6075    -0.6077    -0.0002    -0.6141    -0.6143    -0.0002   2.811381   2.811761   0.000386    34.3283    34.3337     6.8127    27.5932    27.5976    296.085  355.39399  357.00313    34.3280    27.5930    1448.82    1448.83    -0.6139  1028.5970    34.4953 0.0000e+00
      28810 326.529634  -62.21706  -58.33796     -0.999    1449.76    208.000    205.899    -0.6081    -0.6080     0.0001    -0.6146    -0.6145     0.0001   2.811263   2.811692   0.000426    34.3281    34.3337     6.8125    27.5931    27.5976    296.078  355.39984  357.00909    34.3276    27.5927    1448.80    1448.81    -0.6145  1028.5920    34.4950 0.0000e+00
      28835 326.529646  -62.21706  -58.33796     -0.977    1449.76    207.000    204.910    -0.6094    -0.6095    -0.0002    -0.6158    -0.6160    -0.0002   2.811034   2.811407   0.000373    34.3271    34.3324     6.8100    27.5924    27.5966    295.970  355.41422  357.02369    34.3265    27.5919    1448.78    1448.78    -0.6157  1028.5864    34.4939 0.0000e+00
      28863 326.529659  -62.21706  -58.33796     -0.897    1449.76    206.000    203.921    -0.6115    -0.6112     0.0003    -0.6179    -0.6176     0.0003   2.810690   2.811136   0.000450    34.3254    34.3311     6.8161    27.5911    27.5957    296.233  355.43911  357.04894    34.3250    27.5907    1448.75    1448.76    -0.6178  1028.5805    34.4923 0.0000e+00
      28891 326.529673  -62.21706  -58.33796     -0.847    1449.76    205.000    202.931    -0.6117    -0.6115     0.0002    -0.6181    -0.6179     0.0002   2.810571   2.811045   0.000461    34.3247    34.3307     6.8147    27.5905    27.5953    296.172  355.44324  357.05308    34.3242    27.5902    1448.73    1448.74    -0.6180  1028.5751    34.4916 0.0000e+00
      28917 326.529685  -62.21706  -58.33796     -0.896    1449.76    204.000    201.942    -0.6121    -0.6118     0.0003    -0.6184    -0.6182     0.0003   2.810472   2.810912   0.000447    34.3241    34.3299     6.8164    27.5901    27.5947    296.248  355.44802  357.05791    34.3239    27.5899    1448.71    1448.72    -0.6183  1028.5701    34.4912 0.0000e+00
      28940 326.529697  -62.21706  -58.33796     -0.973    1449.76    203.000    200.952    -0.6120    -0.6115     0.0005    -0.6184    -0.6179     0.0005   2.810392   2.810918   0.000509    34.3238    34.3301     6.8139    27.5898    27.5949    296.136  355.44840  357.05825    34.3234    27.5895    1448.70    1448.71    -0.6182  1028.5649    34.4907 0.0000e+00
      28962 326.529707  -62.21706  -58.33796     -1.048    1449.76    202.000    199.963    -0.6121    -0.6116     0.0005    -0.6184    -0.6179     0.0005   2.810273   2.810761   0.000506    34.3226    34.3289     6.8113    27.5888    27.5939    296.025  355.45225  357.06205    34.3225    27.5887    1448.68    1448.69    -0.6183  1028.5594    34.4898 0.0000e+00
      28986 326.529719  -62.21706  -58.33796     -1.061    1449.76    201.000    198.974    -0.6112    -0.6109     0.0002    -0.6174    -0.6172     0.0002   2.810234   2.810632   0.000391    34.3218    34.3268     6.8163    27.5881    27.5922    296.244  355.44586  357.05542    34.3215    27.5879    1448.66    1448.67    -0.6173  1028.5538    34.4888 0.0000e+00
      29012 326.529732  -62.21706  -58.33796     -0.949    1449.76    200.000    197.984    -0.6120    -0.6115     0.0004    -0.6182    -0.6178     0.0004   2.809960   2.810468   0.000509    34.3199    34.3262     6.8215    27.5866    27.5917    296.468  355.45907  357.06870    34.3193    27.5862    1448.64    1448.65    -0.6181  1028.5473    34.4866 0.0000e+00
      29041 326.529746  -62.21706  -58.33796     -0.851    1449.76    199.000    196.995    -0.6154    -0.6154     0.0000    -0.6216    -0.6215     0.0000   2.809457   2.809838   0.000389    34.3176    34.3228     6.8302    27.5849    27.5892    296.847  355.49717  357.10740    34.3170    27.5845    1448.61    1448.61    -0.6214  1028.5409    34.4843 0.0000e+00
      29070 326.529760  -62.21706  -58.33796     -0.823    1449.76    198.000    196.005    -0.6189    -0.6196    -0.0007    -0.6251    -0.6257    -0.0007   2.808957   2.809234   0.000291    34.3157    34.3204     6.8385    27.5836    27.5874    297.209  355.53563  357.14652    34.3149    27.5829    1448.57    1448.57    -0.6249  1028.5346    34.4822 0.0000e+00
      29099 326.529774  -62.21706  -58.33796     -0.830    1449.76    197.000    195.016    -0.6239    -0.6232     0.0007    -0.6300    -0.6293     0.0007   2.808226   2.808830   0.000564    34.3122    34.3190     6.8469    27.5809    27.5864    297.574  355.59179  357.20355    34.3113    27.5802    1448.53    1448.54    -0.6299  1028.5271    34.4785 0.0000e+00
      29131 326.529789  -62.21706  -58.33796     -0.791    1449.76    196.000    194.026    -0.6193    -0.6225    -0.0032    -0.6254    -0.6286    -0.0032   2.808960   2.808906   0.000012    34.3158    34.3196     6.8549    27.5837    27.5869    297.923  355.53876  357.14974    34.3166    27.5843    1448.54    1448.53    -0.6252  1028.5264    34.4838 0.0000e+00
      29164 326.529805  -62.21706  -58.33796     -0.726    1449.76    195.000    193.037    -0.6212    -0.6228    -0.0016    -0.6273    -0.6289    -0.0016   2.808406   2.808635   0.000174    34.3139    34.3180     6.8687    27.5822    27.5856    298.523  355.56232  357.17361    34.3120    27.5806    1448.51    1448.51    -0.6271  1028.5180    34.4792 0.0000e+00
      29195 326.529819  -62.21706  -58.33796     -0.753    1449.76    194.000    192.047    -0.6305    -0.6310    -0.0006    -0.6365    -0.6370    -0.0006   2.807040   2.807314   0.000278    34.3053    34.3097     6.8724    27.5756    27.5792    298.683  355.67328  357.28608    34.3046    27.5751    1448.44    1448.44    -0.6364  1028.5078    34.4718 0.0000e+00
      29221 326.529832  -62.21706  -58.33796     -0.855    1449.76    193.000    191.058    -0.6312    -0.6302     0.0010    -0.6371    -0.6361     0.0010   2.806684   2.807326   0.000650    34.3026    34.3101     6.8597    27.5734    27.5795    298.133  355.68746  357.30026    34.3012    27.5724    1448.41    1448.43    -0.6370  1028.5003    34.4684 0.0000e+00
      29247 326.529845  -62.21706  -58.33796     -0.932    1449.76    192.000    190.069    -0.6354    -0.6355    -0.0001    -0.6414    -0.6415    -0.0001   2.805871   2.806187   0.000352    34.2966    34.3014     6.8754    27.5687    27.5727    298.819  355.74408  357.35747    34.2957    27.5681    1448.37    1448.38    -0.6412  1028.4913    34.4628 0.0000e+00
      29273 326.529857  -62.21706  -58.33796     -0.925    1449.76    191.000    189.079    -0.6395    -0.6372     0.0023    -0.6454    -0.6431     0.0023   2.804980   2.805919   0.000877    34.2902    34.2995     6.9061    27.5638    27.5712    300.153  355.79985  357.41376    34.2889    27.5627    1448.33    1448.35    -0.6452  1028.4812    34.4560 0.0000e+00
      29305 326.529873  -62.21706  -58.33796     -0.800    1449.76    190.000    188.089    -0.6405    -0.6364     0.0041    -0.6463    -0.6422     0.0041   2.804839   2.806062   0.001178    34.2891    34.3003     6.9370    27.5629    27.5718    301.497  355.81214  357.42620    34.2887    27.5626    1448.30    1448.34    -0.6462  1028.4763    34.4558 0.0000e+00
      29342 326.529890  -62.21706  -58.33796     -0.659    1449.76    189.000    187.100    -0.6391    -0.6387     0.0004    -0.6450    -0.6446     0.0004   2.804976   2.805370   0.000446    34.2903    34.2959     6.9750    27.5639    27.5683    303.148  355.79623  357.41007    34.2897    27.5633    1448.30    1448.30    -0.6448  1028.4723    34.4568 0.0000e+00
      29374 326.529906  -62.21706  -58.33796     -0.709    1449.76    188.000    186.110    -0.6415    -0.6413     0.0002    -0.6473    -0.6471     0.0002   2.804414   2.804834   0.000430    34.2858    34.2915     6.9882    27.5603    27.5649    303.722  355.83059  357.44469    34.2853    27.5599    1448.26    1448.27    -0.6471  1028.4641    34.4524 0.0000e+00
      29401 326.529919  -62.21706  -58.33796     -0.843    1449.76    187.000    185.121    -0.6411    -0.6411    -0.0000    -0.6468    -0.6468    -0.0000   2.804400   2.804794   0.000389    34.2856    34.2908     6.9828    27.5601    27.5644    303.486  355.82710  357.44108    34.2853    27.5599    1448.25    1448.26    -0.6467  1028.4593    34.4523 0.0000e+00
      29428 326.529932  -62.21706  -58.33796     -0.898    1449.76    186.000    184.132    -0.6411    -0.6410     0.0001    -0.6468    -0.6467     0.0001   2.804078   2.804519   0.000445    34.2824    34.2882     6.9851    27.5575    27.5623    303.590  355.83628  357.45009    34.2816    27.5568    1448.23    1448.24    -0.6467  1028.4515    34.4486 0.0000e+00
      29459 326.529947  -62.21706  -58.33796     -0.812    1449.76    185.000    183.142    -0.6415    -0.6399     0.0016    -0.6472    -0.6456     0.0016   2.803632   2.803794   0.000488    34.2771    34.2773     6.9964    27.5533    27.5533    304.079  355.85530  357.46892    34.2767    27.5529    1448.20    1448.21    -0.6470  1028.4428    34.4437 0.0000e+00
      29494 326.529964  -62.21706  -58.33796     -0.697    1449.76    184.000    182.153    -0.6411    -0.6394     0.0018    -0.6468    -0.6450     0.0018   2.803452   2.803986   0.000535    34.2747    34.2799     7.0076    27.5513    27.5554    304.569  355.85845  357.47186    34.2744    27.5511    1448.18    1448.20    -0.6466  1028.4362    34.4414 0.0000e+00
      29526 326.529979  -62.21706  -58.33796     -0.721    1449.76    183.000    181.163    -0.6401    -0.6380     0.0021    -0.6457    -0.6436     0.0021   2.803368   2.803745   0.000416    34.2728    34.2761     7.0324    27.5497    27.5523    305.648  355.85350  357.46658    34.2727    27.5496    1448.17    1448.18    -0.6456  1028.4300    34.4397 0.0000e+00
      29555 326.529993  -62.21706  -58.33796     -0.811    1449.76    182.000    180.173    -0.6395    -0.6381     0.0014    -0.6451    -0.6436     0.0014   2.803364   2.803767   0.000349    34.2727    34.2758     7.0515    27.5496    27.5521    306.479  355.84848  357.46142    34.2726    27.5495    1448.16    1448.17    -0.6449  1028.4251    34.4396 0.0000e+00
