Pos-Processados/process_op38/Processamento_split/up/uoperantar38_011.cnv
* Sea-Bird SBE 9 Data File:
* FileName = D:\OPERANTAR_XXXVIII\DADOS\OP38_011.hdr
* Software Version Seasave V 7.18c
* Temperature SN = 4808
* Conductivity SN = 3380
* Number of Bytes Per Scan = 31
* Number of Voltage Words = 2
* Number of Scans Averaged by the Deck Unit = 1
* NMEA Latitude = 43 42.36 S
* NMEA Longitude = 053 22.51 W
* NMEA UTC (Time) = Oct 20 2019 16:07:37
** H41
** NAVIO POLAR ALMIRANTE MAXIMIANO
** CRUZEIRO:
** OPERANTAR XXXVIII
** ESTAÇÃO: OP38_011
** LAT 43 42,31' S
** LONG 053 22,49' W
** 09P73767-1155
** PROFUNDIDADE: 5269
** DATA/HORA: 201609Z/OUT/2019
** OPERADOR: SO-HN CHAVES
# nquan = 30
# nvalues = 1039                        
# units = specified
# name 0 = scan: Scan Count
# name 1 = timeJ: Julian Days
# name 2 = latitude: Latitude [deg]
# name 3 = longitude: Longitude [deg]
# name 4 = dz/dtM: Descent Rate [m/s]
# name 5 = avgsvCM: Average Sound Velocity [Chen-Millero, m/s]
# name 6 = prDM: Pressure, Digiquartz [db]
# name 7 = depSM: Depth [salt water, m]
# name 8 = t090C: Temperature [ITS-90, deg C]
# name 9 = t190C: Temperature, 2 [ITS-90, deg C]
# name 10 = T2-T190C: Temperature Difference, 2 - 1 [ITS-90, deg C]
# name 11 = potemp090C: Potential Temperature [ITS-90, deg C]
# name 12 = potemp190C: Potential Temperature, 2 [ITS-90, deg C]
# name 13 = potemp90Cdiff: Potential Temperature, Diff, 2 - 1 [ITS-90, deg C]
# name 14 = c0S/m: Conductivity [S/m]
# name 15 = c1S/m: Conductivity, 2 [S/m]
# name 16 = C2-C1S/m: Conductivity Difference, 2 - 1 [S/m]
# name 17 = sal00: Salinity, Practical [PSU]
# name 18 = sal11: Salinity, Practical, 2 [PSU]
# name 19 = sbeox0ML/L: Oxygen, SBE 43 [ml/l]
# name 20 = sigma-é00: Density [sigma-theta, kg/m^3]
# name 21 = sigma-é11: Density, 2 [sigma-theta, kg/m^3]
# name 22 = sal00: Salinity, Practical [PSU]
# name 23 = sigma-é00: Density [sigma-theta, kg/m^3]
# name 24 = svCM: Sound Velocity [Chen-Millero, m/s]
# name 25 = svCM1: Sound Velocity, 2 [Chen-Millero, m/s]
# name 26 = gsw_ptA0: potential temperature [ITS-90, deg C]
# name 27 = gsw_densityA0: density, TEOS-10 [density, kg/m^3]
# name 28 = gsw_saA0: Absolute Salinity [g/kg]
# name 29 = flag:
# span 0 =      30643,      59106       
# span 1 = 293.686733, 293.700460       
# span 2 =  -43.72024,  -43.71568       
# span 3 =  -53.37956,  -53.37572       
# span 4 =     -1.410,     -0.328       
# span 5 =    1489.37,    1489.37       
# span 6 =      2.000,   1040.000       
# span 7 =      1.993,   1029.099       
# span 8 =     3.3911,    13.9272       
# span 9 =     3.3924,    13.9273       
# span 10 =    -0.0359,     0.0270      
# span 11 =     3.3181,    13.9253      
# span 12 =     3.3194,    13.9257      
# span 13 =    -0.0359,     0.0269      
# span 14 =   3.183027,   4.252826      
# span 15 =   3.183542,   4.253483      
# span 16 =  -0.002807,   0.003461      
# span 17 =    34.1777,    35.6144      
# span 18 =    34.1829,    35.6211      
# span 19 =     5.0759,     5.8728      
# span 20 =    26.6765,    27.2482      
# span 21 =    26.6815,    27.2519      
# span 22 =    34.1790,    35.6184      
# span 23 =    26.6769,    27.2481      
# span 24 =    1479.02,    1505.74      
# span 25 =    1479.02,    1505.74      
# span 26 =     3.3180,    13.9253      
# span 27 =  1026.6923,  1032.0538      
# span 28 =    34.3433,    35.7866      
# span 29 = 0.0000e+00, 0.0000e+00      
# interval = decibars: 1                
# start_time = Oct 20 2019 16:07:37 [NMEA time, header]
# bad_flag = -9.990e-29
*END*
[from data line 291]
      38702 293.690620  -43.71582  -53.37586     -1.028    1489.37    749.000    741.668     4.5089     4.5063    -0.0026     4.4511     4.4485    -0.0026   3.266419   3.266654   0.000242    34.2007    34.2062     5.6605    27.1027    27.1073    34.2018    27.1036    1480.01    1480.00     4.4509  1030.5553    34.3656 0.0000e+00
      38729 293.690633  -43.71582  -53.37586     -0.911    1489.37    748.000    740.679     4.5119     4.5106    -0.0013     4.4541     4.4529    -0.0013   3.266621   3.266965   0.000353    34.2005    34.2059     5.6598    27.1022    27.1067    34.2016    27.1031    1480.00    1480.00     4.4540  1030.5501    34.3654 0.0000e+00
      38756 293.690646  -43.71582  -53.37586     -0.874    1489.37    747.000    739.691     4.5157     4.5138    -0.0019     4.4580     4.4561    -0.0019   3.266879   3.267193   0.000310    34.2002    34.2058     5.6558    27.1016    27.1062    34.2011    27.1023    1480.00    1480.00     4.4579  1030.5447    34.3649 0.0000e+00
      38784 293.690659  -43.71582  -53.37586     -0.885    1489.37    746.000    738.703     4.5178     4.5175    -0.0003     4.4601     4.4598    -0.0003   3.267017   3.267461   0.000438    34.2004    34.2057     5.6592    27.1015    27.1058    34.2012    27.1021    1479.99    1480.00     4.4600  1030.5399    34.3649 0.0000e+00
      38818 293.690676  -43.71582  -53.37586     -0.748    1489.37    745.000    737.714     4.5190     4.5190     0.0001     4.4614     4.4615     0.0001   3.267052   3.267520   0.000465    34.2002    34.2055     5.6690    27.1012    27.1054    34.2008    27.1017    1479.98    1479.99     4.4613  1030.5349    34.3646 0.0000e+00
      38863 293.690698  -43.71582  -53.37586     -0.507    1489.37    744.000    736.726     4.5163     4.5180     0.0017     4.4588     4.4605     0.0017   3.266481   3.267215   0.000714    34.1976    34.2042     5.6771    27.0994    27.1044    34.1975    27.0993    1479.95    1479.96     4.4587  1030.5280    34.3612 0.0000e+00
      38895 293.690713  -43.71582  -53.37586     -0.688    1489.37    743.000    735.737     4.5124     4.5142     0.0017     4.4551     4.4568     0.0017   3.265996   3.266667   0.000678    34.1961    34.2022     5.6820    27.0987    27.1033    34.1963    27.0988    1479.91    1479.93     4.4549  1030.5230    34.3600 0.0000e+00
      38921 293.690725  -43.71582  -53.37586     -0.877    1489.37    742.000    734.749     4.5149     4.5148    -0.0000     4.4576     4.4575    -0.0000   3.266152   3.266612   0.000473    34.1956    34.2012     5.6933    27.0980    27.1024    34.1961    27.0984    1479.91    1479.92     4.4574  1030.5179    34.3598 0.0000e+00
      38949 293.690739  -43.71582  -53.37586     -0.898    1489.37    741.000    733.767     4.5177     4.5180     0.0003     4.4605     4.4608     0.0002   3.266359   3.266840   0.000481    34.1956    34.2009     5.7131    27.0976    27.1018    34.1960    27.0980    1479.90    1479.91     4.4604  1030.5129    34.3598 0.0000e+00
      38976 293.690752  -43.71582  -53.37586     -0.871    1489.37    740.000    732.763     4.5228     4.5204    -0.0024     4.4657     4.4633    -0.0024   3.266802   3.267040   0.000239    34.1956    34.2008     5.7335    27.0971    27.1015    34.1965    27.0978    1479.91    1479.90     4.4655  1030.5081    34.3602 0.0000e+00
      38998 293.690763  -43.71582  -53.37586     -0.971    1489.37    739.000    731.783     4.5314     4.5316     0.0003     4.4743     4.4745     0.0002   3.267617   3.268077   0.000476    34.1960    34.2013     5.7424    27.0965    27.1007    34.1977    27.0978    1479.93    1479.94     4.4741  1030.5033    34.3614 0.0000e+00
      39019 293.690773  -43.71582  -53.37586     -1.102    1489.37    738.000    730.795     4.5437     4.5426    -0.0011     4.4866     4.4855    -0.0011   3.268579   3.268977   0.000377    34.1953    34.2008     5.7467    27.0946    27.0991    34.1967    27.0957    1479.96    1479.97     4.4864  1030.4965    34.3605 0.0000e+00
      39040 293.690783  -43.71582  -53.37586     -1.155    1489.37    737.000    729.807     4.5478     4.5482     0.0004     4.4907     4.4912     0.0004   3.268868   3.269356   0.000485    34.1952    34.2004     5.7465    27.0940    27.0981    34.1964    27.0950    1479.96    1479.97     4.4906  1030.4911    34.3601 0.0000e+00
      39064 293.690794  -43.71582  -53.37586     -1.072    1489.37    736.000    728.818     4.5540     4.5533    -0.0006     4.4970     4.4963    -0.0006   3.269383   3.269777   0.000407    34.1951    34.2005     5.7347    27.0933    27.0977    34.1965    27.0944    1479.97    1479.98     4.4968  1030.4858    34.3602 0.0000e+00
      39093 293.690808  -43.71582  -53.37586     -0.895    1489.37    735.000    727.829     4.5604     4.5580    -0.0024     4.5034     4.5010    -0.0024   3.269911   3.270128   0.000226    34.1952    34.2003     5.7396    27.0927    27.0970    34.1966    27.0938    1479.98    1479.98     4.5033  1030.4805    34.3603 0.0000e+00
      39120 293.690821  -43.71582  -53.37586     -0.837    1489.37    734.000    726.841     4.5660     4.5650    -0.0010     4.5091     4.5081    -0.0010   3.270349   3.270732   0.000368    34.1951    34.2003     5.7533    27.0920    27.0963    34.1965    27.0931    1479.99    1479.99     4.5089  1030.4751    34.3602 0.0000e+00
      39144 293.690833  -43.71582  -53.37586     -0.934    1489.37    733.000    725.853     4.5694     4.5701     0.0007     4.5125     4.5132     0.0007   3.270529   3.271037   0.000511    34.1945    34.1997     5.7524    27.0912    27.0952    34.1956    27.0920    1479.98    1479.99     4.5124  1030.4694    34.3592 0.0000e+00
      39166 293.690843  -43.71582  -53.37586     -1.058    1489.37    732.000    724.864     4.5703     4.5706     0.0003     4.5135     4.5138     0.0003   3.270517   3.270998   0.000472    34.1940    34.1992     5.7476    27.0906    27.0947    34.1949    27.0914    1479.97    1479.98     4.5134  1030.4642    34.3586 0.0000e+00
      39187 293.690854  -43.71582  -53.37586     -1.116    1489.37    731.000    723.875     4.5723     4.5727     0.0003     4.5156     4.5160     0.0003   3.270632   3.271085   0.000454    34.1938    34.1987     5.7500    27.0902    27.0941    34.1947    27.0910    1479.96    1479.97     4.5155  1030.4592    34.3584 0.0000e+00
      39210 293.690865  -43.71582  -53.37586     -1.090    1489.37    730.000    722.887     4.5733     4.5735     0.0001     4.5167     4.5168     0.0001   3.270673   3.271127   0.000455    34.1938    34.1989     5.7582    27.0901    27.0942    34.1947    27.0908    1479.95    1479.96     4.5165  1030.4544    34.3583 0.0000e+00
      39235 293.690877  -43.71582  -53.37586     -1.013    1489.37    729.000    721.899     4.5754     4.5753    -0.0001     4.5189     4.5187    -0.0002   3.270796   3.271247   0.000452    34.1936    34.1990     5.7652    27.0897    27.0941    34.1945    27.0904    1479.94    1479.95     4.5187  1030.4494    34.3581 0.0000e+00
      39260 293.690889  -43.71582  -53.37586     -0.959    1489.37    728.000    720.910     4.5772     4.5774     0.0002     4.5207     4.5209     0.0001   3.270917   3.271379   0.000460    34.1937    34.1989     5.7689    27.0896    27.0937    34.1945    27.0902    1479.93    1479.94     4.5206  1030.4446    34.3582 0.0000e+00
      39285 293.690901  -43.71582  -53.37586     -0.954    1489.37    727.000    719.921     4.5804     4.5797    -0.0007     4.5240     4.5233    -0.0007   3.271207   3.271563   0.000364    34.1941    34.1991     5.7672    27.0896    27.0936    34.1951    27.0903    1479.93    1479.93     4.5238  1030.4401    34.3588 0.0000e+00
      39311 293.690913  -43.71582  -53.37586     -0.951    1489.37    726.000    718.939     4.5837     4.5833    -0.0004     4.5273     4.5269    -0.0004   3.271451   3.271886   0.000422    34.1942    34.1996     5.7656    27.0893    27.0936    34.1951    27.0900    1479.93    1479.93     4.5272  1030.4351    34.3587 0.0000e+00
      39337 293.690926  -43.71582  -53.37586     -0.925    1489.37    725.000    717.937     4.5865     4.5861    -0.0004     4.5302     4.5298    -0.0004   3.271670   3.272080   0.000415    34.1943    34.1996     5.7672    27.0891    27.0933    34.1952    27.0897    1479.92    1479.93     4.5301  1030.4303    34.3589 0.0000e+00
      39361 293.690938  -43.71582  -53.37586     -0.945    1489.37    724.000    716.956     4.5885     4.5884    -0.0001     4.5322     4.5322    -0.0001   3.271788   3.272260   0.000455    34.1944    34.1997     5.7710    27.0889    27.0932    34.1951    27.0895    1479.91    1479.92     4.5321  1030.4254    34.3588 0.0000e+00
      39382 293.690948  -43.71582  -53.37586     -1.047    1489.37    723.000    715.967     4.5923     4.5926     0.0002     4.5362     4.5364     0.0002   3.272151   3.272626   0.000481    34.1947    34.2001     5.7720    27.0888    27.0930    34.1958    27.0896    1479.91    1479.92     4.5360  1030.4209    34.3595 0.0000e+00
      39401 293.690957  -43.71582  -53.37586     -1.176    1489.37    722.000    714.978     4.5961     4.5974     0.0013     4.5400     4.5413     0.0013   3.272481   3.273070   0.000578    34.1950    34.2004     5.7690    27.0886    27.0927    34.1963    27.0896    1479.91    1479.93     4.5399  1030.4162    34.3600 0.0000e+00
      39419 293.690966  -43.71582  -53.37586     -1.280    1489.37    721.000    713.990     4.6020     4.6032     0.0012     4.5459     4.5471     0.0012   3.272970   3.273518   0.000549    34.1953    34.2004     5.7654    27.0881    27.0921    34.1964    27.0890    1479.92    1479.93     4.5458  1030.4109    34.3601 0.0000e+00
      39438 293.690975  -43.71582  -53.37586     -1.292    1489.37    720.000    713.002     4.6044     4.6059     0.0015     4.5485     4.5499     0.0015   3.273134   3.273702   0.000571    34.1953    34.2004     5.7681    27.0878    27.0917    34.1963    27.0887    1479.91    1479.93     4.5483  1030.4060    34.3600 0.0000e+00
      39463 293.690986  -43.71582  -53.37586     -1.133    1489.37    719.000    712.013     4.6117     4.6089    -0.0028     4.5558     4.5529    -0.0028   3.273782   3.273936   0.000185    34.1955    34.2006     5.7685    27.0872    27.0915    34.1969    27.0883    1479.93    1479.92     4.5556  1030.4009    34.3606 0.0000e+00
      39495 293.691002  -43.71582  -53.37586     -0.793    1489.37    718.000    711.025     4.6250     4.6178    -0.0071     4.5691     4.5620    -0.0071   3.275031   3.274782  -0.000208    34.1964    34.2013     5.7619    27.0865    27.0912    34.1983    27.0880    1479.97    1479.95     4.5689  1030.3957    34.3619 0.0000e+00
      39526 293.691017  -43.71582  -53.37586     -0.737    1489.37    717.000    710.036     4.6315     4.6266    -0.0049     4.5756     4.5707    -0.0049   3.275514   3.275609   0.000033    34.1966    34.2020     5.7629    27.0859    27.0907    34.1977    27.0868    1479.98    1479.97     4.5755  1030.3899    34.3614 0.0000e+00
      39550 293.691029  -43.71582  -53.37586     -0.907    1489.37    716.000    709.047     4.6286     4.6359     0.0073     4.5728     4.5801     0.0073   3.275301   3.276535   0.001189    34.1969    34.2032     5.7581    27.0864    27.0906    34.1987    27.0879    1479.95    1479.99     4.5727  1030.3865    34.3623 0.0000e+00
      39572 293.691039  -43.71582  -53.37586     -1.044    1489.37    715.000    708.058     4.6448     4.6469     0.0021     4.5890     4.5911     0.0021   3.276712   3.277324   0.000621    34.1975    34.2026     5.7468    27.0852    27.0890    34.1990    27.0863    1480.00    1480.02     4.5889  1030.3800    34.3626 0.0000e+00
      39597 293.691051  -43.71582  -53.37586     -1.020    1489.37    714.000    707.070     4.6469     4.6459    -0.0010     4.5912     4.5902    -0.0010   3.276857   3.277195   0.000365    34.1975    34.2027     5.7521    27.0849    27.0892    34.1990    27.0861    1479.99    1480.00     4.5910  1030.3752    34.3627 0.0000e+00
      39624 293.691064  -43.71582  -53.37586     -0.920    1489.37    713.000    706.082     4.6526     4.6522    -0.0005     4.5969     4.5965    -0.0005   3.277359   3.277750   0.000409    34.1979    34.2030     5.7553    27.0845    27.0887    34.1995    27.0858    1480.00    1480.01     4.5968  1030.3703    34.3631 0.0000e+00
      39648 293.691076  -43.71582  -53.37586     -0.939    1489.37    712.000    705.093     4.6568     4.6564    -0.0004     4.6012     4.6008    -0.0004   3.277648   3.278135   0.000436    34.1980    34.2035     5.7498    27.0842    27.0886    34.1991    27.0851    1480.00    1480.01     4.6010  1030.3648    34.3627 0.0000e+00
      39669 293.691086  -43.71582  -53.37586     -1.054    1489.37    711.000    704.104     4.6610     4.6622     0.0012     4.6055     4.6067     0.0012   3.278079   3.278628   0.000573    34.1984    34.2039     5.7501    27.0841    27.0883    34.2002    27.0855    1480.00    1480.02     4.6053  1030.3606    34.3638 0.0000e+00
      39688 293.691095  -43.71582  -53.37586     -1.175    1489.37    710.000    703.115     4.6701     4.6714     0.0013     4.6147     4.6159     0.0013   3.278964   3.279629   0.000598    34.1992    34.2048     5.7542    27.0837    27.0880    34.2016    27.0856    1480.03    1480.04     4.6145  1030.3560    34.3653 0.0000e+00
      39707 293.691104  -43.71582  -53.37586     -1.237    1489.37    709.000    702.127     4.6797     4.6843     0.0046     4.6242     4.6288     0.0046   3.279783   3.280615   0.000862    34.1997    34.2050     5.7567    27.0830    27.0867    34.2018    27.0847    1480.05    1480.08     4.6241  1030.3503    34.3654 0.0000e+00
      39728 293.691115  -43.71582  -53.37586     -1.214    1489.37    708.000    701.138     4.6848     4.6856     0.0008     4.6294     4.6301     0.0007   3.280172   3.280666   0.000522    34.1998    34.2050     5.7532    27.0825    27.0866    34.2016    27.0840    1480.05    1480.06     4.6292  1030.3449    34.3652 0.0000e+00
      39751 293.691126  -43.71582  -53.37586     -1.115    1489.37    707.000    700.150     4.6937     4.6924    -0.0013     4.6383     4.6370    -0.0013   3.281040   3.281427   0.000379    34.2007    34.2064     5.7454    27.0823    27.0869    34.2030    27.0841    1480.08    1480.08     4.6382  1030.3403    34.3666 0.0000e+00
      39774 293.691137  -43.71582  -53.37586     -1.033    1489.37    706.000    699.161     4.7025     4.7028     0.0003     4.6472     4.6474     0.0003   3.281753   3.282253   0.000487    34.2009    34.2063     5.7385    27.0815    27.0857    34.2028    27.0829    1480.10    1480.10     4.6470  1030.3344    34.3664 0.0000e+00
      39798 293.691148  -43.71582  -53.37586     -1.013    1489.37    705.000    698.172     4.7073     4.7084     0.0011     4.6520     4.6531     0.0011   3.282154   3.282684   0.000538    34.2013    34.2064     5.7289    27.0812    27.0851    34.2030    27.0826    1480.10    1480.11     4.6519  1030.3294    34.3666 0.0000e+00
      39822 293.691160  -43.71582  -53.37586     -1.001    1489.37    704.000    697.184     4.7095     4.7106     0.0011     4.6542     4.6554     0.0011   3.282262   3.282863   0.000575    34.2011    34.2067     5.7265    27.0808    27.0851    34.2025    27.0819    1480.09    1480.10     4.6541  1030.3242    34.3661 0.0000e+00
      39847 293.691172  -43.71582  -53.37586     -0.975    1489.37    703.000    696.195     4.7127     4.7140     0.0014     4.6575     4.6589     0.0014   3.282563   3.283121   0.000575    34.2016    34.2069     5.7272    27.0809    27.0849    34.2032    27.0822    1480.09    1480.10     4.6574  1030.3198    34.3668 0.0000e+00
