Pos-Processados/process_op38/Processamento_split/up/uoperantar38_024.cnv
* Sea-Bird SBE 9 Data File:
* FileName = D:\OPERANTAR_XXXVIII\DADOS\OP38_024.hdr
* Software Version Seasave V 7.18c
* Temperature SN = 4808
* Conductivity SN = 3380
* Number of Bytes Per Scan = 34
* Number of Voltage Words = 3
* Number of Scans Averaged by the Deck Unit = 1
* NMEA Latitude = 62 13.17 S
* NMEA Longitude = 058 22.76 W
* NMEA UTC (Time) = Nov 22 2019 19:55:17
** H41
** NAVIO POLAR ALMIRANTE MAXIMIANO
** CRUZEIRO:
** OPERANTAR XXXVIII
** ESTAÇÃO: OP38_024
** LAT 62 13,16'S
** LONG 058 22,74'W
** 09P73767-1155_A
** PROFUNDIDADE: 292
** DATA/HORA: 221955Z/NOV/2019
** OPERADOR: SO-HN CHAVES
# nquan = 32
# nvalues = 277                         
# units = specified
# name 0 = scan: Scan Count
# name 1 = timeJ: Julian Days
# name 2 = latitude: Latitude [deg]
# name 3 = longitude: Longitude [deg]
# name 4 = dz/dtM: Descent Rate [m/s]
# name 5 = avgsvCM: Average Sound Velocity [Chen-Millero, m/s]
# name 6 = prDM: Pressure, Digiquartz [db]
# name 7 = depSM: Depth [salt water, m]
# name 8 = t090C: Temperature [ITS-90, deg C]
# name 9 = t190C: Temperature, 2 [ITS-90, deg C]
# name 10 = T2-T190C: Temperature Difference, 2 - 1 [ITS-90, deg C]
# name 11 = potemp090C: Potential Temperature [ITS-90, deg C]
# name 12 = potemp190C: Potential Temperature, 2 [ITS-90, deg C]
# name 13 = potemp90Cdiff: Potential Temperature, Diff, 2 - 1 [ITS-90, deg C]
# name 14 = c0S/m: Conductivity [S/m]
# name 15 = c1S/m: Conductivity, 2 [S/m]
# name 16 = C2-C1S/m: Conductivity Difference, 2 - 1 [S/m]
# name 17 = sal00: Salinity, Practical [PSU]
# name 18 = sal11: Salinity, Practical, 2 [PSU]
# name 19 = sbeox0ML/L: Oxygen, SBE 43 [ml/l]
# name 20 = sbeox1ML/L: Oxygen, SBE 43, 2 [ml/l]
# name 21 = sbeox0ML/Ldiff: Oxygen, SBE 43, Diff, 2 - 1 [ml/l]
# name 22 = sigma-é00: Density [sigma-theta, kg/m^3]
# name 23 = sigma-é11: Density, 2 [sigma-theta, kg/m^3]
# name 24 = sal00: Salinity, Practical [PSU]
# name 25 = sigma-é00: Density [sigma-theta, kg/m^3]
# name 26 = svCM: Sound Velocity [Chen-Millero, m/s]
# name 27 = svCM1: Sound Velocity, 2 [Chen-Millero, m/s]
# name 28 = gsw_ptA0: potential temperature [ITS-90, deg C]
# name 29 = gsw_densityA0: density, TEOS-10 [density, kg/m^3]
# name 30 = gsw_saA0: Absolute Salinity [g/kg]
# name 31 = flag:
# span 0 =       8998,      20305       
# span 1 = 326.834397, 326.839850       
# span 2 =  -62.21966,  -62.21962       
# span 3 =  -58.37928,  -58.37920       
# span 4 =     -1.192,     -0.196       
# span 5 =    1448.21,    1448.21       
# span 6 =      2.000,    278.000       
# span 7 =      1.984,    275.146       
# span 8 =    -0.5348,    -0.2786       
# span 9 =    -0.5348,    -0.2796       
# span 10 =    -0.0046,     0.0055      
# span 11 =    -0.5406,    -0.2786      
# span 12 =    -0.5407,    -0.2797      
# span 13 =    -0.0046,     0.0055      
# span 14 =   2.805792,   2.818327      
# span 15 =   2.806231,   2.818748      
# span 16 =   0.000121,   0.000871      
# span 17 =    34.1700,    34.2928      
# span 18 =    34.1753,    34.2983      
# span 19 =     7.0001,     7.6497      
# span 20 =     6.7067,     7.3923      
# span 21 =    -0.3758,    -0.2575      
# span 22 =    27.4500,    27.5613      
# span 23 =    27.4543,    27.5658      
# span 24 =    34.1703,    34.2928      
# span 25 =    27.4502,    27.5613      
# span 26 =    1446.38,    1450.25      
# span 27 =    1446.39,    1450.26      
# span 28 =    -0.5405,    -0.2787      
# span 29 =  1027.4642,  1028.8934      
# span 30 =    34.3351,    34.4602      
# span 31 = 0.0000e+00, 0.0000e+00      
# interval = decibars: 1                
# start_time = Nov 22 2019 19:55:17 [NMEA time, header]
# bad_flag = -9.990e-29
*END*
[from data line 182]
      13581 326.836607  -62.21964  -58.37922     -1.158    1448.21     96.000     95.064    -0.5221    -0.5219     0.0001    -0.5250    -0.5249     0.0001   2.806135   2.806560   0.000426    34.2301    34.2356     7.3025     6.9871    -0.3154    27.5099    27.5144    34.2301    27.5099    1447.25    1447.26    -0.5250  1027.9739    34.3960 0.0000e+00
      13603 326.836617  -62.21964  -58.37922     -1.130    1448.21     95.000     94.059    -0.5219    -0.5220    -0.0000    -0.5249    -0.5249    -0.0000   2.806089   2.806505   0.000417    34.2300    34.2356     7.3145     6.9942    -0.3203    27.5098    27.5144    34.2300    27.5098    1447.23    1447.24    -0.5248  1027.9690    34.3959 0.0000e+00
      13627 326.836629  -62.21964  -58.37922     -1.039    1448.21     94.000     93.076    -0.5220    -0.5220     0.0001    -0.5249    -0.5249     0.0001   2.806031   2.806455   0.000423    34.2299    34.2355     7.3127     6.9940    -0.3188    27.5098    27.5143    34.2299    27.5097    1447.22    1447.23    -0.5248  1027.9642    34.3958 0.0000e+00
      13652 326.836641  -62.21964  -58.37922     -0.970    1448.21     93.000     92.086    -0.5221    -0.5221     0.0000    -0.5249    -0.5249     0.0000   2.805967   2.806400   0.000432    34.2298    34.2355     7.3113     6.9890    -0.3223    27.5096    27.5143    34.2297    27.5095    1447.20    1447.21    -0.5249  1027.9592    34.3956 0.0000e+00
      13676 326.836653  -62.21964  -58.37922     -0.975    1448.21     92.000     91.097    -0.5225    -0.5225     0.0001    -0.5254    -0.5253     0.0001   2.805895   2.806332   0.000437    34.2299    34.2357     7.3048     7.0013    -0.3035    27.5098    27.5144    34.2299    27.5097    1447.18    1447.19    -0.5253  1027.9546    34.3958 0.0000e+00
      13698 326.836663  -62.21964  -58.37922     -1.039    1448.21     91.000     90.107    -0.5222    -0.5222     0.0000    -0.5250    -0.5250     0.0000   2.805886   2.806312   0.000428    34.2300    34.2357     7.3045     7.0020    -0.3025    27.5098    27.5144    34.2299    27.5098    1447.17    1447.18    -0.5249  1027.9499    34.3958 0.0000e+00
      13719 326.836674  -62.21964  -58.37922     -1.108    1448.21     90.000     89.116    -0.5211    -0.5212    -0.0002    -0.5238    -0.5240    -0.0002   2.805893   2.806297   0.000405    34.2293    34.2350     7.3090     7.0060    -0.3030    27.5092    27.5138    34.2294    27.5093    1447.16    1447.16    -0.5238  1027.9446    34.3953 0.0000e+00
      13741 326.836684  -62.21964  -58.37922     -1.135    1448.21     89.000     88.126    -0.5194    -0.5198    -0.0003    -0.5222    -0.5225    -0.0003   2.805919   2.806318   0.000397    34.2283    34.2340     7.3123     7.0122    -0.3001    27.5083    27.5130    34.2285    27.5085    1447.15    1447.15    -0.5221  1027.9390    34.3944 0.0000e+00
      13763 326.836695  -62.21964  -58.37922     -1.100    1448.21     88.000     87.137    -0.5181    -0.5166     0.0014    -0.5208    -0.5193     0.0014   2.805934   2.806414   0.000475    34.2277    34.2325     7.3094     7.0051    -0.3044    27.5078    27.5116    34.2278    27.5078    1447.14    1447.15    -0.5207  1027.9336    34.3936 0.0000e+00
      13788 326.836707  -62.21964  -58.37922     -1.014    1448.21     87.000     86.147    -0.5166    -0.5160     0.0006    -0.5193    -0.5187     0.0006   2.805943   2.806392   0.000449    34.2268    34.2322     7.3130     7.0021    -0.3109    27.5070    27.5113    34.2269    27.5070    1447.13    1447.14    -0.5192  1027.9280    34.3927 0.0000e+00
      13814 326.836719  -62.21964  -58.37922     -0.944    1448.21     86.000     85.157    -0.5170    -0.5164     0.0006    -0.5196    -0.5190     0.0006   2.805857   2.806309   0.000452    34.2267    34.2321     7.3179     7.0061    -0.3118    27.5069    27.5113    34.2268    27.5070    1447.11    1447.12    -0.5196  1027.9231    34.3925 0.0000e+00
      13838 326.836731  -62.21964  -58.37922     -0.950    1448.21     85.000     84.167    -0.5175    -0.5172     0.0004    -0.5201    -0.5198     0.0004   2.805792   2.806231   0.000439    34.2269    34.2325     7.3203     7.0115    -0.3088    27.5071    27.5116    34.2271    27.5072    1447.09    1447.10    -0.5200  1027.9186    34.3928 0.0000e+00
      13862 326.836742  -62.21964  -58.37922     -1.000    1448.21     84.000     83.177    -0.5102    -0.5102    -0.0000    -0.5128    -0.5128    -0.0000   2.806070   2.806471   0.000414    34.2226    34.2282     7.3286     7.0108    -0.3177    27.5033    27.5078    34.2232    27.5038    1447.10    1447.11    -0.5127  1027.9103    34.3889 0.0000e+00
      13884 326.836753  -62.21964  -58.37922     -1.055    1448.21     83.000     82.186    -0.5003    -0.5049    -0.0046    -0.5029    -0.5074    -0.0046   2.806445   2.806685   0.000244    34.2168    34.2252     7.3301     7.0119    -0.3182    27.4981    27.5052    34.2177    27.4989    1447.12    1447.11    -0.5028  1027.9006    34.3833 0.0000e+00
      13906 326.836764  -62.21964  -58.37922     -1.074    1448.21     82.000     81.197    -0.4964    -0.4973    -0.0009    -0.4989    -0.4998    -0.0009   2.806574   2.806930   0.000364    34.2148    34.2207     7.3321     7.0166    -0.3156    27.4964    27.5012    34.2156    27.4970    1447.12    1447.13    -0.4989  1027.8939    34.3812 0.0000e+00
      13929 326.836775  -62.21964  -58.37922     -1.058    1448.21     81.000     80.207    -0.4927    -0.4940    -0.0013    -0.4952    -0.4965    -0.0013   2.806684   2.807052   0.000363    34.2128    34.2191     7.3405     7.0259    -0.3146    27.4946    27.4998    34.2136    27.4952    1447.12    1447.12    -0.4951  1027.8874    34.3792 0.0000e+00
      13953 326.836786  -62.21964  -58.37922     -1.024    1448.21     80.000     79.217    -0.4905    -0.4915    -0.0010    -0.4930    -0.4940    -0.0010   2.806744   2.807121   0.000375    34.2118    34.2180     7.3626     7.0382    -0.3243    27.4937    27.4987    34.2125    27.4943    1447.11    1447.12    -0.4929  1027.8816    34.3781 0.0000e+00
      13978 326.836798  -62.21964  -58.37922     -0.990    1448.21     79.000     78.227    -0.4894    -0.4891     0.0003    -0.4919    -0.4915     0.0003   2.806744   2.807179   0.000433    34.2113    34.2167     7.3812     7.0453    -0.3360    27.4932    27.4976    34.2119    27.4937    1447.10    1447.11    -0.4918  1027.8762    34.3774 0.0000e+00
      14002 326.836810  -62.21964  -58.37922     -0.985    1448.21     78.000     77.237    -0.4891    -0.4897    -0.0006    -0.4915    -0.4921    -0.0006   2.806725   2.807102   0.000384    34.2113    34.2172     7.3986     7.0646    -0.3340    27.4932    27.4980    34.2119    27.4936    1447.09    1447.09    -0.4914  1027.8714    34.3774 0.0000e+00
      14026 326.836822  -62.21964  -58.37922     -0.991    1448.21     77.000     76.247    -0.4876    -0.4888    -0.0012    -0.4900    -0.4912    -0.0012   2.806753   2.807110   0.000354    34.2106    34.2167     7.4026     7.0733    -0.3293    27.4926    27.4976    34.2112    27.4930    1447.08    1447.08    -0.4899  1027.8660    34.3767 0.0000e+00
      14050 326.836833  -62.21964  -58.37922     -0.995    1448.21     76.000     75.257    -0.4871    -0.4871    -0.0000    -0.4895    -0.4895    -0.0000   2.806728   2.807151   0.000421    34.2105    34.2162     7.3939     7.0755    -0.3185    27.4924    27.4970    34.2110    27.4928    1447.06    1447.07    -0.4894  1027.8610    34.3765 0.0000e+00
      14075 326.836845  -62.21964  -58.37922     -0.983    1448.21     75.000     74.267    -0.4847    -0.4855    -0.0009    -0.4870    -0.4878    -0.0009   2.806838   2.807201   0.000366    34.2096    34.2155     7.3940     7.0733    -0.3207    27.4916    27.4965    34.2103    27.4921    1447.06    1447.06    -0.4870  1027.8555    34.3758 0.0000e+00
      14100 326.836857  -62.21964  -58.37922     -0.975    1448.21     74.000     73.277    -0.4822    -0.4821     0.0001    -0.4845    -0.4844     0.0001   2.806935   2.807352   0.000417    34.2088    34.2144     7.3977     7.0790    -0.3188    27.4909    27.4954    34.2094    27.4913    1447.05    1447.06    -0.4844  1027.8499    34.3749 0.0000e+00
      14124 326.836869  -62.21964  -58.37922     -0.983    1448.21     73.000     72.287    -0.4812    -0.4811     0.0000    -0.4834    -0.4834     0.0000   2.806947   2.807376   0.000419    34.2085    34.2141     7.3958     7.0829    -0.3129    27.4906    27.4951    34.2090    27.4910    1447.04    1447.05    -0.4834  1027.8448    34.3745 0.0000e+00
      14146 326.836879  -62.21964  -58.37922     -1.024    1448.21     72.000     71.296    -0.4797    -0.4796     0.0000    -0.4819    -0.4818     0.0000   2.806983   2.807401   0.000421    34.2080    34.2137     7.3988     7.0887    -0.3101    27.4901    27.4947    34.2084    27.4904    1447.03    1447.04    -0.4819  1027.8394    34.3739 0.0000e+00
      14169 326.836890  -62.21964  -58.37922     -1.062    1448.21     71.000     70.306    -0.4797    -0.4801    -0.0004    -0.4819    -0.4822    -0.0004   2.806952   2.807341   0.000397    34.2081    34.2138     7.4083     7.0932    -0.3151    27.4901    27.4948    34.2086    27.4906    1447.01    1447.02    -0.4818  1027.8348    34.3741 0.0000e+00
      14191 326.836901  -62.21964  -58.37922     -1.080    1448.21     70.000     69.316    -0.4779    -0.4784    -0.0006    -0.4800    -0.4806    -0.0006   2.807002   2.807397   0.000388    34.2074    34.2133     7.4157     7.0991    -0.3165    27.4895    27.4943    34.2079    27.4899    1447.00    1447.01    -0.4800  1027.8294    34.3733 0.0000e+00
      14214 326.836912  -62.21964  -58.37922     -1.073    1448.21     69.000     68.326    -0.4773    -0.4777    -0.0004    -0.4794    -0.4799    -0.0004   2.806985   2.807378   0.000400    34.2073    34.2132     7.4157     7.0994    -0.3164    27.4894    27.4942    34.2076    27.4897    1446.99    1446.99    -0.4794  1027.8243    34.3731 0.0000e+00
      14238 326.836924  -62.21964  -58.37922     -1.020    1448.21     68.000     67.336    -0.4765    -0.4774    -0.0009    -0.4786    -0.4795    -0.0009   2.806996   2.807370   0.000370    34.2071    34.2131     7.4154     7.1023    -0.3131    27.4892    27.4941    34.2075    27.4895    1446.98    1446.98    -0.4786  1027.8194    34.3729 0.0000e+00
      14264 326.836936  -62.21964  -58.37922     -0.948    1448.21     67.000     66.346    -0.4757    -0.4763    -0.0006    -0.4778    -0.4784    -0.0006   2.806988   2.807369   0.000381    34.2068    34.2126     7.4130     7.1031    -0.3099    27.4889    27.4937    34.2071    27.4892    1446.96    1446.97    -0.4777  1027.8143    34.3725 0.0000e+00
      14291 326.836949  -62.21964  -58.37922     -0.899    1448.21     66.000     65.356    -0.4756    -0.4757    -0.0000    -0.4777    -0.4777    -0.0000   2.806935   2.807353   0.000418    34.2067    34.2123     7.4161     7.1009    -0.3152    27.4888    27.4934    34.2069    27.4890    1446.95    1446.96    -0.4776  1027.8093    34.3723 0.0000e+00
      14317 326.836962  -62.21964  -58.37922     -0.913    1448.21     65.000     64.366    -0.4753    -0.4753    -0.0000    -0.4773    -0.4773    -0.0000   2.806904   2.807326   0.000416    34.2066    34.2122     7.4150     7.1060    -0.3091    27.4887    27.4933    34.2068    27.4889    1446.93    1446.94    -0.4773  1027.8044    34.3722 0.0000e+00
      14341 326.836973  -62.21964  -58.37922     -0.959    1448.21     64.000     63.376    -0.4758    -0.4762    -0.0005    -0.4777    -0.4782    -0.0005   2.806840   2.807231   0.000397    34.2068    34.2127     7.4155     7.1115    -0.3040    27.4890    27.4937    34.2070    27.4891    1446.91    1446.92    -0.4777  1027.7998    34.3724 0.0000e+00
      14365 326.836985  -62.21964  -58.37922     -0.998    1448.21     63.000     62.386    -0.4754    -0.4757    -0.0004    -0.4773    -0.4777    -0.0004   2.806816   2.807214   0.000398    34.2067    34.2125     7.4175     7.1107    -0.3067    27.4888    27.4935    34.2068    27.4889    1446.90    1446.91    -0.4773  1027.7949    34.3722 0.0000e+00
      14387 326.836996  -62.21964  -58.37922     -1.036    1448.21     62.000     61.396    -0.4748    -0.4748    -0.0000    -0.4767    -0.4767    -0.0000   2.806804   2.807236   0.000427    34.2065    34.2123     7.4270     7.1132    -0.3139    27.4886    27.4933    34.2067    27.4888    1446.89    1446.90    -0.4767  1027.7899    34.3720 0.0000e+00
      14411 326.837007  -62.21964  -58.37922     -1.049    1448.21     61.000     60.405    -0.4742    -0.4740     0.0002    -0.4761    -0.4759     0.0002   2.806789   2.807214   0.000422    34.2063    34.2118     7.4238     7.1105    -0.3133    27.4884    27.4929    34.2064    27.4886    1446.87    1446.88    -0.4760  1027.7850    34.3718 0.0000e+00
      14434 326.837018  -62.21964  -58.37922     -1.028    1448.21     60.000     59.415    -0.4742    -0.4740     0.0003    -0.4761    -0.4759     0.0002   2.806740   2.807179   0.000440    34.2063    34.2120     7.4201     7.1122    -0.3080    27.4885    27.4930    34.2064    27.4886    1446.86    1446.86    -0.4760  1027.7802    34.3718 0.0000e+00
      14457 326.837029  -62.21964  -58.37922     -1.027    1448.21     59.000     58.425    -0.4740    -0.4742    -0.0002    -0.4758    -0.4761    -0.0002   2.806711   2.807124   0.000413    34.2063    34.2121     7.4245     7.1086    -0.3159    27.4884    27.4931    34.2064    27.4885    1446.84    1446.85    -0.4758  1027.7753    34.3717 0.0000e+00
      14480 326.837041  -62.21964  -58.37922     -1.043    1448.21     58.000     57.435    -0.4732    -0.4735    -0.0003    -0.4750    -0.4752    -0.0003   2.806729   2.807126   0.000399    34.2061    34.2118     7.4182     7.1082    -0.3100    27.4883    27.4929    34.2063    27.4884    1446.83    1446.84    -0.4749  1027.7704    34.3716 0.0000e+00
      14505 326.837053  -62.21964  -58.37922     -1.000    1448.21     57.000     56.445    -0.4711    -0.4722    -0.0011    -0.4729    -0.4740    -0.0011   2.806800   2.807156   0.000356    34.2053    34.2113     7.4142     7.1159    -0.2983    27.4875    27.4925    34.2056    27.4877    1446.82    1446.82    -0.4728  1027.7650    34.3709 0.0000e+00
      14532 326.837066  -62.21964  -58.37922     -0.917    1448.21     56.000     55.455    -0.4704    -0.4710    -0.0005    -0.4721    -0.4727    -0.0005   2.806777   2.807172   0.000394    34.2049    34.2108     7.4187     7.1179    -0.3008    27.4871    27.4919    34.2051    27.4873    1446.81    1446.81    -0.4721  1027.7597    34.3704 0.0000e+00
      14561 326.837079  -62.21964  -58.37922     -0.859    1448.21     55.000     54.465    -0.4703    -0.4698     0.0006    -0.4720    -0.4715     0.0006   2.806744   2.807194   0.000448    34.2050    34.2104     7.4256     7.1115    -0.3142    27.4872    27.4915    34.2051    27.4873    1446.79    1446.80    -0.4720  1027.7550    34.3704 0.0000e+00
      14591 326.837094  -62.21964  -58.37922     -0.813    1448.21     54.000     53.475    -0.4693    -0.4690     0.0002    -0.4709    -0.4707     0.0002   2.806751   2.807187   0.000434    34.2045    34.2101     7.4269     7.1171    -0.3098    27.4868    27.4913    34.2047    27.4869    1446.78    1446.79    -0.4709  1027.7498    34.3700 0.0000e+00
      14621 326.837109  -62.21964  -58.37922     -0.778    1448.21     53.000     52.485    -0.4693    -0.4688     0.0005    -0.4709    -0.4705     0.0005   2.806706   2.807157   0.000451    34.2045    34.2100     7.4216     7.1221    -0.2995    27.4868    27.4912    34.2047    27.4869    1446.76    1446.77    -0.4709  1027.7450    34.3700 0.0000e+00
