Pos-Processados/process_op38/Processamento_split/up/uoperantar38_011.cnv
* Sea-Bird SBE 9 Data File:
* FileName = D:\OPERANTAR_XXXVIII\DADOS\OP38_011.hdr
* Software Version Seasave V 7.18c
* Temperature SN = 4808
* Conductivity SN = 3380
* Number of Bytes Per Scan = 31
* Number of Voltage Words = 2
* Number of Scans Averaged by the Deck Unit = 1
* NMEA Latitude = 43 42.36 S
* NMEA Longitude = 053 22.51 W
* NMEA UTC (Time) = Oct 20 2019 16:07:37
** H41
** NAVIO POLAR ALMIRANTE MAXIMIANO
** CRUZEIRO:
** OPERANTAR XXXVIII
** ESTAÇÃO: OP38_011
** LAT 43 42,31' S
** LONG 053 22,49' W
** 09P73767-1155
** PROFUNDIDADE: 5269
** DATA/HORA: 201609Z/OUT/2019
** OPERADOR: SO-HN CHAVES
# nquan = 30
# nvalues = 1039                        
# units = specified
# name 0 = scan: Scan Count
# name 1 = timeJ: Julian Days
# name 2 = latitude: Latitude [deg]
# name 3 = longitude: Longitude [deg]
# name 4 = dz/dtM: Descent Rate [m/s]
# name 5 = avgsvCM: Average Sound Velocity [Chen-Millero, m/s]
# name 6 = prDM: Pressure, Digiquartz [db]
# name 7 = depSM: Depth [salt water, m]
# name 8 = t090C: Temperature [ITS-90, deg C]
# name 9 = t190C: Temperature, 2 [ITS-90, deg C]
# name 10 = T2-T190C: Temperature Difference, 2 - 1 [ITS-90, deg C]
# name 11 = potemp090C: Potential Temperature [ITS-90, deg C]
# name 12 = potemp190C: Potential Temperature, 2 [ITS-90, deg C]
# name 13 = potemp90Cdiff: Potential Temperature, Diff, 2 - 1 [ITS-90, deg C]
# name 14 = c0S/m: Conductivity [S/m]
# name 15 = c1S/m: Conductivity, 2 [S/m]
# name 16 = C2-C1S/m: Conductivity Difference, 2 - 1 [S/m]
# name 17 = sal00: Salinity, Practical [PSU]
# name 18 = sal11: Salinity, Practical, 2 [PSU]
# name 19 = sbeox0ML/L: Oxygen, SBE 43 [ml/l]
# name 20 = sigma-é00: Density [sigma-theta, kg/m^3]
# name 21 = sigma-é11: Density, 2 [sigma-theta, kg/m^3]
# name 22 = sal00: Salinity, Practical [PSU]
# name 23 = sigma-é00: Density [sigma-theta, kg/m^3]
# name 24 = svCM: Sound Velocity [Chen-Millero, m/s]
# name 25 = svCM1: Sound Velocity, 2 [Chen-Millero, m/s]
# name 26 = gsw_ptA0: potential temperature [ITS-90, deg C]
# name 27 = gsw_densityA0: density, TEOS-10 [density, kg/m^3]
# name 28 = gsw_saA0: Absolute Salinity [g/kg]
# name 29 = flag:
# span 0 =      30643,      59106       
# span 1 = 293.686733, 293.700460       
# span 2 =  -43.72024,  -43.71568       
# span 3 =  -53.37956,  -53.37572       
# span 4 =     -1.410,     -0.328       
# span 5 =    1489.37,    1489.37       
# span 6 =      2.000,   1040.000       
# span 7 =      1.993,   1029.099       
# span 8 =     3.3911,    13.9272       
# span 9 =     3.3924,    13.9273       
# span 10 =    -0.0359,     0.0270      
# span 11 =     3.3181,    13.9253      
# span 12 =     3.3194,    13.9257      
# span 13 =    -0.0359,     0.0269      
# span 14 =   3.183027,   4.252826      
# span 15 =   3.183542,   4.253483      
# span 16 =  -0.002807,   0.003461      
# span 17 =    34.1777,    35.6144      
# span 18 =    34.1829,    35.6211      
# span 19 =     5.0759,     5.8728      
# span 20 =    26.6765,    27.2482      
# span 21 =    26.6815,    27.2519      
# span 22 =    34.1790,    35.6184      
# span 23 =    26.6769,    27.2481      
# span 24 =    1479.02,    1505.74      
# span 25 =    1479.02,    1505.74      
# span 26 =     3.3180,    13.9253      
# span 27 =  1026.6923,  1032.0538      
# span 28 =    34.3433,    35.7866      
# span 29 = 0.0000e+00, 0.0000e+00      
# interval = decibars: 1                
# start_time = Oct 20 2019 16:07:37 [NMEA time, header]
# bad_flag = -9.990e-29
*END*
[from data line 484]
      43162 293.692770  -43.71600  -53.37576     -0.915    1489.37    556.000    550.812     5.6521     5.6443    -0.0078     5.6050     5.5973    -0.0077   3.362273   3.362012  -0.000245    34.2291    34.2342     5.6897    26.9925    26.9974    34.2327    26.9954    1481.52    1481.49     5.6049  1029.5469    34.3958 0.0000e+00
      43185 293.692781  -43.71600  -53.37576     -1.005    1489.37    555.000    549.823     5.6637     5.6575    -0.0062     5.6167     5.6105    -0.0062   3.363402   3.363331  -0.000101    34.2303    34.2355     5.6820    26.9920    26.9969    34.2342    26.9951    1481.55    1481.53     5.6165  1029.5419    34.3973 0.0000e+00
      43207 293.692792  -43.71600  -53.37576     -1.056    1489.37    554.000    548.833     5.6745     5.6690    -0.0054     5.6275     5.6220    -0.0054   3.364442   3.364336  -0.000067    34.2314    34.2362     5.6785    26.9916    26.9960    34.2356    26.9949    1481.58    1481.56     5.6274  1029.5370    34.3987 0.0000e+00
      43231 293.692804  -43.71602  -53.37576     -1.042    1489.37    553.000    547.844     5.7008     5.6864    -0.0144     5.6538     5.6394    -0.0144   3.367028   3.366038  -0.000897    34.2334    34.2379     5.6712    26.9899    26.9952    34.2388    26.9942    1481.67    1481.62     5.6537  1029.5313    34.4019 0.0000e+00
      43257 293.692816  -43.71602  -53.37576     -0.961    1489.37    552.000    546.858     5.7234     5.7098    -0.0136     5.6764     5.6629    -0.0135   3.368989   3.368280  -0.000774    34.2345    34.2395     5.6557    26.9880    26.9936    34.2386    26.9912    1481.74    1481.70     5.6762  1029.5236    34.4017 0.0000e+00
      43285 293.692830  -43.71602  -53.37576     -0.880    1489.37    551.000    545.863     5.7308     5.7274    -0.0034     5.6838     5.6804    -0.0034   3.369635   3.369791   0.000163    34.2350    34.2403     5.6500    26.9875    26.9921    34.2389    26.9906    1481.76    1481.75     5.6837  1029.5183    34.4020 0.0000e+00
      43311 293.692842  -43.71602  -53.37576     -0.889    1489.37    550.000    544.876     5.7477     5.7404    -0.0073     5.7007     5.6935    -0.0073   3.371295   3.371085  -0.000221    34.2369    34.2418     5.6430    26.9870    26.9917    34.2411    26.9902    1481.81    1481.79     5.7006  1029.5131    34.4042 0.0000e+00
      43335 293.692854  -43.71603  -53.37576     -0.969    1489.37    549.000    543.887     5.7571     5.7515    -0.0055     5.7102     5.7046    -0.0055   3.372062   3.372084  -0.000014    34.2372    34.2427     5.6446    26.9860    26.9910    34.2408    26.9888    1481.83    1481.82     5.7101  1029.5070    34.4039 0.0000e+00
      43357 293.692865  -43.71604  -53.37576     -1.041    1489.37    548.000    542.897     5.7658     5.7606    -0.0052     5.7189     5.7138    -0.0052   3.372891   3.372878  -0.000003    34.2382    34.2434     5.6418    26.9857    26.9905    34.2418    26.9886    1481.85    1481.84     5.7188  1029.5021    34.4049 0.0000e+00
      43379 293.692875  -43.71604  -53.37576     -1.076    1489.37    547.000    541.908     5.7732     5.7686    -0.0046     5.7264     5.7218    -0.0046   3.373511   3.373589   0.000054    34.2387    34.2441     5.6427    26.9852    26.9900    34.2418    26.9877    1481.87    1481.86     5.7263  1029.4965    34.4049 0.0000e+00
      43402 293.692886  -43.71604  -53.37578     -1.080    1489.37    546.000    540.918     5.7811     5.7756    -0.0054     5.7343     5.7289    -0.0054   3.374358   3.374251  -0.000052    34.2400    34.2449     5.6402    26.9852    26.9898    34.2439    26.9884    1481.88    1481.87     5.7342  1029.4925    34.4070 0.0000e+00
      43425 293.692897  -43.71604  -53.37578     -1.051    1489.37    545.000    539.929     5.7935     5.7870    -0.0064     5.7468     5.7404    -0.0064   3.375363   3.375332  -0.000092    34.2404    34.2459     5.6310    26.9841    26.9891    34.2432    26.9863    1481.92    1481.90     5.7467  1029.4857    34.4063 0.0000e+00
      43449 293.692909  -43.71604  -53.37578     -1.013    1489.37    544.000    538.940     5.7990     5.7960    -0.0029     5.7523     5.7494    -0.0029   3.375910   3.376085   0.000193    34.2412    34.2464     5.6315    26.9840    26.9884    34.2443    26.9865    1481.92    1481.92     5.7522  1029.4813    34.4074 0.0000e+00
      43473 293.692921  -43.71604  -53.37578     -0.993    1489.37    543.000    537.950     5.8069     5.8024    -0.0044     5.7603     5.7559    -0.0044   3.376581   3.376720   0.000102    34.2418    34.2475     5.6336    26.9835    26.9885    34.2444    26.9855    1481.94    1481.93     5.7602  1029.4757    34.4075 0.0000e+00
      43498 293.692933  -43.71604  -53.37580     -0.977    1489.37    542.000    536.961     5.8090     5.8076    -0.0014     5.7625     5.7611    -0.0014   3.376735   3.377111   0.000366    34.2423    34.2478     5.6252    26.9836    26.9881    34.2445    26.9853    1481.93    1481.93     5.7624  1029.4709    34.4076 0.0000e+00
      43524 293.692945  -43.71606  -53.37580     -0.950    1489.37    541.000    535.972     5.8123     5.8107    -0.0016     5.7659     5.7643    -0.0016   3.377061   3.377384   0.000324    34.2429    34.2482     5.6216    26.9837    26.9880    34.2453    26.9855    1481.93    1481.93     5.7658  1029.4665    34.4084 0.0000e+00
      43549 293.692957  -43.71606  -53.37580     -0.931    1489.37    540.000    534.982     5.8198     5.8166    -0.0032     5.7735     5.7703    -0.0032   3.377753   3.377916   0.000174    34.2438    34.2490     5.6240    26.9834    26.9880    34.2460    26.9852    1481.94    1481.94     5.7733  1029.4615    34.4091 0.0000e+00
      43573 293.692969  -43.71606  -53.37580     -0.972    1489.37    539.000    534.004     5.8234     5.8209    -0.0025     5.7772     5.7746    -0.0025   3.377989   3.378303   0.000280    34.2439    34.2496     5.6284    26.9831    26.9879    34.2455    26.9844    1481.94    1481.94     5.7770  1029.4560    34.4086 0.0000e+00
      43595 293.692979  -43.71606  -53.37580     -1.061    1489.37    538.000    532.992     5.8229     5.8227    -0.0002     5.7767     5.7765    -0.0002   3.377882   3.378370   0.000474    34.2440    34.2495     5.6329    26.9832    26.9876    34.2454    26.9843    1481.92    1481.93     5.7766  1029.4514    34.4085 0.0000e+00
      43618 293.692991  -43.71608  -53.37580     -1.064    1489.37    537.000    532.014     5.8253     5.8237    -0.0016     5.7792     5.7776    -0.0016   3.378109   3.378447   0.000328    34.2445    34.2498     5.6300    26.9833    26.9877    34.2460    26.9845    1481.92    1481.92     5.7790  1029.4470    34.4091 0.0000e+00
      43649 293.693005  -43.71608  -53.37580     -0.866    1489.37    536.000    531.024     5.8263     5.8261    -0.0001     5.7802     5.7801    -0.0001   3.378128   3.378617   0.000479    34.2445    34.2501     5.6263    26.9832    26.9876    34.2457    26.9841    1481.90    1481.91     5.7801  1029.4421    34.4088 0.0000e+00
      43683 293.693022  -43.71608 -9.990e-29     -0.689    1489.37    535.000    530.039     5.8304     5.8287    -0.0017     5.7844     5.7827    -0.0017   3.378557   3.378869   0.000318    34.2453    34.2507     5.6234    26.9833    26.9877    34.2469    26.9845    1481.90    1481.90     5.7843  1029.4380    34.4101 0.0000e+00
      43711 293.693035  -43.71608 -9.990e-29     -0.785    1489.37    534.000    529.038     5.8451     5.8373    -0.0078     5.7992     5.7914    -0.0078   3.380428   3.379927  -0.000295    34.2482    34.2527     5.6156    26.9837    26.9883    34.2536    26.9880    1481.95    1481.93     5.7991  1029.4366    34.4168 0.0000e+00
      43734 293.693046  -43.71610 -9.990e-29     -0.968    1489.37    533.000    528.056     5.9131     5.8861    -0.0269     5.8669     5.8401    -0.0268   3.387620   3.385313  -0.002169    34.2571    34.2599     5.6092    26.9824    26.9879    34.2665    26.9898    1482.23    1482.12     5.8668  1029.4330    34.4298 0.0000e+00
      43758 293.693058  -43.71610  -53.37582     -1.044    1489.37    532.000    527.067     5.9652     5.9393    -0.0260     5.9190     5.8931    -0.0259   3.392173   3.390435  -0.001910    34.2601    34.2648     5.6145    26.9782    26.9851    34.2656    26.9825    1482.42    1482.32     5.9188  1029.4205    34.4288 0.0000e+00
      43785 293.693071  -43.71610  -53.37584     -0.939    1489.37    531.000    526.077     5.9805     5.9772    -0.0033     5.9343     5.9310    -0.0033   3.393608   3.393813   0.000154    34.2621    34.2671     5.6103    26.9778    26.9822    34.2668    26.9816    1482.46    1482.46     5.9342  1029.4147    34.4300 0.0000e+00
      43814 293.693085  -43.71610  -53.37584     -0.835    1489.37    530.000    525.088     6.0009     5.9951    -0.0058     5.9547     5.9489    -0.0058   3.395752   3.395612  -0.000087    34.2651    34.2700     5.5700    26.9777    26.9823    34.2709    26.9822    1482.53    1482.51     5.9546  1029.4105    34.4340 0.0000e+00
      43841 293.693098  -43.71610  -53.37584     -0.865    1489.37    529.000    524.098     6.0145     6.0101    -0.0045     5.9684     5.9639    -0.0044   3.397005   3.397089   0.000074    34.2670    34.2723     5.5465    26.9774    26.9822    34.2717    26.9811    1482.57    1482.56     5.9682  1029.4047    34.4349 0.0000e+00
      43867 293.693111  -43.71610  -53.37584     -0.905    1489.37    528.000    523.109     6.0253     6.0208    -0.0045     5.9792     5.9747    -0.0045   3.398048   3.398119   0.000044    34.2686    34.2737     5.5394    26.9773    26.9819    34.2730    26.9808    1482.60    1482.59     5.9791  1029.3992    34.4355 0.0000e+00
      43894 293.693124 -9.990e-29  -53.37585     -0.897    1489.37    527.000    522.119     6.0352     6.0334    -0.0019     5.9891     5.9873    -0.0018   3.398955   3.399302   0.000320    34.2700    34.2755     5.5322    26.9772    26.9818    34.2737    26.9801    1482.62    1482.62     5.9890  1029.3934    34.4357 0.0000e+00
      43925 293.693139 -9.990e-29  -53.37586     -0.810    1489.37    526.000    521.130     6.0406     6.0405    -0.0002     5.9946     5.9944    -0.0002   3.399453   3.399956   0.000478    34.2710    34.2765     5.5328    26.9773    26.9817    34.2744    26.9799    1482.63    1482.64     5.9945  1029.3885    34.4363 0.0000e+00
      43959 293.693155  -43.71612  -53.37586     -0.717    1489.37    525.000    520.140     6.0525     6.0532     0.0008     6.0065     6.0072     0.0008   3.400665   3.401258   0.000599    34.2727    34.2786     5.5266    26.9771    26.9817    34.2765    26.9801    1482.66    1482.67     6.0064  1029.3843    34.4388 0.0000e+00
      43988 293.693169  -43.71613 -9.990e-29     -0.769    1489.37    524.000    519.151     6.0803     6.0713    -0.0090     6.0343     6.0254    -0.0090   3.403634   3.403119  -0.000414    34.2766    34.2810     5.5223    26.9766    26.9813    34.2822    26.9811    1482.76    1482.73     6.0342  1029.3811    34.4455 0.0000e+00
      44013 293.693181  -43.71614 -9.990e-29     -0.904    1489.37    523.000    518.161     6.1053     6.0961    -0.0092     6.0593     6.0501    -0.0091   3.405978   3.405640  -0.000340    34.2787    34.2841     5.5214    26.9751    26.9806    34.2839    26.9792    1482.85    1482.82     6.0592  1029.3744    34.4472 0.0000e+00
      44035 293.693191  -43.71614 -9.990e-29     -1.039    1489.37    522.000    517.172     6.1425     6.1226    -0.0199     6.0964     6.0766    -0.0198   3.409842   3.408524  -0.001330    34.2826    34.2877     5.5187    26.9735    26.9801    34.2902    26.9795    1482.99    1482.91     6.0963  1029.3696    34.4535 0.0000e+00
      44055 293.693201  -43.71614 -9.990e-29     -1.133    1489.37    521.000    516.182     6.1667     6.1579    -0.0088     6.1206     6.1119    -0.0088   3.411857   3.411527  -0.000329    34.2834    34.2885     5.5184    26.9710    26.9762    34.2889    26.9754    1483.06    1483.04     6.1205  1029.3606    34.4522 0.0000e+00
      44076 293.693211  -43.71614  -53.37588     -1.153    1489.37    520.000    515.193     6.1794     6.1716    -0.0078     6.1334     6.1256    -0.0078   3.413057   3.412825  -0.000254    34.2847    34.2898     5.5139    26.9705    26.9754    34.2900    26.9746    1483.10    1483.07     6.1332  1029.3551    34.4532 0.0000e+00
      44099 293.693222  -43.71616  -53.37588     -1.100    1489.37    519.000    514.203     6.1974     6.1910    -0.0064     6.1514     6.1450    -0.0064   3.414830   3.414718  -0.000116    34.2866    34.2917     5.4992    26.9696    26.9745    34.2922    26.9741    1483.16    1483.14     6.1513  1029.3497    34.4554 0.0000e+00
      44124 293.693234  -43.71616  -53.37590     -1.016    1489.37    518.000    513.213     6.2091     6.2068    -0.0023     6.1632     6.1608    -0.0023   3.415761   3.416074   0.000290    34.2871    34.2926     5.4856    26.9685    26.9732    34.2913    26.9719    1483.19    1483.19     6.1630  1029.3428    34.4545 0.0000e+00
      44150 293.693247  -43.71616  -53.37590     -0.935    1489.37    517.000    512.224     6.2153     6.2143    -0.0011     6.1694     6.1684    -0.0011   3.416313   3.416742   0.000401    34.2879    34.2934     5.4709    26.9683    26.9729    34.2917    26.9714    1483.19    1483.20     6.1693  1029.3377    34.4549 0.0000e+00
      44181 293.693262  -43.71616  -53.37590     -0.817    1489.37    516.000    511.235     6.2276     6.2256    -0.0021     6.1818     6.1797    -0.0020   3.417474   3.417744   0.000288    34.2885    34.2938     5.4665    26.9672    26.9717    34.2928    26.9706    1483.23    1483.23     6.1816  1029.3323    34.4560 0.0000e+00
      44213 293.693277  -43.71616  -53.37590     -0.742    1489.37    515.000    510.245     6.2538     6.2473    -0.0065     6.2079     6.2014    -0.0065   3.419929   3.419846  -0.000086    34.2894    34.2950     5.4751    26.9646    26.9698    34.2945    26.9686    1483.32    1483.30     6.2078  1029.3253    34.4577 0.0000e+00
      44238 293.693290  -43.71616  -53.37590     -0.855    1489.37    514.000    509.256     6.2677     6.2635    -0.0043     6.2219     6.2177    -0.0042   3.421013   3.421136   0.000112    34.2894    34.2949     5.4858    26.9628    26.9677    34.2930    26.9656    1483.35    1483.35     6.2218  1029.3177    34.4562 0.0000e+00
      44260 293.693300  -43.71618  -53.37591     -1.015    1489.37    513.000    508.266     6.2717     6.2670    -0.0046     6.2259     6.2213    -0.0046   3.421308   3.421421   0.000107    34.2895    34.2954     5.4913    26.9623    26.9675    34.2929    26.9650    1483.35    1483.34     6.2258  1029.3125    34.4562 0.0000e+00
      44281 293.693310  -43.71618 -9.990e-29     -1.120    1489.37    512.000    507.277     6.2822     6.2720    -0.0102     6.2365     6.2264    -0.0102   3.422460   3.421987  -0.000429    34.2907    34.2961     5.4934    26.9619    26.9675    34.2956    26.9658    1483.38    1483.35     6.2364  1029.3087    34.4589 0.0000e+00
      44303 293.693321  -43.71618 -9.990e-29     -1.122    1489.37    511.000    506.287     6.2989     6.2931    -0.0057     6.2532     6.2475    -0.0057   3.423833   3.423908   0.000029    34.2912    34.2973     5.4961    26.9602    26.9657    34.2947    26.9629    1483.43    1483.42     6.2531  1029.3010    34.4580 0.0000e+00
      44328 293.693333  -43.71618 -9.990e-29     -1.032    1489.37    510.000    505.297     6.3053     6.3029    -0.0023     6.2597     6.2573    -0.0023   3.424423   3.424699   0.000282    34.2918    34.2973     5.4978    26.9598    26.9645    34.2953    26.9625    1483.44    1483.44     6.2596  1029.2960    34.4586 0.0000e+00
