Pos-Processados/process_op38/Processamento_split/up/uoperantar38_001.cnv
* Sea-Bird SBE 9 Data File:
* FileName = D:\OPERANTAR_XXXVIII\DADOS\OP38_002.hdr
* Software Version Seasave V 7.12
* Temperature SN = 4808
* Conductivity SN = 3380
* Number of Bytes Per Scan = 31
* Number of Voltage Words = 2
* Number of Scans Averaged by the Deck Unit = 1
* NMEA Latitude = 38 26.99 S
* NMEA Longitude = 052 53.48 W
* NMEA UTC (Time) = Jan 16 2019 21:21:57
** H41
** NAVIO POLAR ALMIRANTE MAXIMIANO
** CRUZEIRO:
** OPERANTAR XXXVIII
** ESTAวรO: 002
** LAT 38บ 26,99'S
** LONG 052บ 53,46'W
** 09P73767-1155
** PROFUNDIDADE: 4158 m
** DATA/HORA: 162121Z/OUT/2019
** OPERADOR: SO-HN CHAVES
# nquan = 33
# nvalues = 1028                        
# units = specified
# name 0 = scan: Scan Count
# name 1 = timeJ: Julian Days
# name 2 = latitude: Latitude [deg]
# name 3 = longitude: Longitude [deg]
# name 4 = dz/dtM: Descent Rate [m/s]
# name 5 = avgsvCM: Average Sound Velocity [Chen-Millero, m/s]
# name 6 = prDM: Pressure, Digiquartz [db]
# name 7 = depSM: Depth [salt water, m]
# name 8 = t090C: Temperature [ITS-90, deg C]
# name 9 = t190C: Temperature, 2 [ITS-90, deg C]
# name 10 = T2-T190C: Temperature Difference, 2 - 1 [ITS-90, deg C]
# name 11 = potemp090C: Potential Temperature [ITS-90, deg C]
# name 12 = potemp190C: Potential Temperature, 2 [ITS-90, deg C]
# name 13 = potemp90Cdiff: Potential Temperature, Diff, 2 - 1 [ITS-90, deg C]
# name 14 = c0S/m: Conductivity [S/m]
# name 15 = c1S/m: Conductivity, 2 [S/m]
# name 16 = C2-C1S/m: Conductivity Difference, 2 - 1 [S/m]
# name 17 = sal00: Salinity, Practical [PSU]
# name 18 = sal11: Salinity, Practical, 2 [PSU]
# name 19 = sbeox0ML/L: Oxygen, SBE 43 [ml/l]
# name 20 = sigma-้00: Density [sigma-theta, kg/m^3]
# name 21 = sigma-้11: Density, 2 [sigma-theta, kg/m^3]
# name 22 = sbox0Mm/Kg: Oxygen, SBE 43 [umol/kg]
# name 23 = oxsolMm/Kg: Oxygen Saturation, Garcia & Gordon [umol/kg]
# name 24 = oxsatMm/Kg: Oxygen Saturation, Weiss [umol/kg]
# name 25 = sal00: Salinity, Practical [PSU]
# name 26 = sigma-้00: Density [sigma-theta, kg/m^3]
# name 27 = svCM: Sound Velocity [Chen-Millero, m/s]
# name 28 = svCM1: Sound Velocity, 2 [Chen-Millero, m/s]
# name 29 = gsw_ptA0: potential temperature [ITS-90, deg C]
# name 30 = gsw_densityA0: density, TEOS-10 [density, kg/m^3]
# name 31 = gsw_saA0: Absolute Salinity [g/kg]
# name 32 = flag:
# span 0 =      39879,      81475       
# span 1 =  16.909474,  16.929534       
# span 2 =  -38.22398,  -38.22388       
# span 3 =  -52.57272,  -52.57268       
# span 4 =     -1.848,     -0.054       
# span 5 =    1498.22,    1498.22       
# span 6 =      0.000,   1027.000       
# span 7 =      0.018,   1016.779       
# span 8 =     3.9744,    16.6181       
# span 9 =     3.9757,    16.6238       
# span 10 =    -0.1828,     0.1145      
# span 11 =     3.8972,    16.6181      
# span 12 =     3.8985,    16.6238      
# span 13 =    -0.1828,     0.1142      
# span 14 =   3.230199,   4.486320      
# span 15 =   3.230700,   4.486950      
# span 16 =  -0.008889,   0.026082      
# span 17 =    33.4977,    35.8375      
# span 18 =    33.5606,    35.8436      
# span 19 =     4.6933,     5.9565      
# span 20 =    24.4215,    27.1516      
# span 21 =    24.4976,    27.1550      
# span 22 =    204.148,    259.001      
# span 23 =  241.74516,  316.92316      
# span 24 =  241.49513,  317.72529      
# span 25 =    33.4967,    35.8402      
# span 26 =    24.4498,    27.1520      
# span 27 =    1481.79,    1512.81      
# span 28 =    1481.77,    1512.82      
# span 29 =     3.8970,    16.6181      
# span 30 =  1024.4550,  1031.8838      
# span 31 =    33.6548,    36.0094      
# span 32 = 0.0000e+00, 0.0000e+00      
# interval = decibars: 1                
# start_time = Jan 16 2019 21:21:57 [NMEA time, header]
# bad_flag = -9.990e-29
*END*
[from data line 352]
      51176  16.914922  -38.22396 -9.990e-29     -1.616    1498.22    675.000    668.846     6.1891     6.1963     0.0071     6.1286     6.1357     0.0071   3.420237   3.421432   0.001219    34.2796    34.2860     5.5577    26.9670    26.9712    241.690  300.55624  301.07576    34.2850    26.9713    1485.69    1485.73     6.1284  1030.0552    34.4480 0.0000e+00
      51194  16.914931  -38.22394 -9.990e-29     -1.528    1498.22    674.000    667.856     6.2091     6.2233     0.0142     6.1485     6.1627     0.0141   3.422051   3.424144   0.001996    34.2817    34.2897     5.5612    26.9661    26.9707    241.840  300.41258  300.92982    34.2857    26.9693    1485.75    1485.82     6.1484  1030.0483    34.4487 0.0000e+00
      51234  16.914950  -38.22394  -52.57268     -0.787    1498.22    673.000    666.870     6.2403     6.2260    -0.0143     6.1797     6.1655    -0.0142   3.425290   3.424308  -0.000912    34.2865    34.2906     5.5330    26.9659    26.9710    240.616  300.18521  300.69893    34.2910    26.9694    1485.87    1485.81     6.1796  1030.0434    34.4539 0.0000e+00
      51307  16.914986  -38.22393  -52.57268     -0.292    1498.22    672.000    665.873     6.2655     6.2660     0.0005     6.2048     6.2054     0.0005   3.427664   3.428200   0.000558    34.2899    34.2956     5.4853    26.9654    26.9698    238.542  300.00294  300.51381    34.2927    26.9676    1485.95    1485.96     6.2047  1030.0365    34.4556 0.0000e+00
      51350  16.915006  -38.22394  -52.57268     -0.539    1498.22    671.000    664.889     6.2650     6.2645    -0.0005     6.2045     6.2039    -0.0005   3.427596   3.428148   0.000502    34.2906    34.2967     5.4831    26.9660    26.9709    238.444  300.00472  300.51565    34.2929    26.9678    1485.93    1485.94     6.2043  1030.0323    34.4558 0.0000e+00
      51376  16.915019  -38.22395 -9.990e-29     -0.794    1498.22    670.000    663.900     6.2660     6.2718     0.0058     6.2055     6.2113     0.0057   3.427684   3.428777   0.001082    34.2913    34.2975     5.4790    26.9664    26.9706    238.265  299.99660  300.50744    34.2934    26.9680    1485.92    1485.95     6.2053  1030.0280    34.4564 0.0000e+00
      51395  16.915028  -38.22396 -9.990e-29     -1.049    1498.22    669.000    662.910     6.2728     6.2784     0.0056     6.2124     6.2180     0.0056   3.428418   3.429562   0.001077    34.2926    34.2989     5.4782    26.9665    26.9708    238.232  299.94675  300.45683    34.2952    26.9686    1485.93    1485.96     6.2122  1030.0239    34.4583 0.0000e+00
      51411  16.915036  -38.22396 -9.990e-29     -1.276    1498.22    668.000    661.921     6.2853     6.2920     0.0067     6.2249     6.2316     0.0067   3.429847   3.431248   0.001243    34.2947    34.3018     5.4791    26.9666    26.9713    238.272  299.85533  300.36401    34.2991    26.9700    1485.97    1486.01     6.2248  1030.0206    34.4621 0.0000e+00
      51427  16.915043  -38.22395 -9.990e-29     -1.452    1498.22    667.000    660.932     6.3079     6.3261     0.0182     6.2475     6.2656     0.0182   3.432280   3.434459   0.002312    34.2979    34.3054     5.4767    26.9662    26.9697    238.166  299.69183  300.19797    34.3040    26.9710    1486.05    1486.13     6.2473  1030.0167    34.4671 0.0000e+00
      51442  16.915051  -38.22394  -52.57270     -1.547    1498.22    666.000    659.942     6.3377     6.3403     0.0026     6.2772     6.2799     0.0025   3.435410   3.436098   0.000755    34.3021    34.3079     5.4749    26.9657    26.9699    238.087  299.47604  299.97883    34.3094    26.9714    1486.16    1486.17     6.2771  1030.0120    34.4724 0.0000e+00
      51458  16.915058  -38.22394  -52.57270     -1.552    1498.22    665.000    658.953     6.3657     6.3661     0.0004     6.3052     6.3056     0.0004   3.438019   3.438656   0.000590    34.3050    34.3112     5.4796    26.9643    26.9691    238.293  299.27633  299.77595    34.3108    26.9689    1486.25    1486.26     6.3050  1030.0045    34.4738 0.0000e+00
      51478  16.915068  -38.22393  -52.57270     -1.414    1498.22    664.000    657.964     6.3783     6.3872     0.0089     6.3178     6.3267     0.0088   3.439134   3.440495   0.001390    34.3070    34.3136     5.4795    26.9643    26.9682    238.289  299.18509  299.68330    34.3111    26.9675    1486.29    1486.33     6.3176  1029.9983    34.4741 0.0000e+00
      51534  16.915095  -38.22392  -52.57270     -0.533    1498.22    663.000    656.973     6.4095     6.4012    -0.0083     6.3489     6.3407    -0.0082   3.442275   3.441844  -0.000351    34.3107    34.3150     5.4333    26.9631    26.9676    236.278  298.96218  299.45689    34.3153    26.9667    1486.40    1486.37     6.3488  1029.9925    34.4783 0.0000e+00
      51601  16.915128  -38.22393  -52.57270     -0.437    1498.22    662.000    655.985     6.4326     6.4282    -0.0044     6.3720     6.3677    -0.0044   3.444231   3.444307   0.000082    34.3122    34.3175     5.4021    26.9613    26.9660    234.923  298.79952  299.29160    34.3143    26.9630    1486.47    1486.46     6.3719  1029.9839    34.4773 0.0000e+00
      51628  16.915140  -38.22394  -52.57270     -0.794    1498.22    661.000    654.996     6.4296     6.4315     0.0019     6.3691     6.3710     0.0019   3.443958   3.444779   0.000711    34.3128    34.3188     5.4015    26.9621    26.9666    234.895  298.81883  299.31128    34.3148    26.9637    1486.44    1486.46     6.3690  1029.9801    34.4778 0.0000e+00
      51652  16.915152  -38.22394  -52.57270     -0.945    1498.22    660.000    654.006     6.4274     6.4367     0.0092     6.3671     6.3763     0.0092   3.443773   3.445183   0.001362    34.3130    34.3189     5.4086    26.9625    26.9660    235.207  298.83317  299.32587    34.3154    26.9644    1486.42    1486.47     6.3669  1029.9763    34.4783 0.0000e+00
      51677  16.915164  -38.22394  -52.57270     -0.975    1498.22    659.000    653.017     6.4375     6.4539     0.0164     6.3772     6.3935     0.0163   3.444754   3.446840   0.002030    34.3139    34.3200     5.4119    26.9619    26.9646    235.351  298.76210  299.25367    34.3167    26.9641    1486.44    1486.52     6.3770  1029.9713    34.4797 0.0000e+00
      51700  16.915175  -38.22394  -52.57270     -1.003    1498.22    658.000    652.027     6.4503     6.4655     0.0152     6.3900     6.4051     0.0151   3.446042   3.448025   0.001968    34.3150    34.3216     5.4107    26.9612    26.9643    235.297  298.67177  299.16190    34.3186    26.9640    1486.48    1486.55     6.3899  1029.9665    34.4816 0.0000e+00
      51720  16.915185  -38.22394  -52.57270     -1.109    1498.22    657.000    651.038     6.4659     6.4755     0.0096     6.4056     6.4152     0.0096   3.447464   3.448841   0.001425    34.3158    34.3221     5.4121    26.9598    26.9634    235.357  298.56272  299.05108    34.3193    26.9625    1486.53    1486.57     6.4055  1029.9602    34.4823 0.0000e+00
      51738  16.915193  -38.22394  -52.57270     -1.227    1498.22    656.000    650.049     6.4774     6.4897     0.0122     6.4172     6.4294     0.0121   3.448593   3.450584   0.001790    34.3169    34.3246     5.4164    26.9591    26.9635    235.545  298.48059  298.96765    34.3207    26.9621    1486.56    1486.62     6.4170  1029.9550    34.4837 0.0000e+00
      51758  16.915203  -38.22394  -52.57270     -1.272    1498.22    655.000    649.060     6.4966     6.5151     0.0185     6.4364     6.4548     0.0184   3.450586   3.452702   0.002238    34.3188    34.3252     5.4182    26.9581    26.9607    235.623  298.34488  298.82980    34.3241    26.9622    1486.62    1486.70     6.4362  1029.9504    34.4871 0.0000e+00
      51781  16.915214  -38.22394  -52.57270     -1.146    1498.22    654.000    648.072     6.5158     6.5181     0.0023     6.4556     6.4579     0.0022   3.452046   3.452646   0.000637    34.3187    34.3235     5.4171    26.9555    26.9590    235.580  298.21326  298.69599    34.3215    26.9577    1486.68    1486.69     6.4555  1029.9410    34.4845 0.0000e+00
      51823  16.915235  -38.22394  -52.57269     -0.635    1498.22    653.000    647.082     6.4991     6.5034     0.0042     6.4391     6.4433     0.0042   3.449585   3.450652   0.001054    34.3104    34.3179     5.4089    26.9511    26.9564    235.221  298.34604  298.83047    34.3115    26.9519    1486.58    1486.61     6.4390  1029.9314    34.4750 0.0000e+00
      51877  16.915261 -9.990e-29 -9.990e-29     -0.423    1498.22    652.000    646.091     6.5198     6.5134    -0.0064     6.4598     6.4534    -0.0064   3.451600   3.451442  -0.000074    34.3104    34.3160     5.4540    26.9483    26.9536    237.185  298.20427  298.68634    34.3136    26.9509    1486.65    1486.63     6.4596  1029.9274    34.4795 0.0000e+00
      51912  16.915277 -9.990e-29 -9.990e-29     -0.649    1498.22    651.000    645.102     6.5321     6.5291    -0.0031     6.4721     6.4691    -0.0030   3.452750   3.453114   0.000274    34.3126    34.3187     5.5145    26.9484    26.9536    239.815  298.11503  298.59575    34.3145    26.9499    1486.68    1486.68     6.4720  1029.9217    34.4803 0.0000e+00
      51941  16.915291  -38.22394  -52.57270     -0.789    1498.22    650.000    644.112     6.5399     6.5486     0.0087     6.4800     6.4886     0.0087   3.453646   3.455111   0.001363    34.3145    34.3209     5.5128    26.9489    26.9528    239.741  298.05731  298.53719    34.3171    26.9510    1486.70    1486.74     6.4798  1029.9169    34.4815 0.0000e+00
      51972  16.915306  -38.22394  -52.57270     -0.800    1498.22    649.000    643.123     6.5683     6.5800     0.0117     6.5083     6.5199     0.0116   3.456649   3.458106   0.001588    34.3178    34.3237     5.4961    26.9478    26.9509    239.016  297.85597  298.33270    34.3225    26.9514    1486.80    1486.85     6.5082  1029.9113    34.4855 0.0000e+00
      52004  16.915322  -38.22394  -52.57270     -0.750    1498.22    648.000    642.134     6.6338     6.6066    -0.0272     6.5736     6.5465    -0.0271   3.463632   3.461185  -0.002271    34.3264    34.3284     5.4747    26.9459    26.9511    238.084  297.38961  297.85913    34.3347    26.9525    1487.06    1486.95     6.5734  1029.9067    34.4978 0.0000e+00
      52033  16.915336  -38.22394  -52.57270     -0.786    1498.22    647.000    641.144     6.6698     6.6700     0.0001     6.6096     6.6097     0.0001   3.467056   3.467950   0.000578    34.3305    34.3367     5.4618    26.9443    26.9492    237.522  297.13477  297.60032    34.3370    26.9495    1487.18    1487.20     6.6094  1029.8986    34.4999 0.0000e+00
      52057  16.915347 -9.990e-29  -52.57270     -0.927    1498.22    646.000    640.155     6.7035     6.7368     0.0333     6.6431     6.6762     0.0331   3.470694   3.474490   0.003741    34.3357    34.3438     5.4352    26.9440    26.9459    236.366  296.89432  297.35622    34.3441    26.9505    1487.31    1487.45     6.6429  1029.8940    34.5063 0.0000e+00
      52077  16.915357 -9.990e-29  -52.57270     -1.083    1498.22    645.000    639.165     6.7425     6.7573     0.0148     6.6821     6.6968     0.0147   3.474279   3.476143   0.001952    34.3382    34.3449     5.4135    26.9406    26.9440    235.424  296.62351  297.08107    34.3451    26.9461    1487.45    1487.51     6.6819  1029.8845    34.5074 0.0000e+00
      52096  16.915366 -9.990e-29  -52.57270     -1.199    1498.22    644.000    638.176     6.7596     6.7678     0.0082     6.6992     6.7073     0.0081   3.475895   3.477294   0.001359    34.3403    34.3471     5.3980    26.9401    26.9444    234.752  296.50277  296.95848    34.3463    26.9448    1487.50    1487.54     6.6990  1029.8784    34.5086 0.0000e+00
      52117  16.915376 -9.990e-29  -52.57270     -1.215    1498.22    643.000    637.187     6.7728     6.7901     0.0173     6.7124     6.7296     0.0172   3.477331   3.479745   0.002269    34.3430    34.3507     5.3761    26.9404    26.9441    233.799  296.40763  296.86193    34.3495    26.9455    1487.54    1487.62     6.7122  1029.8744    34.5118 0.0000e+00
      52145  16.915389  -38.22392  -52.57269     -0.999    1498.22    642.000    636.197     6.7918     6.8072     0.0154     6.7314     6.7467     0.0153   3.479295   3.480887   0.001913    34.3450    34.3507     5.3523    26.9394    26.9418    232.761  296.27455  296.72678    34.3527    26.9455    1487.60    1487.66     6.7312  1029.8699    34.5155 0.0000e+00
      52196  16.915414  -38.22392  -52.57269     -0.474    1498.22    641.000    635.208     6.9003     6.8853    -0.0150     6.8395     6.8245    -0.0149   3.490292   3.489533  -0.000908    34.3575    34.3624     5.3246    26.9346    26.9405    231.559  295.51341  295.95387    34.3659    26.9412    1488.02    1487.97     6.8393  1029.8597    34.5291 0.0000e+00
      52252  16.915441  -38.22394  -52.57270     -0.429    1498.22    640.000    634.218     6.9245     6.9156    -0.0089     6.8636     6.8548    -0.0088   3.492424   3.491942  -0.000389    34.3604    34.3649     5.2914    26.9337    26.9384    230.118  295.34440  295.78226    34.3658    26.9378    1488.10    1488.07     6.8634  1029.8514    34.5289 0.0000e+00
      52284  16.915457  -38.22394  -52.57270     -0.669    1498.22    639.000    633.229     6.9301     6.9346     0.0045     6.8693     6.8738     0.0045   3.492957   3.494114   0.001027    34.3617    34.3685     5.2701    26.9339    26.9386    229.191  295.30330  295.74057    34.3665    26.9376    1488.11    1488.13     6.8692  1029.8466    34.5296 0.0000e+00
      52308  16.915468  -38.22394  -52.57270     -0.886    1498.22    638.000    632.239     6.9325     6.9512     0.0187     6.8718     6.8904     0.0186   3.493163   3.495585   0.002329    34.3627    34.3697     5.2675    26.9343    26.9373    229.077  295.28502  295.72205    34.3668    26.9375    1488.10    1488.18     6.8717  1029.8419    34.5300 0.0000e+00
      52328  16.915478  -38.22394  -52.57270     -1.075    1498.22    637.000    631.250     6.9485     6.9625     0.0140     6.8878     6.9017     0.0139   3.494868   3.496740   0.001857    34.3646    34.3710     5.2642    26.9336    26.9368    228.934  295.17344  295.60875    34.3701    26.9379    1488.15    1488.21     6.8877  1029.8376    34.5333 0.0000e+00
      52346  16.915487  -38.22394  -52.57270     -1.232    1498.22    636.000    630.260     6.9626     6.9759     0.0132     6.9020     6.9151     0.0131   3.496243   3.498032   0.001827    34.3658    34.3727     5.2626    26.9327    26.9363    228.863  295.07547  295.50926    34.3716    26.9372    1488.19    1488.25     6.9018  1029.8321    34.5348 0.0000e+00
      52365  16.915496  -38.22394  -52.57270     -1.302    1498.22    635.000    629.271     6.9781     6.9880     0.0099     6.9175     6.9273     0.0098   3.497583   3.499174   0.001552    34.3668    34.3739     5.2675    26.9313    26.9355    229.078  294.96953  295.40164    34.3713    26.9349    1488.23    1488.28     6.9173  1029.8250    34.5345 0.0000e+00
      52386  16.915506  -38.22394  -52.57270     -1.243    1498.22    634.000    628.281     6.9860     6.9955     0.0095     6.9255     6.9349     0.0094   3.498342   3.499802   0.001482    34.3678    34.3746     5.2769    26.9310    26.9351    229.488  294.91380  295.34506    34.3722    26.9345    1488.25    1488.29     6.9253  1029.8200    34.5354 0.0000e+00
      52410  16.915517  -38.22393  -52.57270     -1.081    1498.22    633.000    627.292     6.9960     6.9996     0.0036     6.9355     6.9391     0.0036   3.499284   3.500145   0.000893    34.3691    34.3753     5.2796    26.9306    26.9350    229.603  294.84413  295.27433    34.3731    26.9338    1488.27    1488.29     6.9353  1029.8147    34.5363 0.0000e+00
