Pos-Processados/process_op38/Processamento_split/up/uoperantar38_023.cnv
* Sea-Bird SBE 9 Data File:
* FileName = D:\OPERANTAR_XXXVIII\DADOS\OP38_023.hdr
* Software Version Seasave V 7.18c
* Temperature SN = 4808
* Conductivity SN = 3380
* Number of Bytes Per Scan = 34
* Number of Voltage Words = 3
* Number of Scans Averaged by the Deck Unit = 1
* NMEA Latitude = 62 12.78 S
* NMEA Longitude = 058 20.56 W
* NMEA UTC (Time) = Nov 22 2019 18:35:31
** H41
** NAVIO POLAR ALMIRANTE MAXIMIANO
** CRUZEIRO:
** OPERANTAR XXXVIII
** ESTAÇÃO: OP38_023
** LAT 62 12,77'S
** LONG 058 20,58'W
** 09P73767-1155_A
** PROFUNDIDADE: 500
** DATA/HORA: 221836Z/NOV2019
** OPERADOR: SO-HN CHAVES
# nquan = 32
# nvalues = 460                         
# units = specified
# name 0 = scan: Scan Count
# name 1 = timeJ: Julian Days
# name 2 = latitude: Latitude [deg]
# name 3 = longitude: Longitude [deg]
# name 4 = dz/dtM: Descent Rate [m/s]
# name 5 = avgsvCM: Average Sound Velocity [Chen-Millero, m/s]
# name 6 = prDM: Pressure, Digiquartz [db]
# name 7 = depSM: Depth [salt water, m]
# name 8 = t090C: Temperature [ITS-90, deg C]
# name 9 = t190C: Temperature, 2 [ITS-90, deg C]
# name 10 = T2-T190C: Temperature Difference, 2 - 1 [ITS-90, deg C]
# name 11 = potemp090C: Potential Temperature [ITS-90, deg C]
# name 12 = potemp190C: Potential Temperature, 2 [ITS-90, deg C]
# name 13 = potemp90Cdiff: Potential Temperature, Diff, 2 - 1 [ITS-90, deg C]
# name 14 = c0S/m: Conductivity [S/m]
# name 15 = c1S/m: Conductivity, 2 [S/m]
# name 16 = C2-C1S/m: Conductivity Difference, 2 - 1 [S/m]
# name 17 = sal00: Salinity, Practical [PSU]
# name 18 = sal11: Salinity, Practical, 2 [PSU]
# name 19 = sbeox0ML/L: Oxygen, SBE 43 [ml/l]
# name 20 = sbeox1ML/L: Oxygen, SBE 43, 2 [ml/l]
# name 21 = sbeox0ML/Ldiff: Oxygen, SBE 43, Diff, 2 - 1 [ml/l]
# name 22 = sigma-é00: Density [sigma-theta, kg/m^3]
# name 23 = sigma-é11: Density, 2 [sigma-theta, kg/m^3]
# name 24 = sal00: Salinity, Practical [PSU]
# name 25 = sigma-é00: Density [sigma-theta, kg/m^3]
# name 26 = svCM: Sound Velocity [Chen-Millero, m/s]
# name 27 = svCM1: Sound Velocity, 2 [Chen-Millero, m/s]
# name 28 = gsw_ptA0: potential temperature [ITS-90, deg C]
# name 29 = gsw_densityA0: density, TEOS-10 [density, kg/m^3]
# name 30 = gsw_saA0: Absolute Salinity [g/kg]
# name 31 = flag:
# span 0 =      16877,      32504       
# span 1 = 326.782803, 326.790339       
# span 2 =  -62.21307,  -62.21306       
# span 3 =  -58.34263,  -58.34256       
# span 4 =     -1.315,     -0.134       
# span 5 =    1449.93,    1449.93       
# span 6 =      2.000,    461.000       
# span 7 =      1.983,    456.068       
# span 8 =    -0.8780,    -0.1945       
# span 9 =    -0.8781,    -0.1934       
# span 10 =    -0.0261,     0.0174      
# span 11 =    -0.8926,    -0.2081      
# span 12 =    -0.8927,    -0.2070      
# span 13 =    -0.0260,     0.0174      
# span 14 =   2.805102,   2.864891      
# span 15 =   2.805545,   2.865312      
# span 16 =  -0.001641,   0.002026      
# span 17 =    34.1687,    34.5121      
# span 18 =    34.1743,    34.5179      
# span 19 =     5.8474,     7.6499      
# span 20 =     5.6241,     7.3758      
# span 21 =    -0.3719,    -0.1945      
# span 22 =    27.4485,    27.7482      
# span 23 =    27.4522,    27.7524      
# span 24 =    34.1691,    34.5210      
# span 25 =    27.4492,    27.7491      
# span 26 =    1446.45,    1454.14      
# span 27 =    1446.46,    1454.11      
# span 28 =    -0.8923,    -0.2079      
# span 29 =  1027.4632,  1029.9543      
# span 30 =    34.3334,    34.6899      
# span 31 = 0.0000e+00, 0.0000e+00      
# interval = decibars: 1                
# start_time = Nov 22 2019 18:35:31 [NMEA time, header]
# bad_flag = -9.990e-29
*END*
[from data line 363]
      25901 326.787155  -62.21306  -58.34258     -0.989    1449.93     98.000     97.036    -0.4715    -0.4710     0.0005    -0.4745    -0.4740     0.0005   2.807755   2.808211   0.000458    34.1927    34.1983     7.4629     7.1399    -0.3230    27.4774    27.4819    34.1936    27.4781    1447.47    1447.48    -0.4745  1027.9516    34.3594 0.0000e+00
      25925 326.787166  -62.21306  -58.34258     -0.967    1449.93     97.000     96.046    -0.4676    -0.4688    -0.0012    -0.4706    -0.4718    -0.0012   2.807966   2.808322   0.000347    34.1919    34.1979     7.4761     7.1428    -0.3333    27.4766    27.4815    34.1926    27.4772    1447.47    1447.47    -0.4706  1027.9459    34.3585 0.0000e+00
      25947 326.787177  -62.21306  -58.34258     -1.033    1449.93     96.000     95.056    -0.4658    -0.4609     0.0049    -0.4688    -0.4639     0.0049   2.808094   2.808954   0.000842    34.1920    34.1978     7.4841     7.1522    -0.3319    27.4766    27.4810    34.1930    27.4773    1447.46    1447.49    -0.4687  1027.9412    34.3587 0.0000e+00
      25967 326.787187  -62.21306  -58.34257     -1.126    1449.93     95.000     94.066    -0.4629    -0.4602     0.0028    -0.4659    -0.4631     0.0028   2.808339   2.808938   0.000608    34.1923    34.1974     7.4852     7.1625    -0.3227    27.4767    27.4807    34.1936    27.4777    1447.46    1447.48    -0.4658  1027.9368    34.3594 0.0000e+00
      25987 326.787196  -62.21306  -58.34256     -1.205    1449.93     94.000     93.076    -0.4562    -0.4557     0.0005    -0.4591    -0.4587     0.0005   2.808756   2.809209   0.000462    34.1914    34.1971     7.4861     7.1691    -0.3171    27.4756    27.4802    34.1922    27.4763    1447.47    1447.48    -0.4591  1027.9306    34.3580 0.0000e+00
      26007 326.787206  -62.21306  -58.34256     -1.231    1449.93     93.000     92.086    -0.4552    -0.4559    -0.0008    -0.4581    -0.4588    -0.0008   2.808765   2.809119   0.000369    34.1911    34.1969     7.4893     7.1757    -0.3136    27.4754    27.4801    34.1918    27.4759    1447.46    1447.47    -0.4580  1027.9255    34.3575 0.0000e+00
      26028 326.787216  -62.21306  -58.34256     -1.193    1449.93     92.000     91.097    -0.4568    -0.4587    -0.0020    -0.4596    -0.4616    -0.0020   2.808573   2.808857   0.000280    34.1912    34.1972     7.5002     7.1804    -0.3198    27.4755    27.4804    34.1916    27.4758    1447.44    1447.44    -0.4596  1027.9206    34.3574 0.0000e+00
      26050 326.787227  -62.21306  -58.34258     -1.104    1449.93     91.000     90.106    -0.4552    -0.4550     0.0002    -0.4580    -0.4578     0.0002   2.808732   2.809157   0.000427    34.1916    34.1971     7.5055     7.1836    -0.3219    27.4757    27.4802    34.1926    27.4766    1447.43    1447.44    -0.4580  1027.9165    34.3583 0.0000e+00
      26074 326.787238  -62.21306  -58.34258     -1.033    1449.93     90.000     89.116    -0.4508    -0.4506     0.0001    -0.4536    -0.4535     0.0001   2.809010   2.809453   0.000435    34.1912    34.1969     7.5009     7.1824    -0.3185    27.4752    27.4798    34.1920    27.4759    1447.43    1447.44    -0.4536  1027.9110    34.3577 0.0000e+00
      26097 326.787249  -62.21306  -58.34258     -1.024    1449.93     89.000     88.126    -0.4490    -0.4485     0.0005    -0.4518    -0.4513     0.0005   2.809127   2.809592   0.000459    34.1914    34.1970     7.5003     7.1795    -0.3208    27.4753    27.4798    34.1922    27.4759    1447.43    1447.44    -0.4517  1027.9063    34.3578 0.0000e+00
      26119 326.787260  -62.21306  -58.34258     -1.063    1449.93     88.000     87.137    -0.4469    -0.4458     0.0011    -0.4497    -0.4486     0.0011   2.809275   2.809776   0.000516    34.1914    34.1971     7.4996     7.1721    -0.3275    27.4752    27.4798    34.1924    27.4760    1447.42    1447.43    -0.4496  1027.9016    34.3581 0.0000e+00
      26141 326.787271  -62.21306  -58.34258     -1.088    1449.93     87.000     86.147    -0.4434    -0.4430     0.0004    -0.4462    -0.4457     0.0004   2.809492   2.809957   0.000461    34.1913    34.1970     7.4997     7.1732    -0.3265    27.4749    27.4796    34.1920    27.4756    1447.42    1447.43    -0.4461  1027.8963    34.3577 0.0000e+00
      26163 326.787281  -62.21306  -58.34258     -1.083    1449.93     86.000     85.157    -0.4391    -0.4408    -0.0017    -0.4418    -0.4435    -0.0017   2.809818   2.810099   0.000286    34.1912    34.1969     7.5017     7.1780    -0.3238    27.4747    27.4794    34.1922    27.4755    1447.42    1447.42    -0.4417  1027.8914    34.3578 0.0000e+00
      26186 326.787292  -62.21306  -58.34258     -1.075    1449.93     85.000     84.167    -0.4370    -0.4378    -0.0008    -0.4396    -0.4404    -0.0008   2.809900   2.810263   0.000367    34.1907    34.1966     7.5041     7.1847    -0.3194    27.4742    27.4790    34.1915    27.4748    1447.42    1447.42    -0.4396  1027.8860    34.3571 0.0000e+00
      26208 326.787303  -62.21306  -58.34258     -1.084    1449.93     84.000     83.177    -0.4371    -0.4378    -0.0007    -0.4398    -0.4404    -0.0007   2.809840   2.810220   0.000380    34.1909    34.1967     7.5135     7.1891    -0.3244    27.4743    27.4791    34.1914    27.4748    1447.40    1447.40    -0.4397  1027.8811    34.3570 0.0000e+00
      26229 326.787313  -62.21306  -58.34258     -1.107    1449.93     83.000     82.187    -0.4362    -0.4361     0.0001    -0.4388    -0.4387     0.0001   2.809894   2.810327   0.000431    34.1909    34.1966     7.5204     7.1919    -0.3285    27.4744    27.4789    34.1918    27.4750    1447.39    1447.39    -0.4388  1027.8766    34.3573 0.0000e+00
      26250 326.787323  -62.21306  -58.34258     -1.122    1449.93     82.000     81.197    -0.4317    -0.4318    -0.0000    -0.4343    -0.4343    -0.0000   2.810254   2.810647   0.000404    34.1909    34.1964     7.5237     7.1970    -0.3267    27.4741    27.4785    34.1921    27.4751    1447.39    1447.40    -0.4342  1027.8719    34.3577 0.0000e+00
      26272 326.787334  -62.21306  -58.34258     -1.115    1449.93     81.000     80.207    -0.4263    -0.4259     0.0004    -0.4288    -0.4285     0.0004   2.810588   2.811063   0.000456    34.1903    34.1960     7.5259     7.1896    -0.3363    27.4734    27.4780    34.1911    27.4740    1447.40    1447.41    -0.4288  1027.8660    34.3566 0.0000e+00
      26294 326.787344  -62.21306  -58.34258     -1.093    1449.93     80.000     79.217    -0.4229    -0.4232    -0.0003    -0.4254    -0.4257    -0.0003   2.810855   2.811257   0.000400    34.1903    34.1960     7.5274     7.1915    -0.3359    27.4733    27.4779    34.1915    27.4742    1447.40    1447.41    -0.4254  1027.8614    34.3570 0.0000e+00
      26318 326.787356  -62.21306  -58.34258     -1.056    1449.93     79.000     78.227    -0.4190    -0.4181     0.0009    -0.4215    -0.4206     0.0009   2.811115   2.811620   0.000508    34.1903    34.1961     7.5233     7.1992    -0.3241    27.4730    27.4776    34.1912    27.4737    1447.40    1447.42    -0.4214  1027.8561    34.3566 0.0000e+00
      26341 326.787367  -62.21306  -58.34258     -1.027    1449.93     78.000     77.236    -0.4170    -0.4169     0.0001    -0.4194    -0.4193     0.0001   2.811241   2.811671   0.000438    34.1903    34.1961     7.5251     7.2058    -0.3193    27.4729    27.4776    34.1912    27.4737    1447.39    1447.40    -0.4194  1027.8513    34.3567 0.0000e+00
      26364 326.787378  -62.21306  -58.34258     -1.032    1449.93     77.000     76.247    -0.4141    -0.4140     0.0001    -0.4165    -0.4164     0.0001   2.811438   2.811878   0.000438    34.1902    34.1960     7.5290     7.2070    -0.3220    27.4727    27.4774    34.1912    27.4736    1447.39    1447.40    -0.4165  1027.8464    34.3567 0.0000e+00
      26387 326.787389  -62.21306  -58.34258     -1.052    1449.93     76.000     75.257    -0.4108    -0.4091     0.0017    -0.4132    -0.4115     0.0017   2.811625   2.812202   0.000560    34.1898    34.1954     7.5330     7.2083    -0.3247    27.4722    27.4767    34.1906    27.4729    1447.39    1447.41    -0.4131  1027.8409    34.3560 0.0000e+00
      26409 326.787400  -62.21306  -58.34258     -1.072    1449.93     75.000     74.267    -0.4083    -0.4075     0.0008    -0.4106    -0.4099     0.0008   2.811774   2.812240   0.000479    34.1894    34.1950     7.5383     7.2112    -0.3271    27.4718    27.4763    34.1904    27.4726    1447.39    1447.40    -0.4106  1027.8358    34.3558 0.0000e+00
      26431 326.787410  -62.21306  -58.34258     -1.078    1449.93     74.000     73.277    -0.4065    -0.4064     0.0001    -0.4089    -0.4087     0.0001   2.811832   2.812234   0.000407    34.1892    34.1945     7.5464     7.2203    -0.3261    27.4716    27.4759    34.1899    27.4721    1447.37    1447.38    -0.4088  1027.8305    34.3553 0.0000e+00
      26453 326.787421  -62.21306  -58.34258     -1.079    1449.93     73.000     72.287    -0.4058    -0.4063    -0.0005    -0.4080    -0.4086    -0.0005   2.811830   2.812224   0.000390    34.1889    34.1947     7.5479     7.2254    -0.3225    27.4713    27.4760    34.1896    27.4718    1447.36    1447.37    -0.4080  1027.8255    34.3549 0.0000e+00
      26475 326.787431  -62.21306  -58.34258     -1.101    1449.93     72.000     71.296    -0.4056    -0.4064    -0.0008    -0.4079    -0.4087    -0.0008   2.811784   2.812136   0.000364    34.1888    34.1946     7.5469     7.2252    -0.3217    27.4712    27.4759    34.1893    27.4716    1447.35    1447.35    -0.4078  1027.8205    34.3547 0.0000e+00
      26496 326.787442  -62.21306  -58.34258     -1.113    1449.93     71.000     70.306    -0.4051    -0.4055    -0.0004    -0.4074    -0.4078    -0.0004   2.811774   2.812196   0.000414    34.1888    34.1948     7.5417     7.2281    -0.3136    27.4712    27.4761    34.1893    27.4716    1447.33    1447.34    -0.4073  1027.8157    34.3547 0.0000e+00
      26519 326.787453  -62.21306  -58.34258     -1.093    1449.93     70.000     69.316    -0.4048    -0.4051    -0.0002    -0.4070    -0.4073    -0.0002   2.811757   2.812156   0.000403    34.1889    34.1945     7.5485     7.2359    -0.3126    27.4712    27.4758    34.1894    27.4716    1447.32    1447.32    -0.4070  1027.8109    34.3547 0.0000e+00
      26543 326.787464  -62.21306  -58.34258     -1.036    1449.93     69.000     68.326    -0.4041    -0.4047    -0.0006    -0.4063    -0.4068    -0.0006   2.811745   2.812145   0.000400    34.1887    34.1947     7.5549     7.2333    -0.3216    27.4710    27.4759    34.1890    27.4713    1447.30    1447.31    -0.4062  1027.8058    34.3544 0.0000e+00
      26568 326.787477  -62.21306  -58.34258     -0.966    1449.93     68.000     67.336    -0.4037    -0.4040    -0.0003    -0.4058    -0.4062    -0.0003   2.811736   2.812144   0.000401    34.1888    34.1945     7.5589     7.2379    -0.3210    27.4711    27.4758    34.1891    27.4713    1447.29    1447.30    -0.4058  1027.8011    34.3544 0.0000e+00
      26594 326.787489  -62.21306  -58.34258     -0.941    1449.93     67.000     66.346    -0.4056    -0.4052     0.0004    -0.4076    -0.4073     0.0004   2.811502   2.811957   0.000469    34.1885    34.1944     7.5632     7.2374    -0.3259    27.4710    27.4757    34.1886    27.4710    1447.26    1447.27    -0.4076  1027.7960    34.3540 0.0000e+00
      26617 326.787500  -62.21306  -58.34256     -0.991    1449.93     66.000     65.356    -0.4081    -0.4088    -0.0007    -0.4101    -0.4109    -0.0007   2.811228   2.811599   0.000377    34.1885    34.1944     7.5566     7.2362    -0.3204    27.4711    27.4759    34.1884    27.4710    1447.24    1447.24    -0.4101  1027.7912    34.3537 0.0000e+00
      26639 326.787510  -62.21306  -58.34256     -1.066    1449.93     65.000     64.366    -0.4093    -0.4104    -0.0011    -0.4113    -0.4124    -0.0011   2.811078   2.811430   0.000345    34.1884    34.1943     7.5554     7.2320    -0.3235    27.4711    27.4759    34.1883    27.4710    1447.21    1447.22    -0.4113  1027.7864    34.3536 0.0000e+00
      26660 326.787521  -62.21306  -58.34256     -1.115    1449.93     64.000     63.376    -0.4105    -0.4107    -0.0002    -0.4125    -0.4127    -0.0002   2.810935   2.811348   0.000412    34.1885    34.1942     7.5606     7.2287    -0.3319    27.4711    27.4758    34.1884    27.4711    1447.19    1447.20    -0.4125  1027.7817    34.3537 0.0000e+00
      26681 326.787531  -62.21306  -58.34256     -1.128    1449.93     63.000     62.386    -0.4102    -0.4104    -0.0001    -0.4122    -0.4124    -0.0001   2.810885   2.811301   0.000416    34.1881    34.1938     7.5573     7.2247    -0.3326    27.4708    27.4755    34.1881    27.4708    1447.18    1447.18    -0.4121  1027.7767    34.3534 0.0000e+00
      26704 326.787542  -62.21306  -58.34256     -1.099    1449.93     62.000     61.396    -0.4095    -0.4098    -0.0003    -0.4115    -0.4118    -0.0003   2.810907   2.811298   0.000392    34.1880    34.1936     7.5514     7.2285    -0.3229    27.4707    27.4753    34.1882    27.4709    1447.16    1447.17    -0.4114  1027.7719    34.3535 0.0000e+00
      26728 326.787553  -62.21306  -58.34256     -1.035    1449.93     61.000     60.406    -0.4061    -0.4059     0.0002    -0.4080    -0.4078     0.0002   2.811106   2.811568   0.000452    34.1872    34.1931     7.5538     7.2335    -0.3203    27.4700    27.4747    34.1876    27.4702    1447.16    1447.17    -0.4080  1027.7665    34.3529 0.0000e+00
      26755 326.787566  -62.21306  -58.34256     -0.926    1449.93     60.000     59.416    -0.4037    -0.4027     0.0010    -0.4056    -0.4046     0.0010   2.811254   2.811732   0.000484    34.1871    34.1925     7.5592     7.2354    -0.3238    27.4697    27.4740    34.1875    27.4701    1447.16    1447.17    -0.4055  1027.7615    34.3528 0.0000e+00
      26782 326.787580  -62.21306  -58.34256     -0.876    1449.93     59.000     58.425    -0.4008    -0.4006     0.0002    -0.4026    -0.4024     0.0002   2.811422   2.811873   0.000442    34.1867    34.1924     7.5652     7.2354    -0.3297    27.4693    27.4739    34.1871    27.4696    1447.15    1447.16    -0.4026  1027.7563    34.3524 0.0000e+00
      26811 326.787594  -62.21306  -58.34256     -0.843    1449.93     58.000     57.435    -0.3971    -0.3975    -0.0004    -0.3989    -0.3993    -0.0004   2.811688   2.812082   0.000403    34.1865    34.1924     7.5672     7.2376    -0.3296    27.4690    27.4737    34.1872    27.4695    1447.16    1447.16    -0.3989  1027.7513    34.3524 0.0000e+00
      26840 326.787608  -62.21306  -58.34256     -0.820    1449.93     57.000     56.445    -0.3947    -0.3955    -0.0009    -0.3965    -0.3973    -0.0009   2.811815   2.812169   0.000358    34.1863    34.1921     7.5659     7.2326    -0.3333    27.4687    27.4734    34.1867    27.4690    1447.15    1447.16    -0.3964  1027.7461    34.3519 0.0000e+00
      26868 326.787621  -62.21306  -58.34256     -0.852    1449.93     56.000     55.455    -0.3940    -0.3934     0.0006    -0.3958    -0.3952     0.0006   2.811842   2.812316   0.000466    34.1865    34.1921     7.5681     7.2358    -0.3323    27.4688    27.4733    34.1869    27.4691    1447.14    1447.15    -0.3957  1027.7414    34.3521 0.0000e+00
      26895 326.787634  -62.21306  -58.34256     -0.884    1449.93     55.000     54.465    -0.3925    -0.3928    -0.0003    -0.3943    -0.3946    -0.0003   2.811906   2.812308   0.000404    34.1864    34.1921     7.5630     7.2481    -0.3150    27.4686    27.4733    34.1867    27.4689    1447.13    1447.14    -0.3942  1027.7364    34.3520 0.0000e+00
