Pos-Processados/process_op38/Processamento_split/up/uoperantar38_024.cnv
* Sea-Bird SBE 9 Data File:
* FileName = D:\OPERANTAR_XXXVIII\DADOS\OP38_024.hdr
* Software Version Seasave V 7.18c
* Temperature SN = 4808
* Conductivity SN = 3380
* Number of Bytes Per Scan = 34
* Number of Voltage Words = 3
* Number of Scans Averaged by the Deck Unit = 1
* NMEA Latitude = 62 13.17 S
* NMEA Longitude = 058 22.76 W
* NMEA UTC (Time) = Nov 22 2019 19:55:17
** H41
** NAVIO POLAR ALMIRANTE MAXIMIANO
** CRUZEIRO:
** OPERANTAR XXXVIII
** ESTAÇÃO: OP38_024
** LAT 62 13,16'S
** LONG 058 22,74'W
** 09P73767-1155_A
** PROFUNDIDADE: 292
** DATA/HORA: 221955Z/NOV/2019
** OPERADOR: SO-HN CHAVES
# nquan = 33
# nvalues = 277                         
# units = specified
# name 0 = scan: Scan Count
# name 1 = timeJ: Julian Days
# name 2 = latitude: Latitude [deg]
# name 3 = longitude: Longitude [deg]
# name 4 = dz/dtM: Descent Rate [m/s]
# name 5 = avgsvCM: Average Sound Velocity [Chen-Millero, m/s]
# name 6 = prDM: Pressure, Digiquartz [db]
# name 7 = depSM: Depth [salt water, m]
# name 8 = t090C: Temperature [ITS-90, deg C]
# name 9 = t190C: Temperature, 2 [ITS-90, deg C]
# name 10 = T2-T190C: Temperature Difference, 2 - 1 [ITS-90, deg C]
# name 11 = potemp090C: Potential Temperature [ITS-90, deg C]
# name 12 = potemp190C: Potential Temperature, 2 [ITS-90, deg C]
# name 13 = potemp90Cdiff: Potential Temperature, Diff, 2 - 1 [ITS-90, deg C]
# name 14 = c0S/m: Conductivity [S/m]
# name 15 = c1S/m: Conductivity, 2 [S/m]
# name 16 = C2-C1S/m: Conductivity Difference, 2 - 1 [S/m]
# name 17 = sal00: Salinity, Practical [PSU]
# name 18 = sal11: Salinity, Practical, 2 [PSU]
# name 19 = sbeox0ML/L: Oxygen, SBE 43 [ml/l]
# name 20 = sigma-é00: Density [sigma-theta, kg/m^3]
# name 21 = sigma-é11: Density, 2 [sigma-theta, kg/m^3]
# name 22 = sbox0Mm/Kg: Oxygen, SBE 43 [umol/kg]
# name 23 = oxsolMm/Kg: Oxygen Saturation, Garcia & Gordon [umol/kg]
# name 24 = oxsatMm/Kg: Oxygen Saturation, Weiss [umol/kg]
# name 25 = sal00: Salinity, Practical [PSU]
# name 26 = sigma-é00: Density [sigma-theta, kg/m^3]
# name 27 = svCM: Sound Velocity [Chen-Millero, m/s]
# name 28 = svCM1: Sound Velocity, 2 [Chen-Millero, m/s]
# name 29 = gsw_ptA0: potential temperature [ITS-90, deg C]
# name 30 = gsw_densityA0: density, TEOS-10 [density, kg/m^3]
# name 31 = gsw_saA0: Absolute Salinity [g/kg]
# name 32 = flag:
# span 0 =       8998,      20305       
# span 1 = 326.834397, 326.839850       
# span 2 =  -62.21966,  -62.21962       
# span 3 =  -58.37928,  -58.37920       
# span 4 =     -1.192,     -0.196       
# span 5 =    1448.21,    1448.21       
# span 6 =      2.000,    278.000       
# span 7 =      1.984,    275.146       
# span 8 =    -0.5348,    -0.2786       
# span 9 =    -0.5348,    -0.2796       
# span 10 =    -0.0046,     0.0055      
# span 11 =    -0.5406,    -0.2786      
# span 12 =    -0.5407,    -0.2797      
# span 13 =    -0.0046,     0.0055      
# span 14 =   2.805792,   2.818327      
# span 15 =   2.806231,   2.818748      
# span 16 =   0.000121,   0.000871      
# span 17 =    34.1700,    34.2928      
# span 18 =    34.1753,    34.2983      
# span 19 =     7.0001,     7.6497      
# span 20 =    27.4500,    27.5613      
# span 21 =    27.4543,    27.5658      
# span 22 =    304.239,    332.509      
# span 23 =  352.77022,  354.94016      
# span 24 =  354.30165,  356.52855      
# span 25 =    34.1703,    34.2928      
# span 26 =    27.4502,    27.5613      
# span 27 =    1446.38,    1450.25      
# span 28 =    1446.39,    1450.26      
# span 29 =    -0.5405,    -0.2787      
# span 30 =  1027.4642,  1028.8934      
# span 31 =    34.3351,    34.4602      
# span 32 = 0.0000e+00, 0.0000e+00      
# interval = decibars: 1                
# start_time = Nov 22 2019 19:55:17 [NMEA time, header]
# bad_flag = -9.990e-29
*END*
[from data line 176]
      13446 326.836542  -62.21964  -58.37922     -1.060    1448.21    102.000    100.996    -0.5224    -0.5223     0.0000    -0.5255    -0.5255     0.0000   2.806431   2.806861   0.000432    34.2307    34.2365     7.3008    27.5104    27.5151    317.323  354.86828  356.45398    34.2307    27.5104    1447.35    1447.35    -0.5255  1028.0032    34.3968 0.0000e+00
      13469 326.836553  -62.21964  -58.37922     -1.035    1448.21    101.000    100.006    -0.5224    -0.5224    -0.0000    -0.5255    -0.5255    -0.0000   2.806382   2.806803   0.000421    34.2307    34.2364     7.3028    27.5104    27.5150    317.410  354.86841  356.45411    34.2307    27.5104    1447.33    1447.34    -0.5254  1027.9984    34.3968 0.0000e+00
      13494 326.836565  -62.21964  -58.37922     -1.001    1448.21    100.000     99.016    -0.5223    -0.5223     0.0000    -0.5254    -0.5253     0.0000   2.806342   2.806777   0.000433    34.2307    34.2365     7.3029    27.5104    27.5151    317.416  354.86758  356.45325    34.2307    27.5104    1447.31    1447.32    -0.5253  1027.9936    34.3967 0.0000e+00
      13517 326.836576  -62.21964  -58.37922     -0.998    1448.21     99.000     98.026    -0.5224    -0.5223     0.0002    -0.5255    -0.5253     0.0002   2.806276   2.806707   0.000431    34.2306    34.2363     7.3060    27.5103    27.5149    317.549  354.86933  356.45504    34.2306    27.5103    1447.30    1447.31    -0.5254  1027.9887    34.3966 0.0000e+00
      13539 326.836587  -62.21964  -58.37922     -1.043    1448.21     98.000     97.036    -0.5225    -0.5225     0.0000    -0.5255    -0.5255     0.0000   2.806203   2.806639   0.000435    34.2304    34.2362     7.3018    27.5101    27.5148    317.366  354.87102  356.45674    34.2303    27.5101    1447.28    1447.29    -0.5255  1027.9837    34.3963 0.0000e+00
      13560 326.836597  -62.21964  -58.37922     -1.116    1448.21     97.000     96.046    -0.5222    -0.5221     0.0001    -0.5252    -0.5251     0.0001   2.806173   2.806603   0.000430    34.2302    34.2359     7.2975    27.5100    27.5146    317.179  354.86854  356.45419    34.2302    27.5100    1447.27    1447.27    -0.5251  1027.9788    34.3962 0.0000e+00
      13581 326.836607  -62.21964  -58.37922     -1.158    1448.21     96.000     95.064    -0.5221    -0.5219     0.0001    -0.5250    -0.5249     0.0001   2.806135   2.806560   0.000426    34.2301    34.2356     7.3025    27.5099    27.5144    317.396  354.86716  356.45277    34.2301    27.5099    1447.25    1447.26    -0.5250  1027.9739    34.3960 0.0000e+00
      13603 326.836617  -62.21964  -58.37922     -1.130    1448.21     95.000     94.059    -0.5219    -0.5220    -0.0000    -0.5249    -0.5249    -0.0000   2.806089   2.806505   0.000417    34.2300    34.2356     7.3145    27.5098    27.5144    317.920  354.86652  356.45210    34.2300    27.5098    1447.23    1447.24    -0.5248  1027.9690    34.3959 0.0000e+00
      13627 326.836629  -62.21964  -58.37922     -1.039    1448.21     94.000     93.076    -0.5220    -0.5220     0.0001    -0.5249    -0.5249     0.0001   2.806031   2.806455   0.000423    34.2299    34.2355     7.3127    27.5098    27.5143    317.844  354.86762  356.45322    34.2299    27.5097    1447.22    1447.23    -0.5248  1027.9642    34.3958 0.0000e+00
      13652 326.836641  -62.21964  -58.37922     -0.970    1448.21     93.000     92.086    -0.5221    -0.5221     0.0000    -0.5249    -0.5249     0.0000   2.805967   2.806400   0.000432    34.2298    34.2355     7.3113    27.5096    27.5143    317.778  354.86832  356.45391    34.2297    27.5095    1447.20    1447.21    -0.5249  1027.9592    34.3956 0.0000e+00
      13676 326.836653  -62.21964  -58.37922     -0.975    1448.21     92.000     91.097    -0.5225    -0.5225     0.0001    -0.5254    -0.5253     0.0001   2.805895   2.806332   0.000437    34.2299    34.2357     7.3048    27.5098    27.5144    317.500  354.87233  356.45803    34.2299    27.5097    1447.18    1447.19    -0.5253  1027.9546    34.3958 0.0000e+00
      13698 326.836663  -62.21964  -58.37922     -1.039    1448.21     91.000     90.107    -0.5222    -0.5222     0.0000    -0.5250    -0.5250     0.0000   2.805886   2.806312   0.000428    34.2300    34.2357     7.3045    27.5098    27.5144    317.484  354.86884  356.45446    34.2299    27.5098    1447.17    1447.18    -0.5249  1027.9499    34.3958 0.0000e+00
      13719 326.836674  -62.21964  -58.37922     -1.108    1448.21     90.000     89.116    -0.5211    -0.5212    -0.0002    -0.5238    -0.5240    -0.0002   2.805893   2.806297   0.000405    34.2293    34.2350     7.3090    27.5092    27.5138    317.680  354.86007  356.44543    34.2294    27.5093    1447.16    1447.16    -0.5238  1027.9446    34.3953 0.0000e+00
      13741 326.836684  -62.21964  -58.37922     -1.135    1448.21     89.000     88.126    -0.5194    -0.5198    -0.0003    -0.5222    -0.5225    -0.0003   2.805919   2.806318   0.000397    34.2283    34.2340     7.3123    27.5083    27.5130    317.825  354.84758  356.43254    34.2285    27.5085    1447.15    1447.15    -0.5221  1027.9390    34.3944 0.0000e+00
      13763 326.836695  -62.21964  -58.37922     -1.100    1448.21     88.000     87.137    -0.5181    -0.5166     0.0014    -0.5208    -0.5193     0.0014   2.805934   2.806414   0.000475    34.2277    34.2325     7.3094    27.5078    27.5116    317.700  354.83655  356.42117    34.2278    27.5078    1447.14    1447.15    -0.5207  1027.9336    34.3936 0.0000e+00
      13788 326.836707  -62.21964  -58.37922     -1.014    1448.21     87.000     86.147    -0.5166    -0.5160     0.0006    -0.5193    -0.5187     0.0006   2.805943   2.806392   0.000449    34.2268    34.2322     7.3130    27.5070    27.5113    317.857  354.82547  356.40974    34.2269    27.5070    1447.13    1447.14    -0.5192  1027.9280    34.3927 0.0000e+00
      13814 326.836719  -62.21964  -58.37922     -0.944    1448.21     86.000     85.157    -0.5170    -0.5164     0.0006    -0.5196    -0.5190     0.0006   2.805857   2.806309   0.000452    34.2267    34.2321     7.3179    27.5069    27.5113    318.069  354.82909  356.41343    34.2268    27.5070    1447.11    1447.12    -0.5196  1027.9231    34.3925 0.0000e+00
      13838 326.836731  -62.21964  -58.37922     -0.950    1448.21     85.000     84.167    -0.5175    -0.5172     0.0004    -0.5201    -0.5198     0.0004   2.805792   2.806231   0.000439    34.2269    34.2325     7.3203    27.5071    27.5116    318.174  354.83342  356.41789    34.2271    27.5072    1447.09    1447.10    -0.5200  1027.9186    34.3928 0.0000e+00
      13862 326.836742  -62.21964  -58.37922     -1.000    1448.21     84.000     83.177    -0.5102    -0.5102    -0.0000    -0.5128    -0.5128    -0.0000   2.806070   2.806471   0.000414    34.2226    34.2282     7.3286    27.5033    27.5078    318.531  354.77728  356.35997    34.2232    27.5038    1447.10    1447.11    -0.5127  1027.9103    34.3889 0.0000e+00
      13884 326.836753  -62.21964  -58.37922     -1.055    1448.21     83.000     82.186    -0.5003    -0.5049    -0.0046    -0.5029    -0.5074    -0.0046   2.806445   2.806685   0.000244    34.2168    34.2252     7.3301    27.4981    27.5052    318.601  354.70107  356.28135    34.2177    27.4989    1447.12    1447.11    -0.5028  1027.9006    34.3833 0.0000e+00
      13906 326.836764  -62.21964  -58.37922     -1.074    1448.21     82.000     81.197    -0.4964    -0.4973    -0.0009    -0.4989    -0.4998    -0.0009   2.806574   2.806930   0.000364    34.2148    34.2207     7.3321    27.4964    27.5012    318.690  354.66969  356.24903    34.2156    27.4970    1447.12    1447.13    -0.4989  1027.8939    34.3812 0.0000e+00
      13929 326.836775  -62.21964  -58.37922     -1.058    1448.21     81.000     80.207    -0.4927    -0.4940    -0.0013    -0.4952    -0.4965    -0.0013   2.806684   2.807052   0.000363    34.2128    34.2191     7.3405    27.4946    27.4998    319.053  354.64121  356.21967    34.2136    27.4952    1447.12    1447.12    -0.4951  1027.8874    34.3792 0.0000e+00
      13953 326.836786  -62.21964  -58.37922     -1.024    1448.21     80.000     79.217    -0.4905    -0.4915    -0.0010    -0.4930    -0.4940    -0.0010   2.806744   2.807121   0.000375    34.2118    34.2180     7.3626    27.4937    27.4987    320.014  354.62374  356.20169    34.2125    27.4943    1447.11    1447.12    -0.4929  1027.8816    34.3781 0.0000e+00
      13978 326.836798  -62.21964  -58.37922     -0.990    1448.21     79.000     78.227    -0.4894    -0.4891     0.0003    -0.4919    -0.4915     0.0003   2.806744   2.807179   0.000433    34.2113    34.2167     7.3812    27.4932    27.4976    320.827  354.61459  356.19228    34.2119    27.4937    1447.10    1447.11    -0.4918  1027.8762    34.3774 0.0000e+00
      14002 326.836810  -62.21964  -58.37922     -0.985    1448.21     78.000     77.237    -0.4891    -0.4897    -0.0006    -0.4915    -0.4921    -0.0006   2.806725   2.807102   0.000384    34.2113    34.2172     7.3986    27.4932    27.4980    321.581  354.61141  356.18903    34.2119    27.4936    1447.09    1447.09    -0.4914  1027.8714    34.3774 0.0000e+00
      14026 326.836822  -62.21964  -58.37922     -0.991    1448.21     77.000     76.247    -0.4876    -0.4888    -0.0012    -0.4900    -0.4912    -0.0012   2.806753   2.807110   0.000354    34.2106    34.2167     7.4026    27.4926    27.4976    321.756  354.59939  356.17665    34.2112    27.4930    1447.08    1447.08    -0.4899  1027.8660    34.3767 0.0000e+00
      14050 326.836833  -62.21964  -58.37922     -0.995    1448.21     76.000     75.257    -0.4871    -0.4871    -0.0000    -0.4895    -0.4895    -0.0000   2.806728   2.807151   0.000421    34.2105    34.2162     7.3939    27.4924    27.4970    321.378  354.59566  356.17282    34.2110    27.4928    1447.06    1447.07    -0.4894  1027.8610    34.3765 0.0000e+00
      14075 326.836845  -62.21964  -58.37922     -0.983    1448.21     75.000     74.267    -0.4847    -0.4855    -0.0009    -0.4870    -0.4878    -0.0009   2.806838   2.807201   0.000366    34.2096    34.2155     7.3940    27.4916    27.4965    321.382  354.57489  356.15148    34.2103    27.4921    1447.06    1447.06    -0.4870  1027.8555    34.3758 0.0000e+00
      14100 326.836857  -62.21964  -58.37922     -0.975    1448.21     74.000     73.277    -0.4822    -0.4821     0.0001    -0.4845    -0.4844     0.0001   2.806935   2.807352   0.000417    34.2088    34.2144     7.3977    27.4909    27.4954    321.543  354.55413  356.13016    34.2094    27.4913    1447.05    1447.06    -0.4844  1027.8499    34.3749 0.0000e+00
      14124 326.836869  -62.21964  -58.37922     -0.983    1448.21     73.000     72.287    -0.4812    -0.4811     0.0000    -0.4834    -0.4834     0.0000   2.806947   2.807376   0.000419    34.2085    34.2141     7.3958    27.4906    27.4951    321.460  354.54527  356.12106    34.2090    27.4910    1447.04    1447.05    -0.4834  1027.8448    34.3745 0.0000e+00
      14146 326.836879  -62.21964  -58.37922     -1.024    1448.21     72.000     71.296    -0.4797    -0.4796     0.0000    -0.4819    -0.4818     0.0000   2.806983   2.807401   0.000421    34.2080    34.2137     7.3988    27.4901    27.4947    321.588  354.53258  356.10803    34.2084    27.4904    1447.03    1447.04    -0.4819  1027.8394    34.3739 0.0000e+00
      14169 326.836890  -62.21964  -58.37922     -1.062    1448.21     71.000     70.306    -0.4797    -0.4801    -0.0004    -0.4819    -0.4822    -0.0004   2.806952   2.807341   0.000397    34.2081    34.2138     7.4083    27.4901    27.4948    322.005  354.53261  356.10806    34.2086    27.4906    1447.01    1447.02    -0.4818  1027.8348    34.3741 0.0000e+00
      14191 326.836901  -62.21964  -58.37922     -1.080    1448.21     70.000     69.316    -0.4779    -0.4784    -0.0006    -0.4800    -0.4806    -0.0006   2.807002   2.807397   0.000388    34.2074    34.2133     7.4157    27.4895    27.4943    322.322  354.51747  356.09251    34.2079    27.4899    1447.00    1447.01    -0.4800  1027.8294    34.3733 0.0000e+00
      14214 326.836912  -62.21964  -58.37922     -1.073    1448.21     69.000     68.326    -0.4773    -0.4777    -0.0004    -0.4794    -0.4799    -0.0004   2.806985   2.807378   0.000400    34.2073    34.2132     7.4157    27.4894    27.4942    322.326  354.51282  356.08774    34.2076    27.4897    1446.99    1446.99    -0.4794  1027.8243    34.3731 0.0000e+00
      14238 326.836924  -62.21964  -58.37922     -1.020    1448.21     68.000     67.336    -0.4765    -0.4774    -0.0009    -0.4786    -0.4795    -0.0009   2.806996   2.807370   0.000370    34.2071    34.2131     7.4154    27.4892    27.4941    322.312  354.50576  356.08049    34.2075    27.4895    1446.98    1446.98    -0.4786  1027.8194    34.3729 0.0000e+00
      14264 326.836936  -62.21964  -58.37922     -0.948    1448.21     67.000     66.346    -0.4757    -0.4763    -0.0006    -0.4778    -0.4784    -0.0006   2.806988   2.807369   0.000381    34.2068    34.2126     7.4130    27.4889    27.4937    322.206  354.49909  356.07363    34.2071    27.4892    1446.96    1446.97    -0.4777  1027.8143    34.3725 0.0000e+00
      14291 326.836949  -62.21964  -58.37922     -0.899    1448.21     66.000     65.356    -0.4756    -0.4757    -0.0000    -0.4777    -0.4777    -0.0000   2.806935   2.807353   0.000418    34.2067    34.2123     7.4161    27.4888    27.4934    322.341  354.49896  356.07349    34.2069    27.4890    1446.95    1446.96    -0.4776  1027.8093    34.3723 0.0000e+00
      14317 326.836962  -62.21964  -58.37922     -0.913    1448.21     65.000     64.366    -0.4753    -0.4753    -0.0000    -0.4773    -0.4773    -0.0000   2.806904   2.807326   0.000416    34.2066    34.2122     7.4150    27.4887    27.4933    322.295  354.49632  356.07078    34.2068    27.4889    1446.93    1446.94    -0.4773  1027.8044    34.3722 0.0000e+00
      14341 326.836973  -62.21964  -58.37922     -0.959    1448.21     64.000     63.376    -0.4758    -0.4762    -0.0005    -0.4777    -0.4782    -0.0005   2.806840   2.807231   0.000397    34.2068    34.2127     7.4155    27.4890    27.4937    322.317  354.49959  356.07416    34.2070    27.4891    1446.91    1446.92    -0.4777  1027.7998    34.3724 0.0000e+00
      14365 326.836985  -62.21964  -58.37922     -0.998    1448.21     63.000     62.386    -0.4754    -0.4757    -0.0004    -0.4773    -0.4777    -0.0004   2.806816   2.807214   0.000398    34.2067    34.2125     7.4175    27.4888    27.4935    322.401  354.49640  356.07088    34.2068    27.4889    1446.90    1446.91    -0.4773  1027.7949    34.3722 0.0000e+00
      14387 326.836996  -62.21964  -58.37922     -1.036    1448.21     62.000     61.396    -0.4748    -0.4748    -0.0000    -0.4767    -0.4767    -0.0000   2.806804   2.807236   0.000427    34.2065    34.2123     7.4270    27.4886    27.4933    322.818  354.49139  356.06573    34.2067    27.4888    1446.89    1446.90    -0.4767  1027.7899    34.3720 0.0000e+00
      14411 326.837007  -62.21964  -58.37922     -1.049    1448.21     61.000     60.405    -0.4742    -0.4740     0.0002    -0.4761    -0.4759     0.0002   2.806789   2.807214   0.000422    34.2063    34.2118     7.4238    27.4884    27.4929    322.676  354.48668  356.06089    34.2064    27.4886    1446.87    1446.88    -0.4760  1027.7850    34.3718 0.0000e+00
      14434 326.837018  -62.21964  -58.37922     -1.028    1448.21     60.000     59.415    -0.4742    -0.4740     0.0003    -0.4761    -0.4759     0.0002   2.806740   2.807179   0.000440    34.2063    34.2120     7.4201    27.4885    27.4930    322.518  354.48712  356.06134    34.2064    27.4886    1446.86    1446.86    -0.4760  1027.7802    34.3718 0.0000e+00
