Pos-Processados/process_op38/Processamento_split/up/uoperantar38_016.cnv
* Sea-Bird SBE 9 Data File:
* FileName = D:\OPERANTAR_XXXVIII\DADOS\OP38_016.hdr
* Software Version Seasave V 7.18c
* Temperature SN = 4808
* Conductivity SN = 3380
* Number of Bytes Per Scan = 34
* Number of Voltage Words = 3
* Number of Scans Averaged by the Deck Unit = 1
* NMEA Latitude = 62 13.34 S
* NMEA Longitude = 058 12.68 W
* NMEA UTC (Time) = Nov 05 2019 11:56:34
** H41
** NAVIO POLAR ALMIRANTE MAXIMIANO
** CRUZEIRO:
** OPERANTAR XXXVIII
** ESTAÇÃO: OP38_016
** LAT 62 13,33' S
** LONG 058 12,65' W
** 09P73767-1155_A
** PROFUNDIDADE: 310
** DATA/HORA: 051157Z/NOV/2019
** OPERADOR: SO-HN CHAVES
# nquan = 32
# nvalues = 283                         
# units = specified
# name 0 = scan: Scan Count
# name 1 = timeJ: Julian Days
# name 2 = latitude: Latitude [deg]
# name 3 = longitude: Longitude [deg]
# name 4 = dz/dtM: Descent Rate [m/s]
# name 5 = avgsvCM: Average Sound Velocity [Chen-Millero, m/s]
# name 6 = prDM: Pressure, Digiquartz [db]
# name 7 = depSM: Depth [salt water, m]
# name 8 = t090C: Temperature [ITS-90, deg C]
# name 9 = t190C: Temperature, 2 [ITS-90, deg C]
# name 10 = T2-T190C: Temperature Difference, 2 - 1 [ITS-90, deg C]
# name 11 = potemp090C: Potential Temperature [ITS-90, deg C]
# name 12 = potemp190C: Potential Temperature, 2 [ITS-90, deg C]
# name 13 = potemp90Cdiff: Potential Temperature, Diff, 2 - 1 [ITS-90, deg C]
# name 14 = c0S/m: Conductivity [S/m]
# name 15 = c1S/m: Conductivity, 2 [S/m]
# name 16 = C2-C1S/m: Conductivity Difference, 2 - 1 [S/m]
# name 17 = sal00: Salinity, Practical [PSU]
# name 18 = sal11: Salinity, Practical, 2 [PSU]
# name 19 = sbeox0ML/L: Oxygen, SBE 43 [ml/l]
# name 20 = sbeox1ML/L: Oxygen, SBE 43, 2 [ml/l]
# name 21 = sbeox0ML/Ldiff: Oxygen, SBE 43, Diff, 2 - 1 [ml/l]
# name 22 = sigma-é00: Density [sigma-theta, kg/m^3]
# name 23 = sigma-é11: Density, 2 [sigma-theta, kg/m^3]
# name 24 = sal00: Salinity, Practical [PSU]
# name 25 = sigma-é00: Density [sigma-theta, kg/m^3]
# name 26 = svCM: Sound Velocity [Chen-Millero, m/s]
# name 27 = svCM1: Sound Velocity, 2 [Chen-Millero, m/s]
# name 28 = gsw_ptA0: potential temperature [ITS-90, deg C]
# name 29 = gsw_densityA0: density, TEOS-10 [density, kg/m^3]
# name 30 = gsw_saA0: Absolute Salinity [g/kg]
# name 31 = flag:
# span 0 =      15564,      29939       
# span 1 = 309.505121, 309.512053       
# span 2 =  -62.22236,  -62.22236       
# span 3 =  -58.21132,  -58.21130       
# span 4 =     -1.094,     -0.186       
# span 5 =    1446.63,    1446.63       
# span 6 =      2.000,    284.000       
# span 7 =      1.985,    281.082       
# span 8 =    -0.9456,    -0.1753       
# span 9 =    -0.9459,    -0.1635       
# span 10 =    -0.0829,     0.0305      
# span 11 =    -0.9493,    -0.1855      
# span 12 =    -0.9491,    -0.1738      
# span 13 =    -0.0827,     0.0304      
# span 14 =   2.768794,   2.859439      
# span 15 =   2.769194,   2.861073      
# span 16 =  -0.009507,   0.003173      
# span 17 =    34.1599,    34.4456      
# span 18 =    34.1655,    34.4466      
# span 19 =     5.8553,     7.6105      
# span 20 =     5.5843,     7.3495      
# span 21 =    -0.3800,    -0.1201      
# span 22 =    27.4628,    27.6813      
# span 23 =    27.4675,    27.6683      
# span 24 =    34.1603,    34.4460      
# span 25 =    27.4631,    27.6817      
# span 26 =    1444.49,    1452.20      
# span 27 =    1444.51,    1452.27      
# span 28 =    -0.9492,    -0.1853      
# span 29 =  1027.4775,  1029.0185      
# span 30 =    34.3251,    34.6142      
# span 31 = 0.0000e+00, 0.0000e+00      
# interval = decibars: 1                
# start_time = Nov 05 2019 11:56:34 [NMEA time, header]
# bad_flag = -9.990e-29
*END*
[from data line 227]
      23358 309.508880  -62.22236  -58.21132     -0.631    1446.63     57.000     56.445    -0.9097    -0.9100    -0.0003    -0.9112    -0.9115    -0.0003   2.769193   2.769580   0.000393    34.1934    34.1991     7.4743     7.1477    -0.3266    27.4963    27.5009    34.1935    27.4963    1444.75    1444.76    -0.9112  1027.7747    34.3588 0.0000e+00
      23398 309.508899  -62.22236  -58.21132     -0.607    1446.63     56.000     55.457    -0.9100    -0.9099     0.0001    -0.9115    -0.9114     0.0001   2.769139   2.769554   0.000415    34.1936    34.1991     7.4754     7.1489    -0.3265    27.4964    27.5009    34.1937    27.4965    1444.74    1444.74    -0.9115  1027.7701    34.3590 0.0000e+00
      23439 309.508919  -62.22236  -58.21132     -0.579    1446.63     55.000     54.463    -0.9091    -0.9089     0.0002    -0.9106    -0.9104     0.0002   2.769145   2.769547   0.000403    34.1934    34.1986     7.4724     7.1463    -0.3262    27.4962    27.5005    34.1935    27.4963    1444.72    1444.73    -0.9105  1027.7650    34.3587 0.0000e+00
      23486 309.508941  -62.22236  -58.21132     -0.512    1446.63     54.000     53.476    -0.9088    -0.9088    -0.0000    -0.9102    -0.9103    -0.0000   2.769107   2.769512   0.000405    34.1931    34.1987     7.4651     7.1431    -0.3220    27.4960    27.5005    34.1932    27.4961    1444.71    1444.72    -0.9102  1027.7600    34.3585 0.0000e+00
      23526 309.508961  -62.22236  -58.21132     -0.585    1446.63     53.000     52.482    -0.9086    -0.9084     0.0001    -0.9100    -0.9099     0.0001   2.769078   2.769478   0.000400    34.1932    34.1984     7.4706     7.1425    -0.3281    27.4960    27.5003    34.1932    27.4960    1444.69    1444.70    -0.9100  1027.7552    34.3585 0.0000e+00
      23561 309.508977  -62.22236  -58.21132     -0.683    1446.63     52.000     51.494    -0.9082    -0.9075     0.0007    -0.9096    -0.9089     0.0007   2.769047   2.769483   0.000436    34.1929    34.1980     7.4659     7.1407    -0.3252    27.4958    27.4999    34.1929    27.4958    1444.68    1444.69    -0.9095  1027.7502    34.3582 0.0000e+00
      23595 309.508994  -62.22236  -58.21132     -0.710    1446.63     51.000     50.504    -0.9071    -0.9069     0.0002    -0.9085    -0.9082     0.0002   2.769051   2.769462   0.000411    34.1923    34.1977     7.4752     7.1408    -0.3344    27.4953    27.4996    34.1924    27.4953    1444.67    1444.68    -0.9084  1027.7449    34.3576 0.0000e+00
      23638 309.509015  -62.22236  -58.21132     -0.572    1446.63     50.000     49.514    -0.9072    -0.9072     0.0000    -0.9086    -0.9085     0.0000   2.769001   2.769392   0.000393    34.1924    34.1977     7.4759     7.1466    -0.3293    27.4954    27.4997    34.1925    27.4954    1444.65    1444.66    -0.9085  1027.7402    34.3577 0.0000e+00
      23697 309.509043  -62.22236 -9.990e-29     -0.392    1446.63     49.000     48.524    -0.9073    -0.9077    -0.0003    -0.9087    -0.9090    -0.0003   2.768947   2.769331   0.000384    34.1925    34.1981     7.4722     7.1426    -0.3296    27.4954    27.5000    34.1925    27.4955    1444.63    1444.64    -0.9086  1027.7361    34.3586 0.0000e+00
      23748 309.509068  -62.22236  -58.21130     -0.476    1446.63     48.000     47.534    -0.9070    -0.9075    -0.0004    -0.9083    -0.9087    -0.0004   2.768915   2.769295   0.000383    34.1923    34.1980     7.4698     7.1492    -0.3207    27.4953    27.4999    34.1923    27.4953    1444.62    1444.62    -0.9083  1027.7311    34.3583 0.0000e+00
      23780 309.509083  -62.22236  -58.21130     -0.693    1446.63     47.000     46.544    -0.9065    -0.9067    -0.0002    -0.9077    -0.9080    -0.0002   2.768903   2.769296   0.000391    34.1921    34.1977     7.4727     7.1469    -0.3258    27.4951    27.4996    34.1922    27.4952    1444.60    1444.61    -0.9077  1027.7255    34.3574 0.0000e+00
      23808 309.509097  -62.22236  -58.21130     -0.833    1446.63     46.000     45.553    -0.9041    -0.9041     0.0001    -0.9054    -0.9053     0.0001   2.768944   2.769357   0.000414    34.1905    34.1961     7.4799     7.1444    -0.3355    27.4937    27.4982    34.1907    27.4938    1444.60    1444.61    -0.9053  1027.7194    34.3559 0.0000e+00
      23841 309.509113  -62.22236  -58.21130     -0.766    1446.63     45.000     44.563    -0.9040    -0.9035     0.0005    -0.9052    -0.9047     0.0005   2.768897   2.769312   0.000412    34.1905    34.1955     7.4842     7.1475    -0.3367    27.4937    27.4977    34.1905    27.4937    1444.58    1444.59    -0.9052  1027.7145    34.3557 0.0000e+00
      23887 309.509135  -62.22236  -58.21130     -0.527    1446.63     44.000     43.574    -0.9031    -0.9044    -0.0013    -0.9043    -0.9056    -0.0013   2.768872   2.769230   0.000365    34.1897    34.1961     7.4813     7.1631    -0.3182    27.4930    27.4982    34.1898    27.4931    1444.57    1444.57    -0.9043  1027.7091    34.3550 0.0000e+00
      23942 309.509161  -62.22236  -58.21130     -0.435    1446.63     43.000     42.582    -0.9012    -0.9042    -0.0030    -0.9023    -0.9053    -0.0030   2.768898   2.769194   0.000307    34.1884    34.1960     7.4877     7.1657    -0.3221    27.4919    27.4981    34.1886    27.4920    1444.56    1444.56    -0.9023  1027.7032    34.3537 0.0000e+00
      23987 309.509183  -62.22236  -58.21130     -0.530    1446.63     42.000     41.593    -0.8971    -0.8993    -0.0022    -0.8982    -0.9004    -0.0022   2.769018   2.769363   0.000336    34.1858    34.1928     7.4938     7.1617    -0.3321    27.4896    27.4954    34.1862    27.4899    1444.56    1444.56    -0.8982  1027.6962    34.3513 0.0000e+00
      24021 309.509200  -62.22236  -58.21130     -0.669    1446.63     41.000     40.602    -0.8880    -0.8903    -0.0024    -0.8891    -0.8914    -0.0024   2.769432   2.769737   0.000318    34.1813    34.1883     7.4981     7.1541    -0.3440    27.4856    27.4914    34.1821    27.4862    1444.58    1444.58    -0.8891  1027.6878    34.3472 0.0000e+00
      24053 309.509215  -62.22236  -58.21130     -0.748    1446.63     40.000     39.612    -0.8834    -0.8838    -0.0004    -0.8844    -0.8848    -0.0004   2.769604   2.769994   0.000382    34.1793    34.1849     7.5021     7.1649    -0.3372    27.4837    27.4884    34.1798    27.4842    1444.58    1444.59    -0.8844  1027.6809    34.3449 0.0000e+00
      24090 309.509232  -62.22236  -58.21130     -0.685    1446.63     39.000     38.622    -0.8812    -0.8820    -0.0008    -0.8822    -0.8830    -0.0008   2.769728   2.770052   0.000339    34.1790    34.1845     7.5106     7.1747    -0.3358    27.4834    27.4879    34.1797    27.4840    1444.58    1444.58    -0.8822  1027.6759    34.3447 0.0000e+00
      24135 309.509255  -62.22236  -58.21130     -0.523    1446.63     38.000     37.632    -0.8767    -0.8817    -0.0050    -0.8778    -0.8827    -0.0050   2.770000   2.770077   0.000095    34.1782    34.1852     7.5255     7.1887    -0.3368    27.4827    27.4885    34.1789    27.4832    1444.58    1444.57    -0.8777  1027.6703    34.3440 0.0000e+00
      24181 309.509276  -62.22236  -58.21130     -0.527    1446.63     37.000     36.642    -0.8722    -0.8830    -0.0108    -0.8732    -0.8840    -0.0108   2.770271   2.770028  -0.000262    34.1776    34.1863     7.5302     7.2053    -0.3249    27.4820    27.4894    34.1781    27.4824    1444.59    1444.55    -0.8732  1027.6647    34.3431 0.0000e+00
      24219 309.509295  -62.22236  -58.21130     -0.622    1446.63     36.000     35.651    -0.8692    -0.8688     0.0004    -0.8701    -0.8698     0.0004   2.770491   2.770884   0.000405    34.1774    34.1825     7.5445     7.1993    -0.3453    27.4817    27.4858    34.1783    27.4824    1444.58    1444.59    -0.8701  1027.6599    34.3433 0.0000e+00
      24253 309.509311  -62.22236  -58.21130     -0.685    1446.63     35.000     34.661    -0.8626    -0.8645    -0.0019    -0.8636    -0.8655    -0.0019   2.770934   2.771198   0.000258    34.1766    34.1822     7.5359     7.2068    -0.3291    27.4807    27.4854    34.1775    27.4815    1444.60    1444.60    -0.8635  1027.6542    34.3425 0.0000e+00
      24287 309.509328  -62.22236  -58.21130     -0.716    1446.63     34.000     33.671    -0.8583    -0.8597    -0.0014    -0.8592    -0.8606    -0.0014   2.771225   2.771528   0.000298    34.1764    34.1819     7.5393     7.2116    -0.3277    27.4804    27.4850    34.1772    27.4811    1444.60    1444.60    -0.8592  1027.6489    34.3421 0.0000e+00
      24321 309.509344  -62.22236  -58.21130     -0.705    1446.63     33.000     32.681    -0.8566    -0.8568    -0.0002    -0.8575    -0.8577    -0.0002   2.771294   2.771677   0.000372    34.1761    34.1814     7.5472     7.2221    -0.3251    27.4801    27.4844    34.1768    27.4807    1444.59    1444.60    -0.8575  1027.6437    34.3417 0.0000e+00
      24359 309.509362  -62.22236  -58.21130     -0.642    1446.63     32.000     31.690    -0.8527    -0.8526     0.0001    -0.8536    -0.8535     0.0001   2.771500   2.771927   0.000418    34.1751    34.1807     7.5477     7.2223    -0.3254    27.4792    27.4837    34.1758    27.4797    1444.59    1444.60    -0.8535  1027.6380    34.3407 0.0000e+00
      24402 309.509383  -62.22236  -58.21130     -0.561    1446.63     31.000     30.700    -0.8497    -0.8494     0.0003    -0.8506    -0.8503     0.0003   2.771653   2.772072   0.000420    34.1744    34.1798     7.5532     7.2228    -0.3304    27.4785    27.4828    34.1751    27.4791    1444.59    1444.60    -0.8505  1027.6325    34.3401 0.0000e+00
      24445 309.509404  -62.22236  -58.21130     -0.548    1446.63     30.000     29.716    -0.8454    -0.8473    -0.0018    -0.8463    -0.8481    -0.0018   2.771898   2.772169   0.000275    34.1736    34.1794     7.5449     7.2314    -0.3136    27.4776    27.4824    34.1742    27.4782    1444.59    1444.59    -0.8462  1027.6268    34.3391 0.0000e+00
      24485 309.509423  -62.22236  -58.21130     -0.609    1446.63     29.000     28.714    -0.8414    -0.8430    -0.0016    -0.8422    -0.8438    -0.0016   2.772119   2.772416   0.000301    34.1724    34.1783     7.5501     7.2324    -0.3178    27.4766    27.4814    34.1733    27.4772    1444.59    1444.59    -0.8422  1027.6211    34.3382 0.0000e+00
      24526 309.509443  -62.22236  -58.21130     -0.586    1446.63     28.000     27.729    -0.8360    -0.8379    -0.0019    -0.8368    -0.8386    -0.0019   2.772347   2.772648   0.000295    34.1702    34.1763     7.5604     7.2371    -0.3233    27.4745    27.4796    34.1708    27.4750    1444.60    1444.60    -0.8367  1027.6141    34.3357 0.0000e+00
      24582 309.509470  -62.22236  -58.21130     -0.418    1446.63     27.000     26.739    -0.8358    -0.8395    -0.0037    -0.8365    -0.8402    -0.0037   2.772254   2.772430   0.000199    34.1695    34.1764     7.5619     7.2353    -0.3266    27.4740    27.4797    34.1700    27.4743    1444.58    1444.57    -0.8365  1027.6085    34.3348 0.0000e+00
      24642 309.509499  -62.22236  -58.21130     -0.407    1446.63     26.000     25.749    -0.8313    -0.8335    -0.0023    -0.8320    -0.8343    -0.0023   2.772359   2.772670   0.000286    34.1665    34.1729     7.5650     7.2484    -0.3166    27.4713    27.4766    34.1669    27.4717    1444.58    1444.58    -0.8320  1027.6011    34.3317 0.0000e+00
      24688 309.509521  -62.22236  -58.21130     -0.521    1446.63     25.000     24.759    -0.8309    -0.8314    -0.0005    -0.8315    -0.8321    -0.0005   2.772313   2.772712   0.000395    34.1661    34.1720     7.5758     7.2532    -0.3226    27.4710    27.4758    34.1664    27.4713    1444.57    1444.57    -0.8315  1027.5959    34.3312 0.0000e+00
      24739 309.509546  -62.22236  -58.21132     -0.475    1446.63     24.000     23.772    -0.8285    -0.8304    -0.0019    -0.8292    -0.8310    -0.0019   2.772419   2.772684   0.000274    34.1655    34.1713     7.5828     7.2637    -0.3192    27.4704    27.4752    34.1658    27.4707    1444.56    1444.56    -0.8291  1027.5905    34.3306 0.0000e+00
      25019 309.509681  -62.22236  -58.21131     -0.186    1446.63     23.000     22.776    -0.8180    -0.8198    -0.0018    -0.8186    -0.8205    -0.0018   2.773182   2.773463   0.000279    34.1644    34.1702     7.5837     7.2650    -0.3188    27.4691    27.4739    34.1649    27.4695    1444.59    1444.59    -0.8186  1027.5845    34.3297 0.0000e+00
      25308 309.509820  -62.22236  -58.21132     -0.221    1446.63     22.000     21.786    -0.8110    -0.8100     0.0010    -0.8116    -0.8106     0.0010   2.773639   2.774112   0.000471    34.1638    34.1690     7.5929     7.2685    -0.3244    27.4683    27.4725    34.1638    27.4683    1444.61    1444.62    -0.8116  1027.5785    34.3286 0.0000e+00
      25470 309.509898  -62.22236  -58.21132     -0.192    1446.63     21.000     20.797    -0.8114    -0.8112     0.0001    -0.8120    -0.8118     0.0001   2.773585   2.773993   0.000409    34.1640    34.1694     7.5888     7.2764    -0.3124    27.4685    27.4729    34.1641    27.4686    1444.59    1444.60    -0.8120  1027.5740    34.3288 0.0000e+00
      25548 309.509936  -62.22236  -58.21132     -0.379    1446.63     20.000     19.811    -0.8094    -0.8092     0.0002    -0.8100    -0.8097     0.0002   2.773682   2.774102   0.000418    34.1638    34.1692     7.5882     7.2732    -0.3149    27.4683    27.4726    34.1638    27.4683    1444.58    1444.59    -0.8099  1027.5689    34.3285 0.0000e+00
      26404 309.510349  -62.22236  -58.21130     -0.232    1446.63     19.000     18.817    -0.8118    -0.8120    -0.0002    -0.8123    -0.8125    -0.0002   2.773448   2.773833   0.000385    34.1640    34.1694     7.5886     7.2779    -0.3107    27.4685    27.4729    34.1640    27.4685    1444.56    1444.56    -0.8123  1027.5643    34.3287 0.0000e+00
      29131 309.511664  -62.22236  -58.21132     -0.211    1446.63     18.000     17.825    -0.8157    -0.8161    -0.0003    -0.8162    -0.8166    -0.0003   2.773073   2.773440   0.000370    34.1639    34.1693     7.5916     7.2725    -0.3191    27.4686    27.4730    34.1640    27.4687    1444.52    1444.53    -0.8162  1027.5597    34.3287 0.0000e+00
      28955 309.511579  -62.22236  -58.21130     -0.406    1446.63     17.000     16.834    -0.8162    -0.8158     0.0004    -0.8166    -0.8162     0.0004   2.773003   2.773431   0.000427    34.1641    34.1695     7.5916     7.2878    -0.3038    27.4688    27.4731    34.1641    27.4688    1444.51    1444.51    -0.8166  1027.5550    34.3289 0.0000e+00
      29025 309.511612  -62.22236  -58.21131     -0.330    1446.63     16.000     15.846    -0.8153    -0.8129     0.0024    -0.8158    -0.8134     0.0024   2.773060   2.773635   0.000577    34.1643    34.1694     7.5866     7.2801    -0.3065    27.4689    27.4729    34.1645    27.4691    1444.49    1444.51    -0.8157  1027.5506    34.3293 0.0000e+00
      29077 309.511638  -62.22236  -58.21132     -0.471    1446.63     15.000     14.855    -0.8056    -0.8062    -0.0006    -0.8060    -0.8066    -0.0006   2.773793   2.774159   0.000355    34.1636    34.1691     7.5802     7.2837    -0.2965    27.4680    27.4725    34.1641    27.4684    1444.52    1444.53    -0.8060  1027.5450    34.3289 0.0000e+00
      29139 309.511668  -62.22236  -58.21132     -0.367    1446.63     14.000     13.866    -0.8008    -0.8014    -0.0006    -0.8012    -0.8018    -0.0006   2.774141   2.774500   0.000372    34.1635    34.1691     7.5886     7.2817    -0.3070    27.4677    27.4723    34.1640    27.4681    1444.53    1444.53    -0.8012  1027.5400    34.3289 0.0000e+00
