Pos-Processados/process_op38/Processamento_split/up/uoperantar38_007.cnv
* Sea-Bird SBE 9 Data File:
* FileName = D:\OPERANTAR_XXXVIII\DADOS\OP38_007.hdr
* Software Version Seasave V 7.18c
* Temperature SN = 4808
* Conductivity SN = 3380
* Number of Bytes Per Scan = 31
* Number of Voltage Words = 2
* Number of Scans Averaged by the Deck Unit = 1
* NMEA Latitude = 44 52.70 S
* NMEA Longitude = 051 46.25 W
* NMEA UTC (Time) = Oct 19 2019 21:28:45
** H41
** NAVIO POLAR ALMIRANTE MAXIMIANO
** CRUZEIRO:
** OPERANTAR XXXVIII
** ESTAÇÃO: OP38_007
** LAT 44 52,70' S
** LONG 051 46,27' W
** 09P73767-1155
** PROFUNDIDADE: 5881
** DATA/HORA: 192130Z/OUT/2019
** OPERADOR: SO-HN CHAVES
# nquan = 30
# nvalues = 1069                        
# units = specified
# name 0 = scan: Scan Count
# name 1 = timeJ: Julian Days
# name 2 = latitude: Latitude [deg]
# name 3 = longitude: Longitude [deg]
# name 4 = dz/dtM: Descent Rate [m/s]
# name 5 = avgsvCM: Average Sound Velocity [Chen-Millero, m/s]
# name 6 = prDM: Pressure, Digiquartz [db]
# name 7 = depSM: Depth [salt water, m]
# name 8 = t090C: Temperature [ITS-90, deg C]
# name 9 = t190C: Temperature, 2 [ITS-90, deg C]
# name 10 = T2-T190C: Temperature Difference, 2 - 1 [ITS-90, deg C]
# name 11 = potemp090C: Potential Temperature [ITS-90, deg C]
# name 12 = potemp190C: Potential Temperature, 2 [ITS-90, deg C]
# name 13 = potemp90Cdiff: Potential Temperature, Diff, 2 - 1 [ITS-90, deg C]
# name 14 = c0S/m: Conductivity [S/m]
# name 15 = c1S/m: Conductivity, 2 [S/m]
# name 16 = C2-C1S/m: Conductivity Difference, 2 - 1 [S/m]
# name 17 = sal00: Salinity, Practical [PSU]
# name 18 = sal11: Salinity, Practical, 2 [PSU]
# name 19 = sbeox0ML/L: Oxygen, SBE 43 [ml/l]
# name 20 = sigma-é00: Density [sigma-theta, kg/m^3]
# name 21 = sigma-é11: Density, 2 [sigma-theta, kg/m^3]
# name 22 = sal00: Salinity, Practical [PSU]
# name 23 = sigma-é00: Density [sigma-theta, kg/m^3]
# name 24 = svCM: Sound Velocity [Chen-Millero, m/s]
# name 25 = svCM1: Sound Velocity, 2 [Chen-Millero, m/s]
# name 26 = gsw_ptA0: potential temperature [ITS-90, deg C]
# name 27 = gsw_densityA0: density, TEOS-10 [density, kg/m^3]
# name 28 = gsw_saA0: Absolute Salinity [g/kg]
# name 29 = flag:
# span 0 =      32178,      69557       
# span 1 = 292.910483, 292.928509       
# span 2 =  -44.87836,  -44.87832       
# span 3 =  -51.77096,  -51.77092       
# span 4 =     -1.749,     -0.095       
# span 5 =    1474.80,    1474.80       
# span 6 =      3.000,   1071.000       
# span 7 =      2.987,   1059.589       
# span 8 =     2.7695,     9.7519       
# span 9 =     2.7703,     9.7533       
# span 10 =    -0.1467,     0.0490      
# span 11 =     2.7060,     9.7514      
# span 12 =     2.7067,     9.7523      
# span 13 =    -0.1466,     0.0487      
# span 14 =   3.131096,   3.750973      
# span 15 =   3.131612,   3.751782      
# span 16 =  -0.014045,   0.005064      
# span 17 =    34.0975,    34.6405      
# span 18 =    34.1035,    34.6467      
# span 19 =     4.0736,     6.5747      
# span 20 =    26.7125,    27.4700      
# span 21 =    26.7169,    27.4742      
# span 22 =    34.0983,    34.6428      
# span 23 =    26.7135,    27.4700      
# span 24 =    1471.04,    1488.67      
# span 25 =    1471.06,    1488.66      
# span 26 =     2.7059,     9.7514      
# span 27 =  1026.7299,  1032.4322      
# span 28 =    34.2597,    34.8064      
# span 29 = 0.0000e+00, 0.0000e+00      
# interval = decibars: 1                
# start_time = Oct 19 2019 21:28:45 [NMEA time, header]
# bad_flag = -9.990e-29
*END*
[from data line 484]
      44225 292.916292  -44.87832  -51.77094     -0.896    1474.80    587.000    581.417     3.2195     3.2278     0.0083     3.1808     3.1891     0.0083   3.145186   3.146437   0.001201    34.1887    34.1944     5.5123    27.2209    27.2246    34.1895    27.2215    1471.91    1471.95     3.1808  1029.9511    34.3523 0.0000e+00
      44244 292.916302  -44.87832  -51.77094     -1.098    1474.80    586.000    580.428     3.2280     3.2390     0.0111     3.1893     3.2003     0.0110   3.145881   3.147527   0.001521    34.1886    34.1953     5.5069    27.2200    27.2243    34.1895    27.2207    1471.93    1471.99     3.1893  1029.9456    34.3524 0.0000e+00
      44261 292.916310  -44.87832  -51.77094     -1.263    1474.80    585.000    579.439     3.2427     3.2530     0.0103     3.2041     3.2144     0.0103   3.147414   3.148633   0.001340    34.1899    34.1952     5.5025    27.2197    27.2230    34.1930    27.2222    1471.98    1472.03     3.2040  1029.9421    34.3559 0.0000e+00
      44278 292.916318  -44.87832  -51.77094     -1.369    1474.80    584.000    578.450     3.2570     3.2597     0.0028     3.2184     3.2211     0.0028   3.148529   3.149244   0.000724    34.1899    34.1957     5.5002    27.2183    27.2227    34.1920    27.2200    1472.02    1472.04     3.2183  1029.9351    34.3549 0.0000e+00
      44296 292.916327  -44.87832  -51.77094     -1.401    1474.80    583.000    577.461     3.2644     3.2661     0.0016     3.2259     3.2275     0.0016   3.149068   3.149685   0.000616    34.1897    34.1954     5.5001    27.2175    27.2219    34.1912    27.2186    1472.04    1472.05     3.2258  1029.9290    34.3540 0.0000e+00
      44314 292.916336  -44.87832  -51.77094     -1.355    1474.80    582.000    576.472     3.2662     3.2661    -0.0001     3.2277     3.2276    -0.0001   3.149128   3.149558   0.000451    34.1896    34.1952     5.4969    27.2172    27.2217    34.1906    27.2180    1472.03    1472.03     3.2276  1029.9238    34.3534 0.0000e+00
      44335 292.916345  -44.87832  -51.77094     -1.248    1474.80    581.000    575.483     3.2640     3.2618    -0.0023     3.2256     3.2233    -0.0022   3.148789   3.148972   0.000225    34.1889    34.1940     5.4852    27.2169    27.2211    34.1893    27.2172    1472.00    1472.00     3.2255  1029.9193    34.3533 0.0000e+00
      44358 292.916357 -9.990e-29  -51.77094     -1.107    1474.80    580.000    574.494     3.2564     3.2503    -0.0060     3.2181     3.2120    -0.0060   3.147928   3.147757  -0.000129    34.1876    34.1924     5.4756    27.2166    27.2209    34.1875    27.2164    1471.95    1471.93     3.2180  1029.9148    34.3525 0.0000e+00
      44384 292.916369 -9.990e-29  -51.77094     -0.976    1474.80    579.000    573.504     3.2347     3.2220    -0.0127     3.1965     3.1839    -0.0126   3.145301   3.144665  -0.000632    34.1821    34.1878     5.4734    27.2141    27.2199    34.1792    27.2118    1471.83    1471.78     3.1965  1029.9059    34.3441 0.0000e+00
      44412 292.916382 -9.990e-29  -51.77094     -0.889    1474.80    578.000    572.515     3.2028     3.1996    -0.0032     3.1649     3.1617    -0.0031   3.142073   3.142322   0.000201    34.1781    34.1838     5.4794    27.2139    27.2187    34.1743    27.2109    1471.67    1471.67     3.1648  1029.9009    34.3392 0.0000e+00
      44439 292.916396  -44.87834  -51.77094     -0.865    1474.80    577.000    571.526     3.1756     3.1761     0.0005     3.1379     3.1384     0.0005   3.139416   3.139979   0.000563    34.1742    34.1804     5.4947    27.2133    27.2182    34.1714    27.2110    1471.53    1471.54     3.1378  1029.8957    34.3348 0.0000e+00
      44468 292.916410  -44.87834  -51.77094     -0.848    1474.80    576.000    570.537     3.1649     3.1677     0.0028     3.1273     3.1301     0.0027   3.138319   3.139123   0.000787    34.1724    34.1790     5.5390    27.2128    27.2178    34.1699    27.2108    1471.47    1471.49     3.1272  1029.8905    34.3326 0.0000e+00
      44498 292.916424  -44.87834  -51.77094     -0.814    1474.80    575.000    569.548     3.1600     3.1608     0.0008     3.1225     3.1233     0.0008   3.137812   3.138388   0.000577    34.1713    34.1775     5.5956    27.2124    27.2172    34.1694    27.2109    1471.43    1471.44     3.1224  1029.8860    34.3321 0.0000e+00
      44526 292.916437  -44.87834  -51.77094     -0.830    1474.80    574.000    568.559     3.1551     3.1578     0.0027     3.1177     3.1204     0.0027   3.137273   3.138034   0.000764    34.1704    34.1768     5.6300    27.2121    27.2169    34.1686    27.2106    1471.39    1471.41     3.1176  1029.8813    34.3313 0.0000e+00
      44549 292.916449  -44.87832  -51.77094     -0.941    1474.80    573.000    567.570     3.1521     3.1496    -0.0024     3.1148     3.1123    -0.0024   3.136907   3.137074   0.000206    34.1698    34.1749     5.6430    27.2119    27.2161    34.1679    27.2104    1471.36    1471.36     3.1147  1029.8764    34.3306 0.0000e+00
      44569 292.916458  -44.87832  -51.77094     -1.096    1474.80    572.000    566.580     3.1478     3.1443    -0.0036     3.1106     3.1071    -0.0035   3.136374   3.136420   0.000064    34.1685    34.1730     5.6468    27.2112    27.2151    34.1665    27.2096    1471.33    1471.32     3.1105  1029.8711    34.3292 0.0000e+00
      44585 292.916466  -44.87832  -51.77094     -1.257    1474.80    571.000    565.591     3.1447     3.1410    -0.0037     3.1076     3.1038    -0.0037   3.135930   3.136015   0.000052    34.1671    34.1717     5.6490    27.2104    27.2144    34.1649    27.2086    1471.30    1471.29     3.1075  1029.8656    34.3276 0.0000e+00
      44601 292.916474  -44.87832  -51.77094     -1.407    1474.80    570.000    564.602     3.1405     3.1400    -0.0005     3.1034     3.1029    -0.0005   3.135428   3.135874   0.000430    34.1656    34.1713     5.6509    27.2096    27.2142    34.1638    27.2082    1471.26    1471.27     3.1034  1029.8605    34.3265 0.0000e+00
      44617 292.916481  -44.87834  -51.77094     -1.513    1474.80    569.000    563.613     3.1394     3.1397     0.0003     3.1024     3.1027     0.0003   3.135278   3.135784   0.000495    34.1651    34.1708     5.6505    27.2093    27.2138    34.1637    27.2081    1471.24    1471.25     3.1024  1029.8559    34.3263 0.0000e+00
      44633 292.916489  -44.87834  -51.77094     -1.538    1474.80    568.000    562.624     3.1401     3.1407     0.0007     3.1031     3.1038     0.0007   3.135287   3.135810   0.000519    34.1647    34.1703     5.6546    27.2089    27.2133    34.1636    27.2080    1471.22    1471.23     3.1031  1029.8512    34.3263 0.0000e+00
      44652 292.916498  -44.87834  -51.77094     -1.413    1474.80    567.000    561.635     3.1417     3.1433     0.0016     3.1049     3.1064     0.0016   3.135428   3.136084   0.000620    34.1647    34.1706     5.6655    27.2087    27.2133    34.1641    27.2082    1471.22    1471.23     3.1048  1029.8467    34.3268 0.0000e+00
      44681 292.916512  -44.87834  -51.77094     -1.019    1474.80    566.000    560.645     3.1565     3.1571     0.0007     3.1196     3.1203     0.0006   3.136971   3.137419   0.000533    34.1660    34.1717     5.6800    27.2084    27.2129    34.1677    27.2098    1471.27    1471.27     3.1196  1029.8434    34.3304 0.0000e+00
      44721 292.916531  -44.87834  -51.77094     -0.594    1474.80    565.000    559.656     3.1941     3.1845    -0.0096     3.1572     3.1476    -0.0096   3.140219   3.139839  -0.000381    34.1669    34.1724     5.6769    27.2057    27.2109    34.1679    27.2065    1471.41    1471.38     3.1571  1029.8349    34.3306 0.0000e+00
      44753 292.916547  -44.87834  -51.77094     -0.681    1474.80    564.000    558.667     3.1926     3.1847    -0.0079     3.1557     3.1478    -0.0079   3.140059   3.139851  -0.000237    34.1673    34.1727     5.6740    27.2061    27.2112    34.1682    27.2068    1471.39    1471.36     3.1556  1029.8306    34.3308 0.0000e+00
      44778 292.916559  -44.87834  -51.77094     -0.885    1474.80    563.000    557.678     3.1940     3.1957     0.0017     3.1572     3.1589     0.0017   3.140059   3.140748   0.000631    34.1671    34.1730     5.6615    27.2059    27.2103    34.1671    27.2059    1471.38    1471.39     3.1571  1029.8250    34.3298 0.0000e+00
      44798 292.916569  -44.87834  -51.77094     -1.066    1474.80    562.000    556.689     3.1921     3.1940     0.0019     3.1553     3.1572     0.0019   3.139936   3.140470   0.000593    34.1674    34.1725     5.6558    27.2062    27.2102    34.1682    27.2069    1471.36    1471.37     3.1553  1029.8215    34.3309 0.0000e+00
      44817 292.916578  -44.87834  -51.77096     -1.202    1474.80    561.000    555.699     3.1937     3.1885    -0.0052     3.1570     3.1518    -0.0052   3.139920   3.139807  -0.000062    34.1669    34.1716     5.6536    27.2057    27.2099    34.1669    27.2057    1471.34    1471.33     3.1569  1029.8156    34.3296 0.0000e+00
      44834 292.916586  -44.87834  -51.77096     -1.299    1474.80    560.000    554.710     3.1873     3.1805    -0.0068     3.1507     3.1439    -0.0068   3.139092   3.138950  -0.000187    34.1655    34.1705     5.6562    27.2052    27.2097    34.1642    27.2041    1471.29    1471.27     3.1506  1029.8095    34.3268 0.0000e+00
      44851 292.916594  -44.87834  -51.77096     -1.377    1474.80    559.000    553.721     3.1773     3.1738    -0.0035     3.1408     3.1373    -0.0034   3.138092   3.138310   0.000179    34.1641    34.1699     5.6600    27.2049    27.2099    34.1632    27.2042    1471.23    1471.23     3.1407  1029.8052    34.3258 0.0000e+00
      44867 292.916602  -44.87834  -51.77096     -1.447    1474.80    558.000    552.732     3.1746     3.1774     0.0029     3.1382     3.1410     0.0029   3.137914   3.138669   0.000715    34.1643    34.1699     5.6570    27.2054    27.2096    34.1644    27.2054    1471.21    1471.23     3.1381  1029.8018    34.3270 0.0000e+00
      44882 292.916609  -44.87834  -51.77096     -1.503    1474.80    557.000    551.743     3.1811     3.1857     0.0045     3.1448     3.1493     0.0045   3.138570   3.139436   0.000868    34.1648    34.1705     5.6527    27.2051    27.2093    34.1659    27.2060    1471.22    1471.25     3.1447  1029.7977    34.3286 0.0000e+00
      44898 292.916617  -44.87834  -51.77095     -1.531    1474.80    556.000    550.753     3.1911     3.1956     0.0046     3.1548     3.1593     0.0045   3.139461   3.140363   0.000868    34.1653    34.1710     5.6580    27.2046    27.2087    34.1667    27.2058    1471.25    1471.28     3.1547  1029.7926    34.3294 0.0000e+00
      44915 292.916625  -44.87834  -51.77094     -1.501    1474.80    555.000    549.764     3.2003     3.2044     0.0041     3.1640     3.1681     0.0041   3.140217   3.141049   0.000825    34.1653    34.1709     5.6702    27.2038    27.2079    34.1667    27.2049    1471.27    1471.30     3.1639  1029.7870    34.3293 0.0000e+00
      44936 292.916635  -44.87834  -51.77094     -1.341    1474.80    554.000    548.775     3.2056     3.2094     0.0038     3.1693     3.1731     0.0038   3.140569   3.141396   0.000802    34.1652    34.1709     5.6884    27.2031    27.2073    34.1659    27.2038    1471.28    1471.30     3.1693  1029.7812    34.3286 0.0000e+00
      44976 292.916654  -44.87835  -51.77094     -0.712    1474.80    553.000    547.786     3.2121     3.2134     0.0014     3.1759     3.1772     0.0014   3.141131   3.141697   0.000572    34.1652    34.1706     5.6829    27.2025    27.2068    34.1664    27.2035    1471.29    1471.30     3.1758  1029.7762    34.3290 0.0000e+00
      45025 292.916678  -44.87834  -51.77094     -0.431    1474.80    552.000    546.796     3.2285     3.2264    -0.0021     3.1923     3.1902    -0.0021   3.142390   3.142661   0.000307    34.1639    34.1697     5.6599    27.2000    27.2049    34.1649    27.2008    1471.34    1471.34     3.1922  1029.7686    34.3275 0.0000e+00
      45047 292.916689  -44.87834  -51.77095     -0.805    1474.80    551.000    545.807     3.2242     3.2247     0.0005     3.1881     3.1886     0.0005   3.141999   3.142567   0.000519    34.1643    34.1699     5.6710    27.2007    27.2052    34.1652    27.2014    1471.31    1471.32     3.1880  1029.7647    34.3278 0.0000e+00
      45065 292.916698  -44.87834  -51.77096     -1.113    1474.80    550.000    544.818     3.2295     3.2347     0.0053     3.1934     3.1986     0.0052   3.142340   3.143305   0.000932    34.1631    34.1688     5.6780    27.1992    27.2033    34.1643    27.2002    1471.31    1471.34     3.1934  1029.7588    34.3269 0.0000e+00
      45080 292.916705  -44.87834  -51.77096     -1.350    1474.80    549.000    543.828     3.2356     3.2398     0.0042     3.1996     3.2037     0.0042   3.142897   3.143685   0.000819    34.1632    34.1686     5.6815    27.1988    27.2027    34.1651    27.2003    1471.32    1471.35     3.1995  1029.7541    34.3277 0.0000e+00
      45094 292.916712  -44.87834  -51.77096     -1.539    1474.80    548.000    542.839     3.2427     3.2435     0.0008     3.2067     3.2075     0.0008   3.143388   3.143904   0.000539    34.1626    34.1683     5.6850    27.1977    27.2021    34.1641    27.1988    1471.33    1471.35     3.2067  1029.7479    34.3267 0.0000e+00
      45109 292.916719  -44.87834  -51.77096     -1.650    1474.80    547.000    541.850     3.2441     3.2445     0.0004     3.2082     3.2086     0.0004   3.143429   3.143966   0.000531    34.1625    34.1685     5.6907    27.1974    27.2021    34.1636    27.1983    1471.32    1471.33     3.2081  1029.7428    34.3262 0.0000e+00
      45124 292.916726  -44.87834  -51.77096     -1.665    1474.80    546.000    540.860     3.2451     3.2467     0.0015     3.2093     3.2108     0.0015   3.143481   3.144095   0.000602    34.1625    34.1682     5.6965    27.1974    27.2017    34.1637    27.1983    1471.31    1471.32     3.2092  1029.7381    34.3263 0.0000e+00
      45141 292.916734  -44.87834  -51.77096     -1.578    1474.80    545.000    539.871     3.2483     3.2502     0.0020     3.2125     3.2144     0.0019   3.143705   3.144338   0.000632    34.1624    34.1680     5.6982    27.1969    27.2012    34.1636    27.1979    1471.31    1471.32     3.2124  1029.7331    34.3262 0.0000e+00
      45161 292.916744  -44.87834  -51.77096     -1.366    1474.80    544.000    538.882     3.2515     3.2538     0.0024     3.2157     3.2181     0.0024   3.143916   3.144606   0.000674    34.1621    34.1677     5.6940    27.1964    27.2007    34.1634    27.1974    1471.30    1471.32     3.2156  1029.7279    34.3260 0.0000e+00
      45187 292.916756  -44.87834  -51.77095     -1.055    1474.80    543.000    537.899     3.2554     3.2608     0.0054     3.2197     3.2251     0.0054   3.144220   3.145155   0.000944    34.1620    34.1677     5.7016    27.1959    27.2000    34.1634    27.1971    1471.31    1471.33     3.2196  1029.7229    34.3260 0.0000e+00
      45219 292.916772  -44.87835  -51.77094     -0.799    1474.80    542.000    536.900     3.2739     3.2686    -0.0052     3.2382     3.2329    -0.0052   3.145892   3.145874   0.000011    34.1625    34.1682     5.7025    27.1946    27.1996    34.1647    27.1964    1471.37    1471.35     3.2381  1029.7173    34.3273 0.0000e+00
      45257 292.916790  -44.87836  -51.77094     -0.634    1474.80    541.000    535.913     3.2844     3.2809    -0.0035     3.2487     3.2453    -0.0035   3.146777   3.146919   0.000161    34.1630    34.1685     5.7022    27.1940    27.1988    34.1649    27.1955    1471.40    1471.39     3.2487  1029.7117    34.3275 0.0000e+00
