Pos-Processados/process_op38/Processamento_split/up/uoperantar38_023.cnv
* Sea-Bird SBE 9 Data File:
* FileName = D:\OPERANTAR_XXXVIII\DADOS\OP38_023.hdr
* Software Version Seasave V 7.18c
* Temperature SN = 4808
* Conductivity SN = 3380
* Number of Bytes Per Scan = 34
* Number of Voltage Words = 3
* Number of Scans Averaged by the Deck Unit = 1
* NMEA Latitude = 62 12.78 S
* NMEA Longitude = 058 20.56 W
* NMEA UTC (Time) = Nov 22 2019 18:35:31
** H41
** NAVIO POLAR ALMIRANTE MAXIMIANO
** CRUZEIRO:
** OPERANTAR XXXVIII
** ESTAÇÃO: OP38_023
** LAT 62 12,77'S
** LONG 058 20,58'W
** 09P73767-1155_A
** PROFUNDIDADE: 500
** DATA/HORA: 221836Z/NOV2019
** OPERADOR: SO-HN CHAVES
# nquan = 32
# nvalues = 460                         
# units = specified
# name 0 = scan: Scan Count
# name 1 = timeJ: Julian Days
# name 2 = latitude: Latitude [deg]
# name 3 = longitude: Longitude [deg]
# name 4 = dz/dtM: Descent Rate [m/s]
# name 5 = avgsvCM: Average Sound Velocity [Chen-Millero, m/s]
# name 6 = prDM: Pressure, Digiquartz [db]
# name 7 = depSM: Depth [salt water, m]
# name 8 = t090C: Temperature [ITS-90, deg C]
# name 9 = t190C: Temperature, 2 [ITS-90, deg C]
# name 10 = T2-T190C: Temperature Difference, 2 - 1 [ITS-90, deg C]
# name 11 = potemp090C: Potential Temperature [ITS-90, deg C]
# name 12 = potemp190C: Potential Temperature, 2 [ITS-90, deg C]
# name 13 = potemp90Cdiff: Potential Temperature, Diff, 2 - 1 [ITS-90, deg C]
# name 14 = c0S/m: Conductivity [S/m]
# name 15 = c1S/m: Conductivity, 2 [S/m]
# name 16 = C2-C1S/m: Conductivity Difference, 2 - 1 [S/m]
# name 17 = sal00: Salinity, Practical [PSU]
# name 18 = sal11: Salinity, Practical, 2 [PSU]
# name 19 = sbeox0ML/L: Oxygen, SBE 43 [ml/l]
# name 20 = sbeox1ML/L: Oxygen, SBE 43, 2 [ml/l]
# name 21 = sbeox0ML/Ldiff: Oxygen, SBE 43, Diff, 2 - 1 [ml/l]
# name 22 = sigma-é00: Density [sigma-theta, kg/m^3]
# name 23 = sigma-é11: Density, 2 [sigma-theta, kg/m^3]
# name 24 = sal00: Salinity, Practical [PSU]
# name 25 = sigma-é00: Density [sigma-theta, kg/m^3]
# name 26 = svCM: Sound Velocity [Chen-Millero, m/s]
# name 27 = svCM1: Sound Velocity, 2 [Chen-Millero, m/s]
# name 28 = gsw_ptA0: potential temperature [ITS-90, deg C]
# name 29 = gsw_densityA0: density, TEOS-10 [density, kg/m^3]
# name 30 = gsw_saA0: Absolute Salinity [g/kg]
# name 31 = flag:
# span 0 =      16877,      32504       
# span 1 = 326.782803, 326.790339       
# span 2 =  -62.21307,  -62.21306       
# span 3 =  -58.34263,  -58.34256       
# span 4 =     -1.315,     -0.134       
# span 5 =    1449.93,    1449.93       
# span 6 =      2.000,    461.000       
# span 7 =      1.983,    456.068       
# span 8 =    -0.8780,    -0.1945       
# span 9 =    -0.8781,    -0.1934       
# span 10 =    -0.0261,     0.0174      
# span 11 =    -0.8926,    -0.2081      
# span 12 =    -0.8927,    -0.2070      
# span 13 =    -0.0260,     0.0174      
# span 14 =   2.805102,   2.864891      
# span 15 =   2.805545,   2.865312      
# span 16 =  -0.001641,   0.002026      
# span 17 =    34.1687,    34.5121      
# span 18 =    34.1743,    34.5179      
# span 19 =     5.8474,     7.6499      
# span 20 =     5.6241,     7.3758      
# span 21 =    -0.3719,    -0.1945      
# span 22 =    27.4485,    27.7482      
# span 23 =    27.4522,    27.7524      
# span 24 =    34.1691,    34.5210      
# span 25 =    27.4492,    27.7491      
# span 26 =    1446.45,    1454.14      
# span 27 =    1446.46,    1454.11      
# span 28 =    -0.8923,    -0.2079      
# span 29 =  1027.4632,  1029.9543      
# span 30 =    34.3334,    34.6899      
# span 31 = 0.0000e+00, 0.0000e+00      
# interval = decibars: 1                
# start_time = Nov 22 2019 18:35:31 [NMEA time, header]
# bad_flag = -9.990e-29
*END*
[from data line 136]
      20780 326.784685  -62.21306  -58.34256     -1.040    1449.93    325.000    321.627    -0.4933    -0.4943    -0.0010    -0.5041    -0.5051    -0.0010   2.829817   2.830173   0.000325    34.3765    34.3820     6.4956     6.2310    -0.2645    27.6274    27.6319    34.3758    27.6268    1451.31    1451.31    -0.5039  1029.1818    34.5438 0.0000e+00
      20801 326.784695  -62.21306  -58.34256     -1.108    1449.93    324.000    320.638    -0.4939    -0.4934     0.0005    -0.5047    -0.5042     0.0005   2.829768   2.830254   0.000486    34.3767    34.3826     6.5009     6.2299    -0.2710    27.6276    27.6324    34.3764    27.6274    1451.29    1451.30    -0.5045  1029.1776    34.5444 0.0000e+00
      20822 326.784705  -62.21306  -58.34256     -1.148    1449.93    323.000    319.649    -0.4945    -0.4938     0.0007    -0.5053    -0.5046     0.0007   2.829652   2.830125   0.000477    34.3764    34.3821     6.5061     6.2384    -0.2678    27.6274    27.6319    34.3761    27.6272    1451.27    1451.28    -0.5051  1029.1727    34.5441 0.0000e+00
      20843 326.784716  -62.21306  -58.34256     -1.140    1449.93    322.000    318.661    -0.4946    -0.4948    -0.0002    -0.5054    -0.5056    -0.0002   2.829610   2.829980   0.000379    34.3765    34.3818     6.5013     6.2365    -0.2648    27.6275    27.6318    34.3763    27.6273    1451.25    1451.26    -0.5052  1029.1681    34.5443 0.0000e+00
      20866 326.784727  -62.21306  -58.34256     -1.079    1449.93    321.000    317.672    -0.4943    -0.4950    -0.0007    -0.5050    -0.5057    -0.0007   2.829591   2.829925   0.000337    34.3766    34.3819     6.4955     6.2331    -0.2625    27.6275    27.6318    34.3763    27.6273    1451.24    1451.24    -0.5048  1029.1633    34.5444 0.0000e+00
      20892 326.784739  -62.21306  -58.34256     -0.975    1449.93    320.000    316.683    -0.4945    -0.4960    -0.0015    -0.5052    -0.5067    -0.0015   2.829491   2.829783   0.000287    34.3760    34.3816     6.4979     6.2377    -0.2602    27.6271    27.6317    34.3758    27.6269    1451.22    1451.22    -0.5050  1029.1581    34.5438 0.0000e+00
      20919 326.784752  -62.21306  -58.34256     -0.904    1449.93    319.000    315.694    -0.4984    -0.4966     0.0018    -0.5090    -0.5072     0.0018   2.829050   2.829679   0.000608    34.3755    34.3816     6.4980     6.2363    -0.2617    27.6268    27.6317    34.3749    27.6263    1451.19    1451.20    -0.5088  1029.1529    34.5429 0.0000e+00
      20946 326.784765  -62.21306  -58.34256     -0.893    1449.93    318.000    314.705    -0.4995    -0.4986     0.0009    -0.5101    -0.5092     0.0009   2.828915   2.829402   0.000503    34.3754    34.3811     6.5031     6.2409    -0.2622    27.6268    27.6314    34.3749    27.6264    1451.16    1451.18    -0.5099  1029.1482    34.5429 0.0000e+00
      20971 326.784777  -62.21306  -58.34256     -0.924    1449.93    317.000    313.716    -0.5050    -0.5067    -0.0017    -0.5155    -0.5173    -0.0017   2.828265   2.828562   0.000261    34.3747    34.3802     6.5076     6.2440    -0.2636    27.6265    27.6310    34.3731    27.6252    1451.12    1451.12    -0.5153  1029.1423    34.5411 0.0000e+00
      20997 326.784790  -62.21306  -58.34256     -0.943    1449.93    316.000    312.727    -0.5157    -0.5118     0.0039    -0.5261    -0.5223     0.0039   2.827316   2.828037   0.000731    34.3739    34.3794     6.5106     6.2416    -0.2690    27.6263    27.6305    34.3730    27.6255    1451.05    1451.08    -0.5260  1029.1380    34.5410 0.0000e+00
      21021 326.784801  -62.21306  -58.34256     -0.971    1449.93    315.000    311.739    -0.5160    -0.5129     0.0032    -0.5265    -0.5233     0.0032   2.827300   2.827975   0.000675    34.3743    34.3798     6.5112     6.2469    -0.2644    27.6266    27.6309    34.3738    27.6262    1451.04    1451.06    -0.5262  1029.1339    34.5418 0.0000e+00
      21044 326.784812  -62.21306  -58.34256     -1.013    1449.93    314.000    310.750    -0.5229    -0.5218     0.0011    -0.5333    -0.5322     0.0011   2.826276   2.826902   0.000565    34.3714    34.3777     6.5187     6.2494    -0.2692    27.6245    27.6297    34.3684    27.6222    1450.98    1451.00    -0.5331  1029.1252    34.5364 0.0000e+00
      21067 326.784823  -62.21306  -58.34256     -1.041    1449.93    313.000    309.761    -0.5373    -0.5317     0.0056    -0.5476    -0.5420     0.0056   2.824942   2.825899   0.000979    34.3687    34.3754     6.5243     6.2510    -0.2732    27.6230    27.6282    34.3674    27.6220    1450.90    1450.93    -0.5474  1029.1204    34.5354 0.0000e+00
      21091 326.784835  -62.21306  -58.34256     -1.027    1449.93    312.000    308.772    -0.5359    -0.5303     0.0056    -0.5462    -0.5406     0.0056   2.824948   2.826072   0.001063    34.3682    34.3761     6.5246     6.2522    -0.2724    27.6226    27.6288    34.3665    27.6212    1450.89    1450.93    -0.5460  1029.1149    34.5344 0.0000e+00
      21116 326.784847  -62.21306  -58.34257     -0.981    1449.93    311.000    307.783    -0.5429    -0.5433    -0.0004    -0.5531    -0.5535    -0.0004   2.824285   2.824367   0.000213    34.3671    34.3704     6.5374     6.2636    -0.2738    27.6220    27.6247    34.3661    27.6212    1450.84    1450.84    -0.5529  1029.1102    34.5341 0.0000e+00
      21141 326.784859  -62.21306  -58.34258     -0.953    1449.93    310.000    306.794    -0.5453    -0.5480    -0.0027    -0.5554    -0.5581    -0.0027   2.823811   2.824082   0.000236    34.3642    34.3705     6.5578     6.2796    -0.2781    27.6198    27.6249    34.3630    27.6188    1450.81    1450.80    -0.5553  1029.1031    34.5310 0.0000e+00
      21165 326.784871  -62.21306  -58.34258     -0.968    1449.93    309.000    305.805    -0.5443    -0.5442     0.0001    -0.5544    -0.5544     0.0001   2.823876   2.824340   0.000467    34.3642    34.3704     6.5684     6.2848    -0.2836    27.6197    27.6247    34.3634    27.6191    1450.79    1450.80    -0.5542  1029.0986    34.5314 0.0000e+00
      21188 326.784882  -62.21306  -58.34258     -1.011    1449.93    308.000    304.816    -0.5436    -0.5447    -0.0010    -0.5537    -0.5548    -0.0010   2.823745   2.824010   0.000263    34.3628    34.3676     6.5762     6.2961    -0.2801    27.6186    27.6224    34.3615    27.6175    1450.78    1450.78    -0.5535  1029.0923    34.5294 0.0000e+00
      21211 326.784893  -62.21306  -58.34258     -1.049    1449.93    307.000    303.827    -0.5475    -0.5471     0.0004    -0.5576    -0.5572     0.0004   2.823213   2.823683   0.000469    34.3606    34.3664     6.5829     6.3004    -0.2826    27.6169    27.6216    34.3594    27.6160    1450.74    1450.75    -0.5574  1029.0860    34.5273 0.0000e+00
      21234 326.784904  -62.21306  -58.34258     -1.049    1449.93    306.000    302.838    -0.5530    -0.5506     0.0023    -0.5630    -0.5606     0.0023   2.822559   2.823245   0.000676    34.3587    34.3652     6.5850     6.3160    -0.2690    27.6156    27.6208    34.3573    27.6145    1450.70    1450.72    -0.5628  1029.0799    34.5253 0.0000e+00
      21259 326.784916  -62.21306  -58.34258     -1.008    1449.93    305.000    301.849    -0.5567    -0.5563     0.0004    -0.5667    -0.5663     0.0004   2.822126   2.822551   0.000459    34.3576    34.3633     6.5925     6.3234    -0.2692    27.6149    27.6195    34.3564    27.6139    1450.66    1450.67    -0.5665  1029.0746    34.5243 0.0000e+00
      21285 326.784929  -62.21306  -58.34258     -0.946    1449.93    304.000    300.860    -0.5611    -0.5621    -0.0011    -0.5710    -0.5720    -0.0011   2.821643   2.821920   0.000282    34.3563    34.3614     6.6069     6.3291    -0.2778    27.6141    27.6182    34.3554    27.6133    1450.62    1450.63    -0.5708  1029.0693    34.5233 0.0000e+00
      21312 326.784942  -62.21306  -58.34258     -0.898    1449.93    303.000    299.871    -0.5611    -0.5629    -0.0018    -0.5709    -0.5728    -0.0018   2.821614   2.821850   0.000228    34.3565    34.3616     6.6252     6.3371    -0.2882    27.6142    27.6184    34.3556    27.6135    1450.60    1450.61    -0.5708  1029.0647    34.5235 0.0000e+00
      21339 326.784955  -62.21306  -58.34258     -0.883    1449.93    302.000    298.882    -0.5618    -0.5628    -0.0011    -0.5716    -0.5727    -0.0011   2.821449   2.821738   0.000311    34.3558    34.3612     6.6359     6.3500    -0.2859    27.6136    27.6181    34.3548    27.6129    1450.59    1450.59    -0.5714  1029.0593    34.5227 0.0000e+00
      21365 326.784967  -62.21306  -58.34256     -0.906    1449.93    301.000    297.893    -0.5654    -0.5664    -0.0010    -0.5752    -0.5762    -0.0010   2.821004   2.821358   0.000330    34.3546    34.3602     6.6383     6.3641    -0.2742    27.6129    27.6174    34.3536    27.6120    1450.55    1450.55    -0.5750  1029.0538    34.5215 0.0000e+00
      21389 326.784979  -62.21306  -58.34256     -0.953    1449.93    300.000    296.904    -0.5673    -0.5679    -0.0006    -0.5771    -0.5776    -0.0006   2.820785   2.821131   0.000358    34.3543    34.3597     6.6400     6.3711    -0.2688    27.6126    27.6171    34.3534    27.6120    1450.53    1450.53    -0.5769  1029.0490    34.5213 0.0000e+00
      21412 326.784990  -62.21306  -58.34256     -1.024    1449.93    299.000    295.916    -0.5693    -0.5683     0.0010    -0.5790    -0.5780     0.0010   2.820512   2.821068   0.000524    34.3537    34.3596     6.6459     6.3763    -0.2696    27.6123    27.6170    34.3526    27.6114    1450.50    1450.51    -0.5788  1029.0437    34.5205 0.0000e+00
      21433 326.785000  -62.21306  -58.34256     -1.089    1449.93    298.000    294.926    -0.5723    -0.5687     0.0037    -0.5820    -0.5783     0.0037   2.820175   2.820954   0.000783    34.3530    34.3593     6.6546     6.3776    -0.2770    27.6119    27.6168    34.3521    27.6111    1450.47    1450.49    -0.5818  1029.0387    34.5200 0.0000e+00
      21455 326.785011  -62.21306  -58.34257     -1.110    1449.93    297.000    293.938    -0.5749    -0.5744     0.0005    -0.5846    -0.5840     0.0005   2.819795   2.820243   0.000470    34.3518    34.3575     6.6574     6.3748    -0.2826    27.6110    27.6156    34.3505    27.6100    1450.44    1450.45    -0.5843  1029.0328    34.5184 0.0000e+00
      21478 326.785022  -62.21306  -58.34258     -1.087    1449.93    296.000    292.948    -0.5788    -0.5816    -0.0028    -0.5884    -0.5912    -0.0028   2.819276   2.819339   0.000093    34.3498    34.3542     6.6584     6.3798    -0.2786    27.6095    27.6132    34.3485    27.6085    1450.40    1450.39    -0.5882  1029.0266    34.5164 0.0000e+00
      21502 326.785033  -62.21306  -58.34258     -1.029    1449.93    295.000    291.960    -0.5846    -0.5877    -0.0031    -0.5942    -0.5972    -0.0031   2.818486   2.818492   0.000022    34.3465    34.3502     6.6674     6.3884    -0.2789    27.6071    27.6103    34.3451    27.6060    1450.35    1450.34    -0.5939  1029.0194    34.5129 0.0000e+00
      21528 326.785046  -62.21306  -58.34258     -0.955    1449.93    294.000    290.971    -0.5902    -0.5920    -0.0018    -0.5997    -0.6015    -0.0018   2.817646   2.817860   0.000205    34.3425    34.3473     6.6762     6.3904    -0.2858    27.6041    27.6081    34.3408    27.6027    1450.30    1450.30    -0.5995  1029.0114    34.5086 0.0000e+00
      21555 326.785059  -62.21306  -58.34258     -0.903    1449.93    293.000    289.982    -0.5955    -0.5985    -0.0031    -0.6049    -0.6079    -0.0031   2.816926   2.816925   0.000010    34.3389    34.3425     6.6841     6.4010    -0.2831    27.6014    27.6045    34.3376    27.6004    1450.26    1450.25    -0.6047  1029.0044    34.5054 0.0000e+00
      21581 326.785071  -62.21306  -58.34258     -0.906    1449.93    292.000    288.993    -0.5995    -0.5995     0.0001    -0.6089    -0.6089     0.0001   2.816281   2.816767   0.000444    34.3358    34.3417     6.7073     6.4245    -0.2828    27.5991    27.6039    34.3341    27.5978    1450.22    1450.23    -0.6087  1028.9971    34.5019 0.0000e+00
      21604 326.785083  -62.21306  -58.34256     -0.965    1449.93    291.000    288.004    -0.5989    -0.6001    -0.0012    -0.6083    -0.6095    -0.0012   2.816408   2.816660   0.000254    34.3364    34.3412     6.7340     6.4553    -0.2787    27.5996    27.6035    34.3358    27.5991    1450.21    1450.21    -0.6081  1028.9936    34.5035 0.0000e+00
      21627 326.785094  -62.21306  -58.34256     -1.032    1449.93    290.000    287.015    -0.6018    -0.6028    -0.0010    -0.6111    -0.6121    -0.0010   2.815858   2.816135   0.000283    34.3337    34.3386     6.7494     6.4709    -0.2786    27.5975    27.6015    34.3322    27.5963    1450.17    1450.17    -0.6109  1028.9861    34.4999 0.0000e+00
      21650 326.785105  -62.21306  -58.34256     -1.063    1449.93    289.000    286.026    -0.6044    -0.6049    -0.0005    -0.6137    -0.6141    -0.0005   2.815520   2.815867   0.000351    34.3321    34.3374     6.7634     6.4844    -0.2790    27.5963    27.6006    34.3312    27.5956    1450.14    1450.15    -0.6135  1028.9807    34.4989 0.0000e+00
      21674 326.785116  -62.21306  -58.34256     -1.030    1449.93    288.000    285.037    -0.6050    -0.6052    -0.0003    -0.6142    -0.6145    -0.0003   2.815406   2.815796   0.000385    34.3317    34.3372     6.7686     6.4920    -0.2766    27.5960    27.6005    34.3309    27.5954    1450.12    1450.13    -0.6140  1028.9758    34.4987 0.0000e+00
      21700 326.785129  -62.21306  -58.34258     -0.956    1449.93    287.000    284.048    -0.6053    -0.6053     0.0000    -0.6145    -0.6145     0.0000   2.815306   2.815706   0.000397    34.3312    34.3366     6.7732     6.4988    -0.2745    27.5957    27.6000    34.3306    27.5951    1450.11    1450.11    -0.6143  1028.9707    34.4983 0.0000e+00
      21726 326.785141  -62.21306  -58.34256     -0.914    1449.93    286.000    283.059    -0.6051    -0.6050     0.0002    -0.6143    -0.6141     0.0002   2.815247   2.815653   0.000403    34.3307    34.3360     6.7826     6.5041    -0.2785    27.5952    27.5995    34.3302    27.5948    1450.09    1450.10    -0.6141  1028.9656    34.4979 0.0000e+00
      21750 326.785153  -62.21306  -58.34256     -0.955    1449.93    285.000    282.069    -0.6044    -0.6040     0.0003    -0.6135    -0.6132     0.0003   2.815259   2.815666   0.000405    34.3305    34.3355     6.7859     6.5096    -0.2763    27.5950    27.5991    34.3301    27.5947    1450.08    1450.09    -0.6133  1028.9608    34.4978 0.0000e+00
      21772 326.785163  -62.21306  -58.34256     -1.049    1449.93    284.000    281.080    -0.6031    -0.6028     0.0002    -0.6122    -0.6119     0.0002   2.815295   2.815694   0.000398    34.3301    34.3352     6.7876     6.5155    -0.2721    27.5946    27.5988    34.3297    27.5943    1450.07    1450.07    -0.6120  1028.9556    34.4974 0.0000e+00
      21792 326.785173  -62.21306  -58.34257     -1.128    1449.93    283.000    280.091    -0.6032    -0.6034    -0.0002    -0.6123    -0.6125    -0.0002   2.815254   2.815609   0.000365    34.3302    34.3354     6.7922     6.5146    -0.2776    27.5948    27.5989    34.3300    27.5945    1450.05    1450.05    -0.6121  1028.9511    34.4977 0.0000e+00
      21814 326.785184  -62.21306  -58.34257     -1.127    1449.93    282.000    279.102    -0.6037    -0.6038    -0.0001    -0.6127    -0.6128    -0.0001   2.815166   2.815521   0.000343    34.3304    34.3351     6.7924     6.5115    -0.2810    27.5949    27.5987    34.3299    27.5945    1450.03    1450.04    -0.6125  1028.9463    34.4976 0.0000e+00
      21839 326.785196  -62.21306  -58.34256     -1.018    1449.93    281.000    278.113    -0.6040    -0.6037     0.0003    -0.6130    -0.6127     0.0003   2.815048   2.815480   0.000432    34.3296    34.3351     6.7929     6.5121    -0.2809    27.5943    27.5987    34.3293    27.5940    1450.01    1450.02    -0.6128  1028.9411    34.4970 0.0000e+00
