Pos-Processados/process_op38/Processamento_split/up/uoperantar38_002.cnv
* Sea-Bird SBE 9 Data File:
* FileName = D:\OPERANTAR_XXXVIII\DADOS\OP38_002.hdr
* Software Version Seasave V 7.12
* Temperature SN = 4808
* Conductivity SN = 3380
* Number of Bytes Per Scan = 31
* Number of Voltage Words = 2
* Number of Scans Averaged by the Deck Unit = 1
* NMEA Latitude = 38 26.99 S
* NMEA Longitude = 052 53.48 W
* NMEA UTC (Time) = Jan 16 2019 21:21:57
** H41
** NAVIO POLAR ALMIRANTE MAXIMIANO
** CRUZEIRO:
** OPERANTAR XXXVIII
** ESTAวรO: 002
** LAT 38บ 26,99'S
** LONG 052บ 53,46'W
** 09P73767-1155
** PROFUNDIDADE: 4158 m
** DATA/HORA: 162121Z/OUT/2019
** OPERADOR: SO-HN CHAVES
# nquan = 30
# nvalues = 1043                        
# units = specified
# name 0 = scan: Scan Count
# name 1 = timeJ: Julian Days
# name 2 = latitude: Latitude [deg]
# name 3 = longitude: Longitude [deg]
# name 4 = dz/dtM: Descent Rate [m/s]
# name 5 = avgsvCM: Average Sound Velocity [Chen-Millero, m/s]
# name 6 = prDM: Pressure, Digiquartz [db]
# name 7 = depSM: Depth [salt water, m]
# name 8 = t090C: Temperature [ITS-90, deg C]
# name 9 = t190C: Temperature, 2 [ITS-90, deg C]
# name 10 = T2-T190C: Temperature Difference, 2 - 1 [ITS-90, deg C]
# name 11 = potemp090C: Potential Temperature [ITS-90, deg C]
# name 12 = potemp190C: Potential Temperature, 2 [ITS-90, deg C]
# name 13 = potemp90Cdiff: Potential Temperature, Diff, 2 - 1 [ITS-90, deg C]
# name 14 = c0S/m: Conductivity [S/m]
# name 15 = c1S/m: Conductivity, 2 [S/m]
# name 16 = C2-C1S/m: Conductivity Difference, 2 - 1 [S/m]
# name 17 = sal00: Salinity, Practical [PSU]
# name 18 = sal11: Salinity, Practical, 2 [PSU]
# name 19 = sbeox0ML/L: Oxygen, SBE 43 [ml/l]
# name 20 = sigma-้00: Density [sigma-theta, kg/m^3]
# name 21 = sigma-้11: Density, 2 [sigma-theta, kg/m^3]
# name 22 = sal00: Salinity, Practical [PSU]
# name 23 = sigma-้00: Density [sigma-theta, kg/m^3]
# name 24 = svCM: Sound Velocity [Chen-Millero, m/s]
# name 25 = svCM1: Sound Velocity, 2 [Chen-Millero, m/s]
# name 26 = gsw_ptA0: potential temperature [ITS-90, deg C]
# name 27 = gsw_densityA0: density, TEOS-10 [density, kg/m^3]
# name 28 = gsw_saA0: Absolute Salinity [g/kg]
# name 29 = flag:
# span 0 =      35361,      70676       
# span 1 =  16.907295,  16.924326       
# span 2 =  -38.44988,  -38.44984       
# span 3 =  -52.89134,  -52.89132       
# span 4 =     -2.182,     -0.101       
# span 5 =    1497.38,    1497.38       
# span 6 =      3.000,   1045.000       
# span 7 =      2.979,   1034.537       
# span 8 =     4.1782,    15.9559       
# span 9 =     4.1792,    15.9553       
# span 10 =    -0.0794,     0.1105      
# span 11 =     4.0978,    15.9343      
# span 12 =     4.0988,    15.9338      
# span 13 =    -0.0792,     0.1101      
# span 14 =   3.253527,   4.490211      
# span 15 =   3.254036,   4.490815      
# span 16 =  -0.008696,   0.012697      
# span 17 =    34.1924,    35.8772      
# span 18 =    34.1972,    35.8833      
# span 19 =     4.6399,     5.8049      
# span 20 =    26.2302,    27.1741      
# span 21 =    26.2371,    27.1777      
# span 22 =    34.1922,    35.8782      
# span 23 =    26.2305,    27.1744      
# span 24 =    1482.73,    1513.44      
# span 25 =    1482.74,    1513.44      
# span 26 =     4.0976,    15.9343      
# span 27 =  1026.2508,  1031.9807      
# span 28 =    34.3557,    36.0477      
# span 29 = 0.0000e+00, 0.0000e+00      
# interval = decibars: 1                
# start_time = Jan 16 2019 21:21:57 [NMEA time, header]
# bad_flag = -9.990e-29
*END*
[from data line 629]
      51502  16.915080  -38.44986  -52.89134     -1.190    1497.38    416.000    412.456    13.3548    13.3500    -0.0047    13.2959    13.2911    -0.0047   4.188617   4.188258  -0.000084    35.3650    35.3687     5.0855    26.6157    26.6195    35.3710    26.6203    1508.69    1508.67    13.2959  1028.4608    35.5385 0.0000e+00
      51523  16.915090  -38.44986  -52.89134     -1.163    1497.38    415.000    411.465    13.3451    13.3205    -0.0246    13.2863    13.2618    -0.0245   4.186842   4.184053  -0.002619    35.3610    35.3590     5.0838    26.6145    26.6180    35.3637    26.6166    1508.63    1508.54    13.2863  1028.4528    35.5311 0.0000e+00
      51547  16.915101  -38.44986  -52.89134     -1.089    1497.38    414.000    410.475    13.3190    13.2924    -0.0267    13.2605    13.2339    -0.0266   4.183469   4.180627  -0.002843    35.3538    35.3517     5.0829    26.6143    26.6180    35.3563    26.6162    1508.52    1508.43    13.2605  1028.4482    35.5237 0.0000e+00
      51575  16.915115  -38.44986  -52.89134     -0.928    1497.38    413.000    409.484    13.2870    13.2843    -0.0027    13.2288    13.2261    -0.0027   4.178615   4.179357   0.000442    35.3421    35.3488     5.0730    26.6116    26.6174    35.3404    26.6103    1508.38    1508.38    13.2288  1028.4383    35.5077 0.0000e+00
      51606  16.915130  -38.44986  -52.89134     -0.772    1497.38    412.000    408.494    13.2569    13.2690     0.0121    13.1988    13.2109     0.0121   4.174980   4.177099   0.002222    35.3333    35.3431     5.0331    26.6110    26.6161    35.3344    26.6117    1508.25    1508.30    13.1989  1028.4355    35.5016 0.0000e+00
      51634  16.915143  -38.44986  -52.89134     -0.814    1497.38    411.000    407.503    13.2608    13.2635     0.0027    13.2029    13.2056     0.0027   4.175710   4.176806   0.000990    35.3349    35.3417     4.9947    26.6113    26.6161    35.3381    26.6138    1508.26    1508.27    13.2029  1028.4331    35.5054 0.0000e+00
      51656  16.915154  -38.44986  -52.89134     -0.962    1497.38    410.000    406.513    13.2833    13.3103     0.0270    13.2255    13.2524     0.0269   4.178384   4.182522   0.003915    35.3396    35.3516     4.9714    26.6103    26.6142    35.3430    26.6130    1508.32    1508.42    13.2255  1028.4277    35.5103 0.0000e+00
      51676  16.915164  -38.44986  -52.89134     -1.111    1497.38    409.000    405.522    13.3125    13.3386     0.0261    13.2547    13.2807     0.0260   4.181792   4.186071   0.003879    35.3452    35.3577     4.9575    26.6087    26.6131    35.3485    26.6113    1508.40    1508.51    13.2548  1028.4214    35.5159 0.0000e+00
      51694  16.915172  -38.44986  -52.89134     -1.243    1497.38    408.000    404.532    13.3389    13.3796     0.0407    13.2812    13.3218     0.0406   4.185538   4.190851   0.005518    35.3520    35.3665     4.9573    26.6086    26.6115    35.3599    26.6148    1508.49    1508.64    13.2812  1028.4202    35.5273 0.0000e+00
      51711  16.915181  -38.44986  -52.89134     -1.341    1497.38    407.000    403.541    13.3739    13.3970     0.0231    13.3162    13.3392     0.0230   4.189661   4.192829   0.003366    35.3597    35.3700     4.9636    26.6074    26.6107    35.3669    26.6130    1508.60    1508.68    13.3162  1028.4138    35.5343 0.0000e+00
      51730  16.915189  -38.44986  -52.89134     -1.357    1497.38    406.000    402.551    13.4023    13.4107     0.0084    13.3447    13.3531     0.0084   4.192623   4.194300   0.001670    35.3648    35.3727     4.9758    26.6055    26.6099    35.3690    26.6088    1508.68    1508.71    13.3447  1028.4049    35.5364 0.0000e+00
      51751  16.915200  -38.44986  -52.89134     -1.256    1497.38    405.000    401.560    13.4034    13.4168     0.0133    13.3460    13.3592     0.0133   4.192752   4.194997   0.002287    35.3655    35.3748     4.9896    26.6058    26.6103    35.3696    26.6090    1508.66    1508.72    13.3460  1028.4007    35.5370 0.0000e+00
      51777  16.915212  -38.44986  -52.89134     -1.027    1497.38    404.000    400.569    13.4051    13.4117     0.0066    13.3477    13.3543     0.0066   4.192391   4.193999   0.001543    35.3643    35.3728     4.9883    26.6045    26.6097    35.3651    26.6051    1508.65    1508.68    13.3478  1028.3924    35.5325 0.0000e+00
      51803  16.915225  -38.44986  -52.89134     -0.895    1497.38    403.000    399.579    13.3819    13.3876     0.0057    13.3248    13.3305     0.0057   4.189596   4.190735   0.001361    35.3587    35.3663     4.9888    26.6049    26.6096    35.3606    26.6063    1508.55    1508.57    13.3248  1028.3895    35.5279 0.0000e+00
      51827  16.915236  -38.44986  -52.89134     -0.958    1497.38    402.000    398.588    13.3802    13.3945     0.0143    13.3232    13.3375     0.0142   4.189329   4.192451   0.002497    35.3585    35.3688     4.9798    26.6050    26.6101    35.3601    26.6063    1508.53    1508.59    13.3232  1028.3850    35.5274 0.0000e+00
      51849  16.915247  -38.44986  -52.89134     -1.061    1497.38    401.000    397.598    13.4107    13.4768     0.0662    13.3537    13.4197     0.0660   4.193892   4.202386   0.008473    35.3672    35.3859     4.9582    26.6055    26.6065    35.3753    26.6118    1508.63    1508.87    13.3538  1028.3859    35.5428 0.0000e+00
      51874  16.915259  -38.44986  -52.89134     -1.011    1497.38    400.000    396.607    13.4732    13.5094     0.0362    13.4163    13.4524     0.0361   4.201065   4.205331   0.004828    35.3778    35.3898     4.9430    26.6009    26.6028    35.3855    26.6068    1508.83    1508.96    13.4163  1028.3760    35.5530 0.0000e+00
      51907  16.915275  -38.44986  -52.89134     -0.765    1497.38    399.000    395.617    13.5508    13.4714    -0.0794    13.4938    13.4146    -0.0792   4.210333   4.201506  -0.008696    35.3946    35.3862     4.9593    26.5979    26.6077    35.4015    26.6032    1509.09    1508.81    13.4938  1028.3674    35.5690 0.0000e+00
      51936  16.915289  -38.44986  -52.89134     -0.764    1497.38    398.000    394.626    13.5597    13.5457    -0.0141    13.5028    13.4888    -0.0140   4.210988   4.210327  -0.000864    35.3955    35.4004     4.9874    26.5968    26.6034    35.3998    26.6001    1509.09    1509.06    13.5028  1028.3598    35.5673 0.0000e+00
      51956  16.915298  -38.44987  -52.89134     -0.998    1497.38    397.000    393.635    13.5545    13.5444    -0.0101    13.4978    13.4877    -0.0101   4.209687   4.208914  -0.000760    35.3924    35.3946     4.9904    26.5954    26.5992    35.3928    26.5957    1509.05    1509.02    13.4978  1028.3511    35.5603 0.0000e+00
      51973  16.915307  -38.44988  -52.89134     -1.237    1497.38    396.000    392.645    13.5310    13.5249    -0.0061    13.4745    13.4683    -0.0061   4.206673   4.206442  -0.000240    35.3856    35.3890     4.9885    26.5949    26.5988    35.3866    26.5957    1508.95    1508.94    13.4745  1028.3469    35.5541 0.0000e+00
      51989  16.915314  -38.44988  -52.89134     -1.404    1497.38    395.000    391.654    13.5233    13.5186    -0.0046    13.4669    13.4622    -0.0046   4.205650   4.205618  -0.000007    35.3833    35.3875     4.9832    26.5947    26.5989    35.3845    26.5956    1508.91    1508.90    13.4669  1028.3425    35.5520 0.0000e+00
      52005  16.915322  -38.44987  -52.89134     -1.465    1497.38    394.000    390.664    13.5126    13.5094    -0.0032    13.4564    13.4532    -0.0032   4.204123   4.204391   0.000259    35.3796    35.3850     4.9710    26.5940    26.5989    35.3804    26.5946    1508.85    1508.85    13.4564  1028.3372    35.5479 0.0000e+00
      52025  16.915332  -38.44986  -52.89134     -1.357    1497.38    393.000    389.673    13.5032    13.5033     0.0001    13.4472    13.4473     0.0001   4.202805   4.203441   0.000676    35.3769    35.3832     4.9511    26.5938    26.5987    35.3771    26.5940    1508.80    1508.81    13.4472  1028.3322    35.5445 0.0000e+00
      52050  16.915344  -38.44986  -52.89134     -1.107    1497.38    392.000    388.683    13.4942    13.4883    -0.0059    13.4384    13.4325    -0.0059   4.201511   4.201523  -0.000083    35.3744    35.3791     4.9386    26.5937    26.5986    35.3736    26.5931    1508.75    1508.74    13.4384  1028.3270    35.5410 0.0000e+00
      52075  16.915356  -38.44986  -52.89134     -0.952    1497.38    391.000    387.692    13.4732    13.4779     0.0047    13.4176    13.4222     0.0047   4.198652   4.199889   0.001277    35.3678    35.3754     4.9369    26.5928    26.5978    35.3665    26.5919    1508.66    1508.68    13.4175  1028.3216    35.5339 0.0000e+00
      52099  16.915367  -38.44986  -52.89134     -0.979    1497.38    390.000    386.701    13.4587    13.4590     0.0003    13.4032    13.4035     0.0003   4.196899   4.197628   0.000715    35.3644    35.3709     4.9279    26.5932    26.5982    35.3638    26.5928    1508.59    1508.60    13.4032  1028.3182    35.5312 0.0000e+00
      52123  16.915379  -38.44986  -52.89134     -1.003    1497.38    389.000    385.711    13.4562    13.4546    -0.0016    13.4009    13.3993    -0.0016   4.196597   4.196998   0.000412    35.3642    35.3696     4.9248    26.5935    26.5980    35.3637    26.5931    1508.56    1508.57    13.4009  1028.3142    35.5311 0.0000e+00
      52153  16.915393  -38.44986  -52.89134     -0.869    1497.38    388.000    384.720    13.4500    13.4496    -0.0004    13.3949    13.3944    -0.0004   4.195689   4.196344   0.000614    35.3623    35.3685     4.9170    26.5933    26.5982    35.3613    26.5925    1508.52    1508.53    13.3949  1028.3092    35.5286 0.0000e+00
      52185  16.915409  -38.44986  -52.89134     -0.745    1497.38    387.000    383.730    13.4345    13.4463     0.0118    13.3795    13.3913     0.0118   4.193425   4.195650   0.002210    35.3566    35.3665     4.9141    26.5921    26.5973    35.3547    26.5906    1508.45    1508.50    13.3795  1028.3030    35.5220 0.0000e+00
      52209  16.915421  -38.44986  -52.89134     -0.864    1497.38    386.000    382.739    13.4235    13.4222    -0.0014    13.3688    13.3674    -0.0014   4.192065   4.192317   0.000348    35.3540    35.3586     4.9284    26.5923    26.5961    35.3524    26.5910    1508.39    1508.39    13.3688  1028.2991    35.5197 0.0000e+00
      52229  16.915430  -38.44986  -52.89134     -1.062    1497.38    385.000    381.748    13.4164    13.4139    -0.0025    13.3618    13.3593    -0.0025   4.191083   4.191422   0.000335    35.3517    35.3571     4.9129    26.5918    26.5965    35.3502    26.5907    1508.35    1508.35    13.3618  1028.2945    35.5174 0.0000e+00
      52248  16.915439  -38.44986  -52.89134     -1.216    1497.38    384.000    380.758    13.4135    13.4125    -0.0010    13.3590    13.3580    -0.0010   4.190689   4.191318   0.000547    35.3507    35.3568     4.9058    26.5917    26.5966    35.3496    26.5908    1508.32    1508.33    13.3590  1028.2902    35.5169 0.0000e+00
      52266  16.915448  -38.44986  -52.89134     -1.316    1497.38    383.000    379.767    13.4156    13.4220     0.0064    13.3613    13.3676     0.0064   4.191014   4.192596   0.001449    35.3513    35.3591     4.9119    26.5917    26.5964    35.3510    26.5915    1508.32    1508.35    13.3613  1028.2864    35.5183 0.0000e+00
      52285  16.915457  -38.44986  -52.89134     -1.317    1497.38    382.000    378.776    13.4198    13.4318     0.0120    13.3656    13.3776     0.0119   4.191504   4.193548   0.002074    35.3522    35.3607     4.9135    26.5915    26.5956    35.3522    26.5915    1508.32    1508.37    13.3656  1028.2820    35.5195 0.0000e+00
      52305  16.915467  -38.44986  -52.89134     -1.239    1497.38    381.000    377.786    13.4304    13.4368     0.0064    13.3763    13.3827     0.0064   4.192797   4.194151   0.001340    35.3544    35.3611     4.9076    26.5910    26.5948    35.3551    26.5915    1508.34    1508.37    13.3763  1028.2776    35.5224 0.0000e+00
      52327  16.915477  -38.44986  -52.89134     -1.154    1497.38    380.000    376.795    13.4414    13.4534     0.0120    13.3874    13.3993     0.0119   4.194022   4.196210   0.002035    35.3557    35.3638     4.9083    26.5897    26.5935    35.3569    26.5906    1508.36    1508.41    13.3874  1028.2722    35.5242 0.0000e+00
      52350  16.915488  -38.44986  -52.89134     -1.075    1497.38    379.000    375.804    13.4791    13.5009     0.0217    13.4252    13.4469     0.0217   4.199369   4.202428   0.003125    35.3653    35.3746     4.9120    26.5894    26.5921    35.3728    26.5952    1508.49    1508.57    13.4252  1028.2720    35.5402 0.0000e+00
      52373  16.915500  -38.44986  -52.89134     -1.033    1497.38    378.000    374.814    13.5370    13.5647     0.0277    13.4830    13.5106     0.0276   4.205731   4.209915   0.003926    35.3748    35.3861     4.9194    26.5848    26.5879    35.3796    26.5885    1508.67    1508.77    13.4831  1028.2606    35.5471 0.0000e+00
      52396  16.915511  -38.44986  -52.89134     -1.038    1497.38    377.000    373.823    13.5715    13.6015     0.0300    13.5177    13.5475     0.0299   4.209999   4.214421   0.004285    35.3821    35.3947     4.9285    26.5833    26.5869    35.3883    26.5881    1508.77    1508.89    13.5176  1028.2555    35.5558 0.0000e+00
      52419  16.915522  -38.44986  -52.89134     -1.038    1497.38    376.000    372.832    13.6015    13.6385     0.0370    13.5477    13.5846     0.0369   4.213596   4.218538   0.004982    35.3896    35.4022     4.9182    26.5829    26.5850    35.3948    26.5869    1508.86    1509.00    13.5477  1028.2497    35.5623 0.0000e+00
      52446  16.915535  -38.44986  -52.89134     -0.949    1497.38    375.000    371.842    13.6318    13.6438     0.0119    13.5781    13.5900     0.0119   4.217295   4.219113   0.002012    35.3961    35.4040     4.9106    26.5817    26.5853    35.4020    26.5862    1508.95    1509.00    13.5781  1028.2443    35.5695 0.0000e+00
      52478  16.915550  -38.44986  -52.89134     -0.780    1497.38    374.000    370.851    13.6729    13.6516    -0.0213    13.6192    13.5980    -0.0212   4.222322   4.220114  -0.001976    35.4053    35.4064     4.9071    26.5802    26.5855    35.4117    26.5852    1509.08    1509.01    13.6192  1028.2386    35.5793 0.0000e+00
      52507  16.915564  -38.44986  -52.89134     -0.777    1497.38    373.000    369.860    13.7181    13.7125    -0.0055    13.6644    13.6589    -0.0055   4.228141   4.228823   0.000107    35.4176    35.4237     4.9087    26.5803    26.5862    35.4250    26.5861    1509.23    1509.23    13.6644  1028.2348    35.5926 0.0000e+00
      52528  16.915574  -38.44986  -52.89134     -0.966    1497.38    372.000    368.870    13.7554    13.7854     0.0300    13.7018    13.7317     0.0299   4.232646   4.236781   0.004157    35.4236    35.4349     4.9249    26.5772    26.5797    35.4332    26.5846    1509.35    1509.46    13.7018  1028.2287    35.6009 0.0000e+00
      52546  16.915583  -38.44986  -52.89134     -1.183    1497.38    371.000    367.879    13.8012    13.8595     0.0583    13.7476    13.8057     0.0581   4.238271   4.247475   0.008052    35.4336    35.4552     4.9329    26.5754    26.5799    35.4440    26.5834    1509.49    1509.72    13.7476  1028.2227    35.6117 0.0000e+00
      52563  16.915591  -38.44986  -52.89134     -1.348    1497.38    370.000    366.888    13.8956    13.9946     0.0990    13.8419    13.9406     0.0987   4.251195   4.264386   0.012697    35.4567    35.4841     4.9253    26.5735    26.5739    35.4783    26.5902    1509.82    1510.18    13.8418  1028.2244    35.6462 0.0000e+00
