Pos-Processados/process_op38/Processamento_split/up/uoperantar38_007.cnv
* Sea-Bird SBE 9 Data File:
* FileName = D:\OPERANTAR_XXXVIII\DADOS\OP38_007.hdr
* Software Version Seasave V 7.18c
* Temperature SN = 4808
* Conductivity SN = 3380
* Number of Bytes Per Scan = 31
* Number of Voltage Words = 2
* Number of Scans Averaged by the Deck Unit = 1
* NMEA Latitude = 44 52.70 S
* NMEA Longitude = 051 46.25 W
* NMEA UTC (Time) = Oct 19 2019 21:28:45
** H41
** NAVIO POLAR ALMIRANTE MAXIMIANO
** CRUZEIRO:
** OPERANTAR XXXVIII
** ESTAÇÃO: OP38_007
** LAT 44 52,70' S
** LONG 051 46,27' W
** 09P73767-1155
** PROFUNDIDADE: 5881
** DATA/HORA: 192130Z/OUT/2019
** OPERADOR: SO-HN CHAVES
# nquan = 30
# nvalues = 1069                        
# units = specified
# name 0 = scan: Scan Count
# name 1 = timeJ: Julian Days
# name 2 = latitude: Latitude [deg]
# name 3 = longitude: Longitude [deg]
# name 4 = dz/dtM: Descent Rate [m/s]
# name 5 = avgsvCM: Average Sound Velocity [Chen-Millero, m/s]
# name 6 = prDM: Pressure, Digiquartz [db]
# name 7 = depSM: Depth [salt water, m]
# name 8 = t090C: Temperature [ITS-90, deg C]
# name 9 = t190C: Temperature, 2 [ITS-90, deg C]
# name 10 = T2-T190C: Temperature Difference, 2 - 1 [ITS-90, deg C]
# name 11 = potemp090C: Potential Temperature [ITS-90, deg C]
# name 12 = potemp190C: Potential Temperature, 2 [ITS-90, deg C]
# name 13 = potemp90Cdiff: Potential Temperature, Diff, 2 - 1 [ITS-90, deg C]
# name 14 = c0S/m: Conductivity [S/m]
# name 15 = c1S/m: Conductivity, 2 [S/m]
# name 16 = C2-C1S/m: Conductivity Difference, 2 - 1 [S/m]
# name 17 = sal00: Salinity, Practical [PSU]
# name 18 = sal11: Salinity, Practical, 2 [PSU]
# name 19 = sbeox0ML/L: Oxygen, SBE 43 [ml/l]
# name 20 = sigma-é00: Density [sigma-theta, kg/m^3]
# name 21 = sigma-é11: Density, 2 [sigma-theta, kg/m^3]
# name 22 = sal00: Salinity, Practical [PSU]
# name 23 = sigma-é00: Density [sigma-theta, kg/m^3]
# name 24 = svCM: Sound Velocity [Chen-Millero, m/s]
# name 25 = svCM1: Sound Velocity, 2 [Chen-Millero, m/s]
# name 26 = gsw_ptA0: potential temperature [ITS-90, deg C]
# name 27 = gsw_densityA0: density, TEOS-10 [density, kg/m^3]
# name 28 = gsw_saA0: Absolute Salinity [g/kg]
# name 29 = flag:
# span 0 =      32178,      69557       
# span 1 = 292.910483, 292.928509       
# span 2 =  -44.87836,  -44.87832       
# span 3 =  -51.77096,  -51.77092       
# span 4 =     -1.749,     -0.095       
# span 5 =    1474.80,    1474.80       
# span 6 =      3.000,   1071.000       
# span 7 =      2.987,   1059.589       
# span 8 =     2.7695,     9.7519       
# span 9 =     2.7703,     9.7533       
# span 10 =    -0.1467,     0.0490      
# span 11 =     2.7060,     9.7514      
# span 12 =     2.7067,     9.7523      
# span 13 =    -0.1466,     0.0487      
# span 14 =   3.131096,   3.750973      
# span 15 =   3.131612,   3.751782      
# span 16 =  -0.014045,   0.005064      
# span 17 =    34.0975,    34.6405      
# span 18 =    34.1035,    34.6467      
# span 19 =     4.0736,     6.5747      
# span 20 =    26.7125,    27.4700      
# span 21 =    26.7169,    27.4742      
# span 22 =    34.0983,    34.6428      
# span 23 =    26.7135,    27.4700      
# span 24 =    1471.04,    1488.67      
# span 25 =    1471.06,    1488.66      
# span 26 =     2.7059,     9.7514      
# span 27 =  1026.7299,  1032.4322      
# span 28 =    34.2597,    34.8064      
# span 29 = 0.0000e+00, 0.0000e+00      
# interval = decibars: 1                
# start_time = Oct 19 2019 21:28:45 [NMEA time, header]
# bad_flag = -9.990e-29
*END*
[from data line 629]
      47600 292.917920  -44.87834  -51.77094     -0.689    1474.80    442.000    437.949     3.6349     3.6324    -0.0025     3.6048     3.6024    -0.0025   3.170637   3.171055   0.000400    34.1348    34.1422     5.9737    27.1375    27.1436    34.1363    27.1387    1471.22    1471.22     3.6048  1029.1926    34.2985 0.0000e+00
      47634 292.917936  -44.87834  -51.77094     -0.665    1474.80    441.000    436.959     3.6342     3.6339    -0.0003     3.6042     3.6040    -0.0003   3.170370   3.170970   0.000602    34.1334    34.1408     5.9912    27.1364    27.1424    34.1344    27.1372    1471.20    1471.20     3.6042  1029.1865    34.2965 0.0000e+00
      47660 292.917949  -44.87834  -51.77094     -0.840    1474.80    440.000    435.970     3.6343     3.6352     0.0008     3.6044     3.6053     0.0008   3.170313   3.170889   0.000570    34.1331    34.1391     6.0015    27.1362    27.1409    34.1341    27.1370    1471.18    1471.19     3.6044  1029.1817    34.2962 0.0000e+00
      47682 292.917960  -44.87834  -51.77094     -1.002    1474.80    439.000    434.980     3.6341     3.6364     0.0023     3.6043     3.6065     0.0022   3.170277   3.170940   0.000657    34.1335    34.1390     6.0183    27.1365    27.1407    34.1344    27.1372    1471.16    1471.18     3.6043  1029.1773    34.2965 0.0000e+00
      47702 292.917969  -44.87834  -51.77094     -1.132    1474.80    438.000    433.990     3.6365     3.6390     0.0024     3.6068     3.6092     0.0024   3.170415   3.171095   0.000677    34.1331    34.1386     6.0234    27.1359    27.1401    34.1341    27.1367    1471.16    1471.17     3.6067  1029.1722    34.2962 0.0000e+00
      47720 292.917978  -44.87834  -51.77094     -1.242    1474.80    437.000    433.000     3.6391     3.6416     0.0024     3.6095     3.6119     0.0024   3.170578   3.171283   0.000703    34.1327    34.1386     6.0312    27.1354    27.1398    34.1338    27.1363    1471.15    1471.17     3.6094  1029.1670    34.2959 0.0000e+00
      47738 292.917986  -44.87834  -51.77094     -1.319    1474.80    436.000    432.010     3.6419     3.6432     0.0013     3.6123     3.6136     0.0013   3.170742   3.171338   0.000603    34.1324    34.1383     6.0369    27.1349    27.1394    34.1334    27.1356    1471.15    1471.16     3.6123  1029.1617    34.2955 0.0000e+00
      47755 292.917995  -44.87834  -51.77094     -1.354    1474.80    435.000    431.021     3.6439     3.6460     0.0021     3.6144     3.6165     0.0021   3.170861   3.171568   0.000674    34.1323    34.1381     6.0370    27.1345    27.1390    34.1332    27.1353    1471.14    1471.15     3.6143  1029.1568    34.2953 0.0000e+00
      47774 292.918004  -44.87834  -51.77094     -1.349    1474.80    434.000    430.030     3.6501     3.6533     0.0032     3.6207     3.6238     0.0032   3.171449   3.172189   0.000748    34.1326    34.1381     6.0347    27.1342    27.1383    34.1343    27.1356    1471.15    1471.17     3.6206  1029.1523    34.2964 0.0000e+00
      47794 292.918014  -44.87834  -51.77094     -1.260    1474.80    433.000    429.041     3.6587     3.6610     0.0023     3.6292     3.6315     0.0023   3.172132   3.172825   0.000686    34.1325    34.1383     6.0283    27.1333    27.1376    34.1341    27.1345    1471.17    1471.18     3.6292  1029.1466    34.2962 0.0000e+00
      47821 292.918027  -44.87834  -51.77092     -1.018    1474.80    432.000    428.051     3.6695     3.6671    -0.0024     3.6401     3.6377    -0.0024   3.173142   3.173294   0.000233    34.1331    34.1383     6.0387    27.1327    27.1371    34.1354    27.1345    1471.20    1471.19     3.6400  1029.1418    34.2975 0.0000e+00
      47852 292.918042  -44.87834  -51.77092     -0.784    1474.80    431.000    427.061     3.6864     3.6755    -0.0110     3.6570     3.6461    -0.0109   3.174639   3.174142  -0.000488    34.1338    34.1394     6.0490    27.1316    27.1371    34.1361    27.1334    1471.25    1471.21     3.6569  1029.1359    34.2982 0.0000e+00
      47882 292.918056  -44.87834  -51.77094     -0.787    1474.80    430.000    426.071     3.6932     3.6879    -0.0053     3.6638     3.6586    -0.0053   3.175206   3.175183  -0.000006    34.1341    34.1396     6.0533    27.1312    27.1360    34.1363    27.1329    1471.27    1471.25     3.6638  1029.1307    34.2984 0.0000e+00
      47909 292.918069  -44.87834  -51.77094     -0.868    1474.80    429.000    425.081     3.7021     3.7001    -0.0020     3.6728     3.6708    -0.0020   3.175898   3.176266   0.000330    34.1343    34.1403     6.0566    27.1304    27.1354    34.1358    27.1316    1471.29    1471.29     3.6727  1029.1247    34.2979 0.0000e+00
      47934 292.918081  -44.87834  -51.77094     -0.924    1474.80    428.000    424.092     3.7067     3.7051    -0.0017     3.6775     3.6758    -0.0017   3.176376   3.176692   0.000330    34.1349    34.1406     6.0462    27.1304    27.1351    34.1372    27.1323    1471.29    1471.29     3.6774  1029.1207    34.2993 0.0000e+00
      47957 292.918092  -44.87834  -51.77094     -0.996    1474.80    427.000    423.102     3.7148     3.7162     0.0013     3.6856     3.6870     0.0013   3.177011   3.177642   0.000612    34.1349    34.1408     6.0389    27.1297    27.1343    34.1368    27.1312    1471.31    1471.32     3.6855  1029.1148    34.2989 0.0000e+00
      47977 292.918102  -44.87834  -51.77092     -1.100    1474.80    426.000    422.112     3.7192     3.7215     0.0023     3.6901     3.6923     0.0023   3.177285   3.177952   0.000655    34.1343    34.1398     6.0443    27.1287    27.1329    34.1361    27.1301    1471.31    1471.33     3.6900  1029.1091    34.2982 0.0000e+00
      47996 292.918111  -44.87834  -51.77092     -1.199    1474.80    425.000    421.122     3.7224     3.7225     0.0002     3.6933     3.6934     0.0002   3.177415   3.177860   0.000445    34.1335    34.1387     6.0528    27.1278    27.1319    34.1348    27.1288    1471.31    1471.31     3.6932  1029.1032    34.2969 0.0000e+00
      48015 292.918120  -44.87834  -51.77093     -1.258    1474.80    424.000    420.132     3.7222     3.7223     0.0001     3.6932     3.6932     0.0001   3.177271   3.177756   0.000478    34.1327    34.1383     6.0494    27.1271    27.1316    34.1338    27.1280    1471.29    1471.29     3.6931  1029.0978    34.2959 0.0000e+00
      48035 292.918130  -44.87834  -51.77094     -1.257    1474.80    423.000    419.142     3.7221     3.7228     0.0007     3.6932     3.6939     0.0007   3.177168   3.177706   0.000536    34.1321    34.1378     6.0417    27.1267    27.1311    34.1332    27.1275    1471.27    1471.28     3.6931  1029.0926    34.2953 0.0000e+00
      48055 292.918140  -44.87834  -51.77094     -1.203    1474.80    422.000    418.153     3.7230     3.7241     0.0010     3.6941     3.6952     0.0010   3.177168   3.177748   0.000568    34.1317    34.1374     6.0404    27.1263    27.1307    34.1328    27.1271    1471.26    1471.27     3.6941  1029.0876    34.2949 0.0000e+00
      48077 292.918150  -44.87834  -51.77094     -1.157    1474.80    421.000    417.163     3.7252     3.7275     0.0023     3.6964     3.6987     0.0023   3.177288   3.177977   0.000678    34.1314    34.1371     6.0490    27.1257    27.1301    34.1325    27.1267    1471.25    1471.27     3.6963  1029.0825    34.2946 0.0000e+00
      48098 292.918160  -44.87834  -51.77092     -1.120    1474.80    420.000    416.173     3.7278     3.7297     0.0019     3.6991     3.7009     0.0019   3.177439   3.178081   0.000638    34.1310    34.1367     6.0585    27.1252    27.1295    34.1321    27.1261    1471.24    1471.26     3.6990  1029.0772    34.2941 0.0000e+00
      48120 292.918171  -44.87834  -51.77092     -1.102    1474.80    419.000    415.183     3.7307     3.7332     0.0025     3.7020     3.7045     0.0025   3.177620   3.178360   0.000731    34.1307    34.1368     6.0692    27.1247    27.1293    34.1318    27.1256    1471.24    1471.26     3.7019  1029.0721    34.2939 0.0000e+00
      48143 292.918182  -44.87834  -51.77092     -1.083    1474.80    418.000    414.193     3.7367     3.7393     0.0026     3.7081     3.7107     0.0025   3.178153   3.178896   0.000719    34.1308    34.1367     6.0674    27.1241    27.1285    34.1324    27.1254    1471.25    1471.27     3.7080  1029.0672    34.2944 0.0000e+00
      48168 292.918194  -44.87834  -51.77092     -1.000    1474.80    417.000    413.203     3.7438     3.7469     0.0031     3.7152     3.7183     0.0031   3.178736   3.179442   0.000738    34.1310    34.1365     6.0680    27.1236    27.1277    34.1325    27.1248    1471.26    1471.28     3.7151  1029.0619    34.2945 0.0000e+00
      48199 292.918209  -44.87834  -51.77094     -0.835    1474.80    416.000    412.213     3.7498     3.7487    -0.0012     3.7213     3.7201    -0.0012   3.179126   3.179546   0.000422    34.1302    34.1364     6.0817    27.1224    27.1274    34.1313    27.1232    1471.27    1471.27     3.7212  1029.0557    34.2934 0.0000e+00
      48228 292.918223  -44.87834  -51.77094     -0.783    1474.80    415.000    411.223     3.7515     3.7504    -0.0010     3.7230     3.7220    -0.0010   3.179170   3.179631   0.000453    34.1298    34.1362     6.0839    27.1219    27.1271    34.1307    27.1226    1471.26    1471.26     3.7229  1029.0504    34.2927 0.0000e+00
      48250 292.918233  -44.87834  -51.77094     -0.938    1474.80    414.000    410.233     3.7519     3.7528     0.0009     3.7235     3.7244     0.0009   3.179191   3.179774   0.000580    34.1300    34.1360     6.0832    27.1220    27.1267    34.1310    27.1227    1471.24    1471.25     3.7235  1029.0459    34.2930 0.0000e+00
      48268 292.918242  -44.87834  -51.77092     -1.159    1474.80    413.000    409.243     3.7534     3.7561     0.0028     3.7250     3.7278     0.0028   3.179246   3.180032   0.000763    34.1298    34.1359     6.0892    27.1217    27.1263    34.1307    27.1224    1471.23    1471.25     3.7250  1029.0409    34.2927 0.0000e+00
      48284 292.918250  -44.87834  -51.77092     -1.339    1474.80    412.000    408.253     3.7582     3.7610     0.0029     3.7299     3.7327     0.0028   3.179743   3.180485   0.000747    34.1304    34.1363     6.0871    27.1216    27.1261    34.1321    27.1230    1471.24    1471.26     3.7298  1029.0369    34.2942 0.0000e+00
      48301 292.918258  -44.87834  -51.77092     -1.442    1474.80    411.000    407.264     3.7629     3.7658     0.0028     3.7347     3.7375     0.0028   3.180046   3.180832   0.000774    34.1302    34.1364     6.0867    27.1210    27.1257    34.1313    27.1219    1471.24    1471.26     3.7346  1029.0311    34.2933 0.0000e+00
      48318 292.918266  -44.87834  -51.77092     -1.435    1474.80    410.000    406.273     3.7657     3.7677     0.0019     3.7376     3.7395     0.0019   3.180276   3.180926   0.000667    34.1305    34.1364     6.0929    27.1210    27.1255    34.1316    27.1219    1471.24    1471.25     3.7375  1029.0264    34.2937 0.0000e+00
      48339 292.918277  -44.87834  -51.77094     -1.284    1474.80    409.000    405.284     3.7685     3.7702     0.0017     3.7404     3.7421     0.0017   3.180486   3.181156   0.000658    34.1306    34.1367     6.0958    27.1208    27.1254    34.1318    27.1217    1471.23    1471.25     3.7403  1029.0216    34.2938 0.0000e+00
      48364 292.918288  -44.87834  -51.77092     -1.066    1474.80    408.000    404.294     3.7747     3.7762     0.0015     3.7466     3.7481     0.0015   3.181023   3.181624   0.000619    34.1308    34.1367     6.0980    27.1204    27.1248    34.1322    27.1215    1471.24    1471.26     3.7466  1029.0166    34.2943 0.0000e+00
      48388 292.918300  -44.87834  -51.77092     -0.986    1474.80    407.000    403.304     3.7828     3.7823    -0.0005     3.7548     3.7543    -0.0005   3.181720   3.182181   0.000455    34.1308    34.1367     6.0943    27.1195    27.1243    34.1326    27.1209    1471.26    1471.27     3.7547  1029.0114    34.2946 0.0000e+00
      48410 292.918311  -44.87834  -51.77092     -1.031    1474.80    406.000    402.314     3.7910     3.7957     0.0047     3.7631     3.7678     0.0047   3.182371   3.183407   0.000953    34.1304    34.1368     6.0905    27.1183    27.1230    34.1323    27.1199    1471.28    1471.31     3.7630  1029.0056    34.2943 0.0000e+00
      48432 292.918321  -44.87834  -51.77092     -1.075    1474.80    405.000    401.324     3.8079     3.8167     0.0088     3.7799     3.7887     0.0088   3.184078   3.185303   0.001223    34.1321    34.1375     6.0929    27.1181    27.1214    34.1356    27.1208    1471.34    1471.38     3.7799  1029.0018    34.2976 0.0000e+00
      48458 292.918334  -44.87834  -51.77092     -1.019    1474.80    404.000    400.334     3.8220     3.8257     0.0037     3.7941     3.7977     0.0036   3.185136   3.185895   0.000831    34.1317    34.1378     6.0938    27.1163    27.1207    34.1340    27.1182    1471.38    1471.40     3.7940  1028.9943    34.2961 0.0000e+00
      48488 292.918348  -44.87834  -51.77094     -0.825    1474.80    403.000    399.344     3.8283     3.8254    -0.0029     3.8005     3.7976    -0.0029   3.185466   3.185850   0.000349    34.1305    34.1377     6.0963    27.1147    27.1207    34.1319    27.1158    1471.38    1471.38     3.8004  1028.9873    34.2939 0.0000e+00
      48516 292.918362  -44.87834  -51.77094     -0.810    1474.80    402.000    398.354     3.8273     3.8289     0.0015     3.7995     3.8011     0.0015   3.185338   3.186036   0.000690    34.1304    34.1370     6.0898    27.1147    27.1198    34.1319    27.1159    1471.36    1471.38     3.7995  1028.9828    34.2939 0.0000e+00
      48539 292.918373  -44.87834  -51.77094     -0.959    1474.80    401.000    397.364     3.8302     3.8350     0.0048     3.8024     3.8072     0.0048   3.185609   3.186550   0.000946    34.1309    34.1371     6.0879    27.1148    27.1193    34.1327    27.1162    1471.36    1471.39     3.8024  1028.9785    34.2947 0.0000e+00
      48560 292.918383  -44.87834  -51.77094     -1.093    1474.80    400.000    396.374     3.8360     3.8376     0.0017     3.8083     3.8099     0.0016   3.186032   3.186685   0.000652    34.1310    34.1370     6.0940    27.1143    27.1190    34.1322    27.1153    1471.37    1471.38     3.8082  1028.9728    34.2942 0.0000e+00
      48579 292.918392  -44.87834  -51.77094     -1.180    1474.80    399.000    395.384     3.8358     3.8376     0.0018     3.8082     3.8100     0.0018   3.185976   3.186582   0.000634    34.1310    34.1366     6.1061    27.1143    27.1186    34.1322    27.1153    1471.35    1471.37     3.8081  1028.9682    34.2942 0.0000e+00
      48599 292.918402  -44.87834  -51.77094     -1.205    1474.80    398.000    394.394     3.8355     3.8352    -0.0003     3.8079     3.8076    -0.0003   3.185793   3.186254   0.000469    34.1303    34.1362     6.1092    27.1138    27.1185    34.1309    27.1143    1471.33    1471.34     3.8079  1028.9626    34.2929 0.0000e+00
      48619 292.918411  -44.87834  -51.77094     -1.208    1474.80    397.000    393.404     3.8344     3.8348     0.0005     3.8069     3.8074     0.0005   3.185638   3.186249   0.000562    34.1300    34.1362     6.1069    27.1137    27.1186    34.1308    27.1143    1471.31    1471.32     3.8068  1028.9580    34.2928 0.0000e+00
      48639 292.918421  -44.87834  -51.77093     -1.221    1474.80    396.000    392.414     3.8382     3.8488     0.0106     3.8108     3.8214     0.0106   3.186171   3.187772   0.001526    34.1311    34.1381     6.1051    27.1141    27.1187    34.1336    27.1162    1471.31    1471.37     3.8108  1028.9552    34.2956 0.0000e+00
