Pos-Processados/process_op38/Processamento_split/up/uoperantar38_005.cnv
* Sea-Bird SBE 9 Data File:
* FileName = D:\OPERANTAR_XXXVIII\DADOS\OP38_005.hdr
* Software Version Seasave V 7.18c
* Temperature SN = 4808
* Conductivity SN = 3380
* Number of Bytes Per Scan = 31
* Number of Voltage Words = 2
* Number of Scans Averaged by the Deck Unit = 1
* NMEA Latitude = 45 12.86 S
* NMEA Longitude = 051 09.01 W
* NMEA UTC (Time) = Oct 19 2019 13:59:02
** H41
** NAVIO POLAR ALMIRANTE MAXIMIANO
** CRUZEIRO:
** OPERANTAR XXXVIII
** ESTAวรO: OP38_005
** LAT 045บ 12,86' S
** LONG 051บ 09,03' W
** 09P73767-1155
** PROFUNDIDADE: 5853
** DATA/HORA: 191400Z/OUT/2019
** OPERADOR: SO-HN CHAVES
# nquan = 32
# nvalues = 1045                        
# units = specified
# name 0 = scan: Scan Count
# name 1 = timeJ: Julian Days
# name 2 = latitude: Latitude [deg]
# name 3 = longitude: Longitude [deg]
# name 4 = dz/dtM: Descent Rate [m/s]
# name 5 = avgsvCM: Average Sound Velocity [Chen-Millero, m/s]
# name 6 = prDM: Pressure, Digiquartz [db]
# name 7 = depSM: Depth [salt water, m]
# name 8 = t090C: Temperature [ITS-90, deg C]
# name 9 = t190C: Temperature, 2 [ITS-90, deg C]
# name 10 = T2-T190C: Temperature Difference, 2 - 1 [ITS-90, deg C]
# name 11 = potemp090C: Potential Temperature [ITS-90, deg C]
# name 12 = potemp190C: Potential Temperature, 2 [ITS-90, deg C]
# name 13 = potemp90Cdiff: Potential Temperature, Diff, 2 - 1 [ITS-90, deg C]
# name 14 = c0S/m: Conductivity [S/m]
# name 15 = c1S/m: Conductivity, 2 [S/m]
# name 16 = C2-C1S/m: Conductivity Difference, 2 - 1 [S/m]
# name 17 = sal00: Salinity, Practical [PSU]
# name 18 = sal11: Salinity, Practical, 2 [PSU]
# name 19 = sbeox0ML/L: Oxygen, SBE 43 [ml/l]
# name 20 = sbeox1ML/L: Oxygen, SBE 43, 2 [ml/l]
# name 21 = sbeox0ML/Ldiff: Oxygen, SBE 43, Diff, 2 - 1 [ml/l]
# name 22 = sigma-้00: Density [sigma-theta, kg/m^3]
# name 23 = sigma-้11: Density, 2 [sigma-theta, kg/m^3]
# name 24 = sal00: Salinity, Practical [PSU]
# name 25 = sigma-้00: Density [sigma-theta, kg/m^3]
# name 26 = svCM: Sound Velocity [Chen-Millero, m/s]
# name 27 = svCM1: Sound Velocity, 2 [Chen-Millero, m/s]
# name 28 = gsw_ptA0: potential temperature [ITS-90, deg C]
# name 29 = gsw_densityA0: density, TEOS-10 [density, kg/m^3]
# name 30 = gsw_saA0: Absolute Salinity [g/kg]
# name 31 = flag:
# span 0 =      32891,      71045       
# span 1 = 292.598523, 292.616923       
# span 2 =  -45.21442,  -45.21434       
# span 3 =  -51.15027,  -51.15014       
# span 4 =     -1.811,     -0.117       
# span 5 =    1476.21,    1476.21       
# span 6 =      4.000,   1048.000       
# span 7 =      3.965,   1036.853       
# span 8 =     2.8993,    10.3424       
# span 9 =     2.8987,    10.3411       
# span 10 =    -0.0673,     0.0800      
# span 11 =     2.8322,    10.3290      
# span 12 =     2.8308,    10.3277      
# span 13 =    -0.0672,     0.0799      
# span 14 =   3.131038,   3.835636      
# span 15 =   3.131536,   3.836188      
# span 16 =  -0.006884,   0.008697      
# span 17 =    34.1055,    34.8849      
# span 18 =    34.1126,    34.8917      
# span 19 =     4.1839,     6.5573      
# span 20 =     4.0105,     6.2842      
# span 21 =    -0.2965,    -0.1639      
# span 22 =    26.7515,    27.4340      
# span 23 =    26.7564,    27.4379      
# span 24 =    34.1039,    34.8888      
# span 25 =    26.7515,    27.4341      
# span 26 =    1472.35,    1492.80      
# span 27 =    1472.37,    1492.80      
# span 28 =     2.8321,    10.3290      
# span 29 =  1026.7724,  1032.2905      
# span 30 =    34.2659,    35.0537      
# span 31 = 0.0000e+00, 0.0000e+00      
# interval = decibars: 1                
# start_time = Oct 19 2019 13:59:02 [NMEA time, header]
# bad_flag = -9.990e-29
*END*
[from data line 907]
      57026 292.610162  -45.21440  -51.15018     -0.681    1476.21    141.000    139.805     9.3735     9.3747     0.0012     9.3579     9.3590     0.0012   3.729117   3.730047   0.000856    34.7070    34.7148     5.6505     5.4315    -0.2190    26.8307    26.8365    34.7189    26.8400    1489.54    1489.56     9.3579  1027.4792    34.8831 0.0000e+00
      57055 292.610176  -45.21440  -51.15016     -0.811    1476.21    140.000    138.814     9.3998     9.4042     0.0045     9.3842     9.3887     0.0044   3.732078   3.733220   0.001172    34.7129    34.7207     5.6461     5.4363    -0.2098    26.8309    26.8363    34.7246    26.8401    1489.63    1489.65     9.3842  1027.4747    34.8888 0.0000e+00
      57084 292.610191  -45.21440  -51.15016     -0.823    1476.21    139.000    137.823     9.4569     9.4425    -0.0143     9.4414     9.4271    -0.0143   3.738822   3.737590  -0.000976    34.7245    34.7283     5.6572     5.4523    -0.2049    26.8306    26.8360    34.7396    26.8424    1489.84    1489.79     9.4414  1027.4724    34.9039 0.0000e+00
      57115 292.610206  -45.21440  -51.15016     -0.782    1476.21    138.000    136.832     9.5419     9.5369    -0.0050     9.5264     9.5215    -0.0050   3.747854   3.748396   0.000307    34.7373    34.7453     5.6595     5.4533    -0.2062    26.8265    26.8336    34.7511    26.8373    1490.14    1490.14     9.5264  1027.4626    34.9155 0.0000e+00
      57146 292.610221  -45.21440  -51.15016     -0.765    1476.21    137.000    135.843     9.5884     9.5924     0.0040     9.5730     9.5771     0.0040   3.752734   3.753927   0.001142    34.7454    34.7533     5.6616     5.4578    -0.2038    26.8251    26.8306    34.7569    26.8341    1490.30    1490.33     9.5730  1027.4547    34.9213 0.0000e+00
      57179 292.610236  -45.21440  -51.15016     -0.754    1476.21    136.000    134.848     9.6309     9.6303    -0.0006     9.6156     9.6150    -0.0006   3.757527   3.758019   0.000602    34.7541    34.7610     5.6715     5.4643    -0.2072    26.8249    26.8303    34.7657    26.8339    1490.45    1490.46     9.6156  1027.4499    34.9301 0.0000e+00
      57222 292.610257  -45.21440  -51.15016     -0.577    1476.21    135.000    133.857     9.6766     9.6697    -0.0069     9.6613     9.6545    -0.0069   3.762435   3.762464  -0.000019    34.7629    34.7693     5.6776     5.4658    -0.2117    26.8241    26.8303    34.7726    26.8316    1490.61    1490.59     9.6613  1027.4430    34.9370 0.0000e+00
      57273 292.610282  -45.21440  -51.15016     -0.449    1476.21    134.000    132.866     9.7027     9.7045     0.0018     9.6876     9.6893     0.0018   3.765174   3.766168   0.000949    34.7683    34.7764     5.6795     5.4737    -0.2058    26.8239    26.8300    34.7759    26.8299    1490.69    1490.71     9.6875  1027.4366    34.9404 0.0000e+00
      57311 292.610300  -45.21440  -51.15016     -0.621    1476.21    133.000    131.875     9.7291     9.7370     0.0079     9.7140     9.7220     0.0079   3.768087   3.769886   0.001666    34.7733    34.7828     5.6800     5.4682    -0.2117    26.8234    26.8295    34.7809    26.8293    1490.78    1490.82     9.7140  1027.4315    34.9453 0.0000e+00
      57344 292.610316  -45.21440  -51.15016     -0.711    1476.21    132.000    130.884     9.7880     9.7983     0.0104     9.7729     9.7833     0.0104   3.775002   3.776382   0.001607    34.7848    34.7913     5.6710     5.4653    -0.2057    26.8225    26.8258    34.7956    26.8309    1490.99    1491.03     9.7729  1027.4284    34.9601 0.0000e+00
      57377 292.610332  -45.21440  -51.15016     -0.713    1476.21    131.000    129.893     9.8299     9.8277    -0.0022     9.8150     9.8128    -0.0022   3.779115   3.779834   0.000570    34.7902    34.7982     5.6793     5.4771    -0.2022    26.8196    26.8262    34.7977    26.8255    1491.13    1491.13     9.8149  1027.4184    34.9623 0.0000e+00
      57406 292.610346  -45.21440  -51.15016     -0.794    1476.21    130.000    128.902     9.8428     9.8439     0.0011     9.8280     9.8290     0.0011   3.780337   3.781127   0.000811    34.7924    34.7996     5.6918     5.4806    -0.2111    26.8191    26.8246    34.7983    26.8237    1491.16    1491.17     9.8280  1027.4121    34.9628 0.0000e+00
      57433 292.610359  -45.21440  -51.15016     -0.883    1476.21    129.000    127.910     9.8443     9.8523     0.0080     9.8296     9.8375     0.0080   3.780527   3.782429   0.001686    34.7936    34.8032     5.6953     5.4894    -0.2059    26.8198    26.8259    34.7992    26.8242    1491.15    1491.19     9.8296  1027.4081    34.9638 0.0000e+00
      57487 292.610385  -45.21440  -51.15016     -0.463    1476.21    128.000    126.920     9.9813     9.9777    -0.0035     9.9665     9.9630    -0.0035   3.796214   3.796463   0.000321    34.8175    34.8242     5.6894     5.4886    -0.2009    26.8152    26.8210    34.8283    26.8236    1491.66    1491.66     9.9665  1027.4026    34.9930 0.0000e+00
      57550 292.610415  -45.21440  -51.15016     -0.397    1476.21    127.000    125.928    10.0116    10.0128     0.0012     9.9969     9.9981     0.0012   3.798830   3.799720   0.000880    34.8217    34.8296     5.6975     5.5110    -0.1865    26.8133    26.8192    34.8263    26.8169    1491.75    1491.77     9.9969  1027.3913    34.9910 0.0000e+00
      57573 292.610426  -45.21440  -51.15016     -0.844    1476.21    126.000    124.937    10.0144    10.0150     0.0007     9.9998    10.0005     0.0007   3.799211   3.800050   0.000801    34.8235    34.8310     5.7060     5.5087    -0.1973    26.8142    26.8199    34.8280    26.8177    1491.75    1491.76     9.9998  1027.3876    34.9927 0.0000e+00
      57594 292.610436  -45.21440  -51.15016     -1.072    1476.21    125.000    123.945    10.0133    10.0181     0.0047     9.9989    10.0036     0.0047   3.799117   3.800321   0.001206    34.8240    34.8317     5.7014     5.5017    -0.1998    26.8147    26.8200    34.8285    26.8182    1491.73    1491.75     9.9989  1027.3837    34.9931 0.0000e+00
      57625 292.610451  -45.21440  -51.15016     -0.903    1476.21    124.000    122.956    10.0202    10.0206     0.0004    10.0059    10.0063     0.0004   3.799790   3.800513   0.000738    34.8253    34.8325     5.7026     5.4951    -0.2075    26.8146    26.8201    34.8292    26.8176    1491.74    1491.75    10.0059  1027.3785    34.9939 0.0000e+00
      57669 292.610473  -45.21440  -51.15016     -0.516    1476.21    123.000    121.961    10.0225    10.0214    -0.0011    10.0083    10.0072    -0.0011   3.799913   3.800494   0.000586    34.8260    34.8330     5.6927     5.4960    -0.1967    26.8147    26.8204    34.8286    26.8167    1491.73    1491.73    10.0083  1027.3732    34.9933 0.0000e+00
      57705 292.610490  -45.21440  -51.15016     -0.646    1476.21    122.000    120.972    10.0215    10.0216     0.0001    10.0074    10.0075     0.0001   3.799778   3.800488   0.000711    34.8265    34.8336     5.6946     5.4999    -0.1948    26.8153    26.8208    34.8288    26.8170    1491.71    1491.72    10.0073  1027.3689    34.9934 0.0000e+00
      57768 292.610520  -45.21440  -51.15016     -0.372    1476.21    121.000    119.979    10.0241    10.0235    -0.0006    10.0101    10.0095    -0.0006   3.799997   3.800623   0.000630    34.8273    34.8343     5.7069     5.4934    -0.2135    26.8154    26.8209    34.8290    26.8167    1491.70    1491.71    10.0101  1027.3641    34.9936 0.0000e+00
      57838 292.610554  -45.21440  -51.15016     -0.405    1476.21    120.000    118.989    10.0238    10.0235    -0.0003    10.0099    10.0096    -0.0003   3.799910   3.800586   0.000671    34.8278    34.8350     5.7088     5.4850    -0.2238    26.8158    26.8215    34.8288    26.8166    1491.68    1491.69    10.0099  1027.3595    34.9934 0.0000e+00
      57863 292.610566  -45.21440  -51.15016     -0.778    1476.21    119.000    117.998    10.0226    10.0233     0.0007    10.0089    10.0095     0.0007   3.799773   3.800554   0.000758    34.8282    34.8353     5.7022     5.4895    -0.2127    26.8163    26.8217    34.8290    26.8169    1491.66    1491.67    10.0088  1027.3554    34.9937 0.0000e+00
      57886 292.610577  -45.21440  -51.15016     -0.996    1476.21    118.000    117.006    10.0445    10.0648     0.0203    10.0309    10.0511     0.0203   3.802918   3.806380   0.003087    34.8341    34.8460     5.6914     5.4899    -0.2015    26.8171    26.8230    34.8405    26.8221    1491.74    1491.83    10.0308  1027.3560    35.0052 0.0000e+00
      57911 292.610589  -45.21440  -51.15016     -1.004    1476.21    117.000    116.015    10.1372    10.1501     0.0129    10.1236    10.1365     0.0129   3.813625   3.815133   0.001861    34.8502    34.8567     5.6898     5.4751    -0.2147    26.8138    26.8166    34.8609    26.8222    1492.08    1492.13    10.1236  1027.3514    35.0257 0.0000e+00
      57948 292.610607  -45.21440  -51.15016     -0.731    1476.21    116.000    115.025    10.2110    10.2031    -0.0079    10.1974    10.1895    -0.0079   3.821404   3.821273  -0.000176    34.8606    34.8664     5.7053     5.5023    -0.2031    26.8092    26.8151    34.8695    26.8161    1492.34    1492.32    10.1974  1027.3407    35.0344 0.0000e+00
      58010 292.610637  -45.21440  -51.15016     -0.356    1476.21    115.000    114.033    10.3148    10.3181     0.0033    10.3012    10.3046     0.0033   3.832792   3.833833   0.001082    34.8785    34.8863     5.7231     5.5206    -0.2025    26.8051    26.8106    34.8860    26.8110    1492.71    1492.73    10.3012  1027.3308    35.0509 0.0000e+00
      58079 292.610671  -45.21440  -51.15016     -0.330    1476.21    114.000    113.039    10.3424    10.3411    -0.0013    10.3290    10.3277    -0.0013   3.835636   3.836188   0.000557    34.8846    34.8915     5.7480     5.5403    -0.2077    26.8050    26.8106    34.8888    26.8083    1492.80    1492.80    10.3290  1027.3235    35.0537 0.0000e+00
      58123 292.610691  -45.21440  -51.15016     -0.543    1476.21    113.000    112.050    10.3363    10.3361    -0.0001    10.3230    10.3228    -0.0001   3.834942   3.835615   0.000669    34.8848    34.8917     5.7668     5.5407    -0.2261    26.8062    26.8116    34.8881    26.8088    1492.76    1492.76    10.3229  1027.3196    35.0530 0.0000e+00
      58144 292.610702  -45.21440  -51.15016     -0.884    1476.21    112.000    111.058    10.3375    10.3319    -0.0057    10.3244    10.3187    -0.0056   3.834817   3.834350  -0.000142    34.8849    34.8890     5.7746     5.5500    -0.2246    26.8061    26.8102    34.8860    26.8069    1492.74    1492.72    10.3243  1027.3133    35.0510 0.0000e+00
      58166 292.610712  -45.21440  -51.15016     -1.094    1476.21    111.000    110.067    10.2810    10.2222    -0.0588    10.2680    10.2092    -0.0588   3.826442   3.819070  -0.006617    34.8651    34.8543     5.7821     5.5679    -0.2142    26.8004    26.8022    34.8558    26.7931    1492.49    1492.26    10.2679  1027.2951    35.0205 0.0000e+00
      58193 292.610725  -45.21440  -51.15016     -0.989    1476.21    110.000    109.079    10.0562    10.0736     0.0174    10.0435    10.0609     0.0174   3.796641   3.803450   0.004620    34.8006    34.8313     5.7916     5.5710    -0.2205    26.7886    26.8098    34.7684    26.7635    1491.56    1491.69    10.0435  1027.2615    34.9328 0.0000e+00
      58240 292.610748  -45.21440  -51.15016     -0.523    1476.21    109.000    108.085     9.5839     9.6362     0.0523     9.5717     9.6240     0.0523   3.743465   3.749031   0.006313    34.7001    34.7146     5.8518     5.6370    -0.2148    26.7899    26.7925    34.6785    26.7730    1489.73    1489.93     9.5717  1027.2675    34.8424 0.0000e+00
      58305 292.610779  -45.21440  -51.15016     -0.359    1476.21    108.000    107.094     9.5528     9.5537     0.0009     9.5407     9.5416     0.0009   3.740589   3.741336   0.000791    34.6914    34.6987     6.0706     5.7741    -0.2965    26.7883    26.7938    34.6794    26.7789    1489.60    1489.62     9.5407  1027.2690    34.8433 0.0000e+00
      58372 292.610812  -45.21440  -51.15016     -0.370    1476.21    107.000    106.099     9.5461     9.5455    -0.0005     9.5341     9.5336    -0.0005   3.740074   3.740642   0.000602    34.6886    34.6953     6.0872     5.8557    -0.2315    26.7872    26.7925    34.6810    26.7813    1489.57    1489.57     9.5341  1027.2668    34.8450 0.0000e+00
      58404 292.610827  -45.21440  -51.15016     -0.676    1476.21    106.000    105.110     9.5466     9.5460    -0.0005     9.5348     9.5342    -0.0005   3.740122   3.740735   0.000617    34.6879    34.6949     6.0960     5.8457    -0.2503    26.7866    26.7921    34.6815    26.7815    1489.55    1489.56     9.5348  1027.2625    34.8454 0.0000e+00
      58432 292.610840  -45.21440  -51.15016     -0.840    1476.21    105.000    104.119     9.5492     9.5485    -0.0007     9.5375     9.5368    -0.0007   3.740491   3.741024   0.000565    34.6882    34.6948     6.0787     5.8459    -0.2328    26.7864    26.7916    34.6833    26.7824    1489.54    1489.55     9.5374  1027.2590    34.8472 0.0000e+00
      58475 292.610861  -45.21440  -51.15016     -0.589    1476.21    104.000    103.128     9.5533     9.5530    -0.0003     9.5417     9.5414    -0.0003   3.740914   3.741541   0.000621    34.6882    34.6949     6.0776     5.8469    -0.2307    26.7856    26.7909    34.6841    26.7824    1489.55    1489.55     9.5417  1027.2544    34.8480 0.0000e+00
      58519 292.610882  -45.21440  -51.15016     -0.528    1476.21    103.000    102.136     9.5510     9.5515     0.0004     9.5395     9.5400     0.0004   3.740704   3.741375   0.000699    34.6877    34.6944     6.0623     5.8415    -0.2207    26.7855    26.7908    34.6846    26.7832    1489.52    1489.53     9.5395  1027.2507    34.8485 0.0000e+00
      58556 292.610900  -45.21440  -51.15017     -0.645    1476.21    102.000    101.145     9.5487     9.5479    -0.0009     9.5373     9.5365    -0.0009   3.740391   3.740951   0.000567    34.6869    34.6935     6.0754     5.8406    -0.2348    26.7853    26.7907    34.6841    26.7831    1489.50    1489.50     9.5373  1027.2461    34.8480 0.0000e+00
      58623 292.610933  -45.21440  -51.15018     -0.295    1476.21    101.000    100.151     9.5463     9.5461    -0.0003     9.5351     9.5348    -0.0003   3.740167   3.740764   0.000601    34.6863    34.6927     6.0660     5.8387    -0.2274    26.7852    26.7903    34.6845    26.7838    1489.47    1489.48     9.5351  1027.2423    34.8484 0.0000e+00
      58667 292.610954  -45.21440  -51.15016     -0.563    1476.21    100.000     99.162     9.5463     9.5462    -0.0001     9.5351     9.5350    -0.0001   3.740135   3.740776   0.000632    34.6861    34.6928     6.0694     5.8420    -0.2273    26.7851    26.7903    34.6847    26.7839    1489.46    1489.46     9.5351  1027.2379    34.8486 0.0000e+00
      58698 292.610969  -45.21440  -51.15016     -0.761    1476.21     99.000     98.171     9.5468     9.5467     0.0000     9.5357     9.5357     0.0000   3.740182   3.740803   0.000633    34.6863    34.6928     6.0703     5.8341    -0.2362    26.7851    26.7902    34.6852    26.7843    1489.44    1489.45     9.5357  1027.2337    34.8491 0.0000e+00
      58747 292.610993  -45.21440  -51.15016     -0.497    1476.21     98.000     97.180     9.5452     9.5451    -0.0001     9.5342     9.5342    -0.0001   3.739928   3.740549   0.000620    34.6856    34.6921     6.0658     5.8411    -0.2247    26.7848    26.7899    34.6846    26.7840    1489.42    1489.42     9.5342  1027.2290    34.8485 0.0000e+00
