Pos-Processados/process_op38/Processamento_split/up/uoperantar38_019.cnv
* Sea-Bird SBE 9 Data File:
* FileName = D:\OPERANTAR_XXXVIII\DADOS\OP38_019.hdr
* Software Version Seasave V 7.18c
* Temperature SN = 4808
* Conductivity SN = 3380
* Number of Bytes Per Scan = 34
* Number of Voltage Words = 3
* Number of Scans Averaged by the Deck Unit = 1
* NMEA Latitude = 62 12.52 S
* NMEA Longitude = 058 17.99 W
* NMEA UTC (Time) = Nov 22 2019 11:08:24
** H41
** NAVIO POLAR ALMIRANTE MAXIMIANO
** CRUZEIRO:
** OPERANTAR XXXVIII
** ESTAÇÃO: OP38_019
** LAT 62 12,51'S
** LONG 058 18,00'W
** 09P73767-1155_A
** PROFUNDIDADE: 271
** DATA/HORA: 221109Z/NOV/2019
** OPERADOR: SO-HN CHAVES
# nquan = 33
# nvalues = 241                         
# units = specified
# name 0 = scan: Scan Count
# name 1 = timeJ: Julian Days
# name 2 = latitude: Latitude [deg]
# name 3 = longitude: Longitude [deg]
# name 4 = dz/dtM: Descent Rate [m/s]
# name 5 = avgsvCM: Average Sound Velocity [Chen-Millero, m/s]
# name 6 = prDM: Pressure, Digiquartz [db]
# name 7 = depSM: Depth [salt water, m]
# name 8 = t090C: Temperature [ITS-90, deg C]
# name 9 = t190C: Temperature, 2 [ITS-90, deg C]
# name 10 = T2-T190C: Temperature Difference, 2 - 1 [ITS-90, deg C]
# name 11 = potemp090C: Potential Temperature [ITS-90, deg C]
# name 12 = potemp190C: Potential Temperature, 2 [ITS-90, deg C]
# name 13 = potemp90Cdiff: Potential Temperature, Diff, 2 - 1 [ITS-90, deg C]
# name 14 = c0S/m: Conductivity [S/m]
# name 15 = c1S/m: Conductivity, 2 [S/m]
# name 16 = C2-C1S/m: Conductivity Difference, 2 - 1 [S/m]
# name 17 = sal00: Salinity, Practical [PSU]
# name 18 = sal11: Salinity, Practical, 2 [PSU]
# name 19 = sbeox0ML/L: Oxygen, SBE 43 [ml/l]
# name 20 = sigma-é00: Density [sigma-theta, kg/m^3]
# name 21 = sigma-é11: Density, 2 [sigma-theta, kg/m^3]
# name 22 = sbox0Mm/Kg: Oxygen, SBE 43 [umol/kg]
# name 23 = oxsolMm/Kg: Oxygen Saturation, Garcia & Gordon [umol/kg]
# name 24 = oxsatMm/Kg: Oxygen Saturation, Weiss [umol/kg]
# name 25 = sal00: Salinity, Practical [PSU]
# name 26 = sigma-é00: Density [sigma-theta, kg/m^3]
# name 27 = svCM: Sound Velocity [Chen-Millero, m/s]
# name 28 = svCM1: Sound Velocity, 2 [Chen-Millero, m/s]
# name 29 = gsw_ptA0: potential temperature [ITS-90, deg C]
# name 30 = gsw_densityA0: density, TEOS-10 [density, kg/m^3]
# name 31 = gsw_saA0: Absolute Salinity [g/kg]
# name 32 = flag:
# span 0 =      12508,      26705       
# span 1 = 326.470198, 326.477045       
# span 2 =  -62.20879,  -62.20864       
# span 3 =  -58.30025,  -58.29996       
# span 4 =     -0.903,     -0.109       
# span 5 =    1447.69,    1447.69       
# span 6 =      2.000,    242.000       
# span 7 =      1.987,    239.537       
# span 8 =    -0.6388,    -0.2172       
# span 9 =    -0.6385,    -0.2144       
# span 10 =    -0.0118,     0.0028      
# span 11 =    -0.6452,    -0.2173      
# span 12 =    -0.6449,    -0.2145      
# span 13 =    -0.0118,     0.0028      
# span 14 =   2.802622,   2.820561      
# span 15 =   2.803053,   2.821176      
# span 16 =  -0.000415,   0.000603      
# span 17 =    34.1379,    34.2957      
# span 18 =    34.1428,    34.3007      
# span 19 =     6.9515,     7.7122      
# span 20 =    27.4211,    27.5681      
# span 21 =    27.4250,    27.5722      
# span 22 =    302.123,    335.234      
# span 23 =  352.29214,  355.83337      
# span 24 =  353.80925,  357.44536      
# span 25 =    34.1381,    34.2957      
# span 26 =    27.4212,    27.5681      
# span 27 =    1446.86,    1449.19      
# span 28 =    1446.85,    1449.20      
# span 29 =    -0.6450,    -0.2173      
# span 30 =  1027.4352,  1028.7297      
# span 31 =    34.3028,    34.4634      
# span 32 = 0.0000e+00, 0.0000e+00      
# interval = decibars: 1                
# start_time = Nov 22 2019 11:08:24 [NMEA time, header]
# bad_flag = -9.990e-29
*END*
[from data line 132]
      17656 326.472681  -62.20864  -58.30018     -0.797    1447.69    110.000    108.915    -0.5160    -0.5158     0.0002    -0.5194    -0.5192     0.0002   2.804501   2.804931   0.000424    34.1924    34.1979     7.4336    27.4792    27.4836    323.105  354.91524  356.49752    34.1926    27.4793    1447.46    1447.46    -0.5193  1028.0104    34.3586 0.0000e+00
      17688 326.472696  -62.20864  -58.30018     -0.754    1447.69    109.000    107.925    -0.5148    -0.5146     0.0002    -0.5181    -0.5179     0.0002   2.804512   2.804933   0.000426    34.1917    34.1972     7.4425    27.4785    27.4830    323.491  354.90569  356.48767    34.1920    27.4788    1447.44    1447.45    -0.5181  1028.0051    34.3580 0.0000e+00
      17719 326.472711  -62.20864  -58.30018     -0.770    1447.69    108.000    106.935    -0.5106    -0.5126    -0.0021    -0.5139    -0.5160    -0.0021   2.804691   2.804995   0.000312    34.1898    34.1963     7.4432    27.4768    27.4822    323.525  354.87170  356.45270    34.1903    27.4772    1447.44    1447.44    -0.5139  1027.9987    34.3563 0.0000e+00
      17748 326.472725  -62.20864  -58.30018     -0.814    1447.69    107.000    105.945    -0.5078    -0.5091    -0.0013    -0.5111    -0.5124    -0.0013   2.804757   2.805121   0.000361    34.1884    34.1947     7.4473    27.4755    27.4807    323.702  354.85013  356.43047    34.1887    27.4758    1447.44    1447.44    -0.5110  1027.9925    34.3546 0.0000e+00
      17777 326.472739  -62.20864  -58.30018     -0.824    1447.69    106.000    104.955    -0.5079    -0.5076     0.0003    -0.5112    -0.5109     0.0003   2.804696   2.805138   0.000437    34.1884    34.1939     7.4551    27.4755    27.4799    324.043  354.85097  356.43132    34.1886    27.4757    1447.42    1447.43    -0.5111  1027.9876    34.3545 0.0000e+00
      17808 326.472754  -62.20864  -58.30018     -0.798    1447.69    105.000    103.966    -0.5076    -0.5073     0.0003    -0.5108    -0.5105     0.0003   2.804685   2.805106   0.000423    34.1884    34.1938     7.4607    27.4755    27.4798    324.284  354.84792  356.42821    34.1887    27.4758    1447.41    1447.42    -0.5108  1027.9829    34.3546 0.0000e+00
      17839 326.472769  -62.20864  -58.30018     -0.777    1447.69    104.000    102.976    -0.5035    -0.5051    -0.0016    -0.5067    -0.5083    -0.0016   2.804863   2.805196   0.000338    34.1866    34.1929     7.4549    27.4739    27.4791    324.035  354.81462  356.39394    34.1871    27.4743    1447.41    1447.41    -0.5066  1027.9767    34.3530 0.0000e+00
      17871 326.472784  -62.20864  -58.30018     -0.752    1447.69    103.000    101.986    -0.5007    -0.5021    -0.0013    -0.5039    -0.5052    -0.0013   2.804931   2.805290   0.000356    34.1852    34.1914     7.4506    27.4726    27.4777    323.850  354.79293  356.37160    34.1855    27.4729    1447.40    1447.41    -0.5038  1027.9705    34.3514 0.0000e+00
      17904 326.472800  -62.20864  -58.30018     -0.733    1447.69    102.000    100.996    -0.5005    -0.5008    -0.0004    -0.5036    -0.5040    -0.0004   2.804901   2.805302   0.000399    34.1851    34.1909     7.4648    27.4726    27.4772    324.462  354.79037  356.36897    34.1854    27.4728    1447.39    1447.39    -0.5036  1027.9656    34.3513 0.0000e+00
      17938 326.472817  -62.20864  -58.30018     -0.712    1447.69    101.000    100.006    -0.5004    -0.5003     0.0001    -0.5035    -0.5034     0.0001   2.804844   2.805275   0.000427    34.1849    34.1906     7.4720    27.4724    27.4770    324.779  354.79009  356.36866    34.1852    27.4726    1447.37    1447.38    -0.5034  1027.9606    34.3510 0.0000e+00
      17974 326.472834  -62.20864  -58.30018     -0.667    1447.69    100.000     99.016    -0.5006    -0.5003     0.0003    -0.5037    -0.5034     0.0003   2.804778   2.805216   0.000436    34.1850    34.1905     7.4753    27.4725    27.4769    324.922  354.79212  356.37074    34.1852    27.4726    1447.35    1447.36    -0.5036  1027.9558    34.3510 0.0000e+00
      18010 326.472852  -62.20864  -58.30018     -0.668    1447.69     99.000     98.026    -0.5004    -0.5006    -0.0003    -0.5034    -0.5037    -0.0003   2.804732   2.805143   0.000412    34.1847    34.1905     7.4713    27.4722    27.4770    324.748  354.79072  356.36928    34.1849    27.4724    1447.34    1447.34    -0.5034  1027.9508    34.3507 0.0000e+00
      18048 326.472870  -62.20864  -58.30018     -0.633    1447.69     98.000     97.037    -0.4995    -0.4993     0.0002    -0.5025    -0.5024     0.0002   2.804746   2.805184   0.000435    34.1846    34.1902     7.4629    27.4721    27.4766    324.382  354.78317  356.36155    34.1847    27.4722    1447.33    1447.33    -0.5025  1027.9458    34.3505 0.0000e+00
      18088 326.472889  -62.20864  -58.30018     -0.606    1447.69     97.000     96.048    -0.4954    -0.4958    -0.0003    -0.4984    -0.4988    -0.0003   2.804984   2.805373   0.000397    34.1834    34.1891     7.4689    27.4710    27.4756    324.643  354.74802  356.32547    34.1839    27.4714    1447.33    1447.34    -0.4983  1027.9402    34.3497 0.0000e+00
      18126 326.472907  -62.20864  -58.30018     -0.629    1447.69     96.000     95.054    -0.4889    -0.4901    -0.0012    -0.4919    -0.4931    -0.0012   2.805314   2.805679   0.000359    34.1811    34.1873     7.4777    27.4688    27.4738    325.025  354.69348  356.26943    34.1816    27.4692    1447.34    1447.34    -0.4918  1027.9332    34.3473 0.0000e+00
      18169 326.472928  -62.20864  -58.30018     -0.561    1447.69     95.000     94.069    -0.4859    -0.4856     0.0003    -0.4889    -0.4886     0.0003   2.805440   2.805879   0.000442    34.1800    34.1856     7.4846    27.4678    27.4723    325.327  354.66885  356.24412    34.1806    27.4682    1447.34    1447.34    -0.4888  1027.9275    34.3463 0.0000e+00
      18212 326.472949  -62.20864  -58.30018     -0.553    1447.69     94.000     93.075    -0.4841    -0.4842    -0.0001    -0.4871    -0.4871    -0.0001   2.805475   2.805894   0.000418    34.1793    34.1850     7.4938    27.4671    27.4717    325.728  354.65429  356.22913    34.1796    27.4674    1447.33    1447.33    -0.4870  1027.9218    34.3453 0.0000e+00
      18248 326.472967  -62.20864  -58.30018     -0.649    1447.69     93.000     92.087    -0.4834    -0.4837    -0.0002    -0.4863    -0.4865    -0.0002   2.805469   2.805878   0.000409    34.1791    34.1848     7.5022    27.4669    27.4715    326.092  354.64831  356.22299    34.1794    27.4671    1447.31    1447.32    -0.4862  1027.9168    34.3450 0.0000e+00
      18288 326.472986  -62.20864  -58.30018     -0.618    1447.69     92.000     91.097    -0.4819    -0.4816     0.0003    -0.4848    -0.4845     0.0003   2.805510   2.805950   0.000439    34.1785    34.1840     7.4981    27.4663    27.4708    325.912  354.63582  356.21016    34.1789    27.4666    1447.30    1447.31    -0.4847  1027.9115    34.3445 0.0000e+00
      18337 326.473009  -62.20864  -58.30018     -0.485    1447.69     91.000     90.108    -0.4791    -0.4789     0.0001    -0.4819    -0.4817     0.0001   2.805627   2.806053   0.000428    34.1774    34.1830     7.5040    27.4654    27.4699    326.172  354.61189  356.18556    34.1778    27.4657    1447.30    1447.30    -0.4818  1027.9057    34.3434 0.0000e+00
      18376 326.473028  -62.20864  -58.30018     -0.591    1447.69     90.000     89.115    -0.4765    -0.4772    -0.0008    -0.4793    -0.4800    -0.0008   2.805720   2.806095   0.000386    34.1763    34.1823     7.5051    27.4643    27.4693    326.220  354.59099  356.16406    34.1767    27.4647    1447.29    1447.30    -0.4792  1027.9000    34.3424 0.0000e+00
      18411 326.473045  -62.20864  -58.30018     -0.687    1447.69     89.000     88.127    -0.4728    -0.4747    -0.0019    -0.4756    -0.4775    -0.0019   2.805892   2.806213   0.000319    34.1751    34.1815     7.5179    27.4632    27.4685    326.775  354.56008  356.13230    34.1755    27.4636    1447.29    1447.29    -0.4755  1027.8940    34.3411 0.0000e+00
      18452 326.473065  -62.20864  -58.30018     -0.594    1447.69     88.000     87.137    -0.4707    -0.4706     0.0001    -0.4734    -0.4733     0.0001   2.805958   2.806381   0.000417    34.1743    34.1798     7.5157    27.4624    27.4669    326.681  354.54243  356.11417    34.1746    27.4627    1447.28    1447.29    -0.4734  1027.8884    34.3402 0.0000e+00
      18498 326.473087  -62.20864  -58.30018     -0.524    1447.69     87.000     86.146    -0.4704    -0.4702     0.0002    -0.4731    -0.4729     0.0002   2.805928   2.806356   0.000428    34.1743    34.1798     7.5222    27.4624    27.4669    326.960  354.53987  356.11155    34.1745    27.4626    1447.27    1447.28    -0.4730  1027.8835    34.3401 0.0000e+00
      18539 326.473106  -62.20864  -58.30018     -0.585    1447.69     86.000     85.157    -0.4704    -0.4702     0.0002    -0.4731    -0.4729     0.0002   2.805877   2.806316   0.000438    34.1743    34.1799     7.5256    27.4624    27.4670    327.109  354.53991  356.11159    34.1745    27.4626    1447.25    1447.26    -0.4730  1027.8787    34.3400 0.0000e+00
      18580 326.473126  -62.20864  -58.30018     -0.586    1447.69     85.000     84.167    -0.4698    -0.4696     0.0002    -0.4725    -0.4722     0.0002   2.805862   2.806304   0.000441    34.1741    34.1797     7.5236    27.4622    27.4668    327.025  354.53499  356.10654    34.1742    27.4624    1447.24    1447.25    -0.4724  1027.8736    34.3397 0.0000e+00
      18619 326.473145  -62.20864  -58.30018     -0.599    1447.69     84.000     83.177    -0.4693    -0.4692     0.0001    -0.4719    -0.4718     0.0001   2.805856   2.806277   0.000422    34.1740    34.1795     7.5266    27.4621    27.4666    327.152  354.53045  356.10189    34.1742    27.4623    1447.23    1447.23    -0.4718  1027.8688    34.3397 0.0000e+00
      18658 326.473164  -62.20864  -58.30018     -0.627    1447.69     83.000     82.187    -0.4655    -0.4666    -0.0011    -0.4681    -0.4692    -0.0011   2.806052   2.806401   0.000351    34.1727    34.1787     7.5309    27.4610    27.4659    327.340  354.49861  356.06919    34.1732    27.4613    1447.23    1447.23    -0.4680  1027.8630    34.3386 0.0000e+00
      18701 326.473185  -62.20864  -58.30018     -0.554    1447.69     82.000     81.197    -0.4625    -0.4620     0.0005    -0.4650    -0.4646     0.0005   2.806170   2.806621   0.000448    34.1717    34.1771     7.5283    27.4599    27.4643    327.230  354.47349  356.04337    34.1720    27.4602    1447.22    1447.23    -0.4650  1027.8571    34.3374 0.0000e+00
      18745 326.473206  -62.20864  -58.30018     -0.543    1447.69     81.000     80.207    -0.4611    -0.4608     0.0003    -0.4636    -0.4633     0.0003   2.806207   2.806653   0.000444    34.1712    34.1768     7.5334    27.4595    27.4640    327.452  354.46167  356.03123    34.1715    27.4597    1447.21    1447.22    -0.4636  1027.8519    34.3369 0.0000e+00
      18785 326.473225  -62.20864  -58.30018     -0.598    1447.69     80.000     79.217    -0.4611    -0.4611    -0.0000    -0.4636    -0.4636    -0.0000   2.806153   2.806579   0.000426    34.1712    34.1770     7.5385    27.4595    27.4642    327.672  354.46153  356.03109    34.1714    27.4596    1447.20    1447.20    -0.4635  1027.8470    34.3368 0.0000e+00
      18822 326.473243  -62.20864  -58.30018     -0.641    1447.69     79.000     78.227    -0.4614    -0.4613     0.0001    -0.4639    -0.4637     0.0001   2.806091   2.806519   0.000427    34.1714    34.1770     7.5414    27.4597    27.4642    327.796  354.46402  356.03366    34.1715    27.4598    1447.18    1447.19    -0.4638  1027.8423    34.3369 0.0000e+00
      18859 326.473261  -62.20864  -58.30018     -0.656    1447.69     78.000     77.239    -0.4613    -0.4613     0.0001    -0.4638    -0.4637     0.0001   2.806048   2.806477   0.000428    34.1714    34.1770     7.5432    27.4596    27.4642    327.878  354.46336  356.03298    34.1715    27.4597    1447.16    1447.17    -0.4637  1027.8375    34.3369 0.0000e+00
      18902 326.473282  -62.20864  -58.30018     -0.571    1447.69     77.000     76.245    -0.4613    -0.4612     0.0001    -0.4637    -0.4636     0.0001   2.806007   2.806427   0.000420    34.1714    34.1769     7.5428    27.4597    27.4641    327.859  354.46294  356.03255    34.1715    27.4598    1447.15    1447.15    -0.4636  1027.8327    34.3369 0.0000e+00
      18948 326.473304  -62.20864  -58.30018     -0.512    1447.69     76.000     75.259    -0.4607    -0.4607     0.0000    -0.4631    -0.4631     0.0000   2.805980   2.806408   0.000428    34.1710    34.1767     7.5381    27.4593    27.4640    327.653  354.45885  356.02832    34.1711    27.4594    1447.13    1447.14    -0.4630  1027.8276    34.3364 0.0000e+00
      18988 326.473323  -62.20864  -58.30018     -0.598    1447.69     75.000     74.264    -0.4573    -0.4578    -0.0005    -0.4596    -0.4601    -0.0005   2.806143   2.806534   0.000395    34.1698    34.1756     7.5441    27.4582    27.4629    327.914  354.43029  355.99898    34.1701    27.4584    1447.13    1447.14    -0.4596  1027.8218    34.3354 0.0000e+00
      19028 326.473342  -62.20864  -58.30016     -0.608    1447.69     74.000     73.276    -0.4562    -0.4564    -0.0001    -0.4585    -0.4587    -0.0001   2.806150   2.806560   0.000409    34.1694    34.1751     7.5440    27.4578    27.4624    327.910  354.42145  355.98990    34.1696    27.4580    1447.12    1447.13    -0.4585  1027.8166    34.3349 0.0000e+00
      19072 326.473364  -62.20864  -58.30016     -0.529    1447.69     73.000     72.286    -0.4563    -0.4560     0.0003    -0.4585    -0.4583     0.0003   2.806093   2.806527   0.000432    34.1694    34.1749     7.5542    27.4578    27.4623    328.355  354.42195  355.99040    34.1695    27.4579    1447.10    1447.11    -0.4585  1027.8117    34.3348 0.0000e+00
      19112 326.473383  -62.20864  -58.30016     -0.601    1447.69     72.000     71.300    -0.4530    -0.4549    -0.0019    -0.4552    -0.4571    -0.0019   2.806278   2.806563   0.000300    34.1684    34.1746     7.5615    27.4569    27.4620    328.670  354.39372  355.96142    34.1689    27.4572    1447.10    1447.10    -0.4552  1027.8062    34.3342 0.0000e+00
      19151 326.473402  -62.20864  -58.30016     -0.627    1447.69     71.000     70.304    -0.4505    -0.4514    -0.0009    -0.4527    -0.4536    -0.0009   2.806371   2.806738   0.000362    34.1677    34.1736     7.5571    27.4562    27.4610    328.482  354.37263  355.93978    34.1679    27.4564    1447.09    1447.10    -0.4527  1027.8006    34.3332 0.0000e+00
      19194 326.473422  -62.20864  -58.30016     -0.557    1447.69     70.000     69.316    -0.4507    -0.4504     0.0003    -0.4529    -0.4526     0.0003   2.806312   2.806748   0.000432    34.1678    34.1733     7.5607    27.4563    27.4607    328.640  354.37415  355.94134    34.1680    27.4564    1447.08    1447.08    -0.4528  1027.7958    34.3332 0.0000e+00
      19234 326.473442  -62.20864  -58.30016     -0.595    1447.69     69.000     68.326    -0.4502    -0.4501     0.0002    -0.4524    -0.4522     0.0002   2.806278   2.806714   0.000434    34.1675    34.1731     7.5657    27.4560    27.4605    328.856  354.37078  355.93785    34.1676    27.4561    1447.06    1447.07    -0.4523  1027.7907    34.3329 0.0000e+00
      19274 326.473461  -62.20864  -58.30016     -0.597    1447.69     68.000     67.336    -0.4496    -0.4495     0.0001    -0.4517    -0.4516     0.0001   2.806271   2.806695   0.000423    34.1673    34.1728     7.5657    27.4558    27.4603    328.854  354.36560  355.93254    34.1674    27.4559    1447.05    1447.06    -0.4517  1027.7858    34.3327 0.0000e+00
