Pos-Processados/process_op38/Processamento_split/up/uoperantar38_009.cnv
* Sea-Bird SBE 9 Data File:
* FileName = D:\OPERANTAR_XXXVIII\DADOS\OP38_009.hdr
* Software Version Seasave V 7.18c
* Temperature SN = 4808
* Conductivity SN = 3380
* Number of Bytes Per Scan = 31
* Number of Voltage Words = 2
* Number of Scans Averaged by the Deck Unit = 1
* NMEA Latitude = 44 15.92 S
* NMEA Longitude = 052 42.25 W
* NMEA UTC (Time) = Oct 20 2019 07:17:42
** H41
** NAVIO POLAR ALMIRANTE MAXIMIANO
** CRUZEIRO:
** OPERANTAR XXXVIII
** ESTAวรO: OP38_009
** LAT 44บ 15,92'S
** LONG 052บ 42,27'W
** 09P73767-1155
** PROFUNDIDADE: 5806
** DATA/HORA: 200718Z/OUT/19
** OPERADOR: CTTECCHIO
# nquan = 33
# nvalues = 1018                        
# units = specified
# name 0 = scan: Scan Count
# name 1 = timeJ: Julian Days
# name 2 = latitude: Latitude [deg]
# name 3 = longitude: Longitude [deg]
# name 4 = dz/dtM: Descent Rate [m/s]
# name 5 = avgsvCM: Average Sound Velocity [Chen-Millero, m/s]
# name 6 = prDM: Pressure, Digiquartz [db]
# name 7 = depSM: Depth [salt water, m]
# name 8 = t090C: Temperature [ITS-90, deg C]
# name 9 = t190C: Temperature, 2 [ITS-90, deg C]
# name 10 = T2-T190C: Temperature Difference, 2 - 1 [ITS-90, deg C]
# name 11 = potemp090C: Potential Temperature [ITS-90, deg C]
# name 12 = potemp190C: Potential Temperature, 2 [ITS-90, deg C]
# name 13 = potemp90Cdiff: Potential Temperature, Diff, 2 - 1 [ITS-90, deg C]
# name 14 = c0S/m: Conductivity [S/m]
# name 15 = c1S/m: Conductivity, 2 [S/m]
# name 16 = C2-C1S/m: Conductivity Difference, 2 - 1 [S/m]
# name 17 = sal00: Salinity, Practical [PSU]
# name 18 = sal11: Salinity, Practical, 2 [PSU]
# name 19 = sbeox0ML/L: Oxygen, SBE 43 [ml/l]
# name 20 = sigma-้00: Density [sigma-theta, kg/m^3]
# name 21 = sigma-้11: Density, 2 [sigma-theta, kg/m^3]
# name 22 = sbox0Mm/Kg: Oxygen, SBE 43 [umol/kg]
# name 23 = oxsolMm/Kg: Oxygen Saturation, Garcia & Gordon [umol/kg]
# name 24 = oxsatMm/Kg: Oxygen Saturation, Weiss [umol/kg]
# name 25 = sal00: Salinity, Practical [PSU]
# name 26 = sigma-้00: Density [sigma-theta, kg/m^3]
# name 27 = svCM: Sound Velocity [Chen-Millero, m/s]
# name 28 = svCM1: Sound Velocity, 2 [Chen-Millero, m/s]
# name 29 = gsw_ptA0: potential temperature [ITS-90, deg C]
# name 30 = gsw_densityA0: density, TEOS-10 [density, kg/m^3]
# name 31 = gsw_saA0: Absolute Salinity [g/kg]
# name 32 = flag:
# span 0 =      32211,      64185       
# span 1 = 293.319492, 293.334912       
# span 2 =  -44.26542,  -44.26538       
# span 3 =  -52.70420,  -52.70418       
# span 4 =     -1.402,     -0.112       
# span 5 =    1497.43,    1497.43       
# span 6 =      3.000,   1020.000       
# span 7 =      3.001,   1009.306       
# span 8 =     3.8342,    14.2229       
# span 9 =     3.8340,    14.2233       
# span 10 =    -0.0385,     0.0129      
# span 11 =     3.7587,    14.1773      
# span 12 =     3.7585,    14.1774      
# span 13 =    -0.0383,     0.0128      
# span 14 =   3.218483,   4.302463      
# span 15 =   3.218836,   4.303143      
# span 16 =  -0.003475,   0.002118      
# span 17 =    34.1839,    35.6672      
# span 18 =    34.1890,    35.6735      
# span 19 =     4.3033,     5.9736      
# span 20 =    26.6622,    27.1740      
# span 21 =    26.6672,    27.1775      
# span 22 =    187.177,    259.760      
# span 23 =  250.46516,  317.97380      
# span 24 =  250.31234,  318.79621      
# span 25 =    34.1838,    35.6672      
# span 26 =    26.6613,    27.1739      
# span 27 =    1481.68,    1510.91      
# span 28 =    1481.68,    1510.92      
# span 29 =     3.7585,    14.1773      
# span 30 =  1026.6824,  1031.8786      
# span 31 =    34.3454,    35.8364      
# span 32 = 0.0000e+00, 0.0000e+00      
# interval = decibars: 1                
# start_time = Oct 20 2019 07:17:42 [NMEA time, header]
# bad_flag = -9.990e-29
*END*
[from data line 924]
      56363 293.331139  -44.26542  -52.70418     -0.988    1497.43     96.000     95.205    14.1268    14.1271     0.0003    14.1129    14.1131     0.0003   4.279810   4.280510   0.000703    35.6460    35.6523     5.2688    26.6626    26.6674    229.193  250.98238  250.83524    35.6460    26.6626    1506.23    1506.24    14.1128  1027.0903    35.8144 0.0000e+00
      56391 293.331153  -44.26542  -52.70418     -0.917    1497.43     95.000     94.213    14.1267    14.1270     0.0002    14.1128    14.1131     0.0002   4.279755   4.280446   0.000689    35.6461    35.6523     5.2625    26.6627    26.6674    228.917  250.98300  250.83587    35.6460    26.6626    1506.22    1506.22    14.1128  1027.0859    35.8145 0.0000e+00
      56431 293.331172  -44.26542  -52.70418     -0.628    1497.43     94.000     93.222    14.1265    14.1269     0.0003    14.1129    14.1132     0.0003   4.279697   4.280395   0.000696    35.6461    35.6523     5.2617    26.6627    26.6674    228.884  250.98377  250.83666    35.6460    26.6626    1506.20    1506.21    14.1128  1027.0815    35.8145 0.0000e+00
      56468 293.331190  -44.26542  -52.70418     -0.605    1497.43     93.000     92.232    14.1263    14.1265     0.0003    14.1127    14.1130     0.0003   4.279605   4.280315   0.000713    35.6459    35.6523     5.2611    26.6626    26.6675    228.857  250.98544  250.83833    35.6458    26.6625    1506.18    1506.19    14.1127  1027.0770    35.8143 0.0000e+00
      56497 293.331204  -44.26542  -52.70418     -0.787    1497.43     92.000     91.237    14.1258    14.1259     0.0000    14.1124    14.1125     0.0000   4.279521   4.280189   0.000670    35.6459    35.6521     5.2605    26.6626    26.6674    228.833  250.98777  250.84070    35.6459    26.6626    1506.16    1506.17    14.1124  1027.0727    35.8143 0.0000e+00
      56525 293.331217  -44.26542  -52.70418     -0.865    1497.43     91.000     90.248    14.1258    14.1261     0.0003    14.1126    14.1129     0.0003   4.279555   4.280255   0.000697    35.6466    35.6529     5.2622    26.6632    26.6679    228.908  250.98624  250.83918    35.6466    26.6631    1506.15    1506.16    14.1126  1027.0688    35.8151 0.0000e+00
      56553 293.331231  -44.26542  -52.70418     -0.848    1497.43     90.000     89.256    14.1256    14.1259     0.0002    14.1125    14.1128     0.0002   4.279491   4.280189   0.000700    35.6467    35.6530     5.2612    26.6632    26.6680    228.865  250.98737  250.84032    35.6466    26.6632    1506.13    1506.14    14.1125  1027.0644    35.8151 0.0000e+00
      56581 293.331244  -44.26540  -52.70418     -0.846    1497.43     89.000     88.265    14.1254    14.1257     0.0003    14.1125    14.1128     0.0003   4.279438   4.280144   0.000704    35.6468    35.6531     5.2606    26.6633    26.6681    228.837  250.98817  250.84113    35.6467    26.6633    1506.11    1506.12    14.1125  1027.0601    35.8152 0.0000e+00
      56605 293.331256  -44.26540  -52.70418     -0.931    1497.43     88.000     87.273    14.1258    14.1260     0.0002    14.1130    14.1131     0.0002   4.279420   4.280114   0.000696    35.6467    35.6530     5.2734    26.6631    26.6679    229.393  250.98667  250.83960    35.6467    26.6631    1506.10    1506.11    14.1129  1027.0555    35.8151 0.0000e+00
      56627 293.331266  -44.26542  -52.70418     -1.061    1497.43     87.000     86.282    14.1259    14.1261     0.0002    14.1133    14.1135     0.0002   4.279368   4.280055   0.000686    35.6465    35.6527     5.2672    26.6629    26.6677    229.122  250.98609  250.83902    35.6465    26.6629    1506.08    1506.09    14.1133  1027.0509    35.8149 0.0000e+00
      56651 293.331278  -44.26542  -52.70418     -1.033    1497.43     86.000     85.290    14.1256    14.1259     0.0003    14.1131    14.1134     0.0003   4.279299   4.279994   0.000698    35.6465    35.6528     5.2735    26.6630    26.6677    229.400  250.98757  250.84051    35.6465    26.6630    1506.06    1506.07    14.1131  1027.0466    35.8150 0.0000e+00
      56683 293.331293  -44.26542  -52.70418     -0.834    1497.43     85.000     84.298    14.1257    14.1260     0.0003    14.1133    14.1136     0.0003   4.279242   4.279946   0.000703    35.6463    35.6527     5.2569    26.6628    26.6676    228.674  250.98750  250.84043    35.6463    26.6627    1506.05    1506.06    14.1133  1027.0420    35.8148 0.0000e+00
      56721 293.331312  -44.26542  -52.70418     -0.635    1497.43     84.000     83.307    14.1257    14.1259     0.0003    14.1134    14.1137     0.0003   4.279189   4.279886   0.000699    35.6463    35.6526     5.2550    26.6627    26.6675    228.593  250.98780  250.84073    35.6463    26.6627    1506.03    1506.04    14.1134  1027.0375    35.8147 0.0000e+00
      56760 293.331331  -44.26542  -52.70418     -0.615    1497.43     83.000     82.315    14.1254    14.1257     0.0003    14.1133    14.1135     0.0003   4.279116   4.279814   0.000698    35.6463    35.6526     5.2638    26.6628    26.6675    228.978  250.98918  250.84213    35.6463    26.6627    1506.01    1506.02    14.1133  1027.0331    35.8147 0.0000e+00
      56797 293.331348  -44.26542  -52.70418     -0.644    1497.43     82.000     81.324    14.1257    14.1260     0.0003    14.1138    14.1141     0.0003   4.279098   4.279809   0.000712    35.6463    35.6526     5.2612    26.6626    26.6675    228.865  250.98765  250.84059    35.6462    26.6626    1506.00    1506.01    14.1138  1027.0286    35.8147 0.0000e+00
      56831 293.331365  -44.26542  -52.70418     -0.691    1497.43     81.000     80.332    14.1253    14.1256     0.0003    14.1135    14.1138     0.0003   4.279006   4.279710   0.000703    35.6462    35.6525     5.2637    26.6626    26.6674    228.971  250.98971  250.84267    35.6461    26.6626    1505.98    1505.99    14.1136  1027.0241    35.8146 0.0000e+00
      56861 293.331379 -9.990e-29  -52.70418     -0.760    1497.43     80.000     79.340    14.1253    14.1255     0.0002    14.1136    14.1138     0.0002   4.278981   4.279688   0.000706    35.6464    35.6528     5.2559    26.6628    26.6677    228.632  250.98954  250.84250    35.6464    26.6627    1505.96    1505.97    14.1136  1027.0199    35.8148 0.0000e+00
      56887 293.331392 -9.990e-29  -52.70418     -0.879    1497.43     79.000     78.349    14.1250    14.1254     0.0004    14.1135    14.1140     0.0004   4.278889   4.279627   0.000736    35.6463    35.6528     5.2482    26.6627    26.6676    228.298  250.99108  250.84405    35.6462    26.6626    1505.95    1505.96    14.1135  1027.0154    35.8146 0.0000e+00
      56909 293.331402 -9.990e-29  -52.70418     -1.018    1497.43     78.000     77.358    14.1246    14.1248     0.0002    14.1132    14.1134     0.0002   4.278802   4.279497   0.000699    35.6463    35.6526     5.2597    26.6627    26.6676    228.799  250.99348  250.84649    35.6462    26.6627    1505.93    1505.94    14.1132  1027.0110    35.8147 0.0000e+00
      56930 293.331413  -44.26542  -52.70418     -1.115    1497.43     77.000     76.366    14.1246    14.1248     0.0002    14.1134    14.1136     0.0001   4.278749   4.279457   0.000709    35.6462    35.6527     5.2630    26.6627    26.6676    228.944  250.99335  250.84636    35.6461    26.6626    1505.91    1505.92    14.1134  1027.0065    35.8145 0.0000e+00
      56954 293.331424  -44.26542  -52.70418     -1.060    1497.43     76.000     75.374    14.1244    14.1245     0.0001    14.1133    14.1134     0.0001   4.278671   4.279365   0.000692    35.6461    35.6524     5.2570    26.6626    26.6675    228.682  250.99484  250.84786    35.6460    26.6625    1505.89    1505.90    14.1133  1027.0021    35.8145 0.0000e+00
      56986 293.331439  -44.26542  -52.70418     -0.826    1497.43     75.000     74.383    14.1243    14.1246     0.0003    14.1133    14.1137     0.0003   4.278624   4.279334   0.000709    35.6461    35.6524     5.2586    26.6626    26.6674    228.752  250.99521  250.84824    35.6461    26.6626    1505.88    1505.89    14.1134  1026.9977    35.8145 0.0000e+00
      57019 293.331456  -44.26542  -52.70418     -0.713    1497.43     74.000     73.391    14.1244    14.1245     0.0001    14.1136    14.1137     0.0001   4.278592   4.279282   0.000692    35.6462    35.6525     5.2753    26.6626    26.6675    229.475  250.99455  250.84757    35.6461    26.6625    1505.86    1505.87    14.1136  1026.9932    35.8145 0.0000e+00
      57050 293.331470 -9.990e-29  -52.70418     -0.766    1497.43     73.000     72.399    14.1243    14.1245     0.0002    14.1137    14.1139     0.0002   4.278551   4.279249   0.000699    35.6462    35.6526     5.2635    26.6626    26.6675    228.963  250.99482  250.84784    35.6462    26.6626    1505.84    1505.85    14.1137  1026.9889    35.8146 0.0000e+00
      57078 293.331484 -9.990e-29  -52.70418     -0.834    1497.43     72.000     71.408    14.1245    14.1246     0.0002    14.1140    14.1142     0.0002   4.278525   4.279215   0.000691    35.6463    35.6526     5.2544    26.6626    26.6674    228.570  250.99395  250.84696    35.6462    26.6625    1505.83    1505.84    14.1140  1026.9844    35.8147 0.0000e+00
      57109 293.331499 -9.990e-29  -52.70419     -0.796    1497.43     71.000     70.416    14.1249    14.1251     0.0002    14.1146    14.1148     0.0002   4.278530   4.279241   0.000709    35.6463    35.6528     5.2501    26.6625    26.6674    228.382  250.99155  250.84454    35.6463    26.6625    1505.81    1505.82    14.1146  1026.9799    35.8147 0.0000e+00
      57139 293.331513 -9.990e-29  -52.70418     -0.772    1497.43     70.000     69.425    14.1249    14.1250     0.0001    14.1147    14.1148     0.0001   4.278490   4.279181   0.000692    35.6464    35.6528     5.2564    26.6625    26.6674    228.656  250.99172  250.84471    35.6464    26.6625    1505.80    1505.80    14.1147  1026.9756    35.8148 0.0000e+00
      57163 293.331525 -9.990e-29  -52.70418     -0.900    1497.43     69.000     68.433    14.1248    14.1249     0.0001    14.1147    14.1149     0.0001   4.278438   4.279132   0.000690    35.6465    35.6528     5.2490    26.6626    26.6674    228.334  250.99203  250.84503    35.6464    26.6625    1505.78    1505.79    14.1147  1026.9712    35.8149 0.0000e+00
      57184 293.331535 -9.990e-29  -52.70418     -1.062    1497.43     68.000     67.441    14.1247    14.1247    -0.0000    14.1148    14.1148    -0.0000   4.278389   4.279081   0.000693    35.6465    35.6530     5.2455    26.6626    26.6676    228.181  250.99235  250.84535    35.6464    26.6625    1505.76    1505.77    14.1148  1026.9668    35.8149 0.0000e+00
      57206 293.331546 -9.990e-29  -52.70418     -1.139    1497.43     67.000     66.450    14.1246    14.1246     0.0000    14.1149    14.1149     0.0000   4.278333   4.279026   0.000694    35.6465    35.6529     5.2508    26.6626    26.6675    228.409  250.99293  250.84594    35.6464    26.6625    1505.75    1505.75    14.1149  1026.9624    35.8149 0.0000e+00
      57230 293.331557  -44.26542  -52.70418     -1.072    1497.43     66.000     65.458    14.1244    14.1245     0.0002    14.1147    14.1149     0.0002   4.278252   4.278964   0.000710    35.6464    35.6529     5.2629    26.6625    26.6675    228.936  250.99440  250.84742    35.6463    26.6625    1505.73    1505.74    14.1148  1026.9579    35.8147 0.0000e+00
      57258 293.331571  -44.26542 -9.990e-29     -0.912    1497.43     65.000     64.467    14.1238    14.1240     0.0003    14.1143    14.1146     0.0003   4.278141   4.278863   0.000721    35.6464    35.6528     5.2607    26.6626    26.6675    228.841  250.99741  250.85047    35.6463    26.6625    1505.71    1505.72    14.1143  1026.9535    35.8147 0.0000e+00
      57287 293.331585  -44.26542 -9.990e-29     -0.813    1497.43     64.000     63.475    14.1239    14.1239     0.0000    14.1145    14.1146     0.0000   4.278103   4.278793   0.000693    35.6463    35.6528     5.2513    26.6625    26.6675    228.432  250.99713  250.85018    35.6462    26.6624    1505.70    1505.70    14.1146  1026.9490    35.8146 0.0000e+00
      57315 293.331598  -44.26542  -52.70420     -0.838    1497.43     63.000     62.483    14.1233    14.1235     0.0001    14.1142    14.1143     0.0001   4.277995   4.278689   0.000694    35.6462    35.6526     5.2503    26.6625    26.6674    228.391  250.99978  250.85286    35.6462    26.6625    1505.68    1505.68    14.1142  1026.9446    35.8146 0.0000e+00
      57343 293.331612  -44.26542  -52.70418     -0.870    1497.43     62.000     61.492    14.1227    14.1227    -0.0000    14.1137    14.1137    -0.0000   4.277874   4.278546   0.000672    35.6462    35.6525     5.2539    26.6626    26.6674    228.546  251.00305  250.85617    35.6461    26.6625    1505.66    1505.66    14.1136  1026.9402    35.8144 0.0000e+00
      57371 293.331625  -44.26540  -52.70418     -0.853    1497.43     61.000     60.500    14.1221    14.1222     0.0001    14.1132    14.1133     0.0001   4.277762   4.278463   0.000699    35.6461    35.6525     5.2639    26.6626    26.6675    228.982  251.00622  250.85937    35.6460    26.6625    1505.64    1505.65    14.1132  1026.9358    35.8143 0.0000e+00
      57399 293.331639  -44.26540  -52.70419     -0.862    1497.43     60.000     59.508    14.1216    14.1218     0.0002    14.1129    14.1130     0.0002   4.277645   4.278352   0.000705    35.6459    35.6523     5.2611    26.6625    26.6675    228.858  251.00892  250.86210    35.6457    26.6624    1505.62    1505.63    14.1129  1026.9313    35.8141 0.0000e+00
      57425 293.331651  -44.26540  -52.70420     -0.901    1497.43     59.000     58.517    14.1205    14.1207     0.0003    14.1119    14.1121     0.0003   4.277443   4.278166   0.000720    35.6456    35.6520     5.2476    26.6625    26.6674    228.273  251.01535  250.86860    35.6454    26.6623    1505.60    1505.61    14.1119  1026.9268    35.8137 0.0000e+00
      57451 293.331664  -44.26540  -52.70420     -0.925    1497.43     58.000     57.525    14.1197    14.1206     0.0010    14.1112    14.1122     0.0010   4.277293   4.278121   0.000827    35.6453    35.6521     5.2486    26.6624    26.6675    228.316  251.01986  250.87316    35.6451    26.6622    1505.58    1505.59    14.1112  1026.9223    35.8134 0.0000e+00
      57476 293.331676  -44.26541  -52.70420     -0.946    1497.43     57.000     56.533    14.1188    14.1191     0.0003    14.1105    14.1108     0.0003   4.277146   4.277869   0.000730    35.6452    35.6517     5.2464    26.6624    26.6674    228.217  251.02459  250.87794    35.6450    26.6623    1505.56    1505.57    14.1105  1026.9180    35.8133 0.0000e+00
      57499 293.331687  -44.26542  -52.70420     -0.987    1497.43     56.000     55.541    14.1186    14.1186     0.0000    14.1104    14.1104     0.0000   4.277083   4.277777   0.000697    35.6452    35.6516     5.2522    26.6625    26.6675    228.473  251.02556  250.87893    35.6450    26.6624    1505.54    1505.55    14.1104  1026.9136    35.8133 0.0000e+00
      57523 293.331698  -44.26542  -52.70420     -1.019    1497.43     55.000     54.550    14.1185    14.1186     0.0001    14.1105    14.1106     0.0001   4.277037   4.277728   0.000688    35.6451    35.6515     5.2503    26.6624    26.6673    228.387  251.02573  250.87909    35.6450    26.6624    1505.53    1505.53    14.1105  1026.9092    35.8134 0.0000e+00
      57550 293.331711  -44.26542  -52.70420     -0.951    1497.43     54.000     53.558    14.1186    14.1187     0.0001    14.1107    14.1109     0.0001   4.277000   4.277708   0.000707    35.6452    35.6516     5.2550    26.6624    26.6674    228.592  251.02546  250.87882    35.6451    26.6623    1505.51    1505.52    14.1107  1026.9048    35.8134 0.0000e+00
