Pos-Processados/process_op38/Processamento_split/up/uoperantar38_022.cnv
* Sea-Bird SBE 9 Data File:
* FileName = D:\OPERANTAR_XXXVIII\DADOS\OP38_022.hdr
* Software Version Seasave V 7.18c
* Temperature SN = 4808
* Conductivity SN = 3380
* Number of Bytes Per Scan = 34
* Number of Voltage Words = 3
* Number of Scans Averaged by the Deck Unit = 1
* NMEA Latitude = 62 12.34 S
* NMEA Longitude = 058 18.00 W
* NMEA UTC (Time) = Nov 22 2019 17:26:52
** H41
** NAVIO POLAR ALMIRANTE MAXIMIANO
** CRUZEIRO:
** OPERANTAR XXXVIII
** ESTAÇÃO: OP38_022
** LAT 62 12,33'S
** LONG 058 18,01'W
** 09P73767-1155_A
** PROFUNDIDADE: 200
** DATA/HORA: 221727Z/NOV/2019
** OPERADOR: SO-HN CHAVES
# nquan = 33
# nvalues = 159                         
# units = specified
# name 0 = scan: Scan Count
# name 1 = timeJ: Julian Days
# name 2 = latitude: Latitude [deg]
# name 3 = longitude: Longitude [deg]
# name 4 = dz/dtM: Descent Rate [m/s]
# name 5 = avgsvCM: Average Sound Velocity [Chen-Millero, m/s]
# name 6 = prDM: Pressure, Digiquartz [db]
# name 7 = depSM: Depth [salt water, m]
# name 8 = t090C: Temperature [ITS-90, deg C]
# name 9 = t190C: Temperature, 2 [ITS-90, deg C]
# name 10 = T2-T190C: Temperature Difference, 2 - 1 [ITS-90, deg C]
# name 11 = potemp090C: Potential Temperature [ITS-90, deg C]
# name 12 = potemp190C: Potential Temperature, 2 [ITS-90, deg C]
# name 13 = potemp90Cdiff: Potential Temperature, Diff, 2 - 1 [ITS-90, deg C]
# name 14 = c0S/m: Conductivity [S/m]
# name 15 = c1S/m: Conductivity, 2 [S/m]
# name 16 = C2-C1S/m: Conductivity Difference, 2 - 1 [S/m]
# name 17 = sal00: Salinity, Practical [PSU]
# name 18 = sal11: Salinity, Practical, 2 [PSU]
# name 19 = sbeox0ML/L: Oxygen, SBE 43 [ml/l]
# name 20 = sigma-é00: Density [sigma-theta, kg/m^3]
# name 21 = sigma-é11: Density, 2 [sigma-theta, kg/m^3]
# name 22 = sbox0Mm/Kg: Oxygen, SBE 43 [umol/kg]
# name 23 = oxsolMm/Kg: Oxygen Saturation, Garcia & Gordon [umol/kg]
# name 24 = oxsatMm/Kg: Oxygen Saturation, Weiss [umol/kg]
# name 25 = sal00: Salinity, Practical [PSU]
# name 26 = sigma-é00: Density [sigma-theta, kg/m^3]
# name 27 = svCM: Sound Velocity [Chen-Millero, m/s]
# name 28 = svCM1: Sound Velocity, 2 [Chen-Millero, m/s]
# name 29 = gsw_ptA0: potential temperature [ITS-90, deg C]
# name 30 = gsw_densityA0: density, TEOS-10 [density, kg/m^3]
# name 31 = gsw_saA0: Absolute Salinity [g/kg]
# name 32 = flag:
# span 0 =      14027,      21572       
# span 1 = 326.733755, 326.737394       
# span 2 =  -62.20580,  -62.20578       
# span 3 =  -58.30022,  -58.30018       
# span 4 =     -0.792,     -0.113       
# span 5 =    1447.10,    1447.10       
# span 6 =      2.000,    160.000       
# span 7 =      1.984,    158.404       
# span 8 =    -0.6205,    -0.1582       
# span 9 =    -0.6202,    -0.1581       
# span 10 =    -0.0084,     0.0053      
# span 11 =    -0.6253,    -0.1584      
# span 12 =    -0.6250,    -0.1583      
# span 13 =    -0.0084,     0.0053      
# span 14 =   2.801078,   2.825015      
# span 15 =   2.801494,   2.825472      
# span 16 =  -0.000165,   0.000759      
# span 17 =    34.1290,    34.2506      
# span 18 =    34.1345,    34.2558      
# span 19 =     7.1955,     7.7083      
# span 20 =    27.4110,    27.5308      
# span 21 =    27.4155,    27.5350      
# span 22 =    312.740,    335.065      
# span 23 =  351.77296,  355.73621      
# span 24 =  353.27751,  357.34364      
# span 25 =    34.1288,    34.2506      
# span 26 =    27.4111,    27.5308      
# span 27 =    1446.58,    1447.86      
# span 28 =    1446.59,    1447.87      
# span 29 =    -0.6252,    -0.1584      
# span 30 =  1027.4255,  1028.3013      
# span 31 =    34.2935,    34.4173      
# span 32 = 0.0000e+00, 0.0000e+00      
# interval = decibars: 1                
# start_time = Nov 22 2019 17:26:52 [NMEA time, header]
# bad_flag = -9.990e-29
*END*
      14027 326.733755  -62.20578  -58.30020     -0.113    1447.10    160.000    158.404    -0.6199    -0.6196     0.0003    -0.6247    -0.6245     0.0003   2.802373   2.802784   0.000411    34.2506    34.2558     7.2022    27.5308    27.5350    313.031  355.72600  357.33354    34.2506    27.5308    1447.86    1447.87    -0.6247  1028.3013    34.4173 0.0000e+00
      14213 326.733845  -62.20578  -58.30020     -0.196    1447.10    159.000    157.411    -0.6199    -0.6196     0.0003    -0.6247    -0.6244     0.0003   2.802317   2.802722   0.000406    34.2504    34.2556     7.2007    27.5307    27.5348    312.966  355.72665  357.33419    34.2505    27.5307    1447.84    1447.85    -0.6246  1028.2964    34.4172 0.0000e+00
      14305 326.733889  -62.20580  -58.30020     -0.257    1447.10    158.000    156.424    -0.6203    -0.6201     0.0003    -0.6251    -0.6249     0.0003   2.802195   2.802605   0.000410    34.2500    34.2552     7.2004    27.5304    27.5346    312.953  355.73210  357.33970    34.2499    27.5303    1447.83    1447.83    -0.6250  1028.2912    34.4167 0.0000e+00
      14399 326.733934  -62.20580  -58.30020     -0.295    1447.10    157.000    155.432    -0.6205    -0.6202     0.0003    -0.6253    -0.6250     0.0003   2.802097   2.802512   0.000415    34.2494    34.2547     7.1955    27.5299    27.5342    312.740  355.73493  357.34253    34.2494    27.5299    1447.81    1447.82    -0.6252  1028.2860    34.4161 0.0000e+00
      14450 326.733959  -62.20578  -58.30020     -0.457    1447.10    156.000    154.444    -0.6204    -0.6202     0.0002    -0.6252    -0.6249     0.0002   2.802056   2.802463   0.000409    34.2494    34.2546     7.1991    27.5299    27.5341    312.896  355.73440  357.34198    34.2493    27.5299    1447.79    1447.80    -0.6250  1028.2812    34.4161 0.0000e+00
      14523 326.733994  -62.20578  -58.30020     -0.300    1447.10    155.000    153.456    -0.6201    -0.6196     0.0004    -0.6248    -0.6243     0.0004   2.801983   2.802375   0.000390    34.2487    34.2534     7.1962    27.5293    27.5331    312.773  355.73340  357.34088    34.2486    27.5292    1447.78    1447.78    -0.6247  1028.2759    34.4153 0.0000e+00
      14590 326.734026  -62.20578  -58.30020     -0.396    1447.10    154.000    152.463    -0.6200    -0.6197     0.0003    -0.6247    -0.6244     0.0003   2.801883   2.802301   0.000418    34.2478    34.2531     7.1983    27.5286    27.5328    312.862  355.73481  357.34221    34.2478    27.5286    1447.76    1447.77    -0.6246  1028.2704    34.4145 0.0000e+00
      14643 326.734052  -62.20578  -58.30020     -0.451    1447.10    153.000    151.475    -0.6201    -0.6197     0.0004    -0.6248    -0.6244     0.0004   2.801821   2.802235   0.000413    34.2477    34.2528     7.1957    27.5285    27.5326    312.752  355.73621  357.34364    34.2477    27.5285    1447.74    1447.75    -0.6247  1028.2655    34.4144 0.0000e+00
      14699 326.734079  -62.20578  -58.30020     -0.428    1447.10    152.000    150.485    -0.6191    -0.6183     0.0009    -0.6238    -0.6229     0.0009   2.801809   2.802245   0.000437    34.2470    34.2519     7.2019    27.5279    27.5318    313.022  355.72917  357.33635    34.2471    27.5279    1447.73    1447.74    -0.6236  1028.2602    34.4137 0.0000e+00
      14752 326.734104  -62.20578  -58.30020     -0.450    1447.10    151.000    149.496    -0.6171    -0.6173    -0.0002    -0.6217    -0.6219    -0.0002   2.801856   2.802246   0.000391    34.2459    34.2514     7.1988    27.5269    27.5314    312.884  355.71301  357.31970    34.2460    27.5270    1447.72    1447.73    -0.6216  1028.2545    34.4126 0.0000e+00
      14813 326.734134  -62.20578  -58.30020     -0.387    1447.10    150.000    148.506    -0.6157    -0.6149     0.0008    -0.6203    -0.6195     0.0008   2.801818   2.802239   0.000422    34.2444    34.2492     7.2089    27.5257    27.5295    313.326  355.70422  357.31053    34.2446    27.5258    1447.71    1447.72    -0.6202  1028.2485    34.4112 0.0000e+00
      14865 326.734159  -62.20578  -58.30020     -0.464    1447.10    149.000    147.516    -0.6130    -0.6130     0.0000    -0.6175    -0.6175     0.0000   2.801803   2.802215   0.000414    34.2417    34.2473     7.2150    27.5234    27.5278    313.591  355.68633  357.29191    34.2419    27.5235    1447.70    1447.71    -0.6174  1028.2414    34.4085 0.0000e+00
      14912 326.734182  -62.20578  -58.30020     -0.514    1447.10    148.000    146.527    -0.6119    -0.6117     0.0001    -0.6164    -0.6162     0.0001   2.801799   2.802206   0.000406    34.2410    34.2464     7.2302    27.5228    27.5270    314.253  355.67771  357.28302    34.2412    27.5229    1447.69    1447.70    -0.6163  1028.2360    34.4078 0.0000e+00
      14965 326.734207  -62.20578  -58.30020     -0.450    1447.10    147.000    145.537    -0.6112    -0.6108     0.0004    -0.6157    -0.6153     0.0004   2.801764   2.802184   0.000419    34.2404    34.2456     7.2332    27.5222    27.5264    314.381  355.67308  357.27822    34.2406    27.5223    1447.68    1447.69    -0.6156  1028.2307    34.4072 0.0000e+00
      15014 326.734231  -62.20578  -58.30020     -0.489    1447.10    146.000    144.547    -0.6110    -0.6107     0.0003    -0.6155    -0.6151     0.0003   2.801722   2.802140   0.000420    34.2403    34.2456     7.2457    27.5221    27.5264    314.928  355.67167  357.27675    34.2404    27.5222    1447.66    1447.67    -0.6153  1028.2257    34.4070 0.0000e+00
      15060 326.734253  -62.20578  -58.30020     -0.518    1447.10    145.000    143.558    -0.6109    -0.6106     0.0003    -0.6154    -0.6151     0.0003   2.801677   2.802090   0.000412    34.2403    34.2455     7.2447    27.5221    27.5263    314.880  355.67115  357.27622    34.2403    27.5221    1447.65    1447.65    -0.6152  1028.2209    34.4069 0.0000e+00
      15111 326.734278  -62.20578  -58.30020     -0.474    1447.10    144.000    142.568    -0.6108    -0.6104     0.0004    -0.6152    -0.6148     0.0004   2.801635   2.802049   0.000413    34.2401    34.2453     7.2487    27.5219    27.5261    315.056  355.66978  357.27480    34.2402    27.5220    1447.63    1447.64    -0.6151  1028.2160    34.4067 0.0000e+00
      15163 326.734303  -62.20578  -58.30020     -0.461    1447.10    143.000    141.578    -0.6106    -0.6103     0.0003    -0.6149    -0.6146     0.0003   2.801588   2.802005   0.000418    34.2399    34.2452     7.2455    27.5218    27.5260    314.919  355.66868  357.27365    34.2399    27.5218    1447.61    1447.62    -0.6148  1028.2110    34.4065 0.0000e+00
      15214 326.734327  -62.20578  -58.30020     -0.474    1447.10    142.000    140.589    -0.6106    -0.6103     0.0003    -0.6149    -0.6147     0.0003   2.801534   2.801950   0.000417    34.2398    34.2452     7.2440    27.5217    27.5260    314.853  355.66917  357.27414    34.2399    27.5217    1447.60    1447.61    -0.6148  1028.2062    34.4064 0.0000e+00
      15260 326.734350  -62.20578  -58.30020     -0.513    1447.10    141.000    139.599    -0.6104    -0.6103     0.0001    -0.6147    -0.6146     0.0001   2.801496   2.801900   0.000406    34.2396    34.2451     7.2457    27.5216    27.5259    314.925  355.66742  357.27233    34.2397    27.5216    1447.58    1447.59    -0.6146  1028.2012    34.4062 0.0000e+00
      15301 326.734369  -62.20578  -58.30020     -0.583    1447.10    140.000    138.614    -0.6074    -0.6073     0.0001    -0.6116    -0.6116     0.0001   2.801630   2.802030   0.000398    34.2385    34.2438     7.2469    27.5205    27.5248    314.979  355.64245  357.24666    34.2387    27.5207    1447.58    1447.59    -0.6116  1028.1956    34.4053 0.0000e+00
      15352 326.734394  -62.20578  -58.30020     -0.474    1447.10    139.000    137.619    -0.6054    -0.6049     0.0005    -0.6096    -0.6091     0.0005   2.801678   2.802111   0.000432    34.2376    34.2429     7.2443    27.5197    27.5239    314.867  355.62643  357.23016    34.2377    27.5198    1447.57    1447.58    -0.6095  1028.1899    34.4043 0.0000e+00
      15414 326.734424  -62.20578  -58.30020     -0.374    1447.10    138.000    136.627    -0.6063    -0.6050     0.0013    -0.6105    -0.6092     0.0013   2.801581   2.802060   0.000476    34.2381    34.2430     7.2510    27.5201    27.5240    315.155  355.63380  357.23775    34.2381    27.5201    1447.55    1447.56    -0.6104  1028.1854    34.4046 0.0000e+00
      15458 326.734445  -62.20578  -58.30020     -0.535    1447.10    137.000    135.640    -0.6049    -0.6044     0.0005    -0.6090    -0.6085     0.0005   2.801611   2.802042   0.000427    34.2374    34.2426     7.2493    27.5195    27.5237    315.084  355.62192  357.22553    34.2375    27.5195    1447.54    1447.55    -0.6090  1028.1801    34.4040 0.0000e+00
      15496 326.734463  -62.20578  -58.30020     -0.635    1447.10    136.000    134.650    -0.6043    -0.6037     0.0006    -0.6084    -0.6078     0.0006   2.801588   2.802019   0.000434    34.2370    34.2422     7.2544    27.5191    27.5233    315.304  355.61762  357.22109    34.2371    27.5192    1447.53    1447.54    -0.6083  1028.1750    34.4036 0.0000e+00
      15538 326.734483  -62.20578  -58.30020     -0.582    1447.10    135.000    133.660    -0.6039    -0.6037     0.0001    -0.6080    -0.6079     0.0001   2.801552   2.801966   0.000415    34.2368    34.2422     7.2585    27.5189    27.5233    315.481  355.61467  357.21804    34.2368    27.5190    1447.51    1447.52    -0.6079  1028.1699    34.4033 0.0000e+00
      15585 326.734506  -62.20578  -58.30020     -0.508    1447.10    134.000    132.673    -0.6040    -0.6038     0.0002    -0.6081    -0.6079     0.0002   2.801502   2.801917   0.000416    34.2369    34.2422     7.2594    27.5190    27.5234    315.520  355.61556  357.21896    34.2369    27.5190    1447.49    1447.50    -0.6080  1028.1652    34.4033 0.0000e+00
      15631 326.734528  -62.20578  -58.30020     -0.525    1447.10    133.000    131.679    -0.6039    -0.6037     0.0002    -0.6080    -0.6077     0.0002   2.801457   2.801866   0.000409    34.2368    34.2420     7.2545    27.5189    27.5231    315.309  355.61484  357.21821    34.2368    27.5189    1447.48    1447.49    -0.6078  1028.1603    34.4032 0.0000e+00
      15681 326.734552  -62.20578  -58.30020     -0.475    1447.10    132.000    130.692    -0.6038    -0.6034     0.0004    -0.6078    -0.6074     0.0004   2.801406   2.801825   0.000420    34.2365    34.2418     7.2536    27.5187    27.5229    315.269  355.61425  357.21758    34.2365    27.5187    1447.46    1447.47    -0.6077  1028.1553    34.4030 0.0000e+00
      15723 326.734573  -62.20578  -58.30020     -0.553    1447.10    131.000    129.699    -0.6033    -0.6030     0.0003    -0.6073    -0.6070     0.0003   2.801374   2.801795   0.000422    34.2361    34.2415     7.2630    27.5184    27.5227    315.679  355.61075  357.21395    34.2362    27.5184    1447.45    1447.46    -0.6072  1028.1502    34.4026 0.0000e+00
      15758 326.734590  -62.20578  -58.30020     -0.674    1447.10    130.000    128.711    -0.6023    -0.6021     0.0002    -0.6062    -0.6061     0.0002   2.801362   2.801777   0.000416    34.2355    34.2409     7.2567    27.5178    27.5222    315.406  355.60335  357.20630    34.2355    27.5178    1447.44    1447.44    -0.6062  1028.1449    34.4019 0.0000e+00
      15797 326.734608  -62.20578  -58.30020     -0.641    1447.10    129.000    127.722    -0.6018    -0.6016     0.0002    -0.6057    -0.6055     0.0002   2.801328   2.801745   0.000418    34.2351    34.2405     7.2575    27.5174    27.5218    315.439  355.59964  357.20246    34.2351    27.5175    1447.42    1447.43    -0.6056  1028.1397    34.4015 0.0000e+00
      15843 326.734631  -62.20578  -58.30022     -0.518    1447.10    128.000    126.732    -0.6017    -0.6014     0.0003    -0.6056    -0.6053     0.0003   2.801281   2.801705   0.000424    34.2350    34.2404     7.2672    27.5174    27.5217    315.860  355.59951  357.20233    34.2350    27.5174    1447.41    1447.41    -0.6055  1028.1349    34.4014 0.0000e+00
      15889 326.734653  -62.20578  -58.30022     -0.521    1447.10    127.000    125.742    -0.6015    -0.6013     0.0002    -0.6054    -0.6052     0.0002   2.801243   2.801659   0.000417    34.2348    34.2402     7.2709    27.5173    27.5216    316.024  355.59771  357.20046    34.2349    27.5173    1447.39    1447.40    -0.6053  1028.1300    34.4013 0.0000e+00
      15930 326.734672  -62.20578  -58.30022     -0.587    1447.10    126.000    124.753    -0.6009    -0.6006     0.0003    -0.6047    -0.6044     0.0003   2.801209   2.801626   0.000416    34.2343    34.2395     7.2609    27.5168    27.5210    315.585  355.59343  357.19603    34.2343    27.5168    1447.37    1447.38    -0.6046  1028.1247    34.4007 0.0000e+00
      15970 326.734692  -62.20578  -58.30022     -0.596    1447.10    125.000    123.763    -0.5999    -0.5994     0.0005    -0.6037    -0.6032     0.0005   2.801175   2.801602   0.000428    34.2333    34.2385     7.2616    27.5159    27.5201    315.619  355.58690  357.18923    34.2334    27.5160    1447.36    1447.37    -0.6036  1028.1191    34.3998 0.0000e+00
      16008 326.734710  -62.20578  -58.30022     -0.618    1447.10    124.000    122.773    -0.5990    -0.5988     0.0003    -0.6028    -0.6025     0.0003   2.801140   2.801561   0.000421    34.2325    34.2378     7.2727    27.5152    27.5195    316.103  355.58111  357.18320    34.2326    27.5153    1447.35    1447.36    -0.6027  1028.1136    34.3989 0.0000e+00
      16048 326.734729  -62.20578  -58.30022     -0.620    1447.10    123.000    121.783    -0.5977    -0.5972     0.0005    -0.6015    -0.6009     0.0005   2.801128   2.801552   0.000421    34.2314    34.2365     7.2794    27.5143    27.5184    316.395  355.57193  357.17369    34.2315    27.5144    1447.34    1447.35    -0.6014  1028.1080    34.3979 0.0000e+00
      16093 326.734751  -62.20578  -58.30022     -0.526    1447.10    122.000    120.793    -0.5953    -0.5944     0.0009    -0.5990    -0.5981     0.0009   2.801147   2.801588   0.000443    34.2294    34.2344     7.2804    27.5126    27.5166    316.437  355.55412  357.15524    34.2296    27.5127    1447.33    1447.34    -0.5989  1028.1015    34.3959 0.0000e+00
      16138 326.734773  -62.20578  -58.30022     -0.530    1447.10    121.000    119.803    -0.5941    -0.5942    -0.0001    -0.5978    -0.5979    -0.0001   2.801133   2.801543   0.000410    34.2286    34.2343     7.2897    27.5119    27.5165    316.840  355.54588  357.14673    34.2287    27.5120    1447.32    1447.33    -0.5977  1028.0960    34.3950 0.0000e+00
      16178 326.734792  -62.20578  -58.30022     -0.598    1447.10    120.000    118.813    -0.5945    -0.5941     0.0003    -0.5981    -0.5978     0.0003   2.801078   2.801494   0.000417    34.2289    34.2342     7.2931    27.5121    27.5164    316.987  355.54831  357.14925    34.2290    27.5122    1447.30    1447.31    -0.5981  1028.0914    34.3953 0.0000e+00
      16218 326.734812  -62.20578  -58.30022     -0.596    1447.10    119.000    117.825    -0.5894    -0.5898    -0.0005    -0.5930    -0.5935    -0.0005   2.801229   2.801620   0.000392    34.2255    34.2313     7.2939    27.5092    27.5139    317.024  355.50996  357.10962    34.2259    27.5095    1447.30    1447.31    -0.5929  1028.0839    34.3921 0.0000e+00
      16259 326.734831  -62.20578  -58.30022     -0.586    1447.10    118.000    116.833    -0.5831    -0.5828     0.0003    -0.5867    -0.5864     0.0003   2.801399   2.801810   0.000414    34.2213    34.2265     7.2963    27.5055    27.5097    317.129  355.46318  357.06127    34.2217    27.5058    1447.31    1447.32    -0.5866  1028.0754    34.3880 0.0000e+00
