Pos-Processados/process_op38/Processamento_split/up/uoperantar38_004.cnv
* Sea-Bird SBE 9 Data File:
* FileName = D:\OPERANTAR_XXXVIII\DADOS\OP38_004.hdr
* Software Version Seasave V 7.12
* Temperature SN = 4808
* Conductivity SN = 3380
* Number of Bytes Per Scan = 31
* Number of Voltage Words = 2
* Number of Scans Averaged by the Deck Unit = 1
* NMEA Latitude = 39 58.92 S
* NMEA Longitude = 054 59.71 W
* NMEA UTC (Time) = Oct 17 2019 15:31:47
** H41
** NAVIO POLAR ALMIRANTE MAXIMIANO
** CRUZEIRO:
** OPERANTAR XXXVIII
** ESTAวรO: OP38_004
** LAT 39บ 58,96'S
** LONG 054บ 59,70'W
** 09P73767-1155
** PROFUNDIDADE: 1627 m
** DATA/HORA: 171533Z/OUT/2019
** OPERADOR: SO-HN CHAVES
# nquan = 32
# nvalues = 1017                        
# units = specified
# name 0 = scan: Scan Count
# name 1 = timeJ: Julian Days
# name 2 = latitude: Latitude [deg]
# name 3 = longitude: Longitude [deg]
# name 4 = dz/dtM: Descent Rate [m/s]
# name 5 = avgsvCM: Average Sound Velocity [Chen-Millero, m/s]
# name 6 = prDM: Pressure, Digiquartz [db]
# name 7 = depSM: Depth [salt water, m]
# name 8 = t090C: Temperature [ITS-90, deg C]
# name 9 = t190C: Temperature, 2 [ITS-90, deg C]
# name 10 = T2-T190C: Temperature Difference, 2 - 1 [ITS-90, deg C]
# name 11 = potemp090C: Potential Temperature [ITS-90, deg C]
# name 12 = potemp190C: Potential Temperature, 2 [ITS-90, deg C]
# name 13 = potemp90Cdiff: Potential Temperature, Diff, 2 - 1 [ITS-90, deg C]
# name 14 = c0S/m: Conductivity [S/m]
# name 15 = c1S/m: Conductivity, 2 [S/m]
# name 16 = C2-C1S/m: Conductivity Difference, 2 - 1 [S/m]
# name 17 = sal00: Salinity, Practical [PSU]
# name 18 = sal11: Salinity, Practical, 2 [PSU]
# name 19 = sbeox0ML/L: Oxygen, SBE 43 [ml/l]
# name 20 = sbeox1ML/L: Oxygen, SBE 43, 2 [ml/l]
# name 21 = sbeox0ML/Ldiff: Oxygen, SBE 43, Diff, 2 - 1 [ml/l]
# name 22 = sigma-้00: Density [sigma-theta, kg/m^3]
# name 23 = sigma-้11: Density, 2 [sigma-theta, kg/m^3]
# name 24 = sal00: Salinity, Practical [PSU]
# name 25 = sigma-้00: Density [sigma-theta, kg/m^3]
# name 26 = svCM: Sound Velocity [Chen-Millero, m/s]
# name 27 = svCM1: Sound Velocity, 2 [Chen-Millero, m/s]
# name 28 = gsw_ptA0: potential temperature [ITS-90, deg C]
# name 29 = gsw_densityA0: density, TEOS-10 [density, kg/m^3]
# name 30 = gsw_saA0: Absolute Salinity [g/kg]
# name 31 = flag:
# span 0 =      30016,      65770       
# span 1 = 290.661546, 290.678789       
# span 2 =  -39.97842,  -39.97412       
# span 3 =  -54.99522,  -54.99512       
# span 4 =     -1.536,     -0.154       
# span 5 =    1470.62,    1470.62       
# span 6 =      3.000,   1019.000       
# span 7 =      2.997,   1008.721       
# span 8 =     2.5352,     6.8353       
# span 9 =     2.5359,     6.8372       
# span 10 =    -0.0550,     0.0591      
# span 11 =     2.4696,     6.8350      
# span 12 =     2.4702,     6.8369      
# span 13 =    -0.0548,     0.0591      
# span 14 =   3.105652,   3.430393      
# span 15 =   3.106098,   3.431200      
# span 16 =  -0.004683,   0.005548      
# span 17 =    34.0581,    34.5222      
# span 18 =    34.0640,    34.5269      
# span 19 =     3.8559,     7.3579      
# span 20 =     3.6852,     7.0459      
# span 21 =    -0.3776,    -0.1630      
# span 22 =    26.7168,    27.5504      
# span 23 =    26.7221,    27.5542      
# span 24 =    34.0568,    34.5222      
# span 25 =    26.7183,    27.5504      
# span 26 =    1466.60,    1476.95      
# span 27 =    1466.62,    1476.95      
# span 28 =     2.4695,     6.8350      
# span 29 =  1026.7336,  1032.2831      
# span 30 =    34.2180,    34.6886      
# span 31 = 0.0000e+00, 0.0000e+00      
# interval = decibars: 1                
# start_time = Oct 17 2019 15:31:47 [NMEA time, header]
# bad_flag = -9.990e-29
*END*
[from data line 680]
      47105 290.669788  -39.97627  -54.99518     -0.748    1470.62    339.000    336.128     3.4769     3.4765    -0.0004     3.4546     3.4541    -0.0004   3.151952   3.152423   0.000472    34.1322    34.1383     6.0233     5.7594    -0.2639    27.1500    27.1549    34.1326    27.1503    1468.85    1468.86     3.4545  1028.7289    34.2944 0.0000e+00
      47141 290.669805  -39.97626  -54.99518     -0.654    1470.62    338.000    335.136     3.4777     3.4773    -0.0004     3.4554     3.4550    -0.0004   3.151944   3.152412   0.000468    34.1319    34.1379     6.0295     5.7627    -0.2669    27.1496    27.1544    34.1322    27.1499    1468.84    1468.85     3.4554  1028.7238    34.2940 0.0000e+00
      47169 290.669819  -39.97626  -54.99518     -0.775    1470.62    337.000    334.146     3.4778     3.4780     0.0002     3.4556     3.4558     0.0002   3.151919   3.152412   0.000493    34.1320    34.1378     6.0366     5.7702    -0.2664    27.1497    27.1543    34.1323    27.1500    1468.82    1468.83     3.4556  1028.7193    34.2941 0.0000e+00
      47193 290.669830  -39.97626  -54.99518     -0.931    1470.62    336.000    333.155     3.4778     3.4784     0.0006     3.4557     3.4563     0.0006   3.151881   3.152388   0.000503    34.1321    34.1376     6.0377     5.7736    -0.2641    27.1498    27.1541    34.1324    27.1500    1468.81    1468.82     3.4557  1028.7147    34.2942 0.0000e+00
      47215 290.669841  -39.97626  -54.99518     -1.058    1470.62    335.000    332.165     3.4783     3.4793     0.0010     3.4562     3.4573     0.0010   3.151849   3.152390   0.000538    34.1318    34.1372     6.0402     5.7726    -0.2675    27.1495    27.1537    34.1321    27.1497    1468.79    1468.81     3.4562  1028.7097    34.2938 0.0000e+00
      47236 290.669851  -39.97626  -54.99518     -1.135    1470.62    334.000    331.174     3.4791     3.4809     0.0019     3.4571     3.4590     0.0019   3.151839   3.152490   0.000619    34.1314    34.1369     6.0402     5.7781    -0.2621    27.1491    27.1533    34.1316    27.1493    1468.78    1468.80     3.4571  1028.7046    34.2934 0.0000e+00
      47257 290.669861  -39.97626  -54.99518     -1.136    1470.62    333.000    330.183     3.4805     3.4856     0.0050     3.4586     3.4636     0.0050   3.151926   3.152835   0.000903    34.1312    34.1368     6.0403     5.7760    -0.2643    27.1488    27.1528    34.1317    27.1492    1468.77    1468.80     3.4586  1028.6999    34.2934 0.0000e+00
      47281 290.669873  -39.97625  -54.99518     -1.072    1470.62    332.000    329.193     3.4844     3.4884     0.0041     3.4625     3.4666     0.0041   3.152250   3.153085   0.000821    34.1314    34.1370     6.0399     5.7783    -0.2617    27.1486    27.1526    34.1321    27.1491    1468.77    1468.80     3.4625  1028.6952    34.2939 0.0000e+00
      47309 290.669886  -39.97624  -54.99518     -0.920    1470.62    331.000    328.202     3.4953     3.5004     0.0051     3.4735     3.4786     0.0050   3.153288   3.154190   0.000918    34.1318    34.1375     6.0494     5.7777    -0.2717    27.1479    27.1519    34.1336    27.1493    1468.80    1468.83     3.4735  1028.6905    34.2954 0.0000e+00
      47342 290.669902  -39.97624  -54.99518     -0.747    1470.62    330.000    327.211     3.5254     3.5135    -0.0120     3.5036     3.4917    -0.0119   3.156033   3.155349  -0.000614    34.1329    34.1380     6.0520     5.7803    -0.2718    27.1458    27.1511    34.1355    27.1479    1468.92    1468.87     3.5035  1028.6843    34.2973 0.0000e+00
      47375 290.669918  -39.97624  -54.99518     -0.716    1470.62    329.000    326.220     3.5312     3.5282    -0.0030     3.5094     3.5065    -0.0029   3.156231   3.156546   0.000278    34.1313    34.1377     6.0521     5.7737    -0.2784    27.1440    27.1494    34.1324    27.1449    1468.92    1468.92     3.5094  1028.6766    34.2942 0.0000e+00
      47402 290.669931  -39.97622  -54.99518     -0.822    1470.62    328.000    325.230     3.5285     3.5268    -0.0017     3.5068     3.5051    -0.0017   3.155832   3.156119   0.000281    34.1305    34.1357     6.0375     5.7754    -0.2622    27.1436    27.1479    34.1310    27.1440    1468.89    1468.89     3.5068  1028.6711    34.2927 0.0000e+00
      47422 290.669941  -39.97623  -54.99518     -1.003    1470.62    327.000    324.239     3.5248     3.5234    -0.0014     3.5032     3.5018    -0.0014   3.155396   3.155666   0.000318    34.1295    34.1348     6.0304     5.7775    -0.2530    27.1432    27.1475    34.1302    27.1437    1468.86    1468.86     3.5031  1028.6662    34.2919 0.0000e+00
      47440 290.669949  -39.97624  -54.99518     -1.204    1470.62    326.000    323.248     3.5222     3.5184    -0.0037     3.5006     3.4969    -0.0037   3.155013   3.155065   0.000067    34.1290    34.1337     6.0352     5.7816    -0.2536    27.1430    27.1471    34.1289    27.1429    1468.83    1468.82     3.5006  1028.6608    34.2906 0.0000e+00
      47457 290.669957  -39.97624  -54.99518     -1.360    1470.62    325.000    322.257     3.5149     3.5101    -0.0048     3.4934     3.4887    -0.0048   3.154210   3.154174  -0.000016    34.1278    34.1326     6.0495     5.7858    -0.2638    27.1427    27.1470    34.1274    27.1424    1468.78    1468.76     3.4934  1028.6557    34.2891 0.0000e+00
      47475 290.669966  -39.97624  -54.99518     -1.399    1470.62    324.000    321.266     3.5092     3.5045    -0.0047     3.4879     3.4832    -0.0047   3.153578   3.153615   0.000012    34.1270    34.1321     6.0616     5.7953    -0.2663    27.1427    27.1472    34.1262    27.1420    1468.74    1468.72     3.4878  1028.6507    34.2880 0.0000e+00
      47500 290.669978  -39.97622  -54.99518     -1.163    1470.62    323.000    320.276     3.5036     3.5013    -0.0024     3.4824     3.4800    -0.0024   3.152976   3.153278   0.000248    34.1262    34.1317     6.0708     5.8091    -0.2617    27.1425    27.1471    34.1254    27.1419    1468.70    1468.69     3.4823  1028.6460    34.2871 0.0000e+00
      47545 290.670000  -39.97622  -54.99518     -0.497    1470.62    322.000    319.285     3.4790     3.4837     0.0046     3.4579     3.4625     0.0046   3.150343   3.151284   0.000929    34.1218    34.1281     6.0863     5.8235    -0.2628    27.1414    27.1460    34.1201    27.1400    1468.57    1468.60     3.4578  1028.6398    34.2818 0.0000e+00
      47580 290.670017  -39.97620  -54.99518     -0.626    1470.62    321.000    318.294     3.4703     3.4787     0.0084     3.4492     3.4576     0.0084   3.149522   3.150650   0.001262    34.1208    34.1272     6.1071     5.8304    -0.2766    27.1414    27.1457    34.1200    27.1408    1468.52    1468.56     3.4492  1028.6359    34.2816 0.0000e+00
      47603 290.670028  -39.97620  -54.99518     -0.903    1470.62    320.000    317.303     3.4626     3.4494    -0.0132     3.4416     3.4284    -0.0132   3.148366   3.147577  -0.000843    34.1181    34.1218     6.1259     5.8356    -0.2902    27.1400    27.1442    34.1147    27.1373    1468.46    1468.41     3.4416  1028.6279    34.2763 0.0000e+00
      47624 290.670038  -39.97620  -54.99518     -1.095    1470.62    319.000    316.312     3.4542     3.4459    -0.0083     3.4333     3.4250    -0.0083   3.147765   3.147297  -0.000439    34.1179    34.1214     6.1369     5.8446    -0.2924    27.1406    27.1442    34.1168    27.1398    1468.41    1468.38     3.4333  1028.6258    34.2785 0.0000e+00
      47644 290.670048  -39.97620  -54.99518     -1.168    1470.62    318.000    315.321     3.4482     3.4453    -0.0029     3.4274     3.4245    -0.0029   3.146974   3.147179   0.000180    34.1158    34.1210     6.1431     5.8543    -0.2889    27.1395    27.1439    34.1142    27.1382    1468.36    1468.36     3.4273  1028.6197    34.2758 0.0000e+00
      47666 290.670058  -39.97620  -54.99518     -1.153    1470.62    317.000    314.331     3.4459     3.4452    -0.0007     3.4252     3.4244    -0.0007   3.146715   3.147119   0.000376    34.1154    34.1207     6.1488     5.8679    -0.2809    27.1394    27.1437    34.1139    27.1383    1468.34    1468.34     3.4251  1028.6151    34.2756 0.0000e+00
      47688 290.670069  -39.97620  -54.99518     -1.106    1470.62    316.000    313.340     3.4462     3.4475     0.0014     3.4255     3.4268     0.0013   3.146701   3.147295   0.000578    34.1150    34.1205     6.1610     5.8911    -0.2700    27.1391    27.1433    34.1141    27.1383    1468.32    1468.34     3.4255  1028.6105    34.2757 0.0000e+00
      47709 290.670079  -39.97620  -54.99518     -1.096    1470.62    315.000    312.349     3.4481     3.4511     0.0030     3.4275     3.4305     0.0030   3.146889   3.147658   0.000726    34.1152    34.1207     6.1719     5.9059    -0.2661    27.1390    27.1432    34.1149    27.1388    1468.32    1468.34     3.4274  1028.6063    34.2765 0.0000e+00
      47730 290.670089  -39.97620  -54.99518     -1.136    1470.62    314.000    311.358     3.4560     3.4631     0.0071     3.4354     3.4425     0.0071   3.147584   3.148747   0.001104    34.1154    34.1212     6.1790     5.9093    -0.2697    27.1384    27.1424    34.1155    27.1385    1468.33    1468.37     3.4354  1028.6013    34.2771 0.0000e+00
      47750 290.670099  -39.97620  -54.99518     -1.171    1470.62    313.000    310.367     3.4630     3.4751     0.0122     3.4425     3.4546     0.0121   3.148229   3.149817   0.001529    34.1157    34.1213     6.1779     5.9125    -0.2654    27.1380    27.1413    34.1164    27.1385    1468.35    1468.41     3.4425  1028.5966    34.2780 0.0000e+00
      47772 290.670109  -39.97620  -54.99518     -1.160    1470.62    312.000    309.376     3.4735     3.4883     0.0148     3.4530     3.4678     0.0147   3.149164   3.150869   0.001695    34.1162    34.1211     6.1716     5.9116    -0.2601    27.1374    27.1399    34.1171    27.1381    1468.38    1468.45     3.4530  1028.5915    34.2788 0.0000e+00
      47797 290.670122  -39.97618  -54.99518     -1.025    1470.62    311.000    308.387     3.4828     3.4913     0.0085     3.4624     3.4708     0.0085   3.149904   3.151064   0.001179    34.1158    34.1210     6.1705     5.9154    -0.2551    27.1362    27.1395    34.1168    27.1370    1468.40    1468.44     3.4623  1028.5856    34.2785 0.0000e+00
      47829 290.670137  -39.97618  -54.99518     -0.797    1470.62    310.000    307.394     3.4954     3.4930    -0.0023     3.4750     3.4727    -0.0023   3.150987   3.151182   0.000250    34.1158    34.1213     6.1711     5.9108    -0.2603    27.1350    27.1395    34.1172    27.1360    1468.44    1468.43     3.4750  1028.5800    34.2788 0.0000e+00
      47858 290.670151  -39.97618  -54.99518     -0.777    1470.62    309.000    306.404     3.5024     3.5022    -0.0002     3.4821     3.4819    -0.0002   3.151500   3.151989   0.000465    34.1156    34.1213     6.1669     5.8984    -0.2686    27.1341    27.1387    34.1166    27.1349    1468.45    1468.46     3.4820  1028.5741    34.2782 0.0000e+00
      47882 290.670163  -39.97618  -54.99518     -0.920    1470.62    308.000    305.413     3.5055     3.5090     0.0035     3.4852     3.4887     0.0035   3.151746   3.152540   0.000773    34.1156    34.1213     6.1611     5.8987    -0.2623    27.1338    27.1380    34.1167    27.1347    1468.45    1468.47     3.4852  1028.5692    34.2783 0.0000e+00
      47904 290.670173  -39.97618  -54.99518     -1.046    1470.62    307.000    304.422     3.5091     3.5128     0.0037     3.4889     3.4926     0.0036   3.152005   3.152784   0.000777    34.1157    34.1211     6.1634     5.9004    -0.2630    27.1335    27.1375    34.1166    27.1342    1468.45    1468.47     3.4889  1028.5641    34.2782 0.0000e+00
      47926 290.670184  -39.97618  -54.99518     -1.087    1470.62    306.000    303.432     3.5105     3.5160     0.0055     3.4904     3.4959     0.0055   3.152103   3.153011   0.000930    34.1157    34.1211     6.1711     5.8967    -0.2744    27.1334    27.1372    34.1168    27.1343    1468.43    1468.46     3.4903  1028.5595    34.2784 0.0000e+00
      47950 290.670195  -39.97618  -54.99518     -1.050    1470.62    305.000    302.441     3.5153     3.5178     0.0025     3.4952     3.4977     0.0025   3.152467   3.153176   0.000690    34.1157    34.1214     6.1715     5.8985    -0.2730    27.1329    27.1372    34.1168    27.1338    1468.44    1468.46     3.4952  1028.5543    34.2784 0.0000e+00
      47974 290.670207  -39.97617  -54.99518     -1.008    1470.62    304.000    301.450     3.5190     3.5222     0.0032     3.4989     3.5021     0.0032   3.152737   3.153458   0.000728    34.1157    34.1210     6.1740     5.8989    -0.2751    27.1325    27.1365    34.1167    27.1333    1468.44    1468.46     3.4989  1028.5492    34.2783 0.0000e+00
      47998 290.670218  -39.97616  -54.99518     -0.994    1470.62    303.000    300.459     3.5232     3.5246     0.0014     3.5032     3.5047     0.0014   3.153038   3.153635   0.000601    34.1154    34.1211     6.1720     5.9008    -0.2712    27.1319    27.1363    34.1164    27.1327    1468.44    1468.45     3.5032  1028.5439    34.2780 0.0000e+00
      48022 290.670230  -39.97616  -54.99518     -1.011    1470.62    302.000    299.468     3.5261     3.5291     0.0030     3.5062     3.5091     0.0030   3.153236   3.153967   0.000728    34.1152    34.1209     6.1676     5.9028    -0.2648    27.1315    27.1357    34.1162    27.1323    1468.43    1468.45     3.5062  1028.5388    34.2778 0.0000e+00
      48046 290.670242  -39.97616  -54.99518     -0.998    1470.62    301.000    298.477     3.5303     3.5329     0.0026     3.5105     3.5130     0.0026   3.153565   3.154214   0.000671    34.1153    34.1205     6.1664     5.9084    -0.2580    27.1311    27.1351    34.1164    27.1320    1468.44    1468.45     3.5104  1028.5338    34.2779 0.0000e+00
      48072 290.670254  -39.97616  -54.99518     -0.940    1470.62    300.000    297.486     3.5346     3.5366     0.0020     3.5148     3.5168     0.0020   3.153917   3.154552   0.000629    34.1151    34.1206     6.1724     5.9094    -0.2630    27.1306    27.1347    34.1166    27.1318    1468.44    1468.45     3.5148  1028.5289    34.2782 0.0000e+00
      48096 290.670266  -39.97615  -54.99518     -0.953    1470.62    299.000    296.495     3.5430     3.5552     0.0122     3.5233     3.5354     0.0122   3.154551   3.156171   0.001461    34.1148    34.1195     6.1787     5.9064    -0.2723    27.1294    27.1321    34.1159    27.1304    1468.46    1468.52     3.5232  1028.5228    34.2775 0.0000e+00
      48117 290.670276  -39.97614  -54.99518     -1.055    1470.62    298.000    295.504     3.5553     3.5693     0.0140     3.5356     3.5496     0.0139   3.155661   3.157150   0.001554    34.1141    34.1181     6.1837     5.9133    -0.2704    27.1278    27.1296    34.1169    27.1299    1468.49    1468.56     3.5356  1028.5177    34.2784 0.0000e+00
      48137 290.670285  -39.97614  -54.99518     -1.166    1470.62    297.000    294.513     3.5684     3.5729     0.0046     3.5487     3.5533     0.0046   3.156541   3.157337   0.000827    34.1124    34.1175     6.1871     5.9188    -0.2683    27.1251    27.1288    34.1143    27.1266    1468.53    1468.56     3.5487  1028.5096    34.2759 0.0000e+00
      48157 290.670295  -39.97614  -54.99518     -1.215    1470.62    296.000    293.523     3.5713     3.5740     0.0027     3.5517     3.5544     0.0027   3.156687   3.157376   0.000694    34.1120    34.1175     6.1951     5.9249    -0.2702    27.1245    27.1286    34.1135    27.1257    1468.53    1468.54     3.5517  1028.5040    34.2750 0.0000e+00
      48183 290.670308  -39.97614  -54.99518     -1.065    1470.62    295.000    292.531     3.5718     3.5733     0.0016     3.5522     3.5538     0.0016   3.156679   3.157232   0.000583    34.1122    34.1175     6.1987     5.9323    -0.2663    27.1246    27.1287    34.1135    27.1256    1468.51    1468.52     3.5522  1028.4993    34.2750 0.0000e+00
