Pos-Processados/process_op38/Processamento_split/up/uoperantar38_015.cnv
* Sea-Bird SBE 9 Data File:
* FileName = D:\OPERANTAR_XXXVIII\DADOS\OP38_015.hdr
* Software Version Seasave V 7.18c
* Temperature SN = 4808
* Conductivity SN = 3380
* Number of Bytes Per Scan = 34
* Number of Voltage Words = 3
* Number of Scans Averaged by the Deck Unit = 1
* NMEA Latitude = 62 18.48 S
* NMEA Longitude = 058 32.77 W
* NMEA UTC (Time) = Nov 05 2019 09:00:03
** H41
** NAVIO POLAR ALMIRANTE MAXIMIANO
** CRUZEIRO:
** OPERANTAR XXXVIII
** ESTAÇÃO: OP38_015
** LAT 62 18,48' S
** LONG 058 32,80' W
** 09P73767-1155_A
** PROFUNDIDADE: 353
** DATA/HORA: 050900Z/NOV/2019
** OPERADOR: SO-HN CHAVES
# nquan = 32
# nvalues = 323                         
# units = specified
# name 0 = scan: Scan Count
# name 1 = timeJ: Julian Days
# name 2 = latitude: Latitude [deg]
# name 3 = longitude: Longitude [deg]
# name 4 = dz/dtM: Descent Rate [m/s]
# name 5 = avgsvCM: Average Sound Velocity [Chen-Millero, m/s]
# name 6 = prDM: Pressure, Digiquartz [db]
# name 7 = depSM: Depth [salt water, m]
# name 8 = t090C: Temperature [ITS-90, deg C]
# name 9 = t190C: Temperature, 2 [ITS-90, deg C]
# name 10 = T2-T190C: Temperature Difference, 2 - 1 [ITS-90, deg C]
# name 11 = potemp090C: Potential Temperature [ITS-90, deg C]
# name 12 = potemp190C: Potential Temperature, 2 [ITS-90, deg C]
# name 13 = potemp90Cdiff: Potential Temperature, Diff, 2 - 1 [ITS-90, deg C]
# name 14 = c0S/m: Conductivity [S/m]
# name 15 = c1S/m: Conductivity, 2 [S/m]
# name 16 = C2-C1S/m: Conductivity Difference, 2 - 1 [S/m]
# name 17 = sal00: Salinity, Practical [PSU]
# name 18 = sal11: Salinity, Practical, 2 [PSU]
# name 19 = sbeox0ML/L: Oxygen, SBE 43 [ml/l]
# name 20 = sbeox1ML/L: Oxygen, SBE 43, 2 [ml/l]
# name 21 = sbeox0ML/Ldiff: Oxygen, SBE 43, Diff, 2 - 1 [ml/l]
# name 22 = sigma-é00: Density [sigma-theta, kg/m^3]
# name 23 = sigma-é11: Density, 2 [sigma-theta, kg/m^3]
# name 24 = sal00: Salinity, Practical [PSU]
# name 25 = sigma-é00: Density [sigma-theta, kg/m^3]
# name 26 = svCM: Sound Velocity [Chen-Millero, m/s]
# name 27 = svCM1: Sound Velocity, 2 [Chen-Millero, m/s]
# name 28 = gsw_ptA0: potential temperature [ITS-90, deg C]
# name 29 = gsw_densityA0: density, TEOS-10 [density, kg/m^3]
# name 30 = gsw_saA0: Absolute Salinity [g/kg]
# name 31 = flag:
# span 0 =      12482,      23508       
# span 1 = 309.381054, 309.386371       
# span 2 =  -62.30810,  -62.30808       
# span 3 =  -58.54618,  -58.54616       
# span 4 =     -1.237,     -0.183       
# span 5 =    1447.29,    1447.29       
# span 6 =      2.000,    324.000       
# span 7 =      1.982,    320.631       
# span 8 =    -0.9211,    -0.4420       
# span 9 =    -0.9212,    -0.4412       
# span 10 =    -0.0105,     0.0153      
# span 11 =    -0.9223,    -0.4530      
# span 12 =    -0.9224,    -0.4522      
# span 13 =    -0.0104,     0.0152      
# span 14 =   2.770044,   2.833253      
# span 15 =   2.770444,   2.833757      
# span 16 =  -0.000617,   0.001752      
# span 17 =    34.1505,    34.3645      
# span 18 =    34.1559,    34.3704      
# span 19 =     6.4122,     7.6802      
# span 20 =     6.1433,     7.4103      
# span 21 =    -0.3803,    -0.2605      
# span 22 =    27.4574,    27.6154      
# span 23 =    27.4618,    27.6201      
# span 24 =    34.1505,    34.3645      
# span 25 =    27.4573,    27.6154      
# span 26 =    1444.29,    1451.52      
# span 27 =    1444.30,    1451.53      
# span 28 =    -0.9222,    -0.4528      
# span 29 =  1027.4719,  1029.1619      
# span 30 =    34.3133,    34.5317      
# span 31 = 0.0000e+00, 0.0000e+00      
# interval = decibars: 1                
# start_time = Nov 05 2019 09:00:03 [NMEA time, header]
# bad_flag = -9.990e-29
*END*
[from data line 272]
      20646 309.384991  -62.30808  -58.54616     -0.449    1447.29     52.000     51.493    -0.9139    -0.9138     0.0001    -0.9153    -0.9152     0.0001   2.771312   2.771733   0.000419    34.2309    34.2365     7.4183     7.0954    -0.3229    27.5268    27.5313    34.2303    27.5263    1444.70    1444.71    -0.9153  1027.7806    34.3957 0.0000e+00
      20700 309.385017  -62.30810  -58.54616     -0.441    1447.29     51.000     50.504    -0.9153    -0.9151     0.0002    -0.9167    -0.9165     0.0002   2.771124   2.771572   0.000452    34.2303    34.2362     7.4308     7.1047    -0.3261    27.5264    27.5312    34.2300    27.5261    1444.68    1444.69    -0.9166  1027.7756    34.3954 0.0000e+00
      20738 309.385035  -62.30810  -58.54616     -0.620    1447.29     50.000     49.514    -0.9161    -0.9167    -0.0006    -0.9175    -0.9181    -0.0006   2.770969   2.771307   0.000348    34.2300    34.2354     7.4370     7.1074    -0.3296    27.5262    27.5306    34.2294    27.5257    1444.66    1444.66    -0.9174  1027.7704    34.3948 0.0000e+00
      20778 309.385055  -62.30810  -58.54616     -0.608    1447.29     49.000     48.524    -0.9205    -0.9204     0.0001    -0.9218    -0.9218     0.0001   2.770439   2.770858   0.000418    34.2283    34.2339     7.4383     7.1148    -0.3235    27.5250    27.5295    34.2278    27.5246    1444.62    1444.63    -0.9218  1027.7645    34.3932 0.0000e+00
      20823 309.385076  -62.30810  -58.54616     -0.528    1447.29     48.000     47.533    -0.9210    -0.9211    -0.0001    -0.9223    -0.9224    -0.0001   2.770317   2.770732   0.000416    34.2277    34.2334     7.4466     7.1213    -0.3253    27.5245    27.5291    34.2273    27.5242    1444.60    1444.61    -0.9222  1027.7593    34.3926 0.0000e+00
      20864 309.385096  -62.30810  -58.54616     -0.586    1447.29     47.000     46.544    -0.9209    -0.9211    -0.0002    -0.9222    -0.9224    -0.0002   2.770286   2.770679   0.000394    34.2277    34.2333     7.4559     7.1291    -0.3268    27.5245    27.5290    34.2275    27.5243    1444.58    1444.59    -0.9221  1027.7546    34.3928 0.0000e+00
      20899 309.385113  -62.30810  -58.54616     -0.665    1447.29     46.000     45.552    -0.9210    -0.9212    -0.0002    -0.9222    -0.9224    -0.0002   2.770249   2.770656   0.000405    34.2279    34.2336     7.4564     7.1411    -0.3153    27.5246    27.5293    34.2276    27.5244    1444.57    1444.57    -0.9222  1027.7499    34.3929 0.0000e+00
      20935 309.385130  -62.30810  -58.54618     -0.678    1447.29     45.000     44.563    -0.9206    -0.9208    -0.0002    -0.9218    -0.9220    -0.0002   2.770224   2.770623   0.000400    34.2277    34.2333     7.4616     7.1415    -0.3202    27.5244    27.5291    34.2275    27.5243    1444.55    1444.56    -0.9218  1027.7450    34.3928 0.0000e+00
      20977 309.385150  -62.30810  -58.54618     -0.585    1447.29     44.000     43.573    -0.9211    -0.9211     0.0000    -0.9223    -0.9223     0.0000   2.770157   2.770565   0.000410    34.2279    34.2335     7.4538     7.1329    -0.3209    27.5247    27.5292    34.2278    27.5245    1444.53    1444.54    -0.9222  1027.7404    34.3931 0.0000e+00
      21023 309.385173  -62.30808  -58.54617     -0.508    1447.29     43.000     42.582    -0.9205    -0.9207    -0.0002    -0.9216    -0.9218    -0.0002   2.770136   2.770537   0.000400    34.2275    34.2331     7.4547     7.1240    -0.3307    27.5243    27.5289    34.2274    27.5242    1444.52    1444.53    -0.9216  1027.7353    34.3926 0.0000e+00
      21063 309.385192  -62.30808  -58.54617     -0.592    1447.29     42.000     41.592    -0.9202    -0.9205    -0.0003    -0.9214    -0.9216    -0.0003   2.770097   2.770495   0.000400    34.2273    34.2331     7.4593     7.1287    -0.3305    27.5241    27.5288    34.2272    27.5241    1444.51    1444.51    -0.9213  1027.7280    34.3895 0.0000e+00
      21097 309.385208 -9.990e-29  -58.54618     -0.701    1447.29     41.000     40.602    -0.9203    -0.9205    -0.0002    -0.9214    -0.9216    -0.0002   2.770044   2.770444   0.000403    34.2272    34.2330     7.4664     7.1365    -0.3300    27.5240    27.5287    34.2272    27.5240    1444.49    1444.50    -0.9214  1027.7224    34.3886 0.0000e+00
      21132 309.385225 -9.990e-29  -58.54618     -0.704    1447.29     40.000     39.612    -0.9194    -0.9194    -0.0000    -0.9204    -0.9205    -0.0000   2.770050   2.770452   0.000398    34.2268    34.2322     7.4673     7.1368    -0.3305    27.5237    27.5281    34.2268    27.5237    1444.48    1444.48    -0.9204  1027.7173    34.3882 0.0000e+00
      21175 309.385246  -62.30810  -58.54617     -0.560    1447.29     39.000     38.624    -0.9163    -0.9166    -0.0003    -0.9173    -0.9176    -0.0003   2.770202   2.770584   0.000387    34.2258    34.2314     7.4680     7.1361    -0.3319    27.5228    27.5273    34.2260    27.5229    1444.48    1444.48    -0.9173  1027.7146    34.3910 0.0000e+00
      21226 309.385271  -62.30808  -58.54618     -0.468    1447.29     38.000     37.629    -0.9141    -0.9145    -0.0004    -0.9151    -0.9155    -0.0004   2.770266   2.770656   0.000389    34.2249    34.2307     7.4623     7.1365    -0.3259    27.5219    27.5266    34.2250    27.5220    1444.47    1444.47    -0.9151  1027.7091    34.3902 0.0000e+00
      21273 309.385293  -62.30809  -58.54618     -0.507    1447.29     37.000     36.641    -0.9115    -0.9117    -0.0002    -0.9125    -0.9127    -0.0002   2.770365   2.770771   0.000407    34.2237    34.2295     7.4568     7.1290    -0.3278    27.5209    27.5256    34.2240    27.5211    1444.46    1444.47    -0.9125  1027.7034    34.3892 0.0000e+00
      21312 309.385312  -62.30810  -58.54618     -0.604    1447.29     36.000     35.653    -0.9061    -0.9061     0.0000    -0.9071    -0.9070     0.0000   2.770633   2.771055   0.000420    34.2217    34.2274     7.4609     7.1295    -0.3313    27.5191    27.5237    34.2222    27.5194    1444.47    1444.48    -0.9070  1027.6969    34.3873 0.0000e+00
      21346 309.385329  -62.30810  -58.54618     -0.689    1447.29     35.000     34.658    -0.9025    -0.9026    -0.0002    -0.9034    -0.9036    -0.0002   2.770782   2.771183   0.000401    34.2203    34.2260     7.4706     7.1392    -0.3314    27.5178    27.5224    34.2207    27.5181    1444.47    1444.48    -0.9034  1027.6907    34.3858 0.0000e+00
      21381 309.385346  -62.30810  -58.54618     -0.695    1447.29     34.000     33.672    -0.9011    -0.9014    -0.0003    -0.9020    -0.9023    -0.0003   2.770827   2.771216   0.000391    34.2199    34.2256     7.4766     7.1488    -0.3278    27.5174    27.5220    34.2204    27.5178    1444.46    1444.46    -0.9020  1027.6856    34.3855 0.0000e+00
      21427 309.385367  -62.30810  -58.54618     -0.538    1447.29     33.000     32.681    -0.8966    -0.8966 -2.278e-07    -0.8975    -0.8975 -2.278e-07   2.771054   2.771458   0.000404    34.2185    34.2240     7.4889     7.1627    -0.3261    27.5161    27.5205    34.2190    27.5165    1444.46    1444.47    -0.8975  1027.6795    34.3841 0.0000e+00
      21486 309.385396  -62.30810  -58.54618     -0.389    1447.29     32.000     31.689    -0.8928    -0.8928    -0.0001    -0.8936    -0.8937    -0.0001   2.771257   2.771651   0.000391    34.2175    34.2229     7.4877     7.1656    -0.3220    27.5151    27.5195    34.2181    27.5155    1444.46    1444.47    -0.8936  1027.6738    34.3831 0.0000e+00
      21527 309.385416  -62.30810  -58.54618     -0.568    1447.29     31.000     30.697    -0.8891    -0.8900    -0.0008    -0.8899    -0.8908    -0.0008   2.771432   2.771791   0.000366    34.2164    34.2223     7.4844     7.1667    -0.3178    27.5140    27.5189    34.2169    27.5144    1444.46    1444.46    -0.8899  1027.6679    34.3819 0.0000e+00
      21562 309.385433  -62.30810  -58.54618     -0.681    1447.29     30.000     29.710    -0.8839    -0.8845    -0.0006    -0.8847    -0.8853    -0.0006   2.771751   2.772126   0.000375    34.2151    34.2208     7.4941     7.1650    -0.3292    27.5128    27.5175    34.2159    27.5135    1444.47    1444.47    -0.8847  1027.6621    34.3810 0.0000e+00
      21602 309.385452  -62.30810  -58.54618     -0.610    1447.29     29.000     28.720    -0.8760    -0.8766    -0.0005    -0.8768    -0.8773    -0.0005   2.772164   2.772526   0.000367    34.2124    34.2180     7.4985     7.1715    -0.3270    27.5103    27.5149    34.2132    27.5109    1444.48    1444.49    -0.8768  1027.6547    34.3782 0.0000e+00
      21648 309.385474  -62.30810  -58.54618     -0.518    1447.29     28.000     27.728    -0.8673    -0.8673     0.0000    -0.8680    -0.8680     0.0000   2.772477   2.772874   0.000385    34.2073    34.2125     7.4984     7.1830    -0.3154    27.5058    27.5100    34.2081    27.5065    1444.50    1444.51    -0.8680  1027.6455    34.3731 0.0000e+00
      21691 309.385495  -62.30810  -58.54618     -0.553    1447.29     27.000     26.739    -0.8524    -0.8518     0.0006    -0.8531    -0.8525     0.0006   2.772711   2.773137   0.000424    34.1939    34.1990     7.5153     7.1907    -0.3245    27.4944    27.4985    34.1950    27.4953    1444.54    1444.55    -0.8531  1027.6295    34.3599 0.0000e+00
      21734 309.385515  -62.30810  -58.54618     -0.572    1447.29     26.000     25.749    -0.8441    -0.8448    -0.0006    -0.8448    -0.8455    -0.0006   2.772852   2.773253   0.000402    34.1870    34.1932     7.5436     7.2115    -0.3321    27.4884    27.4935    34.1882    27.4894    1444.55    1444.56    -0.8448  1027.6188    34.3530 0.0000e+00
      21778 309.385537  -62.30810  -58.54618     -0.543    1447.29     25.000     24.758    -0.8400    -0.8402    -0.0002    -0.8406    -0.8408    -0.0002   2.772961   2.773373   0.000410    34.1846    34.1904     7.5932     7.2594    -0.3339    27.4863    27.4910    34.1856    27.4871    1444.55    1444.56    -0.8407  1027.6117    34.3504 0.0000e+00
      21825 309.385560  -62.30810  -58.54618     -0.502    1447.29     24.000     23.771    -0.8375    -0.8376    -0.0001    -0.8382    -0.8383    -0.0001   2.773016   2.773421   0.000408    34.1833    34.1890     7.6177     7.2872    -0.3304    27.4852    27.4898    34.1841    27.4859    1444.54    1444.55    -0.8381  1027.6056    34.3490 0.0000e+00
      21870 309.385581  -62.30810  -58.54618     -0.536    1447.29     23.000     22.775    -0.8352    -0.8351     0.0001    -0.8358    -0.8357     0.0001   2.773061   2.773477   0.000418    34.1820    34.1876     7.6095     7.3006    -0.3089    27.4841    27.4886    34.1827    27.4846    1444.54    1444.55    -0.8358  1027.5996    34.3475 0.0000e+00
      21912 309.385601  -62.30810  -58.54618     -0.575    1447.29     22.000     21.788    -0.8324    -0.8332    -0.0008    -0.8330    -0.8338    -0.0008   2.773093   2.773480   0.000384    34.1799    34.1860     7.6171     7.3020    -0.3152    27.4823    27.4873    34.1806    27.4828    1444.53    1444.54    -0.8330  1027.5930    34.3454 0.0000e+00
      21953 309.385621  -62.30810  -58.54618     -0.580    1447.29     21.000     20.797    -0.8254    -0.8263    -0.0009    -0.8260    -0.8269    -0.0009   2.773414   2.773776   0.000365    34.1769    34.1828     7.6240     7.3039    -0.3201    27.4795    27.4844    34.1777    27.4802    1444.54    1444.55    -0.8260  1027.5855    34.3425 0.0000e+00
      22000 309.385644  -62.30810  -58.54618     -0.519    1447.29     20.000     19.808    -0.8178    -0.8148     0.0030    -0.8183    -0.8154     0.0030   2.773530   2.774039   0.000497    34.1702    34.1736     7.6266     7.3127    -0.3140    27.4738    27.4764    34.1712    27.4746    1444.56    1444.57    -0.8183  1027.5752    34.3359 0.0000e+00
      22045 309.385665  -62.30810  -58.54618     -0.526    1447.29     19.000     18.816    -0.8010    -0.8009     0.0001    -0.8015    -0.8014     0.0001   2.774102   2.774518   0.000418    34.1595    34.1650     7.6364     7.3286    -0.3077    27.4645    27.4689    34.1606    27.4654    1444.60    1444.61    -0.8015  1027.5611    34.3253 0.0000e+00
      22085 309.385685  -62.30810  -58.54618     -0.594    1447.29     18.000     17.826    -0.7996    -0.8008    -0.0012    -0.8001    -0.8012    -0.0012   2.774180   2.774534   0.000362    34.1595    34.1658     7.6525     7.3322    -0.3203    27.4644    27.4695    34.1607    27.4653    1444.59    1444.60    -0.8001  1027.5563    34.3254 0.0000e+00
      22135 309.385709  -62.30810  -58.54618     -0.489    1447.29     17.000     16.837    -0.7974    -0.7990    -0.0015    -0.7979    -0.7995    -0.0015   2.774250   2.774575   0.000335    34.1591    34.1653     7.6657     7.3476    -0.3181    27.4640    27.4691    34.1598    27.4646    1444.59    1444.59    -0.7979  1027.5507    34.3245 0.0000e+00
      22207 309.385744  -62.30810  -58.54618     -0.318    1447.29     16.000     15.847    -0.7970    -0.7985    -0.0015    -0.7975    -0.7989    -0.0015   2.774090   2.774418   0.000325    34.1574    34.1635     7.6671     7.3478    -0.3193    27.4626    27.4676    34.1578    27.4629    1444.57    1444.57    -0.7974  1027.5443    34.3225 0.0000e+00
      22302 309.385790  -62.30810  -58.54618     -0.231    1447.29     15.000     14.855    -0.7995    -0.7995     0.0000    -0.8000    -0.7999     0.0000   2.773751   2.774180   0.000427    34.1566    34.1623     7.6638     7.3356    -0.3282    27.4621    27.4667    34.1567    27.4621    1444.54    1444.55    -0.7999  1027.5387    34.3214 0.0000e+00
      22377 309.385825  -62.30810  -58.54618     -0.344    1447.29     14.000     13.866    -0.8065    -0.8066    -0.0001    -0.8069    -0.8070    -0.0001   2.773054   2.773455   0.000400    34.1559    34.1614     7.6729     7.3460    -0.3269    27.4618    27.4662    34.1557    27.4616    1444.49    1444.50    -0.8069  1027.5334    34.3204 0.0000e+00
      22468 309.385870  -62.30810  -58.54618     -0.241    1447.29     13.000     12.874    -0.8104    -0.8116    -0.0012    -0.8108    -0.8120    -0.0012   2.772653   2.772943   0.000296    34.1557    34.1610     7.6736     7.3493    -0.3243    27.4617    27.4661    34.1554    27.4615    1444.45    1444.46    -0.8108  1027.5286    34.3201 0.0000e+00
      22551 309.385909  -62.30810  -58.54618     -0.310    1447.29     12.000     11.887    -0.8144    -0.8145    -0.0002    -0.8147    -0.8148    -0.0002   2.772222   2.772609   0.000384    34.1548    34.1602     7.6692     7.3473    -0.3218    27.4612    27.4656    34.1546    27.4610    1444.42    1444.42    -0.8147  1027.5233    34.3194 0.0000e+00
      22636 309.385950  -62.30810  -58.54618     -0.276    1447.29     11.000     10.892    -0.8139    -0.8139    -0.0000    -0.8141    -0.8142    -0.0000   2.772153   2.772546   0.000392    34.1538    34.1591     7.6756     7.3443    -0.3313    27.4603    27.4647    34.1537    27.4603    1444.40    1444.41    -0.8142  1027.5178    34.3185 0.0000e+00
      22714 309.385988  -62.30810  -58.54616     -0.318    1447.29     10.000      9.904    -0.8113    -0.8113     0.0000    -0.8116    -0.8116     0.0000   2.772234   2.772637   0.000402    34.1525    34.1579     7.6746     7.3388    -0.3357    27.4592    27.4636    34.1526    27.4592    1444.40    1444.41    -0.8116  1027.5120    34.3174 0.0000e+00
      22805 309.386032  -62.30810  -58.54616     -0.248    1447.29      9.000      8.912    -0.8065    -0.8098    -0.0033    -0.8067    -0.8100    -0.0033   2.772531   2.772736   0.000214    34.1515    34.1581     7.6718     7.3312    -0.3406    27.4582    27.4637    34.1517    27.4583    1444.40    1444.40    -0.8067  1027.5063    34.3165 0.0000e+00
      22887 309.386071  -62.30810  -58.54616     -0.287    1447.29      8.000      7.924    -0.8044    -0.8048    -0.0004    -0.8046    -0.8051    -0.0004   2.772614   2.772982   0.000369    34.1509    34.1564     7.6764     7.3235    -0.3529    27.4576    27.4621    34.1511    27.4578    1444.40    1444.40    -0.8046  1027.5009    34.3159 0.0000e+00
