Pos-Processados/process_op38/Processamento_split/up/uoperantar38_004.cnv
* Sea-Bird SBE 9 Data File:
* FileName = D:\OPERANTAR_XXXVIII\DADOS\OP38_004.hdr
* Software Version Seasave V 7.12
* Temperature SN = 4808
* Conductivity SN = 3380
* Number of Bytes Per Scan = 31
* Number of Voltage Words = 2
* Number of Scans Averaged by the Deck Unit = 1
* NMEA Latitude = 39 58.92 S
* NMEA Longitude = 054 59.71 W
* NMEA UTC (Time) = Oct 17 2019 15:31:47
** H41
** NAVIO POLAR ALMIRANTE MAXIMIANO
** CRUZEIRO:
** OPERANTAR XXXVIII
** ESTAวรO: OP38_004
** LAT 39บ 58,96'S
** LONG 054บ 59,70'W
** 09P73767-1155
** PROFUNDIDADE: 1627 m
** DATA/HORA: 171533Z/OUT/2019
** OPERADOR: SO-HN CHAVES
# nquan = 33
# nvalues = 1017                        
# units = specified
# name 0 = scan: Scan Count
# name 1 = timeJ: Julian Days
# name 2 = latitude: Latitude [deg]
# name 3 = longitude: Longitude [deg]
# name 4 = dz/dtM: Descent Rate [m/s]
# name 5 = avgsvCM: Average Sound Velocity [Chen-Millero, m/s]
# name 6 = prDM: Pressure, Digiquartz [db]
# name 7 = depSM: Depth [salt water, m]
# name 8 = t090C: Temperature [ITS-90, deg C]
# name 9 = t190C: Temperature, 2 [ITS-90, deg C]
# name 10 = T2-T190C: Temperature Difference, 2 - 1 [ITS-90, deg C]
# name 11 = potemp090C: Potential Temperature [ITS-90, deg C]
# name 12 = potemp190C: Potential Temperature, 2 [ITS-90, deg C]
# name 13 = potemp90Cdiff: Potential Temperature, Diff, 2 - 1 [ITS-90, deg C]
# name 14 = c0S/m: Conductivity [S/m]
# name 15 = c1S/m: Conductivity, 2 [S/m]
# name 16 = C2-C1S/m: Conductivity Difference, 2 - 1 [S/m]
# name 17 = sal00: Salinity, Practical [PSU]
# name 18 = sal11: Salinity, Practical, 2 [PSU]
# name 19 = sbeox0ML/L: Oxygen, SBE 43 [ml/l]
# name 20 = sigma-้00: Density [sigma-theta, kg/m^3]
# name 21 = sigma-้11: Density, 2 [sigma-theta, kg/m^3]
# name 22 = sbox0Mm/Kg: Oxygen, SBE 43 [umol/kg]
# name 23 = oxsolMm/Kg: Oxygen Saturation, Garcia & Gordon [umol/kg]
# name 24 = oxsatMm/Kg: Oxygen Saturation, Weiss [umol/kg]
# name 25 = sal00: Salinity, Practical [PSU]
# name 26 = sigma-้00: Density [sigma-theta, kg/m^3]
# name 27 = svCM: Sound Velocity [Chen-Millero, m/s]
# name 28 = svCM1: Sound Velocity, 2 [Chen-Millero, m/s]
# name 29 = gsw_ptA0: potential temperature [ITS-90, deg C]
# name 30 = gsw_densityA0: density, TEOS-10 [density, kg/m^3]
# name 31 = gsw_saA0: Absolute Salinity [g/kg]
# name 32 = flag:
# span 0 =      30016,      65770       
# span 1 = 290.661546, 290.678789       
# span 2 =  -39.97842,  -39.97412       
# span 3 =  -54.99522,  -54.99512       
# span 4 =     -1.536,     -0.154       
# span 5 =    1470.62,    1470.62       
# span 6 =      3.000,   1019.000       
# span 7 =      2.997,   1008.721       
# span 8 =     2.5352,     6.8353       
# span 9 =     2.5359,     6.8372       
# span 10 =    -0.0550,     0.0591      
# span 11 =     2.4696,     6.8350      
# span 12 =     2.4702,     6.8369      
# span 13 =    -0.0548,     0.0591      
# span 14 =   3.105652,   3.430393      
# span 15 =   3.106098,   3.431200      
# span 16 =  -0.004683,   0.005548      
# span 17 =    34.0581,    34.5222      
# span 18 =    34.0640,    34.5269      
# span 19 =     3.8559,     7.3579      
# span 20 =    26.7168,    27.5504      
# span 21 =    26.7221,    27.5542      
# span 22 =    167.588,    320.007      
# span 23 =  296.55711,  327.45500      
# span 24 =  296.99843,  328.48666      
# span 25 =    34.0568,    34.5222      
# span 26 =    26.7183,    27.5504      
# span 27 =    1466.60,    1476.95      
# span 28 =    1466.62,    1476.95      
# span 29 =     2.4695,     6.8350      
# span 30 =  1026.7336,  1032.2831      
# span 31 =    34.2180,    34.6886      
# span 32 = 0.0000e+00, 0.0000e+00      
# interval = decibars: 1                
# start_time = Oct 17 2019 15:31:47 [NMEA time, header]
# bad_flag = -9.990e-29
*END*
[from data line 176]
      34656 290.663784  -39.97782  -54.99520     -0.674    1470.62    843.000    834.846     2.6677     2.6679     0.0002     2.6137     2.6139     0.0002   3.130507   3.130940   0.000433    34.4598    34.4649     4.0014    27.4882    27.4923    173.924  326.53823  327.54623    34.4600    27.4884    1474.12    1474.13     2.6137  1031.4084    34.6253 0.0000e+00
      34686 290.663799  -39.97782  -54.99520     -0.746    1470.62    842.000    833.857     2.6681     2.6686     0.0005     2.6142     2.6148     0.0005   3.130477   3.130932   0.000450    34.4596    34.4645     4.0017    27.4880    27.4919    173.935  326.53510  327.54302    34.4597    27.4881    1474.10    1474.11     2.6142  1031.4035    34.6250 0.0000e+00
      34709 290.663810  -39.97782  -54.99520     -0.929    1470.62    841.000    832.869     2.6683     2.6697     0.0014     2.6145     2.6159     0.0014   3.130438   3.130942   0.000506    34.4594    34.4641     4.0055    27.4878    27.4914    174.101  326.53397  327.54184    34.4595    27.4879    1474.09    1474.10     2.6145  1031.3987    34.6248 0.0000e+00
      34728 290.663819  -39.97782  -54.99520     -1.114    1470.62    840.000    831.881     2.6693     2.6703     0.0011     2.6156     2.6166     0.0010   3.130442   3.130929   0.000484    34.4589    34.4637     4.0028    27.4873    27.4911    173.985  326.52728  327.53499    34.4591    27.4874    1474.08    1474.09     2.6155  1031.3936    34.6244 0.0000e+00
      34747 290.663828  -39.97782  -54.99520     -1.229    1470.62    839.000    830.893     2.6699     2.6712     0.0013     2.6162     2.6175     0.0013   3.130440   3.130927   0.000486    34.4588    34.4633     4.0042    27.4872    27.4907    174.046  326.52284  327.53045    34.4590    27.4873    1474.06    1474.07     2.6162  1031.3888    34.6242 0.0000e+00
      34767 290.663838  -39.97782  -54.99520     -1.247    1470.62    838.000    829.904     2.6709     2.6717     0.0008     2.6173     2.6181     0.0008   3.130445   3.130906   0.000461    34.4583    34.4631     4.0086    27.4867    27.4905    174.237  326.51607  327.52350    34.4585    27.4868    1474.05    1474.06     2.6172  1031.3837    34.6238 0.0000e+00
      34790 290.663849  -39.97781  -54.99520     -1.150    1470.62    837.000    828.916     2.6714     2.6727     0.0013     2.6178     2.6192     0.0013   3.130414   3.130911   0.000487    34.4580    34.4626     4.0090    27.4864    27.4899    174.252  326.51256  327.51990    34.4581    27.4865    1474.03    1474.04     2.6178  1031.3788    34.6234 0.0000e+00
      34816 290.663861  -39.97780  -54.99520     -0.989    1470.62    836.000    827.928     2.6722     2.6730     0.0009     2.6187     2.6196     0.0009   3.130406   3.130873   0.000479    34.4574    34.4623     4.0118    27.4858    27.4897    174.374  326.50777  327.51496    34.4577    27.4861    1474.02    1474.03     2.6187  1031.3737    34.6229 0.0000e+00
      34842 290.663874  -39.97780  -54.99520     -0.893    1470.62    835.000    826.939     2.6733     2.6735     0.0002     2.6199     2.6201     0.0002   3.130420   3.130865   0.000443    34.4570    34.4622     4.0102    27.4854    27.4896    174.305  326.49944  327.50643    34.4571    27.4855    1474.01    1474.02     2.6199  1031.3686    34.6224 0.0000e+00
      34867 290.663886  -39.97779  -54.99520     -0.931    1470.62    834.000    825.951     2.6741     2.6752     0.0010     2.6208     2.6218     0.0010   3.130405   3.130899   0.000492    34.4565    34.4614     4.0116    27.4849    27.4888    174.367  326.49429  327.50113    34.4567    27.4851    1473.99    1474.00     2.6207  1031.3635    34.6219 0.0000e+00
      34890 290.663897  -39.97778  -54.99520     -1.012    1470.62    833.000    824.962     2.6747     2.6760     0.0013     2.6215     2.6227     0.0013   3.130401   3.130900   0.000496    34.4563    34.4610     4.0132    27.4847    27.4884    174.435  326.48980  327.49654    34.4565    27.4849    1473.98    1473.99     2.6214  1031.3586    34.6217 0.0000e+00
      34911 290.663907  -39.97778  -54.99520     -1.087    1470.62    832.000    823.974     2.6760     2.6779     0.0019     2.6228     2.6247     0.0018   3.130424   3.130925   0.000495    34.4557    34.4598     4.0131    27.4841    27.4872    174.433  326.48100  327.48751    34.4560    27.4843    1473.97    1473.98     2.6227  1031.3535    34.6212 0.0000e+00
      34933 290.663918  -39.97778  -54.99520     -1.125    1470.62    831.000    822.986     2.6780     2.6805     0.0024     2.6249     2.6273     0.0024   3.130452   3.130955   0.000500    34.4544    34.4579     4.0177    27.4829    27.4855    174.630  326.46775  327.47388    34.4547    27.4831    1473.96    1473.97     2.6248  1031.3476    34.6199 0.0000e+00
      34954 290.663928  -39.97778  -54.99520     -1.121    1470.62    830.000    821.997     2.6800     2.6816     0.0016     2.6269     2.6285     0.0016   3.130455   3.130942   0.000488    34.4529    34.4572     4.0158    27.4815    27.4848    174.549  326.45582  327.46159    34.4532    27.4817    1473.95    1473.96     2.6268  1031.3416    34.6183 0.0000e+00
      34978 290.663939  -39.97778  -54.99520     -1.070    1470.62    829.000    821.009     2.6808     2.6819     0.0011     2.6278     2.6289     0.0011   3.130433   3.130897   0.000465    34.4523    34.4568     4.0138    27.4810    27.4845    174.462  326.45064  327.45625    34.4525    27.4811    1473.94    1473.94     2.6277  1031.3364    34.6177 0.0000e+00
      35005 290.663952  -39.97778  -54.99520     -0.951    1470.62    828.000    820.021     2.6816     2.6825     0.0009     2.6286     2.6295     0.0009   3.130406   3.130866   0.000463    34.4517    34.4564     4.0223    27.4804    27.4841    174.833  326.44594  327.45140    34.4519    27.4806    1473.92    1473.93     2.6286  1031.3312    34.6171 0.0000e+00
      35038 290.663969  -39.97778  -54.99520     -0.751    1470.62    827.000    819.032     2.6824     2.6827     0.0002     2.6296     2.6298     0.0002   3.130382   3.130828   0.000448    34.4510    34.4562     4.0284    27.4798    27.4839    175.095  326.44075  327.44605    34.4512    27.4800    1473.91    1473.91     2.6295  1031.3251    34.6153 0.0000e+00
      35072 290.663985 -9.990e-29  -54.99520     -0.678    1470.62    826.000    818.044     2.6830     2.6835     0.0005     2.6302     2.6307     0.0005   3.130346   3.130796   0.000450    34.4506    34.4556     4.0329    27.4794    27.4833    175.294  326.43735  327.44255    34.4507    27.4795    1473.89    1473.90     2.6301  1031.3190    34.6135 0.0000e+00
      35097 290.663997 -9.990e-29  -54.99520     -0.842    1470.62    825.000    817.055     2.6830     2.6836     0.0006     2.6303     2.6309     0.0006   3.130303   3.130766   0.000462    34.4506    34.4556     4.0353    27.4794    27.4833    175.396  326.43712  327.44232    34.4507    27.4795    1473.88    1473.89     2.6302  1031.3144    34.6135 0.0000e+00
      35116 290.664006 -9.990e-29  -54.99520     -1.069    1470.62    824.000    816.067     2.6831     2.6838     0.0008     2.6304     2.6312     0.0008   3.130244   3.130724   0.000480    34.4504    34.4554     4.0338    27.4792    27.4831    175.329  326.43732  327.44250    34.4505    27.4793    1473.86    1473.87     2.6303  1031.3096    34.6133 0.0000e+00
      35133 290.664014  -39.97776  -54.99520     -1.279    1470.62    823.000    815.078     2.6833     2.6842     0.0009     2.6307     2.6316     0.0009   3.130213   3.130693   0.000480    34.4503    34.4552     4.0358    27.4791    27.4829    175.420  326.43578  327.44093    34.4504    27.4792    1473.84    1473.85     2.6306  1031.3050    34.6134 0.0000e+00
      35149 290.664022  -39.97776  -54.99520     -1.432    1470.62    822.000    814.090     2.6835     2.6842     0.0007     2.6310     2.6317     0.0007   3.130190   3.130660   0.000469    34.4502    34.4552     4.0381    27.4791    27.4830    175.519  326.43380  327.43890    34.4504    27.4792    1473.83    1473.84     2.6309  1031.3021    34.6156 0.0000e+00
      35165 290.664030  -39.97776  -54.99522     -1.494    1470.62    821.000    813.102     2.6837     2.6844     0.0007     2.6313     2.6320     0.0007   3.130143   3.130609   0.000469    34.4501    34.4550     4.0394    27.4789    27.4828    175.574  326.43284  327.43791    34.4501    27.4789    1473.81    1473.82     2.6312  1031.2973    34.6153 0.0000e+00
      35184 290.664039  -39.97776  -54.99522     -1.425    1470.62    820.000    812.113     2.6838     2.6846     0.0008     2.6314     2.6322     0.0008   3.130110   3.130577   0.000466    34.4501    34.4549     4.0383    27.4789    27.4827    175.528  326.43194  327.43699    34.4502    27.4790    1473.80    1473.81     2.6313  1031.2926    34.6153 0.0000e+00
      35210 290.664052  -39.97775  -54.99522     -1.095    1470.62    819.000    811.125     2.6840     2.6845     0.0006     2.6317     2.6322     0.0006   3.130063   3.130525   0.000463    34.4499    34.4549     4.0339    27.4787    27.4827    175.334  326.43114  327.43616    34.4499    27.4787    1473.78    1473.79     2.6316  1031.2878    34.6151 0.0000e+00
      35249 290.664070  -39.97774  -54.99520     -0.609    1470.62    818.000    810.137     2.6846     2.6850     0.0004     2.6324     2.6327     0.0004   3.130039   3.130485   0.000449    34.4494    34.4545     4.0410    27.4783    27.4823    175.645  326.42716  327.43206    34.4495    27.4783    1473.77    1473.78     2.6323  1031.2828    34.6146 0.0000e+00
      35280 290.664085  -39.97774  -54.99520     -0.709    1470.62    817.000    809.148     2.6850     2.6852     0.0003     2.6328     2.6331     0.0003   3.130004   3.130467   0.000454    34.4492    34.4544     4.0376    27.4780    27.4822    175.498  326.42487  327.42970    34.4492    27.4781    1473.75    1473.76     2.6327  1031.2779    34.6143 0.0000e+00
      35303 290.664096  -39.97774  -54.99520     -0.934    1470.62    816.000    808.160     2.6863     2.6881     0.0018     2.6342     2.6360     0.0018   3.130035   3.130537   0.000504    34.4485    34.4527     4.0384    27.4773    27.4805    175.533  326.41574  327.42034    34.4487    27.4775    1473.74    1473.75     2.6341  1031.2727    34.6138 0.0000e+00
      35324 290.664106  -39.97774  -54.99520     -1.096    1470.62    815.000    807.171     2.6881     2.6901     0.0020     2.6361     2.6381     0.0020   3.130053   3.130576   0.000519    34.4474    34.4516     4.0396    27.4763    27.4795    175.585  326.40392  327.40818    34.4475    27.4764    1473.73    1473.74     2.6360  1031.2670    34.6126 0.0000e+00
      35345 290.664116  -39.97773  -54.99520     -1.154    1470.62    814.000    806.182     2.6893     2.6906     0.0013     2.6374     2.6386     0.0013   3.130064   3.130543   0.000478    34.4467    34.4512     4.0396    27.4757    27.4791    175.586  326.39572  327.39976    34.4469    27.4758    1473.72    1473.73     2.6373  1031.2617    34.6120 0.0000e+00
      35367 290.664127  -39.97772  -54.99520     -1.104    1470.62    813.000    805.194     2.6897     2.6910     0.0013     2.6378     2.6391     0.0013   3.130031   3.130521   0.000490    34.4465    34.4510     4.0402    27.4754    27.4790    175.609  326.39329  327.39727    34.4466    27.4756    1473.70    1473.71     2.6377  1031.2569    34.6117 0.0000e+00
      35391 290.664139  -39.97772  -54.99520     -1.026    1470.62    812.000    804.205     2.6904     2.6918     0.0013     2.6386     2.6399     0.0013   3.130017   3.130511   0.000493    34.4460    34.4506     4.0493    27.4750    27.4786    176.004  326.38862  327.39246    34.4462    27.4752    1473.69    1473.70     2.6385  1031.2519    34.6113 0.0000e+00
      35415 290.664150  -39.97772  -54.99520     -1.009    1470.62    811.000    803.217     2.6918     2.6929     0.0011     2.6400     2.6411     0.0011   3.130028   3.130510   0.000482    34.4453    34.4500     4.0561    27.4743    27.4780    176.303  326.37985  327.38346    34.4454    27.4744    1473.68    1473.69     2.6399  1031.2465    34.6105 0.0000e+00
      35438 290.664161  -39.97772  -54.99520     -1.031    1470.62    810.000    802.229     2.6927     2.6937     0.0010     2.6410     2.6419     0.0010   3.130015   3.130505   0.000488    34.4447    34.4496     4.0585    27.4738    27.4776    176.405  326.37370  327.37713    34.4448    27.4739    1473.66    1473.67     2.6409  1031.2413    34.6099 0.0000e+00
      35460 290.664172  -39.97772  -54.99520     -1.054    1470.62    809.000    801.240     2.6931     2.6939     0.0008     2.6414     2.6422     0.0007   3.129982   3.130455   0.000476    34.4444    34.4494     4.0584    27.4734    27.4774    176.400  326.37114  327.37449    34.4445    27.4736    1473.65    1473.66     2.6414  1031.2364    34.6096 0.0000e+00
      35481 290.664182  -39.97772  -54.99520     -1.094    1470.62    808.000    800.251     2.6934     2.6943     0.0010     2.6418     2.6427     0.0009   3.129955   3.130431   0.000477    34.4443    34.4491     4.0583    27.4734    27.4772    176.399  326.36931  327.37262    34.4444    27.4735    1473.63    1473.64     2.6417  1031.2317    34.6095 0.0000e+00
      35502 290.664192  -39.97770  -54.99522     -1.151    1470.62    807.000    799.263     2.6937     2.6945     0.0008     2.6421     2.6429     0.0008   3.129928   3.130389   0.000462    34.4442    34.4490     4.0570    27.4733    27.4770    176.343  326.36717  327.37044    34.4443    27.4734    1473.62    1473.63     2.6421  1031.2270    34.6094 0.0000e+00
      35522 290.664202  -39.97770  -54.99522     -1.187    1470.62    806.000    798.274     2.6937     2.6945     0.0008     2.6423     2.6430     0.0008   3.129883   3.130349   0.000465    34.4442    34.4491     4.0603    27.4732    27.4771    176.482  326.36676  327.37002    34.4443    27.4733    1473.60    1473.61     2.6422  1031.2223    34.6093 0.0000e+00
      35545 290.664213  -39.97770  -54.99522     -1.113    1470.62    805.000    797.286     2.6937     2.6945     0.0007     2.6424     2.6431     0.0007   3.129835   3.130294   0.000460    34.4440    34.4489     4.0632    27.4731    27.4769    176.609  326.36668  327.36992    34.4442    27.4732    1473.58    1473.59     2.6423  1031.2176    34.6092 0.0000e+00
      35575 290.664227  -39.97770  -54.99520     -0.889    1470.62    804.000    796.298     2.6938     2.6943     0.0005     2.6425     2.6429     0.0005   3.129794   3.130237   0.000444    34.4441    34.4490     4.0640    27.4731    27.4770    176.646  326.36624  327.36947    34.4442    27.4732    1473.57    1473.58     2.6424  1031.2129    34.6092 0.0000e+00
      35607 290.664243  -39.97770  -54.99520     -0.743    1470.62    803.000    795.309     2.6938     2.6942     0.0003     2.6426     2.6429     0.0003   3.129739   3.130195   0.000454    34.4439    34.4491     4.0615    27.4730    27.4771    176.538  326.36626  327.36948    34.4440    27.4730    1473.55    1473.56     2.6425  1031.2081    34.6090 0.0000e+00
      35633 290.664255  -39.97769  -54.99520     -0.846    1470.62    802.000    794.320     2.6939     2.6945     0.0006     2.6427     2.6433     0.0006   3.129697   3.130158   0.000461    34.4439    34.4489     4.0650    27.4729    27.4769    176.688  326.36608  327.36930    34.4439    27.4730    1473.53    1473.54     2.6426  1031.2035    34.6090 0.0000e+00
      35656 290.664267  -39.97768  -54.99521     -0.980    1470.62    801.000    793.332     2.6937     2.6946     0.0008     2.6426     2.6435     0.0008   3.129654   3.130121   0.000466    34.4441    34.4489     4.0662    27.4731    27.4768    176.741  326.36665  327.36989    34.4441    27.4731    1473.52    1473.53     2.6426  1031.1990    34.6091 0.0000e+00
