Pos-Processados/process_op38/Processamento_split/up/uoperantar38_004.cnv
* Sea-Bird SBE 9 Data File:
* FileName = D:\OPERANTAR_XXXVIII\DADOS\OP38_004.hdr
* Software Version Seasave V 7.12
* Temperature SN = 4808
* Conductivity SN = 3380
* Number of Bytes Per Scan = 31
* Number of Voltage Words = 2
* Number of Scans Averaged by the Deck Unit = 1
* NMEA Latitude = 39 58.92 S
* NMEA Longitude = 054 59.71 W
* NMEA UTC (Time) = Oct 17 2019 15:31:47
** H41
** NAVIO POLAR ALMIRANTE MAXIMIANO
** CRUZEIRO:
** OPERANTAR XXXVIII
** ESTAวรO: OP38_004
** LAT 39บ 58,96'S
** LONG 054บ 59,70'W
** 09P73767-1155
** PROFUNDIDADE: 1627 m
** DATA/HORA: 171533Z/OUT/2019
** OPERADOR: SO-HN CHAVES
# nquan = 32
# nvalues = 1017                        
# units = specified
# name 0 = scan: Scan Count
# name 1 = timeJ: Julian Days
# name 2 = latitude: Latitude [deg]
# name 3 = longitude: Longitude [deg]
# name 4 = dz/dtM: Descent Rate [m/s]
# name 5 = avgsvCM: Average Sound Velocity [Chen-Millero, m/s]
# name 6 = prDM: Pressure, Digiquartz [db]
# name 7 = depSM: Depth [salt water, m]
# name 8 = t090C: Temperature [ITS-90, deg C]
# name 9 = t190C: Temperature, 2 [ITS-90, deg C]
# name 10 = T2-T190C: Temperature Difference, 2 - 1 [ITS-90, deg C]
# name 11 = potemp090C: Potential Temperature [ITS-90, deg C]
# name 12 = potemp190C: Potential Temperature, 2 [ITS-90, deg C]
# name 13 = potemp90Cdiff: Potential Temperature, Diff, 2 - 1 [ITS-90, deg C]
# name 14 = c0S/m: Conductivity [S/m]
# name 15 = c1S/m: Conductivity, 2 [S/m]
# name 16 = C2-C1S/m: Conductivity Difference, 2 - 1 [S/m]
# name 17 = sal00: Salinity, Practical [PSU]
# name 18 = sal11: Salinity, Practical, 2 [PSU]
# name 19 = sbeox0ML/L: Oxygen, SBE 43 [ml/l]
# name 20 = sbeox1ML/L: Oxygen, SBE 43, 2 [ml/l]
# name 21 = sbeox0ML/Ldiff: Oxygen, SBE 43, Diff, 2 - 1 [ml/l]
# name 22 = sigma-้00: Density [sigma-theta, kg/m^3]
# name 23 = sigma-้11: Density, 2 [sigma-theta, kg/m^3]
# name 24 = sal00: Salinity, Practical [PSU]
# name 25 = sigma-้00: Density [sigma-theta, kg/m^3]
# name 26 = svCM: Sound Velocity [Chen-Millero, m/s]
# name 27 = svCM1: Sound Velocity, 2 [Chen-Millero, m/s]
# name 28 = gsw_ptA0: potential temperature [ITS-90, deg C]
# name 29 = gsw_densityA0: density, TEOS-10 [density, kg/m^3]
# name 30 = gsw_saA0: Absolute Salinity [g/kg]
# name 31 = flag:
# span 0 =      30016,      65770       
# span 1 = 290.661546, 290.678789       
# span 2 =  -39.97842,  -39.97412       
# span 3 =  -54.99522,  -54.99512       
# span 4 =     -1.536,     -0.154       
# span 5 =    1470.62,    1470.62       
# span 6 =      3.000,   1019.000       
# span 7 =      2.997,   1008.721       
# span 8 =     2.5352,     6.8353       
# span 9 =     2.5359,     6.8372       
# span 10 =    -0.0550,     0.0591      
# span 11 =     2.4696,     6.8350      
# span 12 =     2.4702,     6.8369      
# span 13 =    -0.0548,     0.0591      
# span 14 =   3.105652,   3.430393      
# span 15 =   3.106098,   3.431200      
# span 16 =  -0.004683,   0.005548      
# span 17 =    34.0581,    34.5222      
# span 18 =    34.0640,    34.5269      
# span 19 =     3.8559,     7.3579      
# span 20 =     3.6852,     7.0459      
# span 21 =    -0.3776,    -0.1630      
# span 22 =    26.7168,    27.5504      
# span 23 =    26.7221,    27.5542      
# span 24 =    34.0568,    34.5222      
# span 25 =    26.7183,    27.5504      
# span 26 =    1466.60,    1476.95      
# span 27 =    1466.62,    1476.95      
# span 28 =     2.4695,     6.8350      
# span 29 =  1026.7336,  1032.2831      
# span 30 =    34.2180,    34.6886      
# span 31 = 0.0000e+00, 0.0000e+00      
# interval = decibars: 1                
# start_time = Oct 17 2019 15:31:47 [NMEA time, header]
# bad_flag = -9.990e-29
*END*
[from data line 499]
      42574 290.667603  -39.97686  -54.99520     -1.221    1470.62    520.000    515.369     2.8775     2.8792     0.0018     2.8450     2.8467     0.0018   3.113165   3.113751   0.000585    34.1966    34.2018     5.4525     5.2187    -0.2338    27.2576    27.2616    34.1980    27.2587    1469.36    1469.37     2.8449  1029.6833    34.3606 0.0000e+00
      42595 290.667613  -39.97686  -54.99520     -1.228    1470.62    519.000    514.379     2.8804     2.8819     0.0015     2.8479     2.8494     0.0015   3.113388   3.113951   0.000571    34.1967    34.2020     5.4506     5.2055    -0.2452    27.2574    27.2616    34.1981    27.2586    1469.35    1469.37     2.8479  1029.6785    34.3608 0.0000e+00
      42619 290.667624  -39.97685  -54.99520     -1.099    1470.62    518.000    513.389     2.8817     2.8844     0.0027     2.8493     2.8520     0.0027   3.113426   3.114133   0.000687    34.1967    34.2021     5.4455     5.2010    -0.2445    27.2573    27.2614    34.1978    27.2582    1469.34    1469.36     2.8492  1029.6734    34.3604 0.0000e+00
      42648 290.667638  -39.97684  -54.99520     -0.879    1470.62    517.000    512.400     2.8840     2.8856     0.0017     2.8516     2.8532     0.0016   3.113619   3.114171   0.000578    34.1969    34.2022     5.4416     5.1940    -0.2477    27.2573    27.2614    34.1983    27.2584    1469.33    1469.35     2.8516  1029.6689    34.3609 0.0000e+00
      42681 290.667654  -39.97684  -54.99520     -0.730    1470.62    516.000    511.410     2.8885     2.8873    -0.0012     2.8562     2.8550    -0.0012   3.113961   3.114294   0.000329    34.1971    34.2024     5.4357     5.1944    -0.2413    27.2571    27.2614    34.1981    27.2578    1469.34    1469.34     2.8561  1029.6637    34.3607 0.0000e+00
      42711 290.667669  -39.97684  -54.99518     -0.773    1470.62    515.000    510.420     2.8902     2.8912     0.0010     2.8580     2.8590     0.0010   3.114077   3.114630   0.000522    34.1973    34.2026     5.4366     5.1994    -0.2373    27.2571    27.2612    34.1983    27.2578    1469.33    1469.34     2.8579  1029.6591    34.3609 0.0000e+00
      42734 290.667680  -39.97684  -54.99518     -0.920    1470.62    514.000    509.430     2.8933     2.9034     0.0102     2.8611     2.8712     0.0101   3.114310   3.115907   0.001421    34.1975    34.2040     5.4366     5.1983    -0.2383    27.2569    27.2612    34.1984    27.2577    1469.33    1469.38     2.8610  1029.6541    34.3609 0.0000e+00
      42755 290.667690  -39.97684 -9.990e-29     -1.073    1470.62    513.000    508.440     2.9035     2.9252     0.0217     2.8713     2.8929     0.0216   3.115512   3.117884   0.002413    34.1993    34.2057     5.4351     5.1944    -0.2407    27.2575    27.2607    34.2027    27.2602    1469.36    1469.46     2.8713  1029.6516    34.3650 0.0000e+00
      42774 290.667699  -39.97684 -9.990e-29     -1.184    1470.62    512.000    507.450     2.9244     2.9340     0.0096     2.8922     2.9018     0.0095   3.117333   3.118670   0.001332    34.2005    34.2066     5.4340     5.1927    -0.2413    27.2566    27.2605    34.2034    27.2588    1469.43    1469.48     2.8921  1029.6454    34.3656 0.0000e+00
      42794 290.667709  -39.97682 -9.990e-29     -1.220    1470.62    511.000    506.460     2.9351     2.9456     0.0105     2.9029     2.9134     0.0104   3.118271   3.119767   0.001470    34.2012    34.2079     5.4360     5.1964    -0.2396    27.2561    27.2606    34.2040    27.2583    1469.46    1469.52     2.9029  1029.6400    34.3662 0.0000e+00
      42818 290.667720  -39.97682 -9.990e-29     -1.127    1470.62    510.000    505.471     2.9482     2.9651     0.0168     2.9161     2.9328     0.0168   3.119491   3.121529   0.001987    34.2029    34.2092     5.4314     5.1946    -0.2369    27.2563    27.2598    34.2055    27.2584    1469.50    1469.59     2.9160  1029.6353    34.3677 0.0000e+00
      42851 290.667736  -39.97682  -54.99518     -0.818    1470.62    509.000    504.480     2.9859     2.9657    -0.0203     2.9537     2.9335    -0.0202   3.123542   3.121607  -0.001582    34.2073    34.2095     5.4067     5.1785    -0.2282    27.2564    27.2600    34.2153    27.2629    1469.66    1469.57     2.9536  1029.6348    34.3779 0.0000e+00
      42890 290.667755  -39.97682  -54.99518     -0.587    1470.62    508.000    503.491     3.0844     3.0294    -0.0550     3.0518     2.9970    -0.0548   3.132489   3.127733  -0.004683    34.2137    34.2150     5.3846     5.1411    -0.2435    27.2527    27.2587    34.2204    27.2580    1470.07    1469.84     3.0517  1029.6240    34.3831 0.0000e+00
      42919 290.667769  -39.97680  -54.99518     -0.738    1470.62    507.000    502.501     3.0873     3.0894     0.0021     3.0548     3.0569     0.0021   3.132610   3.133750   0.000797    34.2144    34.2219     5.3842     5.1317    -0.2525    27.2530    27.2588    34.2193    27.2569    1470.07    1470.09     3.0547  1029.6182    34.3820 0.0000e+00
      42941 290.667780  -39.97680  -54.99518     -0.972    1470.62    506.000    501.511     3.1026     3.1091     0.0064     3.0701     3.0765     0.0064   3.133950   3.135135   0.001000    34.2165    34.2219     5.3372     5.1348    -0.2024    27.2533    27.2569    34.2199    27.2560    1470.12    1470.16     3.0700  1029.6124    34.3826 0.0000e+00
      42959 290.667788  -39.97680  -54.99518     -1.172    1470.62    505.000    500.521     3.1035     3.1214     0.0179     3.0711     3.0889     0.0178   3.134517   3.136534   0.002068    34.2184    34.2245     5.2997     5.1226    -0.1771    27.2547    27.2579    34.2264    27.2610    1470.11    1470.20     3.0710  1029.6128    34.3891 0.0000e+00
      42976 290.667797  -39.97680  -54.99518     -1.321    1470.62    504.000    499.531     3.1335     3.1474     0.0139     3.1009     3.1148     0.0138   3.137220   3.138933   0.001715    34.2205    34.2266     5.2779     5.1009    -0.1770    27.2536    27.2572    34.2280    27.2596    1470.23    1470.29     3.1009  1029.6064    34.3907 0.0000e+00
      42993 290.667805  -39.97680  -54.99518     -1.409    1470.62    503.000    498.541     3.1544     3.1647     0.0102     3.1219     3.1321     0.0102   3.139096   3.140444   0.001359    34.2216    34.2272     5.2692     5.0802    -0.1890    27.2525    27.2561    34.2291    27.2586    1470.30    1470.35     3.1218  1029.6004    34.3918 0.0000e+00
      43011 290.667813  -39.97680  -54.99518     -1.407    1470.62    502.000    497.551     3.1767     3.1816     0.0049     3.1441     3.1490     0.0049   3.140912   3.141841   0.000895    34.2227    34.2284     5.2683     5.0566    -0.2117    27.2514    27.2555    34.2281    27.2557    1470.38    1470.41     3.1441  1029.5926    34.3908 0.0000e+00
      43032 290.667824  -39.97680  -54.99519     -1.257    1470.62    501.000    496.561     3.1827     3.1882     0.0055     3.1502     3.1556     0.0054   3.141338   3.142236   0.000886    34.2228    34.2278     5.2616     5.0350    -0.2266    27.2509    27.2544    34.2274    27.2546    1470.39    1470.42     3.1501  1029.5868    34.3901 0.0000e+00
      43069 290.667842  -39.97679  -54.99518     -0.756    1470.62    500.000    495.572     3.1915     3.1822    -0.0093     3.1590     3.1497    -0.0092   3.141969   3.141606  -0.000324    34.2222    34.2281     5.2339     5.0083    -0.2256    27.2496    27.2552    34.2264    27.2529    1470.41    1470.37     3.1589  1029.5804    34.3891 0.0000e+00
      43112 290.667862  -39.97678  -54.99518     -0.501    1470.62    499.000    494.581     3.1947     3.1954     0.0008     3.1622     3.1630     0.0007   3.142054   3.142591   0.000528    34.2217    34.2272     5.2224     4.9841    -0.2383    27.2489    27.2533    34.2246    27.2512    1470.40    1470.41     3.1622  1029.5740    34.3873 0.0000e+00
      43136 290.667874  -39.97678  -54.99518     -0.807    1470.62    498.000    493.591     3.1942     3.1950     0.0008     3.1618     3.1626     0.0008   3.141985   3.142510   0.000516    34.2222    34.2276     5.2325     4.9934    -0.2391    27.2493    27.2536    34.2248    27.2514    1470.38    1470.40     3.1618  1029.5696    34.3875 0.0000e+00
      43156 290.667883  -39.97678  -54.99518     -1.088    1470.62    497.000    492.602     3.1942     3.1955     0.0013     3.1619     3.1632     0.0013   3.141864   3.142439   0.000558    34.2217    34.2271     5.2346     5.0006    -0.2340    27.2490    27.2531    34.2239    27.2507    1470.37    1470.38     3.1619  1029.5642    34.3865 0.0000e+00
      43174 290.667892  -39.97678  -54.99519     -1.248    1470.62    496.000    491.611     3.1944     3.1966     0.0022     3.1622     3.1643     0.0022   3.141834   3.142440   0.000595    34.2217    34.2266     5.2366     5.0080    -0.2286    27.2490    27.2526    34.2239    27.2506    1470.35    1470.37     3.1621  1029.5595    34.3865 0.0000e+00
      43195 290.667902  -39.97678  -54.99520     -1.251    1470.62    495.000    490.621     3.1956     3.1969     0.0013     3.1634     3.1647     0.0013   3.141859   3.142396   0.000539    34.2215    34.2266     5.2391     5.0098    -0.2293    27.2486    27.2526    34.2234    27.2502    1470.34    1470.35     3.1634  1029.5544    34.3861 0.0000e+00
      43220 290.667914  -39.97678  -54.99519     -1.061    1470.62    494.000    489.632     3.1961     3.1973     0.0012     3.1640     3.1652     0.0012   3.141825   3.142368   0.000541    34.2213    34.2266     5.2418     5.0131    -0.2286    27.2485    27.2526    34.2230    27.2497    1470.32    1470.34     3.1640  1029.5494    34.3856 0.0000e+00
      43248 290.667928  -39.97678  -54.99518     -0.883    1470.62    493.000    488.641     3.1980     3.1983     0.0003     3.1660     3.1662     0.0003   3.141891   3.142376   0.000482    34.2208    34.2264     5.2462     5.0173    -0.2289    27.2479    27.2523    34.2223    27.2490    1470.31    1470.32     3.1659  1029.5440    34.3849 0.0000e+00
      43273 290.667940  -39.97678  -54.99518     -0.910    1470.62    492.000    487.652     3.1998     3.2010     0.0012     3.1678     3.1690     0.0012   3.141867   3.142379   0.000509    34.2194    34.2243     5.2513     5.0166    -0.2347    27.2465    27.2503    34.2207    27.2476    1470.30    1470.32     3.1678  1029.5379    34.3833 0.0000e+00
      43295 290.667950  -39.97677  -54.99518     -1.022    1470.62    491.000    486.661     3.2012     3.2019     0.0007     3.1693     3.1701     0.0007   3.141827   3.142281   0.000462    34.2181    34.2229     5.2517     5.0248    -0.2268    27.2453    27.2491    34.2192    27.2463    1470.29    1470.30     3.1693  1029.5319    34.3818 0.0000e+00
      43315 290.667960  -39.97676  -54.99518     -1.126    1470.62    490.000    485.671     3.2009     3.1989    -0.0020     3.1691     3.1670    -0.0020   3.141604   3.141762   0.000180    34.2169    34.2212     5.2565     5.0294    -0.2271    27.2445    27.2480    34.2174    27.2449    1470.27    1470.27     3.1690  1029.5259    34.3800 0.0000e+00
      43336 290.667970  -39.97676  -54.99518     -1.169    1470.62    489.000    484.682     3.1987     3.1940    -0.0046     3.1669     3.1623    -0.0046   3.141333   3.141158  -0.000150    34.2165    34.2195     5.2654     5.0309    -0.2345    27.2443    27.2472    34.2170    27.2447    1470.25    1470.23     3.1669  1029.5212    34.3796 0.0000e+00
      43359 290.667981  -39.97675  -54.99519     -1.100    1470.62    488.000    483.692     3.1942     3.1921    -0.0021     3.1625     3.1604    -0.0021   3.140722   3.140877   0.000155    34.2146    34.2187     5.2741     5.0415    -0.2326    27.2432    27.2467    34.2149    27.2435    1470.21    1470.20     3.1625  1029.5153    34.3775 0.0000e+00
      43389 290.667996  -39.97674  -54.99520     -0.880    1470.62    487.000    482.701     3.1911     3.1903    -0.0008     3.1595     3.1587    -0.0008   3.140220   3.140585   0.000336    34.2127    34.2175     5.2920     5.0590    -0.2330    27.2419    27.2459    34.2126    27.2419    1470.17    1470.18     3.1595  1029.5092    34.3752 0.0000e+00
      43423 290.668012  -39.97674  -54.99520     -0.705    1470.62    486.000    481.711     3.1878     3.1895     0.0017     3.1563     3.1580     0.0017   3.139666   3.140379   0.000710    34.2099    34.2167     5.2992     5.0789    -0.2203    27.2400    27.2453    34.2099    27.2401    1470.14    1470.16     3.1562  1029.5028    34.3725 0.0000e+00
      43450 290.668025  -39.97674  -54.99518     -0.800    1470.62    485.000    480.721     3.1875     3.1876     0.0002     3.1560     3.1562     0.0002   3.139597   3.139991   0.000411    34.2099    34.2147     5.3159     5.0891    -0.2268    27.2401    27.2439    34.2100    27.2401    1470.12    1470.13     3.1560  1029.4983    34.3726 0.0000e+00
      43473 290.668036  -39.97674  -54.99518     -0.973    1470.62    484.000    479.731     3.1867     3.1873     0.0006     3.1553     3.1559     0.0006   3.139372   3.139844   0.000459    34.2086    34.2135     5.3333     5.0959    -0.2374    27.2391    27.2430    34.2086    27.2391    1470.10    1470.11     3.1553  1029.4926    34.3712 0.0000e+00
      43494 290.668046  -39.97674  -54.99518     -1.107    1470.62    483.000    478.742     3.1868     3.1879     0.0011     3.1555     3.1566     0.0011   3.139338   3.139867   0.000523    34.2084    34.2136     5.3452     5.0981    -0.2471    27.2389    27.2430    34.2086    27.2391    1470.08    1470.10     3.1555  1029.4879    34.3711 0.0000e+00
      43516 290.668057  -39.97674  -54.99518     -1.132    1470.62    482.000    477.751     3.1880     3.1893     0.0013     3.1567     3.1580     0.0013   3.139340   3.139857   0.000510    34.2078    34.2126     5.3513     5.1097    -0.2416    27.2384    27.2420    34.2079    27.2384    1470.07    1470.08     3.1567  1029.4827    34.3705 0.0000e+00
      43540 290.668068  -39.97674  -54.99518     -1.044    1470.62    481.000    476.761     3.1885     3.1902     0.0017     3.1574     3.1590     0.0017   3.139323   3.139870   0.000544    34.2076    34.2123     5.3529     5.1272    -0.2257    27.2381    27.2417    34.2077    27.2382    1470.06    1470.07     3.1573  1029.4778    34.3702 0.0000e+00
      43563 290.668080  -39.97674  -54.99518     -1.002    1470.62    480.000    475.771     3.1905     3.1917     0.0012     3.1594     3.1606     0.0012   3.139374   3.139899   0.000519    34.2066    34.2116     5.3589     5.1329    -0.2260    27.2371    27.2410    34.2068    27.2373    1470.05    1470.06     3.1593  1029.4722    34.3693 0.0000e+00
      43585 290.668090  -39.97672  -54.99520     -1.060    1470.62    479.000    474.781     3.1915     3.1930     0.0015     3.1604     3.1620     0.0015   3.139380   3.139931   0.000559    34.2060    34.2112     5.3626     5.1319    -0.2308    27.2366    27.2406    34.2063    27.2368    1470.04    1470.05     3.1604  1029.4671    34.3689 0.0000e+00
      43605 290.668100  -39.97672  -54.99520     -1.142    1470.62    478.000    473.791     3.1929     3.1937     0.0008     3.1619     3.1628     0.0008   3.139427   3.139950   0.000516    34.2057    34.2110     5.3671     5.1353    -0.2318    27.2362    27.2403    34.2059    27.2364    1470.03    1470.04     3.1619  1029.4620    34.3685 0.0000e+00
      43626 290.668110  -39.97672  -54.99520     -1.175    1470.62    477.000    472.801     3.1939     3.1951     0.0012     3.1630     3.1642     0.0012   3.139467   3.140024   0.000553    34.2056    34.2111     5.3682     5.1394    -0.2288    27.2360    27.2402    34.2059    27.2362    1470.01    1470.02     3.1630  1029.4572    34.3684 0.0000e+00
