Pos-Processados/process_op38/Processamento_split/up/uoperantar38_010.cnv
* Sea-Bird SBE 9 Data File:
* FileName = D:\OPERANTAR_XXXVIII\DADOS\OP38_010.hdr
* Software Version Seasave V 7.18c
* Temperature SN = 4808
* Conductivity SN = 3380
* Number of Bytes Per Scan = 31
* Number of Voltage Words = 2
* Number of Scans Averaged by the Deck Unit = 1
* NMEA Latitude = 43 58.12 S
* NMEA Longitude = 053 08.81 W
* NMEA UTC (Time) = Oct 20 2019 12:04:22
** H41
** NAVIO POLAR ALMIRANTE MAXIMIANO
** CRUZEIRO:
** OPERANTAR XXXVIII
** ESTAÇÃO: OP38_010
** LAT 43 58,10'S
** LONG 053 08,81'W
** 09P73767-1155
** PROFUNDIDADE: 5740
** DATA/HORA: 201205Z/OUT/19
** OPERADOR: SO-HN CHAVES
# nquan = 30
# nvalues = 1057                        
# units = specified
# name 0 = scan: Scan Count
# name 1 = timeJ: Julian Days
# name 2 = latitude: Latitude [deg]
# name 3 = longitude: Longitude [deg]
# name 4 = dz/dtM: Descent Rate [m/s]
# name 5 = avgsvCM: Average Sound Velocity [Chen-Millero, m/s]
# name 6 = prDM: Pressure, Digiquartz [db]
# name 7 = depSM: Depth [salt water, m]
# name 8 = t090C: Temperature [ITS-90, deg C]
# name 9 = t190C: Temperature, 2 [ITS-90, deg C]
# name 10 = T2-T190C: Temperature Difference, 2 - 1 [ITS-90, deg C]
# name 11 = potemp090C: Potential Temperature [ITS-90, deg C]
# name 12 = potemp190C: Potential Temperature, 2 [ITS-90, deg C]
# name 13 = potemp90Cdiff: Potential Temperature, Diff, 2 - 1 [ITS-90, deg C]
# name 14 = c0S/m: Conductivity [S/m]
# name 15 = c1S/m: Conductivity, 2 [S/m]
# name 16 = C2-C1S/m: Conductivity Difference, 2 - 1 [S/m]
# name 17 = sal00: Salinity, Practical [PSU]
# name 18 = sal11: Salinity, Practical, 2 [PSU]
# name 19 = sbeox0ML/L: Oxygen, SBE 43 [ml/l]
# name 20 = sigma-é00: Density [sigma-theta, kg/m^3]
# name 21 = sigma-é11: Density, 2 [sigma-theta, kg/m^3]
# name 22 = sal00: Salinity, Practical [PSU]
# name 23 = sigma-é00: Density [sigma-theta, kg/m^3]
# name 24 = svCM: Sound Velocity [Chen-Millero, m/s]
# name 25 = svCM1: Sound Velocity, 2 [Chen-Millero, m/s]
# name 26 = gsw_ptA0: potential temperature [ITS-90, deg C]
# name 27 = gsw_densityA0: density, TEOS-10 [density, kg/m^3]
# name 28 = gsw_saA0: Absolute Salinity [g/kg]
# name 29 = flag:
# span 0 =      34062,      69201       
# span 1 = 293.519458, 293.536404       
# span 2 =  -43.98455,  -43.97340       
# span 3 =  -53.14555,  -53.14225       
# span 4 =     -1.437,     -0.108       
# span 5 =    1496.44,    1496.44       
# span 6 =      2.000,   1058.000       
# span 7 =      2.030,   1046.846       
# span 8 =     3.7708,    14.2396       
# span 9 =     3.7720,    14.2437       
# span 10 =    -0.0510,     0.0271      
# span 11 =     3.6927,    14.2391      
# span 12 =     3.6938,    14.2432      
# span 13 =    -0.0508,     0.0269      
# span 14 =   3.216257,   4.299378      
# span 15 =   3.216731,   4.300119      
# span 16 =  -0.004643,   0.002914      
# span 17 =    34.1926,    35.6751      
# span 18 =    34.1978,    35.6808      
# span 19 =     4.8076,     5.8067      
# span 20 =    26.6565,    27.1966      
# span 21 =    26.6597,    27.2000      
# span 22 =    34.1926,    35.6741      
# span 23 =    26.6567,    27.1967      
# span 24 =    1481.80,    1511.03      
# span 25 =    1481.82,    1511.04      
# span 26 =     3.6925,    14.2391      
# span 27 =  1026.6710,  1032.0762      
# span 28 =    34.3572,    35.8429      
# span 29 = 0.0000e+00, 0.0000e+00      
# interval = decibars: 1                
# start_time = Oct 20 2019 12:04:22 [NMEA time, header]
# bad_flag = -9.990e-29
*END*
[from data line 242]
      40383 293.522507  -43.97543  -53.14494     -1.039    1496.44    816.000    807.863     4.8970     4.8942    -0.0027     4.8311     4.8284    -0.0027   3.304144   3.304362   0.000209    34.2059    34.2111     5.7465    27.0649    27.0693    34.2076    27.0662    1482.72    1482.71     4.8309  1030.8159    34.3718 0.0000e+00
      40404 293.522517  -43.97544  -53.14494     -1.126    1496.44    815.000    806.875     4.9046     4.9011    -0.0035     4.8388     4.8353    -0.0035   3.304808   3.304928   0.000133    34.2062    34.2112     5.7451    27.0642    27.0686    34.2080    27.0657    1482.73    1482.72     4.8386  1030.8106    34.3721 0.0000e+00
      40426 293.522528  -43.97544  -53.14494     -1.118    1496.44    814.000    805.887     4.9105     4.9081    -0.0024     4.8448     4.8423    -0.0024   3.305258   3.305503   0.000241    34.2061    34.2113     5.7454    27.0635    27.0679    34.2076    27.0647    1482.74    1482.73     4.8446  1030.8050    34.3717 0.0000e+00
      40450 293.522539  -43.97544  -53.14494     -1.050    1496.44    813.000    804.899     4.9153     4.9137    -0.0016     4.8496     4.8480    -0.0016   3.305661   3.305968   0.000315    34.2062    34.2115     5.7476    27.0630    27.0674    34.2079    27.0644    1482.74    1482.74     4.8494  1030.8000    34.3720 0.0000e+00
      40476 293.522552  -43.97546  -53.14494     -0.962    1496.44    812.000    803.911     4.9217     4.9191    -0.0026     4.8560     4.8535    -0.0026   3.306207   3.306448   0.000237    34.2065    34.2118     5.7469    27.0625    27.0670    34.2081    27.0638    1482.75    1482.75     4.8558  1030.7948    34.3723 0.0000e+00
      40503 293.522565  -43.97547  -53.14494     -0.896    1496.44    811.000    802.923     4.9287     4.9278    -0.0009     4.8630     4.8622    -0.0009   3.306825   3.307218   0.000380    34.2069    34.2121     5.7482    27.0620    27.0663    34.2086    27.0634    1482.77    1482.77     4.8629  1030.7897    34.3728 0.0000e+00
      40528 293.522577  -43.97548  -53.14493     -0.914    1496.44    810.000    801.945     4.9361     4.9337    -0.0024     4.8705     4.8681    -0.0024   3.307457   3.307676   0.000233    34.2072    34.2123     5.7443    27.0615    27.0658    34.2088    27.0627    1482.78    1482.77     4.8703  1030.7843    34.3729 0.0000e+00
      40553 293.522589  -43.97548  -53.14492     -0.964    1496.44    809.000    800.937     4.9403     4.9387    -0.0016     4.8747     4.8732    -0.0016   3.307803   3.308140   0.000326    34.2074    34.2128     5.7434    27.0611    27.0656    34.2090    27.0624    1482.78    1482.78     4.8746  1030.7793    34.3731 0.0000e+00
      40580 293.522602  -43.97549  -53.14492     -0.933    1496.44    808.000    799.958     4.9453     4.9444    -0.0008     4.8798     4.8790    -0.0008   3.308143   3.308542   0.000395    34.2071    34.2125     5.7430    27.0603    27.0647    34.2083    27.0613    1482.78    1482.79     4.8796  1030.7735    34.3724 0.0000e+00
      40615 293.522619  -43.97550  -53.14492     -0.722    1496.44    807.000    798.970     4.9451     4.9452     0.0001     4.8797     4.8799     0.0001   3.308014   3.308494   0.000478    34.2066    34.2119     5.7448    27.0599    27.0641    34.2075    27.0606    1482.76    1482.77     4.8796  1030.7683    34.3716 0.0000e+00
      40650 293.522635  -43.97551  -53.14492     -0.655    1496.44    806.000    797.981     4.9455     4.9455     0.0000     4.8802     4.8802     0.0000   3.307964   3.308448   0.000479    34.2062    34.2118     5.7415    27.0596    27.0640    34.2070    27.0602    1482.75    1482.76     4.8800  1030.7633    34.3711 0.0000e+00
      40674 293.522647  -43.97552  -53.14492     -0.858    1496.44    805.000    796.994     4.9461     4.9463     0.0002     4.8809     4.8811     0.0002   3.307979   3.308469   0.000486    34.2063    34.2117     5.7493    27.0596    27.0638    34.2070    27.0601    1482.73    1482.74     4.8807  1030.7587    34.3711 0.0000e+00
      40693 293.522656  -43.97552  -53.14492     -1.085    1496.44    804.000    796.006     4.9473     4.9475     0.0002     4.8822     4.8824     0.0002   3.308053   3.308532   0.000476    34.2064    34.2117     5.7554    27.0595    27.0637    34.2072    27.0601    1482.72    1482.73     4.8820  1030.7541    34.3713 0.0000e+00
      40711 293.522665  -43.97554  -53.14490     -1.255    1496.44    803.000    795.018     4.9493     4.9490    -0.0003     4.8843     4.8840    -0.0003   3.308206   3.308636   0.000441    34.2063    34.2117     5.7574    27.0592    27.0635    34.2074    27.0600    1482.71    1482.72     4.8841  1030.7494    34.3714 0.0000e+00
      40730 293.522674  -43.97554  -53.14490     -1.327    1496.44    802.000    794.029     4.9541     4.9531    -0.0010     4.8891     4.8881    -0.0010   3.308589   3.308954   0.000363    34.2064    34.2116     5.7597    27.0587    27.0630    34.2074    27.0595    1482.72    1482.72     4.8889  1030.7443    34.3715 0.0000e+00
      40752 293.522685  -43.97554  -53.14490     -1.201    1496.44    801.000    793.043     4.9568     4.9564    -0.0004     4.8918     4.8915    -0.0004   3.308760   3.309184   0.000423    34.2063    34.2115     5.7582    27.0583    27.0625    34.2072    27.0590    1482.71    1482.72     4.8917  1030.7391    34.3712 0.0000e+00
      40784 293.522700  -43.97556  -53.14490     -0.829    1496.44    800.000    792.053     4.9607     4.9597    -0.0011     4.8959     4.8948    -0.0011   3.309064   3.309433   0.000369    34.2063    34.2116     5.7625    27.0578    27.0622    34.2071    27.0585    1482.71    1482.71     4.8957  1030.7340    34.3712 0.0000e+00
      40818 293.522716  -43.97557  -53.14490     -0.689    1496.44    799.000    791.065     4.9624     4.9623    -0.0001     4.8976     4.8975    -0.0001   3.309154   3.309607   0.000451    34.2063    34.2116     5.7615    27.0577    27.0619    34.2069    27.0582    1482.70    1482.71     4.8974  1030.7290    34.3710 0.0000e+00
      40845 293.522730  -43.97558  -53.14490     -0.833    1496.44    798.000    790.077     4.9627     4.9625    -0.0002     4.8980     4.8978    -0.0002   3.309134   3.309564   0.000429    34.2063    34.2115     5.7646    27.0577    27.0618    34.2069    27.0581    1482.69    1482.69     4.8978  1030.7244    34.3709 0.0000e+00
      40872 293.522742  -43.97558  -53.14490     -0.903    1496.44    797.000    789.097     4.9632     4.9635     0.0003     4.8986     4.8989     0.0003   3.309120   3.309611   0.000486    34.2063    34.2116     5.7615    27.0575    27.0617    34.2067    27.0579    1482.67    1482.68     4.8984  1030.7196    34.3708 0.0000e+00
      40900 293.522756  -43.97560  -53.14490     -0.878    1496.44    796.000    788.093     4.9631     4.9636     0.0005     4.8986     4.8990     0.0005   3.309054   3.309566   0.000508    34.2062    34.2116     5.7625    27.0575    27.0617    34.2066    27.0578    1482.65    1482.66     4.8984  1030.7150    34.3706 0.0000e+00
      40930 293.522771  -43.97560  -53.14488     -0.805    1496.44    795.000    787.112     4.9628     4.9633     0.0006     4.8984     4.8989     0.0006   3.308985   3.309505   0.000518    34.2063    34.2117     5.7609    27.0576    27.0618    34.2066    27.0578    1482.64    1482.65     4.8982  1030.7105    34.3706 0.0000e+00
      40961 293.522785  -43.97561  -53.14488     -0.777    1496.44    794.000    786.124     4.9632     4.9636     0.0004     4.8988     4.8992     0.0004   3.308979   3.309476   0.000499    34.2063    34.2116     5.7669    27.0575    27.0617    34.2066    27.0578    1482.62    1482.63     4.8987  1030.7058    34.3706 0.0000e+00
      40988 293.522799  -43.97562  -53.14488     -0.837    1496.44    793.000    785.136     4.9644     4.9646     0.0002     4.9001     4.9003     0.0002   3.309030   3.309524   0.000491    34.2062    34.2116     5.7767    27.0573    27.0615    34.2064    27.0575    1482.61    1482.62     4.9000  1030.7010    34.3704 0.0000e+00
      41012 293.522810  -43.97563  -53.14488     -0.940    1496.44    792.000    784.148     4.9647     4.9651     0.0004     4.9006     4.9009     0.0003   3.309015   3.309502   0.000485    34.2062    34.2114     5.7707    27.0572    27.0613    34.2064    27.0574    1482.60    1482.60     4.9004  1030.6964    34.3704 0.0000e+00
      41034 293.522821  -43.97564  -53.14488     -1.061    1496.44    791.000    783.159     4.9654     4.9655     0.0000     4.9013     4.9014     0.0000   3.309047   3.309492   0.000448    34.2062    34.2113     5.7668    27.0572    27.0612    34.2066    27.0575    1482.58    1482.59     4.9011  1030.6919    34.3706 0.0000e+00
      41056 293.522831  -43.97564  -53.14488     -1.105    1496.44    790.000    782.171     4.9680     4.9678    -0.0002     4.9040     4.9037    -0.0002   3.309233   3.309671   0.000441    34.2061    34.2114     5.7700    27.0568    27.0610    34.2066    27.0572    1482.57    1482.58     4.9038  1030.6870    34.3706 0.0000e+00
      41087 293.522846  -43.97565  -53.14488     -0.873    1496.44    789.000    781.185     4.9706     4.9707     0.0001     4.9066     4.9067     0.0001   3.309361   3.309843   0.000481    34.2056    34.2110     5.7659    27.0561    27.0603    34.2059    27.0564    1482.57    1482.58     4.9064  1030.6815    34.3699 0.0000e+00
      41131 293.522867  -43.97566  -53.14488     -0.523    1496.44    788.000    780.192     4.9732     4.9732    -0.0000     4.9093     4.9093    -0.0000   3.309496   3.309968   0.000470    34.2050    34.2104     5.7763    27.0553    27.0596    34.2053    27.0555    1482.56    1482.57     4.9092  1030.6761    34.3693 0.0000e+00
      41162 293.522883  -43.97568  -53.14486     -0.701    1496.44    787.000    779.206     4.9748     4.9754     0.0007     4.9110     4.9116     0.0007   3.309680   3.310202   0.000532    34.2052    34.2107     5.7794    27.0553    27.0595    34.2063    27.0562    1482.55    1482.56     4.9108  1030.6721    34.3703 0.0000e+00
      41189 293.522895  -43.97568  -53.14486     -0.873    1496.44    786.000    778.218     4.9904     4.9894    -0.0010     4.9266     4.9255    -0.0010   3.311126   3.311494   0.000371    34.2059    34.2112     5.7843    27.0540    27.0584    34.2075    27.0553    1482.60    1482.60     4.9264  1030.6665    34.3715 0.0000e+00
      41213 293.522907  -43.97570  -53.14486     -0.947    1496.44    785.000    777.230     5.0015     4.9987    -0.0027     4.9377     4.9349    -0.0027   3.312093   3.312251   0.000183    34.2063    34.2112     5.7839    27.0531    27.0573    34.2078    27.0543    1482.63    1482.63     4.9375  1030.6606    34.3718 0.0000e+00
      41236 293.522918  -43.97570  -53.14486     -1.017    1496.44    784.000    776.242     5.0079     5.0049    -0.0030     4.9442     4.9412    -0.0030   3.312685   3.312854   0.000181    34.2068    34.2119     5.7856    27.0528    27.0572    34.2085    27.0541    1482.64    1482.64     4.9440  1030.6558    34.3725 0.0000e+00
      41256 293.522928  -43.97570  -53.14486     -1.111    1496.44    783.000    775.253     5.0156     5.0133    -0.0023     4.9519     4.9496    -0.0023   3.313367   3.313666   0.000275    34.2073    34.2127     5.7877    27.0523    27.0569    34.2090    27.0537    1482.66    1482.65     4.9517  1030.6506    34.3730 0.0000e+00
      41275 293.522937  -43.97571  -53.14486     -1.199    1496.44    782.000    774.265     5.0264     5.0239    -0.0025     4.9627     4.9602    -0.0025   3.314537   3.314654   0.000190    34.2087    34.2134     5.7844    27.0522    27.0562    34.2120    27.0548    1482.69    1482.68     4.9625  1030.6469    34.3760 0.0000e+00
      41296 293.522947  -43.97572  -53.14486     -1.207    1496.44    781.000    773.277     5.0461     5.0419    -0.0042     4.9824     4.9782    -0.0042   3.316309   3.316404   0.000064    34.2098    34.2148     5.7789    27.0508    27.0553    34.2127    27.0531    1482.75    1482.74     4.9822  1030.6403    34.3767 0.0000e+00
      41321 293.522959  -43.97573  -53.14486     -1.053    1496.44    780.000    772.289     5.0577     5.0537    -0.0040     4.9940     4.9900    -0.0040   3.317178   3.317310   0.000115    34.2093    34.2147     5.7795    27.0491    27.0538    34.2113    27.0507    1482.78    1482.77     4.9938  1030.6331    34.3753 0.0000e+00
      41352 293.522974  -43.97574  -53.14486     -0.817    1496.44    779.000    771.300     5.0618     5.0612    -0.0006     4.9981     4.9975    -0.0006   3.317472   3.317885   0.000408    34.2092    34.2145     5.7651    27.0485    27.0528    34.2111    27.0500    1482.78    1482.79     4.9980  1030.6278    34.3751 0.0000e+00
      41383 293.522989  -43.97574  -53.14484     -0.770    1496.44    778.000    770.312     5.0653     5.0652    -0.0001     5.0017     5.0016    -0.0001   3.317705   3.318181   0.000473    34.2090    34.2145     5.7551    27.0479    27.0523    34.2106    27.0492    1482.78    1482.79     5.0015  1030.6224    34.3746 0.0000e+00
      41413 293.523004  -43.97576  -53.14484     -0.800    1496.44    777.000    769.324     5.0691     5.0687    -0.0004     5.0056     5.0052    -0.0004   3.317955   3.318398   0.000441    34.2086    34.2141     5.7537    27.0472    27.0515    34.2102    27.0484    1482.78    1482.78     5.0054  1030.6170    34.3741 0.0000e+00
      41445 293.523019  -43.97576  -53.14484     -0.764    1496.44    776.000    768.336     5.0744     5.0741    -0.0002     5.0109     5.0106    -0.0002   3.318374   3.318812   0.000440    34.2084    34.2137     5.7553    27.0464    27.0506    34.2101    27.0477    1482.78    1482.79     5.0107  1030.6116    34.3740 0.0000e+00
      41472 293.523032  -43.97577  -53.14484     -0.817    1496.44    775.000    767.347     5.0832     5.0822    -0.0010     5.0198     5.0188    -0.0010   3.319166   3.319550   0.000380    34.2089    34.2142     5.7674    27.0458    27.0501    34.2106    27.0472    1482.80    1482.81     5.0196  1030.6063    34.3746 0.0000e+00
      41495 293.523043  -43.97578  -53.14484     -0.956    1496.44    774.000    766.359     5.0885     5.0886     0.0001     5.0251     5.0252     0.0001   3.319623   3.320107   0.000483    34.2091    34.2145     5.7790    27.0453    27.0496    34.2110    27.0468    1482.81    1482.81     5.0250  1030.6013    34.3749 0.0000e+00
      41516 293.523053  -43.97579  -53.14484     -1.082    1496.44    773.000    765.370     5.1085     5.1005    -0.0080     5.0451     5.0371    -0.0080   3.321890   3.321487  -0.000346    34.2120    34.2163     5.7826    27.0454    27.0496    34.2171    27.0494    1482.88    1482.85     5.0449  1030.5989    34.3811 0.0000e+00
      41536 293.523063  -43.97580  -53.14484     -1.171    1496.44    772.000    764.383     5.1353     5.1322    -0.0031     5.0718     5.0687    -0.0031   3.324183   3.324418   0.000225    34.2128    34.2185     5.7875    27.0429    27.0477    34.2166    27.0459    1482.97    1482.97     5.0716  1030.5904    34.3806 0.0000e+00
      41555 293.523072  -43.97580  -53.14484     -1.229    1496.44    771.000    763.394     5.1452     5.1425    -0.0027     5.0818     5.0790    -0.0027   3.325032   3.325248   0.000202    34.2138    34.2188     5.7881    27.0425    27.0468    34.2167    27.0448    1483.00    1482.99     5.0816  1030.5845    34.3807 0.0000e+00
      41575 293.523082  -43.97580  -53.14484     -1.235    1496.44    770.000    762.406     5.1515     5.1499    -0.0016     5.0881     5.0865    -0.0016   3.325608   3.325857   0.000278    34.2146    34.2194     5.7810    27.0424    27.0464    34.2174    27.0447    1483.01    1483.01     5.0879  1030.5797    34.3814 0.0000e+00
      41600 293.523094  -43.97582  -53.14484     -1.095    1496.44    769.000    761.418     5.1560     5.1548    -0.0012     5.0926     5.0915    -0.0012   3.325967   3.326335   0.000347    34.2151    34.2203     5.7617    27.0423    27.0465    34.2174    27.0441    1483.01    1483.01     5.0925  1030.5745    34.3814 0.0000e+00
