Pos-Processados/process_op38/Processamento_split/up/uoperantar38_018.cnv
* Sea-Bird SBE 9 Data File:
* FileName = D:\OPERANTAR_XXXVIII\DADOS\OP38_018.hdr
* Software Version Seasave V 7.18c
* Temperature SN = 4808
* Conductivity SN = 3380
* Number of Bytes Per Scan = 34
* Number of Voltage Words = 3
* Number of Scans Averaged by the Deck Unit = 1
* NMEA Latitude = 62 10.02 S
* NMEA Longitude = 058 22.53 W
* NMEA UTC (Time) = Nov 05 2019 17:24:22
** H41
** NAVIO POLAR ALMIRANTE MAXIMIANO
** CRUZEIRO:
** OPERANTAR XXXVIII
** ESTAÇÃO: OP38_018
** LAT 62 10,02' S
** LONG 058 22,49' W
** 09P73767-1155_A
** PROFUNDIDADE: 447
** DATA/HORA: 051724Z/NOV/2019
** OPERADOR: SO-HN CHAVES
# nquan = 33
# nvalues = 413                         
# units = specified
# name 0 = scan: Scan Count
# name 1 = timeJ: Julian Days
# name 2 = latitude: Latitude [deg]
# name 3 = longitude: Longitude [deg]
# name 4 = dz/dtM: Descent Rate [m/s]
# name 5 = avgsvCM: Average Sound Velocity [Chen-Millero, m/s]
# name 6 = prDM: Pressure, Digiquartz [db]
# name 7 = depSM: Depth [salt water, m]
# name 8 = t090C: Temperature [ITS-90, deg C]
# name 9 = t190C: Temperature, 2 [ITS-90, deg C]
# name 10 = T2-T190C: Temperature Difference, 2 - 1 [ITS-90, deg C]
# name 11 = potemp090C: Potential Temperature [ITS-90, deg C]
# name 12 = potemp190C: Potential Temperature, 2 [ITS-90, deg C]
# name 13 = potemp90Cdiff: Potential Temperature, Diff, 2 - 1 [ITS-90, deg C]
# name 14 = c0S/m: Conductivity [S/m]
# name 15 = c1S/m: Conductivity, 2 [S/m]
# name 16 = C2-C1S/m: Conductivity Difference, 2 - 1 [S/m]
# name 17 = sal00: Salinity, Practical [PSU]
# name 18 = sal11: Salinity, Practical, 2 [PSU]
# name 19 = sbeox0ML/L: Oxygen, SBE 43 [ml/l]
# name 20 = sigma-é00: Density [sigma-theta, kg/m^3]
# name 21 = sigma-é11: Density, 2 [sigma-theta, kg/m^3]
# name 22 = sbox0Mm/Kg: Oxygen, SBE 43 [umol/kg]
# name 23 = oxsolMm/Kg: Oxygen Saturation, Garcia & Gordon [umol/kg]
# name 24 = oxsatMm/Kg: Oxygen Saturation, Weiss [umol/kg]
# name 25 = sal00: Salinity, Practical [PSU]
# name 26 = sigma-é00: Density [sigma-theta, kg/m^3]
# name 27 = svCM: Sound Velocity [Chen-Millero, m/s]
# name 28 = svCM1: Sound Velocity, 2 [Chen-Millero, m/s]
# name 29 = gsw_ptA0: potential temperature [ITS-90, deg C]
# name 30 = gsw_densityA0: density, TEOS-10 [density, kg/m^3]
# name 31 = gsw_saA0: Absolute Salinity [g/kg]
# name 32 = flag:
# span 0 =      20682,      37680       
# span 1 = 309.735228, 309.743425       
# span 2 =  -62.16700,  -62.16696       
# span 3 =  -58.37558,  -58.37552       
# span 4 =     -1.222,     -0.130       
# span 5 =    1448.15,    1448.15       
# span 6 =      2.000,    414.000       
# span 7 =      1.987,    409.615       
# span 8 =    -0.9282,    -0.5655       
# span 9 =    -0.9281,    -0.5653       
# span 10 =    -0.0086,     0.0061      
# span 11 =    -0.9309,    -0.5795      
# span 12 =    -0.9307,    -0.5793      
# span 13 =    -0.0086,     0.0060      
# span 14 =   2.772124,   2.835809      
# span 15 =   2.772501,   2.836213      
# span 16 =  -0.000859,   0.000986      
# span 17 =    34.1279,    34.4845      
# span 18 =    34.1336,    34.4899      
# span 19 =     6.0537,     7.6373      
# span 20 =    27.4323,    27.7182      
# span 21 =    27.4368,    27.7225      
# span 22 =    263.066,    331.974      
# span 23 =  354.56622,  358.65284      
# span 24 =  356.17485,  360.32698      
# span 25 =    34.1278,    34.4845      
# span 26 =    27.4323,    27.7181      
# span 27 =    1444.63,    1452.57      
# span 28 =    1444.64,    1452.58      
# span 29 =    -0.9308,    -0.5792      
# span 30 =  1027.4466,  1029.6959      
# span 31 =    34.2924,    34.6532      
# span 32 = 0.0000e+00, 0.0000e+00      
# interval = decibars: 1                
# start_time = Nov 05 2019 17:24:22 [NMEA time, header]
# bad_flag = -9.990e-29
*END*
[from data line 176]
      25007 309.737314  -62.16698  -58.37554     -1.090    1448.15    238.000    235.580    -0.7695    -0.7698    -0.0003    -0.7767    -0.7770    -0.0003   2.800786   2.801161   0.000372    34.3510    34.3564     6.6624    27.6186    27.6229    289.547  356.85367  358.49901    34.3508    27.6184    1448.57    1448.57    -0.7765  1028.7619    34.5184 0.0000e+00
      25030 309.737325  -62.16698  -58.37554     -1.051    1448.15    237.000    234.591    -0.7698    -0.7698     0.0000    -0.7770    -0.7770     0.0000   2.800699   2.801106   0.000407    34.3508    34.3563     6.6572    27.6184    27.6229    289.321  356.85771  358.50312    34.3506    27.6183    1448.55    1448.56    -0.7768  1028.7570    34.5182 0.0000e+00
      25054 309.737337  -62.16698  -58.37554     -1.016    1448.15    236.000    233.602    -0.7699    -0.7699     0.0000    -0.7770    -0.7770     0.0000   2.800667   2.801047   0.000381    34.3510    34.3561     6.6661    27.6185    27.6227    289.705  356.85734  358.50275    34.3508    27.6184    1448.53    1448.54    -0.7768  1028.7523    34.5184 0.0000e+00
      25078 309.737348  -62.16698  -58.37554     -1.006    1448.15    235.000    232.613    -0.7699    -0.7698     0.0001    -0.7770    -0.7769     0.0001   2.800603   2.801012   0.000409    34.3508    34.3562     6.6637    27.6184    27.6228    289.603  356.85839  358.50381    34.3506    27.6183    1448.51    1448.52    -0.7768  1028.7474    34.5182 0.0000e+00
      25101 309.737359  -62.16698  -58.37554     -1.037    1448.15    234.000    231.623    -0.7699    -0.7699     0.0000    -0.7770    -0.7770     0.0000   2.800552   2.800959   0.000405    34.3507    34.3562     6.6576    27.6183    27.6228    289.336  356.85843  358.50385    34.3505    27.6182    1448.50    1448.51    -0.7768  1028.7426    34.5181 0.0000e+00
      25123 309.737370  -62.16698  -58.37554     -1.065    1448.15    233.000    230.634    -0.7701    -0.7700     0.0001    -0.7772    -0.7771     0.0001   2.800475   2.800895   0.000417    34.3506    34.3561     6.6653    27.6182    27.6227    289.671  356.86117  358.50663    34.3504    27.6181    1448.48    1448.49    -0.7770  1028.7377    34.5180 0.0000e+00
      25145 309.737380  -62.16698  -58.37554     -1.074    1448.15    232.000    229.645    -0.7700    -0.7700     0.0000    -0.7770    -0.7770     0.0000   2.800440   2.800845   0.000410    34.3505    34.3560     6.6625    27.6181    27.6226    289.551  356.86002  358.50544    34.3504    27.6180    1448.47    1448.47    -0.7768  1028.7329    34.5179 0.0000e+00
      25167 309.737391  -62.16698  -58.37554     -1.086    1448.15    231.000    228.656    -0.7699    -0.7699    -0.0001    -0.7768    -0.7769    -0.0001   2.800369   2.800777   0.000406    34.3500    34.3556     6.6541    27.6178    27.6223    289.188  356.85981  358.50517    34.3498    27.6176    1448.45    1448.46    -0.7767  1028.7277    34.5174 0.0000e+00
      25189 309.737402  -62.16698  -58.37554     -1.093    1448.15    230.000    227.666    -0.7699    -0.7698     0.0001    -0.7769    -0.7767     0.0001   2.800303   2.800711   0.000409    34.3498    34.3552     6.6629    27.6176    27.6219    289.566  356.86114  358.50651    34.3497    27.6175    1448.43    1448.44    -0.7767  1028.7228    34.5172 0.0000e+00
      25210 309.737412  -62.16698  -58.37554     -1.105    1448.15    229.000    226.677    -0.7700    -0.7699     0.0001    -0.7769    -0.7768     0.0001   2.800235   2.800648   0.000410    34.3495    34.3549     6.6703    27.6174    27.6217    289.891  356.86237  358.50773    34.3494    27.6172    1448.42    1448.42    -0.7767  1028.7178    34.5169 0.0000e+00
      25231 309.737422  -62.16698  -58.37554     -1.129    1448.15    228.000    225.687    -0.7702    -0.7704    -0.0001    -0.7771    -0.7772    -0.0001   2.800189   2.800607   0.000418    34.3498    34.3556     6.6656    27.6175    27.6222    289.685  356.86393  358.50935    34.3497    27.6175    1448.40    1448.40    -0.7769  1028.7133    34.5172 0.0000e+00
      25252 309.737432  -62.16698  -58.37554     -1.147    1448.15    227.000    224.698    -0.7703    -0.7701     0.0002    -0.7771    -0.7769     0.0002   2.800170   2.800590   0.000419    34.3502    34.3557     6.6693    27.6179    27.6223    289.846  356.86336  358.50883    34.3501    27.6179    1448.38    1448.39    -0.7770  1028.7089    34.5177 0.0000e+00
      25274 309.737442  -62.16698  -58.37554     -1.139    1448.15    226.000    223.709    -0.7705    -0.7702     0.0004    -0.7773    -0.7770     0.0004   2.800019   2.800478   0.000457    34.3494    34.3551     6.6745    27.6172    27.6219    290.071  356.86832  358.51379    34.3490    27.6169    1448.36    1448.37    -0.7771  1028.7032    34.5165 0.0000e+00
      25295 309.737453  -62.16698  -58.37554     -1.122    1448.15    225.000    222.719    -0.7725    -0.7722     0.0004    -0.7793    -0.7789     0.0004   2.799613   2.800019   0.000423    34.3470    34.3523     6.6713    27.6154    27.6197    289.933  356.89368  358.53946    34.3464    27.6149    1448.33    1448.34    -0.7791  1028.6964    34.5139 0.0000e+00
      25318 309.737464  -62.16698  -58.37554     -1.085    1448.15    224.000    221.730    -0.7745    -0.7751    -0.0006    -0.7812    -0.7818    -0.0006   2.799168   2.799434   0.000259    34.3439    34.3481     6.6698    27.6129    27.6164    289.868  356.92022  358.56624    34.3432    27.6124    1448.30    1448.31    -0.7810  1028.6891    34.5106 0.0000e+00
      25340 309.737474  -62.16698  -58.37554     -1.069    1448.15    223.000    220.741    -0.7769    -0.7767     0.0002    -0.7835    -0.7834     0.0002   2.798651   2.799023   0.000368    34.3399    34.3447     6.6783    27.6098    27.6137    290.241  356.95434  358.60066    34.3395    27.6095    1448.27    1448.28    -0.7834  1028.6815    34.5069 0.0000e+00
      25361 309.737484  -62.16698  -58.37554     -1.111    1448.15    222.000    219.751    -0.7775    -0.7781    -0.0006    -0.7842    -0.7848    -0.0006   2.798423   2.798710   0.000293    34.3385    34.3431     6.6786    27.6087    27.6124    290.254  356.96477  358.61116    34.3378    27.6081    1448.25    1448.25    -0.7840  1028.6754    34.5052 0.0000e+00
      25382 309.737495  -62.16698  -58.37554     -1.147    1448.15    221.000    218.762    -0.7791    -0.7801    -0.0010    -0.7857    -0.7867    -0.0010   2.798209   2.798394   0.000209    34.3375    34.3415     6.6908    27.6080    27.6112    290.785  356.98218  358.62886    34.3373    27.6078    1448.23    1448.23    -0.7855  1028.6703    34.5047 0.0000e+00
      25407 309.737507  -62.16698  -58.37554     -1.044    1448.15    220.000    217.773    -0.7808    -0.7818    -0.0011    -0.7873    -0.7884    -0.0011   2.797812   2.798065   0.000226    34.3354    34.3397     6.7053    27.6063    27.6098    291.415  357.00370  358.65062    34.3344    27.6055    1448.20    1448.20    -0.7872  1028.6632    34.5018 0.0000e+00
      25431 309.737519  -62.16698  -58.37554     -0.980    1448.15    219.000    216.784    -0.7832    -0.7829     0.0003    -0.7897    -0.7894     0.0003   2.797419   2.797871   0.000449    34.3328    34.3386     6.7189    27.6043    27.6090    292.009  357.03358  358.68088    34.3324    27.6040    1448.17    1448.18    -0.7896  1028.6570    34.4998 0.0000e+00
      25458 309.737531  -62.16698  -58.37554     -0.928    1448.15    218.000    215.794    -0.7831    -0.7829     0.0002    -0.7896    -0.7894     0.0002   2.797414   2.797819   0.000407    34.3332    34.3386     6.7324    27.6047    27.6090    292.594  357.03179  358.67910    34.3329    27.6044    1448.15    1448.16    -0.7895  1028.6526    34.5003 0.0000e+00
      25486 309.737545  -62.16698  -58.37554     -0.866    1448.15    217.000    214.805    -0.7837    -0.7833     0.0004    -0.7902    -0.7897     0.0004   2.797251   2.797733   0.000479    34.3323    34.3383     6.7405    27.6040    27.6088    292.944  357.03998  358.68736    34.3320    27.6037    1448.13    1448.14    -0.7900  1028.6471    34.4994 0.0000e+00
      25516 309.737559  -62.16698  -58.37554     -0.828    1448.15    216.000    213.815    -0.7838    -0.7836     0.0001    -0.7902    -0.7901     0.0001   2.797203   2.797626   0.000419    34.3323    34.3378     6.7407    27.6039    27.6084    292.952  357.04087  358.68828    34.3320    27.6037    1448.12    1448.12    -0.7901  1028.6424    34.4994 0.0000e+00
      25543 309.737573  -62.16698  -58.37552     -0.840    1448.15    215.000    212.826    -0.7836    -0.7832     0.0004    -0.7900    -0.7896     0.0004   2.797177   2.797620   0.000449    34.3323    34.3379     6.7525    27.6040    27.6085    293.465  357.03913  358.68650    34.3321    27.6038    1448.10    1448.11    -0.7898  1028.6386    34.5007 0.0000e+00
      25568 309.737585  -62.16698  -58.37552     -0.915    1448.15    214.000    211.836    -0.7848    -0.7842     0.0006    -0.7912    -0.7906     0.0006   2.796925   2.797386   0.000469    34.3312    34.3369     6.7479    27.6031    27.6077    293.266  357.05367  358.70125    34.3307    27.6027    1448.08    1448.09    -0.7910  1028.6318    34.4980 0.0000e+00
      25592 309.737596  -62.16698  -58.37552     -0.994    1448.15    213.000    210.847    -0.7882    -0.7890    -0.0008    -0.7945    -0.7953    -0.0008   2.796355   2.796661   0.000284    34.3285    34.3333     6.7546    27.6010    27.6050    293.558  357.09330  358.74146    34.3274    27.6002    1448.04    1448.04    -0.7944  1028.6245    34.4948 0.0000e+00
      25614 309.737607  -62.16698  -58.37552     -1.056    1448.15    212.000    209.858    -0.7915    -0.7917    -0.0002    -0.7978    -0.7980    -0.0002   2.795939   2.796289   0.000364    34.3266    34.3318     6.7531    27.5997    27.6039    293.492  357.12941  358.77818    34.3261    27.5993    1448.01    1448.01    -0.7976  1028.6189    34.4935 0.0000e+00
      25637 309.737618  -62.16698  -58.37552     -1.067    1448.15    211.000    208.869    -0.7928    -0.7930    -0.0003    -0.7990    -0.7993    -0.0003   2.795721   2.796073   0.000364    34.3257    34.3309     6.7486    27.5990    27.6032    293.297  357.14420  358.79319    34.3253    27.5986    1447.98    1447.99    -0.7989  1028.6135    34.4926 0.0000e+00
      25663 309.737630  -62.16698  -58.37552     -0.988    1448.15    210.000    207.879    -0.7931    -0.7935    -0.0004    -0.7993    -0.7998    -0.0004   2.795643   2.795987   0.000334    34.3257    34.3307     6.7670    27.5990    27.6030    294.098  357.14755  358.79662    34.3252    27.5986    1447.96    1447.97    -0.7992  1028.6087    34.4926 0.0000e+00
      25691 309.737644  -62.16698  -58.37552     -0.860    1448.15    209.000    206.889    -0.7940    -0.7936     0.0004    -0.8002    -0.7998     0.0004   2.795480   2.795936   0.000456    34.3250    34.3307     6.7807    27.5985    27.6031    294.691  357.15791  358.80714    34.3246    27.5982    1447.94    1447.95    -0.8000  1028.6035    34.4920 0.0000e+00
      25719 309.737657  -62.16698  -58.37552     -0.849    1448.15    208.000    205.900    -0.7946    -0.7942     0.0004    -0.8008    -0.8004     0.0004   2.795357   2.795809   0.000452    34.3247    34.3304     6.7972    27.5982    27.6028    295.413  357.16496  358.81431    34.3243    27.5979    1447.92    1447.93    -0.8006  1028.5985    34.4916 0.0000e+00
      25742 309.737668  -62.16698  -58.37552     -0.958    1448.15    207.000    204.911    -0.7959    -0.7950     0.0009    -0.8021    -0.8012     0.0009   2.795150   2.795683   0.000505    34.3243    34.3302     6.7987    27.5980    27.6027    295.474  357.17828  358.82789    34.3236    27.5974    1447.90    1447.91    -0.8019  1028.5932    34.4909 0.0000e+00
      25766 309.737680  -62.16698  -58.37552     -1.013    1448.15    206.000    203.921    -0.7985    -0.7981     0.0003    -0.8046    -0.8042     0.0003   2.794841   2.795239   0.000428    34.3234    34.3288     6.7999    27.5973    27.6017    295.529  357.20457  358.85467    34.3229    27.5969    1447.87    1447.88    -0.8044  1028.5880    34.4902 0.0000e+00
      25791 309.737692  -62.16698  -58.37552     -0.986    1448.15    205.000    202.932    -0.7995    -0.8002    -0.0007    -0.8056    -0.8063    -0.0007   2.794669   2.794988   0.000316    34.3229    34.3280     6.8051    27.5969    27.6011    295.752  357.21589  358.86619    34.3224    27.5965    1447.85    1447.85    -0.8054  1028.5828    34.4897 0.0000e+00
      25816 309.737704  -62.16698  -58.37552     -0.955    1448.15    204.000    201.943    -0.8009    -0.8011    -0.0002    -0.8069    -0.8071    -0.0002   2.794467   2.794845   0.000377    34.3223    34.3277     6.8060    27.5965    27.6009    295.792  357.23040  358.88098    34.3218    27.5961    1447.83    1447.83    -0.8068  1028.5777    34.4891 0.0000e+00
      25843 309.737717  -62.16698  -58.37552     -0.927    1448.15    203.000    200.953    -0.8024    -0.8025    -0.0000    -0.8085    -0.8085    -0.0000   2.794213   2.794630   0.000401    34.3216    34.3271     6.8165    27.5960    27.6005    296.251  357.24754  358.89842    34.3208    27.5954    1447.80    1447.81    -0.8083  1028.5721    34.4881 0.0000e+00
      25870 309.737730  -62.16698  -58.37552     -0.881    1448.15    202.000    199.964    -0.8085    -0.8083     0.0002    -0.8144    -0.8143     0.0002   2.793450   2.793869   0.000421    34.3192    34.3247     6.8120    27.5943    27.5988    296.055  357.31150  358.96356    34.3179    27.5933    1447.75    1447.76    -0.8143  1028.5653    34.4852 0.0000e+00
      25899 309.737744  -62.16698  -58.37552     -0.838    1448.15    201.000    198.974    -0.8185    -0.8176     0.0009    -0.8244    -0.8235     0.0009   2.792226   2.792706   0.000485    34.3153    34.3208     6.8189    27.5916    27.5960    296.356  357.41723  359.07126    34.3134    27.5900    1447.68    1447.69    -0.8243  1028.5573    34.4806 0.0000e+00
      25927 309.737758  -62.16698  -58.37552     -0.837    1448.15    200.000    197.985    -0.8242    -0.8293    -0.0052    -0.8300    -0.8352    -0.0051   2.791611   2.791443  -0.000163    34.3135    34.3171     6.8230    27.5903    27.5935    296.535  357.47567  359.13083    34.3121    27.5892    1447.64    1447.62    -0.8299  1028.5518    34.4793 0.0000e+00
      25952 309.737770  -62.16698  -58.37552     -0.912    1448.15    199.000    196.995    -0.8340    -0.8288     0.0052    -0.8398    -0.8347     0.0052   2.790439   2.791442   0.000986    34.3095    34.3169     6.8322    27.5875    27.5934    296.937  357.58018  359.23728    34.3080    27.5863    1447.57    1447.60    -0.8397  1028.5442    34.4752 0.0000e+00
      25975 309.737781  -62.16698  -58.37552     -1.002    1448.15    198.000    196.006    -0.8375    -0.8396    -0.0021    -0.8433    -0.8454    -0.0021   2.790002   2.790070   0.000121    34.3080    34.3120     6.8503    27.5864    27.5897    297.720  357.61726  359.27502    34.3066    27.5853    1447.54    1447.53    -0.8431  1028.5384    34.4738 0.0000e+00
      25998 309.737792  -62.16698  -58.37552     -1.057    1448.15    197.000    195.016    -0.8407    -0.8429    -0.0022    -0.8464    -0.8486    -0.0022   2.789587   2.789711   0.000146    34.3065    34.3110     6.8575    27.5853    27.5890    298.034  357.65160  359.30999    34.3052    27.5843    1447.50    1447.50    -0.8463  1028.5327    34.4724 0.0000e+00
      26022 309.737803  -62.16698  -58.37552     -1.045    1448.15    196.000    194.027    -0.8457    -0.8473    -0.0016    -0.8514    -0.8530    -0.0016   2.788885   2.789148   0.000239    34.3040    34.3090     6.8843    27.5835    27.5876    299.200  357.70674  359.36608    34.3021    27.5819    1447.46    1447.46    -0.8513  1028.5256    34.4692 0.0000e+00
