Pos-Processados/process_op38/Processamento_split/up/uoperantar38_017.cnv
* Sea-Bird SBE 9 Data File:
* FileName = D:\OPERANTAR_XXXVIII\DADOS\OP38_017.hdr
* Software Version Seasave V 7.18c
* Temperature SN = 4808
* Conductivity SN = 3380
* Number of Bytes Per Scan = 34
* Number of Voltage Words = 3
* Number of Scans Averaged by the Deck Unit = 1
* NMEA Latitude = 62 16.17 S
* NMEA Longitude = 058 26.27 W
* NMEA UTC (Time) = Nov 05 2019 14:37:33
** H41
** NAVIO POLAR ALMIRANTE MAXIMIANO
** CRUZEIRO:
** OPERANTAR XXXVIII
** ESTAÇÃO: OP38_017
** LAT 62 16,18' S
** LONG 058 26,25' W
** 09P73767-1155_A
** PROFUNDIDADE: 110
** DATA/HORA: 051438Z/NOV/2019
** OPERADOR: SO-HN CHAVES
# nquan = 33
# nvalues = 71                          
# units = specified
# name 0 = scan: Scan Count
# name 1 = timeJ: Julian Days
# name 2 = latitude: Latitude [deg]
# name 3 = longitude: Longitude [deg]
# name 4 = dz/dtM: Descent Rate [m/s]
# name 5 = avgsvCM: Average Sound Velocity [Chen-Millero, m/s]
# name 6 = prDM: Pressure, Digiquartz [db]
# name 7 = depSM: Depth [salt water, m]
# name 8 = t090C: Temperature [ITS-90, deg C]
# name 9 = t190C: Temperature, 2 [ITS-90, deg C]
# name 10 = T2-T190C: Temperature Difference, 2 - 1 [ITS-90, deg C]
# name 11 = potemp090C: Potential Temperature [ITS-90, deg C]
# name 12 = potemp190C: Potential Temperature, 2 [ITS-90, deg C]
# name 13 = potemp90Cdiff: Potential Temperature, Diff, 2 - 1 [ITS-90, deg C]
# name 14 = c0S/m: Conductivity [S/m]
# name 15 = c1S/m: Conductivity, 2 [S/m]
# name 16 = C2-C1S/m: Conductivity Difference, 2 - 1 [S/m]
# name 17 = sal00: Salinity, Practical [PSU]
# name 18 = sal11: Salinity, Practical, 2 [PSU]
# name 19 = sbeox0ML/L: Oxygen, SBE 43 [ml/l]
# name 20 = sigma-é00: Density [sigma-theta, kg/m^3]
# name 21 = sigma-é11: Density, 2 [sigma-theta, kg/m^3]
# name 22 = sbox0Mm/Kg: Oxygen, SBE 43 [umol/kg]
# name 23 = oxsolMm/Kg: Oxygen Saturation, Garcia & Gordon [umol/kg]
# name 24 = oxsatMm/Kg: Oxygen Saturation, Weiss [umol/kg]
# name 25 = sal00: Salinity, Practical [PSU]
# name 26 = sigma-é00: Density [sigma-theta, kg/m^3]
# name 27 = svCM: Sound Velocity [Chen-Millero, m/s]
# name 28 = svCM1: Sound Velocity, 2 [Chen-Millero, m/s]
# name 29 = gsw_ptA0: potential temperature [ITS-90, deg C]
# name 30 = gsw_densityA0: density, TEOS-10 [density, kg/m^3]
# name 31 = gsw_saA0: Absolute Salinity [g/kg]
# name 32 = flag:
# span 0 =      10429,      18942       
# span 1 = 309.614438, 309.618544       
# span 2 =  -62.26960,  -62.26948       
# span 3 =  -58.43788,  -58.43786       
# span 4 =     -0.824,     -0.005       
# span 5 =    1444.65,    1444.65       
# span 6 =      2.000,     72.000       
# span 7 =      1.981,     71.294       
# span 8 =    -0.9049,    -0.8390       
# span 9 =    -0.9034,    -0.8388       
# span 10 =    -0.0134,     0.0062      
# span 11 =    -0.9058,    -0.8410      
# span 12 =    -0.9043,    -0.8408      
# span 13 =    -0.0134,     0.0062      
# span 14 =   2.767998,   2.780715      
# span 15 =   2.768376,   2.781120      
# span 16 =  -0.000226,   0.001223      
# span 17 =    34.1860,    34.2605      
# span 18 =    34.1914,    34.2659      
# span 19 =     7.0996,     7.5042      
# span 20 =    27.4893,    27.5478      
# span 21 =    27.4938,    27.5522      
# span 22 =    308.567,    326.168      
# span 23 =  357.76491,  358.49750      
# span 24 =  359.42034,  360.16523      
# span 25 =    34.1860,    34.2605      
# span 26 =    27.4893,    27.5478      
# span 27 =    1443.96,    1445.42      
# span 28 =    1443.97,    1445.43      
# span 29 =    -0.9058,    -0.8409      
# span 30 =  1027.5037,  1027.8978      
# span 31 =    34.3509,    34.4262      
# span 32 = 0.0000e+00, 0.0000e+00      
# interval = decibars: 1                
# start_time = Nov 05 2019 14:37:33 [NMEA time, header]
# bad_flag = -9.990e-29
*END*
      10429 309.614438  -62.26958  -58.43786     -0.153    1444.65     72.000     71.294    -0.8390    -0.8388     0.0002    -0.8410    -0.8408     0.0002   2.780715   2.781120   0.000405    34.2605    34.2658     7.1031    27.5478    27.5521    308.721  357.76491  359.42034    34.2605    27.5478    1445.42    1445.43    -0.8409  1027.8978    34.4262 0.0000e+00
      10533 309.614489  -62.26958  -58.43786     -0.324    1444.65     71.000     70.306    -0.8399    -0.8402    -0.0003    -0.8418    -0.8422    -0.0003   2.780589   2.780962   0.000374    34.2604    34.2659     7.1080    27.5478    27.5522    308.931  357.77351  359.42914    34.2604    27.5478    1445.40    1445.40    -0.8418  1027.8930    34.4261 0.0000e+00
      10589 309.614516  -62.26958  -58.43786     -0.432    1444.65     70.000     69.316    -0.8398    -0.8403    -0.0005    -0.8417    -0.8423    -0.0005   2.780531   2.780906   0.000372    34.2602    34.2658     7.1070    27.5476    27.5522    308.889  357.77333  359.42892    34.2601    27.5476    1445.38    1445.39    -0.8417  1027.8880    34.4258 0.0000e+00
      10627 309.614534  -62.26958  -58.43787     -0.608    1444.65     69.000     68.326    -0.8410    -0.8399     0.0010    -0.8429    -0.8419     0.0010   2.780358   2.780862   0.000502    34.2598    34.2655     7.0996    27.5474    27.5519    308.567  357.78559  359.44142    34.2598    27.5473    1445.36    1445.37    -0.8429  1027.8829    34.4254 0.0000e+00
      10661 309.614550  -62.26958  -58.43788     -0.706    1444.65     68.000     67.336    -0.8413    -0.8411     0.0002    -0.8432    -0.8430     0.0002   2.780258   2.780665   0.000413    34.2595    34.2649     7.1098    27.5471    27.5515    309.009  357.78983  359.44573    34.2594    27.5471    1445.34    1445.35    -0.8431  1027.8779    34.4251 0.0000e+00
      10697 309.614568  -62.26958  -58.43787     -0.684    1444.65     67.000     66.348    -0.8407    -0.8408    -0.0000    -0.8426    -0.8426    -0.0000   2.780188   2.780601   0.000410    34.2585    34.2641     7.1147    27.5463    27.5508    309.223  357.78712  359.44283    34.2584    27.5462    1445.33    1445.34    -0.8425  1027.8723    34.4241 0.0000e+00
      10737 309.614587  -62.26958  -58.43786     -0.598    1444.65     66.000     65.353    -0.8408    -0.8407     0.0002    -0.8427    -0.8425     0.0002   2.780080   2.780560   0.000485    34.2577    34.2641     7.1119    27.5457    27.5509    309.101  357.79004  359.44573    34.2577    27.5456    1445.31    1445.32    -0.8426  1027.8669    34.4233 0.0000e+00
      10779 309.614608  -62.26958  -58.43786     -0.572    1444.65     65.000     64.366    -0.8409    -0.8411    -0.0002    -0.8427    -0.8429    -0.0002   2.779944   2.780328   0.000383    34.2566    34.2620     7.1116    27.5448    27.5492    309.089  357.79382  359.44946    34.2565    27.5447    1445.29    1445.30    -0.8426  1027.8611    34.4222 0.0000e+00
      10827 309.614630  -62.26958  -58.43786     -0.508    1444.65     64.000     63.375    -0.8407    -0.8407    -0.0000    -0.8424    -0.8425    -0.0000   2.779790   2.780171   0.000378    34.2549    34.2601     7.1160    27.5434    27.5475    309.283  357.79642  359.45191    34.2548    27.5433    1445.27    1445.28    -0.8424  1027.8549    34.4204 0.0000e+00
      10874 309.614653  -62.26958  -58.43786     -0.503    1444.65     63.000     62.385    -0.8411    -0.8407     0.0003    -0.8428    -0.8425     0.0003   2.779546   2.780069   0.000518    34.2527    34.2593     7.1252    27.5416    27.5470    309.681  357.80641  359.46186    34.2525    27.5415    1445.25    1445.26    -0.8428  1027.8483    34.4181 0.0000e+00
      10912 309.614672  -62.26958  -58.43788     -0.613    1444.65     62.000     61.395    -0.8415    -0.8411     0.0004    -0.8432    -0.8428     0.0004   2.779432   2.779898   0.000472    34.2521    34.2581     7.1372    27.5412    27.5460    310.204  357.81207  359.46759    34.2521    27.5412    1445.23    1445.24    -0.8432  1027.8432    34.4177 0.0000e+00
      10949 309.614689  -62.26958  -58.43788     -0.662    1444.65     61.000     60.405    -0.8413    -0.8412     0.0001    -0.8430    -0.8429     0.0001   2.779433   2.779858   0.000426    34.2526    34.2583     7.1475    27.5416    27.5461    310.653  357.80929  359.46481    34.2526    27.5415    1445.22    1445.23    -0.8430  1027.8388    34.4182 0.0000e+00
      10989 309.614709  -62.26958  -58.43788     -0.600    1444.65     60.000     59.415    -0.8411    -0.8412    -0.0001    -0.8428    -0.8429    -0.0001   2.779346   2.779747   0.000403    34.2518    34.2574     7.1478    27.5409    27.5454    310.667  357.80953  359.46495    34.2518    27.5409    1445.20    1445.21    -0.8427  1027.8333    34.4174 0.0000e+00
      11028 309.614727  -62.26958  -58.43788     -0.609    1444.65     59.000     58.425    -0.8411    -0.8410     0.0001    -0.8428    -0.8427     0.0001   2.779264   2.779685   0.000420    34.2513    34.2570     7.1470    27.5405    27.5451    310.631  357.81088  359.46627    34.2513    27.5404    1445.19    1445.19    -0.8427  1027.8281    34.4168 0.0000e+00
      11063 309.614744  -62.26958  -58.43788     -0.680    1444.65     58.000     57.440    -0.8413    -0.8412     0.0001    -0.8429    -0.8428     0.0001   2.779180   2.779600   0.000421    34.2511    34.2567     7.1494    27.5403    27.5448    310.736  357.81341  359.46882    34.2510    27.5402    1445.17    1445.18    -0.8429  1027.8231    34.4165 0.0000e+00
      11097 309.614761  -62.26958  -58.43788     -0.698    1444.65     57.000     56.441    -0.8414    -0.8414     0.0001    -0.8430    -0.8429     0.0001   2.779090   2.779528   0.000438    34.2506    34.2565     7.1444    27.5399    27.5447    310.515  357.81598  359.47140    34.2505    27.5399    1445.15    1445.16    -0.8429  1027.8180    34.4161 0.0000e+00
      11136 309.614780  -62.26958  -58.43788     -0.630    1444.65     56.000     55.455    -0.8414    -0.8414     0.0000    -0.8430    -0.8430     0.0000   2.779022   2.779443   0.000422    34.2503    34.2560     7.1497    27.5397    27.5442    310.747  357.81692  359.47232    34.2502    27.5396    1445.13    1445.14    -0.8429  1027.8129    34.4158 0.0000e+00
      11184 309.614803  -62.26958  -58.43788     -0.499    1444.65     55.000     54.465    -0.8416    -0.8413     0.0004    -0.8431    -0.8428     0.0004   2.778927   2.779415   0.000484    34.2499    34.2561     7.1652    27.5393    27.5443    311.422  357.81969  359.47511    34.2498    27.5392    1445.12    1445.13    -0.8431  1027.8078    34.4153 0.0000e+00
      11233 309.614827  -62.26958  -58.43788     -0.487    1444.65     54.000     53.475    -0.8426    -0.8422     0.0005    -0.8441    -0.8437     0.0005   2.778680   2.779168   0.000488    34.2484    34.2545     7.1549    27.5381    27.5431    310.975  357.83365  359.48921    34.2482    27.5380    1445.09    1445.10    -0.8441  1027.8017    34.4137 0.0000e+00
      11272 309.614845  -62.26958  -58.43788     -0.603    1444.65     53.000     52.482    -0.8430    -0.8426     0.0005    -0.8445    -0.8440     0.0005   2.778515   2.779045   0.000524    34.2472    34.2537     7.1629    27.5372    27.5425    311.322  357.84086  359.49643    34.2470    27.5371    1445.08    1445.09    -0.8444  1027.7960    34.4125 0.0000e+00
      11305 309.614861  -62.26958  -58.43788     -0.714    1444.65     52.000     51.494    -0.8433    -0.8426     0.0007    -0.8447    -0.8440     0.0007   2.778326   2.778941   0.000614    34.2457    34.2532     7.1706    27.5360    27.5420    311.658  357.84720  359.50274    34.2453    27.5357    1445.05    1445.07    -0.8447  1027.7898    34.4108 0.0000e+00
      11334 309.614875  -62.26958  -58.43788     -0.791    1444.65     51.000     50.504    -0.8451    -0.8439     0.0012    -0.8465    -0.8453     0.0012   2.777970   2.778570   0.000606    34.2435    34.2504     7.1795    27.5343    27.5398    312.043  357.87056  359.52638    34.2432    27.5341    1445.03    1445.04    -0.8465  1027.7834    34.4087 0.0000e+00
      11363 309.614889  -62.26958  -58.43788     -0.822    1444.65     50.000     49.514    -0.8465    -0.8458     0.0007    -0.8479    -0.8472     0.0007   2.777678   2.778195   0.000506    34.2420    34.2481     7.1886    27.5331    27.5380    312.441  357.88836  359.54441    34.2415    27.5327    1445.00    1445.01    -0.8478  1027.7772    34.4069 0.0000e+00
      11396 309.614905  -62.26958  -58.43788     -0.771    1444.65     49.000     48.524    -0.8534    -0.8473     0.0061    -0.8547    -0.8487     0.0061   2.776756   2.777965   0.001169    34.2383    34.2472     7.1990    27.5304    27.5374    312.894  357.96385  359.62119    34.2374    27.5297    1444.95    1444.99    -0.8547  1027.7694    34.4028 0.0000e+00
      11443 309.614928  -62.26958  -58.43788     -0.520    1444.65     48.000     47.534    -0.8591    -0.8529     0.0062    -0.8605    -0.8542     0.0062   2.776047   2.777278   0.001223    34.2358    34.2454     7.1928    27.5286    27.5361    312.626  358.02538  359.68384    34.2349    27.5279    1444.90    1444.94    -0.8604  1027.7629    34.4003 0.0000e+00
      11498 309.614954  -62.26958  -58.43788     -0.430    1444.65     47.000     46.543    -0.8662    -0.8645     0.0016    -0.8675    -0.8658     0.0016   2.775240   2.775792   0.000576    34.2332    34.2391     7.1776    27.5268    27.5315    311.966  358.09948  359.75933    34.2326    27.5263    1444.85    1444.86    -0.8674  1027.7565    34.3979 0.0000e+00
      11536 309.614973  -62.26958  -58.43788     -0.601    1444.65     46.000     45.553    -0.8675    -0.8648     0.0027    -0.8688    -0.8661     0.0027   2.775036   2.775749   0.000710    34.2325    34.2391     7.1754    27.5263    27.5315    311.870  358.11417  359.77427    34.2319    27.5258    1444.82    1444.85    -0.8687  1027.7512    34.3973 0.0000e+00
      11567 309.614987  -62.26958  -58.43788     -0.749    1444.65     45.000     44.563    -0.8687    -0.8667     0.0019    -0.8699    -0.8679     0.0019   2.774851   2.775461   0.000616    34.2320    34.2382     7.1812    27.5259    27.5308    312.120  358.12656  359.78688    34.2314    27.5254    1444.80    1444.82    -0.8699  1027.7460    34.3967 0.0000e+00
      11596 309.615001  -62.26958  -58.43788     -0.824    1444.65     44.000     43.573    -0.8690    -0.8681     0.0009    -0.8702    -0.8693     0.0009   2.774774   2.775283   0.000505    34.2319    34.2378     7.1882    27.5259    27.5306    312.424  358.13025  359.79065    34.2314    27.5254    1444.78    1444.80    -0.8702  1027.7412    34.3967 0.0000e+00
      11626 309.615016  -62.26958  -58.43788     -0.812    1444.65     43.000     42.583    -0.8705    -0.8694     0.0011    -0.8716    -0.8705     0.0011   2.774557   2.775090   0.000549    34.2311    34.2373     7.1862    27.5252    27.5302    312.341  358.14628  359.80695    34.2307    27.5249    1444.76    1444.77    -0.8716  1027.7359    34.3959 0.0000e+00
      11660 309.615032  -62.26958  -58.43788     -0.727    1444.65     42.000     41.592    -0.8714    -0.8709     0.0005    -0.8726    -0.8720     0.0005   2.774426   2.774884   0.000461    34.2310    34.2367     7.1875    27.5252    27.5298    312.395  358.15569  359.81657    34.2306    27.5249    1444.74    1444.75    -0.8725  1027.7311    34.3959 0.0000e+00
      11698 309.615051  -62.26958  -58.43788     -0.638    1444.65     41.000     40.602    -0.8718    -0.8713     0.0005    -0.8729    -0.8724     0.0005   2.774335   2.774790   0.000456    34.2307    34.2364     7.1912    27.5250    27.5296    312.555  358.15959  359.82053    34.2304    27.5247    1444.72    1444.73    -0.8729  1027.7261    34.3957 0.0000e+00
      11737 309.615069  -62.26958  -58.43788     -0.622    1444.65     40.000     39.612    -0.8745    -0.8728     0.0017    -0.8756    -0.8739     0.0017   2.773991   2.774578   0.000583    34.2300    34.2360     7.1945    27.5245    27.5293    312.698  358.18792  359.84942    34.2295    27.5241    1444.69    1444.71    -0.8756  1027.7207    34.3947 0.0000e+00
      11775 309.615088  -62.26958  -58.43788     -0.628    1444.65     39.000     38.624    -0.8767    -0.8756     0.0011    -0.8777    -0.8766     0.0011   2.773758   2.774250   0.000500    34.2297    34.2353     7.1890    27.5244    27.5289    312.459  358.20885  359.87080    34.2294    27.5241    1444.67    1444.68    -0.8777  1027.7159    34.3946 0.0000e+00
      11813 309.615106  -62.26958  -58.43788     -0.624    1444.65     38.000     37.629    -0.8779    -0.8768     0.0010    -0.8789    -0.8779     0.0010   2.773587   2.774100   0.000508    34.2295    34.2352     7.1912    27.5242    27.5288    312.554  358.22113  359.88333    34.2290    27.5239    1444.64    1444.66    -0.8789  1027.7109    34.3943 0.0000e+00
      11850 309.615124  -62.26958  -58.43788     -0.645    1444.65     37.000     36.641    -0.8810    -0.8790     0.0020    -0.8820    -0.8800     0.0020   2.773172   2.773807   0.000608    34.2286    34.2346     7.1980    27.5237    27.5284    312.851  358.25338  359.91622    34.2276    27.5228    1444.61    1444.63    -0.8820  1027.7050    34.3928 0.0000e+00
      11897 309.615147  -62.26958  -58.43788     -0.506    1444.65     36.000     35.655    -0.8870    -0.8839     0.0031    -0.8880    -0.8849     0.0031   2.772619   2.773323   0.000695    34.2280    34.2339     7.2035    27.5234    27.5280    313.089  358.31198  359.97609    34.2275    27.5230    1444.57    1444.59    -0.8879  1027.7004    34.3927 0.0000e+00
      12025 309.615208  -62.26958  -58.43788     -0.128    1444.65     35.000     34.660    -0.8959    -0.8949     0.0010    -0.8969    -0.8959     0.0010   2.771666   2.772154   0.000506    34.2261    34.2318     7.2441    27.5222    27.5268    314.854  358.40208  360.06805    34.2253    27.5215    1444.50    1444.52    -0.8968  1027.6942    34.3904 0.0000e+00
      12099 309.615244  -62.26958  -58.43787     -0.412    1444.65     34.000     33.670    -0.9028    -0.9032    -0.0004    -0.9038    -0.9042    -0.0004   2.770936   2.771311   0.000372    34.2244    34.2299     7.2561    27.5211    27.5255    315.375  358.47282  360.14020    34.2239    27.5206    1444.45    1444.46    -0.9037  1027.6885    34.3890 0.0000e+00
      12148 309.615268  -62.26958  -58.43786     -0.493    1444.65     33.000     32.680    -0.9049    -0.9034     0.0015    -0.9058    -0.9043     0.0015   2.770573   2.771166   0.000597    34.2226    34.2290     7.2953    27.5197    27.5248    317.081  358.49750  360.16523    34.2219    27.5191    1444.43    1444.44    -0.9058  1027.6822    34.3870 0.0000e+00
      12189 309.615288  -62.26958  -58.43786     -0.584    1444.65     32.000     31.690    -0.8799    -0.8933    -0.0134    -0.8808    -0.8942    -0.0134   2.771951   2.771670  -0.000226    34.2111    34.2233     7.3000    27.5094    27.5198    317.288  358.29203  359.95365    34.2128    27.5108    1444.51    1444.47    -0.8807  1027.6690    34.3779 0.0000e+00
      12235 309.615310  -62.26958  -58.43786     -0.527    1444.65     31.000     30.700    -0.8622    -0.8695    -0.0073    -0.8630    -0.8703    -0.0073   2.772913   2.772916  -0.000004    34.2053    34.2136     7.3564    27.5040    27.5110    319.743  358.14004  359.79745    34.2064    27.5049    1444.57    1444.55    -0.8630  1027.6583    34.3714 0.0000e+00
      12285 309.615334  -62.26958  -58.43786     -0.471    1444.65     30.000     29.709    -0.8558    -0.8564    -0.0005    -0.8567    -0.8572    -0.0005   2.773281   2.773663   0.000370    34.2039    34.2095     7.4482    27.5026    27.5072    323.734  358.08409  359.74003    34.2048    27.5034    1444.59    1444.59    -0.8566  1027.6520    34.3698 0.0000e+00
