Pos-Processados/process_op38/Processamento_split/up/uoperantar38_005.cnv
* Sea-Bird SBE 9 Data File:
* FileName = D:\OPERANTAR_XXXVIII\DADOS\OP38_005.hdr
* Software Version Seasave V 7.18c
* Temperature SN = 4808
* Conductivity SN = 3380
* Number of Bytes Per Scan = 31
* Number of Voltage Words = 2
* Number of Scans Averaged by the Deck Unit = 1
* NMEA Latitude = 45 12.86 S
* NMEA Longitude = 051 09.01 W
* NMEA UTC (Time) = Oct 19 2019 13:59:02
** H41
** NAVIO POLAR ALMIRANTE MAXIMIANO
** CRUZEIRO:
** OPERANTAR XXXVIII
** ESTAวรO: OP38_005
** LAT 045บ 12,86' S
** LONG 051บ 09,03' W
** 09P73767-1155
** PROFUNDIDADE: 5853
** DATA/HORA: 191400Z/OUT/2019
** OPERADOR: SO-HN CHAVES
# nquan = 32
# nvalues = 1045                        
# units = specified
# name 0 = scan: Scan Count
# name 1 = timeJ: Julian Days
# name 2 = latitude: Latitude [deg]
# name 3 = longitude: Longitude [deg]
# name 4 = dz/dtM: Descent Rate [m/s]
# name 5 = avgsvCM: Average Sound Velocity [Chen-Millero, m/s]
# name 6 = prDM: Pressure, Digiquartz [db]
# name 7 = depSM: Depth [salt water, m]
# name 8 = t090C: Temperature [ITS-90, deg C]
# name 9 = t190C: Temperature, 2 [ITS-90, deg C]
# name 10 = T2-T190C: Temperature Difference, 2 - 1 [ITS-90, deg C]
# name 11 = potemp090C: Potential Temperature [ITS-90, deg C]
# name 12 = potemp190C: Potential Temperature, 2 [ITS-90, deg C]
# name 13 = potemp90Cdiff: Potential Temperature, Diff, 2 - 1 [ITS-90, deg C]
# name 14 = c0S/m: Conductivity [S/m]
# name 15 = c1S/m: Conductivity, 2 [S/m]
# name 16 = C2-C1S/m: Conductivity Difference, 2 - 1 [S/m]
# name 17 = sal00: Salinity, Practical [PSU]
# name 18 = sal11: Salinity, Practical, 2 [PSU]
# name 19 = sbeox0ML/L: Oxygen, SBE 43 [ml/l]
# name 20 = sbeox1ML/L: Oxygen, SBE 43, 2 [ml/l]
# name 21 = sbeox0ML/Ldiff: Oxygen, SBE 43, Diff, 2 - 1 [ml/l]
# name 22 = sigma-้00: Density [sigma-theta, kg/m^3]
# name 23 = sigma-้11: Density, 2 [sigma-theta, kg/m^3]
# name 24 = sal00: Salinity, Practical [PSU]
# name 25 = sigma-้00: Density [sigma-theta, kg/m^3]
# name 26 = svCM: Sound Velocity [Chen-Millero, m/s]
# name 27 = svCM1: Sound Velocity, 2 [Chen-Millero, m/s]
# name 28 = gsw_ptA0: potential temperature [ITS-90, deg C]
# name 29 = gsw_densityA0: density, TEOS-10 [density, kg/m^3]
# name 30 = gsw_saA0: Absolute Salinity [g/kg]
# name 31 = flag:
# span 0 =      32891,      71045       
# span 1 = 292.598523, 292.616923       
# span 2 =  -45.21442,  -45.21434       
# span 3 =  -51.15027,  -51.15014       
# span 4 =     -1.811,     -0.117       
# span 5 =    1476.21,    1476.21       
# span 6 =      4.000,   1048.000       
# span 7 =      3.965,   1036.853       
# span 8 =     2.8993,    10.3424       
# span 9 =     2.8987,    10.3411       
# span 10 =    -0.0673,     0.0800      
# span 11 =     2.8322,    10.3290      
# span 12 =     2.8308,    10.3277      
# span 13 =    -0.0672,     0.0799      
# span 14 =   3.131038,   3.835636      
# span 15 =   3.131536,   3.836188      
# span 16 =  -0.006884,   0.008697      
# span 17 =    34.1055,    34.8849      
# span 18 =    34.1126,    34.8917      
# span 19 =     4.1839,     6.5573      
# span 20 =     4.0105,     6.2842      
# span 21 =    -0.2965,    -0.1639      
# span 22 =    26.7515,    27.4340      
# span 23 =    26.7564,    27.4379      
# span 24 =    34.1039,    34.8888      
# span 25 =    26.7515,    27.4341      
# span 26 =    1472.35,    1492.80      
# span 27 =    1472.37,    1492.80      
# span 28 =     2.8321,    10.3290      
# span 29 =  1026.7724,  1032.2905      
# span 30 =    34.2659,    35.0537      
# span 31 = 0.0000e+00, 0.0000e+00      
# interval = decibars: 1                
# start_time = Oct 19 2019 13:59:02 [NMEA time, header]
# bad_flag = -9.990e-29
*END*
[from data line 318]
      41339 292.602597  -45.21438 -9.990e-29     -0.938    1476.21    730.000    722.787     2.9893     2.9875    -0.0018     2.9417     2.9399    -0.0018   3.132664   3.132953   0.000250    34.2046    34.2095     5.3335     5.1024    -0.2311    27.2554    27.2595    34.2051    27.2558    1473.30    1473.30     2.9416  1030.6501    34.3693 0.0000e+00
      41369 292.602612  -45.21438 -9.990e-29     -0.820    1476.21    729.000    721.799     3.0047     3.0040    -0.0007     2.9571     2.9564    -0.0007   3.134178   3.134450   0.000329    34.2061    34.2108     5.3489     5.1269    -0.2221    27.2552    27.2590    34.2076    27.2564    1473.36    1473.36     2.9571  1030.6459    34.3719 0.0000e+00
      41401 292.602627  -45.21438  -51.15016     -0.755    1476.21    728.000    720.810     3.0149     3.0124    -0.0025     2.9673     2.9648    -0.0025   3.134952   3.135193   0.000246    34.2059    34.2115     5.3537     5.1364    -0.2172    27.2541    27.2588    34.2068    27.2549    1473.38    1473.38     2.9672  1030.6394    34.3710 0.0000e+00
      41431 292.602642  -45.21438  -51.15016     -0.765    1476.21    727.000    719.822     3.0235     3.0216    -0.0019     2.9760     2.9741    -0.0019   3.135747   3.136059   0.000295    34.2066    34.2122     5.3511     5.1334    -0.2177    27.2539    27.2585    34.2079    27.2549    1473.40    1473.40     2.9759  1030.6342    34.3715 0.0000e+00
      41453 292.602652  -45.21438  -51.15016     -0.928    1476.21    726.000    718.833     3.0277     3.0326     0.0049     2.9802     2.9851     0.0049   3.136070   3.137121   0.000923    34.2070    34.2130     5.3467     5.1292    -0.2174    27.2538    27.2582    34.2079    27.2546    1473.40    1473.44     2.9801  1030.6292    34.3716 0.0000e+00
      41472 292.602661  -45.21438  -51.15018     -1.142    1476.21    725.000    717.845     3.0365     3.0502     0.0137     2.9890     3.0026     0.0136   3.136974   3.138714   0.001708    34.2076    34.2138     5.3432     5.1240    -0.2192    27.2535    27.2572    34.2101    27.2555    1473.43    1473.50     2.9889  1030.6254    34.3737 0.0000e+00
      41489 292.602670  -45.21438  -51.15018     -1.299    1476.21    724.000    716.856     3.0497     3.0626     0.0130     3.0022     3.0150     0.0129   3.138138   3.139896   0.001675    34.2080    34.2146     5.3386     5.1183    -0.2202    27.2526    27.2568    34.2108    27.2549    1473.47    1473.53     3.0021  1030.6199    34.3745 0.0000e+00
      41508 292.602679  -45.21438  -51.15018     -1.335    1476.21    723.000    715.868     3.0624     3.0799     0.0175     3.0149     3.0323     0.0174   3.139229   3.141300   0.002077    34.2085    34.2151     5.3352     5.1153    -0.2199    27.2519    27.2556    34.2111    27.2540    1473.51    1473.59     3.0148  1030.6143    34.3750 0.0000e+00
      41528 292.602689  -45.21438 -9.990e-29     -1.268    1476.21    722.000    714.880     3.0767     3.0855     0.0088     3.0292     3.0379     0.0087   3.140562   3.141747   0.001236    34.2098    34.2155     5.3311     5.1195    -0.2116    27.2516    27.2554    34.2127    27.2540    1473.56    1473.60     3.0291  1030.6097    34.3770 0.0000e+00
      41549 292.602699  -45.21438 -9.990e-29     -1.174    1476.21    721.000    713.891     3.0870     3.0967     0.0098     3.0395     3.0491     0.0097   3.141403   3.142959   0.001425    34.2101    34.2171     5.3352     5.1183    -0.2169    27.2510    27.2556    34.2126    27.2529    1473.58    1473.63     3.0394  1030.6038    34.3769 0.0000e+00
      41570 292.602709  -45.21436 -9.990e-29     -1.131    1476.21    720.000    712.903     3.0977     3.1154     0.0177     3.0502     3.0678     0.0176   3.142534   3.144651   0.002091    34.2117    34.2183     5.3335     5.1030    -0.2305    27.2512    27.2549    34.2155    27.2543    1473.61    1473.70     3.0501  1030.6003    34.3798 0.0000e+00
      41592 292.602719  -45.21436 -9.990e-29     -1.123    1476.21    719.000    711.914     3.1209     3.1477     0.0268     3.0734     3.1000     0.0266   3.144754   3.147840   0.002985    34.2138    34.2216     5.3229     5.0924    -0.2304    27.2508    27.2546    34.2184    27.2544    1473.70    1473.83     3.0733  1030.5954    34.3827 0.0000e+00
      41614 292.602730  -45.21436  -51.15016     -1.096    1476.21    718.000    710.926     3.1439     3.1628     0.0189     3.0963     3.1150     0.0188   3.146891   3.148925   0.002137    34.2160    34.2218     5.3165     5.0894    -0.2271    27.2504    27.2534    34.2206    27.2541    1473.79    1473.87     3.0962  1030.5897    34.3844 0.0000e+00
      41639 292.602742  -45.21436  -51.15017     -1.026    1476.21    717.000    709.938     3.1606     3.1648     0.0042     3.1130     3.1171     0.0041   3.148224   3.149009   0.000838    34.2161    34.2218     5.3088     5.0793    -0.2295    27.2490    27.2532    34.2196    27.2517    1473.84    1473.86     3.1129  1030.5822    34.3832 0.0000e+00
      41665 292.602755  -45.21437  -51.15018     -0.944    1476.21    716.000    708.949     3.1646     3.1664     0.0018     3.1170     3.1188     0.0018   3.148476   3.149092   0.000644    34.2161    34.2219     5.2891     5.0628    -0.2263    27.2486    27.2531    34.2190    27.2509    1473.84    1473.85     3.1169  1030.5767    34.3826 0.0000e+00
      41688 292.602766  -45.21438  -51.15018     -0.958    1476.21    715.000    707.961     3.1673     3.1763     0.0090     3.1198     3.1287     0.0089   3.148624   3.149985   0.001290    34.2159    34.2220     5.2687     5.0452    -0.2235    27.2482    27.2523    34.2184    27.2502    1473.83    1473.88     3.1197  1030.5713    34.3820 0.0000e+00
      41708 292.602775  -45.21438  -51.15018     -1.090    1476.21    714.000    706.972     3.1755     3.1811     0.0055     3.1280     3.1335     0.0055   3.149395   3.150259   0.000917    34.2164    34.2216     5.2577     5.0423    -0.2154    27.2478    27.2515    34.2196    27.2504    1473.85    1473.88     3.1279  1030.5668    34.3832 0.0000e+00
      41728 292.602785  -45.21438  -51.15018     -1.210    1476.21    713.000    705.984     3.1811     3.1870     0.0059     3.1337     3.1395     0.0058   3.149743   3.150701   0.000957    34.2158    34.2211     5.2561     5.0454    -0.2107    27.2468    27.2506    34.2184    27.2489    1473.86    1473.89     3.1336  1030.5606    34.3820 0.0000e+00
      41748 292.602795  -45.21438  -51.15018     -1.221    1476.21    712.000    704.995     3.1855     3.1906     0.0052     3.1381     3.1432     0.0051   3.150011   3.150865   0.000866    34.2152    34.2203     5.2595     5.0423    -0.2172    27.2460    27.2495    34.2176    27.2479    1473.86    1473.89     3.1380  1030.5548    34.3812 0.0000e+00
      41774 292.602807  -45.21438  -51.15018     -1.053    1476.21    711.000    704.007     3.1896     3.1921     0.0025     3.1422     3.1447     0.0025   3.150246   3.150876   0.000661    34.2145    34.2198     5.2682     5.0448    -0.2234    27.2450    27.2490    34.2166    27.2467    1473.86    1473.88     3.1421  1030.5490    34.3802 0.0000e+00
      41806 292.602823  -45.21438  -51.15018     -0.772    1476.21    710.000    703.018     3.1919     3.1884    -0.0035     3.1446     3.1411    -0.0035   3.150240   3.150512   0.000289    34.2130    34.2202     5.2723     5.0532    -0.2191    27.2436    27.2497    34.2146    27.2449    1473.85    1473.85     3.1445  1030.5426    34.3782 0.0000e+00
      41833 292.602836  -45.21438  -51.15018     -0.802    1476.21    709.000    702.030     3.1915     3.1913    -0.0003     3.1443     3.1440    -0.0003   3.150108   3.150522   0.000444    34.2126    34.2183     5.2815     5.0597    -0.2218    27.2433    27.2479    34.2140    27.2444    1473.83    1473.84     3.1442  1030.5374    34.3775 0.0000e+00
      41852 292.602845  -45.21438  -51.15018     -1.041    1476.21    708.000    701.041     3.1915     3.1927     0.0012     3.1443     3.1455     0.0012   3.150037   3.150679   0.000613    34.2124    34.2185     5.2935     5.0686    -0.2249    27.2431    27.2479    34.2137    27.2442    1473.82    1473.83     3.1442  1030.5326    34.3773 0.0000e+00
      41869 292.602853  -45.21438  -51.15018     -1.257    1476.21    707.000    700.053     3.1934     3.1963     0.0030     3.1463     3.1492     0.0029   3.150187   3.150900   0.000736    34.2126    34.2184     5.2987     5.0714    -0.2272    27.2431    27.2475    34.2141    27.2443    1473.81    1473.83     3.1462  1030.5281    34.3776 0.0000e+00
      41886 292.602861  -45.21438  -51.15018     -1.382    1476.21    706.000    699.064     3.1953     3.1973     0.0020     3.1483     3.1503     0.0019   3.150297   3.150957   0.000650    34.2126    34.2183     5.3020     5.0708    -0.2312    27.2429    27.2473    34.2138    27.2439    1473.80    1473.82     3.1482  1030.5231    34.3774 0.0000e+00
      41904 292.602870  -45.21438  -51.15018     -1.383    1476.21    705.000    698.076     3.1980     3.2012     0.0032     3.1510     3.1542     0.0031   3.150489   3.151323   0.000801    34.2125    34.2188     5.2986     5.0771    -0.2215    27.2426    27.2473    34.2139    27.2437    1473.79    1473.82     3.1509  1030.5182    34.3774 0.0000e+00
      41926 292.602880  -45.21438  -51.15018     -1.250    1476.21    704.000    697.087     3.2021     3.2080     0.0058     3.1552     3.1610     0.0058   3.150845   3.151870   0.001020    34.2128    34.2189     5.3019     5.0828    -0.2191    27.2425    27.2468    34.2143    27.2437    1473.80    1473.83     3.1551  1030.5135    34.3779 0.0000e+00
      41950 292.602892  -45.21437  -51.15018     -1.050    1476.21    703.000    696.099     3.2083     3.2121     0.0038     3.1614     3.1652     0.0038   3.151410   3.152151   0.000785    34.2135    34.2190     5.3105     5.0863    -0.2243    27.2424    27.2464    34.2152    27.2438    1473.81    1473.83     3.1613  1030.5089    34.3787 0.0000e+00
      41975 292.602904  -45.21437  -51.15018     -0.960    1476.21    702.000    695.110     3.2144     3.2145     0.0001     3.1676     3.1677     0.0001   3.151848   3.152362   0.000507    34.2133    34.2193     5.3147     5.0830    -0.2318    27.2417    27.2465    34.2145    27.2427    1473.82    1473.83     3.1675  1030.5031    34.3781 0.0000e+00
      41996 292.602914  -45.21438  -51.15018     -1.034    1476.21    701.000    694.122     3.2165     3.2185     0.0019     3.1697     3.1717     0.0019   3.152000   3.152652   0.000657    34.2135    34.2193     5.3113     5.0744    -0.2370    27.2416    27.2462    34.2147    27.2427    1473.81    1473.82     3.1696  1030.4984    34.3783 0.0000e+00
      42016 292.602924  -45.21438  -51.15018     -1.152    1476.21    700.000    693.133     3.2193     3.2219     0.0026     3.1726     3.1752     0.0026   3.152202   3.152906   0.000699    34.2135    34.2192     5.3043     5.0674    -0.2369    27.2414    27.2457    34.2147    27.2424    1473.80    1473.82     3.1725  1030.4934    34.3783 0.0000e+00
      42036 292.602934  -45.21438  -51.15018     -1.213    1476.21    699.000    692.145     3.2209     3.2227     0.0018     3.1742     3.1760     0.0018   3.152252   3.152853   0.000618    34.2132    34.2188     5.2900     5.0652    -0.2248    27.2411    27.2453    34.2142    27.2419    1473.79    1473.81     3.1741  1030.4883    34.3778 0.0000e+00
      42062 292.602946  -45.21438  -51.15018     -1.065    1476.21    698.000    691.156     3.2211     3.2220     0.0009     3.1745     3.1754     0.0009   3.152162   3.152718   0.000550    34.2128    34.2185     5.2834     5.0683    -0.2150    27.2407    27.2451    34.2134    27.2411    1473.78    1473.79     3.1744  1030.4829    34.3769 0.0000e+00
      42100 292.602964  -45.21438  -51.15018     -0.658    1476.21    697.000    690.168     3.2175     3.2187     0.0012     3.1710     3.1722     0.0012   3.151548   3.152210   0.000671    34.2099    34.2168     5.2872     5.0693    -0.2179    27.2387    27.2441    34.2103    27.2390    1473.74    1473.75     3.1709  1030.4763    34.3738 0.0000e+00
      42134 292.602981  -45.21437  -51.15018     -0.657    1476.21    696.000    689.179     3.2174     3.2183     0.0009     3.1709     3.1718     0.0009   3.151491   3.152063   0.000585    34.2099    34.2160     5.3038     5.0776    -0.2262    27.2387    27.2435    34.2104    27.2391    1473.72    1473.74     3.1708  1030.4717    34.3738 0.0000e+00
      42158 292.602992  -45.21436  -51.15018     -0.874    1476.21    695.000    688.191     3.2167     3.2167     0.0001     3.1703     3.1704     0.0001   3.151357   3.151828   0.000478    34.2096    34.2153     5.3194     5.0813    -0.2381    27.2385    27.2431    34.2100    27.2388    1473.70    1473.71     3.1702  1030.4669    34.3734 0.0000e+00
      42177 292.603001  -45.21438  -51.15018     -1.089    1476.21    694.000    687.202     3.2166     3.2166     0.0000     3.1703     3.1703     0.0000   3.151287   3.151707   0.000459    34.2095    34.2150     5.3287     5.0877    -0.2409    27.2384    27.2428    34.2097    27.2386    1473.69    1473.69     3.1702  1030.4620    34.3732 0.0000e+00
      42193 292.603009  -45.21438  -51.15018     -1.288    1476.21    693.000    686.213     3.2164     3.2168     0.0004     3.1702     3.1706     0.0004   3.151212   3.151689   0.000435    34.2093    34.2141     5.3293     5.0927    -0.2366    27.2383    27.2421    34.2095    27.2385    1473.67    1473.68     3.1701  1030.4573    34.3730 0.0000e+00
      42208 292.603017  -45.21438  -51.15018     -1.456    1476.21    692.000    685.225     3.2165     3.2168     0.0003     3.1704     3.1707     0.0003   3.151155   3.151656   0.000508    34.2091    34.2149     5.3296     5.0983    -0.2314    27.2381    27.2427    34.2093    27.2382    1473.65    1473.66     3.1703  1030.4525    34.3727 0.0000e+00
      42223 292.603024  -45.21438  -51.15018     -1.560    1476.21    691.000    684.236     3.2162     3.2164     0.0003     3.1701     3.1703     0.0003   3.151055   3.151554   0.000503    34.2088    34.2146     5.3336     5.1047    -0.2289    27.2379    27.2425    34.2089    27.2380    1473.63    1473.64     3.1700  1030.4476    34.3724 0.0000e+00
      42239 292.603031  -45.21437  -51.15018     -1.584    1476.21    690.000    683.248     3.2158     3.2161     0.0003     3.1698     3.1701     0.0003   3.150984   3.151491   0.000505    34.2089    34.2146     5.3354     5.1088    -0.2266    27.2380    27.2426    34.2090    27.2381    1473.62    1473.63     3.1697  1030.4431    34.3725 0.0000e+00
      42256 292.603040  -45.21436  -51.15018     -1.523    1476.21    689.000    682.259     3.2162     3.2164     0.0002     3.1703     3.1705     0.0002   3.150984   3.151493   0.000513    34.2089    34.2148     5.3360     5.1103    -0.2257    27.2379    27.2426    34.2091    27.2381    1473.60    1473.61     3.1702  1030.4385    34.3725 0.0000e+00
      42277 292.603050  -45.21436  -51.15018     -1.326    1476.21    688.000    681.270     3.2165     3.2171     0.0006     3.1707     3.1713     0.0006   3.150957   3.151487   0.000532    34.2088    34.2146     5.3396     5.1089    -0.2306    27.2379    27.2424    34.2090    27.2380    1473.59    1473.60     3.1706  1030.4338    34.3724 0.0000e+00
      42306 292.603064  -45.21437  -51.15018     -0.941    1476.21    687.000    680.282     3.2154     3.2166     0.0012     3.1696     3.1708     0.0012   3.150758   3.151373   0.000610    34.2084    34.2145     5.3356     5.1047    -0.2309    27.2376    27.2423    34.2083    27.2375    1473.56    1473.58     3.1695  1030.4287    34.3717 0.0000e+00
