Pos-Processados/process_op38/Processamento_split/up/uoperantar38_013.cnv
* Sea-Bird SBE 9 Data File:
* FileName = D:\OPERANTAR_XXXVIII\DADOS\OP38_013.hdr
* Software Version Seasave V 7.18c
* Temperature SN = 4808
* Conductivity SN = 3380
* Number of Bytes Per Scan = 34
* Number of Voltage Words = 3
* Number of Scans Averaged by the Deck Unit = 1
* NMEA Latitude = 62 08.60 S
* NMEA Longitude = 058 24.71 W
* NMEA UTC (Time) = Nov 05 2019 02:47:10
** H41
** NAVIO POLAR ALMIRANTE MAXIMIANO
** CRUZEIRO:
** OPERANTAR XXXVIII
** ESTAÇÃO: OP38_013
** LAT 62 08,61' S
** LONG 058 24,68' W
** 09P73767-1155_A
** PROFUNDIDADE: 420
** DATA/HORA: 050248Z/NOV/2019
** OPERADOR: SO-HN CHAVES
# nquan = 33
# nvalues = 364                         
# units = specified
# name 0 = scan: Scan Count
# name 1 = timeJ: Julian Days
# name 2 = latitude: Latitude [deg]
# name 3 = longitude: Longitude [deg]
# name 4 = dz/dtM: Descent Rate [m/s]
# name 5 = avgsvCM: Average Sound Velocity [Chen-Millero, m/s]
# name 6 = prDM: Pressure, Digiquartz [db]
# name 7 = depSM: Depth [salt water, m]
# name 8 = t090C: Temperature [ITS-90, deg C]
# name 9 = t190C: Temperature, 2 [ITS-90, deg C]
# name 10 = T2-T190C: Temperature Difference, 2 - 1 [ITS-90, deg C]
# name 11 = potemp090C: Potential Temperature [ITS-90, deg C]
# name 12 = potemp190C: Potential Temperature, 2 [ITS-90, deg C]
# name 13 = potemp90Cdiff: Potential Temperature, Diff, 2 - 1 [ITS-90, deg C]
# name 14 = c0S/m: Conductivity [S/m]
# name 15 = c1S/m: Conductivity, 2 [S/m]
# name 16 = C2-C1S/m: Conductivity Difference, 2 - 1 [S/m]
# name 17 = sal00: Salinity, Practical [PSU]
# name 18 = sal11: Salinity, Practical, 2 [PSU]
# name 19 = sbeox0ML/L: Oxygen, SBE 43 [ml/l]
# name 20 = sigma-é00: Density [sigma-theta, kg/m^3]
# name 21 = sigma-é11: Density, 2 [sigma-theta, kg/m^3]
# name 22 = sbox0Mm/Kg: Oxygen, SBE 43 [umol/kg]
# name 23 = oxsolMm/Kg: Oxygen Saturation, Garcia & Gordon [umol/kg]
# name 24 = oxsatMm/Kg: Oxygen Saturation, Weiss [umol/kg]
# name 25 = sal00: Salinity, Practical [PSU]
# name 26 = sigma-é00: Density [sigma-theta, kg/m^3]
# name 27 = svCM: Sound Velocity [Chen-Millero, m/s]
# name 28 = svCM1: Sound Velocity, 2 [Chen-Millero, m/s]
# name 29 = gsw_ptA0: potential temperature [ITS-90, deg C]
# name 30 = gsw_densityA0: density, TEOS-10 [density, kg/m^3]
# name 31 = gsw_saA0: Absolute Salinity [g/kg]
# name 32 = flag:
# span 0 =      16357,      28423       
# span 1 = 309.123976, 309.129794       
# span 2 =  -62.14340,  -62.14340       
# span 3 =  -58.41184,  -58.41180       
# span 4 =     -0.909,     -0.249       
# span 5 =    1447.51,    1447.51       
# span 6 =     12.000,    375.000       
# span 7 =     11.885,    371.055       
# span 8 =    -0.9467,    -0.6912       
# span 9 =    -0.9467,    -0.6789       
# span 10 =    -0.0250,     0.0398      
# span 11 =    -0.9483,    -0.6966      
# span 12 =    -0.9483,    -0.6793      
# span 13 =    -0.0250,     0.0398      
# span 14 =   2.767153,   2.819083      
# span 15 =   2.767602,   2.819494      
# span 16 =  -0.001303,   0.003192      
# span 17 =    34.1455,    34.4261      
# span 18 =    34.1514,    34.4315      
# span 19 =     6.3498,     7.5975      
# span 20 =    27.4488,    27.6763      
# span 21 =    27.4529,    27.6806      
# span 22 =    275.944,    330.239      
# span 23 =  355.90574,  358.92003      
# span 24 =  357.53824,  360.59644      
# span 25 =    34.1506,    34.4261      
# span 26 =    27.4529,    27.6763      
# span 27 =    1444.28,    1451.27      
# span 28 =    1444.27,    1451.28      
# span 29 =    -0.9482,    -0.6966      
# span 30 =  1026.3430,  1029.4704      
# span 31 =    32.8580,    34.5944      
# span 32 = 0.0000e+00, 0.0000e+00      
# interval = decibars: 1                
# start_time = Nov 05 2019 02:47:10 [NMEA time, header]
# bad_flag = -9.990e-29
*END*
[from data line 264]
      24412 309.127860  -62.14340  -58.41180     -0.811    1447.51    111.000    109.912    -0.9286    -0.9282     0.0003    -0.9316    -0.9313     0.0003   2.774042   2.774480   0.000438    34.2473    34.2530     7.2388    27.5408    27.5453    314.621  358.65262  360.32695    34.2473    27.5407    1445.61    1445.62    -0.9315  1028.0782    34.4135 0.0000e+00
      24443 309.127875  -62.14340  -58.41180     -0.772    1447.51    110.000    108.911    -0.9286    -0.9284     0.0002    -0.9316    -0.9314     0.0002   2.773990   2.774410   0.000420    34.2474    34.2529     7.2497    27.5408    27.5452    315.096  358.65321  360.32756    34.2473    27.5407    1445.60    1445.61    -0.9315  1028.0734    34.4135 0.0000e+00
      24475 309.127891  -62.14340  -58.41180     -0.758    1447.51    109.000    107.926    -0.9287    -0.9286     0.0001    -0.9317    -0.9316     0.0001   2.773910   2.774302   0.000393    34.2470    34.2522     7.2614    27.5404    27.5447    315.603  358.65494  360.32928    34.2469    27.5404    1445.58    1445.59    -0.9316  1028.0683    34.4131 0.0000e+00
      24507 309.127906  -62.14340  -58.41180     -0.749    1447.51    108.000    106.936    -0.9288    -0.9287     0.0001    -0.9318    -0.9317     0.0001   2.773824   2.774229   0.000404    34.2466    34.2520     7.2663    27.5402    27.5445    315.814  358.65740  360.33175    34.2465    27.5401    1445.56    1445.57    -0.9317  1028.0632    34.4127 0.0000e+00
      24540 309.127922  -62.14340  -58.41180     -0.735    1447.51    107.000    105.946    -0.9289    -0.9287     0.0002    -0.9318    -0.9316     0.0002   2.773733   2.774141   0.000407    34.2460    34.2514     7.2666    27.5397    27.5440    315.827  358.65927  360.33359    34.2460    27.5397    1445.55    1445.55    -0.9317  1028.0579    34.4121 0.0000e+00
      24572 309.127937  -62.14340  -58.41180     -0.743    1447.51    106.000    104.961    -0.9284    -0.9282     0.0003    -0.9313    -0.9311     0.0003   2.773647   2.774062   0.000416    34.2449    34.2503     7.2610    27.5388    27.5431    315.585  358.65835  360.33252    34.2449    27.5388    1445.53    1445.54    -0.9312  1028.0522    34.4110 0.0000e+00
      24603 309.127952  -62.14340  -58.41180     -0.769    1447.51    105.000    103.965    -0.9278    -0.9272     0.0006    -0.9306    -0.9301     0.0006   2.773631   2.774056   0.000421    34.2446    34.2496     7.2643    27.5385    27.5425    315.727  358.65310  360.32711    34.2446    27.5385    1445.52    1445.53    -0.9306  1028.0471    34.4107 0.0000e+00
      24634 309.127967  -62.14340  -58.41180     -0.784    1447.51    104.000    102.973    -0.9260    -0.9263    -0.0003    -0.9288    -0.9292    -0.0003   2.773668   2.774063   0.000397    34.2435    34.2493     7.2762    27.5375    27.5423    316.245  358.63894  360.31249    34.2436    27.5376    1445.51    1445.51    -0.9288  1028.0415    34.4098 0.0000e+00
      24664 309.127982  -62.14340  -58.41180     -0.780    1447.51    103.000    101.986    -0.9239    -0.9241    -0.0001    -0.9267    -0.9269    -0.0001   2.773679   2.774080   0.000404    34.2419    34.2476     7.2834    27.5362    27.5408    316.560  358.62391  360.29692    34.2421    27.5363    1445.50    1445.50    -0.9266  1028.0354    34.4082 0.0000e+00
      24696 309.127997  -62.14340  -58.41180     -0.772    1447.51    102.000    100.996    -0.9225    -0.9248    -0.0024    -0.9253    -0.9276    -0.0024   2.773678   2.774037   0.000365    34.2409    34.2485     7.2818    27.5353    27.5416    316.491  358.61330  360.28594    34.2411    27.5354    1445.49    1445.49    -0.9252  1028.0297    34.4072 0.0000e+00
      24726 309.128012  -62.14340  -58.41180     -0.773    1447.51    101.000    100.006    -0.9215    -0.9214     0.0001    -0.9243    -0.9242     0.0001   2.773653   2.774071   0.000414    34.2401    34.2456     7.2895    27.5346    27.5391    316.823  358.60610  360.27848    34.2403    27.5347    1445.48    1445.48    -0.9242  1028.0242    34.4063 0.0000e+00
      24756 309.128026  -62.14340  -58.41180     -0.796    1447.51    100.000     99.017    -0.9212    -0.9212     0.0000    -0.9239    -0.9239     0.0000   2.773621   2.774021   0.000402    34.2399    34.2454     7.2997    27.5345    27.5389    317.269  358.60363  360.27593    34.2401    27.5346    1445.46    1445.47    -0.9239  1028.0193    34.4061 0.0000e+00
      24785 309.128040  -62.14340  -58.41180     -0.824    1447.51     99.000     98.027    -0.9212    -0.9211     0.0001    -0.9239    -0.9238     0.0001   2.773584   2.773990   0.000406    34.2401    34.2455     7.3040    27.5346    27.5389    317.457  358.60326  360.27556    34.2401    27.5346    1445.44    1445.45    -0.9238  1028.0145    34.4062 0.0000e+00
      24815 309.128054  -62.14340  -58.41180     -0.822    1447.51     98.000     97.037    -0.9211    -0.9217    -0.0007    -0.9238    -0.9244    -0.0007   2.773539   2.773921   0.000382    34.2400    34.2460     7.3016    27.5345    27.5394    317.352  358.60223  360.27450    34.2400    27.5345    1445.43    1445.43    -0.9237  1028.0096    34.4060 0.0000e+00
      24847 309.128070  -62.14340  -58.41180     -0.764    1447.51     97.000     96.047    -0.9209    -0.9208     0.0001    -0.9235    -0.9234     0.0001   2.773489   2.773910   0.000419    34.2397    34.2453     7.3071    27.5343    27.5388    317.588  358.60127  360.27349    34.2398    27.5343    1445.41    1445.42    -0.9235  1028.0046    34.4057 0.0000e+00
      24882 309.128087  -62.14340  -58.41180     -0.697    1447.51     96.000     95.057    -0.9206    -0.9204     0.0002    -0.9233    -0.9230     0.0002   2.773443   2.773867   0.000425    34.2394    34.2450     7.3080    27.5340    27.5385    317.628  358.59957  360.27171    34.2395    27.5341    1445.40    1445.40    -0.9232  1027.9995    34.4055 0.0000e+00
      24916 309.128103  -62.14340  -58.41180     -0.701    1447.51     95.000     94.067    -0.9203    -0.9201     0.0002    -0.9229    -0.9227     0.0002   2.773390   2.773811   0.000421    34.2389    34.2445     7.3031    27.5336    27.5381    317.418  358.59775  360.26979    34.2390    27.5336    1445.38    1445.39    -0.9228  1027.9943    34.4049 0.0000e+00
      24947 309.128118  -62.14340  -58.41180     -0.747    1447.51     94.000     93.077    -0.9203    -0.9199     0.0004    -0.9228    -0.9225     0.0004   2.773353   2.773772   0.000418    34.2390    34.2443     7.3039    27.5337    27.5379    317.450  358.59698  360.26902    34.2391    27.5337    1445.37    1445.37    -0.9228  1027.9896    34.4050 0.0000e+00
      24978 309.128133  -62.14340  -58.41180     -0.778    1447.51     93.000     92.087    -0.9201    -0.9197     0.0005    -0.9227    -0.9222     0.0005   2.773311   2.773731   0.000419    34.2390    34.2441     7.3074    27.5336    27.5378    317.605  358.59623  360.26824    34.2390    27.5336    1445.35    1445.36    -0.9226  1027.9847    34.4049 0.0000e+00
      25008 309.128147  -62.14340  -58.41180     -0.799    1447.51     92.000     91.097    -0.9197    -0.9194     0.0003    -0.9223    -0.9219     0.0003   2.773282   2.773699   0.000417    34.2387    34.2440     7.3104    27.5334    27.5377    317.732  358.59305  360.26495    34.2388    27.5334    1445.34    1445.34    -0.9221  1027.9797    34.4046 0.0000e+00
      25036 309.128161  -62.14340  -58.41180     -0.833    1447.51     91.000     90.107    -0.9198    -0.9195     0.0003    -0.9223    -0.9220     0.0003   2.773228   2.773644   0.000415    34.2387    34.2440     7.3100    27.5334    27.5377    317.717  358.59366  360.26558    34.2387    27.5334    1445.32    1445.33    -0.9222  1027.9749    34.4046 0.0000e+00
      25064 309.128175  -62.14340  -58.41180     -0.855    1447.51     90.000     89.117    -0.9198    -0.9196     0.0002    -0.9223    -0.9221     0.0002   2.773185   2.773604   0.000419    34.2388    34.2442     7.3104    27.5335    27.5378    317.733  358.59379  360.26571    34.2388    27.5335    1445.30    1445.31    -0.9222  1027.9701    34.4047 0.0000e+00
      25094 309.128189  -62.14340  -58.41180     -0.829    1447.51     89.000     88.127    -0.9192    -0.9193    -0.0001    -0.9216    -0.9217    -0.0001   2.773193   2.773591   0.000400    34.2387    34.2443     7.3124    27.5334    27.5379    317.823  358.58777  360.25955    34.2388    27.5334    1445.29    1445.30    -0.9215  1027.9653    34.4046 0.0000e+00
      25126 309.128204  -62.14340  -58.41180     -0.763    1447.51     88.000     87.137    -0.9185    -0.9184     0.0001    -0.9209    -0.9208     0.0001   2.773192   2.773609   0.000414    34.2386    34.2441     7.3081    27.5332    27.5377    317.634  358.58144  360.25306    34.2386    27.5333    1445.28    1445.28    -0.9208  1027.9603    34.4044 0.0000e+00
      25159 309.128220  -62.14340  -58.41182     -0.725    1447.51     87.000     86.147    -0.9181    -0.9177     0.0004    -0.9205    -0.9201     0.0004   2.773171   2.773597   0.000426    34.2385    34.2438     7.3049    27.5331    27.5374    317.497  358.57824  360.24977    34.2385    27.5332    1445.26    1445.27    -0.9204  1027.9554    34.4043 0.0000e+00
      25191 309.128236  -62.14340  -58.41182     -0.736    1447.51     86.000     85.157    -0.9180    -0.9177     0.0003    -0.9203    -0.9201     0.0003   2.773118   2.773536   0.000419    34.2383    34.2437     7.3123    27.5330    27.5374    317.817  358.57778  360.24929    34.2383    27.5330    1445.25    1445.25    -0.9203  1027.9504    34.4041 0.0000e+00
      25223 309.128251  -62.14340  -58.41182     -0.760    1447.51     85.000     84.167    -0.9188    -0.9185     0.0003    -0.9211    -0.9208     0.0003   2.772972   2.773404   0.000426    34.2380    34.2435     7.3100    27.5328    27.5372    317.719  358.58591  360.25756    34.2378    27.5326    1445.22    1445.23    -0.9210  1027.9453    34.4036 0.0000e+00
      25254 309.128266  -62.14340  -58.41182     -0.765    1447.51     84.000     83.177    -0.9212    -0.9207     0.0005    -0.9235    -0.9230     0.0005   2.772639   2.773120   0.000472    34.2371    34.2429     7.3074    27.5321    27.5368    317.602  358.61157  360.28371    34.2367    27.5318    1445.20    1445.21    -0.9234  1027.9396    34.4024 0.0000e+00
      25285 309.128281  -62.14340  -58.41182     -0.778    1447.51     83.000     82.187    -0.9257    -0.9226     0.0031    -0.9280    -0.9249     0.0031   2.772100   2.772805   0.000715    34.2357    34.2419     7.3088    27.5312    27.5361    317.668  358.65877  360.33182    34.2351    27.5307    1445.16    1445.18    -0.9279  1027.9338    34.4009 0.0000e+00
      25314 309.128295  -62.14340  -58.41182     -0.800    1447.51     82.000     81.197    -0.9274    -0.9261     0.0013    -0.9296    -0.9283     0.0013   2.771852   2.772407   0.000547    34.2346    34.2405     7.3083    27.5303    27.5351    317.643  358.67734  360.35068    34.2342    27.5301    1445.13    1445.14    -0.9295  1027.9283    34.3999 0.0000e+00
      25345 309.128310  -62.14340  -58.41182     -0.798    1447.51     81.000     80.207    -0.9283    -0.9279     0.0005    -0.9305    -0.9301     0.0005   2.771625   2.772090   0.000459    34.2333    34.2391     7.3058    27.5294    27.5340    317.538  358.69004  360.36353    34.2328    27.5290    1445.11    1445.12    -0.9304  1027.9224    34.3985 0.0000e+00
      25376 309.128325  -62.14340  -58.41182     -0.778    1447.51     80.000     79.217    -0.9296    -0.9289     0.0006    -0.9317    -0.9311     0.0006   2.771443   2.771893   0.000459    34.2326    34.2381     7.3121    27.5288    27.5333    317.808  358.70391  360.37764    34.2324    27.5286    1445.09    1445.10    -0.9317  1027.9173    34.3980 0.0000e+00
      25406 309.128339  -62.14340  -58.41182     -0.784    1447.51     79.000     78.227    -0.9295    -0.9293     0.0002    -0.9316    -0.9315     0.0002   2.771376   2.771804   0.000429    34.2324    34.2380     7.3136    27.5286    27.5332    317.876  358.70374  360.37743    34.2320    27.5284    1445.07    1445.08    -0.9316  1027.9122    34.3977 0.0000e+00
      25435 309.128354  -62.14340  -58.41182     -0.818    1447.51     78.000     77.237    -0.9304    -0.9300     0.0003    -0.9325    -0.9322     0.0003   2.771218   2.771659   0.000439    34.2318    34.2374     7.3098    27.5282    27.5327    317.710  358.71377  360.38762    34.2315    27.5280    1445.05    1445.06    -0.9324  1027.9070    34.3971 0.0000e+00
      25466 309.128368  -62.14340  -58.41182     -0.800    1447.51     77.000     76.247    -0.9304    -0.9303     0.0001    -0.9325    -0.9324     0.0001   2.771116   2.771545   0.000433    34.2310    34.2367     7.3178    27.5276    27.5322    318.056  358.71652  360.39033    34.2308    27.5274    1445.03    1445.04    -0.9324  1027.9017    34.3964 0.0000e+00
      25499 309.128385  -62.14340  -58.41182     -0.725    1447.51     76.000     75.257    -0.9297    -0.9298    -0.0001    -0.9318    -0.9319    -0.0001   2.771087   2.771507   0.000415    34.2303    34.2362     7.3239    27.5270    27.5317    318.322  358.71133  360.38495    34.2302    27.5268    1445.02    1445.02    -0.9317  1027.8963    34.3957 0.0000e+00
      25533 309.128401  -62.14340  -58.41182     -0.703    1447.51     75.000     74.267    -0.9292    -0.9291     0.0002    -0.9313    -0.9311     0.0002   2.771050   2.771467   0.000420    34.2298    34.2354     7.3225    27.5266    27.5311    318.261  358.70811  360.38159    34.2298    27.5265    1445.00    1445.01    -0.9312  1027.8912    34.3953 0.0000e+00
      25566 309.128417  -62.14340  -58.41182     -0.736    1447.51     74.000     73.277    -0.9288    -0.9287     0.0000    -0.9308    -0.9307     0.0000   2.770998   2.771410   0.000414    34.2292    34.2348     7.3166    27.5260    27.5306    318.005  358.70560  360.37895    34.2292    27.5260    1444.99    1445.00    -0.9307  1027.8858    34.3947 0.0000e+00
      25597 309.128432  -62.14340  -58.41182     -0.761    1447.51     73.000     72.287    -0.9278    -0.9278     0.0000    -0.9298    -0.9298     0.0000   2.771007   2.771433   0.000425    34.2289    34.2346     7.3196    27.5257    27.5304    318.135  358.69787  360.37100    34.2289    27.5257    1444.98    1444.98    -0.9297  1027.8808    34.3944 0.0000e+00
      25627 309.128446  -62.14340  -58.41182     -0.787    1447.51     72.000     71.297    -0.9269    -0.9271    -0.0001    -0.9289    -0.9290    -0.0001   2.770897   2.771328   0.000431    34.2271    34.2331     7.3290    27.5243    27.5291    318.545  358.69431  360.36714    34.2270    27.5241    1444.96    1444.97    -0.9288  1027.8744    34.3925 0.0000e+00
      25656 309.128460  -62.14340  -58.41182     -0.816    1447.51     71.000     70.307    -0.9261    -0.9262    -0.0002    -0.9280    -0.9281    -0.0002   2.770777   2.771221   0.000449    34.2249    34.2312     7.3325    27.5224    27.5275    318.700  358.69216  360.36467    34.2250    27.5225    1444.95    1444.95    -0.9280  1027.8680    34.3905 0.0000e+00
      25685 309.128474  -62.14340  -58.41184     -0.825    1447.51     70.000     69.316    -0.9236    -0.9228     0.0008    -0.9255    -0.9247     0.0008   2.770824   2.771247   0.000419    34.2234    34.2281     7.3409    27.5211    27.5249    319.063  358.67344  360.34534    34.2235    27.5212    1444.94    1444.95    -0.9254  1027.8622    34.3894 0.0000e+00
      25717 309.128490  -62.14340 -9.990e-29     -0.780    1447.51     69.000     68.326    -0.9228    -0.9228    -0.0000    -0.9246    -0.9246    -0.0000   2.770762   2.771205   0.000441    34.2222    34.2282     7.3469    27.5201    27.5250    319.325  358.66833  360.33997    34.2223    27.5202    1444.92    1444.93    -0.9246  1027.8569    34.3888 0.0000e+00
