Pos-Processados/process_op38/Processamento_split/up/uoperantar38_023.cnv
* Sea-Bird SBE 9 Data File:
* FileName = D:\OPERANTAR_XXXVIII\DADOS\OP38_023.hdr
* Software Version Seasave V 7.18c
* Temperature SN = 4808
* Conductivity SN = 3380
* Number of Bytes Per Scan = 34
* Number of Voltage Words = 3
* Number of Scans Averaged by the Deck Unit = 1
* NMEA Latitude = 62 12.78 S
* NMEA Longitude = 058 20.56 W
* NMEA UTC (Time) = Nov 22 2019 18:35:31
** H41
** NAVIO POLAR ALMIRANTE MAXIMIANO
** CRUZEIRO:
** OPERANTAR XXXVIII
** ESTAÇÃO: OP38_023
** LAT 62 12,77'S
** LONG 058 20,58'W
** 09P73767-1155_A
** PROFUNDIDADE: 500
** DATA/HORA: 221836Z/NOV2019
** OPERADOR: SO-HN CHAVES
# nquan = 32
# nvalues = 460                         
# units = specified
# name 0 = scan: Scan Count
# name 1 = timeJ: Julian Days
# name 2 = latitude: Latitude [deg]
# name 3 = longitude: Longitude [deg]
# name 4 = dz/dtM: Descent Rate [m/s]
# name 5 = avgsvCM: Average Sound Velocity [Chen-Millero, m/s]
# name 6 = prDM: Pressure, Digiquartz [db]
# name 7 = depSM: Depth [salt water, m]
# name 8 = t090C: Temperature [ITS-90, deg C]
# name 9 = t190C: Temperature, 2 [ITS-90, deg C]
# name 10 = T2-T190C: Temperature Difference, 2 - 1 [ITS-90, deg C]
# name 11 = potemp090C: Potential Temperature [ITS-90, deg C]
# name 12 = potemp190C: Potential Temperature, 2 [ITS-90, deg C]
# name 13 = potemp90Cdiff: Potential Temperature, Diff, 2 - 1 [ITS-90, deg C]
# name 14 = c0S/m: Conductivity [S/m]
# name 15 = c1S/m: Conductivity, 2 [S/m]
# name 16 = C2-C1S/m: Conductivity Difference, 2 - 1 [S/m]
# name 17 = sal00: Salinity, Practical [PSU]
# name 18 = sal11: Salinity, Practical, 2 [PSU]
# name 19 = sbeox0ML/L: Oxygen, SBE 43 [ml/l]
# name 20 = sbeox1ML/L: Oxygen, SBE 43, 2 [ml/l]
# name 21 = sbeox0ML/Ldiff: Oxygen, SBE 43, Diff, 2 - 1 [ml/l]
# name 22 = sigma-é00: Density [sigma-theta, kg/m^3]
# name 23 = sigma-é11: Density, 2 [sigma-theta, kg/m^3]
# name 24 = sal00: Salinity, Practical [PSU]
# name 25 = sigma-é00: Density [sigma-theta, kg/m^3]
# name 26 = svCM: Sound Velocity [Chen-Millero, m/s]
# name 27 = svCM1: Sound Velocity, 2 [Chen-Millero, m/s]
# name 28 = gsw_ptA0: potential temperature [ITS-90, deg C]
# name 29 = gsw_densityA0: density, TEOS-10 [density, kg/m^3]
# name 30 = gsw_saA0: Absolute Salinity [g/kg]
# name 31 = flag:
# span 0 =      16877,      32504       
# span 1 = 326.782803, 326.790339       
# span 2 =  -62.21307,  -62.21306       
# span 3 =  -58.34263,  -58.34256       
# span 4 =     -1.315,     -0.134       
# span 5 =    1449.93,    1449.93       
# span 6 =      2.000,    461.000       
# span 7 =      1.983,    456.068       
# span 8 =    -0.8780,    -0.1945       
# span 9 =    -0.8781,    -0.1934       
# span 10 =    -0.0261,     0.0174      
# span 11 =    -0.8926,    -0.2081      
# span 12 =    -0.8927,    -0.2070      
# span 13 =    -0.0260,     0.0174      
# span 14 =   2.805102,   2.864891      
# span 15 =   2.805545,   2.865312      
# span 16 =  -0.001641,   0.002026      
# span 17 =    34.1687,    34.5121      
# span 18 =    34.1743,    34.5179      
# span 19 =     5.8474,     7.6499      
# span 20 =     5.6241,     7.3758      
# span 21 =    -0.3719,    -0.1945      
# span 22 =    27.4485,    27.7482      
# span 23 =    27.4522,    27.7524      
# span 24 =    34.1691,    34.5210      
# span 25 =    27.4492,    27.7491      
# span 26 =    1446.45,    1454.14      
# span 27 =    1446.46,    1454.11      
# span 28 =    -0.8923,    -0.2079      
# span 29 =  1027.4632,  1029.9543      
# span 30 =    34.3334,    34.6899      
# span 31 = 0.0000e+00, 0.0000e+00      
# interval = decibars: 1                
# start_time = Nov 22 2019 18:35:31 [NMEA time, header]
# bad_flag = -9.990e-29
*END*
[from data line 227]
      22932 326.785723  -62.21306  -58.34258     -0.988    1449.93    234.000    231.623    -0.4857    -0.4857     0.0000    -0.4933    -0.4933     0.0000   2.821121   2.821550   0.000431    34.3057    34.3115     6.9247     6.6444    -0.2804    27.5696    27.5743    34.3058    27.5698    1449.77    1449.77    -0.4932  1028.6921    34.4732 0.0000e+00
      22957 326.785735  -62.21306  -58.34258     -0.982    1449.93    233.000    230.633    -0.4859    -0.4860    -0.0000    -0.4935    -0.4936    -0.0000   2.821054   2.821479   0.000424    34.3058    34.3115     6.9291     6.6487    -0.2804    27.5697    27.5743    34.3058    27.5697    1449.75    1449.76    -0.4933  1028.6873    34.4732 0.0000e+00
      22980 326.785746  -62.21306  -58.34256     -1.011    1449.93    232.000    229.644    -0.4855    -0.4853     0.0001    -0.4930    -0.4929     0.0001   2.820811   2.821282   0.000461    34.3027    34.3088     6.9370     6.6497    -0.2873    27.5672    27.5721    34.3026    27.5671    1449.73    1449.74    -0.4929  1028.6799    34.4700 0.0000e+00
      23002 326.785757  -62.21306  -58.34256     -1.043    1449.93    231.000    228.655    -0.4854    -0.4854    -0.0000    -0.4928    -0.4929    -0.0000   2.820724   2.821125   0.000426    34.3018    34.3075     6.9390     6.6497    -0.2894    27.5665    27.5711    34.3020    27.5666    1449.71    1449.72    -0.4927  1028.6746    34.4693 0.0000e+00
      23024 326.785767  -62.21306  -58.34256     -1.078    1449.93    230.000    227.665    -0.4858    -0.4856     0.0002    -0.4933    -0.4931     0.0002   2.820393   2.820900   0.000474    34.2991    34.3053     6.9413     6.6532    -0.2881    27.5643    27.5693    34.2987    27.5640    1449.69    1449.70    -0.4931  1028.6672    34.4660 0.0000e+00
      23046 326.785778  -62.21306  -58.34256     -1.110    1449.93    229.000    226.676    -0.4867    -0.4865     0.0002    -0.4942    -0.4939     0.0002   2.820097   2.820622   0.000536    34.2966    34.3035     6.9487     6.6566    -0.2921    27.5623    27.5679    34.2963    27.5621    1449.67    1449.68    -0.4940  1028.6606    34.4636 0.0000e+00
      23067 326.785788  -62.21306  -58.34258     -1.123    1449.93    228.000    225.687    -0.4884    -0.4884     0.0001    -0.4958    -0.4958     0.0001   2.819690   2.820183   0.000480    34.2937    34.3001     6.9581     6.6646    -0.2935    27.5600    27.5652    34.2934    27.5598    1449.64    1449.65    -0.4956  1028.6536    34.4606 0.0000e+00
      23089 326.785798  -62.21306  -58.34258     -1.117    1449.93    227.000    224.697    -0.4892    -0.4894    -0.0002    -0.4965    -0.4968    -0.0002   2.819543   2.819883   0.000370    34.2929    34.2982     6.9691     6.6793    -0.2898    27.5595    27.5637    34.2929    27.5594    1449.62    1449.62    -0.4964  1028.6484    34.4602 0.0000e+00
      23110 326.785809  -62.21306  -58.34258     -1.106    1449.93    226.000    223.708    -0.4897    -0.4904    -0.0006    -0.4970    -0.4977    -0.0006   2.819383   2.819714   0.000319    34.2922    34.2972     6.9908     6.6878    -0.3029    27.5589    27.5630    34.2920    27.5587    1449.60    1449.60    -0.4969  1028.6429    34.4592 0.0000e+00
      23132 326.785820  -62.21306  -58.34258     -1.099    1449.93    225.000    222.719    -0.4902    -0.4903    -0.0002    -0.4974    -0.4976    -0.0002   2.819281   2.819682   0.000398    34.2918    34.2973     7.0085     6.6972    -0.3113    27.5586    27.5631    34.2917    27.5585    1449.58    1449.59    -0.4973  1028.6380    34.4589 0.0000e+00
      23155 326.785830  -62.21306  -58.34257     -1.084    1449.93    224.000    221.729    -0.4905    -0.4904     0.0000    -0.4977    -0.4977     0.0000   2.819179   2.819616   0.000433    34.2914    34.2971     7.0191     6.7134    -0.3056    27.5582    27.5629    34.2913    27.5582    1449.56    1449.57    -0.4976  1028.6329    34.4585 0.0000e+00
      23179 326.785842  -62.21306  -58.34256     -1.042    1449.93    223.000    220.744    -0.4906    -0.4905     0.0001    -0.4978    -0.4977     0.0001   2.819128   2.819567   0.000439    34.2914    34.2972     7.0271     6.7265    -0.3006    27.5583    27.5630    34.2913    27.5582    1449.54    1449.55    -0.4977  1028.6282    34.4586 0.0000e+00
      23203 326.785854  -62.21306  -58.34257     -0.987    1449.93    222.000    219.747    -0.4906    -0.4908    -0.0002    -0.4978    -0.4980    -0.0002   2.819079   2.819460   0.000382    34.2915    34.2968     7.0293     6.7426    -0.2867    27.5583    27.5627    34.2913    27.5582    1449.53    1449.53    -0.4976  1028.6235    34.4586 0.0000e+00
      23228 326.785865  -62.21306  -58.34258     -0.977    1449.93    221.000    218.762    -0.4913    -0.4912     0.0000    -0.4984    -0.4984     0.0000   2.818924   2.819349   0.000423    34.2908    34.2964     7.0302     6.7457    -0.2845    27.5578    27.5624    34.2906    27.5576    1449.51    1449.52    -0.4983  1028.6181    34.4578 0.0000e+00
      23250 326.785876  -62.21306  -58.34258     -1.022    1449.93    220.000    217.772    -0.4919    -0.4918     0.0001    -0.4990    -0.4989     0.0001   2.818790   2.819232   0.000439    34.2902    34.2960     7.0302     6.7431    -0.2871    27.5574    27.5620    34.2901    27.5573    1449.49    1449.50    -0.4989  1028.6130    34.4573 0.0000e+00
      23272 326.785887  -62.21306  -58.34257     -1.077    1449.93    219.000    216.783    -0.4919    -0.4919     0.0000    -0.4990    -0.4990     0.0000   2.818751   2.819145   0.000416    34.2904    34.2960     7.0299     6.7407    -0.2892    27.5575    27.5620    34.2902    27.5574    1449.47    1449.48    -0.4988  1028.6083    34.4574 0.0000e+00
      23294 326.785897  -62.21306  -58.34256     -1.105    1449.93    218.000    215.794    -0.4926    -0.4939    -0.0013    -0.4997    -0.5009    -0.0013   2.818586   2.818830   0.000238    34.2897    34.2944     7.0279     6.7426    -0.2854    27.5570    27.5608    34.2894    27.5567    1449.45    1449.45    -0.4995  1028.6029    34.4566 0.0000e+00
      23316 326.785908  -62.21306  -58.34256     -1.083    1449.93    217.000    214.804    -0.4937    -0.4944    -0.0007    -0.5007    -0.5014    -0.0007   2.818381   2.818698   0.000324    34.2887    34.2939     7.0261     6.7422    -0.2839    27.5562    27.5605    34.2884    27.5560    1449.43    1449.43    -0.5005  1028.5974    34.4556 0.0000e+00
      23340 326.785919  -62.21306  -58.34256     -1.049    1449.93    216.000    213.815    -0.4950    -0.4955    -0.0005    -0.5020    -0.5024    -0.0005   2.818145   2.818507   0.000353    34.2877    34.2929     7.0269     6.7392    -0.2877    27.5554    27.5597    34.2873    27.5552    1449.40    1449.41    -0.5018  1028.5919    34.4545 0.0000e+00
      23362 326.785930  -62.21306  -58.34256     -1.052    1449.93    215.000    212.825    -0.4958    -0.4958    -0.0001    -0.5027    -0.5028    -0.0001   2.817986   2.818381   0.000400    34.2870    34.2925     7.0279     6.7385    -0.2894    27.5549    27.5594    34.2867    27.5547    1449.38    1449.39    -0.5026  1028.5866    34.4539 0.0000e+00
      23383 326.785940  -62.21306  -58.34256     -1.104    1449.93    214.000    211.836    -0.4968    -0.4972    -0.0004    -0.5037    -0.5041    -0.0004   2.817757   2.818135   0.000374    34.2860    34.2914     7.0324     6.7392    -0.2932    27.5542    27.5586    34.2854    27.5537    1449.36    1449.37    -0.5036  1028.5809    34.4526 0.0000e+00
      23403 326.785950  -62.21306  -58.34256     -1.159    1449.93    213.000    210.847    -0.4990    -0.4986     0.0004    -0.5058    -0.5054     0.0004   2.817389   2.817902   0.000496    34.2840    34.2903     7.0411     6.7465    -0.2946    27.5527    27.5577    34.2835    27.5523    1449.33    1449.34    -0.5057  1028.5747    34.4507 0.0000e+00
      23424 326.785960  -62.21306  -58.34256     -1.158    1449.93    212.000    209.857    -0.5002    -0.5002    -0.0001    -0.5070    -0.5070    -0.0001   2.817154   2.817532   0.000400    34.2827    34.2882     7.0403     6.7601    -0.2802    27.5517    27.5561    34.2823    27.5513    1449.31    1449.31    -0.5069  1028.5690    34.4495 0.0000e+00
      23447 326.785971  -62.21306  -58.34256     -1.098    1449.93    211.000    208.876    -0.5013    -0.5009     0.0005    -0.5081    -0.5077     0.0005   2.816924   2.817448   0.000502    34.2816    34.2878     7.0442     6.7626    -0.2817    27.5508    27.5559    34.2812    27.5505    1449.29    1449.30    -0.5079  1028.5634    34.4483 0.0000e+00
      23471 326.785983  -62.21306  -58.34256     -1.032    1449.93    210.000    207.870    -0.5007    -0.5012    -0.0004    -0.5074    -0.5079    -0.0004   2.816997   2.817307   0.000318    34.2824    34.2872     7.0563     6.7650    -0.2913    27.5514    27.5553    34.2820    27.5511    1449.27    1449.28    -0.5073  1028.5593    34.4492 0.0000e+00
      23494 326.785994  -62.21306  -58.34256     -1.022    1449.93    209.000    206.889    -0.5016    -0.5017    -0.0000    -0.5083    -0.5084    -0.0000   2.816783   2.817216   0.000424    34.2813    34.2870     7.0626     6.7687    -0.2939    27.5505    27.5552    34.2808    27.5502    1449.25    1449.26    -0.5082  1028.5536    34.4480 0.0000e+00
      23516 326.786005  -62.21306  -58.34256     -1.052    1449.93    208.000    205.900    -0.5035    -0.5028     0.0007    -0.5102    -0.5094     0.0007   2.816371   2.816982   0.000587    34.2787    34.2858     7.0670     6.7738    -0.2933    27.5486    27.5543    34.2780    27.5480    1449.22    1449.24    -0.5100  1028.5467    34.4451 0.0000e+00
      23538 326.786015  -62.21306  -58.34256     -1.083    1449.93    207.000    204.910    -0.5052    -0.5045     0.0007    -0.5118    -0.5111     0.0007   2.816061   2.816584   0.000546    34.2768    34.2834     7.0683     6.7738    -0.2945    27.5471    27.5524    34.2764    27.5467    1449.20    1449.21    -0.5117  1028.5406    34.4434 0.0000e+00
      23561 326.786026  -62.21306  -58.34256     -1.075    1449.93    206.000    203.921    -0.5060    -0.5059     0.0000    -0.5126    -0.5125     0.0000   2.815904   2.816312   0.000412    34.2762    34.2817     7.0713     6.7759    -0.2954    27.5466    27.5511    34.2758    27.5463    1449.18    1449.18    -0.5125  1028.5354    34.4429 0.0000e+00
      23584 326.786038  -62.21306  -58.34256     -1.041    1449.93    205.000    202.931    -0.5063    -0.5063    -0.0001    -0.5128    -0.5128    -0.0001   2.815818   2.816231   0.000408    34.2759    34.2814     7.0782     6.7741    -0.3041    27.5464    27.5509    34.2756    27.5461    1449.16    1449.16    -0.5127  1028.5305    34.4426 0.0000e+00
      23607 326.786048  -62.21306  -58.34256     -1.038    1449.93    204.000    201.942    -0.5066    -0.5063     0.0003    -0.5131    -0.5128     0.0003   2.815755   2.816234   0.000472    34.2759    34.2819     7.0841     6.7797    -0.3044    27.5464    27.5513    34.2757    27.5463    1449.14    1449.15    -0.5130  1028.5259    34.4428 0.0000e+00
      23628 326.786059  -62.21306  -58.34256     -1.085    1449.93    203.000    200.953    -0.5068    -0.5072    -0.0004    -0.5133    -0.5137    -0.0004   2.815656   2.816003   0.000356    34.2758    34.2811     7.0919     6.7923    -0.2996    27.5464    27.5506    34.2752    27.5459    1449.12    1449.13    -0.5132  1028.5207    34.4423 0.0000e+00
      23648 326.786068  -62.21306  -58.34256     -1.157    1449.93    202.000    199.963    -0.5086    -0.5091    -0.0004    -0.5151    -0.5155    -0.0004   2.815337   2.815684   0.000359    34.2741    34.2793     7.0952     6.7975    -0.2977    27.5450    27.5493    34.2736    27.5447    1449.09    1449.10    -0.5149  1028.5148    34.4407 0.0000e+00
      23668 326.786078  -62.21306  -58.34256     -1.199    1449.93    201.000    198.974    -0.5097    -0.5103    -0.0006    -0.5161    -0.5167    -0.0006   2.815141   2.815493   0.000348    34.2732    34.2785     7.0923     6.7946    -0.2977    27.5444    27.5487    34.2728    27.5440    1449.07    1449.08    -0.5160  1028.5094    34.4398 0.0000e+00
      23689 326.786088  -62.21306  -58.34256     -1.185    1449.93    200.000    197.984    -0.5103    -0.5104    -0.0002    -0.5167    -0.5168    -0.0002   2.815010   2.815411   0.000400    34.2727    34.2782     7.0880     6.7963    -0.2916    27.5440    27.5485    34.2723    27.5437    1449.05    1449.06    -0.5165  1028.5051    34.4404 0.0000e+00
      23711 326.786099  -62.21306 -9.990e-29     -1.124    1449.93    199.000    196.995    -0.5109    -0.5112    -0.0003    -0.5172    -0.5175    -0.0003   2.814881   2.815259   0.000382    34.2721    34.2776     7.0899     6.8072    -0.2826    27.5435    27.5480    34.2718    27.5433    1449.03    1449.04    -0.5171  1028.5009    34.4411 0.0000e+00
      23734 326.786110  -62.21306 -9.990e-29     -1.074    1449.93    198.000    196.005    -0.5111    -0.5112    -0.0001    -0.5174    -0.5175    -0.0001   2.814810   2.815225   0.000409    34.2720    34.2777     7.0971     6.8107    -0.2865    27.5435    27.5481    34.2717    27.5432    1449.02    1449.02    -0.5173  1028.4961    34.4410 0.0000e+00
      23756 326.786120  -62.21306 -9.990e-29     -1.073    1449.93    197.000    195.016    -0.5111    -0.5112    -0.0001    -0.5174    -0.5175    -0.0001   2.814792   2.815204   0.000417    34.2723    34.2780     7.0978     6.8116    -0.2862    27.5437    27.5483    34.2721    27.5436    1449.00    1449.01    -0.5173  1028.4916    34.4414 0.0000e+00
      23777 326.786131  -62.21306 -9.990e-29     -1.102    1449.93    196.000    194.026    -0.5115    -0.5120    -0.0005    -0.5177    -0.5183    -0.0005   2.814662   2.815023   0.000355    34.2720    34.2774     7.1034     6.8120    -0.2914    27.5435    27.5478    34.2714    27.5430    1448.98    1448.99    -0.5176  1028.4863    34.4406 0.0000e+00
      23799 326.786141  -62.21306 -9.990e-29     -1.113    1449.93    195.000    193.037    -0.5145    -0.5148    -0.0003    -0.5207    -0.5210    -0.0003   2.814167   2.814547   0.000391    34.2693    34.2749     7.1075     6.8180    -0.2895    27.5414    27.5460    34.2688    27.5410    1448.95    1448.95    -0.5206  1028.4795    34.4380 0.0000e+00
      23822 326.786152  -62.21306 -9.990e-29     -1.073    1449.93    194.000    192.048    -0.5155    -0.5155    -0.0000    -0.5216    -0.5216    -0.0000   2.813995   2.814420   0.000416    34.2686    34.2741     7.1125     6.8194    -0.2932    27.5409    27.5454    34.2682    27.5405    1448.93    1448.93    -0.5215  1028.4743    34.4373 0.0000e+00
      23847 326.786164  -62.21306 -9.990e-29     -1.010    1449.93    193.000    191.058    -0.5159    -0.5165    -0.0006    -0.5220    -0.5226    -0.0006   2.813865   2.814182   0.000333    34.2680    34.2732     7.1122     6.8203    -0.2919    27.5405    27.5446    34.2675    27.5400    1448.91    1448.91    -0.5219  1028.4690    34.4367 0.0000e+00
      23871 326.786176  -62.21306 -9.990e-29     -0.985    1449.93    192.000    190.068    -0.5172    -0.5181    -0.0009    -0.5233    -0.5242    -0.0009   2.813623   2.813924   0.000302    34.2669    34.2719     7.1145     6.8203    -0.2942    27.5396    27.5437    34.2664    27.5392    1448.88    1448.88    -0.5232  1028.4634    34.4356 0.0000e+00
      23892 326.786186  -62.21306  -58.34256     -1.041    1449.93    191.000    189.079    -0.5198    -0.5198     0.0000    -0.5259    -0.5259     0.0000   2.813149   2.813613   0.000455    34.2643    34.2704     7.1209     6.8287    -0.2922    27.5376    27.5425    34.2636    27.5370    1448.85    1448.86    -0.5258  1028.4554    34.4313 0.0000e+00
