Pos-Processados/process_op38/Processamento_split/up/uoperantar38_011.cnv
* Sea-Bird SBE 9 Data File:
* FileName = D:\OPERANTAR_XXXVIII\DADOS\OP38_011.hdr
* Software Version Seasave V 7.18c
* Temperature SN = 4808
* Conductivity SN = 3380
* Number of Bytes Per Scan = 31
* Number of Voltage Words = 2
* Number of Scans Averaged by the Deck Unit = 1
* NMEA Latitude = 43 42.36 S
* NMEA Longitude = 053 22.51 W
* NMEA UTC (Time) = Oct 20 2019 16:07:37
** H41
** NAVIO POLAR ALMIRANTE MAXIMIANO
** CRUZEIRO:
** OPERANTAR XXXVIII
** ESTAÇÃO: OP38_011
** LAT 43 42,31' S
** LONG 053 22,49' W
** 09P73767-1155
** PROFUNDIDADE: 5269
** DATA/HORA: 201609Z/OUT/2019
** OPERADOR: SO-HN CHAVES
# nquan = 30
# nvalues = 1039                        
# units = specified
# name 0 = scan: Scan Count
# name 1 = timeJ: Julian Days
# name 2 = latitude: Latitude [deg]
# name 3 = longitude: Longitude [deg]
# name 4 = dz/dtM: Descent Rate [m/s]
# name 5 = avgsvCM: Average Sound Velocity [Chen-Millero, m/s]
# name 6 = prDM: Pressure, Digiquartz [db]
# name 7 = depSM: Depth [salt water, m]
# name 8 = t090C: Temperature [ITS-90, deg C]
# name 9 = t190C: Temperature, 2 [ITS-90, deg C]
# name 10 = T2-T190C: Temperature Difference, 2 - 1 [ITS-90, deg C]
# name 11 = potemp090C: Potential Temperature [ITS-90, deg C]
# name 12 = potemp190C: Potential Temperature, 2 [ITS-90, deg C]
# name 13 = potemp90Cdiff: Potential Temperature, Diff, 2 - 1 [ITS-90, deg C]
# name 14 = c0S/m: Conductivity [S/m]
# name 15 = c1S/m: Conductivity, 2 [S/m]
# name 16 = C2-C1S/m: Conductivity Difference, 2 - 1 [S/m]
# name 17 = sal00: Salinity, Practical [PSU]
# name 18 = sal11: Salinity, Practical, 2 [PSU]
# name 19 = sbeox0ML/L: Oxygen, SBE 43 [ml/l]
# name 20 = sigma-é00: Density [sigma-theta, kg/m^3]
# name 21 = sigma-é11: Density, 2 [sigma-theta, kg/m^3]
# name 22 = sal00: Salinity, Practical [PSU]
# name 23 = sigma-é00: Density [sigma-theta, kg/m^3]
# name 24 = svCM: Sound Velocity [Chen-Millero, m/s]
# name 25 = svCM1: Sound Velocity, 2 [Chen-Millero, m/s]
# name 26 = gsw_ptA0: potential temperature [ITS-90, deg C]
# name 27 = gsw_densityA0: density, TEOS-10 [density, kg/m^3]
# name 28 = gsw_saA0: Absolute Salinity [g/kg]
# name 29 = flag:
# span 0 =      30643,      59106       
# span 1 = 293.686733, 293.700460       
# span 2 =  -43.72024,  -43.71568       
# span 3 =  -53.37956,  -53.37572       
# span 4 =     -1.410,     -0.328       
# span 5 =    1489.37,    1489.37       
# span 6 =      2.000,   1040.000       
# span 7 =      1.993,   1029.099       
# span 8 =     3.3911,    13.9272       
# span 9 =     3.3924,    13.9273       
# span 10 =    -0.0359,     0.0270      
# span 11 =     3.3181,    13.9253      
# span 12 =     3.3194,    13.9257      
# span 13 =    -0.0359,     0.0269      
# span 14 =   3.183027,   4.252826      
# span 15 =   3.183542,   4.253483      
# span 16 =  -0.002807,   0.003461      
# span 17 =    34.1777,    35.6144      
# span 18 =    34.1829,    35.6211      
# span 19 =     5.0759,     5.8728      
# span 20 =    26.6765,    27.2482      
# span 21 =    26.6815,    27.2519      
# span 22 =    34.1790,    35.6184      
# span 23 =    26.6769,    27.2481      
# span 24 =    1479.02,    1505.74      
# span 25 =    1479.02,    1505.74      
# span 26 =     3.3180,    13.9253      
# span 27 =  1026.6923,  1032.0538      
# span 28 =    34.3433,    35.7866      
# span 29 = 0.0000e+00, 0.0000e+00      
# interval = decibars: 1                
# start_time = Oct 20 2019 16:07:37 [NMEA time, header]
# bad_flag = -9.990e-29
*END*
[from data line 871]
      54539 293.698257  -43.71874  -53.37826     -0.830    1489.37    169.000    167.579    13.4899    13.4904     0.0005    13.4660    13.4665     0.0005   4.211686   4.212440   0.000747    35.5673    35.5739     5.5040    26.7373    26.7424    35.5673    26.7373    1505.28    1505.29    13.4660  1027.4888    35.7356 0.0000e+00
      54561 293.698268  -43.71874  -53.37826     -0.992    1489.37    168.000    166.588    13.4893    13.4896     0.0004    13.4655    13.4659     0.0004   4.211572   4.212283   0.000708    35.5673    35.5736     5.5021    26.7375    26.7423    35.5672    26.7374    1505.26    1505.27    13.4655  1027.4844    35.7356 0.0000e+00
      54583 293.698278  -43.71876  -53.37828     -1.074    1489.37    167.000    165.597    13.4872    13.4880     0.0008    13.4636    13.4643     0.0008   4.211220   4.211993   0.000777    35.5666    35.5732     5.4956    26.7373    26.7423    35.5662    26.7370    1505.23    1505.24    13.4636  1027.4796    35.7346 0.0000e+00
      54607 293.698290  -43.71876  -53.37828     -1.056    1489.37    166.000    164.605    13.4851    13.4856     0.0005    13.4616    13.4621     0.0005   4.210932   4.211666   0.000734    35.5661    35.5726     5.4857    26.7374    26.7423    35.5659    26.7372    1505.21    1505.22    13.4616  1027.4754    35.7343 0.0000e+00
      54637 293.698305  -43.71877  -53.37830     -0.873    1489.37    165.000    163.615    13.4840    13.4840     0.0001    13.4606    13.4607     0.0001   4.210757   4.211441   0.000681    35.5659    35.5723     5.5048    26.7374    26.7424    35.5657    26.7372    1505.19    1505.20    13.4606  1027.4710    35.7341 0.0000e+00
      54677 293.698324  -43.71878  -53.37830     -0.606    1489.37    164.000    162.623    13.4822    13.4825     0.0003    13.4590    13.4593     0.0003   4.210470   4.211169   0.000703    35.5653    35.5717     5.4986    26.7372    26.7421    35.5651    26.7371    1505.17    1505.17    13.4590  1027.4665    35.7334 0.0000e+00
      54710 293.698340  -43.71880  -53.37832     -0.675    1489.37    163.000    161.632    13.4801    13.4799    -0.0001    13.4570    13.4568    -0.0001   4.210073   4.210744   0.000667    35.5643    35.5708     5.4909    26.7369    26.7419    35.5638    26.7365    1505.14    1505.15    13.4570  1027.4614    35.7321 0.0000e+00
      54736 293.698352  -43.71880  -53.37832     -0.869    1489.37    162.000    160.641    13.4770    13.4773     0.0003    13.4541    13.4544     0.0003   4.209665   4.210375   0.000718    35.5634    35.5699     5.4986    26.7368    26.7418    35.5632    26.7367    1505.11    1505.12    13.4541  1027.4572    35.7315 0.0000e+00
      54760 293.698364  -43.71881  -53.37832     -0.989    1489.37    161.000    159.659    13.4784    13.4780    -0.0004    13.4556    13.4552    -0.0004   4.209813   4.210419   0.000613    35.5637    35.5699     5.5016    26.7367    26.7416    35.5637    26.7367    1505.10    1505.11    13.4556  1027.4528    35.7320 0.0000e+00
      54785 293.698376  -43.71882 -9.990e-29     -0.977    1489.37    160.000    158.652    13.4806    13.4802    -0.0004    13.4579    13.4576    -0.0004   4.209999   4.210638   0.000635    35.5638    35.5702     5.4936    26.7363    26.7413    35.5639    26.7363    1505.09    1505.10    13.4579  1027.4480    35.7320 0.0000e+00
      54813 293.698389  -43.71883 -9.990e-29     -0.888    1489.37    159.000    157.669    13.4838    13.4835    -0.0002    13.4613    13.4611    -0.0002   4.210349   4.210973   0.000627    35.5644    35.5705     5.5003    26.7361    26.7409    35.5646    26.7362    1505.09    1505.09    13.4613  1027.4434    35.7328 0.0000e+00
      54842 293.698403  -43.71884 -9.990e-29     -0.829    1489.37    158.000    156.673    13.4851    13.4853     0.0002    13.4627    13.4629     0.0002   4.210416   4.211129   0.000689    35.5645    35.5708     5.5084    26.7359    26.7407    35.5645    26.7358    1505.07    1505.08    13.4627  1027.4386    35.7326 0.0000e+00
      54869 293.698416  -43.71884  -53.37834     -0.863    1489.37    157.000    155.685    13.4876    13.4885     0.0009    13.4654    13.4663     0.0009   4.210807   4.211585   0.000790    35.5655    35.5722     5.5029    26.7361    26.7410    35.5663    26.7367    1505.07    1505.08    13.4654  1027.4351    35.7345 0.0000e+00
      54895 293.698429  -43.71886  -53.37836     -0.912    1489.37    156.000    154.693    13.4991    13.4975    -0.0015    13.4770    13.4754    -0.0015   4.212142   4.212612   0.000479    35.5677    35.5737     5.5017    26.7354    26.7403    35.5686    26.7361    1505.09    1505.10    13.4770  1027.4301    35.7369 0.0000e+00
      54922 293.698442  -43.71886  -53.37836     -0.896    1489.37    155.000    153.702    13.5015    13.5019     0.0004    13.4796    13.4800     0.0004   4.212144   4.212898   0.000748    35.5664    35.5731     5.5081    26.7339    26.7390    35.5667    26.7341    1505.08    1505.09    13.4796  1027.4237    35.7350 0.0000e+00
      54951 293.698456  -43.71888  -53.37837     -0.855    1489.37    154.000    152.711    13.5013    13.5016     0.0003    13.4795    13.4798     0.0003   4.211985   4.212695   0.000713    35.5656    35.5720     5.5006    26.7332    26.7381    35.5658    26.7334    1505.06    1505.07    13.4795  1027.4186    35.7341 0.0000e+00
      54981 293.698470  -43.71888  -53.37838     -0.814    1489.37    153.000    151.720    13.4982    13.4966    -0.0015    13.4765    13.4750    -0.0015   4.211345   4.211804   0.000457    35.5637    35.5695     5.4906    26.7324    26.7372    35.5632    26.7320    1505.03    1505.04    13.4765  1027.4127    35.7314 0.0000e+00
      55012 293.698485  -43.71890  -53.37838     -0.783    1489.37    152.000    150.736    13.4879    13.4883     0.0004    13.4664    13.4668     0.0004   4.209848   4.210546   0.000711    35.5597    35.5661     5.4932    26.7314    26.7362    35.5590    26.7308    1504.98    1504.99    13.4664  1027.4072    35.7272 0.0000e+00
      55042 293.698500  -43.71890  -53.37840     -0.791    1489.37    151.000    149.729    13.4799    13.4808     0.0009    13.4586    13.4595     0.0009   4.208684   4.209472   0.000787    35.5566    35.5632     5.4846    26.7306    26.7355    35.5559    26.7300    1504.93    1504.94    13.4586  1027.4020    35.7241 0.0000e+00
      55069 293.698513  -43.71892  -53.37840     -0.839    1489.37    150.000    148.746    13.4763    13.4760    -0.0002    13.4551    13.4548    -0.0002   4.208098   4.208744   0.000634    35.5550    35.5612     5.4994    26.7301    26.7350    35.5541    26.7294    1504.90    1504.91    13.4551  1027.3970    35.7224 0.0000e+00
      55095 293.698525  -43.71892  -53.37840     -0.915    1489.37    149.000    147.755    13.4731    13.4732     0.0001    13.4520    13.4521     0.0001   4.207647   4.208314   0.000670    35.5537    35.5600     5.5105    26.7297    26.7346    35.5533    26.7294    1504.87    1504.88    13.4520  1027.3925    35.7215 0.0000e+00
      55119 293.698537  -43.71893  -53.37841     -0.969    1489.37    148.000    146.763    13.4726    13.4727     0.0001    13.4517    13.4518     0.0001   4.207554   4.208228   0.000671    35.5536    35.5599     5.5073    26.7297    26.7346    35.5533    26.7294    1504.86    1504.86    13.4517  1027.3882    35.7215 0.0000e+00
      55143 293.698549  -43.71894  -53.37842     -0.985    1489.37    147.000    145.781    13.4763    13.4736    -0.0027    13.4555    13.4528    -0.0027   4.208045   4.208325   0.000345    35.5544    35.5601     5.5071    26.7295    26.7345    35.5549    26.7299    1504.85    1504.85    13.4555  1027.3842    35.7231 0.0000e+00
      55168 293.698560  -43.71895  -53.37842     -0.989    1489.37    146.000    144.772    13.4841    13.4810    -0.0031    13.4635    13.4603    -0.0031   4.208807   4.209170   0.000332    35.5550    35.5611     5.5158    26.7284    26.7337    35.5553    26.7285    1504.86    1504.86    13.4635  1027.3784    35.7235 0.0000e+00
      55193 293.698573  -43.71896  -53.37843     -0.966    1489.37    145.000    143.790    13.4863    13.4853    -0.0010    13.4658    13.4648    -0.0010   4.208984   4.209568   0.000576    35.5552    35.5616     5.5209    26.7280    26.7332    35.5554    26.7281    1504.85    1504.86    13.4658  1027.3736    35.7236 0.0000e+00
      55222 293.698587  -43.71896  -53.37844     -0.876    1489.37    144.000    142.798    13.4912    13.4901    -0.0011    13.4709    13.4698    -0.0011   4.209641   4.210168   0.000520    35.5565    35.5624     5.5198    26.7280    26.7328    35.5574    26.7287    1504.86    1504.86    13.4709  1027.3697    35.7256 0.0000e+00
      55256 293.698603  -43.71898  -53.37844     -0.738    1489.37    143.000    141.807    13.5028    13.5024    -0.0004    13.4825    13.4822    -0.0004   4.210894   4.211511   0.000619    35.5580    35.5642     5.5222    26.7268    26.7316    35.5589    26.7274    1504.88    1504.88    13.4825  1027.3640    35.7271 0.0000e+00
      55290 293.698619  -43.71899  -53.37846     -0.698    1489.37    142.000    140.816    13.5070    13.5066    -0.0004    13.4869    13.4865    -0.0004   4.211256   4.211889   0.000630    35.5583    35.5647     5.5294    26.7261    26.7311    35.5588    26.7264    1504.88    1504.88    13.4869  1027.3585    35.7270 0.0000e+00
      55319 293.698633  -43.71900  -53.37846     -0.774    1489.37    141.000    139.824    13.5078    13.5078    -0.0000    13.4879    13.4879    -0.0000   4.211338   4.212002   0.000675    35.5586    35.5649     5.5249    26.7261    26.7310    35.5592    26.7265    1504.86    1504.87    13.4879  1027.3543    35.7274 0.0000e+00
      55342 293.698644  -43.71900  -53.37846     -0.932    1489.37    140.000    138.833    13.5096    13.5093    -0.0003    13.4898    13.4895    -0.0003   4.211463   4.212116   0.000646    35.5588    35.5651     5.5154    26.7259    26.7308    35.5592    26.7261    1504.85    1504.86    13.4898  1027.3494    35.7274 0.0000e+00
      55362 293.698654  -43.71901  -53.37846     -1.098    1489.37    139.000    137.842    13.5094    13.5094    -0.0001    13.4897    13.4897    -0.0001   4.211404   4.212065   0.000661    35.5589    35.5652     5.5170    26.7259    26.7308    35.5592    26.7262    1504.83    1504.84    13.4897  1027.3451    35.7274 0.0000e+00
      55382 293.698664  -43.71902  -53.37847     -1.192    1489.37    138.000    136.850    13.5107    13.5095    -0.0012    13.4911    13.4899    -0.0012   4.211550   4.212054   0.000512    35.5593    35.5653     5.5211    26.7260    26.7309    35.5598    26.7264    1504.82    1504.82    13.4911  1027.3408    35.7280 0.0000e+00
      55406 293.698675  -43.71902  -53.37848     -1.109    1489.37    137.000    135.864    13.5119    13.5115    -0.0003    13.4925    13.4921    -0.0004   4.211610   4.212233   0.000620    35.5594    35.5656     5.5176    26.7258    26.7306    35.5597    26.7260    1504.81    1504.82    13.4925  1027.3360    35.7279 0.0000e+00
      55437 293.698690  -43.71903  -53.37849     -0.837    1489.37    136.000    134.864    13.5120    13.5119    -0.0001    13.4928    13.4927    -0.0001   4.211591   4.212241   0.000650    35.5595    35.5657     5.5119    26.7258    26.7306    35.5598    26.7260    1504.79    1504.80    13.4928  1027.3316    35.7280 0.0000e+00
      55468 293.698705  -43.71904  -53.37850     -0.753    1489.37    135.000    133.876    13.5134    13.5129    -0.0005    13.4943    13.4937    -0.0005   4.211708   4.212303   0.000601    35.5597    35.5659     5.5201    26.7256    26.7305    35.5601    26.7259    1504.78    1504.79    13.4943  1027.3271    35.7283 0.0000e+00
      55494 293.698718  -43.71906  -53.37850     -0.875    1489.37    134.000    132.885    13.5155    13.5145    -0.0010    13.4966    13.4955    -0.0010   4.211909   4.212473   0.000561    35.5600    35.5663     5.5292    26.7254    26.7305    35.5604    26.7257    1504.77    1504.78    13.4966  1027.3224    35.7286 0.0000e+00
      55519 293.698730  -43.71906  -53.37850     -0.955    1489.37    133.000    131.894    13.5177    13.5171    -0.0006    13.4989    13.4983    -0.0006   4.212122   4.212738   0.000611    35.5604    35.5667     5.5356    26.7252    26.7302    35.5608    26.7255    1504.76    1504.77    13.4989  1027.3179    35.7290 0.0000e+00
      55545 293.698742  -43.71908  -53.37852     -0.933    1489.37    132.000    130.902    13.5192    13.5189    -0.0004    13.5005    13.5002    -0.0004   4.212242   4.212853   0.000617    35.5606    35.5668     5.5342    26.7250    26.7299    35.5610    26.7253    1504.75    1504.76    13.5005  1027.3132    35.7292 0.0000e+00
      55570 293.698754  -43.71908  -53.37852     -0.936    1489.37    131.000    129.911    13.5199    13.5197    -0.0003    13.5014    13.5011    -0.0003   4.212252   4.212900   0.000640    35.5606    35.5669     5.5392    26.7248    26.7298    35.5608    26.7250    1504.74    1504.75    13.5014  1027.3085    35.7290 0.0000e+00
      55595 293.698767  -43.71908  -53.37852     -0.953    1489.37    130.000    128.919    13.5217    13.5207    -0.0010    13.5033    13.5023    -0.0010   4.212437   4.212989   0.000557    35.5609    35.5671     5.5247    26.7247    26.7298    35.5613    26.7250    1504.73    1504.73    13.5033  1027.3041    35.7295 0.0000e+00
      55623 293.698780  -43.71910  -53.37854     -0.897    1489.37    129.000    127.928    13.5226    13.5223    -0.0003    13.5044    13.5041    -0.0003   4.212496   4.213131   0.000629    35.5612    35.5674     5.5167    26.7247    26.7296    35.5614    26.7249    1504.72    1504.72    13.5044  1027.2995    35.7296 0.0000e+00
      55652 293.698794  -43.71910  -53.37854     -0.826    1489.37    128.000    126.936    13.5228    13.5228    -0.0000    13.5047    13.5047    -0.0000   4.212458   4.213137   0.000677    35.5611    35.5675     5.5326    26.7246    26.7295    35.5613    26.7247    1504.70    1504.71    13.5047  1027.2949    35.7295 0.0000e+00
      55679 293.698807  -43.71911  -53.37855     -0.854    1489.37    127.000    125.945    13.5230    13.5230     0.0000    13.5050    13.5050     0.0000   4.212432   4.213102   0.000669    35.5612    35.5675     5.5387    26.7245    26.7294    35.5613    26.7247    1504.68    1504.69    13.5050  1027.2905    35.7295 0.0000e+00
      55702 293.698818  -43.71912  -53.37856     -0.970    1489.37    126.000    124.954    13.5231    13.5231     0.0000    13.5053    13.5053     0.0000   4.212409   4.213083   0.000678    35.5612    35.5676     5.5332    26.7245    26.7295    35.5614    26.7247    1504.67    1504.68    13.5053  1027.2861    35.7296 0.0000e+00
      55724 293.698829  -43.71913  -53.37856     -1.078    1489.37    125.000    123.962    13.5249    13.5235    -0.0014    13.5072    13.5058    -0.0014   4.212604   4.213062   0.000483    35.5616    35.5675     5.5245    26.7244    26.7293    35.5620    26.7248    1504.66    1504.66    13.5072  1027.2817    35.7302 0.0000e+00
      55747 293.698840  -43.71914  -53.37857     -1.077    1489.37    124.000    122.971    13.5277    13.5257    -0.0020    13.5101    13.5081    -0.0020   4.212860   4.213302   0.000436    35.5619    35.5680     5.5288    26.7241    26.7292    35.5623    26.7243    1504.65    1504.65    13.5101  1027.2769    35.7305 0.0000e+00
      55774 293.698853  -43.71915  -53.37858     -0.958    1489.37    123.000    121.986    13.5288    13.5281    -0.0008    13.5114    13.5107    -0.0008   4.212928   4.213522   0.000586    35.5620    35.5683     5.5391    26.7239    26.7289    35.5623    26.7241    1504.64    1504.64    13.5114  1027.2722    35.7305 0.0000e+00
