Pos-Processados/process_op38/Processamento_split/up/uoperantar38_015.cnv
* Sea-Bird SBE 9 Data File:
* FileName = D:\OPERANTAR_XXXVIII\DADOS\OP38_015.hdr
* Software Version Seasave V 7.18c
* Temperature SN = 4808
* Conductivity SN = 3380
* Number of Bytes Per Scan = 34
* Number of Voltage Words = 3
* Number of Scans Averaged by the Deck Unit = 1
* NMEA Latitude = 62 18.48 S
* NMEA Longitude = 058 32.77 W
* NMEA UTC (Time) = Nov 05 2019 09:00:03
** H41
** NAVIO POLAR ALMIRANTE MAXIMIANO
** CRUZEIRO:
** OPERANTAR XXXVIII
** ESTAÇÃO: OP38_015
** LAT 62 18,48' S
** LONG 058 32,80' W
** 09P73767-1155_A
** PROFUNDIDADE: 353
** DATA/HORA: 050900Z/NOV/2019
** OPERADOR: SO-HN CHAVES
# nquan = 32
# nvalues = 323                         
# units = specified
# name 0 = scan: Scan Count
# name 1 = timeJ: Julian Days
# name 2 = latitude: Latitude [deg]
# name 3 = longitude: Longitude [deg]
# name 4 = dz/dtM: Descent Rate [m/s]
# name 5 = avgsvCM: Average Sound Velocity [Chen-Millero, m/s]
# name 6 = prDM: Pressure, Digiquartz [db]
# name 7 = depSM: Depth [salt water, m]
# name 8 = t090C: Temperature [ITS-90, deg C]
# name 9 = t190C: Temperature, 2 [ITS-90, deg C]
# name 10 = T2-T190C: Temperature Difference, 2 - 1 [ITS-90, deg C]
# name 11 = potemp090C: Potential Temperature [ITS-90, deg C]
# name 12 = potemp190C: Potential Temperature, 2 [ITS-90, deg C]
# name 13 = potemp90Cdiff: Potential Temperature, Diff, 2 - 1 [ITS-90, deg C]
# name 14 = c0S/m: Conductivity [S/m]
# name 15 = c1S/m: Conductivity, 2 [S/m]
# name 16 = C2-C1S/m: Conductivity Difference, 2 - 1 [S/m]
# name 17 = sal00: Salinity, Practical [PSU]
# name 18 = sal11: Salinity, Practical, 2 [PSU]
# name 19 = sbeox0ML/L: Oxygen, SBE 43 [ml/l]
# name 20 = sbeox1ML/L: Oxygen, SBE 43, 2 [ml/l]
# name 21 = sbeox0ML/Ldiff: Oxygen, SBE 43, Diff, 2 - 1 [ml/l]
# name 22 = sigma-é00: Density [sigma-theta, kg/m^3]
# name 23 = sigma-é11: Density, 2 [sigma-theta, kg/m^3]
# name 24 = sal00: Salinity, Practical [PSU]
# name 25 = sigma-é00: Density [sigma-theta, kg/m^3]
# name 26 = svCM: Sound Velocity [Chen-Millero, m/s]
# name 27 = svCM1: Sound Velocity, 2 [Chen-Millero, m/s]
# name 28 = gsw_ptA0: potential temperature [ITS-90, deg C]
# name 29 = gsw_densityA0: density, TEOS-10 [density, kg/m^3]
# name 30 = gsw_saA0: Absolute Salinity [g/kg]
# name 31 = flag:
# span 0 =      12482,      23508       
# span 1 = 309.381054, 309.386371       
# span 2 =  -62.30810,  -62.30808       
# span 3 =  -58.54618,  -58.54616       
# span 4 =     -1.237,     -0.183       
# span 5 =    1447.29,    1447.29       
# span 6 =      2.000,    324.000       
# span 7 =      1.982,    320.631       
# span 8 =    -0.9211,    -0.4420       
# span 9 =    -0.9212,    -0.4412       
# span 10 =    -0.0105,     0.0153      
# span 11 =    -0.9223,    -0.4530      
# span 12 =    -0.9224,    -0.4522      
# span 13 =    -0.0104,     0.0152      
# span 14 =   2.770044,   2.833253      
# span 15 =   2.770444,   2.833757      
# span 16 =  -0.000617,   0.001752      
# span 17 =    34.1505,    34.3645      
# span 18 =    34.1559,    34.3704      
# span 19 =     6.4122,     7.6802      
# span 20 =     6.1433,     7.4103      
# span 21 =    -0.3803,    -0.2605      
# span 22 =    27.4574,    27.6154      
# span 23 =    27.4618,    27.6201      
# span 24 =    34.1505,    34.3645      
# span 25 =    27.4573,    27.6154      
# span 26 =    1444.29,    1451.52      
# span 27 =    1444.30,    1451.53      
# span 28 =    -0.9222,    -0.4528      
# span 29 =  1027.4719,  1029.1619      
# span 30 =    34.3133,    34.5317      
# span 31 = 0.0000e+00, 0.0000e+00      
# interval = decibars: 1                
# start_time = Nov 05 2019 09:00:03 [NMEA time, header]
# bad_flag = -9.990e-29
*END*
[from data line 91]
      15164 309.382347  -62.30808  -58.54616     -1.000    1447.29    233.000    230.632    -0.6343    -0.6342    -0.0000    -0.6416    -0.6415    -0.0000   2.810156   2.810583   0.000425    34.3270    34.3327     6.8211     6.5298    -0.2913    27.5934    27.5981    34.3270    27.5934    1449.08    1449.09    -0.6414  1028.7120    34.4945 0.0000e+00
      15190 309.382360  -62.30809  -58.54616     -0.966    1447.29    232.000    229.642    -0.6341    -0.6340     0.0001    -0.6414    -0.6413     0.0001   2.810130   2.810551   0.000421    34.3271    34.3326     6.8185     6.5398    -0.2787    27.5934    27.5980    34.3271    27.5935    1449.07    1449.08    -0.6412  1028.7073    34.4945 0.0000e+00
      15218 309.382373  -62.30810  -58.54616     -0.877    1447.29    231.000    228.653    -0.6352    -0.6354    -0.0001    -0.6424    -0.6426    -0.0001   2.809953   2.810310   0.000387    34.3269    34.3323     6.8178     6.5382    -0.2796    27.5934    27.5977    34.3265    27.5931    1449.05    1449.05    -0.6423  1028.7022    34.4940 0.0000e+00
      15246 309.382387  -62.30810  -58.54616     -0.833    1447.29    230.000    227.664    -0.6449    -0.6528    -0.0079    -0.6521    -0.6599    -0.0079   2.808698   2.808348  -0.000354    34.3238    34.3279     6.8208     6.5397    -0.2811    27.5912    27.5949    34.3212    27.5892    1448.98    1448.95    -0.6519  1028.6936    34.4887 0.0000e+00
      15271 309.382399  -62.30808  -58.54616     -0.925    1447.29    229.000    226.674    -0.6653    -0.6637     0.0016    -0.6724    -0.6708     0.0016   2.806747   2.807412   0.000606    34.3205    34.3268     6.8186     6.5318    -0.2868    27.5894    27.5945    34.3186    27.5880    1448.86    1448.88    -0.6722  1028.6878    34.4860 0.0000e+00
      15297 309.382411  -62.30808  -58.54616     -0.951    1447.29    228.000    225.685    -0.6720    -0.6721    -0.0000    -0.6791    -0.6791    -0.0000   2.806033   2.806433   0.000422    34.3191    34.3248     6.8142     6.5299    -0.2843    27.5886    27.5932    34.3172    27.5871    1448.81    1448.82    -0.6789  1028.6822    34.4846 0.0000e+00
      15322 309.382423  -62.30808  -58.54616     -0.944    1447.29    227.000    224.696    -0.6762    -0.6757     0.0005    -0.6832    -0.6827     0.0005   2.805702   2.806157   0.000474    34.3189    34.3247     6.8333     6.5423    -0.2910    27.5886    27.5933    34.3181    27.5880    1448.78    1448.79    -0.6830  1028.6784    34.4855 0.0000e+00
      15347 309.382436  -62.30808  -58.54616     -0.952    1447.29    226.000    223.706    -0.6754    -0.6784    -0.0030    -0.6824    -0.6853    -0.0030   2.805643   2.805788   0.000138    34.3184    34.3236     6.8683     6.5619    -0.3064    27.5882    27.5925    34.3171    27.5871    1448.77    1448.76    -0.6822  1028.6727    34.4844 0.0000e+00
      15373 309.382448  -62.30808  -58.54616     -0.938    1447.29    225.000    222.717    -0.6807    -0.6801     0.0006    -0.6876    -0.6870     0.0006   2.805092   2.805567   0.000479    34.3173    34.3232     6.8959     6.5946    -0.3013    27.5875    27.5922    34.3162    27.5866    1448.72    1448.73    -0.6875  1028.6675    34.4835 0.0000e+00
      15396 309.382459  -62.30808  -58.54616     -0.989    1447.29    224.000    221.728    -0.6826    -0.6839    -0.0013    -0.6895    -0.6908    -0.0013   2.804825   2.805114   0.000289    34.3167    34.3220     6.9061     6.6078    -0.2983    27.5871    27.5914    34.3154    27.5861    1448.70    1448.70    -0.6893  1028.6622    34.4828 0.0000e+00
      15417 309.382469  -62.30810  -58.54616     -1.076    1447.29    223.000    220.738    -0.6874    -0.6896    -0.0022    -0.6943    -0.6964    -0.0022   2.804169   2.804377   0.000218    34.3146    34.3201     6.9078     6.6141    -0.2937    27.5857    27.5901    34.3126    27.5840    1448.65    1448.65    -0.6941  1028.6554    34.4799 0.0000e+00
      15438 309.382479  -62.30810  -58.54616     -1.135    1447.29    222.000    219.749    -0.6932    -0.6938    -0.0007    -0.7000    -0.7006    -0.0007   2.803635   2.803967   0.000331    34.3139    34.3192     6.9131     6.6144    -0.2987    27.5853    27.5896    34.3125    27.5842    1448.61    1448.61    -0.6998  1028.6509    34.4799 0.0000e+00
      15462 309.382491  -62.30810  -58.54616     -1.090    1447.29    221.000    218.760    -0.7007    -0.7016    -0.0009    -0.7074    -0.7084    -0.0009   2.802769   2.803051   0.000308    34.3118    34.3169     6.9218     6.6161    -0.3057    27.5839    27.5881    34.3100    27.5824    1448.56    1448.56    -0.7073  1028.6444    34.4773 0.0000e+00
      15492 309.382505  -62.30810  -58.54616     -0.866    1447.29    220.000    217.770    -0.7161    -0.7085     0.0075    -0.7228    -0.7152     0.0075   2.801074   2.802321   0.001152    34.3084    34.3154     6.9289     6.6234    -0.3056    27.5818    27.5871    34.3051    27.5791    1448.46    1448.51    -0.7226  1028.6365    34.4724 0.0000e+00
      15528 309.382523  -62.30810  -58.54616     -0.660    1447.29    219.000    216.781    -0.7407    -0.7267     0.0140    -0.7473    -0.7334     0.0139   2.798564   2.800347   0.001752    34.3029    34.3107     6.9351     6.6291    -0.3059    27.5783    27.5841    34.2998    27.5758    1448.32    1448.40    -0.7472  1028.6286    34.4670 0.0000e+00
      15559 309.382538  -62.30810  -58.54616     -0.731    1447.29    218.000    215.792    -0.7469    -0.7463     0.0007    -0.7535    -0.7528     0.0007   2.797982   2.798358   0.000458    34.3015    34.3069     6.9440     6.6546    -0.2894    27.5774    27.5818    34.2996    27.5759    1448.28    1448.29    -0.7533  1028.6239    34.4668 0.0000e+00
      15583 309.382549  -62.30810  -58.54616     -0.905    1447.29    217.000    214.802    -0.7486    -0.7507    -0.0021    -0.7551    -0.7572    -0.0021   2.797706   2.797945   0.000235    34.3007    34.3063     6.9710     6.6517    -0.3193    27.5769    27.5815    34.2983    27.5749    1448.25    1448.25    -0.7550  1028.6182    34.4655 0.0000e+00
      15605 309.382560  -62.30810  -58.54616     -1.057    1447.29    216.000    213.813    -0.7524    -0.7590    -0.0066    -0.7589    -0.7654    -0.0066   2.797142   2.796961  -0.000210    34.2996    34.3042     6.9874     6.6617    -0.3257    27.5762    27.5802    34.2956    27.5729    1448.21    1448.19    -0.7587  1028.6114    34.4628 0.0000e+00
      15626 309.382570  -62.30810  -58.54616     -1.112    1447.29    215.000    212.824    -0.7814    -0.7790     0.0024    -0.7878    -0.7854     0.0024   2.794310   2.794914   0.000629    34.2951    34.3009     7.0003     6.6769    -0.3234    27.5737    27.5783    34.2908    27.5702    1448.05    1448.07    -0.7876  1028.6042    34.4580 0.0000e+00
      15650 309.382581  -62.30810  -58.54616     -1.070    1447.29    214.000    211.834    -0.7944    -0.7952    -0.0009    -0.8007    -0.8016    -0.0009   2.793308   2.793589   0.000332    34.2949    34.3004     7.0012     6.6915    -0.3097    27.5741    27.5786    34.2926    27.5722    1447.98    1447.98    -0.8006  1028.6015    34.4598 0.0000e+00
      15675 309.382594  -62.30810  -58.54616     -0.979    1447.29    213.000    210.845    -0.7932    -0.7974    -0.0043    -0.7995    -0.8037    -0.0042   2.793309   2.793363   0.000054    34.2942    34.2997     7.0029     6.7014    -0.3015    27.5734    27.5781    34.2919    27.5716    1447.97    1447.95    -0.7994  1028.5961    34.4590 0.0000e+00
      15703 309.382607  -62.30810  -58.54616     -0.897    1447.29    212.000    209.855    -0.7941    -0.7974    -0.0032    -0.8004    -0.8036    -0.0032   2.793162   2.793314   0.000142    34.2935    34.2991     7.0049     6.7097    -0.2952    27.5729    27.5776    34.2915    27.5713    1447.95    1447.94    -0.8002  1028.5911    34.4587 0.0000e+00
      15732 309.382621  -62.30810  -58.54616     -0.846    1447.29    211.000    208.866    -0.7924    -0.7923     0.0002    -0.7987    -0.7985     0.0001   2.793317   2.793746   0.000427    34.2934    34.2990     7.0107     6.7137    -0.2970    27.5728    27.5773    34.2923    27.5719    1447.94    1447.95    -0.7985  1028.5869    34.4595 0.0000e+00
      15761 309.382635  -62.30810  -58.54616     -0.811    1447.29    210.000    207.877    -0.7915    -0.7874     0.0041    -0.7977    -0.7936     0.0041   2.793221   2.794103   0.000799    34.2927    34.2988     7.0069     6.7192    -0.2877    27.5722    27.5769    34.2906    27.5705    1447.92    1447.95    -0.7976  1028.5807    34.4578 0.0000e+00
      15790 309.382649  -62.30810  -58.54616     -0.819    1447.29    209.000    206.887    -0.8050    -0.7897     0.0153    -0.8112    -0.7960     0.0152   2.792002   2.793748   0.001752    34.2917    34.2981     7.0085     6.7165    -0.2920    27.5719    27.5765    34.2900    27.5706    1447.85    1447.92    -0.8110  1028.5761    34.4572 0.0000e+00
      15816 309.382662  -62.30810  -58.54616     -0.883    1447.29    208.000    205.898    -0.8042    -0.7993     0.0049    -0.8103    -0.8054     0.0049   2.792038   2.792853   0.000839    34.2919    34.2977     6.9998     6.7153    -0.2845    27.5720    27.5765    34.2902    27.5707    1447.83    1447.86    -0.8102  1028.5714    34.4573 0.0000e+00
      15840 309.382673  -62.30810  -58.54616     -0.966    1447.29    207.000    204.909    -0.8064    -0.8056     0.0008    -0.8125    -0.8117     0.0008   2.791907   2.792340   0.000472    34.2922    34.2978     6.9996     6.7044    -0.2951    27.5724    27.5769    34.2916    27.5719    1447.81    1447.82    -0.8123  1028.5678    34.4587 0.0000e+00
      15863 309.382684  -62.30810  -58.54616     -1.025    1447.29    206.000    203.919    -0.8082    -0.8095    -0.0013    -0.8143    -0.8155    -0.0013   2.791505   2.791861   0.000331    34.2911    34.2970     7.0039     6.7018    -0.3021    27.5715    27.5764    34.2888    27.5697    1447.78    1447.78    -0.8141  1028.5609    34.4559 0.0000e+00
      15886 309.382695  -62.30810  -58.54616     -1.045    1447.29    205.000    202.930    -0.8187    -0.8157     0.0030    -0.8247    -0.8217     0.0030   2.790565   2.791250   0.000683    34.2905    34.2964     7.0099     6.7064    -0.3035    27.5715    27.5761    34.2886    27.5699    1447.71    1447.74    -0.8246  1028.5565    34.4557 0.0000e+00
      15910 309.382707  -62.30810  -58.54616     -1.027    1447.29    204.000    201.941    -0.8214    -0.8208     0.0006    -0.8274    -0.8268     0.0006   2.790348   2.790817   0.000465    34.2904    34.2961     7.0095     6.7120    -0.2975    27.5715    27.5761    34.2893    27.5706    1447.68    1447.70    -0.8272  1028.5524    34.4565 0.0000e+00
      15935 309.382719  -62.30810  -58.54616     -0.975    1447.29    203.000    200.951    -0.8209    -0.8209    -0.0000    -0.8268    -0.8269    -0.0000   2.790322   2.790715   0.000418    34.2901    34.2958     7.0106     6.7102    -0.3004    27.5713    27.5759    34.2890    27.5704    1447.67    1447.68    -0.8267  1028.5474    34.4562 0.0000e+00
      15964 309.382733  -62.30810  -58.54616     -0.876    1447.29    202.000    199.962    -0.8212    -0.8215    -0.0003    -0.8272    -0.8274    -0.0003   2.790268   2.790664   0.000398    34.2901    34.2959     7.0160     6.7134    -0.3026    27.5713    27.5759    34.2893    27.5706    1447.65    1447.66    -0.8270  1028.5428    34.4564 0.0000e+00
      15996 309.382749  -62.30808  -58.54617     -0.764    1447.29    201.000    198.972    -0.8199    -0.8196     0.0003    -0.8258    -0.8254     0.0003   2.790354   2.790803   0.000443    34.2902    34.2958     7.0147     6.7092    -0.3054    27.5713    27.5758    34.2895    27.5708    1447.65    1447.65    -0.8256  1028.5382    34.4567 0.0000e+00
      16029 309.382764  -62.30808  -58.54618     -0.722    1447.29    200.000    197.983    -0.8220    -0.8196     0.0024    -0.8278    -0.8255     0.0024   2.790063   2.790701   0.000626    34.2896    34.2954     7.0131     6.7132    -0.2999    27.5709    27.5755    34.2886    27.5701    1447.62    1447.64    -0.8277  1028.5327    34.4557 0.0000e+00
      16058 309.382778  -62.30810  -58.54618     -0.799    1447.29    199.000    196.993    -0.8242    -0.8224     0.0018    -0.8301    -0.8283     0.0018   2.789846   2.790401   0.000573    34.2895    34.2952     7.0087     6.7161    -0.2926    27.5709    27.5754    34.2888    27.5704    1447.59    1447.61    -0.8299  1028.5282    34.4559 0.0000e+00
      16082 309.382790  -62.30810  -58.54616     -0.934    1447.29    198.000    196.004    -0.8251    -0.8247     0.0004    -0.8309    -0.8305     0.0004   2.789718   2.790151   0.000438    34.2894    34.2949     7.0112     6.7097    -0.3015    27.5709    27.5753    34.2887    27.5703    1447.57    1447.58    -0.8307  1028.5234    34.4558 0.0000e+00
      16103 309.382800  -62.30810  -58.54616     -1.062    1447.29    197.000    195.015    -0.8253    -0.8258    -0.0005    -0.8311    -0.8315    -0.0005   2.789696   2.790036   0.000356    34.2896    34.2950     7.0086     6.7078    -0.3008    27.5710    27.5754    34.2892    27.5707    1447.55    1447.56    -0.8309  1028.5191    34.4563 0.0000e+00
      16124 309.382810  -62.30810  -58.54616     -1.134    1447.29    196.000    194.025    -0.8245    -0.8251    -0.0006    -0.8302    -0.8308    -0.0006   2.789696   2.790056   0.000359    34.2894    34.2949     7.0074     6.7084    -0.2989    27.5708    27.5753    34.2889    27.5704    1447.54    1447.54    -0.8301  1028.5140    34.4560 0.0000e+00
      16146 309.382821  -62.30810  -58.54616     -1.116    1447.29    195.000    193.035    -0.8241    -0.8249    -0.0009    -0.8298    -0.8306    -0.0009   2.789661   2.790019   0.000361    34.2890    34.2949     7.0080     6.7065    -0.3015    27.5705    27.5753    34.2886    27.5702    1447.53    1447.53    -0.8296  1028.5082    34.4547 0.0000e+00
      16171 309.382833 -9.990e-29  -58.54616     -1.027    1447.29    194.000    192.046    -0.8238    -0.8236     0.0002    -0.8295    -0.8292     0.0002   2.789649   2.790083   0.000433    34.2890    34.2946     7.0157     6.7161    -0.2996    27.5705    27.5750    34.2887    27.5703    1447.51    1447.52    -0.8293  1028.5000    34.4505 0.0000e+00
      16196 309.382845 -9.990e-29  -58.54616     -0.949    1447.29    193.000    191.056    -0.8286    -0.8266     0.0020    -0.8342    -0.8322     0.0020   2.789049   2.789670   0.000598    34.2880    34.2938     7.0150     6.7238    -0.2913    27.5698    27.5745    34.2867    27.5688    1447.47    1447.49    -0.8341  1028.4937    34.4484 0.0000e+00
      16223 309.382858 -9.990e-29  -58.54616     -0.921    1447.29    192.000    190.067    -0.8362    -0.8349     0.0013    -0.8418    -0.8405     0.0013   2.788406   2.788886   0.000509    34.2880    34.2934     7.0177     6.7252    -0.2925    27.5702    27.5745    34.2872    27.5695    1447.42    1447.43    -0.8416  1028.4897    34.4489 0.0000e+00
      16249 309.382870  -62.30808  -58.54616     -0.923    1447.29    191.000    189.078    -0.8375    -0.8375    -0.0000    -0.8431    -0.8431    -0.0000   2.788227   2.788647   0.000405    34.2878    34.2933     7.0135     6.7187    -0.2948    27.5700    27.5745    34.2869    27.5693    1447.40    1447.40    -0.8429  1028.4862    34.4503 0.0000e+00
      16277 309.382884  -62.30808  -58.54616     -0.873    1447.29    190.000    188.088    -0.8412    -0.8400     0.0011    -0.8467    -0.8456     0.0011   2.787866   2.788375   0.000510    34.2875    34.2932     7.0218     6.7187    -0.3032    27.5700    27.5745    34.2868    27.5694    1447.36    1447.37    -0.8466  1028.4844    34.4538 0.0000e+00
