Pos-Processados/process_op38/Processamento_split/up/uoperantar38_015.cnv
* Sea-Bird SBE 9 Data File:
* FileName = D:\OPERANTAR_XXXVIII\DADOS\OP38_015.hdr
* Software Version Seasave V 7.18c
* Temperature SN = 4808
* Conductivity SN = 3380
* Number of Bytes Per Scan = 34
* Number of Voltage Words = 3
* Number of Scans Averaged by the Deck Unit = 1
* NMEA Latitude = 62 18.48 S
* NMEA Longitude = 058 32.77 W
* NMEA UTC (Time) = Nov 05 2019 09:00:03
** H41
** NAVIO POLAR ALMIRANTE MAXIMIANO
** CRUZEIRO:
** OPERANTAR XXXVIII
** ESTAÇÃO: OP38_015
** LAT 62 18,48' S
** LONG 058 32,80' W
** 09P73767-1155_A
** PROFUNDIDADE: 353
** DATA/HORA: 050900Z/NOV/2019
** OPERADOR: SO-HN CHAVES
# nquan = 32
# nvalues = 323                         
# units = specified
# name 0 = scan: Scan Count
# name 1 = timeJ: Julian Days
# name 2 = latitude: Latitude [deg]
# name 3 = longitude: Longitude [deg]
# name 4 = dz/dtM: Descent Rate [m/s]
# name 5 = avgsvCM: Average Sound Velocity [Chen-Millero, m/s]
# name 6 = prDM: Pressure, Digiquartz [db]
# name 7 = depSM: Depth [salt water, m]
# name 8 = t090C: Temperature [ITS-90, deg C]
# name 9 = t190C: Temperature, 2 [ITS-90, deg C]
# name 10 = T2-T190C: Temperature Difference, 2 - 1 [ITS-90, deg C]
# name 11 = potemp090C: Potential Temperature [ITS-90, deg C]
# name 12 = potemp190C: Potential Temperature, 2 [ITS-90, deg C]
# name 13 = potemp90Cdiff: Potential Temperature, Diff, 2 - 1 [ITS-90, deg C]
# name 14 = c0S/m: Conductivity [S/m]
# name 15 = c1S/m: Conductivity, 2 [S/m]
# name 16 = C2-C1S/m: Conductivity Difference, 2 - 1 [S/m]
# name 17 = sal00: Salinity, Practical [PSU]
# name 18 = sal11: Salinity, Practical, 2 [PSU]
# name 19 = sbeox0ML/L: Oxygen, SBE 43 [ml/l]
# name 20 = sbeox1ML/L: Oxygen, SBE 43, 2 [ml/l]
# name 21 = sbeox0ML/Ldiff: Oxygen, SBE 43, Diff, 2 - 1 [ml/l]
# name 22 = sigma-é00: Density [sigma-theta, kg/m^3]
# name 23 = sigma-é11: Density, 2 [sigma-theta, kg/m^3]
# name 24 = sal00: Salinity, Practical [PSU]
# name 25 = sigma-é00: Density [sigma-theta, kg/m^3]
# name 26 = svCM: Sound Velocity [Chen-Millero, m/s]
# name 27 = svCM1: Sound Velocity, 2 [Chen-Millero, m/s]
# name 28 = gsw_ptA0: potential temperature [ITS-90, deg C]
# name 29 = gsw_densityA0: density, TEOS-10 [density, kg/m^3]
# name 30 = gsw_saA0: Absolute Salinity [g/kg]
# name 31 = flag:
# span 0 =      12482,      23508       
# span 1 = 309.381054, 309.386371       
# span 2 =  -62.30810,  -62.30808       
# span 3 =  -58.54618,  -58.54616       
# span 4 =     -1.237,     -0.183       
# span 5 =    1447.29,    1447.29       
# span 6 =      2.000,    324.000       
# span 7 =      1.982,    320.631       
# span 8 =    -0.9211,    -0.4420       
# span 9 =    -0.9212,    -0.4412       
# span 10 =    -0.0105,     0.0153      
# span 11 =    -0.9223,    -0.4530      
# span 12 =    -0.9224,    -0.4522      
# span 13 =    -0.0104,     0.0152      
# span 14 =   2.770044,   2.833253      
# span 15 =   2.770444,   2.833757      
# span 16 =  -0.000617,   0.001752      
# span 17 =    34.1505,    34.3645      
# span 18 =    34.1559,    34.3704      
# span 19 =     6.4122,     7.6802      
# span 20 =     6.1433,     7.4103      
# span 21 =    -0.3803,    -0.2605      
# span 22 =    27.4574,    27.6154      
# span 23 =    27.4618,    27.6201      
# span 24 =    34.1505,    34.3645      
# span 25 =    27.4573,    27.6154      
# span 26 =    1444.29,    1451.52      
# span 27 =    1444.30,    1451.53      
# span 28 =    -0.9222,    -0.4528      
# span 29 =  1027.4719,  1029.1619      
# span 30 =    34.3133,    34.5317      
# span 31 = 0.0000e+00, 0.0000e+00      
# interval = decibars: 1                
# start_time = Nov 05 2019 09:00:03 [NMEA time, header]
# bad_flag = -9.990e-29
*END*
[from data line 227]
      18953 309.384174  -62.30808  -58.54616     -0.843    1447.29     97.000     96.045    -0.8566    -0.8557     0.0009    -0.8593    -0.8584     0.0009   2.780112   2.780706   0.000576    34.2579    34.2647     7.2070     6.8828    -0.3243    27.5465    27.5519    34.2567    27.5455    1445.74    1445.75    -0.8592  1028.0156    34.4228 0.0000e+00
      18986 309.384190  -62.30808  -58.54616     -0.748    1447.29     96.000     95.056    -0.8626    -0.8613     0.0013    -0.8652    -0.8640     0.0012   2.779391   2.779968   0.000580    34.2549    34.2613     7.2039     6.8890    -0.3148    27.5443    27.5494    34.2543    27.5438    1445.69    1445.71    -0.8652  1028.0091    34.4204 0.0000e+00
      19022 309.384208  -62.30808  -58.54616     -0.668    1447.29     95.000     94.066    -0.8651    -0.8649     0.0002    -0.8678    -0.8676     0.0002   2.778977   2.779427   0.000454    34.2528    34.2587     7.2084     6.8920    -0.3164    27.5426    27.5474    34.2523    27.5422    1445.66    1445.67    -0.8677  1028.0027    34.4183 0.0000e+00
      19058 309.384225  -62.30808  -58.54616     -0.660    1447.29     94.000     93.076    -0.8650    -0.8654    -0.0003    -0.8676    -0.8680    -0.0003   2.778943   2.779335   0.000393    34.2525    34.2583     7.2375     6.9032    -0.3343    27.5425    27.5471    34.2523    27.5423    1445.64    1445.65    -0.8675  1027.9979    34.4183 0.0000e+00
      19087 309.384239  -62.30808  -58.54616     -0.768    1447.29     93.000     92.086    -0.8655    -0.8653     0.0001    -0.8681    -0.8679     0.0001   2.778813   2.779273   0.000452    34.2521    34.2581     7.2537     6.9164    -0.3373    27.5422    27.5470    34.2517    27.5418    1445.62    1445.63    -0.8680  1027.9927    34.4177 0.0000e+00
      19113 309.384251  -62.30808  -58.54616     -0.892    1447.29     92.000     91.096    -0.8670    -0.8663     0.0007    -0.8695    -0.8688     0.0007   2.778557   2.779073   0.000517    34.2510    34.2573     7.2495     6.9213    -0.3282    27.5413    27.5463    34.2505    27.5409    1445.60    1445.61    -0.8695  1027.9870    34.4165 0.0000e+00
      19138 309.384264  -62.30810  -58.54616     -0.942    1447.29     91.000     90.106    -0.8679    -0.8677     0.0002    -0.8704    -0.8702     0.0002   2.778402   2.778837   0.000437    34.2503    34.2561     7.2456     6.9262    -0.3194    27.5408    27.5454    34.2500    27.5405    1445.58    1445.59    -0.8703  1027.9818    34.4160 0.0000e+00
      19168 309.384278  -62.30809  -58.54616     -0.865    1447.29     90.000     89.121    -0.8683    -0.8683    -0.0000    -0.8708    -0.8708    -0.0000   2.778289   2.778706   0.000421    34.2499    34.2557     7.2429     6.9327    -0.3102    27.5405    27.5451    34.2496    27.5402    1445.56    1445.57    -0.8707  1027.9767    34.4156 0.0000e+00
      19208 309.384297  -62.30808  -58.54616     -0.627    1447.29     89.000     88.125    -0.8702    -0.8694     0.0009    -0.8727    -0.8718     0.0009   2.777970   2.778507   0.000528    34.2486    34.2547     7.2547     6.9388    -0.3159    27.5394    27.5444    34.2481    27.5390    1445.53    1445.54    -0.8726  1027.9707    34.4140 0.0000e+00
      19254 309.384320  -62.30808  -58.54616     -0.519    1447.29     88.000     87.134    -0.8730    -0.8724     0.0006    -0.8754    -0.8748     0.0006   2.777578   2.778064   0.000490    34.2469    34.2529     7.2542     6.9299    -0.3243    27.5382    27.5430    34.2465    27.5379    1445.50    1445.51    -0.8754  1027.9648    34.4124 0.0000e+00
      19298 309.384341  -62.30808  -58.54616     -0.548    1447.29     87.000     86.146    -0.8725    -0.8725    -0.0000    -0.8749    -0.8749    -0.0000   2.777588   2.778005   0.000420    34.2469    34.2526     7.2648     6.9354    -0.3294    27.5382    27.5428    34.2467    27.5381    1445.49    1445.49    -0.8748  1027.9601    34.4126 0.0000e+00
      19336 309.384359  -62.30808  -58.54616     -0.610    1447.29     86.000     85.156    -0.8712    -0.8716    -0.0005    -0.8736    -0.8740    -0.0005   2.777671   2.778051   0.000384    34.2470    34.2528     7.2704     6.9456    -0.3248    27.5382    27.5429    34.2470    27.5382    1445.48    1445.48    -0.8735  1027.9555    34.4128 0.0000e+00
      19371 309.384376 -9.990e-29  -58.54616     -0.692    1447.29     85.000     84.166    -0.8706    -0.8709    -0.0003    -0.8729    -0.8733    -0.0003   2.777653   2.778049   0.000397    34.2468    34.2526     7.2769     6.9542    -0.3227    27.5380    27.5427    34.2467    27.5379    1445.46    1445.47    -0.8729  1027.9469    34.4082 0.0000e+00
      19405 309.384392 -9.990e-29  -58.54616     -0.700    1447.29     84.000     83.176    -0.8710    -0.8712    -0.0002    -0.8734    -0.8735    -0.0002   2.777556   2.777963   0.000406    34.2467    34.2524     7.2693     6.9572    -0.3121    27.5379    27.5426    34.2465    27.5378    1445.44    1445.45    -0.8733  1027.9420    34.4080 0.0000e+00
      19440 309.384409  -62.30810  -58.54616     -0.688    1447.29     83.000     82.186    -0.8713    -0.8715    -0.0002    -0.8736    -0.8738    -0.0002   2.777458   2.777874   0.000421    34.2462    34.2521     7.2641     6.9599    -0.3041    27.5375    27.5423    34.2461    27.5375    1445.43    1445.43    -0.8735  1027.9371    34.4079 0.0000e+00
      19471 309.384424  -62.30810  -58.54616     -0.748    1447.29     82.000     81.196    -0.8706    -0.8708    -0.0002    -0.8728    -0.8731    -0.0002   2.777427   2.777866   0.000434    34.2456    34.2517     7.2610     6.9591    -0.3019    27.5370    27.5420    34.2455    27.5369    1445.41    1445.42    -0.8728  1027.9350    34.4112 0.0000e+00
      19503 309.384440  -62.30808  -58.54616     -0.763    1447.29     81.000     80.206    -0.8706    -0.8707    -0.0001    -0.8729    -0.8729    -0.0001   2.777380   2.777794   0.000419    34.2455    34.2513     7.2613     6.9546    -0.3067    27.5370    27.5416    34.2455    27.5369    1445.40    1445.40    -0.8728  1027.9302    34.4112 0.0000e+00
      19541 309.384458  -62.30808  -58.54617     -0.646    1447.29     80.000     79.216    -0.8701    -0.8704    -0.0002    -0.8724    -0.8726    -0.0002   2.777353   2.777748   0.000394    34.2453    34.2509     7.2659     6.9532    -0.3127    27.5368    27.5413    34.2452    27.5367    1445.38    1445.39    -0.8723  1027.9252    34.4109 0.0000e+00
      19577 309.384475  -62.30808  -58.54617     -0.647    1447.29     79.000     78.230    -0.8706    -0.8707    -0.0001    -0.8728    -0.8729    -0.0001   2.777249   2.777668   0.000420    34.2450    34.2509     7.2733     6.9518    -0.3215    27.5366    27.5413    34.2449    27.5365    1445.36    1445.37    -0.8727  1027.9202    34.4107 0.0000e+00
      19603 309.384488  -62.30808  -58.54616     -0.814    1447.29     78.000     77.231    -0.8704    -0.8703     0.0001    -0.8726    -0.8724     0.0001   2.777173   2.777638   0.000455    34.2445    34.2506     7.2740     6.9502    -0.3238    27.5362    27.5410    34.2443    27.5360    1445.35    1445.36    -0.8725  1027.9149    34.4100 0.0000e+00
      19627 309.384499  -62.30809  -58.54616     -0.964    1447.29     77.000     76.246    -0.8724    -0.8713     0.0011    -0.8745    -0.8734     0.0011   2.776961   2.777457   0.000508    34.2445    34.2502     7.2602     6.9479    -0.3123    27.5362    27.5408    34.2443    27.5361    1445.32    1445.33    -0.8745  1027.9102    34.4100 0.0000e+00
      19652 309.384511  -62.30810  -58.54616     -1.004    1447.29     76.000     75.256    -0.8723    -0.8725    -0.0002    -0.8744    -0.8746    -0.0002   2.776919   2.777317   0.000392    34.2445    34.2500     7.2576     6.9476    -0.3100    27.5362    27.5407    34.2443    27.5360    1445.31    1445.31    -0.8743  1027.9053    34.4100 0.0000e+00
      19682 309.384526  -62.30810  -58.54616     -0.858    1447.29     75.000     74.266    -0.8744    -0.8741     0.0003    -0.8765    -0.8762     0.0003   2.776669   2.777105   0.000440    34.2441    34.2497     7.2704     6.9463    -0.3241    27.5360    27.5405    34.2439    27.5358    1445.28    1445.29    -0.8764  1027.9003    34.4096 0.0000e+00
      19718 309.384543  -62.30810  -58.54616     -0.679    1447.29     74.000     73.276    -0.8714    -0.8719    -0.0005    -0.8735    -0.8740    -0.0005   2.776950   2.777321   0.000375    34.2445    34.2501     7.2691     6.9487    -0.3203    27.5362    27.5408    34.2449    27.5365    1445.28    1445.28    -0.8734  1027.8962    34.4106 0.0000e+00
      19752 309.384560  -62.30810  -58.54616     -0.682    1447.29     73.000     72.286    -0.8637    -0.8659    -0.0023    -0.8657    -0.8679    -0.0023   2.777599   2.777815   0.000227    34.2449    34.2506     7.2786     6.9567    -0.3219    27.5362    27.5409    34.2456    27.5368    1445.30    1445.30    -0.8657  1027.8916    34.4112 0.0000e+00
      19784 309.384575  -62.30810  -58.54616     -0.748    1447.29     72.000     71.296    -0.8579    -0.8593    -0.0014    -0.8599    -0.8613    -0.0014   2.778003   2.778322   0.000310    34.2449    34.2507     7.2720     6.9629    -0.3091    27.5359    27.5407    34.2452    27.5362    1445.31    1445.31    -0.8598  1027.8862    34.4108 0.0000e+00
      19816 309.384590  -62.30809  -58.54618     -0.754    1447.29     71.000     70.306    -0.8619    -0.8625    -0.0006    -0.8639    -0.8645    -0.0006   2.777581   2.777955   0.000368    34.2448    34.2505     7.2494     6.9533    -0.2960    27.5361    27.5407    34.2446    27.5359    1445.27    1445.28    -0.8638  1027.8811    34.4102 0.0000e+00
      19847 309.384605  -62.30808  -58.54618     -0.765    1447.29     70.000     69.316    -0.8699    -0.8692     0.0007    -0.8719    -0.8711     0.0007   2.776807   2.777309   0.000496    34.2444    34.2503     7.2207     6.9320    -0.2887    27.5360    27.5408    34.2438    27.5356    1445.22    1445.23    -0.8718  1027.8761    34.4094 0.0000e+00
      19876 309.384619  -62.30808  -58.54618     -0.812    1447.29     69.000     68.326    -0.8682    -0.8693    -0.0011    -0.8701    -0.8712    -0.0011   2.777024   2.777331   0.000323    34.2449    34.2504     7.2040     6.9109    -0.2930    27.5364    27.5409    34.2454    27.5368    1445.21    1445.21    -0.8700  1027.8725    34.4110 0.0000e+00
      19905 309.384634  -62.30810  -58.54618     -0.823    1447.29     68.000     67.336    -0.8659    -0.8665    -0.0005    -0.8678    -0.8683    -0.0005   2.777085   2.777463   0.000378    34.2443    34.2501     7.2270     6.9112    -0.3159    27.5358    27.5405    34.2443    27.5358    1445.21    1445.21    -0.8677  1027.8667    34.4099 0.0000e+00
      19935 309.384648  -62.30810  -58.54618     -0.805    1447.29     67.000     66.346    -0.8618    -0.8637    -0.0019    -0.8636    -0.8655    -0.0019   2.777439   2.777674   0.000244    34.2447    34.2502     7.2539     6.9358    -0.3181    27.5360    27.5405    34.2450    27.5362    1445.21    1445.21    -0.8636  1027.8623    34.4106 0.0000e+00
      19967 309.384663  -62.30810  -58.54618     -0.770    1447.29     66.000     65.356    -0.8652    -0.8653    -0.0001    -0.8670    -0.8671    -0.0001   2.776997   2.777419   0.000411    34.2438    34.2495     7.2523     6.9477    -0.3046    27.5354    27.5400    34.2435    27.5351    1445.18    1445.18    -0.8670  1027.8564    34.4091 0.0000e+00
      19999 309.384679  -62.30810  -58.54618     -0.753    1447.29     65.000     64.365    -0.8668    -0.8667     0.0000    -0.8686    -0.8685     0.0000   2.776809   2.777248   0.000434    34.2434    34.2493     7.2406     6.9401    -0.3006    27.5351    27.5399    34.2433    27.5350    1445.15    1445.16    -0.8685  1027.8516    34.4089 0.0000e+00
      20031 309.384694  -62.30810  -58.54618     -0.751    1447.29     64.000     63.375    -0.8675    -0.8675    -0.0000    -0.8693    -0.8693    -0.0000   2.776701   2.777116   0.000417    34.2434    34.2491     7.2377     6.9352    -0.3025    27.5351    27.5398    34.2433    27.5351    1445.13    1445.14    -0.8692  1027.8468    34.4089 0.0000e+00
      20064 309.384710  -62.30810  -58.54618     -0.721    1447.29     63.000     62.385    -0.8651    -0.8656    -0.0005    -0.8669    -0.8673    -0.0005   2.776890   2.777274   0.000381    34.2436    34.2493     7.2562     6.9366    -0.3197    27.5352    27.5398    34.2438    27.5354    1445.13    1445.13    -0.8668  1027.8423    34.4094 0.0000e+00
      20097 309.384726  -62.30810  -58.54618     -0.734    1447.29     62.000     61.395    -0.8695    -0.8674     0.0020    -0.8712    -0.8692     0.0020   2.776239   2.776896   0.000637    34.2419    34.2482     7.2642     6.9491    -0.3151    27.5339    27.5390    34.2405    27.5329    1445.09    1445.11    -0.8711  1027.8350    34.4060 0.0000e+00
      20131 309.384743  -62.30810  -58.54618     -0.712    1447.29     61.000     60.405    -0.8815    -0.8801     0.0013    -0.8831    -0.8818     0.0013   2.775101   2.775671   0.000561    34.2402    34.2463     7.2581     6.9539    -0.3043    27.5331    27.5380    34.2393    27.5324    1445.01    1445.03    -0.8831  1027.8298    34.4048 0.0000e+00
      20194 309.384773  -62.30810  -58.54618     -0.371    1447.29     60.000     59.415    -0.8854    -0.8851     0.0003    -0.8871    -0.8867     0.0003   2.774636   2.775070   0.000442    34.2386    34.2443     7.2920     6.9594    -0.3326    27.5320    27.5365    34.2381    27.5316    1444.98    1444.98    -0.8870  1027.8242    34.4036 0.0000e+00
      20270 309.384809  -62.30810  -58.54618     -0.350    1447.29     59.000     58.425    -0.8867    -0.8863     0.0004    -0.8883    -0.8879     0.0004   2.774423   2.774879   0.000455    34.2377    34.2434     7.3385     7.0082    -0.3303    27.5313    27.5359    34.2373    27.5309    1444.95    1444.96    -0.8883  1027.8187    34.4028 0.0000e+00
      20330 309.384839  -62.30810  -58.54618     -0.394    1447.29     58.000     57.436    -0.8905    -0.8918    -0.0013    -0.8920    -0.8933    -0.0013   2.773945   2.774191   0.000255    34.2363    34.2413     7.3472     7.0269    -0.3203    27.5303    27.5343    34.2357    27.5298    1444.92    1444.92    -0.8920  1027.8128    34.4012 0.0000e+00
      20394 309.384869  -62.30810  -58.54618     -0.381    1447.29     57.000     56.444    -0.8964    -0.8960     0.0004    -0.8979    -0.8975     0.0004   2.773294   2.773747   0.000445    34.2347    34.2404     7.3496     7.0209    -0.3288    27.5292    27.5338    34.2342    27.5288    1444.87    1444.88    -0.8979  1027.8070    34.3997 0.0000e+00
      20444 309.384894  -62.30810  -58.54618     -0.479    1447.29     56.000     55.455    -0.8985    -0.8983     0.0003    -0.9001    -0.8998     0.0003   2.773002   2.773452   0.000442    34.2340    34.2398     7.3686     7.0449    -0.3237    27.5288    27.5334    34.2333    27.5282    1444.84    1444.85    -0.9000  1027.8016    34.3988 0.0000e+00
      20495 309.384918  -62.30810  -58.54618     -0.471    1447.29     55.000     54.464    -0.9054    -0.9045     0.0009    -0.9069    -0.9060     0.0009   2.772282   2.772774   0.000495    34.2326    34.2383     7.3794     7.0559    -0.3236    27.5278    27.5324    34.2319    27.5273    1444.79    1444.81    -0.9068  1027.7960    34.3974 0.0000e+00
      20550 309.384944  -62.30810  -58.54618     -0.433    1447.29     54.000     53.474    -0.9075    -0.9070     0.0005    -0.9090    -0.9085     0.0005   2.772023   2.772494   0.000471    34.2320    34.2379     7.3970     7.0678    -0.3292    27.5275    27.5322    34.2315    27.5270    1444.77    1444.78    -0.9089  1027.7909    34.3969 0.0000e+00
