Pos-Processados/process_op38/Processamento_split/up/uoperantar38_022.cnv
* Sea-Bird SBE 9 Data File:
* FileName = D:\OPERANTAR_XXXVIII\DADOS\OP38_022.hdr
* Software Version Seasave V 7.18c
* Temperature SN = 4808
* Conductivity SN = 3380
* Number of Bytes Per Scan = 34
* Number of Voltage Words = 3
* Number of Scans Averaged by the Deck Unit = 1
* NMEA Latitude = 62 12.34 S
* NMEA Longitude = 058 18.00 W
* NMEA UTC (Time) = Nov 22 2019 17:26:52
** H41
** NAVIO POLAR ALMIRANTE MAXIMIANO
** CRUZEIRO:
** OPERANTAR XXXVIII
** ESTAÇÃO: OP38_022
** LAT 62 12,33'S
** LONG 058 18,01'W
** 09P73767-1155_A
** PROFUNDIDADE: 200
** DATA/HORA: 221727Z/NOV/2019
** OPERADOR: SO-HN CHAVES
# nquan = 33
# nvalues = 159                         
# units = specified
# name 0 = scan: Scan Count
# name 1 = timeJ: Julian Days
# name 2 = latitude: Latitude [deg]
# name 3 = longitude: Longitude [deg]
# name 4 = dz/dtM: Descent Rate [m/s]
# name 5 = avgsvCM: Average Sound Velocity [Chen-Millero, m/s]
# name 6 = prDM: Pressure, Digiquartz [db]
# name 7 = depSM: Depth [salt water, m]
# name 8 = t090C: Temperature [ITS-90, deg C]
# name 9 = t190C: Temperature, 2 [ITS-90, deg C]
# name 10 = T2-T190C: Temperature Difference, 2 - 1 [ITS-90, deg C]
# name 11 = potemp090C: Potential Temperature [ITS-90, deg C]
# name 12 = potemp190C: Potential Temperature, 2 [ITS-90, deg C]
# name 13 = potemp90Cdiff: Potential Temperature, Diff, 2 - 1 [ITS-90, deg C]
# name 14 = c0S/m: Conductivity [S/m]
# name 15 = c1S/m: Conductivity, 2 [S/m]
# name 16 = C2-C1S/m: Conductivity Difference, 2 - 1 [S/m]
# name 17 = sal00: Salinity, Practical [PSU]
# name 18 = sal11: Salinity, Practical, 2 [PSU]
# name 19 = sbeox0ML/L: Oxygen, SBE 43 [ml/l]
# name 20 = sigma-é00: Density [sigma-theta, kg/m^3]
# name 21 = sigma-é11: Density, 2 [sigma-theta, kg/m^3]
# name 22 = sbox0Mm/Kg: Oxygen, SBE 43 [umol/kg]
# name 23 = oxsolMm/Kg: Oxygen Saturation, Garcia & Gordon [umol/kg]
# name 24 = oxsatMm/Kg: Oxygen Saturation, Weiss [umol/kg]
# name 25 = sal00: Salinity, Practical [PSU]
# name 26 = sigma-é00: Density [sigma-theta, kg/m^3]
# name 27 = svCM: Sound Velocity [Chen-Millero, m/s]
# name 28 = svCM1: Sound Velocity, 2 [Chen-Millero, m/s]
# name 29 = gsw_ptA0: potential temperature [ITS-90, deg C]
# name 30 = gsw_densityA0: density, TEOS-10 [density, kg/m^3]
# name 31 = gsw_saA0: Absolute Salinity [g/kg]
# name 32 = flag:
# span 0 =      14027,      21572       
# span 1 = 326.733755, 326.737394       
# span 2 =  -62.20580,  -62.20578       
# span 3 =  -58.30022,  -58.30018       
# span 4 =     -0.792,     -0.113       
# span 5 =    1447.10,    1447.10       
# span 6 =      2.000,    160.000       
# span 7 =      1.984,    158.404       
# span 8 =    -0.6205,    -0.1582       
# span 9 =    -0.6202,    -0.1581       
# span 10 =    -0.0084,     0.0053      
# span 11 =    -0.6253,    -0.1584      
# span 12 =    -0.6250,    -0.1583      
# span 13 =    -0.0084,     0.0053      
# span 14 =   2.801078,   2.825015      
# span 15 =   2.801494,   2.825472      
# span 16 =  -0.000165,   0.000759      
# span 17 =    34.1290,    34.2506      
# span 18 =    34.1345,    34.2558      
# span 19 =     7.1955,     7.7083      
# span 20 =    27.4110,    27.5308      
# span 21 =    27.4155,    27.5350      
# span 22 =    312.740,    335.065      
# span 23 =  351.77296,  355.73621      
# span 24 =  353.27751,  357.34364      
# span 25 =    34.1288,    34.2506      
# span 26 =    27.4111,    27.5308      
# span 27 =    1446.58,    1447.86      
# span 28 =    1446.59,    1447.87      
# span 29 =    -0.6252,    -0.1584      
# span 30 =  1027.4255,  1028.3013      
# span 31 =    34.2935,    34.4173      
# span 32 = 0.0000e+00, 0.0000e+00      
# interval = decibars: 1                
# start_time = Nov 22 2019 17:26:52 [NMEA time, header]
# bad_flag = -9.990e-29
*END*
[from data line 88]
      18096 326.735717  -62.20578  -58.30020     -0.615    1447.10     72.000     71.294    -0.5040    -0.5050    -0.0010    -0.5062    -0.5072    -0.0010   2.803515   2.803843   0.000329    34.1884    34.1940     7.4563    27.4754    27.4799    324.096  354.81419  356.39372    34.1892    27.4760    1446.89    1446.89    -0.5062  1027.8251    34.3546 0.0000e+00
      18131 326.735734  -62.20578  -58.30020     -0.661    1447.10     71.000     70.306    -0.4966    -0.4976    -0.0010    -0.4988    -0.4998    -0.0010   2.803848   2.804208   0.000359    34.1854    34.1913     7.4660    27.4726    27.4774    324.517  354.75378  356.33159    34.1860    27.4730    1446.90    1446.91    -0.4987  1027.8174    34.3513 0.0000e+00
      18165 326.735750  -62.20578  -58.30020     -0.716    1447.10     70.000     69.316    -0.4937    -0.4987    -0.0050    -0.4958    -0.5008    -0.0050   2.803943   2.804040   0.000137    34.1841    34.1916     7.4816    27.4714    27.4776    325.194  354.72982  356.30693    34.1846    27.4718    1446.90    1446.88    -0.4958  1027.8113    34.3499 0.0000e+00
      18199 326.735767  -62.20578  -58.30020     -0.697    1447.10     69.000     68.328    -0.4930    -0.4983    -0.0053    -0.4951    -0.5004    -0.0053   2.803950   2.804094   0.000131    34.1840    34.1917     7.4926    27.4713    27.4777    325.673  354.72381  356.30078    34.1845    27.4717    1446.89    1446.87    -0.4951  1027.8064    34.3498 0.0000e+00
      18234 326.735784  -62.20578  -58.30020     -0.685    1447.10     68.000     67.334    -0.4910    -0.4913    -0.0004    -0.4931    -0.4934    -0.0004   2.804009   2.804394   0.000381    34.1831    34.1887     7.4987    27.4705    27.4750    325.938  354.70718  356.28367    34.1836    27.4709    1446.88    1446.88    -0.4930  1027.8008    34.3489 0.0000e+00
      18268 326.735800  -62.20578  -58.30020     -0.708    1447.10     67.000     66.346    -0.4898    -0.4900    -0.0002    -0.4918    -0.4920    -0.0002   2.804012   2.804408   0.000390    34.1826    34.1880     7.4988    27.4700    27.4744    325.942  354.69765  356.27387    34.1829    27.4703    1446.87    1446.87    -0.4918  1027.7954    34.3482 0.0000e+00
      18302 326.735817  -62.20578  -58.30020     -0.702    1447.10     66.000     65.356    -0.4900    -0.4897     0.0003    -0.4920    -0.4917     0.0003   2.803949   2.804374   0.000420    34.1827    34.1880     7.5032    27.4701    27.4743    326.134  354.69926  356.27552    34.1830    27.4703    1446.85    1446.86    -0.4920  1027.7907    34.3483 0.0000e+00
      18339 326.735834  -62.20578  -58.30020     -0.662    1447.10     65.000     64.366    -0.4895    -0.4899    -0.0004    -0.4915    -0.4919    -0.0004   2.803920   2.804310   0.000389    34.1824    34.1881     7.5047    27.4698    27.4744    326.201  354.69573  356.27188    34.1826    27.4700    1446.84    1446.84    -0.4914  1027.7856    34.3479 0.0000e+00
      18375 326.735852  -62.20578  -58.30020     -0.659    1447.10     64.000     63.376    -0.4889    -0.4887     0.0002    -0.4909    -0.4906     0.0002   2.803885   2.804313   0.000422    34.1819    34.1873     7.5034    27.4694    27.4738    326.142  354.69142  356.26741    34.1821    27.4695    1446.82    1446.83    -0.4908  1027.7804    34.3474 0.0000e+00
      18408 326.735868  -62.20578  -58.30020     -0.712    1447.10     63.000     62.386    -0.4887    -0.4879     0.0008    -0.4906    -0.4898     0.0008   2.803853   2.804295   0.000441    34.1818    34.1868     7.4963    27.4693    27.4733    325.834  354.68944  356.26538    34.1820    27.4695    1446.81    1446.81    -0.4906  1027.7755    34.3473 0.0000e+00
      18439 326.735882  -62.20578  -58.30020     -0.771    1447.10     62.000     61.396    -0.4882    -0.4877     0.0005    -0.4901    -0.4896     0.0005   2.803784   2.804231   0.000444    34.1811    34.1865     7.4969    27.4687    27.4730    325.858  354.68733  356.26314    34.1812    27.4688    1446.79    1446.80    -0.4901  1027.7701    34.3465 0.0000e+00
      18470 326.735897  -62.20578  -58.30020     -0.776    1447.10     61.000     60.405    -0.4881    -0.4878     0.0003    -0.4899    -0.4897     0.0003   2.803723   2.804152   0.000430    34.1807    34.1862     7.5063    27.4684    27.4728    326.271  354.68709  356.26285    34.1809    27.4685    1446.77    1446.78    -0.4899  1027.7650    34.3461 0.0000e+00
      18504 326.735914  -62.20578  -58.30020     -0.728    1447.10     60.000     59.415    -0.4882    -0.4879     0.0002    -0.4901    -0.4898     0.0002   2.803655   2.804085   0.000430    34.1806    34.1861     7.5093    27.4683    27.4727    326.400  354.68846  356.26423    34.1807    27.4683    1446.76    1446.76    -0.4900  1027.7600    34.3459 0.0000e+00
      18540 326.735931  -62.20578  -58.30020     -0.674    1447.10     59.000     58.425    -0.4882    -0.4880     0.0002    -0.4900    -0.4898     0.0002   2.803598   2.804027   0.000427    34.1805    34.1859     7.5066    27.4682    27.4726    326.280  354.68876  356.26452    34.1805    27.4682    1446.74    1446.75    -0.4900  1027.7551    34.3457 0.0000e+00
      18576 326.735949  -62.20578  -58.30020     -0.650    1447.10     58.000     57.435    -0.4881    -0.4881     0.0000    -0.4899    -0.4899     0.0000   2.803545   2.803969   0.000424    34.1803    34.1860     7.5075    27.4681    27.4726    326.321  354.68859  356.26433    34.1803    27.4681    1446.72    1446.73    -0.4898  1027.7502    34.3456 0.0000e+00
      18610 326.735965  -62.20578  -58.30020     -0.694    1447.10     57.000     56.445    -0.4881    -0.4880     0.0001    -0.4898    -0.4897     0.0001   2.803496   2.803922   0.000424    34.1803    34.1859     7.5084    27.4680    27.4725    326.359  354.68825  356.26398    34.1803    27.4680    1446.71    1446.72    -0.4898  1027.7453    34.3455 0.0000e+00
      18641 326.735980  -62.20578  -58.30020     -0.765    1447.10     56.000     55.455    -0.4886    -0.4883     0.0003    -0.4903    -0.4900     0.0003   2.803392   2.803824   0.000433    34.1801    34.1856     7.5005    27.4679    27.4723    326.014  354.69387  356.26971    34.1801    27.4679    1446.69    1446.70    -0.4903  1027.7405    34.3453 0.0000e+00
      18671 326.735995  -62.20578  -58.30020     -0.792    1447.10     55.000     54.465    -0.4891    -0.4890     0.0002    -0.4908    -0.4906     0.0002   2.803296   2.803736   0.000438    34.1801    34.1858     7.5055    27.4679    27.4725    326.233  354.69869  356.27464    34.1800    27.4678    1446.67    1446.68    -0.4908  1027.7356    34.3452 0.0000e+00
      18703 326.736010  -62.20578  -58.30020     -0.769    1447.10     54.000     53.480    -0.4884    -0.4877     0.0007    -0.4901    -0.4894     0.0007   2.803282   2.803749   0.000462    34.1796    34.1849     7.4985    27.4674    27.4718    325.932  354.69357  356.26933    34.1796    27.4675    1446.66    1446.67    -0.4900  1027.7305    34.3448 0.0000e+00
      18736 326.736026  -62.20578  -58.30020     -0.732    1447.10     53.000     52.480    -0.4867    -0.4864     0.0003    -0.4883    -0.4880     0.0003   2.803352   2.803753   0.000417    34.1790    34.1843     7.4953    27.4669    27.4712    325.794  354.67864  356.25401    34.1792    27.4671    1446.65    1446.66    -0.4883  1027.7253    34.3444 0.0000e+00
      18768 326.736041  -62.20578  -58.30020     -0.739    1447.10     52.000     51.494    -0.4835    -0.4834     0.0001    -0.4851    -0.4850     0.0001   2.803527   2.803953   0.000410    34.1784    34.1838     7.4998    27.4663    27.4706    325.989  354.65077  356.22543    34.1786    27.4664    1446.65    1446.65    -0.4851  1027.7198    34.3438 0.0000e+00
      18799 326.736056  -62.20578  -58.30020     -0.767    1447.10     51.000     50.504    -0.4805    -0.4800     0.0006    -0.4821    -0.4816     0.0006   2.803703   2.804137   0.000440    34.1778    34.1831     7.5096    27.4657    27.4699    326.412  354.62478  356.19879    34.1782    27.4660    1446.64    1446.65    -0.4820  1027.7146    34.3434 0.0000e+00
      18832 326.736072  -62.20578  -58.30020     -0.745    1447.10     50.000     49.514    -0.4770    -0.4781    -0.0011    -0.4785    -0.4797    -0.0011   2.803877   2.804205   0.000333    34.1769    34.1826     7.5169    27.4648    27.4695    326.732  354.59453  356.16775    34.1772    27.4651    1446.64    1446.64    -0.4785  1027.7089    34.3424 0.0000e+00
      18866 326.736089  -62.20578  -58.30020     -0.699    1447.10     49.000     48.524    -0.4769    -0.4767     0.0002    -0.4784    -0.4782     0.0002   2.803830   2.804248   0.000417    34.1769    34.1822     7.5266    27.4648    27.4691    327.154  354.59361  356.16681    34.1771    27.4650    1446.63    1446.64    -0.4784  1027.7040    34.3423 0.0000e+00
      18898 326.736104  -62.20578  -58.30020     -0.730    1447.10     48.000     47.534    -0.4776    -0.4771     0.0005    -0.4791    -0.4786     0.0005   2.803740   2.804174   0.000431    34.1772    34.1824     7.5268    27.4650    27.4692    327.164  354.59920  356.17256    34.1773    27.4651    1446.61    1446.62    -0.4790  1027.6994    34.3424 0.0000e+00
      18930 326.736120  -62.20578  -58.30020     -0.758    1447.10     47.000     46.543    -0.4779    -0.4772     0.0008    -0.4794    -0.4786     0.0008   2.803669   2.804131   0.000456    34.1773    34.1825     7.5294    27.4651    27.4693    327.275  354.60216  356.17559    34.1773    27.4652    1446.59    1446.60    -0.4793  1027.6946    34.3424 0.0000e+00
      18965 326.736136  -62.20578  -58.30020     -0.697    1447.10     46.000     45.553    -0.4724    -0.4721     0.0003    -0.4738    -0.4736     0.0003   2.804009   2.804429   0.000433    34.1756    34.1811     7.5274    27.4636    27.4680    327.188  354.55530  356.12748    34.1763    27.4641    1446.60    1446.60    -0.4738  1027.6887    34.3414 0.0000e+00
      19002 326.736154  -62.20578  -58.30020     -0.657    1447.10     45.000     44.563    -0.4680    -0.4676     0.0003    -0.4693    -0.4690     0.0003   2.804190   2.804640   0.000436    34.1739    34.1794     7.5288    27.4620    27.4664    327.251  354.51822  356.08937    34.1743    27.4623    1446.60    1446.61    -0.4693  1027.6821    34.3394 0.0000e+00
      19036 326.736170  -62.20578  -58.30020     -0.698    1447.10     44.000     43.573    -0.4640    -0.4622     0.0018    -0.4653    -0.4635     0.0018   2.804370   2.804890   0.000514    34.1723    34.1772     7.5295    27.4605    27.4643    327.281  354.48562  356.05585    34.1729    27.4609    1446.60    1446.61    -0.4653  1027.6760    34.3379 0.0000e+00
      19068 326.736186  -62.20578  -58.30020     -0.734    1447.10     43.000     42.583    -0.4597    -0.4592     0.0005    -0.4610    -0.4605     0.0005   2.804569   2.805003   0.000440    34.1706    34.1760     7.5351    27.4589    27.4632    327.524  354.45029  356.01952    34.1713    27.4595    1446.60    1446.61    -0.4610  1027.6698    34.3363 0.0000e+00
      19103 326.736203  -62.20578  -58.30020     -0.711    1447.10     42.000     41.593    -0.4568    -0.4588    -0.0021    -0.4581    -0.4601    -0.0021   2.804667   2.804963   0.000305    34.1695    34.1759     7.5386    27.4579    27.4632    327.679  354.42623  355.99478    34.1700    27.4583    1446.60    1446.59    -0.4581  1027.6637    34.3350 0.0000e+00
      19139 326.736220  -62.20578  -58.30020     -0.656    1447.10     41.000     40.602    -0.4561    -0.4560     0.0000    -0.4573    -0.4573     0.0000   2.804678   2.805111   0.000426    34.1693    34.1751     7.5491    27.4577    27.4623    328.131  354.41991  355.98831    34.1699    27.4582    1446.58    1446.59    -0.4573  1027.6589    34.3349 0.0000e+00
      19176 326.736238  -62.20578  -58.30020     -0.659    1447.10     40.000     39.612    -0.4511    -0.4493     0.0017    -0.4523    -0.4506     0.0017   2.804993   2.805525   0.000526    34.1684    34.1735     7.5538    27.4567    27.4608    328.336  354.37608  355.94337    34.1691    27.4573    1446.59    1446.60    -0.4523  1027.6532    34.3341 0.0000e+00
      19209 326.736254  -62.20578  -58.30020     -0.701    1447.10     39.000     38.622    -0.4378    -0.4384    -0.0006    -0.4390    -0.4396    -0.0006   2.806045   2.806321   0.000322    34.1671    34.1721     7.5600    27.4551    27.4591    328.608  354.25595  355.82039    34.1689    27.4566    1446.63    1446.64    -0.4390  1027.6476    34.3339 0.0000e+00
      19242 326.736270  -62.20578  -58.30020     -0.730    1447.10     38.000     37.636    -0.4251    -0.4294    -0.0044    -0.4263    -0.4306    -0.0044   2.806834   2.807003   0.000126    34.1642    34.1708     7.5734    27.4521    27.4577    329.190  354.14584  355.70746    34.1658    27.4535    1446.67    1446.66    -0.4263  1027.6397    34.3308 0.0000e+00
      19275 326.736286  -62.20578  -58.30020     -0.724    1447.10     37.000     36.638    -0.4150    -0.4107     0.0043    -0.4162    -0.4119     0.0043   2.807476   2.808221   0.000704    34.1627    34.1673     7.5864    27.4504    27.4540    329.758  354.05639  355.61583    34.1638    27.4513    1446.70    1446.73    -0.4161  1027.6328    34.3287 0.0000e+00
      19309 326.736302  -62.20578  -58.30020     -0.706    1447.10     36.000     35.651    -0.4095    -0.4043     0.0053    -0.4106    -0.4054     0.0053   2.807920   2.808649   0.000759    34.1623    34.1665     7.5941    27.4499    27.4531    330.092  354.00638  355.56465    34.1641    27.4514    1446.71    1446.74    -0.4106  1027.6280    34.3290 0.0000e+00
      19342 326.736318  -62.20578  -58.30020     -0.721    1447.10     35.000     34.661    -0.4030    -0.4013     0.0017    -0.4041    -0.4024     0.0017   2.808206   2.808780   0.000553    34.1603    34.1658     7.6030    27.4480    27.4523    330.480  353.95125  355.50805    34.1612    27.4487    1446.72    1446.74    -0.4041  1027.6206    34.3261 0.0000e+00
      19375 326.736334  -62.20578  -58.30020     -0.737    1447.10     34.000     33.671    -0.4008    -0.3990     0.0018    -0.4018    -0.4001     0.0018   2.808335   2.808827   0.000511    34.1598    34.1646     7.6183    27.4475    27.4513    331.144  353.93185  355.48815    34.1610    27.4485    1446.71    1446.73    -0.4018  1027.6155    34.3259 0.0000e+00
      19409 326.736350  -62.20578  -58.30020     -0.715    1447.10     33.000     32.682    -0.3969    -0.3967     0.0002    -0.3979    -0.3977     0.0002   2.808526   2.808889   0.000391    34.1586    34.1636     7.6127    27.4463    27.4503    330.900  353.89907  355.45450    34.1599    27.4474    1446.72    1446.72    -0.3979  1027.6096    34.3247 0.0000e+00
      19444 326.736367  -62.20578  -58.30020     -0.688    1447.10     32.000     31.689    -0.3868    -0.3862     0.0006    -0.3878    -0.3872     0.0006   2.809194   2.809658   0.000437    34.1569    34.1620     7.6118    27.4444    27.4486    330.861  353.81019  355.36342    34.1581    27.4455    1446.74    1446.75    -0.3878  1027.6030    34.3229 0.0000e+00
      19478 326.736383  -62.20579  -58.30020     -0.706    1447.10     31.000     30.700    -0.3822    -0.3801     0.0021    -0.3831    -0.3811     0.0021   2.809452   2.809986   0.000539    34.1556    34.1605     7.6146    27.4432    27.4471    330.985  353.77024  355.32243    34.1569    27.4443    1446.75    1446.76    -0.3831  1027.5970    34.3217 0.0000e+00
      19511 326.736399  -62.20580  -58.30020     -0.726    1447.10     30.000     29.710    -0.3713    -0.3719    -0.0005    -0.3723    -0.3728    -0.0006   2.810311   2.810557   0.000299    34.1549    34.1595     7.6144    27.4422    27.4459    330.976  353.67176  355.22165    34.1569    27.4438    1446.78    1446.78    -0.3722  1027.5916    34.3217 0.0000e+00
