Pos-Processados/process_op38/Processamento_split/up/uoperantar38_014.cnv
* Sea-Bird SBE 9 Data File:
* FileName = D:\OPERANTAR_XXXVIII\DADOS\OP38_014.hdr
* Software Version Seasave V 7.18c
* Temperature SN = 4808
* Conductivity SN = 3380
* Number of Bytes Per Scan = 34
* Number of Voltage Words = 3
* Number of Scans Averaged by the Deck Unit = 1
* NMEA Latitude = 62 11.37 S
* NMEA Longitude = 058 03.45 W
* NMEA UTC (Time) = Nov 05 2019 06:03:04
** H41
** NAVIO POLAR ALMIRANTE MAXIMIANO
** CRUZEIRO:
** OPERANTAR XXXVIII
** ESTAÇÃO: OP38_014
** LAT 62 11,38' S
** LONG 058 03,41' W
** 09P73767-1155_A
** PROFUNDIDADE: 480
** DATA/HORA: 050604Z/NOV/2019
** OPERADOR: SO-HN CHAVES
# nquan = 32
# nvalues = 407                         
# units = specified
# name 0 = scan: Scan Count
# name 1 = timeJ: Julian Days
# name 2 = latitude: Latitude [deg]
# name 3 = longitude: Longitude [deg]
# name 4 = dz/dtM: Descent Rate [m/s]
# name 5 = avgsvCM: Average Sound Velocity [Chen-Millero, m/s]
# name 6 = prDM: Pressure, Digiquartz [db]
# name 7 = depSM: Depth [salt water, m]
# name 8 = t090C: Temperature [ITS-90, deg C]
# name 9 = t190C: Temperature, 2 [ITS-90, deg C]
# name 10 = T2-T190C: Temperature Difference, 2 - 1 [ITS-90, deg C]
# name 11 = potemp090C: Potential Temperature [ITS-90, deg C]
# name 12 = potemp190C: Potential Temperature, 2 [ITS-90, deg C]
# name 13 = potemp90Cdiff: Potential Temperature, Diff, 2 - 1 [ITS-90, deg C]
# name 14 = c0S/m: Conductivity [S/m]
# name 15 = c1S/m: Conductivity, 2 [S/m]
# name 16 = C2-C1S/m: Conductivity Difference, 2 - 1 [S/m]
# name 17 = sal00: Salinity, Practical [PSU]
# name 18 = sal11: Salinity, Practical, 2 [PSU]
# name 19 = sbeox0ML/L: Oxygen, SBE 43 [ml/l]
# name 20 = sbeox1ML/L: Oxygen, SBE 43, 2 [ml/l]
# name 21 = sbeox0ML/Ldiff: Oxygen, SBE 43, Diff, 2 - 1 [ml/l]
# name 22 = sigma-é00: Density [sigma-theta, kg/m^3]
# name 23 = sigma-é11: Density, 2 [sigma-theta, kg/m^3]
# name 24 = sal00: Salinity, Practical [PSU]
# name 25 = sigma-é00: Density [sigma-theta, kg/m^3]
# name 26 = svCM: Sound Velocity [Chen-Millero, m/s]
# name 27 = svCM1: Sound Velocity, 2 [Chen-Millero, m/s]
# name 28 = gsw_ptA0: potential temperature [ITS-90, deg C]
# name 29 = gsw_densityA0: density, TEOS-10 [density, kg/m^3]
# name 30 = gsw_saA0: Absolute Salinity [g/kg]
# name 31 = flag:
# span 0 =      12928,      28732       
# span 1 = 309.258364, 309.265985       
# span 2 =  -62.18964,  -62.18960       
# span 3 =  -58.05758,  -58.05752       
# span 4 =     -1.429,     -0.113       
# span 5 =    1448.26,    1448.26       
# span 6 =      1.000,    407.000       
# span 7 =      1.026,    402.696       
# span 8 =    -0.9709,    -0.4397       
# span 9 =    -0.9709,    -0.4350       
# span 10 =    -0.0113,     0.0434      
# span 11 =    -0.9733,    -0.4516      
# span 12 =    -0.9733,    -0.4469      
# span 13 =    -0.0113,     0.0434      
# span 14 =   2.766477,   2.843850      
# span 15 =   2.766943,   2.844255      
# span 16 =  -0.000648,   0.003753      
# span 17 =    34.1502,    34.4868      
# span 18 =    34.1574,    34.4923      
# span 19 =     6.0019,     7.6878      
# span 20 =     5.7541,     7.4082      
# span 21 =    -0.3782,    -0.2355      
# span 22 =    27.4565,    27.7159      
# span 23 =    27.4607,    27.7203      
# span 24 =    34.1518,    34.4868      
# span 25 =    27.4561,    27.7159      
# span 26 =    1444.16,    1452.90      
# span 27 =    1444.18,    1452.92      
# span 28 =    -0.9732,    -0.4514      
# span 29 =  1027.4664,  1029.6589      
# span 30 =    34.3166,    34.6556      
# span 31 = 0.0000e+00, 0.0000e+00      
# interval = decibars: 1                
# start_time = Nov 05 2019 06:03:04 [NMEA time, header]
# bad_flag = -9.990e-29
*END*
[from data line 182]
      18079 309.260848  -62.18962  -58.05754     -1.153    1448.26    225.000    222.719    -0.7796    -0.7792     0.0004    -0.7864    -0.7859     0.0004   2.798821   2.799263   0.000460    34.3439    34.3497     6.6442     6.3793    -0.2649    27.6132    27.6178    34.3437    27.6130    1448.30    1448.31    -0.7862  1028.6946    34.5112 0.0000e+00
      18100 309.260858  -62.18962  -58.05754     -1.140    1448.26    224.000    221.730    -0.7797    -0.7798    -0.0001    -0.7864    -0.7865    -0.0001   2.798759   2.799157   0.000396    34.3439    34.3493     6.6506     6.3831    -0.2676    27.6132    27.6176    34.3436    27.6129    1448.28    1448.29    -0.7862  1028.6897    34.5111 0.0000e+00
      18122 309.260869  -62.18962  -58.05754     -1.114    1448.26    223.000    220.740    -0.7797    -0.7797     0.0000    -0.7864    -0.7864     0.0000   2.798716   2.799129   0.000411    34.3438    34.3494     6.6524     6.3788    -0.2736    27.6131    27.6176    34.3436    27.6129    1448.26    1448.27    -0.7862  1028.6850    34.5111 0.0000e+00
      18145 309.260879  -62.18962  -58.05754     -1.089    1448.26    222.000    219.751    -0.7797    -0.7796     0.0001    -0.7864    -0.7863     0.0000   2.798672   2.799082   0.000410    34.3438    34.3493     6.6509     6.3814    -0.2694    27.6131    27.6176    34.3436    27.6130    1448.25    1448.26    -0.7862  1028.6802    34.5111 0.0000e+00
      18168 309.260891  -62.18962  -58.05754     -1.044    1448.26    221.000    218.761    -0.7797    -0.7797     0.0001    -0.7864    -0.7863     0.0000   2.798626   2.799031   0.000406    34.3439    34.3493     6.6529     6.3801    -0.2729    27.6132    27.6175    34.3437    27.6130    1448.23    1448.24    -0.7862  1028.6755    34.5112 0.0000e+00
      18195 309.260904  -62.18962  -58.05754     -0.955    1448.26    220.000    217.780    -0.7798    -0.7798     0.0000    -0.7863    -0.7863 4.0275e-07   2.798576   2.798985   0.000412    34.3438    34.3494     6.6556     6.3740    -0.2816    27.6131    27.6176    34.3436    27.6130    1448.21    1448.22    -0.7862  1028.6707    34.5111 0.0000e+00
      18225 309.260918  -62.18962  -58.05754     -0.826    1448.26    219.000    216.777    -0.7796    -0.7796    -0.0000    -0.7861    -0.7861    -0.0000   2.798557   2.798976   0.000415    34.3439    34.3495     6.6543     6.3789    -0.2754    27.6131    27.6177    34.3438    27.6131    1448.20    1448.21    -0.7860  1028.6660    34.5113 0.0000e+00
      18255 309.260933  -62.18962  -58.05754     -0.780    1448.26    218.000    215.794    -0.7793    -0.7791     0.0002    -0.7859    -0.7857     0.0002   2.798543   2.798959   0.000417    34.3440    34.3495     6.6508     6.3864    -0.2644    27.6133    27.6177    34.3439    27.6132    1448.18    1448.19    -0.7857  1028.6614    34.5114 0.0000e+00
      18279 309.260944  -62.18962  -58.05754     -0.902    1448.26    217.000    214.804    -0.7798    -0.7797     0.0001    -0.7863    -0.7862     0.0001   2.798416   2.798830   0.000416    34.3436    34.3492     6.6513     6.3872    -0.2641    27.6129    27.6174    34.3433    27.6127    1448.17    1448.17    -0.7861  1028.6562    34.5108 0.0000e+00
      18298 309.260953  -62.18962  -58.05754     -1.099    1448.26    216.000    213.815    -0.7815    -0.7811     0.0003    -0.7879    -0.7876     0.0003   2.798156   2.798616   0.000452    34.3430    34.3487     6.6496     6.3839    -0.2657    27.6125    27.6171    34.3423    27.6120    1448.14    1448.15    -0.7878  1028.6506    34.5098 0.0000e+00
      18315 309.260962  -62.18962  -58.05754     -1.280    1448.26    215.000    212.825    -0.7834    -0.7829     0.0005    -0.7899    -0.7894     0.0005   2.797920   2.798380   0.000462    34.3423    34.3480     6.6493     6.3815    -0.2677    27.6121    27.6167    34.3420    27.6118    1448.11    1448.12    -0.7897  1028.6457    34.5095 0.0000e+00
      18331 309.260969  -62.18962  -58.05754     -1.397    1448.26    214.000    211.836    -0.7838    -0.7837     0.0001    -0.7901    -0.7901     0.0001   2.797832   2.798255   0.000424    34.3421    34.3477     6.6531     6.3829    -0.2702    27.6119    27.6164    34.3418    27.6116    1448.10    1448.10    -0.7900  1028.6408    34.5093 0.0000e+00
      18349 309.260978  -62.18962  -58.05754     -1.429    1448.26    213.000    210.847    -0.7840    -0.7839     0.0001    -0.7904    -0.7903     0.0001   2.797765   2.798179   0.000421    34.3421    34.3476     6.6551     6.3828    -0.2724    27.6119    27.6164    34.3418    27.6116    1448.08    1448.09    -0.7902  1028.6360    34.5093 0.0000e+00
      18368 309.260987  -62.18962  -58.05754     -1.352    1448.26    212.000    209.857    -0.7845    -0.7845    -0.0000    -0.7908    -0.7908    -0.0000   2.797667   2.798058   0.000390    34.3419    34.3472     6.6567     6.3826    -0.2741    27.6117    27.6160    34.3416    27.6115    1448.06    1448.07    -0.7906  1028.6311    34.5090 0.0000e+00
      18391 309.260998  -62.18962  -58.05754     -1.171    1448.26    211.000    208.868    -0.7840    -0.7842    -0.0002    -0.7903    -0.7905    -0.0002   2.797720   2.798077   0.000361    34.3424    34.3475     6.6562     6.3812    -0.2751    27.6121    27.6163    34.3424    27.6121    1448.05    1448.05    -0.7901  1028.6269    34.5098 0.0000e+00
      18418 309.261011  -62.18962  -58.05754     -0.943    1448.26    210.000    207.879    -0.7836    -0.7834     0.0003    -0.7899    -0.7896     0.0002   2.797680   2.798113   0.000429    34.3422    34.3477     6.6612     6.3873    -0.2739    27.6120    27.6164    34.3420    27.6118    1448.03    1448.04    -0.7897  1028.6219    34.5095 0.0000e+00
      18448 309.261026  -62.18962  -58.05754     -0.802    1448.26    209.000    206.889    -0.7836    -0.7839    -0.0003    -0.7898    -0.7901    -0.0003   2.797659   2.798014   0.000362    34.3424    34.3477     6.6660     6.3837    -0.2823    27.6121    27.6164    34.3423    27.6121    1448.02    1448.02    -0.7897  1028.6173    34.5098 0.0000e+00
      18476 309.261039  -62.18962  -58.05754     -0.828    1448.26    208.000    205.900    -0.7836    -0.7838    -0.0002    -0.7898    -0.7900    -0.0002   2.797568   2.797958   0.000391    34.3420    34.3476     6.6625     6.3895    -0.2731    27.6118    27.6163    34.3418    27.6116    1448.00    1448.01    -0.7897  1028.6121    34.5092 0.0000e+00
      18502 309.261052  -62.18962  -58.05754     -0.916    1448.26    207.000    204.910    -0.7859    -0.7857     0.0002    -0.7920    -0.7919     0.0002   2.797271   2.797658   0.000391    34.3411    34.3462     6.6604     6.3866    -0.2738    27.6111    27.6153    34.3409    27.6110    1447.97    1447.98    -0.7919  1028.6067    34.5083 0.0000e+00
      18526 309.261063  -62.18962  -58.05754     -0.970    1448.26    206.000    203.921    -0.7853    -0.7859    -0.0006    -0.7915    -0.7921    -0.0006   2.797288   2.797627   0.000336    34.3413    34.3466     6.6588     6.3870    -0.2717    27.6113    27.6156    34.3412    27.6112    1447.96    1447.96    -0.7913  1028.6021    34.5086 0.0000e+00
      18549 309.261074  -62.18962  -58.05754     -1.006    1448.26    205.000    202.932    -0.7881    -0.7865     0.0017    -0.7942    -0.7926     0.0017   2.796792   2.797451   0.000644    34.3390    34.3458     6.6647     6.3949    -0.2698    27.6096    27.6150    34.3382    27.6089    1447.92    1447.94    -0.7940  1028.5951    34.5056 0.0000e+00
      18570 309.261085  -62.18962  -58.05754     -1.077    1448.26    204.000    201.942    -0.7869    -0.7876    -0.0007    -0.7930    -0.7936    -0.0007   2.796897   2.797205   0.000316    34.3387    34.3437     6.6631     6.3914    -0.2717    27.6092    27.6133    34.3389    27.6094    1447.91    1447.92    -0.7928  1028.5908    34.5063 0.0000e+00
      18591 309.261095  -62.18962  -58.05754     -1.147    1448.26    203.000    200.953    -0.7817    -0.7809     0.0008    -0.7878    -0.7870     0.0008   2.797240   2.797622   0.000435    34.3374    34.3424     6.6657     6.3855    -0.2802    27.6080    27.6120    34.3383    27.6087    1447.92    1447.93    -0.7876  1028.5853    34.5057 0.0000e+00
      18611 309.261104  -62.18962  -58.05754     -1.176    1448.26    202.000    199.964    -0.7690    -0.7734    -0.0044    -0.7750    -0.7795    -0.0044   2.798191   2.798276   0.000052    34.3362    34.3419     6.6709     6.3848    -0.2861    27.6065    27.6113    34.3372    27.6073    1447.96    1447.95    -0.7749  1028.5791    34.5046 0.0000e+00
      18633 309.261115  -62.18962  -58.05754     -1.138    1448.26    201.000    198.974    -0.7645    -0.7639     0.0007    -0.7705    -0.7699     0.0007   2.798465   2.798917   0.000457    34.3354    34.3409     6.6814     6.3911    -0.2903    27.6057    27.6100    34.3365    27.6066    1447.97    1447.98    -0.7704  1028.5735    34.5039 0.0000e+00
      18655 309.261126  -62.18962  -58.05754     -1.084    1448.26    200.000    197.985    -0.7599    -0.7603    -0.0004    -0.7659    -0.7662    -0.0004   2.798722   2.799111   0.000396    34.3345    34.3403     6.6931     6.4088    -0.2842    27.6048    27.6094    34.3353    27.6054    1447.97    1447.98    -0.7657  1028.5676    34.5027 0.0000e+00
      18676 309.261136  -62.18962  -58.05754     -1.102    1448.26    199.000    196.995    -0.7540    -0.7569    -0.0029    -0.7600    -0.7628    -0.0028   2.799164   2.799394   0.000204    34.3343    34.3402     6.6938     6.4227    -0.2711    27.6043    27.6093    34.3352    27.6051    1447.98    1447.98    -0.7598  1028.5624    34.5026 0.0000e+00
      18696 309.261145  -62.18962  -58.05754     -1.161    1448.26    198.000    196.006    -0.7528    -0.7521     0.0007    -0.7588    -0.7581     0.0007   2.799148   2.799618   0.000472    34.3336    34.3392     6.6887     6.4229    -0.2659    27.6037    27.6082    34.3343    27.6043    1447.97    1447.98    -0.7586  1028.5568    34.5017 0.0000e+00
      18714 309.261154  -62.18962  -58.05754     -1.260    1448.26    197.000    195.016    -0.7513    -0.7507     0.0006    -0.7572    -0.7566     0.0006   2.799087   2.799527   0.000451    34.3317    34.3372     6.6870     6.4284    -0.2586    27.6021    27.6065    34.3324    27.6026    1447.96    1447.97    -0.7570  1028.5504    34.4997 0.0000e+00
      18731 309.261162  -62.18962  -58.05754     -1.347    1448.26    196.000    194.027    -0.7485    -0.7493    -0.0008    -0.7544    -0.7552    -0.0008   2.799144   2.799500   0.000361    34.3296    34.3354     6.6934     6.4365    -0.2569    27.6003    27.6050    34.3306    27.6011    1447.95    1447.96    -0.7542  1028.5441    34.4980 0.0000e+00
      18751 309.261172  -62.18962  -58.05754     -1.318    1448.26    195.000    193.037    -0.7446    -0.7472    -0.0026    -0.7505    -0.7531    -0.0026   2.799298   2.799553   0.000275    34.3280    34.3347     6.7017     6.4405    -0.2612    27.5989    27.6044    34.3289    27.5995    1447.95    1447.95    -0.7503  1028.5377    34.4962 0.0000e+00
      18773 309.261183  -62.18962  -58.05754     -1.181    1448.26    194.000    192.048    -0.7433    -0.7492    -0.0059    -0.7491    -0.7550    -0.0059   2.799348   2.799402   0.000077    34.3280    34.3357     6.7103     6.4362    -0.2741    27.5988    27.6053    34.3287    27.5993    1447.94    1447.92    -0.7490  1028.5327    34.4960 0.0000e+00
      18801 309.261196  -62.18962  -58.05754     -0.942    1448.26    193.000    191.058    -0.7488    -0.7486     0.0002    -0.7546    -0.7543     0.0002   2.798989   2.799415   0.000405    34.3304    34.3356     6.7253     6.4356    -0.2897    27.6009    27.6051    34.3307    27.6012    1447.90    1447.91    -0.7544  1028.5299    34.4980 0.0000e+00
      18831 309.261210  -62.18962  -58.05754     -0.809    1448.26    192.000    190.069    -0.7483    -0.7473     0.0010    -0.7541    -0.7531     0.0010   2.798944   2.799438   0.000472    34.3299    34.3352     6.7313     6.4412    -0.2901    27.6005    27.6047    34.3302    27.6007    1447.89    1447.90    -0.7539  1028.5246    34.4975 0.0000e+00
      18858 309.261223  -62.18962  -58.05754     -0.845    1448.26    191.000    189.080    -0.7323    -0.7378    -0.0055    -0.7380    -0.7435    -0.0055   2.800327   2.800288  -0.000003    34.3282    34.3344     6.7329     6.4410    -0.2919    27.5985    27.6037    34.3312    27.6009    1447.95    1447.93    -0.7379  1028.5200    34.4986 0.0000e+00
      18880 309.261234  -62.18962  -58.05754     -0.973    1448.26    190.000    188.090    -0.7207    -0.7210    -0.0004    -0.7264    -0.7267    -0.0004   2.800815   2.801436   0.000472    34.3252    34.3320     6.7304     6.4405    -0.2899    27.5955    27.6010    34.3253    27.5956    1447.98    1447.99    -0.7263  1028.5098    34.4926 0.0000e+00
      18900 309.261244  -62.18962  -58.05754     -1.124    1448.26    189.000    187.100    -0.7188    -0.7036     0.0151    -0.7245    -0.7094     0.0151   2.801339   2.802679   0.001475    34.3269    34.3297     6.7303     6.4537    -0.2766    27.5969    27.5984    34.3309    27.6001    1447.98    1448.05    -0.7244  1028.5095    34.4982 0.0000e+00
      18918 309.261252  -62.18962  -58.05754     -1.252    1448.26    188.000    186.111    -0.6987    -0.7003    -0.0017    -0.7044    -0.7060    -0.0017   2.802461   2.802793   0.000309    34.3222    34.3283     6.7331     6.4624    -0.2707    27.5921    27.5972    34.3238    27.5935    1448.05    1448.05    -0.7042  1028.4980    34.4911 0.0000e+00
      18936 309.261261  -62.18962  -58.05754     -1.327    1448.26    187.000    185.121    -0.7003    -0.6988     0.0015    -0.7059    -0.7044     0.0015   2.802142   2.802685   0.000551    34.3209    34.3267     6.7392     6.4655    -0.2737    27.5912    27.5958    34.3219    27.5920    1448.02    1448.03    -0.7058  1028.4918    34.4892 0.0000e+00
      18955 309.261270  -62.18962  -58.05754     -1.305    1448.26    186.000    184.132    -0.7019    -0.7025    -0.0007    -0.7075    -0.7082    -0.0007   2.801964   2.802297   0.000339    34.3210    34.3264     6.7469     6.4650    -0.2820    27.5914    27.5957    34.3220    27.5921    1448.00    1448.00    -0.7074  1028.4871    34.4892 0.0000e+00
      18977 309.261281  -62.18962  -58.05754     -1.188    1448.26    185.000    183.142    -0.7039    -0.7043    -0.0004    -0.7095    -0.7099    -0.0004   2.801732   2.802082   0.000351    34.3209    34.3262     6.7499     6.4726    -0.2773    27.5914    27.5957    34.3217    27.5921    1447.97    1447.98    -0.7094  1028.4823    34.4890 0.0000e+00
      19000 309.261292  -62.18962  -58.05754     -1.065    1448.26    184.000    182.153    -0.7064    -0.7064    -0.0000    -0.7120    -0.7120    -0.0000   2.801390   2.801805   0.000401    34.3204    34.3259     6.7667     6.4837    -0.2829    27.5911    27.5955    34.3206    27.5912    1447.94    1447.95    -0.7118  1028.4767    34.4878 0.0000e+00
      19023 309.261303  -62.18962  -58.05754     -1.037    1448.26    183.000    181.163    -0.7125    -0.7109     0.0016    -0.7181    -0.7164     0.0016   2.800714   2.801297   0.000590    34.3190    34.3252     6.7766     6.4953    -0.2813    27.5902    27.5951    34.3190    27.5902    1447.89    1447.91    -0.7179  1028.4709    34.4863 0.0000e+00
      19045 309.261314  -62.18962  -58.05754     -1.074    1448.26    182.000    180.174    -0.7144    -0.7170    -0.0026    -0.7198    -0.7224    -0.0026   2.800589   2.800708   0.000138    34.3195    34.3243     6.7787     6.5042    -0.2746    27.5906    27.5947    34.3200    27.5911    1447.87    1447.87    -0.7197  1028.4670    34.4872 0.0000e+00
