Pos-Processados/process_op38/Processamento_split/up/uoperantar38_022.cnv
* Sea-Bird SBE 9 Data File:
* FileName = D:\OPERANTAR_XXXVIII\DADOS\OP38_022.hdr
* Software Version Seasave V 7.18c
* Temperature SN = 4808
* Conductivity SN = 3380
* Number of Bytes Per Scan = 34
* Number of Voltage Words = 3
* Number of Scans Averaged by the Deck Unit = 1
* NMEA Latitude = 62 12.34 S
* NMEA Longitude = 058 18.00 W
* NMEA UTC (Time) = Nov 22 2019 17:26:52
** H41
** NAVIO POLAR ALMIRANTE MAXIMIANO
** CRUZEIRO:
** OPERANTAR XXXVIII
** ESTAÇÃO: OP38_022
** LAT 62 12,33'S
** LONG 058 18,01'W
** 09P73767-1155_A
** PROFUNDIDADE: 200
** DATA/HORA: 221727Z/NOV/2019
** OPERADOR: SO-HN CHAVES
# nquan = 33
# nvalues = 159                         
# units = specified
# name 0 = scan: Scan Count
# name 1 = timeJ: Julian Days
# name 2 = latitude: Latitude [deg]
# name 3 = longitude: Longitude [deg]
# name 4 = dz/dtM: Descent Rate [m/s]
# name 5 = avgsvCM: Average Sound Velocity [Chen-Millero, m/s]
# name 6 = prDM: Pressure, Digiquartz [db]
# name 7 = depSM: Depth [salt water, m]
# name 8 = t090C: Temperature [ITS-90, deg C]
# name 9 = t190C: Temperature, 2 [ITS-90, deg C]
# name 10 = T2-T190C: Temperature Difference, 2 - 1 [ITS-90, deg C]
# name 11 = potemp090C: Potential Temperature [ITS-90, deg C]
# name 12 = potemp190C: Potential Temperature, 2 [ITS-90, deg C]
# name 13 = potemp90Cdiff: Potential Temperature, Diff, 2 - 1 [ITS-90, deg C]
# name 14 = c0S/m: Conductivity [S/m]
# name 15 = c1S/m: Conductivity, 2 [S/m]
# name 16 = C2-C1S/m: Conductivity Difference, 2 - 1 [S/m]
# name 17 = sal00: Salinity, Practical [PSU]
# name 18 = sal11: Salinity, Practical, 2 [PSU]
# name 19 = sbeox0ML/L: Oxygen, SBE 43 [ml/l]
# name 20 = sigma-é00: Density [sigma-theta, kg/m^3]
# name 21 = sigma-é11: Density, 2 [sigma-theta, kg/m^3]
# name 22 = sbox0Mm/Kg: Oxygen, SBE 43 [umol/kg]
# name 23 = oxsolMm/Kg: Oxygen Saturation, Garcia & Gordon [umol/kg]
# name 24 = oxsatMm/Kg: Oxygen Saturation, Weiss [umol/kg]
# name 25 = sal00: Salinity, Practical [PSU]
# name 26 = sigma-é00: Density [sigma-theta, kg/m^3]
# name 27 = svCM: Sound Velocity [Chen-Millero, m/s]
# name 28 = svCM1: Sound Velocity, 2 [Chen-Millero, m/s]
# name 29 = gsw_ptA0: potential temperature [ITS-90, deg C]
# name 30 = gsw_densityA0: density, TEOS-10 [density, kg/m^3]
# name 31 = gsw_saA0: Absolute Salinity [g/kg]
# name 32 = flag:
# span 0 =      14027,      21572       
# span 1 = 326.733755, 326.737394       
# span 2 =  -62.20580,  -62.20578       
# span 3 =  -58.30022,  -58.30018       
# span 4 =     -0.792,     -0.113       
# span 5 =    1447.10,    1447.10       
# span 6 =      2.000,    160.000       
# span 7 =      1.984,    158.404       
# span 8 =    -0.6205,    -0.1582       
# span 9 =    -0.6202,    -0.1581       
# span 10 =    -0.0084,     0.0053      
# span 11 =    -0.6253,    -0.1584      
# span 12 =    -0.6250,    -0.1583      
# span 13 =    -0.0084,     0.0053      
# span 14 =   2.801078,   2.825015      
# span 15 =   2.801494,   2.825472      
# span 16 =  -0.000165,   0.000759      
# span 17 =    34.1290,    34.2506      
# span 18 =    34.1345,    34.2558      
# span 19 =     7.1955,     7.7083      
# span 20 =    27.4110,    27.5308      
# span 21 =    27.4155,    27.5350      
# span 22 =    312.740,    335.065      
# span 23 =  351.77296,  355.73621      
# span 24 =  353.27751,  357.34364      
# span 25 =    34.1288,    34.2506      
# span 26 =    27.4111,    27.5308      
# span 27 =    1446.58,    1447.86      
# span 28 =    1446.59,    1447.87      
# span 29 =    -0.6252,    -0.1584      
# span 30 =  1027.4255,  1028.3013      
# span 31 =    34.2935,    34.4173      
# span 32 = 0.0000e+00, 0.0000e+00      
# interval = decibars: 1                
# start_time = Nov 22 2019 17:26:52 [NMEA time, header]
# bad_flag = -9.990e-29
*END*
[from data line 44]
      16343 326.734872  -62.20578  -58.30022     -0.560    1447.10    116.000    114.854    -0.5752    -0.5755    -0.0004    -0.5787    -0.5791    -0.0004   2.801595   2.801991   0.000394    34.2162    34.2219     7.3340    27.5010    27.5056    318.770  355.40302  356.99915    34.2167    27.5014    1447.31    1447.31    -0.5787  1028.0614    34.3828 0.0000e+00
      16385 326.734892  -62.20578  -58.30022     -0.573    1447.10    115.000    113.864    -0.5736    -0.5733     0.0003    -0.5771    -0.5768     0.0003   2.801632   2.802048   0.000416    34.2155    34.2208     7.3486    27.5004    27.5047    319.407  355.38978  356.98553    34.2159    27.5007    1447.30    1447.31    -0.5770  1028.0559    34.3821 0.0000e+00
      16424 326.734911  -62.20578  -58.30022     -0.609    1447.10    114.000    112.875    -0.5715    -0.5723    -0.0009    -0.5749    -0.5758    -0.0009   2.801702   2.802054   0.000361    34.2146    34.2204     7.3528    27.4995    27.5043    319.588  355.37239  356.96764    34.2151    27.5000    1447.29    1447.30    -0.5749  1028.0504    34.3813 0.0000e+00
      16466 326.734931  -62.20578  -58.30021     -0.578    1447.10    113.000    111.885    -0.5688    -0.5690    -0.0002    -0.5722    -0.5725    -0.0002   2.801793   2.802198   0.000401    34.2135    34.2191     7.3532    27.4986    27.5031    319.607  355.35057  356.94520    34.2140    27.4989    1447.29    1447.29    -0.5722  1028.0445    34.3801 0.0000e+00
      16512 326.734953  -62.20578  -58.30020     -0.525    1447.10    112.000    110.895    -0.5665    -0.5661     0.0004    -0.5699    -0.5695     0.0004   2.801853   2.802279   0.000426    34.2124    34.2177     7.3563    27.4975    27.5018    319.742  355.33214  356.92621    34.2128    27.4978    1447.28    1447.29    -0.5698  1028.0387    34.3789 0.0000e+00
      16555 326.734974  -62.20578  -58.30020     -0.551    1447.10    111.000    109.905    -0.5656    -0.5655     0.0001    -0.5690    -0.5689     0.0001   2.801861   2.802271   0.000409    34.2122    34.2176     7.3603    27.4973    27.5017    319.913  355.32444  356.91832    34.2125    27.4976    1447.27    1447.27    -0.5689  1028.0336    34.3786 0.0000e+00
      16594 326.734993  -62.20578  -58.30020     -0.605    1447.10    110.000    108.915    -0.5651    -0.5654    -0.0003    -0.5684    -0.5688    -0.0003   2.801843   2.802238   0.000396    34.2121    34.2177     7.3684    27.4972    27.5018    320.267  355.31995  356.91370    34.2123    27.4974    1447.25    1447.26    -0.5684  1028.0286    34.3784 0.0000e+00
      16634 326.735012  -62.20578  -58.30020     -0.604    1447.10    109.000    107.928    -0.5644    -0.5644     0.0001    -0.5677    -0.5677     0.0001   2.801829   2.802239   0.000410    34.2117    34.2172     7.3622    27.4969    27.5013    319.998  355.31448  356.90807    34.2119    27.4971    1447.24    1447.25    -0.5676  1028.0236    34.3780 0.0000e+00
      16675 326.735032  -62.20578  -58.30020     -0.592    1447.10    108.000    106.932    -0.5639    -0.5638     0.0001    -0.5672    -0.5671     0.0001   2.801803   2.802219   0.000417    34.2115    34.2170     7.3662    27.4967    27.5011    320.173  355.31087  356.90437    34.2117    27.4969    1447.23    1447.23    -0.5671  1028.0185    34.3777 0.0000e+00
      16717 326.735052  -62.20578  -58.30020     -0.578    1447.10    107.000    105.945    -0.5636    -0.5635     0.0002    -0.5669    -0.5667     0.0002   2.801766   2.802184   0.000416    34.2113    34.2167     7.3679    27.4965    27.5009    320.247  355.30834  356.90175    34.2114    27.4966    1447.21    1447.22    -0.5668  1028.0136    34.3775 0.0000e+00
      16762 326.735074  -62.20578  -58.30020     -0.530    1447.10    106.000    104.955    -0.5632    -0.5630     0.0002    -0.5664    -0.5662     0.0002   2.801745   2.802160   0.000417    34.2111    34.2165     7.3624    27.4964    27.5007    320.008  355.30472  356.89803    34.2113    27.4965    1447.19    1447.20    -0.5664  1028.0086    34.3773 0.0000e+00
      16805 326.735095  -62.20578  -58.30020     -0.549    1447.10    105.000    103.966    -0.5618    -0.5618    -0.0001    -0.5650    -0.5650    -0.0001   2.801769   2.802175   0.000405    34.2104    34.2160     7.3679    27.4958    27.5002    320.247  355.29334  356.88631    34.2106    27.4959    1447.18    1447.19    -0.5649  1028.0032    34.3766 0.0000e+00
      16846 326.735114  -62.20578  -58.30020     -0.593    1447.10    104.000    102.976    -0.5601    -0.5595     0.0006    -0.5633    -0.5627     0.0006   2.801803   2.802233   0.000425    34.2096    34.2147     7.3706    27.4950    27.4991    320.363  355.28002  356.87259    34.2098    27.4952    1447.18    1447.19    -0.5632  1027.9977    34.3758 0.0000e+00
      16886 326.735134  -62.20578  -58.30020     -0.591    1447.10    103.000    101.986    -0.5572    -0.5563     0.0010    -0.5604    -0.5594     0.0010   2.801892   2.802350   0.000457    34.2081    34.2131     7.3687    27.4936    27.4977    320.280  355.25751  356.84939    34.2084    27.4939    1447.17    1447.18    -0.5603  1027.9916    34.3744 0.0000e+00
      16927 326.735153  -62.20578  -58.30020     -0.597    1447.10    102.000    100.996    -0.5537    -0.5532     0.0005    -0.5568    -0.5563     0.0005   2.802032   2.802460   0.000433    34.2065    34.2119     7.3753    27.4922    27.4965    320.569  355.22862  356.81966    34.2069    27.4925    1447.17    1447.18    -0.5567  1027.9855    34.3729 0.0000e+00
      16970 326.735174  -62.20578  -58.30020     -0.556    1447.10    101.000    100.006    -0.5517    -0.5518    -0.0001    -0.5547    -0.5549    -0.0001   2.802081   2.802486   0.000403    34.2056    34.2111     7.3834    27.4914    27.4959    320.921  355.21231  356.80286    34.2059    27.4916    1447.16    1447.17    -0.5547  1027.9798    34.3718 0.0000e+00
      17013 326.735195  -62.20578  -58.30020     -0.558    1447.10    100.000     99.016    -0.5504    -0.5506    -0.0001    -0.5535    -0.5536    -0.0001   2.802112   2.802509   0.000399    34.2052    34.2107     7.3942    27.4910    27.4955    321.388  355.20195  356.79223    34.2055    27.4913    1447.15    1447.16    -0.5534  1027.9746    34.3715 0.0000e+00
      17051 326.735213  -62.20578  -58.30020     -0.623    1447.10     99.000     98.026    -0.5464    -0.5465    -0.0002    -0.5494    -0.5496    -0.0002   2.802297   2.802687   0.000391    34.2036    34.2091     7.3915    27.4895    27.4939    321.274  355.16821  356.75754    34.2040    27.4899    1447.15    1447.16    -0.5493  1027.9684    34.3699 0.0000e+00
      17090 326.735232  -62.20578  -58.30020     -0.616    1447.10     98.000     97.039    -0.5448    -0.5442     0.0006    -0.5477    -0.5472     0.0006   2.802324   2.802758   0.000431    34.2029    34.2080     7.4045    27.4889    27.4930    321.836  355.15518  356.74412    34.2032    27.4891    1447.14    1447.15    -0.5477  1027.9629    34.3691 0.0000e+00
      17133 326.735253  -62.20578  -58.30020     -0.560    1447.10     97.000     96.044    -0.5436    -0.5432     0.0004    -0.5465    -0.5461     0.0004   2.802342   2.802773   0.000432    34.2024    34.2078     7.4021    27.4884    27.4927    321.732  355.14523  356.73389    34.2027    27.4887    1447.13    1447.14    -0.5465  1027.9576    34.3686 0.0000e+00
      17176 326.735273  -62.20578  -58.30020     -0.561    1447.10     96.000     95.056    -0.5429    -0.5428     0.0001    -0.5458    -0.5457     0.0001   2.802335   2.802741   0.000407    34.2022    34.2076     7.4065    27.4882    27.4926    321.925  355.13931  356.72781    34.2024    27.4884    1447.12    1447.12    -0.5458  1027.9526    34.3683 0.0000e+00
      17215 326.735292  -62.20578  -58.30020     -0.603    1447.10     95.000     94.066    -0.5424    -0.5422     0.0002    -0.5453    -0.5451     0.0002   2.802315   2.802728   0.000413    34.2020    34.2074     7.4030    27.4881    27.4924    321.773  355.13542  356.72381    34.2022    27.4883    1447.10    1447.11    -0.5452  1027.9476    34.3681 0.0000e+00
      17252 326.735310  -62.20578  -58.30020     -0.642    1447.10     94.000     93.076    -0.5416    -0.5416     0.0001    -0.5445    -0.5444     0.0001   2.802308   2.802719   0.000413    34.2017    34.2072     7.4091    27.4878    27.4922    322.037  355.12900  356.71721    34.2019    27.4879    1447.09    1447.10    -0.5444  1027.9426    34.3677 0.0000e+00
      17290 326.735329  -62.20578  -58.30020     -0.639    1447.10     93.000     92.086    -0.5411    -0.5410     0.0001    -0.5439    -0.5439     0.0001   2.802288   2.802705   0.000414    34.2015    34.2070     7.4058    27.4876    27.4921    321.896  355.12479  356.71288    34.2017    27.4877    1447.07    1447.08    -0.5439  1027.9375    34.3675 0.0000e+00
      17330 326.735348  -62.20578  -58.30020     -0.600    1447.10     92.000     91.097    -0.5405    -0.5404     0.0001    -0.5434    -0.5432     0.0001   2.802271   2.802686   0.000418    34.2013    34.2067     7.4051    27.4874    27.4918    321.863  355.12016  356.70811    34.2014    27.4875    1447.06    1447.07    -0.5433  1027.9325    34.3672 0.0000e+00
      17373 326.735368  -62.20578  -58.30020     -0.570    1447.10     91.000     90.107    -0.5397    -0.5394     0.0002    -0.5424    -0.5422     0.0002   2.802276   2.802699   0.000419    34.2009    34.2063     7.4070    27.4871    27.4914    321.948  355.11264  356.70039    34.2011    27.4872    1447.05    1447.06    -0.5424  1027.9274    34.3668 0.0000e+00
      17415 326.735389  -62.20578  -58.30020     -0.567    1447.10     90.000     89.117    -0.5385    -0.5372     0.0014    -0.5413    -0.5399     0.0014   2.802299   2.802797   0.000489    34.2006    34.2056     7.4113    27.4867    27.4907    322.135  355.10322  356.69071    34.2007    27.4869    1447.04    1447.05    -0.5412  1027.9223    34.3665 0.0000e+00
      17453 326.735407  -62.20578  -58.30020     -0.620    1447.10     89.000     88.127    -0.5348    -0.5338     0.0010    -0.5375    -0.5365     0.0010   2.802504   2.802960   0.000464    34.1994    34.2045     7.4068    27.4856    27.4897    321.940  355.07116  356.65780    34.1999    27.4860    1447.04    1447.05    -0.5374  1027.9166    34.3656 0.0000e+00
      17491 326.735425  -62.20578  -58.30020     -0.637    1447.10     88.000     87.137    -0.5318    -0.5314     0.0003    -0.5344    -0.5341     0.0003   2.802636   2.803056   0.000421    34.1985    34.2038     7.4104    27.4848    27.4891    322.096  355.04554  356.63149    34.1989    27.4850    1447.03    1447.04    -0.5344  1027.9109    34.3646 0.0000e+00
      17529 326.735444  -62.20578  -58.30020     -0.631    1447.10     87.000     86.151    -0.5301    -0.5300     0.0001    -0.5327    -0.5326     0.0001   2.802701   2.803103   0.000407    34.1981    34.2035     7.4228    27.4844    27.4887    322.633  355.03112  356.61670    34.1985    27.4846    1447.02    1447.03    -0.5327  1027.9057    34.3641 0.0000e+00
      17568 326.735462  -62.20578  -58.30020     -0.624    1447.10     86.000     85.153    -0.5254    -0.5245     0.0009    -0.5280    -0.5271     0.0009   2.802931   2.803391   0.000450    34.1963    34.2013     7.4278    27.4827    27.4867    322.852  354.99235  356.57683    34.1969    27.4832    1447.03    1447.04    -0.5280  1027.8994    34.3625 0.0000e+00
      17609 326.735482  -62.20579  -58.30020     -0.577    1447.10     85.000     84.167    -0.5189    -0.5155     0.0034    -0.5215    -0.5181     0.0034   2.803219   2.803813   0.000591    34.1934    34.1975     7.4328    27.4800    27.4832    323.071  354.93943  356.52238    34.1940    27.4805    1447.04    1447.06    -0.5214  1027.8920    34.3596 0.0000e+00
      17650 326.735502  -62.20580  -58.30020     -0.585    1447.10     84.000     83.177    -0.5138    -0.5143    -0.0006    -0.5163    -0.5169    -0.0006   2.803438   2.803819   0.000386    34.1912    34.1970     7.4484    27.4781    27.4828    323.748  354.89773  356.47948    34.1918    27.4786    1447.04    1447.05    -0.5163  1027.8852    34.3574 0.0000e+00
      17686 326.735520  -62.20578  -58.30020     -0.652    1447.10     83.000     82.187    -0.5128    -0.5127     0.0000    -0.5153    -0.5153     0.0000   2.803423   2.803834   0.000415    34.1907    34.1963     7.4609    27.4776    27.4821    324.292  354.88988  356.47139    34.1911    27.4779    1447.03    1447.04    -0.5153  1027.8798    34.3567 0.0000e+00
      17723 326.735537  -62.20578  -58.30020     -0.659    1447.10     82.000     81.197    -0.5138    -0.5138    -0.0001    -0.5163    -0.5164    -0.0001   2.803337   2.803740   0.000405    34.1914    34.1969     7.4644    27.4782    27.4827    324.445  354.89746  356.47922    34.1917    27.4785    1447.01    1447.02    -0.5163  1027.8755    34.3573 0.0000e+00
      17763 326.735557  -62.20578  -58.30020     -0.599    1447.10     81.000     80.207    -0.5147    -0.5146     0.0001    -0.5172    -0.5171     0.0001   2.803247   2.803658   0.000412    34.1920    34.1974     7.4630    27.4787    27.4831    324.384  354.90450  356.48648    34.1922    27.4789    1446.99    1447.00    -0.5171  1027.8711    34.3577 0.0000e+00
      17802 326.735575  -62.20578  -58.30020     -0.612    1447.10     80.000     79.217    -0.5151    -0.5148     0.0003    -0.5175    -0.5173     0.0003   2.803181   2.803606   0.000423    34.1922    34.1976     7.4597    27.4789    27.4832    324.242  354.90756  356.48964    34.1924    27.4790    1446.97    1446.98    -0.5175  1027.8665    34.3579 0.0000e+00
      17837 326.735592  -62.20578  -58.30019     -0.675    1447.10     79.000     78.227    -0.5150    -0.5152    -0.0002    -0.5174    -0.5176    -0.0002   2.803159   2.803543   0.000389    34.1923    34.1978     7.4631    27.4790    27.4834    324.388  354.90594  356.48801    34.1925    27.4791    1446.96    1446.96    -0.5174  1027.8618    34.3580 0.0000e+00
      17874 326.735610  -62.20578  -58.30020     -0.665    1447.10     78.000     77.237    -0.5139    -0.5136     0.0003    -0.5163    -0.5160     0.0003   2.803177   2.803610   0.000430    34.1920    34.1974     7.4659    27.4787    27.4831    324.508  354.89687  356.47868    34.1921    27.4788    1446.95    1446.95    -0.5162  1027.8567    34.3576 0.0000e+00
      17914 326.735629  -62.20578  -58.30020     -0.599    1447.10     77.000     76.250    -0.5135    -0.5132     0.0004    -0.5159    -0.5156     0.0004   2.803156   2.803580   0.000424    34.1920    34.1973     7.4586    27.4787    27.4830    324.193  354.89366  356.47540    34.1921    27.4787    1446.93    1446.94    -0.5158  1027.8518    34.3575 0.0000e+00
      17952 326.735648  -62.20578  -58.30020     -0.619    1447.10     76.000     75.252    -0.5137    -0.5136     0.0001    -0.5160    -0.5160     0.0001   2.803084   2.803498   0.000415    34.1919    34.1974     7.4550    27.4786    27.4831    324.037  354.89557  356.47735    34.1919    27.4786    1446.91    1446.92    -0.5160  1027.8469    34.3574 0.0000e+00
      17986 326.735664  -62.20578  -58.30020     -0.694    1447.10     75.000     74.267    -0.5146    -0.5144     0.0003    -0.5169    -0.5166     0.0003   2.802971   2.803402   0.000431    34.1921    34.1976     7.4577    27.4788    27.4832    324.154  354.90360  356.48558    34.1921    27.4788    1446.89    1446.90    -0.5169  1027.8423    34.3575 0.0000e+00
      18020 326.735680  -62.20578  -58.30020     -0.718    1447.10     74.000     73.277    -0.5150    -0.5149     0.0002    -0.5173    -0.5171     0.0002   2.802908   2.803324   0.000415    34.1922    34.1976     7.4573    27.4789    27.4833    324.136  354.90670  356.48877    34.1923    27.4790    1446.87    1446.88    -0.5172  1027.8377    34.3577 0.0000e+00
