Pos-Processados/process_op38/Processamento_split/up/uoperantar38_001.cnv
* Sea-Bird SBE 9 Data File:
* FileName = D:\OPERANTAR_XXXVIII\DADOS\OP38_002.hdr
* Software Version Seasave V 7.12
* Temperature SN = 4808
* Conductivity SN = 3380
* Number of Bytes Per Scan = 31
* Number of Voltage Words = 2
* Number of Scans Averaged by the Deck Unit = 1
* NMEA Latitude = 38 26.99 S
* NMEA Longitude = 052 53.48 W
* NMEA UTC (Time) = Jan 16 2019 21:21:57
** H41
** NAVIO POLAR ALMIRANTE MAXIMIANO
** CRUZEIRO:
** OPERANTAR XXXVIII
** ESTAวรO: 002
** LAT 38บ 26,99'S
** LONG 052บ 53,46'W
** 09P73767-1155
** PROFUNDIDADE: 4158 m
** DATA/HORA: 162121Z/OUT/2019
** OPERADOR: SO-HN CHAVES
# nquan = 33
# nvalues = 1028                        
# units = specified
# name 0 = scan: Scan Count
# name 1 = timeJ: Julian Days
# name 2 = latitude: Latitude [deg]
# name 3 = longitude: Longitude [deg]
# name 4 = dz/dtM: Descent Rate [m/s]
# name 5 = avgsvCM: Average Sound Velocity [Chen-Millero, m/s]
# name 6 = prDM: Pressure, Digiquartz [db]
# name 7 = depSM: Depth [salt water, m]
# name 8 = t090C: Temperature [ITS-90, deg C]
# name 9 = t190C: Temperature, 2 [ITS-90, deg C]
# name 10 = T2-T190C: Temperature Difference, 2 - 1 [ITS-90, deg C]
# name 11 = potemp090C: Potential Temperature [ITS-90, deg C]
# name 12 = potemp190C: Potential Temperature, 2 [ITS-90, deg C]
# name 13 = potemp90Cdiff: Potential Temperature, Diff, 2 - 1 [ITS-90, deg C]
# name 14 = c0S/m: Conductivity [S/m]
# name 15 = c1S/m: Conductivity, 2 [S/m]
# name 16 = C2-C1S/m: Conductivity Difference, 2 - 1 [S/m]
# name 17 = sal00: Salinity, Practical [PSU]
# name 18 = sal11: Salinity, Practical, 2 [PSU]
# name 19 = sbeox0ML/L: Oxygen, SBE 43 [ml/l]
# name 20 = sigma-้00: Density [sigma-theta, kg/m^3]
# name 21 = sigma-้11: Density, 2 [sigma-theta, kg/m^3]
# name 22 = sbox0Mm/Kg: Oxygen, SBE 43 [umol/kg]
# name 23 = oxsolMm/Kg: Oxygen Saturation, Garcia & Gordon [umol/kg]
# name 24 = oxsatMm/Kg: Oxygen Saturation, Weiss [umol/kg]
# name 25 = sal00: Salinity, Practical [PSU]
# name 26 = sigma-้00: Density [sigma-theta, kg/m^3]
# name 27 = svCM: Sound Velocity [Chen-Millero, m/s]
# name 28 = svCM1: Sound Velocity, 2 [Chen-Millero, m/s]
# name 29 = gsw_ptA0: potential temperature [ITS-90, deg C]
# name 30 = gsw_densityA0: density, TEOS-10 [density, kg/m^3]
# name 31 = gsw_saA0: Absolute Salinity [g/kg]
# name 32 = flag:
# span 0 =      39879,      81475       
# span 1 =  16.909474,  16.929534       
# span 2 =  -38.22398,  -38.22388       
# span 3 =  -52.57272,  -52.57268       
# span 4 =     -1.848,     -0.054       
# span 5 =    1498.22,    1498.22       
# span 6 =      0.000,   1027.000       
# span 7 =      0.018,   1016.779       
# span 8 =     3.9744,    16.6181       
# span 9 =     3.9757,    16.6238       
# span 10 =    -0.1828,     0.1145      
# span 11 =     3.8972,    16.6181      
# span 12 =     3.8985,    16.6238      
# span 13 =    -0.1828,     0.1142      
# span 14 =   3.230199,   4.486320      
# span 15 =   3.230700,   4.486950      
# span 16 =  -0.008889,   0.026082      
# span 17 =    33.4977,    35.8375      
# span 18 =    33.5606,    35.8436      
# span 19 =     4.6933,     5.9565      
# span 20 =    24.4215,    27.1516      
# span 21 =    24.4976,    27.1550      
# span 22 =    204.148,    259.001      
# span 23 =  241.74516,  316.92316      
# span 24 =  241.49513,  317.72529      
# span 25 =    33.4967,    35.8402      
# span 26 =    24.4498,    27.1520      
# span 27 =    1481.79,    1512.81      
# span 28 =    1481.77,    1512.82      
# span 29 =     3.8970,    16.6181      
# span 30 =  1024.4550,  1031.8838      
# span 31 =    33.6548,    36.0094      
# span 32 = 0.0000e+00, 0.0000e+00      
# interval = decibars: 1                
# start_time = Jan 16 2019 21:21:57 [NMEA time, header]
# bad_flag = -9.990e-29
*END*
[from data line 484]
      55011  16.916772  -38.22394  -52.57270     -0.519    1498.22    543.000    538.220     9.6869     9.6777    -0.0092     9.6242     9.6151    -0.0091   3.774409   3.774333  -0.000251    34.6951    34.7013     4.8634    26.7773    26.7837    211.536  277.08104  277.25220    34.7001    26.7812    1497.29    1497.27     9.6241  1029.2214    34.8646 0.0000e+00
      55031  16.916781  -38.22394  -52.57270     -0.910    1498.22    542.000    537.230     9.7005     9.7055     0.0051     9.6379     9.6429     0.0051   3.776450   3.777743   0.001142    34.6998    34.7066     4.8565    26.7787    26.7832    211.236  276.99032  277.16035    34.7084    26.7854    1497.33    1497.36     9.6378  1029.2210    34.8729 0.0000e+00
      55047  16.916789  -38.22393  -52.57270     -1.200    1498.22    541.000    536.240     9.7032     9.7351     0.0318     9.6408     9.6725     0.0317   3.776390   3.780511   0.003950    34.6991    34.7091     4.8490    26.7777    26.7801    210.906  276.97481  277.14460    34.7056    26.7827    1497.32    1497.45     9.6407  1029.2134    34.8696 0.0000e+00
      55062  16.916796 -9.990e-29  -52.57270     -1.438    1498.22    540.000    535.250     9.7352     9.7499     0.0147     9.6727     9.6874     0.0146   3.780578   3.782340   0.002080    34.7053    34.7125     4.8427    26.7771    26.7804    210.633  276.77090  276.93796    34.7182    26.7872    1497.44    1497.49     9.6727  1029.2130    34.8822 0.0000e+00
      55076  16.916803 -9.990e-29  -52.57270     -1.596    1498.22    539.000    534.260     9.7716     9.7793     0.0077     9.7091     9.7167     0.0076   3.783992   3.785365   0.001450    34.7089    34.7164     4.8376    26.7739    26.7785    210.414  276.54599  276.70992    34.7187    26.7815    1497.55    1497.59     9.7090  1029.2024    34.8828 0.0000e+00
      55092  16.916811 -9.990e-29  -52.57270     -1.628    1498.22    538.000    533.270     9.7990     9.7961    -0.0030     9.7365     9.7336    -0.0030   3.786983   3.787219   0.000280    34.7134    34.7191     4.8347    26.7728    26.7778    210.288  276.37333  276.53492    34.7234    26.7806    1497.64    1497.64     9.7364  1029.1967    34.8875 0.0000e+00
      55110  16.916819 -9.990e-29  -52.57270     -1.514    1498.22    537.000    532.281     9.8223     9.8197    -0.0026     9.7598     9.7572    -0.0026   3.789147   3.789518   0.000360    34.7162    34.7224     4.8360    26.7711    26.7763    210.345  276.22907  276.38867    34.7237    26.7769    1497.71    1497.70     9.7597  1029.1883    34.8878 0.0000e+00
      55152  16.916840  -38.22392  -52.57270     -0.922    1498.22    536.000    531.284     9.8391     9.8313    -0.0078     9.7766     9.7689    -0.0077   3.790998   3.790645  -0.000242    34.7199    34.7249     4.8313    26.7711    26.7763    210.142  276.12188  276.28008    34.7270    26.7766    1497.76    1497.73     9.7765  1029.1836    34.8913 0.0000e+00
      55256  16.916890  -38.22394  -52.57270     -0.407    1498.22    535.000    530.288     9.9093     9.9050    -0.0042     9.8467     9.8424    -0.0042   3.798311   3.798676   0.000144    34.7310    34.7365     4.8157    26.7680    26.7730    209.461  275.68177  275.83404    34.7348    26.7709    1498.00    1498.00     9.8466  1029.1728    34.8994 0.0000e+00
      55270  16.916897  -38.22394  -52.57270     -0.945    1498.22    534.000    529.311     9.9201     9.9296     0.0095     9.8576     9.8670     0.0095   3.800208   3.801845   0.001698    34.7347    34.7429     4.8044    26.7690    26.7738    208.971  275.61041  275.76180    34.7442    26.7765    1498.04    1498.08     9.8575  1029.1737    34.9089 0.0000e+00
      55285  16.916904  -38.22394  -52.57270     -1.295    1498.22    533.000    528.321     9.9467     9.9573     0.0106     9.8842     9.8948     0.0106   3.802674   3.804539   0.001812    34.7370    34.7453     4.8008    26.7663    26.7710    208.816  275.44735  275.59646    34.7443    26.7719    1498.12    1498.17     9.8842  1029.1645    34.9090 0.0000e+00
      55299  16.916911  -38.22394  -52.57270     -1.551    1498.22    532.000    527.331     9.9712     9.9761     0.0049     9.9087     9.9136     0.0049   3.805544   3.806479   0.001048    34.7419    34.7479     4.8031    26.7659    26.7698    208.913  275.29292  275.43999    34.7505    26.7727    1498.20    1498.22     9.9086  1029.1605    34.9153 0.0000e+00
      55314  16.916918  -38.22394  -52.57270     -1.668    1498.22    531.000    526.341     9.9928     9.9995     0.0067     9.9303     9.9370     0.0067   3.807506   3.808972   0.001359    34.7437    34.7511     4.8078    26.7637    26.7683    209.120  275.16140  275.30665    34.7503    26.7689    1498.26    1498.29     9.9303  1029.1519    34.9150 0.0000e+00
      55333  16.916927  -38.22394  -52.57270     -1.509    1498.22    530.000    525.351    10.0003    10.0045     0.0043     9.9379     9.9422     0.0043   3.807869   3.808847   0.001061    34.7438    34.7504     4.8068    26.7625    26.7669    209.074  275.11695  275.26156    34.7473    26.7652    1498.26    1498.29     9.9378  1029.1437    34.9120 0.0000e+00
      55375  16.916948  -38.22394  -52.57270     -0.663    1498.22    529.000    524.361    10.0134    10.0116    -0.0019     9.9512     9.9493    -0.0019   3.809699   3.810060   0.000373    34.7480    34.7536     4.7920    26.7635    26.7682    208.432  275.03052  275.17405    34.7537    26.7680    1498.30    1498.30     9.9511  1029.1419    34.9185 0.0000e+00
      55420  16.916969  -38.22392  -52.57270     -0.508    1498.22    528.000    523.371    10.0255    10.0223    -0.0031     9.9633     9.9601    -0.0031   3.810649   3.810885   0.000248    34.7492    34.7547     4.7835    26.7624    26.7672    208.062  274.95688  275.09939    34.7523    26.7648    1498.33    1498.32     9.9632  1029.1341    34.9170 0.0000e+00
      55446  16.916982  -38.22392  -52.57270     -0.820    1498.22    527.000    522.381    10.0237    10.0237    -0.0001     9.9616     9.9616    -0.0001   3.810461   3.811072   0.000593    34.7496    34.7558     4.7852    26.7630    26.7678    208.136  274.96634  275.10901    34.7525    26.7653    1498.30    1498.31     9.9616  1029.1301    34.9173 0.0000e+00
      55471  16.916994  -38.22392  -52.57270     -0.948    1498.22    526.000    521.391    10.0221    10.0245     0.0024     9.9601     9.9625     0.0024   3.810223   3.811070   0.000830    34.7499    34.7560     4.7843    26.7635    26.7679    208.096  274.97556  275.11837    34.7521    26.7652    1498.28    1498.30     9.9601  1029.1256    34.9168 0.0000e+00
      55506  16.917010  -38.22393  -52.57270     -0.761    1498.22    525.000    520.401    10.0253    10.0225    -0.0029     9.9635     9.9606    -0.0028   3.810656   3.810850   0.000269    34.7510    34.7564     4.7824    26.7637    26.7685    208.016  274.95432  275.09687    34.7539    26.7660    1498.28    1498.27     9.9634  1029.1219    34.9186 0.0000e+00
      55545  16.917029  -38.22394  -52.57270     -0.607    1498.22    524.000    519.411    10.0581    10.0342    -0.0239     9.9962     9.9724    -0.0238   3.814319   3.812339  -0.001938    34.7562    34.7594     4.7836    26.7623    26.7688    208.069  274.75035  274.89017    34.7602    26.7654    1498.39    1498.30     9.9962  1029.1165    34.9250 0.0000e+00
      55576  16.917044  -38.22394  -52.57270     -0.716    1498.22    523.000    518.421    10.0728    10.0683    -0.0045    10.0111    10.0066    -0.0045   3.815830   3.816091   0.000189    34.7584    34.7646     4.7817    26.7614    26.7670    207.985  274.65892  274.79751    34.7619    26.7642    1498.43    1498.42    10.0110  1029.1106    34.9267 0.0000e+00
      55604  16.917058  -38.22394  -52.57270     -0.841    1498.22    522.000    517.431    10.0826    10.0908     0.0082    10.0209    10.0291     0.0082   3.816980   3.818501   0.001460    34.7611    34.7680     4.7789    26.7618    26.7658    207.864  274.59616  274.73396    34.7647    26.7647    1498.45    1498.49    10.0208  1029.1066    34.9295 0.0000e+00
      55631  16.917071  -38.22394  -52.57270     -0.880    1498.22    521.000    516.441    10.1039    10.1101     0.0062    10.0423    10.0484     0.0061   3.819222   3.820681   0.001306    34.7641    34.7715     4.7731    26.7605    26.7652    207.610  274.46431  274.60033    34.7675    26.7632    1498.51    1498.54    10.0422  1029.1004    34.9323 0.0000e+00
      55659  16.917084  -38.22394  -52.57270     -0.860    1498.22    520.000    515.450    10.1404    10.1441     0.0037    10.0787    10.0824     0.0037   3.823501   3.824317   0.000860    34.7709    34.7761     4.7669    26.7596    26.7630    207.340  274.23642  274.36943    34.7766    26.7640    1498.64    1498.66    10.0786  1029.0963    34.9414 0.0000e+00
      55685  16.917097  -38.22394  -52.57270     -0.895    1498.22    519.000    514.461    10.1874    10.2063     0.0189    10.1256    10.1445     0.0188   3.828778   3.831655   0.002666    34.7775    34.7865     4.7676    26.7567    26.7605    207.370  273.94663  274.07574    34.7856    26.7630    1498.80    1498.88    10.1256  1029.0903    34.9505 0.0000e+00
      55709  16.917108  -38.22394  -52.57270     -0.980    1498.22    518.000    513.471    10.2221    10.2521     0.0300    10.1604    10.1903     0.0299   3.832348   3.836030   0.003697    34.7818    34.7906     4.7684    26.7540    26.7557    207.409  273.73446  273.86069    34.7891    26.7597    1498.91    1499.03    10.1603  1029.0822    34.9539 0.0000e+00
      55733  16.917120  -38.22394  -52.57270     -1.002    1498.22    517.000    512.481    10.2509    10.2729     0.0220    10.1892    10.2111     0.0219   3.835201   3.838106   0.002917    34.7847    34.7933     4.7655    26.7514    26.7542    207.283  273.55967  273.68351    34.7909    26.7561    1499.00    1499.09    10.1891  1029.0738    34.9557 0.0000e+00
      55767  16.917136  -38.22393  -52.57270     -0.790    1498.22    516.000    511.491    10.3030    10.2836    -0.0194    10.2411    10.2218    -0.0193   3.841286   3.839431  -0.001616    34.7938    34.7960     4.7641    26.7494    26.7545    207.222  273.23759  273.35719    34.8032    26.7568    1499.18    1499.11    10.2411  1029.0694    34.9681 0.0000e+00
      55812  16.917158  -38.22394  -52.57270     -0.507    1498.22    515.000    510.500    10.3859    10.3719    -0.0140    10.3239    10.3099    -0.0139   3.849865   3.849001  -0.000845    34.8040    34.8088     4.7568    26.7430    26.7492    206.907  272.73353  272.84633    34.8113    26.7487    1499.47    1499.43    10.3238  1029.0560    34.9762 0.0000e+00
      55844  16.917173  -38.22394  -52.57270     -0.684    1498.22    514.000    509.511    10.3992    10.3943    -0.0049    10.3372    10.3324    -0.0048   3.851070   3.851543   0.000224    34.8054    34.8123     4.7442    26.7418    26.7480    206.357  272.65344  272.76515    34.8112    26.7463    1499.50    1499.50    10.3371  1029.0490    34.9761 0.0000e+00
      55869  16.917185  -38.22394  -52.57270     -0.901    1498.22    513.000    508.521    10.4003    10.4225     0.0222    10.3385    10.3606     0.0221   3.850733   3.854200   0.002987    34.8048    34.8138     4.7350    26.7411    26.7442    205.958  272.64790  272.75951    34.8071    26.7429    1499.49    1499.58    10.3384  1029.0412    34.9721 0.0000e+00
      55894  16.917198  -38.22394  -52.57270     -0.972    1498.22    512.000    507.531    10.3832    10.4451     0.0619    10.3216    10.3832     0.0617   3.849001   3.856342   0.007375    34.8026    34.8179     4.7497    26.7423    26.7435    206.598  272.75199  272.86499    34.8064    26.7453    1499.41    1499.65    10.3215  1029.0393    34.9713 0.0000e+00
      55924  16.917212  -38.22394  -52.57270     -0.847    1498.22    511.000    506.541    10.4891    10.4358    -0.0533    10.4272    10.3741    -0.0531   3.861793   3.855867  -0.005128    34.8202    34.8193     4.7486    26.7375    26.7462    206.550  272.10201  272.20647    34.8348    26.7490    1499.80    1499.60    10.4272  1029.0373    34.9999 0.0000e+00
      55960  16.917229  -38.22394  -52.57270     -0.687    1498.22    510.000    505.550    10.5492    10.5167    -0.0325    10.4872    10.4548    -0.0324   3.867345   3.864965  -0.002677    34.8271    34.8311     4.7672    26.7324    26.7413    207.360  271.74008  271.83966    34.8340    26.7378    1500.00    1499.89    10.4871  1029.0211    34.9990 0.0000e+00
      55991  16.917244  -38.22394  -52.57270     -0.726    1498.22    509.000    504.560    10.5646    10.5585    -0.0061    10.5026    10.4966    -0.0061   3.869001   3.869097  -0.000021    34.8306    34.8361     4.7787    26.7324    26.7378    207.862  271.64445  271.74282    34.8364    26.7370    1500.04    1500.03    10.5026  1029.0156    35.0015 0.0000e+00
      56016  16.917257  -38.22394  -52.57270     -0.874    1498.22    508.000    503.571    10.5705    10.5791     0.0086    10.5087    10.5172     0.0085   3.869616   3.871435   0.001614    34.8321    34.8402     4.7731    26.7326    26.7374    207.616  271.60692  271.70482    34.8374    26.7367    1500.05    1500.09    10.5086  1029.0108    35.0024 0.0000e+00
      56040  16.917268  -38.22394  -52.57270     -0.995    1498.22    507.000    502.580    10.5775    10.6036     0.0261    10.5158    10.5418     0.0260   3.870407   3.874002   0.003459    34.8340    34.8439     4.7672    26.7328    26.7359    207.361  271.56295  271.66030    34.8391    26.7368    1500.06    1500.16    10.5157  1029.0064    35.0042 0.0000e+00
      56064  16.917280  -38.22394  -52.57270     -1.015    1498.22    506.000    501.590    10.5929    10.6169     0.0239    10.5313    10.5551     0.0238   3.872275   3.875475   0.003201    34.8370    34.8464     4.7583    26.7324    26.7356    206.973  271.46782  271.56394    34.8436    26.7376    1500.10    1500.20    10.5312  1029.0026    35.0087 0.0000e+00
      56093  16.917294  -38.22394  -52.57270     -0.886    1498.22    505.000    500.600    10.6276    10.6256    -0.0020    10.5660    10.5639    -0.0020   3.876062   3.876191   0.000320    34.8429    34.8481     4.7512    26.7309    26.7353    206.665  271.25609  271.34945    34.8491    26.7357    1500.21    1500.21    10.5659  1028.9959    35.0142 0.0000e+00
      56126  16.917309  -38.22394  -52.57270     -0.745    1498.22    504.000    499.610    10.6701    10.6391    -0.0310    10.6084    10.5775    -0.0309   3.880960   3.877905  -0.002881    34.8509    34.8515     4.7475    26.7296    26.7355    206.504  270.99582  271.08582    34.8583    26.7354    1500.36    1500.25    10.6083  1028.9906    35.0235 0.0000e+00
      56159  16.917325  -38.22394  -52.57270     -0.731    1498.22    503.000    498.620    10.7069    10.6847    -0.0222    10.6452    10.6230    -0.0221   3.884991   3.883115  -0.001894    34.8573    34.8594     4.7380    26.7281    26.7336    206.091  270.77167  270.85876    34.8642    26.7334    1500.48    1500.40    10.6451  1028.9838    35.0294 0.0000e+00
      56204  16.917347  -38.22394  -52.57270     -0.537    1498.22    502.000    497.630    10.7672    10.7486    -0.0185    10.7054    10.6868    -0.0185   3.891794   3.890341  -0.001432    34.8674    34.8706     4.7193    26.7252    26.7310    205.276  270.40628  270.48863    34.8755    26.7315    1500.69    1500.63    10.7053  1028.9768    35.0407 0.0000e+00
      56247  16.917368  -38.22394  -52.57270     -0.519    1498.22    501.000    496.640    10.8051    10.8003    -0.0048    10.7432    10.7384    -0.0048   3.895407   3.895655   0.000086    34.8718    34.8772     4.7108    26.7220    26.7270    204.907  270.18041  270.25975    34.8761    26.7253    1500.80    1500.80    10.7432  1028.9657    35.0413 0.0000e+00
