Pos-Processados/process_op38/Processamento_split/up/uoperantar38_003.cnv
* Sea-Bird SBE 9 Data File:
* FileName = D:\OPERANTAR_XXXVIII\DADOS\OP38_003.hdr
* Software Version Seasave V 7.12
* Temperature SN = 4808
* Conductivity SN = 3380
* Number of Bytes Per Scan = 31
* Number of Voltage Words = 2
* Number of Scans Averaged by the Deck Unit = 1
* NMEA Latitude = 39 32.86 S
* NMEA Longitude = 054 23.47 W
* NMEA UTC (Time) = Jan 17 2019 09:09:24
** H41
** NAVIO POLAR ALMIRANTE MAXIMIANO
** CRUZEIRO:
** OPERANTAR XXXVIII
** ESTAวรO: OP38_003
** LAT 39บ 32,87' S
** LONG 054บ 23,45' W
** 09P73767-1155
** PROFUNDIDADE: 2920 m
** DATA/HORA: 170909Z/OUT/2019
** OPERADOR: SO-HN CHAVES
# nquan = 30
# nvalues = 1014                        
# units = specified
# name 0 = scan: Scan Count
# name 1 = timeJ: Julian Days
# name 2 = latitude: Latitude [deg]
# name 3 = longitude: Longitude [deg]
# name 4 = dz/dtM: Descent Rate [m/s]
# name 5 = avgsvCM: Average Sound Velocity [Chen-Millero, m/s]
# name 6 = prDM: Pressure, Digiquartz [db]
# name 7 = depSM: Depth [salt water, m]
# name 8 = t090C: Temperature [ITS-90, deg C]
# name 9 = t190C: Temperature, 2 [ITS-90, deg C]
# name 10 = T2-T190C: Temperature Difference, 2 - 1 [ITS-90, deg C]
# name 11 = potemp090C: Potential Temperature [ITS-90, deg C]
# name 12 = potemp190C: Potential Temperature, 2 [ITS-90, deg C]
# name 13 = potemp90Cdiff: Potential Temperature, Diff, 2 - 1 [ITS-90, deg C]
# name 14 = c0S/m: Conductivity [S/m]
# name 15 = c1S/m: Conductivity, 2 [S/m]
# name 16 = C2-C1S/m: Conductivity Difference, 2 - 1 [S/m]
# name 17 = sal00: Salinity, Practical [PSU]
# name 18 = sal11: Salinity, Practical, 2 [PSU]
# name 19 = sbeox0ML/L: Oxygen, SBE 43 [ml/l]
# name 20 = sigma-้00: Density [sigma-theta, kg/m^3]
# name 21 = sigma-้11: Density, 2 [sigma-theta, kg/m^3]
# name 22 = sal00: Salinity, Practical [PSU]
# name 23 = sigma-้00: Density [sigma-theta, kg/m^3]
# name 24 = svCM: Sound Velocity [Chen-Millero, m/s]
# name 25 = svCM1: Sound Velocity, 2 [Chen-Millero, m/s]
# name 26 = gsw_ptA0: potential temperature [ITS-90, deg C]
# name 27 = gsw_densityA0: density, TEOS-10 [density, kg/m^3]
# name 28 = gsw_saA0: Absolute Salinity [g/kg]
# name 29 = flag:
# span 0 =      29032,      55419       
# span 1 =  17.395528,  17.408253       
# span 2 =  -39.54776,  -39.54770       
# span 3 =  -54.39122,  -54.39118       
# span 4 =     -1.648,     -0.039       
# span 5 =    1470.72,    1470.86       
# span 6 =     13.000,   1026.000       
# span 7 =     12.906,   1015.655       
# span 8 =     2.5676,     6.6543       
# span 9 =     2.5700,     6.6788       
# span 10 =    -0.0598,     0.0480      
# span 11 =     2.5012,     6.6532      
# span 12 =     2.5036,     6.6777      
# span 13 =    -0.0598,     0.0480      
# span 14 =   3.109761,   3.415318      
# span 15 =   3.110278,   3.418335      
# span 16 =  -0.004577,   0.004732      
# span 17 =    34.0578,    34.5104      
# span 18 =    34.0641,    34.5147      
# span 19 =     3.8602,     7.5122      
# span 20 =    26.7502,    27.5383      
# span 21 =    26.7532,    27.5415      
# span 22 =    34.0581,    34.5105      
# span 23 =    26.7497,    27.5384      
# span 24 =    1466.86,    1476.78      
# span 25 =    1466.88,    1476.80      
# span 26 =     2.5011,     6.6531      
# span 27 =  1026.8109,  1032.3020      
# span 28 =    34.2190,    34.6764      
# span 29 = 0.0000e+00, 0.0000e+00      
# interval = decibars: 1                
# start_time = Jan 17 2019 09:09:24 [NMEA time, header]
# bad_flag = -9.990e-29
*END*
[from data line 49]
      30597  17.396283  -39.54774  -54.39120     -1.137    1470.86    977.000    967.278     2.6212     2.6220     0.0007     2.5580     2.5587     0.0007   3.134511   3.134951   0.000437    34.4876    34.4922     3.9061    27.5152    27.5188    34.4877    27.5153    1476.17    1476.18     2.5579  1032.0528    34.6536 0.0000e+00
      30618  17.396293  -39.54774  -54.39120     -1.208    1470.86    976.000    966.290     2.6217     2.6227     0.0010     2.5585     2.5595     0.0010   3.134490   3.134959   0.000470    34.4874    34.4921     3.9101    27.5150    27.5187    34.4875    27.5151    1476.16    1476.17     2.5584  1032.0479    34.6533 0.0000e+00
      30646  17.396306  -39.54774  -54.39120     -1.000    1470.86    975.000    965.303     2.6220     2.6233     0.0013     2.5589     2.5602     0.0013   3.134460   3.134944   0.000484    34.4872    34.4918     3.9081    27.5149    27.5183    34.4873    27.5149    1476.14    1476.15     2.5588  1032.0431    34.6531 0.0000e+00
      30691  17.396328  -39.54774  -54.39120     -0.504    1470.86    974.000    964.315     2.6233     2.6234     0.0000     2.5603     2.5603     0.0000   3.134487   3.134907   0.000422    34.4866    34.4917     3.9028    27.5142    27.5183    34.4868    27.5143    1476.13    1476.14     2.5602  1032.0380    34.6526 0.0000e+00
      30723  17.396344  -39.54774  -54.39120     -0.656    1470.86    973.000    963.327     2.6242     2.6250     0.0007     2.5613     2.5620     0.0007   3.134490   3.134953   0.000459    34.4863    34.4911     3.9046    27.5139    27.5177    34.4864    27.5139    1476.12    1476.13     2.5612  1032.0329    34.6522 0.0000e+00
      30744  17.396354  -39.54776  -54.39120     -0.958    1470.86    972.000    962.339     2.6248     2.6259     0.0011     2.5619     2.5630     0.0011   3.134500   3.134975   0.000478    34.4862    34.4909     3.9083    27.5138    27.5174    34.4864    27.5139    1476.10    1476.11     2.5618  1032.0283    34.6522 0.0000e+00
      30762  17.396362  -39.54776  -54.39120     -1.191    1470.86    971.000    961.351     2.6261     2.6274     0.0013     2.5632     2.5645     0.0013   3.134522   3.135025   0.000490    34.4857    34.4903     3.9090    27.5132    27.5168    34.4859    27.5134    1476.09    1476.10     2.5632  1032.0231    34.6516 0.0000e+00
      30779  17.396370  -39.54776  -54.39120     -1.342    1470.86    970.000    960.364     2.6286     2.6302     0.0016     2.5659     2.5674     0.0016   3.134627   3.135136   0.000516    34.4846    34.4892     3.9086    27.5121    27.5157    34.4850    27.5124    1476.08    1476.10     2.5657  1032.0175    34.6507 0.0000e+00
      30796  17.396379  -39.54776  -54.39120     -1.413    1470.86    969.000    959.376     2.6311     2.6320     0.0009     2.5684     2.5693     0.0009   3.134721   3.135173   0.000455    34.4837    34.4882     3.9084    27.5112    27.5147    34.4840    27.5114    1476.08    1476.09     2.5683  1032.0119    34.6498 0.0000e+00
      30815  17.396388  -39.54775  -54.39120     -1.360    1470.86    968.000    958.388     2.6321     2.6337     0.0015     2.5695     2.5710     0.0015   3.134729   3.135222   0.000491    34.4832    34.4876     3.9074    27.5107    27.5141    34.4835    27.5109    1476.06    1476.08     2.5694  1032.0068    34.6492 0.0000e+00
      30845  17.396403  -39.54774  -54.39120     -0.979    1470.86    967.000    957.400     2.6335     2.6344     0.0009     2.5709     2.5718     0.0009   3.134775   3.135224   0.000458    34.4828    34.4874     3.9106    27.5102    27.5139    34.4831    27.5105    1476.05    1476.06     2.5708  1032.0017    34.6488 0.0000e+00
      30899  17.396429  -39.54774  -54.39120     -0.346    1470.86    966.000    956.413     2.6406     2.6386    -0.0020     2.5780     2.5760    -0.0020   3.135133   3.135448   0.000309    34.4800    34.4859     3.9155    27.5074    27.5123    34.4805    27.5078    1476.06    1476.06     2.5779  1031.9942    34.6462 0.0000e+00
      30929  17.396443  -39.54774  -54.39121     -0.661    1470.86    965.000    955.425     2.6386     2.6400     0.0014     2.5761     2.5775     0.0014   3.134967   3.135458   0.000482    34.4810    34.4853     3.9158    27.5084    27.5117    34.4811    27.5085    1476.04    1476.05     2.5760  1031.9903    34.6468 0.0000e+00
      30948  17.396452  -39.54774  -54.39122     -1.002    1470.86    964.000    954.437     2.6411     2.6419     0.0009     2.5786     2.5795     0.0009   3.135068   3.135543   0.000482    34.4797    34.4847     3.9172    27.5072    27.5110    34.4802    27.5075    1476.03    1476.04     2.5786  1031.9848    34.6460 0.0000e+00
      30964  17.396460  -39.54776  -54.39122     -1.276    1470.86    963.000    953.449     2.6418     2.6432     0.0013     2.5795     2.5808     0.0013   3.135064   3.135561   0.000493    34.4796    34.4842     3.9240    27.5070    27.5105    34.4799    27.5072    1476.02    1476.03     2.5794  1031.9798    34.6456 0.0000e+00
      30979  17.396467  -39.54776  -54.39121     -1.464    1470.86    962.000    952.461     2.6426     2.6436     0.0010     2.5803     2.5813     0.0009   3.135057   3.135538   0.000485    34.4792    34.4841     3.9304    27.5066    27.5104    34.4795    27.5068    1476.01    1476.02     2.5802  1031.9748    34.6452 0.0000e+00
      30996  17.396475  -39.54776  -54.39120     -1.531    1470.86    961.000    951.474     2.6428     2.6436     0.0009     2.5806     2.5814     0.0009   3.135018   3.135480   0.000461    34.4791    34.4839     3.9283    27.5065    27.5102    34.4794    27.5067    1475.99    1476.00     2.5805  1031.9701    34.6451 0.0000e+00
      31017  17.396485  -39.54774  -54.39120     -1.367    1470.86    960.000    950.486     2.6427     2.6434     0.0007     2.5806     2.5813     0.0007   3.134975   3.135419   0.000446    34.4792    34.4839     3.9289    27.5066    27.5102    34.4794    27.5067    1475.97    1475.98     2.5805  1031.9655    34.6451 0.0000e+00
      31068  17.396510  -39.54774  -54.39120     -0.469    1470.86    959.000    949.498     2.6431     2.6439     0.0008     2.5811     2.5819     0.0008   3.134938   3.135393   0.000454    34.4789    34.4835     3.9319    27.5062    27.5099    34.4791    27.5064    1475.96    1475.97     2.5809  1031.9606    34.6448 0.0000e+00
      31114  17.396532  -39.54774  -54.39120     -0.522    1470.86    958.000    948.510     2.6434     2.6442     0.0008     2.5814     2.5822     0.0008   3.134894   3.135361   0.000470    34.4786    34.4835     3.9320    27.5060    27.5098    34.4788    27.5061    1475.94    1475.95     2.5813  1031.9557    34.6444 0.0000e+00
      31137  17.396543  -39.54774  -54.39120     -0.867    1470.86    957.000    947.522     2.6434     2.6440     0.0007     2.5814     2.5821     0.0007   3.134856   3.135313   0.000460    34.4787    34.4836     3.9318    27.5061    27.5100    34.4789    27.5062    1475.93    1475.93     2.5814  1031.9512    34.6445 0.0000e+00
      31156  17.396552  -39.54774  -54.39120     -1.111    1470.86    956.000    946.534     2.6438     2.6445     0.0006     2.5819     2.5826     0.0006   3.134835   3.135285   0.000449    34.4785    34.4833     3.9323    27.5059    27.5096    34.4787    27.5060    1475.91    1475.92     2.5818  1031.9464    34.6443 0.0000e+00
      31174  17.396561  -39.54775  -54.39120     -1.277    1470.86    955.000    945.547     2.6443     2.6453     0.0010     2.5825     2.5835     0.0009   3.134809   3.135275   0.000462    34.4782    34.4828     3.9321    27.5056    27.5092    34.4783    27.5057    1475.89    1475.90     2.5824  1031.9414    34.6440 0.0000e+00
      31192  17.396570  -39.54775  -54.39120     -1.339    1470.86    954.000    944.559     2.6451     2.6461     0.0010     2.5834     2.5843     0.0010   3.134801   3.135260   0.000460    34.4778    34.4823     3.9329    27.5052    27.5087    34.4779    27.5053    1475.88    1475.89     2.5833  1031.9364    34.6436 0.0000e+00
      31214  17.396580  -39.54774  -54.39120     -1.234    1470.86    953.000    943.580     2.6463     2.6473     0.0010     2.5847     2.5856     0.0010   3.134808   3.135275   0.000463    34.4771    34.4817     3.9377    27.5045    27.5081    34.4772    27.5046    1475.87    1475.88     2.5846  1031.9311    34.6429 0.0000e+00
      31244  17.396595  -39.54774  -54.39120     -0.911    1470.86    952.000    942.578     2.6469     2.6483     0.0014     2.5853     2.5867     0.0014   3.134790   3.135262   0.000471    34.4768    34.4811     3.9338    27.5043    27.5075    34.4769    27.5043    1475.85    1475.87     2.5852  1031.9263    34.6426 0.0000e+00
      31279  17.396612  -39.54774  -54.39120     -0.667    1470.86    951.000    941.595     2.6482     2.6482    -0.0000     2.5866     2.5866    -0.0000   3.134792   3.135216   0.000428    34.4759    34.4812     3.9343    27.5034    27.5077    34.4761    27.5036    1475.84    1475.85     2.5866  1031.9209    34.6417 0.0000e+00
      31307  17.396625  -39.54774  -54.39120     -0.792    1470.86    950.000    940.607     2.6485     2.6497     0.0012     2.5871     2.5882     0.0012   3.134772   3.135249   0.000474    34.4759    34.4804     3.9359    27.5033    27.5068    34.4760    27.5035    1475.83    1475.84     2.5870  1031.9161    34.6416 0.0000e+00
      31331  17.396637  -39.54774  -54.39120     -0.943    1470.86    949.000    939.619     2.6498     2.6508     0.0010     2.5884     2.5894     0.0010   3.134765   3.135255   0.000496    34.4748    34.4799     3.9359    27.5024    27.5063    34.4751    27.5026    1475.82    1475.83     2.5883  1031.9106    34.6407 0.0000e+00
      31357  17.396649  -39.54774  -54.39120     -0.961    1470.86    948.000    938.632     2.6499     2.6513     0.0014     2.5886     2.5900     0.0013   3.134742   3.135233   0.000488    34.4751    34.4796     3.9324    27.5026    27.5061    34.4752    27.5027    1475.80    1475.81     2.5885  1031.9061    34.6408 0.0000e+00
      31385  17.396663  -39.54774  -54.39120     -0.883    1470.86    947.000    937.644     2.6504     2.6515     0.0011     2.5892     2.5903     0.0011   3.134722   3.135193   0.000471    34.4748    34.4794     3.9414    27.5023    27.5059    34.4750    27.5024    1475.79    1475.80     2.5891  1031.9013    34.6406 0.0000e+00
      31415  17.396677  -39.54774  -54.39120     -0.818    1470.86    946.000    936.656     2.6509     2.6519     0.0011     2.5897     2.5907     0.0010   3.134688   3.135154   0.000467    34.4745    34.4790     3.9426    27.5020    27.5055    34.4746    27.5021    1475.77    1475.78     2.5896  1031.8963    34.6402 0.0000e+00
      31443  17.396691  -39.54774  -54.39120     -0.829    1470.86    945.000    935.668     2.6513     2.6527     0.0013     2.5902     2.5915     0.0013   3.134666   3.135152   0.000485    34.4742    34.4788     3.9442    27.5017    27.5052    34.4744    27.5019    1475.76    1475.77     2.5901  1031.8915    34.6399 0.0000e+00
      31469  17.396703  -39.54774  -54.39120     -0.901    1470.86    944.000    934.680     2.6524     2.6535     0.0011     2.5913     2.5924     0.0011   3.134664   3.135136   0.000471    34.4737    34.4782     3.9474    27.5012    27.5048    34.4738    27.5013    1475.74    1475.75     2.5913  1031.8863    34.6393 0.0000e+00
      31494  17.396715  -39.54774  -54.39120     -0.946    1470.86    943.000    933.692     2.6533     2.6546     0.0013     2.5923     2.5936     0.0013   3.134639   3.135115   0.000477    34.4729    34.4773     3.9501    27.5005    27.5039    34.4730    27.5006    1475.73    1475.74     2.5922  1031.8810    34.6386 0.0000e+00
      31521  17.396728  -39.54774  -54.39120     -0.925    1470.86    942.000    932.704     2.6537     2.6556     0.0019     2.5927     2.5946     0.0019   3.134603   3.135076   0.000471    34.4726    34.4763     3.9489    27.5002    27.5030    34.4727    27.5003    1475.71    1475.73     2.5927  1031.8761    34.6382 0.0000e+00
      31550  17.396742  -39.54774  -54.39120     -0.851    1470.86    941.000    931.716     2.6549     2.6564     0.0016     2.5940     2.5956     0.0015   3.134568   3.135047   0.000480    34.4713    34.4755     3.9508    27.4991    27.5024    34.4715    27.4992    1475.70    1475.71     2.5940  1031.8704    34.6370 0.0000e+00
      31578  17.396756  -39.54774  -54.39120     -0.830    1470.86    940.000    930.728     2.6558     2.6576     0.0018     2.5950     2.5968     0.0018   3.134536   3.135014   0.000475    34.4705    34.4744     3.9549    27.4984    27.5013    34.4706    27.4985    1475.69    1475.70     2.5949  1031.8650    34.6362 0.0000e+00
      31599  17.396766  -39.54774  -54.39120     -0.966    1470.86    939.000    929.740     2.6573     2.6584     0.0011     2.5966     2.5977     0.0011   3.134505   3.134973   0.000469    34.4690    34.4736     3.9571    27.4970    27.5006    34.4692    27.4971    1475.68    1475.69     2.5965  1031.8591    34.6347 0.0000e+00
      31618  17.396775  -39.54774  -54.39120     -1.158    1470.86    938.000    928.752     2.6579     2.6589     0.0009     2.5973     2.5982     0.0009   3.134461   3.134929   0.000471    34.4684    34.4731     3.9594    27.4965    27.5002    34.4685    27.4966    1475.66    1475.67     2.5972  1031.8539    34.6341 0.0000e+00
      31638  17.396785  -39.54774  -54.39120     -1.250    1470.86    937.000    927.764     2.6582     2.6591     0.0009     2.5976     2.5985     0.0009   3.134418   3.134880   0.000463    34.4681    34.4728     3.9603    27.4962    27.4999    34.4683    27.4963    1475.64    1475.65     2.5975  1031.8491    34.6338 0.0000e+00
      31660  17.396795  -39.54774  -54.39120     -1.186    1470.86    936.000    926.777     2.6584     2.6594     0.0010     2.5979     2.5989     0.0010   3.134373   3.134831   0.000458    34.4679    34.4724     3.9650    27.4960    27.4995    34.4680    27.4961    1475.63    1475.64     2.5978  1031.8442    34.6335 0.0000e+00
      31691  17.396810  -39.54774  -54.39120     -0.883    1470.86    935.000    925.789     2.6586     2.6594     0.0008     2.5982     2.5989     0.0008   3.134328   3.134788   0.000461    34.4676    34.4724     3.9700    27.4958    27.4996    34.4677    27.4959    1475.61    1475.62     2.5981  1031.8394    34.6333 0.0000e+00
      31736  17.396832  -39.54774  -54.39120     -0.498    1470.86    934.000    924.803     2.6604     2.6600    -0.0004     2.6000     2.5996    -0.0004   3.134330   3.134757   0.000431    34.4662    34.4719     3.9715    27.4945    27.4991    34.4664    27.4946    1475.60    1475.61     2.5999  1031.8335    34.6318 0.0000e+00
      31767  17.396847  -39.54774  -54.39120     -0.682    1470.86    933.000    923.806     2.6601     2.6610     0.0009     2.5998     2.6007     0.0008   3.134274   3.134737   0.000459    34.4665    34.4711     3.9725    27.4947    27.4984    34.4665    27.4948    1475.58    1475.59     2.5997  1031.8290    34.6320 0.0000e+00
      31786  17.396856  -39.54774  -54.39120     -0.978    1470.86    932.000    922.825     2.6608     2.6618     0.0010     2.6006     2.6015     0.0010   3.134250   3.134717   0.000472    34.4659    34.4706     3.9700    27.4942    27.4979    34.4660    27.4943    1475.57    1475.58     2.6005  1031.8240    34.6315 0.0000e+00
      31803  17.396864  -39.54776  -54.39120     -1.226    1470.86    931.000    921.837     2.6609     2.6619     0.0009     2.6007     2.6017     0.0009   3.134203   3.134670   0.000463    34.4658    34.4705     3.9739    27.4941    27.4978    34.4658    27.4941    1475.55    1475.56     2.6007  1031.8192    34.6313 0.0000e+00
