Pos-Processados/process_op38/Processamento_split/up/uoperantar38_009.cnv
* Sea-Bird SBE 9 Data File:
* FileName = D:\OPERANTAR_XXXVIII\DADOS\OP38_009.hdr
* Software Version Seasave V 7.18c
* Temperature SN = 4808
* Conductivity SN = 3380
* Number of Bytes Per Scan = 31
* Number of Voltage Words = 2
* Number of Scans Averaged by the Deck Unit = 1
* NMEA Latitude = 44 15.92 S
* NMEA Longitude = 052 42.25 W
* NMEA UTC (Time) = Oct 20 2019 07:17:42
** H41
** NAVIO POLAR ALMIRANTE MAXIMIANO
** CRUZEIRO:
** OPERANTAR XXXVIII
** ESTAวรO: OP38_009
** LAT 44บ 15,92'S
** LONG 052บ 42,27'W
** 09P73767-1155
** PROFUNDIDADE: 5806
** DATA/HORA: 200718Z/OUT/19
** OPERADOR: CTTECCHIO
# nquan = 33
# nvalues = 1018                        
# units = specified
# name 0 = scan: Scan Count
# name 1 = timeJ: Julian Days
# name 2 = latitude: Latitude [deg]
# name 3 = longitude: Longitude [deg]
# name 4 = dz/dtM: Descent Rate [m/s]
# name 5 = avgsvCM: Average Sound Velocity [Chen-Millero, m/s]
# name 6 = prDM: Pressure, Digiquartz [db]
# name 7 = depSM: Depth [salt water, m]
# name 8 = t090C: Temperature [ITS-90, deg C]
# name 9 = t190C: Temperature, 2 [ITS-90, deg C]
# name 10 = T2-T190C: Temperature Difference, 2 - 1 [ITS-90, deg C]
# name 11 = potemp090C: Potential Temperature [ITS-90, deg C]
# name 12 = potemp190C: Potential Temperature, 2 [ITS-90, deg C]
# name 13 = potemp90Cdiff: Potential Temperature, Diff, 2 - 1 [ITS-90, deg C]
# name 14 = c0S/m: Conductivity [S/m]
# name 15 = c1S/m: Conductivity, 2 [S/m]
# name 16 = C2-C1S/m: Conductivity Difference, 2 - 1 [S/m]
# name 17 = sal00: Salinity, Practical [PSU]
# name 18 = sal11: Salinity, Practical, 2 [PSU]
# name 19 = sbeox0ML/L: Oxygen, SBE 43 [ml/l]
# name 20 = sigma-้00: Density [sigma-theta, kg/m^3]
# name 21 = sigma-้11: Density, 2 [sigma-theta, kg/m^3]
# name 22 = sbox0Mm/Kg: Oxygen, SBE 43 [umol/kg]
# name 23 = oxsolMm/Kg: Oxygen Saturation, Garcia & Gordon [umol/kg]
# name 24 = oxsatMm/Kg: Oxygen Saturation, Weiss [umol/kg]
# name 25 = sal00: Salinity, Practical [PSU]
# name 26 = sigma-้00: Density [sigma-theta, kg/m^3]
# name 27 = svCM: Sound Velocity [Chen-Millero, m/s]
# name 28 = svCM1: Sound Velocity, 2 [Chen-Millero, m/s]
# name 29 = gsw_ptA0: potential temperature [ITS-90, deg C]
# name 30 = gsw_densityA0: density, TEOS-10 [density, kg/m^3]
# name 31 = gsw_saA0: Absolute Salinity [g/kg]
# name 32 = flag:
# span 0 =      32211,      64185       
# span 1 = 293.319492, 293.334912       
# span 2 =  -44.26542,  -44.26538       
# span 3 =  -52.70420,  -52.70418       
# span 4 =     -1.402,     -0.112       
# span 5 =    1497.43,    1497.43       
# span 6 =      3.000,   1020.000       
# span 7 =      3.001,   1009.306       
# span 8 =     3.8342,    14.2229       
# span 9 =     3.8340,    14.2233       
# span 10 =    -0.0385,     0.0129      
# span 11 =     3.7587,    14.1773      
# span 12 =     3.7585,    14.1774      
# span 13 =    -0.0383,     0.0128      
# span 14 =   3.218483,   4.302463      
# span 15 =   3.218836,   4.303143      
# span 16 =  -0.003475,   0.002118      
# span 17 =    34.1839,    35.6672      
# span 18 =    34.1890,    35.6735      
# span 19 =     4.3033,     5.9736      
# span 20 =    26.6622,    27.1740      
# span 21 =    26.6672,    27.1775      
# span 22 =    187.177,    259.760      
# span 23 =  250.46516,  317.97380      
# span 24 =  250.31234,  318.79621      
# span 25 =    34.1838,    35.6672      
# span 26 =    26.6613,    27.1739      
# span 27 =    1481.68,    1510.91      
# span 28 =    1481.68,    1510.92      
# span 29 =     3.7585,    14.1773      
# span 30 =  1026.6824,  1031.8786      
# span 31 =    34.3454,    35.8364      
# span 32 = 0.0000e+00, 0.0000e+00      
# interval = decibars: 1                
# start_time = Oct 20 2019 07:17:42 [NMEA time, header]
# bad_flag = -9.990e-29
*END*
[from data line 484]
      44482 293.325410  -44.26540  -52.70420     -0.694    1497.43    536.000    530.998    10.7412    10.7429     0.0017    10.6751    10.6768     0.0017   3.893167   3.893985   0.000819    34.8981    34.9047     4.4599    26.7545    26.7594    193.989  270.49603  270.58092    34.8991    26.7553    1501.19    1501.20    10.6751  1029.1524    35.0652 0.0000e+00
      44516 293.325426  -44.26540  -52.70418     -0.689    1497.43    535.000    530.008    10.7389    10.7398     0.0009    10.6730    10.6739     0.0009   3.892847   3.893551   0.000705    34.8977    34.9039     4.3350    26.7546    26.7593    188.556  270.50979  270.59486    34.8984    26.7552    1501.16    1501.17    10.6729  1029.1478    35.0646 0.0000e+00
      44544 293.325439  -44.26540  -52.70418     -0.800    1497.43    534.000    529.019    10.7385    10.7389     0.0004    10.6727    10.6731     0.0004   3.892775   3.893405   0.000636    34.8977    34.9038     4.3033    26.7547    26.7593    187.177  270.51189  270.59699    34.8985    26.7553    1501.14    1501.15    10.6727  1029.1435    35.0646 0.0000e+00
      44569 293.325451  -44.26539  -52.70418     -0.929    1497.43    533.000    528.029    10.7408    10.7407    -0.0001    10.6752    10.6750    -0.0001   3.893037   3.893620   0.000582    34.8983    34.9043     4.3106    26.7547    26.7594    187.494  270.49737  270.58229    34.8994    26.7556    1501.14    1501.14    10.6751  1029.1393    35.0655 0.0000e+00
      44590 293.325462  -44.26538  -52.70418     -1.041    1497.43    532.000    527.040    10.7486    10.7485    -0.0001    10.6830    10.6829    -0.0001   3.893855   3.894482   0.000613    34.8990    34.9052     4.3156    26.7538    26.7587    187.711  270.45172  270.53602    34.9006    26.7551    1501.15    1501.15    10.6830  1029.1343    35.0667 0.0000e+00
      44611 293.325472  -44.26539  -52.70418     -1.136    1497.43    531.000    526.051    10.7654    10.7644    -0.0010    10.6999    10.6989    -0.0010   3.895744   3.896236   0.000510    34.9011    34.9071     4.3194    26.7525    26.7574    187.875  270.35131  270.43428    34.9040    26.7548    1501.20    1501.20    10.6998  1029.1293    35.0702 0.0000e+00
      44630 293.325481  -44.26540  -52.70418     -1.193    1497.43    530.000    525.061    10.7779    10.7769    -0.0011    10.7125    10.7115    -0.0011   3.896928   3.897369   0.000482    34.9022    34.9080     4.3179    26.7511    26.7558    187.815  270.27702  270.35898    34.9044    26.7528    1501.22    1501.23    10.7124  1029.1230    35.0708 0.0000e+00
      44651 293.325491  -44.26540 -9.990e-29     -1.191    1497.43    529.000    524.072    10.7830    10.7821    -0.0009    10.7177    10.7167    -0.0009   3.897332   3.897851   0.000496    34.9026    34.9084     4.3205    26.7505    26.7552    187.928  270.24744  270.32900    34.9041    26.7516    1501.22    1501.23    10.7176  1029.1174    35.0705 0.0000e+00
      44675 293.325503  -44.26540 -9.990e-29     -1.090    1497.43    528.000    523.082    10.7898    10.7889    -0.0009    10.7245    10.7237    -0.0009   3.898141   3.898610   0.000478    34.9040    34.9096     4.3179    26.7503    26.7549    187.812  270.20589  270.28692    34.9062    26.7520    1501.23    1501.24    10.7245  1029.1132    35.0726 0.0000e+00
      44705 293.325517  -44.26540 -9.990e-29     -0.884    1497.43    527.000    522.093    10.8020    10.8004    -0.0016    10.7369    10.7352    -0.0016   3.899440   3.899829   0.000395    34.9056    34.9111     4.3182    26.7494    26.7540    187.827  270.13251  270.21258    34.9079    26.7512    1501.26    1501.26    10.7368  1029.1078    35.0744 0.0000e+00
      44741 293.325534  -44.26540  -52.70420     -0.668    1497.43    526.000    521.103    10.8153    10.8144    -0.0010    10.7503    10.7493    -0.0010   3.900816   3.901298   0.000478    34.9074    34.9131     4.3209    26.7484    26.7530    187.942  270.05281  270.13182    34.9095    26.7500    1501.30    1501.30    10.7502  1029.1018    35.0756 0.0000e+00
      44774 293.325550  -44.26540  -52.70420     -0.701    1497.43    525.000    520.114    10.8317    10.8335     0.0018    10.7667    10.7685     0.0018   3.902670   3.903451   0.000761    34.9100    34.9159     4.3169    26.7475    26.7518    187.768  269.95433  270.03206    34.9129    26.7498    1501.34    1501.35    10.7666  1029.0969    35.0790 0.0000e+00
      44799 293.325562  -44.26540  -52.70420     -0.866    1497.43    524.000    519.125    10.8476    10.8473    -0.0003    10.7827    10.7824    -0.0003   3.904387   3.904929   0.000553    34.9122    34.9181     4.3101    26.7463    26.7509    187.473  269.85891  269.93538    34.9153    26.7488    1501.38    1501.39    10.7826  1029.0913    35.0815 0.0000e+00
      44820 293.325572  -44.26540  -52.70420     -1.045    1497.43    523.000    518.135    10.8635    10.8634    -0.0000    10.7986    10.7986    -0.0000   3.906075   3.906664   0.000590    34.9142    34.9201     4.3138    26.7450    26.7496    187.634  269.76471  269.83994    34.9176    26.7477    1501.43    1501.43    10.7986  1029.0856    35.0838 0.0000e+00
      44840 293.325582  -44.26540  -52.70420     -1.166    1497.43    522.000    517.145    10.8732    10.8731    -0.0002    10.8085    10.8083    -0.0002   3.906914   3.907508   0.000582    34.9149    34.9209     4.3176    26.7438    26.7485    187.800  269.70745  269.78190    34.9172    26.7456    1501.44    1501.45    10.8084  1029.0790    35.0833 0.0000e+00
      44861 293.325592  -44.26540  -52.70420     -1.172    1497.43    521.000    516.156    10.8758    10.8755    -0.0003    10.8111    10.8108    -0.0003   3.907188   3.907713   0.000548    34.9156    34.9214     4.3151    26.7439    26.7484    187.693  269.69142  269.76567    34.9179    26.7457    1501.44    1501.44    10.8111  1029.0746    35.0840 0.0000e+00
      44886 293.325604  -44.26540  -52.70420     -1.045    1497.43    520.000    515.167    10.8793    10.8788    -0.0005    10.8147    10.8143    -0.0005   3.907485   3.908021   0.000525    34.9162    34.9218     4.3184    26.7437    26.7482    187.834  269.67042  269.74440    34.9180    26.7451    1501.43    1501.44    10.8147  1029.0695    35.0841 0.0000e+00
      44915 293.325618  -44.26540  -52.70420     -0.864    1497.43    519.000    514.177    10.8838    10.8830    -0.0008    10.8194    10.8185    -0.0008   3.907975   3.908459   0.000495    34.9170    34.9227     4.3173    26.7435    26.7481    187.788  269.64311  269.71674    34.9190    26.7451    1501.43    1501.44    10.8193  1029.0650    35.0852 0.0000e+00
      44944 293.325632  -44.26540  -52.70420     -0.816    1497.43    518.000    513.188    10.8909    10.8905    -0.0005    10.8266    10.8261    -0.0005   3.908721   3.909291   0.000549    34.9180    34.9239     4.3133    26.7430    26.7477    187.614  269.60051  269.67358    34.9202    26.7447    1501.44    1501.45    10.8265  1029.0601    35.0863 0.0000e+00
      44968 293.325644  -44.26540  -52.70420     -0.910    1497.43    517.000    512.198    10.8996    10.8995    -0.0001    10.8353    10.8353    -0.0001   3.909605   3.910175   0.000583    34.9192    34.9251     4.3135    26.7424    26.7470    187.623  269.54895  269.62135    34.9212    26.7439    1501.46    1501.46    10.8353  1029.0548    35.0874 0.0000e+00
      44992 293.325655  -44.26540  -52.70420     -0.998    1497.43    516.000    511.209    10.9029    10.9028    -0.0001    10.8388    10.8387    -0.0001   3.909892   3.910476   0.000581    34.9197    34.9256     4.3151    26.7421    26.7467    187.694  269.52886  269.60099    34.9213    26.7434    1501.45    1501.46    10.8388  1029.0498    35.0875 0.0000e+00
      45017 293.325667  -44.26540  -52.70420     -0.991    1497.43    515.000    510.219    10.9080    10.9075    -0.0005    10.8440    10.8435    -0.0005   3.910531   3.911020   0.000509    34.9211    34.9266     4.3168    26.7423    26.7466    187.769  269.49735  269.56909    34.9233    26.7440    1501.46    1501.46    10.8439  1029.0459    35.0895 0.0000e+00
      45044 293.325680  -44.26540  -52.70420     -0.926    1497.43    514.000    509.234    10.9267    10.9245    -0.0022    10.8627    10.8606    -0.0022   3.912576   3.912940   0.000360    34.9236    34.9292     4.3169    26.7408    26.7456    187.773  269.38601  269.45630    34.9264    26.7430    1501.51    1501.51    10.8627  1029.0403    35.0926 0.0000e+00
      45070 293.325693  -44.26540  -52.70420     -0.896    1497.43    513.000    508.235    10.9346    10.9344    -0.0002    10.8707    10.8705    -0.0002   3.913219   3.913781   0.000554    34.9241    34.9298     4.3150    26.7398    26.7443    187.687  269.33992  269.40958    34.9257    26.7411    1501.52    1501.53    10.8707  1029.0338    35.0919 0.0000e+00
      45096 293.325705  -44.26540  -52.70420     -0.921    1497.43    512.000    507.251    10.9353    10.9356     0.0003    10.8716    10.8719     0.0003   3.913242   3.913848   0.000605    34.9243    34.9301     4.3190    26.7398    26.7442    187.864  269.33537  269.40497    34.9257    26.7409    1501.51    1501.51    10.8715  1029.0292    35.0919 0.0000e+00
      45120 293.325717  -44.26540  -52.70420     -0.974    1497.43    511.000    506.261    10.9354    10.9357     0.0003    10.8718    10.8721     0.0003   3.913207   3.913812   0.000601    34.9245    34.9302     4.3162    26.7399    26.7443    187.740  269.33439  269.40399    34.9257    26.7409    1501.49    1501.50    10.8718  1029.0247    35.0919 0.0000e+00
      45143 293.325728  -44.26540  -52.70420     -1.028    1497.43    510.000    505.272    10.9360    10.9365     0.0005    10.8725    10.8730     0.0005   3.913228   3.913856   0.000631    34.9247    34.9305     4.3139    26.7399    26.7444    187.641  269.33103  269.40058    34.9259    26.7409    1501.47    1501.48    10.8724  1029.0203    35.0920 0.0000e+00
      45167 293.325740  -44.26540  -52.70420     -1.012    1497.43    509.000    504.282    10.9387    10.9385    -0.0002    10.8753    10.8751    -0.0002   3.913490   3.914059   0.000567    34.9252    34.9310     4.3157    26.7398    26.7444    187.721  269.31472  269.38406    34.9263    26.7407    1501.47    1501.48    10.8752  1029.0157    35.0925 0.0000e+00
      45193 293.325752  -44.26540  -52.70420     -0.953    1497.43    508.000    503.293    10.9410    10.9406    -0.0004    10.8777    10.8773    -0.0004   3.913704   3.914235   0.000534    34.9256    34.9313     4.3199    26.7397    26.7442    187.902  269.30090  269.37006    34.9267    26.7406    1501.46    1501.46    10.8777  1029.0111    35.0929 0.0000e+00
      45218 293.325764  -44.26540  -52.70420     -0.939    1497.43    507.000    502.303    10.9473    10.9450    -0.0023    10.8841    10.8819    -0.0023   3.914463   3.914776   0.000326    34.9268    34.9322     4.3216    26.7395    26.7441    187.978  269.26243  269.33110    34.9287    26.7410    1501.47    1501.47    10.8841  1029.0070    35.0949 0.0000e+00
      45242 293.325776  -44.26540  -52.70420     -0.972    1497.43    506.000    501.314    10.9624    10.9605    -0.0019    10.8993    10.8974    -0.0019   3.916183   3.916539   0.000384    34.9290    34.9346     4.3191    26.7385    26.7432    187.868  269.17244  269.23994    34.9320    26.7408    1501.51    1501.51    10.8993  1029.0022    35.0982 0.0000e+00
      45266 293.325788  -44.26540  -52.70420     -1.000    1497.43    505.000    500.324    10.9871    10.9828    -0.0043    10.9241    10.9198    -0.0043   3.918755   3.918889   0.000126    34.9317    34.9371     4.3175    26.7361    26.7411    187.800  269.02666  269.09223    34.9346    26.7384    1501.58    1501.57    10.9240  1028.9950    35.1008 0.0000e+00
      45292 293.325800  -44.26540  -52.70420     -0.962    1497.43    504.000    499.335    10.9977    10.9966    -0.0011    10.9347    10.9336    -0.0011   3.919802   3.920247   0.000445    34.9330    34.9384     4.3197    26.7352    26.7396    187.895  268.96428  269.02903    34.9355    26.7371    1501.60    1501.61    10.9347  1028.9892    35.1016 0.0000e+00
      45322 293.325814  -44.26540  -52.70420     -0.842    1497.43    503.000    498.345    11.0113    11.0095    -0.0018    10.9484    10.9466    -0.0018   3.921225   3.921629   0.000395    34.9347    34.9403     4.3242    26.7340    26.7387    188.092  268.88371  268.94739    34.9372    26.7360    1501.64    1501.64    10.9484  1028.9835    35.1033 0.0000e+00
      45351 293.325828  -44.26540  -52.70420     -0.809    1497.43    502.000    497.356    11.0198    11.0197    -0.0001    10.9571    10.9569    -0.0001   3.922102   3.922677   0.000569    34.9359    34.9417     4.3226    26.7334    26.7380    188.021  268.83266  268.89568    34.9382    26.7352    1501.65    1501.66    10.9570  1028.9782    35.1044 0.0000e+00
      45376 293.325841  -44.26540  -52.70420     -0.899    1497.43    501.000    496.366    11.0255    11.0251    -0.0004    10.9629    10.9624    -0.0004   3.922658   3.923187   0.000530    34.9368    34.9424     4.3181    26.7331    26.7375    187.825  268.79871  268.86129    34.9388    26.7346    1501.66    1501.66    10.9628  1028.9731    35.1049 0.0000e+00
      45400 293.325852  -44.26540  -52.70420     -0.975    1497.43    500.000    495.376    11.0314    11.0306    -0.0008    10.9688    10.9680    -0.0008   3.923332   3.923830   0.000485    34.9381    34.9437     4.3130    26.7330    26.7375    187.604  268.76297  268.82510    34.9403    26.7347    1501.66    1501.67    10.9688  1028.9687    35.1065 0.0000e+00
      45426 293.325865  -44.26540  -52.70420     -0.964    1497.43    499.000    494.387    11.0434    11.0435     0.0000    10.9809    10.9810     0.0000   3.924633   3.925204   0.000572    34.9397    34.9454     4.3140    26.7321    26.7365    187.646  268.69172  268.75293    34.9424    26.7341    1501.69    1501.70    10.9809  1028.9635    35.1085 0.0000e+00
      45454 293.325878  -44.26540  -52.70420     -0.877    1497.43    498.000    493.397    11.0634    11.0616    -0.0017    11.0009    10.9992    -0.0017   3.926843   3.927241   0.000392    34.9424    34.9480     4.3142    26.7306    26.7352    187.655  268.57348  268.63314    34.9458    26.7332    1501.75    1501.75    11.0009  1028.9580    35.1120 0.0000e+00
      45483 293.325892  -44.26540  -52.70420     -0.833    1497.43    497.000    492.408    11.0799    11.0802     0.0002    11.0176    11.0178     0.0002   3.928447   3.929099   0.000652    34.9439    34.9502     4.3193    26.7287    26.7335    187.879  268.47678  268.53514    34.9465    26.7307    1501.79    1501.80    11.0175  1028.9509    35.1127 0.0000e+00
      45509 293.325905  -44.26540  -52.70420     -0.890    1497.43    496.000    491.418    11.0870    11.0870     0.0000    11.0248    11.0248     0.0000   3.929237   3.929788   0.000568    34.9455    34.9511     4.3266    26.7286    26.7330    188.195  268.43379  268.49162    34.9481    26.7307    1501.80    1501.81    11.0247  1028.9463    35.1143 0.0000e+00
      45535 293.325917  -44.26540  -52.70420     -0.937    1497.43    495.000    490.428    11.0936    11.0940     0.0004    11.0315    11.0318     0.0003   3.929848   3.930508   0.000642    34.9462    34.9522     4.3284    26.7280    26.7326    188.275  268.39503  268.45235    34.9484    26.7296    1501.81    1501.82    11.0314  1028.9408    35.1146 0.0000e+00
      45564 293.325931  -44.26540  -52.70420     -0.853    1497.43    494.000    489.439    11.1016    11.1015    -0.0001    11.0395    11.0395    -0.0001   3.930770   3.931317   0.000563    34.9478    34.9534     4.3253    26.7277    26.7321    188.139  268.34685  268.40356    34.9504    26.7297    1501.82    1501.83    11.0395  1028.9364    35.1166 0.0000e+00
