Pos-Processados/process_op38/Processamento_split/up/uoperantar38_018.cnv
* Sea-Bird SBE 9 Data File:
* FileName = D:\OPERANTAR_XXXVIII\DADOS\OP38_018.hdr
* Software Version Seasave V 7.18c
* Temperature SN = 4808
* Conductivity SN = 3380
* Number of Bytes Per Scan = 34
* Number of Voltage Words = 3
* Number of Scans Averaged by the Deck Unit = 1
* NMEA Latitude = 62 10.02 S
* NMEA Longitude = 058 22.53 W
* NMEA UTC (Time) = Nov 05 2019 17:24:22
** H41
** NAVIO POLAR ALMIRANTE MAXIMIANO
** CRUZEIRO:
** OPERANTAR XXXVIII
** ESTAÇÃO: OP38_018
** LAT 62 10,02' S
** LONG 058 22,49' W
** 09P73767-1155_A
** PROFUNDIDADE: 447
** DATA/HORA: 051724Z/NOV/2019
** OPERADOR: SO-HN CHAVES
# nquan = 33
# nvalues = 413                         
# units = specified
# name 0 = scan: Scan Count
# name 1 = timeJ: Julian Days
# name 2 = latitude: Latitude [deg]
# name 3 = longitude: Longitude [deg]
# name 4 = dz/dtM: Descent Rate [m/s]
# name 5 = avgsvCM: Average Sound Velocity [Chen-Millero, m/s]
# name 6 = prDM: Pressure, Digiquartz [db]
# name 7 = depSM: Depth [salt water, m]
# name 8 = t090C: Temperature [ITS-90, deg C]
# name 9 = t190C: Temperature, 2 [ITS-90, deg C]
# name 10 = T2-T190C: Temperature Difference, 2 - 1 [ITS-90, deg C]
# name 11 = potemp090C: Potential Temperature [ITS-90, deg C]
# name 12 = potemp190C: Potential Temperature, 2 [ITS-90, deg C]
# name 13 = potemp90Cdiff: Potential Temperature, Diff, 2 - 1 [ITS-90, deg C]
# name 14 = c0S/m: Conductivity [S/m]
# name 15 = c1S/m: Conductivity, 2 [S/m]
# name 16 = C2-C1S/m: Conductivity Difference, 2 - 1 [S/m]
# name 17 = sal00: Salinity, Practical [PSU]
# name 18 = sal11: Salinity, Practical, 2 [PSU]
# name 19 = sbeox0ML/L: Oxygen, SBE 43 [ml/l]
# name 20 = sigma-é00: Density [sigma-theta, kg/m^3]
# name 21 = sigma-é11: Density, 2 [sigma-theta, kg/m^3]
# name 22 = sbox0Mm/Kg: Oxygen, SBE 43 [umol/kg]
# name 23 = oxsolMm/Kg: Oxygen Saturation, Garcia & Gordon [umol/kg]
# name 24 = oxsatMm/Kg: Oxygen Saturation, Weiss [umol/kg]
# name 25 = sal00: Salinity, Practical [PSU]
# name 26 = sigma-é00: Density [sigma-theta, kg/m^3]
# name 27 = svCM: Sound Velocity [Chen-Millero, m/s]
# name 28 = svCM1: Sound Velocity, 2 [Chen-Millero, m/s]
# name 29 = gsw_ptA0: potential temperature [ITS-90, deg C]
# name 30 = gsw_densityA0: density, TEOS-10 [density, kg/m^3]
# name 31 = gsw_saA0: Absolute Salinity [g/kg]
# name 32 = flag:
# span 0 =      20682,      37680       
# span 1 = 309.735228, 309.743425       
# span 2 =  -62.16700,  -62.16696       
# span 3 =  -58.37558,  -58.37552       
# span 4 =     -1.222,     -0.130       
# span 5 =    1448.15,    1448.15       
# span 6 =      2.000,    414.000       
# span 7 =      1.987,    409.615       
# span 8 =    -0.9282,    -0.5655       
# span 9 =    -0.9281,    -0.5653       
# span 10 =    -0.0086,     0.0061      
# span 11 =    -0.9309,    -0.5795      
# span 12 =    -0.9307,    -0.5793      
# span 13 =    -0.0086,     0.0060      
# span 14 =   2.772124,   2.835809      
# span 15 =   2.772501,   2.836213      
# span 16 =  -0.000859,   0.000986      
# span 17 =    34.1279,    34.4845      
# span 18 =    34.1336,    34.4899      
# span 19 =     6.0537,     7.6373      
# span 20 =    27.4323,    27.7182      
# span 21 =    27.4368,    27.7225      
# span 22 =    263.066,    331.974      
# span 23 =  354.56622,  358.65284      
# span 24 =  356.17485,  360.32698      
# span 25 =    34.1278,    34.4845      
# span 26 =    27.4323,    27.7181      
# span 27 =    1444.63,    1452.57      
# span 28 =    1444.64,    1452.58      
# span 29 =    -0.9308,    -0.5792      
# span 30 =  1027.4466,  1029.6959      
# span 31 =    34.2924,    34.6532      
# span 32 = 0.0000e+00, 0.0000e+00      
# interval = decibars: 1                
# start_time = Nov 05 2019 17:24:22 [NMEA time, header]
# bad_flag = -9.990e-29
*END*
[from data line 132]
      24012 309.736834  -62.16696  -58.37554     -1.020    1448.15    282.000    279.103    -0.7173    -0.7172     0.0000    -0.7261    -0.7260     0.0000   2.810887   2.811290   0.000407    34.4013    34.4067     6.4350    27.6571    27.6615    279.654  356.22075  357.85753    34.4010    27.6569    1449.59    1449.60    -0.7259  1029.0095    34.5690 0.0000e+00
      24035 309.736845  -62.16696  -58.37554     -1.019    1448.15    281.000    278.114    -0.7172    -0.7172     0.0000    -0.7260    -0.7260     0.0000   2.810873   2.811243   0.000376    34.4015    34.4065     6.4388    27.6573    27.6614    279.819  356.21990  357.85669    34.4014    27.6572    1449.58    1449.59    -0.7258  1029.0051    34.5694 0.0000e+00
      24058 309.736856  -62.16696  -58.37554     -1.035    1448.15    280.000    277.125    -0.7170    -0.7175    -0.0006    -0.7257    -0.7262    -0.0006   2.810834   2.811154   0.000317    34.4015    34.4064     6.4433    27.6573    27.6613    280.011  356.21708  357.85380    34.4012    27.6570    1449.56    1449.57    -0.7255  1029.0001    34.5692 0.0000e+00
      24079 309.736866  -62.16696  -58.37554     -1.087    1448.15    279.000    276.136    -0.7179    -0.7189    -0.0010    -0.7266    -0.7276    -0.0010   2.810637   2.810855   0.000234    34.4005    34.4049     6.4446    27.6566    27.6601    280.068  356.22867  357.86554    34.4002    27.6563    1449.54    1449.54    -0.7264  1028.9946    34.5682 0.0000e+00
      24099 309.736876  -62.16696  -58.37554     -1.153    1448.15    278.000    275.147    -0.7192    -0.7204    -0.0012    -0.7278    -0.7291    -0.0012   2.810352   2.810596   0.000226    34.3991    34.4035     6.4448    27.6555    27.6591    280.080  356.24520  357.88229    34.3984    27.6549    1449.52    1449.52    -0.7277  1028.9885    34.5664 0.0000e+00
      24119 309.736886  -62.16696  -58.37554     -1.195    1448.15    277.000    274.158    -0.7215    -0.7216    -0.0001    -0.7302    -0.7302    -0.0001   2.809948   2.810320   0.000381    34.3969    34.4021     6.4481    27.6537    27.6580    280.222  356.27322  357.91069    34.3962    27.6532    1449.49    1449.49    -0.7299  1028.9821    34.5642 0.0000e+00
      24141 309.736896  -62.16696  -58.37554     -1.176    1448.15    276.000    273.169    -0.7235    -0.7234     0.0000    -0.7320    -0.7320     0.0000   2.809601   2.810004   0.000403    34.3948    34.4002     6.4559    27.6521    27.6565    280.560  356.29736  357.93513    34.3944    27.6518    1449.46    1449.47    -0.7319  1028.9759    34.5624 0.0000e+00
      24164 309.736907  -62.16696  -58.37554     -1.081    1448.15    275.000    272.180    -0.7250    -0.7268    -0.0018    -0.7335    -0.7353    -0.0018   2.809276   2.809357   0.000129    34.3931    34.3969     6.4577    27.6508    27.6540    280.640  356.31607  357.95406    34.3923    27.6502    1449.43    1449.43    -0.7333  1028.9695    34.5602 0.0000e+00
      24190 309.736920  -62.16696  -58.37554     -0.959    1448.15    274.000    271.191    -0.7263    -0.7322    -0.0059    -0.7348    -0.7407    -0.0058   2.809122   2.808588  -0.000452    34.3920    34.3926     6.4568    27.6500    27.6507    280.604  356.33182  357.97005    34.3924    27.6503    1449.41    1449.38    -0.7346  1028.9649    34.5603 0.0000e+00
      24216 309.736933  -62.16696  -58.37554     -0.910    1448.15    273.000    270.202    -0.7268    -0.7354    -0.0086    -0.7352    -0.7438    -0.0086   2.808855   2.808074  -0.000859    34.3918    34.3900     6.4610    27.6498    27.6487    280.785  356.33654  357.97485    34.3899    27.6483    1449.39    1449.35    -0.7350  1028.9581    34.5578 0.0000e+00
      24241 309.736944  -62.16696  -58.37554     -0.948    1448.15    272.000    269.213    -0.7360    -0.7394    -0.0034    -0.7444    -0.7478    -0.0034   2.807570   2.807403  -0.000143    34.3847    34.3866     6.4818    27.6445    27.6461    281.689  356.44347  358.08339    34.3836    27.6436    1449.32    1449.31    -0.7442  1028.9488    34.5515 0.0000e+00
      24264 309.736956  -62.16696  -58.37554     -1.003    1448.15    271.000    268.223    -0.7395    -0.7418    -0.0022    -0.7479    -0.7501    -0.0022   2.806927   2.807130   0.000147    34.3812    34.3858     6.4863    27.6418    27.6456    281.885  356.48650  358.12701    34.3795    27.6405    1449.28    1449.28    -0.7477  1028.9409    34.5474 0.0000e+00
      24288 309.736967  -62.16696  -58.37554     -1.026    1448.15    270.000    267.234    -0.7482    -0.7479     0.0003    -0.7565    -0.7562     0.0003   2.805711   2.806181   0.000454    34.3751    34.3809     6.4839    27.6372    27.6419    281.782  356.58514  358.22718    34.3735    27.6360    1449.22    1449.23    -0.7563  1028.9318    34.5414 0.0000e+00
      24311 309.736978  -62.16697  -58.37554     -1.037    1448.15    269.000    266.245    -0.7506    -0.7507    -0.0000    -0.7589    -0.7589    -0.0000   2.805430   2.805802   0.000386    34.3741    34.3793     6.5054    27.6365    27.6408    282.717  356.61116  358.25367    34.3731    27.6357    1449.19    1449.20    -0.7587  1028.9268    34.5410 0.0000e+00
      24333 309.736989  -62.16698  -58.37554     -1.060    1448.15    268.000    265.256    -0.7504    -0.7518    -0.0013    -0.7587    -0.7600    -0.0013   2.805429   2.805640   0.000207    34.3744    34.3787     6.5252    27.6367    27.6403    283.578  356.60840  358.25089    34.3735    27.6360    1449.18    1449.17    -0.7584  1028.9223    34.5414 0.0000e+00
      24354 309.736999  -62.16698  -58.37554     -1.101    1448.15    267.000    264.267    -0.7524    -0.7528    -0.0004    -0.7606    -0.7610    -0.0004   2.805114   2.805487   0.000363    34.3729    34.3783     6.5429    27.6356    27.6400    284.350  356.63064  358.27347    34.3721    27.6349    1449.15    1449.15    -0.7604  1028.9165    34.5399 0.0000e+00
      24375 309.737009  -62.16698  -58.37554     -1.144    1448.15    266.000    263.278    -0.7533    -0.7530     0.0002    -0.7615    -0.7612     0.0002   2.804957   2.805410   0.000444    34.3724    34.3782     6.5581    27.6352    27.6399    285.007  356.64078  358.28378    34.3716    27.6346    1449.13    1449.14    -0.7613  1028.9114    34.5394 0.0000e+00
      24395 309.737019  -62.16698  -58.37554     -1.163    1448.15    265.000    262.289    -0.7541    -0.7543    -0.0002    -0.7622    -0.7624    -0.0002   2.804798   2.805176   0.000379    34.3718    34.3770     6.5663    27.6348    27.6391    285.365  356.65048  358.29362    34.3710    27.6341    1449.10    1449.11    -0.7620  1028.9062    34.5388 0.0000e+00
      24417 309.737029  -62.16696  -58.37554     -1.140    1448.15    264.000    261.299    -0.7550    -0.7549     0.0000    -0.7630    -0.7630     0.0000   2.804637   2.805042   0.000401    34.3710    34.3764     6.5739    27.6342    27.6385    285.694  356.66018  358.30346    34.3704    27.6337    1449.08    1449.09    -0.7629  1028.9009    34.5382 0.0000e+00
      24440 309.737040  -62.16696  -58.37554     -1.085    1448.15    263.000    260.310    -0.7552    -0.7554    -0.0003    -0.7632    -0.7634    -0.0003   2.804565   2.804907   0.000345    34.3708    34.3757     6.5759    27.6340    27.6380    285.784  356.66296  358.30628    34.3703    27.6336    1449.07    1449.07    -0.7630  1028.8961    34.5381 0.0000e+00
      24464 309.737052  -62.16696  -58.37554     -1.023    1448.15    262.000    259.321    -0.7557    -0.7556     0.0001    -0.7637    -0.7636     0.0001   2.804424   2.804867   0.000431    34.3701    34.3758     6.5695    27.6335    27.6381    285.503  356.66983  358.31323    34.3696    27.6330    1449.05    1449.06    -0.7635  1028.8908    34.5374 0.0000e+00
      24488 309.737064  -62.16696  -58.37554     -0.996    1448.15    261.000    258.332    -0.7561    -0.7560     0.0000    -0.7641    -0.7640     0.0000   2.804339   2.804749   0.000410    34.3699    34.3755     6.5734    27.6334    27.6378    285.672  356.67400  358.31747    34.3695    27.6330    1449.03    1449.04    -0.7639  1028.8860    34.5373 0.0000e+00
      24512 309.737075  -62.16696  -58.37554     -0.993    1448.15    260.000    257.343    -0.7565    -0.7564     0.0001    -0.7645    -0.7643     0.0001   2.804247   2.804675   0.000426    34.3698    34.3754     6.5828    27.6332    27.6378    286.084  356.67834  358.32188    34.3693    27.6328    1449.01    1449.02    -0.7642  1028.8811    34.5371 0.0000e+00
      24536 309.737087  -62.16696  -58.37554     -0.989    1448.15    259.000    256.354    -0.7573    -0.7569     0.0004    -0.7652    -0.7648     0.0004   2.804118   2.804545   0.000425    34.3696    34.3749     6.5809    27.6331    27.6374    286.001  356.68668  358.33040    34.3691    27.6327    1448.99    1449.00    -0.7650  1028.8762    34.5369 0.0000e+00
      24560 309.737098  -62.16698  -58.37554     -0.990    1448.15    258.000    255.364    -0.7579    -0.7578     0.0001    -0.7658    -0.7657     0.0001   2.804009   2.804402   0.000393    34.3693    34.3745     6.5737    27.6329    27.6371    285.688  356.69292  358.33675    34.3689    27.6326    1448.97    1448.98    -0.7656  1028.8713    34.5367 0.0000e+00
      24584 309.737110  -62.16698  -58.37554     -1.008    1448.15    257.000    254.376    -0.7580    -0.7582    -0.0002    -0.7659    -0.7660    -0.0002   2.803914   2.804274   0.000357    34.3688    34.3738     6.5799    27.6325    27.6366    285.957  356.69544  358.33927    34.3684    27.6322    1448.95    1448.96    -0.7657  1028.8661    34.5362 0.0000e+00
      24607 309.737121  -62.16698  -58.37554     -1.026    1448.15    256.000    253.387    -0.7585    -0.7585    -0.0000    -0.7663    -0.7663    -0.0000   2.803805   2.804215   0.000408    34.3683    34.3738     6.5850    27.6321    27.6366    286.178  356.70096  358.34486    34.3681    27.6319    1448.93    1448.94    -0.7661  1028.8611    34.5358 0.0000e+00
      24630 309.737132  -62.16698  -58.37554     -1.051    1448.15    255.000    252.397    -0.7584    -0.7582     0.0002    -0.7662    -0.7660     0.0002   2.803757   2.804153   0.000403    34.3682    34.3734     6.5774    27.6321    27.6363    285.849  356.70087  358.34476    34.3680    27.6319    1448.92    1448.92    -0.7660  1028.8563    34.5357 0.0000e+00
      24650 309.737142  -62.16698  -58.37554     -1.101    1448.15    254.000    251.408    -0.7587    -0.7590    -0.0002    -0.7665    -0.7667    -0.0002   2.803638   2.804004   0.000361    34.3676    34.3728     6.5779    27.6316    27.6358    285.870  356.70536  358.34928    34.3673    27.6313    1448.90    1448.91    -0.7663  1028.8509    34.5350 0.0000e+00
      24670 309.737151  -62.16698  -58.37554     -1.166    1448.15    253.000    250.419    -0.7589    -0.7592    -0.0003    -0.7666    -0.7669    -0.0003   2.803582   2.803945   0.000363    34.3677    34.3728     6.5874    27.6316    27.6358    286.285  356.70733  358.35130    34.3674    27.6314    1448.88    1448.89    -0.7664  1028.8463    34.5351 0.0000e+00
      24690 309.737161  -62.16698  -58.37554     -1.205    1448.15    252.000    249.430    -0.7593    -0.7597    -0.0004    -0.7670    -0.7674    -0.0004   2.803487   2.803832   0.000345    34.3675    34.3726     6.5872    27.6315    27.6356    286.275  356.71180  358.35585    34.3672    27.6313    1448.86    1448.87    -0.7668  1028.8414    34.5349 0.0000e+00
      24711 309.737171  -62.16698  -58.37554     -1.181    1448.15    251.000    248.440    -0.7598    -0.7599    -0.0001    -0.7675    -0.7675    -0.0001   2.803373   2.803774   0.000396    34.3671    34.3725     6.5774    27.6312    27.6356    285.849  356.71744  358.36158    34.3668    27.6310    1448.84    1448.85    -0.7673  1028.8363    34.5346 0.0000e+00
      24734 309.737182  -62.16698  -58.37554     -1.109    1448.15    250.000    247.451    -0.7617    -0.7634    -0.0017    -0.7693    -0.7710    -0.0017   2.802944   2.803074   0.000130    34.3649    34.3686     6.5830    27.6295    27.6326    286.091  356.74135  358.38577    34.3638    27.6286    1448.82    1448.81    -0.7691  1028.8292    34.5315 0.0000e+00
      24758 309.737194  -62.16698  -58.37554     -1.033    1448.15    249.000    246.462    -0.7657    -0.7658    -0.0001    -0.7732    -0.7734    -0.0001   2.802258   2.802632   0.000368    34.3603    34.3654     6.5917    27.6259    27.6301    286.470  356.79170  358.43673    34.3596    27.6254    1448.77    1448.78    -0.7731  1028.8213    34.5273 0.0000e+00
      24782 309.737205  -62.16698  -58.37554     -0.995    1448.15    248.000    245.473    -0.7674    -0.7676    -0.0002    -0.7749    -0.7751    -0.0002   2.801752   2.802031   0.000301    34.3560    34.3603     6.5825    27.6225    27.6260    286.070  356.81972  358.46488    34.3553    27.6220    1448.75    1448.75    -0.7747  1028.8131    34.5230 0.0000e+00
      24806 309.737217  -62.16698  -58.37554     -0.990    1448.15    247.000    244.484    -0.7683    -0.7682     0.0001    -0.7758    -0.7757     0.0001   2.801463   2.801914   0.000421    34.3537    34.3593     6.5861    27.6207    27.6252    286.230  356.83503  358.48026    34.3531    27.6202    1448.72    1448.73    -0.7756  1028.8065    34.5207 0.0000e+00
      24831 309.737229  -62.16698  -58.37554     -0.983    1448.15    246.000    243.494    -0.7683    -0.7680     0.0003    -0.7757    -0.7754     0.0003   2.801492   2.801895   0.000420    34.3543    34.3596     6.6191    27.6212    27.6255    287.665  356.83256  358.47781    34.3540    27.6209    1448.71    1448.71    -0.7756  1028.8025    34.5216 0.0000e+00
      24855 309.737241  -62.16698  -58.37554     -0.987    1448.15    245.000    242.505    -0.7694    -0.7693     0.0000    -0.7768    -0.7768     0.0000   2.801217   2.801636   0.000411    34.3526    34.3582     6.6378    27.6199    27.6244    288.475  356.84775  358.49315    34.3522    27.6195    1448.68    1448.69    -0.7766  1028.7964    34.5198 0.0000e+00
      24878 309.737252  -62.16698  -58.37554     -1.020    1448.15    244.000    241.516    -0.7697    -0.7693     0.0004    -0.7771    -0.7767     0.0004   2.801088   2.801541   0.000451    34.3518    34.3573     6.6436    27.6191    27.6237    288.729  356.85378  358.49921    34.3514    27.6189    1448.66    1448.67    -0.7769  1028.7910    34.5191 0.0000e+00
      24900 309.737262  -62.16698  -58.37554     -1.073    1448.15    243.000    240.527    -0.7690    -0.7689     0.0001    -0.7763    -0.7763     0.0001   2.801076   2.801519   0.000445    34.3512    34.3571     6.6500    27.6187    27.6235    289.009  356.84811  358.49334    34.3510    27.6186    1448.65    1448.66    -0.7762  1028.7859    34.5187 0.0000e+00
      24920 309.737272  -62.16698  -58.37554     -1.121    1448.15    242.000    239.538    -0.7687    -0.7686     0.0001    -0.7760    -0.7759     0.0001   2.801075   2.801480   0.000410    34.3514    34.3569     6.6542    27.6189    27.6233    289.189  356.84458  358.48977    34.3513    27.6187    1448.64    1448.64    -0.7758  1028.7813    34.5189 0.0000e+00
      24941 309.737282  -62.16698  -58.37554     -1.144    1448.15    241.000    238.548    -0.7684    -0.7683     0.0001    -0.7757    -0.7756     0.0001   2.801036   2.801405   0.000360    34.3514    34.3562     6.6577    27.6189    27.6227    289.342  356.84247  358.48760    34.3511    27.6186    1448.62    1448.63    -0.7755  1028.7764    34.5187 0.0000e+00
      24963 309.737293  -62.16698  -58.37554     -1.136    1448.15    240.000    237.559    -0.7685    -0.7685     0.0001    -0.7758    -0.7757     0.0001   2.800943   2.801326   0.000386    34.3508    34.3559     6.6636    27.6183    27.6225    289.599  356.84502  358.49013    34.3506    27.6181    1448.60    1448.61    -0.7756  1028.7712    34.5182 0.0000e+00
