Pos-Processados/process_op38/Processamento_split/up/uoperantar38_013.cnv
* Sea-Bird SBE 9 Data File:
* FileName = D:\OPERANTAR_XXXVIII\DADOS\OP38_013.hdr
* Software Version Seasave V 7.18c
* Temperature SN = 4808
* Conductivity SN = 3380
* Number of Bytes Per Scan = 34
* Number of Voltage Words = 3
* Number of Scans Averaged by the Deck Unit = 1
* NMEA Latitude = 62 08.60 S
* NMEA Longitude = 058 24.71 W
* NMEA UTC (Time) = Nov 05 2019 02:47:10
** H41
** NAVIO POLAR ALMIRANTE MAXIMIANO
** CRUZEIRO:
** OPERANTAR XXXVIII
** ESTAÇÃO: OP38_013
** LAT 62 08,61' S
** LONG 058 24,68' W
** 09P73767-1155_A
** PROFUNDIDADE: 420
** DATA/HORA: 050248Z/NOV/2019
** OPERADOR: SO-HN CHAVES
# nquan = 33
# nvalues = 364                         
# units = specified
# name 0 = scan: Scan Count
# name 1 = timeJ: Julian Days
# name 2 = latitude: Latitude [deg]
# name 3 = longitude: Longitude [deg]
# name 4 = dz/dtM: Descent Rate [m/s]
# name 5 = avgsvCM: Average Sound Velocity [Chen-Millero, m/s]
# name 6 = prDM: Pressure, Digiquartz [db]
# name 7 = depSM: Depth [salt water, m]
# name 8 = t090C: Temperature [ITS-90, deg C]
# name 9 = t190C: Temperature, 2 [ITS-90, deg C]
# name 10 = T2-T190C: Temperature Difference, 2 - 1 [ITS-90, deg C]
# name 11 = potemp090C: Potential Temperature [ITS-90, deg C]
# name 12 = potemp190C: Potential Temperature, 2 [ITS-90, deg C]
# name 13 = potemp90Cdiff: Potential Temperature, Diff, 2 - 1 [ITS-90, deg C]
# name 14 = c0S/m: Conductivity [S/m]
# name 15 = c1S/m: Conductivity, 2 [S/m]
# name 16 = C2-C1S/m: Conductivity Difference, 2 - 1 [S/m]
# name 17 = sal00: Salinity, Practical [PSU]
# name 18 = sal11: Salinity, Practical, 2 [PSU]
# name 19 = sbeox0ML/L: Oxygen, SBE 43 [ml/l]
# name 20 = sigma-é00: Density [sigma-theta, kg/m^3]
# name 21 = sigma-é11: Density, 2 [sigma-theta, kg/m^3]
# name 22 = sbox0Mm/Kg: Oxygen, SBE 43 [umol/kg]
# name 23 = oxsolMm/Kg: Oxygen Saturation, Garcia & Gordon [umol/kg]
# name 24 = oxsatMm/Kg: Oxygen Saturation, Weiss [umol/kg]
# name 25 = sal00: Salinity, Practical [PSU]
# name 26 = sigma-é00: Density [sigma-theta, kg/m^3]
# name 27 = svCM: Sound Velocity [Chen-Millero, m/s]
# name 28 = svCM1: Sound Velocity, 2 [Chen-Millero, m/s]
# name 29 = gsw_ptA0: potential temperature [ITS-90, deg C]
# name 30 = gsw_densityA0: density, TEOS-10 [density, kg/m^3]
# name 31 = gsw_saA0: Absolute Salinity [g/kg]
# name 32 = flag:
# span 0 =      16357,      28423       
# span 1 = 309.123976, 309.129794       
# span 2 =  -62.14340,  -62.14340       
# span 3 =  -58.41184,  -58.41180       
# span 4 =     -0.909,     -0.249       
# span 5 =    1447.51,    1447.51       
# span 6 =     12.000,    375.000       
# span 7 =     11.885,    371.055       
# span 8 =    -0.9467,    -0.6912       
# span 9 =    -0.9467,    -0.6789       
# span 10 =    -0.0250,     0.0398      
# span 11 =    -0.9483,    -0.6966      
# span 12 =    -0.9483,    -0.6793      
# span 13 =    -0.0250,     0.0398      
# span 14 =   2.767153,   2.819083      
# span 15 =   2.767602,   2.819494      
# span 16 =  -0.001303,   0.003192      
# span 17 =    34.1455,    34.4261      
# span 18 =    34.1514,    34.4315      
# span 19 =     6.3498,     7.5975      
# span 20 =    27.4488,    27.6763      
# span 21 =    27.4529,    27.6806      
# span 22 =    275.944,    330.239      
# span 23 =  355.90574,  358.92003      
# span 24 =  357.53824,  360.59644      
# span 25 =    34.1506,    34.4261      
# span 26 =    27.4529,    27.6763      
# span 27 =    1444.28,    1451.27      
# span 28 =    1444.27,    1451.28      
# span 29 =    -0.9482,    -0.6966      
# span 30 =  1026.3430,  1029.4704      
# span 31 =    32.8580,    34.5944      
# span 32 = 0.0000e+00, 0.0000e+00      
# interval = decibars: 1                
# start_time = Nov 05 2019 02:47:10 [NMEA time, header]
# bad_flag = -9.990e-29
*END*
[from data line 132]
      20374 309.125913  -62.14340  -58.41180     -0.782    1447.51    243.000    240.527    -0.8047    -0.8042     0.0005    -0.8120    -0.8115     0.0005   2.795955   2.796437   0.000481    34.3232    34.3291     6.8135    27.5975    27.6022    296.119  357.26453  358.91599    34.3223    27.5968    1448.44    1448.45    -0.8118  1028.7644    34.4898 0.0000e+00
      20404 309.125927  -62.14340  -58.41180     -0.793    1447.51    242.000    239.538    -0.8069    -0.8059     0.0011    -0.8142    -0.8131     0.0010   2.795587   2.796145   0.000558    34.3210    34.3273     6.8130    27.5957    27.6008    296.096  357.29156  358.94338    34.3205    27.5953    1448.42    1448.43    -0.8140  1028.7583    34.4879 0.0000e+00
      20434 309.125942  -62.14340  -58.41180     -0.798    1447.51    241.000    238.549    -0.8071    -0.8066     0.0005    -0.8143    -0.8138     0.0005   2.795483   2.795979   0.000492    34.3202    34.3263     6.8174    27.5951    27.6000    296.287  357.29560  358.94742    34.3199    27.5949    1448.40    1448.41    -0.8141  1028.7531    34.4873 0.0000e+00
      20464 309.125956  -62.14340  -58.41180     -0.799    1447.51    240.000    237.567    -0.8068    -0.8066     0.0002    -0.8140    -0.8138     0.0002   2.795475   2.795887   0.000415    34.3203    34.3258     6.8299    27.5952    27.5996    296.832  357.29215  358.94391    34.3200    27.5950    1448.38    1448.39    -0.8138  1028.7484    34.4875 0.0000e+00
      20493 309.125971  -62.14340  -58.41180     -0.809    1447.51    239.000    236.563    -0.8070    -0.8074    -0.0004    -0.8141    -0.8145    -0.0004   2.795428   2.795767   0.000334    34.3205    34.3254     6.8355    27.5953    27.5994    297.077  357.29341  358.94521    34.3202    27.5951    1448.36    1448.37    -0.8139  1028.7437    34.4876 0.0000e+00
      20524 309.125985  -62.14340  -58.41180     -0.802    1447.51    238.000    235.581    -0.8083    -0.8075     0.0007    -0.8153    -0.8146     0.0007   2.795181   2.795673   0.000490    34.3193    34.3251     6.8378    27.5944    27.5992    297.175  357.30873  358.96075    34.3189    27.5941    1448.34    1448.35    -0.8152  1028.7380    34.4863 0.0000e+00
      20553 309.125999  -62.14340  -58.41180     -0.801    1447.51    237.000    234.591    -0.8091    -0.8090     0.0001    -0.8162    -0.8161     0.0001   2.795024   2.795423   0.000400    34.3187    34.3240     6.8326    27.5940    27.5983    296.950  357.31853  358.97071    34.3184    27.5937    1448.32    1448.33    -0.8160  1028.7328    34.4858 0.0000e+00
      20582 309.126013  -62.14340  -58.41180     -0.821    1447.51    236.000    233.602    -0.8109    -0.8107     0.0002    -0.8180    -0.8177     0.0002   2.794695   2.795153   0.000460    34.3171    34.3231     6.8401    27.5928    27.5977    297.275  357.34002  358.99250    34.3166    27.5924    1448.29    1448.30    -0.8177  1028.7267    34.4840 0.0000e+00
      20611 309.126027  -62.14340  -58.41180     -0.830    1447.51    235.000    232.613    -0.8143    -0.8144    -0.0001    -0.8213    -0.8214    -0.0001   2.794187   2.794531   0.000367    34.3149    34.3200     6.8426    27.5911    27.5952    297.383  357.37819  359.03127    34.3142    27.5905    1448.26    1448.26    -0.8211  1028.7201    34.4815 0.0000e+00
      20640 309.126041  -62.14340  -58.41180     -0.833    1447.51    234.000    231.624    -0.8171    -0.8161     0.0009    -0.8240    -0.8231     0.0009   2.793760   2.794321   0.000535    34.3128    34.3190     6.8567    27.5895    27.5945    298.000  357.41053  359.06411    34.3122    27.5890    1448.23    1448.24    -0.8239  1028.7139    34.4795 0.0000e+00
      20669 309.126055  -62.14340  -58.41180     -0.839    1447.51    233.000    230.634    -0.8199    -0.8198     0.0002    -0.8268    -0.8267     0.0002   2.793304   2.793710   0.000415    34.3106    34.3160     6.8662    27.5878    27.5922    298.411  357.44373  359.09781    34.3098    27.5873    1448.19    1448.20    -0.8266  1028.7074    34.4772 0.0000e+00
      20698 309.126069  -62.14340  -58.41180     -0.821    1447.51    232.000    229.652    -0.8229    -0.8228     0.0001    -0.8298    -0.8297     0.0001   2.792942   2.793363   0.000429    34.3096    34.3152     6.8809    27.5871    27.5917    299.052  357.47471  359.12938    34.3089    27.5866    1448.16    1448.17    -0.8296  1028.7020    34.4763 0.0000e+00
      20730 309.126084  -62.14340  -58.41180     -0.778    1447.51    231.000    228.650    -0.8261    -0.8270    -0.0009    -0.8329    -0.8339    -0.0009   2.792546   2.792826   0.000283    34.3085    34.3134     6.8990    27.5864    27.5904    299.837  357.50799  359.16330    34.3078    27.5859    1448.13    1448.13    -0.8328  1028.6965    34.4751 0.0000e+00
      20761 309.126100  -62.14340  -58.41180     -0.755    1447.51    230.000    227.667    -0.8292    -0.8294    -0.0001    -0.8360    -0.8362    -0.0002   2.792118   2.792480   0.000365    34.3071    34.3123     6.9083    27.5854    27.5896    300.242  357.54152  359.19744    34.3062    27.5847    1448.09    1448.10    -0.8358  1028.6906    34.4735 0.0000e+00
      20792 309.126115  -62.14340  -58.41180     -0.763    1447.51    229.000    226.683    -0.8354    -0.8367    -0.0012    -0.8422    -0.8434    -0.0012   2.791377   2.791618   0.000239    34.3048    34.3094     6.9097    27.5838    27.5876    300.305  357.60651  359.26364    34.3037    27.5829    1448.05    1448.05    -0.8420  1028.6841    34.4710 0.0000e+00
      20822 309.126129  -62.14340  -58.41180     -0.796    1447.51    228.000    225.681    -0.8385    -0.8365     0.0019    -0.8452    -0.8433     0.0019   2.790983   2.791647   0.000632    34.3035    34.3098     6.9153    27.5828    27.5879    300.547  357.63950  359.29723    34.3025    27.5821    1448.01    1448.03    -0.8450  1028.6785    34.4698 0.0000e+00
      20851 309.126143  -62.14340  -58.41180     -0.820    1447.51    227.000    224.706    -0.8391    -0.8376     0.0015    -0.8458    -0.8443     0.0015   2.790922   2.791434   0.000545    34.3033    34.3089     6.9220    27.5827    27.5872    300.837  357.64587  359.30373    34.3031    27.5825    1448.00    1448.01    -0.8456  1028.6742    34.4704 0.0000e+00
      20881 309.126157  -62.14340  -58.41180     -0.824    1447.51    226.000    223.702    -0.8401    -0.8375     0.0026    -0.8468    -0.8441     0.0026   2.790640   2.791365   0.000692    34.3023    34.3087     6.9365    27.5820    27.5870    301.469  357.65828  359.31632    34.3010    27.5809    1447.97    1447.99    -0.8466  1028.6678    34.4683 0.0000e+00
      20909 309.126171  -62.14340  -58.41180     -0.832    1447.51    225.000    222.720    -0.8456    -0.8450     0.0006    -0.8523    -0.8516     0.0006   2.790037   2.790448   0.000437    34.3003    34.3056     6.9430    27.5806    27.5848    301.752  357.71610  359.37523    34.2997    27.5801    1447.93    1447.94    -0.8520  1028.6622    34.4669 0.0000e+00
      20938 309.126185  -62.14340  -58.41180     -0.829    1447.51    224.000    221.731    -0.8461    -0.8455     0.0005    -0.8526    -0.8521     0.0005   2.789934   2.790404   0.000460    34.3000    34.3057     6.9432    27.5803    27.5849    301.761  357.72082  359.38001    34.2994    27.5798    1447.91    1447.92    -0.8525  1028.6572    34.4666 0.0000e+00
      20970 309.126200  -62.14340  -58.41180     -0.790    1447.51    223.000    220.741    -0.8471    -0.8465     0.0006    -0.8536    -0.8530     0.0006   2.789768   2.790213   0.000452    34.2996    34.3050     6.9505    27.5800    27.5844    302.077  357.73195  359.39135    34.2989    27.5795    1447.89    1447.90    -0.8535  1028.6521    34.4662 0.0000e+00
      21003 309.126216  -62.14340  -58.41180     -0.727    1447.51    222.000    219.752    -0.8505    -0.8498     0.0006    -0.8570    -0.8563     0.0006   2.789336   2.789812   0.000486    34.2982    34.3041     6.9637    27.5790    27.5838    302.652  357.76770  359.42776    34.2975    27.5785    1447.85    1447.86    -0.8568  1028.6464    34.4647 0.0000e+00
      21036 309.126232  -62.14340  -58.41180     -0.719    1447.51    221.000    218.762    -0.8530    -0.8533    -0.0003    -0.8595    -0.8598    -0.0003   2.789007   2.789387   0.000366    34.2975    34.3028     6.9606    27.5785    27.5828    302.520  357.79371  359.45428    34.2965    27.5778    1447.82    1447.83    -0.8593  1028.6409    34.4638 0.0000e+00
      21067 309.126247  -62.14340  -58.41180     -0.758    1447.51    220.000    217.773    -0.8587    -0.8558     0.0029    -0.8651    -0.8622     0.0029   2.788329   2.789055   0.000717    34.2956    34.3020     6.9660    27.5773    27.5824    302.753  357.85277  359.51448    34.2944    27.5763    1447.78    1447.80    -0.8649  1028.6347    34.4616 0.0000e+00
      21097 309.126262  -62.14340  -58.41180     -0.796    1447.51    219.000    216.784    -0.8641    -0.8645    -0.0004    -0.8705    -0.8708    -0.0004   2.787786   2.788118   0.000353    34.2943    34.2995     6.9679    27.5764    27.5807    302.834  357.90775  359.57057    34.2938    27.5760    1447.74    1447.74    -0.8703  1028.6297    34.4610 0.0000e+00
      21127 309.126276  -62.14340  -58.41180     -0.803    1447.51    218.000    215.795    -0.8645    -0.8652    -0.0007    -0.8708    -0.8715    -0.0007   2.787642   2.787992   0.000330    34.2940    34.2993     6.9722    27.5762    27.5805    303.023  357.91221  359.57510    34.2929    27.5753    1447.72    1447.72    -0.8707  1028.6242    34.4601 0.0000e+00
      21158 309.126291  -62.14340  -58.41180     -0.790    1447.51    217.000    214.805    -0.8678    -0.8666     0.0012    -0.8741    -0.8729     0.0012   2.787301   2.787794   0.000501    34.2933    34.2988     6.9798    27.5757    27.5801    303.351  357.94600  359.60958    34.2927    27.5753    1447.68    1447.70    -0.8739  1028.6194    34.4599 0.0000e+00
      21188 309.126306  -62.14340  -58.41180     -0.787    1447.51    216.000    213.816    -0.8686    -0.8683     0.0003    -0.8749    -0.8746     0.0003   2.787142   2.787581   0.000439    34.2928    34.2984     6.9815    27.5753    27.5799    303.428  357.95492  359.61865    34.2921    27.5748    1447.66    1447.67    -0.8747  1028.6141    34.4592 0.0000e+00
      21220 309.126321  -62.14340  -58.41180     -0.761    1447.51    215.000    212.826    -0.8699    -0.8690     0.0009    -0.8762    -0.8753     0.0009   2.786966   2.787463   0.000490    34.2923    34.2980     6.9830    27.5750    27.5796    303.489  357.96869  359.63268    34.2918    27.5746    1447.64    1447.65    -0.8760  1028.6092    34.4589 0.0000e+00
      21255 309.126338  -62.14340  -58.41180     -0.698    1447.51    214.000    211.837    -0.8717    -0.8717     0.0000    -0.8779    -0.8779     0.0000   2.786683   2.787072   0.000398    34.2913    34.2966     6.9871    27.5742    27.5786    303.672  357.98851  359.65283    34.2906    27.5737    1447.61    1447.62    -0.8777  1028.6035    34.4577 0.0000e+00
      21289 309.126354  -62.14340  -58.41180     -0.690    1447.51    213.000    210.849    -0.8739    -0.8737     0.0002    -0.8801    -0.8799     0.0002   2.786395   2.786824   0.000426    34.2904    34.2959     6.9897    27.5736    27.5781    303.782  358.01200  359.67675    34.2898    27.5731    1447.59    1447.59    -0.8799  1028.5982    34.4569 0.0000e+00
      21320 309.126369  -62.14340  -58.41180     -0.763    1447.51    212.000    209.857    -0.8754    -0.8748     0.0006    -0.8816    -0.8810     0.0006   2.786166   2.786645   0.000476    34.2895    34.2953     6.9976    27.5730    27.5776    304.127  358.02894  359.69397    34.2890    27.5726    1447.56    1447.57    -0.8814  1028.5929    34.4562 0.0000e+00
      21349 309.126383  -62.14340  -58.41180     -0.819    1447.51    211.000    208.869    -0.8754    -0.8739     0.0015    -0.8815    -0.8800     0.0015   2.786101   2.786664   0.000563    34.2891    34.2950     7.0017    27.5726    27.5774    304.304  358.02965  359.69465    34.2887    27.5723    1447.54    1447.56    -0.8813  1028.5879    34.4558 0.0000e+00
      21379 309.126398  -62.14340  -58.41180     -0.806    1447.51    210.000    207.885    -0.8752    -0.8749     0.0002    -0.8812    -0.8810     0.0002   2.786035   2.786439   0.000402    34.2888    34.2940     7.0083    27.5724    27.5766    304.592  358.02831  359.69325    34.2882    27.5719    1447.53    1447.54    -0.8811  1028.5827    34.4553 0.0000e+00
      21411 309.126413  -62.14340  -58.41180     -0.760    1447.51    209.000    206.885    -0.8779    -0.8781    -0.0003    -0.8839    -0.8842    -0.0003   2.785639   2.786002   0.000377    34.2869    34.2923     7.0181    27.5709    27.5753    305.019  358.05925  359.72467    34.2865    27.5706    1447.50    1447.50    -0.8838  1028.5766    34.4536 0.0000e+00
      21443 309.126428  -62.14340  -58.41180     -0.758    1447.51    208.000    205.901    -0.8798    -0.8806    -0.0008    -0.8858    -0.8866    -0.0008   2.785340   2.785681   0.000335    34.2860    34.2914     7.0250    27.5703    27.5747    305.320  358.08057  359.74638    34.2853    27.5697    1447.47    1447.47    -0.8857  1028.5710    34.4524 0.0000e+00
      21474 309.126443  -62.14340  -58.41180     -0.769    1447.51    207.000    204.911    -0.8849    -0.8851    -0.0002    -0.8909    -0.8911    -0.0002   2.784769   2.785128   0.000375    34.2846    34.2900     7.0377    27.5694    27.5737    305.873  358.13291  359.79976    34.2840    27.5688    1447.43    1447.43    -0.8907  1028.5654    34.4511 0.0000e+00
      21505 309.126458  -62.14340  -58.41180     -0.766    1447.51    206.000    203.924    -0.8868    -0.8886    -0.0018    -0.8928    -0.8946    -0.0018   2.784526   2.784733   0.000199    34.2842    34.2889     7.0408    27.5691    27.5730    306.005  358.15235  359.81960    34.2834    27.5685    1447.40    1447.40    -0.8926  1028.5603    34.4505 0.0000e+00
      21535 309.126473  -62.14340  -58.41180     -0.793    1447.51    205.000    202.929    -0.8892    -0.8891     0.0000    -0.8951    -0.8950     0.0000   2.784231   2.784652   0.000409    34.2832    34.2887     7.0414    27.5684    27.5729    306.031  358.17732  359.84502    34.2827    27.5680    1447.38    1447.38    -0.8949  1028.5550    34.4498 0.0000e+00
      21564 309.126487  -62.14340  -58.41180     -0.826    1447.51    204.000    201.949    -0.8883    -0.8867     0.0015    -0.8941    -0.8926     0.0015   2.784329   2.784885   0.000564    34.2838    34.2897     7.0459    27.5688    27.5736    306.227  358.16691  359.83444    34.2836    27.5687    1447.36    1447.38    -0.8940  1028.5509    34.4507 0.0000e+00
      21593 309.126501  -62.14340  -58.41180     -0.819    1447.51    203.000    200.948    -0.8873    -0.8875    -0.0002    -0.8931    -0.8934    -0.0002   2.784361   2.784729   0.000366    34.2839    34.2891     7.0435    27.5689    27.5731    306.125  358.15725  359.82457    34.2836    27.5686    1447.35    1447.36    -0.8930  1028.5460    34.4507 0.0000e+00
      21624 309.126516  -62.14340  -58.41180     -0.783    1447.51    202.000    199.964    -0.8881    -0.8880     0.0002    -0.8939    -0.8938     0.0001   2.784235   2.784638   0.000403    34.2837    34.2891     7.0413    27.5687    27.5731    306.027  358.16560  359.83310    34.2834    27.5685    1447.33    1447.34    -0.8937  1028.5412    34.4505 0.0000e+00
      21657 309.126532  -62.14340  -58.41180     -0.746    1447.51    201.000    198.975    -0.8889    -0.8888     0.0001    -0.8946    -0.8946     0.0001   2.784103   2.784505   0.000400    34.2834    34.2887     7.0449    27.5685    27.5729    306.186  358.17383  359.84148    34.2831    27.5683    1447.31    1447.32    -0.8945  1028.5362    34.4502 0.0000e+00
