Pos-Processados/process_op38/Processamento_split/up/uoperantar38_016.cnv
* Sea-Bird SBE 9 Data File:
* FileName = D:\OPERANTAR_XXXVIII\DADOS\OP38_016.hdr
* Software Version Seasave V 7.18c
* Temperature SN = 4808
* Conductivity SN = 3380
* Number of Bytes Per Scan = 34
* Number of Voltage Words = 3
* Number of Scans Averaged by the Deck Unit = 1
* NMEA Latitude = 62 13.34 S
* NMEA Longitude = 058 12.68 W
* NMEA UTC (Time) = Nov 05 2019 11:56:34
** H41
** NAVIO POLAR ALMIRANTE MAXIMIANO
** CRUZEIRO:
** OPERANTAR XXXVIII
** ESTAÇÃO: OP38_016
** LAT 62 13,33' S
** LONG 058 12,65' W
** 09P73767-1155_A
** PROFUNDIDADE: 310
** DATA/HORA: 051157Z/NOV/2019
** OPERADOR: SO-HN CHAVES
# nquan = 32
# nvalues = 283                         
# units = specified
# name 0 = scan: Scan Count
# name 1 = timeJ: Julian Days
# name 2 = latitude: Latitude [deg]
# name 3 = longitude: Longitude [deg]
# name 4 = dz/dtM: Descent Rate [m/s]
# name 5 = avgsvCM: Average Sound Velocity [Chen-Millero, m/s]
# name 6 = prDM: Pressure, Digiquartz [db]
# name 7 = depSM: Depth [salt water, m]
# name 8 = t090C: Temperature [ITS-90, deg C]
# name 9 = t190C: Temperature, 2 [ITS-90, deg C]
# name 10 = T2-T190C: Temperature Difference, 2 - 1 [ITS-90, deg C]
# name 11 = potemp090C: Potential Temperature [ITS-90, deg C]
# name 12 = potemp190C: Potential Temperature, 2 [ITS-90, deg C]
# name 13 = potemp90Cdiff: Potential Temperature, Diff, 2 - 1 [ITS-90, deg C]
# name 14 = c0S/m: Conductivity [S/m]
# name 15 = c1S/m: Conductivity, 2 [S/m]
# name 16 = C2-C1S/m: Conductivity Difference, 2 - 1 [S/m]
# name 17 = sal00: Salinity, Practical [PSU]
# name 18 = sal11: Salinity, Practical, 2 [PSU]
# name 19 = sbeox0ML/L: Oxygen, SBE 43 [ml/l]
# name 20 = sbeox1ML/L: Oxygen, SBE 43, 2 [ml/l]
# name 21 = sbeox0ML/Ldiff: Oxygen, SBE 43, Diff, 2 - 1 [ml/l]
# name 22 = sigma-é00: Density [sigma-theta, kg/m^3]
# name 23 = sigma-é11: Density, 2 [sigma-theta, kg/m^3]
# name 24 = sal00: Salinity, Practical [PSU]
# name 25 = sigma-é00: Density [sigma-theta, kg/m^3]
# name 26 = svCM: Sound Velocity [Chen-Millero, m/s]
# name 27 = svCM1: Sound Velocity, 2 [Chen-Millero, m/s]
# name 28 = gsw_ptA0: potential temperature [ITS-90, deg C]
# name 29 = gsw_densityA0: density, TEOS-10 [density, kg/m^3]
# name 30 = gsw_saA0: Absolute Salinity [g/kg]
# name 31 = flag:
# span 0 =      15564,      29939       
# span 1 = 309.505121, 309.512053       
# span 2 =  -62.22236,  -62.22236       
# span 3 =  -58.21132,  -58.21130       
# span 4 =     -1.094,     -0.186       
# span 5 =    1446.63,    1446.63       
# span 6 =      2.000,    284.000       
# span 7 =      1.985,    281.082       
# span 8 =    -0.9456,    -0.1753       
# span 9 =    -0.9459,    -0.1635       
# span 10 =    -0.0829,     0.0305      
# span 11 =    -0.9493,    -0.1855      
# span 12 =    -0.9491,    -0.1738      
# span 13 =    -0.0827,     0.0304      
# span 14 =   2.768794,   2.859439      
# span 15 =   2.769194,   2.861073      
# span 16 =  -0.009507,   0.003173      
# span 17 =    34.1599,    34.4456      
# span 18 =    34.1655,    34.4466      
# span 19 =     5.8553,     7.6105      
# span 20 =     5.5843,     7.3495      
# span 21 =    -0.3800,    -0.1201      
# span 22 =    27.4628,    27.6813      
# span 23 =    27.4675,    27.6683      
# span 24 =    34.1603,    34.4460      
# span 25 =    27.4631,    27.6817      
# span 26 =    1444.49,    1452.20      
# span 27 =    1444.51,    1452.27      
# span 28 =    -0.9492,    -0.1853      
# span 29 =  1027.4775,  1029.0185      
# span 30 =    34.3251,    34.6142      
# span 31 = 0.0000e+00, 0.0000e+00      
# interval = decibars: 1                
# start_time = Nov 05 2019 11:56:34 [NMEA time, header]
# bad_flag = -9.990e-29
*END*
[from data line 91]
      19129 309.506840  -62.22236 -9.990e-29     -0.917    1446.63    193.000    191.058    -0.8592    -0.8597    -0.0005    -0.8648    -0.8653    -0.0005   2.787337   2.787642   0.000318    34.2985    34.3034     6.9309     6.6227    -0.3081    27.5795    27.5835    34.2982    27.5794    1447.34    1447.35    -0.8646  1028.5106    34.4675 0.0000e+00
      19165 309.506858  -62.22236  -58.21132     -0.710    1446.63    192.000    190.068    -0.8587    -0.8580     0.0007    -0.8643    -0.8636     0.0007   2.787393   2.787850   0.000444    34.2993    34.3046     6.9390     6.6338    -0.3052    27.5802    27.5844    34.2990    27.5800    1447.33    1447.34    -0.8641  1028.5055    34.4672 0.0000e+00
      19206 309.506877  -62.22236  -58.21132     -0.578    1446.63    191.000    189.079    -0.8590    -0.8581     0.0009    -0.8646    -0.8637     0.0009   2.787290   2.787777   0.000484    34.2990    34.3045     6.9529     6.6466    -0.3063    27.5799    27.5844    34.2986    27.5797    1447.31    1447.32    -0.8644  1028.4996    34.4658 0.0000e+00
      19243 309.506895  -62.22236  -58.21132     -0.641    1446.63    190.000    188.089    -0.8586    -0.8582     0.0004    -0.8640    -0.8637     0.0004   2.787311   2.787710   0.000409    34.2991    34.3042     6.9404     6.6401    -0.3004    27.5800    27.5842    34.2990    27.5800    1447.30    1447.30    -0.8639  1028.4951    34.4661 0.0000e+00
      19276 309.506911  -62.22236  -58.21132     -0.705    1446.63    189.000    187.100    -0.8602    -0.8628    -0.0026    -0.8657    -0.8683    -0.0026   2.786986   2.787088   0.000105    34.2978    34.3022     6.9453     6.6368    -0.3085    27.5790    27.5827    34.2971    27.5785    1447.27    1447.26    -0.8655  1028.4888    34.4642 0.0000e+00
      19308 309.506926  -62.22236  -58.21132     -0.751    1446.63    188.000    186.110    -0.8655    -0.8655    -0.0000    -0.8709    -0.8710    -0.0000   2.786349   2.786759   0.000406    34.2958    34.3013     6.9369     6.6467    -0.2902    27.5776    27.5821    34.2951    27.5771    1447.23    1447.23    -0.8708  1028.4827    34.4622 0.0000e+00
      19336 309.506940  -62.22236  -58.21132     -0.829    1446.63    187.000    185.121    -0.8701    -0.8699     0.0003    -0.8755    -0.8752     0.0003   2.785863   2.786293   0.000427    34.2950    34.3005     6.9416     6.6538    -0.2878    27.5772    27.5816    34.2944    27.5766    1447.19    1447.20    -0.8753  1028.4775    34.4615 0.0000e+00
      19362 309.506953  -62.22236  -58.21132     -0.888    1446.63    186.000    184.131    -0.8727    -0.8724     0.0003    -0.8781    -0.8778     0.0003   2.785567   2.785977   0.000417    34.2945    34.2999     6.9496     6.6486    -0.3010    27.5769    27.5812    34.2939    27.5764    1447.16    1447.17    -0.8779  1028.4725    34.4610 0.0000e+00
      19390 309.506966  -62.22236  -58.21132     -0.887    1446.63    185.000    183.142    -0.8744    -0.8741     0.0003    -0.8797    -0.8794     0.0003   2.785364   2.785773   0.000412    34.2942    34.2995     6.9513     6.6447    -0.3066    27.5767    27.5810    34.2937    27.5763    1447.13    1447.14    -0.8796  1028.4676    34.4608 0.0000e+00
      19421 309.506981  -62.22236  -58.21132     -0.807    1446.63    184.000    182.152    -0.8747    -0.8759    -0.0012    -0.8800    -0.8812    -0.0012   2.785329   2.785570   0.000255    34.2944    34.2993     6.9624     6.6525    -0.3099    27.5769    27.5809    34.2942    27.5767    1447.12    1447.12    -0.8798  1028.4633    34.4613 0.0000e+00
      19456 309.506998  -62.22236  -58.21132     -0.692    1446.63    183.000    181.163    -0.8715    -0.8709     0.0006    -0.8768    -0.8762     0.0006   2.785619   2.786075   0.000443    34.2951    34.3005     6.9577     6.6593    -0.2984    27.5773    27.5816    34.2951    27.5773    1447.12    1447.13    -0.8766  1028.4591    34.4622 0.0000e+00
      19494 309.507016  -62.22236  -58.21132     -0.633    1446.63    182.000    180.173    -0.8700    -0.8738    -0.0038    -0.8752    -0.8790    -0.0038   2.785694   2.785672  -0.000008    34.2952    34.2994     6.9506     6.6547    -0.2960    27.5773    27.5809    34.2950    27.5772    1447.11    1447.10    -0.8751  1028.4542    34.4621 0.0000e+00
      19529 309.507033  -62.22236  -58.21132     -0.675    1446.63    181.000    179.184    -0.8713    -0.8742    -0.0029    -0.8765    -0.8794    -0.0029   2.785446   2.785517   0.000078    34.2944    34.2987     6.9519     6.6506    -0.3013    27.5767    27.5803    34.2937    27.5762    1447.08    1447.08    -0.8763  1028.4484    34.4608 0.0000e+00
      19561 309.507048  -62.22236  -58.21132     -0.745    1446.63    180.000    178.194    -0.8807    -0.8796     0.0011    -0.8858    -0.8848     0.0011   2.784387   2.784938   0.000530    34.2916    34.2976     6.9514     6.6524    -0.2990    27.5748    27.5796    34.2906    27.5740    1447.02    1447.03    -0.8857  1028.4415    34.4577 0.0000e+00
      19591 309.507063  -62.22236  -58.21132     -0.778    1446.63    179.000    177.207    -0.8843    -0.8844    -0.0000    -0.8894    -0.8895    -0.0000   2.783969   2.784352   0.000389    34.2905    34.2958     6.9481     6.6565    -0.2917    27.5741    27.5784    34.2897    27.5735    1446.98    1446.99    -0.8893  1028.4362    34.4568 0.0000e+00
      19623 309.507078  -62.22236  -58.21132     -0.770    1446.63    178.000    176.213    -0.8875    -0.8884    -0.0008    -0.8926    -0.8934    -0.0008   2.783545   2.783869   0.000315    34.2891    34.2943     6.9614     6.6662    -0.2952    27.5731    27.5773    34.2882    27.5724    1446.95    1446.95    -0.8925  1028.4304    34.4553 0.0000e+00
      19657 309.507095  -62.22236  -58.21132     -0.723    1446.63    177.000    175.226    -0.8895    -0.8904    -0.0009    -0.8945    -0.8955    -0.0009   2.783355   2.783597   0.000247    34.2890    34.2934     6.9563     6.6572    -0.2992    27.5731    27.5767    34.2884    27.5726    1446.93    1446.93    -0.8944  1028.4258    34.4555 0.0000e+00
      19691 309.507111  -62.22236  -58.21132     -0.689    1446.63    176.000    174.236    -0.8904    -0.8912    -0.0009    -0.8954    -0.8962    -0.0009   2.783176   2.783452   0.000289    34.2881    34.2930     6.9743     6.6604    -0.3138    27.5724    27.5764    34.2877    27.5720    1446.90    1446.91    -0.8953  1028.4205    34.4547 0.0000e+00
      19726 309.507128  -62.22236  -58.21132     -0.699    1446.63    175.000    173.246    -0.8933    -0.8933    -0.0001    -0.8983    -0.8983    -0.0001   2.782730   2.783144   0.000394    34.2864    34.2918     6.9830     6.6715    -0.3115    27.5711    27.5755    34.2856    27.5704    1446.87    1446.88    -0.8981  1028.4141    34.4526 0.0000e+00
      19761 309.507145  -62.22236  -58.21132     -0.684    1446.63    174.000    172.257    -0.8940    -0.8951    -0.0011    -0.8990    -0.9000    -0.0011   2.782638   2.782850   0.000241    34.2861    34.2906     6.9740     6.6757    -0.2982    27.5708    27.5746    34.2857    27.5706    1446.85    1446.85    -0.8988  1028.4095    34.4528 0.0000e+00
      19790 309.507159  -62.22236  -58.21132     -0.764    1446.63    173.000    171.267    -0.8954    -0.8967    -0.0012    -0.9003    -0.9016    -0.0012   2.782352   2.782628   0.000255    34.2848    34.2897     6.9821     6.6821    -0.2999    27.5699    27.5739    34.2841    27.5693    1446.83    1446.83    -0.9002  1028.4035    34.4511 0.0000e+00
      19817 309.507172  -62.22236  -58.21132     -0.870    1446.63    172.000    170.278    -0.8970    -0.8981    -0.0011    -0.9019    -0.9029    -0.0011   2.782139   2.782402   0.000260    34.2842    34.2890     6.9955     6.6884    -0.3071    27.5695    27.5734    34.2836    27.5690    1446.80    1446.80    -0.9017  1028.3983    34.4506 0.0000e+00
      19845 309.507186  -62.22236  -58.21132     -0.884    1446.63    171.000    169.288    -0.8993    -0.8996    -0.0002    -0.9042    -0.9044    -0.0002   2.781819   2.782162   0.000339    34.2830    34.2879     6.9944     6.6923    -0.3021    27.5686    27.5725    34.2825    27.5682    1446.77    1446.78    -0.9040  1028.3928    34.4495 0.0000e+00
      19877 309.507201  -62.22236  -58.21132     -0.781    1446.63    170.000    168.299    -0.9006    -0.8987     0.0018    -0.9054    -0.9036     0.0018   2.781619   2.782246   0.000601    34.2823    34.2884     6.9914     6.6927    -0.2986    27.5680    27.5729    34.2819    27.5677    1446.75    1446.77    -0.9053  1028.3875    34.4488 0.0000e+00
      19911 309.507218  -62.22236  -58.21132     -0.701    1446.63    169.000    167.309    -0.9002    -0.8972     0.0029    -0.9049    -0.9020     0.0029   2.781631   2.782303   0.000702    34.2823    34.2885     7.0005     6.6987    -0.3017    27.5681    27.5730    34.2822    27.5679    1446.74    1446.76    -0.9048  1028.3830    34.4491 0.0000e+00
      19947 309.507235  -62.22236  -58.21132     -0.680    1446.63    168.000    166.319    -0.8982    -0.9012    -0.0030    -0.9030    -0.9060    -0.0030   2.781726   2.781800   0.000049    34.2825    34.2866     7.0058     6.7034    -0.3025    27.5681    27.5716    34.2818    27.5676    1446.73    1446.72    -0.9028  1028.3779    34.4488 0.0000e+00
      19980 309.507251  -62.22236  -58.21132     -0.704    1446.63    167.000    165.330    -0.9089    -0.9039     0.0050    -0.9136    -0.9087     0.0050   2.779750   2.781136   0.001392    34.2693    34.2826     7.0066     6.6936    -0.3130    27.5579    27.5684    34.2678    27.5566    1446.64    1446.68    -0.9135  1028.3622    34.4347 0.0000e+00
      20010 309.507265  -62.22236  -58.21132     -0.784    1446.63    166.000    164.341    -0.9127    -0.9134    -0.0008    -0.9173    -0.9181    -0.0008   2.779087   2.779323   0.000209    34.2650    34.2687     7.0046     6.7021    -0.3024    27.5545    27.5576    34.2637    27.5534    1446.60    1446.60    -0.9172  1028.3542    34.4305 0.0000e+00
      20039 309.507279  -62.22236  -58.21132     -0.823    1446.63    165.000    163.351    -0.9141    -0.9143    -0.0002    -0.9187    -0.9189    -0.0002   2.778694   2.778965   0.000316    34.2612    34.2657     7.0346     6.7077    -0.3269    27.5515    27.5552    34.2605    27.5509    1446.58    1446.58    -0.9186  1028.3470    34.4274 0.0000e+00
      20072 309.507295  -62.22236  -58.21132     -0.756    1446.63    164.000    162.364    -0.9158    -0.9164    -0.0006    -0.9204    -0.9210    -0.0006   2.778298   2.778518   0.000208    34.2584    34.2619     7.0801     6.7404    -0.3397    27.5493    27.5522    34.2577    27.5487    1446.55    1446.55    -0.9203  1028.3400    34.4245 0.0000e+00
      20105 309.507311  -62.22236  -58.21132     -0.711    1446.63    163.000    161.367    -0.9170    -0.9170     0.0000    -0.9216    -0.9216     0.0000   2.777975   2.778328   0.000363    34.2558    34.2607     7.1170     6.7826    -0.3344    27.5472    27.5512    34.2554    27.5469    1446.52    1446.53    -0.9215  1028.3334    34.4222 0.0000e+00
      20136 309.507326  -62.22236  -58.21132     -0.762    1446.63    162.000    160.382    -0.9173    -0.9175    -0.0001    -0.9219    -0.9220    -0.0001   2.777811   2.778154   0.000334    34.2547    34.2594     7.1393     6.8190    -0.3203    27.5464    27.5502    34.2541    27.5458    1446.51    1446.51    -0.9217  1028.3276    34.4209 0.0000e+00
      20164 309.507339  -62.22236  -58.21132     -0.839    1446.63    161.000    159.392    -0.9182    -0.9182    -0.0000    -0.9227    -0.9227    -0.0000   2.777593   2.777988   0.000398    34.2532    34.2586     7.1533     6.8404    -0.3129    27.5452    27.5496    34.2527    27.5447    1446.48    1446.49    -0.9226  1028.3217    34.4195 0.0000e+00
      20192 309.507353  -62.22236  -58.21132     -0.858    1446.63    160.000    158.402    -0.9194    -0.9191     0.0004    -0.9239    -0.9236     0.0004   2.777371   2.777834   0.000452    34.2523    34.2580     7.1583     6.8540    -0.3044    27.5445    27.5491    34.2518    27.5440    1446.46    1446.47    -0.9238  1028.3162    34.4185 0.0000e+00
      20224 309.507368  -62.22236  -58.21132     -0.794    1446.63    159.000    157.413    -0.9215    -0.9203     0.0012    -0.9260    -0.9247     0.0012   2.777081   2.777632   0.000550    34.2513    34.2574     7.1659     6.8663    -0.2997    27.5438    27.5486    34.2508    27.5434    1446.43    1446.45    -0.9258  1028.3108    34.4176 0.0000e+00
      20260 309.507386  -62.22236  -58.21132     -0.673    1446.63    158.000    156.423    -0.9199    -0.9211    -0.0013    -0.9243    -0.9255    -0.0013   2.777371   2.777496   0.000165    34.2533    34.2569     7.1676     6.8653    -0.3022    27.5453    27.5483    34.2535    27.5454    1446.43    1446.42    -0.9242  1028.3080    34.4202 0.0000e+00
      20296 309.507403  -62.22236  -58.21132     -0.661    1446.63    157.000    155.434    -0.9188    -0.9208    -0.0019    -0.9232    -0.9252    -0.0019   2.777408   2.777568   0.000125    34.2540    34.2579     7.1764     6.8576    -0.3187    27.5458    27.5490    34.2534    27.5454    1446.41    1446.41    -0.9231  1028.3032    34.4202 0.0000e+00
      20327 309.507418  -62.22236  -58.21132     -0.738    1446.63    156.000    154.444    -0.9230    -0.9243    -0.0013    -0.9273    -0.9286    -0.0013   2.776759   2.776978   0.000226    34.2506    34.2551     7.1676     6.8577    -0.3098    27.5432    27.5469    34.2499    27.5427    1446.37    1446.37    -0.9272  1028.2958    34.4167 0.0000e+00
      20360 309.507434  -62.22236  -58.21132     -0.756    1446.63    155.000    153.454    -0.9259    -0.9259    -0.0000    -0.9302    -0.9302    -0.0000   2.776332   2.776743   0.000403    34.2487    34.2542     7.1549     6.8606    -0.2943    27.5418    27.5462    34.2481    27.5413    1446.34    1446.35    -0.9301  1028.2896    34.4148 0.0000e+00
      20393 309.507450  -62.22236  -58.21132     -0.719    1446.63    154.000    152.465    -0.9282    -0.9263     0.0020    -0.9325    -0.9305     0.0020   2.776005   2.776645   0.000625    34.2474    34.2537     7.1642     6.8593    -0.3048    27.5408    27.5458    34.2469    27.5404    1446.31    1446.33    -0.9324  1028.2839    34.4136 0.0000e+00
      20425 309.507465  -62.22236  -58.21132     -0.743    1446.63    153.000    151.475    -0.9277    -0.9278    -0.0001    -0.9320    -0.9321    -0.0001   2.776107   2.776411   0.000326    34.2484    34.2530     7.1855     6.8598    -0.3257    27.5417    27.5454    34.2483    27.5416    1446.30    1446.31    -0.9318  1028.2803    34.4150 0.0000e+00
      20453 309.507479  -62.22236  -58.21132     -0.823    1446.63    152.000    150.485    -0.9270    -0.9272    -0.0002    -0.9312    -0.9314    -0.0002   2.776144   2.776517   0.000363    34.2488    34.2540     7.1908     6.8647    -0.3261    27.5419    27.5461    34.2486    27.5418    1446.29    1446.29    -0.9311  1028.2757    34.4153 0.0000e+00
      20481 309.507492  -62.22236  -58.21132     -0.857    1446.63    151.000    149.496    -0.9263    -0.9264    -0.0002    -0.9305    -0.9307    -0.0002   2.776234   2.776584   0.000360    34.2497    34.2548     7.1842     6.8659    -0.3183    27.5426    27.5467    34.2496    27.5426    1446.28    1446.28    -0.9304  1028.2717    34.4163 0.0000e+00
      20512 309.507507  -62.22236  -58.21132     -0.796    1446.63    150.000    148.506    -0.9262    -0.9265    -0.0003    -0.9303    -0.9307    -0.0003   2.776161   2.776485   0.000321    34.2494    34.2541     7.1780     6.8745    -0.3034    27.5424    27.5462    34.2492    27.5422    1446.26    1446.27    -0.9302  1028.2666    34.4159 0.0000e+00
