Pos-Processados/teste_atual_pos-process-op41/Dados/doperantar_41_007.cnv
* Sea-Bird SBE 9 Data File:
* FileName = C:\Users\Dell\Desktop\OperantarXLI\config\00_BRUTOS\OP41007.hdr
* Software Version Seasave V 7.26.7.110
* Temperature SN = 6497
* Conductivity SN = 4954
* Number of Bytes Per Scan = 31
* Number of Voltage Words = 2
* Number of Scans Averaged by the Deck Unit = 1
* NMEA Latitude = 42 10.83 S
* NMEA Longitude = 052 56.87 W
* NMEA UTC (Time) = Oct 22 2022 04:55:15
* NMEA baud rate = 4800
** H41
** Navio Polar Almirante Maximiano
** LH-021/2022
** Operantar XLI
** Número da Estação 007
** Latitude 42 10.857'S
** Longitude 052 56.879W
** Data/Hora (Z) 22/10/2022 0455Z
** Profundidade local 5627 m
** 09-1439
** Nome do Operador 1T FILIPE LOPES
# nquan = 30
# nvalues = 1017                        
# units = specified
# name 0 = scan: Scan Count
# name 1 = timeJ: Julian Days
# name 2 = latitude: Latitude [deg]
# name 3 = longitude: Longitude [deg]
# name 4 = dz/dtM: Descent Rate [m/s]
# name 5 = avgsvCM: Average Sound Velocity [Chen-Millero, m/s]
# name 6 = prDM: Pressure, Digiquartz [db]
# name 7 = depSM: Depth [salt water, m]
# name 8 = t090C: Temperature [ITS-90, deg C]
# name 9 = t190C: Temperature, 2 [ITS-90, deg C]
# name 10 = T2-T190C: Temperature Difference, 2 - 1 [ITS-90, deg C]
# name 11 = potemp090C: Potential Temperature [ITS-90, deg C]
# name 12 = potemp190C: Potential Temperature, 2 [ITS-90, deg C]
# name 13 = potemp90Cdiff: Potential Temperature, Diff, 2 - 1 [ITS-90, deg C]
# name 14 = c0S/m: Conductivity [S/m]
# name 15 = c1S/m: Conductivity, 2 [S/m]
# name 16 = C2-C1S/m: Conductivity Difference, 2 - 1 [S/m]
# name 17 = sal00: Salinity, Practical [PSU]
# name 18 = sal11: Salinity, Practical, 2 [PSU]
# name 19 = sbeox0ML/L: Oxygen, SBE 43 [ml/l]
# name 20 = sigma-é00: Density [sigma-theta, kg/m^3]
# name 21 = sigma-é11: Density, 2 [sigma-theta, kg/m^3]
# name 22 = sal00: Salinity, Practical [PSU]
# name 23 = sigma-é00: Density [sigma-theta, kg/m^3]
# name 24 = svCM: Sound Velocity [Chen-Millero, m/s]
# name 25 = svCM1: Sound Velocity, 2 [Chen-Millero, m/s]
# name 26 = gsw_ptA0: potential temperature [ITS-90, deg C]
# name 27 = gsw_densityA0: density, TEOS-10 [density, kg/m^3]
# name 28 = gsw_saA0: Absolute Salinity [g/kg]
# name 29 = flag:
# span 0 =       1898,      29047       
# span 1 = 295.205950, 295.219042       
# span 2 =  -42.18026,  -42.17480       
# span 3 =  -52.94752,  -52.66724       
# span 4 =      0.001,      1.475       
# span 5 =       0.00,    1496.18       
# span 6 =      2.000,   1018.000       
# span 7 =      1.979,   1007.533       
# span 8 =     2.9212,    11.8539       
# span 9 =     2.9223,    11.8537       
# span 10 =    -0.0169,     0.0109      
# span 11 =     2.8527,    11.8515      
# span 12 =     2.8538,    11.8512      
# span 13 =    -0.0169,     0.0109      
# span 14 =   3.155305,   3.948582      
# span 15 =   3.155305,   3.947118      
# span 16 =  -0.002459,   0.000974      
# span 17 =    34.1332,    34.6983      
# span 18 =    34.1332,    34.6989      
# span 19 =     4.1492,     6.2863      
# span 20 =    26.3162,    27.4245      
# span 21 =    26.3163,    27.4242      
# span 22 =    33.8549,    34.6939      
# span 23 =    25.7297,    27.4244      
# span 24 =    1472.82,    1496.20      
# span 25 =    1472.82,    1496.20      
# span 26 =     2.8526,    11.8515      
# span 27 =  1021.7887,  1032.1427      
# span 28 =    28.8851,    34.9834      
# span 29 = 0.0000e+00, 0.0000e+00      
# interval = decibars: 1                
# start_time = Oct 22 2022 04:55:15 [NMEA time, header]
# bad_flag = -9.990e-29
*END*
[from data line 97]
       4882 295.207389  -42.17974  -52.94710      0.503    1489.80     99.000     98.198     6.3094     6.3090    -0.0004     6.3008     6.3005    -0.0003   3.395891   3.395606  -0.000273    34.1917    34.1890     6.1630    26.8754    26.8733    34.1764    26.8633    1476.55    1476.55     6.3008  1027.3194    34.3379 0.0000e+00
       4911 295.207403  -42.17973  -52.94710      0.771    1489.80    100.000     99.190     6.1918     6.1926     0.0007     6.1833     6.1840     0.0007   3.383832   3.383472  -0.000410    34.1809    34.1756     6.1870    26.8821    26.8778    34.1590    26.8648    1476.08    1476.08     6.1832  1027.3256    34.3204 0.0000e+00
       4935 295.207414  -42.17972  -52.94709      0.929    1489.80    101.000    100.182     6.1187     6.1203     0.0016     6.1102     6.1117     0.0016   3.377480   3.377400  -0.000080    34.1750    34.1726     6.2069    26.8868    26.8846    34.1608    26.8755    1475.81    1475.81     6.1101  1027.3411    34.3222 0.0000e+00
       4958 295.207425  -42.17972  -52.94708      1.021    1489.80    102.000    101.173     6.1134     6.1137     0.0002     6.1048     6.1050     0.0002   3.377111   3.377013  -0.000106    34.1733    34.1719     6.1976    26.8861    26.8850    34.1614    26.8767    1475.81    1475.81     6.1048  1027.3470    34.3229 0.0000e+00
       4980 295.207436  -42.17972  -52.94708      1.062    1489.80    103.000    102.165     6.1108     6.1113     0.0005     6.1021     6.1025     0.0005   3.377193   3.377138  -0.000059    34.1737    34.1725     6.1976    26.8867    26.8858    34.1645    26.8795    1475.82    1475.82     6.1021  1027.3543    34.3259 0.0000e+00
       5001 295.207446  -42.17970  -52.94708      1.111    1489.80    104.000    103.157     6.1119     6.1134     0.0015     6.1031     6.1046     0.0015   3.377286   3.377360   0.000043    34.1758    34.1748     6.2047    26.8883    26.8873    34.1639    26.8789    1475.84    1475.84     6.1031  1027.3583    34.3254 0.0000e+00
       5021 295.207456  -42.17970  -52.94708      1.170    1489.80    105.000    104.148     6.0535     6.0562     0.0027     6.0446     6.0474     0.0027   3.371384   3.371353  -0.000014    34.1703    34.1674     6.2224    26.8914    26.8887    34.1559    26.8800    1475.61    1475.62     6.0446  1027.3642    34.3173 0.0000e+00
       5042 295.207466  -42.17970  -52.94708      1.187    1489.80    106.000    105.140     6.0106     6.0131     0.0025     6.0017     6.0042     0.0025   3.367188   3.367200  -0.000021    34.1675    34.1647     6.2229    26.8946    26.8921    34.1514    26.8818    1475.45    1475.46     6.0017  1027.3707    34.3128 0.0000e+00
       5066 295.207478  -42.17970  -52.94706      1.071    1489.80    107.000    106.131     5.9404     5.9446     0.0042     5.9315     5.9357     0.0042   3.360530   3.360653   0.000142    34.1602    34.1575     6.2121    26.8976    26.8950    34.1467    26.8869    1475.18    1475.19     5.9315  1027.3805    34.3080 0.0000e+00
       5107 295.207497  -42.17969  -52.94706      0.656    1489.80    108.000    107.123     5.8896     5.8891    -0.0005     5.8806     5.8802    -0.0005   3.355556   3.355289  -0.000259    34.1538    34.1514     6.2112    26.8990    26.8971    34.1413    26.8891    1474.99    1474.98     5.8806  1027.3874    34.3027 0.0000e+00
       5155 295.207520  -42.17968  -52.94706      0.455    1489.80    109.000    108.115     5.8188     5.8165    -0.0023     5.8097     5.8075    -0.0022   3.348705   3.348274  -0.000427    34.1466    34.1440     6.2468    26.9021    26.9003    34.1349    26.8928    1474.72    1474.70     5.8098  1027.3960    34.2963 0.0000e+00
       5178 295.207531  -42.17967  -52.94705      0.785    1489.80    110.000    109.107     5.7871     5.7875     0.0005     5.7781     5.7785     0.0004   3.345431   3.345247  -0.000170    34.1421    34.1397     6.2506    26.9024    26.9005    34.1294    26.8924    1474.60    1474.60     5.7780  1027.4001    34.2907 0.0000e+00
       5197 295.207541  -42.17966  -52.94704      1.092    1489.80    111.000    110.098     5.7264     5.7277     0.0013     5.7173     5.7186     0.0013   3.339348   3.339238  -0.000160    34.1364    34.1333     6.2730    26.9054    26.9028    34.1213    26.8935    1474.36    1474.36     5.7173  1027.4060    34.2826 0.0000e+00
       5215 295.207549  -42.17966  -52.94704      1.282    1489.80    112.000    111.090     5.6993     5.6995     0.0002     5.6901     5.6903     0.0002   3.337265   3.337090  -0.000166    34.1370    34.1349     6.2835    26.9092    26.9075    34.1246    26.8995    1474.27    1474.27     5.6901  1027.4166    34.2859 0.0000e+00
       5233 295.207558  -42.17966  -52.94704      1.353    1489.80    113.000    112.081     5.6802     5.6801    -0.0001     5.6710     5.6709    -0.0001   3.335599   3.335455  -0.000154    34.1353    34.1336     6.2835    26.9102    26.9089    34.1245    26.9017    1474.21    1474.21     5.6709  1027.4236    34.2858 0.0000e+00
       5253 295.207567  -42.17966  -52.94704      1.300    1489.80    114.000    113.073     5.6523     5.6631     0.0109     5.6430     5.6538     0.0109   3.333380   3.334505   0.000974    34.1343    34.1343     6.2863    26.9128    26.9116    34.1271    26.9072    1474.12    1474.17     5.6430  1027.4337    34.2884 0.0000e+00
       5277 295.207579  -42.17966  -52.94703      1.106    1489.80    115.000    114.064     5.7356     5.7357     0.0001     5.7261     5.7263     0.0001   3.342811   3.342806   0.000099    34.1486    34.1496     6.2624    26.9139    26.9147    34.1493    26.9145    1474.50    1474.50     5.7261  1027.4454    34.3107 0.0000e+00
       5307 295.207593  -42.17966  -52.94702      0.853    1489.80    116.000    115.056     5.7794     5.7787    -0.0006     5.7698     5.7692    -0.0006   3.347554   3.347506  -0.000012    34.1571    34.1576     6.2477    26.9153    26.9158    34.1582    26.9161    1474.70    1474.70     5.7698  1027.4515    34.3196 0.0000e+00
       5340 295.207610  -42.17964  -52.94702      0.733    1489.80    117.000    116.047     5.8307     5.8320     0.0013     5.8210     5.8223     0.0013   3.352686   3.352856   0.000136    34.1646    34.1649     6.2066    26.9150    26.9150    34.1638    26.9143    1474.93    1474.94     5.8210  1027.4542    34.3253 0.0000e+00
       5374 295.207626  -42.17964  -52.94702      0.692    1489.80    118.000    117.039     5.8216     5.8142    -0.0074     5.8119     5.8045    -0.0074   3.351353   3.350367  -0.000931    34.1638    34.1607     6.1635    26.9154    26.9139    34.1574    26.9103    1474.90    1474.87     5.8118  1027.4548    34.3188 0.0000e+00
       5409 295.207643  -42.17962  -52.94702      0.715    1489.80    119.000    118.030     5.7398     5.7402     0.0005     5.7300     5.7305     0.0005   3.343779   3.343766  -0.000034    34.1579    34.1570     6.1163    26.9208    26.9201    34.1539    26.9177    1474.59    1474.59     5.7300  1027.4669    34.3153 0.0000e+00
       5440 295.207658  -42.17962 -9.990e-29      0.718    1489.80    120.000    119.022     5.7323     5.7317    -0.0006     5.7225     5.7219    -0.0006   3.342954   3.342781  -0.000174    34.1560    34.1546     6.1104    26.9203    26.9193    34.1516    26.9168    1474.57    1474.57     5.7224  1027.4706    34.3129 0.0000e+00
       5464 295.207669  -42.17962 -9.990e-29      0.899    1489.80    121.000    120.014     5.6851     5.6862     0.0011     5.6752     5.6763     0.0011   3.337706   3.337546  -0.000163    34.1502    34.1473     6.1502    26.9215    26.9190    34.1394    26.9129    1474.38    1474.38     5.6752  1027.4714    34.3006 0.0000e+00
       5484 295.207679  -42.17962 -9.990e-29      1.082    1489.80    122.000    121.006     5.6383     5.6392     0.0009     5.6284     5.6293     0.0009   3.333822   3.333804  -0.000030    34.1487    34.1475     6.1644    26.9260    26.9249    34.1422    26.9209    1474.22    1474.22     5.6284  1027.4841    34.3034 0.0000e+00
       5501 295.207687  -42.17960  -52.94700      1.257    1489.80    123.000    121.997     5.6182     5.6197     0.0015     5.6082     5.6097     0.0015   3.331858   3.331891   0.000034    34.1466    34.1455     6.1712    26.9268    26.9258    34.1397    26.9214    1474.15    1474.15     5.6082  1027.4893    34.3010 0.0000e+00
       5518 295.207695  -42.17960  -52.94700      1.370    1489.80    124.000    122.989     5.6014     5.6025     0.0011     5.5914     5.5925     0.0011   3.330321   3.330330   0.000006    34.1450    34.1439     6.1806    26.9276    26.9266    34.1388    26.9227    1474.10    1474.10     5.5913  1027.4954    34.3001 0.0000e+00
       5561 295.207716  -42.17960  -52.94699      0.979    1489.80    125.000    123.999     5.6048     5.6072     0.0024     5.5946     5.5971     0.0024   3.331161   3.331339   0.000170    34.1482    34.1477     6.1933    26.9297    26.9290    34.1444    26.9267    1474.13    1474.14     5.5946  1027.5040    34.3058 0.0000e+00
       5641 295.207755  -42.17959  -52.94697      0.463    1489.80    126.000    124.975     5.6051     5.6054     0.0003     5.5949     5.5952     0.0003   3.331365   3.331285  -0.000076    34.1493    34.1481     6.1884    26.9306    26.9296    34.1458    26.9278    1474.15    1474.15     5.5949  1027.5097    34.3073 0.0000e+00
       5658 295.207763  -42.17957  -52.94696      1.010    1489.80    127.000    125.963     5.5983     5.5991     0.0008     5.5880     5.5888     0.0008   3.330788   3.330814   0.000034    34.1493    34.1489     6.1943    26.9314    26.9310    34.1457    26.9285    1474.14    1474.14     5.5880  1027.5150    34.3071 0.0000e+00
       5675 295.207771  -42.17956  -52.94696      1.307    1489.80    128.000    126.955     5.5867     5.5874     0.0007     5.5764     5.5770     0.0007   3.329672   3.329694   0.000004    34.1481    34.1475     6.1902    26.9319    26.9313    34.1442    26.9288    1474.11    1474.11     5.5763  1027.5200    34.3057 0.0000e+00
       5692 295.207779  -42.17956  -52.94696      1.393    1489.80    129.000    127.946     5.5784     5.5795     0.0011     5.5680     5.5690     0.0011   3.328987   3.329019   0.000052    34.1473    34.1468     6.1853    26.9323    26.9317    34.1444    26.9300    1474.09    1474.10     5.5679  1027.5258    34.3058 0.0000e+00
       5710 295.207788  -42.17956  -52.94696      1.390    1489.80    130.000    128.938     5.5736     5.5742     0.0006     5.5631     5.5637     0.0006   3.328402   3.328393  -0.000018    34.1462    34.1454     6.1794    26.9320    26.9312    34.1421    26.9287    1474.09    1474.09     5.5631  1027.5291    34.3035 0.0000e+00
       5727 295.207796  -42.17956  -52.94696      1.383    1489.80    131.000    129.880     5.5560     5.5592     0.0033     5.5454     5.5486     0.0033   3.326751   3.326985   0.000233    34.1445    34.1439     6.1854    26.9328    26.9319    34.1407    26.9297    1474.03    1474.04     5.5454  1027.5348    34.3021 0.0000e+00
       5771 295.207817  -42.17956  -52.94694      0.596    1483.81    132.000    130.936     5.5495     5.5506     0.0011     5.5388     5.5399     0.0011   3.326282   3.326300   0.000027    34.1444    34.1435     6.1803    26.9335    26.9327    34.1414    26.9311    1474.02    1474.02     5.5388  1027.5408    34.3028 0.0000e+00
       5802 295.207832  -42.17956  -52.94694      0.691    1484.29    133.000    131.912     5.5190     5.5171    -0.0019     5.5083     5.5064    -0.0019   3.323098   3.322831  -0.000276    34.1403    34.1390     6.1583    26.9339    26.9332    34.1355    26.9301    1473.91    1473.90     5.5083  1027.5445    34.2969 0.0000e+00
       5822 295.207842  -42.17956  -52.94694      0.983    1484.30    134.000    132.904     5.5089     5.5091     0.0002     5.4982     5.4984     0.0002   3.322410   3.322402  -0.000008    34.1401    34.1397     6.1727    26.9349    26.9347    34.1374    26.9329    1473.89    1473.89     5.4981  1027.5519    34.2988 0.0000e+00
       5840 295.207851  -42.17954  -52.94694      1.205    1484.30    135.000    133.896     5.5126     5.5127     0.0001     5.5017     5.5018     0.0001   3.322948   3.322952   0.000006    34.1409    34.1408     6.1952    26.9352    26.9352    34.1393    26.9339    1473.92    1473.92     5.5017  1027.5575    34.3007 0.0000e+00
       5859 295.207860  -42.17954  -52.94694      1.313    1484.30    136.000    134.887     5.5160     5.5161     0.0001     5.5051     5.5052     0.0001   3.323273   3.323269   0.000003    34.1410    34.1410     6.2101    26.9349    26.9349    34.1390    26.9333    1473.95    1473.95     5.5051  1027.5615    34.3004 0.0000e+00
       5894 295.207877  -42.17954  -52.94693      0.851    1484.30    137.000    135.877     5.5129     5.5132     0.0003     5.5018     5.5022     0.0003   3.323121   3.323111  -0.000010    34.1418    34.1414     6.2030    26.9359    26.9355    34.1400    26.9345    1473.95    1473.96     5.5018  1027.5673    34.3014 0.0000e+00
       5941 295.207899  -42.17953  -52.94692      0.467    1484.30    138.000    136.869     5.5022     5.5029     0.0007     5.4911     5.4919     0.0007   3.322178   3.322190   0.000013    34.1420    34.1414     6.1901    26.9373    26.9368    34.1395    26.9354    1473.93    1473.93     5.4911  1027.5728    34.3009 0.0000e+00
       5969 295.207913  -42.17952  -52.94692      0.738    1484.30    139.000    137.861     5.4953     5.4955     0.0003     5.4841     5.4844     0.0003   3.321814   3.321834   0.000015    34.1429    34.1429     6.1912    26.9389    26.9388    34.1419    26.9381    1473.92    1473.92     5.4841  1027.5802    34.3034 0.0000e+00
       5989 295.207922  -42.17952  -52.94692      1.011    1484.30    140.000    138.853     5.5043     5.5045     0.0002     5.4930     5.4932     0.0002   3.323194   3.323245   0.000051    34.1478    34.1481     6.1850    26.9416    26.9419    34.1480    26.9419    1473.98    1473.98     5.4930  1027.5885    34.3095 0.0000e+00
       6007 295.207931  -42.17950  -52.94692      1.222    1484.30    141.000    139.844     5.5063     5.5072     0.0010     5.4949     5.4958     0.0010   3.323357   3.323461   0.000097    34.1486    34.1488     6.1822    26.9421    26.9421    34.1473    26.9411    1474.00    1474.01     5.4949  1027.5924    34.3088 0.0000e+00
       6027 295.207941  -42.17950  -52.94690      1.273    1484.30    142.000    140.836     5.5004     5.5012     0.0009     5.4890     5.4898     0.0009   3.322802   3.322813   0.000039    34.1480    34.1476     6.1867    26.9423    26.9419    34.1465    26.9411    1474.00    1474.00     5.4889  1027.5970    34.3079 0.0000e+00
       6051 295.207953  -42.17950  -52.94690      1.092    1484.30    143.000    141.827     5.4963     5.4959    -0.0004     5.4848     5.4844    -0.0004   3.322480   3.322430  -0.000060    34.1476    34.1473     6.1714    26.9425    26.9424    34.1464    26.9416    1474.00    1473.99     5.4848  1027.6021    34.3079 0.0000e+00
       6077 295.207965  -42.17950  -52.94690      0.938    1484.30    144.000    142.818     5.4945     5.4953     0.0008     5.4829     5.4838     0.0008   3.322376   3.322450   0.000068    34.1474    34.1474     6.1464    26.9426    26.9425    34.1465    26.9419    1474.00    1474.01     5.4829  1027.6071    34.3080 0.0000e+00
       6100 295.207976  -42.17950  -52.94690      0.980    1484.30    145.000    143.810     5.4904     5.4925     0.0020     5.4788     5.4808     0.0020   3.321950   3.322126   0.000171    34.1468    34.1467     6.1455    26.9426    26.9423    34.1453    26.9414    1474.00    1474.01     5.4788  1027.6112    34.3067 0.0000e+00
       6120 295.207985  -42.17949  -52.94690      1.113    1484.30    146.000    144.801     5.4858     5.4863     0.0005     5.4741     5.4746     0.0005   3.321547   3.321547   0.000016    34.1462    34.1459     6.1524    26.9427    26.9424    34.1449    26.9416    1474.00    1474.00     5.4741  1027.6160    34.3063 0.0000e+00
