Pos-Processados/teste_atual_pos-process-op41/Dados/doperantar_41_012.cnv
* Sea-Bird SBE 9 Data File:
* FileName = C:\Users\Dell\Desktop\OperantarXLI\config\00_BRUTOS\OPE41012.hdr
* Software Version Seasave V 7.26.7.110
* Temperature SN = 6497
* Conductivity SN = 4954
* Number of Bytes Per Scan = 31
* Number of Voltage Words = 2
* Number of Scans Averaged by the Deck Unit = 1
* NMEA Latitude = 44 01.70 S
* NMEA Longitude = 051 51.61 W
* NMEA UTC (Time) = Oct 23 2022 17:02:32
* NMEA baud rate = 4800
** H41
** Navio Polar Almirante Maximiano
** LH-021/2022
** Operantar XLI
** Número da Estação 012
** Latitude 44 1.216' S
** Longitude 51 51.952' W
** Data/Hora (Z) 23/10/2022 1702Z
** Profundidade local 5745 m
** 09-1439
** Nome do Operador 1T FILIPE LOPES
# nquan = 30
# nvalues = 51                          
# units = specified
# name 0 = scan: Scan Count
# name 1 = timeJ: Julian Days
# name 2 = latitude: Latitude [deg]
# name 3 = longitude: Longitude [deg]
# name 4 = dz/dtM: Descent Rate [m/s]
# name 5 = avgsvCM: Average Sound Velocity [Chen-Millero, m/s]
# name 6 = prDM: Pressure, Digiquartz [db]
# name 7 = depSM: Depth [salt water, m]
# name 8 = t090C: Temperature [ITS-90, deg C]
# name 9 = t190C: Temperature, 2 [ITS-90, deg C]
# name 10 = T2-T190C: Temperature Difference, 2 - 1 [ITS-90, deg C]
# name 11 = potemp090C: Potential Temperature [ITS-90, deg C]
# name 12 = potemp190C: Potential Temperature, 2 [ITS-90, deg C]
# name 13 = potemp90Cdiff: Potential Temperature, Diff, 2 - 1 [ITS-90, deg C]
# name 14 = c0S/m: Conductivity [S/m]
# name 15 = c1S/m: Conductivity, 2 [S/m]
# name 16 = C2-C1S/m: Conductivity Difference, 2 - 1 [S/m]
# name 17 = sal00: Salinity, Practical [PSU]
# name 18 = sal11: Salinity, Practical, 2 [PSU]
# name 19 = sbeox0ML/L: Oxygen, SBE 43 [ml/l]
# name 20 = sigma-é00: Density [sigma-theta, kg/m^3]
# name 21 = sigma-é11: Density, 2 [sigma-theta, kg/m^3]
# name 22 = sal00: Salinity, Practical [PSU]
# name 23 = sigma-é00: Density [sigma-theta, kg/m^3]
# name 24 = svCM: Sound Velocity [Chen-Millero, m/s]
# name 25 = svCM1: Sound Velocity, 2 [Chen-Millero, m/s]
# name 26 = gsw_ptA0: potential temperature [ITS-90, deg C]
# name 27 = gsw_densityA0: density, TEOS-10 [density, kg/m^3]
# name 28 = gsw_saA0: Absolute Salinity [g/kg]
# name 29 = flag:
# span 0 =        269,       5192       
# span 1 = 296.710222, 296.712596       
# span 2 =  -44.02862,  -44.02844       
# span 3 =  -51.86010,  -51.85808       
# span 4 =     -0.114,      1.002       
# span 5 =      -0.01,    1547.77       
# span 6 =      5.000,     55.000       
# span 7 =      4.973,     54.544       
# span 8 =    14.3672,    14.4349       
# span 9 =    14.3676,    14.4367       
# span 10 =    -0.0018,     0.0211      
# span 11 =    14.3591,    14.4324      
# span 12 =    14.3595,    14.4358      
# span 13 =    -0.0018,     0.0211      
# span 14 =   4.084217,   4.297338      
# span 15 =   4.274884,   4.297351      
# span 16 =  -0.000224,   0.193652      
# span 17 =    33.5948,    35.5636      
# span 18 =    35.3550,    35.5634      
# span 19 =     4.2199,     5.5586      
# span 20 =    25.0111,    26.5462      
# span 21 =    26.3687,    26.5459      
# span 22 =    33.6012,    35.5636      
# span 23 =    25.0161,    26.5463      
# span 24 =    1503.31,    1506.23      
# span 25 =    1505.40,    1506.23      
# span 26 =    14.3591,    14.4324      
# span 27 =  1025.0430,  1026.7930      
# span 28 =    33.7599,    35.7316      
# span 29 = 0.0000e+00, 0.0000e+00      
# interval = decibars: 1                
# start_time = Oct 23 2022 17:02:32 [NMEA time, header]
# bad_flag = -9.990e-29
*END*
        269 296.710222  -44.02844  -51.86010     -0.114       0.00      5.000      4.973    14.4301    14.4330     0.0029    14.4294    14.4323     0.0029   4.084217   4.277234   0.193652    33.5948    35.3777     4.7232    25.0111    26.3869    33.6012    25.0161    1503.31    1505.40    14.4294  1025.0430    33.7599 0.0000e+00
        294 296.710234  -44.02844  -51.86010      0.399       0.00      6.000      5.922    14.4156    14.4367     0.0211    14.4147    14.4358     0.0211   4.094876   4.274884   0.180842    33.7060    35.3550     4.6029    25.1001    26.3687    33.7114    25.1043    1503.41    1505.40    14.4147  1025.1355    33.8706 0.0000e+00
        353 296.710262  -44.02845  -51.86007      0.572       0.00      7.000      6.994    14.4257    14.4311     0.0054    14.4247    14.4301     0.0054   4.112378   4.275076   0.163620    33.8533    35.3578     4.3683    25.2116    26.3720    33.8632    25.2193    1503.63    1505.40    14.4247  1025.2549    34.0231 0.0000e+00
        409 296.710289  -44.02846  -51.86004      0.715       0.00      8.000      7.920    14.4174    14.4233     0.0059    14.4162    14.4221     0.0058   4.133774   4.278786   0.145003    34.0647    35.3981     4.2199    25.3766    26.4049    34.0669    25.3783    1503.86    1505.44    14.4163  1025.4183    34.2277 0.0000e+00
        511 296.710339  -44.02846  -51.86001      0.444       0.00      9.000      8.952    14.4164    14.4167     0.0003    14.4151    14.4153     0.0003   4.186097   4.283864   0.099682    34.5319    35.4527     4.4669    25.7375    26.4485    34.5498    25.7514    1504.44    1505.50    14.4151  1025.7956    34.7130 0.0000e+00
        565 296.710364  -44.02846  -51.85998      0.689       0.00     10.000      9.920    14.4158    14.4162     0.0004    14.4144    14.4147     0.0004   4.254664   4.288055   0.034475    35.1704    35.4891     4.7004    26.2307    26.4768    35.1832    26.2406    1505.20    1505.56    14.4143  1026.2890    35.3493 0.0000e+00
        630 296.710396  -44.02846  -51.85996      0.343       0.00     11.000     10.910    14.4243    14.4248     0.0005    14.4227    14.4232     0.0005   4.279599   4.293321   0.013979    35.4027    35.5317     4.7010    26.4083    26.5079    35.4057    26.4106    1505.50    1505.65    14.4227  1026.4633    35.5728 0.0000e+00
        704 296.710431  -44.02846  -51.85993      0.356       0.00     12.000     11.903    14.4220    14.4231     0.0011    14.4202    14.4213     0.0011   4.288081   4.294408   0.006452    35.4846    35.5433     5.1382    26.4721    26.5172    35.4859    26.4731    1505.60    1505.68    14.4202  1026.5302    35.6535 0.0000e+00
        774 296.710466  -44.02846  -51.85990      0.336       0.00     13.000     12.899    14.4186    14.4220     0.0034    14.4167    14.4201     0.0034   4.290870   4.294952   0.004114    35.5143    35.5493     5.0389    26.4958    26.5221    35.5144    26.4959    1505.64    1505.69    14.4167  1026.5574    35.6821 0.0000e+00
       2008 296.711060  -44.02849  -51.85940      0.523 5.7833e-47     14.000     13.903    14.4257    14.4279     0.0021    14.4237    14.4258     0.0021   4.294492   4.295968   0.001471    35.5409    35.5525     5.2740    26.5148    26.5234    35.5410    26.5149    1505.71    1505.73    14.4237  1026.5808    35.7088 0.0000e+00
       3479 296.711770  -44.02854  -51.85879      0.729 9.8692e-24     15.000     14.879    14.4321    14.4323     0.0002    14.4299    14.4301     0.0002   4.296901   4.296912   0.000012    35.5571    35.5570     5.5406    26.5260    26.5259    35.5571    26.5260    1505.77    1505.77    14.4299  1026.5963    35.7249 0.0000e+00
       3553 296.711806  -44.02854  -51.85876      0.718       0.16     16.000     15.871    14.4330    14.4339     0.0009    14.4306    14.4316     0.0009   4.297118   4.297172   0.000053    35.5577    35.5574     5.5309    26.5263    26.5259    35.5578    26.5264    1505.79    1505.79    14.4306  1026.6011    35.7257 0.0000e+00
       3596 296.711826  -44.02854  -51.85874      0.555      -0.01     17.000     16.863    14.4349    14.4354     0.0004    14.4324    14.4329     0.0004   4.297338   4.297325  -0.000005    35.5577    35.5572     5.5364    26.5260    26.5255    35.5577    26.5259    1505.81    1505.81    14.4324  1026.6050    35.7256 0.0000e+00
       3630 296.711843  -44.02854  -51.85872      0.657 1.3851e-42     18.000     17.855    14.4308    14.4308     0.0001    14.4281    14.4282     0.0001   4.296930   4.296927  -0.000019    35.5574    35.5572     5.5462    26.5266    26.5264    35.5573    26.5266    1505.81    1505.81    14.4281  1026.6101    35.7252 0.0000e+00
       3659 296.711857  -44.02854  -51.85872      0.811 2.1407e-17     19.000     18.847    14.4324    14.4325    -0.0000    14.4297    14.4297    -0.0000   4.297151   4.297115  -0.000028    35.5574    35.5572     5.5514    26.5263    26.5261    35.5574    26.5263    1505.84    1505.84    14.4296  1026.6142    35.7253 0.0000e+00
       3702 296.711877  -44.02854  -51.85871      0.584     767.41     20.000     19.839    14.4306    14.4309     0.0003    14.4277    14.4280     0.0003   4.297034   4.297051   0.000015    35.5576    35.5575     5.5410    26.5269    26.5267    35.5576    26.5269    1505.85    1505.85    14.4277  1026.6192    35.7254 0.0000e+00
       3746 296.711899  -44.02856  -51.85869      0.518    1547.77     21.000     20.830    14.4299    14.4300     0.0001    14.4268    14.4270     0.0001   4.297003   4.296991  -0.000010    35.5575    35.5573     5.5410    26.5270    26.5268    35.5575    26.5270    1505.86    1505.86    14.4269  1026.6237    35.7254 0.0000e+00
       3775 296.711913  -44.02856  -51.85866      0.744    1505.85     22.000     21.822    14.4257    14.4289     0.0031    14.4225    14.4256     0.0031   4.296535   4.296779   0.000259    35.5574    35.5570     5.5458    26.5278    26.5268    35.5566    26.5272    1505.86    1505.87    14.4225  1026.6284    35.7245 0.0000e+00
       3804 296.711927  -44.02856  -51.85866      0.847    1505.85     23.000     22.814    14.4192    14.4189    -0.0003    14.4158    14.4155    -0.0003   4.296126   4.296025  -0.000113    35.5585    35.5578     5.5352    26.5301    26.5296    35.5584    26.5300    1505.86    1505.86    14.4158  1026.6356    35.7263 0.0000e+00
       3841 296.711944  -44.02856  -51.85865      0.697    1505.85     24.000     23.803    14.4234    14.4238     0.0004    14.4199    14.4203     0.0004   4.296566   4.296600   0.000037    35.5579    35.5579     5.5227    26.5288    26.5287    35.5582    26.5290    1505.89    1505.89    14.4199  1026.6389    35.7260 0.0000e+00
       3890 296.711968  -44.02856  -51.85863      0.475    1505.85     25.000     24.801    14.4291    14.4288    -0.0003    14.4254    14.4251    -0.0003   4.297110   4.297057  -0.000052    35.5577    35.5574     5.5544    26.5274    26.5273    35.5576    26.5274    1505.92    1505.92    14.4254  1026.6418    35.7255 0.0000e+00
       3925 296.711985  -44.02856  -51.85860      0.629    1505.85     26.000     25.790    14.4266    14.4254    -0.0012    14.4227    14.4215    -0.0012   4.296901   4.296772  -0.000125    35.5576    35.5575     5.5515    26.5279    26.5281    35.5575    26.5279    1505.93    1505.93    14.4227  1026.6467    35.7254 0.0000e+00
       3950 296.711997  -44.02856  -51.85860      0.866    1505.85     27.000     26.781    14.4262    14.4249    -0.0013    14.4222    14.4209    -0.0013   4.296911   4.296791  -0.000125    35.5575    35.5575     5.5440    26.5280    26.5283    35.5576    26.5281    1505.95    1505.95    14.4222  1026.6513    35.7255 0.0000e+00
       3975 296.712009  -44.02856  -51.85859      0.986    1505.85     28.000     27.773    14.4284    14.4285     0.0001    14.4243    14.4244     0.0001   4.297198   4.297185  -0.000004    35.5576    35.5575     5.5586    26.5276    26.5275    35.5578    26.5278    1505.97    1505.97    14.4243  1026.6553    35.7256 0.0000e+00
       4024 296.712033  -44.02856  -51.85856      0.509    1505.85     29.000     28.765    14.4190    14.4194     0.0004    14.4147    14.4151     0.0004   4.296318   4.296303  -0.000021    35.5585    35.5579     5.5356    26.5303    26.5298    35.5579    26.5299    1505.96    1505.96    14.4147  1026.6619    35.7257 0.0000e+00
       4071 296.712055  -44.02856  -51.85855      0.492    1505.85     30.000     29.757    14.4148    14.4153     0.0005    14.4104    14.4109     0.0005   4.295965   4.295969   0.000014    35.5583    35.5580     5.5405    26.5311    26.5308    35.5580    26.5310    1505.96    1505.96    14.4104  1026.6674    35.7260 0.0000e+00
       4095 296.712067 -9.990e-29  -51.85854      0.826    1505.85     31.000     30.749    14.4132    14.4129    -0.0003    14.4087    14.4084    -0.0003   4.295812   4.295776  -0.000049    35.5581    35.5579     5.5553    26.5313    26.5312    35.5577    26.5310    1505.97    1505.97    14.4087  1026.6720    35.7257 0.0000e+00
       4120 296.712079 -9.990e-29  -51.85853      1.002    1505.85     32.000     31.741    14.4123    14.4126     0.0003    14.4076    14.4079     0.0003   4.295853   4.295854   0.000008    35.5585    35.5583     5.5555    26.5319    26.5317    35.5584    26.5319    1505.99    1505.99    14.4076  1026.6772    35.7264 0.0000e+00
       4159 296.712098  -44.02858  -51.85851      0.675    1505.85     33.000     32.733    14.4137    14.4143     0.0006    14.4088    14.4095     0.0006   4.296039   4.296083   0.000041    35.5586    35.5584     5.5340    26.5317    26.5314    35.5585    26.5316    1506.01    1506.01    14.4088  1026.6813    35.7264 0.0000e+00
       4206 296.712120  -44.02858  -51.85850      0.493    1505.85     34.000     33.724    14.4153    14.4148    -0.0005    14.4103    14.4098    -0.0005   4.296281   4.296162  -0.000086    35.5585    35.5581     5.5346    26.5313    26.5312    35.5588    26.5316    1506.03    1506.03    14.4103  1026.6856    35.7267 0.0000e+00
       4238 296.712136  -44.02858  -51.85848      0.696    1505.85     35.000     34.716    14.4244    14.4264     0.0020    14.4192    14.4212     0.0020   4.297151   4.297351   0.000150    35.5581    35.5577     5.5433    26.5291    26.5283    35.5581    26.5291    1506.08    1506.08    14.4193  1026.6875    35.7260 0.0000e+00
       4270 296.712152  -44.02858  -51.85847      0.755    1505.85     36.000     35.708    14.3968    14.4017     0.0048    14.3916    14.3964     0.0048   4.294513   4.294827   0.000353    35.5597    35.5585     5.5389    26.5363    26.5343    35.5586    26.5354    1506.01    1506.02    14.3915  1026.6983    35.7265 0.0000e+00
       4304 296.712168  -44.02858  -51.85844      0.706    1505.85     37.000     36.700    14.4002    14.4020     0.0018    14.3948    14.3965     0.0018   4.294883   4.295091   0.000158    35.5592    35.5591     5.5288    26.5352    26.5347    35.5585    26.5346    1506.03    1506.04    14.3948  1026.7019    35.7263 0.0000e+00
       4336 296.712183  -44.02858  -51.85843      0.745    1505.85     38.000     37.692    14.4018    14.4024     0.0005    14.3962    14.3968     0.0005   4.295127   4.295166   0.000031    35.5592    35.5590     5.5174    26.5349    26.5346    35.5588    26.5346    1506.05    1506.06    14.3962  1026.7063    35.7267 0.0000e+00
       4367 296.712198  -44.02858  -51.85842      0.779    1505.85     39.000     38.683    14.4011    14.4009    -0.0002    14.3953    14.3951    -0.0002   4.295067   4.294975  -0.000052    35.5592    35.5589     5.5193    26.5351    26.5349    35.5586    26.5346    1506.07    1506.07    14.3953  1026.7107    35.7265 0.0000e+00
       4402 296.712215 -9.990e-29  -51.85841      0.711    1505.85     40.000     39.675    14.3823    14.3811    -0.0012    14.3764    14.3752    -0.0012   4.293439   4.293287  -0.000166    35.5613    35.5609     5.5153    26.5408    26.5408    35.5603    26.5400    1506.03    1506.02    14.3764  1026.7206    35.7283 0.0000e+00
       4439 296.712233 -9.990e-29  -51.85839      0.638    1505.85     41.000     40.667    14.3802    14.3806     0.0004    14.3742    14.3746     0.0004   4.293335   4.293342   0.000007    35.5615    35.5612     5.5065    26.5414    26.5411    35.5609    26.5409    1506.04    1506.04    14.3742  1026.7259    35.7288 0.0000e+00
       4478 296.712251  -44.02860  -51.85837      0.629    1505.85     42.000     41.659    14.3743    14.3737    -0.0005    14.3681    14.3676    -0.0005   4.292698   4.292585  -0.000104    35.5610    35.5606     5.5047    26.5424    26.5421    35.5600    26.5416    1506.03    1506.03    14.3681  1026.7310    35.7279 0.0000e+00
       4514 296.712269  -44.02860  -51.85836      0.649    1505.85     43.000     42.650    14.3687    14.3690     0.0002    14.3624    14.3626     0.0002   4.292207   4.292236   0.000016    35.5608    35.5607     5.4905    26.5434    26.5433    35.5602    26.5429    1506.03    1506.03    14.3624  1026.7367    35.7281 0.0000e+00
       4548 296.712285  -44.02860  -51.85835      0.702    1505.85     44.000     43.642    14.3730    14.3737     0.0007    14.3665    14.3672     0.0007   4.292858   4.292892   0.000050    35.5618    35.5617     5.5029    26.5433    26.5430    35.5618    26.5433    1506.06    1506.07    14.3665  1026.7415    35.7297 0.0000e+00
       4580 296.712301  -44.02860  -51.85833      0.728    1505.85     45.000     44.634    14.3752    14.3765     0.0013    14.3685    14.3699     0.0013   4.293138   4.293278   0.000135    35.5622    35.5622     5.5006    26.5432    26.5429    35.5620    26.5430    1506.09    1506.09    14.3685  1026.7456    35.7299 0.0000e+00
       4610 296.712316  -44.02860  -51.85832      0.780    1505.85     46.000     45.626    14.3778    14.3782     0.0004    14.3710    14.3714     0.0004   4.293502   4.293505  -0.000005    35.5627    35.5623     5.5058    26.5431    26.5427    35.5626    26.5430    1506.11    1506.12    14.3710  1026.7499    35.7305 0.0000e+00
       4641 296.712330  -44.02860  -51.85830      0.812    1505.85     47.000     46.617    14.3766    14.3748    -0.0018    14.3697    14.3679    -0.0018   4.293463   4.293220  -0.000224    35.5632    35.5627     5.4945    26.5437    26.5437    35.5629    26.5435    1506.13    1506.12    14.3697  1026.7548    35.7308 0.0000e+00
       4685 296.712352  -44.02861  -51.85829      0.556    1505.85     48.000     47.607    14.3745    14.3754     0.0010    14.3674    14.3684     0.0010   4.293248   4.293355   0.000092    35.5626    35.5625     5.4924    26.5437    26.5435    35.5624    26.5436    1506.14    1506.14    14.3674  1026.7594    35.7303 0.0000e+00
       4733 296.712374  -44.02862  -51.85826      0.491    1505.85     49.000     48.604    14.3770    14.3775     0.0004    14.3698    14.3702     0.0004   4.293616   4.293629   0.000027    35.5630    35.5628     5.4953    26.5435    26.5433    35.5631    26.5436    1506.16    1506.16    14.3698  1026.7638    35.7310 0.0000e+00
       4764 296.712390  -44.02862  -51.85825      0.714    1505.85     50.000     49.593    14.3732    14.3721    -0.0011    14.3658    14.3647    -0.0011   4.293275   4.293049  -0.000211    35.5635    35.5626     5.4951    26.5447    26.5443    35.5630    26.5444    1506.17    1506.16    14.3658  1026.7690    35.7309 0.0000e+00
       4798 296.712406  -44.02862  -51.85824      0.739    1505.85     51.000     50.584    14.3707    14.3702    -0.0005    14.3632    14.3627    -0.0005   4.292981   4.292878  -0.000106    35.5625    35.5620     5.4986    26.5446    26.5443    35.5622    26.5443    1506.17    1506.17    14.3632  1026.7734    35.7301 0.0000e+00
       4846 296.712429  -44.02862  -51.85822      0.497    1505.85     52.000     51.576    14.3697    14.3696    -0.0001    14.3620    14.3620    -0.0001   4.292927   4.292877  -0.000050    35.5622    35.5617     5.4885    26.5446    26.5442    35.5622    26.5446    1506.19    1506.19    14.3620  1026.7780    35.7301 0.0000e+00
