Pos-Processados/teste_atual_pos-process-op41/Dados/doperantar_41_005MEPHY.cnv
* Sea-Bird SBE 9 Data File:
* FileName = C:\Users\Dell\Desktop\Operantar XLI\Raw\OP41005MEPHY.hdr
* Software Version Seasave V 7.26.7.110
* Temperature SN = 6497
* Conductivity SN = 4954
* Number of Bytes Per Scan = 31
* Number of Voltage Words = 2
* Number of Scans Averaged by the Deck Unit = 1
* NMEA Latitude = 38 39.42 S
* NMEA Longitude = 048 59.20 W
* NMEA UTC (Time) = Oct 18 2022 15:56:17
* NMEA baud rate = 4800
** H41
** Navio Polar Almirante Maximiano
** LH-021/2022
** Operantar XLI
** Número da Estação
** Latitude
** Longitude
** Data/Hora (Z)
** Profundidade local
** 09-1439
** Nome do Operador
# nquan = 30
# nvalues = 33                          
# units = specified
# name 0 = scan: Scan Count
# name 1 = timeJ: Julian Days
# name 2 = latitude: Latitude [deg]
# name 3 = longitude: Longitude [deg]
# name 4 = dz/dtM: Descent Rate [m/s]
# name 5 = avgsvCM: Average Sound Velocity [Chen-Millero, m/s]
# name 6 = prDM: Pressure, Digiquartz [db]
# name 7 = depSM: Depth [salt water, m]
# name 8 = t090C: Temperature [ITS-90, deg C]
# name 9 = t190C: Temperature, 2 [ITS-90, deg C]
# name 10 = T2-T190C: Temperature Difference, 2 - 1 [ITS-90, deg C]
# name 11 = potemp090C: Potential Temperature [ITS-90, deg C]
# name 12 = potemp190C: Potential Temperature, 2 [ITS-90, deg C]
# name 13 = potemp90Cdiff: Potential Temperature, Diff, 2 - 1 [ITS-90, deg C]
# name 14 = c0S/m: Conductivity [S/m]
# name 15 = c1S/m: Conductivity, 2 [S/m]
# name 16 = C2-C1S/m: Conductivity Difference, 2 - 1 [S/m]
# name 17 = sal00: Salinity, Practical [PSU]
# name 18 = sal11: Salinity, Practical, 2 [PSU]
# name 19 = sbeox0ML/L: Oxygen, SBE 43 [ml/l]
# name 20 = sigma-é00: Density [sigma-theta, kg/m^3]
# name 21 = sigma-é11: Density, 2 [sigma-theta, kg/m^3]
# name 22 = sal00: Salinity, Practical [PSU]
# name 23 = sigma-é00: Density [sigma-theta, kg/m^3]
# name 24 = svCM: Sound Velocity [Chen-Millero, m/s]
# name 25 = svCM1: Sound Velocity, 2 [Chen-Millero, m/s]
# name 26 = gsw_ptA0: potential temperature [ITS-90, deg C]
# name 27 = gsw_densityA0: density, TEOS-10 [density, kg/m^3]
# name 28 = gsw_saA0: Absolute Salinity [g/kg]
# name 29 = flag:
# span 0 =        621,       2982       
# span 1 = 291.664385, 291.665524       
# span 2 =  -38.65699,  -38.65694       
# span 3 =  -48.98736,  -48.98693       
# span 4 =      0.126,      0.897       
# span 5 =       0.00,    1538.47       
# span 6 =      4.000,     36.000       
# span 7 =      4.009,     35.702       
# span 8 =    14.2193,    14.7819       
# span 9 =    14.2151,    14.7818       
# span 10 =    -0.0060,     0.0258      
# span 11 =    14.2140,    14.7811      
# span 12 =    14.2099,    14.7810      
# span 13 =    -0.0060,     0.0258      
# span 14 =   4.251604,   4.296405      
# span 15 =   4.251233,   4.296396      
# span 16 =  -0.000655,   0.002433      
# span 17 =    35.2025,    35.3239      
# span 18 =    35.2097,    35.3245      
# span 19 =     5.4841,     5.7981      
# span 20 =    26.1768,    26.3922      
# span 21 =    26.1824,    26.3935      
# span 22 =    35.2027,    35.3233      
# span 23 =    26.1770,    26.3917      
# span 24 =    1505.16,    1506.34      
# span 25 =    1505.15,    1506.34      
# span 26 =    14.2140,    14.7811      
# span 27 =  1026.1989,  1026.5548      
# span 28 =    35.3688,    35.4900      
# span 29 = 0.0000e+00, 0.0000e+00      
# interval = decibars: 1                
# start_time = Oct 18 2022 15:56:17 [NMEA time, header]
# bad_flag = -9.990e-29
*END*
        621 291.664385  -38.65699  -48.98693      0.226       0.00      4.000      4.009    14.7782    14.7785     0.0002    14.7776    14.7779     0.0002   4.292233   4.293023   0.000816    35.2025    35.2097     5.4841    26.1768    26.1824    35.2027    26.1770    1506.28    1506.28    14.7776  1026.1989    35.3688 0.0000e+00
        728 291.664436  -38.65698  -48.98694      0.479       0.00      5.000      4.963    14.7819    14.7818    -0.0001    14.7811    14.7810    -0.0001   4.296405   4.296396  -0.000001    35.2370    35.2371     5.7291    26.2027    26.2028    35.2372    26.2029    1506.34    1506.34    14.7811  1026.2292    35.4035 0.0000e+00
        788 291.664465  -38.65698  -48.98696      0.422       0.00      6.000      5.958    14.7752    14.7693    -0.0060    14.7743    14.7684    -0.0060   4.295876   4.295198  -0.000655    35.2388    35.2382     5.6870    26.2056    26.2064    35.2380    26.2050    1506.34    1506.32    14.7743  1026.2357    35.4043 0.0000e+00
        822 291.664482  -38.65698  -48.98696      0.685       0.00      7.000      6.947    14.7650    14.7598    -0.0052    14.7640    14.7587    -0.0052   4.294887   4.294415  -0.000458    35.2383    35.2388     5.6827    26.2075    26.2090    35.2378    26.2071    1506.32    1506.31    14.7639  1026.2422    35.4041 0.0000e+00
        876 291.664508  -38.65698  -48.98697      0.430       0.00      8.000      7.940    14.7296    14.7294    -0.0001    14.7284    14.7282    -0.0001   4.291469   4.291326  -0.000202    35.2409    35.2392     5.6865    26.2172    26.2159    35.2381    26.2151    1506.23    1506.23    14.7284  1026.2546    35.4044 0.0000e+00
        931 291.664534  -38.65698  -48.98698      0.449       0.00      9.000      8.929    14.6755    14.6863     0.0108    14.6742    14.6849     0.0108   4.286193   4.286907   0.000723    35.2409    35.2378     5.7026    26.2290    26.2243    35.2383    26.2270    1506.07    1506.10    14.6742  1026.2709    35.4046 0.0000e+00
        989 291.664562  -38.65698 -9.990e-29      0.401       0.00     10.000      9.928    14.6622    14.6679     0.0057    14.6607    14.6664     0.0057   4.284716   4.285257   0.000515    35.2385    35.2380     5.7126    26.2301    26.2285    35.2364    26.2284    1506.04    1506.06    14.6607  1026.2768    35.4027 0.0000e+00
       1026 291.664580  -38.65698  -48.98700      0.613       0.00     11.000     10.917    14.6203    14.6461     0.0258    14.6186    14.6445     0.0258   4.280490   4.283143   0.002433    35.2400    35.2390     5.7081    26.2404    26.2340    35.2351    26.2366    1505.93    1506.01    14.6187  1026.2893    35.4014 0.0000e+00
       1062 291.664598  -38.65698  -48.98700      0.674       0.10     12.000     11.909    14.5910    14.6160     0.0250    14.5892    14.6142     0.0250   4.277899   4.279768   0.001896    35.2411    35.2359     5.7152    26.2476    26.2381    35.2375    26.2448    1505.85    1505.93    14.5892  1026.3019    35.4038 0.0000e+00
       1124 291.664627  -38.65698  -48.98702      0.368       0.00     13.000     12.899    14.5432    14.5479     0.0047    14.5413    14.5460     0.0047   4.272973   4.272999   0.000032    35.2394    35.2354     5.7284    26.2566    26.2525    35.2351    26.2533    1505.71    1505.72    14.5413  1026.3148    35.4013 0.0000e+00
       1193 291.664660  -38.65698  -48.98703      0.352       0.04     14.000     13.897    14.5057    14.5094     0.0037    14.5036    14.5074     0.0037   4.269405   4.269490   0.000111    35.2387    35.2364     5.7531    26.2642    26.2616    35.2358    26.2620    1505.61    1505.62    14.5037  1026.3280    35.4021 0.0000e+00
       1249 291.664687  -38.65698  -48.98704      0.441      -0.00     15.000     14.886    14.4944    14.4984     0.0040    14.4922    14.4962     0.0040   4.268231   4.268488   0.000246    35.2376    35.2362     5.7561    26.2658    26.2640    35.2349    26.2638    1505.59    1505.60    14.4922  1026.3341    35.4012 0.0000e+00
       1297 291.664710  -38.65698  -48.98705      0.501 3.1919e-20     16.000     15.877    14.4897    14.4916     0.0018    14.4874    14.4892     0.0018   4.267809   4.267832   0.000040    35.2368    35.2354     5.7798    26.2662    26.2648    35.2348    26.2648    1505.59    1505.60    14.4874  1026.3395    35.4011 0.0000e+00
       1347 291.664735  -38.65698  -48.98706      0.470       0.14     17.000     16.871    14.4822    14.4849     0.0026    14.4797    14.4824     0.0026   4.267100   4.267270   0.000187    35.2362    35.2356     5.7750    26.2675    26.2664    35.2347    26.2663    1505.58    1505.59    14.4797  1026.3455    35.4009 0.0000e+00
       1396 291.664758  -38.65698 -9.990e-29      0.496       0.00     18.000     17.865    14.4801    14.4784    -0.0017    14.4775    14.4758    -0.0017   4.266927   4.266672  -0.000233    35.2359    35.2353     5.7558    26.2677    26.2676    35.2346    26.2667    1505.59    1505.59    14.4775  1026.3503    35.4008 0.0000e+00
       1446 291.664783  -38.65698 -9.990e-29      0.469 9.2703e-14     19.000     18.856    14.4697    14.4714     0.0017    14.4669    14.4686     0.0017   4.265900   4.266007   0.000102    35.2357    35.2351     5.7706    26.2698    26.2690    35.2342    26.2686    1505.58    1505.58    14.4669  1026.3567    35.4004 0.0000e+00
       1488 291.664803  -38.65698 -9.990e-29      0.578     829.20     20.000     19.844    14.4575    14.4621     0.0045    14.4546    14.4591     0.0045   4.264694   4.265000   0.000276    35.2356    35.2340     5.7748    26.2724    26.2702    35.2337    26.2709    1505.55    1505.57    14.4546  1026.3634    35.4000 0.0000e+00
       1557 291.664836  -38.65698 -9.990e-29      0.302    1538.47     21.000     20.841    14.4398    14.4404     0.0006    14.4367    14.4373     0.0006   4.262981   4.262881  -0.000074    35.2349    35.2336     5.7837    26.2757    26.2746    35.2336    26.2747    1505.51    1505.51    14.4367  1026.3716    35.3999 0.0000e+00
       1609 291.664861  -38.65696 -9.990e-29      0.499    1505.56     22.000     21.833    14.4334    14.4328    -0.0006    14.4302    14.4296    -0.0006   4.262376   4.262258  -0.000111    35.2346    35.2342     5.7871    26.2769    26.2767    35.2334    26.2759    1505.51    1505.51    14.4302  1026.3772    35.3996 0.0000e+00
       1643 291.664877  -38.65696  -48.98712      0.697    1505.56     23.000     22.825    14.4292    14.4288    -0.0005    14.4259    14.4254    -0.0005   4.262022   4.261856  -0.000153    35.2347    35.2337     5.7802    26.2778    26.2772    35.2335    26.2770    1505.51    1505.51    14.4259  1026.3826    35.3998 0.0000e+00
       1687 291.664899  -38.65696  -48.98712      0.549    1505.56     24.000     23.817    14.4203    14.4234     0.0032    14.4167    14.4199     0.0032   4.261073   4.261334   0.000253    35.2337    35.2331     5.7908    26.2790    26.2779    35.2325    26.2782    1505.50    1505.51    14.4167  1026.3882    35.3988 0.0000e+00
       1729 291.664919  -38.65696  -48.98712      0.550    1505.56     25.000     24.810    14.4143    14.4162     0.0019    14.4106    14.4126     0.0019   4.260434   4.260588   0.000155    35.2326    35.2323     5.7903    26.2796    26.2789    35.2316    26.2788    1505.50    1505.50    14.4106  1026.3933    35.3979 0.0000e+00
       1765 291.664936  -38.65696  -48.98713      0.672    1505.56     26.000     25.802    14.4125    14.4133     0.0008    14.4087    14.4095     0.0008   4.260324   4.260304  -0.000008    35.2326    35.2318     5.7981    26.2800    26.2792    35.2318    26.2794    1505.51    1505.51    14.4087  1026.3983    35.3981 0.0000e+00
       1812 291.664959  -38.65696  -48.98714      0.513    1505.56     27.000     26.795    14.4095    14.4107     0.0012    14.4056    14.4067     0.0012   4.260119   4.260127   0.000001    35.2330    35.2319     5.7896    26.2809    26.2799    35.2322    26.2803    1505.51    1505.52    14.4056  1026.4037    35.3985 0.0000e+00
       1856 291.664980  -38.65696  -48.98714      0.536    1505.56     28.000     27.787    14.4068    14.4074     0.0006    14.4027    14.4033     0.0006   4.259943   4.259910  -0.000020    35.2332    35.2324     5.7890    26.2817    26.2810    35.2327    26.2813    1505.52    1505.52    14.4027  1026.4090    35.3989 0.0000e+00
       1894 291.664999  -38.65696  -48.98716      0.630    1505.56     29.000     28.779    14.4061    14.4062     0.0001    14.4019    14.4020     0.0001   4.259906   4.259853  -0.000051    35.2330    35.2325     5.7621    26.2817    26.2813    35.2325    26.2813    1505.54    1505.54    14.4019  1026.4135    35.3988 0.0000e+00
       1953 291.665027  -38.65696  -48.98716      0.363    1505.56     30.000     29.773    14.4036    14.4044     0.0008    14.3992    14.4000     0.0008   4.259747   4.259759   0.000012    35.2333    35.2327     5.7738    26.2825    26.2818    35.2329    26.2822    1505.55    1505.55    14.3992  1026.4188    35.3992 0.0000e+00
       1993 291.665046  -38.65696 -9.990e-29      0.580    1505.56     31.000     30.764    14.4044    14.4046     0.0002    14.3998    14.4000     0.0002   4.259929   4.259894  -0.000027    35.2338    35.2334     5.7533    26.2828    26.2824    35.2335    26.2826    1505.57    1505.57    14.3998  1026.4235    35.3998 0.0000e+00
       2018 291.665058  -38.65696 -9.990e-29      0.854    1505.56     32.000     31.756    14.4016    14.3980    -0.0035    14.3969    14.3933    -0.0035   4.259857   4.259564  -0.000279    35.2353    35.2359     5.7708    26.2846    26.2858    35.2350    26.2843    1505.57    1505.56    14.3969  1026.4297    35.4013 0.0000e+00
       2046 291.665072  -38.65696  -48.98720      0.897    1505.56     33.000     32.749    14.3977    14.3995     0.0018    14.3929    14.3947     0.0018   4.259654   4.259667   0.000007    35.2367    35.2351     5.7811    26.2865    26.2848    35.2362    26.2861    1505.58    1505.59    14.3929  1026.4359    35.4025 0.0000e+00
       2089 291.665092  -38.65696  -48.98718      0.590    1505.56     34.000     33.741    14.3913    14.3943     0.0030    14.3863    14.3893     0.0030   4.259347   4.259405   0.000064    35.2393    35.2371     5.7791    26.2899    26.2876    35.2388    26.2895    1505.58    1505.59    14.3863  1026.4438    35.4051 0.0000e+00
       2278 291.665184  -38.65696  -48.98723      0.321    1505.56     35.000     34.729    14.3328    14.3324    -0.0004    14.3277    14.3272    -0.0004   4.256816   4.256740  -0.000070    35.2694    35.2692     5.6802    26.3258    26.3256    35.2683    26.3249    1505.44    1505.44    14.3277  1026.4836    35.4348 0.0000e+00
       2982 291.665524  -38.65694  -48.98736      0.126    1505.56     36.000     35.702    14.2193    14.2151    -0.0042    14.2140    14.2099    -0.0042   4.251604   4.251233  -0.000348    35.3239    35.3245     5.5113    26.3922    26.3935    35.3233    26.3917    1505.16    1505.15    14.2140  1026.5548    35.4900 0.0000e+00
