Pos-Processados/teste_atual_pos-process-op41/Dados/doperantar_41_007.cnv
* Sea-Bird SBE 9 Data File:
* FileName = C:\Users\Dell\Desktop\OperantarXLI\config\00_BRUTOS\OP41007.hdr
* Software Version Seasave V 7.26.7.110
* Temperature SN = 6497
* Conductivity SN = 4954
* Number of Bytes Per Scan = 31
* Number of Voltage Words = 2
* Number of Scans Averaged by the Deck Unit = 1
* NMEA Latitude = 42 10.83 S
* NMEA Longitude = 052 56.87 W
* NMEA UTC (Time) = Oct 22 2022 04:55:15
* NMEA baud rate = 4800
** H41
** Navio Polar Almirante Maximiano
** LH-021/2022
** Operantar XLI
** Número da Estação 007
** Latitude 42 10.857'S
** Longitude 052 56.879W
** Data/Hora (Z) 22/10/2022 0455Z
** Profundidade local 5627 m
** 09-1439
** Nome do Operador 1T FILIPE LOPES
# nquan = 30
# nvalues = 1017                        
# units = specified
# name 0 = scan: Scan Count
# name 1 = timeJ: Julian Days
# name 2 = latitude: Latitude [deg]
# name 3 = longitude: Longitude [deg]
# name 4 = dz/dtM: Descent Rate [m/s]
# name 5 = avgsvCM: Average Sound Velocity [Chen-Millero, m/s]
# name 6 = prDM: Pressure, Digiquartz [db]
# name 7 = depSM: Depth [salt water, m]
# name 8 = t090C: Temperature [ITS-90, deg C]
# name 9 = t190C: Temperature, 2 [ITS-90, deg C]
# name 10 = T2-T190C: Temperature Difference, 2 - 1 [ITS-90, deg C]
# name 11 = potemp090C: Potential Temperature [ITS-90, deg C]
# name 12 = potemp190C: Potential Temperature, 2 [ITS-90, deg C]
# name 13 = potemp90Cdiff: Potential Temperature, Diff, 2 - 1 [ITS-90, deg C]
# name 14 = c0S/m: Conductivity [S/m]
# name 15 = c1S/m: Conductivity, 2 [S/m]
# name 16 = C2-C1S/m: Conductivity Difference, 2 - 1 [S/m]
# name 17 = sal00: Salinity, Practical [PSU]
# name 18 = sal11: Salinity, Practical, 2 [PSU]
# name 19 = sbeox0ML/L: Oxygen, SBE 43 [ml/l]
# name 20 = sigma-é00: Density [sigma-theta, kg/m^3]
# name 21 = sigma-é11: Density, 2 [sigma-theta, kg/m^3]
# name 22 = sal00: Salinity, Practical [PSU]
# name 23 = sigma-é00: Density [sigma-theta, kg/m^3]
# name 24 = svCM: Sound Velocity [Chen-Millero, m/s]
# name 25 = svCM1: Sound Velocity, 2 [Chen-Millero, m/s]
# name 26 = gsw_ptA0: potential temperature [ITS-90, deg C]
# name 27 = gsw_densityA0: density, TEOS-10 [density, kg/m^3]
# name 28 = gsw_saA0: Absolute Salinity [g/kg]
# name 29 = flag:
# span 0 =       1898,      29047       
# span 1 = 295.205950, 295.219042       
# span 2 =  -42.18026,  -42.17480       
# span 3 =  -52.94752,  -52.66724       
# span 4 =      0.001,      1.475       
# span 5 =       0.00,    1496.18       
# span 6 =      2.000,   1018.000       
# span 7 =      1.979,   1007.533       
# span 8 =     2.9212,    11.8539       
# span 9 =     2.9223,    11.8537       
# span 10 =    -0.0169,     0.0109      
# span 11 =     2.8527,    11.8515      
# span 12 =     2.8538,    11.8512      
# span 13 =    -0.0169,     0.0109      
# span 14 =   3.155305,   3.948582      
# span 15 =   3.155305,   3.947118      
# span 16 =  -0.002459,   0.000974      
# span 17 =    34.1332,    34.6983      
# span 18 =    34.1332,    34.6989      
# span 19 =     4.1492,     6.2863      
# span 20 =    26.3162,    27.4245      
# span 21 =    26.3163,    27.4242      
# span 22 =    33.8549,    34.6939      
# span 23 =    25.7297,    27.4244      
# span 24 =    1472.82,    1496.20      
# span 25 =    1472.82,    1496.20      
# span 26 =     2.8526,    11.8515      
# span 27 =  1021.7887,  1032.1427      
# span 28 =    28.8851,    34.9834      
# span 29 = 0.0000e+00, 0.0000e+00      
# interval = decibars: 1                
# start_time = Oct 22 2022 04:55:15 [NMEA time, header]
# bad_flag = -9.990e-29
*END*
[from data line 194]
       7389 295.208597  -42.17924  -52.94668      0.837    1480.69    196.000    194.367     5.1547     5.1554     0.0007     5.1394     5.1401     0.0007   3.294420   3.294510   0.000081    34.1471    34.1473     6.1659    26.9830    26.9831    34.1457    26.9819    1473.48    1473.48     5.1394  1027.8879    34.3073 0.0000e+00
       7409 295.208607  -42.17924  -52.94667      1.012    1480.69    197.000    195.358     5.1573     5.1587     0.0014     5.1419     5.1433     0.0014   3.294978   3.295160   0.000184    34.1483    34.1490     6.1541    26.9836    26.9840    34.1491    26.9842    1473.51    1473.52     5.1418  1027.8947    34.3105 0.0000e+00
       7427 295.208616 -9.990e-29  -52.94666      1.194    1480.69    198.000    196.350     5.1684     5.1690     0.0006     5.1529     5.1536     0.0006   3.296056   3.296150   0.000091    34.1498    34.1502     6.1491    26.9836    26.9838    34.1495    26.9833    1473.58    1473.58     5.1529  1027.8983    34.3109 0.0000e+00
       7445 295.208625 -9.990e-29  -52.94666      1.330    1480.69    199.000    197.341     5.1594     5.1604     0.0010     5.1439     5.1448     0.0010   3.294623   3.294563  -0.000006    34.1482    34.1471     6.1556    26.9833    26.9823    34.1417    26.9782    1473.54    1473.55     5.1438  1027.8978    34.3031 0.0000e+00
       7462 295.208633 -9.990e-29  -52.94666      1.387    1480.69    200.000    198.332     5.0997     5.1005     0.0008     5.0842     5.0850     0.0008   3.289079   3.289048  -0.000078    34.1442    34.1425     6.1679    26.9871    26.9856    34.1384    26.9825    1473.31    1473.32     5.0841  1027.9070    34.2998 0.0000e+00
       7486 295.208644  -42.17922  -52.94666      1.227    1480.69    201.000    199.323     5.0762     5.0775     0.0013     5.0606     5.0619     0.0013   3.287061   3.287114   0.000048    34.1424    34.1416     6.1647    26.9884    26.9876    34.1387    26.9854    1473.24    1473.24     5.0606  1027.9147    34.3000 0.0000e+00
       7532 295.208667  -42.17922  -52.94665      0.452    1480.69    202.000    200.314     5.0726     5.0736     0.0011     5.0569     5.0580     0.0011   3.286877   3.286983   0.000108    34.1420    34.1422     6.1430    26.9884    26.9885    34.1397    26.9867    1473.24    1473.24     5.0569  1027.9208    34.3013 0.0000e+00
       7563 295.208682  -42.17920  -52.94664      0.667    1480.69    203.000    201.306     5.0669     5.0672     0.0004     5.0512     5.0515     0.0004   3.286383   3.286388   0.000014    34.1415    34.1413     6.1700    26.9888    26.9885    34.1394    26.9870    1473.23    1473.23     5.0511  1027.9257    34.3009 0.0000e+00
       7583 295.208691  -42.17920  -52.94664      0.979    1480.69    204.000    202.297     5.0661     5.0662     0.0001     5.0503     5.0504     0.0001   3.286389   3.286412   0.000014    34.1418    34.1419     6.1927    26.9891    26.9891    34.1397    26.9874    1473.25    1473.25     5.0502  1027.9308    34.3013 0.0000e+00
       7602 295.208700  -42.17920  -52.94664      1.209    1480.69    205.000    203.288     5.0625     5.0629     0.0004     5.0467     5.0470     0.0004   3.286102   3.286108   0.000012    34.1417    34.1415     6.1928    26.9894    26.9892    34.1395    26.9877    1473.25    1473.25     5.0466  1027.9356    34.3011 0.0000e+00
       7623 295.208710  -42.17920  -52.94664      1.232    1480.69    206.000    204.279     5.0515     5.0522     0.0006     5.0356     5.0363     0.0006   3.285034   3.285070   0.000037    34.1406    34.1404     6.1878    26.9898    26.9896    34.1379    26.9877    1473.22    1473.22     5.0356  1027.9403    34.2995 0.0000e+00
       7653 295.208725  -42.17920  -52.94663      0.901    1480.69    207.000    205.270     5.0445     5.0450     0.0005     5.0285     5.0290     0.0005   3.284542   3.284560   0.000019    34.1407    34.1404     6.1728    26.9907    26.9904    34.1389    26.9893    1473.21    1473.21     5.0285  1027.9465    34.3005 0.0000e+00
       7684 295.208740  -42.17918  -52.94662      0.744    1480.69    208.000    206.262     5.0434     5.0438     0.0004     5.0273     5.0277     0.0004   3.284470   3.284514   0.000043    34.1402    34.1403     6.1600    26.9905    26.9905    34.1387    26.9893    1473.22    1473.22     5.0273  1027.9512    34.3003 0.0000e+00
       7709 295.208752  -42.17918  -52.94662      0.889    1480.69    209.000    207.252     5.0427     5.0430     0.0003     5.0265     5.0269     0.0003   3.284456   3.284487   0.000035    34.1401    34.1401     6.1740    26.9904    26.9905    34.1388    26.9894    1473.23    1473.23     5.0264  1027.9564    34.3010 0.0000e+00
       7729 295.208761 -9.990e-29 -9.990e-29      1.070    1480.69    210.000    208.243     5.0422     5.0426     0.0003     5.0260     5.0264     0.0003   3.284498   3.284533   0.000033    34.1403    34.1403     6.1801    26.9907    26.9907    34.1392    26.9898    1473.25    1473.25     5.0259  1027.9616    34.3017 0.0000e+00
       7748 295.208771 -9.990e-29 -9.990e-29      1.203    1480.69    211.000    209.235     5.0397     5.0398     0.0001     5.0234     5.0235     0.0001   3.284218   3.284209   0.000002    34.1397    34.1396     6.1838    26.9904    26.9904    34.1380    26.9892    1473.25    1473.25     5.0234  1027.9656    34.3005 0.0000e+00
       7771 295.208782 -9.990e-29 -9.990e-29      1.157    1480.69    212.000    210.226     5.0309     5.0311     0.0002     5.0146     5.0147     0.0002   3.283343   3.283334  -0.000015    34.1385    34.1382     6.1925    26.9905    26.9903    34.1364    26.9889    1473.23    1473.23     5.0145  1027.9700    34.2989 0.0000e+00
       7799 295.208795 -9.990e-29 -9.990e-29      0.935    1480.69    213.000    211.217     5.0247     5.0249     0.0002     5.0083     5.0085     0.0002   3.282910   3.282909   0.000004    34.1385    34.1383     6.1906    26.9913    26.9911    34.1372    26.9903    1473.22    1473.22     5.0083  1027.9760    34.2997 0.0000e+00
       7828 295.208809 -9.990e-29 -9.990e-29      0.819    1480.69    214.000    212.208     5.0192     5.0193     0.0000     5.0027     5.0028     0.0000   3.282354   3.282327  -0.000029    34.1380    34.1376     6.1935    26.9915    26.9912    34.1359    26.9899    1473.21    1473.21     5.0027  1027.9803    34.2984 0.0000e+00
       7855 295.208822 -9.990e-29 -9.990e-29      0.862    1480.69    215.000    213.199     5.0123     5.0127     0.0004     4.9957     4.9961     0.0004   3.281878   3.281927   0.000047    34.1378    34.1379     6.1944    26.9922    26.9922    34.1370    26.9915    1473.20    1473.20     4.9957  1027.9866    34.2995 0.0000e+00
       7881 295.208835 -9.990e-29 -9.990e-29      0.915    1480.69    216.000    214.190     5.0145     5.0148     0.0003     4.9979     4.9982     0.0003   3.282212   3.282256   0.000044    34.1390    34.1392     6.1862    26.9929    26.9930    34.1381    26.9921    1473.23    1473.23     4.9978  1027.9917    34.3005 0.0000e+00
       7908 295.208848  -42.17914  -52.94658      0.903    1480.69    217.000    215.181     5.0138     5.0141     0.0002     4.9971     4.9973     0.0002   3.282328   3.282325 -8.248e-07    34.1405    34.1403     6.1913    26.9942    26.9940    34.1396    26.9934    1473.25    1473.25     4.9971  1027.9972    34.3015 0.0000e+00
       7935 295.208861  -42.17914  -52.94658      0.885    1480.69    218.000    216.172     5.0112     5.0115     0.0003     4.9944     4.9947     0.0003   3.282370   3.282390   0.000021    34.1430    34.1430     6.1843    26.9964    26.9963    34.1423    26.9959    1473.25    1473.26     4.9944  1028.0040    34.3038 0.0000e+00
       7961 295.208873  -42.17913  -52.94657      0.907    1480.69    219.000    217.163     5.0088     5.0088     0.0000     4.9919     4.9920     0.0000   3.282175   3.282160  -0.000016    34.1433    34.1430     6.1667    26.9969    26.9967    34.1420    26.9959    1473.26    1473.26     4.9919  1028.0087    34.3036 0.0000e+00
       7984 295.208884  -42.17912  -52.94656      0.984    1480.69    220.000    218.155     4.9971     4.9971     0.0001     4.9801     4.9802     0.0001   3.281047   3.281018  -0.000029    34.1427    34.1423     6.1652    26.9978    26.9975    34.1404    26.9960    1473.23    1473.23     4.9801  1028.0134    34.3020 0.0000e+00
       8005 295.208895  -42.17912  -52.94656      1.074    1480.69    221.000    219.146     4.9811     4.9821     0.0010     4.9642     4.9652     0.0010   3.279601   3.279648   0.000049    34.1418    34.1414     6.1584    26.9990    26.9985    34.1395    26.9971    1473.18    1473.18     4.9641  1028.0193    34.3011 0.0000e+00
       8027 295.208905  -42.17912  -52.94656      1.109    1480.69    222.000    220.137     4.9741     4.9733    -0.0008     4.9570     4.9563    -0.0008   3.278948   3.278853  -0.000088    34.1409    34.1407     6.1500    26.9991    26.9990    34.1387    26.9973    1473.17    1473.16     4.9570  1028.0240    34.3002 0.0000e+00
       8053 295.208918  -42.17910  -52.94656      1.022    1480.69    223.000    221.128     4.9560     4.9554    -0.0006     4.9389     4.9384    -0.0006   3.277130   3.276998  -0.000120    34.1391    34.1383     6.1525    26.9997    26.9991    34.1356    26.9969    1473.10    1473.10     4.9389  1028.0284    34.2972 0.0000e+00
       8082 295.208932  -42.17910  -52.94656      0.850    1480.69    224.000    222.119     4.9338     4.9339     0.0000     4.9167     4.9167     0.0000   3.275155   3.275133  -0.000023    34.1376    34.1373     6.1612    27.0010    27.0008    34.1350    26.9990    1473.03    1473.03     4.9166  1028.0352    34.2966 0.0000e+00
       8108 295.208944  -42.17910  -52.94655      0.851    1480.69    225.000    223.110     4.9239     4.9235    -0.0005     4.9067     4.9063    -0.0005   3.274164   3.274083  -0.000096    34.1363    34.1357     6.1692    27.0012    27.0007    34.1332    26.9986    1473.00    1473.00     4.9067  1028.0395    34.2947 0.0000e+00
       8130 295.208955  -42.17910  -52.94654      0.997    1480.69    226.000    224.101     4.9117     4.9120     0.0003     4.8944     4.8948     0.0003   3.272997   3.273016   0.000013    34.1353    34.1351     6.1904    27.0017    27.0015    34.1317    26.9988    1472.97    1472.97     4.8944  1028.0444    34.2932 0.0000e+00
       8150 295.208965  -42.17910  -52.94654      1.134    1480.69    227.000    225.092     4.8988     4.8993     0.0005     4.8815     4.8820     0.0005   3.271888   3.271912   0.000024    34.1344    34.1342     6.2067    27.0025    27.0022    34.1316    27.0003    1472.93    1472.93     4.8814  1028.0505    34.2932 0.0000e+00
       8175 295.208976  -42.17909  -52.94654      1.097    1480.69    228.000    226.083     4.8956     4.8962     0.0007     4.8782     4.8789     0.0007   3.271662   3.271734   0.000070    34.1341    34.1343     6.2143    27.0026    27.0027    34.1317    27.0007    1472.93    1472.94     4.8781  1028.0556    34.2933 0.0000e+00
       8209 295.208993  -42.17908  -52.94654      0.748    1480.69    229.000    227.074     4.8933     4.8937     0.0004     4.8759     4.8763     0.0004   3.271534   3.271564   0.000034    34.1340    34.1340     6.2170    27.0028    27.0027    34.1321    27.0012    1472.94    1472.94     4.8758  1028.0606    34.2935 0.0000e+00
       8246 295.209011  -42.17907 -9.990e-29      0.641    1480.69    230.000    228.065     4.8861     4.8865     0.0003     4.8686     4.8689     0.0003   3.270905   3.270927   0.000016    34.1335    34.1334     6.2099    27.0032    27.0031    34.1316    27.0017    1472.93    1472.93     4.8686  1028.0657    34.2930 0.0000e+00
       8276 295.209025  -42.17906 -9.990e-29      0.763    1480.69    231.000    229.056     4.8823     4.8828     0.0005     4.8647     4.8652     0.0005   3.270603   3.270647   0.000047    34.1332    34.1332     6.2113    27.0034    27.0033    34.1316    27.0021    1472.93    1472.93     4.8646  1028.0708    34.2929 0.0000e+00
       8300 295.209037  -42.17906  -52.94650      0.910    1480.69    232.000    230.047     4.8821     4.8820    -0.0002     4.8645     4.8643    -0.0002   3.270696   3.270688  -0.000009    34.1335    34.1335     6.2135    27.0037    27.0037    34.1323    27.0027    1472.95    1472.94     4.8644  1028.0760    34.2937 0.0000e+00
       8321 295.209047  -42.17906  -52.94650      1.054    1480.69    233.000    231.038     4.8830     4.8833     0.0003     4.8653     4.8656     0.0003   3.270869   3.270919   0.000049    34.1338    34.1340     6.2111    27.0038    27.0039    34.1329    27.0031    1472.97    1472.97     4.8652  1028.0811    34.2944 0.0000e+00
       8339 295.209056  -42.17906  -52.94650      1.195    1480.69    234.000    232.029     4.8837     4.8840     0.0003     4.8659     4.8661     0.0003   3.271005   3.271041   0.000045    34.1339    34.1341     6.2115    27.0038    27.0040    34.1332    27.0033    1472.98    1472.99     4.8658  1028.0859    34.2948 0.0000e+00
       8356 295.209064  -42.17906  -52.94650      1.314    1480.69    235.000    233.020     4.8869     4.8863    -0.0006     4.8690     4.8684    -0.0006   3.271419   3.271358  -0.000058    34.1345    34.1344     6.2148    27.0039    27.0040    34.1342    27.0037    1473.02    1473.01     4.8690  1028.0909    34.2957 0.0000e+00
       8374 295.209073  -42.17906  -52.94650      1.380    1480.69    236.000    234.011     4.8972     4.8959    -0.0014     4.8792     4.8779    -0.0014   3.272618   3.272558  -0.000078    34.1361    34.1366     6.2180    27.0041    27.0046    34.1370    27.0048    1473.08    1473.07     4.8792  1028.0965    34.2985 0.0000e+00
       8394 295.209082  -42.17906  -52.94650      1.320    1480.69    237.000    235.002     4.9110     4.9113     0.0003     4.8928     4.8932     0.0003   3.274190   3.274308   0.000103    34.1385    34.1393     6.2206    27.0044    27.0050    34.1406    27.0061    1473.15    1473.16     4.8928  1028.1023    34.3022 0.0000e+00
       8436 295.209102  -42.17904 -9.990e-29      0.671    1480.69    238.000    235.993     4.9269     4.9274     0.0005     4.9087     4.9092     0.0005   3.275808   3.275854   0.000058    34.1417    34.1418     6.1935    27.0051    27.0052    34.1424    27.0057    1473.24    1473.24     4.9087  1028.1064    34.3038 0.0000e+00
       8486 295.209126  -42.17903 -9.990e-29      0.461    1480.69    239.000    236.984     4.9350     4.9348    -0.0002     4.9167     4.9165    -0.0002   3.276783   3.276812   0.000025    34.1435    34.1440     6.1396    27.0057    27.0061    34.1449    27.0068    1473.29    1473.29     4.9166  1028.1120    34.3064 0.0000e+00
       8515 295.209141  -42.17901  -52.94648      0.724    1480.69    240.000    237.976     4.9448     4.9448     0.0000     4.9264     4.9264     0.0000   3.277804   3.277827   0.000021    34.1453    34.1455     6.1300    27.0060    27.0062    34.1462    27.0067    1473.35    1473.35     4.9263  1028.1164    34.3075 0.0000e+00
       8536 295.209151 -9.990e-29  -52.94647      0.965    1480.69    241.000    238.966     4.9431     4.9432     0.0001     4.9246     4.9247     0.0001   3.277714   3.277728   0.000014    34.1460    34.1461     6.1251    27.0068    27.0068    34.1464    27.0071    1473.36    1473.36     4.9245  1028.1214    34.3077 0.0000e+00
       8554 295.209160 -9.990e-29  -52.94646      1.176    1480.69    242.000    239.957     4.9388     4.9389     0.0001     4.9202     4.9203     0.0001   3.277385   3.277413   0.000025    34.1463    34.1465     6.1131    27.0075    27.0076    34.1464    27.0076    1473.36    1473.36     4.9202  1028.1265    34.3078 0.0000e+00
