Pos-Processados/teste_atual_pos-process-op41/Dados/doperantar_41_007.cnv
* Sea-Bird SBE 9 Data File:
* FileName = C:\Users\Dell\Desktop\OperantarXLI\config\00_BRUTOS\OP41007.hdr
* Software Version Seasave V 7.26.7.110
* Temperature SN = 6497
* Conductivity SN = 4954
* Number of Bytes Per Scan = 31
* Number of Voltage Words = 2
* Number of Scans Averaged by the Deck Unit = 1
* NMEA Latitude = 42 10.83 S
* NMEA Longitude = 052 56.87 W
* NMEA UTC (Time) = Oct 22 2022 04:55:15
* NMEA baud rate = 4800
** H41
** Navio Polar Almirante Maximiano
** LH-021/2022
** Operantar XLI
** Número da Estação 007
** Latitude 42 10.857'S
** Longitude 052 56.879W
** Data/Hora (Z) 22/10/2022 0455Z
** Profundidade local 5627 m
** 09-1439
** Nome do Operador 1T FILIPE LOPES
# nquan = 30
# nvalues = 1017                        
# units = specified
# name 0 = scan: Scan Count
# name 1 = timeJ: Julian Days
# name 2 = latitude: Latitude [deg]
# name 3 = longitude: Longitude [deg]
# name 4 = dz/dtM: Descent Rate [m/s]
# name 5 = avgsvCM: Average Sound Velocity [Chen-Millero, m/s]
# name 6 = prDM: Pressure, Digiquartz [db]
# name 7 = depSM: Depth [salt water, m]
# name 8 = t090C: Temperature [ITS-90, deg C]
# name 9 = t190C: Temperature, 2 [ITS-90, deg C]
# name 10 = T2-T190C: Temperature Difference, 2 - 1 [ITS-90, deg C]
# name 11 = potemp090C: Potential Temperature [ITS-90, deg C]
# name 12 = potemp190C: Potential Temperature, 2 [ITS-90, deg C]
# name 13 = potemp90Cdiff: Potential Temperature, Diff, 2 - 1 [ITS-90, deg C]
# name 14 = c0S/m: Conductivity [S/m]
# name 15 = c1S/m: Conductivity, 2 [S/m]
# name 16 = C2-C1S/m: Conductivity Difference, 2 - 1 [S/m]
# name 17 = sal00: Salinity, Practical [PSU]
# name 18 = sal11: Salinity, Practical, 2 [PSU]
# name 19 = sbeox0ML/L: Oxygen, SBE 43 [ml/l]
# name 20 = sigma-é00: Density [sigma-theta, kg/m^3]
# name 21 = sigma-é11: Density, 2 [sigma-theta, kg/m^3]
# name 22 = sal00: Salinity, Practical [PSU]
# name 23 = sigma-é00: Density [sigma-theta, kg/m^3]
# name 24 = svCM: Sound Velocity [Chen-Millero, m/s]
# name 25 = svCM1: Sound Velocity, 2 [Chen-Millero, m/s]
# name 26 = gsw_ptA0: potential temperature [ITS-90, deg C]
# name 27 = gsw_densityA0: density, TEOS-10 [density, kg/m^3]
# name 28 = gsw_saA0: Absolute Salinity [g/kg]
# name 29 = flag:
# span 0 =       1898,      29047       
# span 1 = 295.205950, 295.219042       
# span 2 =  -42.18026,  -42.17480       
# span 3 =  -52.94752,  -52.66724       
# span 4 =      0.001,      1.475       
# span 5 =       0.00,    1496.18       
# span 6 =      2.000,   1018.000       
# span 7 =      1.979,   1007.533       
# span 8 =     2.9212,    11.8539       
# span 9 =     2.9223,    11.8537       
# span 10 =    -0.0169,     0.0109      
# span 11 =     2.8527,    11.8515      
# span 12 =     2.8538,    11.8512      
# span 13 =    -0.0169,     0.0109      
# span 14 =   3.155305,   3.948582      
# span 15 =   3.155305,   3.947118      
# span 16 =  -0.002459,   0.000974      
# span 17 =    34.1332,    34.6983      
# span 18 =    34.1332,    34.6989      
# span 19 =     4.1492,     6.2863      
# span 20 =    26.3162,    27.4245      
# span 21 =    26.3163,    27.4242      
# span 22 =    33.8549,    34.6939      
# span 23 =    25.7297,    27.4244      
# span 24 =    1472.82,    1496.20      
# span 25 =    1472.82,    1496.20      
# span 26 =     2.8526,    11.8515      
# span 27 =  1021.7887,  1032.1427      
# span 28 =    28.8851,    34.9834      
# span 29 = 0.0000e+00, 0.0000e+00      
# interval = decibars: 1                
# start_time = Oct 22 2022 04:55:15 [NMEA time, header]
# bad_flag = -9.990e-29
*END*
[from data line 677]
      19878 295.214620  -42.17666  -52.94468      0.796    1475.29    679.000    672.561     3.4494     3.4493    -0.0001     3.4029     3.4028    -0.0001   3.173544   3.173583   0.000041    34.2405    34.2411     4.9682    27.2412    27.2417    34.2407    27.2414    1474.47    1474.47     3.4028  1030.3911    34.4040 0.0000e+00
      19895 295.214629  -42.17666  -52.94468      1.160    1475.29    680.000    673.550     3.4509     3.4507    -0.0002     3.4043     3.4041    -0.0002   3.173766   3.173800   0.000032    34.2410    34.2416     4.9793    27.2415    27.2420    34.2412    27.2417    1474.49    1474.49     3.4042  1030.3960    34.4046 0.0000e+00
      19912 295.214637 -9.990e-29  -52.94468      1.361    1475.29    681.000    674.539     3.4522     3.4520    -0.0002     3.4055     3.4053    -0.0002   3.174018   3.174070   0.000053    34.2415    34.2424     4.9837    27.2418    27.2425    34.2424    27.2425    1474.52    1474.52     3.4054  1030.4001    34.4042 0.0000e+00
      19929 295.214645 -9.990e-29  -52.94468      1.414    1475.29    682.000    675.528     3.4673     3.4667    -0.0006     3.4205     3.4199    -0.0006   3.175857   3.175903   0.000054    34.2450    34.2463     4.9794    27.2432    27.2443    34.2480    27.2455    1474.61    1474.60     3.4204  1030.4075    34.4098 0.0000e+00
      19950 295.214655 -9.990e-29  -52.94466      1.320    1475.29    683.000    676.517     3.4761     3.4763     0.0002     3.4291     3.4293     0.0002   3.176568   3.176650   0.000073    34.2459    34.2465     4.9742    27.2431    27.2435    34.2468    27.2438    1474.66    1474.66     3.4290  1030.4102    34.4087 0.0000e+00
      19990 295.214675  -42.17664  -52.94466      0.670    1475.29    684.000    677.506     3.4778     3.4788     0.0010     3.4307     3.4318     0.0010   3.176842   3.176977   0.000135    34.2470    34.2475     4.9592    27.2437    27.2440    34.2478    27.2444    1474.68    1474.69     3.4306  1030.4156    34.4099 0.0000e+00
      20029 295.214693  -42.17664  -52.94466      0.569    1475.29    685.000    678.495     3.4820     3.4819    -0.0001     3.4349     3.4348    -0.0001   3.177316   3.177319   0.000007    34.2474    34.2476     4.9342    27.2437    27.2438    34.2485    27.2445    1474.72    1474.72     3.4348  1030.4213    34.4120 0.0000e+00
      20053 295.214705  -42.17664  -52.94466      0.848    1475.29    686.000    679.484     3.4961     3.4962     0.0002     3.4488     3.4489     0.0001   3.178961   3.179079   0.000115    34.2505    34.2517     4.9398    27.2448    27.2458    34.2529    27.2468    1474.80    1474.80     3.4487  1030.4278    34.4164 0.0000e+00
      20072 295.214714  -42.17662  -52.94466      1.079    1475.29    687.000    680.472     3.5005     3.5003    -0.0003     3.4531     3.4529    -0.0003   3.179394   3.179430   0.000038    34.2517    34.2524     4.9438    27.2454    27.2459    34.2530    27.2464    1474.83    1474.83     3.4530  1030.4319    34.4164 0.0000e+00
      20090 295.214723  -42.17662  -52.94464      1.275    1475.29    688.000    681.461     3.5026     3.5022    -0.0004     3.4551     3.4547    -0.0004   3.179730   3.179738   0.000010    34.2529    34.2534     4.9361    27.2461    27.2465    34.2543    27.2472    1474.86    1474.86     3.4550  1030.4373    34.4177 0.0000e+00
      20107 295.214731  -42.17662  -52.94465      1.373    1475.29    689.000    682.450     3.5047     3.5045    -0.0002     3.4571     3.4569    -0.0002   3.179993   3.180037   0.000042    34.2536    34.2543     4.9340    27.2465    27.2470    34.2547    27.2474    1474.89    1474.89     3.4570  1030.4421    34.4182 0.0000e+00
      20125 295.214740  -42.17662  -52.94466      1.383    1475.29    690.000    683.439     3.5041     3.5042     0.0001     3.4565     3.4566     0.0001   3.180033   3.180074   0.000042    34.2546    34.2550     4.9272    27.2473    27.2477    34.2552    27.2478    1474.90    1474.90     3.4564  1030.4472    34.4187 0.0000e+00
      20148 295.214751  -42.17662  -52.94465      1.205    1475.24    691.000    684.426     3.5016     3.5018     0.0001     3.4540     3.4541     0.0001   3.179910   3.179960   0.000048    34.2552    34.2556     4.9220    27.2480    27.2484    34.2558    27.2486    1474.91    1474.91     3.4539  1030.4525    34.4193 0.0000e+00
      20215 295.214783  -42.17661  -52.94463      0.255    1475.21    692.000    685.418     3.5011     3.5012     0.0002     3.4533     3.4535     0.0002   3.179949   3.179996   0.000048    34.2560    34.2563     4.8916    27.2488    27.2490    34.2564    27.2491    1474.92    1474.92     3.4532  1030.4576    34.4199 0.0000e+00
      20260 295.214805  -42.17658  -52.94462      0.560    1475.21    693.000    686.406     3.4974     3.4978     0.0004     3.4496     3.4500     0.0004   3.179624   3.179682   0.000058    34.2560    34.2563     4.8930    27.2491    27.2493    34.2558    27.2490    1474.92    1474.92     3.4495  1030.4622    34.4193 0.0000e+00
      20279 295.214814  -42.17657  -52.94462      0.941    1475.21    694.000    687.394     3.4930     3.4931     0.0001     3.4452     3.4452     0.0001   3.179362   3.179409   0.000048    34.2570    34.2575     4.8995    27.2504    27.2508    34.2567    27.2501    1474.92    1474.92     3.4451  1030.4680    34.4203 0.0000e+00
      20297 295.214822  -42.17656  -52.94462      1.224    1475.21    695.000    688.383     3.4844     3.4848     0.0004     3.4365     3.4369     0.0004   3.178632   3.178692   0.000056    34.2576    34.2579     4.8996    27.2517    27.2519    34.2565    27.2508    1474.90    1474.91     3.4364  1030.4735    34.4201 0.0000e+00
      20314 295.214831  -42.17656  -52.94462      1.364    1475.21    696.000    689.372     3.4784     3.4785     0.0000     3.4305     3.4305     0.0000   3.178223   3.178260   0.000041    34.2581    34.2586     4.8977    27.2526    27.2530    34.2574    27.2521    1474.89    1474.89     3.4304  1030.4795    34.4209 0.0000e+00
      20331 295.214839  -42.17656  -52.94462      1.385    1475.21    697.000    690.361     3.4752     3.4753     0.0001     3.4272     3.4273     0.0001   3.177994   3.178045   0.000046    34.2582    34.2586     4.8961    27.2530    27.2533    34.2575    27.2525    1474.90    1474.90     3.4271  1030.4845    34.4211 0.0000e+00
      20349 295.214848  -42.17657  -52.94462      1.372    1475.21    698.000    691.350     3.4744     3.4744     0.0001     3.4263     3.4264     0.0001   3.177967   3.178004   0.000043    34.2580    34.2584     4.8917    27.2529    27.2533    34.2575    27.2526    1474.91    1474.91     3.4262  1030.4892    34.4210 0.0000e+00
      20368 295.214857  -42.17658  -52.94461      1.334    1475.21    699.000    692.338     3.4738     3.4739     0.0002     3.4257     3.4258     0.0002   3.177961   3.178006   0.000042    34.2580    34.2583     4.8890    27.2530    27.2532    34.2575    27.2527    1474.93    1474.93     3.4256  1030.4939    34.4211 0.0000e+00
      20404 295.214874  -42.17658  -52.94460      0.790    1475.21    700.000    693.327     3.4725     3.4727     0.0002     3.4243     3.4245     0.0002   3.177939   3.177976   0.000037    34.2584    34.2587     4.8831    27.2535    27.2537    34.2581    27.2532    1474.94    1474.94     3.4242  1030.4991    34.4216 0.0000e+00
      20438 295.214891  -42.17656  -52.94460      0.649    1475.21    701.000    694.316     3.4728     3.4728     0.0000     3.4246     3.4246     0.0000   3.177976   3.178012   0.000041    34.2579    34.2584     4.8610    27.2531    27.2535    34.2577    27.2529    1474.95    1474.95     3.4245  1030.5034    34.4212 0.0000e+00
      20462 295.214902  -42.17655  -52.94460      0.901    1475.21    702.000    695.305     3.4712     3.4709    -0.0002     3.4228     3.4226    -0.0002   3.177859   3.177876   0.000011    34.2578    34.2582     4.8668    27.2532    27.2535    34.2575    27.2529    1474.96    1474.96     3.4227  1030.5080    34.4210 0.0000e+00
      20484 295.214913  -42.17654  -52.94460      1.035    1475.21    703.000    696.294     3.4714     3.4718     0.0004     3.4229     3.4234     0.0004   3.177953   3.178031   0.000074    34.2581    34.2585     4.8730    27.2533    27.2536    34.2579    27.2532    1474.98    1474.98     3.4229  1030.5129    34.4215 0.0000e+00
      20506 295.214923  -42.17654  -52.94460      1.091    1475.21    704.000    697.282     3.4715     3.4717     0.0002     3.4230     3.4232     0.0002   3.178003   3.178036   0.000039    34.2581    34.2583     4.8740    27.2533    27.2535    34.2578    27.2531    1475.00    1475.00     3.4229  1030.5175    34.4214 0.0000e+00
      20530 295.214935  -42.17654  -52.94458      1.070    1475.21    705.000    698.271     3.4707     3.4709     0.0002     3.4221     3.4224     0.0002   3.177962   3.178018   0.000055    34.2580    34.2584     4.8777    27.2534    27.2537    34.2577    27.2531    1475.01    1475.01     3.4220  1030.5221    34.4213 0.0000e+00
      20555 295.214947  -42.17652  -52.94458      0.989    1475.21    706.000    699.260     3.4675     3.4674    -0.0000     3.4188     3.4188    -0.0000   3.177700   3.177721   0.000021    34.2580    34.2583     4.8786    27.2537    27.2539    34.2574    27.2532    1475.01    1475.01     3.4188  1030.5268    34.4210 0.0000e+00
      20589 295.214963  -42.17652  -52.94458      0.780    1475.21    707.000    700.249     3.4607     3.4610     0.0003     3.4120     3.4123     0.0003   3.177139   3.177182   0.000039    34.2579    34.2581     4.8728    27.2543    27.2544    34.2573    27.2538    1475.00    1475.00     3.4119  1030.5319    34.4206 0.0000e+00
      20629 295.214982 -9.990e-29  -52.94458      0.576    1475.21    708.000    701.238     3.4452     3.4467     0.0015     3.3966     3.3981     0.0015   3.175579   3.175675   0.000099    34.2569    34.2565     4.8752    27.2549    27.2545    34.2542    27.2528    1474.95    1474.95     3.3965  1030.5347    34.4160 0.0000e+00
      20657 295.214996 -9.990e-29  -52.94457      0.758    1475.21    709.000    702.226     3.4252     3.4244    -0.0008     3.3766     3.3758    -0.0008   3.173898   3.173776  -0.000092    34.2560    34.2557     4.8850    27.2561    27.2560    34.2546    27.2550    1474.88    1474.88     3.3765  1030.5419    34.4165 0.0000e+00
      20678 295.215006 -9.990e-29  -52.94456      0.981    1475.21    710.000    703.215     3.4187     3.4181    -0.0007     3.3701     3.3694    -0.0007   3.173251   3.173250  -0.000038    34.2552    34.2554     4.8838    27.2560    27.2563    34.2531    27.2544    1474.87    1474.86     3.3700  1030.5460    34.4149 0.0000e+00
      20697 295.215016 -9.990e-29  -52.94456      1.164    1475.21    711.000    704.204     3.4148     3.4149     0.0001     3.3661     3.3662     0.0001   3.172907   3.173010   0.000039    34.2550    34.2554     4.8868    27.2564    27.2566    34.2526    27.2544    1474.87    1474.87     3.3660  1030.5507    34.4144 0.0000e+00
      20716 295.215025 -9.990e-29  -52.94456      1.256    1475.21    712.000    705.193     3.4012     3.4021     0.0008     3.3526     3.3534     0.0008   3.171742   3.171710   0.000027    34.2548    34.2542     4.8870    27.2575    27.2569    34.2523    27.2554    1474.82    1474.83     3.3524  1030.5566    34.4141 0.0000e+00
      20737 295.215035 -9.990e-29  -52.94456      1.233    1475.21    713.000    706.181     3.3933     3.3935     0.0002     3.3446     3.3448     0.0002   3.171135   3.171172   0.000031    34.2547    34.2549     4.8828    27.2581    27.2582    34.2528    27.2566    1474.81    1474.81     3.3445  1030.5625    34.4147 0.0000e+00
      20760 295.215046 -9.990e-29  -52.94456      1.099    1475.21    714.000    707.170     3.3898     3.3902     0.0003     3.3411     3.3414     0.0003   3.170854   3.170906   0.000056    34.2543    34.2547     4.8813    27.2581    27.2584    34.2526    27.2568    1474.81    1474.81     3.3410  1030.5673    34.4144 0.0000e+00
      20785 295.215058 -9.990e-29  -52.94456      0.983    1475.21    715.000    708.159     3.3862     3.3864     0.0002     3.3374     3.3376     0.0002   3.170575   3.170621   0.000042    34.2542    34.2545     4.8765    27.2584    27.2586    34.2525    27.2570    1474.81    1474.81     3.3373  1030.5723    34.4143 0.0000e+00
      20811 295.215070  -42.17648  -52.94456      0.958    1475.21    716.000    709.147     3.3834     3.3837     0.0002     3.3346     3.3348     0.0002   3.170359   3.170398   0.000041    34.2539    34.2542     4.8682    27.2585    27.2586    34.2523    27.2572    1474.82    1474.82     3.3345  1030.5781    34.4155 0.0000e+00
      20838 295.215083  -42.17648  -52.94454      0.911    1475.21    717.000    710.136     3.3756     3.3759     0.0003     3.3267     3.3270     0.0003   3.169700   3.169748   0.000048    34.2537    34.2540     4.8737    27.2590    27.2593    34.2521    27.2577    1474.80    1474.80     3.3266  1030.5837    34.4157 0.0000e+00
      20864 295.215096  -42.17646  -52.94454      0.880    1475.21    718.000    711.125     3.3742     3.3743     0.0001     3.3253     3.3254     0.0001   3.169667   3.169706   0.000043    34.2539    34.2543     4.8788    27.2593    27.2596    34.2526    27.2583    1474.81    1474.81     3.3252  1030.5889    34.4162 0.0000e+00
      20888 295.215107  -42.17646  -52.94454      0.961    1475.21    719.000    712.114     3.3663     3.3668     0.0004     3.3173     3.3178     0.0004   3.169047   3.169090   0.000039    34.2549    34.2549     4.8834    27.2609    27.2609    34.2529    27.2593    1474.79    1474.79     3.3172  1030.5947    34.4165 0.0000e+00
      20909 295.215118  -42.17646  -52.94454      1.072    1475.21    720.000    713.102     3.3577     3.3580     0.0003     3.3087     3.3090     0.0003   3.168506   3.168527   0.000025    34.2566    34.2566     4.8815    27.2631    27.2630    34.2550    27.2617    1474.77    1474.78     3.3086  1030.6019    34.4186 0.0000e+00
      20935 295.215130  -42.17644  -52.94454      1.023    1475.21    721.000    714.089     3.3555     3.3555     0.0001     3.3064     3.3065     0.0001   3.168411   3.168436   0.000023    34.2570    34.2572     4.8737    27.2636    27.2637    34.2556    27.2625    1474.78    1474.78     3.3063  1030.6073    34.4193 0.0000e+00
      20981 295.215152  -42.17643  -52.94453      0.517    1475.21    722.000    715.081     3.3545     3.3547     0.0002     3.3053     3.3055     0.0002   3.168420   3.168454   0.000037    34.2573    34.2575     4.8566    27.2639    27.2641    34.2563    27.2631    1474.80    1474.80     3.3052  1030.6125    34.4199 0.0000e+00
      21014 295.215168  -42.17642  -52.94452      0.623    1475.21    723.000    716.069     3.3538     3.3539     0.0001     3.3046     3.3047     0.0001   3.168396   3.168438   0.000039    34.2570    34.2574     4.8463    27.2638    27.2641    34.2562    27.2631    1474.81    1474.81     3.3045  1030.6171    34.4198 0.0000e+00
      21033 295.215178  -42.17642  -52.94452      0.974    1475.21    724.000    717.057     3.3533     3.3533     0.0001     3.3040     3.3040     0.0001   3.168418   3.168451   0.000034    34.2572    34.2576     4.8495    27.2640    27.2642    34.2565    27.2634    1474.82    1474.83     3.3039  1030.6220    34.4202 0.0000e+00
      21050 295.215186  -42.17642  -52.94452      1.247    1475.21    725.000    718.046     3.3518     3.3519     0.0001     3.3025     3.3026     0.0001   3.168356   3.168407   0.000051    34.2576    34.2581     4.8514    27.2644    27.2648    34.2567    27.2637    1474.84    1474.84     3.3024  1030.6270    34.4204 0.0000e+00
      21068 295.215194  -42.17642  -52.94451      1.376    1475.21    726.000    719.035     3.3491     3.3492     0.0001     3.2996     3.2998     0.0001   3.168226   3.168254   0.000027    34.2585    34.2586     4.8520    27.2654    27.2655    34.2576    27.2647    1474.84    1474.84     3.2995  1030.6326    34.4212 0.0000e+00
