Pos-Processados/teste_atual_pos-process-op41/Dados/doperantar_41_002.cnv
* Sea-Bird SBE 9 Data File:
* FileName = C:\Users\Dell\Desktop\Operantar XLI\Raw\OP41002.hdr
* Software Version Seasave V 7.26.7.110
* Temperature SN = 6497
* Conductivity SN = 4954
* Number of Bytes Per Scan = 31
* Number of Voltage Words = 2
* Number of Scans Averaged by the Deck Unit = 1
* NMEA Latitude = 37 16.72 S
* NMEA Longitude = 048 37.48 W
* NMEA UTC (Time) = Oct 17 2022 21:01:25
* NMEA baud rate = 4800
** H41
** Navio Polar Almirante Maximiano
** LH-021/2022
** Operantar XLI
** Número da Estação 002
** Latitude 37ª16.719
** Longitude 048ª37.474
** Data/Hora (Z) 17/10/2022 2100Z
** Profundidade local
** 09-1439
** Nome do Operador 1T FILIPE LOPES
# nquan = 30
# nvalues = 1054                        
# units = specified
# name 0 = scan: Scan Count
# name 1 = timeJ: Julian Days
# name 2 = latitude: Latitude [deg]
# name 3 = longitude: Longitude [deg]
# name 4 = dz/dtM: Descent Rate [m/s]
# name 5 = avgsvCM: Average Sound Velocity [Chen-Millero, m/s]
# name 6 = prDM: Pressure, Digiquartz [db]
# name 7 = depSM: Depth [salt water, m]
# name 8 = t090C: Temperature [ITS-90, deg C]
# name 9 = t190C: Temperature, 2 [ITS-90, deg C]
# name 10 = T2-T190C: Temperature Difference, 2 - 1 [ITS-90, deg C]
# name 11 = potemp090C: Potential Temperature [ITS-90, deg C]
# name 12 = potemp190C: Potential Temperature, 2 [ITS-90, deg C]
# name 13 = potemp90Cdiff: Potential Temperature, Diff, 2 - 1 [ITS-90, deg C]
# name 14 = c0S/m: Conductivity [S/m]
# name 15 = c1S/m: Conductivity, 2 [S/m]
# name 16 = C2-C1S/m: Conductivity Difference, 2 - 1 [S/m]
# name 17 = sal00: Salinity, Practical [PSU]
# name 18 = sal11: Salinity, Practical, 2 [PSU]
# name 19 = sbeox0ML/L: Oxygen, SBE 43 [ml/l]
# name 20 = sigma-é00: Density [sigma-theta, kg/m^3]
# name 21 = sigma-é11: Density, 2 [sigma-theta, kg/m^3]
# name 22 = sal00: Salinity, Practical [PSU]
# name 23 = sigma-é00: Density [sigma-theta, kg/m^3]
# name 24 = svCM: Sound Velocity [Chen-Millero, m/s]
# name 25 = svCM1: Sound Velocity, 2 [Chen-Millero, m/s]
# name 26 = gsw_ptA0: potential temperature [ITS-90, deg C]
# name 27 = gsw_densityA0: density, TEOS-10 [density, kg/m^3]
# name 28 = gsw_saA0: Absolute Salinity [g/kg]
# name 29 = flag:
# span 0 =       2892,      29160       
# span 1 = 290.877378, 290.890046       
# span 2 =  -37.28076,  -37.27886       
# span 3 =  -48.62613,  -48.62480       
# span 4 =      0.075,      1.601       
# span 5 =      -0.01,    1517.65       
# span 6 =      3.000,   1056.000       
# span 7 =      3.049,   1045.487       
# span 8 =     4.2733,    17.7684       
# span 9 =     4.2781,    17.7688       
# span 10 =    -0.0534,     0.0904      
# span 11 =     4.1912,    17.7660      
# span 12 =     4.1959,    17.7664      
# span 13 =    -0.0532,     0.0902      
# span 14 =   3.262743,   4.698621      
# span 15 =   3.262939,   4.698503      
# span 16 =  -0.006876,   0.009333      
# span 17 =    34.1720,    36.1322      
# span 18 =    34.1711,    36.1309      
# span 19 =     4.0232,     5.8279      
# span 20 =    26.1966,    27.1684      
# span 21 =    26.1955,    27.1683      
# span 22 =    34.1698,    36.1320      
# span 23 =    26.1968,    27.1680      
# span 24 =    1482.90,    1518.93      
# span 25 =    1482.90,    1518.93      
# span 26 =     4.1910,    17.7660      
# span 27 =  1026.2141,  1032.0234      
# span 28 =    34.3326,    36.3025      
# span 29 = 0.0000e+00, 0.0000e+00      
# interval = decibars: 1                
# start_time = Oct 17 2022 21:01:25 [NMEA time, header]
# bad_flag = -9.990e-29
*END*
[from data line 146]
       6726 290.879227  -37.27902  -48.62492      0.614    1517.43    149.000    147.841    17.6308    17.6311     0.0003    17.6055    17.6058     0.0003   4.689039   4.688880  -0.000159    36.1183    36.1167     5.1335    26.2263    26.2249    36.1184    26.2263    1518.46    1518.46    17.6055  1026.8778    36.2889 0.0000e+00
       6747 290.879237  -37.27902  -48.62492      0.938    1517.43    150.000    148.834    17.6310    17.6313     0.0003    17.6054    17.6057     0.0003   4.689078   4.688929  -0.000149    36.1181    36.1166     5.1056    26.2262    26.2249    36.1182    26.2262    1518.47    1518.47    17.6054  1026.8820    36.2887 0.0000e+00
       6764 290.879245  -37.27902  -48.62492      1.185    1517.43    151.000    149.825    17.6310    17.6312     0.0002    17.6053    17.6055     0.0002   4.689099   4.688953  -0.000142    36.1179    36.1165     5.1042    26.2260    26.2249    36.1180    26.2261    1518.49    1518.49    17.6052  1026.8862    36.2885 0.0000e+00
       6781 290.879253  -37.27902  -48.62492      1.353    1517.43    152.000    150.817    17.6309    17.6309    -0.0000    17.6050    17.6050    -0.0000   4.689120   4.688969  -0.000142    36.1178    36.1166     5.1224    26.2260    26.2251    36.1179    26.2260    1518.51    1518.50    17.6050  1026.8905    36.2884 0.0000e+00
       6797 290.879261  -37.27902  -48.62492      1.441    1517.43    153.000    151.808    17.6315    17.6310    -0.0005    17.6054    17.6049    -0.0005   4.689253   4.689026  -0.000228    36.1180    36.1165     5.1434    26.2260    26.2251    36.1181    26.2261    1518.53    1518.52    17.6055  1026.8949    36.2886 0.0000e+00
       6815 290.879270  -37.27902  -48.62492      1.444    1517.43    154.000    152.801    17.6305    17.6307     0.0002    17.6042    17.6044     0.0002   4.689141   4.689004  -0.000146    36.1178    36.1163     5.1449    26.2262    26.2250    36.1177    26.2261    1518.54    1518.54    17.6042  1026.8992    36.2882 0.0000e+00
       6833 290.879279  -37.27902  -48.62492      1.367    1517.43    155.000    153.793    17.6295    17.6299     0.0004    17.6031    17.6035     0.0004   4.689081   4.688956  -0.000124    36.1176    36.1162     5.1335    26.2263    26.2251    36.1176    26.2263    1518.55    1518.55    17.6031  1026.9038    36.2881 0.0000e+00
       6853 290.879288  -37.27902  -48.62492      1.269    1517.43    156.000    154.784    17.6294    17.6297     0.0003    17.6029    17.6031     0.0003   4.689112   4.688987  -0.000128    36.1176    36.1162     5.1297    26.2263    26.2252    36.1176    26.2263    1518.57    1518.57    17.6028  1026.9082    36.2881 0.0000e+00
       6873 290.879298  -37.27902  -48.62492      1.205    1517.43    157.000    155.776    17.6294    17.6296     0.0001    17.6027    17.6028     0.0001   4.689157   4.688991  -0.000155    36.1175    36.1161     5.1229    26.2263    26.2252    36.1176    26.2264    1518.59    1518.58    17.6027  1026.9125    36.2881 0.0000e+00
       6894 290.879308  -37.27902  -48.62492      1.181    1517.43    158.000    156.768    17.6289    17.6291     0.0002    17.6020    17.6022     0.0002   4.689132   4.689005  -0.000134    36.1174    36.1161     5.1122    26.2264    26.2253    36.1174    26.2264    1518.60    1518.60    17.6020  1026.9169    36.2879 0.0000e+00
       6917 290.879319  -37.27904  -48.62492      1.126    1517.43    159.000    157.760    17.6288    17.6300     0.0012    17.6017    17.6029     0.0012   4.689199   4.689148  -0.000058    36.1177    36.1161     5.1208    26.2267    26.2252    36.1177    26.2267    1518.62    1518.62    17.6018  1026.9215    36.2882 0.0000e+00
       6944 290.879332  -37.27904  -48.62492      0.934    1517.43    160.000    158.751    17.6290    17.6296     0.0006    17.6017    17.6024     0.0006   4.689257   4.689124  -0.000124    36.1177    36.1160     5.1256    26.2267    26.2253    36.1177    26.2267    1518.63    1518.63    17.6017  1026.9259    36.2882 0.0000e+00
       6971 290.879345  -37.27904  -48.62492      0.859    1517.43    161.000    159.743    17.6294    17.6297     0.0003    17.6020    17.6023     0.0003   4.689351   4.689182  -0.000177    36.1177    36.1159     5.1251    26.2267    26.2252    36.1177    26.2267    1518.65    1518.65    17.6020  1026.9302    36.2883 0.0000e+00
       6992 290.879355  -37.27904  -48.62492      0.999    1517.43    162.000    160.735    17.6280    17.6289     0.0010    17.6004    17.6013     0.0010   4.689180   4.689091  -0.000092    36.1174    36.1158     5.1271    26.2268    26.2253    36.1171    26.2266    1518.66    1518.66    17.6004  1026.9344    36.2876 0.0000e+00
       7010 290.879364  -37.27904  -48.62492      1.186    1517.43    163.000    161.726    17.6257    17.6263     0.0006    17.5979    17.5985     0.0006   4.688980   4.688845  -0.000124    36.1171    36.1155     5.1217    26.2272    26.2258    36.1171    26.2271    1518.67    1518.67    17.5979  1026.9394    36.2876 0.0000e+00
       7030 290.879374  -37.27904  -48.62492      1.275    1517.43    164.000    162.719    17.6265    17.6269     0.0004    17.5986    17.5990     0.0004   4.689086   4.688982  -0.000110    36.1168    36.1154     5.1134    26.2267    26.2257    36.1168    26.2268    1518.69    1518.69    17.5986  1026.9433    36.2873 0.0000e+00
       7060 290.879388  -37.27904  -48.62492      0.961    1517.43    165.000    163.711    17.6270    17.6284     0.0013    17.5989    17.6003     0.0013   4.689215   4.689180  -0.000039    36.1172    36.1156     5.1087    26.2270    26.2254    36.1171    26.2269    1518.71    1518.71    17.5989  1026.9478    36.2876 0.0000e+00
       7101 290.879408  -37.27904  -48.62493      0.563    1517.43    166.000    164.702    17.6258    17.6264     0.0006    17.5975    17.5981     0.0006   4.689083   4.688960  -0.000117    36.1168    36.1152     5.1011    26.2271    26.2257    36.1167    26.2270    1518.72    1518.72    17.5975  1026.9522    36.2872 0.0000e+00
       7129 290.879421  -37.27904  -48.62494      0.736    1517.43    167.000    165.694    17.6255    17.6258     0.0003    17.5970    17.5974     0.0003   4.689123   4.688939  -0.000182    36.1169    36.1151     5.1082    26.2273    26.2258    36.1169    26.2272    1518.74    1518.74    17.5971  1026.9568    36.2874 0.0000e+00
       7148 290.879431  -37.27904  -48.62494      1.006    1517.43    168.000    166.686    17.6255    17.6255    -0.0000    17.5969    17.5969    -0.0000   4.689113   4.688897  -0.000207    36.1166    36.1149     5.0982    26.2271    26.2257    36.1164    26.2269    1518.76    1518.75    17.5969  1026.9608    36.2869 0.0000e+00
       7165 290.879439  -37.27904  -48.62494      1.253    1517.43    169.000    167.677    17.6220    17.6225     0.0005    17.5932    17.5937     0.0005   4.688638   4.688545  -0.000103    36.1155    36.1142     5.1023    26.2271    26.2260    36.1150    26.2268    1518.76    1518.76    17.5932  1026.9650    36.2856 0.0000e+00
       7181 290.879446  -37.27904  -48.62494      1.407    1517.43    170.000    168.669    17.6217    17.6217    -0.0000    17.5927    17.5927    -0.0000   4.688718   4.688543  -0.000178    36.1155    36.1140     5.1089    26.2272    26.2261    36.1156    26.2273    1518.78    1518.77    17.5927  1026.9699    36.2861 0.0000e+00
       7198 290.879454  -37.27904  -48.62494      1.474    1517.43    171.000    169.661    17.6210    17.6221     0.0011    17.5919    17.5930     0.0011   4.688579   4.688527  -0.000064    36.1152    36.1137     5.1117    26.2272    26.2258    36.1146    26.2267    1518.79    1518.79    17.5919  1026.9737    36.2851 0.0000e+00
       7213 290.879462  -37.27904  -48.62494      1.501    1517.43    172.000    170.653    17.6192    17.6198     0.0005    17.5899    17.5905     0.0005   4.688450   4.688343  -0.000095    36.1148    36.1135     5.1130    26.2273    26.2262    36.1147    26.2273    1518.80    1518.80    17.5900  1026.9785    36.2852 0.0000e+00
       7229 290.879470  -37.27904  -48.62492      1.511    1517.43    173.000    171.645    17.6192    17.6197     0.0005    17.5898    17.5902     0.0005   4.688490   4.688368  -0.000112    36.1147    36.1133     5.1116    26.2273    26.2261    36.1147    26.2273    1518.82    1518.82    17.5898  1026.9829    36.2852 0.0000e+00
       7245 290.879477  -37.27905  -48.62492      1.515    1517.43    174.000    172.637    17.6194    17.6191    -0.0003    17.5898    17.5895    -0.0003   4.688533   4.688346  -0.000189    36.1146    36.1132     5.1023    26.2273    26.2262    36.1145    26.2272    1518.83    1518.83    17.5898  1026.9871    36.2850 0.0000e+00
       7272 290.879490  -37.27906  -48.62493      1.186    1517.43    175.000    173.628    17.6184    17.6185     0.0001    17.5886    17.5887     0.0001   4.688449   4.688286  -0.000162    36.1144    36.1129     5.0831    26.2274    26.2262    36.1143    26.2273    1518.85    1518.85    17.5886  1026.9916    36.2848 0.0000e+00
       7315 290.879511  -37.27906 -9.990e-29      0.555    1517.43    176.000    174.620    17.6192    17.6198     0.0007    17.5892    17.5898     0.0007   4.688585   4.688497  -0.000097    36.1146    36.1132     5.0691    26.2274    26.2261    36.1144    26.2272    1518.87    1518.87    17.5892  1026.9958    36.2849 0.0000e+00
       7353 290.879529  -37.27906  -48.62494      0.605    1517.43    177.000    175.612    17.6165    17.6173     0.0008    17.5864    17.5872     0.0008   4.688320   4.688203  -0.000114    36.1142    36.1124     5.0872    26.2277    26.2262    36.1141    26.2277    1518.88    1518.88    17.5863  1027.0006    36.2846 0.0000e+00
       7382 290.879543  -37.27906  -48.62494      0.766    1517.43    178.000    176.604    17.6165    17.6172     0.0007    17.5862    17.5868     0.0007   4.688383   4.688227  -0.000144    36.1143    36.1125     5.1016    26.2279    26.2264    36.1143    26.2279    1518.89    1518.89    17.5862  1027.0052    36.2848 0.0000e+00
       7404 290.879554  -37.27906  -48.62494      0.956    1517.43    179.000    177.595    17.6163    17.6166     0.0003    17.5859    17.5861     0.0003   4.688397   4.688230  -0.000165    36.1141    36.1125     5.0996    26.2279    26.2265    36.1141    26.2278    1518.91    1518.91    17.5859  1027.0095    36.2846 0.0000e+00
       7422 290.879563  -37.27906  -48.62496      1.146    1517.43    180.000    178.587    17.6168    17.6172     0.0003    17.5862    17.5865     0.0003   4.688422   4.688304  -0.000131    36.1138    36.1124     5.0943    26.2275    26.2263    36.1135    26.2273    1518.93    1518.93    17.5862  1027.0132    36.2840 0.0000e+00
       7439 290.879571  -37.27906  -48.62494      1.311    1517.43    181.000    179.579    17.6083    17.6091     0.0008    17.5775    17.5783     0.0008   4.687210   4.687122  -0.000089    36.1117    36.1102     5.0954    26.2280    26.2267    36.1102    26.2269    1518.91    1518.91    17.5775  1027.0172    36.2807 0.0000e+00
       7455 290.879579  -37.27906  -48.62494      1.432    1517.43    182.000    180.570    17.6021    17.6030     0.0009    17.5711    17.5719     0.0009   4.686521   4.686421  -0.000096    36.1106    36.1090     5.0915    26.2287    26.2273    36.1094    26.2279    1518.91    1518.91    17.5711  1027.0225    36.2799 0.0000e+00
       7471 290.879586  -37.27906  -48.62494      1.498    1517.43    183.000    181.562    17.5937    17.5945     0.0009    17.5625    17.5634     0.0009   4.685468   4.685377  -0.000107    36.1091    36.1074     5.0885    26.2297    26.2282    36.1074    26.2284    1518.90    1518.90    17.5625  1027.0275    36.2779 0.0000e+00
       7486 290.879594  -37.27906  -48.62494      1.526    1517.43    184.000    182.554    17.5618    17.5699     0.0081    17.5305    17.5386     0.0081   4.680700   4.681517   0.000726    36.1025    36.1016     5.0832    26.2324    26.2298    36.0941    26.2260    1518.81    1518.83    17.5305  1027.0295    36.2645 0.0000e+00
       7502 290.879601  -37.27906  -48.62494      1.531    1517.43    185.000    183.545    17.5118    17.5198     0.0079    17.4805    17.4884     0.0079   4.674629   4.675393   0.000751    36.0926    36.0921     5.0845    26.2371    26.2348    36.0856    26.2317    1518.67    1518.69    17.4805  1027.0397    36.2560 0.0000e+00
       7523 290.879611  -37.27906  -48.62494      1.388    1517.43    186.000    184.530    17.4790    17.4830     0.0040    17.4475    17.4515     0.0040   4.670940   4.671070   0.000170    36.0865    36.0843     5.0839    26.2404    26.2378    36.0824    26.2373    1518.58    1518.59    17.4475  1027.0497    36.2528 0.0000e+00
       7549 290.879624  -37.27906  -48.62494      1.017    1517.43    187.000    185.535    17.4715    17.4870     0.0155    17.4398    17.4553     0.0155   4.670645   4.672043   0.001201    36.0886    36.0852     5.0199    26.2439    26.2375    36.0861    26.2420    1518.58    1518.63    17.4398  1027.0588    36.2565 0.0000e+00
       7575 290.879636  -37.27907  -48.62494      0.920    1517.43    188.000    186.520    17.4718    17.4848     0.0130    17.4400    17.4529     0.0130   4.670829   4.671633   0.000929    36.0895    36.0859     4.9627    26.2445    26.2387    36.0871    26.2427    1518.60    1518.63    17.4400  1027.0639    36.2575 0.0000e+00
       7600 290.879648  -37.27908  -48.62494      0.948    1517.43    189.000    187.512    17.4680    17.4768     0.0088    17.4360    17.4448     0.0087   4.670208   4.670720   0.000525    36.0872    36.0840     4.9763    26.2438    26.2392    36.0847    26.2418    1518.60    1518.62    17.4360  1027.0673    36.2551 0.0000e+00
       7627 290.879661  -37.27908  -48.62494      0.925    1517.43    190.000    188.504    17.4626    17.4670     0.0044    17.4304    17.4348     0.0044   4.669311   4.669468   0.000149    36.0839    36.0813     4.9958    26.2426    26.2395    36.0813    26.2406    1518.60    1518.61    17.4305  1027.0705    36.2517 0.0000e+00
       7653 290.879674  -37.27908  -48.62494      0.899    1517.43    191.000    189.495    17.4464    17.4513     0.0049    17.4140    17.4190     0.0049   4.667209   4.667272   0.000077    36.0806    36.0768     4.9969    26.2440    26.2400    36.0772    26.2414    1518.56    1518.57    17.4141  1027.0757    36.2476 0.0000e+00
       7678 290.879686  -37.27908  -48.62494      0.934    1517.43    192.000    190.487    17.4354    17.4374     0.0019    17.4029    17.4048     0.0019   4.666005   4.665652  -0.000362    36.0789    36.0740     4.9823    26.2454    26.2412    36.0761    26.2433    1518.55    1518.55    17.4029  1027.0819    36.2465 0.0000e+00
       7701 290.879697  -37.27908  -48.62494      1.001    1517.43    193.000    191.478    17.4026    17.4159     0.0134    17.3700    17.3833     0.0134   4.661918   4.662607   0.000657    36.0755    36.0693     4.9734    26.2509    26.2429    36.0695    26.2462    1518.46    1518.49    17.3700  1027.0893    36.2398 0.0000e+00
       7724 290.879708  -37.27908  -48.62495      1.047    1517.43    194.000    192.470    17.3410    17.3636     0.0225    17.3084    17.3308     0.0225   4.654515   4.655750   0.001195    36.0681    36.0584     4.9635    26.2601    26.2472    36.0596    26.2536    1518.28    1518.34    17.3083  1027.1012    36.2299 0.0000e+00
       7747 290.879719  -37.27908  -48.62496      1.046    1517.43    195.000    193.462    17.3078    17.3208     0.0129    17.2750    17.2879     0.0129   4.650812   4.650946   0.000111    36.0627    36.0521     4.9357    26.2640    26.2528    36.0566    26.2594    1518.20    1518.22    17.2750  1027.1115    36.2268 0.0000e+00
