Pos-Processados/teste_atual_pos-process-op41/Dados/doperantar_41_002.cnv
* Sea-Bird SBE 9 Data File:
* FileName = C:\Users\Dell\Desktop\Operantar XLI\Raw\OP41002.hdr
* Software Version Seasave V 7.26.7.110
* Temperature SN = 6497
* Conductivity SN = 4954
* Number of Bytes Per Scan = 31
* Number of Voltage Words = 2
* Number of Scans Averaged by the Deck Unit = 1
* NMEA Latitude = 37 16.72 S
* NMEA Longitude = 048 37.48 W
* NMEA UTC (Time) = Oct 17 2022 21:01:25
* NMEA baud rate = 4800
** H41
** Navio Polar Almirante Maximiano
** LH-021/2022
** Operantar XLI
** Número da Estação 002
** Latitude 37ª16.719
** Longitude 048ª37.474
** Data/Hora (Z) 17/10/2022 2100Z
** Profundidade local
** 09-1439
** Nome do Operador 1T FILIPE LOPES
# nquan = 30
# nvalues = 1054                        
# units = specified
# name 0 = scan: Scan Count
# name 1 = timeJ: Julian Days
# name 2 = latitude: Latitude [deg]
# name 3 = longitude: Longitude [deg]
# name 4 = dz/dtM: Descent Rate [m/s]
# name 5 = avgsvCM: Average Sound Velocity [Chen-Millero, m/s]
# name 6 = prDM: Pressure, Digiquartz [db]
# name 7 = depSM: Depth [salt water, m]
# name 8 = t090C: Temperature [ITS-90, deg C]
# name 9 = t190C: Temperature, 2 [ITS-90, deg C]
# name 10 = T2-T190C: Temperature Difference, 2 - 1 [ITS-90, deg C]
# name 11 = potemp090C: Potential Temperature [ITS-90, deg C]
# name 12 = potemp190C: Potential Temperature, 2 [ITS-90, deg C]
# name 13 = potemp90Cdiff: Potential Temperature, Diff, 2 - 1 [ITS-90, deg C]
# name 14 = c0S/m: Conductivity [S/m]
# name 15 = c1S/m: Conductivity, 2 [S/m]
# name 16 = C2-C1S/m: Conductivity Difference, 2 - 1 [S/m]
# name 17 = sal00: Salinity, Practical [PSU]
# name 18 = sal11: Salinity, Practical, 2 [PSU]
# name 19 = sbeox0ML/L: Oxygen, SBE 43 [ml/l]
# name 20 = sigma-é00: Density [sigma-theta, kg/m^3]
# name 21 = sigma-é11: Density, 2 [sigma-theta, kg/m^3]
# name 22 = sal00: Salinity, Practical [PSU]
# name 23 = sigma-é00: Density [sigma-theta, kg/m^3]
# name 24 = svCM: Sound Velocity [Chen-Millero, m/s]
# name 25 = svCM1: Sound Velocity, 2 [Chen-Millero, m/s]
# name 26 = gsw_ptA0: potential temperature [ITS-90, deg C]
# name 27 = gsw_densityA0: density, TEOS-10 [density, kg/m^3]
# name 28 = gsw_saA0: Absolute Salinity [g/kg]
# name 29 = flag:
# span 0 =       2892,      29160       
# span 1 = 290.877378, 290.890046       
# span 2 =  -37.28076,  -37.27886       
# span 3 =  -48.62613,  -48.62480       
# span 4 =      0.075,      1.601       
# span 5 =      -0.01,    1517.65       
# span 6 =      3.000,   1056.000       
# span 7 =      3.049,   1045.487       
# span 8 =     4.2733,    17.7684       
# span 9 =     4.2781,    17.7688       
# span 10 =    -0.0534,     0.0904      
# span 11 =     4.1912,    17.7660      
# span 12 =     4.1959,    17.7664      
# span 13 =    -0.0532,     0.0902      
# span 14 =   3.262743,   4.698621      
# span 15 =   3.262939,   4.698503      
# span 16 =  -0.006876,   0.009333      
# span 17 =    34.1720,    36.1322      
# span 18 =    34.1711,    36.1309      
# span 19 =     4.0232,     5.8279      
# span 20 =    26.1966,    27.1684      
# span 21 =    26.1955,    27.1683      
# span 22 =    34.1698,    36.1320      
# span 23 =    26.1968,    27.1680      
# span 24 =    1482.90,    1518.93      
# span 25 =    1482.90,    1518.93      
# span 26 =     4.1910,    17.7660      
# span 27 =  1026.2141,  1032.0234      
# span 28 =    34.3326,    36.3025      
# span 29 = 0.0000e+00, 0.0000e+00      
# interval = decibars: 1                
# start_time = Oct 17 2022 21:01:25 [NMEA time, header]
# bad_flag = -9.990e-29
*END*
[from data line 677]
      18982 290.885137  -37.27994  -48.62558      1.184    1512.16    680.000    673.849     7.9970     7.9944    -0.0026     7.9266     7.9240    -0.0026   3.606951   3.606308  -0.000593    34.5370    34.5332     4.8090    26.9211    26.9185    34.5264    26.9128    1493.07    1493.06     7.9264  1029.9895    34.6903 0.0000e+00
      18997 290.885145  -37.27994  -48.62558      1.379    1512.16    681.000    674.839     7.9822     7.9772    -0.0050     7.9117     7.9067    -0.0050   3.605649   3.604665  -0.000943    34.5358    34.5307     4.7975    26.9223    26.9191    34.5266    26.9151    1493.04    1493.01     7.9116  1029.9965    34.6904 0.0000e+00
      19013 290.885152  -37.27994  -48.62558      1.491    1512.16    682.000    675.828     7.9649     7.9643    -0.0006     7.8944     7.8938    -0.0006   3.603688   3.603315  -0.000379    34.5315    34.5280     4.7902    26.9216    26.9190    34.5221    26.9142    1492.98    1492.97     7.8943  1030.0004    34.6860 0.0000e+00
      19030 290.885161  -37.27994  -48.62558      1.493    1512.16    683.000    676.817     7.9483     7.9506     0.0024     7.8777     7.8801     0.0024   3.601908   3.601958   0.000017    34.5283    34.5261     4.8002    26.9215    26.9195    34.5190    26.9142    1492.93    1492.94     7.8776  1030.0052    34.6829 0.0000e+00
      19051 290.885171  -37.27994  -48.62558      1.334    1512.16    684.000    677.806     7.9349     7.9366     0.0017     7.8643     7.8660     0.0017   3.600583   3.600584   0.000009    34.5250    34.5235     4.8180    26.9209    26.9195    34.5175    26.9151    1492.89    1492.90     7.8642  1030.0107    34.6814 0.0000e+00
      19075 290.885182  -37.27995  -48.62558      1.082    1512.16    685.000    678.796     7.9239     7.9200    -0.0039     7.8533     7.8494    -0.0039   3.599535   3.598847  -0.000614    34.5239    34.5211     4.8211    26.9217    26.9201    34.5166    26.9160    1492.87    1492.85     7.8531  1030.0163    34.6805 0.0000e+00
      19101 290.885195  -37.27996  -48.62558      0.962    1512.16    686.000    679.785     7.9021     7.8919    -0.0102     7.8315     7.8213    -0.0101   3.597517   3.596432  -0.001033    34.5222    34.5212     4.8237    26.9236    26.9242    34.5160    26.9187    1492.80    1492.76     7.8313  1030.0239    34.6799 0.0000e+00
      19126 290.885207  -37.27996  -48.62558      0.935    1512.16    687.000    680.774     7.8700     7.8745     0.0044     7.7995     7.8039     0.0044   3.593758   3.594364   0.000458    34.5189    34.5194     4.8237    26.9257    26.9254    34.5068    26.9162    1492.69    1492.70     7.7994  1030.0263    34.6706 0.0000e+00
      19151 290.885219  -37.27996  -48.62558      0.939    1512.16    688.000    681.764     7.7801     7.7980     0.0179     7.7099     7.7277     0.0178   3.584369   3.585921   0.001483    34.5103    34.5085     4.8371    26.9320    26.9281    34.4942    26.9194    1492.34    1492.41     7.7097  1030.0355    34.6579 0.0000e+00
      19174 290.885230  -37.27996  -48.62558      1.009    1512.16    689.000    682.753     7.6914     7.6974     0.0060     7.6215     7.6276     0.0060   3.575488   3.575814   0.000455    34.5008    34.4997     4.8479    26.9375    26.9358    34.4856    26.9255    1492.01    1492.03     7.6214  1030.0475    34.6493 0.0000e+00
      19194 290.885240  -37.27996  -48.62558      1.113    1512.16    690.000    683.742     7.6346     7.6313    -0.0034     7.5650     7.5617    -0.0033   3.569878   3.569564  -0.000192    34.4928    34.4941     4.8518    26.9394    26.9408    34.4807    26.9298    1491.80    1491.79     7.5648  1030.0572    34.6444 0.0000e+00
      19214 290.885250  -37.27996  -48.62558      1.178    1512.16    691.000    684.732     7.6196     7.6107    -0.0089     7.5499     7.5410    -0.0089   3.568475   3.567662  -0.000909    34.4907    34.4897     4.8556    26.9399    26.9404    34.4799    26.9314    1491.76    1491.73     7.5498  1030.0636    34.6436 0.0000e+00
      19238 290.885261  -37.27996  -48.62558      1.115    1512.16    692.000    685.721     7.6111     7.6090    -0.0020     7.5414     7.5393    -0.0020   3.567870   3.567668  -0.000306    34.4897    34.4884     4.8739    26.9403    26.9397    34.4813    26.9337    1491.75    1491.74     7.5412  1030.0705    34.6450 0.0000e+00
      19266 290.885274  -37.27996  -48.62559      0.918    1512.16    693.000    686.710     7.6040     7.6071     0.0031     7.5342     7.5373     0.0030   3.566995   3.567127   0.000192    34.4867    34.4858     4.8931    26.9390    26.9378    34.4784    26.9325    1491.74    1491.75     7.5341  1030.0739    34.6421 0.0000e+00
      19291 290.885287  -37.27996  -48.62560      0.877    1512.16    694.000    687.699     7.5939     7.5959     0.0019     7.5241     7.5260     0.0019   3.565859   3.565975   0.000105    34.4827    34.4819     4.9021    26.9373    26.9364    34.4756    26.9318    1491.71    1491.72     7.5239  1030.0779    34.6393 0.0000e+00
      19313 290.885297  -37.27996  -48.62560      1.014    1512.16    695.000    688.689     7.5876     7.5882     0.0006     7.5176     7.5182     0.0006   3.565249   3.565225  -0.000015    34.4809    34.4802     4.9096    26.9368    26.9362    34.4749    26.9321    1491.70    1491.70     7.5175  1030.0828    34.6385 0.0000e+00
      19332 290.885306  -37.27996  -48.62560      1.161    1512.16    696.000    689.678     7.5849     7.5844    -0.0006     7.5149     7.5144    -0.0006   3.565018   3.564804  -0.000172    34.4800    34.4787     4.9106    26.9365    26.9356    34.4745    26.9322    1491.71    1491.70     7.5148  1030.0874    34.6382 0.0000e+00
      19351 290.885315  -37.27996  -48.62560      1.258    1512.16    697.000    690.667     7.5791     7.5776    -0.0015     7.5090     7.5075    -0.0015   3.564467   3.564123  -0.000343    34.4794    34.4772     4.9097    26.9369    26.9354    34.4738    26.9325    1491.70    1491.69     7.5089  1030.0923    34.6375 0.0000e+00
      19369 290.885324  -37.27996  -48.62560      1.288    1512.16    698.000    691.656     7.5687     7.5682    -0.0005     7.4986     7.4981    -0.0005   3.563396   3.563200  -0.000207    34.4779    34.4761     4.9151    26.9372    26.9359    34.4721    26.9327    1491.67    1491.67     7.4984  1030.0972    34.6358 0.0000e+00
      19388 290.885333  -37.27997  -48.62560      1.286    1512.16    699.000    692.646     7.5590     7.5590     0.0000     7.4888     7.4888     0.0000   3.562409   3.562219  -0.000178    34.4765    34.4745     4.9241    26.9375    26.9359    34.4705    26.9328    1491.65    1491.65     7.4887  1030.1020    34.6342 0.0000e+00
      19408 290.885343  -37.27998  -48.62560      1.268    1512.16    700.000    693.635     7.5349     7.5321    -0.0028     7.4647     7.4620    -0.0028   3.559955   3.559296  -0.000601    34.4747    34.4710     4.9278    26.9396    26.9370    34.4674    26.9338    1491.57    1491.56     7.4646  1030.1079    34.6310 0.0000e+00
      19434 290.885355  -37.27998  -48.62560      1.063    1512.16    701.000    694.624     7.5146     7.5415     0.0269     7.4445     7.4712     0.0267   3.558061   3.561426   0.002841    34.4730    34.4772     4.9189    26.9411    26.9406    34.4665    26.9360    1491.51    1491.63     7.4443  1030.1149    34.6301 0.0000e+00
      19468 290.885372  -37.27998  -48.62560      0.705    1512.16    702.000    695.613     7.4572     7.4851     0.0280     7.3872     7.4150     0.0278   3.552273   3.554051   0.002193    34.4681    34.4642     4.9225    26.9454    26.9384    34.4602    26.9392    1491.30    1491.40     7.3870  1030.1236    34.6238 0.0000e+00
      19494 290.885384  -37.27998  -48.62560      0.812    1512.16    703.000    696.603     7.4234     7.4278     0.0044     7.3535     7.3579     0.0044   3.548384   3.548516   0.000096    34.4616    34.4583     4.9310    26.9451    26.9419    34.4510    26.9368    1491.17    1491.19     7.3534  1030.1262    34.6146 0.0000e+00
      19515 290.885394  -37.27998  -48.62560      1.020    1511.24    704.000    697.592     7.3586     7.3634     0.0048     7.2889     7.2937     0.0048   3.542083   3.542137   0.000138    34.4569    34.4536     4.9415    26.9506    26.9473    34.4464    26.9423    1490.94    1490.95     7.2888  1030.1373    34.6099 0.0000e+00
      19533 290.885403  -37.27998  -48.62560      1.200    1510.42    705.000    698.581     7.3332     7.3323    -0.0010     7.2636     7.2627    -0.0010   3.539832   3.539427  -0.000348    34.4550    34.4522     4.9493    26.9526    26.9506    34.4466    26.9460    1490.85    1490.85     7.2634  1030.1459    34.6101 0.0000e+00
      19551 290.885412  -37.27998  -48.62560      1.316    1510.41    706.000    699.570     7.3151     7.3130    -0.0021     7.2455     7.2434    -0.0021   3.538242   3.537725  -0.000497    34.4547    34.4514     4.9530    26.9550    26.9526    34.4468    26.9487    1490.80    1490.79     7.2453  1030.1535    34.6105 0.0000e+00
      19570 290.885421  -37.27998 -9.990e-29      1.324    1510.41    707.000    700.560     7.3101     7.3039    -0.0061     7.2404     7.2343    -0.0061   3.537995   3.537192  -0.000719    34.4538    34.4521     4.9615    26.9550    26.9545    34.4486    26.9509    1490.80    1490.77     7.2402  1030.1604    34.6124 0.0000e+00
      19596 290.885433  -37.27998 -9.990e-29      1.101    1510.41    708.000    701.549     7.3320     7.3234    -0.0086     7.2621     7.2536    -0.0086   3.540264   3.539617  -0.000646    34.4546    34.4561     4.9604    26.9525    26.9549    34.4510    26.9497    1490.91    1490.87     7.2620  1030.1633    34.6149 0.0000e+00
      19626 290.885448  -37.27998 -9.990e-29      0.802    1510.41    709.000    702.538     7.3037     7.3047     0.0010     7.2338     7.2348     0.0010   3.537163   3.536796  -0.000416    34.4528    34.4473     4.9511    26.9551    26.9506    34.4450    26.9489    1490.80    1490.80     7.2336  1030.1676    34.6088 0.0000e+00
      19651 290.885460  -37.27998  -48.62562      0.860    1510.41    710.000    703.527     7.2887     7.2898     0.0011     7.2188     7.2199     0.0011   3.536044   3.536060   0.000031    34.4511    34.4504     4.9373    26.9559    26.9551    34.4472    26.9528    1490.77    1490.77     7.2187  1030.1761    34.6109 0.0000e+00
      19672 290.885470  -37.27998  -48.62562      1.038    1510.41    711.000    704.516     7.2923     7.2925     0.0002     7.2223     7.2224     0.0002   3.536543   3.536468  -0.000063    34.4523    34.4514     4.9389    26.9563    26.9556    34.4485    26.9534    1490.80    1490.80     7.2222  1030.1810    34.6121 0.0000e+00
      19690 290.885479  -37.27998  -48.62562      1.203    1510.41    712.000    705.505     7.2910     7.2904    -0.0006     7.2209     7.2203    -0.0006   3.536597   3.536460  -0.000128    34.4530    34.4523     4.9478    26.9571    26.9566    34.4499    26.9547    1490.81    1490.81     7.2208  1030.1868    34.6135 0.0000e+00
      19708 290.885488  -37.27998  -48.62562      1.303    1510.41    713.000    706.495     7.2904     7.2901    -0.0003     7.2202     7.2199    -0.0003   3.536684   3.536584  -0.000097    34.4541    34.4534     4.9451    26.9581    26.9575    34.4510    26.9556    1490.83    1490.82     7.2200  1030.1923    34.6146 0.0000e+00
      19727 290.885497  -37.27999  -48.62562      1.318    1510.41    714.000    707.484     7.2899     7.2898    -0.0000     7.2196     7.2195    -0.0000   3.536776   3.536696  -0.000081    34.4547    34.4539     4.9376    26.9587    26.9580    34.4521    26.9565    1490.84    1490.84     7.2194  1030.1977    34.6157 0.0000e+00
      19746 290.885506  -37.28000  -48.62561      1.290    1510.41    715.000    708.473     7.2867     7.2872     0.0005     7.2163     7.2168     0.0005   3.536548   3.536499  -0.000045    34.4555    34.4544     4.9254    26.9597    26.9588    34.4523    26.9572    1490.85    1490.85     7.2161  1030.2029    34.6159 0.0000e+00
      19766 290.885515  -37.28000  -48.62560      1.244    1510.41    716.000    709.462     7.2822     7.2824     0.0002     7.2117     7.2119     0.0002   3.536300   3.536258  -0.000047    34.4559    34.4552     4.9077    26.9606    26.9601    34.4535    26.9588    1490.85    1490.85     7.2116  1030.2091    34.6172 0.0000e+00
      19787 290.885526  -37.28000  -48.62560      1.169    1510.41    717.000    710.451     7.2809     7.2810     0.0002     7.2103     7.2105     0.0002   3.536166   3.536106  -0.000046    34.4554    34.4548     4.8938    26.9605    26.9599    34.4529    26.9585    1490.86    1490.86     7.2102  1030.2133    34.6166 0.0000e+00
      19812 290.885538  -37.28000  -48.62560      1.048    1510.41    718.000    711.441     7.2742     7.2730    -0.0012     7.2035     7.2024    -0.0012   3.535571   3.535547  -0.000028    34.4551    34.4559     4.8898    26.9611    26.9620    34.4526    26.9592    1490.85    1490.85     7.2034  1030.2187    34.6163 0.0000e+00
      19840 290.885551  -37.28000  -48.62560      0.896    1510.41    719.000    712.429     7.2514     7.2562     0.0048     7.1808     7.1855     0.0047   3.533246   3.533815   0.000453    34.4553    34.4555     4.8896    26.9645    26.9640    34.4495    26.9599    1490.77    1490.79     7.1807  1030.2242    34.6131 0.0000e+00
      19869 290.885565  -37.28000  -48.62561      0.827    1510.41    720.000    713.419     7.1894     7.2044     0.0150     7.1190     7.1340     0.0150   3.527322   3.528930   0.001602    34.4524    34.4549     4.8960    26.9708    26.9707    34.4460    26.9659    1490.55    1490.61     7.1189  1030.2357    34.6096 0.0000e+00
      19896 290.885578  -37.28000  -48.62562      0.865    1510.41    721.000    714.408     7.1666     7.1720     0.0055     7.0962     7.1016     0.0055   3.524847   3.525102   0.000256    34.4485    34.4458     4.8899    26.9710    26.9681    34.4412    26.9653    1490.47    1490.49     7.0960  1030.2401    34.6048 0.0000e+00
      19918 290.885589  -37.28000  -48.62562      0.977    1510.41    722.000    715.397     7.0892     7.0978     0.0086     7.0192     7.0277     0.0086   3.516859   3.517208   0.000436    34.4420    34.4382     4.9059    26.9765    26.9724    34.4305    26.9674    1490.17    1490.20     7.0190  1030.2481    34.5940 0.0000e+00
      19937 290.885598  -37.28000  -48.62562      1.125    1510.41    723.000    716.386     7.0565     7.0574     0.0010     6.9865     6.9875     0.0010   3.513599   3.513769   0.000203    34.4344    34.4357     4.9056    26.9751    26.9760    34.4269    26.9692    1490.06    1490.06     6.9864  1030.2549    34.5904 0.0000e+00
      19956 290.885607  -37.28000  -48.62562      1.252    1510.41    724.000    717.375     7.0462     7.0440    -0.0023     6.9762     6.9740    -0.0022   3.512574   3.512276  -0.000262    34.4319    34.4313     4.8989    26.9745    26.9743    34.4254    26.9694    1490.03    1490.02     6.9761  1030.2598    34.5889 0.0000e+00
      19973 290.885615  -37.28000  -48.62562      1.325    1510.41    725.000    718.364     7.0348     7.0339    -0.0009     6.9648     6.9639    -0.0009   3.511280   3.511066  -0.000253    34.4295    34.4277     4.9083    26.9742    26.9729    34.4221    26.9684    1490.00    1490.00     6.9646  1030.2635    34.5856 0.0000e+00
      19992 290.885625  -37.28000  -48.62562      1.324    1510.41    726.000    719.354     7.0085     7.0117     0.0031     6.9385     6.9417     0.0031   3.508397   3.508549   0.000138    34.4257    34.4241     4.9380    26.9748    26.9731    34.4162    26.9674    1489.91    1489.92     6.9384  1030.2675    34.5797 0.0000e+00
      20013 290.885635  -37.28001  -48.62562      1.247    1510.41    727.000    720.343     6.9656     6.9660     0.0004     6.8957     6.8961     0.0004   3.504014   3.503676  -0.000268    34.4209    34.4176     4.9676    26.9769    26.9743    34.4105    26.9687    1489.75    1489.75     6.8956  1030.2741    34.5740 0.0000e+00
