Pos-Processados/teste_atual_pos-process-op41/Dados/doperantar_41_002.cnv
* Sea-Bird SBE 9 Data File:
* FileName = C:\Users\Dell\Desktop\Operantar XLI\Raw\OP41002.hdr
* Software Version Seasave V 7.26.7.110
* Temperature SN = 6497
* Conductivity SN = 4954
* Number of Bytes Per Scan = 31
* Number of Voltage Words = 2
* Number of Scans Averaged by the Deck Unit = 1
* NMEA Latitude = 37 16.72 S
* NMEA Longitude = 048 37.48 W
* NMEA UTC (Time) = Oct 17 2022 21:01:25
* NMEA baud rate = 4800
** H41
** Navio Polar Almirante Maximiano
** LH-021/2022
** Operantar XLI
** Número da Estação 002
** Latitude 37ª16.719
** Longitude 048ª37.474
** Data/Hora (Z) 17/10/2022 2100Z
** Profundidade local
** 09-1439
** Nome do Operador 1T FILIPE LOPES
# nquan = 30
# nvalues = 1054                        
# units = specified
# name 0 = scan: Scan Count
# name 1 = timeJ: Julian Days
# name 2 = latitude: Latitude [deg]
# name 3 = longitude: Longitude [deg]
# name 4 = dz/dtM: Descent Rate [m/s]
# name 5 = avgsvCM: Average Sound Velocity [Chen-Millero, m/s]
# name 6 = prDM: Pressure, Digiquartz [db]
# name 7 = depSM: Depth [salt water, m]
# name 8 = t090C: Temperature [ITS-90, deg C]
# name 9 = t190C: Temperature, 2 [ITS-90, deg C]
# name 10 = T2-T190C: Temperature Difference, 2 - 1 [ITS-90, deg C]
# name 11 = potemp090C: Potential Temperature [ITS-90, deg C]
# name 12 = potemp190C: Potential Temperature, 2 [ITS-90, deg C]
# name 13 = potemp90Cdiff: Potential Temperature, Diff, 2 - 1 [ITS-90, deg C]
# name 14 = c0S/m: Conductivity [S/m]
# name 15 = c1S/m: Conductivity, 2 [S/m]
# name 16 = C2-C1S/m: Conductivity Difference, 2 - 1 [S/m]
# name 17 = sal00: Salinity, Practical [PSU]
# name 18 = sal11: Salinity, Practical, 2 [PSU]
# name 19 = sbeox0ML/L: Oxygen, SBE 43 [ml/l]
# name 20 = sigma-é00: Density [sigma-theta, kg/m^3]
# name 21 = sigma-é11: Density, 2 [sigma-theta, kg/m^3]
# name 22 = sal00: Salinity, Practical [PSU]
# name 23 = sigma-é00: Density [sigma-theta, kg/m^3]
# name 24 = svCM: Sound Velocity [Chen-Millero, m/s]
# name 25 = svCM1: Sound Velocity, 2 [Chen-Millero, m/s]
# name 26 = gsw_ptA0: potential temperature [ITS-90, deg C]
# name 27 = gsw_densityA0: density, TEOS-10 [density, kg/m^3]
# name 28 = gsw_saA0: Absolute Salinity [g/kg]
# name 29 = flag:
# span 0 =       2892,      29160       
# span 1 = 290.877378, 290.890046       
# span 2 =  -37.28076,  -37.27886       
# span 3 =  -48.62613,  -48.62480       
# span 4 =      0.075,      1.601       
# span 5 =      -0.01,    1517.65       
# span 6 =      3.000,   1056.000       
# span 7 =      3.049,   1045.487       
# span 8 =     4.2733,    17.7684       
# span 9 =     4.2781,    17.7688       
# span 10 =    -0.0534,     0.0904      
# span 11 =     4.1912,    17.7660      
# span 12 =     4.1959,    17.7664      
# span 13 =    -0.0532,     0.0902      
# span 14 =   3.262743,   4.698621      
# span 15 =   3.262939,   4.698503      
# span 16 =  -0.006876,   0.009333      
# span 17 =    34.1720,    36.1322      
# span 18 =    34.1711,    36.1309      
# span 19 =     4.0232,     5.8279      
# span 20 =    26.1966,    27.1684      
# span 21 =    26.1955,    27.1683      
# span 22 =    34.1698,    36.1320      
# span 23 =    26.1968,    27.1680      
# span 24 =    1482.90,    1518.93      
# span 25 =    1482.90,    1518.93      
# span 26 =     4.1910,    17.7660      
# span 27 =  1026.2141,  1032.0234      
# span 28 =    34.3326,    36.3025      
# span 29 = 0.0000e+00, 0.0000e+00      
# interval = decibars: 1                
# start_time = Oct 17 2022 21:01:25 [NMEA time, header]
# bad_flag = -9.990e-29
*END*
[from data line 532]
      15624 290.883518  -37.27968  -48.62540      0.920    1514.87    535.000    530.345    11.7917    11.8196     0.0280    11.7217    11.7495     0.0279   4.009108   4.011486   0.002241    35.0613    35.0569     4.5041    26.6897    26.6810    35.0538    26.6838    1505.01    1505.11    11.7216  1029.0640    35.2198 0.0000e+00
      15651 290.883531  -37.27968  -48.62540      0.872    1514.87    536.000    531.335    11.7684    11.7841     0.0158    11.6983    11.7140     0.0157   4.006546   4.007414   0.001011    35.0563    35.0514     4.4975    26.6902    26.6834    35.0502    26.6855    1504.95    1504.99    11.6983  1029.0711    35.2173 0.0000e+00
      15673 290.883542 -9.990e-29  -48.62540      0.971    1514.87    537.000    532.325    11.7529    11.7562     0.0034    11.6828    11.6861     0.0033   4.004215   4.004183   0.000025    35.0473    35.0444     4.4959    26.6861    26.6832    35.0415    26.6816    1504.90    1504.91    11.6827  1029.0733    35.2104 0.0000e+00
      15691 290.883550 -9.990e-29  -48.62540      1.145    1514.87    538.000    533.315    11.7467    11.7449    -0.0019    11.6765    11.6746    -0.0019   4.003501   4.003009  -0.000419    35.0439    35.0416     4.4966    26.6847    26.6832    35.0399    26.6815    1504.89    1504.88    11.6765  1029.0777    35.2087 0.0000e+00
      15707 290.883558 -9.990e-29  -48.62540      1.325    1514.87    539.000    534.305    11.7468    11.7432    -0.0036    11.6764    11.6728    -0.0036   4.003480   4.002848  -0.000605    35.0434    35.0409     4.5000    26.6843    26.6830    35.0392    26.6810    1504.91    1504.89    11.6764  1029.0816    35.2080 0.0000e+00
      15723 290.883566 -9.990e-29  -48.62540      1.470    1514.87    540.000    535.295    11.7293    11.7304     0.0010    11.6588    11.6599     0.0010   4.001175   4.000982  -0.000250    35.0408    35.0374     4.5047    26.6856    26.6827    35.0327    26.6792    1504.86    1504.86    11.6588  1029.0844    35.2015 0.0000e+00
      15738 290.883573 -9.990e-29  -48.62540      1.542    1514.87    541.000    536.285    11.7009    11.7035     0.0027    11.6304    11.6331     0.0026   3.998326   3.998349   0.000007    35.0377    35.0353     4.5087    26.6885    26.6861    35.0310    26.6833    1504.78    1504.78    11.6304  1029.0932    35.1998 0.0000e+00
      15755 290.883581  -37.27970  -48.62540      1.524    1514.87    542.000    537.275    11.6658    11.6739     0.0082    11.5953    11.6034     0.0081   3.994279   3.994804   0.000517    35.0328    35.0302     4.5088    26.6913    26.6877    35.0240    26.6844    1504.66    1504.69    11.5953  1029.0979    35.1911 0.0000e+00
      15779 290.883593  -37.27970  -48.62540      1.256    1514.87    543.000    538.265    11.6448    11.6686     0.0239    11.5743    11.5980     0.0238   3.992688   3.995420   0.002645    35.0301    35.0336     4.4922    26.6931    26.6914    35.0277    26.6912    1504.61    1504.70    11.5743  1029.1084    35.1937 0.0000e+00
      15816 290.883611  -37.27970  -48.62540      0.652    1514.87    544.000    539.255    11.6431    11.6641     0.0210    11.5724    11.5934     0.0209   3.991842   3.993779   0.002010    35.0294    35.0293     4.4830    26.6929    26.6889    35.0205    26.6860    1504.61    1504.68    11.5724  1029.1076    35.1864 0.0000e+00
      15848 290.883626  -37.27970  -48.62540      0.703    1514.87    545.000    540.245    11.5677    11.5742     0.0065    11.4972    11.5037     0.0065   3.984403   3.983988  -0.000404    35.0263    35.0162     4.5021    26.7045    26.6955    35.0181    26.6982    1504.37    1504.38    11.4972  1029.1250    35.1839 0.0000e+00
      15872 290.883638  -37.27970  -48.62542      0.889    1514.87    546.000    541.235    11.5389    11.5427     0.0038    11.4685    11.4722     0.0038   3.980869   3.980555  -0.000312    35.0171    35.0105     4.5025    26.7028    26.6969    35.0100    26.6972    1504.27    1504.28    11.4684  1029.1288    35.1758 0.0000e+00
      15894 290.883648  -37.27970  -48.62542      1.053    1514.87    547.000    542.225    11.5250    11.5276     0.0026    11.4545    11.4571     0.0026   3.979019   3.979023  -0.000082    35.0113    35.0081     4.5012    26.7009    26.6978    35.0045    26.6955    1504.23    1504.24    11.4544  1029.1318    35.1703 0.0000e+00
      15916 290.883659  -37.27972  -48.62542      1.106    1514.87    548.000    543.215    11.5026    11.5139     0.0113    11.4320    11.4433     0.0113   3.976684   3.977607   0.000864    35.0089    35.0067     4.5002    26.7032    26.6994    35.0022    26.6979    1504.17    1504.21    11.4320  1029.1388    35.1680 0.0000e+00
      15941 290.883671  -37.27972  -48.62542      1.016    1514.87    549.000    544.205    11.4624    11.4787     0.0164    11.3918    11.4081     0.0163   3.971915   3.973414   0.001522    35.0025    35.0021     4.5063    26.7057    26.7023    34.9927    26.6981    1504.04    1504.09    11.3918  1029.1439    35.1585 0.0000e+00
      15963 290.883682  -37.27972  -48.62542      1.003    1514.87    550.000    545.195    11.3898    11.3995     0.0098    11.3193    11.3291     0.0098   3.963756   3.964579   0.000892    34.9925    34.9921     4.5125    26.7112    26.7091    34.9803    26.7018    1503.79    1503.82    11.3193  1029.1529    35.1461 0.0000e+00
      15982 290.883691  -37.27972  -48.62542      1.133    1514.87    551.000    546.185    11.3578    11.3579     0.0002    11.2873    11.2875     0.0002   3.960561   3.960362  -0.000014    34.9874    34.9871     4.5056    26.7132    26.7130    34.9786    26.7063    1503.69    1503.69    11.2873  1029.1622    35.1443 0.0000e+00
      15999 290.883699  -37.27972  -48.62542      1.285    1514.87    552.000    547.175    11.3422    11.3356    -0.0066    11.2717    11.2652    -0.0065   3.958925   3.957795  -0.001079    34.9843    34.9799     4.4956    26.7137    26.7115    34.9767    26.7077    1503.65    1503.62    11.2717  1029.1682    35.1423 0.0000e+00
      16017 290.883708  -37.27972  -48.62542      1.367    1514.87    553.000    548.165    11.3367    11.3270    -0.0097    11.2661    11.2565    -0.0096   3.958410   3.956969  -0.001357    34.9824    34.9782     4.4827    26.7132    26.7117    34.9763    26.7085    1503.65    1503.61    11.2661  1029.1734    35.1420 0.0000e+00
      16038 290.883718  -37.27972  -48.62542      1.273    1514.87    554.000    549.155    11.3208    11.3267     0.0059    11.2501    11.2560     0.0058   3.956382   3.957775   0.001006    34.9797    34.9841     4.4821    26.7141    26.7164    34.9709    26.7072    1503.60    1503.63    11.2501  1029.1768    35.1366 0.0000e+00
      16064 290.883730  -37.27972  -48.62542      1.031    1514.87    555.000    550.145    11.2781    11.2981     0.0200    11.2075    11.2274     0.0199   3.951945   3.954224   0.002453    34.9751    34.9805     4.4977    26.7183    26.7189    34.9669    26.7119    1503.47    1503.54    11.2075  1029.1864    35.1326 0.0000e+00
      16089 290.883742  -37.27974  -48.62542      0.934    1514.87    556.000    551.135    11.2573    11.2556    -0.0017    11.1866    11.1850    -0.0017   3.950149   3.949395  -0.000624    34.9744    34.9698     4.5015    26.7216    26.7183    34.9684    26.7169    1503.41    1503.40    11.1866  1029.1961    35.1340 0.0000e+00
      16119 290.883757  -37.27974  -48.62542      0.873    1514.87    557.000    552.125    11.2688    11.2914     0.0226    11.1979    11.2205     0.0225   3.951394   3.954056   0.002385    34.9741    34.9763     4.5050    26.7193    26.7169    34.9694    26.7156    1503.47    1503.55    11.1979  1029.1991    35.1351 0.0000e+00
      16155 290.883774  -37.27974  -48.62542      0.659    1514.87    558.000    553.114    11.2327    11.2449     0.0122    11.1619    11.1741     0.0122   3.947475   3.947503   0.000324    34.9714    34.9631     4.5185    26.7238    26.7151    34.9643    26.7182    1503.35    1503.38    11.1619  1029.2065    35.1299 0.0000e+00
      16182 290.883787  -37.27974  -48.62544      0.782    1514.87    559.000    554.105    11.1863    11.1914     0.0052    11.1155    11.1207     0.0052   3.942144   3.941796  -0.000437    34.9651    34.9559     4.5185    26.7274    26.7193    34.9550    26.7195    1503.20    1503.20    11.1155  1029.2127    35.1206 0.0000e+00
      16202 290.883797  -37.27974  -48.62544      1.009    1514.87    560.000    555.094    11.1354    11.1428     0.0073    11.0647    11.0720     0.0073   3.936373   3.936767   0.000368    34.9544    34.9511     4.5082    26.7283    26.7244    34.9454    26.7213    1503.02    1503.05    11.0647  1029.2196    35.1110 0.0000e+00
      16220 290.883806  -37.27974  -48.62544      1.202    1514.87    561.000    556.084    11.1158    11.1181     0.0024    11.0450    11.0474     0.0024   3.934103   3.934155   0.000101    34.9495    34.9483     4.5019    26.7280    26.7267    34.9410    26.7215    1502.97    1502.97    11.0450  1029.2244    35.1065 0.0000e+00
      16237 290.883814  -37.27974  -48.62544      1.348    1514.87    562.000    557.074    11.0897    11.0916     0.0019    11.0189    11.0208     0.0019   3.931034   3.931013  -0.000030    34.9450    34.9429     4.5072    26.7293    26.7273    34.9348    26.7213    1502.88    1502.89    11.0189  1029.2291    35.1003 0.0000e+00
      16253 290.883821  -37.27974  -48.62544      1.434    1514.87    563.000    558.064    11.0492    11.0524     0.0033    10.9785    10.9817     0.0033   3.926795   3.926778   0.000077    34.9396    34.9372     4.5124    26.7324    26.7300    34.9306    26.7254    1502.75    1502.76    10.9784  1029.2380    35.0961 0.0000e+00
      16270 290.883830  -37.27974  -48.62544      1.461    1514.87    564.000    559.054    11.0365    11.0393     0.0027    10.9657    10.9684     0.0027   3.925277   3.925458   0.000085    34.9361    34.9343     4.5070    26.7320    26.7301    34.9271    26.7250    1502.72    1502.73    10.9657  1029.2422    35.0926 0.0000e+00
      16288 290.883838  -37.27974  -48.62544      1.426    1514.87    565.000    560.044    11.0019    11.0097     0.0078    10.9311    10.9389     0.0078   3.921644   3.922295   0.000616    34.9328    34.9315     4.5001    26.7357    26.7333    34.9233    26.7283    1502.61    1502.64    10.9311  1029.2503    35.0887 0.0000e+00
      16310 290.883849  -37.27974  -48.62544      1.230    1514.87    566.000    561.033    10.9820    11.0100     0.0279    10.9112    10.9390     0.0278   3.920067   3.923279   0.002862    34.9315    34.9335     4.4966    26.7382    26.7348    34.9260    26.7340    1502.56    1502.67    10.9111  1029.2607    35.0915 0.0000e+00
      16342 290.883865  -37.27974  -48.62544      0.833    1514.87    567.000    562.024    11.0051    11.0298     0.0248    10.9340    10.9587     0.0246   3.922655   3.925171   0.002404    34.9359    34.9364     4.4949    26.7376    26.7335    34.9295    26.7326    1502.66    1502.75    10.9340  1029.2635    35.0950 0.0000e+00
      16381 290.883883  -37.27976  -48.62544      0.632    1514.87    568.000    563.013    10.9345    10.9916     0.0571    10.8636    10.9204     0.0568   3.914943   3.920394   0.005524    34.9277    34.9287     4.7143    26.7439    26.7344    34.9191    26.7372    1502.42    1502.62    10.8636  1029.2733    35.0846 0.0000e+00
      16416 290.883900  -37.27976  -48.62544      0.656    1514.87    569.000    564.003    10.8814    10.9042     0.0229    10.8106    10.8334     0.0228   3.909436   3.910553   0.001332    34.9224    34.9140     4.5621    26.7493    26.7386    34.9142    26.7429    1502.24    1502.31    10.8105  1029.2841    35.0796 0.0000e+00
      16440 290.883912  -37.27976  -48.62545      0.847    1514.87    570.000    564.993    10.8417    10.8458     0.0041    10.7710    10.7750     0.0040   3.904884   3.904265  -0.000619    34.9149    34.9049     4.0232    26.7506    26.7420    34.9059    26.7435    1502.11    1502.11    10.7709  1029.2897    35.0713 0.0000e+00
      16459 290.883921  -37.27976  -48.62546      1.069    1514.87    571.000    565.983    10.8326    10.8329     0.0003    10.7618    10.7621     0.0003   3.903438   3.903254  -0.000103    34.9053    34.9040     4.6103    26.7447    26.7437    34.8997    26.7403    1502.09    1502.09    10.7617  1029.2910    35.0650 0.0000e+00
      16476 290.883929  -37.27976  -48.62546      1.277    1514.87    572.000    566.973    10.8294    10.8269    -0.0024    10.7584    10.7560    -0.0024   3.903011   3.902516  -0.000426    34.9041    34.9021     4.5931    26.7444    26.7433    34.8980    26.7397    1502.09    1502.08    10.7583  1029.2949    35.0634 0.0000e+00
      16492 290.883937  -37.27976  -48.62546      1.427    1514.87    573.000    567.963    10.8241    10.8211    -0.0030    10.7530    10.7501    -0.0029   3.902490   3.902035  -0.000433    34.9029    34.9014     4.5621    26.7444    26.7438    34.8974    26.7401    1502.09    1502.08    10.7530  1029.2998    35.0628 0.0000e+00
      16508 290.883944  -37.27976  -48.62546      1.503    1514.87    574.000    568.952    10.8206    10.8195    -0.0011    10.7494    10.7483    -0.0011   3.902197   3.901896  -0.000281    34.9023    34.9005     4.5437    26.7446    26.7434    34.8974    26.7408    1502.09    1502.09    10.7493  1029.3049    35.0628 0.0000e+00
      16526 290.883953  -37.27976  -48.62545      1.459    1514.87    575.000    569.942    10.8044    10.8128     0.0083    10.7332    10.7415     0.0083   3.900266   3.901069   0.000719    34.8998    34.8991     4.6012    26.7455    26.7435    34.8930    26.7402    1502.05    1502.08    10.7331  1029.3090    35.0583 0.0000e+00
      16557 290.883968  -37.27976  -48.62544      0.971    1514.87    576.000    570.932    10.8028    10.8237     0.0209    10.7314    10.7522     0.0208   3.900651   3.902889   0.002221    34.9013    34.9037     4.9301    26.7471    26.7451    34.8980    26.7444    1502.06    1502.14    10.7314  1029.3177    35.0633 0.0000e+00
      16592 290.883985  -37.27976  -48.62546      0.651    1514.87    577.000    571.922    10.7843    10.7884     0.0041    10.7129    10.7170     0.0041   3.898488   3.898548   0.000104    34.8987    34.8959     4.1075    26.7483    26.7454    34.8934    26.7442    1502.01    1502.02    10.7129  1029.3221    35.0588 0.0000e+00
      16621 290.883999  -37.27976  -48.62546      0.775    1514.87    578.000    572.912    10.7589    10.7648     0.0059    10.6875    10.6934     0.0058   3.895660   3.895752   0.000119    34.8953    34.8909     4.5564    26.7502    26.7457    34.8888    26.7451    1501.93    1501.95    10.6874  1029.3278    35.0542 0.0000e+00
      16644 290.884010  -37.27976  -48.62546      0.942    1514.50    579.000    573.902    10.7029    10.7097     0.0068    10.6316    10.6384     0.0068   3.889214   3.889521   0.000320    34.8866    34.8834     4.5427    26.7534    26.7496    34.8771    26.7459    1501.74    1501.75    10.6315  1029.3337    35.0424 0.0000e+00
      16663 290.884019  -37.27976  -48.62546      1.132    1513.66    580.000    574.891    10.6527    10.6562     0.0035    10.5815    10.5850     0.0035   3.883585   3.883476  -0.000015    34.8785    34.8751     4.5284    26.7559    26.7526    34.8680    26.7477    1501.56    1501.57    10.5814  1029.3406    35.0332 0.0000e+00
      16680 290.884027  -37.27978  -48.62546      1.289    1513.65    581.000    575.881    10.6333    10.6296    -0.0038    10.5621    10.5583    -0.0038   3.881679   3.881055  -0.000613    34.8741    34.8716     4.5231    26.7559    26.7546    34.8668    26.7502    1501.51    1501.49    10.5620  1029.3477    35.0320 0.0000e+00
      16697 290.884035  -37.27978  -48.62546      1.389    1513.65    582.000    576.871    10.6177    10.6160    -0.0017    10.5464    10.5447    -0.0017   3.880009   3.879534  -0.000454    34.8717    34.8687     4.5274    26.7568    26.7548    34.8645    26.7511    1501.47    1501.46    10.5463  1029.3533    35.0297 0.0000e+00
