Pos-Processados/teste_atual_pos-process-op41/Dados/doperantar_41_002.cnv
* Sea-Bird SBE 9 Data File:
* FileName = C:\Users\Dell\Desktop\Operantar XLI\Raw\OP41002.hdr
* Software Version Seasave V 7.26.7.110
* Temperature SN = 6497
* Conductivity SN = 4954
* Number of Bytes Per Scan = 31
* Number of Voltage Words = 2
* Number of Scans Averaged by the Deck Unit = 1
* NMEA Latitude = 37 16.72 S
* NMEA Longitude = 048 37.48 W
* NMEA UTC (Time) = Oct 17 2022 21:01:25
* NMEA baud rate = 4800
** H41
** Navio Polar Almirante Maximiano
** LH-021/2022
** Operantar XLI
** Número da Estação 002
** Latitude 37ª16.719
** Longitude 048ª37.474
** Data/Hora (Z) 17/10/2022 2100Z
** Profundidade local
** 09-1439
** Nome do Operador 1T FILIPE LOPES
# nquan = 30
# nvalues = 1054                        
# units = specified
# name 0 = scan: Scan Count
# name 1 = timeJ: Julian Days
# name 2 = latitude: Latitude [deg]
# name 3 = longitude: Longitude [deg]
# name 4 = dz/dtM: Descent Rate [m/s]
# name 5 = avgsvCM: Average Sound Velocity [Chen-Millero, m/s]
# name 6 = prDM: Pressure, Digiquartz [db]
# name 7 = depSM: Depth [salt water, m]
# name 8 = t090C: Temperature [ITS-90, deg C]
# name 9 = t190C: Temperature, 2 [ITS-90, deg C]
# name 10 = T2-T190C: Temperature Difference, 2 - 1 [ITS-90, deg C]
# name 11 = potemp090C: Potential Temperature [ITS-90, deg C]
# name 12 = potemp190C: Potential Temperature, 2 [ITS-90, deg C]
# name 13 = potemp90Cdiff: Potential Temperature, Diff, 2 - 1 [ITS-90, deg C]
# name 14 = c0S/m: Conductivity [S/m]
# name 15 = c1S/m: Conductivity, 2 [S/m]
# name 16 = C2-C1S/m: Conductivity Difference, 2 - 1 [S/m]
# name 17 = sal00: Salinity, Practical [PSU]
# name 18 = sal11: Salinity, Practical, 2 [PSU]
# name 19 = sbeox0ML/L: Oxygen, SBE 43 [ml/l]
# name 20 = sigma-é00: Density [sigma-theta, kg/m^3]
# name 21 = sigma-é11: Density, 2 [sigma-theta, kg/m^3]
# name 22 = sal00: Salinity, Practical [PSU]
# name 23 = sigma-é00: Density [sigma-theta, kg/m^3]
# name 24 = svCM: Sound Velocity [Chen-Millero, m/s]
# name 25 = svCM1: Sound Velocity, 2 [Chen-Millero, m/s]
# name 26 = gsw_ptA0: potential temperature [ITS-90, deg C]
# name 27 = gsw_densityA0: density, TEOS-10 [density, kg/m^3]
# name 28 = gsw_saA0: Absolute Salinity [g/kg]
# name 29 = flag:
# span 0 =       2892,      29160       
# span 1 = 290.877378, 290.890046       
# span 2 =  -37.28076,  -37.27886       
# span 3 =  -48.62613,  -48.62480       
# span 4 =      0.075,      1.601       
# span 5 =      -0.01,    1517.65       
# span 6 =      3.000,   1056.000       
# span 7 =      3.049,   1045.487       
# span 8 =     4.2733,    17.7684       
# span 9 =     4.2781,    17.7688       
# span 10 =    -0.0534,     0.0904      
# span 11 =     4.1912,    17.7660      
# span 12 =     4.1959,    17.7664      
# span 13 =    -0.0532,     0.0902      
# span 14 =   3.262743,   4.698621      
# span 15 =   3.262939,   4.698503      
# span 16 =  -0.006876,   0.009333      
# span 17 =    34.1720,    36.1322      
# span 18 =    34.1711,    36.1309      
# span 19 =     4.0232,     5.8279      
# span 20 =    26.1966,    27.1684      
# span 21 =    26.1955,    27.1683      
# span 22 =    34.1698,    36.1320      
# span 23 =    26.1968,    27.1680      
# span 24 =    1482.90,    1518.93      
# span 25 =    1482.90,    1518.93      
# span 26 =     4.1910,    17.7660      
# span 27 =  1026.2141,  1032.0234      
# span 28 =    34.3326,    36.3025      
# span 29 = 0.0000e+00, 0.0000e+00      
# interval = decibars: 1                
# start_time = Oct 17 2022 21:01:25 [NMEA time, header]
# bad_flag = -9.990e-29
*END*
[from data line 194]
       7795 290.879742  -37.27908 -9.990e-29      1.006    1517.43    197.000    195.445    17.2534    17.2627     0.0093    17.2203    17.2296     0.0093   4.643674   4.643253  -0.000360    36.0489    36.0374     4.9034    26.2666    26.2556    36.0422    26.2615    1518.05    1518.07    17.2204  1027.1225    36.2124 0.0000e+00
       7817 290.879753  -37.27908 -9.990e-29      1.033    1517.43    198.000    196.437    17.2173    17.2251     0.0077    17.1841    17.1919     0.0077   4.638404   4.638256  -0.000256    36.0377    36.0285     4.8951    26.2668    26.2579    36.0281    26.2594    1517.94    1517.96    17.1841  1027.1249    36.1982 0.0000e+00
       7836 290.879762  -37.27908 -9.990e-29      1.143    1517.43    199.000    197.429    17.1901    17.1928     0.0027    17.1567    17.1595     0.0027   4.634763   4.634602  -0.000110    36.0262    36.0228     4.8947    26.2645    26.2613    36.0203    26.2600    1517.87    1517.87    17.1567  1027.1299    36.1903 0.0000e+00
       7853 290.879770  -37.27908 -9.990e-29      1.292    1517.43    200.000    198.420    17.1852    17.1846    -0.0006    17.1517    17.1511    -0.0006   4.634136   4.633876  -0.000249    36.0237    36.0220     4.8856    26.2638    26.2628    36.0187    26.2601    1517.87    1517.87    17.1517  1027.1344    36.1888 0.0000e+00
       7869 290.879778  -37.27908 -9.990e-29      1.408    1517.43    201.000    199.412    17.1801    17.1797    -0.0004    17.1464    17.1460    -0.0004   4.633309   4.633002  -0.000313    36.0216    36.0192     4.8651    26.2636    26.2618    36.0157    26.2590    1517.87    1517.87    17.1464  1027.1377    36.1858 0.0000e+00
       7888 290.879787  -37.27908 -9.990e-29      1.411    1517.43    202.000    200.403    17.1628    17.1661     0.0033    17.1290    17.1323     0.0033   4.631260   4.631472   0.000117    36.0179    36.0160     4.8507    26.2649    26.2626    36.0129    26.2610    1517.83    1517.84    17.1290  1027.1441    36.1829 0.0000e+00
       7914 290.879800  -37.27909 -9.990e-29      1.109    1517.43    203.000    201.395    17.1579    17.1757     0.0179    17.1239    17.1417     0.0178   4.631137   4.632837   0.001645    36.0186    36.0171     4.8545    26.2667    26.2612    36.0158    26.2645    1517.84    1517.89    17.1239  1027.1519    36.1859 0.0000e+00
       7946 290.879815  -37.27910  -48.62496      0.762    1517.43    204.000    202.386    17.1546    17.1676     0.0130    17.1205    17.1334     0.0130   4.630684   4.631391   0.000772    36.0195    36.0146     4.8584    26.2682    26.2613    36.0144    26.2643    1517.84    1517.87    17.1205  1027.1560    36.1845 0.0000e+00
       7974 290.879829  -37.27910  -48.62496      0.793    1517.43    205.000    203.378    17.1307    17.1322     0.0015    17.0964    17.0979     0.0015   4.627825   4.627320  -0.000431    36.0143    36.0092     4.8763    26.2699    26.2657    36.0104    26.2670    1517.78    1517.78    17.0964  1027.1632    36.1805 0.0000e+00
       7996 290.879839  -37.27908  -48.62496      0.957    1517.56    206.000    204.370    17.1220    17.1258     0.0038    17.0876    17.0914     0.0038   4.626498   4.626435  -0.000098    36.0108    36.0065     4.8773    26.2694    26.2652    36.0062    26.2658    1517.77    1517.78    17.0876  1027.1664    36.1762 0.0000e+00
       8015 290.879849  -37.27908  -48.62496      1.134    1517.65    207.000    205.361    17.1006    17.1063     0.0057    17.0661    17.0717     0.0057   4.623621   4.623891   0.000262    36.0053    36.0025     4.8719    26.2703    26.2668    35.9997    26.2661    1517.71    1517.73    17.0661  1027.1711    36.1698 0.0000e+00
       8033 290.879857  -37.27908  -48.62496      1.272    1517.65    208.000    206.353    17.0853    17.0882     0.0029    17.0506    17.0536     0.0029   4.621782   4.621847   0.000113    36.0012    35.9996     4.8723    26.2709    26.2690    35.9969    26.2676    1517.68    1517.69    17.0506  1027.1770    36.1669 0.0000e+00
       8051 290.879866  -37.27908  -48.62496      1.345    1517.65    209.000    207.345    17.0715    17.0732     0.0018    17.0366    17.0384     0.0017   4.619976   4.619968  -0.000041    35.9986    35.9967     4.8712    26.2723    26.2704    35.9931    26.2680    1517.65    1517.66    17.0366  1027.1822    36.1635 0.0000e+00
       8070 290.879875 -9.990e-29  -48.62496      1.327    1517.65    210.000    208.336    17.0471    17.0532     0.0061    17.0121    17.0182     0.0061   4.617140   4.617640   0.000471    35.9950    35.9936     4.8668    26.2753    26.2728    35.9897    26.2713    1517.59    1517.61    17.0121  1027.1904    36.1608 0.0000e+00
       8093 290.879886 -9.990e-29  -48.62496      1.169    1517.65    211.000    209.328    17.0333    17.0453     0.0120    16.9982    17.0101     0.0120   4.615946   4.616964   0.001019    35.9949    35.9931     4.8724    26.2787    26.2744    35.9912    26.2758    1517.57    1517.60    16.9982  1027.1993    36.1623 0.0000e+00
       8121 290.879900 -9.990e-29  -48.62496      0.925    1517.65    212.000    210.319    17.0230    17.0403     0.0174    16.9877    17.0050     0.0174   4.615193   4.616593   0.001393    35.9974    35.9940     4.8815    26.2830    26.2763    35.9935    26.2800    1517.56    1517.61    16.9877  1027.2079    36.1646 0.0000e+00
       8148 290.879913  -37.27910  -48.62496      0.844    1517.65    213.000    211.311    17.0113    17.0133     0.0019    16.9759    16.9778     0.0019   4.614057   4.613420  -0.000564    35.9967    35.9901     4.8797    26.2854    26.2798    35.9935    26.2829    1517.54    1517.54    16.9759  1027.2149    36.1643 0.0000e+00
       8172 290.879924  -37.27910  -48.62496      0.940    1517.65    214.000    212.302    17.0131    17.0136     0.0005    16.9775    16.9780     0.0005   4.614228   4.613838  -0.000397    35.9951    35.9912     4.8840    26.2837    26.2806    35.9930    26.2821    1517.56    1517.56    16.9775  1027.2178    36.1630 0.0000e+00
       8191 290.879934  -37.27910  -48.62496      1.098    1517.65    215.000    213.294    17.0193    17.0192    -0.0001    16.9835    16.9834    -0.0001   4.614947   4.614668  -0.000270    35.9952    35.9929     4.8902    26.2824    26.2806    35.9934    26.2810    1517.60    1517.59    16.9835  1027.2211    36.1634 0.0000e+00
       8210 290.879943  -37.27910  -48.62496      1.239    1517.65    216.000    214.286    17.0189    17.0198     0.0009    16.9829    16.9839     0.0009   4.614834   4.614747  -0.000090    35.9949    35.9933     4.8968    26.2823    26.2808    35.9924    26.2804    1517.61    1517.61    16.9830  1027.2247    36.1624 0.0000e+00
       8229 290.879952  -37.27910  -48.62496      1.287    1517.65    217.000    215.277    17.0079    17.0111     0.0032    16.9718    16.9750     0.0032   4.613559   4.613748   0.000198    35.9934    35.9922     4.8944    26.2838    26.2821    35.9907    26.2817    1517.59    1517.60    16.9718  1027.2305    36.1607 0.0000e+00
       8253 290.879963  -37.27910  -48.62496      1.152    1517.65    218.000    216.269    16.9970    17.0090     0.0120    16.9608    16.9728     0.0120   4.612290   4.613618   0.001203    35.9917    35.9916     4.8819    26.2851    26.2822    35.9889    26.2830    1517.57    1517.61    16.9608  1027.2361    36.1589 0.0000e+00
       8283 290.879978  -37.27911 -9.990e-29      0.850    1517.65    219.000    217.260    16.9922    17.0017     0.0095    16.9558    16.9653     0.0095   4.612028   4.612503   0.000571    35.9922    35.9887     4.8848    26.2867    26.2817    35.9905    26.2854    1517.58    1517.60    16.9558  1027.2429    36.1605 0.0000e+00
       8313 290.879992  -37.27912 -9.990e-29      0.768    1517.65    220.000    218.252    16.9990    16.9944    -0.0046    16.9624    16.9579    -0.0046   4.613011   4.612141  -0.000849    35.9931    35.9897     4.8972    26.2858    26.2843    35.9926    26.2855    1517.62    1517.60    16.9624  1027.2473    36.1626 0.0000e+00
       8337 290.880004  -37.27912 -9.990e-29      0.903    1517.65    221.000    219.243    17.0026    17.0033     0.0007    16.9659    16.9666     0.0007   4.613341   4.613232  -0.000092    35.9928    35.9914     4.8946    26.2848    26.2835    35.9919    26.2841    1517.64    1517.64    16.9659  1027.2502    36.1619 0.0000e+00
       8356 290.880013  -37.27912  -48.62498      1.095    1517.65    222.000    220.235    17.0048    17.0047    -0.0001    16.9679    16.9678    -0.0001   4.613701   4.613534  -0.000160    35.9934    35.9921     4.9073    26.2847    26.2837    35.9927    26.2842    1517.67    1517.67    16.9679  1027.2547    36.1627 0.0000e+00
       8373 290.880021  -37.27912  -48.62498      1.268    1517.65    223.000    221.227    17.0047    17.0050     0.0003    16.9676    16.9679     0.0003   4.613713   4.613554  -0.000121    35.9932    35.9919     4.9095    26.2846    26.2836    35.9925    26.2841    1517.68    1517.68    16.9676  1027.2590    36.1625 0.0000e+00
       8390 290.880029  -37.27912  -48.62498      1.391    1517.65    224.000    222.218    17.0041    17.0040    -0.0001    16.9668    16.9668    -0.0001   4.613650   4.613485  -0.000176    35.9934    35.9919     4.9003    26.2850    26.2839    35.9921    26.2840    1517.70    1517.70    16.9668  1027.2632    36.1621 0.0000e+00
       8408 290.880038  -37.27912  -48.62498      1.410    1517.65    225.000    223.209    16.9899    16.9928     0.0029    16.9525    16.9554     0.0029   4.611737   4.611907   0.000137    35.9908    35.9894     4.8987    26.2864    26.2846    35.9877    26.2840    1517.67    1517.67    16.9525  1027.2676    36.1577 0.0000e+00
       8429 290.880048  -37.27912  -48.62498      1.253    1517.65    226.000    224.201    16.9735    16.9790     0.0055    16.9359    16.9414     0.0055   4.609843   4.610391   0.000493    35.9875    35.9869     4.9066    26.2878    26.2861    35.9854    26.2862    1517.63    1517.65    16.9359  1027.2742    36.1554 0.0000e+00
       8457 290.880062  -37.27912  -48.62498      0.971    1517.65    227.000    225.192    16.9641    16.9761     0.0120    16.9264    16.9384     0.0120   4.609129   4.609858   0.000804    35.9881    35.9844     4.9016    26.2905    26.2848    35.9871    26.2898    1517.62    1517.65    16.9264  1027.2822    36.1571 0.0000e+00
       8487 290.880076  -37.27912  -48.62498      0.807    1517.65    228.000    226.184    16.9639    16.9686     0.0047    16.9260    16.9308     0.0047   4.608988   4.608810  -0.000206    35.9876    35.9815     4.8998    26.2902    26.2845    35.9857    26.2888    1517.64    1517.65    16.9261  1027.2855    36.1556 0.0000e+00
       8516 290.880090  -37.27912  -48.62498      0.808    1517.65    229.000    227.175    16.9534    16.9534     0.0001    16.9153    16.9154     0.0001   4.607581   4.607014  -0.000530    35.9844    35.9797     4.8938    26.2904    26.2867    35.9824    26.2888    1517.62    1517.61    16.9154  1027.2900    36.1523 0.0000e+00
       8540 290.880102  -37.27912  -48.62498      0.920    1517.65    230.000    228.166    16.9345    16.9443     0.0098    16.8963    16.9061     0.0098   4.604976   4.605726   0.000558    35.9812    35.9773     4.8942    26.2924    26.2871    35.9760    26.2885    1517.57    1517.60    16.8964  1027.2940    36.1459 0.0000e+00
       8561 290.880112  -37.27912  -48.62498      1.062    1517.65    231.000    229.158    16.8919    16.9071     0.0152    16.8537    16.8688     0.0151   4.599782   4.600873   0.001112    35.9733    35.9695     4.8998    26.2965    26.2900    35.9682    26.2926    1517.45    1517.49    16.8537  1027.3035    36.1391 0.0000e+00
       8583 290.880122 -9.990e-29  -48.62498      1.123    1517.65    232.000    230.150    16.8659    16.8887     0.0228    16.8276    16.8503     0.0228   4.596680   4.599027   0.002136    35.9678    35.9661     4.8941    26.2985    26.2918    35.9638    26.2955    1517.38    1517.45    16.8276  1027.3110    36.1350 0.0000e+00
       8608 290.880135 -9.990e-29  -48.62498      1.015    1517.65    233.000    231.141    16.8548    16.8784     0.0236    16.8163    16.8398     0.0235   4.595212   4.597154   0.002145    35.9638    35.9615     4.8744    26.2982    26.2908    35.9605    26.2956    1517.36    1517.43    16.8163  1027.3155    36.1316 0.0000e+00
       8632 290.880146 -9.990e-29  -48.62498      0.965    1517.65    234.000    232.132    16.8431    16.8464     0.0033    16.8044    16.8077     0.0033   4.593284   4.593024  -0.000284    35.9587    35.9532     4.8626    26.2971    26.2920    35.9537    26.2932    1517.34    1517.34    16.8044  1027.3175    36.1248 0.0000e+00
       8651 290.880155  -37.27914  -48.62498      1.086    1517.65    235.000    233.124    16.8080    16.8129     0.0049    16.7692    16.7741     0.0049   4.588143   4.588230   0.000117    35.9466    35.9433     4.8662    26.2961    26.2924    35.9395    26.2907    1517.23    1517.24    16.7692  1027.3192    36.1101 0.0000e+00
       8669 290.880164  -37.27914  -48.62498      1.242    1517.65    236.000    234.115    16.7786    16.7799     0.0013    16.7397    16.7410     0.0013   4.584567   4.584271  -0.000194    35.9395    35.9367     4.8675    26.2977    26.2952    35.9340    26.2934    1517.15    1517.15    16.7397  1027.3258    36.1037 0.0000e+00
       8689 290.880174  -37.27914  -48.62498      1.296    1517.65    237.000    235.106    16.7493    16.7604     0.0111    16.7103    16.7214     0.0111   4.580840   4.582217   0.000966    35.9340    35.9325     4.8618    26.3004    26.2966    35.9271    26.2951    1517.07    1517.11    16.7103  1027.3319    36.0968 0.0000e+00
       8720 290.880188  -37.27914  -48.62498      0.934    1517.65    238.000    236.098    16.7480    16.7946     0.0466    16.7088    16.7553     0.0465   4.581270   4.587084   0.005700    35.9354    35.9438     4.8374    26.3018    26.2972    35.9316    26.2989    1517.09    1517.24    16.7088  1027.3401    36.1013 0.0000e+00
       8757 290.880206  -37.27914  -48.62500      0.617    1517.65    239.000    237.090    16.7118    16.7285     0.0167    16.6725    16.6892     0.0167   4.576416   4.577601   0.001477    35.9260    35.9241     4.8200    26.3032    26.2977    35.9210    26.2993    1516.99    1517.03    16.6725  1027.3450    36.0906 0.0000e+00
       8783 290.880219  -37.27914  -48.62500      0.801    1517.65    240.000    238.081    16.6918    16.6946     0.0029    16.6524    16.6552     0.0029   4.573847   4.573392  -0.000499    35.9216    35.9147     4.8016    26.3046    26.2986    35.9158    26.3001    1516.94    1516.94    16.6524  1027.3502    36.0855 0.0000e+00
       8803 290.880229  -37.27914  -48.62500      1.032    1517.65    241.000    239.073    16.6610    16.6675     0.0065    16.6215    16.6280     0.0065   4.569577   4.569770   0.000230    35.9122    35.9084     4.7989    26.3047    26.3002    35.9054    26.2994    1516.85    1516.87    16.6215  1027.3540    36.0750 0.0000e+00
       8822 290.880238  -37.27914  -48.62500      1.208    1517.65    242.000    240.064    16.6516    16.6510    -0.0006    16.6120    16.6113    -0.0006   4.568665   4.568213  -0.000387    35.9090    35.9062     4.8127    26.3044    26.3024    35.9054    26.3016    1516.84    1516.83    16.6120  1027.3606    36.0750 0.0000e+00
       8842 290.880248  -37.27914  -48.62500      1.244    1517.65    243.000    241.055    16.6469    16.6490     0.0020    16.6071    16.6091     0.0020   4.567887   4.567998   0.000091    35.9062    35.9051     4.8212    26.3034    26.3021    35.9023    26.3004    1516.84    1516.84    16.6071  1027.3638    36.0719 0.0000e+00
