Pos-Processados/teste_atual_pos-process-op41/Dados/doperantar_41_007.cnv
* Sea-Bird SBE 9 Data File:
* FileName = C:\Users\Dell\Desktop\OperantarXLI\config\00_BRUTOS\OP41007.hdr
* Software Version Seasave V 7.26.7.110
* Temperature SN = 6497
* Conductivity SN = 4954
* Number of Bytes Per Scan = 31
* Number of Voltage Words = 2
* Number of Scans Averaged by the Deck Unit = 1
* NMEA Latitude = 42 10.83 S
* NMEA Longitude = 052 56.87 W
* NMEA UTC (Time) = Oct 22 2022 04:55:15
* NMEA baud rate = 4800
** H41
** Navio Polar Almirante Maximiano
** LH-021/2022
** Operantar XLI
** Número da Estação 007
** Latitude 42 10.857'S
** Longitude 052 56.879W
** Data/Hora (Z) 22/10/2022 0455Z
** Profundidade local 5627 m
** 09-1439
** Nome do Operador 1T FILIPE LOPES
# nquan = 30
# nvalues = 1017                        
# units = specified
# name 0 = scan: Scan Count
# name 1 = timeJ: Julian Days
# name 2 = latitude: Latitude [deg]
# name 3 = longitude: Longitude [deg]
# name 4 = dz/dtM: Descent Rate [m/s]
# name 5 = avgsvCM: Average Sound Velocity [Chen-Millero, m/s]
# name 6 = prDM: Pressure, Digiquartz [db]
# name 7 = depSM: Depth [salt water, m]
# name 8 = t090C: Temperature [ITS-90, deg C]
# name 9 = t190C: Temperature, 2 [ITS-90, deg C]
# name 10 = T2-T190C: Temperature Difference, 2 - 1 [ITS-90, deg C]
# name 11 = potemp090C: Potential Temperature [ITS-90, deg C]
# name 12 = potemp190C: Potential Temperature, 2 [ITS-90, deg C]
# name 13 = potemp90Cdiff: Potential Temperature, Diff, 2 - 1 [ITS-90, deg C]
# name 14 = c0S/m: Conductivity [S/m]
# name 15 = c1S/m: Conductivity, 2 [S/m]
# name 16 = C2-C1S/m: Conductivity Difference, 2 - 1 [S/m]
# name 17 = sal00: Salinity, Practical [PSU]
# name 18 = sal11: Salinity, Practical, 2 [PSU]
# name 19 = sbeox0ML/L: Oxygen, SBE 43 [ml/l]
# name 20 = sigma-é00: Density [sigma-theta, kg/m^3]
# name 21 = sigma-é11: Density, 2 [sigma-theta, kg/m^3]
# name 22 = sal00: Salinity, Practical [PSU]
# name 23 = sigma-é00: Density [sigma-theta, kg/m^3]
# name 24 = svCM: Sound Velocity [Chen-Millero, m/s]
# name 25 = svCM1: Sound Velocity, 2 [Chen-Millero, m/s]
# name 26 = gsw_ptA0: potential temperature [ITS-90, deg C]
# name 27 = gsw_densityA0: density, TEOS-10 [density, kg/m^3]
# name 28 = gsw_saA0: Absolute Salinity [g/kg]
# name 29 = flag:
# span 0 =       1898,      29047       
# span 1 = 295.205950, 295.219042       
# span 2 =  -42.18026,  -42.17480       
# span 3 =  -52.94752,  -52.66724       
# span 4 =      0.001,      1.475       
# span 5 =       0.00,    1496.18       
# span 6 =      2.000,   1018.000       
# span 7 =      1.979,   1007.533       
# span 8 =     2.9212,    11.8539       
# span 9 =     2.9223,    11.8537       
# span 10 =    -0.0169,     0.0109      
# span 11 =     2.8527,    11.8515      
# span 12 =     2.8538,    11.8512      
# span 13 =    -0.0169,     0.0109      
# span 14 =   3.155305,   3.948582      
# span 15 =   3.155305,   3.947118      
# span 16 =  -0.002459,   0.000974      
# span 17 =    34.1332,    34.6983      
# span 18 =    34.1332,    34.6989      
# span 19 =     4.1492,     6.2863      
# span 20 =    26.3162,    27.4245      
# span 21 =    26.3163,    27.4242      
# span 22 =    33.8549,    34.6939      
# span 23 =    25.7297,    27.4244      
# span 24 =    1472.82,    1496.20      
# span 25 =    1472.82,    1496.20      
# span 26 =     2.8526,    11.8515      
# span 27 =  1021.7887,  1032.1427      
# span 28 =    28.8851,    34.9834      
# span 29 = 0.0000e+00, 0.0000e+00      
# interval = decibars: 1                
# start_time = Oct 22 2022 04:55:15 [NMEA time, header]
# bad_flag = -9.990e-29
*END*
[from data line 726]
      21103 295.215211  -42.17642  -52.94450      1.380    1475.21    728.000    721.012     3.3462     3.3462     0.0000     3.2967     3.2967     0.0000   3.168155   3.168192   0.000041    34.2594    34.2599     4.8597    27.2664    27.2668    34.2587    27.2658    1474.86    1474.86     3.2966  1030.6430    34.4223 0.0000e+00
      21122 295.215220  -42.17642  -52.94450      1.330    1475.21    729.000    722.001     3.3446     3.3447     0.0001     3.2950     3.2951     0.0001   3.168093   3.168127   0.000032    34.2599    34.2602     4.8542    27.2670    27.2672    34.2591    27.2663    1474.87    1474.87     3.2949  1030.6481    34.4227 0.0000e+00
      21150 295.215234  -42.17642  -52.94450      1.021    1475.21    730.000    722.989     3.3400     3.3400     0.0000     3.2903     3.2903     0.0000   3.167853   3.167882   0.000033    34.2614    34.2617     4.8442    27.2686    27.2689    34.2605    27.2679    1474.87    1474.87     3.2902  1030.6544    34.4242 0.0000e+00
      21183 295.215250  -42.17640  -52.94450      0.725    1475.21    731.000    723.978     3.3345     3.3346     0.0001     3.2848     3.2849     0.0001   3.167534   3.167563   0.000029    34.2628    34.2630     4.8267    27.2702    27.2704    34.2619    27.2695    1474.87    1474.87     3.2847  1030.6607    34.4256 0.0000e+00
      21216 295.215266  -42.17640  -52.94450      0.743    1475.21    732.000    724.967     3.3325     3.3326     0.0000     3.2828     3.2828     0.0000   3.167445   3.167477   0.000030    34.2631    34.2634     4.8164    27.2707    27.2709    34.2624    27.2701    1474.88    1474.88     3.2827  1030.6659    34.4261 0.0000e+00
      21259 295.215287  -42.17638  -52.94448      0.551    1475.21    733.000    725.955     3.3298     3.3299     0.0001     3.2800     3.2801     0.0001   3.167328   3.167369   0.000040    34.2640    34.2644     4.8131    27.2716    27.2720    34.2633    27.2711    1474.88    1474.88     3.2799  1030.6716    34.4270 0.0000e+00
      21293 295.215303  -42.17636  -52.94448      0.650    1475.21    734.000    726.944     3.3274     3.3275     0.0001     3.2775     3.2776     0.0001   3.167189   3.167221   0.000031    34.2644    34.2646     4.8018    27.2722    27.2723    34.2637    27.2716    1474.89    1474.89     3.2774  1030.6767    34.4274 0.0000e+00
      21313 295.215312  -42.17636  -52.94448      0.936    1475.21    735.000    727.932     3.3242     3.3243     0.0001     3.2743     3.2743     0.0001   3.166972   3.166995   0.000025    34.2647    34.2650     4.8093    27.2728    27.2730    34.2639    27.2721    1474.89    1474.89     3.2741  1030.6819    34.4276 0.0000e+00
      21330 295.215321  -42.17635  -52.94448      1.208    1475.21    736.000    728.921     3.3209     3.3211     0.0001     3.2709     3.2711     0.0001   3.166745   3.166776   0.000029    34.2650    34.2653     4.8121    27.2734    27.2735    34.2641    27.2726    1474.89    1474.90     3.2708  1030.6870    34.4278 0.0000e+00
      21348 295.215329  -42.17634  -52.94448      1.348    1475.21    737.000    729.910     3.3170     3.3173     0.0002     3.2670     3.2672     0.0002   3.166523   3.166565   0.000041    34.2657    34.2660     4.8139    27.2742    27.2744    34.2650    27.2737    1474.90    1474.90     3.2668  1030.6928    34.4288 0.0000e+00
      21365 295.215338  -42.17634  -52.94448      1.376    1475.21    738.000    730.899     3.3161     3.3163     0.0001     3.2660     3.2662     0.0001   3.166527   3.166568   0.000041    34.2662    34.2665     4.8153    27.2747    27.2750    34.2655    27.2741    1474.91    1474.91     3.2659  1030.6979    34.4292 0.0000e+00
      21383 295.215346  -42.17634  -52.94447      1.370    1475.21    739.000    731.887     3.3150     3.3151     0.0001     3.2648     3.2648     0.0001   3.166499   3.166545   0.000045    34.2665    34.2669     4.8123    27.2751    27.2754    34.2658    27.2745    1474.92    1474.92     3.2647  1030.7029    34.4296 0.0000e+00
      21406 295.215357  -42.17634  -52.94446      1.228    1475.21    740.000    732.876     3.3082     3.3087     0.0005     3.2580     3.2585     0.0005   3.166088   3.166133   0.000044    34.2686    34.2687     4.8109    27.2774    27.2774    34.2675    27.2765    1474.91    1474.91     3.2579  1030.7096    34.4312 0.0000e+00
      21443 295.215375  -42.17634  -52.94446      0.651    1475.21    741.000    733.864     3.3013     3.3015     0.0002     3.2510     3.2513     0.0002   3.165675   3.165713   0.000038    34.2700    34.2703     4.7959    27.2792    27.2794    34.2692    27.2786    1474.90    1474.90     3.2509  1030.7164    34.4330 0.0000e+00
      21471 295.215389  -42.17634  -52.94446      0.772    1475.21    742.000    734.853     3.2971     3.2972     0.0000     3.2468     3.2468     0.0000   3.165350   3.165368   0.000021    34.2703    34.2705     4.7838    27.2798    27.2800    34.2692    27.2789    1474.90    1474.90     3.2467  1030.7214    34.4330 0.0000e+00
      21493 295.215399  -42.17634  -52.94446      0.982    1475.21    743.000    735.841     3.2953     3.2953     0.0000     3.2449     3.2449 -2.677e-07   3.165292   3.165329   0.000036    34.2706    34.2711     4.7763    27.2802    27.2806    34.2699    27.2796    1474.91    1474.91     3.2448  1030.7268    34.4337 0.0000e+00
      21515 295.215410  -42.17634 -9.990e-29      1.081    1475.21    744.000    736.830     3.2938     3.2938     0.0000     3.2434     3.2434     0.0000   3.165183   3.165225   0.000044    34.2705    34.2710     4.7730    27.2803    27.2807    34.2696    27.2796    1474.92    1474.92     3.2433  1030.7312    34.4332 0.0000e+00
      21540 295.215422  -42.17632 -9.990e-29      1.031    1475.21    745.000    737.819     3.2906     3.2906     0.0001     3.2401     3.2401     0.0001   3.164967   3.164998   0.000031    34.2708    34.2711     4.7688    27.2808    27.2811    34.2699    27.2801    1474.92    1474.92     3.2400  1030.7364    34.4335 0.0000e+00
      21569 295.215436  -42.17631 -9.990e-29      0.878    1475.21    746.000    738.807     3.2876     3.2880     0.0004     3.2371     3.2374     0.0004   3.164757   3.164810   0.000052    34.2710    34.2712     4.7653    27.2813    27.2814    34.2700    27.2805    1474.93    1474.93     3.2369  1030.7414    34.4336 0.0000e+00
      21597 295.215450  -42.17630  -52.94444      0.827    1475.18    747.000    739.796     3.2816     3.2820     0.0004     3.2310     3.2314     0.0004   3.164282   3.164340   0.000055    34.2710    34.2712     4.7711    27.2818    27.2820    34.2701    27.2811    1474.92    1474.92     3.2309  1030.7468    34.4337 0.0000e+00
      21626 295.215463  -42.17630  -52.94443      0.851    1475.18    748.000    740.784     3.2793     3.2794     0.0001     3.2287     3.2288     0.0001   3.164145   3.164176   0.000032    34.2711    34.2714     4.7669    27.2822    27.2824    34.2703    27.2815    1474.92    1474.92     3.2286  1030.7520    34.4341 0.0000e+00
      21655 295.215477  -42.17628  -52.94442      0.835    1475.18    749.000    741.773     3.2766     3.2766     0.0000     3.2259     3.2259     0.0000   3.163990   3.164019   0.000031    34.2715    34.2719     4.7615    27.2828    27.2831    34.2707    27.2821    1474.93    1474.93     3.2258  1030.7572    34.4346 0.0000e+00
      21683 295.215491  -42.17628  -52.94442      0.819    1475.18    750.000    742.762     3.2706     3.2707     0.0001     3.2198     3.2199     0.0001   3.163777   3.163808   0.000032    34.2748    34.2750     4.7580    27.2859    27.2861    34.2740    27.2853    1474.92    1474.93     3.2197  1030.7651    34.4379 0.0000e+00
      21706 295.215502  -42.17628  -52.94442      0.928    1475.18    751.000    743.750     3.2686     3.2687     0.0001     3.2178     3.2179     0.0001   3.163842   3.163865   0.000024    34.2771    34.2772     4.7627    27.2879    27.2881    34.2763    27.2873    1474.94    1474.94     3.2177  1030.7718    34.4402 0.0000e+00
      21724 295.215511  -42.17628  -52.94442      1.129    1475.18    752.000    744.739     3.2653     3.2655     0.0002     3.2144     3.2147     0.0002   3.163618   3.163656   0.000032    34.2777    34.2779     4.7648    27.2887    27.2888    34.2766    27.2878    1474.94    1474.94     3.2143  1030.7770    34.4404 0.0000e+00
      21741 295.215519  -42.17627  -52.94441      1.316    1475.18    753.000    745.727     3.2620     3.2622     0.0002     3.2111     3.2113     0.0002   3.163418   3.163470   0.000055    34.2780    34.2785     4.7606    27.2893    27.2897    34.2771    27.2886    1474.94    1474.94     3.2110  1030.7824    34.4410 0.0000e+00
      21758 295.215527  -42.17626  -52.94440      1.409    1475.18    754.000    746.716     3.2603     3.2605     0.0001     3.2093     3.2095     0.0001   3.163318   3.163344   0.000028    34.2781    34.2783     4.7527    27.2895    27.2896    34.2772    27.2888    1474.95    1474.95     3.2092  1030.7872    34.4411 0.0000e+00
      21783 295.215539  -42.17626  -52.94440      1.209    1475.18    755.000    747.699     3.2583     3.2584     0.0000     3.2073     3.2073     0.0000   3.163253   3.163290   0.000038    34.2787    34.2791     4.7375    27.2902    27.2906    34.2780    27.2896    1474.96    1474.96     3.2071  1030.7927    34.4419 0.0000e+00
      21842 295.215568  -42.17626  -52.94440      0.213    1475.18    756.000    748.700     3.2562     3.2588     0.0026     3.2051     3.2077     0.0026   3.163204   3.163397   0.000187    34.2797    34.2792     4.7141    27.2912    27.2905    34.2791    27.2908    1474.97    1474.98     3.2049  1030.7985    34.4430 0.0000e+00
      21867 295.215580  -42.17624  -52.94440      0.699    1475.18    757.000    749.681     3.2565     3.2565    -0.0000     3.2053     3.2053    -0.0000   3.163310   3.163356   0.000049    34.2799    34.2805     4.7235    27.2913    27.2918    34.2796    27.2911    1474.99    1474.99     3.2052  1030.8034    34.4435 0.0000e+00
      21886 295.215589  -42.17624  -52.94439      1.069    1475.18    758.000    750.670     3.2601     3.2599    -0.0002     3.2088     3.2086    -0.0002   3.163908   3.163969   0.000065    34.2814    34.2823     4.7231    27.2922    27.2929    34.2825    27.2931    1475.02    1475.02     3.2087  1030.8099    34.4464 0.0000e+00
      21903 295.215597  -42.17624  -52.94438      1.292    1475.18    759.000    751.659     3.2680     3.2680    -0.0000     3.2166     3.2166    -0.0000   3.164759   3.164810   0.000048    34.2836    34.2842     4.7242    27.2933    27.2937    34.2838    27.2934    1475.08    1475.08     3.2165  1030.8147    34.4478 0.0000e+00
      21920 295.215605  -42.17624  -52.94438      1.380    1475.18    760.000    752.647     3.2683     3.2683    -0.0000     3.2168     3.2168    -0.0000   3.164831   3.164881   0.000052    34.2837    34.2844     4.7240    27.2933    27.2938    34.2838    27.2934    1475.09    1475.09     3.2167  1030.8192    34.4478 0.0000e+00
      21943 295.215616  -42.17622  -52.94438      1.237    1475.18    761.000    753.636     3.2728     3.2731     0.0003     3.2212     3.2215     0.0003   3.165419   3.165515   0.000092    34.2848    34.2855     4.7207    27.2938    27.2943    34.2857    27.2945    1475.13    1475.13     3.2211  1030.8248    34.4497 0.0000e+00
      21981 295.215634  -42.17622  -52.94438      0.681    1475.18    762.000    754.624     3.2852     3.2854     0.0002     3.2334     3.2337     0.0002   3.166804   3.166877   0.000078    34.2875    34.2882     4.7080    27.2948    27.2953    34.2888    27.2958    1475.20    1475.21     3.2333  1030.8305    34.4527 0.0000e+00
      22012 295.215649  -42.17622  -52.94438      0.697    1475.18    763.000    755.613     3.3024     3.3016    -0.0009     3.2505     3.2497    -0.0009   3.168709   3.168710   0.000001    34.2907    34.2916     4.6905    27.2957    27.2965    34.2930    27.2976    1475.30    1475.30     3.2504  1030.8365    34.4570 0.0000e+00
      22034 295.215660  -42.17622  -52.94438      0.941    1475.18    764.000    756.601     3.3085     3.3089     0.0004     3.2565     3.2569     0.0004   3.169271   3.169357   0.000084    34.2919    34.2925     4.6820    27.2961    27.2965    34.2928    27.2969    1475.34    1475.35     3.2564  1030.8402    34.4568 0.0000e+00
      22055 295.215670  -42.17621  -52.94437      1.108    1475.18    765.000    757.590     3.3044     3.3047     0.0003     3.2523     3.2526     0.0003   3.169010   3.169062   0.000055    34.2931    34.2934     4.6838    27.2975    27.2977    34.2935    27.2978    1475.34    1475.34     3.2522  1030.8459    34.4575 0.0000e+00
      22077 295.215681  -42.17620  -52.94436      1.132    1475.18    766.000    758.578     3.3020     3.3018    -0.0001     3.2498     3.2497    -0.0001   3.168869   3.168906   0.000038    34.2934    34.2940     4.6807    27.2979    27.2984    34.2939    27.2983    1475.35    1475.35     3.2497  1030.8510    34.4579 0.0000e+00
      22105 295.215694  -42.17620  -52.94436      0.942    1475.18    767.000    759.567     3.3010     3.3011     0.0001     3.2488     3.2489     0.0001   3.168864   3.168908   0.000043    34.2938    34.2942     4.6825    27.2984    27.2987    34.2943    27.2987    1475.36    1475.36     3.2487  1030.8561    34.4583 0.0000e+00
      22135 295.215709  -42.17620  -52.94436      0.793    1475.18    768.000    760.555     3.3007     3.3007    -0.0000     3.2484     3.2484    -0.0000   3.168885   3.168930   0.000044    34.2940    34.2945     4.6715    27.2985    27.2990    34.2943    27.2988    1475.38    1475.38     3.2483  1030.8607    34.4584 0.0000e+00
      22162 295.215722  -42.17618  -52.94434      0.856    1475.18    769.000    761.544     3.3005     3.3007     0.0002     3.2482     3.2483     0.0002   3.168909   3.168947   0.000038    34.2939    34.2942     4.6666    27.2985    27.2987    34.2943    27.2988    1475.39    1475.39     3.2480  1030.8653    34.4583 0.0000e+00
      22186 295.215733  -42.17618  -52.94434      0.956    1475.18    770.000    762.532     3.3004     3.3004     0.0000     3.2480     3.2479     0.0000   3.168943   3.168972   0.000029    34.2941    34.2944     4.6693    27.2986    27.2989    34.2943    27.2989    1475.41    1475.41     3.2478  1030.8700    34.4584 0.0000e+00
      22208 295.215744  -42.17618  -52.94434      1.029    1475.18    771.000    763.521     3.2996     3.2997     0.0001     3.2471     3.2472     0.0001   3.168941   3.168994   0.000055    34.2943    34.2949     4.6695    27.2989    27.2994    34.2946    27.2991    1475.42    1475.42     3.2470  1030.8749    34.4586 0.0000e+00
      22230 295.215755  -42.17618  -52.94434      1.085    1475.18    772.000    764.509     3.2997     3.2997     0.0000     3.2471     3.2471     0.0000   3.168985   3.169043   0.000055    34.2943    34.2950     4.6676    27.2989    27.2994    34.2946    27.2991    1475.44    1475.44     3.2470  1030.8795    34.4586 0.0000e+00
      22251 295.215765  -42.17616  -52.94434      1.120    1475.18    773.000    765.497     3.2998     3.2996    -0.0002     3.2471     3.2469    -0.0002   3.169045   3.169081   0.000042    34.2945    34.2952     4.6671    27.2990    27.2996    34.2946    27.2992    1475.46    1475.46     3.2470  1030.8841    34.4587 0.0000e+00
      22273 295.215776  -42.17616  -52.94432      1.113    1475.18    774.000    766.486     3.2990     3.2990    -0.0000     3.2463     3.2463    -0.0000   3.169029   3.169073   0.000039    34.2945    34.2951     4.6677    27.2992    27.2996    34.2947    27.2993    1475.47    1475.47     3.2462  1030.8889    34.4587 0.0000e+00
