Pos-Processados/teste_atual_pos-process-op41/Dados/doperantar_41_013.cnv
* Sea-Bird SBE 9 Data File:
* FileName = C:\Users\Dell\Desktop\OperantarXLI\config\00_BRUTOS\OPE41013.hdr
* Software Version Seasave V 7.26.7.110
* Temperature SN = 6497
* Conductivity SN = 4954
* Number of Bytes Per Scan = 31
* Number of Voltage Words = 2
* Number of Scans Averaged by the Deck Unit = 1
* NMEA Latitude = 44 23.34 S
* NMEA Longitude = 051 50.60 W
* NMEA UTC (Time) = Oct 23 2022 20:53:51
* NMEA baud rate = 4800
** H41
** Navio Polar Almirante Maximiano
** LH-021/2022
** Operantar XLI
** Número da Estação 013
** Latitude 44 23.224' S
** Longitude 051 51.256' W
** Data/Hora (Z) 23/10/2022 2044Z
** Profundidade local 5823 m
** 09-1439
** Nome do Operador CT Garla
# nquan = 30
# nvalues = 22                          
# units = specified
# name 0 = scan: Scan Count
# name 1 = timeJ: Julian Days
# name 2 = latitude: Latitude [deg]
# name 3 = longitude: Longitude [deg]
# name 4 = dz/dtM: Descent Rate [m/s]
# name 5 = avgsvCM: Average Sound Velocity [Chen-Millero, m/s]
# name 6 = prDM: Pressure, Digiquartz [db]
# name 7 = depSM: Depth [salt water, m]
# name 8 = t090C: Temperature [ITS-90, deg C]
# name 9 = t190C: Temperature, 2 [ITS-90, deg C]
# name 10 = T2-T190C: Temperature Difference, 2 - 1 [ITS-90, deg C]
# name 11 = potemp090C: Potential Temperature [ITS-90, deg C]
# name 12 = potemp190C: Potential Temperature, 2 [ITS-90, deg C]
# name 13 = potemp90Cdiff: Potential Temperature, Diff, 2 - 1 [ITS-90, deg C]
# name 14 = c0S/m: Conductivity [S/m]
# name 15 = c1S/m: Conductivity, 2 [S/m]
# name 16 = C2-C1S/m: Conductivity Difference, 2 - 1 [S/m]
# name 17 = sal00: Salinity, Practical [PSU]
# name 18 = sal11: Salinity, Practical, 2 [PSU]
# name 19 = sbeox0ML/L: Oxygen, SBE 43 [ml/l]
# name 20 = sigma-é00: Density [sigma-theta, kg/m^3]
# name 21 = sigma-é11: Density, 2 [sigma-theta, kg/m^3]
# name 22 = sal00: Salinity, Practical [PSU]
# name 23 = sigma-é00: Density [sigma-theta, kg/m^3]
# name 24 = svCM: Sound Velocity [Chen-Millero, m/s]
# name 25 = svCM1: Sound Velocity, 2 [Chen-Millero, m/s]
# name 26 = gsw_ptA0: potential temperature [ITS-90, deg C]
# name 27 = gsw_densityA0: density, TEOS-10 [density, kg/m^3]
# name 28 = gsw_saA0: Absolute Salinity [g/kg]
# name 29 = flag:
# span 0 =       2915,       4727       
# span 1 = 296.872135, 296.873008       
# span 2 =  -44.38975,  -44.38950       
# span 3 =  -51.84116,  -51.83987       
# span 4 =      0.108,      1.156       
# span 5 = -1.473e-37,    1504.08       
# span 6 =     11.000,     32.000       
# span 7 =     10.918,     31.732       
# span 8 =    13.9630,    14.0030       
# span 9 =    13.9637,    14.0034       
# span 10 =    -0.0010,     0.0028      
# span 11 =    13.9583,    14.0013      
# span 12 =    13.9591,    14.0016      
# span 13 =    -0.0010,     0.0028      
# span 14 =   4.217295,   4.221061      
# span 15 =   4.217330,   4.221059      
# span 16 =  -0.000153,   0.000237      
# span 17 =    35.2405,    35.2447      
# span 18 =    35.2401,    35.2450      
# span 19 =     5.7215,     5.7543      
# span 20 =    26.3760,    26.3818      
# span 21 =    26.3762,    26.3814      
# span 22 =    35.2402,    35.2448      
# span 23 =    26.3759,    26.3817      
# span 24 =    1503.95,    1504.19      
# span 25 =    1503.95,    1504.20      
# span 26 =    13.9584,    14.0013      
# span 27 =  1026.4293,  1026.5273      
# span 28 =    35.4065,    35.4112      
# span 29 = 0.0000e+00, 0.0000e+00      
# interval = decibars: 1                
# start_time = Oct 23 2022 20:53:51 [NMEA time, header]
# bad_flag = -9.990e-29
*END*
       2915 296.872135  -44.38950  -51.84116      0.118 -1.473e-37     11.000     10.918    14.0006    14.0001    -0.0006    13.9990    13.9985    -0.0006   4.220519   4.220487  -0.000041    35.2446    35.2447     5.7449    26.3764    26.3766    35.2448    26.3765    1503.95    1503.95    13.9990  1026.4293    35.4112 0.0000e+00
       2937 296.872145  -44.38950  -51.84114      0.564 3.6507e-36     12.000     11.902    14.0030    14.0034     0.0003    14.0013    14.0016     0.0003   4.220782   4.220823   0.000060    35.2447    35.2450     5.7413    26.3760    26.3762    35.2446    26.3759    1503.97    1503.97    14.0013  1026.4331    35.4110 0.0000e+00
       2947 296.872150  -44.38950  -51.84113      1.156 1.6788e-22     13.000     12.890    14.0015    14.0013    -0.0002    13.9996    13.9995    -0.0002   4.220687   4.220652  -0.000029    35.2447    35.2446     5.7459    26.3763    26.3763    35.2446    26.3763    1503.98    1503.98    13.9997  1026.4379    35.4110 0.0000e+00
       2983 296.872167  -44.38950  -51.84110      0.947       0.05     14.000     13.887    13.9991    13.9993     0.0003    13.9970    13.9973     0.0003   4.220470   4.220474 6.6466e-07    35.2446    35.2443     5.7413    26.3768    26.3766    35.2444    26.3767    1503.99    1503.99    13.9970  1026.4428    35.4109 0.0000e+00
       3033 296.872191 -9.990e-29  -51.84107      0.456      -0.00     15.000     14.879    13.9979    13.9985     0.0006    13.9957    13.9963     0.0006   4.220351   4.220413   0.000058    35.2440    35.2441     5.7543    26.3767    26.3766    35.2440    26.3767    1504.00    1504.01    13.9957  1026.4474    35.4108 0.0000e+00
       3072 296.872210 -9.990e-29  -51.84105      0.602 2.4149e-22     16.000     15.870    13.9980    13.9984     0.0003    13.9957    13.9960     0.0003   4.220410   4.220430   0.000021    35.2440    35.2439     5.7511    26.3767    26.3765    35.2440    26.3766    1504.02    1504.02    13.9957  1026.4518    35.4107 0.0000e+00
       3114 296.872230  -44.38952  -51.84101      0.586       0.13     17.000     16.862    13.9975    13.9983     0.0007    13.9951    13.9958     0.0007   4.220404   4.220475   0.000069    35.2441    35.2441     5.7341    26.3768    26.3767    35.2440    26.3768    1504.04    1504.04    13.9951  1026.4561    35.4104 0.0000e+00
       3169 296.872257  -44.38953  -51.84096      0.423      -0.00     18.000     17.854    13.9956    13.9958     0.0002    13.9930    13.9932     0.0002   4.220219   4.220228   0.000007    35.2438    35.2436     5.7450    26.3770    26.3769    35.2436    26.3769    1504.04    1504.05    13.9930  1026.4606    35.4100 0.0000e+00
       3219 296.872281  -44.38954  -51.84094      0.476 9.9197e-14     19.000     18.846    13.9963    13.9965     0.0002    13.9935    13.9938     0.0002   4.220318   4.220353   0.000032    35.2436    35.2437     5.7535    26.3768    26.3768    35.2435    26.3767    1504.07    1504.06    13.9935  1026.4648    35.4099 0.0000e+00
       3257 296.872299  -44.38954  -51.84089      0.623     754.69     20.000     19.836    13.9957    13.9966     0.0009    13.9928    13.9937     0.0009   4.220319   4.220450   0.000126    35.2435    35.2438     5.7454    26.3769    26.3769    35.2436    26.3770    1504.08    1504.08    13.9928  1026.4695    35.4100 0.0000e+00
       3302 296.872321  -44.38954  -51.84087      0.534    1501.00     21.000     20.829    13.9982    13.9988     0.0005    13.9952    13.9957     0.0005   4.220652   4.220734   0.000080    35.2439    35.2442     5.7380    26.3767    26.3768    35.2440    26.3767    1504.10    1504.11    13.9952  1026.4737    35.4103 0.0000e+00
       3349 296.872344  -44.38954  -51.84083      0.515    1504.08     22.000     21.824    13.9990    13.9994     0.0004    13.9959    13.9963     0.0004   4.220818   4.220852   0.000039    35.2442    35.2442     5.7382    26.3768    26.3767    35.2444    26.3769    1504.12    1504.13    13.9959  1026.4783    35.4107 0.0000e+00
       3404 296.872370  -44.38956  -51.84079      0.427    1504.08     23.000     22.811    14.0005    14.0006     0.0001    13.9972    13.9973     0.0001   4.221036   4.221052   0.000018    35.2446    35.2446     5.7312    26.3768    26.3768    35.2446    26.3768    1504.14    1504.14    13.9972  1026.4826    35.4110 0.0000e+00
       3519 296.872426  -44.38958  -51.84072      0.199    1504.08     24.000     23.804    14.0003    14.0004     0.0001    13.9969    13.9970     0.0001   4.221061   4.221059  -0.000001    35.2445    35.2444     5.7494    26.3768    26.3767    35.2446    26.3769    1504.16    1504.16    13.9969  1026.4871    35.4110 0.0000e+00
       3861 296.872590  -44.38962  -51.84048      0.189    1504.08     25.000     24.810    13.9964    13.9962    -0.0003    13.9928    13.9926    -0.0003   4.220598   4.220549  -0.000063    35.2438    35.2434     5.7510    26.3771    26.3769    35.2434    26.3768    1504.16    1504.16    13.9928  1026.4915    35.4098 0.0000e+00
       4072 296.872693  -44.38966  -51.84033      0.551    1504.08     26.000     25.789    13.9907    13.9896    -0.0010    13.9870    13.9859    -0.0010   4.220041   4.219883  -0.000153    35.2432    35.2427     5.7518    26.3779    26.3777    35.2431    26.3778    1504.16    1504.16    13.9870  1026.4968    35.4094 0.0000e+00
       4148 296.872729  -44.38967  -51.84027      0.323    1504.08     27.000     26.778    13.9936    13.9939     0.0003    13.9897    13.9900     0.0003   4.220412   4.220418   0.000008    35.2435    35.2432     5.7376    26.3775    26.3773    35.2435    26.3775    1504.19    1504.19    13.9897  1026.5010    35.4098 0.0000e+00
       4228 296.872768  -44.38968  -51.84022      0.352    1504.08     28.000     27.773    13.9863    13.9866     0.0003    13.9823    13.9826     0.0003   4.219641   4.219632  -0.000013    35.2428    35.2424     5.7443    26.3785    26.3782    35.2425    26.3783    1504.18    1504.18    13.9823  1026.5062    35.4089 0.0000e+00
       4280 296.872793  -44.38968  -51.84018      0.459    1504.08     29.000     28.764    13.9848    13.9861     0.0012    13.9807    13.9819     0.0012   4.219538   4.219634   0.000099    35.2426    35.2424     5.7271    26.3788    26.3783    35.2425    26.3787    1504.19    1504.20    13.9806  1026.5110    35.4089 0.0000e+00
       4329 296.872817  -44.38968  -51.84014      0.477    1504.08     30.000     29.759    13.9759    13.9787     0.0028    13.9715    13.9744     0.0028   4.218521   4.218758   0.000237    35.2417    35.2413     5.7446    26.3799    26.3791    35.2408    26.3793    1504.18    1504.18    13.9715  1026.5160    35.4072 0.0000e+00
       4366 296.872834  -44.38970  -51.84011      0.646    1504.08     31.000     30.748    13.9683    13.9690     0.0007    13.9638    13.9645     0.0007   4.217753   4.217790   0.000050    35.2408    35.2406     5.7377    26.3809    26.3806    35.2402    26.3804    1504.17    1504.17    13.9638  1026.5216    35.4065 0.0000e+00
       4727 296.873008  -44.38975  -51.83987      0.108    1504.08     32.000     31.732    13.9630    13.9637     0.0007    13.9583    13.9591     0.0007   4.217295   4.217330   0.000025    35.2405    35.2401     5.7215    26.3818    26.3814    35.2403    26.3817    1504.17    1504.17    13.9584  1026.5273    35.4067 0.0000e+00
