Pos-Processados/process_op41/Processamento_split/down/doperantar41_001MEPHY.cnv
* Sea-Bird SBE 9 Data File:
* FileName = C:\Users\Dell\Desktop\Operantar XLI\Raw\OP41001MEPHY.hdr
* Software Version Seasave V 7.26.7.110
* Temperature SN = 6497
* Conductivity SN = 4954
* Number of Bytes Per Scan = 31
* Number of Voltage Words = 2
* Number of Scans Averaged by the Deck Unit = 1
* NMEA Latitude = 36 40.13 S
* NMEA Longitude = 048 37.58 W
* NMEA UTC (Time) = Oct 17 2022 15:39:23
* NMEA baud rate = 4800
** H41
** Navio Polar Almirante Maximiano
** LH-021/2022
** Operantar XLI
** Número da Estação 001 MEPHY
** Latitude 36 40.147S
** Longitude 048 37.579W
** Data/Hora (Z) 1539Z
** Profundidade local 4900m
** 09-1439
** Nome do Operador CT Garla
# nquan = 30
# nvalues = 45                          
# units = specified
# name 0 = scan: Scan Count
# name 1 = timeJ: Julian Days
# name 2 = latitude: Latitude [deg]
# name 3 = longitude: Longitude [deg]
# name 4 = dz/dtM: Descent Rate [m/s]
# name 5 = avgsvCM: Average Sound Velocity [Chen-Millero, m/s]
# name 6 = prDM: Pressure, Digiquartz [db]
# name 7 = depSM: Depth [salt water, m]
# name 8 = t090C: Temperature [ITS-90, deg C]
# name 9 = t190C: Temperature, 2 [ITS-90, deg C]
# name 10 = T2-T190C: Temperature Difference, 2 - 1 [ITS-90, deg C]
# name 11 = potemp090C: Potential Temperature [ITS-90, deg C]
# name 12 = potemp190C: Potential Temperature, 2 [ITS-90, deg C]
# name 13 = potemp90Cdiff: Potential Temperature, Diff, 2 - 1 [ITS-90, deg C]
# name 14 = c0S/m: Conductivity [S/m]
# name 15 = c1S/m: Conductivity, 2 [S/m]
# name 16 = C2-C1S/m: Conductivity Difference, 2 - 1 [S/m]
# name 17 = sal00: Salinity, Practical [PSU]
# name 18 = sal11: Salinity, Practical, 2 [PSU]
# name 19 = sbeox0ML/L: Oxygen, SBE 43 [ml/l]
# name 20 = sigma-é00: Density [sigma-theta, kg/m^3]
# name 21 = sigma-é11: Density, 2 [sigma-theta, kg/m^3]
# name 22 = sal00: Salinity, Practical [PSU]
# name 23 = sigma-é00: Density [sigma-theta, kg/m^3]
# name 24 = svCM: Sound Velocity [Chen-Millero, m/s]
# name 25 = svCM1: Sound Velocity, 2 [Chen-Millero, m/s]
# name 26 = gsw_ptA0: potential temperature [ITS-90, deg C]
# name 27 = gsw_densityA0: density, TEOS-10 [density, kg/m^3]
# name 28 = gsw_saA0: Absolute Salinity [g/kg]
# name 29 = flag:
# span 0 =       2310,       6339       
# span 1 = 290.653463, 290.655406       
# span 2 =  -36.66890,  -36.66886       
# span 3 =  -48.62653,  -48.62642       
# span 4 =     -0.002,      1.222       
# span 5 =      -0.01,    1528.34       
# span 6 =      4.000,     48.000       
# span 7 =      4.100,     47.586       
# span 8 =    17.5081,    17.5965       
# span 9 =    17.5091,    17.5962       
# span 10 =    -0.0060,     0.0071      
# span 11 =    17.5000,    17.5953      
# span 12 =    17.5009,    17.5951      
# span 13 =    -0.0060,     0.0071      
# span 14 =   4.670336,   4.678233      
# span 15 =   4.670247,   4.678095      
# span 16 =  -0.000646,   0.000711      
# span 17 =    36.1073,    36.1111      
# span 18 =    36.1061,    36.1105      
# span 19 =     5.1230,     5.1773      
# span 20 =    26.2228,    26.2442      
# span 21 =    26.2221,    26.2431      
# span 22 =    36.1072,    36.1112      
# span 23 =    26.2229,    26.2441      
# span 24 =    1515.91,    1516.41      
# span 25 =    1515.91,    1516.41      
# span 26 =    17.5000,    17.5953      
# span 27 =  1026.2472,  1026.4570      
# span 28 =    36.2777,    36.2817      
# span 29 = 0.0000e+00, 0.0000e+00      
# interval = decibars: 1                
# start_time = Oct 17 2022 15:39:23 [NMEA time, header]
# bad_flag = -9.990e-29
*END*
       2310 290.653463  -36.66890  -48.62642     -0.002       0.00      4.000      4.100    17.5863    17.5871     0.0007    17.5856    17.5864     0.0007   4.677112   4.677063  -0.000017    36.1105    36.1098     5.1239    26.2252    26.2244    36.1112    26.2257    1515.91    1515.91    17.5857  1026.2472    36.2817 0.0000e+00
       2489 290.653550  -36.66890  -48.62642      0.590       0.00      5.000      4.977    17.5928    17.5934     0.0005    17.5920    17.5925     0.0005   4.677775   4.677700  -0.000076    36.1105    36.1094     5.1337    26.2236    26.2226    36.1108    26.2238    1515.94    1515.94    17.5920  1026.2497    36.2812 0.0000e+00
       2559 290.653583  -36.66890  -48.62642      0.409       0.00      6.000      5.956    17.5944    17.5953     0.0009    17.5934    17.5943     0.0009   4.677982   4.677961  -0.000013    36.1105    36.1096     5.1514    26.2232    26.2223    36.1108    26.2234    1515.96    1515.97    17.5934  1026.2537    36.2812 0.0000e+00
       2607 290.653607  -36.66888  -48.62642      0.514       0.02      7.000      6.948    17.5965    17.5962    -0.0003    17.5953    17.5951    -0.0003   4.678233   4.678095  -0.000143    36.1106    36.1096     5.1565    26.2228    26.2221    36.1107    26.2229    1515.99    1515.99    17.5953  1026.2575    36.2811 0.0000e+00
       2642 290.653623  -36.66888  -48.62642      0.658       0.14      8.000      7.941    17.5921    17.5924     0.0004    17.5907    17.5911     0.0004   4.677743   4.677687  -0.000073    36.1107    36.1097     5.1415    26.2240    26.2232    36.1100    26.2235    1515.99    1515.99    17.5907  1026.2624    36.2805 0.0000e+00
       2668 290.653636  -36.66888  -48.62642      0.846       0.00      9.000      8.934    17.5794    17.5817     0.0023    17.5779    17.5802     0.0023   4.676513   4.676641   0.000135    36.1111    36.1102     5.1230    26.2274    26.2262    36.1103    26.2268    1515.97    1515.97    17.5779  1026.2701    36.2807 0.0000e+00
       2693 290.653648  -36.66888  -48.62642      0.946 1.1186e-42     10.000      9.926    17.5774    17.5749    -0.0026    17.5757    17.5731    -0.0026   4.676438   4.676061  -0.000312    36.1108    36.1105     5.1298    26.2278    26.2281    36.1110    26.2279    1515.98    1515.97    17.5758  1026.2755    36.2814 0.0000e+00
       2725 290.653663  -36.66888  -48.62642      0.826 4.0296e-13     11.000     10.919    17.5823    17.5763    -0.0060    17.5805    17.5745    -0.0060   4.676951   4.676322  -0.000646    36.1107    36.1105     5.1386    26.2266    26.2278    36.1107    26.2265    1516.01    1515.99    17.5805  1026.2785    36.2811 0.0000e+00
       2767 290.653683  -36.66888  -48.62642      0.551       0.07     12.000     11.911    17.5738    17.5719    -0.0019    17.5717    17.5698    -0.0019   4.675964   4.675741  -0.000229    36.1104    36.1101     5.1627    26.2284    26.2287    36.1093    26.2276    1516.00    1516.00    17.5717  1026.2840    36.2798 0.0000e+00
       2798 290.653698  -36.66890  -48.62642      0.708      -0.00     13.000     12.904    17.5657    17.5624    -0.0033    17.5635    17.5602    -0.0033   4.675254   4.674874  -0.000334    36.1104    36.1104     5.1420    26.2304    26.2312    36.1100    26.2301    1515.99    1515.98    17.5635  1026.2908    36.2804 0.0000e+00
       2824 290.653711  -36.66889  -48.62642      0.893 5.8450e-46     14.000     13.896    17.5629    17.5616    -0.0013    17.5605    17.5593    -0.0013   4.675026   4.674842  -0.000203    36.1106    36.1100     5.1346    26.2314    26.2312    36.1101    26.2310    1516.00    1516.00    17.5605  1026.2960    36.2805 0.0000e+00
       2851 290.653724  -36.66888  -48.62643      0.918 1.0220e-23     15.000     14.889    17.5625    17.5632     0.0008    17.5599    17.5607     0.0008   4.674968   4.674987   0.000004    36.1101    36.1094     5.1575    26.2311    26.2304    36.1096    26.2307    1516.02    1516.02    17.5599  1026.3001    36.2800 0.0000e+00
       2893 290.653744  -36.66888  -48.62642      0.610       0.11     16.000     15.881    17.5594    17.5596     0.0002    17.5567    17.5569     0.0002   4.674699   4.674596  -0.000094    36.1101    36.1091     5.1477    26.2319    26.2311    36.1097    26.2316    1516.03    1516.03    17.5567  1026.3053    36.2801 0.0000e+00
       2947 290.653770  -36.66888  -48.62642      0.411      -0.01     17.000     16.874    17.5497    17.5485    -0.0012    17.5468    17.5456    -0.0012   4.673718   4.673574  -0.000174    36.1102    36.1098     5.1545    26.2344    26.2343    36.1093    26.2337    1516.01    1516.01    17.5469  1026.3118    36.2797 0.0000e+00
       2977 290.653785  -36.66888 -9.990e-29      0.701 7.4228e-33     18.000     17.867    17.5379    17.5440     0.0061    17.5348    17.5409     0.0061   4.672404   4.672988   0.000541    36.1099    36.1092     5.1661    26.2371    26.2350    36.1081    26.2357    1515.99    1516.01    17.5348  1026.3181    36.2785 0.0000e+00
       3001 290.653796  -36.66888 -9.990e-29      0.924 8.0308e-13     19.000     18.859    17.5306    17.5377     0.0071    17.5274    17.5345     0.0071   4.671752   4.672505   0.000711    36.1094    36.1093     5.1537    26.2386    26.2367    36.1086    26.2379    1515.99    1516.01    17.5274  1026.3247    36.2789 0.0000e+00
       3033 290.653812  -36.66888  -48.62644      0.823     678.66     20.000     19.852    17.5302    17.5360     0.0059    17.5268    17.5326     0.0059   4.671756   4.672249   0.000515    36.1094    36.1086     5.1468    26.2387    26.2366    36.1086    26.2380    1516.01    1516.02    17.5268  1026.3292    36.2790 0.0000e+00
       3079 290.653834  -36.66888  -48.62644      0.520    1528.34     21.000     20.845    17.5258    17.5252    -0.0006    17.5222    17.5216    -0.0006   4.671324   4.671171  -0.000147    36.1090    36.1083     5.1605    26.2394    26.2390    36.1084    26.2390    1516.01    1516.01    17.5222  1026.3345    36.2788 0.0000e+00
       3126 290.653856  -36.66888  -48.62643      0.518    1516.02     22.000     21.834    17.5241    17.5248     0.0008    17.5203    17.5211     0.0008   4.671207   4.671164  -0.000039    36.1090    36.1080     5.1579    26.2400    26.2390    36.1085    26.2395    1516.02    1516.02    17.5203  1026.3394    36.2789 0.0000e+00
       3168 290.653877  -36.66888  -48.62642      0.557    1516.02     23.000     22.834    17.5230    17.5230    -0.0001    17.5192    17.5191    -0.0001   4.671155   4.671001  -0.000143    36.1089    36.1077     5.1516    26.2402    26.2393    36.1086    26.2399    1516.03    1516.03    17.5191  1026.3441    36.2790 0.0000e+00
       3198 290.653891  -36.66888  -48.62642      0.726    1516.02     24.000     23.822    17.5227    17.5229     0.0002    17.5186    17.5188     0.0002   4.671153   4.671063  -0.000098    36.1088    36.1078     5.1625    26.2402    26.2394    36.1085    26.2400    1516.05    1516.05    17.5186  1026.3485    36.2789 0.0000e+00
       3221 290.653903  -36.66888  -48.62642      0.931    1516.02     25.000     24.814    17.5219    17.5228     0.0009    17.5177    17.5186     0.0009   4.671113   4.671094  -0.000015    36.1088    36.1078     5.1647    26.2404    26.2394    36.1084    26.2401    1516.06    1516.07    17.5177  1026.3530    36.2788 0.0000e+00
       3247 290.653915  -36.66888  -48.62644      0.994    1516.02     26.000     25.807    17.5226    17.5230     0.0004    17.5182    17.5186     0.0004   4.671231   4.671163  -0.000064    36.1086    36.1077     5.1630    26.2402    26.2394    36.1084    26.2400    1516.08    1516.08    17.5182  1026.3573    36.2788 0.0000e+00
       3287 290.653934  -36.66888  -48.62644      0.641    1516.02     27.000     26.799    17.5220    17.5214    -0.0006    17.5174    17.5169    -0.0006   4.671207   4.671022  -0.000181    36.1086    36.1076     5.1584    26.2404    26.2397    36.1084    26.2402    1516.10    1516.09    17.5174  1026.3618    36.2788 0.0000e+00
       3328 290.653954  -36.66888  -48.62644      0.547    1516.02     28.000     27.792    17.5203    17.5210     0.0007    17.5155    17.5163     0.0007   4.671080   4.671030  -0.000056    36.1087    36.1076     5.1603    26.2409    26.2399    36.1084    26.2406    1516.11    1516.11    17.5155  1026.3666    36.2788 0.0000e+00
       3353 290.653966  -36.66888  -48.62644      0.814    1516.02     29.000     28.784    17.5192    17.5200     0.0008    17.5143    17.5151     0.0008   4.671024   4.670994  -0.000030    36.1086    36.1076     5.1575    26.2411    26.2401    36.1085    26.2410    1516.12    1516.12    17.5143  1026.3713    36.2789 0.0000e+00
       3377 290.653978  -36.66888  -48.62644      1.006    1516.02     30.000     29.776    17.5196    17.5201     0.0004    17.5146    17.5150     0.0004   4.671104   4.671017  -0.000087    36.1086    36.1074     5.1549    26.2410    26.2400    36.1084    26.2409    1516.14    1516.14    17.5145  1026.3756    36.2788 0.0000e+00
       3431 290.654004  -36.66888  -48.62644      0.465    1516.02     31.000     30.768    17.5181    17.5178    -0.0002    17.5128    17.5126    -0.0002   4.670960   4.670788  -0.000169    36.1084    36.1071     5.1608    26.2413    26.2404    36.1082    26.2412    1516.15    1516.15    17.5128  1026.3802    36.2787 0.0000e+00
       3479 290.654027 -9.990e-29  -48.62644      0.496    1516.02     32.000     31.762    17.5142    17.5147     0.0006    17.5088    17.5094     0.0006   4.670531   4.670483  -0.000054    36.1079    36.1069     5.1628    26.2419    26.2410    36.1075    26.2416    1516.16    1516.16    17.5088  1026.3851    36.2781 0.0000e+00
       3499 290.654036 -9.990e-29  -48.62644      0.921    1516.02     33.000     32.754    17.5127    17.5136     0.0009    17.5071    17.5080     0.0009   4.670425   4.670406  -0.000009    36.1077    36.1069     5.1639    26.2422    26.2413    36.1075    26.2420    1516.17    1516.17    17.5071  1026.3899    36.2781 0.0000e+00
       3516 290.654045 -9.990e-29  -48.62644      1.222    1516.02     34.000     33.747    17.5124    17.5127     0.0003    17.5066    17.5069     0.0003   4.670436   4.670353  -0.000096    36.1078    36.1067     5.1646    26.2424    26.2415    36.1075    26.2422    1516.19    1516.18    17.5066  1026.3943    36.2781 0.0000e+00
       3584 290.654078  -36.66888  -48.62644      1.018    1516.02     35.000     34.758    17.5120    17.5128     0.0008    17.5061    17.5069     0.0008   4.670446   4.670382  -0.000054    36.1077    36.1065     5.1605    26.2424    26.2413    36.1076    26.2423    1516.20    1516.20    17.5061  1026.3988    36.2780 0.0000e+00
       3710 290.654138  -36.66888  -48.62644      0.454    1516.02     36.000     35.733    17.5109    17.5113     0.0003    17.5048    17.5052     0.0003   4.670358   4.670247  -0.000112    36.1075    36.1062     5.1542    26.2425    26.2415    36.1074    26.2425    1516.21    1516.21    17.5048  1026.4032    36.2778 0.0000e+00
       3797 290.654180  -36.66886  -48.62644      0.354    1516.02     37.000     36.728    17.5103    17.5107     0.0004    17.5040    17.5045     0.0004   4.670336   4.670253  -0.000087    36.1074    36.1062     5.1592    26.2427    26.2417    36.1073    26.2426    1516.23    1516.23    17.5040  1026.4077    36.2777 0.0000e+00
       3836 290.654199  -36.66886  -48.62644      0.594    1516.02     38.000     37.717    17.5103    17.5107     0.0004    17.5039    17.5042     0.0004   4.670367   4.670286  -0.000079    36.1073    36.1062     5.1667    26.2426    26.2417    36.1072    26.2426    1516.24    1516.24    17.5038  1026.4121    36.2777 0.0000e+00
       3891 290.654226 -9.990e-29  -48.62644      0.419    1516.02     39.000     38.709    17.5103    17.5106     0.0002    17.5037    17.5040     0.0002   4.670418   4.670308  -0.000109    36.1073    36.1061     5.1661    26.2427    26.2417    36.1073    26.2427    1516.26    1516.26    17.5037  1026.4166    36.2778 0.0000e+00
       3943 290.654251  -36.66888  -48.62644      0.472    1516.02     40.000     39.702    17.5103    17.5106     0.0003    17.5035    17.5038     0.0003   4.670472   4.670361  -0.000111    36.1074    36.1061     5.1557    26.2428    26.2418    36.1074    26.2428    1516.28    1516.28    17.5035  1026.4210    36.2778 0.0000e+00
       3997 290.654276  -36.66887  -48.62644      0.434    1516.02     41.000     40.691    17.5103    17.5108     0.0005    17.5034    17.5039     0.0005   4.670512   4.670459  -0.000057    36.1073    36.1064     5.1511    26.2428    26.2419    36.1073    26.2428    1516.29    1516.30    17.5033  1026.4253    36.2777 0.0000e+00
       4078 290.654316  -36.66886  -48.62644      0.261    1516.02     42.000     41.693    17.5114    17.5121     0.0007    17.5043    17.5051     0.0007   4.670745   4.670703  -0.000037    36.1078    36.1068     5.1652    26.2429    26.2420    36.1079    26.2430    1516.32    1516.32    17.5043  1026.4299    36.2783 0.0000e+00
       4104 290.654328  -36.66886  -48.62644      0.698    1516.02     43.000     42.679    17.5126    17.5125    -0.0001    17.5053    17.5052    -0.0001   4.670985   4.670835  -0.000145    36.1084    36.1073     5.1687    26.2432    26.2423    36.1086    26.2433    1516.34    1516.33    17.5053  1026.4345    36.2790 0.0000e+00
       4125 290.654338  -36.66886  -48.62644      1.007    1516.02     44.000     43.671    17.5129    17.5128    -0.0001    17.5054    17.5054    -0.0001   4.671074   4.670907  -0.000164    36.1087    36.1073     5.1584    26.2433    26.2423    36.1087    26.2433    1516.35    1516.35    17.5054  1026.4389    36.2791 0.0000e+00
       4169 290.654360  -36.66886  -48.62644      0.705    1516.02     45.000     44.667    17.5130    17.5132     0.0002    17.5054    17.5056     0.0002   4.671125   4.671008  -0.000117    36.1086    36.1074     5.1649    26.2433    26.2423    36.1086    26.2433    1516.37    1516.37    17.5054  1026.4432    36.2790 0.0000e+00
       4254 290.654401  -36.66886  -48.62644      0.368    1516.02     46.000     45.654    17.5111    17.5118     0.0006    17.5034    17.5040     0.0006   4.670965   4.670892  -0.000074    36.1086    36.1074     5.1730    26.2438    26.2427    36.1085    26.2437    1516.38    1516.38    17.5034  1026.4480    36.2789 0.0000e+00
       4617 290.654576  -36.66886  -48.62646      0.245    1516.08     47.000     46.653    17.5095    17.5100     0.0004    17.5016    17.5020     0.0004   4.670838   4.670741  -0.000098    36.1085    36.1072     5.1717    26.2441    26.2431    36.1085    26.2441    1516.39    1516.39    17.5016  1026.4527    36.2788 0.0000e+00
       6339 290.655406  -36.66886  -48.62653      0.443    1516.30     48.000     47.586    17.5081    17.5091     0.0010    17.5000    17.5009     0.0010   4.670676   4.670665  -0.000032    36.1080    36.1068     5.1773    26.2442    26.2430    36.1079    26.2441    1516.41    1516.41    17.5000  1026.4570    36.2783 0.0000e+00
