Pos-Processados/process_op41/Processamento_split/down/doperantar41_009.cnv
* Sea-Bird SBE 9 Data File:
* FileName = C:\Users\Dell\Desktop\OperantarXLI\config\00_BRUTOS\OPE41009.hdr
* Software Version Seasave V 7.26.7.110
* Temperature SN = 6497
* Conductivity SN = 4954
* Number of Bytes Per Scan = 31
* Number of Voltage Words = 2
* Number of Scans Averaged by the Deck Unit = 1
* NMEA Latitude = 42 49.84 S
* NMEA Longitude = 052 15.44 W
* NMEA UTC (Time) = Oct 23 2022 04:30:44
* NMEA baud rate = 4800
** H41
** Navio Polar Almirante Maximiano
** LH-021/2022
** Operantar XLI
** Número da Estação 009
** Latitude 42 49.421' S
** Longitude 52 14.906' W
** Data/Hora (Z) 23/10/2022 0403Z
** Profundidade local 5745 m
** 09-1439
** Nome do Operador CT Garla
# nquan = 30
# nvalues = 1021                        
# units = specified
# name 0 = scan: Scan Count
# name 1 = timeJ: Julian Days
# name 2 = latitude: Latitude [deg]
# name 3 = longitude: Longitude [deg]
# name 4 = dz/dtM: Descent Rate [m/s]
# name 5 = avgsvCM: Average Sound Velocity [Chen-Millero, m/s]
# name 6 = prDM: Pressure, Digiquartz [db]
# name 7 = depSM: Depth [salt water, m]
# name 8 = t090C: Temperature [ITS-90, deg C]
# name 9 = t190C: Temperature, 2 [ITS-90, deg C]
# name 10 = T2-T190C: Temperature Difference, 2 - 1 [ITS-90, deg C]
# name 11 = potemp090C: Potential Temperature [ITS-90, deg C]
# name 12 = potemp190C: Potential Temperature, 2 [ITS-90, deg C]
# name 13 = potemp90Cdiff: Potential Temperature, Diff, 2 - 1 [ITS-90, deg C]
# name 14 = c0S/m: Conductivity [S/m]
# name 15 = c1S/m: Conductivity, 2 [S/m]
# name 16 = C2-C1S/m: Conductivity Difference, 2 - 1 [S/m]
# name 17 = sal00: Salinity, Practical [PSU]
# name 18 = sal11: Salinity, Practical, 2 [PSU]
# name 19 = sbeox0ML/L: Oxygen, SBE 43 [ml/l]
# name 20 = sigma-é00: Density [sigma-theta, kg/m^3]
# name 21 = sigma-é11: Density, 2 [sigma-theta, kg/m^3]
# name 22 = sal00: Salinity, Practical [PSU]
# name 23 = sigma-é00: Density [sigma-theta, kg/m^3]
# name 24 = svCM: Sound Velocity [Chen-Millero, m/s]
# name 25 = svCM1: Sound Velocity, 2 [Chen-Millero, m/s]
# name 26 = gsw_ptA0: potential temperature [ITS-90, deg C]
# name 27 = gsw_densityA0: density, TEOS-10 [density, kg/m^3]
# name 28 = gsw_saA0: Absolute Salinity [g/kg]
# name 29 = flag:
# span 0 =        612,      28543       
# span 1 = 296.188304, 296.201774       
# span 2 =  -42.83550,  -42.83078       
# span 3 =  -52.26872,  -52.25768       
# span 4 =     -0.182,      1.512       
# span 5 =       0.00,    1564.87       
# span 6 =      9.000,   1029.000       
# span 7 =      8.928,   1018.320       
# span 8 =     3.5795,    14.6320       
# span 9 =     3.5794,    14.6321       
# span 10 =    -0.0217,     0.1746      
# span 11 =     3.5059,    14.6298      
# span 12 =     3.5060,    14.6299      
# span 13 =    -0.0215,     0.1741      
# span 14 =   3.195866,   4.311765      
# span 15 =   3.195667,   4.311702      
# span 16 =  -0.005141,   0.018727      
# span 17 =    34.1649,    35.6139      
# span 18 =    34.1642,    35.6129      
# span 19 =     4.9431,     6.0449      
# span 20 =    26.4469,    27.1996      
# span 21 =    26.4464,    27.1989      
# span 22 =    34.1609,    35.6140      
# span 23 =    26.4471,    27.1997      
# span 24 =    1480.60,    1510.81      
# span 25 =    1480.60,    1510.81      
# span 26 =     3.5058,    14.6298      
# span 27 =  1026.4922,  1031.9514      
# span 28 =    34.3236,    35.7825      
# span 29 = 0.0000e+00, 0.0000e+00      
# interval = decibars: 1                
# start_time = Oct 23 2022 04:30:44 [NMEA time, header]
# bad_flag = -9.990e-29
*END*
[from data line 726]
      20571 296.197929  -42.83418  -52.26552      0.993    1498.73    735.000    727.888     4.8847     4.8851     0.0004     4.8259     4.8263     0.0004   3.297192   3.297119  -0.000068    34.1812    34.1800     5.7377    27.0459    27.0449    34.1803    27.0452    1481.29    1481.29     4.8257  1030.4256    34.3436 0.0000e+00
      20594 296.197940  -42.83420  -52.26552      1.022    1498.73    736.000    728.877     4.8794     4.8810     0.0016     4.8205     4.8221     0.0016   3.296654   3.296748   0.000099    34.1808    34.1802     5.7533    27.0461    27.0455    34.1790    27.0447    1481.29    1481.29     4.8204  1030.4299    34.3423 0.0000e+00
      20615 296.197951  -42.83420  -52.26552      1.072    1498.73    737.000    729.866     4.8762     4.8765     0.0003     4.8173     4.8176     0.0003   3.296447   3.296445   0.000002    34.1804    34.1801     5.7671    27.0462    27.0460    34.1794    27.0454    1481.29    1481.29     4.8171  1030.4352    34.3427 0.0000e+00
      20638 296.197961  -42.83420  -52.26553      1.099    1498.73    738.000    730.854     4.8760     4.8765     0.0005     4.8170     4.8175     0.0005   3.296475   3.296482   0.000012    34.1803    34.1799     5.7659    27.0461    27.0458    34.1794    27.0455    1481.30    1481.31     4.8169  1030.4398    34.3427 0.0000e+00
      20662 296.197973  -42.83421  -52.26555      1.040    1498.73    739.000    731.843     4.8780     4.8783     0.0003     4.8189     4.8192     0.0003   3.296763   3.296732  -0.000022    34.1807    34.1801     5.7542    27.0463    27.0458    34.1802    27.0459    1481.33    1481.33     4.8187  1030.4447    34.3435 0.0000e+00
      20699 296.197991  -42.83422  -52.26557      0.728    1498.73    740.000    732.831     4.8806     4.8826     0.0020     4.8214     4.8234     0.0020   3.297054   3.297150   0.000086    34.1809    34.1799     5.7479    27.0462    27.0451    34.1805    27.0458    1481.36    1481.36     4.8212  1030.4491    34.3437 0.0000e+00
      20746 296.198013  -42.83424  -52.26558      0.475    1498.73    741.000    733.820     4.8753     4.8775     0.0022     4.8160     4.8182     0.0022   3.296605   3.296723   0.000128    34.1811    34.1804     5.7435    27.0469    27.0461    34.1802    27.0462    1481.35    1481.36     4.8159  1030.4542    34.3434 0.0000e+00
      20774 296.198027  -42.83424  -52.26560      0.728    1498.73    742.000    734.808     4.8663     4.8674     0.0011     4.8071     4.8081     0.0011   3.295850   3.295777  -0.000064    34.1814    34.1796     5.7308    27.0481    27.0466    34.1801    27.0471    1481.34    1481.34     4.8069  1030.4598    34.3434 0.0000e+00
      20794 296.198037  -42.83422  -52.26560      0.994    1498.73    743.000    735.797     4.8524     4.8551     0.0028     4.7931     4.7958     0.0027   3.294113   3.294331   0.000158    34.1788    34.1778     5.7274    27.0476    27.0465    34.1738    27.0437    1481.28    1481.29     4.7929  1030.4613    34.3371 0.0000e+00
      20811 296.198045  -42.83424  -52.26562      1.228    1498.73    744.000    736.786     4.8184     4.8217     0.0034     4.7592     4.7626     0.0034   3.291051   3.291279   0.000265    34.1765    34.1761     5.7305    27.0496    27.0489    34.1727    27.0466    1481.16    1481.17     4.7591  1030.4694    34.3360 0.0000e+00
      20828 296.198053  -42.83424  -52.26562      1.388    1498.73    745.000    737.774     4.8031     4.8058     0.0027     4.7439     4.7466     0.0027   3.289588   3.289790   0.000208    34.1746    34.1742     5.7284    27.0498    27.0492    34.1710    27.0469    1481.11    1481.12     4.7438  1030.4746    34.3342 0.0000e+00
      20845 296.198061  -42.83424  -52.26562      1.429    1498.73    746.000    738.763     4.7967     4.7985     0.0019     4.7374     4.7393     0.0019   3.289017   3.289184   0.000160    34.1731    34.1731     5.7262    27.0494    27.0491    34.1704    27.0472    1481.10    1481.11     4.7373  1030.4796    34.3337 0.0000e+00
      20878 296.198077  -42.83424  -52.26564      0.943    1498.73    747.000    739.751     4.8007     4.8078     0.0071     4.7414     4.7485     0.0071   3.289593   3.290257   0.000584    34.1743    34.1737     5.7557    27.0498    27.0486    34.1724    27.0484    1481.14    1481.17     4.7412  1030.4852    34.3357 0.0000e+00
      20930 296.198102  -42.83425  -52.26566      0.389    1498.73    748.000    740.740     4.7843     4.7905     0.0063     4.7250     4.7312     0.0062   3.287984   3.288345   0.000466    34.1724    34.1713     5.8021    27.0502    27.0486    34.1701    27.0484    1481.08    1481.11     4.7248  1030.4901    34.3334 0.0000e+00
      20960 296.198117  -42.83426  -52.26568      0.705    1498.73    749.000    741.728     4.7802     4.7806     0.0005     4.7208     4.7213     0.0005   3.287748   3.287675  -0.000066    34.1727    34.1714     5.8034    27.0509    27.0498    34.1711    27.0496    1481.08    1481.08     4.7206  1030.4960    34.3344 0.0000e+00
      20983 296.198128  -42.83426  -52.26568      0.935    1498.73    750.000    742.717     4.7788     4.7797     0.0010     4.7193     4.7203     0.0010   3.287589   3.287627   0.000034    34.1720    34.1714     5.8067    27.0505    27.0499    34.1702    27.0491    1481.09    1481.10     4.7192  1030.5000    34.3335 0.0000e+00
      21005 296.198138  -42.83426  -52.26570      1.068    1498.73    751.000    743.705     4.7739     4.7751     0.0012     4.7144     4.7156     0.0012   3.287187   3.287256   0.000075    34.1717    34.1713     5.8071    27.0508    27.0504    34.1701    27.0495    1481.09    1481.09     4.7142  1030.5052    34.3334 0.0000e+00
      21030 296.198150  -42.83428  -52.26570      1.029    1498.73    752.000    744.694     4.7724     4.7736     0.0012     4.7128     4.7140     0.0012   3.287135   3.287189   0.000053    34.1718    34.1712     5.8002    27.0511    27.0505    34.1705    27.0501    1481.10    1481.10     4.7126  1030.5103    34.3338 0.0000e+00
      21060 296.198165  -42.83428  -52.26572      0.833    1498.73    753.000    745.682     4.7699     4.7715     0.0017     4.7102     4.7119     0.0017   3.286981   3.287018   0.000050    34.1720    34.1709     5.7974    27.0515    27.0504    34.1708    27.0506    1481.11    1481.11     4.7101  1030.5154    34.3341 0.0000e+00
      21089 296.198179  -42.83428  -52.26573      0.788    1498.73    754.000    746.671     4.7674     4.7683     0.0009     4.7077     4.7086     0.0009   3.286786   3.286751  -0.000038    34.1718    34.1705     5.7961    27.0517    27.0505    34.1706    27.0506    1481.11    1481.12     4.7075  1030.5201    34.3338 0.0000e+00
      21113 296.198191  -42.83428  -52.26574      0.919    1498.73    755.000    747.659     4.7637     4.7647     0.0009     4.7039     4.7049     0.0009   3.286461   3.286462   0.000008    34.1711    34.1702     5.7983    27.0515    27.0507    34.1701    27.0507    1481.11    1481.12     4.7038  1030.5247    34.3333 0.0000e+00
      21134 296.198201  -42.83428  -52.26575      1.061    1498.73    756.000    748.648     4.7640     4.7642     0.0002     4.7041     4.7043     0.0002   3.286487   3.286487   0.000003    34.1705    34.1703     5.8006    27.0510    27.0508    34.1696    27.0503    1481.13    1481.13     4.7039  1030.5289    34.3329 0.0000e+00
      21155 296.198211  -42.83428  -52.26576      1.150    1498.73    757.000    749.636     4.7628     4.7632     0.0004     4.7028     4.7033     0.0004   3.286404   3.286431   0.000030    34.1704    34.1703     5.8004    27.0511    27.0509    34.1694    27.0503    1481.14    1481.14     4.7027  1030.5335    34.3327 0.0000e+00
      21177 296.198221  -42.83428  -52.26576      1.134    1498.73    758.000    750.625     4.7595     4.7605     0.0011     4.6995     4.7005     0.0011   3.286181   3.286265   0.000079    34.1706    34.1704     5.8023    27.0515    27.0513    34.1697    27.0509    1481.14    1481.15     4.6993  1030.5387    34.3330 0.0000e+00
      21207 296.198236  -42.83429  -52.26578      0.905    1498.73    759.000    751.613     4.7585     4.7618     0.0033     4.6984     4.7017     0.0033   3.286211   3.286452   0.000226    34.1712    34.1704     5.7982    27.0522    27.0512    34.1706    27.0517    1481.16    1481.17     4.6982  1030.5441    34.3339 0.0000e+00
      21250 296.198257  -42.83430  -52.26580      0.556    1498.73    760.000    752.602     4.7554     4.7599     0.0044     4.6952     4.6997     0.0044   3.285965   3.286301   0.000339    34.1712    34.1705     5.7900    27.0525    27.0515    34.1703    27.0518    1481.16    1481.18     4.6951  1030.5489    34.3336 0.0000e+00
      21287 296.198274  -42.83431  -52.26581      0.622    1498.73    761.000    753.590     4.7519     4.7537     0.0018     4.6917     4.6934     0.0018   3.285717   3.285780   0.000076    34.1713    34.1704     5.7913    27.0530    27.0521    34.1706    27.0525    1481.16    1481.17     4.6915  1030.5541    34.3339 0.0000e+00
      21314 296.198287  -42.83432  -52.26582      0.816    1498.73    762.000    754.578     4.7489     4.7496     0.0006     4.6886     4.6893     0.0006   3.285497   3.285462  -0.000032    34.1712    34.1702     5.7934    27.0533    27.0524    34.1706    27.0528    1481.17    1481.17     4.6885  1030.5591    34.3339 0.0000e+00
      21336 296.198298  -42.83432  -52.26583      0.986    1498.73    763.000    755.567     4.7494     4.7499     0.0005     4.6890     4.6895     0.0005   3.285567   3.285577   0.000008    34.1708    34.1704     5.7938    27.0530    27.0526    34.1704    27.0526    1481.19    1481.19     4.6889  1030.5634    34.3337 0.0000e+00
      21358 296.198309  -42.83433  -52.26584      1.089    1498.73    764.000    756.555     4.7474     4.7485     0.0011     4.6870     4.6880     0.0011   3.285425   3.285488   0.000060    34.1711    34.1707     5.7930    27.0533    27.0529    34.1703    27.0527    1481.20    1481.20     4.6868  1030.5682    34.3336 0.0000e+00
      21381 296.198320  -42.83434  -52.26585      1.068    1498.73    765.000    757.544     4.7417     4.7432     0.0014     4.6812     4.6827     0.0014   3.284953   3.285051   0.000100    34.1712    34.1708     5.7910    27.0540    27.0536    34.1701    27.0532    1481.19    1481.19     4.6811  1030.5734    34.3335 0.0000e+00
      21406 296.198332  -42.83434  -52.26587      1.001    1498.35    766.000    758.532     4.7371     4.7382     0.0011     4.6766     4.6777     0.0011   3.284640   3.284680   0.000043    34.1715    34.1709     5.7907    27.0549    27.0542    34.1707    27.0542    1481.19    1481.19     4.6764  1030.5790    34.3340 0.0000e+00
      21429 296.198343  -42.83434  -52.26588      0.993    1497.42    767.000    759.521     4.7345     4.7355     0.0010     4.6739     4.6749     0.0010   3.284446   3.284491   0.000049    34.1715    34.1710     5.7785    27.0551    27.0547    34.1707    27.0545    1481.19    1481.20     4.6737  1030.5839    34.3340 0.0000e+00
      21453 296.198355  -42.83434  -52.26588      1.010    1497.44    768.000    760.509     4.7321     4.7332     0.0010     4.6714     4.6725     0.0010   3.284301   3.284352   0.000055    34.1716    34.1712     5.7733    27.0555    27.0551    34.1709    27.0549    1481.20    1481.20     4.6713  1030.5890    34.3342 0.0000e+00
      21480 296.198367  -42.83434  -52.26589      0.957    1497.44    769.000    761.498     4.7308     4.7323     0.0015     4.6700     4.6715     0.0015   3.284278   3.284329   0.000049    34.1721    34.1711     5.7729    27.0560    27.0551    34.1715    27.0556    1481.21    1481.22     4.6699  1030.5942    34.3348 0.0000e+00
      21512 296.198383  -42.83434  -52.26590      0.784    1497.44    770.000    762.486     4.7297     4.7320     0.0024     4.6688     4.6711     0.0023   3.284244   3.284345   0.000088    34.1725    34.1712     5.7738    27.0565    27.0552    34.1718    27.0559    1481.22    1481.23     4.6687  1030.5991    34.3351 0.0000e+00
      21543 296.198398  -42.83436  -52.26593      0.736    1497.44    771.000    763.475     4.7251     4.7266     0.0015     4.6642     4.6657     0.0015   3.283889   3.283901   0.000029    34.1725    34.1713     5.7731    27.0570    27.0559    34.1718    27.0565    1481.22    1481.23     4.6641  1030.6043    34.3352 0.0000e+00
      21569 296.198410  -42.83436  -52.26594      0.869    1497.44    772.000    764.463     4.7228     4.7239     0.0011     4.6618     4.6629     0.0011   3.283701   3.283725   0.000019    34.1722    34.1713     5.7694    27.0570    27.0562    34.1715    27.0565    1481.23    1481.23     4.6617  1030.6089    34.3348 0.0000e+00
      21592 296.198422  -42.83436  -52.26594      0.994    1497.44    773.000    765.451     4.7205     4.7223     0.0019     4.6594     4.6613     0.0019   3.283515   3.283612   0.000092    34.1720    34.1711     5.7714    27.0571    27.0562    34.1713    27.0566    1481.24    1481.24     4.6593  1030.6136    34.3346 0.0000e+00
      21618 296.198434  -42.83437  -52.26595      0.973    1497.44    774.000    766.440     4.7192     4.7210     0.0018     4.6581     4.6599     0.0018   3.283471   3.283579   0.000102    34.1720    34.1713     5.7672    27.0573    27.0566    34.1715    27.0569    1481.25    1481.25     4.6579  1030.6185    34.3349 0.0000e+00
      21654 296.198452  -42.83438  -52.26598      0.711    1497.44    775.000    767.428     4.7184     4.7211     0.0028     4.6572     4.6599     0.0027   3.283451   3.283611   0.000164    34.1722    34.1713     5.7541    27.0575    27.0565    34.1717    27.0571    1481.26    1481.27     4.6570  1030.6233    34.3350 0.0000e+00
      21689 296.198468  -42.83438  -52.26599      0.664    1497.44    776.000    768.416     4.7155     4.7165     0.0010     4.6542     4.6552     0.0010   3.283254   3.283256   0.000008    34.1724    34.1714     5.7589    27.0580    27.0572    34.1718    27.0576    1481.27    1481.27     4.6541  1030.6284    34.3352 0.0000e+00
      21715 296.198481  -42.83438  -52.26600      0.834    1497.44    777.000    769.405     4.7125     4.7135     0.0011     4.6511     4.6522     0.0010   3.283025   3.283044   0.000018    34.1725    34.1716     5.7646    27.0584    27.0576    34.1718    27.0579    1481.27    1481.27     4.6510  1030.6333    34.3352 0.0000e+00
      21737 296.198492  -42.83438  -52.26601      0.994    1497.44    778.000    770.393     4.7082     4.7095     0.0013     4.6468     4.6481     0.0013   3.282674   3.282749   0.000074    34.1725    34.1720     5.7691    27.0589    27.0584    34.1716    27.0582    1481.27    1481.27     4.6466  1030.6384    34.3350 0.0000e+00
      21758 296.198502  -42.83438  -52.26602      1.110    1497.44    779.000    771.382     4.7017     4.7030     0.0013     4.6403     4.6416     0.0013   3.282127   3.282226   0.000099    34.1727    34.1725     5.7677    27.0598    27.0595    34.1714    27.0587    1481.26    1481.26     4.6401  1030.6433    34.3345 0.0000e+00
      21779 296.198512 -9.990e-29  -52.26602      1.150    1497.44    780.000    772.370     4.6951     4.6961     0.0010     4.6336     4.6346     0.0010   3.281613   3.281689   0.000077    34.1728    34.1726     5.7622    27.0606    27.0603    34.1717    27.0598    1481.25    1481.25     4.6334  1030.6478    34.3332 0.0000e+00
      21801 296.198522 -9.990e-29  -52.26604      1.124    1497.44    781.000    773.358     4.6906     4.6923     0.0017     4.6291     4.6308     0.0017   3.281208   3.281379   0.000153    34.1726    34.1726     5.7606    27.0609    27.0608    34.1711    27.0598    1481.25    1481.25     4.6289  1030.6524    34.3326 0.0000e+00
