Pos-Processados/process_op41/Processamento_split/down/doperantar41_003.cnv
* Sea-Bird SBE 9 Data File:
* FileName = C:\Users\Dell\Desktop\Operantar XLI\Raw\OP41003.hdr
* Software Version Seasave V 7.26.7.110
* Temperature SN = 6497
* Conductivity SN = 4954
* Number of Bytes Per Scan = 31
* Number of Voltage Words = 2
* Number of Scans Averaged by the Deck Unit = 1
* NMEA Latitude = 37 44.65 S
* NMEA Longitude = 048 37.45 W
* NMEA UTC (Time) = Oct 18 2022 02:57:07
* NMEA baud rate = 4800
** H41
** Navio Polar Almirante Maximiano
** LH-021/2022
** Operantar XLI
** Número da Estação 003
** Latitude 37ª44.632S
** Longitude 048ª37.496W
** Data/Hora (Z) 18/10/2022 0257Z
** Profundidade local 5500
** 09-1439
** Nome do Operador 1T FILIPE LOPES
# nquan = 30
# nvalues = 1015                        
# units = specified
# name 0 = scan: Scan Count
# name 1 = timeJ: Julian Days
# name 2 = latitude: Latitude [deg]
# name 3 = longitude: Longitude [deg]
# name 4 = dz/dtM: Descent Rate [m/s]
# name 5 = avgsvCM: Average Sound Velocity [Chen-Millero, m/s]
# name 6 = prDM: Pressure, Digiquartz [db]
# name 7 = depSM: Depth [salt water, m]
# name 8 = t090C: Temperature [ITS-90, deg C]
# name 9 = t190C: Temperature, 2 [ITS-90, deg C]
# name 10 = T2-T190C: Temperature Difference, 2 - 1 [ITS-90, deg C]
# name 11 = potemp090C: Potential Temperature [ITS-90, deg C]
# name 12 = potemp190C: Potential Temperature, 2 [ITS-90, deg C]
# name 13 = potemp90Cdiff: Potential Temperature, Diff, 2 - 1 [ITS-90, deg C]
# name 14 = c0S/m: Conductivity [S/m]
# name 15 = c1S/m: Conductivity, 2 [S/m]
# name 16 = C2-C1S/m: Conductivity Difference, 2 - 1 [S/m]
# name 17 = sal00: Salinity, Practical [PSU]
# name 18 = sal11: Salinity, Practical, 2 [PSU]
# name 19 = sbeox0ML/L: Oxygen, SBE 43 [ml/l]
# name 20 = sigma-é00: Density [sigma-theta, kg/m^3]
# name 21 = sigma-é11: Density, 2 [sigma-theta, kg/m^3]
# name 22 = sal00: Salinity, Practical [PSU]
# name 23 = sigma-é00: Density [sigma-theta, kg/m^3]
# name 24 = svCM: Sound Velocity [Chen-Millero, m/s]
# name 25 = svCM1: Sound Velocity, 2 [Chen-Millero, m/s]
# name 26 = gsw_ptA0: potential temperature [ITS-90, deg C]
# name 27 = gsw_densityA0: density, TEOS-10 [density, kg/m^3]
# name 28 = gsw_saA0: Absolute Salinity [g/kg]
# name 29 = flag:
# span 0 =       4712,      30990       
# span 1 = 291.125269, 291.137942       
# span 2 =  -37.74582,  -37.74434       
# span 3 =  -48.62373,  -48.62113       
# span 4 =      0.185,      1.650       
# span 5 =       0.00,    1529.66       
# span 6 =      4.000,   1018.000       
# span 7 =      3.983,   1007.909       
# span 8 =     3.4357,    14.5218       
# span 9 =     3.4358,    14.5221       
# span 10 =    -0.0561,     0.1010      
# span 11 =     3.3635,    14.5004      
# span 12 =     3.3636,    14.5007      
# span 13 =    -0.0561,     0.1007      
# span 14 =   3.184004,   4.317189      
# span 15 =   3.184013,   4.317172      
# span 16 =  -0.007726,   0.009986      
# span 17 =    34.1482,    35.6075      
# span 18 =    34.1480,    35.6068      
# span 19 =     4.7857,     6.2812      
# span 20 =    26.3194,    27.2407      
# span 21 =    26.3188,    27.2408      
# span 22 =    34.1461,    35.6081      
# span 23 =    26.3194,    27.2407      
# span 24 =    1478.90,    1508.31      
# span 25 =    1478.90,    1508.31      
# span 26 =     3.3633,    14.5004      
# span 27 =  1026.3421,  1031.9455      
# span 28 =    34.3084,    35.7762      
# span 29 = 0.0000e+00, 0.0000e+00      
# interval = decibars: 1                
# start_time = Oct 18 2022 02:57:07 [NMEA time, header]
# bad_flag = -9.990e-29
*END*
[from data line 242]
      11558 291.128571  -37.74478  -48.62306      1.045    1506.60    246.000    244.020    12.8766    12.8804     0.0038    12.8429    12.8466     0.0038   4.124516   4.124564   0.000015    35.2827    35.2794     5.0621    26.6436    26.6403    35.2775    26.6395    1504.18    1504.19    12.8429  1027.7336    35.4441 0.0000e+00
      11577 291.128580  -37.74478  -48.62306      1.197    1506.60    247.000    245.011    12.8671    12.8696     0.0025    12.8332    12.8358     0.0025   4.123389   4.123377   0.000016    35.2794    35.2771     5.0684    26.6429    26.6407    35.2752    26.6397    1504.16    1504.16    12.8332  1027.7382    35.4418 0.0000e+00
      11598 291.128590  -37.74478  -48.62304      1.225    1506.60    248.000    246.002    12.8599    12.8658     0.0060    12.8258    12.8318     0.0060   4.122594   4.123106   0.000437    35.2778    35.2764     5.0691    26.6431    26.6409    35.2739    26.6401    1504.15    1504.17    12.8258  1027.7432    35.4405 0.0000e+00
      11627 291.128604  -37.74478  -48.62304      0.954    1506.41    249.000    246.994    12.8545    12.8677     0.0133    12.8203    12.8336     0.0132   4.122162   4.123250   0.001081    35.2777    35.2757     5.0701    26.6442    26.6400    35.2744    26.6416    1504.15    1504.19    12.8203  1027.7490    35.4410 0.0000e+00
      11660 291.128620  -37.74478  -48.62304      0.716    1506.38    250.000    247.985    12.8339    12.8405     0.0066    12.7996    12.8062     0.0066   4.119707   4.119690   0.000066    35.2751    35.2696     5.0725    26.6463    26.6408    35.2697    26.6421    1504.09    1504.11    12.7996  1027.7541    35.4363 0.0000e+00
      11685 291.128632  -37.74478  -48.62304      0.842    1506.38    251.000    248.976    12.7984    12.8007     0.0023    12.7641    12.7663     0.0023   4.115650   4.115255  -0.000380    35.2689    35.2632     5.0730    26.6486    26.6437    35.2635    26.6444    1503.98    1503.98    12.7641  1027.7610    35.4300 0.0000e+00
      11706 291.128642  -37.74478  -48.62304      1.034    1506.38    252.000    249.967    12.7689    12.7745     0.0056    12.7345    12.7401     0.0056   4.111564   4.111851   0.000152    35.2611    35.2573     5.0702    26.6484    26.6444    35.2514    26.6409    1503.89    1503.90    12.7345  1027.7621    35.4179 0.0000e+00
      11725 291.128652  -37.74478  -48.62304      1.190    1506.38    253.000    250.959    12.6935    12.7050     0.0115    12.6591    12.6706     0.0114   4.102775   4.103659   0.000959    35.2481    35.2466     5.0817    26.6533    26.6499    35.2371    26.6448    1503.63    1503.67    12.6591  1027.7707    35.4035 0.0000e+00
      11745 291.128661  -37.74478  -48.62304      1.235    1506.38    254.000    251.950    12.6660    12.6723     0.0063    12.6315    12.6378     0.0063   4.100041   4.100529   0.000433    35.2430    35.2413     5.0833    26.6548    26.6522    35.2360    26.6494    1503.55    1503.57    12.6315  1027.7800    35.4025 0.0000e+00
      11770 291.128673  -37.74478  -48.62304      1.097    1506.38    255.000    252.941    12.6434    12.6658     0.0224    12.6088    12.6312     0.0224   4.098098   4.100052   0.001834    35.2450    35.2416     5.0820    26.6609    26.6539    35.2380    26.6555    1503.50    1503.57    12.6088  1027.7905    35.4045 0.0000e+00
      11798 291.128687  -37.74478  -48.62302      0.874    1506.38    256.000    253.933    12.6237    12.6379     0.0142    12.5890    12.6032     0.0142   4.096389   4.096981   0.000756    35.2456    35.2395     5.0856    26.6653    26.6578    35.2396    26.6607    1503.45    1503.49    12.5890  1027.8002    35.4061 0.0000e+00
      11825 291.128700  -37.74478  -48.62302      0.854    1506.38    257.000    254.924    12.6037    12.6042     0.0006    12.5689    12.5695     0.0006   4.094044   4.092878  -0.001170    35.2421    35.2303     5.0856    26.6665    26.6572    35.2354    26.6613    1503.40    1503.38    12.5689  1027.8054    35.4018 0.0000e+00
      11847 291.128711  -37.74479  -48.62302      0.977    1506.38    258.000    255.915    12.5838    12.5879     0.0042    12.5489    12.5530     0.0042   4.091315   4.091018  -0.000292    35.2335    35.2268     5.0803    26.6638    26.6578    35.2273    26.6589    1503.33    1503.34    12.5489  1027.8076    35.3937 0.0000e+00
      11866 291.128720  -37.74480  -48.62302      1.141    1506.38    259.000    256.907    12.5677    12.5732     0.0056    12.5327    12.5382     0.0055   4.088956   4.089171   0.000166    35.2266    35.2230     5.0745    26.6616    26.6577    35.2191    26.6558    1503.29    1503.30    12.5327  1027.8090    35.3855 0.0000e+00
      11885 291.128729  -37.74480  -48.62302      1.252    1506.38    260.000    257.898    12.5515    12.5541     0.0027    12.5164    12.5190     0.0027   4.087171   4.087275   0.000114    35.2221    35.2207     5.0791    26.6614    26.6597    35.2167    26.6571    1503.25    1503.25    12.5164  1027.8148    35.3830 0.0000e+00
      11906 291.128739  -37.74480  -48.62302      1.228    1506.38    261.000    258.889    12.5334    12.5391     0.0057    12.4982    12.5039     0.0057   4.084939   4.085449   0.000466    35.2188    35.2180     5.0815    26.6624    26.6606    35.2117    26.6568    1503.20    1503.22    12.4982  1027.8190    35.3780 0.0000e+00
      11932 291.128751  -37.74480  -48.62300      1.042    1506.38    262.000    259.881    12.4995    12.5202     0.0206    12.4643    12.4848     0.0206   4.081799   4.083751   0.001841    35.2180    35.2165     5.0806    26.6684    26.6632    35.2127    26.6642    1503.10    1503.17    12.4643  1027.8310    35.3790 0.0000e+00
      11961 291.128765  -37.74480  -48.62300      0.852    1506.38    263.000    260.872    12.5025    12.5134     0.0109    12.4671    12.4779     0.0109   4.082639   4.082618   0.000137    35.2213    35.2124     5.0774    26.6704    26.6614    35.2176    26.6675    1503.13    1503.16    12.4671  1027.8387    35.3839 0.0000e+00
      11988 291.128779  -37.74480  -48.62300      0.840    1506.38    264.000    261.863    12.4583    12.4746     0.0163    12.4228    12.4391     0.0163   4.077494   4.078065   0.000518    35.2192    35.2089     5.0794    26.6775    26.6663    35.2089    26.6694    1502.99    1503.03    12.4228  1027.8453    35.3752 0.0000e+00
      12013 291.128790  -37.74480  -48.62300      0.927    1506.38    265.000    262.854    12.4022    12.4103     0.0081    12.3667    12.3748     0.0081   4.071861   4.071478  -0.000354    35.2134    35.2023     5.0795    26.6839    26.6738    35.2066    26.6786    1502.81    1502.83    12.3667  1027.8592    35.3729 0.0000e+00
      12035 291.128801  -37.74480  -48.62300      1.025    1506.38    266.000    263.846    12.3958    12.3991     0.0033    12.3602    12.3635     0.0033   4.070773   4.070360  -0.000403    35.2066    35.1997     5.0726    26.6800    26.6739    35.2016    26.6760    1502.80    1502.81    12.3602  1027.8611    35.3679 0.0000e+00
      12057 291.128812  -37.74480  -48.62300      1.089    1506.38    267.000    264.837    12.3958    12.3970     0.0012    12.3600    12.3613     0.0012   4.070574   4.070070  -0.000427    35.2035    35.1982     5.0498    26.6776    26.6732    35.1993    26.6743    1502.82    1502.81    12.3601  1027.8637    35.3656 0.0000e+00
      12078 291.128822  -37.74480  -48.62300      1.122    1506.38    268.000    265.828    12.3949    12.3949     0.0000    12.3590    12.3590     0.0000   4.070149   4.069910  -0.000290    35.2001    35.1973     5.0431    26.6751    26.6730    35.1955    26.6716    1502.83    1502.82    12.3590  1027.8655    35.3618 0.0000e+00
      12099 291.128832  -37.74482 -9.990e-29      1.126    1506.38    269.000    266.820    12.3924    12.3927     0.0003    12.3564    12.3567     0.0003   4.069887   4.069723  -0.000152    35.1983    35.1966     5.0441    26.6743    26.6729    35.1949    26.6716    1502.83    1502.83    12.3564  1027.8699    35.3612 0.0000e+00
      12121 291.128843  -37.74482 -9.990e-29      1.114    1506.38    270.000    267.811    12.3900    12.3912     0.0012    12.3539    12.3551     0.0012   4.069619   4.069549  -0.000055    35.1973    35.1957     5.0396    26.6740    26.6724    35.1942    26.6715    1502.84    1502.84    12.3539  1027.8743    35.3604 0.0000e+00
      12144 291.128854  -37.74482 -9.990e-29      1.075    1506.38    271.000    268.802    12.3856    12.3893     0.0037    12.3493    12.3530     0.0037   4.069116   4.069395   0.000248    35.1965    35.1954     5.0344    26.6742    26.6726    35.1930    26.6715    1502.84    1502.85    12.3493  1027.8788    35.3593 0.0000e+00
      12169 291.128866  -37.74482  -48.62298      1.000    1506.38    272.000    269.793    12.3789    12.3836     0.0047    12.3425    12.3472     0.0047   4.068647   4.068828   0.000231    35.1966    35.1944     5.0341    26.6756    26.6730    35.1943    26.6739    1502.84    1502.85    12.3425  1027.8856    35.3606 0.0000e+00
      12195 291.128878  -37.74482  -48.62298      0.934    1506.38    273.000    270.784    12.3803    12.3828     0.0026    12.3437    12.3463     0.0026   4.068677   4.068735  -0.000006    35.1966    35.1941     5.0411    26.6754    26.6730    35.1929    26.6725    1502.86    1502.86    12.3437  1027.8886    35.3591 0.0000e+00
      12217 291.128889  -37.74482  -48.62298      0.986    1506.38    274.000    271.776    12.3178    12.3343     0.0164    12.2812    12.2977     0.0164   4.060745   4.061979   0.001179    35.1869    35.1829     5.0468    26.6800    26.6737    35.1742    26.6702    1502.64    1502.69    12.2813  1027.8911    35.3404 0.0000e+00
      12236 291.128898  -37.74482  -48.62298      1.139    1506.38    275.000    272.767    12.2487    12.2585     0.0098    12.2121    12.2219     0.0097   4.052764   4.053279   0.000644    35.1730    35.1701     5.0480    26.6827    26.6785    35.1613    26.6736    1502.41    1502.43    12.2122  1027.8993    35.3274 0.0000e+00
      12254 291.128907  -37.74482  -48.62298      1.291    1506.38    276.000    273.758    12.1968    12.1968    -0.0000    12.1602    12.1602    -0.0000   4.047215   4.046794  -0.000348    35.1636    35.1602     5.0420    26.6853    26.6828    35.1557    26.6792    1502.24    1502.24    12.1603  1027.9097    35.3218 0.0000e+00
      12272 291.128915  -37.74482  -48.62298      1.349    1506.38    277.000    274.749    12.1879    12.1862    -0.0017    12.1512    12.1495    -0.0017   4.046105   4.045680  -0.000484    35.1595    35.1565     5.0354    26.6840    26.6819    35.1529    26.6788    1502.22    1502.21    12.1512  1027.9137    35.3189 0.0000e+00
      12292 291.128925  -37.74482  -48.62298      1.278    1506.38    278.000    275.741    12.1759    12.1791     0.0032    12.1391    12.1423     0.0032   4.044454   4.044881   0.000343    35.1555    35.1558     5.0473    26.6831    26.6828    35.1477    26.6771    1502.19    1502.20    12.1391  1027.9166    35.3138 0.0000e+00
      12316 291.128936  -37.74482  -48.62296      1.120    1506.38    279.000    276.732    12.1526    12.1715     0.0188    12.1157    12.1345     0.0188   4.041974   4.044838   0.002346    35.1513    35.1564     5.0521    26.6844    26.6847    35.1450    26.6795    1502.13    1502.20    12.1157  1027.9235    35.3111 0.0000e+00
      12347 291.128951  -37.74482  -48.62296      0.848    1506.38    280.000    277.723    12.1295    12.1839     0.0543    12.0926    12.1468     0.0542   4.039982   4.045038   0.005216    35.1526    35.1522     5.0354    26.6899    26.6791    35.1469    26.6855    1502.07    1502.25    12.0926  1027.9340    35.3129 0.0000e+00
      12379 291.128967  -37.74482  -48.62296      0.727    1506.38    281.000    278.714    12.0827    12.1013     0.0186    12.0457    12.0643     0.0186   4.034331   4.034674   0.000615    35.1459    35.1344     5.0563    26.6937    26.6812    35.1355    26.6856    1501.91    1501.96    12.0457  1027.9398    35.3026 0.0000e+00
      12405 291.128980 -9.990e-29  -48.62296      0.840    1506.38    282.000    279.705    12.0067    12.0187     0.0121    11.9697    11.9817     0.0120   4.025373   4.025438  -0.000191    35.1321    35.1188     5.0746    26.6975    26.6850    35.1192    26.6876    1501.65    1501.68    11.9697  1027.9469    35.2867 0.0000e+00
      12428 291.128991 -9.990e-29  -48.62296      0.985    1506.38    283.000    280.696    11.9317    11.9562     0.0245    11.8947    11.9192     0.0245   4.016156   4.017423   0.001395    35.1133    35.1038     5.0707    26.6973    26.6852    35.0994    26.6865    1501.38    1501.46    11.8947  1027.9507    35.2668 0.0000e+00
      12448 291.129000 -9.990e-29  -48.62296      1.092    1506.38    284.000    281.688    11.8585    11.8815     0.0231    11.8215    11.8445     0.0230   4.006454   4.008507   0.002049    35.0906    35.0889     5.0791    26.6936    26.6879    35.0731    26.6799    1501.12    1501.20    11.8215  1027.9490    35.2404 0.0000e+00
      12467 291.129010  -37.74484  -48.62296      1.202    1506.38    285.000    282.679    11.8116    11.8073    -0.0044    11.7746    11.7703    -0.0043   4.001605   4.000870  -0.000519    35.0793    35.0783     5.0826    26.6937    26.6937    35.0693    26.6859    1500.97    1500.95    11.7746  1027.9594    35.2361 0.0000e+00
      12486 291.129019  -37.74484 -9.990e-29      1.262    1506.38    286.000    283.670    11.8006    11.7959    -0.0047    11.7635    11.7589    -0.0047   3.999927   3.999280  -0.000793    35.0752    35.0718     5.0708    26.6926    26.6908    35.0628    26.6829    1500.94    1500.92    11.7635  1027.9601    35.2285 0.0000e+00
      12507 291.129029  -37.74484 -9.990e-29      1.230    1506.38    287.000    284.661    11.7287    11.7402     0.0115    11.6917    11.7031     0.0115   3.991570   3.992416   0.000908    35.0627    35.0608     5.0734    26.6964    26.6928    35.0481    26.6851    1500.69    1500.73    11.6917  1027.9671    35.2137 0.0000e+00
      12529 291.129039  -37.74484 -9.990e-29      1.145    1506.38    288.000    285.652    11.7017    11.7082     0.0064    11.6646    11.6710     0.0064   3.988897   3.989309   0.000387    35.0582    35.0559     5.0656    26.6980    26.6950    35.0470    26.6893    1500.62    1500.64    11.6646  1027.9759    35.2126 0.0000e+00
      12551 291.129050  -37.74484 -9.990e-29      1.081    1506.38    289.000    286.643    11.6412    11.6592     0.0180    11.6041    11.6220     0.0180   3.981629   3.983387   0.001675    35.0480    35.0475     5.0644    26.7015    26.6977    35.0322    26.6891    1500.41    1500.47    11.6041  1027.9805    35.1977 0.0000e+00
      12576 291.129062  -37.74484  -48.62294      1.030    1506.38    290.000    287.634    11.6059    11.6236     0.0177    11.5687    11.5864     0.0177   3.979003   3.980588   0.001390    35.0480    35.0449     5.0502    26.7080    26.7024    35.0392    26.7012    1500.31    1500.37    11.5687  1027.9973    35.2048 0.0000e+00
      12607 291.129077  -37.74484  -48.62294      0.845    1506.38    291.000    288.626    11.6028    11.6610     0.0581    11.5655    11.6235     0.0580   3.978891   3.984167   0.005105    35.0500    35.0453     5.0474    26.7102    26.6957    35.0406    26.7029    1500.32    1500.51    11.5655  1028.0034    35.2062 0.0000e+00
      12640 291.129093  -37.74484  -48.62293      0.703    1506.38    292.000    289.617    11.5403    11.5664     0.0261    11.5030    11.5290     0.0261   3.971904   3.972723   0.001258    35.0409    35.0286     5.0457    26.7148    26.7004    35.0305    26.7067    1500.10    1500.18    11.5030  1028.0120    35.1960 0.0000e+00
      12666 291.129105  -37.74484  -48.62292      0.828    1506.38    293.000    290.608    11.4852    11.4964     0.0112    11.4479    11.4591     0.0112   3.965165   3.964676  -0.000665    35.0319    35.0147     5.0436    26.7181    26.7026    35.0157    26.7055    1499.91    1499.93    11.4478  1028.0156    35.1811 0.0000e+00
