Pos-Processados/process_op41/Processamento_split/down/doperantar41_001.cnv
* Sea-Bird SBE 9 Data File:
* FileName = C:\Users\Dell\Desktop\Operantar XLI\Raw\OP41001.hdr
* Software Version Seasave V 7.26.7.110
* Temperature SN = 6497
* Conductivity SN = 4954
* Number of Bytes Per Scan = 31
* Number of Voltage Words = 2
* Number of Scans Averaged by the Deck Unit = 1
* NMEA Latitude = 36 40.13 S
* NMEA Longitude = 048 37.58 W
* NMEA UTC (Time) = Oct 17 2022 11:05:04
* NMEA baud rate = 4800
** H41
** Navio Polar Almirante Maximiano
** LH-021/2022
** Operantar XLI
** Número da Estação 001 LR
** Latitude 36 40.147S
** Longitude 048 37.579W
** Data/Hora (Z) 1105Z
** Profundidade local 4900m
** 09-1439
** Nome do Operador CT Garla
# nquan = 30
# nvalues = 4841                        
# units = specified
# name 0 = scan: Scan Count
# name 1 = timeJ: Julian Days
# name 2 = latitude: Latitude [deg]
# name 3 = longitude: Longitude [deg]
# name 4 = dz/dtM: Descent Rate [m/s]
# name 5 = avgsvCM: Average Sound Velocity [Chen-Millero, m/s]
# name 6 = prDM: Pressure, Digiquartz [db]
# name 7 = depSM: Depth [salt water, m]
# name 8 = t090C: Temperature [ITS-90, deg C]
# name 9 = t190C: Temperature, 2 [ITS-90, deg C]
# name 10 = T2-T190C: Temperature Difference, 2 - 1 [ITS-90, deg C]
# name 11 = potemp090C: Potential Temperature [ITS-90, deg C]
# name 12 = potemp190C: Potential Temperature, 2 [ITS-90, deg C]
# name 13 = potemp90Cdiff: Potential Temperature, Diff, 2 - 1 [ITS-90, deg C]
# name 14 = c0S/m: Conductivity [S/m]
# name 15 = c1S/m: Conductivity, 2 [S/m]
# name 16 = C2-C1S/m: Conductivity Difference, 2 - 1 [S/m]
# name 17 = sal00: Salinity, Practical [PSU]
# name 18 = sal11: Salinity, Practical, 2 [PSU]
# name 19 = sbeox0ML/L: Oxygen, SBE 43 [ml/l]
# name 20 = sigma-é00: Density [sigma-theta, kg/m^3]
# name 21 = sigma-é11: Density, 2 [sigma-theta, kg/m^3]
# name 22 = sal00: Salinity, Practical [PSU]
# name 23 = sigma-é00: Density [sigma-theta, kg/m^3]
# name 24 = svCM: Sound Velocity [Chen-Millero, m/s]
# name 25 = svCM1: Sound Velocity, 2 [Chen-Millero, m/s]
# name 26 = gsw_ptA0: potential temperature [ITS-90, deg C]
# name 27 = gsw_densityA0: density, TEOS-10 [density, kg/m^3]
# name 28 = gsw_saA0: Absolute Salinity [g/kg]
# name 29 = flag:
# span 0 =       5947,     187498       
# span 1 = 290.464719, 290.552273       
# span 2 =  -36.66900,  -36.66876       
# span 3 =  -48.62668,  -48.62640       
# span 4 =      0.094,      1.632       
# span 5 =       0.00,    1517.75       
# span 6 =      4.000,   4844.000       
# span 7 =      3.993,   4754.360       
# span 8 =     0.2589,    17.5301       
# span 9 =     0.2588,    17.5306       
# span 10 =    -0.0357,     0.0747      
# span 11 =    -0.1083,    17.5033      
# span 12 =    -0.1083,    17.5037      
# span 13 =    -0.0355,     0.0744      
# span 14 =   3.083890,   4.678779      
# span 15 =   3.083892,   4.678660      
# span 16 =  -0.003824,   0.008178      
# span 17 =    34.1885,    36.1060      
# span 18 =    34.1883,    36.1051      
# span 19 =     4.0255,     5.8161      
# span 20 =    26.2407,    27.8430      
# span 21 =    26.2402,    27.8434      
# span 22 =    34.1849,    36.1061      
# span 23 =    26.2408,    27.8430      
# span 24 =    1484.40,    1531.97      
# span 25 =    1484.40,    1531.97      
# span 26 =    -0.1085,    17.5033      
# span 27 =  1026.2633,  1049.7178      
# span 28 =    34.3481,    36.2765      
# span 29 = 0.0000e+00, 0.0000e+00      
# interval = decibars: 1                
# start_time = Oct 17 2022 11:05:04 [NMEA time, header]
# bad_flag = -9.990e-29
*END*
[from data line 4399]
     161515 290.539743  -36.66888  -48.62656      0.960    1504.30   4403.000   4325.825     0.3635     0.3634    -0.0001     0.0347     0.0346    -0.0001   3.085313   3.085315   0.000004    34.6736    34.6737     4.8267    27.8409    27.8411    34.6734    27.8408    1524.71    1524.71     0.0345  1047.8067    34.8463 0.0000e+00
     161532 290.539751  -36.66888  -48.62656      1.242    1504.30   4404.000   4326.798     0.3633     0.3633    -0.0000     0.0344     0.0344    -0.0000   3.085337   3.085336 9.9447e-07    34.6737    34.6737     4.8302    27.8410    27.8410    34.6735    27.8408    1524.73    1524.73     0.0343  1047.8112    34.8463 0.0000e+00
     161549 290.539759  -36.66888  -48.62656      1.394    1504.30   4405.000   4327.770     0.3630     0.3630    -0.0001     0.0340     0.0340    -0.0001   3.085333   3.085337   0.000002    34.6735    34.6736     4.8238    27.8409    27.8410    34.6733    27.8407    1524.74    1524.74     0.0339  1047.8154    34.8461 0.0000e+00
     161566 290.539767  -36.66888  -48.62656      1.428    1504.30   4406.000   4328.743     0.3624     0.3623    -0.0001     0.0333     0.0332    -0.0001   3.085318   3.085320   0.000006    34.6736    34.6737     4.8243    27.8410    27.8411    34.6734    27.8408    1524.76    1524.76     0.0332  1047.8199    34.8462 0.0000e+00
     161585 290.539776  -36.66888  -48.62656      1.353    1504.30   4407.000   4329.716     0.3622     0.3621    -0.0001     0.0330     0.0329    -0.0001   3.085327   3.085330 9.4666e-07    34.6735    34.6736     4.8273    27.8409    27.8410    34.6732    27.8407    1524.77    1524.77     0.0329  1047.8241    34.8461 0.0000e+00
     161606 290.539786  -36.66888  -48.62656      1.242    1504.30   4408.000   4330.689     0.3614     0.3613    -0.0001     0.0322     0.0320    -0.0001   3.085278   3.085288   0.000009    34.6733    34.6736     4.8308    27.8408    27.8410    34.6730    27.8406    1524.79    1524.79     0.0320  1047.8284    34.8459 0.0000e+00
     161626 290.539796 -9.990e-29  -48.62656      1.186    1504.30   4409.000   4331.661     0.3601     0.3600    -0.0002     0.0308     0.0307    -0.0002   3.085200   3.085195  -0.000003    34.6733    34.6735     4.8326    27.8409    27.8410    34.6730    27.8407    1524.80    1524.80     0.0307  1047.8294    34.8412 0.0000e+00
     161645 290.539805 -9.990e-29  -48.62656      1.204    1504.30   4410.000   4332.634     0.3594     0.3594    -0.0000     0.0300     0.0299    -0.0000   3.085176   3.085196   0.000021    34.6733    34.6736     4.8281    27.8409    27.8412    34.6731    27.8408    1524.81    1524.81     0.0299  1047.8339    34.8413 0.0000e+00
     161664 290.539814 -9.990e-29  -48.62656      1.249    1504.30   4411.000   4333.607     0.3585     0.3584    -0.0001     0.0290     0.0289    -0.0001   3.085123   3.085139   0.000016    34.6733    34.6735     4.8307    27.8410    27.8412    34.6730    27.8408    1524.83    1524.83     0.0289  1047.8383    34.8412 0.0000e+00
     161682 290.539823 -9.990e-29  -48.62656      1.284    1504.30   4412.000   4334.579     0.3583     0.3582    -0.0002     0.0287     0.0286    -0.0001   3.085140   3.085155   0.000012    34.6732    34.6735     4.8365    27.8409    27.8412    34.6730    27.8408    1524.84    1524.84     0.0286  1047.8427    34.8412 0.0000e+00
     161702 290.539833 -9.990e-29  -48.62656      1.272    1504.30   4413.000   4335.552     0.3582     0.3581    -0.0001     0.0285     0.0284    -0.0001   3.085174   3.085184   0.000012    34.6732    34.6735     4.8304    27.8409    27.8412    34.6731    27.8408    1524.86    1524.86     0.0285  1047.8471    34.8413 0.0000e+00
     161724 290.539843  -36.66890  -48.62656      1.177    1504.30   4414.000   4336.524     0.3578     0.3577    -0.0002     0.0280     0.0279    -0.0002   3.085155   3.085163   0.000008    34.6731    34.6733     4.8303    27.8409    27.8411    34.6729    27.8407    1524.88    1524.88     0.0279  1047.8544    34.8451 0.0000e+00
     161749 290.539855  -36.66889  -48.62656      1.026    1504.30   4415.000   4337.498     0.3570     0.3570    -0.0001     0.0271     0.0271    -0.0001   3.085138   3.085149   0.000008    34.6733    34.6734     4.8283    27.8410    27.8412    34.6731    27.8409    1524.89    1524.89     0.0270  1047.8595    34.8459 0.0000e+00
     161776 290.539868  -36.66888  -48.62656      0.907    1504.30   4416.000   4338.470     0.3566     0.3566     0.0000     0.0266     0.0266     0.0000   3.085124   3.085139   0.000016    34.6731    34.6733     4.8368    27.8410    27.8411    34.6729    27.8408    1524.90    1524.91     0.0265  1047.8638    34.8458 0.0000e+00
     161803 290.539881  -36.66888  -48.62656      0.889    1504.54   4417.000   4339.443     0.3552     0.3553     0.0001     0.0252     0.0253     0.0001   3.085035   3.085055   0.000024    34.6731    34.6733     4.8232    27.8410    27.8412    34.6729    27.8408    1524.91    1524.92     0.0251  1047.8683    34.8457 0.0000e+00
     161828 290.539893  -36.66888  -48.62656      0.931    1504.60   4418.000   4340.415     0.3550     0.3550    -0.0000     0.0249     0.0248    -0.0000   3.085062   3.085065  -0.000002    34.6732    34.6732     4.8265    27.8411    27.8411    34.6730    27.8410    1524.93    1524.93     0.0247  1047.8728    34.8459 0.0000e+00
     161851 290.539904  -36.66888  -48.62656      0.997    1504.60   4419.000   4341.388     0.3547     0.3547    -0.0000     0.0244     0.0244    -0.0000   3.085054   3.085058   0.000008    34.6730    34.6731     4.8475    27.8410    27.8411    34.6729    27.8409    1524.95    1524.95     0.0243  1047.8770    34.8457 0.0000e+00
     161872 290.539915  -36.66888  -48.62656      1.079    1504.60   4420.000   4342.361     0.3544     0.3543    -0.0001     0.0241     0.0239    -0.0002   3.085070   3.085075 4.4847e-07    34.6730    34.6731     4.8397    27.8410    27.8411    34.6729    27.8409    1524.96    1524.96     0.0240  1047.8814    34.8458 0.0000e+00
     161891 290.539924  -36.66888  -48.62656      1.174    1504.60   4421.000   4343.333     0.3545     0.3542    -0.0003     0.0241     0.0238    -0.0003   3.085096   3.085085  -0.000008    34.6729    34.6731     4.8053    27.8409    27.8411    34.6727    27.8408    1524.98    1524.98     0.0239  1047.8856    34.8456 0.0000e+00
     161909 290.539932  -36.66888  -48.62656      1.270    1504.60   4422.000   4344.306     0.3541     0.3540    -0.0001     0.0236     0.0235    -0.0001   3.085102   3.085116   0.000014    34.6729    34.6732     4.8227    27.8410    27.8412    34.6728    27.8409    1525.00    1525.00     0.0235  1047.8900    34.8457 0.0000e+00
     161926 290.539941  -36.66888  -48.62656      1.344    1504.60   4423.000   4345.278     0.3542     0.3541    -0.0001     0.0235     0.0234    -0.0001   3.085136   3.085163   0.000026    34.6728    34.6733     4.8214    27.8409    27.8413    34.6728    27.8409    1525.02    1525.02     0.0234  1047.8943    34.8456 0.0000e+00
     161944 290.539949  -36.66889  -48.62656      1.373    1504.60   4424.000   4346.251     0.3538     0.3538    -0.0000     0.0231     0.0231    -0.0000   3.085142   3.085162   0.000019    34.6728    34.6731     4.8454    27.8409    27.8412    34.6728    27.8409    1525.03    1525.03     0.0229  1047.8987    34.8457 0.0000e+00
     161963 290.539958  -36.66890  -48.62656      1.335    1504.60   4425.000   4347.224     0.3537     0.3536    -0.0001     0.0229     0.0228    -0.0001   3.085174   3.085185   0.000014    34.6730    34.6732     4.8431    27.8410    27.8413    34.6728    27.8410    1525.05    1525.05     0.0228  1047.9031    34.8457 0.0000e+00
     161984 290.539969  -36.66890  -48.62656      1.224    1504.60   4426.000   4348.197     0.3532     0.3530    -0.0001     0.0222     0.0221    -0.0001   3.085144   3.085140  -0.000002    34.6728    34.6730     4.8148    27.8410    27.8411    34.6727    27.8408    1525.06    1525.06     0.0221  1047.9074    34.8455 0.0000e+00
     162006 290.539979  -36.66890  -48.62656      1.114    1504.60   4427.000   4349.169     0.3513     0.3513    -0.0000     0.0203     0.0203    -0.0000   3.085017   3.085017   0.000002    34.6729    34.6730     4.8161    27.8411    27.8412    34.6727    27.8409    1525.07    1525.07     0.0202  1047.9120    34.8455 0.0000e+00
     162029 290.539990  -36.66890  -48.62656      1.063    1504.60   4428.000   4350.142     0.3509     0.3509    -0.0000     0.0198     0.0198    -0.0000   3.085012   3.085030   0.000015    34.6728    34.6730     4.8335    27.8411    27.8412    34.6727    27.8410    1525.09    1525.09     0.0196  1047.9165    34.8455 0.0000e+00
     162053 290.540002  -36.66890  -48.62656      1.026    1504.60   4429.000   4351.115     0.3506     0.3505    -0.0001     0.0194     0.0193    -0.0001   3.085029   3.085033   0.000003    34.6728    34.6730     4.8384    27.8411    27.8413    34.6727    27.8410    1525.10    1525.10     0.0193  1047.9209    34.8456 0.0000e+00
     162078 290.540014  -36.66890  -48.62656      0.976    1504.60   4430.000   4352.087     0.3506     0.3505    -0.0001     0.0193     0.0192    -0.0001   3.085068   3.085065  -0.000002    34.6729    34.6730     4.8202    27.8412    27.8412    34.6728    27.8411    1525.12    1525.12     0.0191  1047.9253    34.8457 0.0000e+00
     162103 290.540026  -36.66890  -48.62656      0.957    1504.60   4431.000   4353.060     0.3498     0.3498    -0.0000     0.0184     0.0185    -0.0000   3.085014   3.085035   0.000015    34.6728    34.6730     4.8257    27.8412    27.8413    34.6725    27.8410    1525.13    1525.14     0.0183  1047.9295    34.8454 0.0000e+00
     162125 290.540037  -36.66890  -48.62656      1.012    1504.60   4432.000   4354.032     0.3487     0.3486    -0.0001     0.0172     0.0172    -0.0001   3.084957   3.084946  -0.000004    34.6728    34.6728     4.8299    27.8412    27.8413    34.6726    27.8411    1525.15    1525.15     0.0171  1047.9341    34.8455 0.0000e+00
     162146 290.540047  -36.66890  -48.62656      1.102    1504.60   4433.000   4355.005     0.3463     0.3462    -0.0000     0.0148     0.0147    -0.0000   3.084745   3.084747  -0.000004    34.6726    34.6726     4.8418    27.8412    27.8412    34.6721    27.8408    1525.15    1525.15     0.0147  1047.9385    34.8450 0.0000e+00
     162166 290.540056  -36.66890  -48.62656      1.181    1504.60   4434.000   4355.978     0.3441     0.3441     0.0000     0.0125     0.0126     0.0000   3.084616   3.084625   0.000013    34.6727    34.6729     4.8367    27.8414    27.8415    34.6725    27.8412    1525.16    1525.16     0.0124  1047.9434    34.8453 0.0000e+00
     162186 290.540066  -36.66890  -48.62656      1.202    1504.60   4435.000   4356.950     0.3437     0.3437     0.0000     0.0121     0.0121     0.0000   3.084616   3.084614  -0.000008    34.6726    34.6725     4.8360    27.8413    27.8413    34.6724    27.8412    1525.18    1525.18     0.0120  1047.9478    34.8453 0.0000e+00
     162207 290.540076  -36.66890  -48.62656      1.168    1504.60   4436.000   4357.923     0.3433     0.3431    -0.0002     0.0116     0.0114    -0.0002   3.084604   3.084607   0.000006    34.6725    34.6727     4.8284    27.8412    27.8415    34.6723    27.8411    1525.19    1525.19     0.0115  1047.9520    34.8451 0.0000e+00
     162229 290.540087  -36.66890  -48.62656      1.123    1504.60   4437.000   4358.895     0.3429     0.3428    -0.0001     0.0111     0.0110    -0.0001   3.084600   3.084605   0.000007    34.6725    34.6726     4.8329    27.8413    27.8414    34.6723    27.8411    1525.21    1525.21     0.0110  1047.9564    34.8451 0.0000e+00
     162249 290.540097  -36.66890  -48.62656      1.132    1504.60   4438.000   4359.868     0.3422     0.3422    -0.0001     0.0103     0.0102    -0.0001   3.084574   3.084593   0.000015    34.6724    34.6727     4.8419    27.8413    27.8415    34.6722    27.8411    1525.22    1525.22     0.0102  1047.9608    34.8451 0.0000e+00
     162268 290.540106  -36.66890  -48.62656      1.193    1504.60   4439.000   4360.840     0.3413     0.3416     0.0003     0.0094     0.0096     0.0003   3.084522   3.084557   0.000028    34.6724    34.6725     4.8416    27.8413    27.8414    34.6721    27.8411    1525.24    1525.24     0.0092  1047.9652    34.8450 0.0000e+00
     162286 290.540114  -36.66890  -48.62656      1.272    1504.60   4440.000   4361.813     0.3401     0.3401     0.0000     0.0080     0.0080     0.0000   3.084460   3.084473   0.000021    34.6725    34.6727     4.8258    27.8414    27.8416    34.6722    27.8412    1525.25    1525.25     0.0079  1047.9698    34.8451 0.0000e+00
     162304 290.540123  -36.66890  -48.62656      1.339    1504.60   4441.000   4362.786     0.3398     0.3398    -0.0000     0.0077     0.0077    -0.0000   3.084458   3.084471   0.000008    34.6723    34.6725     4.8306    27.8414    27.8415    34.6721    27.8412    1525.26    1525.26     0.0075  1047.9741    34.8450 0.0000e+00
     162322 290.540132  -36.66890  -48.62656      1.357    1504.60   4442.000   4363.758     0.3392     0.3392     0.0000     0.0069     0.0070     0.0000   3.084439   3.084437   0.000004    34.6723    34.6723     4.8290    27.8413    27.8414    34.6721    27.8412    1525.28    1525.28     0.0069  1047.9785    34.8449 0.0000e+00
     162343 290.540142  -36.66890  -48.62656      1.269    1504.60   4443.000   4364.731     0.3389     0.3388    -0.0001     0.0065     0.0064    -0.0001   3.084447   3.084446  -0.000004    34.6723    34.6724     4.8395    27.8414    27.8414    34.6721    27.8412    1525.30    1525.30     0.0064  1047.9830    34.8450 0.0000e+00
     162370 290.540155  -36.66890  -48.62656      1.011    1504.60   4444.000   4365.703     0.3380     0.3380    -0.0000     0.0056     0.0056    -0.0000   3.084400   3.084407   0.000008    34.6724    34.6725     4.8420    27.8415    27.8416    34.6720    27.8412    1525.31    1525.31     0.0055  1047.9874    34.8449 0.0000e+00
     162402 290.540170  -36.66890  -48.62656      0.755    1504.60   4445.000   4366.676     0.3364     0.3362    -0.0001     0.0039     0.0038    -0.0001   3.084290   3.084292   0.000002    34.6722    34.6724     4.8371    27.8415    27.8416    34.6720    27.8413    1525.32    1525.32     0.0038  1047.9919    34.8449 0.0000e+00
     162430 290.540184  -36.66890  -48.62656      0.784    1504.60   4446.000   4367.649     0.3358     0.3356    -0.0002     0.0032     0.0031    -0.0002   3.084259   3.084260   0.000005    34.6720    34.6722     4.8379    27.8413    27.8415    34.6718    27.8412    1525.33    1525.33     0.0031  1047.9962    34.8447 0.0000e+00
     162452 290.540194  -36.66890  -48.62656      0.979    1504.60   4447.000   4368.621     0.3352     0.3351    -0.0001     0.0026     0.0025    -0.0001   3.084251   3.084254 7.5839e-07    34.6721    34.6722     4.8417    27.8414    27.8415    34.6720    27.8413    1525.35    1525.35     0.0024  1048.0008    34.8448 0.0000e+00
     162470 290.540203  -36.66890  -48.62656      1.172    1504.60   4448.000   4369.594     0.3352     0.3351    -0.0002     0.0025     0.0023    -0.0002   3.084281   3.084276  -0.000001    34.6720    34.6722     4.8502    27.8414    27.8415    34.6718    27.8412    1525.37    1525.37     0.0024  1048.0050    34.8447 0.0000e+00
     162487 290.540211  -36.66890  -48.62656      1.329    1504.60   4449.000   4370.566     0.3341     0.3341    -0.0000     0.0013     0.0013    -0.0000   3.084207   3.084210  -0.000001    34.6720    34.6721     4.8400    27.8415    27.8414    34.6717    27.8412    1525.38    1525.38     0.0012  1048.0094    34.8446 0.0000e+00
     162504 290.540219  -36.66890  -48.62656      1.416    1504.60   4450.000   4371.539     0.3329     0.3328    -0.0001    -0.0000    -0.0001    -0.0001   3.084140   3.084154   0.000017    34.6720    34.6723     4.8303    27.8415    27.8417    34.6717    27.8413    1525.39    1525.39    -0.0001  1048.0140    34.8446 0.0000e+00
