Pos-Processados/process_op41/Processamento_split/down/doperantar41_006.cnv
* Sea-Bird SBE 9 Data File:
* FileName = C:\Users\Dell\Desktop\OperantarXLI\config\00_BRUTOS\OP41006.hdr
* Software Version Seasave V 7.26.7.110
* Temperature SN = 6497
* Conductivity SN = 4954
* Number of Bytes Per Scan = 31
* Number of Voltage Words = 2
* Number of Scans Averaged by the Deck Unit = 1
* NMEA Latitude = 42 12.54 S
* NMEA Longitude = 053 27.22 W
* NMEA UTC (Time) = Oct 22 2022 00:21:34
* NMEA baud rate = 4800
** H41
** Navio Polar Almirante Maximiano
** LH-021/2022
** Operantar XLI
** Número da Estação 006
** Latitude 42 12.640'S
** Longitude 053 27.212W
** Data/Hora (Z) 22/10/2022 00:19
** Profundidade local 5571 m
** 09-1439
** Nome do Operador CT Garla
# nquan = 30
# nvalues = 1020                        
# units = specified
# name 0 = scan: Scan Count
# name 1 = timeJ: Julian Days
# name 2 = latitude: Latitude [deg]
# name 3 = longitude: Longitude [deg]
# name 4 = dz/dtM: Descent Rate [m/s]
# name 5 = avgsvCM: Average Sound Velocity [Chen-Millero, m/s]
# name 6 = prDM: Pressure, Digiquartz [db]
# name 7 = depSM: Depth [salt water, m]
# name 8 = t090C: Temperature [ITS-90, deg C]
# name 9 = t190C: Temperature, 2 [ITS-90, deg C]
# name 10 = T2-T190C: Temperature Difference, 2 - 1 [ITS-90, deg C]
# name 11 = potemp090C: Potential Temperature [ITS-90, deg C]
# name 12 = potemp190C: Potential Temperature, 2 [ITS-90, deg C]
# name 13 = potemp90Cdiff: Potential Temperature, Diff, 2 - 1 [ITS-90, deg C]
# name 14 = c0S/m: Conductivity [S/m]
# name 15 = c1S/m: Conductivity, 2 [S/m]
# name 16 = C2-C1S/m: Conductivity Difference, 2 - 1 [S/m]
# name 17 = sal00: Salinity, Practical [PSU]
# name 18 = sal11: Salinity, Practical, 2 [PSU]
# name 19 = sbeox0ML/L: Oxygen, SBE 43 [ml/l]
# name 20 = sigma-é00: Density [sigma-theta, kg/m^3]
# name 21 = sigma-é11: Density, 2 [sigma-theta, kg/m^3]
# name 22 = sal00: Salinity, Practical [PSU]
# name 23 = sigma-é00: Density [sigma-theta, kg/m^3]
# name 24 = svCM: Sound Velocity [Chen-Millero, m/s]
# name 25 = svCM1: Sound Velocity, 2 [Chen-Millero, m/s]
# name 26 = gsw_ptA0: potential temperature [ITS-90, deg C]
# name 27 = gsw_densityA0: density, TEOS-10 [density, kg/m^3]
# name 28 = gsw_saA0: Absolute Salinity [g/kg]
# name 29 = flag:
# span 0 =       9360,      37220       
# span 1 = 295.019490, 295.032926       
# span 2 =  -42.20603,  -42.19764       
# span 3 =  -53.45594,  -53.45446       
# span 4 =     -0.206,      1.606       
# span 5 =      -0.01,    1498.23       
# span 6 =      2.000,   1021.000       
# span 7 =      2.014,   1010.465       
# span 8 =     3.0839,    12.3926       
# span 9 =     3.0834,    12.3932       
# span 10 =    -0.1508,     0.0750      
# span 11 =     3.0140,    12.3919      
# span 12 =     3.0135,    12.3926      
# span 13 =    -0.1506,     0.0749      
# span 14 =   3.158412,   4.044301      
# span 15 =   3.158523,   4.044363      
# span 16 =  -0.014095,   0.006617      
# span 17 =    34.1153,    35.0691      
# span 18 =    34.1153,    35.0684      
# span 19 =     4.3503,     6.4786      
# span 20 =    26.3784,    27.3779      
# span 21 =    26.3791,    27.3782      
# span 22 =    34.1141,    35.0789      
# span 23 =    26.3785,    27.3779      
# span 24 =    1473.93,    1499.07      
# span 25 =    1473.93,    1499.07      
# span 26 =     3.0139,    12.3919      
# span 27 =  1026.3977,  1032.1067      
# span 28 =    34.2757,    35.2446      
# span 29 = 0.0000e+00, 0.0000e+00      
# interval = decibars: 1                
# start_time = Oct 22 2022 00:21:34 [NMEA time, header]
# bad_flag = -9.990e-29
*END*
[from data line 49]
      11952 295.020740  -42.20523  -53.45466      0.634    1498.21     51.000     50.593    11.4867    11.4930     0.0063    11.4803    11.4866     0.0063   3.931569   3.932130   0.000621    34.7900    34.7903     5.8569    26.5239    26.5229    34.7892    26.5233    1495.65    1495.67    11.4803  1026.7548    34.9535 0.0000e+00
      11977 295.020752  -42.20522  -53.45466      0.840    1497.03     52.000     51.585    11.4957    11.5005     0.0049    11.4891    11.4940     0.0049   3.934929   3.936470   0.001025    34.8002    34.8057     5.8179    26.5302    26.5336    34.8136    26.5406    1495.73    1495.76    11.4891  1026.7766    34.9779 0.0000e+00
      11999 295.020763  -42.20521  -53.45466      1.038    1497.00     53.000     52.576    11.9082    11.9120     0.0038    11.9014    11.9052     0.0038   3.992316   3.994568   0.002880    34.9322    34.9568     5.7138    26.5551    26.5736    34.9889    26.5992    1497.37    1497.41    11.9014  1026.8393    35.1541 0.0000e+00
      12018 295.020772  -42.20520  -53.45466      1.160    1497.00     54.000     53.568    12.1170    12.1117    -0.0053    12.1099    12.1046    -0.0053   4.013820   4.013877   0.000010    34.9768    34.9819     5.6674    26.5500    26.5550    35.0024    26.5699    1498.12    1498.11    12.1099  1026.8143    35.1677 0.0000e+00
      12038 295.020782  -42.20520  -53.45466      1.224    1497.00     55.000     54.560    12.2407    12.2329    -0.0078    12.2334    12.2256    -0.0078   4.029973   4.029442  -0.000446    35.0206    35.0236     5.6392    26.5602    26.5640    35.0431    26.5777    1498.60    1498.58    12.2334  1026.8264    35.2086 0.0000e+00
      12057 295.020791  -42.20518  -53.45466      1.239    1497.00     56.000     55.552    12.2877    12.2909     0.0032    12.2803    12.2835     0.0032   4.036282   4.036979   0.000648    35.0375    35.0408     5.4945    26.5642    26.5661    35.0599    26.5816    1498.80    1498.81    12.2803  1026.8347    35.2255 0.0000e+00
      12080 295.020802  -42.20518  -53.45466      1.167    1497.00     57.000     56.543    12.3237    12.3256     0.0020    12.3162    12.3181     0.0020   4.040553   4.040950   0.000386    35.0498    35.0517     5.2961    26.5668    26.5679    35.0671    26.5803    1498.95    1498.96    12.3162  1026.8378    35.2328 0.0000e+00
      12125 295.020824  -42.20518  -53.45467      0.604    1497.00     58.000     57.532    12.3495    12.3496     0.0001    12.3418    12.3419     0.0001   4.044301   4.044363   0.000066    35.0670    35.0675     5.1532    26.5751    26.5755    35.0789    26.5844    1499.07    1499.07    12.3418  1026.8464    35.2446 0.0000e+00
      12179 295.020850  -42.20516  -53.45466      0.392    1497.00     59.000     58.533    12.3028    12.3043     0.0015    12.2950    12.2965     0.0015   4.038318   4.038248  -0.000057    35.0632    35.0612     5.0915    26.5813    26.5795    35.0642    26.5821    1498.91    1498.91    12.2950  1026.8485    35.2298 0.0000e+00
      12202 295.020861  -42.20516  -53.45468      0.823    1497.00     60.000     59.519    12.2358    12.2365     0.0007    12.2279    12.2286     0.0007   4.031169   4.031044  -0.000114    35.0569    35.0551     5.0854    26.5894    26.5879    35.0571    26.5896    1498.69    1498.69    12.2279  1026.8606    35.2227 0.0000e+00
      12221 295.020870  -42.20514  -53.45466      1.111    1497.00     61.000     60.511    12.1976    12.1986     0.0009    12.1896    12.1905     0.0009   4.027994   4.028094   0.000059    35.0572    35.0569     5.0846    26.5971    26.5967    35.0616    26.6005    1498.58    1498.58    12.1896  1026.8760    35.2272 0.0000e+00
      12237 295.020878  -42.20514  -53.45466      1.302    1497.00     62.000     61.503    12.2082    12.2087     0.0005    12.2001    12.2006     0.0005   4.029713   4.029782   0.000088    35.0648    35.0652     5.0885    26.6010    26.6011    35.0680    26.6034    1498.64    1498.64    12.2001  1026.8833    35.2336 0.0000e+00
      12254 295.020886  -42.20514  -53.45466      1.404    1497.00     63.000     62.495    12.1947    12.1952     0.0005    12.1864    12.1869     0.0005   4.028693   4.028665  -0.000025    35.0691    35.0684     5.0864    26.6069    26.6063    35.0703    26.6079    1498.61    1498.61    12.1864  1026.8922    35.2359 0.0000e+00
      12271 295.020894  -42.20511  -53.45468      1.421    1497.00     64.000     63.487    12.1780    12.1800     0.0020    12.1696    12.1716     0.0020   4.026513   4.026601   0.000077    35.0666    35.0654     5.0685    26.6082    26.6070    35.0643    26.6065    1498.56    1498.57    12.1696  1026.8954    35.2300 0.0000e+00
      12289 295.020903 -9.990e-29  -53.45468      1.405    1497.00     65.000     64.479    12.1406    12.1410     0.0004    12.1321    12.1325     0.0004   4.022442   4.022289  -0.000113    35.0613    35.0598     5.0453    26.6114    26.6102    35.0594    26.6099    1498.45    1498.45    12.1321  1026.9033    35.2250 0.0000e+00
      12319 295.020917 -9.990e-29  -53.45468      0.994    1497.00     66.000     65.471    12.1186    12.1183    -0.0003    12.1100    12.1097    -0.0003   4.020082   4.019986  -0.000124    35.0580    35.0570     4.9825    26.6130    26.6124    35.0566    26.6120    1498.39    1498.39    12.1100  1026.9098    35.2222 0.0000e+00
      12361 295.020938  -42.20510  -53.45468      0.559    1497.00     67.000     66.463    12.0920    12.0916    -0.0004    12.0833    12.0829    -0.0004   4.017009   4.016932  -0.000065    35.0525    35.0522     4.9590    26.6139    26.6138    35.0512    26.6129    1498.31    1498.30    12.0833  1026.9153    35.2168 0.0000e+00
      12395 295.020954  -42.20510  -53.45468      0.665    1497.00     68.000     67.454    12.0872    12.0883     0.0011    12.0783    12.0794     0.0011   4.016422   4.016553   0.000102    35.0511    35.0511     5.0119    26.6138    26.6136    35.0496    26.6126    1498.31    1498.31    12.0783  1026.9194    35.2151 0.0000e+00
      12418 295.020965  -42.20508  -53.45468      0.898    1497.00     69.000     68.446    12.0607    12.0634     0.0027    12.0517    12.0544     0.0027   4.012901   4.012949   0.000066    35.0450    35.0431     5.0201    26.6141    26.6122    35.0397    26.6100    1498.22    1498.23    12.0517  1026.9213    35.2052 0.0000e+00
      12437 295.020974  -42.20508  -53.45468      1.104    1497.00     70.000     69.438    12.0102    12.0084    -0.0019    12.0011    11.9993    -0.0019   4.005923   4.005191  -0.000609    35.0337    35.0294     5.0268    26.6150    26.6122    35.0186    26.6033    1498.04    1498.03    12.0011  1026.9191    35.1840 0.0000e+00
      12455 295.020983  -42.20508  -53.45468      1.252    1497.00     71.000     70.430    11.8127    11.8221     0.0094    11.8036    11.8130     0.0094   3.982103   3.982336   0.000109    34.9996    34.9919     5.0494    26.6262    26.6184    34.9708    26.6038    1497.32    1497.35    11.8036  1026.9243    35.1360 0.0000e+00
      12474 295.020992  -42.20507  -53.45468      1.312    1497.00     72.000     71.422    11.7062    11.7078     0.0016    11.6970    11.6986     0.0016   3.972299   3.972172  -0.000125    34.9870    34.9842     5.0563    26.6365    26.6341    34.9745    26.6269    1496.98    1496.98    11.6970  1026.9519    35.1397 0.0000e+00
      12497 295.021003  -42.20506  -53.45468      1.185    1497.00     73.000     72.413    11.6271    11.6270    -0.0002    11.6179    11.6177    -0.0002   3.962347   3.961796  -0.000515    34.9724    34.9675     5.0745    26.6401    26.6363    34.9507    26.6232    1496.69    1496.69    11.6178  1026.9528    35.1158 0.0000e+00
      12529 295.021018  -42.20505  -53.45469      0.826    1497.00     74.000     73.405    11.4918    11.4950     0.0033    11.4824    11.4857     0.0032   3.947891   3.948149   0.000173    34.9506    34.9492     5.1396    26.6484    26.6468    34.9355    26.6367    1496.22    1496.24    11.4824  1026.9710    35.1005 0.0000e+00
      12557 295.021032  -42.20504  -53.45470      0.768    1497.00     75.000     74.397    11.4351    11.4421     0.0071    11.4256    11.4327     0.0071   3.940475   3.940844   0.000398    34.9358    34.9331     5.1767    26.6475    26.6440    34.9153    26.6315    1496.02    1496.04    11.4256  1026.9704    35.0803 0.0000e+00
      12578 295.021042  -42.20504  -53.45470      0.974    1497.00     76.000     75.389    11.3165    11.3155    -0.0010    11.3070    11.3060    -0.0010   3.925930   3.924886  -0.000884    34.9136    34.9058     5.2408    26.6522    26.6462    34.8830    26.6283    1495.59    1495.57    11.3070  1026.9718    35.0478 0.0000e+00
      12596 295.021051  -42.20504  -53.45470      1.208    1497.00     77.000     76.380    11.1947    11.1956     0.0009    11.1851    11.1860     0.0009   3.914041   3.913732  -0.000305    34.8986    34.8947     5.2669    26.6628    26.6596    34.8798    26.6483    1495.18    1495.17    11.1851  1026.9963    35.0446 0.0000e+00
      12613 295.021059  -42.20504  -53.45470      1.354    1497.00     78.000     77.372    11.0966    11.0930    -0.0036    11.0870    11.0834    -0.0036   3.899694   3.898146  -0.001508    34.8730    34.8613     5.2556    26.6608    26.6524    34.8295    26.6269    1494.79    1494.76    11.0870  1026.9796    34.9940 0.0000e+00
      12636 295.021070  -42.20502  -53.45470      1.246    1497.00     79.000     78.364    10.9206    10.9190    -0.0015    10.9109    10.9094    -0.0015   3.882606   3.882079  -0.000550    34.8478    34.8437     5.2464    26.6731    26.6702    34.8255    26.6557    1494.19    1494.18    10.9109  1027.0131    34.9900 0.0000e+00
      12680 295.021091  -42.20501  -53.45470      0.573    1497.00     80.000     79.355    10.9029    10.9045     0.0015    10.8932    10.8947     0.0015   3.881053   3.881185   0.000098    34.8416    34.8411     5.2327    26.6715    26.6708    34.8263    26.6595    1494.14    1494.15    10.8932  1027.0214    34.9908 0.0000e+00
      12719 295.021110  -42.20499  -53.45470      0.545    1497.00     81.000     80.347    10.8960    10.8948    -0.0012    10.8862    10.8850    -0.0012   3.879294   3.878734  -0.000399    34.8358    34.8330     5.2739    26.6682    26.6662    34.8148    26.6518    1494.12    1494.11    10.8862  1027.0182    34.9793 0.0000e+00
      12738 295.021119  -42.20498  -53.45470      0.908    1497.00     82.000     81.339    10.6928    10.6846    -0.0082    10.6830    10.6748    -0.0082   3.854708   3.852935  -0.001934    34.7986    34.7870     5.2861    26.6756    26.6680    34.7609    26.6461    1493.35    1493.31    10.6830  1027.0174    34.9251 0.0000e+00
      12755 295.021128  -42.20498  -53.45470      1.234    1497.00     83.000     82.331    10.5928    10.5927    -0.0001    10.5829    10.5828    -0.0001   3.845919   3.845291  -0.000454    34.7873    34.7828     5.2775    26.6845    26.6810    34.7672    26.6688    1493.03    1493.02    10.5829  1027.0447    34.9315 0.0000e+00
      12772 295.021136  -42.20498  -53.45470      1.390    1497.00     84.000     83.322    10.4503    10.4366    -0.0137    10.4404    10.4267    -0.0137   3.825944   3.823462  -0.002520    34.7564    34.7440     5.2839    26.6854    26.6782    34.7009    26.6422    1492.46    1492.39    10.4404  1027.0227    34.8648 0.0000e+00
      12790 295.021144  -42.20498  -53.45470      1.407    1497.00     85.000     84.314    10.1975    10.2009     0.0033    10.1876    10.1910     0.0033   3.800911   3.800690  -0.000352    34.7250    34.7183     5.3275    26.7050    26.6991    34.6881    26.6762    1491.56    1491.56    10.1876  1027.0616    34.8520 0.0000e+00
      12806 295.021152  -42.20498  -53.45470      1.387    1497.00     86.000     85.306    10.1585    10.1598     0.0013    10.1485    10.1498     0.0013   3.798123   3.798024  -0.000088    34.7207    34.7186     5.3506    26.7084    26.7065    34.6967    26.6897    1491.44    1491.45    10.1485  1027.0796    34.8607 0.0000e+00
      12828 295.021163  -42.20497  -53.45472      1.299    1497.00     87.000     86.298    10.1541    10.1564     0.0023    10.1440    10.1463     0.0023   3.797661   3.797765   0.000100    34.7175    34.7163     5.3830    26.7067    26.7053    34.6957    26.6897    1491.44    1491.45    10.1440  1027.0842    34.8597 0.0000e+00
      12859 295.021178  -42.20496  -53.45472      0.849    1497.00     88.000     87.290    10.0780    10.0748    -0.0032    10.0678    10.0646    -0.0032   3.787840   3.787237  -0.000609    34.6992    34.6960     5.4382    26.7054    26.7035    34.6681    26.6812    1491.15    1491.14    10.0678  1027.0802    34.8319 0.0000e+00
      12888 295.021192  -42.20495  -53.45472      0.816    1497.00     89.000     88.281     9.9674     9.9680     0.0006     9.9572     9.9578     0.0006   3.777149   3.777074  -0.000069    34.6849    34.6836     5.4401    26.7132    26.7120    34.6645    26.6973    1490.77    1490.77     9.9572  1027.1010    34.8283 0.0000e+00
      12926 295.021210  -42.20493  -53.45472      0.662    1497.00     90.000     89.273     9.9624     9.9622    -0.0001     9.9520     9.9519    -0.0001   3.776907   3.776780  -0.000117    34.6818    34.6807     5.4356    26.7116    26.7108    34.6664    26.6997    1490.77    1490.77     9.9520  1027.1079    34.8303 0.0000e+00
      12960 295.021226  -42.20492  -53.45472      0.636    1497.00     91.000     90.265    10.1464    10.1285    -0.0180    10.1358    10.1179    -0.0179   3.803395   3.800618  -0.000464    34.7335    34.7221     5.3893    26.7218    26.7346    34.7595    26.7408    1491.56    1491.44    10.1358  1027.1532    34.9238 0.0000e+00
      12980 295.021236  -42.20492  -53.45472      0.925    1497.00     92.000     91.257    10.3274    10.3273    -0.0001    10.3166    10.3165    -0.0001   3.821640   3.821775   0.000138    34.7724    34.7743     5.3645    26.7196    26.7208    34.7712    26.7187    1492.24    1492.24    10.3166  1027.1353    34.9356 0.0000e+00
      12997 295.021244  -42.20492  -53.45472      1.223    1497.00     93.000     92.248    10.3246    10.3242    -0.0003    10.3136    10.3133    -0.0003   3.821364   3.821318  -0.000070    34.7730    34.7727     5.3736    26.7206    26.7204    34.7707    26.7188    1492.24    1492.24    10.3136  1027.1399    34.9350 0.0000e+00
      13014 295.021253  -42.20490  -53.45472      1.374    1497.00     94.000     93.240    10.3117    10.3114    -0.0003    10.3007    10.3004    -0.0003   3.819889   3.819681  -0.000167    34.7714    34.7700     5.2935    26.7216    26.7205    34.7676    26.7186    1492.21    1492.21    10.3006  1027.1443    34.9319 0.0000e+00
      13032 295.021261  -42.20490  -53.45472      1.389    1497.00     95.000     94.232    10.2883    10.2895     0.0012    10.2771    10.2783     0.0012   3.817003   3.816945  -0.000072    34.7669    34.7650     5.1297    26.7222    26.7205    34.7602    26.7170    1492.13    1492.14    10.2771  1027.1472    34.9245 0.0000e+00
      13050 295.021270  -42.20490  -53.45472      1.381    1497.00     96.000     95.223    10.2245    10.2269     0.0024    10.2133    10.2157     0.0024   3.809435   3.809297  -0.000075    34.7559    34.7529     5.0257    26.7247    26.7219    34.7439    26.7153    1491.90    1491.91    10.2133  1027.1501    34.9081 0.0000e+00
      13083 295.021286  -42.20489 -9.990e-29      0.867    1497.00     97.000     96.215    10.0869    10.0602    -0.0267    10.0756    10.0490    -0.0266   3.794112   3.790763  -0.003289    34.7362    34.7282     4.9806    26.7330    26.7313    34.7194    26.7199    1491.40    1491.29    10.0757  1027.1593    34.8834 0.0000e+00
