Pos-Processados/process_op41/Processamento_split/down/doperantar41_005.cnv
* Sea-Bird SBE 9 Data File:
* FileName = C:\Users\Dell\Desktop\Operantar XLI\Raw\OP41005.hdr
* Software Version Seasave V 7.26.7.110
* Temperature SN = 6497
* Conductivity SN = 4954
* Number of Bytes Per Scan = 31
* Number of Voltage Words = 2
* Number of Scans Averaged by the Deck Unit = 1
* NMEA Latitude = 38 39.38 S
* NMEA Longitude = 048 59.66 W
* NMEA UTC (Time) = Oct 18 2022 16:26:34
* NMEA baud rate = 4800
** H41
** Navio Polar Almirante Maximiano
** LH-021/2022
** Operantar XLI
** Número da Estação 005
** Latitude 38 39,4'S
** Longitude 048 59,6'W
** Data/Hora (Z) 18/10/2022 16:26Z
** Profundidade local 5340m
** 09-1439
** Nome do Operador CT Garla
# nquan = 30
# nvalues = 5018                        
# units = specified
# name 0 = scan: Scan Count
# name 1 = timeJ: Julian Days
# name 2 = latitude: Latitude [deg]
# name 3 = longitude: Longitude [deg]
# name 4 = dz/dtM: Descent Rate [m/s]
# name 5 = avgsvCM: Average Sound Velocity [Chen-Millero, m/s]
# name 6 = prDM: Pressure, Digiquartz [db]
# name 7 = depSM: Depth [salt water, m]
# name 8 = t090C: Temperature [ITS-90, deg C]
# name 9 = t190C: Temperature, 2 [ITS-90, deg C]
# name 10 = T2-T190C: Temperature Difference, 2 - 1 [ITS-90, deg C]
# name 11 = potemp090C: Potential Temperature [ITS-90, deg C]
# name 12 = potemp190C: Potential Temperature, 2 [ITS-90, deg C]
# name 13 = potemp90Cdiff: Potential Temperature, Diff, 2 - 1 [ITS-90, deg C]
# name 14 = c0S/m: Conductivity [S/m]
# name 15 = c1S/m: Conductivity, 2 [S/m]
# name 16 = C2-C1S/m: Conductivity Difference, 2 - 1 [S/m]
# name 17 = sal00: Salinity, Practical [PSU]
# name 18 = sal11: Salinity, Practical, 2 [PSU]
# name 19 = sbeox0ML/L: Oxygen, SBE 43 [ml/l]
# name 20 = sigma-é00: Density [sigma-theta, kg/m^3]
# name 21 = sigma-é11: Density, 2 [sigma-theta, kg/m^3]
# name 22 = sal00: Salinity, Practical [PSU]
# name 23 = sigma-é00: Density [sigma-theta, kg/m^3]
# name 24 = svCM: Sound Velocity [Chen-Millero, m/s]
# name 25 = svCM1: Sound Velocity, 2 [Chen-Millero, m/s]
# name 26 = gsw_ptA0: potential temperature [ITS-90, deg C]
# name 27 = gsw_densityA0: density, TEOS-10 [density, kg/m^3]
# name 28 = gsw_saA0: Absolute Salinity [g/kg]
# name 29 = flag:
# span 0 =        489,     143614       
# span 1 = 291.685351, 291.754374       
# span 2 =  -38.65644,  -38.65452       
# span 3 =  -49.01499,  -48.99446       
# span 4 =      0.059,      1.764       
# span 5 =      -0.01,    1510.79       
# span 6 =      3.000,   5020.000       
# span 7 =      2.982,   4924.323       
# span 8 =     0.3087,    14.8029       
# span 9 =     0.3086,    14.8029       
# span 10 =    -0.2354,     0.1068      
# span 11 =    -0.0867,    14.8020      
# span 12 =    -0.0867,    14.8020      
# span 13 =    -0.2352,     0.1067      
# span 14 =   3.090386,   4.294028      
# span 15 =   3.090379,   4.294007      
# span 16 =  -0.027526,   0.012206      
# span 17 =    34.1439,    35.4762      
# span 18 =    34.1435,    35.4774      
# span 19 =     3.9135,     6.1957      
# span 20 =    26.1657,    27.8430      
# span 21 =    26.1658,    27.8430      
# span 22 =    34.1428,    35.4767      
# span 23 =    26.1665,    27.8430      
# span 24 =    1477.40,    1535.25      
# span 25 =    1477.37,    1535.25      
# span 26 =    -0.0870,    14.8020      
# span 27 =  1026.1880,  1050.4624      
# span 28 =    34.3046,    35.6441      
# span 29 = 0.0000e+00, 0.0000e+00      
# interval = decibars: 1                
# start_time = Oct 18 2022 16:26:34 [NMEA time, header]
# bad_flag = -9.990e-29
*END*
[from data line 2079]
      53404 291.710870  -38.65482  -49.00290      1.117    1485.67   2082.000   2056.072     3.0696     3.0696     0.0000     2.9089     2.9089     0.0000   3.246646   3.246690   0.000042    34.8130    34.8134     4.5850    27.7442    27.7445    34.8131    27.7443    1496.98    1496.98     2.9084  1037.2666    34.9812 0.0000e+00
      53423 291.710879  -38.65482  -49.00290      1.231    1485.67   2083.000   2057.055     3.0707     3.0706 5.5260e-07     2.9098     2.9098    -0.0000   3.246800   3.246828   0.000034    34.8132    34.8136     4.5784    27.7443    27.7446    34.8134    27.7444    1497.00    1497.00     2.9094  1037.2711    34.9815 0.0000e+00
      53442 291.710888  -38.65482  -49.00290      1.275    1485.67   2084.000   2058.037     3.0709     3.0710     0.0000     2.9100     2.9100     0.0000   3.246875   3.246901   0.000024    34.8134    34.8137     4.5844    27.7444    27.7446    34.8135    27.7445    1497.02    1497.02     2.9096  1037.2756    34.9816 0.0000e+00
      53463 291.710898  -38.65482  -49.00290      1.206    1485.67   2085.000   2059.020     3.0729     3.0731     0.0002     2.9118     2.9120     0.0002   3.247105   3.247150   0.000052    34.8135    34.8139     4.5924    27.7443    27.7447    34.8137    27.7445    1497.04    1497.04     2.9114  1037.2800    34.9818 0.0000e+00
      53495 291.710913  -38.65482  -49.00290      0.889    1485.67   2086.000   2060.003     3.0724     3.0712    -0.0013     2.9113     2.9100    -0.0013   3.247087   3.246983  -0.000098    34.8134    34.8136     4.5906    27.7443    27.7446    34.8135    27.7444    1497.06    1497.05     2.9109  1037.2843    34.9816 0.0000e+00
      53548 291.710939  -38.65482  -49.00291      0.384    1485.67   2087.000   2060.986     3.0773     3.0759    -0.0015     2.9160     2.9146    -0.0014   3.247720   3.247583  -0.000139    34.8148    34.8147     4.5909    27.7450    27.7451    34.8154    27.7455    1497.10    1497.09     2.9156  1037.2896    34.9835 0.0000e+00
      53580 291.710954  -38.65482  -49.00292      0.653    1485.67   2088.000   2061.968     3.0795     3.0795     0.0000     2.9181     2.9181     0.0000   3.247981   3.248024   0.000034    34.8156    34.8160     4.5987    27.7455    27.7458    34.8158    27.7456    1497.12    1497.12     2.9176  1037.2940    34.9839 0.0000e+00
      53600 291.710964  -38.65482  -49.00294      0.970    1485.67   2089.000   2062.951     3.0794     3.0793    -0.0001     2.9178     2.9178    -0.0001   3.248024   3.248057   0.000033    34.8156    34.8161     4.6022    27.7455    27.7459    34.8159    27.7457    1497.14    1497.14     2.9174  1037.2986    34.9840 0.0000e+00
      53618 291.710973  -38.65482  -49.00294      1.198    1485.67   2090.000   2063.934     3.0787     3.0784    -0.0003     2.9171     2.9168    -0.0003   3.247976   3.247983   0.000010    34.8156    34.8160     4.6010    27.7455    27.7459    34.8156    27.7455    1497.15    1497.15     2.9167  1037.3030    34.9837 0.0000e+00
      53634 291.710980  -38.65482  -49.00294      1.360    1485.67   2091.000   2064.916     3.0797     3.0792    -0.0004     2.9179     2.9175    -0.0004   3.248175   3.248182   0.000004    34.8159    34.8164     4.6059    27.7457    27.7461    34.8165    27.7462    1497.17    1497.17     2.9175  1037.3080    34.9846 0.0000e+00
      53651 291.710989  -38.65482  -49.00294      1.439    1485.67   2092.000   2065.899     3.0859     3.0864     0.0005     2.9239     2.9244     0.0005   3.249090   3.249293   0.000147    34.8171    34.8183     4.6056    27.7461    27.7470    34.8204    27.7487    1497.22    1497.23     2.9235  1037.3146    34.9885 0.0000e+00
      53669 291.710997  -38.65482  -49.00294      1.426    1485.67   2093.000   2066.882     3.1097     3.1140     0.0043     2.9473     2.9515     0.0042   3.251477   3.251984   0.000519    34.8211    34.8227     4.5993    27.7471    27.7480    34.8233    27.7490    1497.34    1497.36     2.9468  1037.3180    34.9915 0.0000e+00
      53688 291.711007  -38.65482  -49.00294      1.317    1485.67   2094.000   2067.864     3.1128     3.1177     0.0048     2.9503     2.9551     0.0048   3.251673   3.252272   0.000571    34.8210    34.8228     4.5996    27.7468    27.7478    34.8218    27.7475    1497.37    1497.40     2.9499  1037.3208    34.9900 0.0000e+00
      53711 291.711018  -38.65482  -49.00294      1.140    1485.67   2095.000   2068.847     3.1119     3.1151     0.0032     2.9493     2.9524     0.0031   3.251650   3.251980   0.000383    34.8212    34.8224     4.6053    27.7470    27.7477    34.8221    27.7478    1497.39    1497.40     2.9488  1037.3256    34.9902 0.0000e+00
      53740 291.711031  -38.65482  -49.00294      0.930    1485.67   2096.000   2069.830     3.1073     3.1044    -0.0029     2.9446     2.9418    -0.0028   3.251222   3.250906  -0.000312    34.8212    34.8205     4.6239    27.7475    27.7472    34.8213    27.7476    1497.38    1497.37     2.9442  1037.3302    34.9895 0.0000e+00
      53781 291.711051  -38.65482  -49.00294      0.613    1485.67   2097.000   2070.812     3.1081     3.1057    -0.0024     2.9453     2.9430    -0.0023   3.251478   3.251208  -0.000248    34.8219    34.8215     4.6388    27.7480    27.7479    34.8231    27.7489    1497.41    1497.39     2.9449  1037.3359    34.9912 0.0000e+00
      53823 291.711072  -38.65482  -49.00294      0.527    1485.67   2098.000   2071.795     3.1189     3.1190     0.0001     2.9559     2.9560     0.0001   3.252675   3.252772   0.000066    34.8246    34.8252     4.6531    27.7492    27.7497    34.8255    27.7499    1497.47    1497.47     2.9554  1037.3407    34.9937 0.0000e+00
      53847 291.711083  -38.65482  -49.00295      0.811    1485.67   2099.000   2072.778     3.1197     3.1198     0.0001     2.9566     2.9567     0.0001   3.252805   3.252873   0.000066    34.8251    34.8257     4.6445    27.7495    27.7500    34.8257    27.7500    1497.49    1497.49     2.9561  1037.3452    34.9939 0.0000e+00
      53866 291.711092  -38.65482  -49.00296      1.088    1485.67   2100.000   2073.761     3.1183     3.1181    -0.0002     2.9551     2.9549    -0.0002   3.252700   3.252684  -0.000011    34.8254    34.8254     4.6385    27.7498    27.7499    34.8255    27.7500    1497.50    1497.50     2.9546  1037.3497    34.9936 0.0000e+00
      53882 291.711100  -38.65482  -49.00296      1.320    1485.67   2101.000   2074.743     3.1163     3.1157    -0.0006     2.9530     2.9525    -0.0006   3.252589   3.252588  -0.000006    34.8252    34.8257     4.6489    27.7499    27.7503    34.8258    27.7504    1497.51    1497.51     2.9525  1037.3548    34.9940 0.0000e+00
      53897 291.711107  -38.65482  -49.00296      1.484    1485.67   2102.000   2075.726     3.1163     3.1162    -0.0001     2.9530     2.9528    -0.0001   3.252588   3.252588 -9.737e-07    34.8253    34.8254     4.6571    27.7500    27.7501    34.8253    27.7500    1497.53    1497.53     2.9525  1037.3588    34.9934 0.0000e+00
      53913 291.711115  -38.65482  -49.00296      1.545    1485.67   2103.000   2076.709     3.1120     3.1119    -0.0001     2.9487     2.9485    -0.0002   3.252205   3.252204   0.000006    34.8249    34.8252     4.6548    27.7501    27.7503    34.8248    27.7500    1497.52    1497.52     2.9482  1037.3635    34.9929 0.0000e+00
      53931 291.711124  -38.65482  -49.00298      1.459    1485.67   2104.000   2077.691     3.1115     3.1106    -0.0009     2.9480     2.9471    -0.0009   3.252251   3.252197  -0.000050    34.8249    34.8253     4.6598    27.7501    27.7505    34.8254    27.7505    1497.54    1497.54     2.9475  1037.3686    34.9936 0.0000e+00
      53956 291.711136  -38.65482  -49.00298      1.144    1485.67   2105.000   2078.674     3.1132     3.1136     0.0003     2.9496     2.9499     0.0004   3.252438   3.252482   0.000045    34.8251    34.8253     4.6615    27.7501    27.7502    34.8253    27.7503    1497.56    1497.56     2.9492  1037.3727    34.9935 0.0000e+00
      53991 291.711152  -38.65482  -49.00298      0.740    1485.67   2106.000   2079.656     3.1116     3.1123     0.0007     2.9479     2.9486     0.0007   3.252279   3.252377   0.000088    34.8249    34.8252     4.6614    27.7502    27.7503    34.8247    27.7500    1497.57    1497.58     2.9475  1037.3769    34.9928 0.0000e+00
      54025 291.711169  -38.65482  -49.00298      0.688    1485.67   2107.000   2080.639     3.1047     3.1036    -0.0011     2.9411     2.9399    -0.0011   3.251706   3.251577  -0.000099    34.8247    34.8248     4.6541    27.7506    27.7508    34.8246    27.7505    1497.56    1497.55     2.9406  1037.3823    34.9927 0.0000e+00
      54054 291.711183  -38.65482  -49.00298      0.789    1485.67   2108.000   2081.621     3.1026     3.0978    -0.0048     2.9389     2.9342    -0.0047   3.251471   3.251090  -0.000390    34.8242    34.8246     4.6544    27.7504    27.7512    34.8235    27.7499    1497.57    1497.55     2.9385  1037.3863    34.9916 0.0000e+00
      54081 291.711196  -38.65482  -49.00298      0.853    1485.67   2109.000   2082.604     3.0979     3.0956    -0.0023     2.9342     2.9319    -0.0023   3.251109   3.250879  -0.000216    34.8241    34.8239     4.6616    27.7507    27.7508    34.8238    27.7505    1497.56    1497.55     2.9337  1037.3916    34.9919 0.0000e+00
      54105 291.711208  -38.65482  -49.00298      0.950    1485.67   2110.000   2083.587     3.0958     3.0943    -0.0015     2.9320     2.9305    -0.0015   3.250939   3.250829  -0.000117    34.8239    34.8241     4.6579    27.7508    27.7511    34.8235    27.7504    1497.57    1497.57     2.9316  1037.3962    34.9916 0.0000e+00
      54127 291.711218  -38.65482  -49.00298      1.045    1485.67   2111.000   2084.569     3.0910     3.0874    -0.0036     2.9272     2.9236    -0.0035   3.250428   3.250042  -0.000345    34.8233    34.8230     4.6621    27.7508    27.7509    34.8219    27.7497    1497.57    1497.55     2.9268  1037.4001    34.9900 0.0000e+00
      54150 291.711230  -38.65482  -49.00298      1.067    1485.67   2112.000   2085.552     3.0750     3.0685    -0.0065     2.9114     2.9050    -0.0064   3.248975   3.248400  -0.000605    34.8227    34.8223     4.6596    27.7517    27.7520    34.8209    27.7503    1497.51    1497.49     2.9110  1037.4061    34.9890 0.0000e+00
      54181 291.711244  -38.65480  -49.00300      0.890    1485.67   2113.000   2086.534     3.0791     3.0815     0.0024     2.9153     2.9177     0.0024   3.249477   3.249818   0.000265    34.8228    34.8234     4.6577    27.7515    27.7517    34.8222    27.7509    1497.55    1497.56     2.9149  1037.4110    34.9903 0.0000e+00
      54220 291.711263  -38.65480  -49.00301      0.599    1485.67   2114.000   2087.517     3.0500     3.0512     0.0012     2.8866     2.8878     0.0012   3.246326   3.246270   0.000025    34.8184    34.8174     4.6494    27.7505    27.7496    34.8147    27.7476    1497.43    1497.44     2.8862  1037.4139    34.9828 0.0000e+00
      54248 291.711277  -38.65480  -49.00302      0.731    1485.67   2115.000   2088.500     3.0286     3.0264    -0.0022     2.8654     2.8633    -0.0021   3.244320   3.244087  -0.000233    34.8151    34.8146     4.6390    27.7499    27.7496    34.8129    27.7481    1497.36    1497.34     2.8650  1037.4200    34.9809 0.0000e+00
      54268 291.711286  -38.65480  -49.00302      1.004    1485.67   2116.000   2089.482     3.0231     3.0213    -0.0018     2.8599     2.8582    -0.0018   3.243762   3.243591  -0.000173    34.8139    34.8137     4.6346    27.7494    27.7494    34.8115    27.7474    1497.35    1497.34     2.8595  1037.4242    34.9795 0.0000e+00
      54286 291.711295  -38.65481  -49.00302      1.223    1485.67   2117.000   2090.465     3.0177     3.0166    -0.0011     2.8545     2.8534    -0.0011   3.243311   3.243177  -0.000132    34.8133    34.8129     4.6240    27.7494    27.7492    34.8113    27.7478    1497.34    1497.34     2.8541  1037.4293    34.9794 0.0000e+00
      54304 291.711304  -38.65482  -49.00302      1.331    1485.67   2118.000   2091.447     3.0162     3.0152    -0.0010     2.8530     2.8519    -0.0010   3.243217   3.243132  -0.000089    34.8129    34.8129     4.6164    27.7492    27.7493    34.8113    27.7479    1497.35    1497.35     2.8525  1037.4340    34.9794 0.0000e+00
      54326 291.711314  -38.65482  -49.00302      1.240    1485.67   2119.000   2092.430     3.0176     3.0183     0.0007     2.8543     2.8549     0.0006   3.243399   3.243538   0.000103    34.8128    34.8133     4.6109    27.7490    27.7493    34.8115    27.7480    1497.37    1497.38     2.8539  1037.4384    34.9796 0.0000e+00
      54355 291.711328  -38.65481  -49.00302      0.921    1485.67   2120.000   2093.413     3.0150     3.0163     0.0013     2.8516     2.8529     0.0013   3.243125   3.243196   0.000101    34.8122    34.8120     4.5901    27.7488    27.7485    34.8105    27.7474    1497.38    1497.38     2.8512  1037.4425    34.9786 0.0000e+00
      54384 291.711342  -38.65480  -49.00302      0.806    1485.84   2121.000   2094.395     3.0091     3.0069    -0.0022     2.8457     2.8436    -0.0021   3.242630   3.242431  -0.000200    34.8115    34.8114     4.5819    27.7487    27.7488    34.8103    27.7478    1497.37    1497.36     2.8453  1037.4477    34.9783 0.0000e+00
      54409 291.711354  -38.65480  -49.00302      0.917    1485.97   2122.000   2095.378     3.0101     3.0089    -0.0012     2.8466     2.8454    -0.0012   3.242770   3.242675  -0.000101    34.8115    34.8116     4.5809    27.7487    27.7488    34.8105    27.7479    1497.39    1497.39     2.8461  1037.4522    34.9786 0.0000e+00
      54445 291.711371  -38.65480  -49.00303      0.745    1485.97   2123.000   2096.355     3.0100     3.0097    -0.0003     2.8464     2.8461    -0.0003   3.242786   3.242778  -0.000011    34.8111    34.8113     4.5808    27.7484    27.7486    34.8103    27.7477    1497.41    1497.41     2.8460  1037.4565    34.9783 0.0000e+00
      54493 291.711395  -38.65480  -49.00305      0.436    1485.97   2124.000   2097.350     3.0049     3.0065     0.0015     2.8413     2.8428     0.0015   3.242318   3.242433   0.000114    34.8109    34.8107     4.5886    27.7486    27.7483    34.8096    27.7476    1497.40    1497.41     2.8409  1037.4612    34.9776 0.0000e+00
      54517 291.711406  -38.65480  -49.00306      0.769    1485.97   2125.000   2098.325     3.0001     2.9996    -0.0005     2.8365     2.8359    -0.0005   3.241903   3.241881  -0.000019    34.8102    34.8106     4.5780    27.7486    27.7489    34.8093    27.7478    1497.40    1497.40     2.8361  1037.4661    34.9773 0.0000e+00
      54536 291.711415  -38.65480  -49.00306      1.080    1485.97   2126.000   2099.308     2.9979     2.9972    -0.0007     2.8342     2.8336    -0.0007   3.241751   3.241702  -0.000049    34.8101    34.8103     4.5783    27.7487    27.7489    34.8093    27.7480    1497.41    1497.40     2.8338  1037.4708    34.9773 0.0000e+00
      54554 291.711424  -38.65480  -49.00306      1.267    1485.97   2127.000   2100.290     2.9952     2.9946    -0.0006     2.8314     2.8309    -0.0006   3.241476   3.241425  -0.000050    34.8099    34.8099     4.5799    27.7488    27.7488    34.8084    27.7475    1497.41    1497.41     2.8310  1037.4750    34.9764 0.0000e+00
      54572 291.711433  -38.65480  -49.00306      1.327    1485.97   2128.000   2101.273     2.9877     2.9873    -0.0004     2.8240     2.8236    -0.0004   3.240822   3.240783  -0.000042    34.8094    34.8093     4.5791    27.7490    27.7490    34.8080    27.7479    1497.39    1497.39     2.8236  1037.4803    34.9760 0.0000e+00
