Pos-Processados/process_op41/Processamento_split/down/doperantar41_003.cnv
* Sea-Bird SBE 9 Data File:
* FileName = C:\Users\Dell\Desktop\Operantar XLI\Raw\OP41003.hdr
* Software Version Seasave V 7.26.7.110
* Temperature SN = 6497
* Conductivity SN = 4954
* Number of Bytes Per Scan = 31
* Number of Voltage Words = 2
* Number of Scans Averaged by the Deck Unit = 1
* NMEA Latitude = 37 44.65 S
* NMEA Longitude = 048 37.45 W
* NMEA UTC (Time) = Oct 18 2022 02:57:07
* NMEA baud rate = 4800
** H41
** Navio Polar Almirante Maximiano
** LH-021/2022
** Operantar XLI
** Número da Estação 003
** Latitude 37ª44.632S
** Longitude 048ª37.496W
** Data/Hora (Z) 18/10/2022 0257Z
** Profundidade local 5500
** 09-1439
** Nome do Operador 1T FILIPE LOPES
# nquan = 30
# nvalues = 1015                        
# units = specified
# name 0 = scan: Scan Count
# name 1 = timeJ: Julian Days
# name 2 = latitude: Latitude [deg]
# name 3 = longitude: Longitude [deg]
# name 4 = dz/dtM: Descent Rate [m/s]
# name 5 = avgsvCM: Average Sound Velocity [Chen-Millero, m/s]
# name 6 = prDM: Pressure, Digiquartz [db]
# name 7 = depSM: Depth [salt water, m]
# name 8 = t090C: Temperature [ITS-90, deg C]
# name 9 = t190C: Temperature, 2 [ITS-90, deg C]
# name 10 = T2-T190C: Temperature Difference, 2 - 1 [ITS-90, deg C]
# name 11 = potemp090C: Potential Temperature [ITS-90, deg C]
# name 12 = potemp190C: Potential Temperature, 2 [ITS-90, deg C]
# name 13 = potemp90Cdiff: Potential Temperature, Diff, 2 - 1 [ITS-90, deg C]
# name 14 = c0S/m: Conductivity [S/m]
# name 15 = c1S/m: Conductivity, 2 [S/m]
# name 16 = C2-C1S/m: Conductivity Difference, 2 - 1 [S/m]
# name 17 = sal00: Salinity, Practical [PSU]
# name 18 = sal11: Salinity, Practical, 2 [PSU]
# name 19 = sbeox0ML/L: Oxygen, SBE 43 [ml/l]
# name 20 = sigma-é00: Density [sigma-theta, kg/m^3]
# name 21 = sigma-é11: Density, 2 [sigma-theta, kg/m^3]
# name 22 = sal00: Salinity, Practical [PSU]
# name 23 = sigma-é00: Density [sigma-theta, kg/m^3]
# name 24 = svCM: Sound Velocity [Chen-Millero, m/s]
# name 25 = svCM1: Sound Velocity, 2 [Chen-Millero, m/s]
# name 26 = gsw_ptA0: potential temperature [ITS-90, deg C]
# name 27 = gsw_densityA0: density, TEOS-10 [density, kg/m^3]
# name 28 = gsw_saA0: Absolute Salinity [g/kg]
# name 29 = flag:
# span 0 =       4712,      30990       
# span 1 = 291.125269, 291.137942       
# span 2 =  -37.74582,  -37.74434       
# span 3 =  -48.62373,  -48.62113       
# span 4 =      0.185,      1.650       
# span 5 =       0.00,    1529.66       
# span 6 =      4.000,   1018.000       
# span 7 =      3.983,   1007.909       
# span 8 =     3.4357,    14.5218       
# span 9 =     3.4358,    14.5221       
# span 10 =    -0.0561,     0.1010      
# span 11 =     3.3635,    14.5004      
# span 12 =     3.3636,    14.5007      
# span 13 =    -0.0561,     0.1007      
# span 14 =   3.184004,   4.317189      
# span 15 =   3.184013,   4.317172      
# span 16 =  -0.007726,   0.009986      
# span 17 =    34.1482,    35.6075      
# span 18 =    34.1480,    35.6068      
# span 19 =     4.7857,     6.2812      
# span 20 =    26.3194,    27.2407      
# span 21 =    26.3188,    27.2408      
# span 22 =    34.1461,    35.6081      
# span 23 =    26.3194,    27.2407      
# span 24 =    1478.90,    1508.31      
# span 25 =    1478.90,    1508.31      
# span 26 =     3.3633,    14.5004      
# span 27 =  1026.3421,  1031.9455      
# span 28 =    34.3084,    35.7762      
# span 29 = 0.0000e+00, 0.0000e+00      
# interval = decibars: 1                
# start_time = Oct 18 2022 02:57:07 [NMEA time, header]
# bad_flag = -9.990e-29
*END*
[from data line 822]
      24384 291.134756  -37.74562  -48.62176      1.168    1491.91    826.000    818.209     4.1464     4.1520     0.0055     4.0846     4.0900     0.0055   3.236366   3.237053   0.000727    34.1819    34.1847     5.5803    27.1266    27.1283    34.1851    27.1291    1479.75    1479.78     4.0844  1030.9393    34.3479 0.0000e+00
      24405 291.134766  -37.74561  -48.62176      1.200    1491.91    827.000    819.197     4.1522     4.1551     0.0030     4.0901     4.0931     0.0029   3.236901   3.237166   0.000315    34.1850    34.1857     5.5852    27.1286    27.1288    34.1849    27.1285    1479.79    1479.81     4.0900  1030.9430    34.3477 0.0000e+00
      24429 291.134778  -37.74560  -48.62176      1.073    1491.91    828.000    820.185     4.1389     4.1371    -0.0018     4.0769     4.0751    -0.0018   3.235828   3.235574  -0.000258    34.1855    34.1843     5.5827    27.1303    27.1295    34.1855    27.1303    1479.75    1479.74     4.0767  1030.9498    34.3483 0.0000e+00
      24457 291.134792  -37.74560  -48.62176      0.884    1491.91    829.000    821.174     4.1369     4.1373     0.0004     4.0748     4.0752     0.0004   3.235851   3.235924   0.000061    34.1868    34.1871     5.5434    27.1315    27.1317    34.1873    27.1319    1479.77    1479.77     4.0747  1030.9560    34.3501 0.0000e+00
      24484 291.134805  -37.74560  -48.62176      0.874    1491.91    830.000    822.162     4.1396     4.1399     0.0003     4.0774     4.0777     0.0003   3.236257   3.236299   0.000050    34.1885    34.1887     5.5146    27.1326    27.1328    34.1888    27.1328    1479.79    1479.80     4.0773  1030.9614    34.3516 0.0000e+00
      24506 291.134815  -37.74560  -48.62176      0.993    1491.91    831.000    823.151     4.1256     4.1259     0.0003     4.0634     4.0637     0.0003   3.234908   3.234860  -0.000035    34.1888    34.1881     5.5045    27.1343    27.1337    34.1870    27.1328    1479.75    1479.75     4.0632  1030.9663    34.3497 0.0000e+00
      24525 291.134824  -37.74561  -48.62176      1.148    1491.91    832.000    824.140     4.1102     4.1094    -0.0008     4.0480     4.0472    -0.0008   3.233461   3.233304  -0.000142    34.1879    34.1871     5.5025    27.1352    27.1346    34.1854    27.1332    1479.70    1479.70     4.0479  1030.9715    34.3481 0.0000e+00
      24542 291.134833  -37.74562  -48.62176      1.275    1491.91    833.000    825.128     4.0904     4.0897    -0.0008     4.0283     4.0276    -0.0008   3.231717   3.231600  -0.000136    34.1872    34.1864     5.4984    27.1367    27.1361    34.1848    27.1348    1479.63    1479.63     4.0281  1030.9781    34.3476 0.0000e+00
      24560 291.134841  -37.74562  -48.62176      1.334    1491.91    834.000    826.117     4.0856     4.0847    -0.0009     4.0235     4.0225    -0.0009   3.231356   3.231256  -0.000091    34.1864    34.1863     5.4946    27.1365    27.1365    34.1850    27.1354    1479.63    1479.63     4.0233  1030.9834    34.3478 0.0000e+00
      24581 291.134851  -37.74562  -48.62174      1.287    1490.94    835.000    827.105     4.0837     4.0817    -0.0020     4.0215     4.0195    -0.0020   3.231189   3.231078  -0.000165    34.1858    34.1860     5.4837    27.1363    27.1366    34.1845    27.1352    1479.64    1479.63     4.0213  1030.9879    34.3473 0.0000e+00
      24604 291.134863  -37.74562  -48.62174      1.117    1490.86    836.000    828.094     4.0758     4.0769     0.0010     4.0136     4.0146     0.0010   3.230390   3.230371   0.000033    34.1853    34.1847     5.4867    27.1367    27.1360    34.1827    27.1346    1479.62    1479.62     4.0134  1030.9920    34.3455 0.0000e+00
      24626 291.134873  -37.74560  -48.62174      1.032    1490.86    837.000    829.083     4.0538     4.0533    -0.0006     3.9916     3.9911    -0.0006   3.228343   3.228238  -0.000112    34.1841    34.1834     5.4980    27.1379    27.1374    34.1809    27.1354    1479.54    1479.54     3.9914  1030.9979    34.3437 0.0000e+00
      24644 291.134882  -37.74560  -48.62173      1.156    1490.86    838.000    830.071     4.0435     4.0428    -0.0006     3.9813     3.9806    -0.0006   3.227448   3.227341  -0.000110    34.1834    34.1827     5.4986    27.1384    27.1380    34.1805    27.1362    1479.52    1479.51     3.9811  1031.0034    34.3433 0.0000e+00
      24660 291.134889  -37.74560  -48.62172      1.348    1490.86    839.000    831.060     4.0355     4.0352    -0.0003     3.9733     3.9729    -0.0003   3.226710   3.226649  -0.000061    34.1824    34.1821     5.5022    27.1385    27.1382    34.1796    27.1362    1479.50    1479.50     3.9731  1031.0083    34.3423 0.0000e+00
      24675 291.134897  -37.74562  -48.62172      1.498    1490.86    840.000    832.049     4.0264     4.0261    -0.0004     3.9642     3.9638    -0.0004   3.225865   3.225781  -0.000075    34.1818    34.1812     5.5028    27.1389    27.1386    34.1785    27.1363    1479.47    1479.47     3.9640  1031.0148    34.3434 0.0000e+00
      24690 291.134904 -9.990e-29  -48.62172      1.568    1490.86    841.000    833.037     4.0195     4.0185    -0.0010     3.9572     3.9562    -0.0010   3.225344   3.225186  -0.000141    34.1812    34.1805     5.5058    27.1392    27.1388    34.1791    27.1375    1479.46    1479.46     3.9570  1031.0213    34.3447 0.0000e+00
      24727 291.134922 -9.990e-29  -48.62173      0.939    1490.86    842.000    834.024     4.0231     4.0236     0.0004     3.9607     3.9612     0.0004   3.225712   3.225742   0.000035    34.1806    34.1806     5.5117    27.1384    27.1383    34.1791    27.1372    1479.49    1479.50     3.9606  1031.0255    34.3448 0.0000e+00
      24789 291.134952  -37.74563  -48.62174      0.264    1490.86    843.000    835.014     4.0172     4.0167    -0.0005     3.9548     3.9542    -0.0005   3.225167   3.225113  -0.000037    34.1799    34.1800     5.5327    27.1384    27.1385    34.1783    27.1372    1479.49    1479.48     3.9546  1031.0279    34.3411 0.0000e+00
      24810 291.134962  -37.74562  -48.62174      0.797    1490.86    844.000    836.003     4.0100     4.0101     0.0001     3.9475     3.9476     0.0001   3.224618   3.224606  -0.000016    34.1805    34.1802     5.5415    27.1396    27.1394    34.1788    27.1383    1479.47    1479.47     3.9474  1031.0337    34.3416 0.0000e+00
      24827 291.134970  -37.74562  -48.62174      1.134    1490.86    845.000    836.991     4.0077     4.0077     0.0000     3.9452     3.9452     0.0000   3.224495   3.224498   0.000002    34.1808    34.1808     5.5417    27.1401    27.1401    34.1792    27.1389    1479.48    1479.48     3.9450  1031.0389    34.3420 0.0000e+00
      24843 291.134978  -37.74564  -48.62174      1.367    1490.86    846.000    837.980     4.0042     4.0043     0.0001     3.9416     3.9418     0.0001   3.224291   3.224304   0.000013    34.1812    34.1812     5.5367    27.1408    27.1408    34.1799    27.1398    1479.48    1479.48     3.9415  1031.0445    34.3427 0.0000e+00
      24858 291.134985  -37.74564  -48.62174      1.513    1490.86    847.000    838.968     4.0039     4.0039     0.0000     3.9412     3.9412     0.0000   3.224296   3.224310   0.000015    34.1810    34.1811     5.5295    27.1407    27.1407    34.1798    27.1397    1479.50    1479.50     3.9410  1031.0491    34.3426 0.0000e+00
      24873 291.134992  -37.74564  -48.62174      1.584    1490.86    848.000    839.956     4.0033     4.0033     0.0001     3.9405     3.9406     0.0001   3.224273   3.224298   0.000024    34.1809    34.1812     5.5217    27.1407    27.1408    34.1797    27.1397    1479.51    1479.51     3.9404  1031.0536    34.3425 0.0000e+00
      24887 291.134999  -37.74564  -48.62172      1.629    1490.86    849.000    840.945     3.9988     3.9991     0.0003     3.9360     3.9363     0.0003   3.223956   3.223978   0.000021    34.1817    34.1816     5.5202    27.1417    27.1416    34.1801    27.1405    1479.51    1479.51     3.9358  1031.0591    34.3429 0.0000e+00
      24902 291.135006  -37.74564  -48.62172      1.641    1490.86    850.000    841.934     3.9952     3.9953     0.0001     3.9324     3.9325     0.0001   3.223794   3.223804   0.000014    34.1826    34.1827     5.5236    27.1429    27.1429    34.1813    27.1418    1479.51    1479.51     3.9322  1031.0650    34.3442 0.0000e+00
      24918 291.135014  -37.74564  -48.62172      1.623    1490.86    851.000    842.922     3.9932     3.9932     0.0000     3.9303     3.9303     0.0000   3.223709   3.223726   0.000017    34.1830    34.1832     5.5262    27.1433    27.1435    34.1819    27.1425    1479.52    1479.52     3.9301  1031.0703    34.3447 0.0000e+00
      24952 291.135030  -37.74564  -48.62170      0.915    1490.86    852.000    843.910     3.9940     3.9946     0.0007     3.9309     3.9316     0.0007   3.223912   3.223966   0.000053    34.1838    34.1837     5.5188    27.1439    27.1438    34.1830    27.1433    1479.54    1479.54     3.9308  1031.0757    34.3459 0.0000e+00
      24983 291.135045  -37.74564  -48.62170      0.638    1490.86    853.000    844.899     3.9940     3.9941     0.0001     3.9309     3.9310     0.0001   3.224009   3.224014   0.000013    34.1845    34.1846     5.5025    27.1445    27.1446    34.1836    27.1438    1479.56    1479.56     3.9307  1031.0808    34.3465 0.0000e+00
      25002 291.135055  -37.74564  -48.62170      1.015    1490.86    854.000    845.888     3.9823     3.9811    -0.0011     3.9192     3.9181    -0.0011   3.222953   3.222794  -0.000141    34.1853    34.1848     5.4972    27.1463    27.1461    34.1828    27.1444    1479.53    1479.52     3.9190  1031.0861    34.3457 0.0000e+00
      25018 291.135062  -37.74564  -48.62170      1.271    1490.86    855.000    846.876     3.9742     3.9724    -0.0017     3.9110     3.9092    -0.0017   3.222323   3.222135  -0.000186    34.1854    34.1851     5.4958    27.1473    27.1472    34.1833    27.1455    1479.51    1479.50     3.9109  1031.0921    34.3461 0.0000e+00
      25034 291.135070  -37.74564  -48.62170      1.450    1490.86    856.000    847.864     3.9611     3.9613     0.0002     3.8980     3.8981     0.0002   3.221139   3.221196   0.000012    34.1849    34.1849     5.4932    27.1481    27.1481    34.1823    27.1461    1479.47    1479.47     3.8978  1031.0975    34.3452 0.0000e+00
      25049 291.135077  -37.74564  -48.62170      1.538    1490.86    857.000    848.853     3.9596     3.9606     0.0010     3.8964     3.8974     0.0010   3.221125   3.221289   0.000121    34.1849    34.1852     5.4947    27.1483    27.1485    34.1833    27.1470    1479.48    1479.49     3.8962  1031.1030    34.3461 0.0000e+00
      25083 291.135094  -37.74565  -48.62170      0.977    1490.86    858.000    849.841     3.9592     3.9563    -0.0029     3.8959     3.8930    -0.0029   3.221124   3.220815  -0.000282    34.1844    34.1841     5.4905    27.1480    27.1480    34.1831    27.1469    1479.50    1479.48     3.8958  1031.1075    34.3459 0.0000e+00
      25136 291.135119  -37.74564  -48.62170      0.322    1490.86    859.000    850.830     3.9391     3.9378    -0.0013     3.8759     3.8746    -0.0013   3.219248   3.219163  -0.000148    34.1839    34.1835     5.4888    27.1496    27.1494    34.1813    27.1475    1479.43    1479.42     3.8757  1031.1131    34.3441 0.0000e+00
      25156 291.135129  -37.74564  -48.62172      0.839    1490.86    860.000    851.818     3.9316     3.9317     0.0001     3.8684     3.8685     0.0001   3.218765   3.218747  -0.000022    34.1846    34.1843     5.4857    27.1509    27.1506    34.1828    27.1495    1479.41    1479.41     3.8682  1031.1199    34.3457 0.0000e+00
      25173 291.135137  -37.74564  -48.62171      1.181    1490.86    861.000    852.807     3.9276     3.9277     0.0001     3.8643     3.8645     0.0001   3.218450   3.218479   0.000019    34.1848    34.1849     5.4914    27.1515    27.1516    34.1827    27.1498    1479.42    1479.42     3.8642  1031.1249    34.3456 0.0000e+00
      25188 291.135144  -37.74564  -48.62170      1.400    1490.86    862.000    853.795     3.9210     3.9213     0.0003     3.8577     3.8580     0.0003   3.218016   3.218031   0.000017    34.1859    34.1858     5.4909    27.1531    27.1529    34.1840    27.1515    1479.40    1479.41     3.8575  1031.1313    34.3468 0.0000e+00
      25203 291.135151  -37.74564  -48.62170      1.531    1490.86    863.000    854.784     3.9174     3.9176     0.0002     3.8540     3.8542     0.0001   3.217813   3.217827   0.000005    34.1865    34.1864     5.4827    27.1539    27.1538    34.1848    27.1525    1479.41    1479.41     3.8539  1031.1369    34.3477 0.0000e+00
      25218 291.135159  -37.74564  -48.62169      1.590    1490.86    864.000    855.772     3.9152     3.9154     0.0001     3.8518     3.8520     0.0001   3.217682   3.217694   0.000015    34.1867    34.1867     5.4788    27.1543    27.1543    34.1850    27.1529    1479.41    1479.42     3.8516  1031.1419    34.3479 0.0000e+00
      25233 291.135166  -37.74564  -48.62168      1.612    1490.86    865.000    856.760     3.9109     3.9111     0.0001     3.8474     3.8476     0.0001   3.217411   3.217410  -0.000002    34.1875    34.1874     5.4785    27.1554    27.1553    34.1857    27.1539    1479.41    1479.41     3.8472  1031.1476    34.3486 0.0000e+00
      25248 291.135173  -37.74566  -48.62168      1.619    1490.86    866.000    857.749     3.9059     3.9062     0.0003     3.8423     3.8426     0.0003   3.216969   3.216996   0.000019    34.1877    34.1876     5.4730    27.1560    27.1559    34.1852    27.1541    1479.41    1479.41     3.8422  1031.1524    34.3481 0.0000e+00
      25267 291.135182  -37.74566  -48.62168      1.495    1490.86    867.000    858.737     3.8911     3.8917     0.0006     3.8276     3.8281     0.0006   3.215663   3.215687   0.000023    34.1875    34.1872     5.4674    27.1574    27.1571    34.1846    27.1550    1479.36    1479.36     3.8274  1031.1583    34.3475 0.0000e+00
      25294 291.135195  -37.74566  -48.62167      1.050    1490.86    868.000    859.726     3.8828     3.8827    -0.0001     3.8192     3.8191    -0.0001   3.215050   3.215007  -0.000020    34.1875    34.1874     5.4590    27.1582    27.1581    34.1855    27.1566    1479.34    1479.34     3.8191  1031.1647    34.3484 0.0000e+00
      25320 291.135208  -37.74566  -48.62166      0.884    1490.86    869.000    860.714     3.8792     3.8711    -0.0081     3.8156     3.8075    -0.0081   3.214809   3.213993  -0.000789    34.1880    34.1871     5.4393    27.1590    27.1591    34.1858    27.1572    1479.35    1479.31     3.8155  1031.1699    34.3487 0.0000e+00
      25342 291.135218  -37.74565  -48.62166      1.007    1490.86    870.000    861.702     3.8713     3.8663    -0.0050     3.8077     3.8027    -0.0050   3.214167   3.213629  -0.000533    34.1878    34.1867     5.4387    27.1596    27.1592    34.1859    27.1581    1479.33    1479.31     3.8075  1031.1755    34.3488 0.0000e+00
      25366 291.135230  -37.74564  -48.62166      1.058    1490.86    871.000    862.691     3.8681     3.8666    -0.0014     3.8044     3.8030    -0.0014   3.213825   3.213720  -0.000161    34.1866    34.1861     5.4496    27.1589    27.1587    34.1847    27.1575    1479.33    1479.33     3.8043  1031.1796    34.3476 0.0000e+00
      25398 291.135246  -37.74564  -48.62166      0.808    1490.86    872.000    863.679     3.8635     3.8713     0.0078     3.7997     3.8075     0.0077   3.213291   3.214035   0.000723    34.1848    34.1852     5.4525    27.1580    27.1576    34.1827    27.1563    1479.33    1479.36     3.7996  1031.1831    34.3456 0.0000e+00
      25429 291.135260  -37.74564  -48.62166      0.714    1490.86    873.000    864.668     3.8521     3.8526     0.0006     3.7883     3.7889     0.0006   3.212358   3.212369   0.000021    34.1850    34.1846     5.4594    27.1593    27.1590    34.1830    27.1577    1479.29    1479.30     3.7882  1031.1893    34.3459 0.0000e+00
