Pos-Processados/process_op41/Processamento_split/down/doperantar41_003.cnv
* Sea-Bird SBE 9 Data File:
* FileName = C:\Users\Dell\Desktop\Operantar XLI\Raw\OP41003.hdr
* Software Version Seasave V 7.26.7.110
* Temperature SN = 6497
* Conductivity SN = 4954
* Number of Bytes Per Scan = 31
* Number of Voltage Words = 2
* Number of Scans Averaged by the Deck Unit = 1
* NMEA Latitude = 37 44.65 S
* NMEA Longitude = 048 37.45 W
* NMEA UTC (Time) = Oct 18 2022 02:57:07
* NMEA baud rate = 4800
** H41
** Navio Polar Almirante Maximiano
** LH-021/2022
** Operantar XLI
** Número da Estação 003
** Latitude 37ª44.632S
** Longitude 048ª37.496W
** Data/Hora (Z) 18/10/2022 0257Z
** Profundidade local 5500
** 09-1439
** Nome do Operador 1T FILIPE LOPES
# nquan = 30
# nvalues = 1015                        
# units = specified
# name 0 = scan: Scan Count
# name 1 = timeJ: Julian Days
# name 2 = latitude: Latitude [deg]
# name 3 = longitude: Longitude [deg]
# name 4 = dz/dtM: Descent Rate [m/s]
# name 5 = avgsvCM: Average Sound Velocity [Chen-Millero, m/s]
# name 6 = prDM: Pressure, Digiquartz [db]
# name 7 = depSM: Depth [salt water, m]
# name 8 = t090C: Temperature [ITS-90, deg C]
# name 9 = t190C: Temperature, 2 [ITS-90, deg C]
# name 10 = T2-T190C: Temperature Difference, 2 - 1 [ITS-90, deg C]
# name 11 = potemp090C: Potential Temperature [ITS-90, deg C]
# name 12 = potemp190C: Potential Temperature, 2 [ITS-90, deg C]
# name 13 = potemp90Cdiff: Potential Temperature, Diff, 2 - 1 [ITS-90, deg C]
# name 14 = c0S/m: Conductivity [S/m]
# name 15 = c1S/m: Conductivity, 2 [S/m]
# name 16 = C2-C1S/m: Conductivity Difference, 2 - 1 [S/m]
# name 17 = sal00: Salinity, Practical [PSU]
# name 18 = sal11: Salinity, Practical, 2 [PSU]
# name 19 = sbeox0ML/L: Oxygen, SBE 43 [ml/l]
# name 20 = sigma-é00: Density [sigma-theta, kg/m^3]
# name 21 = sigma-é11: Density, 2 [sigma-theta, kg/m^3]
# name 22 = sal00: Salinity, Practical [PSU]
# name 23 = sigma-é00: Density [sigma-theta, kg/m^3]
# name 24 = svCM: Sound Velocity [Chen-Millero, m/s]
# name 25 = svCM1: Sound Velocity, 2 [Chen-Millero, m/s]
# name 26 = gsw_ptA0: potential temperature [ITS-90, deg C]
# name 27 = gsw_densityA0: density, TEOS-10 [density, kg/m^3]
# name 28 = gsw_saA0: Absolute Salinity [g/kg]
# name 29 = flag:
# span 0 =       4712,      30990       
# span 1 = 291.125269, 291.137942       
# span 2 =  -37.74582,  -37.74434       
# span 3 =  -48.62373,  -48.62113       
# span 4 =      0.185,      1.650       
# span 5 =       0.00,    1529.66       
# span 6 =      4.000,   1018.000       
# span 7 =      3.983,   1007.909       
# span 8 =     3.4357,    14.5218       
# span 9 =     3.4358,    14.5221       
# span 10 =    -0.0561,     0.1010      
# span 11 =     3.3635,    14.5004      
# span 12 =     3.3636,    14.5007      
# span 13 =    -0.0561,     0.1007      
# span 14 =   3.184004,   4.317189      
# span 15 =   3.184013,   4.317172      
# span 16 =  -0.007726,   0.009986      
# span 17 =    34.1482,    35.6075      
# span 18 =    34.1480,    35.6068      
# span 19 =     4.7857,     6.2812      
# span 20 =    26.3194,    27.2407      
# span 21 =    26.3188,    27.2408      
# span 22 =    34.1461,    35.6081      
# span 23 =    26.3194,    27.2407      
# span 24 =    1478.90,    1508.31      
# span 25 =    1478.90,    1508.31      
# span 26 =     3.3633,    14.5004      
# span 27 =  1026.3421,  1031.9455      
# span 28 =    34.3084,    35.7762      
# span 29 = 0.0000e+00, 0.0000e+00      
# interval = decibars: 1                
# start_time = Oct 18 2022 02:57:07 [NMEA time, header]
# bad_flag = -9.990e-29
*END*
[from data line 49]
       6810 291.126282  -37.74442  -48.62350      0.620    1504.85     53.000     52.598    14.0858    14.0872     0.0014    14.0782    14.0795     0.0014   4.242042   4.241714  -0.000286    35.3501    35.3462     5.5426    26.4412    26.4379    35.3497    26.4409    1505.04    1505.04    14.0782  1026.6791    35.5165 0.0000e+00
       6849 291.126300  -37.74442  -48.62350      0.562    1504.85     54.000     53.593    14.0651    14.0636    -0.0015    14.0572    14.0557    -0.0015   4.239535   4.239007  -0.000562    35.3478    35.3439     5.5570    26.4438    26.4412    35.3450    26.4417    1504.98    1504.97    14.0572  1026.6843    35.5118 0.0000e+00
       6869 291.126310  -37.74442  -48.62350      0.923    1504.85     55.000     54.582    14.0511    14.0516     0.0006    14.0431    14.0437     0.0006   4.238304   4.237881  -0.000376    35.3459    35.3419     5.5610    26.4455    26.4422    35.3460    26.4455    1504.96    1504.95    14.0431  1026.6925    35.5128 0.0000e+00
       6887 291.126318  -37.74442  -48.62350      1.191    1504.85     56.000     55.575    14.0740    14.0659    -0.0081    14.0659    14.0578    -0.0081   4.241358   4.240191  -0.001127    35.3499    35.3469     5.5536    26.4437    26.4430    35.3529    26.4460    1505.06    1505.03    14.0659  1026.6974    35.5197 0.0000e+00
       6910 291.126330  -37.74442  -48.62350      1.201    1504.85     57.000     56.564    14.0874    14.0796    -0.0077    14.0791    14.0713    -0.0077   4.242579   4.241590  -0.000976    35.3517    35.3497     5.5492    26.4423    26.4424    35.3516    26.4422    1505.11    1505.09    14.0791  1026.6980    35.5185 0.0000e+00
       6961 291.126354  -37.74442  -48.62350      0.441    1504.85     58.000     57.561    14.0986    14.0864    -0.0123    14.0902    14.0779    -0.0123   4.244502   4.242817  -0.001678    35.3571    35.3528     5.5684    26.4441    26.4434    35.3588    26.4454    1505.18    1505.13    14.0902  1026.7056    35.5256 0.0000e+00
       6999 291.126373  -37.74442 -9.990e-29      0.562    1504.85     59.000     58.552    14.1196    14.1167    -0.0029    14.1111    14.1082    -0.0029   4.247521   4.247359  -0.000172    35.3628    35.3639     5.5873    26.4441    26.4455    35.3672    26.4475    1505.27    1505.26    14.1111  1026.7121    35.5341 0.0000e+00
       7019 291.126382  -37.74442 -9.990e-29      0.955    1504.85     60.000     59.544    14.1918    14.1763    -0.0155    14.1831    14.1676    -0.0155   4.257316   4.256353  -0.000849    35.3784    35.3848     5.5822    26.4408    26.4491    35.3916    26.4511    1505.55    1505.50    14.1831  1026.7200    35.5587 0.0000e+00
       7037 291.126391  -37.74442 -9.990e-29      1.222    1504.85     61.000     60.536    14.2440    14.2396    -0.0043    14.2351    14.2307    -0.0043   4.262962   4.263494   0.000338    35.3928    35.4000     5.5859    26.4409    26.4474    35.3959    26.4432    1505.74    1505.73    14.2350  1026.7165    35.5629 0.0000e+00
       7053 291.126399  -37.74442 -9.990e-29      1.364    1504.85     62.000     61.528    14.2238    14.2275     0.0037    14.2147    14.2184     0.0037   4.261173   4.261887   0.000777    35.3953    35.3992     5.6103    26.4472    26.4494    35.3973    26.4487    1505.69    1505.71    14.2148  1026.7264    35.5644 0.0000e+00
       7072 291.126408  -37.74442  -48.62348      1.407    1504.85     63.000     62.520    14.2276    14.2179    -0.0097    14.2184    14.2087    -0.0097   4.262750   4.261310  -0.001370    35.4039    35.4001     5.6503    26.4530    26.4521    35.4081    26.4562    1505.73    1505.70    14.2184  1026.7384    35.5752 0.0000e+00
       7102 291.126422  -37.74442  -48.62348      0.967    1504.85     64.000     63.513    14.2308    14.2287    -0.0020    14.2214    14.2194    -0.0020   4.263447   4.263047  -0.000404    35.4092    35.4073     5.6905    26.4564    26.4555    35.4112    26.4580    1505.76    1505.75    14.2215  1026.7445    35.5783 0.0000e+00
       7132 291.126437  -37.74444  -48.62348      0.738    1504.85     65.000     64.505    14.2251    14.2257     0.0006    14.2156    14.2162     0.0006   4.262922   4.262991   0.000018    35.4096    35.4092     5.7007    26.4580    26.4576    35.4111    26.4592    1505.76    1505.76    14.2156  1026.7501    35.5782 0.0000e+00
       7156 291.126448  -37.74444  -48.62348      0.919    1504.85     66.000     65.497    14.2226    14.2232     0.0006    14.2129    14.2135     0.0006   4.262837   4.262859   0.000021    35.4108    35.4104     5.7120    26.4595    26.4591    35.4122    26.4606    1505.77    1505.77    14.2130  1026.7559    35.5793 0.0000e+00
       7177 291.126459  -37.74444  -48.62348      1.069    1504.85     67.000     66.489    14.2209    14.2219     0.0009    14.2112    14.2121     0.0009   4.262745   4.262737  -0.000022    35.4114    35.4103     5.7012    26.4603    26.4593    35.4125    26.4612    1505.78    1505.78    14.2112  1026.7609    35.5796 0.0000e+00
       7204 291.126472  -37.74444  -48.62348      0.990    1504.85     68.000     67.482    14.2193    14.2205     0.0012    14.2093    14.2105     0.0012   4.262626   4.262636  -0.000002    35.4115    35.4104     5.6837    26.4608    26.4597    35.4125    26.4616    1505.79    1505.80    14.2093  1026.7657    35.5796 0.0000e+00
       7241 291.126489  -37.74444  -48.62348      0.680    1504.85     69.000     68.474    14.2136    14.2167     0.0032    14.2035    14.2067     0.0032   4.262042   4.262279   0.000218    35.4116    35.4106     5.6618    26.4621    26.4607    35.4119    26.4624    1505.79    1505.80    14.2035  1026.7709    35.5790 0.0000e+00
       7280 291.126508  -37.74444  -48.62348      0.608    1504.90     70.000     69.466    14.2079    14.2093     0.0015    14.1976    14.1991     0.0015   4.261495   4.261576   0.000082    35.4113    35.4108     5.6808    26.4632    26.4624    35.4116    26.4634    1505.79    1505.79    14.1976  1026.7764    35.5787 0.0000e+00
       7313 291.126524  -37.74444  -48.62348      0.696    1505.33     71.000     70.458    14.2055    14.2061     0.0006    14.1952    14.1958     0.0006   4.261304   4.261250  -0.000056    35.4114    35.4103     5.6692    26.4637    26.4628    35.4116    26.4639    1505.80    1505.80    14.1952  1026.7813    35.5787 0.0000e+00
       7336 291.126535  -37.74444  -48.62348      0.896    1505.32     72.000     71.451    14.2040    14.2046     0.0006    14.1935    14.1941     0.0006   4.261190   4.261112  -0.000076    35.4114    35.4102     5.6611    26.4642    26.4630    35.4115    26.4642    1505.81    1505.81    14.1935  1026.7860    35.5786 0.0000e+00
       7354 291.126544  -37.74444  -48.62348      1.129    1505.32     73.000     72.443    14.2013    14.2013    -0.0000    14.1907    14.1907    -0.0000   4.260911   4.260781  -0.000130    35.4110    35.4098     5.6566    26.4644    26.4635    35.4109    26.4643    1505.82    1505.81    14.1907  1026.7906    35.5780 0.0000e+00
       7371 291.126552  -37.74444  -48.62348      1.305    1505.32     74.000     73.435    14.2006    14.2007     0.0000    14.1898    14.1899     0.0000   4.260898   4.260778  -0.000119    35.4108    35.4097     5.6625    26.4644    26.4635    35.4111    26.4646    1505.83    1505.83    14.1898  1026.7953    35.5782 0.0000e+00
       7388 291.126560  -37.74445  -48.62347      1.404    1505.32     75.000     74.427    14.1990    14.2004     0.0013    14.1881    14.1894     0.0013   4.260661   4.260704   0.000028    35.4105    35.4096     5.6700    26.4646    26.4636    35.4098    26.4641    1505.84    1505.84    14.1881  1026.7991    35.5770 0.0000e+00
       7404 291.126568  -37.74446  -48.62346      1.449    1505.32     76.000     75.419    14.1905    14.1928     0.0022    14.1795    14.1817     0.0022   4.259686   4.259747   0.000064    35.4092    35.4078     5.6687    26.4654    26.4638    35.4082    26.4646    1505.83    1505.84    14.1795  1026.8041    35.5753 0.0000e+00
       7426 291.126578  -37.74446  -48.62345      1.337    1505.32     77.000     76.411    14.1862    14.1876     0.0014    14.1750    14.1764     0.0014   4.259233   4.259243   0.000007    35.4080    35.4068     5.6580    26.4654    26.4642    35.4075    26.4651    1505.83    1505.83    14.1750  1026.8090    35.5746 0.0000e+00
       7472 291.126600  -37.74446  -48.62344      0.499    1505.32     78.000     77.404    14.1861    14.1870     0.0008    14.1747    14.1756     0.0008   4.259335   4.259344   0.000002    35.4082    35.4074     5.6100    26.4656    26.4649    35.4081    26.4656    1505.85    1505.85    14.1748  1026.8139    35.5752 0.0000e+00
       7507 291.126618  -37.74446  -48.62345      0.614    1505.32     79.000     78.396    14.1900    14.1903     0.0003    14.1785    14.1788     0.0003   4.260351   4.260347  -0.000008    35.4131    35.4127     5.6120    26.4686    26.4683    35.4136    26.4690    1505.88    1505.88    14.1785  1026.8217    35.5807 0.0000e+00
       7531 291.126629  -37.74446  -48.62346      0.897    1505.32     80.000     79.388    14.1903    14.1909     0.0006    14.1786    14.1792     0.0006   4.260680   4.260730   0.000058    35.4160    35.4159     5.6266    26.4708    26.4706    35.4160    26.4708    1505.90    1505.90    14.1786  1026.8280    35.5831 0.0000e+00
       7553 291.126640  -37.74446  -48.62346      1.055    1505.32     81.000     80.380    14.1897    14.1905     0.0007    14.1779    14.1786     0.0007   4.260825   4.260845   0.000022    35.4175    35.4170     5.6292    26.4721    26.4716    35.4175    26.4721    1505.92    1505.92    14.1779  1026.8337    35.5846 0.0000e+00
       7580 291.126653  -37.74446  -48.62346      0.969    1505.32     82.000     81.372    14.1891    14.1896     0.0005    14.1771    14.1777     0.0005   4.260943   4.260893  -0.000047    35.4187    35.4178     5.6295    26.4733    26.4724    35.4187    26.4733    1505.94    1505.94    14.1771  1026.8392    35.5859 0.0000e+00
       7608 291.126666  -37.74446  -48.62346      0.841    1505.32     83.000     82.364    14.1895    14.1898     0.0003    14.1774    14.1777     0.0003   4.261093   4.261031  -0.000062    35.4192    35.4184     5.6196    26.4735    26.4728    35.4193    26.4736    1505.95    1505.95    14.1774  1026.8440    35.5864 0.0000e+00
       7632 291.126678  -37.74446  -48.62345      0.924    1505.32     84.000     83.356    14.1908    14.1911     0.0003    14.1785    14.1788     0.0003   4.261321   4.261295  -0.000026    35.4196    35.4191     5.6015    26.4737    26.4732    35.4198    26.4738    1505.97    1505.98    14.1785  1026.8486    35.5870 0.0000e+00
       7652 291.126688  -37.74446  -48.62344      1.074    1505.32     85.000     84.349    14.1926    14.1927     0.0001    14.1802    14.1803     0.0001   4.261658   4.261606  -0.000053    35.4206    35.4200     5.5917    26.4740    26.4735    35.4209    26.4743    1506.00    1506.00    14.1802  1026.8534    35.5880 0.0000e+00
       7671 291.126696  -37.74446  -48.62344      1.214    1505.32     86.000     85.341    14.1936    14.1937     0.0001    14.1811    14.1812     0.0001   4.261864   4.261797  -0.000060    35.4211    35.4205     5.5929    26.4743    26.4738    35.4214    26.4745    1506.02    1506.02    14.1811  1026.8581    35.5886 0.0000e+00
       7690 291.126706  -37.74446  -48.62344      1.285    1505.32     87.000     86.333    14.1963    14.1959    -0.0004    14.1836    14.1833    -0.0004   4.262306   4.262209  -0.000100    35.4222    35.4216     5.6023    26.4745    26.4742    35.4226    26.4749    1506.05    1506.04    14.1836  1026.8629    35.5898 0.0000e+00
       7715 291.126718  -37.74447  -48.62344      1.119    1505.32     88.000     87.325    14.1991    14.1981    -0.0010    14.1863    14.1853    -0.0010   4.262751   4.262519  -0.000198    35.4233    35.4223     5.5977    26.4748    26.4743    35.4238    26.4752    1506.07    1506.07    14.1863  1026.8676    35.5910 0.0000e+00
       7754 291.126736  -37.74448  -48.62343      0.658    1505.32     89.000     88.317    14.2038    14.2007    -0.0031    14.1908    14.1878    -0.0031   4.263536   4.262940  -0.000607    35.4259    35.4231     5.5609    26.4759    26.4744    35.4264    26.4762    1506.11    1506.09    14.1908  1026.8730    35.5936 0.0000e+00
       7791 291.126755  -37.74448  -48.62342      0.606    1505.32     90.000     89.309    14.2047    14.2047    -0.0000    14.1915    14.1915    -0.0000   4.263789   4.263681  -0.000112    35.4272    35.4261     5.5347    26.4767    26.4759    35.4275    26.4770    1506.13    1506.13    14.1915  1026.8782    35.5947 0.0000e+00
       7818 291.126768  -37.74448  -48.62342      0.805    1505.32     91.000     90.301    14.2065    14.2065    -0.0000    14.1932    14.1932    -0.0000   4.264101   4.264042  -0.000065    35.4279    35.4273     5.5273    26.4769    26.4765    35.4283    26.4773    1506.15    1506.15    14.1932  1026.8829    35.5955 0.0000e+00
       7841 291.126779  -37.74448  -48.62342      0.965    1505.32     92.000     91.294    14.2078    14.2081     0.0003    14.1943    14.1946     0.0003   4.264361   4.264359  -0.000004    35.4286    35.4283     5.5157    26.4772    26.4769    35.4291    26.4777    1506.17    1506.17    14.1943  1026.8877    35.5964 0.0000e+00
       7864 291.126790  -37.74448  -48.62342      1.062    1505.32     93.000     92.285    14.2106    14.2110     0.0004    14.1970    14.1974     0.0004   4.264920   4.264906  -0.000015    35.4308    35.4303     5.5252    26.4783    26.4779    35.4313    26.4787    1506.20    1506.20    14.1971  1026.8932    35.5985 0.0000e+00
       7887 291.126801 -9.990e-29  -48.62342      1.060    1505.32     94.000     93.278    14.2095    14.2101     0.0006    14.1958    14.1964     0.0006   4.264995   4.264968  -0.000030    35.4323    35.4315     5.5301    26.4798    26.4790    35.4326    26.4800    1506.22    1506.22    14.1958  1026.8989    35.6000 0.0000e+00
       7910 291.126812 -9.990e-29  -48.62342      1.041    1505.32     95.000     94.270    14.2106    14.2108     0.0002    14.1968    14.1969     0.0002   4.265235   4.265204  -0.000029    35.4329    35.4325     5.5128    26.4800    26.4797    35.4334    26.4804    1506.24    1506.24    14.1968  1026.9038    35.6008 0.0000e+00
       7932 291.126822 -9.990e-29  -48.62342      1.066    1505.32     96.000     95.262    14.2124    14.2124    -0.0001    14.1984    14.1984    -0.0001   4.265725   4.265631  -0.000092    35.4351    35.4343     5.5096    26.4814    26.4808    35.4359    26.4820    1506.26    1506.26    14.1984  1026.9098    35.6033 0.0000e+00
       7954 291.126833 -9.990e-29  -48.62342      1.085    1505.32     97.000     96.254    14.2158    14.2154    -0.0005    14.2017    14.2012    -0.0005   4.266395   4.266312  -0.000076    35.4377    35.4374     5.5121    26.4827    26.4826    35.4385    26.4834    1506.29    1506.29    14.2017  1026.9155    35.6060 0.0000e+00
       7977 291.126844  -37.74450  -48.62342      1.065    1505.32     98.000     97.246    14.2261    14.2226    -0.0035    14.2117    14.2083    -0.0034   4.268120   4.267683  -0.000411    35.4428    35.4422     5.5016    26.4845    26.4848    35.4447    26.4860    1506.35    1506.34    14.2118  1026.9224    35.6121 0.0000e+00
       8002 291.126856  -37.74450  -48.62342      1.013    1505.32     99.000     98.238    14.2351    14.2318    -0.0033    14.2206    14.2173    -0.0033   4.269585   4.268973  -0.000531    35.4482    35.4463     5.4847    26.4868    26.4860    35.4497    26.4879    1506.40    1506.39    14.2206  1026.9287    35.6170 0.0000e+00
