Pos-Processados/process_op41/Processamento_split/down/doperantar41_010.cnv
* Sea-Bird SBE 9 Data File:
* FileName = C:\Users\Dell\Desktop\OperantarXLI\config\00_BRUTOS\OPE41010.hdr
* Software Version Seasave V 7.26.7.110
* Temperature SN = 6497
* Conductivity SN = 4954
* Number of Bytes Per Scan = 31
* Number of Voltage Words = 2
* Number of Scans Averaged by the Deck Unit = 1
* NMEA Latitude = 43 21.18 S
* NMEA Longitude = 052 01.61 W
* NMEA UTC (Time) = Oct 23 2022 09:44:46
* NMEA baud rate = 4800
** H41
** Navio Polar Almirante Maximiano
** LH-021/2022
** Operantar XLI
** Número da Estação 010
** Latitude 43 21.101' S
** Longitude 52 01.366' W
** Data/Hora (Z) 23/10/2022 0903Z
** Profundidade local 5718 m
** 09-1439
** Nome do Operador CT Garla
# nquan = 30
# nvalues = 43                          
# units = specified
# name 0 = scan: Scan Count
# name 1 = timeJ: Julian Days
# name 2 = latitude: Latitude [deg]
# name 3 = longitude: Longitude [deg]
# name 4 = dz/dtM: Descent Rate [m/s]
# name 5 = avgsvCM: Average Sound Velocity [Chen-Millero, m/s]
# name 6 = prDM: Pressure, Digiquartz [db]
# name 7 = depSM: Depth [salt water, m]
# name 8 = t090C: Temperature [ITS-90, deg C]
# name 9 = t190C: Temperature, 2 [ITS-90, deg C]
# name 10 = T2-T190C: Temperature Difference, 2 - 1 [ITS-90, deg C]
# name 11 = potemp090C: Potential Temperature [ITS-90, deg C]
# name 12 = potemp190C: Potential Temperature, 2 [ITS-90, deg C]
# name 13 = potemp90Cdiff: Potential Temperature, Diff, 2 - 1 [ITS-90, deg C]
# name 14 = c0S/m: Conductivity [S/m]
# name 15 = c1S/m: Conductivity, 2 [S/m]
# name 16 = C2-C1S/m: Conductivity Difference, 2 - 1 [S/m]
# name 17 = sal00: Salinity, Practical [PSU]
# name 18 = sal11: Salinity, Practical, 2 [PSU]
# name 19 = sbeox0ML/L: Oxygen, SBE 43 [ml/l]
# name 20 = sigma-é00: Density [sigma-theta, kg/m^3]
# name 21 = sigma-é11: Density, 2 [sigma-theta, kg/m^3]
# name 22 = sal00: Salinity, Practical [PSU]
# name 23 = sigma-é00: Density [sigma-theta, kg/m^3]
# name 24 = svCM: Sound Velocity [Chen-Millero, m/s]
# name 25 = svCM1: Sound Velocity, 2 [Chen-Millero, m/s]
# name 26 = gsw_ptA0: potential temperature [ITS-90, deg C]
# name 27 = gsw_densityA0: density, TEOS-10 [density, kg/m^3]
# name 28 = gsw_saA0: Absolute Salinity [g/kg]
# name 29 = flag:
# span 0 =       2465,       4152       
# span 1 = 296.407276, 296.408090       
# span 2 =  -43.35314,  -43.35310       
# span 3 =  -52.02738,  -52.02722       
# span 4 =      0.021,      0.961       
# span 5 =       0.00,    1505.89       
# span 6 =      5.000,     47.000       
# span 7 =      4.960,     46.616       
# span 8 =    14.4282,    14.4379       
# span 9 =    14.4286,    14.4378       
# span 10 =    -0.0007,     0.0016      
# span 11 =    14.4213,    14.4348      
# span 12 =    14.4216,    14.4347      
# span 13 =    -0.0007,     0.0016      
# span 14 =   4.298260,   4.300165      
# span 15 =   4.298171,   4.300131      
# span 16 =  -0.000124,   0.000115      
# span 17 =    35.5754,    35.5775      
# span 18 =    35.5751,    35.5768      
# span 19 =     5.4728,     5.5207      
# span 20 =    26.5396,    26.5436      
# span 21 =    26.5393,    26.5429      
# span 22 =    35.5755,    35.5775      
# span 23 =    26.5397,    26.5436      
# span 24 =    1505.62,    1506.31      
# span 25 =    1505.61,    1506.31      
# span 26 =    14.4213,    14.4348      
# span 27 =  1026.5675,  1026.7549      
# span 28 =    35.7434,    35.7455      
# span 29 = 0.0000e+00, 0.0000e+00      
# interval = decibars: 1                
# start_time = Oct 23 2022 09:44:46 [NMEA time, header]
# bad_flag = -9.990e-29
*END*
       2465 296.407276  -43.35310  -52.02722      0.137       0.00      5.000      4.960    14.4292    14.4290    -0.0003    14.4285    14.4282    -0.0003   4.298260   4.298171  -0.000081    35.5763    35.5758     5.4821    26.5412    26.5408    35.5765    26.5413    1505.62    1505.61    14.4285  1026.5675    35.7445 0.0000e+00
       2525 296.407305  -43.35310  -52.02722      0.413       0.00      6.000      5.954    14.4305    14.4304    -0.0001    14.4296    14.4295    -0.0001   4.298420   4.298382  -0.000037    35.5764    35.5761     5.4846    26.5410    26.5408    35.5764    26.5410    1505.64    1505.64    14.4296  1026.5716    35.7444 0.0000e+00
       2566 296.407325  -43.35310  -52.02722      0.569 9.6996e-19      7.000      6.944    14.4305    14.4305    -0.0001    14.4295    14.4294    -0.0001   4.298478   4.298426  -0.000049    35.5765    35.5761     5.4863    26.5411    26.5408    35.5765    26.5411    1505.65    1505.65    14.4295  1026.5761    35.7445 0.0000e+00
       2610 296.407346  -43.35311  -52.02724      0.559       0.10      8.000      7.936    14.4296    14.4293    -0.0003    14.4284    14.4281    -0.0003   4.298375   4.298311  -0.000067    35.5761    35.5757     5.4875    26.5410    26.5408    35.5760    26.5409    1505.67    1505.67    14.4284  1026.5804    35.7440 0.0000e+00
       2654 296.407367  -43.35311  -52.02724      0.535      -0.00      9.000      8.928    14.4296    14.4293    -0.0003    14.4282    14.4280    -0.0003   4.298416   4.298360  -0.000054    35.5760    35.5757     5.4815    26.5409    26.5408    35.5760    26.5409    1505.68    1505.68    14.4282  1026.5847    35.7439 0.0000e+00
       2684 296.407382  -43.35310  -52.02724      0.715 5.4354e-36     10.000      9.920    14.4288    14.4286    -0.0002    14.4273    14.4271    -0.0002   4.298393   4.298349  -0.000042    35.5760    35.5758     5.4969    26.5412    26.5411    35.5760    26.5412    1505.70    1505.70    14.4273  1026.5894    35.7440 0.0000e+00
       2709 296.407394  -43.35310  -52.02724      0.900 4.2863e-18     11.000     10.912    14.4289    14.4287    -0.0003    14.4273    14.4270    -0.0003   4.298438   4.298371  -0.000068    35.5759    35.5756     5.5052    26.5411    26.5409    35.5760    26.5411    1505.71    1505.71    14.4273  1026.5938    35.7439 0.0000e+00
       2734 296.407406  -43.35310  -52.02724      0.961       0.09     12.000     11.904    14.4287    14.4287    -0.0000    14.4269    14.4269    -0.0000   4.298447   4.298406  -0.000041    35.5758    35.5755     5.4999    26.5411    26.5408    35.5758    26.5411    1505.73    1505.73    14.4269  1026.5981    35.7438 0.0000e+00
       2763 296.407420  -43.35310  -52.02724      0.895       0.00     13.000     12.896    14.4288    14.4290     0.0002    14.4269    14.4271     0.0002   4.298489   4.298477  -0.000013    35.5756    35.5753     5.4880    26.5410    26.5407    35.5757    26.5410    1505.75    1505.75    14.4269  1026.6025    35.7436 0.0000e+00
       2803 296.407439  -43.35311  -52.02726      0.618 5.6520e-41     14.000     13.886    14.4288    14.4291     0.0002    14.4268    14.4270     0.0002   4.298532   4.298498  -0.000032    35.5756    35.5751     5.4810    26.5410    26.5406    35.5756    26.5410    1505.76    1505.76    14.4268  1026.6068    35.7435 0.0000e+00
       2842 296.407458  -43.35312  -52.02726      0.587 9.2795e-18     15.000     14.885    14.4285    14.4295     0.0010    14.4263    14.4272     0.0010   4.298529   4.298633   0.000090    35.5754    35.5753     5.4933    26.5409    26.5407    35.5755    26.5410    1505.78    1505.78    14.4263  1026.6113    35.7434 0.0000e+00
       2870 296.407472  -43.35312  -52.02726      0.798       0.23     16.000     15.872    14.4308    14.4324     0.0015    14.4285    14.4300     0.0015   4.298885   4.298943   0.000072    35.5759    35.5752     5.4962    26.5409    26.5400    35.5762    26.5411    1505.80    1505.81    14.4285  1026.6157    35.7441 0.0000e+00
       2904 296.407488  -43.35312  -52.02726      0.756       0.01     17.000     16.864    14.4326    14.4319    -0.0007    14.4301    14.4294    -0.0007   4.299066   4.298948  -0.000124    35.5757    35.5752     5.4866    26.5404    26.5401    35.5758    26.5404    1505.82    1505.82    14.4301  1026.6195    35.7438 0.0000e+00
       2955 296.407512  -43.35312  -52.02726      0.443 1.1363e-28     18.000     17.856    14.4347    14.4363     0.0016    14.4320    14.4336     0.0016   4.299348   4.299463   0.000115    35.5759    35.5754     5.5207    26.5401    26.5394    35.5761    26.5403    1505.85    1505.85    14.4320  1026.6238    35.7441 0.0000e+00
       2992 296.407530  -43.35312  -52.02728      0.605 2.3716e-08     19.000     18.848    14.4370    14.4370     0.0001    14.4342    14.4342     0.0001   4.299638   4.299577  -0.000051    35.5760    35.5755     5.5105    26.5397    26.5393    35.5763    26.5399    1505.87    1505.87    14.4342  1026.6278    35.7442 0.0000e+00
       3018 296.407543  -43.35312  -52.02728      0.851     859.62     20.000     19.840    14.4378    14.4377    -0.0001    14.4348    14.4347    -0.0001   4.299751   4.299700  -0.000058    35.5760    35.5756     5.5086    26.5396    26.5393    35.5762    26.5397    1505.89    1505.89    14.4348  1026.6320    35.7441 0.0000e+00
       3044 296.407555  -43.35312  -52.02728      0.936    1495.09     21.000     20.832    14.4376    14.4377     0.0001    14.4345    14.4346     0.0001   4.299788   4.299751  -0.000033    35.5761    35.5757     5.5185    26.5397    26.5394    35.5762    26.5398    1505.91    1505.91    14.4345  1026.6365    35.7442 0.0000e+00
       3077 296.407571  -43.35312  -52.02728      0.780    1505.89     22.000     21.824    14.4379    14.4378    -0.0001    14.4346    14.4345    -0.0001   4.299864   4.299804  -0.000062    35.5762    35.5757     5.5109    26.5397    26.5394    35.5763    26.5398    1505.93    1505.92    14.4346  1026.6409    35.7442 0.0000e+00
       3121 296.407592  -43.35312  -52.02728      0.553    1505.89     23.000     22.815    14.4379    14.4377    -0.0003    14.4345    14.4343    -0.0003   4.299918   4.299845  -0.000069    35.5763    35.5758     5.4982    26.5398    26.5395    35.5764    26.5399    1505.94    1505.94    14.4345  1026.6454    35.7443 0.0000e+00
       3163 296.407613  -43.35312  -52.02728      0.555    1505.89     24.000     23.808    14.4376    14.4373    -0.0003    14.4340    14.4338    -0.0003   4.299926   4.299837  -0.000087    35.5762    35.5757     5.5144    26.5399    26.5395    35.5763    26.5399    1505.96    1505.96    14.4340  1026.6499    35.7442 0.0000e+00
       3193 296.407627  -43.35312  -52.02729      0.726    1505.89     25.000     24.799    14.4354    14.4350    -0.0004    14.4317    14.4313    -0.0004   4.299768   4.299704  -0.000068    35.5766    35.5763     5.5064    26.5407    26.5405    35.5764    26.5406    1505.97    1505.97    14.4317  1026.6549    35.7444 0.0000e+00
       3222 296.407641  -43.35312  -52.02730      0.846    1505.89     26.000     25.788    14.4338    14.4338     0.0000    14.4300    14.4299     0.0000   4.299673   4.299624  -0.000048    35.5767    35.5762     5.5043    26.5411    26.5407    35.5766    26.5411    1505.98    1505.98    14.4299  1026.6598    35.7445 0.0000e+00
       3255 296.407657  -43.35312  -52.02730      0.759    1505.89     27.000     26.783    14.4334    14.4332    -0.0002    14.4294    14.4292    -0.0002   4.299690   4.299615  -0.000073    35.5768    35.5763     5.5122    26.5414    26.5410    35.5767    26.5413    1505.99    1505.99    14.4294  1026.6644    35.7447 0.0000e+00
       3297 296.407677  -43.35312  -52.02730      0.583    1505.89     28.000     27.777    14.4323    14.4323     0.0000    14.4281    14.4282     0.0000   4.299632   4.299563  -0.000070    35.5769    35.5762     5.4940    26.5416    26.5411    35.5768    26.5416    1506.01    1506.01    14.4281  1026.6692    35.7447 0.0000e+00
       3340 296.407698  -43.35312  -52.02730      0.537    1505.89     29.000     28.767    14.4319    14.4323     0.0004    14.4276    14.4280     0.0004   4.299628   4.299597  -0.000030    35.5767    35.5761     5.4949    26.5417    26.5411    35.5767    26.5416    1506.02    1506.02    14.4276  1026.6736    35.7446 0.0000e+00
       3374 296.407715  -43.35312 -9.990e-29      0.679    1505.89     30.000     29.759    14.4317    14.4317     0.0001    14.4272    14.4273     0.0001   4.299663   4.299610  -0.000055    35.5768    35.5763     5.4922    26.5418    26.5414    35.5768    26.5418    1506.04    1506.04    14.4272  1026.6782    35.7448 0.0000e+00
       3404 296.407729  -43.35312 -9.990e-29      0.779    1505.89     31.000     30.751    14.4314    14.4316     0.0002    14.4268    14.4270     0.0002   4.299691   4.299632  -0.000058    35.5769    35.5762     5.4856    26.5420    26.5414    35.5769    26.5420    1506.05    1506.05    14.4268  1026.6828    35.7449 0.0000e+00
       3434 296.407743  -43.35312  -52.02732      0.816    1505.89     32.000     31.742    14.4317    14.4318     0.0002    14.4269    14.4271     0.0002   4.299739   4.299706  -0.000034    35.5767    35.5762     5.5003    26.5418    26.5414    35.5767    26.5418    1506.07    1506.07    14.4269  1026.6870    35.7447 0.0000e+00
       3465 296.407758  -43.35312  -52.02732      0.791    1505.89     33.000     32.735    14.4316    14.4317     0.0002    14.4266    14.4268     0.0002   4.299788   4.299743  -0.000043    35.5768    35.5762     5.4984    26.5419    26.5415    35.5768    26.5419    1506.09    1506.09    14.4267  1026.6915    35.7447 0.0000e+00
       3502 296.407776  -43.35312  -52.02732      0.660    1505.89     34.000     33.726    14.4317    14.4317     0.0001    14.4267    14.4267     0.0001   4.299860   4.299799  -0.000062    35.5769    35.5763     5.4923    26.5420    26.5415    35.5769    26.5420    1506.11    1506.10    14.4267  1026.6960    35.7448 0.0000e+00
       3541 296.407795  -43.35312  -52.02732      0.618    1505.89     35.000     34.718    14.4314    14.4317     0.0003    14.4263    14.4266     0.0003   4.299872   4.299840  -0.000035    35.5769    35.5763     5.5092    26.5421    26.5415    35.5769    26.5421    1506.12    1506.12    14.4263  1026.7005    35.7448 0.0000e+00
       3576 296.407812  -43.35313  -52.02732      0.671    1505.89     36.000     35.710    14.4308    14.4313     0.0005    14.4255    14.4260     0.0005   4.299874   4.299862  -0.000014    35.5770    35.5764     5.4973    26.5423    26.5418    35.5770    26.5423    1506.14    1506.14    14.4255  1026.7052    35.7449 0.0000e+00
       3612 296.407829  -43.35313  -52.02734      0.679    1505.89     37.000     36.702    14.4306    14.4311     0.0005    14.4252    14.4256     0.0005   4.299913   4.299873  -0.000036    35.5771    35.5763     5.5000    26.5425    26.5418    35.5771    26.5425    1506.15    1506.15    14.4252  1026.7097    35.7451 0.0000e+00
       3652 296.407849  -43.35314  -52.02734      0.590    1505.89     38.000     37.694    14.4299    14.4306     0.0008    14.4243    14.4250     0.0008   4.299897   4.299883  -0.000020    35.5773    35.5765     5.4910    26.5429    26.5420    35.5772    26.5428    1506.17    1506.17    14.4243  1026.7145    35.7452 0.0000e+00
       3686 296.407865  -43.35313 -9.990e-29      0.677    1505.89     39.000     38.686    14.4293    14.4300     0.0007    14.4235    14.4242     0.0007   4.299886   4.299879  -0.000004    35.5773    35.5766     5.4962    26.5430    26.5423    35.5773    26.5430    1506.18    1506.18    14.4235  1026.7191    35.7453 0.0000e+00
       3714 296.407879  -43.35312 -9.990e-29      0.824    1505.89     40.000     39.678    14.4303    14.4299    -0.0003    14.4244    14.4240    -0.0003   4.300018   4.299903  -0.000109    35.5771    35.5764     5.4939    26.5426    26.5422    35.5772    26.5427    1506.20    1506.20    14.4244  1026.7232    35.7452 0.0000e+00
       3741 296.407892  -43.35312  -52.02736      0.874    1505.89     41.000     40.669    14.4306    14.4304    -0.0002    14.4246    14.4244    -0.0002   4.300090   4.299997  -0.000094    35.5771    35.5764     5.4935    26.5426    26.5421    35.5771    26.5426    1506.22    1506.22    14.4246  1026.7276    35.7451 0.0000e+00
       3771 296.407906 -9.990e-29  -52.02736      0.840    1505.89     42.000     41.661    14.4302    14.4306     0.0004    14.4240    14.4244     0.0004   4.300101   4.300063  -0.000040    35.5772    35.5764     5.4833    26.5428    26.5421    35.5772    26.5428    1506.23    1506.23    14.4240  1026.7322    35.7453 0.0000e+00
       3804 296.407922 -9.990e-29  -52.02736      0.754    1505.89     43.000     42.653    14.4304    14.4306     0.0002    14.4241    14.4242     0.0002   4.300165   4.300108  -0.000056    35.5771    35.5765     5.4728    26.5428    26.5422    35.5772    26.5428    1506.25    1506.25    14.4241  1026.7366    35.7453 0.0000e+00
       3847 296.407943  -43.35314  -52.02736      0.570    1505.89     44.000     43.645    14.4297    14.4300     0.0004    14.4232    14.4236     0.0004   4.300161   4.300131  -0.000030    35.5774    35.5768     5.4799    26.5432    26.5426    35.5774    26.5431    1506.26    1506.27    14.4232  1026.7413    35.7454 0.0000e+00
       3889 296.407963  -43.35314  -52.02736      0.541    1505.89     45.000     44.637    14.4289    14.4295     0.0005    14.4223    14.4228     0.0005   4.300148   4.300110  -0.000036    35.5775    35.5767     5.4895    26.5434    26.5427    35.5775    26.5434    1506.28    1506.28    14.4223  1026.7459    35.7455 0.0000e+00
       3920 296.407978  -43.35314  -52.02736      0.740    1505.89     46.000     45.628    14.4286    14.4289     0.0003    14.4218    14.4221     0.0003   4.300143   4.300097  -0.000048    35.5774    35.5767     5.4894    26.5434    26.5428    35.5773    26.5434    1506.29    1506.29    14.4218  1026.7503    35.7453 0.0000e+00
       4152 296.408090  -43.35314  -52.02738      0.021    1505.89     47.000     46.616    14.4282    14.4286     0.0003    14.4213    14.4216     0.0003   4.300165   4.300100  -0.000066    35.5775    35.5766     5.4767    26.5436    26.5429    35.5775    26.5436    1506.31    1506.31    14.4213  1026.7549    35.7454 0.0000e+00
