Pos-Processados/process_op41/Processamento_split/down/doperantar41_003.cnv
* Sea-Bird SBE 9 Data File:
* FileName = C:\Users\Dell\Desktop\Operantar XLI\Raw\OP41003.hdr
* Software Version Seasave V 7.26.7.110
* Temperature SN = 6497
* Conductivity SN = 4954
* Number of Bytes Per Scan = 31
* Number of Voltage Words = 2
* Number of Scans Averaged by the Deck Unit = 1
* NMEA Latitude = 37 44.65 S
* NMEA Longitude = 048 37.45 W
* NMEA UTC (Time) = Oct 18 2022 02:57:07
* NMEA baud rate = 4800
** H41
** Navio Polar Almirante Maximiano
** LH-021/2022
** Operantar XLI
** Número da Estação 003
** Latitude 37ª44.632S
** Longitude 048ª37.496W
** Data/Hora (Z) 18/10/2022 0257Z
** Profundidade local 5500
** 09-1439
** Nome do Operador 1T FILIPE LOPES
# nquan = 30
# nvalues = 1015                        
# units = specified
# name 0 = scan: Scan Count
# name 1 = timeJ: Julian Days
# name 2 = latitude: Latitude [deg]
# name 3 = longitude: Longitude [deg]
# name 4 = dz/dtM: Descent Rate [m/s]
# name 5 = avgsvCM: Average Sound Velocity [Chen-Millero, m/s]
# name 6 = prDM: Pressure, Digiquartz [db]
# name 7 = depSM: Depth [salt water, m]
# name 8 = t090C: Temperature [ITS-90, deg C]
# name 9 = t190C: Temperature, 2 [ITS-90, deg C]
# name 10 = T2-T190C: Temperature Difference, 2 - 1 [ITS-90, deg C]
# name 11 = potemp090C: Potential Temperature [ITS-90, deg C]
# name 12 = potemp190C: Potential Temperature, 2 [ITS-90, deg C]
# name 13 = potemp90Cdiff: Potential Temperature, Diff, 2 - 1 [ITS-90, deg C]
# name 14 = c0S/m: Conductivity [S/m]
# name 15 = c1S/m: Conductivity, 2 [S/m]
# name 16 = C2-C1S/m: Conductivity Difference, 2 - 1 [S/m]
# name 17 = sal00: Salinity, Practical [PSU]
# name 18 = sal11: Salinity, Practical, 2 [PSU]
# name 19 = sbeox0ML/L: Oxygen, SBE 43 [ml/l]
# name 20 = sigma-é00: Density [sigma-theta, kg/m^3]
# name 21 = sigma-é11: Density, 2 [sigma-theta, kg/m^3]
# name 22 = sal00: Salinity, Practical [PSU]
# name 23 = sigma-é00: Density [sigma-theta, kg/m^3]
# name 24 = svCM: Sound Velocity [Chen-Millero, m/s]
# name 25 = svCM1: Sound Velocity, 2 [Chen-Millero, m/s]
# name 26 = gsw_ptA0: potential temperature [ITS-90, deg C]
# name 27 = gsw_densityA0: density, TEOS-10 [density, kg/m^3]
# name 28 = gsw_saA0: Absolute Salinity [g/kg]
# name 29 = flag:
# span 0 =       4712,      30990       
# span 1 = 291.125269, 291.137942       
# span 2 =  -37.74582,  -37.74434       
# span 3 =  -48.62373,  -48.62113       
# span 4 =      0.185,      1.650       
# span 5 =       0.00,    1529.66       
# span 6 =      4.000,   1018.000       
# span 7 =      3.983,   1007.909       
# span 8 =     3.4357,    14.5218       
# span 9 =     3.4358,    14.5221       
# span 10 =    -0.0561,     0.1010      
# span 11 =     3.3635,    14.5004      
# span 12 =     3.3636,    14.5007      
# span 13 =    -0.0561,     0.1007      
# span 14 =   3.184004,   4.317189      
# span 15 =   3.184013,   4.317172      
# span 16 =  -0.007726,   0.009986      
# span 17 =    34.1482,    35.6075      
# span 18 =    34.1480,    35.6068      
# span 19 =     4.7857,     6.2812      
# span 20 =    26.3194,    27.2407      
# span 21 =    26.3188,    27.2408      
# span 22 =    34.1461,    35.6081      
# span 23 =    26.3194,    27.2407      
# span 24 =    1478.90,    1508.31      
# span 25 =    1478.90,    1508.31      
# span 26 =     3.3633,    14.5004      
# span 27 =  1026.3421,  1031.9455      
# span 28 =    34.3084,    35.7762      
# span 29 = 0.0000e+00, 0.0000e+00      
# interval = decibars: 1                
# start_time = Oct 18 2022 02:57:07 [NMEA time, header]
# bad_flag = -9.990e-29
*END*
[from data line 532]
      17965 291.131661  -37.74518  -48.62244      1.245    1498.27    536.000    531.313     5.3718     5.3709    -0.0009     5.3278     5.3268    -0.0009   3.332571   3.332405  -0.000162    34.1909    34.1900     5.8895    26.9955    26.9950    34.1892    26.9942    1480.00    1480.00     5.3276  1029.4578    34.3511 0.0000e+00
      17983 291.131669  -37.74518  -48.62244      1.325    1498.27    537.000    532.303     5.3675     5.3672    -0.0003     5.3233     5.3231    -0.0003   3.332208   3.332164  -0.000049    34.1903    34.1900     5.8912    26.9956    26.9954    34.1890    26.9945    1480.00    1480.00     5.3232  1029.4627    34.3509 0.0000e+00
      18003 291.131679  -37.74520  -48.62244      1.287    1498.27    538.000    533.293     5.3722     5.3721    -0.0001     5.3279     5.3278    -0.0001   3.332810   3.332819  -0.000007    34.1907    34.1907     5.8969    26.9954    26.9954    34.1906    26.9953    1480.04    1480.04     5.3278  1029.4679    34.3525 0.0000e+00
      18028 291.131691  -37.74520  -48.62244      1.076    1498.27    539.000    534.283     5.3780     5.3792     0.0012     5.3336     5.3348     0.0012   3.333347   3.333462   0.000109    34.1908    34.1909     5.9075    26.9948    26.9947    34.1903    26.9944    1480.08    1480.08     5.3335  1029.4715    34.3522 0.0000e+00
      18055 291.131704  -37.74520  -48.62244      0.884    1498.27    540.000    535.273     5.3798     5.3805     0.0007     5.3353     5.3360     0.0007   3.333596   3.333648   0.000055    34.1912    34.1911     5.9020    26.9949    26.9947    34.1909    26.9946    1480.10    1480.11     5.3351  1029.4763    34.3528 0.0000e+00
      18080 291.131717  -37.74520  -48.62244      0.911    1498.27    541.000    536.263     5.3947     5.3982     0.0035     5.3500     5.3535     0.0035   3.335386   3.335851   0.000438    34.1936    34.1950     5.8899    26.9951    26.9957    34.1956    26.9967    1480.19    1480.20     5.3499  1029.4828    34.3577 0.0000e+00
      18103 291.131728  -37.74520 -9.990e-29      1.002    1498.27    542.000    537.253     5.4128     5.4147     0.0019     5.3680     5.3699     0.0019   3.337388   3.337679   0.000286    34.1971    34.1984     5.8850    26.9957    26.9965    34.1995    26.9976    1480.28    1480.29     5.3679  1029.4881    34.3617 0.0000e+00
      18123 291.131737  -37.74520 -9.990e-29      1.097    1498.27    543.000    538.243     5.4234     5.4253     0.0018     5.3785     5.3803     0.0018   3.338611   3.338781   0.000187    34.2009    34.2012     5.8818    26.9975    26.9975    34.2022    26.9985    1480.34    1480.35     5.3783  1029.4933    34.3644 0.0000e+00
      18141 291.131746  -37.74520 -9.990e-29      1.236    1498.27    544.000    539.233     5.4213     5.4224     0.0010     5.3763     5.3773     0.0010   3.338462   3.338544   0.000091    34.2019    34.2019     5.8809    26.9985    26.9984    34.2021    26.9987    1480.35    1480.36     5.3762  1029.4981    34.3643 0.0000e+00
      18159 291.131754  -37.74520 -9.990e-29      1.345    1498.27    545.000    540.223     5.4166     5.4182     0.0016     5.3715     5.3731     0.0016   3.338034   3.338231   0.000188    34.2015    34.2020     5.8615    26.9988    26.9990    34.2016    26.9988    1480.35    1480.36     5.3714  1029.5029    34.3637 0.0000e+00
      18178 291.131764  -37.74520  -48.62242      1.323    1498.27    546.000    541.213     5.4145     5.4163     0.0018     5.3694     5.3711     0.0018   3.337868   3.338071   0.000203    34.2012    34.2017     5.8350    26.9988    26.9989    34.2013    26.9988    1480.36    1480.36     5.3692  1029.5074    34.3633 0.0000e+00
      18210 291.131779  -37.74522  -48.62241      0.907    1498.27    547.000    542.203     5.4125     5.4136     0.0011     5.3672     5.3683     0.0011   3.337659   3.337754   0.000117    34.2003    34.2006     5.8130    26.9983    26.9984    34.2005    26.9985    1480.36    1480.37     5.3671  1029.5116    34.3625 0.0000e+00
      18247 291.131797  -37.74522  -48.62240      0.607    1498.27    548.000    543.193     5.3982     5.3975    -0.0007     5.3529     5.3523    -0.0007   3.336380   3.336300  -0.000101    34.2015    34.2011     5.8100    27.0010    27.0007    34.1999    26.9997    1480.32    1480.32     5.3528  1029.5176    34.3619 0.0000e+00
      18271 291.131808  -37.74522  -48.62240      0.833    1498.27    549.000    544.183     5.3862     5.3862    -0.0001     5.3409     5.3408    -0.0001   3.335415   3.335342  -0.000064    34.2011    34.2004     5.8260    27.0021    27.0016    34.2005    27.0016    1480.29    1480.29     5.3408  1029.5243    34.3626 0.0000e+00
      18288 291.131817  -37.74522  -48.62240      1.111    1498.27    550.000    545.173     5.3855     5.3853    -0.0002     5.3401     5.3399    -0.0002   3.335337   3.335276  -0.000060    34.2008    34.2003     5.8280    27.0019    27.0015    34.1999    27.0012    1480.30    1480.30     5.3400  1029.5285    34.3620 0.0000e+00
      18304 291.131824  -37.74522  -48.62240      1.358    1498.27    551.000    546.162     5.3820     5.3820    -0.0000     5.3365     5.3365    -0.0000   3.335068   3.335011  -0.000058    34.2007    34.2000     5.8269    27.0023    27.0017    34.1999    27.0017    1480.30    1480.30     5.3364  1029.5335    34.3619 0.0000e+00
      18319 291.131832  -37.74522  -48.62240      1.514    1498.27    552.000    547.152     5.3808     5.3810     0.0002     5.3353     5.3354     0.0002   3.334990   3.334986  -0.000011    34.2004    34.2001     5.8245    27.0022    27.0020    34.1997    27.0017    1480.32    1480.32     5.3351  1029.5381    34.3618 0.0000e+00
      18336 291.131840  -37.74522  -48.62240      1.530    1498.27    553.000    548.142     5.3791     5.3787    -0.0004     5.3335     5.3331    -0.0004   3.334848   3.334790  -0.000061    34.2001    34.1998     5.8229    27.0022    27.0020    34.1993    27.0016    1480.33    1480.32     5.3333  1029.5426    34.3614 0.0000e+00
      18363 291.131853  -37.74522  -48.62240      1.132    1498.27    554.000    549.132     5.3760     5.3769     0.0009     5.3303     5.3312     0.0009   3.334630   3.334658   0.000063    34.2001    34.1999     5.8212    27.0025    27.0022    34.1995    27.0020    1480.33    1480.33     5.3302  1029.5477    34.3615 0.0000e+00
      18395 291.131868  -37.74522  -48.62240      0.743    1498.27    555.000    550.122     5.3736     5.3697    -0.0039     5.3278     5.3240    -0.0039   3.334496   3.334117  -0.000405    34.2007    34.2000     5.8241    27.0033    27.0032    34.1999    27.0027    1480.34    1480.32     5.3277  1029.5529    34.3619 0.0000e+00
      18420 291.131880  -37.74522  -48.62240      0.855    1498.27    556.000    551.112     5.3729     5.3735     0.0006     5.3271     5.3277     0.0006   3.334499   3.334552   0.000049    34.2008    34.2007     5.8245    27.0035    27.0034    34.2001    27.0029    1480.35    1480.35     5.3269  1029.5578    34.3622 0.0000e+00
      18439 291.131890  -37.74522  -48.62240      1.051    1498.27    557.000    552.102     5.3661     5.3656    -0.0005     5.3202     5.3197    -0.0005   3.333832   3.333750  -0.000086    34.2002    34.1998     5.8177    27.0039    27.0036    34.1990    27.0029    1480.34    1480.34     5.3200  1029.5623    34.3610 0.0000e+00
      18456 291.131898  -37.74524  -48.62240      1.254    1498.27    558.000    553.092     5.3627     5.3629     0.0002     5.3168     5.3170     0.0002   3.333666   3.333670 9.6863e-07    34.2006    34.2004     5.8160    27.0045    27.0043    34.2000    27.0041    1480.34    1480.34     5.3166  1029.5682    34.3620 0.0000e+00
      18472 291.131905  -37.74524  -48.62240      1.407    1498.27    559.000    554.082     5.3592     5.3594     0.0002     5.3131     5.3134     0.0002   3.333319   3.333311  -0.000004    34.2006    34.2003     5.8166    27.0050    27.0047    34.1991    27.0038    1480.34    1480.34     5.3130  1029.5725    34.3612 0.0000e+00
      18489 291.131914  -37.74524  -48.62240      1.478    1498.27    560.000    555.072     5.3546     5.3548     0.0002     5.3085     5.3087     0.0002   3.332994   3.332988  -0.000008    34.2005    34.2002     5.8161    27.0055    27.0052    34.1996    27.0047    1480.34    1480.34     5.3083  1029.5781    34.3616 0.0000e+00
      18515 291.131926  -37.74524  -48.62238      1.195    1498.27    561.000    556.061     5.3598     5.3585    -0.0013     5.3135     5.3123    -0.0013   3.333629   3.333422  -0.000138    34.2006    34.2003     5.8147    27.0049    27.0048    34.2011    27.0053    1480.38    1480.38     5.3134  1029.5831    34.3631 0.0000e+00
      18557 291.131946  -37.74524  -48.62238      0.520    1498.27    562.000    557.051     5.3857     5.3864     0.0006     5.3393     5.3399     0.0006   3.336514   3.336760   0.000135    34.2047    34.2056     5.8010    27.0051    27.0058    34.2071    27.0070    1480.51    1480.52     5.3392  1029.5890    34.3692 0.0000e+00
      18585 291.131960  -37.74524  -48.62238      0.730    1498.27    563.000    558.041     5.4219     5.4239     0.0019     5.3752     5.3772     0.0019   3.340190   3.340635   0.000451    34.2093    34.2125     5.7918    27.0045    27.0068    34.2117    27.0064    1480.68    1480.69     5.3751  1029.5925    34.3739 0.0000e+00
      18604 291.131969  -37.74524  -48.62238      1.012    1498.27    564.000    559.031     5.4164     5.4182     0.0018     5.3697     5.3714     0.0018   3.339838   3.340023   0.000207    34.2124    34.2130     5.7938    27.0077    27.0078    34.2128    27.0080    1480.68    1480.68     5.3695  1029.5986    34.3750 0.0000e+00
      18621 291.131977  -37.74524  -48.62238      1.245    1498.27    565.000    560.020     5.4070     5.4075     0.0005     5.3602     5.3607     0.0005   3.338944   3.338942   0.000016    34.2123    34.2120     5.7808    27.0087    27.0084    34.2117    27.0082    1480.65    1480.65     5.3601  1029.6036    34.3739 0.0000e+00
      18638 291.131985  -37.74524  -48.62238      1.393    1498.27    566.000    561.010     5.4001     5.4000    -0.0001     5.3532     5.3532    -0.0001   3.338411   3.338384  -0.000029    34.2121    34.2119     5.7551    27.0093    27.0091    34.2121    27.0094    1480.64    1480.64     5.3531  1029.6094    34.3743 0.0000e+00
      18655 291.131994  -37.74524  -48.62238      1.428    1498.27    567.000    562.000     5.3960     5.3961     0.0000     5.3491     5.3492     0.0000   3.338038   3.338023  -0.000025    34.2117    34.2114     5.7298    27.0095    27.0093    34.2115    27.0094    1480.64    1480.64     5.3490  1029.6141    34.3737 0.0000e+00
      18675 291.132003  -37.74524  -48.62238      1.339    1498.27    568.000    562.990     5.3909     5.3918     0.0009     5.3440     5.3448     0.0009   3.337544   3.337584   0.000040    34.2114    34.2110     5.7134    27.0098    27.0094    34.2106    27.0092    1480.63    1480.64     5.3438  1029.6185    34.3727 0.0000e+00
      18699 291.132015  -37.74524  -48.62236      1.127    1498.27    569.000    563.980     5.3799     5.3814     0.0015     5.3329     5.3344     0.0015   3.336566   3.336732   0.000181    34.2109    34.2114     5.7038    27.0108    27.0110    34.2101    27.0102    1480.61    1480.61     5.3328  1029.6242    34.3722 0.0000e+00
      18725 291.132027  -37.74524  -48.62236      0.943    1498.27    570.000    564.965     5.3750     5.3699    -0.0051     5.3279     5.3228    -0.0050   3.336209   3.335641  -0.000519    34.2112    34.2104     5.7032    27.0116    27.0116    34.2105    27.0111    1480.60    1480.58     5.3278  1029.6298    34.3727 0.0000e+00
      18750 291.132040  -37.74524  -48.62236      0.928    1498.27    571.000    565.966     5.3674     5.3620    -0.0053     5.3202     5.3149    -0.0053   3.335500   3.334878  -0.000629    34.2109    34.2092     5.7134    27.0123    27.0115    34.2097    27.0113    1480.59    1480.57     5.3201  1029.6347    34.3718 0.0000e+00
      18774 291.132051  -37.74524  -48.62236      0.983    1498.27    572.000    566.950     5.3612     5.3569    -0.0043     5.3140     5.3098    -0.0042   3.334883   3.334388  -0.000488    34.2096    34.2084     5.7254    27.0120    27.0115    34.2084    27.0110    1480.58    1480.56     5.3139  1029.6390    34.3705 0.0000e+00
      18797 291.132062  -37.74524  -48.62236      1.028    1498.27    573.000    567.939     5.3560     5.3524    -0.0036     5.3087     5.3051    -0.0036   3.334497   3.334114  -0.000390    34.2096    34.2088     5.7262    27.0126    27.0124    34.2088    27.0120    1480.57    1480.56     5.3086  1029.6446    34.3709 0.0000e+00
      18820 291.132073  -37.74524  -48.62236      1.039    1496.68    574.000    568.929     5.3523     5.3498    -0.0024     5.3049     5.3025    -0.0024   3.334123   3.333836  -0.000290    34.2097    34.2089     5.7316    27.0132    27.0128    34.2078    27.0117    1480.57    1480.56     5.3048  1029.6489    34.3700 0.0000e+00
      18842 291.132084  -37.74526  -48.62236      1.064    1496.13    575.000    569.919     5.3328     5.3308    -0.0020     5.2854     5.2834    -0.0020   3.332265   3.331999  -0.000262    34.2086    34.2077     5.7405    27.0146    27.0141    34.2059    27.0125    1480.51    1480.50     5.2853  1029.6546    34.3681 0.0000e+00
      18861 291.132093  -37.74526  -48.62236      1.149    1496.14    576.000    570.908     5.3160     5.3140    -0.0020     5.2686     5.2666    -0.0020   3.330729   3.330398  -0.000327    34.2080    34.2063     5.7394    27.0161    27.0150    34.2050    27.0137    1480.46    1480.45     5.2685  1029.6606    34.3671 0.0000e+00
      18878 291.132101  -37.74526  -48.62236      1.274    1496.14    577.000    571.899     5.3080     5.3052    -0.0028     5.2606     5.2579    -0.0027   3.330015   3.329641  -0.000376    34.2071    34.2056     5.7378    27.0163    27.0155    34.2044    27.0142    1480.44    1480.43     5.2605  1029.6658    34.3665 0.0000e+00
      18895 291.132109  -37.74526  -48.62234      1.380    1496.14    578.000    572.888     5.2979     5.2968    -0.0011     5.2505     5.2494    -0.0012   3.329034   3.328853  -0.000197    34.2060    34.2049     5.7400    27.0167    27.0159    34.2029    27.0142    1480.41    1480.41     5.2504  1029.6705    34.3650 0.0000e+00
      18912 291.132118  -37.74526  -48.62234      1.430    1496.14    579.000    573.878     5.2888     5.2879    -0.0009     5.2413     5.2404    -0.0009   3.328228   3.328052  -0.000179    34.2050    34.2040     5.7410    27.0170    27.0162    34.2026    27.0150    1480.39    1480.39     5.2412  1029.6760    34.3647 0.0000e+00
      18931 291.132127  -37.74527  -48.62234      1.375    1496.14    580.000    574.867     5.2832     5.2803    -0.0030     5.2357     5.2328    -0.0029   3.327783   3.327440  -0.000379    34.2048    34.2035     5.7465    27.0175    27.0167    34.2026    27.0157    1480.39    1480.37     5.2355  1029.6814    34.3648 0.0000e+00
      18958 291.132140  -37.74528  -48.62234      1.063    1496.14    581.000    575.858     5.2768     5.2889     0.0121     5.2292     5.2412     0.0120   3.327154   3.328223   0.001044    34.2039    34.2036     5.7492    27.0175    27.0158    34.2014    27.0155    1480.38    1480.43     5.2291  1029.6859    34.3636 0.0000e+00
      18991 291.132156  -37.74528  -48.62234      0.747    1496.14    582.000    576.847     5.2773     5.2687    -0.0086     5.2297     5.2211    -0.0086   3.327352   3.326516  -0.000762    34.2039    34.2039     5.7487    27.0174    27.0185    34.2027    27.0165    1480.40    1480.36     5.2295  1029.6914    34.3648 0.0000e+00
      19023 291.132171  -37.74526  -48.62234      0.732    1496.14    583.000    577.837     5.2694     5.2619    -0.0075     5.2217     5.2142    -0.0075   3.326513   3.325755  -0.000776    34.2027    34.2015     5.7640    27.0175    27.0173    34.2007    27.0158    1480.38    1480.35     5.2215  1029.6954    34.3628 0.0000e+00
