Pos-Processados/process_op41/Processamento_split/down/doperantar41_005.cnv
* Sea-Bird SBE 9 Data File:
* FileName = C:\Users\Dell\Desktop\Operantar XLI\Raw\OP41005.hdr
* Software Version Seasave V 7.26.7.110
* Temperature SN = 6497
* Conductivity SN = 4954
* Number of Bytes Per Scan = 31
* Number of Voltage Words = 2
* Number of Scans Averaged by the Deck Unit = 1
* NMEA Latitude = 38 39.38 S
* NMEA Longitude = 048 59.66 W
* NMEA UTC (Time) = Oct 18 2022 16:26:34
* NMEA baud rate = 4800
** H41
** Navio Polar Almirante Maximiano
** LH-021/2022
** Operantar XLI
** Número da Estação 005
** Latitude 38 39,4'S
** Longitude 048 59,6'W
** Data/Hora (Z) 18/10/2022 16:26Z
** Profundidade local 5340m
** 09-1439
** Nome do Operador CT Garla
# nquan = 30
# nvalues = 5018                        
# units = specified
# name 0 = scan: Scan Count
# name 1 = timeJ: Julian Days
# name 2 = latitude: Latitude [deg]
# name 3 = longitude: Longitude [deg]
# name 4 = dz/dtM: Descent Rate [m/s]
# name 5 = avgsvCM: Average Sound Velocity [Chen-Millero, m/s]
# name 6 = prDM: Pressure, Digiquartz [db]
# name 7 = depSM: Depth [salt water, m]
# name 8 = t090C: Temperature [ITS-90, deg C]
# name 9 = t190C: Temperature, 2 [ITS-90, deg C]
# name 10 = T2-T190C: Temperature Difference, 2 - 1 [ITS-90, deg C]
# name 11 = potemp090C: Potential Temperature [ITS-90, deg C]
# name 12 = potemp190C: Potential Temperature, 2 [ITS-90, deg C]
# name 13 = potemp90Cdiff: Potential Temperature, Diff, 2 - 1 [ITS-90, deg C]
# name 14 = c0S/m: Conductivity [S/m]
# name 15 = c1S/m: Conductivity, 2 [S/m]
# name 16 = C2-C1S/m: Conductivity Difference, 2 - 1 [S/m]
# name 17 = sal00: Salinity, Practical [PSU]
# name 18 = sal11: Salinity, Practical, 2 [PSU]
# name 19 = sbeox0ML/L: Oxygen, SBE 43 [ml/l]
# name 20 = sigma-é00: Density [sigma-theta, kg/m^3]
# name 21 = sigma-é11: Density, 2 [sigma-theta, kg/m^3]
# name 22 = sal00: Salinity, Practical [PSU]
# name 23 = sigma-é00: Density [sigma-theta, kg/m^3]
# name 24 = svCM: Sound Velocity [Chen-Millero, m/s]
# name 25 = svCM1: Sound Velocity, 2 [Chen-Millero, m/s]
# name 26 = gsw_ptA0: potential temperature [ITS-90, deg C]
# name 27 = gsw_densityA0: density, TEOS-10 [density, kg/m^3]
# name 28 = gsw_saA0: Absolute Salinity [g/kg]
# name 29 = flag:
# span 0 =        489,     143614       
# span 1 = 291.685351, 291.754374       
# span 2 =  -38.65644,  -38.65452       
# span 3 =  -49.01499,  -48.99446       
# span 4 =      0.059,      1.764       
# span 5 =      -0.01,    1510.79       
# span 6 =      3.000,   5020.000       
# span 7 =      2.982,   4924.323       
# span 8 =     0.3087,    14.8029       
# span 9 =     0.3086,    14.8029       
# span 10 =    -0.2354,     0.1068      
# span 11 =    -0.0867,    14.8020      
# span 12 =    -0.0867,    14.8020      
# span 13 =    -0.2352,     0.1067      
# span 14 =   3.090386,   4.294028      
# span 15 =   3.090379,   4.294007      
# span 16 =  -0.027526,   0.012206      
# span 17 =    34.1439,    35.4762      
# span 18 =    34.1435,    35.4774      
# span 19 =     3.9135,     6.1957      
# span 20 =    26.1657,    27.8430      
# span 21 =    26.1658,    27.8430      
# span 22 =    34.1428,    35.4767      
# span 23 =    26.1665,    27.8430      
# span 24 =    1477.40,    1535.25      
# span 25 =    1477.37,    1535.25      
# span 26 =    -0.0870,    14.8020      
# span 27 =  1026.1880,  1050.4624      
# span 28 =    34.3046,    35.6441      
# span 29 = 0.0000e+00, 0.0000e+00      
# interval = decibars: 1                
# start_time = Oct 18 2022 16:26:34 [NMEA time, header]
# bad_flag = -9.990e-29
*END*
[from data line 2804]
      71262 291.719482  -38.65456  -49.00520      1.267    1489.44   2807.000   2767.371     2.1700     2.1736     0.0036     1.9569     1.9604     0.0035   3.193899   3.194275   0.000356    34.7901    34.7906     4.5791    27.8069    27.8071    34.7896    27.8066    1505.34    1505.36     1.9565  1040.6117    34.9578 0.0000e+00
      71308 291.719504  -38.65455  -49.00521      0.606    1489.44   2808.000   2768.350     2.1727     2.1747     0.0020     1.9594     1.9614     0.0020   3.194127   3.194340   0.000199    34.7899    34.7901     4.5633    27.8066    27.8066    34.7891    27.8060    1505.37    1505.38     1.9590  1040.6153    34.9573 0.0000e+00
      71372 291.719535  -38.65454  -49.00522      0.337    1489.44   2809.000   2769.330     2.1595     2.1637     0.0042     1.9464     1.9506     0.0041   3.192790   3.193120   0.000339    34.7880    34.7877     4.5550    27.8061    27.8055    34.7864    27.8048    1505.33    1505.34     1.9460  1040.6197    34.9545 0.0000e+00
      71399 291.719548  -38.65454  -49.00522      0.722    1489.44   2810.000   2770.309     2.1515     2.1506    -0.0009     1.9385     1.9376    -0.0009   3.192071   3.191999  -0.000067    34.7867    34.7868     4.5581    27.8056    27.8059    34.7857    27.8048    1505.31    1505.30     1.9381  1040.6248    34.9538 0.0000e+00
      71419 291.719557  -38.65454  -49.00522      0.997    1489.44   2811.000   2771.289     2.1510     2.1504    -0.0007     1.9380     1.9373    -0.0007   3.192064   3.192019  -0.000042    34.7865    34.7868     4.5535    27.8056    27.8058    34.7856    27.8049    1505.32    1505.32     1.9375  1040.6292    34.9538 0.0000e+00
      71437 291.719566  -38.65454  -49.00522      1.206    1489.44   2812.000   2772.268     2.1490     2.1486    -0.0005     1.9359     1.9355    -0.0005   3.191936   3.191897  -0.000035    34.7866    34.7867     4.5538    27.8058    27.8059    34.7857    27.8051    1505.33    1505.33     1.9354  1040.6341    34.9540 0.0000e+00
      71453 291.719574  -38.65454 -9.990e-29      1.368    1489.44   2813.000   2773.248     2.1489     2.1487    -0.0002     1.9357     1.9355    -0.0002   3.191985   3.191966  -0.000015    34.7865    34.7866     4.5406    27.8058    27.8058    34.7860    27.8053    1505.35    1505.35     1.9352  1040.6390    34.9546 0.0000e+00
      71468 291.719581  -38.65454 -9.990e-29      1.483    1489.44   2814.000   2774.227     2.1485     2.1483    -0.0002     1.9352     1.9350    -0.0002   3.191965   3.191963  -0.000004    34.7866    34.7867     4.5372    27.8058    27.8060    34.7857    27.8052    1505.36    1505.36     1.9347  1040.6434    34.9543 0.0000e+00
      71484 291.719589  -38.65454 -9.990e-29      1.529    1489.44   2815.000   2775.206     2.1482     2.1480    -0.0001     1.9348     1.9346    -0.0001   3.191986   3.191979  -0.000002    34.7865    34.7866     4.5424    27.8058    27.8059    34.7859    27.8053    1505.38    1505.38     1.9343  1040.6479    34.9545 0.0000e+00
      71501 291.719597  -38.65454 -9.990e-29      1.509    1489.44   2816.000   2776.186     2.1483     2.1483    -0.0000     1.9348     1.9348    -0.0000   3.192048   3.192034  -0.000010    34.7865    34.7864     4.5425    27.8058    27.8057    34.7860    27.8054    1505.40    1505.40     1.9343  1040.6525    34.9546 0.0000e+00
      71519 291.719605  -38.65454 -9.990e-29      1.426    1489.44   2817.000   2777.165     2.1501     2.1503     0.0002     1.9365     1.9367     0.0002   3.192296   3.192369   0.000060    34.7867    34.7872     4.5326    27.8058    27.8062    34.7866    27.8058    1505.42    1505.42     1.9360  1040.6571    34.9553 0.0000e+00
      71539 291.719615  -38.65454 -9.990e-29      1.298    1489.44   2818.000   2778.122     2.1554     2.1556     0.0002     1.9416     1.9418     0.0001   3.192925   3.192974   0.000037    34.7877    34.7880     4.5323    27.8062    27.8064    34.7882    27.8066    1505.46    1505.46     1.9411  1040.6619    34.9568 0.0000e+00
      71560 291.719625  -38.65454 -9.990e-29      1.172    1489.44   2819.000   2779.144     2.1642     2.1683     0.0041     1.9501     1.9541     0.0041   3.193781   3.194168   0.000375    34.7885    34.7886     4.5373    27.8062    27.8060    34.7889    27.8065    1505.52    1505.54     1.9496  1040.6656    34.9575 0.0000e+00
      71585 291.719637  -38.65454 -9.990e-29      1.054    1489.44   2820.000   2780.105     2.1635     2.1657     0.0023     1.9493     1.9515     0.0022   3.193636   3.193941   0.000277    34.7878    34.7887     4.5327    27.8057    27.8063    34.7874    27.8054    1505.53    1505.54     1.9488  1040.6689    34.9560 0.0000e+00
      71637 291.719662  -38.65454  -49.00526      0.516    1489.53   2821.000   2781.080     2.1642     2.1632    -0.0010     1.9499     1.9489    -0.0010   3.193894   3.193786  -0.000092    34.7891    34.7891     4.5476    27.8067    27.8068    34.7893    27.8069    1505.55    1505.55     1.9494  1040.6746    34.9577 0.0000e+00
      71701 291.719693  -38.65454  -49.00526      0.365    1489.78   2822.000   2782.062     2.1723     2.1705    -0.0018     1.9577     1.9559    -0.0018   3.194893   3.194703  -0.000171    34.7910    34.7909     4.5667    27.8076    27.8077    34.7923    27.8087    1505.61    1505.60     1.9572  1040.6800    34.9605 0.0000e+00
      71722 291.719703  -38.65454  -49.00528      0.830    1489.76   2823.000   2783.042     2.1902     2.1917     0.0015     1.9751     1.9765     0.0014   3.196883   3.197274   0.000327    34.7941    34.7965     4.5564    27.8087    27.8105    34.7971    27.8111    1505.71    1505.72     1.9746  1040.6854    34.9653 0.0000e+00
      71740 291.719712  -38.65454  -49.00528      1.135    1489.76   2824.000   2784.022     2.2014     2.2031     0.0017     1.9860     1.9876     0.0017   3.198024   3.198214   0.000241    34.7965    34.7977     4.5569    27.8098    27.8106    34.7986    27.8115    1505.78    1505.79     1.9855  1040.6893    34.9668 0.0000e+00
      71757 291.719720  -38.65454  -49.00528      1.323    1489.76   2825.000   2785.001     2.2068     2.2060    -0.0008     1.9911     1.9904    -0.0008   3.198679   3.198655  -0.000026    34.7985    34.7990     4.5630    27.8110    27.8114    34.8004    27.8125    1505.82    1505.82     1.9906  1040.6943    34.9686 0.0000e+00
      71772 291.719728  -38.65454  -49.00528      1.440    1489.76   2826.000   2785.980     2.2082     2.2085     0.0003     1.9925     1.9927     0.0003   3.198821   3.198884   0.000058    34.7992    34.7997     4.5748    27.8114    27.8118    34.8000    27.8121    1505.84    1505.85     1.9920  1040.6982    34.9683 0.0000e+00
      71788 291.719735  -38.65454  -49.00528      1.503    1489.76   2827.000   2786.959     2.2059     2.2059     0.0001     1.9901     1.9901     0.0000   3.198643   3.198669   0.000032    34.7991    34.7994     4.5790    27.8115    27.8118    34.7999    27.8122    1505.85    1505.85     1.9896  1040.7029    34.9682 0.0000e+00
      71804 291.719743  -38.65454  -49.00528      1.523    1489.76   2828.000   2787.939     2.2060     2.2057    -0.0003     1.9901     1.9898    -0.0003   3.198743   3.198739   0.000003    34.7995    34.7999     4.5823    27.8119    27.8122    34.8005    27.8127    1505.87    1505.87     1.9896  1040.7078    34.9688 0.0000e+00
      71820 291.719751  -38.65454  -49.00528      1.512    1489.76   2829.000   2788.918     2.2074     2.2068    -0.0007     1.9914     1.9907    -0.0007   3.198975   3.198933  -0.000054    34.7999    34.8000     4.5928    27.8121    27.8122    34.8014    27.8133    1505.89    1505.89     1.9909  1040.7127    34.9697 0.0000e+00
      71837 291.719759  -38.65454  -49.00528      1.482    1489.76   2830.000   2789.898     2.2175     2.2171    -0.0003     2.0011     2.0007    -0.0003   3.200114   3.200160   0.000043    34.8017    34.8026     4.6133    27.8128    27.8135    34.8041    27.8147    1505.96    1505.96     2.0006  1040.7177    34.9725 0.0000e+00
      71855 291.719768  -38.65454  -49.00528      1.409    1489.76   2831.000   2790.878     2.2236     2.2244     0.0008     2.0070     2.0078     0.0008   3.200704   3.200756   0.000099    34.8029    34.8032     4.6248    27.8132    27.8134    34.8043    27.8144    1506.00    1506.00     2.0065  1040.7214    34.9726 0.0000e+00
      71878 291.719779  -38.65454  -49.00528      1.220    1489.76   2832.000   2791.856     2.2180     2.2190     0.0010     2.0014     2.0024     0.0010   3.200134   3.200162   0.000007    34.8027    34.8017     4.6401    27.8135    27.8126    34.8029    27.8137    1505.99    1505.99     2.0009  1040.7255    34.9712 0.0000e+00
      71921 291.719799  -38.65454  -49.00528      0.637    1489.76   2833.000   2792.835     2.2187     2.2190     0.0003     2.0020     2.0023     0.0003   3.200262   3.200331   0.000065    34.8023    34.8028     4.6528    27.8132    27.8135    34.8032    27.8139    1506.01    1506.01     2.0015  1040.7301    34.9715 0.0000e+00
      71977 291.719827  -38.65454  -49.00530      0.391    1489.76   2834.000   2793.816     2.2280     2.2253    -0.0026     2.0110     2.0084    -0.0026   3.201328   3.201090  -0.000238    34.8049    34.8048     4.6713    27.8145    27.8147    34.8059    27.8153    1506.07    1506.06     2.0105  1040.7352    34.9742 0.0000e+00
      72006 291.719840  -38.65454  -49.00530      0.720    1489.76   2835.000   2794.795     2.2270     2.2268    -0.0002     2.0099     2.0097    -0.0002   3.201245   3.201218  -0.000012    34.8051    34.8051     4.6628    27.8148    27.8148    34.8055    27.8150    1506.09    1506.08     2.0094  1040.7394    34.9738 0.0000e+00
      72029 291.719852  -38.65454  -49.00532      0.933    1489.76   2836.000   2795.774     2.2150     2.2129    -0.0021     1.9981     1.9960    -0.0020   3.200031   3.199750  -0.000266    34.8043    34.8033     4.6719    27.8151    27.8144    34.8030    27.8140    1506.05    1506.04     1.9976  1040.7438    34.9713 0.0000e+00
      72049 291.719861  -38.65454  -49.00532      1.089    1489.76   2837.000   2796.753     2.2059     2.2040    -0.0018     1.9891     1.9873    -0.0018   3.199244   3.199052  -0.000200    34.8031    34.8026     4.6773    27.8148    27.8145    34.8027    27.8145    1506.02    1506.01     1.9886  1040.7494    34.9710 0.0000e+00
      72067 291.719870  -38.65454  -49.00532      1.234    1489.76   2838.000   2797.733     2.2074     2.2063    -0.0010     1.9904     1.9894    -0.0010   3.199499   3.199427  -0.000079    34.8031    34.8033     4.6731    27.8148    27.8150    34.8037    27.8152    1506.05    1506.04     1.9899  1040.7544    34.9721 0.0000e+00
      72084 291.719878  -38.65454  -49.00532      1.354    1489.76   2839.000   2798.712     2.2095     2.2091    -0.0004     1.9924     1.9920    -0.0004   3.199729   3.199698  -0.000037    34.8037    34.8037     4.6811    27.8150    27.8151    34.8037    27.8150    1506.08    1506.07     1.9920  1040.7585    34.9721 0.0000e+00
      72101 291.719886  -38.65454  -49.00532      1.423    1489.76   2840.000   2799.691     2.2090     2.2088    -0.0003     1.9919     1.9916    -0.0003   3.199718   3.199725   0.000002    34.8037    34.8040     4.6801    27.8151    27.8153    34.8037    27.8150    1506.09    1506.09     1.9914  1040.7630    34.9720 0.0000e+00
      72118 291.719894  -38.65454  -49.00532      1.430    1489.76   2841.000   2800.670     2.2085     2.2084    -0.0001     1.9912     1.9912    -0.0001   3.199694   3.199742   0.000043    34.8036    34.8042     4.6835    27.8151    27.8155    34.8035    27.8150    1506.10    1506.10     1.9907  1040.7674    34.9719 0.0000e+00
      72137 291.719904  -38.65454  -49.00532      1.341    1489.76   2842.000   2801.649     2.2075     2.2080     0.0005     1.9902     1.9907     0.0004   3.199641   3.199681   0.000042    34.8035    34.8036     4.6799    27.8151    27.8151    34.8034    27.8150    1506.12    1506.12     1.9897  1040.7719    34.9718 0.0000e+00
      72160 291.719915  -38.65454  -49.00532      1.171    1489.76   2843.000   2802.629     2.2041     2.2041     0.0000     1.9867     1.9867     0.0000   3.199334   3.199313  -0.000009    34.8034    34.8033     4.6657    27.8153    27.8152    34.8029    27.8148    1506.12    1506.12     1.9862  1040.7764    34.9713 0.0000e+00
      72184 291.719926  -38.65454  -49.00532      1.036    1489.76   2844.000   2803.608     2.2021     2.1996    -0.0025     1.9848     1.9823    -0.0025   3.199214   3.198938  -0.000255    34.8032    34.8028     4.6735    27.8153    27.8151    34.8030    27.8151    1506.13    1506.12     1.9842  1040.7812    34.9714 0.0000e+00
      72212 291.719940  -38.65454  -49.00532      0.922    1489.76   2845.000   2804.588     2.2040     2.1993    -0.0047     1.9865     1.9819    -0.0046   3.199439   3.198947  -0.000480    34.8032    34.8024     4.6714    27.8151    27.8148    34.8033    27.8152    1506.15    1506.13     1.9860  1040.7856    34.9717 0.0000e+00
      72249 291.719958  -38.65454  -49.00532      0.678    1489.76   2846.000   2805.567     2.2021     2.2035     0.0014     1.9845     1.9859     0.0013   3.199187   3.199418   0.000164    34.8025    34.8030     4.6681    27.8147    27.8150    34.8018    27.8141    1506.16    1506.17     1.9840  1040.7892    34.9702 0.0000e+00
      72285 291.719975  -38.65454  -49.00533      0.617    1489.76   2847.000   2806.546     2.1916     2.1943     0.0027     1.9742     1.9768     0.0026   3.198255   3.198451   0.000257    34.8016    34.8019     4.6694    27.8148    27.8148    34.8011    27.8144    1506.13    1506.14     1.9737  1040.7947    34.9695 0.0000e+00
      72310 291.719987  -38.65454  -49.00534      0.846    1489.76   2848.000   2807.526     2.1925     2.1918    -0.0007     1.9749     1.9742    -0.0007   3.198391   3.198368  -0.000022    34.8016    34.8021     4.6715    27.8148    27.8152    34.8014    27.8146    1506.15    1506.15     1.9744  1040.7992    34.9698 0.0000e+00
      72330 291.719997  -38.65454  -49.00534      1.068    1489.76   2849.000   2808.505     2.1937     2.1935    -0.0002     1.9760     1.9757    -0.0002   3.198580   3.198598   0.000012    34.8020    34.8024     4.6704    27.8150    27.8153    34.8020    27.8150    1506.17    1506.17     1.9755  1040.8039    34.9704 0.0000e+00
      72350 291.720006  -38.65454  -49.00534      1.176    1489.76   2850.000   2809.484     2.1946     2.1946    -0.0000     1.9768     1.9768    -0.0001   3.198693   3.198715   0.000021    34.8021    34.8025     4.6590    27.8150    27.8153    34.8019    27.8148    1506.20    1506.20     1.9763  1040.8081    34.9703 0.0000e+00
      72374 291.720018  -38.65454  -49.00535      1.124    1489.76   2851.000   2810.463     2.1932     2.1929    -0.0002     1.9753     1.9750    -0.0002   3.198590   3.198583  -0.000006    34.8020    34.8022     4.6594    27.8151    27.8152    34.8018    27.8148    1506.20    1506.20     1.9748  1040.8126    34.9702 0.0000e+00
      72401 291.720031  -38.65453  -49.00536      0.942    1489.76   2852.000   2811.443     2.1917     2.1912    -0.0006     1.9738     1.9732    -0.0006   3.198492   3.198384  -0.000085    34.8021    34.8017     4.6613    27.8152    27.8149    34.8016    27.8149    1506.22    1506.21     1.9733  1040.8172    34.9700 0.0000e+00
      72427 291.720043  -38.65452  -49.00536      0.882    1489.76   2853.000   2812.422     2.1867     2.1842    -0.0024     1.9687     1.9663    -0.0024   3.198040   3.197784  -0.000264    34.8019    34.8013     4.6715    27.8155    27.8152    34.8011    27.8148    1506.21    1506.20     1.9682  1040.8220    34.9695 0.0000e+00
