Pos-Processados/process_op41/Processamento_split/down/doperantar41_009.cnv
* Sea-Bird SBE 9 Data File:
* FileName = C:\Users\Dell\Desktop\OperantarXLI\config\00_BRUTOS\OPE41009.hdr
* Software Version Seasave V 7.26.7.110
* Temperature SN = 6497
* Conductivity SN = 4954
* Number of Bytes Per Scan = 31
* Number of Voltage Words = 2
* Number of Scans Averaged by the Deck Unit = 1
* NMEA Latitude = 42 49.84 S
* NMEA Longitude = 052 15.44 W
* NMEA UTC (Time) = Oct 23 2022 04:30:44
* NMEA baud rate = 4800
** H41
** Navio Polar Almirante Maximiano
** LH-021/2022
** Operantar XLI
** Número da Estação 009
** Latitude 42 49.421' S
** Longitude 52 14.906' W
** Data/Hora (Z) 23/10/2022 0403Z
** Profundidade local 5745 m
** 09-1439
** Nome do Operador CT Garla
# nquan = 30
# nvalues = 1021                        
# units = specified
# name 0 = scan: Scan Count
# name 1 = timeJ: Julian Days
# name 2 = latitude: Latitude [deg]
# name 3 = longitude: Longitude [deg]
# name 4 = dz/dtM: Descent Rate [m/s]
# name 5 = avgsvCM: Average Sound Velocity [Chen-Millero, m/s]
# name 6 = prDM: Pressure, Digiquartz [db]
# name 7 = depSM: Depth [salt water, m]
# name 8 = t090C: Temperature [ITS-90, deg C]
# name 9 = t190C: Temperature, 2 [ITS-90, deg C]
# name 10 = T2-T190C: Temperature Difference, 2 - 1 [ITS-90, deg C]
# name 11 = potemp090C: Potential Temperature [ITS-90, deg C]
# name 12 = potemp190C: Potential Temperature, 2 [ITS-90, deg C]
# name 13 = potemp90Cdiff: Potential Temperature, Diff, 2 - 1 [ITS-90, deg C]
# name 14 = c0S/m: Conductivity [S/m]
# name 15 = c1S/m: Conductivity, 2 [S/m]
# name 16 = C2-C1S/m: Conductivity Difference, 2 - 1 [S/m]
# name 17 = sal00: Salinity, Practical [PSU]
# name 18 = sal11: Salinity, Practical, 2 [PSU]
# name 19 = sbeox0ML/L: Oxygen, SBE 43 [ml/l]
# name 20 = sigma-é00: Density [sigma-theta, kg/m^3]
# name 21 = sigma-é11: Density, 2 [sigma-theta, kg/m^3]
# name 22 = sal00: Salinity, Practical [PSU]
# name 23 = sigma-é00: Density [sigma-theta, kg/m^3]
# name 24 = svCM: Sound Velocity [Chen-Millero, m/s]
# name 25 = svCM1: Sound Velocity, 2 [Chen-Millero, m/s]
# name 26 = gsw_ptA0: potential temperature [ITS-90, deg C]
# name 27 = gsw_densityA0: density, TEOS-10 [density, kg/m^3]
# name 28 = gsw_saA0: Absolute Salinity [g/kg]
# name 29 = flag:
# span 0 =        612,      28543       
# span 1 = 296.188304, 296.201774       
# span 2 =  -42.83550,  -42.83078       
# span 3 =  -52.26872,  -52.25768       
# span 4 =     -0.182,      1.512       
# span 5 =       0.00,    1564.87       
# span 6 =      9.000,   1029.000       
# span 7 =      8.928,   1018.320       
# span 8 =     3.5795,    14.6320       
# span 9 =     3.5794,    14.6321       
# span 10 =    -0.0217,     0.1746      
# span 11 =     3.5059,    14.6298      
# span 12 =     3.5060,    14.6299      
# span 13 =    -0.0215,     0.1741      
# span 14 =   3.195866,   4.311765      
# span 15 =   3.195667,   4.311702      
# span 16 =  -0.005141,   0.018727      
# span 17 =    34.1649,    35.6139      
# span 18 =    34.1642,    35.6129      
# span 19 =     4.9431,     6.0449      
# span 20 =    26.4469,    27.1996      
# span 21 =    26.4464,    27.1989      
# span 22 =    34.1609,    35.6140      
# span 23 =    26.4471,    27.1997      
# span 24 =    1480.60,    1510.81      
# span 25 =    1480.60,    1510.81      
# span 26 =     3.5058,    14.6298      
# span 27 =  1026.4922,  1031.9514      
# span 28 =    34.3236,    35.7825      
# span 29 = 0.0000e+00, 0.0000e+00      
# interval = decibars: 1                
# start_time = Oct 23 2022 04:30:44 [NMEA time, header]
# bad_flag = -9.990e-29
*END*
[from data line 822]
      23137 296.199167  -42.83462  -52.26662      1.120    1496.33    831.000    822.770     4.4787     4.4800     0.0013     4.4142     4.4155     0.0013   3.265871   3.265967   0.000103    34.1869    34.1867     5.5773    27.0957    27.0955    34.1853    27.0945    1481.22    1481.22     4.4141  1030.9211    34.3490 0.0000e+00
      23155 296.199175  -42.83462  -52.26662      1.269    1496.33    832.000    823.759     4.4745     4.4749     0.0004     4.4100     4.4104     0.0004   3.265577   3.265606   0.000035    34.1869    34.1869     5.5770    27.0962    27.0961    34.1857    27.0952    1481.21    1481.22     4.4098  1030.9265    34.3494 0.0000e+00
      23174 296.199185  -42.83463  -52.26663      1.294    1496.33    833.000    824.747     4.4729     4.4737     0.0009     4.4083     4.4091     0.0008   3.265473   3.265556   0.000071    34.1868    34.1868     5.5777    27.0963    27.0962    34.1857    27.0954    1481.23    1481.23     4.4081  1030.9313    34.3494 0.0000e+00
      23212 296.199203  -42.83464  -52.26664      0.788    1496.33    834.000    825.734     4.4688     4.4763     0.0074     4.4042     4.4116     0.0074   3.265211   3.265806   0.000575    34.1872    34.1863     5.5653    27.0971    27.0956    34.1863    27.0963    1481.23    1481.25     4.4040  1030.9368    34.3500 0.0000e+00
      23263 296.199228  -42.83466  -52.26668      0.409    1496.33    835.000    826.723     4.4666     4.4678     0.0012     4.4018     4.4031     0.0012   3.265017   3.265052   0.000072    34.1868    34.1864     5.5468    27.0970    27.0966    34.1858    27.0962    1481.23    1481.24     4.4017  1030.9413    34.3495 0.0000e+00
      23291 296.199241  -42.83466  -52.26668      0.745    1496.33    836.000    827.711     4.4575     4.4588     0.0012     4.3928     4.3940     0.0012   3.264310   3.264282  -0.000028    34.1878    34.1862     5.5562    27.0987    27.0973    34.1864    27.0976    1481.21    1481.21     4.3926  1030.9475    34.3501 0.0000e+00
      23312 296.199251  -42.83466  -52.26668      0.993    1496.33    837.000    828.699     4.4510     4.4521     0.0011     4.3862     4.3873     0.0011   3.263690   3.263733   0.000047    34.1868    34.1862     5.5638    27.0987    27.0981    34.1854    27.0975    1481.20    1481.20     4.3861  1030.9521    34.3491 0.0000e+00
      23331 296.199260  -42.83466  -52.26670      1.166    1496.33    838.000    829.687     4.4484     4.4486     0.0003     4.3835     4.3838     0.0003   3.263493   3.263509   0.000020    34.1864    34.1863     5.5686    27.0986    27.0986    34.1853    27.0978    1481.20    1481.21     4.3834  1030.9570    34.3490 0.0000e+00
      23351 296.199270  -42.83466  -52.26670      1.224    1496.33    839.000    830.675     4.4466     4.4469     0.0003     4.3817     4.3820     0.0003   3.263354   3.263398   0.000043    34.1860    34.1862     5.5648    27.0985    27.0986    34.1850    27.0977    1481.21    1481.21     4.3815  1030.9615    34.3487 0.0000e+00
      23374 296.199281  -42.83466  -52.26671      1.142    1496.33    840.000    831.663     4.4373     4.4404     0.0031     4.3723     4.3754     0.0031   3.262446   3.262721   0.000268    34.1855    34.1854     5.5637    27.0991    27.0987    34.1835    27.0975    1481.19    1481.20     4.3722  1030.9661    34.3472 0.0000e+00
      23402 296.199295  -42.83466  -52.26673      0.928    1496.33    841.000    832.652     4.4328     4.4340     0.0013     4.3678     4.3690     0.0013   3.262240   3.262263   0.000038    34.1861    34.1852     5.5603    27.1001    27.0993    34.1852    27.0994    1481.19    1481.19     4.3676  1030.9726    34.3490 0.0000e+00
      23436 296.199311  -42.83468  -52.26675      0.745    1496.33    842.000    833.640     4.4327     4.4351     0.0024     4.3677     4.3700     0.0024   3.262309   3.262427   0.000107    34.1866    34.1854     5.5464    27.1005    27.0993    34.1855    27.0997    1481.21    1481.22     4.3675  1030.9775    34.3493 0.0000e+00
      23470 296.199327  -42.83468  -52.26676      0.696    1496.33    843.000    834.628     4.4283     4.4299     0.0016     4.3632     4.3647     0.0016   3.261912   3.261963   0.000061    34.1859    34.1850     5.5435    27.1004    27.0995    34.1850    27.0997    1481.20    1481.21     4.3630  1030.9822    34.3487 0.0000e+00
      23498 296.199341  -42.83470  -52.26676      0.794    1496.33    844.000    835.616     4.4247     4.4260     0.0014     4.3595     4.3608     0.0014   3.261592   3.261600   0.000008    34.1858    34.1844     5.5529    27.1007    27.0995    34.1845    27.0997    1481.21    1481.21     4.3593  1030.9868    34.3482 0.0000e+00
      23522 296.199352  -42.83470  -52.26678      0.930    1496.33    845.000    836.604     4.4177     4.4193     0.0016     4.3525     4.3541     0.0016   3.260994   3.261034   0.000044    34.1853    34.1841     5.5541    27.1010    27.1000    34.1841    27.1002    1481.19    1481.20     4.3523  1030.9920    34.3479 0.0000e+00
      23544 296.199363  -42.83470  -52.26679      1.039    1496.33    846.000    837.592     4.4178     4.4181     0.0003     4.3525     4.3528     0.0003   3.261143   3.261120  -0.000027    34.1860    34.1854     5.5554    27.1016    27.1011    34.1853    27.1011    1481.21    1481.21     4.3523  1030.9975    34.3491 0.0000e+00
      23567 296.199374  -42.83470  -52.26680      1.060    1496.33    847.000    838.580     4.4182     4.4185     0.0002     4.3528     4.3531     0.0002   3.261214   3.261227   0.000018    34.1858    34.1857     5.5580    27.1015    27.1014    34.1852    27.1010    1481.23    1481.23     4.3527  1031.0019    34.3490 0.0000e+00
      23593 296.199387  -42.83470  -52.26681      0.981    1496.33    848.000    839.568     4.4186     4.4190     0.0004     4.3531     4.3535     0.0004   3.261341   3.261331  -0.000002    34.1861    34.1856     5.5636    27.1017    27.1013    34.1858    27.1014    1481.25    1481.25     4.3529  1031.0069    34.3496 0.0000e+00
      23624 296.199401  -42.83470  -52.26684      0.826    1496.33    849.000    840.556     4.4219     4.4222     0.0003     4.3564     4.3566     0.0003   3.261729   3.261707  -0.000022    34.1867    34.1861     5.5509    27.1018    27.1013    34.1864    27.1015    1481.28    1481.28     4.3562  1031.0115    34.3502 0.0000e+00
      23656 296.199417  -42.83470  -52.26684      0.747    1496.33    850.000    841.544     4.4235     4.4234    -0.0001     4.3579     4.3578    -0.0001   3.261959   3.261917  -0.000040    34.1869    34.1866     5.5442    27.1018    27.1015    34.1869    27.1018    1481.30    1481.30     4.3577  1031.0163    34.3507 0.0000e+00
      23684 296.199430  -42.83471  -52.26685      0.822    1496.33    851.000    842.532     4.4243     4.4248     0.0005     4.3585     4.3590     0.0005   3.262141   3.262162   0.000020    34.1879    34.1875     5.5432    27.1025    27.1022    34.1877    27.1024    1481.32    1481.33     4.3584  1031.0214    34.3515 0.0000e+00
      23709 296.199442  -42.83472  -52.26686      0.916    1496.33    852.000    843.520     4.4246     4.4252     0.0006     4.3588     4.3593     0.0006   3.262234   3.262252   0.000018    34.1881    34.1877     5.5398    27.1027    27.1023    34.1880    27.1026    1481.34    1481.34     4.3586  1031.0262    34.3518 0.0000e+00
      23736 296.199456  -42.83472  -52.26687      0.920    1496.33    853.000    844.508     4.4250     4.4254     0.0004     4.3591     4.3595     0.0004   3.262316   3.262329   0.000019    34.1881    34.1879     5.5342    27.1026    27.1024    34.1881    27.1026    1481.36    1481.36     4.3589  1031.0308    34.3519 0.0000e+00
      23772 296.199473  -42.83474  -52.26690      0.714    1496.33    854.000    845.496     4.4289     4.4275    -0.0015     4.3629     4.3614    -0.0014   3.262824   3.262653  -0.000183    34.1893    34.1886     5.5237    27.1032    27.1028    34.1894    27.1033    1481.39    1481.39     4.3627  1031.0359    34.3533 0.0000e+00
      23805 296.199489  -42.83474  -52.26691      0.667    1496.33    855.000    846.484     4.4233     4.4247     0.0014     4.3572     4.3586     0.0014   3.262480   3.262530   0.000068    34.1911    34.1904     5.5224    27.1052    27.1045    34.1907    27.1049    1481.39    1481.39     4.3570  1031.0422    34.3546 0.0000e+00
      23829 296.199500  -42.83474  -52.26692      0.872    1496.33    856.000    847.472     4.4216     4.4215    -0.0001     4.3555     4.3553    -0.0001   3.262357   3.262326  -0.000036    34.1909    34.1906     5.5174    27.1052    27.1050    34.1905    27.1049    1481.40    1481.40     4.3553  1031.0468    34.3543 0.0000e+00
      23848 296.199510  -42.83474  -52.26693      1.097    1496.33    857.000    848.460     4.4181     4.4184     0.0004     4.3518     4.3522     0.0004   3.262053   3.262084   0.000038    34.1906    34.1906     5.5124    27.1053    27.1053    34.1901    27.1050    1481.40    1481.40     4.3517  1031.0516    34.3540 0.0000e+00
      23866 296.199518  -42.83474  -52.26694      1.275    1496.33    858.000    849.449     4.4151     4.4158     0.0007     4.3488     4.3495     0.0007   3.261843   3.261906   0.000048    34.1911    34.1910     5.5051    27.1061    27.1059    34.1902    27.1054    1481.40    1481.41     4.3486  1031.0557    34.3529 0.0000e+00
      23884 296.199527 -9.990e-29  -52.26694      1.347    1496.33    859.000    850.436     4.4099     4.4109     0.0010     4.3435     4.3445     0.0010   3.261451   3.261525   0.000082    34.1911    34.1910     5.5045    27.1067    27.1065    34.1905    27.1062    1481.40    1481.40     4.3434  1031.0603    34.3521 0.0000e+00
      23907 296.199538 -9.990e-29  -52.26694      1.219    1496.33    860.000    851.425     4.4088     4.4104     0.0015     4.3424     4.3439     0.0015   3.261430   3.261569   0.000114    34.1914    34.1912     5.5022    27.1070    27.1067    34.1908    27.1066    1481.41    1481.42     4.3422  1031.0652    34.3524 0.0000e+00
      23944 296.199556 -9.990e-29  -52.26697      0.704    1496.33    861.000    852.412     4.4076     4.4135     0.0059     4.3411     4.3470     0.0059   3.261358   3.261825   0.000464    34.1913    34.1906     5.4953    27.1071    27.1059    34.1907    27.1066    1481.42    1481.45     4.3410  1031.0698    34.3523 0.0000e+00
      23982 296.199574  -42.83476  -52.26698      0.600    1496.33    862.000    853.400     4.4012     4.4022     0.0010     4.3346     4.3356     0.0010   3.260837   3.260826 -8.864e-07    34.1915    34.1905     5.4981    27.1080    27.1071    34.1908    27.1074    1481.41    1481.42     4.3344  1031.0772    34.3548 0.0000e+00
      24008 296.199587  -42.83476  -52.26700      0.826    1496.33    863.000    854.388     4.3866     4.3905     0.0039     4.3201     4.3239     0.0039   3.259579   3.259737   0.000153    34.1929    34.1907     5.5079    27.1106    27.1085    34.1906    27.1088    1481.37    1481.38     4.3199  1031.0834    34.3545 0.0000e+00
      24029 296.199597  -42.83476  -52.26700      1.016    1496.33    864.000    855.376     4.3753     4.3769     0.0016     4.3088     4.3103     0.0016   3.258667   3.258721   0.000044    34.1928    34.1917     5.5034    27.1117    27.1107    34.1911    27.1104    1481.34    1481.35     4.3086  1031.0898    34.3550 0.0000e+00
      24051 296.199607  -42.83478  -52.26702      1.120    1496.33    865.000    856.364     4.3680     4.3701     0.0022     4.3014     4.3036     0.0022   3.258021   3.258174   0.000157    34.1922    34.1918     5.4999    27.1120    27.1115    34.1906    27.1108    1481.33    1481.33     4.3012  1031.0949    34.3545 0.0000e+00
      24076 296.199620  -42.83478  -52.26702      1.027    1496.33    866.000    857.352     4.3617     4.3647     0.0030     4.2951     4.2981     0.0030   3.257527   3.257755   0.000201    34.1924    34.1917     5.4926    27.1129    27.1120    34.1908    27.1116    1481.32    1481.33     4.2949  1031.1005    34.3547 0.0000e+00
      24109 296.199635  -42.83478  -52.26704      0.776    1496.33    867.000    858.340     4.3500     4.3575     0.0075     4.2833     4.2908     0.0075   3.256574   3.257072   0.000515    34.1932    34.1915     5.4863    27.1147    27.1126    34.1912    27.1132    1481.29    1481.31     4.2832  1031.1069    34.3551 0.0000e+00
      24140 296.199650  -42.83479  -52.26705      0.745    1496.33    868.000    859.328     4.3397     4.3413     0.0015     4.2731     4.2746     0.0015   3.255657   3.255605  -0.000054    34.1925    34.1904     5.4825    27.1153    27.1134    34.1905    27.1137    1481.26    1481.26     4.2729  1031.1122    34.3544 0.0000e+00
      24166 296.199663  -42.83480  -52.26706      0.871    1496.33    869.000    860.316     4.3278     4.3313     0.0035     4.2612     4.2646     0.0034   3.254443   3.254603   0.000154    34.1907    34.1889     5.4831    27.1151    27.1134    34.1882    27.1131    1481.22    1481.23     4.2610  1031.1164    34.3521 0.0000e+00
      24190 296.199674  -42.83480  -52.26707      0.974    1496.33    870.000    861.304     4.3154     4.3216     0.0062     4.2488     4.2549     0.0061   3.253268   3.253731   0.000389    34.1902    34.1885     5.4920    27.1160    27.1140    34.1866    27.1132    1481.19    1481.21     4.2487  1031.1214    34.3505 0.0000e+00
      24215 296.199687  -42.83480  -52.26708      0.980    1496.33    871.000    862.292     4.3024     4.3064     0.0040     4.2357     4.2397     0.0040   3.252354   3.252475   0.000188    34.1902    34.1882     5.4905    27.1174    27.1154    34.1889    27.1164    1481.15    1481.16     4.2356  1031.1294    34.3528 0.0000e+00
      24244 296.199700  -42.83480  -52.26710      0.873    1496.33    872.000    863.280     4.3089     4.3088    -0.0001     4.2421     4.2420    -0.0001   3.253059   3.252866  -0.000178    34.1909    34.1889     5.4929    27.1173    27.1157    34.1900    27.1165    1481.20    1481.19     4.2419  1031.1340    34.3539 0.0000e+00
      24273 296.199714  -42.83480  -52.26710      0.820    1496.33    873.000    864.268     4.3053     4.3077     0.0024     4.2385     4.2408     0.0024   3.252689   3.252730   0.000023    34.1911    34.1889     5.4933    27.1178    27.1158    34.1888    27.1160    1481.20    1481.20     4.2383  1031.1367    34.3509 0.0000e+00
      24298 296.199727 -9.990e-29  -52.26712      0.890    1495.56    874.000    865.256     4.2902     4.2935     0.0033     4.2234     4.2267     0.0033   3.251268   3.251397   0.000116    34.1901    34.1880     5.4976    27.1186    27.1167    34.1873    27.1164    1481.15    1481.16     4.2232  1031.1415    34.3488 0.0000e+00
      24321 296.199738 -9.990e-29  -52.26712      0.991    1495.38    875.000    866.244     4.2662     4.2717     0.0055     4.1995     4.2050     0.0054   3.248985   3.249299   0.000326    34.1884    34.1866     5.5003    27.1198    27.1178    34.1847    27.1169    1481.06    1481.08     4.1994  1031.1471    34.3463 0.0000e+00
      24344 296.199749 -9.990e-29  -52.26714      1.055    1495.38    876.000    867.232     4.2624     4.2631     0.0007     4.1956     4.1963     0.0007   3.248735   3.248768   0.000040    34.1872    34.1869     5.4920    27.1192    27.1189    34.1853    27.1177    1481.06    1481.07     4.1954  1031.1526    34.3468 0.0000e+00
      24367 296.199760  -42.83482  -52.26714      1.055    1495.38    877.000    868.219     4.2573     4.2592     0.0019     4.1905     4.1923     0.0019   3.248340   3.248485   0.000131    34.1876    34.1872     5.4891    27.1201    27.1196    34.1854    27.1184    1481.06    1481.07     4.1903  1031.1590    34.3483 0.0000e+00
      24396 296.199774  -42.83483  -52.26716      0.913    1495.38    878.000    869.207     4.2506     4.2561     0.0055     4.1838     4.1892     0.0055   3.247932   3.248268   0.000334    34.1888    34.1870     5.4942    27.1218    27.1198    34.1870    27.1203    1481.05    1481.07     4.1836  1031.1664    34.3509 0.0000e+00
