Pos-Processados/process_op41/Processamento_split/down/doperantar41_006.cnv
* Sea-Bird SBE 9 Data File:
* FileName = C:\Users\Dell\Desktop\OperantarXLI\config\00_BRUTOS\OP41006.hdr
* Software Version Seasave V 7.26.7.110
* Temperature SN = 6497
* Conductivity SN = 4954
* Number of Bytes Per Scan = 31
* Number of Voltage Words = 2
* Number of Scans Averaged by the Deck Unit = 1
* NMEA Latitude = 42 12.54 S
* NMEA Longitude = 053 27.22 W
* NMEA UTC (Time) = Oct 22 2022 00:21:34
* NMEA baud rate = 4800
** H41
** Navio Polar Almirante Maximiano
** LH-021/2022
** Operantar XLI
** Número da Estação 006
** Latitude 42 12.640'S
** Longitude 053 27.212W
** Data/Hora (Z) 22/10/2022 00:19
** Profundidade local 5571 m
** 09-1439
** Nome do Operador CT Garla
# nquan = 30
# nvalues = 1020                        
# units = specified
# name 0 = scan: Scan Count
# name 1 = timeJ: Julian Days
# name 2 = latitude: Latitude [deg]
# name 3 = longitude: Longitude [deg]
# name 4 = dz/dtM: Descent Rate [m/s]
# name 5 = avgsvCM: Average Sound Velocity [Chen-Millero, m/s]
# name 6 = prDM: Pressure, Digiquartz [db]
# name 7 = depSM: Depth [salt water, m]
# name 8 = t090C: Temperature [ITS-90, deg C]
# name 9 = t190C: Temperature, 2 [ITS-90, deg C]
# name 10 = T2-T190C: Temperature Difference, 2 - 1 [ITS-90, deg C]
# name 11 = potemp090C: Potential Temperature [ITS-90, deg C]
# name 12 = potemp190C: Potential Temperature, 2 [ITS-90, deg C]
# name 13 = potemp90Cdiff: Potential Temperature, Diff, 2 - 1 [ITS-90, deg C]
# name 14 = c0S/m: Conductivity [S/m]
# name 15 = c1S/m: Conductivity, 2 [S/m]
# name 16 = C2-C1S/m: Conductivity Difference, 2 - 1 [S/m]
# name 17 = sal00: Salinity, Practical [PSU]
# name 18 = sal11: Salinity, Practical, 2 [PSU]
# name 19 = sbeox0ML/L: Oxygen, SBE 43 [ml/l]
# name 20 = sigma-é00: Density [sigma-theta, kg/m^3]
# name 21 = sigma-é11: Density, 2 [sigma-theta, kg/m^3]
# name 22 = sal00: Salinity, Practical [PSU]
# name 23 = sigma-é00: Density [sigma-theta, kg/m^3]
# name 24 = svCM: Sound Velocity [Chen-Millero, m/s]
# name 25 = svCM1: Sound Velocity, 2 [Chen-Millero, m/s]
# name 26 = gsw_ptA0: potential temperature [ITS-90, deg C]
# name 27 = gsw_densityA0: density, TEOS-10 [density, kg/m^3]
# name 28 = gsw_saA0: Absolute Salinity [g/kg]
# name 29 = flag:
# span 0 =       9360,      37220       
# span 1 = 295.019490, 295.032926       
# span 2 =  -42.20603,  -42.19764       
# span 3 =  -53.45594,  -53.45446       
# span 4 =     -0.206,      1.606       
# span 5 =      -0.01,    1498.23       
# span 6 =      2.000,   1021.000       
# span 7 =      2.014,   1010.465       
# span 8 =     3.0839,    12.3926       
# span 9 =     3.0834,    12.3932       
# span 10 =    -0.1508,     0.0750      
# span 11 =     3.0140,    12.3919      
# span 12 =     3.0135,    12.3926      
# span 13 =    -0.1506,     0.0749      
# span 14 =   3.158412,   4.044301      
# span 15 =   3.158523,   4.044363      
# span 16 =  -0.014095,   0.006617      
# span 17 =    34.1153,    35.0691      
# span 18 =    34.1153,    35.0684      
# span 19 =     4.3503,     6.4786      
# span 20 =    26.3784,    27.3779      
# span 21 =    26.3791,    27.3782      
# span 22 =    34.1141,    35.0789      
# span 23 =    26.3785,    27.3779      
# span 24 =    1473.93,    1499.07      
# span 25 =    1473.93,    1499.07      
# span 26 =     3.0139,    12.3919      
# span 27 =  1026.3977,  1032.1067      
# span 28 =    34.2757,    35.2446      
# span 29 = 0.0000e+00, 0.0000e+00      
# interval = decibars: 1                
# start_time = Oct 22 2022 00:21:34 [NMEA time, header]
# bad_flag = -9.990e-29
*END*
[from data line 436]
      21894 295.025535  -42.20218  -53.45530      0.898    1482.65    438.000    434.097     4.7786     4.7793     0.0008     4.7449     4.7456     0.0008   3.274474   3.275187   0.000690    34.1697    34.1769     6.1593    27.0458    27.0515    34.1762    27.0510    1475.96    1475.97     4.7448  1029.0733    34.3386 0.0000e+00
      21929 295.025552  -42.20217  -53.45531      0.733    1482.65    439.000    435.087     4.7800     4.7808     0.0008     4.7462     4.7470     0.0008   3.275136   3.275219   0.000101    34.1762    34.1765     5.8919    27.0508    27.0510    34.1820    27.0554    1475.99    1475.99     4.7461  1029.0823    34.3443 0.0000e+00
      21970 295.025572  -42.20216  -53.45532      0.549    1482.65    440.000    436.077     4.7806     4.7814     0.0008     4.7467     4.7476     0.0008   3.275314   3.275428   0.000109    34.1787    34.1791     5.7487    27.0527    27.0529    34.1828    27.0561    1476.01    1476.01     4.7467  1029.0875    34.3452 0.0000e+00
      21997 295.025584  -42.20216  -53.45532      0.789    1482.65    441.000    437.067     4.7802     4.7807     0.0004     4.7463     4.7467     0.0004   3.275260   3.275388   0.000136    34.1785    34.1796     5.7581    27.0526    27.0535    34.1821    27.0555    1476.02    1476.03     4.7462  1029.0916    34.3445 0.0000e+00
      22017 295.025594  -42.20214  -53.45532      1.026    1482.65    442.000    438.057     4.7795     4.7794    -0.0001     4.7454     4.7454    -0.0001   3.275246   3.275283   0.000035    34.1791    34.1796     5.7671    27.0532    27.0536    34.1822    27.0557    1476.04    1476.04     4.7454  1029.0964    34.3446 0.0000e+00
      22036 295.025603  -42.20214  -53.45532      1.195    1482.65    443.000    439.047     4.7972     4.7879    -0.0093     4.7630     4.7537    -0.0093   3.277717   3.276810  -0.000819    34.1828    34.1830     5.7700    27.0542    27.0553    34.1921    27.0616    1476.14    1476.10     4.7629  1029.1066    34.3545 0.0000e+00
      22055 295.025612  -42.20214  -53.45532      1.266    1482.32    444.000    440.037     4.8326     4.8317    -0.0009     4.7982     4.7973    -0.0009   3.280922   3.280946  -0.000029    34.1881    34.1886     5.7654    27.0544    27.0550    34.1925    27.0579    1476.30    1476.30     4.7981  1029.1071    34.3549 0.0000e+00
      22075 295.025622  -42.20213  -53.45532      1.243    1481.71    445.000    441.027     4.8352     4.8348    -0.0004     4.8007     4.8003    -0.0004   3.281279   3.281247  -0.000039    34.1895    34.1895     5.7768    27.0553    27.0553    34.1934    27.0584    1476.33    1476.33     4.8006  1029.1122    34.3558 0.0000e+00
      22096 295.025632  -42.20212  -53.45532      1.173    1481.70    446.000    442.017     4.8419     4.8400    -0.0018     4.8073     4.8055    -0.0018   3.282189   3.282007  -0.000173    34.1917    34.1915     5.7716    27.0563    27.0564    34.1966    27.0602    1476.38    1476.37     4.8072  1029.1185    34.3590 0.0000e+00
      22121 295.025644  -42.20212  -53.45532      1.061    1481.70    447.000    443.007     4.8543     4.8529    -0.0014     4.8195     4.8182    -0.0014   3.283381   3.283397  -0.000007    34.1934    34.1947     5.7124    27.0563    27.0574    34.1972    27.0592    1476.44    1476.44     4.8195  1029.1220    34.3596 0.0000e+00
      22150 295.025658  -42.20211  -53.45532      0.882    1481.70    448.000    443.997     4.8585     4.8586     0.0000     4.8237     4.8237     0.0000   3.283706   3.283938   0.000236    34.1929    34.1956     5.6496    27.0554    27.0575    34.1960    27.0579    1476.48    1476.48     4.8236  1029.1252    34.3585 0.0000e+00
      22184 295.025675  -42.20210  -53.45532      0.708    1481.70    449.000    444.987     4.8611     4.8608    -0.0004     4.8262     4.8259    -0.0004   3.284202   3.284219   0.000022    34.1959    34.1965     5.6258    27.0575    27.0580    34.1986    27.0596    1476.51    1476.51     4.8261  1029.1315    34.3610 0.0000e+00
      22218 295.025691  -42.20209  -53.45532      0.705    1481.70    450.000    445.977     4.8603     4.8616     0.0014     4.8253     4.8266     0.0014   3.284163   3.284327   0.000146    34.1968    34.1971     5.6186    27.0583    27.0584    34.1985    27.0597    1476.52    1476.53     4.8252  1029.1361    34.3610 0.0000e+00
      22247 295.025705  -42.20208  -53.45532      0.788    1481.70    451.000    446.967     4.8490     4.8523     0.0033     4.8140     4.8173     0.0032   3.283102   3.283339   0.000238    34.1968    34.1962     5.6239    27.0596    27.0587    34.1973    27.0599    1476.49    1476.50     4.8139  1029.1411    34.3597 0.0000e+00
      22273 295.025718  -42.20207  -53.45532      0.885    1481.70    452.000    447.957     4.8406     4.8417     0.0011     4.8055     4.8066     0.0011   3.282371   3.282418   0.000043    34.1964    34.1958     5.6276    27.0602    27.0596    34.1970    27.0607    1476.47    1476.47     4.8054  1029.1465    34.3594 0.0000e+00
      22297 295.025729  -42.20206  -53.45532      0.962    1481.70    453.000    448.947     4.8388     4.8389     0.0002     4.8036     4.8038     0.0002   3.282251   3.282256   0.000015    34.1959    34.1959     5.6320    27.0600    27.0600    34.1969    27.0608    1476.48    1476.48     4.8036  1029.1513    34.3594 0.0000e+00
      22320 295.025740  -42.20205  -53.45532      1.019    1481.70    454.000    449.937     4.8419     4.8417    -0.0002     4.8066     4.8064    -0.0002   3.282600   3.282600  -0.000007    34.1965    34.1966     5.6371    27.0602    27.0603    34.1973    27.0608    1476.51    1476.51     4.8065  1029.1558    34.3597 0.0000e+00
      22342 295.025751  -42.20204  -53.45532      1.068    1481.70    455.000    450.927     4.8426     4.8422    -0.0004     4.8073     4.8069    -0.0004   3.282789   3.282776  -0.000006    34.1969    34.1973     5.6459    27.0604    27.0608    34.1982    27.0614    1476.53    1476.53     4.8072  1029.1610    34.3606 0.0000e+00
      22364 295.025761  -42.20204  -53.45532      1.097    1481.70    456.000    451.917     4.8457     4.8452    -0.0006     4.8103     4.8098    -0.0006   3.283113   3.283076  -0.000033    34.1977    34.1979     5.6471    27.0607    27.0610    34.1982    27.0611    1476.56    1476.56     4.8102  1029.1653    34.3607 0.0000e+00
      22387 295.025773  -42.20204  -53.45533      1.068    1481.70    457.000    452.907     4.8374     4.8388     0.0013     4.8020     4.8033     0.0013   3.282309   3.282461   0.000121    34.1975    34.1975     5.6399    27.0615    27.0613    34.1969    27.0610    1476.54    1476.55     4.8019  1029.1699    34.3594 0.0000e+00
      22414 295.025786  -42.20203  -53.45534      0.944    1481.70    458.000    453.897     4.8207     4.8247     0.0040     4.7852     4.7892     0.0040   3.280807   3.281055   0.000257    34.1974    34.1963     5.6247    27.0633    27.0620    34.1962    27.0623    1476.49    1476.50     4.7851  1029.1759    34.3586 0.0000e+00
      22441 295.025799  -42.20202  -53.45534      0.878    1481.70    459.000    454.887     4.8168     4.8163    -0.0005     4.7812     4.7807    -0.0005   3.280727   3.280541  -0.000173    34.1984    34.1969     5.6109    27.0645    27.0634    34.1988    27.0648    1476.49    1476.49     4.7811  1029.1831    34.3612 0.0000e+00
      22463 295.025809  -42.20202  -53.45534      0.977    1481.70    460.000    455.877     4.8169     4.8189     0.0019     4.7813     4.7832     0.0019   3.280524   3.280736   0.000136    34.1980    34.1976     5.6049    27.0642    27.0636    34.1957    27.0624    1476.50    1476.51     4.7812  1029.1852    34.3582 0.0000e+00
      22486 295.025820  -42.20202  -53.45534      1.077    1481.70    461.000    456.867     4.7862     4.7922     0.0059     4.7506     4.7566     0.0059   3.277633   3.278070   0.000442    34.1959    34.1950     5.6127    27.0660    27.0646    34.1932    27.0638    1476.39    1476.41     4.7505  1029.1916    34.3557 0.0000e+00
      22525 295.025839  -42.20200  -53.45534      0.691    1481.70    462.000    457.858     4.7609     4.7832     0.0223     4.7253     4.7475     0.0222   3.275334   3.277247   0.001880    34.1946    34.1935     5.6088    27.0678    27.0644    34.1921    27.0658    1476.30    1476.39     4.7252  1029.1985    34.3545 0.0000e+00
      22568 295.025860  -42.20198  -53.45534      0.501    1481.70    463.000    458.846     4.7416     4.7415    -0.0001     4.7060     4.7059    -0.0001   3.273439   3.273282  -0.000124    34.1921    34.1908     5.6060    27.0679    27.0669    34.1894    27.0658    1476.23    1476.23     4.7059  1029.2033    34.3518 0.0000e+00
      22590 295.025871  -42.20196  -53.45534      0.869    1481.70    464.000    459.837     4.7305     4.7309     0.0004     4.6949     4.6953     0.0004   3.272537   3.272402  -0.000141    34.1923    34.1903     5.6171    27.0693    27.0677    34.1898    27.0673    1476.21    1476.21     4.6948  1029.2096    34.3523 0.0000e+00
      22608 295.025879  -42.20196  -53.45534      1.153    1481.70    465.000    460.826     4.7271     4.7280     0.0009     4.6914     4.6923     0.0009   3.272056   3.272153   0.000092    34.1898    34.1900     5.6296    27.0677    27.0678    34.1872    27.0656    1476.21    1476.21     4.6913  1029.2126    34.3496 0.0000e+00
      22625 295.025887  -42.20196  -53.45534      1.348    1481.70    466.000    461.816     4.7202     4.7209     0.0008     4.6844     4.6852     0.0008   3.271433   3.271513   0.000097    34.1889    34.1892     5.6412    27.0678    27.0680    34.1866    27.0660    1476.19    1476.20     4.6843  1029.2175    34.3491 0.0000e+00
      22642 295.025895  -42.20196  -53.45534      1.426    1481.70    467.000    462.806     4.7114     4.7131     0.0017     4.6756     4.6773     0.0017   3.270521   3.270719   0.000194    34.1878    34.1883     5.6392    27.0679    27.0681    34.1844    27.0652    1476.17    1476.18     4.6755  1029.2215    34.3469 0.0000e+00
      22670 295.025909  -42.20195  -53.45534      1.075    1481.70    468.000    463.796     4.6984     4.7034     0.0050     4.6626     4.6675     0.0049   3.269472   3.270018   0.000482    34.1874    34.1879     5.6360    27.0690    27.0689    34.1851    27.0672    1476.14    1476.16     4.6625  1029.2282    34.3476 0.0000e+00
      22707 295.025927  -42.20194  -53.45534      0.611    1481.70    469.000    464.786     4.7003     4.7040     0.0036     4.6644     4.6680     0.0036   3.269854   3.270026   0.000277    34.1880    34.1875     5.6406    27.0693    27.0685    34.1871    27.0686    1476.16    1476.17     4.6643  1029.2342    34.3496 0.0000e+00
      22732 295.025939  -42.20194  -53.45536      0.840    1481.70    470.000    465.776     4.7084     4.7088     0.0004     4.6723     4.6727     0.0004   3.270663   3.270741   0.000092    34.1883    34.1889     5.6524    27.0686    27.0691    34.1877    27.0682    1476.21    1476.21     4.6723  1029.2383    34.3502 0.0000e+00
      22753 295.025949  -42.20194  -53.45536      1.036    1481.70    471.000    466.766     4.7115     4.7119     0.0004     4.6753     4.6757     0.0004   3.271006   3.271070   0.000070    34.1889    34.1894     5.6616    27.0688    27.0691    34.1880    27.0681    1476.24    1476.24     4.6753  1029.2427    34.3505 0.0000e+00
      22776 295.025960  -42.20193  -53.45536      1.098    1481.70    472.000    467.756     4.7082     4.7090     0.0007     4.6721     4.6727     0.0007   3.270793   3.270836   0.000055    34.1892    34.1891     5.6577    27.0694    27.0693    34.1884    27.0687    1476.24    1476.25     4.6719  1029.2480    34.3508 0.0000e+00
      22806 295.025975  -42.20192  -53.45536      0.880    1481.70    473.000    468.745     4.7055     4.7073     0.0017     4.6693     4.6710     0.0017   3.270577   3.270719   0.000132    34.1893    34.1890     5.6439    27.0698    27.0694    34.1881    27.0688    1476.25    1476.26     4.6692  1029.2527    34.3506 0.0000e+00
      22842 295.025992  -42.20190  -53.45536      0.668    1481.70    474.000    469.735     4.6952     4.6981     0.0030     4.6589     4.6618     0.0030   3.269662   3.269863   0.000208    34.1893    34.1886     5.6441    27.0709    27.0701    34.1876    27.0696    1476.22    1476.23     4.6588  1029.2582    34.3501 0.0000e+00
      22873 295.026007  -42.20189  -53.45536      0.735    1481.70    475.000    470.725     4.6856     4.6865     0.0010     4.6492     4.6502     0.0010   3.268887   3.268888   0.000018    34.1892    34.1884     5.6476    27.0719    27.0712    34.1880    27.0709    1476.20    1476.20     4.6491  1029.2643    34.3505 0.0000e+00
      22898 295.026019  -42.20188  -53.45536      0.889    1481.70    476.000    471.715     4.6832     4.6837     0.0005     4.6468     4.6473     0.0005   3.268725   3.268712  -0.000011    34.1889    34.1883     5.6475    27.0720    27.0714    34.1880    27.0712    1476.21    1476.21     4.6467  1029.2692    34.3505 0.0000e+00
      22918 295.026029  -42.20188  -53.45536      1.060    1481.70    477.000    472.705     4.6800     4.6806     0.0007     4.6435     4.6441     0.0007   3.268396   3.268437   0.000040    34.1890    34.1888     5.6471    27.0724    27.0722    34.1870    27.0708    1476.21    1476.21     4.6434  1029.2734    34.3495 0.0000e+00
      22938 295.026038  -42.20187  -53.45536      1.188    1481.70    478.000    473.695     4.6645     4.6661     0.0017     4.6280     4.6296     0.0016   3.266912   3.267046   0.000131    34.1880    34.1878     5.6453    27.0733    27.0729    34.1852    27.0711    1476.16    1476.17     4.6279  1029.2784    34.3477 0.0000e+00
      22958 295.026048  -42.20186  -53.45536      1.207    1481.70    479.000    474.685     4.6545     4.6554     0.0009     4.6180     4.6189     0.0009   3.266074   3.266178   0.000109    34.1870    34.1874     5.6471    27.0736    27.0738    34.1851    27.0722    1476.14    1476.14     4.6179  1029.2842    34.3476 0.0000e+00
      22981 295.026059  -42.20186  -53.45536      1.111    1481.70    480.000    475.675     4.6521     4.6525     0.0004     4.6155     4.6159     0.0004   3.265884   3.265951   0.000075    34.1865    34.1869     5.6417    27.0735    27.0738    34.1849    27.0723    1476.14    1476.14     4.6154  1029.2890    34.3474 0.0000e+00
      23004 295.026070  -42.20186  -53.45536      1.047    1481.70    481.000    476.664     4.6481     4.6489     0.0008     4.6114     4.6122     0.0008   3.265514   3.265628   0.000107    34.1860    34.1865     5.6311    27.0735    27.0738    34.1842    27.0721    1476.14    1476.15     4.6113  1029.2934    34.3467 0.0000e+00
      23025 295.026080  -42.20184  -53.45538      1.088    1481.70    482.000    477.654     4.6408     4.6423     0.0015     4.6041     4.6055     0.0015   3.264865   3.265039   0.000177    34.1856    34.1861     5.6237    27.0740    27.0743    34.1837    27.0725    1476.13    1476.13     4.6040  1029.2985    34.3462 0.0000e+00
      23047 295.026091  -42.20184  -53.45538      1.128    1481.70    483.000    478.644     4.6298     4.6338     0.0040     4.5930     4.5970     0.0040   3.263836   3.264251   0.000378    34.1852    34.1855     5.6253    27.0750    27.0747    34.1825    27.0728    1476.10    1476.11     4.5929  1029.3036    34.3450 0.0000e+00
      23103 295.026118  -42.20183  -53.45537      0.477    1481.70    484.000    479.633     4.6109     4.6267     0.0158     4.5741     4.5898     0.0157   3.262250   3.263650   0.001346    34.1853    34.1848     5.6353    27.0771    27.0750    34.1830    27.0752    1476.04    1476.10     4.5740  1029.3108    34.3454 0.0000e+00
