Pos-Processados/process_op41/Processamento_split/down/doperantar41_008.cnv
* Sea-Bird SBE 9 Data File:
* FileName = C:\Users\Dell\Desktop\OperantarXLI\config\00_BRUTOS\OP41008.hdr
* Software Version Seasave V 7.26.7.110
* Temperature SN = 6497
* Conductivity SN = 4954
* Number of Bytes Per Scan = 31
* Number of Voltage Words = 2
* Number of Scans Averaged by the Deck Unit = 1
* NMEA Latitude = 42 30.30 S
* NMEA Longitude = 052 37.08 W
* NMEA UTC (Time) = Oct 22 2022 23:44:28
* NMEA baud rate = 4800
** H41
** Navio Polar Almirante Maximiano
** LH-021/2022
** Operantar XLI
** Número da Estação 008
** Latitude 42 30.175S
** Longitude 52 36.384
** Data/Hora (Z) 22/10/2022 2343Z
** Profundidade local 5665
** 09-1439
** Nome do Operador 1T FILIPE LOPES
# nquan = 30
# nvalues = 1020                        
# units = specified
# name 0 = scan: Scan Count
# name 1 = timeJ: Julian Days
# name 2 = latitude: Latitude [deg]
# name 3 = longitude: Longitude [deg]
# name 4 = dz/dtM: Descent Rate [m/s]
# name 5 = avgsvCM: Average Sound Velocity [Chen-Millero, m/s]
# name 6 = prDM: Pressure, Digiquartz [db]
# name 7 = depSM: Depth [salt water, m]
# name 8 = t090C: Temperature [ITS-90, deg C]
# name 9 = t190C: Temperature, 2 [ITS-90, deg C]
# name 10 = T2-T190C: Temperature Difference, 2 - 1 [ITS-90, deg C]
# name 11 = potemp090C: Potential Temperature [ITS-90, deg C]
# name 12 = potemp190C: Potential Temperature, 2 [ITS-90, deg C]
# name 13 = potemp90Cdiff: Potential Temperature, Diff, 2 - 1 [ITS-90, deg C]
# name 14 = c0S/m: Conductivity [S/m]
# name 15 = c1S/m: Conductivity, 2 [S/m]
# name 16 = C2-C1S/m: Conductivity Difference, 2 - 1 [S/m]
# name 17 = sal00: Salinity, Practical [PSU]
# name 18 = sal11: Salinity, Practical, 2 [PSU]
# name 19 = sbeox0ML/L: Oxygen, SBE 43 [ml/l]
# name 20 = sigma-é00: Density [sigma-theta, kg/m^3]
# name 21 = sigma-é11: Density, 2 [sigma-theta, kg/m^3]
# name 22 = sal00: Salinity, Practical [PSU]
# name 23 = sigma-é00: Density [sigma-theta, kg/m^3]
# name 24 = svCM: Sound Velocity [Chen-Millero, m/s]
# name 25 = svCM1: Sound Velocity, 2 [Chen-Millero, m/s]
# name 26 = gsw_ptA0: potential temperature [ITS-90, deg C]
# name 27 = gsw_densityA0: density, TEOS-10 [density, kg/m^3]
# name 28 = gsw_saA0: Absolute Salinity [g/kg]
# name 29 = flag:
# span 0 =        685,      30948       
# span 1 = 295.989543, 296.004137       
# span 2 =  -42.50696,  -42.50512       
# span 3 =  -52.63620,  -52.61845       
# span 4 =     -0.022,      1.598       
# span 5 =       0.00,    1505.49       
# span 6 =      4.000,   1023.000       
# span 7 =      3.968,   1012.426       
# span 8 =     3.0793,    14.0842       
# span 9 =     3.0797,    14.0836       
# span 10 =    -0.0551,     0.0808      
# span 11 =     3.0093,    14.0836      
# span 12 =     3.0098,    14.0828      
# span 13 =    -0.0551,     0.0803      
# span 14 =   3.164818,   4.176686      
# span 15 =   3.164845,   4.176675      
# span 16 =  -0.005189,   0.007203      
# span 17 =    34.1376,    35.0501      
# span 18 =    34.1375,    35.0494      
# span 19 =     4.3730,     6.1822      
# span 20 =    25.9859,    27.3631      
# span 21 =    25.9861,    27.3627      
# span 22 =    34.1363,    35.0462      
# span 23 =    25.9858,    27.3629      
# span 24 =    1474.79,    1503.61      
# span 25 =    1474.79,    1503.61      
# span 26 =     3.0092,    14.0836      
# span 27 =  1026.0083,  1032.1001      
# span 28 =    34.2985,    35.2117      
# span 29 = 0.0000e+00, 0.0000e+00      
# interval = decibars: 1                
# start_time = Oct 22 2022 23:44:28 [NMEA time, header]
# bad_flag = -9.990e-29
*END*
[from data line 291]
       7815 295.992981  -42.50584  -52.62219      0.970    1488.24    295.000    292.464     5.3062     5.3048    -0.0014     5.2826     5.2812    -0.0014   3.314462   3.314351  -0.000123    34.1718    34.1719     6.0081    26.9858    26.9860    34.1705    26.9848    1475.75    1475.75     5.2826  1028.3453    34.3324 0.0000e+00
       7832 295.992989  -42.50584  -52.62220      1.232    1488.24    296.000    293.454     5.3028     5.3018    -0.0010     5.2791     5.2782    -0.0010   3.314128   3.313982  -0.000118    34.1718    34.1714     6.0036    26.9862    26.9860    34.1697    26.9845    1475.75    1475.75     5.2791  1028.3496    34.3315 0.0000e+00
       7847 295.992997  -42.50584  -52.62222      1.414    1488.24    297.000    294.445     5.2958     5.2942    -0.0015     5.2720     5.2705    -0.0015   3.313547   3.313375  -0.000169    34.1718    34.1715     6.0035    26.9871    26.9869    34.1697    26.9853    1475.74    1475.74     5.2720  1028.3551    34.3315 0.0000e+00
       7862 295.993004  -42.50584  -52.62222      1.519    1488.24    298.000    295.436     5.2880     5.2849    -0.0031     5.2642     5.2611    -0.0031   3.312828   3.312456  -0.000349    34.1713    34.1705     6.0049    26.9876    26.9872    34.1688    26.9856    1475.73    1475.71     5.2641  1028.3600    34.3307 0.0000e+00
       7877 295.993011  -42.50584  -52.62224      1.582    1488.24    299.000    296.427     5.2754     5.2714    -0.0040     5.2515     5.2475    -0.0040   3.311616   3.311167  -0.000495    34.1709    34.1693     6.0063    26.9887    26.9879    34.1673    26.9859    1475.69    1475.67     5.2515  1028.3650    34.3292 0.0000e+00
       7901 295.993023  -42.50584  -52.62224      1.321    1488.24    300.000    297.417     5.2813     5.2775    -0.0037     5.2573     5.2536    -0.0037   3.312336   3.311850  -0.000418    34.1703    34.1693     6.0014    26.9875    26.9872    34.1691    26.9866    1475.73    1475.71     5.2572  1028.3702    34.3309 0.0000e+00
       7945 295.993044  -42.50585  -52.62225      0.525    1488.24    301.000    298.404     5.2257     5.2544     0.0288     5.2018     5.2305     0.0287   3.306522   3.309184   0.002467    34.1660    34.1650     6.0249    26.9907    26.9865    34.1586    26.9848    1475.51    1475.63     5.2017  1028.3735    34.3203 0.0000e+00
       7980 295.993061  -42.50586  -52.62229      0.635    1488.24    302.000    299.407     5.1720     5.1623    -0.0097     5.1482     5.1385    -0.0096   3.301735   3.300565  -0.001066    34.1613    34.1589     6.0321    26.9932    26.9924    34.1578    26.9904    1475.31    1475.26     5.1481  1028.3841    34.3196 0.0000e+00
       8007 295.993074  -42.50586  -52.62231      0.832    1488.24    303.000    300.390     5.1712     5.1604    -0.0109     5.1473     5.1364    -0.0108   3.301496   3.300328  -0.001071    34.1593    34.1581     6.0499    26.9917    26.9920    34.1554    26.9886    1475.32    1475.27     5.1472  1028.3869    34.3172 0.0000e+00
       8031 295.993086  -42.50586  -52.62233      0.951    1488.24    304.000    301.380     5.1506     5.1317    -0.0189     5.1266     5.1078    -0.0188   3.299431   3.297490  -0.001941    34.1576    34.1546     6.0862    26.9928    26.9926    34.1522    26.9885    1475.24    1475.16     5.1266  1028.3915    34.3139 0.0000e+00
       8053 295.993096  -42.50586  -52.62234      1.029    1488.24    305.000    302.371     5.1394     5.1237    -0.0158     5.1154     5.0997    -0.0158   3.298465   3.296893  -0.001558    34.1558    34.1540     6.1067    26.9927    26.9931    34.1519    26.9896    1475.22    1475.15     5.1154  1028.3973    34.3137 0.0000e+00
       8074 295.993106  -42.50586  -52.62234      1.114    1488.24    306.000    303.361     5.1273     5.1190    -0.0083     5.1033     5.0950    -0.0083   3.297479   3.296518  -0.000988    34.1563    34.1535     6.1113    26.9945    26.9932    34.1524    26.9914    1475.18    1475.15     5.1032  1028.4038    34.3142 0.0000e+00
       8091 295.993114  -42.50586  -52.62234      1.231    1488.24    307.000    304.352     5.1181     5.1148    -0.0033     5.0940     5.0907    -0.0033   3.296495   3.296062  -0.000480    34.1546    34.1524     6.1037    26.9942    26.9928    34.1500    26.9906    1475.16    1475.15     5.0939  1028.4077    34.3118 0.0000e+00
       8107 295.993122  -42.50586  -52.62235      1.379    1488.24    308.000    305.343     5.1105     5.1076    -0.0029     5.0863     5.0834    -0.0029   3.295784   3.295422  -0.000368    34.1532    34.1519     6.0987    26.9940    26.9933    34.1491    26.9907    1475.14    1475.13     5.0862  1028.4125    34.3109 0.0000e+00
       8122 295.993129  -42.50586  -52.62236      1.508    1488.24    309.000    306.333     5.1000     5.0991    -0.0009     5.0758     5.0749    -0.0009   3.294814   3.294639  -0.000193    34.1524    34.1511     6.1012    26.9945    26.9936    34.1481    26.9912    1475.12    1475.11     5.0757  1028.4176    34.3099 0.0000e+00
       8137 295.993137  -42.50586  -52.62238      1.569    1488.24    310.000    307.324     5.0929     5.0926    -0.0003     5.0686     5.0683    -0.0003   3.294220   3.294180  -0.000094    34.1516    34.1509     6.1048    26.9948    26.9942    34.1480    26.9919    1475.10    1475.10     5.0686  1028.4230    34.3098 0.0000e+00
       8167 295.993151  -42.50587  -52.62239      1.113    1488.24    311.000    308.310     5.0989     5.1008     0.0019     5.0745     5.0764     0.0019   3.294870   3.295050   0.000180    34.1512    34.1514     6.1064    26.9938    26.9937    34.1489    26.9919    1475.15    1475.15     5.0744  1028.4276    34.3107 0.0000e+00
       8227 295.993180  -42.50588  -52.62242      0.292    1488.24    312.000    309.311     5.0756     5.0746    -0.0010     5.0512     5.0502    -0.0009   3.292576   3.292263  -0.000276    34.1499    34.1477     6.1165    26.9954    26.9938    34.1458    26.9921    1475.06    1475.06     5.0511  1028.4326    34.3076 0.0000e+00
       8257 295.993195  -42.50588  -52.62244      0.661    1488.24    313.000    310.295     5.0492     5.0458    -0.0034     5.0248     5.0214    -0.0034   3.290250   3.289807  -0.000462    34.1484    34.1466     6.1369    26.9973    26.9962    34.1454    26.9949    1474.97    1474.96     5.0247  1028.4401    34.3072 0.0000e+00
       8277 295.993204  -42.50588  -52.62245      0.991    1488.24    314.000    311.286     5.0486     5.0453    -0.0033     5.0241     5.0208    -0.0033   3.290146   3.289815  -0.000335    34.1473    34.1468     6.1387    26.9964    26.9964    34.1444    26.9941    1474.98    1474.97     5.0240  1028.4440    34.3061 0.0000e+00
       8295 295.993213  -42.50588  -52.62247      1.213    1488.24    315.000    312.277     5.0374     5.0348    -0.0026     5.0128     5.0103    -0.0026   3.289133   3.288821  -0.000292    34.1472    34.1465     6.1448    26.9976    26.9974    34.1436    26.9948    1474.95    1474.94     5.0128  1028.4493    34.3053 0.0000e+00
       8314 295.993222  -42.50588  -52.62248      1.319    1488.24    316.000    313.268     5.0319     5.0270    -0.0048     5.0072     5.0024    -0.0048   3.288701   3.288274  -0.000427    34.1467    34.1468     6.1516    26.9979    26.9985    34.1438    26.9956    1474.95    1474.93     5.0072  1028.4548    34.3055 0.0000e+00
       8334 295.993232  -42.50588  -52.62248      1.273    1488.24    317.000    314.258     5.0303     5.0216    -0.0088     5.0056     4.9969    -0.0087   3.288558   3.287816  -0.000733    34.1460    34.1465     6.1519    26.9975    26.9989    34.1432    26.9953    1474.96    1474.92     5.0056  1028.4591    34.3049 0.0000e+00
       8355 295.993242  -42.50588  -52.62250      1.154    1488.24    318.000    315.248     5.0174     5.0131    -0.0043     4.9926     4.9883    -0.0043   3.287518   3.287024  -0.000471    34.1466    34.1455     6.1620    26.9995    26.9991    34.1439    26.9973    1474.92    1474.90     4.9926  1028.4658    34.3057 0.0000e+00
       8376 295.993252  -42.50588  -52.62251      1.142    1488.24    319.000    316.239     5.0114     5.0070    -0.0044     4.9865     4.9822    -0.0043   3.286876   3.286456  -0.000440    34.1454    34.1447     6.1665    26.9992    26.9992    34.1421    26.9966    1474.91    1474.89     4.9865  1028.4698    34.3039 0.0000e+00
       8395 295.993261  -42.50588  -52.62252      1.205    1488.24    320.000    317.230     5.0059     5.0026    -0.0033     4.9810     4.9777    -0.0033   3.286529   3.286161  -0.000370    34.1454    34.1444     6.1674    26.9998    26.9995    34.1432    26.9982    1474.91    1474.89     4.9809  1028.4759    34.3050 0.0000e+00
       8416 295.993271  -42.50589  -52.62253      1.215    1488.24    321.000    318.220     5.0061     5.0022    -0.0039     4.9812     4.9773    -0.0039   3.286640   3.286207  -0.000434    34.1454    34.1445     6.1637    26.9999    26.9996    34.1437    26.9985    1474.93    1474.91     4.9811  1028.4809    34.3055 0.0000e+00
       8446 295.993286  -42.50590  -52.62255      0.933    1486.51    322.000    319.211     5.0112     5.0099    -0.0013     4.9861     4.9848    -0.0013   3.287018   3.286893  -0.000152    34.1440    34.1437     6.1592    26.9982    26.9981    34.1424    26.9969    1474.96    1474.96     4.9861  1028.4839    34.3042 0.0000e+00
       8490 295.993307  -42.50590  -52.62257      0.515    1485.77    323.000    320.202     4.9961     5.0001     0.0040     4.9710     4.9750     0.0040   3.285627   3.285907   0.000287    34.1435    34.1427     6.1601    26.9995    26.9985    34.1413    26.9978    1474.91    1474.93     4.9709  1028.4894    34.3031 0.0000e+00
       8521 295.993322  -42.50590  -52.62258      0.684    1485.81    324.000    321.192     4.9769     4.9763    -0.0006     4.9518     4.9512    -0.0006   3.283943   3.283713  -0.000222    34.1443    34.1424     6.1675    27.0023    27.0009    34.1410    26.9997    1474.85    1474.85     4.9517  1028.4961    34.3027 0.0000e+00
       8541 295.993331  -42.50590  -52.62259      0.962    1485.81    325.000    322.183     4.9670     4.9637    -0.0032     4.9418     4.9386    -0.0032   3.283218   3.282798  -0.000392    34.1442    34.1429     6.1596    27.0034    27.0028    34.1423    27.0019    1474.83    1474.82     4.9417  1028.5030    34.3040 0.0000e+00
       8558 295.993340  -42.50590  -52.62260      1.211    1485.81    326.000    323.173     4.9659     4.9606    -0.0052     4.9406     4.9354    -0.0052   3.283090   3.282561  -0.000541    34.1437    34.1428     6.1588    27.0031    27.0030    34.1414    27.0013    1474.84    1474.82     4.9405  1028.5070    34.3032 0.0000e+00
       8576 295.993348  -42.50590  -52.62262      1.368    1485.81    327.000    324.164     4.9654     4.9605    -0.0049     4.9401     4.9352    -0.0049   3.283081   3.282633  -0.000475    34.1430    34.1425     6.1638    27.0026    27.0028    34.1412    27.0012    1474.86    1474.83     4.9400  1028.5116    34.3030 0.0000e+00
       8600 295.993360  -42.50590  -52.62264      1.215    1485.81    328.000    325.154     4.9645     4.9659     0.0015     4.9390     4.9405     0.0015   3.283066   3.283132   0.000052    34.1429    34.1420     6.1734    27.0027    27.0018    34.1415    27.0016    1474.87    1474.87     4.9390  1028.5165    34.3033 0.0000e+00
       8638 295.993378  -42.50590  -52.62265      0.629    1485.81    329.000    326.145     4.9536     4.9574     0.0038     4.9282     4.9319     0.0037   3.282007   3.282322   0.000302    34.1421    34.1417     6.1736    27.0033    27.0026    34.1399    27.0015    1474.84    1474.85     4.9281  1028.5211    34.3016 0.0000e+00
       8667 295.993392  -42.50590  -52.62266      0.725    1485.81    330.000    327.135     4.9478     4.9477    -0.0001     4.9223     4.9221    -0.0001   3.281656   3.281603  -0.000053    34.1426    34.1421     6.1803    27.0044    27.0040    34.1413    27.0033    1474.83    1474.83     4.9222  1028.5276    34.3031 0.0000e+00
       8686 295.993401  -42.50590  -52.62267      0.999    1485.81    331.000    328.126     4.9484     4.9479    -0.0004     4.9227     4.9223    -0.0004   3.281800   3.281771  -0.000030    34.1428    34.1429     6.1777    27.0045    27.0046    34.1419    27.0037    1474.85    1474.85     4.9226  1028.5326    34.3037 0.0000e+00
       8703 295.993409  -42.50590  -52.62268      1.245    1485.81    332.000    329.116     4.9494     4.9493    -0.0001     4.9237     4.9235    -0.0001   3.281985   3.281987  -0.000007    34.1433    34.1433     6.1789    27.0047    27.0048    34.1424    27.0040    1474.87    1474.87     4.9236  1028.5375    34.3042 0.0000e+00
       8718 295.993417  -42.50590  -52.62270      1.432    1485.81    333.000    330.107     4.9508     4.9512     0.0003     4.9250     4.9254     0.0003   3.282195   3.282246   0.000049    34.1436    34.1438     6.1822    27.0048    27.0049    34.1429    27.0043    1474.90    1474.90     4.9249  1028.5423    34.3047 0.0000e+00
       8733 295.993424  -42.50591  -52.62271      1.539    1485.81    334.000    331.097     4.9518     4.9522     0.0004     4.9259     4.9263     0.0004   3.282332   3.282381   0.000046    34.1437    34.1438     6.1800    27.0048    27.0048    34.1429    27.0042    1474.92    1474.92     4.9259  1028.5468    34.3047 0.0000e+00
       8751 295.993433  -42.50592  -52.62273      1.518    1485.81    335.000    332.088     4.9519     4.9524     0.0005     4.9260     4.9264     0.0005   3.282368   3.282384   0.000019    34.1435    34.1432     6.1772    27.0046    27.0044    34.1427    27.0040    1474.93    1474.94     4.9259  1028.5512    34.3045 0.0000e+00
       8792 295.993452  -42.50593  -52.62274      0.724    1485.81    336.000    333.078     4.9526     4.9527     0.0001     4.9266     4.9266     0.0001   3.282505   3.282481  -0.000024    34.1436    34.1432     6.1575    27.0046    27.0043    34.1431    27.0043    1474.95    1474.95     4.9265  1028.5561    34.3049 0.0000e+00
       8839 295.993475  -42.50594  -52.62276      0.471    1485.81    337.000    334.069     4.9542     4.9547     0.0004     4.9281     4.9285     0.0004   3.282774   3.282799   0.000019    34.1442    34.1440     6.1606    27.0050    27.0048    34.1440    27.0048    1474.98    1474.98     4.9280  1028.5612    34.3058 0.0000e+00
       8866 295.993488  -42.50594  -52.62278      0.756    1485.81    338.000    335.059     4.9567     4.9570     0.0003     4.9304     4.9308     0.0003   3.283104   3.283136   0.000028    34.1448    34.1448     6.1625    27.0051    27.0051    34.1448    27.0052    1475.01    1475.01     4.9304  1028.5662    34.3066 0.0000e+00
       8885 295.993497  -42.50594  -52.62280      1.036    1485.81    339.000    336.050     4.9587     4.9592     0.0005     4.9324     4.9329     0.0005   3.283359   3.283461   0.000095    34.1453    34.1458     6.1656    27.0053    27.0057    34.1452    27.0053    1475.03    1475.03     4.9323  1028.5708    34.3070 0.0000e+00
       8903 295.993506  -42.50594  -52.62281      1.249    1485.81    340.000    337.040     4.9565     4.9564    -0.0002     4.9302     4.9300    -0.0002   3.283211   3.283181  -0.000001    34.1457    34.1458     6.1649    27.0059    27.0060    34.1452    27.0055    1475.04    1475.04     4.9301  1028.5757    34.3070 0.0000e+00
       8922 295.993515  -42.50594  -52.62282      1.312    1485.81    341.000    338.031     4.9535     4.9527    -0.0008     4.9271     4.9263    -0.0008   3.283047   3.282971  -0.000097    34.1461    34.1457     6.1591    27.0065    27.0064    34.1459    27.0064    1475.04    1475.04     4.9270  1028.5812    34.3077 0.0000e+00
