Pos-Processados/process_op41/Processamento_split/down/doperantar41_006.cnv
* Sea-Bird SBE 9 Data File:
* FileName = C:\Users\Dell\Desktop\OperantarXLI\config\00_BRUTOS\OP41006.hdr
* Software Version Seasave V 7.26.7.110
* Temperature SN = 6497
* Conductivity SN = 4954
* Number of Bytes Per Scan = 31
* Number of Voltage Words = 2
* Number of Scans Averaged by the Deck Unit = 1
* NMEA Latitude = 42 12.54 S
* NMEA Longitude = 053 27.22 W
* NMEA UTC (Time) = Oct 22 2022 00:21:34
* NMEA baud rate = 4800
** H41
** Navio Polar Almirante Maximiano
** LH-021/2022
** Operantar XLI
** Número da Estação 006
** Latitude 42 12.640'S
** Longitude 053 27.212W
** Data/Hora (Z) 22/10/2022 00:19
** Profundidade local 5571 m
** 09-1439
** Nome do Operador CT Garla
# nquan = 30
# nvalues = 1020                        
# units = specified
# name 0 = scan: Scan Count
# name 1 = timeJ: Julian Days
# name 2 = latitude: Latitude [deg]
# name 3 = longitude: Longitude [deg]
# name 4 = dz/dtM: Descent Rate [m/s]
# name 5 = avgsvCM: Average Sound Velocity [Chen-Millero, m/s]
# name 6 = prDM: Pressure, Digiquartz [db]
# name 7 = depSM: Depth [salt water, m]
# name 8 = t090C: Temperature [ITS-90, deg C]
# name 9 = t190C: Temperature, 2 [ITS-90, deg C]
# name 10 = T2-T190C: Temperature Difference, 2 - 1 [ITS-90, deg C]
# name 11 = potemp090C: Potential Temperature [ITS-90, deg C]
# name 12 = potemp190C: Potential Temperature, 2 [ITS-90, deg C]
# name 13 = potemp90Cdiff: Potential Temperature, Diff, 2 - 1 [ITS-90, deg C]
# name 14 = c0S/m: Conductivity [S/m]
# name 15 = c1S/m: Conductivity, 2 [S/m]
# name 16 = C2-C1S/m: Conductivity Difference, 2 - 1 [S/m]
# name 17 = sal00: Salinity, Practical [PSU]
# name 18 = sal11: Salinity, Practical, 2 [PSU]
# name 19 = sbeox0ML/L: Oxygen, SBE 43 [ml/l]
# name 20 = sigma-é00: Density [sigma-theta, kg/m^3]
# name 21 = sigma-é11: Density, 2 [sigma-theta, kg/m^3]
# name 22 = sal00: Salinity, Practical [PSU]
# name 23 = sigma-é00: Density [sigma-theta, kg/m^3]
# name 24 = svCM: Sound Velocity [Chen-Millero, m/s]
# name 25 = svCM1: Sound Velocity, 2 [Chen-Millero, m/s]
# name 26 = gsw_ptA0: potential temperature [ITS-90, deg C]
# name 27 = gsw_densityA0: density, TEOS-10 [density, kg/m^3]
# name 28 = gsw_saA0: Absolute Salinity [g/kg]
# name 29 = flag:
# span 0 =       9360,      37220       
# span 1 = 295.019490, 295.032926       
# span 2 =  -42.20603,  -42.19764       
# span 3 =  -53.45594,  -53.45446       
# span 4 =     -0.206,      1.606       
# span 5 =      -0.01,    1498.23       
# span 6 =      2.000,   1021.000       
# span 7 =      2.014,   1010.465       
# span 8 =     3.0839,    12.3926       
# span 9 =     3.0834,    12.3932       
# span 10 =    -0.1508,     0.0750      
# span 11 =     3.0140,    12.3919      
# span 12 =     3.0135,    12.3926      
# span 13 =    -0.1506,     0.0749      
# span 14 =   3.158412,   4.044301      
# span 15 =   3.158523,   4.044363      
# span 16 =  -0.014095,   0.006617      
# span 17 =    34.1153,    35.0691      
# span 18 =    34.1153,    35.0684      
# span 19 =     4.3503,     6.4786      
# span 20 =    26.3784,    27.3779      
# span 21 =    26.3791,    27.3782      
# span 22 =    34.1141,    35.0789      
# span 23 =    26.3785,    27.3779      
# span 24 =    1473.93,    1499.07      
# span 25 =    1473.93,    1499.07      
# span 26 =     3.0139,    12.3919      
# span 27 =  1026.3977,  1032.1067      
# span 28 =    34.2757,    35.2446      
# span 29 = 0.0000e+00, 0.0000e+00      
# interval = decibars: 1                
# start_time = Oct 22 2022 00:21:34 [NMEA time, header]
# bad_flag = -9.990e-29
*END*
[from data line 532]
      24385 295.026736  -42.20144  -53.45544      0.931    1481.07    534.000    529.119     4.3666     4.3676     0.0010     4.3269     4.3278     0.0010   3.242721   3.242796   0.000076    34.1812    34.1812     5.6550    27.1006    27.1004    34.1810    27.1004    1475.85    1475.85     4.3268  1029.5689    34.3437 0.0000e+00
      24421 295.026753  -42.20142  -53.45544      0.652    1481.07    535.000    530.109     4.3645     4.3651     0.0005     4.3247     4.3252     0.0005   3.242565   3.242591   0.000024    34.1810    34.1808     5.6396    27.1007    27.1004    34.1809    27.1005    1475.85    1475.86     4.3246  1029.5737    34.3435 0.0000e+00
      24446 295.026766  -42.20141  -53.45544      0.811    1481.07    536.000    531.099     4.3626     4.3639     0.0014     4.3226     4.3240     0.0014   3.242408   3.242531   0.000124    34.1808    34.1808     5.6331    27.1007    27.1006    34.1805    27.1005    1475.86    1475.87     4.3226  1029.5783    34.3432 0.0000e+00
      24466 295.026775  -42.20140  -53.45544      1.057    1481.07    537.000    532.088     4.3600     4.3604     0.0004     4.3200     4.3205     0.0004   3.242177   3.242226   0.000045    34.1805    34.1806     5.6346    27.1007    27.1008    34.1800    27.1003    1475.87    1475.87     4.3199  1029.5827    34.3426 0.0000e+00
      24483 295.026783  -42.20140  -53.45544      1.256    1481.07    538.000    533.078     4.3584     4.3583    -0.0000     4.3183     4.3183    -0.0000   3.242163   3.242171   0.000023    34.1805    34.1808     5.6323    27.1010    27.1012    34.1810    27.1013    1475.88    1475.88     4.3182  1029.5883    34.3436 0.0000e+00
      24501 295.026792  -42.20140  -53.45544      1.364    1481.07    539.000    534.067     4.3681     4.3670    -0.0010     4.3279     4.3269    -0.0010   3.243226   3.243170  -0.000055    34.1820    34.1824     5.6300    27.1011    27.1015    34.1829    27.1018    1475.94    1475.93     4.3278  1029.5933    34.3456 0.0000e+00
      24521 295.026802  -42.20139  -53.45544      1.309    1481.07    540.000    535.057     4.3694     4.3694     0.0001     4.3291     4.3292     0.0001   3.243381   3.243405   0.000022    34.1827    34.1829     5.6363    27.1015    27.1017    34.1829    27.1017    1475.96    1475.96     4.3290  1029.5977    34.3455 0.0000e+00
      24550 295.026816  -42.20138  -53.45544      0.966    1481.07    541.000    536.046     4.3682     4.3693     0.0010     4.3279     4.3290     0.0010   3.243356   3.243455   0.000091    34.1833    34.1834     5.6380    27.1022    27.1021    34.1832    27.1021    1475.97    1475.98     4.3278  1029.6027    34.3459 0.0000e+00
      24584 295.026832  -42.20138  -53.45544      0.695    1481.07    542.000    537.036     4.3617     4.3630     0.0013     4.3214     4.3226     0.0012   3.242833   3.242908   0.000081    34.1836    34.1833     5.6231    27.1031    27.1027    34.1833    27.1028    1475.96    1475.97     4.3212  1029.6082    34.3460 0.0000e+00
      24613 295.026846  -42.20138  -53.45546      0.790    1481.07    543.000    538.025     4.3578     4.3583     0.0005     4.3174     4.3179     0.0005   3.242514   3.242525   0.000010    34.1835    34.1831     5.6168    27.1035    27.1031    34.1831    27.1031    1475.96    1475.96     4.3173  1029.6131    34.3458 0.0000e+00
      24636 295.026857  -42.20136  -53.45546      0.945    1481.07    544.000    539.015     4.3562     4.3566     0.0004     4.3157     4.3161     0.0004   3.242443   3.242453   0.000005    34.1837    34.1834     5.6198    27.1038    27.1035    34.1834    27.1035    1475.97    1475.97     4.3156  1029.6181    34.3461 0.0000e+00
      24658 295.026868  -42.20136  -53.45546      1.048    1481.07    545.000    540.004     4.3552     4.3556     0.0004     4.3147     4.3150     0.0004   3.242407   3.242421   0.000018    34.1837    34.1835     5.6163    27.1038    27.1036    34.1835    27.1037    1475.98    1475.98     4.3145  1029.6229    34.3462 0.0000e+00
      24682 295.026879  -42.20134  -53.45544      1.054    1481.07    546.000    540.994     4.3554     4.3556     0.0002     4.3148     4.3150     0.0002   3.242472   3.242488   0.000018    34.1836    34.1836     5.6151    27.1037    27.1037    34.1835    27.1037    1476.00    1476.00     4.3147  1029.6275    34.3462 0.0000e+00
      24707 295.026892  -42.20134  -53.45544      0.974    1481.07    547.000    541.983     4.3579     4.3578    -0.0001     4.3172     4.3170    -0.0001   3.242821   3.242825   0.000006    34.1842    34.1844     5.6126    27.1040    27.1042    34.1845    27.1043    1476.03    1476.03     4.3170  1029.6326    34.3473 0.0000e+00
      24733 295.026904  -42.20132  -53.45545      0.932    1481.07    548.000    542.973     4.3638     4.3632    -0.0005     4.3229     4.3224    -0.0005   3.243522   3.243525   0.000001    34.1854    34.1860     5.5990    27.1043    27.1048    34.1862    27.1049    1476.07    1476.07     4.3228  1029.6378    34.3489 0.0000e+00
      24757 295.026915  -42.20132  -53.45546      0.973    1481.07    549.000    543.963     4.3680     4.3683     0.0003     4.3270     4.3273     0.0003   3.243987   3.244056   0.000061    34.1868    34.1871     5.5972    27.1050    27.1052    34.1868    27.1050    1476.11    1476.11     4.3269  1029.6424    34.3495 0.0000e+00
      24781 295.026927  -42.20131  -53.45546      0.998    1481.07    550.000    544.952     4.3622     4.3631     0.0010     4.3211     4.3221     0.0009   3.243557   3.243638   0.000085    34.1874    34.1874     5.6026    27.1061    27.1060    34.1872    27.1060    1476.10    1476.10     4.3211  1029.6480    34.3499 0.0000e+00
      24810 295.026941  -42.20130  -53.45546      0.888    1481.07    551.000    545.942     4.3578     4.3589     0.0011     4.3167     4.3178     0.0011   3.243218   3.243290   0.000070    34.1878    34.1875     5.5962    27.1069    27.1065    34.1873    27.1065    1476.10    1476.10     4.3166  1029.6532    34.3500 0.0000e+00
      24840 295.026955  -42.20130  -53.45546      0.798    1481.07    552.000    546.931     4.3517     4.3523     0.0006     4.3105     4.3112     0.0006   3.242757   3.242787   0.000032    34.1882    34.1879     5.5802    27.1078    27.1075    34.1877    27.1075    1476.09    1476.09     4.3104  1029.6589    34.3504 0.0000e+00
      24863 295.026967  -42.20129  -53.45546      0.912    1481.07    553.000    547.921     4.3491     4.3493     0.0002     4.3080     4.3082     0.0002   3.242647   3.242637  -0.000006    34.1886    34.1883     5.5714    27.1085    27.1083    34.1885    27.1084    1476.10    1476.10     4.3078  1029.6644    34.3512 0.0000e+00
      24883 295.026976  -42.20128  -53.45546      1.087    1481.07    554.000    548.910     4.3505     4.3506     0.0001     4.3092     4.3093     0.0001   3.242786   3.242831   0.000040    34.1885    34.1889     5.5712    27.1082    27.1086    34.1882    27.1080    1476.12    1476.12     4.3091  1029.6686    34.3509 0.0000e+00
      24902 295.026985  -42.20128  -53.45546      1.231    1481.07    555.000    549.900     4.3491     4.3494     0.0002     4.3078     4.3080     0.0002   3.242696   3.242760   0.000061    34.1885    34.1889     5.5707    27.1084    27.1088    34.1880    27.1081    1476.13    1476.13     4.3076  1029.6733    34.3508 0.0000e+00
      24922 295.026995  -42.20128  -53.45546      1.258    1480.93    556.000    550.889     4.3457     4.3463     0.0006     4.3043     4.3049     0.0006   3.242411   3.242494   0.000083    34.1884    34.1887     5.5710    27.1087    27.1088    34.1878    27.1082    1476.13    1476.13     4.3042  1029.6780    34.3505 0.0000e+00
      24951 295.027009  -42.20126  -53.45546      0.968    1480.56    557.000    551.879     4.3406     4.3433     0.0026     4.2992     4.3018     0.0026   3.242044   3.242282   0.000217    34.1887    34.1885     5.5618    27.1095    27.1091    34.1881    27.1090    1476.13    1476.14     4.2990  1029.6836    34.3509 0.0000e+00
      24995 295.027031  -42.20126  -53.45548      0.495    1480.53    558.000    552.868     4.3391     4.3411     0.0020     4.2976     4.2996     0.0020   3.241968   3.242108   0.000160    34.1886    34.1884     5.5520    27.1096    27.1092    34.1883    27.1093    1476.14    1476.15     4.2975  1029.6885    34.3511 0.0000e+00
      25023 295.027044  -42.20124  -53.45548      0.727    1480.53    559.000    553.858     4.3370     4.3377     0.0006     4.2954     4.2961     0.0006   3.241859   3.241862   0.000010    34.1892    34.1887     5.5574    27.1103    27.1098    34.1887    27.1099    1476.15    1476.15     4.2953  1029.6936    34.3514 0.0000e+00
      25043 295.027053  -42.20124  -53.45548      1.013    1480.53    560.000    554.847     4.3375     4.3373    -0.0002     4.2958     4.2956    -0.0002   3.242062   3.242068   0.000002    34.1897    34.1900     5.5587    27.1107    27.1109    34.1900    27.1109    1476.17    1476.17     4.2957  1029.6993    34.3528 0.0000e+00
      25060 295.027062  -42.20122  -53.45548      1.237    1480.53    561.000    555.836     4.3409     4.3405    -0.0004     4.2991     4.2988    -0.0004   3.242446   3.242450   0.000008    34.1904    34.1909     5.5609    27.1109    27.1113    34.1905    27.1109    1476.20    1476.20     4.2990  1029.7038    34.3533 0.0000e+00
      25078 295.027070  -42.20122  -53.45548      1.359    1480.53    562.000    556.826     4.3416     4.3415    -0.0000     4.2997     4.2997    -0.0000   3.242572   3.242609   0.000038    34.1908    34.1913     5.5614    27.1111    27.1115    34.1908    27.1111    1476.22    1476.22     4.2996  1029.7085    34.3536 0.0000e+00
      25099 295.027081  -42.20122  -53.45548      1.276    1480.53    563.000    557.815     4.3398     4.3404     0.0006     4.2979     4.2985     0.0006   3.242467   3.242529   0.000060    34.1913    34.1913     5.5493    27.1116    27.1117    34.1908    27.1113    1476.23    1476.23     4.2978  1029.7134    34.3536 0.0000e+00
      25131 295.027096  -42.20121  -53.45548      0.876    1480.53    564.000    558.805     4.3359     4.3372     0.0013     4.2939     4.2952     0.0013   3.242194   3.242296   0.000101    34.1915    34.1914     5.5327    27.1123    27.1120    34.1912    27.1120    1476.23    1476.23     4.2938  1029.7187    34.3540 0.0000e+00
      25162 295.027111  -42.20120  -53.45548      0.716    1480.53    565.000    559.794     4.3332     4.3339     0.0007     4.2911     4.2919     0.0007   3.242034   3.242064   0.000031    34.1920    34.1917     5.5177    27.1130    27.1126    34.1916    27.1126    1476.23    1476.24     4.2910  1029.7240    34.3544 0.0000e+00
      25186 295.027123  -42.20120  -53.45548      0.893    1480.53    566.000    560.784     4.3285     4.3293     0.0008     4.2864     4.2872     0.0008   3.241650   3.241692   0.000039    34.1922    34.1918     5.5225    27.1137    27.1132    34.1914    27.1130    1476.23    1476.23     4.2863  1029.7291    34.3542 0.0000e+00
      25207 295.027132  -42.20118  -53.45548      1.073    1480.53    567.000    561.773     4.3240     4.3248     0.0008     4.2818     4.2826     0.0008   3.241176   3.241228   0.000057    34.1913    34.1912     5.5174    27.1134    27.1132    34.1900    27.1123    1476.23    1476.23     4.2817  1029.7330    34.3528 0.0000e+00
      25229 295.027143  -42.20118  -53.45550      1.136    1480.53    568.000    562.763     4.3018     4.3062     0.0044     4.2596     4.2640     0.0044   3.238997   3.239339   0.000302    34.1903    34.1893     5.5158    27.1150    27.1137    34.1869    27.1122    1476.15    1476.16     4.2595  1029.7379    34.3497 0.0000e+00
      25265 295.027160  -42.20117  -53.45548      0.771    1480.53    569.000    563.752     4.2701     4.2930     0.0229     4.2280     4.2508     0.0228   3.236194   3.238154   0.001927    34.1891    34.1881     5.5164    27.1173    27.1141    34.1863    27.1151    1476.03    1476.12     4.2279  1029.7458    34.3491 0.0000e+00
      25302 295.027178  -42.20116  -53.45548      0.582    1480.53    570.000    564.741     4.2550     4.2547    -0.0003     4.2129     4.2126    -0.0003   3.234801   3.234551  -0.000221    34.1877    34.1854     5.5262    27.1178    27.1160    34.1850    27.1157    1475.98    1475.98     4.2128  1029.7512    34.3478 0.0000e+00
      25324 295.027189  -42.20114  -53.45548      0.885    1480.53    571.000    565.731     4.2498     4.2500     0.0002     4.2076     4.2078     0.0002   3.234416   3.234377  -0.000044    34.1870    34.1862     5.5337    27.1178    27.1172    34.1853    27.1165    1475.98    1475.98     4.2076  1029.7567    34.3481 0.0000e+00
      25342 295.027198  -42.20114  -53.45549      1.149    1480.53    572.000    566.721     4.2463     4.2477     0.0014     4.2041     4.2055     0.0014   3.233997   3.234134   0.000132    34.1862    34.1864     5.5464    27.1176    27.1175    34.1835    27.1154    1475.98    1475.98     4.2040  1029.7602    34.3463 0.0000e+00
      25358 295.027205  -42.20114  -53.45550      1.338    1480.53    573.000    567.709     4.2339     4.2362     0.0023     4.1916     4.1939     0.0023   3.232804   3.233023   0.000220    34.1859    34.1861     5.5577    27.1186    27.1186    34.1818    27.1154    1475.94    1475.95     4.1915  1029.7650    34.3446 0.0000e+00
      25376 295.027214  -42.20114  -53.45550      1.405    1480.53    574.000    568.699     4.2178     4.2191     0.0013     4.1755     4.1768     0.0013   3.231526   3.231615   0.000113    34.1856    34.1856     5.5622    27.1201    27.1200    34.1830    27.1180    1475.89    1475.89     4.1754  1029.7724    34.3458 0.0000e+00
      25401 295.027226  -42.20114  -53.45550      1.167    1480.53    575.000    569.688     4.2135     4.2157     0.0021     4.1712     4.1733     0.0021   3.231250   3.231410   0.000150    34.1859    34.1855     5.5530    27.1208    27.1202    34.1836    27.1189    1475.89    1475.90     4.1711  1029.7780    34.3464 0.0000e+00
      25435 295.027243  -42.20112  -53.45550      0.723    1480.53    576.000    570.678     4.2093     4.2123     0.0031     4.1669     4.1699     0.0030   3.231130   3.231223   0.000122    34.1878    34.1861     5.5445    27.1227    27.1211    34.1861    27.1214    1475.89    1475.90     4.1668  1029.7851    34.3489 0.0000e+00
      25464 295.027256  -42.20111  -53.45550      0.775    1480.53    577.000    571.667     4.2101     4.2101    -0.0000     4.1677     4.1676    -0.0000   3.231285   3.231226  -0.000060    34.1878    34.1871     5.5428    27.1227    27.1221    34.1865    27.1216    1475.91    1475.91     4.1675  1029.7900    34.3494 0.0000e+00
      25489 295.027269  -42.20110  -53.45550      0.911    1480.53    578.000    572.657     4.2115     4.2121     0.0006     4.1690     4.1696     0.0006   3.231478   3.231493   0.000021    34.1880    34.1876     5.5451    27.1227    27.1223    34.1869    27.1218    1475.93    1475.94     4.1688  1029.7947    34.3497 0.0000e+00
      25516 295.027282  -42.20110  -53.45550      0.922    1480.53    579.000    573.646     4.2117     4.2122     0.0005     4.1691     4.1696     0.0005   3.231573   3.231592   0.000025    34.1882    34.1881     5.5332    27.1229    27.1227    34.1872    27.1220    1475.95    1475.95     4.1690  1029.7995    34.3501 0.0000e+00
      25546 295.027296  -42.20108  -53.45550      0.826    1480.53    580.000    574.635     4.2116     4.2120     0.0004     4.1689     4.1693     0.0004   3.231614   3.231627   0.000020    34.1881    34.1880     5.5219    27.1228    27.1226    34.1873    27.1221    1475.97    1475.97     4.1688  1029.8042    34.3501 0.0000e+00
      25571 295.027308  -42.20108  -53.45550      0.872    1480.53    581.000    575.625     4.2122     4.2124     0.0002     4.1694     4.1696     0.0002   3.231706   3.231726   0.000022    34.1880    34.1880     5.5283    27.1226    27.1226    34.1873    27.1221    1475.99    1475.99     4.1693  1029.8087    34.3501 0.0000e+00
