Pos-Processados/process_op41/Processamento_split/down/doperantar41_005.cnv
* Sea-Bird SBE 9 Data File:
* FileName = C:\Users\Dell\Desktop\Operantar XLI\Raw\OP41005.hdr
* Software Version Seasave V 7.26.7.110
* Temperature SN = 6497
* Conductivity SN = 4954
* Number of Bytes Per Scan = 31
* Number of Voltage Words = 2
* Number of Scans Averaged by the Deck Unit = 1
* NMEA Latitude = 38 39.38 S
* NMEA Longitude = 048 59.66 W
* NMEA UTC (Time) = Oct 18 2022 16:26:34
* NMEA baud rate = 4800
** H41
** Navio Polar Almirante Maximiano
** LH-021/2022
** Operantar XLI
** Número da Estação 005
** Latitude 38 39,4'S
** Longitude 048 59,6'W
** Data/Hora (Z) 18/10/2022 16:26Z
** Profundidade local 5340m
** 09-1439
** Nome do Operador CT Garla
# nquan = 30
# nvalues = 5018                        
# units = specified
# name 0 = scan: Scan Count
# name 1 = timeJ: Julian Days
# name 2 = latitude: Latitude [deg]
# name 3 = longitude: Longitude [deg]
# name 4 = dz/dtM: Descent Rate [m/s]
# name 5 = avgsvCM: Average Sound Velocity [Chen-Millero, m/s]
# name 6 = prDM: Pressure, Digiquartz [db]
# name 7 = depSM: Depth [salt water, m]
# name 8 = t090C: Temperature [ITS-90, deg C]
# name 9 = t190C: Temperature, 2 [ITS-90, deg C]
# name 10 = T2-T190C: Temperature Difference, 2 - 1 [ITS-90, deg C]
# name 11 = potemp090C: Potential Temperature [ITS-90, deg C]
# name 12 = potemp190C: Potential Temperature, 2 [ITS-90, deg C]
# name 13 = potemp90Cdiff: Potential Temperature, Diff, 2 - 1 [ITS-90, deg C]
# name 14 = c0S/m: Conductivity [S/m]
# name 15 = c1S/m: Conductivity, 2 [S/m]
# name 16 = C2-C1S/m: Conductivity Difference, 2 - 1 [S/m]
# name 17 = sal00: Salinity, Practical [PSU]
# name 18 = sal11: Salinity, Practical, 2 [PSU]
# name 19 = sbeox0ML/L: Oxygen, SBE 43 [ml/l]
# name 20 = sigma-é00: Density [sigma-theta, kg/m^3]
# name 21 = sigma-é11: Density, 2 [sigma-theta, kg/m^3]
# name 22 = sal00: Salinity, Practical [PSU]
# name 23 = sigma-é00: Density [sigma-theta, kg/m^3]
# name 24 = svCM: Sound Velocity [Chen-Millero, m/s]
# name 25 = svCM1: Sound Velocity, 2 [Chen-Millero, m/s]
# name 26 = gsw_ptA0: potential temperature [ITS-90, deg C]
# name 27 = gsw_densityA0: density, TEOS-10 [density, kg/m^3]
# name 28 = gsw_saA0: Absolute Salinity [g/kg]
# name 29 = flag:
# span 0 =        489,     143614       
# span 1 = 291.685351, 291.754374       
# span 2 =  -38.65644,  -38.65452       
# span 3 =  -49.01499,  -48.99446       
# span 4 =      0.059,      1.764       
# span 5 =      -0.01,    1510.79       
# span 6 =      3.000,   5020.000       
# span 7 =      2.982,   4924.323       
# span 8 =     0.3087,    14.8029       
# span 9 =     0.3086,    14.8029       
# span 10 =    -0.2354,     0.1068      
# span 11 =    -0.0867,    14.8020      
# span 12 =    -0.0867,    14.8020      
# span 13 =    -0.2352,     0.1067      
# span 14 =   3.090386,   4.294028      
# span 15 =   3.090379,   4.294007      
# span 16 =  -0.027526,   0.012206      
# span 17 =    34.1439,    35.4762      
# span 18 =    34.1435,    35.4774      
# span 19 =     3.9135,     6.1957      
# span 20 =    26.1657,    27.8430      
# span 21 =    26.1658,    27.8430      
# span 22 =    34.1428,    35.4767      
# span 23 =    26.1665,    27.8430      
# span 24 =    1477.40,    1535.25      
# span 25 =    1477.37,    1535.25      
# span 26 =    -0.0870,    14.8020      
# span 27 =  1026.1880,  1050.4624      
# span 28 =    34.3046,    35.6441      
# span 29 = 0.0000e+00, 0.0000e+00      
# interval = decibars: 1                
# start_time = Oct 18 2022 16:26:34 [NMEA time, header]
# bad_flag = -9.990e-29
*END*
[from data line 3674]
      93407 291.730161  -38.65473  -49.00800      0.799    1494.42   3677.000   3617.855     1.0498     1.0489    -0.0009     0.7771     0.7762    -0.0009   3.122050   3.121957  -0.000088    34.7094    34.7092     4.5068    27.8263    27.8263    34.7092    27.8261    1515.23    1515.22     0.7767  1044.5599    34.8809 0.0000e+00
      93435 291.730174  -38.65472  -49.00800      0.870    1494.42   3678.000   3618.830     1.0492     1.0483    -0.0010     0.7764     0.7755    -0.0010   3.122041   3.121954  -0.000090    34.7093    34.7092     4.5090    27.8263    27.8263    34.7092    27.8262    1515.24    1515.23     0.7761  1044.5644    34.8810 0.0000e+00
      93463 291.730188  -38.65472  -49.00800      0.852    1494.42   3679.000   3619.806     1.0484     1.0481    -0.0003     0.7755     0.7752    -0.0003   3.121989   3.121966  -0.000026    34.7092    34.7092     4.5067    27.8263    27.8263    34.7090    27.8261    1515.25    1515.25     0.7752  1044.5688    34.8808 0.0000e+00
      93491 291.730202  -38.65472  -49.00802      0.848    1494.42   3680.000   3620.782     1.0477     1.0471    -0.0006     0.7747     0.7741    -0.0006   3.121972   3.121917  -0.000062    34.7093    34.7092     4.4989    27.8264    27.8264    34.7091    27.8263    1515.27    1515.26     0.7744  1044.5733    34.8809 0.0000e+00
      93515 291.730213  -38.65472  -49.00802      0.930    1494.42   3681.000   3621.758     1.0469     1.0467    -0.0003     0.7739     0.7736    -0.0003   3.121933   3.121905  -0.000024    34.7092    34.7093     4.5051    27.8264    27.8264    34.7090    27.8262    1515.28    1515.28     0.7736  1044.5777    34.8808 0.0000e+00
      93536 291.730223  -38.65472  -49.00802      1.058    1494.42   3682.000   3622.733     1.0458     1.0456    -0.0002     0.7727     0.7725    -0.0002   3.121863   3.121846  -0.000021    34.7091    34.7091     4.5170    27.8264    27.8264    34.7089    27.8262    1515.29    1515.29     0.7724  1044.5822    34.8807 0.0000e+00
      93557 291.730233  -38.65474  -49.00802      1.146    1494.42   3683.000   3623.709     1.0456     1.0454    -0.0002     0.7723     0.7722    -0.0002   3.121890   3.121877  -0.000013    34.7092    34.7091     4.5041    27.8264    27.8264    34.7090    27.8263    1515.31    1515.31     0.7720  1044.5868    34.8808 0.0000e+00
      93579 291.730244  -38.65474  -49.00802      1.146    1494.42   3684.000   3624.684     1.0456     1.0454    -0.0002     0.7723     0.7721    -0.0002   3.121917   3.121906  -0.000010    34.7090    34.7091     4.5017    27.8264    27.8264    34.7089    27.8262    1515.33    1515.32     0.7720  1044.5910    34.8807 0.0000e+00
      93606 291.730257  -38.65474  -49.00802      0.973    1494.42   3685.000   3625.660     1.0460     1.0464     0.0003     0.7726     0.7729     0.0003   3.121996   3.122018   0.000018    34.7090    34.7089     4.5091    27.8263    27.8262    34.7090    27.8263    1515.35    1515.35     0.7723  1044.5954    34.8808 0.0000e+00
      93645 291.730276  -38.65474  -49.00804      0.651    1494.42   3686.000   3626.636     1.0436     1.0453     0.0017     0.7701     0.7718     0.0017   3.121775   3.121934   0.000153    34.7088    34.7089     4.5048    27.8263    27.8263    34.7084    27.8260    1515.35    1515.36     0.7698  1044.5997    34.8802 0.0000e+00
      93686 291.730296  -38.65474  -49.00804      0.569    1494.42   3687.000   3627.611     1.0402     1.0399    -0.0003     0.7667     0.7664    -0.0003   3.121527   3.121509  -0.000015    34.7088    34.7089     4.5095    27.8265    27.8266    34.7086    27.8263    1515.35    1515.35     0.7663  1044.6048    34.8804 0.0000e+00
      93722 291.730313  -38.65474  -49.00804      0.662    1494.42   3688.000   3628.587     1.0401     1.0394    -0.0006     0.7665     0.7658    -0.0006   3.121541   3.121497  -0.000041    34.7086    34.7088     4.5172    27.8264    27.8266    34.7084    27.8262    1515.37    1515.37     0.7662  1044.6090    34.8802 0.0000e+00
      93752 291.730328  -38.65474  -49.00804      0.747    1494.42   3689.000   3629.562     1.0389     1.0380    -0.0009     0.7652     0.7644    -0.0009   3.121483   3.121410  -0.000067    34.7087    34.7088     4.5008    27.8265    27.8267    34.7085    27.8264    1515.38    1515.38     0.7649  1044.6137    34.8803 0.0000e+00
      93778 291.730340  -38.65474  -49.00804      0.876    1494.42   3690.000   3630.538     1.0374     1.0369    -0.0005     0.7637     0.7632    -0.0005   3.121393   3.121365  -0.000032    34.7088    34.7089     4.5142    27.8267    27.8268    34.7085    27.8265    1515.39    1515.39     0.7634  1044.6183    34.8803 0.0000e+00
      93799 291.730350  -38.65474  -49.00804      1.021    1494.42   3691.000   3631.514     1.0368     1.0365    -0.0004     0.7630     0.7626    -0.0003   3.121371   3.121353  -0.000014    34.7087    34.7089     4.5076    27.8267    27.8269    34.7085    27.8265    1515.41    1515.41     0.7626  1044.6228    34.8803 0.0000e+00
      93820 291.730360  -38.65474  -49.00806      1.133    1494.42   3692.000   3632.489     1.0363     1.0361    -0.0002     0.7624     0.7622    -0.0002   3.121362   3.121350  -0.000011    34.7086    34.7087     4.5026    27.8266    27.8267    34.7084    27.8265    1515.42    1515.42     0.7621  1044.6272    34.8802 0.0000e+00
      93840 291.730370  -38.65474  -49.00806      1.185    1494.42   3693.000   3633.465     1.0360     1.0358    -0.0002     0.7620     0.7618    -0.0002   3.121366   3.121354  -0.000018    34.7085    34.7086     4.5160    27.8266    27.8266    34.7083    27.8264    1515.44    1515.44     0.7617  1044.6316    34.8802 0.0000e+00
      93861 291.730380  -38.65474  -49.00806      1.181    1494.42   3694.000   3634.440     1.0359     1.0356    -0.0002     0.7618     0.7616    -0.0002   3.121387   3.121373  -0.000010    34.7085    34.7086     4.5149    27.8266    27.8267    34.7084    27.8265    1515.45    1515.45     0.7615  1044.6360    34.8802 0.0000e+00
      93883 291.730391  -38.65474  -49.00806      1.126    1494.42   3695.000   3635.416     1.0354     1.0352    -0.0002     0.7612     0.7610    -0.0002   3.121386   3.121376  -0.000014    34.7085    34.7086     4.4951    27.8266    27.8267    34.7084    27.8265    1515.47    1515.47     0.7609  1044.6404    34.8802 0.0000e+00
      93911 291.730404  -38.65474  -49.00806      0.948    1494.42   3696.000   3636.391     1.0364     1.0363    -0.0000     0.7621     0.7620    -0.0000   3.121509   3.121501  -0.000005    34.7085    34.7085     4.5096    27.8266    27.8265    34.7084    27.8265    1515.49    1515.49     0.7617  1044.6447    34.8803 0.0000e+00
      93968 291.730432  -38.65474  -49.00806      0.378    1494.42   3697.000   3637.366     1.0355     1.0357     0.0001     0.7611     0.7613     0.0001   3.121454   3.121465   0.000007    34.7084    34.7084     4.5044    27.8266    27.8265    34.7082    27.8264    1515.51    1515.50     0.7608  1044.6476    34.8782 0.0000e+00
      94010 291.730452  -38.65474 -9.990e-29      0.549    1494.42   3698.000   3638.343     1.0323     1.0322    -0.0002     0.7579     0.7578    -0.0002   3.121204   3.121187  -0.000010    34.7083    34.7083     4.5187    27.8266    27.8267    34.7081    27.8265    1515.51    1515.51     0.7576  1044.6523    34.8779 0.0000e+00
      94033 291.730463  -38.65474 -9.990e-29      0.880    1494.42   3699.000   3639.318     1.0321     1.0316    -0.0004     0.7576     0.7572    -0.0004   3.121214   3.121191  -0.000026    34.7083    34.7084     4.5092    27.8267    27.8268    34.7081    27.8265    1515.52    1515.52     0.7573  1044.6567    34.8779 0.0000e+00
      94054 291.730473  -38.65474 -9.990e-29      1.077    1494.42   3700.000   3640.294     1.0304     1.0302    -0.0003     0.7559     0.7556    -0.0003   3.121113   3.121088  -0.000027    34.7084    34.7084     4.5118    27.8269    27.8269    34.7081    27.8267    1515.53    1515.53     0.7556  1044.6614    34.8779 0.0000e+00
      94075 291.730483  -38.65474 -9.990e-29      1.157    1494.42   3701.000   3641.270     1.0284     1.0285     0.0002     0.7538     0.7539     0.0001   3.120969   3.120975   0.000007    34.7085    34.7084     4.5133    27.8270    27.8270    34.7081    27.8268    1515.54    1515.54     0.7535  1044.6661    34.8779 0.0000e+00
      94096 291.730493  -38.65474 -9.990e-29      1.145    1494.42   3702.000   3642.245     1.0273     1.0269    -0.0004     0.7526     0.7523    -0.0003   3.120907   3.120882  -0.000023    34.7083    34.7084     4.5072    27.8270    27.8271    34.7080    27.8268    1515.55    1515.55     0.7523  1044.6705    34.8778 0.0000e+00
      94119 291.730504  -38.65474 -9.990e-29      1.092    1494.42   3703.000   3643.221     1.0265     1.0262    -0.0002     0.7517     0.7515    -0.0002   3.120878   3.120845  -0.000032    34.7084    34.7083     4.5119    27.8272    27.8271    34.7081    27.8269    1515.57    1515.57     0.7514  1044.6751    34.8779 0.0000e+00
      94141 291.730515  -38.65474  -49.00810      1.062    1494.42   3704.000   3644.196     1.0261     1.0256    -0.0005     0.7513     0.7507    -0.0005   3.120870   3.120809  -0.000057    34.7082    34.7081     4.5152    27.8270    27.8270    34.7080    27.8268    1515.58    1515.58     0.7509  1044.6802    34.8788 0.0000e+00
      94165 291.730527  -38.65474  -49.00810      1.034    1494.42   3705.000   3645.171     1.0256     1.0249    -0.0007     0.7507     0.7500    -0.0007   3.120855   3.120794  -0.000063    34.7081    34.7080     4.5118    27.8269    27.8270    34.7079    27.8268    1515.60    1515.60     0.7504  1044.6854    34.8798 0.0000e+00
      94194 291.730541  -38.65474  -49.00810      0.909    1494.42   3706.000   3646.147     1.0262     1.0271     0.0009     0.7511     0.7520     0.0009   3.120939   3.121037   0.000087    34.7080    34.7081     4.5089    27.8269    27.8269    34.7079    27.8267    1515.62    1515.62     0.7508  1044.6897    34.8797 0.0000e+00
      94230 291.730558  -38.65474  -49.00810      0.686    1494.42   3707.000   3647.123     1.0246     1.0252     0.0005     0.7495     0.7500     0.0005   3.120819   3.120841   0.000031    34.7079    34.7077     4.5187    27.8268    27.8267    34.7076    27.8266    1515.63    1515.63     0.7492  1044.6941    34.8794 0.0000e+00
      94262 291.730573  -38.65474  -49.00812      0.701    1494.42   3708.000   3648.098     1.0217     1.0210    -0.0007     0.7466     0.7459    -0.0007   3.120598   3.120532  -0.000062    34.7078    34.7078     4.5085    27.8270    27.8270    34.7076    27.8268    1515.63    1515.63     0.7462  1044.6989    34.8794 0.0000e+00
      94286 291.730585  -38.65474  -49.00812      0.900    1494.42   3709.000   3649.074     1.0206     1.0199    -0.0007     0.7454     0.7447    -0.0007   3.120542   3.120485  -0.000057    34.7079    34.7079     4.5194    27.8271    27.8272    34.7076    27.8269    1515.64    1515.64     0.7451  1044.7035    34.8794 0.0000e+00
      94307 291.730595  -38.65474  -49.00812      1.053    1494.42   3710.000   3650.050     1.0200     1.0197    -0.0003     0.7447     0.7444    -0.0003   3.120524   3.120494  -0.000030    34.7078    34.7078     4.5196    27.8271    27.8271    34.7076    27.8269    1515.66    1515.66     0.7444  1044.7080    34.8794 0.0000e+00
      94329 291.730606  -38.65474  -49.00812      1.104    1494.42   3711.000   3651.025     1.0195     1.0190    -0.0004     0.7441     0.7437    -0.0004   3.120507   3.120479  -0.000025    34.7077    34.7078     4.5099    27.8270    27.8272    34.7075    27.8269    1515.67    1515.67     0.7438  1044.7124    34.8794 0.0000e+00
      94354 291.730618  -38.65474  -49.00812      1.040    1494.42   3712.000   3652.000     1.0191     1.0187    -0.0004     0.7436     0.7432    -0.0004   3.120507   3.120481  -0.000030    34.7077    34.7078     4.5119    27.8271    27.8272    34.7075    27.8269    1515.69    1515.69     0.7433  1044.7168    34.8793 0.0000e+00
      94379 291.730630  -38.65474  -49.00812      0.945    1494.42   3713.000   3652.976     1.0183     1.0180    -0.0002     0.7427     0.7425    -0.0002   3.120456   3.120452  -0.000007    34.7075    34.7077     4.5209    27.8270    27.8272    34.7073    27.8268    1515.70    1515.70     0.7424  1044.7212    34.8792 0.0000e+00
      94402 291.730641  -38.65474  -49.00812      0.977    1494.42   3714.000   3653.952     1.0174     1.0170    -0.0003     0.7417     0.7414    -0.0003   3.120410   3.120382  -0.000026    34.7075    34.7076     4.5200    27.8271    27.8271    34.7072    27.8268    1515.72    1515.72     0.7414  1044.7256    34.8791 0.0000e+00
      94423 291.730651  -38.65474  -49.00814      1.099    1494.42   3715.000   3654.927     1.0157     1.0154    -0.0002     0.7400     0.7397    -0.0002   3.120308   3.120284  -0.000025    34.7076    34.7076     4.5230    27.8273    27.8273    34.7073    27.8270    1515.73    1515.73     0.7397  1044.7303    34.8792 0.0000e+00
      94441 291.730660  -38.65474  -49.00814      1.214    1494.42   3716.000   3655.903     1.0141     1.0141    -0.0001     0.7384     0.7383    -0.0001   3.120197   3.120199  -0.000002    34.7075    34.7076     4.5093    27.8272    27.8273    34.7072    27.8270    1515.74    1515.74     0.7381  1044.7349    34.8790 0.0000e+00
      94460 291.730669  -38.65475  -49.00814      1.272    1494.42   3717.000   3656.878     1.0129     1.0128    -0.0001     0.7371     0.7370    -0.0001   3.120113   3.120125   0.000010    34.7074    34.7076     4.5107    27.8273    27.8274    34.7070    27.8269    1515.75    1515.75     0.7368  1044.7393    34.8789 0.0000e+00
      94482 291.730680  -38.65476  -49.00814      1.208    1494.42   3718.000   3657.854     1.0129     1.0133     0.0004     0.7370     0.7374     0.0004   3.120172   3.120229   0.000049    34.7073    34.7075     4.5198    27.8272    27.8273    34.7073    27.8272    1515.77    1515.77     0.7366  1044.7439    34.8792 0.0000e+00
      94512 291.730694  -38.65476  -49.00814      0.905    1494.42   3719.000   3658.829     1.0128     1.0149     0.0021     0.7368     0.7388     0.0020   3.120179   3.120362   0.000165    34.7074    34.7072     4.5051    27.8273    27.8270    34.7070    27.8270    1515.78    1515.79     0.7365  1044.7481    34.8789 0.0000e+00
      94551 291.730713  -38.65474  -49.00814      0.628    1494.42   3720.000   3659.805     1.0097     1.0115     0.0018     0.7337     0.7354     0.0017   3.119922   3.120058   0.000153    34.7070    34.7070     4.5138    27.8272    27.8271    34.7067    27.8269    1515.79    1515.79     0.7334  1044.7527    34.8786 0.0000e+00
      94590 291.730732  -38.65474  -49.00814      0.607    1494.42   3721.000   3660.780     1.0067     1.0059    -0.0007     0.7306     0.7299    -0.0007   3.119698   3.119626  -0.000066    34.7070    34.7070     4.5196    27.8274    27.8274    34.7067    27.8271    1515.79    1515.79     0.7303  1044.7576    34.8786 0.0000e+00
      94623 291.730747  -38.65476  -49.00816      0.703    1494.42   3722.000   3661.755     1.0059     1.0042    -0.0018     0.7298     0.7281    -0.0017   3.119662   3.119494  -0.000160    34.7069    34.7068     4.5203    27.8273    27.8274    34.7066    27.8271    1515.80    1515.79     0.7295  1044.7620    34.8785 0.0000e+00
      94650 291.730761  -38.65476  -49.00816      0.828    1494.42   3723.000   3662.731     1.0033     1.0026    -0.0007     0.7271     0.7265    -0.0007   3.119467   3.119392  -0.000075    34.7070    34.7068     4.5252    27.8276    27.8275    34.7066    27.8272    1515.81    1515.80     0.7268  1044.7668    34.8785 0.0000e+00
      94673 291.730772  -38.65476  -49.00816      0.960    1494.42   3724.000   3663.707     1.0007     1.0002    -0.0005     0.7245     0.7240    -0.0005   3.119260   3.119225  -0.000039    34.7069    34.7070     4.5182    27.8277    27.8278    34.7063    27.8272    1515.81    1515.81     0.7242  1044.7714    34.8782 0.0000e+00
