Pos-Processados/process_op41/Processamento_split/down/doperantar41_008.cnv
* Sea-Bird SBE 9 Data File:
* FileName = C:\Users\Dell\Desktop\OperantarXLI\config\00_BRUTOS\OP41008.hdr
* Software Version Seasave V 7.26.7.110
* Temperature SN = 6497
* Conductivity SN = 4954
* Number of Bytes Per Scan = 31
* Number of Voltage Words = 2
* Number of Scans Averaged by the Deck Unit = 1
* NMEA Latitude = 42 30.30 S
* NMEA Longitude = 052 37.08 W
* NMEA UTC (Time) = Oct 22 2022 23:44:28
* NMEA baud rate = 4800
** H41
** Navio Polar Almirante Maximiano
** LH-021/2022
** Operantar XLI
** Número da Estação 008
** Latitude 42 30.175S
** Longitude 52 36.384
** Data/Hora (Z) 22/10/2022 2343Z
** Profundidade local 5665
** 09-1439
** Nome do Operador 1T FILIPE LOPES
# nquan = 30
# nvalues = 1020                        
# units = specified
# name 0 = scan: Scan Count
# name 1 = timeJ: Julian Days
# name 2 = latitude: Latitude [deg]
# name 3 = longitude: Longitude [deg]
# name 4 = dz/dtM: Descent Rate [m/s]
# name 5 = avgsvCM: Average Sound Velocity [Chen-Millero, m/s]
# name 6 = prDM: Pressure, Digiquartz [db]
# name 7 = depSM: Depth [salt water, m]
# name 8 = t090C: Temperature [ITS-90, deg C]
# name 9 = t190C: Temperature, 2 [ITS-90, deg C]
# name 10 = T2-T190C: Temperature Difference, 2 - 1 [ITS-90, deg C]
# name 11 = potemp090C: Potential Temperature [ITS-90, deg C]
# name 12 = potemp190C: Potential Temperature, 2 [ITS-90, deg C]
# name 13 = potemp90Cdiff: Potential Temperature, Diff, 2 - 1 [ITS-90, deg C]
# name 14 = c0S/m: Conductivity [S/m]
# name 15 = c1S/m: Conductivity, 2 [S/m]
# name 16 = C2-C1S/m: Conductivity Difference, 2 - 1 [S/m]
# name 17 = sal00: Salinity, Practical [PSU]
# name 18 = sal11: Salinity, Practical, 2 [PSU]
# name 19 = sbeox0ML/L: Oxygen, SBE 43 [ml/l]
# name 20 = sigma-é00: Density [sigma-theta, kg/m^3]
# name 21 = sigma-é11: Density, 2 [sigma-theta, kg/m^3]
# name 22 = sal00: Salinity, Practical [PSU]
# name 23 = sigma-é00: Density [sigma-theta, kg/m^3]
# name 24 = svCM: Sound Velocity [Chen-Millero, m/s]
# name 25 = svCM1: Sound Velocity, 2 [Chen-Millero, m/s]
# name 26 = gsw_ptA0: potential temperature [ITS-90, deg C]
# name 27 = gsw_densityA0: density, TEOS-10 [density, kg/m^3]
# name 28 = gsw_saA0: Absolute Salinity [g/kg]
# name 29 = flag:
# span 0 =        685,      30948       
# span 1 = 295.989543, 296.004137       
# span 2 =  -42.50696,  -42.50512       
# span 3 =  -52.63620,  -52.61845       
# span 4 =     -0.022,      1.598       
# span 5 =       0.00,    1505.49       
# span 6 =      4.000,   1023.000       
# span 7 =      3.968,   1012.426       
# span 8 =     3.0793,    14.0842       
# span 9 =     3.0797,    14.0836       
# span 10 =    -0.0551,     0.0808      
# span 11 =     3.0093,    14.0836      
# span 12 =     3.0098,    14.0828      
# span 13 =    -0.0551,     0.0803      
# span 14 =   3.164818,   4.176686      
# span 15 =   3.164845,   4.176675      
# span 16 =  -0.005189,   0.007203      
# span 17 =    34.1376,    35.0501      
# span 18 =    34.1375,    35.0494      
# span 19 =     4.3730,     6.1822      
# span 20 =    25.9859,    27.3631      
# span 21 =    25.9861,    27.3627      
# span 22 =    34.1363,    35.0462      
# span 23 =    25.9858,    27.3629      
# span 24 =    1474.79,    1503.61      
# span 25 =    1474.79,    1503.61      
# span 26 =     3.0092,    14.0836      
# span 27 =  1026.0083,  1032.1001      
# span 28 =    34.2985,    35.2117      
# span 29 = 0.0000e+00, 0.0000e+00      
# interval = decibars: 1                
# start_time = Oct 22 2022 23:44:28 [NMEA time, header]
# bad_flag = -9.990e-29
*END*
[from data line 967]
      26804 296.002139  -42.50686  -52.63375      0.931    1479.30    971.000    961.091     3.1837     3.1843     0.0006     3.1169     3.1175     0.0006   3.169340   3.169380   0.000037    34.3182    34.3180     4.5235    27.3301    27.3299    34.3176    27.3296    1478.26    1478.27     3.1167  1031.8262    34.4827 0.0000e+00
      26827 296.002150  -42.50686  -52.63376      1.046    1479.30    972.000    962.079     3.1804     3.1809     0.0006     3.1135     3.1141     0.0006   3.169135   3.169183   0.000048    34.3185    34.3185     4.5189    27.3307    27.3306    34.3181    27.3303    1478.27    1478.27     3.1134  1031.8315    34.4831 0.0000e+00
      26861 296.002166  -42.50686  -52.63377      0.817    1479.30    973.000    963.067     3.1780     3.1815     0.0036     3.1111     3.1146     0.0035   3.169042   3.169300   0.000246    34.3194    34.3186     4.5188    27.3316    27.3306    34.3190    27.3313    1478.28    1478.29     3.1109  1031.8371    34.4840 0.0000e+00
      26913 296.002191  -42.50686  -52.63380      0.396    1479.30    974.000    964.054     3.1735     3.1750     0.0015     3.1065     3.1080     0.0015   3.168701   3.168799   0.000109    34.3197    34.3195     4.5122    27.3322    27.3319    34.3191    27.3317    1478.27    1478.28     3.1064  1031.8423    34.4841 0.0000e+00
      26944 296.002206  -42.50686  -52.63383      0.691    1479.30    975.000    965.042     3.1664     3.1674     0.0010     3.0995     3.1004     0.0010   3.168243   3.168245   0.000003    34.3213    34.3203     4.5084    27.3342    27.3333    34.3205    27.3335    1478.26    1478.26     3.0993  1031.8488    34.4855 0.0000e+00
      26973 296.002220  -42.50686  -52.63385      0.837    1479.30    976.000    966.029     3.1621     3.1633     0.0012     3.0951     3.0962     0.0012   3.167980   3.168048   0.000055    34.3220    34.3215     4.5056    27.3352    27.3346    34.3214    27.3346    1478.26    1478.26     3.0949  1031.8546    34.4864 0.0000e+00
      27026 296.002246  -42.50686  -52.63388      0.408    1479.30    977.000    967.018     3.1597     3.1619     0.0022     3.0926     3.0949     0.0022   3.167784   3.167955   0.000183    34.3215    34.3214     4.4967    27.3350    27.3347    34.3210    27.3346    1478.26    1478.27     3.0925  1031.8592    34.4861 0.0000e+00
      27062 296.002263  -42.50686  -52.63391      0.605    1479.30    978.000    968.004     3.1559     3.1563     0.0004     3.0888     3.0892     0.0004   3.167611   3.167582  -0.000016    34.3230    34.3224     4.4836    27.3365    27.3360    34.3224    27.3360    1478.27    1478.27     3.0886  1031.8653    34.4875 0.0000e+00
      27083 296.002273  -42.50686  -52.63392      0.970    1479.30    979.000    968.991     3.1544     3.1545     0.0001     3.0872     3.0873     0.0001   3.167516   3.167529   0.000010    34.3228    34.3229     4.4830    27.3365    27.3366    34.3223    27.3361    1478.28    1478.28     3.0871  1031.8700    34.4874 0.0000e+00
      27101 296.002282  -42.50686  -52.63392      1.196    1479.30    980.000    969.979     3.1534     3.1535     0.0001     3.0862     3.0862     0.0001   3.167490   3.167515   0.000030    34.3230    34.3233     4.4815    27.3367    27.3370    34.3225    27.3364    1478.29    1478.29     3.0860  1031.8749    34.4876 0.0000e+00
      27122 296.002292  -42.50686  -52.63394      1.235    1479.30    981.000    970.964     3.1521     3.1529     0.0008     3.0847     3.0856     0.0008   3.167461   3.167533   0.000063    34.3236    34.3235     4.4759    27.3374    27.3372    34.3231    27.3370    1478.30    1478.31     3.0846  1031.8801    34.4882 0.0000e+00
      27185 296.002322  -42.50686  -52.63397      0.365    1479.26    982.000    971.956     3.1502     3.1527     0.0025     3.0828     3.0853     0.0025   3.167363   3.167540   0.000178    34.3237    34.3233     4.4809    27.3377    27.3371    34.3233    27.3373    1478.31    1478.32     3.0827  1031.8851    34.4884 0.0000e+00
      27237 296.002348  -42.50686  -52.63401      0.537    1479.25    983.000    972.941     3.1458     3.1469     0.0011     3.0783     3.0794     0.0011   3.167129   3.167177   0.000048    34.3252    34.3246     4.4678    27.3393    27.3387    34.3247    27.3388    1478.31    1478.31     3.0782  1031.8913    34.4898 0.0000e+00
      27266 296.002362  -42.50686  -52.63404      0.772    1479.25    984.000    973.929     3.1428     3.1435     0.0006     3.0753     3.0760     0.0006   3.167038   3.167041   0.000010    34.3265    34.3260     4.4634    27.3406    27.3401    34.3261    27.3403    1478.32    1478.32     3.0752  1031.8974    34.4913 0.0000e+00
      27295 296.002376  -42.50688  -52.63406      0.832    1479.25    985.000    974.916     3.1425     3.1429     0.0004     3.0749     3.0753     0.0004   3.167071   3.167086   0.000014    34.3268    34.3265     4.4742    27.3408    27.3405    34.3264    27.3405    1478.33    1478.33     3.0748  1031.9023    34.4916 0.0000e+00
      27328 296.002392  -42.50688  -52.63407      0.764    1479.25    986.000    975.904     3.1405     3.1422     0.0017     3.0729     3.0746     0.0017   3.166999   3.167121   0.000106    34.3277    34.3272     4.4714    27.3417    27.3411    34.3271    27.3413    1478.34    1478.35     3.0727  1031.9076    34.4923 0.0000e+00
      27367 296.002410  -42.50688  -52.63408      0.621    1479.25    987.000    976.891     3.1343     3.1363     0.0020     3.0667     3.0686     0.0019   3.166594   3.166709   0.000128    34.3288    34.3283     4.4657    27.3432    27.3426    34.3282    27.3427    1478.33    1478.34     3.0665  1031.9138    34.4934 0.0000e+00
      27401 296.002427  -42.50686  -52.63410      0.667    1479.25    988.000    977.879     3.1321     3.1324     0.0004     3.0644     3.0647     0.0004   3.166483   3.166496   0.000016    34.3292    34.3290     4.4629    27.3437    27.3435    34.3287    27.3433    1478.34    1478.34     3.0642  1031.9190    34.4939 0.0000e+00
      27427 296.002439  -42.50686  -52.63411      0.845    1479.25    989.000    978.866     3.1308     3.1314     0.0007     3.0630     3.0636     0.0006   3.166435   3.166453   0.000020    34.3295    34.3291     4.4589    27.3441    27.3437    34.3290    27.3437    1478.35    1478.35     3.0629  1031.9240    34.4942 0.0000e+00
      27450 296.002450  -42.50686  -52.63413      1.001    1479.25    990.000    979.853     3.1303     3.1306     0.0004     3.0624     3.0628     0.0004   3.166410   3.166448   0.000036    34.3291    34.3291     4.4531    27.3438    27.3438    34.3287    27.3435    1478.37    1478.37     3.0623  1031.9284    34.4939 0.0000e+00
      27483 296.002466  -42.50686  -52.63415      0.867    1479.25    991.000    980.837     3.1296     3.1314     0.0018     3.0617     3.0634     0.0018   3.166396   3.166554   0.000146    34.3291    34.3290     4.4525    27.3439    27.3437    34.3287    27.3436    1478.38    1478.39     3.0615  1031.9331    34.4939 0.0000e+00
      27583 296.002515  -42.50688  -52.63422      0.170    1479.25    992.000    981.840     3.1272     3.1282     0.0010     3.0592     3.0602     0.0010   3.166235   3.166293   0.000070    34.3293    34.3291     4.4469    27.3443    27.3440    34.3288    27.3439    1478.39    1478.39     3.0591  1031.9380    34.4940 0.0000e+00
      27605 296.002525  -42.50686  -52.63424      0.737    1479.25    993.000    982.816     3.1214     3.1215     0.0001     3.0534     3.0535     0.0001   3.165849   3.165832  -0.000021    34.3303    34.3299     4.4494    27.3456    27.3453    34.3298    27.3452    1478.38    1478.38     3.0532  1031.9441    34.4950 0.0000e+00
      27627 296.002536  -42.50686  -52.63424      0.985    1479.25    994.000    983.803     3.1205     3.1208     0.0003     3.0524     3.0527     0.0003   3.165812   3.165817   0.000008    34.3301    34.3299     4.4502    27.3455    27.3453    34.3297    27.3452    1478.39    1478.39     3.0523  1031.9487    34.4949 0.0000e+00
      27650 296.002547  -42.50686  -52.63426      1.070    1479.25    995.000    984.790     3.1199     3.1205     0.0006     3.0517     3.0523     0.0006   3.165805   3.165861   0.000053    34.3301    34.3302     4.4539    27.3456    27.3456    34.3298    27.3453    1478.41    1478.41     3.0516  1031.9534    34.4950 0.0000e+00
      27682 296.002562  -42.50686  -52.63427      0.859    1479.25    996.000    985.778     3.1194     3.1209     0.0015     3.0512     3.0527     0.0015   3.165885   3.165960   0.000070    34.3310    34.3302     4.4475    27.3463    27.3456    34.3307    27.3461    1478.42    1478.43     3.0511  1031.9588    34.4959 0.0000e+00
      27746 296.002593  -42.50688  -52.63431      0.366    1479.25    997.000    986.763     3.1181     3.1188     0.0007     3.0498     3.0505     0.0007   3.165880   3.165932   0.000055    34.3318    34.3317     4.4428    27.3471    27.3469    34.3316    27.3469    1478.43    1478.44     3.0496  1031.9642    34.4968 0.0000e+00
      27890 296.002662  -42.50687  -52.63440      0.180    1479.25    998.000    987.762     3.1170     3.1175     0.0004     3.0486     3.0491     0.0004   3.165879   3.165929   0.000053    34.3323    34.3325     4.4389    27.3476    27.3477    34.3322    27.3475    1478.45    1478.45     3.0485  1031.9694    34.4974 0.0000e+00
      28069 296.002749  -42.50688  -52.63452      0.586    1479.25    999.000    988.740     3.1146     3.1153     0.0007     3.0462     3.0469     0.0007   3.165814   3.165861   0.000045    34.3335    34.3334     4.4440    27.3488    27.3486    34.3334    27.3487    1478.45    1478.46     3.0461  1031.9752    34.4986 0.0000e+00
      28185 296.002805  -42.50688  -52.63458      0.340    1479.25   1000.000    989.728     3.1124     3.1128     0.0004     3.0439     3.0443     0.0004   3.165730   3.165774   0.000047    34.3343    34.3344     4.4332    27.3497    27.3497    34.3342    27.3496    1478.46    1478.46     3.0438  1031.9808    34.4995 0.0000e+00
      28283 296.002852  -42.50688  -52.63464      0.455    1479.25   1001.000    990.714     3.1114     3.1118     0.0004     3.0429     3.0433     0.0004   3.165714   3.165744   0.000028    34.3347    34.3346     4.4324    27.3500    27.3500    34.3345    27.3499    1478.48    1478.48     3.0427  1031.9857    34.4998 0.0000e+00
      28320 296.002870  -42.50688  -52.63465      0.614    1479.25   1002.000    991.697     3.1062     3.1078     0.0017     3.0376     3.0392     0.0016   3.165435   3.165540   0.000099    34.3365    34.3359     4.4345    27.3520    27.3514    34.3362    27.3517    1478.47    1478.48     3.0374  1031.9922    34.5014 0.0000e+00
      28406 296.002911  -42.50688  -52.63472      0.217    1479.25   1003.000    992.691     3.1041     3.1045     0.0004     3.0355     3.0358     0.0004   3.165355   3.165392   0.000042    34.3370    34.3371     4.4237    27.3526    27.3527    34.3368    27.3524    1478.48    1478.48     3.0353  1031.9976    34.5021 0.0000e+00
      28495 296.002954  -42.50689  -52.63477      0.259    1479.25   1004.000    993.676     3.1040     3.1041     0.0001     3.0352     3.0354     0.0001   3.165399   3.165430   0.000031    34.3371    34.3373     4.4156    27.3527    27.3529    34.3370    27.3526    1478.50    1478.50     3.0351  1032.0023    34.5023 0.0000e+00
      28576 296.002994  -42.50688  -52.63482      0.399    1479.25   1005.000    994.666     3.1038     3.1040     0.0003     3.0350     3.0352     0.0003   3.165444   3.165478   0.000035    34.3373    34.3374     4.4094    27.3528    27.3529    34.3372    27.3528    1478.51    1478.51     3.0349  1032.0071    34.5025 0.0000e+00
      28672 296.003040  -42.50689  -52.63488      0.560    1479.23   1006.000    995.667     3.1036     3.1039     0.0004     3.0347     3.0350     0.0003   3.165476   3.165518   0.000043    34.3374    34.3375     4.4141    27.3529    27.3530    34.3373    27.3529    1478.53    1478.53     3.0346  1032.0118    34.5026 0.0000e+00
      28801 296.003102  -42.50690  -52.63496      0.511    1479.23   1007.000    996.634     3.1028     3.1035     0.0007     3.0338     3.0345     0.0007   3.165491   3.165536   0.000044    34.3378    34.3377     4.4125    27.3534    27.3532    34.3378    27.3534    1478.54    1478.55     3.0337  1032.0168    34.5031 0.0000e+00
      29092 296.003242  -42.50689  -52.63512      0.197    1479.23   1008.000    997.638     3.1023     3.1024     0.0001     3.0333     3.0334     0.0001   3.165495   3.165529   0.000033    34.3379    34.3382     4.4142    27.3535    27.3537    34.3378    27.3535    1478.56    1478.56     3.0331  1032.0215    34.5032 0.0000e+00
      30164 296.003759  -42.50693  -52.63576      0.550    1479.23   1009.000    998.610     3.1022     3.1028     0.0005     3.0331     3.0337     0.0005   3.165539   3.165590   0.000049    34.3380    34.3380     4.4149    27.3536    27.3536    34.3379    27.3535    1478.57    1478.57     3.0330  1032.0262    34.5033 0.0000e+00
      30380 296.003863  -42.50694  -52.63589      0.210    1479.23   1010.000    999.604     3.1010     3.1014     0.0004     3.0319     3.0323     0.0004   3.165489   3.165544   0.000054    34.3382    34.3384     4.4146    27.3539    27.3540    34.3381    27.3538    1478.58    1478.59     3.0317  1032.0311    34.5034 0.0000e+00
      30437 296.003891  -42.50694  -52.63592      0.423    1479.23   1011.000   1000.589     3.0987     3.0992     0.0006     3.0294     3.0300     0.0006   3.165368   3.165440   0.000072    34.3387    34.3390     4.4142    27.3545    27.3547    34.3386    27.3544    1478.59    1478.59     3.0293  1032.0363    34.5039 0.0000e+00
      30474 296.003909  -42.50696  -52.63594      0.614    1479.23   1012.000   1001.575     3.0984     3.0987     0.0003     3.0291     3.0294     0.0003   3.165416   3.165440   0.000024    34.3390    34.3390     4.4123    27.3548    27.3547    34.3390    27.3547    1478.61    1478.61     3.0289  1032.0412    34.5043 0.0000e+00
      30502 296.003922  -42.50696  -52.63595      0.804    1479.23   1013.000   1002.563     3.0983     3.0987     0.0003     3.0290     3.0293     0.0003   3.165454   3.165495   0.000040    34.3391    34.3392     4.4115    27.3548    27.3549    34.3389    27.3547    1478.62    1478.63     3.0288  1032.0458    34.5043 0.0000e+00
      30531 296.003936  -42.50696  -52.63598      0.860    1479.23   1014.000   1003.550     3.0958     3.0969     0.0011     3.0264     3.0275     0.0011   3.165343   3.165425   0.000074    34.3400    34.3397     4.4055    27.3558    27.3555    34.3398    27.3556    1478.63    1478.64     3.0262  1032.0514    34.5051 0.0000e+00
      30600 296.003969  -42.50696  -52.63601      0.338    1479.23   1015.000   1004.539     3.0918     3.0937     0.0018     3.0224     3.0242     0.0018   3.165129   3.165263   0.000133    34.3411    34.3408     4.3992    27.3571    27.3566    34.3409    27.3569    1478.63    1478.64     3.0222  1032.0573    34.5062 0.0000e+00
      30664 296.004000  -42.50696  -52.63605      0.460    1479.23   1016.000   1005.525     3.0898     3.0902     0.0003     3.0203     3.0206     0.0003   3.165060   3.165097   0.000037    34.3418    34.3419     4.3968    27.3578    27.3578    34.3416    27.3577    1478.64    1478.64     3.0201  1032.0627    34.5070 0.0000e+00
      30696 296.004016  -42.50696  -52.63607      0.700    1479.23   1017.000   1006.512     3.0874     3.0881     0.0007     3.0177     3.0185     0.0007   3.164951   3.164981   0.000035    34.3427    34.3423     4.3860    27.3588    27.3584    34.3424    27.3585    1478.65    1478.65     3.0176  1032.0682    34.5078 0.0000e+00
      30727 296.004031  -42.50696  -52.63608      0.774    1479.23   1018.000   1007.499     3.0849     3.0855     0.0006     3.0152     3.0159     0.0006   3.164900   3.164913   0.000014    34.3441    34.3436     4.3914    27.3601    27.3596    34.3438    27.3599    1478.65    1478.66     3.0151  1032.0742    34.5092 0.0000e+00
