Pos-Processados/process_op41/Processamento_split/down/doperantar41_009.cnv
* Sea-Bird SBE 9 Data File:
* FileName = C:\Users\Dell\Desktop\OperantarXLI\config\00_BRUTOS\OPE41009.hdr
* Software Version Seasave V 7.26.7.110
* Temperature SN = 6497
* Conductivity SN = 4954
* Number of Bytes Per Scan = 31
* Number of Voltage Words = 2
* Number of Scans Averaged by the Deck Unit = 1
* NMEA Latitude = 42 49.84 S
* NMEA Longitude = 052 15.44 W
* NMEA UTC (Time) = Oct 23 2022 04:30:44
* NMEA baud rate = 4800
** H41
** Navio Polar Almirante Maximiano
** LH-021/2022
** Operantar XLI
** Número da Estação 009
** Latitude 42 49.421' S
** Longitude 52 14.906' W
** Data/Hora (Z) 23/10/2022 0403Z
** Profundidade local 5745 m
** 09-1439
** Nome do Operador CT Garla
# nquan = 30
# nvalues = 1021                        
# units = specified
# name 0 = scan: Scan Count
# name 1 = timeJ: Julian Days
# name 2 = latitude: Latitude [deg]
# name 3 = longitude: Longitude [deg]
# name 4 = dz/dtM: Descent Rate [m/s]
# name 5 = avgsvCM: Average Sound Velocity [Chen-Millero, m/s]
# name 6 = prDM: Pressure, Digiquartz [db]
# name 7 = depSM: Depth [salt water, m]
# name 8 = t090C: Temperature [ITS-90, deg C]
# name 9 = t190C: Temperature, 2 [ITS-90, deg C]
# name 10 = T2-T190C: Temperature Difference, 2 - 1 [ITS-90, deg C]
# name 11 = potemp090C: Potential Temperature [ITS-90, deg C]
# name 12 = potemp190C: Potential Temperature, 2 [ITS-90, deg C]
# name 13 = potemp90Cdiff: Potential Temperature, Diff, 2 - 1 [ITS-90, deg C]
# name 14 = c0S/m: Conductivity [S/m]
# name 15 = c1S/m: Conductivity, 2 [S/m]
# name 16 = C2-C1S/m: Conductivity Difference, 2 - 1 [S/m]
# name 17 = sal00: Salinity, Practical [PSU]
# name 18 = sal11: Salinity, Practical, 2 [PSU]
# name 19 = sbeox0ML/L: Oxygen, SBE 43 [ml/l]
# name 20 = sigma-é00: Density [sigma-theta, kg/m^3]
# name 21 = sigma-é11: Density, 2 [sigma-theta, kg/m^3]
# name 22 = sal00: Salinity, Practical [PSU]
# name 23 = sigma-é00: Density [sigma-theta, kg/m^3]
# name 24 = svCM: Sound Velocity [Chen-Millero, m/s]
# name 25 = svCM1: Sound Velocity, 2 [Chen-Millero, m/s]
# name 26 = gsw_ptA0: potential temperature [ITS-90, deg C]
# name 27 = gsw_densityA0: density, TEOS-10 [density, kg/m^3]
# name 28 = gsw_saA0: Absolute Salinity [g/kg]
# name 29 = flag:
# span 0 =        612,      28543       
# span 1 = 296.188304, 296.201774       
# span 2 =  -42.83550,  -42.83078       
# span 3 =  -52.26872,  -52.25768       
# span 4 =     -0.182,      1.512       
# span 5 =       0.00,    1564.87       
# span 6 =      9.000,   1029.000       
# span 7 =      8.928,   1018.320       
# span 8 =     3.5795,    14.6320       
# span 9 =     3.5794,    14.6321       
# span 10 =    -0.0217,     0.1746      
# span 11 =     3.5059,    14.6298      
# span 12 =     3.5060,    14.6299      
# span 13 =    -0.0215,     0.1741      
# span 14 =   3.195866,   4.311765      
# span 15 =   3.195667,   4.311702      
# span 16 =  -0.005141,   0.018727      
# span 17 =    34.1649,    35.6139      
# span 18 =    34.1642,    35.6129      
# span 19 =     4.9431,     6.0449      
# span 20 =    26.4469,    27.1996      
# span 21 =    26.4464,    27.1989      
# span 22 =    34.1609,    35.6140      
# span 23 =    26.4471,    27.1997      
# span 24 =    1480.60,    1510.81      
# span 25 =    1480.60,    1510.81      
# span 26 =     3.5058,    14.6298      
# span 27 =  1026.4922,  1031.9514      
# span 28 =    34.3236,    35.7825      
# span 29 = 0.0000e+00, 0.0000e+00      
# interval = decibars: 1                
# start_time = Oct 23 2022 04:30:44 [NMEA time, header]
# bad_flag = -9.990e-29
*END*
[from data line 871]
      24466 296.199808  -42.83484  -52.26720      0.687    1495.38    880.000    871.183     4.2431     4.2450     0.0020     4.1761     4.1780     0.0020   3.247318   3.247310   0.000003    34.1884    34.1865     5.4958    27.1223    27.1205    34.1866    27.1208    1481.05    1481.06     4.1759  1031.1763    34.3505 0.0000e+00
      24493 296.199821  -42.83486  -52.26720      0.835    1495.38    881.000    872.171     4.2324     4.2334     0.0009     4.1655     4.1664     0.0009   3.246481   3.246375  -0.000104    34.1890    34.1868     5.4978    27.1239    27.1220    34.1872    27.1225    1481.02    1481.02     4.1653  1031.1827    34.3512 0.0000e+00
      24519 296.199833  -42.83486  -52.26721      0.927    1495.38    882.000    873.160     4.2291     4.2322     0.0031     4.1621     4.1651     0.0031   3.246167   3.246317   0.000137    34.1882    34.1866     5.4945    27.1235    27.1220    34.1864    27.1222    1481.02    1481.03     4.1619  1031.1871    34.3504 0.0000e+00
      24546 296.199846  -42.83486  -52.26723      0.906    1495.38    883.000    874.147     4.2263     4.2282     0.0019     4.1592     4.1611     0.0019   3.246001   3.246013   0.000026    34.1881    34.1865     5.4877    27.1238    27.1223    34.1869    27.1228    1481.03    1481.03     4.1590  1031.1924    34.3509 0.0000e+00
      24573 296.199859  -42.83486  -52.26724      0.870    1495.38    884.000    875.135     4.2287     4.2288     0.0002     4.1615     4.1616     0.0002   3.246276   3.246212  -0.000064    34.1881    34.1872     5.4855    27.1236    27.1228    34.1872    27.1229    1481.06    1481.06     4.1613  1031.1969    34.3512 0.0000e+00
      24597 296.199871  -42.83486  -52.26725      0.949    1495.38    885.000    876.123     4.2250     4.2257     0.0007     4.1577     4.1584     0.0007   3.245946   3.245947   0.000009    34.1879    34.1873     5.4905    27.1238    27.1232    34.1867    27.1228    1481.06    1481.06     4.1575  1031.2015    34.3506 0.0000e+00
      24617 296.199880  -42.83486  -52.26726      1.093    1495.38    886.000    877.110     4.2246     4.2246    -0.0000     4.1573     4.1572    -0.0000   3.245968   3.245969   0.000002    34.1875    34.1876     5.4903    27.1235    27.1236    34.1868    27.1230    1481.07    1481.07     4.1571  1031.2062    34.3508 0.0000e+00
      24635 296.199889  -42.83486  -52.26726      1.220    1495.38    887.000    878.098     4.2237     4.2241     0.0004     4.1562     4.1567     0.0004   3.245916   3.245954   0.000045    34.1877    34.1877     5.4800    27.1237    27.1238    34.1866    27.1229    1481.09    1481.09     4.1561  1031.2108    34.3506 0.0000e+00
      24656 296.199899  -42.83486  -52.26728      1.247    1495.38    888.000    879.086     4.2199     4.2210     0.0011     4.1525     4.1536     0.0011   3.245609   3.245711   0.000095    34.1875    34.1875     5.4723    27.1240    27.1239    34.1864    27.1231    1481.09    1481.09     4.1523  1031.2156    34.3504 0.0000e+00
      24689 296.199915  -42.83487  -52.26729      0.867    1495.38    889.000    880.068     4.2148     4.2224     0.0077     4.1472     4.1549     0.0076   3.245287   3.245897   0.000577    34.1885    34.1873     5.4732    27.1253    27.1236    34.1874    27.1245    1481.08    1481.11     4.1471  1031.2217    34.3514 0.0000e+00
      24744 296.199942  -42.83490  -52.26731      0.371    1495.38    890.000    881.073     4.2104     4.2129     0.0025     4.1428     4.1453     0.0025   3.244938   3.245105   0.000195    34.1881    34.1879     5.4814    27.1255    27.1250    34.1874    27.1249    1481.08    1481.09     4.1426  1031.2268    34.3513 0.0000e+00
      24775 296.199957  -42.83490  -52.26732      0.687    1495.38    891.000    882.050     4.2085     4.2088     0.0003     4.1408     4.1412     0.0003   3.244867   3.244830  -0.000033    34.1887    34.1880     5.4722    27.1262    27.1256    34.1880    27.1256    1481.09    1481.09     4.1407  1031.2321    34.3520 0.0000e+00
      24797 296.199967  -42.83490  -52.26734      0.950    1495.38    892.000    883.037     4.2059     4.2067     0.0008     4.1382     4.1390     0.0008   3.244591   3.244652   0.000059    34.1881    34.1880     5.4620    27.1260    27.1258    34.1869    27.1250    1481.09    1481.10     4.1380  1031.2361    34.3509 0.0000e+00
      24816 296.199976  -42.83490  -52.26734      1.141    1495.38    893.000    884.026     4.2009     4.2016     0.0006     4.1332     4.1338     0.0006   3.244200   3.244244   0.000058    34.1879    34.1879     5.4568    27.1263    27.1262    34.1870    27.1256    1481.09    1481.09     4.1330  1031.2414    34.3510 0.0000e+00
      24836 296.199986  -42.83490  -52.26735      1.230    1495.38    894.000    885.013     4.1995     4.1999     0.0004     4.1317     4.1321     0.0004   3.244152   3.244185   0.000039    34.1881    34.1881     5.4616    27.1266    27.1266    34.1873    27.1260    1481.10    1481.10     4.1315  1031.2464    34.3513 0.0000e+00
      24859 296.199997  -42.83490  -52.26736      1.143    1495.38    895.000    886.001     4.1984     4.1994     0.0010     4.1305     4.1315     0.0010   3.244106   3.244193   0.000082    34.1882    34.1881     5.4628    27.1268    27.1266    34.1875    27.1263    1481.11    1481.12     4.1303  1031.2513    34.3515 0.0000e+00
      24892 296.200013  -42.83490  -52.26738      0.795    1495.38    896.000    886.989     4.1953     4.1987     0.0034     4.1274     4.1307     0.0033   3.243945   3.244186   0.000236    34.1891    34.1884     5.4676    27.1279    27.1270    34.1883    27.1272    1481.12    1481.13     4.1272  1031.2568    34.3523 0.0000e+00
      24927 296.200030  -42.83492  -52.26739      0.675    1495.38    897.000    887.977     4.1877     4.1897     0.0020     4.1197     4.1216     0.0020   3.243395   3.243409   0.000031    34.1903    34.1886     5.4548    27.1297    27.1281    34.1892    27.1288    1481.10    1481.11     4.1195  1031.2631    34.3532 0.0000e+00
      24954 296.200043  -42.83492  -52.26741      0.811    1495.38    898.000    888.964     4.1833     4.1840     0.0007     4.1152     4.1160     0.0007   3.243053   3.243049  -0.000013    34.1901    34.1892     5.4538    27.1300    27.1292    34.1892    27.1292    1481.10    1481.10     4.1151  1031.2681    34.3530 0.0000e+00
      24980 296.200055 -9.990e-29  -52.26742      0.920    1495.38    899.000    889.953     4.1791     4.1816     0.0025     4.1110     4.1134     0.0025   3.242707   3.242846   0.000126    34.1902    34.1891     5.4527    27.1305    27.1293    34.1890    27.1295    1481.10    1481.11     4.1108  1031.2713    34.3506 0.0000e+00
      25006 296.200068 -9.990e-29  -52.26742      0.936    1495.38    900.000    890.940     4.1749     4.1771     0.0022     4.1067     4.1089     0.0022   3.242402   3.242488   0.000098    34.1901    34.1890     5.4531    27.1309    27.1298    34.1893    27.1302    1481.10    1481.11     4.1065  1031.2765    34.3508 0.0000e+00
      25032 296.200081 -9.990e-29  -52.26743      0.909    1495.38    901.000    891.928     4.1713     4.1727     0.0014     4.1031     4.1044     0.0013   3.242109   3.242150   0.000045    34.1901    34.1892     5.4539    27.1312    27.1304    34.1890    27.1304    1481.10    1481.11     4.1029  1031.2814    34.3506 0.0000e+00
      25056 296.200092 -9.990e-29  -52.26744      0.963    1495.38    902.000    892.916     4.1683     4.1689     0.0005     4.1000     4.1006     0.0005   3.241860   3.241883   0.000022    34.1897    34.1894     5.4504    27.1312    27.1309    34.1887    27.1304    1481.11    1481.11     4.0998  1031.2861    34.3502 0.0000e+00
      25077 296.200102  -42.83494  -52.26745      1.076    1495.38    903.000    893.904     4.1649     4.1653     0.0004     4.0965     4.0969     0.0004   3.241621   3.241662   0.000050    34.1897    34.1899     5.4535    27.1316    27.1317    34.1889    27.1310    1481.11    1481.11     4.0963  1031.2933    34.3530 0.0000e+00
      25097 296.200112  -42.83494  -52.26747      1.158    1495.38    904.000    894.891     4.1632     4.1640     0.0007     4.0948     4.0955     0.0007   3.241520   3.241590   0.000062    34.1899    34.1899     5.4467    27.1319    27.1318    34.1889    27.1311    1481.12    1481.12     4.0946  1031.2980    34.3530 0.0000e+00
      25120 296.200123  -42.83494  -52.26748      1.120    1495.38    905.000    895.880     4.1585     4.1615     0.0030     4.0901     4.0930     0.0030   3.241198   3.241469   0.000244    34.1905    34.1902     5.4462    27.1329    27.1324    34.1895    27.1321    1481.12    1481.13     4.0899  1031.3036    34.3536 0.0000e+00
      25162 296.200143  -42.83494  -52.26750      0.625    1495.38    906.000    896.867     4.1554     4.1642     0.0088     4.0869     4.0956     0.0087   3.240971   3.241657   0.000689    34.1904    34.1894     5.4431    27.1332    27.1315    34.1896    27.1325    1481.12    1481.15     4.0867  1031.3078    34.3525 0.0000e+00
      25206 296.200164 -9.990e-29  -52.26752      0.527    1495.38    907.000    897.855     4.1378     4.1429     0.0050     4.0694     4.0744     0.0050   3.239337   3.239605   0.000270    34.1908    34.1888     5.4326    27.1353    27.1332    34.1880    27.1331    1481.06    1481.08     4.0692  1031.3122    34.3495 0.0000e+00
      25232 296.200177 -9.990e-29  -52.26752      0.806    1495.38    908.000    898.842     4.1121     4.1142     0.0021     4.0437     4.0458     0.0021   3.237195   3.237072  -0.000128    34.1917    34.1881     5.4374    27.1387    27.1356    34.1889    27.1364    1480.97    1480.97     4.0435  1031.3208    34.3505 0.0000e+00
      25253 296.200187 -9.990e-29  -52.26754      1.009    1495.38    909.000    899.830     4.1051     4.1064     0.0014     4.0367     4.0380     0.0014   3.236416   3.236468   0.000051    34.1887    34.1878     5.4382    27.1370    27.1362    34.1865    27.1353    1480.95    1480.96     4.0365  1031.3244    34.3481 0.0000e+00
      25274 296.200197  -42.83496  -52.26756      1.127    1495.38    910.000    900.818     4.1016     4.1023     0.0007     4.0332     4.0338     0.0007   3.236108   3.236158   0.000053    34.1877    34.1876     5.4420    27.1366    27.1365    34.1860    27.1352    1480.96    1480.96     4.0330  1031.3307    34.3498 0.0000e+00
      25297 296.200208  -42.83496  -52.26756      1.120    1495.38    911.000    901.806     4.1003     4.1011     0.0008     4.0317     4.0325     0.0008   3.236027   3.236120   0.000092    34.1874    34.1877     5.4464    27.1365    27.1366    34.1859    27.1353    1480.97    1480.97     4.0315  1031.3356    34.3500 0.0000e+00
      25321 296.200220  -42.83496  -52.26756      1.037    1495.38    912.000    902.793     4.0992     4.0999     0.0007     4.0305     4.0313     0.0007   3.235981   3.236023   0.000055    34.1873    34.1872     5.4497    27.1365    27.1363    34.1860    27.1355    1480.98    1480.98     4.0304  1031.3404    34.3501 0.0000e+00
      25346 296.200232  -42.83498  -52.26758      0.967    1495.38    913.000    903.781     4.1010     4.1009    -0.0002     4.0323     4.0322    -0.0001   3.236295   3.236197  -0.000080    34.1879    34.1871     5.4474    27.1368    27.1362    34.1873    27.1363    1481.01    1481.00     4.0321  1031.3457    34.3514 0.0000e+00
      25374 296.200246  -42.83498  -52.26758      0.894    1495.38    914.000    904.769     4.1036     4.1040     0.0003     4.0348     4.0352     0.0003   3.236681   3.236609  -0.000070    34.1892    34.1880     5.4399    27.1376    27.1366    34.1886    27.1371    1481.03    1481.03     4.0347  1031.3510    34.3527 0.0000e+00
      25410 296.200263  -42.83500  -52.26760      0.712    1495.38    915.000    905.757     4.1043     4.1057     0.0015     4.0354     4.0368     0.0014   3.236819   3.236866   0.000047    34.1897    34.1887     5.4469    27.1379    27.1370    34.1891    27.1374    1481.05    1481.06     4.0352  1031.3559    34.3532 0.0000e+00
      25445 296.200279  -42.83500  -52.26762      0.658    1495.38    916.000    906.745     4.1080     4.1076    -0.0004     4.0390     4.0385    -0.0004   3.237258   3.237234  -0.000025    34.1901    34.1903     5.4310    27.1379    27.1380    34.1899    27.1377    1481.09    1481.09     4.0388  1031.3607    34.3540 0.0000e+00
      25470 296.200292  -42.83500  -52.26762      0.830    1495.38    917.000    907.732     4.1066     4.1074     0.0008     4.0375     4.0383     0.0008   3.237209   3.237248   0.000041    34.1909    34.1906     5.4209    27.1386    27.1383    34.1903    27.1381    1481.10    1481.10     4.0373  1031.3657    34.3544 0.0000e+00
      25492 296.200302  -42.83500  -52.26764      1.021    1495.38    918.000    908.720     4.0968     4.0985     0.0017     4.0277     4.0294     0.0017   3.236287   3.236448   0.000152    34.1908    34.1908     5.4208    27.1396    27.1394    34.1890    27.1381    1481.07    1481.08     4.0275  1031.3705    34.3531 0.0000e+00
      25511 296.200312  -42.83500  -52.26764      1.166    1495.38    919.000    909.708     4.0844     4.0867     0.0022     4.0153     4.0176     0.0022   3.235196   3.235350   0.000161    34.1904    34.1899     5.4206    27.1405    27.1399    34.1885    27.1390    1481.04    1481.04     4.0151  1031.3762    34.3526 0.0000e+00
      25532 296.200321  -42.83500  -52.26765      1.208    1495.38    920.000    910.695     4.0753     4.0773     0.0019     4.0062     4.0081     0.0019   3.234396   3.234563   0.000168    34.1896    34.1896     5.4197    27.1409    27.1407    34.1880    27.1395    1481.01    1481.02     4.0060  1031.3815    34.3521 0.0000e+00
      25557 296.200334  -42.83500  -52.26766      1.064    1495.38    921.000    911.683     4.0738     4.0757     0.0019     4.0046     4.0065     0.0019   3.234419   3.234596   0.000157    34.1902    34.1901     5.4157    27.1415    27.1412    34.1893    27.1408    1481.03    1481.03     4.0044  1031.3874    34.3535 0.0000e+00
      25596 296.200352  -42.83502  -52.26768      0.664    1495.38    922.000    912.671     4.0740     4.0805     0.0065     4.0047     4.0112     0.0065   3.234487   3.234994   0.000503    34.1904    34.1896     5.4177    27.1417    27.1403    34.1894    27.1409    1481.04    1481.07     4.0045  1031.3920    34.3536 0.0000e+00
      25635 296.200371  -42.83502  -52.26769      0.588    1495.38    923.000    913.659     4.0620     4.0654     0.0033     3.9928     3.9961     0.0033   3.233392   3.233526   0.000145    34.1903    34.1886     5.4067    27.1428    27.1411    34.1884    27.1413    1481.01    1481.02     3.9926  1031.3973    34.3525 0.0000e+00
      25663 296.200385  -42.83504  -52.26772      0.773    1495.38    924.000    914.646     4.0463     4.0484     0.0020     3.9771     3.9791     0.0020   3.232019   3.231986  -0.000032    34.1901    34.1876     5.4131    27.1442    27.1420    34.1880    27.1425    1480.96    1480.97     3.9769  1031.4035    34.3521 0.0000e+00
      25687 296.200396  -42.83504  -52.26772      0.944    1495.38    925.000    915.634     4.0349     4.0386     0.0037     3.9657     3.9694     0.0037   3.230895   3.231098   0.000186    34.1885    34.1868     5.4172    27.1441    27.1424    34.1861    27.1422    1480.93    1480.94     3.9655  1031.4080    34.3502 0.0000e+00
      25709 296.200407  -42.83504  -52.26774      1.051    1495.38    926.000    916.622     4.0293     4.0309     0.0016     3.9600     3.9616     0.0016   3.230325   3.230420   0.000109    34.1864    34.1860     5.4274    27.1430    27.1426    34.1847    27.1417    1480.92    1480.92     3.9598  1031.4122    34.3488 0.0000e+00
