Pos-Processados/process_op41/Processamento_split/down/doperantar41_005.cnv
* Sea-Bird SBE 9 Data File:
* FileName = C:\Users\Dell\Desktop\Operantar XLI\Raw\OP41005.hdr
* Software Version Seasave V 7.26.7.110
* Temperature SN = 6497
* Conductivity SN = 4954
* Number of Bytes Per Scan = 31
* Number of Voltage Words = 2
* Number of Scans Averaged by the Deck Unit = 1
* NMEA Latitude = 38 39.38 S
* NMEA Longitude = 048 59.66 W
* NMEA UTC (Time) = Oct 18 2022 16:26:34
* NMEA baud rate = 4800
** H41
** Navio Polar Almirante Maximiano
** LH-021/2022
** Operantar XLI
** Número da Estação 005
** Latitude 38 39,4'S
** Longitude 048 59,6'W
** Data/Hora (Z) 18/10/2022 16:26Z
** Profundidade local 5340m
** 09-1439
** Nome do Operador CT Garla
# nquan = 30
# nvalues = 5018                        
# units = specified
# name 0 = scan: Scan Count
# name 1 = timeJ: Julian Days
# name 2 = latitude: Latitude [deg]
# name 3 = longitude: Longitude [deg]
# name 4 = dz/dtM: Descent Rate [m/s]
# name 5 = avgsvCM: Average Sound Velocity [Chen-Millero, m/s]
# name 6 = prDM: Pressure, Digiquartz [db]
# name 7 = depSM: Depth [salt water, m]
# name 8 = t090C: Temperature [ITS-90, deg C]
# name 9 = t190C: Temperature, 2 [ITS-90, deg C]
# name 10 = T2-T190C: Temperature Difference, 2 - 1 [ITS-90, deg C]
# name 11 = potemp090C: Potential Temperature [ITS-90, deg C]
# name 12 = potemp190C: Potential Temperature, 2 [ITS-90, deg C]
# name 13 = potemp90Cdiff: Potential Temperature, Diff, 2 - 1 [ITS-90, deg C]
# name 14 = c0S/m: Conductivity [S/m]
# name 15 = c1S/m: Conductivity, 2 [S/m]
# name 16 = C2-C1S/m: Conductivity Difference, 2 - 1 [S/m]
# name 17 = sal00: Salinity, Practical [PSU]
# name 18 = sal11: Salinity, Practical, 2 [PSU]
# name 19 = sbeox0ML/L: Oxygen, SBE 43 [ml/l]
# name 20 = sigma-é00: Density [sigma-theta, kg/m^3]
# name 21 = sigma-é11: Density, 2 [sigma-theta, kg/m^3]
# name 22 = sal00: Salinity, Practical [PSU]
# name 23 = sigma-é00: Density [sigma-theta, kg/m^3]
# name 24 = svCM: Sound Velocity [Chen-Millero, m/s]
# name 25 = svCM1: Sound Velocity, 2 [Chen-Millero, m/s]
# name 26 = gsw_ptA0: potential temperature [ITS-90, deg C]
# name 27 = gsw_densityA0: density, TEOS-10 [density, kg/m^3]
# name 28 = gsw_saA0: Absolute Salinity [g/kg]
# name 29 = flag:
# span 0 =        489,     143614       
# span 1 = 291.685351, 291.754374       
# span 2 =  -38.65644,  -38.65452       
# span 3 =  -49.01499,  -48.99446       
# span 4 =      0.059,      1.764       
# span 5 =      -0.01,    1510.79       
# span 6 =      3.000,   5020.000       
# span 7 =      2.982,   4924.323       
# span 8 =     0.3087,    14.8029       
# span 9 =     0.3086,    14.8029       
# span 10 =    -0.2354,     0.1068      
# span 11 =    -0.0867,    14.8020      
# span 12 =    -0.0867,    14.8020      
# span 13 =    -0.2352,     0.1067      
# span 14 =   3.090386,   4.294028      
# span 15 =   3.090379,   4.294007      
# span 16 =  -0.027526,   0.012206      
# span 17 =    34.1439,    35.4762      
# span 18 =    34.1435,    35.4774      
# span 19 =     3.9135,     6.1957      
# span 20 =    26.1657,    27.8430      
# span 21 =    26.1658,    27.8430      
# span 22 =    34.1428,    35.4767      
# span 23 =    26.1665,    27.8430      
# span 24 =    1477.40,    1535.25      
# span 25 =    1477.37,    1535.25      
# span 26 =    -0.0870,    14.8020      
# span 27 =  1026.1880,  1050.4624      
# span 28 =    34.3046,    35.6441      
# span 29 = 0.0000e+00, 0.0000e+00      
# interval = decibars: 1                
# start_time = Oct 18 2022 16:26:34 [NMEA time, header]
# bad_flag = -9.990e-29
*END*
[from data line 146]
       3941 291.687016  -38.65642  -48.99502      1.210    1505.84    149.000    147.823    11.1955    11.1575    -0.0380    11.1770    11.1391    -0.0379   3.915951   3.911190  -0.004705    34.8801    34.8693     5.3020    26.6499    26.6485    34.8659    26.6389    1496.35    1496.20    11.1770  1027.3087    35.0305 0.0000e+00
       3960 291.687025  -38.65640  -48.99502      1.231    1505.84    150.000    148.815    11.1575    11.1107    -0.0468    11.1389    11.0922    -0.0467   3.911757   3.906196  -0.005577    34.8732    34.8620     5.3050    26.6515    26.6513    34.8598    26.6411    1496.23    1496.05    11.1389  1027.3155    35.0244 0.0000e+00
       3980 291.687035  -38.65640  -48.99502      1.219    1504.77    151.000    149.807    11.1597    11.1019    -0.0579    11.1410    11.0832    -0.0578   3.912432   3.905617  -0.006751    34.8724    34.8601     5.3112    26.6506    26.6515    34.8639    26.6439    1496.26    1496.04    11.1410  1027.3228    35.0286 0.0000e+00
       4002 291.687045  -38.65640  -48.99502      1.158    1503.47    152.000    150.798    11.1364    11.0821    -0.0543    11.1175    11.0633    -0.0542   3.909910   3.903138  -0.006612    34.8697    34.8554     5.3082    26.6527    26.6514    34.8605    26.6456    1496.19    1495.98    11.1175  1027.3290    35.0252 0.0000e+00
       4024 291.687056  -38.65641  -48.99503      1.121    1503.48    153.000    151.790    11.1325    11.1006    -0.0319    11.1135    11.0817    -0.0319   3.908880   3.905536  -0.003788    34.8639    34.8564     5.2999    26.6489    26.6489    34.8535    26.6408    1496.18    1496.07    11.1135  1027.3288    35.0181 0.0000e+00
       4047 291.687067  -38.65642  -48.99504      1.064    1503.48    154.000    152.782    11.1002    11.0737    -0.0266    11.0812    11.0547    -0.0265   3.905204   3.902100  -0.003142    34.8569    34.8508     5.2908    26.6493    26.6494    34.8470    26.6417    1496.08    1495.98    11.0812  1027.3342    35.0116 0.0000e+00
       4069 291.687077  -38.65642  -48.99504      1.056    1503.48    155.000    153.773    11.0732    11.0527    -0.0204    11.0541    11.0336    -0.0204   3.902407   3.899834  -0.002672    34.8552    34.8480     5.2812    26.6530    26.6511    34.8444    26.6445    1496.00    1495.92    11.0540  1027.3416    35.0089 0.0000e+00
       4089 291.687087  -38.65642  -48.99504      1.120    1503.48    156.000    154.765    11.0297    10.9979    -0.0318    11.0104    10.9787    -0.0317   3.898093   3.893464  -0.004271    34.8523    34.8398     5.2819    26.6586    26.6546    34.8422    26.6507    1495.86    1495.73    11.0104  1027.3524    35.0067 0.0000e+00
       4108 291.687096  -38.65640  -48.99504      1.214    1503.48    157.000    155.756    10.9854    10.9041    -0.0812    10.9661    10.8850    -0.0811   3.893239   3.882872  -0.009704    34.8501    34.8302     5.2878    26.6649    26.6641    34.8353    26.6534    1495.71    1495.39    10.9661  1027.3597    34.9998 0.0000e+00
       4126 291.687105  -38.65640  -48.99505      1.288    1503.48    158.000    156.749    10.9278    10.8234    -0.1043    10.9084    10.8042    -0.1042   3.887420   3.875598  -0.011730    34.8422    34.8239     5.2980    26.6691    26.6736    34.8314    26.6608    1495.52    1495.13    10.9084  1027.3717    34.9959 0.0000e+00
       4145 291.687114  -38.65640  -48.99506      1.304    1503.48    159.000    157.740    10.9144    10.8343    -0.0801    10.8949    10.8150    -0.0800   3.885931   3.876203  -0.009581    34.8399    34.8202     5.2932    26.6699    26.6688    34.8287    26.6611    1495.49    1495.18    10.8950  1027.3765    34.9932 0.0000e+00
       4167 291.687125  -38.65640  -48.99506      1.176    1503.48    160.000    158.732    10.8397    10.7590    -0.0807    10.8202    10.7396    -0.0806   3.876843   3.868591  -0.008785    34.8236    34.8122     5.2824    26.6705    26.6761    34.8083    26.6586    1495.22    1494.93    10.8202  1027.3788    34.9727 0.0000e+00
       4193 291.687137  -38.65640  -48.99506      0.991    1503.48    161.000    159.724    10.7434    10.7698     0.0265    10.7239    10.7503     0.0264   3.866053   3.868120   0.001275    34.8160    34.8037     5.2811    26.6819    26.6675    34.7912    26.6625    1494.87    1494.96    10.7239  1027.3874    34.9555 0.0000e+00
       4221 291.687151  -38.65640  -48.99506      0.877    1503.48    162.000    160.715    10.5629    10.6033     0.0404    10.5435    10.5839     0.0404   3.847029   3.847545   0.000928    34.7973    34.7680     5.2993    26.6993    26.6693    34.7712    26.6789    1494.23    1494.33    10.5435  1027.4089    34.9354 0.0000e+00
       4245 291.687162  -38.65640  -48.99506      0.934    1503.48    163.000    161.707    10.4787    10.4286    -0.0501    10.4593    10.4093    -0.0500   3.839877   3.831493  -0.008448    34.7959    34.7583     5.2943    26.7130    26.6924    34.7790    26.6998    1493.96    1493.73    10.4593  1027.4345    34.9432 0.0000e+00
       4267 291.687173  -38.65640  -48.99507      1.036    1503.48    164.000    162.699    10.4845    10.3630    -0.1216    10.4650    10.3436    -0.1214   3.840549   3.824529  -0.014100    34.7778    34.7513     5.2834    26.6979    26.6985    34.7797    26.6994    1493.99    1493.50    10.4649  1027.4385    34.9440 0.0000e+00
       4288 291.687183  -38.65640  -48.99508      1.097    1503.48    165.000    163.690    10.4839    10.3385    -0.1455    10.4643    10.3190    -0.1453   3.835389   3.821294  -0.015551    34.7600    34.7416     5.2848    26.6841    26.6952    34.7277    26.6589    1493.94    1493.42    10.4643  1027.4026    34.8917 0.0000e+00
       4308 291.687193  -38.65640  -48.99508      1.160    1503.48    166.000    164.682    10.3553    10.3155    -0.0398    10.3357    10.2959    -0.0398   3.824009   3.818912  -0.005267    34.7501    34.7348     5.3036    26.6989    26.6939    34.7349    26.6871    1493.51    1493.35    10.3357  1027.4356    34.8990 0.0000e+00
       4325 291.687201  -38.65640  -48.99508      1.257    1503.48    167.000    165.674    10.3313    10.3064    -0.0250    10.3116    10.2867    -0.0249   3.821363   3.817833  -0.003609    34.7445    34.7318     5.2937    26.6987    26.6931    34.7306    26.6878    1493.44    1493.33    10.3116  1027.4410    34.8946 0.0000e+00
       4342 291.687209  -38.65640  -48.99508      1.368    1503.48    168.000    166.665    10.3179    10.2961    -0.0218    10.2981    10.2764    -0.0217   3.819462   3.816624  -0.003046    34.7380    34.7279     5.2899    26.6960    26.6919    34.7236    26.6848    1493.40    1493.31    10.2981  1027.4425    34.8876 0.0000e+00
       4358 291.687217  -38.65640  -48.99508      1.443    1503.48    169.000    167.657    10.3015    10.2846    -0.0169    10.2817    10.2647    -0.0169   3.817634   3.815542  -0.002308    34.7336    34.7264     5.2928    26.6955    26.6928    34.7203    26.6851    1493.35    1493.29    10.2816  1027.4473    34.8843 0.0000e+00
       4375 291.687225  -38.65640  -48.99508      1.458    1503.48    170.000    168.649    10.2953    10.2857    -0.0096    10.2754    10.2657    -0.0096   3.817624   3.816342  -0.001369    34.7330    34.7284     5.2949    26.6961    26.6941    34.7257    26.6904    1493.35    1493.32    10.2753  1027.4570    34.8897 0.0000e+00
       4395 291.687235  -38.65640  -48.99510      1.355    1503.48    171.000    169.640    10.3156    10.3034    -0.0122    10.2955    10.2833    -0.0122   3.819558   3.818279  -0.001423    34.7337    34.7310     5.2986    26.6931    26.6931    34.7255    26.6867    1493.44    1493.40    10.2954  1027.4578    34.8895 0.0000e+00
       4422 291.687248  -38.65640  -48.99510      1.031    1503.48    172.000    170.632    10.3154    10.3130    -0.0025    10.2952    10.2927    -0.0024   3.819185   3.818949  -0.000436    34.7302    34.7282     5.2956    26.6904    26.6893    34.7214    26.6836    1493.45    1493.44    10.2952  1027.4592    34.8854 0.0000e+00
       4459 291.687266  -38.65640  -48.99510      0.662    1503.48    173.000    171.623    10.2764    10.2873     0.0110    10.2560    10.2670     0.0110   3.815445   3.816188   0.000701    34.7285    34.7251     5.2854    26.6959    26.6913    34.7204    26.6896    1493.33    1493.36    10.2560  1027.4698    34.8844 0.0000e+00
       4491 291.687281  -38.65640  -48.99512      0.702    1503.48    174.000    172.615    10.2545    10.2553     0.0008    10.2340    10.2349     0.0008   3.813417   3.813066  -0.000377    34.7278    34.7232     5.2942    26.6992    26.6954    34.7203    26.6933    1493.27    1493.27    10.2340  1027.4781    34.8843 0.0000e+00
       4513 291.687292  -38.65640  -48.99512      0.927    1503.48    175.000    173.607    10.2280    10.2231    -0.0050    10.2075    10.2026    -0.0049   3.810698   3.809513  -0.001122    34.7250    34.7184     5.3023    26.7016    26.6972    34.7175    26.6957    1493.19    1493.16    10.2075  1027.4850    34.8814 0.0000e+00
       4531 291.687300  -38.65640  -48.99512      1.150    1503.48    176.000    174.599    10.2220    10.2017    -0.0203    10.2014    10.1811    -0.0202   3.810154   3.807461  -0.002513    34.7231    34.7170     5.2991    26.7012    26.6998    34.7173    26.6966    1493.18    1493.10    10.2014  1027.4905    34.8813 0.0000e+00
       4549 291.687309  -38.65640  -48.99512      1.301    1503.48    177.000    175.590    10.2131    10.1927    -0.0203    10.1923    10.1720    -0.0203   3.808919   3.806797  -0.002286    34.7206    34.7169     5.2928    26.7008    26.7014    34.7128    26.6947    1493.16    1493.08    10.1923  1027.4931    34.8768 0.0000e+00
       4567 291.687318  -38.65640  -48.99512      1.352    1503.48    178.000    176.582    10.1976    10.1832    -0.0144    10.1767    10.1624    -0.0144   3.807582   3.805767  -0.001833    34.7202    34.7154     5.2885    26.7032    26.7018    34.7136    26.6980    1493.12    1493.07    10.1767  1027.5009    34.8776 0.0000e+00
       4585 291.687326  -38.65640  -48.99512      1.335    1503.48    179.000    177.573    10.1705    10.1580    -0.0125    10.1496    10.1371    -0.0125   3.804723   3.803147  -0.001593    34.7184    34.7141     5.2762    26.7064    26.7052    34.7100    26.6998    1493.04    1492.99    10.1496  1027.5073    34.8739 0.0000e+00
       4604 291.687336  -38.65640  -48.99512      1.296    1503.48    180.000    178.565    10.1397    10.1220    -0.0177    10.1187    10.1010    -0.0177   3.801344   3.798944  -0.002200    34.7136    34.7081     5.2769    26.7079    26.7068    34.7047    26.7010    1492.94    1492.86    10.1187  1027.5131    34.8686 0.0000e+00
       4622 291.687344  -38.65640  -48.99512      1.283    1503.48    181.000    179.556    10.1064    10.0841    -0.0223    10.0853    10.0631    -0.0223   3.797984   3.795462  -0.002723    34.7117    34.7053     5.2839    26.7122    26.7111    34.7019    26.7046    1492.83    1492.74    10.0853  1027.5213    34.8658 0.0000e+00
       4640 291.687353  -38.65640  -48.99512      1.309    1503.48    182.000    180.548    10.0890    10.0706    -0.0185    10.0679    10.0495    -0.0184   3.796503   3.794071  -0.002488    34.7099    34.7022     5.2852    26.7138    26.7109    34.7030    26.7084    1492.79    1492.71    10.0679  1027.5297    34.8669 0.0000e+00
       4659 291.687362  -38.65640  -48.99514      1.325    1503.48    183.000    181.539    10.0777    10.0595    -0.0182    10.0565    10.0383    -0.0182   3.795103   3.792856  -0.002203    34.7057    34.7006     5.2806    26.7124    26.7116    34.6991    26.7073    1492.76    1492.69    10.0565  1027.5331    34.8630 0.0000e+00
       4680 291.687372  -38.65640  -48.99514      1.237    1503.48    184.000    182.531    10.0833    10.0806    -0.0027    10.0619    10.0592    -0.0027   3.795483   3.795598  -0.000290    34.7024    34.7020     5.2770    26.7089    26.7091    34.6972    26.7049    1492.79    1492.79    10.0619  1027.5352    34.8611 0.0000e+00
       4710 291.687386  -38.65638  -48.99514      0.933    1503.48    185.000    183.523    10.0543    10.0917     0.0374    10.0328    10.0702     0.0374   3.791981   3.795876   0.003776    34.6966    34.6992     5.2778    26.7094    26.7051    34.6888    26.7034    1492.69    1492.83    10.0328  1027.5382    34.8527 0.0000e+00
       4747 291.687404  -38.65638  -48.99516      0.647    1503.48    186.000    184.514    10.0001    10.0124     0.0123     9.9786     9.9909     0.0123   3.786221   3.787208   0.001084    34.6895    34.6887     5.2746    26.7131    26.7105    34.6815    26.7069    1492.51    1492.55     9.9786  1027.5465    34.8453 0.0000e+00
       4778 291.687420  -38.65638  -48.99516      0.711    1503.48    187.000    185.506     9.9456     9.9314    -0.0142     9.9240     9.9099    -0.0142   3.780622   3.778029  -0.002513    34.6856    34.6735     5.2733    26.7193    26.7123    34.6762    26.7120    1492.32    1492.25     9.9240  1027.5563    34.8400 0.0000e+00
       4801 291.687431  -38.65638  -48.99516      0.914    1503.48    188.000    186.497     9.9028     9.8885    -0.0142     9.8812     9.8670    -0.0142   3.776181   3.773644  -0.002333    34.6785    34.6683     5.2771    26.7211    26.7156    34.6714    26.7155    1492.18    1492.11     9.8811  1027.5645    34.8351 0.0000e+00
       4821 291.687440  -38.65638  -48.99516      1.108    1503.48    189.000    187.489     9.8976     9.8540    -0.0436     9.8759     9.8324    -0.0435   3.775227   3.769790  -0.005332    34.6764    34.6638     5.2759    26.7204    26.7178    34.6661    26.7123    1492.17    1491.99     9.8759  1027.5657    34.8298 0.0000e+00
       4839 291.687449  -38.65638  -48.99516      1.233    1503.48    190.000    188.481     9.8543     9.8198    -0.0344     9.8325     9.7981    -0.0344   3.770704   3.766635  -0.004068    34.6705    34.6618     5.2767    26.7231    26.7221    34.6610    26.7156    1492.02    1491.89     9.8325  1027.5737    34.8247 0.0000e+00
       4857 291.687458  -38.65638  -48.99516      1.301    1503.48    191.000    189.472     9.8259     9.8069    -0.0190     9.8041     9.7851    -0.0190   3.767876   3.765588  -0.002442    34.6659    34.6592     5.2747    26.7243    26.7222    34.6587    26.7186    1491.93    1491.86     9.8041  1027.5814    34.8224 0.0000e+00
       4874 291.687466  -38.65638  -48.99516      1.362    1503.48    192.000    190.464     9.8253     9.8158    -0.0094     9.8033     9.7939    -0.0094   3.768064   3.766660  -0.001454    34.6655    34.6597     5.2685    26.7241    26.7211    34.6608    26.7205    1491.95    1491.91     9.8033  1027.5877    34.8246 0.0000e+00
       4890 291.687473  -38.65638  -48.99517      1.431    1503.48    193.000    191.455     9.8334     9.8270    -0.0063     9.8113     9.8050    -0.0063   3.768687   3.767987  -0.000835    34.6640    34.6615     5.2642    26.7216    26.7207    34.6589    26.7176    1491.99    1491.97     9.8113  1027.5893    34.8227 0.0000e+00
       4906 291.687481  -38.65638  -48.99518      1.491    1503.48    194.000    192.446     9.8479     9.8419    -0.0060     9.8257     9.8197    -0.0060   3.770881   3.770134  -0.000644    34.6650    34.6642     5.2676    26.7199    26.7203    34.6670    26.7215    1492.07    1492.05     9.8257  1027.5976    34.8308 0.0000e+00
       4922 291.687489  -38.65638  -48.99518      1.507    1503.48    195.000    193.438     9.9466     9.9565     0.0100     9.9241     9.9341     0.0100   3.783148   3.784396   0.001358    34.6835    34.6877     5.2589    26.7177    26.7193    34.6974    26.7285    1492.48    1492.52     9.9241  1027.6087    34.8613 0.0000e+00
