Pos-Processados/process_op41/Processamento_split/down/doperantar41_001.cnv
* Sea-Bird SBE 9 Data File:
* FileName = C:\Users\Dell\Desktop\Operantar XLI\Raw\OP41001.hdr
* Software Version Seasave V 7.26.7.110
* Temperature SN = 6497
* Conductivity SN = 4954
* Number of Bytes Per Scan = 31
* Number of Voltage Words = 2
* Number of Scans Averaged by the Deck Unit = 1
* NMEA Latitude = 36 40.13 S
* NMEA Longitude = 048 37.58 W
* NMEA UTC (Time) = Oct 17 2022 11:05:04
* NMEA baud rate = 4800
** H41
** Navio Polar Almirante Maximiano
** LH-021/2022
** Operantar XLI
** Número da Estação 001 LR
** Latitude 36 40.147S
** Longitude 048 37.579W
** Data/Hora (Z) 1105Z
** Profundidade local 4900m
** 09-1439
** Nome do Operador CT Garla
# nquan = 30
# nvalues = 4841                        
# units = specified
# name 0 = scan: Scan Count
# name 1 = timeJ: Julian Days
# name 2 = latitude: Latitude [deg]
# name 3 = longitude: Longitude [deg]
# name 4 = dz/dtM: Descent Rate [m/s]
# name 5 = avgsvCM: Average Sound Velocity [Chen-Millero, m/s]
# name 6 = prDM: Pressure, Digiquartz [db]
# name 7 = depSM: Depth [salt water, m]
# name 8 = t090C: Temperature [ITS-90, deg C]
# name 9 = t190C: Temperature, 2 [ITS-90, deg C]
# name 10 = T2-T190C: Temperature Difference, 2 - 1 [ITS-90, deg C]
# name 11 = potemp090C: Potential Temperature [ITS-90, deg C]
# name 12 = potemp190C: Potential Temperature, 2 [ITS-90, deg C]
# name 13 = potemp90Cdiff: Potential Temperature, Diff, 2 - 1 [ITS-90, deg C]
# name 14 = c0S/m: Conductivity [S/m]
# name 15 = c1S/m: Conductivity, 2 [S/m]
# name 16 = C2-C1S/m: Conductivity Difference, 2 - 1 [S/m]
# name 17 = sal00: Salinity, Practical [PSU]
# name 18 = sal11: Salinity, Practical, 2 [PSU]
# name 19 = sbeox0ML/L: Oxygen, SBE 43 [ml/l]
# name 20 = sigma-é00: Density [sigma-theta, kg/m^3]
# name 21 = sigma-é11: Density, 2 [sigma-theta, kg/m^3]
# name 22 = sal00: Salinity, Practical [PSU]
# name 23 = sigma-é00: Density [sigma-theta, kg/m^3]
# name 24 = svCM: Sound Velocity [Chen-Millero, m/s]
# name 25 = svCM1: Sound Velocity, 2 [Chen-Millero, m/s]
# name 26 = gsw_ptA0: potential temperature [ITS-90, deg C]
# name 27 = gsw_densityA0: density, TEOS-10 [density, kg/m^3]
# name 28 = gsw_saA0: Absolute Salinity [g/kg]
# name 29 = flag:
# span 0 =       5947,     187498       
# span 1 = 290.464719, 290.552273       
# span 2 =  -36.66900,  -36.66876       
# span 3 =  -48.62668,  -48.62640       
# span 4 =      0.094,      1.632       
# span 5 =       0.00,    1517.75       
# span 6 =      4.000,   4844.000       
# span 7 =      3.993,   4754.360       
# span 8 =     0.2589,    17.5301       
# span 9 =     0.2588,    17.5306       
# span 10 =    -0.0357,     0.0747      
# span 11 =    -0.1083,    17.5033      
# span 12 =    -0.1083,    17.5037      
# span 13 =    -0.0355,     0.0744      
# span 14 =   3.083890,   4.678779      
# span 15 =   3.083892,   4.678660      
# span 16 =  -0.003824,   0.008178      
# span 17 =    34.1885,    36.1060      
# span 18 =    34.1883,    36.1051      
# span 19 =     4.0255,     5.8161      
# span 20 =    26.2407,    27.8430      
# span 21 =    26.2402,    27.8434      
# span 22 =    34.1849,    36.1061      
# span 23 =    26.2408,    27.8430      
# span 24 =    1484.40,    1531.97      
# span 25 =    1484.40,    1531.97      
# span 26 =    -0.1085,    17.5033      
# span 27 =  1026.2633,  1049.7178      
# span 28 =    34.3481,    36.2765      
# span 29 = 0.0000e+00, 0.0000e+00      
# interval = decibars: 1                
# start_time = Oct 17 2022 11:05:04 [NMEA time, header]
# bad_flag = -9.990e-29
*END*
[from data line 4834]
     181557 290.549408  -36.66890  -48.62646      0.353    1506.54   4838.000   4748.592     0.2655     0.2654    -0.0001    -0.1080    -0.1081    -0.0001   3.090720   3.090697  -0.000026    34.6667    34.6665     4.8855    27.8428    27.8427    34.6667    27.8428    1531.86    1531.86    -0.1082  1049.6921    34.8397 0.0000e+00
     181590 290.549424  -36.66890  -48.62644      0.724    1506.54   4839.000   4749.530     0.2654     0.2653    -0.0001    -0.1082    -0.1083    -0.0001   3.090750   3.090759   0.000005    34.6667    34.6669     4.8700    27.8429    27.8431    34.6668    27.8429    1531.88    1531.88    -0.1084  1049.6965    34.8398 0.0000e+00
     181669 290.549462  -36.66890  -48.62645      0.265    1506.54   4840.000   4750.507     0.2655     0.2655    -0.0001    -0.1083    -0.1083    -0.0001   3.090788   3.090778  -0.000008    34.6667    34.6667     4.8874    27.8429    27.8429    34.6668    27.8429    1531.90    1531.89    -0.1084  1049.7007    34.8398 0.0000e+00
     182076 290.549658  -36.66890  -48.62645      0.409    1506.54   4841.000   4751.477     0.2656     0.2655    -0.0001    -0.1083    -0.1083    -0.0001   3.090832   3.090835   0.000002    34.6668    34.6669     4.8792    27.8429    27.8430    34.6668    27.8429    1531.91    1531.91    -0.1085  1049.7050    34.8398 0.0000e+00
     185513 290.551316  -36.66887  -48.62649      0.611    1506.58   4842.000   4752.461     0.2658     0.2657    -0.0001    -0.1082    -0.1083    -0.0001   3.090880   3.090858  -0.000020    34.6668    34.6666     4.8858    27.8429    27.8428    34.6668    27.8429    1531.93    1531.93    -0.1084  1049.7093    34.8398 0.0000e+00
     187446 290.552248  -36.66882  -48.62652      0.435    1506.64   4843.000   4753.434     0.2659     0.2658    -0.0001    -0.1082    -0.1083    -0.0001   3.090920   3.090947   0.000025    34.6667    34.6671     4.8804    27.8429    27.8432    34.6667    27.8429    1531.95    1531.95    -0.1084  1049.7135    34.8397 0.0000e+00
     187498 290.552273  -36.66882  -48.62653      0.368    1506.64   4844.000   4754.360     0.2660     0.2659    -0.0000    -0.1082    -0.1083    -0.0000   3.090955   3.091008   0.000054    34.6667    34.6675     4.8728    27.8429    27.8434    34.6667    27.8428    1531.97    1531.97    -0.1085  1049.7178    34.8397 0.0000e+00
