Pos-Processados/process_op41/Processamento_split/down/doperantar41_009.cnv
* Sea-Bird SBE 9 Data File:
* FileName = C:\Users\Dell\Desktop\OperantarXLI\config\00_BRUTOS\OPE41009.hdr
* Software Version Seasave V 7.26.7.110
* Temperature SN = 6497
* Conductivity SN = 4954
* Number of Bytes Per Scan = 31
* Number of Voltage Words = 2
* Number of Scans Averaged by the Deck Unit = 1
* NMEA Latitude = 42 49.84 S
* NMEA Longitude = 052 15.44 W
* NMEA UTC (Time) = Oct 23 2022 04:30:44
* NMEA baud rate = 4800
** H41
** Navio Polar Almirante Maximiano
** LH-021/2022
** Operantar XLI
** Número da Estação 009
** Latitude 42 49.421' S
** Longitude 52 14.906' W
** Data/Hora (Z) 23/10/2022 0403Z
** Profundidade local 5745 m
** 09-1439
** Nome do Operador CT Garla
# nquan = 30
# nvalues = 1021                        
# units = specified
# name 0 = scan: Scan Count
# name 1 = timeJ: Julian Days
# name 2 = latitude: Latitude [deg]
# name 3 = longitude: Longitude [deg]
# name 4 = dz/dtM: Descent Rate [m/s]
# name 5 = avgsvCM: Average Sound Velocity [Chen-Millero, m/s]
# name 6 = prDM: Pressure, Digiquartz [db]
# name 7 = depSM: Depth [salt water, m]
# name 8 = t090C: Temperature [ITS-90, deg C]
# name 9 = t190C: Temperature, 2 [ITS-90, deg C]
# name 10 = T2-T190C: Temperature Difference, 2 - 1 [ITS-90, deg C]
# name 11 = potemp090C: Potential Temperature [ITS-90, deg C]
# name 12 = potemp190C: Potential Temperature, 2 [ITS-90, deg C]
# name 13 = potemp90Cdiff: Potential Temperature, Diff, 2 - 1 [ITS-90, deg C]
# name 14 = c0S/m: Conductivity [S/m]
# name 15 = c1S/m: Conductivity, 2 [S/m]
# name 16 = C2-C1S/m: Conductivity Difference, 2 - 1 [S/m]
# name 17 = sal00: Salinity, Practical [PSU]
# name 18 = sal11: Salinity, Practical, 2 [PSU]
# name 19 = sbeox0ML/L: Oxygen, SBE 43 [ml/l]
# name 20 = sigma-é00: Density [sigma-theta, kg/m^3]
# name 21 = sigma-é11: Density, 2 [sigma-theta, kg/m^3]
# name 22 = sal00: Salinity, Practical [PSU]
# name 23 = sigma-é00: Density [sigma-theta, kg/m^3]
# name 24 = svCM: Sound Velocity [Chen-Millero, m/s]
# name 25 = svCM1: Sound Velocity, 2 [Chen-Millero, m/s]
# name 26 = gsw_ptA0: potential temperature [ITS-90, deg C]
# name 27 = gsw_densityA0: density, TEOS-10 [density, kg/m^3]
# name 28 = gsw_saA0: Absolute Salinity [g/kg]
# name 29 = flag:
# span 0 =        612,      28543       
# span 1 = 296.188304, 296.201774       
# span 2 =  -42.83550,  -42.83078       
# span 3 =  -52.26872,  -52.25768       
# span 4 =     -0.182,      1.512       
# span 5 =       0.00,    1564.87       
# span 6 =      9.000,   1029.000       
# span 7 =      8.928,   1018.320       
# span 8 =     3.5795,    14.6320       
# span 9 =     3.5794,    14.6321       
# span 10 =    -0.0217,     0.1746      
# span 11 =     3.5059,    14.6298      
# span 12 =     3.5060,    14.6299      
# span 13 =    -0.0215,     0.1741      
# span 14 =   3.195866,   4.311765      
# span 15 =   3.195667,   4.311702      
# span 16 =  -0.005141,   0.018727      
# span 17 =    34.1649,    35.6139      
# span 18 =    34.1642,    35.6129      
# span 19 =     4.9431,     6.0449      
# span 20 =    26.4469,    27.1996      
# span 21 =    26.4464,    27.1989      
# span 22 =    34.1609,    35.6140      
# span 23 =    26.4471,    27.1997      
# span 24 =    1480.60,    1510.81      
# span 25 =    1480.60,    1510.81      
# span 26 =     3.5058,    14.6298      
# span 27 =  1026.4922,  1031.9514      
# span 28 =    34.3236,    35.7825      
# span 29 = 0.0000e+00, 0.0000e+00      
# interval = decibars: 1                
# start_time = Oct 23 2022 04:30:44 [NMEA time, header]
# bad_flag = -9.990e-29
*END*
[from data line 677]
      19340 296.197336  -42.83400  -52.26500      0.810    1500.28    686.000    679.443     5.0770     5.0782     0.0012     5.0214     5.0226     0.0012   3.311789   3.311773   0.000005    34.1776    34.1765     5.8856    27.0208    27.0197    34.1765    27.0199    1481.26    1481.27     5.0212  1030.1734    34.3395 0.0000e+00
      19361 296.197346  -42.83400  -52.26501      1.006    1500.28    687.000    680.431     5.0766     5.0771     0.0005     5.0209     5.0214     0.0005   3.311701   3.311727   0.000017    34.1764    34.1761     5.8839    27.0199    27.0196    34.1754    27.0191    1481.28    1481.28     5.0207  1030.1771    34.3384 0.0000e+00
      19378 296.197354  -42.83400  -52.26502      1.210    1500.28    688.000    681.420     5.0730     5.0742     0.0013     5.0172     5.0184     0.0013   3.311337   3.311426   0.000096    34.1762    34.1760     5.8840    27.0202    27.0198    34.1745    27.0188    1481.28    1481.28     5.0171  1030.1814    34.3375 0.0000e+00
      19395 296.197362  -42.83400  -52.26502      1.358    1500.28    689.000    682.409     5.0607     5.0634     0.0027     5.0049     5.0076     0.0027   3.310182   3.310378   0.000174    34.1760    34.1753     5.8831    27.0214    27.0205    34.1732    27.0191    1481.24    1481.25     5.0047  1030.1866    34.3362 0.0000e+00
      19413 296.197371  -42.83400  -52.26503      1.393    1500.28    690.000    683.398     5.0490     5.0519     0.0029     4.9931     4.9960     0.0029   3.309244   3.309497   0.000268    34.1756    34.1757     5.8874    27.0225    27.0222    34.1739    27.0211    1481.21    1481.22     4.9930  1030.1933    34.3369 0.0000e+00
      19443 296.197385  -42.83401  -52.26504      1.020    1500.28    691.000    684.387     5.0535     5.0615     0.0080     4.9976     5.0055     0.0079   3.309839   3.310567   0.000686    34.1762    34.1760     5.8828    27.0224    27.0213    34.1756    27.0219    1481.25    1481.28     4.9974  1030.1986    34.3386 0.0000e+00
      19488 296.197407 -9.990e-29  -52.26506      0.462    1500.28    692.000    685.375     5.0479     5.0553     0.0075     4.9919     4.9993     0.0074   3.309224   3.309713   0.000533    34.1755    34.1740     5.8690    27.0225    27.0205    34.1738    27.0211    1481.24    1481.27     4.9917  1030.2012    34.3351 0.0000e+00
      19517 296.197421 -9.990e-29  -52.26508      0.721    1500.28    693.000    686.364     5.0425     5.0430     0.0005     4.9864     4.9869     0.0005   3.308832   3.308779  -0.000048    34.1754    34.1743     5.8766    27.0230    27.0221    34.1743    27.0221    1481.24    1481.24     4.9863  1030.2069    34.3358 0.0000e+00
      19538 296.197431 -9.990e-29  -52.26508      0.974    1500.28    694.000    687.353     5.0407     5.0417     0.0009     4.9846     4.9856     0.0009   3.308651   3.308700   0.000056    34.1746    34.1743     5.8797    27.0226    27.0222    34.1734    27.0217    1481.24    1481.25     4.9845  1030.2111    34.3349 0.0000e+00
      19557 296.197440 -9.990e-29  -52.26509      1.170    1500.28    695.000    688.342     5.0374     5.0382     0.0009     4.9812     4.9820     0.0009   3.308364   3.308435   0.000072    34.1743    34.1743     5.8860    27.0228    27.0227    34.1731    27.0218    1481.25    1481.25     4.9810  1030.2158    34.3346 0.0000e+00
      19575 296.197449  -42.83403  -52.26510      1.279    1500.28    696.000    689.330     5.0358     5.0362     0.0004     4.9795     4.9799     0.0004   3.308288   3.308309   0.000030    34.1743    34.1742     5.8883    27.0229    27.0228    34.1733    27.0222    1481.26    1481.26     4.9794  1030.2220    34.3364 0.0000e+00
      19596 296.197459  -42.83402  -52.26510      1.261    1500.28    697.000    690.319     5.0336     5.0348     0.0011     4.9773     4.9784     0.0011   3.308132   3.308209   0.000083    34.1742    34.1740     5.8879    27.0232    27.0229    34.1732    27.0224    1481.26    1481.27     4.9771  1030.2268    34.3363 0.0000e+00
      19620 296.197470  -42.83404  -52.26512      1.102    1500.28    698.000    691.308     5.0318     5.0333     0.0015     4.9754     4.9769     0.0015   3.308048   3.308143   0.000100    34.1744    34.1741     5.8895    27.0235    27.0230    34.1736    27.0229    1481.27    1481.28     4.9752  1030.2319    34.3367 0.0000e+00
      19647 296.197484  -42.83404  -52.26513      0.910    1500.28    699.000    692.297     5.0312     5.0325     0.0013     4.9747     4.9760     0.0013   3.308078   3.308129   0.000061    34.1747    34.1740     5.8820    27.0238    27.0231    34.1741    27.0233    1481.29    1481.29     4.9746  1030.2369    34.3371 0.0000e+00
      19675 296.197497  -42.83404  -52.26514      0.869    1500.28    700.000    693.285     5.0358     5.0348    -0.0010     4.9792     4.9782    -0.0010   3.308652   3.308495  -0.000147    34.1753    34.1746     5.8788    27.0238    27.0233    34.1755    27.0239    1481.33    1481.32     4.9790  1030.2420    34.3386 0.0000e+00
      19702 296.197510  -42.83405  -52.26515      0.888    1500.28    701.000    694.274     5.0389     5.0401     0.0012     4.9821     4.9833     0.0012   3.308944   3.309074   0.000103    34.1760    34.1760     5.8773    27.0240    27.0238    34.1752    27.0234    1481.36    1481.36     4.9820  1030.2460    34.3383 0.0000e+00
      19729 296.197523  -42.83406  -52.26516      0.879    1500.28    702.000    695.263     5.0297     5.0324     0.0027     4.9730     4.9756     0.0026   3.308229   3.308356   0.000155    34.1764    34.1755     5.8811    27.0254    27.0243    34.1758    27.0249    1481.33    1481.34     4.9728  1030.2522    34.3389 0.0000e+00
      19756 296.197536  -42.83406  -52.26518      0.873    1500.28    703.000    696.251     5.0372     5.0350    -0.0022     4.9803     4.9781    -0.0022   3.309089   3.308841  -0.000224    34.1768    34.1765     5.8699    27.0249    27.0249    34.1776    27.0255    1481.38    1481.37     4.9802  1030.2570    34.3404 0.0000e+00
      19781 296.197548 -9.990e-29  -52.26518      0.929    1500.28    704.000    697.240     5.0420     5.0426     0.0006     4.9850     4.9856     0.0006   3.309570   3.309634   0.000031    34.1782    34.1779     5.8574    27.0254    27.0251    34.1778    27.0251    1481.42    1481.42     4.9848  1030.2600    34.3393 0.0000e+00
      19804 296.197559 -9.990e-29  -52.26520      1.014    1500.28    705.000    698.229     5.0367     5.0381     0.0014     4.9797     4.9811     0.0014   3.309230   3.309323   0.000094    34.1790    34.1787     5.8554    27.0267    27.0263    34.1787    27.0264    1481.42    1481.42     4.9795  1030.2660    34.3402 0.0000e+00
      19825 296.197570 -9.990e-29  -52.26520      1.080    1500.28    706.000    699.218     5.0320     5.0345     0.0024     4.9749     4.9773     0.0024   3.308708   3.308965   0.000198    34.1786    34.1785     5.8542    27.0269    27.0265    34.1770    27.0256    1481.41    1481.42     4.9748  1030.2699    34.3385 0.0000e+00
      19848 296.197581 -9.990e-29  -52.26521      1.081    1500.28    707.000    700.206     5.0165     5.0213     0.0047     4.9594     4.9641     0.0047   3.307372   3.307706   0.000360    34.1781    34.1775     5.8471    27.0283    27.0272    34.1769    27.0273    1481.37    1481.38     4.9593  1030.2764    34.3384 0.0000e+00
      19874 296.197593  -42.83408  -52.26522      0.983    1500.28    708.000    701.195     5.0045     5.0128     0.0083     4.9473     4.9556     0.0083   3.306358   3.307007   0.000605    34.1787    34.1772     5.8346    27.0301    27.0280    34.1771    27.0288    1481.33    1481.36     4.9472  1030.2837    34.3399 0.0000e+00
      19904 296.197607  -42.83408  -52.26522      0.843    1500.28    709.000    702.184     4.9983     5.0024     0.0041     4.9411     4.9452     0.0041   3.306047   3.306087   0.000088    34.1805    34.1774     5.8302    27.0323    27.0293    34.1793    27.0313    1481.33    1481.34     4.9410  1030.2911    34.3424 0.0000e+00
      19933 296.197621  -42.83408  -52.26525      0.808    1500.28    710.000    703.173     4.9915     4.9932     0.0017     4.9343     4.9360     0.0017   3.305439   3.305320  -0.000122    34.1803    34.1772     5.8349    27.0329    27.0303    34.1787    27.0317    1481.32    1481.32     4.9341  1030.2961    34.3419 0.0000e+00
      19956 296.197633  -42.83408  -52.26526      0.926    1500.25    711.000    704.161     4.9796     4.9830     0.0034     4.9224     4.9258     0.0034   3.304236   3.304349   0.000104    34.1790    34.1768     5.8439    27.0332    27.0311    34.1765    27.0312    1481.28    1481.29     4.9222  1030.3005    34.3396 0.0000e+00
      19976 296.197642  -42.83410  -52.26526      1.096 -9.990e-29    712.000    705.150     4.9734     4.9742     0.0009     4.9161     4.9169     0.0009   3.303679   3.303698   0.000039    34.1773    34.1769     5.8383    27.0326    27.0322    34.1760    27.0315    1481.27    1481.27     4.9159  1030.3055    34.3391 0.0000e+00
      19995 296.197651  -42.83410  -52.26528      1.225 -9.990e-29    713.000    706.139     4.9731     4.9736     0.0006     4.9157     4.9162     0.0005   3.303650   3.303699   0.000047    34.1767    34.1767     5.8285    27.0322    27.0320    34.1755    27.0312    1481.29    1481.29     4.9155  1030.3097    34.3386 0.0000e+00
      20015 296.197661  -42.83410  -52.26528      1.243 -9.990e-29    714.000    707.127     4.9711     4.9725     0.0013     4.9137     4.9150     0.0013   3.303512   3.303615   0.000097    34.1766    34.1764     5.8310    27.0323    27.0320    34.1753    27.0313    1481.29    1481.30     4.9135  1030.3144    34.3385 0.0000e+00
      20040 296.197673  -42.83411  -52.26528      1.091 -9.990e-29    715.000    708.116     4.9676     4.9717     0.0040     4.9101     4.9141     0.0040   3.303257   3.303642   0.000341    34.1768    34.1766     5.8375    27.0328    27.0322    34.1755    27.0319    1481.30    1481.31     4.9099  1030.3196    34.3387 0.0000e+00
      20074 296.197689  -42.83412  -52.26530      0.780    1498.75    716.000    709.105     4.9655     4.9783     0.0129     4.9078     4.9206     0.0128   3.303164   3.304223   0.000994    34.1777    34.1760     5.8416    27.0338    27.0310    34.1761    27.0326    1481.30    1481.36     4.9077  1030.3249    34.3393 0.0000e+00
      20115 296.197709  -42.83412  -52.26532      0.558    1498.73    717.000    710.093     4.9457     4.9521     0.0065     4.8881     4.8945     0.0064   3.301391   3.301763   0.000437    34.1771    34.1755     5.8459    27.0356    27.0336    34.1754    27.0343    1481.24    1481.26     4.8879  1030.3315    34.3386 0.0000e+00
      20146 296.197724  -42.83412  -52.26534      0.720    1498.73    718.000    711.082     4.9403     4.9426     0.0022     4.8827     4.8850     0.0022   3.300992   3.300979   0.000026    34.1772    34.1752     5.8390    27.0363    27.0344    34.1758    27.0351    1481.23    1481.24     4.8825  1030.3370    34.3389 0.0000e+00
      20169 296.197736  -42.83412  -52.26534      0.912    1498.73    719.000    712.071     4.9377     4.9392     0.0015     4.8800     4.8814     0.0015   3.300698   3.300742   0.000022    34.1760    34.1748     5.8398    27.0357    27.0345    34.1746    27.0345    1481.24    1481.24     4.8798  1030.3410    34.3377 0.0000e+00
      20190 296.197746  -42.83414  -52.26534      1.071    1498.73    720.000    713.059     4.9320     4.9350     0.0030     4.8742     4.8772     0.0030   3.300133   3.300332   0.000205    34.1752    34.1745     5.8434    27.0357    27.0348    34.1734    27.0342    1481.23    1481.24     4.8741  1030.3454    34.3365 0.0000e+00
      20210 296.197755  -42.83414  -52.26536      1.173    1498.73    721.000    714.048     4.9270     4.9285     0.0014     4.8692     4.8707     0.0014   3.299776   3.299849   0.000102    34.1750    34.1747     5.8467    27.0361    27.0357    34.1739    27.0351    1481.23    1481.23     4.8690  1030.3510    34.3370 0.0000e+00
      20230 296.197765  -42.83414  -52.26537      1.204    1498.73    722.000    715.037     4.9285     4.9284    -0.0000     4.8705     4.8705    -0.0000   3.299987   3.299970  -0.000012    34.1752    34.1751     5.8447    27.0360    27.0360    34.1743    27.0354    1481.25    1481.25     4.8704  1030.3557    34.3375 0.0000e+00
      20252 296.197775  -42.83414  -52.26538      1.152    1498.73    723.000    716.025     4.9298     4.9306     0.0008     4.8718     4.8726     0.0008   3.300228   3.300235   0.000038    34.1756    34.1752     5.8373    27.0362    27.0358    34.1752    27.0359    1481.27    1481.28     4.8717  1030.3608    34.3384 0.0000e+00
      20278 296.197788  -42.83414  -52.26539      0.999    1498.73    724.000    717.014     4.9372     4.9352    -0.0020     4.8791     4.8770    -0.0020   3.301119   3.300807  -0.000305    34.1776    34.1761     5.8383    27.0370    27.0361    34.1775    27.0369    1481.32    1481.31     4.8789  1030.3662    34.3406 0.0000e+00
      20309 296.197803  -42.83414  -52.26540      0.809    1498.73    725.000    718.002     4.9392     4.9390    -0.0002     4.8810     4.8808    -0.0002   3.301388   3.301344  -0.000051    34.1783    34.1779     5.8337    27.0373    27.0370    34.1780    27.0371    1481.35    1481.35     4.8808  1030.3709    34.3411 0.0000e+00
      20339 296.197817  -42.83416  -52.26540      0.785    1498.73    726.000    718.991     4.9389     4.9396     0.0007     4.8806     4.8813     0.0007   3.301557   3.301596   0.000040    34.1800    34.1797     5.8143    27.0387    27.0384    34.1798    27.0385    1481.36    1481.37     4.8804  1030.3769    34.3429 0.0000e+00
      20364 296.197829  -42.83416  -52.26542      0.899    1498.73    727.000    719.980     4.9363     4.9379     0.0016     4.8779     4.8795     0.0016   3.301451   3.301544   0.000091    34.1813    34.1807     5.7910    27.0401    27.0394    34.1807    27.0396    1481.37    1481.38     4.8777  1030.3826    34.3439 0.0000e+00
      20386 296.197840  -42.83418  -52.26544      1.024    1498.73    728.000    720.968     4.9335     4.9354     0.0018     4.8751     4.8769     0.0018   3.301282   3.301394   0.000118    34.1815    34.1810     5.7817    27.0406    27.0399    34.1811    27.0402    1481.38    1481.38     4.8749  1030.3878    34.3443 0.0000e+00
      20409 296.197851  -42.83418  -52.26544      1.063    1498.73    729.000    721.957     4.9291     4.9327     0.0036     4.8706     4.8742     0.0036   3.300854   3.301180   0.000285    34.1814    34.1810     5.7728    27.0410    27.0402    34.1802    27.0400    1481.37    1481.39     4.8704  1030.3923    34.3434 0.0000e+00
      20438 296.197865  -42.83418  -52.26545      0.900    1498.73    730.000    722.945     4.9177     4.9250     0.0073     4.8591     4.8664     0.0073   3.299986   3.300529   0.000537    34.1825    34.1812     5.7574    27.0431    27.0413    34.1813    27.0422    1481.35    1481.38     4.8590  1030.3993    34.3446 0.0000e+00
      20470 296.197881  -42.83418  -52.26546      0.742    1498.73    731.000    723.934     4.9106     4.9131     0.0025     4.8520     4.8545     0.0025   3.299437   3.299499   0.000091    34.1828    34.1813     5.7348    27.0442    27.0427    34.1818    27.0434    1481.33    1481.34     4.8518  1030.4051    34.3450 0.0000e+00
      20498 296.197894  -42.83418  -52.26548      0.819    1498.73    732.000    724.923     4.9061     4.9081     0.0020     4.8475     4.8495     0.0020   3.298995   3.299081   0.000070    34.1821    34.1808     5.7381    27.0441    27.0429    34.1807    27.0431    1481.33    1481.34     4.8473  1030.4094    34.3440 0.0000e+00
      20523 296.197906  -42.83418  -52.26550      0.935    1498.73    733.000    725.911     4.8939     4.8987     0.0048     4.8352     4.8400     0.0047   3.297905   3.298188   0.000281    34.1820    34.1804     5.7372    27.0455    27.0436    34.1801    27.0439    1481.30    1481.31     4.8351  1030.4151    34.3433 0.0000e+00
