Pos-Processados/process_op41/Processamento_split/down/doperantar41_001.cnv
* Sea-Bird SBE 9 Data File:
* FileName = C:\Users\Dell\Desktop\Operantar XLI\Raw\OP41001.hdr
* Software Version Seasave V 7.26.7.110
* Temperature SN = 6497
* Conductivity SN = 4954
* Number of Bytes Per Scan = 31
* Number of Voltage Words = 2
* Number of Scans Averaged by the Deck Unit = 1
* NMEA Latitude = 36 40.13 S
* NMEA Longitude = 048 37.58 W
* NMEA UTC (Time) = Oct 17 2022 11:05:04
* NMEA baud rate = 4800
** H41
** Navio Polar Almirante Maximiano
** LH-021/2022
** Operantar XLI
** Número da Estação 001 LR
** Latitude 36 40.147S
** Longitude 048 37.579W
** Data/Hora (Z) 1105Z
** Profundidade local 4900m
** 09-1439
** Nome do Operador CT Garla
# nquan = 30
# nvalues = 4841                        
# units = specified
# name 0 = scan: Scan Count
# name 1 = timeJ: Julian Days
# name 2 = latitude: Latitude [deg]
# name 3 = longitude: Longitude [deg]
# name 4 = dz/dtM: Descent Rate [m/s]
# name 5 = avgsvCM: Average Sound Velocity [Chen-Millero, m/s]
# name 6 = prDM: Pressure, Digiquartz [db]
# name 7 = depSM: Depth [salt water, m]
# name 8 = t090C: Temperature [ITS-90, deg C]
# name 9 = t190C: Temperature, 2 [ITS-90, deg C]
# name 10 = T2-T190C: Temperature Difference, 2 - 1 [ITS-90, deg C]
# name 11 = potemp090C: Potential Temperature [ITS-90, deg C]
# name 12 = potemp190C: Potential Temperature, 2 [ITS-90, deg C]
# name 13 = potemp90Cdiff: Potential Temperature, Diff, 2 - 1 [ITS-90, deg C]
# name 14 = c0S/m: Conductivity [S/m]
# name 15 = c1S/m: Conductivity, 2 [S/m]
# name 16 = C2-C1S/m: Conductivity Difference, 2 - 1 [S/m]
# name 17 = sal00: Salinity, Practical [PSU]
# name 18 = sal11: Salinity, Practical, 2 [PSU]
# name 19 = sbeox0ML/L: Oxygen, SBE 43 [ml/l]
# name 20 = sigma-é00: Density [sigma-theta, kg/m^3]
# name 21 = sigma-é11: Density, 2 [sigma-theta, kg/m^3]
# name 22 = sal00: Salinity, Practical [PSU]
# name 23 = sigma-é00: Density [sigma-theta, kg/m^3]
# name 24 = svCM: Sound Velocity [Chen-Millero, m/s]
# name 25 = svCM1: Sound Velocity, 2 [Chen-Millero, m/s]
# name 26 = gsw_ptA0: potential temperature [ITS-90, deg C]
# name 27 = gsw_densityA0: density, TEOS-10 [density, kg/m^3]
# name 28 = gsw_saA0: Absolute Salinity [g/kg]
# name 29 = flag:
# span 0 =       5947,     187498       
# span 1 = 290.464719, 290.552273       
# span 2 =  -36.66900,  -36.66876       
# span 3 =  -48.62668,  -48.62640       
# span 4 =      0.094,      1.632       
# span 5 =       0.00,    1517.75       
# span 6 =      4.000,   4844.000       
# span 7 =      3.993,   4754.360       
# span 8 =     0.2589,    17.5301       
# span 9 =     0.2588,    17.5306       
# span 10 =    -0.0357,     0.0747      
# span 11 =    -0.1083,    17.5033      
# span 12 =    -0.1083,    17.5037      
# span 13 =    -0.0355,     0.0744      
# span 14 =   3.083890,   4.678779      
# span 15 =   3.083892,   4.678660      
# span 16 =  -0.003824,   0.008178      
# span 17 =    34.1885,    36.1060      
# span 18 =    34.1883,    36.1051      
# span 19 =     4.0255,     5.8161      
# span 20 =    26.2407,    27.8430      
# span 21 =    26.2402,    27.8434      
# span 22 =    34.1849,    36.1061      
# span 23 =    26.2408,    27.8430      
# span 24 =    1484.40,    1531.97      
# span 25 =    1484.40,    1531.97      
# span 26 =    -0.1085,    17.5033      
# span 27 =  1026.2633,  1049.7178      
# span 28 =    34.3481,    36.2765      
# span 29 = 0.0000e+00, 0.0000e+00      
# interval = decibars: 1                
# start_time = Oct 17 2022 11:05:04 [NMEA time, header]
# bad_flag = -9.990e-29
*END*
[from data line 1982]
      80826 290.500830  -36.66886  -48.62658      0.613    1496.75   1986.000   1962.056     3.4251     3.4232    -0.0019     3.2681     3.2662    -0.0019   3.269275   3.269013  -0.000242    34.7527    34.7518     4.3876    27.6626    27.6621    34.7543    27.6638    1496.79    1496.78     3.2676  1036.7388    34.9219 0.0000e+00
      80886 290.500859  -36.66886  -48.62658      0.386    1496.75   1987.000   1963.035     3.4275     3.4368     0.0093     3.2704     3.2796     0.0092   3.269772   3.270654   0.000879    34.7553    34.7560     4.4017    27.6645    27.6641    34.7572    27.6659    1496.82    1496.86     3.2699  1036.7451    34.9247 0.0000e+00
      81040 290.500933  -36.66886  -48.62658      0.414    1496.75   1988.000   1964.048     3.4867     3.4879     0.0013     3.3285     3.3297     0.0012   3.276275   3.276349   0.000278    34.7666    34.7686     4.4396    27.6678    27.6693    34.7717    27.6719    1497.11    1497.11     3.3281  1036.7523    34.9393 0.0000e+00
      81122 290.500973  -36.66885  -48.62658      0.444    1496.75   1989.000   1965.015     3.4898     3.4904     0.0006     3.3316     3.3321     0.0005   3.276395   3.276603   0.000132    34.7678    34.7688     4.4488    27.6685    27.6692    34.7693    27.6697    1497.13    1497.14     3.3311  1036.7545    34.9369 0.0000e+00
      81198 290.501009  -36.66886  -48.62658      0.569    1496.75   1990.000   1965.990     3.5023     3.5020    -0.0004     3.3438     3.3434    -0.0004   3.277818   3.277814   0.000006    34.7709    34.7714     4.4729    27.6698    27.6703    34.7726    27.6711    1497.21    1497.21     3.3433  1036.7596    34.9402 0.0000e+00
      81236 290.501028  -36.66885  -48.62658      0.745    1496.75   1991.000   1966.973     3.5004     3.5009     0.0005     3.3418     3.3422     0.0005   3.277673   3.277742   0.000073    34.7712    34.7715     4.4635    27.6702    27.6705    34.7724    27.6712    1497.22    1497.22     3.3413  1036.7638    34.9394 0.0000e+00
      81419 290.501116  -36.66884 -9.990e-29      0.526    1496.75   1992.000   1967.973     3.4826     3.4803    -0.0023     3.3242     3.3219    -0.0023   3.275763   3.275608  -0.000172    34.7672    34.7676     4.4480    27.6688    27.6693    34.7680    27.6694    1497.15    1497.14     3.3237  1036.7685    34.9363 0.0000e+00
      81511 290.501160  -36.66884  -48.62658      0.358    1496.75   1993.000   1968.939     3.4992     3.4966    -0.0026     3.3404     3.3378    -0.0025   3.277715   3.277563  -0.000182    34.7710    34.7716     4.4708    27.6702    27.6709    34.7732    27.6720    1497.25    1497.24     3.3399  1036.7746    34.9415 0.0000e+00
      81536 290.501173  -36.66884  -48.62658      0.781    1496.75   1994.000   1969.922     3.5055     3.5039    -0.0016     3.3465     3.3449    -0.0015   3.278321   3.278130  -0.000190    34.7726    34.7720     4.4673    27.6709    27.6706    34.7733    27.6715    1497.29    1497.28     3.3460  1036.7777    34.9410 0.0000e+00
      81673 290.501238  -36.66884  -48.62658      0.644    1496.75   1995.000   1970.918     3.5011     3.4990    -0.0021     3.3420     3.3400    -0.0021   3.277907   3.277706  -0.000191    34.7716    34.7715     4.4756    27.6705    27.6707    34.7726    27.6713    1497.29    1497.28     3.3416  1036.7822    34.9402 0.0000e+00
      81827 290.501313  -36.66884  -48.62658      0.503    1496.75   1996.000   1971.919     3.5052     3.5060     0.0007     3.3460     3.3468     0.0008   3.278439   3.278583   0.000137    34.7727    34.7736     4.4789    27.6711    27.6717    34.7740    27.6721    1497.32    1497.33     3.3456  1036.7873    34.9417 0.0000e+00
      81860 290.501329  -36.66884  -48.62658      0.718    1496.75   1997.000   1972.873     3.5083     3.5089     0.0006     3.3489     3.3495     0.0006   3.278731   3.278825   0.000080    34.7734    34.7737     4.4697    27.6713    27.6715    34.7738    27.6717    1497.35    1497.36     3.3485  1036.7911    34.9414 0.0000e+00
      81994 290.501393  -36.66884  -48.62657      0.126    1496.75   1998.000   1973.876     3.5095     3.5117     0.0022     3.3501     3.3522     0.0022   3.278951   3.279211   0.000256    34.7741    34.7749     4.4923    27.6718    27.6722    34.7747    27.6722    1497.38    1497.39     3.3496  1036.7961    34.9423 0.0000e+00
      82107 290.501448  -36.66884  -48.62656      0.747    1496.75   1999.000   1974.840     3.5187     3.5187    -0.0000     3.3591     3.3591     0.0000   3.280103   3.280063   0.000003    34.7764    34.7764     4.4808    27.6727    27.6727    34.7781    27.6741    1497.44    1497.44     3.3586  1036.8019    34.9458 0.0000e+00
      82172 290.501479  -36.66884  -48.62656      0.640    1496.75   2000.000   1975.833     3.5197     3.5205     0.0008     3.3599     3.3607     0.0008   3.280163   3.280274   0.000104    34.7765    34.7769     4.4914    27.6728    27.6730    34.7774    27.6734    1497.46    1497.46     3.3594  1036.8056    34.9450 0.0000e+00
      82332 290.501556  -36.66884  -48.62655      0.432    1496.75   2001.000   1976.827     3.5244     3.5289     0.0045     3.3644     3.3689     0.0045   3.280775   3.281452   0.000563    34.7777    34.7796     4.5046    27.6733    27.6744    34.7792    27.6744    1497.50    1497.52     3.3640  1036.8108    34.9468 0.0000e+00
      82412 290.501595  -36.66884  -48.62654      0.762    1496.75   2002.000   1977.790     3.5789     3.5798     0.0009     3.4180     3.4189     0.0009   3.287223   3.286945   0.000011    34.7908    34.7900     4.4943    27.6785    27.6777    34.7978    27.6840    1497.77    1497.76     3.4175  1036.8218    34.9655 0.0000e+00
      82488 290.501632  -36.66885  -48.62655      0.553    1496.75   2003.000   1978.775     3.5866     3.5871     0.0005     3.4255     3.4260     0.0005   3.287640   3.287717   0.000120    34.7915    34.7924     4.5188    27.6783    27.6790    34.7941    27.6804    1497.81    1497.81     3.4250  1036.8223    34.9619 0.0000e+00
      82665 290.501717  -36.66884  -48.62654      0.209    1496.75   2004.000   1979.758     3.5965     3.6009     0.0044     3.4352     3.4395     0.0043   3.288778   3.289382   0.000563    34.7946    34.7966     4.5598    27.6798    27.6811    34.7967    27.6815    1497.87    1497.90     3.4347  1036.8273    34.9644 0.0000e+00
      82730 290.501748  -36.66884  -48.62654      0.552    1496.75   2005.000   1980.739     3.6253     3.6241    -0.0011     3.4633     3.4622    -0.0011   3.291909   3.291770  -0.000103    34.8016    34.8016     4.5464    27.6827    27.6828    34.8031    27.6839    1498.02    1498.01     3.4629  1036.8325    34.9709 0.0000e+00
      82842 290.501802  -36.66884  -48.62653      0.474    1496.75   2006.000   1981.727     3.6171     3.6187     0.0016     3.4552     3.4567     0.0015   3.291085   3.291297   0.000216    34.8002    34.8011     4.5536    27.6824    27.6830    34.8015    27.6834    1498.00    1498.01     3.4547  1036.8369    34.9692 0.0000e+00
      83008 290.501882  -36.66884  -48.62652      0.462    1496.75   2007.000   1982.705     3.6181     3.6188     0.0007     3.4561     3.4568     0.0007   3.291260   3.291340   0.000105    34.8015    34.8020     4.5622    27.6833    27.6836    34.8021    27.6837    1498.02    1498.02     3.4556  1036.8417    34.9698 0.0000e+00
      83090 290.501922  -36.66884  -48.62652      0.479    1496.75   2008.000   1983.699     3.6164     3.6168     0.0004     3.4543     3.4547     0.0004   3.291145   3.291215   0.000076    34.8016    34.8021     4.5799    27.6836    27.6839    34.8020    27.6839    1498.03    1498.03     3.4538  1036.8464    34.9697 0.0000e+00
      83224 290.501986  -36.66884  -48.62652      0.372    1496.75   2009.000   1984.674     3.6172     3.6176     0.0004     3.4550     3.4554     0.0004   3.291285   3.291346   0.000064    34.8021    34.8024     4.5910    27.6839    27.6841    34.8023    27.6841    1498.05    1498.05     3.4545  1036.8510    34.9701 0.0000e+00
      83331 290.502038  -36.66884  -48.62651      0.320    1496.75   2010.000   1985.657     3.6191     3.6193     0.0003     3.4568     3.4570     0.0003   3.291510   3.291551   0.000048    34.8023    34.8026     4.5937    27.6839    27.6841    34.8025    27.6840    1498.08    1498.08     3.4563  1036.8553    34.9703 0.0000e+00
      83444 290.502093  -36.66884  -48.62652      0.275    1496.75   2011.000   1986.633     3.6202     3.6208     0.0006     3.4578     3.4584     0.0006   3.291669   3.291748   0.000078    34.8025    34.8028     4.5908    27.6840    27.6842    34.8027    27.6841    1498.10    1498.10     3.4573  1036.8598    34.9705 0.0000e+00
      83557 290.502147  -36.66884  -48.62651      0.273    1496.75   2012.000   1987.624     3.6238     3.6246     0.0009     3.4612     3.4621     0.0009   3.292109   3.292222   0.000117    34.8033    34.8038     4.5961    27.6843    27.6846    34.8037    27.6846    1498.13    1498.14     3.4607  1036.8645    34.9714 0.0000e+00
      83681 290.502207  -36.66884  -48.62650      0.328    1496.75   2013.000   1988.607     3.6263     3.6261    -0.0002     3.4636     3.4634    -0.0002   3.292390   3.292391  -0.000002    34.8038    34.8040     4.5979    27.6844    27.6846    34.8039    27.6845    1498.16    1498.16     3.4631  1036.8688    34.9716 0.0000e+00
      83784 290.502257  -36.66884  -48.62652      0.362 -9.990e-29   2014.000   1989.588     3.6361     3.6382     0.0021     3.4732     3.4753     0.0021   3.293584   3.293823   0.000243    34.8062    34.8069     4.6000    27.6854    27.6857    34.8072    27.6862    1498.22    1498.23     3.4727  1036.8744    34.9750 0.0000e+00
      83815 290.502271  -36.66884  -48.62652      0.655    1496.76   2015.000   1990.571     3.6380     3.6379    -0.0001     3.4749     3.4748    -0.0001   3.293803   3.293824   0.000023    34.8073    34.8077     4.6014    27.6861    27.6864    34.8074    27.6861    1498.25    1498.25     3.4744  1036.8787    34.9751 0.0000e+00
      83901 290.502313  -36.66884  -48.62651      0.803    1496.76   2016.000   1991.591     3.6353     3.6356     0.0002     3.4722     3.4725     0.0002   3.293601   3.293638   0.000039    34.8071    34.8073     4.6023    27.6862    27.6864    34.8073    27.6863    1498.25    1498.25     3.4717  1036.8835    34.9750 0.0000e+00
      84055 290.502387  -36.66884  -48.62651      0.876    1496.76   2017.000   1992.549     3.6345     3.6346     0.0001     3.4713     3.4714     0.0001   3.293542   3.293574   0.000039    34.8070    34.8074     4.6043    27.6862    27.6865    34.8070    27.6862    1498.26    1498.26     3.4708  1036.8878    34.9747 0.0000e+00
      84226 290.502470  -36.66884  -48.62652      0.503    1496.76   2018.000   1993.529     3.6327     3.6323    -0.0004     3.4695     3.4690    -0.0004   3.293413   3.293409  -0.000003    34.8070    34.8074     4.6071    27.6864    27.6867    34.8069    27.6863    1498.27    1498.27     3.4690  1036.8925    34.9746 0.0000e+00
      84406 290.502557  -36.66885  -48.62652      0.469    1496.76   2019.000   1994.522     3.6290     3.6265    -0.0024     3.4657     3.4633    -0.0024   3.293066   3.292837  -0.000216    34.8067    34.8067     4.6096    27.6865    27.6868    34.8062    27.6861    1498.27    1498.26     3.4652  1036.8970    34.9740 0.0000e+00
      84485 290.502594  -36.66886  -48.62652      0.729    1496.76   2020.000   1995.488     3.6202     3.6203     0.0001     3.4569     3.4570     0.0001   3.292249   3.292310   0.000051    34.8060    34.8064     4.6102    27.6868    27.6872    34.8053    27.6863    1498.25    1498.25     3.4565  1036.9021    34.9730 0.0000e+00
      84602 290.502651  -36.66886  -48.62652      0.556    1496.76   2021.000   1996.484     3.6162     3.6168     0.0007     3.4529     3.4535     0.0007   3.291871   3.291984   0.000122    34.8051    34.8058     4.6071    27.6865    27.6870    34.8046    27.6861    1498.25    1498.25     3.4524  1036.9066    34.9723 0.0000e+00
      84758 290.502726  -36.66886  -48.62652      0.481    1496.76   2022.000   1997.474     3.5981     3.5992     0.0011     3.4350     3.4361     0.0011   3.289983   3.290119   0.000082    34.8031    34.8028     4.6055    27.6866    27.6863    34.8008    27.6848    1498.19    1498.19     3.4345  1036.9107    34.9685 0.0000e+00
      84820 290.502756  -36.66886  -48.62652      0.668    1496.76   2023.000   1998.432     3.5790     3.5775    -0.0014     3.4160     3.4147    -0.0014   3.288244   3.288119  -0.000081    34.8003    34.8008     4.6065    27.6863    27.6868    34.7998    27.6859    1498.12    1498.12     3.4156  1036.9173    34.9675 0.0000e+00
      85018 290.502851  -36.66884  -48.62652      0.094    1496.76   2024.000   1999.426     3.5749     3.5740    -0.0009     3.4120     3.4110    -0.0009   3.287785   3.287730  -0.000089    34.7991    34.7990     4.5810    27.6857    27.6857    34.7982    27.6850    1498.12    1498.12     3.4115  1036.9211    34.9659 0.0000e+00
      85056 290.502870  -36.66885  -48.62652      0.534    1496.76   2025.000   2000.401     3.5734     3.5740     0.0006     3.4104     3.4110     0.0006   3.287757   3.287875   0.000105    34.7990    34.7996     4.5859    27.6858    27.6862    34.7989    27.6857    1498.13    1498.14     3.4099  1036.9264    34.9666 0.0000e+00
      85184 290.502932  -36.66886  -48.62652      0.325    1496.76   2026.000   2001.384     3.5793     3.5797     0.0004     3.4161     3.4165     0.0004   3.288406   3.288476   0.000070    34.8000    34.8004     4.5842    27.6861    27.6863    34.7999    27.6860    1498.17    1498.18     3.4157  1036.9307    34.9676 0.0000e+00
      85274 290.502975  -36.66884  -48.62652      0.339    1496.76   2027.000   2002.373     3.5811     3.5813     0.0002     3.4177     3.4179     0.0002   3.288653   3.288679   0.000027    34.8005    34.8006     4.5850    27.6862    27.6863    34.8005    27.6863    1498.20    1498.20     3.4173  1036.9354    34.9682 0.0000e+00
      85365 290.503019  -36.66885  -48.62652      0.245    1496.76   2028.000   2003.353     3.5779     3.5775    -0.0004     3.4146     3.4142    -0.0004   3.288346   3.288281  -0.000059    34.8000    34.7997     4.5885    27.6862    27.6860    34.7997    27.6860    1498.20    1498.20     3.4141  1036.9397    34.9674 0.0000e+00
      85463 290.503066  -36.66885  -48.62654      0.252    1496.76   2029.000   2004.333     3.5676     3.5671    -0.0006     3.4043     3.4038    -0.0006   3.287343   3.287296  -0.000043    34.7986    34.7987     4.5866    27.6861    27.6862    34.7982    27.6857    1498.17    1498.17     3.4038  1036.9442    34.9654 0.0000e+00
      85607 290.503136  -36.66884  -48.62653      0.282    1496.76   2030.000   2005.326     3.5583     3.5567    -0.0015     3.3950     3.3935    -0.0015   3.286266   3.286159  -0.000112    34.7963    34.7966     4.5777    27.6851    27.6855    34.7948    27.6839    1498.15    1498.14     3.3946  1036.9478    34.9625 0.0000e+00
      85641 290.503152  -36.66884  -48.62654      0.603    1496.76   2031.000   2006.302     3.5347     3.5342    -0.0005     3.3717     3.3712    -0.0005   3.283991   3.283996  -0.000007    34.7939    34.7944     4.5785    27.6855    27.6859    34.7922    27.6841    1498.06    1498.06     3.3712  1036.9537    34.9598 0.0000e+00
      85710 290.503185  -36.66884  -48.62654      0.620    1496.76   2032.000   2007.307     3.5297     3.5298     0.0002     3.3666     3.3668     0.0002   3.283622   3.283665   0.000031    34.7935    34.7937     4.5725    27.6856    27.6857    34.7926    27.6849    1498.06    1498.06     3.3662  1036.9592    34.9603 0.0000e+00
      85816 290.503236  -36.66884  -48.62654      0.797    1496.77   2033.000   2008.270     3.5276     3.5273    -0.0003     3.3645     3.3642    -0.0003   3.283444   3.283450  -0.000004    34.7930    34.7933     4.5615    27.6854    27.6858    34.7922    27.6848    1498.06    1498.06     3.3641  1036.9636    34.9598 0.0000e+00
