Pos-Processados/process_op41/Processamento_split/down/doperantar41_001.cnv
* Sea-Bird SBE 9 Data File:
* FileName = C:\Users\Dell\Desktop\Operantar XLI\Raw\OP41001.hdr
* Software Version Seasave V 7.26.7.110
* Temperature SN = 6497
* Conductivity SN = 4954
* Number of Bytes Per Scan = 31
* Number of Voltage Words = 2
* Number of Scans Averaged by the Deck Unit = 1
* NMEA Latitude = 36 40.13 S
* NMEA Longitude = 048 37.58 W
* NMEA UTC (Time) = Oct 17 2022 11:05:04
* NMEA baud rate = 4800
** H41
** Navio Polar Almirante Maximiano
** LH-021/2022
** Operantar XLI
** Número da Estação 001 LR
** Latitude 36 40.147S
** Longitude 048 37.579W
** Data/Hora (Z) 1105Z
** Profundidade local 4900m
** 09-1439
** Nome do Operador CT Garla
# nquan = 30
# nvalues = 4841                        
# units = specified
# name 0 = scan: Scan Count
# name 1 = timeJ: Julian Days
# name 2 = latitude: Latitude [deg]
# name 3 = longitude: Longitude [deg]
# name 4 = dz/dtM: Descent Rate [m/s]
# name 5 = avgsvCM: Average Sound Velocity [Chen-Millero, m/s]
# name 6 = prDM: Pressure, Digiquartz [db]
# name 7 = depSM: Depth [salt water, m]
# name 8 = t090C: Temperature [ITS-90, deg C]
# name 9 = t190C: Temperature, 2 [ITS-90, deg C]
# name 10 = T2-T190C: Temperature Difference, 2 - 1 [ITS-90, deg C]
# name 11 = potemp090C: Potential Temperature [ITS-90, deg C]
# name 12 = potemp190C: Potential Temperature, 2 [ITS-90, deg C]
# name 13 = potemp90Cdiff: Potential Temperature, Diff, 2 - 1 [ITS-90, deg C]
# name 14 = c0S/m: Conductivity [S/m]
# name 15 = c1S/m: Conductivity, 2 [S/m]
# name 16 = C2-C1S/m: Conductivity Difference, 2 - 1 [S/m]
# name 17 = sal00: Salinity, Practical [PSU]
# name 18 = sal11: Salinity, Practical, 2 [PSU]
# name 19 = sbeox0ML/L: Oxygen, SBE 43 [ml/l]
# name 20 = sigma-é00: Density [sigma-theta, kg/m^3]
# name 21 = sigma-é11: Density, 2 [sigma-theta, kg/m^3]
# name 22 = sal00: Salinity, Practical [PSU]
# name 23 = sigma-é00: Density [sigma-theta, kg/m^3]
# name 24 = svCM: Sound Velocity [Chen-Millero, m/s]
# name 25 = svCM1: Sound Velocity, 2 [Chen-Millero, m/s]
# name 26 = gsw_ptA0: potential temperature [ITS-90, deg C]
# name 27 = gsw_densityA0: density, TEOS-10 [density, kg/m^3]
# name 28 = gsw_saA0: Absolute Salinity [g/kg]
# name 29 = flag:
# span 0 =       5947,     187498       
# span 1 = 290.464719, 290.552273       
# span 2 =  -36.66900,  -36.66876       
# span 3 =  -48.62668,  -48.62640       
# span 4 =      0.094,      1.632       
# span 5 =       0.00,    1517.75       
# span 6 =      4.000,   4844.000       
# span 7 =      3.993,   4754.360       
# span 8 =     0.2589,    17.5301       
# span 9 =     0.2588,    17.5306       
# span 10 =    -0.0357,     0.0747      
# span 11 =    -0.1083,    17.5033      
# span 12 =    -0.1083,    17.5037      
# span 13 =    -0.0355,     0.0744      
# span 14 =   3.083890,   4.678779      
# span 15 =   3.083892,   4.678660      
# span 16 =  -0.003824,   0.008178      
# span 17 =    34.1885,    36.1060      
# span 18 =    34.1883,    36.1051      
# span 19 =     4.0255,     5.8161      
# span 20 =    26.2407,    27.8430      
# span 21 =    26.2402,    27.8434      
# span 22 =    34.1849,    36.1061      
# span 23 =    26.2408,    27.8430      
# span 24 =    1484.40,    1531.97      
# span 25 =    1484.40,    1531.97      
# span 26 =    -0.1085,    17.5033      
# span 27 =  1026.2633,  1049.7178      
# span 28 =    34.3481,    36.2765      
# span 29 = 0.0000e+00, 0.0000e+00      
# interval = decibars: 1                
# start_time = Oct 17 2022 11:05:04 [NMEA time, header]
# bad_flag = -9.990e-29
*END*
[from data line 2949]
     115053 290.517336  -36.66886  -48.62652      0.744    1498.73   2953.000   2910.844     2.4061     2.4050    -0.0011     2.1735     2.1724    -0.0010   3.222363   3.222293  -0.000067    34.8158    34.8161     4.7455    27.8101    27.8104    34.8174    27.8114    1508.88    1508.88     2.1729  1041.2423    34.9858 0.0000e+00
     115076 290.517347  -36.66886  -48.62652      0.931    1498.73   2954.000   2911.822     2.4273     2.4268    -0.0005     2.1941     2.1936    -0.0005   3.224633   3.224626  -0.000015    34.8202    34.8206     4.7438    27.8119    27.8123    34.8219    27.8133    1509.00    1509.00     2.1935  1041.2469    34.9903 0.0000e+00
     115095 290.517356  -36.66886  -48.62652      1.108    1498.73   2955.000   2912.801     2.4309     2.4308    -0.0001     2.1976     2.1975    -0.0001   3.224972   3.224982   0.000006    34.8210    34.8212     4.7390    27.8123    27.8125    34.8217    27.8128    1509.03    1509.03     2.1970  1041.2506    34.9901 0.0000e+00
     115114 290.517365  -36.66886  -48.62652      1.243    1498.73   2956.000   2913.780     2.4311     2.4312     0.0001     2.1977     2.1977     0.0001   3.225052   3.225096   0.000048    34.8212    34.8217     4.7422    27.8125    27.8128    34.8220    27.8131    1509.05    1509.05     2.1970  1041.2552    34.9905 0.0000e+00
     115132 290.517374  -36.66886  -48.62652      1.311    1498.73   2957.000   2914.759     2.4317     2.4317    -0.0000     2.1982     2.1981    -0.0000   3.225151   3.225167   0.000009    34.8216    34.8217     4.7463    27.8127    27.8128    34.8221    27.8131    1509.07    1509.07     2.1976  1041.2596    34.9906 0.0000e+00
     115149 290.517382  -36.66886  -48.62652      1.344    1498.73   2958.000   2915.738     2.4307     2.4307    -0.0000     2.1971     2.1971    -0.0000   3.225086   3.225111   0.000032    34.8215    34.8219     4.7563    27.8127    27.8130    34.8220    27.8131    1509.08    1509.08     2.1964  1041.2641    34.9904 0.0000e+00
     115166 290.517390  -36.66886  -48.62652      1.388    1498.73   2959.000   2916.717     2.4302     2.4300    -0.0003     2.1965     2.1963    -0.0003   3.225068   3.225081   0.000012    34.8215    34.8219     4.7702    27.8128    27.8131    34.8217    27.8130    1509.09    1509.09     2.1959  1041.2684    34.9902 0.0000e+00
     115182 290.517398  -36.66886  -48.62652      1.433    1498.73   2960.000   2917.696     2.4271     2.4270    -0.0001     2.1933     2.1932    -0.0001   3.224742   3.224739  -0.000001    34.8212    34.8213     4.7812    27.8128    27.8129    34.8207    27.8124    1509.10    1509.10     2.1927  1041.2725    34.9892 0.0000e+00
     115198 290.517406  -36.66886  -48.62652      1.464    1498.73   2961.000   2918.675     2.4187     2.4189     0.0002     2.1850     2.1852     0.0002   3.223970   3.224008   0.000032    34.8206    34.8208     4.7938    27.8130    27.8131    34.8198    27.8124    1509.07    1509.07     2.1844  1041.2775    34.9883 0.0000e+00
     115215 290.517414  -36.66886  -48.62652      1.459    1498.73   2962.000   2919.654     2.4144     2.4146     0.0002     2.1807     2.1809     0.0002   3.223631   3.223665   0.000038    34.8202    34.8204     4.8014    27.8130    27.8132    34.8198    27.8127    1509.07    1509.08     2.1801  1041.2826    34.9883 0.0000e+00
     115236 290.517424  -36.66886  -48.62652      1.321    1498.73   2963.000   2920.633     2.4113     2.4118     0.0005     2.1775     2.1781     0.0005   3.223344   3.223462   0.000093    34.8197    34.8202     4.8033    27.8129    27.8133    34.8192    27.8125    1509.08    1509.08     2.1770  1041.2871    34.9877 0.0000e+00
     115274 290.517442  -36.66886  -48.62652      0.766    1498.73   2964.000   2921.612     2.4132     2.4143     0.0012     2.1793     2.1804     0.0011   3.223594   3.223705   0.000118    34.8198    34.8200     4.8026    27.8128    27.8129    34.8198    27.8128    1509.10    1509.11     2.1787  1041.2916    34.9882 0.0000e+00
     115321 290.517465  -36.66886  -48.62652      0.447    1498.73   2965.000   2922.594     2.4064     2.4072     0.0008     2.1726     2.1733     0.0008   3.222911   3.222997   0.000078    34.8190    34.8192     4.7897    27.8128    27.8128    34.8183    27.8122    1509.09    1509.09     2.1719  1041.2959    34.9867 0.0000e+00
     115345 290.517477  -36.66886  -48.62652      0.777    1498.73   2966.000   2923.570     2.3984     2.3986     0.0001     2.1647     2.1648     0.0001   3.222128   3.222136   0.000015    34.8183    34.8183     4.7879    27.8128    27.8128    34.8167    27.8116    1509.07    1509.07     2.1641  1041.3004    34.9852 0.0000e+00
     115364 290.517486  -36.66886  -48.62652      1.076    1498.73   2967.000   2924.549     2.3925     2.3924    -0.0002     2.1589     2.1587    -0.0002   3.221658   3.221663   0.000008    34.8176    34.8179     4.7955    27.8127    27.8130    34.8169    27.8121    1509.06    1509.06     2.1582  1041.3059    34.9853 0.0000e+00
     115381 290.517494  -36.66886  -48.62652      1.277    1498.73   2968.000   2925.528     2.3911     2.3910    -0.0001     2.1573     2.1572    -0.0001   3.221525   3.221543   0.000019    34.8171    34.8175     4.7906    27.8125    27.8128    34.8163    27.8118    1509.07    1509.07     2.1568  1041.3101    34.9848 0.0000e+00
     115396 290.517501  -36.66886  -48.62652      1.437    1498.87   2969.000   2926.507     2.3897     2.3894    -0.0004     2.1559     2.1555    -0.0004   3.221445   3.221430  -0.000015    34.8169    34.8171     4.7871    27.8125    27.8126    34.8164    27.8120    1509.08    1509.08     2.1553  1041.3148    34.9849 0.0000e+00
     115411 290.517509  -36.66886  -48.62652      1.548    1498.94   2970.000   2927.486     2.3900     2.3899    -0.0001     2.1561     2.1560    -0.0001   3.221515   3.221503  -0.000005    34.8169    34.8170     4.7899    27.8124    27.8125    34.8165    27.8121    1509.10    1509.10     2.1555  1041.3192    34.9850 0.0000e+00
     115426 290.517516  -36.66886  -48.62652      1.601    1498.94   2971.000   2928.465     2.3899     2.3898    -0.0001     2.1559     2.1558    -0.0001   3.221534   3.221543   0.000004    34.8168    34.8169     4.7801    27.8123    27.8125    34.8163    27.8119    1509.12    1509.12     2.1553  1041.3235    34.9848 0.0000e+00
     115442 290.517524  -36.66886  -48.62652      1.591    1498.94   2972.000   2929.444     2.3901     2.3898    -0.0002     2.1559     2.1557    -0.0002   3.221584   3.221597   0.000013    34.8167    34.8171     4.7715    27.8123    27.8126    34.8163    27.8120    1509.13    1509.13     2.1553  1041.3279    34.9848 0.0000e+00
     115461 290.517533  -36.66886  -48.62652      1.440    1498.94   2973.000   2930.423     2.3902     2.3902     0.0000     2.1560     2.1560     0.0000   3.221637   3.221667   0.000029    34.8167    34.8171     4.7739    27.8123    27.8125    34.8163    27.8120    1509.15    1509.15     2.1554  1041.3323    34.9848 0.0000e+00
     115485 290.517545  -36.66886  -48.62652      1.139    1498.94   2974.000   2931.402     2.4041     2.4035    -0.0006     2.1694     2.1689    -0.0006   3.223423   3.223307  -0.000080    34.8206    34.8203     4.7698    27.8143    27.8141    34.8228    27.8160    1509.24    1509.23     2.1688  1041.3395    34.9913 0.0000e+00
     115513 290.517558  -36.66886  -48.62652      0.900    1498.94   2975.000   2932.380     2.4143     2.4130    -0.0013     2.1793     2.1780    -0.0013   3.224364   3.224234  -0.000158    34.8225    34.8220     4.7669    27.8149    27.8147    34.8228    27.8153    1509.30    1509.29     2.1787  1041.3424    34.9914 0.0000e+00
     115537 290.517570  -36.66886  -48.62652      0.919    1498.94   2976.000   2933.359     2.4184     2.4181    -0.0003     2.1832     2.1830    -0.0003   3.224907   3.224877  -0.000029    34.8235    34.8235     4.7692    27.8155    27.8155    34.8247    27.8164    1509.34    1509.33     2.1826  1041.3476    34.9932 0.0000e+00
     115559 290.517580  -36.66886  -48.62652      1.027    1498.94   2977.000   2934.338     2.4162     2.4159    -0.0003     2.1810     2.1807    -0.0003   3.224634   3.224583  -0.000057    34.8238    34.8234     4.7717    27.8159    27.8156    34.8232    27.8154    1509.34    1509.34     2.1804  1041.3512    34.9918 0.0000e+00
     115581 290.517591  -36.66886  -48.62652      1.111    1498.94   2978.000   2935.317     2.4105     2.4103    -0.0001     2.1753     2.1751    -0.0001   3.224145   3.224153   0.000012    34.8231    34.8233     4.7887    27.8158    27.8160    34.8229    27.8157    1509.33    1509.33     2.1747  1041.3563    34.9915 0.0000e+00
     115604 290.517602  -36.66886  -48.62652      1.092    1498.94   2979.000   2936.296     2.4087     2.4086    -0.0000     2.1734     2.1733    -0.0000   3.224019   3.224025   0.000006    34.8229    34.8230     4.7955    27.8158    27.8159    34.8229    27.8158    1509.34    1509.34     2.1728  1041.3609    34.9915 0.0000e+00
     115630 290.517614  -36.66886  -48.62652      0.975    1498.94   2980.000   2937.275     2.4060     2.4061     0.0001     2.1707     2.1708     0.0001   3.223738   3.223786   0.000038    34.8224    34.8227     4.8228    27.8156    27.8159    34.8219    27.8152    1509.35    1509.35     2.1701  1041.3650    34.9904 0.0000e+00
     115657 290.517627  -36.66886  -48.62652      0.879    1498.94   2981.000   2938.254     2.3996     2.3999     0.0003     2.1643     2.1646     0.0003   3.223102   3.223131   0.000036    34.8215    34.8216     4.8156    27.8154    27.8155    34.8205    27.8146    1509.33    1509.34     2.1637  1041.3694    34.9891 0.0000e+00
     115682 290.517639  -36.66886  -48.62652      0.916    1498.94   2982.000   2939.233     2.3881     2.3876    -0.0005     2.1529     2.1525    -0.0005   3.221986   3.221972  -0.000016    34.8200    34.8203     4.8171    27.8151    27.8154    34.8188    27.8142    1509.30    1509.30     2.1524  1041.3743    34.9873 0.0000e+00
     115702 290.517649  -36.66886  -48.62652      1.049    1498.94   2983.000   2940.212     2.3810     2.3806    -0.0004     2.1459     2.1455    -0.0004   3.221279   3.221240  -0.000036    34.8191    34.8191     4.8294    27.8150    27.8150    34.8173    27.8136    1509.29    1509.28     2.1453  1041.3787    34.9859 0.0000e+00
     115720 290.517658  -36.66886  -48.62652      1.207    1498.94   2984.000   2941.191     2.3731     2.3732     0.0002     2.1381     2.1382     0.0002   3.220590   3.220609   0.000012    34.8182    34.8181     4.8249    27.8149    27.8148    34.8169    27.8139    1509.27    1509.27     2.1375  1041.3840    34.9855 0.0000e+00
     115737 290.517666  -36.66886  -48.62652      1.350    1498.94   2985.000   2942.169     2.3701     2.3700    -0.0002     2.1351     2.1350    -0.0002   3.220370   3.220342  -0.000022    34.8179    34.8178     4.8170    27.8149    27.8149    34.8169    27.8141    1509.27    1509.27     2.1345  1041.3889    34.9855 0.0000e+00
     115753 290.517674  -36.66886  -48.62652      1.447    1498.94   2986.000   2943.148     2.3688     2.3689     0.0001     2.1337     2.1338     0.0001   3.220218   3.220257   0.000022    34.8174    34.8176     4.8077    27.8147    27.8148    34.8160    27.8135    1509.28    1509.28     2.1331  1041.3928    34.9846 0.0000e+00
     115771 290.517682  -36.66886  -48.62652      1.444    1498.94   2987.000   2944.127     2.3611     2.3622     0.0010     2.1261     2.1272     0.0010   3.219502   3.219593   0.000104    34.8165    34.8167     4.8049    27.8146    27.8146    34.8150    27.8133    1509.26    1509.27     2.1255  1041.3977    34.9836 0.0000e+00
     115792 290.517692  -36.66886  -48.62652      1.288    1498.94   2988.000   2945.106     2.3582     2.3582    -0.0000     2.1231     2.1231    -0.0000   3.219268   3.219273   0.000002    34.8160    34.8160     4.8005    27.8143    27.8144    34.8148    27.8134    1509.27    1509.27     2.1226  1041.4024    34.9834 0.0000e+00
     115818 290.517705  -36.66886  -48.62652      0.997    1498.94   2989.000   2946.085     2.3556     2.3559     0.0002     2.1205     2.1208     0.0002   3.219007   3.219072   0.000059    34.8152    34.8157     4.7890    27.8139    27.8143    34.8140    27.8129    1509.27    1509.27     2.1199  1041.4066    34.9825 0.0000e+00
     115845 290.517718  -36.66886  -48.62653      0.873    1498.94   2990.000   2947.064     2.3507     2.3510     0.0003     2.1156     2.1159     0.0003   3.218567   3.218604   0.000043    34.8146    34.8148     4.7825    27.8139    27.8140    34.8134    27.8129    1509.27    1509.27     2.1150  1041.4114    34.9820 0.0000e+00
     115867 290.517729  -36.66886  -48.62654      0.982    1498.94   2991.000   2948.043     2.3471     2.3474     0.0003     2.1120     2.1123     0.0003   3.218204   3.218256   0.000051    34.8136    34.8139     4.7778    27.8134    27.8136    34.8124    27.8124    1509.27    1509.27     2.1114  1041.4155    34.9809 0.0000e+00
     115884 290.517737  -36.66886  -48.62654      1.170    1498.94   2992.000   2949.022     2.3428     2.3435     0.0007     2.1077     2.1084     0.0007   3.217777   3.217858   0.000080    34.8130    34.8132     4.7753    27.8132    27.8133    34.8113    27.8119    1509.27    1509.27     2.1071  1041.4198    34.9799 0.0000e+00
     115900 290.517745  -36.66886  -48.62654      1.362    1498.94   2993.000   2950.000     2.3390     2.3390     0.0001     2.1038     2.1039     0.0001   3.217479   3.217487   0.000011    34.8122    34.8123     4.7647    27.8130    27.8130    34.8113    27.8122    1509.27    1509.26     2.1033  1041.4248    34.9799 0.0000e+00
     115915 290.517752  -36.66886  -48.62653      1.500    1498.94   2994.000   2950.979     2.3411     2.3409    -0.0002     2.1058     2.1056    -0.0002   3.217748   3.217778   0.000030    34.8125    34.8130     4.7593    27.8130    27.8134    34.8119    27.8125    1509.29    1509.29     2.1052  1041.4293    34.9805 0.0000e+00
     115931 290.517760  -36.66886  -48.62652      1.551    1498.94   2995.000   2951.958     2.3411     2.3412     0.0000     2.1057     2.1058     0.0000   3.217762   3.217799   0.000032    34.8124    34.8128     4.7634    27.8129    27.8132    34.8116    27.8122    1509.31    1509.31     2.1051  1041.4335    34.9801 0.0000e+00
     115951 290.517769  -36.66886  -48.62652      1.431    1498.94   2996.000   2952.937     2.3391     2.3393     0.0002     2.1037     2.1039     0.0002   3.217612   3.217644   0.000039    34.8123    34.8126     4.7564    27.8130    27.8132    34.8114    27.8123    1509.32    1509.32     2.1031  1041.4381    34.9800 0.0000e+00
     115987 290.517786  -36.66886  -48.62652      0.799    1498.94   2997.000   2953.916     2.3391     2.3408     0.0017     2.1036     2.1053     0.0017   3.217648   3.217840   0.000191    34.8121    34.8126     4.7507    27.8128    27.8131    34.8114    27.8122    1509.34    1509.34     2.1030  1041.4425    34.9800 0.0000e+00
     116026 290.517805  -36.66886  -48.62652      0.541    1498.94   2998.000   2954.894     2.3313     2.3310    -0.0004     2.0959     2.0955    -0.0004   3.216887   3.216876  -0.000024    34.8111    34.8113     4.7432    27.8127    27.8128    34.8100    27.8118    1509.32    1509.32     2.0953  1041.4470    34.9786 0.0000e+00
     116047 290.517815  -36.66886  -48.62652      0.877    1498.94   2999.000   2955.873     2.3263     2.3271     0.0009     2.0908     2.0917     0.0009   3.216410   3.216485   0.000092    34.8105    34.8107     4.7494    27.8126    27.8127    34.8091    27.8115    1509.31    1509.32     2.0902  1041.4516    34.9777 0.0000e+00
