Pos-Processados/process_op41/Processamento_split/down/doperantar41_006.cnv
* Sea-Bird SBE 9 Data File:
* FileName = C:\Users\Dell\Desktop\OperantarXLI\config\00_BRUTOS\OP41006.hdr
* Software Version Seasave V 7.26.7.110
* Temperature SN = 6497
* Conductivity SN = 4954
* Number of Bytes Per Scan = 31
* Number of Voltage Words = 2
* Number of Scans Averaged by the Deck Unit = 1
* NMEA Latitude = 42 12.54 S
* NMEA Longitude = 053 27.22 W
* NMEA UTC (Time) = Oct 22 2022 00:21:34
* NMEA baud rate = 4800
** H41
** Navio Polar Almirante Maximiano
** LH-021/2022
** Operantar XLI
** Número da Estação 006
** Latitude 42 12.640'S
** Longitude 053 27.212W
** Data/Hora (Z) 22/10/2022 00:19
** Profundidade local 5571 m
** 09-1439
** Nome do Operador CT Garla
# nquan = 30
# nvalues = 1020                        
# units = specified
# name 0 = scan: Scan Count
# name 1 = timeJ: Julian Days
# name 2 = latitude: Latitude [deg]
# name 3 = longitude: Longitude [deg]
# name 4 = dz/dtM: Descent Rate [m/s]
# name 5 = avgsvCM: Average Sound Velocity [Chen-Millero, m/s]
# name 6 = prDM: Pressure, Digiquartz [db]
# name 7 = depSM: Depth [salt water, m]
# name 8 = t090C: Temperature [ITS-90, deg C]
# name 9 = t190C: Temperature, 2 [ITS-90, deg C]
# name 10 = T2-T190C: Temperature Difference, 2 - 1 [ITS-90, deg C]
# name 11 = potemp090C: Potential Temperature [ITS-90, deg C]
# name 12 = potemp190C: Potential Temperature, 2 [ITS-90, deg C]
# name 13 = potemp90Cdiff: Potential Temperature, Diff, 2 - 1 [ITS-90, deg C]
# name 14 = c0S/m: Conductivity [S/m]
# name 15 = c1S/m: Conductivity, 2 [S/m]
# name 16 = C2-C1S/m: Conductivity Difference, 2 - 1 [S/m]
# name 17 = sal00: Salinity, Practical [PSU]
# name 18 = sal11: Salinity, Practical, 2 [PSU]
# name 19 = sbeox0ML/L: Oxygen, SBE 43 [ml/l]
# name 20 = sigma-é00: Density [sigma-theta, kg/m^3]
# name 21 = sigma-é11: Density, 2 [sigma-theta, kg/m^3]
# name 22 = sal00: Salinity, Practical [PSU]
# name 23 = sigma-é00: Density [sigma-theta, kg/m^3]
# name 24 = svCM: Sound Velocity [Chen-Millero, m/s]
# name 25 = svCM1: Sound Velocity, 2 [Chen-Millero, m/s]
# name 26 = gsw_ptA0: potential temperature [ITS-90, deg C]
# name 27 = gsw_densityA0: density, TEOS-10 [density, kg/m^3]
# name 28 = gsw_saA0: Absolute Salinity [g/kg]
# name 29 = flag:
# span 0 =       9360,      37220       
# span 1 = 295.019490, 295.032926       
# span 2 =  -42.20603,  -42.19764       
# span 3 =  -53.45594,  -53.45446       
# span 4 =     -0.206,      1.606       
# span 5 =      -0.01,    1498.23       
# span 6 =      2.000,   1021.000       
# span 7 =      2.014,   1010.465       
# span 8 =     3.0839,    12.3926       
# span 9 =     3.0834,    12.3932       
# span 10 =    -0.1508,     0.0750      
# span 11 =     3.0140,    12.3919      
# span 12 =     3.0135,    12.3926      
# span 13 =    -0.1506,     0.0749      
# span 14 =   3.158412,   4.044301      
# span 15 =   3.158523,   4.044363      
# span 16 =  -0.014095,   0.006617      
# span 17 =    34.1153,    35.0691      
# span 18 =    34.1153,    35.0684      
# span 19 =     4.3503,     6.4786      
# span 20 =    26.3784,    27.3779      
# span 21 =    26.3791,    27.3782      
# span 22 =    34.1141,    35.0789      
# span 23 =    26.3785,    27.3779      
# span 24 =    1473.93,    1499.07      
# span 25 =    1473.93,    1499.07      
# span 26 =     3.0139,    12.3919      
# span 27 =  1026.3977,  1032.1067      
# span 28 =    34.2757,    35.2446      
# span 29 = 0.0000e+00, 0.0000e+00      
# interval = decibars: 1                
# start_time = Oct 22 2022 00:21:34 [NMEA time, header]
# bad_flag = -9.990e-29
*END*
[from data line 967]
      35488 295.032090  -42.19813  -53.45589      1.052    1478.77    969.000    959.144     3.1380     3.1381     0.0001     3.0717     3.0717     0.0001   3.167437   3.167480   0.000042    34.3444    34.3448     4.4616    27.3552    27.3555    34.3438    27.3547    1478.07    1478.07     3.0715  1031.8432    34.5091 0.0000e+00
      35516 295.032104  -42.19812  -53.45588      0.908    1478.77    970.000    960.132     3.1372     3.1375     0.0002     3.0708     3.0711     0.0002   3.167459   3.167503   0.000044    34.3449    34.3452     4.4561    27.3556    27.3559    34.3443    27.3552    1478.08    1478.09     3.0707  1031.8483    34.5097 0.0000e+00
      35552 295.032121  -42.19812  -53.45588      0.697    1478.77    971.000    961.119     3.1371     3.1374     0.0003     3.0706     3.0709     0.0003   3.167526   3.167564   0.000039    34.3451    34.3454     4.4478    27.3559    27.3560    34.3447    27.3555    1478.10    1478.10     3.0705  1031.8532    34.5101 0.0000e+00
      35587 295.032139  -42.19809  -53.45589      0.658    1478.77    972.000    962.107     3.1377     3.1379     0.0002     3.0712     3.0714     0.0002   3.167681   3.167713   0.000032    34.3457    34.3458     4.4399    27.3562    27.3564    34.3455    27.3561    1478.12    1478.12     3.0710  1031.8583    34.5108 0.0000e+00
      35615 295.032152  -42.19808  -53.45589      0.803    1478.77    973.000    963.094     3.1389     3.1389     0.0001     3.0722     3.0723     0.0001   3.167858   3.167885   0.000028    34.3460    34.3462     4.4403    27.3564    27.3566    34.3459    27.3563    1478.14    1478.14     3.0721  1031.8631    34.5113 0.0000e+00
      35637 295.032162  -42.19808  -53.45588      0.985    1478.77    974.000    964.081     3.1419     3.1418    -0.0001     3.0751     3.0750    -0.0001   3.168302   3.168360   0.000056    34.3469    34.3476     4.4361    27.3569    27.3575    34.3476    27.3574    1478.18    1478.18     3.0750  1031.8687    34.5130 0.0000e+00
      35656 295.032172  -42.19808  -53.45589      1.137    1478.77    975.000    965.069     3.1523     3.1520    -0.0003     3.0854     3.0851    -0.0003   3.169580   3.169612   0.000039    34.3496    34.3504     4.4313    27.3581    27.3587    34.3514    27.3595    1478.24    1478.24     3.0853  1031.8751    34.5168 0.0000e+00
      35676 295.032181  -42.19808  -53.45590      1.213    1478.77    976.000    966.057     3.1615     3.1611    -0.0004     3.0944     3.0940    -0.0004   3.170514   3.170491  -0.000024    34.3517    34.3518     4.4316    27.3589    27.3590    34.3525    27.3595    1478.30    1478.30     3.0943  1031.8794    34.5179 0.0000e+00
      35698 295.032192  -42.19806  -53.45590      1.163    1478.77    977.000    967.044     3.1598     3.1601     0.0003     3.0927     3.0930     0.0003   3.170386   3.170456   0.000070    34.3521    34.3526     4.4385    27.3594    27.3598    34.3522    27.3595    1478.31    1478.31     3.0925  1031.8840    34.5176 0.0000e+00
      35727 295.032206  -42.19806  -53.45590      0.927    1478.77    978.000    968.032     3.1564     3.1569     0.0005     3.0892     3.0897     0.0005   3.170170   3.170237   0.000066    34.3526    34.3529     4.4257    27.3601    27.3603    34.3527    27.3602    1478.31    1478.31     3.0891  1031.8894    34.5182 0.0000e+00
      35761 295.032222  -42.19805  -53.45590      0.706    1478.77    979.000    969.019     3.1548     3.1552     0.0004     3.0876     3.0880     0.0004   3.170115   3.170155   0.000040    34.3530    34.3531     4.4108    27.3606    27.3606    34.3531    27.3607    1478.32    1478.32     3.0874  1031.8945    34.5186 0.0000e+00
      35789 295.032236  -42.19804  -53.45590      0.787    1478.77    980.000    970.007     3.1544     3.1546     0.0002     3.0871     3.0873     0.0002   3.170120   3.170152   0.000031    34.3530    34.3532     4.3996    27.3606    27.3607    34.3531    27.3607    1478.34    1478.34     3.0870  1031.8991    34.5186 0.0000e+00
      35813 295.032247  -42.19802  -53.45590      0.950    1478.77    981.000    970.994     3.1540     3.1541     0.0001     3.0866     3.0867     0.0001   3.170112   3.170156   0.000049    34.3529    34.3534     4.4022    27.3606    27.3610    34.3529    27.3606    1478.35    1478.35     3.0865  1031.9037    34.5184 0.0000e+00
      35835 295.032258  -42.19802  -53.45590      1.050    1478.77    982.000    971.981     3.1533     3.1534     0.0000     3.0859     3.0859     0.0000   3.170102   3.170144   0.000038    34.3530    34.3535     4.4043    27.3608    27.3611    34.3530    27.3607    1478.36    1478.36     3.0857  1031.9084    34.5185 0.0000e+00
      35861 295.032270  -42.19802  -53.45590      1.009    1478.77    983.000    972.969     3.1479     3.1483     0.0004     3.0804     3.0808     0.0004   3.169662   3.169721   0.000061    34.3535    34.3538     4.4044    27.3616    27.3618    34.3529    27.3612    1478.36    1478.36     3.0803  1031.9135    34.5184 0.0000e+00
      35888 295.032283  -42.19802  -53.45590      0.903    1478.77    984.000    973.956     3.1425     3.1429     0.0004     3.0750     3.0753     0.0004   3.169263   3.169327   0.000060    34.3541    34.3544     4.4111    27.3626    27.3628    34.3533    27.3620    1478.35    1478.35     3.0748  1031.9191    34.5188 0.0000e+00
      35915 295.032296  -42.19800  -53.45590      0.890    1478.77    985.000    974.944     3.1349     3.1355     0.0005     3.0674     3.0679     0.0005   3.168650   3.168707   0.000060    34.3540    34.3541     4.4034    27.3632    27.3633    34.3534    27.3627    1478.33    1478.34     3.0672  1031.9246    34.5188 0.0000e+00
      35943 295.032310  -42.19800  -53.45590      0.869    1478.77    986.000    975.931     3.1337     3.1339     0.0002     3.0661     3.0663     0.0002   3.168623   3.168661   0.000037    34.3542    34.3544     4.3954    27.3635    27.3637    34.3538    27.3632    1478.35    1478.35     3.0659  1031.9297    34.5193 0.0000e+00
      35977 295.032326  -42.19799  -53.45590      0.738    1478.77    987.000    976.919     3.1335     3.1337     0.0002     3.0658     3.0660     0.0002   3.168661   3.168702   0.000042    34.3543    34.3546     4.4003    27.3636    27.3638    34.3540    27.3634    1478.36    1478.36     3.0657  1031.9344    34.5195 0.0000e+00
      36007 295.032341  -42.19798  -53.45590      0.742    1478.77    988.000    977.906     3.1332     3.1334     0.0002     3.0654     3.0656     0.0002   3.168696   3.168731   0.000034    34.3545    34.3547     4.3967    27.3638    27.3639    34.3542    27.3636    1478.38    1478.38     3.0653  1031.9392    34.5197 0.0000e+00
      36032 295.032353  -42.19796  -53.45590      0.892    1478.77    989.000    978.894     3.1330     3.1331     0.0001     3.0651     3.0652     0.0001   3.168721   3.168776   0.000056    34.3544    34.3550     4.3979    27.3638    27.3642    34.3542    27.3636    1478.39    1478.40     3.0650  1031.9438    34.5197 0.0000e+00
      36056 295.032365  -42.19796  -53.45590      0.992    1478.77    990.000    979.881     3.1325     3.1326     0.0002     3.0645     3.0647     0.0002   3.168734   3.168778   0.000043    34.3547    34.3551     4.4060    27.3640    27.3643    34.3544    27.3638    1478.41    1478.41     3.0644  1031.9486    34.5199 0.0000e+00
      36082 295.032377  -42.19796  -53.45590      0.955    1478.77    991.000    980.869     3.1308     3.1310     0.0002     3.0628     3.0630     0.0002   3.168679   3.168729   0.000051    34.3552    34.3556     4.4025    27.3646    27.3649    34.3549    27.3644    1478.42    1478.42     3.0627  1031.9538    34.5205 0.0000e+00
      36110 295.032390  -42.19794  -53.45592      0.886    1478.77    992.000    981.856     3.1311     3.1313     0.0002     3.0630     3.0632     0.0002   3.168772   3.168818   0.000044    34.3555    34.3558     4.3970    27.3648    27.3650    34.3553    27.3646    1478.44    1478.44     3.0629  1031.9587    34.5208 0.0000e+00
      36135 295.032403  -42.19794  -53.45592      0.911    1478.77    993.000    982.844     3.1301     3.1303     0.0002     3.0620     3.0622     0.0002   3.168733   3.168797   0.000065    34.3556    34.3561     4.3953    27.3650    27.3654    34.3553    27.3648    1478.45    1478.45     3.0618  1031.9634    34.5208 0.0000e+00
      36158 295.032414  -42.19794  -53.45592      1.004    1478.77    994.000    983.831     3.1293     3.1293    -0.0000     3.0611     3.0611    -0.0000   3.168691   3.168739   0.000049    34.3554    34.3560     4.3980    27.3649    27.3654    34.3551    27.3647    1478.46    1478.46     3.0610  1031.9679    34.5207 0.0000e+00
      36180 295.032424  -42.19794  -53.45592      1.072    1478.77    995.000    984.818     3.1284     3.1284    -0.0000     3.0601     3.0601    -0.0000   3.168667   3.168717   0.000046    34.3556    34.3561     4.4003    27.3652    27.3656    34.3553    27.3649    1478.48    1478.48     3.0600  1031.9727    34.5208 0.0000e+00
      36203 295.032435  -42.19792  -53.45592      1.065    1478.77    996.000    985.806     3.1241     3.1248     0.0007     3.0558     3.0565     0.0007   3.168433   3.168499   0.000066    34.3570    34.3571     4.3948    27.3667    27.3667    34.3564    27.3662    1478.47    1478.48     3.0557  1031.9787    34.5220 0.0000e+00
      36229 295.032448  -42.19791  -53.45592      0.973    1478.77    997.000    986.793     3.1200     3.1204     0.0004     3.0517     3.0521     0.0004   3.168261   3.168316   0.000057    34.3586    34.3589     4.3939    27.3684    27.3685    34.3582    27.3680    1478.48    1478.48     3.0515  1031.9852    34.5237 0.0000e+00
      36268 295.032467  -42.19790  -53.45592      0.687    1478.77    998.000    987.779     3.1184     3.1188     0.0004     3.0500     3.0504     0.0004   3.168220   3.168270   0.000049    34.3593    34.3594     4.3904    27.3690    27.3691    34.3589    27.3687    1478.49    1478.49     3.0498  1031.9905    34.5244 0.0000e+00
      36320 295.032492  -42.19788  -53.45592      0.402    1478.77    999.000    988.773     3.1180     3.1183     0.0003     3.0495     3.0498     0.0003   3.168245   3.168289   0.000045    34.3594    34.3595     4.3811    27.3691    27.3693    34.3591    27.3689    1478.50    1478.50     3.0494  1031.9953    34.5247 0.0000e+00
      36346 295.032504  -42.19788  -53.45592      0.739    1478.77   1000.000    989.755     3.1181     3.1182     0.0002     3.0495     3.0497     0.0002   3.168310   3.168347   0.000036    34.3595    34.3597     4.3830    27.3693    27.3695    34.3593    27.3691    1478.52    1478.52     3.0494  1032.0001    34.5249 0.0000e+00
      36364 295.032513  -42.19786  -53.45592      1.055    1478.77   1001.000    990.743     3.1183     3.1182    -0.0001     3.0497     3.0495    -0.0001   3.168366   3.168402   0.000035    34.3593    34.3599     4.3815    27.3691    27.3696    34.3592    27.3690    1478.54    1478.54     3.0495  1032.0032    34.5230 0.0000e+00
      36381 295.032521 -9.990e-29  -53.45592      1.290 -9.990e-29   1002.000    991.730     3.1182     3.1181    -0.0001     3.0494     3.0493    -0.0001   3.168411   3.168460   0.000052    34.3595    34.3603     4.3795    27.3693    27.3699    34.3594    27.3692    1478.55    1478.55     3.0493  1032.0067    34.5217 0.0000e+00
      36398 295.032529 -9.990e-29  -53.45592      1.410 -9.990e-29   1003.000    992.717     3.1177     3.1177    -0.0000     3.0489     3.0489    -0.0000   3.168418   3.168467   0.000047    34.3597    34.3603     4.3795    27.3695    27.3699    34.3594    27.3692    1478.57    1478.57     3.0488  1032.0114    34.5218 0.0000e+00
      36415 295.032538 -9.990e-29  -53.45592      1.440 -9.990e-29   1004.000    993.705     3.1143     3.1145     0.0002     3.0454     3.0457     0.0002   3.168234   3.168302   0.000069    34.3607    34.3613     4.3789    27.3706    27.3711    34.3602    27.3702    1478.57    1478.57     3.0453  1032.0171    34.5226 0.0000e+00
      36455 295.032557  -42.19784  -53.45592      0.791    1478.74   1005.000    994.689     3.1117     3.1124     0.0006     3.0428     3.0435     0.0006   3.168162   3.168244   0.000079    34.3619    34.3622     4.3718    27.3718    27.3720    34.3616    27.3715    1478.58    1478.58     3.0427  1032.0240    34.5252 0.0000e+00
      36512 295.032585  -42.19782  -53.45592      0.368    1478.74   1006.000    995.684     3.1103     3.1106     0.0003     3.0413     3.0416     0.0003   3.168111   3.168143   0.000034    34.3623    34.3624     4.3636    27.3723    27.3723    34.3620    27.3720    1478.59    1478.59     3.0412  1032.0308    34.5278 0.0000e+00
      36536 295.032596  -42.19782  -53.45592      0.793    1478.74   1007.000    996.667     3.1084     3.1087     0.0002     3.0394     3.0396     0.0002   3.168008   3.168049   0.000039    34.3626    34.3628     4.3638    27.3726    27.3728    34.3622    27.3723    1478.60    1478.60     3.0392  1032.0356    34.5278 0.0000e+00
      36556 295.032606  -42.19782  -53.45592      1.061    1478.74   1008.000    997.654     3.1069     3.1070     0.0001     3.0378     3.0379     0.0001   3.167917   3.167976   0.000057    34.3625    34.3631     4.3625    27.3728    27.3732    34.3622    27.3725    1478.61    1478.61     3.0377  1032.0404    34.5278 0.0000e+00
      36574 295.032614  -42.19781  -53.45592      1.231    1478.74   1009.000    998.641     3.1050     3.1052     0.0002     3.0358     3.0360     0.0002   3.167797   3.167850   0.000053    34.3627    34.3631     4.3569    27.3731    27.3734    34.3623    27.3727    1478.62    1478.62     3.0357  1032.0453    34.5279 0.0000e+00
      36591 295.032623  -42.19780  -53.45593      1.340    1478.74   1010.000    999.629     3.1034     3.1034    -0.0000     3.0342     3.0342    -0.0000   3.167734   3.167781   0.000052    34.3630    34.3637     4.3626    27.3734    27.3740    34.3626    27.3731    1478.63    1478.63     3.0341  1032.0503    34.5282 0.0000e+00
      36609 295.032631  -42.19780  -53.45594      1.378    1478.74   1011.000   1000.616     3.1027     3.1026     0.0000     3.0334     3.0334     0.0000   3.167714   3.167771   0.000057    34.3630    34.3637     4.3665    27.3735    27.3741    34.3626    27.3732    1478.64    1478.64     3.0333  1032.0550    34.5283 0.0000e+00
      36632 295.032642  -42.19780  -53.45594      1.229    1478.74   1012.000   1001.604     3.1007     3.1010     0.0003     3.0313     3.0316     0.0003   3.167603   3.167670   0.000066    34.3633    34.3638     4.3673    27.3740    27.3743    34.3629    27.3736    1478.65    1478.65     3.0312  1032.0600    34.5285 0.0000e+00
      36685 295.032668  -42.19778  -53.45592      0.397    1478.74   1013.000   1002.592     3.0986     3.0997     0.0011     3.0292     3.0303     0.0011   3.167514   3.167632   0.000116    34.3638    34.3641     4.3575    27.3746    27.3747    34.3635    27.3743    1478.66    1478.66     3.0290  1032.0654    34.5292 0.0000e+00
      36724 295.032687  -42.19776  -53.45592      0.570    1478.74   1014.000   1003.580     3.0974     3.0974     0.0001     3.0279     3.0280     0.0001   3.167445   3.167468   0.000021    34.3639    34.3641     4.3632    27.3748    27.3749    34.3635    27.3744    1478.67    1478.67     3.0278  1032.0700    34.5291 0.0000e+00
      36744 295.032696  -42.19776  -53.45594      0.971    1478.74   1015.000   1004.566     3.0953     3.0952    -0.0000     3.0257     3.0257    -0.0000   3.167298   3.167337   0.000039    34.3638    34.3644     4.3578    27.3749    27.3753    34.3634    27.3745    1478.68    1478.68     3.0256  1032.0748    34.5290 0.0000e+00
      36761 295.032704  -42.19776  -53.45594      1.223    1478.74   1016.000   1005.553     3.0939     3.0937    -0.0001     3.0242     3.0241    -0.0001   3.167236   3.167270   0.000037    34.3639    34.3645     4.3566    27.3751    27.3756    34.3636    27.3748    1478.69    1478.69     3.0241  1032.0788    34.5281 0.0000e+00
