Pos-Processados/process_op41/Processamento_split/down/doperantar41_008.cnv
* Sea-Bird SBE 9 Data File:
* FileName = C:\Users\Dell\Desktop\OperantarXLI\config\00_BRUTOS\OP41008.hdr
* Software Version Seasave V 7.26.7.110
* Temperature SN = 6497
* Conductivity SN = 4954
* Number of Bytes Per Scan = 31
* Number of Voltage Words = 2
* Number of Scans Averaged by the Deck Unit = 1
* NMEA Latitude = 42 30.30 S
* NMEA Longitude = 052 37.08 W
* NMEA UTC (Time) = Oct 22 2022 23:44:28
* NMEA baud rate = 4800
** H41
** Navio Polar Almirante Maximiano
** LH-021/2022
** Operantar XLI
** Número da Estação 008
** Latitude 42 30.175S
** Longitude 52 36.384
** Data/Hora (Z) 22/10/2022 2343Z
** Profundidade local 5665
** 09-1439
** Nome do Operador 1T FILIPE LOPES
# nquan = 30
# nvalues = 1020                        
# units = specified
# name 0 = scan: Scan Count
# name 1 = timeJ: Julian Days
# name 2 = latitude: Latitude [deg]
# name 3 = longitude: Longitude [deg]
# name 4 = dz/dtM: Descent Rate [m/s]
# name 5 = avgsvCM: Average Sound Velocity [Chen-Millero, m/s]
# name 6 = prDM: Pressure, Digiquartz [db]
# name 7 = depSM: Depth [salt water, m]
# name 8 = t090C: Temperature [ITS-90, deg C]
# name 9 = t190C: Temperature, 2 [ITS-90, deg C]
# name 10 = T2-T190C: Temperature Difference, 2 - 1 [ITS-90, deg C]
# name 11 = potemp090C: Potential Temperature [ITS-90, deg C]
# name 12 = potemp190C: Potential Temperature, 2 [ITS-90, deg C]
# name 13 = potemp90Cdiff: Potential Temperature, Diff, 2 - 1 [ITS-90, deg C]
# name 14 = c0S/m: Conductivity [S/m]
# name 15 = c1S/m: Conductivity, 2 [S/m]
# name 16 = C2-C1S/m: Conductivity Difference, 2 - 1 [S/m]
# name 17 = sal00: Salinity, Practical [PSU]
# name 18 = sal11: Salinity, Practical, 2 [PSU]
# name 19 = sbeox0ML/L: Oxygen, SBE 43 [ml/l]
# name 20 = sigma-é00: Density [sigma-theta, kg/m^3]
# name 21 = sigma-é11: Density, 2 [sigma-theta, kg/m^3]
# name 22 = sal00: Salinity, Practical [PSU]
# name 23 = sigma-é00: Density [sigma-theta, kg/m^3]
# name 24 = svCM: Sound Velocity [Chen-Millero, m/s]
# name 25 = svCM1: Sound Velocity, 2 [Chen-Millero, m/s]
# name 26 = gsw_ptA0: potential temperature [ITS-90, deg C]
# name 27 = gsw_densityA0: density, TEOS-10 [density, kg/m^3]
# name 28 = gsw_saA0: Absolute Salinity [g/kg]
# name 29 = flag:
# span 0 =        685,      30948       
# span 1 = 295.989543, 296.004137       
# span 2 =  -42.50696,  -42.50512       
# span 3 =  -52.63620,  -52.61845       
# span 4 =     -0.022,      1.598       
# span 5 =       0.00,    1505.49       
# span 6 =      4.000,   1023.000       
# span 7 =      3.968,   1012.426       
# span 8 =     3.0793,    14.0842       
# span 9 =     3.0797,    14.0836       
# span 10 =    -0.0551,     0.0808      
# span 11 =     3.0093,    14.0836      
# span 12 =     3.0098,    14.0828      
# span 13 =    -0.0551,     0.0803      
# span 14 =   3.164818,   4.176686      
# span 15 =   3.164845,   4.176675      
# span 16 =  -0.005189,   0.007203      
# span 17 =    34.1376,    35.0501      
# span 18 =    34.1375,    35.0494      
# span 19 =     4.3730,     6.1822      
# span 20 =    25.9859,    27.3631      
# span 21 =    25.9861,    27.3627      
# span 22 =    34.1363,    35.0462      
# span 23 =    25.9858,    27.3629      
# span 24 =    1474.79,    1503.61      
# span 25 =    1474.79,    1503.61      
# span 26 =     3.0092,    14.0836      
# span 27 =  1026.0083,  1032.1001      
# span 28 =    34.2985,    35.2117      
# span 29 = 0.0000e+00, 0.0000e+00      
# interval = decibars: 1                
# start_time = Oct 22 2022 23:44:28 [NMEA time, header]
# bad_flag = -9.990e-29
*END*
[from data line 822]
      21930 295.999788  -42.50674  -52.63077      1.157    1479.60    826.000    817.855     3.5893     3.5930     0.0037     3.5309     3.5345     0.0037   3.194691   3.194965   0.000355    34.2758    34.2761     4.7898    27.2570    27.2569    34.2707    27.2530    1477.53    1477.54     3.5307  1031.0753    34.4348 0.0000e+00
      21946 295.999796  -42.50674  -52.63078      1.356    1479.60    827.000    818.842     3.5795     3.5816     0.0022     3.5210     3.5231     0.0022   3.193735   3.193947   0.000227    34.2744    34.2749     4.7945    27.2569    27.2571    34.2691    27.2526    1477.50    1477.51     3.5209  1031.0798    34.4332 0.0000e+00
      21963 295.999804  -42.50676  -52.63078      1.440    1479.60    828.000    819.831     3.5513     3.5592     0.0079     3.4930     3.5008     0.0079   3.190895   3.191579   0.000701    34.2719    34.2720     4.8023    27.2576    27.2570    34.2641    27.2514    1477.39    1477.42     3.4929  1031.0838    34.4282 0.0000e+00
      21986 295.999816  -42.50676  -52.63080      1.246    1479.60    829.000    820.819     3.5215     3.5447     0.0232     3.4632     3.4863     0.0231   3.188581   3.190826   0.002047    34.2718    34.2720     4.8094    27.2604    27.2583    34.2672    27.2567    1477.28    1477.39     3.4631  1031.0943    34.4313 0.0000e+00
      22024 295.999833  -42.50675  -52.63083      0.677    1479.60    830.000    821.807     3.5233     3.5460     0.0228     3.4649     3.4876     0.0226   3.188876   3.190255   0.001606    34.2736    34.2690     4.8096    27.2617    27.2558    34.2683    27.2575    1477.31    1477.40     3.4648  1031.0996    34.4325 0.0000e+00
      22056 295.999849  -42.50674  -52.63084      0.692    1479.60    831.000    822.795     3.4723     3.4714    -0.0010     3.4143     3.4133    -0.0009   3.183952   3.183205  -0.000710    34.2701    34.2626     4.8341    27.2637    27.2579    34.2623    27.2575    1477.10    1477.09     3.4141  1031.1054    34.4264 0.0000e+00
      22080 295.999861  -42.50674  -52.63085      0.893    1479.60    832.000    823.783     3.4442     3.4446     0.0004     3.3863     3.3867     0.0004   3.181197   3.180802  -0.000383    34.2643    34.2592     4.8393    27.2618    27.2577    34.2582    27.2570    1477.00    1476.99     3.3861  1031.1101    34.4223 0.0000e+00
      22101 295.999871  -42.50674  -52.63087      1.055    1479.60    833.000    824.772     3.4374     3.4372    -0.0002     3.3794     3.3793    -0.0001   3.180470   3.180262  -0.000159    34.2601    34.2583     4.8425    27.2591    27.2577    34.2562    27.2560    1476.98    1476.98     3.3793  1031.1139    34.4203 0.0000e+00
      22122 295.999881  -42.50674  -52.63088      1.145    1479.60    834.000    825.760     3.4442     3.4428    -0.0014     3.3861     3.3847    -0.0014   3.181172   3.180968  -0.000167    34.2599    34.2594     4.8539    27.2584    27.2580    34.2569    27.2560    1477.03    1477.02     3.3859  1031.1183    34.4210 0.0000e+00
      22144 295.999891  -42.50675  -52.63089      1.129    1479.60    835.000    826.748     3.4504     3.4488    -0.0016     3.3922     3.3906    -0.0016   3.181823   3.181655  -0.000140    34.2601    34.2601     4.8634    27.2579    27.2581    34.2577    27.2560    1477.07    1477.06     3.3921  1031.1228    34.4218 0.0000e+00
      22172 295.999905  -42.50676  -52.63091      0.966    1479.60    836.000    827.736     3.4541     3.4546     0.0005     3.3958     3.3963     0.0005   3.182220   3.182207 5.5424e-07    34.2604    34.2598     4.8683    27.2578    27.2573    34.2581    27.2559    1477.10    1477.10     3.3957  1031.1272    34.4222 0.0000e+00
      22211 295.999924  -42.50676  -52.63094      0.637    1479.60    837.000    828.722     3.4556     3.4560     0.0004     3.3971     3.3976     0.0004   3.182432   3.182424   0.000022    34.2602    34.2600     4.8692    27.2575    27.2573    34.2585    27.2562    1477.13    1477.13     3.3970  1031.1321    34.4227 0.0000e+00
      22250 295.999943  -42.50676  -52.63096      0.594    1479.60    838.000    829.716     3.4621     3.4602    -0.0018     3.4036     3.4017    -0.0018   3.183181   3.183012  -0.000162    34.2611    34.2611     4.8665    27.2576    27.2578    34.2601    27.2568    1477.17    1477.16     3.4034  1031.1371    34.4243 0.0000e+00
      22279 295.999956  -42.50676  -52.63098      0.765    1479.60    839.000    830.700     3.4646     3.4656     0.0010     3.4060     3.4070     0.0010   3.183414   3.183588   0.000181    34.2606    34.2617     4.8677    27.2570    27.2577    34.2597    27.2563    1477.20    1477.20     3.4059  1031.1411    34.4239 0.0000e+00
      22300 295.999967  -42.50676  -52.63100      0.971    1479.60    840.000    831.689     3.4671     3.4671    -0.0000     3.4084     3.4083    -0.0000   3.183776   3.183808   0.000057    34.2614    34.2621     4.8625    27.2574    27.2580    34.2610    27.2570    1477.23    1477.23     3.4083  1031.1464    34.4251 0.0000e+00
      22319 295.999976  -42.50676  -52.63101      1.162    1479.60    841.000    832.677     3.4688     3.4687    -0.0001     3.4100     3.4099    -0.0001   3.184024   3.184029   0.000010    34.2622    34.2624     4.8601    27.2579    27.2580    34.2617    27.2575    1477.25    1477.25     3.4098  1031.1514    34.4259 0.0000e+00
      22337 295.999985  -42.50676  -52.63103      1.285    1479.60    842.000    833.665     3.4695     3.4696     0.0001     3.4106     3.4107     0.0001   3.184154   3.184173   0.000032    34.2623    34.2626     4.8524    27.2579    27.2581    34.2620    27.2576    1477.27    1477.27     3.4105  1031.1561    34.4261 0.0000e+00
      22356 295.999994  -42.50676  -52.63104      1.300    1479.60    843.000    834.653     3.4714     3.4717     0.0003     3.4125     3.4127     0.0002   3.184390   3.184418   0.000026    34.2627    34.2628     4.8529    27.2581    27.2581    34.2622    27.2577    1477.30    1477.30     3.4123  1031.1607    34.4264 0.0000e+00
      22383 296.000007  -42.50676  -52.63105      1.072    1479.60    844.000    835.641     3.4672     3.4694     0.0023     3.4082     3.4104     0.0022   3.184034   3.184238   0.000196    34.2627    34.2626     4.8554    27.2584    27.2582    34.2619    27.2578    1477.30    1477.31     3.4080  1031.1655    34.4261 0.0000e+00
      22424 296.000026  -42.50676  -52.63108      0.598    1479.60    845.000    836.629     3.4395     3.4536     0.0141     3.3806     3.3946     0.0140   3.181321   3.182540   0.001195    34.2613    34.2609     4.8466    27.2600    27.2583    34.2579    27.2573    1477.19    1477.25     3.3805  1031.1702    34.4221 0.0000e+00
      22462 296.000045  -42.50675  -52.63109      0.594    1479.60    846.000    837.617     3.4145     3.4172     0.0028     3.3557     3.3584     0.0027   3.179272   3.179331   0.000079    34.2609    34.2589     4.8479    27.2620    27.2602    34.2591    27.2606    1477.10    1477.11     3.3555  1031.1787    34.4233 0.0000e+00
      22489 296.000058  -42.50674  -52.63112      0.800    1479.60    847.000    838.605     3.4113     3.4109    -0.0003     3.3524     3.3521    -0.0003   3.179172   3.178776  -0.000368    34.2621    34.2581     4.8529    27.2633    27.2601    34.2608    27.2622    1477.11    1477.10     3.3523  1031.1850    34.4249 0.0000e+00
      22511 296.000068  -42.50674  -52.63112      0.994    1479.60    848.000    839.593     3.4059     3.4083     0.0024     3.3470     3.3494     0.0024   3.178447   3.178567   0.000102    34.2600    34.2587     4.8600    27.2622    27.2609    34.2572    27.2599    1477.10    1477.10     3.3468  1031.1874    34.4214 0.0000e+00
      22531 296.000078  -42.50675  -52.63113      1.151    1479.60    849.000    840.582     3.3999     3.3999     0.0000     3.3409     3.3409     0.0000   3.177979   3.177952  -0.000010    34.2588    34.2587     4.8652    27.2618    27.2616    34.2573    27.2606    1477.09    1477.09     3.3408  1031.1928    34.4215 0.0000e+00
      22551 296.000088  -42.50676  -52.63115      1.206    1479.60    850.000    841.569     3.4013     3.4011    -0.0002     3.3423     3.3421    -0.0002   3.178161   3.178147  -0.000004    34.2585    34.2586     4.8622    27.2614    27.2615    34.2575    27.2606    1477.11    1477.11     3.3422  1031.1973    34.4217 0.0000e+00
      22585 296.000104  -42.50676  -52.63117      0.863    1479.60    851.000    842.558     3.4021     3.4062     0.0041     3.3430     3.3471     0.0041   3.178306   3.178613   0.000287    34.2591    34.2582     4.8628    27.2618    27.2607    34.2579    27.2608    1477.13    1477.15     3.3428  1031.2022    34.4221 0.0000e+00
      22635 296.000128  -42.50676  -52.63122      0.399    1479.60    852.000    843.546     3.3973     3.3988     0.0015     3.3381     3.3396     0.0015   3.177919   3.177982   0.000100    34.2588    34.2584     4.8580    27.2620    27.2616    34.2578    27.2612    1477.13    1477.13     3.3380  1031.2072    34.4220 0.0000e+00
      22664 296.000142  -42.50676  -52.63122      0.712    1479.60    853.000    844.534     3.3942     3.3942     0.0000     3.3350     3.3350     0.0000   3.177755   3.177689  -0.000060    34.2594    34.2586     4.8550    27.2628    27.2622    34.2586    27.2621    1477.13    1477.13     3.3349  1031.2128    34.4228 0.0000e+00
      22685 296.000152  -42.50676  -52.63124      0.979    1479.60    854.000    845.522     3.3972     3.3968    -0.0004     3.3378     3.3374    -0.0004   3.178123   3.178074  -0.000040    34.2596    34.2595     4.8528    27.2627    27.2627    34.2593    27.2625    1477.16    1477.16     3.3377  1031.2177    34.4235 0.0000e+00
      22704 296.000161  -42.50676  -52.63124      1.178    1479.60    855.000    846.510     3.3986     3.3987     0.0001     3.3392     3.3393     0.0001   3.178295   3.178332   0.000032    34.2599    34.2602     4.8553    27.2628    27.2630    34.2594    27.2624    1477.19    1477.18     3.3391  1031.2221    34.4236 0.0000e+00
      22723 296.000171  -42.50676  -52.63125      1.270    1479.60    856.000    847.498     3.3930     3.3959     0.0029     3.3336     3.3364     0.0029   3.177739   3.178033   0.000264    34.2600    34.2602     4.8587    27.2634    27.2633    34.2581    27.2618    1477.17    1477.19     3.3334  1031.2263    34.4223 0.0000e+00
      22745 296.000181  -42.50676  -52.63127      1.188    1479.60    857.000    848.486     3.3839     3.3869     0.0029     3.3245     3.3274     0.0029   3.177195   3.177402   0.000228    34.2610    34.2607     4.8549    27.2651    27.2645    34.2605    27.2647    1477.16    1477.17     3.3244  1031.2339    34.4248 0.0000e+00
      22779 296.000198  -42.50676  -52.63130      0.810    1479.60    858.000    849.474     3.3883     3.3922     0.0038     3.3288     3.3326     0.0038   3.177703   3.177922   0.000208    34.2620    34.2605     4.8422    27.2654    27.2639    34.2615    27.2650    1477.19    1477.21     3.3287  1031.2388    34.4257 0.0000e+00
      22823 296.000219  -42.50676  -52.63133      0.533    1479.59    859.000    850.462     3.3864     3.3886     0.0022     3.3268     3.3290     0.0022   3.177644   3.177764   0.000129    34.2628    34.2620     4.8364    27.2662    27.2654    34.2623    27.2658    1477.20    1477.21     3.3267  1031.2442    34.4265 0.0000e+00
      22857 296.000235  -42.50676  -52.63134      0.666    1479.48    860.000    851.450     3.3864     3.3870     0.0007     3.3267     3.3273     0.0007   3.177700   3.177718   0.000026    34.2629    34.2625     4.8332    27.2664    27.2660    34.2625    27.2660    1477.22    1477.22     3.3266  1031.2490    34.4267 0.0000e+00
      22883 296.000248  -42.50676  -52.63136      0.840    1479.48    861.000    852.438     3.3831     3.3835     0.0004     3.3233     3.3237     0.0004   3.177437   3.177445   0.000005    34.2631    34.2626     4.8374    27.2668    27.2664    34.2623    27.2662    1477.22    1477.22     3.3231  1031.2538    34.4266 0.0000e+00
      22906 296.000259  -42.50676  -52.63136      0.980    1479.48    862.000    853.426     3.3799     3.3819     0.0020     3.3200     3.3220     0.0020   3.177190   3.177354   0.000158    34.2628    34.2626     4.8366    27.2669    27.2666    34.2622    27.2664    1477.22    1477.23     3.3199  1031.2587    34.4264 0.0000e+00
      22930 296.000271  -42.50676  -52.63138      1.033    1479.48    863.000    854.414     3.3785     3.3798     0.0013     3.3186     3.3199     0.0013   3.177105   3.177206   0.000101    34.2626    34.2625     4.8314    27.2669    27.2667    34.2621    27.2665    1477.24    1477.24     3.3185  1031.2634    34.4264 0.0000e+00
      22957 296.000284  -42.50676  -52.63141      0.928    1479.48    864.000    855.402     3.3760     3.3779     0.0019     3.3161     3.3179     0.0019   3.176961   3.177117   0.000159    34.2630    34.2629     4.8313    27.2674    27.2672    34.2624    27.2670    1477.24    1477.25     3.3159  1031.2686    34.4267 0.0000e+00
      22987 296.000298  -42.50676  -52.63143      0.815    1479.48    865.000    856.390     3.3723     3.3738     0.0015     3.3124     3.3138     0.0015   3.176700   3.176743   0.000053    34.2634    34.2625     4.8301    27.2681    27.2673    34.2626    27.2675    1477.24    1477.25     3.3122  1031.2726    34.4255 0.0000e+00
      23014 296.000311 -9.990e-29  -52.63145      0.849    1479.48    866.000    857.378     3.3677     3.3687     0.0010     3.3077     3.3087     0.0010   3.176417   3.176395  -0.000023    34.2642    34.2629     4.8229    27.2692    27.2681    34.2635    27.2687    1477.24    1477.24     3.3076  1031.2777    34.4254 0.0000e+00
      23040 296.000324 -9.990e-29  -52.63146      0.917    1479.48    867.000    858.366     3.3668     3.3682     0.0014     3.3067     3.3081     0.0014   3.176480   3.176516   0.000032    34.2652    34.2641     4.8229    27.2701    27.2691    34.2648    27.2698    1477.25    1477.26     3.3066  1031.2834    34.4267 0.0000e+00
      23069 296.000338 -9.990e-29  -52.63148      0.873    1479.48    868.000    859.354     3.3660     3.3677     0.0018     3.3058     3.3076     0.0018   3.176492   3.176573   0.000084    34.2657    34.2648     4.8305    27.2706    27.2697    34.2653    27.2702    1477.27    1477.27     3.3057  1031.2885    34.4272 0.0000e+00
      23101 296.000353  -42.50676  -52.63149      0.755    1479.48    869.000    860.342     3.3651     3.3671     0.0020     3.3048     3.3068     0.0020   3.176556   3.176614   0.000061    34.2668    34.2654     4.8188    27.2715    27.2703    34.2664    27.2713    1477.28    1477.29     3.3047  1031.2960    34.4308 0.0000e+00
      23129 296.000367  -42.50676  -52.63151      0.808    1479.48    870.000    861.330     3.3647     3.3650     0.0003     3.3044     3.3047     0.0003   3.176574   3.176586   0.000014    34.2668    34.2667     4.8083    27.2716    27.2715    34.2665    27.2713    1477.30    1477.30     3.3043  1031.3006    34.4308 0.0000e+00
      23153 296.000378  -42.50676  -52.63152      0.944    1479.48    871.000    862.318     3.3643     3.3652     0.0009     3.3039     3.3048     0.0009   3.176611   3.176663   0.000049    34.2672    34.2669     4.8035    27.2719    27.2716    34.2669    27.2717    1477.31    1477.32     3.3038  1031.3056    34.4312 0.0000e+00
      23177 296.000390  -42.50676  -52.63153      1.014    1479.48    872.000    863.306     3.3635     3.3645     0.0009     3.3030     3.3040     0.0009   3.176634   3.176699   0.000068    34.2677    34.2676     4.8016    27.2725    27.2722    34.2675    27.2723    1477.33    1477.33     3.3029  1031.3108    34.4318 0.0000e+00
      23212 296.000406  -42.50676  -52.63156      0.767    1479.48    873.000    864.294     3.3629     3.3651     0.0023     3.3023     3.3046     0.0022   3.176659   3.176797   0.000130    34.2683    34.2675     4.7988    27.2729    27.2721    34.2679    27.2727    1477.34    1477.35     3.3022  1031.3158    34.4323 0.0000e+00
