Pos-Processados/pos_process38/dados_doperantar38_001.cnv
* Sea-Bird SBE 9 Data File:
* FileName = D:\OPERANTAR_XXXVIII\DADOS\OP38_002.hdr
* Software Version Seasave V 7.12
* Temperature SN = 4808
* Conductivity SN = 3380
* Number of Bytes Per Scan = 31
* Number of Voltage Words = 2
* Number of Scans Averaged by the Deck Unit = 1
* NMEA Latitude = 38 26.99 S
* NMEA Longitude = 052 53.48 W
* NMEA UTC (Time) = Jan 16 2019 21:21:57
** H41
** NAVIO POLAR ALMIRANTE MAXIMIANO
** CRUZEIRO:
** OPERANTAR XXXVIII
** ESTAวรO: 002
** LAT 38บ 26,99'S
** LONG 052บ 53,46'W
** 09P73767-1155
** PROFUNDIDADE: 4158 m
** DATA/HORA: 162121Z/OUT/2019
** OPERADOR: SO-HN CHAVES
# nquan = 33
# nvalues = 1024                        
# units = specified
# name 0 = scan: Scan Count
# name 1 = timeJ: Julian Days
# name 2 = latitude: Latitude [deg]
# name 3 = longitude: Longitude [deg]
# name 4 = dz/dtM: Descent Rate [m/s]
# name 5 = avgsvCM: Average Sound Velocity [Chen-Millero, m/s]
# name 6 = prDM: Pressure, Digiquartz [db]
# name 7 = depSM: Depth [salt water, m]
# name 8 = t090C: Temperature [ITS-90, deg C]
# name 9 = t190C: Temperature, 2 [ITS-90, deg C]
# name 10 = T2-T190C: Temperature Difference, 2 - 1 [ITS-90, deg C]
# name 11 = potemp090C: Potential Temperature [ITS-90, deg C]
# name 12 = potemp190C: Potential Temperature, 2 [ITS-90, deg C]
# name 13 = potemp90Cdiff: Potential Temperature, Diff, 2 - 1 [ITS-90, deg C]
# name 14 = c0S/m: Conductivity [S/m]
# name 15 = c1S/m: Conductivity, 2 [S/m]
# name 16 = C2-C1S/m: Conductivity Difference, 2 - 1 [S/m]
# name 17 = sal00: Salinity, Practical [PSU]
# name 18 = sal11: Salinity, Practical, 2 [PSU]
# name 19 = sbeox0ML/L: Oxygen, SBE 43 [ml/l]
# name 20 = sigma-้00: Density [sigma-theta, kg/m^3]
# name 21 = sigma-้11: Density, 2 [sigma-theta, kg/m^3]
# name 22 = sbox0Mm/Kg: Oxygen, SBE 43 [umol/kg]
# name 23 = oxsolMm/Kg: Oxygen Saturation, Garcia & Gordon [umol/kg]
# name 24 = oxsatMm/Kg: Oxygen Saturation, Weiss [umol/kg]
# name 25 = sal00: Salinity, Practical [PSU]
# name 26 = sigma-้00: Density [sigma-theta, kg/m^3]
# name 27 = svCM: Sound Velocity [Chen-Millero, m/s]
# name 28 = svCM1: Sound Velocity, 2 [Chen-Millero, m/s]
# name 29 = gsw_ptA0: potential temperature [ITS-90, deg C]
# name 30 = gsw_densityA0: density, TEOS-10 [density, kg/m^3]
# name 31 = gsw_saA0: Absolute Salinity [g/kg]
# name 32 = flag:
# span 0 =       7944,      40112       
# span 1 =  16.894074,  16.909587       
# span 2 =  -38.22396,  -38.22387       
# span 3 =  -52.57270,  -52.57268       
# span 4 =     -0.460,      1.603       
# span 5 =      -0.01,    1592.24       
# span 6 =      5.000,   1028.000       
# span 7 =      4.997,   1017.762       
# span 8 =     3.9652,    16.8223       
# span 9 =     3.9665,    16.8245       
# span 10 =    -0.0187,     0.0193      
# span 11 =     3.8880,    16.8216      
# span 12 =     3.8893,    16.8237      
# span 13 =    -0.0187,     0.0192      
# span 14 =   3.229402,   4.495850      
# span 15 =   3.229921,   4.496588      
# span 16 =  -0.002288,   0.002741      
# span 17 =    33.2718,    35.8771      
# span 18 =    33.2761,    35.8831      
# span 19 =     4.7107,     5.9546      
# span 20 =    24.2300,    27.1524      
# span 21 =    24.2328,    27.1557      
# span 22 =    204.899,    258.922      
# span 23 =  241.46438,  316.99565      
# span 24 =  241.21227,  317.79906      
# span 25 =    33.2760,    35.8772      
# span 26 =    24.2332,    27.1524      
# span 27 =    1481.89,    1514.01      
# span 28 =    1481.91,    1514.02      
# span 29 =     3.8877,    16.8215      
# span 30 =  1024.2603,  1031.8893      
# span 31 =    33.4331,    36.0467      
# span 32 = 0.0000e+00, 0.0000e+00      
# interval = decibars: 1                
# start_time = Jan 16 2019 21:21:57 [NMEA time, header]
# bad_flag = -9.990e-29
*END*
[from data line 352]
      19783  16.899783  -38.22392  -52.57268      1.154    1512.45    357.000    354.016    14.5437    14.5448     0.0011    14.4902    14.4913     0.0011   4.326893   4.327586   0.000672    35.5873    35.5925     5.0330    26.5363    26.5401    218.963  249.01327  248.84040    35.5904    26.5387    1511.83    1511.84    14.4903  1028.1113    35.7588 0.0000e+00
      19804  16.899793  -38.22392  -52.57268      1.205    1512.45    358.000    355.007    14.5603    14.5595    -0.0008    14.5066    14.5059    -0.0008   4.329754   4.330069   0.000413    35.5941    35.5986     5.0333    26.5380    26.5416    218.979  248.91991  248.74613    35.6011    26.5435    1511.91    1511.91    14.5067  1028.1203    35.7695 0.0000e+00
      19857  16.899819  -38.22393  -52.57270      0.595    1512.45    359.000    355.998    14.6042    14.6007    -0.0035    14.5502    14.5468    -0.0034   4.335492   4.335545   0.000089    35.6091    35.6131     5.0675    26.5402    26.5440    220.464  248.67819  248.50195    35.6134    26.5435    1512.08    1512.07    14.5502  1028.1244    35.7819 0.0000e+00
      19930  16.899854  -38.22392  -52.57270      0.389    1512.45    360.000    356.988    14.6189    14.6192     0.0003    14.5648    14.5651     0.0003   4.337280   4.337941   0.000639    35.6137    35.6193     5.0821    26.5406    26.5448    221.097  248.59798  248.42091    35.6160    26.5423    1512.15    1512.16    14.5648  1028.1274    35.7844 0.0000e+00
      19951  16.899864  -38.22392  -52.57269      0.838    1512.45    361.000    357.979    14.6179    14.6187     0.0008    14.5636    14.5644     0.0008   4.337027   4.337718   0.000652    35.6137    35.6190     5.0857    26.5408    26.5448    221.253  248.60274  248.42573    35.6141    26.5411    1512.16    1512.17    14.5637  1028.1306    35.7825 0.0000e+00
      19971  16.899874  -38.22392 -9.990e-29      1.097    1512.45    362.000    358.970    14.5823    14.5863     0.0041    14.5279    14.5320     0.0040   4.332478   4.333476   0.001043    35.6065    35.6124     5.0897    26.5430    26.5466    221.428  248.79053  248.61556    35.6045    26.5415    1512.05    1512.07    14.5279  1028.1356    35.7729 0.0000e+00
      19990  16.899883  -38.22392 -9.990e-29      1.235    1512.45    363.000    359.960    14.5831    14.5831     0.0001    14.5286    14.5286     0.0001   4.333453   4.334038   0.000553    35.6105    35.6155     5.0838    26.5460    26.5498    221.170  248.77938  248.60439    35.6123    26.5474    1512.08    1512.08    14.5286  1028.1458    35.7807 0.0000e+00
      20009  16.899892  -38.22392 -9.990e-29      1.263    1512.45    364.000    360.951    14.5869    14.5880     0.0010    14.5323    14.5333     0.0010   4.333968   4.334679   0.000704    35.6113    35.6168     5.0760    26.5457    26.5498    220.833  248.75919  248.58399    35.6131    26.5472    1512.11    1512.12    14.5323  1028.1500    35.7815 0.0000e+00
      20029  16.899902  -38.22392 -9.990e-29      1.217    1512.45    365.000    361.942    14.5992    14.6002     0.0010    14.5444    14.5453     0.0009   4.335628   4.336306   0.000684    35.6153    35.6207     5.0761    26.5462    26.5502    220.834  248.69193  248.51604    35.6168    26.5473    1512.17    1512.18    14.5444  1028.1544    35.7852 0.0000e+00
      20051  16.899912  -38.22392  -52.57270      1.156    1512.45    366.000    362.933    14.5997    14.6003     0.0006    14.5447    14.5453     0.0006   4.335643   4.336306   0.000657    35.6153    35.6208     5.0805    26.5461    26.5503    221.027  248.68951  248.51359    35.6160    26.5467    1512.19    1512.19    14.5448  1028.1582    35.7845 0.0000e+00
      20075  16.899924  -38.22392  -52.57270      1.053    1512.43    367.000    363.923    14.5989    14.5998     0.0009    14.5437    14.5446     0.0009   4.335604   4.336301   0.000700    35.6152    35.6208     5.0814    26.5463    26.5504    221.068  248.69373  248.51786    35.6160    26.5469    1512.20    1512.21    14.5437  1028.1628    35.7845 0.0000e+00
      20109  16.899940  -38.22394  -52.57270      0.802    1512.37    368.000    364.912    14.5980    14.5985     0.0005    14.5427    14.5432     0.0005   4.335543   4.336213   0.000671    35.6155    35.6212     5.0884    26.5467    26.5510    221.370  248.69771  248.52189    35.6159    26.5470    1512.21    1512.22    14.5427  1028.1673    35.7844 0.0000e+00
      20160  16.899965  -38.22394  -52.57269      0.450    1512.37    369.000    365.906    14.5945    14.5952     0.0007    14.5391    14.5397     0.0007   4.335175   4.335857   0.000681    35.6151    35.6208     5.0988    26.5472    26.5515    221.821  248.71539  248.53978    35.6153    26.5474    1512.22    1512.23    14.5391  1028.1720    35.7837 0.0000e+00
      20200  16.899984  -38.22392  -52.57268      0.563    1512.37    370.000    366.895    14.5905    14.5907     0.0002    14.5349    14.5352     0.0002   4.334679   4.335325   0.000637    35.6141    35.6197     5.0955    26.5473    26.5517    221.680  248.73675  248.56136    35.6140    26.5473    1512.22    1512.23    14.5349  1028.1763    35.7825 0.0000e+00
      20225  16.899996  -38.22392  -52.57269      0.827    1512.37    371.000    367.886    14.5899    14.5906     0.0006    14.5342    14.5348     0.0006   4.334916   4.335519   0.000652    35.6148    35.6202     5.0969    26.5480    26.5521    221.741  248.73826  248.56291    35.6163    26.5492    1512.24    1512.25    14.5342  1028.1826    35.7847 0.0000e+00
      20246  16.900006  -38.22392  -52.57270      1.041    1512.37    372.000    368.877    14.6082    14.6079    -0.0004    14.5523    14.5519    -0.0004   4.337516   4.338061   0.000503    35.6213    35.6263     5.0967    26.5491    26.5531    221.732  248.63700  248.46064    35.6230    26.5505    1512.32    1512.33    14.5523  1028.1881    35.7915 0.0000e+00
      20268  16.900017  -38.22392  -52.57270      1.131    1512.37    373.000    369.868    14.6098    14.6126     0.0028    14.5537    14.5565     0.0028   4.337547   4.338566   0.000957    35.6213    35.6275     5.0932    26.5488    26.5530    221.580  248.62968  248.45322    35.6215    26.5490    1512.34    1512.36    14.5537  1028.1910    35.7900 0.0000e+00
      20294  16.900029  -38.22392  -52.57270      1.018    1512.37    374.000    370.858    14.6044    14.6072     0.0027    14.5482    14.5510     0.0027   4.336690   4.337522   0.000925    35.6198    35.6258     5.0948    26.5489    26.5529    221.647  248.65839  248.48223    35.6181    26.5476    1512.33    1512.35    14.5482  1028.1940    35.7866 0.0000e+00
      20324  16.900044  -38.22392  -52.57270      0.813    1512.37    375.000    371.849    14.5397    14.5360    -0.0037    14.4835    14.4798    -0.0037   4.328079   4.328225   0.000125    35.6026    35.6072     5.1094    26.5496    26.5539    222.285  249.00642  248.83394    35.5977    26.5458    1512.12    1512.12    14.4835  1028.1971    35.7661 0.0000e+00
      20351  16.900057  -38.22392  -52.57269      0.834    1512.37    376.000    372.840    14.5081    14.5104     0.0023    14.4518    14.4541     0.0023   4.323809   4.324980   0.000903    35.5944    35.6006     5.0998    26.5501    26.5544    221.866  249.17643  249.00574    35.5869    26.5443    1512.02    1512.04    14.4519  1028.2002    35.7552 0.0000e+00
      20372  16.900067  -38.22392  -52.57269      1.008    1512.37    377.000    373.831    14.4476    14.4574     0.0098    14.3914    14.4011     0.0097   4.316191   4.317740   0.001814    35.5784    35.5861     5.0862    26.5507    26.5546    221.273  249.50277  249.33554    35.5716    26.5455    1511.83    1511.87    14.3914  1028.2063    35.7399 0.0000e+00
      20392  16.900077  -38.22392  -52.57270      1.151    1512.37    378.000    374.821    14.4252    14.4285     0.0032    14.3689    14.3721     0.0032   4.314046   4.315101   0.001002    35.5749    35.5812     5.0623    26.5529    26.5571    220.237  249.61959  249.45366    35.5719    26.5506    1511.77    1511.79    14.3689  1028.2159    35.7402 0.0000e+00
      20416  16.900088  -38.22392  -52.57270      1.098    1512.37    379.000    375.812    14.4399    14.4422     0.0023    14.3833    14.3857     0.0023   4.316235   4.317083   0.000878    35.5792    35.5852     5.0340    26.5531    26.5572    219.003  249.53957  249.37281    35.5783    26.5524    1511.85    1511.86    14.3834  1028.2220    35.7466 0.0000e+00
      20452  16.900106  -38.22393  -52.57270      0.730    1512.37    380.000    376.803    14.4559    14.4575     0.0016    14.3992    14.4007     0.0016   4.318095   4.318942   0.000822    35.5823    35.5884     5.0378    26.5521    26.5565    219.169  249.45513  249.28744    35.5804    26.5506    1511.92    1511.93    14.3992  1028.2245    35.7487 0.0000e+00
      20489  16.900124  -38.22393  -52.57270      0.624    1512.37    381.000    377.793    14.4551    14.4559     0.0008    14.3982    14.3990     0.0008   4.318074   4.318731   0.000683    35.5819    35.5875     5.0496    26.5520    26.5561    219.681  249.45980  249.29215    35.5805    26.5509    1511.93    1511.94    14.3982  1028.2292    35.7489 0.0000e+00
      20518  16.900137  -38.22392  -52.57270      0.775    1512.37    382.000    378.784    14.4332    14.4355     0.0023    14.3763    14.3786     0.0023   4.314646   4.315595   0.000892    35.5749    35.5811     5.0412    26.5513    26.5556    219.318  249.57986  249.41345    35.5685    26.5464    1511.86    1511.88    14.3763  1028.2292    35.7368 0.0000e+00
      20543  16.900149  -38.22392  -52.57269      0.915    1512.37    383.000    379.774    14.3845    14.3867     0.0022    14.3275    14.3296     0.0022   4.309106   4.309928   0.000862    35.5653    35.5713     5.0620    26.5544    26.5586    220.221  249.83787  249.67430    35.5616    26.5515    1511.71    1511.73    14.3275  1028.2391    35.7298 0.0000e+00
      20567  16.900161  -38.22392  -52.57268      0.985    1512.37    384.000    380.765    14.3783    14.3794     0.0011    14.3212    14.3223     0.0011   4.308525   4.309195   0.000727    35.5639    35.5696     5.0600    26.5546    26.5588    220.132  249.87088  249.70766    35.5614    26.5528    1511.71    1511.72    14.3212  1028.2447    35.7297 0.0000e+00
      20592  16.900173  -38.22392  -52.57269      0.981    1512.37    385.000    381.756    14.3710    14.3718     0.0008    14.3138    14.3145     0.0008   4.307458   4.308211   0.000703    35.5614    35.5672     5.0368    26.5543    26.5587    219.125  249.91138  249.74858    35.5579    26.5516    1511.70    1511.71    14.3138  1028.2480    35.7261 0.0000e+00
      20618  16.900186  -38.22392  -52.57270      0.938    1512.37    386.000    382.747    14.3560    14.3566     0.0006    14.2986    14.2992     0.0006   4.305562   4.306208   0.000652    35.5575    35.5630     5.0385    26.5545    26.5587    219.200  249.99266  249.83072    35.5537    26.5516    1511.66    1511.67    14.2987  1028.2525    35.7219 0.0000e+00
      20643  16.900198  -38.22392  -52.57270      0.934    1512.37    387.000    383.737    14.3379    14.3401     0.0022    14.2804    14.2826     0.0022   4.303208   4.303963   0.000834    35.5529    35.5586     5.0392    26.5549    26.5589    219.228  250.09047  249.92958    35.5482    26.5512    1511.62    1511.63    14.2804  1028.2566    35.7164 0.0000e+00
      20667  16.900209  -38.22392  -52.57270      0.982    1512.37    388.000    384.728    14.2951    14.2979     0.0029    14.2376    14.2404     0.0029   4.297183   4.298138   0.000932    35.5420    35.5480     5.0426    26.5556    26.5596    219.378  250.32245  250.16404    35.5313    26.5473    1511.47    1511.49    14.2376  1028.2575    35.6994 0.0000e+00
      20695  16.900223  -38.22392  -52.57270      0.932    1512.37    389.000    385.719    14.1963    14.1979     0.0015    14.1390    14.1405     0.0015   4.285326   4.286262   0.000801    35.5217    35.5277     5.0318    26.5610    26.5653    218.907  250.84975  250.69715    35.5116    26.5532    1511.15    1511.16    14.1390  1028.2684    35.6796 0.0000e+00
      20730  16.900240  -38.22393  -52.57270      0.704    1512.37    390.000    386.709    14.1347    14.1376     0.0029    14.0774    14.0802     0.0029   4.278095   4.278922   0.000915    35.5077    35.5136     5.0127    26.5633    26.5672    218.074  251.18212  251.03316    35.5006    26.5578    1510.96    1510.97    14.0774  1028.2779    35.6686 0.0000e+00
      20761  16.900255  -38.22393  -52.57270      0.716    1512.37    391.000    387.700    14.1006    14.1030     0.0024    14.0432    14.0456     0.0024   4.273395   4.274323   0.000899    35.4982    35.5044     5.0030    26.5632    26.5674    217.654  251.36968  251.22273    35.4879    26.5552    1510.85    1510.86    14.0432  1028.2800    35.6558 0.0000e+00
      20786  16.900267  -38.22392  -52.57270      0.905    1512.37    392.000    388.690    14.0433    14.0449     0.0015    13.9859    13.9875     0.0015   4.266693   4.267451   0.000791    35.4861    35.4921     5.0019    26.5659    26.5702    217.604  251.67814  251.53460    35.4778    26.5594    1510.67    1510.68    13.9860  1028.2891    35.6456 0.0000e+00
      20808  16.900277  -38.22392  -52.57270      1.035    1512.37    393.000    389.681    14.0367    14.0367     0.0001    13.9791    13.9792     0.0001   4.266275   4.266870   0.000607    35.4851    35.4907     5.0003    26.5665    26.5709    217.535  251.71341  251.57028    35.4796    26.5623    1510.66    1510.67    13.9792  1028.2963    35.6475 0.0000e+00
      20832  16.900289  -38.22392  -52.57270      1.040    1512.37    394.000    390.672    14.0393    14.0391    -0.0001    13.9816    13.9815    -0.0001   4.266723   4.267284   0.000571    35.4856    35.4910     4.9913    26.5664    26.5706    217.141  251.69960  251.55631    35.4810    26.5628    1510.69    1510.70    13.9816  1028.3013    35.6489 0.0000e+00
      20857  16.900301  -38.22392  -52.57270      0.970    1512.37    395.000    391.662    14.0442    14.0449     0.0007    13.9863    13.9870     0.0007   4.267508   4.268224   0.000709    35.4867    35.4926     4.9883    26.5663    26.5707    217.014  251.67298  251.52940    35.4834    26.5637    1510.72    1510.73    13.9863  1028.3064    35.6512 0.0000e+00
      20882  16.900313  -38.22392  -52.57270      0.959    1512.37    396.000    392.653    14.0496    14.0501     0.0005    13.9916    13.9921     0.0005   4.268246   4.268885   0.000646    35.4880    35.4936     4.9854    26.5662    26.5704    216.884  251.64326  251.49935    35.4848    26.5637    1510.76    1510.77    13.9916  1028.3108    35.6527 0.0000e+00
      20905  16.900324  -38.22392  -52.57270      1.017    1512.37    397.000    393.643    14.0498    14.0508     0.0010    13.9917    13.9927     0.0010   4.268326   4.269039   0.000721    35.4880    35.4938     4.9913    26.5662    26.5704    217.144  251.64218  251.49826    35.4850    26.5638    1510.78    1510.79    13.9917  1028.3153    35.6529 0.0000e+00
      20929  16.900336  -38.22392  -52.57270      1.021    1512.37    398.000    394.634    14.0284    14.0299     0.0015    13.9701    13.9716     0.0015   4.265188   4.265968   0.000771    35.4815    35.4873     4.9963    26.5657    26.5698    217.361  251.76141  251.61876    35.4750    26.5607    1510.71    1510.73    13.9702  1028.3167    35.6429 0.0000e+00
      20964  16.900352  -38.22393  -52.57270      0.773    1512.37    399.000    395.625    13.9944    13.9945     0.0001    13.9362    13.9362     0.0001   4.261464   4.262050   0.000606    35.4748    35.4804     4.9890    26.5677    26.5720    217.041  251.94372  251.80311    35.4712    26.5648    1510.61    1510.62    13.9362  1028.3255    35.6390 0.0000e+00
