Pos-Processados/pos_process38/dados_doperantar38_001.cnv
* Sea-Bird SBE 9 Data File:
* FileName = D:\OPERANTAR_XXXVIII\DADOS\OP38_002.hdr
* Software Version Seasave V 7.12
* Temperature SN = 4808
* Conductivity SN = 3380
* Number of Bytes Per Scan = 31
* Number of Voltage Words = 2
* Number of Scans Averaged by the Deck Unit = 1
* NMEA Latitude = 38 26.99 S
* NMEA Longitude = 052 53.48 W
* NMEA UTC (Time) = Jan 16 2019 21:21:57
** H41
** NAVIO POLAR ALMIRANTE MAXIMIANO
** CRUZEIRO:
** OPERANTAR XXXVIII
** ESTAวรO: 002
** LAT 38บ 26,99'S
** LONG 052บ 53,46'W
** 09P73767-1155
** PROFUNDIDADE: 4158 m
** DATA/HORA: 162121Z/OUT/2019
** OPERADOR: SO-HN CHAVES
# nquan = 33
# nvalues = 1024                        
# units = specified
# name 0 = scan: Scan Count
# name 1 = timeJ: Julian Days
# name 2 = latitude: Latitude [deg]
# name 3 = longitude: Longitude [deg]
# name 4 = dz/dtM: Descent Rate [m/s]
# name 5 = avgsvCM: Average Sound Velocity [Chen-Millero, m/s]
# name 6 = prDM: Pressure, Digiquartz [db]
# name 7 = depSM: Depth [salt water, m]
# name 8 = t090C: Temperature [ITS-90, deg C]
# name 9 = t190C: Temperature, 2 [ITS-90, deg C]
# name 10 = T2-T190C: Temperature Difference, 2 - 1 [ITS-90, deg C]
# name 11 = potemp090C: Potential Temperature [ITS-90, deg C]
# name 12 = potemp190C: Potential Temperature, 2 [ITS-90, deg C]
# name 13 = potemp90Cdiff: Potential Temperature, Diff, 2 - 1 [ITS-90, deg C]
# name 14 = c0S/m: Conductivity [S/m]
# name 15 = c1S/m: Conductivity, 2 [S/m]
# name 16 = C2-C1S/m: Conductivity Difference, 2 - 1 [S/m]
# name 17 = sal00: Salinity, Practical [PSU]
# name 18 = sal11: Salinity, Practical, 2 [PSU]
# name 19 = sbeox0ML/L: Oxygen, SBE 43 [ml/l]
# name 20 = sigma-้00: Density [sigma-theta, kg/m^3]
# name 21 = sigma-้11: Density, 2 [sigma-theta, kg/m^3]
# name 22 = sbox0Mm/Kg: Oxygen, SBE 43 [umol/kg]
# name 23 = oxsolMm/Kg: Oxygen Saturation, Garcia & Gordon [umol/kg]
# name 24 = oxsatMm/Kg: Oxygen Saturation, Weiss [umol/kg]
# name 25 = sal00: Salinity, Practical [PSU]
# name 26 = sigma-้00: Density [sigma-theta, kg/m^3]
# name 27 = svCM: Sound Velocity [Chen-Millero, m/s]
# name 28 = svCM1: Sound Velocity, 2 [Chen-Millero, m/s]
# name 29 = gsw_ptA0: potential temperature [ITS-90, deg C]
# name 30 = gsw_densityA0: density, TEOS-10 [density, kg/m^3]
# name 31 = gsw_saA0: Absolute Salinity [g/kg]
# name 32 = flag:
# span 0 =       7944,      40112       
# span 1 =  16.894074,  16.909587       
# span 2 =  -38.22396,  -38.22387       
# span 3 =  -52.57270,  -52.57268       
# span 4 =     -0.460,      1.603       
# span 5 =      -0.01,    1592.24       
# span 6 =      5.000,   1028.000       
# span 7 =      4.997,   1017.762       
# span 8 =     3.9652,    16.8223       
# span 9 =     3.9665,    16.8245       
# span 10 =    -0.0187,     0.0193      
# span 11 =     3.8880,    16.8216      
# span 12 =     3.8893,    16.8237      
# span 13 =    -0.0187,     0.0192      
# span 14 =   3.229402,   4.495850      
# span 15 =   3.229921,   4.496588      
# span 16 =  -0.002288,   0.002741      
# span 17 =    33.2718,    35.8771      
# span 18 =    33.2761,    35.8831      
# span 19 =     4.7107,     5.9546      
# span 20 =    24.2300,    27.1524      
# span 21 =    24.2328,    27.1557      
# span 22 =    204.899,    258.922      
# span 23 =  241.46438,  316.99565      
# span 24 =  241.21227,  317.79906      
# span 25 =    33.2760,    35.8772      
# span 26 =    24.2332,    27.1524      
# span 27 =    1481.89,    1514.01      
# span 28 =    1481.91,    1514.02      
# span 29 =     3.8877,    16.8215      
# span 30 =  1024.2603,  1031.8893      
# span 31 =    33.4331,    36.0467      
# span 32 = 0.0000e+00, 0.0000e+00      
# interval = decibars: 1                
# start_time = Jan 16 2019 21:21:57 [NMEA time, header]
# bad_flag = -9.990e-29
*END*
[from data line 88]
      11156  16.895622  -38.22390  -52.57268      0.534    1510.71     93.000     92.281    15.7852    15.7858     0.0006    15.7705    15.7711     0.0006   4.460613   4.461335   0.000736    35.7861    35.7922     5.0685    26.4051    26.4097    220.536  242.70799  242.46735    35.7836    26.4032    1511.58    1511.59    15.7706  1026.8149    35.9525 0.0000e+00
      11338  16.895710  -38.22389  -52.57268      0.138    1510.71     94.000     93.284    15.7819    15.7821     0.0002    15.7671    15.7673     0.0002   4.460497   4.461178   0.000686    35.7855    35.7914     5.0464    26.4054    26.4100    219.573  242.72448  242.48402    35.7851    26.4051    1511.59    1511.60    15.7671  1026.8212    35.9541 0.0000e+00
      11362  16.895722  -38.22388  -52.57268      0.685    1510.71     95.000     94.266    15.7920    15.7913    -0.0008    15.7771    15.7763    -0.0008   4.462174   4.462744   0.000578    35.7896    35.7955     5.0404    26.4063    26.4110    219.312  242.66996  242.42899    35.7906    26.4071    1511.64    1511.64    15.7771  1026.8275    35.9596 0.0000e+00
      11384  16.895732  -38.22388  -52.57268      0.982    1510.71     96.000     95.258    15.8086    15.8079    -0.0007    15.7935    15.7928    -0.0007   4.464717   4.465286   0.000573    35.7960    35.8017     5.0433    26.4075    26.4121    219.440  242.58147  242.33968    35.7980    26.4091    1511.72    1511.72    15.7935  1026.8338    35.9670 0.0000e+00
      11407  16.895743  -38.22388  -52.57268      1.072    1510.71     97.000     96.249    15.8204    15.8206     0.0002    15.8052    15.8054     0.0002   4.466218   4.466988   0.000699    35.7997    35.8058     5.0489    26.4077    26.4123    219.683  242.51979  242.27741    35.8004    26.4082    1511.77    1511.78    15.8052  1026.8373    35.9694 0.0000e+00
      11435  16.895757  -38.22390  -52.57268      0.920    1510.72     98.000     97.242    15.8410    15.8388    -0.0021    15.8255    15.8234    -0.0021   4.469423   4.469706   0.000387    35.8072    35.8126     5.0524    26.4088    26.4135    219.834  242.41111  242.16772    35.8101    26.4111    1511.86    1511.86    15.8255  1026.8446    35.9792 0.0000e+00
      11468  16.895773  -38.22390  -52.57268      0.750 -9.990e-29     99.000     98.234    15.8578    15.8555    -0.0022    15.8421    15.8399    -0.0022   4.471646   4.472062   0.000399    35.8122    35.8178     5.0506    26.4088    26.4137    219.755  242.32420  242.07996    35.8145    26.4106    1511.94    1511.94    15.8421  1026.8484    35.9836 0.0000e+00
      11501  16.895789  -38.22392  -52.57268      0.731 -9.990e-29    100.000     99.226    15.8980    15.8944    -0.0036    15.8822    15.8786    -0.0036   4.477364   4.477672   0.000353    35.8242    35.8306     5.0603    26.4096    26.4147    220.178  242.11583  241.86959    35.8289    26.4125    1512.09    1512.09    15.8822  1026.8546    35.9981 0.0000e+00
      11542  16.895809  -38.22392  -52.57268      0.606    1511.18    101.000    100.216    15.9369    15.9363    -0.0005    15.9209    15.9204    -0.0005   4.482690   4.483489   0.000662    35.8376    35.8441     5.0919    26.4104    26.4155    221.554  241.91200  241.66384    35.8411    26.4131    1512.25    1512.25    15.9209  1026.8594    36.0103 0.0000e+00
      11606  16.895840  -38.22391 -9.990e-29      0.337    1511.19    102.000    101.211    15.9723    15.9701    -0.0022    15.9561    15.9539    -0.0022   4.487812   4.488009   0.000290    35.8507    35.8553     5.1392    26.4124    26.4164    223.610  241.72514  241.47525    35.8545    26.4153    1512.39    1512.38    15.9561  1026.8659    36.0237 0.0000e+00
      11654  16.895863  -38.22390  -52.57270      0.502    1511.19    103.000    102.202    15.9813    15.9823     0.0010    15.9650    15.9660     0.0010   4.488992   4.489781   0.000788    35.8551    35.8612     5.1641    26.4137    26.4182    224.691  241.67594  241.42561    35.8565    26.4148    1512.43    1512.44    15.9650  1026.8698    36.0258 0.0000e+00
      11675  16.895873  -38.22390  -52.57270      0.854    1511.19    104.000    103.194    15.9812    15.9807    -0.0004    15.9647    15.9642    -0.0004   4.489434   4.490017   0.000582    35.8575    35.8631     5.1650    26.4156    26.4201    224.731  241.67241  241.42211    35.8602    26.4177    1512.45    1512.46    15.9647  1026.8771    36.0295 0.0000e+00
      11693  16.895881  -38.22388  -52.57268      1.146    1511.19    105.000    104.186    15.9814    15.9825     0.0011    15.9647    15.9658     0.0011   4.489262   4.490062   0.000789    35.8575    35.8636     5.1732    26.4156    26.4200    225.088  241.67156  241.42125    35.8581    26.4161    1512.47    1512.48    15.9647  1026.8798    36.0274 0.0000e+00
      11709  16.895889  -38.22388  -52.57268      1.347    1511.19    106.000    105.177    15.9769    15.9767    -0.0002    15.9601    15.9598    -0.0002   4.489143   4.489724   0.000598    35.8581    35.8636     5.1858    26.4171    26.4215    225.637  241.69153  241.44145    35.8606    26.4191    1512.47    1512.48    15.9601  1026.8873    36.0300 0.0000e+00
      11725  16.895897  -38.22388  -52.57268      1.456    1511.19    107.000    106.169    15.9869    15.9860    -0.0009    15.9699    15.9690    -0.0009   4.490781   4.491236   0.000506    35.8624    35.8677     5.1878    26.4182    26.4225    225.723  241.63780  241.38724    35.8659    26.4209    1512.53    1512.53    15.9699  1026.8934    36.0352 0.0000e+00
      11741  16.895905  -38.22390  -52.57268      1.505    1511.19    108.000    107.162    16.0024    16.0011    -0.0012    15.9852    15.9840    -0.0012   4.492914   4.493489   0.000511    35.8676    35.8733     5.1751    26.4187    26.4234    225.171  241.55685  241.30553    35.8705    26.4209    1512.60    1512.60    15.9852  1026.8978    36.0399 0.0000e+00
      11756  16.895912  -38.22390  -52.57269      1.527    1511.19    109.000    108.154    16.0093    16.0090    -0.0003    15.9920    15.9917    -0.0003   4.493881   4.494437   0.000567    35.8698    35.8751     5.1561    26.4188    26.4229    224.345  241.52109  241.26943    35.8725    26.4209    1512.64    1512.64    15.9920  1026.9021    36.0419 0.0000e+00
      11772  16.895920  -38.22390  -52.57270      1.533    1511.19    110.000    109.146    16.0152    16.0153     0.0000    15.9977    15.9978     0.0000   4.494761   4.495463   0.000680    35.8718    35.8778     5.1500    26.4190    26.4237    224.081  241.49028  241.23833    35.8746    26.4212    1512.67    1512.68    15.9977  1026.9068    36.0440 0.0000e+00
      11805  16.895936  -38.22392  -52.57270      0.997    1511.19    111.000    110.124    16.0168    16.0173     0.0004    15.9992    15.9996     0.0004   4.494895   4.495621   0.000724    35.8726    35.8786     5.1882    26.4193    26.4239    225.741  241.48147  241.22945    35.8740    26.4203    1512.70    1512.70    15.9992  1026.9103    36.0434 0.0000e+00
      11870  16.895967  -38.22392  -52.57270      0.281    1511.19    112.000    111.135    16.0152    16.0153     0.0001    15.9974    15.9975     0.0001   4.494728   4.495406   0.000674    35.8726    35.8786     5.2266    26.4197    26.4244    227.412  241.48878  241.23684    35.8735    26.4204    1512.70    1512.71    15.9974  1026.9147    36.0429 0.0000e+00
      11904  16.895984  -38.22392  -52.57270      0.621    1511.19    113.000    112.122    16.0122    16.0126     0.0004    15.9943    15.9946     0.0004   4.494376   4.495102   0.000726    35.8721    35.8782     5.2161    26.4200    26.4247    226.956  241.50377  241.25198    35.8727    26.4205    1512.71    1512.72    15.9943  1026.9192    36.0421 0.0000e+00
      11928  16.895995  -38.22391  -52.57269      0.891    1511.19    114.000    113.114    16.0166    16.0182     0.0016    15.9984    16.0000     0.0016   4.495162   4.496066   0.000888    35.8740    35.8804     5.2106    26.4205    26.4251    226.713  241.48055  241.22856    35.8754    26.4216    1512.75    1512.76    15.9984  1026.9247    36.0448 0.0000e+00
      11950  16.896005  -38.22390  -52.57268      1.057    1511.19    115.000    114.106    16.0188    16.0193     0.0006    16.0005    16.0010     0.0006   4.495398   4.496114   0.000724    35.8746    35.8806     5.2133    26.4205    26.4250    226.834  241.46921  241.21710    35.8751    26.4210    1512.77    1512.78    16.0005  1026.9284    36.0445 0.0000e+00
      11972  16.896016  -38.22390  -52.57268      1.102    1511.19    116.000    115.097    16.0166    16.0169     0.0003    15.9982    15.9985     0.0003   4.495143   4.495847   0.000707    35.8741    35.8801     5.2111    26.4207    26.4253    226.736  241.48001  241.22801    35.8744    26.4209    1512.78    1512.79    15.9982  1026.9327    36.0438 0.0000e+00
      11995  16.896027  -38.22390  -52.57269      1.073    1511.19    117.000    116.089    16.0146    16.0146     0.0001    15.9959    15.9960     0.0001   4.494991   4.495669   0.000674    35.8739    35.8799     5.2018    26.4210    26.4257    226.331  241.48984  241.23794    35.8745    26.4215    1512.79    1512.80    15.9960  1026.9377    36.0439 0.0000e+00
      12017  16.896038  -38.22390  -52.57270      1.059    1511.19    118.000    117.081    16.0162    16.0167     0.0005    15.9974    15.9979     0.0005   4.495285   4.496014   0.000729    35.8746    35.8807     5.2057    26.4212    26.4258    226.503  241.48105  241.22908    35.8752    26.4217    1512.81    1512.82    15.9974  1026.9423    36.0447 0.0000e+00
      12039  16.896048  -38.22391  -52.57270      1.081    1511.19    119.000    118.073    16.0191    16.0198     0.0006    16.0002    16.0008     0.0006   4.495850   4.496588   0.000739    35.8764    35.8825     5.2023    26.4220    26.4265    226.352  241.46438  241.21227    35.8772    26.4226    1512.84    1512.85    16.0002  1026.9475    36.0467 0.0000e+00
      12063  16.896060  -38.22392  -52.57269      1.054    1511.19    120.000    119.065    16.0183    16.0187     0.0003    15.9992    15.9996     0.0003   4.495801   4.496521   0.000714    35.8771    35.8831     5.1937    26.4227    26.4273    225.979  241.46696  241.21490    35.8771    26.4228    1512.85    1512.86    15.9993  1026.9520    36.0465 0.0000e+00
      12094  16.896075  -38.22392  -52.57268      0.854    1511.19    121.000    120.057    16.0110    16.0115     0.0005    15.9918    15.9923     0.0005   4.494890   4.495628   0.000734    35.8756    35.8817     5.1656    26.4233    26.4279    224.758  241.50345  241.25175    35.8751    26.4230    1512.84    1512.85    15.9918  1026.9566    36.0446 0.0000e+00
      12132  16.896093  -38.22392  -52.57270      0.640    1511.19    122.000    121.049    16.0000    16.0005     0.0005    15.9805    15.9811     0.0005   4.493518   4.494267   0.000742    35.8732    35.8794     5.1475    26.4241    26.4287    223.967  241.55891  241.30776    35.8725    26.4235    1512.83    1512.83    15.9806  1026.9616    36.0419 0.0000e+00
      12166  16.896109  -38.22392  -52.57270      0.684    1511.19    123.000    122.041    15.9868    15.9877     0.0009    15.9673    15.9682     0.0009   4.491850   4.492620   0.000797    35.8701    35.8764     5.1508    26.4248    26.4294    224.114  241.62520  241.37471    35.8691    26.4239    1512.80    1512.81    15.9673  1026.9664    36.0385 0.0000e+00
      12198  16.896125  -38.22392  -52.57268      0.743    1511.19    124.000    123.033    15.9787    15.9786    -0.0001    15.9589    15.9589    -0.0001   4.490896   4.491578   0.000669    35.8686    35.8746     5.1565    26.4255    26.4302    224.362  241.66578  241.41570    35.8675    26.4246    1512.79    1512.79    15.9590  1026.9715    36.0369 0.0000e+00
      12235  16.896143  -38.22392  -52.57268      0.669    1511.19    125.000    124.025    15.9706    15.9710     0.0004    15.9508    15.9512     0.0004   4.490023   4.490747   0.000723    35.8674    35.8735     5.1442    26.4265    26.4311    223.824  241.70503  241.45536    35.8666    26.4258    1512.78    1512.78    15.9508  1026.9770    36.0360 0.0000e+00
      12274  16.896162  -38.22392  -52.57269      0.607    1511.19    126.000    125.016    15.9684    15.9686     0.0002    15.9484    15.9486     0.0002   4.489863   4.490564   0.000703    35.8672    35.8733     5.1302    26.4269    26.4315    223.218  241.71561  241.46606    35.8667    26.4265    1512.79    1512.79    15.9484  1026.9821    36.0361 0.0000e+00
      12307  16.896178  -38.22392  -52.57270      0.689    1511.19    127.000    126.008    15.9686    15.9688     0.0002    15.9484    15.9486     0.0002   4.489914   4.490632   0.000718    35.8671    35.8733     5.1246    26.4268    26.4315    222.974  241.71522  241.46565    35.8666    26.4264    1512.80    1512.81    15.9484  1026.9864    36.0360 0.0000e+00
      12332  16.896190  -38.22392  -52.57270      0.859    1511.19    128.000    127.000    15.9676    15.9680     0.0004    15.9473    15.9477     0.0004   4.489876   4.490580   0.000701    35.8673    35.8732     5.1261    26.4271    26.4316    223.038  241.71940  241.46988    35.8668    26.4268    1512.82    1512.83    15.9473  1026.9911    36.0362 0.0000e+00
      12353  16.896200  -38.22392 -9.990e-29      1.033    1511.19    129.000    127.992    15.9669    15.9672     0.0003    15.9464    15.9467     0.0003   4.489880   4.490597   0.000716    35.8674    35.8735     5.1239    26.4275    26.4321    222.941  241.72255  241.47307    35.8671    26.4272    1512.83    1512.84    15.9464  1026.9959    36.0364 0.0000e+00
      12373  16.896209  -38.22392 -9.990e-29      1.177    1511.19    130.000    128.984    15.9656    15.9664     0.0008    15.9450    15.9458     0.0008   4.489718   4.490486   0.000763    35.8671    35.8732     5.1257    26.4276    26.4321    223.019  241.72873  241.47931    35.8663    26.4270    1512.84    1512.85    15.9450  1027.0000    36.0356 0.0000e+00
      12392  16.896219  -38.22392 -9.990e-29      1.253    1511.19    131.000    129.976    15.9614    15.9621     0.0007    15.9406    15.9413     0.0007   4.489302   4.490044   0.000739    35.8666    35.8725     5.1316    26.4281    26.4326    223.277  241.74923  241.50002    35.8660    26.4277    1512.85    1512.86    15.9406  1027.0051    36.0353 0.0000e+00
      12416  16.896230  -38.22392 -9.990e-29      1.131    1511.19    132.000    130.964    15.9568    15.9571     0.0003    15.9358    15.9362     0.0003   4.488732   4.489435   0.000704    35.8656    35.8716     5.1356    26.4285    26.4330    223.451  241.77255  241.52358    35.8647    26.4278    1512.85    1512.86    15.9358  1027.0096    36.0340 0.0000e+00
      12480  16.896261  -38.22394  -52.57268      0.355    1511.19    133.000    131.960    15.9535    15.9538     0.0003    15.9324    15.9327     0.0003   4.488424   4.489134   0.000713    35.8649    35.8710     5.1481    26.4288    26.4334    223.993  241.78884  241.54003    35.8645    26.4284    1512.86    1512.86    15.9324  1027.0147    36.0340 0.0000e+00
      12538  16.896289  -38.22392  -52.57268      0.479    1511.19    134.000    132.951    15.9514    15.9518     0.0004    15.9301    15.9305     0.0004   4.488190   4.488923   0.000728    35.8645    35.8706     5.1413    26.4289    26.4336    223.698  241.79955  241.55086    35.8639    26.4285    1512.86    1512.87    15.9301  1027.0192    36.0334 0.0000e+00
      12563  16.896301  -38.22392  -52.57268      0.808    1511.19    135.000    133.943    15.9485    15.9492     0.0007    15.9271    15.9277     0.0007   4.487849   4.488599   0.000749    35.8637    35.8698     5.1557    26.4291    26.4336    224.327  241.81438  241.56582    35.8631    26.4286    1512.87    1512.88    15.9270  1027.0236    36.0325 0.0000e+00
