Pos-Processados/pos_process38/dados_doperantar38_001.cnv
* Sea-Bird SBE 9 Data File:
* FileName = D:\OPERANTAR_XXXVIII\DADOS\OP38_002.hdr
* Software Version Seasave V 7.12
* Temperature SN = 4808
* Conductivity SN = 3380
* Number of Bytes Per Scan = 31
* Number of Voltage Words = 2
* Number of Scans Averaged by the Deck Unit = 1
* NMEA Latitude = 38 26.99 S
* NMEA Longitude = 052 53.48 W
* NMEA UTC (Time) = Jan 16 2019 21:21:57
** H41
** NAVIO POLAR ALMIRANTE MAXIMIANO
** CRUZEIRO:
** OPERANTAR XXXVIII
** ESTAวรO: 002
** LAT 38บ 26,99'S
** LONG 052บ 53,46'W
** 09P73767-1155
** PROFUNDIDADE: 4158 m
** DATA/HORA: 162121Z/OUT/2019
** OPERADOR: SO-HN CHAVES
# nquan = 33
# nvalues = 1024                        
# units = specified
# name 0 = scan: Scan Count
# name 1 = timeJ: Julian Days
# name 2 = latitude: Latitude [deg]
# name 3 = longitude: Longitude [deg]
# name 4 = dz/dtM: Descent Rate [m/s]
# name 5 = avgsvCM: Average Sound Velocity [Chen-Millero, m/s]
# name 6 = prDM: Pressure, Digiquartz [db]
# name 7 = depSM: Depth [salt water, m]
# name 8 = t090C: Temperature [ITS-90, deg C]
# name 9 = t190C: Temperature, 2 [ITS-90, deg C]
# name 10 = T2-T190C: Temperature Difference, 2 - 1 [ITS-90, deg C]
# name 11 = potemp090C: Potential Temperature [ITS-90, deg C]
# name 12 = potemp190C: Potential Temperature, 2 [ITS-90, deg C]
# name 13 = potemp90Cdiff: Potential Temperature, Diff, 2 - 1 [ITS-90, deg C]
# name 14 = c0S/m: Conductivity [S/m]
# name 15 = c1S/m: Conductivity, 2 [S/m]
# name 16 = C2-C1S/m: Conductivity Difference, 2 - 1 [S/m]
# name 17 = sal00: Salinity, Practical [PSU]
# name 18 = sal11: Salinity, Practical, 2 [PSU]
# name 19 = sbeox0ML/L: Oxygen, SBE 43 [ml/l]
# name 20 = sigma-้00: Density [sigma-theta, kg/m^3]
# name 21 = sigma-้11: Density, 2 [sigma-theta, kg/m^3]
# name 22 = sbox0Mm/Kg: Oxygen, SBE 43 [umol/kg]
# name 23 = oxsolMm/Kg: Oxygen Saturation, Garcia & Gordon [umol/kg]
# name 24 = oxsatMm/Kg: Oxygen Saturation, Weiss [umol/kg]
# name 25 = sal00: Salinity, Practical [PSU]
# name 26 = sigma-้00: Density [sigma-theta, kg/m^3]
# name 27 = svCM: Sound Velocity [Chen-Millero, m/s]
# name 28 = svCM1: Sound Velocity, 2 [Chen-Millero, m/s]
# name 29 = gsw_ptA0: potential temperature [ITS-90, deg C]
# name 30 = gsw_densityA0: density, TEOS-10 [density, kg/m^3]
# name 31 = gsw_saA0: Absolute Salinity [g/kg]
# name 32 = flag:
# span 0 =       7944,      40112       
# span 1 =  16.894074,  16.909587       
# span 2 =  -38.22396,  -38.22387       
# span 3 =  -52.57270,  -52.57268       
# span 4 =     -0.460,      1.603       
# span 5 =      -0.01,    1592.24       
# span 6 =      5.000,   1028.000       
# span 7 =      4.997,   1017.762       
# span 8 =     3.9652,    16.8223       
# span 9 =     3.9665,    16.8245       
# span 10 =    -0.0187,     0.0193      
# span 11 =     3.8880,    16.8216      
# span 12 =     3.8893,    16.8237      
# span 13 =    -0.0187,     0.0192      
# span 14 =   3.229402,   4.495850      
# span 15 =   3.229921,   4.496588      
# span 16 =  -0.002288,   0.002741      
# span 17 =    33.2718,    35.8771      
# span 18 =    33.2761,    35.8831      
# span 19 =     4.7107,     5.9546      
# span 20 =    24.2300,    27.1524      
# span 21 =    24.2328,    27.1557      
# span 22 =    204.899,    258.922      
# span 23 =  241.46438,  316.99565      
# span 24 =  241.21227,  317.79906      
# span 25 =    33.2760,    35.8772      
# span 26 =    24.2332,    27.1524      
# span 27 =    1481.89,    1514.01      
# span 28 =    1481.91,    1514.02      
# span 29 =     3.8877,    16.8215      
# span 30 =  1024.2603,  1031.8893      
# span 31 =    33.4331,    36.0467      
# span 32 = 0.0000e+00, 0.0000e+00      
# interval = decibars: 1                
# start_time = Jan 16 2019 21:21:57 [NMEA time, header]
# bad_flag = -9.990e-29
*END*
[from data line 528]
      24897  16.902249  -38.22392 -9.990e-29      1.057    1510.43    533.000    528.321     9.8360     9.8363     0.0003     9.7740     9.7743     0.0003   3.790140   3.790692   0.000529    34.7271    34.7322     4.8149    26.7772    26.7811    209.427  276.12548  276.28406    34.7224    26.7736    1497.69    1497.70     9.7739  1029.1674    34.8871 0.0000e+00
      24920  16.902260  -38.22392 -9.990e-29      1.073    1510.43    534.000    529.311     9.7908     9.7923     0.0016     9.7288     9.7303     0.0015   3.784822   3.785523   0.000704    34.7192    34.7249     4.8223    26.7786    26.7828    209.746  276.41125  276.57366    34.7110    26.7722    1497.53    1497.54     9.7287  1029.1711    34.8756 0.0000e+00
      24945  16.902272  -38.22392  -52.57270      0.998    1510.43    535.000    530.301     9.7611     9.7624     0.0013     9.6991     9.7004     0.0013   3.781927   3.782587   0.000648    34.7159    34.7213     4.8295    26.7810    26.7850    210.058  276.59519  276.76015    34.7094    26.7760    1497.44    1497.45     9.6990  1029.1796    34.8740 0.0000e+00
      24968  16.902283  -38.22392  -52.57270      1.006    1510.43    536.000    531.291     9.7397     9.7397     0.0000     9.6776     9.6777     0.0000   3.779811   3.780311   0.000520    34.7132    34.7185     4.8362    26.7825    26.7867    210.351  276.72843  276.89522    34.7078    26.7783    1497.37    1497.38     9.6776  1029.1867    34.8724 0.0000e+00
      24988  16.902293  -38.22394  -52.57270      1.102    1510.43    537.000    532.280     9.7170     9.7174     0.0004     9.6549     9.6553     0.0004   3.777173   3.777760   0.000574    34.7095    34.7151     4.8378    26.7834    26.7877    210.419  276.87167  277.04040    34.7021    26.7777    1497.30    1497.31     9.6549  1029.1907    34.8666 0.0000e+00
      25008  16.902303  -38.22394  -52.57270      1.185    1510.43    538.000    533.271     9.6850     9.6862     0.0012     9.6229     9.6242     0.0012   3.773596   3.774320   0.000660    34.7047    34.7103     4.8416    26.7850    26.7892    210.586  277.07331  277.24480    34.6958    26.7780    1497.19    1497.20     9.6229  1029.1960    34.8603 0.0000e+00
      25045  16.902320  -38.22394  -52.57269      0.828    1510.43    539.000    534.256     9.6288     9.6300     0.0012     9.5668     9.5681     0.0012   3.767919   3.768549   0.000626    34.6980    34.7032     4.8526    26.7891    26.7930    211.065  277.42423  277.60059    34.6911    26.7837    1497.00    1497.01     9.5668  1029.2067    34.8555 0.0000e+00
      25143  16.902368  -38.22394  -52.57269      0.145    1510.43    540.000    535.259     9.5877     9.5903     0.0026     9.5258     9.5284     0.0026   3.763693   3.764488   0.000720    34.6915    34.6965     4.8707    26.7908    26.7943    211.850  277.68405  277.86395    34.6867    26.7870    1496.86    1496.88     9.5258  1029.2151    34.8511 0.0000e+00
      25168  16.902380  -38.22392  -52.57269      0.686    1510.43    541.000    536.240     9.5757     9.5806     0.0049     9.5137     9.5186     0.0049   3.762453   3.763419   0.001000    34.6895    34.6950     4.8715    26.7912    26.7948    211.886  277.76075  277.94168    34.6851    26.7878    1496.83    1496.86     9.5137  1029.2204    34.8495 0.0000e+00
      25188  16.902390  -38.22392  -52.57268      0.974    1510.43    542.000    537.230     9.5521     9.5524     0.0003     9.4901     9.4905     0.0003   3.759645   3.760214   0.000581    34.6854    34.6910     4.8726    26.7920    26.7963    211.929  277.91113  278.09410    34.6784    26.7865    1496.76    1496.76     9.4900  1029.2239    34.8428 0.0000e+00
      25206  16.902398  -38.22392  -52.57268      1.199    1510.43    543.000    538.220     9.5298     9.5306     0.0007     9.4678     9.4686     0.0007   3.757418   3.757991   0.000588    34.6830    34.6883     4.8767    26.7938    26.7978    212.112  278.05026  278.23518    34.6765    26.7887    1496.69    1496.70     9.4677  1029.2308    34.8409 0.0000e+00
      25224  16.902407  -38.22392  -52.57268      1.330    1510.43    544.000    539.210     9.5113     9.5140     0.0027     9.4493     9.4519     0.0027   3.755552   3.756390   0.000811    34.6800    34.6857     4.8783    26.7945    26.7985    212.178  278.16833  278.35486    34.6747    26.7903    1496.63    1496.65     9.4492  1029.2371    34.8390 0.0000e+00
      25244  16.902416  -38.22392  -52.57268      1.312    1510.43    545.000    540.200     9.4886     9.4890     0.0004     9.4265     9.4270     0.0004   3.752369   3.752844   0.000526    34.6744    34.6794     4.8774    26.7938    26.7977    212.141  278.31669  278.50516    34.6632    26.7851    1496.56    1496.56     9.4265  1029.2367    34.8276 0.0000e+00
      25271  16.902430  -38.22393  -52.57268      1.007    1510.43    546.000    541.190     9.3933     9.3918    -0.0015     9.3315     9.3300    -0.0015   3.742550   3.742871   0.000326    34.6629    34.6678     4.8914    26.8005    26.8045    212.748  278.91714  279.11401    34.6533    26.7930    1496.21    1496.21     9.3314  1029.2501    34.8176 0.0000e+00
      25304  16.902446  -38.22394  -52.57268      0.720    1510.43    547.000    542.179     9.3528     9.3552     0.0023     9.2911     9.2934     0.0023   3.738164   3.738934   0.000742    34.6558    34.6613     4.8967    26.8016    26.8054    212.978  279.17737  279.37778    34.6466    26.7943    1496.07    1496.09     9.2910  1029.2564    34.8108 0.0000e+00
      25332  16.902459  -38.22394  -52.57268      0.818    1510.43    548.000    543.169     9.3086     9.3079    -0.0007     9.2469     9.2462    -0.0007   3.733474   3.733886   0.000411    34.6489    34.6538     4.9156    26.8033    26.8073    213.799  279.46060  279.66492    34.6403    26.7966    1495.92    1495.92     9.2468  1029.2637    34.8045 0.0000e+00
      25356  16.902471  -38.22394  -52.57268      0.942    1510.43    549.000    544.159     9.2981     9.2997     0.0016     9.2363     9.2379     0.0016   3.733126   3.733806   0.000668    34.6496    34.6550     4.9250    26.8056    26.8096    214.207  279.52327  279.72856    34.6463    26.8030    1495.91    1495.92     9.2362  1029.2748    34.8106 0.0000e+00
      25386  16.902485  -38.22394  -52.57268      0.880    1510.43    550.000    545.149     9.3171     9.3183     0.0012     9.2551     9.2563     0.0012   3.735276   3.735879   0.000589    34.6551    34.6600     4.9342    26.8068    26.8105    214.609  279.39630  279.59995    34.6498    26.8027    1495.99    1496.01     9.2550  1029.2787    34.8141 0.0000e+00
      25441  16.902512  -38.22394  -52.57268      0.438    1510.43    551.000    546.136     9.2462     9.2418    -0.0044     9.1844     9.1800    -0.0044   3.727176   3.727253   0.000108    34.6419    34.6473     4.9221    26.8080    26.8129    214.082  279.85565  280.06555    34.6339    26.8017    1495.73    1495.72     9.1843  1029.2831    34.7981 0.0000e+00
      25504  16.902542  -38.22393  -52.57268      0.388    1510.43    552.000    547.134     9.1708     9.1733     0.0024     9.1092     9.1117     0.0024   3.719186   3.719939   0.000731    34.6304    34.6356     4.9261    26.8111    26.8149    214.254  280.34006  280.55667    34.6234    26.8057    1495.46    1495.47     9.1091  1029.2924    34.7876 0.0000e+00
      25538  16.902558  -38.22392  -52.57268      0.642    1510.43    553.000    548.119     9.1421     9.1432     0.0011     9.0805     9.0816     0.0011   3.716363   3.716935   0.000580    34.6269    34.6319     4.9687    26.8131    26.8168    216.106  280.52311  280.74231    34.6214    26.8087    1495.37    1495.38     9.0804  1029.3003    34.7855 0.0000e+00
      25560  16.902569  -38.22392  -52.57268      0.910    1510.43    554.000    549.108     9.1376     9.1385     0.0008     9.0759     9.0768     0.0008   3.716019   3.716621   0.000589    34.6261    34.6314     4.9801    26.8131    26.8172    216.601  280.55247  280.77207    34.6217    26.8097    1495.37    1495.38     9.0759  1029.3058    34.7859 0.0000e+00
      25578  16.902578  -38.22392  -52.57268      1.151    1510.43    555.000    550.098     9.1566     9.1563    -0.0002     9.0947     9.0944    -0.0002   3.718975   3.719317   0.000398    34.6321    34.6364     4.9743    26.8148    26.8183    216.353  280.42424  280.64221    34.6336    26.8160    1495.47    1495.47     9.0946  1029.3163    34.7979 0.0000e+00
      25594  16.902585  -38.22392  -52.57268      1.341    1510.43    556.000    551.088     9.2079     9.2058    -0.0021     9.1457     9.1436    -0.0021   3.725332   3.725564   0.000193    34.6446    34.6486     4.9640    26.8163    26.8199    215.902  280.08418  280.29763    34.6495    26.8202    1495.69    1495.69     9.1456  1029.3243    34.8138 0.0000e+00
      25610  16.902593  -38.22392  -52.57268      1.470    1510.43    557.000    552.078     9.2235     9.2249     0.0014     9.1611     9.1625     0.0014   3.725781   3.726458   0.000645    34.6452    34.6505     4.9669    26.8143    26.8182    216.030  279.98798  280.20002    34.6387    26.8093    1495.75    1495.77     9.1610  1029.3177    34.8029 0.0000e+00
      25625  16.902600  -38.22393  -52.57268      1.535    1510.43    558.000    553.068     9.1729     9.1745     0.0016     9.1106     9.1122     0.0016   3.720600   3.721279   0.000670    34.6403    34.6457     4.9750    26.8187    26.8226    216.380  280.30723  280.52383    34.6333    26.8132    1495.58    1495.59     9.1105  1029.3268    34.7976 0.0000e+00
      25640  16.902608  -38.22394  -52.57268      1.563    1510.43    559.000    554.058     9.1193     9.1214     0.0021     9.0571     9.0592     0.0021   3.714464   3.715160   0.000703    34.6330    34.6383     4.9589    26.8216    26.8254    215.678  280.65073  280.87214    34.6210    26.8121    1495.38    1495.40     9.0571  1029.3308    34.7851 0.0000e+00
      25657  16.902616  -38.22394  -52.57268      1.542    1510.43    560.000    555.047     9.0660     9.0686     0.0025     9.0039     9.0064     0.0025   3.709407   3.710229   0.000783    34.6286    34.6343     4.9109    26.8267    26.8307    213.592  280.98744  281.21372    34.6195    26.8195    1495.20    1495.22     9.0038  1029.3434    34.7837 0.0000e+00
      25749  16.902660  -38.22394  -52.57268      0.799    1510.43    561.000    556.051     9.0431     9.0307    -0.0124     8.9810     8.9686    -0.0123   3.707005   3.705756  -0.000877    34.6237    34.6266     4.8861    26.8265    26.8307    212.511  281.13862  281.36694    34.6162    26.8207    1495.13    1495.08     8.9809  1029.3492    34.7804 0.0000e+00
      25831  16.902700  -38.22392  -52.57268      0.735    1510.43    562.000    557.027     8.9913     8.9889    -0.0023     8.9293     8.9270    -0.0023   3.702019   3.702353   0.000313    34.6192    34.6247     4.9116    26.8312    26.8359    213.621  281.46722  281.70029    34.6140    26.8271    1494.95    1494.95     8.9292  1029.3608    34.7781 0.0000e+00
      25849  16.902708  -38.22392  -52.57268      1.057    1509.39    563.000    558.017     8.9843     8.9848     0.0005     8.9223     8.9227     0.0004   3.701248   3.701812   0.000547    34.6178    34.6231     4.9000    26.8313    26.8353    213.115  281.51269  281.74639    34.6122    26.8269    1494.94    1494.95     8.9222  1029.3651    34.7764 0.0000e+00
      25865  16.902716  -38.22392  -52.57268      1.300    1509.30    564.000    559.007     8.9742     8.9751     0.0009     8.9121     8.9129     0.0009   3.700368   3.700924   0.000577    34.6166    34.6217     4.8941    26.8319    26.8358    212.858  281.57786  281.81247    34.6124    26.8287    1494.92    1494.93     8.9119  1029.3715    34.7766 0.0000e+00
      25881  16.902724  -38.22392  -52.57268      1.452    1509.30    565.000    559.997     8.9530     8.9550     0.0020     8.8908     8.8928     0.0020   3.697312   3.698038   0.000728    34.6118    34.6174     4.8969    26.8316    26.8357    212.981  281.71873  281.95525    34.6006    26.8228    1494.84    1494.86     8.8907  1029.3704    34.7647 0.0000e+00
      25896  16.902731  -38.22392  -52.57268      1.526    1509.30    566.000    560.986     8.9056     8.9072     0.0016     8.8435     8.8451     0.0016   3.693058   3.693730   0.000679    34.6087    34.6142     4.9024    26.8366    26.8407    213.220  282.01843  282.25935    34.6017    26.8311    1494.69    1494.70     8.8434  1029.3838    34.7658 0.0000e+00
      25912  16.902739  -38.22392  -52.57268      1.554    1509.30    567.000    561.976     8.8788     8.8820     0.0032     8.8167     8.8199     0.0032   3.689686   3.690526   0.000838    34.6039    34.6096     4.9028    26.8371    26.8411    213.237  282.19449  282.43785    34.5920    26.8278    1494.59    1494.61     8.8166  1029.3853    34.7560 0.0000e+00
      25927  16.902746  -38.22392  -52.57268      1.561    1509.30    568.000    562.966     8.8366     8.8369     0.0003     8.7745     8.7748     0.0003   3.685639   3.686075   0.000507    34.5992    34.6042     4.9032    26.8401    26.8440    213.254  282.46632  282.71358    34.5902    26.8330    1494.45    1494.46     8.7745  1029.3956    34.7542 0.0000e+00
      25944  16.902754  -38.22393  -52.57268      1.537    1509.30    569.000    563.956     8.8106     8.8086    -0.0019     8.7485     8.7466    -0.0019   3.683008   3.683326   0.000309    34.5961    34.6012     4.9003    26.8418    26.8460    213.127  282.63454  282.88421    34.5874    26.8350    1494.37    1494.37     8.7485  1029.4024    34.7515 0.0000e+00
      26018  16.902790  -38.22394  -52.57268      0.663    1509.30    570.000    564.959     8.8014     8.8187     0.0174     8.7393     8.7566     0.0173   3.681985   3.683772   0.002111    34.5926    34.5978     4.9121    26.8405    26.8418    213.640  282.69886  282.94933    34.5852    26.8347    1494.34    1494.41     8.7392  1029.4067    34.7492 0.0000e+00
      26072  16.902816  -38.22394  -52.57268      0.722    1509.30    571.000    565.935     8.7873     8.7883     0.0010     8.7252     8.7262     0.0010   3.680912   3.681446   0.000633    34.5916    34.5973     4.9177    26.8419    26.8462    213.883  282.78820  283.03999    34.5871    26.8384    1494.31    1494.32     8.7251  1029.4150    34.7512 0.0000e+00
      26094  16.902827  -38.22394  -52.57268      1.001    1509.30    572.000    566.925     8.7711     8.7695    -0.0016     8.7089     8.7073    -0.0016   3.678954   3.679296   0.000358    34.5890    34.5942     4.9217    26.8424    26.8468    214.058  282.89466  283.14794    34.5819    26.8369    1494.26    1494.26     8.7088  1029.4182    34.7459 0.0000e+00
      26126  16.902842  -38.22392  -52.57268      0.868    1509.30    573.000    567.915     8.7287     8.7319     0.0032     8.6666     8.6697     0.0031   3.674863   3.675638   0.000808    34.5853    34.5907     4.9251    26.8461    26.8499    214.204  283.16653  283.42378    34.5797    26.8418    1494.12    1494.14     8.6665  1029.4281    34.7437 0.0000e+00
      26172  16.902864  -38.22392  -52.57268      0.462    1509.30    574.000    568.904     8.6960     8.6950    -0.0010     8.6340     8.6329    -0.0010   3.671678   3.672038   0.000369    34.5822    34.5872     4.9302    26.8489    26.8529    214.426  283.37679  283.63710    34.5776    26.8452    1494.01    1494.01     8.6338  1029.4365    34.7416 0.0000e+00
      26199  16.902877  -38.22392  -52.57268      0.720    1509.30    575.000    569.895     8.6838     8.6845     0.0007     8.6217     8.6224     0.0007   3.670352   3.670879   0.000549    34.5802    34.5853     4.9250    26.8492    26.8531    214.198  283.45737  283.71881    34.5751    26.8452    1493.98    1493.99     8.6216  1029.4411    34.7391 0.0000e+00
