Pos-Processados/pos_process38/dados_doperantar38_001.cnv
* Sea-Bird SBE 9 Data File:
* FileName = D:\OPERANTAR_XXXVIII\DADOS\OP38_002.hdr
* Software Version Seasave V 7.12
* Temperature SN = 4808
* Conductivity SN = 3380
* Number of Bytes Per Scan = 31
* Number of Voltage Words = 2
* Number of Scans Averaged by the Deck Unit = 1
* NMEA Latitude = 38 26.99 S
* NMEA Longitude = 052 53.48 W
* NMEA UTC (Time) = Jan 16 2019 21:21:57
** H41
** NAVIO POLAR ALMIRANTE MAXIMIANO
** CRUZEIRO:
** OPERANTAR XXXVIII
** ESTAวรO: 002
** LAT 38บ 26,99'S
** LONG 052บ 53,46'W
** 09P73767-1155
** PROFUNDIDADE: 4158 m
** DATA/HORA: 162121Z/OUT/2019
** OPERADOR: SO-HN CHAVES
# nquan = 33
# nvalues = 1024                        
# units = specified
# name 0 = scan: Scan Count
# name 1 = timeJ: Julian Days
# name 2 = latitude: Latitude [deg]
# name 3 = longitude: Longitude [deg]
# name 4 = dz/dtM: Descent Rate [m/s]
# name 5 = avgsvCM: Average Sound Velocity [Chen-Millero, m/s]
# name 6 = prDM: Pressure, Digiquartz [db]
# name 7 = depSM: Depth [salt water, m]
# name 8 = t090C: Temperature [ITS-90, deg C]
# name 9 = t190C: Temperature, 2 [ITS-90, deg C]
# name 10 = T2-T190C: Temperature Difference, 2 - 1 [ITS-90, deg C]
# name 11 = potemp090C: Potential Temperature [ITS-90, deg C]
# name 12 = potemp190C: Potential Temperature, 2 [ITS-90, deg C]
# name 13 = potemp90Cdiff: Potential Temperature, Diff, 2 - 1 [ITS-90, deg C]
# name 14 = c0S/m: Conductivity [S/m]
# name 15 = c1S/m: Conductivity, 2 [S/m]
# name 16 = C2-C1S/m: Conductivity Difference, 2 - 1 [S/m]
# name 17 = sal00: Salinity, Practical [PSU]
# name 18 = sal11: Salinity, Practical, 2 [PSU]
# name 19 = sbeox0ML/L: Oxygen, SBE 43 [ml/l]
# name 20 = sigma-้00: Density [sigma-theta, kg/m^3]
# name 21 = sigma-้11: Density, 2 [sigma-theta, kg/m^3]
# name 22 = sbox0Mm/Kg: Oxygen, SBE 43 [umol/kg]
# name 23 = oxsolMm/Kg: Oxygen Saturation, Garcia & Gordon [umol/kg]
# name 24 = oxsatMm/Kg: Oxygen Saturation, Weiss [umol/kg]
# name 25 = sal00: Salinity, Practical [PSU]
# name 26 = sigma-้00: Density [sigma-theta, kg/m^3]
# name 27 = svCM: Sound Velocity [Chen-Millero, m/s]
# name 28 = svCM1: Sound Velocity, 2 [Chen-Millero, m/s]
# name 29 = gsw_ptA0: potential temperature [ITS-90, deg C]
# name 30 = gsw_densityA0: density, TEOS-10 [density, kg/m^3]
# name 31 = gsw_saA0: Absolute Salinity [g/kg]
# name 32 = flag:
# span 0 =       7944,      40112       
# span 1 =  16.894074,  16.909587       
# span 2 =  -38.22396,  -38.22387       
# span 3 =  -52.57270,  -52.57268       
# span 4 =     -0.460,      1.603       
# span 5 =      -0.01,    1592.24       
# span 6 =      5.000,   1028.000       
# span 7 =      4.997,   1017.762       
# span 8 =     3.9652,    16.8223       
# span 9 =     3.9665,    16.8245       
# span 10 =    -0.0187,     0.0193      
# span 11 =     3.8880,    16.8216      
# span 12 =     3.8893,    16.8237      
# span 13 =    -0.0187,     0.0192      
# span 14 =   3.229402,   4.495850      
# span 15 =   3.229921,   4.496588      
# span 16 =  -0.002288,   0.002741      
# span 17 =    33.2718,    35.8771      
# span 18 =    33.2761,    35.8831      
# span 19 =     4.7107,     5.9546      
# span 20 =    24.2300,    27.1524      
# span 21 =    24.2328,    27.1557      
# span 22 =    204.899,    258.922      
# span 23 =  241.46438,  316.99565      
# span 24 =  241.21227,  317.79906      
# span 25 =    33.2760,    35.8772      
# span 26 =    24.2332,    27.1524      
# span 27 =    1481.89,    1514.01      
# span 28 =    1481.91,    1514.02      
# span 29 =     3.8877,    16.8215      
# span 30 =  1024.2603,  1031.8893      
# span 31 =    33.4331,    36.0467      
# span 32 = 0.0000e+00, 0.0000e+00      
# interval = decibars: 1                
# start_time = Jan 16 2019 21:21:57 [NMEA time, header]
# bad_flag = -9.990e-29
*END*
[from data line 660]
      28838  16.904150  -38.22392  -52.57268      1.246    1506.37    665.000    658.953     6.3428     6.3549     0.0121     6.2824     6.2944     0.0120   3.434874   3.436489   0.001641    34.3066    34.3128     5.4243    26.9685    26.9718    235.889  299.43110  299.93340    34.2988    26.9624    1486.15    1486.20     6.2823  1029.9984    34.4618 0.0000e+00
      28867  16.904164  -38.22393  -52.57268      0.904    1506.37    666.000    659.942     6.3072     6.2999    -0.0073     6.2469     6.2396    -0.0073   3.431491   3.431103  -0.000341    34.3023    34.3059     5.4161    26.9698    26.9735    235.528  299.68630  300.19262    34.2963    26.9650    1486.02    1486.00     6.2468  1030.0061    34.4593 0.0000e+00
      28899  16.904179  -38.22394  -52.57268      0.757    1506.37    667.000    660.931     6.2781     6.2786     0.0005     6.2178     6.2184     0.0005   3.428678   3.429178   0.000468    34.2986    34.3033     5.4388    26.9706    26.9742    236.520  299.89659  300.40620    34.2938    26.9668    1485.92    1485.93     6.2177  1030.0129    34.4567 0.0000e+00
      28935  16.904196  -38.22394  -52.57268      0.699    1506.37    668.000    661.921     6.2690     6.2725     0.0035     6.2087     6.2122     0.0035   3.427833   3.428602   0.000775    34.2965    34.3016     5.4799    26.9701    26.9737    238.307  299.96414  300.47476    34.2930    26.9673    1485.90    1485.92     6.2085  1030.0181    34.4559 0.0000e+00
      28977  16.904217  -38.22394  -52.57268      0.574    1506.37    669.000    662.910     6.2554     6.2578     0.0025     6.1950     6.1975     0.0024   3.426366   3.427022   0.000652    34.2940    34.2988     5.5021    26.9699    26.9733    239.270  300.06410  300.57624    34.2898    26.9666    1485.86    1485.87     6.1949  1030.0221    34.4527 0.0000e+00
      29017  16.904236  -38.22393  -52.57268      0.591    1506.37    670.000    663.900     6.2437     6.2449     0.0011     6.1834     6.1845     0.0011   3.425302   3.425807   0.000520    34.2922    34.2969     5.4950    26.9699    26.9735    238.961  300.14877  300.66222    34.2891    26.9675    1485.83    1485.84     6.1832  1030.0278    34.4520 0.0000e+00
      29052  16.904253  -38.22392  -52.57268      0.674    1506.37    671.000    664.889     6.2413     6.2428     0.0015     6.1809     6.1824     0.0015   3.425135   3.425704   0.000552    34.2916    34.2962     5.4962    26.9698    26.9733    239.014  300.16697  300.68069    34.2892    26.9679    1485.83    1485.84     6.1807  1030.0328    34.4521 0.0000e+00
      29083  16.904268  -38.22392  -52.57268      0.747    1506.37    672.000    665.878     6.2404     6.2422     0.0018     6.1799     6.1817     0.0018   3.425118   3.425688   0.000581    34.2913    34.2960     5.5098    26.9697    26.9731    239.605  300.17365  300.68747    34.2894    26.9682    1485.85    1485.86     6.1798  1030.0376    34.4523 0.0000e+00
      29112  16.904282  -38.22392  -52.57268      0.809    1506.37    673.000    666.867     6.2420     6.2436     0.0015     6.1814     6.1829     0.0015   3.425347   3.425900   0.000549    34.2912    34.2958     5.5091    26.9695    26.9729    239.575  300.16257  300.67620    34.2899    26.9684    1485.87    1485.88     6.1813  1030.0423    34.4528 0.0000e+00
      29138  16.904294  -38.22392  -52.57268      0.884    1506.37    674.000    667.857     6.2396     6.2404     0.0007     6.1789     6.1796     0.0007   3.425025   3.425505   0.000481    34.2904    34.2951     5.5077    26.9691    26.9727    239.513  300.18102  300.69491    34.2882    26.9674    1485.88    1485.89     6.1788  1030.0459    34.4511 0.0000e+00
      29160  16.904305  -38.22392  -52.57268      0.994    1506.37    675.000    668.846     6.2275     6.2293     0.0019     6.1667     6.1686     0.0019   3.423791   3.424380   0.000586    34.2887    34.2934     5.4999    26.9694    26.9728    239.178  300.26940  300.78467    34.2862    26.9673    1485.84    1485.85     6.1666  1030.0506    34.4491 0.0000e+00
      29181  16.904315  -38.22393  -52.57268      1.093    1506.37    676.000    669.835     6.2104     6.2123     0.0020     6.1496     6.1516     0.0019   3.421737   3.422356   0.000613    34.2855    34.2904     5.4947    26.9690    26.9726    238.950  300.39529  300.91247    34.2799    26.9646    1485.78    1485.80     6.1495  1030.0527    34.4428 0.0000e+00
      29204  16.904326  -38.22394  -52.57268      1.101    1506.37    677.000    670.824     6.1510     6.1526     0.0016     6.0904     6.0921     0.0016   3.415408   3.415966   0.000565    34.2780    34.2827     5.4998    26.9706    26.9741    239.170  300.82526  301.34922    34.2684    26.9630    1485.55    1485.56     6.0903  1030.0567    34.4312 0.0000e+00
      29236  16.904342  -38.22394  -52.57268      0.849    1506.37    678.000    671.814     6.0897     6.0906     0.0010     6.0294     6.0303     0.0010   3.409913   3.410425   0.000515    34.2734    34.2782     5.5147    26.9748    26.9785    239.817  301.26299  301.79405    34.2680    26.9705    1485.32    1485.33     6.0292  1030.0697    34.4308 0.0000e+00
      29278  16.904362  -38.22394  -52.57268      0.561    1506.37    679.000    672.803     6.1072     6.1096     0.0024     6.0467     6.0491     0.0024   3.412231   3.412876   0.000653    34.2772    34.2821     5.5481    26.9756    26.9792    241.271  301.13229  301.66138    34.2759    26.9745    1485.42    1485.43     6.0465  1030.0779    34.4387 0.0000e+00
      29316  16.904381  -38.22394  -52.57268      0.624    1506.37    680.000    673.792     6.1190     6.1194     0.0004     6.0584     6.0587     0.0004   3.413445   3.413854   0.000438    34.2784    34.2829     5.5860    26.9750    26.9785    242.919  301.04724  301.57497    34.2771    26.9740    1485.48    1485.49     6.0582  1030.0817    34.4400 0.0000e+00
      29353  16.904398  -38.22393  -52.57268      0.656    1506.37    681.000    674.781     6.1606     6.1587    -0.0019     6.0996     6.0978    -0.0019   3.418540   3.418774   0.000201    34.2878    34.2919     5.5573    26.9772    26.9807    241.668  300.73640  301.25948    34.2918    26.9803    1485.68    1485.68     6.0995  1030.0918    34.4547 0.0000e+00
      29391  16.904416  -38.22392  -52.57268      0.628    1506.37    682.000    675.771     6.2165     6.2164    -0.0001     6.1552     6.1550    -0.0001   3.424222   3.424573   0.000366    34.2972    34.3014     5.5364    26.9775    26.9809    240.758  300.32653  300.84328    34.2986    26.9786    1485.93    1485.93     6.1550  1030.0937    34.4615 0.0000e+00
      29421  16.904431  -38.22392  -52.57268      0.732    1506.37    683.000    676.760     6.2161     6.2169     0.0007     6.1547     6.1554     0.0007   3.424225   3.424695   0.000469    34.2974    34.3019     5.5111    26.9778    26.9812    239.661  300.32873  300.84554    34.2985    26.9786    1485.94    1485.95     6.1545  1030.0982    34.4615 0.0000e+00
      29445  16.904442  -38.22392  -52.57268      0.923    1506.37    684.000    677.749     6.2162     6.2176     0.0014     6.1547     6.1561     0.0014   3.424274   3.424801   0.000525    34.2977    34.3021     5.4695    26.9780    26.9813    237.851  300.32753  300.84432    34.2985    26.9786    1485.96    1485.97     6.1545  1030.1027    34.4615 0.0000e+00
      29465  16.904452  -38.22392  -52.57268      1.083    1506.37    685.000    678.739     6.2139     6.2156     0.0017     6.1523     6.1539     0.0016   3.424005   3.424581   0.000544    34.2974    34.3017     5.4459    26.9780    26.9813    236.825  300.34449  300.86156    34.2974    26.9780    1485.97    1485.98     6.1521  1030.1067    34.4603 0.0000e+00
      29487  16.904463  -38.22393  -52.57268      1.138    1506.37    686.000    679.728     6.1948     6.1960     0.0012     6.1331     6.1343     0.0012   3.421774   3.422265   0.000512    34.2943    34.2988     5.4489    26.9781    26.9814    236.956  300.48429  301.00352    34.2912    26.9756    1485.90    1485.91     6.1330  1030.1092    34.4541 0.0000e+00
      29517  16.904477  -38.22394  -52.57268      0.916    1506.37    687.000    680.717     6.1595     6.1615     0.0020     6.0980     6.0999     0.0020   3.418459   3.419085   0.000616    34.2910    34.2959     5.4587    26.9800    26.9836    237.382  300.73705  301.26033    34.2891    26.9784    1485.77    1485.79     6.0978  1030.1172    34.4520 0.0000e+00
      29558  16.904497  -38.22394  -52.57268      0.564    1506.37    688.000    681.706     6.1426     6.1453     0.0027     6.0811     6.0837     0.0026   3.416703   3.417413   0.000675    34.2884    34.2933     5.4743    26.9800    26.9836    238.058  300.86011  301.38531    34.2859    26.9781    1485.72    1485.74     6.0809  1030.1216    34.4488 0.0000e+00
      29589  16.904512  -38.22394  -52.57268      0.713    1506.37    689.000    682.696     6.1212     6.1233     0.0021     6.0597     6.0618     0.0021   3.414415   3.415025   0.000667    34.2847    34.2900     5.5041    26.9799    26.9838    239.353  301.01777  301.54540    34.2814    26.9772    1485.65    1485.66     6.0595  1030.1257    34.4443 0.0000e+00
      29615  16.904524  -38.22393  -52.57268      0.894    1506.37    690.000    683.684     6.0780     6.0793     0.0014     6.0166     6.0179     0.0014   3.409623   3.410249   0.000580    34.2785    34.2836     5.5209    26.9804    26.9843    240.083  301.33361  301.86619    34.2707    26.9743    1485.48    1485.49     6.0164  1030.1281    34.4336 0.0000e+00
      29643  16.904538  -38.22392  -52.57268      0.900    1506.37    691.000    684.674     6.0171     6.0177     0.0006     5.9560     5.9566     0.0006   3.403773   3.404152   0.000449    34.2725    34.2770     5.5335    26.9834    26.9868    240.633  301.77250  302.31213    34.2659    26.9781    1485.25    1485.25     5.9558  1030.1375    34.4287 0.0000e+00
      29683  16.904557  -38.22392  -52.57268      0.617    1506.37    692.000    685.663     5.9679     5.9686     0.0007     5.9069     5.9076     0.0007   3.398845   3.399344   0.000461    34.2664    34.2708     5.5659    26.9847    26.9881    242.043  302.13158  302.67692    34.2597    26.9794    1485.06    1485.07     5.9068  1030.1441    34.4225 0.0000e+00
      29716  16.904573  -38.22392  -52.57268      0.670    1506.37    693.000    686.652     5.9415     5.9425     0.0010     5.8806     5.8815     0.0010   3.396406   3.396908   0.000497    34.2634    34.2679     5.6138    26.9856    26.9891    244.123  302.32389  302.87231    34.2584    26.9816    1484.97    1484.98     5.8804  1030.1514    34.4212 0.0000e+00
      29739  16.904584  -38.22392  -52.57268      0.899    1506.37    694.000    687.642     5.9353     5.9364     0.0010     5.8744     5.8754     0.0010   3.395926   3.396422   0.000504    34.2627    34.2673     5.6340    26.9858    26.9893    245.001  302.36846  302.91759    34.2587    26.9826    1484.96    1484.97     5.8742  1030.1570    34.4215 0.0000e+00
      29759  16.904594  -38.22392  -52.57268      1.091    1506.37    695.000    688.630     5.9385     5.9397     0.0012     5.8774     5.8786     0.0012   3.396404   3.396938   0.000531    34.2635    34.2683     5.6576    26.9861    26.9897    246.030  302.34438  302.89316    34.2604    26.9836    1484.99    1485.00     5.8772  1030.1625    34.4232 0.0000e+00
      29778  16.904603  -38.22392  -52.57268      1.211    1506.37    696.000    689.620     5.9365     5.9379     0.0014     5.8754     5.8767     0.0014   3.396222   3.396751   0.000525    34.2632    34.2677     5.6698    26.9861    26.9895    246.559  302.35898  302.90798    34.2598    26.9834    1485.00    1485.01     5.8752  1030.1668    34.4226 0.0000e+00
      29798  16.904613  -38.22393  -52.57268      1.235    1506.37    697.000    690.609     5.9519     5.9534     0.0015     5.8905     5.8920     0.0015   3.398439   3.398957   0.000519    34.2693    34.2736     5.6672    26.9890    26.9922    246.444  302.23764  302.78496    34.2688    26.9886    1485.09    1485.10     5.8903  1030.1763    34.4317 0.0000e+00
      29822  16.904624  -38.22394  -52.57268      1.115    1506.37    698.000    691.598     5.9444     5.9460     0.0016     5.8830     5.8846     0.0016   3.397492   3.398063   0.000571    34.2679    34.2727     5.6556    26.9889    26.9925    245.939  302.29294  302.84112    34.2652    26.9867    1485.07    1485.08     5.8828  1030.1791    34.4280 0.0000e+00
      29857  16.904641  -38.22394  -52.57268      0.781    1506.37    699.000    692.586     5.9465     5.9473     0.0008     5.8850     5.8857     0.0008   3.397942   3.398414   0.000474    34.2693    34.2738     5.6205    26.9897    26.9932    244.416  302.27539  302.82336    34.2677    26.9884    1485.10    1485.11     5.8848  1030.1846    34.4298 0.0000e+00
      29915  16.904669 -9.990e-29  -52.57268      0.335    1506.37    700.000    693.579     5.9474     5.9479     0.0006     5.8858     5.8863     0.0006   3.398094   3.398540   0.000446    34.2693    34.2738     5.5916    26.9897    26.9931    243.158  302.26905  302.81692    34.2680    26.9886    1485.12    1485.13     5.8856  1030.1892    34.4299 0.0000e+00
      29946  16.904684  -38.22392  -52.57268      0.645    1506.37    701.000    694.565     5.9311     5.9345     0.0034     5.8695     5.8729     0.0034   3.396254   3.396994   0.000735    34.2673    34.2721     5.5960    26.9901    26.9935    243.349  302.38816  302.93793    34.2633    26.9869    1485.06    1485.08     5.8693  1030.1928    34.4258 0.0000e+00
      29965  16.904693  -38.22392  -52.57268      1.002    1506.37    702.000    695.555     5.9121     5.9132     0.0011     5.8506     5.8517     0.0011   3.394867   3.395354   0.000491    34.2681    34.2726     5.5923    26.9931    26.9965    243.186  302.51922  303.07126    34.2662    26.9916    1485.01    1485.02     5.8504  1030.2026    34.4291 0.0000e+00
      29981  16.904701  -38.22392  -52.57268      1.280    1506.37    703.000    696.544     5.9114     5.9130     0.0016     5.8497     5.8513     0.0016   3.394935   3.395481   0.000537    34.2692    34.2736     5.5848    26.9940    26.9973    242.862  302.52211  303.07427    34.2672    26.9925    1485.02    1485.04     5.8496  1030.2081    34.4301 0.0000e+00
      29997  16.904709  -38.22392  -52.57268      1.448    1506.37    704.000    697.533     5.9098     5.9111     0.0012     5.8481     5.8493     0.0012   3.394883   3.395392   0.000513    34.2694    34.2739     5.5829    26.9944    26.9978    242.778  302.53287  303.08523    34.2678    26.9931    1485.04    1485.05     5.8479  1030.2133    34.4307 0.0000e+00
      30012  16.904716  -38.22392  -52.57268      1.532    1506.37    705.000    698.522     5.9092     5.9097     0.0004     5.8474     5.8478     0.0004   3.394783   3.395213   0.000445    34.2690    34.2735     5.5869    26.9941    26.9977    242.951  302.53807  303.09049    34.2668    26.9924    1485.05    1485.05     5.8472  1030.2171    34.4297 0.0000e+00
      30027  16.904724  -38.22392  -52.57268      1.562    1506.37    706.000    699.512     5.9016     5.9026     0.0010     5.8397     5.8407     0.0010   3.394008   3.394523   0.000504    34.2678    34.2725     5.5888    26.9942    26.9978    243.037  302.59446  303.14777    34.2653    26.9922    1485.03    1485.04     5.8395  1030.2216    34.4282 0.0000e+00
      30088  16.904753  -38.22394  -52.57268      0.834    1506.37    707.000    700.517     5.8915     5.8963     0.0048     5.8295     5.8343     0.0048   3.393028   3.393789   0.000816    34.2663    34.2706     5.5823    26.9943    26.9971    242.753  302.66888  303.22336    34.2639    26.9924    1485.01    1485.03     5.8294  1030.2265    34.4268 0.0000e+00
