Pos-Processados/pos_process41/Dados/doperantar41_017.cnv
* Sea-Bird SBE 9 Data File:
* FileName = C:\Users\Dell\Desktop\OperantarXLI\config\00_BRUTOS\OPE41017.hdr
* Software Version Seasave V 7.26.7.110
* Temperature SN = 6497
* Conductivity SN = 4954
* Number of Bytes Per Scan = 34
* Number of Voltage Words = 3
* Number of Scans Averaged by the Deck Unit = 1
* NMEA Latitude = 62 13.33 S
* NMEA Longitude = 058 12.09 W
* NMEA UTC (Time) = Nov 09 2022 17:12:58
* NMEA baud rate = 4800
** H41
** Navio Polar Almirante Maximiano
** LH-021/2022
** Operantar XLI
** Número da Estação 017
** Latitude 62 13.278'S
** Longitude 058 12.242'W
** Data/Hora (Z) 09/11/2022 1710Z
** Profundidade local 350 m
** 09-1439
** Nome do Operador CT Garla
# nquan = 30
# nvalues = 450                         
# units = specified
# name 0 = scan: Scan Count
# name 1 = timeJ: Julian Days
# name 2 = latitude: Latitude [deg]
# name 3 = longitude: Longitude [deg]
# name 4 = dz/dtM: Descent Rate [m/s]
# name 5 = avgsvCM: Average Sound Velocity [Chen-Millero, m/s]
# name 6 = prDM: Pressure, Digiquartz [db]
# name 7 = depSM: Depth [salt water, m]
# name 8 = t090C: Temperature [ITS-90, deg C]
# name 9 = t190C: Temperature, 2 [ITS-90, deg C]
# name 10 = T2-T190C: Temperature Difference, 2 - 1 [ITS-90, deg C]
# name 11 = potemp090C: Potential Temperature [ITS-90, deg C]
# name 12 = potemp190C: Potential Temperature, 2 [ITS-90, deg C]
# name 13 = potemp90Cdiff: Potential Temperature, Diff, 2 - 1 [ITS-90, deg C]
# name 14 = c0S/m: Conductivity [S/m]
# name 15 = c1S/m: Conductivity, 2 [S/m]
# name 16 = C2-C1S/m: Conductivity Difference, 2 - 1 [S/m]
# name 17 = sal00: Salinity, Practical [PSU]
# name 18 = sal11: Salinity, Practical, 2 [PSU]
# name 19 = sbeox0ML/L: Oxygen, SBE 43 [ml/l]
# name 20 = sigma-é00: Density [sigma-theta, kg/m^3]
# name 21 = sigma-é11: Density, 2 [sigma-theta, kg/m^3]
# name 22 = sal00: Salinity, Practical [PSU]
# name 23 = sigma-é00: Density [sigma-theta, kg/m^3]
# name 24 = svCM: Sound Velocity [Chen-Millero, m/s]
# name 25 = svCM1: Sound Velocity, 2 [Chen-Millero, m/s]
# name 26 = gsw_ptA0: potential temperature [ITS-90, deg C]
# name 27 = gsw_densityA0: density, TEOS-10 [density, kg/m^3]
# name 28 = gsw_saA0: Absolute Salinity [g/kg]
# name 29 = flag:
# span 0 =       2288,      16359       
# span 1 = 313.718441, 313.725227       
# span 2 =  -62.22288,  -62.22247       
# span 3 =  -58.20056,  -58.19273       
# span 4 =      0.028,      1.248       
# span 5 =      -0.01,    1451.72       
# span 6 =      1.000,    450.000       
# span 7 =      0.995,    445.188       
# span 8 =    -0.2747,     0.1004       
# span 9 =    -0.2745,     0.1020       
# span 10 =    -0.0105,     0.0078      
# span 11 =    -0.2911,     0.0848      
# span 12 =    -0.2909,     0.0863      
# span 13 =    -0.0105,     0.0077      
# span 14 =   2.830909,   2.890011      
# span 15 =   2.830962,   2.890197      
# span 16 =  -0.000876,   0.000607      
# span 17 =    34.1852,    34.4626      
# span 18 =    34.1858,    34.4632      
# span 19 =     5.6855,     7.4952      
# span 20 =    27.4555,    27.6867      
# span 21 =    27.4558,    27.6869      
# span 22 =    34.1845,    34.4637      
# span 23 =    27.4550,    27.6863      
# span 24 =    1447.50,    1455.39      
# span 25 =    1447.49,    1455.40      
# span 26 =    -0.2908,     0.0849      
# span 27 =  1027.4650,  1029.8304      
# span 28 =    34.3466,    34.6323      
# span 29 = 0.0000e+00, 0.0000e+00      
# interval = decibars: 1                
# start_time = Nov 09 2022 17:12:58 [NMEA time, header]
# bad_flag = -9.990e-29
*END*
[from data line 387]
      13659 313.723924  -62.22288  -58.19447      0.603    1451.12    388.000    383.914     0.0610     0.0609    -0.0001     0.0459     0.0458    -0.0001   2.885582   2.885588   0.000003    34.4561    34.4563     5.7386    27.6647    27.6649    34.4560    27.6646    1455.01    1455.01     0.0461  1029.5115    34.6245 0.0000e+00
      13709 313.723949  -62.22288  -58.19444      0.466    1451.12    389.000    384.904     0.0614     0.0612    -0.0002     0.0463     0.0461    -0.0002   2.885658   2.885657  -0.000002    34.4559    34.4561     5.7438    27.6646    27.6647    34.4560    27.6646    1455.03    1455.03     0.0465  1029.5162    34.6245 0.0000e+00
      13752 313.723970  -62.22288  -58.19442      0.547    1451.12    390.000    385.892     0.0614     0.0617     0.0002     0.0463     0.0465     0.0002   2.885715   2.885765   0.000048    34.4561    34.4564     5.7452    27.6647    27.6650    34.4560    27.6647    1455.05    1455.05     0.0464  1029.5210    34.6246 0.0000e+00
      13786 313.723986  -62.22288  -58.19440      0.697    1451.12    391.000    386.880     0.0614     0.0614    -0.0000     0.0462     0.0462    -0.0000   2.885769   2.885790   0.000022    34.4561    34.4565     5.7480    27.6647    27.6650    34.4562    27.6648    1455.06    1455.06     0.0464  1029.5259    34.6248 0.0000e+00
      13822 313.724003  -62.22286  -58.19439      0.682    1451.12    392.000    387.869     0.0621     0.0622     0.0001     0.0468     0.0469     0.0001   2.885895   2.885923   0.000028    34.4565    34.4567     5.7311    27.6650    27.6652    34.4566    27.6651    1455.08    1455.08     0.0470  1029.5309    34.6251 0.0000e+00
      13855 313.724019  -62.22288  -58.19438      0.713    1451.12    393.000    388.858     0.0626     0.0626    -0.0000     0.0473     0.0473    -0.0000   2.886017   2.886025   0.000008    34.4569    34.4570     5.7414    27.6653    27.6654    34.4570    27.6654    1455.10    1455.10     0.0475  1029.5359    34.6255 0.0000e+00
      13885 313.724033  -62.22288  -58.19435      0.786    1451.12    394.000    389.846     0.0683     0.0632    -0.0050     0.0529     0.0479    -0.0050   2.886718   2.886186  -0.000487    34.4584    34.4576     5.7418    27.6662    27.6658    34.4593    27.6669    1455.15    1455.12     0.0531  1029.5421    34.6278 0.0000e+00
      13919 313.724050  -62.22288  -58.19432      0.732    1451.12    395.000    390.834     0.0865     0.0848    -0.0017     0.0711     0.0694    -0.0017   2.888530   2.888413  -0.000137    34.4602    34.4604     5.7377    27.6667    27.6669    34.4621    27.6682    1455.25    1455.24     0.0713  1029.5479    34.6307 0.0000e+00
      13964 313.724072  -62.22288  -58.19427      0.530    1451.12    396.000    391.823     0.0922     0.0927     0.0005     0.0767     0.0772     0.0005   2.889048   2.889103   0.000052    34.4612    34.4614     5.7333    27.6672    27.6673    34.4619    27.6678    1455.29    1455.30     0.0769  1029.5521    34.6306 0.0000e+00
      14006 313.724092  -62.22288  -58.19425      0.557    1451.12    397.000    392.811     0.0929     0.0933     0.0004     0.0774     0.0778     0.0004   2.889172   2.889232   0.000060    34.4614    34.4618     5.7082    27.6674    27.6676    34.4622    27.6680    1455.31    1455.32     0.0775  1029.5570    34.6308 0.0000e+00
      14035 313.724106  -62.22288  -58.19424      0.758    1451.12    398.000    393.800     0.0936     0.0932    -0.0004     0.0780     0.0775    -0.0004   2.889274   2.889287  -0.000014    34.4616    34.4619     5.6975    27.6675    27.6678    34.4622    27.6680    1455.34    1455.33     0.0782  1029.5617    34.6309 0.0000e+00
      14058 313.724117  -62.22287  -58.19424      0.940    1451.12    399.000    394.789     0.1004     0.1020     0.0016     0.0848     0.0863     0.0016   2.890011   2.890197   0.000172    34.4626    34.4632     5.6993    27.6680    27.6683    34.4637    27.6688    1455.38    1455.39     0.0849  1029.5672    34.6323 0.0000e+00
      14081 313.724128  -62.22286  -58.19423      1.044    1451.12    400.000    395.777     0.0989     0.1016     0.0027     0.0832     0.0859     0.0027   2.889888   2.890120   0.000263    34.4624    34.4629     5.6920    27.6679    27.6681    34.4632    27.6685    1455.39    1455.40     0.0834  1029.5716    34.6318 0.0000e+00
      14106 313.724140  -62.22286  -58.19421      1.033    1451.12    401.000    396.765     0.0945     0.0940    -0.0005     0.0787     0.0783    -0.0005   2.889422   2.889386  -0.000038    34.4623    34.4623     5.6960    27.6680    27.6681    34.4614    27.6673    1455.39    1455.38     0.0789  1029.5752    34.6300 0.0000e+00
      14145 313.724159  -62.22286  -58.19418      0.675    1451.12    402.000    397.754     0.0849     0.0850     0.0001     0.0692     0.0693     0.0001   2.888750   2.888778   0.000023    34.4621    34.4623     5.6855    27.6684    27.6685    34.4626    27.6688    1455.36    1455.36     0.0694  1029.5815    34.6313 0.0000e+00
      14192 313.724182  -62.22286  -58.19414      0.487    1451.12    403.000    398.742     0.0881     0.0899     0.0018     0.0723     0.0741     0.0018   2.888979   2.889168   0.000193    34.4620    34.4624     5.6958    27.6681    27.6684    34.4615    27.6677    1455.39    1455.40     0.0725  1029.5851    34.6301 0.0000e+00
      14223 313.724197  -62.22287  -58.19413      0.705    1451.12    404.000    399.731     0.0820     0.0789    -0.0030     0.0661     0.0631    -0.0030   2.888458   2.888188  -0.000232    34.4619    34.4623     5.6993    27.6684    27.6688    34.4609    27.6676    1455.38    1455.36     0.0664  1029.5898    34.6295 0.0000e+00
      14250 313.724209  -62.22288  -58.19411      0.868    1451.12    405.000    400.719     0.0608     0.0580    -0.0028     0.0450     0.0422    -0.0028   2.886618   2.886444  -0.000211    34.4619    34.4622     5.7056    27.6694    27.6699    34.4598    27.6678    1455.29    1455.28     0.0452  1029.5950    34.6284 0.0000e+00
      14275 313.724222  -62.22288  -58.19409      0.929    1451.12    406.000    401.708     0.0466     0.0474     0.0007     0.0308     0.0316     0.0007   2.885525   2.885565   0.000043    34.4625    34.4622     5.7095    27.6707    27.6705    34.4607    27.6692    1455.25    1455.25     0.0310  1029.6014    34.6293 0.0000e+00
      14303 313.724235  -62.22287  -58.19407      0.903    1451.12    407.000    402.696     0.0420     0.0400    -0.0020     0.0262     0.0242    -0.0020   2.885135   2.884853  -0.000179    34.4619    34.4618     5.7095    27.6705    27.6705    34.4601    27.6690    1455.24    1455.23     0.0264  1029.6059    34.6287 0.0000e+00
      14335 313.724251  -62.22286  -58.19404      0.782    1451.12    408.000    403.684     0.0251     0.0145    -0.0105     0.0093    -0.0012    -0.0105   2.883769   2.882904  -0.000876    34.4622    34.4625     5.7156    27.6716    27.6724    34.4604    27.6702    1455.18    1455.13     0.0095  1029.6120    34.6291 0.0000e+00
      14371 313.724268  -62.22286  -58.19403      0.676    1451.12    409.000    404.673     0.0183     0.0169    -0.0014     0.0025     0.0010    -0.0014   2.883129   2.883157  -0.000073    34.4620    34.4626     5.7317    27.6718    27.6724    34.4590    27.6694    1455.16    1455.16     0.0027  1029.6161    34.6277 0.0000e+00
      14402 313.724283  -62.22286  -58.19402      0.728    1451.12    410.000    405.662    -0.0254    -0.0249     0.0005    -0.0411    -0.0406     0.0005   2.879277   2.879262   0.000047    34.4620    34.4620     5.7544    27.6741    27.6741    34.4565    27.6696    1454.98    1454.98    -0.0409  1029.6216    34.6251 0.0000e+00
      14429 313.724296  -62.22286  -58.19400      0.845    1451.22    411.000    406.650    -0.0552    -0.0527     0.0026    -0.0709    -0.0683     0.0026   2.876710   2.877081   0.000301    34.4615    34.4626     5.7593    27.6752    27.6760    34.4555    27.6703    1454.85    1454.87    -0.0707  1029.6274    34.6241 0.0000e+00
      14456 313.724309  -62.22286  -58.19398      0.905    1451.48    412.000    407.639    -0.1119    -0.1042     0.0078    -0.1274    -0.1197     0.0077   2.871843   2.872358   0.000607    34.4619    34.4612     5.7658    27.6784    27.6775    34.4541    27.6721    1454.61    1454.64    -0.1272  1029.6346    34.6227 0.0000e+00
      14487 313.724324  -62.22286  -58.19396      0.823    1451.48    413.000    408.627    -0.1526    -0.1502     0.0023    -0.1680    -0.1656     0.0023   2.868533   2.868876   0.000279    34.4619    34.4630     5.7907    27.6804    27.6812    34.4553    27.6751    1454.44    1454.45    -0.1678  1029.6429    34.6239 0.0000e+00
      14522 313.724341  -62.22286  -58.19395      0.694    1451.48    414.000    409.615    -0.1539    -0.1558    -0.0019    -0.1694    -0.1713    -0.0019   2.868661   2.868514  -0.000108    34.4613    34.4619     5.8160    27.6800    27.6806    34.4579    27.6773    1454.45    1454.44    -0.1692  1029.6498    34.6266 0.0000e+00
      14554 313.724356  -62.22286  -58.19392      0.714    1451.48    415.000    410.604    -0.1554    -0.1610    -0.0056    -0.1709    -0.1764    -0.0056   2.868369   2.867931  -0.000444    34.4601    34.4606     5.8694    27.6792    27.6798    34.4551    27.6751    1454.46    1454.43    -0.1706  1029.6524    34.6237 0.0000e+00
      14583 313.724370  -62.22286  -58.19389      0.809    1451.48    416.000    411.592    -0.1766    -0.1731     0.0035    -0.1920    -0.1885     0.0035   2.866636   2.866928   0.000280    34.4603    34.4601     5.8923    27.6803    27.6800    34.4553    27.6763    1454.37    1454.39    -0.1918  1029.6586    34.6239 0.0000e+00
      14610 313.724383  -62.22286  -58.19387      0.879    1451.48    417.000    412.581    -0.1877    -0.1873     0.0004    -0.2031    -0.2027     0.0004   2.865879   2.865913   0.000051    34.4601    34.4603     5.9000    27.6807    27.6809    34.4572    27.6784    1454.34    1454.34    -0.2029  1029.6656    34.6258 0.0000e+00
      14807 313.724478  -62.22286  -58.19374      0.609    1451.48    418.000    413.576    -0.1688    -0.1642     0.0045    -0.1843    -0.1798     0.0045   2.867583   2.867962   0.000380    34.4591    34.4591     5.8933    27.6790    27.6788    34.4579    27.6780    1454.45    1454.47    -0.1841  1029.6697    34.6266 0.0000e+00
      15003 313.724573  -62.22286  -58.19363      0.582    1451.48    419.000    414.557    -0.1628    -0.1613     0.0016    -0.1784    -0.1769     0.0016   2.868118   2.868298   0.000180    34.4584    34.4590     5.8822    27.6782    27.6786    34.4577    27.6776    1454.49    1454.50    -0.1782  1029.6739    34.6264 0.0000e+00
      15030 313.724586  -62.22286  -58.19360      0.750    1451.48    420.000    415.546    -0.1712    -0.1706     0.0006    -0.1868    -0.1862     0.0006   2.867550   2.867574   0.000045    34.4593    34.4592     5.8829    27.6793    27.6791    34.4590    27.6790    1454.47    1454.47    -0.1866  1029.6802    34.6276 0.0000e+00
      15059 313.724600  -62.22286  -58.19360      0.821    1451.48    421.000    416.534    -0.1852    -0.1820     0.0032    -0.2008    -0.1976     0.0032   2.866251   2.866528   0.000267    34.4588    34.4589     5.8874    27.6796    27.6794    34.4569    27.6780    1454.42    1454.43    -0.2006  1029.6841    34.6255 0.0000e+00
      15088 313.724614  -62.22286  -58.19357      0.828    1451.48    422.000    417.523    -0.1914    -0.1921    -0.0007    -0.2070    -0.2077    -0.0007   2.865788   2.865750  -0.000032    34.4582    34.4586     5.8910    27.6794    27.6797    34.4571    27.6785    1454.41    1454.40    -0.2068  1029.6894    34.6257 0.0000e+00
      15126 313.724632  -62.22286  -58.19356      0.678    1451.48    423.000    418.511    -0.1962    -0.1964    -0.0002    -0.2119    -0.2120    -0.0002   2.865425   2.865438   0.000016    34.4582    34.4586     5.9032    27.6797    27.6800    34.4572    27.6788    1454.40    1454.40    -0.2116  1029.6945    34.6258 0.0000e+00
      15172 313.724654  -62.22286  -58.19352      0.509    1451.48    424.000    419.499    -0.1993    -0.1994    -0.0001    -0.2150    -0.2151    -0.0001   2.865222   2.865233   0.000014    34.4581    34.4584     5.9253    27.6797    27.6800    34.4573    27.6791    1454.40    1454.40    -0.2148  1029.6996    34.6260 0.0000e+00
      15215 313.724675  -62.22286  -58.19349      0.557    1451.48    425.000    420.488    -0.2049    -0.2041     0.0007    -0.2206    -0.2198     0.0007   2.864838   2.864827   0.000025    34.4588    34.4583     5.9351    27.6806    27.6801    34.4579    27.6798    1454.40    1454.40    -0.2204  1029.7051    34.6266 0.0000e+00
      15250 313.724692  -62.22286  -58.19346      0.659    1451.48    426.000    421.476    -0.2270    -0.2260     0.0010    -0.2427    -0.2417     0.0011   2.862968   2.863101   0.000087    34.4603    34.4603     5.9355    27.6828    27.6828    34.4574    27.6805    1454.31    1454.32    -0.2425  1029.7108    34.6260 0.0000e+00
      15279 313.724706  -62.22286  -58.19343      0.783    1451.48    427.000    422.464    -0.2270    -0.2300    -0.0030    -0.2427    -0.2457    -0.0030   2.863156   2.862954  -0.000201    34.4602    34.4609     5.9254    27.6827    27.6834    34.4593    27.6820    1454.33    1454.31    -0.2425  1029.7170    34.6279 0.0000e+00
      15305 313.724718  -62.22286  -58.19342      0.892    1451.48    428.000    423.453    -0.2311    -0.2296     0.0015    -0.2469    -0.2454     0.0015   2.862829   2.862972   0.000133    34.4605    34.4605     5.9320    27.6832    27.6832    34.4590    27.6820    1454.32    1454.33    -0.2466  1029.7218    34.6276 0.0000e+00
      15329 313.724730  -62.22286  -58.19341      0.979    1451.48    429.000    424.441    -0.2335    -0.2336    -0.0000    -0.2493    -0.2493    -0.0000   2.862716   2.862724   0.000008    34.4606    34.4608     5.9324    27.6835    27.6836    34.4596    27.6826    1454.33    1454.33    -0.2490  1029.7271    34.6282 0.0000e+00
      15353 313.724741  -62.22286  -58.19339      1.009    1451.48    430.000    425.429    -0.2344    -0.2341     0.0003    -0.2502    -0.2499     0.0003   2.862699   2.862738   0.000038    34.4606    34.4608     5.9410    27.6835    27.6836    34.4597    27.6828    1454.34    1454.34    -0.2500  1029.7320    34.6284 0.0000e+00
      15378 313.724754  -62.22285  -58.19338      0.966    1451.48    431.000    426.418    -0.2363    -0.2357     0.0006    -0.2522    -0.2516     0.0006   2.862582   2.862648   0.000063    34.4606    34.4608     5.9397    27.6836    27.6837    34.4597    27.6828    1454.35    1454.35    -0.2519  1029.7369    34.6284 0.0000e+00
      15409 313.724768  -62.22284  -58.19337      0.838    1451.48    432.000    427.406    -0.2355    -0.2357    -0.0002    -0.2514    -0.2516    -0.0002   2.862706   2.862702  -0.000003    34.4604    34.4607     5.9430    27.6834    27.6836    34.4598    27.6829    1454.37    1454.37    -0.2511  1029.7417    34.6285 0.0000e+00
      15445 313.724786  -62.22284  -58.19333      0.673    1451.48    433.000    428.395    -0.2322    -0.2324    -0.0002    -0.2481    -0.2483    -0.0002   2.863019   2.863023  -0.000008    34.4600    34.4601     5.9399    27.6828    27.6830    34.4597    27.6826    1454.40    1454.40    -0.2479  1029.7461    34.6284 0.0000e+00
      15482 313.724804  -62.22284  -58.19331      0.641    1451.48    434.000    429.383    -0.2339    -0.2322     0.0018    -0.2499    -0.2482     0.0018   2.862919   2.863074   0.000149    34.4601    34.4601     5.9410    27.6830    27.6830    34.4597    27.6827    1454.41    1454.42    -0.2496  1029.7509    34.6284 0.0000e+00
      15511 313.724818  -62.22284  -58.19330      0.767    1451.48    435.000    430.371    -0.2241    -0.2237     0.0005    -0.2402    -0.2397     0.0005   2.863861   2.863856   0.000021    34.4596    34.4593     5.9477    27.6821    27.6819    34.4606    27.6830    1454.47    1454.47    -0.2399  1029.7558    34.6293 0.0000e+00
