Pos-Processados/pos_process41/Dados/doperantar41_021.cnv
* Sea-Bird SBE 9 Data File:
* FileName = C:\Users\Dell\Desktop\OperantarXLI\config\00_BRUTOS\OPE41021.hdr
* Software Version Seasave V 7.26.7.110
* Temperature SN = 6497
* Conductivity SN = 4954
* Number of Bytes Per Scan = 34
* Number of Voltage Words = 3
* Number of Scans Averaged by the Deck Unit = 1
* NMEA Latitude = 62 21.63 S
* NMEA Longitude = 057 56.66 W
* NMEA UTC (Time) = Nov 11 2022 10:57:30
* NMEA baud rate = 4800
** H41
** Navio Polar Almirante Maximiano
** LH-021/2022
** Operantar XLI
** Número da Estação 021
** Latitude 62 21.943S
** Longitude 057 58.115W
** Data/Hora (Z) 11/11/2022  1100Z
** Profundidade local 1900
** 09-1439
** Nome do Operador 1T FILIPE LOPES
# nquan = 30
# nvalues = 1809                        
# units = specified
# name 0 = scan: Scan Count
# name 1 = timeJ: Julian Days
# name 2 = latitude: Latitude [deg]
# name 3 = longitude: Longitude [deg]
# name 4 = dz/dtM: Descent Rate [m/s]
# name 5 = avgsvCM: Average Sound Velocity [Chen-Millero, m/s]
# name 6 = prDM: Pressure, Digiquartz [db]
# name 7 = depSM: Depth [salt water, m]
# name 8 = t090C: Temperature [ITS-90, deg C]
# name 9 = t190C: Temperature, 2 [ITS-90, deg C]
# name 10 = T2-T190C: Temperature Difference, 2 - 1 [ITS-90, deg C]
# name 11 = potemp090C: Potential Temperature [ITS-90, deg C]
# name 12 = potemp190C: Potential Temperature, 2 [ITS-90, deg C]
# name 13 = potemp90Cdiff: Potential Temperature, Diff, 2 - 1 [ITS-90, deg C]
# name 14 = c0S/m: Conductivity [S/m]
# name 15 = c1S/m: Conductivity, 2 [S/m]
# name 16 = C2-C1S/m: Conductivity Difference, 2 - 1 [S/m]
# name 17 = sal00: Salinity, Practical [PSU]
# name 18 = sal11: Salinity, Practical, 2 [PSU]
# name 19 = sbeox0ML/L: Oxygen, SBE 43 [ml/l]
# name 20 = sigma-é00: Density [sigma-theta, kg/m^3]
# name 21 = sigma-é11: Density, 2 [sigma-theta, kg/m^3]
# name 22 = sal00: Salinity, Practical [PSU]
# name 23 = sigma-é00: Density [sigma-theta, kg/m^3]
# name 24 = svCM: Sound Velocity [Chen-Millero, m/s]
# name 25 = svCM1: Sound Velocity, 2 [Chen-Millero, m/s]
# name 26 = gsw_ptA0: potential temperature [ITS-90, deg C]
# name 27 = gsw_densityA0: density, TEOS-10 [density, kg/m^3]
# name 28 = gsw_saA0: Absolute Salinity [g/kg]
# name 29 = flag:
# span 0 =       2348,      67762       
# span 1 = 315.457729, 315.489275       
# span 2 =  -62.36048,  -62.35736       
# span 3 =  -57.94303,  -57.90590       
# span 4 =     -0.261,      1.257       
# span 5 =       0.00,    1459.49       
# span 6 =      2.000,   1810.000       
# span 7 =      1.962,   1784.848       
# span 8 =    -1.4300,     0.5523       
# span 9 =    -1.4304,     0.5520       
# span 10 =    -0.0115,     0.0085      
# span 11 =    -1.5017,     0.5430      
# span 12 =    -1.5021,     0.5427      
# span 13 =    -0.0115,     0.0085      
# span 14 =   2.773664,   2.927336      
# span 15 =   2.773751,   2.927304      
# span 16 =  -0.000980,   0.000732      
# span 17 =    34.3255,    34.5614      
# span 18 =    34.3285,    34.5612      
# span 19 =     5.1159,     7.5457      
# span 20 =    27.5860,    27.8156      
# span 21 =    27.5889,    27.8155      
# span 22 =    34.3235,    34.5613      
# span 23 =    27.5844,    27.8156      
# span 24 =    1445.53,    1471.77      
# span 25 =    1445.52,    1471.77      
# span 26 =    -1.5003,     0.5431      
# span 27 =  1027.5986,  1036.3588      
# span 28 =    34.4893,    34.7326      
# span 29 = 0.0000e+00, 0.0000e+00      
# interval = decibars: 1                
# start_time = Nov 11 2022 10:57:30 [NMEA time, header]
# bad_flag = -9.990e-29
*END*
[from data line 1451]
      48902 315.480180  -62.35862  -57.91642      0.658    1457.12   1453.000   1434.039    -1.2080    -1.2079     0.0001    -1.2634    -1.2634     0.0001   2.832191   2.832186  -0.000005    34.5556    34.5555     6.2444    27.8030    27.8029    34.5554    27.8028    1466.83    1466.83    -1.2624  1034.6794    34.7261 0.0000e+00
      48929 315.480193  -62.35862  -57.91641      0.855    1457.12   1454.000   1435.019    -1.2084    -1.2085    -0.0001    -1.2639    -1.2640    -0.0001   2.832196   2.832183  -0.000013    34.5555    34.5555     6.2425    27.8030    27.8029    34.5554    27.8028    1466.84    1466.84    -1.2629  1034.6841    34.7261 0.0000e+00
      48989 315.480222  -62.35861  -57.91638      0.378    1457.12   1455.000   1436.002    -1.2087    -1.2086     0.0001    -1.2643    -1.2642     0.0001   2.832199   2.832209   0.000009    34.5554    34.5553     6.2383    27.8028    27.8028    34.5552    27.8027    1466.86    1466.86    -1.2632  1034.6887    34.7259 0.0000e+00
      49040 315.480246  -62.35860  -57.91634      0.525    1457.12   1456.000   1436.986    -1.2100    -1.2098     0.0002    -1.2656    -1.2654     0.0002   2.832156   2.832160   0.000006    34.5556    34.5555     6.2379    27.8031    27.8030    34.5555    27.8030    1466.87    1466.87    -1.2646  1034.6936    34.7262 0.0000e+00
      49065 315.480258  -62.35860  -57.91634      0.867    1457.12   1457.000   1437.969    -1.2110    -1.2110     0.0000    -1.2667    -1.2666     0.0000   2.832111   2.832091  -0.000020    34.5557    34.5554     6.2454    27.8032    27.8029    34.5555    27.8030    1466.88    1466.88    -1.2656  1034.6984    34.7262 0.0000e+00
      49099 315.480275  -62.35860  -57.91632      0.780    1457.12   1458.000   1438.952    -1.2113    -1.2113    -0.0000    -1.2670    -1.2670    -0.0000   2.832117   2.832106  -0.000011    34.5554    34.5553     6.2381    27.8030    27.8029    34.5553    27.8029    1466.89    1466.89    -1.2659  1034.7029    34.7260 0.0000e+00
      49155 315.480302  -62.35860  -57.91629      0.330    1457.12   1459.000   1439.938    -1.2119    -1.2119    -0.0001    -1.2676    -1.2677    -0.0001   2.832106   2.832098  -0.000008    34.5554    34.5554     6.2374    27.8030    27.8029    34.5552    27.8029    1466.91    1466.91    -1.2666  1034.7075    34.7260 0.0000e+00
      49186 315.480317  -62.35860  -57.91628      0.687    1457.12   1460.000   1440.920    -1.2127    -1.2126     0.0001    -1.2685    -1.2684     0.0001   2.832096   2.832094  -0.000002    34.5556    34.5555     6.2412    27.8032    27.8031    34.5555    27.8031    1466.92    1466.92    -1.2674  1034.7124    34.7262 0.0000e+00
      49216 315.480332  -62.35860  -57.91626      0.805    1457.12   1461.000   1441.898    -1.2130    -1.2131    -0.0000    -1.2689    -1.2689    -0.0000   2.832096   2.832089  -0.000008    34.5555    34.5554     6.2408    27.8031    27.8030    34.5553    27.8030    1466.94    1466.94    -1.2678  1034.7170    34.7260 0.0000e+00
      49285 315.480364  -62.35860  -57.91622      0.249    1457.12   1462.000   1442.890    -1.2128    -1.2130    -0.0002    -1.2686    -1.2689    -0.0002   2.832152   2.832132  -0.000021    34.5552    34.5552     6.2515    27.8029    27.8029    34.5552    27.8028    1466.95    1466.95    -1.2676  1034.7215    34.7259 0.0000e+00
      49320 315.480381  -62.35860  -57.91620      0.634    1457.12   1463.000   1443.870    -1.2130    -1.2130    -0.0000    -1.2689    -1.2690    -0.0000   2.832198   2.832179  -0.000021    34.5556    34.5553     6.2401    27.8032    27.8030    34.5555    27.8031    1466.97    1466.97    -1.2679  1034.7265    34.7262 0.0000e+00
      49346 315.480394  -62.35860  -57.91619      0.897    1457.12   1464.000   1444.854    -1.2131    -1.2131     0.0000    -1.2691    -1.2691     0.0000   2.832227   2.832212  -0.000014    34.5555    34.5554     6.2453    27.8032    27.8030    34.5555    27.8031    1466.99    1466.99    -1.2681  1034.7311    34.7262 0.0000e+00
      49393 315.480417  -62.35859  -57.91616      0.542    1457.12   1465.000   1445.837    -1.2131    -1.2132    -0.0002    -1.2691    -1.2693    -0.0002   2.832253   2.832235  -0.000020    34.5553    34.5552     6.2416    27.8029    27.8029    34.5552    27.8029    1467.00    1467.00    -1.2681  1034.7356    34.7260 0.0000e+00
      49442 315.480440  -62.35858  -57.91614      0.492    1457.12   1466.000   1446.821    -1.2137    -1.2138    -0.0000    -1.2698    -1.2698    -0.0001   2.832252   2.832237  -0.000015    34.5554    34.5553     6.2373    27.8031    27.8030    34.5554    27.8030    1467.02    1467.02    -1.2687  1034.7403    34.7261 0.0000e+00
      49484 315.480461  -62.35858  -57.91611      0.567    1457.12   1467.000   1447.804    -1.2146    -1.2147    -0.0000    -1.2707    -1.2708    -0.0000   2.832212   2.832204  -0.000007    34.5553    34.5553     6.2368    27.8031    27.8030    34.5553    27.8030    1467.03    1467.03    -1.2697  1034.7450    34.7260 0.0000e+00
      49543 315.480489  -62.35858  -57.91608      0.341    1457.12   1468.000   1448.792    -1.2149    -1.2150    -0.0001    -1.2710    -1.2711    -0.0001   2.832237   2.832220  -0.000020    34.5554    34.5552     6.2437    27.8031    27.8030    34.5553    27.8031    1467.04    1467.04    -1.2700  1034.7497    34.7261 0.0000e+00
      49573 315.480504  -62.35858  -57.91606      0.712    1457.12   1469.000   1449.771    -1.2156    -1.2156    -0.0000    -1.2718    -1.2718    -0.0000   2.832221   2.832210  -0.000010    34.5554    34.5553     6.2471    27.8031    27.8031    34.5554    27.8031    1467.06    1467.06    -1.2708  1034.7545    34.7261 0.0000e+00
      49639 315.480535  -62.35858  -57.91602      0.319    1457.36   1470.000   1450.756    -1.2154    -1.2155    -0.0002    -1.2716    -1.2718    -0.0002   2.832264   2.832252  -0.000012    34.5552    34.5552     6.2532    27.8030    27.8030    34.5552    27.8029    1467.07    1467.08    -1.2706  1034.7590    34.7259 0.0000e+00
      49686 315.480558  -62.35858  -57.91600      0.569    1457.35   1471.000   1451.738    -1.2160    -1.2159     0.0001    -1.2724    -1.2722     0.0001   2.832281   2.832272  -0.000011    34.5556    34.5553     6.2506    27.8033    27.8031    34.5556    27.8033    1467.09    1467.09    -1.2713  1034.7640    34.7263 0.0000e+00
      49708 315.480569  -62.35858  -57.91600      0.918    1457.35   1472.000   1452.722    -1.2165    -1.2160     0.0004    -1.2728    -1.2724     0.0004   2.832275   2.832294   0.000017    34.5555    34.5553     6.2430    27.8033    27.8030    34.5554    27.8031    1467.10    1467.11    -1.2718  1034.7685    34.7261 0.0000e+00
      49773 315.480600  -62.35858  -57.91595      0.577    1457.35   1473.000   1453.722    -1.2174    -1.2173     0.0001    -1.2738    -1.2737     0.0001   2.832234   2.832230  -0.000003    34.5554    34.5553     6.2460    27.8032    27.8031    34.5553    27.8031    1467.12    1467.12    -1.2727  1034.7732    34.7261 0.0000e+00
      49834 315.480629  -62.35858  -57.91592      0.701    1457.35   1474.000   1454.689    -1.2179    -1.2179     0.0000    -1.2743    -1.2744     0.0000   2.832241   2.832231  -0.000009    34.5555    34.5554     6.2444    27.8033    27.8032    34.5554    27.8032    1467.13    1467.13    -1.2733  1034.7780    34.7262 0.0000e+00
      49884 315.480654  -62.35856  -57.91589      0.522    1457.35   1475.000   1455.667    -1.2179    -1.2179    -0.0000    -1.2744    -1.2744    -0.0000   2.832272   2.832265  -0.000009    34.5553    34.5553     6.2467    27.8031    27.8031    34.5553    27.8031    1467.15    1467.15    -1.2733  1034.7825    34.7260 0.0000e+00
      49948 315.480684  -62.35857  -57.91586      0.398    1457.35   1476.000   1456.656    -1.2187    -1.2184     0.0002    -1.2752    -1.2750     0.0002   2.832271   2.832271 4.7026e-07    34.5557    34.5554     6.2480    27.8035    27.8032    34.5556    27.8034    1467.16    1467.16    -1.2742  1034.7875    34.7263 0.0000e+00
      49971 315.480695  -62.35856  -57.91586      0.853    1457.35   1477.000   1457.639    -1.2191    -1.2191    -0.0001    -1.2756    -1.2757    -0.0001   2.832276   2.832259  -0.000015    34.5555    34.5554     6.2517    27.8034    27.8033    34.5555    27.8034    1467.17    1467.18    -1.2746  1034.7921    34.7263 0.0000e+00
      50026 315.480722  -62.35856  -57.91583      0.556    1457.35   1478.000   1458.620    -1.2195    -1.2193     0.0002    -1.2761    -1.2759     0.0002   2.832271   2.832280   0.000008    34.5555    34.5554     6.2498    27.8033    27.8033    34.5554    27.8033    1467.19    1467.19    -1.2751  1034.7967    34.7261 0.0000e+00
      50099 315.480757  -62.35856  -57.91578      0.475    1457.35   1479.000   1459.608    -1.2194    -1.2195    -0.0001    -1.2761    -1.2762    -0.0001   2.832327   2.832309  -0.000017    34.5554    34.5554     6.2547    27.8033    27.8033    34.5555    27.8033    1467.21    1467.21    -1.2750  1034.8014    34.7262 0.0000e+00
      50144 315.480779  -62.35856  -57.91574      0.545    1457.35   1480.000   1460.587    -1.2196    -1.2198    -0.0001    -1.2764    -1.2765    -0.0001   2.832344   2.832332  -0.000010    34.5554    34.5554     6.2549    27.8033    27.8033    34.5554    27.8033    1467.22    1467.22    -1.2753  1034.8060    34.7262 0.0000e+00
      50188 315.480800  -62.35856  -57.91573      0.550    1457.35   1481.000   1461.575    -1.2198    -1.2199    -0.0001    -1.2766    -1.2767    -0.0001   2.832374   2.832365  -0.000011    34.5554    34.5554     6.2525    27.8034    27.8033    34.5555    27.8033    1467.24    1467.24    -1.2755  1034.8107    34.7262 0.0000e+00
      50233 315.480822  -62.35856  -57.91572      0.528    1457.35   1482.000   1462.556    -1.2205    -1.2206    -0.0002    -1.2773    -1.2775    -0.0002   2.832368   2.832341  -0.000025    34.5556    34.5554     6.2490    27.8035    27.8034    34.5555    27.8034    1467.25    1467.25    -1.2762  1034.8155    34.7263 0.0000e+00
      50272 315.480841  -62.35856  -57.91570      0.606    1457.35   1483.000   1463.538    -1.2217    -1.2218    -0.0001    -1.2786    -1.2786    -0.0001   2.832307   2.832291  -0.000015    34.5557    34.5555     6.2488    27.8036    27.8035    34.5555    27.8035    1467.26    1467.26    -1.2775  1034.8203    34.7263 0.0000e+00
      50336 315.480871  -62.35856  -57.91567      0.344    1457.35   1484.000   1464.524    -1.2230    -1.2229     0.0001    -1.2799    -1.2798     0.0001   2.832222   2.832230   0.000008    34.5554    34.5554     6.2531    27.8034    27.8034    34.5552    27.8033    1467.27    1467.27    -1.2788  1034.8248    34.7260 0.0000e+00
      50387 315.480896  -62.35855  -57.91564      0.501    1457.35   1485.000   1465.506    -1.2244    -1.2245    -0.0001    -1.2814    -1.2815    -0.0001   2.832163   2.832149  -0.000014    34.5556    34.5556     6.2547    27.8037    27.8037    34.5556    27.8036    1467.28    1467.28    -1.2803  1034.8298    34.7263 0.0000e+00
      50435 315.480919  -62.35854  -57.91561      0.494    1457.35   1486.000   1466.488    -1.2250    -1.2251    -0.0001    -1.2820    -1.2821    -0.0001   2.832149   2.832138  -0.000013    34.5556    34.5555     6.2572    27.8036    27.8036    34.5554    27.8035    1467.30    1467.30    -1.2809  1034.8344    34.7262 0.0000e+00
      50511 315.480956  -62.35854  -57.91556      0.286    1457.35   1487.000   1467.478    -1.2273    -1.2270     0.0003    -1.2843    -1.2840     0.0003   2.831999   2.832010   0.000012    34.5557    34.5556     6.2507    27.8039    27.8037    34.5554    27.8036    1467.30    1467.30    -1.2832  1034.8392    34.7262 0.0000e+00
      50537 315.480968  -62.35854  -57.91556      0.763    1457.35   1488.000   1468.457    -1.2299    -1.2296     0.0003    -1.2869    -1.2866     0.0003   2.831832   2.831839   0.000011    34.5559    34.5556     6.2579    27.8040    27.8038    34.5556    27.8038    1467.31    1467.31    -1.2859  1034.8442    34.7264 0.0000e+00
      50596 315.480997  -62.35854  -57.91554      0.456    1457.35   1489.000   1469.440    -1.2307    -1.2307     0.0001    -1.2878    -1.2877     0.0001   2.831799   2.831798 -5.523e-07    34.5557    34.5556     6.2536    27.8040    27.8039    34.5555    27.8038    1467.32    1467.32    -1.2867  1034.8489    34.7263 0.0000e+00
      50654 315.481025  -62.35854  -57.91550      0.517    1457.35   1490.000   1470.423    -1.2318    -1.2316     0.0001    -1.2889    -1.2888     0.0001   2.831776   2.831776   0.000001    34.5559    34.5558     6.2639    27.8041    27.8040    34.5558    27.8041    1467.33    1467.33    -1.2878  1034.8539    34.7266 0.0000e+00
      50677 315.481036  -62.35854  -57.91550      0.926    1457.35   1491.000   1471.407    -1.2316    -1.2316     0.0000    -1.2888    -1.2888     0.0000   2.831823   2.831804  -0.000018    34.5559    34.5556     6.2606    27.8041    27.8039    34.5557    27.8040    1467.35    1467.35    -1.2877  1034.8585    34.7265 0.0000e+00
      50715 315.481054  -62.35854  -57.91547      0.732    1457.35   1492.000   1472.390    -1.2325    -1.2323     0.0003    -1.2897    -1.2895     0.0003   2.831780   2.831789   0.000008    34.5558    34.5556     6.2616    27.8041    27.8039    34.5556    27.8039    1467.36    1467.36    -1.2886  1034.8631    34.7264 0.0000e+00
      50785 315.481088  -62.35854  -57.91543      0.259    1457.35   1493.000   1473.377    -1.2339    -1.2335     0.0004    -1.2911    -1.2908     0.0004   2.831709   2.831722   0.000015    34.5558    34.5556     6.2595    27.8041    27.8039    34.5556    27.8040    1467.37    1467.37    -1.2901  1034.8679    34.7264 0.0000e+00
      50807 315.481099  -62.35854  -57.91542      0.804    1457.35   1494.000   1474.357    -1.2348    -1.2350    -0.0002    -1.2921    -1.2923    -0.0002   2.831682   2.831637  -0.000040    34.5560    34.5557     6.2631    27.8043    27.8041    34.5557    27.8041    1467.39    1467.38    -1.2910  1034.8726    34.7265 0.0000e+00
      50828 315.481109  -62.35854  -57.91542      1.067    1457.35   1495.000   1475.340    -1.2369    -1.2371    -0.0002    -1.2942    -1.2944    -0.0002   2.831549   2.831522  -0.000028    34.5560    34.5559     6.2649    27.8044    27.8043    34.5557    27.8042    1467.39    1467.39    -1.2931  1034.8775    34.7265 0.0000e+00
      50874 315.481131  -62.35853  -57.91540      0.622    1457.35   1496.000   1476.325    -1.2369    -1.2373    -0.0003    -1.2943    -1.2946    -0.0003   2.831571   2.831545  -0.000025    34.5557    34.5557     6.2639    27.8041    27.8041    34.5555    27.8040    1467.41    1467.41    -1.2932  1034.8820    34.7263 0.0000e+00
      50930 315.481158  -62.35852  -57.91537      0.449    1457.35   1497.000   1477.307    -1.2375    -1.2373     0.0003    -1.2949    -1.2947     0.0003   2.831582   2.831588   0.000004    34.5559    34.5557     6.2647    27.8044    27.8042    34.5558    27.8042    1467.42    1467.42    -1.2938  1034.8869    34.7266 0.0000e+00
      50952 315.481169  -62.35852  -57.91535      0.898    1457.35   1498.000   1478.290    -1.2381    -1.2379     0.0002    -1.2955    -1.2954     0.0002   2.831593   2.831578  -0.000015    34.5561    34.5557     6.2700    27.8045    27.8042    34.5560    27.8044    1467.44    1467.44    -1.2945  1034.8917    34.7268 0.0000e+00
      50973 315.481179  -62.35852  -57.91534      1.086    1457.35   1499.000   1479.274    -1.2387    -1.2386     0.0001    -1.2962    -1.2961     0.0001   2.831573   2.831560  -0.000017    34.5561    34.5557     6.2654    27.8045    27.8042    34.5559    27.8044    1467.45    1467.45    -1.2951  1034.8963    34.7267 0.0000e+00
