Pos-Processados/pos_process41/Dados/doperantar41_021.cnv
* Sea-Bird SBE 9 Data File:
* FileName = C:\Users\Dell\Desktop\OperantarXLI\config\00_BRUTOS\OPE41021.hdr
* Software Version Seasave V 7.26.7.110
* Temperature SN = 6497
* Conductivity SN = 4954
* Number of Bytes Per Scan = 34
* Number of Voltage Words = 3
* Number of Scans Averaged by the Deck Unit = 1
* NMEA Latitude = 62 21.63 S
* NMEA Longitude = 057 56.66 W
* NMEA UTC (Time) = Nov 11 2022 10:57:30
* NMEA baud rate = 4800
** H41
** Navio Polar Almirante Maximiano
** LH-021/2022
** Operantar XLI
** Número da Estação 021
** Latitude 62 21.943S
** Longitude 057 58.115W
** Data/Hora (Z) 11/11/2022  1100Z
** Profundidade local 1900
** 09-1439
** Nome do Operador 1T FILIPE LOPES
# nquan = 30
# nvalues = 1809                        
# units = specified
# name 0 = scan: Scan Count
# name 1 = timeJ: Julian Days
# name 2 = latitude: Latitude [deg]
# name 3 = longitude: Longitude [deg]
# name 4 = dz/dtM: Descent Rate [m/s]
# name 5 = avgsvCM: Average Sound Velocity [Chen-Millero, m/s]
# name 6 = prDM: Pressure, Digiquartz [db]
# name 7 = depSM: Depth [salt water, m]
# name 8 = t090C: Temperature [ITS-90, deg C]
# name 9 = t190C: Temperature, 2 [ITS-90, deg C]
# name 10 = T2-T190C: Temperature Difference, 2 - 1 [ITS-90, deg C]
# name 11 = potemp090C: Potential Temperature [ITS-90, deg C]
# name 12 = potemp190C: Potential Temperature, 2 [ITS-90, deg C]
# name 13 = potemp90Cdiff: Potential Temperature, Diff, 2 - 1 [ITS-90, deg C]
# name 14 = c0S/m: Conductivity [S/m]
# name 15 = c1S/m: Conductivity, 2 [S/m]
# name 16 = C2-C1S/m: Conductivity Difference, 2 - 1 [S/m]
# name 17 = sal00: Salinity, Practical [PSU]
# name 18 = sal11: Salinity, Practical, 2 [PSU]
# name 19 = sbeox0ML/L: Oxygen, SBE 43 [ml/l]
# name 20 = sigma-é00: Density [sigma-theta, kg/m^3]
# name 21 = sigma-é11: Density, 2 [sigma-theta, kg/m^3]
# name 22 = sal00: Salinity, Practical [PSU]
# name 23 = sigma-é00: Density [sigma-theta, kg/m^3]
# name 24 = svCM: Sound Velocity [Chen-Millero, m/s]
# name 25 = svCM1: Sound Velocity, 2 [Chen-Millero, m/s]
# name 26 = gsw_ptA0: potential temperature [ITS-90, deg C]
# name 27 = gsw_densityA0: density, TEOS-10 [density, kg/m^3]
# name 28 = gsw_saA0: Absolute Salinity [g/kg]
# name 29 = flag:
# span 0 =       2348,      67762       
# span 1 = 315.457729, 315.489275       
# span 2 =  -62.36048,  -62.35736       
# span 3 =  -57.94303,  -57.90590       
# span 4 =     -0.261,      1.257       
# span 5 =       0.00,    1459.49       
# span 6 =      2.000,   1810.000       
# span 7 =      1.962,   1784.848       
# span 8 =    -1.4300,     0.5523       
# span 9 =    -1.4304,     0.5520       
# span 10 =    -0.0115,     0.0085      
# span 11 =    -1.5017,     0.5430      
# span 12 =    -1.5021,     0.5427      
# span 13 =    -0.0115,     0.0085      
# span 14 =   2.773664,   2.927336      
# span 15 =   2.773751,   2.927304      
# span 16 =  -0.000980,   0.000732      
# span 17 =    34.3255,    34.5614      
# span 18 =    34.3285,    34.5612      
# span 19 =     5.1159,     7.5457      
# span 20 =    27.5860,    27.8156      
# span 21 =    27.5889,    27.8155      
# span 22 =    34.3235,    34.5613      
# span 23 =    27.5844,    27.8156      
# span 24 =    1445.53,    1471.77      
# span 25 =    1445.52,    1471.77      
# span 26 =    -1.5003,     0.5431      
# span 27 =  1027.5986,  1036.3588      
# span 28 =    34.4893,    34.7326      
# span 29 = 0.0000e+00, 0.0000e+00      
# interval = decibars: 1                
# start_time = Nov 11 2022 10:57:30 [NMEA time, header]
# bad_flag = -9.990e-29
*END*
[from data line 1016]
      34061 315.473023  -62.35938  -57.92448      0.898    1454.19   1018.000   1005.751    -0.7647    -0.7648    -0.0001    -0.8032    -0.8033    -0.0001   2.850975   2.850963  -0.000013    34.5558    34.5557     5.8486    27.7855    27.7854    34.5555    27.7853    1461.68    1461.68    -0.8026  1032.6139    34.7256 0.0000e+00
      34100 315.473042  -62.35938  -57.92446      0.658    1454.19   1019.000   1006.737    -0.7658    -0.7657     0.0000    -0.8044    -0.8043     0.0000   2.850905   2.850909   0.000004    34.5556    34.5556     5.8439    27.7854    27.7854    34.5553    27.7851    1461.69    1461.69    -0.8037  1032.6184    34.7253 0.0000e+00
      34136 315.473059  -62.35938  -57.92444      0.610    1454.19   1020.000   1007.722    -0.7684    -0.7684     0.0001    -0.8070    -0.8070     0.0001   2.850735   2.850735  -0.000002    34.5558    34.5557     5.8463    27.7856    27.7856    34.5554    27.7854    1461.70    1461.70    -0.8064  1032.6234    34.7255 0.0000e+00
      34157 315.473069  -62.35938  -57.92442      0.913    1454.19   1021.000   1008.708    -0.7707    -0.7704     0.0002    -0.8093    -0.8091     0.0002   2.850597   2.850594 -8.755e-07    34.5560    34.5557     5.8480    27.7859    27.7857    34.5555    27.7855    1461.70    1461.70    -0.8087  1032.6283    34.7255 0.0000e+00
      34177 315.473079  -62.35938  -57.92442      1.144    1454.19   1022.000   1009.693    -0.7735    -0.7733     0.0002    -0.8121    -0.8119     0.0002   2.850393   2.850393  -0.000002    34.5560    34.5558     5.8468    27.7860    27.7858    34.5554    27.7855    1461.71    1461.71    -0.8115  1032.6331    34.7254 0.0000e+00
      34196 315.473088  -62.35938  -57.92442      1.242    1454.19   1023.000   1010.679    -0.7766    -0.7762     0.0004    -0.8153    -0.8149     0.0004   2.850163   2.850187   0.000024    34.5560    34.5559     5.8420    27.7862    27.7861    34.5553    27.7856    1461.71    1461.71    -0.8146  1032.6379    34.7253 0.0000e+00
      34216 315.473098  -62.35938  -57.92441      1.236    1454.19   1024.000   1011.664    -0.7800    -0.7796     0.0005    -0.8187    -0.8183     0.0005   2.849916   2.849946   0.000028    34.5560    34.5559     5.8359    27.7863    27.7862    34.5553    27.7857    1461.71    1461.71    -0.8181  1032.6429    34.7253 0.0000e+00
      34247 315.473113  -62.35938  -57.92439      0.916    1454.19   1025.000   1012.650    -0.7829    -0.7829     0.0000    -0.8216    -0.8216     0.0000   2.849712   2.849708  -0.000002    34.5557    34.5557     5.8460    27.7863    27.7862    34.5551    27.7857    1461.71    1461.71    -0.8210  1032.6477    34.7252 0.0000e+00
      34287 315.473132  -62.35938  -57.92437      0.576    1454.19   1026.000   1013.636    -0.7848    -0.7848     0.0001    -0.8236    -0.8236     0.0001   2.849594   2.849600   0.000004    34.5557    34.5557     5.8498    27.7863    27.7863    34.5552    27.7859    1461.72    1461.72    -0.8229  1032.6526    34.7252 0.0000e+00
      34314 315.473145  -62.35938  -57.92435      0.766    1454.19   1027.000   1014.621    -0.7854    -0.7855    -0.0001    -0.8242    -0.8243    -0.0001   2.849603   2.849586  -0.000011    34.5558    34.5557     5.8609    27.7863    27.7863    34.5554    27.7860    1461.73    1461.73    -0.8236  1032.6574    34.7254 0.0000e+00
      34336 315.473155  -62.35938  -57.92434      0.999    1454.19   1028.000   1015.607    -0.7865    -0.7865     0.0000    -0.8253    -0.8253     0.0000   2.849546   2.849562   0.000002    34.5557    34.5557     5.8630    27.7863    27.7864    34.5553    27.7860    1461.74    1461.75    -0.8247  1032.6621    34.7253 0.0000e+00
      34364 315.473169  -62.35938  -57.92433      0.979    1454.19   1029.000   1016.592    -0.7859    -0.7859    -0.0000    -0.8247    -0.8248    -0.0000   2.849646   2.849642  -0.000001    34.5556    34.5556     5.8681    27.7862    27.7862    34.5553    27.7860    1461.76    1461.76    -0.8241  1032.6668    34.7254 0.0000e+00
      34409 315.473191  -62.35938  -57.92429      0.469    1454.19   1030.000   1017.578    -0.7854    -0.7856    -0.0002    -0.8243    -0.8246    -0.0002   2.849723   2.849708  -0.000014    34.5554    34.5555     5.8716    27.7861    27.7862    34.5552    27.7859    1461.78    1461.78    -0.8237  1032.6714    34.7253 0.0000e+00
      34436 315.473204  -62.35938  -57.92428      0.708    1454.19   1031.000   1018.563    -0.7858    -0.7865    -0.0007    -0.8248    -0.8255    -0.0007   2.849747   2.849677  -0.000063    34.5557    34.5557     5.8659    27.7863    27.7863    34.5555    27.7862    1461.80    1461.80    -0.8242  1032.6763    34.7255 0.0000e+00
      34456 315.473213  -62.35938  -57.92427      1.037    1454.19   1032.000   1019.549    -0.7871    -0.7872    -0.0001    -0.8261    -0.8262    -0.0001   2.849685   2.849666  -0.000022    34.5558    34.5555     5.8626    27.7864    27.7862    34.5555    27.7862    1461.81    1461.81    -0.8255  1032.6811    34.7255 0.0000e+00
      34475 315.473223  -62.35938  -57.92426      1.203    1454.19   1033.000   1020.534    -0.7881    -0.7882    -0.0001    -0.8272    -0.8273    -0.0001   2.849660   2.849640  -0.000018    34.5559    34.5558     5.8675    27.7866    27.7865    34.5557    27.7865    1461.82    1461.82    -0.8265  1032.6860    34.7258 0.0000e+00
      34495 315.473232  -62.35936  -57.92426      1.255    1454.19   1034.000   1021.520    -0.7876    -0.7877    -0.0001    -0.8267    -0.8268    -0.0001   2.849732   2.849712  -0.000026    34.5558    34.5555     5.8609    27.7865    27.7862    34.5555    27.7863    1461.84    1461.84    -0.8261  1032.6905    34.7256 0.0000e+00
      34529 315.473248  -62.35936  -57.92425      0.862    1454.19   1035.000   1022.505    -0.7881    -0.7882    -0.0001    -0.8272    -0.8273    -0.0001   2.849717   2.849705  -0.000012    34.5555    34.5554     5.8654    27.7862    27.7862    34.5553    27.7861    1461.85    1461.85    -0.8266  1032.6950    34.7254 0.0000e+00
      34569 315.473268  -62.35936  -57.92422      0.535    1454.19   1036.000   1023.491    -0.7888    -0.7885     0.0002    -0.8280    -0.8277     0.0002   2.849710   2.849719   0.000008    34.5556    34.5555     5.8651    27.7864    27.7863    34.5554    27.7862    1461.87    1461.87    -0.8273  1032.6999    34.7255 0.0000e+00
      34594 315.473280  -62.35936  -57.92420      0.843    1454.19   1037.000   1024.476    -0.7892    -0.7891     0.0001    -0.8285    -0.8284     0.0001   2.849721   2.849717  -0.000005    34.5557    34.5555     5.8730    27.7864    27.7863    34.5555    27.7863    1461.88    1461.88    -0.8278  1032.7047    34.7256 0.0000e+00
      34616 315.473291  -62.35936  -57.92420      1.021    1454.19   1038.000   1025.462    -0.7894    -0.7893     0.0001    -0.8287    -0.8286     0.0001   2.849753   2.849751  -0.000004    34.5556    34.5555     5.8633    27.7864    27.7863    34.5555    27.7863    1461.90    1461.90    -0.8280  1032.7094    34.7256 0.0000e+00
      34643 315.473303  -62.35936  -57.92418      0.994    1454.19   1039.000   1026.447    -0.7895    -0.7895    -0.0000    -0.8289    -0.8288    -0.0000   2.849781   2.849773  -0.000009    34.5556    34.5554     5.8594    27.7864    27.7863    34.5555    27.7863    1461.91    1461.91    -0.8282  1032.7140    34.7255 0.0000e+00
      34676 315.473319  -62.35936  -57.92416      0.749    1454.19   1040.000   1027.433    -0.7895    -0.7895    -0.0001    -0.8289    -0.8289    -0.0001   2.849827   2.849817  -0.000009    34.5555    34.5555     5.8619    27.7863    27.7863    34.5555    27.7863    1461.93    1461.93    -0.8282  1032.7187    34.7255 0.0000e+00
      34703 315.473332  -62.35936  -57.92415      0.793    1454.19   1041.000   1028.418    -0.7901    -0.7900     0.0000    -0.8295    -0.8295     0.0000   2.849811   2.849796  -0.000013    34.5556    34.5554     5.8714    27.7864    27.7863    34.5553    27.7862    1461.94    1461.94    -0.8289  1032.7233    34.7254 0.0000e+00
      34724 315.473342  -62.35936  -57.92414      1.014    1454.19   1042.000   1029.404    -0.7917    -0.7917 -3.614e-09    -0.8312    -0.8312 -3.614e-09   2.849741   2.849724  -0.000019    34.5558    34.5555     5.8819    27.7867    27.7865    34.5557    27.7866    1461.95    1461.95    -0.8305  1032.7284    34.7257 0.0000e+00
      34743 315.473352  -62.35936  -57.92413      1.165    1454.19   1043.000   1030.389    -0.7930    -0.7926     0.0004    -0.8325    -0.8321     0.0004   2.849662   2.849677   0.000012    34.5557    34.5555     5.8737    27.7867    27.7865    34.5555    27.7865    1461.96    1461.96    -0.8318  1032.7330    34.7255 0.0000e+00
      34768 315.473364  -62.35936  -57.92412      1.103    1454.19   1044.000   1031.374    -0.7931    -0.7932    -0.0000    -0.8327    -0.8327    -0.0000   2.849681   2.849675  -0.000006    34.5555    34.5554     5.8643    27.7865    27.7864    34.5553    27.7863    1461.98    1461.98    -0.8320  1032.7376    34.7254 0.0000e+00
      34809 315.473383  -62.35936  -57.92410      0.609    1454.19   1045.000   1032.360    -0.7942    -0.7941     0.0001    -0.8338    -0.8336     0.0001   2.849609   2.849618   0.000010    34.5553    34.5553     5.8669    27.7863    27.7864    34.5549    27.7861    1461.99    1461.99    -0.8331  1032.7421    34.7250 0.0000e+00
      34841 315.473399  -62.35936  -57.92407      0.656    1454.19   1046.000   1033.345    -0.7985    -0.7986    -0.0001    -0.8381    -0.8382    -0.0001   2.849326   2.849308  -0.000020    34.5557    34.5556     5.8702    27.7869    27.7868    34.5554    27.7867    1461.99    1461.99    -0.8374  1032.7475    34.7255 0.0000e+00
      34862 315.473409  -62.35936  -57.92406      0.948    1454.19   1047.000   1034.331    -0.7991    -0.7988     0.0003    -0.8387    -0.8384     0.0003   2.849313   2.849332   0.000021    34.5557    34.5556     5.8741    27.7869    27.7868    34.5554    27.7867    1462.00    1462.00    -0.8381  1032.7522    34.7255 0.0000e+00
      34884 315.473420  -62.35936  -57.92406      1.117    1454.19   1048.000   1035.316    -0.8002    -0.8001     0.0000    -0.8398    -0.8398     0.0000   2.849246   2.849239  -0.000008    34.5556    34.5554     5.8719    27.7868    27.7867    34.5551    27.7865    1462.01    1462.01    -0.8392  1032.7567    34.7252 0.0000e+00
      34919 315.473437  -62.35934  -57.92403      0.789    1454.19   1049.000   1036.300    -0.8032    -0.8034    -0.0002    -0.8429    -0.8431    -0.0002   2.849020   2.848996  -0.000021    34.5555    34.5554     5.8697    27.7869    27.7868    34.5549    27.7864    1462.01    1462.01    -0.8422  1032.7614    34.7250 0.0000e+00
      34960 315.473456  -62.35934  -57.92401      0.500    1454.19   1050.000   1037.287    -0.8095    -0.8099    -0.0003    -0.8492    -0.8495    -0.0003   2.848531   2.848495  -0.000038    34.5556    34.5556     5.8770    27.7873    27.7872    34.5549    27.7867    1462.00    1462.00    -0.8485  1032.7666    34.7250 0.0000e+00
      34980 315.473466  -62.35934  -57.92400      0.907    1454.19   1051.000   1038.272    -0.8109    -0.8111    -0.0003    -0.8506    -0.8509    -0.0003   2.848485   2.848467  -0.000020    34.5557    34.5557     5.8747    27.7873    27.7874    34.5553    27.7870    1462.01    1462.01    -0.8499  1032.7717    34.7254 0.0000e+00
      35000 315.473475  -62.35934  -57.92400      1.159    1454.19   1052.000   1039.258    -0.8112    -0.8113    -0.0001    -0.8510    -0.8511    -0.0001   2.848499   2.848485  -0.000016    34.5557    34.5556     5.8727    27.7874    27.7873    34.5553    27.7871    1462.03    1462.03    -0.8503  1032.7764    34.7254 0.0000e+00
      35019 315.473485  -62.35934  -57.92400      1.244    1454.19   1053.000   1040.243    -0.8116    -0.8116     0.0000    -0.8514    -0.8514     0.0000   2.848518   2.848505  -0.000012    34.5557    34.5555     5.8740    27.7874    27.7873    34.5554    27.7871    1462.04    1462.04    -0.8507  1032.7812    34.7255 0.0000e+00
      35039 315.473494  -62.35934  -57.92399      1.239    1454.19   1054.000   1041.229    -0.8111    -0.8112    -0.0000    -0.8510    -0.8510    -0.0000   2.848578   2.848574  -0.000005    34.5553    34.5554     5.8888    27.7871    27.7871    34.5551    27.7869    1462.06    1462.06    -0.8503  1032.7856    34.7252 0.0000e+00
      35079 315.473514  -62.35934  -57.92395      0.656    1454.19   1055.000   1042.214    -0.8132    -0.8118     0.0013    -0.8530    -0.8517     0.0013   2.848432   2.848538   0.000101    34.5553    34.5552     5.8845    27.7872    27.7870    34.5549    27.7868    1462.07    1462.07    -0.8524  1032.7902    34.7249 0.0000e+00
      35110 315.473529  -62.35934  -57.92393      0.688    1454.19   1056.000   1043.199    -0.8157    -0.8157     0.0000    -0.8556    -0.8556     0.0000   2.848266   2.848275   0.000011    34.5553    34.5554     5.8897    27.7873    27.7874    34.5549    27.7870    1462.07    1462.07    -0.8549  1032.7951    34.7250 0.0000e+00
      35134 315.473540  -62.35934  -57.92392      0.946    1454.19   1057.000   1044.185    -0.8161    -0.8161    -0.0000    -0.8561    -0.8561    -0.0000   2.848289   2.848279  -0.000006    34.5555    34.5554     5.9010    27.7874    27.7874    34.5551    27.7871    1462.09    1462.09    -0.8554  1032.8000    34.7252 0.0000e+00
      35170 315.473558  -62.35934  -57.92390      0.753    1454.19   1058.000   1045.170    -0.8176    -0.8179    -0.0003    -0.8576    -0.8579    -0.0003   2.848185   2.848157  -0.000028    34.5552    34.5552     5.8838    27.7872    27.7872    34.5549    27.7870    1462.09    1462.09    -0.8569  1032.8046    34.7249 0.0000e+00
      35211 315.473577  -62.35934  -57.92388      0.528    1454.58   1059.000   1046.156    -0.8175    -0.8178    -0.0003    -0.8576    -0.8579    -0.0003   2.848248   2.848213  -0.000034    34.5552    34.5552     5.8948    27.7873    27.7872    34.5550    27.7871    1462.11    1462.11    -0.8569  1032.8094    34.7251 0.0000e+00
      35234 315.473589  -62.35934  -57.92386      0.840    1454.57   1060.000   1047.141    -0.8174    -0.8175    -0.0001    -0.8575    -0.8576    -0.0001   2.848323   2.848307  -0.000019    34.5554    34.5553     5.8889    27.7874    27.7873    34.5553    27.7873    1462.13    1462.13    -0.8568  1032.8143    34.7254 0.0000e+00
      35254 315.473598  -62.35934  -57.92385      1.095    1454.57   1061.000   1048.126    -0.8205    -0.8200     0.0005    -0.8606    -0.8601     0.0004   2.848064   2.848080   0.000028    34.5554    34.5553     5.8835    27.7875    27.7874    34.5547    27.7870    1462.13    1462.13    -0.8599  1032.8188    34.7248 0.0000e+00
      35274 315.473608  -62.35933  -57.92384      1.200    1454.57   1062.000   1049.112    -0.8229    -0.8230    -0.0001    -0.8630    -0.8631    -0.0001   2.847933   2.847917  -0.000023    34.5555    34.5553     5.8903    27.7877    27.7876    34.5551    27.7874    1462.14    1462.14    -0.8623  1032.8239    34.7252 0.0000e+00
      35299 315.473620  -62.35932  -57.92383      1.090    1454.57   1063.000   1050.097    -0.8250    -0.8250     0.0001    -0.8652    -0.8651     0.0001   2.847775   2.847767  -0.000008    34.5554    34.5552     5.8871    27.7877    27.7876    34.5548    27.7873    1462.14    1462.14    -0.8645  1032.8286    34.7249 0.0000e+00
      35335 315.473637  -62.35932  -57.92382      0.654    1454.57   1064.000   1051.083    -0.8286    -0.8286     0.0000    -0.8688    -0.8688     0.0000   2.847493   2.847484  -0.000012    34.5552    34.5550     5.8900    27.7877    27.7876    34.5546    27.7872    1462.14    1462.14    -0.8681  1032.8333    34.7247 0.0000e+00
