Pos-Processados/pos_process41/Dados/doperantar41_021.cnv
* Sea-Bird SBE 9 Data File:
* FileName = C:\Users\Dell\Desktop\OperantarXLI\config\00_BRUTOS\OPE41021.hdr
* Software Version Seasave V 7.26.7.110
* Temperature SN = 6497
* Conductivity SN = 4954
* Number of Bytes Per Scan = 34
* Number of Voltage Words = 3
* Number of Scans Averaged by the Deck Unit = 1
* NMEA Latitude = 62 21.63 S
* NMEA Longitude = 057 56.66 W
* NMEA UTC (Time) = Nov 11 2022 10:57:30
* NMEA baud rate = 4800
** H41
** Navio Polar Almirante Maximiano
** LH-021/2022
** Operantar XLI
** Número da Estação 021
** Latitude 62 21.943S
** Longitude 057 58.115W
** Data/Hora (Z) 11/11/2022  1100Z
** Profundidade local 1900
** 09-1439
** Nome do Operador 1T FILIPE LOPES
# nquan = 30
# nvalues = 1809                        
# units = specified
# name 0 = scan: Scan Count
# name 1 = timeJ: Julian Days
# name 2 = latitude: Latitude [deg]
# name 3 = longitude: Longitude [deg]
# name 4 = dz/dtM: Descent Rate [m/s]
# name 5 = avgsvCM: Average Sound Velocity [Chen-Millero, m/s]
# name 6 = prDM: Pressure, Digiquartz [db]
# name 7 = depSM: Depth [salt water, m]
# name 8 = t090C: Temperature [ITS-90, deg C]
# name 9 = t190C: Temperature, 2 [ITS-90, deg C]
# name 10 = T2-T190C: Temperature Difference, 2 - 1 [ITS-90, deg C]
# name 11 = potemp090C: Potential Temperature [ITS-90, deg C]
# name 12 = potemp190C: Potential Temperature, 2 [ITS-90, deg C]
# name 13 = potemp90Cdiff: Potential Temperature, Diff, 2 - 1 [ITS-90, deg C]
# name 14 = c0S/m: Conductivity [S/m]
# name 15 = c1S/m: Conductivity, 2 [S/m]
# name 16 = C2-C1S/m: Conductivity Difference, 2 - 1 [S/m]
# name 17 = sal00: Salinity, Practical [PSU]
# name 18 = sal11: Salinity, Practical, 2 [PSU]
# name 19 = sbeox0ML/L: Oxygen, SBE 43 [ml/l]
# name 20 = sigma-é00: Density [sigma-theta, kg/m^3]
# name 21 = sigma-é11: Density, 2 [sigma-theta, kg/m^3]
# name 22 = sal00: Salinity, Practical [PSU]
# name 23 = sigma-é00: Density [sigma-theta, kg/m^3]
# name 24 = svCM: Sound Velocity [Chen-Millero, m/s]
# name 25 = svCM1: Sound Velocity, 2 [Chen-Millero, m/s]
# name 26 = gsw_ptA0: potential temperature [ITS-90, deg C]
# name 27 = gsw_densityA0: density, TEOS-10 [density, kg/m^3]
# name 28 = gsw_saA0: Absolute Salinity [g/kg]
# name 29 = flag:
# span 0 =       2348,      67762       
# span 1 = 315.457729, 315.489275       
# span 2 =  -62.36048,  -62.35736       
# span 3 =  -57.94303,  -57.90590       
# span 4 =     -0.261,      1.257       
# span 5 =       0.00,    1459.49       
# span 6 =      2.000,   1810.000       
# span 7 =      1.962,   1784.848       
# span 8 =    -1.4300,     0.5523       
# span 9 =    -1.4304,     0.5520       
# span 10 =    -0.0115,     0.0085      
# span 11 =    -1.5017,     0.5430      
# span 12 =    -1.5021,     0.5427      
# span 13 =    -0.0115,     0.0085      
# span 14 =   2.773664,   2.927336      
# span 15 =   2.773751,   2.927304      
# span 16 =  -0.000980,   0.000732      
# span 17 =    34.3255,    34.5614      
# span 18 =    34.3285,    34.5612      
# span 19 =     5.1159,     7.5457      
# span 20 =    27.5860,    27.8156      
# span 21 =    27.5889,    27.8155      
# span 22 =    34.3235,    34.5613      
# span 23 =    27.5844,    27.8156      
# span 24 =    1445.53,    1471.77      
# span 25 =    1445.52,    1471.77      
# span 26 =    -1.5003,     0.5431      
# span 27 =  1027.5986,  1036.3588      
# span 28 =    34.4893,    34.7326      
# span 29 = 0.0000e+00, 0.0000e+00      
# interval = decibars: 1                
# start_time = Nov 11 2022 10:57:30 [NMEA time, header]
# bad_flag = -9.990e-29
*END*
[from data line 436]
      15274 315.463963  -62.36012  -57.93527      0.899    1450.41    438.000    433.332    -0.7128    -0.7123     0.0005    -0.7272    -0.7267     0.0005   2.826369   2.826406   0.000035    34.5092    34.5092     6.0088    27.7446    27.7445    34.5098    27.7450    1452.31    1452.32    -0.7269  1029.8387    34.6788 0.0000e+00
      15314 315.463982  -62.36012  -57.93525      0.557    1450.41    439.000    434.320    -0.7080    -0.7082    -0.0002    -0.7224    -0.7227    -0.0002   2.826849   2.826817  -0.000030    34.5096    34.5095     6.0018    27.7447    27.7446    34.5101    27.7451    1452.35    1452.35    -0.7221  1029.8434    34.6791 0.0000e+00
      15339 315.463994  -62.36012  -57.93522      0.809    1450.41    440.000    435.308    -0.7076    -0.7082    -0.0006    -0.7221    -0.7227    -0.0006   2.826886   2.826819  -0.000059    34.5096    34.5094     6.0035    27.7447    27.7446    34.5097    27.7447    1452.37    1452.37    -0.7218  1029.8478    34.6787 0.0000e+00
      15361 315.464005  -62.36012  -57.93522      1.024    1450.41    441.000    436.296    -0.7098    -0.7099    -0.0001    -0.7243    -0.7244    -0.0001   2.826787   2.826769  -0.000027    34.5098    34.5096     6.0085    27.7450    27.7448    34.5102    27.7453    1452.38    1452.37    -0.7240  1029.8531    34.6792 0.0000e+00
      15390 315.464019  -62.36012  -57.93520      0.937    1450.41    442.000    437.285    -0.7087    -0.7082     0.0005    -0.7233    -0.7228     0.0005   2.826890   2.826931   0.000041    34.5096    34.5096     5.9984    27.7447    27.7447    34.5097    27.7448    1452.40    1452.40    -0.7230  1029.8574    34.6787 0.0000e+00
      15426 315.464036  -62.36012  -57.93517      0.633    1450.41    443.000    438.273    -0.7090    -0.7092    -0.0002    -0.7236    -0.7238    -0.0002   2.826916   2.826903  -0.000011    34.5096    34.5097     5.9895    27.7447    27.7448    34.5098    27.7449    1452.41    1452.41    -0.7233  1029.8622    34.6788 0.0000e+00
      15452 315.464048  -62.36012  -57.93515      0.814    1450.41    444.000    439.261    -0.7090    -0.7089     0.0000    -0.7236    -0.7236     0.0000   2.826984   2.826976  -0.000011    34.5100    34.5098     5.9981    27.7451    27.7449    34.5101    27.7452    1452.43    1452.43    -0.7233  1029.8672    34.6791 0.0000e+00
      15472 315.464058  -62.36012  -57.93514      1.048    1450.41    445.000    440.250    -0.7101    -0.7100     0.0001    -0.7247    -0.7246     0.0001   2.826942   2.826922  -0.000011    34.5099    34.5097     5.9981    27.7451    27.7449    34.5101    27.7452    1452.44    1452.44    -0.7245  1029.8720    34.6792 0.0000e+00
      15492 315.464068  -62.36012  -57.93514      1.175    1450.41    446.000    441.238    -0.7104    -0.7106    -0.0002    -0.7251    -0.7253    -0.0002   2.826941   2.826911  -0.000036    34.5100    34.5098     5.9976    27.7452    27.7450    34.5099    27.7450    1452.45    1452.45    -0.7248  1029.8766    34.6789 0.0000e+00
      15516 315.464079  -62.36012  -57.93513      1.127    1450.41    447.000    442.226    -0.7108    -0.7105     0.0004    -0.7256    -0.7252     0.0004   2.826955   2.826987   0.000031    34.5098    34.5099     5.9923    27.7450    27.7450    34.5100    27.7451    1452.47    1452.47    -0.7252  1029.8814    34.6790 0.0000e+00
      15546 315.464094  -62.36012  -57.93512      0.855    1450.41    448.000    443.214    -0.7106    -0.7103     0.0002    -0.7254    -0.7251     0.0002   2.827006   2.827017   0.000009    34.5097    34.5096     6.0009    27.7449    27.7448    34.5098    27.7450    1452.49    1452.49    -0.7251  1029.8860    34.6788 0.0000e+00
      15574 315.464107  -62.36012  -57.93511      0.805    1450.41    449.000    444.203    -0.7120    -0.7111     0.0008    -0.7268    -0.7260     0.0008   2.826930   2.826990   0.000059    34.5098    34.5096     6.0013    27.7451    27.7449    34.5097    27.7450    1452.50    1452.50    -0.7265  1029.8908    34.6788 0.0000e+00
      15599 315.464119  -62.36012  -57.93509      0.924    1450.41    450.000    445.191    -0.7134    -0.7147    -0.0013    -0.7282    -0.7295    -0.0013   2.826854   2.826746  -0.000094    34.5097    34.5099     6.0018    27.7450    27.7452    34.5097    27.7451    1452.51    1452.50    -0.7279  1029.8956    34.6788 0.0000e+00
      15627 315.464133  -62.36012  -57.93507      0.921    1450.41    451.000    446.179    -0.7129    -0.7128     0.0002    -0.7278    -0.7277     0.0002   2.826927   2.826956   0.000014    34.5098    34.5098     6.0035    27.7451    27.7451    34.5096    27.7449    1452.52    1452.52    -0.7275  1029.9002    34.6786 0.0000e+00
      15659 315.464148  -62.36012  -57.93503      0.755    1450.41    452.000    447.167    -0.7143    -0.7139     0.0004    -0.7292    -0.7288     0.0004   2.826874   2.826897   0.000032    34.5097    34.5097     6.0013    27.7451    27.7450    34.5098    27.7452    1452.53    1452.54    -0.7289  1029.9052    34.6788 0.0000e+00
      15688 315.464162  -62.36012  -57.93502      0.791    1450.41    453.000    448.156    -0.7152    -0.7151     0.0001    -0.7302    -0.7301     0.0001   2.826826   2.826838   0.000010    34.5098    34.5098     6.0070    27.7452    27.7452    34.5096    27.7450    1452.55    1452.55    -0.7298  1029.9098    34.6786 0.0000e+00
      15712 315.464174  -62.36012  -57.93501      0.938    1450.41    454.000    449.144    -0.7214    -0.7202     0.0012    -0.7363    -0.7351     0.0012   2.826334   2.826417   0.000066    34.5102    34.5097     6.0083    27.7458    27.7453    34.5094    27.7451    1452.53    1452.54    -0.7360  1029.9147    34.6784 0.0000e+00
      15735 315.464185  -62.36012  -57.93500      1.016    1450.41    455.000    450.132    -0.7226    -0.7211     0.0015    -0.7376    -0.7361     0.0015   2.826242   2.826442   0.000192    34.5093    34.5101     6.0039    27.7451    27.7457    34.5089    27.7448    1452.54    1452.55    -0.7373  1029.9192    34.6780 0.0000e+00
      15762 315.464198  -62.36012  -57.93499      0.965    1450.41    456.000    451.120    -0.7293    -0.7267     0.0026    -0.7443    -0.7417     0.0026   2.825712   2.825913   0.000208    34.5101    34.5100     6.0094    27.7461    27.7458    34.5088    27.7450    1452.53    1452.54    -0.7440  1029.9242    34.6778 0.0000e+00
      15790 315.464212  -62.36012  -57.93498      0.838    1450.41    457.000    452.108    -0.7543    -0.7528     0.0015    -0.7692    -0.7678     0.0015   2.823451   2.823561   0.000109    34.5100    34.5098     6.0056    27.7470    27.7467    34.5061    27.7438    1452.42    1452.43    -0.7689  1029.9282    34.6751 0.0000e+00
      15815 315.464223  -62.36012  -57.93497      0.908    1450.41    458.000    453.097    -0.7733    -0.7725     0.0008    -0.7882    -0.7874     0.0008   2.822045   2.822092   0.000069    34.5097    34.5097     6.0179    27.7475    27.7475    34.5081    27.7462    1452.35    1452.36    -0.7879  1029.9356    34.6771 0.0000e+00
      15837 315.464234  -62.36012  -57.93495      1.040    1450.41    459.000    454.085    -0.7732    -0.7750    -0.0019    -0.7881    -0.7900    -0.0019   2.822025   2.821864  -0.000164    34.5093    34.5092     6.0009    27.7472    27.7472    34.5071    27.7454    1452.37    1452.36    -0.7878  1029.9395    34.6761 0.0000e+00
      15861 315.464246  -62.36012  -57.93494      1.044    1450.41    460.000    455.073    -0.7848    -0.7855    -0.0006    -0.7998    -0.8004    -0.0006   2.821056   2.821007  -0.000051    34.5088    34.5088     6.0120    27.7473    27.7473    34.5067    27.7456    1452.33    1452.33    -0.7994  1029.9447    34.6757 0.0000e+00
      15890 315.464260  -62.36012  -57.93493      0.880    1450.41    461.000    456.061    -0.7875    -0.7876    -0.0001    -0.8025    -0.8026    -0.0001   2.820945   2.820915  -0.000015    34.5087    34.5086     6.0291    27.7473    27.7473    34.5076    27.7464    1452.33    1452.34    -0.8021  1029.9502    34.6766 0.0000e+00
      15916 315.464272  -62.36012  -57.93490      0.866    1450.41    462.000    457.049    -0.7815    -0.7818    -0.0003    -0.7965    -0.7968    -0.0003   2.821494   2.821482  -0.000023    34.5087    34.5088     6.0444    27.7470    27.7471    34.5075    27.7461    1452.38    1452.38    -0.7962  1029.9546    34.6766 0.0000e+00
      15940 315.464284  -62.36012  -57.93488      0.977    1450.41    463.000    458.038    -0.7834    -0.7837    -0.0003    -0.7985    -0.7988    -0.0003   2.821397   2.821356  -0.000022    34.5087    34.5087     6.0535    27.7472    27.7472    34.5078    27.7465    1452.39    1452.39    -0.7981  1029.9597    34.6769 0.0000e+00
      15972 315.464299  -62.36012  -57.93486      0.826    1450.41    464.000    459.023    -0.7840    -0.7846    -0.0006    -0.7991    -0.7997    -0.0006   2.821373   2.821331  -0.000050    34.5084    34.5084     6.0514    27.7469    27.7470    34.5076    27.7463    1452.40    1452.40    -0.7987  1029.9643    34.6766 0.0000e+00
      16013 315.464319  -62.36012  -57.93482      0.533    1450.41    465.000    460.019    -0.7829    -0.7827     0.0002    -0.7980    -0.7978     0.0002   2.821549   2.821553   0.000014    34.5085    34.5085     6.0457    27.7470    27.7469    34.5081    27.7466    1452.42    1452.42    -0.7977  1029.9694    34.6771 0.0000e+00
      16038 315.464331  -62.36012  -57.93482      0.799    1450.41    466.000    461.002    -0.7803    -0.7808    -0.0005    -0.7955    -0.7960    -0.0005   2.821812   2.821789  -0.000056    34.5089    34.5087     6.0473    27.7472    27.7471    34.5081    27.7466    1452.45    1452.45    -0.7952  1029.9740    34.6772 0.0000e+00
      16058 315.464341  -62.36012  -57.93480      1.073    1450.41    467.000    461.990    -0.7912    -0.7909     0.0003    -0.8064    -0.8061     0.0003   2.820815   2.820804   0.000029    34.5083    34.5083     6.0457    27.7471    27.7472    34.5065    27.7457    1452.42    1452.42    -0.8060  1029.9780    34.6755 0.0000e+00
      16077 315.464350  -62.36012  -57.93480      1.204    1450.41    468.000    462.979    -0.7947    -0.7959    -0.0013    -0.8098    -0.8111    -0.0013   2.820685   2.820550  -0.000118    34.5085    34.5083     6.0539    27.7474    27.7474    34.5080    27.7471    1452.42    1452.41    -0.8095  1029.9842    34.6771 0.0000e+00
      16098 315.464360  -62.36012  -57.93480      1.205    1450.41    469.000    463.967    -0.7941    -0.7967    -0.0027    -0.8093    -0.8120    -0.0027   2.820738   2.820504  -0.000239    34.5082    34.5080     6.0397    27.7472    27.7472    34.5074    27.7466    1452.44    1452.42    -0.8090  1029.9885    34.6765 0.0000e+00
      16129 315.464375  -62.36012  -57.93479      0.910    1450.41    470.000    464.955    -0.7946    -0.7941     0.0006    -0.8099    -0.8093     0.0006   2.820714   2.820777   0.000046    34.5079    34.5078     6.0377    27.7470    27.7469    34.5071    27.7464    1452.45    1452.45    -0.8095  1029.9930    34.6762 0.0000e+00
      16159 315.464390  -62.36012  -57.93476      0.743    1450.41    471.000    465.943    -0.7978    -0.7984    -0.0006    -0.8131    -0.8137    -0.0006   2.820477   2.820421  -0.000047    34.5077    34.5078     6.0445    27.7470    27.7470    34.5069    27.7464    1452.45    1452.45    -0.8127  1029.9978    34.6760 0.0000e+00
      16183 315.464401  -62.36012  -57.93474      0.918    1450.41    472.000    466.931    -0.8010    -0.8007     0.0003    -0.8163    -0.8160     0.0003   2.820251   2.820274   0.000012    34.5078    34.5076     6.0598    27.7472    27.7470    34.5069    27.7465    1452.45    1452.45    -0.8160  1030.0027    34.6760 0.0000e+00
      16205 315.464412  -62.36012  -57.93472      1.052    1450.41    473.000    467.919    -0.8019    -0.8012     0.0007    -0.8172    -0.8165     0.0007   2.820267   2.820311   0.000047    34.5078    34.5076     6.0541    27.7472    27.7470    34.5076    27.7470    1452.46    1452.47    -0.8169  1030.0080    34.6766 0.0000e+00
      16236 315.464426  -62.36012  -57.93471      0.892    1450.41    474.000    468.907    -0.7987    -0.7992    -0.0005    -0.8141    -0.8146    -0.0005   2.820554   2.820506  -0.000049    34.5075    34.5074     6.0528    27.7469    27.7468    34.5072    27.7466    1452.50    1452.49    -0.8138  1030.0123    34.6763 0.0000e+00
      16278 315.464447  -62.36012  -57.93468      0.519    1450.41    475.000    469.895    -0.8012    -0.8000     0.0013    -0.8167    -0.8154     0.0012   2.820375   2.820471   0.000093    34.5075    34.5073     6.0485    27.7469    27.7467    34.5071    27.7466    1452.50    1452.50    -0.8163  1030.0170    34.6761 0.0000e+00
      16303 315.464459  -62.36012  -57.93466      0.780    1450.41    476.000    470.884    -0.8017    -0.8013     0.0003    -0.8171    -0.8168     0.0003   2.820391   2.820412   0.000026    34.5076    34.5075     6.0535    27.7470    27.7469    34.5072    27.7467    1452.52    1452.52    -0.8168  1030.0219    34.6762 0.0000e+00
      16323 315.464468  -62.36012  -57.93466      1.070    1450.41    477.000    471.872    -0.8021    -0.8023    -0.0002    -0.8176    -0.8178    -0.0002   2.820404   2.820388  -0.000013    34.5075    34.5076     6.0594    27.7470    27.7470    34.5072    27.7468    1452.53    1452.53    -0.8173  1030.0267    34.6763 0.0000e+00
      16342 315.464478  -62.36012  -57.93465      1.202    1450.41    478.000    472.860    -0.8014    -0.8010     0.0004    -0.8169    -0.8165     0.0004   2.820544   2.820563   0.000016    34.5077    34.5075     6.0584    27.7471    27.7469    34.5077    27.7471    1452.55    1452.55    -0.8166  1030.0318    34.6768 0.0000e+00
      16367 315.464490  -62.36012  -57.93464      1.118    1450.41    479.000    473.848    -0.8009    -0.8007     0.0002    -0.8164    -0.8162     0.0002   2.820614   2.820634   0.000021    34.5075    34.5076     6.0565    27.7470    27.7470    34.5074    27.7469    1452.57    1452.57    -0.8161  1030.0363    34.6765 0.0000e+00
      16416 315.464513  -62.36012  -57.93461      0.388    1450.41    480.000    474.836    -0.7998    -0.8001    -0.0003    -0.8155    -0.8157    -0.0002   2.820737   2.820715  -0.000021    34.5074    34.5074     6.0538    27.7468    27.7468    34.5073    27.7467    1452.59    1452.58    -0.8152  1030.0409    34.6764 0.0000e+00
      16442 315.464526  -62.36012  -57.93458      0.706    1450.41    481.000    475.824    -0.7999    -0.7999    -0.0001    -0.8155    -0.8156    -0.0001   2.820809   2.820796  -0.000008    34.5076    34.5076     6.0590    27.7470    27.7470    34.5077    27.7471    1452.61    1452.61    -0.8152  1030.0459    34.6768 0.0000e+00
      16462 315.464536  -62.36012  -57.93457      1.042    1450.41    482.000    476.812    -0.7991    -0.7997    -0.0007    -0.8147    -0.8154    -0.0007   2.820913   2.820856  -0.000065    34.5076    34.5075     6.0605    27.7470    27.7469    34.5076    27.7469    1452.62    1452.62    -0.8144  1030.0506    34.6767 0.0000e+00
      16482 315.464545  -62.36012  -57.93456      1.192    1450.62    483.000    477.800    -0.7997    -0.7997     0.0001    -0.8154    -0.8154     0.0001   2.820912   2.820892  -0.000013    34.5077    34.5075     6.0526    27.7471    27.7469    34.5077    27.7471    1452.64    1452.64    -0.8151  1030.0555    34.6768 0.0000e+00
      16501 315.464554  -62.36012  -57.93456      1.231    1450.64    484.000    478.784    -0.8000    -0.7998     0.0002    -0.8157    -0.8156     0.0002   2.820914   2.820922   0.000007    34.5075    34.5074     6.0531    27.7469    27.7468    34.5075    27.7469    1452.65    1452.65    -0.8154  1030.0600    34.6766 0.0000e+00
