Pos-Processados/pos_process41/Dados/doperantar41_017.cnv
* Sea-Bird SBE 9 Data File:
* FileName = C:\Users\Dell\Desktop\OperantarXLI\config\00_BRUTOS\OPE41017.hdr
* Software Version Seasave V 7.26.7.110
* Temperature SN = 6497
* Conductivity SN = 4954
* Number of Bytes Per Scan = 34
* Number of Voltage Words = 3
* Number of Scans Averaged by the Deck Unit = 1
* NMEA Latitude = 62 13.33 S
* NMEA Longitude = 058 12.09 W
* NMEA UTC (Time) = Nov 09 2022 17:12:58
* NMEA baud rate = 4800
** H41
** Navio Polar Almirante Maximiano
** LH-021/2022
** Operantar XLI
** Número da Estação 017
** Latitude 62 13.278'S
** Longitude 058 12.242'W
** Data/Hora (Z) 09/11/2022 1710Z
** Profundidade local 350 m
** 09-1439
** Nome do Operador CT Garla
# nquan = 30
# nvalues = 450                         
# units = specified
# name 0 = scan: Scan Count
# name 1 = timeJ: Julian Days
# name 2 = latitude: Latitude [deg]
# name 3 = longitude: Longitude [deg]
# name 4 = dz/dtM: Descent Rate [m/s]
# name 5 = avgsvCM: Average Sound Velocity [Chen-Millero, m/s]
# name 6 = prDM: Pressure, Digiquartz [db]
# name 7 = depSM: Depth [salt water, m]
# name 8 = t090C: Temperature [ITS-90, deg C]
# name 9 = t190C: Temperature, 2 [ITS-90, deg C]
# name 10 = T2-T190C: Temperature Difference, 2 - 1 [ITS-90, deg C]
# name 11 = potemp090C: Potential Temperature [ITS-90, deg C]
# name 12 = potemp190C: Potential Temperature, 2 [ITS-90, deg C]
# name 13 = potemp90Cdiff: Potential Temperature, Diff, 2 - 1 [ITS-90, deg C]
# name 14 = c0S/m: Conductivity [S/m]
# name 15 = c1S/m: Conductivity, 2 [S/m]
# name 16 = C2-C1S/m: Conductivity Difference, 2 - 1 [S/m]
# name 17 = sal00: Salinity, Practical [PSU]
# name 18 = sal11: Salinity, Practical, 2 [PSU]
# name 19 = sbeox0ML/L: Oxygen, SBE 43 [ml/l]
# name 20 = sigma-é00: Density [sigma-theta, kg/m^3]
# name 21 = sigma-é11: Density, 2 [sigma-theta, kg/m^3]
# name 22 = sal00: Salinity, Practical [PSU]
# name 23 = sigma-é00: Density [sigma-theta, kg/m^3]
# name 24 = svCM: Sound Velocity [Chen-Millero, m/s]
# name 25 = svCM1: Sound Velocity, 2 [Chen-Millero, m/s]
# name 26 = gsw_ptA0: potential temperature [ITS-90, deg C]
# name 27 = gsw_densityA0: density, TEOS-10 [density, kg/m^3]
# name 28 = gsw_saA0: Absolute Salinity [g/kg]
# name 29 = flag:
# span 0 =       2288,      16359       
# span 1 = 313.718441, 313.725227       
# span 2 =  -62.22288,  -62.22247       
# span 3 =  -58.20056,  -58.19273       
# span 4 =      0.028,      1.248       
# span 5 =      -0.01,    1451.72       
# span 6 =      1.000,    450.000       
# span 7 =      0.995,    445.188       
# span 8 =    -0.2747,     0.1004       
# span 9 =    -0.2745,     0.1020       
# span 10 =    -0.0105,     0.0078      
# span 11 =    -0.2911,     0.0848      
# span 12 =    -0.2909,     0.0863      
# span 13 =    -0.0105,     0.0077      
# span 14 =   2.830909,   2.890011      
# span 15 =   2.830962,   2.890197      
# span 16 =  -0.000876,   0.000607      
# span 17 =    34.1852,    34.4626      
# span 18 =    34.1858,    34.4632      
# span 19 =     5.6855,     7.4952      
# span 20 =    27.4555,    27.6867      
# span 21 =    27.4558,    27.6869      
# span 22 =    34.1845,    34.4637      
# span 23 =    27.4550,    27.6863      
# span 24 =    1447.50,    1455.39      
# span 25 =    1447.49,    1455.40      
# span 26 =    -0.2908,     0.0849      
# span 27 =  1027.4650,  1029.8304      
# span 28 =    34.3466,    34.6323      
# span 29 = 0.0000e+00, 0.0000e+00      
# interval = decibars: 1                
# start_time = Nov 09 2022 17:12:58 [NMEA time, header]
# bad_flag = -9.990e-29
*END*
[from data line 436]
      15556 313.724839  -62.22284  -58.19326      1.060    1451.48    437.000    432.348    -0.2215    -0.2207     0.0008    -0.2376    -0.2369     0.0007   2.864057   2.864148   0.000074    34.4590    34.4592     5.9480    27.6816    27.6816    34.4591    27.6816    1454.51    1454.52    -0.2374  1029.7638    34.6278 0.0000e+00
      15581 313.724851  -62.22284  -58.19324      1.046    1451.48    438.000    433.336    -0.2288    -0.2283     0.0006    -0.2450    -0.2444     0.0006   2.863461   2.863497   0.000038    34.4597    34.4596     5.9454    27.6825    27.6824    34.4588    27.6817    1454.50    1454.50    -0.2447  1029.7688    34.6275 0.0000e+00
      15614 313.724868  -62.22284  -58.19321      0.779    1451.48    439.000    434.325    -0.2330    -0.2320     0.0010    -0.2492    -0.2482     0.0010   2.863241   2.863324   0.000079    34.4602    34.4601     5.9389    27.6831    27.6830    34.4600    27.6829    1454.50    1454.50    -0.2490  1029.7748    34.6287 0.0000e+00
      15651 313.724885  -62.22284  -58.19319      0.642    1451.48    440.000    435.313    -0.2352    -0.2344     0.0007    -0.2514    -0.2506     0.0007   2.863068   2.863142   0.000081    34.4599    34.4601     5.9392    27.6829    27.6831    34.4595    27.6826    1454.50    1454.51    -0.2512  1029.7792    34.6282 0.0000e+00
      15692 313.724905  -62.22284  -58.19316      0.589    1451.48    441.000    436.300    -0.2416    -0.2389     0.0027    -0.2578    -0.2552     0.0027   2.862565   2.862738   0.000184    34.4604    34.4598     5.9428    27.6836    27.6830    34.4595    27.6830    1454.49    1454.50    -0.2576  1029.7844    34.6282 0.0000e+00
      15745 313.724930  -62.22284  -58.19314      0.472    1451.48    442.000    437.286    -0.2398    -0.2429    -0.0032    -0.2560    -0.2592    -0.0032   2.862789   2.862599  -0.000194    34.4599    34.4608     5.9455    27.6831    27.6841    34.4598    27.6831    1454.51    1454.50    -0.2558  1029.7892    34.6285 0.0000e+00
      15862 313.724987  -62.22284  -58.19305      0.155    1451.55    443.000    438.280    -0.2407    -0.2409    -0.0002    -0.2570    -0.2572    -0.0002   2.862766   2.862793   0.000036    34.4602    34.4609     5.9474    27.6834    27.6840    34.4599    27.6832    1454.53    1454.53    -0.2568  1029.7941    34.6286 0.0000e+00
      15931 313.725020  -62.22284  -58.19301      0.393    1451.72    444.000    439.266    -0.2429    -0.2441    -0.0012    -0.2593    -0.2604    -0.0011   2.862664   2.862587  -0.000074    34.4606    34.4610     5.9435    27.6839    27.6842    34.4605    27.6838    1454.53    1454.53    -0.2590  1029.7995    34.6292 0.0000e+00
      15984 313.725046  -62.22283  -58.19297      0.458    1451.72    445.000    440.254    -0.2431    -0.2429     0.0001    -0.2594    -0.2593     0.0001   2.862694   2.862721   0.000025    34.4605    34.4608     5.9459    27.6839    27.6840    34.4604    27.6838    1454.55    1454.55    -0.2592  1029.8041    34.6291 0.0000e+00
      16039 313.725072  -62.22282  -58.19293      0.427    1451.72    446.000    441.239    -0.2502    -0.2493     0.0010    -0.2666    -0.2657     0.0010   2.862119   2.862206   0.000093    34.4608    34.4610     5.9495    27.6844    27.6845    34.4603    27.6840    1454.53    1454.54    -0.2664  1029.8092    34.6290 0.0000e+00
      16118 313.725111  -62.22282  -58.19289      0.286    1451.72    447.000    442.232    -0.2713    -0.2690     0.0023    -0.2877    -0.2854     0.0023   2.860412   2.860644   0.000220    34.4620    34.4624     5.9487    27.6865    27.6866    34.4607    27.6854    1454.45    1454.46    -0.2874  1029.8156    34.6295 0.0000e+00
      16189 313.725145  -62.22282  -58.19284      0.353    1451.72    448.000    443.217    -0.2747    -0.2745     0.0002    -0.2911    -0.2909     0.0002   2.860242   2.860274   0.000037    34.4621    34.4624     5.9604    27.6867    27.6869    34.4617    27.6863    1454.45    1454.45    -0.2908  1029.8213    34.6304 0.0000e+00
      16248 313.725173  -62.22282  -58.19280      0.413    1451.72    449.000    444.210    -0.2690    -0.2661     0.0029    -0.2854    -0.2826     0.0028   2.860729   2.860967   0.000232    34.4613    34.4612     5.9672    27.6858    27.6855    34.4611    27.6855    1454.50    1454.51    -0.2852  1029.8252    34.6298 0.0000e+00
      16359 313.725227  -62.22282  -58.19273      0.105    1451.72    450.000    445.188    -0.2734    -0.2731     0.0004    -0.2899    -0.2895     0.0004   2.860411   2.860449   0.000037    34.4616    34.4617     5.9624    27.6862    27.6863    34.4613    27.6860    1454.49    1454.49    -0.2897  1029.8304    34.6300 0.0000e+00
