Pos-Processados/pos_process41/Dados/doperantar41_017.cnv
* Sea-Bird SBE 9 Data File:
* FileName = C:\Users\Dell\Desktop\OperantarXLI\config\00_BRUTOS\OPE41017.hdr
* Software Version Seasave V 7.26.7.110
* Temperature SN = 6497
* Conductivity SN = 4954
* Number of Bytes Per Scan = 34
* Number of Voltage Words = 3
* Number of Scans Averaged by the Deck Unit = 1
* NMEA Latitude = 62 13.33 S
* NMEA Longitude = 058 12.09 W
* NMEA UTC (Time) = Nov 09 2022 17:12:58
* NMEA baud rate = 4800
** H41
** Navio Polar Almirante Maximiano
** LH-021/2022
** Operantar XLI
** Número da Estação 017
** Latitude 62 13.278'S
** Longitude 058 12.242'W
** Data/Hora (Z) 09/11/2022 1710Z
** Profundidade local 350 m
** 09-1439
** Nome do Operador CT Garla
# nquan = 30
# nvalues = 450                         
# units = specified
# name 0 = scan: Scan Count
# name 1 = timeJ: Julian Days
# name 2 = latitude: Latitude [deg]
# name 3 = longitude: Longitude [deg]
# name 4 = dz/dtM: Descent Rate [m/s]
# name 5 = avgsvCM: Average Sound Velocity [Chen-Millero, m/s]
# name 6 = prDM: Pressure, Digiquartz [db]
# name 7 = depSM: Depth [salt water, m]
# name 8 = t090C: Temperature [ITS-90, deg C]
# name 9 = t190C: Temperature, 2 [ITS-90, deg C]
# name 10 = T2-T190C: Temperature Difference, 2 - 1 [ITS-90, deg C]
# name 11 = potemp090C: Potential Temperature [ITS-90, deg C]
# name 12 = potemp190C: Potential Temperature, 2 [ITS-90, deg C]
# name 13 = potemp90Cdiff: Potential Temperature, Diff, 2 - 1 [ITS-90, deg C]
# name 14 = c0S/m: Conductivity [S/m]
# name 15 = c1S/m: Conductivity, 2 [S/m]
# name 16 = C2-C1S/m: Conductivity Difference, 2 - 1 [S/m]
# name 17 = sal00: Salinity, Practical [PSU]
# name 18 = sal11: Salinity, Practical, 2 [PSU]
# name 19 = sbeox0ML/L: Oxygen, SBE 43 [ml/l]
# name 20 = sigma-é00: Density [sigma-theta, kg/m^3]
# name 21 = sigma-é11: Density, 2 [sigma-theta, kg/m^3]
# name 22 = sal00: Salinity, Practical [PSU]
# name 23 = sigma-é00: Density [sigma-theta, kg/m^3]
# name 24 = svCM: Sound Velocity [Chen-Millero, m/s]
# name 25 = svCM1: Sound Velocity, 2 [Chen-Millero, m/s]
# name 26 = gsw_ptA0: potential temperature [ITS-90, deg C]
# name 27 = gsw_densityA0: density, TEOS-10 [density, kg/m^3]
# name 28 = gsw_saA0: Absolute Salinity [g/kg]
# name 29 = flag:
# span 0 =       2288,      16359       
# span 1 = 313.718441, 313.725227       
# span 2 =  -62.22288,  -62.22247       
# span 3 =  -58.20056,  -58.19273       
# span 4 =      0.028,      1.248       
# span 5 =      -0.01,    1451.72       
# span 6 =      1.000,    450.000       
# span 7 =      0.995,    445.188       
# span 8 =    -0.2747,     0.1004       
# span 9 =    -0.2745,     0.1020       
# span 10 =    -0.0105,     0.0078      
# span 11 =    -0.2911,     0.0848      
# span 12 =    -0.2909,     0.0863      
# span 13 =    -0.0105,     0.0077      
# span 14 =   2.830909,   2.890011      
# span 15 =   2.830962,   2.890197      
# span 16 =  -0.000876,   0.000607      
# span 17 =    34.1852,    34.4626      
# span 18 =    34.1858,    34.4632      
# span 19 =     5.6855,     7.4952      
# span 20 =    27.4555,    27.6867      
# span 21 =    27.4558,    27.6869      
# span 22 =    34.1845,    34.4637      
# span 23 =    27.4550,    27.6863      
# span 24 =    1447.50,    1455.39      
# span 25 =    1447.49,    1455.40      
# span 26 =    -0.2908,     0.0849      
# span 27 =  1027.4650,  1029.8304      
# span 28 =    34.3466,    34.6323      
# span 29 = 0.0000e+00, 0.0000e+00      
# interval = decibars: 1                
# start_time = Nov 09 2022 17:12:58 [NMEA time, header]
# bad_flag = -9.990e-29
*END*
[from data line 291]
      10165 313.722240  -62.22286  -58.19651      0.966 -9.990e-29    292.000    288.993     0.0500     0.0496    -0.0004     0.0389     0.0385    -0.0004   2.879421   2.879422  -0.000015    34.4437    34.4440     5.8514    27.6551    27.6553    34.4443    27.6556    1453.38    1453.37     0.0391  1029.0484    34.6126 0.0000e+00
      10191 313.722252  -62.22286  -58.19650      0.946 -9.990e-29    293.000    289.982     0.0525     0.0539     0.0014     0.0414     0.0428     0.0014   2.879765   2.879914   0.000155    34.4442    34.4447     5.8345    27.6554    27.6557    34.4453    27.6563    1453.41    1453.41     0.0416  1029.0538    34.6136 0.0000e+00
      10217 313.722265  -62.22286  -58.19649      0.922    1450.20    294.000    290.971     0.0551     0.0555     0.0004     0.0440     0.0444     0.0004   2.880019   2.880094   0.000072    34.4444    34.4449     5.8145    27.6554    27.6558    34.4452    27.6560    1453.43    1453.44     0.0441  1029.0583    34.6135 0.0000e+00
      10242 313.722277  -62.22286  -58.19648      0.939    1450.21    295.000    291.960     0.0567     0.0589     0.0022     0.0456     0.0477     0.0022   2.880236   2.880452   0.000221    34.4449    34.4454     5.8141    27.6558    27.6560    34.4456    27.6563    1453.46    1453.47     0.0457  1029.0633    34.6140 0.0000e+00
      10265 313.722288  -62.22286  -58.19647      1.010    1450.21    296.000    292.948     0.0574     0.0582     0.0008     0.0462     0.0470     0.0008   2.880328   2.880413   0.000089    34.4450    34.4452     5.8107    27.6557    27.6559    34.4455    27.6562    1453.48    1453.48     0.0463  1029.0679    34.6138 0.0000e+00
      10286 313.722298  -62.22286  -58.19645      1.085    1450.21    297.000    293.938     0.0566     0.0569     0.0002     0.0454     0.0456     0.0002   2.880286   2.880318   0.000027    34.4449    34.4451     5.8030    27.6557    27.6558    34.4452    27.6560    1453.49    1453.49     0.0455  1029.0725    34.6135 0.0000e+00
      10309 313.722309  -62.22286  -58.19644      1.094    1450.21    298.000    294.926     0.0568     0.0567    -0.0001     0.0455     0.0454    -0.0001   2.880366   2.880377   0.000008    34.4450    34.4452     5.7980    27.6558    27.6560    34.4455    27.6562    1453.51    1453.51     0.0456  1029.0774    34.6138 0.0000e+00
      10335 313.722322  -62.22286  -58.19642      0.984    1450.21    299.000    295.915     0.0563     0.0570     0.0007     0.0449     0.0456     0.0007   2.880317   2.880412   0.000103    34.4445    34.4450     5.8008    27.6555    27.6558    34.4448    27.6557    1453.52    1453.53     0.0451  1029.0817    34.6132 0.0000e+00
      10368 313.722338  -62.22286  -58.19641      0.759    1450.21    300.000    296.904     0.0576     0.0577     0.0001     0.0462     0.0463     0.0001   2.880507   2.880546   0.000039    34.4448    34.4452     5.7968    27.6556    27.6559    34.4452    27.6559    1453.54    1453.54     0.0463  1029.0866    34.6136 0.0000e+00
      10400 313.722353  -62.22286  -58.19638      0.724    1450.21    301.000    297.893     0.0588     0.0589     0.0001     0.0473     0.0475     0.0001   2.880676   2.880716   0.000044    34.4451    34.4456     5.7979    27.6558    27.6561    34.4456    27.6562    1453.57    1453.57     0.0475  1029.0916    34.6139 0.0000e+00
      10426 313.722365  -62.22286  -58.19638      0.871    1450.21    302.000    298.883     0.0600     0.0591    -0.0008     0.0485     0.0477    -0.0008   2.880821   2.880771  -0.000053    34.4454    34.4456     5.8074    27.6559    27.6561    34.4455    27.6561    1453.59    1453.58     0.0486  1029.0962    34.6139 0.0000e+00
      10451 313.722378  -62.22286  -58.19636      0.946    1450.21    303.000    299.871     0.0582     0.0584     0.0002     0.0467     0.0468     0.0002   2.880695   2.880735   0.000040    34.4451    34.4454     5.8029    27.6558    27.6561    34.4453    27.6560    1453.60    1453.60     0.0468  1029.1009    34.6136 0.0000e+00
      10478 313.722391  -62.22286  -58.19634      0.904    1450.21    304.000    300.860     0.0595     0.0598     0.0003     0.0479     0.0482     0.0003   2.880869   2.880922   0.000053    34.4453    34.4457     5.7979    27.6559    27.6562    34.4455    27.6561    1453.62    1453.62     0.0481  1029.1057    34.6139 0.0000e+00
      10506 313.722404  -62.22286  -58.19633      0.877    1450.21    305.000    301.849     0.0574     0.0577     0.0003     0.0458     0.0461     0.0003   2.880706   2.880747   0.000044    34.4451    34.4453     5.7948    27.6558    27.6560    34.4451    27.6559    1453.63    1453.63     0.0459  1029.1102    34.6135 0.0000e+00
      10532 313.722416  -62.22286  -58.19631      0.907    1450.21    306.000    302.838     0.0586     0.0575    -0.0011     0.0469     0.0458    -0.0011   2.880902   2.880815  -0.000081    34.4454    34.4456     5.7975    27.6561    27.6562    34.4458    27.6564    1453.65    1453.64     0.0471  1029.1155    34.6142 0.0000e+00
      10558 313.722429  -62.22286  -58.19629      0.914    1450.21    307.000    303.827     0.0589     0.0587    -0.0003     0.0473     0.0470    -0.0003   2.880947   2.880956   0.000002    34.4453    34.4456     5.8052    27.6559    27.6562    34.4454    27.6560    1453.67    1453.66     0.0474  1029.1199    34.6137 0.0000e+00
      10585 313.722442  -62.22286  -58.19628      0.903    1450.21    308.000    304.816     0.0593     0.0590    -0.0003     0.0476     0.0473    -0.0003   2.881027   2.881010  -0.000004    34.4453    34.4456     5.8071    27.6559    27.6562    34.4454    27.6560    1453.68    1453.68     0.0477  1029.1246    34.6138 0.0000e+00
      10611 313.722455  -62.22286  -58.19626      0.906    1450.21    309.000    305.804     0.0586     0.0582    -0.0004     0.0468     0.0464    -0.0004   2.880999   2.881007  -0.000009    34.4452    34.4456     5.8045    27.6559    27.6562    34.4452    27.6559    1453.69    1453.70     0.0470  1029.1292    34.6136 0.0000e+00
      10638 313.722468  -62.22286  -58.19626      0.905    1450.21    310.000    306.794     0.0580     0.0581     0.0001     0.0461     0.0463     0.0001   2.880976   2.881003   0.000032    34.4450    34.4452     5.8049    27.6558    27.6560    34.4451    27.6558    1453.71    1453.71     0.0463  1029.1339    34.6134 0.0000e+00
      10666 313.722481  -62.22288  -58.19624      0.876    1450.21    311.000    307.783     0.0579     0.0583     0.0004     0.0461     0.0465     0.0004   2.881012   2.881088   0.000067    34.4450    34.4454     5.8057    27.6558    27.6561    34.4450    27.6557    1453.73    1453.73     0.0462  1029.1385    34.6133 0.0000e+00
      10693 313.722494  -62.22288  -58.19622      0.869    1450.21    312.000    308.772     0.0573     0.0574     0.0000     0.0455     0.0455     0.0000   2.881012   2.881034   0.000030    34.4449    34.4453     5.8009    27.6557    27.6560    34.4450    27.6558    1453.74    1453.74     0.0456  1029.1434    34.6134 0.0000e+00
      10722 313.722508  -62.22288  -58.19621      0.847    1450.21    313.000    309.760     0.0573     0.0569    -0.0004     0.0454     0.0450    -0.0004   2.881040   2.881022  -0.000020    34.4449    34.4451     5.7960    27.6557    27.6559    34.4449    27.6557    1453.75    1453.75     0.0455  1029.1479    34.6132 0.0000e+00
      10753 313.722523  -62.22288  -58.19619      0.791    1450.21    314.000    310.749     0.0573     0.0575     0.0002     0.0453     0.0455     0.0002   2.881079   2.881159   0.000058    34.4447    34.4452     5.8025    27.6556    27.6560    34.4448    27.6557    1453.77    1453.77     0.0455  1029.1527    34.6132 0.0000e+00
      10782 313.722537  -62.22288  -58.19616      0.800    1450.21    315.000    311.738     0.0627     0.0615    -0.0012     0.0507     0.0495    -0.0012   2.881674   2.881579  -0.000073    34.4454    34.4458     5.8014    27.6559    27.6562    34.4460    27.6563    1453.81    1453.81     0.0508  1029.1580    34.6143 0.0000e+00
      10809 313.722550  -62.22288  -58.19616      0.875    1450.21    316.000    312.727     0.0639     0.0632    -0.0007     0.0519     0.0511    -0.0007   2.881860   2.881844  -0.000047    34.4458    34.4459     5.8040    27.6561    27.6563    34.4465    27.6566    1453.84    1453.83     0.0520  1029.1630    34.6148 0.0000e+00
      10835 313.722563  -62.22288  -58.19614      0.912    1450.21    317.000    313.716     0.0750     0.0780     0.0030     0.0628     0.0659     0.0030   2.883051   2.883363   0.000325    34.4479    34.4488     5.8010    27.6572    27.6578    34.4492    27.6583    1453.91    1453.92     0.0630  1029.1693    34.6176 0.0000e+00
      10865 313.722577  -62.22288  -58.19613      0.847    1450.21    318.000    314.705     0.0786     0.0788     0.0002     0.0664     0.0666     0.0002   2.883388   2.883413   0.000037    34.4484    34.4486     5.7951    27.6574    27.6576    34.4490    27.6580    1453.94    1453.94     0.0665  1029.1736    34.6174 0.0000e+00
      10894 313.722591  -62.22288  -58.19611      0.790    1450.21    319.000    315.693     0.0786     0.0783    -0.0003     0.0663     0.0660    -0.0003   2.883411   2.883420   0.000009    34.4483    34.4488     5.7876    27.6574    27.6577    34.4487    27.6577    1453.96    1453.96     0.0665  1029.1781    34.6171 0.0000e+00
      10920 313.722604  -62.22288  -58.19609      0.873    1450.21    320.000    316.682     0.0778     0.0756    -0.0022     0.0655     0.0633    -0.0022   2.883411   2.883227  -0.000180    34.4485    34.4486     5.7749    27.6576    27.6578    34.4490    27.6580    1453.97    1453.96     0.0657  1029.1831    34.6174 0.0000e+00
      10943 313.722615  -62.22288  -58.19608      0.999    1450.21    321.000    317.672     0.0792     0.0794     0.0002     0.0668     0.0671     0.0002   2.883623   2.883668   0.000045    34.4490    34.4493     5.7677    27.6579    27.6582    34.4497    27.6584    1453.99    1453.99     0.0670  1029.1883    34.6181 0.0000e+00
      10967 313.722626  -62.22288  -58.19607      1.034    1450.21    322.000    318.660     0.0830     0.0827    -0.0003     0.0706     0.0704    -0.0003   2.884036   2.884029  -0.000004    34.4495    34.4498     5.7682    27.6581    27.6583    34.4502    27.6587    1454.03    1454.03     0.0708  1029.1933    34.6186 0.0000e+00
      10997 313.722641  -62.22288  -58.19606      0.869    1450.21    323.000    319.649     0.0833     0.0827    -0.0006     0.0709     0.0703    -0.0006   2.884077   2.884048  -0.000030    34.4494    34.4496     5.7601    27.6580    27.6582    34.4498    27.6584    1454.04    1454.04     0.0710  1029.1976    34.6182 0.0000e+00
      11033 313.722658  -62.22288  -58.19603      0.673    1450.21    324.000    320.638     0.0828     0.0834     0.0006     0.0704     0.0709     0.0006   2.884074   2.884151   0.000076    34.4495    34.4499     5.7687    27.6581    27.6584    34.4498    27.6583    1454.06    1454.06     0.0705  1029.2023    34.6181 0.0000e+00
      11065 313.722674  -62.22288  -58.19601      0.718    1450.21    325.000    321.627     0.0806     0.0801    -0.0005     0.0681     0.0676    -0.0005   2.883900   2.883847  -0.000041    34.4493    34.4493     5.7634    27.6581    27.6581    34.4493    27.6581    1454.07    1454.06     0.0683  1029.2069    34.6177 0.0000e+00
      11092 313.722687  -62.22288  -58.19600      0.850    1450.21    326.000    322.616     0.0808     0.0809     0.0001     0.0682     0.0684     0.0001   2.883978   2.884046   0.000042    34.4493    34.4497     5.7558    27.6581    27.6584    34.4496    27.6583    1454.08    1454.08     0.0684  1029.2118    34.6180 0.0000e+00
      11117 313.722699  -62.22288  -58.19598      0.929    1450.21    327.000    323.605     0.0796     0.0801     0.0005     0.0671     0.0675     0.0005   2.883881   2.883948   0.000074    34.4492    34.4496     5.7604    27.6581    27.6584    34.4490    27.6579    1454.09    1454.09     0.0672  1029.2161    34.6174 0.0000e+00
      11144 313.722712  -62.22288  -58.19598      0.925    1450.21    328.000    324.593     0.0802     0.0798    -0.0004     0.0676     0.0672    -0.0004   2.884061   2.884030  -0.000025    34.4496    34.4496     5.7627    27.6583    27.6584    34.4501    27.6588    1454.11    1454.11     0.0677  1029.2218    34.6185 0.0000e+00
      11173 313.722726  -62.22288  -58.19595      0.847    1450.21    329.000    325.582     0.0834     0.0836     0.0002     0.0707     0.0709     0.0002   2.884377   2.884415   0.000031    34.4498    34.4500     5.7637    27.6583    27.6585    34.4501    27.6586    1454.14    1454.14     0.0709  1029.2263    34.6185 0.0000e+00
      11202 313.722740  -62.22288  -58.19593      0.818    1450.21    330.000    326.571     0.0845     0.0835    -0.0010     0.0718     0.0708    -0.0010   2.884532   2.884432  -0.000077    34.4499    34.4500     5.7599    27.6583    27.6585    34.4503    27.6587    1454.16    1454.16     0.0720  1029.2311    34.6187 0.0000e+00
      11227 313.722752  -62.22288  -58.19591      0.898    1450.21    331.000    327.560     0.0839     0.0831    -0.0008     0.0712     0.0703    -0.0008   2.884471   2.884434  -0.000064    34.4498    34.4499     5.7647    27.6583    27.6585    34.4496    27.6581    1454.18    1454.17     0.0713  1029.2353    34.6180 0.0000e+00
      11250 313.722763  -62.22288  -58.19590      0.994    1450.21    332.000    328.548     0.0814     0.0817     0.0003     0.0686     0.0689     0.0003   2.884266   2.884330   0.000055    34.4492    34.4496     5.7618    27.6580    27.6583    34.4491    27.6579    1454.18    1454.18     0.0688  1029.2398    34.6175 0.0000e+00
      11276 313.722775  -62.22288  -58.19590      0.986    1450.21    333.000    329.538     0.0814     0.0812    -0.0002     0.0686     0.0684    -0.0002   2.884322   2.884321   0.000007    34.4491    34.4494     5.7579    27.6579    27.6581    34.4493    27.6580    1454.20    1454.20     0.0687  1029.2446    34.6177 0.0000e+00
      11306 313.722790  -62.22288  -58.19589      0.838    1450.21    334.000    330.526     0.0817     0.0822     0.0004     0.0689     0.0693     0.0005   2.884393   2.884470   0.000069    34.4492    34.4496     5.7597    27.6579    27.6582    34.4492    27.6580    1454.22    1454.22     0.0690  1029.2493    34.6176 0.0000e+00
      11338 313.722805  -62.22288  -58.19586      0.755    1450.21    335.000    331.515     0.0793     0.0799     0.0005     0.0664     0.0670     0.0005   2.884196   2.884257   0.000077    34.4487    34.4491     5.7654    27.6577    27.6580    34.4487    27.6577    1454.22    1454.22     0.0666  1029.2537    34.6171 0.0000e+00
      11367 313.722819  -62.22288  -58.19583      0.804    1450.21    336.000    332.504     0.0865     0.0854    -0.0011     0.0735     0.0724    -0.0011   2.885040   2.884960  -0.000086    34.4504    34.4506     5.7596    27.6587    27.6589    34.4512    27.6593    1454.27    1454.27     0.0737  1029.2601    34.6196 0.0000e+00
      11394 313.722832  -62.22288  -58.19582      0.866    1450.21    337.000    333.492     0.0887     0.0885    -0.0002     0.0758     0.0755    -0.0002   2.885270   2.885287   0.000017    34.4507    34.4512     5.7642    27.6588    27.6592    34.4511    27.6591    1454.30    1454.30     0.0759  1029.2646    34.6195 0.0000e+00
      11423 313.722846  -62.22288  -58.19581      0.856    1450.21    338.000    334.482     0.0881     0.0878    -0.0003     0.0751     0.0748    -0.0003   2.885235   2.885236  -0.000006    34.4506    34.4509     5.7718    27.6588    27.6590    34.4507    27.6589    1454.31    1454.31     0.0752  1029.2691    34.6192 0.0000e+00
