Pos-Processados/pos_process41/Dados/doperantar41_021.cnv
* Sea-Bird SBE 9 Data File:
* FileName = C:\Users\Dell\Desktop\OperantarXLI\config\00_BRUTOS\OPE41021.hdr
* Software Version Seasave V 7.26.7.110
* Temperature SN = 6497
* Conductivity SN = 4954
* Number of Bytes Per Scan = 34
* Number of Voltage Words = 3
* Number of Scans Averaged by the Deck Unit = 1
* NMEA Latitude = 62 21.63 S
* NMEA Longitude = 057 56.66 W
* NMEA UTC (Time) = Nov 11 2022 10:57:30
* NMEA baud rate = 4800
** H41
** Navio Polar Almirante Maximiano
** LH-021/2022
** Operantar XLI
** Número da Estação 021
** Latitude 62 21.943S
** Longitude 057 58.115W
** Data/Hora (Z) 11/11/2022  1100Z
** Profundidade local 1900
** 09-1439
** Nome do Operador 1T FILIPE LOPES
# nquan = 30
# nvalues = 1809                        
# units = specified
# name 0 = scan: Scan Count
# name 1 = timeJ: Julian Days
# name 2 = latitude: Latitude [deg]
# name 3 = longitude: Longitude [deg]
# name 4 = dz/dtM: Descent Rate [m/s]
# name 5 = avgsvCM: Average Sound Velocity [Chen-Millero, m/s]
# name 6 = prDM: Pressure, Digiquartz [db]
# name 7 = depSM: Depth [salt water, m]
# name 8 = t090C: Temperature [ITS-90, deg C]
# name 9 = t190C: Temperature, 2 [ITS-90, deg C]
# name 10 = T2-T190C: Temperature Difference, 2 - 1 [ITS-90, deg C]
# name 11 = potemp090C: Potential Temperature [ITS-90, deg C]
# name 12 = potemp190C: Potential Temperature, 2 [ITS-90, deg C]
# name 13 = potemp90Cdiff: Potential Temperature, Diff, 2 - 1 [ITS-90, deg C]
# name 14 = c0S/m: Conductivity [S/m]
# name 15 = c1S/m: Conductivity, 2 [S/m]
# name 16 = C2-C1S/m: Conductivity Difference, 2 - 1 [S/m]
# name 17 = sal00: Salinity, Practical [PSU]
# name 18 = sal11: Salinity, Practical, 2 [PSU]
# name 19 = sbeox0ML/L: Oxygen, SBE 43 [ml/l]
# name 20 = sigma-é00: Density [sigma-theta, kg/m^3]
# name 21 = sigma-é11: Density, 2 [sigma-theta, kg/m^3]
# name 22 = sal00: Salinity, Practical [PSU]
# name 23 = sigma-é00: Density [sigma-theta, kg/m^3]
# name 24 = svCM: Sound Velocity [Chen-Millero, m/s]
# name 25 = svCM1: Sound Velocity, 2 [Chen-Millero, m/s]
# name 26 = gsw_ptA0: potential temperature [ITS-90, deg C]
# name 27 = gsw_densityA0: density, TEOS-10 [density, kg/m^3]
# name 28 = gsw_saA0: Absolute Salinity [g/kg]
# name 29 = flag:
# span 0 =       2348,      67762       
# span 1 = 315.457729, 315.489275       
# span 2 =  -62.36048,  -62.35736       
# span 3 =  -57.94303,  -57.90590       
# span 4 =     -0.261,      1.257       
# span 5 =       0.00,    1459.49       
# span 6 =      2.000,   1810.000       
# span 7 =      1.962,   1784.848       
# span 8 =    -1.4300,     0.5523       
# span 9 =    -1.4304,     0.5520       
# span 10 =    -0.0115,     0.0085      
# span 11 =    -1.5017,     0.5430      
# span 12 =    -1.5021,     0.5427      
# span 13 =    -0.0115,     0.0085      
# span 14 =   2.773664,   2.927336      
# span 15 =   2.773751,   2.927304      
# span 16 =  -0.000980,   0.000732      
# span 17 =    34.3255,    34.5614      
# span 18 =    34.3285,    34.5612      
# span 19 =     5.1159,     7.5457      
# span 20 =    27.5860,    27.8156      
# span 21 =    27.5889,    27.8155      
# span 22 =    34.3235,    34.5613      
# span 23 =    27.5844,    27.8156      
# span 24 =    1445.53,    1471.77      
# span 25 =    1445.52,    1471.77      
# span 26 =    -1.5003,     0.5431      
# span 27 =  1027.5986,  1036.3588      
# span 28 =    34.4893,    34.7326      
# span 29 = 0.0000e+00, 0.0000e+00      
# interval = decibars: 1                
# start_time = Nov 11 2022 10:57:30 [NMEA time, header]
# bad_flag = -9.990e-29
*END*
[from data line 1112]
      37038 315.474458  -62.35922  -57.92278      1.012    1454.87   1114.000   1100.340    -0.9199    -0.9199     0.0000    -0.9617    -0.9616     0.0000   2.841885   2.841881  -0.000004    34.5539    34.5538     5.9872    27.7904    27.7903    34.5536    27.7901    1462.54    1462.54    -0.9609  1033.0733    34.7237 0.0000e+00
      37082 315.474480  -62.35921  -57.92276      0.586    1454.87   1115.000   1101.331    -0.9207    -0.9207    -0.0000    -0.9625    -0.9625    -0.0000   2.841851   2.841848  -0.000004    34.5537    34.5537     5.9859    27.7903    27.7902    34.5535    27.7901    1462.55    1462.55    -0.9617  1033.0780    34.7236 0.0000e+00
      37130 315.474503  -62.35920  -57.92273      0.473    1454.87   1116.000   1102.315    -0.9211    -0.9210     0.0001    -0.9629    -0.9628     0.0001   2.841867   2.841876   0.000004    34.5538    34.5537     5.9880    27.7903    27.7903    34.5536    27.7902    1462.57    1462.57    -0.9622  1033.0828    34.7237 0.0000e+00
      37153 315.474514  -62.35920  -57.92270      0.841    1454.87   1117.000   1103.300    -0.9221    -0.9219     0.0002    -0.9639    -0.9637     0.0002   2.841836   2.841844   0.000014    34.5538    34.5538     5.9832    27.7904    27.7904    34.5537    27.7903    1462.58    1462.58    -0.9632  1033.0876    34.7239 0.0000e+00
      37174 315.474524  -62.35920  -57.92270      1.087    1454.87   1118.000   1104.285    -0.9224    -0.9222     0.0001    -0.9642    -0.9642     0.0001   2.841860   2.841861 -3.499e-07    34.5539    34.5538     5.9817    27.7905    27.7904    34.5538    27.7904    1462.60    1462.60    -0.9635  1033.0924    34.7239 0.0000e+00
      37198 315.474535  -62.35920  -57.92269      1.095    1454.87   1119.000   1105.267    -0.9229    -0.9229    -0.0000    -0.9649    -0.9649    -0.0000   2.841847   2.841843  -0.000005    34.5538    34.5537     5.9826    27.7904    27.7904    34.5536    27.7902    1462.61    1462.61    -0.9641  1033.0970    34.7238 0.0000e+00
      37264 315.474567  -62.35920  -57.92263      0.215    1454.87   1120.000   1106.256    -0.9234    -0.9236    -0.0001    -0.9654    -0.9655    -0.0001   2.841829   2.841820  -0.000009    34.5536    34.5536     5.9818    27.7902    27.7903    34.5534    27.7901    1462.62    1462.62    -0.9646  1033.1015    34.7235 0.0000e+00
      37299 315.474584  -62.35920  -57.92262      0.643    1454.87   1121.000   1107.240    -0.9251    -0.9250     0.0001    -0.9671    -0.9670     0.0001   2.841749   2.841741  -0.000008    34.5538    34.5536     5.9900    27.7905    27.7903    34.5536    27.7903    1462.63    1462.63    -0.9664  1033.1065    34.7238 0.0000e+00
      37328 315.474598  -62.35920  -57.92260      0.825    1454.87   1122.000   1108.225    -0.9259    -0.9259    -0.0000    -0.9679    -0.9679    -0.0000   2.841725   2.841714  -0.000010    34.5537    34.5536     5.9902    27.7905    27.7904    34.5536    27.7904    1462.65    1462.65    -0.9672  1033.1112    34.7238 0.0000e+00
      37366 315.474616  -62.35920  -57.92258      0.649    1454.87   1123.000   1109.210    -0.9256    -0.9259    -0.0002    -0.9678    -0.9680    -0.0002   2.841788   2.841764  -0.000023    34.5537    34.5536     6.0041    27.7905    27.7904    34.5536    27.7904    1462.66    1462.66    -0.9670  1033.1159    34.7238 0.0000e+00
      37398 315.474632  -62.35920  -57.92256      0.702    1454.87   1124.000   1110.196    -0.9258    -0.9258    -0.0001    -0.9680    -0.9680    -0.0001   2.841818   2.841803  -0.000015    34.5537    34.5536     5.9867    27.7905    27.7904    34.5536    27.7904    1462.68    1462.68    -0.9672  1033.1206    34.7238 0.0000e+00
      37427 315.474646  -62.35918  -57.92256      0.814    1454.87   1125.000   1111.181    -0.9266    -0.9263     0.0003    -0.9688    -0.9685     0.0003   2.841784   2.841801   0.000016    34.5538    34.5536     5.9909    27.7906    27.7904    34.5535    27.7904    1462.69    1462.69    -0.9681  1033.1253    34.7237 0.0000e+00
      37453 315.474658  -62.35918  -57.92253      0.892    1454.87   1126.000   1112.166    -0.9300    -0.9300    -0.0000    -0.9722    -0.9722    -0.0000   2.841552   2.841540  -0.000014    34.5540    34.5539     5.9954    27.7909    27.7908    34.5536    27.7906    1462.69    1462.69    -0.9715  1033.1303    34.7238 0.0000e+00
      37481 315.474672  -62.35918  -57.92252      0.889    1454.87   1127.000   1113.151    -0.9330    -0.9329     0.0001    -0.9753    -0.9751     0.0001   2.841346   2.841355   0.000010    34.5541    34.5540     5.9909    27.7910    27.7910    34.5537    27.7908    1462.69    1462.70    -0.9745  1033.1353    34.7239 0.0000e+00
      37527 315.474694  -62.35918  -57.92249      0.539    1454.87   1128.000   1114.135    -0.9344    -0.9347    -0.0003    -0.9767    -0.9770    -0.0003   2.841250   2.841236  -0.000014    34.5538    34.5539     5.9909    27.7909    27.7910    34.5534    27.7906    1462.70    1462.70    -0.9759  1033.1398    34.7236 0.0000e+00
      37576 315.474718  -62.35918  -57.92245      0.463    1454.87   1129.000   1115.121    -0.9356    -0.9356    -0.0000    -0.9779    -0.9779    -0.0000   2.841224   2.841210  -0.000014    34.5540    34.5539     5.9981    27.7911    27.7910    34.5538    27.7909    1462.71    1462.72    -0.9771  1033.1449    34.7240 0.0000e+00
      37601 315.474730  -62.35918  -57.92244      0.801    1454.87   1130.000   1116.106    -0.9360    -0.9362    -0.0002    -0.9784    -0.9786    -0.0002   2.841231   2.841197  -0.000038    34.5541    34.5539     5.9943    27.7912    27.7910    34.5538    27.7910    1462.73    1462.73    -0.9776  1033.1496    34.7240 0.0000e+00
      37622 315.474740  -62.35918  -57.92243      1.046    1454.87   1131.000   1117.091    -0.9371    -0.9370     0.0001    -0.9795    -0.9793     0.0001   2.841169   2.841177   0.000007    34.5539    34.5539     5.9955    27.7911    27.7911    34.5536    27.7908    1462.74    1462.74    -0.9787  1033.1542    34.7238 0.0000e+00
      37651 315.474754  -62.35918  -57.92242      0.948    1454.87   1132.000   1118.076    -0.9389    -0.9388     0.0001    -0.9813    -0.9812     0.0000   2.841055   2.841062   0.000008    34.5538    34.5538     5.9936    27.7911    27.7911    34.5535    27.7908    1462.75    1462.75    -0.9805  1033.1589    34.7237 0.0000e+00
      37703 315.474779  -62.35916  -57.92239      0.356    1454.87   1133.000   1119.061    -0.9410    -0.9412    -0.0001    -0.9834    -0.9836    -0.0001   2.840910   2.840889  -0.000021    34.5537    34.5536     5.9901    27.7911    27.7910    34.5534    27.7908    1462.76    1462.76    -0.9827  1033.1637    34.7236 0.0000e+00
      37733 315.474794  -62.35916  -57.92236      0.694    1454.87   1134.000   1120.046    -0.9422    -0.9423    -0.0001    -0.9847    -0.9848    -0.0001   2.840865   2.840853  -0.000017    34.5539    34.5538     5.9959    27.7913    27.7912    34.5536    27.7911    1462.77    1462.77    -0.9839  1033.1686    34.7238 0.0000e+00
      37758 315.474806  -62.35916  -57.92234      0.910    1454.87   1135.000   1121.031    -0.9426    -0.9423     0.0002    -0.9851    -0.9848     0.0002   2.840891   2.840911   0.000017    34.5539    34.5539     5.9982    27.7913    27.7913    34.5538    27.7912    1462.78    1462.78    -0.9843  1033.1734    34.7240 0.0000e+00
      37783 315.474818  -62.35916  -57.92234      0.963    1454.87   1136.000   1122.016    -0.9424    -0.9427    -0.0003    -0.9850    -0.9852    -0.0003   2.840936   2.840896  -0.000031    34.5538    34.5537     5.9989    27.7913    27.7912    34.5536    27.7910    1462.80    1462.80    -0.9842  1033.1780    34.7238 0.0000e+00
      37820 315.474835  -62.35916  -57.92233      0.734    1454.87   1137.000   1123.001    -0.9445    -0.9448    -0.0003    -0.9871    -0.9874    -0.0002   2.840786   2.840753  -0.000033    34.5536    34.5535     6.0110    27.7912    27.7911    34.5534    27.7910    1462.81    1462.80    -0.9863  1033.1827    34.7236 0.0000e+00
      37866 315.474858  -62.35916  -57.92229      0.455    1454.87   1138.000   1123.986    -0.9447    -0.9449    -0.0002    -0.9873    -0.9875    -0.0002   2.840827   2.840799  -0.000027    34.5537    34.5536     6.0011    27.7912    27.7912    34.5536    27.7911    1462.82    1462.82    -0.9866  1033.1875    34.7238 0.0000e+00
      37893 315.474871  -62.35916  -57.92227      0.758    1454.87   1139.000   1124.971    -0.9453    -0.9452     0.0001    -0.9880    -0.9879     0.0001   2.840828   2.840811  -0.000019    34.5539    34.5535     5.9992    27.7914    27.7911    34.5537    27.7913    1462.83    1462.84    -0.9872  1033.1923    34.7239 0.0000e+00
      37917 315.474882  -62.35916  -57.92226      0.970    1454.87   1140.000   1125.956    -0.9455    -0.9453     0.0002    -0.9882    -0.9881     0.0002   2.840839   2.840856   0.000009    34.5537    34.5537     6.0140    27.7913    27.7912    34.5535    27.7911    1462.85    1462.85    -0.9875  1033.1962    34.7229 0.0000e+00
      37950 315.474898 -9.990e-29  -57.92224      0.813    1454.87   1141.000   1126.941    -0.9471    -0.9465     0.0006    -0.9898    -0.9893     0.0006   2.840745   2.840792   0.000046    34.5537    34.5537     6.0055    27.7913    27.7913    34.5534    27.7911    1462.86    1462.86    -0.9891  1033.1959    34.7164 0.0000e+00
      37987 315.474916 -9.990e-29  -57.92222      0.605    1454.87   1142.000   1127.926    -0.9485    -0.9485    -0.0000    -0.9913    -0.9913    -0.0000   2.840683   2.840680  -0.000002    34.5538    34.5538     6.0126    27.7915    27.7915    34.5537    27.7914    1462.87    1462.87    -0.9905  1033.2008    34.7166 0.0000e+00
      38016 315.474930  -62.35914  -57.92221      0.794    1454.87   1143.000   1128.911    -0.9487    -0.9488    -0.0001    -0.9915    -0.9916    -0.0001   2.840716   2.840702  -0.000014    34.5538    34.5538     6.0098    27.7915    27.7914    34.5537    27.7914    1462.89    1462.89    -0.9908  1033.2059    34.7172 0.0000e+00
      38044 315.474944  -62.35914  -57.92220      0.862    1454.87   1144.000   1129.896    -0.9496    -0.9497    -0.0001    -0.9925    -0.9925    -0.0000   2.840672   2.840660  -0.000014    34.5538    34.5537     6.0064    27.7915    27.7914    34.5536    27.7914    1462.90    1462.90    -0.9917  1033.2159    34.7237 0.0000e+00
      38080 315.474961  -62.35914  -57.92217      0.707    1455.06   1145.000   1130.881    -0.9510    -0.9509     0.0001    -0.9940    -0.9939     0.0001   2.840581   2.840581   0.000003    34.5536    34.5536     6.0140    27.7914    27.7914    34.5534    27.7913    1462.91    1462.91    -0.9932  1033.2206    34.7236 0.0000e+00
      38118 315.474979  -62.35914  -57.92214      0.612    1455.17   1146.000   1131.866    -0.9512    -0.9518    -0.0006    -0.9942    -0.9947    -0.0006   2.840621   2.840571  -0.000052    34.5537    34.5537     6.0086    27.7915    27.7915    34.5536    27.7914    1462.93    1462.92    -0.9934  1033.2254    34.7238 0.0000e+00
      38149 315.474994  -62.35914  -57.92213      0.736    1455.17   1147.000   1132.851    -0.9558    -0.9556     0.0002    -0.9988    -0.9985     0.0002   2.840262   2.840273   0.000013    34.5539    34.5538     6.0121    27.7918    27.7918    34.5533    27.7914    1462.92    1462.92    -0.9980  1033.2302    34.7236 0.0000e+00
      38177 315.475008  -62.35914  -57.92212      0.838    1455.17   1148.000   1133.836    -0.9563    -0.9565    -0.0002    -0.9993    -0.9995    -0.0002   2.840284   2.840276  -0.000011    34.5538    34.5539     6.0149    27.7918    27.7919    34.5536    27.7916    1462.93    1462.93    -0.9985  1033.2352    34.7238 0.0000e+00
      38218 315.475028  -62.35914  -57.92210      0.638    1455.17   1149.000   1134.818    -0.9584    -0.9584     0.0000    -1.0015    -1.0015     0.0000   2.840123   2.840118  -0.000004    34.5537    34.5536     6.0133    27.7918    27.7917    34.5533    27.7915    1462.94    1462.94    -1.0007  1033.2398    34.7236 0.0000e+00
      38281 315.475058  -62.35914  -57.92206      0.306    1455.17   1150.000   1135.813    -0.9597    -0.9596     0.0001    -1.0028    -1.0027     0.0001   2.840066   2.840068   0.000003    34.5537    34.5535     6.0163    27.7918    27.7917    34.5535    27.7916    1462.95    1462.95    -1.0020  1033.2447    34.7237 0.0000e+00
      38309 315.475071  -62.35914  -57.92204      0.704    1455.17   1151.000   1136.791    -0.9603    -0.9600     0.0002    -1.0034    -1.0032     0.0002   2.840087   2.840089   0.000002    34.5539    34.5537     6.0298    27.7920    27.7918    34.5538    27.7919    1462.96    1462.97    -1.0026  1033.2496    34.7240 0.0000e+00
      38333 315.475083  -62.35914  -57.92204      0.966    1455.17   1152.000   1137.776    -0.9605    -0.9605    -0.0000    -1.0037    -1.0037    -0.0000   2.840102   2.840090  -0.000010    34.5538    34.5537     6.0377    27.7920    27.7919    34.5537    27.7918    1462.98    1462.98    -1.0029  1033.2542    34.7239 0.0000e+00
      38373 315.475102  -62.35912  -57.92201      0.669    1455.17   1153.000   1138.759    -0.9605    -0.9606    -0.0001    -1.0037    -1.0038    -0.0001   2.840129   2.840119  -0.000009    34.5536    34.5536     6.0212    27.7917    27.7917    34.5534    27.7916    1463.00    1463.00    -1.0029  1033.2587    34.7237 0.0000e+00
      38414 315.475122  -62.35913  -57.92198      0.550    1455.17   1154.000   1139.746    -0.9609    -0.9607     0.0001    -1.0042    -1.0040     0.0001   2.840151   2.840151  -0.000001    34.5538    34.5536     6.0152    27.7919    27.7918    34.5536    27.7918    1463.01    1463.01    -1.0034  1033.2636    34.7239 0.0000e+00
      38439 315.475134 -9.990e-29  -57.92197      0.847    1455.17   1155.000   1140.731    -0.9615    -0.9612     0.0002    -1.0048    -1.0045     0.0002   2.840167   2.840158  -0.000007    34.5539    34.5536     6.0147    27.7921    27.7918    34.5539    27.7921    1463.03    1463.03    -1.0040  1033.2628    34.7169 0.0000e+00
      38465 315.475147 -9.990e-29  -57.92195      0.951    1455.17   1156.000   1141.716    -0.9611    -0.9611    -0.0001    -1.0044    -1.0044    -0.0000   2.840230   2.840216  -0.000015    34.5538    34.5536     6.0134    27.7920    27.7919    34.5537    27.7919    1463.04    1463.04    -1.0036  1033.2672    34.7166 0.0000e+00
      38504 315.475165 -9.990e-29  -57.92194      0.650    1455.17   1157.000   1142.700    -0.9617    -0.9616     0.0001    -1.0051    -1.0050     0.0001   2.840197   2.840210   0.000012    34.5535    34.5535     6.0245    27.7918    27.7918    34.5534    27.7917    1463.06    1463.06    -1.0043  1033.2717    34.7163 0.0000e+00
      38541 315.475183  -62.35912  -57.92192      0.612    1455.17   1158.000   1143.685    -0.9617    -0.9615     0.0002    -1.0052    -1.0050     0.0002   2.840256   2.840260   0.000006    34.5537    34.5536     6.0164    27.7919    27.7918    34.5537    27.7919    1463.08    1463.08    -1.0044  1033.2820    34.7234 0.0000e+00
      38569 315.475197  -62.35912  -57.92191      0.800    1455.17   1159.000   1144.670    -0.9624    -0.9625    -0.0001    -1.0059    -1.0060    -0.0001   2.840235   2.840221  -0.000015    34.5536    34.5535     6.0206    27.7919    27.7918    34.5536    27.7918    1463.09    1463.09    -1.0051  1033.2870    34.7238 0.0000e+00
      38598 315.475211  -62.35912  -57.92190      0.848    1455.17   1160.000   1145.655    -0.9625    -0.9627    -0.0002    -1.0061    -1.0062    -0.0002   2.840267   2.840244  -0.000023    34.5536    34.5535     6.0240    27.7919    27.7918    34.5535    27.7918    1463.10    1463.10    -1.0053  1033.2917    34.7238 0.0000e+00
      38633 315.475228  -62.35912  -57.92187      0.730    1455.17   1161.000   1146.639    -0.9630    -0.9631    -0.0001    -1.0066    -1.0067    -0.0001   2.840255   2.840249  -0.000006    34.5535    34.5535     6.0248    27.7918    27.7918    34.5533    27.7917    1463.12    1463.12    -1.0058  1033.2963    34.7236 0.0000e+00
