Pos-Processados/pos_process41/Dados/doperantar41_017.cnv
* Sea-Bird SBE 9 Data File:
* FileName = C:\Users\Dell\Desktop\OperantarXLI\config\00_BRUTOS\OPE41017.hdr
* Software Version Seasave V 7.26.7.110
* Temperature SN = 6497
* Conductivity SN = 4954
* Number of Bytes Per Scan = 34
* Number of Voltage Words = 3
* Number of Scans Averaged by the Deck Unit = 1
* NMEA Latitude = 62 13.33 S
* NMEA Longitude = 058 12.09 W
* NMEA UTC (Time) = Nov 09 2022 17:12:58
* NMEA baud rate = 4800
** H41
** Navio Polar Almirante Maximiano
** LH-021/2022
** Operantar XLI
** Número da Estação 017
** Latitude 62 13.278'S
** Longitude 058 12.242'W
** Data/Hora (Z) 09/11/2022 1710Z
** Profundidade local 350 m
** 09-1439
** Nome do Operador CT Garla
# nquan = 30
# nvalues = 450                         
# units = specified
# name 0 = scan: Scan Count
# name 1 = timeJ: Julian Days
# name 2 = latitude: Latitude [deg]
# name 3 = longitude: Longitude [deg]
# name 4 = dz/dtM: Descent Rate [m/s]
# name 5 = avgsvCM: Average Sound Velocity [Chen-Millero, m/s]
# name 6 = prDM: Pressure, Digiquartz [db]
# name 7 = depSM: Depth [salt water, m]
# name 8 = t090C: Temperature [ITS-90, deg C]
# name 9 = t190C: Temperature, 2 [ITS-90, deg C]
# name 10 = T2-T190C: Temperature Difference, 2 - 1 [ITS-90, deg C]
# name 11 = potemp090C: Potential Temperature [ITS-90, deg C]
# name 12 = potemp190C: Potential Temperature, 2 [ITS-90, deg C]
# name 13 = potemp90Cdiff: Potential Temperature, Diff, 2 - 1 [ITS-90, deg C]
# name 14 = c0S/m: Conductivity [S/m]
# name 15 = c1S/m: Conductivity, 2 [S/m]
# name 16 = C2-C1S/m: Conductivity Difference, 2 - 1 [S/m]
# name 17 = sal00: Salinity, Practical [PSU]
# name 18 = sal11: Salinity, Practical, 2 [PSU]
# name 19 = sbeox0ML/L: Oxygen, SBE 43 [ml/l]
# name 20 = sigma-é00: Density [sigma-theta, kg/m^3]
# name 21 = sigma-é11: Density, 2 [sigma-theta, kg/m^3]
# name 22 = sal00: Salinity, Practical [PSU]
# name 23 = sigma-é00: Density [sigma-theta, kg/m^3]
# name 24 = svCM: Sound Velocity [Chen-Millero, m/s]
# name 25 = svCM1: Sound Velocity, 2 [Chen-Millero, m/s]
# name 26 = gsw_ptA0: potential temperature [ITS-90, deg C]
# name 27 = gsw_densityA0: density, TEOS-10 [density, kg/m^3]
# name 28 = gsw_saA0: Absolute Salinity [g/kg]
# name 29 = flag:
# span 0 =       2288,      16359       
# span 1 = 313.718441, 313.725227       
# span 2 =  -62.22288,  -62.22247       
# span 3 =  -58.20056,  -58.19273       
# span 4 =      0.028,      1.248       
# span 5 =      -0.01,    1451.72       
# span 6 =      1.000,    450.000       
# span 7 =      0.995,    445.188       
# span 8 =    -0.2747,     0.1004       
# span 9 =    -0.2745,     0.1020       
# span 10 =    -0.0105,     0.0078      
# span 11 =    -0.2911,     0.0848      
# span 12 =    -0.2909,     0.0863      
# span 13 =    -0.0105,     0.0077      
# span 14 =   2.830909,   2.890011      
# span 15 =   2.830962,   2.890197      
# span 16 =  -0.000876,   0.000607      
# span 17 =    34.1852,    34.4626      
# span 18 =    34.1858,    34.4632      
# span 19 =     5.6855,     7.4952      
# span 20 =    27.4555,    27.6867      
# span 21 =    27.4558,    27.6869      
# span 22 =    34.1845,    34.4637      
# span 23 =    27.4550,    27.6863      
# span 24 =    1447.50,    1455.39      
# span 25 =    1447.49,    1455.40      
# span 26 =    -0.2908,     0.0849      
# span 27 =  1027.4650,  1029.8304      
# span 28 =    34.3466,    34.6323      
# span 29 = 0.0000e+00, 0.0000e+00      
# interval = decibars: 1                
# start_time = Nov 09 2022 17:12:58 [NMEA time, header]
# bad_flag = -9.990e-29
*END*
[from data line 242]
       8889 313.721624  -62.22282  -58.19724      1.006    1449.61    243.000    240.526    -0.0593    -0.0602    -0.0008    -0.0682    -0.0690    -0.0008   2.864971   2.864918  -0.000059    34.4044    34.4045     6.1025    27.6289    27.6291    34.4052    27.6296    1452.02    1452.02    -0.0680  1028.7911    34.5731 0.0000e+00
       8912 313.721635  -62.22282  -58.19722      1.043    1449.61    244.000    241.515    -0.0566    -0.0562     0.0004    -0.0655    -0.0651     0.0004   2.865296   2.865366   0.000080    34.4047    34.4052     6.0980    27.6290    27.6295    34.4058    27.6300    1452.05    1452.05    -0.0654  1028.7962    34.5738 0.0000e+00
       8935 313.721646  -62.22282  -58.19720      1.061    1449.61    245.000    242.504    -0.0563    -0.0559     0.0004    -0.0653    -0.0649     0.0004   2.865391   2.865452   0.000055    34.4055    34.4058     6.0904    27.6297    27.6299    34.4061    27.6302    1452.07    1452.07    -0.0651  1028.8012    34.5741 0.0000e+00
       8960 313.721658  -62.22282  -58.19718      1.010    1449.61    246.000    243.494    -0.0526    -0.0522     0.0004    -0.0616    -0.0612     0.0004   2.865799   2.865864   0.000060    34.4061    34.4065     6.0860    27.6300    27.6303    34.4067    27.6305    1452.10    1452.11    -0.0614  1028.8062    34.5747 0.0000e+00
       8991 313.721673  -62.22282  -58.19717      0.831    1449.61    247.000    244.482    -0.0529    -0.0530    -0.0001    -0.0620    -0.0620    -0.0001   2.865874   2.865888   0.000019    34.4070    34.4074     6.0879    27.6308    27.6310    34.4075    27.6312    1452.12    1452.12    -0.0618  1028.8116    34.5755 0.0000e+00
       9024 313.721690  -62.22282  -58.19716      0.700    1449.61    248.000    245.472    -0.0533    -0.0534    -0.0001    -0.0624    -0.0625    -0.0001   2.865923   2.865942   0.000018    34.4077    34.4080     6.0826    27.6313    27.6316    34.4080    27.6316    1452.14    1452.13    -0.0622  1028.8168    34.5760 0.0000e+00
       9051 313.721702  -62.22282  -58.19714      0.819    1449.61    249.000    246.461    -0.0541    -0.0540     0.0002    -0.0632    -0.0631     0.0002   2.865905   2.865939   0.000036    34.4078    34.4081     6.0779    27.6315    27.6317    34.4081    27.6316    1452.15    1452.15    -0.0631  1028.8216    34.5760 0.0000e+00
       9073 313.721713  -62.22282  -58.19714      0.993    1449.61    250.000    247.450    -0.0540    -0.0544    -0.0004    -0.0631    -0.0635    -0.0004   2.865977   2.865954  -0.000025    34.4080    34.4081     6.0738    27.6316    27.6317    34.4082    27.6318    1452.17    1452.16    -0.0630  1028.8265    34.5762 0.0000e+00
       9094 313.721723  -62.22282  -58.19713      1.115    1449.61    251.000    248.439    -0.0548    -0.0548    -0.0000    -0.0639    -0.0639    -0.0000   2.865968   2.865977   0.000009    34.4082    34.4083     6.0669    27.6318    27.6319    34.4084    27.6320    1452.18    1452.18    -0.0638  1028.8314    34.5764 0.0000e+00
       9116 313.721734  -62.22282  -58.19711      1.120    1449.61    252.000    249.429    -0.0547    -0.0548    -0.0001    -0.0639    -0.0640    -0.0001   2.866011   2.866033   0.000021    34.4081    34.4084     6.0676    27.6317    27.6320    34.4083    27.6319    1452.19    1452.19    -0.0638  1028.8361    34.5763 0.0000e+00
       9142 313.721746  -62.22282  -58.19709      0.998    1449.61    253.000    250.418    -0.0545    -0.0542     0.0003    -0.0637    -0.0635     0.0003   2.866086   2.866125   0.000038    34.4082    34.4085     6.0661    27.6318    27.6320    34.4085    27.6320    1452.21    1452.21    -0.0636  1028.8409    34.5764 0.0000e+00
       9171 313.721760  -62.22282  -58.19708      0.850    1449.61    254.000    251.407    -0.0540    -0.0541    -0.0000    -0.0633    -0.0634    -0.0000   2.866180   2.866191   0.000012    34.4084    34.4086     6.0710    27.6320    27.6321    34.4086    27.6321    1452.23    1452.23    -0.0632  1028.8458    34.5766 0.0000e+00
       9198 313.721773  -62.22282  -58.19706      0.859    1449.61    255.000    252.396    -0.0546    -0.0546     0.0000    -0.0639    -0.0639     0.0000   2.866309   2.866313   0.000011    34.4097    34.4098     6.0734    27.6330    27.6331    34.4103    27.6335    1452.25    1452.25    -0.0638  1028.8520    34.5783 0.0000e+00
       9221 313.721784  -62.22282  -58.19704      0.968    1449.61    256.000    253.385    -0.0459    -0.0459 -4.390e-08    -0.0553    -0.0553 -4.390e-08   2.867306   2.867361   0.000041    34.4121    34.4126     6.0711    27.6345    27.6349    34.4131    27.6353    1452.31    1452.31    -0.0551  1028.8584    34.5812 0.0000e+00
       9244 313.721795  -62.22284  -58.19704      1.053    1449.61    257.000    254.374    -0.0402    -0.0411    -0.0009    -0.0496    -0.0505    -0.0009   2.867974   2.867928  -0.000057    34.4136    34.4138     6.0757    27.6354    27.6356    34.4150    27.6366    1452.35    1452.35    -0.0495  1028.8644    34.5831 0.0000e+00
       9269 313.721807  -62.22284  -58.19702      1.009    1449.61    258.000    255.364    -0.0255    -0.0252     0.0004    -0.0350    -0.0347     0.0004   2.869634   2.869669   0.000048    34.4177    34.4179     6.0662    27.6380    27.6381    34.4199    27.6398    1452.44    1452.44    -0.0349  1028.8722    34.5880 0.0000e+00
       9298 313.721821  -62.22284  -58.19702      0.870    1449.61    259.000    256.353    -0.0194    -0.0206    -0.0011    -0.0290    -0.0301    -0.0011   2.870231   2.870113  -0.000113    34.4192    34.4190     6.0577    27.6389    27.6388    34.4204    27.6398    1452.49    1452.48    -0.0288  1028.8769    34.5885 0.0000e+00
       9329 313.721836  -62.22282  -58.19699      0.782    1449.61    260.000    257.342    -0.0170    -0.0172    -0.0002    -0.0266    -0.0268    -0.0002   2.870538   2.870547   0.000008    34.4199    34.4202     6.0383    27.6393    27.6396    34.4211    27.6403    1452.52    1452.51    -0.0265  1028.8821    34.5892 0.0000e+00
       9358 313.721851  -62.22282  -58.19698      0.795    1449.61    261.000    258.331    -0.0140    -0.0143    -0.0002    -0.0237    -0.0239    -0.0002   2.870892   2.870890  -0.000002    34.4208    34.4210     6.0043    27.6398    27.6401    34.4219    27.6408    1452.55    1452.55    -0.0235  1028.8873    34.5900 0.0000e+00
       9385 313.721864  -62.22283  -58.19697      0.860    1449.61    262.000    259.321    -0.0043    -0.0064    -0.0021    -0.0141    -0.0161    -0.0021   2.872076   2.871894  -0.000177    34.4231    34.4231     5.9836    27.6413    27.6414    34.4261    27.6436    1452.61    1452.60    -0.0139  1028.8948    34.5942 0.0000e+00
       9411 313.721876  -62.22284  -58.19694      0.927    1449.61    263.000    260.309     0.0085     0.0089     0.0004    -0.0013    -0.0009     0.0004   2.873265   2.873327   0.000060    34.4255    34.4258     5.9815    27.6425    27.6428    34.4268    27.6435    1452.69    1452.69    -0.0011  1028.8994    34.5949 0.0000e+00
       9435 313.721887  -62.22284  -58.19694      0.974    1449.61    264.000    261.299     0.0093     0.0102     0.0010    -0.0006     0.0004     0.0010   2.873457   2.873604   0.000140    34.4260    34.4268     5.9822    27.6429    27.6435    34.4279    27.6444    1452.71    1452.72    -0.0004  1028.9050    34.5960 0.0000e+00
       9459 313.721899  -62.22284  -58.19692      0.999    1449.61    265.000    262.288     0.0160     0.0159    -0.0001     0.0061     0.0060    -0.0001   2.874236   2.874237   0.000003    34.4285    34.4287     5.9649    27.6446    27.6447    34.4300    27.6458    1452.76    1452.76     0.0062  1028.9110    34.5982 0.0000e+00
       9485 313.721911  -62.22284  -58.19690      0.963    1449.61    266.000    263.277     0.0168     0.0166    -0.0001     0.0068     0.0067    -0.0001   2.874304   2.874312 4.1421e-07    34.4285    34.4287     5.9504    27.6446    27.6447    34.4295    27.6453    1452.78    1452.78     0.0070  1028.9153    34.5976 0.0000e+00
       9514 313.721926  -62.22284  -58.19688      0.857    1449.61    267.000    264.266     0.0138     0.0138     0.0001     0.0038     0.0039     0.0001   2.874037   2.874063   0.000030    34.4279    34.4283     5.9273    27.6442    27.6445    34.4287    27.6448    1452.78    1452.78     0.0040  1028.9196    34.5968 0.0000e+00
       9545 313.721940  -62.22284  -58.19686      0.785    1449.61    268.000    265.255     0.0144     0.0145     0.0001     0.0044     0.0045     0.0001   2.874201   2.874219   0.000021    34.4285    34.4287     5.9137    27.6447    27.6448    34.4295    27.6455    1452.80    1452.80     0.0045  1028.9249    34.5977 0.0000e+00
       9573 313.721954  -62.22284  -58.19685      0.813    1449.61    269.000    266.244     0.0154     0.0156     0.0002     0.0054     0.0056     0.0002   2.874369   2.874394   0.000024    34.4294    34.4294     5.9114    27.6453    27.6454    34.4300    27.6458    1452.82    1452.82     0.0055  1028.9300    34.5982 0.0000e+00
       9600 313.721967  -62.22284  -58.19684      0.869    1449.61    270.000    267.233     0.0164     0.0163    -0.0000     0.0063     0.0063    -0.0000   2.874531   2.874539   0.000014    34.4298    34.4299     5.9131    27.6456    27.6457    34.4305    27.6462    1452.85    1452.85     0.0064  1028.9351    34.5987 0.0000e+00
       9626 313.721980  -62.22284  -58.19682      0.913    1449.61    271.000    268.222     0.0178     0.0179     0.0001     0.0077     0.0078     0.0001   2.874727   2.874758   0.000026    34.4303    34.4306     5.9152    27.6460    27.6461    34.4309    27.6464    1452.87    1452.87     0.0078  1028.9400    34.5990 0.0000e+00
       9652 313.721992  -62.22284  -58.19680      0.923    1449.61    272.000    269.212     0.0182     0.0183     0.0000     0.0081     0.0081     0.0000   2.874833   2.874869   0.000039    34.4305    34.4310     5.9152    27.6461    27.6464    34.4312    27.6467    1452.89    1452.89     0.0082  1028.9450    34.5994 0.0000e+00
       9678 313.722005  -62.22284  -58.19680      0.926    1449.61    273.000    270.201     0.0198     0.0199 5.8738e-07     0.0096     0.0096 5.8738e-07   2.875065   2.875100   0.000033    34.4313    34.4317     5.9138    27.6466    27.6470    34.4319    27.6471    1452.91    1452.91     0.0097  1028.9502    34.6000 0.0000e+00
       9703 313.722017  -62.22284  -58.19678      0.944    1449.61    274.000    271.189     0.0202     0.0202     0.0000     0.0099     0.0100     0.0000   2.875137   2.875157   0.000023    34.4314    34.4316     5.9106    27.6467    27.6469    34.4319    27.6471    1452.93    1452.93     0.0101  1028.9549    34.6000 0.0000e+00
       9726 313.722028  -62.22284  -58.19678      0.992    1449.61    275.000    272.179     0.0207     0.0206    -0.0001     0.0104     0.0103    -0.0001   2.875271   2.875280   0.000008    34.4317    34.4320     5.9120    27.6470    27.6472    34.4324    27.6475    1452.95    1452.95     0.0105  1028.9601    34.6006 0.0000e+00
       9749 313.722039  -62.22284  -58.19676      1.045    1449.61    276.000    273.168     0.0230     0.0229    -0.0001     0.0126     0.0125    -0.0001   2.875601   2.875612   0.000009    34.4332    34.4334     5.9036    27.6480    27.6481    34.4337    27.6484    1452.98    1452.98     0.0128  1028.9657    34.6019 0.0000e+00
       9775 313.722051  -62.22284  -58.19674      1.001    1449.61    277.000    274.157     0.0235     0.0236     0.0001     0.0131     0.0132     0.0001   2.875697   2.875728   0.000030    34.4333    34.4336     5.8950    27.6480    27.6483    34.4337    27.6484    1453.00    1453.00     0.0132  1028.9705    34.6019 0.0000e+00
       9807 313.722067  -62.22285  -58.19671      0.803    1449.61    278.000    275.146     0.0238     0.0238     0.0000     0.0134     0.0134     0.0000   2.875766   2.875785   0.000020    34.4334    34.4337     5.8948    27.6481    27.6484    34.4337    27.6484    1453.01    1453.01     0.0135  1028.9752    34.6019 0.0000e+00
       9838 313.722082  -62.22286  -58.19670      0.727    1449.61    279.000    276.135     0.0229     0.0228    -0.0000     0.0124     0.0124    -0.0000   2.875707   2.875719   0.000023    34.4330    34.4333     5.8973    27.6478    27.6481    34.4334    27.6481    1453.02    1453.02     0.0126  1028.9797    34.6016 0.0000e+00
       9864 313.722095  -62.22286  -58.19669      0.861    1449.61    280.000    277.124     0.0266     0.0256    -0.0009     0.0160     0.0151    -0.0009   2.876201   2.876137  -0.000077    34.4348    34.4348     5.8917    27.6491    27.6492    34.4352    27.6494    1453.06    1453.06     0.0162  1028.9856    34.6034 0.0000e+00
       9888 313.722106  -62.22285  -58.19668      0.980    1449.61    281.000    278.113     0.0275     0.0281     0.0007     0.0169     0.0176     0.0007   2.876413   2.876497   0.000093    34.4354    34.4359     5.8882    27.6496    27.6499    34.4363    27.6503    1453.08    1453.09     0.0171  1028.9913    34.6045 0.0000e+00
       9911 313.722117  -62.22284  -58.19667      1.039    1449.61    282.000    279.102     0.0290     0.0286    -0.0005     0.0185     0.0180    -0.0005   2.876544   2.876528  -0.000024    34.4356    34.4358     5.8854    27.6496    27.6499    34.4357    27.6497    1453.11    1453.10     0.0186  1028.9954    34.6039 0.0000e+00
       9934 313.722128  -62.22285  -58.19665      1.047    1449.61    283.000    280.091     0.0284     0.0288     0.0003     0.0178     0.0181     0.0003   2.876610   2.876665   0.000053    34.4357    34.4361     5.8884    27.6498    27.6501    34.4367    27.6505    1453.12    1453.12     0.0179  1029.0010    34.6049 0.0000e+00
       9957 313.722139  -62.22286  -58.19664      1.035    1449.61    284.000    281.080     0.0339     0.0356     0.0017     0.0232     0.0249     0.0017   2.877247   2.877492   0.000242    34.4378    34.4391     5.8799    27.6511    27.6521    34.4384    27.6516    1453.16    1453.17     0.0233  1029.0068    34.6066 0.0000e+00
       9981 313.722151  -62.22286  -58.19663      1.020    1449.61    285.000    282.070     0.0342     0.0339    -0.0003     0.0235     0.0232    -0.0003   2.877315   2.877339   0.000009    34.4381    34.4386     5.8763    27.6514    27.6518    34.4383    27.6516    1453.18    1453.18     0.0236  1029.0114    34.6066 0.0000e+00
      10005 313.722162  -62.22286  -58.19661      1.011    1449.61    286.000    283.059     0.0324     0.0331     0.0006     0.0217     0.0223     0.0006   2.877154   2.877239   0.000093    34.4375    34.4380     5.8706    27.6510    27.6514    34.4376    27.6511    1453.19    1453.19     0.0218  1029.0157    34.6058 0.0000e+00
      10030 313.722175  -62.22286  -58.19660      0.972    1449.61    287.000    284.048     0.0298     0.0297    -0.0000     0.0190     0.0189    -0.0000   2.876860   2.876874   0.000012    34.4362    34.4364     5.8620    27.6501    27.6502    34.4361    27.6500    1453.19    1453.19     0.0191  1029.0194    34.6043 0.0000e+00
      10059 313.722189  -62.22286  -58.19658      0.864    1449.61    288.000    285.037     0.0292     0.0285    -0.0007     0.0184     0.0177    -0.0007   2.876917   2.876831  -0.000059    34.4362    34.4362     5.8540    27.6501    27.6501    34.4369    27.6507    1453.21    1453.20     0.0185  1029.0248    34.6051 0.0000e+00
      10089 313.722203  -62.22286  -58.19656      0.807    1449.61    289.000    286.026     0.0370     0.0361    -0.0009     0.0261     0.0252    -0.0009   2.877949   2.877882  -0.000093    34.4403    34.4401     5.8524    27.6530    27.6529    34.4412    27.6538    1453.26    1453.26     0.0262  1029.0325    34.6095 0.0000e+00
      10115 313.722216  -62.22286  -58.19654      0.865    1449.65    290.000    287.015     0.0386     0.0390     0.0003     0.0277     0.0280     0.0003   2.878280   2.878338   0.000049    34.4422    34.4425     5.8604    27.6545    27.6547    34.4431    27.6552    1453.29    1453.29     0.0278  1029.0387    34.6114 0.0000e+00
