Pos-Processados/process_op42/operantar42_009.ros
* Sea-Bird SBE 9 Data File:
* FileName = C:\Users\Hidrografia\Desktop\OPXLII\Brutos\OP42009.hdr
* Software Version Seasave V 7.26.7.107
* Temperature SN = 6502
* Conductivity SN = 4998
* Number of Bytes Per Scan = 31
* Number of Voltage Words = 2
* Number of Scans Averaged by the Deck Unit = 1
* NMEA Latitude = 43 19.24 S
* NMEA Longitude = 055 32.42 W
* NMEA UTC (Time) = Oct 18 2023 16:32:08
* NMEA baud rate = 4800
** H41
** NPOALTEMAXIMIANO
** NUMERO DA ESTACAO (XXX) 009
** LAT (XX XX.XX S/N) 43 19.058 S
** LONG (XXX XX.XX W/E) 055 32.32 W
** DATAHORA (dd/mm/aaaa hh:mm Z) 18/10/2023 1631Z
** PROFUNDIDADE (m) 5145
** OPERADOR CT FABIREZA
# nquan = 24
# nvalues = 3657                                  
# units = specified
# name 0 = scan: Scan Count
# name 1 = timeJ: Julian Days
# name 2 = latitude: Latitude [deg]
# name 3 = longitude: Longitude [deg]
# name 4 = dz/dtM: Descent Rate [m/s]
# name 5 = avgsvCM: Average Sound Velocity [Chen-Millero, m/s]
# name 6 = prDM: Pressure, Digiquartz [db]
# name 7 = depSM: Depth [salt water, m]
# name 8 = t090C: Temperature [ITS-90, deg C]
# name 9 = t190C: Temperature, 2 [ITS-90, deg C]
# name 10 = T2-T190C: Temperature Difference, 2 - 1 [ITS-90, deg C]
# name 11 = potemp090C: Potential Temperature [ITS-90, deg C]
# name 12 = potemp190C: Potential Temperature, 2 [ITS-90, deg C]
# name 13 = potemp90Cdiff: Potential Temperature, Diff, 2 - 1 [ITS-90, deg C]
# name 14 = c0S/m: Conductivity [S/m]
# name 15 = c1S/m: Conductivity, 2 [S/m]
# name 16 = C2-C1S/m: Conductivity Difference, 2 - 1 [S/m]
# name 17 = sal00: Salinity, Practical [PSU]
# name 18 = sal11: Salinity, Practical, 2 [PSU]
# name 19 = sbeox0ML/L: Oxygen, SBE 43 [ml/l]
# name 20 = sigma-é00: Density [sigma-theta, kg/m^3]
# name 21 = sigma-é11: Density, 2 [sigma-theta, kg/m^3]
# name 22 = nbf: Bottles Fired
# name 23 = flag:  0.000e+00
# interval = seconds: 0.0416667
# start_time = Oct 18 2023 16:32:08 [NMEA time, header]
# bad_flag = -9.990e-29
*END*
[from data line 2899]
      65410 291.720525  -43.32954  -55.54534     -0.012    1481.75     40.396     40.070    12.6047    12.6021    -0.0027    12.5993    12.5966    -0.0027   4.080952   4.080789  -0.000163    35.2018    35.2027     5.8924    26.6292    26.6305         18  0.000e+00
      65411 291.720526  -43.32954  -55.54534     -0.011    1481.75     40.460     40.134    12.6046    12.6023    -0.0023    12.5992    12.5968    -0.0023   4.081097   4.080802  -0.000295    35.2033    35.2026     5.8965    26.6304    26.6304         18  0.000e+00
      65412 291.720526  -43.32954  -55.54534     -0.007    1481.75     40.516     40.190    12.6049    12.6023    -0.0026    12.5994    12.5968    -0.0026   4.081203   4.080802  -0.000401    35.2040    35.2026     5.8966    26.6309    26.6303         18  0.000e+00
      65413 291.720527  -43.32954  -55.54534     -0.001    1481.75     40.476     40.150    12.6046    12.6021    -0.0025    12.5992    12.5966    -0.0025   4.081104   4.080770  -0.000334    35.2033    35.2025     5.8968    26.6304    26.6303         18  0.000e+00
      65414 291.720527  -43.32954  -55.54534     -0.006    1481.75     40.339     40.014    12.6047    12.6021    -0.0027    12.5993    12.5966    -0.0027   4.081038   4.080789  -0.000249    35.2026    35.2027     5.8968    26.6299    26.6305         18  0.000e+00
      65415 291.720528  -43.32954  -55.54534     -0.005    1481.75     40.460     40.134    12.6053    12.6023    -0.0030    12.5998    12.5968    -0.0030   4.081031   4.080770  -0.000262    35.2020    35.2023     5.8969    26.6293    26.6301         18  0.000e+00
      65416 291.720528  -43.32954  -55.54534     -0.003    1481.75     40.460     40.134    12.6054    12.6019    -0.0035    12.6000    12.5965    -0.0035   4.081216   4.080711  -0.000505    35.2036    35.2020     5.8968    26.6305    26.6300         18  0.000e+00
      65417 291.720529  -43.32954  -55.54534     -0.002    1481.75     40.460     40.134    12.6056    12.6017    -0.0039    12.6001    12.5963    -0.0039   4.081262   4.080744  -0.000519    35.2039    35.2025     5.8925    26.6307    26.6304         18  0.000e+00
      65418 291.720529  -43.32954  -55.54534      0.001    1481.75     40.476     40.150    12.6059    12.6019    -0.0040    12.6005    12.5965    -0.0040   4.081137   4.080763  -0.000374    35.2024    35.2025     5.8962    26.6295    26.6304         18  0.000e+00
      65419 291.720530  -43.32954  -55.54534     -0.004    1481.75     40.396     40.070    12.6059    12.6019    -0.0040    12.6005    12.5965    -0.0040   4.081078   4.080789  -0.000288    35.2019    35.2028     5.8960    26.6291    26.6306         18  0.000e+00
      65420 291.720530  -43.32954  -55.54534      0.001    1481.75     40.460     40.134    12.6059    12.6019    -0.0040    12.6005    12.5965    -0.0040   4.081150   4.080770  -0.000380    35.2025    35.2026     5.8958    26.6296    26.6304         18  0.000e+00
      65421 291.720530  -43.32954  -55.54534     -0.001    1481.75     40.460     40.134    12.6059    12.6017    -0.0042    12.6005    12.5963    -0.0042   4.081309   4.080789  -0.000519    35.2041    35.2030     5.8955    26.6308    26.6307         18  0.000e+00
      65422 291.720531  -43.32954  -55.54534      0.000    1481.75     40.460     40.134    12.6057    12.6021    -0.0037    12.6003    12.5966    -0.0037   4.081355   4.080802  -0.000552    35.2047    35.2028     5.8952    26.6313    26.6305         18  0.000e+00
      65423 291.720531  -43.32954  -55.54534     -0.001    1481.75     40.420     40.094    12.6054    12.6019    -0.0035    12.6000    12.5965    -0.0035   4.081223   4.080770  -0.000453    35.2037    35.2026     5.8949    26.6306    26.6304         18  0.000e+00
      65424 291.720532  -43.32956  -55.54534      0.002    1481.75     40.460     40.134    12.6059    12.6021    -0.0038    12.6005    12.5966    -0.0038   4.081117   4.080763  -0.000354    35.2022    35.2024     5.8946    26.6293    26.6302         18  0.000e+00
      65425 291.720532  -43.32956  -55.54534      0.003    1481.75     40.460     40.134    12.6059    12.6021    -0.0038    12.6005    12.5966    -0.0038   4.081236   4.080763  -0.000473    35.2034    35.2024     5.8983    26.6302    26.6302         18  0.000e+00
      65426 291.720533  -43.32956  -55.54534      0.005    1481.75     40.460     40.134    12.6059    12.6017    -0.0042    12.6005    12.5963    -0.0042   4.081467   4.080789  -0.000678    35.2056    35.2030     5.8985    26.6320    26.6307         18  0.000e+00
      65427 291.720533  -43.32956  -55.54534     -0.001    1481.75     40.396     40.070    12.6062    12.6021    -0.0042    12.6008    12.5966    -0.0042   4.081559   4.080770  -0.000789    35.2062    35.2025     5.8944    26.6324    26.6303         18  0.000e+00
      65428 291.720534  -43.32956  -55.54534      0.005    1481.75     40.476     40.150    12.6074    12.6023    -0.0052    12.6020    12.5968    -0.0052   4.081487   4.080789  -0.000697    35.2043    35.2025     5.8984    26.6307    26.6303         18  0.000e+00
      65429 291.720534  -43.32956  -55.54534     -0.004    1481.75     40.396     40.070    12.6081    12.6024    -0.0057    12.6027    12.5970    -0.0057   4.081401   4.080770  -0.000631    35.2029    35.2022     5.8943    26.6295    26.6300         18  0.000e+00
      65430 291.720535  -43.32956  -55.54534      0.002    1481.75     40.460     40.134    12.6093    12.6023    -0.0070    12.6038    12.5968    -0.0070   4.081493   4.080789  -0.000704    35.2027    35.2025     5.8939    26.6291    26.6303         18  0.000e+00
      65431 291.720535  -43.32956  -55.54534      0.003    1481.75     40.460     40.134    12.6099    12.6021    -0.0079    12.6045    12.5966    -0.0079   4.081658   4.080770  -0.000888    35.2036    35.2025     5.8935    26.6296    26.6303         18  0.000e+00
      65432 291.720536  -43.32956  -55.54534      0.001    1481.75     40.460     40.134    12.6098    12.6019    -0.0078    12.6043    12.5965    -0.0078   4.081711   4.080789  -0.000922    35.2043    35.2028     5.8890    26.6302    26.6306         18  0.000e+00
      65433 291.720536  -43.32956  -55.54534     -0.002    1481.75     40.420     40.094    12.6098    12.6021    -0.0077    12.6043    12.5966    -0.0077   4.081493   4.080770  -0.000723    35.2023    35.2025     5.8925    26.6286    26.6303         18  0.000e+00
      65434 291.720537  -43.32956  -55.54534     -0.001    1481.75     40.460     40.134    12.6094    12.6019    -0.0075    12.6040    12.5965    -0.0075   4.081289   4.080815  -0.000473    35.2006    35.2030     5.8881    26.6274    26.6308         18  0.000e+00
      65435 291.720537  -43.32956  -55.54534     -0.003    1481.75     40.396     40.070    12.6089    12.6021    -0.0069    12.6035    12.5966    -0.0069   4.081295   4.080776  -0.000519    35.2011    35.2026     5.8915    26.6279    26.6304         18  0.000e+00
      65436 291.720538  -43.32956  -55.54534     -0.001    1481.75     40.460     40.134    12.6083    12.6021    -0.0062    12.6028    12.5966    -0.0062   4.081368   4.080763  -0.000605    35.2024    35.2024     5.8911    26.6290    26.6302         18  0.000e+00
      65437 291.720538  -43.32956  -55.54534      0.001    1481.75     40.460     40.134    12.6078    12.6021    -0.0057    12.6023    12.5966    -0.0057   4.081368   4.080763  -0.000605    35.2029    35.2024     5.8907    26.6295    26.6302         19  0.000e+00
      65438 291.720539  -43.32956  -55.54534     -0.002    1481.75     40.420     40.094    12.6074    12.6023    -0.0052    12.6020    12.5968    -0.0052   4.081243   4.080815  -0.000427    35.2020    35.2027     5.8907    26.6289    26.6305         19  0.000e+00
      65439 291.720539  -43.32956  -55.54534     -0.001    1481.75     40.460     40.134    12.6069    12.6023    -0.0047    12.6015    12.5968    -0.0047   4.081051   4.080809  -0.000242    35.2006    35.2027     5.8949    26.6279    26.6304         19  0.000e+00
      65440 291.720540  -43.32956  -55.54534     -0.006    1481.75     40.396     40.070    12.6061    12.6023    -0.0038    12.6007    12.5968    -0.0038   4.081104   4.080802  -0.000302    35.2020    35.2026     5.8910    26.6291    26.6304         19  0.000e+00
      65441 291.720540  -43.32956  -55.54534     -0.001    1481.75     40.460     40.134    12.6057    12.6024    -0.0033    12.6003    12.5970    -0.0033   4.081322   4.080802  -0.000519    35.2044    35.2025     5.8908    26.6310    26.6302         19  0.000e+00
      65442 291.720541  -43.32956  -55.54534     -0.006    1481.75     40.420     40.094    12.6059    12.6026    -0.0033    12.6005    12.5972    -0.0033   4.081421   4.080854  -0.000566    35.2052    35.2028     5.8906    26.6316    26.6304         19  0.000e+00
      65443 291.720541  -43.32956  -55.54534     -0.010    1481.75     40.396     40.070    12.6059    12.6031    -0.0028    12.6005    12.5976    -0.0028   4.081262   4.080926  -0.000336    35.2037    35.2031     5.8905    26.6304    26.6305         19  0.000e+00
      65444 291.720542  -43.32956  -55.54534     -0.008    1481.75     40.461     40.134    12.6061    12.6041    -0.0020    12.6007    12.5986    -0.0020   4.081157   4.080991  -0.000166    35.2024    35.2027     5.8903    26.6295    26.6301         19  0.000e+00
      65445 291.720542  -43.32956  -55.54534     -0.010    1481.75     40.396     40.070    12.6054    12.6051    -0.0004    12.6000    12.5997    -0.0003   4.081163   4.081088  -0.000075    35.2031    35.2027     5.8859    26.6301    26.6299         19  0.000e+00
      65446 291.720543  -43.32956  -55.54534     -0.008    1481.75     40.461     40.134    12.6047    12.6060     0.0013    12.5993    12.6006     0.0013   4.081229   4.081173  -0.000056    35.2044    35.2026     5.8896    26.6313    26.6296         19  0.000e+00
      65447 291.720543  -43.32956  -55.54534     -0.012    1481.75     40.420     40.094    12.6046    12.6066     0.0020    12.5991    12.6012     0.0020   4.081276   4.081212  -0.000064    35.2050    35.2025     5.8893    26.6318    26.6294         19  0.000e+00
      65448 291.720543  -43.32956  -55.54534     -0.009    1481.75     40.461     40.134    12.6044    12.6067     0.0023    12.5990    12.6013     0.0023   4.081091   4.081245   0.000154    35.2034    35.2027     5.8892    26.6305    26.6295         19  0.000e+00
      65449 291.720544  -43.32956  -55.54534     -0.011    1481.75     40.396     40.070    12.6047    12.6066     0.0018    12.5993    12.6012     0.0018   4.081084   4.081258   0.000173    35.2030    35.2030     5.8889    26.6302    26.6298         19  0.000e+00
      65450 291.720544  -43.32956  -55.54534     -0.009    1481.75     40.461     40.134    12.6053    12.6064     0.0011    12.5998    12.6010     0.0011   4.081236   4.081232  -0.000004    35.2040    35.2029     5.8885    26.6308    26.6297         19  0.000e+00
      65451 291.720545  -43.32956  -55.54534     -0.011    1481.75     40.396     40.071    12.6064    12.6064     0.0000    12.6010    12.6010     0.0000   4.081467   4.081245  -0.000222    35.2051    35.2030     5.8880    26.6315    26.6298         19  0.000e+00
      65452 291.720545  -43.32956  -55.54534     -0.014    1481.75     40.420     40.094    12.6067    12.6071     0.0003    12.6013    12.6016     0.0003   4.081513   4.081310  -0.000203    35.2053    35.2030     5.8877    26.6315    26.6297         19  0.000e+00
      65453 291.720546  -43.32956  -55.54534     -0.011    1481.75     40.461     40.134    12.6067    12.6078     0.0010    12.6013    12.6023     0.0010   4.081388   4.081355  -0.000033    35.2040    35.2028     5.8836    26.6306    26.6294         19  0.000e+00
      65454 291.720546  -43.32956  -55.54534     -0.013    1481.75     40.396     40.071    12.6084    12.6087     0.0003    12.6030    12.6033     0.0003   4.081355   4.081498   0.000143    35.2022    35.2033     5.8831    26.6288    26.6296         19  0.000e+00
      65455 291.720547  -43.32956  -55.54534     -0.010    1481.75     40.461     40.134    12.6094    12.6093    -0.0002    12.6040    12.6038    -0.0002   4.081487   4.081563   0.000077    35.2025    35.2034     5.8823    26.6288    26.6296         19  0.000e+00
      65456 291.720547  -43.32956  -55.54534     -0.015    1481.75     40.396     40.071    12.6086    12.6100     0.0014    12.6032    12.6046     0.0014   4.081612   4.081628   0.000016    35.2045    35.2033     5.8816    26.6306    26.6294         19  0.000e+00
      65457 291.720548  -43.32956  -55.54534     -0.015    1481.75     40.420     40.095    12.6073    12.6100     0.0028    12.6018    12.6046     0.0028   4.081539   4.081674   0.000134    35.2050    35.2037     5.8811    26.6313    26.6297         19  0.000e+00
      65458 291.720548  -43.32956  -55.54534     -0.012    1481.75     40.461     40.135    12.6057    12.6094     0.0037    12.6003    12.6040     0.0037   4.081388   4.081654   0.000267    35.2050    35.2041     5.8807    26.6315    26.6301         19  0.000e+00
      65459 291.720549  -43.32956  -55.54534     -0.017    1481.75     40.396     40.071    12.6046    12.6099     0.0053    12.5991    12.6045     0.0053   4.081111   4.081674   0.000563    35.2035    35.2039     5.8801    26.6306    26.6298         19  0.000e+00
      65460 291.720549  -43.32956  -55.54534     -0.018    1481.75     40.396     40.071    12.6042    12.6101     0.0059    12.5988    12.6047     0.0059   4.081084   4.081654   0.000570    35.2035    35.2035     5.8841    26.6307    26.6295         19  0.000e+00
      65461 291.720550  -43.32956  -55.54534     -0.012    1481.75     40.461     40.135    12.6037    12.6102     0.0065    12.5983    12.6048     0.0065   4.081210   4.081648   0.000438    35.2052    35.2033     5.8842    26.6320    26.6293         19  0.000e+00
      65462 291.720550  -43.32956  -55.54534     -0.010    1481.75     40.421     40.095    12.6033    12.6108     0.0075    12.5978    12.6053     0.0075   4.081229   4.081700   0.000470    35.2058    35.2033     5.8844    26.6326    26.6292         19  0.000e+00
      65463 291.720551  -43.32956  -55.54534     -0.015    1481.75     40.461     40.135    12.6027    12.6119     0.0092    12.5973    12.6064     0.0092   4.080999   4.081771   0.000773    35.2041    35.2029     5.8846    26.6314    26.6287         19  0.000e+00
      65464 291.720551  -43.32956  -55.54534     -0.016    1481.75     40.396     40.071    12.6024    12.6121     0.0097    12.5969    12.6067     0.0097   4.080873   4.081947   0.001074    35.2032    35.2044     5.8848    26.6308    26.6298         19  0.000e+00
      65465 291.720552  -43.32956  -55.54534     -0.013    1481.75     40.461     40.135    12.6019    12.6121     0.0102    12.5965    12.6066     0.0102   4.080959   4.082077   0.001118    35.2044    35.2057     5.8808    26.6318    26.6308         19  0.000e+00
      65466 291.720552  -43.32956  -55.54534     -0.012    1481.75     40.421     40.095    12.6019    12.6122     0.0103    12.5964    12.6068     0.0103   4.081078   4.082155   0.001077    35.2057    35.2063     5.8800    26.6328    26.6313         19  0.000e+00
      65467 291.720553  -43.32956  -55.54534     -0.012    1481.75     40.396     40.071    12.6017    12.6133     0.0115    12.5963    12.6078     0.0115   4.081005   4.082149   0.001143    35.2051    35.2053     5.8798    26.6324    26.6303         19  0.000e+00
      65468 291.720553  -43.32956  -55.54534     -0.013    1481.75     40.461     40.135    12.6012    12.6142     0.0130    12.5958    12.6088     0.0130   4.080853   4.082142   0.001289    35.2040    35.2043     5.8797    26.6317    26.6293         19  0.000e+00
