Pos-Processados/process_op42/operantar42_017.cnv
* Sea-Bird SBE 9 Data File:
* FileName = C:\Users\Hidrografia\Desktop\OPXLII\Brutos\OP42017.hdr
* Software Version Seasave V 7.26.7.107
* Temperature SN = 6502
* Conductivity SN = 4998
* Number of Bytes Per Scan = 37
* Number of Voltage Words = 4
* Number of Scans Averaged by the Deck Unit = 1
* NMEA Latitude = 62 11.60 S
* NMEA Longitude = 058 03.21 W
* NMEA UTC (Time) = Nov 07 2023 10:12:31
* NMEA baud rate = 4800
** H41
** NPOALTEMAXIMIANO
** NUMERO DA ESTACAO (XXX) 017
** LAT (XX XX.XX S/N) 62 11.58 S
** LONG (XXX XX.XX W/E) 058 03.19 W
** DATAHORA (dd/mm/aaaa hh:mm Z) 07/11/2023 1011Z
** PROFUNDIDADE (m) 523
** OPERADOR CT FABIREZA
# nquan = 30
# nvalues = 1046                        
# units = specified
# name 0 = scan: Scan Count
# name 1 = timeJ: Julian Days
# name 2 = latitude: Latitude [deg]
# name 3 = longitude: Longitude [deg]
# name 4 = dz/dtM: Descent Rate [m/s]
# name 5 = avgsvCM: Average Sound Velocity [Chen-Millero, m/s]
# name 6 = prDM: Pressure, Digiquartz [db]
# name 7 = depSM: Depth [salt water, m]
# name 8 = t090C: Temperature [ITS-90, deg C]
# name 9 = t190C: Temperature, 2 [ITS-90, deg C]
# name 10 = T2-T190C: Temperature Difference, 2 - 1 [ITS-90, deg C]
# name 11 = potemp090C: Potential Temperature [ITS-90, deg C]
# name 12 = potemp190C: Potential Temperature, 2 [ITS-90, deg C]
# name 13 = potemp90Cdiff: Potential Temperature, Diff, 2 - 1 [ITS-90, deg C]
# name 14 = c0S/m: Conductivity [S/m]
# name 15 = c1S/m: Conductivity, 2 [S/m]
# name 16 = C2-C1S/m: Conductivity Difference, 2 - 1 [S/m]
# name 17 = sal00: Salinity, Practical [PSU]
# name 18 = sal11: Salinity, Practical, 2 [PSU]
# name 19 = sbeox0ML/L: Oxygen, SBE 43 [ml/l]
# name 20 = sigma-é00: Density [sigma-theta, kg/m^3]
# name 21 = sigma-é11: Density, 2 [sigma-theta, kg/m^3]
# name 22 = sal00: Salinity, Practical [PSU]
# name 23 = sigma-é00: Density [sigma-theta, kg/m^3]
# name 24 = svCM: Sound Velocity [Chen-Millero, m/s]
# name 25 = svCM1: Sound Velocity, 2 [Chen-Millero, m/s]
# name 26 = gsw_ptA0: potential temperature [ITS-90, deg C]
# name 27 = gsw_densityA0: density, TEOS-10 [density, kg/m^3]
# name 28 = gsw_saA0: Absolute Salinity [g/kg]
# name 29 = flag:
# span 0 =       2751,      41257       
# span 1 = 311.426685, 311.445255       
# span 2 =  -62.20165,  -62.19390       
# span 3 =  -58.05337,  -58.04837       
# span 4 =     -1.104,      1.085       
# span 5 =       0.00,    1449.99       
# span 6 =      2.000,    525.000       
# span 7 =      1.998,    519.299       
# span 8 =    -0.6752,    -0.1261       
# span 9 =    -0.6746,    -0.1259       
# span 10 =    -0.0251,     0.0391      
# span 11 =    -0.6759,    -0.1418      
# span 12 =    -0.6753,    -0.1416      
# span 13 =    -0.0250,     0.0389      
# span 14 =   2.793730,   2.871334      
# span 15 =   2.793716,   2.871246      
# span 16 =  -0.002222,   0.002474      
# span 17 =    34.2663,    34.4689      
# span 18 =    34.2652,    34.4655      
# span 19 =     6.0167,     7.6606      
# span 20 =    27.5441,    27.6998      
# span 21 =    27.5433,    27.6964      
# span 22 =    34.2664,    34.4664      
# span 23 =    27.5441,    27.6970      
# span 24 =    1445.24,    1454.74      
# span 25 =    1445.24,    1454.75      
# span 26 =    -0.6759,    -0.1416      
# span 27 =  1027.5571,  1030.1999      
# span 28 =    34.4291,    34.6347      
# span 29 = 0.0000e+00, 0.0000e+00      
# interval = decibars: 1                
# start_time = Nov 07 2023 10:12:31 [NMEA time, header]
# bad_flag = -9.990e-29
*END*
[from data line 774]
      27102 311.438428 -9.990e-29  -58.05096     -0.958    1449.99    273.000    270.201    -0.6160    -0.6153     0.0007    -0.6247    -0.6240     0.0007   2.815465   2.815434  -0.000033    34.3533    34.3520     7.1180    27.6140    27.6129    34.3534    27.6140    1449.86    1449.86    -0.6245  1028.9184    34.5154 0.0000e+00
      27125 311.438439  -62.19882  -58.05096     -1.037    1449.99    272.000    269.212    -0.6164    -0.6156     0.0009    -0.6250    -0.6242     0.0008   2.815384   2.815365  -0.000020    34.3533    34.3521     7.1069    27.6140    27.6130    34.3533    27.6140    1449.84    1449.84    -0.6249  1028.9178    34.5206 0.0000e+00
      27151 311.438452  -62.19882 -9.990e-29     -0.974    1449.99    271.000    268.222    -0.6166    -0.6157     0.0010    -0.6253    -0.6243     0.0009   2.815327   2.815315  -0.000011    34.3534    34.3522     7.1063    27.6141    27.6130    34.3535    27.6141    1449.82    1449.83    -0.6251  1028.9155    34.5236 0.0000e+00
      27183 311.438467  -62.19882 -9.990e-29     -0.794    1449.99    270.000    267.234    -0.6167    -0.6157     0.0009    -0.6253    -0.6243     0.0009   2.815277   2.815271  -0.000008    34.3534    34.3522     7.1221    27.6141    27.6131    34.3534    27.6141    1449.81    1449.81    -0.6251  1028.9107    34.5236 0.0000e+00
      27221 311.438486  -62.19883  -58.05094     -0.646    1449.99    269.000    266.244    -0.6172    -0.6160     0.0011    -0.6257    -0.6246     0.0011   2.815192   2.815189  -0.000004    34.3535    34.3522     7.1145    27.6142    27.6131    34.3535    27.6142    1449.79    1449.79    -0.6256  1028.9029    34.5197 0.0000e+00
      27260 311.438504 -9.990e-29  -58.05094     -0.615    1449.99    268.000    265.256    -0.6173    -0.6164     0.0009    -0.6258    -0.6249     0.0009   2.815125   2.815109  -0.000016    34.3533    34.3521     7.0975    27.6141    27.6130    34.3533    27.6140    1449.77    1449.77    -0.6256  1028.8946    34.5154 0.0000e+00
      27294 311.438521 -9.990e-29  -58.05092     -0.679    1449.99    267.000    264.266    -0.6170    -0.6163     0.0007    -0.6255    -0.6248     0.0007   2.815100   2.815070  -0.000030    34.3533    34.3521     7.1102    27.6140    27.6130    34.3533    27.6140    1449.76    1449.76    -0.6253  1028.8898    34.5153 0.0000e+00
      27323 311.438535 -9.990e-29  -58.05092     -0.799    1449.99    266.000    263.277    -0.6167    -0.6159     0.0008    -0.6252    -0.6244     0.0008   2.815062   2.815045  -0.000019    34.3531    34.3519     7.1120    27.6138    27.6128    34.3531    27.6138    1449.74    1449.74    -0.6250  1028.8848    34.5150 0.0000e+00
      27351 311.438548 -9.990e-29  -58.05092     -0.852    1449.99    265.000    262.288    -0.6167    -0.6159     0.0008    -0.6251    -0.6243     0.0008   2.815024   2.815006  -0.000020    34.3531    34.3519     7.1104    27.6138    27.6128    34.3531    27.6138    1449.72    1449.73    -0.6249  1028.8801    34.5150 0.0000e+00
      27382 311.438564 -9.990e-29  -58.05092     -0.786    1449.99    264.000    261.299    -0.6166    -0.6157     0.0009    -0.6250    -0.6241     0.0009   2.814990   2.814965  -0.000025    34.3532    34.3518     7.1185    27.6139    27.6128    34.3531    27.6138    1449.71    1449.71    -0.6248  1028.8754    34.5151 0.0000e+00
      27417 311.438580  -62.19888  -58.05092     -0.706    1449.99    263.000    260.313    -0.6164    -0.6157     0.0008    -0.6248    -0.6240     0.0008   2.814953   2.814925  -0.000027    34.3531    34.3518     7.1188    27.6138    27.6127    34.3531    27.6138    1449.69    1449.69    -0.6246  1028.8731    34.5183 0.0000e+00
      27458 311.438600  -62.19888 -9.990e-29     -0.594    1449.99    262.000    259.318    -0.6248    -0.6190     0.0059    -0.6331    -0.6273     0.0059   2.814108   2.814565   0.000411    34.3528    34.3517     7.1000    27.6140    27.6128    34.3518    27.6131    1449.63    1449.66    -0.6330  1028.8718    34.5220 0.0000e+00
      27495 311.438618  -62.19889 -9.990e-29     -0.630    1449.99    261.000    258.331    -0.6335    -0.6266     0.0069    -0.6418    -0.6348     0.0069   2.813216   2.813745   0.000544    34.3512    34.3506     7.0980    27.6130    27.6123    34.3503    27.6122    1449.58    1449.61    -0.6416  1028.8662    34.5204 0.0000e+00
      27525 311.438633  -62.19890  -58.05090     -0.758    1449.99    260.000    257.343    -0.6381    -0.6363     0.0018    -0.6463    -0.6444     0.0018   2.812716   2.812812   0.000110    34.3502    34.3496     7.1221    27.6124    27.6118    34.3493    27.6116    1449.54    1449.55    -0.6461  1028.8596    34.5179 0.0000e+00
      27553 311.438646  -62.19890  -58.05089     -0.847    1449.99    259.000    256.353    -0.6409    -0.6392     0.0018    -0.6491    -0.6473     0.0018   2.812393   2.812478   0.000082    34.3496    34.3487     7.1407    27.6120    27.6112    34.3488    27.6114    1449.51    1449.51    -0.6489  1028.8539    34.5165 0.0000e+00
      27581 311.438659  -62.19890  -58.05088     -0.875    1449.99    258.000    255.364    -0.6429    -0.6414     0.0016    -0.6510    -0.6495     0.0016   2.812161   2.812213   0.000058    34.3492    34.3482     7.1461    27.6118    27.6109    34.3485    27.6112    1449.48    1449.49    -0.6508  1028.8490    34.5162 0.0000e+00
      27614 311.438675  -62.19891  -58.05088     -0.757    1449.99    257.000    254.375    -0.6447    -0.6430     0.0017    -0.6527    -0.6511     0.0017   2.811927   2.811984   0.000059    34.3486    34.3475     7.1710    27.6114    27.6104    34.3480    27.6109    1449.46    1449.46    -0.6526  1028.8439    34.5157 0.0000e+00
      27646 311.438691  -62.19892  -58.05088     -0.716    1449.99    256.000    253.386    -0.6456    -0.6443     0.0014    -0.6537    -0.6523     0.0014   2.811777   2.811803   0.000030    34.3481    34.3470     7.1823    27.6111    27.6101    34.3476    27.6106    1449.44    1449.44    -0.6535  1028.8390    34.5153 0.0000e+00
      27675 311.438705  -62.19892  -58.05086     -0.805    1449.99    255.000    252.396    -0.6460    -0.6451     0.0009    -0.6540    -0.6532     0.0009   2.811681   2.811666  -0.000010    34.3479    34.3467     7.1829    27.6108    27.6099    34.3474    27.6105    1449.42    1449.42    -0.6538  1028.8340    34.5151 0.0000e+00
      27704 311.438718  -62.19894  -58.05086     -0.854    1449.99    254.000    251.407    -0.6464    -0.6456     0.0009    -0.6544    -0.6535     0.0009   2.811587   2.811580  -0.000003    34.3476    34.3465     7.1824    27.6106    27.6098    34.3472    27.6103    1449.40    1449.40    -0.6542  1028.8291    34.5149 0.0000e+00
      27738 311.438735  -62.19894  -58.05086     -0.734    1449.99    253.000    250.418    -0.6466    -0.6457     0.0009    -0.6545    -0.6536     0.0009   2.811517   2.811516 -8.670e-07    34.3474    34.3463     7.1959    27.6105    27.6096    34.3471    27.6102    1449.38    1449.38    -0.6544  1028.8242    34.5147 0.0000e+00
      27773 311.438752  -62.19894  -58.05086     -0.666    1449.99    252.000    249.429    -0.6469    -0.6458     0.0011    -0.6548    -0.6537     0.0011   2.811448   2.811445   0.000002    34.3473    34.3461     7.1981    27.6104    27.6094    34.3470    27.6102    1449.36    1449.37    -0.6546  1028.8195    34.5147 0.0000e+00
      27803 311.438766  -62.19896  -58.05086     -0.769    1449.99    251.000    248.440    -0.6477    -0.6468     0.0009    -0.6555    -0.6547     0.0009   2.811319   2.811297  -0.000020    34.3472    34.3460     7.1843    27.6104    27.6093    34.3468    27.6101    1449.34    1449.35    -0.6554  1028.8146    34.5145 0.0000e+00
      27831 311.438780  -62.19896  -58.05084     -0.845    1449.99    250.000    247.451    -0.6487    -0.6478     0.0009    -0.6565    -0.6556     0.0009   2.811159   2.811158  -0.000004    34.3469    34.3457     7.1759    27.6101    27.6092    34.3465    27.6098    1449.32    1449.32    -0.6564  1028.8096    34.5142 0.0000e+00
      27861 311.438795  -62.19896  -58.05084     -0.818    1449.99    249.000    246.461    -0.6501    -0.6488     0.0013    -0.6579    -0.6566     0.0013   2.810977   2.811003   0.000029    34.3465    34.3454     7.1837    27.6099    27.6089    34.3462    27.6096    1449.30    1449.30    -0.6577  1028.8046    34.5138 0.0000e+00
      27896 311.438811  -62.19898  -58.05084     -0.705    1449.99    248.000    245.472    -0.6512    -0.6497     0.0014    -0.6590    -0.6575     0.0014   2.810814   2.810858   0.000043    34.3462    34.3451     7.1913    27.6097    27.6088    34.3459    27.6094    1449.28    1449.28    -0.6588  1028.7997    34.5135 0.0000e+00
      27932 311.438828  -62.19898  -58.05084     -0.668    1449.99    247.000    244.483    -0.6520    -0.6509     0.0011    -0.6598    -0.6586     0.0011   2.810686   2.810678  -0.000003    34.3460    34.3447     7.1931    27.6095    27.6084    34.3457    27.6093    1449.26    1449.26    -0.6596  1028.7964    34.5153 0.0000e+00
      27963 311.438843  -62.19898 -9.990e-29     -0.749    1449.99    246.000    243.494    -0.6523    -0.6514     0.0009    -0.6600    -0.6591     0.0009   2.810594   2.810562  -0.000032    34.3457    34.3442     7.2108    27.6093    27.6081    34.3454    27.6091    1449.24    1449.24    -0.6598  1028.7917    34.5154 0.0000e+00
      27990 311.438857  -62.19900 -9.990e-29     -0.849    1449.99    245.000    242.504    -0.6524    -0.6515     0.0009    -0.6600    -0.6591     0.0009   2.810528   2.810509  -0.000014    34.3453    34.3441     7.2077    27.6090    27.6080    34.3452    27.6089    1449.22    1449.22    -0.6599  1028.7868    34.5152 0.0000e+00
      28018 311.438870  -62.19900  -58.05082     -0.868    1449.99    244.000    241.515    -0.6524    -0.6516     0.0008    -0.6600    -0.6592     0.0008   2.810480   2.810457  -0.000022    34.3454    34.3441     7.2021    27.6090    27.6080    34.3452    27.6089    1449.20    1449.21    -0.6599  1028.7813    34.5143 0.0000e+00
      28048 311.438885  -62.19900  -58.05081     -0.811    1449.99    243.000    240.526    -0.6523    -0.6514     0.0008    -0.6599    -0.6590     0.0008   2.810436   2.810416  -0.000017    34.3451    34.3440     7.2040    27.6089    27.6079    34.3451    27.6088    1449.19    1449.19    -0.6597  1028.7752    34.5127 0.0000e+00
      28080 311.438900  -62.19901  -58.05080     -0.764    1449.99    242.000    239.537    -0.6521    -0.6512     0.0009    -0.6597    -0.6588     0.0009   2.810393   2.810377  -0.000015    34.3450    34.3438     7.2154    27.6088    27.6078    34.3449    27.6087    1449.17    1449.18    -0.6595  1028.7704    34.5125 0.0000e+00
      28113 311.438916  -62.19902  -58.05080     -0.724    1449.99    241.000    238.547    -0.6519    -0.6511     0.0008    -0.6594    -0.6586     0.0008   2.810350   2.810325  -0.000028    34.3448    34.3435     7.2107    27.6086    27.6075    34.3447    27.6085    1449.16    1449.16    -0.6592  1028.7653    34.5123 0.0000e+00
      28141 311.438929  -62.19902  -58.05080     -0.817    1449.99    240.000    237.558    -0.6515    -0.6506     0.0009    -0.6590    -0.6581     0.0009   2.810340   2.810311  -0.000025    34.3447    34.3434     7.1877    27.6085    27.6074    34.3447    27.6085    1449.14    1449.15    -0.6588  1028.7606    34.5123 0.0000e+00
      28171 311.438944  -62.19903  -58.05080     -0.832    1449.99    239.000    236.569    -0.6506    -0.6500     0.0006    -0.6580    -0.6575     0.0006   2.810344   2.810306  -0.000035    34.3443    34.3432     7.1995    27.6081    27.6072    34.3443    27.6081    1449.13    1449.13    -0.6579  1028.7555    34.5119 0.0000e+00
      28201 311.438958  -62.19904  -58.05079     -0.786    1449.99    238.000    235.580    -0.6490    -0.6489     0.0001    -0.6564    -0.6563     0.0001   2.810367   2.810312  -0.000054    34.3434    34.3426     7.2082    27.6073    27.6066    34.3434    27.6074    1449.12    1449.12    -0.6563  1028.7499    34.5110 0.0000e+00
      28228 311.438972  -62.19904  -58.05078     -0.847    1449.99    237.000    234.591    -0.6480    -0.6476     0.0004    -0.6554    -0.6550     0.0004   2.810352   2.810321  -0.000033    34.3428    34.3419     7.2028    27.6068    27.6060    34.3428    27.6068    1449.11    1449.11    -0.6552  1028.7446    34.5104 0.0000e+00
      28257 311.438985  -62.19904  -58.05078     -0.863    1449.99    236.000    233.601    -0.6473    -0.6467     0.0005    -0.6547    -0.6541     0.0005   2.810361   2.810309  -0.000047    34.3425    34.3413     7.1953    27.6065    27.6055    34.3427    27.6067    1449.09    1449.10    -0.6545  1028.7397    34.5103 0.0000e+00
      28286 311.438999  -62.19906  -58.05077     -0.826    1449.99    235.000    232.614    -0.6461    -0.6456     0.0004    -0.6534    -0.6529     0.0004   2.810392   2.810347  -0.000049    34.3422    34.3411     7.2033    27.6062    27.6053    34.3423    27.6063    1449.08    1449.08    -0.6533  1028.7346    34.5099 0.0000e+00
      28316 311.439014  -62.19906  -58.05076     -0.820    1449.99    234.000    231.621    -0.6457    -0.6448     0.0009    -0.6530    -0.6521     0.0009   2.810383   2.810362  -0.000020    34.3423    34.3410     7.2072    27.6063    27.6052    34.3424    27.6064    1449.07    1449.07    -0.6528  1028.7299    34.5100 0.0000e+00
      28347 311.439029  -62.19906  -58.05076     -0.769    1449.99    233.000    230.633    -0.6455    -0.6446     0.0009    -0.6528    -0.6519     0.0009   2.810356   2.810334  -0.000023    34.3424    34.3410     7.1910    27.6063    27.6052    34.3424    27.6064    1449.05    1449.06    -0.6526  1028.7251    34.5100 0.0000e+00
      28377 311.439043  -62.19908  -58.05076     -0.788    1449.99    232.000    229.644    -0.6456    -0.6446     0.0010    -0.6528    -0.6519     0.0010   2.810296   2.810280  -0.000017    34.3423    34.3410     7.1961    27.6063    27.6052    34.3424    27.6063    1449.04    1449.04    -0.6527  1028.7203    34.5099 0.0000e+00
      28405 311.439057  -62.19908  -58.05076     -0.847    1449.99    231.000    228.655    -0.6458    -0.6449     0.0009    -0.6530    -0.6521     0.0009   2.810226   2.810208  -0.000019    34.3423    34.3410     7.1940    27.6063    27.6052    34.3423    27.6063    1449.02    1449.02    -0.6529  1028.7154    34.5098 0.0000e+00
      28436 311.439072  -62.19908  -58.05076     -0.792    1449.99    230.000    227.666    -0.6458    -0.6450     0.0008    -0.6530    -0.6522     0.0008   2.810192   2.810164  -0.000026    34.3424    34.3412     7.1894    27.6063    27.6053    34.3424    27.6064    1449.00    1449.01    -0.6528  1028.7066    34.5047 0.0000e+00
      28471 311.439089 -9.990e-29  -58.05074     -0.697    1449.99    229.000    226.676    -0.6461    -0.6451     0.0011    -0.6533    -0.6522     0.0011   2.810123   2.810112  -0.000012    34.3425    34.3411     7.1913    27.6064    27.6053    34.3424    27.6064    1448.98    1448.99    -0.6531  1028.7015    34.5044 0.0000e+00
      28504 311.439104 -9.990e-29  -58.05074     -0.719    1449.99    228.000    225.687    -0.6465    -0.6457     0.0009    -0.6536    -0.6528     0.0009   2.810044   2.810019  -0.000024    34.3425    34.3412     7.1931    27.6065    27.6053    34.3425    27.6064    1448.97    1448.97    -0.6535  1028.6968    34.5044 0.0000e+00
      28533 311.439118  -62.19910  -58.05074     -0.792    1449.99    227.000    224.698    -0.6465    -0.6457     0.0008    -0.6536    -0.6528     0.0008   2.809989   2.809965  -0.000027    34.3424    34.3411     7.1873    27.6064    27.6053    34.3423    27.6063    1448.95    1448.95    -0.6534  1028.6960    34.5094 0.0000e+00
