Pos-Processados/process_op42/operantar42_027.ros
* Sea-Bird SBE 9 Data File:
* FileName = C:\Users\Hidrografia\Desktop\OPXLII\Brutos\OP42027.hdr
* Software Version Seasave V 7.26.7.107
* Temperature SN = 6502
* Conductivity SN = 4998
* Number of Bytes Per Scan = 37
* Number of Voltage Words = 4
* Number of Scans Averaged by the Deck Unit = 1
* NMEA Latitude = 62 16.55 S
* NMEA Longitude = 058 26.39 W
* NMEA UTC (Time) = Nov 08 2023 19:38:30
* NMEA baud rate = 4800
** H41
** NPOALTEMAXIMIANO
** NUMERO DA ESTACAO (XXX) 027
** LAT (XX XX.XX S/N) 62  16.401 S
** LONG (XXX XX.XX W/E) 058  26.553 W
** DATAHORA (dd/mm/aaaa hh:mm Z) 08/11/2023 1937Z
** PROFUNDIDADE (m) 159
** OPERADOR CT FILIPE LOPES
# nquan = 24
# nvalues = 3975                                  
# units = specified
# name 0 = scan: Scan Count
# name 1 = timeJ: Julian Days
# name 2 = latitude: Latitude [deg]
# name 3 = longitude: Longitude [deg]
# name 4 = dz/dtM: Descent Rate [m/s]
# name 5 = avgsvCM: Average Sound Velocity [Chen-Millero, m/s]
# name 6 = prDM: Pressure, Digiquartz [db]
# name 7 = depSM: Depth [salt water, m]
# name 8 = t090C: Temperature [ITS-90, deg C]
# name 9 = t190C: Temperature, 2 [ITS-90, deg C]
# name 10 = T2-T190C: Temperature Difference, 2 - 1 [ITS-90, deg C]
# name 11 = potemp090C: Potential Temperature [ITS-90, deg C]
# name 12 = potemp190C: Potential Temperature, 2 [ITS-90, deg C]
# name 13 = potemp90Cdiff: Potential Temperature, Diff, 2 - 1 [ITS-90, deg C]
# name 14 = c0S/m: Conductivity [S/m]
# name 15 = c1S/m: Conductivity, 2 [S/m]
# name 16 = C2-C1S/m: Conductivity Difference, 2 - 1 [S/m]
# name 17 = sal00: Salinity, Practical [PSU]
# name 18 = sal11: Salinity, Practical, 2 [PSU]
# name 19 = sbeox0ML/L: Oxygen, SBE 43 [ml/l]
# name 20 = sigma-é00: Density [sigma-theta, kg/m^3]
# name 21 = sigma-é11: Density, 2 [sigma-theta, kg/m^3]
# name 22 = nbf: Bottles Fired
# name 23 = flag:  0.000e+00
# interval = seconds: 0.0416667
# start_time = Nov 08 2023 19:38:30 [NMEA time, header]
# bad_flag = -9.990e-29
*END*
[from data line 2959]
      23129 312.829556  -62.28004  -58.43320      0.302    1447.02      3.833      3.796    -0.4907    -0.4899     0.0008    -0.4908    -0.4900     0.0008   2.809415   2.809378  -0.000036    34.2957    34.2943     7.4856    27.5615    27.5603         18  0.000e+00
      23130 312.829557  -62.28004  -58.43320      0.292    1447.02      3.833      3.796    -0.4906    -0.4899     0.0007    -0.4907    -0.4900     0.0007   2.809409   2.809395  -0.000014    34.2956    34.2946     7.4852    27.5613    27.5605         18  0.000e+00
      23131 312.829557  -62.28004  -58.43320      0.284    1447.02      3.833      3.796    -0.4905    -0.4899     0.0006    -0.4906    -0.4900     0.0006   2.809409   2.809401  -0.000008    34.2955    34.2946     7.4858    27.5612    27.5605         18  0.000e+00
      23132 312.829558  -62.28004  -58.43320      0.268    1447.02      3.777      3.741    -0.4910    -0.4898     0.0012    -0.4911    -0.4899     0.0012   2.809392   2.809423   0.000031    34.2958    34.2948     7.4919    27.5615    27.5607         18  0.000e+00
      23133 312.829558  -62.28004  -58.43320      0.254    1447.02      3.833      3.796    -0.4909    -0.4899     0.0010    -0.4910    -0.4900     0.0010   2.809403   2.809412   0.000009    34.2958    34.2948     7.4861    27.5615    27.5607         18  0.000e+00
      23134 312.829559  -62.28004  -58.43320      0.243    1447.02      3.833      3.796    -0.4907    -0.4897     0.0010    -0.4908    -0.4898     0.0010   2.809449   2.809401  -0.000048    34.2962    34.2944     7.4856    27.5618    27.5604         18  0.000e+00
      23135 312.829559  -62.28004  -58.43320      0.228    1447.02      3.777      3.741    -0.4909    -0.4899     0.0010    -0.4910    -0.4900     0.0010   2.809403   2.809361  -0.000042    34.2958    34.2941     7.4852    27.5615    27.5601         18  0.000e+00
      23136 312.829560  -62.28004  -58.43320      0.212    1447.02      3.777      3.741    -0.4909    -0.4899     0.0010    -0.4910    -0.4900     0.0010   2.809403   2.809367  -0.000036    34.2958    34.2942     7.4848    27.5615    27.5602         18  0.000e+00
      23137 312.829560  -62.28004  -58.43320      0.191    1447.02      3.721      3.685    -0.4908    -0.4900     0.0008    -0.4909    -0.4901     0.0008   2.809432   2.809395  -0.000037    34.2962    34.2948     7.4843    27.5618    27.5607         18  0.000e+00
      23138 312.829561  -62.28004  -58.43320      0.165    1447.02      3.777      3.741    -0.4907    -0.4898     0.0009    -0.4908    -0.4899     0.0009   2.809438   2.809384  -0.000054    34.2961    34.2943     7.4839    27.5617    27.5603         18  0.000e+00
      23139 312.829561  -62.28004  -58.43320      0.150    1447.02      3.721      3.685    -0.4907    -0.4900     0.0007    -0.4908    -0.4901     0.0007   2.809415   2.809395  -0.000020    34.2958    34.2948     7.4834    27.5615    27.5607         18  0.000e+00
      23140 312.829562  -62.28004  -58.43320      0.131    1447.02      3.721      3.685    -0.4910    -0.4897     0.0013    -0.4911    -0.4898     0.0013   2.809426   2.809384  -0.000042    34.2963    34.2943     7.4830    27.5619    27.5602         18  0.000e+00
      23141 312.829562  -62.28004  -58.43320      0.107    1447.02      3.704      3.669    -0.4909    -0.4899     0.0010    -0.4910    -0.4900     0.0010   2.809398   2.809378  -0.000019    34.2958    34.2944     7.4837    27.5615    27.5604         18  0.000e+00
      23142 312.829563  -62.28004  -58.43320      0.086    1447.02      3.721      3.685    -0.4910    -0.4899     0.0011    -0.4911    -0.4900     0.0011   2.809323   2.809378   0.000055    34.2949    34.2944     7.4844    27.5608    27.5604         18  0.000e+00
      23143 312.829563  -62.28004  -58.43320      0.065    1447.02      3.656      3.621    -0.4906    -0.4896     0.0010    -0.4907    -0.4897     0.0010   2.809323   2.809339   0.000016    34.2946    34.2936     7.4850    27.5605    27.5597         18  0.000e+00
      23144 312.829564  -62.28004  -58.43320      0.047    1447.02      3.721      3.685    -0.4907    -0.4897     0.0010    -0.4908    -0.4898     0.0010   2.809329   2.809378   0.000049    34.2947    34.2942     7.4848    27.5606    27.5602         18  0.000e+00
      23145 312.829564  -62.28004  -58.43320      0.021    1447.02      3.600      3.565    -0.4909    -0.4897     0.0011    -0.4910    -0.4898     0.0011   2.809369   2.809384   0.000015    34.2955    34.2944     7.4854    27.5612    27.5603         18  0.000e+00
      23146 312.829565  -62.28004  -58.43320      0.003    1447.02      3.656      3.621    -0.4907    -0.4898     0.0009    -0.4908    -0.4899     0.0009   2.809386   2.809378  -0.000008    34.2955    34.2943     7.4852    27.5612    27.5603         18  0.000e+00
      23147 312.829565  -62.28004  -58.43320     -0.023    1447.02      3.535      3.501    -0.4910    -0.4899     0.0011    -0.4911    -0.4900     0.0011   2.809386   2.809378  -0.000008    34.2959    34.2945     7.4859    27.5616    27.5604         18  0.000e+00
      23148 312.829565  -62.28004  -58.43320     -0.044    1447.02      3.600      3.565    -0.4909    -0.4899     0.0010    -0.4910    -0.4900     0.0010   2.809363   2.809378   0.000015    34.2954    34.2945     7.4858    27.5612    27.5604         18  0.000e+00
      23149 312.829566  -62.28004  -58.43320     -0.070    1447.02      3.479      3.446    -0.4908    -0.4899     0.0009    -0.4909    -0.4900     0.0009   2.809358   2.809356  -0.000002    34.2953    34.2943     7.4865    27.5611    27.5602         18  0.000e+00
      23150 312.829566  -62.28004  -58.43318     -0.091    1447.02      3.535      3.501    -0.4909    -0.4900     0.0009    -0.4910    -0.4901     0.0009   2.809340   2.809367   0.000027    34.2951    34.2945     7.4928    27.5610    27.5604         18  0.000e+00
      23151 312.829567  -62.28004  -58.43318     -0.109    1447.02      3.535      3.501    -0.4910    -0.4900     0.0010    -0.4911    -0.4901     0.0010   2.809369   2.809356  -0.000013    34.2956    34.2944     7.4872    27.5614    27.5603         18  0.000e+00
      23152 312.829567  -62.28004  -58.43318     -0.136    1447.02      3.423      3.390    -0.4910    -0.4901     0.0009    -0.4911    -0.4902     0.0009   2.809386   2.809350  -0.000036    34.2959    34.2944     7.4869    27.5616    27.5604         18  0.000e+00
      23153 312.829568  -62.28004  -58.43318     -0.149    1447.02      3.479      3.445    -0.4910    -0.4899     0.0011    -0.4911    -0.4900     0.0011   2.809340   2.809367   0.000027    34.2953    34.2944     7.4867    27.5611    27.5604         18  0.000e+00
      23154 312.829568  -62.28004  -58.43318     -0.179    1447.02      3.358      3.326    -0.4910    -0.4900     0.0010    -0.4911    -0.4901     0.0010   2.809369   2.809378   0.000009    34.2957    34.2948     7.4874    27.5615    27.5606         18  0.000e+00
      23155 312.829569  -62.28004  -58.43318     -0.204    1447.02      3.358      3.326    -0.4910    -0.4901     0.0009    -0.4911    -0.4902     0.0009   2.809403   2.809339  -0.000064    34.2962    34.2943     7.4936    27.5619    27.5603         18  0.000e+00
      23156 312.829569  -62.28004  -58.43318     -0.221    1447.02      3.423      3.390    -0.4906    -0.4900     0.0006    -0.4907    -0.4901     0.0006   2.809352   2.809322  -0.000030    34.2951    34.2940     7.4955    27.5609    27.5600         18  0.000e+00
      23157 312.829570  -62.28004  -58.43318     -0.245    1447.02      3.302      3.270    -0.4907    -0.4899     0.0008    -0.4908    -0.4900     0.0008   2.809369   2.809322  -0.000047    34.2955    34.2939     7.4962    27.5612    27.5600         18  0.000e+00
      23158 312.829570  -62.28004  -58.43318     -0.264    1447.02      3.286      3.254    -0.4911    -0.4901     0.0011    -0.4912    -0.4902     0.0011   2.809386   2.809322  -0.000064    34.2962    34.2941     7.4970    27.5619    27.5601         18  0.000e+00
      23159 312.829571  -62.28004  -58.43318     -0.285    1447.02      3.302      3.270    -0.4905    -0.4900     0.0005    -0.4906    -0.4901     0.0005   2.809386   2.809361  -0.000025    34.2955    34.2946     7.4912    27.5613    27.5605         18  0.000e+00
      23160 312.829571  -62.28004  -58.43318     -0.305    1447.02      3.237      3.206    -0.4907    -0.4899     0.0008    -0.4908    -0.4900     0.0008   2.809386   2.809333  -0.000053    34.2957    34.2941     7.4920    27.5615    27.5601         18  0.000e+00
      23161 312.829572  -62.28004  -58.43318     -0.323    1447.02      3.237      3.206    -0.4905    -0.4899     0.0006    -0.4906    -0.4900     0.0006   2.809403   2.809361  -0.000042    34.2958    34.2945     7.4917    27.5615    27.5604         18  0.000e+00
      23162 312.829572  -62.28004  -58.43318     -0.340    1447.02      3.181      3.150    -0.4906    -0.4902     0.0005    -0.4907    -0.4903     0.0005   2.809409   2.809356  -0.000053    34.2960    34.2948     7.4914    27.5617    27.5607         18  0.000e+00
      23163 312.829573  -62.28004  -58.43318     -0.358    1447.02      3.181      3.151    -0.4905    -0.4898     0.0007    -0.4906    -0.4899     0.0007   2.809375   2.809350  -0.000025    34.2954    34.2942     7.4975    27.5612    27.5602         18  0.000e+00
      23164 312.829573  -62.28004  -58.43318     -0.379    1447.02      3.125      3.095    -0.4902    -0.4902     0.0001    -0.4903    -0.4903     0.0001   2.809380   2.809350  -0.000030    34.2952    34.2947     7.4981    27.5610    27.5606         18  0.000e+00
      23165 312.829574  -62.28004  -58.43318     -0.390    1447.02      3.181      3.151    -0.4905    -0.4903     0.0002    -0.4906    -0.4904     0.0002   2.809386   2.809333  -0.000053    34.2956    34.2947     7.4925    27.5613    27.5606         18  0.000e+00
      23166 312.829574  -62.28004  -58.43318     -0.403    1447.02      3.125      3.095    -0.4907    -0.4902     0.0005    -0.4908    -0.4903     0.0005   2.809363   2.809327  -0.000036    34.2955    34.2944     7.4985    27.5613    27.5604         18  0.000e+00
      23167 312.829575  -62.28004  -58.43318     -0.418    1447.02      3.125      3.095    -0.4907    -0.4902     0.0005    -0.4908    -0.4903     0.0005   2.809415   2.809322  -0.000093    34.2962    34.2944     7.4928    27.5618    27.5603         18  0.000e+00
      23168 312.829575  -62.28004  -58.43318     -0.427    1447.02      3.125      3.095    -0.4905    -0.4902     0.0003    -0.4906    -0.4903     0.0003   2.809375   2.809339  -0.000036    34.2954    34.2946     7.4988    27.5612    27.5605         18  0.000e+00
      23169 312.829576  -62.28004  -58.43318     -0.438    1447.02      3.060      3.031    -0.4905    -0.4902     0.0003    -0.4906    -0.4903     0.0003   2.809375   2.809327  -0.000047    34.2955    34.2945     7.4993    27.5613    27.5604         18  0.000e+00
      23170 312.829576  -62.28004  -58.43318     -0.451    1447.02      3.060      3.031    -0.4905    -0.4902     0.0003    -0.4906    -0.4903     0.0003   2.809340   2.809384   0.000043    34.2950    34.2952     7.4998    27.5609    27.5610         18  0.000e+00
      23180 312.829581  -62.28004  -58.43318     -0.457    1447.02      3.060      3.031    -0.4902    -0.4898     0.0005    -0.4903    -0.4899     0.0005   2.809466   2.809378  -0.000088    34.2964    34.2947     7.5021    27.5620    27.5606         19  0.000e+00
      23181 312.829581  -62.28004  -58.43318     -0.452    1447.02      3.060      3.031    -0.4899    -0.4900    -0.0001    -0.4900    -0.4901    -0.0001   2.809420   2.809378  -0.000042    34.2954    34.2950     7.5032    27.5611    27.5608         19  0.000e+00
      23182 312.829582  -62.28004  -58.43318     -0.435    1447.02      3.181      3.150    -0.4902    -0.4899     0.0003    -0.4903    -0.4900     0.0003   2.809432   2.809378  -0.000054    34.2958    34.2947     7.4971    27.5615    27.5606         19  0.000e+00
      23183 312.829582  -62.28004  -58.43318     -0.420    1447.02      3.125      3.095    -0.4904    -0.4899     0.0005    -0.4905    -0.4900     0.0005   2.809375   2.809378   0.000004    34.2953    34.2948     7.5027    27.5611    27.5607         19  0.000e+00
      23184 312.829583  -62.28004  -58.43318     -0.406    1447.02      3.125      3.095    -0.4905    -0.4897     0.0008    -0.4906    -0.4898     0.0008   2.809415   2.809356  -0.000059    34.2960    34.2943     7.5027    27.5617    27.5602         19  0.000e+00
      23185 312.829583  -62.28004  -58.43318     -0.390    1447.02      3.125      3.095    -0.4910    -0.4902     0.0008    -0.4911    -0.4903     0.0008   2.809415   2.809384  -0.000031    34.2965    34.2952     7.5029    27.5621    27.5610         19  0.000e+00
      23186 312.829584  -62.28004  -58.43318     -0.373    1447.02      3.181      3.150    -0.4910    -0.4901     0.0009    -0.4911    -0.4902     0.0009   2.809409   2.809384  -0.000025    34.2964    34.2950     7.4965    27.5620    27.5609         19  0.000e+00
      23187 312.829584  -62.28004  -58.43318     -0.352    1447.02      3.173      3.143    -0.4910    -0.4900     0.0010    -0.4911    -0.4901     0.0010   2.809392   2.809378  -0.000014    34.2962    34.2949     7.5019    27.5618    27.5607         19  0.000e+00
      23188 312.829585  -62.28004  -58.43318     -0.329    1447.02      3.237      3.206    -0.4911    -0.4900     0.0011    -0.4912    -0.4901     0.0011   2.809340   2.809378   0.000038    34.2956    34.2948     7.5020    27.5614    27.5607         19  0.000e+00
      23189 312.829585  -62.28004  -58.43318     -0.305    1447.02      3.237      3.206    -0.4909    -0.4901     0.0008    -0.4909    -0.4902     0.0008   2.809329   2.809356   0.000027    34.2951    34.2946     7.5019    27.5610    27.5605         19  0.000e+00
      23190 312.829586  -62.28004  -58.43318     -0.284    1447.02      3.181      3.150    -0.4910    -0.4902     0.0008    -0.4911    -0.4903     0.0008   2.809369   2.809389   0.000020    34.2959    34.2952     7.5017    27.5616    27.5610         19  0.000e+00
      23191 312.829586  -62.28004  -58.43318     -0.254    1447.02      3.302      3.270    -0.4907    -0.4900     0.0007    -0.4908    -0.4901     0.0007   2.809386   2.809384  -0.000002    34.2957    34.2949     7.5016    27.5614    27.5607         19  0.000e+00
      23192 312.829587  -62.28004  -58.43318     -0.230    1447.02      3.237      3.206    -0.4910    -0.4899     0.0011    -0.4911    -0.4900     0.0011   2.809420   2.809378  -0.000042    34.2965    34.2947     7.5013    27.5621    27.5606         19  0.000e+00
      23193 312.829587  -62.28004  -58.43318     -0.197    1447.02      3.302      3.270    -0.4910    -0.4902     0.0008    -0.4911    -0.4903     0.0008   2.809375   2.809378   0.000004    34.2959    34.2950     7.4948    27.5616    27.5608         19  0.000e+00
      23194 312.829588  -62.28004  -58.43318     -0.171    1447.02      3.302      3.270    -0.4909    -0.4901     0.0008    -0.4910    -0.4902     0.0008   2.809415   2.809378  -0.000036    34.2963    34.2949     7.4998    27.5619    27.5607         19  0.000e+00
      23195 312.829588  -62.28004  -58.43318     -0.141    1447.02      3.302      3.270    -0.4910    -0.4902     0.0008    -0.4911    -0.4903     0.0008   2.809397   2.809356  -0.000042    34.2962    34.2947     7.4996    27.5618    27.5606         19  0.000e+00
      23196 312.829589  -62.28004  -58.43318     -0.114    1447.02      3.358      3.326    -0.4909    -0.4902     0.0007    -0.4910    -0.4903     0.0007   2.809403   2.809389  -0.000014    34.2961    34.2951     7.4993    27.5617    27.5609         19  0.000e+00
