Pos-Processados/process_op42/operantar42_010.cnv
* Sea-Bird SBE 9 Data File:
* FileName = C:\Users\Hidrografia\Desktop\OPXLII\Brutos\OP42010.hdr
* Software Version Seasave V 7.26.7.107
* Temperature SN = 6502
* Conductivity SN = 4998
* Number of Bytes Per Scan = 31
* Number of Voltage Words = 2
* Number of Scans Averaged by the Deck Unit = 1
* NMEA Latitude = 44 13.49 S
* NMEA Longitude = 056 00.10 W
* NMEA UTC (Time) = Oct 19 2023 00:22:47
* NMEA baud rate = 4800
** H41
** NPOALTEMAXIMIANO
** NUMERO DA ESTACAO (XXX) 010
** LAT (XX XX.XX S/N) 44 13.210 S
** LONG (XXX XX.XX W/E) 055 59.942 W
** DATAHORA (dd/mm/aaaa hh:mm Z) 18/10/2023 0022Z
** PROFUNDIDADE (m) 5179
** OPERADOR CT FABIREZA
# nquan = 30
# nvalues = 2025                        
# units = specified
# name 0 = scan: Scan Count
# name 1 = timeJ: Julian Days
# name 2 = latitude: Latitude [deg]
# name 3 = longitude: Longitude [deg]
# name 4 = dz/dtM: Descent Rate [m/s]
# name 5 = avgsvCM: Average Sound Velocity [Chen-Millero, m/s]
# name 6 = prDM: Pressure, Digiquartz [db]
# name 7 = depSM: Depth [salt water, m]
# name 8 = t090C: Temperature [ITS-90, deg C]
# name 9 = t190C: Temperature, 2 [ITS-90, deg C]
# name 10 = T2-T190C: Temperature Difference, 2 - 1 [ITS-90, deg C]
# name 11 = potemp090C: Potential Temperature [ITS-90, deg C]
# name 12 = potemp190C: Potential Temperature, 2 [ITS-90, deg C]
# name 13 = potemp90Cdiff: Potential Temperature, Diff, 2 - 1 [ITS-90, deg C]
# name 14 = c0S/m: Conductivity [S/m]
# name 15 = c1S/m: Conductivity, 2 [S/m]
# name 16 = C2-C1S/m: Conductivity Difference, 2 - 1 [S/m]
# name 17 = sal00: Salinity, Practical [PSU]
# name 18 = sal11: Salinity, Practical, 2 [PSU]
# name 19 = sbeox0ML/L: Oxygen, SBE 43 [ml/l]
# name 20 = sigma-é00: Density [sigma-theta, kg/m^3]
# name 21 = sigma-é11: Density, 2 [sigma-theta, kg/m^3]
# name 22 = sal00: Salinity, Practical [PSU]
# name 23 = sigma-é00: Density [sigma-theta, kg/m^3]
# name 24 = svCM: Sound Velocity [Chen-Millero, m/s]
# name 25 = svCM1: Sound Velocity, 2 [Chen-Millero, m/s]
# name 26 = gsw_ptA0: potential temperature [ITS-90, deg C]
# name 27 = gsw_densityA0: density, TEOS-10 [density, kg/m^3]
# name 28 = gsw_saA0: Absolute Salinity [g/kg]
# name 29 = flag:
# span 0 =       2814,      65654       
# span 1 = 292.017178, 292.047483       
# span 2 =  -44.23747,  -44.22546       
# span 3 =  -56.00941,  -56.00222       
# span 4 =     -1.415,      1.491       
# span 5 =       0.00,    1499.70       
# span 6 =      1.000,   1013.000       
# span 7 =      0.995,   1002.394       
# span 8 =     3.0521,    13.3565       
# span 9 =     3.0531,    13.3576       
# span 10 =    -0.2667,     0.3775      
# span 11 =     2.9845,    13.3554      
# span 12 =     2.9854,    13.3565      
# span 13 =    -0.2664,     0.3771      
# span 14 =   3.163075,   4.154443      
# span 15 =   3.163094,   4.154606      
# span 16 =  -0.027715,   0.039072      
# span 17 =    34.1181,    35.2176      
# span 18 =    34.1177,    35.2180      
# span 19 =     4.3479,     6.5661      
# span 20 =    26.4887,    27.3940      
# span 21 =    26.4880,    27.3937      
# span 22 =    34.1173,    35.2184      
# span 23 =    26.4898,    27.3939      
# span 24 =    1473.77,    1501.79      
# span 25 =    1473.79,    1501.79      
# span 26 =     2.9844,    13.3553      
# span 27 =  1026.4992,  1032.0855      
# span 28 =    34.2785,    35.3849      
# span 29 = 0.0000e+00, 0.0000e+00      
# interval = decibars: 1                
# start_time = Oct 19 2023 00:22:47 [NMEA time, header]
# bad_flag = -9.990e-29
*END*
[from data line 581]
      18715 292.024847  -44.22833 -9.990e-29      0.621    1482.37    582.000    576.507     3.8725     3.8730     0.0006     3.8312     3.8317     0.0006   3.200882   3.200861  -0.000024    34.1756    34.1748     5.7562    27.1475    27.1468    34.1753    27.1473    1474.57    1474.57     3.8311  1029.8441    34.3385 0.0000e+00
      18744 292.024861  -44.22834 -9.990e-29      0.752    1482.37    583.000    577.496     3.8715     3.8726     0.0010     3.8301     3.8312     0.0010   3.200804   3.200850   0.000045    34.1752    34.1746     5.7649    27.1473    27.1467    34.1749    27.1470    1474.58    1474.59     3.8301  1029.8484    34.3380 0.0000e+00
      18767 292.024872  -44.22834  -56.00450      0.940    1482.37    584.000    578.484     3.8714     3.8719     0.0005     3.8300     3.8305     0.0005   3.200820   3.200844   0.000024    34.1748    34.1746     5.7619    27.1470    27.1468    34.1747    27.1469    1474.60    1474.60     3.8299  1029.8531    34.3381 0.0000e+00
      18788 292.024882  -44.22834  -56.00450      1.100    1482.37    585.000    579.474     3.8689     3.8701     0.0013     3.8274     3.8287     0.0013   3.200618   3.200712   0.000082    34.1747    34.1744     5.7562    27.1472    27.1468    34.1743    27.1469    1474.60    1474.61     3.8273  1029.8577    34.3378 0.0000e+00
      18807 292.024891  -44.22834  -56.00450      1.200    1482.37    586.000    580.463     3.8674     3.8698     0.0025     3.8258     3.8283     0.0025   3.200527   3.200718   0.000195    34.1746    34.1743     5.7570    27.1473    27.1468    34.1743    27.1470    1474.61    1474.62     3.8257  1029.8625    34.3378 0.0000e+00
      18829 292.024902  -44.22835  -56.00450      1.168    1482.37    587.000    581.452     3.8618     3.8621     0.0003     3.8202     3.8205     0.0003   3.200018   3.199898  -0.000079    34.1752    34.1739     5.7572    27.1483    27.1472    34.1736    27.1470    1474.61    1474.60     3.8201  1029.8672    34.3370 0.0000e+00
      18860 292.024917  -44.22836  -56.00450      0.880    1482.37    588.000    582.441     3.8422     3.8403    -0.0019     3.8006     3.7987    -0.0019   3.198339   3.197982  -0.000339    34.1748    34.1728     5.7573    27.1500    27.1486    34.1735    27.1489    1474.54    1474.53     3.8005  1029.8730    34.3357 0.0000e+00
      18895 292.024933 -9.990e-29  -56.00450      0.668    1482.37    589.000    583.431     3.8362     3.8350    -0.0011     3.7946     3.7934    -0.0011   3.197689   3.197479  -0.000260    34.1735    34.1715     5.7632    27.1495    27.1481    34.1716    27.1480    1474.53    1474.52     3.7945  1029.8759    34.3327 0.0000e+00
      18922 292.024946 -9.990e-29  -56.00450      0.814    1482.37    590.000    584.420     3.8250     3.8248    -0.0001     3.7833     3.7832    -0.0001   3.196601   3.196425  -0.000154    34.1720    34.1703     5.7741    27.1494    27.1481    34.1697    27.1476    1474.50    1474.49     3.7832  1029.8804    34.3309 0.0000e+00
      18946 292.024958 -9.990e-29  -56.00452      0.967    1482.37    591.000    585.409     3.8076     3.8082     0.0007     3.7659     3.7666     0.0007   3.194962   3.194913  -0.000058    34.1701    34.1687     5.7862    27.1497    27.1485    34.1679    27.1479    1474.44    1474.44     3.7659  1029.8856    34.3290 0.0000e+00
      18970 292.024970  -44.22838  -56.00452      0.996    1482.37    592.000    586.398     3.8057     3.8067     0.0011     3.7639     3.7650     0.0010   3.194775   3.194847   0.000065    34.1684    34.1681     5.7910    27.1485    27.1481    34.1672    27.1475    1474.44    1474.45     3.7638  1029.8916    34.3305 0.0000e+00
      18999 292.024984  -44.22838  -56.00452      0.888    1482.37    593.000    587.387     3.8052     3.8053     0.0001     3.7634     3.7635     0.0001   3.194767   3.194714  -0.000053    34.1683    34.1677     5.8050    27.1485    27.1480    34.1670    27.1475    1474.46    1474.46     3.7633  1029.8962    34.3304 0.0000e+00
      19029 292.024998  -44.22838  -56.00452      0.794    1482.37    594.000    588.376     3.7972     3.7975     0.0003     3.7554     3.7557     0.0003   3.193995   3.193863  -0.000123    34.1685    34.1667     5.8179    27.1494    27.1480    34.1656    27.1471    1474.44    1474.44     3.7553  1029.9006    34.3291 0.0000e+00
      19054 292.025010  -44.22839  -56.00452      0.888    1482.37    595.000    589.366     3.7467     3.7478     0.0011     3.7050     3.7061     0.0011   3.189324   3.188883  -0.000439    34.1686    34.1622     5.8197    27.1546    27.1493    34.1622    27.1495    1474.24    1474.24     3.7049  1029.9083    34.3256 0.0000e+00
      19077 292.025021  -44.22840 -9.990e-29      1.002    1482.37    596.000    590.354     3.7308     3.7313     0.0005     3.6891     3.6896     0.0005   3.187653   3.187599  -0.000079    34.1617    34.1602     5.8249    27.1506    27.1494    34.1584    27.1480    1474.18    1474.18     3.6891  1029.9115    34.3215 0.0000e+00
      19104 292.025034  -44.22840 -9.990e-29      0.960    1482.37    597.000    591.344     3.7244     3.7259     0.0015     3.6827     3.6842     0.0015   3.187081   3.187124   0.000045    34.1605    34.1595     5.8337    27.1503    27.1494    34.1578    27.1481    1474.17    1474.18     3.6826  1029.9164    34.3209 0.0000e+00
      19137 292.025050  -44.22840 -9.990e-29      0.756    1482.37    598.000    592.333     3.7238     3.7245     0.0008     3.6820     3.6827     0.0008   3.187025   3.187091   0.000065    34.1592    34.1592     5.8733    27.1493    27.1493    34.1572    27.1478    1474.18    1474.19     3.6819  1029.9206    34.3203 0.0000e+00
      19169 292.025066  -44.22841  -56.00454      0.721    1482.37    599.000    593.321     3.7251     3.7259     0.0008     3.6832     3.6840     0.0008   3.187224   3.187300   0.000073    34.1591    34.1592     5.9032    27.1492    27.1491    34.1577    27.1480    1474.21    1474.21     3.6831  1029.9256    34.3211 0.0000e+00
      19195 292.025078  -44.22842  -56.00454      0.859    1482.37    600.000    594.311     3.7268     3.7276     0.0008     3.6848     3.6857     0.0008   3.187543   3.187645   0.000095    34.1603    34.1606     5.9089    27.1499    27.1501    34.1592    27.1490    1474.23    1474.24     3.6848  1029.9313    34.3226 0.0000e+00
      19216 292.025088  -44.22842  -56.00454      1.023    1482.37    601.000    595.300     3.7289     3.7299     0.0009     3.6869     3.6879     0.0009   3.187880   3.187986   0.000114    34.1611    34.1615     5.9071    27.1504    27.1506    34.1604    27.1498    1474.26    1474.26     3.6868  1029.9366    34.3239 0.0000e+00
      19238 292.025099  -44.22843  -56.00454      1.109    1482.37    602.000    596.289     3.7329     3.7330     0.0002     3.6907     3.6909     0.0002   3.188325   3.188369   0.000048    34.1616    34.1620     5.8960    27.1504    27.1507    34.1611    27.1500    1474.29    1474.30     3.6906  1029.9414    34.3246 0.0000e+00
      19265 292.025112  -44.22844  -56.00454      0.989    1482.37    603.000    597.273     3.7367     3.7375     0.0008     3.6945     3.6953     0.0008   3.188739   3.188870   0.000112    34.1619    34.1624     5.8824    27.1503    27.1506    34.1615    27.1499    1474.33    1474.33     3.6944  1029.9458    34.3249 0.0000e+00
      19302 292.025130  -44.22844  -56.00454      0.676    1482.37    604.000    598.271     3.7418     3.7429     0.0012     3.6995     3.7006     0.0012   3.189267   3.189474   0.000211    34.1618    34.1631     5.8587    27.1497    27.1506    34.1620    27.1498    1474.37    1474.37     3.6994  1029.9502    34.3255 0.0000e+00
      19335 292.025146  -44.22845  -56.00454      0.701    1482.37    605.000    599.256     3.7551     3.7556     0.0005     3.7126     3.7131     0.0005   3.190672   3.190891   0.000225    34.1634    34.1655     5.8452    27.1496    27.1513    34.1643    27.1504    1474.44    1474.45     3.7125  1029.9552    34.3278 0.0000e+00
      19368 292.025161  -44.22846  -56.00454      0.735    1482.37    606.000    600.246     3.7605     3.7612     0.0007     3.7180     3.7187     0.0007   3.191414   3.191510   0.000096    34.1664    34.1668     5.8315    27.1515    27.1517    34.1669    27.1519    1474.48    1474.49     3.7179  1029.9610    34.3302 0.0000e+00
      19400 292.025177  -44.22846 -9.990e-29      0.746    1482.31    607.000    601.234     3.7684     3.7695     0.0011     3.7258     3.7268     0.0011   3.192239   3.192423   0.000180    34.1670    34.1680     5.8201    27.1512    27.1519    34.1680    27.1520    1474.54    1474.54     3.7257  1029.9656    34.3312 0.0000e+00
      19440 292.025196  -44.22846 -9.990e-29      0.609    1481.65    608.000    602.224     3.7753     3.7764     0.0010     3.7326     3.7336     0.0010   3.193012   3.193151   0.000143    34.1687    34.1694     5.8028    27.1519    27.1523    34.1695    27.1525    1474.58    1474.59     3.7325  1029.9705    34.3327 0.0000e+00
      19477 292.025214  -44.22847 -9.990e-29      0.635    1481.66    609.000    603.212     3.7789     3.7794     0.0006     3.7360     3.7366     0.0006   3.193468   3.193532   0.000071    34.1698    34.1701     5.7911    27.1525    27.1526    34.1707    27.1531    1474.62    1474.62     3.7359  1029.9757    34.3339 0.0000e+00
      19505 292.025228  -44.22848 -9.990e-29      0.793    1481.66    610.000    604.201     3.7804     3.7812     0.0009     3.7374     3.7383     0.0009   3.193681   3.193735   0.000056    34.1708    34.1706     5.7803    27.1531    27.1528    34.1711    27.1534    1474.64    1474.64     3.7373  1029.9805    34.3344 0.0000e+00
      19533 292.025241  -44.22848 -9.990e-29      0.863    1481.66    611.000    605.190     3.7783     3.7793     0.0010     3.7353     3.7363     0.0010   3.193616   3.193693   0.000071    34.1713    34.1711     5.7740    27.1537    27.1535    34.1720    27.1542    1474.65    1474.65     3.7352  1029.9860    34.3352 0.0000e+00
      19575 292.025261  -44.22850  -56.00458      0.616    1481.66    612.000    606.179     3.7853     3.7864     0.0011     3.7422     3.7432     0.0010   3.194279   3.194393   0.000115    34.1713    34.1716     5.7615    27.1530    27.1531    34.1720    27.1536    1474.69    1474.70     3.7421  1029.9901    34.3356 0.0000e+00
      19624 292.025285  -44.22850  -56.00458      0.469    1481.66    613.000    607.169     3.7859     3.7856    -0.0003     3.7427     3.7425    -0.0002   3.194485   3.194412  -0.000062    34.1732    34.1727     5.7541    27.1544    27.1541    34.1734    27.1546    1474.71    1474.71     3.7426  1029.9957    34.3369 0.0000e+00
      19665 292.025305  -44.22850  -56.00458      0.592    1481.66    614.000    608.157     3.7780     3.7784     0.0004     3.7348     3.7352     0.0004   3.193815   3.193777  -0.000045    34.1733    34.1724     5.7546    27.1553    27.1546    34.1731    27.1552    1474.70    1474.70     3.7347  1029.9997    34.3351 0.0000e+00
      19717 292.025330 -9.990e-29  -56.00458      0.443    1481.66    615.000    609.147     3.7777     3.7795     0.0018     3.7343     3.7362     0.0018   3.193834   3.193996   0.000160    34.1729    34.1729     5.7520    27.1551    27.1549    34.1732    27.1553    1474.71    1474.72     3.7342  1030.0038    34.3343 0.0000e+00
      19758 292.025349 -9.990e-29  -56.00458      0.545    1481.66    616.000    610.135     3.7797     3.7806     0.0009     3.7363     3.7372     0.0009   3.194166   3.194218   0.000054    34.1743    34.1741     5.7556    27.1560    27.1557    34.1744    27.1561    1474.74    1474.74     3.7362  1030.0092    34.3356 0.0000e+00
      19782 292.025361 -9.990e-29  -56.00458      0.870    1481.66    617.000    611.124     3.7767     3.7775     0.0008     3.7332     3.7340     0.0008   3.193925   3.193918  -0.000002    34.1748    34.1740     5.7537    27.1567    27.1559    34.1743    27.1563    1474.74    1474.75     3.7331  1030.0140    34.3354 0.0000e+00
      19807 292.025373 -9.990e-29  -56.00458      0.970    1481.66    618.000    612.114     3.7636     3.7646     0.0010     3.7201     3.7212     0.0010   3.192760   3.192674  -0.000075    34.1751    34.1732     5.7463    27.1583    27.1566    34.1735    27.1570    1474.70    1474.71     3.7200  1030.0195    34.3346 0.0000e+00
      19835 292.025387 -9.990e-29  -56.00460      0.916    1481.66    619.000    613.103     3.7500     3.7503     0.0002     3.7065     3.7068     0.0002   3.191534   3.191448  -0.000100    34.1737    34.1722     5.7366    27.1584    27.1573    34.1725    27.1575    1474.66    1474.66     3.7064  1030.0249    34.3337 0.0000e+00
      19869 292.025403  -44.22854  -56.00460      0.723    1481.66    620.000    614.091     3.7373     3.7356    -0.0017     3.6938     3.6921    -0.0017   3.190344   3.189956  -0.000354    34.1736    34.1712     5.7301    27.1596    27.1579    34.1711    27.1576    1474.62    1474.61     3.6937  1030.0314    34.3342 0.0000e+00
      19898 292.025417  -44.22856  -56.00460      0.750    1481.66    621.000    615.081     3.7129     3.7138     0.0008     3.6695     3.6703     0.0008   3.188152   3.187963  -0.000213    34.1726    34.1692     5.7446    27.1612    27.1585    34.1699    27.1591    1474.53    1474.53     3.6694  1030.0383    34.3336 0.0000e+00
      19923 292.025429  -44.22856  -56.00460      0.915    1481.66    622.000    616.070     3.6992     3.6990    -0.0002     3.6557     3.6555    -0.0002   3.186709   3.186543  -0.000161    34.1693    34.1676     5.7576    27.1600    27.1586    34.1666    27.1578    1474.49    1474.49     3.6556  1030.0418    34.3302 0.0000e+00
      19946 292.025440  -44.22856  -56.00460      1.019    1481.66    623.000    617.059     3.6954     3.6956     0.0002     3.6519     3.6521     0.0002   3.186371   3.186352  -0.000024    34.1677    34.1672     5.7669    27.1591    27.1587    34.1660    27.1577    1474.49    1474.49     3.6518  1030.0464    34.3296 0.0000e+00
      19972 292.025453  -44.22856  -56.00460      0.963    1481.66    624.000    618.047     3.6902     3.6914     0.0012     3.6467     3.6478     0.0012   3.185923   3.185960   0.000024    34.1677    34.1667     5.7786    27.1596    27.1587    34.1655    27.1578    1474.48    1474.49     3.6465  1030.0512    34.3291 0.0000e+00
      20002 292.025467  -44.22856  -56.00462      0.843    1481.66    625.000    619.037     3.6793     3.6800     0.0007     3.6357     3.6365     0.0007   3.185012   3.184909  -0.000092    34.1676    34.1657     5.8021    27.1606    27.1590    34.1655    27.1589    1474.45    1474.45     3.6356  1030.0571    34.3291 0.0000e+00
      20040 292.025486  -44.22858  -56.00462      0.657    1481.66    626.000    620.026     3.6775     3.6765    -0.0010     3.6338     3.6328    -0.0010   3.184814   3.184646  -0.000160    34.1659    34.1651     5.8116    27.1595    27.1589    34.1646    27.1584    1474.46    1474.46     3.6337  1030.0611    34.3282 0.0000e+00
      20079 292.025504  -44.22859  -56.00462      0.617    1481.66    627.000    621.015     3.6680     3.6690     0.0010     3.6243     3.6253     0.0010   3.183983   3.183950  -0.000047    34.1658    34.1642     5.8226    27.1603    27.1589    34.1640    27.1588    1474.44    1474.44     3.6242  1030.0664    34.3276 0.0000e+00
      20120 292.025524  -44.22860  -56.00462      0.585    1481.66    628.000    622.003     3.6612     3.6614     0.0002     3.6175     3.6177     0.0002   3.183342   3.183276  -0.000059    34.1645    34.1636     5.8223    27.1599    27.1592    34.1629    27.1587    1474.42    1474.42     3.6174  1030.0709    34.3265 0.0000e+00
