Pos-Processados/process_op42/operantar42_013.ros
* Sea-Bird SBE 9 Data File:
* FileName = C:\Users\Hidrografia\Desktop\OPXLII\Brutos\OP42013.hdr
* Software Version Seasave V 7.26.7.107
* Temperature SN = 6502
* Conductivity SN = 4998
* Number of Bytes Per Scan = 31
* Number of Voltage Words = 2
* Number of Scans Averaged by the Deck Unit = 1
* NMEA Latitude = 46 24.51 S
* NMEA Longitude = 055 54.95 W
* NMEA UTC (Time) = Oct 19 2023 23:00:40
* NMEA baud rate = 4800
** H41
** NPOALTEMAXIMIANO
** NUMERO DA ESTACAO (XXX) 013
** LAT (XX XX.XX S/N) 46 24.500 S
** LONG (XXX XX.XX W/E) 055 54.972 W
** DATAHORA (dd/mm/aaaa hh:mm Z) 19/10/2023 2300Z
** PROFUNDIDADE (m) 5329
** OPERADOR CT FABIREZA
# nquan = 24
# nvalues = 3694                                  
# units = specified
# name 0 = scan: Scan Count
# name 1 = timeJ: Julian Days
# name 2 = latitude: Latitude [deg]
# name 3 = longitude: Longitude [deg]
# name 4 = dz/dtM: Descent Rate [m/s]
# name 5 = avgsvCM: Average Sound Velocity [Chen-Millero, m/s]
# name 6 = prDM: Pressure, Digiquartz [db]
# name 7 = depSM: Depth [salt water, m]
# name 8 = t090C: Temperature [ITS-90, deg C]
# name 9 = t190C: Temperature, 2 [ITS-90, deg C]
# name 10 = T2-T190C: Temperature Difference, 2 - 1 [ITS-90, deg C]
# name 11 = potemp090C: Potential Temperature [ITS-90, deg C]
# name 12 = potemp190C: Potential Temperature, 2 [ITS-90, deg C]
# name 13 = potemp90Cdiff: Potential Temperature, Diff, 2 - 1 [ITS-90, deg C]
# name 14 = c0S/m: Conductivity [S/m]
# name 15 = c1S/m: Conductivity, 2 [S/m]
# name 16 = C2-C1S/m: Conductivity Difference, 2 - 1 [S/m]
# name 17 = sal00: Salinity, Practical [PSU]
# name 18 = sal11: Salinity, Practical, 2 [PSU]
# name 19 = sbeox0ML/L: Oxygen, SBE 43 [ml/l]
# name 20 = sigma-é00: Density [sigma-theta, kg/m^3]
# name 21 = sigma-é11: Density, 2 [sigma-theta, kg/m^3]
# name 22 = nbf: Bottles Fired
# name 23 = flag:  0.000e+00
# interval = seconds: 0.0416667
# start_time = Oct 19 2023 23:00:40 [NMEA time, header]
# bad_flag = -9.990e-29
*END*
[from data line 1993]
      62236 292.988809  -46.42086  -55.91108     -0.027    1468.76     30.727     30.471     4.5459     4.5465     0.0006     4.5437     4.5443     0.0006   3.220899   3.220940   0.000041    34.0034    34.0032     7.5863    26.9360    26.9358         14  0.000e+00
      62237 292.988810  -46.42086  -55.91108     -0.022    1468.76     30.719     30.463     4.5444     4.5465     0.0021     4.5422     4.5443     0.0021   3.220761   3.220946   0.000185    34.0032    34.0033     7.5863    26.9360    26.9358         14  0.000e+00
      62238 292.988810  -46.42086  -55.91108     -0.014    1468.76     30.775     30.519     4.5428     4.5468     0.0040     4.5406     4.5446     0.0040   3.220677   3.220999   0.000323    34.0039    34.0035     7.5864    26.9367    26.9360         14  0.000e+00
      62239 292.988811  -46.42086  -55.91108     -0.012    1468.76     30.727     30.471     4.5417     4.5470     0.0053     4.5394     4.5448     0.0053   3.220634   3.221011   0.000377    34.0046    34.0035     7.5862    26.9374    26.9360         14  0.000e+00
      62240 292.988811  -46.42086  -55.91108     -0.007    1468.76     30.719     30.463     4.5409     4.5450     0.0041     4.5387     4.5428     0.0041   3.220550   3.220810   0.000260    34.0044    34.0032     7.5807    26.9373    26.9360         14  0.000e+00
      62241 292.988812  -46.42086  -55.91108     -0.001    1468.76     30.783     30.527     4.5401     4.5432     0.0030     4.5379     4.5410     0.0030   3.220490   3.220638   0.000148    34.0045    34.0030     7.5798    26.9375    26.9360         14  0.000e+00
      62242 292.988812  -46.42086  -55.91108      0.007    1468.76     30.775     30.519     4.5394     4.5414     0.0020     4.5372     4.5392     0.0020   3.220442   3.220514   0.000072    34.0046    34.0034     7.5789    26.9377    26.9365         14  0.000e+00
      62243 292.988813  -46.42086  -55.91108      0.009    1468.76     30.727     30.471     4.5388     4.5400     0.0012     4.5366     4.5378     0.0012   3.220424   3.220419  -0.000005    34.0051    34.0038     7.5779    26.9381    26.9369         14  0.000e+00
      62244 292.988813  -46.42086  -55.91108      0.017    1468.76     30.832     30.575     4.5384     4.5399     0.0015     4.5362     4.5376     0.0015   3.220322   3.220419   0.000097    34.0042    34.0039     7.5771    26.9375    26.9370         14  0.000e+00
      62245 292.988814  -46.42086  -55.91108      0.025    1468.76     30.775     30.519     4.5382     4.5397     0.0015     4.5360     4.5375     0.0015   3.220298   3.220407   0.000109    34.0042    34.0039     7.5760    26.9375    26.9371         14  0.000e+00
      62246 292.988814  -46.42086  -55.91108      0.030    1468.76     30.783     30.527     4.5376     4.5399     0.0023     4.5353     4.5377     0.0023   3.220304   3.220419   0.000115    34.0049    34.0039     7.5751    26.9381    26.9371         14  0.000e+00
      62247 292.988815  -46.42086  -55.91108      0.034    1468.76     30.775     30.519     4.5376     4.5395     0.0020     4.5353     4.5373     0.0020   3.220268   3.220383   0.000116    34.0045    34.0038     7.5748    26.9378    26.9370         14  0.000e+00
      62248 292.988815  -46.42086  -55.91108      0.039    1468.76     30.783     30.527     4.5376     4.5386     0.0010     4.5353     4.5363     0.0010   3.220292   3.220283  -0.000009    34.0048    34.0036     7.5745    26.9380    26.9370         14  0.000e+00
      62249 292.988816  -46.42086  -55.91108      0.046    1468.76     30.832     30.575     4.5372     4.5375     0.0002     4.5350     4.5353     0.0002   3.220250   3.220164  -0.000086    34.0046    34.0034     7.5736    26.9379    26.9369         14  0.000e+00
      62250 292.988816  -46.42086  -55.91108      0.054    1468.76     30.848     30.591     4.5367     4.5361    -0.0006     4.5344     4.5338    -0.0006   3.220214   3.220087  -0.000126    34.0048    34.0039     7.5735    26.9381    26.9375         14  0.000e+00
      62251 292.988817  -46.42086  -55.91108      0.061    1468.76     30.832     30.575     4.5359     4.5352    -0.0007     4.5337     4.5330    -0.0007   3.220178   3.220028  -0.000150    34.0051    34.0041     7.5733    26.9384    26.9377         14  0.000e+00
      62252 292.988817  -46.42086  -55.91108      0.068    1468.76     30.832     30.575     4.5353     4.5354     0.0001     4.5331     4.5332     0.0001   3.220136   3.220058  -0.000078    34.0053    34.0042     7.5732    26.9386    26.9378         14  0.000e+00
      62253 292.988818  -46.42086  -55.91108      0.075    1468.76     30.848     30.591     4.5348     4.5357     0.0009     4.5326     4.5335     0.0009   3.220070   3.220093   0.000024    34.0050    34.0043     7.5732    26.9384    26.9378         14  0.000e+00
      62254 292.988818  -46.42086  -55.91108      0.081    1468.76     30.896     30.639     4.5345     4.5363     0.0018     4.5323     4.5341     0.0018   3.220040   3.220147   0.000107    34.0049    34.0043     7.5724    26.9384    26.9377         14  0.000e+00
      62255 292.988818  -46.42086  -55.91108      0.087    1468.76     30.848     30.591     4.5347     4.5362     0.0015     4.5325     4.5340     0.0015   3.220082   3.220141   0.000059    34.0052    34.0044     7.5722    26.9387    26.9378         14  0.000e+00
      62256 292.988819  -46.42086  -55.91108      0.096    1468.76     30.896     30.639     4.5353     4.5359     0.0006     4.5331     4.5337     0.0006   3.220106   3.220111   0.000005    34.0049    34.0043     7.5720    26.9383    26.9378         14  0.000e+00
      62257 292.988819  -46.42086  -55.91108      0.101    1468.76     30.904     30.647     4.5353     4.5354     0.0001     4.5331     4.5332     0.0001   3.220148   3.220058  -0.000090    34.0054    34.0042     7.5719    26.9387    26.9378         14  0.000e+00
      62258 292.988820  -46.42086  -55.91108      0.109    1468.76     30.896     30.639     4.5350     4.5351     0.0001     4.5328     4.5329     0.0001   3.220052   3.220046  -0.000006    34.0046    34.0044     7.5719    26.9381    26.9380         14  0.000e+00
      62259 292.988820  -46.42086  -55.91108      0.112    1468.76     30.896     30.639     4.5345     4.5346     0.0001     4.5323     4.5324     0.0001   3.220034   3.219975  -0.000059    34.0048    34.0041     7.5720    26.9384    26.9378         14  0.000e+00
      62260 292.988821  -46.42086  -55.91108      0.119    1468.76     30.961     30.703     4.5336     4.5342     0.0006     4.5313     4.5319     0.0006   3.219913   3.219957   0.000044    34.0044    34.0043     7.5723    26.9381    26.9380         14  0.000e+00
      62261 292.988821  -46.42086  -55.91108      0.128    1468.76     30.953     30.695     4.5326     4.5343     0.0017     4.5304     4.5321     0.0017   3.219865   3.219933   0.000068    34.0048    34.0038     7.5771    26.9385    26.9376         14  0.000e+00
      62262 292.988822  -46.42086  -55.91108      0.134    1468.76     30.961     30.703     4.5325     4.5341     0.0016     4.5302     4.5319     0.0016   3.219883   3.219945   0.000062    34.0052    34.0042     7.5725    26.9389    26.9379         14  0.000e+00
      62263 292.988822  -46.42086  -55.91108      0.142    1468.76     30.953     30.695     4.5326     4.5342     0.0015     4.5304     4.5319     0.0015   3.219835   3.219910   0.000074    34.0044    34.0037     7.5718    26.9383    26.9375         14  0.000e+00
      62264 292.988823  -46.42086  -55.91108      0.143    1468.76     30.904     30.647     4.5326     4.5338     0.0012     4.5304     4.5316     0.0012   3.219895   3.219916   0.000020    34.0052    34.0042     7.5710    26.9388    26.9379         14  0.000e+00
      62265 292.988823  -46.42086  -55.91108      0.154    1468.76     31.017     30.759     4.5318     4.5335     0.0017     4.5296     4.5313     0.0017   3.219817   3.219886   0.000069    34.0050    34.0041     7.5706    26.9388    26.9379         14  0.000e+00
      62266 292.988824  -46.42086  -55.91108      0.159    1468.76     31.017     30.759     4.5313     4.5330     0.0017     4.5291     4.5308     0.0017   3.219709   3.219874   0.000165    34.0043    34.0045     7.5761    26.9383    26.9382         14  0.000e+00
      62267 292.988824  -46.42086  -55.91108      0.166    1468.76     30.961     30.703     4.5292     4.5322     0.0029     4.5270     4.5300     0.0029   3.219517   3.219785   0.000269    34.0042    34.0043     7.5765    26.9384    26.9382         14  0.000e+00
      62268 292.988825  -46.42086  -55.91108      0.170    1468.76     31.017     30.759     4.5284     4.5311     0.0027     4.5262     4.5289     0.0027   3.219541   3.219685   0.000144    34.0053    34.0042     7.5773    26.9394    26.9382         14  0.000e+00
      62269 292.988825  -46.42086  -55.91108      0.174    1468.76     31.025     30.767     4.5278     4.5303     0.0026     4.5256     4.5281     0.0026   3.219487   3.219667   0.000180    34.0053    34.0048     7.5728    26.9395    26.9388         14  0.000e+00
      62270 292.988826  -46.42086  -55.91108      0.184    1468.76     31.074     30.815     4.5281     4.5303     0.0023     4.5259     4.5281     0.0023   3.219541   3.219643   0.000102    34.0056    34.0045     7.5728    26.9397    26.9385         14  0.000e+00
      62271 292.988826  -46.42086  -55.91108      0.187    1468.76     31.025     30.767     4.5279     4.5303     0.0024     4.5257     4.5281     0.0024   3.219487   3.219614   0.000127    34.0051    34.0041     7.5729    26.9393    26.9383         14  0.000e+00
      62272 292.988827  -46.42086  -55.91108      0.195    1468.76     31.074     30.815     4.5267     4.5296     0.0030     4.5244     4.5274     0.0030   3.219409   3.219560   0.000152    34.0055    34.0042     7.5732    26.9398    26.9384         14  0.000e+00
      62273 292.988827  -46.42086  -55.91108      0.198    1468.76     31.074     30.815     4.5254     4.5284     0.0030     4.5232     4.5262     0.0030   3.219324   3.219460   0.000135    34.0058    34.0043     7.5736    26.9401    26.9386         14  0.000e+00
      62274 292.988828  -46.42086  -55.91108      0.198    1468.76     31.025     30.767     4.5249     4.5275     0.0026     4.5227     4.5252     0.0026   3.219222   3.219359   0.000137    34.0052    34.0041     7.5738    26.9397    26.9386         14  0.000e+00
      62275 292.988828  -46.42086  -55.91108      0.207    1468.76     31.074     30.815     4.5248     4.5262     0.0014     4.5226     4.5240     0.0014   3.219234   3.219294   0.000060    34.0054    34.0046     7.5741    26.9399    26.9391         14  0.000e+00
      62276 292.988829  -46.42088  -55.91108      0.213    1468.76     31.146     30.887     4.5241     4.5259     0.0018     4.5219     4.5237     0.0018   3.219210   3.219217   0.000007    34.0058    34.0040     7.5745    26.9403    26.9387         14  0.000e+00
      62277 292.988829  -46.42088  -55.91108      0.212    1468.76     31.074     30.815     4.5233     4.5245     0.0012     4.5211     4.5223     0.0012   3.219102   3.219110   0.000008    34.0054    34.0042     7.5755    26.9400    26.9390         14  0.000e+00
      62278 292.988830  -46.42088  -55.91108      0.219    1468.76     31.146     30.887     4.5226     4.5238     0.0012     4.5204     4.5216     0.0012   3.219012   3.219057   0.000045    34.0050    34.0043     7.5761    26.9398    26.9391         14  0.000e+00
      62279 292.988830  -46.42088  -55.91108      0.221    1468.76     31.074     30.815     4.5217     4.5232     0.0015     4.5195     4.5210     0.0015   3.219006   3.218980  -0.000026    34.0059    34.0040     7.5764    26.9406    26.9390         14  0.000e+00
      62280 292.988831  -46.42088  -55.91108      0.221    1468.76     31.130     30.871     4.5211     4.5226     0.0015     4.5189     4.5203     0.0015   3.218952   3.218980   0.000028    34.0059    34.0047     7.5770    26.9406    26.9395         14  0.000e+00
      62281 292.988831  -46.42088  -55.91108      0.221    1468.76     31.082     30.823     4.5206     4.5220     0.0014     4.5183     4.5197     0.0014   3.218922   3.218944   0.000023    34.0061    34.0049     7.5774    26.9409    26.9398         14  0.000e+00
      62282 292.988832  -46.42088  -55.91108      0.226    1468.76     31.195     30.935     4.5208     4.5219     0.0011     4.5186     4.5197     0.0011   3.218886   3.218909   0.000023    34.0054    34.0045     7.5779    26.9403    26.9395         14  0.000e+00
      62283 292.988832  -46.42088  -55.91108      0.229    1468.76     31.146     30.887     4.5205     4.5219     0.0014     4.5183     4.5197     0.0014   3.218910   3.218921   0.000011    34.0060    34.0046     7.5783    26.9408    26.9396         14  0.000e+00
      62284 292.988832  -46.42088  -55.91108      0.228    1468.76     31.130     30.871     4.5208     4.5216     0.0009     4.5186     4.5194     0.0009   3.218862   3.218909   0.000047    34.0051    34.0048     7.5788    26.9401    26.9397         14  0.000e+00
      62285 292.988833  -46.42088  -55.91108      0.227    1468.76     31.130     30.871     4.5206     4.5216     0.0011     4.5183     4.5194     0.0011   3.218880   3.218879 -4.801e-07    34.0056    34.0044     7.5793    26.9405    26.9395         14  0.000e+00
      62286 292.988833  -46.42088  -55.91108      0.226    1468.76     31.146     30.887     4.5204     4.5215     0.0011     4.5182     4.5193     0.0011   3.218856   3.218873   0.000018    34.0054    34.0045     7.5852    26.9404    26.9396         14  0.000e+00
      62287 292.988834  -46.42088  -55.91108      0.230    1468.76     31.195     30.935     4.5204     4.5216     0.0013     4.5181     4.5194     0.0013   3.218862   3.218826  -0.000036    34.0055    34.0038     7.5812    26.9405    26.9389         14  0.000e+00
      62288 292.988834  -46.42088  -55.91108      0.227    1468.76     31.146     30.887     4.5203     4.5213     0.0011     4.5180     4.5191     0.0011   3.218844   3.218832  -0.000012    34.0054    34.0042     7.5870    26.9404    26.9393         14  0.000e+00
      62289 292.988835  -46.42088  -55.91108      0.225    1468.76     31.195     30.935     4.5201     4.5213     0.0012     4.5179     4.5191     0.0012   3.218838   3.218844   0.000006    34.0055    34.0043     7.5823    26.9405    26.9394         14  0.000e+00
      62290 292.988835  -46.42088  -55.91108      0.223    1468.76     31.147     30.887     4.5204     4.5213     0.0009     4.5182     4.5191     0.0009   3.218862   3.218820  -0.000042    34.0055    34.0041     7.5820    26.9404    26.9392         14  0.000e+00
      62291 292.988836  -46.42088  -55.91108      0.223    1468.76     31.195     30.935     4.5197     4.5212     0.0014     4.5175     4.5189     0.0014   3.218850   3.218832  -0.000018    34.0060    34.0044     7.5873    26.9409    26.9395         14  0.000e+00
      62292 292.988836  -46.42088  -55.91108      0.215    1468.76     31.130     30.871     4.5203     4.5213     0.0011     4.5180     4.5191     0.0011   3.218838   3.218844   0.000006    34.0054    34.0044     7.5877    26.9404    26.9394         14  0.000e+00
      62293 292.988837  -46.42088  -55.91108      0.216    1468.76     31.203     30.943     4.5204     4.5216     0.0012     4.5182     4.5194     0.0012   3.218820   3.218844   0.000024    34.0050    34.0040     7.5882    26.9400    26.9391         14  0.000e+00
      62294 292.988837  -46.42088  -55.91108      0.213    1468.76     31.195     30.935     4.5203     4.5212     0.0009     4.5180     4.5189     0.0009   3.218916   3.218796  -0.000119    34.0063    34.0039     7.5833    26.9411    26.9391         14  0.000e+00
