Pos-Processados/process_op42/operantar42_024.ros
* Sea-Bird SBE 9 Data File:
* FileName = C:\Users\Hidrografia\Desktop\OPXLII\Brutos\OP42024.hdr
* Software Version Seasave V 7.26.7.107
* Temperature SN = 6502
* Conductivity SN = 4998
* Number of Bytes Per Scan = 37
* Number of Voltage Words = 4
* Number of Scans Averaged by the Deck Unit = 1
* NMEA Latitude = 62 12.92 S
* NMEA Longitude = 058 19.80 W
* NMEA UTC (Time) = Nov 08 2023 11:02:46
* NMEA baud rate = 4800
** H41
** NPOALTEMAXIMIANO
** NUMERO DA ESTACAO (XXX) 024
** LAT (XX XX.XX S/N) 62 12.60 S
** LONG (XXX XX.XX W/E) 058 20.03 W
** DATAHORA (dd/mm/aaaa hh:mm Z) 08/11/2023 1056Z
** PROFUNDIDADE (m) 482
** OPERADOR CT FILIPE LOPES
# nquan = 24
# nvalues = 3767                                  
# units = specified
# name 0 = scan: Scan Count
# name 1 = timeJ: Julian Days
# name 2 = latitude: Latitude [deg]
# name 3 = longitude: Longitude [deg]
# name 4 = dz/dtM: Descent Rate [m/s]
# name 5 = avgsvCM: Average Sound Velocity [Chen-Millero, m/s]
# name 6 = prDM: Pressure, Digiquartz [db]
# name 7 = depSM: Depth [salt water, m]
# name 8 = t090C: Temperature [ITS-90, deg C]
# name 9 = t190C: Temperature, 2 [ITS-90, deg C]
# name 10 = T2-T190C: Temperature Difference, 2 - 1 [ITS-90, deg C]
# name 11 = potemp090C: Potential Temperature [ITS-90, deg C]
# name 12 = potemp190C: Potential Temperature, 2 [ITS-90, deg C]
# name 13 = potemp90Cdiff: Potential Temperature, Diff, 2 - 1 [ITS-90, deg C]
# name 14 = c0S/m: Conductivity [S/m]
# name 15 = c1S/m: Conductivity, 2 [S/m]
# name 16 = C2-C1S/m: Conductivity Difference, 2 - 1 [S/m]
# name 17 = sal00: Salinity, Practical [PSU]
# name 18 = sal11: Salinity, Practical, 2 [PSU]
# name 19 = sbeox0ML/L: Oxygen, SBE 43 [ml/l]
# name 20 = sigma-é00: Density [sigma-theta, kg/m^3]
# name 21 = sigma-é11: Density, 2 [sigma-theta, kg/m^3]
# name 22 = nbf: Bottles Fired
# name 23 = flag:  0.000e+00
# interval = seconds: 0.0416667
# start_time = Nov 08 2023 11:02:46 [NMEA time, header]
# bad_flag = -9.990e-29
*END*
[from data line 1631]
      33546 312.476432  -62.21072  -58.31780     -0.099    1448.57      3.296      3.264    -0.6003    -0.5998     0.0005    -0.6004    -0.5999     0.0005   2.800255   2.800163  -0.000092    34.2969    34.2951     7.5240    27.5672    27.5658         10  0.000e+00
      33547 312.476432  -62.21072  -58.31780     -0.089    1448.57      3.336      3.304    -0.6003    -0.5997     0.0006    -0.6004    -0.5998     0.0006   2.800313   2.800163  -0.000149    34.2976    34.2949     7.5176    27.5678    27.5656         10  0.000e+00
      33548 312.476433  -62.21072  -58.31780     -0.081    1448.57      3.296      3.264    -0.6004    -0.6001     0.0002    -0.6005    -0.6002     0.0002   2.800313   2.800175  -0.000138    34.2977    34.2956     7.5230    27.5679    27.5662         10  0.000e+00
      33549 312.476433  -62.21072  -58.31780     -0.070    1448.57      3.352      3.320    -0.6006    -0.6000     0.0006    -0.6007    -0.6001     0.0006   2.800324   2.800163  -0.000160    34.2981    34.2952     7.5166    27.5682    27.5659         10  0.000e+00
      33550 312.476434  -62.21072  -58.31780     -0.058    1448.57      3.352      3.320    -0.6007    -0.6000     0.0007    -0.6008    -0.6001     0.0007   2.800227   2.800141  -0.000086    34.2968    34.2949     7.5220    27.5672    27.5657         10  0.000e+00
      33551 312.476434  -62.21072  -58.31780     -0.046    1448.57      3.352      3.320    -0.6006    -0.6003     0.0003    -0.6007    -0.6004     0.0003   2.800176   2.800152  -0.000023    34.2961    34.2954     7.5220    27.5666    27.5661         10  0.000e+00
      33552 312.476435  -62.21072  -58.31780     -0.034    1448.57      3.409      3.376    -0.6007    -0.6001     0.0005    -0.6008    -0.6002     0.0005   2.800130   2.800152   0.000022    34.2955    34.2952     7.5219    27.5661    27.5659         10  0.000e+00
      33553 312.476435  -62.21072  -58.31780     -0.025    1448.57      3.352      3.320    -0.6010    -0.6001     0.0008    -0.6011    -0.6002     0.0008   2.800101   2.800118   0.000017    34.2955    34.2948     7.5154    27.5661    27.5655         10  0.000e+00
      33554 312.476436  -62.21072  -58.31780     -0.009    1448.57      3.409      3.376    -0.6010    -0.6003     0.0007    -0.6011    -0.6004     0.0007   2.800153   2.800147  -0.000006    34.2962    34.2953     7.5217    27.5667    27.5660         10  0.000e+00
      33555 312.476436  -62.21072  -58.31780      0.003    1448.57      3.409      3.376    -0.6011    -0.6003     0.0008    -0.6012    -0.6004     0.0008   2.800153   2.800141  -0.000012    34.2963    34.2952     7.5215    27.5668    27.5659         10  0.000e+00
      33556 312.476437  -62.21072  -58.31780      0.010    1448.57      3.409      3.376    -0.6015    -0.6003     0.0012    -0.6016    -0.6004     0.0012   2.800204   2.800169  -0.000035    34.2974    34.2956     7.5214    27.5677    27.5662         10  0.000e+00
      33557 312.476437  -62.21072  -58.31780      0.025    1448.57      3.457      3.424    -0.6011    -0.6001     0.0009    -0.6012    -0.6002     0.0009   2.800261   2.800147  -0.000115    34.2977    34.2951     7.5221    27.5679    27.5658         10  0.000e+00
      33558 312.476438  -62.21072  -58.31780      0.041    1448.57      3.473      3.440    -0.6013    -0.6005     0.0008    -0.6014    -0.6006     0.0008   2.800216   2.800135  -0.000080    34.2973    34.2953     7.5219    27.5676    27.5660         10  0.000e+00
      33559 312.476438  -62.21072  -58.31780      0.049    1448.57      3.409      3.376    -0.6014    -0.6008     0.0006    -0.6015    -0.6009     0.0006   2.800216   2.800113  -0.000103    34.2975    34.2954     7.5216    27.5678    27.5661         10  0.000e+00
      33560 312.476439  -62.21072  -58.31780      0.064    1448.57      3.529      3.495    -0.6015    -0.6008     0.0006    -0.6016    -0.6009     0.0006   2.800164   2.800119  -0.000046    34.2968    34.2955     7.5225    27.5672    27.5661         10  0.000e+00
      33561 312.476439  -62.21072  -58.31780      0.076    1448.57      3.473      3.440    -0.6014    -0.6005     0.0009    -0.6015    -0.6006     0.0009   2.800107   2.800090  -0.000017    34.2960    34.2947     7.5232    27.5666    27.5655         10  0.000e+00
      33562 312.476440  -62.21072  -58.31780      0.087    1448.57      3.529      3.495    -0.6011    -0.6008     0.0003    -0.6012    -0.6009     0.0003   2.800113   2.800119   0.000006    34.2957    34.2954     7.5175    27.5663    27.5661         10  0.000e+00
      33563 312.476440  -62.21072  -58.31780      0.101    1448.57      3.529      3.495    -0.6011    -0.6006     0.0005    -0.6012    -0.6007     0.0005   2.800102   2.800135   0.000034    34.2955    34.2954     7.5226    27.5661    27.5661         10  0.000e+00
      33564 312.476440  -62.21072  -58.31780      0.114    1448.57      3.529      3.495    -0.6011    -0.6006     0.0005    -0.6012    -0.6007     0.0005   2.800136   2.800124  -0.000012    34.2959    34.2953     7.5222    27.5665    27.5660         10  0.000e+00
      33565 312.476441  -62.21072  -58.31780      0.124    1448.57      3.529      3.495    -0.6013    -0.6005     0.0008    -0.6014    -0.6006     0.0008   2.800204   2.800090  -0.000114    34.2971    34.2947     7.5229    27.5675    27.5655         10  0.000e+00
      33566 312.476441  -62.21072  -58.31780      0.135    1448.57      3.586      3.551    -0.6012    -0.6006     0.0006    -0.6013    -0.6007     0.0006   2.800227   2.800102  -0.000125    34.2973    34.2949     7.5225    27.5677    27.5657         10  0.000e+00
      33567 312.476442  -62.21072  -58.31780      0.149    1448.57      3.578      3.543    -0.6010    -0.6003     0.0007    -0.6011    -0.6004     0.0007   2.800244   2.800124  -0.000120    34.2973    34.2949     7.5231    27.5676    27.5656         10  0.000e+00
      33568 312.476442  -62.21072  -58.31780      0.160    1448.57      3.586      3.551    -0.6011    -0.6005     0.0006    -0.6012    -0.6006     0.0006   2.800210   2.800147  -0.000063    34.2969    34.2954     7.5238    27.5673    27.5661         10  0.000e+00
      33569 312.476443  -62.21072  -58.31780      0.167    1448.57      3.586      3.551    -0.6013    -0.6005     0.0008    -0.6014    -0.6006     0.0008   2.800136   2.800102  -0.000034    34.2962    34.2948     7.5235    27.5667    27.5656         10  0.000e+00
      33570 312.476443  -62.21072  -58.31780      0.176    1448.57      3.586      3.551    -0.6014    -0.6003     0.0011    -0.6015    -0.6004     0.0011   2.800079   2.800102   0.000023    34.2955    34.2946     7.5231    27.5662    27.5654         10  0.000e+00
      33571 312.476444  -62.21072  -58.31780      0.189    1448.57      3.650      3.615    -0.6018    -0.6005     0.0013    -0.6019    -0.6006     0.0013   2.800067   2.800124   0.000057    34.2957    34.2951     7.5227    27.5664    27.5658         10  0.000e+00
      33572 312.476444  -62.21070  -58.31780      0.200    1448.57      3.650      3.615    -0.6016    -0.6005     0.0011    -0.6017    -0.6006     0.0011   2.800050   2.800124   0.000074    34.2953    34.2951     7.5221    27.5660    27.5658         10  0.000e+00
      33573 312.476445  -62.21070  -58.31780      0.203    1448.57      3.586      3.551    -0.6018    -0.6006     0.0011    -0.6019    -0.6007     0.0011   2.800079   2.800130   0.000051    34.2959    34.2953     7.5215    27.5665    27.5660         10  0.000e+00
      33574 312.476445  -62.21070  -58.31780      0.217    1448.57      3.706      3.671    -0.6019    -0.6008     0.0011    -0.6020    -0.6009     0.0011   2.800113   2.800113 -3.502e-08    34.2964    34.2952     7.5220    27.5670    27.5659         10  0.000e+00
      33575 312.476446  -62.21070  -58.31780      0.218    1448.57      3.586      3.551    -0.6018    -0.6008     0.0010    -0.6019    -0.6009     0.0010   2.800216   2.800090  -0.000125    34.2978    34.2950     7.5222    27.5680    27.5657         10  0.000e+00
      33576 312.476446  -62.21070  -58.31780      0.231    1448.57      3.706      3.671    -0.6017    -0.6006     0.0011    -0.6018    -0.6007     0.0011   2.800187   2.800096  -0.000091    34.2972    34.2948     7.5228    27.5676    27.5656         10  0.000e+00
      33577 312.476447  -62.21070  -58.31780      0.235    1448.57      3.650      3.615    -0.6018    -0.6008     0.0010    -0.6019    -0.6009     0.0010   2.800187   2.800102  -0.000085    34.2973    34.2951     7.5231    27.5677    27.5658         10  0.000e+00
      33578 312.476447  -62.21070  -58.31780      0.240    1448.57      3.698      3.663    -0.6017    -0.6008     0.0009    -0.6018    -0.6009     0.0009   2.800136   2.800090  -0.000045    34.2966    34.2949     7.5236    27.5670    27.5657         10  0.000e+00
      33579 312.476448  -62.21070  -58.31780      0.248    1448.57      3.706      3.671    -0.6019    -0.6008     0.0011    -0.6020    -0.6009     0.0011   2.800079   2.800085   0.000006    34.2960    34.2948     7.5231    27.5666    27.5656         10  0.000e+00
      33580 312.476448  -62.21070  -58.31780      0.251    1448.57      3.706      3.671    -0.6020    -0.6009     0.0011    -0.6021    -0.6010     0.0011   2.800067   2.800102   0.000034    34.2960    34.2952     7.5235    27.5666    27.5659         10  0.000e+00
      33581 312.476449  -62.21070  -58.31780      0.257    1448.57      3.706      3.671    -0.6017    -0.6008     0.0009    -0.6018    -0.6010     0.0009   2.800067   2.800102   0.000034    34.2956    34.2951     7.5238    27.5663    27.5658         10  0.000e+00
      33582 312.476449  -62.21070  -58.31780      0.258    1448.57      3.706      3.671    -0.6018    -0.6013     0.0005    -0.6019    -0.6014     0.0005   2.800107   2.800085  -0.000022    34.2962    34.2954     7.5231    27.5668    27.5661         10  0.000e+00
      33583 312.476450  -62.21070  -58.31780      0.262    1448.57      3.706      3.671    -0.6022    -0.6013     0.0009    -0.6023    -0.6014     0.0009   2.800136   2.800062  -0.000073    34.2971    34.2951     7.5225    27.5675    27.5658         10  0.000e+00
      33584 312.476450  -62.21070  -58.31780      0.265    1448.57      3.771      3.735    -0.6019    -0.6014     0.0005    -0.6020    -0.6015     0.0005   2.800147   2.800034  -0.000113    34.2969    34.2948     7.5217    27.5673    27.5656         10  0.000e+00
      33585 312.476451  -62.21070  -58.31780      0.267    1448.57      3.706      3.671    -0.6022    -0.6014     0.0008    -0.6023    -0.6015     0.0008   2.800147   2.800062  -0.000085    34.2972    34.2952     7.5209    27.5676    27.5659         10  0.000e+00
      33586 312.476451  -62.21070  -58.31780      0.270    1448.57      3.771      3.735    -0.6022    -0.6013     0.0010    -0.6023    -0.6014     0.0010   2.800181   2.800096  -0.000085    34.2977    34.2955     7.5201    27.5680    27.5661         10  0.000e+00
      33587 312.476452  -62.21070  -58.31780      0.266    1448.57      3.706      3.671    -0.6023    -0.6011     0.0012    -0.6024    -0.6012     0.0012   2.800096   2.800068  -0.000028    34.2967    34.2949     7.5203    27.5672    27.5657         10  0.000e+00
      33588 312.476452  -62.21070  -58.31780      0.268    1448.57      3.771      3.735    -0.6022    -0.6011     0.0011    -0.6023    -0.6012     0.0011   2.800045   2.800057   0.000012    34.2959    34.2947     7.5205    27.5665    27.5655         10  0.000e+00
      33589 312.476453  -62.21070  -58.31780      0.264    1448.57      3.755      3.719    -0.6022    -0.6013     0.0009    -0.6023    -0.6014     0.0009   2.800039   2.800068   0.000029    34.2957    34.2951     7.5207    27.5664    27.5659         10  0.000e+00
      33590 312.476453  -62.21070  -58.31780      0.263    1448.57      3.771      3.735    -0.6022    -0.6011     0.0011    -0.6023    -0.6012     0.0011   2.800039   2.800079   0.000040    34.2958    34.2950     7.5209    27.5664    27.5658         10  0.000e+00
      33591 312.476454  -62.21070  -58.31780      0.262    1448.57      3.771      3.735    -0.6023    -0.6013     0.0011    -0.6024    -0.6014     0.0011   2.800062   2.800085   0.000023    34.2962    34.2953     7.5210    27.5668    27.5660         10  0.000e+00
      33592 312.476454  -62.21070  -58.31780      0.259    1448.57      3.771      3.735    -0.6021    -0.6008     0.0013    -0.6022    -0.6009     0.0013   2.800085   2.800085 3.8483e-07    34.2963    34.2948     7.5211    27.5668    27.5656         10  0.000e+00
      33593 312.476454  -62.21070  -58.31780      0.251    1448.57      3.706      3.671    -0.6020    -0.6011     0.0010    -0.6021    -0.6012     0.0010   2.800130   2.800074  -0.000056    34.2969    34.2950     7.5212    27.5673    27.5658         10  0.000e+00
      33594 312.476455  -62.21070  -58.31780      0.246    1448.57      3.771      3.735    -0.6024    -0.6008     0.0016    -0.6025    -0.6009     0.0016   2.800164   2.800096  -0.000068    34.2977    34.2949     7.5215    27.5680    27.5657         10  0.000e+00
      33595 312.476455  -62.21070  -58.31780      0.243    1448.57      3.827      3.790    -0.6022    -0.6013     0.0009    -0.6023    -0.6014     0.0009   2.800113   2.800091  -0.000023    34.2967    34.2954     7.5217    27.5672    27.5661         10  0.000e+00
      33596 312.476456  -62.21070  -58.31780      0.238    1448.57      3.771      3.735    -0.6022    -0.6013     0.0010    -0.6023    -0.6014     0.0010   2.800113   2.800085  -0.000028    34.2968    34.2953     7.5208    27.5672    27.5660         10  0.000e+00
      33597 312.476456  -62.21070  -58.31780      0.230    1448.57      3.771      3.735    -0.6023    -0.6011     0.0012    -0.6024    -0.6012     0.0012   2.800056   2.800096   0.000040    34.2961    34.2953     7.5210    27.5667    27.5660         10  0.000e+00
      33598 312.476457  -62.21070  -58.31780      0.224    1448.57      3.771      3.735    -0.6022    -0.6014     0.0008    -0.6023    -0.6015     0.0008   2.800022   2.800046   0.000024    34.2956    34.2949     7.5200    27.5663    27.5657         10  0.000e+00
      33599 312.476457  -62.21070  -58.31780      0.213    1448.57      3.706      3.671    -0.6023    -0.6011     0.0012    -0.6024    -0.6012     0.0012   2.800079   2.800046  -0.000033    34.2965    34.2946     7.5200    27.5670    27.5655         10  0.000e+00
      33600 312.476458  -62.21070  -58.31780      0.207    1448.57      3.811      3.775    -0.6022    -0.6013     0.0009    -0.6023    -0.6014     0.0009   2.800073   2.800091   0.000017    34.2962    34.2954     7.5202    27.5667    27.5661         10  0.000e+00
      33601 312.476458  -62.21070  -58.31780      0.201    1448.57      3.771      3.735    -0.6022    -0.6011     0.0011    -0.6023    -0.6012     0.0011   2.800124   2.800079  -0.000045    34.2969    34.2950     7.5202    27.5674    27.5658         10  0.000e+00
      33602 312.476459  -62.21070  -58.31780      0.191    1448.57      3.771      3.735    -0.6023    -0.6013     0.0011    -0.6024    -0.6014     0.0011   2.800181   2.800057  -0.000125    34.2978    34.2949     7.5192    27.5681    27.5657         11  0.000e+00
      33603 312.476459  -62.21070  -58.31780      0.180    1448.57      3.706      3.671    -0.6019    -0.6011     0.0008    -0.6020    -0.6012     0.0008   2.800159   2.800057  -0.000102    34.2971    34.2948     7.5191    27.5675    27.5656         11  0.000e+00
      33604 312.476460  -62.21070  -58.31780      0.171    1448.57      3.771      3.735    -0.6020    -0.6014     0.0007    -0.6021    -0.6015     0.0007   2.800147   2.800074  -0.000074    34.2971    34.2953     7.5129    27.5675    27.5660         11  0.000e+00
