Pos-Processados/process_op42/operantar42_032.cnv
* Sea-Bird SBE 9 Data File:
* FileName = C:\Users\Hidrografia\Desktop\OPXLII\Brutos\OP42032.hdr
* Software Version Seasave V 7.26.7.107
* Temperature SN = 6502
* Conductivity SN = 4998
* Number of Bytes Per Scan = 37
* Number of Voltage Words = 4
* Number of Scans Averaged by the Deck Unit = 1
* NMEA Latitude = 62 08.42 S
* NMEA Longitude = 058 26.62 W
* NMEA UTC (Time) = Nov 09 2023 07:09:23
* NMEA baud rate = 4800
** H41
** NPOALTEMAXIMIANO
** NUMERO DA ESTACAO (XXX) 032
** LAT (XX XX.XX S/N) 62 08.4 S
** LONG (XXX XX.XX W/E) 058 26.6 W
** DATAHORA (dd/mm/aaaa hh:mm Z) 09/11/2023 0708Z
** PROFUNDIDADE (m) 425
** OPERADOR CT FABIREZA
# nquan = 30
# nvalues = 775                         
# units = specified
# name 0 = scan: Scan Count
# name 1 = timeJ: Julian Days
# name 2 = latitude: Latitude [deg]
# name 3 = longitude: Longitude [deg]
# name 4 = dz/dtM: Descent Rate [m/s]
# name 5 = avgsvCM: Average Sound Velocity [Chen-Millero, m/s]
# name 6 = prDM: Pressure, Digiquartz [db]
# name 7 = depSM: Depth [salt water, m]
# name 8 = t090C: Temperature [ITS-90, deg C]
# name 9 = t190C: Temperature, 2 [ITS-90, deg C]
# name 10 = T2-T190C: Temperature Difference, 2 - 1 [ITS-90, deg C]
# name 11 = potemp090C: Potential Temperature [ITS-90, deg C]
# name 12 = potemp190C: Potential Temperature, 2 [ITS-90, deg C]
# name 13 = potemp90Cdiff: Potential Temperature, Diff, 2 - 1 [ITS-90, deg C]
# name 14 = c0S/m: Conductivity [S/m]
# name 15 = c1S/m: Conductivity, 2 [S/m]
# name 16 = C2-C1S/m: Conductivity Difference, 2 - 1 [S/m]
# name 17 = sal00: Salinity, Practical [PSU]
# name 18 = sal11: Salinity, Practical, 2 [PSU]
# name 19 = sbeox0ML/L: Oxygen, SBE 43 [ml/l]
# name 20 = sigma-é00: Density [sigma-theta, kg/m^3]
# name 21 = sigma-é11: Density, 2 [sigma-theta, kg/m^3]
# name 22 = sal00: Salinity, Practical [PSU]
# name 23 = sigma-é00: Density [sigma-theta, kg/m^3]
# name 24 = svCM: Sound Velocity [Chen-Millero, m/s]
# name 25 = svCM1: Sound Velocity, 2 [Chen-Millero, m/s]
# name 26 = gsw_ptA0: potential temperature [ITS-90, deg C]
# name 27 = gsw_densityA0: density, TEOS-10 [density, kg/m^3]
# name 28 = gsw_saA0: Absolute Salinity [g/kg]
# name 29 = flag:
# span 0 =       3138,      26939       
# span 1 = 313.299696, 313.311174       
# span 2 =  -62.14520,  -62.14094       
# span 3 =  -58.44358,  -58.44076       
# span 4 =     -1.137,      1.086       
# span 5 =       0.00,    1448.41       
# span 6 =      1.000,    388.000       
# span 7 =      0.999,    383.910       
# span 8 =    -0.8345,    -0.5351       
# span 9 =    -0.8336,    -0.5285       
# span 10 =    -0.0105,     0.0221      
# span 11 =    -0.8423,    -0.5351      
# span 12 =    -0.8414,    -0.5286      
# span 13 =    -0.0105,     0.0220      
# span 14 =   2.792313,   2.827590      
# span 15 =   2.792308,   2.827571      
# span 16 =  -0.001011,   0.002255      
# span 17 =    34.2794,    34.4128      
# span 18 =    34.2803,    34.4118      
# span 19 =     6.6532,     7.7205      
# span 20 =    27.5523,    27.6612      
# span 21 =    27.5528,    27.6604      
# span 22 =    34.2820,    34.4130      
# span 23 =    27.5532,    27.6613      
# span 24 =    1445.61,    1451.92      
# span 25 =    1445.61,    1451.93      
# span 26 =    -0.8421,    -0.5351      
# span 27 =  1027.5625,  1029.5126      
# span 28 =    34.4437,    34.5813      
# span 29 = 0.0000e+00, 0.0000e+00      
# interval = decibars: 1                
# start_time = Nov 09 2023 07:09:23 [NMEA time, header]
# bad_flag = -9.990e-29
*END*
[from data line 726]
      25294 313.310380  -62.14492  -58.44092     -0.878    1448.31     49.000     48.524    -0.5570    -0.5562     0.0008    -0.5585    -0.5576     0.0008   2.805175   2.805140  -0.000035    34.2857    34.2842     7.6201    27.5564    27.5552    34.2857    27.5564    1446.40    1446.40    -0.5584  1027.7952    34.4510 0.0000e+00
      25320 313.310393 -9.990e-29  -58.44092     -0.911    1448.31     48.000     47.534    -0.5568    -0.5561     0.0007    -0.5583    -0.5576     0.0007   2.805135   2.805095  -0.000045    34.2856    34.2842     7.6211    27.5563    27.5551    34.2856    27.5563    1446.38    1446.38    -0.5582  1027.7873    34.4472 0.0000e+00
      25346 313.310406 -9.990e-29  -58.44092     -0.921    1448.31     47.000     46.544    -0.5567    -0.5560     0.0007    -0.5581    -0.5574     0.0007   2.805106   2.805065  -0.000044    34.2857    34.2842     7.6165    27.5563    27.5551    34.2857    27.5563    1446.37    1446.37    -0.5581  1027.7826    34.4474 0.0000e+00
      25373 313.310419 -9.990e-29  -58.44090     -0.905    1448.31     46.000     45.554    -0.5564    -0.5558     0.0006    -0.5577    -0.5572     0.0006   2.805085   2.805029  -0.000055    34.2856    34.2842     7.6180    27.5563    27.5551    34.2857    27.5563    1446.35    1446.35    -0.5578  1027.7779    34.4474 0.0000e+00
      25400 313.310432  -62.14495  -58.44090     -0.884    1448.31     45.000     44.563    -0.5563    -0.5554     0.0009    -0.5576    -0.5568     0.0009   2.805049   2.805009  -0.000039    34.2856    34.2841     7.6155    27.5563    27.5550    34.2857    27.5563    1446.34    1446.34    -0.5576  1027.7741    34.4487 0.0000e+00
      25427 313.310444  -62.14496  -58.44090     -0.893    1448.31     44.000     43.573    -0.5571    -0.5559     0.0013    -0.5585    -0.5572     0.0013   2.804922   2.804938   0.000015    34.2856    34.2844     7.6203    27.5563    27.5552    34.2855    27.5562    1446.32    1446.32    -0.5584  1027.7713    34.4511 0.0000e+00
      25452 313.310457  -62.14496  -58.44090     -0.917    1448.31     43.000     42.583    -0.5579    -0.5566     0.0013    -0.5592    -0.5578     0.0013   2.804821   2.804847   0.000022    34.2858    34.2846     7.6135    27.5564    27.5554    34.2857    27.5564    1446.30    1446.30    -0.5592  1027.7666    34.4512 0.0000e+00
      25477 313.310469  -62.14496  -58.44090     -0.947    1448.31     42.000     41.593    -0.5582    -0.5571     0.0010    -0.5595    -0.5584     0.0010   2.804786   2.804752  -0.000031    34.2862    34.2846     7.6081    27.5568    27.5555    34.2862    27.5568    1446.28    1446.28    -0.5594  1027.7623    34.4516 0.0000e+00
      25502 313.310481  -62.14496  -58.44090     -0.969    1448.31     41.000     40.603    -0.5584    -0.5574     0.0010    -0.5596    -0.5587     0.0010   2.804671   2.804684   0.000014    34.2855    34.2846     7.6154    27.5563    27.5555    34.2854    27.5562    1446.26    1446.27    -0.5596  1027.7569    34.4509 0.0000e+00
      25527 313.310493  -62.14497  -58.44090     -0.966    1448.31     40.000     39.613    -0.5583    -0.5576     0.0007    -0.5595    -0.5588     0.0007   2.804686   2.804626  -0.000064    34.2863    34.2846     7.6308    27.5569    27.5555    34.2862    27.5568    1446.25    1446.25    -0.5595  1027.7527    34.4516 0.0000e+00
      25553 313.310506  -62.14498  -58.44090     -0.935    1448.31     39.000     38.622    -0.5582    -0.5575     0.0007    -0.5593    -0.5587     0.0007   2.804576   2.804589   0.000018    34.2852    34.2846     7.6257    27.5560    27.5555    34.2852    27.5560    1446.23    1446.23    -0.5593  1027.7471    34.4506 0.0000e+00
      25581 313.310519  -62.14498  -58.44089     -0.893    1448.31     38.000     37.632    -0.5581    -0.5574     0.0007    -0.5592    -0.5585     0.0007   2.804615   2.804538  -0.000080    34.2863    34.2844     7.6215    27.5569    27.5553    34.2862    27.5568    1446.22    1446.22    -0.5592  1027.7431    34.4517 0.0000e+00
      25607 313.310532  -62.14498  -58.44088     -0.889    1448.31     37.000     36.642    -0.5579    -0.5572     0.0007    -0.5590    -0.5583     0.0007   2.804502   2.804496  -0.000005    34.2852    34.2843     7.6184    27.5559    27.5552    34.2851    27.5559    1446.20    1446.20    -0.5590  1027.7374    34.4505 0.0000e+00
      25632 313.310544  -62.14498  -58.44088     -0.933    1448.31     36.000     35.651    -0.5577    -0.5570     0.0006    -0.5588    -0.5581     0.0006   2.804536   2.804454  -0.000078    34.2859    34.2842     7.6245    27.5566    27.5551    34.2859    27.5566    1446.19    1446.19    -0.5587  1027.7333    34.4513 0.0000e+00
      25657 313.310556  -62.14498  -58.44088     -0.964    1448.31     35.000     34.661    -0.5577    -0.5570     0.0007    -0.5588    -0.5580     0.0007   2.804445   2.804411  -0.000040    34.2855    34.2841     7.6187    27.5562    27.5551    34.2854    27.5561    1446.17    1446.17    -0.5587  1027.7280    34.4508 0.0000e+00
      25683 313.310568  -62.14500  -58.44088     -0.937    1448.31     34.000     33.671    -0.5578    -0.5569     0.0009    -0.5588    -0.5579     0.0009   2.804348   2.804365   0.000019    34.2848    34.2840     7.6127    27.5556    27.5550    34.2848    27.5556    1446.15    1446.15    -0.5588  1027.7228    34.4501 0.0000e+00
      25712 313.310582  -62.14500  -58.44088     -0.877    1448.31     33.000     32.681    -0.5578    -0.5570     0.0008    -0.5588    -0.5580     0.0008   2.804394   2.804313  -0.000079    34.2861    34.2841     7.6244    27.5567    27.5551    34.2861    27.5567    1446.14    1446.14    -0.5588  1027.7171    34.4491 0.0000e+00
      25743 313.310597 -9.990e-29 -9.990e-29     -0.788    1448.31     32.000     31.691    -0.5579    -0.5571     0.0008    -0.5589    -0.5581     0.0008   2.804278   2.804267  -0.000015    34.2853    34.2842     7.6250    27.5560    27.5552    34.2852    27.5560    1446.12    1446.12    -0.5588  1027.7110    34.4474 0.0000e+00
      25772 313.310611 -9.990e-29 -9.990e-29     -0.802    1448.31     31.000     30.700    -0.5579    -0.5571     0.0008    -0.5588    -0.5580     0.0008   2.804185   2.804213   0.000027    34.2846    34.2840     7.6310    27.5555    27.5550    34.2846    27.5555    1446.10    1446.10    -0.5588  1027.7057    34.4468 0.0000e+00
      25799 313.310624  -62.14502  -58.44086     -0.866    1448.31     30.000     29.710    -0.5578    -0.5570     0.0008    -0.5587    -0.5579     0.0008   2.804196   2.804169  -0.000020    34.2852    34.2840     7.6254    27.5559    27.5550    34.2852    27.5560    1446.09    1446.09    -0.5587  1027.7021    34.4483 0.0000e+00
      25824 313.310636  -62.14502  -58.44086     -0.929    1448.31     29.000     28.720    -0.5579    -0.5570     0.0008    -0.5587    -0.5579     0.0008   2.804195   2.804119  -0.000076    34.2859    34.2840     7.6249    27.5565    27.5549    34.2859    27.5565    1446.07    1446.07    -0.5587  1027.6997    34.4512 0.0000e+00
      25849 313.310648  -62.14502  -58.44086     -0.963    1448.31     28.000     27.729    -0.5579    -0.5570     0.0009    -0.5588    -0.5579     0.0009   2.804130   2.804073  -0.000060    34.2858    34.2840     7.6309    27.5564    27.5550    34.2857    27.5564    1446.05    1446.06    -0.5587  1027.6948    34.4510 0.0000e+00
      25874 313.310660  -62.14502  -58.44086     -0.966    1448.31     27.000     26.739    -0.5580    -0.5571     0.0009    -0.5588    -0.5579     0.0009   2.804057   2.804020  -0.000040    34.2855    34.2840     7.6274    27.5562    27.5549    34.2854    27.5561    1446.04    1446.04    -0.5588  1027.6897    34.4507 0.0000e+00
      25900 313.310673  -62.14504  -58.44086     -0.941    1448.31     26.000     25.749    -0.5581    -0.5573     0.0008    -0.5588    -0.5580     0.0008   2.803999   2.803976  -0.000025    34.2854    34.2842     7.6199    27.5561    27.5551    34.2853    27.5561    1446.02    1446.02    -0.5588  1027.6849    34.4506 0.0000e+00
      25934 313.310689  -62.14504  -58.44086     -0.774    1448.31     25.000     24.760    -0.5581    -0.5572     0.0009    -0.5589    -0.5580     0.0009   2.803942   2.803922  -0.000019    34.2853    34.2840     7.6232    27.5560    27.5550    34.2852    27.5560    1446.00    1446.01    -0.5588  1027.6800    34.4505 0.0000e+00
      25977 313.310710  -62.14504  -58.44086     -0.541    1448.31     24.000     23.768    -0.5581    -0.5573     0.0009    -0.5589    -0.5580     0.0009   2.803896   2.803874  -0.000022    34.2853    34.2841     7.6329    27.5561    27.5550    34.2853    27.5560    1445.99    1445.99    -0.5588  1027.6753    34.4505 0.0000e+00
      26018 313.310729  -62.14505  -58.44086     -0.585    1448.31     23.000     22.778    -0.5581    -0.5573     0.0008    -0.5588    -0.5580     0.0008   2.803874   2.803823  -0.000047    34.2856    34.2840     7.6258    27.5563    27.5550    34.2856    27.5563    1445.97    1445.97    -0.5588  1027.6711    34.4513 0.0000e+00
      26054 313.310747  -62.14506 -9.990e-29     -0.659    1448.31     22.000     21.789    -0.5582    -0.5575     0.0007    -0.5589    -0.5581     0.0007   2.803849   2.803774  -0.000074    34.2860    34.2841     7.6272    27.5566    27.5551    34.2859    27.5566    1445.96    1445.96    -0.5588  1027.6666    34.4516 0.0000e+00
      26094 313.310766  -62.14506  -58.44084     -0.609    1448.31     21.000     20.796    -0.5583    -0.5575     0.0008    -0.5589    -0.5581     0.0008   2.803782   2.803725  -0.000056    34.2858    34.2841     7.6257    27.5565    27.5551    34.2857    27.5564    1445.94    1445.94    -0.5589  1027.6616    34.4513 0.0000e+00
      26131 313.310784  -62.14506  -58.44084     -0.631    1448.31     20.000     19.807    -0.5583    -0.5575     0.0008    -0.5589    -0.5581     0.0008   2.803722   2.803679  -0.000046    34.2857    34.2841     7.6341    27.5564    27.5550    34.2856    27.5563    1445.92    1445.92    -0.5589  1027.6564    34.4508 0.0000e+00
      26165 313.310800  -62.14508  -58.44084     -0.699    1448.31     19.000     18.817    -0.5584    -0.5576     0.0008    -0.5590    -0.5581     0.0008   2.803617   2.803628   0.000010    34.2850    34.2842     7.6292    27.5558    27.5551    34.2849    27.5557    1445.90    1445.91    -0.5590  1027.6510    34.4501 0.0000e+00
      26199 313.310817  -62.14508  -58.44084     -0.713    1448.31     18.000     17.827    -0.5584    -0.5576     0.0008    -0.5590    -0.5582     0.0008   2.803626   2.803573  -0.000047    34.2857    34.2841     7.6264    27.5564    27.5551    34.2857    27.5564    1445.89    1445.89    -0.5589  1027.6469    34.4510 0.0000e+00
      26233 313.310833  -62.14508  -58.44084     -0.697    1448.31     17.000     16.836    -0.5585    -0.5576     0.0008    -0.5590    -0.5581     0.0008   2.803574   2.803524  -0.000055    34.2858    34.2841     7.6257    27.5564    27.5550    34.2856    27.5563    1445.87    1445.88    -0.5590  1027.6421    34.4509 0.0000e+00
      26266 313.310849  -62.14510  -58.44082     -0.716    1448.31     16.000     15.846    -0.5585    -0.5577     0.0008    -0.5590    -0.5582     0.0008   2.803470   2.803478   0.000008    34.2849    34.2841     7.6240    27.5558    27.5551    34.2849    27.5557    1445.86    1445.86    -0.5590  1027.6367    34.4502 0.0000e+00
      26299 313.310865  -62.14510  -58.44082     -0.741    1448.31     15.000     14.855    -0.5586    -0.5577     0.0009    -0.5590    -0.5581     0.0009   2.803498   2.803430  -0.000065    34.2860    34.2841     7.6195    27.5566    27.5551    34.2860    27.5566    1445.84    1445.84    -0.5590  1027.6328    34.4513 0.0000e+00
      26333 313.310881  -62.14510  -58.44082     -0.716    1448.31     14.000     13.865    -0.5586    -0.5578     0.0008    -0.5590    -0.5582     0.0008   2.803390   2.803382  -0.000012    34.2852    34.2842     7.6231    27.5560    27.5551    34.2852    27.5559    1445.82    1445.83    -0.5590  1027.6274    34.4505 0.0000e+00
      26367 313.310898  -62.14511  -58.44082     -0.693    1448.31     13.000     12.875    -0.5586    -0.5578     0.0008    -0.5590    -0.5582     0.0008   2.803395   2.803331  -0.000061    34.2859    34.2841     7.6291    27.5565    27.5551    34.2859    27.5566    1445.81    1445.81    -0.5590  1027.6232    34.4513 0.0000e+00
      26399 313.310913  -62.14512  -58.44082     -0.739    1448.31     12.000     11.885    -0.5587    -0.5578     0.0009    -0.5591    -0.5582     0.0009   2.803280   2.803283   0.000001    34.2851    34.2841     7.6261    27.5559    27.5551    34.2851    27.5559    1445.79    1445.79    -0.5591  1027.6169    34.4493 0.0000e+00
      26429 313.310928 -9.990e-29  -58.44082     -0.793    1448.31     11.000     10.894    -0.5587    -0.5579     0.0008    -0.5590    -0.5582     0.0008   2.803283   2.803232  -0.000052    34.2857    34.2841     7.6257    27.5564    27.5551    34.2857    27.5564    1445.78    1445.78    -0.5590  1027.6106    34.4474 0.0000e+00
      26462 313.310944 -9.990e-29  -58.44081     -0.750    1448.31     10.000      9.904    -0.5587    -0.5579     0.0008    -0.5590    -0.5582     0.0008   2.803210   2.803190  -0.000020    34.2854    34.2842     7.6341    27.5562    27.5551    34.2854    27.5561    1445.76    1445.76    -0.5590  1027.6055    34.4471 0.0000e+00
      26524 313.310974  -62.14514  -58.44080     -0.362    1448.31      9.000      8.913    -0.5585    -0.5578     0.0007    -0.5588    -0.5581     0.0007   2.803175   2.803147  -0.000028    34.2853    34.2841     7.6269    27.5561    27.5551    34.2853    27.5561    1445.74    1445.75    -0.5588  1027.6029    34.4498 0.0000e+00
      26584 313.311003  -62.14514  -58.44080     -0.416    1448.31      8.000      7.923    -0.5586    -0.5579     0.0007    -0.5588    -0.5581     0.0007   2.803137   2.803098  -0.000036    34.2855    34.2842     7.6337    27.5562    27.5551    34.2855    27.5562    1445.73    1445.73    -0.5588  1027.5990    34.4509 0.0000e+00
      26636 313.311028  -62.14515  -58.44080     -0.465    1448.31      7.000      6.933    -0.5586    -0.5580     0.0006    -0.5588    -0.5582     0.0006   2.803091   2.803047  -0.000045    34.2856    34.2842     7.6284    27.5563    27.5552    34.2855    27.5562    1445.71    1445.71    -0.5588  1027.5942    34.4509 0.0000e+00
      26685 313.311052  -62.14516  -58.44078     -0.484    1448.31      6.000      5.942    -0.5588    -0.5580     0.0009    -0.5590    -0.5582     0.0009   2.803019   2.802999  -0.000024    34.2855    34.2842     7.6278    27.5562    27.5551    34.2854    27.5562    1445.69    1445.69    -0.5590  1027.5894    34.4508 0.0000e+00
      26727 313.311071  -62.14517  -58.44078     -0.577    1448.31      5.000      4.952    -0.5589    -0.5580     0.0009    -0.5590    -0.5581     0.0009   2.802971   2.802949  -0.000023    34.2855    34.2842     7.6365    27.5562    27.5551    34.2855    27.5562    1445.68    1445.68    -0.5590  1027.5846    34.4508 0.0000e+00
      26770 313.311092  -62.14518  -58.44078     -0.563    1448.31      4.000      3.962    -0.5589    -0.5582     0.0008    -0.5590    -0.5583     0.0008   2.802925   2.802899  -0.000023    34.2855    34.2843     7.6349    27.5562    27.5552    34.2855    27.5562    1445.66    1445.66    -0.5590  1027.5799    34.4509 0.0000e+00
      26817 313.311115  -62.14518  -58.44078     -0.516    1448.31      3.000      2.971    -0.5590    -0.5582     0.0009    -0.5591    -0.5583     0.0009   2.802877   2.802841  -0.000038    34.2857    34.2842     7.6319    27.5564    27.5551    34.2856    27.5563    1445.64    1445.65    -0.5591  1027.5752    34.4510 0.0000e+00
