Pos-Processados/process_op42/operantar42_007.ros
* Sea-Bird SBE 9 Data File:
* FileName = C:\Users\Hidrografia\Desktop\OPXLII\Brutos\OP42006.hdr
* Software Version Seasave V 7.26.7.107
* Temperature SN = 6502
* Conductivity SN = 4998
* Number of Bytes Per Scan = 31
* Number of Voltage Words = 2
* Number of Scans Averaged by the Deck Unit = 1
* NMEA Latitude = 41 49.29 S
* NMEA Longitude = 054 31.41 W
* NMEA UTC (Time) = Oct 18 2023 00:54:10
* NMEA baud rate = 4800
** H41
** NPOALTEMAXIMIANO
** NUMERO DA ESTACAO (XXX) 006
** LAT (XX XX.XX S/N) 41 49.31 S
** LONG (XXX XX.XX W/E) 054 31.42 W
** DATAHORA (dd/mm/aaaa hh:mm Z) 17/10/2023 0025Z
** PROFUNDIDADE (m) 5071
** OPERADOR CT FILIPE LOPES
# nquan = 24
# nvalues = 3662                                  
# units = specified
# name 0 = scan: Scan Count
# name 1 = timeJ: Julian Days
# name 2 = latitude: Latitude [deg]
# name 3 = longitude: Longitude [deg]
# name 4 = dz/dtM: Descent Rate [m/s]
# name 5 = avgsvCM: Average Sound Velocity [Chen-Millero, m/s]
# name 6 = prDM: Pressure, Digiquartz [db]
# name 7 = depSM: Depth [salt water, m]
# name 8 = t090C: Temperature [ITS-90, deg C]
# name 9 = t190C: Temperature, 2 [ITS-90, deg C]
# name 10 = T2-T190C: Temperature Difference, 2 - 1 [ITS-90, deg C]
# name 11 = potemp090C: Potential Temperature [ITS-90, deg C]
# name 12 = potemp190C: Potential Temperature, 2 [ITS-90, deg C]
# name 13 = potemp90Cdiff: Potential Temperature, Diff, 2 - 1 [ITS-90, deg C]
# name 14 = c0S/m: Conductivity [S/m]
# name 15 = c1S/m: Conductivity, 2 [S/m]
# name 16 = C2-C1S/m: Conductivity Difference, 2 - 1 [S/m]
# name 17 = sal00: Salinity, Practical [PSU]
# name 18 = sal11: Salinity, Practical, 2 [PSU]
# name 19 = sbeox0ML/L: Oxygen, SBE 43 [ml/l]
# name 20 = sigma-é00: Density [sigma-theta, kg/m^3]
# name 21 = sigma-é11: Density, 2 [sigma-theta, kg/m^3]
# name 22 = nbf: Bottles Fired
# name 23 = flag:  0.000e+00
# interval = seconds: 0.0416667
# start_time = Oct 18 2023 00:54:10 [NMEA time, header]
# bad_flag = -9.990e-29
*END*
[from data line 423]
      59751 291.066430  -41.81272  -54.51824      0.275    1482.44     61.282     60.794    12.5823    12.5795    -0.0028    12.5741    12.5713    -0.0028   4.069462   4.069078  -0.000384    35.1029    35.1019     5.8030    26.5575    26.5572          4  0.000e+00
      59752 291.066431  -41.81272  -54.51824      0.279    1482.44     61.427     60.937    12.5833    12.5800    -0.0033    12.5751    12.5718    -0.0033   4.069659   4.069156  -0.000504    35.1038    35.1021     5.8028    26.5580    26.5573          4  0.000e+00
      59753 291.066431  -41.81272  -54.51824      0.282    1482.44     61.403     60.913    12.5835    12.5807    -0.0028    12.5752    12.5724    -0.0028   4.069653   4.069253  -0.000400    35.1036    35.1024     5.8027    26.5578    26.5574          4  0.000e+00
      59754 291.066432  -41.81272  -54.51824      0.283    1482.44     61.403     60.913    12.5838    12.5815    -0.0023    12.5756    12.5733    -0.0023   4.069785   4.069331  -0.000454    35.1045    35.1023     5.8025    26.5585    26.5572          4  0.000e+00
      59755 291.066432  -41.81272  -54.51824      0.284    1482.44     61.403     60.913    12.5846    12.5816    -0.0030    12.5764    12.5734    -0.0030   4.069699   4.069331  -0.000368    35.1030    35.1022     5.8067    26.5571    26.5571          4  0.000e+00
      59756 291.066433  -41.81272  -54.51824      0.283    1482.44     61.403     60.913    12.5852    12.5825    -0.0027    12.5770    12.5743    -0.0027   4.069870   4.069396  -0.000474    35.1041    35.1020     5.8070    26.5578    26.5567          4  0.000e+00
      59757 291.066433  -41.81272  -54.51824      0.283    1482.44     61.427     60.937    12.5853    12.5838    -0.0015    12.5771    12.5756    -0.0015   4.069864   4.069474  -0.000390    35.1039    35.1016     5.8074    26.5577    26.5562          4  0.000e+00
      59758 291.066434  -41.81272  -54.51824      0.284    1482.44     61.403     60.914    12.5857    12.5840    -0.0016    12.5774    12.5758    -0.0016   4.069883   4.069578  -0.000306    35.1038    35.1024     5.8078    26.5575    26.5567          4  0.000e+00
      59759 291.066434  -41.81272  -54.51824      0.284    1482.44     61.460     60.969    12.5855    12.5840    -0.0015    12.5773    12.5758    -0.0015   4.069771   4.069597  -0.000174    35.1028    35.1025     5.8083    26.5568    26.5569          4  0.000e+00
      59760 291.066435  -41.81272  -54.51824      0.282    1482.44     61.403     60.914    12.5853    12.5840    -0.0014    12.5771    12.5758    -0.0014   4.069910   4.069539  -0.000371    35.1043    35.1020     5.8129    26.5580    26.5565          4  0.000e+00
      59761 291.066435  -41.81272  -54.51824      0.277    1482.44     61.427     60.938    12.5855    12.5830    -0.0025    12.5772    12.5748    -0.0025   4.069791   4.069480  -0.000311    35.1031    35.1024     5.8134    26.5570    26.5569          4  0.000e+00
      59762 291.066436  -41.81272  -54.51824      0.272    1482.44     61.403     60.914    12.5857    12.5836    -0.0021    12.5775    12.5754    -0.0021   4.069890   4.069461  -0.000429    35.1038    35.1016     5.8142    26.5575    26.5562          4  0.000e+00
      59763 291.066436  -41.81272  -54.51824      0.269    1482.44     61.460     60.970    12.5860    12.5838    -0.0022    12.5778    12.5756    -0.0022   4.069837   4.069461  -0.000376    35.1030    35.1014     5.8151    26.5568    26.5560          4  0.000e+00
      59764 291.066437  -41.81272  -54.51824      0.264    1482.44     61.403     60.914    12.5858    12.5835    -0.0023    12.5776    12.5752    -0.0023   4.069903   4.069493  -0.000410    35.1038    35.1021     5.8159    26.5575    26.5566          4  0.000e+00
      59765 291.066437  -41.81272  -54.51824      0.259    1482.44     61.460     60.970    12.5853    12.5832    -0.0022    12.5771    12.5749    -0.0022   4.069758   4.069468  -0.000291    35.1029    35.1021     5.8169    26.5569    26.5567          4  0.000e+00
      59766 291.066438  -41.81272  -54.51824      0.255    1482.44     61.427     60.938    12.5852    12.5833    -0.0019    12.5770    12.5751    -0.0019   4.069798   4.069461  -0.000337    35.1034    35.1019     5.8177    26.5573    26.5565          4  0.000e+00
      59767 291.066438  -41.81272  -54.51824      0.251    1482.44     61.460     60.970    12.5852    12.5834    -0.0018    12.5769    12.5751    -0.0018   4.069732   4.069461  -0.000271    35.1028    35.1018     5.8186    26.5568    26.5565          4  0.000e+00
      59768 291.066439  -41.81272  -54.51824      0.245    1482.44     61.460     60.970    12.5852    12.5828    -0.0024    12.5770    12.5745    -0.0024   4.069824   4.069429  -0.000396    35.1036    35.1021     5.8194    26.5575    26.5568          4  0.000e+00
      59769 291.066439  -41.81272  -54.51824      0.236    1482.44     61.403     60.914    12.5852    12.5817    -0.0035    12.5770    12.5734    -0.0035   4.069791   4.069325  -0.000467    35.1033    35.1021     5.8202    26.5573    26.5570          4  0.000e+00
      59770 291.066440  -41.81272  -54.51824      0.234    1482.44     61.484     60.994    12.5858    12.5811    -0.0047    12.5776    12.5729    -0.0047   4.069897   4.069234  -0.000663    35.1037    35.1017     5.8210    26.5575    26.5568          4  0.000e+00
      59771 291.066440  -41.81272  -54.51824      0.222    1482.44     61.403     60.914    12.5857    12.5803    -0.0054    12.5775    12.5721    -0.0054   4.069864   4.069214  -0.000650    35.1036    35.1023     5.8218    26.5573    26.5574          4  0.000e+00
      59772 291.066440  -41.81272  -54.51824      0.217    1482.44     61.460     60.970    12.5857    12.5798    -0.0059    12.5775    12.5716    -0.0059   4.069936   4.069195  -0.000742    35.1042    35.1026     5.8223    26.5579    26.5577          4  0.000e+00
      59773 291.066441  -41.81272  -54.51824      0.205    1482.44     61.403     60.914    12.5858    12.5799    -0.0060    12.5776    12.5716    -0.0059   4.069837   4.069208  -0.000630    35.1032    35.1027     5.8227    26.5570    26.5578          4  0.000e+00
      59774 291.066441  -41.81272  -54.51824      0.201    1482.44     61.460     60.970    12.5855    12.5800    -0.0055    12.5773    12.5718    -0.0055   4.069851   4.069182  -0.000669    35.1036    35.1023     5.8231    26.5574    26.5575          4  0.000e+00
      59775 291.066442  -41.81272  -54.51824      0.191    1482.44     61.428     60.938    12.5852    12.5803    -0.0049    12.5770    12.5721    -0.0049   4.069765   4.069208  -0.000557    35.1031    35.1022     5.8278    26.5571    26.5574          4  0.000e+00
      59776 291.066442  -41.81272  -54.51824      0.182    1482.44     61.403     60.914    12.5852    12.5815    -0.0036    12.5769    12.5733    -0.0036   4.069811   4.069370  -0.000441    35.1036    35.1027     5.8285    26.5574    26.5575          4  0.000e+00
      59777 291.066443  -41.81272  -54.51824      0.173    1482.44     61.403     60.914    12.5852    12.5828    -0.0024    12.5770    12.5746    -0.0024   4.069804   4.069474  -0.000330    35.1035    35.1025     5.8292    26.5574    26.5571          4  0.000e+00
      59778 291.066443  -41.81272  -54.51824      0.160    1482.44     61.403     60.914    12.5857    12.5842    -0.0015    12.5775    12.5759    -0.0015   4.069824   4.069656  -0.000168    35.1032    35.1030     5.8298    26.5570    26.5572          4  0.000e+00
      59779 291.066444  -41.81272  -54.51824      0.150    1482.44     61.428     60.938    12.5857    12.5853    -0.0004    12.5774    12.5770    -0.0004   4.069857   4.069760  -0.000097    35.1035    35.1029     5.8305    26.5573    26.5569          4  0.000e+00
      59780 291.066444  -41.81272  -54.51824      0.139    1482.44     61.403     60.914    12.5853    12.5855     0.0002    12.5771    12.5773     0.0002   4.069818   4.069825   0.000007    35.1035    35.1033     5.8269    26.5573    26.5572          4  0.000e+00
      59781 291.066445  -41.81272  -54.51824      0.126    1482.44     61.339     60.850    12.5855    12.5855    -0.0000    12.5773    12.5773    -0.0000   4.069824   4.069799  -0.000025    35.1034    35.1032     5.8270    26.5572    26.5571          4  0.000e+00
      59782 291.066445  -41.81272  -54.51824      0.119    1482.44     61.460     60.970    12.5855    12.5857     0.0002    12.5772    12.5775     0.0002   4.069778   4.069779   0.000001    35.1029    35.1027     5.8273    26.5569    26.5567          4  0.000e+00
      59783 291.066446  -41.81272  -54.51824      0.103    1482.44     61.339     60.850    12.5852    12.5855     0.0003    12.5770    12.5773     0.0003   4.069818   4.069805  -0.000012    35.1036    35.1032     5.8274    26.5575    26.5571          4  0.000e+00
      59784 291.066446  -41.81272  -54.51824      0.097    1482.44     61.428     60.938    12.5850    12.5857     0.0007    12.5768    12.5775     0.0007   4.069732   4.069812   0.000080    35.1029    35.1030     5.8277    26.5570    26.5569          4  0.000e+00
      59785 291.066447  -41.81272  -54.51824      0.082    1482.44     61.339     60.850    12.5846    12.5858     0.0012    12.5764    12.5776     0.0012   4.069745   4.069812   0.000067    35.1034    35.1030     5.8278    26.5574    26.5569          4  0.000e+00
      59786 291.066447  -41.81272  -54.51824      0.070    1482.44     61.339     60.850    12.5844    12.5862     0.0018    12.5761    12.5780     0.0018   4.069607   4.069870   0.000264    35.1024    35.1032     5.8322    26.5567    26.5569          4  0.000e+00
      59787 291.066448  -41.81272  -54.51824      0.057    1482.44     61.283     60.794    12.5842    12.5860     0.0018    12.5760    12.5777     0.0018   4.069686   4.069883   0.000197    35.1033    35.1036     5.8322    26.5574    26.5573          4  0.000e+00
      59788 291.066448  -41.81272  -54.51824      0.046    1482.44     61.363     60.874    12.5840    12.5862     0.0022    12.5758    12.5780     0.0022   4.069653   4.069851   0.000198    35.1031    35.1030     5.8323    26.5573    26.5568          4  0.000e+00
      59789 291.066449  -41.81272  -54.51824      0.033    1482.44     61.339     60.850    12.5831    12.5859     0.0027    12.5749    12.5776     0.0027   4.069594   4.069851   0.000257    35.1034    35.1033     5.8323    26.5577    26.5571          4  0.000e+00
      59790 291.066449  -41.81272  -54.51824      0.024    1482.44     61.339     60.850    12.5822    12.5853     0.0031    12.5740    12.5771     0.0031   4.069429   4.069844   0.000415    35.1027    35.1038     5.8328    26.5574    26.5576          4  0.000e+00
      59791 291.066450  -41.81272  -54.51824      0.011    1482.44     61.283     60.794    12.5820    12.5854     0.0034    12.5738    12.5772     0.0034   4.069455   4.069792   0.000337    35.1031    35.1032     5.8327    26.5577    26.5571          4  0.000e+00
      59792 291.066450  -41.81272  -54.51824     -0.003    1482.44     61.283     60.794    12.5815    12.5856     0.0041    12.5733    12.5774     0.0041   4.069297   4.069838   0.000541    35.1021    35.1034     5.8326    26.5570    26.5573          4  0.000e+00
      59793 291.066451  -41.81272  -54.51824     -0.018    1482.44     61.251     60.762    12.5810    12.5847     0.0037    12.5728    12.5765     0.0037   4.069337   4.069766   0.000430    35.1030    35.1036     5.8328    26.5578    26.5576          4  0.000e+00
      59794 291.066451  -41.81272  -54.51824     -0.027    1482.44     61.283     60.794    12.5811    12.5841     0.0030    12.5729    12.5759     0.0030   4.069218   4.069721   0.000503    35.1016    35.1037     5.8326    26.5567    26.5578          4  0.000e+00
      59795 291.066452  -41.81272  -54.51824     -0.040    1482.44     61.283     60.794    12.5805    12.5832     0.0027    12.5722    12.5750     0.0027   4.069244   4.069597   0.000353    35.1025    35.1034     5.8328    26.5576    26.5577          4  0.000e+00
      59796 291.066452  -41.81272  -54.51824     -0.051    1482.44     61.218     60.730    12.5788    12.5815     0.0027    12.5706    12.5733     0.0027   4.068928   4.069454   0.000526    35.1011    35.1036     5.8327    26.5568    26.5582          4  0.000e+00
      59797 291.066453  -41.81272  -54.51824     -0.060    1482.44     61.283     60.794    12.5768    12.5795     0.0027    12.5686    12.5713     0.0027   4.068809   4.069188   0.000379    35.1018    35.1029     5.8326    26.5577    26.5580          4  0.000e+00
      59798 291.066453  -41.81272  -54.51824     -0.074    1482.44     61.186     60.698    12.5758    12.5776     0.0018    12.5676    12.5694     0.0018   4.068566   4.068948   0.000382    35.1004    35.1024     5.8322    26.5568    26.5580          4  0.000e+00
      59799 291.066454  -41.81272  -54.51824     -0.086    1482.44     61.218     60.730    12.5749    12.5763     0.0014    12.5667    12.5681     0.0014   4.068539   4.068811   0.000272    35.1009    35.1022     5.8319    26.5574    26.5581          4  0.000e+00
      59800 291.066454  -41.81272  -54.51824     -0.104    1482.44     61.162     60.674    12.5744    12.5753     0.0009    12.5662    12.5671     0.0009   4.068480   4.068662   0.000182    35.1009    35.1018     5.8314    26.5575    26.5580          4  0.000e+00
      59801 291.066454  -41.81272  -54.51824     -0.110    1482.44     61.218     60.730    12.5743    12.5750     0.0007    12.5661    12.5668     0.0007   4.068480   4.068584   0.000104    35.1010    35.1013     5.8309    26.5576    26.5577          4  0.000e+00
      59802 291.066455  -41.81272  -54.51824     -0.122    1482.44     61.130     60.642    12.5741    12.5747     0.0006    12.5659    12.5665     0.0006   4.068388   4.068577   0.000190    35.1003    35.1016     5.8344    26.5571    26.5580          5  0.000e+00
      59803 291.066455  -41.81272  -54.51824     -0.132    1482.44     61.162     60.674    12.5741    12.5745     0.0004    12.5659    12.5663     0.0004   4.068480   4.068532   0.000052    35.1012    35.1013     5.8299    26.5578    26.5578          5  0.000e+00
      59804 291.066456  -41.81272  -54.51824     -0.140    1482.44     61.162     60.674    12.5743    12.5742    -0.0001    12.5661    12.5660    -0.0001   4.068421   4.068558   0.000137    35.1004    35.1018     5.8296    26.5572    26.5583          5  0.000e+00
      59805 291.066456  -41.81272  -54.51824     -0.152    1482.44     61.106     60.619    12.5741    12.5742     0.0001    12.5659    12.5660     0.0001   4.068381   4.068519   0.000138    35.1003    35.1015     5.8292    26.5571    26.5580          5  0.000e+00
      59806 291.066457  -41.81272  -54.51824     -0.162    1482.44     61.106     60.619    12.5739    12.5749     0.0010    12.5657    12.5667     0.0010   4.068414   4.068538   0.000124    35.1007    35.1010     5.8330    26.5575    26.5575          5  0.000e+00
      59807 291.066457  -41.81272  -54.51824     -0.170    1482.44     61.130     60.643    12.5737    12.5749     0.0011    12.5656    12.5667     0.0011   4.068421   4.068590   0.000170    35.1009    35.1015     5.8330    26.5576    26.5579          5  0.000e+00
      59808 291.066458  -41.81272  -54.51824     -0.176    1482.44     61.106     60.619    12.5739    12.5750     0.0011    12.5657    12.5668     0.0011   4.068421   4.068584   0.000163    35.1008    35.1013     5.8286    26.5575    26.5577          5  0.000e+00
      59809 291.066458  -41.81272  -54.51824     -0.189    1482.44     61.041     60.555    12.5739    12.5750     0.0011    12.5657    12.5668     0.0011   4.068447   4.068558   0.000111    35.1011    35.1011     5.8285    26.5577    26.5575          5  0.000e+00
      59810 291.066459  -41.81272  -54.51824     -0.195    1482.44     61.106     60.619    12.5737    12.5750     0.0012    12.5656    12.5668     0.0012   4.068434   4.068538   0.000105    35.1011    35.1009     5.8284    26.5577    26.5574          5  0.000e+00
