Pos-Processados/process_op42/operantar42_005.cnv
* Sea-Bird SBE 9 Data File:
* FileName = C:\Users\Hidrografia\Desktop\OPXLII\Brutos\OP42005.hdr
* Software Version Seasave V 7.26.7.107
* Temperature SN = 6502
* Conductivity SN = 4998
* Number of Bytes Per Scan = 31
* Number of Voltage Words = 2
* Number of Scans Averaged by the Deck Unit = 1
* NMEA Latitude = 39 18.87 S
* NMEA Longitude = 053 09.31 W
* NMEA UTC (Time) = Oct 17 2023 00:39:31
* NMEA baud rate = 4800
** H41
** NPOALTEMAXIMIANO
** NUMERO DA ESTACAO (XXX) 005
** LAT (XX XX.XX S/N) 39 19.919 S
** LONG (XXX XX.XX W/E) 053 09.46 W
** DATAHORA (dd/mm/aaaa hh:mm Z) 17/10/2023 0025Z
** PROFUNDIDADE (m) 4727
** OPERADOR ZAMITH
# nquan = 30
# nvalues = 2008                        
# units = specified
# name 0 = scan: Scan Count
# name 1 = timeJ: Julian Days
# name 2 = latitude: Latitude [deg]
# name 3 = longitude: Longitude [deg]
# name 4 = dz/dtM: Descent Rate [m/s]
# name 5 = avgsvCM: Average Sound Velocity [Chen-Millero, m/s]
# name 6 = prDM: Pressure, Digiquartz [db]
# name 7 = depSM: Depth [salt water, m]
# name 8 = t090C: Temperature [ITS-90, deg C]
# name 9 = t190C: Temperature, 2 [ITS-90, deg C]
# name 10 = T2-T190C: Temperature Difference, 2 - 1 [ITS-90, deg C]
# name 11 = potemp090C: Potential Temperature [ITS-90, deg C]
# name 12 = potemp190C: Potential Temperature, 2 [ITS-90, deg C]
# name 13 = potemp90Cdiff: Potential Temperature, Diff, 2 - 1 [ITS-90, deg C]
# name 14 = c0S/m: Conductivity [S/m]
# name 15 = c1S/m: Conductivity, 2 [S/m]
# name 16 = C2-C1S/m: Conductivity Difference, 2 - 1 [S/m]
# name 17 = sal00: Salinity, Practical [PSU]
# name 18 = sal11: Salinity, Practical, 2 [PSU]
# name 19 = sbeox0ML/L: Oxygen, SBE 43 [ml/l]
# name 20 = sigma-é00: Density [sigma-theta, kg/m^3]
# name 21 = sigma-é11: Density, 2 [sigma-theta, kg/m^3]
# name 22 = sal00: Salinity, Practical [PSU]
# name 23 = sigma-é00: Density [sigma-theta, kg/m^3]
# name 24 = svCM: Sound Velocity [Chen-Millero, m/s]
# name 25 = svCM1: Sound Velocity, 2 [Chen-Millero, m/s]
# name 26 = gsw_ptA0: potential temperature [ITS-90, deg C]
# name 27 = gsw_densityA0: density, TEOS-10 [density, kg/m^3]
# name 28 = gsw_saA0: Absolute Salinity [g/kg]
# name 29 = flag:
# span 0 =       2807,      68185       
# span 1 = 290.028795, 290.060324       
# span 2 =  -39.31441,  -39.31084       
# span 3 =  -53.15490,  -53.14778       
# span 4 =     -1.712,      1.529       
# span 5 =       0.00,    1484.10       
# span 6 =      0.000,   1005.000       
# span 7 =      0.040,    994.947       
# span 8 =     2.6975,     9.5573       
# span 9 =     2.6979,     9.5594       
# span 10 =    -0.1422,     0.0797      
# span 11 =     2.6328,     9.5570      
# span 12 =     2.6337,     9.5591      
# span 13 =    -0.1422,     0.0797      
# span 14 =   3.090347,   3.665812      
# span 15 =   3.090342,   3.666033      
# span 16 =  -0.011993,   0.006644      
# span 17 =    33.9516,    34.5402      
# span 18 =    33.9517,    34.5399      
# span 19 =     3.9113,     6.7886      
# span 20 =    26.2072,    27.5508      
# span 21 =    26.2069,    27.5505      
# span 22 =    33.9519,    34.5402      
# span 23 =    26.2074,    27.5508      
# span 24 =    1465.55,    1487.06      
# span 25 =    1465.56,    1487.08      
# span 26 =     2.6327,     9.5570      
# span 27 =  1026.2246,  1032.2140      
# span 28 =    34.1133,    34.7060      
# span 29 = 0.0000e+00, 0.0000e+00      
# interval = decibars: 1                
# start_time = Oct 17 2023 00:39:31 [NMEA time, header]
# bad_flag = -9.990e-29
*END*
[from data line 1886]
      57917 290.055372  -39.31144  -53.14804     -0.685    1471.91    121.000    120.045     5.6092     5.5991    -0.0101     5.5994     5.5893    -0.0101   3.325234   3.324211  -0.001064    34.0648    34.0630     6.4602    26.8632    26.8629    34.0745    26.8709    1474.00    1473.95     5.5994  1027.4297    34.2355 0.0000e+00
      57950 290.055388  -39.31144  -53.14803     -0.674    1471.91    120.000    119.053     5.6462     5.6312    -0.0150     5.6364     5.6215    -0.0150   3.327867   3.326641  -0.001197    34.0609    34.0625     6.4660    26.8556    26.8586    34.0675    26.8608    1474.12    1474.06     5.6364  1027.4150    34.2285 0.0000e+00
      57974 290.055400  -39.31144  -53.14802     -0.886    1471.91    119.000    118.062     5.6414     5.6459     0.0044     5.6318     5.6362     0.0044   3.327612   3.328221   0.000348    34.0622    34.0617     6.4745    26.8572    26.8563    34.0700    26.8633    1474.09    1474.11     5.6317  1027.4129    34.2310 0.0000e+00
      57995 290.055410  -39.31144  -53.14802     -1.067    1471.91    118.000    117.070     5.6772     5.7133     0.0362     5.6675     5.7037     0.0361   3.331476   3.334074   0.002533    34.0666    34.0588     6.4737    26.8563    26.8457    34.0782    26.8655    1474.22    1474.36     5.6675  1027.4104    34.2392 0.0000e+00
      58015 290.055420  -39.31144  -53.14804     -1.151    1471.91    117.000    116.078     5.7475     5.7463    -0.0012     5.7379     5.7367    -0.0012   3.336979   3.336928  -0.000228    34.0603    34.0590     6.4769    26.8427    26.8418    34.0701    26.8504    1474.48    1474.48     5.7379  1027.3905    34.2310 0.0000e+00
      58036 290.055430  -39.31144  -53.14804     -1.168    1471.91    116.000    115.086     5.8138     5.8101    -0.0037     5.8042     5.8005    -0.0037   3.343637   3.342820  -0.000401    34.0606    34.0599     6.4804    26.8348    26.8346    34.0790    26.8493    1474.74    1474.72     5.8042  1027.3846    34.2400 0.0000e+00
      58061 290.055442  -39.31144  -53.14804     -1.055    1471.91    115.000    114.094     5.9494     5.9026    -0.0468     5.9398     5.8930    -0.0467   3.355647   3.351306  -0.004175    34.0578    34.0578     6.4760    26.8157    26.8215    34.0785    26.8320    1475.26    1475.07     5.9398  1027.3624    34.2395 0.0000e+00
      58094 290.055457  -39.31144  -53.14802     -0.791    1471.91    114.000    113.102     6.0555     6.0312    -0.0243     6.0459     6.0216    -0.0243   3.365272   3.362715  -0.002484    34.0641    34.0606     6.4974    26.8073    26.8076    34.0806    26.8203    1475.67    1475.57     6.0459  1027.3458    34.2416 0.0000e+00
      58128 290.055474  -39.31144  -53.14802     -0.692    1471.91    113.000    112.110     6.1552     6.1198    -0.0354     6.1456     6.1102    -0.0353   3.373865   3.370732  -0.003090    34.0612    34.0620     6.5327    26.7923    26.7975    34.0775    26.8052    1476.05    1475.91     6.1455  1027.3259    34.2385 0.0000e+00
      58155 290.055487  -39.31144  -53.14802     -0.803    1471.91    112.000    111.119     6.1793     6.1656    -0.0137     6.1697     6.1560    -0.0137   3.374987   3.374665  -0.000851    34.0576    34.0617     6.5774    26.7864    26.7914    34.0664    26.7934    1476.11    1476.07     6.1697  1027.3094    34.2274 0.0000e+00
      58179 290.055499  -39.31144  -53.14802     -0.951    1471.91    111.000    110.127     6.1740     6.1618    -0.0123     6.1646     6.1523    -0.0123   3.375665   3.373971  -0.001339    34.0664    34.0637     6.5879    26.7941    26.7935    34.0798    26.8046    1476.09    1476.03     6.1645  1027.3160    34.2408 0.0000e+00
      58201 290.055509  -39.31144  -53.14802     -1.052    1471.91    110.000    109.135     6.2166     6.1816    -0.0350     6.2071     6.1722    -0.0349   3.379236   3.375965  -0.002973    34.0623    34.0641     6.5596    26.7853    26.7912    34.0776    26.7974    1476.24    1476.10     6.2071  1027.3042    34.2386 0.0000e+00
      58224 290.055520  -39.31144  -53.14802     -1.070    1471.91    109.000    108.143     6.2786     6.2402    -0.0384     6.2692     6.2308    -0.0384   3.384781   3.381358  -0.003655    34.0644    34.0620     6.5428    26.7790    26.7821    34.0780    26.7898    1476.47    1476.32     6.2692  1027.2918    34.2390 0.0000e+00
      58249 290.055532  -39.31144  -53.14802     -1.005    1471.91    108.000    107.151     6.3297     6.3137    -0.0160     6.3204     6.3044    -0.0160   3.389249   3.387531  -0.001670    34.0646    34.0620     6.5402    26.7726    26.7725    34.0773    26.7826    1476.65    1476.59     6.3204  1027.2799    34.2383 0.0000e+00
      58275 290.055545  -39.31144  -53.14802     -0.944    1471.91    107.000    106.159     6.3606     6.3367    -0.0239     6.3513     6.3274    -0.0239   3.392301   3.389724  -0.002473    34.0670    34.0633     6.5322    26.7704    26.7706    34.0810    26.7815    1476.76    1476.66     6.3513  1027.2741    34.2420 0.0000e+00
      58300 290.055557  -39.31142  -53.14802     -0.941    1471.91    106.000    105.167     6.3992     6.3725    -0.0268     6.3900     6.3633    -0.0268   3.395218   3.392731  -0.002482    34.0649    34.0640     6.5218    26.7637    26.7665    34.0754    26.7720    1476.89    1476.79     6.3900  1027.2600    34.2363 0.0000e+00
      58325 290.055569  -39.31142  -53.14802     -0.965    1471.91    105.000    104.175     6.4261     6.4105    -0.0156     6.4170     6.4014    -0.0156   3.397529   3.396288  -0.001372    34.0631    34.0634     6.5185    26.7588    26.7611    34.0747    26.7680    1476.98    1476.92     6.4169  1027.2513    34.2357 0.0000e+00
      58351 290.055581  -39.31142  -53.14802     -0.947    1471.91    104.000    103.184     6.4665     6.4571    -0.0094     6.4574     6.4480    -0.0094   3.401321   3.400382  -0.000907    34.0644    34.0637     6.5166    26.7545    26.7552    34.0771    26.7646    1477.13    1477.09     6.4574  1027.2432    34.2381 0.0000e+00
      58381 290.055596  -39.31142  -53.14802     -0.835    1471.91    103.000    102.192     6.5335     6.5150    -0.0186     6.5245     6.5059    -0.0186   3.407492   3.405623  -0.001782    34.0661    34.0648     6.5197    26.7470    26.7484    34.0793    26.7575    1477.38    1477.30     6.5244  1027.2314    34.2403 0.0000e+00
      58412 290.055611  -39.31142  -53.14802     -0.761    1471.91    102.000    101.200     6.6044     6.5675    -0.0370     6.5954     6.5585    -0.0369   3.413473   3.410242  -0.003255    34.0641    34.0649     6.5211    26.7361    26.7416    34.0756    26.7452    1477.63    1477.49     6.5954  1027.2144    34.2365 0.0000e+00
      58441 290.055625  -39.31142  -53.14802     -0.799    1471.91    101.000    100.208     6.6238     6.6021    -0.0217     6.6148     6.5932    -0.0217   3.414898   3.413255  -0.001793    34.0640    34.0657     6.5252    26.7334    26.7376    34.0726    26.7402    1477.69    1477.61     6.6148  1027.2048    34.2335 0.0000e+00
      58467 290.055638  -39.31142  -53.14802     -0.888    1471.91    100.000     99.216     6.6399     6.6240    -0.0160     6.6311     6.6151    -0.0160   3.416615   3.414979  -0.001449    34.0658    34.0657     6.5223    26.7327    26.7347    34.0760    26.7408    1477.74    1477.67     6.6310  1027.2007    34.2370 0.0000e+00
      58492 290.055650  -39.31142  -53.14802     -0.947    1471.91     99.000     98.224     6.6562     6.6441    -0.0121     6.6474     6.6353    -0.0121   3.418085   3.416900  -0.001336    34.0682    34.0654     6.5241    26.7324    26.7319    34.0766    26.7390    1477.79    1477.74     6.6474  1027.1944    34.2376 0.0000e+00
      58516 290.055661  -39.31142  -53.14802     -0.988    1471.91     98.000     97.232     6.6700     6.6644    -0.0056     6.6613     6.6557    -0.0056   3.419218   3.418528  -0.000773    34.0689    34.0659     6.5269    26.7311    26.7295    34.0759    26.7367    1477.82    1477.80     6.6612  1027.1874    34.2369 0.0000e+00
      58539 290.055672  -39.31142  -53.14802     -1.017    1471.91     97.000     96.240     6.6858     6.6730    -0.0128     6.6772     6.6644    -0.0128   3.421192   3.419305  -0.001553    34.0708    34.0664     6.5313    26.7305    26.7287    34.0825    26.7397    1477.88    1477.82     6.6771  1027.1859    34.2435 0.0000e+00
      58562 290.055683  -39.31142  -53.14802     -1.045    1471.91     96.000     95.248     6.7475     6.7087    -0.0388     6.7389     6.7002    -0.0388   3.425895   3.422637  -0.003580    34.0660    34.0650     6.5241    26.7185    26.7228    34.0737    26.7245    1478.09    1477.94     6.7389  1027.1659    34.2346 0.0000e+00
      58584 290.055694  -39.31141  -53.14802     -1.072    1471.91     95.000     94.256     6.8004     6.7922    -0.0082     6.7918     6.7836    -0.0082   3.431361   3.430192  -0.001179    34.0682    34.0633     6.5311    26.7130    26.7103    34.0820    26.7239    1478.29    1478.25     6.7918  1027.1607    34.2430 0.0000e+00
      58607 290.055705  -39.31140  -53.14802     -1.067    1471.91     94.000     93.264     6.8754     6.8528    -0.0225     6.8668     6.8444    -0.0225   3.438325   3.435744  -0.002249    34.0664    34.0640     6.5345    26.7015    26.7026    34.0848    26.7160    1478.57    1478.48     6.8669  1027.1480    34.2458 0.0000e+00
      58632 290.055717  -39.31140  -53.14802     -1.009    1471.91     93.000     92.272     6.9775     6.9419    -0.0356     6.9690     6.9334    -0.0355   3.446913   3.443546  -0.003501    34.0657    34.0624     6.5243    26.6870    26.6893    34.0786    26.6972    1478.94    1478.80     6.9690  1027.1244    34.2395 0.0000e+00
      58660 290.055730  -39.31140  -53.14802     -0.910    1471.91     92.000     91.280     7.0098     6.9847    -0.0251     7.0014     6.9763    -0.0251   3.449861   3.447487  -0.002429    34.0676    34.0658     6.5436    26.6841    26.6861    34.0794    26.6934    1479.05    1478.95     7.0014  1027.1160    34.2404 0.0000e+00
      58696 290.055748  -39.31140  -53.14802     -0.703    1471.91     91.000     90.288     7.0674     7.0649    -0.0024     7.0590     7.0566    -0.0024   3.455318   3.454989  -0.000424    34.0696    34.0673     6.5581    26.6777    26.6763    34.0828    26.6881    1479.26    1479.25     7.0590  1027.1060    34.2437 0.0000e+00
      58740 290.055769  -39.31140 -9.990e-29     -0.538    1471.91     90.000     89.296     7.1558     7.1467    -0.0091     7.1475     7.1384    -0.0091   3.463442   3.462293  -0.001028    34.0724    34.0702     6.5681    26.6677    26.6672    34.0849    26.6775    1479.59    1479.55     7.1474  1027.0907    34.2458 0.0000e+00
      58771 290.055784  -39.31140 -9.990e-29     -0.684    1471.91     89.000     88.305     7.1791     7.1502    -0.0289     7.1708     7.1419    -0.0289   3.464636   3.462560  -0.002219    34.0677    34.0720     6.5701    26.6608    26.6681    34.0754    26.6668    1479.65    1479.55     7.1708  1027.0754    34.2363 0.0000e+00
      58794 290.055795  -39.31140  -53.14800     -0.929    1471.91     88.000     87.312     7.1671     7.1832     0.0161     7.1589     7.1750     0.0161   3.464192   3.463504  -0.000499    34.0751    34.0710     6.5860    26.6682    26.6492    34.0829    26.6744    1479.60    1479.63     7.1589  1027.0784    34.2439 0.0000e+00
      58814 290.055805  -39.31140  -53.14800     -1.124    1471.91     87.000     86.321     7.2148     7.2337     0.0189     7.2067     7.2256     0.0189   3.469191   3.470342   0.000446    34.0787    34.0706     6.5787    26.6644    26.6509    34.0909    26.6740    1479.78    1479.84     7.2067  1027.0734    34.2519 0.0000e+00
      58834 290.055815  -39.31140  -53.14800     -1.198    1471.91     86.000     85.329     7.2841     7.2698    -0.0143     7.2760     7.2617    -0.0143   3.475162   3.473410  -0.001411    34.0744    34.0733     6.5736    26.6513    26.6523    34.0882    26.6622    1480.02    1479.96     7.2760  1027.0569    34.2492 0.0000e+00
      58858 290.055826  -39.31140  -53.14800     -1.089    1471.91     85.000     84.337     7.3430     7.3075    -0.0355     7.3349     7.2995    -0.0354   3.480763   3.477287  -0.003419    34.0772    34.0749     6.5795    26.6452    26.6484    34.0917    26.6567    1480.24    1480.10     7.3350  1027.0467    34.2527 0.0000e+00
      58890 290.055841  -39.31140  -53.14800     -0.829    1471.91     84.000     83.345     7.4164     7.4055    -0.0110     7.4085     7.3975    -0.0109   3.486961   3.485885  -0.001150    34.0758    34.0740     6.5645    26.6337    26.6339    34.0873    26.6428    1480.50    1480.46     7.4085  1027.0282    34.2483 0.0000e+00
      58924 290.055858  -39.31138  -53.14800     -0.701    1471.91     83.000     82.353     7.4324     7.4167    -0.0157     7.4246     7.4088    -0.0157   3.487880   3.486399  -0.001434    34.0727    34.0726     6.5754    26.6291    26.6312    34.0820    26.6364    1480.54    1480.48     7.4245  1027.0172    34.2430 0.0000e+00
      58952 290.055871  -39.31138  -53.14800     -0.795    1471.91     82.000     81.360     7.4426     7.4355    -0.0071     7.4349     7.4278    -0.0071   3.488642   3.487950  -0.000721    34.0725    34.0717     6.5826    26.6275    26.6278    34.0807    26.6339    1480.56    1480.53     7.4348  1027.0101    34.2417 0.0000e+00
      58977 290.055883  -39.31138  -53.14800     -0.922    1471.91     81.000     80.369     7.4533     7.4447    -0.0086     7.4457     7.4370    -0.0086   3.489570   3.488690  -0.000884    34.0727    34.0716     6.5937    26.6260    26.6264    34.0808    26.6324    1480.58    1480.55     7.4456  1027.0040    34.2417 0.0000e+00
      59003 290.055896  -39.31138  -53.14800     -0.942    1471.91     80.000     79.376     7.5053     7.4775    -0.0278     7.4977     7.4699    -0.0277   3.494257   3.491681  -0.002523    34.0702    34.0702     6.5829    26.6167    26.6206    34.0811    26.6252    1480.77    1480.66     7.4977  1026.9922    34.2421 0.0000e+00
      59034 290.055911  -39.31138  -53.14800     -0.817    1471.91     79.000     78.385     7.5588     7.5455    -0.0133     7.5513     7.5380    -0.0133   3.499080   3.497604  -0.001478    34.0716    34.0687     6.5922    26.6101    26.6097    34.0813    26.6177    1480.96    1480.90     7.5513  1026.9801    34.2422 0.0000e+00
      59067 290.055927  -39.31138  -53.14800     -0.736    1471.91     78.000     77.393     7.5941     7.5768    -0.0173     7.5866     7.5693    -0.0173   3.502287   3.500382  -0.001850    34.0737    34.0706     6.6146    26.6066    26.6067    34.0819    26.6131    1481.07    1481.00     7.5866  1026.9709    34.2429 0.0000e+00
      59099 290.055942  -39.31138  -53.14799     -0.746    1471.91     77.000     76.400     7.6401     7.6226    -0.0175     7.6327     7.6152    -0.0175   3.507026   3.505038  -0.002068    34.0781    34.0728     6.6155    26.6035    26.6019    34.0885    26.6117    1481.24    1481.17     7.6327  1026.9648    34.2495 0.0000e+00
      59137 290.055961  -39.31138  -53.14798     -0.652    1471.91     76.000     75.410     7.7246     7.7152    -0.0094     7.7172     7.7078    -0.0094   3.515553   3.514252  -0.001288    34.0856    34.0810     6.6181    26.5972    26.5949    34.0983    26.6071    1481.56    1481.52     7.7172  1026.9555    34.2593 0.0000e+00
      59175 290.055979  -39.31138  -53.14798     -0.593    1471.91     75.000     74.413     7.7718     7.7533    -0.0185     7.7645     7.7460    -0.0185   3.519410   3.517508  -0.001860    34.0887    34.0867     6.6354    26.5927    26.5938    34.0941    26.5970    1481.72    1481.64     7.7645  1026.9408    34.2551 0.0000e+00
