Pos-Processados/process_op42/operantar42_031.cnv
* Sea-Bird SBE 9 Data File:
* FileName = C:\Users\Hidrografia\Desktop\OPXLII\Brutos\OP42031.hdr
* Software Version Seasave V 7.26.7.107
* Temperature SN = 6502
* Conductivity SN = 4998
* Number of Bytes Per Scan = 37
* Number of Voltage Words = 4
* Number of Scans Averaged by the Deck Unit = 1
* NMEA Latitude = 62 08.51 S
* NMEA Longitude = 058 26.69 W
* NMEA UTC (Time) = Nov 09 2023 06:07:33
* NMEA baud rate = 4800
** H41
** NPOALTEMAXIMIANO
** NUMERO DA ESTACAO (XXX) 031
** LAT (XX XX.XX S/N) 62 08.5 S
** LONG (XXX XX.XX W/E) 058 26.7 W
** DATAHORA (dd/mm/aaaa hh:mm Z) 09/11/2023 0606Z
** PROFUNDIDADE (m) 410
** OPERADOR CT FILIPE LOPES
# nquan = 30
# nvalues = 738                         
# units = specified
# name 0 = scan: Scan Count
# name 1 = timeJ: Julian Days
# name 2 = latitude: Latitude [deg]
# name 3 = longitude: Longitude [deg]
# name 4 = dz/dtM: Descent Rate [m/s]
# name 5 = avgsvCM: Average Sound Velocity [Chen-Millero, m/s]
# name 6 = prDM: Pressure, Digiquartz [db]
# name 7 = depSM: Depth [salt water, m]
# name 8 = t090C: Temperature [ITS-90, deg C]
# name 9 = t190C: Temperature, 2 [ITS-90, deg C]
# name 10 = T2-T190C: Temperature Difference, 2 - 1 [ITS-90, deg C]
# name 11 = potemp090C: Potential Temperature [ITS-90, deg C]
# name 12 = potemp190C: Potential Temperature, 2 [ITS-90, deg C]
# name 13 = potemp90Cdiff: Potential Temperature, Diff, 2 - 1 [ITS-90, deg C]
# name 14 = c0S/m: Conductivity [S/m]
# name 15 = c1S/m: Conductivity, 2 [S/m]
# name 16 = C2-C1S/m: Conductivity Difference, 2 - 1 [S/m]
# name 17 = sal00: Salinity, Practical [PSU]
# name 18 = sal11: Salinity, Practical, 2 [PSU]
# name 19 = sbeox0ML/L: Oxygen, SBE 43 [ml/l]
# name 20 = sigma-é00: Density [sigma-theta, kg/m^3]
# name 21 = sigma-é11: Density, 2 [sigma-theta, kg/m^3]
# name 22 = sal00: Salinity, Practical [PSU]
# name 23 = sigma-é00: Density [sigma-theta, kg/m^3]
# name 24 = svCM: Sound Velocity [Chen-Millero, m/s]
# name 25 = svCM1: Sound Velocity, 2 [Chen-Millero, m/s]
# name 26 = gsw_ptA0: potential temperature [ITS-90, deg C]
# name 27 = gsw_densityA0: density, TEOS-10 [density, kg/m^3]
# name 28 = gsw_saA0: Absolute Salinity [g/kg]
# name 29 = flag:
# span 0 =       6615,      29481       
# span 1 = 313.258433, 313.269460       
# span 2 =  -62.14393,  -62.14281       
# span 3 =  -58.44361,  -58.43559       
# span 4 =     -0.984,      1.082       
# span 5 =       0.00,    1448.56       
# span 6 =      3.000,    372.000       
# span 7 =      2.972,    368.104       
# span 8 =    -0.8357,    -0.5432       
# span 9 =    -0.8349,    -0.5425       
# span 10 =    -0.0134,     0.0096      
# span 11 =    -0.8432,    -0.5452      
# span 12 =    -0.8424,    -0.5445      
# span 13 =    -0.0134,     0.0096      
# span 14 =   2.792248,   2.825564      
# span 15 =   2.792227,   2.825246      
# span 16 =  -0.001104,   0.001010      
# span 17 =    34.2818,    34.4000      
# span 18 =    34.2821,    34.3945      
# span 19 =     6.7252,     7.6536      
# span 20 =    27.5533,    27.6508      
# span 21 =    27.5529,    27.6463      
# span 22 =    34.2825,    34.3998      
# span 23 =    27.5533,    27.6506      
# span 24 =    1445.68,    1451.65      
# span 25 =    1445.69,    1451.66      
# span 26 =    -0.8430,    -0.5452      
# span 27 =  1027.5737,  1029.4298      
# span 28 =    34.4442,    34.5680      
# span 29 = 0.0000e+00, 0.0000e+00      
# interval = decibars: 1                
# start_time = Nov 09 2023 06:07:33 [NMEA time, header]
# bad_flag = -9.990e-29
*END*
[from data line 339]
      16379 313.263141  -62.14370  -58.44054      0.853    1447.69    343.000    339.427    -0.5949    -0.5942     0.0007    -0.6061    -0.6054     0.0007   2.821934   2.821916  -0.000022    34.3733    34.3722     6.9295    27.6293    27.6284    34.3739    27.6298    1451.13    1451.13    -0.6059  1029.2714    34.5419 0.0000e+00
      16409 313.263156  -62.14370  -58.44052      0.805    1447.69    344.000    340.416    -0.5948    -0.5941     0.0007    -0.6061    -0.6054     0.0007   2.822018   2.821994  -0.000024    34.3739    34.3728     6.9184    27.6298    27.6289    34.3744    27.6302    1451.14    1451.15    -0.6058  1029.2765    34.5423 0.0000e+00
      16440 313.263171  -62.14370  -58.44051      0.778    1447.69    345.000    341.405    -0.5951    -0.5942     0.0009    -0.6064    -0.6055     0.0009   2.822102   2.822084  -0.000018    34.3748    34.3735     6.9112    27.6305    27.6295    34.3752    27.6309    1451.16    1451.16    -0.6062  1029.2819    34.5432 0.0000e+00
      16469 313.263185  -62.14370  -58.44050      0.802    1447.69    346.000    342.393    -0.5952    -0.5945     0.0007    -0.6065    -0.6058     0.0007   2.822185   2.822161  -0.000025    34.3755    34.3743     6.9085    27.6311    27.6301    34.3758    27.6314    1451.18    1451.18    -0.6063  1029.2872    34.5438 0.0000e+00
      16498 313.263199  -62.14370  -58.44048      0.829    1447.69    347.000    343.382    -0.5951    -0.5944     0.0008    -0.6065    -0.6057     0.0008   2.822282   2.822264  -0.000016    34.3760    34.3750     6.9024    27.6316    27.6307    34.3764    27.6319    1451.19    1451.20    -0.6062  1029.2924    34.5444 0.0000e+00
      16527 313.263213  -62.14370  -58.44048      0.828    1447.69    348.000    344.371    -0.5950    -0.5942     0.0008    -0.6064    -0.6056     0.0008   2.822362   2.822351  -0.000013    34.3765    34.3754     6.9023    27.6320    27.6310    34.3767    27.6321    1451.21    1451.21    -0.6062  1029.2974    34.5447 0.0000e+00
      16556 313.263227  -62.14370  -58.44047      0.830    1447.69    349.000    345.360    -0.5961    -0.5952     0.0008    -0.6075    -0.6067     0.0008   2.822341   2.822325  -0.000014    34.3770    34.3758     6.8995    27.6324    27.6314    34.3771    27.6325    1451.22    1451.23    -0.6073  1029.3025    34.5451 0.0000e+00
      16584 313.263240  -62.14370  -58.44046      0.846    1447.69    350.000    346.349    -0.5969    -0.5961     0.0008    -0.6084    -0.6076     0.0008   2.822347   2.822337  -0.000008    34.3773    34.3763     6.8950    27.6327    27.6318    34.3775    27.6328    1451.24    1451.24    -0.6081  1029.3076    34.5455 0.0000e+00
      16612 313.263254  -62.14372  -58.44044      0.860    1447.69    351.000    347.337    -0.5971    -0.5964     0.0008    -0.6086    -0.6079     0.0008   2.822445   2.822434  -0.000015    34.3782    34.3771     6.8873    27.6334    27.6325    34.3784    27.6336    1451.25    1451.26    -0.6084  1029.3132    34.5465 0.0000e+00
      16642 313.263268  -62.14372  -58.44044      0.832    1447.69    352.000    348.326    -0.5962    -0.5957     0.0006    -0.6078    -0.6072     0.0006   2.822649   2.822613  -0.000034    34.3793    34.3782     6.8887    27.6343    27.6334    34.3796    27.6345    1451.28    1451.28    -0.6075  1029.3188    34.5476 0.0000e+00
      16674 313.263284  -62.14372  -58.44042      0.765    1447.69    353.000    349.315    -0.5949    -0.5939     0.0010    -0.6065    -0.6055     0.0010   2.822866   2.822861  -0.000009    34.3803    34.3790     6.8873    27.6350    27.6339    34.3804    27.6351    1451.30    1451.30    -0.6063  1029.3242    34.5484 0.0000e+00
      16707 313.263300  -62.14372  -58.44041      0.716    1447.69    354.000    350.303    -0.5939    -0.5932     0.0006    -0.6055    -0.6049     0.0006   2.823035   2.823006  -0.000025    34.3806    34.3795     6.8850    27.6352    27.6343    34.3809    27.6355    1451.32    1451.32    -0.6053  1029.3292    34.5489 0.0000e+00
      16737 313.263314  -62.14372  -58.44040      0.782    1447.69    355.000    351.292    -0.5927    -0.5921     0.0007    -0.6044    -0.6037     0.0007   2.823214   2.823205  -0.000009    34.3811    34.3803     6.8775    27.6356    27.6348    34.3814    27.6358    1451.34    1451.35    -0.6041  1029.3343    34.5494 0.0000e+00
      16763 313.263326  -62.14372  -58.44038      0.875    1447.69    356.000    352.281    -0.5925    -0.5918     0.0007    -0.6042    -0.6035     0.0007   2.823325   2.823311  -0.000015    34.3818    34.3808     6.8667    27.6362    27.6353    34.3820    27.6363    1451.36    1451.36    -0.6040  1029.3396    34.5501 0.0000e+00
      16785 313.263337  -62.14372  -58.44038      0.990    1447.69    357.000    353.270    -0.5927    -0.5919     0.0008    -0.6044    -0.6036     0.0008   2.823357   2.823349  -0.000008    34.3819    34.3809     6.8778    27.6362    27.6354    34.3820    27.6363    1451.38    1451.38    -0.6042  1029.3443    34.5501 0.0000e+00
      16807 313.263348  -62.14372  -58.44036      1.082    1447.69    358.000    354.258    -0.5927    -0.5920     0.0008    -0.6045    -0.6037     0.0008   2.823398   2.823388  -0.000011    34.3819    34.3809     6.8738    27.6362    27.6354    34.3821    27.6364    1451.39    1451.39    -0.6043  1029.3491    34.5501 0.0000e+00
      16831 313.263359  -62.14372  -58.44036      1.050    1447.69    359.000    355.247    -0.5927    -0.5921     0.0007    -0.6046    -0.6039     0.0007   2.823446   2.823409  -0.000036    34.3820    34.3808     6.8588    27.6363    27.6353    34.3821    27.6364    1451.41    1451.41    -0.6043  1029.3539    34.5501 0.0000e+00
      16854 313.263370  -62.14372  -58.44034      1.045    1447.69    360.000    356.236    -0.5928    -0.5920     0.0009    -0.6047    -0.6038     0.0009   2.823492   2.823472  -0.000020    34.3820    34.3808     6.8598    27.6363    27.6353    34.3822    27.6365    1451.42    1451.43    -0.6044  1029.3587    34.5502 0.0000e+00
      16877 313.263381  -62.14372  -58.44034      1.038    1447.69    361.000    357.224    -0.5926    -0.5919     0.0008    -0.6045    -0.6038     0.0008   2.823551   2.823547  -0.000004    34.3820    34.3811     6.8633    27.6364    27.6356    34.3822    27.6364    1451.44    1451.45    -0.6043  1029.3634    34.5502 0.0000e+00
      16906 313.263395  -62.14372  -58.44032      0.919    1447.69    362.000    358.213    -0.5927    -0.5920     0.0008    -0.6047    -0.6039     0.0008   2.823587   2.823572  -0.000017    34.3821    34.3810     6.8555    27.6364    27.6355    34.3821    27.6365    1451.46    1451.46    -0.6044  1029.3682    34.5502 0.0000e+00
      16937 313.263410  -62.14372  -58.44031      0.768    1447.69    363.000    359.202    -0.5928    -0.5921     0.0008    -0.6048    -0.6040     0.0008   2.823631   2.823612  -0.000017    34.3821    34.3810     6.8576    27.6364    27.6355    34.3823    27.6365    1451.47    1451.48    -0.6045  1029.3730    34.5503 0.0000e+00
      16966 313.263425  -62.14372  -58.44030      0.791    1447.69    364.000    360.190    -0.5925    -0.5918     0.0006    -0.6044    -0.6038     0.0006   2.823708   2.823694  -0.000016    34.3822    34.3812     6.8538    27.6365    27.6357    34.3823    27.6365    1451.49    1451.49    -0.6042  1029.3778    34.5503 0.0000e+00
      16994 313.263438  -62.14374  -58.44028      0.863    1447.69    365.000    361.179    -0.5925    -0.5917     0.0007    -0.6045    -0.6037     0.0007   2.823758   2.823754  -0.000004    34.3823    34.3814     6.8499    27.6365    27.6358    34.3824    27.6366    1451.51    1451.51    -0.6043  1029.3826    34.5505 0.0000e+00
      17021 313.263451  -62.14374  -58.44028      0.886    1447.69    366.000    362.168    -0.5924    -0.5917     0.0007    -0.6045    -0.6038     0.0007   2.823822   2.823806  -0.000017    34.3824    34.3814     6.8517    27.6367    27.6358    34.3825    27.6368    1451.53    1451.53    -0.6042  1029.3875    34.5506 0.0000e+00
      17046 313.263463  -62.14374  -58.44026      0.912    1447.69    367.000    363.156    -0.5923    -0.5916     0.0007    -0.6044    -0.6037     0.0007   2.823893   2.823888  -0.000004    34.3826    34.3817     6.8501    27.6368    27.6361    34.3827    27.6369    1451.54    1451.55    -0.6041  1029.3924    34.5508 0.0000e+00
      17071 313.263475  -62.14374  -58.44026      0.954    1447.69    368.000    364.145    -0.5925    -0.5918     0.0008    -0.6046    -0.6039     0.0008   2.823951   2.823957   0.000004    34.3831    34.3823     6.8553    27.6372    27.6365    34.3831    27.6372    1451.56    1451.56    -0.6044  1029.3975    34.5512 0.0000e+00
      17096 313.263487  -62.14374  -58.44024      0.967    1447.69    369.000    365.134    -0.5917    -0.5911     0.0006    -0.6039    -0.6033     0.0006   2.824124   2.824101  -0.000017    34.3837    34.3828     6.8524    27.6377    27.6369    34.3840    27.6379    1451.58    1451.58    -0.6036  1029.4029    34.5521 0.0000e+00
      17125 313.263501  -62.14374  -58.44023      0.887    1447.69    370.000    366.122    -0.5893    -0.5888     0.0004    -0.6015    -0.6011     0.0004   2.824495   2.824453  -0.000041    34.3852    34.3842     6.8540    27.6388    27.6379    34.3856    27.6391    1451.61    1451.61    -0.6013  1029.4088    34.5537 0.0000e+00
      17189 313.263532  -62.14374  -58.44021      0.584    1447.73    371.000    367.105    -0.5887    -0.5880     0.0006    -0.6009    -0.6003     0.0006   2.824881   2.824841  -0.000039    34.3893    34.3880     6.8402    27.6420    27.6410    34.3895    27.6422    1451.63    1451.63    -0.6007  1029.4166    34.5576 0.0000e+00
      18156 313.263999  -62.14377  -58.43981     -0.498    1448.56    372.000    368.104    -0.5902    -0.5892     0.0009    -0.6025    -0.6015     0.0009   2.825564   2.825246  -0.000328    34.4000    34.3945     6.7252    27.6508    27.6463    34.3998    27.6506    1451.65    1451.66    -0.6023  1029.4298    34.5680 0.0000e+00
      17930 313.263889  -62.14376  -58.43991     -0.143    1448.14    371.000    367.108    -0.5900    -0.5891     0.0009    -0.6022    -0.6013     0.0009   2.824940   2.824993   0.000051    34.3919    34.3915     6.7736    27.6442    27.6439    34.3918    27.6441    1451.63    1451.63    -0.6019  1029.4185    34.5599 0.0000e+00
      18010 313.263928  -62.14376  -58.43987     -0.336    1448.14    370.000    366.122    -0.5891    -0.5885     0.0006    -0.6013    -0.6008     0.0006   2.824817   2.824823   0.000010    34.3897    34.3892     6.7938    27.6424    27.6420    34.3897    27.6424    1451.62    1451.62    -0.6011  1029.4121    34.5578 0.0000e+00
      18072 313.263958  -62.14377  -58.43985     -0.398    1448.14    369.000    365.134    -0.5893    -0.5884     0.0009    -0.6015    -0.6006     0.0009   2.824718   2.824720 -9.570e-07    34.3893    34.3883     6.8016    27.6421    27.6412    34.3892    27.6420    1451.60    1451.60    -0.6012  1029.4070    34.5573 0.0000e+00
      18127 313.263984  -62.14378  -58.43983     -0.434    1448.14    368.000    364.145    -0.5900    -0.5889     0.0011    -0.6021    -0.6011     0.0011   2.824472   2.824534   0.000063    34.3874    34.3870     6.8022    27.6406    27.6402    34.3873    27.6405    1451.58    1451.58    -0.6019  1029.4007    34.5554 0.0000e+00
      18191 313.264015  -62.14378  -58.43980     -0.362    1448.14    367.000    363.160    -0.5904    -0.5897     0.0008    -0.6026    -0.6018     0.0008   2.824310   2.824314   0.000003    34.3863    34.3855     6.8195    27.6398    27.6390    34.3863    27.6397    1451.56    1451.56    -0.6023  1029.3951    34.5544 0.0000e+00
      18263 313.264050  -62.14378  -58.43978     -0.338    1448.14    366.000    362.165    -0.5907    -0.5899     0.0009    -0.6028    -0.6020     0.0009   2.824194   2.824202   0.000007    34.3857    34.3848     6.8197    27.6392    27.6385    34.3856    27.6392    1451.54    1451.54    -0.6025  1029.3899    34.5537 0.0000e+00
      18325 313.264080  -62.14378  -58.43975     -0.389    1448.14    365.000    361.178    -0.5907    -0.5900     0.0007    -0.6027    -0.6020     0.0007   2.824138   2.824127  -0.000010    34.3855    34.3845     6.8269    27.6390    27.6383    34.3855    27.6390    1451.52    1451.52    -0.6025  1029.3850    34.5535 0.0000e+00
      18380 313.264106  -62.14378  -58.43973     -0.442    1448.14    364.000    360.191    -0.5908    -0.5901     0.0008    -0.6028    -0.6021     0.0008   2.824086   2.824074  -0.000011    34.3856    34.3845     6.8292    27.6391    27.6383    34.3855    27.6391    1451.50    1451.51    -0.6026  1029.3803    34.5536 0.0000e+00
      18430 313.264130  -62.14378  -58.43970     -0.481    1448.14    363.000    359.202    -0.5910    -0.5902     0.0009    -0.6030    -0.6021     0.0009   2.824015   2.824015  -0.000002    34.3854    34.3844     6.8294    27.6390    27.6382    34.3854    27.6390    1451.49    1451.49    -0.6027  1029.3754    34.5534 0.0000e+00
      18484 313.264157  -62.14378  -58.43968     -0.439    1448.14    362.000    358.213    -0.5918    -0.5908     0.0010    -0.6038    -0.6028     0.0010   2.823836   2.823871   0.000027    34.3848    34.3840     6.8304    27.6385    27.6378    34.3845    27.6383    1451.47    1451.47    -0.6035  1029.3700    34.5526 0.0000e+00
      18532 313.264180  -62.14378  -58.43967     -0.504    1448.14    361.000    357.224    -0.5951    -0.5919     0.0033    -0.6070    -0.6038     0.0033   2.823402   2.823697   0.000285    34.3832    34.3833     6.8333    27.6374    27.6374    34.3830    27.6373    1451.43    1451.45    -0.6068  1029.3643    34.5511 0.0000e+00
      18573 313.264199  -62.14378  -58.43965     -0.582    1448.14    360.000    356.236    -0.5961    -0.5941     0.0020    -0.6079    -0.6059     0.0020   2.823266   2.823367   0.000116    34.3831    34.3824     6.8353    27.6373    27.6367    34.3828    27.6371    1451.41    1451.42    -0.6077  1029.3594    34.5509 0.0000e+00
      18613 313.264219  -62.14378  -58.43963     -0.598    1448.14    359.000    355.247    -0.5968    -0.5955     0.0012    -0.6086    -0.6073     0.0012   2.823123   2.823170   0.000046    34.3825    34.3817     6.8484    27.6369    27.6362    34.3823    27.6367    1451.39    1451.39    -0.6083  1029.3543    34.5503 0.0000e+00
      18654 313.264239  -62.14380  -58.43962     -0.579    1448.14    358.000    354.258    -0.5971    -0.5960     0.0010    -0.6088    -0.6078     0.0010   2.823037   2.823053   0.000017    34.3822    34.3813     6.8461    27.6367    27.6359    34.3821    27.6366    1451.37    1451.38    -0.6086  1029.3494    34.5501 0.0000e+00
      18695 313.264258  -62.14380  -58.43960     -0.591    1448.14    357.000    353.270    -0.5971    -0.5962     0.0009    -0.6089    -0.6079     0.0009   2.822946   2.822976   0.000033    34.3817    34.3811     6.8530    27.6362    27.6357    34.3816    27.6361    1451.36    1451.36    -0.6086  1029.3442    34.5496 0.0000e+00
      18733 313.264277  -62.14380  -58.43958     -0.630    1448.14    356.000    352.281    -0.5969    -0.5964     0.0006    -0.6086    -0.6081     0.0006   2.822876   2.822875   0.000002    34.3811    34.3805     6.8544    27.6358    27.6352    34.3810    27.6357    1451.34    1451.34    -0.6084  1029.3390    34.5490 0.0000e+00
      18776 313.264297  -62.14380  -58.43956     -0.566    1448.14    355.000    351.292    -0.5958    -0.5958     0.0000    -0.6074    -0.6075     0.0000   2.822878   2.822844  -0.000032    34.3803    34.3799     6.8632    27.6351    27.6348    34.3803    27.6351    1451.33    1451.33    -0.6072  1029.3336    34.5483 0.0000e+00
