Pos-Processados/process_op42/operantar42_029.cnv
* Sea-Bird SBE 9 Data File:
* FileName = C:\Users\Hidrografia\Desktop\OPXLII\Brutos\OP42029.hdr
* Software Version Seasave V 7.26.7.107
* Temperature SN = 6502
* Conductivity SN = 4998
* Number of Bytes Per Scan = 37
* Number of Voltage Words = 4
* Number of Scans Averaged by the Deck Unit = 1
* NMEA Latitude = 62 08.30 S
* NMEA Longitude = 058 26.22 W
* NMEA UTC (Time) = Nov 09 2023 04:08:28
* NMEA baud rate = 4800
** H41
** NPOALTEMAXIMIANO
** NUMERO DA ESTACAO (XXX) 029
** LAT (XX XX.XX S/N) 62 08.530 S
** LONG (XXX XX.XX W/E) 058 26.937 W
** DATAHORA (dd/mm/aaaa hh:mm Z) 09/11/2023 0407Z
** PROFUNDIDADE (m) 424
** OPERADOR CT FILIPE LOPES
# nquan = 30
# nvalues = 724                         
# units = specified
# name 0 = scan: Scan Count
# name 1 = timeJ: Julian Days
# name 2 = latitude: Latitude [deg]
# name 3 = longitude: Longitude [deg]
# name 4 = dz/dtM: Descent Rate [m/s]
# name 5 = avgsvCM: Average Sound Velocity [Chen-Millero, m/s]
# name 6 = prDM: Pressure, Digiquartz [db]
# name 7 = depSM: Depth [salt water, m]
# name 8 = t090C: Temperature [ITS-90, deg C]
# name 9 = t190C: Temperature, 2 [ITS-90, deg C]
# name 10 = T2-T190C: Temperature Difference, 2 - 1 [ITS-90, deg C]
# name 11 = potemp090C: Potential Temperature [ITS-90, deg C]
# name 12 = potemp190C: Potential Temperature, 2 [ITS-90, deg C]
# name 13 = potemp90Cdiff: Potential Temperature, Diff, 2 - 1 [ITS-90, deg C]
# name 14 = c0S/m: Conductivity [S/m]
# name 15 = c1S/m: Conductivity, 2 [S/m]
# name 16 = C2-C1S/m: Conductivity Difference, 2 - 1 [S/m]
# name 17 = sal00: Salinity, Practical [PSU]
# name 18 = sal11: Salinity, Practical, 2 [PSU]
# name 19 = sbeox0ML/L: Oxygen, SBE 43 [ml/l]
# name 20 = sigma-é00: Density [sigma-theta, kg/m^3]
# name 21 = sigma-é11: Density, 2 [sigma-theta, kg/m^3]
# name 22 = sal00: Salinity, Practical [PSU]
# name 23 = sigma-é00: Density [sigma-theta, kg/m^3]
# name 24 = svCM: Sound Velocity [Chen-Millero, m/s]
# name 25 = svCM1: Sound Velocity, 2 [Chen-Millero, m/s]
# name 26 = gsw_ptA0: potential temperature [ITS-90, deg C]
# name 27 = gsw_densityA0: density, TEOS-10 [density, kg/m^3]
# name 28 = gsw_saA0: Absolute Salinity [g/kg]
# name 29 = flag:
# span 0 =       4429,      29840       
# span 1 = 313.174682, 313.186936       
# span 2 =  -62.13942,  -62.13865       
# span 3 =  -58.43516,  -58.42258       
# span 4 =     -1.153,      0.892       
# span 5 =       0.00,    1447.91       
# span 6 =      2.000,    364.000       
# span 7 =      1.991,    360.190       
# span 8 =    -0.8223,    -0.5928       
# span 9 =    -0.8215,    -0.5915       
# span 10 =    -0.0108,     0.0082      
# span 11 =    -0.8273,    -0.5929      
# span 12 =    -0.8265,    -0.5916      
# span 13 =    -0.0107,     0.0082      
# span 14 =   2.789963,   2.819469      
# span 15 =   2.789950,   2.819452      
# span 16 =  -0.000712,   0.000790      
# span 17 =    34.2790,    34.3884      
# span 18 =    34.2783,    34.3873      
# span 19 =     6.8237,     7.6195      
# span 20 =    27.5524,    27.6440      
# span 21 =    27.5522,    27.6431      
# span 22 =    34.2792,    34.3886      
# span 23 =    27.5526,    27.6442      
# span 24 =    1445.43,    1451.22      
# span 25 =    1445.43,    1451.23      
# span 26 =    -0.8272,    -0.5929      
# span 27 =  1027.5672,  1029.3859      
# span 28 =    34.4445,    34.5564      
# span 29 = 0.0000e+00, 0.0000e+00      
# interval = decibars: 1                
# start_time = Nov 09 2023 04:08:28 [NMEA time, header]
# bad_flag = -9.990e-29
*END*
[from data line 146]
       9327 313.177044  -62.13874  -58.43289      0.802    1446.32    149.000    147.517    -0.7631    -0.7626     0.0005    -0.7674    -0.7670     0.0005   2.793218   2.793194  -0.000021    34.2960    34.2952     7.4871    27.5736    27.5730    34.2959    27.5736    1447.07    1447.08    -0.7673  1028.2921    34.4628 0.0000e+00
       9357 313.177058  -62.13874  -58.43288      0.790    1446.32    150.000    148.507    -0.7632    -0.7629     0.0004    -0.7676    -0.7673     0.0004   2.793251   2.793228  -0.000021    34.2959    34.2952     7.5042    27.5735    27.5729    34.2959    27.5736    1447.09    1447.09    -0.7675  1028.2969    34.4628 0.0000e+00
       9387 313.177073  -62.13876  -58.43286      0.800    1446.32    151.000    149.497    -0.7632    -0.7618     0.0013    -0.7676    -0.7663     0.0013   2.793294   2.793336   0.000035    34.2963    34.2952     7.5027    27.5738    27.5729    34.2959    27.5735    1447.11    1447.11    -0.7675  1028.3016    34.4627 0.0000e+00
       9416 313.177087  -62.13876  -58.43286      0.810    1446.32    152.000    150.486    -0.7711    -0.7697     0.0014    -0.7756    -0.7742     0.0014   2.792793   2.792791   0.000002    34.2980    34.2964     7.5065    27.5756    27.5743    34.2975    27.5752    1447.09    1447.09    -0.7754  1028.3081    34.4644 0.0000e+00
       9445 313.177101  -62.13875  -58.43284      0.829    1446.32    153.000    151.476    -0.7728    -0.7719     0.0010    -0.7773    -0.7764     0.0010   2.792682   2.792678  -0.000003    34.2976    34.2965     7.5000    27.5753    27.5744    34.2973    27.5751    1447.09    1447.10    -0.7772  1028.3128    34.4642 0.0000e+00
       9473 313.177114  -62.13875  -58.43283      0.839    1446.32    154.000    152.466    -0.7732    -0.7724     0.0008    -0.7777    -0.7769     0.0008   2.792676   2.792680   0.000004    34.2973    34.2964     7.4960    27.5751    27.5744    34.2970    27.5748    1447.11    1447.11    -0.7776  1028.3174    34.4639 0.0000e+00
       9502 313.177128  -62.13876  -58.43281      0.846    1446.32    155.000    153.455    -0.7737    -0.7728     0.0009    -0.7783    -0.7774     0.0009   2.792687   2.792696   0.000011    34.2974    34.2965     7.4893    27.5752    27.5744    34.2971    27.5750    1447.12    1447.13    -0.7781  1028.3223    34.4640 0.0000e+00
       9531 313.177142  -62.13876  -58.43280      0.839    1446.32    156.000    154.445    -0.7742    -0.7734     0.0008    -0.7788    -0.7780     0.0008   2.792693   2.792697   0.000005    34.2974    34.2966     7.4916    27.5752    27.5745    34.2972    27.5750    1447.14    1447.14    -0.7787  1028.3271    34.4641 0.0000e+00
       9560 313.177156  -62.13876  -58.43278      0.820    1446.32    157.000    155.434    -0.7743    -0.7735     0.0008    -0.7789    -0.7781     0.0008   2.792730   2.792737   0.000007    34.2973    34.2965     7.4880    27.5751    27.5744    34.2971    27.5750    1447.15    1447.16    -0.7788  1028.3318    34.4640 0.0000e+00
       9591 313.177171  -62.13876  -58.43276      0.796    1446.32    158.000    156.424    -0.7753    -0.7742     0.0011    -0.7799    -0.7788     0.0011   2.792708   2.792723   0.000016    34.2975    34.2966     7.4901    27.5754    27.5745    34.2973    27.5752    1447.17    1447.17    -0.7798  1028.3368    34.4642 0.0000e+00
       9622 313.177186  -62.13876  -58.43276      0.777    1446.32    159.000    157.414    -0.7761    -0.7753     0.0008    -0.7808    -0.7800     0.0008   2.792702   2.792698  -0.000002    34.2978    34.2968     7.4885    27.5756    27.5748    34.2975    27.5754    1447.18    1447.18    -0.7806  1028.3418    34.4645 0.0000e+00
       9652 313.177200  -62.13876  -58.43274      0.784    1446.32    160.000    158.404    -0.7765    -0.7757     0.0008    -0.7812    -0.7804     0.0008   2.792714   2.792711  -0.000005    34.2977    34.2967     7.4868    27.5756    27.5747    34.2975    27.5754    1447.19    1447.19    -0.7811  1028.3467    34.4645 0.0000e+00
       9681 313.177215  -62.13876  -58.43272      0.808    1446.32    161.000    159.393    -0.7764    -0.7758     0.0007    -0.7812    -0.7805     0.0007   2.792751   2.792751   0.000003    34.2975    34.2967     7.4924    27.5753    27.5748    34.2974    27.5753    1447.21    1447.21    -0.7810  1028.3513    34.4643 0.0000e+00
       9710 313.177228  -62.13876  -58.43271      0.834    1446.32    162.000    160.383    -0.7763    -0.7756     0.0007    -0.7811    -0.7804     0.0007   2.792817   2.792806  -0.000012    34.2976    34.2966     7.4894    27.5755    27.5746    34.2975    27.5754    1447.23    1447.23    -0.7809  1028.3562    34.4644 0.0000e+00
       9738 313.177242  -62.13876  -58.43270      0.850    1446.32    163.000    161.372    -0.7766    -0.7755     0.0011    -0.7814    -0.7803     0.0011   2.792840   2.792856   0.000014    34.2976    34.2966     7.4881    27.5755    27.5746    34.2975    27.5754    1447.24    1447.24    -0.7813  1028.3610    34.4644 0.0000e+00
       9766 313.177256  -62.13876  -58.43269      0.847    1446.40    164.000    162.362    -0.7763    -0.7756     0.0007    -0.7811    -0.7804     0.0007   2.792897   2.792896   0.000002    34.2975    34.2967     7.4823    27.5754    27.5747    34.2974    27.5753    1447.26    1447.26    -0.7810  1028.3656    34.4643 0.0000e+00
       9796 313.177270  -62.13876  -58.43268      0.833    1446.55    165.000    163.352    -0.7792    -0.7789     0.0003    -0.7840    -0.7838     0.0003   2.792731   2.792692  -0.000038    34.2981    34.2972     7.4856    27.5760    27.5753    34.2978    27.5757    1447.26    1447.26    -0.7839  1028.3709    34.4647 0.0000e+00
       9826 313.177284  -62.13876  -58.43266      0.806    1446.55    166.000    164.341    -0.7799    -0.7791     0.0008    -0.7847    -0.7840     0.0008   2.792721   2.792738   0.000013    34.2979    34.2972     7.4856    27.5759    27.5753    34.2978    27.5757    1447.27    1447.28    -0.7846  1028.3757    34.4647 0.0000e+00
       9856 313.177299  -62.13876  -58.43264      0.782    1446.55    167.000    165.331    -0.7805    -0.7796     0.0009    -0.7854    -0.7845     0.0009   2.792738   2.792735   0.000002    34.2983    34.2973     7.4906    27.5762    27.5753    34.2981    27.5761    1447.29    1447.29    -0.7853  1028.3808    34.4651 0.0000e+00
       9888 313.177314  -62.13876  -58.43263      0.772    1446.55    168.000    166.320    -0.7811    -0.7807     0.0005    -0.7861    -0.7856     0.0005   2.792725   2.792710  -0.000016    34.2982    34.2975     7.4859    27.5762    27.5756    34.2980    27.5760    1447.30    1447.30    -0.7859  1028.3855    34.4650 0.0000e+00
       9917 313.177329  -62.13876  -58.43262      0.790    1446.55    169.000    167.310    -0.7826    -0.7817     0.0009    -0.7876    -0.7867     0.0009   2.792683   2.792681  -0.000003    34.2988    34.2977     7.4838    27.5767    27.5758    34.2986    27.5765    1447.31    1447.31    -0.7874  1028.3908    34.4655 0.0000e+00
       9946 313.177342  -62.13876  -58.43260      0.828    1446.55    170.000    168.300    -0.7849    -0.7838     0.0010    -0.7898    -0.7888     0.0010   2.792560   2.792556  -0.000003    34.2991    34.2979     7.4843    27.5771    27.5761    34.2988    27.5768    1447.32    1447.32    -0.7897  1028.3959    34.4658 0.0000e+00
       9974 313.177356  -62.13876  -58.43259      0.847    1446.55    171.000    169.289    -0.7868    -0.7861     0.0008    -0.7918    -0.7911     0.0008   2.792447   2.792441  -0.000005    34.2991    34.2982     7.4845    27.5771    27.5763    34.2989    27.5769    1447.32    1447.33    -0.7917  1028.4008    34.4659 0.0000e+00
      10003 313.177370  -62.13876  -58.43258      0.837    1446.55    172.000    170.279    -0.7868    -0.7861     0.0007    -0.7919    -0.7912     0.0007   2.792489   2.792488  -0.000002    34.2990    34.2982     7.4840    27.5771    27.5763    34.2988    27.5769    1447.34    1447.34    -0.7917  1028.4055    34.4658 0.0000e+00
      10033 313.177384  -62.13876  -58.43257      0.806    1446.55    173.000    171.269    -0.7886    -0.7875     0.0011    -0.7937    -0.7926     0.0011   2.792431   2.792433   0.000007    34.2998    34.2986     7.4857    27.5777    27.5768    34.2994    27.5775    1447.35    1447.35    -0.7935  1028.4109    34.4665 0.0000e+00
      10064 313.177399  -62.13876  -58.43254      0.789    1446.55    174.000    172.258    -0.7892    -0.7883     0.0009    -0.7943    -0.7934     0.0009   2.792433   2.792436   0.000001    34.2996    34.2987     7.4893    27.5777    27.5768    34.2995    27.5776    1447.36    1447.37    -0.7942  1028.4158    34.4666 0.0000e+00
      10094 313.177414  -62.13876  -58.43253      0.796    1446.55    175.000    173.248    -0.7884    -0.7872     0.0012    -0.7935    -0.7923     0.0012   2.792509   2.792550   0.000035    34.2992    34.2983     7.4787    27.5773    27.5765    34.2990    27.5771    1447.38    1447.39    -0.7934  1028.4201    34.4660 0.0000e+00
      10124 313.177428  -62.13876  -58.43252      0.805    1446.55    176.000    174.237    -0.7900    -0.7895     0.0005    -0.7951    -0.7946     0.0005   2.792453   2.792432  -0.000016    34.2996    34.2989     7.4889    27.5777    27.5771    34.2994    27.5775    1447.39    1447.39    -0.7950  1028.4253    34.4665 0.0000e+00
      10153 313.177442  -62.13876  -58.43251      0.811    1446.55    177.000    175.227    -0.7900    -0.7893     0.0006    -0.7952    -0.7945     0.0006   2.792497   2.792491  -0.000006    34.2995    34.2987     7.4856    27.5776    27.5769    34.2994    27.5775    1447.41    1447.41    -0.7950  1028.4301    34.4665 0.0000e+00
      10183 313.177457  -62.13876  -58.43248      0.807    1446.55    178.000    176.216    -0.7889    -0.7882     0.0007    -0.7941    -0.7934     0.0007   2.792611   2.792618   0.000006    34.2992    34.2985     7.4812    27.5773    27.5767    34.2991    27.5772    1447.43    1447.43    -0.7940  1028.4345    34.4662 0.0000e+00
      10213 313.177471  -62.13876  -58.43247      0.805    1446.55    179.000    177.206    -0.7891    -0.7886     0.0005    -0.7943    -0.7938     0.0005   2.792662   2.792637  -0.000024    34.2994    34.2985     7.4803    27.5775    27.5767    34.2994    27.5775    1447.44    1447.45    -0.7942  1028.4396    34.4664 0.0000e+00
      10243 313.177485  -62.13876  -58.43246      0.807    1446.55    180.000    178.195    -0.7876    -0.7867     0.0009    -0.7928    -0.7920     0.0009   2.792794   2.792807   0.000011    34.2989    34.2981     7.4768    27.5770    27.5763    34.2988    27.5770    1447.47    1447.47    -0.7927  1028.4438    34.4659 0.0000e+00
      10273 313.177500  -62.13876  -58.43245      0.791    1446.55    181.000    179.185    -0.7924    -0.7911     0.0013    -0.7977    -0.7964     0.0013   2.792571   2.792564  -0.000009    34.3009    34.2994     7.4831    27.5789    27.5775    34.3007    27.5787    1447.46    1447.47    -0.7976  1028.4503    34.4678 0.0000e+00
      10303 313.177515  -62.13876  -58.43244      0.792    1446.55    182.000    180.174    -0.7911    -0.7897     0.0014    -0.7964    -0.7950     0.0014   2.792661   2.792697   0.000036    34.2998    34.2987     7.4839    27.5779    27.5770    34.2998    27.5779    1447.49    1447.49    -0.7963  1028.4543    34.4669 0.0000e+00
      10333 313.177529  -62.13876  -58.43242      0.807    1446.55    183.000    181.164    -0.7912    -0.7903     0.0009    -0.7966    -0.7957     0.0009   2.792689   2.792701   0.000004    34.2999    34.2989     7.4822    27.5780    27.5771    34.2997    27.5778    1447.50    1447.50    -0.7964  1028.4590    34.4668 0.0000e+00
      10362 313.177543  -62.13876  -58.43241      0.823    1446.55    184.000    182.154    -0.7954    -0.7941     0.0013    -0.8008    -0.7995     0.0013   2.792463   2.792482   0.000022    34.3012    34.3000     7.4809    27.5792    27.5781    34.3008    27.5789    1447.50    1447.50    -0.8007  1028.4649    34.4679 0.0000e+00
      10391 313.177557  -62.13876  -58.43239      0.820    1446.55    185.000    183.143    -0.7980    -0.7963     0.0016    -0.8034    -0.8017     0.0016   2.792313   2.792352   0.000041    34.3015    34.3002     7.4843    27.5796    27.5784    34.3011    27.5792    1447.50    1447.51    -0.8033  1028.4700    34.4682 0.0000e+00
      10421 313.177572  -62.13878  -58.43238      0.802    1446.55    186.000    184.133    -0.8014    -0.8006     0.0008    -0.8068    -0.8060     0.0008   2.792115   2.792094  -0.000021    34.3020    34.3008     7.4845    27.5801    27.5791    34.3016    27.5798    1447.50    1447.51    -0.8067  1028.4754    34.4687 0.0000e+00
      10452 313.177586  -62.13878  -58.43236      0.792    1446.55    187.000    185.122    -0.8020    -0.8011     0.0009    -0.8075    -0.8066     0.0009   2.792093   2.792097   0.000002    34.3018    34.3008     7.4827    27.5799    27.5791    34.3014    27.5796    1447.52    1447.52    -0.8073  1028.4800    34.4685 0.0000e+00
      10481 313.177601  -62.13878  -58.43235      0.806    1446.55    188.000    186.112    -0.8033    -0.8026     0.0007    -0.8088    -0.8081     0.0007   2.792053   2.792031  -0.000022    34.3020    34.3010     7.4833    27.5802    27.5793    34.3017    27.5799    1447.53    1447.53    -0.8087  1028.4851    34.4688 0.0000e+00
      10511 313.177615  -62.13878  -58.43233      0.806    1446.55    189.000    187.101    -0.8059    -0.8049     0.0011    -0.8115    -0.8104     0.0011   2.791906   2.791907   0.000002    34.3027    34.3015     7.4791    27.5808    27.5798    34.3021    27.5804    1447.53    1447.54    -0.8113  1028.4903    34.4692 0.0000e+00
      10542 313.177630  -62.13878  -58.43232      0.793    1446.55    190.000    188.091    -0.8092    -0.8083     0.0009    -0.8148    -0.8139     0.0009   2.791714   2.791710  -0.000006    34.3031    34.3020     7.4724    27.5813    27.5804    34.3026    27.5809    1447.53    1447.54    -0.8146  1028.4957    34.4697 0.0000e+00
      10572 313.177644  -62.13878  -58.43230      0.781    1446.55    191.000    189.080    -0.8106    -0.8097     0.0009    -0.8162    -0.8153     0.0009   2.791643   2.791645   0.000001    34.3030    34.3020     7.4704    27.5813    27.5804    34.3026    27.5810    1447.54    1447.55    -0.8160  1028.5005    34.4697 0.0000e+00
      10602 313.177659  -62.13878  -58.43229      0.793    1446.55    192.000    190.070    -0.8111    -0.8101     0.0010    -0.8167    -0.8157     0.0010   2.791656   2.791662   0.000006    34.3030    34.3020     7.4649    27.5813    27.5804    34.3027    27.5811    1447.56    1447.56    -0.8166  1028.5054    34.4698 0.0000e+00
      10632 313.177673  -62.13878  -58.43228      0.811    1446.55    193.000    191.059    -0.8115    -0.8106     0.0009    -0.8172    -0.8163     0.0009   2.791663   2.791668   0.000008    34.3030    34.3021     7.4667    27.5813    27.5805    34.3027    27.5811    1447.57    1447.57    -0.8170  1028.5102    34.4698 0.0000e+00
      10661 313.177687  -62.13878  -58.43226      0.816    1446.55    194.000    192.048    -0.8117    -0.8109     0.0008    -0.8174    -0.8166     0.0008   2.791705   2.791699  -0.000007    34.3030    34.3021     7.4746    27.5813    27.5805    34.3028    27.5812    1447.59    1447.59    -0.8172  1028.5150    34.4699 0.0000e+00
      10692 313.177702  -62.13878  -58.43225      0.802    1446.55    195.000    193.038    -0.8117    -0.8109     0.0007    -0.8174    -0.8166     0.0007   2.791752   2.791744  -0.000008    34.3030    34.3021     7.4759    27.5813    27.5806    34.3028    27.5812    1447.60    1447.61    -0.8173  1028.5198    34.4700 0.0000e+00
