Pos-Processados/process_op42/operantar42_048.cnv
* Sea-Bird SBE 9 Data File:
* FileName = C:\Users\Hidrografia\Desktop\OPXLII\Brutos\OP42048.hdr
* Software Version Seasave V 7.26.7.107
* Temperature SN = 6502
* Conductivity SN = 4998
* Number of Bytes Per Scan = 37
* Number of Voltage Words = 4
* Number of Scans Averaged by the Deck Unit = 1
* NMEA Latitude = 62 08.23 S
* NMEA Longitude = 058 26.45 W
* NMEA UTC (Time) = Nov 09 2023 23:05:39
* NMEA baud rate = 4800
** H41
** NPOALTEMAXIMIANO
** NUMERO DA ESTACAO (XXX) 048
** LAT (XX XX.XX S/N) 62 08. S
** LONG (XXX XX.XX W/E) 058 26. W
** DATAHORA (dd/mm/aaaa hh:mm Z) 09/11/2023 2305Z
** PROFUNDIDADE (m) 424
** OPERADOR 1T ZAMITH
# nquan = 30
# nvalues = 733                         
# units = specified
# name 0 = scan: Scan Count
# name 1 = timeJ: Julian Days
# name 2 = latitude: Latitude [deg]
# name 3 = longitude: Longitude [deg]
# name 4 = dz/dtM: Descent Rate [m/s]
# name 5 = avgsvCM: Average Sound Velocity [Chen-Millero, m/s]
# name 6 = prDM: Pressure, Digiquartz [db]
# name 7 = depSM: Depth [salt water, m]
# name 8 = t090C: Temperature [ITS-90, deg C]
# name 9 = t190C: Temperature, 2 [ITS-90, deg C]
# name 10 = T2-T190C: Temperature Difference, 2 - 1 [ITS-90, deg C]
# name 11 = potemp090C: Potential Temperature [ITS-90, deg C]
# name 12 = potemp190C: Potential Temperature, 2 [ITS-90, deg C]
# name 13 = potemp90Cdiff: Potential Temperature, Diff, 2 - 1 [ITS-90, deg C]
# name 14 = c0S/m: Conductivity [S/m]
# name 15 = c1S/m: Conductivity, 2 [S/m]
# name 16 = C2-C1S/m: Conductivity Difference, 2 - 1 [S/m]
# name 17 = sal00: Salinity, Practical [PSU]
# name 18 = sal11: Salinity, Practical, 2 [PSU]
# name 19 = sbeox0ML/L: Oxygen, SBE 43 [ml/l]
# name 20 = sigma-é00: Density [sigma-theta, kg/m^3]
# name 21 = sigma-é11: Density, 2 [sigma-theta, kg/m^3]
# name 22 = sal00: Salinity, Practical [PSU]
# name 23 = sigma-é00: Density [sigma-theta, kg/m^3]
# name 24 = svCM: Sound Velocity [Chen-Millero, m/s]
# name 25 = svCM1: Sound Velocity, 2 [Chen-Millero, m/s]
# name 26 = gsw_ptA0: potential temperature [ITS-90, deg C]
# name 27 = gsw_densityA0: density, TEOS-10 [density, kg/m^3]
# name 28 = gsw_saA0: Absolute Salinity [g/kg]
# name 29 = flag:
# span 0 =       2220,      22019       
# span 1 = 313.963327, 313.972875       
# span 2 =  -62.14162,  -62.13767       
# span 3 =  -58.44030,  -58.43594       
# span 4 =     -1.113,      1.096       
# span 5 =      -0.00,    1448.19       
# span 6 =      5.000,    371.000       
# span 7 =      4.960,    367.014       
# span 8 =    -0.7945,    -0.5272       
# span 9 =    -0.7936,    -0.5293       
# span 10 =    -0.0118,     0.0114      
# span 11 =    -0.8013,    -0.5394      
# span 12 =    -0.8004,    -0.5391      
# span 13 =    -0.0118,     0.0114      
# span 14 =   2.793347,   2.830375      
# span 15 =   2.793355,   2.830176      
# span 16 =  -0.001098,   0.000990      
# span 17 =    34.2728,    34.3986      
# span 18 =    34.2720,    34.3985      
# span 19 =     6.7183,     7.6968      
# span 20 =    27.5452,    27.6480      
# span 21 =    27.5444,    27.6472      
# span 22 =    34.2726,    34.3992      
# span 23 =    27.5451,    27.6481      
# span 24 =    1445.62,    1451.89      
# span 25 =    1445.63,    1451.90      
# span 26 =    -0.8011,    -0.5392      
# span 27 =  1027.5735,  1029.4216      
# span 28 =    34.4342,    34.5694      
# span 29 = 0.0000e+00, 0.0000e+00      
# interval = decibars: 1                
# start_time = Nov 09 2023 23:05:39 [NMEA time, header]
# bad_flag = -9.990e-29
*END*
[from data line 291]
       9436 313.966807  -62.13910  -58.43828      0.957    1447.35    296.000    292.950    -0.6686    -0.6682     0.0004    -0.6780    -0.6776     0.0004   2.811452   2.811398  -0.000051    34.3443    34.3431     7.1738    27.6090    27.6080    34.3449    27.6094    1449.98    1449.98    -0.6778  1029.0284    34.5127 0.0000e+00
       9462 313.966820  -62.13910  -58.43828      0.940    1447.35    297.000    293.939    -0.6662    -0.6655     0.0007    -0.6756    -0.6749     0.0007   2.811763   2.811758  -0.000006    34.3453    34.3444     7.1774    27.6097    27.6090    34.3457    27.6100    1450.00    1450.01    -0.6754  1029.0337    34.5135 0.0000e+00
       9490 313.966833  -62.13910  -58.43826      0.889    1447.35    298.000    294.928    -0.6659    -0.6652     0.0008    -0.6753    -0.6746     0.0008   2.811868   2.811852  -0.000017    34.3459    34.3448     7.1688    27.6102    27.6092    34.3462    27.6104    1450.02    1450.03    -0.6751  1029.0389    34.5140 0.0000e+00
       9518 313.966846  -62.13912  -58.43826      0.863    1447.35    299.000    295.917    -0.6655    -0.6647     0.0007    -0.6750    -0.6742     0.0007   2.811977   2.811948  -0.000029    34.3463    34.3450     7.1674    27.6104    27.6094    34.3466    27.6107    1450.04    1450.04    -0.6748  1029.0439    34.5144 0.0000e+00
       9546 313.966860  -62.13912  -58.43826      0.845    1447.35    300.000    296.906    -0.6649    -0.6640     0.0008    -0.6744    -0.6735     0.0008   2.812077   2.812072  -0.000010    34.3464    34.3453     7.1660    27.6105    27.6096    34.3466    27.6107    1450.06    1450.06    -0.6742  1029.0487    34.5144 0.0000e+00
       9573 313.966873  -62.13912  -58.43825      0.866    1447.35    301.000    297.895    -0.6635    -0.6628     0.0007    -0.6730    -0.6724     0.0007   2.812253   2.812236  -0.000015    34.3465    34.3455     7.1555    27.6105    27.6097    34.3468    27.6108    1450.08    1450.09    -0.6728  1029.0535    34.5146 0.0000e+00
       9598 313.966885  -62.13912  -58.43824      0.923    1447.35    302.000    298.884    -0.6619    -0.6612     0.0007    -0.6714    -0.6708     0.0007   2.812492   2.812457  -0.000032    34.3470    34.3458     7.1536    27.6109    27.6099    34.3476    27.6114    1450.11    1450.11    -0.6713  1029.0584    34.5149 0.0000e+00
       9623 313.966897 -9.990e-29  -58.43824      0.979    1447.35    303.000    299.873    -0.6610    -0.6599     0.0011    -0.6706    -0.6695     0.0011   2.812642   2.812640  -0.000004    34.3477    34.3464     7.1506    27.6114    27.6103    34.3480    27.6117    1450.13    1450.13    -0.6704  1029.0592    34.5101 0.0000e+00
       9647 313.966909 -9.990e-29  -58.43823      0.985    1447.35    304.000    300.862    -0.6603    -0.6595     0.0008    -0.6700    -0.6692     0.0008   2.812758   2.812727  -0.000032    34.3479    34.3466     7.1562    27.6115    27.6105    34.3482    27.6118    1450.15    1450.15    -0.6697  1029.0640    34.5102 0.0000e+00
       9674 313.966922 -9.990e-29  -58.43822      0.940    1447.35    305.000    301.851    -0.6600    -0.6594     0.0007    -0.6697    -0.6691     0.0007   2.812846   2.812806  -0.000039    34.3481    34.3468     7.1531    27.6117    27.6106    34.3484    27.6119    1450.17    1450.17    -0.6695  1029.0689    34.5104 0.0000e+00
       9702 313.966935  -62.13914  -58.43822      0.877    1447.35    306.000    302.840    -0.6582    -0.6576     0.0006    -0.6680    -0.6673     0.0006   2.813068   2.813038  -0.000031    34.3484    34.3473     7.1496    27.6119    27.6109    34.3488    27.6121    1450.19    1450.19    -0.6677  1029.0752    34.5123 0.0000e+00
       9730 313.966949  -62.13916  -58.43820      0.838    1447.35    307.000    303.829    -0.6570    -0.6565     0.0005    -0.6668    -0.6663     0.0005   2.813214   2.813185  -0.000028    34.3484    34.3474     7.1477    27.6118    27.6110    34.3488    27.6121    1450.21    1450.22    -0.6666  1029.0833    34.5166 0.0000e+00
       9758 313.966962  -62.13916  -58.43820      0.853    1447.35    308.000    304.818    -0.6563    -0.6556     0.0007    -0.6661    -0.6654     0.0007   2.813353   2.813331  -0.000022    34.3488    34.3477     7.1371    27.6121    27.6112    34.3492    27.6124    1450.23    1450.24    -0.6659  1029.0884    34.5170 0.0000e+00
       9784 313.966975  -62.13916  -58.43820      0.903    1447.35    309.000    305.807    -0.6555    -0.6545     0.0010    -0.6653    -0.6644     0.0010   2.813503   2.813495  -0.000009    34.3493    34.3480     7.1364    27.6124    27.6114    34.3497    27.6128    1450.26    1450.26    -0.6651  1029.0935    34.5175 0.0000e+00
       9809 313.966987  -62.13916  -58.43819      0.952    1447.35    310.000    306.796    -0.6532    -0.6523     0.0009    -0.6631    -0.6622     0.0009   2.813798   2.813804  -0.000003    34.3499    34.3488     7.1318    27.6129    27.6119    34.3505    27.6133    1450.28    1450.29    -0.6629  1029.0987    34.5183 0.0000e+00
       9833 313.966998  -62.13917  -58.43818      0.978    1447.35    311.000    307.784    -0.6501    -0.6487     0.0014    -0.6601    -0.6587     0.0014   2.814184   2.814249   0.000066    34.3511    34.3504     7.1268    27.6137    27.6130    34.3516    27.6141    1450.32    1450.32    -0.6598  1029.1043    34.5195 0.0000e+00
       9858 313.967011  -62.13918  -58.43818      0.970    1447.35    312.000    308.774    -0.6495    -0.6486     0.0009    -0.6595    -0.6585     0.0009   2.814312   2.814299  -0.000004    34.3516    34.3505     7.1274    27.6141    27.6132    34.3520    27.6144    1450.34    1450.34    -0.6593  1029.1093    34.5199 0.0000e+00
       9884 313.967023  -62.13918  -58.43817      0.948    1447.69    313.000    309.763    -0.6488    -0.6481     0.0006    -0.6588    -0.6581     0.0006   2.814437   2.814399  -0.000041    34.3518    34.3506     7.1235    27.6143    27.6132    34.3523    27.6146    1450.36    1450.36    -0.6586  1029.1142    34.5201 0.0000e+00
       9912 313.967036  -62.13919  -58.43816      0.889    1447.79    314.000    310.751    -0.6467    -0.6464     0.0002    -0.6567    -0.6565     0.0002   2.814698   2.814635  -0.000061    34.3522    34.3512     7.1151    27.6145    27.6136    34.3527    27.6149    1450.38    1450.38    -0.6565  1029.1193    34.5206 0.0000e+00
       9941 313.967051  -62.13920  -58.43816      0.818    1447.79    315.000    311.740    -0.6466    -0.6459     0.0007    -0.6567    -0.6560     0.0007   2.814775   2.814736  -0.000034    34.3528    34.3515     7.1129    27.6149    27.6139    34.3532    27.6153    1450.40    1450.40    -0.6565  1029.1244    34.5210 0.0000e+00
       9970 313.967064  -62.13920  -58.43814      0.826    1447.79    316.000    312.729    -0.6447    -0.6439     0.0008    -0.6548    -0.6540     0.0008   2.815015   2.815007  -0.000015    34.3532    34.3521     7.1012    27.6152    27.6143    34.3536    27.6155    1450.43    1450.43    -0.6546  1029.1293    34.5215 0.0000e+00
       9997 313.967077  -62.13920  -58.43814      0.877    1447.79    317.000    313.718    -0.6401    -0.6409    -0.0007    -0.6503    -0.6510    -0.0007   2.815624   2.815488  -0.000141    34.3539    34.3528     7.0981    27.6156    27.6147    34.3560    27.6173    1450.47    1450.46    -0.6501  1029.1358    34.5239 0.0000e+00
      10022 313.967090  -62.13921  -58.43813      0.923    1447.79    318.000    314.707    -0.6206    -0.6191     0.0015    -0.6309    -0.6293     0.0015   2.817813   2.817954   0.000152    34.3603    34.3606     7.0954    27.6199    27.6201    34.3628    27.6219    1450.58    1450.59    -0.6306  1029.1450    34.5307 0.0000e+00
      10046 313.967101  -62.13922  -58.43812      0.973    1447.79    319.000    315.696    -0.6096    -0.6099    -0.0003    -0.6200    -0.6203    -0.0003   2.819214   2.819099  -0.000110    34.3664    34.3652     7.0926    27.6243    27.6234    34.3686    27.6262    1450.66    1450.66    -0.6197  1029.1538    34.5366 0.0000e+00
      10070 313.967113  -62.13922  -58.43812      1.000    1447.79    320.000    316.685    -0.6054    -0.6043     0.0011    -0.6158    -0.6147     0.0011   2.819758   2.819760  -0.000006    34.3690    34.3677     7.0849    27.6263    27.6252    34.3705    27.6275    1450.70    1450.70    -0.6155  1029.1599    34.5384 0.0000e+00
      10096 313.967125  -62.13922  -58.43812      0.958    1447.79    321.000    317.673    -0.6025    -0.6013     0.0012    -0.6129    -0.6117     0.0012   2.820164   2.820185   0.000019    34.3704    34.3693     7.0433    27.6274    27.6264    34.3721    27.6287    1450.73    1450.73    -0.6127  1029.1656    34.5399 0.0000e+00
      10123 313.967138 -9.990e-29  -58.43811      0.897    1447.79    322.000    318.663    -0.5987    -0.5979     0.0009    -0.6092    -0.6083     0.0009   2.820691   2.820672  -0.000019    34.3728    34.3716     6.9945    27.6291    27.6280    34.3743    27.6303    1450.77    1450.77    -0.6090  1029.1674    34.5364 0.0000e+00
      10151 313.967152 -9.990e-29  -58.43810      0.877    1447.79    323.000    319.651    -0.5958    -0.5954     0.0005    -0.6063    -0.6059     0.0005   2.821080   2.821026  -0.000064    34.3746    34.3731     6.9650    27.6304    27.6292    34.3757    27.6313    1450.80    1450.80    -0.6061  1029.1731    34.5378 0.0000e+00
      10178 313.967165 -9.990e-29  -58.43810      0.881    1447.79    324.000    320.640    -0.5973    -0.5953     0.0020    -0.6078    -0.6058     0.0020   2.821115   2.821142   0.000040    34.3763    34.3745     6.9470    27.6318    27.6303    34.3771    27.6325    1450.81    1450.82    -0.6076  1029.1791    34.5392 0.0000e+00
      10205 313.967178  -62.13924  -58.43808      0.892    1447.79    325.000    321.629    -0.6000    -0.5993     0.0007    -0.6105    -0.6099     0.0007   2.821006   2.820972  -0.000041    34.3778    34.3765     6.9303    27.6331    27.6321    34.3781    27.6335    1450.82    1450.82    -0.6104  1029.1865    34.5424 0.0000e+00
      10232 313.967191  -62.13926  -58.43808      0.893    1447.79    326.000    322.618    -0.6025    -0.6029    -0.0004    -0.6131    -0.6135    -0.0004   2.820899   2.820799  -0.000091    34.3785    34.3777     6.9185    27.6339    27.6332    34.3790    27.6342    1450.82    1450.82    -0.6129  1029.1951    34.5469 0.0000e+00
      10259 313.967204  -62.13926  -58.43808      0.890    1447.79    327.000    323.607    -0.6039    -0.6040    -0.0001    -0.6146    -0.6146    -0.0000   2.820855   2.820781  -0.000072    34.3792    34.3783     6.9104    27.6345    27.6338    34.3794    27.6346    1450.83    1450.83    -0.6143  1029.2002    34.5474 0.0000e+00
      10285 313.967217  -62.13926  -58.43806      0.894    1447.79    328.000    324.595    -0.6063    -0.6056     0.0007    -0.6169    -0.6162     0.0007   2.820774   2.820730  -0.000047    34.3800    34.3787     6.9085    27.6353    27.6341    34.3803    27.6355    1450.84    1450.84    -0.6167  1029.2059    34.5483 0.0000e+00
      10310 313.967229  -62.13926  -58.43806      0.932    1447.79    329.000    325.585    -0.6052    -0.6046     0.0006    -0.6160    -0.6153     0.0006   2.820877   2.820855  -0.000025    34.3795    34.3785     6.9052    27.6348    27.6339    34.3799    27.6351    1450.86    1450.86    -0.6157  1029.2103    34.5479 0.0000e+00
      10334 313.967240  -62.13927  -58.43806      0.985    1447.79    330.000    326.573    -0.6054    -0.6038     0.0016    -0.6161    -0.6145     0.0016   2.820915   2.820949   0.000034    34.3799    34.3785     6.9103    27.6351    27.6339    34.3799    27.6352    1450.87    1450.88    -0.6159  1029.2150    34.5480 0.0000e+00
      10358 313.967252  -62.13928  -58.43805      1.008    1447.79    331.000    327.562    -0.6045    -0.6038     0.0007    -0.6152    -0.6146     0.0007   2.820978   2.820964  -0.000014    34.3789    34.3780     6.9111    27.6343    27.6335    34.3792    27.6345    1450.89    1450.90    -0.6150  1029.2191    34.5472 0.0000e+00
      10383 313.967264  -62.13928  -58.43804      0.975    1447.79    332.000    328.551    -0.6060    -0.6049     0.0011    -0.6168    -0.6157     0.0011   2.820938   2.820934  -0.000003    34.3797    34.3784     6.9049    27.6350    27.6339    34.3798    27.6351    1450.90    1450.91    -0.6166  1029.2245    34.5478 0.0000e+00
      10411 313.967277  -62.13928  -58.43804      0.893    1447.79    333.000    329.540    -0.6064    -0.6060     0.0004    -0.6173    -0.6169     0.0004   2.820954   2.820926  -0.000031    34.3798    34.3790     6.9021    27.6351    27.6344    34.3799    27.6352    1450.92    1450.92    -0.6170  1029.2293    34.5479 0.0000e+00
      10441 313.967292  -62.13929  -58.43803      0.817    1447.79    334.000    330.529    -0.6086    -0.6077     0.0009    -0.6195    -0.6186     0.0009   2.820930   2.820892  -0.000034    34.3814    34.3799     6.9044    27.6365    27.6352    34.3814    27.6365    1450.93    1450.93    -0.6192  1029.2354    34.5494 0.0000e+00
      10470 313.967306  -62.13930  -58.43802      0.818    1447.79    335.000    331.517    -0.6096    -0.6086     0.0010    -0.6205    -0.6195     0.0010   2.820911   2.820906  -0.000016    34.3818    34.3805     6.8990    27.6369    27.6358    34.3816    27.6367    1450.94    1450.94    -0.6203  1029.2404    34.5496 0.0000e+00
      10495 313.967318  -62.13930  -58.43802      0.897    1447.79    336.000    332.506    -0.6166    -0.6147     0.0019    -0.6275    -0.6256     0.0019   2.820485   2.820523   0.000045    34.3838    34.3823     6.9088    27.6388    27.6375    34.3833    27.6384    1450.92    1450.93    -0.6273  1029.2468    34.5513 0.0000e+00
      10519 313.967329  -62.13930  -58.43802      0.974    1447.79    337.000    333.495    -0.6182    -0.6152     0.0030    -0.6291    -0.6262     0.0029   2.820412   2.820534   0.000113    34.3837    34.3819     6.9094    27.6388    27.6372    34.3834    27.6385    1450.93    1450.94    -0.6289  1029.2518    34.5515 0.0000e+00
      10543 313.967341  -62.13930  -58.43800      1.019    1447.79    338.000    334.483    -0.6198    -0.6189     0.0009    -0.6308    -0.6299     0.0009   2.820361   2.820352  -0.000008    34.3844    34.3832     6.8991    27.6394    27.6384    34.3840    27.6391    1450.94    1450.95    -0.6306  1029.2572    34.5521 0.0000e+00
      10567 313.967352  -62.13932  -58.43800      1.014    1447.79    339.000    335.473    -0.6199    -0.6192     0.0007    -0.6309    -0.6302     0.0007   2.820401   2.820387  -0.000013    34.3842    34.3832     6.8938    27.6393    27.6384    34.3840    27.6391    1450.96    1450.96    -0.6307  1029.2619    34.5520 0.0000e+00
      10592 313.967365  -62.13932  -58.43800      0.967    1447.79    340.000    336.461    -0.6195    -0.6188     0.0007    -0.6305    -0.6299     0.0007   2.820497   2.820480  -0.000015    34.3843    34.3834     6.8872    27.6393    27.6385    34.3843    27.6393    1450.98    1450.98    -0.6303  1029.2668    34.5523 0.0000e+00
      10619 313.967377  -62.13932  -58.43798      0.915    1447.79    341.000    337.450    -0.6186    -0.6179     0.0007    -0.6297    -0.6290     0.0007   2.820667   2.820667   0.000002    34.3849    34.3841     6.8769    27.6398    27.6391    34.3849    27.6398    1451.00    1451.00    -0.6295  1029.2721    34.5530 0.0000e+00
      10646 313.967390  -62.13933  -58.43798      0.897    1447.79    342.000    338.439    -0.6163    -0.6152     0.0010    -0.6274    -0.6264     0.0010   2.820934   2.820993   0.000049    34.3853    34.3848     6.8704    27.6400    27.6395    34.3853    27.6400    1451.02    1451.03    -0.6272  1029.2770    34.5534 0.0000e+00
