Pos-Processados/process_op42/operantar42_025.ros
* Sea-Bird SBE 9 Data File:
* FileName = C:\Users\Hidrografia\Desktop\OPXLII\Brutos\OP42025.hdr
* Software Version Seasave V 7.26.7.107
* Temperature SN = 6502
* Conductivity SN = 4998
* Number of Bytes Per Scan = 37
* Number of Voltage Words = 4
* Number of Scans Averaged by the Deck Unit = 1
* NMEA Latitude = 62 11.31 S
* NMEA Longitude = 058 02.91 W
* NMEA UTC (Time) = Nov 08 2023 13:45:45
* NMEA baud rate = 4800
** H41
** NPOALTEMAXIMIANO
** NUMERO DA ESTACAO (XXX) 025
** LAT (XX XX.XX S/N) 62  11.331 S
** LONG (XXX XX.XX W/E) 058  02.993 W
** DATAHORA (dd/mm/aaaa hh:mm Z) 08/11/2023 1345Z
** PROFUNDIDADE (m) 484
** OPERADOR CT FABIREZA
# nquan = 24
# nvalues = 4022                                  
# units = specified
# name 0 = scan: Scan Count
# name 1 = timeJ: Julian Days
# name 2 = latitude: Latitude [deg]
# name 3 = longitude: Longitude [deg]
# name 4 = dz/dtM: Descent Rate [m/s]
# name 5 = avgsvCM: Average Sound Velocity [Chen-Millero, m/s]
# name 6 = prDM: Pressure, Digiquartz [db]
# name 7 = depSM: Depth [salt water, m]
# name 8 = t090C: Temperature [ITS-90, deg C]
# name 9 = t190C: Temperature, 2 [ITS-90, deg C]
# name 10 = T2-T190C: Temperature Difference, 2 - 1 [ITS-90, deg C]
# name 11 = potemp090C: Potential Temperature [ITS-90, deg C]
# name 12 = potemp190C: Potential Temperature, 2 [ITS-90, deg C]
# name 13 = potemp90Cdiff: Potential Temperature, Diff, 2 - 1 [ITS-90, deg C]
# name 14 = c0S/m: Conductivity [S/m]
# name 15 = c1S/m: Conductivity, 2 [S/m]
# name 16 = C2-C1S/m: Conductivity Difference, 2 - 1 [S/m]
# name 17 = sal00: Salinity, Practical [PSU]
# name 18 = sal11: Salinity, Practical, 2 [PSU]
# name 19 = sbeox0ML/L: Oxygen, SBE 43 [ml/l]
# name 20 = sigma-é00: Density [sigma-theta, kg/m^3]
# name 21 = sigma-é11: Density, 2 [sigma-theta, kg/m^3]
# name 22 = nbf: Bottles Fired
# name 23 = flag:  0.000e+00
# interval = seconds: 0.0416667
# start_time = Nov 08 2023 13:45:45 [NMEA time, header]
# bad_flag = -9.990e-29
*END*
      32340 312.589033  -62.18632  -58.03096     -0.155    1449.47     15.201     15.054    -0.5898    -0.5886     0.0012    -0.5903    -0.5891     0.0012   2.801799   2.801763  -0.000036    34.2984    34.2965     7.5205    27.5680    27.5665          1  0.000e+00
      32341 312.589034  -62.18632  -58.03096     -0.142    1449.47     15.201     15.054    -0.5898    -0.5888     0.0010    -0.5902    -0.5892     0.0010   2.801822   2.801796  -0.000025    34.2986    34.2972     7.5274    27.5682    27.5670          1  0.000e+00
      32342 312.589034  -62.18632  -58.03096     -0.128    1449.47     15.257     15.110    -0.5901    -0.5889     0.0012    -0.5906    -0.5894     0.0012   2.801839   2.801763  -0.000076    34.2992    34.2968     7.5215    27.5687    27.5667          1  0.000e+00
      32343 312.589035  -62.18632  -58.03096     -0.111    1449.47     15.257     15.110    -0.5902    -0.5884     0.0018    -0.5907    -0.5889     0.0018   2.801804   2.801774  -0.000031    34.2989    34.2964     7.5273    27.5684    27.5664          1  0.000e+00
      32344 312.589035  -62.18632  -58.03096     -0.093    1449.47     15.257     15.110    -0.5903    -0.5889     0.0014    -0.5907    -0.5894     0.0014   2.801793   2.801757  -0.000036    34.2988    34.2967     7.5212    27.5684    27.5667          1  0.000e+00
      32345 312.589035  -62.18632  -58.03096     -0.075    1449.47     15.313     15.166    -0.5904    -0.5888     0.0016    -0.5909    -0.5893     0.0016   2.801753   2.801768   0.000015    34.2983    34.2967     7.5216    27.5680    27.5666          1  0.000e+00
      32346 312.589036  -62.18632  -58.03096     -0.063    1449.47     15.257     15.110    -0.5910    -0.5886     0.0024    -0.5915    -0.5891     0.0024   2.801759   2.801757  -0.000002    34.2992    34.2964     7.5219    27.5687    27.5664          1  0.000e+00
      32347 312.589036  -62.18632  -58.03096     -0.044    1449.47     15.313     15.166    -0.5912    -0.5888     0.0024    -0.5917    -0.5893     0.0024   2.801725   2.801774   0.000049    34.2989    34.2968     7.5213    27.5685    27.5667          1  0.000e+00
      32348 312.589037  -62.18632  -58.03094     -0.028    1449.47     15.321     15.174    -0.5910    -0.5886     0.0024    -0.5915    -0.5891     0.0024   2.801650   2.801802   0.000151    34.2977    34.2970     7.5141    27.5675    27.5668          1  0.000e+00
      32349 312.589037  -62.18632  -58.03094     -0.015    1449.47     15.257     15.110    -0.5912    -0.5884     0.0028    -0.5917    -0.5889     0.0028   2.801633   2.801763   0.000129    34.2977    34.2963     7.5251    27.5675    27.5663          1  0.000e+00
      32350 312.589038  -62.18632  -58.03094      0.005    1449.47     15.378     15.230    -0.5919    -0.5883     0.0036    -0.5924    -0.5888     0.0036   2.801548   2.801796   0.000249    34.2973    34.2965     7.5148    27.5672    27.5665          1  0.000e+00
      32351 312.589038  -62.18632  -58.03094      0.021    1449.47     15.313     15.166    -0.5927    -0.5883     0.0044    -0.5932    -0.5888     0.0044   2.801457   2.801808   0.000351    34.2970    34.2967     7.5270    27.5670    27.5666          1  0.000e+00
      32352 312.589039  -62.18632  -58.03094      0.033    1449.47     15.313     15.166    -0.5930    -0.5886     0.0044    -0.5935    -0.5891     0.0044   2.801445   2.801808   0.000362    34.2972    34.2971     7.5219    27.5672    27.5669          1  0.000e+00
      32353 312.589039  -62.18632  -58.03094      0.049    1449.47     15.378     15.230    -0.5934    -0.5884     0.0049    -0.5938    -0.5889     0.0049   2.801468   2.801785   0.000317    34.2978    34.2965     7.5222    27.5677    27.5664          1  0.000e+00
      32354 312.589040  -62.18632  -58.03094      0.062    1449.47     15.378     15.230    -0.5934    -0.5884     0.0049    -0.5938    -0.5889     0.0049   2.801508   2.801779   0.000272    34.2984    34.2964     7.5213    27.5682    27.5664          1  0.000e+00
      32355 312.589040  -62.18632  -58.03094      0.081    1449.47     15.442     15.293    -0.5932    -0.5883     0.0049    -0.5937    -0.5888     0.0049   2.801542   2.801757   0.000215    34.2986    34.2960     7.5279    27.5683    27.5660          1  0.000e+00
      32356 312.589041  -62.18632  -58.03094      0.094    1449.47     15.378     15.230    -0.5934    -0.5884     0.0049    -0.5938    -0.5889     0.0049   2.801588   2.801791   0.000203    34.2994    34.2966     7.5162    27.5690    27.5665          1  0.000e+00
      32357 312.589041  -62.18632  -58.03094      0.105    1449.47     15.378     15.230    -0.5932    -0.5883     0.0049    -0.5937    -0.5888     0.0049   2.801605   2.801830   0.000225    34.2995    34.2970     7.5217    27.5690    27.5668          1  0.000e+00
      32358 312.589042  -62.18632  -58.03094      0.120    1449.47     15.434     15.285    -0.5934    -0.5883     0.0050    -0.5938    -0.5888     0.0050   2.801645   2.801813   0.000168    34.3002    34.2967     7.5209    27.5696    27.5666          1  0.000e+00
      32359 312.589042  -62.18632  -58.03094      0.134    1449.47     15.434     15.285    -0.5930    -0.5886     0.0044    -0.5935    -0.5891     0.0044   2.801639   2.801763   0.000124    34.2997    34.2964     7.5209    27.5692    27.5663          1  0.000e+00
      32360 312.589043  -62.18632  -58.03094      0.145    1449.47     15.434     15.285    -0.5929    -0.5884     0.0045    -0.5934    -0.5889     0.0045   2.801611   2.801774   0.000163    34.2992    34.2963     7.5211    27.5688    27.5663          1  0.000e+00
      32361 312.589043  -62.18632  -58.03094      0.155    1449.47     15.442     15.293    -0.5926    -0.5889     0.0037    -0.5930    -0.5894     0.0037   2.801605   2.801780   0.000175    34.2987    34.2969     7.5201    27.5684    27.5668          1  0.000e+00
      32362 312.589044  -62.18632  -58.03094      0.171    1449.47     15.490     15.341    -0.5925    -0.5894     0.0031    -0.5929    -0.5898     0.0031   2.801605   2.801757   0.000152    34.2986    34.2971     7.5266    27.5683    27.5670          1  0.000e+00
      32363 312.589044  -62.18632  -58.03094      0.176    1449.47     15.434     15.285    -0.5926    -0.5899     0.0027    -0.5930    -0.5903     0.0027   2.801542   2.801729   0.000187    34.2979    34.2973     7.5223    27.5677    27.5672          1  0.000e+00
      32364 312.589045  -62.18632  -58.03094      0.187    1449.47     15.490     15.341    -0.5921    -0.5900     0.0021    -0.5926    -0.5904     0.0021   2.801508   2.801706   0.000199    34.2969    34.2971     7.5214    27.5669    27.5670          1  0.000e+00
      32365 312.589045  -62.18632  -58.03094      0.194    1449.47     15.490     15.341    -0.5921    -0.5902     0.0020    -0.5926    -0.5906     0.0020   2.801502   2.801718   0.000216    34.2968    34.2975     7.5214    27.5668    27.5673          1  0.000e+00
      32366 312.589046  -62.18632  -58.03094      0.196    1449.47     15.434     15.285    -0.5923    -0.5899     0.0024    -0.5927    -0.5903     0.0024   2.801451   2.801723   0.000272    34.2963    34.2973     7.5279    27.5665    27.5671          1  0.000e+00
      32367 312.589046  -62.18632  -58.03094      0.209    1449.47     15.555     15.405    -0.5926    -0.5902     0.0024    -0.5930    -0.5906     0.0024   2.801462   2.801690   0.000227    34.2967    34.2971     7.5226    27.5668    27.5670          1  0.000e+00
      32368 312.589047  -62.18632  -58.03094      0.213    1449.47     15.498     15.349    -0.5926    -0.5906     0.0020    -0.5930    -0.5910     0.0020   2.801508   2.801673   0.000165    34.2974    34.2973     7.5290    27.5673    27.5672          1  0.000e+00
      32369 312.589047  -62.18632  -58.03094      0.220    1449.47     15.555     15.405    -0.5927    -0.5906     0.0021    -0.5932    -0.5911     0.0021   2.801525   2.801650   0.000125    34.2978    34.2971     7.5225    27.5676    27.5670          1  0.000e+00
      32370 312.589048  -62.18632  -58.03094      0.223    1449.47     15.490     15.341    -0.5934    -0.5906     0.0027    -0.5938    -0.5911     0.0027   2.801542   2.801645   0.000102    34.2988    34.2970     7.5225    27.5685    27.5670          1  0.000e+00
      32371 312.589048  -62.18632  -58.03094      0.221    1449.47     15.490     15.341    -0.5934    -0.5908     0.0026    -0.5938    -0.5913     0.0026   2.801554   2.801628   0.000074    34.2989    34.2970     7.5224    27.5686    27.5669          1  0.000e+00
      32372 312.589049  -62.18630  -58.03092      0.228    1449.47     15.611     15.461    -0.5938    -0.5912     0.0026    -0.5943    -0.5917     0.0026   2.801571   2.801622   0.000051    34.2996    34.2973     7.5225    27.5692    27.5672          1  0.000e+00
      32373 312.589049  -62.18630  -58.03092      0.231    1449.47     15.555     15.405    -0.5941    -0.5914     0.0027    -0.5946    -0.5919     0.0027   2.801536   2.801577   0.000041    34.2995    34.2969     7.5224    27.5691    27.5669          1  0.000e+00
      32374 312.589049  -62.18630  -58.03092      0.233    1449.47     15.555     15.405    -0.5943    -0.5914     0.0029    -0.5947    -0.5919     0.0029   2.801525   2.801594   0.000069    34.2995    34.2972     7.5213    27.5691    27.5671          1  0.000e+00
      32375 312.589050  -62.18630  -58.03092      0.234    1449.47     15.555     15.405    -0.5945    -0.5909     0.0035    -0.5949    -0.5914     0.0035   2.801445   2.801617   0.000171    34.2986    34.2969     7.5213    27.5684    27.5669          1  0.000e+00
      32376 312.589050  -62.18630  -58.03092      0.234    1449.47     15.555     15.405    -0.5947    -0.5909     0.0038    -0.5952    -0.5914     0.0038   2.801422   2.801600   0.000177    34.2986    34.2967     7.5201    27.5684    27.5667          1  0.000e+00
      32377 312.589051  -62.18630  -58.03092      0.236    1449.47     15.611     15.461    -0.5949    -0.5905     0.0045    -0.5954    -0.5909     0.0045   2.801400   2.801611   0.000211    34.2985    34.2963     7.5201    27.5683    27.5664          1  0.000e+00
      32378 312.589051  -62.18630  -58.03092      0.234    1449.47     15.555     15.405    -0.5947    -0.5905     0.0043    -0.5952    -0.5909     0.0043   2.801331   2.801645   0.000314    34.2974    34.2968     7.5199    27.5675    27.5668          1  0.000e+00
      32379 312.589052  -62.18630  -58.03092      0.238    1449.47     15.611     15.461    -0.5951    -0.5900     0.0051    -0.5955    -0.5904     0.0051   2.801297   2.801645   0.000348    34.2973    34.2962     7.5134    27.5674    27.5663          1  0.000e+00
      32380 312.589052  -62.18630  -58.03092      0.234    1449.47     15.611     15.461    -0.5949    -0.5900     0.0049    -0.5954    -0.5904     0.0049   2.801297   2.801684   0.000387    34.2971    34.2967     7.5187    27.5672    27.5667          1  0.000e+00
      32381 312.589053  -62.18630  -58.03092      0.232    1449.47     15.619     15.469    -0.5949    -0.5900     0.0049    -0.5954    -0.5904     0.0049   2.801354   2.801667   0.000313    34.2979    34.2965     7.5174    27.5678    27.5665          1  0.000e+00
      32382 312.589053  -62.18630  -58.03092      0.232    1449.47     15.611     15.461    -0.5946    -0.5897     0.0049    -0.5951    -0.5901     0.0049   2.801371   2.801667   0.000296    34.2978    34.2962     7.5172    27.5677    27.5662          1  0.000e+00
      32383 312.589054  -62.18630  -58.03092      0.228    1449.47     15.611     15.461    -0.5945    -0.5897     0.0048    -0.5949    -0.5901     0.0048   2.801388   2.801690   0.000301    34.2978    34.2965     7.5159    27.5678    27.5665          1  0.000e+00
      32384 312.589054  -62.18630  -58.03092      0.230    1449.47     15.676     15.525    -0.5945    -0.5899     0.0046    -0.5949    -0.5903     0.0046   2.801474   2.801678   0.000205    34.2989    34.2965     7.5093    27.5687    27.5665          1  0.000e+00
      32385 312.589055  -62.18630  -58.03092      0.227    1449.47     15.611     15.461    -0.5941    -0.5900     0.0041    -0.5946    -0.5904     0.0041   2.801479   2.801695   0.000216    34.2987    34.2969     7.5144    27.5684    27.5668          1  0.000e+00
      32386 312.589055  -62.18630  -58.03092      0.227    1449.47     15.676     15.525    -0.5943    -0.5896     0.0047    -0.5947    -0.5900     0.0047   2.801508   2.801678   0.000170    34.2992    34.2962     7.5143    27.5689    27.5662          1  0.000e+00
      32387 312.589056  -62.18630  -58.03092      0.226    1449.47     15.676     15.525    -0.5941    -0.5903     0.0038    -0.5946    -0.5908     0.0038   2.801508   2.801650   0.000142    34.2990    34.2967     7.5141    27.5687    27.5666          1  0.000e+00
      32388 312.589056  -62.18630  -58.03092      0.224    1449.47     15.619     15.469    -0.5938    -0.5906     0.0032    -0.5943    -0.5911     0.0032   2.801536   2.801611   0.000074    34.2991    34.2965     7.5148    27.5688    27.5665          1  0.000e+00
      32389 312.589057  -62.18630  -58.03092      0.220    1449.47     15.676     15.525    -0.5938    -0.5908     0.0030    -0.5943    -0.5913     0.0030   2.801531   2.801617   0.000086    34.2990    34.2967     7.5212    27.5687    27.5667          1  0.000e+00
      32390 312.589057  -62.18630  -58.03092      0.212    1449.47     15.611     15.461    -0.5937    -0.5912     0.0024    -0.5941    -0.5917     0.0024   2.801525   2.801622   0.000097    34.2988    34.2973     7.5166    27.5685    27.5672          1  0.000e+00
      32391 312.589058  -62.18630  -58.03092      0.210    1449.47     15.676     15.525    -0.5937    -0.5911     0.0026    -0.5941    -0.5916     0.0026   2.801485   2.801577   0.000092    34.2982    34.2965     7.5166    27.5680    27.5666          1  0.000e+00
      32392 312.589058  -62.18630  -58.03092      0.207    1449.47     15.676     15.525    -0.5935    -0.5914     0.0021    -0.5939    -0.5919     0.0021   2.801457   2.801572   0.000115    34.2976    34.2968     7.5239    27.5676    27.5668          1  0.000e+00
      32393 312.589059  -62.18630  -58.03092      0.203    1449.47     15.676     15.525    -0.5934    -0.5917     0.0017    -0.5938    -0.5922     0.0017   2.801428   2.801544   0.000115    34.2971    34.2968     7.5120    27.5671    27.5668          1  0.000e+00
      32394 312.589059  -62.18630  -58.03092      0.201    1449.47     15.676     15.525    -0.5943    -0.5916     0.0027    -0.5947    -0.5920     0.0027   2.801331   2.801555   0.000224    34.2968    34.2968     7.5175    27.5670    27.5668          1  0.000e+00
      32395 312.589060  -62.18630  -58.03092      0.199    1449.47     15.732     15.580    -0.5949    -0.5916     0.0033    -0.5954    -0.5921     0.0033   2.801291   2.801572   0.000280    34.2970    34.2970     7.5176    27.5671    27.5670          1  0.000e+00
      32396 312.589060  -62.18630  -58.03092      0.195    1449.47     15.676     15.525    -0.5949    -0.5919     0.0030    -0.5954    -0.5923     0.0030   2.801308   2.801566   0.000258    34.2972    34.2973     7.5111    27.5673    27.5672          1  0.000e+00
      32397 312.589061  -62.18630  -58.03092      0.191    1449.47     15.676     15.525    -0.5946    -0.5922     0.0025    -0.5951    -0.5926     0.0025   2.801354   2.801527   0.000173    34.2975    34.2971     7.5088    27.5675    27.5671          1  0.000e+00
      32398 312.589061  -62.18630  -58.03092      0.185    1449.47     15.732     15.580    -0.5943    -0.5928     0.0015    -0.5947    -0.5932     0.0015   2.801405   2.801470   0.000065    34.2978    34.2969     7.5152    27.5677    27.5670          1  0.000e+00
      32399 312.589062  -62.18630  -58.03092      0.182    1449.47     15.676     15.525    -0.5946    -0.5931     0.0015    -0.5951    -0.5936     0.0015   2.801457   2.801465   0.000008    34.2989    34.2973     7.5077    27.5687    27.5673          1  0.000e+00
