Pos-Processados/process_op42/operantar42_009.cnv
* Sea-Bird SBE 9 Data File:
* FileName = C:\Users\Hidrografia\Desktop\OPXLII\Brutos\OP42009.hdr
* Software Version Seasave V 7.26.7.107
* Temperature SN = 6502
* Conductivity SN = 4998
* Number of Bytes Per Scan = 31
* Number of Voltage Words = 2
* Number of Scans Averaged by the Deck Unit = 1
* NMEA Latitude = 43 19.24 S
* NMEA Longitude = 055 32.42 W
* NMEA UTC (Time) = Oct 18 2023 16:32:08
* NMEA baud rate = 4800
** H41
** NPOALTEMAXIMIANO
** NUMERO DA ESTACAO (XXX) 009
** LAT (XX XX.XX S/N) 43 19.058 S
** LONG (XXX XX.XX W/E) 055 32.32 W
** DATAHORA (dd/mm/aaaa hh:mm Z) 18/10/2023 1631Z
** PROFUNDIDADE (m) 5145
** OPERADOR CT FABIREZA
# nquan = 30
# nvalues = 2021                        
# units = specified
# name 0 = scan: Scan Count
# name 1 = timeJ: Julian Days
# name 2 = latitude: Latitude [deg]
# name 3 = longitude: Longitude [deg]
# name 4 = dz/dtM: Descent Rate [m/s]
# name 5 = avgsvCM: Average Sound Velocity [Chen-Millero, m/s]
# name 6 = prDM: Pressure, Digiquartz [db]
# name 7 = depSM: Depth [salt water, m]
# name 8 = t090C: Temperature [ITS-90, deg C]
# name 9 = t190C: Temperature, 2 [ITS-90, deg C]
# name 10 = T2-T190C: Temperature Difference, 2 - 1 [ITS-90, deg C]
# name 11 = potemp090C: Potential Temperature [ITS-90, deg C]
# name 12 = potemp190C: Potential Temperature, 2 [ITS-90, deg C]
# name 13 = potemp90Cdiff: Potential Temperature, Diff, 2 - 1 [ITS-90, deg C]
# name 14 = c0S/m: Conductivity [S/m]
# name 15 = c1S/m: Conductivity, 2 [S/m]
# name 16 = C2-C1S/m: Conductivity Difference, 2 - 1 [S/m]
# name 17 = sal00: Salinity, Practical [PSU]
# name 18 = sal11: Salinity, Practical, 2 [PSU]
# name 19 = sbeox0ML/L: Oxygen, SBE 43 [ml/l]
# name 20 = sigma-é00: Density [sigma-theta, kg/m^3]
# name 21 = sigma-é11: Density, 2 [sigma-theta, kg/m^3]
# name 22 = sal00: Salinity, Practical [PSU]
# name 23 = sigma-é00: Density [sigma-theta, kg/m^3]
# name 24 = svCM: Sound Velocity [Chen-Millero, m/s]
# name 25 = svCM1: Sound Velocity, 2 [Chen-Millero, m/s]
# name 26 = gsw_ptA0: potential temperature [ITS-90, deg C]
# name 27 = gsw_densityA0: density, TEOS-10 [density, kg/m^3]
# name 28 = gsw_saA0: Absolute Salinity [g/kg]
# name 29 = flag:
# span 0 =       2274,      68815       
# span 1 = 291.690078, 291.722167       
# span 2 =  -43.32958,  -43.32119       
# span 3 =  -55.54540,  -55.54074       
# span 4 =   -257.411,    275.082       
# span 5 =       0.00,    1500.22       
# span 6 =      2.000,   1012.000       
# span 7 =      1.989,   1001.497       
# span 8 =     3.1007,    13.1660       
# span 9 =     3.1013,    13.1630       
# span 10 =    -0.1181,     0.1207      
# span 11 =     3.0314,    13.1655      
# span 12 =     3.0321,    13.1625      
# span 13 =    -0.1179,     0.1205      
# span 14 =   3.155640,   4.134666      
# span 15 =   3.155688,   4.692073      
# span 16 =  -0.012196,   0.011498      
# span 17 =    34.1311,    35.2398      
# span 18 =    34.1298,    35.2405      
# span 19 =     4.5626,     6.2250      
# span 20 =    26.5205,    27.3461      
# span 21 =    26.5217,    27.3458      
# span 22 =    34.1317,    38.0663      
# span 23 =    26.5215,    29.4243      
# span 24 =    1474.89,    1501.04      
# span 25 =    1474.90,    1506.99      
# span 26 =     3.0313,    13.1655      
# span 27 =  1026.5351,  1032.0327      
# span 28 =    34.2948,    38.2462      
# span 29 = 0.0000e+00, 0.0000e+00      
# interval = decibars: 1                
# start_time = Oct 18 2023 16:32:08 [NMEA time, header]
# bad_flag = -9.990e-29
*END*
[from data line 387]
      13409 291.695447  -43.32332  -55.54174      0.987    1490.00    389.000    385.539     5.6820     5.6818    -0.0002     5.6494     5.6492    -0.0002   3.358641   3.358420  -0.000181    34.2486    34.2468     5.6785    27.0025    27.0011    34.2445    26.9992    1478.90    1478.90     5.6493  1028.7877    34.4073 0.0000e+00
      13430 291.695458  -43.32334  -55.54174      1.101    1490.00    390.000    386.529     5.6480     5.6479    -0.0001     5.6155     5.6154    -0.0001   3.355571   3.355200  -0.000402    34.2482    34.2438     5.6818    27.0064    27.0028    34.2436    27.0027    1478.78    1478.78     5.6154  1028.7960    34.4064 0.0000e+00
      13453 291.695469  -43.32334  -55.54174      1.090    1490.00    391.000    387.520     5.6386     5.6389     0.0003     5.6060     5.6063     0.0003   3.354386   3.354335  -0.000076    34.2430    34.2418     5.6865    27.0034    27.0024    34.2392    27.0004    1478.76    1478.76     5.6059  1028.7984    34.4020 0.0000e+00
      13481 291.695482  -43.32334  -55.54174      0.923    1490.00    392.000    388.510     5.6225     5.6227     0.0002     5.5898     5.5900     0.0002   3.352956   3.352705  -0.000221    34.2423    34.2396     5.6900    27.0048    27.0026    34.2389    27.0021    1478.71    1478.70     5.5898  1028.8048    34.4016 0.0000e+00
      13514 291.695498  -43.32335  -55.54174      0.753    1490.00    393.000    389.500     5.5956     5.5929    -0.0027     5.5629     5.5602    -0.0027   3.350127   3.349574  -0.000491    34.2397    34.2368     5.7162    27.0060    27.0040    34.2335    27.0011    1478.61    1478.59     5.5628  1028.8087    34.3963 0.0000e+00
      13544 291.695513  -43.32336  -55.54174      0.766    1490.00    394.000    390.490     5.5289     5.5268    -0.0022     5.4964     5.4942    -0.0021   3.344044   3.343259  -0.000829    34.2393    34.2321     5.7333    27.0137    27.0083    34.2316    27.0076    1478.35    1478.34     5.4963  1028.8204    34.3943 0.0000e+00
      13570 291.695525  -43.32336  -55.54174      0.873    1490.00    395.000    391.480     5.4987     5.4994     0.0007     5.4662     5.4669     0.0007   3.340945   3.340656  -0.000278    34.2327    34.2288     5.7301    27.0121    27.0090    34.2264    27.0071    1478.24    1478.24     5.4661  1028.8249    34.3891 0.0000e+00
      13595 291.695537  -43.32336  -55.54174      0.954    1490.00    396.000    392.470     5.4737     5.4724    -0.0013     5.4411     5.4399    -0.0013   3.338395   3.338062  -0.000387    34.2289    34.2258     5.7429    27.0121    27.0098    34.2223    27.0070    1478.15    1478.15     5.4411  1028.8295    34.3851 0.0000e+00
      13619 291.695549  -43.32338  -55.54174      0.990    1490.00    397.000    393.461     5.4667     5.4673     0.0006     5.4341     5.4347     0.0006   3.337574   3.337618   0.000043    34.2243    34.2243     5.7663    27.0094    27.0093    34.2196    27.0056    1478.14    1478.14     5.4340  1028.8328    34.3823 0.0000e+00
      13644 291.695561  -43.32338  -55.54176      0.972    1490.00    398.000    394.451     5.4692     5.4697     0.0005     5.4365     5.4371     0.0005   3.337902   3.338079   0.000160    34.2232    34.2245     5.7829    27.0082    27.0091    34.2203    27.0058    1478.17    1478.17     5.4364  1028.8376    34.3830 0.0000e+00
      13673 291.695575  -43.32338  -55.54176      0.878    1490.00    399.000    395.441     5.4703     5.4723     0.0020     5.4376     5.4396     0.0020   3.338164   3.338345   0.000189    34.2247    34.2248     5.7964    27.0092    27.0091    34.2216    27.0068    1478.19    1478.20     5.4375  1028.8431    34.3843 0.0000e+00
      13703 291.695589  -43.32338  -55.54176      0.803    1490.00    400.000    396.431     5.4705     5.4711     0.0006     5.4377     5.4382     0.0006   3.338262   3.338311   0.000039    34.2243    34.2242     5.8011    27.0089    27.0088    34.2220    27.0071    1478.21    1478.21     5.4376  1028.8480    34.3847 0.0000e+00
      13731 291.695603  -43.32339  -55.54176      0.826    1490.00    401.000    397.421     5.4673     5.4685     0.0011     5.4344     5.4355     0.0011   3.337952   3.338035   0.000089    34.2239    34.2238     5.8006    27.0090    27.0087    34.2212    27.0069    1478.21    1478.21     5.4343  1028.8524    34.3840 0.0000e+00
      13755 291.695614  -43.32340  -55.54176      0.935    1490.00    402.000    398.411     5.4626     5.4633     0.0007     5.4296     5.4303     0.0007   3.337532   3.337592   0.000054    34.2232    34.2231     5.7944    27.0090    27.0088    34.2207    27.0070    1478.21    1478.21     5.4295  1028.8572    34.3834 0.0000e+00
      13777 291.695625  -43.32340  -55.54176      1.029    1490.00    403.000    399.401     5.4554     5.4564     0.0010     5.4223     5.4233     0.0010   3.336858   3.336882   0.000044    34.2228    34.2222     5.7878    27.0095    27.0090    34.2199    27.0073    1478.19    1478.19     5.4222  1028.8621    34.3826 0.0000e+00
      13801 291.695637  -43.32341  -55.54176      1.054    1490.00    404.000    400.391     5.4325     5.4305    -0.0020     5.3995     5.3975    -0.0020   3.334740   3.334239  -0.000443    34.2233    34.2203     5.7877    27.0127    27.0105    34.2185    27.0089    1478.11    1478.10     5.3994  1028.8685    34.3812 0.0000e+00
      13832 291.695652  -43.32342  -55.54176      0.839    1490.00    405.000    401.381     5.3990     5.3967    -0.0022     5.3659     5.3637    -0.0022   3.331938   3.331129  -0.000830    34.2242    34.2170     5.7941    27.0174    27.0120    34.2201    27.0142    1478.00    1477.98     5.3659  1028.8787    34.3829 0.0000e+00
      13868 291.695669  -43.32342  -55.54176      0.683    1490.00    406.000    402.372     5.3867     5.3868     0.0001     5.3536     5.3537     0.0001   3.330266   3.330187  -0.000099    34.2165    34.2153     5.8130    27.0128    27.0118    34.2130    27.0100    1477.96    1477.95     5.3535  1028.8792    34.3757 0.0000e+00
      13903 291.695686  -43.32342  -55.54176      0.681    1490.00    407.000    403.362     5.3757     5.3756    -0.0001     5.3426     5.3425    -0.0001   3.329204   3.329083  -0.000105    34.2148    34.2136     5.8370    27.0127    27.0118    34.2115    27.0101    1477.92    1477.92     5.3425  1028.8841    34.3742 0.0000e+00
      13932 291.695700  -43.32344  -55.54176      0.773    1490.00    408.000    404.352     5.3590     5.3586    -0.0004     5.3258     5.3254    -0.0004   3.327620   3.327460  -0.000182    34.2135    34.2118     5.8524    27.0137    27.0124    34.2100    27.0109    1477.87    1477.87     5.3258  1028.8896    34.3727 0.0000e+00
      13959 291.695713  -43.32344  -55.54176      0.871    1490.00    409.000    405.342     5.3521     5.3523     0.0002     5.3189     5.3191     0.0002   3.326903   3.326822  -0.000062    34.2117    34.2108     5.8524    27.0131    27.0123    34.2083    27.0104    1477.86    1477.86     5.3188  1028.8938    34.3710 0.0000e+00
      13984 291.695725  -43.32344  -55.54176      0.937    1490.00    410.000    406.332     5.3276     5.3267    -0.0008     5.2943     5.2935    -0.0008   3.324707   3.324310  -0.000390    34.2124    34.2088     5.8574    27.0166    27.0138    34.2077    27.0128    1477.78    1477.77     5.2943  1028.9010    34.3704 0.0000e+00
      14007 291.695736  -43.32344  -55.54176      1.003    1490.00    411.000    407.322     5.3129     5.3137     0.0008     5.2796     5.2804     0.0008   3.323238   3.323206  -0.000074    34.2090    34.2074     5.8603    27.0156    27.0142    34.2053    27.0127    1477.73    1477.73     5.2795  1028.9056    34.3680 0.0000e+00
      14027 291.695746  -43.32344  -55.54176      1.089    1490.00    412.000    408.312     5.3059     5.3067     0.0008     5.2726     5.2734     0.0008   3.322478   3.322524   0.000051    34.2066    34.2063     5.8581    27.0145    27.0142    34.2032    27.0119    1477.71    1477.72     5.2725  1028.9094    34.3659 0.0000e+00
      14048 291.695756  -43.32346  -55.54176      1.167    1490.00    413.000    409.302     5.3008     5.3018     0.0010     5.2674     5.2683     0.0010   3.321994   3.322077   0.000079    34.2057    34.2056     5.8682    27.0144    27.0143    34.2024    27.0118    1477.71    1477.71     5.2673  1028.9140    34.3651 0.0000e+00
      14069 291.695766  -43.32346  -55.54176      1.163    1490.00    414.000    410.292     5.2919     5.2919     0.0000     5.2584     5.2585     0.0000   3.321226   3.321168  -0.000053    34.2052    34.2045     5.8903    27.0151    27.0145    34.2022    27.0127    1477.69    1477.69     5.2583  1028.9196    34.3649 0.0000e+00
      14099 291.695780  -43.32346  -55.54176      0.933    1490.00    415.000    411.282     5.2866     5.2865    -0.0000     5.2531     5.2530    -0.0000   3.320858   3.320768  -0.000092    34.2054    34.2044     5.8892    27.0159    27.0151    34.2028    27.0138    1477.69    1477.68     5.2530  1028.9254    34.3655 0.0000e+00
      14144 291.695802  -43.32348  -55.54176      0.529    1490.00    416.000    412.272     5.2842     5.2846     0.0004     5.2506     5.2510     0.0004   3.320553   3.320620   0.000064    34.2032    34.2035     5.8964    27.0144    27.0146    34.2013    27.0129    1477.69    1477.69     5.2505  1028.9290    34.3640 0.0000e+00
      14185 291.695822  -43.32348  -55.54176      0.564    1490.00    417.000    413.262     5.2824     5.2830     0.0007     5.2487     5.2493     0.0007   3.320390   3.320450   0.000063    34.2025    34.2026     5.9028    27.0141    27.0140    34.2008    27.0127    1477.70    1477.70     5.2486  1028.9335    34.3635 0.0000e+00
      14212 291.695835  -43.32348  -55.54176      0.783    1490.00    418.000    414.252     5.2762     5.2769     0.0007     5.2424     5.2431     0.0007   3.319826   3.319872   0.000047    34.2021    34.2019     5.8979    27.0145    27.0143    34.2001    27.0129    1477.69    1477.69     5.2423  1028.9384    34.3628 0.0000e+00
      14233 291.695845  -43.32349  -55.54177      0.999    1490.00    419.000    415.243     5.2687     5.2693     0.0006     5.2349     5.2355     0.0006   3.319149   3.319175   0.000021    34.2016    34.2012     5.8972    27.0150    27.0146    34.1995    27.0133    1477.67    1477.68     5.2348  1028.9434    34.3622 0.0000e+00
      14252 291.695854  -43.32350  -55.54178      1.178    1490.00    420.000    416.232     5.2641     5.2647     0.0006     5.2303     5.2308     0.0006   3.318746   3.318801   0.000054    34.2007    34.2007     5.9045    27.0148    27.0148    34.1990    27.0135    1477.67    1477.67     5.2302  1028.9482    34.3617 0.0000e+00
      14270 291.695863  -43.32350  -55.54178      1.284    1490.00    421.000    417.223     5.2618     5.2624     0.0007     5.2278     5.2285     0.0007   3.318561   3.318622   0.000067    34.2005    34.2006     5.9059    27.0150    27.0149    34.1988    27.0136    1477.68    1477.68     5.2277  1028.9530    34.3615 0.0000e+00
      14290 291.695872  -43.32350  -55.54178      1.272    1490.00    422.000    418.213     5.2644     5.2655     0.0011     5.2304     5.2314     0.0011   3.318943   3.319200   0.000208    34.2000    34.2013     5.9032    27.0142    27.0151    34.2000    27.0143    1477.71    1477.71     5.2303  1028.9581    34.3627 0.0000e+00
      14316 291.695885  -43.32350  -55.54178      1.062    1490.00    423.000    419.202     5.2735     5.2741     0.0005     5.2394     5.2399     0.0005   3.319914   3.320040   0.000162    34.2020    34.2033     5.9032    27.0148    27.0157    34.2013    27.0142    1477.76    1477.77     5.2393  1028.9626    34.3640 0.0000e+00
      14353 291.695903  -43.32351  -55.54178      0.684    1490.00    424.000    420.193     5.2645     5.2643    -0.0002     5.2303     5.2301    -0.0002   3.319314   3.319201  -0.000119    34.2045    34.2033     5.9081    27.0178    27.0169    34.2031    27.0168    1477.74    1477.74     5.2302  1028.9698    34.3659 0.0000e+00
      14391 291.695921  -43.32352  -55.54178      0.609    1490.00    425.000    421.183     5.2533     5.2535     0.0003     5.2190     5.2193     0.0003   3.318190   3.318139  -0.000037    34.2029    34.2022     5.9004    27.0179    27.0173    34.2012    27.0165    1477.71    1477.71     5.2189  1028.9743    34.3639 0.0000e+00
      14419 291.695935  -43.32353  -55.54178      0.783    1490.00    426.000    422.172     5.2361     5.2363     0.0002     5.2018     5.2020     0.0002   3.316663   3.316517  -0.000155    34.2031    34.2011     5.8940    27.0200    27.0185    34.2007    27.0182    1477.66    1477.66     5.2017  1028.9807    34.3634 0.0000e+00
      14443 291.695946  -43.32354  -55.54178      0.953    1490.00    427.000    423.163     5.2267     5.2272     0.0005     5.1924     5.1928     0.0005   3.315741   3.315686  -0.000058    34.2013    34.2002     5.8994    27.0198    27.0188    34.1992    27.0181    1477.64    1477.64     5.1923  1028.9853    34.3619 0.0000e+00
      14466 291.695957  -43.32354  -55.54178      1.030    1490.00    428.000    424.153     5.2210     5.2217     0.0007     5.1866     5.1873     0.0007   3.315186   3.315238   0.000047    34.1998    34.1996     5.9025    27.0192    27.0190    34.1982    27.0179    1477.63    1477.63     5.1865  1028.9898    34.3609 0.0000e+00
      14494 291.695971  -43.32354  -55.54178      0.937    1490.00    429.000    425.142     5.2201     5.2207     0.0006     5.1856     5.1862     0.0006   3.315135   3.315189   0.000056    34.1992    34.1992     5.9030    27.0188    27.0188    34.1980    27.0179    1477.64    1477.64     5.1855  1028.9943    34.3607 0.0000e+00
      14528 291.695987  -43.32354  -55.54178      0.737    1490.00    430.000    426.131     5.2198     5.2204     0.0006     5.1853     5.1859     0.0006   3.315152   3.315209   0.000050    34.1990    34.1989     5.9086    27.0188    27.0186    34.1979    27.0179    1477.66    1477.66     5.1852  1028.9989    34.3607 0.0000e+00
      14560 291.696003  -43.32354  -55.54178      0.709    1490.00    431.000    427.124     5.2194     5.2200     0.0006     5.1848     5.1854     0.0006   3.315147   3.315223   0.000077    34.1986    34.1989     5.9089    27.0185    27.0187    34.1978    27.0178    1477.67    1477.67     5.1847  1029.0034    34.3605 0.0000e+00
      14583 291.696014  -43.32356  -55.54178      0.888    1490.00    432.000    428.112     5.2182     5.2186     0.0003     5.1835     5.1839     0.0003   3.315104   3.315134   0.000032    34.1988    34.1988     5.9112    27.0188    27.0188    34.1980    27.0182    1477.68    1477.68     5.1834  1029.0084    34.3608 0.0000e+00
      14604 291.696024  -43.32356  -55.54178      1.091    1489.24    433.000    429.102     5.2193     5.2200     0.0007     5.1845     5.1852     0.0007   3.315288   3.315387   0.000087    34.1986    34.1989     5.9169    27.0185    27.0187    34.1985    27.0184    1477.70    1477.71     5.1844  1029.0132    34.3613 0.0000e+00
      14624 291.696034  -43.32356  -55.54178      1.172    1488.51    434.000    430.092     5.2230     5.2234     0.0004     5.1881     5.1885     0.0004   3.315686   3.315757   0.000100    34.1997    34.2004     5.9183    27.0189    27.0195    34.1988    27.0183    1477.73    1477.74     5.1880  1029.0176    34.3616 0.0000e+00
      14647 291.696044  -43.32356  -55.54178      1.129    1488.51    435.000    431.082     5.2082     5.2080    -0.0002     5.1733     5.1731    -0.0002   3.314513   3.314351  -0.000166    34.2018    34.2001     5.9137    27.0224    27.0210    34.1999    27.0209    1477.69    1477.69     5.1732  1029.0250    34.3627 0.0000e+00
      14672 291.696057  -43.32358  -55.54178      1.018    1488.51    436.000    432.072     5.1996     5.1998     0.0003     5.1646     5.1649     0.0003   3.313702   3.313654  -0.000054    34.2002    34.1994     5.9063    27.0222    27.0214    34.1989    27.0211    1477.67    1477.67     5.1645  1029.0298    34.3617 0.0000e+00
