Pos-Processados/process_op42/operantar42_005.ros
* Sea-Bird SBE 9 Data File:
* FileName = C:\Users\Hidrografia\Desktop\OPXLII\Brutos\OP42005.hdr
* Software Version Seasave V 7.26.7.107
* Temperature SN = 6502
* Conductivity SN = 4998
* Number of Bytes Per Scan = 31
* Number of Voltage Words = 2
* Number of Scans Averaged by the Deck Unit = 1
* NMEA Latitude = 39 18.87 S
* NMEA Longitude = 053 09.31 W
* NMEA UTC (Time) = Oct 17 2023 00:39:31
* NMEA baud rate = 4800
** H41
** NPOALTEMAXIMIANO
** NUMERO DA ESTACAO (XXX) 005
** LAT (XX XX.XX S/N) 39 19.919 S
** LONG (XXX XX.XX W/E) 053 09.46 W
** DATAHORA (dd/mm/aaaa hh:mm Z) 17/10/2023 0025Z
** PROFUNDIDADE (m) 4727
** OPERADOR ZAMITH
# nquan = 24
# nvalues = 4130                                  
# units = specified
# name 0 = scan: Scan Count
# name 1 = timeJ: Julian Days
# name 2 = latitude: Latitude [deg]
# name 3 = longitude: Longitude [deg]
# name 4 = dz/dtM: Descent Rate [m/s]
# name 5 = avgsvCM: Average Sound Velocity [Chen-Millero, m/s]
# name 6 = prDM: Pressure, Digiquartz [db]
# name 7 = depSM: Depth [salt water, m]
# name 8 = t090C: Temperature [ITS-90, deg C]
# name 9 = t190C: Temperature, 2 [ITS-90, deg C]
# name 10 = T2-T190C: Temperature Difference, 2 - 1 [ITS-90, deg C]
# name 11 = potemp090C: Potential Temperature [ITS-90, deg C]
# name 12 = potemp190C: Potential Temperature, 2 [ITS-90, deg C]
# name 13 = potemp90Cdiff: Potential Temperature, Diff, 2 - 1 [ITS-90, deg C]
# name 14 = c0S/m: Conductivity [S/m]
# name 15 = c1S/m: Conductivity, 2 [S/m]
# name 16 = C2-C1S/m: Conductivity Difference, 2 - 1 [S/m]
# name 17 = sal00: Salinity, Practical [PSU]
# name 18 = sal11: Salinity, Practical, 2 [PSU]
# name 19 = sbeox0ML/L: Oxygen, SBE 43 [ml/l]
# name 20 = sigma-é00: Density [sigma-theta, kg/m^3]
# name 21 = sigma-é11: Density, 2 [sigma-theta, kg/m^3]
# name 22 = nbf: Bottles Fired
# name 23 = flag:  0.000e+00
# interval = seconds: 0.0416667
# start_time = Oct 17 2023 00:39:31 [NMEA time, header]
# bad_flag = -9.990e-29
*END*
[from data line 1148]
      62464 290.057565  -39.31118  -53.14796      0.012    1471.91     41.592     41.272     8.4462     8.4471     0.0010     8.4419     8.4429     0.0010   3.577002   3.577001  -0.000001    34.0693    34.0684     6.7364    26.4764    26.4755          7  0.000e+00
      62465 290.057566  -39.31118  -53.14796      0.011    1471.91     41.479     41.160     8.4457     8.4471     0.0014     8.4414     8.4429     0.0014   3.576945   3.577038   0.000092    34.0693    34.0688     6.7367    26.4764    26.4758          7  0.000e+00
      62466 290.057566  -39.31118  -53.14796      0.007    1471.91     41.479     41.160     8.4460     8.4471     0.0011     8.4417     8.4429     0.0011   3.576977   3.577075   0.000098    34.0693    34.0692     6.7323    26.4764    26.4762          7  0.000e+00
      62467 290.057567  -39.31118  -53.14796      0.006    1471.91     41.479     41.160     8.4460     8.4476     0.0016     8.4418     8.4433     0.0016   3.576970   3.577050   0.000079    34.0692    34.0685     6.7369    26.4763    26.4755          7  0.000e+00
      62468 290.057567  -39.31118  -53.14796      0.008    1471.91     41.536     41.216     8.4460     8.4474     0.0014     8.4418     8.4432     0.0014   3.577008   3.577075   0.000067    34.0696    34.0689     6.7326    26.4766    26.4759          7  0.000e+00
      62469 290.057568  -39.31118  -53.14796      0.008    1471.91     41.495     41.176     8.4465     8.4476     0.0011     8.4422     8.4433     0.0011   3.576977   3.577087   0.000110    34.0688    34.0689     6.7324    26.4759    26.4758          7  0.000e+00
      62470 290.057568  -39.31118  -53.14796      0.010    1471.91     41.536     41.216     8.4460     8.4472     0.0012     8.4418     8.4430     0.0012   3.576983   3.577075   0.000092    34.0693    34.0691     6.7372    26.4764    26.4760          7  0.000e+00
      62471 290.057568  -39.31118  -53.14796      0.009    1471.91     41.479     41.160     8.4459     8.4471     0.0012     8.4416     8.4429     0.0012   3.576995   3.577038   0.000042    34.0696    34.0688     6.7376    26.4766    26.4758          7  0.000e+00
      62472 290.057569  -39.31118  -53.14796      0.011    1471.91     41.536     41.216     8.4457     8.4471     0.0014     8.4414     8.4429     0.0014   3.576945   3.577068   0.000123    34.0692    34.0691     6.7328    26.4764    26.4761          7  0.000e+00
      62473 290.057569  -39.31118  -53.14796      0.012    1471.91     41.536     41.216     8.4455     8.4473     0.0018     8.4412     8.4430     0.0018   3.576933   3.577099   0.000166    34.0693    34.0693     6.7327    26.4765    26.4762          7  0.000e+00
      62474 290.057570  -39.31118  -53.14796      0.015    1471.91     41.495     41.176     8.4454     8.4474     0.0021     8.4411     8.4432     0.0020   3.576933   3.577068   0.000136    34.0694    34.0689     6.7326    26.4766    26.4758          7  0.000e+00
      62475 290.057570  -39.31118  -53.14796      0.016    1471.91     41.536     41.216     8.4452     8.4474     0.0022     8.4409     8.4432     0.0022   3.576952   3.577075   0.000123    34.0698    34.0689     6.7321    26.4769    26.4759          7  0.000e+00
      62476 290.057571  -39.31118  -53.14796      0.019    1471.91     41.536     41.216     8.4450     8.4474     0.0024     8.4407     8.4432     0.0024   3.576889   3.577087   0.000198    34.0693    34.0690     6.7321    26.4765    26.4760          7  0.000e+00
      62477 290.057571  -39.31118  -53.14796      0.020    1471.91     41.536     41.216     8.4447     8.4474     0.0027     8.4404     8.4432     0.0027   3.576870   3.577050   0.000180    34.0694    34.0687     6.7321    26.4767    26.4756          7  0.000e+00
      62478 290.057572  -39.31118  -53.14796      0.025    1471.91     41.592     41.272     8.4449     8.4473     0.0024     8.4406     8.4430     0.0024   3.576889   3.577075   0.000186    34.0694    34.0690     6.7316    26.4766    26.4760          7  0.000e+00
      62479 290.057572  -39.31118  -53.14796      0.026    1471.91     41.552     41.232     8.4449     8.4471     0.0022     8.4406     8.4428     0.0022   3.576902   3.577087   0.000185    34.0695    34.0694     6.7316    26.4767    26.4763          7  0.000e+00
      62480 290.057573  -39.31118  -53.14796      0.031    1471.91     41.536     41.216     8.4450     8.4473     0.0023     8.4407     8.4430     0.0023   3.576902   3.577075   0.000173    34.0695    34.0691     6.7315    26.4766    26.4760          7  0.000e+00
      62481 290.057573  -39.31118  -53.14796      0.029    1471.91     41.536     41.216     8.4452     8.4473     0.0021     8.4409     8.4430     0.0021   3.576851   3.577056   0.000205    34.0687    34.0689     6.7310    26.4760    26.4758          7  0.000e+00
      62482 290.057574  -39.31118  -53.14796      0.033    1471.91     41.592     41.272     8.4450     8.4477     0.0027     8.4408     8.4435     0.0027   3.576908   3.577056   0.000148    34.0694    34.0684     6.7311    26.4766    26.4754          7  0.000e+00
      62483 290.057574  -39.31118  -53.14796      0.033    1471.91     41.536     41.216     8.4453     8.4474     0.0021     8.4410     8.4432     0.0021   3.576858   3.577068   0.000211    34.0687    34.0689     6.7306    26.4760    26.4758          7  0.000e+00
      62484 290.057575  -39.31118  -53.14796      0.038    1471.91     41.617     41.296     8.4452     8.4476     0.0024     8.4409     8.4433     0.0024   3.576902   3.577112   0.000210    34.0692    34.0691     6.7307    26.4764    26.4760          7  0.000e+00
      62485 290.057575  -39.31118  -53.14796      0.041    1471.91     41.536     41.216     8.4454     8.4473     0.0019     8.4411     8.4430     0.0019   3.576908   3.577050   0.000142    34.0691    34.0688     6.7307    26.4763    26.4758          7  0.000e+00
      62486 290.057576  -39.31118  -53.14796      0.048    1471.91     41.592     41.272     8.4452     8.4473     0.0021     8.4409     8.4430     0.0021   3.576902   3.577099   0.000198    34.0692    34.0693     6.7309    26.4764    26.4762          7  0.000e+00
      62487 290.057576  -39.31118  -53.14796      0.047    1471.91     41.592     41.272     8.4451     8.4471     0.0020     8.4409     8.4429     0.0020   3.576902   3.577087   0.000185    34.0693    34.0693     6.7310    26.4765    26.4762          7  0.000e+00
      62488 290.057577  -39.31118  -53.14796      0.050    1471.91     41.592     41.272     8.4452     8.4468     0.0017     8.4409     8.4426     0.0017   3.576852   3.577081   0.000229    34.0687    34.0695     6.7312    26.4760    26.4764          7  0.000e+00
      62489 290.057577  -39.31118  -53.14796      0.052    1471.91     41.592     41.272     8.4445     8.4471     0.0026     8.4403     8.4429     0.0026   3.576814   3.577038   0.000224    34.0689    34.0688     6.7315    26.4763    26.4758          7  0.000e+00
      62490 290.057578  -39.31118  -53.14796      0.059    1471.91     41.673     41.352     8.4446     8.4470     0.0023     8.4404     8.4427     0.0023   3.576827   3.577062   0.000236    34.0689    34.0692     6.7317    26.4763    26.4761          7  0.000e+00
      62491 290.057578  -39.31118  -53.14796      0.064    1471.91     41.593     41.272     8.4445     8.4467     0.0022     8.4403     8.4425     0.0022   3.576839   3.577056   0.000217    34.0692    34.0693     6.7319    26.4765    26.4763          7  0.000e+00
      62492 290.057579  -39.31118  -53.14796      0.067    1471.91     41.657     41.336     8.4447     8.4467     0.0021     8.4404     8.4425     0.0021   3.576883   3.577031   0.000149    34.0695    34.0690     6.7321    26.4767    26.4761          7  0.000e+00
      62493 290.057579  -39.31118  -53.14796      0.071    1471.91     41.593     41.272     8.4445     8.4467     0.0022     8.4403     8.4425     0.0022   3.576877   3.577007   0.000130    34.0696    34.0688     6.7324    26.4768    26.4759          7  0.000e+00
      62494 290.057580  -39.31118  -53.14796      0.075    1471.91     41.657     41.336     8.4445     8.4466     0.0021     8.4402     8.4423     0.0021   3.576870   3.577019   0.000149    34.0695    34.0691     6.7327    26.4768    26.4761          7  0.000e+00
      62495 290.057580  -39.31118  -53.14796      0.077    1471.91     41.617     41.296     8.4445     8.4470     0.0024     8.4403     8.4427     0.0024   3.576870   3.577068   0.000198    34.0695    34.0693     6.7330    26.4768    26.4762          7  0.000e+00
      62496 290.057581  -39.31118  -53.14796      0.081    1471.91     41.657     41.336     8.4440     8.4468     0.0028     8.4398     8.4426     0.0028   3.576889   3.577025   0.000136    34.0702    34.0689     6.7329    26.4774    26.4759          7  0.000e+00
      62497 290.057581  -39.31118  -53.14796      0.088    1471.91     41.713     41.392     8.4440     8.4467     0.0028     8.4397     8.4425     0.0028   3.576902   3.577044   0.000142    34.0703    34.0692     6.7279    26.4775    26.4761          7  0.000e+00
      62498 290.057582  -39.31118  -53.14796      0.091    1471.91     41.657     41.336     8.4439     8.4470     0.0031     8.4396     8.4427     0.0031   3.576852   3.577056   0.000205    34.0699    34.0691     6.7272    26.4772    26.4761          7  0.000e+00
      62499 290.057582  -39.31118  -53.14796      0.093    1471.91     41.657     41.336     8.4437     8.4470     0.0033     8.4394     8.4427     0.0033   3.576858   3.577075   0.000217    34.0702    34.0693     6.7265    26.4774    26.4762          7  0.000e+00
      62500 290.057582  -39.31118  -53.14796      0.096    1471.91     41.673     41.352     8.4435     8.4471     0.0036     8.4393     8.4428     0.0036   3.576795   3.577025   0.000230    34.0696    34.0686     6.7259    26.4770    26.4757          7  0.000e+00
      62501 290.057583  -39.31118  -53.14796      0.098    1471.91     41.657     41.336     8.4436     8.4471     0.0035     8.4394     8.4428     0.0035   3.576776   3.577062   0.000286    34.0694    34.0690     6.7252    26.4768    26.4760          7  0.000e+00
      62502 290.057583  -39.31118  -53.14796      0.103    1471.91     41.714     41.392     8.4435     8.4470     0.0034     8.4393     8.4427     0.0034   3.576795   3.577062   0.000267    34.0696    34.0691     6.7246    26.4770    26.4761          7  0.000e+00
      62503 290.057584  -39.31118  -53.14796      0.107    1471.91     41.657     41.336     8.4434     8.4470     0.0036     8.4391     8.4427     0.0036   3.576783   3.577038   0.000255    34.0697    34.0689     6.7240    26.4771    26.4759          7  0.000e+00
      62504 290.057584  -39.31118  -53.14796      0.114    1471.91     41.778     41.456     8.4434     8.4466     0.0032     8.4391     8.4423     0.0032   3.576720   3.577025   0.000305    34.0689    34.0691     6.7235    26.4765    26.4761          7  0.000e+00
      62505 290.057585  -39.31118  -53.14796      0.118    1471.91     41.738     41.416     8.4435     8.4464     0.0029     8.4392     8.4421     0.0029   3.576783   3.577025   0.000243    34.0695    34.0693     6.7228    26.4769    26.4763          7  0.000e+00
      62506 290.057585  -39.31118  -53.14796      0.120    1471.91     41.714     41.392     8.4435     8.4463     0.0028     8.4393     8.4420     0.0028   3.576751   3.577007   0.000255    34.0692    34.0692     6.7223    26.4766    26.4763          7  0.000e+00
      62507 290.057586  -39.31118  -53.14796      0.123    1471.91     41.714     41.393     8.4434     8.4461     0.0028     8.4391     8.4419     0.0028   3.576764   3.576994   0.000231    34.0694    34.0692     6.7223    26.4769    26.4763          7  0.000e+00
      62508 290.057586  -39.31118  -53.14796      0.127    1471.91     41.714     41.393     8.4435     8.4463     0.0028     8.4392     8.4420     0.0028   3.576745   3.576994   0.000249    34.0691    34.0691     6.7224    26.4766    26.4761          7  0.000e+00
      62509 290.057587  -39.31118  -53.14796      0.128    1471.91     41.714     41.393     8.4432     8.4466     0.0034     8.4389     8.4423     0.0034   3.576739   3.577038   0.000299    34.0694    34.0692     6.7225    26.4769    26.4762          7  0.000e+00
      62510 290.057587  -39.31118  -53.14796      0.131    1471.91     41.778     41.457     8.4429     8.4464     0.0036     8.4386     8.4422     0.0036   3.576714   3.577019   0.000305    34.0694    34.0692     6.7222    26.4769    26.4762          7  0.000e+00
      62511 290.057588  -39.31118  -53.14796      0.136    1471.91     41.738     41.417     8.4432     8.4467     0.0036     8.4389     8.4425     0.0036   3.576726   3.576994   0.000268    34.0692    34.0686     6.7223    26.4767    26.4757          7  0.000e+00
      62512 290.057588  -39.31118  -53.14796      0.136    1471.91     41.778     41.457     8.4433     8.4470     0.0036     8.4391     8.4427     0.0036   3.576689   3.577038   0.000349    34.0687    34.0689     6.7226    26.4763    26.4759          7  0.000e+00
      62513 290.057589  -39.31118  -53.14796      0.144    1471.91     41.778     41.457     8.4430     8.4467     0.0037     8.4388     8.4425     0.0037   3.576626   3.577038   0.000411    34.0683    34.0691     6.7229    26.4760    26.4761          7  0.000e+00
      62514 290.057589  -39.31118  -53.14796      0.145    1471.91     41.778     41.457     8.4430     8.4468     0.0038     8.4388     8.4426     0.0038   3.576708   3.577050   0.000342    34.0691    34.0691     6.7232    26.4767    26.4761          7  0.000e+00
      62515 290.057590  -39.31118  -53.14796      0.146    1471.91     41.778     41.457     8.4432     8.4467     0.0036     8.4389     8.4425     0.0036   3.576739   3.577056   0.000317    34.0693    34.0693     6.7230    26.4768    26.4762          7  0.000e+00
      62516 290.057590  -39.31118  -53.14796      0.147    1471.91     41.794     41.473     8.4432     8.4470     0.0038     8.4389     8.4427     0.0038   3.576714   3.577019   0.000305    34.0691    34.0687     6.7234    26.4766    26.4757          7  0.000e+00
      62517 290.057591  -39.31118  -53.14796      0.149    1471.91     41.778     41.457     8.4432     8.4467     0.0036     8.4389     8.4425     0.0036   3.576726   3.577044   0.000317    34.0692    34.0691     6.7232    26.4767    26.4761          7  0.000e+00
      62518 290.057591  -39.31118  -53.14796      0.149    1471.91     41.778     41.457     8.4432     8.4470     0.0038     8.4389     8.4427     0.0038   3.576739   3.577075   0.000336    34.0693    34.0692     6.7231    26.4768    26.4762          7  0.000e+00
      62519 290.057592  -39.31118  -53.14796      0.153    1471.91     41.835     41.513     8.4435     8.4470     0.0035     8.4392     8.4427     0.0035   3.576764   3.577062   0.000298    34.0693    34.0691     6.7235    26.4767    26.4761          7  0.000e+00
      62520 290.057592  -39.31118  -53.14796      0.150    1471.91     41.778     41.457     8.4434     8.4470     0.0036     8.4391     8.4427     0.0036   3.576795   3.577038   0.000242    34.0697    34.0689     6.7193    26.4771    26.4759          7  0.000e+00
      62521 290.057593  -39.31118  -53.14796      0.153    1471.91     41.835     41.513     8.4437     8.4470     0.0033     8.4394     8.4427     0.0033   3.576808   3.577025   0.000218    34.0696    34.0687     6.7188    26.4769    26.4758          7  0.000e+00
      62522 290.057593  -39.31118  -53.14796      0.157    1471.91     41.851     41.529     8.4440     8.4471     0.0031     8.4398     8.4428     0.0031   3.576733   3.577044   0.000311    34.0684    34.0687     6.7183    26.4760    26.4758          7  0.000e+00
