Pos-Processados/process_op42/operantar42_042.cnv
* Sea-Bird SBE 9 Data File:
* FileName = C:\Users\Hidrografia\Desktop\OPXLII\Brutos\OP42042.hdr
* Software Version Seasave V 7.26.7.107
* Temperature SN = 6502
* Conductivity SN = 4998
* Number of Bytes Per Scan = 37
* Number of Voltage Words = 4
* Number of Scans Averaged by the Deck Unit = 1
* NMEA Latitude = 62 08.39 S
* NMEA Longitude = 058 26.43 W
* NMEA UTC (Time) = Nov 09 2023 17:06:28
* NMEA baud rate = 4800
** H41
** NPOALTEMAXIMIANO
** NUMERO DA ESTACAO (XXX) 042
** LAT (XX XX.XX S/N) 62 08.441S
** LONG (XXX XX.XX W/E) 058 26.341 W
** DATAHORA (dd/mm/aaaa hh:mm Z) 09/11/2023 1705Z
** PROFUNDIDADE (m) 425
** OPERADOR CT FILIPE LOPES
# nquan = 30
# nvalues = 744                         
# units = specified
# name 0 = scan: Scan Count
# name 1 = timeJ: Julian Days
# name 2 = latitude: Latitude [deg]
# name 3 = longitude: Longitude [deg]
# name 4 = dz/dtM: Descent Rate [m/s]
# name 5 = avgsvCM: Average Sound Velocity [Chen-Millero, m/s]
# name 6 = prDM: Pressure, Digiquartz [db]
# name 7 = depSM: Depth [salt water, m]
# name 8 = t090C: Temperature [ITS-90, deg C]
# name 9 = t190C: Temperature, 2 [ITS-90, deg C]
# name 10 = T2-T190C: Temperature Difference, 2 - 1 [ITS-90, deg C]
# name 11 = potemp090C: Potential Temperature [ITS-90, deg C]
# name 12 = potemp190C: Potential Temperature, 2 [ITS-90, deg C]
# name 13 = potemp90Cdiff: Potential Temperature, Diff, 2 - 1 [ITS-90, deg C]
# name 14 = c0S/m: Conductivity [S/m]
# name 15 = c1S/m: Conductivity, 2 [S/m]
# name 16 = C2-C1S/m: Conductivity Difference, 2 - 1 [S/m]
# name 17 = sal00: Salinity, Practical [PSU]
# name 18 = sal11: Salinity, Practical, 2 [PSU]
# name 19 = sbeox0ML/L: Oxygen, SBE 43 [ml/l]
# name 20 = sigma-é00: Density [sigma-theta, kg/m^3]
# name 21 = sigma-é11: Density, 2 [sigma-theta, kg/m^3]
# name 22 = sal00: Salinity, Practical [PSU]
# name 23 = sigma-é00: Density [sigma-theta, kg/m^3]
# name 24 = svCM: Sound Velocity [Chen-Millero, m/s]
# name 25 = svCM1: Sound Velocity, 2 [Chen-Millero, m/s]
# name 26 = gsw_ptA0: potential temperature [ITS-90, deg C]
# name 27 = gsw_densityA0: density, TEOS-10 [density, kg/m^3]
# name 28 = gsw_saA0: Absolute Salinity [g/kg]
# name 29 = flag:
# span 0 =       3971,      26946       
# span 1 = 313.714738, 313.725818       
# span 2 =  -62.14547,  -62.14070       
# span 3 =  -58.44012,  -58.43537       
# span 4 =     -1.066,      1.129       
# span 5 =       0.00,    1448.26       
# span 6 =      1.000,    373.000       
# span 7 =      1.018,    369.086       
# span 8 =    -0.8121,    -0.4218       
# span 9 =    -0.8107,    -0.4201       
# span 10 =    -0.0175,     0.0199      
# span 11 =    -0.8180,    -0.4342      
# span 12 =    -0.8166,    -0.4324      
# span 13 =    -0.0174,     0.0198      
# span 14 =   2.792009,   2.840680      
# span 15 =   2.792027,   2.840536      
# span 16 =  -0.001658,   0.001786      
# span 17 =    34.2732,    34.4232      
# span 18 =    34.2720,    34.4217      
# span 19 =     6.5122,     7.6924      
# span 20 =    27.5445,    27.6636      
# span 21 =    27.5435,    27.6621      
# span 22 =    34.2735,    34.4238      
# span 23 =    27.5444,    27.6640      
# span 24 =    1445.78,    1452.40      
# span 25 =    1445.79,    1452.34      
# span 26 =    -0.8179,    -0.4340      
# span 27 =  1027.5540,  1029.4441      
# span 28 =    34.4355,    34.5924      
# span 29 = 0.0000e+00, 0.0000e+00      
# interval = decibars: 1                
# start_time = Nov 09 2023 17:06:28 [NMEA time, header]
# bad_flag = -9.990e-29
*END*
[from data line 726]
      26355 313.725534  -62.14534  -58.43560     -0.717    1448.26     18.000     17.826    -0.5363    -0.5351     0.0012    -0.5369    -0.5357     0.0012   2.804771   2.804769   0.000005    34.2757    34.2744     7.6223    27.5473    27.5462    34.2761    27.5476    1445.98    1445.98    -0.5368  1027.6381    34.4413 0.0000e+00
      26385 313.725548  -62.14534  -58.43558     -0.756    1448.26     17.000     16.836    -0.5339    -0.5333     0.0006    -0.5344    -0.5338     0.0006   2.804937   2.804869  -0.000068    34.2758    34.2742     7.6397    27.5473    27.5459    34.2763    27.5477    1445.98    1445.98    -0.5344  1027.6334    34.4415 0.0000e+00
      26411 313.725561  -62.14534  -58.43558     -0.886    1448.26     16.000     15.846    -0.5320    -0.5319     0.0001    -0.5325    -0.5324     0.0001   2.805042   2.804934  -0.000109    34.2757    34.2741     7.6304    27.5471    27.5458    34.2761    27.5474    1445.97    1445.97    -0.5325  1027.6284    34.4413 0.0000e+00
      26439 313.725574  -62.14535  -58.43556     -0.906    1448.26     15.000     14.855    -0.5305    -0.5303     0.0002    -0.5309    -0.5307     0.0002   2.805103   2.805021  -0.000088    34.2755    34.2741     7.6333    27.5469    27.5457    34.2758    27.5471    1445.96    1445.96    -0.5309  1027.6233    34.4410 0.0000e+00
      26470 313.725589  -62.14536  -58.43556     -0.803    1448.26     14.000     13.865    -0.5303    -0.5298     0.0005    -0.5307    -0.5302     0.0005   2.805081   2.805015  -0.000060    34.2755    34.2742     7.6374    27.5469    27.5458    34.2759    27.5472    1445.94    1445.94    -0.5307  1027.6186    34.4412 0.0000e+00
      26499 313.725603  -62.14536  -58.43554     -0.793    1448.26     13.000     12.875    -0.5291    -0.5284     0.0007    -0.5295    -0.5288     0.0007   2.805117   2.805076  -0.000047    34.2755    34.2740     7.6342    27.5468    27.5456    34.2757    27.5470    1445.93    1445.93    -0.5295  1027.6127    34.4398 0.0000e+00
      26526 313.725616 -9.990e-29  -58.43554     -0.858    1448.26     12.000     11.884    -0.5281    -0.5276     0.0005    -0.5285    -0.5280     0.0005   2.805162   2.805093  -0.000063    34.2755    34.2740     7.6272    27.5467    27.5456    34.2758    27.5470    1445.92    1445.92    -0.5285  1027.6060    34.4374 0.0000e+00
      26553 313.725629 -9.990e-29  -58.43552     -0.882    1448.26     11.000     10.894    -0.5265    -0.5267    -0.0002    -0.5269    -0.5270    -0.0002   2.805262   2.805125  -0.000135    34.2756    34.2739     7.6315    27.5467    27.5454    34.2760    27.5471    1445.91    1445.91    -0.5268  1027.6012    34.4376 0.0000e+00
      26579 313.725642 -9.990e-29  -58.43552     -0.917    1448.26     10.000      9.904    -0.5249    -0.5248     0.0001    -0.5252    -0.5251     0.0001   2.805322   2.805214  -0.000108    34.2752    34.2737     7.6363    27.5464    27.5451    34.2755    27.5467    1445.90    1445.90    -0.5252  1027.5960    34.4372 0.0000e+00
      26610 313.725656  -62.14538  -58.43550     -0.841    1448.26      9.000      8.913    -0.5237    -0.5232     0.0005    -0.5239    -0.5234     0.0005   2.805354   2.805293  -0.000064    34.2749    34.2735     7.6341    27.5461    27.5449    34.2752    27.5463    1445.89    1445.89    -0.5240  1027.5930    34.4394 0.0000e+00
      26650 313.725675  -62.14540  -58.43548     -0.614    1448.26      8.000      7.923    -0.5236    -0.5225     0.0010    -0.5238    -0.5228     0.0010   2.805334   2.805297  -0.000039    34.2752    34.2735     7.6274    27.5463    27.5449    34.2754    27.5465    1445.88    1445.88    -0.5238  1027.5893    34.4408 0.0000e+00
      26686 313.725693  -62.14540  -58.43548     -0.634    1448.26      7.000      6.933    -0.5220    -0.5221    -0.0001    -0.5222    -0.5223    -0.0001   2.805417   2.805287  -0.000128    34.2751    34.2735     7.6296    27.5462    27.5449    34.2754    27.5464    1445.87    1445.86    -0.5222  1027.5844    34.4408 0.0000e+00
      26724 313.725711  -62.14541  -58.43546     -0.653    1448.26      6.000      5.942    -0.5210    -0.5205     0.0004    -0.5212    -0.5207     0.0004   2.805432   2.805361  -0.000071    34.2749    34.2735     7.6411    27.5460    27.5448    34.2751    27.5461    1445.86    1445.85    -0.5212  1027.5793    34.4404 0.0000e+00
      26767 313.725732  -62.14542  -58.43544     -0.547    1448.26      5.000      4.952    -0.5210    -0.5202     0.0008    -0.5212    -0.5203     0.0008   2.805386   2.805348  -0.000041    34.2749    34.2734     7.6454    27.5459    27.5447    34.2751    27.5461    1445.84    1445.84    -0.5212  1027.5746    34.4404 0.0000e+00
      26804 313.725750  -62.14542  -58.43543     -0.638    1448.26      4.000      3.962    -0.5189    -0.5179     0.0010    -0.5190    -0.5180     0.0010   2.805492   2.805472  -0.000020    34.2745    34.2731     7.6465    27.5455    27.5444    34.2748    27.5458    1445.83    1445.84    -0.5190  1027.5694    34.4401 0.0000e+00
      26845 313.725770  -62.14544  -58.43541     -0.605    1448.26      3.000      2.971    -0.5189    -0.5177     0.0012    -0.5190    -0.5178     0.0012   2.805434   2.805425  -0.000012    34.2745    34.2730     7.6428    27.5455    27.5443    34.2746    27.5456    1445.82    1445.82    -0.5190  1027.5645    34.4399 0.0000e+00
      26889 313.725791  -62.14545  -58.43539     -0.543    1448.26      2.000      1.985    -0.5190    -0.5180     0.0010    -0.5191    -0.5181     0.0010   2.805367   2.805343  -0.000025    34.2743    34.2729     7.6355    27.5454    27.5442    34.2744    27.5455    1445.80    1445.80    -0.5191  1027.5595    34.4397 0.0000e+00
      26946 313.725818  -62.14547  -58.43537     -0.465    1448.26      1.000      1.018    -0.5178    -0.5168     0.0010    -0.5178    -0.5168     0.0010   2.805357   2.805345 -4.401e-07    34.2732    34.2720     7.6327    27.5445    27.5435    34.2736    27.5448    1445.78    1445.79    -0.5177  1027.5540    34.4389 0.0000e+00
