Pos-Processados/process_op42/operantar42_026.cnv
* Sea-Bird SBE 9 Data File:
* FileName = C:\Users\Hidrografia\Desktop\OPXLII\Brutos\OP42026.hdr
* Software Version Seasave V 7.26.7.107
* Temperature SN = 6502
* Conductivity SN = 4998
* Number of Bytes Per Scan = 37
* Number of Voltage Words = 4
* Number of Scans Averaged by the Deck Unit = 1
* NMEA Latitude = 62 13.40 S
* NMEA Longitude = 058 12.50 W
* NMEA UTC (Time) = Nov 08 2023 16:16:15
* NMEA baud rate = 4800
** H41
** NPOALTEMAXIMIANO
** NUMERO DA ESTACAO (XXX) 026
** LAT (XX XX.XX S/N) 62  13.401 S
** LONG (XXX XX.XX W/E) 058  12.553 W
** DATAHORA (dd/mm/aaaa hh:mm Z) 08/11/2023 1615Z
** PROFUNDIDADE (m) 390
** OPERADOR 1T ZAMITH
# nquan = 30
# nvalues = 717                         
# units = specified
# name 0 = scan: Scan Count
# name 1 = timeJ: Julian Days
# name 2 = latitude: Latitude [deg]
# name 3 = longitude: Longitude [deg]
# name 4 = dz/dtM: Descent Rate [m/s]
# name 5 = avgsvCM: Average Sound Velocity [Chen-Millero, m/s]
# name 6 = prDM: Pressure, Digiquartz [db]
# name 7 = depSM: Depth [salt water, m]
# name 8 = t090C: Temperature [ITS-90, deg C]
# name 9 = t190C: Temperature, 2 [ITS-90, deg C]
# name 10 = T2-T190C: Temperature Difference, 2 - 1 [ITS-90, deg C]
# name 11 = potemp090C: Potential Temperature [ITS-90, deg C]
# name 12 = potemp190C: Potential Temperature, 2 [ITS-90, deg C]
# name 13 = potemp90Cdiff: Potential Temperature, Diff, 2 - 1 [ITS-90, deg C]
# name 14 = c0S/m: Conductivity [S/m]
# name 15 = c1S/m: Conductivity, 2 [S/m]
# name 16 = C2-C1S/m: Conductivity Difference, 2 - 1 [S/m]
# name 17 = sal00: Salinity, Practical [PSU]
# name 18 = sal11: Salinity, Practical, 2 [PSU]
# name 19 = sbeox0ML/L: Oxygen, SBE 43 [ml/l]
# name 20 = sigma-é00: Density [sigma-theta, kg/m^3]
# name 21 = sigma-é11: Density, 2 [sigma-theta, kg/m^3]
# name 22 = sal00: Salinity, Practical [PSU]
# name 23 = sigma-é00: Density [sigma-theta, kg/m^3]
# name 24 = svCM: Sound Velocity [Chen-Millero, m/s]
# name 25 = svCM1: Sound Velocity, 2 [Chen-Millero, m/s]
# name 26 = gsw_ptA0: potential temperature [ITS-90, deg C]
# name 27 = gsw_densityA0: density, TEOS-10 [density, kg/m^3]
# name 28 = gsw_saA0: Absolute Salinity [g/kg]
# name 29 = flag:
# span 0 =       2909,      29833       
# span 1 = 312.679354, 312.692338       
# span 2 =  -62.22512,  -62.22360       
# span 3 =  -58.20720,  -58.19243       
# span 4 =     -1.350,      1.230       
# span 5 =      -0.04,    1448.69       
# span 6 =      8.000,    366.000       
# span 7 =      7.927,    362.156       
# span 8 =    -0.9187,    -0.4720       
# span 9 =    -0.9162,    -0.4700       
# span 10 =    -0.0123,     0.0772      
# span 11 =    -0.9194,    -0.4841      
# span 12 =    -0.9168,    -0.4822      
# span 13 =    -0.0123,     0.0771      
# span 14 =   2.773009,   2.833103      
# span 15 =   2.773127,   2.833182      
# span 16 =  -0.001125,   0.006599      
# span 17 =    34.2757,    34.3757      
# span 18 =    34.2750,    34.3744      
# span 19 =     6.8284,     7.7605      
# span 20 =    27.5604,    27.6258      
# span 21 =    27.5613,    27.6247      
# span 22 =    34.2742,    34.3758      
# span 23 =    27.5586,    27.6259      
# span 24 =    1444.16,    1451.97      
# span 25 =    1444.16,    1451.98      
# span 26 =    -0.9194,    -0.4839      
# span 27 =  1027.6060,  1029.3739      
# span 28 =    34.4397,    34.5439      
# span 29 = 0.0000e+00, 0.0000e+00      
# interval = decibars: 1                
# start_time = Nov 08 2023 16:16:15 [NMEA time, header]
# bad_flag = -9.990e-29
*END*
[from data line 677]
      23083 312.689083  -62.22482  -58.19654     -0.880    1448.69     47.000     46.543    -0.6260    -0.6246     0.0013    -0.6274    -0.6260     0.0013   2.801052   2.801084   0.000032    34.3099    34.3088     7.3654    27.5789    27.5780    34.3095    27.5787    1446.08    1446.08    -0.6273  1027.8083    34.4753 0.0000e+00
      23112 312.689097  -62.22482  -58.19653     -0.797    1448.69     46.000     45.553    -0.6260    -0.6251     0.0010    -0.6274    -0.6264     0.0010   2.801010   2.801001  -0.000002    34.3099    34.3088     7.3652    27.5789    27.5780    34.3096    27.5787    1446.06    1446.06    -0.6273  1027.8036    34.4754 0.0000e+00
      23139 312.689110  -62.22482  -58.19650     -0.855    1448.69     45.000     44.563    -0.6253    -0.6249     0.0004    -0.6266    -0.6263     0.0004   2.800934   2.800938   0.000004    34.3087    34.3083     7.3624    27.5780    27.5777    34.3084    27.5777    1446.04    1446.05    -0.6266  1027.7977    34.4741 0.0000e+00
      23164 312.689122  -62.22482  -58.19648     -0.946    1448.69     44.000     43.573    -0.6248    -0.6239     0.0009    -0.6261    -0.6252     0.0009   2.800926   2.800912  -0.000011    34.3086    34.3074     7.3570    27.5778    27.5768    34.3084    27.5777    1446.03    1446.03    -0.6261  1027.7929    34.4741 0.0000e+00
      23190 312.689134  -62.22482  -58.19646     -0.951    1448.69     43.000     42.583    -0.6274    -0.6241     0.0033    -0.6287    -0.6254     0.0033   2.800518   2.800851   0.000295    34.3073    34.3075     7.3569    27.5769    27.5769    34.3065    27.5762    1446.00    1446.02    -0.6286  1027.7867    34.4722 0.0000e+00
      23223 312.689150  -62.22482  -58.19645     -0.775    1448.69     42.000     41.593    -0.6288    -0.6247     0.0041    -0.6301    -0.6259     0.0041   2.800364   2.800768   0.000415    34.3067    34.3076     7.3680    27.5764    27.5770    34.3066    27.5764    1445.98    1446.00    -0.6300  1027.7821    34.4723 0.0000e+00
      23259 312.689168  -62.22484  -58.19644     -0.648    1448.69     41.000     40.602    -0.6317    -0.6290     0.0027    -0.6330    -0.6302     0.0027   2.799920   2.800182   0.000253    34.3056    34.3059     7.3789    27.5757    27.5759    34.3045    27.5748    1445.95    1445.96    -0.6329  1027.7757    34.4702 0.0000e+00
      23288 312.689181  -62.22484  -58.19642     -0.776    1448.69     40.000     39.612    -0.6432    -0.6389     0.0043    -0.6444    -0.6401     0.0043   2.798670   2.798999   0.000349    34.3036    34.3034     7.4005    27.5746    27.5742    34.3013    27.5727    1445.87    1445.89    -0.6443  1027.7688    34.4669 0.0000e+00
      23310 312.689192  -62.22484  -58.19640     -0.966    1448.69     39.000     38.622    -0.6680    -0.6747    -0.0067    -0.6691    -0.6759    -0.0067   2.795947   2.795463  -0.000400    34.2976    34.2998     7.4059    27.5708    27.5729    34.2932    27.5672    1445.73    1445.70    -0.6691  1027.7586    34.4588 0.0000e+00
      23332 312.689203  -62.22484  -58.19638     -1.080    1448.69     38.000     37.632    -0.7020    -0.7143    -0.0123    -0.7031    -0.7154    -0.0123   2.792992   2.791818  -0.001125    34.2977    34.2964     7.4166    27.5723    27.5717    34.2924    27.5680    1445.55    1445.49    -0.7031  1027.7547    34.4580 0.0000e+00
      23357 312.689215  -62.22484  -58.19636     -1.038    1448.69     37.000     36.641    -0.7518    -0.7102     0.0415    -0.7528    -0.7113     0.0415   2.788471   2.792369   0.003239    34.2974    34.2941     7.4396    27.5742    27.5698    34.2884    27.5668    1445.30    1445.50    -0.7528  1027.7488    34.4539 0.0000e+00
      23392 312.689232  -62.22484  -58.19635     -0.735    1448.69     36.000     35.651    -0.7863    -0.7091     0.0772    -0.7873    -0.7101     0.0771   2.785755   2.792338   0.006599    34.2946    34.2963     7.4700    27.5733    27.5715    34.2914    27.5707    1445.13    1445.49    -0.7873  1027.7479    34.4570 0.0000e+00
      23428 312.689249  -62.22484  -58.19632     -0.642    1448.69     35.000     34.661    -0.8026    -0.7615     0.0411    -0.8036    -0.7625     0.0411   2.783596   2.787381   0.003914    34.2876    34.2939     7.5433    27.5683    27.5717    34.2813    27.5632    1445.02    1445.22    -0.8035  1027.7356    34.4468 0.0000e+00
      23454 312.689262  -62.22484  -58.19632     -0.827    1448.69     34.000     33.671    -0.8315    -0.8248     0.0067    -0.8325    -0.8258     0.0067   2.780607   2.781395   0.000955    34.2839    34.2892     7.5967    27.5664    27.5705    34.2742    27.5586    1444.86    1444.89    -0.8324  1027.7263    34.4397 0.0000e+00
      23477 312.689273  -62.22484  -58.19630     -0.978    1448.69     33.000     32.681    -0.8743    -0.8713     0.0030    -0.8752    -0.8722     0.0030   2.777266   2.777535   0.000313    34.2841    34.2849     7.6212    27.5683    27.5689    34.2782    27.5635    1444.64    1444.66    -0.8752  1027.7265    34.4436 0.0000e+00
      23502 312.689285  -62.22484  -58.19628     -1.012    1448.69     32.000     31.690    -0.8871    -0.8686     0.0185    -0.8879    -0.8695     0.0185   2.776066   2.777700   0.001491    34.2832    34.2825     7.6313    27.5682    27.5668    34.2770    27.5631    1444.57    1444.66    -0.8879  1027.7213    34.4424 0.0000e+00
      23532 312.689299  -62.22484  -58.19626     -0.861    1448.69     31.000     30.700    -0.8952    -0.8610     0.0342    -0.8961    -0.8618     0.0342   2.775483   2.778405   0.002938    34.2828    34.2838     7.6631    27.5681    27.5675    34.2789    27.5650    1444.52    1444.68    -0.8960  1027.7184    34.4444 0.0000e+00
      23568 312.689317  -62.22484  -58.19625     -0.673    1448.69     30.000     29.710    -0.8962    -0.8862     0.0100    -0.8970    -0.8870     0.0100   2.775057   2.776047   0.001081    34.2802    34.2835     7.7060    27.5661    27.5683    34.2749    27.5618    1444.49    1444.54    -0.8970  1027.7104    34.4403 0.0000e+00
      23597 312.689331  -62.22484  -58.19622     -0.757    1448.69     29.000     28.720    -0.9095    -0.9021     0.0074    -0.9103    -0.9029     0.0074   2.773942   2.774598   0.000643    34.2791    34.2794     7.7291    27.5656    27.5656    34.2755    27.5628    1444.41    1444.45    -0.9103  1027.7066    34.4409 0.0000e+00
      23622 312.689343  -62.22484  -58.19620     -0.909    1448.69     28.000     27.729    -0.9131    -0.9086     0.0046    -0.9139    -0.9093     0.0046   2.773537   2.773919   0.000463    34.2784    34.2794     7.7234    27.5652    27.5659    34.2748    27.5623    1444.38    1444.40    -0.9138  1027.7013    34.4401 0.0000e+00
      23646 312.689354  -62.22484  -58.19620     -0.998    1448.69     27.000     26.739    -0.9168    -0.9149     0.0019    -0.9175    -0.9156     0.0019   2.773211   2.773338   0.000167    34.2781    34.2782     7.7261    27.5651    27.5651    34.2751    27.5627    1444.34    1444.35    -0.9175  1027.6970    34.4405 0.0000e+00
      23672 312.689367  -62.22484  -58.19618     -0.973    1448.69     26.000     25.749    -0.9183    -0.9144     0.0039    -0.9190    -0.9151     0.0039   2.773082   2.773348   0.000270    34.2781    34.2774     7.7334    27.5652    27.5645    34.2757    27.5632    1444.32    1444.34    -0.9190  1027.6926    34.4410 0.0000e+00
      23713 312.689386  -62.22484  -58.19615     -0.638    1448.69     25.000     24.759    -0.9187    -0.9148     0.0040    -0.9194    -0.9154     0.0040   2.773009   2.773309   0.000321    34.2779    34.2777     7.7334    27.5650    27.5647    34.2758    27.5634    1444.30    1444.32    -0.9194  1027.6880    34.4412 0.0000e+00
      23758 312.689409  -62.22484  -58.19613     -0.492    1448.69     24.000     23.768    -0.9172    -0.9162     0.0011    -0.9179    -0.9168     0.0011   2.773138   2.773127   0.000080    34.2773    34.2772     7.7345    27.5645    27.5644    34.2765    27.5639    1444.30    1444.30    -0.9178  1027.6837    34.4418 0.0000e+00
      23788 312.689423  -62.22484  -58.19610     -0.745    1448.69     23.000     22.778    -0.9096    -0.9104    -0.0008    -0.9102    -0.9110    -0.0008   2.773741   2.773607  -0.000157    34.2772    34.2760     7.7325    27.5641    27.5632    34.2766    27.5637    1444.32    1444.31    -0.9102  1027.6787    34.4420 0.0000e+00
      23814 312.689435  -62.22486  -58.19608     -0.892    1448.69     22.000     21.788    -0.9003    -0.8993     0.0010    -0.9008    -0.8999     0.0010   2.774504   2.774488   0.000003    34.2770    34.2759     7.7349    27.5636    27.5627    34.2770    27.5636    1444.34    1444.35    -0.9009  1027.6738    34.4423 0.0000e+00
      23842 312.689449  -62.22486  -58.19606     -0.890    1448.69     21.000     20.797    -0.8979    -0.8997    -0.0018    -0.8984    -0.9003    -0.0018   2.774610   2.774398  -0.000189    34.2768    34.2763     7.7373    27.5634    27.5630    34.2764    27.5630    1444.34    1444.33    -0.8984  1027.6684    34.4417 0.0000e+00
      23878 312.689466  -62.22486  -58.19604     -0.704    1448.69     20.000     19.807    -0.8992    -0.9021    -0.0029    -0.8997    -0.9026    -0.0029   2.774460   2.774158  -0.000277    34.2767    34.2763     7.7342    27.5633    27.5631    34.2764    27.5631    1444.32    1444.30    -0.8997  1027.6637    34.4417 0.0000e+00
      23925 312.689489  -62.22486  -58.19602     -0.506    1448.69     19.000     18.817    -0.8997    -0.8998    -0.0001    -0.9002    -0.9003    -0.0001   2.774373   2.774302  -0.000078    34.2768    34.2759     7.7416    27.5634    27.5627    34.2764    27.5631    1444.30    1444.29    -0.9002  1027.6589    34.4417 0.0000e+00
      23969 312.689510  -62.22486  -58.19599     -0.545    1448.69     18.000     17.827    -0.8966    -0.8977    -0.0011    -0.8971    -0.8981    -0.0011   2.774616   2.774460  -0.000138    34.2765    34.2759     7.7402    27.5631    27.5626    34.2769    27.5633    1444.30    1444.29    -0.8971  1027.6544    34.4422 0.0000e+00
      24004 312.689527  -62.22486  -58.19596     -0.658    1448.69     17.000     16.836    -0.8806    -0.8842    -0.0036    -0.8810    -0.8847    -0.0036   2.776043   2.775576  -0.000448    34.2774    34.2754     7.7351    27.5631    27.5617    34.2787    27.5642    1444.36    1444.34    -0.8810  1027.6504    34.4440 0.0000e+00
      24039 312.689544  -62.22486  -58.19595     -0.697    1448.69     16.000     15.849    -0.8851    -0.8768     0.0082    -0.8855    -0.8772     0.0082   2.775534   2.776138   0.000547    34.2779    34.2760     7.7454    27.5637    27.5618    34.2775    27.5634    1444.32    1444.36    -0.8855  1027.6448    34.4428 0.0000e+00
      26602 312.690780  -62.22497  -58.19439     -0.400    1448.69     15.000     14.849    -0.8884    -0.8867     0.0017    -0.8888    -0.8871     0.0017   2.775139   2.775197   0.000067    34.2770    34.2760     7.7512    27.5631    27.5622    34.2765    27.5627    1444.28    1444.29    -0.8888  1027.6394    34.4419 0.0000e+00
      27384 312.691157  -62.22500  -58.19391     -0.297    1448.69     14.000     13.867    -0.9029    -0.8924     0.0105    -0.9033    -0.8928     0.0105   2.773836   2.774707   0.000843    34.2771    34.2766     7.7482    27.5638    27.5630    34.2760    27.5629    1444.20    1444.25    -0.9033  1027.6348    34.4414 0.0000e+00
      27532 312.691229  -62.22502  -58.19382     -0.212    1448.69     13.000     12.871    -0.9083    -0.9073     0.0009    -0.9087    -0.9077     0.0009   2.773380   2.773311  -0.000039    34.2766    34.2750     7.7558    27.5636    27.5623    34.2765    27.5635    1444.16    1444.16    -0.9086  1027.6307    34.4419 0.0000e+00
      28222 312.691561  -62.22505  -58.19340     -0.332    1448.69     12.000     11.886    -0.8934    -0.8934    -0.0000    -0.8937    -0.8937    -0.0000   2.774507   2.774494  -0.000023    34.2757    34.2754     7.7605    27.5623    27.5620    34.2755    27.5621    1444.21    1444.21    -0.8937  1027.6245    34.4410 0.0000e+00
      28968 312.691921  -62.22508  -58.19295     -0.201    1448.69     11.000     10.889    -0.8935    -0.8930     0.0005    -0.8938    -0.8933     0.0005   2.774545   2.774463  -0.000071    34.2770    34.2754     7.7458    27.5633    27.5620    34.2768    27.5631    1444.19    1444.20    -0.8938  1027.6207    34.4422 0.0000e+00
      29073 312.691971  -62.22508  -58.19289     -0.166    1448.69     10.000      9.905    -0.8782    -0.8815    -0.0033    -0.8785    -0.8818    -0.0033   2.775791   2.775409  -0.000380    34.2765    34.2751     7.7469    27.5623    27.5613    34.2770    27.5627    1444.25    1444.23    -0.8785  1027.6154    34.4424 0.0000e+00
      29202 312.692034  -62.22510  -58.19281     -0.294    1448.69      9.000      8.912    -0.8768    -0.8757     0.0011    -0.8771    -0.8760     0.0011   2.775859   2.775867   0.000003    34.2769    34.2757     7.7439    27.5626    27.5615    34.2769    27.5626    1444.24    1444.25    -0.8770  1027.6106    34.4424 0.0000e+00
      29833 312.692338  -62.22512  -58.19243     -0.191    1448.69      8.000      7.927    -0.8841    -0.8864    -0.0024    -0.8843    -0.8866    -0.0024   2.775204   2.774903  -0.000274    34.2767    34.2756     7.7545    27.5627    27.5619    34.2769    27.5628    1444.19    1444.18    -0.8843  1027.6060    34.4423 0.0000e+00
