Pos-Processados/process_op42/operantar42_018.cnv
* Sea-Bird SBE 9 Data File:
* FileName = C:\Users\Hidrografia\Desktop\OPXLII\Brutos\OP42018.hdr
* Software Version Seasave V 7.26.7.107
* Temperature SN = 6502
* Conductivity SN = 4998
* Number of Bytes Per Scan = 37
* Number of Voltage Words = 4
* Number of Scans Averaged by the Deck Unit = 1
* NMEA Latitude = 62 13.46 S
* NMEA Longitude = 058 12.64 W
* NMEA UTC (Time) = Nov 07 2023 12:56:51
* NMEA baud rate = 4800
** H41
** NPOALTEMAXIMIANO
** NUMERO DA ESTACAO (XXX) 018
** LAT (XX XX.XX S/N) 62 13.46 S
** LONG (XXX XX.XX W/E) 058 12.12 W
** DATAHORA (dd/mm/aaaa hh:mm Z) 07/11/2023 1245Z
** PROFUNDIDADE (m) 523
** OPERADOR 1T ZAMITH
# nquan = 30
# nvalues = 708                         
# units = specified
# name 0 = scan: Scan Count
# name 1 = timeJ: Julian Days
# name 2 = latitude: Latitude [deg]
# name 3 = longitude: Longitude [deg]
# name 4 = dz/dtM: Descent Rate [m/s]
# name 5 = avgsvCM: Average Sound Velocity [Chen-Millero, m/s]
# name 6 = prDM: Pressure, Digiquartz [db]
# name 7 = depSM: Depth [salt water, m]
# name 8 = t090C: Temperature [ITS-90, deg C]
# name 9 = t190C: Temperature, 2 [ITS-90, deg C]
# name 10 = T2-T190C: Temperature Difference, 2 - 1 [ITS-90, deg C]
# name 11 = potemp090C: Potential Temperature [ITS-90, deg C]
# name 12 = potemp190C: Potential Temperature, 2 [ITS-90, deg C]
# name 13 = potemp90Cdiff: Potential Temperature, Diff, 2 - 1 [ITS-90, deg C]
# name 14 = c0S/m: Conductivity [S/m]
# name 15 = c1S/m: Conductivity, 2 [S/m]
# name 16 = C2-C1S/m: Conductivity Difference, 2 - 1 [S/m]
# name 17 = sal00: Salinity, Practical [PSU]
# name 18 = sal11: Salinity, Practical, 2 [PSU]
# name 19 = sbeox0ML/L: Oxygen, SBE 43 [ml/l]
# name 20 = sigma-é00: Density [sigma-theta, kg/m^3]
# name 21 = sigma-é11: Density, 2 [sigma-theta, kg/m^3]
# name 22 = sal00: Salinity, Practical [PSU]
# name 23 = sigma-é00: Density [sigma-theta, kg/m^3]
# name 24 = svCM: Sound Velocity [Chen-Millero, m/s]
# name 25 = svCM1: Sound Velocity, 2 [Chen-Millero, m/s]
# name 26 = gsw_ptA0: potential temperature [ITS-90, deg C]
# name 27 = gsw_densityA0: density, TEOS-10 [density, kg/m^3]
# name 28 = gsw_saA0: Absolute Salinity [g/kg]
# name 29 = flag:
# span 0 =       2131,      34318       
# span 1 = 311.540506, 311.556029       
# span 2 =  -62.22870,  -62.22469       
# span 3 =  -58.21066,  -58.20496       
# span 4 =     -1.069,      1.101       
# span 5 =      -0.00,    1448.15       
# span 6 =      2.000,    361.000       
# span 7 =      2.030,    357.222       
# span 8 =    -0.7448,    -0.5382       
# span 9 =    -0.7440,    -0.5380       
# span 10 =    -0.0163,     0.0109      
# span 11 =    -0.7494,    -0.5386      
# span 12 =    -0.7486,    -0.5384      
# span 13 =    -0.0162,     0.0109      
# span 14 =   2.796872,   2.811671      
# span 15 =   2.796859,   2.811650      
# span 16 =  -0.001567,   0.001008      
# span 17 =    34.2972,    34.3594      
# span 18 =    34.2973,    34.3582      
# span 19 =     7.0189,     7.5860      
# span 20 =    27.5652,    27.6232      
# span 21 =    27.5651,    27.6222      
# span 22 =    34.2976,    34.3593      
# span 23 =    27.5656,    27.6232      
# span 24 =    1445.68,    1450.84      
# span 25 =    1445.68,    1450.85      
# span 26 =    -0.7492,    -0.5386      
# span 27 =  1027.5821,  1029.3535      
# span 28 =    34.4608,    34.5296      
# span 29 = 0.0000e+00, 0.0000e+00      
# interval = decibars: 1                
# start_time = Nov 07 2023 12:56:51 [NMEA time, header]
# bad_flag = -9.990e-29
*END*
[from data line 339]
      13277 311.545881  -62.22630  -58.20890      0.721    1448.15    352.000    348.324    -0.7049    -0.7038     0.0011    -0.7161    -0.7150     0.0011   2.811371   2.811358  -0.000016    34.3510    34.3496     7.1078    27.6160    27.6148    34.3508    27.6158    1450.73    1450.73    -0.7159  1029.3015    34.5187 0.0000e+00
      13316 311.545901  -62.22630  -58.20889      0.634    1448.15    353.000    349.312    -0.7062    -0.7053     0.0009    -0.7174    -0.7165     0.0009   2.811331   2.811337   0.000006    34.3512    34.3503     7.1069    27.6163    27.6154    34.3511    27.6161    1450.74    1450.74    -0.7172  1029.3066    34.5190 0.0000e+00
      13373 311.545928  -62.22631  -58.20888      0.388    1448.15    354.000    350.302    -0.7069    -0.7060     0.0009    -0.7182    -0.7173     0.0009   2.811340   2.811341   0.000001    34.3515    34.3505     7.0913    27.6165    27.6156    34.3514    27.6164    1450.75    1450.75    -0.7179  1029.3135    34.5216 0.0000e+00
      13412 311.545947  -62.22632 -9.990e-29      0.590    1448.15    355.000    351.290    -0.7068    -0.7062     0.0006    -0.7181    -0.7175     0.0006   2.811405   2.811380  -0.000023    34.3516    34.3506     7.0991    27.6166    27.6157    34.3516    27.6165    1450.77    1450.77    -0.7179  1029.3185    34.5220 0.0000e+00
      13445 311.545963  -62.22632  -58.20886      0.731    1448.15    356.000    352.279    -0.7069    -0.7062     0.0007    -0.7182    -0.7175     0.0007   2.811447   2.811428  -0.000019    34.3517    34.3506     7.0873    27.6166    27.6157    34.3516    27.6166    1450.78    1450.79    -0.7180  1029.3226    34.5212 0.0000e+00
      13493 311.545986  -62.22632  -58.20885      0.501    1448.15    357.000    353.267    -0.7075    -0.7065     0.0010    -0.7189    -0.7179     0.0010   2.811457   2.811454  -0.000004    34.3520    34.3507     7.0893    27.6169    27.6159    34.3519    27.6168    1450.80    1450.80    -0.7186  1029.3263    34.5198 0.0000e+00
      13545 311.546011  -62.22632  -58.20884      0.461    1448.15    358.000    354.256    -0.7096    -0.7087     0.0009    -0.7210    -0.7201     0.0009   2.811456   2.811456 -8.309e-07    34.3538    34.3527     7.0951    27.6185    27.6176    34.3536    27.6183    1450.81    1450.81    -0.7208  1029.3313    34.5199 0.0000e+00
      13578 311.546027 -9.990e-29  -58.20883      0.684    1448.15    359.000    355.245    -0.7130    -0.7120     0.0010    -0.7245    -0.7235     0.0010   2.811437   2.811418  -0.000019    34.3568    34.3554     7.0921    27.6211    27.6199    34.3566    27.6209    1450.81    1450.81    -0.7242  1029.3352    34.5187 0.0000e+00
      13621 311.546047  -62.22636  -58.20882      0.609    1448.15    360.000    356.225    -0.7137    -0.7127     0.0009    -0.7251    -0.7242     0.0009   2.811532   2.811519  -0.000012    34.3581    34.3569     7.0847    27.6221    27.6211    34.3580    27.6221    1450.83    1450.83    -0.7249  1029.3413    34.5203 0.0000e+00
      14241 311.546347  -62.22642  -58.20868     -0.181    1448.15    361.000    357.222    -0.7142    -0.7132     0.0010    -0.7257    -0.7247     0.0010   2.811630   2.811632   0.000002    34.3594    34.3582     7.0189    27.6232    27.6222    34.3593    27.6232    1450.84    1450.85    -0.7254  1029.3535    34.5296 0.0000e+00
      14289 311.546369  -62.22643  -58.20867     -0.300    1448.15    360.000    356.233    -0.7138    -0.7131     0.0007    -0.7253    -0.7245     0.0007   2.811587   2.811572  -0.000016    34.3589    34.3579     7.0356    27.6228    27.6219    34.3589    27.6228    1450.83    1450.83    -0.7250  1029.3466    34.5269 0.0000e+00
      14340 311.546394  -62.22644  -58.20866     -0.439    1448.15    359.000    355.246    -0.7135    -0.7128     0.0007    -0.7249    -0.7242     0.0007   2.811551   2.811529  -0.000023    34.3587    34.3576     7.0422    27.6226    27.6217    34.3587    27.6226    1450.81    1450.81    -0.7247  1029.3405    34.5253 0.0000e+00
      14393 311.546420 -9.990e-29  -58.20864     -0.448    1448.15    358.000    354.255    -0.7137    -0.7130     0.0007    -0.7251    -0.7244     0.0007   2.811472   2.811479   0.000007    34.3585    34.3578     7.0406    27.6224    27.6219    34.3585    27.6224    1450.80    1450.80    -0.7248  1029.3320    34.5205 0.0000e+00
      14444 311.546444  -62.22646  -58.20863     -0.471    1448.15    357.000    353.267    -0.7136    -0.7129     0.0007    -0.7250    -0.7243     0.0007   2.811353   2.811363   0.000011    34.3574    34.3568     7.0328    27.6216    27.6210    34.3574    27.6215    1450.78    1450.78    -0.7247  1029.3277    34.5211 0.0000e+00
      14484 311.546464  -62.22646  -58.20862     -0.588    1448.15    356.000    352.279    -0.7131    -0.7126     0.0005    -0.7245    -0.7240     0.0005   2.811273   2.811274   0.000004    34.3564    34.3559     7.0455    27.6207    27.6203    34.3563    27.6207    1450.76    1450.76    -0.7242  1029.3255    34.5243 0.0000e+00
      14527 311.546484  -62.22646  -58.20862     -0.566    1448.15    355.000    351.290    -0.7120    -0.7117     0.0002    -0.7232    -0.7230     0.0002   2.811233   2.811205  -0.000026    34.3550    34.3544     7.0433    27.6195    27.6191    34.3551    27.6196    1450.75    1450.75    -0.7230  1029.3196    34.5230 0.0000e+00
      14568 311.546504  -62.22646  -58.20861     -0.574    1448.15    354.000    350.301    -0.7099    -0.7100    -0.0001    -0.7212    -0.7212    -0.0001   2.811246   2.811206  -0.000038    34.3534    34.3530     7.0659    27.6182    27.6178    34.3535    27.6183    1450.74    1450.74    -0.7209  1029.3135    34.5215 0.0000e+00
      14598 311.546519  -62.22648  -58.20860     -0.736    1448.15    353.000    349.313    -0.7072    -0.7063     0.0009    -0.7184    -0.7175     0.0009   2.811296   2.811291  -0.000009    34.3515    34.3503     7.0528    27.6166    27.6155    34.3518    27.6167    1450.73    1450.74    -0.7182  1029.3072    34.5197 0.0000e+00
      14629 311.546533  -62.22648  -58.20859     -0.802    1448.15    352.000    348.324    -0.7049    -0.7043     0.0006    -0.7161    -0.7155     0.0006   2.811338   2.811314  -0.000022    34.3501    34.3491     7.0715    27.6153    27.6144    34.3503    27.6155    1450.73    1450.73    -0.7159  1029.3012    34.5183 0.0000e+00
      14666 311.546551  -62.22648  -58.20858     -0.664    1448.15    351.000    347.335    -0.7035    -0.7035    -0.0001    -0.7146    -0.7147    -0.0001   2.811356   2.811305  -0.000045    34.3493    34.3488     7.0769    27.6145    27.6141    34.3495    27.6148    1450.72    1450.72    -0.7144  1029.2957    34.5174 0.0000e+00
      14705 311.546570  -62.22648  -58.20858     -0.605    1448.15    350.000    346.346    -0.7020    -0.7027    -0.0007    -0.7132    -0.7139    -0.0007   2.811373   2.811300  -0.000077    34.3485    34.3483     7.0946    27.6139    27.6137    34.3487    27.6140    1450.71    1450.70    -0.7129  1029.2902    34.5166 0.0000e+00
      14736 311.546585  -62.22649  -58.20857     -0.730    1448.15    349.000    345.358    -0.7013    -0.7012     0.0001    -0.7124    -0.7123     0.0001   2.811381   2.811316  -0.000063    34.3484    34.3474     7.1008    27.6137    27.6129    34.3486    27.6139    1450.69    1450.69    -0.7122  1029.2853    34.5166 0.0000e+00
      14765 311.546599  -62.22650  -58.20856     -0.822    1448.15    348.000    344.369    -0.6998    -0.6987     0.0010    -0.7109    -0.7098     0.0010   2.811404   2.811408  -0.000004    34.3476    34.3464     7.1049    27.6131    27.6120    34.3478    27.6132    1450.68    1450.69    -0.7106  1029.2799    34.5157 0.0000e+00
      14799 311.546616  -62.22650  -58.20855     -0.727    1448.15    347.000    343.380    -0.6986    -0.6983     0.0003    -0.7096    -0.7094     0.0003   2.811436   2.811386  -0.000042    34.3472    34.3464     7.1102    27.6127    27.6120    34.3475    27.6129    1450.67    1450.67    -0.7094  1029.2748    34.5154 0.0000e+00
      14834 311.546632  -62.22650  -58.20854     -0.681    1448.15    346.000    342.392    -0.6967    -0.6966     0.0001    -0.7078    -0.7077     0.0001   2.811493   2.811432  -0.000064    34.3466    34.3456     7.1036    27.6120    27.6113    34.3468    27.6123    1450.66    1450.66    -0.7075  1029.2694    34.5147 0.0000e+00
      14864 311.546647  -62.22650  -58.20854     -0.771    1448.15    345.000    341.403    -0.6950    -0.6952    -0.0002    -0.7060    -0.7062    -0.0002   2.811535   2.811457  -0.000071    34.3457    34.3450     7.1123    27.6113    27.6107    34.3460    27.6116    1450.65    1450.65    -0.7058  1029.2639    34.5139 0.0000e+00
      14892 311.546660  -62.22650  -58.20853     -0.843    1448.15    344.000    340.414    -0.6934    -0.6937    -0.0003    -0.7044    -0.7046    -0.0003   2.811584   2.811510  -0.000075    34.3451    34.3444     7.1022    27.6108    27.6102    34.3454    27.6110    1450.64    1450.64    -0.7041  1029.2586    34.5133 0.0000e+00
      14924 311.546676  -62.22650  -58.20852     -0.787    1448.15    343.000    339.425    -0.6923    -0.6920     0.0003    -0.7032    -0.7029     0.0003   2.811593   2.811548  -0.000047    34.3447    34.3437     7.1197    27.6104    27.6096    34.3450    27.6106    1450.63    1450.63    -0.7030  1029.2534    34.5129 0.0000e+00
      14961 311.546694  -62.22652  -58.20852     -0.650    1448.15    342.000    338.437    -0.6922    -0.6921     0.0001    -0.7030    -0.7030     0.0001   2.811530   2.811481  -0.000049    34.3444    34.3437     7.1320    27.6101    27.6095    34.3446    27.6102    1450.62    1450.62    -0.7028  1029.2483    34.5124 0.0000e+00
      14995 311.546710  -62.22652  -58.20850     -0.681    1448.15    341.000    337.448    -0.6922    -0.6915     0.0007    -0.7031    -0.7024     0.0007   2.811464   2.811443  -0.000027    34.3442    34.3431     7.1273    27.6100    27.6090    34.3443    27.6100    1450.60    1450.60    -0.7028  1029.2433    34.5122 0.0000e+00
      15023 311.546723  -62.22652  -58.20850     -0.819    1448.15    340.000    336.459    -0.6917    -0.6910     0.0008    -0.7025    -0.7018     0.0008   2.811433   2.811429  -0.000006    34.3438    34.3429     7.1415    27.6096    27.6088    34.3440    27.6097    1450.58    1450.59    -0.7023  1029.2383    34.5119 0.0000e+00
      15048 311.546736  -62.22652  -58.20850     -0.925    1448.15    339.000    335.470    -0.6918    -0.6910     0.0008    -0.7026    -0.7018     0.0008   2.811381   2.811385   0.000003    34.3438    34.3429     7.1410    27.6096    27.6089    34.3439    27.6097    1450.57    1450.57    -0.7023  1029.2335    34.5118 0.0000e+00
      15074 311.546748  -62.22654  -58.20848     -0.937    1448.15    338.000    334.481    -0.6919    -0.6911     0.0008    -0.7027    -0.7018     0.0008   2.811343   2.811332  -0.000011    34.3441    34.3430     7.1260    27.6099    27.6090    34.3442    27.6100    1450.55    1450.55    -0.7024  1029.2290    34.5121 0.0000e+00
      15105 311.546763  -62.22654  -58.20848     -0.831    1448.15    337.000    333.493    -0.6919    -0.6913     0.0005    -0.7026    -0.7021     0.0005   2.811308   2.811271  -0.000036    34.3442    34.3431     7.1423    27.6099    27.6090    34.3443    27.6100    1450.53    1450.54    -0.7024  1029.2242    34.5121 0.0000e+00
      15139 311.546780  -62.22654  -58.20848     -0.700    1448.15    336.000    332.504    -0.6908    -0.6909    -0.0001    -0.7015    -0.7016    -0.0001   2.811345   2.811257  -0.000085    34.3440    34.3430     7.1330    27.6097    27.6089    34.3441    27.6098    1450.52    1450.52    -0.7012  1029.2193    34.5120 0.0000e+00
      15173 311.546796  -62.22654  -58.20846     -0.704    1448.15    335.000    331.515    -0.6900    -0.6892     0.0008    -0.7006    -0.6998     0.0008   2.811337   2.811321  -0.000022    34.3437    34.3426     7.1337    27.6094    27.6085    34.3437    27.6094    1450.51    1450.51    -0.7004  1029.2142    34.5116 0.0000e+00
      15205 311.546812  -62.22654  -58.20846     -0.738    1448.15    334.000    330.526    -0.6901    -0.6893     0.0008    -0.7007    -0.6999     0.0008   2.811294   2.811264  -0.000026    34.3437    34.3425     7.1498    27.6095    27.6085    34.3438    27.6096    1450.49    1450.50    -0.7005  1029.2095    34.5117 0.0000e+00
      15236 311.546826  -62.22655  -58.20845     -0.776    1448.15    333.000    329.538    -0.6891    -0.6888     0.0003    -0.6997    -0.6993     0.0003   2.811297   2.811260  -0.000043    34.3434    34.3424     7.1302    27.6092    27.6083    34.3434    27.6092    1450.48    1450.48    -0.6994  1029.2044    34.5113 0.0000e+00
      15265 311.546840  -62.22656  -58.20844     -0.814    1448.15    332.000    328.548    -0.6900    -0.6888     0.0012    -0.7005    -0.6993     0.0012   2.811180   2.811205   0.000024    34.3434    34.3425     7.1363    27.6092    27.6083    34.3434    27.6092    1450.46    1450.46    -0.7003  1029.1997    34.5113 0.0000e+00
      15292 311.546853  -62.22656  -58.20844     -0.860    1448.15    331.000    327.560    -0.6911    -0.6896     0.0014    -0.7016    -0.7001     0.0014   2.811059   2.811088   0.000028    34.3437    34.3425     7.1464    27.6095    27.6084    34.3436    27.6094    1450.44    1450.45    -0.7014  1029.1952    34.5115 0.0000e+00
      15317 311.546865  -62.22656  -58.20844     -0.929    1448.15    330.000    326.571    -0.6912    -0.6899     0.0012    -0.7017    -0.7004     0.0012   2.811011   2.811027   0.000019    34.3437    34.3425     7.1341    27.6095    27.6085    34.3438    27.6095    1450.42    1450.43    -0.7014  1029.1905    34.5116 0.0000e+00
      15340 311.546877  -62.22656  -58.20842     -0.995    1448.15    329.000    325.582    -0.6898    -0.6896     0.0003    -0.7003    -0.7000     0.0003   2.811057   2.811015  -0.000041    34.3434    34.3425     7.1234    27.6092    27.6085    34.3435    27.6092    1450.41    1450.41    -0.7000  1029.1855    34.5113 0.0000e+00
      15365 311.546889  -62.22656  -58.20842     -0.992    1448.15    328.000    324.593    -0.6899    -0.6887     0.0012    -0.7003    -0.6991     0.0012   2.811027   2.811035   0.000004    34.3437    34.3424     7.1313    27.6094    27.6083    34.3437    27.6094    1450.40    1450.40    -0.7001  1029.1809    34.5116 0.0000e+00
      15395 311.546903  -62.22658  -58.20841     -0.866    1448.15    327.000    323.605    -0.6899    -0.6891     0.0008    -0.7003    -0.6995     0.0008   2.810982   2.810962  -0.000018    34.3437    34.3425     7.1294    27.6094    27.6084    34.3437    27.6095    1450.38    1450.38    -0.7000  1029.1761    34.5116 0.0000e+00
      15434 311.546922  -62.22658  -58.20840     -0.632    1448.15    326.000    322.615    -0.6888    -0.6889    -0.0001    -0.6992    -0.6993    -0.0001   2.811016   2.810929  -0.000085    34.3435    34.3424     7.1336    27.6092    27.6083    34.3436    27.6093    1450.37    1450.37    -0.6989  1029.1712    34.5115 0.0000e+00
      15469 311.546939  -62.22658  -58.20840     -0.654    1448.15    325.000    321.627    -0.6875    -0.6865     0.0010    -0.6978    -0.6968     0.0010   2.811054   2.811049  -0.000012    34.3432    34.3419     7.1472    27.6089    27.6078    34.3432    27.6089    1450.36    1450.36    -0.6976  1029.1661    34.5111 0.0000e+00
      15496 311.546952  -62.22658  -58.20839     -0.820    1448.15    324.000    320.638    -0.6881    -0.6873     0.0008    -0.6984    -0.6976     0.0008   2.810957   2.810946  -0.000006    34.3432    34.3422     7.1294    27.6090    27.6081    34.3432    27.6090    1450.34    1450.34    -0.6982  1029.1614    34.5111 0.0000e+00
