Pos-Processados/process_op42/operantar42_027.cnv
* Sea-Bird SBE 9 Data File:
* FileName = C:\Users\Hidrografia\Desktop\OPXLII\Brutos\OP42027.hdr
* Software Version Seasave V 7.26.7.107
* Temperature SN = 6502
* Conductivity SN = 4998
* Number of Bytes Per Scan = 37
* Number of Voltage Words = 4
* Number of Scans Averaged by the Deck Unit = 1
* NMEA Latitude = 62 16.55 S
* NMEA Longitude = 058 26.39 W
* NMEA UTC (Time) = Nov 08 2023 19:38:30
* NMEA baud rate = 4800
** H41
** NPOALTEMAXIMIANO
** NUMERO DA ESTACAO (XXX) 027
** LAT (XX XX.XX S/N) 62  16.401 S
** LONG (XXX XX.XX W/E) 058  26.553 W
** DATAHORA (dd/mm/aaaa hh:mm Z) 08/11/2023 1937Z
** PROFUNDIDADE (m) 159
** OPERADOR CT FILIPE LOPES
# nquan = 30
# nvalues = 377                         
# units = specified
# name 0 = scan: Scan Count
# name 1 = timeJ: Julian Days
# name 2 = latitude: Latitude [deg]
# name 3 = longitude: Longitude [deg]
# name 4 = dz/dtM: Descent Rate [m/s]
# name 5 = avgsvCM: Average Sound Velocity [Chen-Millero, m/s]
# name 6 = prDM: Pressure, Digiquartz [db]
# name 7 = depSM: Depth [salt water, m]
# name 8 = t090C: Temperature [ITS-90, deg C]
# name 9 = t190C: Temperature, 2 [ITS-90, deg C]
# name 10 = T2-T190C: Temperature Difference, 2 - 1 [ITS-90, deg C]
# name 11 = potemp090C: Potential Temperature [ITS-90, deg C]
# name 12 = potemp190C: Potential Temperature, 2 [ITS-90, deg C]
# name 13 = potemp90Cdiff: Potential Temperature, Diff, 2 - 1 [ITS-90, deg C]
# name 14 = c0S/m: Conductivity [S/m]
# name 15 = c1S/m: Conductivity, 2 [S/m]
# name 16 = C2-C1S/m: Conductivity Difference, 2 - 1 [S/m]
# name 17 = sal00: Salinity, Practical [PSU]
# name 18 = sal11: Salinity, Practical, 2 [PSU]
# name 19 = sbeox0ML/L: Oxygen, SBE 43 [ml/l]
# name 20 = sigma-é00: Density [sigma-theta, kg/m^3]
# name 21 = sigma-é11: Density, 2 [sigma-theta, kg/m^3]
# name 22 = sal00: Salinity, Practical [PSU]
# name 23 = sigma-é00: Density [sigma-theta, kg/m^3]
# name 24 = svCM: Sound Velocity [Chen-Millero, m/s]
# name 25 = svCM1: Sound Velocity, 2 [Chen-Millero, m/s]
# name 26 = gsw_ptA0: potential temperature [ITS-90, deg C]
# name 27 = gsw_densityA0: density, TEOS-10 [density, kg/m^3]
# name 28 = gsw_saA0: Absolute Salinity [g/kg]
# name 29 = flag:
# span 0 =       2386,      21947       
# span 1 = 312.819553, 312.828986       
# span 2 =  -62.27984,  -62.27635       
# span 3 =  -58.43902,  -58.43352       
# span 4 =     -1.155,      1.063       
# span 5 =       0.00,    1447.02       
# span 6 =      3.000,    191.000       
# span 7 =      2.981,    189.063       
# span 8 =    -0.6970,    -0.4884       
# span 9 =    -0.6967,    -0.4872       
# span 10 =    -0.0118,     0.0151      
# span 11 =    -0.6990,    -0.4885      
# span 12 =    -0.6986,    -0.4874      
# span 13 =    -0.0118,     0.0151      
# span 14 =   2.795068,   2.817251      
# span 15 =   2.795085,   2.817237      
# span 16 =  -0.001008,   0.001037      
# span 17 =    34.2936,    34.3577      
# span 18 =    34.2922,    34.3565      
# span 19 =     7.1256,     7.5316      
# span 20 =    27.5607,    27.6147      
# span 21 =    27.5589,    27.6136      
# span 22 =    34.2926,    34.3577      
# span 23 =    27.5599,    27.6146      
# span 24 =    1445.71,    1448.81      
# span 25 =    1445.72,    1448.81      
# span 26 =    -0.6989,    -0.4885      
# span 27 =  1027.5801,  1028.5300      
# span 28 =    34.4570,    34.5251      
# span 29 = 0.0000e+00, 0.0000e+00      
# interval = decibars: 1                
# start_time = Nov 08 2023 19:38:30 [NMEA time, header]
# bad_flag = -9.990e-29
*END*
       2386 312.819553  -62.27635  -58.43902      0.023       0.00      3.000      2.981    -0.4917    -0.4897     0.0020    -0.4918    -0.4898     0.0020   2.809237   2.809332   0.000085    34.2953    34.2941     7.4833    27.5611    27.5601    34.2950    27.5609    1445.97    1445.98    -0.4918  1027.5812    34.4624 0.0000e+00
       2784 312.819745  -62.27641  -58.43890      0.177       0.00      4.000      3.964    -0.4892    -0.4879     0.0013    -0.4893    -0.4880     0.0013   2.809521   2.809555   0.000031    34.2954    34.2944     7.4879    27.5611    27.5602    34.2954    27.5611    1446.00    1446.00    -0.4893  1027.5829    34.4585 0.0000e+00
       2929 312.819815  -62.27644  -58.43886      0.246       0.00      5.000      4.957    -0.4904    -0.4890     0.0013    -0.4905    -0.4892     0.0013   2.809468   2.809512   0.000048    34.2953    34.2944     7.4970    27.5611    27.5604    34.2954    27.5612    1446.01    1446.01    -0.4905  1027.5897    34.4610 0.0000e+00
       2996 312.819847  -62.27644  -58.43884      0.318       0.00      6.000      5.943    -0.4885    -0.4877     0.0008    -0.4886    -0.4879     0.0008   2.809687   2.809673  -0.000011    34.2955    34.2945     7.4955    27.5612    27.5603    34.2956    27.5612    1446.03    1446.04    -0.4887  1027.5919    34.4579 0.0000e+00
       3081 312.819888  -62.27647  -58.43881      0.315       0.00      7.000      6.930    -0.4889    -0.4878     0.0011    -0.4891    -0.4880     0.0011   2.809696   2.809711   0.000016    34.2955    34.2945     7.5079    27.5612    27.5603    34.2955    27.5612    1446.05    1446.05    -0.4891  1027.5984    34.4600 0.0000e+00
       3179 312.819935  -62.27648  -58.43878      0.223       0.00      8.000      7.927    -0.4919    -0.4906     0.0013    -0.4921    -0.4908     0.0013   2.809491   2.809516   0.000031    34.2958    34.2948     7.5213    27.5616    27.5607    34.2955    27.5614    1446.05    1446.06    -0.4921  1027.6024    34.4588 0.0000e+00
       3233 312.819961 -9.990e-29  -58.43877      0.467       0.00      9.000      8.912    -0.5160    -0.5147     0.0014    -0.5163    -0.5149     0.0014   2.807639   2.807550  -0.000096    34.2988    34.2960     7.5138    27.5651    27.5627    34.2973    27.5639    1445.96    1445.96    -0.5163  1027.6085    34.4591 0.0000e+00
       3301 312.819994  -62.27652  -58.43875      0.327 8.6282e-17     10.000      9.904    -0.5248    -0.5220     0.0028    -0.5251    -0.5223     0.0028   2.806821   2.806935   0.000127    34.2965    34.2950     7.5081    27.5636    27.5623    34.2956    27.5629    1445.93    1445.94    -0.5251  1027.6150    34.4608 0.0000e+00
       3364 312.820024  -62.27652  -58.43874      0.423       0.10     11.000     10.894    -0.5268    -0.5280    -0.0012    -0.5271    -0.5283    -0.0012   2.806639   2.806481  -0.000146    34.2958    34.2952     7.4977    27.5631    27.5627    34.2948    27.5624    1445.94    1445.93    -0.5271  1027.6195    34.4603 0.0000e+00
       3418 312.820051  -62.27654  -58.43871      0.428       0.00     12.000     11.884    -0.5203    -0.5225    -0.0022    -0.5207    -0.5228    -0.0022   2.807292   2.807070  -0.000217    34.2952    34.2947     7.4985    27.5624    27.5621    34.2956    27.5627    1445.98    1445.97    -0.5207  1027.6246    34.4611 0.0000e+00
       3483 312.820082  -62.27656  -58.43870      0.368       0.04     13.000     12.875    -0.5051    -0.5057    -0.0007    -0.5055    -0.5061    -0.0007   2.808636   2.808493  -0.000144    34.2951    34.2939     7.5016    27.5617    27.5607    34.2959    27.5622    1446.07    1446.07    -0.5055  1027.6286    34.4609 0.0000e+00
       3532 312.820106  -62.27656 -9.990e-29      0.498      -0.00     14.000     13.865    -0.4985    -0.4974     0.0011    -0.4989    -0.4978     0.0011   2.809222   2.809228 2.5008e-07    34.2954    34.2942     7.5126    27.5615    27.5605    34.2957    27.5618    1446.12    1446.12    -0.4989  1027.6329    34.4607 0.0000e+00
       3573 312.820126  -62.27656  -58.43866      0.578 2.5877e-28     15.000     14.856    -0.4997    -0.4990     0.0007    -0.5002    -0.4995     0.0007   2.809187   2.809157  -0.000030    34.2956    34.2944     7.5182    27.5617    27.5608    34.2960    27.5621    1446.13    1446.13    -0.5002  1027.6362    34.4588 0.0000e+00
       3614 312.820145 -9.990e-29  -58.43866      0.589       0.03     16.000     15.844    -0.4976    -0.4959     0.0018    -0.4981    -0.4963     0.0018   2.809399   2.809457   0.000049    34.2956    34.2942     7.5164    27.5617    27.5605    34.2959    27.5619    1446.15    1446.16    -0.4981  1027.6399    34.4576 0.0000e+00
       3662 312.820169  -62.27658  -58.43864      0.497       0.00     17.000     16.837    -0.4979    -0.4969     0.0010    -0.4984    -0.4974     0.0010   2.809427   2.809425  -0.000002    34.2955    34.2943     7.5205    27.5616    27.5606    34.2959    27.5619    1446.17    1446.17    -0.4984  1027.6460    34.4592 0.0000e+00
       3713 312.820193  -62.27660  -58.43863      0.472 3.4245e-24     18.000     17.826    -0.4962    -0.4952     0.0010    -0.4968    -0.4957     0.0010   2.809609   2.809606  -0.000013    34.2958    34.2945     7.5232    27.5618    27.5607    34.2958    27.5618    1446.19    1446.20    -0.4967  1027.6524    34.4612 0.0000e+00
       3752 312.820212  -62.27660  -58.43862      0.603      14.06     19.000     18.813    -0.4979    -0.4970     0.0009    -0.4985    -0.4975     0.0009   2.809528   2.809491  -0.000025    34.2959    34.2946     7.5258    27.5620    27.5608    34.2961    27.5621    1446.20    1446.20    -0.4985  1027.6573    34.4614 0.0000e+00
       3788 312.820229  -62.27661  -58.43860      0.662    1376.63     20.000     19.810    -0.4991    -0.4986     0.0005    -0.4997    -0.4992     0.0005   2.809470   2.809420  -0.000051    34.2958    34.2946     7.5169    27.5619    27.5609    34.2960    27.5621    1446.21    1446.21    -0.4997  1027.6621    34.4613 0.0000e+00
       3834 312.820251  -62.27662  -58.43859      0.517    1446.65     21.000     20.797    -0.4955    -0.4952     0.0003    -0.4961    -0.4959     0.0003   2.809810   2.809742  -0.000058    34.2954    34.2943     7.5239    27.5614    27.5605    34.2958    27.5618    1446.24    1446.25    -0.4961  1027.6666    34.4612 0.0000e+00
       3877 312.820272  -62.27662  -58.43858      0.558    1446.20     22.000     21.788    -0.4915    -0.4918    -0.0003    -0.4921    -0.4925    -0.0003   2.810198   2.810058  -0.000141    34.2959    34.2944     7.5233    27.5617    27.5605    34.2959    27.5617    1446.28    1446.28    -0.4921  1027.6713    34.4612 0.0000e+00
       3910 312.820288  -62.27663  -58.43857      0.696    1446.20     23.000     22.778    -0.4982    -0.4987    -0.0005    -0.4989    -0.4994    -0.0005   2.809673   2.809555  -0.000115    34.2959    34.2950     7.5272    27.5620    27.5612    34.2959    27.5619    1446.27    1446.26    -0.4989  1027.6763    34.4612 0.0000e+00
       3942 312.820303  -62.27664  -58.43856      0.758    1446.20     24.000     23.768    -0.4960    -0.4946     0.0014    -0.4967    -0.4953     0.0014   2.809903   2.809926   0.000010    34.2957    34.2943     7.5312    27.5617    27.5605    34.2958    27.5618    1446.29    1446.30    -0.4967  1027.6810    34.4612 0.0000e+00
       3973 312.820318  -62.27664  -58.43855      0.757    1446.20     25.000     24.759    -0.4982    -0.4963     0.0018    -0.4989    -0.4971     0.0018   2.809763   2.809836   0.000044    34.2961    34.2946     7.5316    27.5621    27.5608    34.2958    27.5619    1446.30    1446.30    -0.4989  1027.6859    34.4612 0.0000e+00
       4006 312.820334  -62.27664  -58.43854      0.734    1446.20     26.000     25.749    -0.5163    -0.5179    -0.0016    -0.5171    -0.5187    -0.0016   2.808293   2.808007  -0.000231    34.2977    34.2964     7.5286    27.5643    27.5633    34.2959    27.5628    1446.23    1446.22    -0.5171  1027.6916    34.4613 0.0000e+00
       4038 312.820350  -62.27666  -58.43854      0.737    1446.20     27.000     26.739    -0.5122    -0.5124    -0.0001    -0.5130    -0.5132    -0.0001   2.808437   2.808635   0.000054    34.2936    34.2945     7.5160    27.5608    27.5615    34.2926    27.5599    1446.26    1446.26    -0.5130  1027.6935    34.4580 0.0000e+00
       4067 312.820364  -62.27666  -58.43852      0.810    1446.20     28.000     27.729    -0.5656    -0.5505     0.0151    -0.5664    -0.5513     0.0151   2.804689   2.805521   0.000884    34.3049    34.2997     7.5312    27.5722    27.5674    34.3019    27.5698    1446.04    1446.10    -0.5664  1027.7067    34.4654 0.0000e+00
       4100 312.820379 -9.990e-29  -58.43852      0.772    1446.20     29.000     28.719    -0.5533    -0.5476     0.0057    -0.5542    -0.5485     0.0057   2.805276   2.805712   0.000443    34.2974    34.2969     7.5194    27.5657    27.5650    34.2953    27.5639    1446.10    1446.13    -0.5541  1027.7042    34.4570 0.0000e+00
       4138 312.820398 -9.990e-29  -58.43850      0.627    1446.20     30.000     29.710    -0.6025    -0.5957     0.0068    -0.6034    -0.5966     0.0068   2.801590   2.801894   0.000302    34.3063    34.3027     7.5246    27.5750    27.5718    34.3007    27.5705    1445.90    1445.92    -0.6034  1027.7156    34.4624 0.0000e+00
       4169 312.820413  -62.27668  -58.43849      0.725    1446.20     31.000     30.700    -0.6286    -0.6264     0.0022    -0.6295    -0.6273     0.0022   2.799529   2.799619   0.000085    34.3059    34.3046     7.5073    27.5758    27.5746    34.3019    27.5726    1445.79    1445.80    -0.6295  1027.7242    34.4658 0.0000e+00
       4195 312.820425  -62.27668  -58.43848      0.871    1446.20     32.000     31.690    -0.6350    -0.6352    -0.0002    -0.6360    -0.6361    -0.0002   2.799133   2.799009  -0.000103    34.3056    34.3044     7.4802    27.5759    27.5749    34.3032    27.5739    1445.78    1445.78    -0.6359  1027.7316    34.4687 0.0000e+00
       4220 312.820438  -62.27668  -58.43848      0.937    1446.20     33.000     32.680    -0.6417    -0.6372     0.0044    -0.6426    -0.6382     0.0044   2.798643   2.798887   0.000199    34.3075    34.3051     7.4427    27.5776    27.5756    34.3035    27.5744    1445.77    1445.79    -0.6426  1027.7370    34.4690 0.0000e+00
       4246 312.820450  -62.27669  -58.43847      0.940    1446.20     34.000     33.671    -0.6529    -0.6502     0.0026    -0.6538    -0.6512     0.0026   2.797976   2.798019   0.000081    34.3089    34.3070     7.4067    27.5793    27.5776    34.3066    27.5774    1445.74    1445.75    -0.6538  1027.7447    34.4721 0.0000e+00
       4277 312.820465  -62.27670  -58.43846      0.827    1446.20     35.000     34.661    -0.6506    -0.6492     0.0014    -0.6516    -0.6502     0.0014   2.798172   2.798230   0.000066    34.3082    34.3075     7.3757    27.5786    27.5780    34.3060    27.5769    1445.76    1445.77    -0.6516  1027.7465    34.4685 0.0000e+00
       4312 312.820482 -9.990e-29  -58.43845      0.688    1446.20     36.000     35.651    -0.6508    -0.6500     0.0008    -0.6518    -0.6510     0.0008   2.798216   2.798240   0.000029    34.3079    34.3074     7.3608    27.5784    27.5780    34.3062    27.5770    1445.78    1445.78    -0.6518  1027.7509    34.4679 0.0000e+00
       4342 312.820496 -9.990e-29  -58.43844      0.759    1446.20     37.000     36.642    -0.6540    -0.6529     0.0011    -0.6551    -0.6540     0.0011   2.797955   2.797998   0.000054    34.3082    34.3077     7.3517    27.5788    27.5784    34.3058    27.5768    1445.78    1445.78    -0.6551  1027.7555    34.4675 0.0000e+00
       4367 312.820509  -62.27672  -58.43843      0.892    1446.20     38.000     37.632    -0.6722    -0.6706     0.0016    -0.6733    -0.6717     0.0016   2.796655   2.796611  -0.000041    34.3105    34.3081     7.3518    27.5814    27.5794    34.3082    27.5796    1445.71    1445.72    -0.6733  1027.7647    34.4720 0.0000e+00
       4393 312.820521  -62.27672  -58.43842      0.938    1446.20     39.000     38.622    -0.6702    -0.6694     0.0008    -0.6713    -0.6706     0.0008   2.796726   2.796741   0.000008    34.3078    34.3071     7.3500    27.5791    27.5785    34.3062    27.5779    1445.74    1445.74    -0.6713  1027.7692    34.4718 0.0000e+00
       4422 312.820535  -62.27672  -58.43842      0.875    1446.20     40.000     39.612    -0.6704    -0.6690     0.0014    -0.6716    -0.6702     0.0014   2.796743   2.796777   0.000034    34.3076    34.3065     7.3551    27.5790    27.5780    34.3061    27.5778    1445.75    1445.76    -0.6715  1027.7739    34.4717 0.0000e+00
       4456 312.820551  -62.27672  -58.43840      0.731    1446.20     41.000     40.602    -0.6721    -0.6710     0.0011    -0.6733    -0.6722     0.0011   2.796627   2.796669   0.000044    34.3070    34.3063     7.3759    27.5785    27.5780    34.3058    27.5776    1445.76    1445.76    -0.6733  1027.7786    34.4715 0.0000e+00
       4491 312.820568  -62.27672  -58.43840      0.676    1446.20     42.000     41.592    -0.6743    -0.6742     0.0001    -0.6755    -0.6754     0.0001   2.796503   2.796451  -0.000044    34.3072    34.3065     7.3884    27.5788    27.5782    34.3060    27.5779    1445.77    1445.76    -0.6755  1027.7836    34.4717 0.0000e+00
       4521 312.820583  -62.27674  -58.43838      0.760    1446.20     43.000     42.582    -0.6767    -0.6762     0.0005    -0.6779    -0.6774     0.0005   2.796340   2.796361   0.000013    34.3069    34.3066     7.3888    27.5787    27.5784    34.3059    27.5778    1445.77    1445.77    -0.6779  1027.7884    34.4715 0.0000e+00
       4547 312.820595  -62.27674  -58.43838      0.883    1446.20     44.000     43.573    -0.6826    -0.6807     0.0020    -0.6839    -0.6820     0.0020   2.795951   2.796007   0.000054    34.3082    34.3067     7.3863    27.5800    27.5787    34.3068    27.5789    1445.76    1445.76    -0.6839  1027.7942    34.4725 0.0000e+00
       4569 312.820606  -62.27674  -58.43838      0.999    1446.20     45.000     44.563    -0.6886    -0.6876     0.0010    -0.6899    -0.6889     0.0010   2.795489   2.795486   0.000002    34.3082    34.3070     7.3872    27.5802    27.5793    34.3067    27.5790    1445.75    1445.75    -0.6899  1027.7992    34.4724 0.0000e+00
       4592 312.820617  -62.27674  -58.43836      1.063    1446.20     46.000     45.553    -0.6924    -0.6910     0.0014    -0.6938    -0.6923     0.0014   2.795230   2.795261   0.000033    34.3082    34.3070     7.3906    27.5804    27.5794    34.3069    27.5794    1445.75    1445.75    -0.6937  1027.8043    34.4726 0.0000e+00
       4616 312.820629  -62.27676  -58.43836      1.036    1446.20     47.000     46.543    -0.6954    -0.6945     0.0009    -0.6968    -0.6958     0.0009   2.795068   2.795085   0.000016    34.3085    34.3077     7.3947    27.5808    27.5801    34.3075    27.5799    1445.75    1445.75    -0.6967  1027.8097    34.4732 0.0000e+00
       4650 312.820645  -62.27676  -58.43835      0.783    1446.20     48.000     47.533    -0.6938    -0.6930     0.0009    -0.6952    -0.6943     0.0009   2.795283   2.795304   0.000021    34.3086    34.3079     7.4250    27.5808    27.5802    34.3079    27.5803    1445.77    1445.78    -0.6952  1027.8148    34.4737 0.0000e+00
       4688 312.820663  -62.27676  -58.43834      0.613    1446.20     49.000     48.524    -0.6924    -0.6918     0.0007    -0.6938    -0.6932     0.0007   2.795470   2.795482   0.000023    34.3086    34.3082     7.4344    27.5808    27.5804    34.3083    27.5805    1445.80    1445.80    -0.6938  1027.8198    34.4740 0.0000e+00
       4719 312.820678  -62.27678  -58.43832      0.733    1446.20     50.000     49.514    -0.6912    -0.6909     0.0003    -0.6926    -0.6923     0.0003   2.795694   2.795671  -0.000031    34.3096    34.3088     7.4216    27.5815    27.5809    34.3093    27.5812    1445.82    1445.82    -0.6926  1027.8254    34.4750 0.0000e+00
