Pos-Processados/process_op42/operantar42_052.ros
* Sea-Bird SBE 9 Data File:
* FileName = C:\Users\Hidrografia\Desktop\OPXLII\Brutos\OP42052.hdr
* Software Version Seasave V 7.26.7.107
* Temperature SN = 6502
* Conductivity SN = 4998
* Number of Bytes Per Scan = 37
* Number of Voltage Words = 4
* Number of Scans Averaged by the Deck Unit = 1
* NMEA Latitude = 62 08.45 S
* NMEA Longitude = 058 26.37 W
* NMEA UTC (Time) = Nov 10 2023 03:08:21
* NMEA baud rate = 4800
** H41
** NPOALTEMAXIMIANO
** NUMERO DA ESTACAO (XXX) 052
** LAT (XX XX.XX S/N) 62 08.443 S
** LONG (XXX XX.XX W/E) 058 26.408 W
** DATAHORA (dd/mm/aaaa hh:mm Z) 10/11/2023 0307Z
** PROFUNDIDADE (m) 424
** OPERADOR CT FABIREZA
# nquan = 24
# nvalues = 3908                                  
# units = specified
# name 0 = scan: Scan Count
# name 1 = timeJ: Julian Days
# name 2 = latitude: Latitude [deg]
# name 3 = longitude: Longitude [deg]
# name 4 = dz/dtM: Descent Rate [m/s]
# name 5 = avgsvCM: Average Sound Velocity [Chen-Millero, m/s]
# name 6 = prDM: Pressure, Digiquartz [db]
# name 7 = depSM: Depth [salt water, m]
# name 8 = t090C: Temperature [ITS-90, deg C]
# name 9 = t190C: Temperature, 2 [ITS-90, deg C]
# name 10 = T2-T190C: Temperature Difference, 2 - 1 [ITS-90, deg C]
# name 11 = potemp090C: Potential Temperature [ITS-90, deg C]
# name 12 = potemp190C: Potential Temperature, 2 [ITS-90, deg C]
# name 13 = potemp90Cdiff: Potential Temperature, Diff, 2 - 1 [ITS-90, deg C]
# name 14 = c0S/m: Conductivity [S/m]
# name 15 = c1S/m: Conductivity, 2 [S/m]
# name 16 = C2-C1S/m: Conductivity Difference, 2 - 1 [S/m]
# name 17 = sal00: Salinity, Practical [PSU]
# name 18 = sal11: Salinity, Practical, 2 [PSU]
# name 19 = sbeox0ML/L: Oxygen, SBE 43 [ml/l]
# name 20 = sigma-é00: Density [sigma-theta, kg/m^3]
# name 21 = sigma-é11: Density, 2 [sigma-theta, kg/m^3]
# name 22 = nbf: Bottles Fired
# name 23 = flag:  0.000e+00
# interval = seconds: 0.0416667
# start_time = Nov 10 2023 03:08:21 [NMEA time, header]
# bad_flag = -9.990e-29
*END*
[from data line 2053]
      28733 314.144655  -62.14566  -58.42722     -0.014    1448.28     57.012     56.457    -0.5780    -0.5775     0.0005    -0.5797    -0.5792     0.0005   2.803236   2.803112  -0.000125    34.2784    34.2762     7.6392    27.5514    27.5496         13  0.000e+00
      28734 314.144655  -62.14566  -58.42722     -0.014    1448.28     57.012     56.457    -0.5779    -0.5774     0.0005    -0.5796    -0.5791     0.0005   2.803173   2.803112  -0.000062    34.2775    34.2760     7.6454    27.5506    27.5495         13  0.000e+00
      28735 314.144656  -62.14566  -58.42722     -0.012    1448.28     57.012     56.457    -0.5779    -0.5775     0.0004    -0.5796    -0.5792     0.0004   2.803213   2.803112  -0.000102    34.2780    34.2761     7.6396    27.5511    27.5495         13  0.000e+00
      28736 314.144656  -62.14566  -58.42722     -0.006    1448.28     57.069     56.513    -0.5781    -0.5775     0.0006    -0.5798    -0.5792     0.0006   2.803173   2.803089  -0.000084    34.2776    34.2758     7.6448    27.5508    27.5493         13  0.000e+00
      28737 314.144657  -62.14566  -58.42722     -0.003    1448.28     57.069     56.513    -0.5780    -0.5777     0.0003    -0.5797    -0.5794     0.0003   2.803156   2.803106  -0.000050    34.2773    34.2763     7.6389    27.5505    27.5496         13  0.000e+00
      28738 314.144657  -62.14566  -58.42722     -0.001    1448.28     57.012     56.457    -0.5784    -0.5777     0.0007    -0.5801    -0.5794     0.0007   2.803173   2.803112  -0.000062    34.2780    34.2764     7.6385    27.5511    27.5497         13  0.000e+00
      28739 314.144658  -62.14566  -58.42722      0.002    1448.28     57.012     56.457    -0.5783    -0.5772     0.0010    -0.5800    -0.5789     0.0010   2.803139   2.803128  -0.000011    34.2774    34.2761     7.6445    27.5506    27.5495         13  0.000e+00
      28740 314.144658  -62.14566  -58.42722      0.001    1448.28     57.012     56.457    -0.5780    -0.5775     0.0005    -0.5797    -0.5792     0.0005   2.803145   2.803123  -0.000022    34.2772    34.2763     7.6386    27.5504    27.5497         13  0.000e+00
      28741 314.144659  -62.14566  -58.42722      0.004    1448.28     57.069     56.513    -0.5777    -0.5775     0.0002    -0.5795    -0.5792     0.0002   2.803173   2.803112  -0.000062    34.2772    34.2761     7.6381    27.5504    27.5495         13  0.000e+00
      28742 314.144659  -62.14566  -58.42722      0.010    1448.28     57.069     56.513    -0.5782    -0.5774     0.0008    -0.5799    -0.5791     0.0008   2.803162   2.803112  -0.000051    34.2776    34.2760     7.6377    27.5507    27.5494         13  0.000e+00
      28743 314.144660  -62.14566  -58.42722      0.009    1448.28     57.012     56.457    -0.5781    -0.5775     0.0006    -0.5798    -0.5792     0.0006   2.803191   2.803112  -0.000079    34.2779    34.2762     7.6360    27.5510    27.5496         13  0.000e+00
      28744 314.144660  -62.14566  -58.42722      0.015    1448.28     57.069     56.513    -0.5780    -0.5772     0.0009    -0.5797    -0.5789     0.0009   2.803225   2.803112  -0.000113    34.2782    34.2757     7.6355    27.5513    27.5492         13  0.000e+00
      28745 314.144660  -62.14566  -58.42722      0.015    1448.28     57.012     56.457    -0.5782    -0.5772     0.0010    -0.5799    -0.5789     0.0010   2.803173   2.803128  -0.000045    34.2778    34.2761     7.6350    27.5509    27.5495         13  0.000e+00
      28746 314.144661  -62.14566  -58.42722      0.017    1448.28     57.069     56.513    -0.5783    -0.5775     0.0007    -0.5800    -0.5792     0.0007   2.803156   2.803100  -0.000056    34.2776    34.2760     7.6346    27.5507    27.5494         13  0.000e+00
      28747 314.144661  -62.14566  -58.42722      0.016    1448.28     57.012     56.457    -0.5780    -0.5774     0.0006    -0.5797    -0.5791     0.0006   2.803156   2.803123  -0.000034    34.2774    34.2762     7.6404    27.5505    27.5496         13  0.000e+00
      28748 314.144662  -62.14568  -58.42722      0.019    1448.28     57.069     56.513    -0.5783    -0.5777     0.0006    -0.5800    -0.5794     0.0006   2.803134   2.803140   0.000006    34.2773    34.2767     7.6346    27.5505    27.5500         13  0.000e+00
      28749 314.144662  -62.14568  -58.42722      0.021    1448.28     57.069     56.513    -0.5780    -0.5774     0.0006    -0.5797    -0.5791     0.0006   2.803145   2.803100  -0.000045    34.2772    34.2759     7.6350    27.5504    27.5493         13  0.000e+00
      28750 314.144663  -62.14568  -58.42722      0.030    1448.28     57.133     56.577    -0.5780    -0.5772     0.0008    -0.5797    -0.5789     0.0008   2.803116   2.803083  -0.000033    34.2767    34.2754     7.6346    27.5500    27.5489         13  0.000e+00
      28751 314.144663  -62.14568  -58.42722      0.029    1448.28     57.012     56.457    -0.5781    -0.5772     0.0009    -0.5798    -0.5789     0.0009   2.803059   2.803123   0.000063    34.2761    34.2760     7.6415    27.5495    27.5494         13  0.000e+00
      28752 314.144664  -62.14568  -58.42722      0.031    1448.28     57.069     56.513    -0.5780    -0.5774     0.0006    -0.5797    -0.5791     0.0006   2.803128   2.803100  -0.000028    34.2769    34.2759     7.6367    27.5502    27.5493         13  0.000e+00
      28753 314.144664  -62.14568  -58.42722      0.029    1448.28     57.069     56.513    -0.5779    -0.5773     0.0006    -0.5796    -0.5790     0.0006   2.803054   2.803123   0.000069    34.2758    34.2760     7.6362    27.5493    27.5494         13  0.000e+00
      28754 314.144665  -62.14568  -58.42722      0.028    1448.28     57.012     56.457    -0.5779    -0.5774     0.0005    -0.5796    -0.5791     0.0005   2.803042   2.803140   0.000097    34.2757    34.2764     7.6357    27.5492    27.5498         13  0.000e+00
      28755 314.144665  -62.14568  -58.42722      0.033    1448.28     57.133     56.577    -0.5780    -0.5774     0.0006    -0.5797    -0.5791     0.0006   2.803088   2.803100   0.000012    34.2764    34.2758     7.6353    27.5497    27.5493         13  0.000e+00
      28756 314.144666  -62.14568  -58.42722      0.031    1448.28     57.012     56.457    -0.5781    -0.5772     0.0009    -0.5798    -0.5789     0.0009   2.803042   2.803106   0.000064    34.2759    34.2758     7.6348    27.5493    27.5492         14  0.000e+00
      28757 314.144666  -62.14568  -58.42722      0.036    1448.28     57.133     56.577    -0.5780    -0.5774     0.0006    -0.5797    -0.5791     0.0006   2.803082   2.803112   0.000029    34.2763    34.2760     7.6344    27.5497    27.5494         14  0.000e+00
      28758 314.144667  -62.14568  -58.42722      0.041    1448.28     57.069     56.513    -0.5781    -0.5774     0.0007    -0.5798    -0.5791     0.0007   2.803139   2.803112  -0.000028    34.2772    34.2760     7.6338    27.5504    27.5494         14  0.000e+00
      28759 314.144667  -62.14568  -58.42722      0.041    1448.28     57.069     56.513    -0.5779    -0.5772     0.0007    -0.5796    -0.5789     0.0007   2.803071   2.803112   0.000041    34.2760    34.2758     7.6334    27.5495    27.5493         14  0.000e+00
      28760 314.144668  -62.14568  -58.42722      0.042    1448.28     57.069     56.513    -0.5782    -0.5774     0.0008    -0.5799    -0.5791     0.0008   2.803048   2.803112   0.000064    34.2760    34.2760     7.6330    27.5495    27.5494         14  0.000e+00
      28761 314.144668  -62.14568  -58.42722      0.036    1448.28     57.069     56.513    -0.5781    -0.5774     0.0007    -0.5798    -0.5791     0.0007   2.803065   2.803112   0.000046    34.2762    34.2760     7.6335    27.5496    27.5494         14  0.000e+00
      28762 314.144669  -62.14568  -58.42722      0.042    1448.28     57.133     56.577    -0.5782    -0.5773     0.0009    -0.5799    -0.5790     0.0009   2.803071   2.803089   0.000018    34.2763    34.2755     7.6343    27.5497    27.5490         14  0.000e+00
      28763 314.144669  -62.14568  -58.42722      0.042    1448.28     57.069     56.513    -0.5779    -0.5772     0.0007    -0.5796    -0.5789     0.0007   2.803076   2.803100   0.000024    34.2761    34.2757     7.6348    27.5495    27.5491         14  0.000e+00
      28764 314.144670  -62.14568  -58.42722      0.042    1448.28     57.069     56.513    -0.5782    -0.5774     0.0008    -0.5799    -0.5791     0.0008   2.803054   2.803112   0.000058    34.2761    34.2760     7.6346    27.5496    27.5494         14  0.000e+00
      28765 314.144670  -62.14568  -58.42722      0.045    1448.28     57.133     56.577    -0.5782    -0.5774     0.0008    -0.5799    -0.5791     0.0008   2.803105   2.803134   0.000029    34.2768    34.2763     7.6353    27.5501    27.5496         14  0.000e+00
      28766 314.144671  -62.14568  -58.42722      0.048    1448.28     57.069     56.513    -0.5784    -0.5774     0.0010    -0.5801    -0.5791     0.0010   2.803088   2.803140   0.000052    34.2768    34.2764     7.6350    27.5501    27.5497         14  0.000e+00
      28767 314.144671  -62.14568  -58.42722      0.048    1448.28     57.133     56.577    -0.5780    -0.5774     0.0006    -0.5797    -0.5791     0.0006   2.803134   2.803123  -0.000011    34.2770    34.2761     7.6347    27.5502    27.5495         14  0.000e+00
      28768 314.144672  -62.14568  -58.42722      0.047    1448.28     57.069     56.513    -0.5781    -0.5774     0.0007    -0.5798    -0.5791     0.0007   2.803134   2.803134 4.5480e-07    34.2771    34.2763     7.6343    27.5503    27.5497         14  0.000e+00
      28769 314.144672  -62.14568  -58.42722      0.046    1448.28     57.069     56.513    -0.5779    -0.5777     0.0002    -0.5796    -0.5794     0.0002   2.803111   2.803140   0.000029    34.2766    34.2767     7.6340    27.5499    27.5500         14  0.000e+00
      28770 314.144673  -62.14568  -58.42722      0.048    1448.28     57.189     56.633    -0.5780    -0.5775     0.0006    -0.5797    -0.5792     0.0006   2.803179   2.803140  -0.000040    34.2776    34.2764     7.6338    27.5507    27.5497         14  0.000e+00
      28771 314.144673  -62.14568  -58.42722      0.050    1448.28     57.069     56.513    -0.5781    -0.5775     0.0006    -0.5798    -0.5792     0.0006   2.803168   2.803117  -0.000051    34.2775    34.2762     7.6334    27.5507    27.5496         14  0.000e+00
      28772 314.144674  -62.14568  -58.42720      0.052    1448.28     57.133     56.577    -0.5784    -0.5777     0.0007    -0.5801    -0.5794     0.0007   2.803191   2.803089  -0.000102    34.2781    34.2760     7.6332    27.5512    27.5494         14  0.000e+00
      28773 314.144674  -62.14568  -58.42720      0.050    1448.28     57.069     56.513    -0.5779    -0.5774     0.0005    -0.5796    -0.5791     0.0005   2.803208   2.803106  -0.000102    34.2779    34.2759     7.6327    27.5510    27.5494         14  0.000e+00
      28774 314.144674  -62.14568  -58.42720      0.052    1448.28     57.133     56.577    -0.5782    -0.5775     0.0007    -0.5799    -0.5792     0.0007   2.803168   2.803112  -0.000056    34.2776    34.2761     7.6326    27.5508    27.5495         14  0.000e+00
      28775 314.144675  -62.14568  -58.42720      0.049    1448.28     57.069     56.513    -0.5782    -0.5775     0.0007    -0.5799    -0.5792     0.0007   2.803173   2.803089  -0.000084    34.2777    34.2758     7.6333    27.5509    27.5493         14  0.000e+00
      28776 314.144675  -62.14568  -58.42720      0.050    1448.28     57.133     56.577    -0.5783    -0.5775     0.0007    -0.5800    -0.5792     0.0007   2.803185   2.803106  -0.000079    34.2779    34.2760     7.6331    27.5510    27.5494         14  0.000e+00
      28777 314.144676  -62.14568  -58.42720      0.054    1448.28     57.189     56.633    -0.5784    -0.5775     0.0008    -0.5801    -0.5792     0.0008   2.803139   2.803112  -0.000028    34.2774    34.2761     7.6340    27.5506    27.5495         14  0.000e+00
      28778 314.144676  -62.14568  -58.42720      0.055    1448.28     57.133     56.577    -0.5785    -0.5774     0.0011    -0.5803    -0.5791     0.0011   2.803145   2.803112  -0.000033    34.2777    34.2760     7.6338    27.5508    27.5494         14  0.000e+00
      28779 314.144677  -62.14568  -58.42720      0.051    1448.28     57.069     56.513    -0.5784    -0.5773     0.0011    -0.5801    -0.5790     0.0011   2.803156   2.803112  -0.000045    34.2777    34.2759     7.6334    27.5508    27.5493         14  0.000e+00
      28780 314.144677  -62.14568  -58.42720      0.047    1448.28     57.069     56.513    -0.5785    -0.5771     0.0014    -0.5803    -0.5788     0.0014   2.803156   2.803134  -0.000022    34.2779    34.2760     7.6332    27.5510    27.5494         14  0.000e+00
      28781 314.144678  -62.14568  -58.42720      0.050    1448.28     57.133     56.577    -0.5784    -0.5774     0.0010    -0.5801    -0.5791     0.0010   2.803191   2.803117  -0.000073    34.2781    34.2760     7.6330    27.5512    27.5495         14  0.000e+00
      28782 314.144678  -62.14568  -58.42720      0.053    1448.28     57.189     56.633    -0.5785    -0.5772     0.0013    -0.5803    -0.5789     0.0013   2.803225   2.803128  -0.000096    34.2787    34.2760     7.6329    27.5517    27.5494         14  0.000e+00
      28783 314.144679  -62.14568  -58.42720      0.053    1448.28     57.133     56.577    -0.5783    -0.5772     0.0010    -0.5800    -0.5789     0.0010   2.803196   2.803123  -0.000074    34.2781    34.2759     7.6337    27.5511    27.5493         14  0.000e+00
      28784 314.144679  -62.14568  -58.42720      0.052    1448.28     57.133     56.577    -0.5784    -0.5774     0.0010    -0.5801    -0.5791     0.0010   2.803139   2.803089  -0.000050    34.2774    34.2757     7.6400    27.5506    27.5491         14  0.000e+00
      28785 314.144680  -62.14568  -58.42720      0.054    1448.28     57.133     56.577    -0.5784    -0.5771     0.0013    -0.5801    -0.5788     0.0013   2.803145   2.803100  -0.000045    34.2775    34.2755     7.6355    27.5507    27.5490         14  0.000e+00
      28786 314.144680  -62.14568  -58.42720      0.056    1448.28     57.133     56.577    -0.5780    -0.5774     0.0006    -0.5797    -0.5791     0.0006   2.803134   2.803095  -0.000039    34.2770    34.2757     7.6288    27.5502    27.5492         14  0.000e+00
      28787 314.144681  -62.14568  -58.42720      0.054    1448.28     57.133     56.577    -0.5784    -0.5771     0.0013    -0.5801    -0.5788     0.0013   2.803128   2.803083  -0.000044    34.2773    34.2753     7.6277    27.5505    27.5488         14  0.000e+00
      28788 314.144681  -62.14568  -58.42720      0.048    1448.28     57.069     56.513    -0.5788    -0.5773     0.0015    -0.5805    -0.5790     0.0015   2.803088   2.803100   0.000012    34.2773    34.2757     7.6277    27.5505    27.5492         14  0.000e+00
      28789 314.144682  -62.14568  -58.42720      0.048    1448.28     57.165     56.609    -0.5785    -0.5774     0.0011    -0.5803    -0.5791     0.0011   2.803054   2.803128   0.000075    34.2765    34.2762     7.6267    27.5498    27.5496         14  0.000e+00
      28790 314.144682  -62.14568  -58.42720      0.052    1448.28     57.189     56.633    -0.5787    -0.5772     0.0015    -0.5804    -0.5789     0.0015   2.803105   2.803117   0.000012    34.2773    34.2758     7.6257    27.5505    27.5493         14  0.000e+00
      28791 314.144683  -62.14568  -58.42720      0.053    1448.28     57.133     56.577    -0.5787    -0.5772     0.0014    -0.5804    -0.5789     0.0014   2.803128   2.803089  -0.000039    34.2776    34.2755     7.6247    27.5508    27.5490         14  0.000e+00
      28792 314.144683  -62.14568  -58.42720      0.053    1448.28     57.189     56.633    -0.5788    -0.5774     0.0014    -0.5805    -0.5791     0.0014   2.803111   2.803106  -0.000005    34.2775    34.2759     7.6239    27.5507    27.5493         14  0.000e+00
