Pos-Processados/process_op42/operantar42_024.ros
* Sea-Bird SBE 9 Data File:
* FileName = C:\Users\Hidrografia\Desktop\OPXLII\Brutos\OP42024.hdr
* Software Version Seasave V 7.26.7.107
* Temperature SN = 6502
* Conductivity SN = 4998
* Number of Bytes Per Scan = 37
* Number of Voltage Words = 4
* Number of Scans Averaged by the Deck Unit = 1
* NMEA Latitude = 62 12.92 S
* NMEA Longitude = 058 19.80 W
* NMEA UTC (Time) = Nov 08 2023 11:02:46
* NMEA baud rate = 4800
** H41
** NPOALTEMAXIMIANO
** NUMERO DA ESTACAO (XXX) 024
** LAT (XX XX.XX S/N) 62 12.60 S
** LONG (XXX XX.XX W/E) 058 20.03 W
** DATAHORA (dd/mm/aaaa hh:mm Z) 08/11/2023 1056Z
** PROFUNDIDADE (m) 482
** OPERADOR CT FILIPE LOPES
# nquan = 24
# nvalues = 3767                                  
# units = specified
# name 0 = scan: Scan Count
# name 1 = timeJ: Julian Days
# name 2 = latitude: Latitude [deg]
# name 3 = longitude: Longitude [deg]
# name 4 = dz/dtM: Descent Rate [m/s]
# name 5 = avgsvCM: Average Sound Velocity [Chen-Millero, m/s]
# name 6 = prDM: Pressure, Digiquartz [db]
# name 7 = depSM: Depth [salt water, m]
# name 8 = t090C: Temperature [ITS-90, deg C]
# name 9 = t190C: Temperature, 2 [ITS-90, deg C]
# name 10 = T2-T190C: Temperature Difference, 2 - 1 [ITS-90, deg C]
# name 11 = potemp090C: Potential Temperature [ITS-90, deg C]
# name 12 = potemp190C: Potential Temperature, 2 [ITS-90, deg C]
# name 13 = potemp90Cdiff: Potential Temperature, Diff, 2 - 1 [ITS-90, deg C]
# name 14 = c0S/m: Conductivity [S/m]
# name 15 = c1S/m: Conductivity, 2 [S/m]
# name 16 = C2-C1S/m: Conductivity Difference, 2 - 1 [S/m]
# name 17 = sal00: Salinity, Practical [PSU]
# name 18 = sal11: Salinity, Practical, 2 [PSU]
# name 19 = sbeox0ML/L: Oxygen, SBE 43 [ml/l]
# name 20 = sigma-é00: Density [sigma-theta, kg/m^3]
# name 21 = sigma-é11: Density, 2 [sigma-theta, kg/m^3]
# name 22 = nbf: Bottles Fired
# name 23 = flag:  0.000e+00
# interval = seconds: 0.0416667
# start_time = Nov 08 2023 11:02:46 [NMEA time, header]
# bad_flag = -9.990e-29
*END*
[from data line 2234]
      34149 312.476723  -62.21064  -58.31756      0.267    1448.57      3.529      3.495    -0.5991    -0.5978     0.0012    -0.5992    -0.5979     0.0012   2.800358   2.800332  -0.000026    34.2967    34.2949     7.5164    27.5670    27.5656         14  0.000e+00
      34150 312.476723  -62.21064  -58.31756      0.260    1448.57      3.650      3.615    -0.5990    -0.5978     0.0011    -0.5991    -0.5979     0.0011   2.800392   2.800315  -0.000077    34.2969    34.2946     7.5164    27.5672    27.5653         14  0.000e+00
      34151 312.476724  -62.21064  -58.31756      0.251    1448.57      3.586      3.551    -0.5990    -0.5982     0.0008    -0.5991    -0.5983     0.0008   2.800392   2.800315  -0.000077    34.2970    34.2951     7.5163    27.5673    27.5657         14  0.000e+00
      34152 312.476724  -62.21064  -58.31756      0.241    1448.57      3.586      3.551    -0.5988    -0.5982     0.0006    -0.5989    -0.5983     0.0006   2.800364   2.800321  -0.000043    34.2964    34.2951     7.5162    27.5668    27.5657         14  0.000e+00
      34153 312.476725  -62.21064  -58.31756      0.233    1448.57      3.578      3.543    -0.5988    -0.5978     0.0010    -0.5989    -0.5979     0.0010   2.800358   2.800298  -0.000060    34.2963    34.2944     7.5161    27.5667    27.5652         14  0.000e+00
      34154 312.476725  -62.21064  -58.31756      0.221    1448.57      3.586      3.551    -0.5988    -0.5978     0.0010    -0.5989    -0.5979     0.0010   2.800295   2.800326   0.000031    34.2955    34.2948     7.5161    27.5660    27.5655         14  0.000e+00
      34155 312.476726  -62.21064  -58.31756      0.208    1448.57      3.529      3.495    -0.5986    -0.5978     0.0008    -0.5987    -0.5979     0.0008   2.800256   2.800304   0.000048    34.2948    34.2945     7.5159    27.5655    27.5652         14  0.000e+00
      34156 312.476726  -62.21064  -58.31756      0.198    1448.57      3.586      3.551    -0.5991    -0.5978     0.0013    -0.5992    -0.5979     0.0013   2.800250   2.800293   0.000043    34.2953    34.2944     7.5160    27.5659    27.5651         14  0.000e+00
      34157 312.476726  -62.21064  -58.31756      0.187    1448.57      3.586      3.551    -0.5988    -0.5979     0.0009    -0.5989    -0.5980     0.0009   2.800233   2.800310   0.000077    34.2946    34.2947     7.5158    27.5654    27.5653         14  0.000e+00
      34158 312.476727  -62.21064  -58.31756      0.178    1448.57      3.586      3.551    -0.5988    -0.5982     0.0006    -0.5989    -0.5983     0.0006   2.800284   2.800310   0.000026    34.2953    34.2950     7.5157    27.5659    27.5656         14  0.000e+00
      34159 312.476727  -62.21064  -58.31756      0.165    1448.57      3.529      3.495    -0.5988    -0.5985     0.0003    -0.5989    -0.5986     0.0003   2.800364   2.800315  -0.000049    34.2964    34.2954     7.5155    27.5668    27.5660         14  0.000e+00
      34160 312.476728  -62.21064  -58.31756      0.147    1448.57      3.529      3.495    -0.5988    -0.5983     0.0005    -0.5989    -0.5984     0.0005   2.800421   2.800281  -0.000139    34.2972    34.2948     7.5154    27.5674    27.5655         14  0.000e+00
      34161 312.476728  -62.21064  -58.31756      0.140    1448.57      3.586      3.551    -0.5991    -0.5986     0.0005    -0.5992    -0.5987     0.0005   2.800415   2.800248  -0.000167    34.2974    34.2946     7.5165    27.5676    27.5653         14  0.000e+00
      34162 312.476729  -62.21064  -58.31756      0.128    1448.57      3.529      3.495    -0.5987    -0.5985     0.0002    -0.5988    -0.5986     0.0002   2.800427   2.800270  -0.000156    34.2972    34.2948     7.5174    27.5674    27.5655         14  0.000e+00
      34163 312.476729  -62.21064  -58.31756      0.116    1448.57      3.529      3.495    -0.5986    -0.5983     0.0003    -0.5987    -0.5984     0.0003   2.800398   2.800270  -0.000128    34.2967    34.2946     7.5174    27.5670    27.5653         14  0.000e+00
      34164 312.476730  -62.21064  -58.31756      0.106    1448.57      3.513      3.479    -0.5991    -0.5982     0.0009    -0.5992    -0.5983     0.0009   2.800324   2.800287  -0.000037    34.2962    34.2947     7.5175    27.5667    27.5654         14  0.000e+00
      34165 312.476730  -62.21064  -58.31756      0.093    1448.57      3.529      3.495    -0.5988    -0.5983     0.0005    -0.5989    -0.5984     0.0005   2.800244   2.800293   0.000049    34.2948    34.2949     7.5175    27.5655    27.5656         14  0.000e+00
      34166 312.476731  -62.21064  -58.31756      0.077    1448.57      3.473      3.440    -0.5984    -0.5978     0.0006    -0.5985    -0.5979     0.0006   2.800261   2.800326   0.000065    34.2947    34.2949     7.5174    27.5654    27.5655         14  0.000e+00
      34167 312.476731  -62.21064  -58.31756      0.070    1448.57      3.529      3.495    -0.5988    -0.5978     0.0010    -0.5989    -0.5979     0.0010   2.800278   2.800287   0.000009    34.2953    34.2943     7.5175    27.5659    27.5651         14  0.000e+00
      34168 312.476732  -62.21064  -58.31756      0.056    1448.57      3.473      3.440    -0.5986    -0.5980     0.0006    -0.5987    -0.5981     0.0006   2.800358   2.800304  -0.000054    34.2962    34.2948     7.5174    27.5666    27.5654         14  0.000e+00
      34169 312.476732  -62.21064  -58.31756      0.048    1448.57      3.529      3.495    -0.5987    -0.5980     0.0007    -0.5988    -0.5981     0.0007   2.800364   2.800298  -0.000066    34.2963    34.2947     7.5174    27.5667    27.5654         14  0.000e+00
      34170 312.476733  -62.21064  -58.31756      0.029    1448.57      3.409      3.376    -0.5988    -0.5980     0.0008    -0.5989    -0.5981     0.0008   2.800375   2.800304  -0.000071    34.2967    34.2948     7.5173    27.5670    27.5655         14  0.000e+00
      34171 312.476733  -62.21064  -58.31756      0.024    1448.57      3.529      3.495    -0.5985    -0.5980     0.0005    -0.5986    -0.5981     0.0005   2.800404   2.800315  -0.000089    34.2967    34.2949     7.5174    27.5670    27.5655         14  0.000e+00
      34172 312.476734  -62.21064  -58.31756      0.013    1448.57      3.473      3.440    -0.5988    -0.5982     0.0006    -0.5989    -0.5983     0.0006   2.800370   2.800321  -0.000049    34.2966    34.2952     7.5174    27.5669    27.5658         14  0.000e+00
      34173 312.476734  -62.21064  -58.31756      0.001    1448.57      3.473      3.440    -0.5987    -0.5982     0.0005    -0.5988    -0.5983     0.0005   2.800318   2.800321   0.000003    34.2957    34.2952     7.5174    27.5662    27.5658         14  0.000e+00
      34174 312.476735  -62.21064  -58.31756     -0.012    1448.57      3.457      3.424    -0.5990    -0.5978     0.0011    -0.5991    -0.5979     0.0011   2.800261   2.800310   0.000048    34.2953    34.2947     7.5175    27.5659    27.5653         14  0.000e+00
      34175 312.476735  -62.21064  -58.31756     -0.020    1448.57      3.473      3.440    -0.5991    -0.5979     0.0012    -0.5992    -0.5980     0.0012   2.800210   2.800338   0.000128    34.2948    34.2951     7.5175    27.5655    27.5657         14  0.000e+00
      34176 312.476736  -62.21064  -58.31756     -0.028    1448.57      3.473      3.440    -0.5992    -0.5980     0.0012    -0.5993    -0.5981     0.0012   2.800244   2.800304   0.000060    34.2954    34.2948     7.5175    27.5660    27.5654         14  0.000e+00
      34177 312.476736  -62.21064  -58.31756     -0.039    1448.57      3.409      3.376    -0.5994    -0.5980     0.0014    -0.5995    -0.5981     0.0014   2.800233   2.800310   0.000077    34.2955    34.2949     7.5175    27.5661    27.5655         14  0.000e+00
      34178 312.476737  -62.21064  -58.31756     -0.047    1448.57      3.473      3.440    -0.5990    -0.5982     0.0008    -0.5991    -0.5983     0.0008   2.800347   2.800287  -0.000060    34.2964    34.2948     7.5174    27.5668    27.5654         14  0.000e+00
      34179 312.476737  -62.21064  -58.31756     -0.055    1448.57      3.473      3.440    -0.5992    -0.5980     0.0012    -0.5993    -0.5981     0.0012   2.800364   2.800310  -0.000054    34.2970    34.2949     7.5175    27.5673    27.5655         14  0.000e+00
      34180 312.476738  -62.21064  -58.31756     -0.063    1448.57      3.409      3.376    -0.5991    -0.5980     0.0011    -0.5992    -0.5981     0.0011   2.800392   2.800298  -0.000094    34.2973    34.2947     7.5173    27.5675    27.5654         14  0.000e+00
      34181 312.476738  -62.21064  -58.31756     -0.068    1448.57      3.473      3.440    -0.5994    -0.5980     0.0014    -0.5995    -0.5981     0.0014   2.800347   2.800293  -0.000054    34.2970    34.2946     7.5175    27.5673    27.5653         14  0.000e+00
      34182 312.476739  -62.21064  -58.31756     -0.072    1448.57      3.473      3.440    -0.5991    -0.5982     0.0009    -0.5992    -0.5983     0.0009   2.800347   2.800326  -0.000020    34.2966    34.2953     7.5174    27.5670    27.5659         14  0.000e+00
      34183 312.476739  -62.21064  -58.31756     -0.076    1448.57      3.473      3.440    -0.5991    -0.5980     0.0011    -0.5992    -0.5981     0.0011   2.800318   2.800343   0.000025    34.2962    34.2953     7.5175    27.5666    27.5659         14  0.000e+00
      34184 312.476739  -62.21064  -58.31756     -0.084    1448.57      3.409      3.376    -0.5993    -0.5980     0.0013    -0.5994    -0.5981     0.0013   2.800284   2.800304   0.000020    34.2960    34.2948     7.5175    27.5665    27.5655         14  0.000e+00
      34185 312.476740  -62.21064  -58.31756     -0.088    1448.57      3.457      3.424    -0.5994    -0.5980     0.0014    -0.5995    -0.5981     0.0014   2.800278   2.800310   0.000031    34.2960    34.2949     7.5175    27.5665    27.5655         14  0.000e+00
      34186 312.476740  -62.21064  -58.31756     -0.088    1448.57      3.473      3.440    -0.5990    -0.5982     0.0008    -0.5991    -0.5983     0.0008   2.800324   2.800310  -0.000014    34.2961    34.2951     7.5174    27.5666    27.5657         14  0.000e+00
      34187 312.476741  -62.21064  -58.31756     -0.091    1448.57      3.409      3.376    -0.5992    -0.5980     0.0012    -0.5993    -0.5981     0.0012   2.800273   2.800315   0.000043    34.2958    34.2950     7.5175    27.5663    27.5656         14  0.000e+00
      34188 312.476741  -62.21064  -58.31756     -0.090    1448.57      3.473      3.440    -0.5990    -0.5980     0.0009    -0.5991    -0.5981     0.0009   2.800352   2.800338  -0.000015    34.2965    34.2952     7.5174    27.5669    27.5658         14  0.000e+00
      34189 312.476742  -62.21064  -58.31756     -0.093    1448.57      3.473      3.440    -0.5990    -0.5982     0.0008    -0.5991    -0.5983     0.0008   2.800387   2.800349  -0.000038    34.2970    34.2956     7.5174    27.5673    27.5661         14  0.000e+00
      34190 312.476742  -62.21064  -58.31756     -0.091    1448.57      3.473      3.440    -0.5991    -0.5980     0.0011    -0.5992    -0.5981     0.0011   2.800404   2.800315  -0.000089    34.2974    34.2949     7.5174    27.5676    27.5656         14  0.000e+00
      34191 312.476743  -62.21064  -58.31756     -0.093    1448.57      3.409      3.376    -0.5986    -0.5980     0.0006    -0.5987    -0.5981     0.0006   2.800449   2.800338  -0.000112    34.2975    34.2953     7.5172    27.5677    27.5658         14  0.000e+00
      34192 312.476743  -62.21064  -58.31756     -0.092    1448.57      3.473      3.440    -0.5988    -0.5978     0.0010    -0.5989    -0.5979     0.0010   2.800404   2.800326  -0.000077    34.2970    34.2949     7.5173    27.5673    27.5655         14  0.000e+00
      34193 312.476744  -62.21064  -58.31756     -0.093    1448.57      3.409      3.376    -0.5988    -0.5978     0.0010    -0.5989    -0.5979     0.0010   2.800364   2.800321  -0.000043    34.2965    34.2948     7.5173    27.5669    27.5654         14  0.000e+00
      34194 312.476744  -62.21064  -58.31756     -0.091    1448.57      3.473      3.440    -0.5986    -0.5980     0.0006    -0.5987    -0.5981     0.0006   2.800318   2.800332   0.000014    34.2957    34.2952     7.5174    27.5662    27.5658         14  0.000e+00
      34195 312.476745  -62.21064  -58.31756     -0.081    1448.57      3.513      3.479    -0.5987    -0.5978     0.0008    -0.5988    -0.5979     0.0008   2.800244   2.800321   0.000077    34.2947    34.2948     7.5175    27.5654    27.5654         14  0.000e+00
      34196 312.476745  -62.21064  -58.31756     -0.082    1448.57      3.409      3.376    -0.5986    -0.5982     0.0004    -0.5987    -0.5983     0.0004   2.800290   2.800321   0.000031    34.2953    34.2953     7.5173    27.5659    27.5658         14  0.000e+00
      34197 312.476746  -62.21064  -58.31756     -0.078    1448.57      3.473      3.440    -0.5987    -0.5978     0.0008    -0.5988    -0.5979     0.0008   2.800307   2.800298  -0.000009    34.2956    34.2945     7.5174    27.5661    27.5652         14  0.000e+00
      34198 312.476746  -62.21064  -58.31756     -0.074    1448.57      3.529      3.495    -0.5986    -0.5982     0.0004    -0.5987    -0.5983     0.0004   2.800341   2.800343   0.000002    34.2959    34.2955     7.5174    27.5664    27.5660         14  0.000e+00
      34199 312.476747  -62.21064  -58.31756     -0.066    1448.57      3.473      3.440    -0.5985    -0.5978     0.0007    -0.5986    -0.5979     0.0007   2.800438   2.800349  -0.000089    34.2972    34.2952     7.5173    27.5674    27.5658         14  0.000e+00
      34200 312.476747  -62.21064  -58.31756     -0.062    1448.57      3.473      3.440    -0.5986    -0.5980     0.0006    -0.5987    -0.5981     0.0006   2.800444   2.800287  -0.000157    34.2974    34.2946     7.5173    27.5676    27.5653         14  0.000e+00
      34201 312.476748  -62.21064  -58.31756     -0.054    1448.57      3.529      3.495    -0.5985    -0.5980     0.0005    -0.5986    -0.5981     0.0005   2.800438   2.800326  -0.000112    34.2971    34.2951     7.5173    27.5674    27.5657         14  0.000e+00
      34202 312.476748  -62.21064  -58.31756     -0.049    1448.57      3.473      3.440    -0.5984    -0.5982     0.0003    -0.5985    -0.5983     0.0003   2.800415   2.800315  -0.000100    34.2968    34.2951     7.5173    27.5671    27.5657         14  0.000e+00
      34203 312.476749  -62.21064  -58.31756     -0.041    1448.57      3.529      3.495    -0.5983    -0.5982     0.0001    -0.5984    -0.5983     0.0001   2.800392   2.800338  -0.000055    34.2963    34.2954     7.5173    27.5667    27.5660         14  0.000e+00
      34204 312.476749  -62.21064  -58.31756     -0.036    1448.57      3.529      3.495    -0.5986    -0.5980     0.0006    -0.5987    -0.5981     0.0006   2.800324   2.800349   0.000025    34.2957    34.2954     7.5174    27.5662    27.5659         14  0.000e+00
      34205 312.476750  -62.21064  -58.31756     -0.024    1448.57      3.578      3.543    -0.5983    -0.5980     0.0003    -0.5984    -0.5981     0.0003   2.800324   2.800349   0.000025    34.2954    34.2953     7.5174    27.5659    27.5659         14  0.000e+00
      34206 312.476750  -62.21064  -58.31756     -0.019    1448.57      3.473      3.440    -0.5985    -0.5978     0.0007    -0.5986    -0.5979     0.0007   2.800335   2.800338   0.000002    34.2958    34.2950     7.5237    27.5663    27.5656         14  0.000e+00
      34207 312.476751  -62.21064  -58.31756     -0.010    1448.57      3.529      3.495    -0.5983    -0.5978     0.0005    -0.5984    -0.5979     0.0005   2.800330   2.800304  -0.000026    34.2955    34.2945     7.5184    27.5660    27.5652         14  0.000e+00
      34208 312.476751  -62.21064  -58.31756     -0.004    1448.57      3.529      3.495    -0.5983    -0.5978     0.0005    -0.5984    -0.5979     0.0005   2.800410   2.800349  -0.000061    34.2965    34.2952     7.5183    27.5669    27.5657         14  0.000e+00
