Pos-Processados/process_op42/operantar42_005.ros
* Sea-Bird SBE 9 Data File:
* FileName = C:\Users\Hidrografia\Desktop\OPXLII\Brutos\OP42005.hdr
* Software Version Seasave V 7.26.7.107
* Temperature SN = 6502
* Conductivity SN = 4998
* Number of Bytes Per Scan = 31
* Number of Voltage Words = 2
* Number of Scans Averaged by the Deck Unit = 1
* NMEA Latitude = 39 18.87 S
* NMEA Longitude = 053 09.31 W
* NMEA UTC (Time) = Oct 17 2023 00:39:31
* NMEA baud rate = 4800
** H41
** NPOALTEMAXIMIANO
** NUMERO DA ESTACAO (XXX) 005
** LAT (XX XX.XX S/N) 39 19.919 S
** LONG (XXX XX.XX W/E) 053 09.46 W
** DATAHORA (dd/mm/aaaa hh:mm Z) 17/10/2023 0025Z
** PROFUNDIDADE (m) 4727
** OPERADOR ZAMITH
# nquan = 24
# nvalues = 4130                                  
# units = specified
# name 0 = scan: Scan Count
# name 1 = timeJ: Julian Days
# name 2 = latitude: Latitude [deg]
# name 3 = longitude: Longitude [deg]
# name 4 = dz/dtM: Descent Rate [m/s]
# name 5 = avgsvCM: Average Sound Velocity [Chen-Millero, m/s]
# name 6 = prDM: Pressure, Digiquartz [db]
# name 7 = depSM: Depth [salt water, m]
# name 8 = t090C: Temperature [ITS-90, deg C]
# name 9 = t190C: Temperature, 2 [ITS-90, deg C]
# name 10 = T2-T190C: Temperature Difference, 2 - 1 [ITS-90, deg C]
# name 11 = potemp090C: Potential Temperature [ITS-90, deg C]
# name 12 = potemp190C: Potential Temperature, 2 [ITS-90, deg C]
# name 13 = potemp90Cdiff: Potential Temperature, Diff, 2 - 1 [ITS-90, deg C]
# name 14 = c0S/m: Conductivity [S/m]
# name 15 = c1S/m: Conductivity, 2 [S/m]
# name 16 = C2-C1S/m: Conductivity Difference, 2 - 1 [S/m]
# name 17 = sal00: Salinity, Practical [PSU]
# name 18 = sal11: Salinity, Practical, 2 [PSU]
# name 19 = sbeox0ML/L: Oxygen, SBE 43 [ml/l]
# name 20 = sigma-é00: Density [sigma-theta, kg/m^3]
# name 21 = sigma-é11: Density, 2 [sigma-theta, kg/m^3]
# name 22 = nbf: Bottles Fired
# name 23 = flag:  0.000e+00
# interval = seconds: 0.0416667
# start_time = Oct 17 2023 00:39:31 [NMEA time, header]
# bad_flag = -9.990e-29
*END*
[from data line 1933]
      63249 290.057944  -39.31114  -53.14794     -0.208    1471.91     41.334     41.015     8.4444     8.4431    -0.0013     8.4401     8.4389    -0.0013   3.576707   3.576488  -0.000219    34.0681    34.0670     6.7456    26.4756    26.4750         12  0.000e+00
      63250 290.057944  -39.31114  -53.14794     -0.211    1471.91     41.310     40.992     8.4444     8.4429    -0.0015     8.4402     8.4386    -0.0015   3.576726   3.576420  -0.000306    34.0683    34.0665     6.7453    26.4758    26.4746         12  0.000e+00
      63251 290.057945  -39.31114  -53.14794     -0.214    1471.91     41.310     40.992     8.4445     8.4426    -0.0019     8.4403     8.4383    -0.0019   3.576714   3.576414  -0.000299    34.0680    34.0667     6.7451    26.4756    26.4749         12  0.000e+00
      63252 290.057945  -39.31114  -53.14794     -0.218    1471.91     41.374     41.056     8.4449     8.4424    -0.0025     8.4406     8.4382    -0.0025   3.576682   3.576346  -0.000336    34.0673    34.0661     6.7449    26.4750    26.4744         12  0.000e+00
      63253 290.057946  -39.31114  -53.14794     -0.217    1471.91     41.310     40.992     8.4449     8.4422    -0.0026     8.4406     8.4380    -0.0026   3.576720   3.576309  -0.000411    34.0677    34.0659     6.7492    26.4753    26.4743         12  0.000e+00
      63254 290.057946  -39.31114  -53.14794     -0.221    1471.91     41.269     40.952     8.4449     8.4422    -0.0026     8.4407     8.4380    -0.0026   3.576714   3.576297  -0.000417    34.0677    34.0658     6.7447    26.4753    26.4742         12  0.000e+00
      63255 290.057947  -39.31114  -53.14794     -0.226    1471.91     41.310     40.992     8.4451     8.4420    -0.0031     8.4409     8.4378    -0.0031   3.576726   3.576297  -0.000429    34.0676    34.0660     6.7443    26.4751    26.4744         12  0.000e+00
      63256 290.057947  -39.31114  -53.14794     -0.224    1471.91     41.310     40.992     8.4450     8.4419    -0.0031     8.4408     8.4377    -0.0031   3.576714   3.576279  -0.000435    34.0675    34.0659     6.7487    26.4751    26.4744         12  0.000e+00
      63257 290.057948  -39.31114  -53.14794     -0.227    1471.91     41.253     40.936     8.4452     8.4415    -0.0037     8.4409     8.4373    -0.0037   3.576757   3.576291  -0.000467    34.0679    34.0665     6.7487    26.4754    26.4749         12  0.000e+00
      63258 290.057948  -39.31114  -53.14794     -0.228    1471.91     41.253     40.936     8.4453     8.4419    -0.0034     8.4410     8.4377    -0.0034   3.576745   3.576340  -0.000405    34.0676    34.0666     6.7488    26.4752    26.4749         12  0.000e+00
      63259 290.057948  -39.31114  -53.14794     -0.230    1471.91     41.270     40.952     8.4454     8.4422    -0.0031     8.4411     8.4380    -0.0031   3.576714   3.576316  -0.000398    34.0672    34.0660     6.7441    26.4748    26.4743         12  0.000e+00
      63260 290.057949  -39.31114  -53.14794     -0.229    1471.91     41.253     40.936     8.4452     8.4426    -0.0026     8.4409     8.4383    -0.0026   3.576682   3.576340  -0.000342    34.0671    34.0660     6.7483    26.4747    26.4743         12  0.000e+00
      63261 290.057949  -39.31114  -53.14794     -0.229    1471.91     41.310     40.992     8.4449     8.4426    -0.0023     8.4406     8.4383    -0.0023   3.576626   3.576359  -0.000267    34.0667    34.0661     6.7484    26.4745    26.4744         12  0.000e+00
      63262 290.057950  -39.31114  -53.14794     -0.230    1471.91     41.197     40.880     8.4450     8.4427    -0.0023     8.4408     8.4385    -0.0023   3.576563   3.576390  -0.000174    34.0660    34.0664     6.7482    26.4740    26.4746         12  0.000e+00
      63263 290.057950  -39.31114  -53.14794     -0.229    1471.91     41.254     40.936     8.4449     8.4420    -0.0028     8.4407     8.4378    -0.0028   3.576570   3.576365  -0.000205    34.0662    34.0667     6.7481    26.4741    26.4750         12  0.000e+00
      63264 290.057951  -39.31114  -53.14794     -0.229    1471.91     41.213     40.896     8.4449     8.4416    -0.0033     8.4407     8.4374    -0.0033   3.576626   3.576309  -0.000317    34.0668    34.0666     6.7431    26.4746    26.4749         12  0.000e+00
      63265 290.057951  -39.31114  -53.14794     -0.226    1471.91     41.254     40.936     8.4448     8.4408    -0.0040     8.4406     8.4366    -0.0040   3.576595   3.576254  -0.000341    34.0665    34.0667     6.7425    26.4743    26.4751         12  0.000e+00
      63266 290.057952  -39.31114  -53.14794     -0.222    1471.91     41.254     40.936     8.4452     8.4409    -0.0042     8.4409     8.4367    -0.0042   3.576601   3.576229  -0.000372    34.0662    34.0664     6.7417    26.4741    26.4749         12  0.000e+00
      63267 290.057952  -39.31114  -53.14794     -0.219    1471.91     41.254     40.936     8.4450     8.4411    -0.0039     8.4408     8.4369    -0.0039   3.576614   3.576205  -0.000409    34.0665    34.0660     6.7409    26.4743    26.4745         12  0.000e+00
      63268 290.057953  -39.31114  -53.14794     -0.221    1471.91     41.197     40.880     8.4450     8.4408    -0.0043     8.4408     8.4366    -0.0043   3.576632   3.576180  -0.000452    34.0667    34.0660     6.7401    26.4745    26.4746         12  0.000e+00
      63269 290.057953  -39.31114  -53.14794     -0.216    1471.91     41.213     40.896     8.4451     8.4408    -0.0044     8.4409     8.4366    -0.0044   3.576620   3.576167  -0.000452    34.0665    34.0659     6.7445    26.4743    26.4745         12  0.000e+00
      63270 290.057954  -39.31114  -53.14794     -0.215    1471.91     41.197     40.880     8.4452     8.4405    -0.0047     8.4410     8.4362    -0.0047   3.576657   3.576143  -0.000515    34.0668    34.0659     6.7448    26.4746    26.4746         12  0.000e+00
      63271 290.057954  -39.31114  -53.14794     -0.210    1471.91     41.254     40.936     8.4452     8.4406    -0.0046     8.4409     8.4364    -0.0046   3.576651   3.576118  -0.000533    34.0667    34.0655     6.7403    26.4745    26.4742         12  0.000e+00
      63272 290.057955  -39.31114  -53.14794     -0.209    1471.91     41.133     40.816     8.4453     8.4407    -0.0046     8.4411     8.4365    -0.0046   3.576714   3.576130  -0.000583    34.0674    34.0656     6.7398    26.4750    26.4743         12  0.000e+00
      63273 290.057955  -39.31114  -53.14794     -0.202    1471.91     41.254     40.936     8.4452     8.4406    -0.0046     8.4409     8.4364    -0.0046   3.576689   3.576112  -0.000577    34.0671    34.0654     6.7444    26.4748    26.4742         12  0.000e+00
      63274 290.057956  -39.31114  -53.14794     -0.200    1471.91     41.214     40.896     8.4452     8.4405    -0.0047     8.4410     8.4362    -0.0047   3.576695   3.576106  -0.000589    34.0672    34.0655     6.7446    26.4749    26.4743         12  0.000e+00
      63275 290.057956  -39.31114  -53.14794     -0.194    1471.91     41.198     40.880     8.4452     8.4406    -0.0046     8.4410     8.4364    -0.0046   3.576707   3.576106  -0.000602    34.0674    34.0654     6.7447    26.4750    26.4741         12  0.000e+00
      63276 290.057957  -39.31114  -53.14794     -0.187    1471.91     41.198     40.880     8.4455     8.4401    -0.0054     8.4413     8.4359    -0.0054   3.576657   3.576124  -0.000533    34.0665    34.0661     6.7449    26.4743    26.4747         12  0.000e+00
      63277 290.057957  -39.31114  -53.14794     -0.189    1471.91     41.133     40.816     8.4450     8.4406    -0.0044     8.4408     8.4364    -0.0044   3.576645   3.576093  -0.000551    34.0669    34.0653     6.7450    26.4746    26.4740         12  0.000e+00
      63278 290.057958  -39.31114  -53.14794     -0.181    1471.91     41.254     40.936     8.4454     8.4402    -0.0051     8.4411     8.4360    -0.0051   3.576664   3.576075  -0.000589    34.0667    34.0654     6.7452    26.4744    26.4742         12  0.000e+00
      63279 290.057958  -39.31114  -53.14794     -0.177    1471.91     41.157     40.841     8.4450     8.4404    -0.0046     8.4408     8.4361    -0.0046   3.576626   3.576075  -0.000551    34.0667    34.0653     6.7452    26.4745    26.4741         12  0.000e+00
      63280 290.057959  -39.31114  -53.14794     -0.171    1471.91     41.198     40.881     8.4447     8.4406    -0.0041     8.4405     8.4364    -0.0041   3.576632   3.576100  -0.000533    34.0670    34.0653     6.7454    26.4748    26.4741         12  0.000e+00
      63281 290.057959  -39.31114  -53.14794     -0.166    1471.91     41.198     40.881     8.4447     8.4411    -0.0036     8.4405     8.4369    -0.0036   3.576645   3.576149  -0.000496    34.0672    34.0654     6.7459    26.4749    26.4741         12  0.000e+00
      63282 290.057960  -39.31114  -53.14794     -0.157    1471.91     41.198     40.881     8.4449     8.4416    -0.0033     8.4407     8.4374    -0.0033   3.576645   3.576186  -0.000459    34.0670    34.0653     6.7460    26.4747    26.4739         12  0.000e+00
      63283 290.057960  -39.31114  -53.14794     -0.151    1471.91     41.198     40.881     8.4446     8.4414    -0.0032     8.4404     8.4372    -0.0032   3.576664   3.576248  -0.000416    34.0674    34.0661     6.7460    26.4751    26.4746         12  0.000e+00
      63284 290.057961  -39.31112  -53.14794     -0.147    1471.91     41.158     40.841     8.4444     8.4417    -0.0026     8.4402     8.4375    -0.0026   3.576651   3.576266  -0.000385    34.0676    34.0660     6.7466    26.4752    26.4744         12  0.000e+00
      63285 290.057961  -39.31112  -53.14794     -0.140    1471.91     41.254     40.937     8.4445     8.4417    -0.0028     8.4403     8.4375    -0.0028   3.576595   3.576266  -0.000329    34.0668    34.0660     6.7472    26.4746    26.4744         12  0.000e+00
      63286 290.057962  -39.31112  -53.14794     -0.136    1471.91     41.133     40.817     8.4443     8.4420    -0.0023     8.4401     8.4378    -0.0023   3.576651   3.576285  -0.000366    34.0676    34.0659     6.7471    26.4753    26.4743         12  0.000e+00
      63287 290.057962  -39.31112  -53.14794     -0.131    1471.91     41.198     40.881     8.4444     8.4420    -0.0024     8.4402     8.4378    -0.0024   3.576676   3.576279  -0.000398    34.0678    34.0659     6.7471    26.4754    26.4743         12  0.000e+00
      63288 290.057962  -39.31112  -53.14794     -0.121    1471.91     41.198     40.881     8.4440     8.4426    -0.0015     8.4398     8.4383    -0.0015   3.576651   3.576359  -0.000292    34.0679    34.0662     6.7477    26.4755    26.4745         12  0.000e+00
      63289 290.057963  -39.31112  -53.14794     -0.124    1471.91     41.093     40.777     8.4439     8.4435    -0.0004     8.4397     8.4393    -0.0004   3.576645   3.576408  -0.000237    34.0680    34.0658     6.7476    26.4757    26.4740         12  0.000e+00
      63290 290.057963  -39.31112  -53.14794     -0.110    1471.91     41.311     40.993     8.4440     8.4435    -0.0005     8.4398     8.4393    -0.0005   3.576595   3.576451  -0.000143    34.0673    34.0662     6.7477    26.4751    26.4743         12  0.000e+00
      63291 290.057964  -39.31112  -53.14794     -0.103    1471.91     41.198     40.881     8.4435     8.4435    -0.0000     8.4393     8.4393    -0.0000   3.576532   3.576451  -0.000081    34.0671    34.0662     6.7476    26.4750    26.4743         12  0.000e+00
      63292 290.057964  -39.31112  -53.14794     -0.099    1471.91     41.134     40.817     8.4434     8.4435     0.0001     8.4392     8.4393     0.0001   3.576495   3.576501   0.000006    34.0669    34.0668     6.7522    26.4748    26.4748         12  0.000e+00
      63293 290.057965  -39.31112  -53.14794     -0.090    1471.91     41.254     40.937     8.4423     8.4440     0.0016     8.4381     8.4398     0.0016   3.576488   3.576501   0.000012    34.0677    34.0663     6.7528    26.4757    26.4743         12  0.000e+00
      63294 290.057965  -39.31112  -53.14794     -0.087    1471.91     41.158     40.841     8.4420     8.4442     0.0021     8.4378     8.4400     0.0021   3.576388   3.576531   0.000143    34.0670    34.0665     6.7484    26.4752    26.4744         12  0.000e+00
      63295 290.057966  -39.31112  -53.14794     -0.081    1471.91     41.198     40.881     8.4419     8.4444     0.0025     8.4377     8.4402     0.0025   3.576376   3.576593   0.000218    34.0670    34.0669     6.7482    26.4752    26.4747         12  0.000e+00
      63296 290.057966  -39.31112  -53.14794     -0.071    1471.91     41.254     40.937     8.4417     8.4448     0.0031     8.4375     8.4406     0.0031   3.576363   3.576643   0.000279    34.0670    34.0670     6.7481    26.4752    26.4747         12  0.000e+00
      63297 290.057967  -39.31112  -53.14794     -0.069    1471.91     41.134     40.817     8.4417     8.4450     0.0033     8.4375     8.4408     0.0033   3.576332   3.576673   0.000342    34.0668    34.0672     6.7525    26.4750    26.4749         12  0.000e+00
      63298 290.057967  -39.31112  -53.14794     -0.061    1471.91     41.255     40.937     8.4417     8.4453     0.0036     8.4375     8.4411     0.0036   3.576326   3.576680   0.000354    34.0666    34.0669     6.7528    26.4749    26.4746         12  0.000e+00
      63299 290.057968  -39.31112  -53.14794     -0.056    1471.91     41.214     40.897     8.4416     8.4456     0.0041     8.4373     8.4414     0.0041   3.576326   3.576680   0.000354    34.0668    34.0666     6.7530    26.4751    26.4743         12  0.000e+00
      63300 290.057968  -39.31112  -53.14794     -0.052    1471.91     41.198     40.881     8.4416     8.4455     0.0039     8.4373     8.4413     0.0039   3.576344   3.576680   0.000335    34.0670    34.0668     6.7531    26.4752    26.4745         12  0.000e+00
      63301 290.057969  -39.31112  -53.14794     -0.044    1471.91     41.198     40.881     8.4417     8.4455     0.0038     8.4375     8.4413     0.0038   3.576307   3.576747   0.000441    34.0665    34.0675     6.7532    26.4748    26.4750         12  0.000e+00
      63302 290.057969  -39.31112  -53.14794     -0.040    1471.91     41.198     40.881     8.4419     8.4455     0.0036     8.4377     8.4413     0.0036   3.576338   3.576698   0.000360    34.0666    34.0670     6.7537    26.4749    26.4746         12  0.000e+00
      63303 290.057970  -39.31112  -53.14794     -0.035    1471.91     41.255     40.937     8.4417     8.4454     0.0037     8.4375     8.4412     0.0037   3.576332   3.576710   0.000379    34.0667    34.0671     6.7538    26.4749    26.4747         12  0.000e+00
      63304 290.057970  -39.31112  -53.14794     -0.029    1471.91     41.214     40.897     8.4423     8.4455     0.0031     8.4381     8.4413     0.0031   3.576394   3.576710   0.000316    34.0668    34.0671     6.7536    26.4749    26.4747         12  0.000e+00
      63305 290.057971  -39.31112  -53.14794     -0.024    1471.91     41.198     40.881     8.4429     8.4452     0.0023     8.4387     8.4410     0.0023   3.576419   3.576710   0.000291    34.0665    34.0674     6.7540    26.4747    26.4750         12  0.000e+00
      63306 290.057971  -39.31112  -53.14794     -0.022    1471.91     41.198     40.881     8.4434     8.4455     0.0021     8.4392     8.4413     0.0021   3.576444   3.576667   0.000223    34.0663    34.0666     6.7544    26.4744    26.4744         12  0.000e+00
      63307 290.057972  -39.31112  -53.14794     -0.017    1471.91     41.255     40.937     8.4440     8.4453     0.0013     8.4398     8.4411     0.0013   3.576551   3.576643   0.000092    34.0668    34.0665     6.7548    26.4747    26.4743         12  0.000e+00
