Pos-Processados/process_op42/operantar42_013.ros
* Sea-Bird SBE 9 Data File:
* FileName = C:\Users\Hidrografia\Desktop\OPXLII\Brutos\OP42013.hdr
* Software Version Seasave V 7.26.7.107
* Temperature SN = 6502
* Conductivity SN = 4998
* Number of Bytes Per Scan = 31
* Number of Voltage Words = 2
* Number of Scans Averaged by the Deck Unit = 1
* NMEA Latitude = 46 24.51 S
* NMEA Longitude = 055 54.95 W
* NMEA UTC (Time) = Oct 19 2023 23:00:40
* NMEA baud rate = 4800
** H41
** NPOALTEMAXIMIANO
** NUMERO DA ESTACAO (XXX) 013
** LAT (XX XX.XX S/N) 46 24.500 S
** LONG (XXX XX.XX W/E) 055 54.972 W
** DATAHORA (dd/mm/aaaa hh:mm Z) 19/10/2023 2300Z
** PROFUNDIDADE (m) 5329
** OPERADOR CT FABIREZA
# nquan = 24
# nvalues = 3694                                  
# units = specified
# name 0 = scan: Scan Count
# name 1 = timeJ: Julian Days
# name 2 = latitude: Latitude [deg]
# name 3 = longitude: Longitude [deg]
# name 4 = dz/dtM: Descent Rate [m/s]
# name 5 = avgsvCM: Average Sound Velocity [Chen-Millero, m/s]
# name 6 = prDM: Pressure, Digiquartz [db]
# name 7 = depSM: Depth [salt water, m]
# name 8 = t090C: Temperature [ITS-90, deg C]
# name 9 = t190C: Temperature, 2 [ITS-90, deg C]
# name 10 = T2-T190C: Temperature Difference, 2 - 1 [ITS-90, deg C]
# name 11 = potemp090C: Potential Temperature [ITS-90, deg C]
# name 12 = potemp190C: Potential Temperature, 2 [ITS-90, deg C]
# name 13 = potemp90Cdiff: Potential Temperature, Diff, 2 - 1 [ITS-90, deg C]
# name 14 = c0S/m: Conductivity [S/m]
# name 15 = c1S/m: Conductivity, 2 [S/m]
# name 16 = C2-C1S/m: Conductivity Difference, 2 - 1 [S/m]
# name 17 = sal00: Salinity, Practical [PSU]
# name 18 = sal11: Salinity, Practical, 2 [PSU]
# name 19 = sbeox0ML/L: Oxygen, SBE 43 [ml/l]
# name 20 = sigma-é00: Density [sigma-theta, kg/m^3]
# name 21 = sigma-é11: Density, 2 [sigma-theta, kg/m^3]
# name 22 = nbf: Bottles Fired
# name 23 = flag:  0.000e+00
# interval = seconds: 0.0416667
# start_time = Oct 19 2023 23:00:40 [NMEA time, header]
# bad_flag = -9.990e-29
*END*
[from data line 423]
      60666 292.988052  -46.42054  -55.91120     -0.167    1468.76     29.560     29.314     4.5644     4.5749     0.0105     4.5623     4.5727     0.0105   3.222588   3.223197   0.000609    34.0047    34.0010     7.6060    26.9350    26.9309          3  0.000e+00
      60667 292.988053  -46.42054  -55.91120     -0.170    1468.76     29.552     29.306     4.5654     4.5726     0.0072     4.5633     4.5705     0.0072   3.222636   3.223055   0.000419    34.0042    34.0017     7.6061    26.9345    26.9317          3  0.000e+00
      60668 292.988053  -46.42054  -55.91120     -0.171    1468.76     29.503     29.258     4.5652     4.5703     0.0050     4.5631     4.5682     0.0050   3.222654   3.222901   0.000247    34.0046    34.0023     7.6064    26.9348    26.9324          3  0.000e+00
      60669 292.988054  -46.42054  -55.91120     -0.173    1468.76     29.552     29.306     4.5654     4.5671     0.0017     4.5633     4.5650     0.0017   3.222582   3.222616   0.000035    34.0036    34.0022     7.6121    26.9340    26.9328          3  0.000e+00
      60670 292.988054  -46.42054  -55.91120     -0.173    1468.76     29.503     29.258     4.5657     4.5643    -0.0015     4.5636     4.5621    -0.0015   3.222630   3.222362  -0.000268    34.0038    34.0022     7.6069    26.9342    26.9330          3  0.000e+00
      60671 292.988055  -46.42054  -55.91120     -0.176    1468.76     29.495     29.250     4.5662     4.5644    -0.0018     4.5641     4.5623    -0.0018   3.222690   3.222397  -0.000293    34.0040    34.0024     7.6070    26.9343    26.9332          3  0.000e+00
      60672 292.988055  -46.42054  -55.91120     -0.172    1468.76     29.552     29.306     4.5673     4.5663    -0.0010     4.5652     4.5642    -0.0010   3.222864   3.222569  -0.000295    34.0049    34.0025     7.6070    26.9349    26.9330          3  0.000e+00
      60673 292.988056  -46.42054  -55.91120     -0.173    1468.76     29.504     29.258     4.5675     4.5669    -0.0005     4.5653     4.5648    -0.0005   3.222894   3.222646  -0.000248    34.0051    34.0028     7.6071    26.9350    26.9332          3  0.000e+00
      60674 292.988056  -46.42054  -55.91120     -0.171    1468.76     29.495     29.250     4.5668     4.5669     0.0001     4.5647     4.5648     0.0001   3.222840   3.222699  -0.000141    34.0052    34.0034     7.6068    26.9351    26.9337          3  0.000e+00
      60675 292.988057  -46.42054  -55.91120     -0.171    1468.76     29.504     29.258     4.5666     4.5674     0.0008     4.5645     4.5653     0.0008   3.222852   3.222693  -0.000159    34.0055    34.0028     7.6070    26.9354    26.9332          3  0.000e+00
      60676 292.988057  -46.42054  -55.91120     -0.167    1468.76     29.552     29.306     4.5663     4.5682     0.0019     4.5642     4.5661     0.0019   3.222792   3.222753  -0.000040    34.0050    34.0027     7.6073    26.9351    26.9330          3  0.000e+00
      60677 292.988057  -46.42054  -55.91120     -0.165    1468.76     29.504     29.258     4.5662     4.5703     0.0041     4.5641     4.5682     0.0041   3.222702   3.222907   0.000205    34.0042    34.0024     7.6015    26.9344    26.9325          3  0.000e+00
      60678 292.988058  -46.42054  -55.91120     -0.160    1468.76     29.552     29.306     4.5676     4.5724     0.0047     4.5655     4.5702     0.0047   3.222900   3.223096   0.000196    34.0050    34.0024     7.6000    26.9349    26.9323          3  0.000e+00
      60679 292.988058  -46.42054  -55.91120     -0.154    1468.76     29.504     29.258     4.5710     4.5736     0.0026     4.5688     4.5715     0.0026   3.223195   3.223215   0.000020    34.0050    34.0025     7.6041    26.9346    26.9323          3  0.000e+00
      60680 292.988059  -46.42054  -55.91120     -0.151    1468.76     29.552     29.306     4.5737     4.5743     0.0006     4.5716     4.5721     0.0006   3.223381   3.223244  -0.000137    34.0044    34.0022     7.5985    26.9337    26.9319          3  0.000e+00
      60681 292.988059  -46.42054  -55.91120     -0.144    1468.76     29.560     29.314     4.5758     4.5739    -0.0019     4.5737     4.5718    -0.0019   3.223574   3.223197  -0.000377    34.0045    34.0020     7.6029    26.9336    26.9318          3  0.000e+00
      60682 292.988060  -46.42054  -55.91120     -0.139    1468.76     29.496     29.250     4.5771     4.5731    -0.0040     4.5749     4.5709    -0.0040   3.223556   3.223161  -0.000394    34.0030    34.0025     7.5976    26.9323    26.9323          3  0.000e+00
      60683 292.988060  -46.42054  -55.91120     -0.131    1468.76     29.552     29.306     4.5777     4.5724    -0.0053     4.5756     4.5702    -0.0053   3.223604   3.223114  -0.000490    34.0029    34.0026     7.5971    26.9321    26.9325          3  0.000e+00
      60684 292.988061  -46.42054  -55.91120     -0.125    1468.76     29.560     29.314     4.5771     4.5715    -0.0055     4.5749     4.5694    -0.0055   3.223628   3.223043  -0.000585    34.0038    34.0026     7.5967    26.9329    26.9326          3  0.000e+00
      60685 292.988061  -46.42054  -55.91120     -0.116    1468.76     29.552     29.306     4.5755     4.5711    -0.0044     4.5734     4.5689    -0.0044   3.223424   3.223013  -0.000410    34.0030    34.0028     7.6021    26.9325    26.9328          3  0.000e+00
      60686 292.988062  -46.42054  -55.91120     -0.109    1468.76     29.560     29.314     4.5726     4.5707    -0.0019     4.5705     4.5686    -0.0019   3.223183   3.222990  -0.000193    34.0032    34.0028     7.6030    26.9329    26.9328          3  0.000e+00
      60687 292.988062  -46.42054  -55.91120     -0.099    1468.76     29.552     29.306     4.5698     4.5705     0.0006     4.5677     4.5683     0.0006   3.223015   3.222936  -0.000078    34.0041    34.0025     7.6031    26.9339    26.9326          3  0.000e+00
      60688 292.988063  -46.42054  -55.91120     -0.095    1468.76     29.560     29.314     4.5676     4.5693     0.0017     4.5655     4.5672     0.0017   3.222684   3.222853   0.000169    34.0025    34.0027     7.6039    26.9329    26.9329          3  0.000e+00
      60689 292.988063  -46.42054  -55.91120     -0.083    1468.76     29.552     29.306     4.5646     4.5684     0.0038     4.5624     4.5663     0.0038   3.222528   3.222723   0.000195    34.0038    34.0021     7.6040    26.9343    26.9325          3  0.000e+00
      60690 292.988064  -46.42054  -55.91120     -0.071    1468.76     29.625     29.378     4.5624     4.5662     0.0038     4.5602     4.5640     0.0038   3.222377   3.222563   0.000186    34.0043    34.0025     7.5994    26.9349    26.9331          3  0.000e+00
      60691 292.988064  -46.42054  -55.91120     -0.066    1468.76     29.552     29.306     4.5609     4.5636     0.0027     4.5588     4.5615     0.0027   3.222167   3.222385   0.000218    34.0034    34.0031     7.6047    26.9343    26.9338          3  0.000e+00
      60692 292.988065  -46.42054  -55.91120     -0.054    1468.76     29.625     29.378     4.5599     4.5617     0.0018     4.5578     4.5596     0.0018   3.222119   3.222178   0.000059    34.0037    34.0026     7.6045    26.9347    26.9336          3  0.000e+00
      60693 292.988065  -46.42054  -55.91120     -0.044    1468.76     29.617     29.370     4.5596     4.5603     0.0007     4.5575     4.5582     0.0007   3.222071   3.222083   0.000012    34.0035    34.0030     7.6048    26.9346    26.9341          3  0.000e+00
      60694 292.988066  -46.42054  -55.91120     -0.035    1468.76     29.617     29.370     4.5588     4.5595     0.0006     4.5567     4.5574     0.0006   3.222023   3.222048   0.000025    34.0037    34.0034     7.6045    26.9349    26.9345          3  0.000e+00
      60695 292.988066  -46.42054  -55.91120     -0.025    1468.76     29.625     29.378     4.5582     4.5589     0.0007     4.5561     4.5568     0.0007   3.222011   3.221971  -0.000040    34.0043    34.0031     7.6041    26.9353    26.9343          3  0.000e+00
      60696 292.988067  -46.42054  -55.91120     -0.012    1468.76     29.673     29.426     4.5579     4.5586     0.0007     4.5558     4.5564     0.0007   3.221939   3.221941   0.000002    34.0037    34.0030     7.5984    26.9349    26.9343          3  0.000e+00
      60697 292.988067  -46.42054  -55.91120     -0.002    1468.76     29.625     29.378     4.5577     4.5582     0.0006     4.5556     4.5561     0.0006   3.221963   3.221947  -0.000016    34.0042    34.0035     7.5978    26.9354    26.9347          3  0.000e+00
      60698 292.988068  -46.42054  -55.91120      0.011    1468.76     29.673     29.426     4.5569     4.5581     0.0012     4.5548     4.5559     0.0012   3.221866   3.221953   0.000086    34.0039    34.0037     7.6022    26.9352    26.9349          4  0.000e+00
      60699 292.988068  -46.42054  -55.91120      0.020    1468.76     29.681     29.434     4.5561     4.5581     0.0020     4.5540     4.5559     0.0020   3.221800   3.221882   0.000081    34.0039    34.0029     7.6026    26.9353    26.9342          4  0.000e+00
      60700 292.988069  -46.42054  -55.91120      0.030    1468.76     29.673     29.426     4.5558     4.5576     0.0018     4.5537     4.5554     0.0018   3.221794   3.221840   0.000046    34.0042    34.0029     7.5975    26.9355    26.9343          4  0.000e+00
      60701 292.988069  -46.42054  -55.91120      0.040    1468.76     29.681     29.434     4.5543     4.5566     0.0023     4.5522     4.5545     0.0023   3.221596   3.221811   0.000215    34.0034    34.0035     7.6020    26.9351    26.9349          4  0.000e+00
      60702 292.988070  -46.42054  -55.91120      0.049    1468.76     29.673     29.426     4.5526     4.5554     0.0028     4.5505     4.5532     0.0028   3.221512   3.221674   0.000163    34.0042    34.0032     7.5971    26.9359    26.9348          4  0.000e+00
      60703 292.988070  -46.42054  -55.91120      0.061    1468.76     29.730     29.482     4.5510     4.5533     0.0023     4.5489     4.5512     0.0023   3.221398   3.221520   0.000123    34.0044    34.0035     7.5970    26.9363    26.9353          4  0.000e+00
      60704 292.988071  -46.42054  -55.91120      0.074    1468.76     29.738     29.490     4.5500     4.5517     0.0017     4.5479     4.5496     0.0017   3.221241   3.221414   0.000173    34.0036    34.0039     7.5968    26.9357    26.9358          4  0.000e+00
      60705 292.988071  -46.42054  -55.91120      0.082    1468.76     29.730     29.482     4.5492     4.5509     0.0017     4.5471     4.5488     0.0017   3.221211   3.221301   0.000090    34.0041    34.0034     7.5966    26.9362    26.9354          4  0.000e+00
      60706 292.988071  -46.42054  -55.91120      0.090    1468.76     29.738     29.490     4.5484     4.5505     0.0020     4.5463     4.5483     0.0020   3.221091   3.221254   0.000163    34.0035    34.0033     7.5964    26.9358    26.9354          4  0.000e+00
      60707 292.988072  -46.42054  -55.91120      0.100    1468.76     29.730     29.483     4.5481     4.5501     0.0020     4.5460     4.5480     0.0020   3.221127   3.221248   0.000121    34.0042    34.0036     7.5961    26.9364    26.9357          4  0.000e+00
      60708 292.988072  -46.42054  -55.91120      0.112    1468.76     29.802     29.554     4.5483     4.5496     0.0013     4.5461     4.5475     0.0013   3.221121   3.221201   0.000079    34.0040    34.0035     7.5958    26.9362    26.9357          4  0.000e+00
      60709 292.988073  -46.42054  -55.91120      0.121    1468.76     29.794     29.546     4.5478     4.5492     0.0014     4.5457     4.5471     0.0014   3.221121   3.221165   0.000044    34.0045    34.0035     7.5956    26.9366    26.9357          4  0.000e+00
      60710 292.988073  -46.42054  -55.91120      0.131    1468.76     29.802     29.554     4.5481     4.5492     0.0011     4.5459     4.5471     0.0011   3.221145   3.221141  -0.000004    34.0045    34.0032     7.5953    26.9366    26.9355          4  0.000e+00
      60711 292.988074  -46.42054  -55.91120      0.140    1468.76     29.794     29.546     4.5478     4.5489     0.0011     4.5457     4.5467     0.0011   3.221103   3.221153   0.000050    34.0043    34.0037     7.5951    26.9365    26.9359          4  0.000e+00
      60712 292.988074  -46.42054  -55.91120      0.148    1468.76     29.802     29.555     4.5478     4.5487     0.0009     4.5457     4.5466     0.0009   3.221139   3.221129  -0.000010    34.0047    34.0036     7.5949    26.9368    26.9359          4  0.000e+00
      60713 292.988075  -46.42054  -55.91120      0.156    1468.76     29.851     29.602     4.5473     4.5487     0.0014     4.5452     4.5466     0.0014   3.221103   3.221147   0.000044    34.0047    34.0038     7.5956    26.9369    26.9360          4  0.000e+00
      60714 292.988075  -46.42054  -55.91120      0.166    1468.76     29.851     29.602     4.5481     4.5489     0.0008     4.5460     4.5467     0.0008   3.221139   3.221159   0.000020    34.0043    34.0038     7.5960    26.9365    26.9360          4  0.000e+00
      60715 292.988076  -46.42054  -55.91120      0.176    1468.76     29.859     29.610     4.5481     4.5485     0.0004     4.5460     4.5464     0.0004   3.221133   3.221141   0.000008    34.0042    34.0039     7.5960    26.9364    26.9361          4  0.000e+00
      60716 292.988076  -46.42054  -55.91120      0.184    1468.76     29.851     29.603     4.5479     4.5484     0.0005     4.5458     4.5463     0.0005   3.221073   3.221135   0.000062    34.0038    34.0040     7.5960    26.9361    26.9362          4  0.000e+00
      60717 292.988077  -46.42054  -55.91120      0.193    1468.76     29.923     29.674     4.5473     4.5484     0.0011     4.5452     4.5462     0.0011   3.221085   3.221088   0.000003    34.0045    34.0034     7.5962    26.9367    26.9357          4  0.000e+00
      60718 292.988077  -46.42054  -55.91120      0.199    1468.76     29.851     29.603     4.5475     4.5482     0.0007     4.5453     4.5461     0.0007   3.221085   3.221094   0.000009    34.0043    34.0037     7.5968    26.9366    26.9360          4  0.000e+00
      60719 292.988078  -46.42054  -55.91120      0.206    1468.76     29.923     29.674     4.5473     4.5484     0.0011     4.5452     4.5462     0.0011   3.221067   3.221106   0.000039    34.0042    34.0036     7.5970    26.9365    26.9359          4  0.000e+00
      60720 292.988078  -46.42054  -55.91120      0.211    1468.76     29.907     29.658     4.5468     4.5484     0.0016     4.5447     4.5462     0.0016   3.221085   3.221106   0.000021    34.0050    34.0036     7.5972    26.9372    26.9359          4  0.000e+00
      60721 292.988079  -46.42054  -55.91120      0.219    1468.76     29.923     29.674     4.5465     4.5482     0.0017     4.5443     4.5461     0.0017   3.220953   3.221094   0.000141    34.0038    34.0036     7.5975    26.9362    26.9359          4  0.000e+00
      60722 292.988079  -46.42054  -55.91120      0.226    1468.76     29.972     29.722     4.5448     4.5480     0.0033     4.5426     4.5459     0.0033   3.220827   3.221058   0.000232    34.0041    34.0034     7.5980    26.9366    26.9358          4  0.000e+00
      60723 292.988080  -46.42054  -55.91120      0.231    1468.76     29.972     29.722     4.5428     4.5470     0.0042     4.5406     4.5448     0.0042   3.220634   3.220934   0.000300    34.0039    34.0030     7.5987    26.9367    26.9356          4  0.000e+00
      60724 292.988080  -46.42054  -55.91120      0.236    1468.76     29.980     29.730     4.5412     4.5460     0.0048     4.5391     4.5439     0.0048   3.220592   3.220899   0.000306    34.0049    34.0036     7.5992    26.9377    26.9361          4  0.000e+00
      60725 292.988081  -46.42054  -55.91120      0.239    1468.76     29.907     29.659     4.5409     4.5463     0.0054     4.5388     4.5442     0.0054   3.220586   3.220898   0.000312    34.0052    34.0033     7.5994    26.9380    26.9359          4  0.000e+00
