Pos-Processados/process_op42/operantar42_028.ros
* Sea-Bird SBE 9 Data File:
* FileName = C:\Users\Hidrografia\Desktop\OPXLII\Brutos\OP42028.hdr
* Software Version Seasave V 7.26.7.107
* Temperature SN = 6502
* Conductivity SN = 4998
* Number of Bytes Per Scan = 37
* Number of Voltage Words = 4
* Number of Scans Averaged by the Deck Unit = 1
* NMEA Latitude = 62 18.54 S
* NMEA Longitude = 058 32.92 W
* NMEA UTC (Time) = Nov 08 2023 22:59:21
* NMEA baud rate = 4800
** H41
** NPOALTEMAXIMIANO
** NUMERO DA ESTACAO (XXX) 028
** LAT (XX XX.XX S/N) 62 18.530 S
** LONG (XXX XX.XX W/E) 058 32.937 W
** DATAHORA (dd/mm/aaaa hh:mm Z) 08/11/2023 2258Z
** PROFUNDIDADE (m) 339
** OPERADOR CT FABIREZA
# nquan = 24
# nvalues = 4132                                  
# units = specified
# name 0 = scan: Scan Count
# name 1 = timeJ: Julian Days
# name 2 = latitude: Latitude [deg]
# name 3 = longitude: Longitude [deg]
# name 4 = dz/dtM: Descent Rate [m/s]
# name 5 = avgsvCM: Average Sound Velocity [Chen-Millero, m/s]
# name 6 = prDM: Pressure, Digiquartz [db]
# name 7 = depSM: Depth [salt water, m]
# name 8 = t090C: Temperature [ITS-90, deg C]
# name 9 = t190C: Temperature, 2 [ITS-90, deg C]
# name 10 = T2-T190C: Temperature Difference, 2 - 1 [ITS-90, deg C]
# name 11 = potemp090C: Potential Temperature [ITS-90, deg C]
# name 12 = potemp190C: Potential Temperature, 2 [ITS-90, deg C]
# name 13 = potemp90Cdiff: Potential Temperature, Diff, 2 - 1 [ITS-90, deg C]
# name 14 = c0S/m: Conductivity [S/m]
# name 15 = c1S/m: Conductivity, 2 [S/m]
# name 16 = C2-C1S/m: Conductivity Difference, 2 - 1 [S/m]
# name 17 = sal00: Salinity, Practical [PSU]
# name 18 = sal11: Salinity, Practical, 2 [PSU]
# name 19 = sbeox0ML/L: Oxygen, SBE 43 [ml/l]
# name 20 = sigma-é00: Density [sigma-theta, kg/m^3]
# name 21 = sigma-é11: Density, 2 [sigma-theta, kg/m^3]
# name 22 = nbf: Bottles Fired
# name 23 = flag:  0.000e+00
# interval = seconds: 0.0416667
# start_time = Nov 08 2023 22:59:21 [NMEA time, header]
# bad_flag = -9.990e-29
*END*
[from data line 604]
      28293 312.971526  -62.31600  -58.54440      0.140    1448.73     21.454     21.247    -0.5541    -0.5531     0.0010    -0.5547    -0.5537     0.0010   2.805013   2.805013 6.2193e-07    34.2973    34.2962     7.4552    27.5656    27.5647          5  0.000e+00
      28294 312.971526  -62.31600  -58.54440      0.141    1448.73     21.575     21.366    -0.5541    -0.5530     0.0011    -0.5547    -0.5537     0.0011   2.804990   2.805002   0.000012    34.2969    34.2959     7.4553    27.5653    27.5644          5  0.000e+00
      28295 312.971527  -62.31600  -58.54440      0.142    1448.73     21.454     21.247    -0.5542    -0.5532     0.0010    -0.5548    -0.5539     0.0010   2.804938   2.805002   0.000064    34.2964    34.2962     7.4552    27.5649    27.5646          5  0.000e+00
      28296 312.971527  -62.31600  -58.54440      0.142    1448.73     21.510     21.302    -0.5544    -0.5531     0.0013    -0.5550    -0.5537     0.0013   2.804927   2.805025   0.000097    34.2965    34.2963     7.4553    27.5649    27.5647          5  0.000e+00
      28297 312.971528  -62.31600  -58.54440      0.141    1448.73     21.510     21.302    -0.5545    -0.5531     0.0014    -0.5552    -0.5537     0.0014   2.804927   2.804991   0.000064    34.2966    34.2959     7.4554    27.5651    27.5644          5  0.000e+00
      28298 312.971528  -62.31600  -58.54440      0.139    1448.73     21.510     21.302    -0.5545    -0.5531     0.0014    -0.5552    -0.5537     0.0014   2.804927   2.804996   0.000069    34.2966    34.2959     7.4554    27.5651    27.5644          5  0.000e+00
      28299 312.971529  -62.31600  -58.54440      0.140    1448.73     21.510     21.302    -0.5544    -0.5534     0.0010    -0.5550    -0.5540     0.0010   2.804927   2.804985   0.000058    34.2965    34.2961     7.4553    27.5649    27.5646          5  0.000e+00
      28300 312.971529  -62.31600  -58.54440      0.145    1448.73     21.575     21.366    -0.5544    -0.5530     0.0013    -0.5550    -0.5537     0.0013   2.804944   2.804963   0.000019    34.2966    34.2954     7.4618    27.5651    27.5640          5  0.000e+00
      28301 312.971530  -62.31600  -58.54440      0.141    1448.73     21.510     21.302    -0.5545    -0.5531     0.0014    -0.5552    -0.5537     0.0014   2.804967   2.804991   0.000024    34.2972    34.2959     7.4563    27.5655    27.5644          5  0.000e+00
      28302 312.971530  -62.31600  -58.54440      0.144    1448.73     21.575     21.366    -0.5542    -0.5535     0.0007    -0.5548    -0.5542     0.0007   2.804956   2.805002   0.000046    34.2966    34.2964     7.4563    27.5650    27.5649          5  0.000e+00
      28303 312.971531  -62.31600  -58.54440      0.142    1448.73     21.510     21.302    -0.5544    -0.5532     0.0012    -0.5550    -0.5539     0.0012   2.804990   2.804985  -0.000005    34.2973    34.2959     7.4626    27.5656    27.5644          5  0.000e+00
      28304 312.971531  -62.31600  -58.54440      0.144    1448.73     21.575     21.366    -0.5544    -0.5534     0.0010    -0.5550    -0.5540     0.0010   2.804984   2.804980  -0.000005    34.2972    34.2960     7.4636    27.5655    27.5645          5  0.000e+00
      28305 312.971532  -62.31600  -58.54440      0.145    1448.73     21.575     21.366    -0.5544    -0.5534     0.0010    -0.5550    -0.5540     0.0010   2.805036   2.804996  -0.000039    34.2979    34.2962     7.4645    27.5661    27.5647          5  0.000e+00
      28306 312.971532  -62.31600  -58.54440      0.146    1448.73     21.575     21.366    -0.5544    -0.5533     0.0010    -0.5550    -0.5540     0.0010   2.805036   2.804985  -0.000050    34.2979    34.2960     7.4589    27.5661    27.5645          5  0.000e+00
      28307 312.971533  -62.31600  -58.54440      0.145    1448.73     21.575     21.366    -0.5544    -0.5535     0.0009    -0.5550    -0.5542     0.0009   2.805013   2.804980  -0.000033    34.2976    34.2961     7.4588    27.5658    27.5646          5  0.000e+00
      28308 312.971533  -62.31600  -58.54440      0.144    1448.73     21.575     21.366    -0.5542    -0.5532     0.0010    -0.5548    -0.5539     0.0010   2.805064   2.804980  -0.000084    34.2981    34.2958     7.4649    27.5662    27.5643          5  0.000e+00
      28309 312.971534  -62.31600  -58.54440      0.142    1448.73     21.575     21.366    -0.5545    -0.5532     0.0013    -0.5552    -0.5539     0.0013   2.805064   2.804980  -0.000084    34.2985    34.2958     7.4583    27.5665    27.5643          5  0.000e+00
      28310 312.971534  -62.31600  -58.54440      0.143    1448.73     21.575     21.366    -0.5542    -0.5531     0.0011    -0.5548    -0.5537     0.0011   2.805058   2.804996  -0.000062    34.2980    34.2959     7.4580    27.5661    27.5644          5  0.000e+00
      28311 312.971535  -62.31600  -58.54440      0.143    1448.73     21.631     21.422    -0.5544    -0.5532     0.0012    -0.5550    -0.5539     0.0012   2.805115   2.804968  -0.000147    34.2989    34.2956     7.4578    27.5669    27.5642          5  0.000e+00
      28312 312.971535  -62.31600  -58.54440      0.143    1448.73     21.575     21.366    -0.5539    -0.5532     0.0007    -0.5546    -0.5539     0.0007   2.805075   2.804951  -0.000124    34.2979    34.2954     7.4574    27.5661    27.5640          5  0.000e+00
      28313 312.971535  -62.31600  -58.54440      0.141    1448.73     21.575     21.366    -0.5540    -0.5532     0.0008    -0.5547    -0.5539     0.0008   2.805058   2.804968  -0.000090    34.2978    34.2957     7.4572    27.5660    27.5642          5  0.000e+00
      28314 312.971536  -62.31600  -58.54440      0.140    1448.73     21.631     21.422    -0.5541    -0.5535     0.0006    -0.5547    -0.5542     0.0006   2.805093   2.804996  -0.000096    34.2983    34.2963     7.4634    27.5664    27.5648          5  0.000e+00
      28315 312.971536  -62.31600  -58.54440      0.140    1448.73     21.631     21.422    -0.5542    -0.5532     0.0010    -0.5548    -0.5539     0.0010   2.805093   2.804985  -0.000107    34.2984    34.2959     7.4577    27.5665    27.5644          5  0.000e+00
      28316 312.971537  -62.31602  -58.54440      0.137    1448.73     21.575     21.366    -0.5542    -0.5534     0.0008    -0.5548    -0.5540     0.0008   2.805087   2.804980  -0.000107    34.2984    34.2960     7.4574    27.5665    27.5645          5  0.000e+00
      28317 312.971537  -62.31602  -58.54440      0.136    1448.73     21.631     21.422    -0.5541    -0.5533     0.0008    -0.5547    -0.5540     0.0008   2.805064   2.804963  -0.000101    34.2979    34.2957     7.4571    27.5661    27.5642          5  0.000e+00
      28318 312.971538  -62.31602  -58.54440      0.135    1448.73     21.631     21.422    -0.5542    -0.5535     0.0007    -0.5548    -0.5542     0.0007   2.805058   2.804974  -0.000084    34.2980    34.2960     7.4569    27.5661    27.5645          5  0.000e+00
      28319 312.971538  -62.31602  -58.54440      0.133    1448.73     21.631     21.422    -0.5542    -0.5535     0.0007    -0.5548    -0.5542     0.0007   2.805058   2.804980  -0.000079    34.2980    34.2961     7.4566    27.5661    27.5646          5  0.000e+00
      28320 312.971539  -62.31602  -58.54440      0.134    1448.73     21.631     21.422    -0.5541    -0.5534     0.0007    -0.5547    -0.5540     0.0007   2.804996   2.804957  -0.000038    34.2970    34.2957     7.4563    27.5653    27.5642          5  0.000e+00
      28321 312.971539  -62.31602  -58.54440      0.134    1448.73     21.631     21.422    -0.5542    -0.5535     0.0007    -0.5548    -0.5542     0.0007   2.804996   2.804991  -0.000005    34.2971    34.2963     7.4560    27.5654    27.5647          5  0.000e+00
      28322 312.971540  -62.31602  -58.54440      0.138    1448.73     21.695     21.486    -0.5542    -0.5535     0.0007    -0.5548    -0.5542     0.0007   2.804984   2.804985   0.000001    34.2969    34.2961     7.4622    27.5653    27.5646          5  0.000e+00
      28323 312.971540  -62.31602  -58.54440      0.130    1448.73     21.575     21.366    -0.5541    -0.5534     0.0007    -0.5547    -0.5540     0.0007   2.804978   2.804980   0.000001    34.2968    34.2960     7.4627    27.5652    27.5645          5  0.000e+00
      28324 312.971541  -62.31602  -58.54440      0.129    1448.73     21.631     21.422    -0.5541    -0.5535     0.0006    -0.5547    -0.5542     0.0006   2.804956   2.804963   0.000007    34.2964    34.2959     7.4571    27.5649    27.5644          5  0.000e+00
      28325 312.971541  -62.31602  -58.54440      0.127    1448.73     21.631     21.422    -0.5544    -0.5535     0.0009    -0.5550    -0.5542     0.0009   2.805007   2.804952  -0.000056    34.2975    34.2957     7.4567    27.5657    27.5643          5  0.000e+00
      28326 312.971542  -62.31602  -58.54440      0.128    1448.73     21.695     21.486    -0.5542    -0.5537     0.0005    -0.5548    -0.5543     0.0005   2.804967   2.804952  -0.000016    34.2967    34.2959     7.4564    27.5651    27.5644          5  0.000e+00
      28327 312.971542  -62.31602  -58.54440      0.121    1448.73     21.575     21.366    -0.5542    -0.5534     0.0008    -0.5548    -0.5540     0.0008   2.804950   2.804974   0.000024    34.2965    34.2959     7.4559    27.5650    27.5644          5  0.000e+00
      28328 312.971543  -62.31602  -58.54440      0.121    1448.73     21.687     21.478    -0.5544    -0.5533     0.0010    -0.5550    -0.5540     0.0010   2.804910   2.804935   0.000025    34.2961    34.2953     7.4557    27.5646    27.5639          5  0.000e+00
      28329 312.971543  -62.31602  -58.54440      0.120    1448.73     21.631     21.422    -0.5542    -0.5535     0.0007    -0.5548    -0.5542     0.0007   2.804899   2.804963   0.000064    34.2958    34.2959     7.4552    27.5644    27.5644          5  0.000e+00
      28330 312.971544  -62.31602  -58.54440      0.115    1448.73     21.631     21.422    -0.5545    -0.5537     0.0009    -0.5552    -0.5543     0.0009   2.804933   2.804963   0.000030    34.2967    34.2961     7.4548    27.5651    27.5646          5  0.000e+00
      28331 312.971544  -62.31602  -58.54440      0.117    1448.73     21.688     21.478    -0.5545    -0.5535     0.0010    -0.5552    -0.5542     0.0010   2.804950   2.804974   0.000024    34.2968    34.2960     7.4545    27.5652    27.5645          5  0.000e+00
      28332 312.971545  -62.31602  -58.54440      0.114    1448.73     21.631     21.422    -0.5545    -0.5535     0.0010    -0.5552    -0.5542     0.0010   2.804910   2.804963   0.000053    34.2963    34.2959     7.4541    27.5648    27.5644          5  0.000e+00
      28333 312.971545  -62.31602  -58.54440      0.115    1448.73     21.696     21.486    -0.5545    -0.5532     0.0013    -0.5552    -0.5539     0.0013   2.804933   2.804974   0.000041    34.2966    34.2957     7.4538    27.5650    27.5642          5  0.000e+00
      28334 312.971546  -62.31602  -58.54440      0.104    1448.73     21.631     21.422    -0.5548    -0.5536     0.0012    -0.5555    -0.5543     0.0012   2.804933   2.804996   0.000064    34.2970    34.2965     7.4534    27.5654    27.5649          5  0.000e+00
      28335 312.971546  -62.31602  -58.54440      0.107    1448.73     21.696     21.486    -0.5545    -0.5537     0.0009    -0.5552    -0.5543     0.0009   2.804927   2.804985   0.000058    34.2965    34.2963     7.4530    27.5650    27.5648          5  0.000e+00
      28336 312.971547  -62.31602  -58.54440      0.102    1448.73     21.631     21.422    -0.5548    -0.5535     0.0013    -0.5555    -0.5542     0.0013   2.804927   2.804957   0.000030    34.2969    34.2958     7.4526    27.5653    27.5643          5  0.000e+00
      28337 312.971547  -62.31602  -58.54440      0.097    1448.73     21.631     21.422    -0.5553    -0.5535     0.0018    -0.5559    -0.5542     0.0018   2.804927   2.804952   0.000024    34.2974    34.2957     7.4534    27.5657    27.5643          5  0.000e+00
      28338 312.971548  -62.31602  -58.54440      0.095    1448.73     21.696     21.486    -0.5553    -0.5535     0.0018    -0.5559    -0.5542     0.0018   2.804881   2.804952   0.000070    34.2968    34.2957     7.4595    27.5652    27.5643          5  0.000e+00
      28339 312.971548  -62.31602  -58.54440      0.097    1448.73     21.696     21.486    -0.5553    -0.5535     0.0018    -0.5559    -0.5542     0.0018   2.804910   2.804968   0.000058    34.2971    34.2959     7.4601    27.5655    27.5644          5  0.000e+00
      28340 312.971549  -62.31602  -58.54440      0.090    1448.73     21.631     21.422    -0.5552    -0.5537     0.0015    -0.5558    -0.5543     0.0015   2.804904   2.804980   0.000075    34.2970    34.2963     7.4606    27.5654    27.5648          5  0.000e+00
      28341 312.971549  -62.31602  -58.54440      0.086    1448.73     21.631     21.422    -0.5556    -0.5535     0.0021    -0.5563    -0.5542     0.0021   2.804876   2.804957   0.000081    34.2971    34.2958     7.4613    27.5655    27.5643          5  0.000e+00
      28342 312.971549  -62.31602  -58.54440      0.083    1448.73     21.696     21.486    -0.5563    -0.5534     0.0029    -0.5569    -0.5540     0.0029   2.804853   2.804991   0.000138    34.2975    34.2961     7.4556    27.5658    27.5646          5  0.000e+00
      28343 312.971550  -62.31602  -58.54440      0.086    1448.73     21.696     21.486    -0.5561    -0.5539     0.0022    -0.5567    -0.5545     0.0022   2.804864   2.804985   0.000121    34.2974    34.2965     7.4551    27.5658    27.5650          5  0.000e+00
      28344 312.971550  -62.31602  -58.54440      0.081    1448.73     21.688     21.478    -0.5563    -0.5535     0.0027    -0.5569    -0.5542     0.0027   2.804853   2.804980   0.000127    34.2975    34.2961     7.4546    27.5658    27.5646          5  0.000e+00
      28345 312.971551  -62.31602  -58.54440      0.076    1448.73     21.631     21.422    -0.5559    -0.5533     0.0026    -0.5566    -0.5540     0.0026   2.804847   2.804963   0.000116    34.2970    34.2957     7.4539    27.5655    27.5642          5  0.000e+00
      28346 312.971551  -62.31602  -58.54440      0.070    1448.73     21.631     21.422    -0.5564    -0.5534     0.0030    -0.5570    -0.5540     0.0030   2.804824   2.804974   0.000150    34.2973    34.2959     7.4535    27.5656    27.5644          5  0.000e+00
      28347 312.971552  -62.31602  -58.54440      0.067    1448.73     21.688     21.478    -0.5564    -0.5535     0.0029    -0.5570    -0.5542     0.0029   2.804779   2.804963   0.000184    34.2966    34.2958     7.4531    27.5651    27.5644          5  0.000e+00
      28348 312.971552  -62.31602  -58.54440      0.065    1448.73     21.696     21.486    -0.5570    -0.5535     0.0035    -0.5576    -0.5542     0.0035   2.804842   2.804935   0.000093    34.2982    34.2955     7.4527    27.5664    27.5641          5  0.000e+00
      28349 312.971553  -62.31602  -58.54440      0.062    1448.73     21.631     21.422    -0.5576    -0.5542     0.0035    -0.5583    -0.5548     0.0035   2.804750   2.804963   0.000213    34.2977    34.2966     7.4533    27.5660    27.5650          5  0.000e+00
      28350 312.971553  -62.31602  -58.54440      0.055    1448.73     21.631     21.422    -0.5578    -0.5540     0.0038    -0.5584    -0.5546     0.0038   2.804750   2.804963   0.000213    34.2979    34.2964     7.4529    27.5662    27.5649          5  0.000e+00
      28351 312.971554  -62.31602  -58.54440      0.055    1448.73     21.688     21.478    -0.5581    -0.5538     0.0043    -0.5588    -0.5545     0.0043   2.804722   2.804929   0.000207    34.2978    34.2957     7.4526    27.5662    27.5643          5  0.000e+00
      28352 312.971554  -62.31602  -58.54440      0.047    1448.73     21.631     21.422    -0.5584    -0.5539     0.0046    -0.5591    -0.5545     0.0046   2.804648   2.804923   0.000276    34.2972    34.2958     7.4532    27.5657    27.5643          5  0.000e+00
