Pos-Processados/process_op42/operantar42_005.cnv
* Sea-Bird SBE 9 Data File:
* FileName = C:\Users\Hidrografia\Desktop\OPXLII\Brutos\OP42005.hdr
* Software Version Seasave V 7.26.7.107
* Temperature SN = 6502
* Conductivity SN = 4998
* Number of Bytes Per Scan = 31
* Number of Voltage Words = 2
* Number of Scans Averaged by the Deck Unit = 1
* NMEA Latitude = 39 18.87 S
* NMEA Longitude = 053 09.31 W
* NMEA UTC (Time) = Oct 17 2023 00:39:31
* NMEA baud rate = 4800
** H41
** NPOALTEMAXIMIANO
** NUMERO DA ESTACAO (XXX) 005
** LAT (XX XX.XX S/N) 39 19.919 S
** LONG (XXX XX.XX W/E) 053 09.46 W
** DATAHORA (dd/mm/aaaa hh:mm Z) 17/10/2023 0025Z
** PROFUNDIDADE (m) 4727
** OPERADOR ZAMITH
# nquan = 30
# nvalues = 2008                        
# units = specified
# name 0 = scan: Scan Count
# name 1 = timeJ: Julian Days
# name 2 = latitude: Latitude [deg]
# name 3 = longitude: Longitude [deg]
# name 4 = dz/dtM: Descent Rate [m/s]
# name 5 = avgsvCM: Average Sound Velocity [Chen-Millero, m/s]
# name 6 = prDM: Pressure, Digiquartz [db]
# name 7 = depSM: Depth [salt water, m]
# name 8 = t090C: Temperature [ITS-90, deg C]
# name 9 = t190C: Temperature, 2 [ITS-90, deg C]
# name 10 = T2-T190C: Temperature Difference, 2 - 1 [ITS-90, deg C]
# name 11 = potemp090C: Potential Temperature [ITS-90, deg C]
# name 12 = potemp190C: Potential Temperature, 2 [ITS-90, deg C]
# name 13 = potemp90Cdiff: Potential Temperature, Diff, 2 - 1 [ITS-90, deg C]
# name 14 = c0S/m: Conductivity [S/m]
# name 15 = c1S/m: Conductivity, 2 [S/m]
# name 16 = C2-C1S/m: Conductivity Difference, 2 - 1 [S/m]
# name 17 = sal00: Salinity, Practical [PSU]
# name 18 = sal11: Salinity, Practical, 2 [PSU]
# name 19 = sbeox0ML/L: Oxygen, SBE 43 [ml/l]
# name 20 = sigma-é00: Density [sigma-theta, kg/m^3]
# name 21 = sigma-é11: Density, 2 [sigma-theta, kg/m^3]
# name 22 = sal00: Salinity, Practical [PSU]
# name 23 = sigma-é00: Density [sigma-theta, kg/m^3]
# name 24 = svCM: Sound Velocity [Chen-Millero, m/s]
# name 25 = svCM1: Sound Velocity, 2 [Chen-Millero, m/s]
# name 26 = gsw_ptA0: potential temperature [ITS-90, deg C]
# name 27 = gsw_densityA0: density, TEOS-10 [density, kg/m^3]
# name 28 = gsw_saA0: Absolute Salinity [g/kg]
# name 29 = flag:
# span 0 =       2807,      68185       
# span 1 = 290.028795, 290.060324       
# span 2 =  -39.31441,  -39.31084       
# span 3 =  -53.15490,  -53.14778       
# span 4 =     -1.712,      1.529       
# span 5 =       0.00,    1484.10       
# span 6 =      0.000,   1005.000       
# span 7 =      0.040,    994.947       
# span 8 =     2.6975,     9.5573       
# span 9 =     2.6979,     9.5594       
# span 10 =    -0.1422,     0.0797      
# span 11 =     2.6328,     9.5570      
# span 12 =     2.6337,     9.5591      
# span 13 =    -0.1422,     0.0797      
# span 14 =   3.090347,   3.665812      
# span 15 =   3.090342,   3.666033      
# span 16 =  -0.011993,   0.006644      
# span 17 =    33.9516,    34.5402      
# span 18 =    33.9517,    34.5399      
# span 19 =     3.9113,     6.7886      
# span 20 =    26.2072,    27.5508      
# span 21 =    26.2069,    27.5505      
# span 22 =    33.9519,    34.5402      
# span 23 =    26.2074,    27.5508      
# span 24 =    1465.55,    1487.06      
# span 25 =    1465.56,    1487.08      
# span 26 =     2.6327,     9.5570      
# span 27 =  1026.2246,  1032.2140      
# span 28 =    34.1133,    34.7060      
# span 29 = 0.0000e+00, 0.0000e+00      
# interval = decibars: 1                
# start_time = Oct 17 2023 00:39:31 [NMEA time, header]
# bad_flag = -9.990e-29
*END*
[from data line 629]
      20460 290.037309  -39.31348  -53.15248      1.188    1470.49    632.000    626.241     2.8543     2.8552     0.0009     2.8142     2.8150     0.0009   3.126113   3.126147   0.000031    34.3204    34.3198     4.6006    27.3592    27.3587    34.3202    27.3591    1471.26    1471.26     2.8141  1030.3017    34.4834 0.0000e+00
      20478 290.037317  -39.31348  -53.15248      1.346    1470.49    633.000    627.230     2.8542     2.8550     0.0009     2.8140     2.8148     0.0009   3.126146   3.126199   0.000050    34.3203    34.3200     4.6014    27.3592    27.3589    34.3202    27.3591    1471.28    1471.28     2.8139  1030.3063    34.4834 0.0000e+00
      20503 290.037329  -39.31348  -53.15246      1.183    1470.49    634.000    628.217     2.8543     2.8547     0.0004     2.8140     2.8144     0.0004   3.126177   3.126232   0.000054    34.3200    34.3203     4.5899    27.3590    27.3592    34.3199    27.3589    1471.29    1471.29     2.8140  1030.3107    34.4831 0.0000e+00
      20546 290.037350  -39.31348  -53.15246      0.517    1470.49    635.000    629.212     2.8540     2.8547     0.0006     2.8137     2.8143     0.0006   3.126231   3.126285   0.000054    34.3204    34.3204     4.5779    27.3593    27.3592    34.3203    27.3592    1471.31    1471.31     2.8136  1030.3157    34.4835 0.0000e+00
      20573 290.037363  -39.31348  -53.15246      0.729    1470.49    636.000    630.198     2.8539     2.8548     0.0009     2.8135     2.8144     0.0009   3.126285   3.126360   0.000072    34.3206    34.3205     4.5717    27.3595    27.3593    34.3206    27.3594    1471.32    1471.33     2.8134  1030.3205    34.4838 0.0000e+00
      20592 290.037372  -39.31348  -53.15246      1.030    1470.49    637.000    631.188     2.8539     2.8548     0.0009     2.8135     2.8143     0.0009   3.126344   3.126417   0.000071    34.3207    34.3207     4.5701    27.3596    27.3595    34.3207    27.3596    1471.34    1471.34     2.8134  1030.3253    34.4839 0.0000e+00
      20609 290.037381  -39.31348  -53.15246      1.257    1470.49    638.000    632.177     2.8537     2.8545     0.0008     2.8131     2.8140     0.0008   3.126404   3.126480   0.000076    34.3212    34.3212     4.5726    27.3600    27.3599    34.3212    27.3600    1471.36    1471.36     2.8131  1030.3303    34.4844 0.0000e+00
      20627 290.037389  -39.31348  -53.15246      1.382    1470.49    639.000    633.167     2.8535     2.8543     0.0009     2.8128     2.8136     0.0008   3.126460   3.126534   0.000076    34.3216    34.3217     4.5699    27.3603    27.3603    34.3216    27.3603    1471.37    1471.38     2.8128  1030.3353    34.4848 0.0000e+00
      20653 290.037402  -39.31348  -53.15244      1.139    1470.50    640.000    634.155     2.8535     2.8541     0.0006     2.8128     2.8134     0.0006   3.126539   3.126572   0.000036    34.3220    34.3218     4.5730    27.3606    27.3604    34.3220    27.3606    1471.39    1471.39     2.8127  1030.3402    34.4852 0.0000e+00
      20698 290.037424  -39.31348  -53.15243      0.493    1470.53    641.000    635.145     2.8530     2.8538     0.0008     2.8122     2.8130     0.0008   3.126584   3.126634   0.000047    34.3226    34.3224     4.5661    27.3612    27.3609    34.3225    27.3611    1471.40    1471.41     2.8122  1030.3453    34.4858 0.0000e+00
      20733 290.037440  -39.31348  -53.15242      0.644    1470.53    642.000    636.135     2.8528     2.8536     0.0008     2.8120     2.8128     0.0008   3.126634   3.126698   0.000065    34.3228    34.3227     4.5693    27.3614    27.3612    34.3228    27.3614    1471.42    1471.42     2.8119  1030.3502    34.4861 0.0000e+00
      20758 290.037452  -39.31348  -53.15242      0.866    1470.53    643.000    637.124     2.8526     2.8534     0.0008     2.8117     2.8125     0.0008   3.126736   3.126764   0.000028    34.3237    34.3232     4.5710    27.3621    27.3616    34.3238    27.3621    1471.44    1471.44     2.8116  1030.3556    34.4870 0.0000e+00
      20779 290.037462  -39.31347  -53.15242      1.045    1470.53    644.000    638.113     2.8520     2.8529     0.0008     2.8111     2.8119     0.0008   3.126773   3.126854   0.000075    34.3243    34.3243     4.5625    27.3626    27.3626    34.3243    27.3626    1471.45    1471.46     2.8110  1030.3607    34.4875 0.0000e+00
      20798 290.037472  -39.31346  -53.15242      1.164    1470.53    645.000    639.102     2.8518     2.8527     0.0009     2.8108     2.8117     0.0009   3.126883   3.126935   0.000062    34.3251    34.3249     4.5633    27.3633    27.3631    34.3253    27.3634    1471.47    1471.47     2.8107  1030.3661    34.4885 0.0000e+00
      20818 290.037481  -39.31346  -53.15242      1.211    1470.53    646.000    640.092     2.8518     2.8527     0.0008     2.8108     2.8116     0.0008   3.127038   3.127091   0.000043    34.3265    34.3262     4.5604    27.3645    27.3641    34.3266    27.3645    1471.49    1471.49     2.8107  1030.3719    34.4899 0.0000e+00
      20839 290.037491  -39.31348  -53.15242      1.201    1470.53    647.000    641.081     2.8518     2.8527     0.0008     2.8107     2.8115     0.0008   3.127194   3.127264   0.000077    34.3278    34.3279     4.5577    27.3655    27.3654    34.3280    27.3656    1471.51    1471.51     2.8106  1030.3775    34.4912 0.0000e+00
      20863 290.037503  -39.31348  -53.15240      1.097    1470.53    648.000    642.071     2.8522     2.8531     0.0009     2.8110     2.8118     0.0009   3.127362   3.127442   0.000076    34.3290    34.3289     4.5530    27.3664    27.3663    34.3291    27.3665    1471.52    1471.53     2.8109  1030.3830    34.4924 0.0000e+00
      20894 290.037518  -39.31346  -53.15240      0.848    1470.53    649.000    643.060     2.8525     2.8532     0.0007     2.8111     2.8119     0.0007   3.127534   3.127571   0.000041    34.3304    34.3301     4.5369    27.3675    27.3672    34.3304    27.3675    1471.54    1471.55     2.8111  1030.3887    34.4937 0.0000e+00
      20930 290.037535  -39.31346  -53.15240      0.644    1470.53    650.000    644.049     2.8507     2.8515     0.0008     2.8094     2.8101     0.0007   3.127497   3.127546   0.000045    34.3313    34.3311     4.5311    27.3684    27.3681    34.3312    27.3683    1471.55    1471.56     2.8093  1030.3942    34.4945 0.0000e+00
      20959 290.037549  -39.31346  -53.15240      0.763    1470.53    651.000    645.038     2.8497     2.8505     0.0008     2.8082     2.8091     0.0008   3.127527   3.127568   0.000040    34.3323    34.3319     4.5304    27.3692    27.3689    34.3322    27.3692    1471.57    1471.57     2.8082  1030.3996    34.4955 0.0000e+00
      20981 290.037560  -39.31348  -53.15240      0.969    1470.53    652.000    646.028     2.8484     2.8491     0.0007     2.8069     2.8075     0.0007   3.127508   3.127547   0.000043    34.3329    34.3327     4.5207    27.3699    27.3697    34.3328    27.3698    1471.58    1471.58     2.8068  1030.4049    34.4961 0.0000e+00
      21001 290.037570  -39.31346 -9.990e-29      1.123    1470.53    653.000    647.017     2.8456     2.8464     0.0008     2.8041     2.8048     0.0008   3.127461   3.127514   0.000049    34.3349    34.3346     4.5168    27.3717    27.3714    34.3346    27.3715    1471.59    1471.59     2.8040  1030.4112    34.4979 0.0000e+00
      21024 290.037581  -39.31346 -9.990e-29      1.123    1470.53    654.000    648.006     2.8448     2.8455     0.0008     2.8031     2.8039     0.0007   3.127512   3.127564   0.000050    34.3358    34.3355     4.5141    27.3725    27.3723    34.3356    27.3724    1471.60    1471.60     2.8031  1030.4167    34.4989 0.0000e+00
      21059 290.037597  -39.31346 -9.990e-29      0.792    1470.53    655.000    648.996     2.8444     2.8451     0.0006     2.8027     2.8034     0.0006   3.127593   3.127650   0.000058    34.3366    34.3366     4.5115    27.3732    27.3732    34.3364    27.3731    1471.62    1471.62     2.8027  1030.4220    34.4997 0.0000e+00
      21097 290.037616  -39.31346  -53.15238      0.584    1470.53    656.000    649.985     2.8434     2.8442     0.0007     2.8017     2.8024     0.0007   3.127698   3.127765   0.000062    34.3383    34.3383     4.5032    27.3746    27.3745    34.3382    27.3746    1471.63    1471.63     2.8016  1030.4283    34.5016 0.0000e+00
      21124 290.037628  -39.31346  -53.15236      0.799    1470.53    657.000    650.974     2.8439     2.8448     0.0008     2.8021     2.8030     0.0008   3.127976   3.128051   0.000076    34.3404    34.3405     4.5010    27.3763    27.3763    34.3405    27.3764    1471.65    1471.66     2.8020  1030.4347    34.5039 0.0000e+00
      21144 290.037638  -39.31346  -53.15236      1.033    1470.53    658.000    651.963     2.8445     2.8454     0.0009     2.8026     2.8035     0.0009   3.128124   3.128179   0.000059    34.3412    34.3409     4.4956    27.3768    27.3766    34.3412    27.3769    1471.67    1471.68     2.8026  1030.4397    34.5046 0.0000e+00
      21163 290.037647  -39.31346  -53.15236      1.199    1470.53    659.000    652.953     2.8448     2.8456     0.0008     2.8029     2.8037     0.0008   3.128217   3.128267   0.000051    34.3414    34.3412     4.4925    27.3771    27.3767    34.3415    27.3771    1471.69    1471.69     2.8028  1030.4446    34.5049 0.0000e+00
      21185 290.037658  -39.31346  -53.15235      1.194    1470.53    660.000    653.942     2.8451     2.8459     0.0008     2.8030     2.8039     0.0008   3.128309   3.128360   0.000052    34.3417    34.3415     4.4816    27.3772    27.3770    34.3418    27.3773    1471.71    1471.71     2.8030  1030.4494    34.5052 0.0000e+00
      21220 290.037675  -39.31346  -53.15234      0.764    1470.53    661.000    654.931     2.8453     2.8460     0.0008     2.8031     2.8039     0.0008   3.128333   3.128419   0.000088    34.3414    34.3416     4.4742    27.3769    27.3770    34.3414    27.3770    1471.72    1471.73     2.8031  1030.4537    34.5047 0.0000e+00
      21255 290.037692  -39.31346  -53.15234      0.634    1470.53    662.000    655.921     2.8456     2.8464     0.0008     2.8034     2.8042     0.0008   3.128487   3.128534   0.000041    34.3423    34.3419     4.4684    27.3777    27.3773    34.3423    27.3777    1471.74    1471.75     2.8034  1030.4590    34.5057 0.0000e+00
      21279 290.037703  -39.31346  -53.15234      0.886    1470.53    663.000    656.910     2.8462     2.8469     0.0008     2.8039     2.8047     0.0008   3.128615   3.128671   0.000060    34.3426    34.3425     4.4684    27.3779    27.3777    34.3427    27.3780    1471.76    1471.77     2.8039  1030.4639    34.5061 0.0000e+00
      21299 290.037713  -39.31346  -53.15234      1.098    1470.53    664.000    657.899     2.8466     2.8475     0.0008     2.8043     2.8051     0.0008   3.128764   3.128812   0.000047    34.3434    34.3430     4.4717    27.3785    27.3781    34.3436    27.3786    1471.78    1471.79     2.8042  1030.4692    34.5070 0.0000e+00
      21322 290.037724  -39.31346  -53.15233      1.127    1470.53    665.000    658.883     2.8473     2.8482     0.0009     2.8049     2.8058     0.0009   3.128898   3.128980   0.000075    34.3439    34.3439     4.4728    27.3789    27.3787    34.3439    27.3789    1471.80    1471.81     2.8048  1030.4740    34.5073 0.0000e+00
      21372 290.037748  -39.31346  -53.15232      0.460    1470.53    666.000    659.880     2.8472     2.8481     0.0010     2.8047     2.8056     0.0010   3.128939   3.128998   0.000060    34.3439    34.3436     4.4615    27.3788    27.3785    34.3441    27.3790    1471.82    1471.82     2.8046  1030.4787    34.5074 0.0000e+00
      21411 290.037767  -39.31346 -9.990e-29      0.576    1470.53    667.000    660.866     2.8491     2.8500     0.0010     2.8065     2.8075     0.0010   3.129285   3.129375   0.000091    34.3454    34.3455     4.4670    27.3799    27.3799    34.3457    27.3801    1471.85    1471.85     2.8065  1030.4844    34.5091 0.0000e+00
      21432 290.037777  -39.31346 -9.990e-29      0.918    1470.53    668.000    661.856     2.8506     2.8516     0.0010     2.8080     2.8090     0.0010   3.129543   3.129612   0.000058    34.3463    34.3459     4.4640    27.3804    27.3801    34.3467    27.3808    1471.87    1471.87     2.8079  1030.4897    34.5100 0.0000e+00
      21450 290.037786  -39.31346 -9.990e-29      1.166    1470.53    669.000    662.845     2.8530     2.8540     0.0010     2.8103     2.8113     0.0010   3.129933   3.130025   0.000099    34.3478    34.3479     4.4601    27.3815    27.3815    34.3483    27.3819    1471.90    1471.90     2.8102  1030.4954    34.5117 0.0000e+00
      21468 290.037795  -39.31346 -9.990e-29      1.301    1470.53    670.000    663.834     2.8540     2.8548     0.0009     2.8112     2.8120     0.0008   3.130223   3.130303   0.000079    34.3498    34.3499     4.4622    27.3830    27.3830    34.3503    27.3834    1471.92    1471.93     2.8111  1030.5014    34.5137 0.0000e+00
      21495 290.037808  -39.31346  -53.15230      1.099    1470.53    671.000    664.824     2.8549     2.8556     0.0007     2.8120     2.8127     0.0007   3.130363   3.130447   0.000082    34.3503    34.3506     4.4547    27.3833    27.3835    34.3505    27.3835    1471.94    1471.95     2.8120  1030.5062    34.5140 0.0000e+00
      21534 290.037826  -39.31346  -53.15230      0.594    1470.53    672.000    665.813     2.8557     2.8565     0.0008     2.8127     2.8135     0.0008   3.130556   3.130624   0.000072    34.3511    34.3511     4.4427    27.3839    27.3839    34.3515    27.3842    1471.96    1471.97     2.8127  1030.5115    34.5150 0.0000e+00
      21563 290.037840  -39.31344  -53.15230      0.752    1470.53    673.000    666.802     2.8563     2.8571     0.0008     2.8133     2.8141     0.0008   3.130773   3.130819   0.000049    34.3527    34.3524     4.4305    27.3851    27.3848    34.3530    27.3853    1471.99    1471.99     2.8132  1030.5172    34.5165 0.0000e+00
      21590 290.037853  -39.31345  -53.15230      0.883    1470.53    674.000    667.791     2.8552     2.8560     0.0008     2.8121     2.8129     0.0008   3.130787   3.130838   0.000046    34.3537    34.3534     4.4213    27.3860    27.3857    34.3537    27.3861    1472.00    1472.00     2.8121  1030.5226    34.5172 0.0000e+00
      21625 290.037870  -39.31346  -53.15229      0.744    1470.53    675.000    668.780     2.8549     2.8557     0.0008     2.8117     2.8126     0.0008   3.130847   3.130906   0.000063    34.3541    34.3540     4.4162    27.3864    27.3862    34.3543    27.3865    1472.01    1472.02     2.8117  1030.5277    34.5178 0.0000e+00
      21666 290.037890  -39.31344  -53.15228      0.568    1470.53    676.000    669.771     2.8539     2.8547     0.0008     2.8107     2.8114     0.0008   3.130893   3.130935   0.000045    34.3553    34.3550     4.4129    27.3874    27.3871    34.3554    27.3875    1472.03    1472.03     2.8106  1030.5333    34.5189 0.0000e+00
      21695 290.037904  -39.31344  -53.15228      0.733    1470.53    677.000    670.759     2.8528     2.8536     0.0008     2.8095     2.8103     0.0008   3.130901   3.130946   0.000044    34.3561    34.3558     4.4146    27.3882    27.3878    34.3561    27.3882    1472.04    1472.04     2.8094  1030.5386    34.5196 0.0000e+00
      21718 290.037915  -39.31344  -53.15228      0.933    1470.53    678.000    671.748     2.8522     2.8530     0.0009     2.8088     2.8096     0.0008   3.130959   3.131002   0.000043    34.3569    34.3565     4.4143    27.3889    27.3885    34.3569    27.3889    1472.06    1472.06     2.8088  1030.5440    34.5204 0.0000e+00
