Pos-Processados/process_op42/operantar42_016.ros
* Sea-Bird SBE 9 Data File:
* FileName = C:\Users\Hidrografia\Desktop\OPXLII\Brutos\OP42016.hdr
* Software Version Seasave V 7.26.7.107
* Temperature SN = 6502
* Conductivity SN = 4998
* Number of Bytes Per Scan = 31
* Number of Voltage Words = 2
* Number of Scans Averaged by the Deck Unit = 1
* NMEA Latitude = 47 17.16 S
* NMEA Longitude = 059 17.59 W
* NMEA UTC (Time) = Oct 21 2023 04:54:38
* NMEA baud rate = 4800
** H41
** NPOALTEMAXIMIANO
** NUMERO DA ESTACAO (XXX) 016
** LAT (XX XX.XX S/N) 47 17.23 S
** LONG (XXX XX.XX W/E) 059 17.82 W
** DATAHORA (dd/mm/aaaa hh:mm Z) 21/10/2023 0454Z
** PROFUNDIDADE (m) 1301
** OPERADOR CT FABIREZA
# nquan = 24
# nvalues = 4048                                  
# units = specified
# name 0 = scan: Scan Count
# name 1 = timeJ: Julian Days
# name 2 = latitude: Latitude [deg]
# name 3 = longitude: Longitude [deg]
# name 4 = dz/dtM: Descent Rate [m/s]
# name 5 = avgsvCM: Average Sound Velocity [Chen-Millero, m/s]
# name 6 = prDM: Pressure, Digiquartz [db]
# name 7 = depSM: Depth [salt water, m]
# name 8 = t090C: Temperature [ITS-90, deg C]
# name 9 = t190C: Temperature, 2 [ITS-90, deg C]
# name 10 = T2-T190C: Temperature Difference, 2 - 1 [ITS-90, deg C]
# name 11 = potemp090C: Potential Temperature [ITS-90, deg C]
# name 12 = potemp190C: Potential Temperature, 2 [ITS-90, deg C]
# name 13 = potemp90Cdiff: Potential Temperature, Diff, 2 - 1 [ITS-90, deg C]
# name 14 = c0S/m: Conductivity [S/m]
# name 15 = c1S/m: Conductivity, 2 [S/m]
# name 16 = C2-C1S/m: Conductivity Difference, 2 - 1 [S/m]
# name 17 = sal00: Salinity, Practical [PSU]
# name 18 = sal11: Salinity, Practical, 2 [PSU]
# name 19 = sbeox0ML/L: Oxygen, SBE 43 [ml/l]
# name 20 = sigma-é00: Density [sigma-theta, kg/m^3]
# name 21 = sigma-é11: Density, 2 [sigma-theta, kg/m^3]
# name 22 = nbf: Bottles Fired
# name 23 = flag:  0.000e+00
# interval = seconds: 0.0416667
# start_time = Oct 21 2023 04:54:38 [NMEA time, header]
# bad_flag = -9.990e-29
*END*
      58995 294.233057  -47.28450  -59.30298     -0.137    1472.95     19.872     19.705     5.3417     5.3444     0.0027     5.3402     5.3428     0.0027   3.294857   3.295063   0.000206    34.0511    34.0508     7.0898    26.8834    26.8828          1  0.000e+00
      58996 294.233057  -47.28450  -59.30298     -0.138    1472.95     19.936     19.769     5.3418     5.3449     0.0031     5.3403     5.3434     0.0031   3.294936   3.295123   0.000187    34.0519    34.0509     7.0904    26.8840    26.8828          1  0.000e+00
      58997 294.233057  -47.28450  -59.30298     -0.142    1472.95     19.880     19.713     5.3420     5.3452     0.0032     5.3405     5.3437     0.0032   3.294936   3.295117   0.000181    34.0517    34.0506     7.0908    26.8838    26.8825          1  0.000e+00
      58998 294.233058  -47.28450  -59.30298     -0.145    1472.95     19.872     19.705     5.3423     5.3452     0.0029     5.3408     5.3437     0.0029   3.294936   3.295129   0.000193    34.0514    34.0507     7.0913    26.8836    26.8827          1  0.000e+00
      58999 294.233058  -47.28450  -59.30298     -0.144    1472.95     19.936     19.769     5.3430     5.3449     0.0019     5.3414     5.3433     0.0019   3.295051   3.295117   0.000066    34.0521    34.0509     7.0910    26.8840    26.8828          1  0.000e+00
      59000 294.233059  -47.28450  -59.30298     -0.146    1472.95     19.880     19.713     5.3428     5.3446     0.0018     5.3413     5.3431     0.0018   3.295002   3.295111   0.000109    34.0517    34.0511     7.0863    26.8837    26.8830          1  0.000e+00
      59001 294.233059  -47.28450  -59.30298     -0.151    1472.95     19.872     19.705     5.3428     5.3441     0.0013     5.3413     5.3426     0.0013   3.295033   3.295063   0.000031    34.0520    34.0510     7.0861    26.8840    26.8831          1  0.000e+00
      59002 294.233060  -47.28450  -59.30298     -0.152    1472.95     19.880     19.713     5.3426     5.3444     0.0018     5.3411     5.3428     0.0018   3.295063   3.295051  -0.000012    34.0525    34.0506     7.0912    26.8844    26.8827          1  0.000e+00
      59003 294.233060  -47.28450  -59.30298     -0.152    1472.95     19.880     19.713     5.3425     5.3441     0.0016     5.3409     5.3426     0.0016   3.294996   3.295027   0.000031    34.0519    34.0506     7.0866    26.8840    26.8827          1  0.000e+00
      59004 294.233061  -47.28450  -59.30298     -0.151    1472.95     19.872     19.705     5.3430     5.3443     0.0013     5.3415     5.3427     0.0013   3.295033   3.295039   0.000007    34.0518    34.0506     7.0917    26.8838    26.8827          1  0.000e+00
      59005 294.233061  -47.28450  -59.30298     -0.149    1472.95     19.880     19.713     5.3434     5.3441     0.0007     5.3419     5.3426     0.0007   3.295020   3.295051   0.000031    34.0513    34.0509     7.0922    26.8833    26.8829          1  0.000e+00
      59006 294.233062  -47.28450  -59.30298     -0.154    1472.95     19.815     19.650     5.3432     5.3441     0.0010     5.3416     5.3426     0.0010   3.295045   3.295093   0.000048    34.0518    34.0514     7.0927    26.8838    26.8833          1  0.000e+00
      59007 294.233062  -47.28450  -59.30298     -0.151    1472.95     19.872     19.705     5.3435     5.3441     0.0007     5.3419     5.3426     0.0007   3.295039   3.295087   0.000048    34.0514    34.0513     7.0933    26.8834    26.8833          1  0.000e+00
      59008 294.233063  -47.28450  -59.30298     -0.151    1472.95     19.880     19.713     5.3434     5.3442     0.0008     5.3419     5.3427     0.0008   3.295075   3.295057  -0.000018    34.0519    34.0509     7.0939    26.8838    26.8829          1  0.000e+00
      59009 294.233063  -47.28450  -59.30298     -0.154    1472.95     19.815     19.650     5.3433     5.3441     0.0008     5.3418     5.3426     0.0008   3.295069   3.295093   0.000024    34.0520    34.0514     7.0937    26.8839    26.8833          1  0.000e+00
      59010 294.233064  -47.28450  -59.30298     -0.153    1472.95     19.816     19.650     5.3433     5.3441     0.0008     5.3418     5.3426     0.0008   3.295014   3.295111   0.000097    34.0513    34.0516     7.0943    26.8834    26.8835          1  0.000e+00
      59011 294.233064  -47.28450  -59.30298     -0.150    1472.95     19.880     19.713     5.3434     5.3447     0.0013     5.3419     5.3432     0.0013   3.295087   3.295111   0.000024    34.0520    34.0510     7.1001    26.8839    26.8829          1  0.000e+00
      59012 294.233065  -47.28450  -59.30298     -0.151    1472.95     19.816     19.650     5.3435     5.3449     0.0014     5.3419     5.3433     0.0014   3.295081   3.295129   0.000048    34.0519    34.0511     7.1012    26.8838    26.8830          1  0.000e+00
      59013 294.233065  -47.28450  -59.30298     -0.144    1472.95     19.872     19.706     5.3433     5.3446     0.0013     5.3418     5.3431     0.0013   3.295124   3.295117  -0.000007    34.0526    34.0512     7.0965    26.8844    26.8831          1  0.000e+00
      59014 294.233066  -47.28450  -59.30298     -0.147    1472.95     19.816     19.650     5.3433     5.3449     0.0016     5.3417     5.3433     0.0016   3.295111   3.295153   0.000041    34.0525    34.0513     7.1015    26.8843    26.8832          1  0.000e+00
      59015 294.233066  -47.28450  -59.30298     -0.145    1472.95     19.816     19.650     5.3433     5.3447     0.0014     5.3418     5.3432     0.0014   3.295063   3.295147   0.000084    34.0519    34.0514     7.1019    26.8838    26.8833          1  0.000e+00
      59016 294.233067  -47.28450  -59.30298     -0.144    1472.95     19.816     19.650     5.3433     5.3446     0.0012     5.3418     5.3430     0.0012   3.295124   3.295141   0.000017    34.0526    34.0515     7.1028    26.8844    26.8834          1  0.000e+00
      59017 294.233067  -47.28450  -59.30298     -0.137    1472.95     19.880     19.714     5.3434     5.3446     0.0012     5.3419     5.3431     0.0012   3.295020   3.295117   0.000097    34.0513    34.0512     7.1039    26.8833    26.8831          1  0.000e+00
      59018 294.233068  -47.28450  -59.30298     -0.137    1472.95     19.816     19.650     5.3432     5.3446     0.0014     5.3416     5.3430     0.0014   3.295057   3.295129   0.000072    34.0520    34.0514     7.1048    26.8839    26.8833          1  0.000e+00
      59019 294.233068  -47.28450  -59.30298     -0.133    1472.95     19.816     19.650     5.3436     5.3449     0.0013     5.3421     5.3433     0.0013   3.295051   3.295117   0.000066    34.0514    34.0509     7.1050    26.8834    26.8829          1  0.000e+00
      59020 294.233069  -47.28450  -59.30298     -0.132    1472.95     19.816     19.650     5.3434     5.3452     0.0018     5.3419     5.3437     0.0018   3.295117   3.295177   0.000059    34.0524    34.0513     7.1059    26.8842    26.8831          1  0.000e+00
      59021 294.233069  -47.28450  -59.30298     -0.131    1472.95     19.816     19.650     5.3435     5.3454     0.0019     5.3419     5.3439     0.0019   3.295111   3.295177   0.000065    34.0523    34.0511     7.1015    26.8841    26.8829          1  0.000e+00
      59022 294.233070  -47.28450  -59.30298     -0.122    1472.95     19.872     19.706     5.3438     5.3454     0.0016     5.3422     5.3438     0.0016   3.295087   3.295189   0.000102    34.0517    34.0512     7.1070    26.8836    26.8831          1  0.000e+00
      59023 294.233070  -47.28450  -59.30298     -0.123    1472.95     19.816     19.650     5.3443     5.3455     0.0013     5.3427     5.3440     0.0013   3.295178   3.295177  -0.000001    34.0523    34.0510     7.1017    26.8840    26.8828          1  0.000e+00
      59024 294.233071  -47.28450  -59.30298     -0.116    1472.95     19.816     19.650     5.3445     5.3452     0.0007     5.3429     5.3437     0.0007   3.295148   3.295147 -9.156e-07    34.0517    34.0509     7.1018    26.8835    26.8828          1  0.000e+00
      59025 294.233071  -47.28450  -59.30298     -0.112    1472.95     19.816     19.650     5.3441     5.3453     0.0012     5.3426     5.3437     0.0012   3.295166   3.295183   0.000017    34.0523    34.0513     7.1020    26.8840    26.8831          1  0.000e+00
      59026 294.233071  -47.28450  -59.30298     -0.107    1472.95     19.880     19.714     5.3443     5.3452     0.0009     5.3427     5.3437     0.0009   3.295142   3.295153   0.000011    34.0518    34.0510     7.1015    26.8836    26.8829          1  0.000e+00
      59027 294.233072  -47.28450  -59.30298     -0.102    1472.95     19.816     19.650     5.3443     5.3449     0.0006     5.3427     5.3433     0.0006   3.295075   3.295183   0.000108    34.0511    34.0517     7.1009    26.8831    26.8835          1  0.000e+00
      59028 294.233072  -47.28450  -59.30298     -0.101    1472.95     19.816     19.650     5.3441     5.3452     0.0011     5.3426     5.3437     0.0011   3.295190   3.295201   0.000010    34.0526    34.0516     7.1003    26.8843    26.8833          1  0.000e+00
      59029 294.233073  -47.28450  -59.30298     -0.091    1472.95     19.880     19.714     5.3441     5.3453     0.0012     5.3425     5.3437     0.0012   3.295154   3.295201   0.000047    34.0521    34.0515     7.0997    26.8839    26.8833          1  0.000e+00
      59030 294.233073  -47.28450  -59.30298     -0.089    1472.95     19.816     19.650     5.3441     5.3454     0.0013     5.3426     5.3438     0.0013   3.295142   3.295219   0.000077    34.0520    34.0516     7.1042    26.8838    26.8833          1  0.000e+00
      59031 294.233074  -47.28450  -59.30298     -0.082    1472.95     19.872     19.706     5.3441     5.3452     0.0011     5.3425     5.3437     0.0011   3.295111   3.295207   0.000095    34.0516    34.0516     7.1042    26.8835    26.8834          1  0.000e+00
      59032 294.233074  -47.28450  -59.30298     -0.079    1472.95     19.816     19.650     5.3439     5.3454     0.0014     5.3424     5.3438     0.0014   3.295136   3.295177   0.000041    34.0521    34.0511     7.0989    26.8839    26.8830          1  0.000e+00
      59033 294.233075  -47.28450  -59.30298     -0.068    1472.95     19.880     19.714     5.3441     5.3453     0.0012     5.3425     5.3437     0.0012   3.295130   3.295171   0.000041    34.0518    34.0511     7.1033    26.8837    26.8830          1  0.000e+00
      59034 294.233075  -47.28450  -59.30298     -0.064    1472.95     19.872     19.706     5.3441     5.3452     0.0011     5.3425     5.3437     0.0011   3.295093   3.295189   0.000095    34.0514    34.0514     7.1031    26.8834    26.8832          1  0.000e+00
      59035 294.233076  -47.28450  -59.30298     -0.060    1472.95     19.816     19.650     5.3441     5.3452     0.0011     5.3426     5.3437     0.0011   3.295178   3.295201   0.000023    34.0524    34.0516     7.1028    26.8841    26.8833          1  0.000e+00
      59036 294.233076  -47.28450  -59.30298     -0.051    1472.95     19.937     19.770     5.3437     5.3450     0.0013     5.3422     5.3435     0.0013   3.295148   3.295177   0.000029    34.0524    34.0514     7.1027    26.8842    26.8832          1  0.000e+00
      59037 294.233077  -47.28450  -59.30298     -0.043    1472.95     19.872     19.706     5.3439     5.3451     0.0012     5.3424     5.3435     0.0012   3.295184   3.295171  -0.000013    34.0526    34.0513     7.1029    26.8843    26.8831          1  0.000e+00
      59038 294.233077  -47.28450  -59.30298     -0.042    1472.95     19.816     19.650     5.3438     5.3450     0.0013     5.3422     5.3435     0.0013   3.295148   3.295189   0.000041    34.0524    34.0516     7.1025    26.8842    26.8834          1  0.000e+00
      59039 294.233078  -47.28450  -59.30298     -0.030    1472.95     19.937     19.770     5.3437     5.3447     0.0010     5.3422     5.3432     0.0010   3.295093   3.295153   0.000060    34.0518    34.0514     7.1029    26.8837    26.8833          1  0.000e+00
      59040 294.233078  -47.28450  -59.30298     -0.021    1472.95     19.937     19.770     5.3430     5.3447     0.0017     5.3415     5.3432     0.0017   3.295178   3.295141  -0.000037    34.0535    34.0513     7.1032    26.8851    26.8832          1  0.000e+00
      59041 294.233079  -47.28450  -59.30298     -0.015    1472.95     19.880     19.714     5.3433     5.3448     0.0015     5.3418     5.3432     0.0015   3.295057   3.295141   0.000084    34.0518    34.0513     7.1033    26.8837    26.8832          1  0.000e+00
      59042 294.233079  -47.28450  -59.30298     -0.009    1472.95     19.937     19.770     5.3431     5.3442     0.0011     5.3416     5.3427     0.0011   3.295111   3.295117   0.000006    34.0526    34.0515     7.1036    26.8844    26.8834          1  0.000e+00
      59043 294.233080  -47.28450  -59.30298      0.003    1472.95     19.937     19.770     5.3435     5.3441     0.0007     5.3419     5.3426     0.0007   3.295130   3.295129 -6.510e-07    34.0524    34.0518     7.1036    26.8842    26.8836          1  0.000e+00
      59044 294.233080  -47.28450  -59.30298      0.005    1472.95     19.880     19.714     5.3435     5.3436     0.0002     5.3419     5.3421     0.0002   3.295093   3.295117   0.000024    34.0520    34.0521     7.1037    26.8839    26.8840          1  0.000e+00
      59045 294.233081  -47.28450  -59.30298      0.014    1472.95     19.937     19.770     5.3436     5.3435    -0.0001     5.3420     5.3419    -0.0001   3.295118   3.295111  -0.000006    34.0522    34.0522     7.1038    26.8840    26.8841          1  0.000e+00
      59046 294.233081  -47.28450  -59.30298      0.023    1472.95     19.993     19.826     5.3436     5.3436     0.0000     5.3421     5.3421     0.0000   3.295118   3.295087  -0.000030    34.0521    34.0517     7.1039    26.8840    26.8837          1  0.000e+00
      59047 294.233082  -47.28450  -59.30298      0.025    1472.95     19.880     19.714     5.3436     5.3433    -0.0003     5.3421     5.3418    -0.0003   3.295136   3.295081  -0.000055    34.0524    34.0521     7.0986    26.8842    26.8840          1  0.000e+00
      59048 294.233082  -47.28450  -59.30298      0.037    1472.95     19.993     19.826     5.3434     5.3435     0.0001     5.3419     5.3419     0.0001   3.295063   3.295057  -0.000006    34.0517    34.0516     7.1034    26.8837    26.8835          1  0.000e+00
      59049 294.233083  -47.28450  -59.30298      0.046    1472.95     19.993     19.826     5.3435     5.3438     0.0003     5.3419     5.3422     0.0003   3.295093   3.295051  -0.000042    34.0520    34.0512     7.0974    26.8839    26.8832          1  0.000e+00
      59050 294.233083  -47.28450  -59.30298      0.050    1472.95     19.937     19.770     5.3433     5.3436     0.0003     5.3418     5.3421     0.0003   3.295099   3.295051  -0.000048    34.0522    34.0514     7.0960    26.8841    26.8834          1  0.000e+00
      59051 294.233084  -47.28450  -59.30298      0.058    1472.95     19.993     19.826     5.3431     5.3436     0.0005     5.3416     5.3421     0.0005   3.295063   3.295069   0.000006    34.0520    34.0515     7.1006    26.8839    26.8835          1  0.000e+00
      59052 294.233084  -47.28450  -59.30298      0.066    1472.95     19.993     19.826     5.3432     5.3438     0.0006     5.3416     5.3422     0.0006   3.295124   3.295081  -0.000042    34.0527    34.0515     7.0946    26.8844    26.8835          1  0.000e+00
      59053 294.233084  -47.28450  -59.30298      0.073    1472.95     19.993     19.826     5.3430     5.3436     0.0006     5.3415     5.3421     0.0006   3.295021   3.295099   0.000079    34.0516    34.0519     7.0939    26.8837    26.8838          1  0.000e+00
      59054 294.233085  -47.28450  -59.30298      0.080    1472.95     19.993     19.826     5.3430     5.3436     0.0007     5.3414     5.3421     0.0007   3.295057   3.295039  -0.000018    34.0521    34.0512     7.0931    26.8840    26.8832          1  0.000e+00
