Pos-Processados/process_op42/operantar42_026.cnv
* Sea-Bird SBE 9 Data File:
* FileName = C:\Users\Hidrografia\Desktop\OPXLII\Brutos\OP42026.hdr
* Software Version Seasave V 7.26.7.107
* Temperature SN = 6502
* Conductivity SN = 4998
* Number of Bytes Per Scan = 37
* Number of Voltage Words = 4
* Number of Scans Averaged by the Deck Unit = 1
* NMEA Latitude = 62 13.40 S
* NMEA Longitude = 058 12.50 W
* NMEA UTC (Time) = Nov 08 2023 16:16:15
* NMEA baud rate = 4800
** H41
** NPOALTEMAXIMIANO
** NUMERO DA ESTACAO (XXX) 026
** LAT (XX XX.XX S/N) 62  13.401 S
** LONG (XXX XX.XX W/E) 058  12.553 W
** DATAHORA (dd/mm/aaaa hh:mm Z) 08/11/2023 1615Z
** PROFUNDIDADE (m) 390
** OPERADOR 1T ZAMITH
# nquan = 30
# nvalues = 717                         
# units = specified
# name 0 = scan: Scan Count
# name 1 = timeJ: Julian Days
# name 2 = latitude: Latitude [deg]
# name 3 = longitude: Longitude [deg]
# name 4 = dz/dtM: Descent Rate [m/s]
# name 5 = avgsvCM: Average Sound Velocity [Chen-Millero, m/s]
# name 6 = prDM: Pressure, Digiquartz [db]
# name 7 = depSM: Depth [salt water, m]
# name 8 = t090C: Temperature [ITS-90, deg C]
# name 9 = t190C: Temperature, 2 [ITS-90, deg C]
# name 10 = T2-T190C: Temperature Difference, 2 - 1 [ITS-90, deg C]
# name 11 = potemp090C: Potential Temperature [ITS-90, deg C]
# name 12 = potemp190C: Potential Temperature, 2 [ITS-90, deg C]
# name 13 = potemp90Cdiff: Potential Temperature, Diff, 2 - 1 [ITS-90, deg C]
# name 14 = c0S/m: Conductivity [S/m]
# name 15 = c1S/m: Conductivity, 2 [S/m]
# name 16 = C2-C1S/m: Conductivity Difference, 2 - 1 [S/m]
# name 17 = sal00: Salinity, Practical [PSU]
# name 18 = sal11: Salinity, Practical, 2 [PSU]
# name 19 = sbeox0ML/L: Oxygen, SBE 43 [ml/l]
# name 20 = sigma-é00: Density [sigma-theta, kg/m^3]
# name 21 = sigma-é11: Density, 2 [sigma-theta, kg/m^3]
# name 22 = sal00: Salinity, Practical [PSU]
# name 23 = sigma-é00: Density [sigma-theta, kg/m^3]
# name 24 = svCM: Sound Velocity [Chen-Millero, m/s]
# name 25 = svCM1: Sound Velocity, 2 [Chen-Millero, m/s]
# name 26 = gsw_ptA0: potential temperature [ITS-90, deg C]
# name 27 = gsw_densityA0: density, TEOS-10 [density, kg/m^3]
# name 28 = gsw_saA0: Absolute Salinity [g/kg]
# name 29 = flag:
# span 0 =       2909,      29833       
# span 1 = 312.679354, 312.692338       
# span 2 =  -62.22512,  -62.22360       
# span 3 =  -58.20720,  -58.19243       
# span 4 =     -1.350,      1.230       
# span 5 =      -0.04,    1448.69       
# span 6 =      8.000,    366.000       
# span 7 =      7.927,    362.156       
# span 8 =    -0.9187,    -0.4720       
# span 9 =    -0.9162,    -0.4700       
# span 10 =    -0.0123,     0.0772      
# span 11 =    -0.9194,    -0.4841      
# span 12 =    -0.9168,    -0.4822      
# span 13 =    -0.0123,     0.0771      
# span 14 =   2.773009,   2.833103      
# span 15 =   2.773127,   2.833182      
# span 16 =  -0.001125,   0.006599      
# span 17 =    34.2757,    34.3757      
# span 18 =    34.2750,    34.3744      
# span 19 =     6.8284,     7.7605      
# span 20 =    27.5604,    27.6258      
# span 21 =    27.5613,    27.6247      
# span 22 =    34.2742,    34.3758      
# span 23 =    27.5586,    27.6259      
# span 24 =    1444.16,    1451.97      
# span 25 =    1444.16,    1451.98      
# span 26 =    -0.9194,    -0.4839      
# span 27 =  1027.6060,  1029.3739      
# span 28 =    34.4397,    34.5439      
# span 29 = 0.0000e+00, 0.0000e+00      
# interval = decibars: 1                
# start_time = Nov 08 2023 16:16:15 [NMEA time, header]
# bad_flag = -9.990e-29
*END*
       2909 312.679354  -62.22360  -58.20720      0.175      -0.04      8.000      7.953    -0.8236    -0.8215     0.0020    -0.8238    -0.8218     0.0020   2.780580   2.780649   0.000045    34.2821    34.2805     7.7270    27.5647    27.5633    34.2811    27.5638    1444.48    1444.49    -0.8237  1027.6070    34.4465 0.0000e+00
       3029 312.679412  -62.22360  -58.20716      0.229       0.06      9.000      8.912    -0.8047    -0.8049    -0.0002    -0.8050    -0.8052    -0.0002   2.782218   2.782132  -0.000057    34.2805    34.2800     7.7259    27.5626    27.5622    34.2813    27.5633    1444.59    1444.58    -0.8050  1027.6111    34.4468 0.0000e+00
       3095 312.679444  -62.22361  -58.20713      0.406      -0.00     10.000      9.904    -0.7794    -0.7872    -0.0077    -0.7797    -0.7875    -0.0077   2.784321   2.783747  -0.000595    34.2791    34.2799     7.7211    27.5604    27.5614    34.2804    27.5615    1444.72    1444.69    -0.7797  1027.6142    34.4459 0.0000e+00
       3135 312.679463  -62.22362  -58.20711      0.593       0.06     11.000     10.892    -0.7776    -0.7765     0.0012    -0.7779    -0.7768     0.0012   2.784750   2.784739  -0.000049    34.2832    34.2812     7.7261    27.5637    27.5621    34.2836    27.5640    1444.75    1444.75    -0.7779  1027.6214    34.4491 0.0000e+00
       3173 312.679481  -62.22362  -58.20708      0.614      -0.00     12.000     11.887    -0.8099    -0.8032     0.0067    -0.8102    -0.8035     0.0067   2.782237   2.782413   0.000157    34.2882    34.2826     7.7213    27.5691    27.5643    34.2856    27.5669    1444.62    1444.64    -0.8102  1027.6291    34.4510 0.0000e+00
       3204 312.679496  -62.22362  -58.20707      0.740 6.3877e-29     13.000     12.875    -0.8172    -0.8162     0.0010    -0.8175    -0.8165     0.0010   2.781390   2.781381  -0.000004    34.2825    34.2813     7.7125    27.5647    27.5637    34.2817    27.5641    1444.59    1444.60    -0.8175  1027.6311    34.4471 0.0000e+00
       3232 312.679510  -62.22362  -58.20706      0.833 7.6733e-09     14.000     13.865    -0.8220    -0.8209     0.0010    -0.8224    -0.8213     0.0010   2.781010   2.781032   0.000023    34.2820    34.2812     7.7178    27.5646    27.5638    34.2814    27.5640    1444.59    1444.59    -0.8224  1027.6358    34.4468 0.0000e+00
       3264 312.679525  -62.22362  -58.20705      0.783       0.18     15.000     14.855    -0.8215    -0.8202     0.0013    -0.8219    -0.8206     0.0013   2.781069   2.781121   0.000047    34.2815    34.2807     7.7269    27.5641    27.5634    34.2810    27.5637    1444.61    1444.61    -0.8219  1027.6403    34.4463 0.0000e+00
       3301 312.679543  -62.22362  -58.20702      0.657      -0.00     16.000     15.846    -0.8217    -0.8211     0.0006    -0.8222    -0.8216     0.0006   2.781104   2.781079  -0.000017    34.2815    34.2806     7.7399    27.5641    27.5633    34.2811    27.5638    1444.62    1444.62    -0.8221  1027.6452    34.4465 0.0000e+00
       3330 312.679557  -62.22362  -58.20702      0.753 1.3173e-36     17.000     16.836    -0.8210    -0.8205     0.0005    -0.8215    -0.8210     0.0005   2.781212   2.781181  -0.000028    34.2813    34.2804     7.7439    27.5639    27.5632    34.2812    27.5638    1444.64    1444.64    -0.8215  1027.6499    34.4465 0.0000e+00
       3353 312.679568  -62.22362  -58.20701      0.949 6.5141e-21     18.000     17.826    -0.8171    -0.8161     0.0010    -0.8176    -0.8166     0.0010   2.781599   2.781606   0.000004    34.2811    34.2800     7.7425    27.5636    27.5626    34.2813    27.5638    1444.68    1444.68    -0.8176  1027.6547    34.4466 0.0000e+00
       3373 312.679578  -62.22362  -58.20700      1.102 3.0207e-08     19.000     18.817    -0.8119    -0.8103     0.0016    -0.8124    -0.8108     0.0016   2.782148   2.782175   0.000013    34.2814    34.2798     7.7411    27.5636    27.5622    34.2822    27.5643    1444.72    1444.72    -0.8124  1027.6599    34.4475 0.0000e+00
       3393 312.679587  -62.22362  -58.20700      1.182     784.34     20.000     19.807    -0.8112    -0.8094     0.0018    -0.8118    -0.8100     0.0018   2.782174   2.782248   0.000075    34.2817    34.2806     7.7440    27.5638    27.5629    34.2812    27.5634    1444.73    1444.74    -0.8117  1027.6639    34.4465 0.0000e+00
       3415 312.679598  -62.22362  -58.20698      1.163    1429.51     21.000     20.797    -0.8159    -0.8145     0.0014    -0.8165    -0.8151     0.0014   2.781879   2.781878   0.000005    34.2821    34.2806     7.7422    27.5644    27.5631    34.2819    27.5642    1444.73    1444.73    -0.8165  1027.6694    34.4472 0.0000e+00
       3445 312.679613  -62.22363  -58.20697      0.904    1444.73     22.000     21.788    -0.8160    -0.8150     0.0010    -0.8166    -0.8156     0.0010   2.781925   2.781860  -0.000065    34.2821    34.2801     7.7449    27.5644    27.5627    34.2820    27.5643    1444.75    1444.75    -0.8166  1027.6743    34.4473 0.0000e+00
       3483 312.679631  -62.22364  -58.20694      0.621    1444.73     23.000     22.778    -0.8147    -0.8133     0.0014    -0.8153    -0.8139     0.0014   2.782079   2.782082   0.000002    34.2816    34.2801     7.7426    27.5639    27.5626    34.2820    27.5642    1444.77    1444.77    -0.8153  1027.6791    34.4473 0.0000e+00
       3512 312.679645  -62.22364  -58.20692      0.758    1444.73     24.000     23.768    -0.8125    -0.8100     0.0025    -0.8131    -0.8107     0.0025   2.782249   2.782376   0.000103    34.2816    34.2803     7.7475    27.5639    27.5626    34.2811    27.5634    1444.79    1444.80    -0.8131  1027.6831    34.4465 0.0000e+00
       3537 312.679656  -62.22364  -58.20692      0.922    1444.73     25.000     24.758    -0.8162    -0.8173    -0.0011    -0.8168    -0.8180    -0.0011   2.782064   2.781854  -0.000174    34.2816    34.2805     7.7530    27.5640    27.5631    34.2822    27.5644    1444.79    1444.79    -0.8169  1027.6889    34.4475 0.0000e+00
       3559 312.679667  -62.22364  -58.20690      1.026    1444.73     26.000     25.749    -0.8139    -0.8135     0.0004    -0.8147    -0.8142     0.0004   2.782200   2.782205  -0.000019    34.2814    34.2806     7.7539    27.5637    27.5631    34.2809    27.5633    1444.82    1444.82    -0.8146  1027.6926    34.4462 0.0000e+00
       3581 312.679678  -62.22364  -58.20690      1.091    1444.73     27.000     26.739    -0.8185    -0.8150     0.0036    -0.8193    -0.8157     0.0036   2.781888   2.782108   0.000198    34.2819    34.2805     7.7543    27.5643    27.5630    34.2812    27.5638    1444.81    1444.83    -0.8192  1027.6979    34.4466 0.0000e+00
       3603 312.679688  -62.22364  -58.20690      1.102    1444.73     28.000     27.730    -0.8284    -0.8265     0.0019    -0.8292    -0.8272     0.0019   2.781092   2.781156   0.000119    34.2816    34.2810     7.7551    27.5644    27.5639    34.2810    27.5640    1444.78    1444.79    -0.8291  1027.7029    34.4464 0.0000e+00
       3625 312.679699  -62.22364  -58.20688      1.070    1444.73     29.000     28.720    -0.8207    -0.8226    -0.0019    -0.8215    -0.8234    -0.0019   2.781830   2.781628  -0.000189    34.2803    34.2799     7.7526    27.5631    27.5629    34.2817    27.5642    1444.84    1444.83    -0.8215  1027.7079    34.4471 0.0000e+00
       3649 312.679711  -62.22364  -58.20686      1.031    1444.73     30.000     29.710    -0.8026    -0.8018     0.0008    -0.8035    -0.8027     0.0008   2.783499   2.783485  -0.000052    34.2820    34.2804     7.7500    27.5638    27.5624    34.2831    27.5647    1444.94    1444.94    -0.8034  1027.7131    34.4486 0.0000e+00
       3673 312.679722  -62.22364  -58.20685      1.014    1444.73     31.000     30.700    -0.7954    -0.7986    -0.0032    -0.7963    -0.7994    -0.0032   2.784280   2.783932  -0.000327    34.2832    34.2823     7.7528    27.5644    27.5638    34.2849    27.5658    1444.99    1444.98    -0.7962  1027.7191    34.4504 0.0000e+00
       3699 312.679735  -62.22366  -58.20682      0.974    1444.73     32.000     31.690    -0.7881    -0.7903    -0.0022    -0.7890    -0.7912    -0.0022   2.784938   2.784721  -0.000198    34.2831    34.2829     7.7481    27.5641    27.5640    34.2849    27.5655    1445.04    1445.03    -0.7890  1027.7235    34.4504 0.0000e+00
       3728 312.679749  -62.22366  -58.20682      0.853    1444.73     33.000     32.681    -0.7688    -0.7702    -0.0014    -0.7697    -0.7711    -0.0014   2.786673   2.786560  -0.000113    34.2830    34.2831     7.7251    27.5631    27.5633    34.2858    27.5654    1445.15    1445.14    -0.7697  1027.7282    34.4513 0.0000e+00
       3756 312.679762  -62.22366  -58.20682      0.831    1444.73     34.000     33.671    -0.7544    -0.7571    -0.0027    -0.7553    -0.7580    -0.0027   2.788010   2.787777  -0.000205    34.2845    34.2847     7.7093    27.5637    27.5641    34.2870    27.5658    1445.24    1445.22    -0.7553  1027.7334    34.4525 0.0000e+00
       3781 312.679774  -62.22366  -58.20681      0.910    1444.73     35.000     34.661    -0.7479    -0.7501    -0.0022    -0.7489    -0.7511    -0.0022   2.788590   2.788498  -0.000127    34.2847    34.2854     7.7054    27.5637    27.5644    34.2869    27.5654    1445.28    1445.27    -0.7489  1027.7378    34.4524 0.0000e+00
       3805 312.679786  -62.22366  -58.20679      0.972    1444.73     36.000     35.651    -0.7240    -0.7248    -0.0007    -0.7251    -0.7258    -0.0007   2.790911   2.790865  -0.000028    34.2858    34.2862     7.6904    27.5636    27.5640    34.2905    27.5674    1445.42    1445.41    -0.7250  1027.7445    34.4561 0.0000e+00
       3829 312.679798  -62.22366  -58.20678      1.001    1444.73     37.000     36.642    -0.6957    -0.6958    -0.0001    -0.6968    -0.6969    -0.0001   2.793640   2.793568  -0.000074    34.2891    34.2882     7.6822    27.5651    27.5644    34.2947    27.5696    1445.57    1445.57    -0.6967  1027.7489    34.4570 0.0000e+00
       3853 312.679809 -9.990e-29  -58.20676      1.007    1444.73     38.000     37.632    -0.6710    -0.6694     0.0016    -0.6721    -0.6705     0.0016   2.795983   2.796019   0.000023    34.2928    34.2912     7.6783    27.5670    27.5657    34.2977    27.5710    1445.70    1445.71    -0.6721  1027.7545    34.4595 0.0000e+00
       3878 312.679821 -9.990e-29  -58.20675      0.990    1444.73     39.000     38.622    -0.6606    -0.6624    -0.0019    -0.6617    -0.6636    -0.0019   2.797036   2.796723  -0.000232    34.2949    34.2938     7.6683    27.5682    27.5675    34.2995    27.5720    1445.77    1445.76    -0.6617  1027.7603    34.4612 0.0000e+00
       3905 312.679834 -9.990e-29  -58.20674      0.920    1444.73     40.000     39.612    -0.6374    -0.6425    -0.0051    -0.6386    -0.6437    -0.0051   2.798978   2.798641  -0.000382    34.2944    34.2950     7.6247    27.5669    27.5676    34.2989    27.5705    1445.89    1445.87    -0.6386  1027.7635    34.4606 0.0000e+00
       3934 312.679848  -62.22368  -58.20674      0.838    1444.73     41.000     40.602    -0.6367    -0.6370    -0.0003    -0.6379    -0.6382    -0.0003   2.799322   2.799206  -0.000118    34.2992    34.2979     7.5995    27.5707    27.5697    34.3020    27.5730    1445.92    1445.92    -0.6379  1027.7737    34.4674 0.0000e+00
       3964 312.679863  -62.22368  -58.20672      0.804    1444.73     42.000     41.593    -0.6389    -0.6352     0.0037    -0.6401    -0.6365     0.0036   2.799249   2.799430   0.000139    34.3006    34.2983     7.5786    27.5719    27.5700    34.3029    27.5739    1445.93    1445.94    -0.6401  1027.7796    34.4686 0.0000e+00
       3990 312.679875  -62.22368  -58.20670      0.861    1444.73     43.000     42.583    -0.6336    -0.6313     0.0023    -0.6348    -0.6326     0.0023   2.799840   2.799868   0.000042    34.3013    34.2993     7.5558    27.5723    27.5706    34.3043    27.5747    1445.97    1445.98    -0.6348  1027.7852    34.4700 0.0000e+00
       4014 312.679887  -62.22368  -58.20668      0.965    1444.73     44.000     43.573    -0.6303    -0.6292     0.0011    -0.6316    -0.6305     0.0011   2.800144   2.800114  -0.000033    34.3020    34.3003     7.5434    27.5727    27.5713    34.3041    27.5744    1446.00    1446.01    -0.6316  1027.7897    34.4698 0.0000e+00
       4036 312.679897  -62.22368  -58.20668      1.060    1444.73     45.000     44.563    -0.6303    -0.6292     0.0012    -0.6317    -0.6305     0.0012   2.800182   2.800156  -0.000018    34.3021    34.3006     7.5275    27.5728    27.5715    34.3040    27.5744    1446.02    1446.02    -0.6316  1027.7944    34.4697 0.0000e+00
       4057 312.679907  -62.22368  -58.20668      1.117    1444.73     46.000     45.553    -0.6306    -0.6296     0.0009    -0.6319    -0.6310     0.0009   2.800221   2.800162  -0.000061    34.3025    34.3006     7.5144    27.5732    27.5716    34.3041    27.5745    1446.03    1446.03    -0.6319  1027.7994    34.4699 0.0000e+00
       4079 312.679918  -62.22368  -58.20667      1.114    1444.73     47.000     46.543    -0.6306    -0.6297     0.0009    -0.6319    -0.6311     0.0009   2.800248   2.800208  -0.000043    34.3025    34.3009     7.4915    27.5731    27.5718    34.3039    27.5743    1446.05    1446.05    -0.6319  1027.8039    34.4696 0.0000e+00
       4104 312.679930  -62.22368  -58.20665      1.030    1444.73     48.000     47.534    -0.6302    -0.6297     0.0005    -0.6316    -0.6311     0.0005   2.800347   2.800257  -0.000095    34.3029    34.3010     7.4735    27.5734    27.5719    34.3042    27.5745    1446.07    1446.07    -0.6316  1027.8090    34.4700 0.0000e+00
       4128 312.679942  -62.22369  -58.20664      0.963    1444.73     49.000     48.524    -0.6272    -0.6263     0.0009    -0.6287    -0.6278     0.0009   2.800756   2.800750  -0.000017    34.3041    34.3028     7.4640    27.5743    27.5732    34.3057    27.5756    1446.10    1446.10    -0.6286  1027.8148    34.4715 0.0000e+00
       4152 312.679953  -62.22370  -58.20663      1.004    1444.73     50.000     49.514    -0.6246    -0.6241     0.0005    -0.6261    -0.6255     0.0005   2.801100   2.801044  -0.000044    34.3053    34.3042     7.4669    27.5752    27.5742    34.3067    27.5763    1446.13    1446.13    -0.6260  1027.8204    34.4725 0.0000e+00
       4176 312.679965  -62.22370  -58.20661      0.991    1444.73     51.000     50.504    -0.6237    -0.6227     0.0010    -0.6253    -0.6243     0.0010   2.801344   2.801279  -0.000065    34.3074    34.3053     7.4708    27.5768    27.5751    34.3085    27.5777    1446.15    1446.15    -0.6253  1027.8265    34.4743 0.0000e+00
       4200 312.679977  -62.22370  -58.20660      0.990    1444.73     52.000     51.494    -0.6231    -0.6221     0.0011    -0.6247    -0.6236     0.0011   2.801435   2.801400  -0.000041    34.3075    34.3057     7.4680    27.5769    27.5754    34.3084    27.5776    1446.17    1446.17    -0.6246  1027.8312    34.4742 0.0000e+00
       4223 312.679988  -62.22370  -58.20659      1.021    1444.73     53.000     52.485    -0.6224    -0.6215     0.0009    -0.6240    -0.6231     0.0009   2.801522   2.801486  -0.000026    34.3070    34.3057     7.4528    27.5765    27.5753    34.3081    27.5773    1446.19    1446.19    -0.6239  1027.8357    34.4739 0.0000e+00
       4245 312.679998  -62.22370  -58.20658      1.076    1444.73     54.000     53.475    -0.6219    -0.6210     0.0009    -0.6235    -0.6226     0.0009   2.801637   2.801603  -0.000047    34.3079    34.3062     7.4353    27.5772    27.5758    34.3085    27.5776    1446.21    1446.21    -0.6235  1027.8408    34.4743 0.0000e+00
       4265 312.680008  -62.22370  -58.20658      1.130    1444.73     55.000     54.465    -0.6219    -0.6209     0.0010    -0.6235    -0.6225     0.0010   2.801683   2.801662  -0.000020    34.3077    34.3064     7.4224    27.5770    27.5759    34.3084    27.5776    1446.23    1446.23    -0.6235  1027.8455    34.4743 0.0000e+00
