Pos-Processados/process_op42/operantar42_023.cnv
* Sea-Bird SBE 9 Data File:
* FileName = C:\Users\Hidrografia\Desktop\OPXLII\Brutos\OP42023.hdr
* Software Version Seasave V 7.26.7.107
* Temperature SN = 6502
* Conductivity SN = 4998
* Number of Bytes Per Scan = 37
* Number of Voltage Words = 4
* Number of Scans Averaged by the Deck Unit = 1
* NMEA Latitude = 62 09.26 S
* NMEA Longitude = 058 24.38 W
* NMEA UTC (Time) = Nov 08 2023 09:02:28
* NMEA baud rate = 4800
** H41
** NPOALTEMAXIMIANO
** NUMERO DA ESTACAO (XXX) 023
** LAT (XX XX.XX S/N) 62 09.60 S
** LONG (XXX XX.XX W/E) 058 24.03 W
** DATAHORA (dd/mm/aaaa hh:mm Z) 08/11/2023 0901Z
** PROFUNDIDADE (m) 462
** OPERADOR CT FILIPE LOPES
# nquan = 30
# nvalues = 859                         
# units = specified
# name 0 = scan: Scan Count
# name 1 = timeJ: Julian Days
# name 2 = latitude: Latitude [deg]
# name 3 = longitude: Longitude [deg]
# name 4 = dz/dtM: Descent Rate [m/s]
# name 5 = avgsvCM: Average Sound Velocity [Chen-Millero, m/s]
# name 6 = prDM: Pressure, Digiquartz [db]
# name 7 = depSM: Depth [salt water, m]
# name 8 = t090C: Temperature [ITS-90, deg C]
# name 9 = t190C: Temperature, 2 [ITS-90, deg C]
# name 10 = T2-T190C: Temperature Difference, 2 - 1 [ITS-90, deg C]
# name 11 = potemp090C: Potential Temperature [ITS-90, deg C]
# name 12 = potemp190C: Potential Temperature, 2 [ITS-90, deg C]
# name 13 = potemp90Cdiff: Potential Temperature, Diff, 2 - 1 [ITS-90, deg C]
# name 14 = c0S/m: Conductivity [S/m]
# name 15 = c1S/m: Conductivity, 2 [S/m]
# name 16 = C2-C1S/m: Conductivity Difference, 2 - 1 [S/m]
# name 17 = sal00: Salinity, Practical [PSU]
# name 18 = sal11: Salinity, Practical, 2 [PSU]
# name 19 = sbeox0ML/L: Oxygen, SBE 43 [ml/l]
# name 20 = sigma-é00: Density [sigma-theta, kg/m^3]
# name 21 = sigma-é11: Density, 2 [sigma-theta, kg/m^3]
# name 22 = sal00: Salinity, Practical [PSU]
# name 23 = sigma-é00: Density [sigma-theta, kg/m^3]
# name 24 = svCM: Sound Velocity [Chen-Millero, m/s]
# name 25 = svCM1: Sound Velocity, 2 [Chen-Millero, m/s]
# name 26 = gsw_ptA0: potential temperature [ITS-90, deg C]
# name 27 = gsw_densityA0: density, TEOS-10 [density, kg/m^3]
# name 28 = gsw_saA0: Absolute Salinity [g/kg]
# name 29 = flag:
# span 0 =       5676,      33294       
# span 1 = 312.379450, 312.392769       
# span 2 =  -62.15478,  -62.15446       
# span 3 =  -58.40435,  -58.39391       
# span 4 =     -1.055,      1.090       
# span 5 =       0.00,    1448.49       
# span 6 =      2.000,    431.000       
# span 7 =      1.983,    426.411       
# span 8 =    -0.8457,    -0.5070       
# span 9 =    -0.8448,    -0.5047       
# span 10 =    -0.0078,     0.0144      
# span 11 =    -0.8519,    -0.5216      
# span 12 =    -0.8509,    -0.5193      
# span 13 =    -0.0078,     0.0143      
# span 14 =   2.789048,   2.836585      
# span 15 =   2.789015,   2.836675      
# span 16 =  -0.000744,   0.001388      
# span 17 =    34.2875,    34.4253      
# span 18 =    34.2863,    34.4233      
# span 19 =     6.5354,     7.6427      
# span 20 =    27.5606,    27.6690      
# span 21 =    27.5599,    27.6676      
# span 22 =    34.2777,    34.4229      
# span 23 =    27.5571,    27.6674      
# span 24 =    1445.42,    1452.97      
# span 25 =    1445.43,    1452.99      
# span 26 =    -0.8517,    -0.5213      
# span 27 =  1027.5749,  1029.7259      
# span 28 =    34.4441,    34.5913      
# span 29 = 0.0000e+00, 0.0000e+00      
# interval = decibars: 1                
# start_time = Nov 08 2023 09:02:28 [NMEA time, header]
# bad_flag = -9.990e-29
*END*
[from data line 242]
      12849 312.382909  -62.15458  -58.40200      0.981    1446.86    244.000    241.516    -0.7902    -0.7893     0.0009    -0.7975    -0.7966     0.0009   2.797585   2.797582  -0.000003    34.3269    34.3259     7.3293    27.5999    27.5990    34.3272    27.6001    1448.54    1448.54    -0.7973  1028.7725    34.4947 0.0000e+00
      12873 312.382921  -62.15458  -58.40200      0.998    1446.86    245.000    242.505    -0.7899    -0.7893     0.0006    -0.7973    -0.7967     0.0006   2.797644   2.797636  -0.000015    34.3269    34.3260     7.3266    27.5999    27.5991    34.3271    27.6001    1448.55    1448.55    -0.7971  1028.7772    34.4946 0.0000e+00
      12897 312.382932  -62.15458  -58.40198      1.015    1446.86    246.000    243.495    -0.7906    -0.7892     0.0014    -0.7981    -0.7966     0.0014   2.797652   2.797697   0.000040    34.3273    34.3262     7.3243    27.6002    27.5993    34.3275    27.6004    1448.57    1448.57    -0.7978  1028.7822    34.4950 0.0000e+00
      12922 312.382944  -62.15458  -58.40198      0.992    1446.86    247.000    244.484    -0.7902    -0.7895     0.0007    -0.7977    -0.7970     0.0007   2.797747   2.797719  -0.000019    34.3274    34.3264     7.3173    27.6003    27.5994    34.3277    27.6005    1448.58    1448.58    -0.7975  1028.7871    34.4952 0.0000e+00
      12948 312.382957  -62.15458  -58.40196      0.933    1446.86    248.000    245.473    -0.7914    -0.7906     0.0008    -0.7988    -0.7980     0.0008   2.797671   2.797671   0.000001    34.3271    34.3263     7.3198    27.6001    27.5994    34.3273    27.6002    1448.59    1448.60    -0.7987  1028.7917    34.4948 0.0000e+00
      12976 312.382970  -62.15458  -58.40196      0.877    1446.86    249.000    246.462    -0.7892    -0.7886     0.0006    -0.7967    -0.7961     0.0006   2.797936   2.797928  -0.000008    34.3274    34.3266     7.3163    27.6002    27.5996    34.3278    27.6006    1448.62    1448.62    -0.7965  1028.7968    34.4954 0.0000e+00
      13002 312.382983  -62.15458  -58.40195      0.885    1446.86    250.000    247.451    -0.7885    -0.7877     0.0008    -0.7961    -0.7953     0.0008   2.798083   2.798076  -0.000006    34.3282    34.3273     7.3123    27.6009    27.6001    34.3284    27.6011    1448.64    1448.64    -0.7959  1028.8020    34.4960 0.0000e+00
      13028 312.382995  -62.15458  -58.40194      0.929    1446.86    251.000    248.441    -0.7869    -0.7862     0.0007    -0.7944    -0.7938     0.0007   2.798313   2.798305  -0.000002    34.3286    34.3278     7.3068    27.6011    27.6004    34.3291    27.6015    1448.67    1448.67    -0.7943  1028.8072    34.4966 0.0000e+00
      13051 312.383007  -62.15458  -58.40193      0.984    1446.86    252.000    249.430    -0.7839    -0.7833     0.0006    -0.7915    -0.7910     0.0006   2.798664   2.798683   0.000007    34.3293    34.3287     7.3067    27.6016    27.6011    34.3299    27.6020    1448.70    1448.70    -0.7913  1028.8125    34.4974 0.0000e+00
      13075 312.383018  -62.15458  -58.40192      1.020    1446.86    253.000    250.419    -0.7828    -0.7821     0.0008    -0.7905    -0.7897     0.0008   2.798880   2.798874  -0.000005    34.3305    34.3296     7.3074    27.6025    27.6017    34.3309    27.6028    1448.72    1448.72    -0.7903  1028.8180    34.4985 0.0000e+00
      13098 312.383029  -62.15458  -58.40191      1.036    1446.86    254.000    251.408    -0.7826    -0.7817     0.0008    -0.7902    -0.7894     0.0008   2.798961   2.798967   0.000006    34.3308    34.3299     7.3070    27.6027    27.6020    34.3311    27.6030    1448.74    1448.74    -0.7901  1028.8229    34.4987 0.0000e+00
      13121 312.383040  -62.15458  -58.40190      1.041    1446.86    255.000    252.397    -0.7824    -0.7816     0.0008    -0.7901    -0.7893     0.0008   2.799045   2.799040  -0.000003    34.3311    34.3302     7.2988    27.6030    27.6022    34.3315    27.6033    1448.76    1448.76    -0.7899  1028.8280    34.4990 0.0000e+00
      13144 312.383051  -62.15458  -58.40189      1.031    1446.86    256.000    253.387    -0.7821    -0.7814     0.0007    -0.7898    -0.7891     0.0007   2.799135   2.799123  -0.000011    34.3314    34.3304     7.2897    27.6032    27.6023    34.3317    27.6034    1448.77    1448.78    -0.7896  1028.8329    34.4993 0.0000e+00
      13169 312.383063  -62.15458  -58.40188      0.990    1446.86    257.000    254.376    -0.7808    -0.7802     0.0006    -0.7886    -0.7880     0.0006   2.799344   2.799324  -0.000022    34.3321    34.3310     7.2862    27.6037    27.6028    34.3325    27.6040    1448.80    1448.80    -0.7884  1028.8383    34.5001 0.0000e+00
      13194 312.383075  -62.15459  -58.40187      0.960    1446.86    258.000    255.365    -0.7805    -0.7797     0.0008    -0.7883    -0.7875     0.0008   2.799436   2.799437 -3.603e-08    34.3325    34.3316     7.2792    27.6040    27.6033    34.3327    27.6042    1448.82    1448.82    -0.7881  1028.8432    34.5003 0.0000e+00
      13219 312.383087  -62.15460  -58.40186      0.965    1446.86    259.000    256.354    -0.7790    -0.7787     0.0004    -0.7869    -0.7865     0.0004   2.799655   2.799615  -0.000035    34.3326    34.3317     7.2729    27.6041    27.6033    34.3334    27.6047    1448.84    1448.84    -0.7867  1028.8485    34.5010 0.0000e+00
      13244 312.383100  -62.15460  -58.40185      0.962    1446.86    260.000    257.344    -0.7734    -0.7727     0.0006    -0.7813    -0.7806     0.0006   2.800272   2.800285   0.000008    34.3340    34.3333     7.2658    27.6049    27.6044    34.3347    27.6055    1448.88    1448.89    -0.7811  1028.8540    34.5023 0.0000e+00
      13270 312.383112  -62.15460  -58.40184      0.940    1446.86    261.000    258.332    -0.7708    -0.7701     0.0007    -0.7787    -0.7781     0.0007   2.800639   2.800613  -0.000023    34.3355    34.3344     7.2711    27.6060    27.6051    34.3362    27.6066    1448.91    1448.92    -0.7785  1028.8598    34.5038 0.0000e+00
      13296 312.383125  -62.15460  -58.40183      0.914    1446.86    262.000    259.322    -0.7694    -0.7687     0.0007    -0.7774    -0.7767     0.0007   2.800836   2.800819  -0.000019    34.3361    34.3351     7.2604    27.6065    27.6056    34.3366    27.6069    1448.94    1448.94    -0.7772  1028.8649    34.5042 0.0000e+00
      13323 312.383137  -62.15460  -58.40182      0.910    1446.86    263.000    260.310    -0.7688    -0.7683     0.0006    -0.7768    -0.7763     0.0006   2.800956   2.800931  -0.000018    34.3364    34.3355     7.2490    27.6067    27.6060    34.3370    27.6072    1448.96    1448.96    -0.7766  1028.8699    34.5046 0.0000e+00
      13348 312.383150  -62.15460  -58.40180      0.927    1446.86    264.000    261.300    -0.7661    -0.7658     0.0003    -0.7742    -0.7739     0.0003   2.801297   2.801256  -0.000041    34.3371    34.3362     7.2359    27.6072    27.6064    34.3379    27.6078    1448.99    1448.99    -0.7740  1028.8753    34.5055 0.0000e+00
      13373 312.383162  -62.15460  -58.40180      0.950    1446.86    265.000    262.289    -0.7633    -0.7628     0.0006    -0.7714    -0.7708     0.0006   2.801687   2.801657  -0.000032    34.3387    34.3376     7.2341    27.6083    27.6074    34.3394    27.6089    1449.02    1449.02    -0.7712  1028.8811    34.5070 0.0000e+00
      13398 312.383174  -62.15460  -58.40180      0.973    1446.86    266.000    263.278    -0.7607    -0.7602     0.0005    -0.7688    -0.7683     0.0005   2.802052   2.802018  -0.000034    34.3397    34.3387     7.2213    27.6091    27.6082    34.3407    27.6099    1449.05    1449.05    -0.7686  1028.8868    34.5084 0.0000e+00
      13421 312.383185  -62.15460  -58.40178      0.998    1446.86    267.000    264.268    -0.7554    -0.7548     0.0006    -0.7636    -0.7630     0.0006   2.802690   2.802711   0.000014    34.3417    34.3412     7.2172    27.6104    27.6100    34.3427    27.6113    1449.09    1449.10    -0.7634  1028.8929    34.5104 0.0000e+00
      13445 312.383196  -62.15460  -58.40178      1.016    1446.86    268.000    265.256    -0.7542    -0.7530     0.0011    -0.7623    -0.7612     0.0011   2.802952   2.802970   0.000021    34.3435    34.3425     7.2149    27.6119    27.6110    34.3442    27.6125    1449.12    1449.12    -0.7622  1028.8989    34.5119 0.0000e+00
      13469 312.383208  -62.15460  -58.40176      1.018    1446.86    269.000    266.245    -0.7546    -0.7520     0.0026    -0.7628    -0.7602     0.0026   2.802994   2.803143   0.000141    34.3442    34.3432     7.2055    27.6124    27.6115    34.3446    27.6128    1449.13    1449.14    -0.7626  1028.9040    34.5123 0.0000e+00
      13493 312.383220  -62.15460  -58.40176      0.998    1446.86    270.000    267.235    -0.7547    -0.7548    -0.0001    -0.7630    -0.7631    -0.0001   2.802939   2.802873  -0.000069    34.3431    34.3423     7.1920    27.6116    27.6109    34.3435    27.6119    1449.15    1449.14    -0.7628  1028.9078    34.5112 0.0000e+00
      13519 312.383232  -62.15460  -58.40174      0.960    1446.86    271.000    268.223    -0.7486    -0.7527    -0.0040    -0.7570    -0.7610    -0.0040   2.803591   2.803157  -0.000361    34.3434    34.3430     7.1773    27.6115    27.6114    34.3448    27.6127    1449.19    1449.17    -0.7567  1028.9133    34.5125 0.0000e+00
      13545 312.383244  -62.15460  -58.40174      0.926    1446.86    272.000    269.213    -0.7407    -0.7417    -0.0009    -0.7491    -0.7500    -0.0009   2.804376   2.804353  -0.000072    34.3445    34.3445     7.1700    27.6121    27.6122    34.3458    27.6132    1449.25    1449.24    -0.7489  1028.9185    34.5135 0.0000e+00
      13571 312.383257  -62.15460  -58.40172      0.917    1446.86    273.000    270.202    -0.7433    -0.7395     0.0038    -0.7517    -0.7479     0.0038   2.804407   2.804611   0.000196    34.3480    34.3464     7.1745    27.6151    27.6136    34.3485    27.6155    1449.26    1449.27    -0.7515  1028.9256    34.5162 0.0000e+00
      13596 312.383269  -62.15460  -58.40172      0.940    1446.86    274.000    271.191    -0.7292    -0.7326    -0.0034    -0.7377    -0.7411    -0.0034   2.805662   2.805336  -0.000306    34.3465    34.3462     7.1653    27.6132    27.6132    34.3488    27.6152    1449.34    1449.32    -0.7375  1028.9299    34.5166 0.0000e+00
      13621 312.383281  -62.15460  -58.40170      0.962    1446.86    275.000    272.180    -0.7266    -0.7283    -0.0017    -0.7351    -0.7368    -0.0017   2.805956   2.805741  -0.000215    34.3485    34.3475     7.1524    27.6147    27.6141    34.3492    27.6154    1449.37    1449.36    -0.7349  1028.9349    34.5170 0.0000e+00
      13645 312.383293  -62.15460  -58.40170      0.979    1446.86    276.000    273.170    -0.7217    -0.7231    -0.0014    -0.7303    -0.7317    -0.0014   2.806497   2.806333  -0.000142    34.3483    34.3479     7.1420    27.6144    27.6142    34.3505    27.6162    1449.41    1449.40    -0.7301  1028.9404    34.5182 0.0000e+00
      13670 312.383305  -62.15460  -58.40169      0.979    1446.86    277.000    274.159    -0.7055    -0.7077    -0.0022    -0.7142    -0.7163    -0.0022   2.808016   2.807831  -0.000195    34.3493    34.3491     7.1329    27.6145    27.6145    34.3520    27.6167    1449.50    1449.49    -0.7139  1028.9455    34.5197 0.0000e+00
      13694 312.383317  -62.15460  -58.40168      0.974    1446.86    278.000    275.148    -0.6896    -0.6907    -0.0011    -0.6983    -0.6994    -0.0011   2.809665   2.809525  -0.000141    34.3524    34.3518     7.1304    27.6164    27.6159    34.3555    27.6189    1449.60    1449.59    -0.6981  1028.9523    34.5233 0.0000e+00
      13719 312.383328  -62.15460  -58.40167      0.979    1446.86    279.000    276.136    -0.6807    -0.6809    -0.0002    -0.6895    -0.6896    -0.0002   2.810585   2.810495  -0.000099    34.3550    34.3538     7.1279    27.6181    27.6171    34.3573    27.6200    1449.66    1449.66    -0.6893  1028.9581    34.5251 0.0000e+00
      13742 312.383340  -62.15460  -58.40166      1.002    1446.86    280.000    277.126    -0.6775    -0.6772     0.0002    -0.6863    -0.6860     0.0002   2.810968   2.810882  -0.000092    34.3564    34.3549     7.1087    27.6191    27.6179    34.3581    27.6205    1449.69    1449.69    -0.6861  1028.9634    34.5259 0.0000e+00
      13766 312.383351  -62.15460  -58.40165      1.015    1446.86    281.000    278.115    -0.6774    -0.6769     0.0005    -0.6862    -0.6858     0.0005   2.811023   2.810954  -0.000066    34.3566    34.3552     7.0855    27.6193    27.6181    34.3582    27.6206    1449.71    1449.71    -0.6860  1028.9682    34.5260 0.0000e+00
      13791 312.383363  -62.15460  -58.40164      0.988    1446.86    282.000    279.104    -0.6740    -0.6741    -0.0001    -0.6829    -0.6830    -0.0001   2.811397   2.811304  -0.000103    34.3570    34.3557     7.0715    27.6195    27.6184    34.3588    27.6209    1449.74    1449.74    -0.6827  1028.9733    34.5266 0.0000e+00
      13817 312.383376  -62.15460  -58.40163      0.942    1446.86    283.000    280.093    -0.6688    -0.6682     0.0006    -0.6777    -0.6771     0.0006   2.811949   2.811918  -0.000032    34.3579    34.3568     7.0579    27.6200    27.6190    34.3597    27.6214    1449.78    1449.78    -0.6775  1028.9785    34.5276 0.0000e+00
      13842 312.383388  -62.15460  -58.40162      0.939    1446.86    284.000    281.081    -0.6613    -0.6616    -0.0003    -0.6703    -0.6706    -0.0003   2.812818   2.812713  -0.000104    34.3600    34.3590     7.0527    27.6214    27.6205    34.3623    27.6232    1449.84    1449.83    -0.6701  1028.9849    34.5301 0.0000e+00
      13866 312.383399  -62.15460  -58.40161      0.969    1446.86    285.000    282.071    -0.6557    -0.6554     0.0004    -0.6648    -0.6644     0.0004   2.813486   2.813398  -0.000099    34.3627    34.3610     7.0513    27.6233    27.6219    34.3644    27.6247    1449.88    1449.88    -0.6645  1028.9911    34.5323 0.0000e+00
      13890 312.383411  -62.15460  -58.40160      1.010    1446.86    286.000    283.060    -0.6621    -0.6606     0.0016    -0.6712    -0.6696     0.0016   2.813240   2.813193  -0.000047    34.3672    34.3648     7.0444    27.6272    27.6252    34.3678    27.6277    1449.87    1449.88    -0.6710  1028.9989    34.5356 0.0000e+00
      13914 312.383422  -62.15460  -58.40159      1.015    1446.86    287.000    284.049    -0.6632    -0.6624     0.0008    -0.6723    -0.6715     0.0008   2.813145   2.813127  -0.000019    34.3663    34.3650     7.0295    27.6265    27.6255    34.3671    27.6272    1449.88    1449.89    -0.6721  1029.0032    34.5349 0.0000e+00
      13940 312.383435  -62.15460  -58.40158      0.957    1446.86    288.000    285.038    -0.6634    -0.6628     0.0006    -0.6725    -0.6719     0.0006   2.813198   2.813135  -0.000060    34.3667    34.3651     7.0198    27.6268    27.6256    34.3674    27.6274    1449.90    1449.90    -0.6723  1029.0082    34.5353 0.0000e+00
      13968 312.383449  -62.15460  -58.40157      0.870    1446.86    289.000    286.027    -0.6626    -0.6621     0.0005    -0.6718    -0.6712     0.0005   2.813284   2.813268  -0.000026    34.3664    34.3655     7.0009    27.6266    27.6258    34.3670    27.6271    1449.92    1449.92    -0.6715  1029.0126    34.5349 0.0000e+00
      13996 312.383462  -62.15460  -58.40156      0.854    1446.86    290.000    287.016    -0.6624    -0.6614     0.0010    -0.6716    -0.6706     0.0010   2.813419   2.813428   0.000008    34.3673    34.3663     6.9906    27.6273    27.6264    34.3680    27.6279    1449.94    1449.94    -0.6714  1029.0181    34.5359 0.0000e+00
      14021 312.383474  -62.15460  -58.40156      0.918    1446.86    291.000    288.005    -0.6625    -0.6612     0.0013    -0.6717    -0.6704     0.0013   2.813440   2.813468   0.000007    34.3676    34.3661     6.9877    27.6275    27.6263    34.3677    27.6277    1449.95    1449.96    -0.6715  1029.0227    34.5356 0.0000e+00
