Pos-Processados/process_op42/operantar42_018.ros
* Sea-Bird SBE 9 Data File:
* FileName = C:\Users\Hidrografia\Desktop\OPXLII\Brutos\OP42018.hdr
* Software Version Seasave V 7.26.7.107
* Temperature SN = 6502
* Conductivity SN = 4998
* Number of Bytes Per Scan = 37
* Number of Voltage Words = 4
* Number of Scans Averaged by the Deck Unit = 1
* NMEA Latitude = 62 13.46 S
* NMEA Longitude = 058 12.64 W
* NMEA UTC (Time) = Nov 07 2023 12:56:51
* NMEA baud rate = 4800
** H41
** NPOALTEMAXIMIANO
** NUMERO DA ESTACAO (XXX) 018
** LAT (XX XX.XX S/N) 62 13.46 S
** LONG (XXX XX.XX W/E) 058 12.12 W
** DATAHORA (dd/mm/aaaa hh:mm Z) 07/11/2023 1245Z
** PROFUNDIDADE (m) 523
** OPERADOR 1T ZAMITH
# nquan = 24
# nvalues = 4450                                  
# units = specified
# name 0 = scan: Scan Count
# name 1 = timeJ: Julian Days
# name 2 = latitude: Latitude [deg]
# name 3 = longitude: Longitude [deg]
# name 4 = dz/dtM: Descent Rate [m/s]
# name 5 = avgsvCM: Average Sound Velocity [Chen-Millero, m/s]
# name 6 = prDM: Pressure, Digiquartz [db]
# name 7 = depSM: Depth [salt water, m]
# name 8 = t090C: Temperature [ITS-90, deg C]
# name 9 = t190C: Temperature, 2 [ITS-90, deg C]
# name 10 = T2-T190C: Temperature Difference, 2 - 1 [ITS-90, deg C]
# name 11 = potemp090C: Potential Temperature [ITS-90, deg C]
# name 12 = potemp190C: Potential Temperature, 2 [ITS-90, deg C]
# name 13 = potemp90Cdiff: Potential Temperature, Diff, 2 - 1 [ITS-90, deg C]
# name 14 = c0S/m: Conductivity [S/m]
# name 15 = c1S/m: Conductivity, 2 [S/m]
# name 16 = C2-C1S/m: Conductivity Difference, 2 - 1 [S/m]
# name 17 = sal00: Salinity, Practical [PSU]
# name 18 = sal11: Salinity, Practical, 2 [PSU]
# name 19 = sbeox0ML/L: Oxygen, SBE 43 [ml/l]
# name 20 = sigma-é00: Density [sigma-theta, kg/m^3]
# name 21 = sigma-é11: Density, 2 [sigma-theta, kg/m^3]
# name 22 = nbf: Bottles Fired
# name 23 = flag:  0.000e+00
# interval = seconds: 0.0416667
# start_time = Nov 07 2023 12:56:51 [NMEA time, header]
# bad_flag = -9.990e-29
*END*
[from data line 1027]
      27751 311.552862  -62.22800  -58.20600     -0.056    1448.15     15.417     15.269    -0.5436    -0.5477    -0.0041    -0.5441    -0.5481    -0.0041   2.805901   2.805338  -0.000564    34.3012    34.2982     7.5322    27.5682    27.5660          6  0.000e+00
      27752 311.552862  -62.22800  -58.20600     -0.066    1448.15     15.361     15.213    -0.5409    -0.5475    -0.0066    -0.5414    -0.5480    -0.0066   2.806078   2.805388  -0.000690    34.3006    34.2988     7.5316    27.5676    27.5665          6  0.000e+00
      27753 311.552863  -62.22800  -58.20600     -0.072    1448.15     15.417     15.269    -0.5389    -0.5467    -0.0079    -0.5393    -0.5472    -0.0079   2.806238   2.805405  -0.000833    34.3003    34.2980     7.5313    27.5674    27.5658          6  0.000e+00
      27754 311.552863  -62.22800  -58.20600     -0.078    1448.15     15.417     15.269    -0.5370    -0.5466    -0.0096    -0.5375    -0.5471    -0.0096   2.806335   2.805439  -0.000896    34.2996    34.2983     7.5310    27.5667    27.5661          6  0.000e+00
      27755 311.552864  -62.22800  -58.20600     -0.088    1448.15     15.353     15.205    -0.5361    -0.5448    -0.0087    -0.5365    -0.5452    -0.0087   2.806329   2.805495  -0.000834    34.2985    34.2971     7.5308    27.5657    27.5650          6  0.000e+00
      27756 311.552864  -62.22800  -58.20600     -0.097    1448.15     15.353     15.205    -0.5352    -0.5424    -0.0073    -0.5356    -0.5429    -0.0072   2.806347   2.805641  -0.000705    34.2976    34.2964     7.5308    27.5650    27.5643          6  0.000e+00
      27757 311.552865  -62.22800  -58.20600     -0.098    1448.15     15.417     15.269    -0.5350    -0.5406    -0.0056    -0.5355    -0.5410    -0.0056   2.806392   2.805810  -0.000582    34.2980    34.2965     7.5308    27.5653    27.5643          6  0.000e+00
      27758 311.552865  -62.22800  -58.20600     -0.106    1448.15     15.361     15.213    -0.5344    -0.5386    -0.0042    -0.5348    -0.5390    -0.0042   2.806449   2.805951  -0.000499    34.2981    34.2962     7.5307    27.5654    27.5640          6  0.000e+00
      27759 311.552866  -62.22800  -58.20600     -0.114    1448.15     15.353     15.205    -0.5343    -0.5363    -0.0020    -0.5347    -0.5367    -0.0020   2.806421   2.806136  -0.000285    34.2976    34.2961     7.5308    27.5650    27.5638          6  0.000e+00
      27760 311.552866  -62.22800  -58.20600     -0.121    1448.15     15.297     15.149    -0.5341    -0.5338     0.0003    -0.5345    -0.5343     0.0003   2.806449   2.806333  -0.000116    34.2978    34.2960     7.5308    27.5651    27.5636          6  0.000e+00
      27761 311.552867  -62.22800  -58.20600     -0.127    1448.15     15.353     15.205    -0.5331    -0.5320     0.0011    -0.5336    -0.5324     0.0011   2.806563   2.806490  -0.000073    34.2982    34.2960     7.5307    27.5654    27.5635          6  0.000e+00
      27762 311.552867  -62.22800  -58.20600     -0.133    1448.15     15.297     15.149    -0.5325    -0.5306     0.0020    -0.5330    -0.5310     0.0020   2.806598   2.806597 -3.638e-07    34.2981    34.2958     7.5306    27.5653    27.5634          6  0.000e+00
      27763 311.552867  -62.22800  -58.20600     -0.138    1448.15     15.361     15.213    -0.5336    -0.5298     0.0038    -0.5341    -0.5303     0.0038   2.806535   2.806670   0.000136    34.2984    34.2959     7.5310    27.5656    27.5634          6  0.000e+00
      27764 311.552868  -62.22800  -58.20600     -0.143    1448.15     15.297     15.149    -0.5332    -0.5301     0.0031    -0.5336    -0.5305     0.0031   2.806552   2.806676   0.000124    34.2982    34.2964     7.5309    27.5654    27.5638          6  0.000e+00
      27765 311.552868  -62.22800  -58.20600     -0.150    1448.15     15.297     15.149    -0.5328    -0.5304     0.0024    -0.5333    -0.5309     0.0024   2.806586   2.806637   0.000050    34.2983    34.2962     7.5309    27.5654    27.5637          6  0.000e+00
      27766 311.552869  -62.22800  -58.20600     -0.154    1448.15     15.297     15.149    -0.5321    -0.5303     0.0018    -0.5325    -0.5307     0.0018   2.806655   2.806631  -0.000024    34.2984    34.2960     7.5308    27.5654    27.5634          6  0.000e+00
      27767 311.552869  -62.22800  -58.20600     -0.157    1448.15     15.353     15.205    -0.5324    -0.5300     0.0024    -0.5328    -0.5304     0.0024   2.806632   2.806665   0.000033    34.2983    34.2961     7.5374    27.5654    27.5635          6  0.000e+00
      27768 311.552870  -62.22800  -58.20600     -0.159    1448.15     15.297     15.149    -0.5320    -0.5298     0.0022    -0.5325    -0.5303     0.0022   2.806678   2.806682   0.000004    34.2986    34.2961     7.5308    27.5656    27.5635          6  0.000e+00
      27769 311.552870  -62.22800  -58.20600     -0.164    1448.15     15.240     15.093    -0.5316    -0.5298     0.0018    -0.5321    -0.5303     0.0018   2.806735   2.806699  -0.000036    34.2989    34.2964     7.5296    27.5659    27.5637          6  0.000e+00
      27770 311.552871  -62.22800  -58.20600     -0.164    1448.15     15.297     15.149    -0.5310    -0.5297     0.0013    -0.5315    -0.5301     0.0013   2.806729   2.806732   0.000003    34.2981    34.2967     7.5359    27.5652    27.5640          6  0.000e+00
      27771 311.552871  -62.22800  -58.20600     -0.168    1448.15     15.232     15.085    -0.5299    -0.5303    -0.0003    -0.5304    -0.5307    -0.0003   2.806729   2.806710  -0.000019    34.2969    34.2971     7.5366    27.5642    27.5643          6  0.000e+00
      27772 311.552872  -62.22800  -58.20600     -0.170    1448.15     15.297     15.149    -0.5291    -0.5306    -0.0015    -0.5295    -0.5310    -0.0015   2.806809   2.806659  -0.000150    34.2970    34.2967     7.5374    27.5642    27.5640          6  0.000e+00
      27773 311.552872  -62.22800  -58.20600     -0.173    1448.15     15.232     15.085    -0.5279    -0.5301    -0.0022    -0.5283    -0.5305    -0.0022   2.806894   2.806699  -0.000196    34.2968    34.2967     7.5379    27.5640    27.5640          6  0.000e+00
      27774 311.552873  -62.22800  -58.20600     -0.173    1448.15     15.240     15.093    -0.5276    -0.5297    -0.0021    -0.5280    -0.5301    -0.0021   2.806917   2.806704  -0.000213    34.2968    34.2963     7.5386    27.5640    27.5637          6  0.000e+00
      27775 311.552873  -62.22800  -58.20600     -0.177    1448.15     15.232     15.085    -0.5279    -0.5297    -0.0018    -0.5283    -0.5301    -0.0018   2.806917   2.806749  -0.000168    34.2972    34.2969     7.5394    27.5643    27.5642          6  0.000e+00
      27776 311.552874  -62.22800  -58.20600     -0.181    1448.15     15.232     15.085    -0.5280    -0.5290    -0.0010    -0.5284    -0.5295    -0.0010   2.806952   2.806777  -0.000174    34.2977    34.2966     7.5401    27.5648    27.5639          6  0.000e+00
      27777 311.552874  -62.22800  -58.20600     -0.179    1448.15     15.232     15.085    -0.5288    -0.5288    -0.0000    -0.5293    -0.5293    -0.0000   2.806929   2.806788  -0.000140    34.2984    34.2965     7.5410    27.5653    27.5638          6  0.000e+00
      27778 311.552875  -62.22800  -58.20600     -0.181    1448.15     15.176     15.029    -0.5291    -0.5287     0.0004    -0.5296    -0.5292     0.0004   2.806872   2.806800  -0.000072    34.2980    34.2966     7.5417    27.5650    27.5639          6  0.000e+00
      27779 311.552875  -62.22800  -58.20600     -0.182    1448.15     15.232     15.085    -0.5285    -0.5283     0.0002    -0.5290    -0.5287     0.0002   2.806940   2.806833  -0.000107    34.2982    34.2965     7.5421    27.5651    27.5637          6  0.000e+00
      27780 311.552876  -62.22800  -58.20600     -0.181    1448.15     15.240     15.093    -0.5284    -0.5275     0.0009    -0.5289    -0.5280     0.0009   2.806929   2.806895  -0.000033    34.2979    34.2964     7.5427    27.5650    27.5637          6  0.000e+00
      27781 311.552876  -62.22800  -58.20600     -0.180    1448.15     15.176     15.029    -0.5287    -0.5267     0.0019    -0.5291    -0.5272     0.0019   2.806883   2.806929   0.000046    34.2976    34.2960     7.5432    27.5647    27.5633          6  0.000e+00
      27782 311.552877  -62.22800  -58.20600     -0.181    1448.15     15.176     15.029    -0.5272    -0.5267     0.0005    -0.5277    -0.5272     0.0005   2.806980   2.806946  -0.000034    34.2973    34.2963     7.5423    27.5644    27.5635          6  0.000e+00
      27783 311.552877  -62.22800  -58.20600     -0.179    1448.15     15.232     15.085    -0.5263    -0.5260     0.0003    -0.5267    -0.5264     0.0003   2.807020   2.807002  -0.000018    34.2967    34.2961     7.5426    27.5639    27.5634          6  0.000e+00
      27784 311.552878  -62.22800  -58.20600     -0.179    1448.15     15.176     15.029    -0.5262    -0.5264    -0.0003    -0.5266    -0.5269    -0.0003   2.807037   2.807025  -0.000012    34.2969    34.2970     7.5428    27.5640    27.5641          6  0.000e+00
      27785 311.552878  -62.22800  -58.20600     -0.178    1448.15     15.176     15.029    -0.5262    -0.5261     0.0001    -0.5266    -0.5265     0.0001   2.807009   2.807019   0.000010    34.2965    34.2965     7.5431    27.5637    27.5637          6  0.000e+00
      27786 311.552879  -62.22800  -58.20600     -0.176    1448.15     15.176     15.029    -0.5263    -0.5263     0.0001    -0.5268    -0.5267     0.0001   2.807031   2.807008  -0.000024    34.2970    34.2966     7.5434    27.5641    27.5638          6  0.000e+00
      27787 311.552879  -62.22800  -58.20600     -0.174    1448.15     15.176     15.029    -0.5266    -0.5265     0.0000    -0.5270    -0.5270     0.0000   2.807066   2.806974  -0.000092    34.2977    34.2965     7.5436    27.5647    27.5637          6  0.000e+00
      27788 311.552880  -62.22800  -58.20600     -0.170    1448.15     15.176     15.029    -0.5260    -0.5267    -0.0007    -0.5265    -0.5272    -0.0007   2.807077   2.806974  -0.000103    34.2973    34.2967     7.5437    27.5643    27.5638          6  0.000e+00
      27789 311.552880  -62.22800  -58.20600     -0.173    1448.15     15.119     14.974    -0.5255    -0.5278    -0.0023    -0.5260    -0.5282    -0.0023   2.807151   2.806912  -0.000239    34.2977    34.2971     7.5436    27.5647    27.5642          6  0.000e+00
      27790 311.552880  -62.22800  -58.20600     -0.164    1448.15     15.232     15.085    -0.5255    -0.5281    -0.0025    -0.5260    -0.5285    -0.0025   2.807180   2.806890  -0.000290    34.2980    34.2970     7.5438    27.5649    27.5642          6  0.000e+00
      27791 311.552881  -62.22800  -58.20600     -0.165    1448.15     15.119     14.974    -0.5250    -0.5281    -0.0031    -0.5255    -0.5285    -0.0031   2.807117   2.806873  -0.000244    34.2967    34.2969     7.5437    27.5638    27.5641          6  0.000e+00
      27792 311.552881  -62.22800  -58.20600     -0.162    1448.15     15.176     15.029    -0.5253    -0.5280    -0.0027    -0.5257    -0.5284    -0.0027   2.807151   2.806862  -0.000290    34.2974    34.2965     7.5438    27.5644    27.5638          6  0.000e+00
      27793 311.552882  -62.22800  -58.20600     -0.158    1448.15     15.176     15.029    -0.5255    -0.5277    -0.0021    -0.5260    -0.5281    -0.0021   2.807117   2.806929  -0.000188    34.2972    34.2971     7.5502    27.5643    27.5643          6  0.000e+00
      27794 311.552882  -62.22800  -58.20600     -0.153    1448.15     15.176     15.029    -0.5257    -0.5267    -0.0010    -0.5262    -0.5272    -0.0010   2.807117   2.806963  -0.000154    34.2974    34.2965     7.5447    27.5644    27.5637          6  0.000e+00
      27795 311.552883  -62.22800  -58.20600     -0.155    1448.15     15.119     14.974    -0.5259    -0.5261    -0.0001    -0.5264    -0.5265    -0.0001   2.807089   2.807013  -0.000075    34.2973    34.2965     7.5445    27.5644    27.5637          6  0.000e+00
      27796 311.552883  -62.22800  -58.20600     -0.145    1448.15     15.240     15.093    -0.5263    -0.5253     0.0011    -0.5268    -0.5257     0.0011   2.807031   2.807064   0.000033    34.2969    34.2962     7.5446    27.5641    27.5634          6  0.000e+00
      27797 311.552884  -62.22800  -58.20600     -0.145    1448.15     15.119     14.974    -0.5270    -0.5249     0.0021    -0.5274    -0.5254     0.0021   2.807020   2.807098   0.000078    34.2976    34.2963     7.5443    27.5646    27.5635          6  0.000e+00
      27798 311.552884  -62.22800  -58.20600     -0.137    1448.15     15.176     15.029    -0.5271    -0.5249     0.0022    -0.5276    -0.5254     0.0022   2.807037   2.807143   0.000106    34.2980    34.2969     7.5441    27.5649    27.5639          6  0.000e+00
      27799 311.552885  -62.22800  -58.20600     -0.132    1448.15     15.176     15.029    -0.5272    -0.5244     0.0028    -0.5276    -0.5249     0.0028   2.807049   2.807154   0.000105    34.2982    34.2965     7.5448    27.5651    27.5636          6  0.000e+00
      27800 311.552885  -62.22800  -58.20600     -0.127    1448.15     15.176     15.029    -0.5272    -0.5248     0.0025    -0.5277    -0.5252     0.0025   2.807066   2.807160   0.000094    34.2985    34.2969     7.5445    27.5653    27.5640          6  0.000e+00
      27801 311.552886  -62.22800  -58.20600     -0.125    1448.15     15.176     15.029    -0.5274    -0.5250     0.0024    -0.5279    -0.5255     0.0024   2.807094   2.807154   0.000060    34.2991    34.2971     7.5441    27.5658    27.5642          6  0.000e+00
      27802 311.552886  -62.22800  -58.20600     -0.118    1448.15     15.176     15.029    -0.5274    -0.5250     0.0024    -0.5279    -0.5255     0.0024   2.807083   2.807120   0.000037    34.2989    34.2967     7.5437    27.5657    27.5638          6  0.000e+00
      27803 311.552887  -62.22800  -58.20600     -0.111    1448.15     15.176     15.029    -0.5272    -0.5255     0.0017    -0.5276    -0.5259     0.0017   2.807083   2.807143   0.000060    34.2986    34.2975     7.5432    27.5655    27.5645          6  0.000e+00
      27804 311.552887  -62.22800  -58.20600     -0.108    1448.15     15.176     15.029    -0.5274    -0.5255     0.0019    -0.5279    -0.5260     0.0019   2.807037   2.807120   0.000083    34.2983    34.2973     7.5427    27.5652    27.5643          6  0.000e+00
      27805 311.552888  -62.22800  -58.20600     -0.104    1448.15     15.176     15.029    -0.5274    -0.5264     0.0010    -0.5279    -0.5269     0.0010   2.807037   2.807098   0.000061    34.2983    34.2980     7.5422    27.5652    27.5649          6  0.000e+00
      27806 311.552888  -62.22800  -58.20600     -0.095    1448.15     15.176     15.029    -0.5274    -0.5269     0.0005    -0.5279    -0.5274     0.0005   2.807049   2.807047  -0.000001    34.2984    34.2978     7.5416    27.5653    27.5648          6  0.000e+00
      27807 311.552889  -62.22800  -58.20600     -0.090    1448.15     15.176     15.029    -0.5275    -0.5272     0.0003    -0.5280    -0.5277     0.0003   2.807009   2.806997  -0.000012    34.2980    34.2975     7.5410    27.5650    27.5645          6  0.000e+00
      27808 311.552889  -62.22800  -58.20600     -0.081    1448.15     15.232     15.085    -0.5280    -0.5275     0.0006    -0.5285    -0.5280     0.0005   2.807031   2.806952  -0.000080    34.2989    34.2972     7.5404    27.5657    27.5643          6  0.000e+00
      27809 311.552890  -62.22800  -58.20600     -0.078    1448.15     15.176     15.029    -0.5280    -0.5278     0.0003    -0.5285    -0.5282     0.0003   2.807049   2.806907  -0.000142    34.2992    34.2969     7.5396    27.5659    27.5641          6  0.000e+00
