Pos-Processados/process_op42/operantar42_018.cnv
* Sea-Bird SBE 9 Data File:
* FileName = C:\Users\Hidrografia\Desktop\OPXLII\Brutos\OP42018.hdr
* Software Version Seasave V 7.26.7.107
* Temperature SN = 6502
* Conductivity SN = 4998
* Number of Bytes Per Scan = 37
* Number of Voltage Words = 4
* Number of Scans Averaged by the Deck Unit = 1
* NMEA Latitude = 62 13.46 S
* NMEA Longitude = 058 12.64 W
* NMEA UTC (Time) = Nov 07 2023 12:56:51
* NMEA baud rate = 4800
** H41
** NPOALTEMAXIMIANO
** NUMERO DA ESTACAO (XXX) 018
** LAT (XX XX.XX S/N) 62 13.46 S
** LONG (XXX XX.XX W/E) 058 12.12 W
** DATAHORA (dd/mm/aaaa hh:mm Z) 07/11/2023 1245Z
** PROFUNDIDADE (m) 523
** OPERADOR 1T ZAMITH
# nquan = 30
# nvalues = 708                         
# units = specified
# name 0 = scan: Scan Count
# name 1 = timeJ: Julian Days
# name 2 = latitude: Latitude [deg]
# name 3 = longitude: Longitude [deg]
# name 4 = dz/dtM: Descent Rate [m/s]
# name 5 = avgsvCM: Average Sound Velocity [Chen-Millero, m/s]
# name 6 = prDM: Pressure, Digiquartz [db]
# name 7 = depSM: Depth [salt water, m]
# name 8 = t090C: Temperature [ITS-90, deg C]
# name 9 = t190C: Temperature, 2 [ITS-90, deg C]
# name 10 = T2-T190C: Temperature Difference, 2 - 1 [ITS-90, deg C]
# name 11 = potemp090C: Potential Temperature [ITS-90, deg C]
# name 12 = potemp190C: Potential Temperature, 2 [ITS-90, deg C]
# name 13 = potemp90Cdiff: Potential Temperature, Diff, 2 - 1 [ITS-90, deg C]
# name 14 = c0S/m: Conductivity [S/m]
# name 15 = c1S/m: Conductivity, 2 [S/m]
# name 16 = C2-C1S/m: Conductivity Difference, 2 - 1 [S/m]
# name 17 = sal00: Salinity, Practical [PSU]
# name 18 = sal11: Salinity, Practical, 2 [PSU]
# name 19 = sbeox0ML/L: Oxygen, SBE 43 [ml/l]
# name 20 = sigma-é00: Density [sigma-theta, kg/m^3]
# name 21 = sigma-é11: Density, 2 [sigma-theta, kg/m^3]
# name 22 = sal00: Salinity, Practical [PSU]
# name 23 = sigma-é00: Density [sigma-theta, kg/m^3]
# name 24 = svCM: Sound Velocity [Chen-Millero, m/s]
# name 25 = svCM1: Sound Velocity, 2 [Chen-Millero, m/s]
# name 26 = gsw_ptA0: potential temperature [ITS-90, deg C]
# name 27 = gsw_densityA0: density, TEOS-10 [density, kg/m^3]
# name 28 = gsw_saA0: Absolute Salinity [g/kg]
# name 29 = flag:
# span 0 =       2131,      34318       
# span 1 = 311.540506, 311.556029       
# span 2 =  -62.22870,  -62.22469       
# span 3 =  -58.21066,  -58.20496       
# span 4 =     -1.069,      1.101       
# span 5 =      -0.00,    1448.15       
# span 6 =      2.000,    361.000       
# span 7 =      2.030,    357.222       
# span 8 =    -0.7448,    -0.5382       
# span 9 =    -0.7440,    -0.5380       
# span 10 =    -0.0163,     0.0109      
# span 11 =    -0.7494,    -0.5386      
# span 12 =    -0.7486,    -0.5384      
# span 13 =    -0.0162,     0.0109      
# span 14 =   2.796872,   2.811671      
# span 15 =   2.796859,   2.811650      
# span 16 =  -0.001567,   0.001008      
# span 17 =    34.2972,    34.3594      
# span 18 =    34.2973,    34.3582      
# span 19 =     7.0189,     7.5860      
# span 20 =    27.5652,    27.6232      
# span 21 =    27.5651,    27.6222      
# span 22 =    34.2976,    34.3593      
# span 23 =    27.5656,    27.6232      
# span 24 =    1445.68,    1450.84      
# span 25 =    1445.68,    1450.85      
# span 26 =    -0.7492,    -0.5386      
# span 27 =  1027.5821,  1029.3535      
# span 28 =    34.4608,    34.5296      
# span 29 = 0.0000e+00, 0.0000e+00      
# interval = decibars: 1                
# start_time = Nov 07 2023 12:56:51 [NMEA time, header]
# bad_flag = -9.990e-29
*END*
[from data line 146]
       6282 311.542508  -62.22528  -58.21018      0.647    1446.63    159.000    157.413    -0.6527    -0.6518     0.0009    -0.6575    -0.6567     0.0009   2.804973   2.804952  -0.000022    34.3234    34.3221     7.2857    27.5912    27.5901    34.3234    27.5912    1447.79    1447.79    -0.6574  1028.3569    34.4905 0.0000e+00
       6314 311.542524  -62.22528  -58.21018      0.691    1446.63    160.000    158.402    -0.6528    -0.6519     0.0009    -0.6577    -0.6568     0.0009   2.805011   2.804995  -0.000019    34.3235    34.3223     7.2885    27.5913    27.5902    34.3235    27.5913    1447.81    1447.81    -0.6576  1028.3618    34.4906 0.0000e+00
       6340 311.542536  -62.22530  -58.21016      0.873    1446.63    161.000    159.392    -0.6531    -0.6522     0.0010    -0.6580    -0.6571     0.0010   2.805099   2.805101   0.000003    34.3243    34.3232     7.2940    27.5919    27.5910    34.3244    27.5920    1447.82    1447.83    -0.6579  1028.3673    34.4916 0.0000e+00
       6364 311.542548  -62.22530  -58.21016      0.977    1446.63    162.000    160.382    -0.6532    -0.6523     0.0009    -0.6581    -0.6572     0.0009   2.805170   2.805171   0.000003    34.3246    34.3237     7.2817    27.5922    27.5914    34.3248    27.5923    1447.84    1447.84    -0.6580  1028.3724    34.4919 0.0000e+00
       6391 311.542561  -62.22530  -58.21016      0.938    1446.63    163.000    161.371    -0.6530    -0.6521     0.0009    -0.6580    -0.6571     0.0009   2.805262   2.805258  -0.000002    34.3252    34.3242     7.2748    27.5926    27.5918    34.3252    27.5927    1447.86    1447.86    -0.6578  1028.3775    34.4924 0.0000e+00
       6422 311.542576  -62.22530  -58.21016      0.795    1446.63    164.000    162.361    -0.6529    -0.6520     0.0009    -0.6579    -0.6570     0.0009   2.805327   2.805324  -0.000006    34.3254    34.3243     7.2730    27.5928    27.5919    34.3254    27.5928    1447.87    1447.88    -0.6578  1028.3824    34.4925 0.0000e+00
       6453 311.542591  -62.22531  -58.21016      0.765    1446.63    165.000    163.350    -0.6529    -0.6520     0.0009    -0.6579    -0.6571     0.0009   2.805374   2.805376   0.000003    34.3253    34.3244     7.2718    27.5928    27.5920    34.3254    27.5928    1447.89    1447.89    -0.6578  1028.3872    34.4925 0.0000e+00
       6481 311.542604  -62.22532  -58.21015      0.830    1446.63    166.000    164.340    -0.6528    -0.6520     0.0008    -0.6579    -0.6571     0.0008   2.805429   2.805426  -0.000001    34.3254    34.3245     7.2753    27.5928    27.5920    34.3254    27.5928    1447.91    1447.91    -0.6578  1028.3920    34.4926 0.0000e+00
       6508 311.542617  -62.22532  -58.21014      0.890    1446.63    167.000    165.330    -0.6527    -0.6519     0.0008    -0.6578    -0.6570     0.0008   2.805483   2.805474  -0.000009    34.3254    34.3244     7.2661    27.5928    27.5920    34.3254    27.5928    1447.92    1447.93    -0.6577  1028.3968    34.4926 0.0000e+00
       6536 311.542631  -62.22532  -58.21014      0.872    1446.63    168.000    166.319    -0.6532    -0.6523     0.0009    -0.6583    -0.6575     0.0009   2.805491   2.805464  -0.000022    34.3255    34.3242     7.2572    27.5929    27.5918    34.3255    27.5929    1447.94    1447.94    -0.6582  1028.4016    34.4927 0.0000e+00
       6568 311.542646  -62.22532  -58.21012      0.781    1446.63    169.000    167.309    -0.6532    -0.6530     0.0002    -0.6583    -0.6582     0.0002   2.805524   2.805469  -0.000057    34.3252    34.3243     7.2584    27.5927    27.5919    34.3252    27.5927    1447.95    1447.95    -0.6582  1028.4062    34.4924 0.0000e+00
       6598 311.542661  -62.22532  -58.21012      0.768    1446.63    170.000    168.299    -0.6531    -0.6522     0.0010    -0.6583    -0.6574     0.0010   2.805581   2.805584 8.0973e-07    34.3253    34.3242     7.2580    27.5927    27.5918    34.3254    27.5928    1447.97    1447.97    -0.6582  1028.4111    34.4926 0.0000e+00
       6625 311.542674  -62.22533  -58.21012      0.848    1446.63    171.000    169.288    -0.6527    -0.6517     0.0009    -0.6579    -0.6570     0.0009   2.805650   2.805662   0.000015    34.3251    34.3242     7.2677    27.5926    27.5918    34.3252    27.5926    1447.99    1447.99    -0.6578  1028.4157    34.4924 0.0000e+00
       6653 311.542687  -62.22534  -58.21012      0.884    1446.63    172.000    170.278    -0.6533    -0.6520     0.0013    -0.6586    -0.6573     0.0013   2.805668   2.805693   0.000020    34.3256    34.3243     7.2720    27.5930    27.5919    34.3255    27.5929    1448.00    1448.01    -0.6584  1028.4208    34.4927 0.0000e+00
       6685 311.542702  -62.22534  -58.21011      0.789    1446.63    173.000    171.267    -0.6535    -0.6531     0.0005    -0.6588    -0.6584     0.0005   2.805696   2.805667  -0.000023    34.3255    34.3246     7.2651    27.5929    27.5922    34.3255    27.5930    1448.02    1448.02    -0.6587  1028.4256    34.4927 0.0000e+00
       6720 311.542720  -62.22534  -58.21010      0.673    1446.63    174.000    172.257    -0.6542    -0.6532     0.0011    -0.6595    -0.6585     0.0011   2.805706   2.805719   0.000005    34.3259    34.3247     7.2615    27.5933    27.5923    34.3259    27.5932    1448.03    1448.03    -0.6594  1028.4306    34.4931 0.0000e+00
       6751 311.542734  -62.22534  -58.21010      0.743    1446.63    175.000    173.246    -0.6546    -0.6536     0.0010    -0.6600    -0.6590     0.0010   2.805741   2.805734  -0.000003    34.3262    34.3250     7.2580    27.5935    27.5926    34.3262    27.5935    1448.04    1448.05    -0.6598  1028.4336    34.4909 0.0000e+00
       6777 311.542747 -9.990e-29  -58.21010      0.871    1446.63    176.000    174.236    -0.6556    -0.6547     0.0009    -0.6610    -0.6601     0.0008   2.805723   2.805696  -0.000024    34.3265    34.3252     7.2594    27.5938    27.5928    34.3264    27.5937    1448.06    1448.06    -0.6608  1028.4363    34.4882 0.0000e+00
       6803 311.542759 -9.990e-29  -58.21010      0.945    1446.63    177.000    175.226    -0.6568    -0.6561     0.0007    -0.6622    -0.6615     0.0007   2.805677   2.805639  -0.000035    34.3265    34.3253     7.2554    27.5939    27.5929    34.3265    27.5939    1448.07    1448.07    -0.6621  1028.4413    34.4884 0.0000e+00
       6831 311.542773 -9.990e-29  -58.21010      0.876    1446.63    178.000    176.215    -0.6570    -0.6558     0.0011    -0.6624    -0.6613     0.0011   2.805722   2.805711  -0.000015    34.3268    34.3253     7.2528    27.5941    27.5928    34.3267    27.5941    1448.08    1448.09    -0.6623  1028.4462    34.4885 0.0000e+00
       6862 311.542788  -62.22536  -58.21009      0.780    1446.63    179.000    177.205    -0.6567    -0.6566     0.0000    -0.6621    -0.6621     0.0000   2.805758   2.805677  -0.000077    34.3263    34.3252     7.2582    27.5937    27.5928    34.3262    27.5937    1448.10    1448.10    -0.6620  1028.4543    34.4927 0.0000e+00
       6892 311.542802  -62.22536  -58.21008      0.797    1446.63    180.000    178.194    -0.6590    -0.6576     0.0014    -0.6645    -0.6631     0.0014   2.805622   2.805641   0.000016    34.3268    34.3255     7.2551    27.5942    27.5931    34.3264    27.5939    1448.11    1448.11    -0.6644  1028.4599    34.4936 0.0000e+00
       6920 311.542816  -62.22538  -58.21008      0.848    1446.74    181.000    179.184    -0.6708    -0.6684     0.0025    -0.6764    -0.6739     0.0025   2.804785   2.804800   0.000033    34.3289    34.3266     7.2546    27.5965    27.5944    34.3279    27.5957    1448.07    1448.08    -0.6762  1028.4665    34.4952 0.0000e+00
       6951 311.542831  -62.22538  -58.21008      0.806    1446.96    182.000    180.173    -0.6695    -0.6722    -0.0027    -0.6751    -0.6778    -0.0027   2.804768   2.804553  -0.000234    34.3258    34.3257     7.2540    27.5938    27.5939    34.3256    27.5937    1448.09    1448.08    -0.6749  1028.4702    34.4938 0.0000e+00
       6983 311.542846  -62.22538 -9.990e-29      0.743    1446.96    183.000    181.163    -0.6811    -0.6772     0.0039    -0.6867    -0.6828     0.0039   2.804055   2.804143   0.000081    34.3305    34.3271     7.2618    27.5981    27.5953    34.3285    27.5966    1448.05    1448.07    -0.6865  1028.4787    34.4979 0.0000e+00
       7011 311.542860  -62.22538 -9.990e-29      0.803    1446.96    184.000    182.152    -0.7015    -0.6991     0.0023    -0.7070    -0.7047     0.0023   2.802382   2.802383   0.000010    34.3309    34.3283     7.2716    27.5993    27.5972    34.3284    27.5973    1447.97    1447.98    -0.7069  1028.4844    34.4977 0.0000e+00
       7038 311.542873  -62.22538 -9.990e-29      0.889    1446.96    185.000    183.142    -0.7020    -0.7013     0.0007    -0.7076    -0.7069     0.0007   2.802260   2.802265  -0.000017    34.3276    34.3266     7.2730    27.5967    27.5959    34.3267    27.5960    1447.99    1447.99    -0.7075  1028.4879    34.4961 0.0000e+00
       7066 311.542886  -62.22540  -58.21006      0.879    1446.96    186.000    184.131    -0.7030    -0.6993     0.0037    -0.7086    -0.7049     0.0037   2.802241   2.802444   0.000192    34.3281    34.3265     7.2738    27.5971    27.5957    34.3270    27.5963    1448.00    1448.01    -0.7085  1028.4912    34.4943 0.0000e+00
       7097 311.542901  -62.22540  -58.21004      0.801    1446.96    187.000    185.121    -0.7069    -0.7029     0.0040    -0.7126    -0.7085     0.0040   2.801980   2.802200   0.000233    34.3282    34.3268     7.2799    27.5974    27.5961    34.3273    27.5966    1448.00    1448.01    -0.7124  1028.4964    34.4945 0.0000e+00
       7127 311.542916  -62.22540  -58.21004      0.773    1446.96    188.000    186.110    -0.7092    -0.7078     0.0014    -0.7149    -0.7135     0.0014   2.801819   2.801845   0.000031    34.3281    34.3270     7.2809    27.5974    27.5964    34.3271    27.5966    1448.00    1448.01    -0.7147  1028.5011    34.4943 0.0000e+00
       7154 311.542929  -62.22540  -58.21004      0.848    1446.96    189.000    187.100    -0.7139    -0.7131     0.0008    -0.7196    -0.7188     0.0008   2.801524   2.801513  -0.000007    34.3289    34.3278     7.2761    27.5982    27.5974    34.3278    27.5974    1448.00    1448.00    -0.7195  1028.5067    34.4951 0.0000e+00
       7180 311.542941  -62.22540  -58.21004      0.928    1446.96    190.000    188.090    -0.7150    -0.7143     0.0007    -0.7207    -0.7200     0.0007   2.801467   2.801467  -0.000003    34.3284    34.3276     7.2809    27.5979    27.5972    34.3276    27.5973    1448.01    1448.01    -0.7206  1028.5114    34.4949 0.0000e+00
       7206 311.542954  -62.22542  -58.21004      0.940    1446.96    191.000    189.079    -0.7141    -0.7134     0.0007    -0.7199    -0.7192     0.0007   2.801575   2.801582   0.000011    34.3280    34.3274     7.2766    27.5976    27.5970    34.3275    27.5971    1448.03    1448.03    -0.7197  1028.5160    34.4948 0.0000e+00
       7235 311.542968  -62.22542  -58.21002      0.848    1446.96    192.000    190.068    -0.7140    -0.7133     0.0007    -0.7198    -0.7191     0.0007   2.801638   2.801628  -0.000007    34.3281    34.3272     7.2781    27.5976    27.5969    34.3276    27.5972    1448.05    1448.05    -0.7197  1028.5209    34.4949 0.0000e+00
       7269 311.542984  -62.22542  -58.21002      0.730    1446.96    193.000    191.058    -0.7147    -0.7129     0.0018    -0.7205    -0.7188     0.0018   2.801618   2.801693   0.000069    34.3280    34.3269     7.2752    27.5975    27.5966    34.3275    27.5972    1448.06    1448.06    -0.7204  1028.5256    34.4948 0.0000e+00
       7302 311.543000  -62.22542  -58.21002      0.717    1446.96    194.000    192.047    -0.7159    -0.7149     0.0009    -0.7217    -0.7208     0.0009   2.801590   2.801579  -0.000008    34.3283    34.3271     7.2767    27.5979    27.5969    34.3279    27.5975    1448.07    1448.07    -0.7216  1028.5307    34.4952 0.0000e+00
       7332 311.543015  -62.22544  -58.21002      0.770    1446.96    195.000    193.037    -0.7128    -0.7122     0.0006    -0.7187    -0.7181     0.0006   2.801863   2.801846  -0.000004    34.3272    34.3265     7.2730    27.5969    27.5962    34.3274    27.5970    1448.10    1448.10    -0.7185  1028.5350    34.4947 0.0000e+00
       7361 311.543028  -62.22544  -58.21001      0.826    1446.96    196.000    194.026    -0.7085    -0.7081     0.0004    -0.7145    -0.7140     0.0004   2.802312   2.802266  -0.000052    34.3279    34.3268     7.2765    27.5972    27.5963    34.3280    27.5974    1448.14    1448.14    -0.7143  1028.5401    34.4954 0.0000e+00
       7387 311.543041  -62.22544  -58.21000      0.882    1446.96    197.000    195.016    -0.7081    -0.7070     0.0010    -0.7140    -0.7130     0.0010   2.802405   2.802432   0.000025    34.3282    34.3273     7.2712    27.5974    27.5967    34.3282    27.5974    1448.15    1448.16    -0.7139  1028.5449    34.4955 0.0000e+00
       7413 311.543053  -62.22544  -58.21000      0.930    1446.96    198.000    196.005    -0.7080    -0.7071     0.0009    -0.7140    -0.7131     0.0009   2.802498   2.802488  -0.000007    34.3287    34.3275     7.2717    27.5978    27.5969    34.3288    27.5979    1448.17    1448.18    -0.7139  1028.5502    34.4961 0.0000e+00
       7437 311.543065  -62.22544  -58.21000      0.965    1446.96    199.000    196.995    -0.7081    -0.7074     0.0007    -0.7141    -0.7134     0.0007   2.802544   2.802522  -0.000020    34.3290    34.3279     7.2634    27.5981    27.5972    34.3289    27.5980    1448.19    1448.19    -0.7140  1028.5550    34.4962 0.0000e+00
       7464 311.543078  -62.22544  -58.21000      0.929    1446.96    200.000    197.984    -0.7091    -0.7084     0.0007    -0.7152    -0.7144     0.0007   2.802422   2.802418  -0.000005    34.3278    34.3268     7.2651    27.5971    27.5964    34.3277    27.5971    1448.20    1448.20    -0.7150  1028.5589    34.4950 0.0000e+00
       7497 311.543094  -62.22546  -58.20998      0.781    1446.96    201.000    198.973    -0.7094    -0.7085     0.0009    -0.7155    -0.7146     0.0009   2.802426   2.802446   0.000018    34.3277    34.3269     7.2660    27.5971    27.5964    34.3276    27.5970    1448.21    1448.22    -0.7154  1028.5636    34.4949 0.0000e+00
       7530 311.543110  -62.22546  -58.20998      0.713    1446.96    202.000    199.963    -0.7107    -0.7103     0.0005    -0.7169    -0.7164     0.0005   2.802388   2.802347  -0.000036    34.3280    34.3270     7.2720    27.5974    27.5966    34.3279    27.5973    1448.22    1448.22    -0.7167  1028.5687    34.4952 0.0000e+00
       7561 311.543125  -62.22546  -58.20998      0.758    1446.96    203.000    200.952    -0.7114    -0.7104     0.0009    -0.7175    -0.7166     0.0009   2.802402   2.802392  -0.000010    34.3281    34.3270     7.2815    27.5975    27.5966    34.3282    27.5976    1448.24    1448.24    -0.7174  1028.5737    34.4955 0.0000e+00
       7591 311.543140  -62.22546  -58.20996      0.794    1446.96    204.000    201.942    -0.7093    -0.7088     0.0005    -0.7155    -0.7150     0.0005   2.802603   2.802563  -0.000034    34.3278    34.3267     7.2807    27.5972    27.5963    34.3279    27.5973    1448.26    1448.26    -0.7153  1028.5782    34.4953 0.0000e+00
       7621 311.543154  -62.22547  -58.20996      0.796    1446.96    205.000    202.931    -0.7093    -0.7086     0.0007    -0.7155    -0.7148     0.0007   2.802645   2.802611  -0.000037    34.3279    34.3266     7.2795    27.5973    27.5962    34.3279    27.5973    1448.28    1448.28    -0.7154  1028.5829    34.4952 0.0000e+00
