Pos-Processados/process_op42/operantar42_017.ros
* Sea-Bird SBE 9 Data File:
* FileName = C:\Users\Hidrografia\Desktop\OPXLII\Brutos\OP42017.hdr
* Software Version Seasave V 7.26.7.107
* Temperature SN = 6502
* Conductivity SN = 4998
* Number of Bytes Per Scan = 37
* Number of Voltage Words = 4
* Number of Scans Averaged by the Deck Unit = 1
* NMEA Latitude = 62 11.60 S
* NMEA Longitude = 058 03.21 W
* NMEA UTC (Time) = Nov 07 2023 10:12:31
* NMEA baud rate = 4800
** H41
** NPOALTEMAXIMIANO
** NUMERO DA ESTACAO (XXX) 017
** LAT (XX XX.XX S/N) 62 11.58 S
** LONG (XXX XX.XX W/E) 058 03.19 W
** DATAHORA (dd/mm/aaaa hh:mm Z) 07/11/2023 1011Z
** PROFUNDIDADE (m) 523
** OPERADOR CT FABIREZA
# nquan = 24
# nvalues = 3893                                  
# units = specified
# name 0 = scan: Scan Count
# name 1 = timeJ: Julian Days
# name 2 = latitude: Latitude [deg]
# name 3 = longitude: Longitude [deg]
# name 4 = dz/dtM: Descent Rate [m/s]
# name 5 = avgsvCM: Average Sound Velocity [Chen-Millero, m/s]
# name 6 = prDM: Pressure, Digiquartz [db]
# name 7 = depSM: Depth [salt water, m]
# name 8 = t090C: Temperature [ITS-90, deg C]
# name 9 = t190C: Temperature, 2 [ITS-90, deg C]
# name 10 = T2-T190C: Temperature Difference, 2 - 1 [ITS-90, deg C]
# name 11 = potemp090C: Potential Temperature [ITS-90, deg C]
# name 12 = potemp190C: Potential Temperature, 2 [ITS-90, deg C]
# name 13 = potemp90Cdiff: Potential Temperature, Diff, 2 - 1 [ITS-90, deg C]
# name 14 = c0S/m: Conductivity [S/m]
# name 15 = c1S/m: Conductivity, 2 [S/m]
# name 16 = C2-C1S/m: Conductivity Difference, 2 - 1 [S/m]
# name 17 = sal00: Salinity, Practical [PSU]
# name 18 = sal11: Salinity, Practical, 2 [PSU]
# name 19 = sbeox0ML/L: Oxygen, SBE 43 [ml/l]
# name 20 = sigma-é00: Density [sigma-theta, kg/m^3]
# name 21 = sigma-é11: Density, 2 [sigma-theta, kg/m^3]
# name 22 = nbf: Bottles Fired
# name 23 = flag:  0.000e+00
# interval = seconds: 0.0416667
# start_time = Nov 07 2023 10:12:31 [NMEA time, header]
# bad_flag = -9.990e-29
*END*
[from data line 363]
      36386 311.442906  -62.20070  -58.04924     -0.107    1449.99     15.381     15.232    -0.6406    -0.6396     0.0009    -0.6410    -0.6401     0.0009   2.795270   2.795336   0.000066    34.2676    34.2675     7.6071    27.5453    27.5452          3  0.000e+00
      36387 311.442906  -62.20070  -58.04924     -0.108    1449.99     15.381     15.232    -0.6404    -0.6395     0.0008    -0.6408    -0.6400     0.0008   2.795378   2.795313  -0.000065    34.2689    34.2670     7.6132    27.5463    27.5448          3  0.000e+00
      36388 311.442907  -62.20070  -58.04924     -0.106    1449.99     15.381     15.232    -0.6403    -0.6395     0.0008    -0.6408    -0.6400     0.0008   2.795367   2.795308  -0.000059    34.2687    34.2670     7.6077    27.5462    27.5447          3  0.000e+00
      36389 311.442907  -62.20070  -58.04924     -0.106    1449.99     15.381     15.232    -0.6404    -0.6398     0.0006    -0.6408    -0.6402     0.0006   2.795276   2.795308   0.000032    34.2675    34.2672     7.6076    27.5452    27.5450          3  0.000e+00
      36390 311.442908  -62.20070  -58.04924     -0.109    1449.99     15.324     15.177    -0.6405    -0.6395     0.0010    -0.6409    -0.6400     0.0010   2.795321   2.795325   0.000004    34.2683    34.2672     7.6073    27.5458    27.5450          3  0.000e+00
      36391 311.442908  -62.20070  -58.04924     -0.108    1449.99     15.381     15.232    -0.6406    -0.6396     0.0009    -0.6410    -0.6401     0.0009   2.795395   2.795313  -0.000082    34.2693    34.2672     7.6072    27.5467    27.5449          3  0.000e+00
      36392 311.442908  -62.20070  -58.04924     -0.106    1449.99     15.381     15.232    -0.6404    -0.6396     0.0007    -0.6408    -0.6401     0.0007   2.795429   2.795308  -0.000122    34.2696    34.2671     7.6070    27.5469    27.5449          3  0.000e+00
      36393 311.442909  -62.20070  -58.04924     -0.105    1449.99     15.381     15.232    -0.6405    -0.6395     0.0010    -0.6409    -0.6400     0.0010   2.795355   2.795325  -0.000031    34.2687    34.2672     7.6069    27.5462    27.5449          3  0.000e+00
      36394 311.442909  -62.20070  -58.04924     -0.106    1449.99     15.324     15.177    -0.6406    -0.6396     0.0009    -0.6410    -0.6401     0.0009   2.795281   2.795313   0.000032    34.2678    34.2672     7.6067    27.5455    27.5449          3  0.000e+00
      36395 311.442910  -62.20070  -58.04924     -0.103    1449.99     15.381     15.232    -0.6407    -0.6398     0.0008    -0.6411    -0.6403     0.0008   2.795412   2.795285  -0.000127    34.2697    34.2670     7.6065    27.5470    27.5448          3  0.000e+00
      36396 311.442910  -62.20070  -58.04924     -0.103    1449.99     15.324     15.177    -0.6406    -0.6395     0.0010    -0.6410    -0.6400     0.0010   2.795401   2.795285  -0.000116    34.2694    34.2667     7.6063    27.5468    27.5445          3  0.000e+00
      36397 311.442911  -62.20070  -58.04924     -0.099    1449.99     15.381     15.232    -0.6408    -0.6398     0.0010    -0.6413    -0.6403     0.0010   2.795247   2.795280   0.000033    34.2676    34.2669     7.6063    27.5453    27.5447          3  0.000e+00
      36398 311.442911  -62.20070  -58.04924     -0.098    1449.99     15.324     15.177    -0.6407    -0.6394     0.0014    -0.6412    -0.6398     0.0014   2.795201   2.795280   0.000078    34.2669    34.2664     7.6061    27.5448    27.5443          3  0.000e+00
      36399 311.442912  -62.20070  -58.04924     -0.097    1449.99     15.381     15.232    -0.6404    -0.6396     0.0007    -0.6408    -0.6401     0.0007   2.795315   2.795319   0.000004    34.2680    34.2673     7.6058    27.5456    27.5450          3  0.000e+00
      36400 311.442912  -62.20070  -58.04924     -0.095    1449.99     15.324     15.177    -0.6407    -0.6398     0.0008    -0.6411    -0.6403     0.0008   2.795355   2.795313  -0.000042    34.2689    34.2674     7.6056    27.5464    27.5451          3  0.000e+00
      36401 311.442913  -62.20070  -58.04924     -0.096    1449.99     15.324     15.177    -0.6406    -0.6396     0.0009    -0.6410    -0.6401     0.0009   2.795315   2.795285  -0.000030    34.2683    34.2668     7.6055    27.5458    27.5446          3  0.000e+00
      36402 311.442913  -62.20070  -58.04924     -0.094    1449.99     15.381     15.232    -0.6405    -0.6395     0.0010    -0.6409    -0.6400     0.0010   2.795253   2.795319   0.000066    34.2673    34.2671     7.6118    27.5451    27.5449          3  0.000e+00
      36403 311.442914  -62.20070  -58.04924     -0.091    1449.99     15.324     15.177    -0.6407    -0.6398     0.0009    -0.6412    -0.6403     0.0009   2.795321   2.795269  -0.000053    34.2685    34.2668     7.6061    27.5461    27.5446          3  0.000e+00
      36404 311.442914  -62.20072  -58.04924     -0.087    1449.99     15.381     15.232    -0.6404    -0.6396     0.0007    -0.6408    -0.6401     0.0007   2.795435   2.795269  -0.000167    34.2697    34.2666     7.6058    27.5470    27.5444          3  0.000e+00
      36405 311.442915  -62.20072  -58.04924     -0.087    1449.99     15.260     15.113    -0.6407    -0.6398     0.0008    -0.6411    -0.6403     0.0008   2.795304   2.795285  -0.000019    34.2683    34.2671     7.6121    27.5459    27.5448          3  0.000e+00
      36406 311.442915  -62.20072  -58.04924     -0.083    1449.99     15.381     15.232    -0.6406    -0.6398     0.0008    -0.6410    -0.6402     0.0008   2.795201   2.795257   0.000056    34.2667    34.2666     7.6066    27.5446    27.5444          3  0.000e+00
      36407 311.442916  -62.20072  -58.04924     -0.085    1449.99     15.324     15.177    -0.6407    -0.6396     0.0010    -0.6411    -0.6401     0.0010   2.795270   2.795269  -0.000001    34.2678    34.2666     7.6073    27.5454    27.5445          3  0.000e+00
      36408 311.442916  -62.20072  -58.04924     -0.076    1449.99     15.381     15.232    -0.6407    -0.6396     0.0011    -0.6412    -0.6401     0.0011   2.795338   2.795297  -0.000042    34.2687    34.2669     7.6082    27.5462    27.5447          3  0.000e+00
      36409 311.442917  -62.20072  -58.04924     -0.074    1449.99     15.324     15.177    -0.6407    -0.6396     0.0010    -0.6411    -0.6401     0.0010   2.795276   2.795263  -0.000013    34.2679    34.2665     7.6144    27.5455    27.5444          3  0.000e+00
      36410 311.442917  -62.20072  -58.04924     -0.075    1449.99     15.324     15.177    -0.6407    -0.6398     0.0009    -0.6412    -0.6403     0.0009   2.795156   2.795269   0.000113    34.2663    34.2668     7.6089    27.5443    27.5446          3  0.000e+00
      36411 311.442918  -62.20072  -58.04924     -0.072    1449.99     15.324     15.177    -0.6410    -0.6396     0.0014    -0.6415    -0.6401     0.0014   2.795258   2.795297   0.000038    34.2680    34.2670     7.6151    27.5457    27.5448          3  0.000e+00
      36412 311.442918  -62.20072  -58.04924     -0.066    1449.99     15.381     15.232    -0.6407    -0.6399     0.0007    -0.6411    -0.6404     0.0007   2.795384   2.795263  -0.000121    34.2693    34.2668     7.6158    27.5467    27.5447          3  0.000e+00
      36413 311.442919  -62.20072  -58.04924     -0.062    1449.99     15.324     15.177    -0.6410    -0.6395     0.0015    -0.6415    -0.6400     0.0015   2.795293   2.795252  -0.000041    34.2685    34.2662     7.6166    27.5460    27.5442          3  0.000e+00
      36414 311.442919  -62.20072  -58.04924     -0.062    1449.99     15.324     15.177    -0.6408    -0.6399     0.0009    -0.6413    -0.6404     0.0009   2.795139   2.795252   0.000113    34.2662    34.2667     7.6109    27.5442    27.5446          3  0.000e+00
      36415 311.442920  -62.20072  -58.04924     -0.058    1449.99     15.381     15.232    -0.6408    -0.6398     0.0010    -0.6413    -0.6403     0.0010   2.795190   2.795263   0.000073    34.2669    34.2667     7.6170    27.5447    27.5445          3  0.000e+00
      36416 311.442920  -62.20072  -58.04924     -0.058    1449.99     15.324     15.177    -0.6406    -0.6399     0.0006    -0.6410    -0.6404     0.0006   2.795304   2.795235  -0.000069    34.2681    34.2665     7.6175    27.5457    27.5444          3  0.000e+00
      36417 311.442921  -62.20072  -58.04924     -0.053    1449.99     15.324     15.177    -0.6410    -0.6399     0.0010    -0.6414    -0.6404     0.0010   2.795247   2.795246  -0.000001    34.2678    34.2666     7.6128    27.5455    27.5445          3  0.000e+00
      36418 311.442921  -62.20072  -58.04924     -0.052    1449.99     15.324     15.177    -0.6408    -0.6399     0.0009    -0.6413    -0.6404     0.0009   2.795150   2.795252   0.000102    34.2664    34.2667     7.6125    27.5443    27.5446          3  0.000e+00
      36419 311.442921  -62.20072  -58.04924     -0.047    1449.99     15.381     15.232    -0.6408    -0.6399     0.0009    -0.6413    -0.6404     0.0009   2.795219   2.795235   0.000016    34.2672    34.2664     7.6185    27.5450    27.5443          3  0.000e+00
      36420 311.442922  -62.20072  -58.04924     -0.045    1449.99     15.324     15.177    -0.6408    -0.6399     0.0009    -0.6413    -0.6404     0.0009   2.795327   2.795207  -0.000120    34.2687    34.2661     7.6190    27.5462    27.5441          3  0.000e+00
      36421 311.442922  -62.20072  -58.04924     -0.043    1449.99     15.324     15.177    -0.6408    -0.6399     0.0009    -0.6413    -0.6404     0.0009   2.795236   2.795218  -0.000018    34.2675    34.2663     7.6132    27.5452    27.5442          3  0.000e+00
      36422 311.442923  -62.20072  -58.04924     -0.041    1449.99     15.324     15.177    -0.6410    -0.6402     0.0008    -0.6415    -0.6407     0.0008   2.795144   2.795246   0.000102    34.2665    34.2670     7.6192    27.5444    27.5448          3  0.000e+00
      36423 311.442923  -62.20072  -58.04924     -0.039    1449.99     15.381     15.232    -0.6408    -0.6401     0.0007    -0.6413    -0.6406     0.0007   2.795179   2.795235   0.000056    34.2667    34.2667     7.6133    27.5446    27.5445          3  0.000e+00
      36424 311.442924  -62.20072  -58.04924     -0.036    1449.99     15.324     15.177    -0.6407    -0.6399     0.0007    -0.6411    -0.6404     0.0007   2.795338   2.795229  -0.000109    34.2687    34.2664     7.6190    27.5462    27.5443          3  0.000e+00
      36425 311.442924  -62.20072  -58.04924     -0.034    1449.99     15.381     15.232    -0.6410    -0.6399     0.0011    -0.6415    -0.6404     0.0011   2.795264   2.795235  -0.000029    34.2681    34.2664     7.6133    27.5457    27.5443          3  0.000e+00
      36426 311.442925  -62.20072  -58.04924     -0.027    1449.99     15.324     15.177    -0.6410    -0.6399     0.0010    -0.6414    -0.6404     0.0010   2.795150   2.795207   0.000057    34.2665    34.2661     7.6127    27.5444    27.5441          3  0.000e+00
      36427 311.442925  -62.20072  -58.04924     -0.027    1449.99     15.324     15.177    -0.6407    -0.6399     0.0008    -0.6412    -0.6404     0.0008   2.795219   2.795218 -5.868e-07    34.2671    34.2663     7.6121    27.5449    27.5442          3  0.000e+00
      36428 311.442926  -62.20072  -58.04922     -0.024    1449.99     15.381     15.232    -0.6410    -0.6399     0.0011    -0.6415    -0.6404     0.0011   2.795310   2.795207  -0.000103    34.2687    34.2661     7.6180    27.5462    27.5440          3  0.000e+00
      36429 311.442926  -62.20072  -58.04922     -0.024    1449.99     15.324     15.177    -0.6408    -0.6399     0.0009    -0.6413    -0.6404     0.0009   2.795270   2.795179  -0.000091    34.2680    34.2657     7.6183    27.5456    27.5438          3  0.000e+00
      36430 311.442927  -62.20072  -58.04922     -0.017    1449.99     15.381     15.232    -0.6410    -0.6398     0.0012    -0.6415    -0.6403     0.0012   2.795139   2.795190   0.000051    34.2664    34.2657     7.6189    27.5443    27.5437          3  0.000e+00
      36431 311.442927  -62.20072  -58.04922     -0.017    1449.99     15.324     15.177    -0.6410    -0.6399     0.0010    -0.6414    -0.6404     0.0010   2.795236   2.795218  -0.000018    34.2676    34.2663     7.6191    27.5453    27.5442          3  0.000e+00
      36432 311.442928  -62.20072  -58.04922     -0.014    1449.99     15.381     15.232    -0.6408    -0.6399     0.0009    -0.6413    -0.6404     0.0009   2.795298   2.795207  -0.000092    34.2683    34.2661     7.6194    27.5459    27.5440          3  0.000e+00
      36433 311.442928  -62.20072  -58.04922     -0.013    1449.99     15.324     15.177    -0.6412    -0.6403     0.0009    -0.6416    -0.6407     0.0009   2.795224   2.795201  -0.000023    34.2677    34.2664     7.6197    27.5454    27.5443          3  0.000e+00
      36434 311.442929  -62.20072  -58.04922     -0.010    1449.99     15.381     15.232    -0.6410    -0.6403     0.0007    -0.6414    -0.6407     0.0007   2.795127   2.795167   0.000040    34.2661    34.2659     7.6200    27.5441    27.5439          3  0.000e+00
      36435 311.442929  -62.20072  -58.04922     -0.006    1449.99     15.381     15.232    -0.6407    -0.6401     0.0006    -0.6412    -0.6406     0.0006   2.795190   2.795151  -0.000039    34.2667    34.2655     7.6201    27.5446    27.5436          3  0.000e+00
      36436 311.442930  -62.20072  -58.04922     -0.005    1449.99     15.324     15.177    -0.6408    -0.6401     0.0007    -0.6413    -0.6406     0.0007   2.795304   2.795167  -0.000137    34.2684    34.2658     7.6212    27.5460    27.5438          3  0.000e+00
      36437 311.442930  -62.20072  -58.04922     -0.001    1449.99     15.381     15.232    -0.6410    -0.6401     0.0009    -0.6415    -0.6406     0.0009   2.795270   2.795173  -0.000097    34.2681    34.2658     7.6214    27.5458    27.5438          3  0.000e+00
      36438 311.442931  -62.20072  -58.04922     -0.001    1449.99     15.324     15.177    -0.6408    -0.6403     0.0005    -0.6413    -0.6407     0.0005   2.795156   2.795190   0.000034    34.2664    34.2663     7.6151    27.5444    27.5442          3  0.000e+00
      36439 311.442931  -62.20072  -58.04922     -0.000    1449.99     15.381     15.232    -0.6410    -0.6399     0.0011    -0.6415    -0.6404     0.0011   2.795162   2.795179   0.000017    34.2667    34.2657     7.6207    27.5446    27.5437          3  0.000e+00
      36440 311.442932  -62.20072  -58.04922      0.004    1449.99     15.381     15.232    -0.6410    -0.6399     0.0011    -0.6415    -0.6404     0.0011   2.795293   2.795173  -0.000120    34.2684    34.2656     7.6142    27.5460    27.5437          3  0.000e+00
      36441 311.442932  -62.20072  -58.04922      0.007    1449.99     15.381     15.232    -0.6410    -0.6401     0.0008    -0.6414    -0.6406     0.0008   2.795270   2.795190  -0.000080    34.2681    34.2660     7.6132    27.5457    27.5440          3  0.000e+00
      36442 311.442933  -62.20072  -58.04922      0.008    1449.99     15.324     15.177    -0.6407    -0.6401     0.0006    -0.6412    -0.6406     0.0006   2.795156   2.795201   0.000045    34.2663    34.2662     7.6122    27.5443    27.5442          3  0.000e+00
      36443 311.442933  -62.20072  -58.04922      0.009    1449.99     15.381     15.232    -0.6408    -0.6401     0.0007    -0.6413    -0.6406     0.0007   2.795219   2.795179  -0.000040    34.2672    34.2659     7.6112    27.5450    27.5439          3  0.000e+00
      36444 311.442934  -62.20072  -58.04922      0.012    1449.99     15.381     15.232    -0.6410    -0.6398     0.0012    -0.6415    -0.6403     0.0012   2.795327   2.795184  -0.000143    34.2689    34.2656     7.6102    27.5464    27.5437          3  0.000e+00
