Pos-Processados/process_op42/operantar42_017.ros
* Sea-Bird SBE 9 Data File:
* FileName = C:\Users\Hidrografia\Desktop\OPXLII\Brutos\OP42017.hdr
* Software Version Seasave V 7.26.7.107
* Temperature SN = 6502
* Conductivity SN = 4998
* Number of Bytes Per Scan = 37
* Number of Voltage Words = 4
* Number of Scans Averaged by the Deck Unit = 1
* NMEA Latitude = 62 11.60 S
* NMEA Longitude = 058 03.21 W
* NMEA UTC (Time) = Nov 07 2023 10:12:31
* NMEA baud rate = 4800
** H41
** NPOALTEMAXIMIANO
** NUMERO DA ESTACAO (XXX) 017
** LAT (XX XX.XX S/N) 62 11.58 S
** LONG (XXX XX.XX W/E) 058 03.19 W
** DATAHORA (dd/mm/aaaa hh:mm Z) 07/11/2023 1011Z
** PROFUNDIDADE (m) 523
** OPERADOR CT FABIREZA
# nquan = 24
# nvalues = 3893                                  
# units = specified
# name 0 = scan: Scan Count
# name 1 = timeJ: Julian Days
# name 2 = latitude: Latitude [deg]
# name 3 = longitude: Longitude [deg]
# name 4 = dz/dtM: Descent Rate [m/s]
# name 5 = avgsvCM: Average Sound Velocity [Chen-Millero, m/s]
# name 6 = prDM: Pressure, Digiquartz [db]
# name 7 = depSM: Depth [salt water, m]
# name 8 = t090C: Temperature [ITS-90, deg C]
# name 9 = t190C: Temperature, 2 [ITS-90, deg C]
# name 10 = T2-T190C: Temperature Difference, 2 - 1 [ITS-90, deg C]
# name 11 = potemp090C: Potential Temperature [ITS-90, deg C]
# name 12 = potemp190C: Potential Temperature, 2 [ITS-90, deg C]
# name 13 = potemp90Cdiff: Potential Temperature, Diff, 2 - 1 [ITS-90, deg C]
# name 14 = c0S/m: Conductivity [S/m]
# name 15 = c1S/m: Conductivity, 2 [S/m]
# name 16 = C2-C1S/m: Conductivity Difference, 2 - 1 [S/m]
# name 17 = sal00: Salinity, Practical [PSU]
# name 18 = sal11: Salinity, Practical, 2 [PSU]
# name 19 = sbeox0ML/L: Oxygen, SBE 43 [ml/l]
# name 20 = sigma-é00: Density [sigma-theta, kg/m^3]
# name 21 = sigma-é11: Density, 2 [sigma-theta, kg/m^3]
# name 22 = nbf: Bottles Fired
# name 23 = flag:  0.000e+00
# interval = seconds: 0.0416667
# start_time = Nov 07 2023 10:12:31 [NMEA time, header]
# bad_flag = -9.990e-29
*END*
[from data line 3502]
      39539 311.444426  -62.20132  -58.04868     -0.024    1449.99     15.283     15.136    -0.6382    -0.6373     0.0009    -0.6387    -0.6377     0.0009   2.795794   2.795785  -0.000009    34.2721    34.2709     7.5896    27.5488    27.5479         22  0.000e+00
      39540 311.444427  -62.20132  -58.04868     -0.023    1449.99     15.275     15.128    -0.6379    -0.6371     0.0009    -0.6384    -0.6375     0.0009   2.795925   2.795785  -0.000140    34.2736    34.2707     7.5840    27.5500    27.5476         22  0.000e+00
      39541 311.444427  -62.20132  -58.04868     -0.026    1449.99     15.275     15.128    -0.6382    -0.6371     0.0012    -0.6387    -0.6375     0.0012   2.795885   2.795802  -0.000083    34.2733    34.2709     7.5904    27.5499    27.5478         22  0.000e+00
      39542 311.444428  -62.20132  -58.04868     -0.022    1449.99     15.275     15.128    -0.6382    -0.6372     0.0010    -0.6387    -0.6377     0.0010   2.795743   2.795808   0.000065    34.2714    34.2712     7.5915    27.5483    27.5481         22  0.000e+00
      39543 311.444428  -62.20132  -58.04868     -0.021    1449.99     15.340     15.192    -0.6380    -0.6372     0.0008    -0.6385    -0.6377     0.0008   2.795749   2.795824   0.000076    34.2713    34.2714     7.5925    27.5482    27.5482         22  0.000e+00
      39544 311.444429  -62.20132  -58.04868     -0.023    1449.99     15.219     15.072    -0.6380    -0.6371     0.0010    -0.6385    -0.6375     0.0010   2.795851   2.795813  -0.000038    34.2727    34.2711     7.5933    27.5493    27.5480         22  0.000e+00
      39545 311.444429  -62.20132  -58.04868     -0.018    1449.99     15.340     15.192    -0.6378    -0.6369     0.0009    -0.6382    -0.6373     0.0009   2.795885   2.795808  -0.000078    34.2728    34.2707     7.5879    27.5494    27.5477         22  0.000e+00
      39546 311.444429  -62.20132  -58.04868     -0.021    1449.99     15.275     15.128    -0.6382    -0.6369     0.0013    -0.6387    -0.6373     0.0013   2.795846   2.795808  -0.000038    34.2728    34.2708     7.5944    27.5494    27.5477         22  0.000e+00
      39547 311.444430  -62.20132  -58.04868     -0.015    1449.99     15.340     15.192    -0.6382    -0.6371     0.0012    -0.6387    -0.6375     0.0012   2.795783   2.795847   0.000064    34.2719    34.2715     7.5955    27.5487    27.5483         22  0.000e+00
      39548 311.444430  -62.20132  -58.04868     -0.014    1449.99     15.275     15.128    -0.6382    -0.6372     0.0010    -0.6387    -0.6377     0.0010   2.795732   2.795819   0.000087    34.2713    34.2713     7.5965    27.5482    27.5482         22  0.000e+00
      39549 311.444431  -62.20132  -58.04868     -0.009    1449.99     15.340     15.192    -0.6380    -0.6372     0.0008    -0.6385    -0.6377     0.0008   2.795885   2.795791  -0.000095    34.2731    34.2709     7.5975    27.5497    27.5478         22  0.000e+00
      39550 311.444431  -62.20132  -58.04868     -0.007    1449.99     15.283     15.136    -0.6380    -0.6371     0.0010    -0.6385    -0.6375     0.0010   2.795823   2.795802  -0.000021    34.2723    34.2709     7.5974    27.5490    27.5478         22  0.000e+00
      39551 311.444432  -62.20132  -58.04868     -0.005    1449.99     15.275     15.128    -0.6382    -0.6371     0.0012    -0.6387    -0.6375     0.0012   2.795709   2.795808   0.000099    34.2710    34.2710     7.5985    27.5479    27.5479         22  0.000e+00
      39552 311.444432  -62.20132  -58.04868     -0.008    1449.99     15.275     15.128    -0.6382    -0.6372     0.0010    -0.6387    -0.6377     0.0010   2.795754   2.795808   0.000053    34.2716    34.2712     7.5931    27.5484    27.5481         22  0.000e+00
      39553 311.444433  -62.20132  -58.04868     -0.010    1449.99     15.275     15.128    -0.6380    -0.6373     0.0007    -0.6385    -0.6378     0.0007   2.795880   2.795785  -0.000095    34.2731    34.2710     7.5994    27.5496    27.5479         22  0.000e+00
      39554 311.444433  -62.20132  -58.04868     -0.004    1449.99     15.340     15.192    -0.6380    -0.6372     0.0008    -0.6385    -0.6377     0.0008   2.795851   2.795796  -0.000055    34.2726    34.2710     7.6005    27.5493    27.5479         23  0.000e+00
      39555 311.444434  -62.20132  -58.04868     -0.002    1449.99     15.283     15.136    -0.6379    -0.6372     0.0007    -0.6384    -0.6377     0.0007   2.795732   2.795785   0.000054    34.2709    34.2709     7.5940    27.5479    27.5478         23  0.000e+00
      39556 311.444434  -62.20132  -58.04868      0.003    1449.99     15.340     15.192    -0.6380    -0.6371     0.0010    -0.6385    -0.6375     0.0010   2.795749   2.795796   0.000048    34.2713    34.2708     7.6005    27.5482    27.5477         23  0.000e+00
      39557 311.444435  -62.20132  -58.04868      0.005    1449.99     15.340     15.192    -0.6382    -0.6373     0.0009    -0.6387    -0.6378     0.0009   2.795914   2.795774  -0.000140    34.2737    34.2708     7.6004    27.5501    27.5478         23  0.000e+00
      39558 311.444435  -62.20132  -58.04868      0.003    1449.99     15.275     15.128    -0.6376    -0.6373     0.0003    -0.6380    -0.6377     0.0003   2.795885   2.795796  -0.000089    34.2726    34.2711     7.6001    27.5492    27.5480         23  0.000e+00
      39559 311.444436  -62.20132  -58.04868      0.005    1449.99     15.340     15.192    -0.6379    -0.6372     0.0007    -0.6384    -0.6377     0.0007   2.795800   2.795785  -0.000015    34.2718    34.2708     7.6013    27.5486    27.5478         23  0.000e+00
      39560 311.444436  -62.20132  -58.04868      0.013    1449.99     15.340     15.192    -0.6379    -0.6373     0.0006    -0.6384    -0.6378     0.0006   2.795766   2.795819   0.000053    34.2714    34.2714     7.5958    27.5482    27.5483         23  0.000e+00
      39561 311.444437  -62.20132  -58.04868      0.012    1449.99     15.275     15.128    -0.6380    -0.6372     0.0008    -0.6385    -0.6377     0.0008   2.795834   2.795813  -0.000021    34.2725    34.2713     7.6010    27.5491    27.5481         23  0.000e+00
      39562 311.444437  -62.20132  -58.04868      0.013    1449.99     15.340     15.192    -0.6379    -0.6372     0.0007    -0.6384    -0.6377     0.0007   2.795937   2.795808  -0.000129    34.2737    34.2711     7.6009    27.5501    27.5480         23  0.000e+00
      39563 311.444438  -62.20132  -58.04868      0.015    1449.99     15.340     15.192    -0.6379    -0.6373     0.0005    -0.6383    -0.6378     0.0005   2.795863   2.795808  -0.000055    34.2726    34.2713     7.6007    27.5492    27.5481         23  0.000e+00
      39564 311.444438  -62.20132  -58.04868      0.020    1449.99     15.340     15.192    -0.6378    -0.6373     0.0004    -0.6382    -0.6378     0.0004   2.795703   2.795785   0.000082    34.2703    34.2710     7.6006    27.5474    27.5479         23  0.000e+00
      39565 311.444439  -62.20132  -58.04868      0.021    1449.99     15.340     15.192    -0.6382    -0.6372     0.0010    -0.6387    -0.6377     0.0010   2.795828   2.795808  -0.000021    34.2725    34.2711     7.6068    27.5492    27.5480         23  0.000e+00
      39566 311.444439  -62.20132  -58.04868      0.023    1449.99     15.340     15.192    -0.6378    -0.6372     0.0005    -0.6382    -0.6377     0.0005   2.795942   2.795808  -0.000135    34.2736    34.2711     7.6009    27.5500    27.5480         23  0.000e+00
      39567 311.444440  -62.20132  -58.04868      0.023    1449.99     15.340     15.192    -0.6382    -0.6371     0.0012    -0.6387    -0.6375     0.0012   2.795925   2.795824  -0.000101    34.2738    34.2712     7.6006    27.5503    27.5480         23  0.000e+00
      39568 311.444440  -62.20132  -58.04868      0.028    1449.99     15.396     15.248    -0.6377    -0.6372     0.0005    -0.6381    -0.6377     0.0005   2.795754   2.795813   0.000059    34.2709    34.2712     7.5949    27.5479    27.5481         23  0.000e+00
      39569 311.444441  -62.20132  -58.04868      0.032    1449.99     15.340     15.192    -0.6378    -0.6371     0.0007    -0.6382    -0.6375     0.0007   2.795851   2.795824  -0.000027    34.2723    34.2712     7.5944    27.5490    27.5480         23  0.000e+00
      39570 311.444441  -62.20132  -58.04868      0.033    1449.99     15.340     15.192    -0.6379    -0.6371     0.0008    -0.6383    -0.6375     0.0008   2.795931   2.795836  -0.000095    34.2735    34.2713     7.6005    27.5500    27.5482         23  0.000e+00
      39571 311.444442  -62.20132  -58.04868      0.033    1449.99     15.340     15.192    -0.6379    -0.6372     0.0007    -0.6384    -0.6377     0.0007   2.795920   2.795836  -0.000084    34.2734    34.2715     7.6002    27.5499    27.5483         23  0.000e+00
      39572 311.444442  -62.20132  -58.04868      0.037    1449.99     15.396     15.248    -0.6378    -0.6371     0.0007    -0.6382    -0.6375     0.0007   2.795811   2.795836   0.000024    34.2717    34.2713     7.5935    27.5485    27.5481         23  0.000e+00
      39573 311.444443  -62.20132  -58.04868      0.037    1449.99     15.340     15.192    -0.6377    -0.6369     0.0008    -0.6381    -0.6373     0.0008   2.795789   2.795836   0.000047    34.2714    34.2711     7.5920    27.5483    27.5480         23  0.000e+00
      39574 311.444443  -62.20132  -58.04868      0.040    1449.99     15.396     15.248    -0.6376    -0.6372     0.0004    -0.6380    -0.6377     0.0004   2.795880   2.795819  -0.000061    34.2725    34.2713     7.5917    27.5491    27.5481         23  0.000e+00
      39575 311.444443  -62.20132  -58.04868      0.039    1449.99     15.340     15.192    -0.6380    -0.6371     0.0010    -0.6385    -0.6375     0.0010   2.795931   2.795808  -0.000123    34.2737    34.2709     7.5967    27.5502    27.5478         23  0.000e+00
      39576 311.444444  -62.20132  -58.04868      0.049    1449.99     15.452     15.304    -0.6379    -0.6371     0.0009    -0.6384    -0.6375     0.0009   2.795880   2.795825  -0.000055    34.2728    34.2711     7.5975    27.5494    27.5480         23  0.000e+00
      39577 311.444444  -62.20132  -58.04868      0.049    1449.99     15.340     15.192    -0.6380    -0.6372     0.0009    -0.6385    -0.6376     0.0009   2.795828   2.795853   0.000024    34.2723    34.2717     7.5971    27.5490    27.5485         23  0.000e+00
      39578 311.444445  -62.20132  -58.04868      0.051    1449.99     15.396     15.248    -0.6379    -0.6372     0.0007    -0.6384    -0.6377     0.0007   2.795851   2.795819  -0.000032    34.2725    34.2713     7.5977    27.5491    27.5481         23  0.000e+00
      39579 311.444445  -62.20132  -58.04868      0.057    1449.99     15.396     15.248    -0.6378    -0.6369     0.0009    -0.6382    -0.6373     0.0009   2.795960   2.795847  -0.000113    34.2738    34.2712     7.5972    27.5502    27.5481         23  0.000e+00
      39580 311.444446  -62.20132  -58.04868      0.055    1449.99     15.396     15.248    -0.6379    -0.6371     0.0008    -0.6383    -0.6375     0.0008   2.795908   2.795864  -0.000044    34.2732    34.2717     7.5904    27.5497    27.5484         23  0.000e+00
      39581 311.444446  -62.20132  -58.04868      0.060    1449.99     15.396     15.248    -0.6380    -0.6372     0.0008    -0.6385    -0.6377     0.0008   2.795823   2.795841   0.000019    34.2722    34.2716     7.5964    27.5489    27.5484         23  0.000e+00
      39582 311.444447  -62.20132  -58.04868      0.062    1449.99     15.396     15.248    -0.6377    -0.6371     0.0006    -0.6381    -0.6375     0.0006   2.795771   2.795841   0.000070    34.2711    34.2714     7.5959    27.5480    27.5482         23  0.000e+00
      39583 311.444447  -62.20132  -58.04868      0.063    1449.99     15.396     15.248    -0.6380    -0.6371     0.0010    -0.6385    -0.6375     0.0010   2.795914   2.795836  -0.000078    34.2735    34.2713     7.5954    27.5499    27.5481         23  0.000e+00
      39584 311.444448  -62.20132  -58.04868      0.063    1449.99     15.396     15.248    -0.6379    -0.6369     0.0010    -0.6383    -0.6373     0.0010   2.795948   2.795813  -0.000135    34.2737    34.2708     7.5884    27.5501    27.5477         23  0.000e+00
      39585 311.444448  -62.20132  -58.04868      0.064    1449.99     15.396     15.248    -0.6380    -0.6371     0.0010    -0.6385    -0.6375     0.0010   2.795800   2.795824   0.000025    34.2719    34.2711     7.5944    27.5487    27.5480         23  0.000e+00
      39586 311.444449  -62.20132  -58.04868      0.071    1449.99     15.452     15.304    -0.6379    -0.6369     0.0011    -0.6384    -0.6373     0.0011   2.795806   2.795853   0.000047    34.2718    34.2713     7.5875    27.5486    27.5481         23  0.000e+00
      39587 311.444449  -62.20132  -58.04868      0.071    1449.99     15.396     15.248    -0.6379    -0.6372     0.0006    -0.6383    -0.6377     0.0006   2.795891   2.795864  -0.000027    34.2730    34.2719     7.5932    27.5495    27.5486         23  0.000e+00
      39588 311.444450  -62.20132  -58.04868      0.071    1449.99     15.396     15.248    -0.6379    -0.6369     0.0011    -0.6384    -0.6373     0.0011   2.795931   2.795819  -0.000112    34.2736    34.2708     7.5937    27.5500    27.5478         23  0.000e+00
      39589 311.444450  -62.20132  -58.04868      0.073    1449.99     15.452     15.304    -0.6382    -0.6371     0.0012    -0.6387    -0.6375     0.0012   2.795857   2.795847  -0.000010    34.2728    34.2714     7.5933    27.5495    27.5482         23  0.000e+00
      39590 311.444451  -62.20132  -58.04868      0.075    1449.99     15.452     15.304    -0.6379    -0.6369     0.0011    -0.6384    -0.6373     0.0011   2.795720   2.795847   0.000127    34.2707    34.2712     7.5938    27.5477    27.5481         23  0.000e+00
      39591 311.444451  -62.20132  -58.04868      0.074    1449.99     15.396     15.248    -0.6379    -0.6371     0.0008    -0.6383    -0.6375     0.0008   2.795794   2.795836   0.000041    34.2716    34.2713     7.5942    27.5485    27.5481         23  0.000e+00
      39592 311.444452  -62.20132  -58.04868      0.079    1449.99     15.452     15.304    -0.6382    -0.6371     0.0012    -0.6387    -0.6375     0.0012   2.795891   2.795853  -0.000039    34.2733    34.2715     7.5947    27.5498    27.5483         23  0.000e+00
      39593 311.444452  -62.20132  -58.04868      0.077    1449.99     15.461     15.312    -0.6379    -0.6372     0.0007    -0.6384    -0.6377     0.0007   2.795851   2.795864   0.000013    34.2724    34.2718     7.5952    27.5491    27.5486         23  0.000e+00
      39594 311.444453  -62.20132  -58.04868      0.081    1449.99     15.452     15.304    -0.6376    -0.6372     0.0004    -0.6380    -0.6377     0.0004   2.795771   2.795819   0.000047    34.2710    34.2712     7.5946    27.5479    27.5481         23  0.000e+00
      39595 311.444453  -62.20132  -58.04868      0.078    1449.99     15.396     15.248    -0.6379    -0.6372     0.0007    -0.6384    -0.6377     0.0007   2.795840   2.795824  -0.000015    34.2723    34.2713     7.5949    27.5490    27.5482         23  0.000e+00
      39596 311.444454  -62.20134  -58.04866      0.082    1449.99     15.453     15.304    -0.6379    -0.6373     0.0006    -0.6383    -0.6377     0.0006   2.795925   2.795853  -0.000073    34.2734    34.2717     7.5954    27.5499    27.5485         23  0.000e+00
      39597 311.444454  -62.20134  -58.04866      0.082    1449.99     15.453     15.304    -0.6379    -0.6371     0.0009    -0.6384    -0.6375     0.0009   2.795897   2.795819  -0.000078    34.2731    34.2710     7.5958    27.5496    27.5479         23  0.000e+00
      39598 311.444455  -62.20134  -58.04866      0.085    1449.99     15.461     15.312    -0.6382    -0.6373     0.0009    -0.6387    -0.6378     0.0009   2.795846   2.795808  -0.000038    34.2727    34.2712     7.5963    27.5493    27.5481         23  0.000e+00
