Pos-Processados/process_op42/operantar42_027.ros
* Sea-Bird SBE 9 Data File:
* FileName = C:\Users\Hidrografia\Desktop\OPXLII\Brutos\OP42027.hdr
* Software Version Seasave V 7.26.7.107
* Temperature SN = 6502
* Conductivity SN = 4998
* Number of Bytes Per Scan = 37
* Number of Voltage Words = 4
* Number of Scans Averaged by the Deck Unit = 1
* NMEA Latitude = 62 16.55 S
* NMEA Longitude = 058 26.39 W
* NMEA UTC (Time) = Nov 08 2023 19:38:30
* NMEA baud rate = 4800
** H41
** NPOALTEMAXIMIANO
** NUMERO DA ESTACAO (XXX) 027
** LAT (XX XX.XX S/N) 62  16.401 S
** LONG (XXX XX.XX W/E) 058  26.553 W
** DATAHORA (dd/mm/aaaa hh:mm Z) 08/11/2023 1937Z
** PROFUNDIDADE (m) 159
** OPERADOR CT FILIPE LOPES
# nquan = 24
# nvalues = 3975                                  
# units = specified
# name 0 = scan: Scan Count
# name 1 = timeJ: Julian Days
# name 2 = latitude: Latitude [deg]
# name 3 = longitude: Longitude [deg]
# name 4 = dz/dtM: Descent Rate [m/s]
# name 5 = avgsvCM: Average Sound Velocity [Chen-Millero, m/s]
# name 6 = prDM: Pressure, Digiquartz [db]
# name 7 = depSM: Depth [salt water, m]
# name 8 = t090C: Temperature [ITS-90, deg C]
# name 9 = t190C: Temperature, 2 [ITS-90, deg C]
# name 10 = T2-T190C: Temperature Difference, 2 - 1 [ITS-90, deg C]
# name 11 = potemp090C: Potential Temperature [ITS-90, deg C]
# name 12 = potemp190C: Potential Temperature, 2 [ITS-90, deg C]
# name 13 = potemp90Cdiff: Potential Temperature, Diff, 2 - 1 [ITS-90, deg C]
# name 14 = c0S/m: Conductivity [S/m]
# name 15 = c1S/m: Conductivity, 2 [S/m]
# name 16 = C2-C1S/m: Conductivity Difference, 2 - 1 [S/m]
# name 17 = sal00: Salinity, Practical [PSU]
# name 18 = sal11: Salinity, Practical, 2 [PSU]
# name 19 = sbeox0ML/L: Oxygen, SBE 43 [ml/l]
# name 20 = sigma-é00: Density [sigma-theta, kg/m^3]
# name 21 = sigma-é11: Density, 2 [sigma-theta, kg/m^3]
# name 22 = nbf: Bottles Fired
# name 23 = flag:  0.000e+00
# interval = seconds: 0.0416667
# start_time = Nov 08 2023 19:38:30 [NMEA time, header]
# bad_flag = -9.990e-29
*END*
[from data line 3382]
      23561 312.829765  -62.28010  -58.43304     -0.013    1447.02      3.656      3.621    -0.4921    -0.4909     0.0012    -0.4922    -0.4910     0.0012   2.809261   2.809277   0.000016    34.2954    34.2943     7.4828    27.5612    27.5603         21  0.000e+00
      23562 312.829765  -62.28010  -58.43304     -0.024    1447.02      3.656      3.621    -0.4919    -0.4909     0.0010    -0.4920    -0.4910     0.0010   2.809295   2.809249  -0.000046    34.2957    34.2939     7.4824    27.5615    27.5600         21  0.000e+00
      23563 312.829766  -62.28010  -58.43304     -0.038    1447.02      3.656      3.621    -0.4924    -0.4912     0.0012    -0.4925    -0.4913     0.0012   2.809363   2.809283  -0.000081    34.2971    34.2947     7.4820    27.5626    27.5606         21  0.000e+00
      23564 312.829766  -62.28010  -58.43304     -0.049    1447.02      3.656      3.621    -0.4919    -0.4911     0.0008    -0.4920    -0.4912     0.0008   2.809300   2.809277  -0.000024    34.2957    34.2945     7.4815    27.5615    27.5605         21  0.000e+00
      23565 312.829767  -62.28010  -58.43304     -0.063    1447.02      3.600      3.565    -0.4922    -0.4912     0.0010    -0.4923    -0.4913     0.0010   2.809243   2.809271   0.000028    34.2953    34.2946     7.4811    27.5612    27.5606         21  0.000e+00
      23566 312.829767  -62.28010  -58.43304     -0.074    1447.02      3.656      3.621    -0.4921    -0.4911     0.0010    -0.4922    -0.4912     0.0010   2.809283   2.809271  -0.000012    34.2957    34.2944     7.4818    27.5615    27.5604         21  0.000e+00
      23567 312.829768  -62.28010  -58.43304     -0.084    1447.02      3.600      3.565    -0.4921    -0.4909     0.0012    -0.4922    -0.4910     0.0012   2.809261   2.809249  -0.000012    34.2954    34.2939     7.4824    27.5613    27.5600         21  0.000e+00
      23568 312.829768  -62.28010  -58.43304     -0.094    1447.02      3.600      3.565    -0.4919    -0.4909     0.0010    -0.4920    -0.4910     0.0010   2.809266   2.809305   0.000039    34.2953    34.2947     7.4895    27.5612    27.5606         21  0.000e+00
      23569 312.829769  -62.28010  -58.43304     -0.111    1447.02      3.535      3.501    -0.4920    -0.4912     0.0008    -0.4922    -0.4913     0.0008   2.809295   2.809305   0.000010    34.2959    34.2951     7.4848    27.5616    27.5610         21  0.000e+00
      23570 312.829769  -62.28010  -58.43304     -0.119    1447.02      3.600      3.565    -0.4922    -0.4913     0.0009    -0.4923    -0.4914     0.0009   2.809283   2.809299   0.000016    34.2959    34.2950     7.4846    27.5616    27.5609         21  0.000e+00
      23571 312.829769  -62.28010  -58.43304     -0.129    1447.02      3.583      3.549    -0.4922    -0.4911     0.0011    -0.4923    -0.4912     0.0011   2.809278   2.809277 -6.684e-07    34.2958    34.2945     7.4853    27.5616    27.5605         21  0.000e+00
      23572 312.829770  -62.28010  -58.43304     -0.144    1447.02      3.535      3.501    -0.4921    -0.4912     0.0009    -0.4922    -0.4913     0.0009   2.809278   2.809271  -0.000006    34.2957    34.2946     7.4860    27.5615    27.5606         21  0.000e+00
      23573 312.829770  -62.28010  -58.43304     -0.148    1447.02      3.600      3.565    -0.4922    -0.4909     0.0013    -0.4923    -0.4910     0.0013   2.809255   2.809249  -0.000006    34.2955    34.2939     7.4859    27.5613    27.5600         21  0.000e+00
      23574 312.829771  -62.28010  -58.43304     -0.158    1447.02      3.479      3.445    -0.4919    -0.4911     0.0008    -0.4920    -0.4912     0.0008   2.809266   2.809283   0.000016    34.2954    34.2947     7.4866    27.5612    27.5606         21  0.000e+00
      23575 312.829771  -62.28010  -58.43304     -0.168    1447.02      3.535      3.501    -0.4924    -0.4909     0.0014    -0.4925    -0.4910     0.0014   2.809295   2.809299   0.000005    34.2962    34.2947     7.4876    27.5620    27.5606         21  0.000e+00
      23576 312.829772  -62.28010  -58.43304     -0.173    1447.02      3.600      3.565    -0.4922    -0.4911     0.0011    -0.4923    -0.4912     0.0011   2.809283   2.809277  -0.000006    34.2959    34.2945     7.4886    27.5616    27.5605         21  0.000e+00
      23577 312.829772  -62.28010  -58.43304     -0.182    1447.02      3.479      3.445    -0.4922    -0.4914     0.0008    -0.4923    -0.4915     0.0008   2.809255   2.809288   0.000033    34.2955    34.2951     7.4884    27.5614    27.5610         21  0.000e+00
      23578 312.829773  -62.28010  -58.43304     -0.186    1447.02      3.535      3.501    -0.4924    -0.4913     0.0011    -0.4925    -0.4914     0.0011   2.809232   2.809299   0.000068    34.2954    34.2951     7.4958    27.5613    27.5609         21  0.000e+00
      23579 312.829773  -62.28010  -58.43304     -0.193    1447.02      3.479      3.445    -0.4924    -0.4912     0.0012    -0.4925    -0.4913     0.0012   2.809243   2.809277   0.000034    34.2956    34.2947     7.4967    27.5614    27.5607         21  0.000e+00
      23580 312.829774  -62.28010  -58.43304     -0.196    1447.02      3.535      3.501    -0.4922    -0.4914     0.0008    -0.4923    -0.4915     0.0008   2.809249   2.809271   0.000022    34.2954    34.2948     7.4976    27.5613    27.5608         21  0.000e+00
      23581 312.829774  -62.28010  -58.43304     -0.202    1447.02      3.479      3.445    -0.4925    -0.4911     0.0014    -0.4926    -0.4912     0.0014   2.809249   2.809288   0.000039    34.2958    34.2947     7.4984    27.5616    27.5607         21  0.000e+00
      23582 312.829775  -62.28010  -58.43304     -0.203    1447.02      3.535      3.501    -0.4924    -0.4911     0.0013    -0.4925    -0.4912     0.0013   2.809289   2.809299   0.000010    34.2962    34.2949     7.4992    27.5619    27.5608         21  0.000e+00
      23583 312.829775  -62.28010  -58.43304     -0.207    1447.02      3.479      3.445    -0.4922    -0.4914     0.0008    -0.4923    -0.4915     0.0008   2.809283   2.809254  -0.000029    34.2959    34.2946     7.4999    27.5617    27.5606         21  0.000e+00
      23584 312.829776  -62.28010  -58.43304     -0.210    1447.02      3.479      3.445    -0.4922    -0.4913     0.0009    -0.4923    -0.4914     0.0009   2.809243   2.809243 -1.600e-07    34.2954    34.2943     7.5007    27.5613    27.5604         21  0.000e+00
      23585 312.829776  -62.28010  -58.43304     -0.209    1447.02      3.479      3.445    -0.4924    -0.4914     0.0010    -0.4925    -0.4915     0.0010   2.809203   2.809260   0.000057    34.2950    34.2947     7.4950    27.5610    27.5607         21  0.000e+00
      23586 312.829777  -62.28010  -58.43304     -0.206    1447.02      3.535      3.501    -0.4922    -0.4911     0.0011    -0.4923    -0.4912     0.0011   2.809215   2.809249   0.000034    34.2950    34.2942     7.5011    27.5609    27.5602         21  0.000e+00
      23587 312.829777  -62.28010  -58.43304     -0.203    1447.02      3.479      3.445    -0.4921    -0.4913     0.0008    -0.4922    -0.4914     0.0008   2.809260   2.809260 -4.124e-07    34.2955    34.2946     7.4952    27.5613    27.5605         21  0.000e+00
      23588 312.829778  -62.28010  -58.43304     -0.206    1447.02      3.471      3.437    -0.4922    -0.4912     0.0010    -0.4923    -0.4913     0.0010   2.809335   2.809271  -0.000063    34.2966    34.2947     7.5012    27.5623    27.5606         21  0.000e+00
      23589 312.829778  -62.28010  -58.43304     -0.205    1447.02      3.479      3.445    -0.4921    -0.4912     0.0009    -0.4922    -0.4913     0.0009   2.809295   2.809288  -0.000007    34.2960    34.2949     7.5018    27.5617    27.5608         21  0.000e+00
      23590 312.829779  -62.28010  -58.43304     -0.198    1447.02      3.479      3.445    -0.4921    -0.4909     0.0012    -0.4922    -0.4910     0.0012   2.809312   2.809277  -0.000035    34.2962    34.2944     7.5023    27.5619    27.5604         21  0.000e+00
      23591 312.829779  -62.28010  -58.43304     -0.195    1447.02      3.479      3.445    -0.4921    -0.4912     0.0009    -0.4922    -0.4913     0.0009   2.809329   2.809271  -0.000058    34.2964    34.2947     7.5028    27.5621    27.5606         21  0.000e+00
      23592 312.829780  -62.28010  -58.43304     -0.194    1447.02      3.422      3.389    -0.4919    -0.4908     0.0012    -0.4920    -0.4909     0.0012   2.809289   2.809305   0.000016    34.2957    34.2946     7.4969    27.5615    27.5606         21  0.000e+00
      23593 312.829780  -62.28010  -58.43304     -0.189    1447.02      3.479      3.445    -0.4921    -0.4909     0.0012    -0.4922    -0.4910     0.0012   2.809295   2.809305   0.000010    34.2960    34.2948     7.5028    27.5617    27.5607         21  0.000e+00
      23594 312.829781  -62.28010  -58.43304     -0.186    1447.02      3.479      3.445    -0.4918    -0.4908     0.0010    -0.4919    -0.4909     0.0010   2.809340   2.809299  -0.000041    34.2962    34.2945     7.5031    27.5619    27.5605         21  0.000e+00
      23595 312.829781  -62.28010  -58.43304     -0.183    1447.02      3.422      3.389    -0.4918    -0.4909     0.0008    -0.4919    -0.4910     0.0008   2.809358   2.809299  -0.000058    34.2965    34.2947     7.5034    27.5621    27.5607         21  0.000e+00
      23596 312.829782  -62.28010  -58.43304     -0.179    1447.02      3.479      3.445    -0.4918    -0.4906     0.0011    -0.4919    -0.4907     0.0011   2.809318   2.809299  -0.000018    34.2959    34.2944     7.5038    27.5616    27.5604         21  0.000e+00
      23597 312.829782  -62.28010  -58.43304     -0.177    1447.02      3.422      3.389    -0.4919    -0.4906     0.0013    -0.4920    -0.4907     0.0013   2.809306   2.809299  -0.000007    34.2960    34.2944     7.5041    27.5617    27.5604         21  0.000e+00
      23598 312.829783  -62.28010  -58.43304     -0.175    1447.02      3.358      3.326    -0.4918    -0.4908     0.0009    -0.4919    -0.4909     0.0009   2.809323   2.809316  -0.000007    34.2960    34.2949     7.4979    27.5617    27.5608         21  0.000e+00
      23599 312.829783  -62.28010  -58.43304     -0.168    1447.02      3.479      3.445    -0.4918    -0.4906     0.0011    -0.4919    -0.4907     0.0011   2.809289   2.809322   0.000033    34.2955    34.2947     7.5036    27.5613    27.5606         21  0.000e+00
      23600 312.829783  -62.28010  -58.43304     -0.163    1447.02      3.422      3.389    -0.4916    -0.4906     0.0009    -0.4917    -0.4907     0.0009   2.809278   2.809322   0.000044    34.2952    34.2947     7.4974    27.5611    27.5606         21  0.000e+00
      23601 312.829784  -62.28010  -58.43304     -0.161    1447.02      3.422      3.389    -0.4919    -0.4906     0.0013    -0.4920    -0.4907     0.0013   2.809312   2.809305  -0.000007    34.2960    34.2945     7.4966    27.5618    27.5604         21  0.000e+00
      23602 312.829784  -62.28010  -58.43304     -0.155    1447.02      3.422      3.389    -0.4916    -0.4909     0.0007    -0.4917    -0.4910     0.0007   2.809346   2.809316  -0.000030    34.2961    34.2950     7.5021    27.5618    27.5608         21  0.000e+00
      23603 312.829785  -62.28010  -58.43304     -0.149    1447.02      3.422      3.389    -0.4918    -0.4908     0.0010    -0.4919    -0.4909     0.0010   2.809318   2.809283  -0.000035    34.2959    34.2943     7.5023    27.5617    27.5603         21  0.000e+00
      23604 312.829785  -62.28010  -58.43304     -0.146    1447.02      3.406      3.373    -0.4916    -0.4908     0.0008    -0.4917    -0.4909     0.0008   2.809266   2.809271   0.000005    34.2950    34.2942     7.5024    27.5609    27.5603         21  0.000e+00
      23605 312.829786  -62.28010  -58.43304     -0.137    1447.02      3.479      3.445    -0.4916    -0.4906     0.0009    -0.4917    -0.4907     0.0009   2.809272   2.809311   0.000039    34.2951    34.2945     7.5026    27.5610    27.5605         21  0.000e+00
      23606 312.829786  -62.28010  -58.43302     -0.135    1447.02      3.358      3.326    -0.4918    -0.4908     0.0010    -0.4919    -0.4909     0.0010   2.809255   2.809322   0.000067    34.2951    34.2949     7.5026    27.5610    27.5608         21  0.000e+00
      23607 312.829787  -62.28010  -58.43302     -0.129    1447.02      3.422      3.389    -0.4916    -0.4905     0.0011    -0.4917    -0.4906     0.0011   2.809329   2.809322  -0.000007    34.2959    34.2946     7.5025    27.5616    27.5605         21  0.000e+00
      23608 312.829787  -62.28010  -58.43302     -0.125    1447.02      3.422      3.389    -0.4916    -0.4908     0.0008    -0.4917    -0.4909     0.0008   2.809358   2.809305  -0.000052    34.2963    34.2946     7.5025    27.5619    27.5606         21  0.000e+00
      23609 312.829788  -62.28010  -58.43302     -0.121    1447.02      3.422      3.389    -0.4915    -0.4906     0.0008    -0.4916    -0.4907     0.0008   2.809318   2.809316  -0.000001    34.2956    34.2946     7.5024    27.5614    27.5606         21  0.000e+00
      23610 312.829788  -62.28010  -58.43302     -0.117    1447.02      3.422      3.389    -0.4915    -0.4908     0.0007    -0.4916    -0.4909     0.0007   2.809323   2.809283  -0.000041    34.2957    34.2944     7.5023    27.5614    27.5604         21  0.000e+00
      23611 312.829789  -62.28010  -58.43302     -0.112    1447.02      3.422      3.389    -0.4918    -0.4906     0.0011    -0.4919    -0.4907     0.0011   2.809295   2.809288  -0.000007    34.2956    34.2943     7.5022    27.5614    27.5603         21  0.000e+00
      23612 312.829789  -62.28010  -58.43302     -0.106    1447.02      3.422      3.389    -0.4916    -0.4906     0.0009    -0.4917    -0.4907     0.0009   2.809318   2.809277  -0.000041    34.2957    34.2941     7.5019    27.5615    27.5601         21  0.000e+00
      23613 312.829790  -62.28010  -58.43302     -0.100    1447.02      3.422      3.389    -0.4918    -0.4908     0.0009    -0.4919    -0.4909     0.0009   2.809329   2.809311  -0.000018    34.2961    34.2948     7.5017    27.5618    27.5607         21  0.000e+00
      23614 312.829790  -62.28010  -58.43302     -0.100    1447.02      3.358      3.326    -0.4915    -0.4906     0.0008    -0.4916    -0.4907     0.0008   2.809329   2.809305  -0.000024    34.2958    34.2945     7.4949    27.5615    27.5605         21  0.000e+00
      23615 312.829791  -62.28010  -58.43302     -0.093    1447.02      3.422      3.389    -0.4916    -0.4908     0.0008    -0.4917    -0.4909     0.0008   2.809346   2.809316  -0.000030    34.2961    34.2948     7.4937    27.5618    27.5607         21  0.000e+00
      23616 312.829791  -62.28010  -58.43302     -0.088    1447.02      3.422      3.389    -0.4916    -0.4908     0.0008    -0.4917    -0.4909     0.0008   2.809335   2.809305  -0.000030    34.2959    34.2947     7.4987    27.5617    27.5606         21  0.000e+00
      23617 312.829792  -62.28010  -58.43302     -0.083    1447.02      3.422      3.389    -0.4916    -0.4908     0.0008    -0.4917    -0.4909     0.0008   2.809352   2.809316  -0.000036    34.2962    34.2948     7.4994    27.5619    27.5607         21  0.000e+00
      23618 312.829792  -62.28010  -58.43302     -0.082    1447.02      3.422      3.389    -0.4916    -0.4908     0.0008    -0.4917    -0.4909     0.0008   2.809278   2.809322   0.000044    34.2952    34.2949     7.4992    27.5611    27.5608         21  0.000e+00
      23619 312.829793  -62.28010  -58.43302     -0.076    1447.02      3.422      3.389    -0.4916    -0.4908     0.0008    -0.4917    -0.4909     0.0008   2.809306   2.809322   0.000016    34.2956    34.2948     7.4988    27.5614    27.5607         21  0.000e+00
