Pos-Processados/process_op42/operantar42_010.ros
* Sea-Bird SBE 9 Data File:
* FileName = C:\Users\Hidrografia\Desktop\OPXLII\Brutos\OP42010.hdr
* Software Version Seasave V 7.26.7.107
* Temperature SN = 6502
* Conductivity SN = 4998
* Number of Bytes Per Scan = 31
* Number of Voltage Words = 2
* Number of Scans Averaged by the Deck Unit = 1
* NMEA Latitude = 44 13.49 S
* NMEA Longitude = 056 00.10 W
* NMEA UTC (Time) = Oct 19 2023 00:22:47
* NMEA baud rate = 4800
** H41
** NPOALTEMAXIMIANO
** NUMERO DA ESTACAO (XXX) 010
** LAT (XX XX.XX S/N) 44 13.210 S
** LONG (XXX XX.XX W/E) 055 59.942 W
** DATAHORA (dd/mm/aaaa hh:mm Z) 18/10/2023 0022Z
** PROFUNDIDADE (m) 5179
** OPERADOR CT FABIREZA
# nquan = 24
# nvalues = 4053                                  
# units = specified
# name 0 = scan: Scan Count
# name 1 = timeJ: Julian Days
# name 2 = latitude: Latitude [deg]
# name 3 = longitude: Longitude [deg]
# name 4 = dz/dtM: Descent Rate [m/s]
# name 5 = avgsvCM: Average Sound Velocity [Chen-Millero, m/s]
# name 6 = prDM: Pressure, Digiquartz [db]
# name 7 = depSM: Depth [salt water, m]
# name 8 = t090C: Temperature [ITS-90, deg C]
# name 9 = t190C: Temperature, 2 [ITS-90, deg C]
# name 10 = T2-T190C: Temperature Difference, 2 - 1 [ITS-90, deg C]
# name 11 = potemp090C: Potential Temperature [ITS-90, deg C]
# name 12 = potemp190C: Potential Temperature, 2 [ITS-90, deg C]
# name 13 = potemp90Cdiff: Potential Temperature, Diff, 2 - 1 [ITS-90, deg C]
# name 14 = c0S/m: Conductivity [S/m]
# name 15 = c1S/m: Conductivity, 2 [S/m]
# name 16 = C2-C1S/m: Conductivity Difference, 2 - 1 [S/m]
# name 17 = sal00: Salinity, Practical [PSU]
# name 18 = sal11: Salinity, Practical, 2 [PSU]
# name 19 = sbeox0ML/L: Oxygen, SBE 43 [ml/l]
# name 20 = sigma-é00: Density [sigma-theta, kg/m^3]
# name 21 = sigma-é11: Density, 2 [sigma-theta, kg/m^3]
# name 22 = nbf: Bottles Fired
# name 23 = flag:  0.000e+00
# interval = seconds: 0.0416667
# start_time = Oct 19 2023 00:22:47 [NMEA time, header]
# bad_flag = -9.990e-29
*END*
[from data line 2536]
      60845 292.045164  -44.23648  -56.00882     -0.116    1479.42     40.500     40.170    12.5403    12.5411     0.0008    12.5349    12.5357     0.0008   4.070357   4.070525   0.000168    35.1598    35.1607     5.8009    26.6094    26.6099         16  0.000e+00
      60846 292.045164  -44.23648  -56.00882     -0.115    1479.42     40.444     40.114    12.5404    12.5409     0.0005    12.5350    12.5355     0.0005   4.070344   4.070538   0.000195    35.1596    35.1610     5.8011    26.6092    26.6102         16  0.000e+00
      60847 292.045165  -44.23648  -56.00882     -0.114    1479.42     40.460     40.130    12.5406    12.5409     0.0004    12.5351    12.5355     0.0004   4.070383   4.070525   0.000142    35.1599    35.1609     5.8010    26.6094    26.6101         16  0.000e+00
      60848 292.045165  -44.23648  -56.00882     -0.113    1479.42     40.444     40.114    12.5404    12.5408     0.0004    12.5350    12.5354     0.0004   4.070364   4.070538   0.000175    35.1598    35.1611     5.8010    26.6093    26.6103         16  0.000e+00
      60849 292.045166  -44.23648  -56.00882     -0.108    1479.42     40.500     40.170    12.5404    12.5408     0.0003    12.5350    12.5353     0.0003   4.070357   4.070519   0.000162    35.1597    35.1610     5.8012    26.6093    26.6102         16  0.000e+00
      60850 292.045166  -44.23648  -56.00882     -0.106    1479.42     40.444     40.114    12.5404    12.5406     0.0002    12.5350    12.5352     0.0002   4.070278   4.070486   0.000209    35.1590    35.1608     5.8013    26.6087    26.6101         16  0.000e+00
      60851 292.045167  -44.23648  -56.00882     -0.103    1479.42     40.500     40.170    12.5405    12.5405     0.0000    12.5350    12.5351     0.0000   4.070383   4.070525   0.000142    35.1599    35.1613     5.8015    26.6094    26.6105         16  0.000e+00
      60852 292.045167  -44.23648  -56.00882     -0.100    1479.42     40.460     40.131    12.5402    12.5408     0.0005    12.5348    12.5353     0.0005   4.070291   4.070486   0.000195    35.1593    35.1607     5.8060    26.6090    26.6099         16  0.000e+00
      60853 292.045168  -44.23648  -56.00882     -0.096    1479.42     40.444     40.115    12.5401    12.5409     0.0009    12.5347    12.5355     0.0009   4.070383   4.070506   0.000123    35.1603    35.1607     5.8024    26.6098    26.6099         16  0.000e+00
      60854 292.045168  -44.23648  -56.00882     -0.096    1479.42     40.444     40.115    12.5401    12.5408     0.0007    12.5347    12.5354     0.0007   4.070271   4.070538   0.000267    35.1592    35.1611     5.8029    26.6090    26.6103         16  0.000e+00
      60855 292.045169  -44.23648  -56.00882     -0.095    1479.42     40.444     40.115    12.5402    12.5408     0.0005    12.5348    12.5353     0.0005   4.070377   4.070493   0.000116    35.1601    35.1607     5.8033    26.6096    26.6100         16  0.000e+00
      60856 292.045169  -44.23648  -56.00882     -0.086    1479.42     40.500     40.171    12.5402    12.5404     0.0002    12.5348    12.5350     0.0002   4.070212   4.070473   0.000261    35.1585    35.1608     5.7997    26.6084    26.6102         16  0.000e+00
      60857 292.045170  -44.23648  -56.00882     -0.083    1479.42     40.460     40.131    12.5398    12.5401     0.0003    12.5344    12.5347     0.0003   4.070331   4.070473   0.000143    35.1601    35.1611     5.8040    26.6097    26.6104         16  0.000e+00
      60858 292.045170  -44.23648  -56.00882     -0.081    1479.42     40.444     40.115    12.5391    12.5404     0.0014    12.5337    12.5350     0.0014   4.070153   4.070473   0.000321    35.1590    35.1609     5.8048    26.6090    26.6102         16  0.000e+00
      60859 292.045171  -44.23648  -56.00882     -0.075    1479.42     40.500     40.171    12.5384    12.5403     0.0019    12.5330    12.5349     0.0019   4.070258   4.070473   0.000215    35.1607    35.1610     5.8056    26.6104    26.6103         16  0.000e+00
      60860 292.045171  -44.23648  -56.00884     -0.072    1479.42     40.444     40.115    12.5382    12.5408     0.0025    12.5328    12.5353     0.0025   4.070080   4.070447   0.000367    35.1591    35.1603     5.8064    26.6092    26.6097         16  0.000e+00
      60861 292.045172  -44.23648  -56.00884     -0.072    1479.42     40.444     40.115    12.5379    12.5405     0.0026    12.5325    12.5351     0.0026   4.070107   4.070519   0.000412    35.1597    35.1613     5.8069    26.6097    26.6105         16  0.000e+00
      60862 292.045172  -44.23648  -56.00884     -0.063    1479.42     40.525     40.195    12.5379    12.5406     0.0027    12.5325    12.5352     0.0027   4.070041   4.070493   0.000452    35.1590    35.1608     5.8075    26.6092    26.6101         16  0.000e+00
      60863 292.045173  -44.23648  -56.00884     -0.063    1479.42     40.444     40.115    12.5376    12.5408     0.0031    12.5322    12.5353     0.0031   4.070107   4.070506   0.000399    35.1599    35.1609     5.8080    26.6100    26.6101         16  0.000e+00
      60864 292.045173  -44.23648  -56.00884     -0.059    1479.42     40.444     40.115    12.5377    12.5407     0.0029    12.5323    12.5352     0.0029   4.070008   4.070538   0.000531    35.1589    35.1613     5.8086    26.6092    26.6104         16  0.000e+00
      60865 292.045174  -44.23648  -56.00884     -0.054    1479.42     40.501     40.171    12.5377    12.5408     0.0030    12.5323    12.5353     0.0030   4.070021   4.070486   0.000466    35.1590    35.1607     5.8089    26.6093    26.6099         16  0.000e+00
      60866 292.045174  -44.23648  -56.00884     -0.052    1479.42     40.444     40.115    12.5377    12.5406     0.0029    12.5323    12.5352     0.0029   4.070060   4.070506   0.000445    35.1594    35.1610     5.8091    26.6096    26.6102         16  0.000e+00
      60867 292.045175  -44.23648  -56.00884     -0.050    1479.42     40.460     40.131    12.5375    12.5407     0.0031    12.5321    12.5352     0.0031   4.070074   4.070480   0.000406    35.1597    35.1607     5.8136    26.6098    26.6100         16  0.000e+00
      60868 292.045175  -44.23648  -56.00884     -0.041    1479.42     40.501     40.171    12.5374    12.5406     0.0032    12.5320    12.5352     0.0032   4.070074   4.070499   0.000426    35.1598    35.1609     5.8143    26.6100    26.6102         16  0.000e+00
      60869 292.045176  -44.23648  -56.00884     -0.043    1479.42     40.444     40.115    12.5376    12.5408     0.0031    12.5322    12.5353     0.0031   4.069995   4.070538   0.000544    35.1589    35.1612     5.8112    26.6092    26.6103         16  0.000e+00
      60870 292.045176  -44.23648  -56.00884     -0.037    1479.42     40.501     40.171    12.5375    12.5410     0.0035    12.5321    12.5356     0.0035   4.070074   4.070493   0.000419    35.1597    35.1605     5.8116    26.6098    26.6098         16  0.000e+00
      60871 292.045177  -44.23648  -56.00884     -0.034    1479.42     40.444     40.115    12.5375    12.5408     0.0032    12.5321    12.5353     0.0032   4.070034   4.070532   0.000498    35.1593    35.1611     5.8162    26.6095    26.6103         16  0.000e+00
      60872 292.045177  -44.23648  -56.00884     -0.026    1479.42     40.525     40.195    12.5377    12.5411     0.0034    12.5323    12.5357     0.0034   4.070087   4.070571   0.000484    35.1596    35.1611     5.8129    26.6097    26.6103         16  0.000e+00
      60873 292.045177  -44.23648  -56.00884     -0.027    1479.42     40.444     40.115    12.5375    12.5410     0.0035    12.5321    12.5356     0.0035   4.070034   4.070551   0.000517    35.1593    35.1611     5.8133    26.6095    26.6102         16  0.000e+00
      60874 292.045178  -44.23648  -56.00884     -0.025    1479.42     40.501     40.171    12.5379    12.5413     0.0034    12.5325    12.5359     0.0034   4.070166   4.070545   0.000379    35.1602    35.1607     5.8180    26.6102    26.6099         16  0.000e+00
      60875 292.045178  -44.23648  -56.00884     -0.018    1479.42     40.501     40.171    12.5386    12.5411     0.0024    12.5332    12.5357     0.0024   4.070080   4.070571   0.000491    35.1587    35.1612     5.8184    26.6088    26.6103         16  0.000e+00
      60876 292.045179  -44.23648  -56.00884     -0.011    1479.42     40.501     40.171    12.5391    12.5413     0.0023    12.5337    12.5359     0.0023   4.070278   4.070558   0.000280    35.1602    35.1608     5.8188    26.6099    26.6099         16  0.000e+00
      60877 292.045179  -44.23648  -56.00884     -0.007    1479.42     40.525     40.195    12.5396    12.5409     0.0014    12.5342    12.5355     0.0014   4.070199   4.070545   0.000346    35.1590    35.1610     5.8193    26.6089    26.6102         16  0.000e+00
      60878 292.045180  -44.23648  -56.00884     -0.007    1479.42     40.445     40.115    12.5399    12.5406     0.0007    12.5345    12.5352     0.0007   4.070383   4.070519   0.000136    35.1605    35.1611     5.8239    26.6100    26.6103         16  0.000e+00
      60879 292.045180  -44.23648  -56.00884     -0.001    1479.42     40.501     40.171    12.5402    12.5405     0.0002    12.5348    12.5351     0.0002   4.070304   4.070460   0.000156    35.1594    35.1607     5.8248    26.6091    26.6100         16  0.000e+00
      60880 292.045181  -44.23648  -56.00884     -0.001    1479.42     40.501     40.171    12.5404    12.5395    -0.0010    12.5350    12.5340    -0.0010   4.070383   4.070408   0.000025    35.1600    35.1611     5.8214    26.6095    26.6106         16  0.000e+00
      60881 292.045181  -44.23648  -56.00884      0.003    1479.42     40.501     40.171    12.5403    12.5395    -0.0009    12.5349    12.5340    -0.0009   4.070324   4.070402   0.000078    35.1595    35.1611     5.8261    26.6091    26.6105         16  0.000e+00
      60882 292.045182  -44.23648  -56.00884      0.007    1479.42     40.525     40.195    12.5402    12.5393    -0.0009    12.5348    12.5339    -0.0009   4.070370   4.070350  -0.000020    35.1600    35.1607     5.8269    26.6095    26.6102         16  0.000e+00
      60883 292.045182  -44.23648  -56.00884      0.010    1479.42     40.501     40.171    12.5397    12.5389    -0.0008    12.5343    12.5335    -0.0008   4.070317   4.070331   0.000013    35.1600    35.1609     5.8278    26.6096    26.6105         16  0.000e+00
      60884 292.045183  -44.23648  -56.00884      0.017    1479.42     40.566     40.235    12.5396    12.5393    -0.0003    12.5342    12.5338    -0.0003   4.070311   4.070311 1.5417e-07    35.1600    35.1603     5.8287    26.6097    26.6100         16  0.000e+00
      60885 292.045183  -44.23648  -56.00884      0.020    1479.42     40.501     40.171    12.5399    12.5391    -0.0008    12.5345    12.5337    -0.0008   4.070298   4.070272  -0.000026    35.1596    35.1601     5.8294    26.6093    26.6098         16  0.000e+00
      60886 292.045184  -44.23648  -56.00884      0.020    1479.42     40.501     40.171    12.5402    12.5390    -0.0013    12.5348    12.5336    -0.0013   4.070311   4.070285  -0.000026    35.1595    35.1604     5.8302    26.6091    26.6101         16  0.000e+00
      60887 292.045184  -44.23648  -56.00884      0.024    1479.42     40.525     40.195    12.5405    12.5389    -0.0015    12.5350    12.5335    -0.0015   4.070344   4.070298  -0.000046    35.1595    35.1605     5.8309    26.6091    26.6102         16  0.000e+00
      60888 292.045185  -44.23648  -56.00884      0.030    1479.42     40.566     40.235    12.5406    12.5389    -0.0016    12.5351    12.5335    -0.0016   4.070357   4.070298  -0.000059    35.1596    35.1605     5.8317    26.6091    26.6102         16  0.000e+00
      60889 292.045185  -44.23648  -56.00884      0.029    1479.42     40.501     40.171    12.5406    12.5390    -0.0016    12.5351    12.5336    -0.0016   4.070436   4.070272  -0.000164    35.1604    35.1603     5.8323    26.6097    26.6100         16  0.000e+00
      60890 292.045186  -44.23648  -56.00884      0.035    1479.42     40.566     40.235    12.5406    12.5393    -0.0013    12.5351    12.5338    -0.0013   4.070357   4.070292  -0.000065    35.1596    35.1601     5.8327    26.6091    26.6098         16  0.000e+00
      60891 292.045186  -44.23648  -56.00884      0.038    1479.42     40.566     40.235    12.5406    12.5393    -0.0013    12.5351    12.5338    -0.0013   4.070482   4.070298  -0.000184    35.1608    35.1602     5.8329    26.6101    26.6099         16  0.000e+00
      60892 292.045187  -44.23648  -56.00884      0.042    1479.42     40.525     40.195    12.5406    12.5395    -0.0011    12.5351    12.5341    -0.0011   4.070456   4.070324  -0.000132    35.1605    35.1603     5.8373    26.6099    26.6099         16  0.000e+00
      60893 292.045187  -44.23648  -56.00884      0.044    1479.42     40.566     40.235    12.5408    12.5396    -0.0012    12.5354    12.5342    -0.0012   4.070535   4.070383  -0.000152    35.1611    35.1607     5.8379    26.6102    26.6102         16  0.000e+00
      60894 292.045188  -44.23648  -56.00884      0.049    1479.42     40.566     40.235    12.5409    12.5399    -0.0010    12.5355    12.5345    -0.0010   4.070410   4.070376  -0.000034    35.1597    35.1603     5.8384    26.6092    26.6098         16  0.000e+00
      60895 292.045188  -44.23648  -56.00884      0.051    1479.42     40.566     40.235    12.5411    12.5403    -0.0007    12.5356    12.5349    -0.0007   4.070542   4.070396  -0.000146    35.1609    35.1602     5.8389    26.6100    26.6096         16  0.000e+00
      60896 292.045189  -44.23648  -56.00884      0.053    1479.42     40.566     40.235    12.5411    12.5401    -0.0010    12.5356    12.5347    -0.0010   4.070469   4.070454  -0.000015    35.1602    35.1609     5.8393    26.6095    26.6103         16  0.000e+00
      60897 292.045189  -44.23648  -56.00884      0.055    1479.42     40.582     40.251    12.5409    12.5403    -0.0007    12.5355    12.5348    -0.0007   4.070588   4.070473  -0.000114    35.1614    35.1609     5.8439    26.6105    26.6103         16  0.000e+00
      60898 292.045190  -44.23648  -56.00884      0.059    1479.42     40.566     40.235    12.5413    12.5408    -0.0005    12.5359    12.5354    -0.0005   4.070482   4.070506   0.000024    35.1601    35.1608     5.8404    26.6094    26.6100         16  0.000e+00
      60899 292.045190  -44.23648  -56.00884      0.063    1479.42     40.622     40.291    12.5411    12.5409    -0.0001    12.5356    12.5355    -0.0001   4.070588   4.070538  -0.000049    35.1613    35.1609     5.8407    26.6104    26.6101         16  0.000e+00
      60900 292.045190  -44.23648  -56.00884      0.067    1479.42     40.566     40.235    12.5413    12.5413     0.0000    12.5358    12.5359     0.0000   4.070535   4.070571   0.000036    35.1606    35.1610     5.8408    26.6098    26.6101         16  0.000e+00
      60901 292.045191  -44.23648  -56.00884      0.071    1479.42     40.622     40.291    12.5411    12.5415     0.0004    12.5356    12.5360     0.0004   4.070522   4.070603   0.000082    35.1607    35.1611     5.8415    26.6099    26.6101         16  0.000e+00
      60902 292.045191  -44.23648  -56.00884      0.072    1479.42     40.582     40.252    12.5411    12.5416     0.0006    12.5356    12.5362     0.0006   4.070535   4.070636   0.000101    35.1608    35.1613     5.8416    26.6100    26.6102         16  0.000e+00
      60903 292.045192  -44.23648  -56.00884      0.074    1479.42     40.622     40.291    12.5413    12.5416     0.0004    12.5358    12.5362     0.0004   4.070476   4.070681   0.000206    35.1600    35.1617     5.8459    26.6094    26.6106         16  0.000e+00
      60904 292.045192  -44.23648  -56.00884      0.076    1479.42     40.622     40.292    12.5412    12.5416     0.0005    12.5357    12.5362     0.0005   4.070568   4.070655   0.000087    35.1610    35.1614     5.8463    26.6101    26.6104         16  0.000e+00
