Pos-Processados/process_op42/operantar42_025.ros
* Sea-Bird SBE 9 Data File:
* FileName = C:\Users\Hidrografia\Desktop\OPXLII\Brutos\OP42025.hdr
* Software Version Seasave V 7.26.7.107
* Temperature SN = 6502
* Conductivity SN = 4998
* Number of Bytes Per Scan = 37
* Number of Voltage Words = 4
* Number of Scans Averaged by the Deck Unit = 1
* NMEA Latitude = 62 11.31 S
* NMEA Longitude = 058 02.91 W
* NMEA UTC (Time) = Nov 08 2023 13:45:45
* NMEA baud rate = 4800
** H41
** NPOALTEMAXIMIANO
** NUMERO DA ESTACAO (XXX) 025
** LAT (XX XX.XX S/N) 62  11.331 S
** LONG (XXX XX.XX W/E) 058  02.993 W
** DATAHORA (dd/mm/aaaa hh:mm Z) 08/11/2023 1345Z
** PROFUNDIDADE (m) 484
** OPERADOR CT FABIREZA
# nquan = 24
# nvalues = 4022                                  
# units = specified
# name 0 = scan: Scan Count
# name 1 = timeJ: Julian Days
# name 2 = latitude: Latitude [deg]
# name 3 = longitude: Longitude [deg]
# name 4 = dz/dtM: Descent Rate [m/s]
# name 5 = avgsvCM: Average Sound Velocity [Chen-Millero, m/s]
# name 6 = prDM: Pressure, Digiquartz [db]
# name 7 = depSM: Depth [salt water, m]
# name 8 = t090C: Temperature [ITS-90, deg C]
# name 9 = t190C: Temperature, 2 [ITS-90, deg C]
# name 10 = T2-T190C: Temperature Difference, 2 - 1 [ITS-90, deg C]
# name 11 = potemp090C: Potential Temperature [ITS-90, deg C]
# name 12 = potemp190C: Potential Temperature, 2 [ITS-90, deg C]
# name 13 = potemp90Cdiff: Potential Temperature, Diff, 2 - 1 [ITS-90, deg C]
# name 14 = c0S/m: Conductivity [S/m]
# name 15 = c1S/m: Conductivity, 2 [S/m]
# name 16 = C2-C1S/m: Conductivity Difference, 2 - 1 [S/m]
# name 17 = sal00: Salinity, Practical [PSU]
# name 18 = sal11: Salinity, Practical, 2 [PSU]
# name 19 = sbeox0ML/L: Oxygen, SBE 43 [ml/l]
# name 20 = sigma-é00: Density [sigma-theta, kg/m^3]
# name 21 = sigma-é11: Density, 2 [sigma-theta, kg/m^3]
# name 22 = nbf: Bottles Fired
# name 23 = flag:  0.000e+00
# interval = seconds: 0.0416667
# start_time = Nov 08 2023 13:45:45 [NMEA time, header]
# bad_flag = -9.990e-29
*END*
[from data line 785]
      33222 312.589458  -62.18626  -58.03048     -0.267    1449.47     15.732     15.580    -0.6016    -0.6005     0.0011    -0.6020    -0.6010     0.0011   2.800858   2.800864   0.000006    34.2987    34.2975     7.5218    27.5688    27.5678          5  0.000e+00
      33223 312.589459  -62.18626  -58.03048     -0.269    1449.47     15.732     15.580    -0.6013    -0.6001     0.0012    -0.6018    -0.6006     0.0012   2.800818   2.800852   0.000035    34.2978    34.2970     7.5290    27.5681    27.5673          5  0.000e+00
      33224 312.589459  -62.18626  -58.03048     -0.270    1449.47     15.732     15.580    -0.6014    -0.6005     0.0009    -0.6019    -0.6010     0.0009   2.800789   2.800852   0.000063    34.2976    34.2974     7.5180    27.5679    27.5677          5  0.000e+00
      33225 312.589460  -62.18626  -58.03048     -0.269    1449.47     15.732     15.580    -0.6013    -0.6005     0.0008    -0.6018    -0.6010     0.0008   2.800801   2.800830   0.000029    34.2976    34.2971     7.5177    27.5679    27.5674          5  0.000e+00
      33226 312.589460  -62.18626  -58.03048     -0.271    1449.47     15.732     15.580    -0.6012    -0.6004     0.0009    -0.6017    -0.6008     0.0009   2.800795   2.800835   0.000041    34.2974    34.2970     7.5174    27.5678    27.5674          5  0.000e+00
      33227 312.589461  -62.18626  -58.03048     -0.267    1449.47     15.740     15.588    -0.6011    -0.6003     0.0008    -0.6016    -0.6008     0.0008   2.800806   2.800847   0.000040    34.2975    34.2971     7.5171    27.5678    27.5674          5  0.000e+00
      33228 312.589461  -62.18626  -58.03048     -0.270    1449.47     15.676     15.525    -0.6012    -0.6000     0.0012    -0.6017    -0.6005     0.0012   2.800846   2.800852   0.000006    34.2982    34.2969     7.5231    27.5683    27.5672          5  0.000e+00
      33229 312.589462  -62.18626  -58.03048     -0.271    1449.47     15.676     15.525    -0.6011    -0.6000     0.0011    -0.6016    -0.6005     0.0011   2.800903   2.800869  -0.000034    34.2988    34.2971     7.5301    27.5689    27.5674          5  0.000e+00
      33230 312.589462  -62.18626  -58.03048     -0.271    1449.47     15.676     15.525    -0.6010    -0.5998     0.0011    -0.6014    -0.6003     0.0011   2.800938   2.800869  -0.000068    34.2991    34.2969     7.5189    27.5691    27.5672          5  0.000e+00
      33231 312.589463  -62.18626  -58.03048     -0.270    1449.47     15.676     15.525    -0.6015    -0.6005     0.0010    -0.6019    -0.6010     0.0010   2.800926   2.800852  -0.000074    34.2995    34.2974     7.5185    27.5694    27.5677          5  0.000e+00
      33232 312.589463  -62.18626  -58.03048     -0.271    1449.47     15.676     15.525    -0.6014    -0.6001     0.0013    -0.6019    -0.6006     0.0013   2.800920   2.800852  -0.000068    34.2994    34.2970     7.5181    27.5693    27.5673          5  0.000e+00
      33233 312.589464  -62.18626  -58.03048     -0.268    1449.47     15.676     15.525    -0.6018    -0.6000     0.0017    -0.6022    -0.6005     0.0017   2.800875   2.800830  -0.000045    34.2991    34.2966     7.5242    27.5692    27.5670          5  0.000e+00
      33234 312.589464  -62.18626  -58.03048     -0.266    1449.47     15.676     15.525    -0.6019    -0.6000     0.0018    -0.6023    -0.6005     0.0018   2.800801   2.800875   0.000074    34.2983    34.2972     7.5248    27.5685    27.5675          5  0.000e+00
      33235 312.589465  -62.18626  -58.03048     -0.267    1449.47     15.611     15.461    -0.6019    -0.5998     0.0021    -0.6024    -0.6003     0.0021   2.800784   2.800858   0.000074    34.2981    34.2968     7.5189    27.5684    27.5672          5  0.000e+00
      33236 312.589465  -62.18626  -58.03046     -0.263    1449.47     15.676     15.525    -0.6019    -0.6000     0.0018    -0.6023    -0.6005     0.0018   2.800721   2.800869   0.000148    34.2972    34.2971     7.5185    27.5676    27.5674          5  0.000e+00
      33237 312.589466  -62.18626  -58.03046     -0.259    1449.47     15.611     15.461    -0.6023    -0.6000     0.0023    -0.6028    -0.6005     0.0023   2.800749   2.800858   0.000109    34.2981    34.2970     7.5169    27.5684    27.5673          5  0.000e+00
      33238 312.589466  -62.18626  -58.03046     -0.255    1449.47     15.676     15.525    -0.6021    -0.5998     0.0023    -0.6026    -0.6003     0.0023   2.800738   2.800864   0.000126    34.2977    34.2968     7.5228    27.5680    27.5672          5  0.000e+00
      33239 312.589467  -62.18626  -58.03046     -0.256    1449.47     15.611     15.461    -0.6022    -0.5998     0.0023    -0.6026    -0.6003     0.0023   2.800766   2.800897   0.000131    34.2982    34.2973     7.5231    27.5684    27.5676          5  0.000e+00
      33240 312.589467  -62.18626  -58.03046     -0.250    1449.47     15.619     15.469    -0.6022    -0.6000     0.0022    -0.6027    -0.6005     0.0022   2.800784   2.800864   0.000080    34.2985    34.2971     7.5171    27.5686    27.5674          5  0.000e+00
      33241 312.589468  -62.18626  -58.03046     -0.244    1449.47     15.676     15.525    -0.6023    -0.6003     0.0020    -0.6028    -0.6008     0.0020   2.800784   2.800880   0.000097    34.2986    34.2976     7.5165    27.5687    27.5678          5  0.000e+00
      33242 312.589468  -62.18626  -58.03046     -0.241    1449.47     15.611     15.461    -0.6022    -0.5998     0.0024    -0.6027    -0.6003     0.0024   2.800863   2.800858  -0.000005    34.2995    34.2968     7.5222    27.5695    27.5672          5  0.000e+00
      33243 312.589469  -62.18626  -58.03046     -0.236    1449.47     15.611     15.461    -0.6022    -0.6001     0.0020    -0.6026    -0.6006     0.0020   2.800829   2.800852   0.000023    34.2990    34.2970     7.5225    27.5691    27.5674          5  0.000e+00
      33244 312.589469  -62.18626  -58.03046     -0.230    1449.47     15.676     15.525    -0.6022    -0.6003     0.0019    -0.6027    -0.6008     0.0019   2.800869   2.800830  -0.000039    34.2996    34.2969     7.5186    27.5695    27.5673          5  0.000e+00
      33245 312.589470  -62.18626  -58.03046     -0.223    1449.47     15.611     15.461    -0.6022    -0.6005     0.0017    -0.6026    -0.6009     0.0017   2.800806   2.800858   0.000052    34.2987    34.2975     7.5254    27.5688    27.5678          5  0.000e+00
      33246 312.589470  -62.18626  -58.03046     -0.212    1449.47     15.676     15.525    -0.6019    -0.6005     0.0014    -0.6024    -0.6010     0.0014   2.800766   2.800852   0.000086    34.2979    34.2974     7.5322    27.5681    27.5677          5  0.000e+00
      33247 312.589470  -62.18626  -58.03046     -0.210    1449.47     15.611     15.461    -0.6017    -0.6005     0.0012    -0.6022    -0.6009     0.0012   2.800715   2.800830   0.000115    34.2970    34.2971     7.5207    27.5674    27.5675          5  0.000e+00
      33248 312.589471  -62.18626  -58.03046     -0.196    1449.47     15.676     15.525    -0.6019    -0.6005     0.0014    -0.6024    -0.6010     0.0014   2.800721   2.800824   0.000103    34.2973    34.2970     7.5200    27.5676    27.5674          5  0.000e+00
      33249 312.589471  -62.18626  -58.03046     -0.193    1449.47     15.611     15.461    -0.6019    -0.6006     0.0013    -0.6023    -0.6011     0.0013   2.800715   2.800813   0.000098    34.2972    34.2970     7.5257    27.5675    27.5674          5  0.000e+00
      33250 312.589472  -62.18626  -58.03046     -0.181    1449.47     15.676     15.525    -0.6021    -0.6005     0.0016    -0.6026    -0.6010     0.0016   2.800749   2.800819   0.000069    34.2978    34.2969     7.5260    27.5681    27.5673          5  0.000e+00
      33251 312.589472  -62.18626  -58.03046     -0.175    1449.47     15.611     15.461    -0.6025    -0.6006     0.0019    -0.6030    -0.6011     0.0019   2.800778   2.800824   0.000046    34.2987    34.2972     7.5198    27.5688    27.5675          5  0.000e+00
      33252 312.589473  -62.18626  -58.03046     -0.162    1449.47     15.732     15.580    -0.6027    -0.6008     0.0019    -0.6032    -0.6012     0.0019   2.800824   2.800824 7.3214e-07    34.2995    34.2973     7.5255    27.5695    27.5676          5  0.000e+00
      33253 312.589473  -62.18626  -58.03046     -0.151    1449.47     15.676     15.525    -0.6023    -0.6006     0.0017    -0.6028    -0.6011     0.0017   2.800818   2.800813  -0.000005    34.2990    34.2970     7.5256    27.5691    27.5674          5  0.000e+00
      33254 312.589474  -62.18626  -58.03046     -0.140    1449.47     15.676     15.525    -0.6027    -0.6008     0.0019    -0.6032    -0.6012     0.0019   2.800829   2.800819  -0.000011    34.2996    34.2973     7.5193    27.5696    27.5676          5  0.000e+00
      33255 312.589474  -62.18626  -58.03046     -0.131    1449.47     15.611     15.461    -0.6032    -0.6006     0.0026    -0.6037    -0.6011     0.0026   2.800778   2.800824   0.000046    34.2996    34.2972     7.5185    27.5695    27.5675          5  0.000e+00
      33256 312.589475  -62.18626  -58.03046     -0.122    1449.47     15.732     15.580    -0.6036    -0.6011     0.0025    -0.6040    -0.6015     0.0025   2.800658   2.800813   0.000155    34.2982    34.2975     7.5243    27.5685    27.5678          5  0.000e+00
      33257 312.589475  -62.18626  -58.03046     -0.109    1449.47     15.732     15.580    -0.6036    -0.6014     0.0023    -0.6041    -0.6018     0.0023   2.800641   2.800779   0.000138    34.2981    34.2974     7.5255    27.5684    27.5677          5  0.000e+00
      33258 312.589476  -62.18626  -58.03046     -0.096    1449.47     15.732     15.580    -0.6037    -0.6018     0.0019    -0.6042    -0.6023     0.0019   2.800612   2.800774   0.000161    34.2978    34.2978     7.5202    27.5682    27.5681          5  0.000e+00
      33259 312.589476  -62.18626  -58.03046     -0.085    1449.47     15.740     15.588    -0.6035    -0.6018     0.0016    -0.6039    -0.6023     0.0016   2.800618   2.800734   0.000116    34.2976    34.2973     7.5193    27.5680    27.5677          5  0.000e+00
      33260 312.589477  -62.18626  -58.03044     -0.078    1449.47     15.676     15.525    -0.6032    -0.6025     0.0007    -0.6037    -0.6030     0.0007   2.800630   2.800689   0.000060    34.2975    34.2975     7.5247    27.5679    27.5678          5  0.000e+00
      33261 312.589477  -62.18626  -58.03044     -0.061    1449.47     15.788     15.636    -0.6030    -0.6026     0.0004    -0.6035    -0.6031     0.0004   2.800687   2.800667  -0.000020    34.2980    34.2972     7.5248    27.5682    27.5677          5  0.000e+00
      33262 312.589478  -62.18626  -58.03044     -0.046    1449.47     15.788     15.636    -0.6027    -0.6031    -0.0004    -0.6031    -0.6036    -0.0004   2.800704   2.800667  -0.000037    34.2978    34.2978     7.5248    27.5681    27.5681          5  0.000e+00
      33263 312.589478  -62.18626  -58.03044     -0.038    1449.47     15.732     15.580    -0.6026    -0.6029    -0.0004    -0.6030    -0.6034    -0.0004   2.800784   2.800605  -0.000178    34.2988    34.2968     7.5247    27.5689    27.5673          5  0.000e+00
      33264 312.589479  -62.18626  -58.03044     -0.023    1449.47     15.788     15.636    -0.6031    -0.6029     0.0002    -0.6036    -0.6034     0.0002   2.800812   2.800616  -0.000196    34.2998    34.2969     7.5183    27.5697    27.5674          5  0.000e+00
      33265 312.589479  -62.18626  -58.03044     -0.012    1449.47     15.796     15.644    -0.6028    -0.6031    -0.0003    -0.6033    -0.6036    -0.0003   2.800749   2.800633  -0.000116    34.2986    34.2973     7.5237    27.5688    27.5677          5  0.000e+00
      33266 312.589480  -62.18626  -58.03044     -0.001    1449.47     15.788     15.636    -0.6030    -0.6033    -0.0003    -0.6034    -0.6037    -0.0003   2.800767   2.800639  -0.000128    34.2990    34.2976     7.5236    27.5691    27.5680          5  0.000e+00
      33267 312.589480  -62.18626  -58.03044      0.014    1449.47     15.788     15.636    -0.6030    -0.6028     0.0002    -0.6035    -0.6033     0.0002   2.800721   2.800656  -0.000065    34.2984    34.2973     7.5171    27.5686    27.5677          5  0.000e+00
      33268 312.589481  -62.18626  -58.03044      0.025    1449.47     15.788     15.636    -0.6034    -0.6023     0.0011    -0.6039    -0.6028     0.0011   2.800664   2.800656  -0.000008    34.2981    34.2968     7.5161    27.5684    27.5672          5  0.000e+00
      33269 312.589481  -62.18626  -58.03044      0.041    1449.47     15.853     15.700    -0.6032    -0.6028     0.0004    -0.6036    -0.6033     0.0004   2.800630   2.800661   0.000032    34.2973    34.2973     7.5214    27.5678    27.5677          5  0.000e+00
      33270 312.589482  -62.18626  -58.03044      0.052    1449.47     15.853     15.700    -0.6034    -0.6025     0.0009    -0.6039    -0.6030     0.0009   2.800652   2.800667   0.000015    34.2979    34.2971     7.5276    27.5682    27.5675          5  0.000e+00
      33271 312.589482  -62.18626  -58.03044      0.063    1449.47     15.853     15.700    -0.6035    -0.6025     0.0010    -0.6039    -0.6030     0.0010   2.800613   2.800684   0.000071    34.2974    34.2973     7.5167    27.5678    27.5677          5  0.000e+00
      33272 312.589483  -62.18626  -58.03044      0.074    1449.47     15.853     15.700    -0.6037    -0.6025     0.0013    -0.6042    -0.6030     0.0013   2.800635   2.800701   0.000065    34.2981    34.2975     7.5240    27.5684    27.5679          5  0.000e+00
      33273 312.589483  -62.18626  -58.03044      0.084    1449.47     15.853     15.700    -0.6038    -0.6025     0.0013    -0.6043    -0.6030     0.0013   2.800709   2.800695  -0.000014    34.2991    34.2974     7.5238    27.5692    27.5678          5  0.000e+00
      33274 312.589484  -62.18626  -58.03044      0.098    1449.47     15.909     15.756    -0.6040    -0.6026     0.0014    -0.6045    -0.6031     0.0014   2.800732   2.800695  -0.000037    34.2997    34.2975     7.5237    27.5697    27.5679          5  0.000e+00
      33275 312.589484  -62.18626  -58.03044      0.111    1449.47     15.909     15.756    -0.6041    -0.6026     0.0015    -0.6046    -0.6031     0.0015   2.800710   2.800650  -0.000059    34.2994    34.2969     7.5299    27.5695    27.5674          5  0.000e+00
      33276 312.589484  -62.18626  -58.03044      0.124    1449.47     15.909     15.756    -0.6042    -0.6029     0.0013    -0.6047    -0.6034     0.0013   2.800744   2.800650  -0.000094    34.3000    34.2973     7.5177    27.5700    27.5677          5  0.000e+00
      33277 312.589485  -62.18626  -58.03044      0.133    1449.47     15.909     15.756    -0.6041    -0.6028     0.0013    -0.6046    -0.6033     0.0013   2.800658   2.800639  -0.000019    34.2987    34.2970     7.5175    27.5689    27.5675          5  0.000e+00
      33278 312.589485  -62.18626  -58.03044      0.145    1449.47     15.974     15.820    -0.6040    -0.6029     0.0011    -0.6045    -0.6034     0.0011   2.800567   2.800622   0.000055    34.2974    34.2969     7.5312    27.5678    27.5674          5  0.000e+00
      33279 312.589486  -62.18626  -58.03044      0.152    1449.47     15.909     15.756    -0.6048    -0.6031     0.0017    -0.6053    -0.6036     0.0017   2.800567   2.800605   0.000038    34.2983    34.2969     7.5256    27.5686    27.5674          5  0.000e+00
      33280 312.589486  -62.18626  -58.03044      0.163    1449.47     15.974     15.820    -0.6049    -0.6033     0.0016    -0.6054    -0.6037     0.0016   2.800470   2.800611   0.000141    34.2970    34.2971     7.5190    27.5676    27.5676          5  0.000e+00
      33281 312.589487  -62.18626  -58.03044      0.176    1449.47     16.030     15.875    -0.6054    -0.6034     0.0020    -0.6059    -0.6039     0.0020   2.800487   2.800594   0.000107    34.2978    34.2970     7.5306    27.5682    27.5675          5  0.000e+00
