Pos-Processados/process_op42/operantar42_015.cnv
* Sea-Bird SBE 9 Data File:
* FileName = C:\Users\Hidrografia\Desktop\OPXLII\Brutos\OP42015.hdr
* Software Version Seasave V 7.26.7.107
* Temperature SN = 6502
* Conductivity SN = 4998
* Number of Bytes Per Scan = 31
* Number of Voltage Words = 2
* Number of Scans Averaged by the Deck Unit = 1
* NMEA Latitude = 46 45.52 S
* NMEA Longitude = 057 57.77 W
* NMEA UTC (Time) = Oct 20 2023 19:17:13
* NMEA baud rate = 4800
** H41
** NPOALTEMAXIMIANO
** NUMERO DA ESTACAO (XXX) 015
** LAT (XX XX.XX S/N) 46 45.93 S
** LONG (XXX XX.XX W/E) 057 54.24 W
** DATAHORA (dd/mm/aaaa hh:mm Z) 20/10/2023 1916Z
** PROFUNDIDADE (m) 3525
** OPERADOR CT FABIREZA
# nquan = 30
# nvalues = 2017                        
# units = specified
# name 0 = scan: Scan Count
# name 1 = timeJ: Julian Days
# name 2 = latitude: Latitude [deg]
# name 3 = longitude: Longitude [deg]
# name 4 = dz/dtM: Descent Rate [m/s]
# name 5 = avgsvCM: Average Sound Velocity [Chen-Millero, m/s]
# name 6 = prDM: Pressure, Digiquartz [db]
# name 7 = depSM: Depth [salt water, m]
# name 8 = t090C: Temperature [ITS-90, deg C]
# name 9 = t190C: Temperature, 2 [ITS-90, deg C]
# name 10 = T2-T190C: Temperature Difference, 2 - 1 [ITS-90, deg C]
# name 11 = potemp090C: Potential Temperature [ITS-90, deg C]
# name 12 = potemp190C: Potential Temperature, 2 [ITS-90, deg C]
# name 13 = potemp90Cdiff: Potential Temperature, Diff, 2 - 1 [ITS-90, deg C]
# name 14 = c0S/m: Conductivity [S/m]
# name 15 = c1S/m: Conductivity, 2 [S/m]
# name 16 = C2-C1S/m: Conductivity Difference, 2 - 1 [S/m]
# name 17 = sal00: Salinity, Practical [PSU]
# name 18 = sal11: Salinity, Practical, 2 [PSU]
# name 19 = sbeox0ML/L: Oxygen, SBE 43 [ml/l]
# name 20 = sigma-é00: Density [sigma-theta, kg/m^3]
# name 21 = sigma-é11: Density, 2 [sigma-theta, kg/m^3]
# name 22 = sal00: Salinity, Practical [PSU]
# name 23 = sigma-é00: Density [sigma-theta, kg/m^3]
# name 24 = svCM: Sound Velocity [Chen-Millero, m/s]
# name 25 = svCM1: Sound Velocity, 2 [Chen-Millero, m/s]
# name 26 = gsw_ptA0: potential temperature [ITS-90, deg C]
# name 27 = gsw_densityA0: density, TEOS-10 [density, kg/m^3]
# name 28 = gsw_saA0: Absolute Salinity [g/kg]
# name 29 = flag:
# span 0 =        886,      64876       
# span 1 = 293.804049, 293.834909       
# span 2 =  -46.77136,  -46.40829       
# span 3 =  -57.96606,  -57.96306       
# span 4 =     -1.604,      1.427       
# span 5 =      -0.01,    1478.55       
# span 6 =      2.000,   1012.000       
# span 7 =      1.975,   1001.178       
# span 8 =     1.7308,     7.2233       
# span 9 =     1.7318,     7.2247       
# span 10 =    -0.0329,     0.0902      
# span 11 =     1.7165,     7.2226      
# span 12 =     1.7175,     7.2239      
# span 13 =    -0.0329,     0.0901      
# span 14 =   2.987740,   3.467320      
# span 15 =   2.987724,   3.467423      
# span 16 =  -0.003358,   0.007335      
# span 17 =    33.9561,    34.5748      
# span 18 =    33.9543,    34.5744      
# span 19 =     3.8312,     7.2941      
# span 20 =    26.6781,    27.5914      
# span 21 =    26.6786,    27.5910      
# span 22 =    33.9599,    34.5748      
# span 23 =    26.6789,    27.5914      
# span 24 =    1460.00,    1478.62      
# span 25 =    1460.00,    1478.60      
# span 26 =     1.7165,     7.2226      
# span 27 =  1026.6895,  1032.2921      
# span 28 =    34.1202,    34.7427      
# span 29 = 0.0000e+00, 0.0000e+00      
# interval = decibars: 1                
# start_time = Oct 20 2023 19:17:13 [NMEA time, header]
# bad_flag = -9.990e-29
*END*
[from data line 1112]
      33833 293.819938 -9.990e-29  -57.96436     -0.877    1470.12    910.000    900.492     2.6039     2.6052     0.0013     2.5455     2.5468     0.0013   3.133926   3.134009   0.000067    34.5340    34.5334     3.8617    27.5534    27.5528    34.5345    27.5537    1475.05    1475.05     2.5454  1031.7808    34.6973 0.0000e+00
      33860 293.819951 -9.990e-29  -57.96436     -0.876    1470.12    909.000    899.504     2.6056     2.6045    -0.0011     2.5473     2.5462    -0.0011   3.134051   3.133918  -0.000105    34.5339    34.5337     3.8668    27.5531    27.5531    34.5346    27.5537    1475.04    1475.04     2.5472  1031.7762    34.6975 0.0000e+00
      33884 293.819963  -46.76504  -57.96436     -0.950    1470.12    908.000    898.517     2.6078     2.6081     0.0003     2.5496     2.5499     0.0003   3.134186   3.134161  -0.000042    34.5339    34.5331     3.8689    27.5530    27.5523    34.5345    27.5534    1475.03    1475.03     2.5495  1031.7737    34.7005 0.0000e+00
      33904 293.819972  -46.76504  -57.96436     -1.090    1470.12    907.000    897.530     2.6082     2.6090     0.0009     2.5500     2.5508     0.0009   3.134171   3.134192   0.000016    34.5340    34.5332     3.8676    27.5530    27.5523    34.5344    27.5534    1475.02    1475.02     2.5499  1031.7699    34.7016 0.0000e+00
      33922 293.819981  -46.76504  -57.96436     -1.214    1470.12    906.000    896.542     2.6089     2.6095     0.0006     2.5508     2.5514     0.0006   3.134185   3.134192   0.000007    34.5339    34.5333     3.8655    27.5529    27.5523    34.5344    27.5532    1475.01    1475.01     2.5507  1031.7651    34.7015 0.0000e+00
      33941 293.819990  -46.76506  -57.96436     -1.289    1470.12    905.000    895.555     2.6088     2.6107     0.0020     2.5507     2.5527     0.0020   3.134130   3.134265   0.000117    34.5339    34.5333     3.8725    27.5529    27.5522    34.5343    27.5532    1474.99    1474.99     2.5507  1031.7605    34.7015 0.0000e+00
      33961 293.820000  -46.76506  -57.96436     -1.278    1470.12    904.000    894.567     2.6104     2.6117     0.0014     2.5524     2.5538     0.0014   3.134234   3.134299   0.000077    34.5339    34.5334     3.8752    27.5527    27.5522    34.5344    27.5531    1474.98    1474.98     2.5523  1031.7558    34.7015 0.0000e+00
      33985 293.820012  -46.76506  -57.96436     -1.109    1470.12    903.000    893.580     2.6114     2.6112    -0.0002     2.5535     2.5533    -0.0002   3.134277   3.134220  -0.000051    34.5340    34.5335     3.8699    27.5527    27.5523    34.5344    27.5530    1474.97    1474.97     2.5534  1031.7511    34.7015 0.0000e+00
      34014 293.820026  -46.76508  -57.96436     -0.858    1470.12    902.000    892.592     2.6119     2.6114    -0.0005     2.5540     2.5535    -0.0005   3.134279   3.134186  -0.000098    34.5341    34.5335     3.8705    27.5527    27.5523    34.5344    27.5530    1474.95    1474.95     2.5540  1031.7464    34.7015 0.0000e+00
      34042 293.820039  -46.76508  -57.96438     -0.830    1470.12    901.000    891.605     2.6122     2.6130     0.0008     2.5544     2.5552     0.0008   3.134256   3.134283   0.000022    34.5341    34.5335     3.8692    27.5527    27.5521    34.5344    27.5529    1474.94    1474.94     2.5543  1031.7417    34.7014 0.0000e+00
      34066 293.820050  -46.76508  -57.96438     -0.953    1470.12    900.000    890.617     2.6122     2.6134     0.0012     2.5545     2.5557     0.0012   3.134210   3.134271   0.000056    34.5341    34.5335     3.8719    27.5527    27.5521    34.5343    27.5529    1474.92    1474.92     2.5544  1031.7371    34.7014 0.0000e+00
      34091 293.820063  -46.76508  -57.96438     -0.990    1470.12    899.000    889.630     2.6126     2.6136     0.0010     2.5550     2.5560     0.0010   3.134213   3.134244   0.000036    34.5341    34.5335     3.8730    27.5527    27.5521    34.5344    27.5529    1474.91    1474.91     2.5549  1031.7325    34.7015 0.0000e+00
      34121 293.820077  -46.76510  -57.96438     -0.843    1470.12    898.000    888.642     2.6137     2.6135    -0.0002     2.5561     2.5559    -0.0002   3.134252   3.134200  -0.000048    34.5341    34.5337     3.8753    27.5525    27.5522    34.5343    27.5527    1474.89    1474.89     2.5560  1031.7277    34.7014 0.0000e+00
      34148 293.820090  -46.76510  -57.96438     -0.821    1470.12    897.000    887.655     2.6143     2.6146     0.0003     2.5568     2.5571     0.0003   3.134261   3.134246  -0.000021    34.5341    34.5335     3.8774    27.5525    27.5520    34.5343    27.5527    1474.88    1474.88     2.5567  1031.7230    34.7014 0.0000e+00
      34170 293.820101  -46.76510  -57.96438     -0.991    1470.12    896.000    886.668     2.6153     2.6165     0.0013     2.5578     2.5591     0.0013   3.134304   3.134353   0.000043    34.5341    34.5332     3.8784    27.5524    27.5516    34.5343    27.5526    1474.87    1474.87     2.5578  1031.7183    34.7014 0.0000e+00
      34192 293.820111  -46.76510  -57.96438     -1.106    1470.12    895.000    885.680     2.6158     2.6166     0.0008     2.5584     2.5592     0.0008   3.134284   3.134322   0.000039    34.5338    34.5335     3.8785    27.5522    27.5518    34.5340    27.5523    1474.85    1474.85     2.5583  1031.7134    34.7011 0.0000e+00
      34219 293.820125  -46.76511  -57.96438     -0.967    1470.12    894.000    884.693     2.6166     2.6163    -0.0003     2.5593     2.5590    -0.0003   3.134341   3.134258  -0.000070    34.5341    34.5335     3.8780    27.5523    27.5518    34.5344    27.5525    1474.84    1474.84     2.5592  1031.7090    34.7014 0.0000e+00
      34249 293.820139  -46.76512  -57.96438     -0.771    1470.12    893.000    883.705     2.6187     2.6171    -0.0016     2.5615     2.5599    -0.0016   3.134465   3.134301  -0.000172    34.5339    34.5335     3.8746    27.5519    27.5517    34.5341    27.5521    1474.83    1474.82     2.5614  1031.7040    34.7012 0.0000e+00
      34270 293.820149  -46.76512  -57.96438     -0.949    1470.12    892.000    882.718     2.6202     2.6218     0.0016     2.5630     2.5646     0.0016   3.134570   3.134630   0.000053    34.5339    34.5328     3.8760    27.5518    27.5508    34.5344    27.5522    1474.82    1474.83     2.5629  1031.6994    34.7014 0.0000e+00
      34287 293.820157  -46.76512  -57.96438     -1.210    1470.12    891.000    881.730     2.6220     2.6243     0.0023     2.5649     2.5672     0.0023   3.134643   3.134796   0.000133    34.5336    34.5328     3.8790    27.5514    27.5505    34.5339    27.5517    1474.81    1474.82     2.5648  1031.6942    34.7009 0.0000e+00
      34304 293.820166  -46.76512  -57.96438     -1.363    1470.12    890.000    880.743     2.6224     2.6255     0.0031     2.5654     2.5685     0.0031   3.134639   3.134858   0.000207    34.5336    34.5328     3.8812    27.5514    27.5504    34.5339    27.5516    1474.80    1474.81     2.5653  1031.6896    34.7010 0.0000e+00
      34324 293.820175  -46.76514  -57.96438     -1.339    1470.12    889.000    879.774     2.6266     2.6269     0.0003     2.5696     2.5699     0.0003   3.134999   3.134916  -0.000041    34.5335    34.5327     3.8771    27.5509    27.5503    34.5344    27.5516    1474.80    1474.80     2.5695  1031.6849    34.7014 0.0000e+00
      34354 293.820189  -46.76514  -57.96438     -0.973    1470.12    888.000    878.762     2.6332     2.6306    -0.0026     2.5762     2.5736    -0.0026   3.135469   3.135214  -0.000251    34.5328    34.5325     3.8841    27.5498    27.5498    34.5336    27.5504    1474.81    1474.80     2.5761  1031.6789    34.7006 0.0000e+00
      34393 293.820208  -46.76514  -57.96439     -0.610    1470.12    887.000    877.780     2.6393     2.6376    -0.0017     2.5823     2.5806    -0.0017   3.135927   3.135725  -0.000195    34.5326    34.5320     3.8881    27.5491    27.5488    34.5332    27.5496    1474.82    1474.81     2.5823  1031.6733    34.7002 0.0000e+00
      34427 293.820225  -46.76514  -57.96438     -0.668    1470.12    886.000    876.793     2.6403     2.6403    -0.0000     2.5834     2.5834    -0.0000   3.135998   3.135932  -0.000078    34.5329    34.5320     3.8867    27.5493    27.5485    34.5335    27.5497    1474.81    1474.81     2.5833  1031.6688    34.7005 0.0000e+00
      34452 293.820237  -46.76516  -57.96438     -0.863    1470.12    885.000    875.805     2.6418     2.6431     0.0013     2.5850     2.5862     0.0012   3.136034   3.136090   0.000046    34.5324    34.5317     3.8920    27.5488    27.5480    34.5329    27.5491    1474.80    1474.80     2.5849  1031.6636    34.6999 0.0000e+00
      34473 293.820247  -46.76516  -57.96438     -1.032    1470.12    884.000    874.818     2.6411     2.6426     0.0015     2.5844     2.5859     0.0015   3.135942   3.136007   0.000068    34.5327    34.5318     3.8957    27.5490    27.5482    34.5330    27.5493    1474.78    1474.78     2.5843  1031.6591    34.7000 0.0000e+00
      34495 293.820258  -46.76516  -57.96440     -1.107    1470.12    883.000    873.830     2.6427     2.6446     0.0019     2.5860     2.5879     0.0019   3.136027   3.136134   0.000101    34.5324    34.5316     3.8941    27.5486    27.5478    34.5329    27.5490    1474.77    1474.78     2.5859  1031.6542    34.6999 0.0000e+00
      34521 293.820270  -46.76518  -57.96440     -1.020    1470.12    882.000    872.843     2.6456     2.6449    -0.0007     2.5889     2.5882    -0.0007   3.136210   3.136101  -0.000094    34.5321    34.5316     3.8973    27.5481    27.5478    34.5326    27.5486    1474.76    1474.76     2.5888  1031.6491    34.6996 0.0000e+00
      34553 293.820286  -46.76518  -57.96440     -0.805    1470.12    881.000    871.855     2.6509     2.6475    -0.0034     2.5943     2.5909    -0.0034   3.136611   3.136275  -0.000303    34.5314    34.5313     3.8949    27.5471    27.5474    34.5324    27.5479    1474.77    1474.76     2.5942  1031.6437    34.6993 0.0000e+00
      34597 293.820307  -46.76518  -57.96440     -0.529    1470.12    880.000    870.867     2.6620     2.6576    -0.0044     2.6054     2.6011    -0.0043   3.137476   3.137060  -0.000433    34.5309    34.5303     3.8949    27.5457    27.5456    34.5316    27.5463    1474.80    1474.78     2.6053  1031.6373    34.6986 0.0000e+00
      34627 293.820321  -46.76519  -57.96440     -0.699    1470.12    879.000    869.880     2.6607     2.6628     0.0021     2.6041     2.6062     0.0021   3.137349   3.137474   0.000094    34.5312    34.5301     3.8969    27.5461    27.5450    34.5320    27.5467    1474.78    1474.79     2.6041  1031.6331    34.6990 0.0000e+00
      34651 293.820333  -46.76520  -57.96440     -0.935    1470.12    878.000    868.892     2.6630     2.6658     0.0028     2.6065     2.6093     0.0028   3.137466   3.137670   0.000197    34.5310    34.5304     3.9000    27.5457    27.5450    34.5315    27.5461    1474.77    1474.78     2.6064  1031.6278    34.6984 0.0000e+00
      34672 293.820343  -46.76520  -57.96440     -1.060    1470.12    877.000    867.905     2.6647     2.6669     0.0022     2.6082     2.6104     0.0022   3.137604   3.137719   0.000112    34.5313    34.5303     3.9055    27.5458    27.5448    34.5319    27.5463    1474.76    1474.77     2.6082  1031.6234    34.6989 0.0000e+00
      34697 293.820355  -46.76520  -57.96441     -1.046    1470.12    876.000    866.917     2.6646     2.6665     0.0020     2.6082     2.6102     0.0020   3.137542   3.137636   0.000091    34.5313    34.5303     3.9054    27.5458    27.5448    34.5318    27.5462    1474.75    1474.75     2.6082  1031.6187    34.6987 0.0000e+00
      34725 293.820369  -46.76521  -57.96442     -0.887    1470.12    875.000    865.930     2.6670     2.6663    -0.0007     2.6107     2.6100    -0.0007   3.137638   3.137565  -0.000071    34.5305    34.5303     3.9096    27.5450    27.5449    34.5309    27.5453    1474.74    1474.74     2.6106  1031.6131    34.6978 0.0000e+00
      34758 293.820384  -46.76522  -57.96440     -0.774    1470.12    874.000    864.942     2.6688     2.6677    -0.0011     2.6125     2.6114    -0.0011   3.137748   3.137613  -0.000120    34.5302    34.5300     3.9088    27.5446    27.5445    34.5309    27.5451    1474.73    1474.72     2.6125  1031.6083    34.6978 0.0000e+00
      34793 293.820401  -46.76522  -57.96440     -0.659    1470.12    873.000    863.954     2.6753     2.6725    -0.0028     2.6191     2.6163    -0.0028   3.138322   3.137993  -0.000328    34.5306    34.5296     3.9141    27.5443    27.5437    34.5315    27.5450    1474.74    1474.73     2.6190  1031.6034    34.6984 0.0000e+00
      34823 293.820416  -46.76522  -57.96441     -0.776    1470.12    872.000    862.967     2.6774     2.6805     0.0031     2.6213     2.6244     0.0031   3.138461   3.138700   0.000204    34.5307    34.5298     3.9170    27.5442    27.5432    34.5314    27.5448    1474.74    1474.75     2.6212  1031.5985    34.6983 0.0000e+00
      34855 293.820431  -46.76524  -57.96442     -0.768    1470.12    871.000    861.979     2.6815     2.6830     0.0015     2.6254     2.6269     0.0015   3.138793   3.138867   0.000085    34.5310    34.5303     3.9168    27.5441    27.5434    34.5316    27.5446    1474.74    1474.74     2.6253  1031.5936    34.6986 0.0000e+00
      34892 293.820449  -46.76524  -57.96442     -0.652    1470.12    870.000    860.992     2.6830     2.6822    -0.0008     2.6269     2.6261    -0.0008   3.138846   3.138754  -0.000090    34.5307    34.5305     3.9197    27.5437    27.5436    34.5312    27.5441    1474.73    1474.72     2.6269  1031.5885    34.6981 0.0000e+00
      34922 293.820464  -46.76526  -57.96442     -0.725    1470.12    869.000    860.004     2.6828     2.6832     0.0005     2.6268     2.6273     0.0004   3.138770   3.138713  -0.000042    34.5307    34.5297     3.9188    27.5437    27.5429    34.5310    27.5440    1474.71    1474.71     2.6267  1031.5838    34.6979 0.0000e+00
      34944 293.820474  -46.76526  -57.96442     -0.956    1470.12    868.000    859.017     2.6816     2.6811    -0.0005     2.6257     2.6252    -0.0005   3.138515   3.138395  -0.000133    34.5298    34.5287     3.9241    27.5432    27.5423    34.5297    27.5430    1474.68    1474.68     2.6256  1031.5783    34.6966 0.0000e+00
      34965 293.820484  -46.76526  -57.96442     -1.120    1470.12    867.000    858.029     2.6800     2.6807     0.0007     2.6242     2.6249     0.0007   3.138309   3.138283  -0.000025    34.5292    34.5282     3.9240    27.5428    27.5419    34.5294    27.5429    1474.66    1474.66     2.6241  1031.5736    34.6963 0.0000e+00
      34987 293.820495  -46.76526  -57.96442     -1.144    1470.12    866.000    857.041     2.6798     2.6803     0.0004     2.6241     2.6245     0.0004   3.138250   3.138187  -0.000059    34.5293    34.5281     3.9237    27.5428    27.5418    34.5294    27.5429    1474.64    1474.64     2.6240  1031.5690    34.6963 0.0000e+00
      35009 293.820506  -46.76526  -57.96442     -1.084    1470.12    865.000    856.054     2.6795     2.6798     0.0003     2.6238     2.6242     0.0003   3.138146   3.138057  -0.000085    34.5290    34.5276     3.9224    27.5427    27.5415    34.5291    27.5427    1474.63    1474.62     2.6238  1031.5641    34.6959 0.0000e+00
      35032 293.820517  -46.76527  -57.96442     -1.053    1470.12    864.000    855.066     2.6790     2.6780    -0.0010     2.6234     2.6224    -0.0010   3.137995   3.137793  -0.000198    34.5283    34.5270     3.9209    27.5421    27.5411    34.5282    27.5421    1474.60    1474.60     2.6233  1031.5589    34.6951 0.0000e+00
      35055 293.820528  -46.76528  -57.96442     -1.046    1470.12    863.000    854.079     2.6771     2.6755    -0.0016     2.6216     2.6200    -0.0016   3.137702   3.137488  -0.000214    34.5275    34.5266     3.9234    27.5416    27.5410    34.5272    27.5414    1474.58    1474.57     2.6215  1031.5537    34.6941 0.0000e+00
