Pos-Processados/process_op42/operantar42_007.ros
* Sea-Bird SBE 9 Data File:
* FileName = C:\Users\Hidrografia\Desktop\OPXLII\Brutos\OP42006.hdr
* Software Version Seasave V 7.26.7.107
* Temperature SN = 6502
* Conductivity SN = 4998
* Number of Bytes Per Scan = 31
* Number of Voltage Words = 2
* Number of Scans Averaged by the Deck Unit = 1
* NMEA Latitude = 41 49.29 S
* NMEA Longitude = 054 31.41 W
* NMEA UTC (Time) = Oct 18 2023 00:54:10
* NMEA baud rate = 4800
** H41
** NPOALTEMAXIMIANO
** NUMERO DA ESTACAO (XXX) 006
** LAT (XX XX.XX S/N) 41 49.31 S
** LONG (XXX XX.XX W/E) 054 31.42 W
** DATAHORA (dd/mm/aaaa hh:mm Z) 17/10/2023 0025Z
** PROFUNDIDADE (m) 5071
** OPERADOR CT FILIPE LOPES
# nquan = 24
# nvalues = 3662                                  
# units = specified
# name 0 = scan: Scan Count
# name 1 = timeJ: Julian Days
# name 2 = latitude: Latitude [deg]
# name 3 = longitude: Longitude [deg]
# name 4 = dz/dtM: Descent Rate [m/s]
# name 5 = avgsvCM: Average Sound Velocity [Chen-Millero, m/s]
# name 6 = prDM: Pressure, Digiquartz [db]
# name 7 = depSM: Depth [salt water, m]
# name 8 = t090C: Temperature [ITS-90, deg C]
# name 9 = t190C: Temperature, 2 [ITS-90, deg C]
# name 10 = T2-T190C: Temperature Difference, 2 - 1 [ITS-90, deg C]
# name 11 = potemp090C: Potential Temperature [ITS-90, deg C]
# name 12 = potemp190C: Potential Temperature, 2 [ITS-90, deg C]
# name 13 = potemp90Cdiff: Potential Temperature, Diff, 2 - 1 [ITS-90, deg C]
# name 14 = c0S/m: Conductivity [S/m]
# name 15 = c1S/m: Conductivity, 2 [S/m]
# name 16 = C2-C1S/m: Conductivity Difference, 2 - 1 [S/m]
# name 17 = sal00: Salinity, Practical [PSU]
# name 18 = sal11: Salinity, Practical, 2 [PSU]
# name 19 = sbeox0ML/L: Oxygen, SBE 43 [ml/l]
# name 20 = sigma-é00: Density [sigma-theta, kg/m^3]
# name 21 = sigma-é11: Density, 2 [sigma-theta, kg/m^3]
# name 22 = nbf: Bottles Fired
# name 23 = flag:  0.000e+00
# interval = seconds: 0.0416667
# start_time = Oct 18 2023 00:54:10 [NMEA time, header]
# bad_flag = -9.990e-29
*END*
[from data line 1570]
      60898 291.066984  -41.81264  -54.51808     -0.314    1482.44     61.063     60.576    12.5026    12.5039     0.0013    12.4944    12.4957     0.0013   4.059695   4.059851   0.000156    35.0832    35.0835     5.8397    26.5579    26.5579         11  0.000e+00
      60899 291.066984  -41.81264  -54.51808     -0.312    1482.44     61.007     60.521    12.5024    12.5044     0.0021    12.4942    12.4963     0.0021   4.059603   4.059890   0.000288    35.0826    35.0834     5.8397    26.5574    26.5577         11  0.000e+00
      60900 291.066984  -41.81264  -54.51808     -0.307    1482.44     61.007     60.521    12.5022    12.5046     0.0023    12.4941    12.4964     0.0023   4.059603   4.059903   0.000301    35.0827    35.0834     5.8401    26.5576    26.5577         11  0.000e+00
      60901 291.066985  -41.81264  -54.51808     -0.305    1482.44     60.975     60.489    12.5021    12.5043     0.0022    12.4939    12.4962     0.0022   4.059688   4.059903   0.000215    35.0837    35.0837     5.8400    26.5584    26.5579         11  0.000e+00
      60902 291.066985  -41.81264  -54.51808     -0.295    1482.44     61.063     60.576    12.5022    12.5049     0.0027    12.4941    12.4968     0.0027   4.059636   4.059903   0.000268    35.0830    35.0831     5.8401    26.5578    26.5573         11  0.000e+00
      60903 291.066986  -41.81264  -54.51808     -0.295    1482.44     60.943     60.457    12.5022    12.5049     0.0027    12.4941    12.4968     0.0027   4.059609   4.059929   0.000320    35.0828    35.0834     5.8401    26.5576    26.5576         11  0.000e+00
      60904 291.066986  -41.81264  -54.51808     -0.292    1482.44     61.007     60.521    12.5022    12.5052     0.0030    12.4941    12.4971     0.0030   4.059688   4.059962   0.000273    35.0835    35.0834     5.8444    26.5582    26.5575         11  0.000e+00
      60905 291.066987  -41.81264  -54.51808     -0.286    1482.44     61.007     60.521    12.5024    12.5049     0.0025    12.4943    12.4968     0.0025   4.059715   4.059916   0.000202    35.0836    35.0832     5.8406    26.5582    26.5574         11  0.000e+00
      60906 291.066987  -41.81264  -54.51808     -0.280    1482.44     60.975     60.489    12.5026    12.5050     0.0024    12.4945    12.4969     0.0024   4.059589   4.059942   0.000353    35.0823    35.0834     5.8449    26.5571    26.5576         11  0.000e+00
      60907 291.066988  -41.81264  -54.51808     -0.271    1482.44     61.007     60.521    12.5026    12.5047     0.0021    12.4945    12.4966     0.0021   4.059570   4.059916   0.000346    35.0820    35.0834     5.8412    26.5570    26.5576         11  0.000e+00
      60908 291.066988  -41.81264  -54.51808     -0.265    1482.44     60.943     60.457    12.5024    12.5047     0.0023    12.4943    12.4966     0.0023   4.059629   4.059929   0.000300    35.0828    35.0836     5.8412    26.5576    26.5577         11  0.000e+00
      60909 291.066989  -41.81264  -54.51808     -0.259    1482.44     61.007     60.521    12.5024    12.5044     0.0020    12.4943    12.4963     0.0020   4.059649   4.059884   0.000235    35.0830    35.0834     5.8413    26.5577    26.5576         11  0.000e+00
      60910 291.066989  -41.81264  -54.51808     -0.253    1482.44     60.943     60.457    12.5024    12.5041     0.0017    12.4943    12.4960     0.0017   4.059570   4.059890   0.000320    35.0823    35.0838     5.8414    26.5572    26.5580         11  0.000e+00
      60911 291.066990  -41.81264  -54.51808     -0.244    1482.44     61.031     60.545    12.5022    12.5040     0.0018    12.4941    12.4958     0.0018   4.059589   4.059877   0.000288    35.0826    35.0837     5.8416    26.5575    26.5580         11  0.000e+00
      60912 291.066990  -41.81264  -54.51808     -0.237    1482.44     60.943     60.457    12.5024    12.5041     0.0017    12.4943    12.4960     0.0017   4.059662   4.059845   0.000183    35.0831    35.0833     5.8417    26.5579    26.5577         11  0.000e+00
      60913 291.066991  -41.81264  -54.51808     -0.233    1482.44     60.943     60.457    12.5027    12.5038     0.0010    12.4946    12.4956     0.0010   4.059622   4.059858   0.000235    35.0825    35.0838     5.8461    26.5573    26.5581         11  0.000e+00
      60914 291.066991  -41.81264  -54.51808     -0.219    1482.44     61.007     60.521    12.5026    12.5044     0.0018    12.4945    12.4963     0.0018   4.059609   4.059871   0.000261    35.0824    35.0832     5.8467    26.5573    26.5575         11  0.000e+00
      60915 291.066992  -41.81264  -54.51808     -0.211    1482.44     61.007     60.521    12.5024    12.5042     0.0018    12.4943    12.4961     0.0018   4.059609   4.059903   0.000294    35.0826    35.0837     5.8469    26.5574    26.5580         11  0.000e+00
      60916 291.066992  -41.81264  -54.51808     -0.204    1482.44     60.910     60.425    12.5024    12.5043     0.0019    12.4943    12.4962     0.0019   4.059715   4.059903   0.000189    35.0837    35.0837     5.8426    26.5583    26.5579         11  0.000e+00
      60917 291.066993  -41.81264  -54.51808     -0.198    1482.44     61.007     60.521    12.5027    12.5044     0.0017    12.4946    12.4963     0.0017   4.059642   4.059929   0.000287    35.0826    35.0838     5.8429    26.5574    26.5580         11  0.000e+00
      60918 291.066993  -41.81264  -54.51808     -0.190    1482.44     60.943     60.457    12.5026    12.5041     0.0015    12.4945    12.4960     0.0015   4.059589   4.059884   0.000294    35.0823    35.0837     5.8426    26.5571    26.5580         11  0.000e+00
      60919 291.066994  -41.81264  -54.51808     -0.178    1482.44     61.007     60.521    12.5026    12.5034     0.0008    12.4945    12.4953     0.0008   4.059603   4.059845   0.000242    35.0824    35.0839     5.8470    26.5572    26.5583         11  0.000e+00
      60920 291.066994  -41.81264  -54.51808     -0.171    1482.44     60.975     60.489    12.5026    12.5032     0.0006    12.4945    12.4951     0.0006   4.059715   4.059780   0.000065    35.0835    35.0835     5.8475    26.5581    26.5580         11  0.000e+00
      60921 291.066995  -41.81264  -54.51808     -0.157    1482.44     61.007     60.521    12.5024    12.5032     0.0008    12.4943    12.4951     0.0008   4.059596   4.059767   0.000171    35.0825    35.0834     5.8440    26.5574    26.5579         11  0.000e+00
      60922 291.066995  -41.81264  -54.51808     -0.148    1482.44     61.007     60.521    12.5024    12.5030     0.0006    12.4943    12.4949     0.0006   4.059464   4.059767   0.000302    35.0812    35.0835     5.8442    26.5564    26.5581         11  0.000e+00
      60923 291.066996  -41.81264  -54.51808     -0.141    1482.44     60.943     60.457    12.5025    12.5031     0.0005    12.4944    12.4949     0.0005   4.058826   4.059734   0.000909    35.0749    35.0832     5.8446    26.5515    26.5578         11  0.000e+00
      60924 291.066996  -41.81264  -54.51808     -0.132    1482.44     61.007     60.521    12.5022    12.5027     0.0005    12.4941    12.4946     0.0005   4.057562   4.059689   0.002127    35.0630    35.0831     5.8449    26.5423    26.5577         11  0.000e+00
      60925 291.066997  -41.81264  -54.51808     -0.125    1482.44     60.975     60.489    12.5022    12.5032     0.0010    12.4941    12.4951     0.0010   4.058931   4.059741   0.000810    35.0762    35.0831     5.8488    26.5526    26.5577         11  0.000e+00
      60926 291.066997  -41.81264  -54.51808     -0.111    1482.44     61.007     60.521    12.5024    12.5027     0.0003    12.4943    12.4946     0.0003   4.059616   4.059734   0.000119    35.0827    35.0835     5.8488    26.5575    26.5581         11  0.000e+00
      60927 291.066997  -41.81264  -54.51808     -0.103    1482.44     61.007     60.521    12.5024    12.5028     0.0004    12.4943    12.4947     0.0004   4.059649   4.059728   0.000079    35.0830    35.0833     5.8494    26.5577    26.5579         11  0.000e+00
      60928 291.066998  -41.81264  -54.51808     -0.095    1482.44     61.007     60.521    12.5026    12.5027     0.0001    12.4945    12.4946     0.0001   4.059668   4.059702   0.000034    35.0830    35.0832     5.8499    26.5577    26.5578         11  0.000e+00
      60929 291.066998  -41.81264  -54.51808     -0.088    1482.44     61.007     60.521    12.5027    12.5025    -0.0002    12.4946    12.4944    -0.0002   4.059662   4.059663   0.000001    35.0828    35.0830     5.8501    26.5575    26.5577         11  0.000e+00
      60930 291.066999  -41.81264  -54.51808     -0.078    1482.44     61.032     60.545    12.5026    12.5027     0.0001    12.4944    12.4946     0.0001   4.059596   4.059657   0.000061    35.0823    35.0827     5.8503    26.5572    26.5575         11  0.000e+00
      60931 291.066999  -41.81264  -54.51808     -0.066    1482.44     61.007     60.521    12.5024    12.5025     0.0001    12.4943    12.4944     0.0001   4.059655   4.059708   0.000053    35.0830    35.0834     5.8505    26.5578    26.5581         11  0.000e+00
      60932 291.067000  -41.81262  -54.51808     -0.055    1482.44     61.064     60.577    12.5026    12.5025    -0.0001    12.4944    12.4944    -0.0001   4.059655   4.059702   0.000047    35.0829    35.0834     5.8506    26.5576    26.5580         11  0.000e+00
      60933 291.067000  -41.81262  -54.51808     -0.049    1482.44     61.007     60.521    12.5026    12.5024    -0.0002    12.4945    12.4943    -0.0002   4.059491   4.059663   0.000172    35.0813    35.0831     5.8508    26.5564    26.5579         11  0.000e+00
      60934 291.067001  -41.81262  -54.51808     -0.043    1482.44     61.007     60.521    12.5026    12.5025    -0.0000    12.4945    12.4944    -0.0000   4.059543   4.059670   0.000126    35.0818    35.0831     5.8508    26.5568    26.5578         11  0.000e+00
      60935 291.067001  -41.81262  -54.51808     -0.028    1482.44     61.088     60.601    12.5024    12.5027     0.0003    12.4943    12.4946     0.0003   4.059629   4.059715   0.000086    35.0828    35.0833     5.8510    26.5576    26.5579         11  0.000e+00
      60936 291.067002  -41.81262  -54.51808     -0.024    1482.44     61.007     60.521    12.5021    12.5031     0.0010    12.4939    12.4949     0.0010   4.059589   4.059728   0.000138    35.0827    35.0831     5.8510    26.5576    26.5577         11  0.000e+00
      60937 291.067002  -41.81262  -54.51808     -0.017    1482.44     61.064     60.577    12.5019    12.5032     0.0013    12.4937    12.4950     0.0013   4.059557   4.059780   0.000223    35.0826    35.0835     5.8554    26.5575    26.5580         11  0.000e+00
      60938 291.067003  -41.81262  -54.51808     -0.010    1482.44     61.007     60.521    12.5018    12.5029     0.0011    12.4936    12.4947     0.0011   4.059510   4.059773   0.000263    35.0823    35.0837     5.8515    26.5573    26.5582         11  0.000e+00
      60939 291.067003  -41.81262  -54.51808      0.002    1482.44     61.088     60.601    12.5018    12.5031     0.0013    12.4936    12.4949     0.0013   4.059583   4.059767   0.000184    35.0829    35.0835     5.8516    26.5578    26.5580         11  0.000e+00
      60940 291.067004  -41.81262  -54.51808      0.005    1482.44     61.064     60.577    12.5018    12.5032     0.0015    12.4936    12.4951     0.0015   4.059557   4.059786   0.000230    35.0827    35.0835     5.8520    26.5576    26.5580         11  0.000e+00
      60941 291.067004  -41.81262  -54.51808      0.017    1482.44     61.064     60.577    12.5014    12.5031     0.0017    12.4932    12.4949     0.0017   4.059491   4.059741   0.000250    35.0824    35.0832     5.8567    26.5575    26.5578         11  0.000e+00
      60942 291.067005  -41.81262  -54.51808      0.017    1482.44     61.008     60.521    12.5016    12.5027     0.0011    12.4934    12.4946     0.0011   4.059524   4.059702   0.000178    35.0826    35.0832     5.8527    26.5576    26.5579         11  0.000e+00
      60943 291.067005  -41.81262  -54.51808      0.024    1482.44     61.064     60.577    12.5018    12.5025     0.0008    12.4936    12.4944     0.0008   4.059622   4.059702   0.000080    35.0833    35.0833     5.8569    26.5581    26.5580         11  0.000e+00
      60944 291.067006  -41.81262  -54.51808      0.029    1482.44     61.088     60.601    12.5018    12.5022     0.0005    12.4936    12.4941     0.0005   4.059589   4.059670   0.000080    35.0830    35.0833     5.8530    26.5579    26.5581         11  0.000e+00
      60945 291.067006  -41.81262  -54.51808      0.036    1482.44     61.064     60.577    12.5018    12.5022     0.0005    12.4936    12.4941     0.0005   4.059557   4.059657   0.000100    35.0827    35.0832     5.8571    26.5576    26.5580         11  0.000e+00
      60946 291.067007  -41.81262  -54.51808      0.037    1482.44     61.064     60.577    12.5019    12.5019     0.0000    12.4937    12.4938     0.0000   4.059570   4.059657   0.000087    35.0827    35.0835     5.8574    26.5576    26.5582         11  0.000e+00
      60947 291.067007  -41.81262  -54.51808      0.047    1482.44     61.128     60.641    12.5011    12.5022     0.0012    12.4929    12.4941     0.0012   4.059550   4.059657   0.000107    35.0832    35.0832     5.8577    26.5582    26.5579         11  0.000e+00
      60948 291.067008  -41.81262  -54.51808      0.050    1482.44     61.064     60.577    12.5012    12.5024     0.0012    12.4930    12.4942     0.0012   4.059510   4.059683   0.000172    35.0828    35.0833     5.8537    26.5578    26.5580         11  0.000e+00
      60949 291.067008  -41.81262  -54.51808      0.054    1482.44     61.088     60.601    12.5011    12.5024     0.0013    12.4929    12.4943     0.0013   4.059458   4.059696   0.000238    35.0824    35.0834     5.8535    26.5575    26.5581         11  0.000e+00
      60950 291.067009  -41.81262  -54.51808      0.059    1482.44     61.128     60.641    12.5009    12.5022     0.0013    12.4928    12.4941     0.0013   4.059543   4.059696   0.000152    35.0833    35.0836     5.8533    26.5583    26.5582         11  0.000e+00
      60951 291.067009  -41.81262  -54.51808      0.068    1482.44     61.128     60.641    12.5011    12.5024     0.0013    12.4929    12.4942     0.0013   4.059517   4.059637   0.000120    35.0829    35.0828     5.8530    26.5580    26.5576         11  0.000e+00
      60952 291.067010  -41.81262  -54.51808      0.070    1482.44     61.128     60.641    12.5011    12.5022     0.0012    12.4929    12.4941     0.0012   4.059504   4.059663   0.000159    35.0828    35.0833     5.8528    26.5579    26.5580         11  0.000e+00
      60953 291.067010  -41.81262  -54.51808      0.071    1482.44     61.064     60.577    12.5011    12.5022     0.0011    12.4929    12.4940     0.0011   4.059451   4.059657   0.000205    35.0823    35.0833     5.8571    26.5575    26.5580         11  0.000e+00
      60954 291.067011  -41.81262  -54.51808      0.078    1482.44     61.153     60.665    12.5012    12.5022     0.0010    12.4931    12.4941     0.0010   4.059537   4.059657   0.000120    35.0829    35.0832     5.8572    26.5579    26.5579         11  0.000e+00
      60955 291.067011  -41.81262  -54.51808      0.077    1482.44     61.064     60.577    12.5009    12.5024     0.0015    12.4928    12.4943     0.0015   4.059576   4.059683   0.000106    35.0837    35.0833     5.8577    26.5586    26.5580         11  0.000e+00
      60956 291.067011  -41.81262  -54.51806      0.085    1482.44     61.185     60.697    12.5009    12.5021     0.0012    12.4928    12.4939     0.0012   4.059478   4.059663   0.000185    35.0827    35.0834     5.8578    26.5578    26.5581         11  0.000e+00
      60957 291.067012  -41.81262  -54.51806      0.082    1482.44     61.064     60.577    12.5012    12.5024     0.0012    12.4931    12.4943     0.0012   4.059438   4.059683   0.000244    35.0820    35.0833     5.8577    26.5572    26.5580         11  0.000e+00
