Pos-Processados/process_op42/operantar42_026.cnv
* Sea-Bird SBE 9 Data File:
* FileName = C:\Users\Hidrografia\Desktop\OPXLII\Brutos\OP42026.hdr
* Software Version Seasave V 7.26.7.107
* Temperature SN = 6502
* Conductivity SN = 4998
* Number of Bytes Per Scan = 37
* Number of Voltage Words = 4
* Number of Scans Averaged by the Deck Unit = 1
* NMEA Latitude = 62 13.40 S
* NMEA Longitude = 058 12.50 W
* NMEA UTC (Time) = Nov 08 2023 16:16:15
* NMEA baud rate = 4800
** H41
** NPOALTEMAXIMIANO
** NUMERO DA ESTACAO (XXX) 026
** LAT (XX XX.XX S/N) 62  13.401 S
** LONG (XXX XX.XX W/E) 058  12.553 W
** DATAHORA (dd/mm/aaaa hh:mm Z) 08/11/2023 1615Z
** PROFUNDIDADE (m) 390
** OPERADOR 1T ZAMITH
# nquan = 30
# nvalues = 717                         
# units = specified
# name 0 = scan: Scan Count
# name 1 = timeJ: Julian Days
# name 2 = latitude: Latitude [deg]
# name 3 = longitude: Longitude [deg]
# name 4 = dz/dtM: Descent Rate [m/s]
# name 5 = avgsvCM: Average Sound Velocity [Chen-Millero, m/s]
# name 6 = prDM: Pressure, Digiquartz [db]
# name 7 = depSM: Depth [salt water, m]
# name 8 = t090C: Temperature [ITS-90, deg C]
# name 9 = t190C: Temperature, 2 [ITS-90, deg C]
# name 10 = T2-T190C: Temperature Difference, 2 - 1 [ITS-90, deg C]
# name 11 = potemp090C: Potential Temperature [ITS-90, deg C]
# name 12 = potemp190C: Potential Temperature, 2 [ITS-90, deg C]
# name 13 = potemp90Cdiff: Potential Temperature, Diff, 2 - 1 [ITS-90, deg C]
# name 14 = c0S/m: Conductivity [S/m]
# name 15 = c1S/m: Conductivity, 2 [S/m]
# name 16 = C2-C1S/m: Conductivity Difference, 2 - 1 [S/m]
# name 17 = sal00: Salinity, Practical [PSU]
# name 18 = sal11: Salinity, Practical, 2 [PSU]
# name 19 = sbeox0ML/L: Oxygen, SBE 43 [ml/l]
# name 20 = sigma-é00: Density [sigma-theta, kg/m^3]
# name 21 = sigma-é11: Density, 2 [sigma-theta, kg/m^3]
# name 22 = sal00: Salinity, Practical [PSU]
# name 23 = sigma-é00: Density [sigma-theta, kg/m^3]
# name 24 = svCM: Sound Velocity [Chen-Millero, m/s]
# name 25 = svCM1: Sound Velocity, 2 [Chen-Millero, m/s]
# name 26 = gsw_ptA0: potential temperature [ITS-90, deg C]
# name 27 = gsw_densityA0: density, TEOS-10 [density, kg/m^3]
# name 28 = gsw_saA0: Absolute Salinity [g/kg]
# name 29 = flag:
# span 0 =       2909,      29833       
# span 1 = 312.679354, 312.692338       
# span 2 =  -62.22512,  -62.22360       
# span 3 =  -58.20720,  -58.19243       
# span 4 =     -1.350,      1.230       
# span 5 =      -0.04,    1448.69       
# span 6 =      8.000,    366.000       
# span 7 =      7.927,    362.156       
# span 8 =    -0.9187,    -0.4720       
# span 9 =    -0.9162,    -0.4700       
# span 10 =    -0.0123,     0.0772      
# span 11 =    -0.9194,    -0.4841      
# span 12 =    -0.9168,    -0.4822      
# span 13 =    -0.0123,     0.0771      
# span 14 =   2.773009,   2.833103      
# span 15 =   2.773127,   2.833182      
# span 16 =  -0.001125,   0.006599      
# span 17 =    34.2757,    34.3757      
# span 18 =    34.2750,    34.3744      
# span 19 =     6.8284,     7.7605      
# span 20 =    27.5604,    27.6258      
# span 21 =    27.5613,    27.6247      
# span 22 =    34.2742,    34.3758      
# span 23 =    27.5586,    27.6259      
# span 24 =    1444.16,    1451.97      
# span 25 =    1444.16,    1451.98      
# span 26 =    -0.9194,    -0.4839      
# span 27 =  1027.6060,  1029.3739      
# span 28 =    34.4397,    34.5439      
# span 29 = 0.0000e+00, 0.0000e+00      
# interval = decibars: 1                
# start_time = Nov 08 2023 16:16:15 [NMEA time, header]
# bad_flag = -9.990e-29
*END*
[from data line 629]
      21754 312.688442  -62.22476  -58.19732     -0.823    1448.69     95.000     94.066    -0.5612    -0.5581     0.0032    -0.5641    -0.5610     0.0032   2.809933   2.810237   0.000287    34.3271    34.3273     7.0737    27.5901    27.5901    34.3262    27.5893    1447.18    1447.20    -0.5641  1028.0487    34.4926 0.0000e+00
      21782 312.688455  -62.22476  -58.19729     -0.848    1448.69     94.000     93.076    -0.5637    -0.5617     0.0021    -0.5666    -0.5645     0.0021   2.809643   2.809732   0.000131    34.3259    34.3254     7.0817    27.5893    27.5887    34.3257    27.5891    1447.15    1447.16    -0.5665  1028.0436    34.4922 0.0000e+00
      21810 312.688469  -62.22476  -58.19727     -0.854    1448.69     93.000     92.087    -0.5581    -0.5600    -0.0019    -0.5609    -0.5629    -0.0019   2.810153   2.809869  -0.000275    34.3269    34.3253     7.0891    27.5898    27.5886    34.3268    27.5897    1447.16    1447.15    -0.5609  1028.0394    34.4932 0.0000e+00
      21838 312.688482  -62.22476  -58.19726     -0.847    1448.69     92.000     91.096    -0.5590    -0.5584     0.0006    -0.5618    -0.5612     0.0006   2.809984   2.809964  -0.000032    34.3265    34.3254     7.1069    27.5896    27.5886    34.3261    27.5892    1447.14    1447.15    -0.5617  1028.0342    34.4925 0.0000e+00
      21864 312.688495  -62.22477  -58.19725     -0.899    1448.69     91.000     90.107    -0.5601    -0.5588     0.0012    -0.5628    -0.5616     0.0012   2.809794   2.809848   0.000050    34.3258    34.3250     7.1184    27.5890    27.5883    34.3254    27.5887    1447.12    1447.12    -0.5628  1028.0288    34.4918 0.0000e+00
      21886 312.688506  -62.22478  -58.19724     -0.998    1448.69     90.000     89.116    -0.5606    -0.5591     0.0015    -0.5633    -0.5619     0.0015   2.809709   2.809755   0.000051    34.3258    34.3248     7.1074    27.5890    27.5881    34.3255    27.5888    1447.10    1447.11    -0.5633  1028.0242    34.4919 0.0000e+00
      21908 312.688516  -62.22478  -58.19723     -1.087    1448.69     89.000     88.127    -0.5608    -0.5595     0.0013    -0.5635    -0.5622     0.0013   2.809647   2.809683   0.000038    34.3257    34.3248     7.1034    27.5890    27.5882    34.3255    27.5888    1447.08    1447.09    -0.5634  1028.0193    34.4918 0.0000e+00
      21930 312.688527  -62.22478  -58.19721     -1.112    1448.69     88.000     87.137    -0.5612    -0.5600     0.0012    -0.5639    -0.5627     0.0012   2.809597   2.809591  -0.000004    34.3261    34.3247     7.1043    27.5893    27.5881    34.3259    27.5891    1447.07    1447.07    -0.5638  1028.0149    34.4922 0.0000e+00
      21959 312.688541  -62.22477  -58.19719     -0.929    1448.69     87.000     86.147    -0.5609    -0.5598     0.0011    -0.5636    -0.5625     0.0011   2.809590   2.809576  -0.000015    34.3263    34.3248     7.1051    27.5895    27.5882    34.3262    27.5893    1447.05    1447.06    -0.5635  1028.0103    34.4925 0.0000e+00
      22004 312.688562  -62.22477  -58.19717     -0.528    1448.69     86.000     85.156    -0.5612    -0.5600     0.0012    -0.5638    -0.5626     0.0012   2.809508   2.809521   0.000015    34.3261    34.3250     7.1057    27.5893    27.5883    34.3260    27.5892    1447.03    1447.04    -0.5638  1028.0054    34.4923 0.0000e+00
      22037 312.688578  -62.22478  -58.19716     -0.643    1448.69     85.000     84.167    -0.5618    -0.5604     0.0014    -0.5644    -0.5630     0.0014   2.809359   2.809395   0.000038    34.3255    34.3244     7.0992    27.5888    27.5879    34.3252    27.5886    1447.02    1447.02    -0.5643  1028.0000    34.4915 0.0000e+00
      22058 312.688588  -62.22478  -58.19714     -0.941    1448.69     84.000     83.177    -0.5626    -0.5619     0.0007    -0.5651    -0.5644     0.0007   2.809163   2.809123  -0.000042    34.3245    34.3231     7.0988    27.5880    27.5869    34.3241    27.5877    1446.99    1447.00    -0.5651  1027.9944    34.4904 0.0000e+00
      22076 312.688597  -62.22478  -58.19713     -1.186    1448.69     83.000     82.186    -0.5629    -0.5613     0.0016    -0.5654    -0.5638     0.0016   2.809111   2.809141   0.000026    34.3244    34.3230     7.1009    27.5880    27.5868    34.3243    27.5879    1446.98    1446.98    -0.5654  1027.9898    34.4906 0.0000e+00
      22094 312.688606  -62.22478  -58.19712     -1.318    1448.69     82.000     81.196    -0.5615    -0.5603     0.0012    -0.5640    -0.5628     0.0012   2.809193   2.809202   0.000013    34.3245    34.3233     7.1029    27.5880    27.5870    34.3245    27.5880    1446.97    1446.97    -0.5639  1027.9850    34.4907 0.0000e+00
      22114 312.688615  -62.22478  -58.19710     -1.287    1448.69     81.000     80.207    -0.5609    -0.5600     0.0009    -0.5633    -0.5624     0.0009   2.809215   2.809203  -0.000008    34.3248    34.3237     7.1080    27.5882    27.5873    34.3248    27.5882    1446.95    1446.96    -0.5633  1027.9804    34.4910 0.0000e+00
      22143 312.688629  -62.22478  -58.19708     -0.983    1448.69     80.000     79.217    -0.5618    -0.5608     0.0010    -0.5642    -0.5633     0.0010   2.809082   2.809074  -0.000011    34.3248    34.3235     7.1186    27.5883    27.5872    34.3246    27.5881    1446.93    1446.94    -0.5642  1027.9756    34.4908 0.0000e+00
      22181 312.688648  -62.22478  -58.19706     -0.631    1448.69     79.000     78.226    -0.5630    -0.5625     0.0005    -0.5654    -0.5649     0.0005   2.808900   2.808863  -0.000037    34.3245    34.3234     7.1239    27.5880    27.5871    34.3242    27.5878    1446.91    1446.91    -0.5654  1027.9705    34.4904 0.0000e+00
      22212 312.688663  -62.22478  -58.19706     -0.704    1448.69     78.000     77.237    -0.5647    -0.5637     0.0010    -0.5671    -0.5660     0.0010   2.808687   2.808673  -0.000011    34.3240    34.3227     7.1219    27.5877    27.5866    34.3238    27.5876    1446.88    1446.89    -0.5670  1027.9655    34.4900 0.0000e+00
      22236 312.688674  -62.22478  -58.19704     -0.914    1448.69     77.000     76.247    -0.5659    -0.5650     0.0010    -0.5683    -0.5673     0.0010   2.808474   2.808485   0.000013    34.3233    34.3224     7.1265    27.5872    27.5864    34.3230    27.5870    1446.86    1446.87    -0.5682  1027.9601    34.4891 0.0000e+00
      22258 312.688685  -62.22478  -58.19702     -1.056    1448.69     76.000     75.256    -0.5662    -0.5653     0.0008    -0.5685    -0.5676     0.0008   2.808425   2.808412  -0.000011    34.3234    34.3223     7.1281    27.5873    27.5864    34.3232    27.5872    1446.85    1446.85    -0.5684  1027.9554    34.4893 0.0000e+00
      22284 312.688697  -62.22478  -58.19700     -1.001    1448.69     75.000     74.266    -0.5663    -0.5652     0.0011    -0.5686    -0.5674     0.0011   2.808398   2.808387  -0.000013    34.3237    34.3223     7.1333    27.5876    27.5864    34.3236    27.5875    1446.83    1446.83    -0.5685  1027.9510    34.4897 0.0000e+00
      22318 312.688714  -62.22478  -58.19699     -0.746    1448.69     74.000     73.276    -0.5665    -0.5655     0.0009    -0.5687    -0.5678     0.0009   2.808310   2.808315   0.000002    34.3235    34.3224     7.1394    27.5874    27.5865    34.3232    27.5872    1446.81    1446.82    -0.5687  1027.9459    34.4893 0.0000e+00
      22352 312.688730  -62.22478  -58.19698     -0.674    1448.69     73.000     72.286    -0.5683    -0.5666     0.0016    -0.5705    -0.5689     0.0016   2.808070   2.808134   0.000071    34.3230    34.3221     7.1454    27.5870    27.5862    34.3226    27.5868    1446.79    1446.79    -0.5705  1027.9407    34.4887 0.0000e+00
      22375 312.688741  -62.22478  -58.19696     -0.876    1448.69     72.000     71.296    -0.5686    -0.5671     0.0015    -0.5708    -0.5693     0.0015   2.807973   2.808018   0.000031    34.3227    34.3214     7.1387    27.5868    27.5857    34.3223    27.5865    1446.77    1446.77    -0.5707  1027.9357    34.4884 0.0000e+00
      22396 312.688751  -62.22478  -58.19694     -1.084    1448.69     71.000     70.306    -0.5700    -0.5688     0.0012    -0.5721    -0.5709     0.0012   2.807780   2.807799   0.000033    34.3221    34.3212     7.1282    27.5865    27.5856    34.3220    27.5863    1446.74    1446.75    -0.5721  1027.9307    34.4880 0.0000e+00
      22416 312.688761  -62.22478  -58.19693     -1.178    1448.69     70.000     69.316    -0.5686    -0.5684     0.0003    -0.5707    -0.5705     0.0003   2.807893   2.807797  -0.000091    34.3225    34.3210     7.1303    27.5867    27.5855    34.3225    27.5867    1446.74    1446.73    -0.5707  1027.9263    34.4886 0.0000e+00
      22441 312.688773  -62.22478  -58.19691     -1.084    1448.69     69.000     68.326    -0.5668    -0.5674    -0.0006    -0.5688    -0.5695    -0.0006   2.808026   2.807868  -0.000148    34.3228    34.3215     7.1403    27.5868    27.5858    34.3228    27.5868    1446.73    1446.72    -0.5688  1027.9217    34.4889 0.0000e+00
      22474 312.688789  -62.22478  -58.19689     -0.787    1448.69     68.000     67.336    -0.5646    -0.5676    -0.0030    -0.5667    -0.5696    -0.0030   2.808181   2.807802  -0.000363    34.3230    34.3214     7.1408    27.5869    27.5858    34.3231    27.5870    1446.72    1446.71    -0.5666  1027.9170    34.4891 0.0000e+00
      22509 312.688806  -62.22479  -58.19687     -0.661    1448.69     67.000     66.346    -0.5635    -0.5642    -0.0007    -0.5655    -0.5662    -0.0007   2.808280   2.808087  -0.000206    34.3236    34.3216     7.1366    27.5873    27.5857    34.3237    27.5874    1446.71    1446.71    -0.5655  1027.9127    34.4898 0.0000e+00
      22539 312.688821  -62.22480  -58.19686     -0.762    1448.69     66.000     65.356    -0.5623    -0.5622     0.0001    -0.5643    -0.5642     0.0001   2.808346   2.808235  -0.000115    34.3238    34.3221     7.1436    27.5874    27.5861    34.3239    27.5875    1446.70    1446.70    -0.5643  1027.9080    34.4900 0.0000e+00
      22568 312.688834  -62.22480  -58.19684     -0.844    1448.69     65.000     64.366    -0.5616    -0.5604     0.0012    -0.5636    -0.5624     0.0012   2.808380   2.808377  -0.000002    34.3241    34.3227     7.1324    27.5876    27.5864    34.3243    27.5878    1446.69    1446.69    -0.5635  1027.9035    34.4903 0.0000e+00
      22599 312.688849  -62.22480  -58.19683     -0.791    1448.69     64.000     63.376    -0.5606    -0.5602     0.0004    -0.5625    -0.5621     0.0004   2.808418   2.808365  -0.000059    34.3241    34.3229     7.1259    27.5876    27.5866    34.3242    27.5877    1446.68    1446.68    -0.5625  1027.8985    34.4902 0.0000e+00
      22628 312.688863  -62.22480  -58.19681     -0.793    1448.69     63.000     62.386    -0.5638    -0.5650    -0.0012    -0.5657    -0.5669    -0.0012   2.807901   2.807796  -0.000163    34.3235    34.3227     7.1206    27.5873    27.5867    34.3215    27.5857    1446.64    1446.64    -0.5657  1027.8918    34.4875 0.0000e+00
      22653 312.688876  -62.22480  -58.19679     -0.898    1448.69     62.000     61.396    -0.5886    -0.5782     0.0104    -0.5905    -0.5801     0.0104   2.805431   2.806405   0.001006    34.3184    34.3202     7.1234    27.5843    27.5852    34.3170    27.5831    1446.50    1446.56    -0.5904  1027.8844    34.4829 0.0000e+00
      22678 312.688888  -62.22480  -58.19677     -0.959    1448.69     61.000     60.405    -0.5921    -0.5903     0.0018    -0.5939    -0.5922     0.0018   2.805115   2.805176   0.000070    34.3184    34.3173     7.1136    27.5844    27.5834    34.3173    27.5835    1446.47    1446.48    -0.5939  1027.8801    34.4832 0.0000e+00
      22706 312.688901  -62.22480  -58.19676     -0.919    1448.69     60.000     59.415    -0.5945    -0.5908     0.0038    -0.5963    -0.5926     0.0037   2.804835   2.805140   0.000261    34.3177    34.3169     7.1289    27.5839    27.5831    34.3169    27.5832    1446.45    1446.46    -0.5963  1027.8751    34.4828 0.0000e+00
      22740 312.688917  -62.22480  -58.19674     -0.743    1448.69     59.000     58.425    -0.5917    -0.5839     0.0078    -0.5935    -0.5857     0.0078   2.805034   2.805742   0.000687    34.3177    34.3181     7.1788    27.5838    27.5838    34.3170    27.5832    1446.44    1446.48    -0.5934  1027.8702    34.4829 0.0000e+00
      22778 312.688936  -62.22480  -58.19673     -0.619    1448.69     58.000     57.438    -0.6052    -0.6000     0.0052    -0.6069    -0.6017     0.0052   2.803540   2.804025   0.000507    34.3148    34.3158     7.2215    27.5821    27.5826    34.3127    27.5804    1446.36    1446.38    -0.6069  1027.8626    34.4786 0.0000e+00
      22807 312.688950  -62.22480  -58.19670     -0.753    1448.69     57.000     56.438    -0.6169    -0.6129     0.0040    -0.6186    -0.6146     0.0040   2.802376   2.802695   0.000356    34.3124    34.3127     7.2272    27.5806    27.5806    34.3109    27.5794    1446.28    1446.30    -0.6186  1027.8569    34.4768 0.0000e+00
      22829 312.688960  -62.22480  -58.19668     -0.959    1448.69     56.000     55.455    -0.6194    -0.6198    -0.0004    -0.6210    -0.6214    -0.0004   2.802021   2.801968  -0.000069    34.3112    34.3108     7.2270    27.5797    27.5794    34.3095    27.5784    1446.25    1446.25    -0.6210  1027.8511    34.4754 0.0000e+00
      22850 312.688970  -62.22480  -58.19666     -1.099    1448.69     55.000     54.465    -0.6215    -0.6197     0.0017    -0.6231    -0.6214     0.0017   2.801826   2.801903   0.000086    34.3109    34.3101     7.2420    27.5796    27.5789    34.3099    27.5788    1446.23    1446.24    -0.6231  1027.8467    34.4758 0.0000e+00
      22874 312.688982  -62.22480  -58.19666     -1.091    1448.69     54.000     53.474    -0.6221    -0.6201     0.0020    -0.6238    -0.6217     0.0020   2.801698   2.801833   0.000118    34.3106    34.3099     7.2788    27.5794    27.5787    34.3095    27.5785    1446.21    1446.22    -0.6237  1027.8417    34.4754 0.0000e+00
      22903 312.688996  -62.22482  -58.19664     -0.892    1448.69     53.000     52.484    -0.6226    -0.6186     0.0041    -0.6242    -0.6201     0.0041   2.801607   2.801930   0.000321    34.3104    34.3100     7.3262    27.5792    27.5788    34.3095    27.5785    1446.19    1446.21    -0.6241  1027.8369    34.4753 0.0000e+00
      22941 312.689014  -62.22481  -58.19663     -0.648    1448.69     52.000     51.494    -0.6222    -0.6196     0.0027    -0.6238    -0.6211     0.0027   2.801602   2.801784   0.000190    34.3102    34.3098     7.3588    27.5790    27.5786    34.3096    27.5785    1446.18    1446.19    -0.6237  1027.8321    34.4754 0.0000e+00
      22978 312.689032  -62.22480  -58.19660     -0.626    1448.69     51.000     50.504    -0.6234    -0.6221     0.0013    -0.6249    -0.6236     0.0013   2.801447   2.801467   0.000029    34.3101    34.3089     7.3681    27.5790    27.5780    34.3094    27.5785    1446.15    1446.16    -0.6249  1027.8273    34.4752 0.0000e+00
      23005 312.689045  -62.22481  -58.19658     -0.799    1448.69     50.000     49.514    -0.6250    -0.6236     0.0014    -0.6265    -0.6251     0.0014   2.801240   2.801276   0.000034    34.3099    34.3087     7.3698    27.5789    27.5779    34.3092    27.5783    1446.13    1446.14    -0.6265  1027.8223    34.4750 0.0000e+00
      23029 312.689057  -62.22482  -58.19658     -0.964    1448.69     49.000     48.524    -0.6261    -0.6247     0.0014    -0.6276    -0.6261     0.0014   2.801105   2.801153   0.000060    34.3097    34.3088     7.3739    27.5788    27.5780    34.3092    27.5784    1446.11    1446.11    -0.6275  1027.8176    34.4750 0.0000e+00
