Pos-Processados/process_op42/operantar42_023.ros
* Sea-Bird SBE 9 Data File:
* FileName = C:\Users\Hidrografia\Desktop\OPXLII\Brutos\OP42023.hdr
* Software Version Seasave V 7.26.7.107
* Temperature SN = 6502
* Conductivity SN = 4998
* Number of Bytes Per Scan = 37
* Number of Voltage Words = 4
* Number of Scans Averaged by the Deck Unit = 1
* NMEA Latitude = 62 09.26 S
* NMEA Longitude = 058 24.38 W
* NMEA UTC (Time) = Nov 08 2023 09:02:28
* NMEA baud rate = 4800
** H41
** NPOALTEMAXIMIANO
** NUMERO DA ESTACAO (XXX) 023
** LAT (XX XX.XX S/N) 62 09.60 S
** LONG (XXX XX.XX W/E) 058 24.03 W
** DATAHORA (dd/mm/aaaa hh:mm Z) 08/11/2023 0901Z
** PROFUNDIDADE (m) 462
** OPERADOR CT FILIPE LOPES
# nquan = 24
# nvalues = 4123                                  
# units = specified
# name 0 = scan: Scan Count
# name 1 = timeJ: Julian Days
# name 2 = latitude: Latitude [deg]
# name 3 = longitude: Longitude [deg]
# name 4 = dz/dtM: Descent Rate [m/s]
# name 5 = avgsvCM: Average Sound Velocity [Chen-Millero, m/s]
# name 6 = prDM: Pressure, Digiquartz [db]
# name 7 = depSM: Depth [salt water, m]
# name 8 = t090C: Temperature [ITS-90, deg C]
# name 9 = t190C: Temperature, 2 [ITS-90, deg C]
# name 10 = T2-T190C: Temperature Difference, 2 - 1 [ITS-90, deg C]
# name 11 = potemp090C: Potential Temperature [ITS-90, deg C]
# name 12 = potemp190C: Potential Temperature, 2 [ITS-90, deg C]
# name 13 = potemp90Cdiff: Potential Temperature, Diff, 2 - 1 [ITS-90, deg C]
# name 14 = c0S/m: Conductivity [S/m]
# name 15 = c1S/m: Conductivity, 2 [S/m]
# name 16 = C2-C1S/m: Conductivity Difference, 2 - 1 [S/m]
# name 17 = sal00: Salinity, Practical [PSU]
# name 18 = sal11: Salinity, Practical, 2 [PSU]
# name 19 = sbeox0ML/L: Oxygen, SBE 43 [ml/l]
# name 20 = sigma-é00: Density [sigma-theta, kg/m^3]
# name 21 = sigma-é11: Density, 2 [sigma-theta, kg/m^3]
# name 22 = nbf: Bottles Fired
# name 23 = flag:  0.000e+00
# interval = seconds: 0.0416667
# start_time = Nov 08 2023 09:02:28 [NMEA time, header]
# bad_flag = -9.990e-29
*END*
[from data line 2838]
      36151 312.394146  -62.15430  -58.39280     -0.121    1448.49      1.870      1.852    -0.6087    -0.6082     0.0005    -0.6087    -0.6082     0.0005   2.799149   2.799056  -0.000093    34.2923    34.2905     7.5798    27.5639    27.5624         17  0.000e+00
      36152 312.394147  -62.15430  -58.39280     -0.125    1448.49      1.813      1.796    -0.6089    -0.6085     0.0005    -0.6090    -0.6085     0.0005   2.799075   2.799028  -0.000046    34.2916    34.2904     7.5739    27.5634    27.5624         17  0.000e+00
      36153 312.394147  -62.15430  -58.39280     -0.123    1448.49      1.918      1.900    -0.6088    -0.6083     0.0005    -0.6089    -0.6083     0.0005   2.798955   2.799062   0.000107    34.2898    34.2906     7.5735    27.5619    27.5625         17  0.000e+00
      36154 312.394148  -62.15430  -58.39280     -0.122    1448.49      1.813      1.796    -0.6089    -0.6082     0.0008    -0.6090    -0.6082     0.0008   2.798983   2.799056   0.000073    34.2904    34.2905     7.5728    27.5624    27.5624         17  0.000e+00
      36155 312.394148  -62.15430  -58.39280     -0.122    1448.49      1.870      1.852    -0.6088    -0.6085     0.0004    -0.6089    -0.6085     0.0004   2.799063   2.799051  -0.000013    34.2913    34.2907     7.5721    27.5631    27.5626         17  0.000e+00
      36156 312.394149  -62.15430  -58.39280     -0.125    1448.49      1.813      1.796    -0.6089    -0.6085     0.0005    -0.6090    -0.6085     0.0005   2.799166   2.799067  -0.000098    34.2928    34.2910     7.5725    27.5644    27.5628         17  0.000e+00
      36157 312.394149  -62.15430  -58.39280     -0.123    1448.49      1.870      1.852    -0.6090    -0.6085     0.0005    -0.6091    -0.6085     0.0005   2.799172   2.799096  -0.000076    34.2930    34.2913     7.5784    27.5644    27.5631         17  0.000e+00
      36158 312.394150  -62.15430  -58.39280     -0.124    1448.49      1.813      1.796    -0.6088    -0.6083     0.0005    -0.6088    -0.6083     0.0005   2.799183   2.799062  -0.000121    34.2929    34.2907     7.5723    27.5644    27.5626         17  0.000e+00
      36159 312.394150  -62.15430  -58.39280     -0.121    1448.49      1.870      1.852    -0.6088    -0.6085     0.0004    -0.6089    -0.6085     0.0004   2.799132   2.799067  -0.000064    34.2922    34.2909     7.5718    27.5638    27.5628         17  0.000e+00
      36160 312.394151  -62.15430  -58.39280     -0.118    1448.49      1.862      1.844    -0.6089    -0.6082     0.0008    -0.6090    -0.6082     0.0008   2.799029   2.799056   0.000027    34.2910    34.2905     7.5713    27.5628    27.5624         17  0.000e+00
      36161 312.394151  -62.15430  -58.39280     -0.114    1448.49      1.870      1.852    -0.6088    -0.6083     0.0005    -0.6089    -0.6083     0.0005   2.799023   2.799067   0.000044    34.2908    34.2907     7.5707    27.5627    27.5626         17  0.000e+00
      36162 312.394152  -62.15430  -58.39280     -0.113    1448.49      1.813      1.796    -0.6089    -0.6082     0.0008    -0.6090    -0.6082     0.0008   2.799069   2.799073   0.000004    34.2915    34.2907     7.5700    27.5633    27.5626         17  0.000e+00
      36163 312.394152  -62.15430  -58.39280     -0.105    1448.49      1.934      1.915    -0.6091    -0.6082     0.0009    -0.6092    -0.6082     0.0009   2.799143   2.799079  -0.000064    34.2927    34.2907     7.5696    27.5642    27.5626         17  0.000e+00
      36164 312.394153  -62.15430  -58.39278     -0.108    1448.49      1.813      1.796    -0.6086    -0.6079     0.0007    -0.6087    -0.6079     0.0007   2.799183   2.799056  -0.000127    34.2927    34.2902     7.5687    27.5642    27.5621         17  0.000e+00
      36165 312.394153  -62.15430  -58.39278     -0.102    1448.49      1.869      1.852    -0.6087    -0.6080     0.0007    -0.6087    -0.6080     0.0007   2.799211   2.799090  -0.000122    34.2931    34.2907     7.5692    27.5646    27.5626         17  0.000e+00
      36166 312.394154  -62.15430  -58.39278     -0.096    1448.49      1.869      1.851    -0.6088    -0.6079     0.0009    -0.6088    -0.6079     0.0009   2.799154   2.799140  -0.000014    34.2925    34.2913     7.5687    27.5640    27.5630         17  0.000e+00
      36167 312.394154  -62.15430  -58.39278     -0.086    1448.49      1.934      1.915    -0.6087    -0.6074     0.0013    -0.6087    -0.6075     0.0013   2.799057   2.799135   0.000077    34.2910    34.2906     7.5694    27.5628    27.5625         17  0.000e+00
      36168 312.394155  -62.15430  -58.39278     -0.083    1448.49      1.861      1.843    -0.6088    -0.6075     0.0013    -0.6088    -0.6076     0.0013   2.799035   2.799146   0.000111    34.2909    34.2909     7.5763    27.5627    27.5627         17  0.000e+00
      36169 312.394155  -62.15430  -58.39278     -0.080    1448.49      1.869      1.851    -0.6090    -0.6074     0.0016    -0.6091    -0.6075     0.0016   2.799069   2.799157   0.000088    34.2916    34.2909     7.5704    27.5633    27.5628         17  0.000e+00
      36170 312.394156  -62.15430  -58.39278     -0.069    1448.49      1.934      1.915    -0.6085    -0.6071     0.0014    -0.6085    -0.6072     0.0014   2.799120   2.799135   0.000015    34.2916    34.2903     7.5709    27.5634    27.5622         17  0.000e+00
      36171 312.394156  -62.15430  -58.39278     -0.062    1448.49      1.869      1.851    -0.6088    -0.6074     0.0014    -0.6089    -0.6075     0.0014   2.799217   2.799124  -0.000094    34.2934    34.2905     7.5778    27.5648    27.5624         17  0.000e+00
      36172 312.394157  -62.15430  -58.39278     -0.054    1448.49      1.934      1.915    -0.6088    -0.6074     0.0014    -0.6088    -0.6075     0.0014   2.799246   2.799124  -0.000122    34.2937    34.2905     7.5720    27.5650    27.5623         17  0.000e+00
      36173 312.394157  -62.15430  -58.39278     -0.046    1448.49      1.934      1.915    -0.6087    -0.6072     0.0014    -0.6087    -0.6073     0.0014   2.799143   2.799112  -0.000031    34.2921    34.2901     7.5727    27.5638    27.5621         17  0.000e+00
      36174 312.394158  -62.15430  -58.39278     -0.038    1448.49      1.934      1.915    -0.6089    -0.6074     0.0015    -0.6090    -0.6075     0.0015   2.799069   2.799124   0.000055    34.2915    34.2905     7.5723    27.5632    27.5623         17  0.000e+00
      36175 312.394158  -62.15430  -58.39278     -0.030    1448.49      1.934      1.915    -0.6088    -0.6071     0.0017    -0.6089    -0.6072     0.0017   2.799040   2.799163   0.000123    34.2909    34.2906     7.5719    27.5628    27.5625         17  0.000e+00
      36176 312.394158  -62.15430  -58.39278     -0.022    1448.49      1.974      1.955    -0.6089    -0.6069     0.0020    -0.6090    -0.6070     0.0020   2.798995   2.799163   0.000168    34.2904    34.2904     7.5790    27.5624    27.5623         17  0.000e+00
      36177 312.394159  -62.15430  -58.39278     -0.014    1448.49      1.934      1.915    -0.6088    -0.6067     0.0021    -0.6089    -0.6068     0.0021   2.799080   2.799191   0.000111    34.2915    34.2906     7.5731    27.5632    27.5625         17  0.000e+00
      36178 312.394159  -62.15430  -58.39278     -0.006    1448.49      1.934      1.915    -0.6088    -0.6062     0.0026    -0.6088    -0.6062     0.0026   2.799211   2.799247   0.000036    34.2932    34.2907     7.5726    27.5646    27.5625         17  0.000e+00
      36179 312.394160  -62.15430  -58.39278      0.009    1448.49      2.054      2.035    -0.6091    -0.6060     0.0031    -0.6092    -0.6060     0.0031   2.799206   2.799264   0.000058    34.2934    34.2907     7.5724    27.5648    27.5625         17  0.000e+00
      36180 312.394160  -62.15430  -58.39278      0.014    1448.49      1.934      1.915    -0.6088    -0.6054     0.0034    -0.6088    -0.6054     0.0034   2.799149   2.799281   0.000132    34.2923    34.2903     7.5718    27.5639    27.5621         17  0.000e+00
      36181 312.394161  -62.15430  -58.39278      0.023    1448.49      1.990      1.971    -0.6087    -0.6051     0.0036    -0.6087    -0.6052     0.0036   2.799137   2.799303   0.000166    34.2920    34.2902     7.5714    27.5637    27.5621         17  0.000e+00
      36182 312.394161  -62.15430  -58.39278      0.034    1448.49      1.990      1.971    -0.6089    -0.6054     0.0035    -0.6090    -0.6054     0.0035   2.799097   2.799332   0.000234    34.2918    34.2909     7.5775    27.5635    27.5627         17  0.000e+00
      36183 312.394162  -62.15430  -58.39278      0.045    1448.49      2.038      2.019    -0.6090    -0.6054     0.0036    -0.6091    -0.6055     0.0036   2.799046   2.799320   0.000274    34.2912    34.2908     7.5717    27.5630    27.5625         17  0.000e+00
      36184 312.394162  -62.15430  -58.39278      0.053    1448.49      1.990      1.971    -0.6088    -0.6051     0.0037    -0.6088    -0.6052     0.0037   2.799069   2.799309   0.000240    34.2912    34.2903     7.5775    27.5630    27.5621         17  0.000e+00
      36185 312.394163  -62.15430  -58.39278      0.061    1448.49      2.054      2.035    -0.6090    -0.6052     0.0038    -0.6091    -0.6053     0.0038   2.799143   2.799292   0.000149    34.2925    34.2902     7.5717    27.5640    27.5620         17  0.000e+00
      36186 312.394163  -62.15430  -58.39278      0.070    1448.49      1.990      1.971    -0.6085    -0.6051     0.0034    -0.6085    -0.6052     0.0034   2.799200   2.799292   0.000092    34.2927    34.2901     7.5774    27.5642    27.5619         17  0.000e+00
      36187 312.394164  -62.15430  -58.39278      0.078    1448.49      2.054      2.035    -0.6085    -0.6051     0.0034    -0.6086    -0.6052     0.0034   2.799200   2.799326   0.000126    34.2927    34.2905     7.5779    27.5642    27.5623         17  0.000e+00
      36188 312.394164  -62.15430  -58.39278      0.088    1448.49      2.054      2.035    -0.6086    -0.6049     0.0037    -0.6087    -0.6050     0.0037   2.799149   2.799258   0.000110    34.2921    34.2894     7.5784    27.5637    27.5614         17  0.000e+00
      36189 312.394165  -62.15430  -58.39278      0.095    1448.49      2.054      2.035    -0.6084    -0.6052     0.0032    -0.6084    -0.6053     0.0032   2.799097   2.799287   0.000189    34.2911    34.2901     7.5724    27.5629    27.5620         17  0.000e+00
      36190 312.394165  -62.15430  -58.39278      0.101    1448.49      2.054      2.034    -0.6081    -0.6054     0.0028    -0.6082    -0.6055     0.0028   2.799069   2.799253   0.000184    34.2905    34.2898     7.5792    27.5624    27.5618         17  0.000e+00
      36191 312.394166  -62.15430  -58.39278      0.105    1448.49      2.038      2.019    -0.6082    -0.6054     0.0028    -0.6083    -0.6055     0.0028   2.799137   2.799292   0.000155    34.2915    34.2904     7.5731    27.5632    27.5622         17  0.000e+00
      36192 312.394166  -62.15430  -58.39278      0.110    1448.49      2.054      2.034    -0.6080    -0.6057     0.0023    -0.6081    -0.6057     0.0023   2.799200   2.799275   0.000075    34.2921    34.2905     7.5799    27.5637    27.5623         17  0.000e+00
      36193 312.394167  -62.15430  -58.39278      0.122    1448.49      2.111      2.090    -0.6083    -0.6056     0.0027    -0.6084    -0.6056     0.0027   2.799274   2.799281   0.000007    34.2934    34.2904     7.5739    27.5648    27.5622         17  0.000e+00
      36194 312.394167  -62.15430  -58.39278      0.126    1448.49      2.054      2.034    -0.6082    -0.6060     0.0022    -0.6083    -0.6060     0.0022   2.799280   2.799264  -0.000016    34.2934    34.2907     7.5732    27.5648    27.5625         17  0.000e+00
      36195 312.394168  -62.15430  -58.39278      0.133    1448.49      2.111      2.090    -0.6081    -0.6059     0.0023    -0.6082    -0.6059     0.0023   2.799154   2.799242   0.000087    34.2916    34.2902     7.5727    27.5633    27.5621         17  0.000e+00
      36196 312.394168  -62.15430  -58.39278      0.139    1448.49      2.111      2.090    -0.6084    -0.6060     0.0024    -0.6084    -0.6060     0.0024   2.799132   2.799253   0.000121    34.2916    34.2905     7.5796    27.5633    27.5623         17  0.000e+00
      36197 312.394169  -62.15430  -58.39278      0.145    1448.49      2.111      2.090    -0.6083    -0.6060     0.0023    -0.6084    -0.6060     0.0023   2.799035   2.799264   0.000229    34.2902    34.2906     7.5747    27.5622    27.5624         17  0.000e+00
      36198 312.394169  -62.15430  -58.39278      0.143    1448.49      2.054      2.034    -0.6084    -0.6062     0.0022    -0.6084    -0.6062     0.0022   2.799109   2.799236   0.000127    34.2913    34.2905     7.5740    27.5631    27.5623         17  0.000e+00
      36199 312.394170  -62.15430  -58.39278      0.151    1448.49      2.151      2.130    -0.6081    -0.6060     0.0022    -0.6082    -0.6060     0.0022   2.799137   2.799253   0.000116    34.2913    34.2905     7.5745    27.5631    27.5623         17  0.000e+00
      36200 312.394170  -62.15430  -58.39278      0.154    1448.49      2.110      2.090    -0.6084    -0.6059     0.0025    -0.6084    -0.6059     0.0025   2.799240   2.799242   0.000002    34.2930    34.2902     7.5813    27.5645    27.5621         17  0.000e+00
      36201 312.394171  -62.15430  -58.39278      0.151    1448.49      2.054      2.034    -0.6081    -0.6059     0.0023    -0.6082    -0.6059     0.0023   2.799291   2.799253  -0.000038    34.2935    34.2904     7.5817    27.5648    27.5622         17  0.000e+00
      36202 312.394171  -62.15430  -58.39278      0.157    1448.49      2.110      2.090    -0.6084    -0.6057     0.0027    -0.6084    -0.6057     0.0027   2.799217   2.799264   0.000047    34.2927    34.2903     7.5822    27.5642    27.5621         17  0.000e+00
      36203 312.394171  -62.15430  -58.39278      0.156    1448.49      2.110      2.090    -0.6081    -0.6057     0.0025    -0.6082    -0.6057     0.0025   2.799132   2.799281   0.000149    34.2913    34.2905     7.5826    27.5631    27.5623         17  0.000e+00
      36204 312.394172  -62.15430  -58.39278      0.161    1448.49      2.167      2.146    -0.6080    -0.6054     0.0026    -0.6081    -0.6055     0.0026   2.799052   2.799247   0.000195    34.2901    34.2897     7.5767    27.5621    27.5617         17  0.000e+00
      36205 312.394172  -62.15430  -58.39278      0.158    1448.49      2.110      2.090    -0.6081    -0.6057     0.0025    -0.6082    -0.6057     0.0025   2.799092   2.799253   0.000161    34.2908    34.2901     7.5759    27.5626    27.5620         17  0.000e+00
      36206 312.394173  -62.15430  -58.39278      0.158    1448.49      2.110      2.090    -0.6080    -0.6057     0.0023    -0.6081    -0.6057     0.0023   2.799092   2.799242   0.000150    34.2906    34.2900     7.5763    27.5625    27.5619         17  0.000e+00
      36207 312.394173  -62.15430  -58.39278      0.153    1448.49      2.094      2.074    -0.6080    -0.6062     0.0019    -0.6081    -0.6062     0.0019   2.799183   2.799253   0.000070    34.2919    34.2907     7.5756    27.5635    27.5625         17  0.000e+00
      36208 312.394174  -62.15430  -58.39278      0.152    1448.49      2.110      2.090    -0.6079    -0.6063     0.0016    -0.6080    -0.6064     0.0016   2.799274   2.799259  -0.000016    34.2930    34.2910     7.5749    27.5644    27.5627         17  0.000e+00
      36209 312.394174  -62.15430  -58.39278      0.150    1448.49      2.110      2.090    -0.6081    -0.6063     0.0018    -0.6082    -0.6064     0.0018   2.799280   2.799219  -0.000061    34.2933    34.2904     7.5743    27.5647    27.5623         17  0.000e+00
      36210 312.394175  -62.15430  -58.39278      0.147    1448.49      2.110      2.090    -0.6080    -0.6063     0.0017    -0.6081    -0.6064     0.0017   2.799172   2.799225   0.000053    34.2917    34.2905     7.5801    27.5634    27.5623         17  0.000e+00
