Pos-Processados/process_op42/operantar42_003.ros
* Sea-Bird SBE 9 Data File:
* FileName = C:\Users\Hidrografia\Desktop\OPXLII\Brutos\OP42003.hdr
* Software Version Seasave V 7.26.7.107
* Temperature SN = 6502
* Conductivity SN = 4998
* Number of Bytes Per Scan = 37
* Number of Voltage Words = 4
* Number of Scans Averaged by the Deck Unit = 1
* NMEA Latitude = 38 28.81 S
* NMEA Longitude = 052 09.38 W
* NMEA UTC (Time) = Oct 16 2023 14:11:02
* NMEA baud rate = 4800
** H41
** NPOALTEMAXIMIANO
** NUMERO DA ESTACAO (XXX) 003
** LAT (XX XX.XX S/N) 38 28,767 S
** LONG (XXX XX.XX W/E) 052 09,375 W
** DATAHORA (dd/mm/aaaa hh:mm Z) 16/10/2023 1410 Z
** PROFUNDIDADE (m) 4597
** OPERADOR CHEOPE
# nquan = 24
# nvalues = 3877                                  
# units = specified
# name 0 = scan: Scan Count
# name 1 = timeJ: Julian Days
# name 2 = latitude: Latitude [deg]
# name 3 = longitude: Longitude [deg]
# name 4 = dz/dtM: Descent Rate [m/s]
# name 5 = avgsvCM: Average Sound Velocity [Chen-Millero, m/s]
# name 6 = prDM: Pressure, Digiquartz [db]
# name 7 = depSM: Depth [salt water, m]
# name 8 = t090C: Temperature [ITS-90, deg C]
# name 9 = t190C: Temperature, 2 [ITS-90, deg C]
# name 10 = T2-T190C: Temperature Difference, 2 - 1 [ITS-90, deg C]
# name 11 = potemp090C: Potential Temperature [ITS-90, deg C]
# name 12 = potemp190C: Potential Temperature, 2 [ITS-90, deg C]
# name 13 = potemp90Cdiff: Potential Temperature, Diff, 2 - 1 [ITS-90, deg C]
# name 14 = c0S/m: Conductivity [S/m]
# name 15 = c1S/m: Conductivity, 2 [S/m]
# name 16 = C2-C1S/m: Conductivity Difference, 2 - 1 [S/m]
# name 17 = sal00: Salinity, Practical [PSU]
# name 18 = sal11: Salinity, Practical, 2 [PSU]
# name 19 = sbeox0ML/L: Oxygen, SBE 43 [ml/l]
# name 20 = sigma-é00: Density [sigma-theta, kg/m^3]
# name 21 = sigma-é11: Density, 2 [sigma-theta, kg/m^3]
# name 22 = nbf: Bottles Fired
# name 23 = flag:  0.000e+00
# interval = seconds: 0.0416667
# start_time = Oct 16 2023 14:11:02 [NMEA time, header]
# bad_flag = -9.990e-29
*END*
[from data line 3019]
      68247 289.623907  -38.50144  -52.15730      0.043    1503.29     43.111     42.782    18.6849    18.6855     0.0006    18.6773    18.6779     0.0006   4.809146   4.809483   0.000337    36.2544    36.2567     5.1732    26.0629    26.0645         19  0.000e+00
      68248 289.623908  -38.50144  -52.15730      0.051    1503.29     43.111     42.782    18.6848    18.6855     0.0008    18.6771    18.6779     0.0008   4.809160   4.809434   0.000274    36.2546    36.2563     5.1729    26.0631    26.0642         19  0.000e+00
      68249 289.623908  -38.50144  -52.15730      0.055    1503.29     43.111     42.782    18.6848    18.6855     0.0008    18.6771    18.6779     0.0008   4.809139   4.809441   0.000302    36.2545    36.2563     5.1726    26.0630    26.0642         19  0.000e+00
      68250 289.623909  -38.50144  -52.15730      0.061    1503.29     43.135     42.806    18.6848    18.6855     0.0007    18.6771    18.6778     0.0007   4.809132   4.809420   0.000288    36.2544    36.2562     5.1724    26.0629    26.0641         19  0.000e+00
      68251 289.623909  -38.50144  -52.15730      0.064    1503.29     43.111     42.782    18.6849    18.6855     0.0006    18.6773    18.6779     0.0006   4.809160   4.809413   0.000253    36.2545    36.2561     5.1684    26.0629    26.0640         19  0.000e+00
      68252 289.623910  -38.50144  -52.15730      0.071    1503.29     43.176     42.846    18.6848    18.6854     0.0006    18.6771    18.6777     0.0006   4.809231   4.809441   0.000210    36.2552    36.2565     5.1679    26.0635    26.0644         19  0.000e+00
      68253 289.623910  -38.50144  -52.15730      0.078    1503.29     43.176     42.846    18.6848    18.6854     0.0006    18.6771    18.6777     0.0006   4.809160   4.809455   0.000295    36.2546    36.2566     5.1674    26.0631    26.0645         19  0.000e+00
      68254 289.623911  -38.50144  -52.15730      0.082    1503.29     43.176     42.846    18.6848    18.6855     0.0008    18.6771    18.6779     0.0008   4.809132   4.809448   0.000316    36.2544    36.2564     5.1669    26.0629    26.0642         19  0.000e+00
      68255 289.623911  -38.50144  -52.15730      0.092    1503.29     43.176     42.846    18.6848    18.6855     0.0008    18.6771    18.6779     0.0008   4.809160   4.809483   0.000323    36.2546    36.2567     5.1664    26.0631    26.0645         19  0.000e+00
      68256 289.623912  -38.50144  -52.15730      0.097    1503.29     43.176     42.846    18.6846    18.6855     0.0009    18.6769    18.6779     0.0009   4.809139   4.809462   0.000323    36.2546    36.2565     5.1659    26.0631    26.0643         19  0.000e+00
      68257 289.623912  -38.50144  -52.15730      0.106    1503.29     43.232     42.902    18.6848    18.6857     0.0009    18.6771    18.6780     0.0009   4.809188   4.809483   0.000294    36.2548    36.2565     5.1655    26.0633    26.0643         19  0.000e+00
      68258 289.623913  -38.50144  -52.15730      0.110    1503.29     43.176     42.846    18.6848    18.6854     0.0006    18.6771    18.6777     0.0006   4.809181   4.809490   0.000309    36.2548    36.2569     5.1650    26.0632    26.0647         19  0.000e+00
      68259 289.623913  -38.50144  -52.15730      0.119    1503.29     43.256     42.926    18.6846    18.6855     0.0009    18.6769    18.6779     0.0009   4.809174   4.809462   0.000288    36.2549    36.2565     5.1610    26.0633    26.0643         19  0.000e+00
      68260 289.623913  -38.50144  -52.15730      0.125    1503.29     43.232     42.902    18.6848    18.6857     0.0009    18.6771    18.6780     0.0009   4.809174   4.809483   0.000309    36.2547    36.2565     5.1602    26.0632    26.0643         19  0.000e+00
      68261 289.623914  -38.50144  -52.15730      0.128    1503.29     43.232     42.902    18.6848    18.6859     0.0011    18.6771    18.6782     0.0011   4.809139   4.809434   0.000295    36.2544    36.2559     5.1632    26.0629    26.0638         19  0.000e+00
      68262 289.623914  -38.50144  -52.15730      0.136    1503.29     43.288     42.958    18.6846    18.6854     0.0008    18.6769    18.6777     0.0008   4.809160   4.809476   0.000316    36.2547    36.2567     5.1592    26.0632    26.0646         19  0.000e+00
      68263 289.623915  -38.50144  -52.15730      0.142    1503.29     43.232     42.902    18.6842    18.6859     0.0016    18.6766    18.6782     0.0016   4.809111   4.809462   0.000351    36.2546    36.2562     5.1588    26.0632    26.0640         19  0.000e+00
      68264 289.623915  -38.50144  -52.15730      0.146    1503.29     43.288     42.958    18.6844    18.6855     0.0011    18.6768    18.6778     0.0011   4.809090   4.809455   0.000365    36.2543    36.2564     5.1585    26.0629    26.0643         19  0.000e+00
      68265 289.623916  -38.50144  -52.15730      0.156    1503.29     43.288     42.958    18.6842    18.6859     0.0016    18.6766    18.6782     0.0016   4.809153   4.809448   0.000295    36.2550    36.2560     5.1543    26.0635    26.0639         19  0.000e+00
      68266 289.623916  -38.50144  -52.15730      0.162    1503.29     43.288     42.958    18.6842    18.6855     0.0013    18.6765    18.6779     0.0013   4.809111   4.809483   0.000372    36.2546    36.2566     5.1536    26.0633    26.0644         19  0.000e+00
      68267 289.623917  -38.50144  -52.15730      0.168    1503.29     43.353     43.022    18.6840    18.6855     0.0015    18.6764    18.6778     0.0015   4.809090   4.809434   0.000345    36.2546    36.2562     5.1564    26.0633    26.0641         19  0.000e+00
      68268 289.623917  -38.50144  -52.15730      0.176    1503.29     43.288     42.958    18.6839    18.6854     0.0014    18.6762    18.6777     0.0014   4.809062   4.809476   0.000415    36.2545    36.2567     5.1562    26.0632    26.0646         20  0.000e+00
      68269 289.623918  -38.50144  -52.15730      0.177    1503.29     43.313     42.982    18.6840    18.6855     0.0015    18.6764    18.6779     0.0015   4.809076   4.809455   0.000380    36.2545    36.2564     5.1524    26.0632    26.0643         20  0.000e+00
      68270 289.623918  -38.50144  -52.15730      0.183    1503.29     43.353     43.022    18.6840    18.6854     0.0013    18.6764    18.6777     0.0013   4.809090   4.809448   0.000358    36.2546    36.2565     5.1556    26.0633    26.0644         20  0.000e+00
      68271 289.623919  -38.50144  -52.15730      0.189    1503.29     43.353     43.022    18.6841    18.6854     0.0013    18.6764    18.6777     0.0013   4.809090   4.809427   0.000338    36.2546    36.2563     5.1555    26.0632    26.0642         20  0.000e+00
      68272 289.623919  -38.50144  -52.15730      0.195    1503.29     43.353     43.022    18.6840    18.6854     0.0013    18.6764    18.6777     0.0013   4.809118   4.809441   0.000323    36.2548    36.2564     5.1518    26.0634    26.0643         20  0.000e+00
      68273 289.623920  -38.50144  -52.15730      0.202    1503.29     43.409     43.078    18.6842    18.6857     0.0015    18.6766    18.6780     0.0015   4.809097   4.809448   0.000351    36.2544    36.2561     5.1516    26.0631    26.0640         20  0.000e+00
      68274 289.623920  -38.50144  -52.15730      0.208    1503.29     43.409     43.078    18.6840    18.6854     0.0013    18.6763    18.6777     0.0013   4.809118   4.809448   0.000330    36.2548    36.2564     5.1513    26.0634    26.0644         20  0.000e+00
      68275 289.623921  -38.50144  -52.15730      0.210    1503.29     43.353     43.022    18.6844    18.6854     0.0009    18.6767    18.6777     0.0009   4.809069   4.809455   0.000387    36.2541    36.2565     5.1511    26.0628    26.0644         20  0.000e+00
      68276 289.623921  -38.50144  -52.15730      0.214    1503.29     43.409     43.078    18.6841    18.6855     0.0014    18.6764    18.6778     0.0014   4.809047   4.809455   0.000408    36.2542    36.2564     5.1510    26.0629    26.0642         20  0.000e+00
      68277 289.623922  -38.50144  -52.15730      0.217    1503.29     43.409     43.078    18.6842    18.6854     0.0011    18.6765    18.6777     0.0011   4.809139   4.809448   0.000309    36.2548    36.2564     5.1544    26.0634    26.0644         20  0.000e+00
      68278 289.623922  -38.50144  -52.15730      0.219    1503.29     43.409     43.078    18.6844    18.6851     0.0007    18.6767    18.6774     0.0007   4.809139   4.809427   0.000288    36.2546    36.2565     5.1546    26.0632    26.0644         20  0.000e+00
      68279 289.623923  -38.50144  -52.15730      0.222    1503.29     43.434     43.102    18.6842    18.6854     0.0011    18.6766    18.6777     0.0011   4.809132   4.809441   0.000309    36.2547    36.2564     5.1512    26.0633    26.0643         20  0.000e+00
      68280 289.623923  -38.50144  -52.15730      0.229    1503.29     43.474     43.142    18.6844    18.6854     0.0009    18.6767    18.6777     0.0009   4.809132   4.809393   0.000260    36.2546    36.2560     5.1548    26.0631    26.0640         20  0.000e+00
      68281 289.623924  -38.50144  -52.15730      0.230    1503.29     43.409     43.078    18.6842    18.6852     0.0010    18.6766    18.6775     0.0010   4.809097   4.809400   0.000303    36.2544    36.2562     5.1512    26.0631    26.0642         20  0.000e+00
      68282 289.623924  -38.50144  -52.15730      0.232    1503.29     43.474     43.142    18.6842    18.6854     0.0011    18.6765    18.6777     0.0011   4.809090   4.809413   0.000324    36.2544    36.2561     5.1549    26.0631    26.0641         20  0.000e+00
      68283 289.623925  -38.50144  -52.15730      0.232    1503.29     43.409     43.078    18.6844    18.6854     0.0009    18.6767    18.6777     0.0009   4.809118   4.809441   0.000323    36.2545    36.2564     5.1552    26.0631    26.0643         20  0.000e+00
      68284 289.623925  -38.50144  -52.15730      0.232    1503.29     43.474     43.142    18.6841    18.6852     0.0011    18.6764    18.6775     0.0011   4.809132   4.809393   0.000260    36.2549    36.2561     5.1556    26.0635    26.0641         20  0.000e+00
      68285 289.623926  -38.50144  -52.15730      0.235    1503.29     43.474     43.142    18.6844    18.6854     0.0009    18.6767    18.6777     0.0009   4.809132   4.809427   0.000295    36.2546    36.2562     5.1560    26.0631    26.0642         20  0.000e+00
      68286 289.623926  -38.50144  -52.15730      0.235    1503.29     43.530     43.198    18.6840    18.6854     0.0013    18.6763    18.6776     0.0013   4.809132   4.809448   0.000316    36.2549    36.2564     5.1565    26.0635    26.0643         20  0.000e+00
      68287 289.623927  -38.50144  -52.15730      0.235    1503.29     43.409     43.078    18.6842    18.6850     0.0008    18.6766    18.6774     0.0008   4.809097   4.809393   0.000296    36.2544    36.2562     5.1569    26.0631    26.0643         20  0.000e+00
      68288 289.623927  -38.50144  -52.15730      0.234    1503.29     43.530     43.198    18.6846    18.6850     0.0005    18.6769    18.6773     0.0005   4.809118   4.809407   0.000289    36.2543    36.2563     5.1575    26.0629    26.0643         20  0.000e+00
      68289 289.623927  -38.50144  -52.15730      0.230    1503.29     43.434     43.102    18.6842    18.6852     0.0010    18.6765    18.6775     0.0010   4.809132   4.809441   0.000309    36.2548    36.2565     5.1580    26.0634    26.0644         20  0.000e+00
      68290 289.623928  -38.50144  -52.15730      0.232    1503.29     43.530     43.198    18.6844    18.6855     0.0011    18.6767    18.6778     0.0011   4.809132   4.809427   0.000295    36.2545    36.2561     5.1586    26.0631    26.0640         20  0.000e+00
      68291 289.623928  -38.50144  -52.15730      0.231    1503.29     43.474     43.142    18.6846    18.6854     0.0008    18.6769    18.6777     0.0008   4.809132   4.809386   0.000254    36.2544    36.2559     5.1628    26.0630    26.0639         20  0.000e+00
      68292 289.623929  -38.50144  -52.15730      0.222    1503.29     43.474     43.142    18.6842    18.6853     0.0011    18.6766    18.6776     0.0011   4.809160   4.809434   0.000274    36.2550    36.2563     5.1637    26.0635    26.0643         20  0.000e+00
      68293 289.623929  -38.50144  -52.15730      0.224    1503.29     43.474     43.142    18.6846    18.6855     0.0009    18.6769    18.6778     0.0009   4.809139   4.809448   0.000309    36.2545    36.2563     5.1643    26.0630    26.0642         20  0.000e+00
      68294 289.623930  -38.50146  -52.15728      0.217    1503.29     43.474     43.142    18.6846    18.6854     0.0008    18.6769    18.6777     0.0008   4.809132   4.809427   0.000295    36.2544    36.2562     5.1650    26.0630    26.0642         20  0.000e+00
      68295 289.623930  -38.50146  -52.15728      0.213    1503.29     43.530     43.198    18.6844    18.6854     0.0009    18.6767    18.6776     0.0009   4.809097   4.809441   0.000344    36.2542    36.2563     5.1657    26.0629    26.0643         20  0.000e+00
      68296 289.623931  -38.50146  -52.15728      0.207    1503.29     43.474     43.142    18.6844    18.6854     0.0009    18.6767    18.6777     0.0009   4.809090   4.809420   0.000331    36.2542    36.2562     5.1664    26.0629    26.0642         20  0.000e+00
      68297 289.623931  -38.50146  -52.15728      0.201    1503.29     43.474     43.142    18.6846    18.6852     0.0006    18.6769    18.6775     0.0006   4.809153   4.809413   0.000260    36.2546    36.2562     5.1670    26.0631    26.0642         20  0.000e+00
      68298 289.623932  -38.50146  -52.15728      0.191    1503.29     43.434     43.102    18.6844    18.6855     0.0011    18.6767    18.6778     0.0011   4.809111   4.809476   0.000365    36.2544    36.2565     5.1677    26.0630    26.0644         20  0.000e+00
      68299 289.623932  -38.50146  -52.15728      0.185    1503.29     43.474     43.142    18.6844    18.6852     0.0008    18.6767    18.6775     0.0008   4.809118   4.809434   0.000316    36.2544    36.2564     5.1720    26.0631    26.0644         20  0.000e+00
      68300 289.623933  -38.50146  -52.15728      0.176    1503.29     43.474     43.142    18.6844    18.6852     0.0008    18.6767    18.6775     0.0008   4.809132   4.809413   0.000281    36.2546    36.2562     5.1691    26.0631    26.0642         20  0.000e+00
      68301 289.623933  -38.50146  -52.15728      0.170    1503.29     43.474     43.142    18.6846    18.6854     0.0008    18.6769    18.6777     0.0008   4.809132   4.809413   0.000281    36.2544    36.2561     5.1696    26.0630    26.0641         20  0.000e+00
      68302 289.623934  -38.50146  -52.15728      0.163    1503.29     43.474     43.142    18.6846    18.6852     0.0006    18.6769    18.6775     0.0006   4.809160   4.809420   0.000260    36.2547    36.2563     5.1736    26.0632    26.0643         20  0.000e+00
      68303 289.623934  -38.50146  -52.15728      0.152    1503.29     43.410     43.078    18.6844    18.6854     0.0009    18.6767    18.6777     0.0009   4.809139   4.809420   0.000281    36.2546    36.2562     5.1742    26.0632    26.0642         20  0.000e+00
      68304 289.623935  -38.50146  -52.15728      0.144    1503.29     43.474     43.142    18.6844    18.6852     0.0008    18.6767    18.6775     0.0008   4.809160   4.809413   0.000253    36.2548    36.2562     5.1750    26.0633    26.0642         20  0.000e+00
      68305 289.623935  -38.50146  -52.15728      0.132    1503.29     43.410     43.078    18.6844    18.6854     0.0009    18.6767    18.6777     0.0009   4.809196   4.809441   0.000246    36.2551    36.2564     5.1756    26.0636    26.0643         20  0.000e+00
      68306 289.623936  -38.50146  -52.15728      0.126    1503.29     43.474     43.142    18.6846    18.6853     0.0007    18.6769    18.6776     0.0007   4.809146   4.809427   0.000281    36.2545    36.2563     5.1763    26.0631    26.0642         20  0.000e+00
