Pos-Processados/process_op42/operantar42_028.ros
* Sea-Bird SBE 9 Data File:
* FileName = C:\Users\Hidrografia\Desktop\OPXLII\Brutos\OP42028.hdr
* Software Version Seasave V 7.26.7.107
* Temperature SN = 6502
* Conductivity SN = 4998
* Number of Bytes Per Scan = 37
* Number of Voltage Words = 4
* Number of Scans Averaged by the Deck Unit = 1
* NMEA Latitude = 62 18.54 S
* NMEA Longitude = 058 32.92 W
* NMEA UTC (Time) = Nov 08 2023 22:59:21
* NMEA baud rate = 4800
** H41
** NPOALTEMAXIMIANO
** NUMERO DA ESTACAO (XXX) 028
** LAT (XX XX.XX S/N) 62 18.530 S
** LONG (XXX XX.XX W/E) 058 32.937 W
** DATAHORA (dd/mm/aaaa hh:mm Z) 08/11/2023 2258Z
** PROFUNDIDADE (m) 339
** OPERADOR CT FABIREZA
# nquan = 24
# nvalues = 4132                                  
# units = specified
# name 0 = scan: Scan Count
# name 1 = timeJ: Julian Days
# name 2 = latitude: Latitude [deg]
# name 3 = longitude: Longitude [deg]
# name 4 = dz/dtM: Descent Rate [m/s]
# name 5 = avgsvCM: Average Sound Velocity [Chen-Millero, m/s]
# name 6 = prDM: Pressure, Digiquartz [db]
# name 7 = depSM: Depth [salt water, m]
# name 8 = t090C: Temperature [ITS-90, deg C]
# name 9 = t190C: Temperature, 2 [ITS-90, deg C]
# name 10 = T2-T190C: Temperature Difference, 2 - 1 [ITS-90, deg C]
# name 11 = potemp090C: Potential Temperature [ITS-90, deg C]
# name 12 = potemp190C: Potential Temperature, 2 [ITS-90, deg C]
# name 13 = potemp90Cdiff: Potential Temperature, Diff, 2 - 1 [ITS-90, deg C]
# name 14 = c0S/m: Conductivity [S/m]
# name 15 = c1S/m: Conductivity, 2 [S/m]
# name 16 = C2-C1S/m: Conductivity Difference, 2 - 1 [S/m]
# name 17 = sal00: Salinity, Practical [PSU]
# name 18 = sal11: Salinity, Practical, 2 [PSU]
# name 19 = sbeox0ML/L: Oxygen, SBE 43 [ml/l]
# name 20 = sigma-é00: Density [sigma-theta, kg/m^3]
# name 21 = sigma-é11: Density, 2 [sigma-theta, kg/m^3]
# name 22 = nbf: Bottles Fired
# name 23 = flag:  0.000e+00
# interval = seconds: 0.0416667
# start_time = Nov 08 2023 22:59:21 [NMEA time, header]
# bad_flag = -9.990e-29
*END*
[from data line 2174]
      31655 312.973147  -62.31676  -58.54418     -0.030    1448.73      2.775      2.748    -0.5586    -0.5575     0.0011    -0.5587    -0.5576     0.0011   2.803769   2.803726  -0.000043    34.2973    34.2955     7.4586    27.5657    27.5642         14  0.000e+00
      31656 312.973148  -62.31676  -58.54418     -0.045    1448.73      2.711      2.684    -0.5585    -0.5577     0.0008    -0.5586    -0.5578     0.0008   2.803741   2.803710  -0.000031    34.2969    34.2955     7.4579    27.5654    27.5643         14  0.000e+00
      31657 312.973148  -62.31676  -58.54418     -0.064    1448.73      2.702      2.676    -0.5584    -0.5574     0.0010    -0.5585    -0.5575     0.0010   2.803764   2.803721  -0.000043    34.2970    34.2953     7.4582    27.5655    27.5641         14  0.000e+00
      31658 312.973149  -62.31676  -58.54418     -0.079    1448.73      2.711      2.684    -0.5586    -0.5570     0.0015    -0.5587    -0.5571     0.0015   2.803838   2.803749  -0.000089    34.2982    34.2953     7.4585    27.5665    27.5641         14  0.000e+00
      31659 312.973149  -62.31676  -58.54418     -0.097    1448.73      2.654      2.629    -0.5584    -0.5572     0.0013    -0.5585    -0.5572     0.0013   2.803815   2.803760  -0.000055    34.2978    34.2956     7.4588    27.5661    27.5643         14  0.000e+00
      31660 312.973150  -62.31676  -58.54418     -0.114    1448.73      2.654      2.629    -0.5582    -0.5572     0.0010    -0.5583    -0.5573     0.0010   2.803804   2.803721  -0.000083    34.2974    34.2951     7.4591    27.5658    27.5640         14  0.000e+00
      31661 312.973150  -62.31676  -58.54418     -0.130    1448.73      2.654      2.629    -0.5582    -0.5572     0.0010    -0.5583    -0.5573     0.0010   2.803821   2.803704  -0.000117    34.2977    34.2949     7.4594    27.5660    27.5638         14  0.000e+00
      31662 312.973151  -62.31676  -58.54418     -0.150    1448.73      2.590      2.565    -0.5582    -0.5572     0.0010    -0.5583    -0.5573     0.0010   2.803809   2.803704  -0.000105    34.2975    34.2950     7.4650    27.5659    27.5638         14  0.000e+00
      31663 312.973151  -62.31676  -58.54418     -0.165    1448.73      2.590      2.565    -0.5581    -0.5572     0.0009    -0.5582    -0.5573     0.0009   2.803604   2.803721   0.000117    34.2946    34.2952     7.4600    27.5635    27.5640         14  0.000e+00
      31664 312.973152  -62.31676  -58.54418     -0.183    1448.73      2.590      2.565    -0.5581    -0.5570     0.0011    -0.5582    -0.5571     0.0011   2.803678   2.803709   0.000032    34.2956    34.2948     7.4603    27.5644    27.5637         14  0.000e+00
      31665 312.973152  -62.31676  -58.54418     -0.200    1448.73      2.533      2.509    -0.5581    -0.5573     0.0007    -0.5581    -0.5574     0.0007   2.803803   2.803721  -0.000083    34.2973    34.2954     7.4604    27.5657    27.5641         14  0.000e+00
      31666 312.973152  -62.31676  -58.54418     -0.216    1448.73      2.533      2.509    -0.5581    -0.5574     0.0007    -0.5581    -0.5575     0.0007   2.803832   2.803749  -0.000083    34.2977    34.2958     7.4606    27.5660    27.5645         14  0.000e+00
      31667 312.973153  -62.31676  -58.54418     -0.228    1448.73      2.590      2.565    -0.5581    -0.5569     0.0012    -0.5582    -0.5570     0.0012   2.803849   2.803760  -0.000089    34.2979    34.2954     7.4609    27.5663    27.5641         14  0.000e+00
      31668 312.973153  -62.31676  -58.54418     -0.245    1448.73      2.477      2.453    -0.5579    -0.5574     0.0005    -0.5580    -0.5575     0.0005   2.803878   2.803738  -0.000140    34.2981    34.2957     7.4610    27.5664    27.5644         14  0.000e+00
      31669 312.973154  -62.31676  -58.54418     -0.258    1448.73      2.517      2.493    -0.5578    -0.5574     0.0004    -0.5579    -0.5575     0.0004   2.803821   2.803749  -0.000072    34.2972    34.2958     7.4613    27.5657    27.5645         14  0.000e+00
      31670 312.973154  -62.31676  -58.54418     -0.273    1448.73      2.477      2.453    -0.5580    -0.5574     0.0006    -0.5580    -0.5575     0.0006   2.803843   2.803738  -0.000106    34.2977    34.2957     7.4615    27.5661    27.5644         14  0.000e+00
      31671 312.973155  -62.31676  -58.54418     -0.280    1448.73      2.533      2.509    -0.5579    -0.5575     0.0004    -0.5580    -0.5575     0.0004   2.803838   2.803749  -0.000089    34.2976    34.2959     7.4618    27.5659    27.5645         14  0.000e+00
      31672 312.973155  -62.31676  -58.54418     -0.293    1448.73      2.477      2.453    -0.5578    -0.5574     0.0004    -0.5579    -0.5575     0.0004   2.803849   2.803738  -0.000112    34.2976    34.2957     7.4620    27.5660    27.5644         14  0.000e+00
      31673 312.973156  -62.31676  -58.54418     -0.305    1448.73      2.413      2.389    -0.5580    -0.5575     0.0004    -0.5580    -0.5576     0.0004   2.803861   2.803749  -0.000112    34.2980    34.2960     7.4611    27.5663    27.5647         14  0.000e+00
      31674 312.973156  -62.31676  -58.54418     -0.315    1448.73      2.477      2.453    -0.5579    -0.5574     0.0005    -0.5580    -0.5575     0.0005   2.803878   2.803760  -0.000118    34.2981    34.2960     7.4614    27.5664    27.5646         14  0.000e+00
      31675 312.973157  -62.31676  -58.54418     -0.320    1448.73      2.477      2.453    -0.5580    -0.5574     0.0006    -0.5580    -0.5575     0.0006   2.803866   2.803738  -0.000129    34.2981    34.2957     7.4616    27.5663    27.5644         14  0.000e+00
      31676 312.973157  -62.31678  -58.54418     -0.327    1448.73      2.477      2.453    -0.5578    -0.5572     0.0006    -0.5579    -0.5573     0.0006   2.803798   2.803732  -0.000066    34.2969    34.2954     7.4619    27.5654    27.5642         14  0.000e+00
      31677 312.973158  -62.31678  -58.54418     -0.334    1448.73      2.413      2.389    -0.5579    -0.5575     0.0004    -0.5580    -0.5575     0.0004   2.803781   2.803749  -0.000032    34.2969    34.2959     7.4620    27.5654    27.5646         14  0.000e+00
      31678 312.973158  -62.31678  -58.54418     -0.335    1448.73      2.477      2.453    -0.5578    -0.5572     0.0006    -0.5579    -0.5573     0.0006   2.803815   2.803760  -0.000055    34.2972    34.2958     7.4623    27.5656    27.5645         14  0.000e+00
      31679 312.973159  -62.31678  -58.54418     -0.339    1448.73      2.477      2.453    -0.5579    -0.5575     0.0004    -0.5580    -0.5576     0.0004   2.803849   2.803760  -0.000089    34.2978    34.2961     7.4614    27.5661    27.5648         14  0.000e+00
      31680 312.973159  -62.31678  -58.54418     -0.335    1448.73      2.477      2.453    -0.5578    -0.5572     0.0006    -0.5579    -0.5573     0.0006   2.803775   2.803501  -0.000273    34.2966    34.2923     7.4606    27.5652    27.5616         14  0.000e+00
      31681 312.973160  -62.31678  -58.54418     -0.340    1448.73      2.405      2.381    -0.5580    -0.5577     0.0003    -0.5580    -0.5578     0.0003   2.803832   2.803451  -0.000381    34.2976    34.2922     7.4670    27.5660    27.5616         14  0.000e+00
      31682 312.973160  -62.31678  -58.54418     -0.333    1448.73      2.533      2.509    -0.5578    -0.5575     0.0003    -0.5579    -0.5576     0.0003   2.803815   2.803642  -0.000173    34.2971    34.2945     7.4618    27.5656    27.5634         14  0.000e+00
      31683 312.973161  -62.31678  -58.54418     -0.332    1448.73      2.413      2.389    -0.5576    -0.5575     0.0002    -0.5577    -0.5575     0.0002   2.803786   2.803721  -0.000066    34.2966    34.2956     7.4618    27.5652    27.5643         14  0.000e+00
      31684 312.973161  -62.31678  -58.54418     -0.329    1448.73      2.477      2.453    -0.5578    -0.5570     0.0007    -0.5579    -0.5571     0.0007   2.803855   2.803732  -0.000123    34.2977    34.2952     7.4619    27.5660    27.5640         14  0.000e+00
      31685 312.973162  -62.31678  -58.54418     -0.321    1448.73      2.477      2.453    -0.5578    -0.5570     0.0007    -0.5579    -0.5571     0.0007   2.803843   2.803749  -0.000095    34.2976    34.2954     7.4673    27.5659    27.5642         14  0.000e+00
      31686 312.973162  -62.31678  -58.54418     -0.309    1448.73      2.533      2.509    -0.5578    -0.5568     0.0010    -0.5579    -0.5568     0.0010   2.803792   2.803777  -0.000015    34.2968    34.2954     7.4684    27.5653    27.5642         14  0.000e+00
      31687 312.973163  -62.31678  -58.54418     -0.303    1448.73      2.477      2.453    -0.5578    -0.5568     0.0010    -0.5579    -0.5568     0.0010   2.803855   2.803805  -0.000050    34.2977    34.2959     7.4682    27.5660    27.5645         14  0.000e+00
      31688 312.973163  -62.31678  -58.54418     -0.288    1448.73      2.533      2.509    -0.5576    -0.5566     0.0010    -0.5577    -0.5567     0.0010   2.803843   2.803811  -0.000033    34.2973    34.2958     7.4617    27.5657    27.5644         14  0.000e+00
      31689 312.973164  -62.31678  -58.54418     -0.276    1448.73      2.533      2.509    -0.5578    -0.5564     0.0014    -0.5579    -0.5565     0.0014   2.803849   2.803828  -0.000022    34.2976    34.2957     7.4669    27.5660    27.5644         14  0.000e+00
      31690 312.973164  -62.31678  -58.54418     -0.259    1448.73      2.590      2.565    -0.5580    -0.5563     0.0017    -0.5580    -0.5564     0.0017   2.803798   2.803799   0.000002    34.2971    34.2952     7.4614    27.5655    27.5639         14  0.000e+00
      31691 312.973165  -62.31678  -58.54418     -0.245    1448.73      2.533      2.509    -0.5578    -0.5563     0.0015    -0.5579    -0.5564     0.0015   2.803815   2.803844   0.000030    34.2971    34.2958     7.4674    27.5656    27.5645         14  0.000e+00
      31692 312.973165  -62.31678  -58.54418     -0.223    1448.73      2.590      2.565    -0.5578    -0.5563     0.0015    -0.5579    -0.5564     0.0015   2.803809   2.803844   0.000035    34.2970    34.2958     7.4618    27.5655    27.5644         14  0.000e+00
      31693 312.973166  -62.31678  -58.54418     -0.205    1448.73      2.638      2.613    -0.5578    -0.5562     0.0016    -0.5579    -0.5562     0.0016   2.803804   2.803839   0.000035    34.2969    34.2955     7.4680    27.5654    27.5642         14  0.000e+00
      31694 312.973166  -62.31678  -58.54418     -0.185    1448.73      2.590      2.565    -0.5581    -0.5562     0.0019    -0.5582    -0.5562     0.0019   2.803843   2.803856   0.000012    34.2978    34.2958     7.4622    27.5661    27.5644         14  0.000e+00
      31695 312.973166  -62.31678  -58.54418     -0.160    1448.73      2.654      2.629    -0.5578    -0.5559     0.0019    -0.5579    -0.5560     0.0019   2.803861   2.803844  -0.000016    34.2977    34.2953     7.4683    27.5660    27.5641         14  0.000e+00
      31696 312.973167  -62.31678  -58.54418     -0.143    1448.73      2.590      2.565    -0.5578    -0.5562     0.0016    -0.5579    -0.5562     0.0016   2.803861   2.803839  -0.000022    34.2977    34.2956     7.4689    27.5661    27.5643         14  0.000e+00
      31697 312.973167  -62.31678  -58.54418     -0.120    1448.73      2.654      2.629    -0.5578    -0.5562     0.0016    -0.5579    -0.5562     0.0016   2.803815   2.803873   0.000058    34.2971    34.2960     7.4696    27.5655    27.5646         14  0.000e+00
      31698 312.973168  -62.31678  -58.54418     -0.098    1448.73      2.711      2.684    -0.5578    -0.5560     0.0018    -0.5579    -0.5561     0.0018   2.803861   2.803850  -0.000011    34.2976    34.2955     7.4701    27.5660    27.5641         14  0.000e+00
      31699 312.973168  -62.31678  -58.54418     -0.078    1448.73      2.654      2.629    -0.5578    -0.5563     0.0015    -0.5579    -0.5564     0.0015   2.803866   2.803839  -0.000027    34.2978    34.2957     7.4642    27.5661    27.5643         14  0.000e+00
      31700 312.973169  -62.31678  -58.54418     -0.054    1448.73      2.711      2.684    -0.5579    -0.5563     0.0016    -0.5580    -0.5564     0.0016   2.803461   2.803856   0.000395    34.2924    34.2959     7.4704    27.5617    27.5645         14  0.000e+00
      31701 312.973169  -62.31678  -58.54418     -0.034    1448.73      2.654      2.629    -0.5580    -0.5558     0.0022    -0.5580    -0.5559     0.0022   2.803484   2.803901   0.000417    34.2928    34.2960     7.4645    27.5621    27.5646         14  0.000e+00
      31702 312.973170  -62.31678  -58.54418     -0.009    1448.73      2.775      2.748    -0.5578    -0.5563     0.0015    -0.5579    -0.5564     0.0015   2.803735   2.803856   0.000121    34.2959    34.2958     7.4702    27.5646    27.5645         14  0.000e+00
      31703 312.973170  -62.31678  -58.54418      0.011    1448.73      2.711      2.684    -0.5574    -0.5562     0.0013    -0.5575    -0.5562     0.0013   2.803821   2.803856   0.000035    34.2967    34.2957     7.4704    27.5652    27.5644         14  0.000e+00
      31704 312.973171  -62.31678  -58.54418      0.032    1448.73      2.711      2.684    -0.5576    -0.5559     0.0018    -0.5577    -0.5559     0.0018   2.803832   2.803867   0.000035    34.2971    34.2955     7.4645    27.5655    27.5642         14  0.000e+00
      31705 312.973171  -62.31678  -58.54418      0.053    1448.73      2.775      2.748    -0.5574    -0.5563     0.0012    -0.5575    -0.5564     0.0012   2.803809   2.803844   0.000035    34.2965    34.2957     7.4703    27.5651    27.5643         14  0.000e+00
      31706 312.973172  -62.31678  -58.54418      0.072    1448.73      2.759      2.732    -0.5574    -0.5563     0.0012    -0.5575    -0.5564     0.0012   2.803843   2.803856   0.000012    34.2970    34.2958     7.4706    27.5655    27.5645         14  0.000e+00
      31707 312.973172  -62.31678  -58.54418      0.093    1448.73      2.775      2.748    -0.5576    -0.5561     0.0015    -0.5577    -0.5562     0.0015   2.803815   2.803867   0.000052    34.2968    34.2958     7.4645    27.5653    27.5644         14  0.000e+00
      31708 312.973173  -62.31678  -58.54418      0.110    1448.73      2.775      2.748    -0.5576    -0.5563     0.0013    -0.5577    -0.5564     0.0013   2.803821   2.803867   0.000046    34.2969    34.2960     7.4702    27.5654    27.5646         14  0.000e+00
      31709 312.973173  -62.31678  -58.54418      0.127    1448.73      2.775      2.748    -0.5579    -0.5565     0.0014    -0.5580    -0.5565     0.0014   2.803809   2.803822   0.000013    34.2970    34.2956     7.4641    27.5655    27.5643         14  0.000e+00
      31710 312.973174  -62.31678  -58.54418      0.143    1448.73      2.775      2.748    -0.5578    -0.5565     0.0013    -0.5579    -0.5565     0.0013   2.803821   2.803828   0.000007    34.2971    34.2956     7.4697    27.5655    27.5643         14  0.000e+00
      31711 312.973174  -62.31678  -58.54418      0.155    1448.73      2.775      2.748    -0.5576    -0.5566     0.0010    -0.5577    -0.5567     0.0010   2.803792   2.803816   0.000024    34.2965    34.2957     7.4710    27.5651    27.5644         14  0.000e+00
      31712 312.973175  -62.31678  -58.54418      0.167    1448.73      2.775      2.748    -0.5578    -0.5565     0.0013    -0.5579    -0.5565     0.0013   2.803758   2.803850   0.000092    34.2962    34.2959     7.4712    27.5648    27.5646         14  0.000e+00
      31713 312.973175  -62.31678  -58.54418      0.182    1448.73      2.831      2.804    -0.5582    -0.5564     0.0018    -0.5583    -0.5565     0.0018   2.803752   2.803844   0.000092    34.2966    34.2958     7.4716    27.5652    27.5644         14  0.000e+00
