Pos-Processados/process_op42/operantar42_023.ros
* Sea-Bird SBE 9 Data File:
* FileName = C:\Users\Hidrografia\Desktop\OPXLII\Brutos\OP42023.hdr
* Software Version Seasave V 7.26.7.107
* Temperature SN = 6502
* Conductivity SN = 4998
* Number of Bytes Per Scan = 37
* Number of Voltage Words = 4
* Number of Scans Averaged by the Deck Unit = 1
* NMEA Latitude = 62 09.26 S
* NMEA Longitude = 058 24.38 W
* NMEA UTC (Time) = Nov 08 2023 09:02:28
* NMEA baud rate = 4800
** H41
** NPOALTEMAXIMIANO
** NUMERO DA ESTACAO (XXX) 023
** LAT (XX XX.XX S/N) 62 09.60 S
** LONG (XXX XX.XX W/E) 058 24.03 W
** DATAHORA (dd/mm/aaaa hh:mm Z) 08/11/2023 0901Z
** PROFUNDIDADE (m) 462
** OPERADOR CT FILIPE LOPES
# nquan = 24
# nvalues = 4123                                  
# units = specified
# name 0 = scan: Scan Count
# name 1 = timeJ: Julian Days
# name 2 = latitude: Latitude [deg]
# name 3 = longitude: Longitude [deg]
# name 4 = dz/dtM: Descent Rate [m/s]
# name 5 = avgsvCM: Average Sound Velocity [Chen-Millero, m/s]
# name 6 = prDM: Pressure, Digiquartz [db]
# name 7 = depSM: Depth [salt water, m]
# name 8 = t090C: Temperature [ITS-90, deg C]
# name 9 = t190C: Temperature, 2 [ITS-90, deg C]
# name 10 = T2-T190C: Temperature Difference, 2 - 1 [ITS-90, deg C]
# name 11 = potemp090C: Potential Temperature [ITS-90, deg C]
# name 12 = potemp190C: Potential Temperature, 2 [ITS-90, deg C]
# name 13 = potemp90Cdiff: Potential Temperature, Diff, 2 - 1 [ITS-90, deg C]
# name 14 = c0S/m: Conductivity [S/m]
# name 15 = c1S/m: Conductivity, 2 [S/m]
# name 16 = C2-C1S/m: Conductivity Difference, 2 - 1 [S/m]
# name 17 = sal00: Salinity, Practical [PSU]
# name 18 = sal11: Salinity, Practical, 2 [PSU]
# name 19 = sbeox0ML/L: Oxygen, SBE 43 [ml/l]
# name 20 = sigma-é00: Density [sigma-theta, kg/m^3]
# name 21 = sigma-é11: Density, 2 [sigma-theta, kg/m^3]
# name 22 = nbf: Bottles Fired
# name 23 = flag:  0.000e+00
# interval = seconds: 0.0416667
# start_time = Nov 08 2023 09:02:28 [NMEA time, header]
# bad_flag = -9.990e-29
*END*
[from data line 3080]
      36393 312.394263  -62.15430  -58.39270     -0.100    1448.49      1.867      1.849    -0.6071    -0.6067     0.0004    -0.6072    -0.6068     0.0004   2.799189   2.799163  -0.000026    34.2911    34.2903     7.5823    27.5628    27.5622         19  0.000e+00
      36394 312.394264  -62.15430  -58.39270     -0.110    1448.49      1.794      1.777    -0.6069    -0.6069    -0.0000    -0.6069    -0.6070    -0.0000   2.799126   2.799174   0.000048    34.2900    34.2907     7.5818    27.5620    27.5625         19  0.000e+00
      36395 312.394264  -62.15430  -58.39270     -0.108    1448.49      1.931      1.912    -0.6071    -0.6069     0.0002    -0.6072    -0.6070     0.0002   2.799172   2.799163  -0.000009    34.2908    34.2904     7.5815    27.5626    27.5623         19  0.000e+00
      36396 312.394265  -62.15430  -58.39270     -0.109    1448.49      1.867      1.849    -0.6071    -0.6069     0.0001    -0.6071    -0.6070     0.0001   2.799194   2.799157  -0.000037    34.2911    34.2904     7.5809    27.5628    27.5623         19  0.000e+00
      36397 312.394265  -62.15430  -58.39270     -0.110    1448.49      1.867      1.849    -0.6068    -0.6072    -0.0004    -0.6069    -0.6073    -0.0004   2.799268   2.799152  -0.000117    34.2918    34.2907     7.5802    27.5634    27.5625         19  0.000e+00
      36398 312.394266  -62.15430  -58.39270     -0.111    1448.49      1.867      1.849    -0.6072    -0.6072     0.0000    -0.6073    -0.6073     0.0000   2.799354   2.799191  -0.000163    34.2934    34.2912     7.5807    27.5647    27.5629         19  0.000e+00
      36399 312.394266  -62.15430  -58.39270     -0.107    1448.49      1.931      1.912    -0.6068    -0.6069    -0.0001    -0.6069    -0.6070    -0.0001   2.799337   2.799169  -0.000168    34.2927    34.2905     7.5812    27.5641    27.5624         19  0.000e+00
      36400 312.394266  -62.15430  -58.39270     -0.106    1448.49      1.931      1.912    -0.6071    -0.6067     0.0003    -0.6071    -0.6068     0.0003   2.799223   2.799174  -0.000049    34.2914    34.2904     7.5817    27.5631    27.5623         19  0.000e+00
      36401 312.394267  -62.15430  -58.39270     -0.102    1448.49      1.931      1.912    -0.6071    -0.6070     0.0001    -0.6072    -0.6071     0.0001   2.799194   2.799140  -0.000054    34.2911    34.2903     7.5822    27.5629    27.5622         19  0.000e+00
      36402 312.394267  -62.15430  -58.39270     -0.098    1448.49      1.915      1.896    -0.6072    -0.6072     0.0000    -0.6073    -0.6073     0.0000   2.799109   2.799146   0.000037    34.2901    34.2906     7.5828    27.5620    27.5624         19  0.000e+00
      36403 312.394268  -62.15430  -58.39270     -0.090    1448.49      1.987      1.968    -0.6069    -0.6072    -0.0003    -0.6070    -0.6073    -0.0003   2.799166   2.799135  -0.000031    34.2905    34.2904     7.5822    27.5623    27.5623         19  0.000e+00
      36404 312.394268  -62.15428  -58.39270     -0.081    1448.49      1.987      1.968    -0.6074    -0.6072     0.0002    -0.6075    -0.6073     0.0002   2.799251   2.799129  -0.000122    34.2921    34.2903     7.5815    27.5637    27.5622         19  0.000e+00
      36405 312.394269  -62.15428  -58.39270     -0.073    1448.49      1.987      1.968    -0.6069    -0.6071    -0.0002    -0.6070    -0.6072    -0.0002   2.799326   2.799146  -0.000179    34.2926    34.2904     7.5807    27.5641    27.5623         19  0.000e+00
      36406 312.394269  -62.15428  -58.39270     -0.064    1448.49      1.987      1.968    -0.6072    -0.6075    -0.0003    -0.6073    -0.6076    -0.0003   2.799348   2.799157  -0.000191    34.2933    34.2910     7.5800    27.5646    27.5628         19  0.000e+00
      36407 312.394270  -62.15428  -58.39270     -0.052    1448.49      2.052      2.032    -0.6071    -0.6072    -0.0001    -0.6072    -0.6073    -0.0001   2.799291   2.799129  -0.000162    34.2923    34.2903     7.5794    27.5639    27.5622         19  0.000e+00
      36408 312.394270  -62.15428  -58.39270     -0.047    1448.49      1.987      1.968    -0.6072    -0.6075    -0.0003    -0.6073    -0.6076    -0.0003   2.799189   2.799146  -0.000043    34.2911    34.2909     7.5796    27.5629    27.5627         19  0.000e+00
      36409 312.394271  -62.15428  -58.39270     -0.030    1448.49      2.108      2.088    -0.6073    -0.6074    -0.0001    -0.6073    -0.6075    -0.0001   2.799126   2.799157   0.000031    34.2902    34.2908     7.5801    27.5622    27.5626         19  0.000e+00
      36410 312.394271  -62.15428  -58.39270     -0.016    1448.49      2.148      2.128    -0.6074    -0.6075    -0.0001    -0.6075    -0.6076    -0.0001   2.799115   2.799157   0.000043    34.2902    34.2909     7.5804    27.5621    27.5627         19  0.000e+00
      36411 312.394272  -62.15428  -58.39270     -0.004    1448.49      2.052      2.032    -0.6075    -0.6075    -0.0001    -0.6075    -0.6076    -0.0001   2.799149   2.799129  -0.000019    34.2908    34.2906     7.5805    27.5626    27.5625         19  0.000e+00
      36412 312.394272  -62.15428  -58.39270      0.011    1448.49      2.164      2.143    -0.6073    -0.6075    -0.0002    -0.6073    -0.6076    -0.0002   2.799286   2.799107  -0.000179    34.2924    34.2902     7.5797    27.5639    27.5622         19  0.000e+00
      36413 312.394273  -62.15428  -58.39270      0.025    1448.49      2.108      2.088    -0.6074    -0.6077    -0.0003    -0.6075    -0.6078    -0.0003   2.799326   2.799141  -0.000185    34.2931    34.2909     7.5799    27.5645    27.5627         19  0.000e+00
      36414 312.394273  -62.15428  -58.39270      0.043    1448.49      2.164      2.143    -0.6076    -0.6077    -0.0001    -0.6076    -0.6078    -0.0001   2.799326   2.799157  -0.000168    34.2932    34.2911     7.5802    27.5646    27.5629         19  0.000e+00
      36415 312.394274  -62.15428  -58.39270      0.057    1448.49      2.164      2.143    -0.6074    -0.6075    -0.0001    -0.6075    -0.6076    -0.0001   2.799223   2.799157  -0.000066    34.2917    34.2909     7.5804    27.5633    27.5627         19  0.000e+00
      36416 312.394274  -62.15428  -58.39270      0.075    1448.49      2.229      2.207    -0.6077    -0.6074     0.0003    -0.6078    -0.6075     0.0003   2.799132   2.799152   0.000020    34.2908    34.2906     7.5798    27.5626    27.5625         19  0.000e+00
      36417 312.394275  -62.15428  -58.39270      0.092    1448.49      2.229      2.207    -0.6077    -0.6075     0.0002    -0.6078    -0.6076     0.0002   2.799075   2.799152   0.000077    34.2899    34.2908     7.5800    27.5619    27.5626         19  0.000e+00
      36418 312.394275  -62.15428  -58.39270      0.103    1448.49      2.148      2.127    -0.6079    -0.6075     0.0004    -0.6080    -0.6076     0.0004   2.799160   2.799135  -0.000025    34.2914    34.2906     7.5800    27.5631    27.5625         19  0.000e+00
      36419 312.394276  -62.15428  -58.39270      0.126    1448.49      2.285      2.263    -0.6081    -0.6075     0.0006    -0.6082    -0.6076     0.0006   2.799229   2.799129  -0.000099    34.2925    34.2904     7.5803    27.5640    27.5623         19  0.000e+00
      36420 312.394276  -62.15428  -58.39270      0.140    1448.49      2.229      2.207    -0.6079    -0.6079     0.0000    -0.6080    -0.6079     0.0000   2.799246   2.799129  -0.000116    34.2925    34.2909     7.5804    27.5640    27.5627         19  0.000e+00
      36421 312.394277  -62.15428  -58.39270      0.155    1448.49      2.229      2.207    -0.6083    -0.6079     0.0004    -0.6084    -0.6079     0.0004   2.799263   2.799124  -0.000139    34.2932    34.2908     7.5806    27.5646    27.5627         19  0.000e+00
      36422 312.394277  -62.15428  -58.39270      0.169    1448.49      2.229      2.207    -0.6084    -0.6080     0.0004    -0.6084    -0.6081     0.0004   2.799229   2.799107  -0.000122    34.2928    34.2907     7.5808    27.5643    27.5626         19  0.000e+00
      36423 312.394278  -62.15428  -58.39270      0.182    1448.49      2.285      2.263    -0.6086    -0.6082     0.0004    -0.6087    -0.6082     0.0004   2.799097   2.799141   0.000043    34.2912    34.2913     7.5801    27.5630    27.5631         19  0.000e+00
      36424 312.394278  -62.15428  -58.39270      0.198    1448.49      2.285      2.263    -0.6085    -0.6077     0.0008    -0.6086    -0.6078     0.0008   2.799075   2.799135   0.000060    34.2909    34.2907     7.5803    27.5627    27.5626         19  0.000e+00
      36425 312.394279  -62.15428  -58.39270      0.213    1448.49      2.285      2.263    -0.6085    -0.6082     0.0003    -0.6086    -0.6082     0.0003   2.799126   2.799107  -0.000019    34.2915    34.2909     7.5793    27.5632    27.5627         19  0.000e+00
      36426 312.394279  -62.15428  -58.39270      0.223    1448.49      2.269      2.247    -0.6084    -0.6080     0.0004    -0.6084    -0.6081     0.0004   2.799160   2.799118  -0.000042    34.2918    34.2908     7.5793    27.5635    27.5627         19  0.000e+00
      36427 312.394280  -62.15428  -58.39270      0.234    1448.49      2.285      2.263    -0.6080    -0.6080     0.0000    -0.6081    -0.6081     0.0000   2.799263   2.799129  -0.000134    34.2928    34.2910     7.5782    27.5643    27.5628         19  0.000e+00
      36428 312.394280  -62.15428  -58.39268      0.245    1448.49      2.285      2.263    -0.6077    -0.6079    -0.0001    -0.6078    -0.6079    -0.0001   2.799331   2.799129  -0.000202    34.2934    34.2908     7.5845    27.5648    27.5627         19  0.000e+00
      36429 312.394280  -62.15428  -58.39268      0.254    1448.49      2.285      2.263    -0.6077    -0.6075     0.0002    -0.6078    -0.6076     0.0002   2.799291   2.799112  -0.000179    34.2928    34.2902     7.5792    27.5643    27.5622         19  0.000e+00
      36430 312.394281  -62.15428  -58.39268      0.265    1448.49      2.341      2.319    -0.6079    -0.6074     0.0005    -0.6080    -0.6075     0.0005   2.799229   2.799141  -0.000088    34.2922    34.2904     7.5793    27.5638    27.5623         19  0.000e+00
      36431 312.394281  -62.15428  -58.39268      0.267    1448.49      2.285      2.263    -0.6077    -0.6075     0.0002    -0.6078    -0.6076     0.0002   2.799137   2.799118  -0.000019    34.2907    34.2903     7.5793    27.5626    27.5622         19  0.000e+00
      36432 312.394282  -62.15428  -58.39268      0.273    1448.49      2.285      2.263    -0.6077    -0.6074     0.0003    -0.6078    -0.6075     0.0003   2.799132   2.799124  -0.000008    34.2907    34.2902     7.5793    27.5626    27.5622         19  0.000e+00
      36433 312.394282  -62.15428  -58.39268      0.278    1448.49      2.285      2.263    -0.6077    -0.6075     0.0002    -0.6078    -0.6076     0.0002   2.799160   2.799146  -0.000014    34.2911    34.2907     7.5793    27.5628    27.5625         19  0.000e+00
      36434 312.394283  -62.15428  -58.39268      0.284    1448.49      2.333      2.311    -0.6077    -0.6074     0.0003    -0.6078    -0.6075     0.0003   2.799223   2.799152  -0.000071    34.2919    34.2906     7.5793    27.5636    27.5625         19  0.000e+00
      36435 312.394283  -62.15428  -58.39268      0.280    1448.49      2.285      2.263    -0.6075    -0.6074     0.0001    -0.6076    -0.6075     0.0001   2.799320   2.799135  -0.000185    34.2930    34.2904     7.5791    27.5644    27.5623         19  0.000e+00
      36436 312.394284  -62.15428  -58.39268      0.281    1448.49      2.285      2.263    -0.6076    -0.6075     0.0001    -0.6076    -0.6076     0.0001   2.799269   2.799146  -0.000122    34.2924    34.2907     7.5792    27.5639    27.5625         19  0.000e+00
      36437 312.394284  -62.15428  -58.39268      0.281    1448.49      2.341      2.319    -0.6079    -0.6074     0.0005    -0.6079    -0.6075     0.0005   2.799206   2.799157  -0.000048    34.2918    34.2907     7.5857    27.5635    27.5625         19  0.000e+00
      36438 312.394285  -62.15428  -58.39268      0.277    1448.49      2.285      2.263    -0.6076    -0.6071     0.0005    -0.6076    -0.6072     0.0005   2.799172   2.799157  -0.000014    34.2911    34.2904     7.5792    27.5629    27.5623         19  0.000e+00
      36439 312.394285  -62.15428  -58.39268      0.271    1448.49      2.285      2.263    -0.6075    -0.6072     0.0003    -0.6076    -0.6073     0.0003   2.799166   2.799152  -0.000014    34.2909    34.2904     7.5791    27.5627    27.5623         19  0.000e+00
      36440 312.394286  -62.15428  -58.39268      0.265    1448.49      2.285      2.263    -0.6076    -0.6074     0.0002    -0.6076    -0.6075     0.0002   2.799166   2.799152  -0.000014    34.2910    34.2906     7.5790    27.5628    27.5625         19  0.000e+00
      36441 312.394286  -62.15428  -58.39268      0.257    1448.49      2.285      2.263    -0.6074    -0.6072     0.0002    -0.6075    -0.6073     0.0002   2.799223   2.799157  -0.000066    34.2916    34.2905     7.5788    27.5633    27.5624         19  0.000e+00
      36442 312.394287  -62.15428  -58.39268      0.248    1448.49      2.269      2.247    -0.6073    -0.6072     0.0001    -0.6074    -0.6073     0.0001   2.799343   2.799135  -0.000208    34.2931    34.2902     7.5786    27.5645    27.5621         19  0.000e+00
      36443 312.394287  -62.15428  -58.39268      0.234    1448.49      2.285      2.263    -0.6072    -0.6069     0.0003    -0.6073    -0.6070     0.0003   2.799337   2.799129  -0.000208    34.2929    34.2898     7.5786    27.5643    27.5618         19  0.000e+00
      36444 312.394288  -62.15428  -58.39268      0.224    1448.49      2.228      2.207    -0.6071    -0.6071     0.0000    -0.6072    -0.6072     0.0000   2.799263   2.799163  -0.000100    34.2918    34.2905     7.5849    27.5635    27.5623         19  0.000e+00
      36445 312.394288  -62.15428  -58.39268      0.210    1448.49      2.228      2.207    -0.6071    -0.6069     0.0001    -0.6071    -0.6070     0.0001   2.799223   2.799141  -0.000082    34.2912    34.2900     7.5794    27.5630    27.5619         19  0.000e+00
      36446 312.394289  -62.15428  -58.39268      0.198    1448.49      2.285      2.263    -0.6069    -0.6067     0.0002    -0.6070    -0.6068     0.0002   2.799177   2.799169  -0.000009    34.2904    34.2901     7.5793    27.5623    27.5620         19  0.000e+00
      36447 312.394289  -62.15428  -58.39268      0.181    1448.49      2.228      2.207    -0.6068    -0.6069    -0.0002    -0.6068    -0.6070    -0.0002   2.799183   2.799186   0.000002    34.2904    34.2906     7.5791    27.5622    27.5624         19  0.000e+00
      36448 312.394290  -62.15428  -58.39268      0.168    1448.49      2.228      2.207    -0.6068    -0.6072    -0.0004    -0.6069    -0.6073    -0.0004   2.799229   2.799135  -0.000094    34.2910    34.2902     7.5853    27.5628    27.5622         19  0.000e+00
      36449 312.394290  -62.15428  -58.39268      0.153    1448.49      2.228      2.207    -0.6069    -0.6069    -0.0000    -0.6070    -0.6070    -0.0000   2.799303   2.799124  -0.000179    34.2921    34.2897     7.5797    27.5637    27.5617         19  0.000e+00
      36450 312.394291  -62.15428  -58.39268      0.137    1448.49      2.212      2.191    -0.6068    -0.6072    -0.0004    -0.6069    -0.6073    -0.0004   2.799343   2.799129  -0.000213    34.2926    34.2902     7.5795    27.5641    27.5621         19  0.000e+00
      36451 312.394291  -62.15428  -58.39268      0.114    1448.49      2.107      2.087    -0.6069    -0.6071    -0.0002    -0.6069    -0.6072    -0.0002   2.799331   2.799129  -0.000202    34.2926    34.2901     7.5857    27.5640    27.5620         19  0.000e+00
