Pos-Processados/process_op42/operantar42_023.cnv
* Sea-Bird SBE 9 Data File:
* FileName = C:\Users\Hidrografia\Desktop\OPXLII\Brutos\OP42023.hdr
* Software Version Seasave V 7.26.7.107
* Temperature SN = 6502
* Conductivity SN = 4998
* Number of Bytes Per Scan = 37
* Number of Voltage Words = 4
* Number of Scans Averaged by the Deck Unit = 1
* NMEA Latitude = 62 09.26 S
* NMEA Longitude = 058 24.38 W
* NMEA UTC (Time) = Nov 08 2023 09:02:28
* NMEA baud rate = 4800
** H41
** NPOALTEMAXIMIANO
** NUMERO DA ESTACAO (XXX) 023
** LAT (XX XX.XX S/N) 62 09.60 S
** LONG (XXX XX.XX W/E) 058 24.03 W
** DATAHORA (dd/mm/aaaa hh:mm Z) 08/11/2023 0901Z
** PROFUNDIDADE (m) 462
** OPERADOR CT FILIPE LOPES
# nquan = 30
# nvalues = 859                         
# units = specified
# name 0 = scan: Scan Count
# name 1 = timeJ: Julian Days
# name 2 = latitude: Latitude [deg]
# name 3 = longitude: Longitude [deg]
# name 4 = dz/dtM: Descent Rate [m/s]
# name 5 = avgsvCM: Average Sound Velocity [Chen-Millero, m/s]
# name 6 = prDM: Pressure, Digiquartz [db]
# name 7 = depSM: Depth [salt water, m]
# name 8 = t090C: Temperature [ITS-90, deg C]
# name 9 = t190C: Temperature, 2 [ITS-90, deg C]
# name 10 = T2-T190C: Temperature Difference, 2 - 1 [ITS-90, deg C]
# name 11 = potemp090C: Potential Temperature [ITS-90, deg C]
# name 12 = potemp190C: Potential Temperature, 2 [ITS-90, deg C]
# name 13 = potemp90Cdiff: Potential Temperature, Diff, 2 - 1 [ITS-90, deg C]
# name 14 = c0S/m: Conductivity [S/m]
# name 15 = c1S/m: Conductivity, 2 [S/m]
# name 16 = C2-C1S/m: Conductivity Difference, 2 - 1 [S/m]
# name 17 = sal00: Salinity, Practical [PSU]
# name 18 = sal11: Salinity, Practical, 2 [PSU]
# name 19 = sbeox0ML/L: Oxygen, SBE 43 [ml/l]
# name 20 = sigma-é00: Density [sigma-theta, kg/m^3]
# name 21 = sigma-é11: Density, 2 [sigma-theta, kg/m^3]
# name 22 = sal00: Salinity, Practical [PSU]
# name 23 = sigma-é00: Density [sigma-theta, kg/m^3]
# name 24 = svCM: Sound Velocity [Chen-Millero, m/s]
# name 25 = svCM1: Sound Velocity, 2 [Chen-Millero, m/s]
# name 26 = gsw_ptA0: potential temperature [ITS-90, deg C]
# name 27 = gsw_densityA0: density, TEOS-10 [density, kg/m^3]
# name 28 = gsw_saA0: Absolute Salinity [g/kg]
# name 29 = flag:
# span 0 =       5676,      33294       
# span 1 = 312.379450, 312.392769       
# span 2 =  -62.15478,  -62.15446       
# span 3 =  -58.40435,  -58.39391       
# span 4 =     -1.055,      1.090       
# span 5 =       0.00,    1448.49       
# span 6 =      2.000,    431.000       
# span 7 =      1.983,    426.411       
# span 8 =    -0.8457,    -0.5070       
# span 9 =    -0.8448,    -0.5047       
# span 10 =    -0.0078,     0.0144      
# span 11 =    -0.8519,    -0.5216      
# span 12 =    -0.8509,    -0.5193      
# span 13 =    -0.0078,     0.0143      
# span 14 =   2.789048,   2.836585      
# span 15 =   2.789015,   2.836675      
# span 16 =  -0.000744,   0.001388      
# span 17 =    34.2875,    34.4253      
# span 18 =    34.2863,    34.4233      
# span 19 =     6.5354,     7.6427      
# span 20 =    27.5606,    27.6690      
# span 21 =    27.5599,    27.6676      
# span 22 =    34.2777,    34.4229      
# span 23 =    27.5571,    27.6674      
# span 24 =    1445.42,    1452.97      
# span 25 =    1445.43,    1452.99      
# span 26 =    -0.8517,    -0.5213      
# span 27 =  1027.5749,  1029.7259      
# span 28 =    34.4441,    34.5913      
# span 29 = 0.0000e+00, 0.0000e+00      
# interval = decibars: 1                
# start_time = Nov 08 2023 09:02:28 [NMEA time, header]
# bad_flag = -9.990e-29
*END*
[from data line 49]
       7907 312.380526  -62.15448  -58.40360      0.850    1445.78     51.000     50.504    -0.6626    -0.6602     0.0024    -0.6641    -0.6617     0.0024   2.796714   2.796802   0.000075    34.2914    34.2897     7.6427    27.5655    27.5641    34.2900    27.5644    1445.94    1445.95    -0.6641  1027.8132    34.4556 0.0000e+00
       7936 312.380539  -62.15448  -58.40360      0.829    1445.78     52.000     51.494    -0.6642    -0.6622     0.0021    -0.6657    -0.6637     0.0021   2.796564   2.796674   0.000084    34.2903    34.2891     7.6374    27.5647    27.5637    34.2892    27.5638    1445.95    1445.96    -0.6657  1027.8175    34.4548 0.0000e+00
       7962 312.380552  -62.15448  -58.40359      0.869    1445.78     53.000     52.484    -0.6701    -0.6683     0.0018    -0.6717    -0.6699     0.0018   2.796137   2.796193   0.000074    34.2906    34.2895     7.6125    27.5652    27.5643    34.2895    27.5643    1445.94    1445.95    -0.6716  1027.8228    34.4551 0.0000e+00
       7988 312.380565  -62.15448  -58.40358      0.929    1445.78     54.000     53.475    -0.6705    -0.6697     0.0008    -0.6721    -0.6713     0.0008   2.796124   2.796135   0.000014    34.2899    34.2893     7.5851    27.5647    27.5641    34.2891    27.5641    1445.96    1445.96    -0.6720  1027.8273    34.4548 0.0000e+00
       8013 312.380577  -62.15448  -58.40357      0.956    1445.78     55.000     54.465    -0.6706    -0.6699     0.0007    -0.6722    -0.6715     0.0007   2.796179   2.796192   0.000016    34.2898    34.2893     7.5632    27.5646    27.5641    34.2893    27.5642    1445.97    1445.97    -0.6722  1027.8322    34.4550 0.0000e+00
       8037 312.380589  -62.15448  -58.40356      0.967    1445.78     56.000     55.455    -0.6700    -0.6695     0.0004    -0.6716    -0.6712     0.0004   2.796233   2.796251   0.000005    34.2896    34.2892     7.5512    27.5644    27.5641    34.2887    27.5637    1445.99    1445.99    -0.6716  1027.8365    34.4544 0.0000e+00
       8062 312.380600  -62.15448  -58.40356      0.976    1445.78     57.000     56.445    -0.6759    -0.6728     0.0030    -0.6775    -0.6745     0.0030   2.795890   2.796062   0.000181    34.2907    34.2897     7.5472    27.5656    27.5647    34.2902    27.5651    1445.98    1445.99    -0.6775  1027.8427    34.4559 0.0000e+00
       8086 312.380612  -62.15448  -58.40355      0.986    1445.78     58.000     57.436    -0.6750    -0.6735     0.0015    -0.6767    -0.6752     0.0015   2.795972   2.796049   0.000075    34.2903    34.2896     7.5417    27.5652    27.5645    34.2897    27.5647    1446.00    1446.01    -0.6767  1027.8471    34.4554 0.0000e+00
       8110 312.380624  -62.15448  -58.40354      0.990    1445.78     59.000     58.426    -0.6750    -0.6737     0.0013    -0.6767    -0.6755     0.0013   2.796008   2.796056   0.000050    34.2902    34.2895     7.5369    27.5652    27.5645    34.2895    27.5646    1446.02    1446.02    -0.6767  1027.8517    34.4552 0.0000e+00
       8135 312.380636  -62.15448  -58.40354      0.979    1445.78     60.000     59.415    -0.6821    -0.6807     0.0014    -0.6838    -0.6824     0.0014   2.795478   2.795541   0.000035    34.2911    34.2899     7.5358    27.5661    27.5652    34.2898    27.5651    1446.00    1446.00    -0.6838  1027.8571    34.4555 0.0000e+00
       8161 312.380648  -62.15448  -58.40353      0.952    1445.78     61.000     60.406    -0.6944    -0.6901     0.0042    -0.6961    -0.6919     0.0042   2.794569   2.794786   0.000229    34.2928    34.2911     7.5423    27.5680    27.5665    34.2908    27.5664    1445.96    1445.98    -0.6961  1027.8633    34.4565 0.0000e+00
       8187 312.380661  -62.15448  -58.40352      0.931    1445.78     62.000     61.396    -0.7009    -0.7001     0.0008    -0.7027    -0.7019     0.0008   2.794024   2.794070   0.000053    34.2912    34.2910     7.5373    27.5670    27.5668    34.2903    27.5663    1445.94    1445.95    -0.7027  1027.8679    34.4560 0.0000e+00
       8213 312.380673  -62.15448  -58.40350      0.923    1445.78     63.000     62.386    -0.7036    -0.7024     0.0012    -0.7054    -0.7042     0.0012   2.793846   2.793891   0.000046    34.2917    34.2910     7.5384    27.5675    27.5669    34.2902    27.5663    1445.95    1445.95    -0.7054  1027.8728    34.4559 0.0000e+00
       8238 312.380685  -62.15448  -58.40350      0.940    1445.78     64.000     63.376    -0.7079    -0.7068     0.0010    -0.7097    -0.7087     0.0010   2.793530   2.793569   0.000040    34.2914    34.2908     7.5395    27.5675    27.5670    34.2902    27.5665    1445.94    1445.95    -0.7097  1027.8777    34.4560 0.0000e+00
       8262 312.380697  -62.15448  -58.40348      0.974    1445.78     65.000     64.366    -0.7110    -0.7098     0.0013    -0.7129    -0.7116     0.0013   2.793316   2.793370   0.000058    34.2914    34.2907     7.5312    27.5676    27.5670    34.2903    27.5667    1445.95    1445.95    -0.7128  1027.8827    34.4561 0.0000e+00
       8286 312.380709  -62.15448  -58.40348      0.991    1445.78     66.000     65.356    -0.7127    -0.7119     0.0007    -0.7146    -0.7138     0.0007   2.793238   2.793259   0.000016    34.2914    34.2908     7.5297    27.5677    27.5671    34.2905    27.5670    1445.95    1445.96    -0.7146  1027.8878    34.4563 0.0000e+00
       8310 312.380720  -62.15448  -58.40348      0.991    1445.78     67.000     66.346    -0.7140    -0.7126     0.0015    -0.7160    -0.7145     0.0015   2.793195   2.793246   0.000063    34.2917    34.2908     7.5255    27.5680    27.5672    34.2908    27.5673    1445.96    1445.97    -0.7159  1027.8929    34.4566 0.0000e+00
       8335 312.380732  -62.15448  -58.40346      0.993    1445.78     68.000     67.336    -0.7144    -0.7134     0.0010    -0.7164    -0.7154     0.0010   2.793174   2.793215   0.000036    34.2912    34.2905     7.5339    27.5676    27.5670    34.2903    27.5669    1445.98    1445.98    -0.7163  1027.8973    34.4561 0.0000e+00
       8359 312.380744  -62.15448  -58.40346      0.984    1445.78     69.000     68.326    -0.7184    -0.7173     0.0012    -0.7204    -0.7193     0.0012   2.792913   2.792960   0.000045    34.2917    34.2909     7.5361    27.5681    27.5675    34.2908    27.5674    1445.98    1445.98    -0.7204  1027.9026    34.4566 0.0000e+00
       8384 312.380756  -62.15448  -58.40346      0.961    1445.78     70.000     69.317    -0.7193    -0.7183     0.0010    -0.7213    -0.7203     0.0010   2.792879   2.792904   0.000026    34.2914    34.2907     7.5359    27.5680    27.5674    34.2906    27.5674    1445.99    1445.99    -0.7213  1027.9073    34.4564 0.0000e+00
       8410 312.380768  -62.15448  -58.40344      0.951    1445.78     71.000     70.307    -0.7216    -0.7205     0.0011    -0.7236    -0.7225     0.0011   2.792728   2.792773   0.000045    34.2913    34.2906     7.5297    27.5680    27.5674    34.2906    27.5674    1445.99    1446.00    -0.7236  1027.9122    34.4564 0.0000e+00
       8434 312.380780  -62.15448  -58.40344      0.968    1445.86     72.000     71.297    -0.7234    -0.7222     0.0012    -0.7254    -0.7242     0.0012   2.792638   2.792683   0.000045    34.2914    34.2907     7.5321    27.5682    27.5675    34.2907    27.5676    1446.00    1446.01    -0.7254  1027.9172    34.4566 0.0000e+00
       8458 312.380791  -62.15448  -58.40344      0.999    1445.89     73.000     72.287    -0.7243    -0.7232     0.0011    -0.7264    -0.7253     0.0011   2.792615   2.792648   0.000037    34.2916    34.2908     7.5343    27.5683    27.5677    34.2910    27.5678    1446.01    1446.02    -0.7264  1027.9222    34.4568 0.0000e+00
       8481 312.380802  -62.15448  -58.40342      1.035    1445.89     74.000     73.277    -0.7247    -0.7239     0.0008    -0.7268    -0.7260     0.0008   2.792621   2.792655   0.000035    34.2913    34.2908     7.5255    27.5681    27.5677    34.2908    27.5677    1446.03    1446.03    -0.7268  1027.9269    34.4566 0.0000e+00
       8505 312.380814  -62.15448  -58.40342      1.022    1445.89     75.000     74.267    -0.7258    -0.7249     0.0009    -0.7280    -0.7271     0.0009   2.792589   2.792614   0.000026    34.2915    34.2909     7.5298    27.5683    27.5678    34.2910    27.5679    1446.04    1446.04    -0.7279  1027.9319    34.4569 0.0000e+00
       8529 312.380826  -62.15448  -58.40340      0.988    1445.89     76.000     75.257    -0.7265    -0.7259     0.0007    -0.7287    -0.7281     0.0007   2.792578   2.792590   0.000013    34.2915    34.2909     7.5302    27.5684    27.5679    34.2911    27.5680    1446.05    1446.06    -0.7287  1027.9368    34.4569 0.0000e+00
       8554 312.380838  -62.15448  -58.40340      0.969    1445.89     77.000     76.247    -0.7273    -0.7264     0.0010    -0.7295    -0.7286     0.0010   2.792570   2.792595   0.000025    34.2917    34.2909     7.5290    27.5685    27.5679    34.2912    27.5682    1446.06    1446.07    -0.7295  1027.9417    34.4571 0.0000e+00
       8578 312.380849  -62.15448  -58.40340      0.976    1445.89     78.000     77.237    -0.7284    -0.7276     0.0008    -0.7307    -0.7299     0.0008   2.792552   2.792559   0.000010    34.2920    34.2912     7.5294    27.5688    27.5682    34.2916    27.5685    1446.08    1446.08    -0.7306  1027.9469    34.4575 0.0000e+00
       8603 312.380861  -62.15448  -58.40338      0.980    1445.89     79.000     78.227    -0.7289    -0.7282     0.0007    -0.7312    -0.7305     0.0007   2.792559   2.792567   0.000008    34.2920    34.2913     7.5230    27.5688    27.5683    34.2916    27.5686    1446.09    1446.09    -0.7311  1027.9517    34.4575 0.0000e+00
       8628 312.380873  -62.15448  -58.40338      0.977    1445.89     80.000     79.217    -0.7288    -0.7280     0.0008    -0.7311    -0.7303     0.0008   2.792591   2.792620   0.000025    34.2916    34.2910     7.5223    27.5685    27.5681    34.2913    27.5683    1446.11    1446.11    -0.7311  1027.9563    34.4573 0.0000e+00
       8653 312.380885  -62.15448  -58.40337      0.957    1445.89     81.000     80.207    -0.7293    -0.7285     0.0008    -0.7316    -0.7309     0.0008   2.792638   2.792648   0.000022    34.2920    34.2915     7.5212    27.5689    27.5684    34.2919    27.5688    1446.12    1446.13    -0.7316  1027.9615    34.4578 0.0000e+00
       8678 312.380897  -62.15448  -58.40336      0.954    1445.89     82.000     81.197    -0.7293    -0.7287     0.0006    -0.7317    -0.7310     0.0006   2.792694   2.792702 1.8913e-07    34.2923    34.2916     7.5176    27.5691    27.5686    34.2921    27.5689    1446.14    1446.14    -0.7316  1027.9665    34.4580 0.0000e+00
       8702 312.380909  -62.15448  -58.40336      0.975    1445.89     83.000     82.187    -0.7294    -0.7286     0.0008    -0.7318    -0.7310     0.0008   2.792733   2.792742   0.000014    34.2921    34.2915     7.5132    27.5690    27.5684    34.2920    27.5689    1446.15    1446.16    -0.7317  1027.9713    34.4580 0.0000e+00
       8727 312.380921  -62.15448  -58.40335      0.983    1445.89     84.000     83.177    -0.7289    -0.7286     0.0003    -0.7313    -0.7311     0.0003   2.792864   2.792783  -0.000076    34.2927    34.2914     7.5100    27.5695    27.5684    34.2926    27.5694    1446.17    1446.17    -0.7313  1027.9765    34.4587 0.0000e+00
       8753 312.380934  -62.15448  -58.40334      0.951    1445.89     85.000     84.167    -0.7291    -0.7284     0.0006    -0.7315    -0.7309     0.0006   2.792873   2.792868  -0.000012    34.2924    34.2916     7.5009    27.5692    27.5685    34.2923    27.5691    1446.19    1446.19    -0.7315  1027.9811    34.4584 0.0000e+00
       8780 312.380947  -62.15448  -58.40333      0.892    1445.89     86.000     85.157    -0.7281    -0.7273     0.0008    -0.7305    -0.7298     0.0008   2.793068   2.793085   0.000017    34.2932    34.2925     7.5039    27.5698    27.5692    34.2932    27.5698    1446.21    1446.21    -0.7305  1027.9866    34.4593 0.0000e+00
       8807 312.380960  -62.15448  -58.40332      0.875    1445.89     87.000     86.147    -0.7279    -0.7271     0.0008    -0.7304    -0.7296     0.0008   2.793151   2.793162   0.000009    34.2935    34.2927     7.5003    27.5701    27.5694    34.2935    27.5701    1446.23    1446.23    -0.7304  1027.9916    34.4596 0.0000e+00
       8833 312.380972  -62.15448  -58.40332      0.912    1445.89     88.000     87.137    -0.7278    -0.7270     0.0008    -0.7304    -0.7295     0.0008   2.793232   2.793222  -0.000006    34.2939    34.2929     7.5036    27.5704    27.5695    34.2939    27.5704    1446.24    1446.25    -0.7303  1027.9967    34.4600 0.0000e+00
       8856 312.380983  -62.15448  -58.40331      0.984    1445.89     89.000     88.127    -0.7276    -0.7269     0.0008    -0.7302    -0.7294     0.0008   2.793313   2.793310  -0.000009    34.2942    34.2932     7.4976    27.5706    27.5697    34.2942    27.5706    1446.26    1446.26    -0.7301  1028.0017    34.4603 0.0000e+00
       8879 312.380994  -62.15448  -58.40330      1.043    1445.89     90.000     89.117    -0.7275    -0.7267     0.0007    -0.7301    -0.7294     0.0007   2.793360   2.793366   0.000007    34.2940    34.2933     7.4989    27.5704    27.5698    34.2940    27.5704    1446.28    1446.28    -0.7300  1028.0064    34.4601 0.0000e+00
       8902 312.381005  -62.15448  -58.40329      1.056    1445.89     91.000     90.107    -0.7273    -0.7265     0.0008    -0.7299    -0.7291     0.0008   2.793422   2.793437   0.000012    34.2940    34.2933     7.4986    27.5705    27.5698    34.2940    27.5704    1446.30    1446.30    -0.7299  1028.0112    34.4602 0.0000e+00
       8927 312.381017  -62.15448  -58.40328      1.008    1445.89     92.000     91.097    -0.7272    -0.7265     0.0007    -0.7299    -0.7292     0.0007   2.793467   2.793481   0.000014    34.2939    34.2933     7.5040    27.5704    27.5698    34.2939    27.5704    1446.31    1446.31    -0.7298  1028.0158    34.4601 0.0000e+00
       8954 312.381030  -62.15448  -58.40328      0.919    1445.89     93.000     92.087    -0.7274    -0.7266     0.0008    -0.7301    -0.7294     0.0008   2.793518   2.793528   0.000010    34.2942    34.2935     7.4974    27.5706    27.5700    34.2942    27.5706    1446.33    1446.33    -0.7300  1028.0209    34.4604 0.0000e+00
       8981 312.381044  -62.15448  -58.40326      0.877    1445.89     94.000     93.077    -0.7280    -0.7272     0.0008    -0.7307    -0.7299     0.0008   2.793537   2.793532  -0.000003    34.2945    34.2936     7.4919    27.5709    27.5702    34.2945    27.5709    1446.34    1446.35    -0.7307  1028.0260    34.4607 0.0000e+00
       9007 312.381056  -62.15448  -58.40326      0.896    1445.89     95.000     94.067    -0.7327    -0.7315     0.0013    -0.7355    -0.7342     0.0013   2.793282   2.793276  -0.000003    34.2963    34.2948     7.4956    27.5725    27.5712    34.2958    27.5721    1446.34    1446.34    -0.7354  1028.0321    34.4621 0.0000e+00
       9033 312.381069  -62.15448  -58.40326      0.933    1445.89     96.000     95.057    -0.7335    -0.7328     0.0007    -0.7363    -0.7356     0.0007   2.793247   2.793249 4.9874e-07    34.2958    34.2950     7.4852    27.5721    27.5715    34.2956    27.5720    1446.35    1446.35    -0.7362  1028.0367    34.4619 0.0000e+00
       9058 312.381081  -62.15448  -58.40324      0.953    1445.89     97.000     96.047    -0.7336    -0.7325     0.0011    -0.7364    -0.7353     0.0011   2.793289   2.793322   0.000031    34.2958    34.2950     7.4836    27.5722    27.5714    34.2957    27.5720    1446.37    1446.37    -0.7363  1028.0415    34.4619 0.0000e+00
