Pos-Processados/process_op42/operantar42_001.ros
* Sea-Bird SBE 9 Data File:
* FileName = C:\Users\Hidrografia\Desktop\OPXLII\Brutos\OP42001.hdr
* Software Version Seasave V 7.26.7.107
* Temperature SN = 6502
* Conductivity SN = 4998
* Number of Bytes Per Scan = 37
* Number of Voltage Words = 4
* Number of Scans Averaged by the Deck Unit = 1
* NMEA Latitude = 37 22.97 S
* NMEA Longitude = 051 25.37 W
* NMEA UTC (Time) = Oct 16 2023 02:33:28
* NMEA baud rate = 4800
** H41
** NPOALTEMAXIMIANO
** NUMERO DA ESTACAO (XXX) 001
** LAT (XX XX.XX S/N) 37 21.653 S
** LONG (XXX XX.XX W/E) 51 23.878 W
** DATAHORA (dd/mm/aaaa hh:mm Z) 16/10/2023 0155
** PROFUNDIDADE (m) 4344
** OPERADOR CT FILIPE LOPES
# nquan = 24
# nvalues = 3667                                  
# units = specified
# name 0 = scan: Scan Count
# name 1 = timeJ: Julian Days
# name 2 = latitude: Latitude [deg]
# name 3 = longitude: Longitude [deg]
# name 4 = dz/dtM: Descent Rate [m/s]
# name 5 = avgsvCM: Average Sound Velocity [Chen-Millero, m/s]
# name 6 = prDM: Pressure, Digiquartz [db]
# name 7 = depSM: Depth [salt water, m]
# name 8 = t090C: Temperature [ITS-90, deg C]
# name 9 = t190C: Temperature, 2 [ITS-90, deg C]
# name 10 = T2-T190C: Temperature Difference, 2 - 1 [ITS-90, deg C]
# name 11 = potemp090C: Potential Temperature [ITS-90, deg C]
# name 12 = potemp190C: Potential Temperature, 2 [ITS-90, deg C]
# name 13 = potemp90Cdiff: Potential Temperature, Diff, 2 - 1 [ITS-90, deg C]
# name 14 = c0S/m: Conductivity [S/m]
# name 15 = c1S/m: Conductivity, 2 [S/m]
# name 16 = C2-C1S/m: Conductivity Difference, 2 - 1 [S/m]
# name 17 = sal00: Salinity, Practical [PSU]
# name 18 = sal11: Salinity, Practical, 2 [PSU]
# name 19 = sbeox0ML/L: Oxygen, SBE 43 [ml/l]
# name 20 = sigma-é00: Density [sigma-theta, kg/m^3]
# name 21 = sigma-é11: Density, 2 [sigma-theta, kg/m^3]
# name 22 = nbf: Bottles Fired
# name 23 = flag:  0.000e+00
# interval = seconds: 0.0416667
# start_time = Oct 16 2023 02:33:28 [NMEA time, header]
# bad_flag = -9.990e-29
*END*
[from data line 2476]
      75231 289.142854  -37.40026  -51.44832      0.016    1502.20     30.239     30.012    18.7086    18.7087     0.0001    18.7032    18.7034     0.0001   4.815746   4.815811   0.000065    36.2943    36.2948     5.0570    26.0868    26.0872         17  0.000e+00
      75232 289.142854  -37.40026  -51.44832      0.023    1502.20     30.287     30.060    18.7084    18.7078    -0.0006    18.7031    18.7025    -0.0006   4.815626   4.815707   0.000080    36.2935    36.2947     5.0577    26.0862    26.0873         17  0.000e+00
      75233 289.142855  -37.40026  -51.44832      0.022    1502.20     30.231     30.004    18.7081    18.7059    -0.0021    18.7027    18.7006    -0.0021   4.815697   4.815449  -0.000248    36.2944    36.2942     5.0547    26.0870    26.0874         17  0.000e+00
      75234 289.142855  -37.40026  -51.44832      0.026    1502.20     30.303     30.076    18.7077    18.7044    -0.0033    18.7023    18.6990    -0.0033   4.815676   4.815240  -0.000436    36.2945    36.2937     5.0589    26.0872    26.0874         17  0.000e+00
      75235 289.142856  -37.40026  -51.44832      0.029    1502.20     30.287     30.060    18.7077    18.7035    -0.0042    18.7024    18.6982    -0.0042   4.815669   4.815170  -0.000498    36.2944    36.2939     5.0560    26.0871    26.0878         17  0.000e+00
      75236 289.142856  -37.40026  -51.44834      0.031    1502.20     30.287     30.060    18.7077    18.7039    -0.0039    18.7024    18.6985    -0.0039   4.815633   4.815261  -0.000372    36.2941    36.2944     5.0601    26.0869    26.0881         17  0.000e+00
      75237 289.142857  -37.40026  -51.44834      0.034    1502.20     30.303     30.076    18.7077    18.7037    -0.0040    18.7024    18.6983    -0.0040   4.815676   4.815282  -0.000394    36.2945    36.2947     5.0608    26.0872    26.0884         17  0.000e+00
      75238 289.142857  -37.40026  -51.44834      0.033    1502.20     30.287     30.060    18.7080    18.7044    -0.0036    18.7027    18.6990    -0.0036   4.815711   4.815345  -0.000366    36.2945    36.2946     5.0613    26.0871    26.0881         17  0.000e+00
      75239 289.142858  -37.40026  -51.44834      0.032    1502.20     30.239     30.012    18.7084    18.7051    -0.0034    18.7031    18.6997    -0.0034   4.815697   4.815393  -0.000304    36.2941    36.2945     5.0618    26.0867    26.0878         17  0.000e+00
      75240 289.142858  -37.40026  -51.44834      0.035    1502.20     30.287     30.060    18.7083    18.7058    -0.0025    18.7029    18.7004    -0.0025   4.815697   4.815491  -0.000206    36.2942    36.2946     5.0624    26.0868    26.0878         17  0.000e+00
      75241 289.142859  -37.40026  -51.44834      0.036    1502.20     30.287     30.060    18.7080    18.7063    -0.0017    18.7027    18.7009    -0.0017   4.815633   4.815588  -0.000045    36.2939    36.2950     5.0629    26.0866    26.0879         17  0.000e+00
      75242 289.142859  -37.40026  -51.44834      0.039    1502.20     30.303     30.076    18.7081    18.7067    -0.0014    18.7027    18.7013    -0.0014   4.815626   4.815637   0.000011    36.2938    36.2951     5.0635    26.0865    26.0879         17  0.000e+00
      75243 289.142860  -37.40026  -51.44834      0.044    1502.20     30.343     30.116    18.7079    18.7067    -0.0013    18.7025    18.7013    -0.0013   4.815647   4.815623  -0.000024    36.2941    36.2950     5.0641    26.0868    26.0878         17  0.000e+00
      75244 289.142860  -37.40026  -51.44834      0.041    1502.20     30.287     30.060    18.7084    18.7067    -0.0018    18.7031    18.7013    -0.0018   4.815718   4.815609  -0.000109    36.2942    36.2949     5.0643    26.0868    26.0878         17  0.000e+00
      75245 289.142861  -37.40026  -51.44834      0.043    1502.20     30.303     30.076    18.7086    18.7067    -0.0019    18.7032    18.7013    -0.0019   4.815654   4.815574  -0.000080    36.2936    36.2946     5.0647    26.0863    26.0875         17  0.000e+00
      75246 289.142861  -37.40026  -51.44834      0.044    1502.20     30.287     30.060    18.7086    18.7061    -0.0025    18.7032    18.7008    -0.0025   4.815676   4.815484  -0.000192    36.2937    36.2943     5.0650    26.0864    26.0874         17  0.000e+00
      75247 289.142862  -37.40026  -51.44834      0.046    1502.20     30.303     30.076    18.7088    18.7054    -0.0033    18.7034    18.7000    -0.0033   4.815725   4.815477  -0.000248    36.2940    36.2948     5.0650    26.0865    26.0880         17  0.000e+00
      75248 289.142862  -37.40026  -51.44834      0.043    1502.20     30.287     30.060    18.7080    18.7058    -0.0023    18.7027    18.7004    -0.0023   4.815598   4.815484  -0.000114    36.2936    36.2946     5.0654    26.0864    26.0878         17  0.000e+00
      75249 289.142863  -37.40026  -51.44834      0.046    1502.20     30.343     30.116    18.7062    18.7058    -0.0004    18.7008    18.7004    -0.0004   4.815323   4.815519   0.000196    36.2929    36.2949     5.0656    26.0863    26.0880         17  0.000e+00
      75250 289.142863  -37.40026  -51.44834      0.047    1502.20     30.303     30.076    18.7057    18.7056    -0.0001    18.7003    18.7002    -0.0001   4.815337   4.815491   0.000154    36.2934    36.2948     5.0659    26.0869    26.0880         17  0.000e+00
      75251 289.142864  -37.40026  -51.44834      0.047    1502.20     30.287     30.060    18.7065    18.7054    -0.0011    18.7011    18.7001    -0.0011   4.815492   4.815428  -0.000064    36.2940    36.2944     5.0661    26.0871    26.0877         17  0.000e+00
      75252 289.142864  -37.40026  -51.44834      0.050    1502.20     30.344     30.116    18.7074    18.7051    -0.0023    18.7020    18.6997    -0.0023   4.815577   4.815435  -0.000142    36.2940    36.2948     5.0661    26.0869    26.0881         17  0.000e+00
      75253 289.142865  -37.40026  -51.44834      0.050    1502.20     30.303     30.076    18.7079    18.7048    -0.0032    18.7025    18.6994    -0.0032   4.815669   4.815379  -0.000289    36.2943    36.2946     5.0660    26.0870    26.0880         17  0.000e+00
      75254 289.142865  -37.40026  -51.44834      0.046    1502.20     30.287     30.060    18.7083    18.7049    -0.0033    18.7029    18.6996    -0.0033   4.815725   4.815400  -0.000325    36.2944    36.2946     5.0660    26.0870    26.0880         17  0.000e+00
      75255 289.142866  -37.40026  -51.44834      0.053    1502.20     30.360     30.132    18.7087    18.7052    -0.0035    18.7033    18.6999    -0.0035   4.815718   4.815435  -0.000283    36.2939    36.2946     5.0660    26.0865    26.0879         17  0.000e+00
      75256 289.142866  -37.40026  -51.44834      0.048    1502.20     30.287     30.060    18.7084    18.7056    -0.0028    18.7031    18.7002    -0.0028   4.815732   4.815484  -0.000248    36.2944    36.2947     5.0659    26.0869    26.0879         17  0.000e+00
      75257 289.142867  -37.40026  -51.44834      0.050    1502.20     30.344     30.116    18.7083    18.7059    -0.0023    18.7029    18.7006    -0.0023   4.815676   4.815546  -0.000129    36.2940    36.2949     5.0696    26.0867    26.0880         17  0.000e+00
      75258 289.142867  -37.40026  -51.44834      0.052    1502.20     30.360     30.132    18.7077    18.7054    -0.0023    18.7024    18.7000    -0.0023   4.815513   4.815442  -0.000071    36.2931    36.2945     5.0699    26.0861    26.0878         17  0.000e+00
      75259 289.142867  -37.40026  -51.44834      0.051    1502.20     30.287     30.060    18.7070    18.7052    -0.0017    18.7016    18.6999    -0.0017   4.815429   4.815442   0.000013    36.2931    36.2947     5.0701    26.0863    26.0880         17  0.000e+00
      75260 289.142868  -37.40026  -51.44834      0.048    1502.20     30.287     30.060    18.7070    18.7052    -0.0018    18.7016    18.6999    -0.0018   4.815443   4.815414  -0.000028    36.2931    36.2945     5.0702    26.0863    26.0878         17  0.000e+00
      75261 289.142868  -37.40026  -51.44834      0.050    1502.20     30.360     30.132    18.7072    18.7049    -0.0023    18.7018    18.6996    -0.0023   4.815499   4.815379  -0.000120    36.2934    36.2944     5.0701    26.0865    26.0878         17  0.000e+00
      75262 289.142869  -37.40026  -51.44834      0.051    1502.20     30.344     30.116    18.7068    18.7044    -0.0024    18.7014    18.6990    -0.0024   4.815471   4.815268  -0.000203    36.2935    36.2939     5.0702    26.0867    26.0876         17  0.000e+00
      75263 289.142869  -37.40026  -51.44834      0.049    1502.20     30.303     30.076    18.7072    18.7039    -0.0033    18.7018    18.6985    -0.0033   4.815577   4.815240  -0.000337    36.2941    36.2942     5.0702    26.0870    26.0879         17  0.000e+00
      75264 289.142870  -37.40026  -51.44834      0.050    1502.20     30.344     30.116    18.7079    18.7041    -0.0039    18.7025    18.6987    -0.0039   4.815739   4.815282  -0.000457    36.2948    36.2944     5.0702    26.0874    26.0880         17  0.000e+00
      75265 289.142870  -37.40026  -51.44834      0.049    1502.20     30.344     30.116    18.7089    18.7044    -0.0045    18.7036    18.6990    -0.0045   4.815824   4.815345  -0.000479    36.2947    36.2946     5.0702    26.0870    26.0881         17  0.000e+00
      75266 289.142871  -37.40026  -51.44834      0.047    1502.20     30.303     30.076    18.7094    18.7048    -0.0047    18.7041    18.6994    -0.0047   4.815880   4.815338  -0.000543    36.2947    36.2942     5.0701    26.0869    26.0877         17  0.000e+00
      75267 289.142871  -37.40026  -51.44834      0.046    1502.20     30.344     30.116    18.7094    18.7049    -0.0045    18.7041    18.6996    -0.0045   4.815866   4.815352  -0.000515    36.2946    36.2942     5.0738    26.0868    26.0877         17  0.000e+00
      75268 289.142872  -37.40026  -51.44834      0.049    1502.20     30.344     30.116    18.7089    18.7048    -0.0042    18.7036    18.6994    -0.0042   4.815774   4.815386  -0.000388    36.2942    36.2946     5.0741    26.0867    26.0881         17  0.000e+00
      75269 289.142872  -37.40026  -51.44834      0.046    1502.20     30.303     30.076    18.7088    18.7051    -0.0037    18.7034    18.6997    -0.0037   4.815739   4.815442  -0.000297    36.2941    36.2948     5.0706    26.0866    26.0881         17  0.000e+00
      75270 289.142873  -37.40026  -51.44834      0.045    1502.20     30.344     30.116    18.7086    18.7058    -0.0028    18.7032    18.7004    -0.0028   4.815796   4.815477  -0.000319    36.2948    36.2945     5.0706    26.0872    26.0877         17  0.000e+00
      75271 289.142873  -37.40026  -51.44834      0.044    1502.20     30.360     30.132    18.7084    18.7059    -0.0025    18.7030    18.7006    -0.0025   4.815796   4.815519  -0.000277    36.2949    36.2947     5.0705    26.0873    26.0878         17  0.000e+00
      75272 289.142874  -37.40026  -51.44834      0.043    1502.20     30.344     30.116    18.7079    18.7063    -0.0016    18.7025    18.7009    -0.0016   4.815718   4.815553  -0.000165    36.2947    36.2947     5.0740    26.0873    26.0877         17  0.000e+00
      75273 289.142874  -37.40026  -51.44834      0.041    1502.20     30.287     30.060    18.7070    18.7056    -0.0014    18.7016    18.7002    -0.0014   4.815661   4.815505  -0.000157    36.2950    36.2949     5.0744    26.0878    26.0881         17  0.000e+00
      75274 289.142875  -37.40026  -51.44834      0.040    1502.20     30.360     30.132    18.7065    18.7054    -0.0011    18.7011    18.7000    -0.0011   4.815549   4.815428  -0.000120    36.2945    36.2944     5.0746    26.0875    26.0877         17  0.000e+00
      75275 289.142875  -37.40026  -51.44834      0.042    1502.20     30.408     30.180    18.7067    18.7059    -0.0007    18.7013    18.7006    -0.0007   4.815556   4.815400  -0.000155    36.2944    36.2937     5.0747    26.0874    26.0870         17  0.000e+00
      75276 289.142876  -37.40026  -51.44834      0.043    1502.20     30.344     30.116    18.7068    18.7059    -0.0009    18.7015    18.7006    -0.0009   4.815577   4.815498  -0.000079    36.2944    36.2945     5.0710    26.0873    26.0877         17  0.000e+00
      75277 289.142876  -37.40026  -51.44834      0.037    1502.20     30.304     30.076    18.7065    18.7058    -0.0007    18.7011    18.7004    -0.0007   4.815577   4.815491  -0.000086    36.2948    36.2946     5.0710    26.0877    26.0878         17  0.000e+00
      75278 289.142877  -37.40026  -51.44834      0.036    1502.20     30.287     30.060    18.7062    18.7051    -0.0011    18.7008    18.6997    -0.0011   4.815527   4.815449  -0.000078    36.2946    36.2949     5.0710    26.0877    26.0882         17  0.000e+00
      75279 289.142877  -37.40026  -51.44834      0.040    1502.20     30.416     30.188    18.7054    18.7049    -0.0005    18.7000    18.6995    -0.0005   4.815436   4.815359  -0.000077    36.2944    36.2942     5.0712    26.0877    26.0877         17  0.000e+00
      75280 289.142878  -37.40026  -51.44834      0.034    1502.20     30.287     30.060    18.7054    18.7049    -0.0005    18.7000    18.6996    -0.0005   4.815471   4.815351  -0.000119    36.2948    36.2942     5.0710    26.0880    26.0877         17  0.000e+00
      75281 289.142878  -37.40026  -51.44834      0.034    1502.20     30.344     30.116    18.7053    18.7046    -0.0007    18.6999    18.6992    -0.0007   4.815414   4.815310  -0.000105    36.2944    36.2941     5.0711    26.0878    26.0877         17  0.000e+00
      75282 289.142879  -37.40026  -51.44834      0.031    1502.20     30.360     30.132    18.7053    18.7044    -0.0009    18.6999    18.6990    -0.0009   4.815407   4.815282  -0.000125    36.2944    36.2941     5.0707    26.0877    26.0877         17  0.000e+00
      75283 289.142879  -37.40026  -51.44834      0.032    1502.20     30.344     30.116    18.7054    18.7044    -0.0010    18.7001    18.6990    -0.0010   4.815471   4.815282  -0.000189    36.2948    36.2941     5.0706    26.0880    26.0877         17  0.000e+00
      75284 289.142880  -37.40026  -51.44836      0.031    1502.20     30.344     30.116    18.7049    18.7046    -0.0003    18.6995    18.6992    -0.0003   4.815386   4.815317  -0.000070    36.2945    36.2942     5.0703    26.0879    26.0878         17  0.000e+00
      75285 289.142880  -37.40026  -51.44836      0.028    1502.20     30.304     30.076    18.7039    18.7048     0.0009    18.6985    18.6994     0.0009   4.815309   4.815351   0.000043    36.2947    36.2944     5.0703    26.0883    26.0878         17  0.000e+00
      75286 289.142880  -37.40026  -51.44836      0.028    1502.20     30.344     30.116    18.7034    18.7051     0.0017    18.6980    18.6997     0.0017   4.815167   4.815400   0.000233    36.2940    36.2945     5.0703    26.0879    26.0879         17  0.000e+00
      75287 289.142881  -37.40026  -51.44836      0.028    1502.20     30.344     30.116    18.7030    18.7054     0.0025    18.6976    18.7000     0.0025   4.815217   4.815435   0.000218    36.2948    36.2945     5.0702    26.0886    26.0878         17  0.000e+00
      75288 289.142881  -37.40026  -51.44836      0.025    1502.20     30.360     30.132    18.7030    18.7061     0.0031    18.6976    18.7007     0.0031   4.815231   4.815470   0.000239    36.2949    36.2941     5.0700    26.0887    26.0873         17  0.000e+00
      75289 289.142882  -37.40026  -51.44836      0.023    1502.20     30.344     30.116    18.7028    18.7061     0.0033    18.6975    18.7007     0.0033   4.815182   4.815519   0.000337    36.2946    36.2946     5.0699    26.0885    26.0876         17  0.000e+00
