Pos-Processados/process_op42/operantar42_016.cnv
* Sea-Bird SBE 9 Data File:
* FileName = C:\Users\Hidrografia\Desktop\OPXLII\Brutos\OP42016.hdr
* Software Version Seasave V 7.26.7.107
* Temperature SN = 6502
* Conductivity SN = 4998
* Number of Bytes Per Scan = 31
* Number of Voltage Words = 2
* Number of Scans Averaged by the Deck Unit = 1
* NMEA Latitude = 47 17.16 S
* NMEA Longitude = 059 17.59 W
* NMEA UTC (Time) = Oct 21 2023 04:54:38
* NMEA baud rate = 4800
** H41
** NPOALTEMAXIMIANO
** NUMERO DA ESTACAO (XXX) 016
** LAT (XX XX.XX S/N) 47 17.23 S
** LONG (XXX XX.XX W/E) 059 17.82 W
** DATAHORA (dd/mm/aaaa hh:mm Z) 21/10/2023 0454Z
** PROFUNDIDADE (m) 1301
** OPERADOR CT FABIREZA
# nquan = 30
# nvalues = 2020                        
# units = specified
# name 0 = scan: Scan Count
# name 1 = timeJ: Julian Days
# name 2 = latitude: Latitude [deg]
# name 3 = longitude: Longitude [deg]
# name 4 = dz/dtM: Descent Rate [m/s]
# name 5 = avgsvCM: Average Sound Velocity [Chen-Millero, m/s]
# name 6 = prDM: Pressure, Digiquartz [db]
# name 7 = depSM: Depth [salt water, m]
# name 8 = t090C: Temperature [ITS-90, deg C]
# name 9 = t190C: Temperature, 2 [ITS-90, deg C]
# name 10 = T2-T190C: Temperature Difference, 2 - 1 [ITS-90, deg C]
# name 11 = potemp090C: Potential Temperature [ITS-90, deg C]
# name 12 = potemp190C: Potential Temperature, 2 [ITS-90, deg C]
# name 13 = potemp90Cdiff: Potential Temperature, Diff, 2 - 1 [ITS-90, deg C]
# name 14 = c0S/m: Conductivity [S/m]
# name 15 = c1S/m: Conductivity, 2 [S/m]
# name 16 = C2-C1S/m: Conductivity Difference, 2 - 1 [S/m]
# name 17 = sal00: Salinity, Practical [PSU]
# name 18 = sal11: Salinity, Practical, 2 [PSU]
# name 19 = sbeox0ML/L: Oxygen, SBE 43 [ml/l]
# name 20 = sigma-é00: Density [sigma-theta, kg/m^3]
# name 21 = sigma-é11: Density, 2 [sigma-theta, kg/m^3]
# name 22 = sal00: Salinity, Practical [PSU]
# name 23 = sigma-é00: Density [sigma-theta, kg/m^3]
# name 24 = svCM: Sound Velocity [Chen-Millero, m/s]
# name 25 = svCM1: Sound Velocity, 2 [Chen-Millero, m/s]
# name 26 = gsw_ptA0: potential temperature [ITS-90, deg C]
# name 27 = gsw_densityA0: density, TEOS-10 [density, kg/m^3]
# name 28 = gsw_saA0: Absolute Salinity [g/kg]
# name 29 = flag:
# span 0 =       2428,      65192       
# span 1 = 294.205777, 294.236045       
# span 2 =  -47.28682,  -47.28420       
# span 3 =  -59.30431,  -59.29248       
# span 4 =     -1.522,      1.451       
# span 5 =       0.00,    1502.37       
# span 6 =      2.000,   1012.000       
# span 7 =      2.000,   1001.132       
# span 8 =     2.6927,     6.2522       
# span 9 =     2.6936,     6.2535       
# span 10 =    -0.0345,     0.0544      
# span 11 =     2.6265,     6.2518      
# span 12 =     2.6274,     6.2530      
# span 13 =    -0.0345,     0.0544      
# span 14 =   3.134433,   3.372951      
# span 15 =   3.134462,   3.372998      
# span 16 =  -0.003096,   0.004906      
# span 17 =    34.0117,    34.3942      
# span 18 =    34.0168,    34.3938      
# span 19 =     4.3024,     7.3455      
# span 20 =    26.7451,    27.4343      
# span 21 =    26.7451,    27.4338      
# span 22 =    34.0168,    34.3934      
# span 23 =    26.7453,    27.4340      
# span 24 =    1469.45,    1476.99      
# span 25 =    1469.47,    1476.99      
# span 26 =     2.6264,     6.2518      
# span 27 =  1026.7605,  1032.1323      
# span 28 =    34.1775,    34.5604      
# span 29 = 0.0000e+00, 0.0000e+00      
# interval = decibars: 1                
# start_time = Oct 21 2023 04:54:38 [NMEA time, header]
# bad_flag = -9.990e-29
*END*
[from data line 1789]
      52561 294.229954  -47.28484  -59.30154     -0.975    1472.95    232.000    229.939     4.4018     4.4036     0.0018     4.3850     4.3868     0.0018   3.227171   3.227270   0.000098    34.1190    34.1183     6.7439    27.0449    27.0442    34.1193    27.0452    1470.95    1470.96     4.3850  1028.1216    34.2811 0.0000e+00
      52588 294.229967  -47.28484  -59.30154     -0.912    1472.95    231.000    228.948     4.4025     4.4040     0.0014     4.3858     4.3873     0.0014   3.227184   3.227258   0.000080    34.1189    34.1183     6.7428    27.0448    27.0442    34.1193    27.0451    1470.94    1470.95     4.3858  1028.1169    34.2810 0.0000e+00
      52621 294.229983  -47.28484  -59.30156     -0.781    1472.95    230.000    227.958     4.4031     4.4041     0.0010     4.3864     4.3875     0.0010   3.227189   3.227218   0.000031    34.1190    34.1183     6.7413    27.0448    27.0441    34.1193    27.0450    1470.93    1470.93     4.3864  1028.1122    34.2810 0.0000e+00
      52656 294.229999  -47.28484  -59.30156     -0.674    1472.95    229.000    226.968     4.4032     4.4042     0.0010     4.3867     4.3876     0.0010   3.227143   3.227182   0.000041    34.1189    34.1184     6.7335    27.0447    27.0442    34.1191    27.0448    1470.91    1470.91     4.3866  1028.1074    34.2808 0.0000e+00
      52685 294.230013  -47.28484  -59.30156     -0.778    1472.95    228.000    225.976     4.4032     4.4041     0.0010     4.3867     4.3877     0.0010   3.227098   3.227119   0.000022    34.1190    34.1183     6.7309    27.0448    27.0441    34.1191    27.0449    1470.89    1470.90     4.3867  1028.1028    34.2809 0.0000e+00
      52711 294.230026  -47.28482 -9.990e-29     -0.896    1472.95    227.000    224.986     4.4031     4.4040     0.0009     4.3867     4.3876     0.0009   3.227038   3.227067   0.000030    34.1189    34.1184     6.7453    27.0447    27.0442    34.1190    27.0448    1470.88    1470.88     4.3867  1028.0987    34.2816 0.0000e+00
      52734 294.230037  -47.28482 -9.990e-29     -0.968    1472.95    226.000    223.995     4.4030     4.4039     0.0009     4.3866     4.3876     0.0009   3.226983   3.226996   0.000015    34.1190    34.1182     6.7453    27.0447    27.0440    34.1190    27.0448    1470.86    1470.86     4.3866  1028.0941    34.2816 0.0000e+00
      52757 294.230048  -47.28482 -9.990e-29     -1.026    1472.95    225.000    223.005     4.4028     4.4038     0.0010     4.3866     4.3876     0.0010   3.226910   3.226932   0.000022    34.1188    34.1180     6.7369    27.0447    27.0439    34.1189    27.0447    1470.84    1470.84     4.3865  1028.0894    34.2814 0.0000e+00
      52781 294.230060  -47.28482 -9.990e-29     -1.039    1472.95    224.000    222.014     4.4029     4.4040     0.0011     4.3867     4.3878     0.0011   3.226849   3.226889   0.000037    34.1186    34.1179     6.7375    27.0444    27.0438    34.1186    27.0445    1470.83    1470.83     4.3867  1028.0845    34.2811 0.0000e+00
      52805 294.230071  -47.28482  -59.30160     -1.023    1472.95    223.000    221.024     4.4031     4.4047     0.0015     4.3870     4.3885     0.0015   3.226841   3.226899   0.000057    34.1187    34.1178     6.7436    27.0445    27.0436    34.1188    27.0446    1470.81    1470.82     4.3870  1028.0795    34.2807 0.0000e+00
      52831 294.230084  -47.28482  -59.30160     -0.960    1472.95    222.000    220.034     4.4042     4.4059     0.0016     4.3882     4.3898     0.0016   3.226856   3.226942   0.000081    34.1183    34.1176     6.7456    27.0440    27.0433    34.1184    27.0441    1470.80    1470.80     4.3881  1028.0742    34.2801 0.0000e+00
      52858 294.230097  -47.28482  -59.30160     -0.891    1472.95    221.000    219.043     4.4051     4.4071     0.0020     4.3892     4.3911     0.0020   3.226889   3.227002   0.000109    34.1181    34.1174     6.7400    27.0438    27.0430    34.1184    27.0440    1470.79    1470.79     4.3891  1028.0695    34.2801 0.0000e+00
      52885 294.230110  -47.28482  -59.30162     -0.880    1472.95    220.000    218.052     4.4069     4.4097     0.0028     4.3910     4.3938     0.0028   3.227002   3.227173   0.000175    34.1180    34.1172     6.7412    27.0435    27.0426    34.1184    27.0438    1470.78    1470.79     4.3910  1028.0647    34.2801 0.0000e+00
      52915 294.230124  -47.28482  -59.30162     -0.842    1472.95    219.000    217.061     4.4101     4.4113     0.0012     4.3943     4.3954     0.0012   3.227239   3.227269   0.000035    34.1180    34.1173     6.7463    27.0432    27.0424    34.1184    27.0434    1470.77    1470.78     4.3942  1028.0597    34.2801 0.0000e+00
      52954 294.230143  -47.28482  -59.30164     -0.628    1472.95    218.000    216.071     4.4132     4.4134     0.0003     4.3974     4.3977     0.0003   3.227433   3.227421  -0.000015    34.1177    34.1172     6.7566    27.0426    27.0421    34.1180    27.0428    1470.77    1470.77     4.3974  1028.0544    34.2797 0.0000e+00
      52991 294.230161  -47.28482  -59.30164     -0.614    1472.95    217.000    215.080     4.4145     4.4175     0.0030     4.3988     4.4018     0.0030   3.227502   3.227699   0.000196    34.1177    34.1168     6.7629    27.0424    27.0414    34.1180    27.0426    1470.76    1470.77     4.3988  1028.0496    34.2797 0.0000e+00
      53016 294.230173  -47.28482  -59.30164     -0.839    1472.95    216.000    214.090     4.4179     4.4183     0.0004     4.4023     4.4027     0.0004   3.227785   3.227750  -0.000045    34.1177    34.1167     6.7594    27.0421    27.0413    34.1183    27.0426    1470.76    1470.76     4.4022  1028.0449    34.2800 0.0000e+00
      53038 294.230184  -47.28482  -59.30165     -1.032    1472.95    215.000    213.099     4.4232     4.4256     0.0024     4.4076     4.4100     0.0024   3.228144   3.228268   0.000125    34.1169    34.1159     6.7494    27.0408    27.0398    34.1176    27.0414    1470.76    1470.77     4.4076  1028.0391    34.2793 0.0000e+00
      53059 294.230194  -47.28482  -59.30166     -1.130    1472.95    214.000    212.108     4.4254     4.4287     0.0033     4.4099     4.4132     0.0033   3.228252   3.228453   0.000195    34.1165    34.1154     6.7521    27.0403    27.0391    34.1171    27.0407    1470.75    1470.77     4.4099  1028.0338    34.2788 0.0000e+00
      53082 294.230205  -47.28482  -59.30166     -1.096    1472.95    213.000    211.118     4.4274     4.4312     0.0037     4.4120     4.4157     0.0037   3.228371   3.228598   0.000215    34.1164    34.1151     6.7592    27.0400    27.0385    34.1169    27.0404    1470.75    1470.76     4.4120  1028.0288    34.2786 0.0000e+00
      53107 294.230217  -47.28482  -59.30166     -0.997    1472.95    212.000    210.128     4.4307     4.4331     0.0024     4.4154     4.4178     0.0024   3.228572   3.228713   0.000153    34.1156    34.1150     6.7694    27.0390    27.0382    34.1164    27.0396    1470.74    1470.75     4.4153  1028.0233    34.2781 0.0000e+00
      53132 294.230229  -47.28482  -59.30167     -0.960    1472.95    211.000    209.137     4.4338     4.4406     0.0069     4.4185     4.4253     0.0069   3.228797   3.229256   0.000443    34.1155    34.1136     6.7716    27.0385    27.0363    34.1164    27.0393    1470.74    1470.76     4.4185  1028.0184    34.2780 0.0000e+00
      53156 294.230241  -47.28481  -59.30168     -0.987    1472.95    210.000    208.145     4.4411     4.4433     0.0023     4.4258     4.4281     0.0023   3.229290   3.229411   0.000122    34.1143    34.1134     6.7745    27.0368    27.0359    34.1152    27.0375    1470.75    1470.76     4.4258  1028.0120    34.2768 0.0000e+00
      53180 294.230252  -47.28480  -59.30168     -0.993    1472.95    209.000    207.154     4.4438     4.4474     0.0036     4.4287     4.4323     0.0036   3.229476   3.229687   0.000206    34.1143    34.1130     6.7730    27.0365    27.0351    34.1150    27.0371    1470.74    1470.76     4.4286  1028.0069    34.2767 0.0000e+00
      53206 294.230265  -47.28480  -59.30169     -0.958    1472.95    208.000    206.164     4.4475     4.4508     0.0033     4.4324     4.4357     0.0033   3.229749   3.229951   0.000197    34.1141    34.1130     6.7732    27.0360    27.0347    34.1150    27.0366    1470.74    1470.76     4.4324  1028.0018    34.2766 0.0000e+00
      53232 294.230277  -47.28480  -59.30170     -0.926    1472.95    207.000    205.173     4.4503     4.4527     0.0024     4.4353     4.4377     0.0024   3.229933   3.230077   0.000146    34.1139    34.1131     6.7725    27.0355    27.0346    34.1147    27.0362    1470.74    1470.75     4.4352  1027.9967    34.2764 0.0000e+00
      53259 294.230290  -47.28480  -59.30170     -0.896    1472.95    206.000    204.183     4.4543     4.4570     0.0027     4.4393     4.4420     0.0027   3.230210   3.230393   0.000184    34.1136    34.1129     6.7669    27.0348    27.0340    34.1144    27.0355    1470.74    1470.75     4.4393  1027.9913    34.2761 0.0000e+00
      53286 294.230303  -47.28480  -59.30170     -0.887    1472.95    205.000    203.192     4.4565     4.4582     0.0017     4.4417     4.4433     0.0017   3.230381   3.230444   0.000072    34.1139    34.1130     6.7752    27.0348    27.0339    34.1146    27.0353    1470.73    1470.74     4.4416  1027.9867    34.2764 0.0000e+00
      53316 294.230318  -47.28480 -9.990e-29     -0.826    1472.95    204.000    202.201     4.4577     4.4590     0.0013     4.4429     4.4442     0.0012   3.230417   3.230462   0.000049    34.1137    34.1130     6.7788    27.0345    27.0338    34.1143    27.0350    1470.72    1470.72     4.4429  1027.9822    34.2767 0.0000e+00
      53346 294.230332  -47.28480 -9.990e-29     -0.800    1472.95    203.000    201.211     4.4583     4.4596     0.0013     4.4436     4.4448     0.0013   3.230434   3.230471   0.000043    34.1139    34.1131     6.7764    27.0346    27.0338    34.1144    27.0350    1470.70    1470.71     4.4435  1027.9776    34.2768 0.0000e+00
      53371 294.230344  -47.28480 -9.990e-29     -0.879    1472.95    202.000    200.220     4.4599     4.4606     0.0007     4.4453     4.4460     0.0007   3.230519   3.230510  -0.000003    34.1137    34.1130     6.7780    27.0343    27.0336    34.1143    27.0347    1470.70    1470.70     4.4452  1027.9727    34.2767 0.0000e+00
      53393 294.230355  -47.28480  -59.30174     -1.011    1472.95    201.000    199.229     4.4624     4.4632     0.0009     4.4478     4.4487     0.0009   3.230658   3.230677   0.000014    34.1133    34.1126     6.7824    27.0337    27.0330    34.1139    27.0342    1470.69    1470.69     4.4478  1027.9673    34.2761 0.0000e+00
      53414 294.230365  -47.28480  -59.30174     -1.122    1472.95    200.000    198.238     4.4631     4.4652     0.0022     4.4486     4.4507     0.0022   3.230654   3.230782   0.000125    34.1132    34.1125     6.7864    27.0335    27.0327    34.1137    27.0339    1470.67    1470.68     4.4485  1027.9620    34.2753 0.0000e+00
      53435 294.230375  -47.28480  -59.30174     -1.144    1472.95    199.000    197.248     4.4638     4.4655     0.0017     4.4494     4.4511     0.0017   3.230678   3.230761   0.000086    34.1132    34.1125     6.7838    27.0335    27.0327    34.1137    27.0338    1470.66    1470.67     4.4494  1027.9572    34.2753 0.0000e+00
      53461 294.230388  -47.28480  -59.30176     -1.030    1472.95    198.000    196.257     4.4647     4.4662     0.0015     4.4503     4.4519     0.0015   3.230702   3.230782   0.000083    34.1132    34.1126     6.7815    27.0333    27.0327    34.1136    27.0336    1470.65    1470.65     4.4503  1027.9525    34.2753 0.0000e+00
      53490 294.230402  -47.28480  -59.30176     -0.847    1472.95    197.000    195.267     4.4661     4.4668     0.0007     4.4518     4.4526     0.0007   3.230766   3.230777   0.000009    34.1131    34.1124     6.7719    27.0331    27.0325    34.1134    27.0333    1470.64    1470.64     4.4518  1027.9475    34.2751 0.0000e+00
      53516 294.230414  -47.28480  -59.30176     -0.866    1472.95    196.000    194.276     4.4668     4.4681     0.0013     4.4526     4.4539     0.0013   3.230773   3.230816   0.000044    34.1130    34.1121     6.7746    27.0329    27.0321    34.1133    27.0331    1470.62    1470.63     4.4526  1027.9427    34.2749 0.0000e+00
      53539 294.230425  -47.28480  -59.30176     -0.985    1472.95    195.000    193.285     4.4677     4.4683     0.0006     4.4535     4.4542     0.0006   3.230792   3.230780  -0.000009    34.1129    34.1121     6.7784    27.0327    27.0320    34.1131    27.0329    1470.61    1470.61     4.4535  1027.9378    34.2748 0.0000e+00
      53563 294.230437  -47.28480  -59.30177     -1.021    1472.95    194.000    192.294     4.4682     4.4700     0.0017     4.4542     4.4559     0.0017   3.230805   3.230881   0.000065    34.1130    34.1119     6.7795    27.0327    27.0317    34.1133    27.0329    1470.60    1470.60     4.4541  1027.9332    34.2749 0.0000e+00
      53590 294.230450  -47.28480  -59.30178     -0.939    1472.95    193.000    191.303     4.4695     4.4709     0.0014     4.4555     4.4569     0.0014   3.230841   3.230906   0.000067    34.1126    34.1119     6.7761    27.0323    27.0316    34.1129    27.0325    1470.59    1470.59     4.4555  1027.9283    34.2747 0.0000e+00
      53618 294.230464  -47.28480 -9.990e-29     -0.852    1472.95    192.000    190.313     4.4707     4.4724     0.0016     4.4568     4.4584     0.0016   3.230888   3.230962   0.000077    34.1124    34.1116     6.7778    27.0320    27.0312    34.1127    27.0322    1470.57    1470.58     4.4567  1027.9238    34.2750 0.0000e+00
      53644 294.230476  -47.28480 -9.990e-29     -0.892    1472.95    191.000    189.322     4.4720     4.4732     0.0012     4.4582     4.4594     0.0012   3.230954   3.230987   0.000033    34.1123    34.1115     6.7852    27.0318    27.0310    34.1127    27.0320    1470.56    1470.57     4.4581  1027.9190    34.2750 0.0000e+00
      53670 294.230488  -47.28480 -9.990e-29     -0.935    1472.95    190.000    188.331     4.4735     4.4752     0.0017     4.4597     4.4614     0.0017   3.231018   3.231093   0.000076    34.1121    34.1113     6.7862    27.0315    27.0306    34.1125    27.0317    1470.55    1470.56     4.4596  1027.9140    34.2747 0.0000e+00
      53696 294.230501  -47.28480  -59.30180     -0.921    1472.95    189.000    187.341     4.4746     4.4757     0.0010     4.4609     4.4619     0.0010   3.231051   3.231081   0.000028    34.1119    34.1112     6.7854    27.0312    27.0304    34.1122    27.0314    1470.54    1470.54     4.4609  1027.9088    34.2741 0.0000e+00
      53722 294.230514  -47.28478  -59.30182     -0.922    1472.95    188.000    186.350     4.4749     4.4763     0.0013     4.4613     4.4626     0.0013   3.231013   3.231064   0.000054    34.1117    34.1110     6.7933    27.0309    27.0302    34.1120    27.0311    1470.52    1470.53     4.4612  1027.9037    34.2736 0.0000e+00
      53747 294.230526  -47.28478  -59.30182     -0.952    1472.95    187.000    185.359     4.4755     4.4766     0.0012     4.4619     4.4631     0.0012   3.231005   3.231043   0.000038    34.1116    34.1108     6.7863    27.0308    27.0300    34.1118    27.0309    1470.51    1470.51     4.4619  1027.8988    34.2734 0.0000e+00
      53771 294.230537  -47.28478  -59.30182     -0.982    1472.95    186.000    184.368     4.4759     4.4768     0.0010     4.4624     4.4634     0.0010   3.230973   3.231000   0.000028    34.1114    34.1107     6.7838    27.0306    27.0299    34.1116    27.0307    1470.50    1470.50     4.4623  1027.8939    34.2732 0.0000e+00
