Pos-Processados/process_op42/operantar42_042.cnv
* Sea-Bird SBE 9 Data File:
* FileName = C:\Users\Hidrografia\Desktop\OPXLII\Brutos\OP42042.hdr
* Software Version Seasave V 7.26.7.107
* Temperature SN = 6502
* Conductivity SN = 4998
* Number of Bytes Per Scan = 37
* Number of Voltage Words = 4
* Number of Scans Averaged by the Deck Unit = 1
* NMEA Latitude = 62 08.39 S
* NMEA Longitude = 058 26.43 W
* NMEA UTC (Time) = Nov 09 2023 17:06:28
* NMEA baud rate = 4800
** H41
** NPOALTEMAXIMIANO
** NUMERO DA ESTACAO (XXX) 042
** LAT (XX XX.XX S/N) 62 08.441S
** LONG (XXX XX.XX W/E) 058 26.341 W
** DATAHORA (dd/mm/aaaa hh:mm Z) 09/11/2023 1705Z
** PROFUNDIDADE (m) 425
** OPERADOR CT FILIPE LOPES
# nquan = 30
# nvalues = 744                         
# units = specified
# name 0 = scan: Scan Count
# name 1 = timeJ: Julian Days
# name 2 = latitude: Latitude [deg]
# name 3 = longitude: Longitude [deg]
# name 4 = dz/dtM: Descent Rate [m/s]
# name 5 = avgsvCM: Average Sound Velocity [Chen-Millero, m/s]
# name 6 = prDM: Pressure, Digiquartz [db]
# name 7 = depSM: Depth [salt water, m]
# name 8 = t090C: Temperature [ITS-90, deg C]
# name 9 = t190C: Temperature, 2 [ITS-90, deg C]
# name 10 = T2-T190C: Temperature Difference, 2 - 1 [ITS-90, deg C]
# name 11 = potemp090C: Potential Temperature [ITS-90, deg C]
# name 12 = potemp190C: Potential Temperature, 2 [ITS-90, deg C]
# name 13 = potemp90Cdiff: Potential Temperature, Diff, 2 - 1 [ITS-90, deg C]
# name 14 = c0S/m: Conductivity [S/m]
# name 15 = c1S/m: Conductivity, 2 [S/m]
# name 16 = C2-C1S/m: Conductivity Difference, 2 - 1 [S/m]
# name 17 = sal00: Salinity, Practical [PSU]
# name 18 = sal11: Salinity, Practical, 2 [PSU]
# name 19 = sbeox0ML/L: Oxygen, SBE 43 [ml/l]
# name 20 = sigma-é00: Density [sigma-theta, kg/m^3]
# name 21 = sigma-é11: Density, 2 [sigma-theta, kg/m^3]
# name 22 = sal00: Salinity, Practical [PSU]
# name 23 = sigma-é00: Density [sigma-theta, kg/m^3]
# name 24 = svCM: Sound Velocity [Chen-Millero, m/s]
# name 25 = svCM1: Sound Velocity, 2 [Chen-Millero, m/s]
# name 26 = gsw_ptA0: potential temperature [ITS-90, deg C]
# name 27 = gsw_densityA0: density, TEOS-10 [density, kg/m^3]
# name 28 = gsw_saA0: Absolute Salinity [g/kg]
# name 29 = flag:
# span 0 =       3971,      26946       
# span 1 = 313.714738, 313.725818       
# span 2 =  -62.14547,  -62.14070       
# span 3 =  -58.44012,  -58.43537       
# span 4 =     -1.066,      1.129       
# span 5 =       0.00,    1448.26       
# span 6 =      1.000,    373.000       
# span 7 =      1.018,    369.086       
# span 8 =    -0.8121,    -0.4218       
# span 9 =    -0.8107,    -0.4201       
# span 10 =    -0.0175,     0.0199      
# span 11 =    -0.8180,    -0.4342      
# span 12 =    -0.8166,    -0.4324      
# span 13 =    -0.0174,     0.0198      
# span 14 =   2.792009,   2.840680      
# span 15 =   2.792027,   2.840536      
# span 16 =  -0.001658,   0.001786      
# span 17 =    34.2732,    34.4232      
# span 18 =    34.2720,    34.4217      
# span 19 =     6.5122,     7.6924      
# span 20 =    27.5445,    27.6636      
# span 21 =    27.5435,    27.6621      
# span 22 =    34.2735,    34.4238      
# span 23 =    27.5444,    27.6640      
# span 24 =    1445.78,    1452.40      
# span 25 =    1445.79,    1452.34      
# span 26 =    -0.8179,    -0.4340      
# span 27 =  1027.5540,  1029.4441      
# span 28 =    34.4355,    34.5924      
# span 29 = 0.0000e+00, 0.0000e+00      
# interval = decibars: 1                
# start_time = Nov 09 2023 17:06:28 [NMEA time, header]
# bad_flag = -9.990e-29
*END*
[from data line 194]
       9825 313.717562  -62.14188  -58.43950      0.939    1446.79    196.000    194.027    -0.7821    -0.7817     0.0005    -0.7879    -0.7875     0.0005   2.794780   2.794751  -0.000032    34.3095    34.3085     7.4388    27.5854    27.5845    34.3097    27.5856    1447.77    1447.77    -0.7878  1028.5288    34.4769 0.0000e+00
       9850 313.717574  -62.14188  -58.43950      0.947    1446.79    197.000    195.017    -0.7823    -0.7817     0.0007    -0.7881    -0.7875     0.0007   2.794833   2.794788  -0.000038    34.3097    34.3084     7.4438    27.5855    27.5845    34.3100    27.5858    1447.78    1447.79    -0.7880  1028.5338    34.4772 0.0000e+00
       9877 313.717587  -62.14190  -58.43950      0.902    1446.79    198.000    196.007    -0.7808    -0.7802     0.0006    -0.7867    -0.7861     0.0006   2.794998   2.794961  -0.000037    34.3097    34.3085     7.4373    27.5855    27.5845    34.3099    27.5857    1447.81    1447.81    -0.7865  1028.5384    34.4771 0.0000e+00
       9905 313.717600  -62.14190  -58.43950      0.878    1446.79    199.000    196.996    -0.7817    -0.7809     0.0007    -0.7876    -0.7868     0.0007   2.794965   2.794955  -0.000014    34.3097    34.3087     7.4413    27.5855    27.5847    34.3098    27.5856    1447.82    1447.82    -0.7874  1028.5432    34.4770 0.0000e+00
       9936 313.717615  -62.14190  -58.43949      0.805    1446.79    200.000    197.985    -0.7817    -0.7808     0.0009    -0.7876    -0.7867     0.0008   2.795017   2.795014  -0.000001    34.3097    34.3087     7.4495    27.5856    27.5847    34.3099    27.5857    1447.84    1447.84    -0.7875  1028.5480    34.4771 0.0000e+00
       9965 313.717629  -62.14192  -58.43948      0.797    1446.79    201.000    198.974    -0.7804    -0.7798     0.0007    -0.7864    -0.7858     0.0007   2.795176   2.795165  -0.000011    34.3097    34.3088     7.4472    27.5855    27.5847    34.3101    27.5858    1447.86    1447.86    -0.7862  1028.5528    34.4773 0.0000e+00
       9988 313.717641  -62.14192  -58.43948      0.929    1446.79    202.000    199.964    -0.7785    -0.7781     0.0004    -0.7845    -0.7841     0.0004   2.795421   2.795365  -0.000046    34.3102    34.3091     7.4471    27.5858    27.5849    34.3105    27.5861    1447.88    1447.88    -0.7843  1028.5579    34.4777 0.0000e+00
      10011 313.717651  -62.14192  -58.43948      1.041    1446.79    203.000    200.954    -0.7782    -0.7779     0.0004    -0.7843    -0.7839     0.0004   2.795462   2.795427  -0.000037    34.3100    34.3091     7.4475    27.5857    27.5849    34.3102    27.5858    1447.90    1447.90    -0.7841  1028.5624    34.4774 0.0000e+00
      10035 313.717663  -62.14192  -58.43948      1.038    1446.79    204.000    201.943    -0.7784    -0.7780     0.0005    -0.7845    -0.7841     0.0005   2.795501   2.795468  -0.000031    34.3101    34.3091     7.4401    27.5857    27.5849    34.3103    27.5859    1447.92    1447.92    -0.7843  1028.5673    34.4775 0.0000e+00
      10062 313.717676  -62.14192  -58.43948      0.933    1446.79    205.000    202.932    -0.7747    -0.7753    -0.0006    -0.7808    -0.7814    -0.0006   2.795861   2.795754  -0.000097    34.3098    34.3091     7.4303    27.5853    27.5848    34.3104    27.5858    1447.95    1447.95    -0.7807  1028.5719    34.4776 0.0000e+00
      10092 313.717690  -62.14194  -58.43947      0.822    1446.79    206.000    203.922    -0.7708    -0.7712    -0.0004    -0.7770    -0.7773    -0.0004   2.796309   2.796207  -0.000096    34.3103    34.3094     7.4353    27.5856    27.5849    34.3114    27.5865    1447.99    1447.98    -0.7768  1028.5768    34.4779 0.0000e+00
      10121 313.717704 -9.990e-29  -58.43946      0.808    1446.79    207.000    204.911    -0.7624    -0.7615     0.0009    -0.7686    -0.7677     0.0009   2.797115   2.797116  -0.000013    34.3112    34.3100     7.4296    27.5860    27.5850    34.3121    27.5867    1448.04    1448.04    -0.7684  1028.5780    34.4740 0.0000e+00
      10146 313.717716 -9.990e-29  -58.43946      0.905    1446.79    208.000    205.901    -0.7598    -0.7591     0.0007    -0.7661    -0.7653     0.0007   2.797394   2.797379  -0.000013    34.3117    34.3107     7.4247    27.5863    27.5854    34.3124    27.5868    1448.07    1448.07    -0.7659  1028.5828    34.4742 0.0000e+00
      10167 313.717727 -9.990e-29  -58.43946      1.030    1446.79    209.000    206.890    -0.7597    -0.7589     0.0007    -0.7659    -0.7652     0.0007   2.797475   2.797443  -0.000033    34.3121    34.3108     7.4250    27.5866    27.5855    34.3127    27.5870    1448.09    1448.09    -0.7658  1028.5878    34.4745 0.0000e+00
      10188 313.717737 -9.990e-29  -58.43946      1.129    1446.79    210.000    207.879    -0.7592    -0.7587     0.0004    -0.7654    -0.7650     0.0004   2.797569   2.797524  -0.000045    34.3121    34.3110     7.4229    27.5865    27.5856    34.3127    27.5871    1448.11    1448.11    -0.7653  1028.5926    34.4745 0.0000e+00
      10211 313.717748 -9.990e-29  -58.43946      1.126    1446.79    211.000    208.869    -0.7580    -0.7573     0.0007    -0.7643    -0.7636     0.0007   2.797710   2.797692  -0.000015    34.3121    34.3112     7.4099    27.5866    27.5857    34.3127    27.5870    1448.13    1448.13    -0.7642  1028.5973    34.4745 0.0000e+00
      10239 313.717762 -9.990e-29  -58.43946      0.924    1446.79    212.000    209.858    -0.7565    -0.7561     0.0004    -0.7628    -0.7625     0.0003   2.797886   2.797841  -0.000049    34.3123    34.3112     7.4053    27.5866    27.5857    34.3127    27.5870    1448.15    1448.15    -0.7627  1028.6020    34.4745 0.0000e+00
      10270 313.717776 -9.990e-29  -58.43946      0.773    1446.79    213.000    210.848    -0.7561    -0.7554     0.0007    -0.7625    -0.7618     0.0007   2.797990   2.797970  -0.000020    34.3127    34.3116     7.4032    27.5869    27.5860    34.3131    27.5873    1448.17    1448.17    -0.7623  1028.6071    34.4749 0.0000e+00
      10296 313.717789 -9.990e-29  -58.43945      0.858    1446.79    214.000    211.837    -0.7551    -0.7544     0.0007    -0.7616    -0.7608     0.0007   2.798140   2.798121  -0.000019    34.3129    34.3118     7.4055    27.5871    27.5862    34.3134    27.5875    1448.19    1448.19    -0.7614  1028.6120    34.4752 0.0000e+00
      10320 313.717800 -9.990e-29  -58.43944      0.975    1446.79    215.000    212.826    -0.7545    -0.7538     0.0007    -0.7610    -0.7603     0.0007   2.798248   2.798217  -0.000032    34.3132    34.3120     7.4022    27.5873    27.5863    34.3136    27.5876    1448.21    1448.21    -0.7608  1028.6169    34.4754 0.0000e+00
      10343 313.717811 -9.990e-29  -58.43944      1.032    1446.79    216.000    213.815    -0.7539    -0.7531     0.0008    -0.7604    -0.7596     0.0008   2.798358   2.798329  -0.000025    34.3132    34.3120     7.4043    27.5872    27.5862    34.3137    27.5877    1448.23    1448.23    -0.7602  1028.6218    34.4755 0.0000e+00
      10367 313.717823 -9.990e-29  -58.43944      1.011    1446.79    217.000    214.805    -0.7520    -0.7514     0.0006    -0.7585    -0.7579     0.0006   2.798564   2.798525  -0.000042    34.3133    34.3120     7.4071    27.5872    27.5862    34.3138    27.5876    1448.26    1448.26    -0.7584  1028.6264    34.4756 0.0000e+00
      10394 313.717836  -62.14200  -58.43944      0.928    1446.79    218.000    215.795    -0.7514    -0.7506     0.0008    -0.7580    -0.7572     0.0008   2.798656   2.798647  -0.000012    34.3134    34.3124     7.4067    27.5873    27.5864    34.3137    27.5876    1448.28    1448.28    -0.7578  1028.6319    34.4765 0.0000e+00
      10421 313.717849  -62.14200  -58.43944      0.877    1446.79    219.000    216.784    -0.7512    -0.7505     0.0007    -0.7578    -0.7571     0.0007   2.798745   2.798709  -0.000035    34.3137    34.3125     7.4026    27.5875    27.5865    34.3140    27.5878    1448.29    1448.29    -0.7576  1028.6406    34.4814 0.0000e+00
      10446 313.717861  -62.14200  -58.43944      0.934    1446.79    220.000    217.773    -0.7511    -0.7500     0.0010    -0.7577    -0.7566     0.0010   2.798805   2.798806  -0.000001    34.3138    34.3126     7.3997    27.5876    27.5866    34.3141    27.5879    1448.31    1448.31    -0.7576  1028.6454    34.4814 0.0000e+00
      10469 313.717872  -62.14200  -58.43942      1.002    1446.79    221.000    218.763    -0.7501    -0.7492     0.0009    -0.7567    -0.7558     0.0009   2.798936   2.798920  -0.000014    34.3138    34.3126     7.4059    27.5876    27.5866    34.3142    27.5879    1448.33    1448.33    -0.7566  1028.6502    34.4815 0.0000e+00
      10494 313.717884  -62.14202  -58.43942      1.003    1446.79    222.000    219.752    -0.7502    -0.7494     0.0009    -0.7569    -0.7560     0.0009   2.798979   2.798965  -0.000015    34.3140    34.3129     7.4019    27.5878    27.5868    34.3143    27.5880    1448.35    1448.35    -0.7567  1028.6550    34.4816 0.0000e+00
      10521 313.717897  -62.14202  -58.43942      0.923    1446.79    223.000    220.741    -0.7505    -0.7497     0.0007    -0.7572    -0.7565     0.0007   2.799011   2.798996  -0.000016    34.3142    34.3131     7.4003    27.5879    27.5870    34.3144    27.5881    1448.36    1448.36    -0.7571  1028.6600    34.4817 0.0000e+00
      10550 313.717911  -62.14202  -58.43942      0.840    1446.79    224.000    221.731    -0.7501    -0.7493     0.0008    -0.7569    -0.7560     0.0008   2.799111   2.799093  -0.000020    34.3145    34.3133     7.4026    27.5882    27.5872    34.3147    27.5883    1448.38    1448.38    -0.7567  1028.6649    34.4820 0.0000e+00
      10576 313.717924  -62.14203  -58.43941      0.885    1446.79    225.000    222.720    -0.7499    -0.7492     0.0008    -0.7567    -0.7560     0.0008   2.799194   2.799180  -0.000013    34.3148    34.3137     7.3990    27.5884    27.5875    34.3150    27.5886    1448.40    1448.40    -0.7565  1028.6700    34.4824 0.0000e+00
      10600 313.717935  -62.14204  -58.43940      0.973    1446.80    226.000    223.709    -0.7501    -0.7493     0.0008    -0.7569    -0.7562     0.0008   2.799240   2.799226  -0.000014    34.3152    34.3141     7.3949    27.5887    27.5878    34.3152    27.5887    1448.41    1448.42    -0.7568  1028.6749    34.4826 0.0000e+00
      10625 313.717948  -62.14204  -58.43940      0.973 -9.990e-29    227.000    224.698    -0.7518    -0.7506     0.0013    -0.7587    -0.7574     0.0013   2.799177   2.799182   0.000001    34.3157    34.3143     7.3862    27.5892    27.5880    34.3157    27.5892    1448.42    1448.43    -0.7585  1028.6802    34.4831 0.0000e+00
      10654 313.717961  -62.14204  -58.43940      0.868 -9.990e-29    228.000    225.688    -0.7525    -0.7516     0.0009    -0.7594    -0.7585     0.0009   2.799170   2.799162  -0.000008    34.3157    34.3146     7.3785    27.5893    27.5883    34.3158    27.5893    1448.43    1448.44    -0.7592  1028.6850    34.4831 0.0000e+00
      10684 313.717976  -62.14206  -58.43938      0.810 -9.990e-29    229.000    226.677    -0.7524    -0.7516     0.0008    -0.7593    -0.7585     0.0008   2.799228   2.799217  -0.000013    34.3159    34.3148     7.3861    27.5893    27.5884    34.3159    27.5894    1448.45    1448.46    -0.7592  1028.6898    34.4832 0.0000e+00
      10716 313.717991  -62.14206  -58.43938      0.755    1447.07    230.000    227.666    -0.7531    -0.7525     0.0006    -0.7600    -0.7594     0.0006   2.799245   2.799201  -0.000037    34.3162    34.3150     7.3867    27.5896    27.5886    34.3162    27.5897    1448.47    1448.47    -0.7599  1028.6949    34.4836 0.0000e+00
      10743 313.718004  -62.14207  -58.43938      0.820    1447.07    231.000    228.656    -0.7536    -0.7531     0.0005    -0.7605    -0.7601     0.0005   2.799232   2.799197  -0.000035    34.3160    34.3150     7.3909    27.5895    27.5888    34.3160    27.5895    1448.48    1448.48    -0.7604  1028.6996    34.4834 0.0000e+00
      10766 313.718016  -62.14208  -58.43938      0.964    1447.07    232.000    229.645    -0.7554    -0.7548     0.0006    -0.7624    -0.7618     0.0006   2.799124   2.799107  -0.000016    34.3161    34.3151     7.3918    27.5896    27.5889    34.3159    27.5895    1448.49    1448.49    -0.7622  1028.7044    34.4833 0.0000e+00
      10788 313.718026  -62.14208  -58.43938      1.062    1447.07    233.000    230.634    -0.7560    -0.7539     0.0021    -0.7630    -0.7610     0.0021   2.799145   2.799239   0.000075    34.3164    34.3150     7.3914    27.5899    27.5888    34.3163    27.5899    1448.50    1448.51    -0.7629  1028.7095    34.4837 0.0000e+00
      10812 313.718037  -62.14208  -58.43936      1.066    1447.07    234.000    231.624    -0.7569    -0.7556     0.0013    -0.7640    -0.7627     0.0013   2.799131   2.799126   0.000009    34.3167    34.3153     7.3885    27.5902    27.5891    34.3165    27.5901    1448.51    1448.52    -0.7638  1028.7144    34.4839 0.0000e+00
      10838 313.718050  -62.14208  -58.43936      0.961    1447.07    235.000    232.613    -0.7569    -0.7562     0.0007    -0.7640    -0.7633     0.0007   2.799126   2.799116  -0.000010    34.3160    34.3150     7.3868    27.5896    27.5889    34.3159    27.5896    1448.53    1448.53    -0.7638  1028.7187    34.4833 0.0000e+00
      10870 313.718066  -62.14209  -58.43936      0.791    1447.07    236.000    233.602    -0.7573    -0.7565     0.0009    -0.7645    -0.7636     0.0009   2.799148   2.799144  -0.000003    34.3161    34.3151     7.3829    27.5898    27.5889    34.3161    27.5897    1448.54    1448.55    -0.7643  1028.7237    34.4834 0.0000e+00
      10902 313.718081  -62.14210  -58.43936      0.743    1447.07    237.000    234.592    -0.7565    -0.7558     0.0007    -0.7637    -0.7630     0.0007   2.799251   2.799240  -0.000010    34.3159    34.3150     7.3848    27.5895    27.5888    34.3159    27.5896    1448.56    1448.57    -0.7635  1028.7282    34.4833 0.0000e+00
      10932 313.718096  -62.14211  -58.43935      0.773    1447.07    238.000    235.581    -0.7564    -0.7554     0.0010    -0.7636    -0.7626     0.0010   2.799313   2.799319   0.000006    34.3160    34.3150     7.3910    27.5896    27.5888    34.3159    27.5896    1448.58    1448.58    -0.7634  1028.7331    34.4833 0.0000e+00
      10962 313.718110  -62.14212  -58.43934      0.802    1447.07    239.000    236.570    -0.7599    -0.7586     0.0013    -0.7671    -0.7659     0.0013   2.799086   2.799093   0.000007    34.3167    34.3154     7.3857    27.5904    27.5892    34.3163    27.5900    1448.58    1448.58    -0.7669  1028.7383    34.4837 0.0000e+00
      10993 313.718125  -62.14212  -58.43934      0.782    1447.07    240.000    237.559    -0.7617    -0.7608     0.0009    -0.7690    -0.7680     0.0009   2.798961   2.798966   0.000007    34.3163    34.3154     7.3786    27.5901    27.5893    34.3161    27.5899    1448.59    1448.59    -0.7688  1028.7430    34.4835 0.0000e+00
      11024 313.718140  -62.14214  -58.43934      0.780    1447.07    241.000    238.549    -0.7640    -0.7631     0.0010    -0.7713    -0.7704     0.0010   2.798878   2.798858  -0.000023    34.3171    34.3157     7.3838    27.5909    27.5897    34.3169    27.5907    1448.59    1448.60    -0.7711  1028.7485    34.4843 0.0000e+00
      11052 313.718154  -62.14214  -58.43932      0.821    1447.07    242.000    239.538    -0.7642    -0.7634     0.0007    -0.7715    -0.7708     0.0007   2.798907   2.798894  -0.000010    34.3169    34.3160     7.3863    27.5907    27.5899    34.3168    27.5906    1448.61    1448.61    -0.7713  1028.7532    34.4843 0.0000e+00
