Pos-Processados/process_op42/operantar42_024.ros
* Sea-Bird SBE 9 Data File:
* FileName = C:\Users\Hidrografia\Desktop\OPXLII\Brutos\OP42024.hdr
* Software Version Seasave V 7.26.7.107
* Temperature SN = 6502
* Conductivity SN = 4998
* Number of Bytes Per Scan = 37
* Number of Voltage Words = 4
* Number of Scans Averaged by the Deck Unit = 1
* NMEA Latitude = 62 12.92 S
* NMEA Longitude = 058 19.80 W
* NMEA UTC (Time) = Nov 08 2023 11:02:46
* NMEA baud rate = 4800
** H41
** NPOALTEMAXIMIANO
** NUMERO DA ESTACAO (XXX) 024
** LAT (XX XX.XX S/N) 62 12.60 S
** LONG (XXX XX.XX W/E) 058 20.03 W
** DATAHORA (dd/mm/aaaa hh:mm Z) 08/11/2023 1056Z
** PROFUNDIDADE (m) 482
** OPERADOR CT FILIPE LOPES
# nquan = 24
# nvalues = 3767                                  
# units = specified
# name 0 = scan: Scan Count
# name 1 = timeJ: Julian Days
# name 2 = latitude: Latitude [deg]
# name 3 = longitude: Longitude [deg]
# name 4 = dz/dtM: Descent Rate [m/s]
# name 5 = avgsvCM: Average Sound Velocity [Chen-Millero, m/s]
# name 6 = prDM: Pressure, Digiquartz [db]
# name 7 = depSM: Depth [salt water, m]
# name 8 = t090C: Temperature [ITS-90, deg C]
# name 9 = t190C: Temperature, 2 [ITS-90, deg C]
# name 10 = T2-T190C: Temperature Difference, 2 - 1 [ITS-90, deg C]
# name 11 = potemp090C: Potential Temperature [ITS-90, deg C]
# name 12 = potemp190C: Potential Temperature, 2 [ITS-90, deg C]
# name 13 = potemp90Cdiff: Potential Temperature, Diff, 2 - 1 [ITS-90, deg C]
# name 14 = c0S/m: Conductivity [S/m]
# name 15 = c1S/m: Conductivity, 2 [S/m]
# name 16 = C2-C1S/m: Conductivity Difference, 2 - 1 [S/m]
# name 17 = sal00: Salinity, Practical [PSU]
# name 18 = sal11: Salinity, Practical, 2 [PSU]
# name 19 = sbeox0ML/L: Oxygen, SBE 43 [ml/l]
# name 20 = sigma-é00: Density [sigma-theta, kg/m^3]
# name 21 = sigma-é11: Density, 2 [sigma-theta, kg/m^3]
# name 22 = nbf: Bottles Fired
# name 23 = flag:  0.000e+00
# interval = seconds: 0.0416667
# start_time = Nov 08 2023 11:02:46 [NMEA time, header]
# bad_flag = -9.990e-29
*END*
[from data line 3382]
      35342 312.477298  -62.21052  -58.31712      0.130    1448.57      5.140      5.090    -0.6017    -0.6013     0.0004    -0.6018    -0.6014     0.0004   2.800176   2.800136  -0.000040    34.2962    34.2952     7.5238    27.5668    27.5659         23  0.000e+00
      35343 312.477298  -62.21052  -58.31712      0.150    1448.57      5.140      5.090    -0.6021    -0.6011     0.0010    -0.6022    -0.6012     0.0010   2.800210   2.800147  -0.000063    34.2971    34.2951     7.5183    27.5675    27.5658         23  0.000e+00
      35344 312.477299  -62.21052  -58.31712      0.173    1448.57      5.196      5.146    -0.6017    -0.6011     0.0006    -0.6018    -0.6012     0.0006   2.800245   2.800136  -0.000109    34.2971    34.2949     7.5181    27.5675    27.5657         23  0.000e+00
      35345 312.477299  -62.21052  -58.31712      0.192    1448.57      5.140      5.090    -0.6022    -0.6011     0.0011    -0.6023    -0.6012     0.0011   2.800210   2.800153  -0.000058    34.2972    34.2952     7.5179    27.5676    27.5659         23  0.000e+00
      35346 312.477300  -62.21052  -58.31712      0.213    1448.57      5.188      5.138    -0.6019    -0.6011     0.0008    -0.6021    -0.6012     0.0008   2.800159   2.800181   0.000022    34.2962    34.2955     7.5177    27.5668    27.5662         23  0.000e+00
      35347 312.477300  -62.21052  -58.31712      0.234    1448.57      5.252      5.202    -0.6020    -0.6011     0.0010    -0.6022    -0.6012     0.0010   2.800108   2.800170   0.000062    34.2956    34.2953     7.5176    27.5663    27.5660         23  0.000e+00
      35348 312.477301  -62.21052  -58.31712      0.254    1448.57      5.196      5.146    -0.6019    -0.6008     0.0011    -0.6021    -0.6009     0.0011   2.800073   2.800153   0.000079    34.2950    34.2948     7.5174    27.5658    27.5656         23  0.000e+00
      35349 312.477301  -62.21052  -58.31712      0.280    1448.57      5.373      5.321    -0.6020    -0.6013     0.0008    -0.6022    -0.6014     0.0008   2.800068   2.800158   0.000091    34.2950    34.2953     7.5174    27.5658    27.5660         23  0.000e+00
      35350 312.477302  -62.21052  -58.31712      0.294    1448.57      5.252      5.202    -0.6019    -0.6011     0.0008    -0.6021    -0.6012     0.0008   2.800125   2.800181   0.000056    34.2957    34.2955     7.5170    27.5664    27.5662         23  0.000e+00
      35351 312.477302  -62.21052  -58.31712      0.310    1448.57      5.317      5.266    -0.6020    -0.6009     0.0011    -0.6022    -0.6011     0.0011   2.800205   2.800170  -0.000035    34.2969    34.2951     7.5232    27.5673    27.5658         23  0.000e+00
      35352 312.477303  -62.21052  -58.31712      0.325    1448.57      5.317      5.266    -0.6022    -0.6011     0.0011    -0.6024    -0.6012     0.0011   2.800302   2.800153  -0.000149    34.2984    34.2951     7.5175    27.5685    27.5658         23  0.000e+00
      35353 312.477303  -62.21052  -58.31712      0.338    1448.57      5.373      5.321    -0.6019    -0.6011     0.0008    -0.6020    -0.6012     0.0008   2.800267   2.800181  -0.000087    34.2975    34.2954     7.5162    27.5678    27.5661         23  0.000e+00
      35354 312.477304  -62.21052  -58.31712      0.357    1448.57      5.437      5.385    -0.6019    -0.6013     0.0007    -0.6021    -0.6014     0.0007   2.800233   2.800147  -0.000086    34.2970    34.2951     7.5160    27.5675    27.5659         23  0.000e+00
      35355 312.477304  -62.21052  -58.31712      0.371    1448.57      5.437      5.385    -0.6020    -0.6011     0.0010    -0.6022    -0.6012     0.0010   2.800182   2.800153  -0.000029    34.2965    34.2950     7.5222    27.5670    27.5658         23  0.000e+00
      35356 312.477305  -62.21052  -58.31712      0.384    1448.57      5.437      5.385    -0.6022    -0.6009     0.0013    -0.6024    -0.6011     0.0013   2.800068   2.800175   0.000107    34.2951    34.2951     7.5230    27.5659    27.5658         23  0.000e+00
      35357 312.477305  -62.21052  -58.31712      0.401    1448.57      5.494      5.441    -0.6019    -0.6011     0.0008    -0.6020    -0.6012     0.0008   2.800096   2.800187   0.000090    34.2951    34.2954     7.5172    27.5659    27.5661         23  0.000e+00
      35358 312.477306  -62.21052  -58.31712      0.413    1448.57      5.550      5.497    -0.6018    -0.6013     0.0005    -0.6019    -0.6014     0.0005   2.800119   2.800170   0.000050    34.2952    34.2954     7.5232    27.5660    27.5661         23  0.000e+00
      35359 312.477306  -62.21052  -58.31712      0.430    1448.57      5.550      5.497    -0.6019    -0.6013     0.0006    -0.6020    -0.6014     0.0006   2.800159   2.800181   0.000022    34.2959    34.2955     7.5238    27.5665    27.5662         23  0.000e+00
      35360 312.477307  -62.21052  -58.31712      0.442    1448.57      5.550      5.497    -0.6018    -0.6011     0.0007    -0.6019    -0.6012     0.0007   2.800228   2.800198  -0.000030    34.2967    34.2955     7.5243    27.5672    27.5662         23  0.000e+00
      35361 312.477307  -62.21052  -58.31712      0.451    1448.57      5.615      5.561    -0.6017    -0.6011     0.0006    -0.6019    -0.6012     0.0006   2.800307   2.800192  -0.000115    34.2977    34.2954     7.5248    27.5680    27.5661         23  0.000e+00
      35362 312.477308  -62.21052  -58.31712      0.462    1448.57      5.615      5.561    -0.6019    -0.6009     0.0010    -0.6020    -0.6011     0.0010   2.800268   2.800192  -0.000075    34.2973    34.2952     7.5253    27.5677    27.5659         23  0.000e+00
      35363 312.477308  -62.21052  -58.31712      0.478    1448.57      5.671      5.616    -0.6018    -0.6011     0.0007    -0.6019    -0.6012     0.0007   2.800307   2.800192  -0.000115    34.2977    34.2954     7.5258    27.5680    27.5661         23  0.000e+00
      35364 312.477309  -62.21052  -58.31712      0.487    1448.57      5.719      5.664    -0.6020    -0.6010     0.0011    -0.6022    -0.6011     0.0011   2.800250   2.800181  -0.000069    34.2972    34.2951     7.5263    27.5676    27.5658         23  0.000e+00
      35365 312.477309  -62.21052  -58.31712      0.493    1448.57      5.671      5.616    -0.6018    -0.6011     0.0007    -0.6019    -0.6012     0.0007   2.800182   2.800187   0.000005    34.2960    34.2953     7.5266    27.5666    27.5660         23  0.000e+00
      35366 312.477310  -62.21052  -58.31712      0.502    1448.57      5.735      5.680    -0.6017    -0.6013     0.0004    -0.6019    -0.6014     0.0004   2.800131   2.800192   0.000062    34.2952    34.2955     7.5270    27.5660    27.5662         23  0.000e+00
      35367 312.477310  -62.21052  -58.31712      0.511    1448.57      5.792      5.736    -0.6018    -0.6011     0.0007    -0.6019    -0.6012     0.0007   2.800102   2.800192   0.000090    34.2949    34.2953     7.5220    27.5657    27.5660         23  0.000e+00
      35368 312.477310  -62.21052  -58.31712      0.525    1448.57      5.848      5.792    -0.6020    -0.6011     0.0010    -0.6022    -0.6013     0.0010   2.800159   2.800181   0.000022    34.2959    34.2951     7.5277    27.5665    27.5659         23  0.000e+00
      35369 312.477311  -62.21052  -58.31712      0.529    1448.57      5.792      5.736    -0.6018    -0.6009     0.0008    -0.6019    -0.6011     0.0008   2.800193   2.800164  -0.000029    34.2961    34.2947     7.5278    27.5667    27.5655         23  0.000e+00
      35370 312.477311  -62.21052  -58.31712      0.541    1448.57      5.912      5.856    -0.6017    -0.6011     0.0006    -0.6019    -0.6013     0.0006   2.800296   2.800181  -0.000115    34.2973    34.2951     7.5217    27.5677    27.5658         23  0.000e+00
      35371 312.477312  -62.21052  -58.31712      0.550    1448.57      5.912      5.856    -0.6019    -0.6009     0.0010    -0.6021    -0.6011     0.0010   2.800347   2.800192  -0.000155    34.2983    34.2950     7.5209    27.5685    27.5658         23  0.000e+00
      35372 312.477312  -62.21052  -58.31712      0.557    1448.57      5.912      5.856    -0.6017    -0.6013     0.0004    -0.6019    -0.6014     0.0004   2.800336   2.800198  -0.000138    34.2979    34.2955     7.5211    27.5681    27.5662         23  0.000e+00
      35373 312.477313  -62.21052  -58.31712      0.568    1448.57      5.969      5.911    -0.6018    -0.6009     0.0008    -0.6019    -0.6011     0.0008   2.800228   2.800192  -0.000035    34.2964    34.2950     7.5205    27.5670    27.5658         23  0.000e+00
      35374 312.477313  -62.21052  -58.31712      0.576    1448.57      5.969      5.911    -0.6019    -0.6009     0.0010    -0.6020    -0.6011     0.0010   2.800176   2.800192   0.000016    34.2959    34.2950     7.5198    27.5665    27.5658         23  0.000e+00
      35375 312.477314  -62.21052  -58.31712      0.582    1448.57      5.969      5.911    -0.6018    -0.6011     0.0007    -0.6019    -0.6013     0.0007   2.800171   2.800192   0.000022    34.2957    34.2952     7.5254    27.5663    27.5659         23  0.000e+00
      35376 312.477314  -62.21052  -58.31712      0.588    1448.57      6.033      5.975    -0.6019    -0.6011     0.0008    -0.6020    -0.6013     0.0008   2.800171   2.800181   0.000010    34.2958    34.2950     7.5193    27.5664    27.5658         23  0.000e+00
      35377 312.477315  -62.21052  -58.31712      0.596    1448.57      6.033      5.975    -0.6016    -0.6011     0.0006    -0.6018    -0.6013     0.0006   2.800154   2.800204   0.000050    34.2953    34.2953     7.5185    27.5660    27.5660         23  0.000e+00
      35378 312.477315  -62.21052  -58.31712      0.603    1448.57      6.090      6.031    -0.6014    -0.6014     0.0000    -0.6016    -0.6016     0.0000   2.800222   2.800198  -0.000024    34.2959    34.2955     7.5176    27.5665    27.5662         23  0.000e+00
      35379 312.477316  -62.21052  -58.31712      0.611    1448.57      6.090      6.031    -0.6016    -0.6011     0.0006    -0.6018    -0.6013     0.0006   2.800251   2.800170  -0.000081    34.2965    34.2948     7.5232    27.5670    27.5656         23  0.000e+00
      35380 312.477316  -62.21052  -58.31712      0.613    1448.57      6.090      6.031    -0.6014    -0.6011     0.0003    -0.6016    -0.6013     0.0003   2.800330   2.800192  -0.000138    34.2974    34.2951     7.5233    27.5677    27.5659         23  0.000e+00
      35381 312.477317  -62.21052  -58.31712      0.612    1448.57      6.090      6.031    -0.6016    -0.6013     0.0003    -0.6018    -0.6014     0.0003   2.800359   2.800192  -0.000167    34.2979    34.2953     7.5234    27.5682    27.5660         23  0.000e+00
      35382 312.477317  -62.21052  -58.31712      0.619    1448.57      6.146      6.087    -0.6016    -0.6011     0.0006    -0.6018    -0.6013     0.0006   2.800296   2.800192  -0.000104    34.2971    34.2951     7.5236    27.5675    27.5658         23  0.000e+00
      35383 312.477318  -62.21052  -58.31712      0.622    1448.57      6.210      6.151    -0.6016    -0.6011     0.0005    -0.6018    -0.6013     0.0005   2.800313   2.800226  -0.000087    34.2973    34.2955     7.5184    27.5676    27.5662         23  0.000e+00
      35384 312.477318  -62.21052  -58.31712      0.623    1448.57      6.146      6.087    -0.6015    -0.6011     0.0004    -0.6016    -0.6013     0.0004   2.800211   2.800209  -0.000001    34.2958    34.2953     7.5238    27.5664    27.5660         23  0.000e+00
      35385 312.477319  -62.21052  -58.31712      0.621    1448.57      6.138      6.079    -0.6014    -0.6010     0.0004    -0.6016    -0.6011     0.0004   2.800131   2.800209   0.000078    34.2946    34.2952     7.5239    27.5655    27.5659         23  0.000e+00
      35386 312.477319  -62.21052  -58.31712      0.620    1448.57      6.210      6.151    -0.6016    -0.6009     0.0007    -0.6018    -0.6011     0.0007   2.800154   2.800232   0.000078    34.2952    34.2954     7.5187    27.5659    27.5661         23  0.000e+00
      35387 312.477320  -62.21052  -58.31712      0.617    1448.57      6.210      6.151    -0.6016    -0.6008     0.0008    -0.6018    -0.6010     0.0008   2.800194   2.800260   0.000066    34.2956    34.2956     7.5177    27.5663    27.5663         23  0.000e+00
      35388 312.477320  -62.21052  -58.31712      0.621    1448.57      6.267      6.206    -0.6011    -0.6008     0.0003    -0.6013    -0.6010     0.0003   2.800256   2.800260   0.000003    34.2959    34.2956     7.5230    27.5665    27.5662         23  0.000e+00
      35389 312.477321  -62.21052  -58.31712      0.615    1448.57      6.210      6.151    -0.6008    -0.6006     0.0002    -0.6010    -0.6008     0.0002   2.800376   2.800226  -0.000150    34.2972    34.2950     7.5228    27.5675    27.5657         23  0.000e+00
      35390 312.477321  -62.21052  -58.31712      0.606    1448.57      6.210      6.151    -0.6005    -0.6005     0.0000    -0.6007    -0.6007     0.0000   2.800393   2.800271  -0.000122    34.2971    34.2954     7.5174    27.5674    27.5661         23  0.000e+00
      35391 312.477322  -62.21052  -58.31712      0.602    1448.57      6.267      6.206    -0.6003    -0.6003     0.0000    -0.6005    -0.6005     0.0000   2.800405   2.800254  -0.000150    34.2970    34.2950     7.5174    27.5674    27.5657         23  0.000e+00
      35392 312.477322  -62.21052  -58.31712      0.595    1448.57      6.267      6.206    -0.6004    -0.6000     0.0004    -0.6006    -0.6002     0.0004   2.800348   2.800293  -0.000054    34.2963    34.2952     7.5229    27.5668    27.5659         23  0.000e+00
      35393 312.477323  -62.21052  -58.31712      0.589    1448.57      6.267      6.206    -0.6005    -0.6001     0.0004    -0.6007    -0.6003     0.0004   2.800290   2.800277  -0.000014    34.2957    34.2951     7.5230    27.5663    27.5658         23  0.000e+00
      35394 312.477323  -62.21052  -58.31712      0.580    1448.57      6.323      6.262    -0.6005    -0.6001     0.0004    -0.6007    -0.6003     0.0004   2.800239   2.800271   0.000032    34.2950    34.2950     7.5230    27.5657    27.5657         23  0.000e+00
      35395 312.477323  -62.21052  -58.31712      0.571    1448.57      6.323      6.262    -0.6002    -0.6000     0.0001    -0.6003    -0.6002     0.0001   2.800205   2.800249   0.000044    34.2941    34.2945     7.5229    27.5650    27.5653         23  0.000e+00
      35396 312.477324  -62.21052  -58.31712      0.563    1448.57      6.323      6.262    -0.6007    -0.6001     0.0005    -0.6009    -0.6003     0.0005   2.800222   2.800293   0.000071    34.2949    34.2953     7.5164    27.5657    27.5659         23  0.000e+00
      35397 312.477324  -62.21052  -58.31712      0.549    1448.57      6.323      6.262    -0.6003    -0.6000     0.0003    -0.6005    -0.6002     0.0003   2.800268   2.800293   0.000026    34.2951    34.2951     7.5152    27.5658    27.5658         23  0.000e+00
      35398 312.477325  -62.21052  -58.31712      0.543    1448.57      6.323      6.262    -0.6006    -0.6001     0.0005    -0.6008    -0.6003     0.0005   2.800336   2.800293  -0.000043    34.2964    34.2953     7.5204    27.5669    27.5659         23  0.000e+00
      35399 312.477325  -62.21052  -58.31712      0.531    1448.57      6.387      6.326    -0.6005    -0.6005     0.0000    -0.6007    -0.6007     0.0000   2.800376   2.800277  -0.000099    34.2968    34.2954     7.5203    27.5672    27.5661         23  0.000e+00
      35400 312.477326  -62.21052  -58.31712      0.524    1448.57      6.444      6.382    -0.6006    -0.6000     0.0006    -0.6008    -0.6002     0.0006   2.800388   2.800277  -0.000111    34.2970    34.2948     7.5212    27.5674    27.5656         23  0.000e+00
