Pos-Processados/process_op42/operantar42_039.cnv
* Sea-Bird SBE 9 Data File:
* FileName = C:\Users\Hidrografia\Desktop\OPXLII\Brutos\OP42039.hdr
* Software Version Seasave V 7.26.7.107
* Temperature SN = 6502
* Conductivity SN = 4998
* Number of Bytes Per Scan = 37
* Number of Voltage Words = 4
* Number of Scans Averaged by the Deck Unit = 1
* NMEA Latitude = 62 08.51 S
* NMEA Longitude = 058 26.65 W
* NMEA UTC (Time) = Nov 09 2023 14:12:29
* NMEA baud rate = 4800
** H41
** NPOALTEMAXIMIANO
** NUMERO DA ESTACAO (XXX) 039
** LAT (XX XX.XX S/N) 62 08.14 S
** LONG (XXX XX.XX W/E) 058 26.57 W
** DATAHORA (dd/mm/aaaa hh:mm Z) 09/11/2023 1405Z
** PROFUNDIDADE (m) 410
** OPERADOR 1T ZAMITH
# nquan = 30
# nvalues = 719                         
# units = specified
# name 0 = scan: Scan Count
# name 1 = timeJ: Julian Days
# name 2 = latitude: Latitude [deg]
# name 3 = longitude: Longitude [deg]
# name 4 = dz/dtM: Descent Rate [m/s]
# name 5 = avgsvCM: Average Sound Velocity [Chen-Millero, m/s]
# name 6 = prDM: Pressure, Digiquartz [db]
# name 7 = depSM: Depth [salt water, m]
# name 8 = t090C: Temperature [ITS-90, deg C]
# name 9 = t190C: Temperature, 2 [ITS-90, deg C]
# name 10 = T2-T190C: Temperature Difference, 2 - 1 [ITS-90, deg C]
# name 11 = potemp090C: Potential Temperature [ITS-90, deg C]
# name 12 = potemp190C: Potential Temperature, 2 [ITS-90, deg C]
# name 13 = potemp90Cdiff: Potential Temperature, Diff, 2 - 1 [ITS-90, deg C]
# name 14 = c0S/m: Conductivity [S/m]
# name 15 = c1S/m: Conductivity, 2 [S/m]
# name 16 = C2-C1S/m: Conductivity Difference, 2 - 1 [S/m]
# name 17 = sal00: Salinity, Practical [PSU]
# name 18 = sal11: Salinity, Practical, 2 [PSU]
# name 19 = sbeox0ML/L: Oxygen, SBE 43 [ml/l]
# name 20 = sigma-é00: Density [sigma-theta, kg/m^3]
# name 21 = sigma-é11: Density, 2 [sigma-theta, kg/m^3]
# name 22 = sal00: Salinity, Practical [PSU]
# name 23 = sigma-é00: Density [sigma-theta, kg/m^3]
# name 24 = svCM: Sound Velocity [Chen-Millero, m/s]
# name 25 = svCM1: Sound Velocity, 2 [Chen-Millero, m/s]
# name 26 = gsw_ptA0: potential temperature [ITS-90, deg C]
# name 27 = gsw_densityA0: density, TEOS-10 [density, kg/m^3]
# name 28 = gsw_saA0: Absolute Salinity [g/kg]
# name 29 = flag:
# span 0 =       3868,      21703       
# span 1 = 313.593867, 313.602468       
# span 2 =  -62.14486,  -62.14246       
# span 3 =  -58.44364,  -58.44086       
# span 4 =     -1.238,      1.231       
# span 5 =      -0.00,    1448.34       
# span 6 =      4.000,    363.000       
# span 7 =      3.977,    359.199       
# span 8 =    -0.8195,    -0.4022       
# span 9 =    -0.8189,    -0.4008       
# span 10 =    -0.0233,     0.0123      
# span 11 =    -0.8237,    -0.4146      
# span 12 =    -0.8231,    -0.4132      
# span 13 =    -0.0233,     0.0122      
# span 14 =   2.789281,   2.841631      
# span 15 =   2.789258,   2.841662      
# span 16 =  -0.002063,   0.001122      
# span 17 =    34.2734,    34.4113      
# span 18 =    34.2724,    34.4100      
# span 19 =     6.5537,     7.6764      
# span 20 =    27.5453,    27.6514      
# span 21 =    27.5441,    27.6504      
# span 22 =    34.2737,    34.4114      
# span 23 =    27.5453,    27.6529      
# span 24 =    1445.69,    1452.38      
# span 25 =    1445.68,    1452.36      
# span 26 =    -0.8236,    -0.4144      
# span 27 =  1027.5694,  1029.3836      
# span 28 =    34.4359,    34.5795      
# span 29 = 0.0000e+00, 0.0000e+00      
# interval = decibars: 1                
# start_time = Nov 09 2023 14:12:29 [NMEA time, header]
# bad_flag = -9.990e-29
*END*
[from data line 242]
       9855 313.596754  -62.14328  -58.44282      0.757    1446.73    246.000    243.494    -0.6137    -0.6129     0.0008    -0.6215    -0.6207     0.0008   2.815335   2.815327  -0.000006    34.3644    34.3634     7.0459    27.6228    27.6219    34.3655    27.6237    1449.45    1449.45    -0.6213  1028.8040    34.5332 0.0000e+00
       9881 313.596767  -62.14328  -58.44282      0.857    1446.73    247.000    244.484    -0.6134    -0.6127     0.0008    -0.6213    -0.6205     0.0008   2.815444   2.815407  -0.000039    34.3651    34.3637     7.0070    27.6234    27.6222    34.3661    27.6242    1449.46    1449.47    -0.6211  1028.8092    34.5338 0.0000e+00
       9905 313.596778  -62.14329  -58.44282      0.971    1446.73    248.000    245.473    -0.6129    -0.6121     0.0008    -0.6208    -0.6200     0.0008   2.815555   2.815528  -0.000030    34.3655    34.3642     6.9831    27.6237    27.6225    34.3664    27.6244    1449.48    1449.48    -0.6206  1028.8142    34.5341 0.0000e+00
       9929 313.596790  -62.14330  -58.44282      1.012    1446.73    249.000    246.462    -0.6124    -0.6092     0.0032    -0.6202    -0.6171     0.0032   2.815663   2.815939   0.000244    34.3658    34.3655     6.9825    27.6239    27.6235    34.3666    27.6245    1449.50    1449.52    -0.6201  1028.8170    34.5316 0.0000e+00
       9955 313.596803 -9.990e-29  -58.44282      0.943    1446.73    250.000    247.452    -0.6092    -0.6083     0.0010    -0.6172    -0.6162     0.0010   2.816106   2.816105   0.000019    34.3671    34.3663     6.9762    27.6248    27.6241    34.3684    27.6259    1449.53    1449.54    -0.6170  1028.8207    34.5305 0.0000e+00
       9986 313.596817 -9.990e-29  -58.44281      0.819    1446.73    251.000    248.441    -0.6065    -0.6056     0.0009    -0.6145    -0.6136     0.0009   2.816513   2.816498  -0.000014    34.3694    34.3681     6.9721    27.6265    27.6255    34.3702    27.6272    1449.57    1449.57    -0.6143  1028.8267    34.5323 0.0000e+00
      10014 313.596831 -9.990e-29  -58.44280      0.822    1446.73    252.000    249.430    -0.6052    -0.6045     0.0007    -0.6132    -0.6125     0.0007   2.816715   2.816670  -0.000042    34.3699    34.3686     6.9717    27.6269    27.6258    34.3708    27.6276    1449.59    1449.59    -0.6130  1028.8319    34.5329 0.0000e+00
      10037 313.596842  -62.14332  -58.44280      0.939    1446.73    253.000    250.419    -0.6025    -0.6017     0.0008    -0.6106    -0.6097     0.0008   2.817039   2.817048   0.000007    34.3706    34.3698     6.9631    27.6274    27.6267    34.3715    27.6281    1449.62    1449.62    -0.6104  1028.8410    34.5385 0.0000e+00
      10060 313.596853  -62.14332  -58.44280      1.049    1446.73    254.000    251.409    -0.6047    -0.6046     0.0001    -0.6128    -0.6127     0.0001   2.817009   2.816907  -0.000092    34.3726    34.3712     6.9477    27.6291    27.6279    34.3730    27.6294    1449.63    1449.63    -0.6126  1028.8477    34.5408 0.0000e+00
      10083 313.596864  -62.14332  -58.44280      1.065    1446.73    255.000    252.397    -0.6086    -0.6083     0.0003    -0.6167    -0.6164     0.0003   2.816716   2.816638  -0.000078    34.3731    34.3717     6.9450    27.6296    27.6285    34.3728    27.6294    1449.62    1449.63    -0.6165  1028.8525    34.5406 0.0000e+00
      10111 313.596878  -62.14332  -58.44280      0.927    1446.74    256.000    253.387    -0.6112    -0.6106     0.0007    -0.6194    -0.6187     0.0007   2.816528   2.816491  -0.000040    34.3725    34.3712     6.9469    27.6293    27.6282    34.3727    27.6294    1449.63    1449.63    -0.6192  1028.8573    34.5405 0.0000e+00
      10144 313.596894  -62.14332  -58.44278      0.734    1447.21    257.000    254.376    -0.6113    -0.6105     0.0007    -0.6194    -0.6187     0.0007   2.816580   2.816542  -0.000037    34.3726    34.3713     6.9352    27.6294    27.6282    34.3728    27.6295    1449.65    1449.65    -0.6193  1028.8633    34.5420 0.0000e+00
      10173 313.596908  -62.14333  -58.44278      0.782    1447.21    258.000    255.365    -0.6114    -0.6106     0.0008    -0.6196    -0.6188     0.0008   2.816600   2.816587  -0.000015    34.3725    34.3714     6.9341    27.6293    27.6284    34.3726    27.6294    1449.66    1449.66    -0.6194  1028.8668    34.5404 0.0000e+00
      10196 313.596919  -62.14334  -58.44278      0.942    1447.21    259.000    256.354    -0.6115    -0.6107     0.0008    -0.6197    -0.6190     0.0008   2.816641   2.816620  -0.000021    34.3725    34.3713     6.9371    27.6293    27.6283    34.3726    27.6294    1449.68    1449.68    -0.6196  1028.8716    34.5404 0.0000e+00
      10217 313.596929  -62.14334  -58.44278      1.081    1447.21    260.000    257.343    -0.6115    -0.6106     0.0008    -0.6197    -0.6189     0.0008   2.816694   2.816674  -0.000019    34.3725    34.3714     6.9335    27.6293    27.6284    34.3727    27.6295    1449.69    1449.70    -0.6196  1028.8764    34.5405 0.0000e+00
      10238 313.596939  -62.14334  -58.44278      1.142    1447.21    261.000    258.332    -0.6114    -0.6106     0.0007    -0.6197    -0.6190     0.0007   2.816749   2.816726  -0.000023    34.3726    34.3715     6.9310    27.6294    27.6284    34.3727    27.6295    1449.71    1449.71    -0.6195  1028.8830    34.5427 0.0000e+00
      10261 313.596950  -62.14334 -9.990e-29      1.106    1447.21    262.000    259.322    -0.6117    -0.6108     0.0009    -0.6201    -0.6192     0.0009   2.816756   2.816756  -0.000003    34.3726    34.3716     6.9345    27.6294    27.6285    34.3726    27.6294    1449.73    1449.73    -0.6199  1028.8879    34.5429 0.0000e+00
      10287 313.596963  -62.14335 -9.990e-29      0.967    1447.21    263.000    260.311    -0.6112    -0.6105     0.0007    -0.6196    -0.6189     0.0007   2.816865   2.816835  -0.000028    34.3727    34.3715     6.9302    27.6294    27.6284    34.3729    27.6296    1449.74    1449.75    -0.6194  1028.8928    34.5432 0.0000e+00
      10316 313.596977  -62.14336 -9.990e-29      0.854    1447.21    264.000    261.300    -0.6090    -0.6083     0.0007    -0.6175    -0.6167     0.0007   2.817119   2.817095  -0.000027    34.3730    34.3718     6.9320    27.6296    27.6286    34.3733    27.6298    1449.77    1449.77    -0.6172  1028.8977    34.5435 0.0000e+00
      10342 313.596989  -62.14336  -58.44276      0.882    1447.21    265.000    262.289    -0.6089    -0.6086     0.0003    -0.6174    -0.6170     0.0003   2.817232   2.817217  -0.000013    34.3738    34.3733     6.9448    27.6303    27.6298    34.3740    27.6304    1449.79    1449.79    -0.6172  1028.9011    34.5418 0.0000e+00
      10366 313.597001  -62.14336  -58.44276      0.965    1447.21    266.000    263.278    -0.6132    -0.6120     0.0012    -0.6217    -0.6204     0.0012   2.817036   2.817041   0.000006    34.3760    34.3747     6.9408    27.6322    27.6311    34.3756    27.6319    1449.79    1449.79    -0.6215  1028.9074    34.5435 0.0000e+00
      10390 313.597012  -62.14336  -58.44276      1.008    1447.21    267.000    264.268    -0.6120    -0.6090     0.0030    -0.6206    -0.6175     0.0030   2.817460   2.817557   0.000094    34.3784    34.3762     6.9385    27.6341    27.6321    34.3794    27.6349    1449.81    1449.82    -0.6203  1028.9152    34.5473 0.0000e+00
      10414 313.597024  -62.14336  -58.44276      0.996    1447.21    268.000    265.257    -0.5937    -0.5937    -0.0000    -0.6023    -0.6023    -0.0000   2.819239   2.819119  -0.000117    34.3807    34.3791     6.9299    27.6352    27.6339    34.3820    27.6362    1449.92    1449.92    -0.6021  1028.9210    34.5498 0.0000e+00
      10439 313.597036  -62.14336  -58.44276      0.984    1447.21    269.000    266.246    -0.6004    -0.5986     0.0018    -0.6090    -0.6072     0.0018   2.818726   2.818749   0.000033    34.3815    34.3799     6.9283    27.6361    27.6347    34.3820    27.6365    1449.90    1449.91    -0.6088  1028.9222    34.5449 0.0000e+00
      10463 313.597048 -9.990e-29  -58.44276      0.990    1447.21    270.000    267.235    -0.5995    -0.5992     0.0003    -0.6082    -0.6078     0.0003   2.818834   2.818734  -0.000133    34.3822    34.3800     6.9131    27.6366    27.6349    34.3819    27.6364    1449.92    1449.92    -0.6080  1028.9262    34.5440 0.0000e+00
      10487 313.597059 -9.990e-29  -58.44276      0.994    1447.21    271.000    268.224    -0.6043    -0.6025     0.0018    -0.6130    -0.6112     0.0018   2.818341   2.818424   0.000078    34.3807    34.3798     6.8953    27.6357    27.6348    34.3801    27.6351    1449.92    1449.92    -0.6128  1028.9298    34.5422 0.0000e+00
      10512 313.597071 -9.990e-29  -58.44275      0.981    1447.21    272.000    269.213    -0.6091    -0.6084     0.0007    -0.6178    -0.6171     0.0007   2.818055   2.817944  -0.000083    34.3810    34.3791     6.8805    27.6361    27.6345    34.3811    27.6362    1449.91    1449.91    -0.6176  1028.9356    34.5432 0.0000e+00
      10538 313.597084  -62.14338  -58.44274      0.942    1447.21    273.000    270.202    -0.6058    -0.6054     0.0004    -0.6146    -0.6141     0.0004   2.818357   2.818300  -0.000054    34.3802    34.3790     6.8701    27.6353    27.6343    34.3808    27.6358    1449.94    1449.94    -0.6144  1028.9437    34.5476 0.0000e+00
      10563 313.597096  -62.14340  -58.44274      0.922    1447.21    274.000    271.191    -0.5968    -0.5975    -0.0007    -0.6056    -0.6062    -0.0007   2.819166   2.819086  -0.000080    34.3793    34.3790     6.8775    27.6342    27.6340    34.3809    27.6354    1450.00    1450.00    -0.6054  1028.9489    34.5487 0.0000e+00
      10587 313.597108  -62.14340  -58.44274      0.969    1447.21    275.000    272.181    -0.5798    -0.5805    -0.0008    -0.5886    -0.5894    -0.0008   2.820670   2.820699   0.000016    34.3794    34.3804     6.8827    27.6335    27.6344    34.3812    27.6349    1450.10    1450.10    -0.5885  1028.9530    34.5490 0.0000e+00
      10610 313.597119  -62.14340  -58.44274      1.031    1447.21    276.000    273.170    -0.5809    -0.5786     0.0023    -0.5898    -0.5875     0.0023   2.820792   2.820882   0.000071    34.3831    34.3814     6.8835    27.6365    27.6351    34.3835    27.6369    1450.11    1450.12    -0.5896  1028.9597    34.5514 0.0000e+00
      10633 313.597130  -62.14340  -58.44274      1.056    1447.21    277.000    274.159    -0.5879    -0.5864     0.0015    -0.5969    -0.5953     0.0015   2.820324   2.820274  -0.000002    34.3841    34.3823     6.8781    27.6377    27.6362    34.3845    27.6380    1450.10    1450.10    -0.5966  1028.9657    34.5525 0.0000e+00
      10658 313.597142  -62.14340  -58.44274      1.010    1447.21    278.000    275.148    -0.5823    -0.5846    -0.0022    -0.5913    -0.5935    -0.0022   2.820784   2.820536  -0.000249    34.3828    34.3820     6.8652    27.6364    27.6358    34.3838    27.6372    1450.14    1450.13    -0.5911  1028.9695    34.5517 0.0000e+00
      10685 313.597155  -62.14340  -58.44274      0.901    1447.21    279.000    276.137    -0.5803    -0.5819    -0.0016    -0.5893    -0.5909    -0.0016   2.821026   2.820797  -0.000237    34.3838    34.3824     6.8511    27.6371    27.6360    34.3841    27.6374    1450.16    1450.15    -0.5891  1028.9745    34.5521 0.0000e+00
      10713 313.597168  -62.14342  -58.44274      0.854    1447.21    280.000    277.126    -0.5815    -0.5807     0.0009    -0.5906    -0.5897     0.0009   2.820947   2.820945  -0.000013    34.3835    34.3823     6.8492    27.6369    27.6359    34.3839    27.6372    1450.17    1450.18    -0.5904  1028.9791    34.5518 0.0000e+00
      10738 313.597180  -62.14342  -58.44274      0.914    1447.21    281.000    278.115    -0.5811    -0.5795     0.0016    -0.5901    -0.5886     0.0016   2.821041   2.821101   0.000054    34.3835    34.3825     6.8462    27.6369    27.6360    34.3840    27.6373    1450.19    1450.20    -0.5900  1028.9856    34.5541 0.0000e+00
      10761 313.597191  -62.14342 -9.990e-29      1.012    1447.21    282.000    279.104    -0.5803    -0.5795     0.0008    -0.5894    -0.5886     0.0008   2.821136   2.821145   0.000016    34.3834    34.3827     6.8434    27.6368    27.6362    34.3838    27.6371    1450.21    1450.22    -0.5892  1028.9905    34.5542 0.0000e+00
      10782 313.597202  -62.14342 -9.990e-29      1.085    1447.21    283.000    280.092    -0.5797    -0.5793     0.0005    -0.5889    -0.5884     0.0005   2.821214   2.821182  -0.000032    34.3832    34.3823     6.8466    27.6366    27.6358    34.3836    27.6369    1450.23    1450.23    -0.5887  1028.9950    34.5540 0.0000e+00
      10805 313.597212  -62.14342 -9.990e-29      1.101    1447.21    284.000    281.082    -0.5800    -0.5797     0.0003    -0.5892    -0.5889     0.0003   2.821251   2.821219  -0.000038    34.3836    34.3827     6.8533    27.6369    27.6362    34.3838    27.6371    1450.25    1450.25    -0.5890  1028.9999    34.5542 0.0000e+00
      10830 313.597225  -62.14342  -58.44272      1.002    1447.21    285.000    282.071    -0.5802    -0.5810    -0.0007    -0.5895    -0.5902    -0.0007   2.821286   2.821146  -0.000127    34.3835    34.3826     6.8510    27.6369    27.6362    34.3839    27.6372    1450.26    1450.26    -0.5892  1029.0038    34.5530 0.0000e+00
      10860 313.597239  -62.14344  -58.44272      0.848    1447.21    286.000    283.060    -0.5850    -0.5834     0.0015    -0.5942    -0.5927     0.0015   2.820950   2.820938  -0.000022    34.3848    34.3828     6.8457    27.6381    27.6364    34.3841    27.6376    1450.26    1450.26    -0.5940  1029.0080    34.5521 0.0000e+00
      10888 313.597252  -62.14344  -58.44272      0.831    1447.21    287.000    284.049    -0.5920    -0.5898     0.0023    -0.6013    -0.5990     0.0023   2.820425   2.820540   0.000092    34.3841    34.3828     6.8440    27.6379    27.6367    34.3844    27.6382    1450.24    1450.25    -0.6011  1029.0134    34.5524 0.0000e+00
      10912 313.597264  -62.14344  -58.44272      0.932    1447.21    288.000    285.038    -0.5845    -0.5817     0.0028    -0.5938    -0.5910     0.0028   2.821025   2.821151   0.000130    34.3839    34.3825     6.8427    27.6374    27.6361    34.3834    27.6370    1450.29    1450.30    -0.5936  1029.0169    34.5514 0.0000e+00
      10934 313.597275  -62.14344  -58.44272      1.042    1447.21    289.000    286.028    -0.5921    -0.5921     0.0000    -0.6014    -0.6014     0.0000   2.820420   2.820402  -0.000050    34.3836    34.3829     6.8445    27.6375    27.6369    34.3832    27.6371    1450.27    1450.27    -0.6012  1029.0233    34.5528 0.0000e+00
      10956 313.597285  -62.14344 -9.990e-29      1.093    1447.21    290.000    287.016    -0.5890    -0.5884     0.0007    -0.5984    -0.5977     0.0006   2.820785   2.820762   0.000030    34.3833    34.3829     6.8485    27.6371    27.6368    34.3841    27.6377    1450.30    1450.31    -0.5982  1029.0292    34.5545 0.0000e+00
      10980 313.597297  -62.14346 -9.990e-29      1.041    1447.21    291.000    288.005    -0.5793    -0.5785     0.0008    -0.5887    -0.5880     0.0008   2.821601   2.821689   0.000077    34.3827    34.3828     6.8505    27.6362    27.6363    34.3834    27.6368    1450.36    1450.37    -0.5885  1029.0329    34.5538 0.0000e+00
      11009 313.597311  -62.14346 -9.990e-29      0.889    1447.21    292.000    288.994    -0.5803    -0.5788     0.0015    -0.5897    -0.5883     0.0015   2.821605   2.821660   0.000058    34.3839    34.3830     6.8507    27.6372    27.6364    34.3840    27.6372    1450.38    1450.38    -0.5896  1029.0382    34.5544 0.0000e+00
      11037 313.597324  -62.14346  -58.44270      0.827    1447.21    293.000    289.983    -0.5802    -0.5796     0.0007    -0.5897    -0.5891     0.0007   2.821639   2.821630  -0.000017    34.3834    34.3825     6.8502    27.6368    27.6360    34.3838    27.6371    1450.39    1450.39    -0.5895  1029.0413    34.5523 0.0000e+00
