Pos-Processados/process_op42/operantar42_012.ros
* Sea-Bird SBE 9 Data File:
* FileName = C:\Users\Hidrografia\Desktop\OPXLII\Brutos\OP42012.hdr
* Software Version Seasave V 7.26.7.107
* Temperature SN = 6502
* Conductivity SN = 4998
* Number of Bytes Per Scan = 31
* Number of Voltage Words = 2
* Number of Scans Averaged by the Deck Unit = 1
* NMEA Latitude = 45 45.00 S
* NMEA Longitude = 055 01.26 W
* NMEA UTC (Time) = Oct 19 2023 15:31:14
* NMEA baud rate = 4800
** H41
** NPOALTEMAXIMIANO
** NUMERO DA ESTACAO (XXX) 012
** LAT (XX XX.XX S/N) 45 44.898 S
** LONG (XXX XX.XX W/E) 055 00.940 W
** DATAHORA (dd/mm/aaaa hh:mm Z) 19/10/2023 15:24 Z
** PROFUNDIDADE (m) 5690
** OPERADOR 1T ZAMITH
# nquan = 24
# nvalues = 4542                                  
# units = specified
# name 0 = scan: Scan Count
# name 1 = timeJ: Julian Days
# name 2 = latitude: Latitude [deg]
# name 3 = longitude: Longitude [deg]
# name 4 = dz/dtM: Descent Rate [m/s]
# name 5 = avgsvCM: Average Sound Velocity [Chen-Millero, m/s]
# name 6 = prDM: Pressure, Digiquartz [db]
# name 7 = depSM: Depth [salt water, m]
# name 8 = t090C: Temperature [ITS-90, deg C]
# name 9 = t190C: Temperature, 2 [ITS-90, deg C]
# name 10 = T2-T190C: Temperature Difference, 2 - 1 [ITS-90, deg C]
# name 11 = potemp090C: Potential Temperature [ITS-90, deg C]
# name 12 = potemp190C: Potential Temperature, 2 [ITS-90, deg C]
# name 13 = potemp90Cdiff: Potential Temperature, Diff, 2 - 1 [ITS-90, deg C]
# name 14 = c0S/m: Conductivity [S/m]
# name 15 = c1S/m: Conductivity, 2 [S/m]
# name 16 = C2-C1S/m: Conductivity Difference, 2 - 1 [S/m]
# name 17 = sal00: Salinity, Practical [PSU]
# name 18 = sal11: Salinity, Practical, 2 [PSU]
# name 19 = sbeox0ML/L: Oxygen, SBE 43 [ml/l]
# name 20 = sigma-é00: Density [sigma-theta, kg/m^3]
# name 21 = sigma-é11: Density, 2 [sigma-theta, kg/m^3]
# name 22 = nbf: Bottles Fired
# name 23 = flag:  0.000e+00
# interval = seconds: 0.0416667
# start_time = Oct 19 2023 15:31:14 [NMEA time, header]
# bad_flag = -9.990e-29
*END*
[from data line 544]
      56005 292.673698  -45.76110  -55.02182     -0.125    1472.17     43.704     43.341     7.0692     7.0694     0.0003     7.0652     7.0654     0.0003   3.456457   3.456436  -0.000021    34.1168    34.1163     6.9054    26.7140    26.7136          3  0.000e+00
      56006 292.673698  -45.76110  -55.02182     -0.121    1472.17     43.744     43.381     7.0694     7.0697     0.0003     7.0654     7.0657     0.0003   3.456464   3.456412  -0.000052    34.1166    34.1157     6.9054    26.7138    26.7131          3  0.000e+00
      56007 292.673699  -45.76110  -55.02182     -0.124    1472.17     43.688     43.325     7.0693     7.0694     0.0002     7.0653     7.0654     0.0002   3.456501   3.456387  -0.000113    34.1172    34.1158     6.9054    26.7143    26.7132          3  0.000e+00
      56008 292.673699  -45.76110  -55.02182     -0.117    1472.17     43.744     43.381     7.0693     7.0692    -0.0001     7.0653     7.0652    -0.0001   3.456470   3.456393  -0.000076    34.1168    34.1161     6.9007    26.7140    26.7135          3  0.000e+00
      56009 292.673700  -45.76110  -55.02182     -0.115    1472.17     43.744     43.381     7.0691     7.0693     0.0002     7.0651     7.0653     0.0002   3.456408   3.456387  -0.000021    34.1163    34.1159     6.9003    26.7136    26.7133          3  0.000e+00
      56010 292.673700  -45.76110  -55.02182     -0.113    1472.17     43.744     43.381     7.0696     7.0692    -0.0005     7.0656     7.0652    -0.0005   3.456346   3.456326  -0.000020    34.1151    34.1153     6.9049    26.7126    26.7129          3  0.000e+00
      56011 292.673701  -45.76110  -55.02182     -0.113    1472.17     43.688     43.326     7.0694     7.0692    -0.0003     7.0654     7.0652    -0.0003   3.456352   3.456345  -0.000008    34.1154    34.1155     6.9051    26.7129    26.7131          3  0.000e+00
      56012 292.673701  -45.76112  -55.02182     -0.112    1472.17     43.704     43.342     7.0694     7.0688    -0.0006     7.0654     7.0648    -0.0006   3.456408   3.456387  -0.000021    34.1160    34.1164     6.9055    26.7134    26.7138          3  0.000e+00
      56013 292.673702  -45.76112  -55.02182     -0.105    1472.17     43.744     43.381     7.0696     7.0687    -0.0009     7.0656     7.0647    -0.0009   3.456470   3.456363  -0.000107    34.1165    34.1162     6.9009    26.7137    26.7136          3  0.000e+00
      56014 292.673702  -45.76112  -55.02182     -0.106    1472.17     43.688     43.326     7.0691     7.0687    -0.0005     7.0651     7.0647    -0.0005   3.456464   3.456363  -0.000101    34.1169    34.1163     6.9008    26.7141    26.7137          3  0.000e+00
      56015 292.673703  -45.76112  -55.02182     -0.101    1472.17     43.744     43.382     7.0692     7.0684    -0.0008     7.0652     7.0644    -0.0008   3.456501   3.456333  -0.000168    34.1172    34.1162     6.9057    26.7144    26.7137          3  0.000e+00
      56016 292.673703  -45.76112  -55.02182     -0.099    1472.17     43.688     43.326     7.0688     7.0680    -0.0008     7.0648     7.0640    -0.0008   3.456470   3.456333  -0.000137    34.1173    34.1166     6.9013    26.7145    26.7141          3  0.000e+00
      56017 292.673704  -45.76112  -55.02182     -0.096    1472.17     43.744     43.382     7.0688     7.0682    -0.0005     7.0648     7.0642    -0.0005   3.456408   3.456302  -0.000106    34.1166    34.1160     6.9015    26.7140    26.7135          3  0.000e+00
      56018 292.673704  -45.76112  -55.02182     -0.092    1472.17     43.704     43.342     7.0688     7.0681    -0.0006     7.0648     7.0641    -0.0006   3.456346   3.456278  -0.000068    34.1160    34.1158     6.9066    26.7134    26.7134          3  0.000e+00
      56019 292.673705  -45.76112  -55.02182     -0.092    1472.17     43.688     43.326     7.0686     7.0679    -0.0007     7.0646     7.0639    -0.0007   3.456334   3.456290  -0.000044    34.1160    34.1162     6.9024    26.7135    26.7137          3  0.000e+00
      56020 292.673705  -45.76112  -55.02182     -0.085    1472.17     43.744     43.382     7.0688     7.0681    -0.0006     7.0648     7.0641    -0.0006   3.456309   3.456302  -0.000007    34.1155    34.1161     6.9021    26.7131    26.7136          3  0.000e+00
      56021 292.673706  -45.76112  -55.02182     -0.080    1472.17     43.744     43.382     7.0688     7.0678    -0.0011     7.0648     7.0638    -0.0011   3.456346   3.456272  -0.000075    34.1159    34.1161     6.9024    26.7134    26.7137          3  0.000e+00
      56022 292.673706  -45.76112  -55.02182     -0.075    1472.17     43.688     43.326     7.0688     7.0678    -0.0010     7.0648     7.0638    -0.0010   3.456457   3.456241  -0.000216    34.1172    34.1158     6.9077    26.7144    26.7135          3  0.000e+00
      56023 292.673707  -45.76112  -55.02182     -0.074    1472.17     43.744     43.382     7.0691     7.0674    -0.0018     7.0651     7.0633    -0.0018   3.456488   3.456253  -0.000235    34.1171    34.1163     6.9087    26.7143    26.7139          3  0.000e+00
      56024 292.673707  -45.76112  -55.02182     -0.072    1472.17     43.688     43.326     7.0691     7.0674    -0.0017     7.0651     7.0634    -0.0017   3.456464   3.456272  -0.000192    34.1169    34.1165     6.9091    26.7141    26.7141          3  0.000e+00
      56025 292.673708  -45.76112  -55.02182     -0.065    1472.17     43.769     43.406     7.0691     7.0675    -0.0016     7.0651     7.0635    -0.0016   3.456365   3.456241  -0.000124    34.1158    34.1160     6.9048    26.7132    26.7137          3  0.000e+00
      56026 292.673708  -45.76112  -55.02182     -0.062    1472.17     43.688     43.326     7.0690     7.0674    -0.0016     7.0650     7.0634    -0.0016   3.456352   3.456284  -0.000069    34.1158    34.1166     6.9047    26.7133    26.7142          3  0.000e+00
      56027 292.673709  -45.76112  -55.02182     -0.060    1472.17     43.745     43.382     7.0691     7.0677    -0.0015     7.0651     7.0637    -0.0015   3.456365   3.456296  -0.000069    34.1158    34.1165     6.9047    26.7133    26.7140          3  0.000e+00
      56039 292.673714  -45.76112  -55.02182     -0.009    1472.17     43.745     43.382     7.0690     7.0678    -0.0012     7.0650     7.0638    -0.0012   3.456525   3.456314  -0.000211    34.1177    34.1166     6.9094    26.7148    26.7141          4  0.000e+00
      56040 292.673715  -45.76112  -55.02182     -0.004    1472.17     43.745     43.382     7.0686     7.0678    -0.0008     7.0646     7.0638    -0.0008   3.456495   3.456290  -0.000205    34.1177    34.1163     6.9094    26.7148    26.7138          4  0.000e+00
      56041 292.673715  -45.76112  -55.02182      0.002    1472.17     43.801     43.438     7.0688     7.0681    -0.0007     7.0648     7.0641    -0.0007   3.456396   3.456314  -0.000081    34.1164    34.1162     6.9144    26.7138    26.7138          4  0.000e+00
      56042 292.673716  -45.76112  -55.02182      0.003    1472.17     43.745     43.382     7.0686     7.0685    -0.0001     7.0646     7.0645    -0.0001   3.456340   3.456290  -0.000050    34.1160    34.1156     6.9155    26.7135    26.7132          4  0.000e+00
      56043 292.673716  -45.76112  -55.02182      0.008    1472.17     43.745     43.382     7.0686     7.0686    -0.0001     7.0646     7.0645    -0.0001   3.456377   3.456357  -0.000020    34.1164    34.1163     6.9117    26.7138    26.7137          4  0.000e+00
      56044 292.673717  -45.76112  -55.02182      0.013    1472.17     43.801     43.438     7.0685     7.0689     0.0004     7.0645     7.0649     0.0004   3.456396   3.456393  -0.000002    34.1167    34.1163     6.9168    26.7141    26.7137          4  0.000e+00
      56045 292.673717  -45.76112  -55.02182      0.016    1472.17     43.769     43.406     7.0686     7.0688     0.0002     7.0646     7.0648     0.0002   3.456439   3.456345  -0.000094    34.1171    34.1159     6.9173    26.7144    26.7134          4  0.000e+00
      56046 292.673718  -45.76112  -55.02182      0.017    1472.17     43.745     43.382     7.0686     7.0692     0.0006     7.0646     7.0652     0.0006   3.456525   3.456381  -0.000144    34.1180    34.1159     6.9178    26.7151    26.7134          4  0.000e+00
      56047 292.673718  -45.76112  -55.02182      0.018    1472.17     43.745     43.382     7.0688     7.0690     0.0001     7.0648     7.0650     0.0001   3.456501   3.456412  -0.000089    34.1176    34.1165     6.9135    26.7147    26.7138          4  0.000e+00
      56048 292.673719  -45.76112  -55.02182      0.020    1472.17     43.801     43.438     7.0686     7.0693     0.0007     7.0646     7.0653     0.0007   3.456439   3.456424  -0.000015    34.1171    34.1162     6.9186    26.7143    26.7136          4  0.000e+00
      56049 292.673719  -45.76112  -55.02182      0.028    1472.17     43.801     43.438     7.0686     7.0694     0.0008     7.0646     7.0654     0.0008   3.456377   3.456418   0.000041    34.1164    34.1160     6.9187    26.7138    26.7134          4  0.000e+00
      56050 292.673720  -45.76112  -55.02182      0.029    1472.17     43.745     43.382     7.0683     7.0692     0.0009     7.0643     7.0652     0.0009   3.456315   3.456400   0.000084    34.1160    34.1161     6.9143    26.7136    26.7135          4  0.000e+00
      56051 292.673720  -45.76112  -55.02182      0.031    1472.17     43.826     43.462     7.0685     7.0693     0.0008     7.0645     7.0653     0.0008   3.456346   3.456436   0.000090    34.1162    34.1164     6.9138    26.7137    26.7137          4  0.000e+00
      56052 292.673721  -45.76112  -55.02182      0.035    1472.17     43.802     43.438     7.0685     7.0693     0.0008     7.0645     7.0653     0.0008   3.456365   3.456412   0.000047    34.1164    34.1161     6.9138    26.7138    26.7135          4  0.000e+00
      56053 292.673721  -45.76112  -55.02182      0.036    1472.17     43.745     43.382     7.0685     7.0691     0.0007     7.0645     7.0651     0.0007   3.456408   3.456412   0.000004    34.1169    34.1163     6.9138    26.7142    26.7137          4  0.000e+00
      56054 292.673722  -45.76112  -55.02182      0.037    1472.17     43.802     43.438     7.0685     7.0692     0.0007     7.0645     7.0652     0.0007   3.456495   3.456400  -0.000095    34.1178    34.1161     6.9139    26.7150    26.7135          4  0.000e+00
      56055 292.673722  -45.76112  -55.02182      0.041    1472.17     43.802     43.438     7.0685     7.0690     0.0006     7.0645     7.0650     0.0006   3.456495   3.456412  -0.000083    34.1178    34.1164     6.9140    26.7150    26.7137          4  0.000e+00
      56056 292.673723  -45.76112  -55.02182      0.041    1472.17     43.802     43.438     7.0688     7.0690     0.0002     7.0648     7.0650     0.0002   3.456488   3.456400  -0.000089    34.1175    34.1163     6.9142    26.7146    26.7137          4  0.000e+00
      56057 292.673723  -45.76112  -55.02182      0.044    1472.17     43.802     43.438     7.0684     7.0690     0.0007     7.0644     7.0650     0.0007   3.456439   3.456387  -0.000052    34.1173    34.1161     6.9138    26.7146    26.7135          4  0.000e+00
      56058 292.673723  -45.76112  -55.02182      0.046    1472.17     43.769     43.407     7.0686     7.0690     0.0003     7.0646     7.0650     0.0003   3.456377   3.456418   0.000041    34.1164    34.1165     6.9133    26.7138    26.7139          4  0.000e+00
      56059 292.673724  -45.76112  -55.02182      0.052    1472.17     43.866     43.502     7.0688     7.0690     0.0002     7.0648     7.0650     0.0002   3.456365   3.456357  -0.000008    34.1161    34.1157     6.9136    26.7135    26.7132          4  0.000e+00
      56060 292.673724  -45.76112  -55.02182      0.052    1472.17     43.802     43.439     7.0685     7.0688     0.0003     7.0645     7.0648     0.0003   3.456365   3.456375   0.000010    34.1164    34.1162     6.9137    26.7138    26.7136          4  0.000e+00
      56061 292.673725  -45.76112  -55.02182      0.048    1472.17     43.745     43.383     7.0686     7.0690     0.0004     7.0646     7.0650     0.0004   3.456457   3.456369  -0.000088    34.1173    34.1159     6.9138    26.7145    26.7134          4  0.000e+00
      56062 292.673725  -45.76112  -55.02182      0.055    1472.17     43.866     43.502     7.0685     7.0690     0.0004     7.0645     7.0650     0.0004   3.456464   3.456381  -0.000082    34.1174    34.1161     6.9186    26.7146    26.7135          4  0.000e+00
      56063 292.673726  -45.76112  -55.02182      0.053    1472.17     43.802     43.439     7.0686     7.0690     0.0004     7.0646     7.0650     0.0004   3.456476   3.456351  -0.000125    34.1175    34.1157     6.9137    26.7147    26.7132          4  0.000e+00
      56064 292.673726  -45.76112  -55.02182      0.059    1472.17     43.866     43.503     7.0688     7.0689     0.0001     7.0648     7.0648     0.0001   3.456414   3.456351  -0.000063    34.1166    34.1158     6.9190    26.7140    26.7133          4  0.000e+00
      56065 292.673727  -45.76112  -55.02182      0.058    1472.17     43.826     43.463     7.0686     7.0690     0.0003     7.0646     7.0650     0.0003   3.456346   3.456339  -0.000008    34.1160    34.1156     6.9142    26.7135    26.7131          4  0.000e+00
      56066 292.673727  -45.76112  -55.02182      0.059    1472.17     43.802     43.439     7.0688     7.0687    -0.0001     7.0648     7.0647    -0.0001   3.456377   3.456351  -0.000026    34.1162    34.1160     6.9138    26.7137    26.7135          4  0.000e+00
      56067 292.673728  -45.76112  -55.02182      0.062    1472.17     43.866     43.503     7.0688     7.0688    -0.0000     7.0648     7.0648    -0.0000   3.456346   3.456339  -0.000008    34.1158    34.1158     6.9190    26.7133    26.7133          4  0.000e+00
      56068 292.673728  -45.76112  -55.02182      0.056    1472.17     43.746     43.383     7.0690     7.0686    -0.0004     7.0650     7.0645    -0.0004   3.456377   3.456302  -0.000075    34.1161    34.1157     6.9141    26.7135    26.7132          4  0.000e+00
      56069 292.673729  -45.76112  -55.02182      0.060    1472.17     43.866     43.503     7.0691     7.0680    -0.0012     7.0651     7.0640    -0.0012   3.456464   3.456327  -0.000137    34.1168    34.1164     6.9187    26.7141    26.7139          4  0.000e+00
      56070 292.673729  -45.76112  -55.02182      0.064    1472.17     43.866     43.503     7.0690     7.0679    -0.0011     7.0650     7.0639    -0.0011   3.456488   3.456302  -0.000186    34.1172    34.1162     6.9189    26.7144    26.7138          4  0.000e+00
      56071 292.673730  -45.76112  -55.02182      0.065    1472.17     43.883     43.519     7.0691     7.0675    -0.0016     7.0651     7.0635    -0.0016   3.456507   3.456253  -0.000253    34.1173    34.1161     6.9196    26.7144    26.7137          4  0.000e+00
      56072 292.673730  -45.76112  -55.02182      0.064    1472.17     43.802     43.439     7.0687     7.0673    -0.0014     7.0647     7.0632    -0.0014   3.456445   3.456253  -0.000192    34.1171    34.1164     6.9204    26.7143    26.7140          4  0.000e+00
      56073 292.673731  -45.76112  -55.02182      0.060    1472.17     43.802     43.439     7.0690     7.0672    -0.0018     7.0650     7.0632    -0.0018   3.456352   3.456241  -0.000111    34.1158    34.1163     6.9212    26.7133    26.7139          4  0.000e+00
      56074 292.673731  -45.76112  -55.02182      0.061    1472.17     43.802     43.439     7.0686     7.0673    -0.0014     7.0646     7.0632    -0.0014   3.456352   3.456229  -0.000123    34.1161    34.1161     6.9164    26.7136    26.7138          4  0.000e+00
