Pos-Processados/process_op42/operantar42_021.ros
* Sea-Bird SBE 9 Data File:
* FileName = C:\Users\Hidrografia\Desktop\OPXLII\Brutos\OP42021.hdr
* Software Version Seasave V 7.26.7.107
* Temperature SN = 6502
* Conductivity SN = 4998
* Number of Bytes Per Scan = 37
* Number of Voltage Words = 4
* Number of Scans Averaged by the Deck Unit = 1
* NMEA Latitude = 62 16.32 S
* NMEA Longitude = 058 25.69 W
* NMEA UTC (Time) = Nov 07 2023 20:05:24
* NMEA baud rate = 4800
** H41
** NPOALTEMAXIMIANO
** NUMERO DA ESTACAO (XXX) 021
** LAT (XX XX.XX S/N) 62 16.30 S
** LONG (XXX XX.XX W/E) 058 25.70 W
** DATAHORA (dd/mm/aaaa hh:mm Z) 07/11/2023 2004Z
** PROFUNDIDADE (m) 145
** OPERADOR CT FABIREZA
# nquan = 24
# nvalues = 4104                                  
# units = specified
# name 0 = scan: Scan Count
# name 1 = timeJ: Julian Days
# name 2 = latitude: Latitude [deg]
# name 3 = longitude: Longitude [deg]
# name 4 = dz/dtM: Descent Rate [m/s]
# name 5 = avgsvCM: Average Sound Velocity [Chen-Millero, m/s]
# name 6 = prDM: Pressure, Digiquartz [db]
# name 7 = depSM: Depth [salt water, m]
# name 8 = t090C: Temperature [ITS-90, deg C]
# name 9 = t190C: Temperature, 2 [ITS-90, deg C]
# name 10 = T2-T190C: Temperature Difference, 2 - 1 [ITS-90, deg C]
# name 11 = potemp090C: Potential Temperature [ITS-90, deg C]
# name 12 = potemp190C: Potential Temperature, 2 [ITS-90, deg C]
# name 13 = potemp90Cdiff: Potential Temperature, Diff, 2 - 1 [ITS-90, deg C]
# name 14 = c0S/m: Conductivity [S/m]
# name 15 = c1S/m: Conductivity, 2 [S/m]
# name 16 = C2-C1S/m: Conductivity Difference, 2 - 1 [S/m]
# name 17 = sal00: Salinity, Practical [PSU]
# name 18 = sal11: Salinity, Practical, 2 [PSU]
# name 19 = sbeox0ML/L: Oxygen, SBE 43 [ml/l]
# name 20 = sigma-é00: Density [sigma-theta, kg/m^3]
# name 21 = sigma-é11: Density, 2 [sigma-theta, kg/m^3]
# name 22 = nbf: Bottles Fired
# name 23 = flag:  0.000e+00
# interval = seconds: 0.0416667
# start_time = Nov 07 2023 20:05:24 [NMEA time, header]
# bad_flag = -9.990e-29
*END*
[from data line 3985]
      21652 311.847525  -62.27354  -58.41734      0.011    1446.75      3.080      3.050    -0.5283    -0.5286    -0.0003    -0.5284    -0.5287    -0.0003   2.805281   2.805194  -0.000088    34.2832    34.2823     7.5889    27.5530    27.5523         24  0.000e+00
      21653 311.847525  -62.27354  -58.41734      0.016    1446.75      3.024      2.995    -0.5283    -0.5286    -0.0002    -0.5284    -0.5286    -0.0002   2.805293   2.805211  -0.000082    34.2834    34.2825     7.5778    27.5531    27.5525         24  0.000e+00
      21654 311.847526  -62.27354  -58.41734      0.021    1446.75      3.024      2.995    -0.5283    -0.5286    -0.0002    -0.5284    -0.5286    -0.0002   2.805310   2.805216  -0.000094    34.2836    34.2826     7.5775    27.5533    27.5525         24  0.000e+00
      21655 311.847526  -62.27354  -58.41734      0.033    1446.75      3.080      3.050    -0.5286    -0.5286     0.0001    -0.5287    -0.5286     0.0001   2.805316   2.805227  -0.000088    34.2840    34.2827     7.5773    27.5536    27.5526         24  0.000e+00
      21656 311.847527  -62.27354  -58.41734      0.041    1446.75      3.080      3.050    -0.5282    -0.5284    -0.0002    -0.5283    -0.5285    -0.0002   2.805316   2.805216  -0.000100    34.2835    34.2824     7.5770    27.5533    27.5524         24  0.000e+00
      21657 311.847527  -62.27354  -58.41734      0.052    1446.75      3.080      3.050    -0.5282    -0.5284    -0.0002    -0.5283    -0.5285    -0.0002   2.805333   2.805211  -0.000122    34.2837    34.2823     7.5766    27.5534    27.5523         24  0.000e+00
      21658 311.847527  -62.27354  -58.41734      0.060    1446.75      3.080      3.050    -0.5284    -0.5284     0.0000    -0.5285    -0.5285     0.0000   2.805379   2.805211  -0.000168    34.2846    34.2823     7.5753    27.5542    27.5523         24  0.000e+00
      21659 311.847528  -62.27354  -58.41734      0.066    1446.75      3.064      3.034    -0.5282    -0.5283    -0.0000    -0.5283    -0.5284    -0.0000   2.805413   2.805216  -0.000197    34.2848    34.2822     7.5813    27.5543    27.5522         24  0.000e+00
      21660 311.847528  -62.27354  -58.41734      0.080    1446.75      3.136      3.106    -0.5285    -0.5281     0.0004    -0.5286    -0.5282     0.0004   2.805384   2.805250  -0.000134    34.2847    34.2825     7.5767    27.5542    27.5524         24  0.000e+00
      21661 311.847529  -62.27354  -58.41734      0.084    1446.75      3.080      3.050    -0.5282    -0.5281     0.0001    -0.5283    -0.5282     0.0001   2.805350   2.805244  -0.000106    34.2840    34.2824     7.5455    27.5536    27.5523         24  0.000e+00
      21662 311.847529  -62.27354  -58.41734      0.090    1446.75      3.080      3.050    -0.5284    -0.5286    -0.0001    -0.5285    -0.5286    -0.0001   2.805379   2.805222  -0.000157    34.2846    34.2826     7.5414    27.5542    27.5526         24  0.000e+00
      21663 311.847530  -62.27354  -58.41734      0.096    1446.75      3.080      3.050    -0.5287    -0.5287    -0.0001    -0.5288    -0.5288    -0.0001   2.805356   2.805211  -0.000145    34.2846    34.2827     7.5684    27.5541    27.5526         24  0.000e+00
      21664 311.847530  -62.27354  -58.41734      0.105    1446.75      3.136      3.106    -0.5288    -0.5284     0.0004    -0.5289    -0.5285     0.0004   2.805321   2.805211  -0.000111    34.2843    34.2823     7.5825    27.5539    27.5523         24  0.000e+00
      21665 311.847531  -62.27354  -58.41734      0.113    1446.75      3.136      3.106    -0.5288    -0.5287     0.0001    -0.5289    -0.5288     0.0001   2.805236   2.805227  -0.000008    34.2831    34.2829     7.5858    27.5530    27.5528         24  0.000e+00
      21666 311.847531  -62.27354  -58.41734      0.118    1446.75      3.136      3.106    -0.5291    -0.5292    -0.0001    -0.5292    -0.5293    -0.0001   2.805247   2.805177  -0.000070    34.2835    34.2827     7.5816    27.5533    27.5527         24  0.000e+00
      21667 311.847532  -62.27354  -58.41734      0.125    1446.75      3.136      3.106    -0.5291    -0.5292    -0.0001    -0.5292    -0.5293    -0.0001   2.805264   2.805160  -0.000104    34.2838    34.2825     7.5837    27.5535    27.5525         24  0.000e+00
      21668 311.847532  -62.27354  -58.41732      0.129    1446.75      3.080      3.050    -0.5293    -0.5293    -0.0000    -0.5294    -0.5294    -0.0000   2.805224   2.805177  -0.000048    34.2835    34.2829     7.5847    27.5533    27.5528         24  0.000e+00
      21669 311.847533  -62.27354  -58.41732      0.132    1446.75      3.136      3.106    -0.5293    -0.5295    -0.0002    -0.5294    -0.5296    -0.0002   2.805230   2.805149  -0.000081    34.2835    34.2827     7.5922    27.5533    27.5526         24  0.000e+00
      21670 311.847533  -62.27354  -58.41732      0.135    1446.75      3.136      3.106    -0.5295    -0.5297    -0.0002    -0.5296    -0.5298    -0.0002   2.805270   2.805109  -0.000161    34.2843    34.2823     7.5867    27.5540    27.5524         24  0.000e+00
      21671 311.847534  -62.27354  -58.41732      0.137    1446.75      3.136      3.106    -0.5294    -0.5298    -0.0004    -0.5295    -0.5299    -0.0004   2.805207   2.805126  -0.000081    34.2834    34.2827     7.5876    27.5532    27.5527         24  0.000e+00
      21672 311.847534  -62.27354  -58.41732      0.142    1446.75      3.136      3.106    -0.5296    -0.5297    -0.0001    -0.5297    -0.5298    -0.0001   2.805219   2.805154  -0.000064    34.2837    34.2830     7.5820    27.5535    27.5529         24  0.000e+00
      21673 311.847535  -62.27354  -58.41732      0.147    1446.75      3.136      3.106    -0.5293    -0.5298    -0.0005    -0.5294    -0.5299    -0.0005   2.805236   2.805138  -0.000098    34.2836    34.2829     7.5754    27.5534    27.5528         24  0.000e+00
      21674 311.847535  -62.27354  -58.41732      0.143    1446.75      3.136      3.106    -0.5295    -0.5297    -0.0002    -0.5296    -0.5298    -0.0002   2.805253   2.805149  -0.000104    34.2841    34.2829     7.5806    27.5538    27.5528         24  0.000e+00
      21675 311.847536  -62.27354  -58.41732      0.143    1446.75      3.136      3.106    -0.5296    -0.5293     0.0003    -0.5297    -0.5294     0.0003   2.805224   2.805154  -0.000070    34.2838    34.2826     7.5804    27.5535    27.5525         24  0.000e+00
      21676 311.847536  -62.27354  -58.41732      0.143    1446.75      3.136      3.106    -0.5294    -0.5295    -0.0001    -0.5295    -0.5296    -0.0001   2.805213   2.805177  -0.000036    34.2834    34.2831     7.5803    27.5533    27.5529         24  0.000e+00
      21677 311.847537  -62.27354  -58.41732      0.144    1446.75      3.185      3.154    -0.5295    -0.5295     0.0000    -0.5296    -0.5296     0.0000   2.805213   2.805149  -0.000064    34.2835    34.2826     7.5791    27.5533    27.5526         24  0.000e+00
      21678 311.847537  -62.27354  -58.41732      0.139    1446.75      3.080      3.050    -0.5298    -0.5292     0.0005    -0.5298    -0.5293     0.0005   2.805213   2.805171  -0.000042    34.2839    34.2827     7.5778    27.5536    27.5526         24  0.000e+00
      21679 311.847538  -62.27354  -58.41732      0.137    1446.75      3.136      3.106    -0.5296    -0.5288     0.0007    -0.5297    -0.5289     0.0007   2.805213   2.805166  -0.000047    34.2836    34.2822     7.5786    27.5534    27.5522         24  0.000e+00
      21680 311.847538  -62.27354  -58.41732      0.138    1446.75      3.136      3.106    -0.5299    -0.5286     0.0013    -0.5300    -0.5287     0.0013   2.805190   2.805194   0.000004    34.2837    34.2823     7.5731    27.5535    27.5523         24  0.000e+00
      21681 311.847539  -62.27354  -58.41732      0.134    1446.75      3.136      3.106    -0.5299    -0.5286     0.0013    -0.5300    -0.5286     0.0013   2.805242   2.805211  -0.000031    34.2843    34.2824     7.5698    27.5540    27.5524         24  0.000e+00
      21682 311.847539  -62.27354  -58.41732      0.131    1446.75      3.136      3.106    -0.5300    -0.5284     0.0016    -0.5301    -0.5285     0.0016   2.805242   2.805194  -0.000048    34.2845    34.2821     7.5666    27.5542    27.5521         24  0.000e+00
      21683 311.847540  -62.27354  -58.41732      0.126    1446.75      3.136      3.106    -0.5300    -0.5284     0.0016    -0.5301    -0.5285     0.0016   2.805253   2.805222  -0.000031    34.2847    34.2825     7.5791    27.5543    27.5524         24  0.000e+00
      21684 311.847540  -62.27354  -58.41732      0.121    1446.75      3.136      3.106    -0.5304    -0.5286     0.0018    -0.5305    -0.5287     0.0018   2.805224   2.805216  -0.000008    34.2847    34.2826     7.5747    27.5543    27.5525         24  0.000e+00
      21685 311.847541  -62.27354  -58.41732      0.116    1446.75      3.136      3.106    -0.5303    -0.5286     0.0018    -0.5304    -0.5286     0.0018   2.805213   2.805194  -0.000019    34.2845    34.2822     7.5756    27.5541    27.5522         24  0.000e+00
      21686 311.847541  -62.27354  -58.41732      0.110    1446.75      3.080      3.050    -0.5304    -0.5286     0.0018    -0.5305    -0.5286     0.0018   2.805213   2.805205  -0.000008    34.2846    34.2824     7.5744    27.5542    27.5524         24  0.000e+00
      21687 311.847541  -62.27354  -58.41732      0.107    1446.75      3.201      3.170    -0.5302    -0.5287     0.0015    -0.5303    -0.5288     0.0015   2.805270   2.805194  -0.000076    34.2851    34.2824     7.5806    27.5546    27.5524         24  0.000e+00
      21688 311.847542  -62.27354  -58.41732      0.100    1446.75      3.080      3.050    -0.5303    -0.5287     0.0016    -0.5304    -0.5288     0.0016   2.805247   2.805205  -0.000042    34.2850    34.2826     7.5760    27.5545    27.5525         24  0.000e+00
      21689 311.847542  -62.27354  -58.41732      0.092    1446.75      3.136      3.106    -0.5304    -0.5288     0.0015    -0.5305    -0.5289     0.0015   2.805196   2.805194  -0.000002    34.2843    34.2825     7.5760    27.5540    27.5525         24  0.000e+00
      21690 311.847543  -62.27354  -58.41732      0.088    1446.75      3.080      3.050    -0.5302    -0.5290     0.0012    -0.5303    -0.5291     0.0012   2.805167   2.805166  -0.000002    34.2838    34.2824     7.5704    27.5535    27.5524         24  0.000e+00
      21691 311.847543  -62.27354  -58.41732      0.079    1446.75      3.136      3.106    -0.5304    -0.5290     0.0014    -0.5305    -0.5291     0.0014   2.805139   2.805177   0.000038    34.2835    34.2825     7.5768    27.5534    27.5525         24  0.000e+00
      21692 311.847544  -62.27356  -58.41732      0.074    1446.75      3.136      3.106    -0.5307    -0.5289     0.0018    -0.5308    -0.5290     0.0018   2.805150   2.805166   0.000015    34.2840    34.2822     7.5779    27.5538    27.5523         24  0.000e+00
      21693 311.847544  -62.27356  -58.41732      0.065    1446.75      3.080      3.050    -0.5308    -0.5292     0.0016    -0.5309    -0.5293     0.0016   2.805099   2.805154   0.000055    34.2836    34.2825     7.5779    27.5534    27.5524         24  0.000e+00
      21694 311.847545  -62.27356  -58.41732      0.056    1446.75      3.080      3.050    -0.5307    -0.5292     0.0015    -0.5308    -0.5293     0.0015   2.805116   2.805177   0.000061    34.2836    34.2828     7.5789    27.5534    27.5527         24  0.000e+00
      21695 311.847545  -62.27356  -58.41732      0.050    1446.75      3.080      3.050    -0.5308    -0.5293     0.0015    -0.5309    -0.5294     0.0015   2.805133   2.805149   0.000016    34.2840    34.2825     7.5790    27.5538    27.5525         24  0.000e+00
      21696 311.847546  -62.27356  -58.41732      0.043    1446.75      3.128      3.098    -0.5307    -0.5293     0.0013    -0.5308    -0.5294     0.0013   2.805110   2.805132   0.000022    34.2835    34.2823     7.5844    27.5533    27.5523         24  0.000e+00
      21697 311.847546  -62.27356  -58.41732      0.033    1446.75      3.024      2.995    -0.5307    -0.5297     0.0010    -0.5308    -0.5298     0.0010   2.805122   2.805149   0.000027    34.2837    34.2829     7.5842    27.5535    27.5529         24  0.000e+00
      21698 311.847547  -62.27356  -58.41732      0.023    1446.75      3.080      3.050    -0.5308    -0.5297     0.0012    -0.5309    -0.5298     0.0012   2.805110   2.805137   0.000027    34.2837    34.2828     7.5777    27.5535    27.5527         24  0.000e+00
      21699 311.847547  -62.27356  -58.41732      0.017    1446.75      3.080      3.050    -0.5307    -0.5298     0.0009    -0.5308    -0.5299     0.0009   2.805087   2.805149   0.000061    34.2832    34.2830     7.5775    27.5531    27.5529         24  0.000e+00
      21700 311.847548  -62.27356  -58.41732      0.007    1446.75      3.024      2.995    -0.5307    -0.5298     0.0009    -0.5308    -0.5299     0.0009   2.805082   2.805121   0.000039    34.2832    34.2827     7.5784    27.5531    27.5527         24  0.000e+00
      21701 311.847548  -62.27356  -58.41732      0.003    1446.75      3.080      3.050    -0.5304    -0.5303     0.0001    -0.5305    -0.5304     0.0001   2.805082   2.805104   0.000022    34.2828    34.2830     7.5804    27.5528    27.5529         24  0.000e+00
      21702 311.847549  -62.27356  -58.41732     -0.003    1446.75      3.080      3.050    -0.5302    -0.5301     0.0001    -0.5303    -0.5302     0.0001   2.805099   2.805104   0.000005    34.2828    34.2828     7.5803    27.5528    27.5527         24  0.000e+00
      21703 311.847549  -62.27356  -58.41732     -0.014    1446.75      3.024      2.995    -0.5307    -0.5301     0.0006    -0.5308    -0.5302     0.0006   2.805065   2.805081   0.000017    34.2829    34.2825     7.5803    27.5529    27.5525         24  0.000e+00
      21704 311.847550  -62.27356  -58.41732     -0.020    1446.75      3.024      2.995    -0.5305    -0.5303     0.0002    -0.5306    -0.5304     0.0002   2.805087   2.805059  -0.000029    34.2830    34.2824     7.5802    27.5530    27.5524         24  0.000e+00
      21705 311.847550  -62.27356  -58.41732     -0.024    1446.75      3.080      3.050    -0.5310    -0.5303     0.0007    -0.5311    -0.5304     0.0007   2.805105   2.805076  -0.000029    34.2838    34.2826     7.5803    27.5536    27.5526         24  0.000e+00
      21706 311.847551  -62.27356  -58.41732     -0.034    1446.75      2.959      2.931    -0.5307    -0.5306     0.0001    -0.5308    -0.5306     0.0001   2.805162   2.805059  -0.000103    34.2843    34.2828     7.5737    27.5540    27.5528         24  0.000e+00
      21707 311.847551  -62.27356  -58.41732     -0.040    1446.75      3.024      2.995    -0.5309    -0.5304     0.0005    -0.5310    -0.5305     0.0005   2.805145   2.805053  -0.000091    34.2843    34.2825     7.5728    27.5540    27.5526         24  0.000e+00
      21708 311.847552  -62.27356  -58.41732     -0.047    1446.75      3.024      2.995    -0.5307    -0.5306     0.0001    -0.5308    -0.5306     0.0001   2.805093   2.805076  -0.000018    34.2833    34.2830     7.5792    27.5532    27.5529         24  0.000e+00
      21709 311.847552  -62.27356  -58.41732     -0.050    1446.75      3.024      2.995    -0.5308    -0.5307     0.0001    -0.5309    -0.5308     0.0001   2.805116   2.805059  -0.000057    34.2838    34.2829     7.5793    27.5536    27.5529         24  0.000e+00
      21710 311.847553  -62.27356  -58.41732     -0.059    1446.75      2.959      2.931    -0.5310    -0.5306     0.0004    -0.5311    -0.5306     0.0004   2.805150   2.805036  -0.000114    34.2845    34.2825     7.5741    27.5542    27.5525         24  0.000e+00
      21711 311.847553  -62.27356  -58.41732     -0.065    1446.75      3.024      2.995    -0.5309    -0.5307     0.0002    -0.5310    -0.5308     0.0002   2.805179   2.805048  -0.000131    34.2848    34.2828     7.5750    27.5544    27.5528         24  0.000e+00
