Pos-Processados/process_op42/operantar42_002.ros
* Sea-Bird SBE 9 Data File:
* FileName = C:\Users\Hidrografia\Desktop\OPXLII\Brutos\OP42002.hdr
* Software Version Seasave V 7.26.7.107
* Temperature SN = 6502
* Conductivity SN = 4998
* Number of Bytes Per Scan = 37
* Number of Voltage Words = 4
* Number of Scans Averaged by the Deck Unit = 1
* NMEA Latitude = 37 53.44 S
* NMEA Longitude = 051 46.15 W
* NMEA UTC (Time) = Oct 16 2023 08:29:02
* NMEA baud rate = 4800
** H41
** NPOALTEMAXIMIANO
** NUMERO DA ESTACAO (XXX) 002
** LAT (XX XX.XX S/N) 37 53.431 S
** LONG (XXX XX.XX W/E) 51 48.140 W
** DATAHORA (dd/mm/aaaa hh:mm Z) 16/10/2023 0828Z
** PROFUNDIDADE (m) 4384
** OPERADOR CT FILIPE LOPES
# nquan = 24
# nvalues = 3841                                  
# units = specified
# name 0 = scan: Scan Count
# name 1 = timeJ: Julian Days
# name 2 = latitude: Latitude [deg]
# name 3 = longitude: Longitude [deg]
# name 4 = dz/dtM: Descent Rate [m/s]
# name 5 = avgsvCM: Average Sound Velocity [Chen-Millero, m/s]
# name 6 = prDM: Pressure, Digiquartz [db]
# name 7 = depSM: Depth [salt water, m]
# name 8 = t090C: Temperature [ITS-90, deg C]
# name 9 = t190C: Temperature, 2 [ITS-90, deg C]
# name 10 = T2-T190C: Temperature Difference, 2 - 1 [ITS-90, deg C]
# name 11 = potemp090C: Potential Temperature [ITS-90, deg C]
# name 12 = potemp190C: Potential Temperature, 2 [ITS-90, deg C]
# name 13 = potemp90Cdiff: Potential Temperature, Diff, 2 - 1 [ITS-90, deg C]
# name 14 = c0S/m: Conductivity [S/m]
# name 15 = c1S/m: Conductivity, 2 [S/m]
# name 16 = C2-C1S/m: Conductivity Difference, 2 - 1 [S/m]
# name 17 = sal00: Salinity, Practical [PSU]
# name 18 = sal11: Salinity, Practical, 2 [PSU]
# name 19 = sbeox0ML/L: Oxygen, SBE 43 [ml/l]
# name 20 = sigma-é00: Density [sigma-theta, kg/m^3]
# name 21 = sigma-é11: Density, 2 [sigma-theta, kg/m^3]
# name 22 = nbf: Bottles Fired
# name 23 = flag:  0.000e+00
# interval = seconds: 0.0416667
# start_time = Oct 16 2023 08:29:02 [NMEA time, header]
# bad_flag = -9.990e-29
*END*
[from data line 1993]
      67772 289.386178  -37.90472  -51.78368     -0.177    1502.92     44.575     44.237    18.1254    18.1259     0.0005    18.1176    18.1182     0.0005   4.745425   4.745704   0.000279    36.2051    36.2070     5.2309    26.1661    26.1675         11  0.000e+00
      67773 289.386179  -37.90472  -51.78368     -0.171    1502.92     44.655     44.317    18.1253    18.1257     0.0004    18.1176    18.1180     0.0004   4.745418   4.745676   0.000258    36.2050    36.2069     5.2346    26.1661    26.1675         11  0.000e+00
      67774 289.386179  -37.90472  -51.78368     -0.164    1502.92     44.631     44.293    18.1250    18.1255     0.0005    18.1173    18.1178     0.0005   4.745418   4.745649   0.000231    36.2053    36.2069     5.2311    26.1664    26.1675         11  0.000e+00
      67775 289.386180  -37.90472  -51.78368     -0.164    1502.92     44.575     44.237    18.1253    18.1255     0.0002    18.1176    18.1178     0.0002   4.745418   4.745649   0.000231    36.2051    36.2069     5.2309    26.1661    26.1675         11  0.000e+00
      67776 289.386180  -37.90472  -51.78368     -0.157    1502.92     44.631     44.293    18.1255    18.1255    -0.0000    18.1178    18.1178    -0.0000   4.745418   4.745669   0.000251    36.2049    36.2070     5.2312    26.1659    26.1676         11  0.000e+00
      67777 289.386181  -37.90472  -51.78368     -0.156    1502.92     44.575     44.237    18.1252    18.1259     0.0007    18.1174    18.1182     0.0007   4.745390   4.745690   0.000300    36.2050    36.2069     5.2311    26.1661    26.1674         11  0.000e+00
      67778 289.386181  -37.90472  -51.78368     -0.151    1502.92     44.631     44.293    18.1250    18.1261     0.0010    18.1173    18.1183     0.0010   4.745376   4.745718   0.000342    36.2050    36.2070     5.2311    26.1661    26.1674         11  0.000e+00
      67779 289.386182  -37.90472  -51.78368     -0.148    1502.92     44.575     44.237    18.1250    18.1266     0.0016    18.1173    18.1188     0.0016   4.745348   4.745752   0.000405    36.2048    36.2069     5.2347    26.1660    26.1672         11  0.000e+00
      67780 289.386182  -37.90472  -51.78368     -0.148    1502.92     44.575     44.237    18.1252    18.1262     0.0010    18.1175    18.1185     0.0010   4.745341   4.745732   0.000391    36.2045    36.2070     5.2349    26.1658    26.1674         11  0.000e+00
      67781 289.386182  -37.90472  -51.78368     -0.144    1502.92     44.575     44.237    18.1250    18.1257     0.0007    18.1173    18.1180     0.0007   4.745397   4.745676   0.000279    36.2052    36.2070     5.2352    26.1663    26.1675         11  0.000e+00
      67782 289.386183  -37.90472  -51.78368     -0.142    1502.92     44.575     44.237    18.1250    18.1254     0.0003    18.1173    18.1176     0.0003   4.745383   4.745586   0.000203    36.2050    36.2065     5.2354    26.1662    26.1672         11  0.000e+00
      67783 289.386183  -37.90472  -51.78368     -0.140    1502.92     44.575     44.237    18.1245    18.1250     0.0005    18.1167    18.1173     0.0005   4.745313   4.745566   0.000253    36.2049    36.2066     5.2320    26.1662    26.1674         11  0.000e+00
      67784 289.386184  -37.90472  -51.78368     -0.135    1502.92     44.599     44.261    18.1243    18.1248     0.0005    18.1166    18.1171     0.0005   4.745299   4.745566   0.000267    36.2049    36.2068     5.2357    26.1663    26.1676         11  0.000e+00
      67785 289.386184  -37.90472  -51.78368     -0.135    1502.92     44.575     44.237    18.1246    18.1245    -0.0001    18.1169    18.1168    -0.0001   4.745327   4.745510   0.000183    36.2049    36.2066     5.2359    26.1662    26.1675         11  0.000e+00
      67786 289.386185  -37.90472  -51.78368     -0.129    1502.92     44.575     44.237    18.1245    18.1245     0.0000    18.1168    18.1168     0.0000   4.745306   4.745517   0.000211    36.2048    36.2067     5.2362    26.1662    26.1675         11  0.000e+00
      67787 289.386185  -37.90472  -51.78368     -0.130    1502.92     44.518     44.181    18.1245    18.1248     0.0004    18.1168    18.1171     0.0004   4.745327   4.745552   0.000225    36.2051    36.2067     5.2364    26.1664    26.1675         11  0.000e+00
      67788 289.386186  -37.90472  -51.78368     -0.128    1502.92     44.575     44.237    18.1245    18.1247     0.0002    18.1168    18.1170     0.0002   4.745306   4.745566   0.000260    36.2048    36.2069     5.2367    26.1662    26.1677         11  0.000e+00
      67789 289.386186  -37.90472  -51.78368     -0.128    1502.92     44.518     44.181    18.1243    18.1250     0.0007    18.1166    18.1173     0.0007   4.745327   4.745510   0.000183    36.2052    36.2062     5.2369    26.1665    26.1671         11  0.000e+00
      67821 289.386202  -37.90472  -51.78370     -0.144    1502.92     44.398     44.061    18.1233    18.1240     0.0007    18.1156    18.1163     0.0007   4.745186   4.745413   0.000227    36.2050    36.2063     5.2391    26.1666    26.1674         12  0.000e+00
      67822 289.386202  -37.90472  -51.78370     -0.142    1502.92     44.334     43.997    18.1233    18.1236     0.0003    18.1156    18.1159     0.0003   4.745186   4.745386   0.000199    36.2050    36.2064     5.2390    26.1666    26.1676         12  0.000e+00
      67823 289.386203  -37.90472  -51.78370     -0.142    1502.92     44.334     43.997    18.1231    18.1236     0.0005    18.1154    18.1159     0.0005   4.745144   4.745427   0.000283    36.2048    36.2068     5.2350    26.1665    26.1678         12  0.000e+00
      67824 289.386203  -37.90472  -51.78370     -0.140    1502.92     44.398     44.061    18.1235    18.1240     0.0005    18.1158    18.1163     0.0005   4.745165   4.745448   0.000283    36.2046    36.2066     5.2381    26.1662    26.1676         12  0.000e+00
      67825 289.386204  -37.90472  -51.78370     -0.139    1502.92     44.334     43.997    18.1233    18.1242     0.0009    18.1156    18.1165     0.0009   4.745207   4.745476   0.000268    36.2052    36.2067     5.2378    26.1667    26.1677         12  0.000e+00
      67826 289.386204  -37.90472  -51.78370     -0.143    1502.92     44.277     43.942    18.1235    18.1242     0.0007    18.1158    18.1165     0.0007   4.745158   4.745469   0.000310    36.2046    36.2067     5.2374    26.1662    26.1676         12  0.000e+00
      67827 289.386205  -37.90472  -51.78370     -0.140    1502.92     44.334     43.998    18.1233    18.1245     0.0012    18.1156    18.1168     0.0012   4.745137   4.745503   0.000366    36.2046    36.2066     5.2371    26.1663    26.1675         12  0.000e+00
      67828 289.386205  -37.90472  -51.78370     -0.138    1502.92     44.358     44.021    18.1233    18.1247     0.0014    18.1156    18.1170     0.0014   4.745200   4.745496   0.000296    36.2051    36.2064     5.2333    26.1666    26.1673         12  0.000e+00
      67829 289.386206  -37.90472  -51.78370     -0.140    1502.92     44.277     43.942    18.1233    18.1243     0.0011    18.1156    18.1167     0.0011   4.745130   4.745489   0.000359    36.2046    36.2067     5.2330    26.1662    26.1676         12  0.000e+00
      67830 289.386206  -37.90472  -51.78370     -0.138    1502.92     44.334     43.998    18.1231    18.1243     0.0012    18.1155    18.1167     0.0012   4.745130   4.745489   0.000359    36.2047    36.2067     5.2327    26.1663    26.1676         12  0.000e+00
      67831 289.386207  -37.90472  -51.78370     -0.136    1502.92     44.334     43.998    18.1231    18.1242     0.0011    18.1154    18.1165     0.0011   4.745137   4.745489   0.000352    36.2047    36.2068     5.2324    26.1664    26.1678         12  0.000e+00
      67832 289.386207  -37.90472  -51.78370     -0.133    1502.92     44.334     43.998    18.1231    18.1243     0.0012    18.1155    18.1167     0.0012   4.745137   4.745510   0.000373    36.2047    36.2068     5.2318    26.1664    26.1677         12  0.000e+00
      67833 289.386208  -37.90472  -51.78370     -0.128    1502.92     44.334     43.998    18.1230    18.1243     0.0014    18.1153    18.1167     0.0014   4.745165   4.745524   0.000359    36.2051    36.2070     5.2315    26.1667    26.1678         12  0.000e+00
      67834 289.386208  -37.90472  -51.78370     -0.124    1502.92     44.334     43.998    18.1233    18.1243     0.0011    18.1156    18.1167     0.0011   4.745235   4.745503   0.000268    36.2054    36.2068     5.2311    26.1669    26.1677         12  0.000e+00
      67835 289.386209  -37.90472  -51.78370     -0.119    1502.92     44.334     43.998    18.1237    18.1242     0.0005    18.1160    18.1165     0.0005   4.745228   4.745489   0.000261    36.2050    36.2068     5.2272    26.1665    26.1678         12  0.000e+00
      67836 289.386209  -37.90472  -51.78370     -0.117    1502.92     44.334     43.998    18.1231    18.1243     0.0012    18.1154    18.1167     0.0012   4.745095   4.745455   0.000360    36.2044    36.2064     5.2267    26.1662    26.1674         12  0.000e+00
      67837 289.386209  -37.90472  -51.78370     -0.111    1502.92     44.334     43.998    18.1228    18.1245     0.0017    18.1151    18.1168     0.0017   4.745088   4.745476   0.000387    36.2046    36.2064     5.2226    26.1664    26.1673         12  0.000e+00
      67838 289.386210  -37.90472  -51.78370     -0.105    1502.92     44.398     44.062    18.1227    18.1238     0.0011    18.1151    18.1161     0.0011   4.745158   4.745372   0.000213    36.2052    36.2061     5.2255    26.1669    26.1673         12  0.000e+00
      67839 289.386210  -37.90472  -51.78370     -0.100    1502.92     44.302     43.966    18.1230    18.1231     0.0002    18.1153    18.1155     0.0002   4.745151   4.745296   0.000144    36.2050    36.2061     5.2250    26.1667    26.1674         12  0.000e+00
      67840 289.386211  -37.90472  -51.78370     -0.096    1502.92     44.398     44.062    18.1231    18.1233     0.0002    18.1154    18.1156     0.0002   4.745165   4.745372   0.000206    36.2050    36.2066     5.2246    26.1666    26.1678         12  0.000e+00
      67841 289.386211  -37.90472  -51.78370     -0.092    1502.92     44.334     43.998    18.1230    18.1238     0.0008    18.1153    18.1161     0.0008   4.745144   4.745524   0.000380    36.2049    36.2074     5.2245    26.1666    26.1683         12  0.000e+00
      67842 289.386212  -37.90472  -51.78370     -0.080    1502.92     44.398     44.062    18.1227    18.1248     0.0021    18.1151    18.1171     0.0021   4.745137   4.745628   0.000491    36.2050    36.2074     5.2241    26.1667    26.1680         12  0.000e+00
      67843 289.386212  -37.90472  -51.78370     -0.079    1502.92     44.334     43.998    18.1221    18.1248     0.0028    18.1144    18.1171     0.0028   4.745018   4.745628   0.000610    36.2046    36.2074     5.2205    26.1666    26.1680         12  0.000e+00
      67844 289.386213  -37.90474  -51.78370     -0.069    1502.92     44.398     44.062    18.1217    18.1243     0.0026    18.1140    18.1166     0.0026   4.745004   4.745489   0.000485    36.2048    36.2066     5.2202    26.1668    26.1676         12  0.000e+00
      67845 289.386213  -37.90474  -51.78370     -0.064    1502.92     44.398     44.062    18.1222    18.1236     0.0014    18.1145    18.1159     0.0014   4.745137   4.745351   0.000214    36.2055    36.2061     5.2199    26.1672    26.1673         12  0.000e+00
      67846 289.386214  -37.90474  -51.78370     -0.055    1502.92     44.398     44.062    18.1229    18.1226    -0.0003    18.1152    18.1149    -0.0003   4.745179   4.745233   0.000054    36.2052    36.2060     5.2194    26.1669    26.1675         12  0.000e+00
      67847 289.386214  -37.90474  -51.78370     -0.049    1502.92     44.398     44.062    18.1230    18.1224    -0.0005    18.1153    18.1147    -0.0005   4.745179   4.745247   0.000068    36.2052    36.2063     5.2189    26.1668    26.1678         12  0.000e+00
      67848 289.386215  -37.90474  -51.78370     -0.039    1502.92     44.398     44.062    18.1226    18.1231     0.0006    18.1149    18.1154     0.0006   4.745053   4.745337   0.000284    36.2045    36.2064     5.2186    26.1663    26.1677         12  0.000e+00
      67849 289.386215  -37.90474  -51.78370     -0.029    1502.92     44.455     44.118    18.1221    18.1231     0.0011    18.1144    18.1154     0.0011   4.744955   4.745393   0.000438    36.2041    36.2068     5.2186    26.1662    26.1680         12  0.000e+00
      67850 289.386216  -37.90474  -51.78370     -0.022    1502.92     44.422     44.086    18.1219    18.1233     0.0014    18.1142    18.1156     0.0014   4.744997   4.745372   0.000375    36.2046    36.2066     5.2185    26.1666    26.1678         12  0.000e+00
      67851 289.386216  -37.90474  -51.78370     -0.012    1502.92     44.455     44.118    18.1217    18.1231     0.0014    18.1140    18.1154     0.0014   4.744990   4.745344   0.000354    36.2047    36.2064     5.2185    26.1667    26.1677         12  0.000e+00
      67852 289.386217  -37.90474  -51.78370     -0.002    1502.92     44.455     44.118    18.1215    18.1233     0.0017    18.1138    18.1156     0.0017   4.744976   4.745296   0.000320    36.2047    36.2059     5.2185    26.1668    26.1673         12  0.000e+00
      67853 289.386217  -37.90474  -51.78370      0.004    1502.92     44.398     44.062    18.1217    18.1230     0.0012    18.1140    18.1153     0.0012   4.744948   4.745289   0.000341    36.2043    36.2061     5.2186    26.1665    26.1675         12  0.000e+00
      67854 289.386218  -37.90474  -51.78370      0.014    1502.92     44.519     44.182    18.1214    18.1228     0.0014    18.1137    18.1151     0.0014   4.744997   4.745289   0.000292    36.2050    36.2062     5.2185    26.1671    26.1677         12  0.000e+00
      67855 289.386218  -37.90474  -51.78370      0.022    1502.92     44.455     44.118    18.1210    18.1226     0.0016    18.1133    18.1149     0.0016   4.744892   4.745233   0.000342    36.2044    36.2060     5.2184    26.1667    26.1675         12  0.000e+00
      67856 289.386219  -37.90474  -51.78370      0.035    1502.92     44.519     44.182    18.1203    18.1226     0.0023    18.1126    18.1149     0.0023   4.744794   4.745268   0.000475    36.2042    36.2062     5.2221    26.1667    26.1677         12  0.000e+00
      67857 289.386219  -37.90474  -51.78370      0.048    1502.92     44.576     44.238    18.1203    18.1224     0.0021    18.1126    18.1147     0.0021   4.744843   4.745254   0.000412    36.2046    36.2062     5.2223    26.1670    26.1678         12  0.000e+00
      67858 289.386220  -37.90474  -51.78370      0.057    1502.92     44.519     44.182    18.1207    18.1219     0.0012    18.1130    18.1142     0.0012   4.744857   4.745185   0.000328    36.2044    36.2061     5.2188    26.1668    26.1678         12  0.000e+00
      67859 289.386220  -37.90474  -51.78370      0.069    1502.92     44.576     44.238    18.1209    18.1221     0.0012    18.1131    18.1143     0.0012   4.744857   4.745171   0.000315    36.2042    36.2058     5.2188    26.1666    26.1675         12  0.000e+00
      67860 289.386221  -37.90474  -51.78370      0.078    1502.92     44.519     44.182    18.1209    18.1218     0.0009    18.1131    18.1140     0.0009   4.744829   4.745164   0.000336    36.2040    36.2061     5.2188    26.1664    26.1678         12  0.000e+00
      67861 289.386221  -37.90474  -51.78370      0.091    1502.92     44.600     44.262    18.1210    18.1211     0.0000    18.1133    18.1133     0.0000   4.744878   4.745102   0.000224    36.2043    36.2062     5.2189    26.1666    26.1680         12  0.000e+00
