Pos-Processados/process_op42/operantar42_022.ros
* Sea-Bird SBE 9 Data File:
* FileName = C:\Users\Hidrografia\Desktop\OPXLII\Brutos\OP42022.hdr
* Software Version Seasave V 7.26.7.107
* Temperature SN = 6502
* Conductivity SN = 4998
* Number of Bytes Per Scan = 37
* Number of Voltage Words = 4
* Number of Scans Averaged by the Deck Unit = 1
* NMEA Latitude = 62 18.70 S
* NMEA Longitude = 058 31.66 W
* NMEA UTC (Time) = Nov 07 2023 22:53:42
* NMEA baud rate = 4800
** H41
** NPOALTEMAXIMIANO
** NUMERO DA ESTACAO (XXX) 022
** LAT (XX XX.XX S/N) 62 18.60 S
** LONG (XXX XX.XX W/E) 058 32.03 W
** DATAHORA (dd/mm/aaaa hh:mm Z) 07/11/2023 2251Z
** PROFUNDIDADE (m) 434
** OPERADOR 1T ZAMITH
# nquan = 24
# nvalues = 4172                                  
# units = specified
# name 0 = scan: Scan Count
# name 1 = timeJ: Julian Days
# name 2 = latitude: Latitude [deg]
# name 3 = longitude: Longitude [deg]
# name 4 = dz/dtM: Descent Rate [m/s]
# name 5 = avgsvCM: Average Sound Velocity [Chen-Millero, m/s]
# name 6 = prDM: Pressure, Digiquartz [db]
# name 7 = depSM: Depth [salt water, m]
# name 8 = t090C: Temperature [ITS-90, deg C]
# name 9 = t190C: Temperature, 2 [ITS-90, deg C]
# name 10 = T2-T190C: Temperature Difference, 2 - 1 [ITS-90, deg C]
# name 11 = potemp090C: Potential Temperature [ITS-90, deg C]
# name 12 = potemp190C: Potential Temperature, 2 [ITS-90, deg C]
# name 13 = potemp90Cdiff: Potential Temperature, Diff, 2 - 1 [ITS-90, deg C]
# name 14 = c0S/m: Conductivity [S/m]
# name 15 = c1S/m: Conductivity, 2 [S/m]
# name 16 = C2-C1S/m: Conductivity Difference, 2 - 1 [S/m]
# name 17 = sal00: Salinity, Practical [PSU]
# name 18 = sal11: Salinity, Practical, 2 [PSU]
# name 19 = sbeox0ML/L: Oxygen, SBE 43 [ml/l]
# name 20 = sigma-é00: Density [sigma-theta, kg/m^3]
# name 21 = sigma-é11: Density, 2 [sigma-theta, kg/m^3]
# name 22 = nbf: Bottles Fired
# name 23 = flag:  0.000e+00
# interval = seconds: 0.0416667
# start_time = Nov 07 2023 22:53:42 [NMEA time, header]
# bad_flag = -9.990e-29
*END*
[from data line 3865]
      37489 311.972037  -62.31470  -58.50080      0.091    1450.34      6.275      6.215    -0.6846    -0.6825     0.0021    -0.6848    -0.6827     0.0021   2.792498   2.792504   0.000006    34.2858    34.2835     7.6513    27.5619    27.5599         23  0.000e+00
      37490 311.972038  -62.31470  -58.50080      0.082    1450.34      6.331      6.270    -0.6846    -0.6827     0.0019    -0.6848    -0.6829     0.0019   2.792532   2.792521  -0.000011    34.2862    34.2839     7.6525    27.5622    27.5603         23  0.000e+00
      37491 311.972038  -62.31470  -58.50080      0.065    1450.34      6.211      6.151    -0.6847    -0.6827     0.0021    -0.6849    -0.6829     0.0021   2.792424   2.792538   0.000114    34.2850    34.2842     7.6537    27.5613    27.5605         23  0.000e+00
      37492 311.972038  -62.31470  -58.50080      0.052    1450.34      6.275      6.215    -0.6846    -0.6823     0.0023    -0.6848    -0.6825     0.0023   2.792453   2.792515   0.000063    34.2852    34.2834     7.6549    27.5614    27.5599         23  0.000e+00
      37493 311.972039  -62.31470  -58.50080      0.038    1450.34      6.211      6.151    -0.6847    -0.6825     0.0022    -0.6849    -0.6827     0.0022   2.792510   2.792543   0.000034    34.2862    34.2841     7.6561    27.5622    27.5604         23  0.000e+00
      37494 311.972039  -62.31470  -58.50080      0.028    1450.34      6.275      6.215    -0.6844    -0.6825     0.0019    -0.6846    -0.6827     0.0019   2.792424   2.792543   0.000119    34.2846    34.2840     7.6565    27.5609    27.5604         23  0.000e+00
      37495 311.972040  -62.31470  -58.50080      0.010    1450.34      6.154      6.095    -0.6843    -0.6827     0.0017    -0.6845    -0.6829     0.0017   2.792492   2.792538   0.000045    34.2855    34.2842     7.6576    27.5617    27.5605         23  0.000e+00
      37496 311.972040  -62.31470  -58.50080     -0.001    1450.34      6.211      6.151    -0.6847    -0.6827     0.0021    -0.6849    -0.6829     0.0021   2.792544   2.792555   0.000011    34.2866    34.2844     7.6580    27.5626    27.5607         23  0.000e+00
      37497 311.972041  -62.31470  -58.50080     -0.016    1450.34      6.211      6.151    -0.6841    -0.6828     0.0013    -0.6843    -0.6830     0.0013   2.792470   2.792521   0.000051    34.2849    34.2841     7.6593    27.5612    27.5604         23  0.000e+00
      37498 311.972041  -62.31470  -58.50080     -0.030    1450.34      6.154      6.095    -0.6841    -0.6830     0.0011    -0.6843    -0.6832     0.0011   2.792566   2.792510  -0.000057    34.2863    34.2842     7.6595    27.5622    27.5605         23  0.000e+00
      37499 311.972042  -62.31470  -58.50080     -0.041    1450.34      6.211      6.151    -0.6837    -0.6828     0.0009    -0.6839    -0.6830     0.0009   2.792544   2.792527  -0.000017    34.2855    34.2842     7.6609    27.5616    27.5605         23  0.000e+00
      37500 311.972042  -62.31470  -58.50080     -0.059    1450.34      6.098      6.039    -0.6837    -0.6828     0.0009    -0.6838    -0.6830     0.0009   2.792481   2.792493   0.000012    34.2846    34.2838     7.6623    27.5609    27.5602         23  0.000e+00
      37501 311.972043  -62.31470  -58.50080     -0.069    1450.34      6.154      6.095    -0.6839    -0.6830     0.0010    -0.6841    -0.6832     0.0010   2.792509   2.792482  -0.000028    34.2853    34.2838     7.6639    27.5615    27.5602         23  0.000e+00
      37502 311.972043  -62.31470  -58.50080     -0.079    1450.34      6.154      6.095    -0.6839    -0.6830     0.0009    -0.6841    -0.6832     0.0009   2.792584   2.792482  -0.000102    34.2862    34.2838     7.6643    27.5622    27.5602         23  0.000e+00
      37503 311.972044  -62.31470  -58.50080     -0.092    1450.34      6.098      6.039    -0.6837    -0.6831     0.0006    -0.6838    -0.6833     0.0006   2.792504   2.792498  -0.000005    34.2849    34.2842     7.6647    27.5611    27.5605         23  0.000e+00
      37504 311.972044  -62.31470  -58.50080     -0.104    1450.34      6.098      6.039    -0.6838    -0.6833     0.0005    -0.6839    -0.6834     0.0005   2.792509   2.792487  -0.000022    34.2851    34.2843     7.6652    27.5613    27.5606         23  0.000e+00
      37505 311.972045  -62.31470  -58.50080     -0.113    1450.34      6.098      6.039    -0.6839    -0.6834     0.0005    -0.6841    -0.6836     0.0005   2.792561   2.792482  -0.000079    34.2860    34.2844     7.6657    27.5620    27.5607         23  0.000e+00
      37506 311.972045  -62.31470  -58.50080     -0.124    1450.34      6.098      6.039    -0.6835    -0.6833     0.0003    -0.6837    -0.6834     0.0003   2.792418   2.792498   0.000080    34.2836    34.2844     7.6662    27.5601    27.5607         23  0.000e+00
      37507 311.972046  -62.31470  -58.50080     -0.135    1450.34      6.098      6.039    -0.6841    -0.6834     0.0007    -0.6843    -0.6836     0.0007   2.792504   2.792487  -0.000017    34.2854    34.2845     7.6667    27.5616    27.5608         23  0.000e+00
      37508 311.972046  -62.31470  -58.50078     -0.146    1450.34      6.034      5.975    -0.6839    -0.6834     0.0005    -0.6841    -0.6836     0.0005   2.792549   2.792482  -0.000068    34.2859    34.2844     7.6671    27.5620    27.5607         23  0.000e+00
      37509 311.972047  -62.31470  -58.50078     -0.156    1450.34      6.034      5.975    -0.6839    -0.6836     0.0003    -0.6841    -0.6837     0.0003   2.792435   2.792465   0.000029    34.2843    34.2843     7.6612    27.5606    27.5607         23  0.000e+00
      37510 311.972047  -62.31470  -58.50078     -0.166    1450.34      6.034      5.975    -0.6838    -0.6833     0.0005    -0.6839    -0.6834     0.0005   2.792492   2.792459  -0.000033    34.2849    34.2839     7.6670    27.5612    27.5603         23  0.000e+00
      37511 311.972048  -62.31470  -58.50078     -0.174    1450.34      6.034      5.976    -0.6838    -0.6833     0.0005    -0.6839    -0.6834     0.0005   2.792584   2.792476  -0.000108    34.2862    34.2841     7.6675    27.5622    27.5605         23  0.000e+00
      37512 311.972048  -62.31470  -58.50078     -0.182    1450.34      6.034      5.976    -0.6837    -0.6833     0.0004    -0.6839    -0.6834     0.0004   2.792487   2.792465  -0.000022    34.2848    34.2840     7.6680    27.5610    27.5604         23  0.000e+00
      37513 311.972049  -62.31470  -58.50078     -0.189    1450.34      6.034      5.976    -0.6838    -0.6831     0.0007    -0.6839    -0.6833     0.0007   2.792504   2.792476  -0.000028    34.2851    34.2839     7.6686    27.5613    27.5603         23  0.000e+00
      37514 311.972049  -62.31470  -58.50078     -0.195    1450.34      5.977      5.920    -0.6839    -0.6834     0.0005    -0.6841    -0.6836     0.0005   2.792584   2.792482  -0.000102    34.2864    34.2845     7.6690    27.5624    27.5608         23  0.000e+00
      37515 311.972050  -62.31470  -58.50078     -0.204    1450.34      5.977      5.920    -0.6837    -0.6834     0.0002    -0.6838    -0.6836     0.0002   2.792504   2.792482  -0.000022    34.2850    34.2845     7.6695    27.5612    27.5608         23  0.000e+00
      37516 311.972050  -62.31470  -58.50078     -0.208    1450.34      5.977      5.920    -0.6840    -0.6836     0.0004    -0.6842    -0.6838     0.0004   2.792407   2.792465   0.000058    34.2841    34.2844     7.6702    27.5605    27.5607         23  0.000e+00
      37517 311.972051  -62.31470  -58.50078     -0.212    1450.34      6.034      5.976    -0.6838    -0.6834     0.0003    -0.6839    -0.6836     0.0003   2.792572   2.792459  -0.000113    34.2860    34.2841     7.6706    27.5620    27.5605         23  0.000e+00
      37518 311.972051  -62.31470  -58.50078     -0.218    1450.34      5.913      5.856    -0.6841    -0.6833     0.0008    -0.6843    -0.6834     0.0008   2.792532   2.792459  -0.000073    34.2859    34.2840     7.6710    27.5620    27.5604         23  0.000e+00
      37519 311.972052  -62.31470  -58.50078     -0.223    1450.34      5.977      5.920    -0.6840    -0.6834     0.0006    -0.6842    -0.6836     0.0006   2.792475   2.792459  -0.000016    34.2850    34.2841     7.6716    27.5612    27.5605         23  0.000e+00
      37520 311.972052  -62.31470  -58.50078     -0.227    1450.34      5.977      5.920    -0.6842    -0.6831     0.0011    -0.6844    -0.6833     0.0011   2.792549   2.792476  -0.000073    34.2863    34.2840     7.6711    27.5623    27.5604         23  0.000e+00
      37521 311.972052  -62.31470  -58.50078     -0.226    1450.34      5.977      5.920    -0.6844    -0.6834     0.0010    -0.6846    -0.6836     0.0010   2.792498   2.792482  -0.000017    34.2858    34.2845     7.6770    27.5619    27.5608         23  0.000e+00
      37522 311.972053  -62.31470  -58.50078     -0.224    1450.34      5.977      5.920    -0.6844    -0.6836     0.0008    -0.6846    -0.6837     0.0008   2.792430   2.792482   0.000052    34.2848    34.2846     7.6720    27.5611    27.5609         23  0.000e+00
      37523 311.972053  -62.31470  -58.50078     -0.229    1450.34      5.913      5.856    -0.6842    -0.6836     0.0006    -0.6843    -0.6837     0.0006   2.792521   2.792442  -0.000079    34.2858    34.2841     7.6711    27.5619    27.5605         23  0.000e+00
      37524 311.972054  -62.31470  -58.50078     -0.229    1450.34      5.977      5.920    -0.6846    -0.6836     0.0010    -0.6847    -0.6837     0.0010   2.792492   2.792431  -0.000061    34.2859    34.2839     7.6706    27.5620    27.5603         23  0.000e+00
      37525 311.972054  -62.31470  -58.50078     -0.232    1450.34      5.913      5.856    -0.6847    -0.6839     0.0009    -0.6849    -0.6840     0.0009   2.792390   2.792448   0.000058    34.2847    34.2845     7.6698    27.5610    27.5608         23  0.000e+00
      37526 311.972055  -62.31470  -58.50078     -0.227    1450.34      5.977      5.920    -0.6843    -0.6836     0.0008    -0.6845    -0.6837     0.0008   2.792504   2.792414  -0.000090    34.2858    34.2837     7.6689    27.5619    27.5601         23  0.000e+00
      37527 311.972055  -62.31470  -58.50078     -0.228    1450.34      5.913      5.856    -0.6846    -0.6837     0.0008    -0.6847    -0.6839     0.0008   2.792492   2.792403  -0.000089    34.2859    34.2838     7.6681    27.5620    27.5602         23  0.000e+00
      37528 311.972056  -62.31470  -58.50078     -0.231    1450.34      5.913      5.856    -0.6846    -0.6837     0.0008    -0.6847    -0.6839     0.0008   2.792407   2.792420   0.000013    34.2848    34.2840     7.6672    27.5611    27.5604         23  0.000e+00
      37529 311.972056  -62.31470  -58.50078     -0.223    1450.34      5.977      5.920    -0.6844    -0.6837     0.0007    -0.6846    -0.6839     0.0007   2.792452   2.792409  -0.000044    34.2851    34.2838     7.6674    27.5614    27.5602         23  0.000e+00
      37530 311.972057  -62.31470  -58.50078     -0.221    1450.34      5.913      5.856    -0.6842    -0.6837     0.0004    -0.6843    -0.6839     0.0004   2.792532   2.792442  -0.000090    34.2860    34.2843     7.6662    27.5620    27.5606         23  0.000e+00
      37531 311.972057  -62.31470  -58.50078     -0.221    1450.34      5.913      5.856    -0.6842    -0.6839     0.0004    -0.6844    -0.6840     0.0004   2.792470   2.792437  -0.000033    34.2852    34.2844     7.6717    27.5614    27.5607         23  0.000e+00
      37532 311.972058  -62.31470  -58.50076     -0.214    1450.34      5.977      5.920    -0.6839    -0.6837     0.0002    -0.6841    -0.6839     0.0002   2.792544   2.792431  -0.000113    34.2859    34.2841     7.6663    27.5619    27.5605         23  0.000e+00
      37533 311.972058  -62.31470  -58.50076     -0.209    1450.34      5.913      5.856    -0.6842    -0.6839     0.0003    -0.6843    -0.6840     0.0003   2.792515   2.792409  -0.000107    34.2858    34.2840     7.6663    27.5619    27.5604         23  0.000e+00
      37534 311.972059  -62.31470  -58.50076     -0.203    1450.34      5.913      5.856    -0.6841    -0.6837     0.0004    -0.6843    -0.6839     0.0004   2.792356   2.792442   0.000087    34.2835    34.2843     7.6664    27.5601    27.5606         23  0.000e+00
      37535 311.972059  -62.31470  -58.50076     -0.196    1450.34      5.977      5.920    -0.6842    -0.6837     0.0005    -0.6844    -0.6839     0.0005   2.792492   2.792437  -0.000056    34.2855    34.2842     7.6728    27.5616    27.5606         23  0.000e+00
      37536 311.972060  -62.31470  -58.50076     -0.192    1450.34      5.913      5.856    -0.6840    -0.6837     0.0003    -0.6842    -0.6839     0.0003   2.792509   2.792448  -0.000062    34.2855    34.2844     7.6726    27.5616    27.5607         23  0.000e+00
      37537 311.972060  -62.31470  -58.50076     -0.183    1450.34      5.977      5.920    -0.6842    -0.6837     0.0005    -0.6844    -0.6839     0.0005   2.792395   2.792414   0.000019    34.2842    34.2839     7.6737    27.5606    27.5603         23  0.000e+00
      37538 311.972061  -62.31470  -58.50076     -0.178    1450.34      5.913      5.856    -0.6846    -0.6836     0.0010    -0.6847    -0.6838     0.0010   2.792504   2.792420  -0.000084    34.2861    34.2839     7.6681    27.5621    27.5603         23  0.000e+00
      37539 311.972061  -62.31470  -58.50076     -0.164    1450.34      5.977      5.920    -0.6842    -0.6839     0.0004    -0.6844    -0.6840     0.0004   2.792509   2.792431  -0.000078    34.2857    34.2842     7.6743    27.5618    27.5606         23  0.000e+00
      37540 311.972062  -62.31470  -58.50076     -0.157    1450.34      5.977      5.920    -0.6845    -0.6837     0.0007    -0.6846    -0.6839     0.0007   2.792458   2.792448  -0.000010    34.2853    34.2843     7.6688    27.5615    27.5607         23  0.000e+00
      37541 311.972062  -62.31470  -58.50076     -0.149    1450.34      5.913      5.856    -0.6846    -0.6836     0.0010    -0.6847    -0.6837     0.0010   2.792544   2.792437  -0.000107    34.2866    34.2840     7.6749    27.5626    27.5604         23  0.000e+00
      37542 311.972063  -62.31470  -58.50076     -0.137    1450.34      6.034      5.976    -0.6846    -0.6837     0.0008    -0.6847    -0.6839     0.0008   2.792515   2.792431  -0.000084    34.2862    34.2841     7.6694    27.5622    27.5605         23  0.000e+00
      37543 311.972063  -62.31470  -58.50076     -0.124    1450.34      5.977      5.920    -0.6843    -0.6837     0.0006    -0.6845    -0.6839     0.0006   2.792413   2.792448   0.000035    34.2845    34.2843     7.6755    27.5609    27.5607         23  0.000e+00
      37544 311.972064  -62.31470  -58.50076     -0.117    1450.34      5.977      5.920    -0.6846    -0.6837     0.0008    -0.6847    -0.6839     0.0008   2.792492   2.792414  -0.000078    34.2859    34.2839     7.6762    27.5620    27.5603         23  0.000e+00
      37545 311.972064  -62.31470  -58.50076     -0.107    1450.34      5.977      5.920    -0.6846    -0.6840     0.0005    -0.6847    -0.6842     0.0005   2.792527   2.792420  -0.000107    34.2863    34.2843     7.6705    27.5623    27.5607         23  0.000e+00
      37546 311.972065  -62.31470  -58.50076     -0.093    1450.34      6.034      5.976    -0.6846    -0.6837     0.0008    -0.6847    -0.6839     0.0008   2.792424   2.792431   0.000007    34.2849    34.2841     7.6767    27.5612    27.5605         23  0.000e+00
      37547 311.972065  -62.31470  -58.50076     -0.085    1450.34      5.977      5.920    -0.6845    -0.6839     0.0006    -0.6846    -0.6840     0.0006   2.792492   2.792448  -0.000044    34.2857    34.2845     7.6772    27.5619    27.5608         23  0.000e+00
