Pos-Processados/process_op42/operantar42_016.cnv
* Sea-Bird SBE 9 Data File:
* FileName = C:\Users\Hidrografia\Desktop\OPXLII\Brutos\OP42016.hdr
* Software Version Seasave V 7.26.7.107
* Temperature SN = 6502
* Conductivity SN = 4998
* Number of Bytes Per Scan = 31
* Number of Voltage Words = 2
* Number of Scans Averaged by the Deck Unit = 1
* NMEA Latitude = 47 17.16 S
* NMEA Longitude = 059 17.59 W
* NMEA UTC (Time) = Oct 21 2023 04:54:38
* NMEA baud rate = 4800
** H41
** NPOALTEMAXIMIANO
** NUMERO DA ESTACAO (XXX) 016
** LAT (XX XX.XX S/N) 47 17.23 S
** LONG (XXX XX.XX W/E) 059 17.82 W
** DATAHORA (dd/mm/aaaa hh:mm Z) 21/10/2023 0454Z
** PROFUNDIDADE (m) 1301
** OPERADOR CT FABIREZA
# nquan = 30
# nvalues = 2020                        
# units = specified
# name 0 = scan: Scan Count
# name 1 = timeJ: Julian Days
# name 2 = latitude: Latitude [deg]
# name 3 = longitude: Longitude [deg]
# name 4 = dz/dtM: Descent Rate [m/s]
# name 5 = avgsvCM: Average Sound Velocity [Chen-Millero, m/s]
# name 6 = prDM: Pressure, Digiquartz [db]
# name 7 = depSM: Depth [salt water, m]
# name 8 = t090C: Temperature [ITS-90, deg C]
# name 9 = t190C: Temperature, 2 [ITS-90, deg C]
# name 10 = T2-T190C: Temperature Difference, 2 - 1 [ITS-90, deg C]
# name 11 = potemp090C: Potential Temperature [ITS-90, deg C]
# name 12 = potemp190C: Potential Temperature, 2 [ITS-90, deg C]
# name 13 = potemp90Cdiff: Potential Temperature, Diff, 2 - 1 [ITS-90, deg C]
# name 14 = c0S/m: Conductivity [S/m]
# name 15 = c1S/m: Conductivity, 2 [S/m]
# name 16 = C2-C1S/m: Conductivity Difference, 2 - 1 [S/m]
# name 17 = sal00: Salinity, Practical [PSU]
# name 18 = sal11: Salinity, Practical, 2 [PSU]
# name 19 = sbeox0ML/L: Oxygen, SBE 43 [ml/l]
# name 20 = sigma-é00: Density [sigma-theta, kg/m^3]
# name 21 = sigma-é11: Density, 2 [sigma-theta, kg/m^3]
# name 22 = sal00: Salinity, Practical [PSU]
# name 23 = sigma-é00: Density [sigma-theta, kg/m^3]
# name 24 = svCM: Sound Velocity [Chen-Millero, m/s]
# name 25 = svCM1: Sound Velocity, 2 [Chen-Millero, m/s]
# name 26 = gsw_ptA0: potential temperature [ITS-90, deg C]
# name 27 = gsw_densityA0: density, TEOS-10 [density, kg/m^3]
# name 28 = gsw_saA0: Absolute Salinity [g/kg]
# name 29 = flag:
# span 0 =       2428,      65192       
# span 1 = 294.205777, 294.236045       
# span 2 =  -47.28682,  -47.28420       
# span 3 =  -59.30431,  -59.29248       
# span 4 =     -1.522,      1.451       
# span 5 =       0.00,    1502.37       
# span 6 =      2.000,   1012.000       
# span 7 =      2.000,   1001.132       
# span 8 =     2.6927,     6.2522       
# span 9 =     2.6936,     6.2535       
# span 10 =    -0.0345,     0.0544      
# span 11 =     2.6265,     6.2518      
# span 12 =     2.6274,     6.2530      
# span 13 =    -0.0345,     0.0544      
# span 14 =   3.134433,   3.372951      
# span 15 =   3.134462,   3.372998      
# span 16 =  -0.003096,   0.004906      
# span 17 =    34.0117,    34.3942      
# span 18 =    34.0168,    34.3938      
# span 19 =     4.3024,     7.3455      
# span 20 =    26.7451,    27.4343      
# span 21 =    26.7451,    27.4338      
# span 22 =    34.0168,    34.3934      
# span 23 =    26.7453,    27.4340      
# span 24 =    1469.45,    1476.99      
# span 25 =    1469.47,    1476.99      
# span 26 =     2.6264,     6.2518      
# span 27 =  1026.7605,  1032.1323      
# span 28 =    34.1775,    34.5604      
# span 29 = 0.0000e+00, 0.0000e+00      
# interval = decibars: 1                
# start_time = Oct 21 2023 04:54:38 [NMEA time, header]
# bad_flag = -9.990e-29
*END*
[from data line 1354]
      41056 294.224405  -47.28544  -59.29888     -1.088    1472.95    667.000    660.383     3.3922     3.3969     0.0047     3.3469     3.3517     0.0047   3.163007   3.163269   0.000282    34.1797    34.1781     5.6509    27.1981    27.1964    34.1806    27.1988    1473.95    1473.97     3.3469  1030.2954    34.3446 0.0000e+00
      41078 294.224416  -47.28544  -59.29888     -1.088    1472.95    666.000    659.395     3.3966     3.3977     0.0011     3.3514     3.3525     0.0011   3.163305   3.163296   0.000014    34.1792    34.1782     5.6557    27.1973    27.1964    34.1801    27.1980    1473.95    1473.96     3.3513  1030.2901    34.3443 0.0000e+00
      41105 294.224429  -47.28544  -59.29890     -0.968    1472.95    665.000    658.406     3.3986     3.3979    -0.0007     3.3535     3.3528    -0.0007   3.163391   3.163282  -0.000096    34.1789    34.1785     5.6668    27.1969    27.1966    34.1795    27.1973    1473.94    1473.94     3.3534  1030.2847    34.3436 0.0000e+00
      41137 294.224445  -47.28544  -59.29891     -0.781    1472.95    664.000    657.417     3.3998     3.3971    -0.0027     3.3548     3.3521    -0.0027   3.163457   3.163172  -0.000288    34.1790    34.1784     5.6677    27.1968    27.1966    34.1795    27.1972    1473.93    1473.92     3.3547  1030.2799    34.3435 0.0000e+00
      41170 294.224460  -47.28544  -59.29892     -0.726    1472.95    663.000    656.429     3.4017     3.4024     0.0007     3.3567     3.3574     0.0007   3.163550   3.163543  -0.000011    34.1786    34.1778     5.6761    27.1963    27.1956    34.1792    27.1968    1473.92    1473.93     3.3566  1030.2747    34.3432 0.0000e+00
      41197 294.224473  -47.28544  -59.29892     -0.826    1472.95    662.000    655.440     3.4026     3.4032     0.0006     3.3576     3.3583     0.0006   3.163579   3.163544  -0.000034    34.1788    34.1777     5.6642    27.1964    27.1955    34.1792    27.1967    1473.91    1473.91     3.3575  1030.2701    34.3432 0.0000e+00
      41219 294.224484  -47.28544  -59.29892     -0.981    1472.95    661.000    654.452     3.4025     3.4045     0.0020     3.3577     3.3597     0.0020   3.163506   3.163626   0.000099    34.1784    34.1775     5.6601    27.1961    27.1952    34.1789    27.1964    1473.89    1473.90     3.3576  1030.2652    34.3428 0.0000e+00
      41240 294.224494  -47.28544  -59.29894     -1.101    1472.95    660.000    653.464     3.4033     3.4065     0.0032     3.3585     3.3617     0.0032   3.163547   3.163733   0.000171    34.1788    34.1774     5.6628    27.1963    27.1949    34.1791    27.1965    1473.88    1473.89     3.3584  1030.2607    34.3431 0.0000e+00
      41261 294.224504  -47.28544  -59.29894     -1.158    1472.95    659.000    652.475     3.4062     3.4069     0.0008     3.3614     3.3622     0.0008   3.163737   3.163725   0.000004    34.1782    34.1775     5.6763    27.1956    27.1949    34.1789    27.1961    1473.88    1473.88     3.3614  1030.2556    34.3428 0.0000e+00
      41283 294.224515  -47.28544  -59.29896     -1.136    1472.95    658.000    651.486     3.4091     3.4102     0.0011     3.3644     3.3655     0.0011   3.163913   3.163929   0.000022    34.1779    34.1770     5.6838    27.1950    27.1942    34.1784    27.1955    1473.87    1473.88     3.3643  1030.2503    34.3424 0.0000e+00
      41309 294.224527  -47.28544  -59.29896     -1.001    1472.95    657.000    650.498     3.4109     3.4093    -0.0017     3.3663     3.3647    -0.0016   3.163986   3.163806  -0.000163    34.1775    34.1773     5.6789    27.1945    27.1945    34.1779    27.1949    1473.86    1473.85     3.3662  1030.2450    34.3419 0.0000e+00
      41338 294.224541  -47.28542  -59.29896     -0.850    1472.95    656.000    649.509     3.4116     3.4100    -0.0017     3.3671     3.3654    -0.0017   3.164001   3.163827  -0.000185    34.1775    34.1771     5.6779    27.1945    27.1943    34.1779    27.1948    1473.85    1473.84     3.3670  1030.2403    34.3418 0.0000e+00
      41365 294.224554  -47.28542  -59.29896     -0.856    1472.95    655.000    648.520     3.4118     3.4125     0.0007     3.3673     3.3680     0.0007   3.163964   3.163962  -0.000006    34.1776    34.1767     5.6783    27.1945    27.1937    34.1778    27.1947    1473.83    1473.83     3.3672  1030.2356    34.3417 0.0000e+00
      41388 294.224566  -47.28542  -59.29896     -0.953    1472.95    654.000    647.532     3.4115     3.4128     0.0013     3.3671     3.3684     0.0013   3.163901   3.163947   0.000033    34.1777    34.1767     5.6836    27.1946    27.1936    34.1778    27.1947    1473.81    1473.82     3.3671  1030.2311    34.3418 0.0000e+00
      41412 294.224577  -47.28542  -59.29898     -1.025    1472.95    653.000    646.544     3.4116     3.4140     0.0024     3.3673     3.3697     0.0024   3.163875   3.163988   0.000114    34.1777    34.1765     5.6810    27.1946    27.1934    34.1780    27.1948    1473.80    1473.81     3.3672  1030.2265    34.3419 0.0000e+00
      41441 294.224591  -47.28542  -59.29899     -0.913    1472.95    652.000    645.555     3.4140     3.4132    -0.0008     3.3698     3.3690    -0.0008   3.164021   3.163896  -0.000111    34.1773    34.1769     5.6858    27.1941    27.1938    34.1777    27.1943    1473.79    1473.79     3.3697  1030.2214    34.3416 0.0000e+00
      41478 294.224609  -47.28542  -59.29900     -0.652    1472.95    651.000    644.567     3.4179     3.4134    -0.0045     3.3737     3.3693    -0.0045   3.164290   3.163867  -0.000396    34.1768    34.1767     5.6914    27.1932    27.1936    34.1774    27.1937    1473.79    1473.77     3.3736  1030.2161    34.3413 0.0000e+00
      41509 294.224624  -47.28542  -59.29900     -0.702    1472.95    650.000    643.578     3.4244     3.4233    -0.0011     3.3802     3.3791    -0.0011   3.164734   3.164593  -0.000166    34.1759    34.1751     5.6846    27.1919    27.1914    34.1765    27.1924    1473.80    1473.80     3.3801  1030.2100    34.3404 0.0000e+00
      41531 294.224635  -47.28542  -59.29900     -0.933    1472.95    649.000    642.589     3.4252     3.4283     0.0031     3.3811     3.3842     0.0031   3.164753   3.164947   0.000158    34.1758    34.1744     5.6863    27.1918    27.1904    34.1764    27.1922    1473.79    1473.80     3.3810  1030.2053    34.3403 0.0000e+00
      41550 294.224644  -47.28542  -59.29902     -1.146    1472.95    648.000    641.600     3.4271     3.4332     0.0061     3.3831     3.3892     0.0061   3.164887   3.165332   0.000416    34.1756    34.1741     5.6932    27.1914    27.1897    34.1765    27.1921    1473.78    1473.81     3.3830  1030.2005    34.3404 0.0000e+00
      41568 294.224652  -47.28542  -59.29902     -1.278    1472.95    647.000    640.612     3.4325     3.4367     0.0042     3.3885     3.3927     0.0042   3.165279   3.165547   0.000277    34.1753    34.1743     5.6977    27.1907    27.1894    34.1761    27.1913    1473.79    1473.80     3.3884  1030.1950    34.3400 0.0000e+00
      41587 294.224662  -47.28542  -59.29902     -1.307    1472.95    646.000    639.624     3.4347     3.4355     0.0008     3.3908     3.3916     0.0008   3.165394   3.165401   0.000014    34.1751    34.1745     5.6986    27.1903    27.1897    34.1756    27.1907    1473.78    1473.78     3.3907  1030.1896    34.3393 0.0000e+00
      41613 294.224674 -9.990e-29  -59.29903     -1.108    1472.95    645.000    638.635     3.4345     3.4350     0.0005     3.3906     3.3912     0.0005   3.165294   3.165313   0.000025    34.1748    34.1745     5.7045    27.1900    27.1898    34.1752    27.1904    1473.76    1473.76     3.3906  1030.1828    34.3365 0.0000e+00
      41647 294.224690 -9.990e-29  -59.29904     -0.751    1472.95    644.000    637.646     3.4355     3.4349    -0.0005     3.3917     3.3912    -0.0005   3.165319   3.165236  -0.000082    34.1746    34.1741     5.7055    27.1897    27.1895    34.1750    27.1901    1473.75    1473.74     3.3916  1030.1778    34.3362 0.0000e+00
      41679 294.224706 -9.990e-29  -59.29904     -0.697    1472.95    643.000    636.658     3.4380     3.4389     0.0009     3.3943     3.3952     0.0009   3.165440   3.165444   0.000001    34.1738    34.1729     5.6964    27.1889    27.1881    34.1743    27.1893    1473.74    1473.74     3.3942  1030.1724    34.3355 0.0000e+00
      41703 294.224717 -9.990e-29  -59.29905     -0.888    1472.95    642.000    635.669     3.4392     3.4425     0.0034     3.3955     3.3989     0.0033   3.165483   3.165695   0.000189    34.1737    34.1725     5.6989    27.1887    27.1874    34.1742    27.1891    1473.73    1473.74     3.3954  1030.1675    34.3353 0.0000e+00
      41725 294.224728 -9.990e-29  -59.29906     -1.050    1472.95    641.000    634.680     3.4411     3.4450     0.0038     3.3975     3.4014     0.0038   3.165625   3.165847   0.000217    34.1737    34.1723     5.7178    27.1885    27.1870    34.1743    27.1890    1473.72    1473.74     3.3974  1030.1628    34.3355 0.0000e+00
      41750 294.224740 -9.990e-29  -59.29906     -1.036    1472.95    640.000    633.692     3.4449     3.4456     0.0006     3.4014     3.4020     0.0006   3.165866   3.165849   0.000011    34.1731    34.1725     5.7270    27.1876    27.1871    34.1738    27.1882    1473.72    1473.72     3.4013  1030.1573    34.3349 0.0000e+00
      41783 294.224756  -47.28542  -59.29907     -0.789    1472.95    639.000    632.704     3.4469     3.4449    -0.0020     3.4034     3.4015    -0.0019   3.165955   3.165760  -0.000185    34.1729    34.1727     5.7272    27.1873    27.1874    34.1733    27.1877    1473.71    1473.70     3.4033  1030.1525    34.3349 0.0000e+00
      41818 294.224773  -47.28542  -59.29908     -0.654    1472.95    638.000    631.715     3.4500     3.4466    -0.0034     3.4066     3.4032    -0.0034   3.166201   3.165902  -0.000297    34.1727    34.1727     5.7298    27.1869    27.1872    34.1735    27.1875    1473.71    1473.69     3.4065  1030.1494    34.3373 0.0000e+00
      41846 294.224786  -47.28540  -59.29908     -0.799    1472.95    637.000    630.726     3.4551     3.4562     0.0010     3.4118     3.4128     0.0010   3.166589   3.166600  -0.000026    34.1726    34.1712     5.7322    27.1863    27.1850    34.1733    27.1868    1473.71    1473.72     3.4117  1030.1441    34.3371 0.0000e+00
      41868 294.224797  -47.28540  -59.29908     -0.978    1472.95    636.000    629.738     3.4592     3.4638     0.0045     3.4159     3.4204     0.0045   3.166811   3.167149   0.000291    34.1717    34.1704     5.7368    27.1852    27.1837    34.1722    27.1856    1473.71    1473.73     3.4158  1030.1381    34.3360 0.0000e+00
      41889 294.224807  -47.28540  -59.29910     -1.109    1472.95    635.000    628.749     3.4599     3.4661     0.0061     3.4167     3.4228     0.0061   3.166889   3.167279   0.000433    34.1717    34.1705     5.7337    27.1851    27.1835    34.1729    27.1861    1473.70    1473.72     3.4166  1030.1340    34.3367 0.0000e+00
      41912 294.224818  -47.28540  -59.29910     -1.116    1472.95    634.000    627.760     3.4654     3.4677     0.0023     3.4222     3.4245     0.0023   3.167250   3.167370   0.000135    34.1712    34.1704     5.7306    27.1842    27.1833    34.1720    27.1848    1473.71    1473.71     3.4221  1030.1281    34.3358 0.0000e+00
      41937 294.224830  -47.28540  -59.29910     -0.999    1472.95    633.000    626.771     3.4699     3.4662    -0.0037     3.4268     3.4231    -0.0037   3.167596   3.167242  -0.000339    34.1710    34.1709     5.7328    27.1836    27.1838    34.1720    27.1843    1473.71    1473.69     3.4267  1030.1229    34.3357 0.0000e+00
      41965 294.224844  -47.28540  -59.29912     -0.891    1472.95    632.000    625.783     3.4747     3.4747     0.0001     3.4316     3.4316     0.0001   3.167935   3.167862  -0.000080    34.1706    34.1696     5.7304    27.1828    27.1820    34.1716    27.1836    1473.71    1473.71     3.4315  1030.1175    34.3354 0.0000e+00
      41995 294.224858  -47.28540  -59.29912     -0.815    1472.95    631.000    624.794     3.4801     3.4794    -0.0007     3.4371     3.4363    -0.0007   3.168307   3.168191  -0.000118    34.1699    34.1692     5.7382    27.1817    27.1813    34.1709    27.1825    1473.72    1473.71     3.4370  1030.1107    34.3335 0.0000e+00
      42025 294.224873 -9.990e-29  -59.29912     -0.790    1472.95    630.000    623.806     3.4832     3.4835     0.0002     3.4402     3.4404     0.0002   3.168496   3.168462  -0.000035    34.1696    34.1690     5.7457    27.1812    27.1806    34.1704    27.1818    1473.71    1473.71     3.4401  1030.1042    34.3315 0.0000e+00
      42056 294.224888 -9.990e-29  -59.29914     -0.782    1472.95    629.000    622.817     3.4865     3.4878     0.0012     3.4436     3.4449     0.0012   3.168720   3.168745   0.000034    34.1692    34.1683     5.7544    27.1805    27.1797    34.1702    27.1813    1473.71    1473.71     3.4435  1030.0991    34.3313 0.0000e+00
      42083 294.224901 -9.990e-29  -59.29914     -0.835    1472.95    628.000    621.828     3.4911     3.4898    -0.0013     3.4482     3.4469    -0.0013   3.169014   3.168859  -0.000157    34.1686    34.1680     5.7552    27.1796    27.1793    34.1695    27.1803    1473.71    1473.71     3.4481  1030.0934    34.3306 0.0000e+00
      42108 294.224913  -47.28538  -59.29914     -0.922    1472.95    627.000    620.839     3.4912     3.4914     0.0002     3.4484     3.4486     0.0002   3.168959   3.168921  -0.000035    34.1685    34.1680     5.7628    27.1795    27.1791    34.1692    27.1800    1473.70    1473.70     3.4483  1030.0905    34.3329 0.0000e+00
      42133 294.224925  -47.28538  -59.29916     -0.979    1472.95    626.000    619.851     3.4928     3.4923    -0.0005     3.4500     3.4496    -0.0004   3.169047   3.168942  -0.000092    34.1684    34.1678     5.7645    27.1793    27.1788    34.1691    27.1799    1473.69    1473.68     3.4499  1030.0857    34.3328 0.0000e+00
      42159 294.224937  -47.28538  -59.29916     -0.961    1472.95    625.000    618.862     3.4952     3.4931    -0.0020     3.4525     3.4505    -0.0020   3.169190   3.168992  -0.000203    34.1682    34.1678     5.7708    27.1789    27.1788    34.1689    27.1794    1473.68    1473.67     3.4524  1030.0806    34.3326 0.0000e+00
      42186 294.224950  -47.28538  -59.29916     -0.889    1472.95    624.000    617.873     3.4987     3.4969    -0.0018     3.4560     3.4543    -0.0018   3.169436   3.169217  -0.000211    34.1678    34.1671     5.7733    27.1782    27.1778    34.1687    27.1789    1473.68    1473.67     3.4560  1030.0755    34.3324 0.0000e+00
      42213 294.224964  -47.28538  -59.29917     -0.865    1472.95    623.000    616.885     3.5073     3.5053    -0.0020     3.4647     3.4627    -0.0020   3.170099   3.169823  -0.000264    34.1667    34.1656     5.7738    27.1765    27.1758    34.1681    27.1776    1473.70    1473.69     3.4646  1030.0695    34.3318 0.0000e+00
      42238 294.224976  -47.28538  -59.29918     -0.928    1472.95    622.000    615.896     3.5142     3.5145     0.0003     3.4716     3.4719     0.0004   3.170519   3.170448  -0.000084    34.1655    34.1641     5.7753    27.1749    27.1737    34.1665    27.1757    1473.71    1473.71     3.4715  1030.0628    34.3302 0.0000e+00
      42263 294.224987  -47.28538  -59.29918     -0.985    1472.95    621.000    614.907     3.5161     3.5189     0.0027     3.4737     3.4764     0.0027   3.170516   3.170709   0.000141    34.1644    34.1632     5.7798    27.1738    27.1726    34.1649    27.1742    1473.70    1473.71     3.4736  1030.0567    34.3286 0.0000e+00
