Pos-Processados/process_op42/operantar42_014.ros
* Sea-Bird SBE 9 Data File:
* FileName = C:\Users\Hidrografia\Desktop\OPXLII\Brutos\OP42014.hdr
* Software Version Seasave V 7.26.7.107
* Temperature SN = 6502
* Conductivity SN = 4998
* Number of Bytes Per Scan = 31
* Number of Voltage Words = 2
* Number of Scans Averaged by the Deck Unit = 1
* NMEA Latitude = 47 05.79 S
* NMEA Longitude = 056 32.90 W
* NMEA UTC (Time) = Oct 20 2023 10:58:48
* NMEA baud rate = 4800
** H41
** NPOALTEMAXIMIANO
** NUMERO DA ESTACAO (XXX) 014
** LAT (XX XX.XX S/N) 47 05.592 S
** LONG (XXX XX.XX W/E) 056 32.757 W
** DATAHORA (dd/mm/aaaa hh:mm Z) 20/10/2023 1058Z
** PROFUNDIDADE (m) 4459
** OPERADOR CT FABIREZA
# nquan = 24
# nvalues = 4330                                  
# units = specified
# name 0 = scan: Scan Count
# name 1 = timeJ: Julian Days
# name 2 = latitude: Latitude [deg]
# name 3 = longitude: Longitude [deg]
# name 4 = dz/dtM: Descent Rate [m/s]
# name 5 = avgsvCM: Average Sound Velocity [Chen-Millero, m/s]
# name 6 = prDM: Pressure, Digiquartz [db]
# name 7 = depSM: Depth [salt water, m]
# name 8 = t090C: Temperature [ITS-90, deg C]
# name 9 = t190C: Temperature, 2 [ITS-90, deg C]
# name 10 = T2-T190C: Temperature Difference, 2 - 1 [ITS-90, deg C]
# name 11 = potemp090C: Potential Temperature [ITS-90, deg C]
# name 12 = potemp190C: Potential Temperature, 2 [ITS-90, deg C]
# name 13 = potemp90Cdiff: Potential Temperature, Diff, 2 - 1 [ITS-90, deg C]
# name 14 = c0S/m: Conductivity [S/m]
# name 15 = c1S/m: Conductivity, 2 [S/m]
# name 16 = C2-C1S/m: Conductivity Difference, 2 - 1 [S/m]
# name 17 = sal00: Salinity, Practical [PSU]
# name 18 = sal11: Salinity, Practical, 2 [PSU]
# name 19 = sbeox0ML/L: Oxygen, SBE 43 [ml/l]
# name 20 = sigma-é00: Density [sigma-theta, kg/m^3]
# name 21 = sigma-é11: Density, 2 [sigma-theta, kg/m^3]
# name 22 = nbf: Bottles Fired
# name 23 = flag:  0.000e+00
# interval = seconds: 0.0416667
# start_time = Oct 20 2023 10:58:48 [NMEA time, header]
# bad_flag = -9.990e-29
*END*
[from data line 242]
      61880 293.487341  -47.10700  -56.55252     -0.041    1468.95     28.468     28.230     4.8490     4.8500     0.0010     4.8469     4.8479     0.0010   3.249094   3.249243   0.000148    34.0218    34.0225     7.4672    26.9171    26.9175          2  0.000e+00
      61881 293.487342  -47.10700  -56.55252     -0.044    1468.95     28.476     28.238     4.8503     4.8502    -0.0001     4.8481     4.8480    -0.0001   3.249251   3.249248  -0.000003    34.0224    34.0224     7.4681    26.9174    26.9174          2  0.000e+00
      61882 293.487342  -47.10700  -56.55252     -0.045    1468.95     28.525     28.286     4.8509     4.8503    -0.0006     4.8488     4.8482    -0.0006   3.249305   3.249260  -0.000045    34.0223    34.0224     7.4685    26.9172    26.9174          2  0.000e+00
      61883 293.487343  -47.10700  -56.55252     -0.051    1468.95     28.420     28.182     4.8509     4.8502    -0.0008     4.8488     4.8480    -0.0008   3.249287   3.249278  -0.000009    34.0221    34.0228     7.4688    26.9171    26.9177          2  0.000e+00
      61884 293.487343  -47.10700  -56.55252     -0.051    1468.95     28.525     28.286     4.8503     4.8502    -0.0000     4.8481     4.8481    -0.0000   3.249275   3.249266  -0.000009    34.0226    34.0226     7.4694    26.9176    26.9175          2  0.000e+00
      61885 293.487344  -47.10700  -56.55252     -0.057    1468.95     28.420     28.182     4.8498     4.8505     0.0007     4.8477     4.8484     0.0007   3.249275   3.249243  -0.000033    34.0232    34.0221     7.4697    26.9180    26.9171          2  0.000e+00
      61886 293.487344  -47.10700  -56.55252     -0.059    1468.95     28.468     28.230     4.8495     4.8506     0.0012     4.8474     4.8485     0.0012   3.249191   3.249296   0.000105    34.0225    34.0225     7.4649    26.9175    26.9174          2  0.000e+00
      61887 293.487345  -47.10700  -56.55252     -0.068    1468.95     28.420     28.182     4.8498     4.8511     0.0013     4.8477     4.8490     0.0013   3.249245   3.249320   0.000075    34.0228    34.0223     7.4698    26.9178    26.9173          2  0.000e+00
      61888 293.487345  -47.10700  -56.55252     -0.071    1468.95     28.468     28.230     4.8496     4.8519     0.0023     4.8475     4.8498     0.0023   3.249251   3.249385   0.000134    34.0230    34.0222     7.4701    26.9180    26.9171          2  0.000e+00
      61889 293.487346  -47.10700  -56.55252     -0.072    1468.95     28.476     28.238     4.8506     4.8527     0.0021     4.8485     4.8506     0.0021   3.249269   3.249409   0.000140    34.0222    34.0217     7.4703    26.9172    26.9166          2  0.000e+00
      61890 293.487346  -47.10700  -56.55252     -0.080    1468.95     28.347     28.110     4.8513     4.8529     0.0016     4.8491     4.8508     0.0016   3.249384   3.249427   0.000043    34.0229    34.0218     7.4702    26.9177    26.9166          2  0.000e+00
      61891 293.487347  -47.10700  -56.55252     -0.080    1468.95     28.420     28.182     4.8514     4.8529     0.0015     4.8493     4.8508     0.0015   3.249420   3.249415  -0.000005    34.0232    34.0216     7.4652    26.9179    26.9165          2  0.000e+00
      61892 293.487347  -47.10700  -56.55252     -0.092    1468.95     28.412     28.174     4.8520     4.8531     0.0010     4.8499     4.8510     0.0010   3.249384   3.249427   0.000043    34.0221    34.0215     7.4647    26.9170    26.9164          2  0.000e+00
      61893 293.487348  -47.10700  -56.55252     -0.094    1468.95     28.420     28.182     4.8520     4.8529     0.0008     4.8499     4.8507     0.0008   3.249408   3.249456   0.000049    34.0224    34.0221     7.4695    26.9172    26.9169          2  0.000e+00
      61894 293.487348  -47.10700  -56.55252     -0.097    1468.95     28.412     28.174     4.8525     4.8527     0.0002     4.8504     4.8506     0.0002   3.249384   3.249433   0.000049    34.0216    34.0220     7.4643    26.9165    26.9168          2  0.000e+00
      61895 293.487349  -47.10700  -56.55252     -0.100    1468.95     28.420     28.182     4.8527     4.8529     0.0001     4.8506     4.8507     0.0001   3.249390   3.249433   0.000043    34.0215    34.0218     7.4691    26.9164    26.9167          2  0.000e+00
      61896 293.487349  -47.10700  -56.55252     -0.106    1468.95     28.348     28.110     4.8523     4.8524     0.0001     4.8502     4.8503     0.0001   3.249414   3.249480   0.000066    34.0222    34.0229     7.4640    26.9170    26.9175          2  0.000e+00
      61897 293.487350  -47.10700  -56.55252     -0.107    1468.95     28.420     28.182     4.8522     4.8529     0.0007     4.8501     4.8507     0.0007   3.249426   3.249427 7.6349e-07    34.0224    34.0218     7.4635    26.9172    26.9166          2  0.000e+00
      61898 293.487350  -47.10700  -56.55252     -0.112    1468.95     28.348     28.110     4.8522     4.8527     0.0005     4.8501     4.8506     0.0005   3.249444   3.249451   0.000006    34.0227    34.0222     7.4629    26.9174    26.9170          2  0.000e+00
      61899 293.487351  -47.10700  -56.55252     -0.116    1468.95     28.356     28.118     4.8527     4.8525    -0.0001     4.8506     4.8504    -0.0001   3.249516   3.249421  -0.000096    34.0230    34.0221     7.4623    26.9176    26.9169          2  0.000e+00
      61900 293.487351  -47.10700  -56.55252     -0.119    1468.95     28.348     28.110     4.8530     4.8521    -0.0009     4.8509     4.8500    -0.0009   3.249498   3.249409  -0.000089    34.0225    34.0224     7.4671    26.9171    26.9172          2  0.000e+00
      61901 293.487351  -47.10700  -56.55252     -0.126    1468.95     28.356     28.118     4.8533     4.8516    -0.0017     4.8512     4.8495    -0.0017   3.249504   3.249361  -0.000143    34.0223    34.0224     7.4672    26.9169    26.9172          2  0.000e+00
      61902 293.487352  -47.10700  -56.55252     -0.125    1468.95     28.412     28.174     4.8528     4.8516    -0.0013     4.8507     4.8495    -0.0013   3.249529   3.249326  -0.000203    34.0230    34.0219     7.4621    26.9176    26.9169          2  0.000e+00
      61903 293.487352  -47.10700  -56.55252     -0.130    1468.95     28.299     28.062     4.8525     4.8510    -0.0015     4.8504     4.8489    -0.0015   3.249456   3.249302  -0.000154    34.0225    34.0223     7.4615    26.9172    26.9173          2  0.000e+00
      61904 293.487353  -47.10700  -56.55252     -0.131    1468.95     28.348     28.110     4.8522     4.8508    -0.0014     4.8501     4.8487    -0.0014   3.249468   3.249314  -0.000154    34.0230    34.0226     7.4610    26.9176    26.9175          2  0.000e+00
      61905 293.487353  -47.10700  -56.55252     -0.135    1468.95     28.299     28.062     4.8519     4.8509    -0.0010     4.8498     4.8488    -0.0010   3.249456   3.249320  -0.000136    34.0232    34.0226     7.4604    26.9178    26.9175          2  0.000e+00
      61906 293.487354  -47.10700  -56.55252     -0.135    1468.95     28.348     28.110     4.8520     4.8510    -0.0011     4.8499     4.8489    -0.0011   3.249456   3.249272  -0.000184    34.0230    34.0219     7.4599    26.9177    26.9170          2  0.000e+00
      61907 293.487354  -47.10700  -56.55252     -0.142    1468.95     28.299     28.062     4.8522     4.8510    -0.0012     4.8501     4.8489    -0.0012   3.249450   3.249278  -0.000172    34.0228    34.0220     7.4653    26.9175    26.9170          2  0.000e+00
      61908 293.487355  -47.10700  -56.55252     -0.144    1468.95     28.291     28.054     4.8523     4.8510    -0.0014     4.8503     4.8489    -0.0014   3.249456   3.249308  -0.000148    34.0227    34.0224     7.4608    26.9174    26.9173          2  0.000e+00
      61909 293.487355  -47.10700  -56.55252     -0.142    1468.95     28.356     28.118     4.8520     4.8512    -0.0009     4.8499     4.8491    -0.0009   3.249426   3.249361  -0.000065    34.0226    34.0228     7.4664    26.9174    26.9176          2  0.000e+00
      61910 293.487356  -47.10700  -56.55252     -0.143    1468.95     28.291     28.054     4.8522     4.8516    -0.0006     4.8501     4.8495    -0.0006   3.249486   3.249379  -0.000107    34.0232    34.0226     7.4664    26.9178    26.9174          2  0.000e+00
      61911 293.487356  -47.10700  -56.55252     -0.143    1468.95     28.299     28.062     4.8519     4.8516    -0.0003     4.8498     4.8495    -0.0003   3.249474   3.249332  -0.000143    34.0234    34.0221     7.4666    26.9180    26.9170          2  0.000e+00
      61912 293.487357  -47.10700  -56.55252     -0.146    1468.95     28.291     28.054     4.8519     4.8512    -0.0006     4.8498     4.8491    -0.0006   3.249474   3.249320  -0.000154    34.0234    34.0223     7.4666    26.9180    26.9172          2  0.000e+00
      61913 293.487357  -47.10700  -56.55252     -0.145    1468.95     28.299     28.062     4.8517     4.8512    -0.0005     4.8496     4.8491    -0.0005   3.249498   3.249302  -0.000196    34.0238    34.0221     7.4614    26.9184    26.9171          2  0.000e+00
      61914 293.487358  -47.10700  -56.55252     -0.147    1468.95     28.291     28.054     4.8522     4.8512    -0.0010     4.8501     4.8491    -0.0010   3.249535   3.249290  -0.000245    34.0238    34.0219     7.4660    26.9183    26.9169          2  0.000e+00
      61915 293.487358  -47.10700  -56.55252     -0.145    1468.95     28.299     28.062     4.8533     4.8510    -0.0023     4.8512     4.8489    -0.0023   3.249583   3.249290  -0.000293    34.0232    34.0222     7.4658    26.9177    26.9171          2  0.000e+00
      61916 293.487359  -47.10700  -56.55252     -0.145    1468.95     28.291     28.054     4.8538     4.8505    -0.0033     4.8517     4.8484    -0.0033   3.249619   3.249266  -0.000353    34.0231    34.0224     7.4657    26.9175    26.9174          2  0.000e+00
      61917 293.487359  -47.10700  -56.55252     -0.141    1468.95     28.299     28.062     4.8543     4.8500    -0.0042     4.8522     4.8479    -0.0042   3.249631   3.249213  -0.000418    34.0227    34.0222     7.4656    26.9172    26.9173          2  0.000e+00
      61918 293.487360  -47.10700  -56.55252     -0.141    1468.95     28.291     28.054     4.8552     4.8498    -0.0054     4.8531     4.8477    -0.0054   3.249697   3.249177  -0.000520    34.0225    34.0220     7.4654    26.9170    26.9172          2  0.000e+00
      61919 293.487360  -47.10700  -56.55252     -0.140    1468.95     28.299     28.062     4.8567     4.8498    -0.0069     4.8546     4.8477    -0.0069   3.249740   3.249189  -0.000551    34.0215    34.0222     7.4651    26.9159    26.9173          2  0.000e+00
      61920 293.487361  -47.10700  -56.55252     -0.138    1468.95     28.291     28.054     4.8581     4.8498    -0.0083     4.8560     4.8477    -0.0083   3.249842   3.249177  -0.000665    34.0213    34.0220     7.4594    26.9156    26.9172          2  0.000e+00
      61921 293.487361  -47.10700  -56.55252     -0.135    1468.95     28.235     27.998     4.8593     4.8497    -0.0095     4.8572     4.8476    -0.0095   3.249981   3.249177  -0.000804    34.0217    34.0222     7.4583    26.9159    26.9173          2  0.000e+00
      61922 293.487362  -47.10700  -56.55252     -0.132    1468.95     28.291     28.054     4.8605     4.8495    -0.0110     4.8584     4.8474    -0.0110   3.249999   3.249171  -0.000828    34.0206    34.0223     7.4580    26.9148    26.9174          2  0.000e+00
      61923 293.487362  -47.10700  -56.55252     -0.132    1468.95     28.299     28.062     4.8621     4.8492    -0.0129     4.8600     4.8471    -0.0129   3.250077   3.249124  -0.000954    34.0199    34.0221     7.4570    26.9141    26.9173          2  0.000e+00
      61924 293.487363  -47.10700  -56.55252     -0.128    1468.95     28.291     28.054     4.8635     4.8487    -0.0148     4.8614     4.8466    -0.0148   3.250234   3.249112  -0.001122    34.0203    34.0224     7.4559    26.9143    26.9176          2  0.000e+00
      61925 293.487363  -47.10700  -56.55252     -0.123    1468.95     28.299     28.062     4.8642     4.8483    -0.0160     4.8621     4.8462    -0.0160   3.250307   3.249130  -0.001177    34.0204    34.0231     7.4603    26.9142    26.9182          2  0.000e+00
      61926 293.487364  -47.10700  -56.55252     -0.117    1468.95     28.291     28.054     4.8652     4.8486    -0.0166     4.8631     4.8465    -0.0166   3.250427   3.249118  -0.001310    34.0208    34.0226     7.4547    26.9145    26.9178          2  0.000e+00
      61927 293.487364  -47.10700  -56.55252     -0.115    1468.95     28.299     28.062     4.8652     4.8489    -0.0163     4.8631     4.8468    -0.0163   3.250439   3.249153  -0.001286    34.0210    34.0228     7.4599    26.9146    26.9178          2  0.000e+00
      61928 293.487364  -47.10700  -56.55252     -0.109    1468.95     28.291     28.054     4.8650     4.8492    -0.0158     4.8629     4.8471    -0.0158   3.250301   3.249171  -0.001129    34.0195    34.0226     7.4553    26.9135    26.9177          2  0.000e+00
      61929 293.487365  -47.10700  -56.55252     -0.102    1468.95     28.356     28.118     4.8647     4.8499    -0.0148     4.8626     4.8478    -0.0148   3.250343   3.249189  -0.001154    34.0203    34.0221     7.4553    26.9141    26.9172          2  0.000e+00
      61930 293.487365  -47.10700  -56.55252     -0.098    1468.95     28.291     28.054     4.8635     4.8505    -0.0130     4.8614     4.8484    -0.0130   3.250216   3.249254  -0.000962    34.0201    34.0223     7.4555    26.9141    26.9173          2  0.000e+00
      61931 293.487366  -47.10700  -56.55252     -0.090    1468.95     28.299     28.062     4.8628     4.8516    -0.0112     4.8607     4.8495    -0.0112   3.250228   3.249308  -0.000920    34.0210    34.0218     7.4609    26.9149    26.9168          2  0.000e+00
      61932 293.487366  -47.10700  -56.55252     -0.089    1468.95     28.291     28.054     4.8626     4.8529    -0.0097     4.8605     4.8508    -0.0097   3.250252   3.249361  -0.000891    34.0214    34.0211     7.4616    26.9152    26.9161          2  0.000e+00
      61933 293.487367  -47.10700  -56.55252     -0.077    1468.95     28.356     28.118     4.8631     4.8526    -0.0105     4.8610     4.8505    -0.0105   3.250210   3.249379  -0.000831    34.0204    34.0215     7.4623    26.9144    26.9164          2  0.000e+00
      61934 293.487367  -47.10700  -56.55252     -0.072    1468.95     28.348     28.110     4.8645     4.8519    -0.0127     4.8624     4.8498    -0.0126   3.250373   3.249355  -0.001017    34.0208    34.0220     7.4626    26.9145    26.9169          2  0.000e+00
      61935 293.487368  -47.10700  -56.55252     -0.066    1468.95     28.299     28.062     4.8660     4.8512    -0.0148     4.8639     4.8491    -0.0148   3.250433   3.249302  -0.001131    34.0200    34.0220     7.4623    26.9138    26.9170          2  0.000e+00
      61936 293.487368  -47.10700  -56.55252     -0.060    1468.95     28.348     28.110     4.8669     4.8503    -0.0166     4.8648     4.8482    -0.0166   3.250590   3.249219  -0.001371    34.0209    34.0220     7.4628    26.9144    26.9171          2  0.000e+00
      61937 293.487369  -47.10700  -56.55252     -0.051    1468.95     28.356     28.118     4.8680     4.8500    -0.0180     4.8659     4.8479    -0.0180   3.250771   3.249219  -0.001552    34.0218    34.0223     7.4632    26.9150    26.9173          2  0.000e+00
      61938 293.487369  -47.10700  -56.55252     -0.041    1468.95     28.348     28.110     4.8682     4.8495    -0.0187     4.8661     4.8474    -0.0187   3.250711   3.249207  -0.001504    34.0210    34.0227     7.4638    26.9143    26.9177          2  0.000e+00
