Pos-Processados/process_op42/operantar42_013.cnv
* Sea-Bird SBE 9 Data File:
* FileName = C:\Users\Hidrografia\Desktop\OPXLII\Brutos\OP42013.hdr
* Software Version Seasave V 7.26.7.107
* Temperature SN = 6502
* Conductivity SN = 4998
* Number of Bytes Per Scan = 31
* Number of Voltage Words = 2
* Number of Scans Averaged by the Deck Unit = 1
* NMEA Latitude = 46 24.51 S
* NMEA Longitude = 055 54.95 W
* NMEA UTC (Time) = Oct 19 2023 23:00:40
* NMEA baud rate = 4800
** H41
** NPOALTEMAXIMIANO
** NUMERO DA ESTACAO (XXX) 013
** LAT (XX XX.XX S/N) 46 24.500 S
** LONG (XXX XX.XX W/E) 055 54.972 W
** DATAHORA (dd/mm/aaaa hh:mm Z) 19/10/2023 2300Z
** PROFUNDIDADE (m) 5329
** OPERADOR CT FABIREZA
# nquan = 30
# nvalues = 2016                        
# units = specified
# name 0 = scan: Scan Count
# name 1 = timeJ: Julian Days
# name 2 = latitude: Latitude [deg]
# name 3 = longitude: Longitude [deg]
# name 4 = dz/dtM: Descent Rate [m/s]
# name 5 = avgsvCM: Average Sound Velocity [Chen-Millero, m/s]
# name 6 = prDM: Pressure, Digiquartz [db]
# name 7 = depSM: Depth [salt water, m]
# name 8 = t090C: Temperature [ITS-90, deg C]
# name 9 = t190C: Temperature, 2 [ITS-90, deg C]
# name 10 = T2-T190C: Temperature Difference, 2 - 1 [ITS-90, deg C]
# name 11 = potemp090C: Potential Temperature [ITS-90, deg C]
# name 12 = potemp190C: Potential Temperature, 2 [ITS-90, deg C]
# name 13 = potemp90Cdiff: Potential Temperature, Diff, 2 - 1 [ITS-90, deg C]
# name 14 = c0S/m: Conductivity [S/m]
# name 15 = c1S/m: Conductivity, 2 [S/m]
# name 16 = C2-C1S/m: Conductivity Difference, 2 - 1 [S/m]
# name 17 = sal00: Salinity, Practical [PSU]
# name 18 = sal11: Salinity, Practical, 2 [PSU]
# name 19 = sbeox0ML/L: Oxygen, SBE 43 [ml/l]
# name 20 = sigma-é00: Density [sigma-theta, kg/m^3]
# name 21 = sigma-é11: Density, 2 [sigma-theta, kg/m^3]
# name 22 = sal00: Salinity, Practical [PSU]
# name 23 = sigma-é00: Density [sigma-theta, kg/m^3]
# name 24 = svCM: Sound Velocity [Chen-Millero, m/s]
# name 25 = svCM1: Sound Velocity, 2 [Chen-Millero, m/s]
# name 26 = gsw_ptA0: potential temperature [ITS-90, deg C]
# name 27 = gsw_densityA0: density, TEOS-10 [density, kg/m^3]
# name 28 = gsw_saA0: Absolute Salinity [g/kg]
# name 29 = flag:
# span 0 =       2328,      66305       
# span 1 = 292.959918, 292.990771       
# span 2 =  -46.42171,  -46.40909       
# span 3 =  -55.91560,  -55.91078       
# span 4 =     -1.566,      1.381       
# span 5 =       0.00,    1483.34       
# span 6 =      4.000,   1012.000       
# span 7 =      4.075,   1001.203       
# span 8 =     2.3873,     6.0159       
# span 9 =     2.3883,     6.0163       
# span 10 =    -0.0109,     0.0386      
# span 11 =     2.3233,     6.0154      
# span 12 =     2.3242,     6.0159      
# span 13 =    -0.0109,     0.0385      
# span 14 =   3.078985,   3.349554      
# span 15 =   3.078953,   3.349552      
# span 16 =  -0.001474,   0.003332      
# span 17 =    33.9843,    34.5848      
# span 18 =    33.9849,    34.5842      
# span 19 =     3.7715,     8.1594      
# span 20 =    26.7598,    27.6128      
# span 21 =    26.7596,    27.6122      
# span 22 =    33.9850,    34.5847      
# span 23 =    26.7595,    27.6127      
# span 24 =    1463.07,    1475.87      
# span 25 =    1463.07,    1475.87      
# span 26 =     2.3232,     6.0155      
# span 27 =  1026.7841,  1032.3176      
# span 28 =    34.1455,    34.7524      
# span 29 = 0.0000e+00, 0.0000e+00      
# interval = decibars: 1                
# start_time = Oct 19 2023 23:00:40 [NMEA time, header]
# bad_flag = -9.990e-29
*END*
[from data line 146]
       6946 292.962145  -46.40994  -55.91514      1.051    1466.13    151.000    149.700     2.9212     2.9221     0.0008     2.9122     2.9130     0.0008   3.088203   3.088272   0.000055    34.0506    34.0504     6.9715    27.1351    27.1348    34.0480    27.1330    1463.30    1463.30     2.9122  1027.8406    34.2093 0.0000e+00
       6963 292.962154  -46.40994  -55.91514      1.250    1466.13    152.000    150.692     2.9185     2.9194     0.0009     2.9094     2.9103     0.0009   3.088053   3.088108   0.000045    34.0508    34.0504     6.9763    27.1355    27.1351    34.0485    27.1337    1463.30    1463.31     2.9094  1027.8459    34.2098 0.0000e+00
       6986 292.962165  -46.40994  -55.91514      1.223    1466.13    153.000    151.682     2.9174     2.9183     0.0008     2.9083     2.9091     0.0008   3.087995   3.088073   0.000074    34.0503    34.0503     6.9756    27.1351    27.1351    34.0484    27.1336    1463.32    1463.32     2.9083  1027.8506    34.2097 0.0000e+00
       7023 292.962183  -46.40995 -9.990e-29      0.693    1466.13    154.000    152.673     2.9210     2.9219     0.0009     2.9118     2.9127     0.0009   3.088448   3.088624   0.000163    34.0500    34.0510     6.9804    27.1346    27.1353    34.0496    27.1343    1463.35    1463.36     2.9118  1027.8559    34.2109 0.0000e+00
       7053 292.962197  -46.40996 -9.990e-29      0.717    1466.13    155.000    153.665     2.9476     2.9496     0.0020     2.9383     2.9403     0.0020   3.091132   3.091497   0.000378    34.0514    34.0539     6.9619    27.1334    27.1352    34.0537    27.1352    1463.49    1463.50     2.9383  1027.8613    34.2150 0.0000e+00
       7074 292.962207  -46.40996  -55.91512      0.975    1466.13    156.000    154.655     2.9667     2.9667    -0.0000     2.9573     2.9573    -0.0000   3.093023   3.093112   0.000079    34.0549    34.0559     6.9520    27.1344    27.1352    34.0560    27.1353    1463.59    1463.59     2.9573  1027.8660    34.2173 0.0000e+00
       7097 292.962219  -46.40996  -55.91512      1.079    1466.13    157.000    155.646     2.9684     2.9688     0.0003     2.9590     2.9593     0.0003   3.093324   3.093339   0.000034    34.0573    34.0573     6.9566    27.1362    27.1362    34.0573    27.1362    1463.61    1463.61     2.9590  1027.8716    34.2186 0.0000e+00
       7132 292.962235  -46.40996  -55.91512      0.789    1466.13    158.000    156.637     2.9622     2.9624     0.0002     2.9527     2.9529     0.0002   3.092831   3.092814  -0.000016    34.0575    34.0571     6.9358    27.1370    27.1366    34.0573    27.1368    1463.60    1463.60     2.9527  1027.8769    34.2187 0.0000e+00
       7167 292.962252  -46.40998  -55.91510      0.642    1466.13    159.000    157.628     2.9576     2.9582     0.0006     2.9481     2.9486     0.0006   3.092464   3.092486   0.000015    34.0574    34.0570     6.9105    27.1373    27.1369    34.0571    27.1371    1463.60    1463.60     2.9480  1027.8818    34.2185 0.0000e+00
       7192 292.962264  -46.40998  -55.91510      0.845    1466.13    160.000    158.619     2.9557     2.9564     0.0007     2.9461     2.9467     0.0007   3.092361   3.092393   0.000027    34.0575    34.0571     6.9092    27.1375    27.1372    34.0574    27.1374    1463.61    1463.61     2.9461  1027.8869    34.2187 0.0000e+00
       7215 292.962275  -46.40998  -55.91510      1.002    1466.13    161.000    159.610     2.9548     2.9553     0.0005     2.9451     2.9456     0.0005   3.092317   3.092334   0.000021    34.0575    34.0573     6.9032    27.1377    27.1374    34.0572    27.1374    1463.62    1463.62     2.9451  1027.8915    34.2186 0.0000e+00
       7238 292.962286  -46.40999  -55.91510      1.056    1466.13    162.000    160.601     2.9459     2.9467     0.0008     2.9361     2.9370     0.0008   3.091609   3.091532  -0.000060    34.0589    34.0573     6.9073    27.1396    27.1382    34.0575    27.1384    1463.60    1463.60     2.9362  1027.8972    34.2188 0.0000e+00
       7262 292.962298  -46.41000  -55.91510      1.025    1466.13    163.000    161.592     2.9302     2.9303     0.0001     2.9205     2.9206     0.0001   3.090300   3.090104  -0.000202    34.0592    34.0566     6.9098    27.1412    27.1391    34.0575    27.1398    1463.55    1463.54     2.9204  1027.9034    34.2188 0.0000e+00
       7292 292.962313  -46.41000 -9.990e-29      0.863    1466.13    164.000    162.583     2.9183     2.9197     0.0013     2.9085     2.9099     0.0013   3.089229   3.089148  -0.000079    34.0585    34.0561     6.9005    27.1417    27.1397    34.0565    27.1401    1463.51    1463.51     2.9085  1027.9084    34.2179 0.0000e+00
       7323 292.962327  -46.41000 -9.990e-29      0.752    1466.13    165.000    163.574     2.9015     2.9022     0.0007     2.8917     2.8924     0.0007   3.087686   3.087627  -0.000080    34.0572    34.0555     6.9023    27.1422    27.1407    34.0549    27.1403    1463.45    1463.45     2.8917  1027.9134    34.2163 0.0000e+00
       7348 292.962340  -46.41002 -9.990e-29      0.871    1466.13    166.000    164.565     2.8846     2.8856     0.0010     2.8747     2.8757     0.0010   3.086171   3.086056  -0.000106    34.0568    34.0545     6.9129    27.1434    27.1414    34.0537    27.1409    1463.40    1463.40     2.8747  1027.9187    34.2151 0.0000e+00
       7370 292.962350  -46.41002  -55.91508      1.030    1466.13    167.000    165.556     2.8755     2.8763     0.0008     2.8656     2.8664     0.0008   3.085341   3.085341  -0.000008    34.0547    34.0537     6.9055    27.1424    27.1416    34.0526    27.1408    1463.37    1463.37     2.8656  1027.9234    34.2140 0.0000e+00
       7394 292.962362  -46.41002  -55.91508      1.072    1466.13    168.000    166.547     2.8758     2.8769     0.0011     2.8658     2.8669     0.0011   3.085382   3.085468   0.000085    34.0537    34.0535     6.9031    27.1417    27.1415    34.0523    27.1405    1463.39    1463.39     2.8658  1027.9277    34.2136 0.0000e+00
       7432 292.962380  -46.41002  -55.91507      0.700    1466.13    169.000    167.539     2.8782     2.8786     0.0004     2.8681     2.8686     0.0004   3.085649   3.085700   0.000053    34.0534    34.0536     6.9066    27.1412    27.1413    34.0524    27.1404    1463.42    1463.42     2.8681  1027.9323    34.2138 0.0000e+00
       7469 292.962398  -46.41004  -55.91506      0.592    1466.13    170.000    168.529     2.8802     2.8807     0.0004     2.8701     2.8705     0.0004   3.085940   3.085979   0.000046    34.0540    34.0541     6.9046    27.1415    27.1416    34.0533    27.1410    1463.44    1463.44     2.8701  1027.9375    34.2146 0.0000e+00
       7494 292.962410  -46.41004  -55.91506      0.847    1466.13    171.000    169.520     2.8816     2.8822     0.0006     2.8714     2.8720     0.0006   3.086171   3.086211   0.000035    34.0546    34.0544     6.9005    27.1419    27.1417    34.0541    27.1415    1463.46    1463.47     2.8714  1027.9427    34.2155 0.0000e+00
       7516 292.962421  -46.41004  -55.91506      1.035    1466.13    172.000    170.510     2.8861     2.8873     0.0013     2.8758     2.8770     0.0013   3.086666   3.086832   0.000153    34.0545    34.0550     6.8953    27.1414    27.1417    34.0549    27.1417    1463.50    1463.51     2.8758  1027.9476    34.2163 0.0000e+00
       7544 292.962434  -46.41004  -55.91506      0.961    1466.13    173.000    171.501     2.8961     2.8966     0.0005     2.8858     2.8862     0.0005   3.087670   3.087748   0.000096    34.0559    34.0565     6.8941    27.1416    27.1421    34.0560    27.1417    1463.56    1463.56     2.8857  1027.9522    34.2174 0.0000e+00
       7579 292.962451  -46.41004  -55.91506      0.701    1466.13    174.000    172.492     2.8798     2.8784    -0.0013     2.8694     2.8681    -0.0013   3.086361   3.086143  -0.000225    34.0586    34.0572     6.8981    27.1452    27.1443    34.0567    27.1438    1463.51    1463.50     2.8694  1027.9588    34.2179 0.0000e+00
       7610 292.962466 -9.990e-29  -55.91505      0.744    1465.42    175.000    173.483     2.8722     2.8733     0.0011     2.8618     2.8629     0.0011   3.085782   3.085865   0.000076    34.0577    34.0574     6.8775    27.1452    27.1449    34.0572    27.1448    1463.49    1463.50     2.8618  1027.9643    34.2181 0.0000e+00
       7635 292.962478 -9.990e-29  -55.91504      0.875    1465.23    176.000    174.474     2.8699     2.8705     0.0005     2.8595     2.8600     0.0005   3.085694   3.085664  -0.000016    34.0591    34.0583     6.8705    27.1465    27.1458    34.0579    27.1456    1463.50    1463.50     2.8594  1027.9698    34.2189 0.0000e+00
       7660 292.962490 -9.990e-29  -55.91504      0.968    1465.23    177.000    175.465     2.8600     2.8608     0.0007     2.8495     2.8503     0.0007   3.084894   3.084864  -0.000039    34.0595    34.0582     6.8598    27.1477    27.1466    34.0581    27.1466    1463.47    1463.48     2.8495  1027.9755    34.2190 0.0000e+00
       7686 292.962502  -46.41008  -55.91504      0.960    1465.23    178.000    176.456     2.8605     2.8614     0.0009     2.8499     2.8508     0.0009   3.084968   3.085056   0.000086    34.0585    34.0585     6.8492    27.1469    27.1468    34.0579    27.1464    1463.49    1463.50     2.8499  1027.9803    34.2192 0.0000e+00
       7724 292.962521  -46.41008  -55.91504      0.685    1465.23    179.000    177.447     2.8612     2.8619     0.0006     2.8506     2.8512     0.0006   3.085104   3.085157   0.000054    34.0588    34.0588     6.8423    27.1471    27.1470    34.0583    27.1467    1463.51    1463.52     2.8505  1027.9853    34.2197 0.0000e+00
       7765 292.962540  -46.41008  -55.91502      0.553    1465.23    180.000    178.438     2.8617     2.8621     0.0004     2.8510     2.8514     0.0004   3.085221   3.085249   0.000036    34.0590    34.0590     6.8264    27.1472    27.1471    34.0587    27.1469    1463.53    1463.53     2.8510  1027.9902    34.2200 0.0000e+00
       7792 292.962554 -9.990e-29  -55.91502      0.778    1465.23    181.000    179.429     2.8617     2.8627     0.0010     2.8509     2.8519     0.0010   3.085281   3.085389   0.000089    34.0591    34.0591     6.8269    27.1473    27.1472    34.0588    27.1471    1463.55    1463.55     2.8509  1027.9947    34.2198 0.0000e+00
       7813 292.962564 -9.990e-29  -55.91502      1.003    1465.23    182.000    180.420     2.8591     2.8603     0.0013     2.8482     2.8495     0.0013   3.085144   3.085217   0.000071    34.0603    34.0598     6.8184    27.1485    27.1480    34.0594    27.1477    1463.55    1463.56     2.8483  1028.0000    34.2203 0.0000e+00
       7831 292.962572 -9.990e-29  -55.91502      1.191    1465.23    183.000    181.411     2.8354     2.8368     0.0014     2.8245     2.8260     0.0014   3.083077   3.082958  -0.000114    34.0633    34.0604     6.8249    27.1530    27.1505    34.0586    27.1492    1463.47    1463.47     2.8245  1028.0063    34.2196 0.0000e+00
       7854 292.962583 -9.990e-29  -55.91502      1.197    1465.23    184.000    182.401     2.8132     2.8152     0.0020     2.8023     2.8043     0.0020   3.081198   3.081211   0.000013    34.0608    34.0588     6.8281    27.1529    27.1512    34.0586    27.1512    1463.39    1463.39     2.8023  1028.0130    34.2196 0.0000e+00
       7888 292.962600  -46.41010  -55.91502      0.783    1465.23    185.000    183.392     2.8069     2.8073     0.0004     2.7960     2.7964     0.0004   3.080661   3.080615  -0.000049    34.0599    34.0589     6.8034    27.1527    27.1519    34.0581    27.1513    1463.38    1463.38     2.7960  1028.0182    34.2194 0.0000e+00
       7924 292.962617  -46.41012  -55.91500      0.631    1465.23    186.000    184.383     2.8051     2.8060     0.0009     2.7941     2.7950     0.0009   3.080515   3.080564   0.000051    34.0590    34.0587     6.8036    27.1522    27.1518    34.0578    27.1512    1463.38    1463.39     2.7941  1028.0228    34.2192 0.0000e+00
       7950 292.962630  -46.41012  -55.91500      0.836    1465.23    187.000    185.374     2.8064     2.8074     0.0010     2.7953     2.7963     0.0010   3.080754   3.080825   0.000064    34.0594    34.0592     6.7986    27.1524    27.1521    34.0587    27.1519    1463.41    1463.41     2.7953  1028.0282    34.2202 0.0000e+00
       7971 292.962640  -46.41012  -55.91500      1.028    1465.23    188.000    186.365     2.8104     2.8114     0.0010     2.7993     2.8003     0.0010   3.081177   3.081272   0.000096    34.0597    34.0599     6.8019    27.1523    27.1523    34.0591    27.1518    1463.44    1463.45     2.7993  1028.0327    34.2204 0.0000e+00
       7993 292.962651 -9.990e-29  -55.91500      1.112    1465.23    189.000    187.356     2.8132     2.8146     0.0014     2.8021     2.8034     0.0014   3.081546   3.081653   0.000114    34.0602    34.0602     6.8020    27.1525    27.1523    34.0601    27.1523    1463.47    1463.48     2.8021  1028.0376    34.2210 0.0000e+00
       8025 292.962666 -9.990e-29  -55.91500      0.878    1465.23    190.000    188.347     2.8166     2.8168     0.0002     2.8053     2.8055     0.0002   3.081896   3.081910   0.000026    34.0605    34.0606     6.7831    27.1524    27.1525    34.0603    27.1522    1463.50    1463.50     2.8053  1028.0421    34.2212 0.0000e+00
       8064 292.962685  -46.41014  -55.91500      0.576    1465.23    191.000    189.338     2.8161     2.8169     0.0007     2.8048     2.8055     0.0007   3.081960   3.082018   0.000034    34.0611    34.0608     6.7702    27.1529    27.1526    34.0610    27.1528    1463.52    1463.52     2.8048  1028.0474    34.2220 0.0000e+00
       8093 292.962699  -46.41014  -55.91500      0.753    1465.23    192.000    190.328     2.8226     2.8236     0.0010     2.8112     2.8122     0.0010   3.082644   3.082713   0.000080    34.0616    34.0616     6.7517    27.1528    27.1527    34.0619    27.1530    1463.56    1463.57     2.8112  1028.0526    34.2234 0.0000e+00
       8114 292.962709  -46.41014  -55.91498      0.985    1465.23    193.000    191.319     2.8234     2.8241     0.0007     2.8119     2.8127     0.0007   3.082740   3.082794   0.000055    34.0617    34.0616     6.7589    27.1528    27.1527    34.0617    27.1528    1463.58    1463.59     2.8119  1028.0570    34.2232 0.0000e+00
       8133 292.962718  -46.41015  -55.91498      1.171    1465.23    194.000    192.309     2.8244     2.8251     0.0008     2.8129     2.8136     0.0008   3.082910   3.082985   0.000071    34.0620    34.0621     6.7703    27.1529    27.1529    34.0622    27.1531    1463.61    1463.61     2.8129  1028.0620    34.2237 0.0000e+00
       8151 292.962727  -46.41016  -55.91498      1.274    1465.23    195.000    193.301     2.8248     2.8260     0.0012     2.8132     2.8144     0.0012   3.083023   3.083098   0.000080    34.0625    34.0623     6.7580    27.1533    27.1530    34.0626    27.1534    1463.62    1463.63     2.8132  1028.0669    34.2241 0.0000e+00
       8175 292.962738  -46.41016  -55.91498      1.187    1465.23    196.000    194.292     2.8239     2.8246     0.0006     2.8123     2.8130     0.0006   3.083005   3.083024   0.000024    34.0628    34.0624     6.7596    27.1536    27.1532    34.0627    27.1536    1463.64    1463.64     2.8123  1028.0718    34.2242 0.0000e+00
       8215 292.962757  -46.41016  -55.91498      0.643    1465.23    197.000    195.282     2.8216     2.8217     0.0001     2.8100     2.8100     0.0001   3.082852   3.082859   0.000008    34.0630    34.0630     6.7544    27.1540    27.1540    34.0627    27.1538    1463.64    1463.64     2.8099  1028.0767    34.2242 0.0000e+00
