Pos-Processados/process_op42/operantar42_039.cnv
* Sea-Bird SBE 9 Data File:
* FileName = C:\Users\Hidrografia\Desktop\OPXLII\Brutos\OP42039.hdr
* Software Version Seasave V 7.26.7.107
* Temperature SN = 6502
* Conductivity SN = 4998
* Number of Bytes Per Scan = 37
* Number of Voltage Words = 4
* Number of Scans Averaged by the Deck Unit = 1
* NMEA Latitude = 62 08.51 S
* NMEA Longitude = 058 26.65 W
* NMEA UTC (Time) = Nov 09 2023 14:12:29
* NMEA baud rate = 4800
** H41
** NPOALTEMAXIMIANO
** NUMERO DA ESTACAO (XXX) 039
** LAT (XX XX.XX S/N) 62 08.14 S
** LONG (XXX XX.XX W/E) 058 26.57 W
** DATAHORA (dd/mm/aaaa hh:mm Z) 09/11/2023 1405Z
** PROFUNDIDADE (m) 410
** OPERADOR 1T ZAMITH
# nquan = 30
# nvalues = 719                         
# units = specified
# name 0 = scan: Scan Count
# name 1 = timeJ: Julian Days
# name 2 = latitude: Latitude [deg]
# name 3 = longitude: Longitude [deg]
# name 4 = dz/dtM: Descent Rate [m/s]
# name 5 = avgsvCM: Average Sound Velocity [Chen-Millero, m/s]
# name 6 = prDM: Pressure, Digiquartz [db]
# name 7 = depSM: Depth [salt water, m]
# name 8 = t090C: Temperature [ITS-90, deg C]
# name 9 = t190C: Temperature, 2 [ITS-90, deg C]
# name 10 = T2-T190C: Temperature Difference, 2 - 1 [ITS-90, deg C]
# name 11 = potemp090C: Potential Temperature [ITS-90, deg C]
# name 12 = potemp190C: Potential Temperature, 2 [ITS-90, deg C]
# name 13 = potemp90Cdiff: Potential Temperature, Diff, 2 - 1 [ITS-90, deg C]
# name 14 = c0S/m: Conductivity [S/m]
# name 15 = c1S/m: Conductivity, 2 [S/m]
# name 16 = C2-C1S/m: Conductivity Difference, 2 - 1 [S/m]
# name 17 = sal00: Salinity, Practical [PSU]
# name 18 = sal11: Salinity, Practical, 2 [PSU]
# name 19 = sbeox0ML/L: Oxygen, SBE 43 [ml/l]
# name 20 = sigma-é00: Density [sigma-theta, kg/m^3]
# name 21 = sigma-é11: Density, 2 [sigma-theta, kg/m^3]
# name 22 = sal00: Salinity, Practical [PSU]
# name 23 = sigma-é00: Density [sigma-theta, kg/m^3]
# name 24 = svCM: Sound Velocity [Chen-Millero, m/s]
# name 25 = svCM1: Sound Velocity, 2 [Chen-Millero, m/s]
# name 26 = gsw_ptA0: potential temperature [ITS-90, deg C]
# name 27 = gsw_densityA0: density, TEOS-10 [density, kg/m^3]
# name 28 = gsw_saA0: Absolute Salinity [g/kg]
# name 29 = flag:
# span 0 =       3868,      21703       
# span 1 = 313.593867, 313.602468       
# span 2 =  -62.14486,  -62.14246       
# span 3 =  -58.44364,  -58.44086       
# span 4 =     -1.238,      1.231       
# span 5 =      -0.00,    1448.34       
# span 6 =      4.000,    363.000       
# span 7 =      3.977,    359.199       
# span 8 =    -0.8195,    -0.4022       
# span 9 =    -0.8189,    -0.4008       
# span 10 =    -0.0233,     0.0123      
# span 11 =    -0.8237,    -0.4146      
# span 12 =    -0.8231,    -0.4132      
# span 13 =    -0.0233,     0.0122      
# span 14 =   2.789281,   2.841631      
# span 15 =   2.789258,   2.841662      
# span 16 =  -0.002063,   0.001122      
# span 17 =    34.2734,    34.4113      
# span 18 =    34.2724,    34.4100      
# span 19 =     6.5537,     7.6764      
# span 20 =    27.5453,    27.6514      
# span 21 =    27.5441,    27.6504      
# span 22 =    34.2737,    34.4114      
# span 23 =    27.5453,    27.6529      
# span 24 =    1445.69,    1452.38      
# span 25 =    1445.68,    1452.36      
# span 26 =    -0.8236,    -0.4144      
# span 27 =  1027.5694,  1029.3836      
# span 28 =    34.4359,    34.5795      
# span 29 = 0.0000e+00, 0.0000e+00      
# interval = decibars: 1                
# start_time = Nov 09 2023 14:12:29 [NMEA time, header]
# bad_flag = -9.990e-29
*END*
[from data line 532]
      17412 313.600399  -62.14434  -58.44202     -1.029    1448.33    190.000    188.091    -0.7476    -0.7468     0.0008    -0.7533    -0.7525     0.0008   2.798136   2.798135 7.9518e-07    34.3199    34.3189     7.3351    27.5923    27.5915    34.3197    27.5922    1447.85    1447.85    -0.7531  1028.5065    34.4869 0.0000e+00
      17436 313.600410  -62.14434  -58.44202     -1.008    1448.33    189.000    187.101    -0.7476    -0.7469     0.0007    -0.7532    -0.7525     0.0007   2.798084   2.798071  -0.000011    34.3197    34.3187     7.3416    27.5922    27.5914    34.3196    27.5921    1447.83    1447.83    -0.7531  1028.5016    34.4867 0.0000e+00
      17458 313.600421  -62.14436  -58.44202     -1.056    1448.33    188.000    186.111    -0.7476    -0.7468     0.0008    -0.7532    -0.7525     0.0008   2.798030   2.798026  -0.000005    34.3196    34.3187     7.3426    27.5922    27.5913    34.3194    27.5920    1447.81    1447.81    -0.7531  1028.4968    34.4866 0.0000e+00
      17478 313.600431  -62.14436  -58.44200     -1.120    1448.33    187.000    185.122    -0.7477    -0.7469     0.0008    -0.7532    -0.7525     0.0008   2.797981   2.797959  -0.000015    34.3195    34.3184     7.3537    27.5921    27.5911    34.3194    27.5920    1447.80    1447.80    -0.7531  1028.4920    34.4866 0.0000e+00
      17499 313.600441  -62.14436  -58.44200     -1.169    1448.33    186.000    184.133    -0.7476    -0.7470     0.0007    -0.7532    -0.7526     0.0007   2.797918   2.797903  -0.000020    34.3194    34.3184     7.3486    27.5920    27.5911    34.3192    27.5918    1447.78    1447.78    -0.7530  1028.4870    34.4864 0.0000e+00
      17519 313.600450  -62.14436  -58.44200     -1.188    1448.33    185.000    183.143    -0.7479    -0.7471     0.0008    -0.7534    -0.7526     0.0008   2.797857   2.797843  -0.000008    34.3193    34.3183     7.3430    27.5919    27.5910    34.3192    27.5918    1447.76    1447.76    -0.7533  1028.4823    34.4864 0.0000e+00
      17541 313.600461  -62.14436  -58.44200     -1.152    1448.33    184.000    182.153    -0.7479    -0.7471     0.0008    -0.7534    -0.7526     0.0008   2.797807   2.797790  -0.000022    34.3194    34.3182     7.3439    27.5919    27.5910    34.3192    27.5918    1447.75    1447.75    -0.7532  1028.4775    34.4864 0.0000e+00
      17564 313.600472  -62.14436  -58.44199     -1.071    1448.33    183.000    181.164    -0.7480    -0.7471     0.0009    -0.7535    -0.7526     0.0009   2.797757   2.797747  -0.000007    34.3193    34.3183     7.3430    27.5919    27.5910    34.3193    27.5919    1447.73    1447.73    -0.7533  1028.4728    34.4864 0.0000e+00
      17588 313.600484  -62.14437  -58.44198     -1.011    1448.33    182.000    180.174    -0.7481    -0.7471     0.0010    -0.7535    -0.7526     0.0010   2.797691   2.797692 5.4682e-07    34.3193    34.3182     7.3540    27.5919    27.5909    34.3191    27.5917    1447.71    1447.71    -0.7534  1028.4679    34.4863 0.0000e+00
      17612 313.600495  -62.14438  -58.44198     -0.991    1448.33    181.000    179.185    -0.7481    -0.7473     0.0009    -0.7535    -0.7527     0.0009   2.797645   2.797639  -0.000004    34.3192    34.3182     7.3528    27.5919    27.5910    34.3191    27.5918    1447.69    1447.70    -0.7534  1028.4631    34.4863 0.0000e+00
      17636 313.600507  -62.14438  -58.44198     -0.998    1448.33    180.000    178.195    -0.7482    -0.7474     0.0008    -0.7536    -0.7527     0.0008   2.797585   2.797579  -0.000007    34.3192    34.3181     7.3502    27.5918    27.5909    34.3190    27.5917    1447.68    1447.68    -0.7534  1028.4582    34.4862 0.0000e+00
      17658 313.600518  -62.14438  -58.44197     -1.038    1448.33    179.000    177.206    -0.7482    -0.7474     0.0009    -0.7536    -0.7527     0.0009   2.797492   2.797499   0.000007    34.3186    34.3177     7.3540    27.5913    27.5905    34.3184    27.5912    1447.66    1447.66    -0.7534  1028.4530    34.4855 0.0000e+00
      17679 313.600528  -62.14438  -58.44196     -1.110    1448.33    178.000    176.216    -0.7483    -0.7475     0.0008    -0.7536    -0.7528     0.0008   2.797410   2.797419   0.000008    34.3182    34.3173     7.3536    27.5910    27.5903    34.3180    27.5909    1447.64    1447.65    -0.7535  1028.4479    34.4852 0.0000e+00
      17698 313.600537  -62.14438  -58.44196     -1.190    1448.33    177.000    175.227    -0.7485    -0.7476     0.0008    -0.7538    -0.7529     0.0008   2.797289   2.797277  -0.000013    34.3174    34.3163     7.3614    27.5904    27.5894    34.3172    27.5902    1447.63    1447.63    -0.7536  1028.4425    34.4843 0.0000e+00
      17718 313.600546  -62.14440  -58.44194     -1.238    1448.33    176.000    174.237    -0.7488    -0.7480     0.0007    -0.7540    -0.7533     0.0007   2.797175   2.797127  -0.000041    34.3167    34.3154     7.3607    27.5898    27.5887    34.3166    27.5897    1447.61    1447.61    -0.7539  1028.4372    34.4837 0.0000e+00
      17738 313.600556  -62.14440  -58.44194     -1.221    1448.33    175.000    173.247    -0.7489    -0.7484     0.0005    -0.7541    -0.7536     0.0005   2.797101   2.797031  -0.000071    34.3165    34.3150     7.3561    27.5897    27.5884    34.3163    27.5895    1447.59    1447.59    -0.7540  1028.4322    34.4835 0.0000e+00
      17761 313.600567  -62.14440  -58.44194     -1.125    1448.33    174.000    172.258    -0.7494    -0.7485     0.0009    -0.7545    -0.7537     0.0009   2.796985   2.796971  -0.000013    34.3160    34.3149     7.3606    27.5893    27.5883    34.3159    27.5892    1447.57    1447.57    -0.7544  1028.4271    34.4830 0.0000e+00
      17786 313.600579  -62.14440  -58.44194     -1.000    1448.33    173.000    171.268    -0.7499    -0.7488     0.0011    -0.7551    -0.7540     0.0011   2.796862   2.796893   0.000026    34.3157    34.3148     7.3691    27.5891    27.5883    34.3155    27.5889    1447.55    1447.56    -0.7549  1028.4221    34.4826 0.0000e+00
      17810 313.600591  -62.14440  -58.44194     -0.960    1448.33    172.000    170.279    -0.7504    -0.7494     0.0010    -0.7555    -0.7545     0.0010   2.796742   2.796773   0.000024    34.3153    34.3144     7.3759    27.5887    27.5880    34.3151    27.5885    1447.53    1447.54    -0.7554  1028.4169    34.4821 0.0000e+00
      17833 313.600602  -62.14440  -58.44192     -1.015    1448.33    171.000    169.289    -0.7525    -0.7506     0.0018    -0.7575    -0.7557     0.0018   2.796462   2.796582   0.000112    34.3147    34.3141     7.3827    27.5883    27.5878    34.3142    27.5880    1447.51    1447.51    -0.7574  1028.4116    34.4813 0.0000e+00
      17853 313.600612  -62.14440  -58.44192     -1.105    1448.33    170.000    168.300    -0.7582    -0.7565     0.0017    -0.7633    -0.7616     0.0017   2.795829   2.795966   0.000139    34.3140    34.3140     7.3762    27.5881    27.5879    34.3128    27.5871    1447.46    1447.47    -0.7631  1028.4059    34.4799 0.0000e+00
      17874 313.600622  -62.14440  -58.44192     -1.164    1448.33    169.000    167.310    -0.7652    -0.7628     0.0024    -0.7702    -0.7678     0.0024   2.795213   2.795349   0.000138    34.3140    34.3131     7.3763    27.5883    27.5875    34.3131    27.5875    1447.41    1447.42    -0.7701  1028.4017    34.4801 0.0000e+00
      17895 313.600632  -62.14441  -58.44191     -1.151    1448.33    168.000    166.321    -0.7670    -0.7669     0.0001    -0.7720    -0.7719     0.0001   2.795018   2.794960  -0.000068    34.3138    34.3127     7.3798    27.5882    27.5873    34.3131    27.5876    1447.39    1447.39    -0.7718  1028.3970    34.4801 0.0000e+00
      17918 313.600643  -62.14442  -58.44190     -1.089    1448.33    167.000    165.331    -0.7714    -0.7663     0.0051    -0.7763    -0.7712     0.0051   2.794554   2.794916   0.000362    34.3134    34.3125     7.3879    27.5881    27.5871    34.3123    27.5872    1447.35    1447.37    -0.7762  1028.3918    34.4794 0.0000e+00
      17941 313.600654  -62.14442  -58.44190     -1.056    1448.33    166.000    164.341    -0.7729    -0.7704     0.0025    -0.7778    -0.7753     0.0025   2.794385   2.794539   0.000147    34.3131    34.3122     7.4047    27.5878    27.5871    34.3124    27.5873    1447.33    1447.34    -0.7777  1028.3872    34.4794 0.0000e+00
      17963 313.600664  -62.14442  -58.44190     -1.076    1448.33    165.000    163.352    -0.7734    -0.7711     0.0023    -0.7783    -0.7759     0.0023   2.794288   2.794408   0.000135    34.3129    34.3121     7.4077    27.5877    27.5870    34.3123    27.5872    1447.31    1447.32    -0.7781  1028.3823    34.4793 0.0000e+00
      17984 313.600674  -62.14442  -58.44188     -1.119    1448.33    164.000    162.362    -0.7739    -0.7729     0.0010    -0.7787    -0.7777     0.0010   2.794194   2.794205   0.000011    34.3128    34.3117     7.4039    27.5877    27.5868    34.3122    27.5872    1447.29    1447.29    -0.7786  1028.3775    34.4792 0.0000e+00
      18005 313.600685  -62.14442  -58.44188     -1.142    1448.33    163.000    161.372    -0.7749    -0.7731     0.0017    -0.7797    -0.7779     0.0017   2.794022   2.794143   0.000093    34.3124    34.3117     7.4031    27.5874    27.5868    34.3116    27.5867    1447.27    1447.27    -0.7796  1028.3723    34.4786 0.0000e+00
      18026 313.600695  -62.14444  -58.44188     -1.126    1448.33    162.000    160.383    -0.7780    -0.7744     0.0036    -0.7828    -0.7792     0.0036   2.793732   2.793969   0.000247    34.3125    34.3118     7.4016    27.5876    27.5869    34.3118    27.5870    1447.24    1447.25    -0.7826  1028.3678    34.4788 0.0000e+00
      18049 313.600706  -62.14444  -58.44186     -1.086    1448.33    161.000    159.393    -0.7779    -0.7764     0.0016    -0.7827    -0.7811     0.0016   2.793699   2.793756   0.000059    34.3124    34.3115     7.4047    27.5875    27.5867    34.3119    27.5871    1447.22    1447.23    -0.7825  1028.3631    34.4789 0.0000e+00
      18072 313.600717  -62.14444  -58.44186     -1.050    1448.33    160.000    158.403    -0.7817    -0.7771     0.0047    -0.7864    -0.7818     0.0047   2.793279   2.793640   0.000325    34.3123    34.3114     7.4064    27.5876    27.5867    34.3112    27.5867    1447.19    1447.21    -0.7863  1028.3579    34.4782 0.0000e+00
      18095 313.600728  -62.14444  -58.44186     -1.037    1448.33    159.000    157.414    -0.7911    -0.7843     0.0068    -0.7958    -0.7890     0.0068   2.792390   2.792913   0.000514    34.3122    34.3115     7.4106    27.5879    27.5870    34.3104    27.5865    1447.12    1447.16    -0.7956  1028.3530    34.4774 0.0000e+00
      18118 313.600739  -62.14444  -58.44186     -1.035    1448.33    158.000    156.424    -0.7935    -0.7910     0.0025    -0.7981    -0.7956     0.0025   2.792220   2.792337   0.000142    34.3117    34.3108     7.4142    27.5876    27.5868    34.3114    27.5873    1447.10    1447.11    -0.7980  1028.3490    34.4784 0.0000e+00
      18141 313.600750  -62.14444  -58.44185     -1.053    1448.33    157.000    155.435    -0.7904    -0.7882     0.0023    -0.7950    -0.7928     0.0023   2.792403   2.792520   0.000136    34.3115    34.3107     7.4121    27.5873    27.5866    34.3110    27.5869    1447.10    1447.10    -0.7949  1028.3439    34.4780 0.0000e+00
      18163 313.600761  -62.14444  -58.44184     -1.083    1448.33    156.000    154.445    -0.7906    -0.7899     0.0007    -0.7951    -0.7945     0.0007   2.792329   2.792328  -0.000003    34.3115    34.3107     7.4190    27.5873    27.5866    34.3108    27.5868    1447.08    1447.08    -0.7950  1028.3389    34.4778 0.0000e+00
      18184 313.600771  -62.14445  -58.44184     -1.104    1448.33    155.000    153.455    -0.7920    -0.7908     0.0012    -0.7966    -0.7953     0.0012   2.792131   2.792182   0.000040    34.3114    34.3106     7.4336    27.5873    27.5865    34.3104    27.5865    1447.05    1447.06    -0.7964  1028.3338    34.4774 0.0000e+00
      18206 313.600782  -62.14446  -58.44183     -1.108    1448.33    154.000    152.465    -0.8008    -0.7937     0.0071    -0.8053    -0.7982     0.0071   2.791300   2.791881   0.000544    34.3111    34.3104     7.4300    27.5874    27.5865    34.3097    27.5863    1447.00    1447.03    -0.8051  1028.3289    34.4766 0.0000e+00
      18228 313.600792  -62.14446  -58.44182     -1.094    1448.33    153.000    151.476    -0.8100    -0.7998     0.0102    -0.8145    -0.8043     0.0102   2.790390   2.791282   0.000845    34.3104    34.3103     7.4223    27.5872    27.5867    34.3085    27.5857    1446.94    1446.98    -0.8143  1028.3236    34.4754 0.0000e+00
      18251 313.600803  -62.14446  -58.44182     -1.068    1448.33    152.000    150.486    -0.8102    -0.8063     0.0040    -0.8147    -0.8107     0.0040   2.790336   2.790638   0.000346    34.3096    34.3098     7.4169    27.5866    27.5866    34.3086    27.5858    1446.92    1446.94    -0.8145  1028.3189    34.4756 0.0000e+00
      18274 313.600814  -62.14446  -58.44182     -1.051    1448.33    151.000    149.497    -0.8159    -0.8121     0.0038    -0.8202    -0.8164     0.0038   2.789775   2.790084   0.000324    34.3094    34.3094     7.4259    27.5866    27.5865    34.3081    27.5856    1446.87    1446.89    -0.8201  1028.3139    34.4750 0.0000e+00
      18296 313.600825  -62.14446  -58.44180     -1.071    1448.33    150.000    148.507    -0.8173    -0.8152     0.0021    -0.8216    -0.8196     0.0021   2.789618   2.789748   0.000134    34.3092    34.3086     7.4385    27.5865    27.5859    34.3082    27.5857    1446.85    1446.86    -0.8215  1028.3093    34.4751 0.0000e+00
      18317 313.600835  -62.14446  -58.44180     -1.110    1448.33    149.000    147.517    -0.8181    -0.8157     0.0024    -0.8224    -0.8200     0.0024   2.789520   2.789655   0.000143    34.3091    34.3084     7.4476    27.5865    27.5858    34.3083    27.5858    1446.83    1446.84    -0.8223  1028.3047    34.4752 0.0000e+00
      18338 313.600845  -62.14448  -58.44180     -1.127    1448.33    148.000    146.527    -0.8192    -0.8172     0.0020    -0.8234    -0.8215     0.0020   2.789337   2.789452   0.000126    34.3087    34.3081     7.4481    27.5861    27.5856    34.3077    27.5854    1446.81    1446.82    -0.8233  1028.2994    34.4746 0.0000e+00
      18360 313.600856  -62.14448  -58.44179     -1.117    1448.33    147.000    145.538    -0.8195    -0.8189     0.0006    -0.8237    -0.8231     0.0006   2.789281   2.789258  -0.000017    34.3087    34.3077     7.4550    27.5862    27.5854    34.3080    27.5856    1446.79    1446.79    -0.8236  1028.2949    34.4748 0.0000e+00
      18383 313.600867  -62.14448  -58.44178     -1.083    1448.33    146.000    144.548    -0.8169    -0.8176    -0.0007    -0.8211    -0.8218    -0.0007   2.789414   2.789318  -0.000067    34.3075    34.3073     7.4528    27.5851    27.5850    34.3074    27.5850    1446.79    1446.78    -0.8210  1028.2895    34.4743 0.0000e+00
      18407 313.600879  -62.14448  -58.44178     -1.029    1448.33    145.000    143.558    -0.8100    -0.8136    -0.0036    -0.8142    -0.8178    -0.0036   2.789855   2.789527  -0.000311    34.3060    34.3059     7.4571    27.5836    27.5837    34.3061    27.5837    1446.80    1446.78    -0.8141  1028.2834    34.4730 0.0000e+00
      18430 313.600890  -62.14448  -58.44177     -1.001    1448.33    144.000    142.569    -0.8080    -0.8090    -0.0010    -0.8121    -0.8131    -0.0010   2.789917   2.789793  -0.000133    34.3055    34.3049     7.4601    27.5832    27.5827    34.3053    27.5830    1446.79    1446.79    -0.8120  1028.2778    34.4722 0.0000e+00
      18453 313.600901  -62.14448  -58.44176     -1.034    1448.33    143.000    141.579    -0.8073    -0.8084    -0.0011    -0.8114    -0.8126    -0.0011   2.789958   2.789786  -0.000154    34.3056    34.3048     7.4712    27.5832    27.5826    34.3057    27.5833    1446.78    1446.78    -0.8113  1028.2734    34.4726 0.0000e+00
