Pos-Processados/process_op42/operantar42_009.cnv
* Sea-Bird SBE 9 Data File:
* FileName = C:\Users\Hidrografia\Desktop\OPXLII\Brutos\OP42009.hdr
* Software Version Seasave V 7.26.7.107
* Temperature SN = 6502
* Conductivity SN = 4998
* Number of Bytes Per Scan = 31
* Number of Voltage Words = 2
* Number of Scans Averaged by the Deck Unit = 1
* NMEA Latitude = 43 19.24 S
* NMEA Longitude = 055 32.42 W
* NMEA UTC (Time) = Oct 18 2023 16:32:08
* NMEA baud rate = 4800
** H41
** NPOALTEMAXIMIANO
** NUMERO DA ESTACAO (XXX) 009
** LAT (XX XX.XX S/N) 43 19.058 S
** LONG (XXX XX.XX W/E) 055 32.32 W
** DATAHORA (dd/mm/aaaa hh:mm Z) 18/10/2023 1631Z
** PROFUNDIDADE (m) 5145
** OPERADOR CT FABIREZA
# nquan = 30
# nvalues = 2021                        
# units = specified
# name 0 = scan: Scan Count
# name 1 = timeJ: Julian Days
# name 2 = latitude: Latitude [deg]
# name 3 = longitude: Longitude [deg]
# name 4 = dz/dtM: Descent Rate [m/s]
# name 5 = avgsvCM: Average Sound Velocity [Chen-Millero, m/s]
# name 6 = prDM: Pressure, Digiquartz [db]
# name 7 = depSM: Depth [salt water, m]
# name 8 = t090C: Temperature [ITS-90, deg C]
# name 9 = t190C: Temperature, 2 [ITS-90, deg C]
# name 10 = T2-T190C: Temperature Difference, 2 - 1 [ITS-90, deg C]
# name 11 = potemp090C: Potential Temperature [ITS-90, deg C]
# name 12 = potemp190C: Potential Temperature, 2 [ITS-90, deg C]
# name 13 = potemp90Cdiff: Potential Temperature, Diff, 2 - 1 [ITS-90, deg C]
# name 14 = c0S/m: Conductivity [S/m]
# name 15 = c1S/m: Conductivity, 2 [S/m]
# name 16 = C2-C1S/m: Conductivity Difference, 2 - 1 [S/m]
# name 17 = sal00: Salinity, Practical [PSU]
# name 18 = sal11: Salinity, Practical, 2 [PSU]
# name 19 = sbeox0ML/L: Oxygen, SBE 43 [ml/l]
# name 20 = sigma-é00: Density [sigma-theta, kg/m^3]
# name 21 = sigma-é11: Density, 2 [sigma-theta, kg/m^3]
# name 22 = sal00: Salinity, Practical [PSU]
# name 23 = sigma-é00: Density [sigma-theta, kg/m^3]
# name 24 = svCM: Sound Velocity [Chen-Millero, m/s]
# name 25 = svCM1: Sound Velocity, 2 [Chen-Millero, m/s]
# name 26 = gsw_ptA0: potential temperature [ITS-90, deg C]
# name 27 = gsw_densityA0: density, TEOS-10 [density, kg/m^3]
# name 28 = gsw_saA0: Absolute Salinity [g/kg]
# name 29 = flag:
# span 0 =       2274,      68815       
# span 1 = 291.690078, 291.722167       
# span 2 =  -43.32958,  -43.32119       
# span 3 =  -55.54540,  -55.54074       
# span 4 =   -257.411,    275.082       
# span 5 =       0.00,    1500.22       
# span 6 =      2.000,   1012.000       
# span 7 =      1.989,   1001.497       
# span 8 =     3.1007,    13.1660       
# span 9 =     3.1013,    13.1630       
# span 10 =    -0.1181,     0.1207      
# span 11 =     3.0314,    13.1655      
# span 12 =     3.0321,    13.1625      
# span 13 =    -0.1179,     0.1205      
# span 14 =   3.155640,   4.134666      
# span 15 =   3.155688,   4.692073      
# span 16 =  -0.012196,   0.011498      
# span 17 =    34.1311,    35.2398      
# span 18 =    34.1298,    35.2405      
# span 19 =     4.5626,     6.2250      
# span 20 =    26.5205,    27.3461      
# span 21 =    26.5217,    27.3458      
# span 22 =    34.1317,    38.0663      
# span 23 =    26.5215,    29.4243      
# span 24 =    1474.89,    1501.04      
# span 25 =    1474.90,    1506.99      
# span 26 =     3.0313,    13.1655      
# span 27 =  1026.5351,  1032.0327      
# span 28 =    34.2948,    38.2462      
# span 29 = 0.0000e+00, 0.0000e+00      
# interval = decibars: 1                
# start_time = Oct 18 2023 16:32:08 [NMEA time, header]
# bad_flag = -9.990e-29
*END*
[from data line 1741]
      53378 291.714723  -43.32912  -55.54534     -0.568    1481.75    281.000    278.572     8.2321     8.2427     0.0107     8.2032     8.2138     0.0107   3.613535   3.614762   0.001167    34.5424    34.5443     5.3829    26.8839    26.8838    34.5526    26.8919    1487.41    1487.46     8.2031  1028.1686    34.7165 0.0000e+00
      53409 291.714738  -43.32912  -55.54534     -0.712    1481.75    280.000    277.582     8.2586     8.2726     0.0139     8.2298     8.2437     0.0139   3.616670   3.617971   0.001032    34.5501    34.5474     5.3851    26.8859    26.8816    34.5604    26.8939    1487.51    1487.56     8.2297  1028.1660    34.7243 0.0000e+00
      53435 291.714750  -43.32912  -55.54534     -0.891    1481.75    279.000    276.591     8.3066     8.3282     0.0216     8.2777     8.2993     0.0216   3.621891   3.623389   0.001749    34.5576    34.5550     5.3863    26.8845    26.8792    34.5693    26.8937    1487.68    1487.76     8.2777  1028.1609    34.7332 0.0000e+00
      53461 291.714763  -43.32912  -55.54534     -0.937    1481.75    278.000    275.600     8.3342     8.3447     0.0105     8.3054     8.3159     0.0105   3.624685   3.625384   0.000855    34.5609    34.5597     5.3879    26.8829    26.8803    34.5723    26.8918    1487.77    1487.81     8.3053  1028.1544    34.7363 0.0000e+00
      53490 291.714777  -43.32912  -55.54534     -0.858    1481.75    277.000    274.610     8.3664     8.3621    -0.0043     8.3376     8.3334    -0.0042   3.627878   3.627142  -0.000742    34.5660    34.5622     5.3920    26.8819    26.8797    34.5751    26.8891    1487.88    1487.86     8.3376  1028.1470    34.7391 0.0000e+00
      53523 291.714793  -43.32912  -55.54534     -0.734    1481.75    276.000    273.619     8.3833     8.3871     0.0039     8.3546     8.3585     0.0039   3.629422   3.629574   0.000178    34.5680    34.5661     5.3957    26.8809    26.8788    34.5754    26.8867    1487.93    1487.94     8.3545  1028.1399    34.7394 0.0000e+00
      53554 291.714807  -43.32912  -55.54534     -0.767    1481.75    275.000    272.628     8.3928     8.3908    -0.0020     8.3642     8.3622    -0.0020   3.630325   3.629927  -0.000379    34.5699    34.5679     5.3917    26.8810    26.8797    34.5762    26.8858    1487.95    1487.94     8.3641  1028.1345    34.7402 0.0000e+00
      53582 291.714821  -43.32912  -55.54534     -0.834    1481.75    274.000    271.638     8.3999     8.4008     0.0009     8.3714     8.3723     0.0009   3.631018   3.630864  -0.000158    34.5717    34.5691     5.3921    26.8813    26.8791    34.5770    26.8854    1487.96    1487.96     8.3713  1028.1295    34.7410 0.0000e+00
      53613 291.714836  -43.32914  -55.54534     -0.800    1481.75    273.000    270.647     8.4031     8.4034     0.0003     8.3747     8.3750     0.0003   3.631147   3.631015  -0.000127    34.5712    34.5696     5.3926    26.8804    26.8790    34.5757    26.8839    1487.95    1487.95     8.3746  1028.1234    34.7397 0.0000e+00
      53641 291.714849  -43.32914  -55.54534     -0.808    1481.75    272.000    269.656     8.4080     8.4074    -0.0006     8.3796     8.3791    -0.0006   3.631558   3.631420  -0.000180    34.5715    34.5701     5.3916    26.8798    26.8788    34.5758    26.8832    1487.96    1487.95     8.3796  1028.1182    34.7398 0.0000e+00
      53667 291.714862  -43.32914  -55.54534     -0.917    1481.75    271.000    268.665     8.4275     8.4377     0.0102     8.3992     8.4094     0.0102   3.634162   3.634703   0.000530    34.5779    34.5735     5.3918    26.8818    26.8768    34.5847    26.8872    1488.02    1488.06     8.3992  1028.1175    34.7488 0.0000e+00
      53693 291.714875  -43.32914  -55.54535     -0.904    1481.75    270.000    267.674     8.4643     8.4760     0.0117     8.4361     8.4477     0.0117   3.637953   3.638715   0.000716    34.5832    34.5794     5.3924    26.8803    26.8755    34.5893    26.8851    1488.15    1488.19     8.4360  1028.1107    34.7533 0.0000e+00
      53718 291.714887  -43.32914  -55.54536     -0.948    1481.75    269.000    266.684     8.5144     8.5319     0.0174     8.4862     8.5036     0.0174   3.644377   3.645130   0.000754    34.5947    34.5856     5.4011    26.8816    26.8718    34.6087    26.8925    1488.34    1488.40     8.4861  1028.1133    34.7728 0.0000e+00
      53744 291.714899  -43.32914  -55.54536     -0.956    1481.75    268.000    265.693     8.6334     8.6123    -0.0212     8.6051     8.5840    -0.0211   3.656206   3.653419  -0.002675    34.6045    34.5969     5.3926    26.8708    26.8682    34.6177    26.8811    1488.78    1488.69     8.6050  1028.0967    34.7818 0.0000e+00
      53772 291.714913  -43.32914  -55.54536     -0.881    1481.75    267.000    264.702     8.7043     8.7004    -0.0039     8.6759     8.6720    -0.0039   3.663326   3.662727  -0.000535    34.6116    34.6098     5.3894    26.8653    26.8645    34.6239    26.8750    1489.04    1489.02     8.6758  1028.0856    34.7881 0.0000e+00
      53802 291.714927  -43.32914  -55.54536     -0.804    1481.75    266.000    263.712     8.7411     8.7337    -0.0074     8.7128     8.7054    -0.0074   3.667212   3.666217  -0.001021    34.6200    34.6165     5.3906    26.8661    26.8645    34.6293    26.8734    1489.16    1489.13     8.7127  1028.0793    34.7935 0.0000e+00
      53829 291.714940  -43.32915  -55.54536     -0.842    1481.75    265.000    262.721     8.7515     8.7508    -0.0006     8.7232     8.7226    -0.0006   3.668358   3.667996  -0.000283    34.6234    34.6211     5.3806    26.8672    26.8654    34.6317    26.8737    1489.19    1489.18     8.7231  1028.0750    34.7960 0.0000e+00
      53853 291.714952  -43.32916  -55.54536     -0.942    1481.75    264.000    261.730     8.7625     8.7507    -0.0117     8.7343     8.7226    -0.0117   3.669657   3.668108  -0.001537    34.6269    34.6222     5.3812    26.8681    26.8663    34.6351    26.8746    1489.22    1489.17     8.7343  1028.0713    34.7993 0.0000e+00
      53876 291.714963  -43.32916  -55.54536     -1.024    1481.75    263.000    260.739     8.7826     8.7912     0.0087     8.7544     8.7631     0.0087   3.671623   3.672470   0.000531    34.6300    34.6271     5.3926    26.8674    26.8638    34.6366    26.8726    1489.28    1489.31     8.7544  1028.0647    34.8009 0.0000e+00
      53901 291.714975  -43.32916  -55.54536     -1.019    1481.75    262.000    259.749     8.8148     8.8356     0.0209     8.7867     8.8075     0.0208   3.675545   3.677128   0.001747    34.6362    34.6342     5.3902    26.8672    26.8623    34.6469    26.8756    1489.39    1489.46     8.7867  1028.0630    34.8112 0.0000e+00
      53929 291.714988  -43.32916  -55.54536     -0.917    1481.75    261.000    258.757     8.8706     8.8763     0.0056     8.8426     8.8482     0.0056   3.680847   3.681926   0.001018    34.6363    34.6415     5.3872    26.8585    26.8616    34.6485    26.8680    1489.58    1489.61     8.8425  1028.0505    34.8128 0.0000e+00
      53963 291.715005  -43.32916  -55.54536     -0.721    1481.75    260.000    257.767     8.9528     8.9524    -0.0005     8.9247     8.9242    -0.0005   3.689761   3.689665  -0.000062    34.6536    34.6534     5.3936    26.8589    26.8589    34.6623    26.8657    1489.89    1489.89     8.9246  1028.0433    34.8266 0.0000e+00
      53997 291.715021  -43.32916  -55.54536     -0.683    1481.75    259.000    256.776     8.9510     8.9518     0.0009     8.9229     8.9238     0.0009   3.689474   3.689375  -0.000021    34.6556    34.6545     5.3945    26.8607    26.8598    34.6616    26.8654    1489.86    1489.86     8.9229  1028.0386    34.8259 0.0000e+00
      54023 291.715034  -43.32916  -55.54536     -0.835    1481.75    258.000    255.785     8.9478     8.9403    -0.0076     8.9199     8.9123    -0.0076   3.688895   3.687997  -0.000880    34.6545    34.6526     5.3952    26.8604    26.8601    34.6591    26.8640    1489.83    1489.80     8.9199  1028.0326    34.8234 0.0000e+00
      54045 291.715045  -43.32916  -55.54536     -1.001    1481.75    257.000    254.795     8.9498     8.9565     0.0067     8.9220     8.9287     0.0067   3.689303   3.689756   0.000301    34.6559    34.6525     5.3969    26.8612    26.8574    34.6619    26.8659    1489.83    1489.85     8.9219  1028.0300    34.8262 0.0000e+00
      54068 291.715055  -43.32916  -55.54536     -1.084    1481.75    256.000    253.804     8.9664     8.9761     0.0097     8.9387     8.9484     0.0097   3.690902   3.691702   0.000759    34.6575    34.6560     5.3965    26.8597    26.8570    34.6629    26.8639    1489.87    1489.91     8.9387  1028.0232    34.8269 0.0000e+00
      54092 291.715067 -9.990e-29  -55.54536     -1.046    1481.75    255.000    252.813     8.9855     8.9939     0.0084     8.9578     8.9662     0.0084   3.693273   3.693835   0.000565    34.6611    34.6588     5.3958    26.8595    26.8564    34.6696    26.8661    1489.93    1489.96     8.9578  1028.0206    34.8334 0.0000e+00
      54120 291.715081 -9.990e-29  -55.54537     -0.902    1481.75    254.000    251.822     9.0551     9.0817     0.0266     9.0274     9.0540     0.0265   3.700188   3.703361   0.002936    34.6659    34.6706     5.3951    26.8521    26.8515    34.6746    26.8589    1490.18    1490.29     9.0274  1028.0084    34.8384 0.0000e+00
      54152 291.715096  -43.32918  -55.54536     -0.776    1481.75    253.000    250.831     9.1441     9.1441     0.0001     9.1164     9.1164     0.0001   3.709727   3.710450   0.000796    34.6752    34.6834     5.3977    26.8451    26.8515    34.6880    26.8551    1490.51    1490.52     9.1163  1027.9997    34.8520 0.0000e+00
      54182 291.715111  -43.32918  -55.54536     -0.770    1481.75    252.000    249.840     9.1920     9.1993     0.0074     9.1642     9.1716     0.0074   3.715833   3.716001   0.000557    34.6950    34.6936     5.4005    26.8528    26.8506    34.7055    26.8611    1490.69    1490.71     9.1642  1028.0013    34.8701 0.0000e+00
      54212 291.715125  -43.32918  -55.54536     -0.801    1481.75    251.000    248.850     9.2195     9.2083    -0.0112     9.1918     9.1806    -0.0112   3.718756   3.717326  -0.001536    34.7020    34.6969     5.4163    26.8539    26.8517    34.7097    26.8599    1490.78    1490.73     9.1918  1027.9954    34.8743 0.0000e+00
      54241 291.715139  -43.32918  -55.54537     -0.823    1481.75    250.000    247.859     9.2298     9.2275    -0.0024     9.2022     9.1999    -0.0024   3.719564   3.719051  -0.000458    34.7031    34.7006     5.4213    26.8530    26.8514    34.7085    26.8573    1490.80    1490.79     9.2022  1027.9883    34.8731 0.0000e+00
      54267 291.715151  -43.32918  -55.54538     -0.883    1481.75    249.000    246.867     9.2126     9.2072    -0.0055     9.1852     9.1798    -0.0055   3.717113   3.716509  -0.000583    34.6982    34.6974     5.4194    26.8519    26.8522    34.7002    26.8535    1490.71    1490.69     9.1852  1027.9801    34.8647 0.0000e+00
      54289 291.715162  -43.32918  -55.54538     -1.005    1481.75    248.000    245.877     9.1966     9.1949    -0.0016     9.1693     9.1676    -0.0016   3.715410   3.715076  -0.000454    34.6946    34.6914     5.4132    26.8517    26.8495    34.6985    26.8548    1490.63    1490.62     9.1692  1027.9770    34.8630 0.0000e+00
      54309 291.715172  -43.32918  -55.54538     -1.120    1481.75    247.000    244.886     9.2057     9.2129     0.0072     9.1785     9.1856     0.0071   3.716281   3.716704   0.000467    34.6951    34.6930     5.4137    26.8506    26.8478    34.6992    26.8538    1490.65    1490.67     9.1784  1027.9715    34.8637 0.0000e+00
      54330 291.715182  -43.32918  -55.54538     -1.172    1481.75    246.000    243.895     9.2259     9.2292     0.0032     9.1988     9.2020     0.0032   3.718901   3.718731  -0.000264    34.6990    34.6932     5.4224    26.8504    26.8453    34.7072    26.8568    1490.72    1490.72     9.1988  1027.9698    34.8718 0.0000e+00
      54352 291.715193  -43.32918  -55.54538     -1.123    1481.75    245.000    242.905     9.2567     9.2779     0.0212     9.2297     9.2508     0.0211   3.722022   3.723673   0.001571    34.7047    34.7005     5.4304    26.8498    26.8431    34.7103    26.8541    1490.82    1490.89     9.2296  1027.9625    34.8748 0.0000e+00
      54382 291.715207  -43.32918  -55.54538     -0.897    1481.75    244.000    241.914     9.2972     9.2949    -0.0023     9.2702     9.2679    -0.0023   3.725730   3.725610  -0.000080    34.7036    34.7050     5.4387    26.8423    26.8438    34.7100    26.8473    1490.95    1490.94     9.2701  1027.9510    34.8745 0.0000e+00
      54419 291.715225  -43.32920  -55.54538     -0.649    1481.75    243.000    240.923     9.3324     9.3367     0.0043     9.3054     9.3097     0.0043   3.729676   3.730027   0.000406    34.7120    34.7121     5.4513    26.8432    26.8425    34.7173    26.8473    1491.07    1491.08     9.3054  1027.9462    34.8818 0.0000e+00
      54449 291.715239  -43.32920  -55.54538     -0.740    1481.75    242.000    239.932     9.3294     9.3186    -0.0108     9.3025     9.2918    -0.0108   3.728913   3.727667  -0.000912    34.7109    34.7119     5.4572    26.8427    26.8453    34.7127    26.8442    1491.04    1490.99     9.3025  1027.9387    34.8773 0.0000e+00
      54474 291.715251  -43.32920  -55.54538     -0.895    1481.75    241.000    238.941     9.2580     9.2039    -0.0541     9.2314     9.1773    -0.0540   3.718885   3.713992  -0.004900    34.6921    34.6937     5.4645    26.8397    26.8497    34.6783    26.8288    1490.72    1490.52     9.2313  1027.9193    34.8427 0.0000e+00
      54498 291.715263  -43.32920  -55.54538     -0.995    1481.75    240.000    237.950     9.0326     9.0312    -0.0014     9.0065     9.0051    -0.0014   3.692949   3.694067   0.001310    34.6481    34.6632     5.4865    26.8415    26.8535    34.6273    26.8252    1489.81    1489.82     9.0065  1027.9124    34.7915 0.0000e+00
      54522 291.715274  -43.32920  -55.54538     -1.010    1481.75    239.000    236.959     8.9511     8.8330    -0.1181     8.9252     8.8074    -0.1179   3.684385   3.669950  -0.012196    34.6339    34.6209     5.4701    26.8434    26.8518    34.6175    26.8305    1489.48    1489.00     8.9252  1027.9136    34.7816 0.0000e+00
      54548 291.715287  -43.32920  -55.54538     -0.949    1481.75    238.000    235.968     8.6264     8.6312     0.0048     8.6012     8.6061     0.0048   3.648299   3.649348  -0.000341    34.5876    34.5793     5.4940    26.8581    26.8509    34.5552    26.8327    1488.18    1488.21     8.6012  1027.9129    34.7190 0.0000e+00
      54578 291.715301  -43.32920  -55.54538     -0.841    1481.75    237.000    234.978     8.4685     8.3667    -0.1017     8.4437     8.3422    -0.1015   3.627366   3.618138  -0.009573    34.5223    34.5203     5.4749    26.8313    26.8454    34.4887    26.8049    1487.50    1487.12     8.4437  1027.8816    34.6521 0.0000e+00
      54607 291.715315  -43.32920  -55.54538     -0.815    1481.75    236.000    233.987     8.3449     8.3358    -0.0091     8.3205     8.3115    -0.0091   3.615550   3.614940  -0.000726    34.5033    34.5045     5.4584    26.8353    26.8377    34.4847    26.8208    1487.01    1486.98     8.3204  1027.8935    34.6482 0.0000e+00
      54634 291.715328  -43.32920  -55.54538     -0.862    1481.75    235.000    232.996     8.3303     8.3473     0.0170     8.3060     8.3230     0.0170   3.614038   3.616068   0.001785    34.4989    34.5012     5.4601    26.8341    26.8333    34.4834    26.8220    1486.94    1487.01     8.3060  1027.8902    34.6469 0.0000e+00
