Pos-Processados/process_op42/operantar42_024.cnv
* Sea-Bird SBE 9 Data File:
* FileName = C:\Users\Hidrografia\Desktop\OPXLII\Brutos\OP42024.hdr
* Software Version Seasave V 7.26.7.107
* Temperature SN = 6502
* Conductivity SN = 4998
* Number of Bytes Per Scan = 37
* Number of Voltage Words = 4
* Number of Scans Averaged by the Deck Unit = 1
* NMEA Latitude = 62 12.92 S
* NMEA Longitude = 058 19.80 W
* NMEA UTC (Time) = Nov 08 2023 11:02:46
* NMEA baud rate = 4800
** H41
** NPOALTEMAXIMIANO
** NUMERO DA ESTACAO (XXX) 024
** LAT (XX XX.XX S/N) 62 12.60 S
** LONG (XXX XX.XX W/E) 058 20.03 W
** DATAHORA (dd/mm/aaaa hh:mm Z) 08/11/2023 1056Z
** PROFUNDIDADE (m) 482
** OPERADOR CT FILIPE LOPES
# nquan = 30
# nvalues = 829                         
# units = specified
# name 0 = scan: Scan Count
# name 1 = timeJ: Julian Days
# name 2 = latitude: Latitude [deg]
# name 3 = longitude: Longitude [deg]
# name 4 = dz/dtM: Descent Rate [m/s]
# name 5 = avgsvCM: Average Sound Velocity [Chen-Millero, m/s]
# name 6 = prDM: Pressure, Digiquartz [db]
# name 7 = depSM: Depth [salt water, m]
# name 8 = t090C: Temperature [ITS-90, deg C]
# name 9 = t190C: Temperature, 2 [ITS-90, deg C]
# name 10 = T2-T190C: Temperature Difference, 2 - 1 [ITS-90, deg C]
# name 11 = potemp090C: Potential Temperature [ITS-90, deg C]
# name 12 = potemp190C: Potential Temperature, 2 [ITS-90, deg C]
# name 13 = potemp90Cdiff: Potential Temperature, Diff, 2 - 1 [ITS-90, deg C]
# name 14 = c0S/m: Conductivity [S/m]
# name 15 = c1S/m: Conductivity, 2 [S/m]
# name 16 = C2-C1S/m: Conductivity Difference, 2 - 1 [S/m]
# name 17 = sal00: Salinity, Practical [PSU]
# name 18 = sal11: Salinity, Practical, 2 [PSU]
# name 19 = sbeox0ML/L: Oxygen, SBE 43 [ml/l]
# name 20 = sigma-é00: Density [sigma-theta, kg/m^3]
# name 21 = sigma-é11: Density, 2 [sigma-theta, kg/m^3]
# name 22 = sal00: Salinity, Practical [PSU]
# name 23 = sigma-é00: Density [sigma-theta, kg/m^3]
# name 24 = svCM: Sound Velocity [Chen-Millero, m/s]
# name 25 = svCM1: Sound Velocity, 2 [Chen-Millero, m/s]
# name 26 = gsw_ptA0: potential temperature [ITS-90, deg C]
# name 27 = gsw_densityA0: density, TEOS-10 [density, kg/m^3]
# name 28 = gsw_saA0: Absolute Salinity [g/kg]
# name 29 = flag:
# span 0 =       2086,      32356       
# span 1 = 312.461260, 312.475858       
# span 2 =  -62.21503,  -62.21082       
# span 3 =  -58.32933,  -58.31820       
# span 4 =     -1.476,      1.227       
# span 5 =       0.00,    1482.81       
# span 6 =      3.000,    417.000       
# span 7 =      2.972,    412.566       
# span 8 =    -0.8445,    -0.3843       
# span 9 =    -0.8436,    -0.3826       
# span 10 =    -0.0097,     0.0142      
# span 11 =    -0.8533,    -0.3989      
# span 12 =    -0.8524,    -0.3973      
# span 13 =    -0.0097,     0.0141      
# span 14 =   2.793522,   2.848573      
# span 15 =   2.793642,   2.848675      
# span 16 =  -0.001018,   0.001392      
# span 17 =    34.2948,    34.4490      
# span 18 =    34.2939,    34.4473      
# span 19 =     6.2954,     7.5474      
# span 20 =    27.5649,    27.6813      
# span 21 =    27.5642,    27.6802      
# span 22 =    34.2951,    34.4494      
# span 23 =    27.5652,    27.6816      
# span 24 =    1445.47,    1453.40      
# span 25 =    1445.47,    1453.41      
# span 26 =    -0.8531,    -0.3987      
# span 27 =  1027.5841,  1029.6705      
# span 28 =    34.4572,    34.6180      
# span 29 = 0.0000e+00, 0.0000e+00      
# interval = decibars: 1                
# start_time = Nov 08 2023 11:02:46 [NMEA time, header]
# bad_flag = -9.990e-29
*END*
       2086 312.461260  -62.21503  -58.32933     -0.059       0.00      3.000      3.023    -0.5868    -0.5851     0.0018    -0.5869    -0.5852     0.0018   2.801247   2.801270   0.000082    34.2948    34.2939     7.5078    27.5649    27.5642    34.2951    27.5652    1445.53    1445.53    -0.5869  1027.5841    34.4606 0.0000e+00
       2217 312.461323  -62.21500  -58.32929      0.483       0.00      4.000      3.984    -0.5886    -0.5890    -0.0003    -0.5888    -0.5891    -0.0003   2.801157   2.801038  -0.000137    34.2954    34.2940     7.5171    27.5656    27.5644    34.2953    27.5655    1445.54    1445.53    -0.5887  1027.5892    34.4608 0.0000e+00
       2338 312.461381  -62.21498  -58.32925      0.454       0.00      5.000      4.954    -0.5909    -0.5897     0.0012    -0.5910    -0.5899     0.0012   2.801013   2.801019   0.000005    34.2954    34.2941     7.5161    27.5657    27.5646    34.2953    27.5656    1445.54    1445.55    -0.5910  1027.5941    34.4608 0.0000e+00
       2430 312.461426  -62.21497  -58.32923      0.317 1.9135e-08      6.000      5.942    -0.5915    -0.5905     0.0010    -0.5917    -0.5906     0.0010   2.801014   2.801012  -0.000004    34.2955    34.2942     7.5305    27.5657    27.5647    34.2954    27.5657    1445.55    1445.56    -0.5917  1027.5990    34.4609 0.0000e+00
       2497 312.461458  -62.21496  -58.32919      0.328       0.10      7.000      6.935    -0.5912    -0.5902     0.0011    -0.5914    -0.5904     0.0011   2.801087   2.801083  -0.000002    34.2954    34.2942     7.5308    27.5657    27.5646    34.2954    27.5657    1445.57    1445.57    -0.5914  1027.6015    34.4581 0.0000e+00
       2527 312.461473 -9.990e-29  -58.32918      0.628       0.00      8.000      7.923    -0.5909    -0.5900     0.0009    -0.5912    -0.5903     0.0009   2.801162   2.801167   0.000002    34.2953    34.2944     7.5296    27.5656    27.5648    34.2955    27.5657    1445.59    1445.59    -0.5911  1027.6056    34.4572 0.0000e+00
       2548 312.461483 -9.990e-29  -58.32916      1.065 3.0787e-29      9.000      8.913    -0.5912    -0.5891     0.0022    -0.5915    -0.5893     0.0022   2.801218   2.801291   0.000063    34.2961    34.2945     7.5249    27.5663    27.5649    34.2960    27.5661    1445.61    1445.61    -0.5915  1027.6108    34.4577 0.0000e+00
       2574 312.461496  -62.21494  -58.32917      1.038 1.3893e-08     10.000      9.904    -0.5921    -0.5905     0.0015    -0.5924    -0.5908     0.0015   2.801177   2.801202   0.000032    34.2957    34.2944     7.5284    27.5660    27.5648    34.2957    27.5660    1445.62    1445.62    -0.5924  1027.6165    34.4588 0.0000e+00
       2610 312.461513  -62.21494  -58.32916      0.703       0.06     11.000     10.894    -0.5929    -0.5909     0.0020    -0.5932    -0.5912     0.0020   2.801167   2.801214   0.000047    34.2962    34.2945     7.5301    27.5664    27.5649    34.2960    27.5662    1445.63    1445.64    -0.5932  1027.6234    34.4614 0.0000e+00
       2646 312.461530  -62.21494  -58.32914      0.615      -0.00     12.000     11.885    -0.5944    -0.5939     0.0005    -0.5948    -0.5942     0.0005   2.801079   2.801033  -0.000055    34.2960    34.2946     7.5412    27.5663    27.5651    34.2959    27.5662    1445.64    1445.64    -0.5948  1027.6282    34.4613 0.0000e+00
       2666 312.461540  -62.21492  -58.32912      0.903 7.2504e-43     13.000     12.875    -0.5956    -0.5938     0.0017    -0.5960    -0.5942     0.0017   2.801035   2.801078   0.000037    34.2962    34.2947     7.5436    27.5665    27.5652    34.2960    27.5663    1445.65    1445.66    -0.5960  1027.6331    34.4614 0.0000e+00
       2685 312.461549  -62.21492  -58.32912      1.189 5.0877e-28     14.000     13.865    -0.5990    -0.5967     0.0023    -0.5994    -0.5971     0.0023   2.800798   2.800884   0.000081    34.2965    34.2951     7.5425    27.5669    27.5656    34.2960    27.5665    1445.65    1445.66    -0.5994  1027.6378    34.4611 0.0000e+00
       2706 312.461559  -62.21492 -9.990e-29      1.227 1.0513e-11     15.000     14.856    -0.5998    -0.5985     0.0013    -0.6002    -0.5989     0.0013   2.800780   2.800795   0.000018    34.2962    34.2950     7.5412    27.5667    27.5656    34.2961    27.5666    1445.66    1445.67    -0.6002  1027.6426    34.4612 0.0000e+00
       2732 312.461572  -62.21492 -9.990e-29      1.030       0.20     16.000     15.846    -0.5998    -0.5987     0.0012    -0.6003    -0.5991     0.0012   2.800808   2.800814   0.000007    34.2960    34.2948     7.5414    27.5665    27.5655    34.2958    27.5664    1445.68    1445.68    -0.6003  1027.6473    34.4611 0.0000e+00
       2763 312.461587  -62.21492 -9.990e-29      0.778      -0.00     17.000     16.836    -0.5996    -0.5984     0.0012    -0.6001    -0.5989     0.0012   2.800868   2.800887   0.000022    34.2959    34.2947     7.5448    27.5664    27.5654    34.2958    27.5663    1445.69    1445.70    -0.6001  1027.6521    34.4611 0.0000e+00
       2790 312.461599  -62.21492  -58.32910      0.869 2.3131e-46     18.000     17.826    -0.6000    -0.5988     0.0012    -0.6005    -0.5993     0.0012   2.800897   2.800898   0.000003    34.2961    34.2948     7.5474    27.5666    27.5655    34.2960    27.5665    1445.71    1445.71    -0.6005  1027.6571    34.4614 0.0000e+00
       2828 312.461618  -62.21491  -58.32909      0.673 2.5268e-12     19.000     18.817    -0.5997    -0.5986     0.0011    -0.6002    -0.5991     0.0011   2.800951   2.800957   0.000010    34.2958    34.2947     7.5454    27.5664    27.5654    34.2957    27.5663    1445.73    1445.73    -0.6002  1027.6617    34.4611 0.0000e+00
       2869 312.461638  -62.21490  -58.32905      0.557     161.41     20.000     19.807    -0.6001    -0.5989     0.0013    -0.6007    -0.5995     0.0013   2.800968   2.800991   0.000020    34.2959    34.2948     7.5373    27.5665    27.5655    34.2958    27.5664    1445.74    1445.75    -0.6007  1027.6666    34.4612 0.0000e+00
       2893 312.461649  -62.21490  -58.32904      0.812    1482.81     21.000     20.797    -0.6006    -0.5996     0.0011    -0.6013    -0.6002     0.0011   2.800999   2.800986  -0.000016    34.2964    34.2950     7.5339    27.5669    27.5657    34.2962    27.5668    1445.75    1445.76    -0.6012  1027.6717    34.4616 0.0000e+00
       2913 312.461659  -62.21490  -58.32904      1.066    1445.74     22.000     21.788    -0.6016    -0.6008     0.0009    -0.6023    -0.6014     0.0009   2.800963   2.800941  -0.000014    34.2964    34.2952     7.5380    27.5669    27.5659    34.2963    27.5668    1445.77    1445.77    -0.6022  1027.6766    34.4616 0.0000e+00
       2933 312.461669  -62.21488  -58.32904      1.203    1445.74     23.000     22.778    -0.6024    -0.6013     0.0011    -0.6030    -0.6019     0.0011   2.800937   2.800951   0.000019    34.2961    34.2951     7.5399    27.5667    27.5659    34.2961    27.5667    1445.78    1445.78    -0.6031  1027.6813    34.4615 0.0000e+00
       2960 312.461682  -62.21490  -58.32902      1.043    1445.74     24.000     23.768    -0.6021    -0.6007     0.0013    -0.6028    -0.6014     0.0013   2.801008   2.801030   0.000017    34.2962    34.2949     7.5259    27.5668    27.5657    34.2961    27.5667    1445.80    1445.80    -0.6028  1027.6860    34.4615 0.0000e+00
       3019 312.461710  -62.21488  -58.32901      0.307    1445.74     25.000     24.759    -0.6018    -0.6004     0.0014    -0.6025    -0.6011     0.0014   2.801056   2.801088   0.000032    34.2959    34.2948     7.5108    27.5666    27.5656    34.2959    27.5665    1445.81    1445.82    -0.6025  1027.6906    34.4612 0.0000e+00
       3057 312.461728  -62.21488  -58.32900      0.598    1445.74     26.000     25.749    -0.6015    -0.6004     0.0011    -0.6023    -0.6011     0.0011   2.801156   2.801162   0.000004    34.2962    34.2950     7.5272    27.5668    27.5657    34.2962    27.5668    1445.83    1445.84    -0.6023  1027.6957    34.4616 0.0000e+00
       3080 312.461739  -62.21486  -58.32898      0.912    1445.74     27.000     26.739    -0.6010    -0.5999     0.0011    -0.6018    -0.6007     0.0011   2.801240   2.801248   0.000019    34.2960    34.2950     7.5224    27.5666    27.5657    34.2962    27.5667    1445.85    1445.86    -0.6018  1027.7004    34.4616 0.0000e+00
       3101 312.461749  -62.21486  -58.32896      1.083    1445.74     28.000     27.729    -0.6007    -0.5996     0.0011    -0.6016    -0.6005     0.0011   2.801315   2.801309  -0.000014    34.2963    34.2949     7.5219    27.5669    27.5656    34.2963    27.5668    1445.87    1445.87    -0.6015  1027.7053    34.4617 0.0000e+00
       3124 312.461761  -62.21486  -58.32896      1.102    1445.74     29.000     28.720    -0.6009    -0.5998     0.0011    -0.6018    -0.6007     0.0011   2.801334   2.801340   0.000006    34.2961    34.2949     7.5163    27.5667    27.5657    34.2961    27.5667    1445.88    1445.89    -0.6017  1027.7100    34.4616 0.0000e+00
       3155 312.461776  -62.21486  -58.32896      0.846    1445.74     30.000     29.710    -0.6013    -0.6003     0.0009    -0.6022    -0.6012     0.0009   2.801354   2.801339  -0.000008    34.2962    34.2950     7.5069    27.5667    27.5657    34.2962    27.5668    1445.90    1445.90    -0.6022  1027.7149    34.4616 0.0000e+00
       3192 312.461794  -62.21486  -58.32896      0.645    1445.74     31.000     30.700    -0.6013    -0.6002     0.0010    -0.6022    -0.6011     0.0010   2.801393   2.801400   0.000007    34.2961    34.2949     7.5036    27.5667    27.5657    34.2961    27.5667    1445.91    1445.92    -0.6022  1027.7196    34.4615 0.0000e+00
       3226 312.461810  -62.21485  -58.32894      0.699    1445.74     32.000     31.690    -0.6010    -0.5998     0.0011    -0.6019    -0.6008     0.0011   2.801476   2.801473  -0.000002    34.2962    34.2949     7.5178    27.5668    27.5657    34.2962    27.5668    1445.93    1445.94    -0.6019  1027.7245    34.4617 0.0000e+00
       3261 312.461827  -62.21484  -58.32892      0.686    1445.74     33.000     32.681    -0.6010    -0.6001     0.0009    -0.6020    -0.6011     0.0009   2.801513   2.801510  -0.000005    34.2961    34.2950     7.5221    27.5667    27.5658    34.2961    27.5667    1445.95    1445.95    -0.6020  1027.7292    34.4616 0.0000e+00
       3293 312.461842  -62.21484  -58.32890      0.729    1445.74     34.000     33.671    -0.6008    -0.5998     0.0010    -0.6018    -0.6008     0.0010   2.801578   2.801579   0.000002    34.2961    34.2950     7.5204    27.5667    27.5658    34.2962    27.5668    1445.96    1445.97    -0.6018  1027.7340    34.4617 0.0000e+00
       3318 312.461854  -62.21484  -58.32888      0.875    1445.74     35.000     34.661    -0.6006    -0.5995     0.0012    -0.6017    -0.6005     0.0012   2.801659   2.801651  -0.000002    34.2963    34.2949     7.5160    27.5668    27.5657    34.2965    27.5670    1445.98    1445.99    -0.6016  1027.7390    34.4620 0.0000e+00
       3340 312.461865  -62.21484  -58.32888      1.022    1445.74     36.000     35.651    -0.6004    -0.5993     0.0011    -0.6015    -0.6004     0.0011   2.801733   2.801704  -0.000032    34.2966    34.2949     7.5169    27.5670    27.5656    34.2966    27.5671    1446.00    1446.00    -0.6015  1027.7439    34.4621 0.0000e+00
       3363 312.461876  -62.21484  -58.32888      1.063    1445.74     37.000     36.641    -0.5999    -0.5989     0.0010    -0.6010    -0.6000     0.0010   2.801796   2.801784  -0.000011    34.2961    34.2948     7.5159    27.5667    27.5656    34.2962    27.5667    1446.02    1446.02    -0.6010  1027.7484    34.4618 0.0000e+00
       3393 312.461890  -62.21484  -58.32888      0.895    1445.74     38.000     37.632    -0.5999    -0.5990     0.0009    -0.6010    -0.6001     0.0009   2.801852   2.801834  -0.000017    34.2962    34.2950     7.5099    27.5667    27.5657    34.2963    27.5668    1446.03    1446.04    -0.6010  1027.7532    34.4618 0.0000e+00
       3434 312.461910  -62.21482  -58.32887      0.592    1445.74     39.000     38.622    -0.5995    -0.5986     0.0010    -0.6007    -0.5997     0.0010   2.801919   2.801906  -0.000015    34.2961    34.2949     7.4981    27.5667    27.5656    34.2962    27.5667    1446.05    1446.06    -0.6006  1027.7579    34.4617 0.0000e+00
       3473 312.461929  -62.21482  -58.32885      0.596    1445.74     40.000     39.612    -0.6006    -0.5994     0.0011    -0.6017    -0.6006     0.0011   2.801908   2.801881  -0.000025    34.2966    34.2950     7.5039    27.5671    27.5658    34.2966    27.5671    1446.06    1446.07    -0.6017  1027.7624    34.4614 0.0000e+00
       3498 312.461941 -9.990e-29  -58.32883      0.830    1445.74     41.000     40.603    -0.6016    -0.6010     0.0006    -0.6028    -0.6022     0.0006   2.801845   2.801816  -0.000032    34.2965    34.2953     7.5082    27.5670    27.5661    34.2963    27.5669    1446.08    1446.08    -0.6028  1027.7645    34.4579 0.0000e+00
       3518 312.461951 -9.990e-29  -58.32881      1.044    1445.74     42.000     41.592    -0.6021    -0.6011     0.0010    -0.6033    -0.6023     0.0010   2.801854   2.801862   0.000011    34.2963    34.2953     7.5103    27.5669    27.5661    34.2963    27.5669    1446.09    1446.09    -0.6033  1027.7694    34.4581 0.0000e+00
       3539 312.461961 -9.990e-29  -58.32880      1.146    1445.74     43.000     42.583    -0.6020    -0.6011     0.0009    -0.6033    -0.6023     0.0009   2.801924   2.801903  -0.000018    34.2965    34.2952     7.5205    27.5671    27.5660    34.2966    27.5671    1446.11    1446.11    -0.6032  1027.7744    34.4583 0.0000e+00
       3570 312.461976  -62.21480  -58.32880      0.929    1445.74     44.000     43.573    -0.6018    -0.6007     0.0011    -0.6031    -0.6020     0.0011   2.801950   2.801967   0.000014    34.2962    34.2951     7.5132    27.5668    27.5659    34.2961    27.5667    1446.12    1446.13    -0.6031  1027.7798    34.4591 0.0000e+00
       3617 312.461999  -62.21480  -58.32879      0.447    1445.74     45.000     44.563    -0.6017    -0.6008     0.0009    -0.6031    -0.6021     0.0009   2.802027   2.802005  -0.000017    34.2963    34.2950     7.4981    27.5669    27.5658    34.2964    27.5670    1446.14    1446.14    -0.6030  1027.7871    34.4622 0.0000e+00
       3648 312.462013  -62.21480  -58.32877      0.699    1445.74     46.000     45.553    -0.6016    -0.6005     0.0011    -0.6030    -0.6019     0.0011   2.802088   2.802076  -0.000012    34.2965    34.2951     7.5041    27.5671    27.5659    34.2965    27.5670    1446.16    1446.16    -0.6029  1027.7918    34.4621 0.0000e+00
       3671 312.462024  -62.21480  -58.32876      0.936    1445.74     47.000     46.544    -0.6018    -0.6011     0.0008    -0.6032    -0.6025     0.0008   2.802108   2.802087  -0.000023    34.2964    34.2951     7.5083    27.5669    27.5659    34.2964    27.5670    1446.17    1446.17    -0.6032  1027.7965    34.4621 0.0000e+00
       3692 312.462035  -62.21479  -58.32876      1.070    1445.74     48.000     47.533    -0.6020    -0.6011     0.0008    -0.6034    -0.6025     0.0008   2.802136   2.802128  -0.000009    34.2963    34.2952     7.5085    27.5669    27.5660    34.2963    27.5669    1446.19    1446.19    -0.6034  1027.8013    34.4620 0.0000e+00
       3717 312.462047  -62.21478  -58.32876      1.048    1445.74     49.000     48.524    -0.6016    -0.6004     0.0012    -0.6030    -0.6019     0.0012   2.802217   2.802226   0.000010    34.2962    34.2951     7.5045    27.5668    27.5658    34.2963    27.5669    1446.21    1446.21    -0.6030  1027.8061    34.4620 0.0000e+00
       3747 312.462061  -62.21478  -58.32874      0.859    1445.74     50.000     49.514    -0.6016    -0.6007     0.0009    -0.6031    -0.6022     0.0009   2.802273   2.802258  -0.000016    34.2964    34.2952     7.4990    27.5670    27.5660    34.2965    27.5670    1446.22    1446.22    -0.6030  1027.8110    34.4622 0.0000e+00
