Pos-Processados/process_op42/operantar42_002.cnv
* Sea-Bird SBE 9 Data File:
* FileName = C:\Users\Hidrografia\Desktop\OPXLII\Brutos\OP42002.hdr
* Software Version Seasave V 7.26.7.107
* Temperature SN = 6502
* Conductivity SN = 4998
* Number of Bytes Per Scan = 37
* Number of Voltage Words = 4
* Number of Scans Averaged by the Deck Unit = 1
* NMEA Latitude = 37 53.44 S
* NMEA Longitude = 051 46.15 W
* NMEA UTC (Time) = Oct 16 2023 08:29:02
* NMEA baud rate = 4800
** H41
** NPOALTEMAXIMIANO
** NUMERO DA ESTACAO (XXX) 002
** LAT (XX XX.XX S/N) 37 53.431 S
** LONG (XXX XX.XX W/E) 51 48.140 W
** DATAHORA (dd/mm/aaaa hh:mm Z) 16/10/2023 0828Z
** PROFUNDIDADE (m) 4384
** OPERADOR CT FILIPE LOPES
# nquan = 30
# nvalues = 2017                        
# units = specified
# name 0 = scan: Scan Count
# name 1 = timeJ: Julian Days
# name 2 = latitude: Latitude [deg]
# name 3 = longitude: Longitude [deg]
# name 4 = dz/dtM: Descent Rate [m/s]
# name 5 = avgsvCM: Average Sound Velocity [Chen-Millero, m/s]
# name 6 = prDM: Pressure, Digiquartz [db]
# name 7 = depSM: Depth [salt water, m]
# name 8 = t090C: Temperature [ITS-90, deg C]
# name 9 = t190C: Temperature, 2 [ITS-90, deg C]
# name 10 = T2-T190C: Temperature Difference, 2 - 1 [ITS-90, deg C]
# name 11 = potemp090C: Potential Temperature [ITS-90, deg C]
# name 12 = potemp190C: Potential Temperature, 2 [ITS-90, deg C]
# name 13 = potemp90Cdiff: Potential Temperature, Diff, 2 - 1 [ITS-90, deg C]
# name 14 = c0S/m: Conductivity [S/m]
# name 15 = c1S/m: Conductivity, 2 [S/m]
# name 16 = C2-C1S/m: Conductivity Difference, 2 - 1 [S/m]
# name 17 = sal00: Salinity, Practical [PSU]
# name 18 = sal11: Salinity, Practical, 2 [PSU]
# name 19 = sbeox0ML/L: Oxygen, SBE 43 [ml/l]
# name 20 = sigma-é00: Density [sigma-theta, kg/m^3]
# name 21 = sigma-é11: Density, 2 [sigma-theta, kg/m^3]
# name 22 = sal00: Salinity, Practical [PSU]
# name 23 = sigma-é00: Density [sigma-theta, kg/m^3]
# name 24 = svCM: Sound Velocity [Chen-Millero, m/s]
# name 25 = svCM1: Sound Velocity, 2 [Chen-Millero, m/s]
# name 26 = gsw_ptA0: potential temperature [ITS-90, deg C]
# name 27 = gsw_densityA0: density, TEOS-10 [density, kg/m^3]
# name 28 = gsw_saA0: Absolute Salinity [g/kg]
# name 29 = flag:
# span 0 =       6219,      72823       
# span 1 = 289.356494, 289.388614       
# span 2 =  -37.90592,  -37.89182       
# span 3 =  -51.78457,  -51.77083       
# span 4 =     -1.691,      1.612       
# span 5 =       0.00,    1518.61       
# span 6 =      1.000,   1011.000       
# span 7 =      1.002,   1001.013       
# span 8 =     4.6510,    18.1866       
# span 9 =     4.6531,    18.1874       
# span 10 =    -0.1296,     0.0709      
# span 11 =     4.5699,    18.1744      
# span 12 =     4.5720,    18.1752      
# span 13 =    -0.1294,     0.0705      
# span 14 =   3.290534,   4.757839      
# span 15 =   3.290670,   4.758249      
# span 16 =  -0.018331,   0.007334      
# span 17 =    34.1260,    36.2478      
# span 18 =    34.1256,    36.2497      
# span 19 =     4.4790,     6.2401      
# span 20 =    26.0947,    27.1001      
# span 21 =    26.1342,    27.0935      
# span 22 =    34.1265,    36.2480      
# span 23 =    26.1250,    27.0937      
# span 24 =    1482.68,    1519.30      
# span 25 =    1482.68,    1519.30      
# span 26 =     4.5697,    18.1744      
# span 27 =  1026.1334,  1031.7355      
# span 28 =    34.2889,    36.4191      
# span 29 = 0.0000e+00, 0.0000e+00      
# interval = decibars: 1                
# start_time = Oct 16 2023 08:29:02 [NMEA time, header]
# bad_flag = -9.990e-29
*END*
[from data line 339]
      17862 289.362109  -37.89384  -51.77372      0.714    1517.11    344.000    341.145    16.2929    16.2937     0.0008    16.2372    16.2380     0.0008   4.537530   4.537830   0.000301    35.9123    35.9143     5.1422    26.3947    26.3961    35.9121    26.3946    1517.45    1517.46    16.2372  1027.8991    36.0824 0.0000e+00
      17888 289.362122 -9.990e-29  -51.77372      0.839    1517.11    345.000    342.136    16.2924    16.2933     0.0008    16.2366    16.2374     0.0008   4.537649   4.537975   0.000322    35.9132    35.9153     5.1232    26.3956    26.3971    35.9132    26.3956    1517.47    1517.47    16.2366  1027.9056    36.0849 0.0000e+00
      17911 289.362132 -9.990e-29  -51.77372      0.994    1517.11    346.000    343.127    16.2932    16.2941     0.0008    16.2372    16.2380     0.0008   4.537844   4.538155   0.000310    35.9139    35.9159     5.1260    26.3960    26.3973    35.9138    26.3959    1517.49    1517.49    16.2372  1027.9102    36.0856 0.0000e+00
      17936 289.362145 -9.990e-29  -51.77374      1.022    1517.11    347.000    344.118    16.2942    16.2951     0.0009    16.2380    16.2389     0.0009   4.538039   4.538359   0.000317    35.9143    35.9163     5.1492    26.3961    26.3975    35.9143    26.3961    1517.51    1517.51    16.2380  1027.9147    36.0860 0.0000e+00
      17974 289.362163  -37.89386  -51.77374      0.667    1517.11    348.000    345.109    16.2955    16.2964     0.0009    16.2391    16.2400     0.0009   4.538282   4.538601   0.000321    35.9148    35.9169     5.1535    26.3963    26.3976    35.9149    26.3963    1517.53    1517.53    16.2391  1027.9183    36.0854 0.0000e+00
      18011 289.362181  -37.89386  -51.77374      0.612    1517.11    349.000    346.099    16.2962    16.2970     0.0008    16.2397    16.2405     0.0008   4.538499   4.538803   0.000303    35.9157    35.9177     5.1384    26.3968    26.3981    35.9157    26.3968    1517.55    1517.55    16.2397  1027.9226    36.0855 0.0000e+00
      18034 289.362192  -37.89388  -51.77374      0.864    1517.11    350.000    347.091    16.2955    16.2963     0.0008    16.2388    16.2396     0.0008   4.538496   4.538764   0.000272    35.9161    35.9178     5.1309    26.3973    26.3985    35.9160    26.3972    1517.56    1517.57    16.2388  1027.9274    36.0858 0.0000e+00
      18054 289.362202  -37.89388  -51.77376      1.093    1517.11    351.000    348.081    16.2910    16.2914     0.0004    16.2341    16.2345     0.0004   4.537990   4.538125   0.000158    35.9160    35.9170     5.1414    26.3983    26.3990    35.9152    26.3977    1517.56    1517.57    16.2341  1027.9322    36.0849 0.0000e+00
      18075 289.362212  -37.89388  -51.77376      1.180    1517.11    352.000    349.072    16.2864    16.2863    -0.0001    16.2294    16.2293    -0.0001   4.537478   4.537578   0.000089    35.9147    35.9155     5.1613    26.3984    26.3991    35.9144    26.3981    1517.57    1517.57    16.2294  1027.9371    36.0841 0.0000e+00
      18105 289.362226  -37.89388  -51.77376      0.939    1517.11    353.000    350.063    16.2854    16.2857     0.0004    16.2282    16.2285     0.0003   4.537317   4.537515   0.000187    35.9139    35.9152     5.1518    26.3981    26.3990    35.9135    26.3977    1517.58    1517.58    16.2282  1027.9410    36.0833 0.0000e+00
      18141 289.362244  -37.89390  -51.77378      0.648    1517.11    354.000    351.054    16.2725    16.2732     0.0006    16.2152    16.2159     0.0006   4.535765   4.535878   0.000127    35.9122    35.9127     5.1366    26.3998    26.4000    35.9108    26.3987    1517.55    1517.56    16.2153  1027.9464    36.0806 0.0000e+00
      18172 289.362258  -37.89390  -51.77378      0.736    1517.11    355.000    352.045    16.2636    16.2643     0.0007    16.2062    16.2069     0.0007   4.534539   4.534776   0.000226    35.9087    35.9100     5.1365    26.3992    26.4001    35.9076    26.3984    1517.54    1517.54    16.2062  1027.9505    36.0774 0.0000e+00
      18196 289.362270  -37.89390 -9.990e-29      0.915    1517.11    356.000    353.036    16.2590    16.2601     0.0010    16.2014    16.2024     0.0010   4.534014   4.534272   0.000261    35.9075    35.9089     5.1403    26.3994    26.4002    35.9067    26.3988    1517.54    1517.54    16.2014  1027.9553    36.0764 0.0000e+00
      18220 289.362282  -37.89392 -9.990e-29      0.996    1517.11    357.000    354.026    16.2562    16.2556    -0.0006    16.1984    16.1978    -0.0006   4.533627   4.533709   0.000094    35.9064    35.9077     5.1361    26.3992    26.4004    35.9054    26.3985    1517.55    1517.54    16.1984  1027.9593    36.0752 0.0000e+00
      18252 289.362297  -37.89392  -51.77380      0.830    1517.11    358.000    355.017    16.2420    16.2425     0.0006    16.1841    16.1846     0.0006   4.531974   4.532037   0.000065    35.9053    35.9053     5.1455    26.4017    26.4016    35.9031    26.4000    1517.52    1517.52    16.1841  1027.9653    36.0729 0.0000e+00
      18287 289.362314  -37.89392  -51.77380      0.675    1517.11    359.000    356.008    16.2276    16.2281     0.0005    16.1696    16.1701     0.0005   4.529973   4.530181   0.000209    35.8994    35.9008     5.1516    26.4005    26.4014    35.8979    26.3994    1517.48    1517.49    16.1696  1027.9691    36.0676 0.0000e+00
      18314 289.362327  -37.89394  -51.77382      0.803    1517.11    360.000    356.999    16.2166    16.2168     0.0003    16.1584    16.1587     0.0003   4.528629   4.528728   0.000091    35.8974    35.8980     5.1364    26.4016    26.4020    35.8955    26.4001    1517.46    1517.46    16.1584  1027.9743    36.0652 0.0000e+00
      18341 289.362340  -37.89394  -51.77382      0.903    1517.11    361.000    357.989    16.2122    16.2131     0.0009    16.1539    16.1548     0.0009   4.528089   4.528346   0.000253    35.8954    35.8969     5.1423    26.4011    26.4021    35.8942    26.4002    1517.46    1517.47    16.1539  1027.9787    36.0639 0.0000e+00
      18372 289.362355  -37.89394  -51.77382      0.804    1517.11    362.000    358.980    16.2119    16.2129     0.0010    16.1534    16.1544     0.0010   4.528092   4.528404   0.000312    35.8950    35.8969     5.1440    26.4009    26.4021    35.8941    26.4002    1517.48    1517.49    16.1535  1027.9841    36.0651 0.0000e+00
      18402 289.362369 -9.990e-29  -51.77383      0.764    1517.11    363.000    359.971    16.2090    16.2095     0.0005    16.1503    16.1509     0.0005   4.527817   4.527984   0.000187    35.8950    35.8962     5.1484    26.4016    26.4024    35.8939    26.4008    1517.49    1517.49    16.1504  1027.9896    36.0657 0.0000e+00
      18425 289.362380 -9.990e-29  -51.77384      0.917    1517.11    364.000    360.962    16.1992    16.1989    -0.0004    16.1405    16.1401    -0.0004   4.526571   4.526668   0.000061    35.8931    35.8940     5.1451    26.4024    26.4032    35.8912    26.4010    1517.47    1517.47    16.1405  1027.9942    36.0630 0.0000e+00
      18445 289.362390 -9.990e-29  -51.77384      1.113    1517.11    365.000    361.952    16.1973    16.1984     0.0011    16.1384    16.1395     0.0011   4.526373   4.526723   0.000357    35.8914    35.8936     5.1370    26.4016    26.4031    35.8908    26.4011    1517.48    1517.49    16.1384  1027.9987    36.0625 0.0000e+00
      18465 289.362400  -37.89396  -51.77384      1.205    1517.11    366.000    362.943    16.2010    16.2019     0.0010    16.1419    16.1428     0.0010   4.526888   4.527248   0.000360    35.8922    35.8945     5.1348    26.4014    26.4030    35.8917    26.4010    1517.51    1517.52    16.1419  1028.0023    36.0627 0.0000e+00
      18498 289.362416  -37.89397  -51.77384      0.869    1517.11    367.000    363.934    16.2015    16.2022     0.0007    16.1422    16.1430     0.0007   4.527058   4.527331   0.000277    35.8928    35.8946     5.1326    26.4018    26.4030    35.8923    26.4014    1517.53    1517.53    16.1423  1028.0061    36.0620 0.0000e+00
      18537 289.362435  -37.89398  -51.77386      0.573    1517.11    368.000    364.925    16.2006    16.2008     0.0002    16.1412    16.1414     0.0002   4.526917   4.527122   0.000220    35.8926    35.8943     5.1381    26.4019    26.4032    35.8915    26.4010    1517.54    1517.54    16.1412  1028.0101    36.0612 0.0000e+00
      18564 289.362448  -37.89398  -51.77386      0.787    1517.11    369.000    365.916    16.1873    16.1878     0.0005    16.1278    16.1282     0.0005   4.525316   4.525520   0.000185    35.8900    35.8913     5.1425    26.4030    26.4039    35.8888    26.4021    1517.51    1517.52    16.1278  1028.0156    36.0585 0.0000e+00
      18586 289.362458  -37.89398  -51.77386      1.004    1517.11    370.000    366.907    16.1847    16.1840    -0.0007    16.1250    16.1243    -0.0007   4.524965   4.524982   0.000064    35.8890    35.8901     5.1364    26.4028    26.4039    35.8876    26.4018    1517.52    1517.52    16.1250  1028.0197    36.0573 0.0000e+00
      18606 289.362468  -37.89400  -51.77386      1.153    1517.11    371.000    367.897    16.1716    16.1710    -0.0006    16.1118    16.1112    -0.0006   4.523424   4.523346  -0.000099    35.8874    35.8870     5.1412    26.4047    26.4046    35.8854    26.4031    1517.50    1517.49    16.1118  1028.0254    36.0550 0.0000e+00
      18628 289.362478  -37.89400  -51.77388      1.141    1517.14    372.000    368.888    16.1655    16.1662     0.0007    16.1055    16.1062     0.0007   4.522587   4.522786   0.000185    35.8844    35.8854     5.1355    26.4039    26.4044    35.8830    26.4028    1517.49    1517.49    16.1055  1028.0295    36.0527 0.0000e+00
      18660 289.362494  -37.89401  -51.77388      0.846    1517.14    373.000    369.879    16.1637    16.1640     0.0003    16.1035    16.1039     0.0003   4.522372   4.522580   0.000204    35.8832    35.8847     5.1353    26.4034    26.4044    35.8823    26.4027    1517.50    1517.50    16.1036  1028.0337    36.0520 0.0000e+00
      18694 289.362510  -37.89402  -51.77389      0.688    1517.14    374.000    370.869    16.1632    16.1637     0.0006    16.1029    16.1035     0.0006   4.522296   4.522573   0.000285    35.8825    35.8845     5.1222    26.4030    26.4044    35.8818    26.4024    1517.51    1517.52    16.1029  1028.0378    36.0514 0.0000e+00
      18722 289.362523  -37.89402  -51.77390      0.801    1517.14    375.000    371.860    16.1641    16.1647     0.0006    16.1036    16.1042     0.0006   4.522466   4.522754   0.000276    35.8825    35.8844     5.1333    26.4028    26.4042    35.8820    26.4024    1517.53    1517.54    16.1037  1028.0422    36.0517 0.0000e+00
      18743 289.362534  -37.89402  -51.77390      0.984    1517.14    376.000    372.851    16.1629    16.1636     0.0006    16.1023    16.1030     0.0006   4.522358   4.522604   0.000255    35.8824    35.8841     5.1360    26.4031    26.4042    35.8817    26.4025    1517.55    1517.55    16.1023  1028.0466    36.0514 0.0000e+00
      18767 289.362545  -37.89402  -51.77390      1.075    1517.14    377.000    373.842    16.1621    16.1627     0.0006    16.1013    16.1020     0.0006   4.522291   4.522552   0.000255    35.8819    35.8836     5.1308    26.4029    26.4041    35.8814    26.4025    1517.56    1517.57    16.1014  1028.0517    36.0521 0.0000e+00
      18795 289.362559 -9.990e-29 -9.990e-29      0.925    1517.14    378.000    374.832    16.1623    16.1632     0.0008    16.1014    16.1022     0.0008   4.522359   4.522655   0.000293    35.8819    35.8837     5.1252    26.4029    26.4041    35.8815    26.4026    1517.58    1517.58    16.1014  1028.0570    36.0534 0.0000e+00
      18825 289.362573 -9.990e-29 -9.990e-29      0.794    1517.14    379.000    375.823    16.1626    16.1636     0.0010    16.1015    16.1025     0.0010   4.522427   4.522753   0.000326    35.8817    35.8837     5.1204    26.4027    26.4040    35.8815    26.4025    1517.60    1517.60    16.1015  1028.0613    36.0534 0.0000e+00
      18853 289.362587 -9.990e-29 -9.990e-29      0.824    1517.14    380.000    376.814    16.1635    16.1644     0.0009    16.1022    16.1031     0.0009   4.522581   4.522906   0.000323    35.8818    35.8839     5.1375    26.4026    26.4040    35.8816    26.4025    1517.62    1517.62    16.1023  1028.0656    36.0535 0.0000e+00
      18876 289.362598 -9.990e-29 -9.990e-29      0.958    1517.14    381.000    377.804    16.1637    16.1646     0.0008    16.1023    16.1031     0.0008   4.522669   4.522952   0.000288    35.8820    35.8838     5.1411    26.4028    26.4040    35.8818    26.4026    1517.63    1517.64    16.1023  1028.0701    36.0537 0.0000e+00
      18898 289.362608 -9.990e-29 -9.990e-29      1.075    1517.14    382.000    378.795    16.1629    16.1627    -0.0002    16.1013    16.1011    -0.0002   4.522606   4.522743   0.000152    35.8819    35.8834     5.1312    26.4029    26.4040    35.8816    26.4027    1517.65    1517.65    16.1013  1028.0745    36.0535 0.0000e+00
      18923 289.362621 -9.990e-29 -9.990e-29      1.019    1517.14    383.000    379.786    16.1616    16.1615    -0.0001    16.0999    16.0997    -0.0001   4.522471   4.522634   0.000154    35.8815    35.8830     5.1123    26.4029    26.4041    35.8811    26.4026    1517.66    1517.66    16.0999  1028.0788    36.0531 0.0000e+00
      18955 289.362636 -9.990e-29 -9.990e-29      0.791    1517.14    384.000    380.777    16.1580    16.1581     0.0001    16.0961    16.0962     0.0001   4.522063   4.522214   0.000160    35.8810    35.8823     5.1281    26.4034    26.4044    35.8804    26.4029    1517.66    1517.67    16.0962  1028.0835    36.0523 0.0000e+00
      18985 289.362650 -9.990e-29 -9.990e-29      0.768    1517.14    385.000    381.767    16.1540    16.1543     0.0004    16.0919    16.0923     0.0004   4.521548   4.521751   0.000205    35.8796    35.8811     5.1248    26.4033    26.4043    35.8790    26.4028    1517.67    1517.67    16.0919  1028.0878    36.0510 0.0000e+00
      19008 289.362661 -9.990e-29 -9.990e-29      0.929    1517.14    386.000    382.758    16.1464    16.1458    -0.0006    16.0842    16.0836    -0.0006   4.520647   4.520642  -0.000011    35.8788    35.8792     5.1202    26.4044    26.4049    35.8775    26.4034    1517.66    1517.66    16.0842  1028.0928    36.0494 0.0000e+00
      19027 289.362671 -9.990e-29 -9.990e-29      1.106    1517.14    387.000    383.749    16.1420    16.1423     0.0003    16.0796    16.0799     0.0003   4.520069   4.520266   0.000204    35.8766    35.8781     5.1279    26.4038    26.4049    35.8759    26.4033    1517.66    1517.66    16.0796  1028.0970    36.0478 0.0000e+00
      19049 289.362681 -9.990e-29 -9.990e-29      1.170    1517.14    388.000    384.739    16.1333    16.1320    -0.0013    16.0708    16.0695    -0.0013   4.519148   4.518914  -0.000181    35.8766    35.8762     5.1307    26.4059    26.4059    35.8751    26.4047    1517.65    1517.64    16.0708  1028.1029    36.0471 0.0000e+00
      19080 289.362696  -37.89409  -51.77397      0.859    1517.14    389.000    385.730    16.1177    16.1171    -0.0007    16.0551    16.0545    -0.0007   4.517178   4.517049  -0.000155    35.8730    35.8723     5.1180    26.4067    26.4063    35.8712    26.4053    1517.61    1517.61    16.0552  1028.1064    36.0412 0.0000e+00
      19110 289.362711  -37.89410  -51.77398      0.780    1517.14    390.000    386.721    16.1111    16.1109    -0.0001    16.0483    16.0481    -0.0001   4.516128   4.516248   0.000104    35.8690    35.8700     5.1218    26.4052    26.4060    35.8675    26.4041    1517.60    1517.61    16.0483  1028.1093    36.0371 0.0000e+00
