Pos-Processados/process_op42/operantar42_023.ros
* Sea-Bird SBE 9 Data File:
* FileName = C:\Users\Hidrografia\Desktop\OPXLII\Brutos\OP42023.hdr
* Software Version Seasave V 7.26.7.107
* Temperature SN = 6502
* Conductivity SN = 4998
* Number of Bytes Per Scan = 37
* Number of Voltage Words = 4
* Number of Scans Averaged by the Deck Unit = 1
* NMEA Latitude = 62 09.26 S
* NMEA Longitude = 058 24.38 W
* NMEA UTC (Time) = Nov 08 2023 09:02:28
* NMEA baud rate = 4800
** H41
** NPOALTEMAXIMIANO
** NUMERO DA ESTACAO (XXX) 023
** LAT (XX XX.XX S/N) 62 09.60 S
** LONG (XXX XX.XX W/E) 058 24.03 W
** DATAHORA (dd/mm/aaaa hh:mm Z) 08/11/2023 0901Z
** PROFUNDIDADE (m) 462
** OPERADOR CT FILIPE LOPES
# nquan = 24
# nvalues = 4123                                  
# units = specified
# name 0 = scan: Scan Count
# name 1 = timeJ: Julian Days
# name 2 = latitude: Latitude [deg]
# name 3 = longitude: Longitude [deg]
# name 4 = dz/dtM: Descent Rate [m/s]
# name 5 = avgsvCM: Average Sound Velocity [Chen-Millero, m/s]
# name 6 = prDM: Pressure, Digiquartz [db]
# name 7 = depSM: Depth [salt water, m]
# name 8 = t090C: Temperature [ITS-90, deg C]
# name 9 = t190C: Temperature, 2 [ITS-90, deg C]
# name 10 = T2-T190C: Temperature Difference, 2 - 1 [ITS-90, deg C]
# name 11 = potemp090C: Potential Temperature [ITS-90, deg C]
# name 12 = potemp190C: Potential Temperature, 2 [ITS-90, deg C]
# name 13 = potemp90Cdiff: Potential Temperature, Diff, 2 - 1 [ITS-90, deg C]
# name 14 = c0S/m: Conductivity [S/m]
# name 15 = c1S/m: Conductivity, 2 [S/m]
# name 16 = C2-C1S/m: Conductivity Difference, 2 - 1 [S/m]
# name 17 = sal00: Salinity, Practical [PSU]
# name 18 = sal11: Salinity, Practical, 2 [PSU]
# name 19 = sbeox0ML/L: Oxygen, SBE 43 [ml/l]
# name 20 = sigma-é00: Density [sigma-theta, kg/m^3]
# name 21 = sigma-é11: Density, 2 [sigma-theta, kg/m^3]
# name 22 = nbf: Bottles Fired
# name 23 = flag:  0.000e+00
# interval = seconds: 0.0416667
# start_time = Nov 08 2023 09:02:28 [NMEA time, header]
# bad_flag = -9.990e-29
*END*
[from data line 3744]
      37057 312.394583  -62.15424  -58.39246     -0.195    1448.49      1.732      1.715    -0.6060    -0.6056     0.0005    -0.6061    -0.6056     0.0005   2.799337   2.799275  -0.000062    34.2919    34.2905     7.5741    27.5635    27.5623         22  0.000e+00
      37058 312.394584  -62.15424  -58.39246     -0.191    1448.49      1.684      1.668    -0.6062    -0.6056     0.0006    -0.6063    -0.6056     0.0006   2.799263   2.799270   0.000007    34.2911    34.2905     7.5744    27.5628    27.5623         22  0.000e+00
      37059 312.394584  -62.15424  -58.39246     -0.179    1448.49      1.748      1.731    -0.6063    -0.6054     0.0009    -0.6063    -0.6054     0.0009   2.799160   2.799298   0.000138    34.2898    34.2906     7.5749    27.5617    27.5624         22  0.000e+00
      37060 312.394585  -62.15424  -58.39246     -0.170    1448.49      1.684      1.668    -0.6062    -0.6056     0.0006    -0.6063    -0.6056     0.0006   2.799154   2.799298   0.000143    34.2897    34.2909     7.5752    27.5617    27.5626         22  0.000e+00
      37061 312.394585  -62.15424  -58.39246     -0.164    1448.49      1.684      1.668    -0.6063    -0.6059     0.0004    -0.6063    -0.6059     0.0004   2.799246   2.799264   0.000018    34.2910    34.2908     7.5755    27.5627    27.5625         22  0.000e+00
      37062 312.394586  -62.15424  -58.39246     -0.156    1448.49      1.748      1.731    -0.6064    -0.6056     0.0008    -0.6064    -0.6056     0.0008   2.799371   2.799298  -0.000073    34.2927    34.2908     7.5758    27.5642    27.5626         22  0.000e+00
      37063 312.394586  -62.15424  -58.39246     -0.144    1448.49      1.748      1.731    -0.6063    -0.6059     0.0004    -0.6063    -0.6059     0.0004   2.799382   2.799253  -0.000130    34.2928    34.2906     7.5761    27.5642    27.5624         22  0.000e+00
      37064 312.394587  -62.15424  -58.39246     -0.135    1448.49      1.748      1.731    -0.6064    -0.6056     0.0008    -0.6064    -0.6056     0.0008   2.799354   2.799275  -0.000079    34.2925    34.2905     7.5765    27.5640    27.5623         22  0.000e+00
      37065 312.394587  -62.15424  -58.39246     -0.127    1448.49      1.732      1.715    -0.6066    -0.6054     0.0012    -0.6067    -0.6054     0.0012   2.799268   2.799286   0.000018    34.2916    34.2905     7.5759    27.5633    27.5623         22  0.000e+00
      37066 312.394588  -62.15424  -58.39246     -0.117    1448.49      1.748      1.731    -0.6065    -0.6054     0.0011    -0.6065    -0.6054     0.0011   2.799223   2.799286   0.000064    34.2909    34.2905     7.5751    27.5627    27.5623         22  0.000e+00
      37067 312.394588  -62.15424  -58.39246     -0.106    1448.49      1.748      1.731    -0.6063    -0.6049     0.0013    -0.6063    -0.6050     0.0013   2.799137   2.799309   0.000172    34.2895    34.2903     7.5754    27.5615    27.5621         22  0.000e+00
      37068 312.394589  -62.15424  -58.39246     -0.102    1448.49      1.684      1.667    -0.6067    -0.6046     0.0020    -0.6067    -0.6047     0.0020   2.799211   2.799354   0.000143    34.2910    34.2906     7.5756    27.5627    27.5623         22  0.000e+00
      37069 312.394589  -62.15424  -58.39246     -0.091    1448.49      1.804      1.787    -0.6068    -0.6046     0.0021    -0.6068    -0.6047     0.0021   2.799263   2.799348   0.000086    34.2917    34.2904     7.5760    27.5633    27.5622         22  0.000e+00
      37070 312.394590  -62.15424  -58.39246     -0.083    1448.49      1.748      1.731    -0.6067    -0.6044     0.0022    -0.6067    -0.6045     0.0022   2.799308   2.799360   0.000051    34.2922    34.2904     7.5761    27.5638    27.5622         22  0.000e+00
      37071 312.394590  -62.15424  -58.39246     -0.074    1448.49      1.748      1.731    -0.6064    -0.6040     0.0024    -0.6065    -0.6041     0.0024   2.799343   2.799404   0.000062    34.2924    34.2905     7.5763    27.5639    27.5623         22  0.000e+00
      37072 312.394591  -62.15424  -58.39246     -0.058    1448.49      1.853      1.835    -0.6068    -0.6036     0.0033    -0.6069    -0.6036     0.0033   2.799291   2.799421   0.000130    34.2921    34.2902     7.5757    27.5637    27.5620         22  0.000e+00
      37073 312.394591  -62.15424  -58.39246     -0.053    1448.49      1.748      1.731    -0.6068    -0.6028     0.0040    -0.6068    -0.6028     0.0040   2.799211   2.799461   0.000249    34.2910    34.2899     7.5684    27.5628    27.5617         22  0.000e+00
      37074 312.394592  -62.15424  -58.39246     -0.043    1448.49      1.804      1.787    -0.6067    -0.6021     0.0045    -0.6067    -0.6022     0.0045   2.799194   2.799528   0.000334    34.2906    34.2900     7.5666    27.5625    27.5618         22  0.000e+00
      37075 312.394592  -62.15424  -58.39246     -0.034    1448.49      1.804      1.787    -0.6066    -0.6014     0.0052    -0.6067    -0.6014     0.0052   2.799154   2.799629   0.000475    34.2900    34.2905     7.5711    27.5620    27.5621         22  0.000e+00
      37076 312.394592  -62.15424  -58.39244     -0.025    1448.49      1.804      1.787    -0.6068    -0.6009     0.0059    -0.6069    -0.6010     0.0059   2.799217   2.799640   0.000423    34.2912    34.2901     7.5713    27.5629    27.5618         22  0.000e+00
      37077 312.394593  -62.15424  -58.39244     -0.012    1448.49      1.861      1.843    -0.6068    -0.6006     0.0062    -0.6068    -0.6007     0.0062   2.799280   2.799669   0.000389    34.2919    34.2902     7.5715    27.5635    27.5618         22  0.000e+00
      37078 312.394593  -62.15424  -58.39244      0.001    1448.49      1.861      1.843    -0.6065    -0.6005     0.0060    -0.6065    -0.6005     0.0060   2.799354   2.799685   0.000331    34.2926    34.2902     7.5715    27.5640    27.5619         22  0.000e+00
      37079 312.394594  -62.15424  -58.39244      0.007    1448.49      1.804      1.787    -0.6068    -0.6005     0.0063    -0.6068    -0.6005     0.0063   2.799337   2.799697   0.000360    34.2927    34.2904     7.5717    27.5641    27.5620         22  0.000e+00
      37080 312.394594  -62.15424  -58.39244      0.020    1448.49      1.909      1.891    -0.6065    -0.6008     0.0057    -0.6065    -0.6008     0.0057   2.799286   2.799652   0.000366    34.2916    34.2901     7.5720    27.5633    27.5618         23  0.000e+00
      37081 312.394595  -62.15424  -58.39244      0.029    1448.49      1.861      1.843    -0.6066    -0.6011     0.0055    -0.6067    -0.6011     0.0055   2.799211   2.799652   0.000440    34.2908    34.2905     7.5711    27.5626    27.5621         23  0.000e+00
      37082 312.394595  -62.15424  -58.39244      0.042    1448.49      1.861      1.843    -0.6067    -0.6018     0.0048    -0.6067    -0.6019     0.0048   2.799194   2.799596   0.000401    34.2906    34.2906     7.5702    27.5624    27.5622         23  0.000e+00
      37083 312.394596  -62.15424  -58.39244      0.051    1448.49      1.925      1.907    -0.6063    -0.6025     0.0038    -0.6063    -0.6026     0.0038   2.799251   2.799534   0.000282    34.2909    34.2904     7.5702    27.5627    27.5621         23  0.000e+00
      37084 312.394596  -62.15424  -58.39244      0.063    1448.49      1.861      1.843    -0.6065    -0.6029     0.0036    -0.6065    -0.6030     0.0036   2.799308   2.799506   0.000197    34.2920    34.2906     7.5702    27.5635    27.5622         23  0.000e+00
      37085 312.394597  -62.15424  -58.39244      0.072    1448.49      1.925      1.907    -0.6063    -0.6034     0.0029    -0.6063    -0.6034     0.0029   2.799343   2.799500   0.000157    34.2921    34.2910     7.5703    27.5637    27.5626         23  0.000e+00
      37086 312.394597  -62.15424  -58.39244      0.087    1448.49      1.981      1.962    -0.6064    -0.6034     0.0030    -0.6064    -0.6034     0.0030   2.799365   2.799483   0.000118    34.2925    34.2907     7.5705    27.5640    27.5624         23  0.000e+00
      37087 312.394598  -62.15424  -58.39244      0.095    1448.49      1.925      1.907    -0.6064    -0.6036     0.0029    -0.6065    -0.6036     0.0029   2.799314   2.799466   0.000152    34.2919    34.2907     7.5706    27.5635    27.5624         23  0.000e+00
      37088 312.394598  -62.15424  -58.39244      0.109    1448.49      1.965      1.946    -0.6064    -0.6040     0.0023    -0.6064    -0.6041     0.0023   2.799280   2.799449   0.000170    34.2914    34.2910     7.5707    27.5631    27.5627         23  0.000e+00
      37089 312.394599  -62.15424  -58.39244      0.116    1448.49      1.925      1.906    -0.6064    -0.6033     0.0032    -0.6065    -0.6033     0.0032   2.799229   2.799466   0.000238    34.2908    34.2904     7.5644    27.5626    27.5621         23  0.000e+00
      37090 312.394599  -62.15424  -58.39244      0.127    1448.49      1.981      1.962    -0.6064    -0.6033     0.0031    -0.6064    -0.6033     0.0031   2.799217   2.799478   0.000260    34.2905    34.2905     7.5699    27.5624    27.5622         23  0.000e+00
      37091 312.394600  -62.15424  -58.39244      0.140    1448.49      2.046      2.026    -0.6064    -0.6033     0.0032    -0.6065    -0.6033     0.0032   2.799274   2.799478   0.000203    34.2913    34.2905     7.5701    27.5630    27.5622         23  0.000e+00
      37092 312.394600  -62.15424  -58.39244      0.155    1448.49      2.046      2.026    -0.6062    -0.6033     0.0029    -0.6063    -0.6033     0.0029   2.799354   2.799489   0.000135    34.2921    34.2906     7.5701    27.5637    27.5623         23  0.000e+00
      37093 312.394601  -62.15424  -58.39244      0.160    1448.49      1.981      1.962    -0.6064    -0.6031     0.0033    -0.6065    -0.6031     0.0033   2.799394   2.799494   0.000100    34.2930    34.2905     7.5702    27.5643    27.5622         23  0.000e+00
      37094 312.394601  -62.15424  -58.39244      0.171    1448.49      2.046      2.026    -0.6065    -0.6029     0.0036    -0.6065    -0.6030     0.0036   2.799343   2.799500   0.000157    34.2923    34.2904     7.5705    27.5638    27.5621         23  0.000e+00
      37095 312.394602  -62.15424  -58.39244      0.181    1448.49      2.030      2.010    -0.6065    -0.6026     0.0039    -0.6065    -0.6027     0.0039   2.799303   2.799517   0.000214    34.2918    34.2903     7.5706    27.5634    27.5620         23  0.000e+00
      37096 312.394602  -62.15424  -58.39244      0.190    1448.49      2.102      2.082    -0.6066    -0.6029     0.0037    -0.6067    -0.6030     0.0037   2.799234   2.799562   0.000328    34.2909    34.2912     7.5709    27.5627    27.5627         23  0.000e+00
      37097 312.394603  -62.15424  -58.39244      0.202    1448.49      2.102      2.082    -0.6062    -0.6027     0.0035    -0.6063    -0.6027     0.0035   2.799200   2.799517   0.000317    34.2900    34.2903     7.5709    27.5619    27.5620         23  0.000e+00
      37098 312.394603  -62.15424  -58.39244      0.206    1448.49      2.046      2.026    -0.6066    -0.6026     0.0040    -0.6067    -0.6027     0.0040   2.799229   2.799539   0.000311    34.2909    34.2906     7.5647    27.5627    27.5622         23  0.000e+00
      37099 312.394604  -62.15424  -58.39244      0.212    1448.49      2.102      2.082    -0.6064    -0.6025     0.0039    -0.6064    -0.6026     0.0039   2.799320   2.799534   0.000214    34.2918    34.2903     7.5702    27.5634    27.5620         23  0.000e+00
      37100 312.394604  -62.15424  -58.39244      0.220    1448.49      2.158      2.138    -0.6063    -0.6025     0.0038    -0.6063    -0.6026     0.0038   2.799348   2.799528   0.000180    34.2921    34.2902     7.5640    27.5636    27.5619         23  0.000e+00
      37101 312.394605  -62.15424  -58.39244      0.229    1448.49      2.102      2.082    -0.6064    -0.6023     0.0041    -0.6064    -0.6024     0.0041   2.799405   2.799539   0.000134    34.2930    34.2902     7.5695    27.5644    27.5619         23  0.000e+00
      37102 312.394605  -62.15424  -58.39244      0.235    1448.49      2.158      2.138    -0.6064    -0.6021     0.0043    -0.6065    -0.6022     0.0043   2.799388   2.799568   0.000179    34.2928    34.2903     7.5698    27.5642    27.5620         23  0.000e+00
      37103 312.394606  -62.15424  -58.39244      0.240    1448.49      2.142      2.122    -0.6062    -0.6023     0.0039    -0.6063    -0.6024     0.0039   2.799297   2.799579   0.000282    34.2913    34.2907     7.5700    27.5630    27.5623         23  0.000e+00
      37104 312.394606  -62.15424  -58.39244      0.245    1448.49      2.102      2.082    -0.6061    -0.6020     0.0041    -0.6062    -0.6021     0.0041   2.799229   2.799562   0.000333    34.2903    34.2902     7.5702    27.5622    27.5619         23  0.000e+00
      37105 312.394606  -62.15424  -58.39244      0.245    1448.49      2.158      2.138    -0.6060    -0.6020     0.0040    -0.6061    -0.6021     0.0040   2.799217   2.799545   0.000328    34.2900    34.2899     7.5704    27.5619    27.5617         23  0.000e+00
      37106 312.394607  -62.15424  -58.39244      0.254    1448.49      2.223      2.201    -0.6060    -0.6020     0.0039    -0.6060    -0.6021     0.0039   2.799257   2.799568   0.000310    34.2905    34.2902     7.5707    27.5623    27.5619         23  0.000e+00
      37107 312.394607  -62.15424  -58.39244      0.255    1448.49      2.158      2.138    -0.6059    -0.6020     0.0039    -0.6060    -0.6021     0.0039   2.799348   2.799579   0.000230    34.2917    34.2904     7.5708    27.5633    27.5620         23  0.000e+00
      37108 312.394608  -62.15424  -58.39244      0.263    1448.49      2.223      2.201    -0.6058    -0.6018     0.0040    -0.6059    -0.6019     0.0040   2.799411   2.799579   0.000168    34.2923    34.2901     7.5710    27.5638    27.5618         23  0.000e+00
      37109 312.394608  -62.15424  -58.39244      0.262    1448.49      2.158      2.138    -0.6059    -0.6018     0.0041    -0.6060    -0.6019     0.0041   2.799388   2.799573   0.000185    34.2922    34.2901     7.5712    27.5637    27.5618         23  0.000e+00
      37110 312.394609  -62.15424  -58.39244      0.263    1448.49      2.223      2.201    -0.6061    -0.6026     0.0035    -0.6062    -0.6027     0.0035   2.799337   2.799556   0.000219    34.2917    34.2907     7.5715    27.5633    27.5623         23  0.000e+00
      37111 312.394609  -62.15424  -58.39244      0.266    1448.49      2.207      2.185    -0.6064    -0.6029     0.0035    -0.6064    -0.6030     0.0035   2.799286   2.799534   0.000248    34.2913    34.2907     7.5718    27.5630    27.5624         23  0.000e+00
      37112 312.394610  -62.15424  -58.39244      0.269    1448.49      2.223      2.201    -0.6060    -0.6033     0.0027    -0.6060    -0.6033     0.0027   2.799212   2.799506   0.000294    34.2898    34.2907     7.5720    27.5618    27.5624         23  0.000e+00
      37113 312.394610  -62.15424  -58.39244      0.271    1448.49      2.223      2.201    -0.6064    -0.6033     0.0031    -0.6064    -0.6033     0.0031   2.799229   2.799500   0.000271    34.2905    34.2907     7.5723    27.5624    27.5623         23  0.000e+00
      37114 312.394611  -62.15424  -58.39244      0.270    1448.49      2.223      2.201    -0.6060    -0.6029     0.0031    -0.6060    -0.6030     0.0031   2.799280   2.799494   0.000215    34.2908    34.2902     7.5724    27.5625    27.5619         23  0.000e+00
      37115 312.394611  -62.15424  -58.39244      0.269    1448.49      2.223      2.201    -0.6064    -0.6034     0.0030    -0.6064    -0.6034     0.0030   2.799377   2.799478   0.000101    34.2925    34.2905     7.5726    27.5640    27.5622         23  0.000e+00
