Pos-Processados/process_op42/operantar42_020.cnv
* Sea-Bird SBE 9 Data File:
* FileName = C:\Users\Hidrografia\Desktop\OPXLII\Brutos\OP42020.hdr
* Software Version Seasave V 7.26.7.107
* Temperature SN = 6502
* Conductivity SN = 4998
* Number of Bytes Per Scan = 37
* Number of Voltage Words = 4
* Number of Scans Averaged by the Deck Unit = 1
* NMEA Latitude = 62 08.28 S
* NMEA Longitude = 058 26.46 W
* NMEA UTC (Time) = Nov 07 2023 17:35:19
* NMEA baud rate = 4800
** H41
** NPOALTEMAXIMIANO
** NUMERO DA ESTACAO (XXX) 020
** LAT (XX XX.XX S/N) 62 08.46 S
** LONG (XXX XX.XX W/E) 058 26.12 W
** DATAHORA (dd/mm/aaaa hh:mm Z) 07/11/2023 1734Z
** PROFUNDIDADE (m) 423
** OPERADOR CT FILIPE LOPES
# nquan = 30
# nvalues = 745                         
# units = specified
# name 0 = scan: Scan Count
# name 1 = timeJ: Julian Days
# name 2 = latitude: Latitude [deg]
# name 3 = longitude: Longitude [deg]
# name 4 = dz/dtM: Descent Rate [m/s]
# name 5 = avgsvCM: Average Sound Velocity [Chen-Millero, m/s]
# name 6 = prDM: Pressure, Digiquartz [db]
# name 7 = depSM: Depth [salt water, m]
# name 8 = t090C: Temperature [ITS-90, deg C]
# name 9 = t190C: Temperature, 2 [ITS-90, deg C]
# name 10 = T2-T190C: Temperature Difference, 2 - 1 [ITS-90, deg C]
# name 11 = potemp090C: Potential Temperature [ITS-90, deg C]
# name 12 = potemp190C: Potential Temperature, 2 [ITS-90, deg C]
# name 13 = potemp90Cdiff: Potential Temperature, Diff, 2 - 1 [ITS-90, deg C]
# name 14 = c0S/m: Conductivity [S/m]
# name 15 = c1S/m: Conductivity, 2 [S/m]
# name 16 = C2-C1S/m: Conductivity Difference, 2 - 1 [S/m]
# name 17 = sal00: Salinity, Practical [PSU]
# name 18 = sal11: Salinity, Practical, 2 [PSU]
# name 19 = sbeox0ML/L: Oxygen, SBE 43 [ml/l]
# name 20 = sigma-é00: Density [sigma-theta, kg/m^3]
# name 21 = sigma-é11: Density, 2 [sigma-theta, kg/m^3]
# name 22 = sal00: Salinity, Practical [PSU]
# name 23 = sigma-é00: Density [sigma-theta, kg/m^3]
# name 24 = svCM: Sound Velocity [Chen-Millero, m/s]
# name 25 = svCM1: Sound Velocity, 2 [Chen-Millero, m/s]
# name 26 = gsw_ptA0: potential temperature [ITS-90, deg C]
# name 27 = gsw_densityA0: density, TEOS-10 [density, kg/m^3]
# name 28 = gsw_saA0: Absolute Salinity [g/kg]
# name 29 = flag:
# span 0 =       7172,      29750       
# span 1 = 311.736317, 311.747206       
# span 2 =  -62.14048,  -62.13878       
# span 3 =  -58.44190,  -58.44100       
# span 4 =     -1.150,      1.167       
# span 5 =       0.00,    1448.49       
# span 6 =      3.000,    375.000       
# span 7 =      2.969,    371.064       
# span 8 =    -0.8345,    -0.4525       
# span 9 =    -0.8341,    -0.4542       
# span 10 =    -0.0282,     0.0126      
# span 11 =    -0.8390,    -0.4654      
# span 12 =    -0.8386,    -0.4670      
# span 13 =    -0.0282,     0.0126      
# span 14 =   2.788274,   2.839313      
# span 15 =   2.788274,   2.839083      
# span 16 =  -0.002443,   0.000941      
# span 17 =    34.2743,    34.4268      
# span 18 =    34.2778,    34.4258      
# span 19 =     6.5095,     7.7408      
# span 20 =    27.5447,    27.6663      
# span 21 =    27.5471,    27.6656      
# span 22 =    34.2761,    34.4274      
# span 23 =    27.5462,    27.6668      
# span 24 =    1445.53,    1452.37      
# span 25 =    1445.52,    1452.36      
# span 26 =    -0.8388,    -0.4651      
# span 27 =  1027.5669,  1029.4568      
# span 28 =    34.4414,    34.5957      
# span 29 = 0.0000e+00, 0.0000e+00      
# interval = decibars: 1                
# start_time = Nov 07 2023 17:35:19 [NMEA time, header]
# bad_flag = -9.990e-29
*END*
[from data line 629]
      25995 311.745394  -62.14010  -58.44190     -0.849    1448.48    118.000    116.834    -0.7009    -0.6992     0.0017    -0.7043    -0.7026     0.0017   2.797294   2.797315   0.000020    34.2988    34.2972     7.4635    27.5733    27.5719    34.2997    27.5739    1446.87    1446.87    -0.7043  1028.1439    34.4662 0.0000e+00
      26025 311.745409  -62.14010  -58.44190     -0.820    1448.48    117.000    115.845    -0.6993    -0.6987     0.0005    -0.7027    -0.7022     0.0005   2.797303   2.797276  -0.000028    34.2979    34.2970     7.4477    27.5725    27.5717    34.2986    27.5730    1446.86    1446.86    -0.7027  1028.1382    34.4651 0.0000e+00
      26060 311.745426  -62.14011  -58.44190     -0.701    1448.48    116.000    114.856    -0.6986    -0.6991    -0.0005    -0.7021    -0.7026    -0.0005   2.797245   2.797136  -0.000094    34.2971    34.2965     7.4534    27.5718    27.5713    34.2977    27.5723    1446.84    1446.84    -0.7019  1028.1326    34.4642 0.0000e+00
      26097 311.745444  -62.14012  -58.44190     -0.647    1448.48    115.000    113.863    -0.6963    -0.6982    -0.0020    -0.6997    -0.7016    -0.0020   2.797267   2.797111  -0.000156    34.2954    34.2955     7.4573    27.5703    27.5705    34.2960    27.5708    1446.83    1446.83    -0.6996  1028.1263    34.4625 0.0000e+00
      26128 311.745459  -62.14012  -58.44190     -0.735    1448.48    114.000    112.875    -0.6953    -0.6951     0.0003    -0.6987    -0.6984     0.0003   2.797259   2.797201  -0.000059    34.2949    34.2938     7.4675    27.5699    27.5690    34.2954    27.5702    1446.82    1446.82    -0.6986  1028.1210    34.4619 0.0000e+00
      26156 311.745472  -62.14012  -58.44190     -0.848    1448.48    113.000    111.885    -0.6943    -0.6938     0.0006    -0.6977    -0.6971     0.0006   2.797197   2.797112  -0.000081    34.2936    34.2919     7.4788    27.5688    27.5673    34.2940    27.5691    1446.81    1446.81    -0.6975  1028.1150    34.4604 0.0000e+00
      26183 311.745485  -62.14012  -58.44190     -0.888    1448.48    112.000    110.895    -0.6949    -0.6944     0.0005    -0.6982    -0.6977     0.0005   2.797034   2.796921  -0.000119    34.2930    34.2908     7.4755    27.5683    27.5665    34.2931    27.5684    1446.79    1446.79    -0.6981  1028.1095    34.4595 0.0000e+00
      26212 311.745499  -62.14012  -58.44190     -0.839    1448.48    111.000    109.905    -0.6956    -0.6950     0.0006    -0.6989    -0.6983     0.0006   2.796877   2.796820  -0.000054    34.2921    34.2907     7.4828    27.5676    27.5665    34.2924    27.5678    1446.77    1446.77    -0.6988  1028.1042    34.4588 0.0000e+00
      26244 311.745515  -62.14012  -58.44190     -0.766    1448.48    110.000    108.916    -0.6966    -0.6956     0.0010    -0.6998    -0.6988     0.0010   2.796706   2.796712  -0.000002    34.2917    34.2905     7.4940    27.5673    27.5663    34.2918    27.5674    1446.75    1446.75    -0.6997  1028.0990    34.4582 0.0000e+00
      26277 311.745530  -62.14012  -58.44190     -0.731    1448.48    109.000    107.926    -0.6977    -0.6965     0.0013    -0.7010    -0.6997     0.0013   2.796508   2.796532   0.000022    34.2911    34.2900     7.5015    27.5669    27.5659    34.2911    27.5669    1446.72    1446.73    -0.7008  1028.0937    34.4575 0.0000e+00
      26307 311.745545  -62.14012  -58.44190     -0.787    1448.48    108.000    106.936    -0.6984    -0.6981     0.0004    -0.7016    -0.7013     0.0004   2.796385   2.796299  -0.000079    34.2909    34.2894     7.5053    27.5667    27.5655    34.2908    27.5667    1446.70    1446.70    -0.7015  1028.0887    34.4572 0.0000e+00
      26337 311.745559  -62.14014  -58.44190     -0.811    1448.48    107.000    105.946    -0.6994    -0.6987     0.0007    -0.7025    -0.7018     0.0007   2.796236   2.796185  -0.000055    34.2905    34.2890     7.5108    27.5665    27.5652    34.2905    27.5664    1446.68    1446.68    -0.7025  1028.0837    34.4569 0.0000e+00
      26369 311.745575  -62.14014  -58.44190     -0.759    1448.48    106.000    104.956    -0.6997    -0.6989     0.0008    -0.7028    -0.7020     0.0008   2.796143   2.796120  -0.000026    34.2903    34.2890     7.5125    27.5663    27.5652    34.2902    27.5662    1446.66    1446.67    -0.7027  1028.0787    34.4566 0.0000e+00
      26400 311.745590  -62.14014  -58.44190     -0.754    1448.48    105.000    103.966    -0.7005    -0.6994     0.0011    -0.7036    -0.7025     0.0011   2.795998   2.796018   0.000015    34.2900    34.2889     7.5152    27.5661    27.5652    34.2898    27.5659    1446.64    1446.65    -0.7035  1028.0736    34.4561 0.0000e+00
      26429 311.745604  -62.14014  -58.44190     -0.812    1448.48    104.000    102.976    -0.7017    -0.7009     0.0008    -0.7047    -0.7040     0.0008   2.795853   2.795824  -0.000018    34.2899    34.2888     7.5196    27.5660    27.5652    34.2898    27.5660    1446.62    1446.62    -0.7047  1028.0689    34.4561 0.0000e+00
      26456 311.745617  -62.14014  -58.44190     -0.878    1448.48    103.000    101.986    -0.7025    -0.7029    -0.0005    -0.7055    -0.7059    -0.0005   2.795735   2.795618  -0.000114    34.2899    34.2889     7.5244    27.5661    27.5653    34.2897    27.5659    1446.60    1446.60    -0.7054  1028.0641    34.4560 0.0000e+00
      26483 311.745630  -62.14014  -58.44190     -0.884    1448.48    102.000    100.997    -0.7045    -0.7059    -0.0014    -0.7075    -0.7088    -0.0014   2.795514   2.795315  -0.000193    34.2899    34.2889     7.5242    27.5662    27.5654    34.2896    27.5660    1446.58    1446.57    -0.7074  1028.0593    34.4560 0.0000e+00
      26514 311.745645  -62.14015  -58.44190     -0.812    1448.48    101.000    100.006    -0.7071    -0.7063     0.0008    -0.7100    -0.7093     0.0008   2.795269   2.795231  -0.000050    34.2902    34.2887     7.5185    27.5665    27.5652    34.2899    27.5663    1446.55    1446.55    -0.7100  1028.0548    34.4562 0.0000e+00
      26547 311.745661  -62.14016  -58.44190     -0.727    1448.48    100.000     99.017    -0.7083    -0.7067     0.0017    -0.7113    -0.7096     0.0017   2.795098   2.795145   0.000045    34.2899    34.2886     7.5244    27.5663    27.5652    34.2896    27.5661    1446.53    1446.53    -0.7112  1028.0499    34.4559 0.0000e+00
      26580 311.745677  -62.14016  -58.44190     -0.726    1448.48     99.000     98.027    -0.7090    -0.7083     0.0007    -0.7119    -0.7112     0.0007   2.794980   2.794943  -0.000035    34.2898    34.2884     7.5245    27.5663    27.5651    34.2894    27.5660    1446.51    1446.51    -0.7118  1028.0450    34.4557 0.0000e+00
      26611 311.745691  -62.14016  -58.44190     -0.773    1448.48     98.000     97.037    -0.7104    -0.7102     0.0002    -0.7133    -0.7131     0.0002   2.794798   2.794731  -0.000059    34.2894    34.2884     7.5280    27.5660    27.5652    34.2891    27.5658    1446.48    1446.48    -0.7132  1028.0400    34.4554 0.0000e+00
      26642 311.745706  -62.14016  -58.44190     -0.777    1448.48     97.000     96.047    -0.7107    -0.7111    -0.0003    -0.7136    -0.7139    -0.0003   2.794718   2.794607  -0.000118    34.2894    34.2882     7.5151    27.5660    27.5651    34.2891    27.5658    1446.46    1446.46    -0.7135  1028.0352    34.4553 0.0000e+00
      26674 311.745722  -62.14016  -58.44190     -0.749    1448.48     96.000     95.057    -0.7130    -0.7120     0.0010    -0.7158    -0.7148     0.0010   2.794470   2.794480   0.000001    34.2892    34.2881     7.5166    27.5659    27.5650    34.2888    27.5657    1446.44    1446.44    -0.7157  1028.0303    34.4551 0.0000e+00
      26704 311.745737  -62.14017  -58.44190     -0.770    1448.48     95.000     94.067    -0.7145    -0.7117     0.0028    -0.7172    -0.7145     0.0028   2.794264   2.794441   0.000172    34.2888    34.2880     7.5287    27.5657    27.5649    34.2884    27.5654    1446.41    1446.42    -0.7172  1028.0252    34.4546 0.0000e+00
      26733 311.745750  -62.14018  -58.44190     -0.824    1448.48     94.000     93.077    -0.7150    -0.7141     0.0009    -0.7177    -0.7168     0.0009   2.794172   2.794167   0.000002    34.2886    34.2876     7.5276    27.5655    27.5647    34.2884    27.5654    1446.39    1446.40    -0.7177  1028.0204    34.4545 0.0000e+00
      26761 311.745764  -62.14018  -58.44190     -0.855    1448.48     93.000     92.087    -0.7146    -0.7138     0.0008    -0.7173    -0.7165     0.0008   2.794134   2.794124  -0.000006    34.2882    34.2872     7.5348    27.5652    27.5644    34.2880    27.5651    1446.38    1446.38    -0.7172  1028.0153    34.4542 0.0000e+00
      26791 311.745778  -62.14018  -58.44190     -0.819    1448.48     92.000     91.097    -0.7147    -0.7134     0.0013    -0.7174    -0.7161     0.0013   2.794099   2.794096  -0.000006    34.2884    34.2869     7.5293    27.5654    27.5641    34.2883    27.5653    1446.36    1446.37    -0.7173  1028.0107    34.4544 0.0000e+00
      26823 311.745794  -62.14018  -58.44190     -0.759    1448.48     91.000     90.107    -0.7127    -0.7129    -0.0002    -0.7153    -0.7155    -0.0002   2.794191   2.794099  -0.000082    34.2877    34.2868     7.5351    27.5648    27.5640    34.2879    27.5649    1446.36    1446.35    -0.7153  1028.0055    34.4540 0.0000e+00
      26854 311.745809  -62.14018  -58.44190     -0.768    1448.48     90.000     89.117    -0.7061    -0.7062    -0.0000    -0.7088    -0.7088    -0.0000   2.794643   2.794564  -0.000085    34.2867    34.2855     7.5421    27.5636    27.5627    34.2872    27.5640    1446.37    1446.37    -0.7087  1027.9998    34.4532 0.0000e+00
      26882 311.745822  -62.14018  -58.44190     -0.821    1448.48     89.000     88.127    -0.7012    -0.6962     0.0051    -0.7038    -0.6988     0.0051   2.794948   2.795280   0.000298    34.2859    34.2842     7.5396    27.5628    27.5612    34.2863    27.5631    1446.38    1446.40    -0.7037  1027.9950    34.4534 0.0000e+00
      26912 311.745837  -62.14018 -9.990e-29     -0.826    1448.48     88.000     87.137    -0.6973    -0.6956     0.0017    -0.6999    -0.6982     0.0017   2.795272   2.795286   0.000033    34.2862    34.2847     7.5389    27.5629    27.5616    34.2869    27.5634    1446.38    1446.38    -0.6998  1027.9905    34.4541 0.0000e+00
      26942 311.745851  -62.14020 -9.990e-29     -0.807    1448.48     87.000     86.147    -0.6945    -0.6932     0.0014    -0.6971    -0.6957     0.0014   2.795385   2.795435   0.000042    34.2855    34.2845     7.5329    27.5621    27.5613    34.2859    27.5625    1446.37    1446.38    -0.6970  1027.9848    34.4530 0.0000e+00
      26972 311.745866  -62.14020  -58.44188     -0.797    1448.48     86.000     85.157    -0.6899    -0.6917    -0.0017    -0.6925    -0.6942    -0.0017   2.795731   2.795490  -0.000207    34.2852    34.2844     7.5370    27.5618    27.5612    34.2860    27.5624    1446.38    1446.37    -0.6924  1027.9794    34.4525 0.0000e+00
      27002 311.745880  -62.14020  -58.44188     -0.801    1448.48     85.000     84.167    -0.6878    -0.6880    -0.0002    -0.6903    -0.6905    -0.0002   2.795873   2.795758  -0.000125    34.2854    34.2839     7.5432    27.5618    27.5606    34.2861    27.5624    1446.37    1446.37    -0.6902  1027.9742    34.4521 0.0000e+00
      27030 311.745894  -62.14020  -58.44188     -0.829    1448.48     84.000     83.177    -0.6851    -0.6844     0.0008    -0.6876    -0.6868     0.0008   2.796036   2.795976  -0.000056    34.2853    34.2836     7.5520    27.5616    27.5602    34.2859    27.5621    1446.37    1446.37    -0.6875  1027.9691    34.4519 0.0000e+00
      27058 311.745907  -62.14020  -58.44188     -0.854    1448.48     83.000     82.187    -0.6810    -0.6795     0.0015    -0.6835    -0.6820     0.0015   2.796334   2.796353  -0.000011    34.2849    34.2831     7.5526    27.5612    27.5596    34.2859    27.5619    1446.37    1446.38    -0.6834  1027.9641    34.4518 0.0000e+00
      27086 311.745921  -62.14020  -58.44188     -0.865    1448.48     82.000     81.197    -0.6745    -0.6699     0.0046    -0.6769    -0.6723     0.0046   2.796810   2.797084   0.000267    34.2844    34.2828     7.5452    27.5604    27.5590    34.2855    27.5613    1446.39    1446.40    -0.6769  1027.9587    34.4515 0.0000e+00
      27114 311.745934  -62.14020  -58.44188     -0.856    1448.48     81.000     80.207    -0.6660    -0.6630     0.0030    -0.6684    -0.6654     0.0030   2.797486   2.797575   0.000113    34.2844    34.2825     7.5531    27.5601    27.5584    34.2856    27.5611    1446.41    1446.42    -0.6683  1027.9536    34.4516 0.0000e+00
      27142 311.745948  -62.14021  -58.44188     -0.852    1448.48     80.000     79.217    -0.6652    -0.6636     0.0017    -0.6676    -0.6659     0.0017   2.797509   2.797508   0.000002    34.2848    34.2830     7.5478    27.5604    27.5588    34.2857    27.5611    1446.40    1446.40    -0.6675  1027.9489    34.4516 0.0000e+00
      27170 311.745961  -62.14022  -58.44188     -0.865    1448.48     79.000     78.227    -0.6615    -0.6608     0.0007    -0.6639    -0.6632     0.0007   2.797715   2.797681  -0.000035    34.2841    34.2828     7.5502    27.5596    27.5586    34.2849    27.5603    1446.40    1446.40    -0.6638  1027.9432    34.4508 0.0000e+00
      27197 311.745974  -62.14022  -58.44188     -0.874    1448.48     78.000     77.237    -0.6604    -0.6602     0.0001    -0.6627    -0.6625     0.0001   2.797787   2.797688  -0.000089    34.2843    34.2830     7.5506    27.5598    27.5587    34.2852    27.5604    1446.39    1446.39    -0.6626  1027.9386    34.4510 0.0000e+00
      27226 311.745988  -62.14022  -58.44188     -0.846    1448.48     77.000     76.247    -0.6587    -0.6582     0.0006    -0.6610    -0.6604     0.0006   2.797847   2.797805  -0.000053    34.2842    34.2828     7.5539    27.5596    27.5585    34.2847    27.5600    1446.38    1446.38    -0.6609  1027.9334    34.4506 0.0000e+00
      27258 311.746004  -62.14022  -58.44188     -0.773    1448.48     76.000     75.257    -0.6597    -0.6588     0.0009    -0.6619    -0.6611     0.0009   2.797767   2.797662  -0.000068    34.2848    34.2829     7.5665    27.5601    27.5586    34.2854    27.5606    1446.36    1446.36    -0.6619  1027.9287    34.4507 0.0000e+00
      27289 311.746019 -9.990e-29  -58.44188     -0.750    1448.48     75.000     74.267    -0.6572    -0.6613    -0.0041    -0.6594    -0.6635    -0.0041   2.797889   2.797451  -0.000448    34.2842    34.2828     7.5650    27.5596    27.5586    34.2848    27.5600    1446.35    1446.33    -0.6593  1027.9204    34.4464 0.0000e+00
      27317 311.746032 -9.990e-29  -58.44188     -0.824    1448.48     74.000     73.277    -0.6565    -0.6558     0.0007    -0.6587    -0.6580     0.0007   2.797895   2.797851  -0.000063    34.2844    34.2827     7.5637    27.5597    27.5583    34.2848    27.5600    1446.34    1446.34    -0.6586  1027.9156    34.4464 0.0000e+00
      27343 311.746044 -9.990e-29  -58.44188     -0.920    1448.48     73.000     72.287    -0.6559    -0.6535     0.0024    -0.6581    -0.6557     0.0024   2.797897   2.797992   0.000084    34.2842    34.2827     7.5625    27.5595    27.5581    34.2847    27.5599    1446.33    1446.33    -0.6580  1027.9108    34.4464 0.0000e+00
      27369 311.746057  -62.14024  -58.44188     -0.935    1448.48     72.000     71.297    -0.6536    -0.6523     0.0013    -0.6558    -0.6545     0.0013   2.798046   2.798031  -0.000003    34.2843    34.2828     7.5669    27.5595    27.5582    34.2848    27.5598    1446.32    1446.32    -0.6557  1027.9074    34.4483 0.0000e+00
