Pos-Processados/process_op42/operantar42_019.ros
* Sea-Bird SBE 9 Data File:
* FileName = C:\Users\Hidrografia\Desktop\OPXLII\Brutos\OP42019.hdr
* Software Version Seasave V 7.26.7.107
* Temperature SN = 6502
* Conductivity SN = 4998
* Number of Bytes Per Scan = 37
* Number of Voltage Words = 4
* Number of Scans Averaged by the Deck Unit = 1
* NMEA Latitude = 62 12.74 S
* NMEA Longitude = 058 20.49 W
* NMEA UTC (Time) = Nov 07 2023 15:27:40
* NMEA baud rate = 4800
** H41
** NPOALTEMAXIMIANO
** NUMERO DA ESTACAO (XXX) 019
** LAT (XX XX.XX S/N) 62 12.46 S
** LONG (XXX XX.XX W/E) 058 20.12 W
** DATAHORA (dd/mm/aaaa hh:mm Z) 07/11/2023 1518Z
** PROFUNDIDADE (m) 490
** OPERADOR CT FILIPE LOPES
# nquan = 24
# nvalues = 4095                                  
# units = specified
# name 0 = scan: Scan Count
# name 1 = timeJ: Julian Days
# name 2 = latitude: Latitude [deg]
# name 3 = longitude: Longitude [deg]
# name 4 = dz/dtM: Descent Rate [m/s]
# name 5 = avgsvCM: Average Sound Velocity [Chen-Millero, m/s]
# name 6 = prDM: Pressure, Digiquartz [db]
# name 7 = depSM: Depth [salt water, m]
# name 8 = t090C: Temperature [ITS-90, deg C]
# name 9 = t190C: Temperature, 2 [ITS-90, deg C]
# name 10 = T2-T190C: Temperature Difference, 2 - 1 [ITS-90, deg C]
# name 11 = potemp090C: Potential Temperature [ITS-90, deg C]
# name 12 = potemp190C: Potential Temperature, 2 [ITS-90, deg C]
# name 13 = potemp90Cdiff: Potential Temperature, Diff, 2 - 1 [ITS-90, deg C]
# name 14 = c0S/m: Conductivity [S/m]
# name 15 = c1S/m: Conductivity, 2 [S/m]
# name 16 = C2-C1S/m: Conductivity Difference, 2 - 1 [S/m]
# name 17 = sal00: Salinity, Practical [PSU]
# name 18 = sal11: Salinity, Practical, 2 [PSU]
# name 19 = sbeox0ML/L: Oxygen, SBE 43 [ml/l]
# name 20 = sigma-é00: Density [sigma-theta, kg/m^3]
# name 21 = sigma-é11: Density, 2 [sigma-theta, kg/m^3]
# name 22 = nbf: Bottles Fired
# name 23 = flag:  0.000e+00
# interval = seconds: 0.0416667
# start_time = Nov 07 2023 15:27:40 [NMEA time, header]
# bad_flag = -9.990e-29
*END*
[from data line 3382]
      40889 311.663931  -62.21868  -58.33434      0.079    1448.92      2.295      2.273    -0.5296    -0.5293     0.0003    -0.5296    -0.5294     0.0003   2.806177   2.806071  -0.000107    34.2972    34.2954     7.5338    27.5644    27.5629         20  0.000e+00
      40890 311.663932  -62.21868  -58.33434      0.064    1448.92      2.295      2.273    -0.5297    -0.5293     0.0004    -0.5298    -0.5294     0.0004   2.806155   2.806043  -0.000112    34.2970    34.2950     7.5324    27.5642    27.5626         20  0.000e+00
      40891 311.663932  -62.21868  -58.33434      0.055    1448.92      2.351      2.329    -0.5298    -0.5295     0.0003    -0.5298    -0.5296     0.0003   2.806143   2.806088  -0.000056    34.2969    34.2958     7.5311    27.5641    27.5633         20  0.000e+00
      40892 311.663933  -62.21868  -58.33434      0.045    1448.92      2.343      2.321    -0.5298    -0.5292     0.0005    -0.5298    -0.5293     0.0005   2.806080   2.806071  -0.000010    34.2960    34.2953     7.5307    27.5634    27.5628         20  0.000e+00
      40893 311.663933  -62.21868  -58.33434      0.033    1448.92      2.295      2.273    -0.5295    -0.5293     0.0002    -0.5296    -0.5294     0.0002   2.806063   2.806054  -0.000009    34.2956    34.2952     7.5302    27.5631    27.5628         20  0.000e+00
      40894 311.663934  -62.21868  -58.33434      0.016    1448.92      2.231      2.209    -0.5299    -0.5297     0.0002    -0.5300    -0.5297     0.0002   2.806080   2.806060  -0.000021    34.2963    34.2957     7.5297    27.5637    27.5632         20  0.000e+00
      40895 311.663934  -62.21868  -58.33434      0.008    1448.92      2.295      2.273    -0.5299    -0.5297     0.0002    -0.5300    -0.5297     0.0002   2.806086   2.806065  -0.000021    34.2963    34.2958     7.5294    27.5637    27.5632         20  0.000e+00
      40896 311.663935  -62.21868  -58.33434     -0.009    1448.92      2.231      2.209    -0.5298    -0.5298    -0.0000    -0.5298    -0.5299    -0.0000   2.806166   2.806031  -0.000135    34.2972    34.2955     7.5288    27.5644    27.5630         20  0.000e+00
      40897 311.663935  -62.21868  -58.33434     -0.019    1448.92      2.231      2.209    -0.5300    -0.5301    -0.0001    -0.5301    -0.5302    -0.0001   2.806195   2.806009  -0.000186    34.2979    34.2955     7.5284    27.5650    27.5630         20  0.000e+00
      40898 311.663936  -62.21868  -58.33434     -0.031    1448.92      2.231      2.209    -0.5296    -0.5301    -0.0005    -0.5296    -0.5302    -0.0005   2.806172   2.806020  -0.000152    34.2971    34.2957     7.5279    27.5643    27.5632         20  0.000e+00
      40899 311.663936  -62.21868  -58.33434     -0.046    1448.92      2.174      2.153    -0.5299    -0.5303    -0.0003    -0.5300    -0.5303    -0.0003   2.806223   2.805992  -0.000231    34.2982    34.2955     7.5275    27.5652    27.5631         20  0.000e+00
      40900 311.663937  -62.21868  -58.33434     -0.058    1448.92      2.231      2.209    -0.5296    -0.5301    -0.0005    -0.5296    -0.5302    -0.0005   2.806183   2.805981  -0.000202    34.2973    34.2951     7.5271    27.5644    27.5627         20  0.000e+00
      40901 311.663937  -62.21868  -58.33434     -0.073    1448.92      2.174      2.153    -0.5299    -0.5306    -0.0007    -0.5299    -0.5306    -0.0007   2.806149   2.805975  -0.000174    34.2972    34.2956     7.5267    27.5644    27.5632         20  0.000e+00
      40902 311.663938  -62.21868  -58.33434     -0.084    1448.92      2.174      2.153    -0.5299    -0.5301    -0.0002    -0.5300    -0.5302    -0.0002   2.806160   2.805998  -0.000163    34.2974    34.2954     7.5262    27.5646    27.5629         20  0.000e+00
      40903 311.663938  -62.21868  -58.33434     -0.095    1448.92      2.174      2.154    -0.5296    -0.5306    -0.0010    -0.5296    -0.5306    -0.0010   2.806183   2.805998  -0.000185    34.2973    34.2959     7.5257    27.5645    27.5634         20  0.000e+00
      40904 311.663939  -62.21868  -58.33434     -0.109    1448.92      2.118      2.098    -0.5298    -0.5303    -0.0005    -0.5298    -0.5303    -0.0005   2.806132   2.805981  -0.000151    34.2968    34.2954     7.5264    27.5641    27.5630         20  0.000e+00
      40905 311.663939  -62.21868  -58.33434     -0.126    1448.92      2.118      2.098    -0.5295    -0.5303    -0.0007    -0.5296    -0.5303    -0.0007   2.806166   2.805992  -0.000174    34.2971    34.2955     7.5259    27.5643    27.5631         20  0.000e+00
      40906 311.663940  -62.21868  -58.33434     -0.135    1448.92      2.118      2.098    -0.5299    -0.5304    -0.0005    -0.5300    -0.5305    -0.0005   2.806189   2.805981  -0.000208    34.2978    34.2956     7.5256    27.5649    27.5631         20  0.000e+00
      40907 311.663940  -62.21868  -58.33434     -0.144    1448.92      2.158      2.138    -0.5294    -0.5303    -0.0009    -0.5295    -0.5303    -0.0009   2.806132   2.806020  -0.000112    34.2964    34.2959     7.5263    27.5638    27.5634         20  0.000e+00
      40908 311.663940  -62.21868  -58.33434     -0.160    1448.92      2.054      2.034    -0.5297    -0.5303    -0.0006    -0.5298    -0.5303    -0.0006   2.806092   2.805969  -0.000122    34.2963    34.2953     7.5259    27.5637    27.5629         20  0.000e+00
      40909 311.663941  -62.21868  -58.33434     -0.171    1448.92      2.054      2.034    -0.5298    -0.5301    -0.0003    -0.5298    -0.5301    -0.0003   2.806126   2.806014  -0.000112    34.2968    34.2957     7.5256    27.5641    27.5632         20  0.000e+00
      40910 311.663941  -62.21868  -58.33434     -0.181    1448.92      2.054      2.034    -0.5294    -0.5300    -0.0006    -0.5295    -0.5300    -0.0006   2.806120   2.806065  -0.000055    34.2963    34.2962     7.5252    27.5637    27.5636         20  0.000e+00
      40911 311.663942  -62.21868  -58.33434     -0.188    1448.92      2.054      2.034    -0.5298    -0.5297     0.0001    -0.5298    -0.5297     0.0001   2.806212   2.806043  -0.000169    34.2980    34.2956     7.5248    27.5650    27.5631         20  0.000e+00
      40912 311.663942  -62.21868  -58.33434     -0.203    1448.92      2.054      2.034    -0.5297    -0.5293     0.0004    -0.5298    -0.5294     0.0004   2.806183   2.806054  -0.000129    34.2975    34.2953     7.5309    27.5646    27.5629         20  0.000e+00
      40913 311.663943  -62.21868  -58.33434     -0.214    1448.92      1.997      1.978    -0.5296    -0.5292     0.0004    -0.5296    -0.5293     0.0004   2.806149   2.806071  -0.000078    34.2970    34.2955     7.5251    27.5642    27.5630         20  0.000e+00
      40914 311.663943  -62.21868  -58.33434     -0.224    1448.92      1.998      1.978    -0.5298    -0.5288     0.0009    -0.5298    -0.5289     0.0009   2.806200   2.806082  -0.000118    34.2978    34.2952     7.5311    27.5649    27.5628         20  0.000e+00
      40915 311.663944  -62.21868  -58.33434     -0.233    1448.92      1.998      1.978    -0.5294    -0.5287     0.0007    -0.5295    -0.5288     0.0007   2.806160   2.806099  -0.000061    34.2969    34.2953     7.5316    27.5642    27.5628         20  0.000e+00
      40916 311.663944  -62.21868  -58.33432     -0.241    1448.92      1.998      1.978    -0.5294    -0.5286     0.0008    -0.5295    -0.5287     0.0008   2.806200   2.806110  -0.000090    34.2975    34.2953     7.5258    27.5646    27.5628         20  0.000e+00
      40917 311.663945  -62.21868  -58.33432     -0.248    1448.92      1.998      1.978    -0.5294    -0.5286     0.0009    -0.5295    -0.5286     0.0009   2.806177   2.806093  -0.000084    34.2971    34.2950     7.5317    27.5643    27.5626         20  0.000e+00
      40918 311.663945  -62.21868  -58.33432     -0.258    1448.92      1.933      1.915    -0.5298    -0.5286     0.0012    -0.5298    -0.5286     0.0012   2.806149   2.806099  -0.000050    34.2972    34.2952     7.5333    27.5644    27.5627         20  0.000e+00
      40919 311.663946  -62.21868  -58.33432     -0.263    1448.92      1.933      1.915    -0.5293    -0.5286     0.0007    -0.5294    -0.5286     0.0007   2.806160   2.806149  -0.000011    34.2968    34.2958     7.5337    27.5641    27.5632         20  0.000e+00
      40920 311.663946  -62.21868  -58.33432     -0.268    1448.92      1.982      1.962    -0.5295    -0.5287     0.0008    -0.5296    -0.5288     0.0008   2.806103   2.806161   0.000058    34.2963    34.2962     7.5290    27.5636    27.5635         20  0.000e+00
      40921 311.663947  -62.21868  -58.33432     -0.274    1448.92      1.933      1.915    -0.5293    -0.5286     0.0007    -0.5294    -0.5286     0.0007   2.806120   2.806144   0.000024    34.2963    34.2958     7.5347    27.5636    27.5632         20  0.000e+00
      40922 311.663947  -62.21868  -58.33432     -0.279    1448.92      1.933      1.915    -0.5293    -0.5283     0.0010    -0.5294    -0.5283     0.0010   2.806115   2.806133   0.000018    34.2962    34.2953     7.5352    27.5636    27.5628         20  0.000e+00
      40923 311.663948  -62.21868  -58.33432     -0.282    1448.92      1.877      1.859    -0.5295    -0.5286     0.0010    -0.5296    -0.5286     0.0010   2.806092   2.806116   0.000024    34.2962    34.2954     7.5356    27.5636    27.5629         20  0.000e+00
      40924 311.663948  -62.21868  -58.33432     -0.288    1448.92      1.933      1.915    -0.5294    -0.5284     0.0010    -0.5295    -0.5285     0.0010   2.806086   2.806133   0.000047    34.2960    34.2955     7.5361    27.5634    27.5629         20  0.000e+00
      40925 311.663949  -62.21868  -58.33432     -0.289    1448.92      1.877      1.859    -0.5294    -0.5283     0.0012    -0.5295    -0.5283     0.0012   2.806126   2.806133   0.000007    34.2965    34.2953     7.5363    27.5638    27.5628         20  0.000e+00
      40926 311.663949  -62.21868  -58.33432     -0.286    1448.92      1.933      1.915    -0.5293    -0.5286     0.0007    -0.5294    -0.5286     0.0007   2.806160   2.806116  -0.000045    34.2968    34.2954     7.5302    27.5641    27.5629         20  0.000e+00
      40927 311.663950  -62.21868  -58.33432     -0.289    1448.92      1.877      1.859    -0.5292    -0.5283     0.0010    -0.5293    -0.5283     0.0010   2.806166   2.806104  -0.000062    34.2969    34.2949     7.5294    27.5641    27.5625         20  0.000e+00
      40928 311.663950  -62.21868  -58.33432     -0.286    1448.92      1.933      1.915    -0.5293    -0.5281     0.0012    -0.5294    -0.5282     0.0012   2.806223   2.806133  -0.000090    34.2977    34.2951     7.5351    27.5648    27.5627         20  0.000e+00
      40929 311.663951  -62.21868  -58.33432     -0.289    1448.92      1.877      1.859    -0.5293    -0.5287     0.0006    -0.5294    -0.5288     0.0006   2.806206   2.806133  -0.000073    34.2975    34.2959     7.5364    27.5646    27.5633         21  0.000e+00
      40930 311.663951  -62.21868  -58.33432     -0.284    1448.92      1.877      1.859    -0.5293    -0.5284     0.0009    -0.5294    -0.5285     0.0009   2.806212   2.806116  -0.000096    34.2976    34.2953     7.5377    27.5647    27.5628         21  0.000e+00
      40931 311.663952  -62.21868  -58.33432     -0.281    1448.92      1.877      1.859    -0.5292    -0.5283     0.0010    -0.5293    -0.5283     0.0010   2.806200   2.806133  -0.000068    34.2973    34.2953     7.5390    27.5645    27.5628         21  0.000e+00
      40932 311.663952  -62.21868  -58.33432     -0.280    1448.92      1.877      1.859    -0.5291    -0.5283     0.0009    -0.5292    -0.5283     0.0009   2.806212   2.806133  -0.000079    34.2974    34.2953     7.5403    27.5645    27.5628         21  0.000e+00
      40933 311.663953  -62.21868  -58.33432     -0.272    1448.92      1.925      1.907    -0.5291    -0.5284     0.0007    -0.5292    -0.5285     0.0007   2.806223   2.806116  -0.000107    34.2975    34.2953     7.5342    27.5646    27.5628         21  0.000e+00
      40934 311.663953  -62.21868  -58.33432     -0.268    1448.92      1.877      1.859    -0.5291    -0.5284     0.0007    -0.5292    -0.5285     0.0007   2.806200   2.806127  -0.000073    34.2972    34.2954     7.5409    27.5644    27.5629         21  0.000e+00
      40935 311.663954  -62.21868  -58.33432     -0.264    1448.92      1.877      1.859    -0.5292    -0.5283     0.0010    -0.5293    -0.5283     0.0010   2.806132   2.806116  -0.000016    34.2964    34.2951     7.5422    27.5637    27.5626         21  0.000e+00
      40936 311.663954  -62.21868  -58.33432     -0.259    1448.92      1.877      1.859    -0.5293    -0.5283     0.0010    -0.5294    -0.5283     0.0010   2.806126   2.806116  -0.000010    34.2964    34.2951     7.5425    27.5637    27.5626         21  0.000e+00
      40937 311.663954  -62.21868  -58.33432     -0.248    1448.92      1.877      1.859    -0.5291    -0.5284     0.0007    -0.5292    -0.5285     0.0007   2.806115   2.806149   0.000035    34.2961    34.2957     7.5427    27.5634    27.5632         21  0.000e+00
      40938 311.663955  -62.21868  -58.33432     -0.244    1448.92      1.877      1.859    -0.5291    -0.5281     0.0010    -0.5291    -0.5281     0.0010   2.806132   2.806144   0.000012    34.2962    34.2953     7.5365    27.5636    27.5628         21  0.000e+00
      40939 311.663955  -62.21868  -58.33432     -0.238    1448.92      1.877      1.859    -0.5293    -0.5283     0.0010    -0.5294    -0.5283     0.0010   2.806143   2.806133  -0.000011    34.2966    34.2953     7.5356    27.5639    27.5628         21  0.000e+00
      40940 311.663956  -62.21868  -58.33432     -0.228    1448.92      1.877      1.859    -0.5293    -0.5281     0.0012    -0.5294    -0.5282     0.0012   2.806097   2.806155   0.000058    34.2960    34.2955     7.5412    27.5634    27.5629         21  0.000e+00
      40941 311.663956  -62.21868  -58.33432     -0.218    1448.92      1.877      1.859    -0.5294    -0.5284     0.0010    -0.5295    -0.5285     0.0010   2.806166   2.806138  -0.000028    34.2971    34.2956     7.5413    27.5643    27.5630         21  0.000e+00
      40942 311.663957  -62.21868  -58.33432     -0.206    1448.92      1.934      1.915    -0.5292    -0.5283     0.0010    -0.5293    -0.5283     0.0010   2.806194   2.806138  -0.000056    34.2972    34.2954     7.5414    27.5644    27.5628         21  0.000e+00
      40943 311.663957  -62.21868  -58.33432     -0.200    1448.92      1.877      1.859    -0.5294    -0.5284     0.0010    -0.5295    -0.5285     0.0010   2.806194   2.806121  -0.000073    34.2975    34.2954     7.5414    27.5646    27.5629         21  0.000e+00
      40944 311.663958  -62.21868  -58.33432     -0.189    1448.92      1.877      1.859    -0.5294    -0.5283     0.0012    -0.5295    -0.5283     0.0012   2.806212   2.806149  -0.000062    34.2977    34.2955     7.5414    27.5648    27.5630         21  0.000e+00
      40945 311.663958  -62.21868  -58.33432     -0.178    1448.92      1.934      1.915    -0.5290    -0.5281     0.0009    -0.5290    -0.5281     0.0009   2.806177   2.806127  -0.000050    34.2967    34.2950     7.5414    27.5639    27.5625         21  0.000e+00
      40946 311.663959  -62.21868  -58.33432     -0.171    1448.92      1.861      1.843    -0.5292    -0.5281     0.0012    -0.5293    -0.5281     0.0012   2.806206   2.806149  -0.000056    34.2974    34.2954     7.5349    27.5646    27.5628         21  0.000e+00
      40947 311.663959  -62.21868  -58.33432     -0.161    1448.92      1.877      1.859    -0.5288    -0.5280     0.0009    -0.5289    -0.5280     0.0009   2.806200   2.806144  -0.000056    34.2969    34.2951     7.5337    27.5641    27.5626         21  0.000e+00
