Pos-Processados/process_op42/operantar42_001.ros
* Sea-Bird SBE 9 Data File:
* FileName = C:\Users\Hidrografia\Desktop\OPXLII\Brutos\OP42001.hdr
* Software Version Seasave V 7.26.7.107
* Temperature SN = 6502
* Conductivity SN = 4998
* Number of Bytes Per Scan = 37
* Number of Voltage Words = 4
* Number of Scans Averaged by the Deck Unit = 1
* NMEA Latitude = 37 22.97 S
* NMEA Longitude = 051 25.37 W
* NMEA UTC (Time) = Oct 16 2023 02:33:28
* NMEA baud rate = 4800
** H41
** NPOALTEMAXIMIANO
** NUMERO DA ESTACAO (XXX) 001
** LAT (XX XX.XX S/N) 37 21.653 S
** LONG (XXX XX.XX W/E) 51 23.878 W
** DATAHORA (dd/mm/aaaa hh:mm Z) 16/10/2023 0155
** PROFUNDIDADE (m) 4344
** OPERADOR CT FILIPE LOPES
# nquan = 24
# nvalues = 3667                                  
# units = specified
# name 0 = scan: Scan Count
# name 1 = timeJ: Julian Days
# name 2 = latitude: Latitude [deg]
# name 3 = longitude: Longitude [deg]
# name 4 = dz/dtM: Descent Rate [m/s]
# name 5 = avgsvCM: Average Sound Velocity [Chen-Millero, m/s]
# name 6 = prDM: Pressure, Digiquartz [db]
# name 7 = depSM: Depth [salt water, m]
# name 8 = t090C: Temperature [ITS-90, deg C]
# name 9 = t190C: Temperature, 2 [ITS-90, deg C]
# name 10 = T2-T190C: Temperature Difference, 2 - 1 [ITS-90, deg C]
# name 11 = potemp090C: Potential Temperature [ITS-90, deg C]
# name 12 = potemp190C: Potential Temperature, 2 [ITS-90, deg C]
# name 13 = potemp90Cdiff: Potential Temperature, Diff, 2 - 1 [ITS-90, deg C]
# name 14 = c0S/m: Conductivity [S/m]
# name 15 = c1S/m: Conductivity, 2 [S/m]
# name 16 = C2-C1S/m: Conductivity Difference, 2 - 1 [S/m]
# name 17 = sal00: Salinity, Practical [PSU]
# name 18 = sal11: Salinity, Practical, 2 [PSU]
# name 19 = sbeox0ML/L: Oxygen, SBE 43 [ml/l]
# name 20 = sigma-é00: Density [sigma-theta, kg/m^3]
# name 21 = sigma-é11: Density, 2 [sigma-theta, kg/m^3]
# name 22 = nbf: Bottles Fired
# name 23 = flag:  0.000e+00
# interval = seconds: 0.0416667
# start_time = Oct 16 2023 02:33:28 [NMEA time, header]
# bad_flag = -9.990e-29
*END*
[from data line 2114]
      74869 289.142679  -37.40020  -51.44818      0.084    1502.20     30.412     30.183    18.7033    18.7046     0.0013    18.6979    18.6992     0.0013   4.815323   4.815449   0.000126    36.2953    36.2953     5.0836    26.0890    26.0886         14  0.000e+00
      74870 289.142680  -37.40020  -51.44818      0.096    1502.20     30.460     30.231    18.7030    18.7051     0.0021    18.6976    18.6997     0.0021   4.815302   4.815505   0.000203    36.2954    36.2953     5.0834    26.0891    26.0885         14  0.000e+00
      74871 289.142680  -37.40020  -51.44818      0.106    1502.20     30.460     30.231    18.7028    18.7048     0.0019    18.6974    18.6994     0.0019   4.815245   4.815526   0.000281    36.2951    36.2958     5.0832    26.0889    26.0889         14  0.000e+00
      74872 289.142681  -37.40020  -51.44818      0.110    1502.20     30.412     30.183    18.7018    18.7048     0.0029    18.6964    18.6994     0.0029   4.815033   4.815505   0.000471    36.2942    36.2956     5.0792    26.0885    26.0888         14  0.000e+00
      74873 289.142681  -37.40020  -51.44818      0.117    1502.20     30.460     30.231    18.7005    18.7044     0.0039    18.6951    18.6990     0.0039   4.814843   4.815456   0.000613    36.2937    36.2955     5.0788    26.0885    26.0888         14  0.000e+00
      74874 289.142682  -37.40020  -51.44818      0.127    1502.20     30.460     30.231    18.7001    18.7041     0.0040    18.6947    18.6987     0.0040   4.814758   4.815386   0.000628    36.2934    36.2952     5.0783    26.0883    26.0887         14  0.000e+00
      74875 289.142682  -37.40020  -51.44818      0.136    1502.20     30.532     30.303    18.7001    18.7039     0.0038    18.6947    18.6985     0.0038   4.814758   4.815331   0.000573    36.2934    36.2949     5.0815    26.0883    26.0885         14  0.000e+00
      74876 289.142683  -37.40020  -51.44818      0.146    1502.20     30.460     30.231    18.7002    18.7041     0.0039    18.6948    18.6987     0.0039   4.814913   4.815324   0.000410    36.2946    36.2947     5.0811    26.0892    26.0883         14  0.000e+00
      74877 289.142683  -37.40020  -51.44818      0.154    1502.20     30.532     30.303    18.7011    18.7041     0.0030    18.6957    18.6986     0.0030   4.814970   4.815324   0.000354    36.2943    36.2947     5.0808    26.0887    26.0883         14  0.000e+00
      74878 289.142684  -37.40020  -51.44818      0.159    1502.20     30.524     30.295    18.7015    18.7041     0.0026    18.6961    18.6986     0.0026   4.814949   4.815352   0.000403    36.2938    36.2949     5.0805    26.0882    26.0884         15  0.000e+00
      74879 289.142684  -37.40020  -51.44818      0.168    1502.20     30.524     30.295    18.7017    18.7039     0.0021    18.6963    18.6985     0.0021   4.814991   4.815400   0.000409    36.2939    36.2955     5.0801    26.0883    26.0889         15  0.000e+00
      74880 289.142685  -37.40020  -51.44818      0.171    1502.20     30.532     30.303    18.7015    18.7039     0.0024    18.6961    18.6985     0.0024   4.815033   4.815435   0.000402    36.2945    36.2958     5.0762    26.0888    26.0891         15  0.000e+00
      74881 289.142685  -37.40020  -51.44818      0.176    1502.20     30.524     30.295    18.7018    18.7034     0.0015    18.6964    18.6979     0.0015   4.815026   4.815379   0.000353    36.2941    36.2957     5.0792    26.0884    26.0893         15  0.000e+00
      74882 289.142686  -37.40020  -51.44818      0.181    1502.20     30.524     30.295    18.7020    18.7034     0.0014    18.6966    18.6979     0.0014   4.815040   4.815310   0.000269    36.2941    36.2952     5.0789    26.0883    26.0888         15  0.000e+00
      74883 289.142686  -37.40020  -51.44818      0.185    1502.20     30.597     30.367    18.7021    18.7032     0.0011    18.6966    18.6978     0.0011   4.815076   4.815345   0.000269    36.2943    36.2956     5.0750    26.0885    26.0892         15  0.000e+00
      74884 289.142687  -37.40020  -51.44818      0.188    1502.20     30.524     30.295    18.7025    18.7037     0.0012    18.6971    18.6983     0.0012   4.815055   4.815338   0.000283    36.2937    36.2951     5.0743    26.0880    26.0887         15  0.000e+00
      74885 289.142687  -37.40020  -51.44818      0.194    1502.20     30.597     30.367    18.7032    18.7035     0.0003    18.6978    18.6981     0.0003   4.815062   4.815379   0.000318    36.2932    36.2956     5.0773    26.0873    26.0891         15  0.000e+00
      74886 289.142688  -37.40020  -51.44818      0.199    1502.20     30.581     30.351    18.7031    18.7026    -0.0005    18.6977    18.6972    -0.0005   4.815139   4.815275   0.000136    36.2939    36.2955     5.0736    26.0879    26.0892         15  0.000e+00
      74887 289.142688  -37.40020  -51.44818      0.199    1502.20     30.524     30.295    18.7032    18.7013    -0.0019    18.6978    18.6959    -0.0019   4.815167   4.815094  -0.000073    36.2941    36.2952     5.0733    26.0881    26.0893         15  0.000e+00
      74888 289.142689  -37.40020  -51.44818      0.198    1502.20     30.597     30.367    18.7032    18.7011    -0.0021    18.6978    18.6957    -0.0021   4.815146   4.815011  -0.000136    36.2939    36.2946     5.0730    26.0879    26.0889         15  0.000e+00
      74889 289.142689  -37.40020  -51.44818      0.200    1502.20     30.581     30.351    18.7031    18.7016    -0.0015    18.6977    18.6962    -0.0015   4.815132   4.815066  -0.000066    36.2938    36.2946     5.0730    26.0879    26.0888         15  0.000e+00
      74890 289.142690  -37.40020  -51.44818      0.201    1502.20     30.581     30.351    18.7037    18.7015    -0.0023    18.6983    18.6960    -0.0023   4.815189   4.815080  -0.000109    36.2938    36.2949     5.0762    26.0877    26.0891         15  0.000e+00
      74891 289.142690  -37.40020  -51.44818      0.206    1502.20     30.653     30.423    18.7044    18.7013    -0.0031    18.6990    18.6959    -0.0031   4.815295   4.815045  -0.000249    36.2940    36.2947     5.0762    26.0877    26.0890         15  0.000e+00
      74892 289.142690  -37.40020  -51.44818      0.205    1502.20     30.581     30.351    18.7044    18.7015    -0.0030    18.6990    18.6960    -0.0030   4.815309   4.815080  -0.000229    36.2942    36.2949     5.0764    26.0878    26.0891         15  0.000e+00
      74893 289.142691  -37.40020  -51.44818      0.203    1502.20     30.581     30.351    18.7049    18.7025    -0.0024    18.6995    18.6971    -0.0024   4.815351   4.815171  -0.000180    36.2941    36.2947     5.0766    26.0876    26.0887         15  0.000e+00
      74894 289.142691  -37.40020  -51.44818      0.201    1502.20     30.597     30.367    18.7044    18.7037    -0.0007    18.6990    18.6983    -0.0007   4.815372   4.815324  -0.000048    36.2947    36.2949     5.0769    26.0882    26.0886         15  0.000e+00
      74895 289.142692  -37.40020  -51.44818      0.201    1502.20     30.637     30.407    18.7049    18.7049     0.0000    18.6995    18.6995     0.0000   4.815415   4.815491   0.000076    36.2946    36.2953     5.0771    26.0880    26.0885         15  0.000e+00
      74896 289.142692  -37.40020  -51.44818      0.197    1502.20     30.597     30.367    18.7052    18.7056     0.0004    18.6998    18.7002     0.0004   4.815415   4.815644   0.000229    36.2944    36.2960     5.0774    26.0877    26.0889         15  0.000e+00
      74897 289.142693  -37.40020  -51.44818      0.195    1502.20     30.581     30.352    18.7054    18.7068     0.0014    18.7000    18.7014     0.0014   4.815471   4.815748   0.000277    36.2947    36.2958     5.0777    26.0879    26.0884         15  0.000e+00
      74898 289.142693  -37.40020  -51.44818      0.192    1502.20     30.637     30.407    18.7057    18.7067     0.0010    18.7002    18.7012     0.0010   4.815471   4.815735   0.000264    36.2945    36.2958     5.0777    26.0877    26.0885         15  0.000e+00
      74899 289.142694  -37.40020  -51.44818      0.190    1502.20     30.597     30.368    18.7054    18.7059     0.0005    18.7000    18.7005     0.0005   4.815485   4.815637   0.000152    36.2948    36.2956     5.0780    26.0880    26.0885         15  0.000e+00
      74900 289.142694  -37.40020  -51.44820      0.189    1502.20     30.637     30.407    18.7061    18.7052    -0.0009    18.7007    18.6998    -0.0009   4.815612   4.815526  -0.000087    36.2952    36.2953     5.0783    26.0882    26.0884         15  0.000e+00
      74901 289.142695  -37.40020  -51.44820      0.180    1502.20     30.581     30.352    18.7068    18.7048    -0.0021    18.7014    18.6993    -0.0021   4.815775   4.815456  -0.000319    36.2960    36.2951     5.0785    26.0886    26.0884         15  0.000e+00
      74902 289.142695  -37.40020  -51.44820      0.179    1502.20     30.597     30.368    18.7070    18.7054    -0.0016    18.7016    18.7000    -0.0016   4.815739   4.815540  -0.000200    36.2955    36.2953     5.0753    26.0882    26.0884         15  0.000e+00
      74903 289.142696  -37.40020  -51.44820      0.168    1502.20     30.581     30.352    18.7066    18.7067     0.0000    18.7012    18.7012     0.0000   4.815669   4.815721   0.000052    36.2953    36.2957     5.0790    26.0881    26.0884         15  0.000e+00
      74904 289.142696  -37.40020  -51.44820      0.165    1502.20     30.654     30.424    18.7062    18.7067     0.0005    18.7007    18.7012     0.0005   4.815591   4.815735   0.000143    36.2950    36.2958     5.0795    26.0880    26.0885         15  0.000e+00
      74905 289.142697  -37.40020  -51.44820      0.160    1502.20     30.581     30.352    18.7057    18.7059     0.0003    18.7002    18.7005     0.0003   4.815528   4.815644   0.000117    36.2950    36.2957     5.0796    26.0881    26.0886         15  0.000e+00
      74906 289.142697  -37.40020  -51.44820      0.155    1502.20     30.581     30.352    18.7051    18.7059     0.0009    18.6996    18.7005     0.0009   4.815436   4.815574   0.000139    36.2947    36.2951     5.0798    26.0880    26.0881         15  0.000e+00
      74907 289.142698  -37.40020  -51.44820      0.143    1502.20     30.597     30.368    18.7051    18.7063     0.0012    18.6997    18.7009     0.0012   4.815379   4.815602   0.000223    36.2942    36.2950     5.0799    26.0876    26.0880         15  0.000e+00
      74908 289.142698  -37.40020  -51.44820      0.139    1502.20     30.581     30.352    18.7048    18.7059     0.0012    18.6993    18.7005     0.0012   4.815323   4.815637   0.000314    36.2940    36.2956     5.0801    26.0876    26.0885         15  0.000e+00
      74909 289.142699  -37.40020  -51.44820      0.128    1502.20     30.581     30.352    18.7051    18.7048    -0.0003    18.6997    18.6993    -0.0003   4.815266   4.815491   0.000225    36.2932    36.2954     5.0802    26.0869    26.0887         15  0.000e+00
      74910 289.142699  -37.40020  -51.44820      0.121    1502.20     30.597     30.368    18.7070    18.7044    -0.0026    18.7016    18.6990    -0.0026   4.815584   4.815359  -0.000225    36.2943    36.2946     5.0801    26.0872    26.0881         15  0.000e+00
      74911 289.142700  -37.40020  -51.44820      0.116    1502.20     30.581     30.352    18.7086    18.7052    -0.0034    18.7032    18.6998    -0.0034   4.815859   4.815442  -0.000417    36.2952    36.2946     5.0803    26.0875    26.0879         15  0.000e+00
      74912 289.142700  -37.40020  -51.44820      0.103    1502.20     30.525     30.296    18.7107    18.7058    -0.0049    18.7053    18.7004    -0.0049   4.815965   4.815547  -0.000419    36.2942    36.2950     5.0766    26.0863    26.0881         15  0.000e+00
      74913 289.142701  -37.40020  -51.44820      0.095    1502.20     30.597     30.368    18.7124    18.7056    -0.0068    18.7070    18.7002    -0.0068   4.816135   4.815623  -0.000511    36.2941    36.2958     5.0764    26.0857    26.0887         15  0.000e+00
      74914 289.142701  -37.40020  -51.44820      0.085    1502.20     30.525     30.296    18.7129    18.7063    -0.0066    18.7075    18.7009    -0.0066   4.816184   4.815672  -0.000512    36.2941    36.2956     5.0798    26.0856    26.0884         15  0.000e+00
      74915 289.142702  -37.40020  -51.44820      0.075    1502.20     30.533     30.304    18.7129    18.7070    -0.0059    18.7075    18.7016    -0.0059   4.816255   4.815783  -0.000471    36.2947    36.2959     5.0760    26.0860    26.0885         15  0.000e+00
      74916 289.142702  -37.40020  -51.44820      0.065    1502.20     30.525     30.296    18.7121    18.7091    -0.0030    18.7067    18.7037    -0.0030   4.816177   4.815929  -0.000247    36.2948    36.2954     5.0760    26.0863    26.0875         15  0.000e+00
      74917 289.142703  -37.40020  -51.44820      0.054    1502.20     30.525     30.296    18.7115    18.7117     0.0001    18.7061    18.7063     0.0001   4.816113   4.816187   0.000074    36.2948    36.2953     5.0760    26.0864    26.0868         15  0.000e+00
      74918 289.142703  -37.40020  -51.44820      0.041    1502.20     30.477     30.248    18.7112    18.7135     0.0023    18.7058    18.7081     0.0023   4.816022   4.816375   0.000353    36.2943    36.2952     5.0759    26.0862    26.0863         15  0.000e+00
      74919 289.142704  -37.40020  -51.44820      0.033    1502.20     30.525     30.296    18.7110    18.7137     0.0027    18.7056    18.7083     0.0027   4.816043   4.816389   0.000346    36.2946    36.2951     5.0758    26.0864    26.0862         15  0.000e+00
      74920 289.142704  -37.40020  -51.44820      0.021    1502.20     30.460     30.232    18.7109    18.7132     0.0024    18.7055    18.7078     0.0024   4.816184   4.816375   0.000191    36.2960    36.2955     5.0757    26.0875    26.0866         15  0.000e+00
      74921 289.142704  -37.40020  -51.44820      0.007    1502.20     30.477     30.248    18.7109    18.7129     0.0020    18.7055    18.7075     0.0020   4.816205   4.816250   0.000044    36.2961    36.2948     5.0754    26.0877    26.0861         15  0.000e+00
      74922 289.142705  -37.40020  -51.44820     -0.005    1502.20     30.460     30.232    18.7115    18.7124     0.0008    18.7061    18.7070     0.0008   4.816283   4.816250  -0.000033    36.2962    36.2952     5.0750    26.0875    26.0865         15  0.000e+00
      74923 289.142705  -37.40020  -51.44820     -0.016    1502.20     30.477     30.248    18.7117    18.7132     0.0014    18.7063    18.7078     0.0014   4.816459   4.816312  -0.000147    36.2975    36.2950     5.0746    26.0885    26.0862         15  0.000e+00
      74924 289.142706  -37.40020  -51.44820     -0.027    1502.20     30.404     30.176    18.7123    18.7137     0.0015    18.7069    18.7083     0.0015   4.816488   4.816368  -0.000120    36.2973    36.2950     5.0781    26.0882    26.0861         15  0.000e+00
      74925 289.142706  -37.40020  -51.44820     -0.038    1502.20     30.461     30.232    18.7135    18.7144     0.0010    18.7081    18.7090     0.0010   4.816593   4.816465  -0.000128    36.2972    36.2952     5.0746    26.0878    26.0860         15  0.000e+00
      74926 289.142707  -37.40020  -51.44820     -0.048    1502.20     30.412     30.184    18.7150    18.7156     0.0006    18.7096    18.7102     0.0006   4.816657   4.816556  -0.000101    36.2963    36.2949     5.0780    26.0867    26.0855         15  0.000e+00
      74927 289.142707  -37.40020  -51.44820     -0.063    1502.20     30.340     30.112    18.7149    18.7177     0.0029    18.7095    18.7124     0.0029   4.816558   4.816765   0.000207    36.2957    36.2949     5.0782    26.0863    26.0849         15  0.000e+00
