Pos-Processados/process_op42/operantar42_019.cnv
* Sea-Bird SBE 9 Data File:
* FileName = C:\Users\Hidrografia\Desktop\OPXLII\Brutos\OP42019.hdr
* Software Version Seasave V 7.26.7.107
* Temperature SN = 6502
* Conductivity SN = 4998
* Number of Bytes Per Scan = 37
* Number of Voltage Words = 4
* Number of Scans Averaged by the Deck Unit = 1
* NMEA Latitude = 62 12.74 S
* NMEA Longitude = 058 20.49 W
* NMEA UTC (Time) = Nov 07 2023 15:27:40
* NMEA baud rate = 4800
** H41
** NPOALTEMAXIMIANO
** NUMERO DA ESTACAO (XXX) 019
** LAT (XX XX.XX S/N) 62 12.46 S
** LONG (XXX XX.XX W/E) 058 20.12 W
** DATAHORA (dd/mm/aaaa hh:mm Z) 07/11/2023 1518Z
** PROFUNDIDADE (m) 490
** OPERADOR CT FILIPE LOPES
# nquan = 30
# nvalues = 913                         
# units = specified
# name 0 = scan: Scan Count
# name 1 = timeJ: Julian Days
# name 2 = latitude: Latitude [deg]
# name 3 = longitude: Longitude [deg]
# name 4 = dz/dtM: Descent Rate [m/s]
# name 5 = avgsvCM: Average Sound Velocity [Chen-Millero, m/s]
# name 6 = prDM: Pressure, Digiquartz [db]
# name 7 = depSM: Depth [salt water, m]
# name 8 = t090C: Temperature [ITS-90, deg C]
# name 9 = t190C: Temperature, 2 [ITS-90, deg C]
# name 10 = T2-T190C: Temperature Difference, 2 - 1 [ITS-90, deg C]
# name 11 = potemp090C: Potential Temperature [ITS-90, deg C]
# name 12 = potemp190C: Potential Temperature, 2 [ITS-90, deg C]
# name 13 = potemp90Cdiff: Potential Temperature, Diff, 2 - 1 [ITS-90, deg C]
# name 14 = c0S/m: Conductivity [S/m]
# name 15 = c1S/m: Conductivity, 2 [S/m]
# name 16 = C2-C1S/m: Conductivity Difference, 2 - 1 [S/m]
# name 17 = sal00: Salinity, Practical [PSU]
# name 18 = sal11: Salinity, Practical, 2 [PSU]
# name 19 = sbeox0ML/L: Oxygen, SBE 43 [ml/l]
# name 20 = sigma-é00: Density [sigma-theta, kg/m^3]
# name 21 = sigma-é11: Density, 2 [sigma-theta, kg/m^3]
# name 22 = sal00: Salinity, Practical [PSU]
# name 23 = sigma-é00: Density [sigma-theta, kg/m^3]
# name 24 = svCM: Sound Velocity [Chen-Millero, m/s]
# name 25 = svCM1: Sound Velocity, 2 [Chen-Millero, m/s]
# name 26 = gsw_ptA0: potential temperature [ITS-90, deg C]
# name 27 = gsw_densityA0: density, TEOS-10 [density, kg/m^3]
# name 28 = gsw_saA0: Absolute Salinity [g/kg]
# name 29 = flag:
# span 0 =       2866,      37952       
# span 1 = 311.645594, 311.662515       
# span 2 =  -62.21821,  -62.21281       
# span 3 =  -58.34099,  -58.33464       
# span 4 =     -1.107,      1.119       
# span 5 =       0.00,    1448.93       
# span 6 =      2.000,    458.000       
# span 7 =      1.985,    453.096       
# span 8 =    -0.8834,    -0.2283       
# span 9 =    -0.8826,    -0.2271       
# span 10 =    -0.0267,     0.0342      
# span 11 =    -0.8906,    -0.2443      
# span 12 =    -0.8897,    -0.2431      
# span 13 =    -0.0266,     0.0341      
# span 14 =   2.788194,   2.863769      
# span 15 =   2.788248,   2.863849      
# span 16 =  -0.002371,   0.002889      
# span 17 =    34.2952,    34.4667      
# span 18 =    34.2948,    34.4663      
# span 19 =     6.1334,     7.5568      
# span 20 =    27.5640,    27.6924      
# span 21 =    27.5631,    27.6914      
# span 22 =    34.2949,    34.4661      
# span 23 =    27.5643,    27.6920      
# span 24 =    1445.59,    1454.52      
# span 25 =    1445.59,    1454.52      
# span 26 =    -0.8904,    -0.2441      
# span 27 =  1027.5781,  1029.8714      
# span 28 =    34.4582,    34.6364      
# span 29 = 0.0000e+00, 0.0000e+00      
# interval = decibars: 1                
# start_time = Nov 07 2023 15:27:40 [NMEA time, header]
# bad_flag = -9.990e-29
*END*
[from data line 484]
      22524 311.655075  -62.21578  -58.33760     -0.899    1448.92    430.000    425.429    -0.3023    -0.3001     0.0022    -0.3178    -0.3157     0.0022   2.856983   2.857117   0.000126    34.4602    34.4594     6.1862    27.6864    27.6856    34.4601    27.6863    1454.03    1454.04    -0.3176  1029.7366    34.6288 0.0000e+00
      22555 311.655090  -62.21578  -58.33760     -0.794    1448.92    429.000    424.441    -0.3041    -0.3025     0.0016    -0.3196    -0.3180     0.0016   2.856799   2.856865   0.000061    34.4603    34.4594     6.1842    27.6866    27.6857    34.4603    27.6866    1454.00    1454.01    -0.3194  1029.7320    34.6289 0.0000e+00
      22587 311.655105  -62.21580  -58.33760     -0.741    1448.92    428.000    423.453    -0.3050    -0.3031     0.0019    -0.3205    -0.3186     0.0019   2.856682   2.856749   0.000079    34.4603    34.4592     6.1900    27.6866    27.6856    34.4604    27.6867    1453.98    1453.99    -0.3202  1029.7274    34.6290 0.0000e+00
      22617 311.655120  -62.21580  -58.33760     -0.776    1448.92    427.000    422.465    -0.2993    -0.3027    -0.0035    -0.3147    -0.3182    -0.0035   2.857198   2.856731  -0.000396    34.4602    34.4589     6.1976    27.6863    27.6853    34.4614    27.6872    1453.99    1453.98    -0.3145  1029.7232    34.6300 0.0000e+00
      22645 311.655133  -62.21580  -58.33758     -0.837    1448.92    426.000    421.476    -0.2826    -0.3010    -0.0184    -0.2980    -0.3164    -0.0183   2.858625   2.856790  -0.001736    34.4609    34.4586     6.1961    27.6860    27.6850    34.4622    27.6871    1454.06    1453.97    -0.2978  1029.7181    34.6308 0.0000e+00
      22672 311.655146  -62.21580  -58.33758     -0.896    1448.92    425.000    420.488    -0.2720    -0.2987    -0.0267    -0.2875    -0.3141    -0.0266   2.859469   2.857073  -0.002371    34.4605    34.4591     6.1967    27.6852    27.6853    34.4621    27.6865    1454.09    1453.96    -0.2872  1029.7126    34.6307 0.0000e+00
      22697 311.655158  -62.21581  -58.33758     -0.925    1448.92    424.000    419.500    -0.2652    -0.2777    -0.0125    -0.2806    -0.2931    -0.0125   2.859920   2.858822  -0.001138    34.4591    34.4580     6.2007    27.6837    27.6835    34.4610    27.6853    1454.10    1454.04    -0.2804  1029.7053    34.6281 0.0000e+00
      22726 311.655172 -9.990e-29  -58.33758     -0.868    1448.92    423.000    418.511    -0.2579    -0.2624    -0.0045    -0.2734    -0.2778    -0.0045   2.860404   2.859971  -0.000450    34.4587    34.4577     6.1806    27.6831    27.6825    34.4599    27.6840    1454.12    1454.10    -0.2731  1029.6956    34.6224 0.0000e+00
      22757 311.655187 -9.990e-29  -58.33758     -0.781    1448.92    422.000    417.523    -0.2597    -0.2603    -0.0006    -0.2751    -0.2757    -0.0006   2.860124   2.860049  -0.000132    34.4585    34.4575     6.1848    27.6830    27.6822    34.4588    27.6832    1454.09    1454.09    -0.2749  1029.6900    34.6212 0.0000e+00
      22786 311.655201 -9.990e-29  -58.33758     -0.800    1448.92    421.000    416.534    -0.2690    -0.2646     0.0044    -0.2843    -0.2799     0.0044   2.859221   2.859538   0.000320    34.4577    34.4570     6.1738    27.6828    27.6820    34.4578    27.6829    1454.03    1454.05    -0.2841  1029.6851    34.6203 0.0000e+00
      22809 311.655212  -62.21584  -58.33756     -0.935    1448.92    420.000    415.546    -0.2712    -0.2746    -0.0034    -0.2865    -0.2899    -0.0034   2.858902   2.858393  -0.000320    34.4566    34.4562     6.1705    27.6820    27.6818    34.4567    27.6820    1454.00    1453.98    -0.2862  1029.6832    34.6236 0.0000e+00
      22831 311.655223  -62.21584  -58.33756     -1.069    1448.92    419.000    414.558    -0.2881    -0.2933    -0.0052    -0.3033    -0.3084    -0.0052   2.856983   2.856847  -0.000448    34.4537    34.4536     6.1712    27.6804    27.6806    34.4507    27.6781    1453.90    1453.88    -0.3031  1029.6760    34.6193 0.0000e+00
      22854 311.655234  -62.21584  -58.33756     -1.076    1448.92    418.000    413.569    -0.3084    -0.2789     0.0295    -0.3234    -0.2941     0.0294   2.855201   2.858083   0.002662    34.4533    34.4556     6.1833    27.6811    27.6815    34.4504    27.6788    1453.79    1453.93    -0.3232  1029.6723    34.6190 0.0000e+00
      22887 311.655250  -62.21584  -58.33756     -0.835    1448.92    417.000    412.581    -0.3364    -0.3067     0.0297    -0.3513    -0.3217     0.0296   2.852452   2.855324   0.002831    34.4496    34.4537     6.2009    27.6794    27.6814    34.4460    27.6765    1453.64    1453.78    -0.3511  1029.6653    34.6141 0.0000e+00
      22927 311.655269 -9.990e-29  -58.33756     -0.579    1448.92    416.000    411.592    -0.3706    -0.3364     0.0342    -0.3854    -0.3513     0.0341   2.849417   2.852308   0.002889    34.4486    34.4486     6.2228    27.6802    27.6786    34.4447    27.6771    1453.46    1453.62    -0.3851  1029.6569    34.6069 0.0000e+00
      22958 311.655284 -9.990e-29  -58.33754     -0.721    1448.92    415.000    410.604    -0.3707    -0.3627     0.0080    -0.3854    -0.3775     0.0080   2.849096   2.849707   0.000715    34.4439    34.4444     6.2566    27.6765    27.6765    34.4411    27.6742    1453.44    1453.48    -0.3852  1029.6495    34.6035 0.0000e+00
      22983 311.655296 -9.990e-29  -58.33754     -0.893    1448.92    414.000    409.616    -0.3924    -0.4072    -0.0148    -0.4070    -0.4217    -0.0147   2.846780   2.845539  -0.001193    34.4395    34.4402     6.3046    27.6739    27.6752    34.4353    27.6705    1453.31    1453.25    -0.4068  1029.6413    34.5977 0.0000e+00
      23011 311.655310  -62.21586  -58.33754     -0.909    1448.92    413.000    408.627    -0.4182    -0.4059     0.0123    -0.4326    -0.4204     0.0122   2.844478   2.845678   0.001074    34.4378    34.4383     6.3329    27.6737    27.6736    34.4342    27.6708    1453.18    1453.24    -0.4324  1029.6407    34.6009 0.0000e+00
      23046 311.655326  -62.21586  -58.33752     -0.726    1448.92    412.000    407.639    -0.4180    -0.3949     0.0231    -0.4324    -0.4093     0.0231   2.844511   2.846726   0.002218    34.4369    34.4405     6.3468    27.6730    27.6748    34.4350    27.6714    1453.16    1453.27    -0.4322  1029.6380    34.6035 0.0000e+00
      23081 311.655343  -62.21588  -58.33752     -0.660    1448.92    411.000    406.650    -0.4215    -0.4155     0.0061    -0.4359    -0.4299     0.0060   2.843956   2.844489   0.000649    34.4355    34.4373     6.3829    27.6720    27.6732    34.4322    27.6693    1453.13    1453.15    -0.4357  1029.6313    34.6007 0.0000e+00
      23108 311.655356  -62.21588  -58.33752     -0.812    1448.92    410.000    405.662    -0.4309    -0.4331    -0.0023    -0.4451    -0.4474    -0.0023   2.843160   2.842834  -0.000244    34.4347    34.4341     6.4093    27.6718    27.6714    34.4326    27.6701    1453.07    1453.05    -0.4449  1029.6274    34.6011 0.0000e+00
      23131 311.655368  -62.21588  -58.33751     -0.968    1448.92    409.000    404.673    -0.4349    -0.4383    -0.0035    -0.4491    -0.4525    -0.0035   2.842615   2.842320  -0.000330    34.4334    34.4329     6.4083    27.6709    27.6707    34.4305    27.6686    1453.03    1453.01    -0.4489  1029.6212    34.5990 0.0000e+00
      23156 311.655379  -62.21588  -58.33750     -1.008    1448.92    408.000    403.685    -0.4435    -0.4393     0.0041    -0.4576    -0.4535     0.0041   2.841844   2.842187   0.000336    34.4328    34.4326     6.4150    27.6708    27.6705    34.4305    27.6690    1452.97    1452.99    -0.4574  1029.6170    34.5990 0.0000e+00
      23185 311.655394  -62.21589  -58.33750     -0.875    1448.92    407.000    402.696    -0.4477    -0.4377     0.0100    -0.4618    -0.4519     0.0100   2.841426   2.842258   0.000836    34.4322    34.4321     6.4299    27.6705    27.6700    34.4303    27.6690    1452.94    1452.98    -0.4616  1029.6123    34.5988 0.0000e+00
      23223 311.655412  -62.21590  -58.33750     -0.646    1448.92    406.000    401.708    -0.4550    -0.4456     0.0094    -0.4691    -0.4597     0.0094   2.840655   2.841519   0.000814    34.4325    34.4327     6.4422    27.6711    27.6709    34.4288    27.6681    1452.88    1452.93    -0.4688  1029.6068    34.5973 0.0000e+00
      23255 311.655427  -62.21590  -58.33750     -0.704    1448.92    405.000    400.719    -0.4923    -0.4787     0.0136    -0.5062    -0.4926     0.0135   2.837190   2.838195   0.001181    34.4278    34.4283     6.4530    27.6690    27.6688    34.4252    27.6669    1452.69    1452.75    -0.5059  1029.6013    34.5936 0.0000e+00
      23282 311.655440  -62.21590  -58.33750     -0.853    1448.92    404.000    399.731    -0.5029    -0.5221    -0.0193    -0.5167    -0.5359    -0.0192   2.835807   2.834162  -0.001688    34.4252    34.4244     6.4476    27.6674    27.6676    34.4192    27.6625    1452.62    1452.52    -0.5164  1029.5924    34.5876 0.0000e+00
      23307 311.655452  -62.21590  -58.33750     -0.946    1448.92    403.000    398.742    -0.5366    -0.5283     0.0083    -0.5503    -0.5420     0.0083   2.832526   2.833537   0.000836    34.4201    34.4219     6.4539    27.6647    27.6658    34.4139    27.6598    1452.43    1452.48    -0.5500  1029.5865    34.5838 0.0000e+00
      23333 311.655465  -62.21592 -9.990e-29     -0.932    1448.92    402.000    397.754    -0.5510    -0.5372     0.0138    -0.5646    -0.5508     0.0138   2.831441   2.832693   0.001290    34.4197    34.4214     6.4680    27.6651    27.6658    34.4163    27.6623    1452.35    1452.42    -0.5643  1029.5853    34.5871 0.0000e+00
      23366 311.655481  -62.21592 -9.990e-29     -0.780    1448.92    401.000    396.766    -0.5562    -0.5250     0.0312    -0.5697    -0.5386     0.0311   2.830931   2.833677   0.002629    34.4193    34.4192     6.5161    27.6649    27.6635    34.4159    27.6622    1452.31    1452.46    -0.5694  1029.5805    34.5868 0.0000e+00
      23400 311.655497  -62.21592 -9.990e-29     -0.687    1448.92    400.000    395.777    -0.5606    -0.5557     0.0049    -0.5740    -0.5692     0.0049   2.830426   2.830886   0.000597    34.4173    34.4198     6.5622    27.6636    27.6654    34.4147    27.6614    1452.27    1452.30    -0.5738  1029.5751    34.5855 0.0000e+00
      23429 311.655511  -62.21594 -9.990e-29     -0.792    1448.92    399.000    394.788    -0.5604    -0.5611    -0.0008    -0.5738    -0.5745    -0.0008   2.830418   2.830280  -0.000091    34.4169    34.4165     6.5909    27.6632    27.6629    34.4149    27.6616    1452.26    1452.25    -0.5735  1029.5705    34.5858 0.0000e+00
      23454 311.655523  -62.21594 -9.990e-29     -0.915    1448.92    398.000    393.800    -0.5621    -0.5605     0.0016    -0.5755    -0.5738     0.0016   2.830139   2.830324   0.000139    34.4164    34.4164     6.6010    27.6628    27.6628    34.4138    27.6608    1452.23    1452.24    -0.5752  1029.5649    34.5846 0.0000e+00
      23480 311.655536  -62.21594 -9.990e-29     -0.931    1448.92    397.000    392.812    -0.5690    -0.5646     0.0044    -0.5823    -0.5780     0.0044   2.829569   2.829887   0.000361    34.4164    34.4163     6.5966    27.6632    27.6629    34.4145    27.6616    1452.19    1452.20    -0.5820  1029.5612    34.5853 0.0000e+00
      23508 311.655549  -62.21594  -58.33746     -0.873    1448.92    396.000    391.823    -0.5710    -0.5679     0.0031    -0.5843    -0.5812     0.0031   2.829316   2.829575   0.000268    34.4159    34.4160     6.5782    27.6629    27.6628    34.4140    27.6613    1452.16    1452.17    -0.5840  1029.5549    34.5833 0.0000e+00
      23536 311.655563  -62.21595  -58.33745     -0.879    1448.92    395.000    390.835    -0.5733    -0.5713     0.0020    -0.5865    -0.5845     0.0020   2.829098   2.829221   0.000133    34.4159    34.4153     6.5936    27.6629    27.6624    34.4143    27.6617    1452.13    1452.14    -0.5863  1029.5498    34.5827 0.0000e+00
      23565 311.655577  -62.21596  -58.33744     -0.833    1448.92    394.000    389.846    -0.5759    -0.5724     0.0035    -0.5891    -0.5856     0.0035   2.828809   2.829078   0.000271    34.4155    34.4152     6.6059    27.6628    27.6624    34.4139    27.6615    1452.10    1452.12    -0.5888  1029.5448    34.5822 0.0000e+00
      23592 311.655590  -62.21596  -58.33744     -0.864    1448.92    393.000    388.858    -0.5803    -0.5776     0.0027    -0.5935    -0.5907     0.0027   2.828376   2.828575   0.000217    34.4153    34.4151     6.6066    27.6627    27.6625    34.4137    27.6615    1452.07    1452.08    -0.5932  1029.5402    34.5821 0.0000e+00
      23619 311.655603 -9.990e-29  -58.33744     -0.893    1448.92    392.000    387.869    -0.5825    -0.5799     0.0027    -0.5956    -0.5929     0.0026   2.828190   2.828348   0.000162    34.4157    34.4148     6.6027    27.6631    27.6624    34.4143    27.6620    1452.04    1452.05    -0.5953  1029.5313    34.5767 0.0000e+00
      23650 311.655618 -9.990e-29  -58.33744     -0.798    1448.92    391.000    386.880    -0.5874    -0.5809     0.0065    -0.6004    -0.5939     0.0065   2.827693   2.828248   0.000514    34.4151    34.4146     6.6023    27.6629    27.6623    34.4137    27.6618    1452.00    1452.03    -0.6002  1029.5262    34.5760 0.0000e+00
      23683 311.655633 -9.990e-29  -58.33743     -0.736    1448.92    390.000    385.892    -0.5920    -0.5828     0.0093    -0.6050    -0.5958     0.0093   2.827152   2.827971   0.000823    34.4140    34.4146     6.5982    27.6623    27.6623    34.4124    27.6609    1451.96    1452.00    -0.6047  1029.5206    34.5746 0.0000e+00
      23712 311.655648  -62.21598  -58.33742     -0.783    1448.92    389.000    384.904    -0.5978    -0.5953     0.0026    -0.6107    -0.6082     0.0025   2.826556   2.826773   0.000264    34.4128    34.4136     6.6134    27.6615    27.6620    34.4115    27.6605    1451.91    1451.93    -0.6105  1029.5193    34.5784 0.0000e+00
      23740 311.655661  -62.21598  -58.33742     -0.850    1448.92    388.000    383.915    -0.6033    -0.6007     0.0025    -0.6162    -0.6136     0.0025   2.825975   2.826228   0.000214    34.4123    34.4123     6.6186    27.6614    27.6612    34.4105    27.6599    1451.87    1451.88    -0.6159  1029.5151    34.5788 0.0000e+00
      23767 311.655674  -62.21598  -58.33740     -0.893    1448.92    387.000    382.926    -0.6098    -0.6059     0.0039    -0.6226    -0.6188     0.0039   2.825322   2.825673   0.000305    34.4120    34.4117     6.6299    27.6614    27.6609    34.4097    27.6595    1451.82    1451.84    -0.6224  1029.5101    34.5780 0.0000e+00
      23794 311.655687  -62.21600  -58.33740     -0.893    1448.92    386.000    381.938    -0.6282    -0.6191     0.0091    -0.6409    -0.6318     0.0090   2.823487   2.824327   0.000905    34.4086    34.4105     6.6394    27.6595    27.6606    34.4064    27.6577    1451.72    1451.76    -0.6406  1029.5040    34.5750 0.0000e+00
      23823 311.655701  -62.21600 -9.990e-29     -0.844    1448.92    385.000    380.949    -0.6317    -0.6254     0.0062    -0.6443    -0.6381     0.0062   2.823196   2.823712   0.000509    34.4089    34.4087     6.6305    27.6598    27.6594    34.4071    27.6583    1451.69    1451.72    -0.6441  1029.5017    34.5779 0.0000e+00
      23852 311.655715  -62.21600 -9.990e-29     -0.821    1448.92    384.000    379.961    -0.6360    -0.6331     0.0029    -0.6486    -0.6457     0.0029   2.822713   2.822935   0.000255    34.4074    34.4075     6.6412    27.6588    27.6588    34.4060    27.6577    1451.65    1451.66    -0.6483  1029.4964    34.5768 0.0000e+00
