Pos-Processados/process_op42/operantar42_018.cnv
* Sea-Bird SBE 9 Data File:
* FileName = C:\Users\Hidrografia\Desktop\OPXLII\Brutos\OP42018.hdr
* Software Version Seasave V 7.26.7.107
* Temperature SN = 6502
* Conductivity SN = 4998
* Number of Bytes Per Scan = 37
* Number of Voltage Words = 4
* Number of Scans Averaged by the Deck Unit = 1
* NMEA Latitude = 62 13.46 S
* NMEA Longitude = 058 12.64 W
* NMEA UTC (Time) = Nov 07 2023 12:56:51
* NMEA baud rate = 4800
** H41
** NPOALTEMAXIMIANO
** NUMERO DA ESTACAO (XXX) 018
** LAT (XX XX.XX S/N) 62 13.46 S
** LONG (XXX XX.XX W/E) 058 12.12 W
** DATAHORA (dd/mm/aaaa hh:mm Z) 07/11/2023 1245Z
** PROFUNDIDADE (m) 523
** OPERADOR 1T ZAMITH
# nquan = 30
# nvalues = 708                         
# units = specified
# name 0 = scan: Scan Count
# name 1 = timeJ: Julian Days
# name 2 = latitude: Latitude [deg]
# name 3 = longitude: Longitude [deg]
# name 4 = dz/dtM: Descent Rate [m/s]
# name 5 = avgsvCM: Average Sound Velocity [Chen-Millero, m/s]
# name 6 = prDM: Pressure, Digiquartz [db]
# name 7 = depSM: Depth [salt water, m]
# name 8 = t090C: Temperature [ITS-90, deg C]
# name 9 = t190C: Temperature, 2 [ITS-90, deg C]
# name 10 = T2-T190C: Temperature Difference, 2 - 1 [ITS-90, deg C]
# name 11 = potemp090C: Potential Temperature [ITS-90, deg C]
# name 12 = potemp190C: Potential Temperature, 2 [ITS-90, deg C]
# name 13 = potemp90Cdiff: Potential Temperature, Diff, 2 - 1 [ITS-90, deg C]
# name 14 = c0S/m: Conductivity [S/m]
# name 15 = c1S/m: Conductivity, 2 [S/m]
# name 16 = C2-C1S/m: Conductivity Difference, 2 - 1 [S/m]
# name 17 = sal00: Salinity, Practical [PSU]
# name 18 = sal11: Salinity, Practical, 2 [PSU]
# name 19 = sbeox0ML/L: Oxygen, SBE 43 [ml/l]
# name 20 = sigma-é00: Density [sigma-theta, kg/m^3]
# name 21 = sigma-é11: Density, 2 [sigma-theta, kg/m^3]
# name 22 = sal00: Salinity, Practical [PSU]
# name 23 = sigma-é00: Density [sigma-theta, kg/m^3]
# name 24 = svCM: Sound Velocity [Chen-Millero, m/s]
# name 25 = svCM1: Sound Velocity, 2 [Chen-Millero, m/s]
# name 26 = gsw_ptA0: potential temperature [ITS-90, deg C]
# name 27 = gsw_densityA0: density, TEOS-10 [density, kg/m^3]
# name 28 = gsw_saA0: Absolute Salinity [g/kg]
# name 29 = flag:
# span 0 =       2131,      34318       
# span 1 = 311.540506, 311.556029       
# span 2 =  -62.22870,  -62.22469       
# span 3 =  -58.21066,  -58.20496       
# span 4 =     -1.069,      1.101       
# span 5 =      -0.00,    1448.15       
# span 6 =      2.000,    361.000       
# span 7 =      2.030,    357.222       
# span 8 =    -0.7448,    -0.5382       
# span 9 =    -0.7440,    -0.5380       
# span 10 =    -0.0163,     0.0109      
# span 11 =    -0.7494,    -0.5386      
# span 12 =    -0.7486,    -0.5384      
# span 13 =    -0.0162,     0.0109      
# span 14 =   2.796872,   2.811671      
# span 15 =   2.796859,   2.811650      
# span 16 =  -0.001567,   0.001008      
# span 17 =    34.2972,    34.3594      
# span 18 =    34.2973,    34.3582      
# span 19 =     7.0189,     7.5860      
# span 20 =    27.5652,    27.6232      
# span 21 =    27.5651,    27.6222      
# span 22 =    34.2976,    34.3593      
# span 23 =    27.5656,    27.6232      
# span 24 =    1445.68,    1450.84      
# span 25 =    1445.68,    1450.85      
# span 26 =    -0.7492,    -0.5386      
# span 27 =  1027.5821,  1029.3535      
# span 28 =    34.4608,    34.5296      
# span 29 = 0.0000e+00, 0.0000e+00      
# interval = decibars: 1                
# start_time = Nov 07 2023 12:56:51 [NMEA time, header]
# bad_flag = -9.990e-29
*END*
       2131 311.540506  -62.22469  -58.21066      0.082      -0.00     13.000     12.878    -0.5382    -0.5380     0.0002    -0.5386    -0.5384     0.0002   2.806155   2.806043  -0.000139    34.3007    34.2986     7.5793    27.5676    27.5659    34.3000    27.5670    1445.92    1445.92    -0.5386  1027.6335    34.4652 0.0000e+00
       2316 311.540595  -62.22472  -58.21064      0.269       0.04     14.000     13.866    -0.5613    -0.5605     0.0009    -0.5618    -0.5609     0.0009   2.804162   2.804214   0.000060    34.2991    34.2990     7.5724    27.5674    27.5672    34.2987    27.5670    1445.83    1445.83    -0.5617  1027.6385    34.4642 0.0000e+00
       2369 311.540621  -62.22473  -58.21064      0.433       0.00     15.000     14.855    -0.5608    -0.5589     0.0019    -0.5612    -0.5594     0.0019   2.804295   2.804372   0.000071    34.2998    34.2987     7.5751    27.5679    27.5669    34.2993    27.5674    1445.85    1445.86    -0.5612  1027.6437    34.4647 0.0000e+00
       2427 311.540649  -62.22474  -58.21064      0.410 2.5662e-11     16.000     15.846    -0.5485    -0.5476     0.0009    -0.5489    -0.5481     0.0009   2.805290   2.805371   0.000083    34.2972    34.2973     7.5761    27.5652    27.5653    34.2981    27.5660    1445.92    1445.93    -0.5490  1027.6470    34.4635 0.0000e+00
       2478 311.540674  -62.22474  -58.21063      0.476       0.13     17.000     16.837    -0.5466    -0.5475    -0.0009    -0.5471    -0.5480    -0.0009   2.805507   2.805430  -0.000044    34.2983    34.2987     7.5762    27.5660    27.5665    34.2982    27.5660    1445.95    1445.94    -0.5471  1027.6518    34.4636 0.0000e+00
       2530 311.540699  -62.22476  -58.21062      0.459      -0.00     18.000     17.826    -0.5490    -0.5494    -0.0004    -0.5496    -0.5499    -0.0004   2.805301   2.805276  -0.000040    34.2980    34.2978     7.5768    27.5659    27.5658    34.2976    27.5656    1445.95    1445.95    -0.5495  1027.6562    34.4630 0.0000e+00
       2573 311.540720  -62.22476  -58.21062      0.548 1.0560e-10     19.000     18.817    -0.5506    -0.5489     0.0017    -0.5512    -0.5495     0.0017   2.805239   2.805387   0.000156    34.2977    34.2980     7.5860    27.5658    27.5659    34.2980    27.5660    1445.96    1445.97    -0.5512  1027.6613    34.4634 0.0000e+00
       2605 311.540735  -62.22476  -58.21061      0.714     747.11     20.000     19.807    -0.5480    -0.5445     0.0035    -0.5486    -0.5451     0.0035   2.805574   2.805803   0.000227    34.2987    34.2977     7.5719    27.5664    27.5655    34.2989    27.5666    1445.99    1446.00    -0.5486  1027.6667    34.4643 0.0000e+00
       2635 311.540750  -62.22476  -58.21060      0.791    1427.87     21.000     20.798    -0.5439    -0.5447    -0.0008    -0.5446    -0.5454    -0.0008   2.805960   2.805843  -0.000096    34.2983    34.2979     7.5624    27.5659    27.5657    34.2989    27.5664    1446.02    1446.02    -0.5445  1027.6713    34.4642 0.0000e+00
       2668 311.540765  -62.22478  -58.21060      0.749    1445.97     22.000     21.788    -0.5414    -0.5401     0.0012    -0.5421    -0.5408     0.0012   2.806204   2.806259   0.000018    34.2986    34.2974     7.5637    27.5660    27.5651    34.2987    27.5661    1446.05    1446.06    -0.5420  1027.6758    34.4641 0.0000e+00
       2704 311.540782  -62.22478  -58.21060      0.679    1445.97     23.000     22.778    -0.5476    -0.5450     0.0027    -0.5483    -0.5457     0.0027   2.805815   2.805892   0.000105    34.3000    34.2984     7.5722    27.5675    27.5661    34.2999    27.5674    1446.04    1446.05    -0.5483  1027.6819    34.4653 0.0000e+00
       2735 311.540798  -62.22478  -58.21060      0.732    1445.97     24.000     23.768    -0.5474    -0.5465     0.0010    -0.5482    -0.5472     0.0010   2.805794   2.805829   0.000034    34.2988    34.2981     7.5750    27.5665    27.5659    34.2987    27.5665    1446.06    1446.06    -0.5481  1027.6857    34.4642 0.0000e+00
       2764 311.540812  -62.22478  -58.21060      0.810    1445.97     25.000     24.759    -0.5490    -0.5477     0.0013    -0.5498    -0.5485     0.0013   2.805730   2.805767   0.000033    34.2992    34.2982     7.5731    27.5669    27.5660    34.2991    27.5668    1446.06    1446.07    -0.5497  1027.6909    34.4645 0.0000e+00
       2793 311.540826  -62.22478  -58.21060      0.830    1445.97     26.000     25.749    -0.5499    -0.5491     0.0009    -0.5507    -0.5499     0.0009   2.805702   2.805705   0.000008    34.2992    34.2983     7.5613    27.5669    27.5661    34.2991    27.5668    1446.08    1446.08    -0.5507  1027.6957    34.4645 0.0000e+00
       2823 311.540840  -62.22480  -58.21059      0.809    1445.97     27.000     26.739    -0.5491    -0.5483     0.0008    -0.5499    -0.5491     0.0008   2.805805   2.805819   0.000011    34.2988    34.2980     7.5511    27.5666    27.5659    34.2989    27.5667    1446.10    1446.10    -0.5499  1027.7003    34.4644 0.0000e+00
       2855 311.540855  -62.22480  -58.21058      0.771    1445.97     28.000     27.729    -0.5496    -0.5484     0.0012    -0.5505    -0.5493     0.0012   2.805810   2.805838   0.000030    34.2991    34.2981     7.5614    27.5668    27.5660    34.2989    27.5667    1446.11    1446.12    -0.5504  1027.7052    34.4644 0.0000e+00
       2885 311.540870  -62.22480  -58.21058      0.786    1445.97     29.000     28.720    -0.5508    -0.5500     0.0008    -0.5516    -0.5509     0.0008   2.805763   2.805767 1.5998e-07    34.2991    34.2983     7.5564    27.5669    27.5662    34.2990    27.5668    1446.12    1446.13    -0.5516  1027.7101    34.4645 0.0000e+00
       2912 311.540883  -62.22480  -58.21058      0.846    1445.97     30.000     29.710    -0.5569    -0.5551     0.0019    -0.5578    -0.5559     0.0019   2.805285   2.805379   0.000098    34.2996    34.2988     7.5612    27.5676    27.5669    34.2989    27.5670    1446.11    1446.12    -0.5578  1027.7151    34.4644 0.0000e+00
       2938 311.540896  -62.22482  -58.21058      0.904    1445.97     31.000     30.700    -0.5593    -0.5586     0.0007    -0.5602    -0.5595     0.0007   2.805155   2.805165  -0.000003    34.2996    34.2987     7.5592    27.5676    27.5669    34.2992    27.5674    1446.11    1446.12    -0.5602  1027.7202    34.4647 0.0000e+00
       2965 311.540909 -9.990e-29 -9.990e-29      0.901    1445.97     32.000     31.690    -0.5540    -0.5524     0.0016    -0.5550    -0.5533     0.0016   2.805592   2.805707   0.000111    34.2983    34.2979     7.5573    27.5664    27.5660    34.2985    27.5666    1446.15    1446.16    -0.5549  1027.7216    34.4608 0.0000e+00
       2994 311.540923 -9.990e-29 -9.990e-29      0.857    1445.97     33.000     32.681    -0.5583    -0.5549     0.0034    -0.5592    -0.5559     0.0034   2.805361   2.805528   0.000181    34.3000    34.2986     7.5525    27.5680    27.5667    34.2996    27.5676    1446.15    1446.17    -0.5593  1027.7274    34.4619 0.0000e+00
       3023 311.540936 -9.990e-29 -9.990e-29      0.832    1445.97     34.000     33.671    -0.5623    -0.5609     0.0014    -0.5633    -0.5619     0.0014   2.805070   2.805096   0.000022    34.3001    34.2987     7.5539    27.5682    27.5671    34.2996    27.5678    1446.15    1446.15    -0.5633  1027.7324    34.4619 0.0000e+00
       3051 311.540950  -62.22484  -58.21056      0.853    1445.97     35.000     34.661    -0.5641    -0.5633     0.0008    -0.5651    -0.5643     0.0008   2.804965   2.804950  -0.000005    34.3000    34.2990     7.5606    27.5682    27.5674    34.2996    27.5679    1446.16    1446.16    -0.5651  1027.7385    34.4634 0.0000e+00
       3078 311.540963  -62.22484  -58.21056      0.865    1445.97     36.000     35.651    -0.5740    -0.5699     0.0041    -0.5751    -0.5710     0.0041   2.804274   2.804443   0.000166    34.3027    34.3003     7.5606    27.5709    27.5687    34.3009    27.5694    1446.13    1446.15    -0.5751  1027.7462    34.4665 0.0000e+00
       3106 311.540976  -62.22484  -58.21056      0.873    1445.97     37.000     36.642    -0.5734    -0.5729     0.0005    -0.5745    -0.5740     0.0005   2.804291   2.804297  -0.000014    34.2996    34.2988     7.5641    27.5683    27.5677    34.2998    27.5685    1446.15    1446.15    -0.5745  1027.7501    34.4654 0.0000e+00
       3132 311.540989  -62.22484  -58.21056      0.889    1445.97     38.000     37.631    -0.5832    -0.5835    -0.0003    -0.5844    -0.5847    -0.0003   2.803637   2.803468  -0.000140    34.3034    34.3019     7.5580    27.5718    27.5707    34.3015    27.5703    1446.12    1446.12    -0.5843  1027.7567    34.4671 0.0000e+00
       3158 311.541002  -62.22484  -58.21056      0.924    1445.97     39.000     38.622    -0.5900    -0.5882     0.0018    -0.5912    -0.5894     0.0018   2.803163   2.803154  -0.000017    34.3030    34.3008     7.5548    27.5718    27.5699    34.3022    27.5711    1446.10    1446.11    -0.5911  1027.7624    34.4678 0.0000e+00
       3182 311.541013  -62.22484  -58.21055      0.971    1445.97     40.000     39.612    -0.5917    -0.5905     0.0013    -0.5929    -0.5917     0.0013   2.803002   2.803022   0.000024    34.3023    34.3012     7.5490    27.5713    27.5703    34.3014    27.5705    1446.11    1446.12    -0.5929  1027.7666    34.4670 0.0000e+00
       3207 311.541025  -62.22485  -58.21054      0.989    1445.97     41.000     40.602    -0.5900    -0.5895     0.0005    -0.5913    -0.5907     0.0005   2.803164   2.803143  -0.000023    34.3014    34.3005     7.5405    27.5705    27.5697    34.3010    27.5702    1446.14    1446.14    -0.5912  1027.7710    34.4667 0.0000e+00
       3234 311.541038  -62.22486  -58.21054      0.926    1445.97     42.000     41.592    -0.5903    -0.5892     0.0011    -0.5915    -0.5904     0.0011   2.803182   2.803211   0.000030    34.3015    34.3007     7.5311    27.5706    27.5699    34.3009    27.5701    1446.15    1446.16    -0.5915  1027.7757    34.4666 0.0000e+00
       3263 311.541052  -62.22486  -58.21054      0.842    1445.97     43.000     42.583    -0.5867    -0.5868    -0.0001    -0.5880    -0.5881    -0.0001   2.803466   2.803440  -0.000030    34.3002    34.3000     7.5273    27.5694    27.5692    34.3001    27.5693    1446.18    1446.18    -0.5880  1027.7797    34.4657 0.0000e+00
       3290 311.541065  -62.22486  -58.21054      0.848    1445.97     44.000     43.573    -0.5870    -0.5857     0.0013    -0.5883    -0.5870     0.0013   2.803514   2.803567   0.000062    34.3006    34.2999     7.5268    27.5697    27.5691    34.3005    27.5696    1446.20    1446.20    -0.5883  1027.7848    34.4662 0.0000e+00
       3315 311.541078  -62.22486  -58.21054      0.917    1445.97     45.000     44.563    -0.5853    -0.5844     0.0009    -0.5866    -0.5857     0.0009   2.803727   2.803744 4.5045e-07    34.3007    34.2997     7.5211    27.5698    27.5689    34.3007    27.5698    1446.22    1446.23    -0.5866  1027.7898    34.4664 0.0000e+00
       3340 311.541090  -62.22488  -58.21054      0.962    1445.97     46.000     45.553    -0.5918    -0.5873     0.0045    -0.5932    -0.5887     0.0045   2.803351   2.803534   0.000182    34.3034    34.3008     7.5321    27.5722    27.5699    34.3025    27.5715    1446.21    1446.23    -0.5932  1027.7962    34.4682 0.0000e+00
       3365 311.541102  -62.22488  -58.21052      0.957    1445.97     47.000     46.543    -0.5930    -0.5920     0.0010    -0.5944    -0.5934     0.0010   2.803245   2.803234  -0.000006    34.3021    34.3009     7.5331    27.5712    27.5702    34.3017    27.5709    1446.22    1446.23    -0.5944  1027.8004    34.4674 0.0000e+00
       3390 311.541114  -62.22488  -58.21052      0.968    1445.97     48.000     47.534    -0.5943    -0.5935     0.0008    -0.5957    -0.5949     0.0008   2.803191   2.803158  -0.000031    34.3022    34.3009     7.5358    27.5714    27.5703    34.3018    27.5710    1446.23    1446.23    -0.5957  1027.8054    34.4676 0.0000e+00
       3416 311.541126  -62.22488  -58.21052      0.954    1445.97     49.000     48.524    -0.5942    -0.5933     0.0009    -0.5957    -0.5948     0.0009   2.803193   2.803217   0.000023    34.3015    34.3008     7.5382    27.5708    27.5701    34.3012    27.5705    1446.25    1446.25    -0.5956  1027.8097    34.4670 0.0000e+00
       3441 311.541138  -62.22488  -58.21052      0.944    1445.97     50.000     49.514    -0.5931    -0.5930     0.0000    -0.5946    -0.5945     0.0000   2.803361   2.803288  -0.000064    34.3014    34.3005     7.5273    27.5707    27.5700    34.3015    27.5707    1446.27    1446.27    -0.5945  1027.8147    34.4673 0.0000e+00
       3466 311.541150  -62.22488  -58.21052      0.962    1445.97     51.000     50.504    -0.5920    -0.5902     0.0018    -0.5935    -0.5917     0.0018   2.803493   2.803542   0.000041    34.3017    34.3003     7.5232    27.5709    27.5696    34.3015    27.5707    1446.29    1446.30    -0.5935  1027.8194    34.4672 0.0000e+00
       3490 311.541162  -62.22490  -58.21052      0.972    1445.97     52.000     51.494    -0.5936    -0.5924     0.0012    -0.5951    -0.5939     0.0012   2.803370   2.803416   0.000043    34.3012    34.3004     7.5299    27.5705    27.5698    34.3010    27.5703    1446.30    1446.30    -0.5951  1027.8239    34.4667 0.0000e+00
       3516 311.541174  -62.22490  -58.21052      0.946    1445.97     53.000     52.484    -0.5938    -0.5929     0.0009    -0.5954    -0.5945     0.0009   2.803439   2.803423  -0.000008    34.3016    34.3005     7.5250    27.5709    27.5699    34.3016    27.5708    1446.31    1446.32    -0.5954  1027.8291    34.4673 0.0000e+00
       3543 311.541187  -62.22490  -58.21051      0.905    1445.97     54.000     53.475    -0.5939    -0.5930     0.0009    -0.5955    -0.5946     0.0009   2.803437   2.803464   0.000019    34.3012    34.3005     7.5193    27.5705    27.5699    34.3010    27.5704    1446.33    1446.33    -0.5955  1027.8335    34.4668 0.0000e+00
       3570 311.541200  -62.22490  -58.21050      0.892    1445.97     55.000     54.465    -0.5939    -0.5929     0.0009    -0.5955    -0.5946     0.0009   2.803504   2.803516   0.000020    34.3013    34.3004     7.5104    27.5706    27.5699    34.3012    27.5706    1446.34    1446.35    -0.5955  1027.8385    34.4671 0.0000e+00
       3595 311.541213  -62.22491  -58.21050      0.918    1445.97     56.000     55.455    -0.5940    -0.5930     0.0010    -0.5957    -0.5947     0.0010   2.803569   2.803554  -0.000016    34.3018    34.3004     7.5076    27.5710    27.5699    34.3017    27.5709    1446.36    1446.36    -0.5956  1027.8436    34.4675 0.0000e+00
       3620 311.541224  -62.22492  -58.21050      0.971    1445.97     57.000     56.445    -0.5936    -0.5926     0.0010    -0.5953    -0.5943     0.0010   2.803626   2.803635   0.000008    34.3013    34.3003     7.5129    27.5706    27.5698    34.3013    27.5706    1446.38    1446.38    -0.5953  1027.8481    34.4671 0.0000e+00
       3644 311.541236  -62.22492  -58.21050      0.993    1445.97     58.000     57.435    -0.5956    -0.5942     0.0015    -0.5974    -0.5959     0.0015   2.803526   2.803565   0.000041    34.3020    34.3009     7.5193    27.5713    27.5703    34.3017    27.5710    1446.39    1446.39    -0.5973  1027.8534    34.4677 0.0000e+00
       3670 311.541248  -62.22492 -9.990e-29      0.957    1445.97     59.000     58.425    -0.5962    -0.5956     0.0007    -0.5980    -0.5973     0.0007   2.803542   2.803520  -0.000023    34.3021    34.3010     7.5154    27.5713    27.5704    34.3020    27.5712    1446.40    1446.40    -0.5979  1027.8590    34.4687 0.0000e+00
       3697 311.541262  -62.22492 -9.990e-29      0.886    1445.97     60.000     59.415    -0.5966    -0.5956     0.0010    -0.5984    -0.5974     0.0010   2.803568   2.803555  -0.000014    34.3023    34.3009     7.5104    27.5715    27.5704    34.3021    27.5714    1446.42    1446.42    -0.5984  1027.8640    34.4689 0.0000e+00
