Pos-Processados/process_op42/operantar42_012.cnv
* Sea-Bird SBE 9 Data File:
* FileName = C:\Users\Hidrografia\Desktop\OPXLII\Brutos\OP42012.hdr
* Software Version Seasave V 7.26.7.107
* Temperature SN = 6502
* Conductivity SN = 4998
* Number of Bytes Per Scan = 31
* Number of Voltage Words = 2
* Number of Scans Averaged by the Deck Unit = 1
* NMEA Latitude = 45 45.00 S
* NMEA Longitude = 055 01.26 W
* NMEA UTC (Time) = Oct 19 2023 15:31:14
* NMEA baud rate = 4800
** H41
** NPOALTEMAXIMIANO
** NUMERO DA ESTACAO (XXX) 012
** LAT (XX XX.XX S/N) 45 44.898 S
** LONG (XXX XX.XX W/E) 055 00.940 W
** DATAHORA (dd/mm/aaaa hh:mm Z) 19/10/2023 15:24 Z
** PROFUNDIDADE (m) 5690
** OPERADOR 1T ZAMITH
# nquan = 30
# nvalues = 2014                        
# units = specified
# name 0 = scan: Scan Count
# name 1 = timeJ: Julian Days
# name 2 = latitude: Latitude [deg]
# name 3 = longitude: Longitude [deg]
# name 4 = dz/dtM: Descent Rate [m/s]
# name 5 = avgsvCM: Average Sound Velocity [Chen-Millero, m/s]
# name 6 = prDM: Pressure, Digiquartz [db]
# name 7 = depSM: Depth [salt water, m]
# name 8 = t090C: Temperature [ITS-90, deg C]
# name 9 = t190C: Temperature, 2 [ITS-90, deg C]
# name 10 = T2-T190C: Temperature Difference, 2 - 1 [ITS-90, deg C]
# name 11 = potemp090C: Potential Temperature [ITS-90, deg C]
# name 12 = potemp190C: Potential Temperature, 2 [ITS-90, deg C]
# name 13 = potemp90Cdiff: Potential Temperature, Diff, 2 - 1 [ITS-90, deg C]
# name 14 = c0S/m: Conductivity [S/m]
# name 15 = c1S/m: Conductivity, 2 [S/m]
# name 16 = C2-C1S/m: Conductivity Difference, 2 - 1 [S/m]
# name 17 = sal00: Salinity, Practical [PSU]
# name 18 = sal11: Salinity, Practical, 2 [PSU]
# name 19 = sbeox0ML/L: Oxygen, SBE 43 [ml/l]
# name 20 = sigma-é00: Density [sigma-theta, kg/m^3]
# name 21 = sigma-é11: Density, 2 [sigma-theta, kg/m^3]
# name 22 = sal00: Salinity, Practical [PSU]
# name 23 = sigma-é00: Density [sigma-theta, kg/m^3]
# name 24 = svCM: Sound Velocity [Chen-Millero, m/s]
# name 25 = svCM1: Sound Velocity, 2 [Chen-Millero, m/s]
# name 26 = gsw_ptA0: potential temperature [ITS-90, deg C]
# name 27 = gsw_densityA0: density, TEOS-10 [density, kg/m^3]
# name 28 = gsw_saA0: Absolute Salinity [g/kg]
# name 29 = flag:
# span 0 =       2103,      63010       
# span 1 = 292.647703, 292.677076       
# span 2 =  -45.76244,  -45.75052       
# span 3 =  -55.02235,  -55.02060       
# span 4 =     -1.303,      1.279       
# span 5 =       0.00,    1481.43       
# span 6 =      5.000,   1012.000       
# span 7 =      4.972,   1001.251       
# span 8 =     2.6433,     8.3582       
# span 9 =     2.6443,     8.3598       
# span 10 =    -0.2307,     0.2100      
# span 11 =     2.5794,     8.3577      
# span 12 =     2.5803,     8.3593      
# span 13 =    -0.2306,     0.2099      
# span 14 =   3.132121,   3.571820      
# span 15 =   3.132163,   3.571789      
# span 16 =  -0.019619,   0.017965      
# span 17 =    34.0473,    34.5093      
# span 18 =    34.0470,    34.5087      
# span 19 =     3.8938,     7.0944      
# span 20 =    26.5251,    27.5298      
# span 21 =    26.5235,    27.5293      
# span 22 =    34.0501,    34.5092      
# span 23 =    26.5266,    27.5298      
# span 24 =    1469.26,    1482.81      
# span 25 =    1469.26,    1482.82      
# span 26 =     2.5793,     8.3577      
# span 27 =  1026.5515,  1032.2269      
# span 28 =    34.2111,    34.6764      
# span 29 = 0.0000e+00, 0.0000e+00      
# interval = decibars: 1                
# start_time = Oct 19 2023 15:31:14 [NMEA time, header]
# bad_flag = -9.990e-29
*END*
[from data line 339]
      10925 292.651958  -45.75226  -55.02066      1.049    1471.56    345.000    341.890     3.6642     3.6649     0.0007     3.6410     3.6417     0.0007   3.168815   3.168825   0.000006    34.1362    34.1355     6.0966    27.1351    27.1345    34.1353    27.1344    1469.75    1469.75     3.6409  1028.7393    34.2975 0.0000e+00
      10951 292.651970  -45.75226  -55.02066      0.991    1471.56    346.000    342.881     3.6610     3.6618     0.0008     3.6377     3.6385     0.0008   3.168584   3.168576  -0.000007    34.1363    34.1354     6.0935    27.1355    27.1347    34.1353    27.1347    1469.75    1469.75     3.6377  1028.7443    34.2975 0.0000e+00
      10978 292.651983  -45.75226  -55.02066      0.906    1471.56    347.000    343.871     3.6591     3.6599     0.0007     3.6358     3.6365     0.0007   3.168491   3.168514   0.000024    34.1364    34.1359     6.0947    27.1357    27.1353    34.1357    27.1352    1469.76    1469.76     3.6357  1028.7489    34.2972 0.0000e+00
      11005 292.651996 -9.990e-29  -55.02066      0.887    1471.56    348.000    344.861     3.6518     3.6524     0.0006     3.6284     3.6290     0.0006   3.167935   3.167852  -0.000082    34.1377    34.1361     6.0959    27.1375    27.1362    34.1362    27.1363    1469.74    1469.75     3.6283  1028.7545    34.2974 0.0000e+00
      11033 292.652010 -9.990e-29  -55.02066      0.874    1471.56    349.000    345.851     3.6455     3.6464     0.0009     3.6220     3.6229     0.0009   3.167399   3.167410   0.000008    34.1369    34.1360     6.0949    27.1375    27.1367    34.1358    27.1366    1469.73    1469.74     3.6220  1028.7596    34.2971 0.0000e+00
      11063 292.652024 -9.990e-29  -55.02066      0.814    1471.56    350.000    346.841     3.6425     3.6433     0.0008     3.6189     3.6197     0.0008   3.167186   3.167173  -0.000011    34.1368    34.1359     6.0788    27.1377    27.1369    34.1359    27.1370    1469.74    1469.74     3.6189  1028.7646    34.2972 0.0000e+00
      11090 292.652038 -9.990e-29  -55.02066      0.832    1471.56    351.000    347.831     3.6391     3.6399     0.0008     3.6155     3.6162     0.0008   3.166963   3.166949  -0.000017    34.1372    34.1362     6.0727    27.1384    27.1375    34.1362    27.1376    1469.74    1469.74     3.6154  1028.7699    34.2975 0.0000e+00
      11113 292.652049 -9.990e-29  -55.02066      0.951    1471.56    352.000    348.821     3.6367     3.6375     0.0008     3.6130     3.6138     0.0008   3.166801   3.166818   0.000015    34.1372    34.1365     6.0755    27.1386    27.1379    34.1363    27.1379    1469.75    1469.75     3.6130  1028.7748    34.2976 0.0000e+00
      11135 292.652059 -9.990e-29  -55.02066      1.069    1471.56    353.000    349.812     3.6328     3.6337     0.0009     3.6091     3.6100     0.0009   3.166496   3.166506   0.000011    34.1375    34.1366     6.0771    27.1392    27.1384    34.1362    27.1382    1469.75    1469.75     3.6090  1028.7798    34.2975 0.0000e+00
      11157 292.652070 -9.990e-29  -55.02066      1.106    1471.56    354.000    350.802     3.6269     3.6276     0.0008     3.6031     3.6039     0.0008   3.166023   3.166004  -0.000011    34.1377    34.1367     6.0756    27.1399    27.1391    34.1362    27.1388    1469.74    1469.74     3.6031  1028.7850    34.2975 0.0000e+00
      11181 292.652081  -45.75231  -55.02066      1.049    1471.56    355.000    351.792     3.6170     3.6176     0.0006     3.5931     3.5937     0.0006   3.165282   3.165206  -0.000075    34.1387    34.1371     6.0728    27.1417    27.1404    34.1372    27.1405    1469.71    1469.71     3.5931  1028.7922    34.2993 0.0000e+00
      11205 292.652093  -45.75232  -55.02066      0.994    1471.56    356.000    352.782     3.6043     3.6049     0.0007     3.5804     3.5811     0.0007   3.164216   3.164067  -0.000150    34.1396    34.1371     6.0751    27.1437    27.1416    34.1371    27.1417    1469.68    1469.68     3.5804  1028.7982    34.2993 0.0000e+00
      11228 292.652104  -45.75232  -55.02066      1.017    1471.56    357.000    353.772     3.5976     3.5985     0.0008     3.5737     3.5746     0.0008   3.163645   3.163642  -0.000011    34.1383    34.1373     6.0749    27.1433    27.1424    34.1367    27.1421    1469.67    1469.67     3.5737  1028.8032    34.2989 0.0000e+00
      11252 292.652116  -45.75233  -55.02066      1.028    1471.34    358.000    354.762     3.5959     3.5966     0.0007     3.5719     3.5727     0.0007   3.163522   3.163536   0.000015    34.1377    34.1371     6.0665    27.1430    27.1425    34.1365    27.1421    1469.67    1469.68     3.5719  1028.8079    34.2987 0.0000e+00
      11283 292.652131  -45.75234  -55.02066      0.852    1471.24    359.000    355.752     3.5975     3.5990     0.0015     3.5734     3.5749     0.0015   3.163728   3.163845   0.000112    34.1376    34.1373     6.0600    27.1428    27.1424    34.1368    27.1422    1469.70    1469.71     3.5734  1028.8126    34.2990 0.0000e+00
      11318 292.652148  -45.75234  -55.02066      0.672    1471.24    360.000    356.742     3.6005     3.6009     0.0004     3.5764     3.5768     0.0004   3.164041   3.164106   0.000072    34.1376    34.1380     6.0600    27.1425    27.1428    34.1369    27.1419    1469.73    1469.73     3.5763  1028.8170    34.2991 0.0000e+00
      11346 292.652161  -45.75234  -55.02066      0.793    1471.24    361.000    357.732     3.5949     3.5956     0.0007     3.5707     3.5714     0.0007   3.163718   3.163674  -0.000041    34.1396    34.1383     6.0657    27.1447    27.1436    34.1384    27.1437    1469.72    1469.72     3.5707  1028.8234    34.3006 0.0000e+00
      11368 292.652172  -45.75234  -55.02066      0.971    1471.24    362.000    358.722     3.5846     3.5855     0.0008     3.5604     3.5613     0.0008   3.162829   3.162733  -0.000091    34.1400    34.1380     6.0638    27.1460    27.1443    34.1379    27.1443    1469.69    1469.69     3.5604  1028.8284    34.2998 0.0000e+00
      11390 292.652182 -9.990e-29  -55.02066      1.086    1471.24    363.000    359.713     3.5679     3.5688     0.0009     3.5437     3.5446     0.0009   3.161446   3.161331  -0.000124    34.1406    34.1382     6.0496    27.1481    27.1461    34.1383    27.1462    1469.64    1469.64     3.5436  1028.8347    34.2996 0.0000e+00
      11413 292.652193 -9.990e-29  -55.02066      1.093    1471.24    364.000    360.703     3.5642     3.5648     0.0006     3.5399     3.5405     0.0006   3.161135   3.161133   0.000009    34.1396    34.1391     6.0418    27.1476    27.1472    34.1379    27.1463    1469.64    1469.64     3.5399  1028.8394    34.2992 0.0000e+00
      11438 292.652205 -9.990e-29  -55.02066      1.002    1471.24    365.000    361.693     3.5512     3.5516     0.0004     3.5269     3.5273     0.0004   3.160216   3.160019  -0.000195    34.1422    34.1395     6.0431    27.1510    27.1488    34.1400    27.1492    1469.60    1469.60     3.5268  1028.8472    34.3013 0.0000e+00
      11463 292.652217  -45.75238  -55.02066      0.938    1471.24    366.000    362.683     3.5422     3.5425     0.0003     3.5178     3.5181     0.0003   3.159351   3.159207  -0.000136    34.1412    34.1393     6.0414    27.1511    27.1495    34.1385    27.1489    1469.58    1469.58     3.5178  1028.8518    34.3001 0.0000e+00
      11487 292.652229  -45.75238 -9.990e-29      0.977    1471.24    367.000    363.673     3.5203     3.5224     0.0021     3.4960     3.4980     0.0021   3.157451   3.157454  -0.000033    34.1410    34.1384     6.0385    27.1530    27.1508    34.1381    27.1507    1469.50    1469.51     3.4959  1028.8592    34.3006 0.0000e+00
      11510 292.652240  -45.75238 -9.990e-29      1.031    1471.24    368.000    364.663     3.5210     3.5219     0.0009     3.4966     3.4975     0.0009   3.157470   3.157524   0.000057    34.1390    34.1387     6.0242    27.1513    27.1510    34.1371    27.1498    1469.52    1469.53     3.4965  1028.8629    34.2996 0.0000e+00
      11534 292.652252  -45.75239 -9.990e-29      1.026    1471.24    369.000    365.653     3.5231     3.5236     0.0004     3.4986     3.4990     0.0004   3.157747   3.157841   0.000078    34.1387    34.1391     6.0259    27.1509    27.1512    34.1377    27.1501    1469.55    1469.55     3.4986  1028.8678    34.3002 0.0000e+00
      11562 292.652265  -45.75240  -55.02064      0.915    1471.24    370.000    366.643     3.5346     3.5360     0.0014     3.5100     3.5114     0.0014   3.158854   3.159156   0.000307    34.1385    34.1407     6.0251    27.1496    27.1513    34.1384    27.1496    1469.61    1469.62     3.5099  1028.8717    34.3009 0.0000e+00
      11593 292.652280  -45.75240  -55.02064      0.788    1471.24    371.000    367.633     3.5371     3.5378     0.0007     3.5124     3.5131     0.0007   3.159282   3.159371   0.000104    34.1411    34.1416     6.0232    27.1515    27.1518    34.1403    27.1509    1469.64    1469.65     3.5124  1028.8775    34.3026 0.0000e+00
      11620 292.652293  -45.75240  -55.02064      0.828    1471.24    372.000    368.623     3.5315     3.5323     0.0008     3.5067     3.5075     0.0008   3.158985   3.158958  -0.000023    34.1432    34.1421     6.0222    27.1537    27.1527    34.1422    27.1529    1469.64    1469.64     3.5067  1028.8842    34.3045 0.0000e+00
      11645 292.652305  -45.75242  -55.02064      0.928    1471.24    373.000    369.613     3.5251     3.5257     0.0007     3.5002     3.5009     0.0007   3.158473   3.158427  -0.000049    34.1435    34.1422     6.0056    27.1546    27.1535    34.1422    27.1536    1469.63    1469.63     3.5002  1028.8896    34.3045 0.0000e+00
      11671 292.652317  -45.75242  -55.02064      0.963    1471.24    374.000    370.603     3.5203     3.5211     0.0008     3.4954     3.4963     0.0008   3.158073   3.158049  -0.000023    34.1430    34.1419     5.9882    27.1547    27.1537    34.1419    27.1538    1469.62    1469.63     3.4954  1028.8945    34.3042 0.0000e+00
      11698 292.652331  -45.75242  -55.02064      0.909    1471.24    375.000    371.593     3.5177     3.5185     0.0008     3.4928     3.4936     0.0008   3.157860   3.157871   0.000011    34.1425    34.1418     5.9887    27.1545    27.1538    34.1415    27.1537    1469.63    1469.63     3.4927  1028.8991    34.3038 0.0000e+00
      11724 292.652343  -45.75242  -55.02064      0.880    1471.24    376.000    372.583     3.5117     3.5125     0.0008     3.4867     3.4876     0.0008   3.157413   3.157353  -0.000057    34.1433    34.1418     5.9871    27.1557    27.1544    34.1419    27.1546    1469.62    1469.62     3.4867  1028.9046    34.3042 0.0000e+00
      11748 292.652355  -45.75242  -55.02064      0.958    1471.24    377.000    373.573     3.5012     3.5020     0.0008     3.4762     3.4770     0.0008   3.156514   3.156441  -0.000075    34.1436    34.1419     6.0008    27.1570    27.1556    34.1416    27.1554    1469.59    1469.59     3.4762  1028.9101    34.3039 0.0000e+00
      11770 292.652365  -45.75244  -55.02064      1.063    1471.24    378.000    374.563     3.4906     3.4912     0.0007     3.4655     3.4662     0.0007   3.155610   3.155538  -0.000071    34.1434    34.1418     6.0023    27.1579    27.1566    34.1414    27.1562    1469.56    1469.56     3.4655  1028.9154    34.3032 0.0000e+00
      11792 292.652376 -9.990e-29  -55.02064      1.092    1471.24    379.000    375.553     3.4832     3.4839     0.0007     3.4581     3.4588     0.0007   3.154973   3.154971  -0.000007    34.1426    34.1418     5.9875    27.1580    27.1572    34.1409    27.1566    1469.55    1469.55     3.4581  1028.9200    34.3022 0.0000e+00
      11819 292.652389 -9.990e-29  -55.02064      0.977    1471.24    380.000    376.543     3.4773     3.4781     0.0008     3.4521     3.4530     0.0008   3.154529   3.154500  -0.000027    34.1428    34.1416     5.9898    27.1587    27.1576    34.1413    27.1574    1469.54    1469.54     3.4521  1028.9256    34.3026 0.0000e+00
      11848 292.652403 -9.990e-29  -55.02064      0.836    1471.24    381.000    377.533     3.4748     3.4755     0.0007     3.4496     3.4503     0.0007   3.154329   3.154315  -0.000012    34.1423    34.1415     5.9913    27.1585    27.1578    34.1409    27.1574    1469.55    1469.55     3.4495  1028.9302    34.3022 0.0000e+00
      11876 292.652416  -45.75246  -55.02064      0.835    1471.24    382.000    378.523     3.4685     3.4693     0.0008     3.4432     3.4440     0.0008   3.153859   3.153802  -0.000059    34.1430    34.1415     5.9971    27.1596    27.1584    34.1413    27.1583    1469.53    1469.54     3.4432  1028.9364    34.3034 0.0000e+00
      11900 292.652428  -45.75246  -55.02064      0.936    1471.24    383.000    379.513     3.4623     3.4632     0.0009     3.4370     3.4379     0.0009   3.153313   3.153309  -0.000005    34.1425    34.1415     5.9952    27.1598    27.1590    34.1408    27.1585    1469.52    1469.53     3.4369  1028.9414    34.3031 0.0000e+00
      11922 292.652439  -45.75246  -55.02064      1.039    1471.24    384.000    380.503     3.4563     3.4572     0.0009     3.4309     3.4318     0.0009   3.152855   3.152837  -0.000017    34.1427    34.1415     5.9882    27.1606    27.1596    34.1411    27.1593    1469.52    1469.52     3.4309  1028.9470    34.3034 0.0000e+00
      11949 292.652452  -45.75247  -55.02064      0.985    1471.24    385.000    381.493     3.4523     3.4533     0.0009     3.4269     3.4278     0.0009   3.152576   3.152575  -0.000002    34.1426    34.1416     5.9791    27.1609    27.1600    34.1413    27.1599    1469.52    1469.52     3.4269  1028.9522    34.3036 0.0000e+00
      11983 292.652468  -45.75248  -55.02064      0.731    1471.24    386.000    382.483     3.4498     3.4506     0.0008     3.4243     3.4251     0.0008   3.152429   3.152382  -0.000046    34.1430    34.1416     5.9731    27.1614    27.1603    34.1416    27.1604    1469.52    1469.52     3.4243  1028.9574    34.3040 0.0000e+00
      12012 292.652482  -45.75248  -55.02064      0.760    1471.24    387.000    383.473     3.4484     3.4496     0.0011     3.4229     3.4240     0.0011   3.152463   3.152576   0.000093    34.1432    34.1431     5.9747    27.1618    27.1616    34.1430    27.1616    1469.53    1469.54     3.4228  1028.9633    34.3053 0.0000e+00
      12033 292.652492  -45.75248  -55.02064      0.974    1471.24    388.000    384.463     3.4471     3.4485     0.0013     3.4215     3.4229     0.0013   3.152504   3.152519   0.000045    34.1462    34.1453     5.9788    27.1643    27.1635    34.1443    27.1628    1469.55    1469.55     3.4214  1028.9691    34.3067 0.0000e+00
      12052 292.652501  -45.75250  -55.02064      1.163    1471.24    389.000    385.453     3.4338     3.4344     0.0006     3.4082     3.4088     0.0006   3.151369   3.151301  -0.000074    34.1461    34.1447     5.9785    27.1655    27.1643    34.1440    27.1639    1469.51    1469.51     3.4081  1028.9749    34.3064 0.0000e+00
      12072 292.652511  -45.75250  -55.02064      1.245    1471.24    390.000    386.443     3.4242     3.4250     0.0008     3.3985     3.3993     0.0008   3.150474   3.150410  -0.000060    34.1453    34.1437     5.9679    27.1657    27.1644    34.1429    27.1639    1469.48    1469.48     3.3985  1028.9796    34.3053 0.0000e+00
      12097 292.652523  -45.75250  -55.02064      1.073    1471.24    391.000    387.433     3.4119     3.4123     0.0004     3.3862     3.3866     0.0004   3.149648   3.149316  -0.000311    34.1473    34.1431     5.9510    27.1685    27.1652    34.1453    27.1670    1469.45    1469.44     3.3861  1028.9875    34.3077 0.0000e+00
