Pos-Processados/process_op42/operantar42_045.cnv
* Sea-Bird SBE 9 Data File:
* FileName = C:\Users\Hidrografia\Desktop\OPXLII\Brutos\OP42045.hdr
* Software Version Seasave V 7.26.7.107
* Temperature SN = 6502
* Conductivity SN = 4998
* Number of Bytes Per Scan = 37
* Number of Voltage Words = 4
* Number of Scans Averaged by the Deck Unit = 1
* NMEA Latitude = 62 08.59 S
* NMEA Longitude = 058 26.59 W
* NMEA UTC (Time) = Nov 09 2023 20:07:12
* NMEA baud rate = 4800
** H41
** NPOALTEMAXIMIANO
** NUMERO DA ESTACAO (XXX) 045
** LAT (XX XX.XX S/N) 62 08.569 S
** LONG (XXX XX.XX W/E) 058 26.605 W
** DATAHORA (dd/mm/aaaa hh:mm Z) 09/11/2023 2006Z
** PROFUNDIDADE (m) 402
** OPERADOR CT FABIREZA
# nquan = 30
# nvalues = 743                         
# units = specified
# name 0 = scan: Scan Count
# name 1 = timeJ: Julian Days
# name 2 = latitude: Latitude [deg]
# name 3 = longitude: Longitude [deg]
# name 4 = dz/dtM: Descent Rate [m/s]
# name 5 = avgsvCM: Average Sound Velocity [Chen-Millero, m/s]
# name 6 = prDM: Pressure, Digiquartz [db]
# name 7 = depSM: Depth [salt water, m]
# name 8 = t090C: Temperature [ITS-90, deg C]
# name 9 = t190C: Temperature, 2 [ITS-90, deg C]
# name 10 = T2-T190C: Temperature Difference, 2 - 1 [ITS-90, deg C]
# name 11 = potemp090C: Potential Temperature [ITS-90, deg C]
# name 12 = potemp190C: Potential Temperature, 2 [ITS-90, deg C]
# name 13 = potemp90Cdiff: Potential Temperature, Diff, 2 - 1 [ITS-90, deg C]
# name 14 = c0S/m: Conductivity [S/m]
# name 15 = c1S/m: Conductivity, 2 [S/m]
# name 16 = C2-C1S/m: Conductivity Difference, 2 - 1 [S/m]
# name 17 = sal00: Salinity, Practical [PSU]
# name 18 = sal11: Salinity, Practical, 2 [PSU]
# name 19 = sbeox0ML/L: Oxygen, SBE 43 [ml/l]
# name 20 = sigma-é00: Density [sigma-theta, kg/m^3]
# name 21 = sigma-é11: Density, 2 [sigma-theta, kg/m^3]
# name 22 = sal00: Salinity, Practical [PSU]
# name 23 = sigma-é00: Density [sigma-theta, kg/m^3]
# name 24 = svCM: Sound Velocity [Chen-Millero, m/s]
# name 25 = svCM1: Sound Velocity, 2 [Chen-Millero, m/s]
# name 26 = gsw_ptA0: potential temperature [ITS-90, deg C]
# name 27 = gsw_densityA0: density, TEOS-10 [density, kg/m^3]
# name 28 = gsw_saA0: Absolute Salinity [g/kg]
# name 29 = flag:
# span 0 =       2613,      25744       
# span 1 = 313.839593, 313.850748       
# span 2 =  -62.14800,  -62.14370       
# span 3 =  -58.44308,  -58.43829       
# span 4 =     -1.154,      1.035       
# span 5 =       0.00,    1448.29       
# span 6 =      2.000,    373.000       
# span 7 =      1.976,    369.084       
# span 8 =    -0.8214,    -0.3808       
# span 9 =    -0.8203,    -0.3804       
# span 10 =    -0.0056,     0.0200      
# span 11 =    -0.8290,    -0.3938      
# span 12 =    -0.8279,    -0.3934      
# span 13 =    -0.0056,     0.0199      
# span 14 =   2.792645,   2.844280      
# span 15 =   2.792622,   2.844185      
# span 16 =  -0.000599,   0.001797      
# span 17 =    34.2765,    34.4133      
# span 18 =    34.2755,    34.4125      
# span 19 =     6.5348,     7.6471      
# span 20 =    27.5478,    27.6521      
# span 21 =    27.5469,    27.6516      
# span 22 =    34.2769,    34.4133      
# span 23 =    27.5480,    27.6521      
# span 24 =    1445.65,    1452.67      
# span 25 =    1445.66,    1452.67      
# span 26 =    -0.8288,    -0.3936      
# span 27 =  1027.5622,  1029.4338      
# span 28 =    34.4387,    34.5835      
# span 29 = 0.0000e+00, 0.0000e+00      
# interval = decibars: 1                
# start_time = Nov 09 2023 20:07:12 [NMEA time, header]
# bad_flag = -9.990e-29
*END*
[from data line 629]
      21909 313.848898 -9.990e-29  -58.43953     -0.820    1448.29    115.000    113.865    -0.7215    -0.7206     0.0008    -0.7248    -0.7240     0.0008   2.794721   2.794703  -0.000020    34.2902    34.2889     7.5410    27.5671    27.5661    34.2901    27.5671    1446.71    1446.71    -0.7248  1028.1189    34.4518 0.0000e+00
      21934 313.848911 -9.990e-29  -58.43952     -0.918    1448.29    114.000    112.875    -0.7219    -0.7210     0.0009    -0.7252    -0.7244     0.0009   2.794636   2.794617  -0.000017    34.2900    34.2888     7.5347    27.5670    27.5660    34.2900    27.5670    1446.69    1446.69    -0.7251  1028.1141    34.4517 0.0000e+00
      21957 313.848922  -62.14746  -58.43952     -0.995    1448.29    113.000    111.885    -0.7206    -0.7203     0.0003    -0.7239    -0.7236     0.0003   2.794696   2.794640  -0.000052    34.2899    34.2888     7.5303    27.5668    27.5660    34.2900    27.5670    1446.68    1446.68    -0.7238  1028.1095    34.4521 0.0000e+00
      21982 313.848934  -62.14746  -58.43951     -1.003    1448.29    112.000    110.895    -0.7188    -0.7200    -0.0012    -0.7221    -0.7233    -0.0012   2.794810   2.794611  -0.000191    34.2900    34.2888     7.5294    27.5669    27.5660    34.2902    27.5670    1446.67    1446.66    -0.7220  1028.1082    34.4565 0.0000e+00
      22014 313.848949  -62.14746  -58.43950     -0.818    1448.29    111.000    109.905    -0.7163    -0.7178    -0.0015    -0.7196    -0.7211    -0.0015   2.794980   2.794748  -0.000214    34.2898    34.2886     7.5293    27.5666    27.5657    34.2903    27.5670    1446.67    1446.66    -0.7195  1028.1035    34.4567 0.0000e+00
      22050 313.848966  -62.14746  -58.43949     -0.683    1448.29    110.000    108.915    -0.7093    -0.7149    -0.0056    -0.7125    -0.7182    -0.0056   2.795559   2.794934  -0.000599    34.2901    34.2883     7.5304    27.5665    27.5654    34.2907    27.5671    1446.69    1446.66    -0.7124  1028.0987    34.4572 0.0000e+00
      22088 313.848985  -62.14748  -58.43948     -0.621    1448.29    109.000    107.926    -0.7039    -0.7050    -0.0011    -0.7071    -0.7082    -0.0011   2.795936   2.795756  -0.000212    34.2897    34.2881     7.5324    27.5660    27.5647    34.2903    27.5665    1446.69    1446.69    -0.7070  1028.0933    34.4567 0.0000e+00
      22123 313.849002  -62.14748  -58.43946     -0.671    1448.29    108.000    106.936    -0.7038    -0.7028     0.0011    -0.7070    -0.7059     0.0011   2.795911   2.795897  -0.000018    34.2903    34.2888     7.5177    27.5664    27.5652    34.2905    27.5667    1446.68    1446.68    -0.7069  1028.0888    34.4569 0.0000e+00
      22154 313.849017  -62.14748  -58.43946     -0.754    1448.29    107.000    105.946    -0.7023    -0.7022     0.0001    -0.7054    -0.7054     0.0001   2.796021   2.795919  -0.000109    34.2903    34.2888     7.5159    27.5664    27.5652    34.2909    27.5669    1446.67    1446.67    -0.7054  1028.0842    34.4573 0.0000e+00
      22186 313.849032  -62.14748  -58.43944     -0.763    1448.29    106.000    104.956    -0.6984    -0.6973     0.0011    -0.7015    -0.7004     0.0011   2.796297   2.796276  -0.000022    34.2902    34.2887     7.5204    27.5662    27.5649    34.2908    27.5667    1446.67    1446.68    -0.7014  1028.0791    34.4572 0.0000e+00
      22213 313.849045  -62.14750  -58.43944     -0.824    1448.29    105.000    103.966    -0.6960    -0.6937     0.0023    -0.6991    -0.6968     0.0023   2.796505   2.796532   0.000044    34.2904    34.2885     7.5296    27.5663    27.5646    34.2915    27.5671    1446.67    1446.67    -0.6990  1028.0748    34.4579 0.0000e+00
      22236 313.849056  -62.14750  -58.43944     -0.981    1448.29    104.000    102.976    -0.6893    -0.6907    -0.0013    -0.6924    -0.6937    -0.0013   2.796935   2.796732  -0.000211    34.2898    34.2884     7.5288    27.5655    27.5644    34.2904    27.5660    1446.68    1446.67    -0.6923  1028.0688    34.4568 0.0000e+00
      22261 313.849068  -62.14750  -58.43942     -0.991    1448.29    103.000    101.986    -0.6875    -0.6885    -0.0010    -0.6906    -0.6916    -0.0010   2.797037   2.796855  -0.000178    34.2897    34.2884     7.5376    27.5652    27.5643    34.2904    27.5658    1446.67    1446.67    -0.6905  1028.0639    34.4567 0.0000e+00
      22289 313.849082  -62.14750  -58.43941     -0.901    1448.29    102.000    100.996    -0.6846    -0.6855    -0.0010    -0.6876    -0.6885    -0.0010   2.797253   2.797066  -0.000194    34.2896    34.2881     7.5367    27.5651    27.5639    34.2905    27.5659    1446.67    1446.66    -0.6875  1028.0591    34.4569 0.0000e+00
      22318 313.849096  -62.14751  -58.43940     -0.839    1448.29    101.000    100.006    -0.6791    -0.6785     0.0006    -0.6821    -0.6815     0.0006   2.797642   2.797558  -0.000075    34.2893    34.2876     7.5285    27.5646    27.5632    34.2902    27.5654    1446.68    1446.68    -0.6820  1028.0539    34.4566 0.0000e+00
      22349 313.849111  -62.14752  -58.43940     -0.781    1448.29    100.000     99.016    -0.6735    -0.6750    -0.0015    -0.6765    -0.6780    -0.0015   2.798042   2.797817  -0.000227    34.2890    34.2876     7.5256    27.5641    27.5631    34.2899    27.5649    1446.69    1446.68    -0.6764  1028.0485    34.4562 0.0000e+00
      22379 313.849125  -62.14752  -58.43938     -0.796    1448.29     99.000     98.026    -0.6722    -0.6720     0.0002    -0.6751    -0.6750     0.0002   2.798117   2.798017  -0.000106    34.2894    34.2878     7.5363    27.5644    27.5631    34.2901    27.5649    1446.68    1446.68    -0.6751  1028.0406    34.4523 0.0000e+00
      22407 313.849139 -9.990e-29  -58.43937     -0.828    1448.29     98.000     97.037    -0.6670    -0.6695    -0.0025    -0.6699    -0.6724    -0.0025   2.798510   2.798198  -0.000301    34.2889    34.2877     7.5349    27.5638    27.5629    34.2900    27.5647    1446.69    1446.67    -0.6698  1028.0351    34.4517 0.0000e+00
      22436 313.849153 -9.990e-29  -58.43936     -0.837    1448.29     97.000     96.047    -0.6622    -0.6626    -0.0004    -0.6650    -0.6654    -0.0004   2.798848   2.798705  -0.000153    34.2888    34.2872     7.5359    27.5635    27.5622    34.2898    27.5643    1446.69    1446.69    -0.6650  1028.0298    34.4515 0.0000e+00
      22464 313.849166  -62.14754  -58.43936     -0.845    1448.29     96.000     95.057    -0.6586    -0.6595    -0.0010    -0.6614    -0.6624    -0.0010   2.799098   2.798903  -0.000185    34.2887    34.2873     7.5278    27.5633    27.5622    34.2897    27.5641    1446.69    1446.69    -0.6614  1028.0262    34.4531 0.0000e+00
      22492 313.849180  -62.14754  -58.43934     -0.867    1448.29     95.000     94.067    -0.6572    -0.6576    -0.0004    -0.6600    -0.6604    -0.0004   2.799156   2.799019  -0.000138    34.2888    34.2874     7.5443    27.5633    27.5622    34.2896    27.5639    1446.68    1446.68    -0.6600  1028.0236    34.4558 0.0000e+00
      22519 313.849193  -62.14754  -58.43934     -0.882    1448.29     94.000     93.077    -0.6559    -0.6561    -0.0002    -0.6587    -0.6589    -0.0002   2.799214   2.799088  -0.000130    34.2889    34.2874     7.5470    27.5633    27.5621    34.2895    27.5638    1446.67    1446.67    -0.6586  1028.0186    34.4557 0.0000e+00
      22546 313.849206  -62.14754  -58.43932     -0.885    1448.29     93.000     92.087    -0.6549    -0.6548     0.0001    -0.6577    -0.6576     0.0001   2.799252   2.799145  -0.000111    34.2889    34.2873     7.5446    27.5632    27.5619    34.2895    27.5637    1446.66    1446.66    -0.6576  1028.0138    34.4557 0.0000e+00
      22573 313.849219  -62.14756  -58.43932     -0.879    1448.29     92.000     91.097    -0.6531    -0.6534    -0.0003    -0.6558    -0.6562    -0.0003   2.799367   2.799226  -0.000133    34.2889    34.2874     7.5498    27.5631    27.5620    34.2896    27.5637    1446.65    1446.65    -0.6558  1028.0090    34.4557 0.0000e+00
      22600 313.849232  -62.14756  -58.43931     -0.898    1448.29     91.000     90.107    -0.6492    -0.6500    -0.0008    -0.6519    -0.6527    -0.0008   2.799637   2.799468  -0.000165    34.2885    34.2872     7.5509    27.5627    27.5616    34.2894    27.5634    1446.66    1446.65    -0.6518  1028.0039    34.4555 0.0000e+00
      22626 313.849244  -62.14756  -58.43930     -0.918    1448.29     90.000     89.117    -0.6454    -0.6468    -0.0015    -0.6481    -0.6495    -0.0015   2.799873   2.799662  -0.000216    34.2883    34.2870     7.5435    27.5623    27.5614    34.2889    27.5629    1446.66    1446.65    -0.6480  1027.9985    34.4550 0.0000e+00
      22653 313.849257  -62.14756  -58.43929     -0.902    1448.29     89.000     88.127    -0.6434    -0.6439    -0.0005    -0.6461    -0.6466    -0.0005   2.799966   2.799829  -0.000144    34.2880    34.2866     7.5557    27.5620    27.5609    34.2886    27.5625    1446.65    1446.65    -0.6460  1027.9933    34.4547 0.0000e+00
      22681 313.849271  -62.14757  -58.43928     -0.860    1448.29     88.000     87.137    -0.6433    -0.6426     0.0007    -0.6459    -0.6452     0.0007   2.799920   2.799876  -0.000048    34.2879    34.2865     7.5678    27.5619    27.5608    34.2885    27.5624    1446.63    1446.63    -0.6459  1027.9884    34.4545 0.0000e+00
      22709 313.849285  -62.14758  -58.43928     -0.846    1448.29     87.000     86.147    -0.6422    -0.6416     0.0007    -0.6448    -0.6442     0.0007   2.799956   2.799904  -0.000055    34.2879    34.2864     7.5613    27.5619    27.5607    34.2883    27.5623    1446.62    1446.62    -0.6447  1027.9835    34.4544 0.0000e+00
      22737 313.849298  -62.14758  -58.43926     -0.857    1448.29     86.000     85.157    -0.6417    -0.6411     0.0006    -0.6443    -0.6437     0.0006   2.799921   2.799880  -0.000050    34.2876    34.2862     7.5581    27.5617    27.5605    34.2880    27.5619    1446.61    1446.61    -0.6442  1027.9783    34.4540 0.0000e+00
      22764 313.849311  -62.14758  -58.43926     -0.878    1448.29     85.000     84.167    -0.6416    -0.6410     0.0007    -0.6442    -0.6435     0.0007   2.799872   2.799830  -0.000043    34.2875    34.2861     7.5594    27.5615    27.5604    34.2878    27.5618    1446.59    1446.59    -0.6441  1027.9734    34.4538 0.0000e+00
      22791 313.849324  -62.14759  -58.43924     -0.900    1448.29     84.000     83.177    -0.6408    -0.6405     0.0004    -0.6433    -0.6430     0.0004   2.799880   2.799816  -0.000065    34.2873    34.2860     7.5662    27.5614    27.5603    34.2876    27.5616    1446.58    1446.58    -0.6432  1027.9684    34.4536 0.0000e+00
      22817 313.849336  -62.14760  -58.43923     -0.916    1448.29     83.000     82.187    -0.6468    -0.6422     0.0045    -0.6492    -0.6447     0.0045   2.799190   2.799554   0.000323    34.2867    34.2859     7.5706    27.5611    27.5603    34.2856    27.5603    1446.53    1446.55    -0.6492  1027.9623    34.4516 0.0000e+00
      22843 313.849349  -62.14760  -58.43922     -0.922    1448.29     82.000     81.197    -0.6589    -0.6530     0.0058    -0.6613    -0.6555     0.0058   2.798069   2.798530   0.000443    34.2859    34.2853     7.5724    27.5610    27.5603    34.2848    27.5601    1446.46    1446.48    -0.6612  1027.9574    34.4507 0.0000e+00
      22870 313.849362  -62.14760  -58.43922     -0.895    1448.29     81.000     80.207    -0.6643    -0.6599     0.0044    -0.6667    -0.6623     0.0044   2.797613   2.797849   0.000259    34.2858    34.2843     7.5630    27.5612    27.5598    34.2854    27.5609    1446.42    1446.44    -0.6666  1027.9534    34.4514 0.0000e+00
      22898 313.849375  -62.14760  -58.43921     -0.866    1448.29     80.000     79.217    -0.6701    -0.6664     0.0037    -0.6725    -0.6687     0.0037   2.796955   2.797230   0.000265    34.2852    34.2845     7.5679    27.5609    27.5602    34.2837    27.5597    1446.37    1446.39    -0.6724  1027.9475    34.4496 0.0000e+00
      22926 313.849389  -62.14760  -58.43920     -0.862    1448.29     79.000     78.227    -0.6738    -0.6730     0.0008    -0.6761    -0.6753     0.0008   2.796603   2.796593  -0.000003    34.2842    34.2832     7.5727    27.5602    27.5594    34.2838    27.5599    1446.34    1446.34    -0.6761  1027.9429    34.4497 0.0000e+00
      22953 313.849402  -62.14762  -58.43918     -0.874    1448.29     78.000     77.237    -0.6626    -0.6650    -0.0024    -0.6648    -0.6673    -0.0024   2.797462   2.797146  -0.000284    34.2825    34.2814     7.5743    27.5584    27.5576    34.2833    27.5590    1446.37    1446.36    -0.6648  1027.9372    34.4491 0.0000e+00
      22980 313.849415  -62.14762  -58.43917     -0.879    1448.29     77.000     76.247    -0.6548    -0.6571    -0.0023    -0.6571    -0.6594    -0.0023   2.798008   2.797723  -0.000276    34.2820    34.2808     7.5808    27.5576    27.5568    34.2825    27.5581    1446.39    1446.38    -0.6570  1027.9314    34.4483 0.0000e+00
      23008 313.849429  -62.14762  -58.43916     -0.866    1448.29     76.000     75.257    -0.6478    -0.6507    -0.0029    -0.6500    -0.6529    -0.0029   2.798579   2.798207  -0.000357    34.2822    34.2807     7.5816    27.5575    27.5564    34.2828    27.5580    1446.41    1446.39    -0.6500  1027.9265    34.4487 0.0000e+00
      23036 313.849442  -62.14763  -58.43916     -0.872    1448.29     75.000     74.267    -0.6439    -0.6465    -0.0026    -0.6461    -0.6487    -0.0026   2.798845   2.798525  -0.000322    34.2820    34.2806     7.5814    27.5572    27.5562    34.2827    27.5577    1446.41    1446.40    -0.6461  1027.9214    34.4485 0.0000e+00
      23065 313.849456  -62.14764  -58.43915     -0.846    1448.29     74.000     73.277    -0.6399    -0.6416    -0.0016    -0.6421    -0.6438    -0.0016   2.799101   2.798882  -0.000217    34.2818    34.2807     7.5796    27.5568    27.5560    34.2822    27.5572    1446.41    1446.40    -0.6421  1027.9161    34.4480 0.0000e+00
      23102 313.849474  -62.14764  -58.43913     -0.667    1448.29     73.000     72.287    -0.6406    -0.6455    -0.0048    -0.6428    -0.6476    -0.0048   2.799031   2.798533  -0.000487    34.2824    34.2813     7.5867    27.5573    27.5567    34.2827    27.5576    1446.39    1446.37    -0.6427  1027.9118    34.4485 0.0000e+00
      23143 313.849493  -62.14764  -58.43912     -0.594    1448.29     72.000     71.297    -0.6419    -0.6397     0.0021    -0.6441    -0.6419     0.0021   2.798881   2.798932   0.000038    34.2826    34.2806     7.5927    27.5575    27.5559    34.2828    27.5577    1446.37    1446.38    -0.6440  1027.9071    34.4486 0.0000e+00
      23228 313.849534  -62.14766  -58.43909     -0.326    1448.29     71.000     70.304    -0.6361    -0.6392    -0.0031    -0.6382    -0.6413    -0.0031   2.799315   2.798962  -0.000343    34.2822    34.2810     7.5976    27.5570    27.5562    34.2827    27.5574    1446.38    1446.37    -0.6382  1027.9019    34.4485 0.0000e+00
      23350 313.849594  -62.14768  -58.43905     -0.484    1448.29     70.000     69.317    -0.6305    -0.6290     0.0014    -0.6326    -0.6311     0.0014   2.799731   2.799738  -0.000002    34.2822    34.2805     7.5958    27.5567    27.5553    34.2825    27.5570    1446.39    1446.40    -0.6325  1027.8967    34.4483 0.0000e+00
      23374 313.849605  -62.14768  -58.43904     -0.811    1448.29     69.000     68.327    -0.6289    -0.6278     0.0011    -0.6309    -0.6298     0.0011   2.799799   2.799787  -0.000016    34.2820    34.2805     7.5863    27.5565    27.5553    34.2822    27.5567    1446.38    1446.39    -0.6309  1027.8916    34.4480 0.0000e+00
