Pos-Processados/process_op42/operantar42_045.cnv
* Sea-Bird SBE 9 Data File:
* FileName = C:\Users\Hidrografia\Desktop\OPXLII\Brutos\OP42045.hdr
* Software Version Seasave V 7.26.7.107
* Temperature SN = 6502
* Conductivity SN = 4998
* Number of Bytes Per Scan = 37
* Number of Voltage Words = 4
* Number of Scans Averaged by the Deck Unit = 1
* NMEA Latitude = 62 08.59 S
* NMEA Longitude = 058 26.59 W
* NMEA UTC (Time) = Nov 09 2023 20:07:12
* NMEA baud rate = 4800
** H41
** NPOALTEMAXIMIANO
** NUMERO DA ESTACAO (XXX) 045
** LAT (XX XX.XX S/N) 62 08.569 S
** LONG (XXX XX.XX W/E) 058 26.605 W
** DATAHORA (dd/mm/aaaa hh:mm Z) 09/11/2023 2006Z
** PROFUNDIDADE (m) 402
** OPERADOR CT FABIREZA
# nquan = 30
# nvalues = 743                         
# units = specified
# name 0 = scan: Scan Count
# name 1 = timeJ: Julian Days
# name 2 = latitude: Latitude [deg]
# name 3 = longitude: Longitude [deg]
# name 4 = dz/dtM: Descent Rate [m/s]
# name 5 = avgsvCM: Average Sound Velocity [Chen-Millero, m/s]
# name 6 = prDM: Pressure, Digiquartz [db]
# name 7 = depSM: Depth [salt water, m]
# name 8 = t090C: Temperature [ITS-90, deg C]
# name 9 = t190C: Temperature, 2 [ITS-90, deg C]
# name 10 = T2-T190C: Temperature Difference, 2 - 1 [ITS-90, deg C]
# name 11 = potemp090C: Potential Temperature [ITS-90, deg C]
# name 12 = potemp190C: Potential Temperature, 2 [ITS-90, deg C]
# name 13 = potemp90Cdiff: Potential Temperature, Diff, 2 - 1 [ITS-90, deg C]
# name 14 = c0S/m: Conductivity [S/m]
# name 15 = c1S/m: Conductivity, 2 [S/m]
# name 16 = C2-C1S/m: Conductivity Difference, 2 - 1 [S/m]
# name 17 = sal00: Salinity, Practical [PSU]
# name 18 = sal11: Salinity, Practical, 2 [PSU]
# name 19 = sbeox0ML/L: Oxygen, SBE 43 [ml/l]
# name 20 = sigma-é00: Density [sigma-theta, kg/m^3]
# name 21 = sigma-é11: Density, 2 [sigma-theta, kg/m^3]
# name 22 = sal00: Salinity, Practical [PSU]
# name 23 = sigma-é00: Density [sigma-theta, kg/m^3]
# name 24 = svCM: Sound Velocity [Chen-Millero, m/s]
# name 25 = svCM1: Sound Velocity, 2 [Chen-Millero, m/s]
# name 26 = gsw_ptA0: potential temperature [ITS-90, deg C]
# name 27 = gsw_densityA0: density, TEOS-10 [density, kg/m^3]
# name 28 = gsw_saA0: Absolute Salinity [g/kg]
# name 29 = flag:
# span 0 =       2613,      25744       
# span 1 = 313.839593, 313.850748       
# span 2 =  -62.14800,  -62.14370       
# span 3 =  -58.44308,  -58.43829       
# span 4 =     -1.154,      1.035       
# span 5 =       0.00,    1448.29       
# span 6 =      2.000,    373.000       
# span 7 =      1.976,    369.084       
# span 8 =    -0.8214,    -0.3808       
# span 9 =    -0.8203,    -0.3804       
# span 10 =    -0.0056,     0.0200      
# span 11 =    -0.8290,    -0.3938      
# span 12 =    -0.8279,    -0.3934      
# span 13 =    -0.0056,     0.0199      
# span 14 =   2.792645,   2.844280      
# span 15 =   2.792622,   2.844185      
# span 16 =  -0.000599,   0.001797      
# span 17 =    34.2765,    34.4133      
# span 18 =    34.2755,    34.4125      
# span 19 =     6.5348,     7.6471      
# span 20 =    27.5478,    27.6521      
# span 21 =    27.5469,    27.6516      
# span 22 =    34.2769,    34.4133      
# span 23 =    27.5480,    27.6521      
# span 24 =    1445.65,    1452.67      
# span 25 =    1445.66,    1452.67      
# span 26 =    -0.8288,    -0.3936      
# span 27 =  1027.5622,  1029.4338      
# span 28 =    34.4387,    34.5835      
# span 29 = 0.0000e+00, 0.0000e+00      
# interval = decibars: 1                
# start_time = Nov 09 2023 20:07:12 [NMEA time, header]
# bad_flag = -9.990e-29
*END*
[from data line 532]
      19089 313.847539  -62.14700 -9.990e-29     -0.953    1448.29    212.000    209.858    -0.7959    -0.7950     0.0009    -0.8022    -0.8013     0.0009   2.794230   2.794225  -0.000005    34.3082    34.3071     7.4439    27.5849    27.5840    34.3080    27.5848    1447.96    1447.96    -0.8020  1028.6063    34.4775 0.0000e+00
      19114 313.847551  -62.14700 -9.990e-29     -0.979    1448.29    211.000    208.869    -0.7968    -0.7954     0.0013    -0.8030    -0.8017     0.0013   2.794115   2.794149   0.000033    34.3083    34.3072     7.4427    27.5850    27.5841    34.3081    27.5848    1447.94    1447.95    -0.8029  1028.6017    34.4777 0.0000e+00
      19140 313.847563  -62.14700 -9.990e-29     -0.946    1448.29    210.000    207.879    -0.7970    -0.7960     0.0010    -0.8032    -0.8022     0.0010   2.794041   2.794055   0.000014    34.3081    34.3072     7.4424    27.5848    27.5841    34.3079    27.5847    1447.92    1447.93    -0.8031  1028.5968    34.4775 0.0000e+00
      19168 313.847577  -62.14700  -58.44033     -0.882    1448.29    209.000    206.890    -0.7979    -0.7972     0.0008    -0.8041    -0.8034     0.0008   2.793904   2.793900  -0.000003    34.3080    34.3070     7.4432    27.5848    27.5840    34.3078    27.5847    1447.90    1447.90    -0.8039  1028.5910    34.4762 0.0000e+00
      19195 313.847590  -62.14701  -58.44032     -0.874    1448.29    208.000    205.901    -0.7979    -0.7970     0.0009    -0.8041    -0.8031     0.0009   2.793869   2.793872   0.000005    34.3080    34.3070     7.4418    27.5848    27.5840    34.3079    27.5847    1447.89    1447.89    -0.8039  1028.5854    34.4751 0.0000e+00
      19224 313.847604  -62.14702  -58.44032     -0.846    1448.29    207.000    204.911    -0.7977    -0.7969     0.0008    -0.8038    -0.8030     0.0008   2.793842   2.793828  -0.000013    34.3080    34.3069     7.4600    27.5848    27.5839    34.3079    27.5847    1447.87    1447.87    -0.8037  1028.5805    34.4751 0.0000e+00
      19254 313.847618  -62.14702  -58.44030     -0.811    1448.29    206.000    203.922    -0.7973    -0.7967     0.0007    -0.8034    -0.8028     0.0007   2.793812   2.793794  -0.000017    34.3078    34.3068     7.4514    27.5846    27.5838    34.3077    27.5846    1447.86    1447.86    -0.8032  1028.5756    34.4749 0.0000e+00
      19282 313.847632  -62.14702  -58.44030     -0.834    1448.29    205.000    202.932    -0.7971    -0.7965     0.0006    -0.8032    -0.8025     0.0006   2.793785   2.793758  -0.000023    34.3077    34.3067     7.4495    27.5846    27.5837    34.3077    27.5845    1447.84    1447.84    -0.8030  1028.5708    34.4749 0.0000e+00
      19311 313.847646  -62.14702  -58.44030     -0.830    1448.29    204.000    201.943    -0.7959    -0.7954     0.0005    -0.8019    -0.8015     0.0005   2.793822   2.793783  -0.000041    34.3074    34.3063     7.4470    27.5843    27.5834    34.3074    27.5843    1447.83    1447.83    -0.8018  1028.5658    34.4746 0.0000e+00
      19340 313.847660  -62.14703  -58.44029     -0.821    1448.29    203.000    200.953    -0.7958    -0.7950     0.0007    -0.8018    -0.8010     0.0007   2.793762   2.793750  -0.000009    34.3071    34.3062     7.4367    27.5840    27.5832    34.3071    27.5840    1447.81    1447.82    -0.8016  1028.5607    34.4743 0.0000e+00
      19366 313.847672  -62.14704  -58.44028     -0.886    1448.29    202.000    199.964    -0.7951    -0.7946     0.0005    -0.8010    -0.8005     0.0005   2.793738   2.793715  -0.000031    34.3067    34.3057     7.4368    27.5836    27.5828    34.3066    27.5836    1447.80    1447.80    -0.8009  1028.5555    34.4738 0.0000e+00
      19392 313.847685  -62.14704  -58.44027     -0.916    1448.29    201.000    198.975    -0.7956    -0.7946     0.0010    -0.8015    -0.8006     0.0010   2.793539   2.793609   0.000074    34.3052    34.3051     7.4481    27.5825    27.5823    34.3051    27.5824    1447.78    1447.78    -0.8014  1028.5495    34.4723 0.0000e+00
      19417 313.847697  -62.14704  -58.44026     -0.946    1448.29    200.000    197.985    -0.7959    -0.7949     0.0010    -0.8018    -0.8009     0.0010   2.793444   2.793474   0.000027    34.3049    34.3042     7.4580    27.5822    27.5816    34.3048    27.5822    1447.76    1447.77    -0.8017  1028.5446    34.4720 0.0000e+00
      19442 313.847709  -62.14704  -58.44026     -0.968    1448.29    199.000    196.996    -0.7962    -0.7952     0.0010    -0.8021    -0.8011     0.0010   2.793356   2.793375   0.000022    34.3047    34.3038     7.4555    27.5820    27.5813    34.3046    27.5820    1447.74    1447.75    -0.8019  1028.5396    34.4717 0.0000e+00
      19470 313.847722  -62.14706  -58.44024     -0.897    1448.29    198.000    196.006    -0.7966    -0.7955     0.0010    -0.8024    -0.8014     0.0010   2.793260   2.793285   0.000019    34.3044    34.3035     7.4664    27.5819    27.5811    34.3043    27.5818    1447.72    1447.73    -0.8023  1028.5346    34.4714 0.0000e+00
      19500 313.847737  -62.14706  -58.44024     -0.817    1448.29    197.000    195.017    -0.7967    -0.7958     0.0009    -0.8025    -0.8016     0.0009   2.793176   2.793186   0.000014    34.3039    34.3031     7.4751    27.5815    27.5808    34.3039    27.5814    1447.71    1447.71    -0.8024  1028.5295    34.4710 0.0000e+00
      19527 313.847750  -62.14706  -58.44023     -0.859    1448.29    196.000    194.027    -0.7966    -0.7956     0.0009    -0.8023    -0.8014     0.0009   2.793122   2.793129   0.000006    34.3037    34.3027     7.4679    27.5813    27.5804    34.3036    27.5812    1447.69    1447.69    -0.8022  1028.5245    34.4708 0.0000e+00
      19551 313.847761  -62.14706  -58.44022     -0.946    1448.29    195.000    193.038    -0.7950    -0.7952    -0.0003    -0.8007    -0.8010    -0.0003   2.793229   2.793114  -0.000098    34.3035    34.3025     7.4698    27.5811    27.5803    34.3039    27.5814    1447.68    1447.68    -0.8006  1028.5199    34.4710 0.0000e+00
      19574 313.847773  -62.14707  -58.44022     -1.010    1448.29    194.000    192.048    -0.7857    -0.7909    -0.0052    -0.7914    -0.7966    -0.0052   2.794006   2.793420  -0.000532    34.3032    34.3019     7.4779    27.5805    27.5796    34.3045    27.5815    1447.71    1447.68    -0.7913  1028.5152    34.4716 0.0000e+00
      19598 313.847784  -62.14708  -58.44021     -1.018    1448.29    193.000    191.059    -0.7788    -0.7824    -0.0036    -0.7845    -0.7881    -0.0036   2.794395   2.794044  -0.000378    34.3021    34.3011     7.4897    27.5792    27.5786    34.3025    27.5796    1447.72    1447.71    -0.7844  1028.5085    34.4696 0.0000e+00
      19625 313.847797  -62.14708  -58.44020     -0.951    1448.29    192.000    190.070    -0.7796    -0.7825    -0.0029    -0.7853    -0.7882    -0.0029   2.794260   2.793975  -0.000272    34.3020    34.3016     7.4785    27.5792    27.5790    34.3023    27.5794    1447.70    1447.69    -0.7851  1028.5035    34.4694 0.0000e+00
      19657 313.847812  -62.14708  -58.44020     -0.783    1448.29    191.000    189.080    -0.7776    -0.7796    -0.0021    -0.7832    -0.7853    -0.0021   2.794439   2.794160  -0.000289    34.3023    34.3008     7.4639    27.5794    27.5782    34.3030    27.5799    1447.70    1447.69    -0.7831  1028.4992    34.4701 0.0000e+00
      19688 313.847828  -62.14708  -58.44020     -0.739    1448.29    190.000    188.090    -0.7757    -0.7755     0.0002    -0.7813    -0.7811     0.0002   2.794529   2.794446  -0.000082    34.3022    34.3009     7.4689    27.5792    27.5781    34.3027    27.5796    1447.69    1447.69    -0.7812  1028.4941    34.4698 0.0000e+00
      19715 313.847841  -62.14708  -58.44018     -0.858    1448.29    189.000    187.101    -0.7750    -0.7746     0.0005    -0.7806    -0.7802     0.0005   2.794502   2.794478  -0.000042    34.3020    34.3009     7.4765    27.5790    27.5781    34.3022    27.5792    1447.68    1447.68    -0.7805  1028.4889    34.4693 0.0000e+00
      19742 313.847854  -62.14710  -58.44018     -0.891    1448.29    188.000    186.111    -0.7762    -0.7749     0.0013    -0.7818    -0.7805     0.0013   2.794359   2.794397   0.000038    34.3020    34.3011     7.4678    27.5791    27.5783    34.3022    27.5792    1447.65    1447.66    -0.7816  1028.4842    34.4693 0.0000e+00
      19771 313.847868  -62.14710  -58.44017     -0.850    1448.29    187.000    185.122    -0.7766    -0.7757     0.0009    -0.7821    -0.7813     0.0009   2.794264   2.794264  -0.000004    34.3018    34.3008     7.4693    27.5790    27.5781    34.3020    27.5791    1447.64    1447.64    -0.7820  1028.4793    34.4691 0.0000e+00
      19801 313.847882  -62.14710  -58.44016     -0.803    1448.29    186.000    184.132    -0.7768    -0.7760     0.0008    -0.7823    -0.7815     0.0008   2.794205   2.794186  -0.000021    34.3019    34.3007     7.4768    27.5790    27.5780    34.3020    27.5791    1447.62    1447.62    -0.7822  1028.4745    34.4691 0.0000e+00
      19830 313.847896  -62.14712  -58.44014     -0.813    1448.29    185.000    183.143    -0.7770    -0.7761     0.0009    -0.7825    -0.7816     0.0009   2.794140   2.794123  -0.000017    34.3019    34.3007     7.4707    27.5790    27.5780    34.3020    27.5791    1447.60    1447.60    -0.7823  1028.4697    34.4691 0.0000e+00
      19859 313.847910  -62.14712  -58.44014     -0.837    1448.29    184.000    182.153    -0.7776    -0.7766     0.0010    -0.7831    -0.7821     0.0010   2.794044   2.794042  -0.000002    34.3019    34.3008     7.4767    27.5791    27.5781    34.3020    27.5791    1447.58    1447.59    -0.7829  1028.4650    34.4691 0.0000e+00
      19884 313.847922  -62.14712  -58.44014     -0.902    1448.29    183.000    181.164    -0.7775    -0.7769     0.0006    -0.7829    -0.7823     0.0006   2.793983   2.793971  -0.000010    34.3016    34.3008     7.4779    27.5788    27.5781    34.3017    27.5789    1447.57    1447.57    -0.7828  1028.4600    34.4688 0.0000e+00
      19907 313.847933  -62.14712  -58.44012     -0.986    1448.29    182.000    180.174    -0.7771    -0.7768     0.0004    -0.7825    -0.7821     0.0004   2.793961   2.793923  -0.000035    34.3015    34.3006     7.4801    27.5787    27.5779    34.3016    27.5788    1447.55    1447.55    -0.7823  1028.4551    34.4687 0.0000e+00
      19930 313.847944  -62.14712  -58.44012     -1.048    1448.29    181.000    179.185    -0.7771    -0.7767     0.0004    -0.7825    -0.7820     0.0004   2.793910   2.793879  -0.000033    34.3015    34.3005     7.4754    27.5787    27.5779    34.3015    27.5787    1447.53    1447.54    -0.7823  1028.4502    34.4686 0.0000e+00
      19954 313.847956  -62.14712  -58.44012     -1.040    1448.29    180.000    178.195    -0.7767    -0.7763     0.0004    -0.7820    -0.7816     0.0004   2.793903   2.793855  -0.000048    34.3015    34.3004     7.4715    27.5786    27.5777    34.3015    27.5787    1447.52    1447.52    -0.7819  1028.4454    34.4686 0.0000e+00
      19982 313.847969  -62.14714  -58.44010     -0.916    1448.29    179.000    177.206    -0.7765    -0.7760     0.0005    -0.7818    -0.7813     0.0005   2.793854   2.793819  -0.000034    34.3012    34.3002     7.4803    27.5784    27.5776    34.3013    27.5785    1447.50    1447.51    -0.7817  1028.4405    34.4684 0.0000e+00
      20011 313.847983  -62.14714  -58.44010     -0.833    1448.29    178.000    176.216    -0.7754    -0.7748     0.0007    -0.7807    -0.7800     0.0007   2.793894   2.793864  -0.000036    34.3011    34.2998     7.4970    27.5782    27.5772    34.3012    27.5784    1447.50    1447.50    -0.7805  1028.4356    34.4683 0.0000e+00
      20038 313.847996  -62.14714  -58.44009     -0.849    1448.29    177.000    175.227    -0.7719    -0.7720    -0.0001    -0.7772    -0.7773    -0.0001   2.794143   2.794032  -0.000095    34.3007    34.2996     7.4839    27.5779    27.5769    34.3012    27.5782    1447.49    1447.49    -0.7770  1028.4307    34.4683 0.0000e+00
      20063 313.848009  -62.14714  -58.44008     -0.919    1448.29    176.000    174.237    -0.7693    -0.7707    -0.0015    -0.7745    -0.7759    -0.0015   2.794314   2.794088  -0.000223    34.3008    34.2994     7.4831    27.5778    27.5767    34.3011    27.5781    1447.49    1447.48    -0.7744  1028.4242    34.4663 0.0000e+00
      20088 313.848021 -9.990e-29  -58.44008     -0.956    1448.29    175.000    173.248    -0.7671    -0.7677    -0.0006    -0.7723    -0.7729    -0.0006   2.794422   2.794281  -0.000141    34.3004    34.2992     7.4895    27.5774    27.5764    34.3008    27.5777    1447.48    1447.48    -0.7721  1028.4163    34.4625 0.0000e+00
      20113 313.848033 -9.990e-29  -58.44007     -0.960    1448.29    174.000    172.258    -0.7659    -0.7665    -0.0006    -0.7711    -0.7717    -0.0006   2.794479   2.794351  -0.000131    34.3005    34.2994     7.4867    27.5774    27.5765    34.3008    27.5777    1447.47    1447.47    -0.7709  1028.4115    34.4626 0.0000e+00
      20140 313.848045 -9.990e-29  -58.44006     -0.942    1448.29    173.000    171.268    -0.7648    -0.7644     0.0003    -0.7699    -0.7695     0.0003   2.794518   2.794444  -0.000076    34.3003    34.2989     7.4834    27.5772    27.5761    34.3006    27.5775    1447.46    1447.46    -0.7698  1028.4065    34.4624 0.0000e+00
      20167 313.848058  -62.14716  -58.44004     -0.888    1448.29    172.000    170.279    -0.7646    -0.7643     0.0003    -0.7697    -0.7694     0.0003   2.794481   2.794418  -0.000060    34.3003    34.2991     7.4869    27.5772    27.5762    34.3006    27.5774    1447.45    1447.45    -0.7696  1028.4037    34.4649 0.0000e+00
      20194 313.848071  -62.14718  -58.44004     -0.876    1448.29    171.000    169.289    -0.7640    -0.7639     0.0001    -0.7691    -0.7689     0.0001   2.794486   2.794400  -0.000086    34.3003    34.2990     7.4854    27.5772    27.5761    34.3006    27.5774    1447.43    1447.43    -0.7689  1028.4011    34.4676 0.0000e+00
      20219 313.848084  -62.14718  -58.44004     -0.924    1448.29    170.000    168.300    -0.7622    -0.7625    -0.0003    -0.7672    -0.7675    -0.0003   2.794546   2.794450  -0.000096    34.2997    34.2987     7.4876    27.5766    27.5758    34.3000    27.5768    1447.43    1447.42    -0.7671  1028.3958    34.4670 0.0000e+00
      20245 313.848096  -62.14718  -58.44002     -0.945    1448.29    169.000    167.310    -0.7626    -0.7621     0.0005    -0.7676    -0.7671     0.0005   2.794473   2.794437  -0.000041    34.2998    34.2987     7.5020    27.5767    27.5758    34.3000    27.5769    1447.41    1447.41    -0.7675  1028.3910    34.4670 0.0000e+00
      20271 313.848108  -62.14718  -58.44002     -0.935    1448.29    168.000    166.320    -0.7622    -0.7618     0.0004    -0.7672    -0.7668     0.0004   2.794457   2.794404  -0.000050    34.2998    34.2987     7.4941    27.5767    27.5757    34.3001    27.5769    1447.39    1447.39    -0.7670  1028.3862    34.4670 0.0000e+00
      20296 313.848121  -62.14718  -58.44002     -0.939    1448.29    167.000    165.331    -0.7611    -0.7609     0.0002    -0.7660    -0.7659     0.0002   2.794495   2.794422  -0.000076    34.2997    34.2985     7.4900    27.5766    27.5756    34.2999    27.5767    1447.38    1447.38    -0.7659  1028.3813    34.4669 0.0000e+00
      20325 313.848135  -62.14719  -58.44001     -0.867    1448.29    166.000    164.341    -0.7608    -0.7606     0.0002    -0.7657    -0.7655     0.0002   2.794466   2.794401  -0.000060    34.2996    34.2985     7.4843    27.5764    27.5756    34.2998    27.5766    1447.36    1447.37    -0.7656  1028.3764    34.4668 0.0000e+00
      20355 313.848149  -62.14720  -58.44000     -0.793    1448.29    165.000    163.352    -0.7593    -0.7589     0.0004    -0.7641    -0.7638     0.0004   2.794561   2.794479  -0.000083    34.2996    34.2980     7.4798    27.5764    27.5751    34.2999    27.5767    1447.36    1447.36    -0.7640  1028.3717    34.4669 0.0000e+00
