Pos-Processados/process_op42/operantar42_014.ros
* Sea-Bird SBE 9 Data File:
* FileName = C:\Users\Hidrografia\Desktop\OPXLII\Brutos\OP42014.hdr
* Software Version Seasave V 7.26.7.107
* Temperature SN = 6502
* Conductivity SN = 4998
* Number of Bytes Per Scan = 31
* Number of Voltage Words = 2
* Number of Scans Averaged by the Deck Unit = 1
* NMEA Latitude = 47 05.79 S
* NMEA Longitude = 056 32.90 W
* NMEA UTC (Time) = Oct 20 2023 10:58:48
* NMEA baud rate = 4800
** H41
** NPOALTEMAXIMIANO
** NUMERO DA ESTACAO (XXX) 014
** LAT (XX XX.XX S/N) 47 05.592 S
** LONG (XXX XX.XX W/E) 056 32.757 W
** DATAHORA (dd/mm/aaaa hh:mm Z) 20/10/2023 1058Z
** PROFUNDIDADE (m) 4459
** OPERADOR CT FABIREZA
# nquan = 24
# nvalues = 4330                                  
# units = specified
# name 0 = scan: Scan Count
# name 1 = timeJ: Julian Days
# name 2 = latitude: Latitude [deg]
# name 3 = longitude: Longitude [deg]
# name 4 = dz/dtM: Descent Rate [m/s]
# name 5 = avgsvCM: Average Sound Velocity [Chen-Millero, m/s]
# name 6 = prDM: Pressure, Digiquartz [db]
# name 7 = depSM: Depth [salt water, m]
# name 8 = t090C: Temperature [ITS-90, deg C]
# name 9 = t190C: Temperature, 2 [ITS-90, deg C]
# name 10 = T2-T190C: Temperature Difference, 2 - 1 [ITS-90, deg C]
# name 11 = potemp090C: Potential Temperature [ITS-90, deg C]
# name 12 = potemp190C: Potential Temperature, 2 [ITS-90, deg C]
# name 13 = potemp90Cdiff: Potential Temperature, Diff, 2 - 1 [ITS-90, deg C]
# name 14 = c0S/m: Conductivity [S/m]
# name 15 = c1S/m: Conductivity, 2 [S/m]
# name 16 = C2-C1S/m: Conductivity Difference, 2 - 1 [S/m]
# name 17 = sal00: Salinity, Practical [PSU]
# name 18 = sal11: Salinity, Practical, 2 [PSU]
# name 19 = sbeox0ML/L: Oxygen, SBE 43 [ml/l]
# name 20 = sigma-é00: Density [sigma-theta, kg/m^3]
# name 21 = sigma-é11: Density, 2 [sigma-theta, kg/m^3]
# name 22 = nbf: Bottles Fired
# name 23 = flag:  0.000e+00
# interval = seconds: 0.0416667
# start_time = Oct 20 2023 10:58:48 [NMEA time, header]
# bad_flag = -9.990e-29
*END*
[from data line 3382]
      65541 293.489107  -47.10756  -56.55272      0.255    1468.95     28.631     28.391     4.9325     4.9091    -0.0234     4.9304     4.9070    -0.0234   3.255731   3.254558  -0.001173    34.0132    34.0236     7.4958    26.9008    26.9117         19  0.000e+00
      65542 293.489107  -47.10756  -56.55272      0.259    1468.95     28.695     28.455     4.9499     4.9046    -0.0453     4.9477     4.9025    -0.0453   3.256449   3.254266  -0.002183    34.0037    34.0248     7.4979    26.8913    26.9131         19  0.000e+00
      65543 293.489108  -47.10756  -56.55272      0.255    1468.95     28.631     28.391     4.9607     4.8897    -0.0710     4.9585     4.8876    -0.0710   3.256950   3.253589  -0.003362    33.9985    34.0322     7.4910    26.8860    26.9207         19  0.000e+00
      65544 293.489108  -47.10756  -56.55272      0.250    1468.95     28.639     28.399     4.9671     4.8770    -0.0901     4.9650     4.8748    -0.0901   3.257397   3.252792  -0.004605    33.9971    34.0360     7.4895    26.8841    26.9252         19  0.000e+00
      65545 293.489109  -47.10756  -56.55272      0.251    1468.95     28.687     28.447     4.9698     4.8662    -0.1036     4.9676     4.8640    -0.1036   3.257505   3.251947  -0.005558    33.9956    34.0372     7.4888    26.8827    26.9274         19  0.000e+00
      65546 293.489109  -47.10756  -56.55272      0.251    1468.95     28.695     28.455     4.9708     4.8612    -0.1095     4.9686     4.8591    -0.1095   3.257554   3.251293  -0.006260    33.9952    34.0347     7.4831    26.8822    26.9259         19  0.000e+00
      65547 293.489110  -47.10756  -56.55272      0.246    1468.95     28.687     28.447     4.9629     4.8616    -0.1014     4.9608     4.8594    -0.1013   3.256986   3.251062  -0.005925    33.9966    34.0317     7.4889    26.8842    26.9235         19  0.000e+00
      65548 293.489110  -47.10756  -56.55272      0.247    1468.95     28.696     28.455     4.9465     4.8571    -0.0894     4.9444     4.8550    -0.0894   3.255876   3.250782  -0.005093    34.0005    34.0330     7.4865    26.8892    26.9250         19  0.000e+00
      65549 293.489111  -47.10756  -56.55272      0.243    1468.95     28.687     28.447     4.9406     4.8498    -0.0907     4.9384     4.8477    -0.0907   3.254952   3.250485  -0.004467    33.9959    34.0370     7.4923    26.8862    26.9290         19  0.000e+00
      65550 293.489111  -47.10756  -56.55272      0.241    1468.95     28.696     28.455     4.9345     4.8432    -0.0913     4.9323     4.8410    -0.0913   3.254385   3.250099  -0.004286    33.9956    34.0393     7.4933    26.8866    26.9316         19  0.000e+00
      65551 293.489112  -47.10756  -56.55272      0.235    1468.95     28.687     28.447     4.9242     4.8401    -0.0840     4.9220     4.8380    -0.0840   3.254029   3.249796  -0.004233    34.0020    34.0389     7.4948    26.8929    26.9317         19  0.000e+00
      65552 293.489112  -47.10756  -56.55272      0.228    1468.95     28.696     28.455     4.9210     4.8405    -0.0805     4.9188     4.8383    -0.0805   3.254210   3.249908  -0.004302    34.0073    34.0399     7.4949    26.8975    26.9324         19  0.000e+00
      65553 293.489113  -47.10756  -56.55272      0.223    1468.95     28.688     28.447     4.9290     4.8444    -0.0846     4.9269     4.8423    -0.0846   3.255103   3.250325  -0.004779    34.0095    34.0407     7.4877    26.8982    26.9326         19  0.000e+00
      65554 293.489113  -47.10756  -56.55272      0.221    1468.95     28.696     28.455     4.9388     4.8497    -0.0891     4.9367     4.8475    -0.0891   3.255948   3.250747  -0.005202    34.0092    34.0402     7.4902    26.8970    26.9316         19  0.000e+00
      65555 293.489114  -47.10756  -56.55272      0.214    1468.95     28.688     28.447     4.9403     4.8529    -0.0874     4.9381     4.8507    -0.0874   3.255918   3.250871  -0.005047    34.0074    34.0384     7.4845    26.8953    26.9298         19  0.000e+00
      65556 293.489114  -47.10756  -56.55272      0.203    1468.95     28.639     28.399     4.9361     4.8492    -0.0869     4.9339     4.8471    -0.0869   3.255441   3.250550  -0.004891    34.0062    34.0385     7.4898    26.8949    26.9303         19  0.000e+00
      65557 293.489115  -47.10756  -56.55272      0.198    1468.95     28.688     28.447     4.9314     4.8435    -0.0879     4.9293     4.8414    -0.0879   3.254934   3.249861  -0.005073    34.0050    34.0363     7.4853    26.8945    26.9292         19  0.000e+00
      65558 293.489115  -47.10756  -56.55272      0.196    1468.95     28.760     28.519     4.9252     4.8397    -0.0855     4.9230     4.8375    -0.0855   3.254264   3.249433  -0.004831    34.0037    34.0352     7.4912    26.8941    26.9287         19  0.000e+00
      65559 293.489116  -47.10756  -56.55272      0.183    1468.95     28.631     28.391     4.9171     4.8414    -0.0757     4.9150     4.8393    -0.0757   3.253631   3.249439  -0.004192    34.0046    34.0335     7.4872    26.8958    26.9272         19  0.000e+00
      65560 293.489116  -47.10756  -56.55272      0.175    1468.95     28.631     28.391     4.9087     4.8478    -0.0609     4.9065     4.8456    -0.0609   3.253220   3.249754  -0.003467    34.0085    34.0307     7.4939    26.8998    26.9242         19  0.000e+00
      65561 293.489117  -47.10756  -56.55272      0.167    1468.95     28.696     28.455     4.9040     4.8556    -0.0484     4.9019     4.8535    -0.0484   3.252949   3.250354  -0.002595    34.0101    34.0296     7.4954    26.9016    26.9225         19  0.000e+00
      65562 293.489117  -47.10756  -56.55272      0.161    1468.95     28.688     28.447     4.9008     4.8606    -0.0401     4.8986     4.8585    -0.0401   3.252762   3.250812  -0.001950    34.0112    34.0297     7.4966    26.9029    26.9220         19  0.000e+00
      65563 293.489117  -47.10756  -56.55272      0.148    1468.95     28.639     28.399     4.8960     4.8639    -0.0320     4.8938     4.8618    -0.0320   3.252496   3.251068  -0.001429    34.0131    34.0293     7.4921    26.9049    26.9214         19  0.000e+00
      65564 293.489118  -47.10758  -56.55272      0.141    1468.95     28.688     28.447     4.8904     4.8638    -0.0266     4.8882     4.8617    -0.0266   3.252237   3.251097  -0.001140    34.0158    34.0298     7.4985    26.9077    26.9218         19  0.000e+00
      65565 293.489118  -47.10758  -56.55272      0.134    1468.95     28.639     28.399     4.8844     4.8612    -0.0232     4.8823     4.8591    -0.0232   3.252002   3.251020  -0.000982    34.0192    34.0315     7.5002    26.9110    26.9234         19  0.000e+00
      65566 293.489119  -47.10758  -56.55272      0.122    1468.95     28.631     28.391     4.8802     4.8595    -0.0208     4.8781     4.8573    -0.0208   3.251718   3.251044  -0.000674    34.0202    34.0337     7.5010    26.9123    26.9253         19  0.000e+00
      65567 293.489119  -47.10758  -56.55272      0.107    1468.95     28.575     28.336     4.8773     4.8548    -0.0226     4.8752     4.8526    -0.0226   3.251555   3.250949  -0.000607    34.0213    34.0374     7.5016    26.9135    26.9288         19  0.000e+00
      65568 293.489120  -47.10758  -56.55272      0.098    1468.95     28.631     28.391     4.8742     4.8457    -0.0284     4.8720     4.8436    -0.0284   3.251326   3.250426  -0.000900    34.0219    34.0406     7.4970    26.9143    26.9323         19  0.000e+00
      65569 293.489120  -47.10758  -56.55272      0.085    1468.95     28.639     28.399     4.8718     4.8422    -0.0295     4.8696     4.8401    -0.0295   3.251127   3.249992  -0.001135    34.0220    34.0391     7.5022    26.9147    26.9316         19  0.000e+00
      65570 293.489121  -47.10758  -56.55272      0.072    1468.95     28.567     28.328     4.8701     4.8465    -0.0236     4.8680     4.8444    -0.0236   3.250976   3.250158  -0.000818    34.0220    34.0367     7.4972    26.9148    26.9291         19  0.000e+00
      65571 293.489121  -47.10758  -56.55272      0.066    1468.95     28.639     28.399     4.8692     4.8562    -0.0130     4.8671     4.8540    -0.0130   3.250916   3.250657  -0.000259    34.0222    34.0326     7.5022    26.9151    26.9248         19  0.000e+00
      65572 293.489122  -47.10758  -56.55272      0.051    1468.95     28.567     28.328     4.8692     4.8660    -0.0032     4.8671     4.8639    -0.0032   3.250862   3.251151   0.000289    34.0216    34.0282     7.4970    26.9146    26.9203         19  0.000e+00
      65573 293.489122  -47.10758  -56.55272      0.038    1468.95     28.519     28.280     4.8690     4.8671    -0.0019     4.8669     4.8650    -0.0019   3.250825   3.251311   0.000486    34.0214    34.0290     7.4964    26.9145    26.9207         19  0.000e+00
      65574 293.489123  -47.10758  -56.55272      0.026    1468.95     28.567     28.328     4.8684     4.8668    -0.0016     4.8663     4.8647    -0.0016   3.250819   3.251258   0.000438    34.0219    34.0286     7.4960    26.9150    26.9205         19  0.000e+00
      65575 293.489123  -47.10758  -56.55272      0.009    1468.95     28.519     28.280     4.8680     4.8715     0.0034     4.8659     4.8693     0.0034   3.250795   3.251329   0.000534    34.0220    34.0247     7.4956    26.9151    26.9169         19  0.000e+00
      65576 293.489124  -47.10758  -56.55272      0.001    1468.95     28.567     28.328     4.8676     4.8785     0.0110     4.8654     4.8764     0.0110   3.250741   3.251555   0.000814    34.0219    34.0201     7.4953    26.9150    26.9124         19  0.000e+00
      65577 293.489124  -47.10758  -56.55272     -0.013    1468.95     28.519     28.280     4.8671     4.8806     0.0135     4.8650     4.8785     0.0135   3.250705   3.251709   0.001005    34.0220    34.0198     7.4949    26.9152    26.9119         19  0.000e+00
      65578 293.489125  -47.10758  -56.55272     -0.028    1468.95     28.454     28.216     4.8668     4.8814     0.0146     4.8647     4.8793     0.0146   3.250675   3.251739   0.001065    34.0220    34.0193     7.4998    26.9152    26.9115         19  0.000e+00
      65579 293.489125  -47.10758  -56.55272     -0.041    1468.95     28.519     28.280     4.8663     4.8836     0.0173     4.8642     4.8815     0.0173   3.250602   3.251715   0.001113    34.0216    34.0167     7.4949    26.9149    26.9092         19  0.000e+00
      65580 293.489126  -47.10758  -56.55272     -0.056    1468.95     28.454     28.216     4.8656     4.8846     0.0190     4.8635     4.8825     0.0190   3.250536   3.251727   0.001191    34.0215    34.0159     7.5000    26.9150    26.9084         19  0.000e+00
      65581 293.489126  -47.10758  -56.55272     -0.065    1468.95     28.519     28.280     4.8654     4.8867     0.0212     4.8633     4.8845     0.0212   3.250500   3.251739   0.001239    34.0213    34.0139     7.4951    26.9148    26.9066         19  0.000e+00
      65582 293.489127  -47.10758  -56.55272     -0.079    1468.95     28.390     28.152     4.8660     4.8868     0.0208     4.8639     4.8847     0.0208   3.250554   3.251894   0.001340    34.0214    34.0156     7.4945    26.9148    26.9079         19  0.000e+00
      65583 293.489127  -47.10758  -56.55272     -0.092    1468.95     28.462     28.224     4.8665     4.8871     0.0207     4.8644     4.8850     0.0207   3.250669   3.252167   0.001499    34.0222    34.0184     7.5001    26.9154    26.9101         19  0.000e+00
      65584 293.489128  -47.10758  -56.55272     -0.101    1468.95     28.454     28.216     4.8680     4.8957     0.0277     4.8659     4.8936     0.0277   3.250964   3.252839   0.001875    34.0240    34.0174     7.4948    26.9167    26.9083         19  0.000e+00
      65585 293.489128  -47.10758  -56.55272     -0.117    1468.95     28.398     28.160     4.8695     4.9080     0.0385     4.8674     4.9058     0.0384   3.251453   3.253796   0.002344    34.0282    34.0160     7.4887    26.9199    26.9058         19  0.000e+00
      65586 293.489129  -47.10758  -56.55272     -0.129    1468.95     28.390     28.152     4.8785     4.9145     0.0360     4.8764     4.9124     0.0360   3.252430   3.254462   0.002032    34.0304    34.0171     7.4972    26.9205    26.9059         19  0.000e+00
      65587 293.489129  -47.10758  -56.55272     -0.143    1468.95     28.342     28.104     4.8971     4.9176     0.0205     4.8950     4.9155     0.0205   3.253920   3.254558   0.000637    34.0286    34.0150     7.4888    26.9170    26.9039         19  0.000e+00
      65588 293.489130  -47.10758  -56.55272     -0.153    1468.95     28.390     28.152     4.9210     4.9154    -0.0056     4.9189     4.9133    -0.0056   3.255580   3.254236  -0.001344    34.0234    34.0135     7.4849    26.9102    26.9030         19  0.000e+00
      65589 293.489130  -47.10758  -56.55272     -0.162    1468.95     28.342     28.104     4.9443     4.9066    -0.0377     4.9422     4.9044    -0.0377   3.257330   3.253707  -0.003623    34.0198    34.0165     7.4863    26.9047    26.9063         19  0.000e+00
      65590 293.489130  -47.10758  -56.55272     -0.175    1468.95     28.334     28.096     4.9640     4.9035    -0.0605     4.9619     4.9014    -0.0605   3.258930   3.253523  -0.005408    34.0182    34.0174     7.4778    26.9012    26.9075         19  0.000e+00
      65591 293.489131  -47.10758  -56.55272     -0.186    1468.95     28.277     28.040     4.9745     4.9061    -0.0684     4.9723     4.9040    -0.0684   3.260035   3.253755  -0.006281    34.0203    34.0175     7.4815    26.9017    26.9073         19  0.000e+00
      65592 293.489131  -47.10758  -56.55272     -0.197    1468.95     28.334     28.096     4.9864     4.9161    -0.0703     4.9842     4.9139    -0.0703   3.260959   3.254433  -0.006527    34.0188    34.0151     7.4747    26.8991    26.9042         19  0.000e+00
      65593 293.489132  -47.10758  -56.55272     -0.210    1468.95     28.277     28.040     4.9975     4.9329    -0.0646     4.9954     4.9308    -0.0645   3.261720   3.255586  -0.006134    34.0163    34.0113     7.4726    26.8959    26.8993         19  0.000e+00
      65594 293.489132  -47.10758  -56.55272     -0.220    1468.95     28.269     28.032     5.0049     4.9582    -0.0467     5.0028     4.9561    -0.0467   3.262210   3.257311  -0.004898    34.0143    34.0054     7.4765    26.8934    26.8917         19  0.000e+00
      65595 293.489133  -47.10758  -56.55272     -0.231    1468.95     28.221     27.984     5.0067     4.9773    -0.0294     5.0045     4.9752    -0.0293   3.262240   3.259085  -0.003155    34.0129    34.0064     7.4709    26.8922    26.8904         19  0.000e+00
      65596 293.489133  -47.10758  -56.55272     -0.238    1468.95     28.269     28.032     5.0061     4.9925    -0.0137     5.0040     4.9904    -0.0137   3.262222   3.260608  -0.001614    34.0132    34.0085     7.4764    26.8924    26.8903         19  0.000e+00
      65597 293.489134  -47.10758  -56.55272     -0.247    1468.95     28.221     27.984     5.0082     5.0074    -0.0008     5.0061     5.0053    -0.0008   3.262717   3.261858  -0.000859    34.0168    34.0077     7.4758    26.8951    26.8879         19  0.000e+00
      65598 293.489134  -47.10758  -56.55272     -0.256    1468.95     28.213     27.976     5.0136     5.0176     0.0041     5.0114     5.0155     0.0041   3.263454   3.262691  -0.000763    34.0199    34.0069     7.4647    26.8969    26.8862         19  0.000e+00
      65599 293.489135  -47.10758  -56.55272     -0.262    1468.95     28.221     27.984     5.0211     5.0232     0.0021     5.0190     5.0211     0.0021   3.264251   3.263090  -0.001161    34.0214    34.0058     7.4678    26.8972    26.8846         19  0.000e+00
