Pos-Processados/process_op42/operantar42_021.cnv
* Sea-Bird SBE 9 Data File:
* FileName = C:\Users\Hidrografia\Desktop\OPXLII\Brutos\OP42021.hdr
* Software Version Seasave V 7.26.7.107
* Temperature SN = 6502
* Conductivity SN = 4998
* Number of Bytes Per Scan = 37
* Number of Voltage Words = 4
* Number of Scans Averaged by the Deck Unit = 1
* NMEA Latitude = 62 16.32 S
* NMEA Longitude = 058 25.69 W
* NMEA UTC (Time) = Nov 07 2023 20:05:24
* NMEA baud rate = 4800
** H41
** NPOALTEMAXIMIANO
** NUMERO DA ESTACAO (XXX) 021
** LAT (XX XX.XX S/N) 62 16.30 S
** LONG (XXX XX.XX W/E) 058 25.70 W
** DATAHORA (dd/mm/aaaa hh:mm Z) 07/11/2023 2004Z
** PROFUNDIDADE (m) 145
** OPERADOR CT FABIREZA
# nquan = 30
# nvalues = 333                         
# units = specified
# name 0 = scan: Scan Count
# name 1 = timeJ: Julian Days
# name 2 = latitude: Latitude [deg]
# name 3 = longitude: Longitude [deg]
# name 4 = dz/dtM: Descent Rate [m/s]
# name 5 = avgsvCM: Average Sound Velocity [Chen-Millero, m/s]
# name 6 = prDM: Pressure, Digiquartz [db]
# name 7 = depSM: Depth [salt water, m]
# name 8 = t090C: Temperature [ITS-90, deg C]
# name 9 = t190C: Temperature, 2 [ITS-90, deg C]
# name 10 = T2-T190C: Temperature Difference, 2 - 1 [ITS-90, deg C]
# name 11 = potemp090C: Potential Temperature [ITS-90, deg C]
# name 12 = potemp190C: Potential Temperature, 2 [ITS-90, deg C]
# name 13 = potemp90Cdiff: Potential Temperature, Diff, 2 - 1 [ITS-90, deg C]
# name 14 = c0S/m: Conductivity [S/m]
# name 15 = c1S/m: Conductivity, 2 [S/m]
# name 16 = C2-C1S/m: Conductivity Difference, 2 - 1 [S/m]
# name 17 = sal00: Salinity, Practical [PSU]
# name 18 = sal11: Salinity, Practical, 2 [PSU]
# name 19 = sbeox0ML/L: Oxygen, SBE 43 [ml/l]
# name 20 = sigma-é00: Density [sigma-theta, kg/m^3]
# name 21 = sigma-é11: Density, 2 [sigma-theta, kg/m^3]
# name 22 = sal00: Salinity, Practical [PSU]
# name 23 = sigma-é00: Density [sigma-theta, kg/m^3]
# name 24 = svCM: Sound Velocity [Chen-Millero, m/s]
# name 25 = svCM1: Sound Velocity, 2 [Chen-Millero, m/s]
# name 26 = gsw_ptA0: potential temperature [ITS-90, deg C]
# name 27 = gsw_densityA0: density, TEOS-10 [density, kg/m^3]
# name 28 = gsw_saA0: Absolute Salinity [g/kg]
# name 29 = flag:
# span 0 =       2468,      19452       
# span 1 = 311.838273, 311.846464       
# span 2 =  -62.27344,  -62.27227       
# span 3 =  -58.42719,  -58.41846       
# span 4 =     -1.098,      1.090       
# span 5 =       0.00,    1446.75       
# span 6 =      3.000,    169.000       
# span 7 =      2.974,    167.306       
# span 8 =    -0.6371,    -0.5148       
# span 9 =    -0.6363,    -0.5140       
# span 10 =    -0.0068,     0.0183      
# span 11 =    -0.6394,    -0.5151      
# span 12 =    -0.6386,    -0.5144      
# span 13 =    -0.0068,     0.0183      
# span 14 =   2.799035,   2.817608      
# span 15 =   2.799027,   2.817519      
# span 16 =  -0.000811,   0.001639      
# span 17 =    34.2824,    34.3704      
# span 18 =    34.2822,    34.3690      
# span 19 =     6.8357,     7.6424      
# span 20 =    27.5521,    27.6246      
# span 21 =    27.5521,    27.6234      
# span 22 =    34.2831,    34.3708      
# span 23 =    27.5527,    27.6248      
# span 24 =    1445.67,    1448.43      
# span 25 =    1445.67,    1448.40      
# span 26 =    -0.6394,    -0.5151      
# span 27 =  1027.5728,  1028.4348      
# span 28 =    34.4464,    34.5370      
# span 29 = 0.0000e+00, 0.0000e+00      
# interval = decibars: 1                
# start_time = Nov 07 2023 20:05:24 [NMEA time, header]
# bad_flag = -9.990e-29
*END*
[from data line 242]
      12554 311.843137  -62.27306  -58.42198     -0.710    1446.75     93.000     92.088    -0.6125    -0.6117     0.0009    -0.6153    -0.6145     0.0009   2.806373   2.806356  -0.000016    34.3377    34.3366     7.1122    27.6010    27.6000    34.3376    27.6008    1446.92    1446.93    -0.6152  1028.0507    34.5040 0.0000e+00
      12598 311.843158  -62.27306  -58.42196     -0.539    1446.75     92.000     91.093    -0.6137    -0.6125     0.0012    -0.6165    -0.6153     0.0012   2.806175   2.806203   0.000026    34.3371    34.3361     7.1152    27.6005    27.5996    34.3368    27.6003    1446.90    1446.91    -0.6164  1028.0453    34.5033 0.0000e+00
      12635 311.843176  -62.27306  -58.42194     -0.628    1446.75     91.000     90.106    -0.6153    -0.6130     0.0023    -0.6181    -0.6158     0.0023   2.805913   2.806097   0.000159    34.3362    34.3357     7.1217    27.5999    27.5994    34.3358    27.5995    1446.88    1446.89    -0.6180  1028.0376    34.4995 0.0000e+00
      12664 311.843190 -9.990e-29  -58.42192     -0.783    1446.75     90.000     89.116    -0.6175    -0.6149     0.0026    -0.6202    -0.6176     0.0026   2.805584   2.805804   0.000235    34.3347    34.3350     7.1120    27.5987    27.5988    34.3344    27.5985    1446.85    1446.86    -0.6201  1028.0304    34.4963 0.0000e+00
      12691 311.843203 -9.990e-29  -58.42191     -0.864    1446.75     89.000     88.126    -0.6176    -0.6161     0.0014    -0.6203    -0.6188     0.0014   2.805565   2.805620   0.000061    34.3350    34.3342     7.1212    27.5990    27.5983    34.3349    27.5988    1446.83    1446.84    -0.6202  1028.0260    34.4968 0.0000e+00
      12720 311.843217  -62.27308  -58.42189     -0.846    1446.75     88.000     87.136    -0.6220    -0.6179     0.0040    -0.6247    -0.6206     0.0040   2.804765   2.805279   0.000472    34.3311    34.3329     7.1243    27.5960    27.5973    34.3297    27.5949    1446.79    1446.81    -0.6246  1028.0176    34.4921 0.0000e+00
      12749 311.843231  -62.27308  -58.42186     -0.828    1446.75     87.000     86.146    -0.6292    -0.6249     0.0043    -0.6318    -0.6275     0.0043   2.803614   2.804197   0.000557    34.3244    34.3271     7.1394    27.5909    27.5929    34.3229    27.5897    1446.73    1446.75    -0.6317  1028.0109    34.4892 0.0000e+00
      12777 311.843245  -62.27308  -58.42186     -0.847    1446.75     86.000     85.156    -0.6334    -0.6294     0.0039    -0.6359    -0.6320     0.0039   2.802867   2.803353   0.000508    34.3191    34.3215     7.1469    27.5868    27.5886    34.3182    27.5860    1446.69    1446.71    -0.6359  1028.0025    34.4844 0.0000e+00
      12807 311.843259  -62.27308  -58.42183     -0.829    1446.75     85.000     84.166    -0.6362    -0.6327     0.0035    -0.6387    -0.6352     0.0035   2.802288   2.802779   0.000485    34.3149    34.3175     7.1739    27.5835    27.5855    34.3142    27.5829    1446.65    1446.67    -0.6387  1027.9946    34.4804 0.0000e+00
      12845 311.843277  -62.27308  -58.42182     -0.659    1446.75     84.000     83.176    -0.6359    -0.6294     0.0065    -0.6384    -0.6319     0.0065   2.802310   2.803242   0.000946    34.3152    34.3206     7.2440    27.5837    27.5878    34.3148    27.5834    1446.64    1446.68    -0.6383  1027.9902    34.4810 0.0000e+00
      12883 311.843296  -62.27308  -58.42181     -0.605    1446.75     83.000     82.186    -0.6364    -0.6353     0.0011    -0.6389    -0.6378     0.0011   2.802050   2.802103   0.000053    34.3132    34.3127     7.2951    27.5821    27.5817    34.3125    27.5815    1446.62    1446.62    -0.6388  1027.9836    34.4786 0.0000e+00
      12915 311.843311  -62.27308  -58.42180     -0.725    1446.75     82.000     81.196    -0.6366    -0.6357     0.0009    -0.6391    -0.6381     0.0009   2.801806   2.801898   0.000103    34.3106    34.3109     7.3189    27.5800    27.5802    34.3101    27.5796    1446.60    1446.60    -0.6390  1027.9769    34.4762 0.0000e+00
      12945 311.843326  -62.27308  -58.42178     -0.797    1446.75     81.000     80.206    -0.6368    -0.6360     0.0008    -0.6392    -0.6384     0.0008   2.801658   2.801685   0.000035    34.3092    34.3088     7.3160    27.5789    27.5785    34.3089    27.5786    1446.58    1446.58    -0.6391  1027.9679    34.4710 0.0000e+00
      12976 311.843340 -9.990e-29  -58.42176     -0.786    1446.75     80.000     79.216    -0.6369    -0.6360     0.0009    -0.6393    -0.6384     0.0009   2.801613   2.801601  -0.000006    34.3093    34.3082     7.3255    27.5789    27.5781    34.3090    27.5787    1446.56    1446.56    -0.6392  1027.9630    34.4708 0.0000e+00
      13006 311.843355 -9.990e-29  -58.42175     -0.778    1446.75     79.000     78.226    -0.6370    -0.6361     0.0009    -0.6393    -0.6385     0.0009   2.801544   2.801541  -0.000002    34.3090    34.3080     7.3260    27.5788    27.5779    34.3088    27.5786    1446.54    1446.55    -0.6393  1027.9580    34.4706 0.0000e+00
      13033 311.843368  -62.27310  -58.42174     -0.849    1446.75     78.000     77.236    -0.6371    -0.6362     0.0009    -0.6394    -0.6385     0.0009   2.801499   2.801478  -0.000016    34.3091    34.3079     7.3496    27.5788    27.5778    34.3089    27.5787    1446.53    1446.53    -0.6394  1027.9553    34.4731 0.0000e+00
      13058 311.843380  -62.27310  -58.42172     -0.930    1446.75     77.000     76.246    -0.6370    -0.6363     0.0007    -0.6393    -0.6386     0.0007   2.801462   2.801434  -0.000023    34.3091    34.3080     7.3451    27.5788    27.5779    34.3090    27.5787    1446.51    1446.51    -0.6392  1027.9520    34.4750 0.0000e+00
      13084 311.843393  -62.27310  -58.42170     -0.954    1446.75     76.000     75.256    -0.6371    -0.6362     0.0009    -0.6393    -0.6385     0.0009   2.801416   2.801398  -0.000017    34.3092    34.3080     7.3453    27.5789    27.5779    34.3091    27.5788    1446.50    1446.50    -0.6393  1027.9473    34.4751 0.0000e+00
      13114 311.843407  -62.27310  -58.42170     -0.856    1446.75     75.000     74.266    -0.6370    -0.6359     0.0011    -0.6393    -0.6382     0.0011   2.801370   2.801391   0.000019    34.3092    34.3082     7.3455    27.5789    27.5780    34.3090    27.5787    1446.48    1446.48    -0.6392  1027.9424    34.4750 0.0000e+00
      13148 311.843423  -62.27310  -58.42167     -0.717    1446.75     74.000     73.276    -0.6369    -0.6360     0.0009    -0.6391    -0.6382     0.0009   2.801316   2.801299  -0.000010    34.3088    34.3076     7.3325    27.5785    27.5776    34.3087    27.5785    1446.46    1446.47    -0.6390  1027.9374    34.4747 0.0000e+00
      13181 311.843439  -62.27310  -58.42166     -0.715    1446.75     73.000     72.286    -0.6365    -0.6357     0.0008    -0.6386    -0.6379     0.0008   2.801230   2.801215  -0.000021    34.3079    34.3067     7.3421    27.5778    27.5768    34.3077    27.5776    1446.45    1446.45    -0.6386  1027.9318    34.4737 0.0000e+00
      13211 311.843454  -62.27310  -58.42164     -0.782    1446.75     72.000     71.296    -0.6351    -0.6348     0.0003    -0.6372    -0.6369     0.0003   2.801142   2.801125  -0.000011    34.3056    34.3051     7.3366    27.5759    27.5755    34.3056    27.5759    1446.43    1446.44    -0.6372  1027.9252    34.4715 0.0000e+00
      13241 311.843468  -62.27310  -58.42162     -0.805    1446.75     71.000     70.306    -0.6347    -0.6344     0.0003    -0.6368    -0.6365     0.0003   2.801083   2.801064  -0.000019    34.3050    34.3044     7.3547    27.5754    27.5748    34.3050    27.5754    1446.42    1446.42    -0.6368  1027.9199    34.4709 0.0000e+00
      13275 311.843485  -62.27310  -58.42161     -0.728    1446.75     70.000     69.316    -0.6347    -0.6344     0.0003    -0.6368    -0.6364     0.0003   2.801028   2.801035   0.000008    34.3049    34.3046     7.3588    27.5753    27.5750    34.3049    27.5753    1446.40    1446.40    -0.6367  1027.9151    34.4708 0.0000e+00
      13310 311.843502  -62.27310  -58.42159     -0.669    1446.75     69.000     68.326    -0.6346    -0.6339     0.0007    -0.6367    -0.6359     0.0007   2.800977   2.800959  -0.000016    34.3047    34.3036     7.3795    27.5752    27.5743    34.3047    27.5751    1446.39    1446.39    -0.6366  1027.9101    34.4706 0.0000e+00
      13338 311.843515  -62.27310  -58.42158     -0.786    1446.75     68.000     67.336    -0.6347    -0.6338     0.0009    -0.6367    -0.6358     0.0009   2.800929   2.800911  -0.000020    34.3048    34.3035     7.3852    27.5753    27.5742    34.3047    27.5752    1446.37    1446.37    -0.6367  1027.9054    34.4707 0.0000e+00
      13363 311.843527  -62.27310  -58.42157     -0.931    1446.75     67.000     66.346    -0.6348    -0.6342     0.0007    -0.6368    -0.6361     0.0007   2.800878   2.800857  -0.000021    34.3048    34.3038     7.3757    27.5752    27.5744    34.3048    27.5752    1446.35    1446.36    -0.6367  1027.9006    34.4707 0.0000e+00
      13387 311.843539  -62.27310  -58.42155     -1.003    1446.75     66.000     65.356    -0.6348    -0.6341     0.0007    -0.6368    -0.6361     0.0007   2.800825   2.800800  -0.000026    34.3048    34.3037     7.3828    27.5752    27.5743    34.3047    27.5751    1446.34    1446.34    -0.6367  1027.8958    34.4706 0.0000e+00
      13412 311.843551  -62.27311  -58.42154     -0.988    1446.75     65.000     64.365    -0.6350    -0.6342     0.0008    -0.6369    -0.6361     0.0008   2.800777   2.800749  -0.000028    34.3048    34.3036     7.3885    27.5753    27.5742    34.3048    27.5752    1446.32    1446.32    -0.6369  1027.8911    34.4707 0.0000e+00
      13440 311.843565  -62.27312  -58.42153     -0.879    1446.75     64.000     63.375    -0.6351    -0.6342     0.0008    -0.6370    -0.6361     0.0008   2.800724   2.800712  -0.000010    34.3048    34.3037     7.3771    27.5753    27.5743    34.3048    27.5753    1446.30    1446.31    -0.6369  1027.8863    34.4707 0.0000e+00
      13471 311.843579  -62.27312  -58.42150     -0.796    1446.75     63.000     62.385    -0.6351    -0.6343     0.0008    -0.6370    -0.6361     0.0008   2.800684   2.800656  -0.000029    34.3050    34.3037     7.3872    27.5754    27.5743    34.3050    27.5754    1446.29    1446.29    -0.6369  1027.8817    34.4708 0.0000e+00
      13503 311.843595  -62.27312  -58.42149     -0.764    1446.75     62.000     61.395    -0.6351    -0.6344     0.0007    -0.6369    -0.6362     0.0007   2.800621   2.800601  -0.000020    34.3048    34.3036     7.3773    27.5752    27.5743    34.3047    27.5752    1446.27    1446.27    -0.6369  1027.8766    34.4706 0.0000e+00
      13536 311.843611  -62.27312  -58.42147     -0.723    1446.75     61.000     60.405    -0.6352    -0.6344     0.0008    -0.6370    -0.6362     0.0008   2.800568   2.800556  -0.000012    34.3048    34.3037     7.3799    27.5752    27.5743    34.3048    27.5752    1446.25    1446.26    -0.6370  1027.8719    34.4706 0.0000e+00
      13566 311.843625  -62.27312  -58.42146     -0.772    1446.75     60.000     59.415    -0.6353    -0.6345     0.0008    -0.6371    -0.6363     0.0008   2.800531   2.800505  -0.000027    34.3052    34.3038     7.3924    27.5755    27.5744    34.3050    27.5755    1446.24    1446.24    -0.6370  1027.8673    34.4709 0.0000e+00
      13592 311.843637  -62.27312  -58.42144     -0.883    1446.75     59.000     58.425    -0.6352    -0.6345     0.0007    -0.6369    -0.6362     0.0007   2.800481   2.800450  -0.000028    34.3048    34.3037     7.3717    27.5753    27.5743    34.3048    27.5753    1446.22    1446.22    -0.6369  1027.8624    34.4706 0.0000e+00
      13617 311.843650  -62.27312  -58.42144     -0.939    1446.75     58.000     57.435    -0.6353    -0.6346     0.0007    -0.6370    -0.6363     0.0007   2.800439   2.800404  -0.000033    34.3050    34.3038     7.3756    27.5754    27.5744    34.3050    27.5754    1446.21    1446.21    -0.6370  1027.8577    34.4708 0.0000e+00
      13646 311.843664  -62.27312  -58.42142     -0.870    1446.75     57.000     56.445    -0.6351    -0.6345     0.0006    -0.6368    -0.6362     0.0006   2.800408   2.800366  -0.000041    34.3050    34.3038     7.3619    27.5754    27.5744    34.3050    27.5754    1446.19    1446.19    -0.6367  1027.8529    34.4708 0.0000e+00
      13679 311.843680  -62.27312  -58.42141     -0.752    1446.75     56.000     55.455    -0.6351    -0.6344     0.0007    -0.6367    -0.6360     0.0007   2.800360   2.800328  -0.000034    34.3050    34.3037     7.3610    27.5754    27.5743    34.3049    27.5754    1446.17    1446.18    -0.6367  1027.8481    34.4707 0.0000e+00
      13712 311.843695  -62.27312  -58.42140     -0.726    1446.75     55.000     54.465    -0.6352    -0.6345     0.0008    -0.6369    -0.6361     0.0008   2.800324   2.800286  -0.000040    34.3053    34.3039     7.3714    27.5757    27.5745    34.3053    27.5756    1446.16    1446.16    -0.6368  1027.8436    34.4710 0.0000e+00
      13741 311.843710  -62.27312  -58.42137     -0.782    1446.75     54.000     53.474    -0.6345    -0.6343     0.0002    -0.6361    -0.6359     0.0002   2.800291   2.800247  -0.000041    34.3046    34.3038     7.3778    27.5750    27.5743    34.3046    27.5750    1446.15    1446.14    -0.6361  1027.8354    34.4669 0.0000e+00
      13769 311.843723 -9.990e-29  -58.42135     -0.847    1446.75     53.000     52.484    -0.6333    -0.6334    -0.0001    -0.6348    -0.6350    -0.0001   2.800277   2.800223  -0.000052    34.3036    34.3030     7.3780    27.5742    27.5737    34.3036    27.5742    1446.13    1446.13    -0.6348  1027.8293    34.4654 0.0000e+00
      13800 311.843738 -9.990e-29  -58.42134     -0.822    1446.75     52.000     51.494    -0.6316    -0.6315     0.0002    -0.6332    -0.6330     0.0002   2.800288   2.800234  -0.000051    34.3024    34.3015     7.3813    27.5731    27.5724    34.3025    27.5732    1446.12    1446.12    -0.6331  1027.8236    34.4643 0.0000e+00
      13837 311.843756  -62.27314  -58.42131     -0.663    1446.75     51.000     50.504    -0.6302    -0.6327    -0.0024    -0.6317    -0.6342    -0.0024   2.800304   2.800159  -0.000137    34.3017    34.3026     7.3779    27.5725    27.5733    34.3018    27.5726    1446.11    1446.10    -0.6317  1027.8202    34.4661 0.0000e+00
      13883 311.843778  -62.27314  -58.42129     -0.523    1446.75     50.000     49.514    -0.6266    -0.6277    -0.0011    -0.6281    -0.6292    -0.0011   2.800419   2.800306  -0.000108    34.2995    34.2993     7.4006    27.5705    27.5704    34.2998    27.5708    1446.11    1446.11    -0.6280  1027.8148    34.4656 0.0000e+00
      13922 311.843797  -62.27314  -58.42128     -0.589    1446.75     49.000     48.524    -0.6217    -0.6232    -0.0015    -0.6232    -0.6246    -0.0015   2.800599   2.800471  -0.000132    34.2970    34.2969     7.3997    27.5683    27.5683    34.2973    27.5686    1446.11    1446.11    -0.6231  1027.8078    34.4630 0.0000e+00
      13952 311.843811  -62.27314  -58.42126     -0.756    1446.75     48.000     47.533    -0.6195    -0.6196    -0.0001    -0.6209    -0.6210    -0.0001   2.800666   2.800594  -0.000074    34.2959    34.2950     7.4193    27.5674    27.5666    34.2963    27.5677    1446.11    1446.10    -0.6209  1027.8021    34.4620 0.0000e+00
      13979 311.843824  -62.27314  -58.42126     -0.872    1446.75     47.000     46.543    -0.6188    -0.6186     0.0001    -0.6202    -0.6200     0.0001   2.800657   2.800593  -0.000073    34.2959    34.2947     7.4241    27.5673    27.5663    34.2961    27.5675    1446.09    1446.09    -0.6202  1027.7971    34.4618 0.0000e+00
      14010 311.843839  -62.27314  -58.42124     -0.828    1446.75     46.000     45.553    -0.6179    -0.6191    -0.0013    -0.6192    -0.6205    -0.0013   2.800659   2.800522  -0.000126    34.2953    34.2950     7.4285    27.5668    27.5666    34.2956    27.5670    1446.08    1446.07    -0.6192  1027.7919    34.4613 0.0000e+00
