Pos-Processados/process_op42/operantar42_039.cnv
* Sea-Bird SBE 9 Data File:
* FileName = C:\Users\Hidrografia\Desktop\OPXLII\Brutos\OP42039.hdr
* Software Version Seasave V 7.26.7.107
* Temperature SN = 6502
* Conductivity SN = 4998
* Number of Bytes Per Scan = 37
* Number of Voltage Words = 4
* Number of Scans Averaged by the Deck Unit = 1
* NMEA Latitude = 62 08.51 S
* NMEA Longitude = 058 26.65 W
* NMEA UTC (Time) = Nov 09 2023 14:12:29
* NMEA baud rate = 4800
** H41
** NPOALTEMAXIMIANO
** NUMERO DA ESTACAO (XXX) 039
** LAT (XX XX.XX S/N) 62 08.14 S
** LONG (XXX XX.XX W/E) 058 26.57 W
** DATAHORA (dd/mm/aaaa hh:mm Z) 09/11/2023 1405Z
** PROFUNDIDADE (m) 410
** OPERADOR 1T ZAMITH
# nquan = 30
# nvalues = 719                         
# units = specified
# name 0 = scan: Scan Count
# name 1 = timeJ: Julian Days
# name 2 = latitude: Latitude [deg]
# name 3 = longitude: Longitude [deg]
# name 4 = dz/dtM: Descent Rate [m/s]
# name 5 = avgsvCM: Average Sound Velocity [Chen-Millero, m/s]
# name 6 = prDM: Pressure, Digiquartz [db]
# name 7 = depSM: Depth [salt water, m]
# name 8 = t090C: Temperature [ITS-90, deg C]
# name 9 = t190C: Temperature, 2 [ITS-90, deg C]
# name 10 = T2-T190C: Temperature Difference, 2 - 1 [ITS-90, deg C]
# name 11 = potemp090C: Potential Temperature [ITS-90, deg C]
# name 12 = potemp190C: Potential Temperature, 2 [ITS-90, deg C]
# name 13 = potemp90Cdiff: Potential Temperature, Diff, 2 - 1 [ITS-90, deg C]
# name 14 = c0S/m: Conductivity [S/m]
# name 15 = c1S/m: Conductivity, 2 [S/m]
# name 16 = C2-C1S/m: Conductivity Difference, 2 - 1 [S/m]
# name 17 = sal00: Salinity, Practical [PSU]
# name 18 = sal11: Salinity, Practical, 2 [PSU]
# name 19 = sbeox0ML/L: Oxygen, SBE 43 [ml/l]
# name 20 = sigma-é00: Density [sigma-theta, kg/m^3]
# name 21 = sigma-é11: Density, 2 [sigma-theta, kg/m^3]
# name 22 = sal00: Salinity, Practical [PSU]
# name 23 = sigma-é00: Density [sigma-theta, kg/m^3]
# name 24 = svCM: Sound Velocity [Chen-Millero, m/s]
# name 25 = svCM1: Sound Velocity, 2 [Chen-Millero, m/s]
# name 26 = gsw_ptA0: potential temperature [ITS-90, deg C]
# name 27 = gsw_densityA0: density, TEOS-10 [density, kg/m^3]
# name 28 = gsw_saA0: Absolute Salinity [g/kg]
# name 29 = flag:
# span 0 =       3868,      21703       
# span 1 = 313.593867, 313.602468       
# span 2 =  -62.14486,  -62.14246       
# span 3 =  -58.44364,  -58.44086       
# span 4 =     -1.238,      1.231       
# span 5 =      -0.00,    1448.34       
# span 6 =      4.000,    363.000       
# span 7 =      3.977,    359.199       
# span 8 =    -0.8195,    -0.4022       
# span 9 =    -0.8189,    -0.4008       
# span 10 =    -0.0233,     0.0123      
# span 11 =    -0.8237,    -0.4146      
# span 12 =    -0.8231,    -0.4132      
# span 13 =    -0.0233,     0.0122      
# span 14 =   2.789281,   2.841631      
# span 15 =   2.789258,   2.841662      
# span 16 =  -0.002063,   0.001122      
# span 17 =    34.2734,    34.4113      
# span 18 =    34.2724,    34.4100      
# span 19 =     6.5537,     7.6764      
# span 20 =    27.5453,    27.6514      
# span 21 =    27.5441,    27.6504      
# span 22 =    34.2737,    34.4114      
# span 23 =    27.5453,    27.6529      
# span 24 =    1445.69,    1452.38      
# span 25 =    1445.68,    1452.36      
# span 26 =    -0.8236,    -0.4144      
# span 27 =  1027.5694,  1029.3836      
# span 28 =    34.4359,    34.5795      
# span 29 = 0.0000e+00, 0.0000e+00      
# interval = decibars: 1                
# start_time = Nov 09 2023 14:12:29 [NMEA time, header]
# bad_flag = -9.990e-29
*END*
[from data line 387]
      14011 313.598759 -9.990e-29  -58.44250     -1.116    1448.33    335.000    331.517    -0.5377    -0.5365     0.0012    -0.5488    -0.5476     0.0012   2.828063   2.828127   0.000052    34.3978    34.3971     6.7186    27.6466    27.6460    34.3964    27.6455    1451.29    1451.30    -0.5486  1029.2436    34.5586 0.0000e+00
      14034 313.598770  -62.14386  -58.44250     -1.102    1448.33    334.000    330.528    -0.5405    -0.5365     0.0040    -0.5516    -0.5476     0.0040   2.827783   2.828083   0.000285    34.3977    34.3969     6.7139    27.6466    27.6459    34.3964    27.6456    1451.26    1451.28    -0.5514  1029.2423    34.5626 0.0000e+00
      14058 313.598781  -62.14386  -58.44250     -1.030    1448.33    333.000    329.539    -0.5422    -0.5389     0.0032    -0.5532    -0.5500     0.0032   2.827575   2.827809   0.000244    34.3972    34.3968     6.7149    27.6463    27.6458    34.3961    27.6455    1451.24    1451.25    -0.5530  1029.2389    34.5642 0.0000e+00
      14082 313.598793  -62.14386  -58.44250     -0.978    1448.33    332.000    328.551    -0.5422    -0.5411     0.0012    -0.5532    -0.5520     0.0012   2.827525   2.827566   0.000052    34.3969    34.3963     6.7164    27.6461    27.6456    34.3961    27.6455    1451.22    1451.23    -0.5530  1029.2341    34.5642 0.0000e+00
      14105 313.598804  -62.14386  -58.44250     -1.017    1448.33    331.000    327.562    -0.5422    -0.5411     0.0011    -0.5532    -0.5520     0.0011   2.827470   2.827507   0.000034    34.3968    34.3959     6.7251    27.6460    27.6453    34.3960    27.6453    1451.21    1451.21    -0.5529  1029.2292    34.5640 0.0000e+00
      14126 313.598814  -62.14386  -58.44249     -1.083    1448.33    330.000    326.573    -0.5424    -0.5419     0.0005    -0.5533    -0.5528     0.0005   2.827401   2.827365  -0.000023    34.3965    34.3957     6.7293    27.6458    27.6451    34.3958    27.6453    1451.19    1451.19    -0.5531  1029.2244    34.5639 0.0000e+00
      14148 313.598825  -62.14386  -58.44248     -1.124    1448.33    329.000    325.584    -0.5441    -0.5428     0.0013    -0.5550    -0.5537     0.0013   2.827173   2.827246   0.000059    34.3962    34.3955     6.7160    27.6457    27.6450    34.3954    27.6449    1451.16    1451.17    -0.5548  1029.2194    34.5635 0.0000e+00
      14170 313.598835  -62.14388  -58.44248     -1.111    1448.33    328.000    324.595    -0.5454    -0.5431     0.0023    -0.5562    -0.5539     0.0023   2.827042   2.827184   0.000140    34.3962    34.3955     6.7268    27.6457    27.6450    34.3956    27.6452    1451.14    1451.15    -0.5560  1029.2149    34.5637 0.0000e+00
      14195 313.598847  -62.14388  -58.44248     -1.023    1448.33    327.000    323.606    -0.5456    -0.5434     0.0022    -0.5564    -0.5542     0.0022   2.826988   2.827127   0.000135    34.3963    34.3956     6.7404    27.6458    27.6451    34.3957    27.6453    1451.13    1451.13    -0.5562  1029.2102    34.5638 0.0000e+00
      14220 313.598860  -62.14388  -58.44248     -0.939    1448.33    326.000    322.618    -0.5460    -0.5444     0.0016    -0.5567    -0.5552     0.0016   2.826913   2.826978   0.000071    34.3963    34.3955     6.7328    27.6458    27.6450    34.3958    27.6454    1451.11    1451.11    -0.5565  1029.2055    34.5639 0.0000e+00
      14245 313.598871  -62.14388  -58.44248     -0.959    1448.33    325.000    321.629    -0.5459    -0.5448     0.0011    -0.5567    -0.5555     0.0011   2.826841   2.826890   0.000050    34.3958    34.3952     6.7367    27.6454    27.6448    34.3954    27.6450    1451.09    1451.09    -0.5564  1029.2005    34.5635 0.0000e+00
      14267 313.598882  -62.14388  -58.44248     -1.037    1448.33    324.000    320.640    -0.5456    -0.5447     0.0009    -0.5563    -0.5554     0.0009   2.826801   2.826826   0.000024    34.3955    34.3948     6.7261    27.6451    27.6445    34.3951    27.6448    1451.08    1451.08    -0.5561  1029.1954    34.5631 0.0000e+00
      14288 313.598892  -62.14388  -58.44248     -1.101    1448.33    323.000    319.651    -0.5453    -0.5440     0.0013    -0.5560    -0.5547     0.0013   2.826763   2.826792   0.000035    34.3951    34.3941     6.7342    27.6448    27.6439    34.3949    27.6446    1451.06    1451.06    -0.5558  1029.1905    34.5629 0.0000e+00
      14309 313.598903  -62.14390  -58.44248     -1.125    1448.33    322.000    318.662    -0.5446    -0.5440     0.0006    -0.5552    -0.5547     0.0006   2.826729   2.826727 5.0916e-08    34.3945    34.3939     6.7428    27.6443    27.6437    34.3942    27.6440    1451.05    1451.05    -0.5550  1029.1852    34.5623 0.0000e+00
      14332 313.598913  -62.14390  -58.44248     -1.100    1448.33    321.000    317.673    -0.5470    -0.5463     0.0007    -0.5576    -0.5569     0.0007   2.826333   2.826378   0.000040    34.3930    34.3928     6.7322    27.6432    27.6429    34.3922    27.6425    1451.02    1451.02    -0.5574  1029.1790    34.5603 0.0000e+00
      14355 313.598925  -62.14390  -58.44248     -1.055    1448.33    320.000    316.684    -0.5511    -0.5486     0.0025    -0.5616    -0.5592     0.0024   2.825860   2.826048   0.000185    34.3918    34.3915     6.7407    27.6424    27.6420    34.3910    27.6417    1450.98    1450.99    -0.5614  1029.1735    34.5591 0.0000e+00
      14378 313.598936  -62.14390  -58.44248     -1.035    1448.33    319.000    315.696    -0.5520    -0.5506     0.0014    -0.5625    -0.5611     0.0014   2.825703   2.825792   0.000083    34.3911    34.3906     6.7407    27.6419    27.6414    34.3906    27.6414    1450.96    1450.96    -0.5623  1029.1685    34.5587 0.0000e+00
      14401 313.598947  -62.14390  -58.44248     -1.046    1448.33    318.000    314.707    -0.5557    -0.5515     0.0043    -0.5662    -0.5619     0.0042   2.825230   2.825614   0.000365    34.3901    34.3902     6.7430    27.6412    27.6411    34.3891    27.6404    1450.92    1450.94    -0.5660  1029.1627    34.5571 0.0000e+00
      14423 313.598957  -62.14390  -58.44248     -1.067    1448.33    317.000    313.718    -0.5585    -0.5565     0.0020    -0.5689    -0.5669     0.0020   2.824955   2.825097   0.000138    34.3899    34.3895     6.7663    27.6412    27.6407    34.3892    27.6405    1450.89    1450.90    -0.5687  1029.1586    34.5578 0.0000e+00
      14446 313.598969  -62.14390 -9.990e-29     -1.058    1448.33    316.000    312.729    -0.5625    -0.5588     0.0037    -0.5728    -0.5692     0.0037   2.824559   2.824824   0.000266    34.3897    34.3891     6.7729    27.6412    27.6405    34.3889    27.6405    1450.86    1450.87    -0.5727  1029.1554    34.5595 0.0000e+00
      14471 313.598980  -62.14391 -9.990e-29     -1.004    1448.33    315.000    311.740    -0.5661    -0.5610     0.0050    -0.5764    -0.5714     0.0050   2.824141   2.824541   0.000388    34.3891    34.3886     6.7881    27.6408    27.6402    34.3880    27.6400    1450.82    1450.85    -0.5762  1029.1501    34.5585 0.0000e+00
      14496 313.598993  -62.14392 -9.990e-29     -0.962    1448.33    314.000    310.751    -0.5733    -0.5671     0.0062    -0.5836    -0.5774     0.0062   2.823368   2.823919   0.000532    34.3881    34.3883     6.7952    27.6403    27.6402    34.3864    27.6389    1450.77    1450.80    -0.5833  1029.1444    34.5569 0.0000e+00
      14520 313.599004  -62.14392  -58.44246     -0.973    1448.33    313.000    309.762    -0.5797    -0.5752     0.0045    -0.5899    -0.5855     0.0045   2.822825   2.823125   0.000328    34.3876    34.3870     6.7893    27.6402    27.6395    34.3869    27.6397    1450.73    1450.75    -0.5897  1029.1399    34.5567 0.0000e+00
      14543 313.599015 -9.990e-29  -58.44246     -1.029    1448.33    312.000    308.773    -0.5823    -0.5762     0.0060    -0.5924    -0.5864     0.0060   2.822403   2.822975   0.000543    34.3866    34.3870     6.8012    27.6395    27.6396    34.3848    27.6380    1450.69    1450.72    -0.5922  1029.1274    34.5469 0.0000e+00
      14565 313.599026 -9.990e-29  -58.44246     -1.077    1448.33    311.000    307.784    -0.5867    -0.5848     0.0019    -0.5968    -0.5949     0.0019   2.822041   2.822149   0.000137    34.3865    34.3862     6.8056    27.6396    27.6393    34.3855    27.6388    1450.66    1450.67    -0.5966  1029.1235    34.5477 0.0000e+00
      14587 313.599037 -9.990e-29  -58.44246     -1.079    1448.33    310.000    306.795    -0.5874    -0.5848     0.0026    -0.5975    -0.5949     0.0026   2.821928   2.822101   0.000164    34.3863    34.3856     6.8100    27.6395    27.6388    34.3854    27.6387    1450.64    1450.65    -0.5973  1029.1186    34.5475 0.0000e+00
      14611 313.599048 -9.990e-29  -58.44246     -1.032    1448.33    309.000    305.807    -0.5883    -0.5856     0.0026    -0.5983    -0.5957     0.0026   2.821796   2.821972   0.000185    34.3860    34.3856     6.8292    27.6393    27.6388    34.3852    27.6386    1450.62    1450.63    -0.5981  1029.1138    34.5474 0.0000e+00
      14635 313.599059  -62.14394  -58.44246     -1.009    1448.33    308.000    304.817    -0.5889    -0.5875     0.0014    -0.5989    -0.5975     0.0014   2.821690   2.821758   0.000081    34.3858    34.3853     6.8230    27.6391    27.6387    34.3851    27.6386    1450.60    1450.60    -0.5987  1029.1124    34.5515 0.0000e+00
      14657 313.599070  -62.14394  -58.44246     -1.048    1448.33    307.000    303.829    -0.5891    -0.5884     0.0007    -0.5991    -0.5984     0.0007   2.821606   2.821608   0.000011    34.3855    34.3848     6.8199    27.6389    27.6383    34.3848    27.6383    1450.58    1450.58    -0.5989  1029.1087    34.5528 0.0000e+00
      14678 313.599080  -62.14394  -58.44245     -1.098    1448.33    306.000    302.840    -0.5898    -0.5892     0.0007    -0.5998    -0.5991     0.0007   2.821482   2.821468 -1.144e-07    34.3852    34.3845     6.8386    27.6387    27.6381    34.3846    27.6382    1450.56    1450.56    -0.5995  1029.1038    34.5526 0.0000e+00
      14699 313.599091  -62.14394  -58.44244     -1.129    1448.33    305.000    301.851    -0.5913    -0.5901     0.0011    -0.6011    -0.6000     0.0011   2.821241   2.821309   0.000060    34.3844    34.3839     6.8408    27.6381    27.6376    34.3836    27.6374    1450.54    1450.54    -0.6010  1029.0983    34.5516 0.0000e+00
      14722 313.599101  -62.14394  -58.44244     -1.110    1448.33    304.000    300.862    -0.5917    -0.5906     0.0010    -0.6015    -0.6005     0.0010   2.821193   2.821208   0.000019    34.3845    34.3835     6.8319    27.6382    27.6374    34.3840    27.6378    1450.52    1450.52    -0.6013  1029.0940    34.5520 0.0000e+00
      14746 313.599113  -62.14396  -58.44244     -1.026    1448.33    303.000    299.873    -0.5915    -0.5899     0.0016    -0.6013    -0.5997     0.0016   2.821184   2.821253   0.000064    34.3847    34.3837     6.8388    27.6384    27.6375    34.3843    27.6381    1450.50    1450.51    -0.6011  1029.0894    34.5523 0.0000e+00
      14771 313.599125  -62.14396  -58.44244     -0.963    1448.33    302.000    298.884    -0.5919    -0.5903     0.0017    -0.6017    -0.6000     0.0017   2.821090   2.821164   0.000085    34.3846    34.3839     6.8391    27.6383    27.6376    34.3841    27.6379    1450.49    1450.49    -0.6015  1029.0846    34.5522 0.0000e+00
      14795 313.599137  -62.14396  -58.44244     -0.981    1448.33    301.000    297.895    -0.5917    -0.5910     0.0007    -0.6014    -0.6008     0.0007   2.821061   2.821051  -0.000006    34.3844    34.3835     6.8441    27.6381    27.6374    34.3841    27.6379    1450.47    1450.47    -0.6012  1029.0798    34.5521 0.0000e+00
      14818 313.599148  -62.14396  -58.44244     -1.034    1448.33    300.000    296.906    -0.5914    -0.5907     0.0007    -0.6011    -0.6004     0.0007   2.821024   2.821018  -0.000002    34.3842    34.3834     6.8561    27.6379    27.6372    34.3839    27.6377    1450.45    1450.46    -0.6009  1029.0748    34.5519 0.0000e+00
      14839 313.599158  -62.14396  -58.44244     -1.082    1448.33    299.000    295.917    -0.5914    -0.5907     0.0007    -0.6011    -0.6004     0.0007   2.820971   2.820972   0.000003    34.3841    34.3833     6.8437    27.6378    27.6372    34.3838    27.6376    1450.44    1450.44    -0.6009  1029.0700    34.5518 0.0000e+00
      14861 313.599169  -62.14396  -58.44244     -1.099    1448.33    298.000    294.928    -0.5915    -0.5907     0.0007    -0.6011    -0.6004     0.0007   2.820912   2.820921   0.000010    34.3839    34.3833     6.8419    27.6377    27.6372    34.3837    27.6375    1450.42    1450.42    -0.6009  1029.0651    34.5517 0.0000e+00
      14885 313.599180  -62.14398  -58.44244     -1.053    1448.33    297.000    293.939    -0.5915    -0.5907     0.0008    -0.6011    -0.6003     0.0008   2.820860   2.820861   0.000004    34.3838    34.3830     6.8447    27.6376    27.6370    34.3836    27.6375    1450.40    1450.41    -0.6009  1029.0603    34.5516 0.0000e+00
      14911 313.599193  -62.14398  -58.44242     -0.968    1448.33    296.000    292.950    -0.5911    -0.5904     0.0007    -0.6007    -0.6000     0.0007   2.820831   2.820835   0.000006    34.3836    34.3829     6.8395    27.6375    27.6368    34.3834    27.6373    1450.39    1450.39    -0.6005  1029.0554    34.5514 0.0000e+00
      14937 313.599205  -62.14398  -58.44242     -0.921    1448.33    295.000    291.961    -0.5905    -0.5903     0.0002    -0.6000    -0.5998     0.0002   2.820852   2.820783  -0.000061    34.3836    34.3826     6.8482    27.6374    27.6366    34.3835    27.6374    1450.38    1450.38    -0.5998  1029.0507    34.5515 0.0000e+00
      14961 313.599217  -62.14398  -58.44242     -0.946    1448.33    294.000    290.972    -0.5900    -0.5896     0.0004    -0.5995    -0.5991     0.0004   2.820851   2.820811  -0.000042    34.3837    34.3827     6.8497    27.6375    27.6366    34.3836    27.6374    1450.36    1450.37    -0.5993  1029.0460    34.5516 0.0000e+00
      14985 313.599228  -62.14398  -58.44242     -1.005    1448.33    293.000    289.983    -0.5895    -0.5890     0.0005    -0.5990    -0.5985     0.0005   2.820846   2.820812  -0.000034    34.3837    34.3827     6.8398    27.6374    27.6366    34.3836    27.6373    1450.35    1450.35    -0.5988  1029.0411    34.5515 0.0000e+00
      15007 313.599239  -62.14398  -58.44242     -1.056    1448.33    292.000    288.994    -0.5894    -0.5887     0.0006    -0.5988    -0.5982     0.0006   2.820779   2.820773  -0.000006    34.3833    34.3825     6.8458    27.6371    27.6364    34.3831    27.6370    1450.33    1450.33    -0.5986  1029.0360    34.5511 0.0000e+00
      15029 313.599250  -62.14400  -58.44242     -1.084    1448.33    291.000    288.006    -0.5897    -0.5889     0.0008    -0.5991    -0.5983     0.0008   2.820707   2.820711   0.000007    34.3833    34.3825     6.8451    27.6371    27.6364    34.3831    27.6370    1450.31    1450.32    -0.5989  1029.0313    34.5511 0.0000e+00
      15053 313.599261  -62.14400  -58.44242     -1.054    1448.33    290.000    287.017    -0.5894    -0.5889     0.0005    -0.5988    -0.5983     0.0005   2.820685   2.820660  -0.000024    34.3833    34.3823     6.8427    27.6371    27.6363    34.3832    27.6370    1450.30    1450.30    -0.5986  1029.0265    34.5511 0.0000e+00
      15078 313.599273  -62.14400  -58.44242     -0.969    1448.33    289.000    286.028    -0.5897    -0.5888     0.0009    -0.5990    -0.5981     0.0009   2.820619   2.820614  -0.000008    34.3833    34.3822     6.8528    27.6371    27.6362    34.3832    27.6370    1450.28    1450.29    -0.5988  1029.0218    34.5512 0.0000e+00
      15105 313.599286  -62.14400  -58.44240     -0.912    1448.33    288.000    285.039    -0.5902    -0.5891     0.0011    -0.5995    -0.5984     0.0011   2.820532   2.820551   0.000020    34.3833    34.3823     6.8406    27.6371    27.6363    34.3832    27.6370    1450.26    1450.27    -0.5993  1029.0170    34.5511 0.0000e+00
