Pos-Processados/process_op42/operantar42_020.ros
* Sea-Bird SBE 9 Data File:
* FileName = C:\Users\Hidrografia\Desktop\OPXLII\Brutos\OP42020.hdr
* Software Version Seasave V 7.26.7.107
* Temperature SN = 6502
* Conductivity SN = 4998
* Number of Bytes Per Scan = 37
* Number of Voltage Words = 4
* Number of Scans Averaged by the Deck Unit = 1
* NMEA Latitude = 62 08.28 S
* NMEA Longitude = 058 26.46 W
* NMEA UTC (Time) = Nov 07 2023 17:35:19
* NMEA baud rate = 4800
** H41
** NPOALTEMAXIMIANO
** NUMERO DA ESTACAO (XXX) 020
** LAT (XX XX.XX S/N) 62 08.46 S
** LONG (XXX XX.XX W/E) 058 26.12 W
** DATAHORA (dd/mm/aaaa hh:mm Z) 07/11/2023 1734Z
** PROFUNDIDADE (m) 423
** OPERADOR CT FILIPE LOPES
# nquan = 24
# nvalues = 3815                                  
# units = specified
# name 0 = scan: Scan Count
# name 1 = timeJ: Julian Days
# name 2 = latitude: Latitude [deg]
# name 3 = longitude: Longitude [deg]
# name 4 = dz/dtM: Descent Rate [m/s]
# name 5 = avgsvCM: Average Sound Velocity [Chen-Millero, m/s]
# name 6 = prDM: Pressure, Digiquartz [db]
# name 7 = depSM: Depth [salt water, m]
# name 8 = t090C: Temperature [ITS-90, deg C]
# name 9 = t190C: Temperature, 2 [ITS-90, deg C]
# name 10 = T2-T190C: Temperature Difference, 2 - 1 [ITS-90, deg C]
# name 11 = potemp090C: Potential Temperature [ITS-90, deg C]
# name 12 = potemp190C: Potential Temperature, 2 [ITS-90, deg C]
# name 13 = potemp90Cdiff: Potential Temperature, Diff, 2 - 1 [ITS-90, deg C]
# name 14 = c0S/m: Conductivity [S/m]
# name 15 = c1S/m: Conductivity, 2 [S/m]
# name 16 = C2-C1S/m: Conductivity Difference, 2 - 1 [S/m]
# name 17 = sal00: Salinity, Practical [PSU]
# name 18 = sal11: Salinity, Practical, 2 [PSU]
# name 19 = sbeox0ML/L: Oxygen, SBE 43 [ml/l]
# name 20 = sigma-é00: Density [sigma-theta, kg/m^3]
# name 21 = sigma-é11: Density, 2 [sigma-theta, kg/m^3]
# name 22 = nbf: Bottles Fired
# name 23 = flag:  0.000e+00
# interval = seconds: 0.0416667
# start_time = Nov 07 2023 17:35:19 [NMEA time, header]
# bad_flag = -9.990e-29
*END*
[from data line 3321]
      33155 311.748847  -62.14086  -58.44144      0.009    1448.48      3.092      3.062    -0.4701    -0.4720    -0.0019    -0.4702    -0.4721    -0.0019   2.810140   2.809856  -0.000283    34.2826    34.2810     7.5642    27.5499    27.5487         22  0.000e+00
      33156 311.748848  -62.14086  -58.44144      0.008    1448.48      3.092      3.062    -0.4702    -0.4718    -0.0016    -0.4703    -0.4719    -0.0016   2.810043   2.809851  -0.000192    34.2814    34.2807     7.5643    27.5490    27.5484         22  0.000e+00
      33157 311.748848  -62.14086  -58.44144      0.004    1448.48      3.092      3.062    -0.4699    -0.4720    -0.0021    -0.4700    -0.4721    -0.0021   2.810060   2.809873  -0.000187    34.2814    34.2812     7.5697    27.5489    27.5488         22  0.000e+00
      33158 311.748849  -62.14086  -58.44144      0.002    1448.48      3.092      3.062    -0.4694    -0.4712    -0.0018    -0.4695    -0.4713    -0.0018   2.810111   2.809879  -0.000232    34.2815    34.2804     7.5697    27.5490    27.5482         22  0.000e+00
      33159 311.748849  -62.14086  -58.44144      0.005    1448.48      3.092      3.062    -0.4694    -0.4712    -0.0018    -0.4695    -0.4713    -0.0018   2.810088   2.809896  -0.000193    34.2812    34.2806     7.5698    27.5488    27.5484         22  0.000e+00
      33160 311.748850  -62.14086  -58.44144     -0.000    1448.48      3.092      3.062    -0.4689    -0.4715    -0.0026    -0.4690    -0.4716    -0.0026   2.810014   2.809884  -0.000130    34.2796    34.2808     7.5698    27.5475    27.5485         22  0.000e+00
      33161 311.748850  -62.14086  -58.44144      0.005    1448.48      3.148      3.118    -0.4704    -0.4718    -0.0014    -0.4705    -0.4719    -0.0014   2.809831   2.809856   0.000025    34.2788    34.2807     7.5704    27.5468    27.5485         22  0.000e+00
      33162 311.748851  -62.14086  -58.44144     -0.003    1448.48      3.035      3.006    -0.4780    -0.4723     0.0057    -0.4781    -0.4723     0.0057   2.809363   2.809851   0.000488    34.2812    34.2812     7.5720    27.5491    27.5489         22  0.000e+00
      33163 311.748851  -62.14086  -58.44144      0.002    1448.48      3.148      3.118    -0.4870    -0.4724     0.0145    -0.4871    -0.4725     0.0145   2.808861   2.809834   0.000973    34.2845    34.2811     7.5741    27.5522    27.5488         22  0.000e+00
      33164 311.748852  -62.14088  -58.44144      0.001    1448.48      3.092      3.062    -0.4924    -0.4724     0.0200    -0.4925    -0.4725     0.0200   2.808587   2.809862   0.001275    34.2870    34.2816     7.5689    27.5545    27.5492         22  0.000e+00
      33165 311.748852  -62.14088  -58.44144     -0.000    1448.48      3.092      3.062    -0.4958    -0.4723     0.0235    -0.4959    -0.4724     0.0235   2.808392   2.809879   0.001486    34.2882    34.2816     7.5688    27.5556    27.5492         22  0.000e+00
      33166 311.748853  -62.14088  -58.44144     -0.002    1448.48      3.092      3.062    -0.4984    -0.4717     0.0268    -0.4985    -0.4718     0.0268   2.808227   2.809879   0.001652    34.2890    34.2809     7.5685    27.5563    27.5486         22  0.000e+00
      33167 311.748853  -62.14088  -58.44144     -0.003    1448.48      3.092      3.062    -0.5001    -0.4714     0.0288    -0.5002    -0.4715     0.0288   2.807964   2.809896   0.001931    34.2874    34.2808     7.5745    27.5551    27.5485         22  0.000e+00
      33168 311.748854  -62.14088  -58.44144     -0.004    1448.48      3.092      3.062    -0.5016    -0.4712     0.0304    -0.5016    -0.4713     0.0304   2.807844   2.809884   0.002040    34.2874    34.2805     7.5751    27.5552    27.5482         22  0.000e+00
      33169 311.748854  -62.14088  -58.44144     -0.002    1448.48      3.148      3.118    -0.5020    -0.4714     0.0306    -0.5021    -0.4715     0.0306   2.807776   2.809856   0.002080    34.2869    34.2803     7.5691    27.5548    27.5481         22  0.000e+00
      33170 311.748855  -62.14088  -58.44144     -0.000    1448.48      3.092      3.062    -0.5022    -0.4721     0.0300    -0.5023    -0.4722     0.0300   2.807662   2.809834   0.002172    34.2856    34.2808     7.5748    27.5538    27.5486         22  0.000e+00
      33171 311.748855  -62.14088  -58.44144     -0.002    1448.48      3.092      3.062    -0.5025    -0.4732     0.0293    -0.5026    -0.4733     0.0293   2.807627   2.809783   0.002156    34.2855    34.2814     7.5751    27.5537    27.5491         22  0.000e+00
      33172 311.748856  -62.14088  -58.44144     -0.003    1448.48      3.092      3.062    -0.5025    -0.4743     0.0282    -0.5026    -0.4744     0.0282   2.807627   2.809772   0.002144    34.2855    34.2824     7.5754    27.5537    27.5499         22  0.000e+00
      33173 311.748856  -62.14088  -58.44144     -0.002    1448.48      3.140      3.110    -0.5032    -0.4744     0.0287    -0.5032    -0.4745     0.0287   2.807565   2.809755   0.002190    34.2854    34.2824     7.5758    27.5536    27.5499         22  0.000e+00
      33174 311.748857  -62.14088  -58.44144     -0.003    1448.48      3.092      3.062    -0.5035    -0.4749     0.0286    -0.5036    -0.4750     0.0286   2.807587   2.809704   0.002117    34.2862    34.2822     7.5761    27.5543    27.5498         22  0.000e+00
      33175 311.748857  -62.14088  -58.44144     -0.004    1448.48      3.092      3.062    -0.5059    -0.4752     0.0307    -0.5060    -0.4753     0.0307   2.807502   2.809654   0.002152    34.2877    34.2819     7.5768    27.5556    27.5496         22  0.000e+00
      33176 311.748858  -62.14088  -58.44144     -0.006    1448.48      3.092      3.062    -0.5074    -0.4754     0.0320    -0.5075    -0.4755     0.0320   2.807308   2.809620   0.002312    34.2868    34.2816     7.5775    27.5550    27.5494         22  0.000e+00
      33177 311.748858  -62.14088  -58.44144     -0.001    1448.48      3.148      3.118    -0.5074    -0.4763     0.0312    -0.5075    -0.4764     0.0312   2.807165   2.809552   0.002387    34.2848    34.2817     7.5779    27.5534    27.5495         22  0.000e+00
      33178 311.748859  -62.14088  -58.44144     -0.002    1448.48      3.092      3.062    -0.5074    -0.4764     0.0309    -0.5075    -0.4765     0.0309   2.807148   2.809552   0.002404    34.2846    34.2819     7.5781    27.5532    27.5497         22  0.000e+00
      33179 311.748859  -62.14088  -58.44144     -0.003    1448.48      3.092      3.062    -0.5087    -0.4766     0.0321    -0.5088    -0.4767     0.0321   2.807131   2.809541   0.002410    34.2858    34.2820     7.5722    27.5543    27.5497         22  0.000e+00
      33180 311.748859  -62.14088  -58.44144     -0.005    1448.48      3.092      3.062    -0.5083    -0.4801     0.0282    -0.5084    -0.4802     0.0282   2.807142   2.809378   0.002236    34.2856    34.2837     7.5714    27.5540    27.5513         22  0.000e+00
      33181 311.748860  -62.14088  -58.44144     -0.003    1448.48      3.092      3.062    -0.5054    -0.4852     0.0202    -0.5055    -0.4853     0.0202   2.807325   2.809040   0.001716    34.2848    34.2850     7.5765    27.5532    27.5525         22  0.000e+00
      33182 311.748860  -62.14088  -58.44144     -0.001    1448.48      3.148      3.118    -0.5039    -0.4902     0.0137    -0.5040    -0.4903     0.0137   2.807508   2.808635   0.001128    34.2854    34.2851     7.5701    27.5537    27.5528         22  0.000e+00
      33183 311.748861  -62.14088  -58.44144     -0.003    1448.48      3.092      3.062    -0.5035    -0.4932     0.0103    -0.5036    -0.4933     0.0103   2.807530   2.808365   0.000835    34.2854    34.2850     7.5693    27.5537    27.5529         22  0.000e+00
      33184 311.748861  -62.14088  -58.44144     -0.001    1448.48      3.092      3.062    -0.5046    -0.4925     0.0121    -0.5047    -0.4926     0.0121   2.807462   2.808315   0.000853    34.2856    34.2834     7.5753    27.5539    27.5516         22  0.000e+00
      33185 311.748862  -62.14088  -58.44144     -0.002    1448.48      3.092      3.062    -0.5054    -0.4913     0.0141    -0.5055    -0.4914     0.0141   2.807445   2.808315   0.000870    34.2864    34.2821     7.5696    27.5546    27.5504         22  0.000e+00
      33186 311.748862  -62.14088  -58.44144     -0.003    1448.48      3.092      3.062    -0.5057    -0.4919     0.0138    -0.5058    -0.4920     0.0138   2.807359   2.808259   0.000899    34.2855    34.2820     7.5691    27.5539    27.5504         22  0.000e+00
      33187 311.748863  -62.14088  -58.44144     -0.001    1448.48      3.148      3.118    -0.5012    -0.4914     0.0098    -0.5013    -0.4915     0.0098   2.807593   2.808315   0.000722    34.2836    34.2822     7.5677    27.5521    27.5505         22  0.000e+00
      33188 311.748863  -62.14088  -58.44144     -0.006    1448.48      3.035      3.006    -0.4938    -0.4914     0.0024    -0.4939    -0.4915     0.0024   2.808130   2.808343   0.000213    34.2825    34.2826     7.5655    27.5509    27.5509         22  0.000e+00
      33189 311.748864  -62.14088  -58.44144     -0.001    1448.48      3.148      3.118    -0.4883    -0.4929    -0.0047    -0.4884    -0.4930    -0.0047   2.808410   2.808281  -0.000128    34.2799    34.2835     7.5640    27.5486    27.5516         22  0.000e+00
      33190 311.748864  -62.14088  -58.44144     -0.002    1448.48      3.092      3.062    -0.4809    -0.4942    -0.0133    -0.4810    -0.4943    -0.0133   2.808792   2.808163  -0.000629    34.2767    34.2833     7.5620    27.5456    27.5516         22  0.000e+00
      33191 311.748865  -62.14088  -58.44144      0.000    1448.48      3.092      3.062    -0.4792    -0.4945    -0.0153    -0.4793    -0.4946    -0.0153   2.808963   2.808107  -0.000857    34.2771    34.2829     7.5612    27.5459    27.5512         22  0.000e+00
      33192 311.748865  -62.14088  -58.44144     -0.001    1448.48      3.092      3.062    -0.4820    -0.4948    -0.0129    -0.4821    -0.4949    -0.0129   2.808803   2.808062  -0.000742    34.2781    34.2827     7.5615    27.5468    27.5511         22  0.000e+00
      33193 311.748866  -62.14088  -58.44144      0.001    1448.48      3.148      3.118    -0.4909    -0.4952    -0.0044    -0.4909    -0.4953    -0.0044   2.808244   2.808050  -0.000193    34.2806    34.2830     7.5633    27.5492    27.5513         22  0.000e+00
      33194 311.748866  -62.14088  -58.44144      0.002    1448.48      3.076      3.046    -0.4977    -0.4952     0.0024    -0.4978    -0.4953     0.0024   2.807719   2.808090   0.000371    34.2813    34.2835     7.5646    27.5501    27.5518         22  0.000e+00
      33195 311.748867  -62.14088  -58.44144      0.001    1448.48      3.092      3.062    -0.5028    -0.4948     0.0079    -0.5028    -0.4949     0.0079   2.807422   2.808084   0.000662    34.2830    34.2830     7.5591    27.5517    27.5513         22  0.000e+00
      33196 311.748867  -62.14088  -58.44144     -0.000    1448.48      3.092      3.062    -0.5075    -0.4944     0.0132    -0.5076    -0.4945     0.0132   2.807154   2.808095   0.000942    34.2848    34.2826     7.5654    27.5534    27.5510         22  0.000e+00
      33197 311.748868  -62.14088  -58.44144     -0.001    1448.48      3.092      3.062    -0.5115    -0.4948     0.0167    -0.5116    -0.4949     0.0167   2.806908   2.808107   0.001199    34.2860    34.2832     7.5663    27.5545    27.5515         22  0.000e+00
      33198 311.748868  -62.14088  -58.44144     -0.002    1448.48      3.092      3.062    -0.5119    -0.4948     0.0171    -0.5120    -0.4949     0.0171   2.806794   2.808124   0.001330    34.2850    34.2835     7.5664    27.5537    27.5518         22  0.000e+00
      33199 311.748869  -62.14088  -58.44144     -0.000    1448.48      3.092      3.062    -0.5108    -0.4947     0.0162    -0.5109    -0.4947     0.0162   2.806914   2.808129   0.001215    34.2854    34.2834     7.5662    27.5540    27.5517         22  0.000e+00
      33200 311.748869  -62.14088  -58.44144     -0.004    1448.48      3.035      3.006    -0.5094    -0.4939     0.0155    -0.5095    -0.4940     0.0155   2.807102   2.808152   0.001049    34.2863    34.2829     7.5658    27.5547    27.5512         22  0.000e+00
      33201 311.748870  -62.14088  -58.44144     -0.005    1448.48      3.092      3.062    -0.4971    -0.4937     0.0033    -0.4972    -0.4938     0.0033   2.807690   2.808197   0.000507    34.2802    34.2832     7.5634    27.5492    27.5515         22  0.000e+00
      33202 311.748870  -62.14088  -58.44144     -0.007    1448.48      3.092      3.062    -0.4913    -0.4936    -0.0023    -0.4914    -0.4937    -0.0023   2.808244   2.808230  -0.000013    34.2811    34.2836     7.5622    27.5497    27.5517         22  0.000e+00
      33203 311.748871  -62.14088  -58.44144     -0.005    1448.48      3.092      3.062    -0.4862    -0.4932    -0.0071    -0.4863    -0.4933    -0.0071   2.808449   2.808259  -0.000191    34.2781    34.2835     7.5614    27.5470    27.5517         22  0.000e+00
      33204 311.748871  -62.14088  -58.44144     -0.005    1448.48      3.092      3.062    -0.4814    -0.4937    -0.0123    -0.4815    -0.4938    -0.0123   2.808655   2.808219  -0.000436    34.2755    34.2835     7.5596    27.5446    27.5517         22  0.000e+00
      33205 311.748872  -62.14088  -58.44144     -0.006    1448.48      3.092      3.062    -0.4803    -0.4947    -0.0144    -0.4804    -0.4947    -0.0144   2.808741   2.808135  -0.000606    34.2753    34.2835     7.5585    27.5445    27.5517         22  0.000e+00
      33206 311.748872  -62.14088  -58.44144     -0.010    1448.48      3.036      3.006    -0.4806    -0.4952    -0.0146    -0.4807    -0.4953    -0.0146   2.808803   2.808062  -0.000742    34.2766    34.2832     7.5588    27.5455    27.5515         22  0.000e+00
      33207 311.748872  -62.14088  -58.44144     -0.011    1448.48      3.092      3.062    -0.4807    -0.4954    -0.0148    -0.4808    -0.4955    -0.0148   2.808901   2.808034  -0.000867    34.2779    34.2830     7.5654    27.5466    27.5513         22  0.000e+00
      33208 311.748873  -62.14088  -58.44144     -0.011    1448.48      3.092      3.062    -0.4814    -0.4952    -0.0138    -0.4815    -0.4953    -0.0138   2.808986   2.808045  -0.000941    34.2799    34.2829     7.5604    27.5483    27.5513         22  0.000e+00
      33209 311.748873  -62.14088  -58.44144     -0.015    1448.48      3.036      3.006    -0.4832    -0.4955    -0.0123    -0.4833    -0.4956    -0.0123   2.808992   2.808017  -0.000975    34.2821    34.2829     7.5610    27.5501    27.5513         22  0.000e+00
      33210 311.748874  -62.14088  -58.44144     -0.012    1448.48      3.092      3.062    -0.4817    -0.4965    -0.0148    -0.4818    -0.4966    -0.0148   2.809180   2.807955  -0.001225    34.2829    34.2831     7.5674    27.5506    27.5515         22  0.000e+00
      33211 311.748874  -62.14088  -58.44144     -0.020    1448.48      3.036      3.006    -0.4786    -0.4972    -0.0186    -0.4787    -0.4973    -0.0186   2.809329   2.807944  -0.001385    34.2814    34.2839     7.5617    27.5493    27.5522         22  0.000e+00
      33212 311.748875  -62.14088  -58.44144     -0.016    1448.48      3.092      3.062    -0.4778    -0.4970    -0.0191    -0.4779    -0.4970    -0.0191   2.809420   2.807927  -0.001493    34.2817    34.2833     7.5620    27.5495    27.5517         22  0.000e+00
      33213 311.748875  -62.14088  -58.44144     -0.020    1448.48      3.036      3.006    -0.4776    -0.4968    -0.0192    -0.4777    -0.4969    -0.0192   2.809534   2.807960  -0.001574    34.2831    34.2836     7.5676    27.5506    27.5519         22  0.000e+00
      33214 311.748876  -62.14088  -58.44144     -0.021    1448.48      3.076      3.046    -0.4759    -0.4967    -0.0207    -0.4760    -0.4967    -0.0207   2.809609   2.807955  -0.001654    34.2821    34.2833     7.5677    27.5498    27.5517         22  0.000e+00
