Pos-Processados/process_op42/operantar42_017.cnv
* Sea-Bird SBE 9 Data File:
* FileName = C:\Users\Hidrografia\Desktop\OPXLII\Brutos\OP42017.hdr
* Software Version Seasave V 7.26.7.107
* Temperature SN = 6502
* Conductivity SN = 4998
* Number of Bytes Per Scan = 37
* Number of Voltage Words = 4
* Number of Scans Averaged by the Deck Unit = 1
* NMEA Latitude = 62 11.60 S
* NMEA Longitude = 058 03.21 W
* NMEA UTC (Time) = Nov 07 2023 10:12:31
* NMEA baud rate = 4800
** H41
** NPOALTEMAXIMIANO
** NUMERO DA ESTACAO (XXX) 017
** LAT (XX XX.XX S/N) 62 11.58 S
** LONG (XXX XX.XX W/E) 058 03.19 W
** DATAHORA (dd/mm/aaaa hh:mm Z) 07/11/2023 1011Z
** PROFUNDIDADE (m) 523
** OPERADOR CT FABIREZA
# nquan = 30
# nvalues = 1046                        
# units = specified
# name 0 = scan: Scan Count
# name 1 = timeJ: Julian Days
# name 2 = latitude: Latitude [deg]
# name 3 = longitude: Longitude [deg]
# name 4 = dz/dtM: Descent Rate [m/s]
# name 5 = avgsvCM: Average Sound Velocity [Chen-Millero, m/s]
# name 6 = prDM: Pressure, Digiquartz [db]
# name 7 = depSM: Depth [salt water, m]
# name 8 = t090C: Temperature [ITS-90, deg C]
# name 9 = t190C: Temperature, 2 [ITS-90, deg C]
# name 10 = T2-T190C: Temperature Difference, 2 - 1 [ITS-90, deg C]
# name 11 = potemp090C: Potential Temperature [ITS-90, deg C]
# name 12 = potemp190C: Potential Temperature, 2 [ITS-90, deg C]
# name 13 = potemp90Cdiff: Potential Temperature, Diff, 2 - 1 [ITS-90, deg C]
# name 14 = c0S/m: Conductivity [S/m]
# name 15 = c1S/m: Conductivity, 2 [S/m]
# name 16 = C2-C1S/m: Conductivity Difference, 2 - 1 [S/m]
# name 17 = sal00: Salinity, Practical [PSU]
# name 18 = sal11: Salinity, Practical, 2 [PSU]
# name 19 = sbeox0ML/L: Oxygen, SBE 43 [ml/l]
# name 20 = sigma-é00: Density [sigma-theta, kg/m^3]
# name 21 = sigma-é11: Density, 2 [sigma-theta, kg/m^3]
# name 22 = sal00: Salinity, Practical [PSU]
# name 23 = sigma-é00: Density [sigma-theta, kg/m^3]
# name 24 = svCM: Sound Velocity [Chen-Millero, m/s]
# name 25 = svCM1: Sound Velocity, 2 [Chen-Millero, m/s]
# name 26 = gsw_ptA0: potential temperature [ITS-90, deg C]
# name 27 = gsw_densityA0: density, TEOS-10 [density, kg/m^3]
# name 28 = gsw_saA0: Absolute Salinity [g/kg]
# name 29 = flag:
# span 0 =       2751,      41257       
# span 1 = 311.426685, 311.445255       
# span 2 =  -62.20165,  -62.19390       
# span 3 =  -58.05337,  -58.04837       
# span 4 =     -1.104,      1.085       
# span 5 =       0.00,    1449.99       
# span 6 =      2.000,    525.000       
# span 7 =      1.998,    519.299       
# span 8 =    -0.6752,    -0.1261       
# span 9 =    -0.6746,    -0.1259       
# span 10 =    -0.0251,     0.0391      
# span 11 =    -0.6759,    -0.1418      
# span 12 =    -0.6753,    -0.1416      
# span 13 =    -0.0250,     0.0389      
# span 14 =   2.793730,   2.871334      
# span 15 =   2.793716,   2.871246      
# span 16 =  -0.002222,   0.002474      
# span 17 =    34.2663,    34.4689      
# span 18 =    34.2652,    34.4655      
# span 19 =     6.0167,     7.6606      
# span 20 =    27.5441,    27.6998      
# span 21 =    27.5433,    27.6964      
# span 22 =    34.2664,    34.4664      
# span 23 =    27.5441,    27.6970      
# span 24 =    1445.24,    1454.74      
# span 25 =    1445.24,    1454.75      
# span 26 =    -0.6759,    -0.1416      
# span 27 =  1027.5571,  1030.1999      
# span 28 =    34.4291,    34.6347      
# span 29 = 0.0000e+00, 0.0000e+00      
# interval = decibars: 1                
# start_time = Nov 07 2023 10:12:31 [NMEA time, header]
# bad_flag = -9.990e-29
*END*
[from data line 436]
      15782 311.432969  -62.19640  -58.05244      0.825    1449.10    439.000    434.326    -0.2762    -0.2725     0.0037    -0.2922    -0.2885     0.0037   2.859591   2.859826   0.000209    34.4633    34.4619     6.1212    27.6877    27.6864    34.4600    27.6850    1454.30    1454.31    -0.2919  1029.7775    34.6287 0.0000e+00
      15811 311.432983  -62.19641  -58.05244      0.832    1449.10    440.000    435.314    -0.2878    -0.2892    -0.0014    -0.3038    -0.3052    -0.0014   2.858492   2.858420  -0.000094    34.4604    34.4608     6.1270    27.6859    27.6862    34.4579    27.6839    1454.25    1454.25    -0.3035  1029.7812    34.6266 0.0000e+00
      15837 311.432996  -62.19642  -58.05244      0.885    1449.10    441.000    436.302    -0.2603    -0.2600     0.0003    -0.2765    -0.2762     0.0003   2.861003   2.861095   0.000129    34.4584    34.4597     6.1356    27.6829    27.6840    34.4597    27.6840    1454.40    1454.41    -0.2762  1029.7857    34.6285 0.0000e+00
      15861 311.433007  -62.19642  -58.05244      0.962    1449.10    442.000    437.291    -0.2334    -0.2328     0.0006    -0.2497    -0.2491     0.0006   2.863645   2.863652   0.000021    34.4614    34.4610     6.1575    27.6841    27.6837    34.4640    27.6862    1454.55    1454.55    -0.2494  1029.7922    34.6327 0.0000e+00
      15886 311.433019  -62.19642  -58.05244      0.984    1449.10    443.000    438.279    -0.2158    -0.2147     0.0011    -0.2322    -0.2311     0.0011   2.865181   2.865227   0.000061    34.4628    34.4623     6.1759    27.6844    27.6839    34.4641    27.6854    1454.65    1454.65    -0.2320  1029.7959    34.6328 0.0000e+00
      15914 311.433033  -62.19642  -58.05244      0.890    1449.10    444.000    439.267    -0.2111    -0.2118    -0.0007    -0.2275    -0.2282    -0.0007   2.865669   2.865568  -0.000095    34.4641    34.4636     6.1702    27.6851    27.6848    34.4646    27.6856    1454.69    1454.68    -0.2273  1029.8001    34.6325 0.0000e+00
      15945 311.433048 -9.990e-29 -9.990e-29      0.793    1449.10    445.000    440.255    -0.2424    -0.2424     0.0001    -0.2588    -0.2588     0.0001   2.863078   2.862826  -0.000251    34.4689    34.4655     6.1406    27.6906    27.6878    34.4649    27.6873    1454.56    1454.55    -0.2586  1029.8051    34.6304 0.0000e+00
      15976 311.433063 -9.990e-29 -9.990e-29      0.774    1449.10    446.000    441.243    -0.2885    -0.2844     0.0042    -0.3048    -0.3006     0.0042   2.859126   2.859236   0.000057    34.4674    34.4635     6.1051    27.6916    27.6883    34.4636    27.6885    1454.36    1454.37    -0.3045  1029.8116    34.6291 0.0000e+00
      16005 311.433077 -9.990e-29 -9.990e-29      0.807    1449.10    447.000    442.231    -0.3094    -0.3057     0.0038    -0.3256    -0.3219     0.0037   2.857177   2.857314   0.000112    34.4640    34.4612     6.0937    27.6898    27.6874    34.4606    27.6871    1454.27    1454.29    -0.3254  1029.8153    34.6261 0.0000e+00
      16031 311.433089  -62.19644  -58.05242      0.880    1449.10    448.000    443.220    -0.3208    -0.3168     0.0040    -0.3370    -0.3330     0.0040   2.856157   2.856337   0.000225    34.4629    34.4613     6.1254    27.6895    27.6881    34.4592    27.6866    1454.23    1454.25    -0.3368  1029.8219    34.6276 0.0000e+00
      16057 311.433102  -62.19645  -58.05242      0.933    1449.10    449.000    444.208    -0.3503    -0.3499     0.0005    -0.3665    -0.3660     0.0005   2.853528   2.853491  -0.000033    34.4622    34.4613     6.1505    27.6903    27.6896    34.4568    27.6860    1454.11    1454.11    -0.3662  1029.8268    34.6256 0.0000e+00
      16084 311.433115  -62.19646  -58.05242      0.905    1449.10    450.000    445.196    -0.3738    -0.3707     0.0031    -0.3899    -0.3868     0.0031   2.851522   2.851674   0.000157    34.4605    34.4591     6.1805    27.6901    27.6888    34.4560    27.6864    1454.02    1454.03    -0.3896  1029.8323    34.6247 0.0000e+00
      16116 311.433130  -62.19646  -58.05242      0.788    1449.10    451.000    446.185    -0.4009    -0.3991     0.0018    -0.4169    -0.4151     0.0018   2.849207   2.849160  -0.000037    34.4599    34.4574     6.2137    27.6909    27.6887    34.4551    27.6870    1453.91    1453.91    -0.4167  1029.8380    34.6238 0.0000e+00
      16147 311.433145  -62.19647  -58.05242      0.754    1449.10    452.000    447.173    -0.3944    -0.3927     0.0018    -0.4105    -0.4088     0.0017   2.849597   2.849756   0.000146    34.4549    34.4548     6.2475    27.6865    27.6864    34.4524    27.6845    1453.95    1453.96    -0.4102  1029.8401    34.6211 0.0000e+00
      16175 311.433159  -62.19648  -58.05242      0.825    1449.10    453.000    448.161    -0.3910    -0.3909     0.0000    -0.4071    -0.4071     0.0000   2.850004   2.849994  -0.000005    34.4550    34.4548     6.2547    27.6864    27.6863    34.4533    27.6850    1453.98    1453.98    -0.4068  1029.8454    34.6220 0.0000e+00
      16201 311.433171  -62.19648  -58.05242      0.894    1449.10    454.000    449.150    -0.3852    -0.3849     0.0003    -0.4014    -0.4011     0.0003   2.850610   2.850581   0.000014    34.4552    34.4550     6.2747    27.6863    27.6862    34.4543    27.6856    1454.03    1454.03    -0.4012  1029.8506    34.6230 0.0000e+00
      16229 311.433185  -62.19650  -58.05242      0.902    1449.10    455.000    450.138    -0.3738    -0.3701     0.0037    -0.3901    -0.3864     0.0037   2.851663   2.851969   0.000270    34.4554    34.4548     6.2890    27.6859    27.6853    34.4548    27.6855    1454.10    1454.12    -0.3898  1029.8551    34.6236 0.0000e+00
      16262 311.433201  -62.19650  -58.05240      0.749    1449.10    456.000    451.126    -0.3633    -0.3631     0.0002    -0.3797    -0.3795     0.0002   2.852656   2.852673   0.000020    34.4556    34.4556     6.2893    27.6856    27.6856    34.4557    27.6857    1454.16    1454.17    -0.3794  1029.8599    34.6244 0.0000e+00
      16295 311.433217  -62.19650  -58.05240      0.712    1449.10    457.000    452.114    -0.3396    -0.3424    -0.0028    -0.3561    -0.3589    -0.0028   2.854866   2.854622  -0.000238    34.4556    34.4556     6.2694    27.6845    27.6847    34.4578    27.6863    1454.29    1454.28    -0.3558  1029.8648    34.6265 0.0000e+00
      16324 311.433231  -62.19650  -58.05240      0.810    1449.10    458.000    453.102    -0.3422    -0.3402     0.0020    -0.3587    -0.3567     0.0020   2.854822   2.854839   0.000021    34.4605    34.4585     6.2506    27.6886    27.6869    34.4595    27.6878    1454.30    1454.31    -0.3585  1029.8682    34.6247 0.0000e+00
      16352 311.433244 -9.990e-29  -58.05240      0.843    1449.10    459.000    454.090    -0.3484    -0.3462     0.0022    -0.3650    -0.3628     0.0022   2.854388   2.854436   0.000043    34.4601    34.4582     6.2374    27.6886    27.6869    34.4602    27.6886    1454.29    1454.30    -0.3647  1029.8717    34.6227 0.0000e+00
      16383 311.433259 -9.990e-29  -58.05240      0.806    1449.10    460.000    455.079    -0.3486    -0.3464     0.0022    -0.3652    -0.3630     0.0022   2.854368   2.854433   0.000049    34.4598    34.4579     6.2269    27.6883    27.6867    34.4595    27.6882    1454.30    1454.31    -0.3649  1029.8760    34.6220 0.0000e+00
      16415 311.433274  -62.19652  -58.05240      0.756    1449.10    461.000    456.067    -0.3480    -0.3481    -0.0000    -0.3647    -0.3647    -0.0000   2.854432   2.854348  -0.000066    34.4589    34.4581     6.2162    27.6876    27.6869    34.4592    27.6878    1454.32    1454.32    -0.3644  1029.8823    34.6241 0.0000e+00
      16446 311.433290  -62.19652 -9.990e-29      0.751    1449.10    462.000    457.055    -0.3460    -0.3465    -0.0004    -0.3627    -0.3631    -0.0004   2.854610   2.854521  -0.000080    34.4587    34.4580     6.2060    27.6873    27.6868    34.4587    27.6873    1454.35    1454.34    -0.3624  1029.8916    34.6300 0.0000e+00
      16475 311.433304  -62.19654 -9.990e-29      0.805    1449.10    463.000    458.043    -0.3393    -0.3431    -0.0038    -0.3560    -0.3598    -0.0038   2.855212   2.854878  -0.000306    34.4573    34.4575     6.2091    27.6858    27.6862    34.4585    27.6868    1454.39    1454.38    -0.3558  1029.8957    34.6297 0.0000e+00
      16502 311.433317  -62.19654 -9.990e-29      0.872    1449.10    464.000    459.031    -0.3395    -0.3382     0.0013    -0.3562    -0.3550     0.0013   2.855050   2.855248   0.000169    34.4566    34.4574     6.2160    27.6853    27.6859    34.4560    27.6848    1454.41    1454.41    -0.3560  1029.8984    34.6271 0.0000e+00
      16529 311.433330  -62.19654  -58.05238      0.893    1449.10    465.000    460.020    -0.3407    -0.3404     0.0003    -0.3575    -0.3572     0.0003   2.855171   2.855151  -0.000032    34.4576    34.4569     6.2348    27.6862    27.6857    34.4583    27.6868    1454.42    1454.42    -0.3572  1029.9036    34.6276 0.0000e+00
      16558 311.433343  -62.19655  -58.05238      0.856    1449.10    466.000    461.008    -0.3574    -0.3575    -0.0001    -0.3742    -0.3743    -0.0001   2.853346   2.853472   0.000113    34.4556    34.4573     6.2219    27.6854    27.6867    34.4523    27.6827    1454.35    1454.35    -0.3739  1029.9041    34.6210 0.0000e+00
      16590 311.433359  -62.19656  -58.05238      0.773    1449.10    467.000    461.996    -0.4365    -0.3975     0.0391    -0.4531    -0.4142     0.0389   2.847393   2.849976   0.002474    34.4689    34.4579     6.2247    27.6998    27.6891    34.4615    27.6938    1454.01    1454.18    -0.4528  1029.9210    34.6302 0.0000e+00
      16624 311.433375  -62.19656  -58.05238      0.720    1449.10    468.000    462.984    -0.4434    -0.4542    -0.0108    -0.4599    -0.4707    -0.0108   2.846349   2.845374  -0.000851    34.4551    34.4560     6.2171    27.6890    27.6902    34.4546    27.6886    1453.99    1453.93    -0.4596  1029.9207    34.6234 0.0000e+00
      16659 311.433392  -62.19657  -58.05238      0.688    1449.10    469.000    463.972    -0.4483    -0.4405     0.0079    -0.4649    -0.4571     0.0078   2.845596   2.846339   0.000692    34.4534    34.4538     6.2579    27.6878    27.6878    34.4495    27.6847    1453.97    1454.01    -0.4646  1029.9216    34.6183 0.0000e+00
      16695 311.433410  -62.19658  -58.05236      0.657    1449.66    470.000    464.961    -0.4565    -0.4513     0.0052    -0.4730    -0.4679     0.0051   2.845140   2.845517   0.000355    34.4550    34.4540     6.3144    27.6895    27.6884    34.4520    27.6871    1453.96    1453.98    -0.4727  1029.9289    34.6208 0.0000e+00
      16726 311.433424  -62.19658  -58.05236      0.742    1449.67    471.000    465.949    -0.4682    -0.4641     0.0041    -0.4848    -0.4807     0.0041   2.844404   2.844528   0.000107    34.4563    34.4531     6.3256    27.6911    27.6883    34.4549    27.6899    1453.92    1453.94    -0.4845  1029.9366    34.6237 0.0000e+00
      16753 311.433437  -62.19659  -58.05236      0.849    1449.67    472.000    466.937    -0.4563    -0.4582    -0.0019    -0.4729    -0.4748    -0.0019   2.845261   2.844971  -0.000180    34.4537    34.4534     6.3237    27.6885    27.6883    34.4522    27.6873    1453.99    1453.98    -0.4726  1029.9385    34.6210 0.0000e+00
      16777 311.433449  -62.19660  -58.05236      0.952    1449.67    473.000    467.925    -0.4710    -0.4706     0.0005    -0.4877    -0.4872     0.0005   2.844017   2.843963  -0.000129    34.4544    34.4522     6.3333    27.6897    27.6878    34.4517    27.6875    1453.94    1453.94    -0.4874  1029.9437    34.6204 0.0000e+00
      16803 311.433462  -62.19660  -58.05236      0.961    1449.67    474.000    468.913    -0.4708    -0.4705     0.0004    -0.4875    -0.4872     0.0003   2.844051   2.844045  -0.000017    34.4526    34.4520     6.3338    27.6882    27.6877    34.4513    27.6872    1453.95    1453.95    -0.4872  1029.9481    34.6201 0.0000e+00
      16835 311.433477  -62.19660  -58.05236      0.803    1449.67    475.000    469.901    -0.4719    -0.4707     0.0011    -0.4886    -0.4874     0.0012   2.844005   2.844026   0.000052    34.4524    34.4518     6.3353    27.6881    27.6875    34.4513    27.6872    1453.96    1453.97    -0.4883  1029.9529    34.6200 0.0000e+00
      16876 311.433497  -62.19661  -58.05235      0.606    1449.67    476.000    470.889    -0.4710    -0.4708     0.0002    -0.4877    -0.4875     0.0002   2.844111   2.844079  -0.000021    34.4523    34.4517     6.3443    27.6879    27.6875    34.4511    27.6870    1453.98    1453.99    -0.4874  1029.9574    34.6198 0.0000e+00
      16916 311.433516  -62.19662  -58.05234      0.578    1449.67    477.000    471.877    -0.4722    -0.4711     0.0011    -0.4889    -0.4879     0.0011   2.844102   2.844091  -0.000012    34.4522    34.4509     6.3380    27.6880    27.6868    34.4517    27.6875    1454.00    1454.00    -0.4887  1029.9627    34.6204 0.0000e+00
      16947 311.433531  -62.19662  -58.05234      0.727    1449.67    478.000    472.866    -0.4788    -0.4771     0.0016    -0.4956    -0.4939     0.0016   2.843511   2.843520   0.000015    34.4525    34.4509     6.3508    27.6885    27.6871    34.4507    27.6870    1453.98    1453.99    -0.4953  1029.9670    34.6194 0.0000e+00
      16976 311.433545  -62.19664  -58.05234      0.834    1449.67    479.000    473.854    -0.4812    -0.4822    -0.0010    -0.4980    -0.4990    -0.0010   2.843364   2.843173  -0.000187    34.4509    34.4495     6.3533    27.6873    27.6862    34.4508    27.6872    1453.99    1453.98    -0.4977  1029.9720    34.6195 0.0000e+00
      17006 311.433560  -62.19664  -58.05234      0.807    1449.67    480.000    474.842    -0.4799    -0.4774     0.0025    -0.4968    -0.4943     0.0025   2.843437   2.843567   0.000128    34.4511    34.4500     6.3480    27.6874    27.6864    34.4498    27.6864    1454.01    1454.02    -0.4965  1029.9758    34.6185 0.0000e+00
      17042 311.433577  -62.19664  -58.05234      0.696    1449.67    481.000    475.830    -0.4927    -0.4916     0.0011    -0.5096    -0.5085     0.0011   2.842374   2.842354  -0.000019    34.4505    34.4490     6.3471    27.6875    27.6863    34.4494    27.6866    1453.96    1453.97    -0.5093  1029.9810    34.6182 0.0000e+00
      17086 311.433598  -62.19666  -58.05234      0.553    1449.67    482.000    476.818    -0.4902    -0.4901     0.0001    -0.5071    -0.5070     0.0001   2.842539   2.842545   0.000007    34.4487    34.4487     6.3446    27.6859    27.6859    34.4481    27.6855    1453.99    1453.99    -0.5068  1029.9846    34.6169 0.0000e+00
      17134 311.433621  -62.19666  -58.05233      0.496    1449.67    483.000    477.806    -0.4877    -0.4869     0.0007    -0.5046    -0.5039     0.0007   2.842808   2.842840   0.000025    34.4487    34.4482     6.3708    27.6858    27.6854    34.4483    27.6855    1454.02    1454.02    -0.5043  1029.9893    34.6170 0.0000e+00
      17183 311.433645  -62.19668  -58.05232      0.493    1449.67    484.000    478.793    -0.4837    -0.4829     0.0009    -0.5007    -0.4999     0.0009   2.843225   2.843259   0.000047    34.4486    34.4482     6.3680    27.6856    27.6852    34.4488    27.6858    1454.05    1454.06    -0.5004  1029.9943    34.6176 0.0000e+00
      17247 311.433676  -62.19668  -58.05232      0.358    1449.67    485.000    479.783    -0.4772    -0.4772 -3.147e-07    -0.4942    -0.4942     0.0000   2.843867   2.843789  -0.000096    34.4494    34.4481     6.3600    27.6859    27.6849    34.4494    27.6859    1454.10    1454.10    -0.4940  1029.9990    34.6182 0.0000e+00
