Pos-Processados/process_op42/operantar42_009.ros
* Sea-Bird SBE 9 Data File:
* FileName = C:\Users\Hidrografia\Desktop\OPXLII\Brutos\OP42009.hdr
* Software Version Seasave V 7.26.7.107
* Temperature SN = 6502
* Conductivity SN = 4998
* Number of Bytes Per Scan = 31
* Number of Voltage Words = 2
* Number of Scans Averaged by the Deck Unit = 1
* NMEA Latitude = 43 19.24 S
* NMEA Longitude = 055 32.42 W
* NMEA UTC (Time) = Oct 18 2023 16:32:08
* NMEA baud rate = 4800
** H41
** NPOALTEMAXIMIANO
** NUMERO DA ESTACAO (XXX) 009
** LAT (XX XX.XX S/N) 43 19.058 S
** LONG (XXX XX.XX W/E) 055 32.32 W
** DATAHORA (dd/mm/aaaa hh:mm Z) 18/10/2023 1631Z
** PROFUNDIDADE (m) 5145
** OPERADOR CT FABIREZA
# nquan = 24
# nvalues = 3657                                  
# units = specified
# name 0 = scan: Scan Count
# name 1 = timeJ: Julian Days
# name 2 = latitude: Latitude [deg]
# name 3 = longitude: Longitude [deg]
# name 4 = dz/dtM: Descent Rate [m/s]
# name 5 = avgsvCM: Average Sound Velocity [Chen-Millero, m/s]
# name 6 = prDM: Pressure, Digiquartz [db]
# name 7 = depSM: Depth [salt water, m]
# name 8 = t090C: Temperature [ITS-90, deg C]
# name 9 = t190C: Temperature, 2 [ITS-90, deg C]
# name 10 = T2-T190C: Temperature Difference, 2 - 1 [ITS-90, deg C]
# name 11 = potemp090C: Potential Temperature [ITS-90, deg C]
# name 12 = potemp190C: Potential Temperature, 2 [ITS-90, deg C]
# name 13 = potemp90Cdiff: Potential Temperature, Diff, 2 - 1 [ITS-90, deg C]
# name 14 = c0S/m: Conductivity [S/m]
# name 15 = c1S/m: Conductivity, 2 [S/m]
# name 16 = C2-C1S/m: Conductivity Difference, 2 - 1 [S/m]
# name 17 = sal00: Salinity, Practical [PSU]
# name 18 = sal11: Salinity, Practical, 2 [PSU]
# name 19 = sbeox0ML/L: Oxygen, SBE 43 [ml/l]
# name 20 = sigma-é00: Density [sigma-theta, kg/m^3]
# name 21 = sigma-é11: Density, 2 [sigma-theta, kg/m^3]
# name 22 = nbf: Bottles Fired
# name 23 = flag:  0.000e+00
# interval = seconds: 0.0416667
# start_time = Oct 18 2023 16:32:08 [NMEA time, header]
# bad_flag = -9.990e-29
*END*
[from data line 1148]
      63440 291.719575  -43.32952  -55.54532      0.033    1481.75     40.488     40.161    12.6167    12.6171     0.0005    12.6113    12.6117     0.0005   4.082885   4.082630  -0.000255    35.2091    35.2063     5.8858    26.6326    26.6302          7  0.000e+00
      63441 291.719576  -43.32952  -55.54532      0.035    1481.75     40.488     40.161    12.6170    12.6171     0.0001    12.6115    12.6116     0.0001   4.082773   4.082610  -0.000163    35.2078    35.2062     5.8856    26.6315    26.6302          7  0.000e+00
      63442 291.719576  -43.32952  -55.54532      0.038    1481.75     40.512     40.185    12.6165    12.6173     0.0008    12.6111    12.6119     0.0008   4.082628   4.082578  -0.000050    35.2068    35.2056     5.8854    26.6308    26.6297          7  0.000e+00
      63443 291.719577  -43.32952  -55.54532      0.045    1481.75     40.552     40.225    12.6165    12.6171     0.0006    12.6110    12.6116     0.0006   4.082536   4.082591   0.000055    35.2060    35.2059     5.8852    26.6302    26.6300          7  0.000e+00
      63444 291.719577  -43.32952  -55.54532      0.046    1481.75     40.488     40.162    12.6164    12.6169     0.0005    12.6109    12.6114     0.0005   4.082621   4.082545  -0.000076    35.2069    35.2057     5.8891    26.6309    26.6299          7  0.000e+00
      63445 291.719578  -43.32952  -55.54532      0.047    1481.75     40.552     40.225    12.6161    12.6166     0.0005    12.6107    12.6112     0.0005   4.082740   4.082532  -0.000208    35.2082    35.2058     5.8854    26.6320    26.6300          7  0.000e+00
      63446 291.719578  -43.32952  -55.54532      0.055    1481.75     40.552     40.225    12.6155    12.6169     0.0013    12.6101    12.6114     0.0013   4.082674   4.082500  -0.000174    35.2082    35.2053     5.8855    26.6321    26.6295          8  0.000e+00
      63447 291.719579  -43.32952  -55.54532      0.057    1481.75     40.512     40.186    12.6155    12.6163     0.0008    12.6100    12.6108     0.0008   4.082522   4.082467  -0.000055    35.2068    35.2055     5.8852    26.6310    26.6298          8  0.000e+00
      63448 291.719579  -43.32952  -55.54532      0.058    1481.75     40.552     40.226    12.6150    12.6160     0.0010    12.6096    12.6106     0.0010   4.082377   4.082461   0.000084    35.2058    35.2056     5.8938    26.6303    26.6300          8  0.000e+00
      63449 291.719579  -43.32952  -55.54532      0.062    1481.75     40.553     40.226    12.6146    12.6159     0.0013    12.6092    12.6105     0.0013   4.082318   4.082428   0.000110    35.2056    35.2054     5.8905    26.6302    26.6298          8  0.000e+00
      63450 291.719580  -43.32952  -55.54532      0.065    1481.75     40.553     40.226    12.6146    12.6160     0.0014    12.6092    12.6106     0.0014   4.082410   4.082448   0.000038    35.2065    35.2055     5.8905    26.6309    26.6299          8  0.000e+00
      63451 291.719580  -43.32952  -55.54532      0.068    1481.75     40.553     40.226    12.6143    12.6159     0.0015    12.6089    12.6104     0.0015   4.082582   4.082402  -0.000180    35.2084    35.2053     5.8904    26.6325    26.6297          8  0.000e+00
      63452 291.719581  -43.32952  -55.54532      0.077    1481.75     40.569     40.242    12.6141    12.6159     0.0018    12.6087    12.6105     0.0018   4.082476   4.082448  -0.000028    35.2076    35.2056     5.8908    26.6319    26.6300          8  0.000e+00
      63453 291.719581  -43.32952  -55.54532      0.076    1481.75     40.609     40.282    12.6135    12.6160     0.0026    12.6080    12.6106     0.0026   4.082364   4.082428   0.000064    35.2071    35.2053     5.8871    26.6316    26.6297          8  0.000e+00
      63454 291.719582  -43.32952  -55.54532      0.081    1481.75     40.553     40.226    12.6134    12.6158     0.0024    12.6080    12.6104     0.0024   4.082206   4.082448   0.000242    35.2056    35.2057     5.8866    26.6305    26.6301          8  0.000e+00
      63455 291.719582  -43.32952  -55.54532      0.082    1481.75     40.609     40.282    12.6135    12.6159     0.0024    12.6080    12.6104     0.0024   4.082219   4.082409   0.000190    35.2057    35.2053     5.8866    26.6305    26.6298          8  0.000e+00
      63456 291.719583  -43.32952  -55.54532      0.087    1481.75     40.609     40.282    12.6132    12.6156     0.0025    12.6077    12.6102     0.0025   4.082338   4.082415   0.000078    35.2071    35.2056     5.8903    26.6317    26.6300          8  0.000e+00
      63457 291.719583  -43.32952  -55.54532      0.093    1481.75     40.625     40.298    12.6131    12.6155     0.0024    12.6077    12.6101     0.0024   4.082384   4.082448   0.000064    35.2076    35.2060     5.8859    26.6321    26.6304          8  0.000e+00
      63458 291.719584  -43.32952  -55.54532      0.096    1481.75     40.609     40.282    12.6125    12.6155     0.0031    12.6070    12.6101     0.0031   4.082272   4.082435   0.000163    35.2071    35.2059     5.8859    26.6319    26.6303          8  0.000e+00
      63459 291.719584  -43.32952  -55.54532      0.100    1481.75     40.609     40.282    12.6125    12.6158     0.0033    12.6070    12.6103     0.0033   4.082047   4.082422   0.000374    35.2050    35.2055     5.8896    26.6302    26.6299          8  0.000e+00
      63460 291.719585  -43.32952  -55.54532      0.102    1481.75     40.609     40.282    12.6120    12.6154     0.0034    12.6065    12.6099     0.0034   4.081988   4.082370   0.000382    35.2048    35.2054     5.8899    26.6302    26.6299          8  0.000e+00
      63461 291.719585  -43.32952  -55.54532      0.105    1481.75     40.609     40.282    12.6121    12.6153     0.0031    12.6067    12.6098     0.0031   4.082094   4.082383   0.000289    35.2057    35.2056     5.8901    26.6308    26.6301          8  0.000e+00
      63462 291.719586  -43.32952  -55.54532      0.109    1481.75     40.690     40.362    12.6120    12.6150     0.0030    12.6065    12.6096     0.0030   4.082186   4.082363   0.000177    35.2067    35.2056     5.8903    26.6316    26.6301          8  0.000e+00
      63463 291.719586  -43.32952  -55.54532      0.110    1481.75     40.609     40.282    12.6116    12.6146     0.0030    12.6062    12.6091     0.0030   4.082206   4.082324   0.000118    35.2073    35.2056     5.8905    26.6321    26.6303          8  0.000e+00
      63464 291.719587  -43.32952  -55.54532      0.114    1481.75     40.666     40.338    12.6114    12.6140     0.0026    12.6060    12.6086     0.0026   4.082015   4.082188   0.000173    35.2056    35.2048     5.8904    26.6309    26.6298          8  0.000e+00
      63465 291.719587  -43.32952  -55.54532      0.121    1481.75     40.666     40.338    12.6108    12.6132     0.0024    12.6053    12.6077     0.0024   4.081876   4.082116   0.000240    35.2049    35.2049     5.8860    26.6304    26.6300          8  0.000e+00
      63466 291.719588  -43.32952  -55.54532      0.120    1481.75     40.666     40.338    12.6108    12.6124     0.0017    12.6053    12.6070     0.0017   4.081850   4.082077   0.000228    35.2046    35.2053     5.8853    26.6302    26.6304          8  0.000e+00
      63467 291.719588  -43.32952  -55.54532      0.125    1481.75     40.690     40.362    12.6101    12.6125     0.0024    12.6047    12.6071     0.0024   4.081929   4.081967   0.000038    35.2060    35.2041     5.8851    26.6314    26.6295          8  0.000e+00
      63468 291.719589  -43.32952  -55.54532      0.126    1481.75     40.666     40.338    12.6099    12.6120     0.0020    12.6045    12.6065     0.0020   4.082067   4.081954  -0.000114    35.2075    35.2045     5.8889    26.6326    26.6299          8  0.000e+00
      63469 291.719589  -43.32952  -55.54532      0.128    1481.75     40.666     40.338    12.6099    12.6121     0.0021    12.6045    12.6066     0.0021   4.081935   4.081908  -0.000027    35.2062    35.2040     5.8890    26.6317    26.6295          8  0.000e+00
      63470 291.719590  -43.32952  -55.54532      0.132    1481.75     40.730     40.402    12.6098    12.6116     0.0019    12.6043    12.6062     0.0019   4.081803   4.081895   0.000092    35.2051    35.2042     5.8892    26.6308    26.6298          8  0.000e+00
      63471 291.719590  -43.32952  -55.54532      0.136    1481.75     40.730     40.402    12.6096    12.6117     0.0021    12.6042    12.6062     0.0021   4.081718   4.081921   0.000203    35.2044    35.2044     5.8893    26.6303    26.6299          8  0.000e+00
      63472 291.719591  -43.32952  -55.54532      0.137    1481.75     40.690     40.362    12.6096    12.6112     0.0016    12.6042    12.6058     0.0016   4.081836   4.081934   0.000098    35.2056    35.2050     5.8893    26.6312    26.6304          8  0.000e+00
      63473 291.719591  -43.32952  -55.54532      0.135    1481.75     40.730     40.402    12.6093    12.6114     0.0022    12.6038    12.6060     0.0022   4.081988   4.081908  -0.000080    35.2074    35.2046     5.8893    26.6327    26.6301          8  0.000e+00
      63474 291.719592  -43.32952  -55.54532      0.144    1481.75     40.730     40.402    12.6093    12.6110     0.0017    12.6038    12.6056     0.0017   4.081929   4.081895  -0.000034    35.2067    35.2048     5.8893    26.6322    26.6303          8  0.000e+00
      63475 291.719592  -43.32952  -55.54532      0.145    1481.75     40.730     40.402    12.6091    12.6111     0.0020    12.6036    12.6056     0.0020   4.081803   4.081921   0.000118    35.2057    35.2050     5.8894    26.6314    26.6305          8  0.000e+00
      63476 291.719592  -43.32952  -55.54532      0.149    1481.75     40.730     40.402    12.6089    12.6112     0.0023    12.6035    12.6058     0.0023   4.081639   4.081908   0.000270    35.2043    35.2047     5.8894    26.6304    26.6302          8  0.000e+00
      63477 291.719593  -43.32952  -55.54532      0.151    1481.75     40.746     40.418    12.6089    12.6109     0.0020    12.6035    12.6055     0.0020   4.081704   4.081869   0.000165    35.2049    35.2046     5.8893    26.6308    26.6302          8  0.000e+00
      63478 291.719593  -43.32952  -55.54532      0.153    1481.75     40.787     40.458    12.6088    12.6112     0.0025    12.6033    12.6058     0.0025   4.081902   4.081915   0.000012    35.2070    35.2048     5.8892    26.6324    26.6303          8  0.000e+00
      63479 291.719594  -43.32952  -55.54532      0.147    1481.75     40.666     40.338    12.6091    12.6113     0.0022    12.6037    12.6058     0.0022   4.081909   4.081908 -9.491e-07    35.2068    35.2047     5.8890    26.6322    26.6302          8  0.000e+00
      63480 291.719594  -43.32952  -55.54532      0.151    1481.75     40.787     40.458    12.6088    12.6115     0.0027    12.6033    12.6061     0.0027   4.081777   4.081921   0.000144    35.2057    35.2046     5.8891    26.6315    26.6301          8  0.000e+00
      63481 291.719595  -43.32952  -55.54532      0.156    1481.75     40.787     40.458    12.6096    12.6114     0.0018    12.6041    12.6059     0.0018   4.081685   4.081934   0.000249    35.2041    35.2048     5.8889    26.6300    26.6303          8  0.000e+00
      63482 291.719595  -43.32952  -55.54532      0.153    1481.75     40.746     40.418    12.6098    12.6113     0.0015    12.6043    12.6058     0.0015   4.081751   4.081908   0.000157    35.2046    35.2047     5.8888    26.6304    26.6302          8  0.000e+00
      63483 291.719596  -43.32952  -55.54532      0.155    1481.75     40.787     40.458    12.6106    12.6112     0.0006    12.6051    12.6058     0.0006   4.081988   4.081869  -0.000119    35.2061    35.2043     5.8889    26.6314    26.6299          8  0.000e+00
      63484 291.719596  -43.32952  -55.54532      0.157    1481.75     40.787     40.458    12.6108    12.6113     0.0005    12.6053    12.6058     0.0005   4.082226   4.081863  -0.000363    35.2082    35.2042     5.8886    26.6330    26.6298          8  0.000e+00
      63485 291.719597  -43.32952  -55.54532      0.157    1481.75     40.787     40.458    12.6114    12.6109    -0.0005    12.6060    12.6054    -0.0005   4.082114   4.081804  -0.000310    35.2065    35.2040     5.8884    26.6316    26.6298          8  0.000e+00
      63486 291.719597  -43.32952  -55.54532      0.155    1481.75     40.787     40.458    12.6116    12.6108    -0.0009    12.6061    12.6053    -0.0009   4.081922   4.081758  -0.000164    35.2045    35.2037     5.8887    26.6300    26.6295          8  0.000e+00
      63487 291.719598  -43.32952  -55.54532      0.159    1481.75     40.811     40.482    12.6118    12.6104    -0.0014    12.6063    12.6049    -0.0014   4.081830   4.081726  -0.000104    35.2034    35.2038     5.8890    26.6291    26.6296          8  0.000e+00
      63488 291.719598  -43.32952  -55.54532      0.158    1481.75     40.787     40.458    12.6118    12.6101    -0.0017    12.6063    12.6046    -0.0017   4.081916   4.081745  -0.000170    35.2043    35.2042     5.8892    26.6298    26.6301          8  0.000e+00
      63489 291.719599  -43.32952  -55.54532      0.155    1481.75     40.787     40.458    12.6120    12.6100    -0.0020    12.6065    12.6046    -0.0020   4.082114   4.081752  -0.000362    35.2060    35.2043     5.8889    26.6311    26.6302          8  0.000e+00
      63490 291.719599  -43.32952  -55.54532      0.156    1481.75     40.851     40.522    12.6119    12.6099    -0.0021    12.6065    12.6044    -0.0021   4.082147   4.081778  -0.000369    35.2063    35.2047     5.8845    26.6313    26.6305          8  0.000e+00
      63491 291.719600  -43.32952  -55.54532      0.154    1481.75     40.787     40.458    12.6121    12.6101    -0.0021    12.6067    12.6046    -0.0021   4.082001   4.081817  -0.000184    35.2048    35.2049     5.8839    26.6301    26.6306          8  0.000e+00
      63492 291.719600  -43.32952  -55.54532      0.155    1481.75     40.811     40.482    12.6119    12.6104    -0.0016    12.6065    12.6049    -0.0016   4.081929   4.081824  -0.000105    35.2042    35.2047     5.8834    26.6297    26.6304          8  0.000e+00
      63493 291.719601  -43.32952  -55.54532      0.153    1481.75     40.851     40.522    12.6116    12.6104    -0.0012    12.6061    12.6049    -0.0012   4.081889   4.081850  -0.000040    35.2041    35.2049     5.8833    26.6297    26.6305          8  0.000e+00
      63494 291.719601  -43.32952  -55.54532      0.151    1481.75     40.787     40.458    12.6116    12.6107    -0.0009    12.6061    12.6052    -0.0009   4.082015   4.081837  -0.000178    35.2054    35.2045     5.8826    26.6307    26.6302          8  0.000e+00
      63495 291.719602  -43.32952  -55.54532      0.152    1481.75     40.851     40.522    12.6114    12.6111    -0.0003    12.6060    12.6056    -0.0003   4.082094   4.081876  -0.000218    35.2063    35.2045     5.8821    26.6314    26.6301          8  0.000e+00
      63496 291.719602  -43.32952  -55.54532      0.146    1481.75     40.787     40.458    12.6115    12.6114    -0.0001    12.6060    12.6059    -0.0001   4.082048   4.081947  -0.000100    35.2058    35.2050     5.8857    26.6310    26.6304          8  0.000e+00
      63497 291.719603  -43.32952  -55.54532      0.143    1481.75     40.811     40.482    12.6109    12.6118     0.0008    12.6054    12.6063     0.0008   4.081810   4.082019   0.000209    35.2040    35.2053     5.8823    26.6298    26.6306          8  0.000e+00
      63498 291.719603  -43.32952  -55.54532      0.142    1481.75     40.851     40.522    12.6113    12.6129     0.0016    12.6058    12.6074     0.0016   4.081823   4.082136   0.000313    35.2038    35.2053     5.8863    26.6295    26.6304          8  0.000e+00
