Pos-Processados/process_op42/operantar42_038.cnv
* Sea-Bird SBE 9 Data File:
* FileName = C:\Users\Hidrografia\Desktop\OPXLII\Brutos\OP42038.hdr
* Software Version Seasave V 7.26.7.107
* Temperature SN = 6502
* Conductivity SN = 4998
* Number of Bytes Per Scan = 37
* Number of Voltage Words = 4
* Number of Scans Averaged by the Deck Unit = 1
* NMEA Latitude = 62 08.57 S
* NMEA Longitude = 058 26.33 W
* NMEA UTC (Time) = Nov 09 2023 13:11:55
* NMEA baud rate = 4800
** H41
** NPOALTEMAXIMIANO
** NUMERO DA ESTACAO (XXX) 038
** LAT (XX XX.XX S/N) 62 08.14 S
** LONG (XXX XX.XX W/E) 058 26.57 W
** DATAHORA (dd/mm/aaaa hh:mm Z) 09/11/2023 1305Z
** PROFUNDIDADE (m) 400
** OPERADOR 1T ZAMITH
# nquan = 30
# nvalues = 691                         
# units = specified
# name 0 = scan: Scan Count
# name 1 = timeJ: Julian Days
# name 2 = latitude: Latitude [deg]
# name 3 = longitude: Longitude [deg]
# name 4 = dz/dtM: Descent Rate [m/s]
# name 5 = avgsvCM: Average Sound Velocity [Chen-Millero, m/s]
# name 6 = prDM: Pressure, Digiquartz [db]
# name 7 = depSM: Depth [salt water, m]
# name 8 = t090C: Temperature [ITS-90, deg C]
# name 9 = t190C: Temperature, 2 [ITS-90, deg C]
# name 10 = T2-T190C: Temperature Difference, 2 - 1 [ITS-90, deg C]
# name 11 = potemp090C: Potential Temperature [ITS-90, deg C]
# name 12 = potemp190C: Potential Temperature, 2 [ITS-90, deg C]
# name 13 = potemp90Cdiff: Potential Temperature, Diff, 2 - 1 [ITS-90, deg C]
# name 14 = c0S/m: Conductivity [S/m]
# name 15 = c1S/m: Conductivity, 2 [S/m]
# name 16 = C2-C1S/m: Conductivity Difference, 2 - 1 [S/m]
# name 17 = sal00: Salinity, Practical [PSU]
# name 18 = sal11: Salinity, Practical, 2 [PSU]
# name 19 = sbeox0ML/L: Oxygen, SBE 43 [ml/l]
# name 20 = sigma-é00: Density [sigma-theta, kg/m^3]
# name 21 = sigma-é11: Density, 2 [sigma-theta, kg/m^3]
# name 22 = sal00: Salinity, Practical [PSU]
# name 23 = sigma-é00: Density [sigma-theta, kg/m^3]
# name 24 = svCM: Sound Velocity [Chen-Millero, m/s]
# name 25 = svCM1: Sound Velocity, 2 [Chen-Millero, m/s]
# name 26 = gsw_ptA0: potential temperature [ITS-90, deg C]
# name 27 = gsw_densityA0: density, TEOS-10 [density, kg/m^3]
# name 28 = gsw_saA0: Absolute Salinity [g/kg]
# name 29 = flag:
# span 0 =       3086,      22359       
# span 1 = 313.551430, 313.560724       
# span 2 =  -62.14691,  -62.14341       
# span 3 =  -58.43813,  -58.43374       
# span 4 =     -1.323,      1.195       
# span 5 =       0.00,    1450.09       
# span 6 =      4.000,    349.000       
# span 7 =      3.951,    345.349       
# span 8 =    -0.8266,    -0.5173       
# span 9 =    -0.8258,    -0.5183       
# span 10 =    -0.0095,     0.0072      
# span 11 =    -0.8317,    -0.5289      
# span 12 =    -0.8308,    -0.5298      
# span 13 =    -0.0095,     0.0071      
# span 14 =   2.789924,   2.830524      
# span 15 =   2.789907,   2.830322      
# span 16 =  -0.000880,   0.000633      
# span 17 =    34.2804,    34.4003      
# span 18 =    34.2786,    34.3991      
# span 19 =     6.6977,     7.7359      
# span 20 =    27.5518,    27.6478      
# span 21 =    27.5507,    27.6469      
# span 22 =    34.2806,    34.4005      
# span 23 =    27.5520,    27.6483      
# span 24 =    1445.68,    1451.58      
# span 25 =    1445.68,    1451.58      
# span 26 =    -0.8315,    -0.5286      
# span 27 =  1027.5749,  1029.3167      
# span 28 =    34.4431,    34.5686      
# span 29 = 0.0000e+00, 0.0000e+00      
# interval = decibars: 1                
# start_time = Nov 09 2023 13:11:55 [NMEA time, header]
# bad_flag = -9.990e-29
*END*
[from data line 581]
      19409 313.559302 -9.990e-29  -58.43431     -0.980    1448.17    113.000    111.885    -0.7481    -0.7476     0.0005    -0.7514    -0.7509     0.0005   2.792565   2.792513  -0.000051    34.2923    34.2911     7.5227    27.5699    27.5690    34.2924    27.5700    1446.55    1446.55    -0.7513  1028.1124    34.4541 0.0000e+00
      19432 313.559313  -62.14638  -58.43430     -1.009    1448.17    112.000    110.895    -0.7474    -0.7471     0.0003    -0.7507    -0.7504     0.0003   2.792557   2.792499  -0.000052    34.2921    34.2911     7.5259    27.5697    27.5689    34.2922    27.5698    1446.54    1446.54    -0.7506  1028.1082    34.4549 0.0000e+00
      19456 313.559325  -62.14638  -58.43430     -1.010    1448.17    111.000    109.906    -0.7460    -0.7459     0.0000    -0.7492    -0.7491     0.0000   2.792634   2.792537  -0.000098    34.2920    34.2907     7.5167    27.5696    27.5685    34.2922    27.5698    1446.53    1446.53    -0.7491  1028.1063    34.4585 0.0000e+00
      19483 313.559337  -62.14638  -58.43430     -0.939    1448.17    110.000    108.915    -0.7454    -0.7454    -0.0001    -0.7486    -0.7486    -0.0001   2.792631   2.792537  -0.000091    34.2920    34.2908     7.5209    27.5696    27.5686    34.2921    27.5697    1446.52    1446.52    -0.7485  1028.1015    34.4585 0.0000e+00
      19512 313.559351  -62.14638  -58.43429     -0.845    1448.17    109.000    107.926    -0.7453    -0.7453     0.0001    -0.7485    -0.7485     0.0001   2.792573   2.792505  -0.000073    34.2919    34.2908     7.5195    27.5695    27.5686    34.2919    27.5695    1446.50    1446.50    -0.7484  1028.0965    34.4583 0.0000e+00
      19539 313.559364  -62.14638  -58.43428     -0.856    1448.17    108.000    106.936    -0.7448    -0.7444     0.0003    -0.7479    -0.7476     0.0003   2.792578   2.792513  -0.000062    34.2918    34.2906     7.5333    27.5694    27.5684    34.2919    27.5695    1446.49    1446.49    -0.7479  1028.0917    34.4583 0.0000e+00
      19563 313.559376  -62.14638  -58.43428     -0.958    1448.17    107.000    105.946    -0.7442    -0.7438     0.0004    -0.7473    -0.7469     0.0004   2.792581   2.792520  -0.000060    34.2918    34.2905     7.5258    27.5694    27.5683    34.2920    27.5695    1446.47    1446.47    -0.7472  1028.0870    34.4583 0.0000e+00
      19586 313.559387  -62.14640  -58.43428     -1.015    1448.17    106.000    104.956    -0.7440    -0.7433     0.0006    -0.7470    -0.7464     0.0006   2.792551   2.792519  -0.000039    34.2918    34.2906     7.5210    27.5694    27.5683    34.2919    27.5694    1446.46    1446.46    -0.7470  1028.0821    34.4582 0.0000e+00
      19611 313.559399  -62.14640  -58.43426     -1.008    1448.17    105.000    103.966    -0.7442    -0.7434     0.0008    -0.7473    -0.7464     0.0008   2.792452   2.792442  -0.000008    34.2914    34.2903     7.5231    27.5691    27.5682    34.2914    27.5690    1446.44    1446.44    -0.7472  1028.0769    34.4577 0.0000e+00
      19635 313.559411  -62.14640  -58.43426     -0.980    1448.17    104.000    102.976    -0.7444    -0.7436     0.0009    -0.7475    -0.7466     0.0009   2.792381   2.792371  -0.000013    34.2914    34.2902     7.5086    27.5691    27.5681    34.2914    27.5690    1446.42    1446.43    -0.7474  1028.0721    34.4577 0.0000e+00
      19659 313.559422  -62.14640  -58.43426     -0.989    1448.17    103.000    101.986    -0.7447    -0.7437     0.0010    -0.7477    -0.7467     0.0010   2.792295   2.792301   0.000003    34.2912    34.2900     7.5117    27.5689    27.5679    34.2911    27.5689    1446.41    1446.41    -0.7476  1028.0671    34.4575 0.0000e+00
      19681 313.559433  -62.14642  -58.43426     -1.038    1448.17    102.000    100.996    -0.7448    -0.7439     0.0008    -0.7477    -0.7469     0.0008   2.792238   2.792226  -0.000007    34.2910    34.2899     7.5117    27.5687    27.5678    34.2910    27.5688    1446.39    1446.39    -0.7477  1028.0623    34.4573 0.0000e+00
      19703 313.559444  -62.14642  -58.43425     -1.087    1448.17    101.000    100.006    -0.7445    -0.7437     0.0008    -0.7474    -0.7466     0.0008   2.792221   2.792194  -0.000027    34.2911    34.2899     7.5172    27.5688    27.5678    34.2911    27.5688    1446.37    1446.38    -0.7473  1028.0575    34.4574 0.0000e+00
      19726 313.559455  -62.14642  -58.43424     -1.078    1448.17    100.000     99.016    -0.7442    -0.7436     0.0007    -0.7471    -0.7464     0.0007   2.792193   2.792155  -0.000040    34.2911    34.2898     7.5174    27.5688    27.5677    34.2910    27.5687    1446.36    1446.36    -0.7470  1028.0527    34.4573 0.0000e+00
      19753 313.559467  -62.14642  -58.43424     -0.966    1448.17     99.000     98.027    -0.7442    -0.7436     0.0006    -0.7471    -0.7465     0.0006   2.792135   2.792105  -0.000029    34.2908    34.2898     7.5202    27.5686    27.5677    34.2908    27.5686    1446.34    1446.34    -0.7470  1028.0477    34.4571 0.0000e+00
      19782 313.559482  -62.14642  -58.43424     -0.843    1448.17     98.000     97.037    -0.7442    -0.7434     0.0008    -0.7470    -0.7462     0.0008   2.792080   2.792066  -0.000018    34.2907    34.2896     7.5308    27.5685    27.5676    34.2907    27.5685    1446.33    1446.33    -0.7470  1028.0428    34.4569 0.0000e+00
      19809 313.559495  -62.14644  -58.43424     -0.841    1448.17     97.000     96.047    -0.7439    -0.7434     0.0005    -0.7467    -0.7462     0.0005   2.792039   2.792019  -0.000018    34.2904    34.2895     7.5239    27.5682    27.5675    34.2904    27.5683    1446.31    1446.31    -0.7466  1028.0378    34.4567 0.0000e+00
      19833 313.559506  -62.14644  -58.43422     -0.942    1448.17     96.000     95.057    -0.7433    -0.7429     0.0004    -0.7461    -0.7457     0.0004   2.792029   2.791990  -0.000036    34.2902    34.2893     7.5153    27.5680    27.5673    34.2902    27.5680    1446.30    1446.30    -0.7460  1028.0328    34.4564 0.0000e+00
      19854 313.559516  -62.14644  -58.43422     -1.065    1448.17     95.000     94.067    -0.7430    -0.7424     0.0006    -0.7457    -0.7452     0.0006   2.791991   2.791957  -0.000033    34.2899    34.2889     7.5185    27.5678    27.5669    34.2900    27.5678    1446.28    1446.28    -0.7457  1028.0278    34.4562 0.0000e+00
      19875 313.559526  -62.14644  -58.43422     -1.138    1448.17     94.000     93.077    -0.7426    -0.7419     0.0006    -0.7453    -0.7447     0.0006   2.791983   2.791940  -0.000041    34.2900    34.2887     7.5193    27.5678    27.5668    34.2900    27.5679    1446.27    1446.27    -0.7452  1028.0230    34.4562 0.0000e+00
      19897 313.559537  -62.14646  -58.43422     -1.131    1448.17     93.000     92.087    -0.7423    -0.7418     0.0004    -0.7450    -0.7445     0.0004   2.791956   2.791904  -0.000057    34.2899    34.2887     7.5235    27.5678    27.5668    34.2899    27.5678    1446.25    1446.25    -0.7449  1028.0181    34.4561 0.0000e+00
      19921 313.559548  -62.14646  -58.43421     -1.062    1448.17     92.000     91.097    -0.7421    -0.7414     0.0006    -0.7447    -0.7441     0.0006   2.791919   2.791893  -0.000025    34.2898    34.2887     7.5334    27.5676    27.5667    34.2899    27.5677    1446.24    1446.24    -0.7447  1028.0132    34.4560 0.0000e+00
      19946 313.559561  -62.14646  -58.43420     -0.975    1448.17     91.000     90.107    -0.7418    -0.7412     0.0006    -0.7444    -0.7438     0.0006   2.791887   2.791864  -0.000025    34.2897    34.2887     7.5326    27.5676    27.5667    34.2897    27.5676    1446.22    1446.22    -0.7444  1028.0083    34.4559 0.0000e+00
      19972 313.559573  -62.14646  -58.43420     -0.921    1448.17     90.000     89.117    -0.7414    -0.7409     0.0005    -0.7440    -0.7435     0.0005   2.791864   2.791827  -0.000035    34.2896    34.2885     7.5282    27.5675    27.5665    34.2896    27.5675    1446.21    1446.21    -0.7439  1028.0034    34.4557 0.0000e+00
      19999 313.559586  -62.14646  -58.43420     -0.912    1448.17     89.000     88.127    -0.7407    -0.7404     0.0003    -0.7433    -0.7430     0.0003   2.791891   2.791802  -0.000072    34.2895    34.2882     7.5310    27.5674    27.5663    34.2898    27.5676    1446.20    1446.20    -0.7432  1027.9987    34.4559 0.0000e+00
      20023 313.559598  -62.14648  -58.43418     -0.952    1448.17     88.000     87.137    -0.7355    -0.7381    -0.0025    -0.7381    -0.7406    -0.0025   2.792243   2.791958  -0.000281    34.2887    34.2878     7.5276    27.5665    27.5659    34.2893    27.5670    1446.20    1446.19    -0.7380  1027.9933    34.4554 0.0000e+00
      20046 313.559609  -62.14648  -58.43418     -1.015    1448.17     87.000     86.147    -0.7307    -0.7331    -0.0025    -0.7332    -0.7357    -0.0025   2.792603   2.792268  -0.000301    34.2884    34.2871     7.5285    27.5660    27.5651    34.2893    27.5668    1446.21    1446.20    -0.7332  1027.9883    34.4553 0.0000e+00
      20068 313.559620  -62.14648  -58.43418     -1.065    1448.17     86.000     85.157    -0.7263    -0.7293    -0.0029    -0.7288    -0.7318    -0.0029   2.792893   2.792562  -0.000329    34.2879    34.2868     7.5298    27.5655    27.5647    34.2889    27.5662    1446.21    1446.20    -0.7287  1027.9830    34.4549 0.0000e+00
      20091 313.559630  -62.14648  -58.43418     -1.075    1448.17     85.000     84.167    -0.7156    -0.7210    -0.0054    -0.7181    -0.7235    -0.0054   2.793717   2.793160  -0.000535    34.2871    34.2860     7.5256    27.5643    27.5637    34.2884    27.5654    1446.25    1446.22    -0.7180  1027.9773    34.4545 0.0000e+00
      20114 313.559642  -62.14650  -58.43416     -1.039    1448.17     84.000     83.177    -0.7123    -0.7157    -0.0034    -0.7147    -0.7181    -0.0034   2.793936   2.793545  -0.000404    34.2873    34.2856     7.5290    27.5644    27.5632    34.2883    27.5652    1446.25    1446.23    -0.7147  1027.9723    34.4543 0.0000e+00
      20140 313.559654  -62.14650  -58.43416     -0.968    1448.17     83.000     82.187    -0.7040    -0.7063    -0.0023    -0.7064    -0.7087    -0.0023   2.794592   2.794267  -0.000327    34.2868    34.2850     7.5341    27.5636    27.5622    34.2883    27.5649    1446.27    1446.26    -0.7063  1027.9671    34.4543 0.0000e+00
      20167 313.559667  -62.14650  -58.43416     -0.908    1448.17     82.000     81.197    -0.6964    -0.6995    -0.0031    -0.6987    -0.7019    -0.0031   2.795146   2.794762  -0.000365    34.2864    34.2850     7.5323    27.5630    27.5620    34.2878    27.5641    1446.29    1446.27    -0.6987  1027.9616    34.4538 0.0000e+00
      20192 313.559679  -62.14650  -58.43416     -0.915    1448.17     81.000     80.207    -0.6929    -0.6979    -0.0049    -0.6953    -0.7002    -0.0049   2.795434   2.794884  -0.000537    34.2870    34.2854     7.5485    27.5633    27.5622    34.2884    27.5645    1446.29    1446.26    -0.6952  1027.9571    34.4544 0.0000e+00
      20216 313.559691  -62.14652  -58.43416     -0.987    1448.17     80.000     79.217    -0.6883    -0.6901    -0.0018    -0.6906    -0.6924    -0.0018   2.795769   2.795472  -0.000299    34.2868    34.2849     7.5356    27.5630    27.5615    34.2883    27.5642    1446.29    1446.28    -0.6906  1027.9520    34.4542 0.0000e+00
      20238 313.559701  -62.14652  -58.43414     -1.048    1448.17     79.000     78.227    -0.6751    -0.6824    -0.0073    -0.6774    -0.6847    -0.0073   2.796841   2.796094  -0.000722    34.2858    34.2844     7.5241    27.5616    27.5608    34.2885    27.5637    1446.34    1446.30    -0.6774  1027.9467    34.4543 0.0000e+00
      20260 313.559712  -62.14652  -58.43414     -1.073    1448.17     78.000     77.237    -0.6645    -0.6726    -0.0080    -0.6668    -0.6749    -0.0080   2.797535   2.796766  -0.000742    34.2846    34.2836     7.5231    27.5601    27.5597    34.2865    27.5617    1446.37    1446.33    -0.6667  1027.9398    34.4524 0.0000e+00
      20284 313.559724  -62.14652  -58.43414     -1.045    1448.17     77.000     76.247    -0.6601    -0.6665    -0.0064    -0.6623    -0.6687    -0.0064   2.797843   2.797202  -0.000646    34.2845    34.2830     7.5353    27.5598    27.5589    34.2862    27.5613    1446.37    1446.34    -0.6623  1027.9346    34.4521 0.0000e+00
      20311 313.559737  -62.14654  -58.43414     -0.946    1448.17     76.000     75.257    -0.6574    -0.6663    -0.0089    -0.6596    -0.6685    -0.0089   2.797990   2.797226  -0.000771    34.2843    34.2840     7.5480    27.5596    27.5597    34.2858    27.5608    1446.37    1446.33    -0.6596  1027.9293    34.4516 0.0000e+00
      20338 313.559750  -62.14654  -58.43412     -0.885    1448.17     75.000     74.267    -0.6533    -0.6538    -0.0005    -0.6555    -0.6560    -0.0005   2.798309   2.798092  -0.000195    34.2839    34.2819     7.5542    27.5591    27.5575    34.2861    27.5609    1446.37    1446.37    -0.6555  1027.9247    34.4519 0.0000e+00
      20362 313.559761  -62.14654  -58.43412     -0.943    1448.17     74.000     73.277    -0.6425    -0.6465    -0.0039    -0.6447    -0.6487    -0.0039   2.799072   2.798632  -0.000482    34.2831    34.2810     7.5467    27.5580    27.5565    34.2848    27.5594    1446.41    1446.38    -0.6446  1027.9183    34.4506 0.0000e+00
      20386 313.559773  -62.14654  -58.43412     -1.008    1448.17     73.000     72.287    -0.6371    -0.6422    -0.0050    -0.6393    -0.6443    -0.0050   2.799456   2.798890  -0.000522    34.2826    34.2812     7.5495    27.5573    27.5564    34.2845    27.5589    1446.41    1446.39    -0.6392  1027.9130    34.4503 0.0000e+00
      20410 313.559784  -62.14654  -58.43412     -1.004    1448.17     72.000     71.297    -0.6254    -0.6349    -0.0095    -0.6276    -0.6371    -0.0095   2.800307   2.799416  -0.000880    34.2809    34.2798     7.5537    27.5555    27.5550    34.2833    27.5575    1446.45    1446.41    -0.6275  1027.9068    34.4491 0.0000e+00
      20435 313.559796  -62.14654  -58.43410     -0.968    1448.17     71.000     70.307    -0.6192    -0.6238    -0.0046    -0.6213    -0.6259    -0.0046   2.800716   2.800244  -0.000496    34.2805    34.2790     7.5616    27.5549    27.5539    34.2824    27.5565    1446.46    1446.44    -0.6213  1027.9010    34.4482 0.0000e+00
      20461 313.559809  -62.14656  -58.43410     -0.932    1448.17     70.000     69.317    -0.6176    -0.6192    -0.0017    -0.6197    -0.6213    -0.0017   2.800813   2.800545  -0.000277    34.2809    34.2791     7.5778    27.5552    27.5538    34.2825    27.5564    1446.45    1446.44    -0.6196  1027.8962    34.4483 0.0000e+00
      20486 313.559821  -62.14656  -58.43410     -0.937    1448.17     69.000     68.327    -0.6160    -0.6171    -0.0012    -0.6181    -0.6192    -0.0012   2.800884   2.800672  -0.000236    34.2811    34.2792     7.5915    27.5552    27.5538    34.2823    27.5562    1446.44    1446.43    -0.6180  1027.8911    34.4480 0.0000e+00
      20509 313.559832  -62.14656  -58.43410     -0.999    1448.17     68.000     67.337    -0.6157    -0.6157 -9.533e-07    -0.6178    -0.6178 -9.533e-07   2.800849   2.800736  -0.000121    34.2810    34.2794     7.5850    27.5551    27.5538    34.2821    27.5561    1446.43    1446.43    -0.6177  1027.8862    34.4479 0.0000e+00
      20532 313.559843  -62.14658  -58.43408     -1.049    1448.17     67.000     66.346    -0.6154    -0.6151     0.0003    -0.6174    -0.6171     0.0003   2.800828   2.800739  -0.000101    34.2811    34.2794     7.5893    27.5552    27.5539    34.2821    27.5560    1446.41    1446.41    -0.6173  1027.8813    34.4478 0.0000e+00
