Pos-Processados/process_op42/operantar42_034.cnv
* Sea-Bird SBE 9 Data File:
* FileName = C:\Users\Hidrografia\Desktop\OPXLII\Brutos\OP42034.hdr
* Software Version Seasave V 7.26.7.107
* Temperature SN = 6502
* Conductivity SN = 4998
* Number of Bytes Per Scan = 37
* Number of Voltage Words = 4
* Number of Scans Averaged by the Deck Unit = 1
* NMEA Latitude = 62 08.19 S
* NMEA Longitude = 058 26.42 W
* NMEA UTC (Time) = Nov 09 2023 09:05:42
* NMEA baud rate = 4800
** H41
** NPOALTEMAXIMIANO
** NUMERO DA ESTACAO (XXX) 034
** LAT (XX XX.XX S/N) 62 08.17 S
** LONG (XXX XX.XX W/E) 058 26.44 W
** DATAHORA (dd/mm/aaaa hh:mm Z) 09/11/2023 0905Z
** PROFUNDIDADE (m) 424
** OPERADOR CT FABIREZA
# nquan = 30
# nvalues = 795                         
# units = specified
# name 0 = scan: Scan Count
# name 1 = timeJ: Julian Days
# name 2 = latitude: Latitude [deg]
# name 3 = longitude: Longitude [deg]
# name 4 = dz/dtM: Descent Rate [m/s]
# name 5 = avgsvCM: Average Sound Velocity [Chen-Millero, m/s]
# name 6 = prDM: Pressure, Digiquartz [db]
# name 7 = depSM: Depth [salt water, m]
# name 8 = t090C: Temperature [ITS-90, deg C]
# name 9 = t190C: Temperature, 2 [ITS-90, deg C]
# name 10 = T2-T190C: Temperature Difference, 2 - 1 [ITS-90, deg C]
# name 11 = potemp090C: Potential Temperature [ITS-90, deg C]
# name 12 = potemp190C: Potential Temperature, 2 [ITS-90, deg C]
# name 13 = potemp90Cdiff: Potential Temperature, Diff, 2 - 1 [ITS-90, deg C]
# name 14 = c0S/m: Conductivity [S/m]
# name 15 = c1S/m: Conductivity, 2 [S/m]
# name 16 = C2-C1S/m: Conductivity Difference, 2 - 1 [S/m]
# name 17 = sal00: Salinity, Practical [PSU]
# name 18 = sal11: Salinity, Practical, 2 [PSU]
# name 19 = sbeox0ML/L: Oxygen, SBE 43 [ml/l]
# name 20 = sigma-é00: Density [sigma-theta, kg/m^3]
# name 21 = sigma-é11: Density, 2 [sigma-theta, kg/m^3]
# name 22 = sal00: Salinity, Practical [PSU]
# name 23 = sigma-é00: Density [sigma-theta, kg/m^3]
# name 24 = svCM: Sound Velocity [Chen-Millero, m/s]
# name 25 = svCM1: Sound Velocity, 2 [Chen-Millero, m/s]
# name 26 = gsw_ptA0: potential temperature [ITS-90, deg C]
# name 27 = gsw_densityA0: density, TEOS-10 [density, kg/m^3]
# name 28 = gsw_saA0: Absolute Salinity [g/kg]
# name 29 = flag:
# span 0 =        549,      25108       
# span 1 = 313.379223, 313.391066       
# span 2 =  -62.14077,  -62.13661       
# span 3 =  -58.44044,  -58.43977       
# span 4 =     -1.221,      1.161       
# span 5 =       0.00,    1448.35       
# span 6 =      1.000,    398.000       
# span 7 =      0.994,    393.796       
# span 8 =    -0.8011,    -0.5476       
# span 9 =    -0.8003,    -0.5471       
# span 10 =    -0.0256,     0.0175      
# span 11 =    -0.8089,    -0.5486      
# span 12 =    -0.8080,    -0.5480      
# span 13 =    -0.0256,     0.0175      
# span 14 =   2.792793,   2.823262      
# span 15 =   2.792685,   2.823096      
# span 16 =  -0.002146,   0.001769      
# span 17 =    34.2760,    34.3910      
# span 18 =    34.2748,    34.3900      
# span 19 =     6.8084,     7.6553      
# span 20 =    27.5524,    27.6452      
# span 21 =    27.5513,    27.6444      
# span 22 =    34.2779,    34.3910      
# span 23 =    27.5525,    27.6452      
# span 24 =    1445.57,    1451.89      
# span 25 =    1445.56,    1451.89      
# span 26 =    -0.8087,    -0.5486      
# span 27 =  1027.5617,  1029.5451      
# span 28 =    34.4407,    34.5585      
# span 29 = 0.0000e+00, 0.0000e+00      
# interval = decibars: 1                
# start_time = Nov 09 2023 09:05:42 [NMEA time, header]
# bad_flag = -9.990e-29
*END*
        549 313.379223  -62.13661  -58.44034     -0.225       0.00      1.000      1.001    -0.5681    -0.5663     0.0019    -0.5682    -0.5664     0.0019   2.801638   2.801632   0.000095    34.2812    34.2803     7.6490    27.5531    27.5522    34.2805    27.5525    1445.57    1445.56    -0.5681  1027.5617    34.4458 0.0000e+00
       1433 313.379649  -62.13672  -58.44034      0.221       0.00      2.000      1.985    -0.5656    -0.5644     0.0012    -0.5657    -0.5645     0.0012   2.802017   2.802051   0.000024    34.2819    34.2809     7.6278    27.5537    27.5528    34.2821    27.5538    1445.59    1445.60    -0.5657  1027.5678    34.4474 0.0000e+00
       1501 313.379682  -62.13673  -58.44034      0.333       0.00      3.000      2.971    -0.5654    -0.5642     0.0012    -0.5655    -0.5643     0.0012   2.802069   2.802106   0.000038    34.2819    34.2811     7.6304    27.5536    27.5529    34.2819    27.5536    1445.61    1445.61    -0.5655  1027.5725    34.4473 0.0000e+00
       1580 313.379720  -62.13674  -58.44034      0.319       0.00      4.000      3.962    -0.5664    -0.5653     0.0011    -0.5665    -0.5654     0.0011   2.802002   2.802055   0.000046    34.2817    34.2810     7.6297    27.5535    27.5529    34.2816    27.5534    1445.62    1445.62    -0.5665  1027.5770    34.4469 0.0000e+00
       1632 313.379745  -62.13674  -58.44034      0.461       0.00      5.000      4.951    -0.5665    -0.5656     0.0009    -0.5666    -0.5657     0.0009   2.802053   2.802092   0.000047    34.2816    34.2812     7.6359    27.5534    27.5530    34.2817    27.5535    1445.64    1445.64    -0.5666  1027.5819    34.4470 0.0000e+00
       1692 313.379774  -62.13676  -58.44034      0.389 1.5945e-08      6.000      5.939    -0.5665    -0.5655     0.0010    -0.5667    -0.5657     0.0010   2.802127   2.802144   0.000015    34.2821    34.2811     7.6307    27.5538    27.5530    34.2821    27.5538    1445.65    1445.66    -0.5667  1027.5870    34.4474 0.0000e+00
       1738 313.379796  -62.13676  -58.44034      0.524       0.12      7.000      6.938    -0.5659    -0.5651     0.0009    -0.5661    -0.5653     0.0009   2.802210   2.802236   0.000030    34.2818    34.2812     7.6300    27.5536    27.5531    34.2819    27.5536    1445.67    1445.67    -0.5661  1027.5916    34.4473 0.0000e+00
       1778 313.379815  -62.13676  -58.44034      0.593       0.00      8.000      7.923    -0.5660    -0.5651     0.0009    -0.5662    -0.5653     0.0009   2.802261   2.802275   0.000013    34.2821    34.2812     7.6314    27.5538    27.5530    34.2821    27.5538    1445.69    1445.69    -0.5662  1027.5966    34.4475 0.0000e+00
       1821 313.379836  -62.13678  -58.44034      0.560 4.3749e-16      9.000      8.913    -0.5668    -0.5657     0.0011    -0.5671    -0.5660     0.0011   2.802237   2.802251   0.000013    34.2821    34.2811     7.6397    27.5539    27.5530    34.2821    27.5538    1445.70    1445.70    -0.5671  1027.6014    34.4474 0.0000e+00
       1857 313.379854  -62.13678  -58.44034      0.639       0.07     10.000      9.904    -0.5700    -0.5688     0.0013    -0.5703    -0.5690     0.0013   2.801974   2.802024   0.000049    34.2821    34.2814     7.6336    27.5540    27.5533    34.2815    27.5535    1445.70    1445.71    -0.5703  1027.6059    34.4469 0.0000e+00
       1891 313.379870  -62.13678  -58.44034      0.714       0.00     11.000     10.894    -0.5752    -0.5738     0.0015    -0.5756    -0.5741     0.0015   2.801640   2.801686   0.000047    34.2822    34.2811     7.6395    27.5542    27.5533    34.2823    27.5544    1445.69    1445.70    -0.5755  1027.6115    34.4477 0.0000e+00
       1925 313.379886  -62.13680  -58.44034      0.695 7.4149e-41     12.000     11.884    -0.5695    -0.5694     0.0001    -0.5699    -0.5698     0.0001   2.802052   2.802073   0.000023    34.2808    34.2810     7.6413    27.5529    27.5531    34.2808    27.5529    1445.73    1445.74    -0.5699  1027.6148    34.4461 0.0000e+00
       1954 313.379900  -62.13680  -58.44034      0.777 3.7983e-22     13.000     12.875    -0.5704    -0.5707    -0.0003    -0.5708    -0.5711    -0.0003   2.802097   2.802019  -0.000077    34.2817    34.2811     7.6384    27.5537    27.5532    34.2817    27.5537    1445.75    1445.74    -0.5708  1027.6204    34.4470 0.0000e+00
       1979 313.379912  -62.13680  -58.44034      0.920       0.21     14.000     13.865    -0.5702    -0.5682     0.0021    -0.5706    -0.5686     0.0021   2.802251   2.802294   0.000029    34.2833    34.2813     7.6452    27.5549    27.5532    34.2830    27.5547    1445.77    1445.77    -0.5706  1027.6262    34.4483 0.0000e+00
       2007 313.379926  -62.13680  -58.44034      0.861      -0.00     15.000     14.856    -0.5736    -0.5732     0.0004    -0.5741    -0.5737     0.0004   2.801920   2.801876  -0.000027    34.2819    34.2811     7.6506    27.5540    27.5533    34.2818    27.5539    1445.77    1445.77    -0.5740  1027.6301    34.4471 0.0000e+00
       2030 313.379937  -62.13680  -58.44034      0.954 1.4394e-65     16.000     15.846    -0.5736    -0.5749    -0.0013    -0.5741    -0.5754    -0.0013   2.801961   2.801778  -0.000147    34.2816    34.2811     7.6447    27.5537    27.5534    34.2817    27.5538    1445.78    1445.77    -0.5741  1027.6348    34.4469 0.0000e+00
       2052 313.379947  -62.13680  -58.44034      1.077 6.3436e-50     17.000     16.836    -0.5740    -0.5746    -0.0005    -0.5745    -0.5751    -0.0005   2.801925   2.801876  -0.000100    34.2818    34.2810     7.6369    27.5539    27.5533    34.2811    27.5533    1445.80    1445.79    -0.5745  1027.6391    34.4463 0.0000e+00
       2073 313.379958  -62.13682  -58.44034      1.119 1.4000e-33     18.000     17.826    -0.5766    -0.5775    -0.0009    -0.5772    -0.5780    -0.0009   2.801812   2.801646  -0.000143    34.2820    34.2810     7.6332    27.5542    27.5535    34.2818    27.5540    1445.80    1445.79    -0.5771  1027.6446    34.4471 0.0000e+00
       2100 313.379970  -62.13682  -58.44034      1.007 1.1548e-10     19.000     18.817    -0.5787    -0.5769     0.0017    -0.5792    -0.5775     0.0017   2.801699   2.801733   0.000029    34.2823    34.2807     7.6362    27.5545    27.5532    34.2820    27.5543    1445.81    1445.81    -0.5792  1027.6496    34.4472 0.0000e+00
       2130 313.379985  -62.13682  -58.44033      0.814     709.10     20.000     19.807    -0.5775    -0.5757     0.0018    -0.5781    -0.5763     0.0018   2.801823   2.801891   0.000057    34.2816    34.2804     7.6403    27.5539    27.5528    34.2817    27.5540    1445.83    1445.83    -0.5781  1027.6541    34.4469 0.0000e+00
       2159 313.379999  -62.13682  -58.44032      0.809    1445.42     21.000     20.798    -0.5756    -0.5739     0.0017    -0.5762    -0.5745     0.0017   2.802026   2.802098   0.000080    34.2817    34.2809     7.6391    27.5539    27.5532    34.2817    27.5539    1445.85    1445.86    -0.5762  1027.6588    34.4469 0.0000e+00
       2186 313.380012  -62.13682  -58.44032      0.865    1445.83     22.000     21.788    -0.5791    -0.5783     0.0008    -0.5798    -0.5790     0.0008   2.801783   2.801752  -0.000036    34.2824    34.2810     7.6389    27.5546    27.5534    34.2818    27.5542    1445.85    1445.86    -0.5798  1027.6638    34.4470 0.0000e+00
       2213 313.380025  -62.13684  -58.44034      0.896    1445.83     23.000     22.778    -0.5834    -0.5828     0.0007    -0.5841    -0.5834     0.0007   2.801440   2.801420  -0.000022    34.2819    34.2809     7.6444    27.5545    27.5536    34.2814    27.5540    1445.85    1445.85    -0.5841  1027.6685    34.4466 0.0000e+00
       2236 313.380036  -62.13684  -58.44034      0.964    1445.83     24.000     23.768    -0.5845    -0.5847    -0.0002    -0.5853    -0.5854    -0.0002   2.801377   2.801295  -0.000067    34.2812    34.2805     7.6385    27.5539    27.5534    34.2812    27.5539    1445.86    1445.86    -0.5852  1027.6732    34.4464 0.0000e+00
       2259 313.380047  -62.13684  -58.44034      1.043    1445.83     25.000     24.759    -0.5815    -0.5806     0.0009    -0.5823    -0.5814     0.0009   2.801699   2.801697  -0.000025    34.2816    34.2802     7.6372    27.5541    27.5529    34.2815    27.5540    1445.89    1445.89    -0.5822  1027.6781    34.4468 0.0000e+00
       2282 313.380058  -62.13684  -58.44034      1.055    1445.83     26.000     25.749    -0.5845    -0.5849    -0.0004    -0.5853    -0.5856    -0.0004   2.801512   2.801353  -0.000106    34.2820    34.2810     7.6379    27.5545    27.5537    34.2818    27.5543    1445.89    1445.89    -0.5853  1027.6832    34.4470 0.0000e+00
       2306 313.380070  -62.13684  -58.44032      1.014    1445.83     27.000     26.739    -0.5837    -0.5836     0.0002    -0.5845    -0.5843     0.0002   2.801586   2.801509  -0.000085    34.2816    34.2803     7.6326    27.5542    27.5531    34.2812    27.5539    1445.91    1445.91    -0.5845  1027.6875    34.4465 0.0000e+00
       2333 313.380083  -62.13686  -58.44032      0.927    1445.83     28.000     27.729    -0.5851    -0.5858    -0.0007    -0.5859    -0.5866    -0.0007   2.801537   2.801412  -0.000155    34.2817    34.2804     7.6344    27.5543    27.5533    34.2815    27.5542    1445.92    1445.92    -0.5859  1027.6926    34.4468 0.0000e+00
       2362 313.380097  -62.13686  -58.44032      0.855    1445.83     29.000     28.720    -0.5842    -0.5824     0.0017    -0.5850    -0.5833     0.0017   2.801644   2.801706   0.000049    34.2816    34.2803     7.6302    27.5542    27.5531    34.2813    27.5539    1445.94    1445.95    -0.5850  1027.6972    34.4466 0.0000e+00
       2389 313.380110  -62.13686  -58.44032      0.857    1445.83     30.000     29.710    -0.5867    -0.5866     0.0001    -0.5876    -0.5875     0.0001   2.801543   2.801385  -0.000138    34.2824    34.2805     7.6359    27.5550    27.5534    34.2822    27.5548    1445.95    1445.94    -0.5876  1027.7029    34.4475 0.0000e+00
       2413 313.380122  -62.13686  -58.44032      0.934    1445.83     31.000     30.700    -0.5905    -0.5895     0.0010    -0.5914    -0.5904     0.0010   2.801211   2.801175  -0.000034    34.2819    34.2803     7.6317    27.5547    27.5534    34.2813    27.5543    1445.95    1445.95    -0.5914  1027.7071    34.4467 0.0000e+00
       2437 313.380133  -62.13686  -58.44032      0.998    1445.83     32.000     31.691    -0.5920    -0.5914     0.0006    -0.5930    -0.5924     0.0006   2.801077   2.801077  -0.000008    34.2810    34.2802     7.6327    27.5541    27.5534    34.2807    27.5538    1445.95    1445.96    -0.5929  1027.7114    34.4460 0.0000e+00
       2461 313.380145  -62.13686  -58.44032      1.005    1445.83     33.000     32.681    -0.5907    -0.5885     0.0022    -0.5917    -0.5895     0.0022   2.801226   2.801338   0.000111    34.2807    34.2797     7.6296    27.5538    27.5529    34.2805    27.5536    1445.98    1445.99    -0.5916  1027.7148    34.4444 0.0000e+00
       2488 313.380157 -9.990e-29  -58.44032      0.950    1445.83     34.000     33.671    -0.5893    -0.5882     0.0012    -0.5903    -0.5892     0.0012   2.801414   2.801454   0.000033    34.2807    34.2799     7.6244    27.5537    27.5530    34.2809    27.5539    1446.00    1446.00    -0.5903  1027.7181    34.4426 0.0000e+00
       2515 313.380171 -9.990e-29  -58.44032      0.893    1445.83     35.000     34.661    -0.5826    -0.5816     0.0010    -0.5836    -0.5826     0.0010   2.802019   2.802047   0.000034    34.2805    34.2799     7.6243    27.5533    27.5527    34.2808    27.5535    1446.05    1446.05    -0.5836  1027.7225    34.4425 0.0000e+00
       2541 313.380183 -9.990e-29  -58.44032      0.901    1445.83     36.000     35.652    -0.5852    -0.5850     0.0002    -0.5863    -0.5860     0.0002   2.801898   2.801810  -0.000081    34.2816    34.2803     7.6290    27.5543    27.5532    34.2815    27.5542    1446.05    1446.05    -0.5862  1027.7280    34.4432 0.0000e+00
       2567 313.380196 -9.990e-29  -58.44032      0.927    1445.83     37.000     36.642    -0.5884    -0.5864     0.0020    -0.5895    -0.5875     0.0020   2.801672   2.801725   0.000036    34.2818    34.2801     7.6252    27.5546    27.5531    34.2815    27.5543    1446.05    1446.06    -0.5895  1027.7329    34.4431 0.0000e+00
       2592 313.380208 -9.990e-29  -58.44032      0.935    1445.83     38.000     37.632    -0.5904    -0.5895     0.0009    -0.5915    -0.5906     0.0009   2.801568   2.801496  -0.000058    34.2820    34.2802     7.6228    27.5548    27.5533    34.2817    27.5546    1446.06    1446.06    -0.5915  1027.7379    34.4434 0.0000e+00
       2619 313.380221 -9.990e-29  -58.44032      0.920    1445.83     39.000     38.622    -0.5940    -0.5933     0.0007    -0.5951    -0.5945     0.0007   2.801240   2.801209  -0.000046    34.2815    34.2802     7.6244    27.5546    27.5535    34.2807    27.5539    1446.06    1446.06    -0.5951  1027.7421    34.4424 0.0000e+00
       2645 313.380233 -9.990e-29  -58.44032      0.915    1445.83     40.000     39.612    -0.5977    -0.5973     0.0004    -0.5988    -0.5985     0.0004   2.800929   2.800899  -0.000011    34.2805    34.2799     7.6270    27.5539    27.5535    34.2801    27.5536    1446.06    1446.06    -0.5988  1027.7465    34.4417 0.0000e+00
       2670 313.380246  -62.13690  -58.44032      0.929    1445.83     41.000     40.603    -0.5997    -0.6002    -0.0005    -0.6009    -0.6014    -0.0005   2.800799   2.800712  -0.000080    34.2803    34.2799     7.6293    27.5539    27.5535    34.2800    27.5536    1446.06    1446.06    -0.6009  1027.7537    34.4446 0.0000e+00
       2696 313.380258  -62.13690  -58.44032      0.939    1445.83     42.000     41.593    -0.6018    -0.6011     0.0008    -0.6031    -0.6023     0.0008   2.800668   2.800673  -0.000011    34.2806    34.2795     7.6251    27.5542    27.5533    34.2801    27.5537    1446.07    1446.07    -0.6030  1027.7593    34.4455 0.0000e+00
       2722 313.380271  -62.13692  -58.44032      0.917    1445.83     43.000     42.583    -0.5999    -0.5992     0.0008    -0.6012    -0.6005     0.0008   2.800845   2.800881   0.000037    34.2798    34.2794     7.6188    27.5535    27.5531    34.2797    27.5534    1446.09    1446.10    -0.6012  1027.7637    34.4452 0.0000e+00
       2748 313.380283  -62.13692  -58.44032      0.927    1445.83     44.000     43.573    -0.5993    -0.5978     0.0015    -0.6006    -0.5991     0.0015   2.801003   2.801043   0.000046    34.2805    34.2795     7.6194    27.5540    27.5531    34.2804    27.5539    1446.12    1446.12    -0.6006  1027.7691    34.4459 0.0000e+00
       2772 313.380295  -62.13692  -58.44032      0.962    1445.83     45.000     44.563    -0.6018    -0.6007     0.0011    -0.6032    -0.6021     0.0011   2.800834   2.800837 -7.826e-07    34.2809    34.2797     7.6140    27.5545    27.5534    34.2804    27.5541    1446.12    1446.12    -0.6031  1027.7740    34.4459 0.0000e+00
       2795 313.380306  -62.13692  -58.44032      1.026    1445.83     46.000     45.553    -0.6023    -0.6013     0.0010    -0.6037    -0.6027     0.0010   2.800818   2.800833   0.000012    34.2804    34.2794     7.6078    27.5540    27.5532    34.2802    27.5539    1446.13    1446.13    -0.6036  1027.7786    34.4457 0.0000e+00
       2816 313.380316  -62.13692  -58.44032      1.085    1445.83     47.000     46.544    -0.5979    -0.5970     0.0008    -0.5993    -0.5984     0.0008   2.801287   2.801258  -0.000016    34.2803    34.2792     7.6090    27.5538    27.5528    34.2808    27.5542    1446.17    1446.17    -0.5992  1027.7837    34.4463 0.0000e+00
       2839 313.380327  -62.13692  -58.44032      1.089    1445.83     48.000     47.534    -0.5903    -0.5912    -0.0010    -0.5917    -0.5927    -0.0010   2.801906   2.801816  -0.000105    34.2790    34.2787     7.6139    27.5524    27.5522    34.2800    27.5532    1446.22    1446.22    -0.5917  1027.7875    34.4455 0.0000e+00
