Pos-Processados/process_op42/operantar42_028.cnv
* Sea-Bird SBE 9 Data File:
* FileName = C:\Users\Hidrografia\Desktop\OPXLII\Brutos\OP42028.hdr
* Software Version Seasave V 7.26.7.107
* Temperature SN = 6502
* Conductivity SN = 4998
* Number of Bytes Per Scan = 37
* Number of Voltage Words = 4
* Number of Scans Averaged by the Deck Unit = 1
* NMEA Latitude = 62 18.54 S
* NMEA Longitude = 058 32.92 W
* NMEA UTC (Time) = Nov 08 2023 22:59:21
* NMEA baud rate = 4800
** H41
** NPOALTEMAXIMIANO
** NUMERO DA ESTACAO (XXX) 028
** LAT (XX XX.XX S/N) 62 18.530 S
** LONG (XXX XX.XX W/E) 058 32.937 W
** DATAHORA (dd/mm/aaaa hh:mm Z) 08/11/2023 2258Z
** PROFUNDIDADE (m) 339
** OPERADOR CT FABIREZA
# nquan = 30
# nvalues = 747                         
# units = specified
# name 0 = scan: Scan Count
# name 1 = timeJ: Julian Days
# name 2 = latitude: Latitude [deg]
# name 3 = longitude: Longitude [deg]
# name 4 = dz/dtM: Descent Rate [m/s]
# name 5 = avgsvCM: Average Sound Velocity [Chen-Millero, m/s]
# name 6 = prDM: Pressure, Digiquartz [db]
# name 7 = depSM: Depth [salt water, m]
# name 8 = t090C: Temperature [ITS-90, deg C]
# name 9 = t190C: Temperature, 2 [ITS-90, deg C]
# name 10 = T2-T190C: Temperature Difference, 2 - 1 [ITS-90, deg C]
# name 11 = potemp090C: Potential Temperature [ITS-90, deg C]
# name 12 = potemp190C: Potential Temperature, 2 [ITS-90, deg C]
# name 13 = potemp90Cdiff: Potential Temperature, Diff, 2 - 1 [ITS-90, deg C]
# name 14 = c0S/m: Conductivity [S/m]
# name 15 = c1S/m: Conductivity, 2 [S/m]
# name 16 = C2-C1S/m: Conductivity Difference, 2 - 1 [S/m]
# name 17 = sal00: Salinity, Practical [PSU]
# name 18 = sal11: Salinity, Practical, 2 [PSU]
# name 19 = sbeox0ML/L: Oxygen, SBE 43 [ml/l]
# name 20 = sigma-é00: Density [sigma-theta, kg/m^3]
# name 21 = sigma-é11: Density, 2 [sigma-theta, kg/m^3]
# name 22 = sal00: Salinity, Practical [PSU]
# name 23 = sigma-é00: Density [sigma-theta, kg/m^3]
# name 24 = svCM: Sound Velocity [Chen-Millero, m/s]
# name 25 = svCM1: Sound Velocity, 2 [Chen-Millero, m/s]
# name 26 = gsw_ptA0: potential temperature [ITS-90, deg C]
# name 27 = gsw_densityA0: density, TEOS-10 [density, kg/m^3]
# name 28 = gsw_saA0: Absolute Salinity [g/kg]
# name 29 = flag:
# span 0 =       2738,      31078       
# span 1 = 312.959202, 312.972869       
# span 2 =  -62.31664,  -62.30974       
# span 3 =  -58.54835,  -58.54422       
# span 4 =     -1.196,      0.985       
# span 5 =       0.00,    1448.73       
# span 6 =      1.000,    375.000       
# span 7 =      1.101,    371.045       
# span 8 =    -0.6392,     0.0331       
# span 9 =    -0.6377,     0.0310       
# span 10 =    -0.0362,     0.0526      
# span 11 =    -0.6430,     0.0188      
# span 12 =    -0.6415,     0.0165      
# span 13 =    -0.0361,     0.0524      
# span 14 =   2.803185,   2.883344      
# span 15 =   2.803173,   2.883052      
# span 16 =  -0.003401,   0.005327      
# span 17 =    34.2960,    34.4642      
# span 18 =    34.2951,    34.4640      
# span 19 =     5.9105,     7.5105      
# span 20 =    27.5637,    27.6751      
# span 21 =    27.5627,    27.6727      
# span 22 =    34.2957,    34.4660      
# span 23 =    27.5637,    27.6742      
# span 24 =    1445.61,    1454.67      
# span 25 =    1445.61,    1454.67      
# span 26 =    -0.6429,     0.0189      
# span 27 =  1027.5751,  1029.4545      
# span 28 =    34.4585,    34.6337      
# span 29 = 0.0000e+00, 0.0000e+00      
# interval = decibars: 1                
# start_time = Nov 08 2023 22:59:21 [NMEA time, header]
# bad_flag = -9.990e-29
*END*
[from data line 291]
      11992 312.963665  -62.31201  -58.54667      0.285    1447.73    294.000    290.968    -0.5728    -0.5723     0.0004    -0.5823    -0.5818     0.0004   2.820091   2.820041  -0.000047    34.3537    34.3526     7.1508    27.6124    27.6115    34.3539    27.6126    1450.40    1450.40    -0.5821  1029.0211    34.5217 0.0000e+00
      12074 312.963704  -62.31203  -58.54666      0.310    1447.73    295.000    291.960    -0.5718    -0.5712     0.0006    -0.5813    -0.5808     0.0006   2.820265   2.820232  -0.000034    34.3543    34.3532     7.1429    27.6128    27.6119    34.3545    27.6130    1450.43    1450.43    -0.5812  1029.0263    34.5223 0.0000e+00
      12111 312.963722  -62.31204  -58.54666      0.597    1447.73    296.000    292.948    -0.5712    -0.5702     0.0010    -0.5808    -0.5798     0.0010   2.820390   2.820393   0.000007    34.3548    34.3537     7.1412    27.6133    27.6123    34.3549    27.6133    1450.44    1450.45    -0.5806  1029.0313    34.5227 0.0000e+00
      12148 312.963740  -62.31204  -58.54665      0.665    1447.73    297.000    293.935    -0.5711    -0.5704     0.0007    -0.5808    -0.5800     0.0007   2.820434   2.820423  -0.000012    34.3547    34.3537     7.1359    27.6132    27.6123    34.3548    27.6132    1450.46    1450.46    -0.5805  1029.0360    34.5227 0.0000e+00
      12194 312.963762  -62.31206  -58.54664      0.517    1448.03    298.000    294.924    -0.5707    -0.5702     0.0005    -0.5804    -0.5799     0.0005   2.820528   2.820494  -0.000037    34.3549    34.3539     7.1375    27.6134    27.6125    34.3550    27.6134    1450.48    1450.48    -0.5802  1029.0410    34.5229 0.0000e+00
      12254 312.963791  -62.31207  -58.54663      0.378    1448.03    299.000    295.914    -0.5713    -0.5706     0.0007    -0.5811    -0.5803     0.0007   2.820491   2.820487  -0.000001    34.3545    34.3537     7.1366    27.6131    27.6123    34.3546    27.6131    1450.49    1450.49    -0.5808  1029.0454    34.5225 0.0000e+00
      12319 312.963822  -62.31208  -58.54662      0.399    1448.03    300.000    296.903    -0.5711    -0.5702     0.0008    -0.5808    -0.5800     0.0008   2.820565   2.820560  -0.000007    34.3546    34.3536     7.1470    27.6131    27.6123    34.3547    27.6132    1450.51    1450.51    -0.5806  1029.0502    34.5226 0.0000e+00
      12355 312.963840  -62.31210  -58.54661      0.626    1448.03    301.000    297.891    -0.5701    -0.5699     0.0002    -0.5799    -0.5797     0.0002   2.820724   2.820660  -0.000058    34.3549    34.3539     7.1427    27.6133    27.6125    34.3551    27.6135    1450.53    1450.53    -0.5797  1029.0553    34.5230 0.0000e+00
      12395 312.963859  -62.31211  -58.54660      0.612    1448.03    302.000    298.880    -0.5693    -0.5687     0.0006    -0.5792    -0.5785     0.0006   2.820854   2.820834  -0.000022    34.3554    34.3544     7.1408    27.6137    27.6128    34.3554    27.6137    1450.55    1450.55    -0.5789  1029.0602    34.5233 0.0000e+00
      12433 312.963877  -62.31212  -58.54660      0.623    1448.03    303.000    299.869    -0.5703    -0.5699     0.0005    -0.5802    -0.5797     0.0005   2.820786   2.820754  -0.000034    34.3550    34.3540     7.1265    27.6134    27.6126    34.3550    27.6134    1450.56    1450.57    -0.5800  1029.0647    34.5229 0.0000e+00
      12472 312.963896  -62.31213  -58.54660      0.630    1448.03    304.000    300.858    -0.5712    -0.5704     0.0008    -0.5811    -0.5803     0.0008   2.820744   2.820727  -0.000015    34.3548    34.3537     7.1215    27.6132    27.6124    34.3548    27.6133    1450.57    1450.58    -0.5809  1029.0694    34.5227 0.0000e+00
      12509 312.963914  -62.31214  -58.54658      0.624    1448.03    305.000    301.847    -0.5707    -0.5700     0.0007    -0.5806    -0.5800     0.0007   2.820839   2.820828  -0.000007    34.3547    34.3539     7.1355    27.6132    27.6125    34.3549    27.6133    1450.59    1450.60    -0.5804  1029.0741    34.5228 0.0000e+00
      12543 312.963930  -62.31214  -58.54658      0.702    1448.03    306.000    302.836    -0.5680    -0.5676     0.0005    -0.5780    -0.5776     0.0005   2.821151   2.821156  -0.000002    34.3553    34.3548     7.1369    27.6135    27.6131    34.3555    27.6137    1450.62    1450.62    -0.5778  1029.0792    34.5234 0.0000e+00
      12577 312.963947  -62.31215  -58.54658      0.708    1448.03    307.000    303.825    -0.5683    -0.5675     0.0008    -0.5783    -0.5775     0.0008   2.821223   2.821208  -0.000013    34.3560    34.3549     7.1403    27.6141    27.6132    34.3561    27.6142    1450.64    1450.64    -0.5781  1029.0845    34.5240 0.0000e+00
      12612 312.963963  -62.31216  -58.54657      0.699    1448.03    308.000    304.810    -0.5676    -0.5676     0.0000    -0.5777    -0.5776     0.0000   2.821322   2.821242  -0.000077    34.3560    34.3549     7.1281    27.6141    27.6132    34.3561    27.6142    1450.66    1450.66    -0.5774  1029.0892    34.5240 0.0000e+00
      12649 312.963981  -62.31216  -58.54656      0.659    1448.03    309.000    305.806    -0.5673    -0.5669     0.0004    -0.5774    -0.5770     0.0004   2.821392   2.821364  -0.000030    34.3559    34.3550     7.1208    27.6140    27.6133    34.3561    27.6142    1450.68    1450.68    -0.5772  1029.0940    34.5240 0.0000e+00
      12685 312.963999  -62.31218  -58.54656      0.647    1448.03    310.000    306.792    -0.5663    -0.5654     0.0009    -0.5764    -0.5755     0.0009   2.821555   2.821575   0.000018    34.3564    34.3557     7.1227    27.6144    27.6137    34.3565    27.6145    1450.70    1450.70    -0.5762  1029.0990    34.5244 0.0000e+00
      12718 312.964015  -62.31218  -58.54656      0.719    1448.03    311.000    307.781    -0.5669    -0.5661     0.0008    -0.5771    -0.5763     0.0008   2.821549   2.821541  -0.000010    34.3564    34.3554     7.1213    27.6144    27.6136    34.3565    27.6145    1450.71    1450.71    -0.5768  1029.1038    34.5244 0.0000e+00
      12753 312.964032  -62.31220  -58.54656      0.695    1448.03    312.000    308.769    -0.5663    -0.5657     0.0006    -0.5765    -0.5759     0.0006   2.821642   2.821637  -0.000008    34.3564    34.3555     7.1232    27.6143    27.6136    34.3565    27.6144    1450.73    1450.73    -0.5763  1029.1085    34.5244 0.0000e+00
      12787 312.964048  -62.31220  -58.54654      0.689    1448.03    313.000    309.758    -0.5659    -0.5652     0.0008    -0.5762    -0.5754     0.0008   2.821726   2.821743   0.000021    34.3564    34.3558     7.1282    27.6144    27.6138    34.3566    27.6145    1450.75    1450.75    -0.5759  1029.1133    34.5245 0.0000e+00
      12818 312.964063  -62.31220  -58.54654      0.758    1448.03    314.000    310.748    -0.5655    -0.5647     0.0008    -0.5758    -0.5750     0.0008   2.821837   2.821836   0.000003    34.3567    34.3559     7.1226    27.6146    27.6139    34.3570    27.6148    1450.77    1450.77    -0.5756  1029.1183    34.5249 0.0000e+00
      12853 312.964080  -62.31222  -58.54652      0.729    1448.03    315.000    311.728    -0.5611    -0.5616    -0.0006    -0.5714    -0.5719    -0.0006   2.822331   2.822207  -0.000121    34.3575    34.3565     7.1193    27.6150    27.6143    34.3580    27.6154    1450.81    1450.80    -0.5712  1029.1237    34.5259 0.0000e+00
      12902 312.964103  -62.31222  -58.54652      0.475    1448.03    316.000    312.733    -0.5589    -0.5583     0.0006    -0.5692    -0.5686     0.0006   2.822613   2.822601  -0.000007    34.3583    34.3575     7.1136    27.6156    27.6149    34.3587    27.6159    1450.83    1450.83    -0.5690  1029.1260    34.5231 0.0000e+00
      12945 312.964124 -9.990e-29  -58.54652      0.554    1448.03    317.000    313.714    -0.5540    -0.5549    -0.0009    -0.5644    -0.5653    -0.0009   2.823126   2.823002  -0.000124    34.3591    34.3584     7.1006    27.6160    27.6155    34.3595    27.6163    1450.87    1450.87    -0.5642  1029.1292    34.5215 0.0000e+00
      12983 312.964143  -62.31224  -58.54651      0.620    1448.03    318.000    314.703    -0.5535    -0.5527     0.0007    -0.5639    -0.5632     0.0007   2.823305   2.823295  -0.000011    34.3600    34.3590     7.0843    27.6167    27.6159    34.3607    27.6173    1450.89    1450.90    -0.5637  1029.1353    34.5232 0.0000e+00
      13015 312.964158  -62.31226  -58.54650      0.721    1448.03    319.000    315.691    -0.5471    -0.5466     0.0006    -0.5576    -0.5570     0.0006   2.823944   2.823970   0.000017    34.3606    34.3602     7.0739    27.6169    27.6165    34.3614    27.6176    1450.94    1450.94    -0.5574  1029.1447    34.5294 0.0000e+00
      13043 312.964171  -62.31226  -58.54650      0.842    1448.03    320.000    316.681    -0.5446    -0.5436     0.0010    -0.5551    -0.5542     0.0010   2.824297   2.824305   0.000008    34.3621    34.3611     7.0768    27.6180    27.6172    34.3627    27.6185    1450.97    1450.97    -0.5549  1029.1504    34.5307 0.0000e+00
      13077 312.964188  -62.31227  -58.54650      0.744    1448.03    321.000    317.669    -0.5416    -0.5411     0.0005    -0.5522    -0.5517     0.0005   2.824646   2.824617  -0.000025    34.3625    34.3616     7.0687    27.6182    27.6174    34.3635    27.6190    1451.00    1451.00    -0.5520  1029.1555    34.5314 0.0000e+00
      13114 312.964206  -62.31228  -58.54650      0.627    1448.03    322.000    318.658    -0.5361    -0.5358     0.0003    -0.5467    -0.5464     0.0003   2.825234   2.825193  -0.000035    34.3639    34.3631     7.0569    27.6191    27.6184    34.3645    27.6196    1451.05    1451.05    -0.5465  1029.1608    34.5324 0.0000e+00
      13147 312.964222  -62.31228  -58.54648      0.712    1448.03    323.000    319.647    -0.5358    -0.5355     0.0002    -0.5465    -0.5462     0.0002   2.825343   2.825306  -0.000054    34.3643    34.3633     7.0513    27.6194    27.6186    34.3650    27.6200    1451.06    1451.06    -0.5463  1029.1660    34.5330 0.0000e+00
      13181 312.964238  -62.31230  -58.54648      0.716    1448.03    324.000    320.636    -0.5288    -0.5272     0.0016    -0.5395    -0.5380     0.0016   2.826026   2.826166   0.000125    34.3644    34.3643     7.0344    27.6192    27.6191    34.3657    27.6203    1451.11    1451.12    -0.5393  1029.1709    34.5337 0.0000e+00
      13214 312.964254  -62.31230  -58.54648      0.708    1448.03    325.000    321.625    -0.5175    -0.5160     0.0015    -0.5283    -0.5268     0.0015   2.827137   2.827325   0.000206    34.3657    34.3668     7.0219    27.6198    27.6206    34.3672    27.6209    1451.18    1451.19    -0.5281  1029.1762    34.5352 0.0000e+00
      13244 312.964268  -62.31231  -58.54647      0.786    1448.03    326.000    322.613    -0.5118    -0.5114     0.0004    -0.5227    -0.5223     0.0004   2.827799   2.827821   0.000028    34.3680    34.3679     7.0148    27.6214    27.6213    34.3691    27.6222    1451.23    1451.23    -0.5224  1029.1822    34.5371 0.0000e+00
      13274 312.964283  -62.31232  -58.54646      0.810    1448.03    327.000    323.603    -0.5156    -0.5144     0.0012    -0.5264    -0.5252     0.0012   2.827574   2.827573  -0.000002    34.3693    34.3679     7.0127    27.6226    27.6214    34.3697    27.6229    1451.23    1451.23    -0.5263  1029.1876    34.5376 0.0000e+00
      13309 312.964300  -62.31232  -58.54646      0.716    1448.03    328.000    324.591    -0.5192    -0.5181     0.0011    -0.5301    -0.5290     0.0011   2.827227   2.827253  -0.000003    34.3684    34.3671     6.9901    27.6220    27.6209    34.3686    27.6221    1451.23    1451.23    -0.5299  1029.1917    34.5365 0.0000e+00
      13341 312.964315  -62.31233  -58.54645      0.722    1448.03    329.000    325.580    -0.5184    -0.5174     0.0010    -0.5294    -0.5284     0.0010   2.827378   2.827375   0.000023    34.3683    34.3674     6.9739    27.6219    27.6211    34.3691    27.6225    1451.25    1451.25    -0.5291  1029.1968    34.5371 0.0000e+00
      13368 312.964328  -62.31234  -58.54644      0.834    1448.03    330.000    326.569    -0.5159    -0.5152     0.0007    -0.5268    -0.5262     0.0007   2.827639   2.827620  -0.000014    34.3685    34.3676     6.9735    27.6220    27.6212    34.3690    27.6224    1451.28    1451.28    -0.5266  1029.2014    34.5370 0.0000e+00
      13399 312.964343  -62.31234  -58.54644      0.828    1448.03    331.000    327.558    -0.5145    -0.5140     0.0005    -0.5255    -0.5250     0.0005   2.827807   2.827790  -0.000018    34.3687    34.3680     6.9751    27.6221    27.6214    34.3691    27.6224    1451.30    1451.30    -0.5253  1029.2061    34.5371 0.0000e+00
      13433 312.964360  -62.31236  -58.54644      0.699    1448.03    332.000    328.547    -0.5138    -0.5135     0.0004    -0.5249    -0.5245     0.0004   2.827929   2.827885  -0.000040    34.3690    34.3680     6.9756    27.6222    27.6214    34.3694    27.6226    1451.32    1451.32    -0.5247  1029.2111    34.5374 0.0000e+00
      13465 312.964375  -62.31236  -58.54643      0.735    1448.03    333.000    329.535    -0.5115    -0.5112     0.0003    -0.5226    -0.5223     0.0003   2.828214   2.828184  -0.000034    34.3694    34.3686     6.9779    27.6225    27.6218    34.3700    27.6230    1451.35    1451.35    -0.5224  1029.2161    34.5380 0.0000e+00
      13500 312.964392  -62.31237  -58.54642      0.714    1448.03    334.000    330.524    -0.5095    -0.5095     0.0000    -0.5206    -0.5206     0.0000   2.828436   2.828376  -0.000056    34.3697    34.3689     6.9811    27.6227    27.6220    34.3701    27.6230    1451.37    1451.37    -0.5204  1029.2209    34.5381 0.0000e+00
      13541 312.964411  -62.31238  -58.54642      0.584    1448.03    335.000    331.513    -0.5063    -0.5070    -0.0007    -0.5175    -0.5182    -0.0007   2.828783   2.828698  -0.000090    34.3699    34.3694     6.9677    27.6226    27.6223    34.3706    27.6232    1451.41    1451.40    -0.5173  1029.2259    34.5386 0.0000e+00
      13574 312.964428  -62.31239  -58.54640      0.683    1448.03    336.000    332.501    -0.5020    -0.5016     0.0003    -0.5132    -0.5129     0.0003   2.829277   2.829257  -0.000001    34.3710    34.3706     6.9697    27.6234    27.6230    34.3717    27.6239    1451.44    1451.44    -0.5130  1029.2312    34.5397 0.0000e+00
      13604 312.964442  -62.31240  -58.54640      0.791    1448.05    337.000    333.490    -0.5028    -0.5033    -0.0005    -0.5140    -0.5146    -0.0005   2.829274   2.829154  -0.000129    34.3717    34.3706     6.9672    27.6240    27.6231    34.3719    27.6241    1451.46    1451.45    -0.5138  1029.2362    34.5399 0.0000e+00
      13636 312.964458  -62.31240  -58.54640      0.764 -9.990e-29    338.000    334.479    -0.5010    -0.4998     0.0012    -0.5123    -0.5111     0.0012   2.829512   2.829541   0.000023    34.3718    34.3707     6.9586    27.6239    27.6231    34.3725    27.6245    1451.48    1451.48    -0.5121  1029.2414    34.5405 0.0000e+00
      13666 312.964472  -62.31242  -58.54640      0.779 -9.990e-29    339.000    335.468    -0.4978    -0.4971     0.0007    -0.5092    -0.5084     0.0007   2.829872   2.829847  -0.000026    34.3727    34.3715     6.9463    27.6245    27.6235    34.3732    27.6249    1451.51    1451.52    -0.5090  1029.2464    34.5412 0.0000e+00
      13691 312.964484  -62.31242  -58.54640      0.892    1448.37    340.000    336.457    -0.4972    -0.4963     0.0009    -0.5086    -0.5077     0.0009   2.829979   2.829978   0.000007    34.3728    34.3718     6.9414    27.6246    27.6238    34.3733    27.6250    1451.53    1451.54    -0.5084  1029.2513    34.5413 0.0000e+00
