Pos-Processados/process_op42/operantar42_035.cnv
* Sea-Bird SBE 9 Data File:
* FileName = C:\Users\Hidrografia\Desktop\OPXLII\Brutos\OP42035.hdr
* Software Version Seasave V 7.26.7.107
* Temperature SN = 6502
* Conductivity SN = 4998
* Number of Bytes Per Scan = 37
* Number of Voltage Words = 4
* Number of Scans Averaged by the Deck Unit = 1
* NMEA Latitude = 62 08.15 S
* NMEA Longitude = 058 26.56 W
* NMEA UTC (Time) = Nov 09 2023 10:06:19
* NMEA baud rate = 4800
** H41
** NPOALTEMAXIMIANO
** NUMERO DA ESTACAO (XXX) 035
** LAT (XX XX.XX S/N) 62 08.14 S
** LONG (XXX XX.XX W/E) 058 26.57 W
** DATAHORA (dd/mm/aaaa hh:mm Z) 09/11/2023 1005Z
** PROFUNDIDADE (m) 424
** OPERADOR CT FABIREZA
# nquan = 30
# nvalues = 793                         
# units = specified
# name 0 = scan: Scan Count
# name 1 = timeJ: Julian Days
# name 2 = latitude: Latitude [deg]
# name 3 = longitude: Longitude [deg]
# name 4 = dz/dtM: Descent Rate [m/s]
# name 5 = avgsvCM: Average Sound Velocity [Chen-Millero, m/s]
# name 6 = prDM: Pressure, Digiquartz [db]
# name 7 = depSM: Depth [salt water, m]
# name 8 = t090C: Temperature [ITS-90, deg C]
# name 9 = t190C: Temperature, 2 [ITS-90, deg C]
# name 10 = T2-T190C: Temperature Difference, 2 - 1 [ITS-90, deg C]
# name 11 = potemp090C: Potential Temperature [ITS-90, deg C]
# name 12 = potemp190C: Potential Temperature, 2 [ITS-90, deg C]
# name 13 = potemp90Cdiff: Potential Temperature, Diff, 2 - 1 [ITS-90, deg C]
# name 14 = c0S/m: Conductivity [S/m]
# name 15 = c1S/m: Conductivity, 2 [S/m]
# name 16 = C2-C1S/m: Conductivity Difference, 2 - 1 [S/m]
# name 17 = sal00: Salinity, Practical [PSU]
# name 18 = sal11: Salinity, Practical, 2 [PSU]
# name 19 = sbeox0ML/L: Oxygen, SBE 43 [ml/l]
# name 20 = sigma-é00: Density [sigma-theta, kg/m^3]
# name 21 = sigma-é11: Density, 2 [sigma-theta, kg/m^3]
# name 22 = sal00: Salinity, Practical [PSU]
# name 23 = sigma-é00: Density [sigma-theta, kg/m^3]
# name 24 = svCM: Sound Velocity [Chen-Millero, m/s]
# name 25 = svCM1: Sound Velocity, 2 [Chen-Millero, m/s]
# name 26 = gsw_ptA0: potential temperature [ITS-90, deg C]
# name 27 = gsw_densityA0: density, TEOS-10 [density, kg/m^3]
# name 28 = gsw_saA0: Absolute Salinity [g/kg]
# name 29 = flag:
# span 0 =       1917,      25779       
# span 1 = 313.421977, 313.433485       
# span 2 =  -62.14015,  -62.13608       
# span 3 =  -58.44282,  -58.44064       
# span 4 =     -1.204,      1.172       
# span 5 =       0.00,    1455.47       
# span 6 =      2.000,    398.000       
# span 7 =      1.982,    393.798       
# span 8 =    -0.8118,    -0.5498       
# span 9 =    -0.8120,    -0.5490       
# span 10 =    -0.0113,     0.0156      
# span 11 =    -0.8189,    -0.5500      
# span 12 =    -0.8189,    -0.5492      
# span 13 =    -0.0113,     0.0156      
# span 14 =   2.793609,   2.823585      
# span 15 =   2.793581,   2.823522      
# span 16 =  -0.000959,   0.001362      
# span 17 =    34.2780,    34.3927      
# span 18 =    34.2773,    34.3917      
# span 19 =     6.7875,     7.6635      
# span 20 =    27.5521,    27.6463      
# span 21 =    27.5517,    27.6455      
# span 22 =    34.2786,    34.3928      
# span 23 =    27.5526,    27.6464      
# span 24 =    1445.60,    1451.93      
# span 25 =    1445.60,    1451.93      
# span 26 =    -0.8187,    -0.5500      
# span 27 =  1027.5651,  1029.5484      
# span 28 =    34.4413,    34.5629      
# span 29 = 0.0000e+00, 0.0000e+00      
# interval = decibars: 1                
# start_time = Nov 09 2023 10:06:19 [NMEA time, header]
# bad_flag = -9.990e-29
*END*
[from data line 387]
      13380 313.427505  -62.13808  -58.44224      0.376    1448.29    389.000    384.908    -0.6321    -0.6314     0.0007    -0.6449    -0.6442     0.0007   2.821973   2.821963  -0.000011    34.3887    34.3878     6.8294    27.6435    27.6427    34.3887    27.6435    1451.72    1451.73    -0.6446  1029.5036    34.5565 0.0000e+00
      13430 313.427530  -62.13808  -58.44224      0.479    1448.29    390.000    385.893    -0.6320    -0.6312     0.0008    -0.6448    -0.6440     0.0008   2.822037   2.822041   0.000004    34.3888    34.3879     6.8293    27.6436    27.6428    34.3888    27.6436    1451.74    1451.75    -0.6446  1029.5069    34.5547 0.0000e+00
      13485 313.427556  -62.13810  -58.44224      0.437    1448.29    391.000    386.884    -0.6322    -0.6314     0.0008    -0.6451    -0.6442     0.0008   2.822078   2.822078 -8.534e-07    34.3890    34.3880     6.8293    27.6437    27.6429    34.3890    27.6437    1451.76    1451.76    -0.6448  1029.5136    34.5571 0.0000e+00
      13543 313.427584  -62.13811  -58.44223      0.408    1448.29    392.000    387.871    -0.6287    -0.6282     0.0005    -0.6416    -0.6411     0.0005   2.822459   2.822438  -0.000020    34.3892    34.3884     6.8181    27.6438    27.6431    34.3895    27.6440    1451.79    1451.79    -0.6413  1029.5186    34.5577 0.0000e+00
      13594 313.427608  -62.13812  -58.44222      0.479    1448.29    393.000    388.860    -0.6280    -0.6273     0.0007    -0.6409    -0.6402     0.0007   2.822589   2.822583  -0.000006    34.3897    34.3889     6.8233    27.6442    27.6434    34.3899    27.6443    1451.81    1451.81    -0.6407  1029.5236    34.5581 0.0000e+00
      13646 313.427634  -62.13813  -58.44222      0.457    1448.29    394.000    389.846    -0.6286    -0.6279     0.0006    -0.6416    -0.6409     0.0006   2.822585   2.822570  -0.000013    34.3898    34.3889     6.8249    27.6443    27.6435    34.3899    27.6443    1451.82    1451.83    -0.6413  1029.5284    34.5581 0.0000e+00
      13709 313.427664  -62.13814  -58.44221      0.373    1448.29    395.000    390.839    -0.6290    -0.6283     0.0006    -0.6420    -0.6413     0.0006   2.822621   2.822613  -0.000014    34.3901    34.3892     6.8204    27.6445    27.6438    34.3902    27.6446    1451.84    1451.84    -0.6417  1029.5334    34.5584 0.0000e+00
      13762 313.427689  -62.13814  -58.44220      0.465    1448.29    396.000    391.824    -0.6266    -0.6260     0.0006    -0.6396    -0.6391     0.0006   2.822965   2.822960 -7.115e-07    34.3913    34.3906     6.8234    27.6454    27.6448    34.3915    27.6455    1451.87    1451.87    -0.6394  1029.5404    34.5613 0.0000e+00
      13819 313.427717  -62.13816 -9.990e-29      0.409    1448.29    397.000    392.815    -0.6249    -0.6244     0.0005    -0.6380    -0.6375     0.0005   2.823195   2.823165  -0.000032    34.3919    34.3909     6.8086    27.6458    27.6450    34.3921    27.6459    1451.89    1451.89    -0.6377  1029.5463    34.5629 0.0000e+00
      14179 313.427890  -62.13820  -58.44214      0.117    1448.29    398.000    393.798    -0.6214    -0.6213     0.0002    -0.6346    -0.6344     0.0002   2.823585   2.823522  -0.000063    34.3927    34.3917     6.7977    27.6463    27.6455    34.3928    27.6464    1451.93    1451.93    -0.6343  1029.5484    34.5598 0.0000e+00
      14623 313.428105  -62.13830  -58.44210     -0.526    1448.29    397.000    392.814    -0.6248    -0.6238     0.0010    -0.6379    -0.6369     0.0010   2.823153   2.823182   0.000027    34.3918    34.3910     6.7875    27.6457    27.6450    34.3915    27.6454    1451.89    1451.90    -0.6376  1029.5438    34.5597 0.0000e+00
      14653 313.428119  -62.13830  -58.44209     -0.631    1448.29    396.000    391.825    -0.6260    -0.6256     0.0003    -0.6391    -0.6387     0.0003   2.823023   2.822976  -0.000050    34.3918    34.3908     6.7917    27.6458    27.6449    34.3917    27.6456    1451.87    1451.87    -0.6388  1029.5392    34.5599 0.0000e+00
      14685 313.428134  -62.13830  -58.44208     -0.733    1448.29    395.000    390.837    -0.6272    -0.6258     0.0013    -0.6402    -0.6389     0.0013   2.822829   2.822906   0.000066    34.3913    34.3907     6.7964    27.6454    27.6449    34.3910    27.6452    1451.85    1451.85    -0.6400  1029.5340    34.5592 0.0000e+00
      14717 313.428150  -62.13832  -58.44208     -0.754    1448.29    394.000    389.848    -0.6283    -0.6269     0.0014    -0.6413    -0.6399     0.0014   2.822658   2.822742   0.000082    34.3908    34.3903     6.8074    27.6451    27.6446    34.3905    27.6448    1451.83    1451.83    -0.6410  1029.5290    34.5587 0.0000e+00
      14750 313.428166  -62.13832  -58.44208     -0.731    1448.29    393.000    388.860    -0.6285    -0.6278     0.0007    -0.6414    -0.6407     0.0007   2.822593   2.822581  -0.000010    34.3907    34.3897     6.8157    27.6449    27.6442    34.3905    27.6448    1451.81    1451.81    -0.6412  1029.5241    34.5587 0.0000e+00
      14781 313.428181  -62.13832  -58.44208     -0.762    1448.29    392.000    387.874    -0.6282    -0.6277     0.0005    -0.6411    -0.6406     0.0005   2.822537   2.822518  -0.000017    34.3901    34.3893     6.8123    27.6445    27.6438    34.3900    27.6444    1451.79    1451.79    -0.6408  1029.5190    34.5582 0.0000e+00
      14815 313.428197  -62.13834  -58.44206     -0.729    1448.29    391.000    386.881    -0.6283    -0.6275     0.0008    -0.6412    -0.6404     0.0008   2.822461   2.822477   0.000015    34.3898    34.3891     6.8163    27.6443    27.6437    34.3897    27.6442    1451.78    1451.78    -0.6409  1029.5141    34.5579 0.0000e+00
      14858 313.428218  -62.13834  -58.44206     -0.563    1448.29    390.000    385.894    -0.6283    -0.6273     0.0010    -0.6412    -0.6402     0.0010   2.822424   2.822473   0.000047    34.3900    34.3895     6.8155    27.6444    27.6439    34.3899    27.6443    1451.76    1451.76    -0.6409  1029.5105    34.5595 0.0000e+00
      14897 313.428237  -62.13834 -9.990e-29     -0.600    1448.29    389.000    384.906    -0.6287    -0.6279     0.0008    -0.6415    -0.6407     0.0008   2.822318   2.822310  -0.000006    34.3896    34.3886     6.8123    27.6440    27.6432    34.3894    27.6439    1451.74    1451.74    -0.6412  1029.5064    34.5602 0.0000e+00
      14927 313.428252  -62.13835 -9.990e-29     -0.748    1448.29    388.000    383.917    -0.6288    -0.6281     0.0008    -0.6416    -0.6409     0.0008   2.822242   2.822231  -0.000010    34.3893    34.3883     6.8106    27.6439    27.6430    34.3892    27.6437    1451.72    1451.73    -0.6413  1029.5014    34.5599 0.0000e+00
      14958 313.428266  -62.13836  -58.44204     -0.797    1448.29    387.000    382.929    -0.6289    -0.6282     0.0007    -0.6417    -0.6409     0.0007   2.822186   2.822164  -0.000023    34.3892    34.3881     6.8052    27.6438    27.6429    34.3891    27.6437    1451.71    1451.71    -0.6414  1029.4954    34.5583 0.0000e+00
      14989 313.428281  -62.13836  -58.44204     -0.778    1448.29    386.000    381.940    -0.6290    -0.6282     0.0007    -0.6417    -0.6409     0.0007   2.822146   2.822131  -0.000016    34.3894    34.3883     6.8177    27.6439    27.6430    34.3893    27.6438    1451.69    1451.69    -0.6414  1029.4900    34.5575 0.0000e+00
      15023 313.428297  -62.13837  -58.44204     -0.719    1448.29    385.000    380.951    -0.6293    -0.6282     0.0011    -0.6420    -0.6409     0.0011   2.822064   2.822091   0.000024    34.3893    34.3884     6.8307    27.6439    27.6431    34.3892    27.6437    1451.67    1451.68    -0.6417  1029.4851    34.5573 0.0000e+00
      15052 313.428311  -62.13838  -58.44204     -0.773    1448.29    384.000    379.963    -0.6303    -0.6291     0.0012    -0.6429    -0.6417     0.0012   2.821906   2.821941   0.000035    34.3890    34.3881     6.8217    27.6437    27.6429    34.3888    27.6435    1451.65    1451.66    -0.6427  1029.4801    34.5569 0.0000e+00
      15076 313.428323  -62.13838  -58.44202     -0.915    1448.29    383.000    378.974    -0.6306    -0.6291     0.0015    -0.6431    -0.6416     0.0015   2.821815   2.821880   0.000055    34.3885    34.3875     6.8246    27.6432    27.6424    34.3884    27.6432    1451.63    1451.64    -0.6429  1029.4751    34.5566 0.0000e+00
      15098 313.428334  -62.13838  -58.44202     -1.032    1448.29    382.000    377.986    -0.6287    -0.6247     0.0040    -0.6412    -0.6373     0.0040   2.821959   2.822165   0.000212    34.3885    34.3869     6.8193    27.6432    27.6417    34.3889    27.6435    1451.63    1451.64    -0.6410  1029.4706    34.5570 0.0000e+00
      15119 313.428344  -62.13838  -58.44202     -1.119    1448.29    381.000    376.997    -0.6240    -0.6230     0.0011    -0.6366    -0.6355     0.0011   2.822259   2.822267   0.000002    34.3879    34.3867     6.8265    27.6425    27.6415    34.3883    27.6428    1451.63    1451.63    -0.6363  1029.4651    34.5564 0.0000e+00
      15140 313.428354  -62.13839  -58.44202     -1.148    1448.29    380.000    376.009    -0.6223    -0.6179     0.0043    -0.6347    -0.6304     0.0043   2.822376   2.822612   0.000231    34.3879    34.3861     6.8255    27.6424    27.6407    34.3884    27.6428    1451.62    1451.64    -0.6345  1029.4604    34.5566 0.0000e+00
      15163 313.428365  -62.13840  -58.44202     -1.098    1448.29    379.000    375.020    -0.6182    -0.6170     0.0012    -0.6306    -0.6294     0.0012   2.822628   2.822632   0.000014    34.3874    34.3862     6.8219    27.6419    27.6408    34.3878    27.6421    1451.63    1451.63    -0.6304  1029.4549    34.5559 0.0000e+00
      15188 313.428377  -62.13840  -58.44201     -1.007    1448.29    378.000    374.031    -0.6182    -0.6174     0.0008    -0.6306    -0.6298     0.0008   2.822508   2.822540   0.000014    34.3869    34.3861     6.8352    27.6414    27.6407    34.3868    27.6413    1451.61    1451.61    -0.6304  1029.4494    34.5549 0.0000e+00
      15213 313.428389  -62.13840  -58.44200     -0.947    1448.29    377.000    373.043    -0.6217    -0.6193     0.0024    -0.6341    -0.6317     0.0024   2.822118   2.822309   0.000188    34.3862    34.3860     6.8287    27.6410    27.6408    34.3861    27.6409    1451.57    1451.59    -0.6338  1029.4443    34.5542 0.0000e+00
      15238 313.428401  -62.13841  -58.44200     -0.958    1448.29    376.000    372.054    -0.6235    -0.6200     0.0035    -0.6358    -0.6323     0.0035   2.821889   2.822172   0.000277    34.3858    34.3856     6.8236    27.6408    27.6404    34.3856    27.6406    1451.55    1451.56    -0.6356  1029.4392    34.5538 0.0000e+00
      15260 313.428412  -62.13842  -58.44200     -1.036    1448.29    375.000    371.065    -0.6241    -0.6226     0.0015    -0.6364    -0.6349     0.0015   2.821793   2.821841   0.000071    34.3858    34.3850     6.8191    27.6408    27.6401    34.3857    27.6407    1451.53    1451.53    -0.6362  1029.4346    34.5538 0.0000e+00
      15282 313.428423  -62.13842  -58.44200     -1.080    1448.29    374.000    370.077    -0.6246    -0.6237     0.0009    -0.6369    -0.6360     0.0009   2.821688   2.821686 -4.687e-07    34.3855    34.3845     6.8319    27.6406    27.6397    34.3855    27.6405    1451.51    1451.51    -0.6366  1029.4296    34.5536 0.0000e+00
      15304 313.428433  -62.13842  -58.44200     -1.092    1448.29    373.000    369.089    -0.6254    -0.6244     0.0009    -0.6376    -0.6366     0.0009   2.821557   2.821571   0.000010    34.3854    34.3845     6.8469    27.6405    27.6397    34.3851    27.6403    1451.49    1451.49    -0.6374  1029.4247    34.5532 0.0000e+00
      15326 313.428444  -62.13843  -58.44200     -1.086    1448.29    372.000    368.100    -0.6271    -0.6249     0.0022    -0.6393    -0.6371     0.0022   2.821340   2.821492   0.000127    34.3853    34.3844     6.8472    27.6405    27.6397    34.3848    27.6401    1451.46    1451.47    -0.6390  1029.4197    34.5529 0.0000e+00
      15352 313.428456  -62.13844  -58.44199     -1.002    1448.29    371.000    367.111    -0.6323    -0.6263     0.0060    -0.6444    -0.6384     0.0060   2.820769   2.821301   0.000518    34.3842    34.3844     6.8507    27.6398    27.6397    34.3835    27.6393    1451.42    1451.45    -0.6442  1029.4143    34.5516 0.0000e+00
      15378 313.428469  -62.13844  -58.44198     -0.921    1448.29    370.000    366.123    -0.6350    -0.6306     0.0044    -0.6471    -0.6427     0.0044   2.820435   2.820805   0.000383    34.3834    34.3835     6.8407    27.6393    27.6392    34.3828    27.6388    1451.39    1451.41    -0.6468  1029.4091    34.5509 0.0000e+00
      15402 313.428481  -62.13844  -58.44198     -0.943    1448.29    369.000    365.134    -0.6368    -0.6340     0.0028    -0.6488    -0.6460     0.0028   2.820187   2.820399   0.000212    34.3827    34.3823     6.8490    27.6388    27.6384    34.3820    27.6383    1451.37    1451.38    -0.6486  1029.4038    34.5501 0.0000e+00
      15425 313.428491  -62.13844  -58.44198     -1.025    1448.29    368.000    364.145    -0.6383    -0.6370     0.0012    -0.6503    -0.6490     0.0012   2.820025   2.820024   0.000020    34.3826    34.3814     6.8543    27.6388    27.6378    34.3822    27.6384    1451.34    1451.35    -0.6500  1029.3992    34.5503 0.0000e+00
      15447 313.428502  -62.13845  -58.44198     -1.091    1448.29    367.000    363.156    -0.6391    -0.6386     0.0005    -0.6511    -0.6506     0.0005   2.819859   2.819828  -0.000025    34.3820    34.3811     6.8598    27.6383    27.6376    34.3815    27.6379    1451.32    1451.32    -0.6508  1029.3943    34.5500 0.0000e+00
      15473 313.428515  -62.13846 -9.990e-29     -0.998    1448.29    366.000    362.168    -0.6396    -0.6371     0.0025    -0.6516    -0.6491     0.0025   2.819773   2.819960   0.000157    34.3819    34.3812     6.8709    27.6383    27.6376    34.3815    27.6380    1451.30    1451.31    -0.6513  1029.3914    34.5522 0.0000e+00
      15501 313.428528  -62.13846 -9.990e-29     -0.860    1448.29    365.000    361.179    -0.6397    -0.6368     0.0028    -0.6515    -0.6487     0.0028   2.819697   2.819892   0.000214    34.3815    34.3811     6.8733    27.6379    27.6375    34.3812    27.6377    1451.29    1451.30    -0.6513  1029.3863    34.5518 0.0000e+00
      15531 313.428543  -62.13846 -9.990e-29     -0.813    1448.29    364.000    360.191    -0.6427    -0.6397     0.0030    -0.6545    -0.6516     0.0030   2.819314   2.819559   0.000229    34.3808    34.3805     6.8766    27.6375    27.6372    34.3800    27.6369    1451.26    1451.27    -0.6543  1029.3808    34.5506 0.0000e+00
      15558 313.428556  -62.13846  -58.44196     -0.861    1448.29    363.000    359.202    -0.6449    -0.6420     0.0029    -0.6567    -0.6538     0.0029   2.819067   2.819270   0.000213    34.3802    34.3797     6.8788    27.6371    27.6366    34.3798    27.6368    1451.23    1451.24    -0.6565  1029.3718    34.5452 0.0000e+00
      15583 313.428568 -9.990e-29  -58.44196     -0.925    1448.29    362.000    358.213    -0.6456    -0.6446     0.0010    -0.6573    -0.6563     0.0010   2.818897   2.818958   0.000057    34.3795    34.3791     6.8890    27.6366    27.6362    34.3789    27.6361    1451.21    1451.21    -0.6571  1029.3637    34.5410 0.0000e+00
      15608 313.428580 -9.990e-29  -58.44196     -0.954    1448.29    361.000    357.225    -0.6465    -0.6449     0.0016    -0.6582    -0.6566     0.0016   2.818780   2.818855   0.000093    34.3792    34.3786     6.8781    27.6364    27.6358    34.3789    27.6361    1451.19    1451.19    -0.6580  1029.3590    34.5410 0.0000e+00
      15636 313.428593 -9.990e-29  -58.44194     -0.901    1448.29    360.000    356.236    -0.6442    -0.6449    -0.0006    -0.6559    -0.6566    -0.0006   2.818855   2.818803  -0.000044    34.3781    34.3782     6.8868    27.6354    27.6355    34.3780    27.6353    1451.18    1451.18    -0.6557  1029.3534    34.5401 0.0000e+00
