Pos-Processados/process_op42/operantar42_017.cnv
* Sea-Bird SBE 9 Data File:
* FileName = C:\Users\Hidrografia\Desktop\OPXLII\Brutos\OP42017.hdr
* Software Version Seasave V 7.26.7.107
* Temperature SN = 6502
* Conductivity SN = 4998
* Number of Bytes Per Scan = 37
* Number of Voltage Words = 4
* Number of Scans Averaged by the Deck Unit = 1
* NMEA Latitude = 62 11.60 S
* NMEA Longitude = 058 03.21 W
* NMEA UTC (Time) = Nov 07 2023 10:12:31
* NMEA baud rate = 4800
** H41
** NPOALTEMAXIMIANO
** NUMERO DA ESTACAO (XXX) 017
** LAT (XX XX.XX S/N) 62 11.58 S
** LONG (XXX XX.XX W/E) 058 03.19 W
** DATAHORA (dd/mm/aaaa hh:mm Z) 07/11/2023 1011Z
** PROFUNDIDADE (m) 523
** OPERADOR CT FABIREZA
# nquan = 30
# nvalues = 1046                        
# units = specified
# name 0 = scan: Scan Count
# name 1 = timeJ: Julian Days
# name 2 = latitude: Latitude [deg]
# name 3 = longitude: Longitude [deg]
# name 4 = dz/dtM: Descent Rate [m/s]
# name 5 = avgsvCM: Average Sound Velocity [Chen-Millero, m/s]
# name 6 = prDM: Pressure, Digiquartz [db]
# name 7 = depSM: Depth [salt water, m]
# name 8 = t090C: Temperature [ITS-90, deg C]
# name 9 = t190C: Temperature, 2 [ITS-90, deg C]
# name 10 = T2-T190C: Temperature Difference, 2 - 1 [ITS-90, deg C]
# name 11 = potemp090C: Potential Temperature [ITS-90, deg C]
# name 12 = potemp190C: Potential Temperature, 2 [ITS-90, deg C]
# name 13 = potemp90Cdiff: Potential Temperature, Diff, 2 - 1 [ITS-90, deg C]
# name 14 = c0S/m: Conductivity [S/m]
# name 15 = c1S/m: Conductivity, 2 [S/m]
# name 16 = C2-C1S/m: Conductivity Difference, 2 - 1 [S/m]
# name 17 = sal00: Salinity, Practical [PSU]
# name 18 = sal11: Salinity, Practical, 2 [PSU]
# name 19 = sbeox0ML/L: Oxygen, SBE 43 [ml/l]
# name 20 = sigma-é00: Density [sigma-theta, kg/m^3]
# name 21 = sigma-é11: Density, 2 [sigma-theta, kg/m^3]
# name 22 = sal00: Salinity, Practical [PSU]
# name 23 = sigma-é00: Density [sigma-theta, kg/m^3]
# name 24 = svCM: Sound Velocity [Chen-Millero, m/s]
# name 25 = svCM1: Sound Velocity, 2 [Chen-Millero, m/s]
# name 26 = gsw_ptA0: potential temperature [ITS-90, deg C]
# name 27 = gsw_densityA0: density, TEOS-10 [density, kg/m^3]
# name 28 = gsw_saA0: Absolute Salinity [g/kg]
# name 29 = flag:
# span 0 =       2751,      41257       
# span 1 = 311.426685, 311.445255       
# span 2 =  -62.20165,  -62.19390       
# span 3 =  -58.05337,  -58.04837       
# span 4 =     -1.104,      1.085       
# span 5 =       0.00,    1449.99       
# span 6 =      2.000,    525.000       
# span 7 =      1.998,    519.299       
# span 8 =    -0.6752,    -0.1261       
# span 9 =    -0.6746,    -0.1259       
# span 10 =    -0.0251,     0.0391      
# span 11 =    -0.6759,    -0.1418      
# span 12 =    -0.6753,    -0.1416      
# span 13 =    -0.0250,     0.0389      
# span 14 =   2.793730,   2.871334      
# span 15 =   2.793716,   2.871246      
# span 16 =  -0.002222,   0.002474      
# span 17 =    34.2663,    34.4689      
# span 18 =    34.2652,    34.4655      
# span 19 =     6.0167,     7.6606      
# span 20 =    27.5441,    27.6998      
# span 21 =    27.5433,    27.6964      
# span 22 =    34.2664,    34.4664      
# span 23 =    27.5441,    27.6970      
# span 24 =    1445.24,    1454.74      
# span 25 =    1445.24,    1454.75      
# span 26 =    -0.6759,    -0.1416      
# span 27 =  1027.5571,  1030.1999      
# span 28 =    34.4291,    34.6347      
# span 29 = 0.0000e+00, 0.0000e+00      
# interval = decibars: 1                
# start_time = Nov 07 2023 10:12:31 [NMEA time, header]
# bad_flag = -9.990e-29
*END*
[from data line 822]
      28599 311.439150  -62.19911  -58.05072     -0.710    1449.99    225.000    222.719    -0.6466    -0.6456     0.0010    -0.6536    -0.6526     0.0010   2.809885   2.809878  -0.000007    34.3422    34.3410     7.1850    27.6062    27.6052    34.3422    27.6062    1448.92    1448.92    -0.6534  1028.6868    34.5097 0.0000e+00
      28628 311.439164  -62.19912  -58.05072     -0.790    1449.99    224.000    221.730    -0.6457    -0.6449     0.0008    -0.6527    -0.6519     0.0008   2.809923   2.809888  -0.000036    34.3423    34.3409     7.1920    27.6063    27.6051    34.3423    27.6063    1448.91    1448.91    -0.6525  1028.6821    34.5099 0.0000e+00
      28657 311.439178  -62.19912  -58.05071     -0.828    1449.99    223.000    220.740    -0.6445    -0.6435     0.0010    -0.6514    -0.6504     0.0010   2.809976   2.809954  -0.000023    34.3421    34.3407     7.2000    27.6061    27.6049    34.3423    27.6062    1448.90    1448.90    -0.6513  1028.6772    34.5098 0.0000e+00
      28686 311.439192  -62.19912  -58.05070     -0.830    1449.99    222.000    219.751    -0.6437    -0.6430     0.0007    -0.6506    -0.6499     0.0007   2.809966   2.809943  -0.000025    34.3419    34.3407     7.1847    27.6059    27.6049    34.3419    27.6059    1448.88    1448.88    -0.6505  1028.6721    34.5094 0.0000e+00
      28714 311.439206  -62.19914  -58.05070     -0.849    1449.99    221.000    218.762    -0.6436    -0.6428     0.0008    -0.6505    -0.6497     0.0008   2.809939   2.809914  -0.000020    34.3419    34.3407     7.1895    27.6059    27.6049    34.3420    27.6059    1448.87    1448.87    -0.6503  1028.6674    34.5095 0.0000e+00
      28744 311.439220  -62.19914  -58.05070     -0.818    1449.99    220.000    217.772    -0.6434    -0.6426     0.0008    -0.6502    -0.6495     0.0008   2.809916   2.809885  -0.000030    34.3420    34.3407     7.1923    27.6059    27.6048    34.3420    27.6059    1448.85    1448.85    -0.6501  1028.6627    34.5096 0.0000e+00
      28777 311.439236  -62.19914  -58.05070     -0.753    1449.99    219.000    216.783    -0.6431    -0.6424     0.0007    -0.6499    -0.6492     0.0007   2.809884   2.809851  -0.000033    34.3418    34.3406     7.1851    27.6058    27.6048    34.3419    27.6058    1448.84    1448.84    -0.6497  1028.6578    34.5094 0.0000e+00
      28807 311.439251  -62.19914  -58.05070     -0.767    1449.99    218.000    215.793    -0.6427    -0.6418     0.0010    -0.6495    -0.6486     0.0010   2.809841   2.809834  -0.000009    34.3415    34.3403     7.1915    27.6055    27.6045    34.3416    27.6055    1448.82    1448.82    -0.6493  1028.6526    34.5089 0.0000e+00
      28838 311.439265 -9.990e-29  -58.05068     -0.792    1449.99    217.000    214.804    -0.6428    -0.6419     0.0009    -0.6496    -0.6487     0.0009   2.809790   2.809776  -0.000012    34.3415    34.3403     7.1867    27.6055    27.6045    34.3416    27.6056    1448.80    1448.81    -0.6494  1028.6435    34.5035 0.0000e+00
      28867 311.439280 -9.990e-29  -58.05068     -0.806    1449.99    216.000    213.815    -0.6430    -0.6421     0.0009    -0.6497    -0.6488     0.0009   2.809730   2.809710  -0.000021    34.3416    34.3403     7.1768    27.6055    27.6045    34.3415    27.6055    1448.79    1448.79    -0.6495  1028.6387    34.5035 0.0000e+00
      28898 311.439294 -9.990e-29  -58.05068     -0.797    1449.99    215.000    212.825    -0.6429    -0.6421     0.0008    -0.6495    -0.6487     0.0008   2.809708   2.809669  -0.000036    34.3417    34.3403     7.1782    27.6057    27.6045    34.3417    27.6057    1448.77    1448.77    -0.6494  1028.6341    34.5036 0.0000e+00
      28929 311.439309  -62.19918  -58.05068     -0.777    1449.99    214.000    211.836    -0.6423    -0.6415     0.0008    -0.6489    -0.6481     0.0008   2.809718   2.809682  -0.000036    34.3418    34.3403     7.1746    27.6057    27.6045    34.3418    27.6057    1448.76    1448.76    -0.6488  1028.6326    34.5078 0.0000e+00
      28963 311.439326  -62.19918  -58.05066     -0.717    1449.99    213.000    210.847    -0.6419    -0.6411     0.0009    -0.6485    -0.6477     0.0009   2.809689   2.809665  -0.000027    34.3416    34.3403     7.1730    27.6055    27.6045    34.3416    27.6056    1448.74    1448.75    -0.6484  1028.6289    34.5091 0.0000e+00
      28999 311.439343  -62.19918  -58.05066     -0.672    1449.99    212.000    209.857    -0.6421    -0.6410     0.0010    -0.6487    -0.6476     0.0010   2.809628   2.809627  -0.000002    34.3416    34.3404     7.1716    27.6055    27.6045    34.3416    27.6055    1448.73    1448.73    -0.6485  1028.6241    34.5091 0.0000e+00
      29041 311.439363  -62.19920  -58.05066     -0.583    1449.99    211.000    208.868    -0.6478    -0.6452     0.0026    -0.6543    -0.6517     0.0026   2.808875   2.809045   0.000169    34.3394    34.3387     7.1855    27.6040    27.6033    34.3386    27.6033    1448.68    1448.69    -0.6542  1028.6131    34.5010 0.0000e+00
      29087 311.439386 -9.990e-29  -58.05065     -0.510    1449.99    210.000    207.877    -0.6548    -0.6530     0.0018    -0.6613    -0.6594     0.0018   2.807985   2.808075   0.000080    34.3356    34.3346     7.1730    27.6012    27.6004    34.3351    27.6008    1448.63    1448.63    -0.6611  1028.6055    34.4970 0.0000e+00
      29123 311.439403 -9.990e-29  -58.05064     -0.645    1449.99    209.000    206.889    -0.6549    -0.6538     0.0011    -0.6614    -0.6603     0.0011   2.807868   2.807881   0.000025    34.3345    34.3336     7.1936    27.6003    27.5996    34.3342    27.6001    1448.61    1448.61    -0.6612  1028.6001    34.4962 0.0000e+00
      29152 311.439417 -9.990e-29  -58.05064     -0.785    1449.99    208.000    205.900    -0.6551    -0.6540     0.0011    -0.6615    -0.6604     0.0011   2.807650   2.807601  -0.000049    34.3326    34.3307     7.2020    27.5988    27.5972    34.3321    27.5984    1448.59    1448.59    -0.6614  1028.5936    34.4940 0.0000e+00
      29181 311.439431 -9.990e-29  -58.05064     -0.838    1449.99    207.000    204.910    -0.6539    -0.6537     0.0002    -0.6603    -0.6601     0.0002   2.807576   2.807532  -0.000039    34.3306    34.3298     7.2176    27.5971    27.5964    34.3304    27.5970    1448.57    1448.57    -0.6601  1028.5874    34.4923 0.0000e+00
      29212 311.439446  -62.19924  -58.05062     -0.787    1449.99    206.000    203.921    -0.6525    -0.6521     0.0003    -0.6588    -0.6585     0.0003   2.807582   2.807554  -0.000027    34.3295    34.3288     7.2231    27.5962    27.5956    34.3295    27.5962    1448.56    1448.57    -0.6587  1028.5827    34.4925 0.0000e+00
      29243 311.439461  -62.19924  -58.05062     -0.762    1449.99    205.000    202.931    -0.6524    -0.6514     0.0010    -0.6587    -0.6577     0.0010   2.807517   2.807511  -0.000006    34.3292    34.3280     7.2262    27.5960    27.5949    34.3291    27.5959    1448.55    1448.55    -0.6586  1028.5811    34.4965 0.0000e+00
      29272 311.439475  -62.19924  -58.05062     -0.806    1449.99    204.000    201.942    -0.6524    -0.6515     0.0009    -0.6587    -0.6578     0.0009   2.807446   2.807415  -0.000032    34.3289    34.3275     7.2269    27.5957    27.5945    34.3288    27.5956    1448.53    1448.53    -0.6585  1028.5761    34.4961 0.0000e+00
      29299 311.439488  -62.19924  -58.05061     -0.887    1449.99    203.000    200.953    -0.6521    -0.6512     0.0009    -0.6584    -0.6575     0.0009   2.807386   2.807369  -0.000018    34.3284    34.3271     7.2316    27.5953    27.5942    34.3283    27.5952    1448.51    1448.52    -0.6582  1028.5709    34.4957 0.0000e+00
      29330 311.439503  -62.19924  -58.05060     -0.809    1449.99    202.000    199.963    -0.6521    -0.6512     0.0009    -0.6583    -0.6575     0.0009   2.807314   2.807305  -0.000009    34.3280    34.3268     7.2432    27.5949    27.5940    34.3279    27.5949    1448.50    1448.50    -0.6582  1028.5625    34.4911 0.0000e+00
      29359 311.439517 -9.990e-29  -58.05060     -0.797    1449.99    201.000    198.974    -0.6521    -0.6514     0.0007    -0.6583    -0.6576     0.0007   2.807248   2.807229  -0.000016    34.3277    34.3267     7.2327    27.5947    27.5938    34.3277    27.5947    1448.48    1448.48    -0.6582  1028.5564    34.4895 0.0000e+00
      29384 311.439529 -9.990e-29  -58.05060     -0.896    1449.99    200.000    197.984    -0.6522    -0.6513     0.0008    -0.6583    -0.6575     0.0008   2.807175   2.807157  -0.000018    34.3274    34.3262     7.2347    27.5945    27.5935    34.3273    27.5944    1448.47    1448.47    -0.6582  1028.5514    34.4892 0.0000e+00
      29408 311.439540 -9.990e-29  -58.05060     -0.984    1449.99    199.000    196.995    -0.6523    -0.6516     0.0007    -0.6584    -0.6578     0.0007   2.807102   2.807068  -0.000032    34.3272    34.3260     7.2457    27.5943    27.5933    34.3271    27.5942    1448.45    1448.45    -0.6583  1028.5465    34.4890 0.0000e+00
      29433 311.439552  -62.19928  -58.05060     -0.988    1449.99    198.000    196.005    -0.6520    -0.6511     0.0008    -0.6581    -0.6573     0.0008   2.807087   2.807067  -0.000019    34.3271    34.3259     7.2505    27.5942    27.5932    34.3271    27.5942    1448.43    1448.44    -0.6580  1028.5459    34.4942 0.0000e+00
      29459 311.439565  -62.19928  -58.05059     -0.930    1449.99    197.000    195.016    -0.6513    -0.6506     0.0007    -0.6573    -0.6567     0.0007   2.807118   2.807066  -0.000047    34.3273    34.3259     7.2562    27.5943    27.5932    34.3274    27.5944    1448.42    1448.42    -0.6572  1028.5415    34.4947 0.0000e+00
      29489 311.439580  -62.19928  -58.05058     -0.825    1449.99    196.000    194.027    -0.6501    -0.6496     0.0005    -0.6562    -0.6556     0.0005   2.807157   2.807113  -0.000046    34.3271    34.3259     7.2423    27.5941    27.5931    34.3272    27.5942    1448.41    1448.41    -0.6560  1028.5366    34.4946 0.0000e+00
      29519 311.439594  -62.19929  -58.05058     -0.799    1449.99    195.000    193.037    -0.6489    -0.6480     0.0009    -0.6549    -0.6540     0.0009   2.807210   2.807180  -0.000032    34.3271    34.3256     7.2469    27.5940    27.5928    34.3271    27.5941    1448.40    1448.40    -0.6547  1028.5299    34.4922 0.0000e+00
      29544 311.439606 -9.990e-29  -58.05058     -0.885    1449.99    194.000    192.048    -0.6488    -0.6478     0.0010    -0.6548    -0.6538     0.0010   2.807152   2.807141  -0.000011    34.3269    34.3256     7.2527    27.5939    27.5928    34.3269    27.5939    1448.38    1448.38    -0.6546  1028.5223    34.4888 0.0000e+00
      29567 311.439617 -9.990e-29  -58.05057     -1.011    1449.99    193.000    191.058    -0.6470    -0.6466     0.0004    -0.6529    -0.6526     0.0004   2.807225   2.807161  -0.000058    34.3262    34.3250     7.2455    27.5932    27.5923    34.3265    27.5935    1448.37    1448.37    -0.6528  1028.5171    34.4883 0.0000e+00
      29596 311.439631 -9.990e-29  -58.05056     -0.934    1449.99    192.000    190.070    -0.6439    -0.6440    -0.0001    -0.6498    -0.6499    -0.0001   2.807367   2.807291  -0.000077    34.3252    34.3243     7.2367    27.5923    27.5916    34.3254    27.5925    1448.37    1448.37    -0.6497  1028.5113    34.4873 0.0000e+00
      29647 311.439655  -62.19932  -58.05056     -0.461    1449.99    191.000    189.078    -0.6415    -0.6412     0.0003    -0.6474    -0.6471     0.0003   2.807472   2.807410  -0.000062    34.3246    34.3234     7.2562    27.5917    27.5907    34.3248    27.5919    1448.36    1448.36    -0.6473  1028.5100    34.4917 0.0000e+00
      29693 311.439678  -62.19932  -58.05054     -0.504    1449.99    190.000    188.090    -0.6409    -0.6403     0.0006    -0.6468    -0.6462     0.0006   2.807466   2.807420  -0.000049    34.3245    34.3232     7.2528    27.5916    27.5905    34.3247    27.5917    1448.35    1448.35    -0.6466  1028.5054    34.4920 0.0000e+00
      29722 311.439692  -62.19932  -58.05054     -0.754    1449.99    189.000    187.100    -0.6405    -0.6398     0.0008    -0.6464    -0.6456     0.0008   2.807430   2.807405  -0.000026    34.3242    34.3230     7.2525    27.5914    27.5903    34.3244    27.5915    1448.34    1448.34    -0.6462  1028.4987    34.4896 0.0000e+00
      29754 311.439707 -9.990e-29 -9.990e-29     -0.791    1449.99    188.000    186.111    -0.6404    -0.6396     0.0007    -0.6462    -0.6454     0.0007   2.807395   2.807363  -0.000033    34.3242    34.3229     7.2526    27.5913    27.5903    34.3243    27.5914    1448.32    1448.32    -0.6461  1028.4923    34.4876 0.0000e+00
      29789 311.439724 -9.990e-29 -9.990e-29     -0.680    1449.99    187.000    185.121    -0.6397    -0.6391     0.0006    -0.6454    -0.6448     0.0006   2.807404   2.807355  -0.000047    34.3241    34.3228     7.2482    27.5912    27.5901    34.3243    27.5914    1448.31    1448.31    -0.6453  1028.4875    34.4875 0.0000e+00
      29820 311.439739  -62.19935  -58.05052     -0.740    1449.99    186.000    184.132    -0.6389    -0.6383     0.0007    -0.6446    -0.6440     0.0007   2.807418   2.807365  -0.000055    34.3240    34.3226     7.2496    27.5911    27.5899    34.3242    27.5912    1448.29    1448.30    -0.6445  1028.4838    34.4890 0.0000e+00
      29843 311.439750  -62.19936  -58.05052     -0.898    1449.99    185.000    183.142    -0.6379    -0.6369     0.0009    -0.6435    -0.6426     0.0009   2.807425   2.807393  -0.000036    34.3235    34.3220     7.2549    27.5907    27.5894    34.3237    27.5908    1448.28    1448.29    -0.6435  1028.4806    34.4910 0.0000e+00
      29877 311.439766  -62.19936  -58.05052     -0.810    1449.99    184.000    182.158    -0.6365    -0.6363     0.0003    -0.6422    -0.6419     0.0003   2.807439   2.807390  -0.000044    34.3228    34.3219     7.2602    27.5900    27.5893    34.3230    27.5902    1448.27    1448.27    -0.6421  1028.4752    34.4903 0.0000e+00
      29947 311.439800  -62.19936  -58.05052     -0.288    1449.99    183.000    181.159    -0.6356    -0.6347     0.0010    -0.6412    -0.6403     0.0010   2.807437   2.807405  -0.000034    34.3225    34.3209     7.2664    27.5897    27.5884    34.3225    27.5898    1448.26    1448.26    -0.6411  1028.4672    34.4863 0.0000e+00
      29994 311.439823 -9.990e-29 -9.990e-29     -0.511    1449.99    182.000    180.174    -0.6356    -0.6348     0.0008    -0.6412    -0.6404     0.0008   2.807384   2.807343  -0.000040    34.3223    34.3209     7.2657    27.5896    27.5884    34.3224    27.5897    1448.24    1448.24    -0.6411  1028.4619    34.4856 0.0000e+00
      30021 311.439836  -62.19940  -58.05048     -0.797    1449.99    181.000    179.184    -0.6354    -0.6347     0.0007    -0.6410    -0.6403     0.0007   2.807341   2.807298  -0.000044    34.3223    34.3209     7.2602    27.5895    27.5884    34.3223    27.5896    1448.23    1448.23    -0.6409  1028.4586    34.4875 0.0000e+00
      30050 311.439850  -62.19940  -58.05048     -0.858    1449.99    180.000    178.194    -0.6356    -0.6347     0.0008    -0.6411    -0.6403     0.0008   2.807293   2.807260  -0.000034    34.3224    34.3210     7.2755    27.5896    27.5884    34.3224    27.5897    1448.21    1448.21    -0.6410  1028.4556    34.4896 0.0000e+00
      30084 311.439867  -62.19940  -58.05048     -0.723    1449.99    179.000    177.205    -0.6355    -0.6346     0.0009    -0.6410    -0.6402     0.0009   2.807237   2.807209  -0.000028    34.3222    34.3208     7.2770    27.5895    27.5883    34.3222    27.5895    1448.19    1448.20    -0.6409  1028.4506    34.4894 0.0000e+00
      30121 311.439884  -62.19940  -58.05048     -0.647    1449.99    178.000    176.215    -0.6356    -0.6348     0.0009    -0.6411    -0.6403     0.0009   2.807171   2.807147  -0.000025    34.3220    34.3208     7.2711    27.5894    27.5883    34.3221    27.5894    1448.18    1448.18    -0.6410  1028.4458    34.4893 0.0000e+00
