Pos-Processados/process_op42/operantar42_052.cnv
* Sea-Bird SBE 9 Data File:
* FileName = C:\Users\Hidrografia\Desktop\OPXLII\Brutos\OP42052.hdr
* Software Version Seasave V 7.26.7.107
* Temperature SN = 6502
* Conductivity SN = 4998
* Number of Bytes Per Scan = 37
* Number of Voltage Words = 4
* Number of Scans Averaged by the Deck Unit = 1
* NMEA Latitude = 62 08.45 S
* NMEA Longitude = 058 26.37 W
* NMEA UTC (Time) = Nov 10 2023 03:08:21
* NMEA baud rate = 4800
** H41
** NPOALTEMAXIMIANO
** NUMERO DA ESTACAO (XXX) 052
** LAT (XX XX.XX S/N) 62 08.443 S
** LONG (XXX XX.XX W/E) 058 26.408 W
** DATAHORA (dd/mm/aaaa hh:mm Z) 10/11/2023 0307Z
** PROFUNDIDADE (m) 424
** OPERADOR CT FABIREZA
# nquan = 30
# nvalues = 773                         
# units = specified
# name 0 = scan: Scan Count
# name 1 = timeJ: Julian Days
# name 2 = latitude: Latitude [deg]
# name 3 = longitude: Longitude [deg]
# name 4 = dz/dtM: Descent Rate [m/s]
# name 5 = avgsvCM: Average Sound Velocity [Chen-Millero, m/s]
# name 6 = prDM: Pressure, Digiquartz [db]
# name 7 = depSM: Depth [salt water, m]
# name 8 = t090C: Temperature [ITS-90, deg C]
# name 9 = t190C: Temperature, 2 [ITS-90, deg C]
# name 10 = T2-T190C: Temperature Difference, 2 - 1 [ITS-90, deg C]
# name 11 = potemp090C: Potential Temperature [ITS-90, deg C]
# name 12 = potemp190C: Potential Temperature, 2 [ITS-90, deg C]
# name 13 = potemp90Cdiff: Potential Temperature, Diff, 2 - 1 [ITS-90, deg C]
# name 14 = c0S/m: Conductivity [S/m]
# name 15 = c1S/m: Conductivity, 2 [S/m]
# name 16 = C2-C1S/m: Conductivity Difference, 2 - 1 [S/m]
# name 17 = sal00: Salinity, Practical [PSU]
# name 18 = sal11: Salinity, Practical, 2 [PSU]
# name 19 = sbeox0ML/L: Oxygen, SBE 43 [ml/l]
# name 20 = sigma-é00: Density [sigma-theta, kg/m^3]
# name 21 = sigma-é11: Density, 2 [sigma-theta, kg/m^3]
# name 22 = sal00: Salinity, Practical [PSU]
# name 23 = sigma-é00: Density [sigma-theta, kg/m^3]
# name 24 = svCM: Sound Velocity [Chen-Millero, m/s]
# name 25 = svCM1: Sound Velocity, 2 [Chen-Millero, m/s]
# name 26 = gsw_ptA0: potential temperature [ITS-90, deg C]
# name 27 = gsw_densityA0: density, TEOS-10 [density, kg/m^3]
# name 28 = gsw_saA0: Absolute Salinity [g/kg]
# name 29 = flag:
# span 0 =       4508,      32978       
# span 1 = 314.132972, 314.146702       
# span 2 =  -62.14634,  -62.14179       
# span 3 =  -58.43788,  -58.42565       
# span 4 =     -1.170,      1.014       
# span 5 =       0.00,    1448.28       
# span 6 =      2.000,    388.000       
# span 7 =      1.987,    383.914       
# span 8 =    -0.8166,    -0.5029       
# span 9 =    -0.8154,    -0.5026       
# span 10 =    -0.0121,     0.0073      
# span 11 =    -0.8233,    -0.5159      
# span 12 =    -0.8222,    -0.5157      
# span 13 =    -0.0121,     0.0073      
# span 14 =   2.792896,   2.835155      
# span 15 =   2.792886,   2.835168      
# span 16 =  -0.001147,   0.000846      
# span 17 =    34.2727,    34.4222      
# span 18 =    34.2724,    34.4205      
# span 19 =     6.5489,     7.6657      
# span 20 =    27.5463,    27.6649      
# span 21 =    27.5460,    27.6635      
# span 22 =    34.2729,    34.4225      
# span 23 =    27.5465,    27.6652      
# span 24 =    1445.55,    1452.35      
# span 25 =    1445.55,    1452.35      
# span 26 =    -0.8232,    -0.5157      
# span 27 =  1027.5599,  1029.5170      
# span 28 =    34.4345,    34.5882      
# span 29 = 0.0000e+00, 0.0000e+00      
# interval = decibars: 1                
# start_time = Nov 10 2023 03:08:21 [NMEA time, header]
# bad_flag = -9.990e-29
*END*
[from data line 581]
      22052 314.141433  -62.14468  -58.43011     -0.829    1448.28    193.000    191.059    -0.7873    -0.7869     0.0004    -0.7930    -0.7926     0.0004   2.793782   2.793733  -0.000048    34.3038    34.3027     7.4952    27.5809    27.5800    34.3039    27.5811    1447.69    1447.69    -0.7929  1028.5100    34.4711 0.0000e+00
      22078 314.141445  -62.14468  -58.43009     -0.874    1448.28    192.000    190.070    -0.7869    -0.7863     0.0007    -0.7926    -0.7920     0.0007   2.793764   2.793726  -0.000038    34.3038    34.3025     7.4796    27.5809    27.5799    34.3039    27.5810    1447.67    1447.67    -0.7924  1028.5052    34.4710 0.0000e+00
      22103 314.141457  -62.14469  -58.43008     -0.955    1448.28    191.000    189.080    -0.7865    -0.7860     0.0004    -0.7921    -0.7917     0.0004   2.793763   2.793707  -0.000053    34.3037    34.3025     7.4783    27.5809    27.5799    34.3039    27.5811    1447.66    1447.66    -0.7920  1028.5004    34.4711 0.0000e+00
      22128 314.141469  -62.14470  -58.43007     -0.972    1448.28    190.000    188.090    -0.7842    -0.7842     0.0000    -0.7899    -0.7898     0.0000   2.793866   2.793792  -0.000076    34.3032    34.3021     7.4757    27.5804    27.5795    34.3034    27.5806    1447.65    1447.65    -0.7897  1028.4951    34.4705 0.0000e+00
      22154 314.141482  -62.14470  -58.43006     -0.935    1448.28    189.000    187.101    -0.7833    -0.7829     0.0005    -0.7889    -0.7885     0.0005   2.793891   2.793840  -0.000047    34.3031    34.3019     7.4766    27.5802    27.5792    34.3033    27.5804    1447.64    1447.64    -0.7887  1028.4902    34.4704 0.0000e+00
      22180 314.141495  -62.14470  -58.43004     -0.908    1448.28    188.000    186.111    -0.7799    -0.7805    -0.0006    -0.7854    -0.7861    -0.0006   2.794112   2.793964  -0.000142    34.3025    34.3013     7.4925    27.5796    27.5787    34.3030    27.5801    1447.64    1447.63    -0.7853  1028.4851    34.4701 0.0000e+00
      22208 314.141508  -62.14470  -58.43002     -0.875    1448.28    187.000    185.122    -0.7773    -0.7776    -0.0002    -0.7829    -0.7831    -0.0002   2.794241   2.794125  -0.000122    34.3022    34.3008     7.4906    27.5793    27.5782    34.3025    27.5795    1447.64    1447.63    -0.7827  1028.4797    34.4696 0.0000e+00
      22235 314.141521  -62.14470  -58.43002     -0.880    1448.28    186.000    184.133    -0.7763    -0.7764    -0.0000    -0.7818    -0.7819    -0.0000   2.794270   2.794178  -0.000089    34.3019    34.3008     7.4784    27.5790    27.5781    34.3023    27.5793    1447.62    1447.62    -0.7817  1028.4748    34.4694 0.0000e+00
      22262 314.141534  -62.14471  -58.43000     -0.899    1448.28    185.000    183.143    -0.7751    -0.7748     0.0003    -0.7806    -0.7802     0.0003   2.794305   2.794251  -0.000054    34.3018    34.3007     7.4840    27.5788    27.5779    34.3021    27.5791    1447.61    1447.61    -0.7804  1028.4697    34.4692 0.0000e+00
      22290 314.141548  -62.14472  -58.42999     -0.861    1448.28    184.000    182.153    -0.7740    -0.7743    -0.0002    -0.7794    -0.7797    -0.0002   2.794351   2.794246  -0.000099    34.3018    34.3006     7.4862    27.5788    27.5779    34.3021    27.5790    1447.60    1447.60    -0.7793  1028.4649    34.4692 0.0000e+00
      22320 314.141562  -62.14472  -58.42998     -0.822    1448.28    183.000    181.164    -0.7734    -0.7735    -0.0002    -0.7788    -0.7789    -0.0002   2.794362   2.794260  -0.000099    34.3018    34.3006     7.4921    27.5787    27.5778    34.3021    27.5790    1447.59    1447.58    -0.7787  1028.4601    34.4692 0.0000e+00
      22350 314.141577  -62.14472  -58.42996     -0.795    1448.28    182.000    180.174    -0.7712    -0.7724    -0.0013    -0.7766    -0.7778    -0.0012   2.794501   2.794309  -0.000191    34.3018    34.3006     7.4968    27.5787    27.5778    34.3021    27.5790    1447.58    1447.57    -0.7764  1028.4553    34.4692 0.0000e+00
      22378 314.141590  -62.14472  -58.42996     -0.829    1448.28    181.000    179.185    -0.7698    -0.7696     0.0002    -0.7751    -0.7749     0.0002   2.794557   2.794483  -0.000084    34.3017    34.3003     7.4934    27.5785    27.5774    34.3019    27.5788    1447.57    1447.57    -0.7750  1028.4464    34.4642 0.0000e+00
      22403 314.141602 -9.990e-29  -58.42994     -0.923    1448.28    180.000    178.195    -0.7697    -0.7689     0.0008    -0.7750    -0.7743     0.0008   2.794510   2.794479  -0.000031    34.3016    34.3003     7.4933    27.5785    27.5774    34.3018    27.5786    1447.55    1447.56    -0.7749  1028.4411    34.4636 0.0000e+00
      22428 314.141614 -9.990e-29  -58.42992     -0.962    1448.28    179.000    177.206    -0.7694    -0.7690     0.0004    -0.7747    -0.7743     0.0004   2.794472   2.794417  -0.000054    34.3014    34.3002     7.4912    27.5783    27.5773    34.3016    27.5784    1447.54    1447.54    -0.7746  1028.4361    34.4633 0.0000e+00
      22453 314.141626 -9.990e-29  -58.42991     -0.965    1448.28    178.000    176.216    -0.7683    -0.7683    -0.0000    -0.7736    -0.7736    -0.0000   2.794524   2.794418  -0.000104    34.3013    34.2999     7.4804    27.5782    27.5771    34.3017    27.5785    1447.53    1447.53    -0.7734  1028.4314    34.4634 0.0000e+00
      22479 314.141639  -62.14474  -58.42990     -0.947    1448.28    177.000    175.227    -0.7670    -0.7665     0.0005    -0.7722    -0.7717     0.0005   2.794571   2.794513  -0.000059    34.3011    34.2998     7.4797    27.5780    27.5768    34.3014    27.5782    1447.52    1447.52    -0.7721  1028.4303    34.4681 0.0000e+00
      22505 314.141651  -62.14474  -58.42989     -0.911    1448.28    176.000    174.237    -0.7665    -0.7666    -0.0001    -0.7717    -0.7718    -0.0001   2.794552   2.794460  -0.000091    34.3010    34.2998     7.4919    27.5779    27.5769    34.3013    27.5780    1447.50    1447.50    -0.7716  1028.4257    34.4683 0.0000e+00
      22535 314.141666  -62.14474  -58.42988     -0.847    1448.28    175.000    173.247    -0.7631    -0.7651    -0.0019    -0.7683    -0.7702    -0.0019   2.794794   2.794532  -0.000249    34.3008    34.2995     7.5026    27.5775    27.5766    34.3013    27.5779    1447.50    1447.49    -0.7682  1028.4208    34.4683 0.0000e+00
      22565 314.141680  -62.14474  -58.42986     -0.787    1448.28    174.000    172.258    -0.7599    -0.7615    -0.0016    -0.7651    -0.7666    -0.0016   2.794988   2.794754  -0.000235    34.3004    34.2990     7.5001    27.5770    27.5760    34.3009    27.5774    1447.50    1447.49    -0.7649  1028.4155    34.4679 0.0000e+00
      22595 314.141695  -62.14474  -58.42986     -0.793    1448.28    173.000    171.268    -0.7583    -0.7585    -0.0002    -0.7634    -0.7636    -0.0002   2.795073   2.794956  -0.000123    34.3005    34.2991     7.4961    27.5770    27.5759    34.3008    27.5773    1447.49    1447.49    -0.7633  1028.4106    34.4678 0.0000e+00
      22624 314.141709  -62.14475  -58.42984     -0.819    1448.28    172.000    170.279    -0.7573    -0.7574    -0.0001    -0.7623    -0.7624    -0.0001   2.795106   2.795006  -0.000100    34.3003    34.2991     7.4961    27.5769    27.5759    34.3007    27.5772    1447.48    1447.48    -0.7622  1028.4057    34.4677 0.0000e+00
      22653 314.141723  -62.14476  -58.42983     -0.834    1448.28    171.000    169.289    -0.7561    -0.7568    -0.0007    -0.7612    -0.7619    -0.0007   2.795163   2.794996  -0.000165    34.3004    34.2990     7.4916    27.5769    27.5758    34.3008    27.5772    1447.47    1447.47    -0.7610  1028.4009    34.4678 0.0000e+00
      22681 314.141736  -62.14476  -58.42981     -0.851    1448.28    170.000    168.300    -0.7543    -0.7553    -0.0010    -0.7593    -0.7603    -0.0010   2.795252   2.795077  -0.000171    34.3001    34.2989     7.4941    27.5766    27.5757    34.3006    27.5770    1447.46    1447.46    -0.7592  1028.3958    34.4676 0.0000e+00
      22709 314.141750  -62.14476  -58.42980     -0.859    1448.28    169.000    167.310    -0.7520    -0.7537    -0.0017    -0.7570    -0.7587    -0.0017   2.795389   2.795154  -0.000224    34.2999    34.2988     7.5009    27.5763    27.5755    34.3004    27.5767    1447.46    1447.45    -0.7569  1028.3908    34.4674 0.0000e+00
      22737 314.141763  -62.14476  -58.42978     -0.865    1448.28    168.000    166.321    -0.7499    -0.7507    -0.0008    -0.7549    -0.7556    -0.0008   2.795470   2.795329  -0.000156    34.2994    34.2982     7.4929    27.5758    27.5749    34.2997    27.5761    1447.45    1447.44    -0.7547  1028.3854    34.4667 0.0000e+00
      22765 314.141777  -62.14477  -58.42977     -0.855    1448.28    167.000    165.331    -0.7473    -0.7489    -0.0017    -0.7522    -0.7538    -0.0016   2.795647   2.795424  -0.000214    34.2991    34.2980     7.4946    27.5755    27.5747    34.2998    27.5760    1447.45    1447.44    -0.7521  1028.3805    34.4667 0.0000e+00
      22794 314.141790  -62.14478  -58.42976     -0.840    1448.28    166.000    164.341    -0.7432    -0.7458    -0.0026    -0.7482    -0.7507    -0.0026   2.795924   2.795613  -0.000292    34.2988    34.2978     7.5035    27.5751    27.5744    34.2996    27.5757    1447.45    1447.43    -0.7480  1028.3754    34.4665 0.0000e+00
      22824 314.141805  -62.14478  -58.42975     -0.804    1448.28    165.000    163.352    -0.7365    -0.7420    -0.0055    -0.7414    -0.7469    -0.0055   2.796430   2.795891  -0.000522    34.2982    34.2974     7.5032    27.5743    27.5739    34.2994    27.5753    1447.46    1447.44    -0.7413  1028.3701    34.4663 0.0000e+00
      22855 314.141820  -62.14478  -58.42974     -0.774    1448.28    164.000    162.362    -0.7180    -0.7275    -0.0095    -0.7229    -0.7324    -0.0095   2.798005   2.796995  -0.000960    34.2972    34.2950     7.4988    27.5727    27.5713    34.3003    27.5752    1447.53    1447.49    -0.7228  1028.3652    34.4672 0.0000e+00
      22886 314.141835  -62.14478  -58.42972     -0.774    1448.28    163.000    161.372    -0.6890    -0.7011    -0.0121    -0.6939    -0.7060    -0.0121   2.800033   2.798890  -0.001147    34.2930    34.2912     7.5116    27.5681    27.5671    34.2955    27.5701    1447.65    1447.59    -0.6938  1028.3552    34.4624 0.0000e+00
      22915 314.141849  -62.14479  -58.42971     -0.813    1448.28    162.000    160.383    -0.6803    -0.6842    -0.0038    -0.6852    -0.6890    -0.0038   2.800718   2.800250  -0.000477    34.2929    34.2907     7.5110    27.5676    27.5661    34.2955    27.5698    1447.67    1447.65    -0.6851  1028.3500    34.4624 0.0000e+00
      22941 314.141862  -62.14480  -58.42970     -0.881    1448.28    161.000    159.393    -0.6720    -0.6741    -0.0021    -0.6768    -0.6790    -0.0021   2.801342   2.801041  -0.000301    34.2926    34.2909     7.5112    27.5670    27.5658    34.2951    27.5690    1447.69    1447.68    -0.6767  1028.3445    34.4620 0.0000e+00
      22968 314.141875  -62.14480  -58.42969     -0.896    1448.28    160.000    158.403    -0.6634    -0.6675    -0.0041    -0.6682    -0.6723    -0.0041   2.801963   2.801530  -0.000423    34.2922    34.2911     7.5167    27.5663    27.5656    34.2943    27.5681    1447.72    1447.70    -0.6681  1028.3387    34.4612 0.0000e+00
      22996 314.141888  -62.14480  -58.42968     -0.868    1448.28    159.000    157.414    -0.6609    -0.6699    -0.0090    -0.6657    -0.6747    -0.0089   2.802110   2.801262  -0.000827    34.2924    34.2914     7.5261    27.5664    27.5660    34.2941    27.5678    1447.71    1447.67    -0.6656  1028.3336    34.4610 0.0000e+00
      23024 314.141902  -62.14480  -58.42966     -0.856    1448.28    158.000    156.424    -0.6595    -0.6621    -0.0027    -0.6643    -0.6669    -0.0026   2.802189   2.801873  -0.000358    34.2927    34.2908     7.5311    27.5666    27.5652    34.2942    27.5678    1447.70    1447.69    -0.6642  1028.3288    34.4611 0.0000e+00
      23051 314.141915  -62.14480  -58.42964     -0.873    1448.28    157.000    155.434    -0.6567    -0.6575    -0.0008    -0.6614    -0.6622    -0.0008   2.802369   2.802196  -0.000180    34.2925    34.2909     7.5337    27.5663    27.5651    34.2940    27.5676    1447.70    1447.69    -0.6613  1028.3238    34.4609 0.0000e+00
      23077 314.141927  -62.14480  -58.42964     -0.914    1448.28    156.000    154.445    -0.6550    -0.6550     0.0001    -0.6598    -0.6597     0.0001   2.802443   2.802337  -0.000119    34.2925    34.2909     7.5411    27.5663    27.5649    34.2938    27.5673    1447.69    1447.69    -0.6596  1028.3151    34.4561 0.0000e+00
      23102 314.141939 -9.990e-29  -58.42963     -0.948    1448.28    155.000    153.455    -0.6539    -0.6539    -0.0001    -0.6586    -0.6586    -0.0001   2.802514   2.802381  -0.000135    34.2928    34.2911     7.5318    27.5665    27.5651    34.2941    27.5674    1447.68    1447.68    -0.6585  1028.3099    34.4558 0.0000e+00
      23130 314.141953 -9.990e-29  -58.42962     -0.909    1448.28    154.000    152.465    -0.6503    -0.6522    -0.0019    -0.6550    -0.6569    -0.0019   2.802731   2.802461  -0.000268    34.2924    34.2909     7.5321    27.5660    27.5649    34.2936    27.5669    1447.68    1447.67    -0.6549  1028.3047    34.4553 0.0000e+00
      23161 314.141967 -9.990e-29  -58.42961     -0.803    1448.28    153.000    151.476    -0.6455    -0.6480    -0.0025    -0.6502    -0.6527    -0.0025   2.803052   2.802737  -0.000315    34.2919    34.2905     7.5379    27.5654    27.5643    34.2931    27.5664    1447.69    1447.67    -0.6500  1028.2993    34.4548 0.0000e+00
      23192 314.141982 -9.990e-29  -58.42960     -0.766    1448.28    152.000    150.486    -0.6422    -0.6429    -0.0006    -0.6468    -0.6475    -0.0006   2.803243   2.803095  -0.000164    34.2916    34.2900     7.5421    27.5649    27.5637    34.2926    27.5658    1447.68    1447.68    -0.6467  1028.2939    34.4543 0.0000e+00
      23220 314.141996 -9.990e-29  -58.42957     -0.817    1448.28    151.000    149.496    -0.6415    -0.6415     0.0001    -0.6461    -0.6460     0.0001   2.803279   2.803164  -0.000120    34.2921    34.2903     7.5408    27.5653    27.5639    34.2929    27.5660    1447.67    1447.67    -0.6460  1028.2893    34.4546 0.0000e+00
      23249 314.142010 -9.990e-29  -58.42956     -0.843    1448.28    150.000    148.507    -0.6388    -0.6396    -0.0008    -0.6433    -0.6442    -0.0008   2.803442   2.803259  -0.000186    34.2915    34.2900     7.5373    27.5648    27.5636    34.2925    27.5656    1447.67    1447.66    -0.6432  1028.2841    34.4542 0.0000e+00
      23276 314.142023  -62.14484  -58.42955     -0.876    1448.28    149.000    147.517    -0.6381    -0.6378     0.0003    -0.6426    -0.6423     0.0003   2.803468   2.803355  -0.000121    34.2921    34.2902     7.5521    27.5652    27.5636    34.2927    27.5657    1447.65    1447.65    -0.6425  1028.2827    34.4585 0.0000e+00
      23305 314.142037  -62.14484  -58.42954     -0.843    1448.28    148.000    146.527    -0.6375    -0.6385    -0.0011    -0.6419    -0.6430    -0.0011   2.803427   2.803249  -0.000168    34.2914    34.2904     7.5592    27.5646    27.5638    34.2921    27.5652    1447.64    1447.63    -0.6419  1028.2783    34.4589 0.0000e+00
      23335 314.142051  -62.14484  -58.42952     -0.806    1448.28    147.000    145.538    -0.6363    -0.6366    -0.0003    -0.6408    -0.6411    -0.0003   2.803517   2.803356  -0.000170    34.2920    34.2901     7.5665    27.5651    27.5635    34.2926    27.5655    1447.63    1447.63    -0.6407  1028.2739    34.4594 0.0000e+00
