Pos-Processados/process_op42/operantar42_011.ros
* Sea-Bird SBE 9 Data File:
* FileName = C:\Users\Hidrografia\Desktop\OPXLII\Brutos\OP42011.hdr
* Software Version Seasave V 7.26.7.107
* Temperature SN = 6502
* Conductivity SN = 4998
* Number of Bytes Per Scan = 31
* Number of Voltage Words = 2
* Number of Scans Averaged by the Deck Unit = 1
* NMEA Latitude = 45 08.67 S
* NMEA Longitude = 055 57.85 W
* NMEA UTC (Time) = Oct 19 2023 08:19:59
* NMEA baud rate = 4800
** H41
** NPOALTEMAXIMIANO
** NUMERO DA ESTACAO (XXX) 011
** LAT (XX XX.XX S/N) 45 5.419 S
** LONG (XXX XX.XX W/E) 055 57.980 W
** DATAHORA (dd/mm/aaaa hh:mm Z) 19/10/2023 0819Z
** PROFUNDIDADE (m) 5475
** OPERADOR CT FILIPE LOPES
# nquan = 24
# nvalues = 4146                                  
# units = specified
# name 0 = scan: Scan Count
# name 1 = timeJ: Julian Days
# name 2 = latitude: Latitude [deg]
# name 3 = longitude: Longitude [deg]
# name 4 = dz/dtM: Descent Rate [m/s]
# name 5 = avgsvCM: Average Sound Velocity [Chen-Millero, m/s]
# name 6 = prDM: Pressure, Digiquartz [db]
# name 7 = depSM: Depth [salt water, m]
# name 8 = t090C: Temperature [ITS-90, deg C]
# name 9 = t190C: Temperature, 2 [ITS-90, deg C]
# name 10 = T2-T190C: Temperature Difference, 2 - 1 [ITS-90, deg C]
# name 11 = potemp090C: Potential Temperature [ITS-90, deg C]
# name 12 = potemp190C: Potential Temperature, 2 [ITS-90, deg C]
# name 13 = potemp90Cdiff: Potential Temperature, Diff, 2 - 1 [ITS-90, deg C]
# name 14 = c0S/m: Conductivity [S/m]
# name 15 = c1S/m: Conductivity, 2 [S/m]
# name 16 = C2-C1S/m: Conductivity Difference, 2 - 1 [S/m]
# name 17 = sal00: Salinity, Practical [PSU]
# name 18 = sal11: Salinity, Practical, 2 [PSU]
# name 19 = sbeox0ML/L: Oxygen, SBE 43 [ml/l]
# name 20 = sigma-é00: Density [sigma-theta, kg/m^3]
# name 21 = sigma-é11: Density, 2 [sigma-theta, kg/m^3]
# name 22 = nbf: Bottles Fired
# name 23 = flag:  0.000e+00
# interval = seconds: 0.0416667
# start_time = Oct 19 2023 08:19:59 [NMEA time, header]
# bad_flag = -9.990e-29
*END*
[from data line 1087]
      59596 292.375951  -45.15024  -55.95320      0.089    1474.96     42.734     42.382    12.0245    12.0429     0.0184    12.0190    12.0374     0.0184   3.999250   4.001444   0.002194    34.9520    34.9562     6.1224    26.5482    26.5479          7  0.000e+00
      59597 292.375951  -45.15024  -55.95320      0.090    1474.96     42.734     42.382    12.0248    12.0424     0.0177    12.0192    12.0369     0.0177   3.999270   4.001457   0.002187    34.9520    34.9568     6.1178    26.5482    26.5485          7  0.000e+00
      59598 292.375951  -45.15024  -55.95320      0.092    1474.96     42.734     42.382    12.0247    12.0421     0.0174    12.0192    12.0366     0.0174   3.999283   4.001508   0.002226    34.9522    34.9575     6.1213    26.5483    26.5491          7  0.000e+00
      59599 292.375952  -45.15024  -55.95320      0.093    1474.96     42.734     42.382    12.0246    12.0428     0.0182    12.0191    12.0372     0.0182   3.999309   4.001573   0.002264    34.9525    34.9576     6.1208    26.5486    26.5490          7  0.000e+00
      59600 292.375952  -45.15024  -55.95320      0.095    1474.96     42.758     42.406    12.0248    12.0430     0.0182    12.0192    12.0374     0.0182   3.999322   4.001670   0.002348    34.9525    34.9583     6.1208    26.5485    26.5496          7  0.000e+00
      59601 292.375953  -45.15024  -55.95320      0.094    1474.96     42.734     42.382    12.0248    12.0431     0.0183    12.0193    12.0376     0.0183   3.999263   4.001670   0.002407    34.9518    34.9582     6.1207    26.5480    26.5495          7  0.000e+00
      59602 292.375953  -45.15024  -55.95320      0.094    1474.96     42.734     42.382    12.0246    12.0419     0.0173    12.0191    12.0364     0.0173   3.999198   4.001560   0.002362    34.9514    34.9582     6.1163    26.5477    26.5497          7  0.000e+00
      59603 292.375954  -45.15024  -55.95320      0.094    1474.96     42.734     42.382    12.0246    12.0410     0.0164    12.0191    12.0354     0.0164   3.999263   4.001392   0.002129    34.9521    34.9575     6.1200    26.5482    26.5493          7  0.000e+00
      59604 292.375954  -45.15024  -55.95320      0.096    1474.96     42.734     42.382    12.0244    12.0400     0.0156    12.0188    12.0344     0.0156   3.999230   4.001353   0.002123    34.9520    34.9581     6.1199    26.5482    26.5500          7  0.000e+00
      59605 292.375955  -45.15024  -55.95320      0.098    1474.96     42.798     42.446    12.0248    12.0401     0.0154    12.0192    12.0345     0.0153   3.999315   4.001373   0.002057    34.9524    34.9581     6.1197    26.5485    26.5500          7  0.000e+00
      59606 292.375955  -45.15024  -55.95320      0.097    1474.96     42.758     42.406    12.0278    12.0408     0.0129    12.0223    12.0352     0.0129   3.999486   4.001515   0.002029    34.9512    34.9589     6.1190    26.5469    26.5504          7  0.000e+00
      59607 292.375956  -45.15024  -55.95320      0.094    1474.96     42.734     42.382    12.0308    12.0419     0.0111    12.0253    12.0364     0.0111   3.999787   4.001663   0.001877    34.9514    34.9592     6.1183    26.5465    26.5505          7  0.000e+00
      59608 292.375956  -45.15024  -55.95320      0.099    1474.96     42.798     42.446    12.0340    12.0421     0.0081    12.0284    12.0365     0.0081   4.000192   4.001702   0.001510    34.9523    34.9594     6.1176    26.5466    26.5506          7  0.000e+00
      59609 292.375957  -45.15024  -55.95320      0.096    1474.96     42.734     42.382    12.0357    12.0418     0.0061    12.0302    12.0362     0.0061   4.000454   4.001618   0.001164    34.9533    34.9589     6.1169    26.5470    26.5503          7  0.000e+00
      59610 292.375957  -45.15024  -55.95320      0.096    1474.96     42.798     42.446    12.0375    12.0408     0.0033    12.0320    12.0352     0.0033   4.000585   4.001463   0.000878    34.9528    34.9583     6.1164    26.5464    26.5500          7  0.000e+00
      59611 292.375958  -45.15024  -55.95320      0.095    1474.96     42.734     42.382    12.0362    12.0400     0.0038    12.0307    12.0344     0.0038   4.000552   4.001347   0.000795    34.9538    34.9580     6.1161    26.5473    26.5499          7  0.000e+00
      59612 292.375958  -45.15024  -55.95320      0.095    1474.96     42.814     42.462    12.0340    12.0400     0.0060    12.0284    12.0344     0.0060   3.999486   4.001366   0.001881    34.9454    34.9582     6.1163    26.5413    26.5500          7  0.000e+00
      59613 292.375959  -45.15024  -55.95320      0.093    1474.96     42.734     42.382    12.0326    12.0406     0.0080    12.0271    12.0350     0.0080   3.999826   4.001386   0.001560    34.9500    34.9578     6.1158    26.5451    26.5496          7  0.000e+00
      59614 292.375959  -45.15024  -55.95320      0.091    1474.96     42.734     42.382    12.0297    12.0395     0.0097    12.0242    12.0339     0.0097   4.000258   4.001308   0.001051    34.9570    34.9581     6.1158    26.5511    26.5501          7  0.000e+00
      59615 292.375960  -45.15024  -55.95320      0.090    1474.96     42.798     42.446    12.0283    12.0381     0.0098    12.0227    12.0326     0.0098   4.000277   4.001205   0.000928    34.9585    34.9583     6.1159    26.5525    26.5505          7  0.000e+00
      59616 292.375960  -45.15024  -55.95320      0.087    1474.96     42.798     42.446    12.0274    12.0363     0.0089    12.0218    12.0307     0.0089   4.000389   4.000941   0.000552    34.9604    34.9575     6.1158    26.5542    26.5502          7  0.000e+00
      59617 292.375961  -45.15024  -55.95320      0.084    1474.96     42.734     42.382    12.0270    12.0353     0.0083    12.0214    12.0298     0.0083   4.000382   4.000812   0.000429    34.9608    34.9571     6.1152    26.5546    26.5501          7  0.000e+00
      59618 292.375961  -45.15024  -55.95320      0.085    1474.96     42.815     42.462    12.0259    12.0350     0.0090    12.0204    12.0294     0.0090   4.000291   4.000663   0.000373    34.9608    34.9560     6.1153    26.5548    26.5493          7  0.000e+00
      59619 292.375962  -45.15024  -55.95320      0.081    1474.96     42.734     42.382    12.0250    12.0348     0.0097    12.0195    12.0292     0.0097   4.000153   4.000541   0.000387    34.9604    34.9550     6.1152    26.5546    26.5486          7  0.000e+00
      59620 292.375962  -45.15024  -55.95320      0.081    1474.96     42.798     42.446    12.0244    12.0340     0.0096    12.0189    12.0284     0.0096   3.999990   4.000489   0.000499    34.9593    34.9552     6.1194    26.5539    26.5489          7  0.000e+00
      59621 292.375963  -45.15024  -55.95320      0.080    1474.96     42.798     42.446    12.0249    12.0325     0.0076    12.0194    12.0269     0.0076   4.000029   4.000379   0.000351    34.9592    34.9555     6.1195    26.5537    26.5494          7  0.000e+00
      59622 292.375963  -45.15024  -55.95320      0.075    1474.96     42.734     42.382    12.0255    12.0321     0.0066    12.0200    12.0266     0.0066   4.000075   4.000263   0.000189    34.9591    34.9548     6.1195    26.5535    26.5489          7  0.000e+00
      59623 292.375964  -45.15024  -55.95320      0.069    1474.96     42.734     42.382    12.0259    12.0317     0.0057    12.0204    12.0261     0.0057   4.000186   4.000237   0.000052    34.9598    34.9550     6.1200    26.5540    26.5491          7  0.000e+00
      59624 292.375964  -45.15024  -55.95320      0.068    1474.96     42.815     42.462    12.0260    12.0315     0.0055    12.0205    12.0259     0.0055   4.000304   4.000212  -0.000092    34.9609    34.9548     6.1205    26.5548    26.5491          7  0.000e+00
      59625 292.375965  -45.15024  -55.95320      0.065    1474.96     42.734     42.382    12.0271    12.0316     0.0045    12.0216    12.0261     0.0045   4.000696   4.000179  -0.000517    34.9637    34.9544     6.1249    26.5568    26.5487          7  0.000e+00
      59626 292.375965  -45.15024  -55.95320      0.060    1474.96     42.734     42.382    12.0303    12.0318     0.0015    12.0247    12.0263     0.0015   4.000997   4.000192  -0.000805    34.9637    34.9544     6.1207    26.5562    26.5487          7  0.000e+00
      59627 292.375965  -45.15024  -55.95320      0.061    1474.96     42.799     42.446    12.0329    12.0318    -0.0011    12.0273    12.0262    -0.0011   4.001220   4.000147  -0.001073    34.9634    34.9539     6.1204    26.5555    26.5483          7  0.000e+00
      59628 292.375966  -45.15024  -55.95320      0.054    1474.96     42.734     42.382    12.0342    12.0317    -0.0025    12.0286    12.0261    -0.0025   4.001272   4.000134  -0.001138    34.9627    34.9539     6.1244    26.5547    26.5483          7  0.000e+00
      59629 292.375966  -45.15024  -55.95320      0.055    1474.96     42.815     42.462    12.0350    12.0311    -0.0039    12.0295    12.0256    -0.0039   4.001370   4.000076  -0.001294    34.9628    34.9538     6.1247    26.5546    26.5484          7  0.000e+00
      59630 292.375967  -45.15024  -55.95320      0.047    1474.96     42.678     42.326    12.0367    12.0309    -0.0057    12.0311    12.0254    -0.0057   4.001704   4.000063  -0.001641    34.9646    34.9540     6.1246    26.5557    26.5485          7  0.000e+00
      59631 292.375967  -45.15024  -55.95320      0.043    1474.96     42.799     42.446    12.0423    12.0303    -0.0119    12.0367    12.0248    -0.0119   4.002372   3.999992  -0.002379    34.9658    34.9538     6.1245    26.5556    26.5485          7  0.000e+00
      59632 292.375968  -45.15024  -55.95320      0.040    1474.96     42.734     42.382    12.0499    12.0301    -0.0198    12.0444    12.0246    -0.0198   4.003111   3.999960  -0.003151    34.9658    34.9537     6.1193    26.5541    26.5485          7  0.000e+00
      59633 292.375968  -45.15024  -55.95320      0.035    1474.96     42.734     42.382    12.0614    12.0300    -0.0314    12.0558    12.0245    -0.0314   4.004263   3.999960  -0.004303    34.9664    34.9538     6.1175    26.5523    26.5485          7  0.000e+00
      59634 292.375969  -45.15024  -55.95320      0.031    1474.96     42.734     42.382    12.0665    12.0297    -0.0368    12.0609    12.0241    -0.0368   4.004715   3.999934  -0.004781    34.9660    34.9539     6.1170    26.5511    26.5487          7  0.000e+00
      59635 292.375969  -45.15024  -55.95320      0.027    1474.96     42.758     42.406    12.0641    12.0296    -0.0345    12.0585    12.0241    -0.0345   4.004420   3.999928  -0.004493    34.9653    34.9538     6.1175    26.5510    26.5486          7  0.000e+00
      59636 292.375970  -45.15024  -55.95320      0.019    1474.96     42.678     42.327    12.0605    12.0295    -0.0311    12.0550    12.0240    -0.0310   4.004231   3.999928  -0.004303    34.9669    34.9540     6.1179    26.5528    26.5488          7  0.000e+00
      59637 292.375970  -45.15024  -55.95320      0.017    1474.96     42.734     42.382    12.0656    12.0298    -0.0358    12.0600    12.0242    -0.0358   4.004460   3.999895  -0.004564    34.9643    34.9534     6.1217    26.5499    26.5483          7  0.000e+00
      59638 292.375971  -45.15024  -55.95320      0.013    1474.96     42.734     42.382    12.0728    12.0295    -0.0433    12.0673    12.0239    -0.0433   4.005036   3.999915  -0.005121    34.9632    34.9538     6.1213    26.5476    26.5487          7  0.000e+00
      59639 292.375971  -45.15024  -55.95320      0.008    1474.96     42.734     42.382    12.0730    12.0295    -0.0435    12.0674    12.0239    -0.0435   4.005258   3.999895  -0.005363    34.9652    34.9537     6.1216    26.5492    26.5485          7  0.000e+00
      59640 292.375972  -45.15024  -55.95320      0.002    1474.96     42.734     42.382    12.0706    12.0294    -0.0412    12.0651    12.0239    -0.0412   4.004885   3.999863  -0.005022    34.9638    34.9534     6.1181    26.5485    26.5483          7  0.000e+00
      59641 292.375972  -45.15024  -55.95320     -0.005    1474.96     42.638     42.287    12.0666    12.0291    -0.0375    12.0611    12.0236    -0.0375   4.004519   3.999857  -0.004662    34.9640    34.9536     6.1228    26.5494    26.5486          7  0.000e+00
      59642 292.375973  -45.15024  -55.95320     -0.003    1474.96     42.799     42.446    12.0629    12.0290    -0.0339    12.0573    12.0234    -0.0339   4.004263   3.999799  -0.004465    34.9649    34.9532     6.1237    26.5509    26.5483          7  0.000e+00
      59643 292.375973  -45.15024  -55.95320     -0.012    1474.96     42.678     42.327    12.0608    12.0291    -0.0316    12.0552    12.0236    -0.0316   4.004015   3.999837  -0.004177    34.9645    34.9534     6.1242    26.5510    26.5484          7  0.000e+00
      59644 292.375974  -45.15024  -55.95320     -0.016    1474.96     42.678     42.327    12.0570    12.0290    -0.0280    12.0515    12.0235    -0.0280   4.003746   3.999831  -0.003915    34.9654    34.9535     6.1246    26.5524    26.5485          7  0.000e+00
      59645 292.375974  -45.15024  -55.95320     -0.021    1474.96     42.678     42.327    12.0511    12.0290    -0.0221    12.0455    12.0234    -0.0221   4.003229   3.999844  -0.003385    34.9660    34.9537     6.1256    26.5540    26.5487          7  0.000e+00
      59646 292.375975  -45.15024  -55.95320     -0.023    1474.96     42.734     42.383    12.0476    12.0293    -0.0183    12.0420    12.0238    -0.0182   4.002869   3.999883  -0.002987    34.9657    34.9537     6.1259    26.5544    26.5486          7  0.000e+00
      59647 292.375975  -45.15024  -55.95320     -0.030    1474.96     42.638     42.287    12.0474    12.0298    -0.0176    12.0419    12.0242    -0.0176   4.002679   4.000018  -0.002661    34.9641    34.9546     6.1260    26.5532    26.5492          7  0.000e+00
      59648 292.375976  -45.15024  -55.95320     -0.031    1474.96     42.734     42.383    12.0476    12.0310    -0.0166    12.0420    12.0254    -0.0166   4.002601   4.000218  -0.002383    34.9631    34.9554     6.1305    26.5524    26.5496          7  0.000e+00
      59649 292.375976  -45.15024  -55.95320     -0.038    1474.96     42.622     42.271    12.0484    12.0320    -0.0164    12.0429    12.0265    -0.0164   4.002646   4.000328  -0.002319    34.9628    34.9556     6.1307    26.5520    26.5495          7  0.000e+00
      59650 292.375977  -45.15024  -55.95320     -0.042    1474.96     42.678     42.327    12.0493    12.0318    -0.0175    12.0437    12.0262    -0.0175   4.002876   4.000341  -0.002535    34.9642    34.9559     6.1268    26.5529    26.5498          7  0.000e+00
      59651 292.375977  -45.15024  -55.95320     -0.043    1474.96     42.735     42.383    12.0499    12.0311    -0.0188    12.0444    12.0256    -0.0188   4.003124   4.000341  -0.002784    34.9660    34.9565     6.1262    26.5542    26.5504          7  0.000e+00
      59652 292.375978  -45.15024  -55.95320     -0.051    1474.96     42.622     42.271    12.0501    12.0318    -0.0183    12.0445    12.0262    -0.0183   4.003111   4.000263  -0.002848    34.9658    34.9552     6.1260    26.5540    26.5493          7  0.000e+00
      59653 292.375978  -45.15024  -55.95320     -0.057    1474.96     42.638     42.287    12.0491    12.0323    -0.0168    12.0436    12.0268    -0.0168   4.002902   4.000211  -0.002690    34.9646    34.9541     6.1303    26.5533    26.5484          7  0.000e+00
      59654 292.375978  -45.15024  -55.95320     -0.057    1474.96     42.678     42.327    12.0472    12.0326    -0.0146    12.0417    12.0271    -0.0146   4.002640   4.000231  -0.002409    34.9638    34.9540     6.1266    26.5530    26.5482          7  0.000e+00
      59655 292.375979  -45.15024  -55.95320     -0.062    1474.96     42.622     42.271    12.0432    12.0331    -0.0101    12.0377    12.0276    -0.0101   4.002326   4.000289  -0.002037    34.9645    34.9541     6.1312    26.5544    26.5482          7  0.000e+00
