Pos-Processados/process_op42/operantar42_036.cnv
* Sea-Bird SBE 9 Data File:
* FileName = C:\Users\Hidrografia\Desktop\OPXLII\Brutos\OP42036.hdr
* Software Version Seasave V 7.26.7.107
* Temperature SN = 6502
* Conductivity SN = 4998
* Number of Bytes Per Scan = 37
* Number of Voltage Words = 4
* Number of Scans Averaged by the Deck Unit = 1
* NMEA Latitude = 62 08.52 S
* NMEA Longitude = 058 26.36 W
* NMEA UTC (Time) = Nov 09 2023 11:10:29
* NMEA baud rate = 4800
** H41
** NPOALTEMAXIMIANO
** NUMERO DA ESTACAO (XXX) 036
** LAT (XX XX.XX S/N) 62 08.14 S
** LONG (XXX XX.XX W/E) 058 26.57 W
** DATAHORA (dd/mm/aaaa hh:mm Z) 09/11/2023 1105Z
** PROFUNDIDADE (m) 416
** OPERADOR 1T ZAMITH
# nquan = 30
# nvalues = 696                         
# units = specified
# name 0 = scan: Scan Count
# name 1 = timeJ: Julian Days
# name 2 = latitude: Latitude [deg]
# name 3 = longitude: Longitude [deg]
# name 4 = dz/dtM: Descent Rate [m/s]
# name 5 = avgsvCM: Average Sound Velocity [Chen-Millero, m/s]
# name 6 = prDM: Pressure, Digiquartz [db]
# name 7 = depSM: Depth [salt water, m]
# name 8 = t090C: Temperature [ITS-90, deg C]
# name 9 = t190C: Temperature, 2 [ITS-90, deg C]
# name 10 = T2-T190C: Temperature Difference, 2 - 1 [ITS-90, deg C]
# name 11 = potemp090C: Potential Temperature [ITS-90, deg C]
# name 12 = potemp190C: Potential Temperature, 2 [ITS-90, deg C]
# name 13 = potemp90Cdiff: Potential Temperature, Diff, 2 - 1 [ITS-90, deg C]
# name 14 = c0S/m: Conductivity [S/m]
# name 15 = c1S/m: Conductivity, 2 [S/m]
# name 16 = C2-C1S/m: Conductivity Difference, 2 - 1 [S/m]
# name 17 = sal00: Salinity, Practical [PSU]
# name 18 = sal11: Salinity, Practical, 2 [PSU]
# name 19 = sbeox0ML/L: Oxygen, SBE 43 [ml/l]
# name 20 = sigma-é00: Density [sigma-theta, kg/m^3]
# name 21 = sigma-é11: Density, 2 [sigma-theta, kg/m^3]
# name 22 = sal00: Salinity, Practical [PSU]
# name 23 = sigma-é00: Density [sigma-theta, kg/m^3]
# name 24 = svCM: Sound Velocity [Chen-Millero, m/s]
# name 25 = svCM1: Sound Velocity, 2 [Chen-Millero, m/s]
# name 26 = gsw_ptA0: potential temperature [ITS-90, deg C]
# name 27 = gsw_densityA0: density, TEOS-10 [density, kg/m^3]
# name 28 = gsw_saA0: Absolute Salinity [g/kg]
# name 29 = flag:
# span 0 =       3210,      22626       
# span 1 = 313.467161, 313.476524       
# span 2 =  -62.14632,  -62.14268       
# span 3 =  -58.43898,  -58.43496       
# span 4 =     -1.398,      1.157       
# span 5 = -2.109e-32,    1449.04       
# span 6 =      6.000,    354.000       
# span 7 =      5.955,    350.276       
# span 8 =    -0.8297,    -0.4891       
# span 9 =    -0.8286,    -0.4795       
# span 10 =    -0.0208,     0.0251      
# span 11 =    -0.8355,    -0.5011      
# span 12 =    -0.8345,    -0.4915      
# span 13 =    -0.0207,     0.0250      
# span 14 =   2.790549,   2.834198      
# span 15 =   2.790510,   2.834721      
# span 16 =  -0.001224,   0.002274      
# span 17 =    30.1799,    34.4126      
# span 18 =    34.2798,    34.4100      
# span 19 =     6.6245,     7.7550      
# span 20 =    24.2565,    27.6565      
# span 21 =    27.5533,    27.6539      
# span 22 =    34.2810,    34.4123      
# span 23 =    27.5539,    27.6562      
# span 24 =    1445.70,    1451.85      
# span 25 =    1445.72,    1451.89      
# span 26 =    -0.8354,    -0.5009      
# span 27 =  1027.5871,  1029.3496      
# span 28 =    34.4448,    34.5816      
# span 29 = 0.0000e+00, 0.0000e+00      
# interval = decibars: 1                
# start_time = Nov 09 2023 11:10:29 [NMEA time, header]
# bad_flag = -9.990e-29
*END*
[from data line 484]
      16999 313.473811  -62.14534  -58.43642     -1.184    1447.90    217.000    214.805    -0.7600    -0.7595     0.0005    -0.7665    -0.7660     0.0005   2.798744   2.798718  -0.000031    34.3259    34.3249     7.2955    27.5978    27.5969    34.3253    27.5973    1448.23    1448.23    -0.7664  1028.6405    34.4926 0.0000e+00
      17022 313.473822  -62.14534  -58.43642     -1.129    1447.90    216.000    213.815    -0.7620    -0.7586     0.0034    -0.7685    -0.7651     0.0034   2.798503   2.798769   0.000226    34.3258    34.3250     7.3056    27.5978    27.5970    34.3249    27.5971    1448.21    1448.22    -0.7683  1028.6356    34.4923 0.0000e+00
      17050 313.473835  -62.14534  -58.43640     -0.930    1447.90    215.000    212.827    -0.7667    -0.7620     0.0047    -0.7731    -0.7684     0.0046   2.798083   2.798394   0.000377    34.3259    34.3257     7.3063    27.5980    27.5977    34.3252    27.5975    1448.17    1448.19    -0.7730  1028.6312    34.4925 0.0000e+00
      17082 313.473851  -62.14535  -58.43640     -0.757    1447.90    214.000    211.837    -0.7800    -0.7753     0.0047    -0.7864    -0.7817     0.0047   2.796740   2.797175   0.000374    34.3250    34.3248     7.3267    27.5979    27.5975    34.3227    27.5960    1448.09    1448.11    -0.7862  1028.6251    34.4900 0.0000e+00
      17109 313.473864  -62.14536  -58.43640     -0.821    1447.90    213.000    210.848    -0.7903    -0.7837     0.0067    -0.7967    -0.7900     0.0067   2.795729   2.796316   0.000552    34.3230    34.3229     7.3131    27.5967    27.5963    34.3214    27.5954    1448.02    1448.05    -0.7965  1028.6198    34.4887 0.0000e+00
      17130 313.473874  -62.14536  -58.43639     -0.998    1447.90    212.000    209.858    -0.7927    -0.7904     0.0023    -0.7989    -0.7967     0.0023   2.795511   2.795632   0.000181    34.3227    34.3226     7.3265    27.5966    27.5963    34.3217    27.5957    1447.99    1448.00    -0.7988  1028.6154    34.4890 0.0000e+00
      17150 313.473884  -62.14536  -58.43638     -1.141    1447.90    211.000    208.869    -0.7915    -0.7909     0.0007    -0.7978    -0.7971     0.0007   2.795511   2.795509  -0.000002    34.3220    34.3212     7.3265    27.5959    27.5953    34.3210    27.5951    1447.98    1447.98    -0.7976  1028.6100    34.4883 0.0000e+00
      17172 313.473894  -62.14536  -58.43638     -1.164    1447.90    210.000    207.880    -0.7938    -0.7907     0.0031    -0.8000    -0.7969     0.0031   2.795182   2.795477   0.000249    34.3212    34.3210     7.3280    27.5954    27.5951    34.3198    27.5942    1447.95    1447.97    -0.7999  1028.6043    34.4871 0.0000e+00
      17201 313.473908  -62.14538  -58.43637     -0.946    1447.90    209.000    206.890    -0.7974    -0.7904     0.0070    -0.8036    -0.7966     0.0070   2.794910   2.795460   0.000561    34.3216    34.3212     7.3493    27.5958    27.5953    34.3208    27.5952    1447.92    1447.96    -0.8034  1028.6005    34.4881 0.0000e+00
      17235 313.473924  -62.14538  -58.43636     -0.711    1447.90    208.000    205.901    -0.8002    -0.8003    -0.0001    -0.8064    -0.8065    -0.0001   2.794419   2.794402 -1.343e-07    34.3194    34.3196     7.3536    27.5942    27.5943    34.3180    27.5930    1447.89    1447.89    -0.8062  1028.5936    34.4853 0.0000e+00
      17264 313.473938  -62.14538  -58.43636     -0.775    1447.90    207.000    204.911    -0.8094    -0.8036     0.0058    -0.8155    -0.8097     0.0058   2.793427   2.793971   0.000529    34.3173    34.3179     7.3603    27.5928    27.5931    34.3156    27.5914    1447.83    1447.86    -0.8154  1028.5874    34.4828 0.0000e+00
      17288 313.473950  -62.14538  -58.43636     -0.927    1447.90    206.000    203.922    -0.8153    -0.8124     0.0029    -0.8213    -0.8185     0.0029   2.792791   2.793044   0.000262    34.3157    34.3160     7.3618    27.5918    27.5919    34.3142    27.5906    1447.78    1447.79    -0.8212  1028.5818    34.4815 0.0000e+00
      17312 313.473962  -62.14538  -58.43636     -1.001    1447.90    205.000    202.932    -0.8191    -0.8151     0.0040    -0.8251    -0.8211     0.0040   2.792385   2.792729   0.000320    34.3152    34.3150     7.3712    27.5915    27.5912    34.3137    27.5903    1447.74    1447.76    -0.8250  1028.5757    34.4796 0.0000e+00
      17341 313.473976 -9.990e-29 -9.990e-29     -0.895    1447.90    204.000    201.943    -0.8219    -0.8166     0.0053    -0.8279    -0.8226     0.0053   2.792112   2.792563   0.000456    34.3148    34.3149     7.3925    27.5913    27.5912    34.3138    27.5905    1447.72    1447.74    -0.8277  1028.5690    34.4771 0.0000e+00
      17379 313.473994 -9.990e-29 -9.990e-29     -0.638    1447.90    203.000    200.958    -0.8227    -0.8192     0.0035    -0.8287    -0.8252     0.0035   2.791918   2.792229   0.000316    34.3138    34.3141     7.4018    27.5905    27.5906    34.3127    27.5896    1447.70    1447.71    -0.8285  1028.5634    34.4759 0.0000e+00
      17413 313.474011  -62.14542  -58.43632     -0.679    1447.90    202.000    199.958    -0.8270    -0.8243     0.0027    -0.8329    -0.8302     0.0027   2.791425   2.791632   0.000205    34.3126    34.3124     7.4103    27.5898    27.5895    34.3115    27.5888    1447.66    1447.67    -0.8327  1028.5590    34.4763 0.0000e+00
      17441 313.474024  -62.14542  -58.43632     -0.809    1447.90    201.000    198.974    -0.8294    -0.8276     0.0018    -0.8353    -0.8335     0.0018   2.791089   2.791234   0.000162    34.3112    34.3113     7.4131    27.5887    27.5887    34.3103    27.5880    1447.63    1447.64    -0.8351  1028.5554    34.4775 0.0000e+00
      17467 313.474036  -62.14542  -58.43631     -0.908    1447.90    200.000    197.985    -0.8297    -0.8286     0.0011    -0.8355    -0.8345     0.0010   2.791034   2.791075   0.000050    34.3111    34.3106     7.4260    27.5887    27.5882    34.3105    27.5881    1447.61    1447.61    -0.8354  1028.5508    34.4777 0.0000e+00
      17494 313.474049  -62.14542  -58.43630     -0.917    1447.90    199.000    196.996    -0.8295    -0.8283     0.0011    -0.8353    -0.8341     0.0011   2.791010   2.791046   0.000038    34.3111    34.3104     7.4244    27.5887    27.5880    34.3106    27.5882    1447.59    1447.60    -0.8352  1028.5461    34.4778 0.0000e+00
      17522 313.474063  -62.14542  -58.43630     -0.857    1447.90    198.000    196.006    -0.8295    -0.8286     0.0009    -0.8353    -0.8344     0.0009   2.790955   2.790967   0.000019    34.3110    34.3102     7.4341    27.5885    27.5878    34.3105    27.5881    1447.58    1447.58    -0.8352  1028.5412    34.4777 0.0000e+00
      17553 313.474078  -62.14544  -58.43630     -0.800    1447.90    197.000    195.017    -0.8294    -0.8286     0.0008    -0.8352    -0.8344     0.0008   2.790917   2.790916   0.000003    34.3109    34.3101     7.4335    27.5884    27.5877    34.3104    27.5881    1447.56    1447.57    -0.8350  1028.5364    34.4776 0.0000e+00
      17582 313.474092  -62.14544  -58.43629     -0.807    1447.90    196.000    194.027    -0.8292    -0.8285     0.0007    -0.8350    -0.8343     0.0007   2.790876   2.790878   0.000008    34.3107    34.3099     7.4445    27.5882    27.5876    34.3103    27.5879    1447.55    1447.55    -0.8348  1028.5315    34.4775 0.0000e+00
      17608 313.474105  -62.14544  -58.43628     -0.880    1447.90    195.000    193.038    -0.8289    -0.8283     0.0005    -0.8346    -0.8340     0.0005   2.790868   2.790837  -0.000024    34.3107    34.3098     7.4371    27.5882    27.5875    34.3104    27.5881    1447.53    1447.53    -0.8344  1028.5268    34.4776 0.0000e+00
      17633 313.474116  -62.14544  -58.43628     -0.946    1447.90    194.000    192.048    -0.8283    -0.8280     0.0003    -0.8340    -0.8336     0.0003   2.790877   2.790818  -0.000055    34.3107    34.3096     7.4260    27.5882    27.5873    34.3105    27.5881    1447.52    1447.52    -0.8338  1028.5220    34.4777 0.0000e+00
      17659 313.474129  -62.14545  -58.43627     -0.959    1447.90    193.000    191.059    -0.8279    -0.8275     0.0005    -0.8336    -0.8331     0.0005   2.790847   2.790822  -0.000025    34.3105    34.3096     7.4387    27.5881    27.5873    34.3103    27.5879    1447.50    1447.51    -0.8334  1028.5171    34.4775 0.0000e+00
      17686 313.474142  -62.14546  -58.43626     -0.897    1447.90    192.000    190.069    -0.8277    -0.8271     0.0007    -0.8333    -0.8327     0.0007   2.790822   2.790807  -0.000015    34.3105    34.3095     7.4321    27.5880    27.5872    34.3103    27.5879    1447.49    1447.49    -0.8332  1028.5123    34.4775 0.0000e+00
      17714 313.474156  -62.14546  -58.43626     -0.855    1447.90    191.000    189.080    -0.8276    -0.8268     0.0008    -0.8331    -0.8324     0.0008   2.790785   2.790777  -0.000008    34.3104    34.3094     7.4490    27.5880    27.5871    34.3103    27.5879    1447.47    1447.48    -0.8330  1028.5075    34.4774 0.0000e+00
      17742 313.474169  -62.14546  -58.43626     -0.865    1447.90    190.000    188.090    -0.8276    -0.8268     0.0008    -0.8331    -0.8323     0.0008   2.790724   2.790720  -0.000003    34.3103    34.3094     7.4498    27.5879    27.5871    34.3101    27.5877    1447.46    1447.46    -0.8330  1028.5025    34.4772 0.0000e+00
      17767 313.474181  -62.14546  -58.43624     -0.910    1447.90    189.000    187.101    -0.8280    -0.8270     0.0010    -0.8335    -0.8325     0.0010   2.790620   2.790649   0.000027    34.3099    34.3092     7.4388    27.5876    27.5869    34.3098    27.5875    1447.44    1447.44    -0.8334  1028.4975    34.4769 0.0000e+00
      17792 313.474193  -62.14548  -58.43624     -0.948    1447.90    188.000    186.111    -0.8278    -0.8272     0.0007    -0.8333    -0.8326     0.0007   2.790582   2.790581   0.000002    34.3098    34.3090     7.4456    27.5874    27.5868    34.3097    27.5874    1447.42    1447.42    -0.8331  1028.4927    34.4768 0.0000e+00
      17817 313.474205  -62.14548  -58.43622     -0.962    1447.90    187.000    185.122    -0.8274    -0.8270     0.0005    -0.8329    -0.8324     0.0005   2.790549   2.790529  -0.000018    34.3095    34.3087     7.4294    27.5872    27.5865    34.3094    27.5871    1447.41    1447.41    -0.8327  1028.4877    34.4765 0.0000e+00
      17843 313.474218  -62.14548  -58.43622     -0.955    1447.90    186.000    184.132    -0.8267    -0.8265     0.0003    -0.8322    -0.8319     0.0003   2.790559   2.790510  -0.000047    34.3094    34.3085     7.4230    27.5871    27.5864    34.3094    27.5871    1447.39    1447.39    -0.8320  1028.4828    34.4765 0.0000e+00
      17870 313.474231  -62.14549  -58.43622     -0.915    1447.90    185.000    183.143    -0.8258    -0.8257     0.0001    -0.8312    -0.8311     0.0001   2.790575   2.790515  -0.000056    34.3091    34.3083     7.4432    27.5868    27.5861    34.3091    27.5869    1447.38    1447.38    -0.8310  1028.4778    34.4763 0.0000e+00
      17900 313.474245  -62.14550  -58.43622     -0.822    1447.90    184.000    182.153    -0.8238    -0.8244    -0.0007    -0.8291    -0.8298    -0.0007   2.790667   2.790564  -0.000098    34.3086    34.3080     7.4394    27.5863    27.5859    34.3087    27.5864    1447.38    1447.37    -0.8290  1028.4726    34.4758 0.0000e+00
      17932 313.474261  -62.14550  -58.43620     -0.753    1447.90    183.000    181.164    -0.8230    -0.8234    -0.0004    -0.8283    -0.8287    -0.0004   2.790662   2.790592  -0.000071    34.3082    34.3077     7.4577    27.5860    27.5856    34.3084    27.5861    1447.36    1447.36    -0.8282  1028.4675    34.4755 0.0000e+00
      17960 313.474274  -62.14550  -58.43620     -0.819    1447.90    182.000    180.174    -0.8217    -0.8218    -0.0002    -0.8270    -0.8271    -0.0002   2.790704   2.790620  -0.000075    34.3079    34.3070     7.4494    27.5856    27.5850    34.3080    27.5858    1447.35    1447.35    -0.8269  1028.4624    34.4751 0.0000e+00
      17984 313.474286  -62.14550  -58.43620     -0.935    1447.90    181.000    179.185    -0.8197    -0.8203    -0.0007    -0.8250    -0.8256    -0.0007   2.790803   2.790677  -0.000120    34.3075    34.3066     7.4558    27.5852    27.5846    34.3077    27.5855    1447.34    1447.34    -0.8248  1028.4573    34.4748 0.0000e+00
      18007 313.474297  -62.14552  -58.43618     -1.027    1447.90    180.000    178.195    -0.8180    -0.8190    -0.0010    -0.8232    -0.8242    -0.0010   2.790881   2.790739  -0.000140    34.3072    34.3064     7.4589    27.5850    27.5844    34.3075    27.5852    1447.34    1447.33    -0.8231  1028.4523    34.4746 0.0000e+00
      18031 313.474308  -62.14552  -58.43618     -1.025    1447.90    179.000    177.206    -0.8158    -0.8166    -0.0008    -0.8210    -0.8218    -0.0008   2.791000   2.790861  -0.000140    34.3069    34.3059     7.4504    27.5846    27.5839    34.3072    27.5849    1447.33    1447.32    -0.8209  1028.4471    34.4743 0.0000e+00
      18059 313.474322  -62.14552  -58.43618     -0.908    1447.90    178.000    176.216    -0.8146    -0.8161    -0.0015    -0.8198    -0.8213    -0.0015   2.791038   2.790853  -0.000183    34.3067    34.3060     7.4545    27.5844    27.5839    34.3070    27.5846    1447.32    1447.31    -0.8196  1028.4421    34.4741 0.0000e+00
      18088 313.474336  -62.14553  -58.43616     -0.815    1447.90    177.000    175.227    -0.8133    -0.8128     0.0004    -0.8184    -0.8180     0.0004   2.791076   2.791032  -0.000045    34.3064    34.3052     7.4563    27.5841    27.5832    34.3067    27.5843    1447.31    1447.31    -0.8183  1028.4370    34.4737 0.0000e+00
      18116 313.474349  -62.14554  -58.43616     -0.848    1447.90    176.000    174.237    -0.8118    -0.8122    -0.0003    -0.8170    -0.8173    -0.0003   2.791132   2.791032  -0.000099    34.3061    34.3051     7.4559    27.5838    27.5830    34.3064    27.5840    1447.30    1447.30    -0.8168  1028.4319    34.4735 0.0000e+00
      18140 313.474361  -62.14554  -58.43615     -0.928    1447.90    175.000    173.248    -0.8099    -0.8107    -0.0008    -0.8150    -0.8158    -0.0008   2.791222   2.791090  -0.000123    34.3056    34.3048     7.4650    27.5833    27.5827    34.3060    27.5837    1447.29    1447.29    -0.8149  1028.4268    34.4731 0.0000e+00
      18164 313.474373  -62.14554  -58.43614     -1.005    1447.90    174.000    172.258    -0.8055    -0.8081    -0.0026    -0.8105    -0.8131    -0.0026   2.791541   2.791243  -0.000280    34.3051    34.3042     7.4566    27.5827    27.5821    34.3059    27.5834    1447.30    1447.28    -0.8104  1028.4217    34.4730 0.0000e+00
      18188 313.474384  -62.14554  -58.43614     -1.007    1447.90    173.000    171.268    -0.7996    -0.8017    -0.0021    -0.8047    -0.8067    -0.0021   2.791944   2.791687  -0.000249    34.3045    34.3034     7.4595    27.5820    27.5813    34.3054    27.5827    1447.30    1447.29    -0.8045  1028.4162    34.4724 0.0000e+00
      18216 313.474398  -62.14554  -58.43614     -0.910    1447.90    172.000    170.279    -0.7969    -0.7995    -0.0026    -0.8020    -0.8045    -0.0026   2.792080   2.791802  -0.000267    34.3043    34.3036     7.4670    27.5817    27.5812    34.3047    27.5821    1447.30    1447.29    -0.8018  1028.4108    34.4718 0.0000e+00
      18247 313.474413  -62.14556  -58.43614     -0.800    1447.90    171.000    169.289    -0.7965    -0.7984    -0.0019    -0.8015    -0.8034    -0.0019   2.792090   2.791856  -0.000250    34.3043    34.3032     7.4515    27.5818    27.5809    34.3050    27.5823    1447.29    1447.28    -0.8014  1028.4062    34.4720 0.0000e+00
