Pos-Processados/process_op42/operantar42_020.ros
* Sea-Bird SBE 9 Data File:
* FileName = C:\Users\Hidrografia\Desktop\OPXLII\Brutos\OP42020.hdr
* Software Version Seasave V 7.26.7.107
* Temperature SN = 6502
* Conductivity SN = 4998
* Number of Bytes Per Scan = 37
* Number of Voltage Words = 4
* Number of Scans Averaged by the Deck Unit = 1
* NMEA Latitude = 62 08.28 S
* NMEA Longitude = 058 26.46 W
* NMEA UTC (Time) = Nov 07 2023 17:35:19
* NMEA baud rate = 4800
** H41
** NPOALTEMAXIMIANO
** NUMERO DA ESTACAO (XXX) 020
** LAT (XX XX.XX S/N) 62 08.46 S
** LONG (XXX XX.XX W/E) 058 26.12 W
** DATAHORA (dd/mm/aaaa hh:mm Z) 07/11/2023 1734Z
** PROFUNDIDADE (m) 423
** OPERADOR CT FILIPE LOPES
# nquan = 24
# nvalues = 3815                                  
# units = specified
# name 0 = scan: Scan Count
# name 1 = timeJ: Julian Days
# name 2 = latitude: Latitude [deg]
# name 3 = longitude: Longitude [deg]
# name 4 = dz/dtM: Descent Rate [m/s]
# name 5 = avgsvCM: Average Sound Velocity [Chen-Millero, m/s]
# name 6 = prDM: Pressure, Digiquartz [db]
# name 7 = depSM: Depth [salt water, m]
# name 8 = t090C: Temperature [ITS-90, deg C]
# name 9 = t190C: Temperature, 2 [ITS-90, deg C]
# name 10 = T2-T190C: Temperature Difference, 2 - 1 [ITS-90, deg C]
# name 11 = potemp090C: Potential Temperature [ITS-90, deg C]
# name 12 = potemp190C: Potential Temperature, 2 [ITS-90, deg C]
# name 13 = potemp90Cdiff: Potential Temperature, Diff, 2 - 1 [ITS-90, deg C]
# name 14 = c0S/m: Conductivity [S/m]
# name 15 = c1S/m: Conductivity, 2 [S/m]
# name 16 = C2-C1S/m: Conductivity Difference, 2 - 1 [S/m]
# name 17 = sal00: Salinity, Practical [PSU]
# name 18 = sal11: Salinity, Practical, 2 [PSU]
# name 19 = sbeox0ML/L: Oxygen, SBE 43 [ml/l]
# name 20 = sigma-é00: Density [sigma-theta, kg/m^3]
# name 21 = sigma-é11: Density, 2 [sigma-theta, kg/m^3]
# name 22 = nbf: Bottles Fired
# name 23 = flag:  0.000e+00
# interval = seconds: 0.0416667
# start_time = Nov 07 2023 17:35:19 [NMEA time, header]
# bad_flag = -9.990e-29
*END*
[from data line 1510]
      31341 311.747973  -62.14066  -58.44158     -0.035    1448.48      3.021      2.992    -0.4450    -0.4392     0.0058    -0.4451    -0.4393     0.0058   2.812247   2.812580   0.000332    34.2827    34.2806     7.5779    27.5488    27.5469         10  0.000e+00
      31342 311.747973  -62.14066  -58.44158     -0.033    1448.48      3.061      3.031    -0.4461    -0.4393     0.0068    -0.4462    -0.4394     0.0068   2.812190   2.812563   0.000373    34.2831    34.2805     7.5725    27.5492    27.5468         10  0.000e+00
      31343 311.747974  -62.14066  -58.44158     -0.035    1448.48      3.021      2.992    -0.4482    -0.4392     0.0090    -0.4483    -0.4393     0.0090   2.812093   2.812546   0.000453    34.2842    34.2801     7.5778    27.5502    27.5465         10  0.000e+00
      31344 311.747974  -62.14066  -58.44158     -0.032    1448.48      3.021      2.992    -0.4524    -0.4390     0.0133    -0.4525    -0.4391     0.0133   2.811904   2.812613   0.000709    34.2864    34.2808     7.5728    27.5522    27.5471         10  0.000e+00
      31345 311.747975  -62.14066  -58.44158     -0.033    1448.48      3.021      2.992    -0.4530    -0.4387     0.0143    -0.4531    -0.4388     0.0143   2.811859   2.812630   0.000772    34.2865    34.2807     7.5725    27.5523    27.5470         10  0.000e+00
      31346 311.747975  -62.14066  -58.44158     -0.030    1448.48      3.077      3.047    -0.4509    -0.4382     0.0128    -0.4510    -0.4382     0.0128   2.812013   2.812647   0.000634    34.2862    34.2802     7.5716    27.5519    27.5465         10  0.000e+00
      31347 311.747976  -62.14066  -58.44158     -0.031    1448.48      3.021      2.992    -0.4486    -0.4384     0.0102    -0.4487    -0.4385     0.0102   2.812127   2.812664   0.000537    34.2851    34.2808     7.5706    27.5510    27.5470         10  0.000e+00
      31348 311.747976  -62.14066  -58.44158     -0.031    1448.48      3.021      2.992    -0.4474    -0.4377     0.0097    -0.4475    -0.4378     0.0097   2.812184   2.812698   0.000513    34.2845    34.2804     7.5763    27.5504    27.5467         10  0.000e+00
      31349 311.747976  -62.14066  -58.44158     -0.028    1448.48      3.077      3.047    -0.4467    -0.4374     0.0094    -0.4468    -0.4375     0.0094   2.812121   2.812737   0.000616    34.2829    34.2806     7.5768    27.5491    27.5468         10  0.000e+00
      31350 311.747977  -62.14066  -58.44158     -0.028    1448.48      3.021      2.992    -0.4477    -0.4369     0.0108    -0.4478    -0.4370     0.0108   2.811956   2.812732   0.000776    34.2818    34.2800     7.5775    27.5482    27.5463         10  0.000e+00
      31351 311.747977  -62.14066  -58.44158     -0.030    1448.48      3.021      2.992    -0.4520    -0.4369     0.0151    -0.4521    -0.4370     0.0151   2.811687   2.812771   0.001084    34.2831    34.2805     7.5788    27.5495    27.5467         10  0.000e+00
      31352 311.747978  -62.14066  -58.44158     -0.026    1448.48      3.021      2.992    -0.4593    -0.4370     0.0223    -0.4594    -0.4371     0.0223   2.811236   2.812777   0.001540    34.2852    34.2808     7.5808    27.5516    27.5469         10  0.000e+00
      31353 311.747978  -62.14066  -58.44158     -0.023    1448.48      3.077      3.047    -0.4640    -0.4374     0.0266    -0.4641    -0.4375     0.0266   2.810911   2.812743   0.001832    34.2861    34.2807     7.5822    27.5525    27.5469         10  0.000e+00
      31354 311.747979  -62.14066  -58.44158     -0.022    1448.48      3.021      2.992    -0.4684    -0.4375     0.0309    -0.4685    -0.4376     0.0309   2.810602   2.812720   0.002118    34.2870    34.2805     7.5835    27.5534    27.5467         10  0.000e+00
      31355 311.747979  -62.14066  -58.44158     -0.022    1448.48      3.077      3.047    -0.4716    -0.4386     0.0330    -0.4717    -0.4387     0.0330   2.810368   2.812687   0.002318    34.2874    34.2813     7.5845    27.5539    27.5474         10  0.000e+00
      31356 311.747980  -62.14066  -58.44158     -0.018    1448.48      3.021      2.992    -0.4722    -0.4386     0.0336    -0.4723    -0.4387     0.0336   2.810294   2.812698   0.002404    34.2871    34.2814     7.5848    27.5537    27.5475         10  0.000e+00
      31357 311.747980  -62.14066  -58.44158     -0.015    1448.48      3.077      3.047    -0.4742    -0.4386     0.0356    -0.4743    -0.4387     0.0356   2.810203   2.812675   0.002473    34.2882    34.2812     7.5855    27.5546    27.5473         10  0.000e+00
      31358 311.747981  -62.14066  -58.44158     -0.011    1448.48      3.077      3.047    -0.4759    -0.4378     0.0381    -0.4760    -0.4379     0.0381   2.810077   2.812653   0.002576    34.2884    34.2799     7.5796    27.5549    27.5463         10  0.000e+00
      31359 311.747981  -62.14066  -58.44158     -0.014    1448.48      3.021      2.992    -0.4770    -0.4383     0.0387    -0.4771    -0.4384     0.0387   2.809906   2.812670   0.002764    34.2874    34.2807     7.5854    27.5541    27.5469         10  0.000e+00
      31360 311.747982  -62.14066  -58.44158     -0.010    1448.48      3.077      3.047    -0.4781    -0.4382     0.0399    -0.4782    -0.4382     0.0399   2.809780   2.812670   0.002890    34.2869    34.2805     7.5858    27.5537    27.5468         10  0.000e+00
      31361 311.747982  -62.14066  -58.44158     -0.010    1448.48      3.021      2.992    -0.4806    -0.4384     0.0422    -0.4807    -0.4385     0.0422   2.809551   2.812675   0.003124    34.2867    34.2810     7.5864    27.5537    27.5472         10  0.000e+00
      31362 311.747983  -62.14066  -58.44158     -0.007    1448.48      3.061      3.031    -0.4836    -0.4384     0.0451    -0.4837    -0.4385     0.0451   2.809352   2.812670   0.003318    34.2873    34.2809     7.5871    27.5543    27.5471         10  0.000e+00
      31363 311.747983  -62.14066  -58.44158     -0.003    1448.48      3.077      3.047    -0.4849    -0.4387     0.0462    -0.4850    -0.4388     0.0462   2.809220   2.812675   0.003455    34.2871    34.2813     7.5874    27.5542    27.5474         10  0.000e+00
      31364 311.747984  -62.14066  -58.44158      0.001    1448.48      3.077      3.047    -0.4858    -0.4392     0.0466    -0.4859    -0.4393     0.0466   2.809163   2.812642   0.003478    34.2873    34.2814     7.5875    27.5544    27.5475         10  0.000e+00
      31365 311.747984  -62.14066  -58.44158      0.005    1448.48      3.077      3.047    -0.4870    -0.4397     0.0473    -0.4871    -0.4398     0.0473   2.809043   2.812557   0.003514    34.2870    34.2808     7.5887    27.5542    27.5470         10  0.000e+00
      31366 311.747985  -62.14066  -58.44158      0.006    1448.48      3.077      3.047    -0.4876    -0.4403     0.0473    -0.4877    -0.4404     0.0473   2.809009   2.812540   0.003531    34.2873    34.2812     7.5823    27.5545    27.5474         10  0.000e+00
      31367 311.747985  -62.14066  -58.44158      0.010    1448.48      3.077      3.047    -0.4882    -0.4406     0.0476    -0.4883    -0.4407     0.0475   2.808992   2.812495   0.003503    34.2877    34.2810     7.5813    27.5548    27.5473         10  0.000e+00
      31368 311.747986  -62.14066  -58.44158      0.010    1448.48      3.021      2.992    -0.4890    -0.4409     0.0481    -0.4891    -0.4410     0.0481   2.808941   2.812450   0.003510    34.2879    34.2807     7.5803    27.5551    27.5470         10  0.000e+00
      31369 311.747986  -62.14066  -58.44158      0.011    1448.48      3.077      3.047    -0.4905    -0.4412     0.0493    -0.4906    -0.4413     0.0493   2.808912   2.812445   0.003533    34.2892    34.2810     7.5806    27.5562    27.5473         10  0.000e+00
      31370 311.747987  -62.14066  -58.44158      0.018    1448.48      3.133      3.103    -0.4927    -0.4415     0.0512    -0.4928    -0.4416     0.0512   2.808804   2.812450   0.003647    34.2902    34.2814     7.5800    27.5571    27.5476         10  0.000e+00
      31371 311.747987  -62.14066  -58.44158      0.021    1448.48      3.077      3.047    -0.4946    -0.4414     0.0532    -0.4946    -0.4415     0.0532   2.808695   2.812422   0.003727    34.2909    34.2809     7.5792    27.5577    27.5472         10  0.000e+00
      31372 311.747988  -62.14066  -58.44158      0.018    1448.48      3.021      2.992    -0.4955    -0.4415     0.0540    -0.4956    -0.4416     0.0540   2.808569   2.812422   0.003853    34.2903    34.2810     7.5783    27.5573    27.5474         10  0.000e+00
      31373 311.747988  -62.14066  -58.44158      0.025    1448.48      3.133      3.103    -0.4946    -0.4420     0.0526    -0.4946    -0.4421     0.0526   2.808472   2.812416   0.003944    34.2879    34.2814     7.5783    27.5553    27.5477         10  0.000e+00
      31374 311.747989  -62.14066  -58.44158      0.025    1448.48      3.077      3.047    -0.4930    -0.4421     0.0509    -0.4931    -0.4422     0.0509   2.808529   2.812394   0.003864    34.2869    34.2813     7.5769    27.5544    27.5476         10  0.000e+00
      31375 311.747989  -62.14066  -58.44158      0.028    1448.48      3.077      3.047    -0.4928    -0.4440     0.0489    -0.4929    -0.4441     0.0489   2.808598   2.812377   0.003779    34.2877    34.2832     7.5768    27.5550    27.5492         10  0.000e+00
      31376 311.747989  -62.14066  -58.44158      0.028    1448.48      3.077      3.047    -0.4950    -0.4479     0.0471    -0.4951    -0.4480     0.0471   2.808495   2.812366   0.003871    34.2887    34.2875     7.5762    27.5560    27.5529         10  0.000e+00
      31377 311.747990  -62.14066  -58.44158      0.035    1448.48      3.133      3.103    -0.4952    -0.4477     0.0475    -0.4953    -0.4478     0.0475   2.808472   2.812371   0.003899    34.2886    34.2873     7.5753    27.5559    27.5527         10  0.000e+00
      31378 311.747990  -62.14066  -58.44158      0.034    1448.48      3.077      3.047    -0.4924    -0.4455     0.0469    -0.4925    -0.4455     0.0469   2.808564   2.812383   0.003819    34.2867    34.2849     7.5737    27.5542    27.5507         10  0.000e+00
      31379 311.747991  -62.14066  -58.44158      0.034    1448.48      3.077      3.047    -0.4919    -0.4439     0.0481    -0.4920    -0.4440     0.0481   2.808627   2.812405   0.003779    34.2870    34.2835     7.5726    27.5545    27.5494         10  0.000e+00
      31380 311.747991  -62.14066  -58.44158      0.033    1448.48      3.077      3.047    -0.4926    -0.4424     0.0502    -0.4927    -0.4425     0.0502   2.808501   2.812400   0.003899    34.2860    34.2817     7.5728    27.5537    27.5479         10  0.000e+00
      31381 311.747992  -62.14066  -58.44158      0.039    1448.48      3.133      3.103    -0.4928    -0.4420     0.0509    -0.4929    -0.4421     0.0509   2.808432   2.812371   0.003939    34.2854    34.2808     7.5667    27.5532    27.5472         10  0.000e+00
      31382 311.747992  -62.14066  -58.44158      0.037    1448.48      3.061      3.031    -0.4919    -0.4423     0.0497    -0.4920    -0.4424     0.0497   2.808484   2.812349   0.003865    34.2851    34.2809     7.5709    27.5529    27.5473         10  0.000e+00
      31383 311.747993  -62.14066  -58.44158      0.036    1448.48      3.077      3.047    -0.4910    -0.4426     0.0483    -0.4911    -0.4427     0.0483   2.808604   2.812259   0.003655    34.2856    34.2801     7.5698    27.5533    27.5466         10  0.000e+00
      31384 311.747993  -62.14066  -58.44158      0.039    1448.48      3.133      3.103    -0.4898    -0.4432     0.0466    -0.4899    -0.4433     0.0466   2.808695   2.812208   0.003513    34.2855    34.2800     7.5687    27.5531    27.5466         10  0.000e+00
      31385 311.747994  -62.14066  -58.44158      0.037    1448.48      3.077      3.047    -0.4873    -0.4446     0.0426    -0.4874    -0.4447     0.0426   2.808735   2.812113   0.003378    34.2832    34.2804     7.5672    27.5512    27.5470         10  0.000e+00
      31386 311.747994  -62.14066  -58.44158      0.042    1448.48      3.133      3.103    -0.4885    -0.4453     0.0432    -0.4886    -0.4454     0.0432   2.808746   2.811994   0.003248    34.2847    34.2796     7.5666    27.5525    27.5463         10  0.000e+00
      31387 311.747995  -62.14066  -58.44158      0.041    1448.48      3.077      3.047    -0.4913    -0.4466     0.0447    -0.4914    -0.4467     0.0447   2.808541   2.811809   0.003268    34.2852    34.2786     7.5674    27.5529    27.5456         10  0.000e+00
      31388 311.747995  -62.14068  -58.44158      0.039    1448.48      3.077      3.047    -0.4905    -0.4494     0.0411    -0.4906    -0.4495     0.0411   2.808535   2.811657   0.003122    34.2842    34.2797     7.5674    27.5521    27.5466         10  0.000e+00
      31389 311.747996  -62.14068  -58.44158      0.040    1448.48      3.133      3.103    -0.4924    -0.4543     0.0380    -0.4925    -0.4544     0.0380   2.808598   2.811426   0.002828    34.2871    34.2821     7.5680    27.5546    27.5488         10  0.000e+00
      31390 311.747996  -62.14068  -58.44158      0.038    1448.48      3.077      3.047    -0.4911    -0.4571     0.0340    -0.4912    -0.4572     0.0340   2.808689   2.811297   0.002607    34.2870    34.2835     7.5616    27.5544    27.5501         10  0.000e+00
      31391 311.747997  -62.14068  -58.44158      0.038    1448.48      3.077      3.047    -0.4891    -0.4576     0.0316    -0.4892    -0.4577     0.0316   2.808758   2.811313   0.002556    34.2856    34.2843     7.5659    27.5532    27.5507         10  0.000e+00
      31392 311.747997  -62.14068  -58.44158      0.036    1448.48      3.077      3.047    -0.4868    -0.4578     0.0290    -0.4869    -0.4579     0.0290   2.808889   2.811415   0.002526    34.2848    34.2859     7.5658    27.5524    27.5520         10  0.000e+00
      31393 311.747998  -62.14068  -58.44158      0.036    1448.48      3.133      3.103    -0.4856    -0.4568     0.0287    -0.4857    -0.4569     0.0287   2.808912   2.811482   0.002570    34.2836    34.2857     7.5650    27.5514    27.5518         10  0.000e+00
      31394 311.747998  -62.14068  -58.44158      0.037    1448.48      3.133      3.103    -0.4845    -0.4559     0.0286    -0.4846    -0.4560     0.0286   2.808923   2.811460   0.002536    34.2825    34.2843     7.5642    27.5505    27.5506         10  0.000e+00
      31395 311.747999  -62.14068  -58.44158      0.037    1448.48      3.077      3.047    -0.4879    -0.4561     0.0318    -0.4880    -0.4561     0.0318   2.808809   2.811398   0.002589    34.2849    34.2837     7.5578    27.5526    27.5502         10  0.000e+00
      31396 311.747999  -62.14068  -58.44158      0.034    1448.48      3.077      3.047    -0.4952    -0.4561     0.0391    -0.4953    -0.4561     0.0391   2.808450   2.811330   0.002881    34.2883    34.2828     7.5641    27.5557    27.5494         10  0.000e+00
      31397 311.748000  -62.14068  -58.44158      0.034    1448.48      3.133      3.103    -0.4952    -0.4579     0.0372    -0.4953    -0.4580     0.0372   2.808347   2.811308   0.002961    34.2869    34.2846     7.5647    27.5545    27.5510         10  0.000e+00
      31398 311.748000  -62.14068  -58.44158      0.034    1448.48      3.077      3.047    -0.4930    -0.4639     0.0291    -0.4931    -0.4640     0.0291   2.808444   2.811105   0.002661    34.2858    34.2886     7.5647    27.5535    27.5545         10  0.000e+00
      31399 311.748001  -62.14068  -58.44158      0.031    1448.48      3.077      3.047    -0.4928    -0.4672     0.0257    -0.4929    -0.4673     0.0257   2.808518   2.810925   0.002407    34.2866    34.2899     7.5651    27.5542    27.5557         10  0.000e+00
