Pos-Processados/process_op42/operantar42_018.ros
* Sea-Bird SBE 9 Data File:
* FileName = C:\Users\Hidrografia\Desktop\OPXLII\Brutos\OP42018.hdr
* Software Version Seasave V 7.26.7.107
* Temperature SN = 6502
* Conductivity SN = 4998
* Number of Bytes Per Scan = 37
* Number of Voltage Words = 4
* Number of Scans Averaged by the Deck Unit = 1
* NMEA Latitude = 62 13.46 S
* NMEA Longitude = 058 12.64 W
* NMEA UTC (Time) = Nov 07 2023 12:56:51
* NMEA baud rate = 4800
** H41
** NPOALTEMAXIMIANO
** NUMERO DA ESTACAO (XXX) 018
** LAT (XX XX.XX S/N) 62 13.46 S
** LONG (XXX XX.XX W/E) 058 12.12 W
** DATAHORA (dd/mm/aaaa hh:mm Z) 07/11/2023 1245Z
** PROFUNDIDADE (m) 523
** OPERADOR 1T ZAMITH
# nquan = 24
# nvalues = 4450                                  
# units = specified
# name 0 = scan: Scan Count
# name 1 = timeJ: Julian Days
# name 2 = latitude: Latitude [deg]
# name 3 = longitude: Longitude [deg]
# name 4 = dz/dtM: Descent Rate [m/s]
# name 5 = avgsvCM: Average Sound Velocity [Chen-Millero, m/s]
# name 6 = prDM: Pressure, Digiquartz [db]
# name 7 = depSM: Depth [salt water, m]
# name 8 = t090C: Temperature [ITS-90, deg C]
# name 9 = t190C: Temperature, 2 [ITS-90, deg C]
# name 10 = T2-T190C: Temperature Difference, 2 - 1 [ITS-90, deg C]
# name 11 = potemp090C: Potential Temperature [ITS-90, deg C]
# name 12 = potemp190C: Potential Temperature, 2 [ITS-90, deg C]
# name 13 = potemp90Cdiff: Potential Temperature, Diff, 2 - 1 [ITS-90, deg C]
# name 14 = c0S/m: Conductivity [S/m]
# name 15 = c1S/m: Conductivity, 2 [S/m]
# name 16 = C2-C1S/m: Conductivity Difference, 2 - 1 [S/m]
# name 17 = sal00: Salinity, Practical [PSU]
# name 18 = sal11: Salinity, Practical, 2 [PSU]
# name 19 = sbeox0ML/L: Oxygen, SBE 43 [ml/l]
# name 20 = sigma-é00: Density [sigma-theta, kg/m^3]
# name 21 = sigma-é11: Density, 2 [sigma-theta, kg/m^3]
# name 22 = nbf: Bottles Fired
# name 23 = flag:  0.000e+00
# interval = seconds: 0.0416667
# start_time = Nov 07 2023 12:56:51 [NMEA time, header]
# bad_flag = -9.990e-29
*END*
[from data line 2778]
      29716 311.553809  -62.22822  -58.20568      0.075    1448.15     15.367     15.219    -0.5838    -0.5840    -0.0002    -0.5843    -0.5845    -0.0002   2.802643   2.802460  -0.000184    34.3029    34.3006     7.5350    27.5714    27.5696         15  0.000e+00
      29717 311.553810  -62.22822  -58.20568      0.070    1448.15     15.359     15.211    -0.5836    -0.5834     0.0002    -0.5841    -0.5838     0.0002   2.802660   2.802505  -0.000156    34.3029    34.3005     7.5344    27.5714    27.5694         15  0.000e+00
      29718 311.553810  -62.22822  -58.20568      0.068    1448.15     15.423     15.275    -0.5835    -0.5830     0.0005    -0.5840    -0.5834     0.0005   2.802649   2.802538  -0.000111    34.3025    34.3004     7.5339    27.5711    27.5694         15  0.000e+00
      29719 311.553811  -62.22822  -58.20568      0.066    1448.15     15.359     15.211    -0.5839    -0.5827     0.0012    -0.5844    -0.5831     0.0012   2.802597   2.802544  -0.000054    34.3023    34.3002     7.5334    27.5710    27.5692         15  0.000e+00
      29720 311.553811  -62.22822  -58.20568      0.060    1448.15     15.359     15.211    -0.5841    -0.5823     0.0018    -0.5846    -0.5828     0.0018   2.802546   2.802561   0.000015    34.3019    34.3000     7.5329    27.5706    27.5690         15  0.000e+00
      29721 311.553812  -62.22822  -58.20568      0.062    1448.15     15.423     15.275    -0.5844    -0.5822     0.0022    -0.5849    -0.5826     0.0022   2.802512   2.802594   0.000083    34.3017    34.3003     7.5336    27.5705    27.5692         15  0.000e+00
      29722 311.553812  -62.22822  -58.20568      0.056    1448.15     15.367     15.219    -0.5847    -0.5828     0.0019    -0.5852    -0.5832     0.0019   2.802506   2.802555   0.000049    34.3020    34.3005     7.5331    27.5707    27.5694         15  0.000e+00
      29723 311.553813  -62.22822  -58.20568      0.057    1448.15     15.423     15.275    -0.5851    -0.5825     0.0026    -0.5856    -0.5829     0.0026   2.802466   2.802544   0.000078    34.3019    34.3000     7.5263    27.5706    27.5690         15  0.000e+00
      29724 311.553813  -62.22822  -58.20568      0.050    1448.15     15.359     15.211    -0.5855    -0.5828     0.0027    -0.5860    -0.5832     0.0027   2.802392   2.802566   0.000174    34.3014    34.3006     7.5249    27.5703    27.5695         15  0.000e+00
      29725 311.553814  -62.22822  -58.20568      0.047    1448.15     15.359     15.211    -0.5856    -0.5828     0.0028    -0.5860    -0.5832     0.0028   2.802358   2.802533   0.000175    34.3010    34.3002     7.5234    27.5699    27.5692         15  0.000e+00
      29726 311.553814  -62.22822  -58.20568      0.043    1448.15     15.359     15.211    -0.5861    -0.5833     0.0028    -0.5865    -0.5837     0.0028   2.802307   2.802521   0.000215    34.3009    34.3006     7.5286    27.5699    27.5695         15  0.000e+00
      29727 311.553815  -62.22822  -58.20568      0.040    1448.15     15.367     15.219    -0.5862    -0.5834     0.0028    -0.5866    -0.5838     0.0028   2.802312   2.802505   0.000192    34.3011    34.3005     7.5282    27.5700    27.5694         15  0.000e+00
      29728 311.553815  -62.22822  -58.20568      0.032    1448.15     15.359     15.211    -0.5861    -0.5833     0.0028    -0.5865    -0.5837     0.0028   2.802301   2.802516   0.000215    34.3008    34.3005     7.5214    27.5698    27.5694         15  0.000e+00
      29729 311.553816  -62.22822  -58.20568      0.028    1448.15     15.359     15.211    -0.5856    -0.5834     0.0022    -0.5861    -0.5839     0.0022   2.802352   2.802521   0.000169    34.3010    34.3008     7.5274    27.5699    27.5697         15  0.000e+00
      29730 311.553816  -62.22822  -58.20568      0.031    1448.15     15.423     15.275    -0.5860    -0.5831     0.0029    -0.5865    -0.5835     0.0029   2.802312   2.802538   0.000226    34.3008    34.3006     7.5273    27.5698    27.5695         15  0.000e+00
      29731 311.553817  -62.22822  -58.20568      0.023    1448.15     15.302     15.155    -0.5861    -0.5826     0.0035    -0.5865    -0.5831     0.0035   2.802346   2.802505   0.000158    34.3014    34.2996     7.5268    27.5703    27.5687         15  0.000e+00
      29732 311.553817  -62.22824  -58.20566      0.018    1448.15     15.359     15.211    -0.5854    -0.5831     0.0023    -0.5858    -0.5835     0.0023   2.802392   2.802510   0.000118    34.3012    34.3002     7.5264    27.5701    27.5692         15  0.000e+00
      29733 311.553818  -62.22824  -58.20566      0.011    1448.15     15.302     15.155    -0.5852    -0.5835     0.0016    -0.5856    -0.5840     0.0016   2.802381   2.802454   0.000073    34.3009    34.3000     7.5271    27.5698    27.5691         15  0.000e+00
      29734 311.553818  -62.22824  -58.20566      0.009    1448.15     15.359     15.211    -0.5856    -0.5835     0.0020    -0.5860    -0.5840     0.0020   2.802375   2.802460   0.000085    34.3012    34.3001     7.5270    27.5701    27.5691         15  0.000e+00
      29773 311.553837  -62.22824  -58.20566     -0.126    1448.15     15.125     14.980    -0.5850    -0.5853    -0.0003    -0.5854    -0.5857    -0.0003   2.802312   2.802313   0.000001    34.2999    34.3002     7.5234    27.5690    27.5693         16  0.000e+00
      29774 311.553837  -62.22824  -58.20566     -0.127    1448.15     15.126     14.980    -0.5843    -0.5854    -0.0011    -0.5847    -0.5858    -0.0011   2.802375   2.802308  -0.000067    34.2999    34.3002     7.5219    27.5690    27.5693         16  0.000e+00
      29775 311.553838  -62.22824  -58.20566     -0.128    1448.15     15.126     14.980    -0.5838    -0.5856    -0.0018    -0.5842    -0.5860    -0.0018   2.802403   2.802291  -0.000113    34.2997    34.3002     7.5214    27.5688    27.5693         16  0.000e+00
      29776 311.553838  -62.22824  -58.20566     -0.128    1448.15     15.126     14.980    -0.5842    -0.5856    -0.0013    -0.5847    -0.5860    -0.0013   2.802438   2.802319  -0.000119    34.3007    34.3006     7.5212    27.5697    27.5696         16  0.000e+00
      29777 311.553839  -62.22824  -58.20566     -0.128    1448.15     15.126     14.980    -0.5848    -0.5853    -0.0005    -0.5852    -0.5857    -0.0005   2.802392   2.802313  -0.000079    34.3007    34.3002     7.5200    27.5697    27.5693         16  0.000e+00
      29778 311.553839  -62.22824  -58.20566     -0.131    1448.15     15.061     14.916    -0.5847    -0.5851    -0.0004    -0.5851    -0.5855    -0.0004   2.802375   2.802325  -0.000050    34.3004    34.3002     7.5197    27.5694    27.5693         16  0.000e+00
      29779 311.553840  -62.22824  -58.20566     -0.126    1448.15     15.126     14.980    -0.5846    -0.5848    -0.0001    -0.5851    -0.5852    -0.0001   2.802392   2.802358  -0.000034    34.3006    34.3003     7.5131    27.5695    27.5693         16  0.000e+00
      29780 311.553840  -62.22824  -58.20566     -0.127    1448.15     15.126     14.980    -0.5852    -0.5848     0.0004    -0.5856    -0.5852     0.0004   2.802421   2.802358  -0.000062    34.3015    34.3003     7.5184    27.5704    27.5693         16  0.000e+00
      29781 311.553841  -62.22824  -58.20566     -0.124    1448.15     15.126     14.980    -0.5856    -0.5845     0.0011    -0.5860    -0.5849     0.0011   2.802386   2.802375  -0.000011    34.3015    34.3002     7.5184    27.5704    27.5692         16  0.000e+00
      29782 311.553841  -62.22824  -58.20566     -0.128    1448.15     15.069     14.924    -0.5860    -0.5841     0.0018    -0.5864    -0.5846     0.0018   2.802392   2.802409   0.000017    34.3021    34.3002     7.5184    27.5708    27.5693         16  0.000e+00
      29783 311.553842  -62.22824  -58.20566     -0.124    1448.15     15.126     14.980    -0.5860    -0.5835     0.0024    -0.5864    -0.5840     0.0024   2.802403   2.802392  -0.000011    34.3022    34.2993     7.5120    27.5709    27.5685         16  0.000e+00
      29784 311.553842  -62.22824  -58.20566     -0.127    1448.15     15.061     14.916    -0.5860    -0.5833     0.0028    -0.5865    -0.5837     0.0028   2.802381   2.802403   0.000023    34.3020    34.2992     7.5174    27.5708    27.5684         16  0.000e+00
      29785 311.553843  -62.22824  -58.20566     -0.126    1448.15     15.061     14.916    -0.5866    -0.5838     0.0027    -0.5870    -0.5843     0.0027   2.802358   2.802398   0.000040    34.3023    34.2998     7.5177    27.5711    27.5689         16  0.000e+00
      29786 311.553843  -62.22824  -58.20566     -0.127    1448.15     15.061     14.916    -0.5866    -0.5849     0.0017    -0.5871    -0.5853     0.0017   2.802352   2.802364   0.000012    34.3023    34.3005     7.5179    27.5711    27.5695         16  0.000e+00
      29787 311.553844  -62.22824  -58.20566     -0.124    1448.15     15.126     14.980    -0.5866    -0.5854     0.0012    -0.5870    -0.5858     0.0012   2.802386   2.802297  -0.000090    34.3027    34.3001     7.5117    27.5714    27.5692         16  0.000e+00
      29788 311.553844  -62.22824  -58.20566     -0.121    1448.15     15.069     14.924    -0.5866    -0.5857     0.0009    -0.5871    -0.5862     0.0009   2.802341   2.802280  -0.000061    34.3022    34.3003     7.5174    27.5709    27.5694         16  0.000e+00
      29789 311.553845  -62.22824  -58.20566     -0.121    1448.15     15.061     14.916    -0.5866    -0.5858     0.0007    -0.5870    -0.5863     0.0007   2.802341   2.802263  -0.000078    34.3021    34.3002     7.5177    27.5709    27.5693         16  0.000e+00
      29790 311.553845  -62.22824  -58.20566     -0.116    1448.15     15.126     14.980    -0.5864    -0.5858     0.0006    -0.5869    -0.5863     0.0006   2.802329   2.802257  -0.000072    34.3017    34.3001     7.5181    27.5706    27.5692         16  0.000e+00
      29791 311.553845  -62.22824  -58.20566     -0.115    1448.15     15.061     14.916    -0.5866    -0.5861     0.0005    -0.5871    -0.5866     0.0005   2.802341   2.802257  -0.000084    34.3022    34.3005     7.5185    27.5709    27.5695         16  0.000e+00
      29792 311.553846  -62.22824  -58.20566     -0.113    1448.15     15.061     14.916    -0.5862    -0.5857     0.0005    -0.5867    -0.5862     0.0005   2.802306   2.802274  -0.000032    34.3012    34.3002     7.5189    27.5702    27.5693         16  0.000e+00
      29793 311.553846  -62.22824  -58.20566     -0.111    1448.15     15.061     14.916    -0.5865    -0.5853     0.0012    -0.5869    -0.5857     0.0012   2.802335   2.802302  -0.000033    34.3019    34.3001     7.5131    27.5707    27.5692         16  0.000e+00
      29794 311.553847  -62.22824  -58.20566     -0.111    1448.15     15.069     14.924    -0.5862    -0.5850     0.0013    -0.5867    -0.5854     0.0013   2.802329   2.802341   0.000012    34.3016    34.3003     7.5115    27.5704    27.5693         16  0.000e+00
      29795 311.553847  -62.22824  -58.20566     -0.108    1448.15     15.061     14.916    -0.5859    -0.5853     0.0006    -0.5863    -0.5857     0.0006   2.802341   2.802341 7.7611e-07    34.3013    34.3006     7.5175    27.5702    27.5696         16  0.000e+00
      29796 311.553848  -62.22824  -58.20566     -0.104    1448.15     15.061     14.916    -0.5855    -0.5853     0.0002    -0.5859    -0.5857     0.0002   2.802329   2.802313  -0.000016    34.3007    34.3002     7.5117    27.5697    27.5693         16  0.000e+00
      29797 311.553848  -62.22824  -58.20566     -0.103    1448.15     15.061     14.916    -0.5852    -0.5853    -0.0001    -0.5856    -0.5857    -0.0001   2.802358   2.802308  -0.000050    34.3007    34.3002     7.5114    27.5697    27.5693         16  0.000e+00
      29798 311.553849  -62.22824  -58.20566     -0.098    1448.15     15.126     14.980    -0.5834    -0.5856    -0.0022    -0.5838    -0.5860    -0.0022   2.802512   2.802330  -0.000182    34.3007    34.3008     7.5109    27.5696    27.5697         16  0.000e+00
      29799 311.553849  -62.22824  -58.20566     -0.092    1448.15     15.069     14.924    -0.5836    -0.5854    -0.0018    -0.5841    -0.5858    -0.0018   2.802552   2.802313  -0.000238    34.3016    34.3004     7.5171    27.5703    27.5694         16  0.000e+00
      29800 311.553850  -62.22824  -58.20566     -0.094    1448.15     15.005     14.860    -0.5843    -0.5853    -0.0010    -0.5847    -0.5857    -0.0010   2.802535   2.802325  -0.000210    34.3022    34.3004     7.5118    27.5708    27.5695         16  0.000e+00
      29801 311.553850  -62.22824  -58.20566     -0.087    1448.15     15.126     14.980    -0.5827    -0.5841    -0.0014    -0.5832    -0.5846    -0.0014   2.802615   2.802398  -0.000217    34.3014    34.3001     7.5105    27.5701    27.5691         16  0.000e+00
      29802 311.553851  -62.22824  -58.20566     -0.085    1448.15     15.061     14.916    -0.5796    -0.5831    -0.0034    -0.5801    -0.5835    -0.0034   2.802820   2.802471  -0.000349    34.3007    34.2999     7.5099    27.5694    27.5689         16  0.000e+00
      29803 311.553851  -62.22824  -58.20566     -0.085    1448.15     15.061     14.916    -0.5776    -0.5830    -0.0054    -0.5780    -0.5834    -0.0054   2.803020   2.802493  -0.000526    34.3010    34.3000     7.5095    27.5696    27.5691         16  0.000e+00
      29804 311.553852  -62.22824  -58.20566     -0.077    1448.15     15.061     14.916    -0.5762    -0.5834    -0.0072    -0.5767    -0.5839    -0.0072   2.803065   2.802471  -0.000594    34.3001    34.3003     7.5095    27.5688    27.5693         16  0.000e+00
      29805 311.553852  -62.22824  -58.20566     -0.076    1448.15     15.069     14.924    -0.5754    -0.5837    -0.0083    -0.5759    -0.5842    -0.0083   2.803145   2.802431  -0.000714    34.3003    34.3001     7.5150    27.5689    27.5691         16  0.000e+00
      29806 311.553853  -62.22824  -58.20566     -0.072    1448.15     15.061     14.916    -0.5760    -0.5838    -0.0078    -0.5765    -0.5843    -0.0078   2.803128   2.802431  -0.000697    34.3008    34.3002     7.5101    27.5693    27.5692         16  0.000e+00
      29807 311.553853  -62.22824  -58.20566     -0.067    1448.15     15.061     14.916    -0.5765    -0.5834    -0.0069    -0.5769    -0.5838    -0.0069   2.803054   2.802476  -0.000577    34.3003    34.3003     7.5032    27.5690    27.5693         16  0.000e+00
      29808 311.553854  -62.22824  -58.20566     -0.061    1448.15     15.126     14.980    -0.5765    -0.5823    -0.0058    -0.5769    -0.5828    -0.0058   2.803054   2.802578  -0.000476    34.3002    34.3004     7.5091    27.5689    27.5693         16  0.000e+00
      29809 311.553854  -62.22824  -58.20566     -0.060    1448.15     15.061     14.916    -0.5768    -0.5809    -0.0041    -0.5773    -0.5814    -0.0041   2.803002   2.802679  -0.000324    34.3000    34.3003     7.5087    27.5687    27.5692         16  0.000e+00
      29810 311.553855  -62.22824  -58.20566     -0.053    1448.15     15.069     14.924    -0.5764    -0.5795    -0.0032    -0.5768    -0.5800    -0.0032   2.803020   2.802763  -0.000257    34.2997    34.2998     7.5082    27.5685    27.5687         16  0.000e+00
      29811 311.553855  -62.22824  -58.20566     -0.054    1448.15     15.061     14.916    -0.5751    -0.5783    -0.0032    -0.5756    -0.5787    -0.0032   2.803117   2.802887  -0.000230    34.2996    34.3001     7.5075    27.5683    27.5689         16  0.000e+00
      29812 311.553856  -62.22824  -58.20566     -0.048    1448.15     15.126     14.980    -0.5748    -0.5774    -0.0026    -0.5752    -0.5779    -0.0026   2.803179   2.802954  -0.000225    34.3000    34.2999     7.5071    27.5687    27.5687         16  0.000e+00
