Pos-Processados/process_op42/operantar42_054.cnv
* Sea-Bird SBE 9 Data File:
* FileName = C:\Users\Hidrografia\Desktop\OPXLII\Brutos\OP42054.hdr
* Software Version Seasave V 7.26.7.107
* Temperature SN = 6502
* Conductivity SN = 4998
* Number of Bytes Per Scan = 37
* Number of Voltage Words = 4
* Number of Scans Averaged by the Deck Unit = 1
* NMEA Latitude = 62 18.63 S
* NMEA Longitude = 058 16.10 W
* NMEA UTC (Time) = Nov 17 2023 03:29:41
* NMEA baud rate = 4800
** H41
** NPOALTEMAXIMIANO
** NUMERO DA ESTACAO (XXX) 054
** LAT (XX XX.XX S/N) 62 18.649 S
** LONG (XXX XX.XX W/E) 058 16.1 W
** DATAHORA (dd/mm/aaaa hh:mm Z) 17/11/2023 0328Z
** PROFUNDIDADE (m) 1520 m
** OPERADOR CT FILIPE LOPES
# nquan = 30
# nvalues = 2867                        
# units = specified
# name 0 = scan: Scan Count
# name 1 = timeJ: Julian Days
# name 2 = latitude: Latitude [deg]
# name 3 = longitude: Longitude [deg]
# name 4 = dz/dtM: Descent Rate [m/s]
# name 5 = avgsvCM: Average Sound Velocity [Chen-Millero, m/s]
# name 6 = prDM: Pressure, Digiquartz [db]
# name 7 = depSM: Depth [salt water, m]
# name 8 = t090C: Temperature [ITS-90, deg C]
# name 9 = t190C: Temperature, 2 [ITS-90, deg C]
# name 10 = T2-T190C: Temperature Difference, 2 - 1 [ITS-90, deg C]
# name 11 = potemp090C: Potential Temperature [ITS-90, deg C]
# name 12 = potemp190C: Potential Temperature, 2 [ITS-90, deg C]
# name 13 = potemp90Cdiff: Potential Temperature, Diff, 2 - 1 [ITS-90, deg C]
# name 14 = c0S/m: Conductivity [S/m]
# name 15 = c1S/m: Conductivity, 2 [S/m]
# name 16 = C2-C1S/m: Conductivity Difference, 2 - 1 [S/m]
# name 17 = sal00: Salinity, Practical [PSU]
# name 18 = sal11: Salinity, Practical, 2 [PSU]
# name 19 = sbeox0ML/L: Oxygen, SBE 43 [ml/l]
# name 20 = sigma-é00: Density [sigma-theta, kg/m^3]
# name 21 = sigma-é11: Density, 2 [sigma-theta, kg/m^3]
# name 22 = sal00: Salinity, Practical [PSU]
# name 23 = sigma-é00: Density [sigma-theta, kg/m^3]
# name 24 = svCM: Sound Velocity [Chen-Millero, m/s]
# name 25 = svCM1: Sound Velocity, 2 [Chen-Millero, m/s]
# name 26 = gsw_ptA0: potential temperature [ITS-90, deg C]
# name 27 = gsw_densityA0: density, TEOS-10 [density, kg/m^3]
# name 28 = gsw_saA0: Absolute Salinity [g/kg]
# name 29 = flag:
# span 0 =       2370,      70863       
# span 1 = 321.146756, 321.179787       
# span 2 =  -62.31044,  -62.30930       
# span 3 =  -58.26840,  -58.25813       
# span 4 =     -1.346,      1.326       
# span 5 =       0.00,    1457.48       
# span 6 =      2.000,   1435.000       
# span 7 =      1.968,   1416.325       
# span 8 =    -1.3512,     0.6377       
# span 9 =    -1.3503,     0.6391       
# span 10 =    -0.0466,     0.0466      
# span 11 =    -1.3958,     0.6126      
# span 12 =    -1.3951,     0.6139      
# span 13 =    -0.0464,     0.0464      
# span 14 =   2.800594,   2.950958      
# span 15 =   2.800635,   2.951016      
# span 16 =  -0.004361,   0.003425      
# span 17 =    34.2383,    34.5711      
# span 18 =    34.2333,    34.5694      
# span 19 =     5.1272,     7.8716      
# span 20 =    27.5025,    27.7865      
# span 21 =    27.4984,    27.7857      
# span 22 =    34.2388,    34.5724      
# span 23 =    27.5030,    27.7866      
# span 24 =    1446.23,    1465.86      
# span 25 =    1446.22,    1465.86      
# span 26 =    -1.3947,     0.6128      
# span 27 =  1027.5217,  1034.5858      
# span 28 =    34.4041,    34.7424      
# span 29 = 0.0000e+00, 0.0000e+00      
# interval = decibars: 1                
# start_time = Nov 17 2023 03:29:41 [NMEA time, header]
# bad_flag = -9.990e-29
*END*
[from data line 726]
      19647 321.155088  -62.31022  -58.26713      1.075    1453.98    728.000    719.742    -0.4264    -0.4233     0.0031    -0.4540    -0.4509     0.0031   2.864474   2.864723   0.000226    34.5261    34.5257     5.9513    27.7461    27.7456    34.5231    27.7437    1458.43    1458.44    -0.4536  1031.2020    34.6926 0.0000e+00
      19670 321.155099  -62.31022  -58.26712      1.072    1453.98    729.000    720.729    -0.4430    -0.4413     0.0017    -0.4706    -0.4689     0.0017   2.863292   2.863259  -0.000026    34.5282    34.5259     5.9555    27.7486    27.7466    34.5256    27.7465    1458.37    1458.38    -0.4702  1031.2098    34.6951 0.0000e+00
      19692 321.155110  -62.31022  -58.26712      1.057    1453.98    730.000    721.716    -0.4452    -0.4439     0.0013    -0.4729    -0.4716     0.0013   2.863055   2.863121   0.000064    34.5260    34.5255     5.9591    27.7470    27.7464    34.5243    27.7456    1458.38    1458.38    -0.4724  1031.2136    34.6938 0.0000e+00
      19715 321.155121  -62.31022  -58.26712      1.049    1453.98    731.000    722.703    -0.4439    -0.4428     0.0011    -0.4716    -0.4705     0.0011   2.863181   2.863266   0.000087    34.5253    34.5252     5.9874    27.7463    27.7461    34.5240    27.7452    1458.40    1458.40    -0.4712  1031.2180    34.6935 0.0000e+00
      19738 321.155131  -62.31022  -58.26712      1.062    1453.98    732.000    723.690    -0.4425    -0.4416     0.0009    -0.4702    -0.4693     0.0009   2.863352   2.863395   0.000045    34.5252    34.5248     6.0028    27.7461    27.7458    34.5240    27.7452    1458.42    1458.42    -0.4698  1031.2226    34.6935 0.0000e+00
      19759 321.155142  -62.31022  -58.26710      1.090    1453.98    733.000    724.676    -0.4418    -0.4413     0.0005    -0.4696    -0.4691     0.0005   2.863450   2.863473   0.000023    34.5250    34.5248     5.9906    27.7460    27.7457    34.5240    27.7452    1458.44    1458.44    -0.4692  1031.2273    34.6935 0.0000e+00
      19780 321.155152  -62.31022  -58.26710      1.122    1453.98    734.000    725.663    -0.4422    -0.4419     0.0003    -0.4700    -0.4697     0.0003   2.863458   2.863465   0.000008    34.5251    34.5249     5.9946    27.7460    27.7459    34.5239    27.7451    1458.46    1458.46    -0.4696  1031.2319    34.6934 0.0000e+00
      19802 321.155162  -62.31022  -58.26710      1.125    1453.98    735.000    726.650    -0.4472    -0.4466     0.0006    -0.4751    -0.4745     0.0006   2.863094   2.863096   0.000006    34.5255    34.5249     5.9958    27.7466    27.7461    34.5242    27.7455    1458.45    1458.45    -0.4746  1031.2372    34.6937 0.0000e+00
      19824 321.155173  -62.31022  -58.26710      1.094    1453.98    736.000    727.637    -0.4486    -0.4475     0.0012    -0.4765    -0.4753     0.0012   2.863038   2.863080   0.000045    34.5254    34.5247     5.9887    27.7466    27.7460    34.5245    27.7458    1458.46    1458.46    -0.4761  1031.2422    34.6940 0.0000e+00
      19847 321.155184  -62.31022  -58.26710      1.057    1453.98    737.000    728.624    -0.4509    -0.4493     0.0015    -0.4788    -0.4773     0.0015   2.862836   2.862938   0.000082    34.5252    34.5246     5.9891    27.7465    27.7460    34.5237    27.7453    1458.46    1458.47    -0.4784  1031.2464    34.6932 0.0000e+00
      19871 321.155196  -62.31022  -58.26709      1.036    1453.98    738.000    729.611    -0.4616    -0.4576     0.0041    -0.4895    -0.4855     0.0040   2.861970   2.862215   0.000256    34.5260    34.5248     5.9922    27.7477    27.7466    34.5237    27.7458    1458.43    1458.45    -0.4891  1031.2519    34.6932 0.0000e+00
      19893 321.155207  -62.31022  -58.26708      1.042    1453.98    739.000    730.598    -0.4786    -0.4796    -0.0010    -0.5064    -0.5074    -0.0010   2.860575   2.860370  -0.000170    34.5261    34.5250     5.9940    27.7485    27.7477    34.5236    27.7465    1458.37    1458.36    -0.5060  1031.2577    34.6931 0.0000e+00
      19916 321.155218  -62.31022  -58.26708      1.050    1453.98    740.000    731.585    -0.4931    -0.4948    -0.0017    -0.5209    -0.5226    -0.0017   2.859283   2.859116  -0.000178    34.5252    34.5247     6.0100    27.7484    27.7481    34.5222    27.7460    1458.31    1458.31    -0.5205  1031.2623    34.6917 0.0000e+00
      19940 321.155229  -62.31022  -58.26708      1.039    1453.98    741.000    732.572    -0.5045    -0.5048    -0.0003    -0.5323    -0.5325    -0.0003   2.858293   2.858291  -0.000020    34.5242    34.5242     6.0087    27.7481    27.7482    34.5212    27.7457    1458.28    1458.28    -0.5318  1031.2670    34.6907 0.0000e+00
      19963 321.155240  -62.31022  -58.26708      1.020    1453.98    742.000    733.559    -0.5113    -0.5100     0.0013    -0.5391    -0.5378     0.0013   2.857877   2.857903   0.000045    34.5247    34.5239     6.0108    27.7489    27.7482    34.5227    27.7473    1458.26    1458.27    -0.5386  1031.2734    34.6922 0.0000e+00
      19987 321.155252  -62.31022  -58.26708      1.015    1453.98    743.000    734.545    -0.5093    -0.5085     0.0008    -0.5371    -0.5364     0.0008   2.858024   2.858096   0.000065    34.5233    34.5233     6.0156    27.7477    27.7476    34.5219    27.7465    1458.29    1458.29    -0.5367  1031.2773    34.6914 0.0000e+00
      20009 321.155262  -62.31022  -58.26708      1.048    1453.98    744.000    735.532    -0.5081    -0.5065     0.0015    -0.5359    -0.5344     0.0015   2.858223   2.858319   0.000097    34.5236    34.5232     6.0226    27.7478    27.7474    34.5225    27.7470    1458.31    1458.32    -0.5355  1031.2833    34.6931 0.0000e+00
      20030 321.155272  -62.31022 -9.990e-29      1.105    1453.98    745.000    736.519    -0.5032    -0.5027     0.0005    -0.5311    -0.5307     0.0005   2.858651   2.858702   0.000040    34.5229    34.5229     6.0338    27.7471    27.7471    34.5222    27.7465    1458.35    1458.35    -0.5307  1031.2883    34.6939 0.0000e+00
      20051 321.155283  -62.31022 -9.990e-29      1.144    1453.98    746.000    737.506    -0.5031    -0.5023     0.0009    -0.5311    -0.5302     0.0009   2.858714   2.858731   0.000049    34.5234    34.5230     6.0369    27.7474    27.7471    34.5224    27.7466    1458.37    1458.37    -0.5307  1031.2931    34.6941 0.0000e+00
      20072 321.155293  -62.31022 -9.990e-29      1.140    1453.98    747.000    738.493    -0.5070    -0.5061     0.0009    -0.5350    -0.5341     0.0009   2.858426   2.858473   0.000024    34.5235    34.5228     6.0344    27.7477    27.7471    34.5223    27.7468    1458.36    1458.37    -0.5346  1031.2981    34.6941 0.0000e+00
      20095 321.155304  -62.31022 -9.990e-29      1.094    1453.98    748.000    739.480    -0.5122    -0.5115     0.0007    -0.5402    -0.5395     0.0006   2.858021   2.857974  -0.000001    34.5236    34.5229     6.0344    27.7481    27.7474    34.5221    27.7468    1458.36    1458.36    -0.5398  1031.3030    34.6939 0.0000e+00
      20118 321.155315  -62.31022  -58.26704      1.041    1453.98    749.000    740.467    -0.5201    -0.5259    -0.0058    -0.5481    -0.5539    -0.0058   2.857201   2.856805  -0.000417    34.5223    34.5232     6.0461    27.7473    27.7484    34.5195    27.7451    1458.33    1458.31    -0.5476  1031.3045    34.6893 0.0000e+00
      20142 321.155326  -62.31020  -58.26704      1.018    1453.98    750.000    741.453    -0.5960    -0.5976    -0.0016    -0.6236    -0.6252    -0.0016   2.850718   2.850178  -0.000486    34.5310    34.5263     6.0535    27.7578    27.7540    34.5180    27.7472    1457.99    1457.98    -0.6231  1031.3130    34.6875 0.0000e+00
      20165 321.155337  -62.31020  -58.26704      1.034    1453.98    751.000    742.440    -0.6735    -0.6744    -0.0009    -0.7006    -0.7015    -0.0009   2.844045   2.843814  -0.000268    34.5280    34.5255     6.0575    27.7587    27.7567    34.5156    27.7486    1457.64    1457.64    -0.7001  1031.3209    34.6851 0.0000e+00
      20187 321.155348  -62.31020  -58.26704      1.064    1453.98    752.000    743.427    -0.7261    -0.7278    -0.0017    -0.7529    -0.7546    -0.0017   2.839425   2.839493  -0.000056    34.5217    34.5229     6.0442    27.7558    27.7568    34.5125    27.7484    1457.41    1457.41    -0.7524  1031.3266    34.6820 0.0000e+00
      20209 321.155359  -62.31020  -58.26704      1.078    1453.98    753.000    744.414    -0.7812    -0.7687     0.0125    -0.8077    -0.7953     0.0124   2.835210   2.835559   0.000458    34.5291    34.5211     6.0507    27.7641    27.7570    34.5177    27.7549    1457.17    1457.22    -0.8072  1031.3400    34.6884 0.0000e+00
      20232 321.155370  -62.31020 -9.990e-29      1.069    1453.98    754.000    745.401    -0.7955    -0.7966    -0.0011    -0.8220    -0.8231    -0.0011   2.833630   2.833490  -0.000187    34.5202    34.5190     6.0819    27.7574    27.7565    34.5121    27.7509    1457.12    1457.11    -0.8215  1031.3420    34.6838 0.0000e+00
      20254 321.155381  -62.31020 -9.990e-29      1.070    1453.98    755.000    746.387    -0.7980    -0.7974     0.0006    -0.8245    -0.8239     0.0006   2.833328   2.833404   0.000103    34.5167    34.5174     6.1274    27.7547    27.7553    34.5102    27.7495    1457.12    1457.12    -0.8240  1031.3454    34.6820 0.0000e+00
      20276 321.155391  -62.31020 -9.990e-29      1.088    1453.98    756.000    747.374    -0.8265    -0.8250     0.0014    -0.8528    -0.8514     0.0014   2.830761   2.830725  -0.000067    34.5191    34.5166     6.1766    27.7578    27.7557    34.5074    27.7483    1457.00    1457.00    -0.8523  1031.3497    34.6791 0.0000e+00
      20298 321.155402  -62.31020 -9.990e-29      1.106    1453.98    757.000    748.361    -0.8500    -0.8486     0.0015    -0.8763    -0.8749     0.0015   2.829166   2.829153  -0.000063    34.5171    34.5146     6.2146    27.7572    27.7551    34.5121    27.7531    1456.91    1456.91    -0.8758  1031.3597    34.6838 0.0000e+00
      20321 321.155413  -62.31020  -58.26701      1.060    1453.98    758.000    749.348    -0.8343    -0.8240     0.0103    -0.8606    -0.8505     0.0102   2.830072   2.830728   0.000662    34.5145    34.5119     6.2313    27.7545    27.7519    34.5058    27.7473    1456.99    1457.04    -0.8601  1031.3565    34.6752 0.0000e+00
      20346 321.155425  -62.31020  -58.26700      0.990    1453.98    759.000    750.335    -0.8913    -0.8946    -0.0034    -0.9174    -0.9207    -0.0033   2.825023   2.824736  -0.000277    34.5103    34.5104     6.2747    27.7533    27.7535    34.5018    27.7464    1456.73    1456.72    -0.9168  1031.3617    34.6712 0.0000e+00
      20372 321.155437  -62.31020  -58.26700      0.945    1453.98    760.000    751.321    -0.8909    -0.8926    -0.0017    -0.9170    -0.9187    -0.0017   2.825203   2.825291   0.000089    34.5076    34.5107     6.2713    27.7511    27.7537    34.5032    27.7475    1456.75    1456.75    -0.9165  1031.3675    34.6726 0.0000e+00
      20396 321.155449  -62.31020  -58.26700      0.957    1453.98    761.000    752.308    -0.8908    -0.8912    -0.0004    -0.9169    -0.9173    -0.0004   2.825412   2.825346  -0.000011    34.5098    34.5101     6.2756    27.7528    27.7531    34.5053    27.7492    1456.77    1456.77    -0.9164  1031.3738    34.6747 0.0000e+00
      20419 321.155460  -62.31020  -58.26700      1.013    1453.98    762.000    753.295    -0.8813    -0.8816    -0.0003    -0.9075    -0.9078    -0.0003   2.826242   2.826343   0.000064    34.5081    34.5092     6.2921    27.7511    27.7521    34.5051    27.7487    1456.84    1456.84    -0.9070  1031.3778    34.6745 0.0000e+00
      20441 321.155471  -62.31020  -58.26699      1.070    1453.98    763.000    754.282    -0.8768    -0.8769    -0.0001    -0.9031    -0.9032    -0.0001   2.826689   2.826754   0.000070    34.5080    34.5091     6.3044    27.7509    27.7517    34.5054    27.7488    1456.87    1456.87    -0.9026  1031.3825    34.6749 0.0000e+00
      20464 321.155482  -62.31020  -58.26698      1.073    1453.98    764.000    755.269    -0.8712    -0.8717    -0.0005    -0.8976    -0.8981    -0.0005   2.827186   2.827253   0.000070    34.5080    34.5096     6.3051    27.7507    27.7520    34.5052    27.7484    1456.92    1456.92    -0.8971  1031.3867    34.6747 0.0000e+00
      20488 321.155493  -62.31020  -58.26698      1.025    1453.98    765.000    756.255    -0.8739    -0.8717     0.0022    -0.9004    -0.8982     0.0022   2.827168   2.827257   0.000119    34.5095    34.5086     6.3178    27.7520    27.7512    34.5075    27.7503    1456.92    1456.93    -0.8998  1031.3934    34.6770 0.0000e+00
      20512 321.155505  -62.31020  -58.26698      1.004    1453.98    766.000    757.242    -0.8705    -0.8736    -0.0030    -0.8970    -0.9000    -0.0030   2.827474   2.827245  -0.000263    34.5086    34.5085     6.3110    27.7510    27.7511    34.5072    27.7500    1456.95    1456.94    -0.8965  1031.3977    34.6766 0.0000e+00
      20535 321.155516  -62.31020  -58.26698      1.028    1453.98    767.000    758.229    -0.8766    -0.8725     0.0041    -0.9031    -0.8990     0.0041   2.826926   2.827158   0.000267    34.5095    34.5085     6.3032    27.7521    27.7511    34.5060    27.7493    1456.94    1456.96    -0.9026  1031.4019    34.6755 0.0000e+00
      20557 321.155527  -62.31020  -58.26698      1.056    1453.98    768.000    759.215    -0.8755    -0.8850    -0.0095    -0.9021    -0.9115    -0.0094   2.827036   2.826445  -0.000649    34.5064    34.5084     6.3043    27.7496    27.7516    34.5057    27.7490    1456.96    1456.92    -0.9015  1031.4062    34.6752 0.0000e+00
      20580 321.155538  -62.31020  -58.26696      1.051    1453.98    769.000    760.202    -0.8789    -0.8771     0.0019    -0.9055    -0.9037     0.0019   2.826835   2.826951   0.000141    34.5081    34.5079     6.3090    27.7510    27.7508    34.5063    27.7496    1456.96    1456.97    -0.9050  1031.4117    34.6758 0.0000e+00
      20605 321.155550  -62.31018  -58.26696      1.003    1453.98    770.000    761.189    -0.8793    -0.8893    -0.0101    -0.9059    -0.9159    -0.0100   2.826925   2.825987  -0.000845    34.5077    34.5077     6.3002    27.7507    27.7511    34.5073    27.7504    1456.98    1456.93    -0.9053  1031.4172    34.6768 0.0000e+00
      20633 321.155563  -62.31018  -58.26696      0.913    1453.98    771.000    762.176    -0.8836    -0.8811     0.0025    -0.9102    -0.9077     0.0025   2.826596   2.826635   0.000070    34.5092    34.5072     6.2997    27.7521    27.7504    34.5072    27.7505    1456.97    1456.98    -0.9097  1031.4221    34.6767 0.0000e+00
      20663 321.155578  -62.31018  -58.26695      0.815    1453.98    772.000    763.162    -0.8666    -0.8715    -0.0049    -0.8934    -0.8982    -0.0049   2.827944   2.827536  -0.000372    34.5072    34.5077     6.2970    27.7498    27.7505    34.5054    27.7484    1457.07    1457.05    -0.8928  1031.4243    34.6749 0.0000e+00
      20691 321.155591  -62.31018  -58.26694      0.814    1453.98    773.000    764.149    -0.9509    -0.9582    -0.0073    -0.9772    -0.9844    -0.0073   2.821235   2.820076  -0.001246    34.5179    34.5093     6.3098    27.7618    27.7552    34.5100    27.7554    1456.69    1456.65    -0.9766  1031.4381    34.6795 0.0000e+00
      20717 321.155604  -62.31018  -58.26694      0.895    1454.00    774.000    765.136    -0.9667    -0.9667     0.0001    -0.9929    -0.9929     0.0001   2.819513   2.819517  -0.000010    34.5076    34.5074     6.3091    27.7541    27.7539    34.5042    27.7513    1456.63    1456.63    -0.9923  1031.4391    34.6736 0.0000e+00
