Pos-Processados/process_op42/operantar42_022.ros
* Sea-Bird SBE 9 Data File:
* FileName = C:\Users\Hidrografia\Desktop\OPXLII\Brutos\OP42022.hdr
* Software Version Seasave V 7.26.7.107
* Temperature SN = 6502
* Conductivity SN = 4998
* Number of Bytes Per Scan = 37
* Number of Voltage Words = 4
* Number of Scans Averaged by the Deck Unit = 1
* NMEA Latitude = 62 18.70 S
* NMEA Longitude = 058 31.66 W
* NMEA UTC (Time) = Nov 07 2023 22:53:42
* NMEA baud rate = 4800
** H41
** NPOALTEMAXIMIANO
** NUMERO DA ESTACAO (XXX) 022
** LAT (XX XX.XX S/N) 62 18.60 S
** LONG (XXX XX.XX W/E) 058 32.03 W
** DATAHORA (dd/mm/aaaa hh:mm Z) 07/11/2023 2251Z
** PROFUNDIDADE (m) 434
** OPERADOR 1T ZAMITH
# nquan = 24
# nvalues = 4172                                  
# units = specified
# name 0 = scan: Scan Count
# name 1 = timeJ: Julian Days
# name 2 = latitude: Latitude [deg]
# name 3 = longitude: Longitude [deg]
# name 4 = dz/dtM: Descent Rate [m/s]
# name 5 = avgsvCM: Average Sound Velocity [Chen-Millero, m/s]
# name 6 = prDM: Pressure, Digiquartz [db]
# name 7 = depSM: Depth [salt water, m]
# name 8 = t090C: Temperature [ITS-90, deg C]
# name 9 = t190C: Temperature, 2 [ITS-90, deg C]
# name 10 = T2-T190C: Temperature Difference, 2 - 1 [ITS-90, deg C]
# name 11 = potemp090C: Potential Temperature [ITS-90, deg C]
# name 12 = potemp190C: Potential Temperature, 2 [ITS-90, deg C]
# name 13 = potemp90Cdiff: Potential Temperature, Diff, 2 - 1 [ITS-90, deg C]
# name 14 = c0S/m: Conductivity [S/m]
# name 15 = c1S/m: Conductivity, 2 [S/m]
# name 16 = C2-C1S/m: Conductivity Difference, 2 - 1 [S/m]
# name 17 = sal00: Salinity, Practical [PSU]
# name 18 = sal11: Salinity, Practical, 2 [PSU]
# name 19 = sbeox0ML/L: Oxygen, SBE 43 [ml/l]
# name 20 = sigma-é00: Density [sigma-theta, kg/m^3]
# name 21 = sigma-é11: Density, 2 [sigma-theta, kg/m^3]
# name 22 = nbf: Bottles Fired
# name 23 = flag:  0.000e+00
# interval = seconds: 0.0416667
# start_time = Nov 07 2023 22:53:42 [NMEA time, header]
# bad_flag = -9.990e-29
*END*
[from data line 785]
      32880 311.969814  -62.31444  -58.50454     -0.078    1450.34     23.762     23.532    -0.6664    -0.6655     0.0009    -0.6670    -0.6662     0.0009   2.794822   2.794771  -0.000051    34.2856    34.2839     7.6528    27.5610    27.5596          5  0.000e+00
      32881 311.969815  -62.31444  -58.50454     -0.082    1450.34     23.697     23.468    -0.6664    -0.6653     0.0011    -0.6671    -0.6660     0.0011   2.794708   2.794799   0.000091    34.2842    34.2841     7.6518    27.5598    27.5598          5  0.000e+00
      32882 311.969815  -62.31444  -58.50454     -0.082    1450.34     23.762     23.532    -0.6661    -0.6656     0.0005    -0.6668    -0.6663     0.0005   2.794811   2.794788  -0.000023    34.2851    34.2843     7.6583    27.5606    27.5599          5  0.000e+00
      32883 311.969816  -62.31444  -58.50454     -0.086    1450.34     23.697     23.468    -0.6662    -0.6655     0.0008    -0.6669    -0.6662     0.0008   2.794794   2.794782  -0.000011    34.2851    34.2841     7.6528    27.5606    27.5598          5  0.000e+00
      32884 311.969816  -62.31444  -58.50454     -0.089    1450.34     23.697     23.468    -0.6664    -0.6655     0.0009    -0.6671    -0.6662     0.0009   2.794759   2.794782   0.000023    34.2849    34.2841     7.6529    27.5604    27.5598          5  0.000e+00
      32885 311.969817  -62.31444  -58.50454     -0.085    1450.34     23.762     23.532    -0.6662    -0.6655     0.0008    -0.6669    -0.6662     0.0008   2.794737   2.794760   0.000023    34.2843    34.2838     7.6529    27.5600    27.5595          5  0.000e+00
      32886 311.969817  -62.31444  -58.50454     -0.087    1450.34     23.697     23.468    -0.6662    -0.6655     0.0008    -0.6669    -0.6662     0.0008   2.794805   2.794771  -0.000034    34.2853    34.2840     7.6528    27.5607    27.5596          5  0.000e+00
      32887 311.969818  -62.31444  -58.50454     -0.089    1450.34     23.697     23.468    -0.6661    -0.6653     0.0008    -0.6668    -0.6660     0.0008   2.794833   2.794782  -0.000051    34.2856    34.2839     7.6592    27.5609    27.5596          5  0.000e+00
      32888 311.969818  -62.31444  -58.50454     -0.091    1450.34     23.697     23.468    -0.6662    -0.6655     0.0008    -0.6669    -0.6662     0.0008   2.794788   2.794749  -0.000039    34.2851    34.2837     7.6538    27.5605    27.5594          5  0.000e+00
      32889 311.969819  -62.31444  -58.50454     -0.092    1450.34     23.697     23.468    -0.6659    -0.6656     0.0003    -0.6666    -0.6663     0.0003   2.794759   2.794771   0.000012    34.2843    34.2841     7.6602    27.5599    27.5597          5  0.000e+00
      32890 311.969819  -62.31444  -58.50454     -0.092    1450.34     23.697     23.468    -0.6661    -0.6655     0.0007    -0.6668    -0.6662     0.0007   2.794828   2.794799  -0.000028    34.2855    34.2844     7.6547    27.5609    27.5599          5  0.000e+00
      32891 311.969820  -62.31444  -58.50454     -0.089    1450.34     23.762     23.532    -0.6662    -0.6655     0.0008    -0.6669    -0.6662     0.0008   2.794776   2.794766  -0.000011    34.2849    34.2839     7.6547    27.5604    27.5595          5  0.000e+00
      32892 311.969820  -62.31444  -58.50454     -0.089    1450.34     23.697     23.468    -0.6661    -0.6655     0.0006    -0.6668    -0.6662     0.0006   2.794731   2.794754   0.000024    34.2841    34.2837     7.6610    27.5598    27.5594          5  0.000e+00
      32893 311.969821  -62.31444  -58.50454     -0.088    1450.34     23.697     23.468    -0.6661    -0.6656     0.0005    -0.6668    -0.6663     0.0005   2.794788   2.794771  -0.000017    34.2849    34.2841     7.6554    27.5604    27.5597          5  0.000e+00
      32894 311.969821  -62.31444  -58.50454     -0.087    1450.34     23.697     23.468    -0.6664    -0.6655     0.0009    -0.6670    -0.6662     0.0009   2.794845   2.794782  -0.000062    34.2860    34.2841     7.6553    27.5613    27.5598          5  0.000e+00
      32895 311.969822  -62.31444  -58.50454     -0.090    1450.34     23.697     23.468    -0.6664    -0.6655     0.0009    -0.6671    -0.6662     0.0009   2.794794   2.794782  -0.000011    34.2853    34.2841     7.6552    27.5608    27.5598          5  0.000e+00
      32896 311.969822  -62.31444  -58.50454     -0.088    1450.34     23.697     23.468    -0.6664    -0.6653     0.0011    -0.6670    -0.6660     0.0011   2.794742   2.794782   0.000040    34.2846    34.2839     7.6541    27.5602    27.5596          5  0.000e+00
      32897 311.969823  -62.31444  -58.50454     -0.089    1450.34     23.641     23.412    -0.6661    -0.6655     0.0006    -0.6668    -0.6662     0.0006   2.794782   2.794760  -0.000022    34.2848    34.2839     7.6602    27.5603    27.5595          5  0.000e+00
      32898 311.969823  -62.31444  -58.50454     -0.090    1450.34     23.697     23.468    -0.6663    -0.6655     0.0008    -0.6670    -0.6662     0.0008   2.794862   2.794794  -0.000068    34.2861    34.2843     7.6610    27.5614    27.5599          5  0.000e+00
      32899 311.969823  -62.31444  -58.50454     -0.083    1450.34     23.762     23.532    -0.6662    -0.6655     0.0008    -0.6669    -0.6662     0.0008   2.794822   2.794760  -0.000062    34.2855    34.2838     7.6619    27.5609    27.5595          5  0.000e+00
      32900 311.969824  -62.31444  -58.50452     -0.084    1450.34     23.697     23.468    -0.6665    -0.6655     0.0011    -0.6672    -0.6662     0.0011   2.794731   2.794749   0.000018    34.2846    34.2837     7.6562    27.5602    27.5594          5  0.000e+00
      32901 311.969824  -62.31444  -58.50452     -0.083    1450.34     23.641     23.412    -0.6663    -0.6655     0.0008    -0.6670    -0.6662     0.0008   2.794759   2.794771   0.000012    34.2848    34.2840     7.6623    27.5603    27.5597          5  0.000e+00
      32902 311.969825  -62.31444  -58.50452     -0.083    1450.34     23.697     23.468    -0.6664    -0.6656     0.0008    -0.6670    -0.6663     0.0008   2.794896   2.794799  -0.000097    34.2867    34.2845     7.6565    27.5618    27.5600          5  0.000e+00
      32903 311.969825  -62.31444  -58.50452     -0.078    1450.34     23.697     23.468    -0.6665    -0.6655     0.0011    -0.6672    -0.6662     0.0011   2.794799   2.794788  -0.000011    34.2855    34.2842     7.6562    27.5609    27.5598          5  0.000e+00
      32904 311.969826  -62.31444  -58.50452     -0.074    1450.34     23.754     23.524    -0.6661    -0.6656     0.0005    -0.6668    -0.6663     0.0005   2.794719   2.794782   0.000063    34.2840    34.2842     7.6624    27.5597    27.5598          5  0.000e+00
      32905 311.969826  -62.31444  -58.50452     -0.069    1450.34     23.697     23.468    -0.6665    -0.6653     0.0012    -0.6672    -0.6660     0.0012   2.794839   2.794743  -0.000096    34.2861    34.2834     7.6629    27.5614    27.5592          5  0.000e+00
      32906 311.969827  -62.31444  -58.50452     -0.070    1450.34     23.697     23.468    -0.6664    -0.6653     0.0011    -0.6670    -0.6660     0.0011   2.794845   2.794788  -0.000057    34.2860    34.2840     7.6635    27.5613    27.5596          5  0.000e+00
      32907 311.969827  -62.31444  -58.50452     -0.065    1450.34     23.697     23.468    -0.6666    -0.6655     0.0011    -0.6673    -0.6662     0.0011   2.794788   2.794788 2.0522e-07    34.2855    34.2842     7.6642    27.5609    27.5598          5  0.000e+00
      32908 311.969828  -62.31444  -58.50452     -0.062    1450.34     23.697     23.468    -0.6664    -0.6653     0.0011    -0.6670    -0.6660     0.0011   2.794799   2.794760  -0.000039    34.2854    34.2836     7.6646    27.5608    27.5593          5  0.000e+00
      32909 311.969828  -62.31444  -58.50452     -0.056    1450.34     23.754     23.524    -0.6664    -0.6657     0.0007    -0.6670    -0.6663     0.0007   2.794782   2.794771  -0.000011    34.2851    34.2841     7.6652    27.5606    27.5598          5  0.000e+00
      32910 311.969829  -62.31444  -58.50452     -0.053    1450.34     23.697     23.468    -0.6664    -0.6655     0.0009    -0.6671    -0.6662     0.0009   2.794794   2.794794 1.2243e-07    34.2853    34.2843     7.6655    27.5608    27.5599          5  0.000e+00
      32911 311.969829  -62.31444  -58.50452     -0.053    1450.34     23.697     23.468    -0.6667    -0.6655     0.0012    -0.6674    -0.6662     0.0012   2.794719   2.794782   0.000063    34.2847    34.2841     7.6596    27.5602    27.5598          5  0.000e+00
      32912 311.969830  -62.31444  -58.50452     -0.047    1450.34     23.754     23.524    -0.6664    -0.6653     0.0011    -0.6670    -0.6660     0.0011   2.794702   2.794782   0.000080    34.2840    34.2839     7.6590    27.5597    27.5596          5  0.000e+00
      32913 311.969830  -62.31444  -58.50452     -0.043    1450.34     23.697     23.468    -0.6663    -0.6655     0.0008    -0.6670    -0.6662     0.0008   2.794776   2.794782   0.000006    34.2850    34.2841     7.6646    27.5605    27.5598          5  0.000e+00
      32914 311.969831  -62.31444  -58.50452     -0.035    1450.34     23.762     23.532    -0.6665    -0.6655     0.0011    -0.6672    -0.6662     0.0011   2.794765   2.794799   0.000034    34.2850    34.2843     7.6587    27.5605    27.5599          5  0.000e+00
      32915 311.969831  -62.31444  -58.50452     -0.035    1450.34     23.697     23.468    -0.6664    -0.6655     0.0009    -0.6670    -0.6662     0.0009   2.794737   2.794788   0.000052    34.2845    34.2842     7.6643    27.5601    27.5598          5  0.000e+00
      32916 311.969832  -62.31444  -58.50452     -0.027    1450.34     23.762     23.532    -0.6664    -0.6655     0.0009    -0.6671    -0.6662     0.0009   2.794765   2.794799   0.000034    34.2849    34.2843     7.6582    27.5604    27.5599          5  0.000e+00
      32917 311.969832  -62.31444  -58.50452     -0.026    1450.34     23.697     23.468    -0.6665    -0.6654     0.0012    -0.6672    -0.6660     0.0012   2.794856   2.794766  -0.000091    34.2863    34.2838     7.6638    27.5616    27.5595          5  0.000e+00
      32918 311.969833  -62.31444  -58.50452     -0.018    1450.34     23.754     23.524    -0.6664    -0.6656     0.0008    -0.6670    -0.6663     0.0008   2.794822   2.794754  -0.000068    34.2856    34.2838     7.6577    27.5610    27.5595          5  0.000e+00
      32919 311.969833  -62.31444  -58.50452     -0.013    1450.34     23.762     23.532    -0.6664    -0.6653     0.0011    -0.6671    -0.6660     0.0011   2.794731   2.794771   0.000040    34.2845    34.2837     7.6570    27.5601    27.5594          5  0.000e+00
      32920 311.969834  -62.31444  -58.50452     -0.008    1450.34     23.762     23.532    -0.6665    -0.6655     0.0011    -0.6672    -0.6662     0.0011   2.794776   2.794760  -0.000016    34.2852    34.2838     7.6627    27.5607    27.5595          5  0.000e+00
      32921 311.969834  -62.31444  -58.50452     -0.004    1450.34     23.754     23.524    -0.6665    -0.6653     0.0012    -0.6672    -0.6660     0.0012   2.794839   2.794788  -0.000051    34.2861    34.2840     7.6564    27.5614    27.5596          5  0.000e+00
      32922 311.969835  -62.31444  -58.50452      0.001    1450.34     23.762     23.532    -0.6661    -0.6653     0.0008    -0.6668    -0.6660     0.0008   2.794816   2.794782  -0.000034    34.2853    34.2839     7.6620    27.5607    27.5595          5  0.000e+00
      32923 311.969835  -62.31444  -58.50452      0.006    1450.34     23.762     23.532    -0.6664    -0.6655     0.0009    -0.6670    -0.6662     0.0009   2.794731   2.794782   0.000052    34.2844    34.2841     7.6558    27.5600    27.5597          5  0.000e+00
      32924 311.969836  -62.31444  -58.50450      0.010    1450.34     23.754     23.524    -0.6665    -0.6655     0.0011    -0.6672    -0.6662     0.0011   2.794776   2.794782   0.000006    34.2852    34.2841     7.6549    27.5607    27.5597          5  0.000e+00
      32925 311.969836  -62.31444  -58.50450      0.015    1450.34     23.762     23.532    -0.6661    -0.6652     0.0009    -0.6668    -0.6659     0.0009   2.794862   2.794799  -0.000063    34.2859    34.2840     7.6604    27.5612    27.5596          5  0.000e+00
      32926 311.969837  -62.31444  -58.50450      0.020    1450.34     23.762     23.532    -0.6665    -0.6653     0.0012    -0.6672    -0.6660     0.0012   2.794782   2.794788   0.000006    34.2853    34.2840     7.6542    27.5607    27.5596          5  0.000e+00
      32927 311.969837  -62.31444  -58.50450      0.020    1450.34     23.754     23.524    -0.6663    -0.6655     0.0008    -0.6670    -0.6662     0.0008   2.794680   2.794782   0.000103    34.2836    34.2841     7.6533    27.5594    27.5597          5  0.000e+00
      32928 311.969837  -62.31444  -58.50450      0.028    1450.34     23.818     23.588    -0.6662    -0.6656     0.0006    -0.6669    -0.6663     0.0006   2.794788   2.794799   0.000011    34.2850    34.2844     7.6524    27.5605    27.5600          5  0.000e+00
      32929 311.969838  -62.31444  -58.50450      0.033    1450.34     23.754     23.524    -0.6664    -0.6655     0.0009    -0.6670    -0.6662     0.0009   2.794851   2.794811  -0.000040    34.2860    34.2845     7.6514    27.5613    27.5600          5  0.000e+00
      32930 311.969838  -62.31444  -58.50450      0.037    1450.34     23.818     23.588    -0.6661    -0.6655     0.0007    -0.6668    -0.6662     0.0007   2.794794   2.794788  -0.000005    34.2849    34.2841     7.6506    27.5604    27.5598          5  0.000e+00
      32931 311.969839  -62.31444  -58.50450      0.041    1450.34     23.762     23.532    -0.6659    -0.6655     0.0004    -0.6666    -0.6662     0.0004   2.794782   2.794760  -0.000022    34.2846    34.2838     7.6571    27.5601    27.5595          5  0.000e+00
      32932 311.969839  -62.31444  -58.50450      0.045    1450.34     23.818     23.588    -0.6662    -0.6654     0.0009    -0.6669    -0.6660     0.0009   2.794879   2.794771  -0.000108    34.2862    34.2838     7.6508    27.5615    27.5595          5  0.000e+00
      32933 311.969840  -62.31444  -58.50450      0.045    1450.34     23.762     23.532    -0.6663    -0.6655     0.0008    -0.6670    -0.6662     0.0008   2.794851   2.794794  -0.000057    34.2859    34.2842     7.6499    27.5613    27.5598          5  0.000e+00
      32934 311.969840  -62.31444  -58.50450      0.052    1450.34     23.818     23.588    -0.6662    -0.6655     0.0008    -0.6669    -0.6662     0.0008   2.794748   2.794782   0.000034    34.2845    34.2840     7.6555    27.5601    27.5597          5  0.000e+00
      32935 311.969841  -62.31444  -58.50450      0.056    1450.34     23.818     23.588    -0.6664    -0.6655     0.0009    -0.6670    -0.6662     0.0009   2.794748   2.794782   0.000034    34.2846    34.2840     7.6557    27.5602    27.5597          5  0.000e+00
      32936 311.969841  -62.31444  -58.50450      0.058    1450.34     23.818     23.588    -0.6661    -0.6652     0.0009    -0.6668    -0.6659     0.0009   2.794828   2.794799  -0.000028    34.2854    34.2839     7.6567    27.5608    27.5596          5  0.000e+00
      32937 311.969842  -62.31444  -58.50450      0.061    1450.34     23.818     23.588    -0.6661    -0.6655     0.0006    -0.6668    -0.6662     0.0006   2.794839   2.794811  -0.000029    34.2855    34.2844     7.6567    27.5609    27.5600          5  0.000e+00
      32938 311.969842  -62.31444  -58.50450      0.063    1450.34     23.818     23.588    -0.6662    -0.6652     0.0011    -0.6669    -0.6659     0.0011   2.794754   2.794788   0.000034    34.2845    34.2838     7.6514    27.5601    27.5595          5  0.000e+00
      32939 311.969843  -62.31444  -58.50450      0.065    1450.34     23.818     23.588    -0.6661    -0.6655     0.0007    -0.6668    -0.6662     0.0007   2.794805   2.794760  -0.000045    34.2851    34.2837     7.6568    27.5606    27.5594          5  0.000e+00
