Pos-Processados/process_op42/operantar42_048.cnv
* Sea-Bird SBE 9 Data File:
* FileName = C:\Users\Hidrografia\Desktop\OPXLII\Brutos\OP42048.hdr
* Software Version Seasave V 7.26.7.107
* Temperature SN = 6502
* Conductivity SN = 4998
* Number of Bytes Per Scan = 37
* Number of Voltage Words = 4
* Number of Scans Averaged by the Deck Unit = 1
* NMEA Latitude = 62 08.23 S
* NMEA Longitude = 058 26.45 W
* NMEA UTC (Time) = Nov 09 2023 23:05:39
* NMEA baud rate = 4800
** H41
** NPOALTEMAXIMIANO
** NUMERO DA ESTACAO (XXX) 048
** LAT (XX XX.XX S/N) 62 08. S
** LONG (XXX XX.XX W/E) 058 26. W
** DATAHORA (dd/mm/aaaa hh:mm Z) 09/11/2023 2305Z
** PROFUNDIDADE (m) 424
** OPERADOR 1T ZAMITH
# nquan = 30
# nvalues = 733                         
# units = specified
# name 0 = scan: Scan Count
# name 1 = timeJ: Julian Days
# name 2 = latitude: Latitude [deg]
# name 3 = longitude: Longitude [deg]
# name 4 = dz/dtM: Descent Rate [m/s]
# name 5 = avgsvCM: Average Sound Velocity [Chen-Millero, m/s]
# name 6 = prDM: Pressure, Digiquartz [db]
# name 7 = depSM: Depth [salt water, m]
# name 8 = t090C: Temperature [ITS-90, deg C]
# name 9 = t190C: Temperature, 2 [ITS-90, deg C]
# name 10 = T2-T190C: Temperature Difference, 2 - 1 [ITS-90, deg C]
# name 11 = potemp090C: Potential Temperature [ITS-90, deg C]
# name 12 = potemp190C: Potential Temperature, 2 [ITS-90, deg C]
# name 13 = potemp90Cdiff: Potential Temperature, Diff, 2 - 1 [ITS-90, deg C]
# name 14 = c0S/m: Conductivity [S/m]
# name 15 = c1S/m: Conductivity, 2 [S/m]
# name 16 = C2-C1S/m: Conductivity Difference, 2 - 1 [S/m]
# name 17 = sal00: Salinity, Practical [PSU]
# name 18 = sal11: Salinity, Practical, 2 [PSU]
# name 19 = sbeox0ML/L: Oxygen, SBE 43 [ml/l]
# name 20 = sigma-é00: Density [sigma-theta, kg/m^3]
# name 21 = sigma-é11: Density, 2 [sigma-theta, kg/m^3]
# name 22 = sal00: Salinity, Practical [PSU]
# name 23 = sigma-é00: Density [sigma-theta, kg/m^3]
# name 24 = svCM: Sound Velocity [Chen-Millero, m/s]
# name 25 = svCM1: Sound Velocity, 2 [Chen-Millero, m/s]
# name 26 = gsw_ptA0: potential temperature [ITS-90, deg C]
# name 27 = gsw_densityA0: density, TEOS-10 [density, kg/m^3]
# name 28 = gsw_saA0: Absolute Salinity [g/kg]
# name 29 = flag:
# span 0 =       2220,      22019       
# span 1 = 313.963327, 313.972875       
# span 2 =  -62.14162,  -62.13767       
# span 3 =  -58.44030,  -58.43594       
# span 4 =     -1.113,      1.096       
# span 5 =      -0.00,    1448.19       
# span 6 =      5.000,    371.000       
# span 7 =      4.960,    367.014       
# span 8 =    -0.7945,    -0.5272       
# span 9 =    -0.7936,    -0.5293       
# span 10 =    -0.0118,     0.0114      
# span 11 =    -0.8013,    -0.5394      
# span 12 =    -0.8004,    -0.5391      
# span 13 =    -0.0118,     0.0114      
# span 14 =   2.793347,   2.830375      
# span 15 =   2.793355,   2.830176      
# span 16 =  -0.001098,   0.000990      
# span 17 =    34.2728,    34.3986      
# span 18 =    34.2720,    34.3985      
# span 19 =     6.7183,     7.6968      
# span 20 =    27.5452,    27.6480      
# span 21 =    27.5444,    27.6472      
# span 22 =    34.2726,    34.3992      
# span 23 =    27.5451,    27.6481      
# span 24 =    1445.62,    1451.89      
# span 25 =    1445.63,    1451.90      
# span 26 =    -0.8011,    -0.5392      
# span 27 =  1027.5735,  1029.4216      
# span 28 =    34.4342,    34.5694      
# span 29 = 0.0000e+00, 0.0000e+00      
# interval = decibars: 1                
# start_time = Nov 09 2023 23:05:39 [NMEA time, header]
# bad_flag = -9.990e-29
*END*
[from data line 242]
       8165 313.966194  -62.13884  -58.43862      1.039    1446.97    247.000    244.484    -0.7396    -0.7388     0.0009    -0.7472    -0.7464     0.0009   2.801995   2.801985  -0.000013    34.3274    34.3263     7.3245    27.5982    27.5973    34.3277    27.5984    1448.82    1448.82    -0.7470  1028.7847    34.4952 0.0000e+00
       8187 313.966205  -62.13884  -58.43862      1.040    1446.97    248.000    245.473    -0.7395    -0.7389     0.0006    -0.7471    -0.7465     0.0006   2.802050   2.802010  -0.000039    34.3273    34.3262     7.3329    27.5982    27.5972    34.3277    27.5984    1448.84    1448.84    -0.7469  1028.7894    34.4952 0.0000e+00
       8210 313.966216  -62.13885  -58.43860      1.058    1446.97    249.000    246.462    -0.7390    -0.7382     0.0008    -0.7466    -0.7458     0.0008   2.802164   2.802149  -0.000015    34.3276    34.3265     7.3327    27.5984    27.5974    34.3280    27.5987    1448.86    1448.86    -0.7464  1028.7919    34.4923 0.0000e+00
       8233 313.966227 -9.990e-29  -58.43860      1.056    1446.97    250.000    247.452    -0.7384    -0.7379     0.0005    -0.7460    -0.7455     0.0005   2.802282   2.802236  -0.000045    34.3279    34.3267     7.3316    27.5985    27.5975    34.3283    27.5989    1448.88    1448.88    -0.7458  1028.7949    34.4902 0.0000e+00
       8258 313.966239 -9.990e-29  -58.43860      1.001    1446.97    251.000    248.441    -0.7372    -0.7360     0.0012    -0.7449    -0.7437     0.0012   2.802455   2.802476   0.000017    34.3284    34.3273     7.3240    27.5989    27.5979    34.3287    27.5992    1448.90    1448.90    -0.7447  1028.7999    34.4906 0.0000e+00
       8284 313.966251 -9.990e-29  -58.43858      0.942    1446.97    252.000    249.430    -0.7358    -0.7351     0.0007    -0.7435    -0.7428     0.0007   2.802661   2.802629  -0.000031    34.3288    34.3276     7.3218    27.5992    27.5982    34.3293    27.5996    1448.92    1448.92    -0.7433  1028.8051    34.4912 0.0000e+00
       8309 313.966264  -62.13888  -58.43858      0.936    1446.97    253.000    250.419    -0.7341    -0.7335     0.0007    -0.7419    -0.7412     0.0007   2.802867   2.802861  -0.000005    34.3292    34.3283     7.3151    27.5994    27.5987    34.3296    27.5997    1448.95    1448.95    -0.7417  1028.8123    34.4944 0.0000e+00
       8334 313.966276  -62.13888  -58.43858      0.951    1446.97    254.000    251.408    -0.7336    -0.7327     0.0009    -0.7414    -0.7405     0.0009   2.802991   2.802984  -0.000011    34.3297    34.3285     7.3193    27.5998    27.5988    34.3300    27.6001    1448.97    1448.97    -0.7412  1028.8196    34.4976 0.0000e+00
       8359 313.966287  -62.13888  -58.43856      0.972    1446.97    255.000    252.398    -0.7326    -0.7318     0.0008    -0.7404    -0.7396     0.0008   2.803150   2.803127  -0.000023    34.3300    34.3288     7.3137    27.6000    27.5990    34.3304    27.6004    1448.99    1448.99    -0.7402  1028.8247    34.4980 0.0000e+00
       8383 313.966299  -62.13888  -58.43856      0.988    1446.97    256.000    253.387    -0.7301    -0.7294     0.0008    -0.7379    -0.7372     0.0008   2.803422   2.803435   0.000007    34.3300    34.3293     7.3088    27.6000    27.5993    34.3306    27.6004    1449.02    1449.02    -0.7378  1028.8295    34.4982 0.0000e+00
       8407 313.966311  -62.13888  -58.43856      0.997    1446.97    257.000    254.376    -0.7289    -0.7279     0.0010    -0.7368    -0.7358     0.0010   2.803614   2.803606   0.000001    34.3308    34.3297     7.3018    27.6005    27.5996    34.3312    27.6009    1449.04    1449.04    -0.7366  1028.8333    34.4971 0.0000e+00
       8432 313.966323 -9.990e-29 -9.990e-29      0.969    1447.10    258.000    255.365    -0.7282    -0.7277     0.0004    -0.7361    -0.7357     0.0004   2.803751   2.803679  -0.000075    34.3313    34.3299     7.2978    27.6009    27.5997    34.3317    27.6012    1449.06    1449.06    -0.7359  1028.8366    34.4954 0.0000e+00
       8458 313.966335 -9.990e-29 -9.990e-29      0.937    1447.35    259.000    256.355    -0.7279    -0.7271     0.0008    -0.7358    -0.7351     0.0007   2.803814   2.803791  -0.000017    34.3312    34.3301     7.2933    27.6008    27.5999    34.3316    27.6011    1449.08    1449.08    -0.7357  1028.8413    34.4953 0.0000e+00
       8483 313.966347 -9.990e-29 -9.990e-29      0.942    1447.35    260.000    257.343    -0.7255    -0.7254     0.0001    -0.7335    -0.7334     0.0001   2.804063   2.804009  -0.000054    34.3311    34.3303     7.2961    27.6007    27.6000    34.3317    27.6011    1449.10    1449.10    -0.7333  1028.8460    34.4954 0.0000e+00
       8508 313.966359  -62.13890  -58.43853      0.966    1447.35    261.000    258.333    -0.7250    -0.7245     0.0005    -0.7330    -0.7326     0.0004   2.804185   2.804138  -0.000050    34.3318    34.3306     7.2907    27.6012    27.6002    34.3321    27.6014    1449.12    1449.12    -0.7328  1028.8525    34.4976 0.0000e+00
       8531 313.966371  -62.13890  -58.43852      1.005    1447.35    262.000    259.322    -0.7237    -0.7225     0.0011    -0.7318    -0.7306     0.0011   2.804337   2.804360   0.000019    34.3315    34.3304     7.2932    27.6009    27.6000    34.3321    27.6013    1449.15    1449.15    -0.7316  1028.8589    34.4997 0.0000e+00
       8554 313.966382  -62.13892  -58.43852      1.033    1447.35    263.000    260.311    -0.7216    -0.7213     0.0003    -0.7297    -0.7294     0.0003   2.804606   2.804547  -0.000054    34.3323    34.3312     7.2840    27.6014    27.6005    34.3327    27.6018    1449.17    1449.17    -0.7295  1028.8641    34.5003 0.0000e+00
       8579 313.966394  -62.13892  -58.43852      0.998    1447.35    264.000    261.300    -0.7208    -0.7198     0.0010    -0.7290    -0.7279     0.0010   2.804714   2.804710  -0.000006    34.3323    34.3311     7.2828    27.6014    27.6004    34.3327    27.6017    1449.19    1449.20    -0.7288  1028.8688    34.5003 0.0000e+00
       8606 313.966407  -62.13893  -58.43850      0.928    1447.35    265.000    262.289    -0.7205    -0.7201     0.0004    -0.7287    -0.7283     0.0004   2.804792   2.804746  -0.000044    34.3323    34.3313     7.2828    27.6014    27.6006    34.3328    27.6018    1449.21    1449.21    -0.7285  1028.8736    34.5004 0.0000e+00
       8634 313.966420  -62.13894  -58.43850      0.860    1447.35    266.000    263.278    -0.7195    -0.7186     0.0009    -0.7277    -0.7268     0.0009   2.804915   2.804914  -0.000006    34.3324    34.3313     7.2854    27.6014    27.6005    34.3327    27.6016    1449.23    1449.23    -0.7275  1028.8782    34.5003 0.0000e+00
       8662 313.966434  -62.13894  -58.43849      0.848    1447.35    267.000    264.268    -0.7199    -0.7184     0.0016    -0.7282    -0.7267     0.0016   2.804950   2.804988   0.000041    34.3328    34.3316     7.2817    27.6018    27.6007    34.3330    27.6020    1449.25    1449.25    -0.7280  1028.8833    34.5007 0.0000e+00
       8689 313.966447  -62.13894  -58.43848      0.877    1447.35    268.000    265.257    -0.7213    -0.7201     0.0011    -0.7295    -0.7284     0.0011   2.804885   2.804888  -0.000005    34.3331    34.3317     7.2758    27.6021    27.6009    34.3331    27.6020    1449.26    1449.26    -0.7294  1028.8882    34.5007 0.0000e+00
       8715 313.966459  -62.13896  -58.43848      0.910    1447.35    269.000    266.246    -0.7224    -0.7214     0.0010    -0.7307    -0.7297     0.0010   2.804855   2.804841  -0.000006    34.3330    34.3318     7.2726    27.6021    27.6010    34.3333    27.6023    1449.27    1449.27    -0.7305  1028.8932    34.5009 0.0000e+00
       8742 313.966472  -62.13896  -58.43846      0.911    1447.35    270.000    267.235    -0.7184    -0.7179     0.0005    -0.7268    -0.7263     0.0005   2.805249   2.805226  -0.000022    34.3328    34.3320     7.2755    27.6018    27.6010    34.3335    27.6023    1449.30    1449.31    -0.7266  1028.8979    34.5011 0.0000e+00
       8769 313.966485  -62.13896  -58.43846      0.896    1447.35    271.000    268.224    -0.7118    -0.7113     0.0005    -0.7202    -0.7197     0.0005   2.805933   2.805926  -0.000010    34.3332    34.3325     7.2694    27.6017    27.6012    34.3347    27.6029    1449.35    1449.35    -0.7200  1028.9033    34.5023 0.0000e+00
       8795 313.966498  -62.13896  -58.43846      0.909    1447.35    272.000    269.213    -0.7026    -0.7012     0.0014    -0.7110    -0.7096     0.0014   2.806842   2.806874   0.000039    34.3347    34.3337     7.2706    27.6026    27.6017    34.3358    27.6035    1449.41    1449.42    -0.7108  1028.9085    34.5034 0.0000e+00
       8820 313.966510  -62.13897  -58.43844      0.937    1447.35    273.000    270.203    -0.6954    -0.6953     0.0001    -0.7039    -0.7038     0.0001   2.807542   2.807493  -0.000057    34.3354    34.3345     7.2736    27.6029    27.6021    34.3366    27.6038    1449.46    1449.46    -0.7037  1028.9091    34.4987 0.0000e+00
       8845 313.966522 -9.990e-29  -58.43844      0.950    1447.35    274.000    271.191    -0.6945    -0.6935     0.0010    -0.7030    -0.7020     0.0010   2.807722   2.807716  -0.000004    34.3364    34.3351     7.2681    27.6036    27.6026    34.3373    27.6044    1449.49    1449.49    -0.7028  1028.9142    34.4992 0.0000e+00
       8871 313.966535 -9.990e-29  -58.43844      0.934    1447.35    275.000    272.181    -0.6928    -0.6917     0.0011    -0.7014    -0.7003     0.0011   2.807953   2.807924  -0.000025    34.3371    34.3355     7.2541    27.6041    27.6028    34.3379    27.6048    1449.51    1449.51    -0.7012  1028.9194    34.4998 0.0000e+00
       8899 313.966548 -9.990e-29  -58.43843      0.899    1447.35    276.000    273.169    -0.6921    -0.6915     0.0007    -0.7008    -0.7001     0.0007   2.808034   2.807993  -0.000042    34.3371    34.3358     7.2400    27.6041    27.6030    34.3376    27.6045    1449.53    1449.53    -0.7005  1028.9239    34.4996 0.0000e+00
       8927 313.966562 -9.990e-29  -58.43842      0.851    1447.35    277.000    274.159    -0.6889    -0.6893    -0.0004    -0.6976    -0.6980    -0.0004   2.808383   2.808273  -0.000106    34.3371    34.3362     7.2304    27.6040    27.6032    34.3381    27.6048    1449.56    1449.56    -0.6974  1028.9289    34.5000 0.0000e+00
       8957 313.966576 -9.990e-29  -58.43840      0.816    1447.35    278.000    275.148    -0.6892    -0.6886     0.0007    -0.6979    -0.6973     0.0007   2.808425   2.808375  -0.000041    34.3379    34.3366     7.2312    27.6046    27.6035    34.3384    27.6050    1449.58    1449.58    -0.6977  1028.9339    34.5003 0.0000e+00
       8987 313.966590 -9.990e-29  -58.43840      0.806    1447.35    279.000    276.137    -0.6870    -0.6864     0.0006    -0.6957    -0.6951     0.0006   2.808683   2.808656  -0.000036    34.3380    34.3368     7.2262    27.6046    27.6036    34.3387    27.6052    1449.60    1449.61    -0.6955  1028.9388    34.5006 0.0000e+00
       9015 313.966604  -62.13901  -58.43839      0.835    1447.35    280.000    277.126    -0.6792    -0.6790     0.0002    -0.6879    -0.6878     0.0002   2.809546   2.809502  -0.000044    34.3393    34.3386     7.2225    27.6054    27.6047    34.3409    27.6066    1449.66    1449.66    -0.6878  1028.9483    34.5071 0.0000e+00
       9041 313.966617  -62.13902  -58.43838      0.887    1447.35    281.000    278.115    -0.6756    -0.6749     0.0007    -0.6844    -0.6837     0.0007   2.809974   2.809943  -0.000032    34.3412    34.3399     7.2274    27.6067    27.6057    34.3420    27.6074    1449.69    1449.70    -0.6842  1028.9550    34.5097 0.0000e+00
       9066 313.966628  -62.13902  -58.43838      0.945    1447.35    282.000    279.104    -0.6752    -0.6743     0.0008    -0.6841    -0.6832     0.0008   2.810047   2.810039  -0.000012    34.3413    34.3402     7.2246    27.6068    27.6059    34.3420    27.6074    1449.71    1449.72    -0.6839  1028.9597    34.5097 0.0000e+00
       9090 313.966640  -62.13902  -58.43837      0.995    1447.35    283.000    280.093    -0.6750    -0.6741     0.0009    -0.6839    -0.6830     0.0009   2.810141   2.810117  -0.000024    34.3418    34.3404     7.2084    27.6072    27.6061    34.3424    27.6077    1449.73    1449.73    -0.6837  1028.9648    34.5101 0.0000e+00
       9114 313.966652  -62.13902  -58.43836      1.001    1447.35    284.000    281.082    -0.6749    -0.6741     0.0008    -0.6838    -0.6831     0.0008   2.810191   2.810166  -0.000028    34.3419    34.3406     7.2006    27.6072    27.6062    34.3423    27.6076    1449.75    1449.75    -0.6836  1028.9673    34.5073 0.0000e+00
       9141 313.966665 -9.990e-29 -9.990e-29      0.938    1447.35    285.000    282.071    -0.6752    -0.6742     0.0010    -0.6841    -0.6832     0.0010   2.810201   2.810198  -0.000005    34.3417    34.3406     7.1927    27.6071    27.6062    34.3422    27.6075    1449.76    1449.76    -0.6840  1028.9711    34.5061 0.0000e+00
       9169 313.966678 -9.990e-29 -9.990e-29      0.863    1447.35    286.000    283.060    -0.6747    -0.6740     0.0007    -0.6837    -0.6830     0.0007   2.810304   2.810271  -0.000031    34.3419    34.3407     7.1894    27.6073    27.6063    34.3424    27.6077    1449.78    1449.78    -0.6835  1028.9760    34.5063 0.0000e+00
       9198 313.966692  -62.13904  -58.43834      0.837    1447.35    287.000    284.049    -0.6748    -0.6738     0.0009    -0.6838    -0.6828     0.0009   2.810353   2.810340  -0.000010    34.3422    34.3410     7.1879    27.6075    27.6065    34.3425    27.6078    1449.80    1449.80    -0.6836  1028.9813    34.5070 0.0000e+00
       9227 313.966706  -62.13904  -58.43834      0.825    1447.35    288.000    285.038    -0.6742    -0.6735     0.0008    -0.6833    -0.6825     0.0008   2.810437   2.810414  -0.000028    34.3422    34.3409     7.1894    27.6075    27.6064    34.3424    27.6077    1449.82    1449.82    -0.6831  1028.9886    34.5102 0.0000e+00
       9254 313.966719  -62.13906  -58.43833      0.864    1447.35    289.000    286.027    -0.6741    -0.6733     0.0007    -0.6831    -0.6824     0.0007   2.810520   2.810484  -0.000036    34.3424    34.3411     7.1888    27.6076    27.6065    34.3427    27.6079    1449.83    1449.84    -0.6830  1028.9936    34.5105 0.0000e+00
       9280 313.966732  -62.13906  -58.43832      0.917    1447.35    290.000    287.016    -0.6724    -0.6719     0.0005    -0.6815    -0.6810     0.0005   2.810730   2.810682  -0.000050    34.3426    34.3413     7.1952    27.6077    27.6067    34.3431    27.6081    1449.86    1449.86    -0.6813  1028.9985    34.5108 0.0000e+00
       9307 313.966745  -62.13907  -58.43832      0.905    1447.35    291.000    288.006    -0.6715    -0.6708     0.0007    -0.6806    -0.6799     0.0007   2.810895   2.810858  -0.000037    34.3433    34.3420     7.1856    27.6083    27.6072    34.3436    27.6085    1449.88    1449.88    -0.6805  1029.0037    34.5114 0.0000e+00
       9333 313.966757  -62.13908  -58.43831      0.890    1447.35    292.000    288.995    -0.6712    -0.6705     0.0007    -0.6804    -0.6797     0.0007   2.810964   2.810933  -0.000029    34.3433    34.3422     7.1892    27.6083    27.6073    34.3436    27.6085    1449.90    1449.90    -0.6802  1029.0085    34.5114 0.0000e+00
       9360 313.966770  -62.13908  -58.43830      0.907    1447.35    293.000    289.983    -0.6709    -0.6702     0.0007    -0.6801    -0.6794     0.0007   2.811057   2.811016  -0.000035    34.3436    34.3424     7.1900    27.6085    27.6075    34.3439    27.6088    1449.92    1449.92    -0.6799  1029.0135    34.5117 0.0000e+00
       9386 313.966783  -62.13908  -58.43830      0.916    1447.35    294.000    290.972    -0.6705    -0.6701     0.0004    -0.6797    -0.6794     0.0004   2.811119   2.811081  -0.000049    34.3434    34.3424     7.1773    27.6084    27.6075    34.3437    27.6086    1449.93    1449.93    -0.6796  1029.0180    34.5115 0.0000e+00
