Pos-Processados/process_op42/operantar42_005.cnv
* Sea-Bird SBE 9 Data File:
* FileName = C:\Users\Hidrografia\Desktop\OPXLII\Brutos\OP42005.hdr
* Software Version Seasave V 7.26.7.107
* Temperature SN = 6502
* Conductivity SN = 4998
* Number of Bytes Per Scan = 31
* Number of Voltage Words = 2
* Number of Scans Averaged by the Deck Unit = 1
* NMEA Latitude = 39 18.87 S
* NMEA Longitude = 053 09.31 W
* NMEA UTC (Time) = Oct 17 2023 00:39:31
* NMEA baud rate = 4800
** H41
** NPOALTEMAXIMIANO
** NUMERO DA ESTACAO (XXX) 005
** LAT (XX XX.XX S/N) 39 19.919 S
** LONG (XXX XX.XX W/E) 053 09.46 W
** DATAHORA (dd/mm/aaaa hh:mm Z) 17/10/2023 0025Z
** PROFUNDIDADE (m) 4727
** OPERADOR ZAMITH
# nquan = 30
# nvalues = 2008                        
# units = specified
# name 0 = scan: Scan Count
# name 1 = timeJ: Julian Days
# name 2 = latitude: Latitude [deg]
# name 3 = longitude: Longitude [deg]
# name 4 = dz/dtM: Descent Rate [m/s]
# name 5 = avgsvCM: Average Sound Velocity [Chen-Millero, m/s]
# name 6 = prDM: Pressure, Digiquartz [db]
# name 7 = depSM: Depth [salt water, m]
# name 8 = t090C: Temperature [ITS-90, deg C]
# name 9 = t190C: Temperature, 2 [ITS-90, deg C]
# name 10 = T2-T190C: Temperature Difference, 2 - 1 [ITS-90, deg C]
# name 11 = potemp090C: Potential Temperature [ITS-90, deg C]
# name 12 = potemp190C: Potential Temperature, 2 [ITS-90, deg C]
# name 13 = potemp90Cdiff: Potential Temperature, Diff, 2 - 1 [ITS-90, deg C]
# name 14 = c0S/m: Conductivity [S/m]
# name 15 = c1S/m: Conductivity, 2 [S/m]
# name 16 = C2-C1S/m: Conductivity Difference, 2 - 1 [S/m]
# name 17 = sal00: Salinity, Practical [PSU]
# name 18 = sal11: Salinity, Practical, 2 [PSU]
# name 19 = sbeox0ML/L: Oxygen, SBE 43 [ml/l]
# name 20 = sigma-é00: Density [sigma-theta, kg/m^3]
# name 21 = sigma-é11: Density, 2 [sigma-theta, kg/m^3]
# name 22 = sal00: Salinity, Practical [PSU]
# name 23 = sigma-é00: Density [sigma-theta, kg/m^3]
# name 24 = svCM: Sound Velocity [Chen-Millero, m/s]
# name 25 = svCM1: Sound Velocity, 2 [Chen-Millero, m/s]
# name 26 = gsw_ptA0: potential temperature [ITS-90, deg C]
# name 27 = gsw_densityA0: density, TEOS-10 [density, kg/m^3]
# name 28 = gsw_saA0: Absolute Salinity [g/kg]
# name 29 = flag:
# span 0 =       2807,      68185       
# span 1 = 290.028795, 290.060324       
# span 2 =  -39.31441,  -39.31084       
# span 3 =  -53.15490,  -53.14778       
# span 4 =     -1.712,      1.529       
# span 5 =       0.00,    1484.10       
# span 6 =      0.000,   1005.000       
# span 7 =      0.040,    994.947       
# span 8 =     2.6975,     9.5573       
# span 9 =     2.6979,     9.5594       
# span 10 =    -0.1422,     0.0797      
# span 11 =     2.6328,     9.5570      
# span 12 =     2.6337,     9.5591      
# span 13 =    -0.1422,     0.0797      
# span 14 =   3.090347,   3.665812      
# span 15 =   3.090342,   3.666033      
# span 16 =  -0.011993,   0.006644      
# span 17 =    33.9516,    34.5402      
# span 18 =    33.9517,    34.5399      
# span 19 =     3.9113,     6.7886      
# span 20 =    26.2072,    27.5508      
# span 21 =    26.2069,    27.5505      
# span 22 =    33.9519,    34.5402      
# span 23 =    26.2074,    27.5508      
# span 24 =    1465.55,    1487.06      
# span 25 =    1465.56,    1487.08      
# span 26 =     2.6327,     9.5570      
# span 27 =  1026.2246,  1032.2140      
# span 28 =    34.1133,    34.7060      
# span 29 = 0.0000e+00, 0.0000e+00      
# interval = decibars: 1                
# start_time = Oct 17 2023 00:39:31 [NMEA time, header]
# bad_flag = -9.990e-29
*END*
[from data line 1064]
      34419 290.044040  -39.31274  -53.15028     -1.230    1471.91    943.000    933.712     2.7118     2.7126     0.0008     2.6503     2.6511     0.0008   3.142972   3.143019   0.000047    34.5122    34.5120     3.9345    27.5269    27.5266    34.5123    27.5270    1476.03    1476.04     2.6502  1031.9053    34.6777 0.0000e+00
      34445 290.044053  -39.31274  -53.15028     -1.038    1471.91    942.000    932.724     2.7117     2.7117    -0.0000     2.6503     2.6503    -0.0000   3.142923   3.142941   0.000020    34.5122    34.5125     3.9319    27.5269    27.5271    34.5123    27.5270    1476.02    1476.02     2.6502  1031.9007    34.6777 0.0000e+00
      34476 290.044068  -39.31274  -53.15026     -0.788    1471.91    941.000    931.736     2.7123     2.7124     0.0002     2.6509     2.6511     0.0002   3.142924   3.142930   0.000010    34.5121    34.5120     3.9279    27.5268    27.5267    34.5122    27.5269    1476.00    1476.00     2.6509  1031.8959    34.6776 0.0000e+00
      34503 290.044081  -39.31273 -9.990e-29     -0.811    1471.91    940.000    930.748     2.7132     2.7142     0.0009     2.6520     2.6529     0.0009   3.142901   3.142942   0.000038    34.5114    34.5109     3.9295    27.5261    27.5256    34.5115    27.5262    1475.99    1475.99     2.6519  1031.8906    34.6768 0.0000e+00
      34523 290.044090  -39.31272 -9.990e-29     -1.015    1471.91    939.000    929.760     2.7139     2.7150     0.0011     2.6527     2.6538     0.0011   3.142909   3.142946   0.000031    34.5113    34.5105     3.9360    27.5260    27.5252    34.5115    27.5261    1475.97    1475.98     2.6526  1031.8859    34.6767 0.0000e+00
      34541 290.044099  -39.31272 -9.990e-29     -1.230    1471.91    938.000    928.772     2.7144     2.7158     0.0013     2.6533     2.6546     0.0013   3.142882   3.142943   0.000064    34.5109    34.5102     3.9367    27.5256    27.5249    34.5110    27.5257    1475.96    1475.96     2.6532  1031.8809    34.6763 0.0000e+00
      34557 290.044107  -39.31272 -9.990e-29     -1.365    1471.91    937.000    927.784     2.7150     2.7166     0.0016     2.6539     2.6555     0.0016   3.142872   3.142938   0.000063    34.5107    34.5097     3.9344    27.5254    27.5245    34.5108    27.5255    1475.94    1475.95     2.6538  1031.8761    34.6761 0.0000e+00
      34576 290.044116  -39.31272 -9.990e-29     -1.387    1471.91    936.000    926.796     2.7156     2.7170     0.0014     2.6546     2.6560     0.0014   3.142835   3.142915   0.000077    34.5101    34.5096     3.9375    27.5249    27.5243    34.5102    27.5250    1475.93    1475.94     2.6545  1031.8709    34.6755 0.0000e+00
      34598 290.044127  -39.31272  -53.15024     -1.227    1471.91    935.000    925.808     2.7157     2.7163     0.0006     2.6548     2.6554     0.0006   3.142787   3.142838   0.000052    34.5100    34.5100     3.9370    27.5248    27.5247    34.5101    27.5249    1475.91    1475.92     2.6547  1031.8663    34.6754 0.0000e+00
      34634 290.044144  -39.31272  -53.15024     -0.755    1471.91    934.000    924.821     2.7164     2.7165     0.0001     2.6555     2.6556     0.0001   3.142771   3.142802   0.000034    34.5095    34.5099     3.9382    27.5243    27.5246    34.5097    27.5244    1475.90    1475.90     2.6554  1031.8613    34.6750 0.0000e+00
      34669 290.044161  -39.31272  -53.15024     -0.609    1471.91    933.000    923.832     2.7167     2.7173     0.0006     2.6559     2.6565     0.0006   3.142735   3.142764   0.000027    34.5094    34.5091     3.9388    27.5242    27.5239    34.5095    27.5242    1475.88    1475.89     2.6558  1031.8564    34.6748 0.0000e+00
      34691 290.044172  -39.31272  -53.15024     -0.894    1471.91    932.000    922.844     2.7168     2.7177     0.0009     2.6561     2.6570     0.0009   3.142679   3.142706   0.000027    34.5091    34.5085     3.9407    27.5240    27.5234    34.5092    27.5240    1475.87    1475.87     2.6560  1031.8516    34.6745 0.0000e+00
      34710 290.044181  -39.31272  -53.15024     -1.140    1471.91    931.000    921.856     2.7167     2.7175     0.0008     2.6560     2.6569     0.0008   3.142602   3.142644   0.000042    34.5089    34.5085     3.9379    27.5237    27.5234    34.5089    27.5238    1475.85    1475.85     2.6559  1031.8468    34.6742 0.0000e+00
      34729 290.044190  -39.31272  -53.15024     -1.255    1471.91    930.000    920.869     2.7164     2.7174     0.0010     2.6559     2.6568     0.0010   3.142534   3.142586   0.000053    34.5088    34.5084     3.9411    27.5237    27.5233    34.5089    27.5238    1475.83    1475.84     2.6557  1031.8422    34.6742 0.0000e+00
      34749 290.044199  -39.31271  -53.15023     -1.265    1471.91    929.000    919.881     2.7163     2.7172     0.0009     2.6558     2.6567     0.0009   3.142477   3.142528   0.000051    34.5088    34.5085     3.9458    27.5237    27.5234    34.5088    27.5237    1475.82    1475.82     2.6557  1031.8375    34.6741 0.0000e+00
      34771 290.044210  -39.31270  -53.15022     -1.166    1471.91    928.000    918.892     2.7161     2.7171     0.0010     2.6557     2.6567     0.0010   3.142397   3.142456   0.000057    34.5086    34.5083     3.9447    27.5236    27.5232    34.5086    27.5236    1475.80    1475.80     2.6556  1031.8328    34.6739 0.0000e+00
      34797 290.044223  -39.31270  -53.15022     -0.988    1471.91    927.000    917.905     2.7165     2.7170     0.0005     2.6561     2.6567     0.0005   3.142350   3.142402   0.000055    34.5081    34.5082     3.9462    27.5231    27.5231    34.5081    27.5231    1475.78    1475.79     2.6561  1031.8278    34.6734 0.0000e+00
      34826 290.044237  -39.31270  -53.15022     -0.858    1471.91    926.000    916.917     2.7193     2.7187    -0.0006     2.6590     2.6584    -0.0006   3.142436   3.142414  -0.000018    34.5065    34.5070     3.9391    27.5216    27.5220    34.5067    27.5217    1475.78    1475.77     2.6589  1031.8217    34.6720 0.0000e+00
      34856 290.044251  -39.31270  -53.15022     -0.801    1471.91    925.000    915.928     2.7219     2.7207    -0.0012     2.6616     2.6605    -0.0012   3.142535   3.142465  -0.000059    34.5054    34.5059     3.9421    27.5205    27.5210    34.5057    27.5207    1475.77    1475.76     2.6616  1031.8160    34.6709 0.0000e+00
      34884 290.044264  -39.31270  -53.15022     -0.827    1471.91    924.000    914.941     2.7246     2.7240    -0.0006     2.6644     2.6639    -0.0006   3.142669   3.142599  -0.000074    34.5046    34.5044     3.9427    27.5196    27.5194    34.5049    27.5199    1475.76    1475.76     2.6643  1031.8105    34.6702 0.0000e+00
      34904 290.044274  -39.31270  -53.15020     -0.988    1471.91    923.000    913.952     2.7253     2.7294     0.0042     2.6651     2.6693     0.0041   3.142680   3.142968   0.000230    34.5046    34.5030     3.9439    27.5195    27.5179    34.5049    27.5198    1475.75    1475.77     2.6651  1031.8058    34.6702 0.0000e+00
      34923 290.044283  -39.31270  -53.15020     -1.189    1471.91    922.000    912.964     2.7308     2.7357     0.0048     2.6708     2.6756     0.0048   3.143075   3.143332   0.000281    34.5034    34.5017     3.9460    27.5181    27.5163    34.5043    27.5188    1475.76    1475.78     2.6706  1031.8001    34.6695 0.0000e+00
      34940 290.044292  -39.31270  -53.15020     -1.315    1471.91    921.000    911.976     2.7351     2.7377     0.0025     2.6751     2.6776     0.0025   3.143276   3.143401   0.000123    34.5022    34.5010     3.9433    27.5167    27.5156    34.5027    27.5172    1475.76    1475.77     2.6750  1031.7938    34.6680 0.0000e+00
      34961 290.044302  -39.31270  -53.15020     -1.299    1471.91    920.000    910.988     2.7368     2.7391     0.0023     2.6768     2.6791     0.0023   3.143339   3.143468   0.000137    34.5016    34.5008     3.9510    27.5161    27.5153    34.5022    27.5166    1475.75    1475.76     2.6767  1031.7886    34.6674 0.0000e+00
      34992 290.044317  -39.31270  -53.15020     -0.916    1471.91    919.000    910.000     2.7399     2.7374    -0.0024     2.6799     2.6775    -0.0024   3.143505   3.143319  -0.000177    34.5011    34.5015     3.9563    27.5154    27.5160    34.5015    27.5158    1475.74    1475.73     2.6799  1031.7831    34.6667 0.0000e+00
      35035 290.044338  -39.31270  -53.15019     -0.493    1471.91    918.000    909.013     2.7416     2.7359    -0.0057     2.6817     2.6761    -0.0057   3.143598   3.143216  -0.000371    34.5008    34.5023     3.9501    27.5150    27.5168    34.5013    27.5155    1475.73    1475.71     2.6816  1031.7781    34.6665 0.0000e+00
      35060 290.044349  -39.31269  -53.15018     -0.778    1471.91    917.000    908.024     2.7446     2.7458     0.0011     2.6848     2.6859     0.0011   3.143830   3.143858   0.000024    34.5008    34.4999     3.9584    27.5147    27.5139    34.5015    27.5153    1475.73    1475.73     2.6847  1031.7733    34.6666 0.0000e+00
      35078 290.044358  -39.31268  -53.15018     -1.088    1471.91    916.000    907.036     2.7463     2.7470     0.0007     2.6865     2.6872     0.0007   3.143863   3.143894   0.000028    34.5002    34.4998     3.9636    27.5141    27.5138    34.5006    27.5145    1475.72    1475.72     2.6864  1031.7679    34.6658 0.0000e+00
      35096 290.044367  -39.31268  -53.15018     -1.292    1471.91    915.000    906.048     2.7466     2.7477     0.0011     2.6869     2.6880     0.0011   3.143840   3.143875   0.000034    34.5002    34.4994     3.9633    27.5141    27.5134    34.5006    27.5144    1475.70    1475.71     2.6868  1031.7632    34.6658 0.0000e+00
      35113 290.044375  -39.31268  -53.15018     -1.360    1471.91    914.000    905.060     2.7476     2.7488     0.0011     2.6880     2.6892     0.0011   3.143880   3.143909   0.000024    34.5000    34.4991     3.9666    27.5139    27.5130    34.5005    27.5142    1475.69    1475.70     2.6879  1031.7583    34.6656 0.0000e+00
      35134 290.044385  -39.31268  -53.15018     -1.279    1471.91    913.000    904.072     2.7519     2.7496    -0.0022     2.6923     2.6901    -0.0022   3.144221   3.143957  -0.000238    34.4997    34.4992     3.9644    27.5132    27.5130    34.5006    27.5140    1475.69    1475.68     2.6922  1031.7534    34.6658 0.0000e+00
      35167 290.044401  -39.31268  -53.15016     -0.854    1471.91    912.000    903.084     2.7531     2.7509    -0.0022     2.6936     2.6914    -0.0022   3.144278   3.144021  -0.000251    34.5002    34.4995     3.9768    27.5135    27.5131    34.5005    27.5138    1475.68    1475.67     2.6935  1031.7486    34.6657 0.0000e+00
      35210 290.044422  -39.31268  -53.15016     -0.543    1471.91    911.000    902.096     2.7548     2.7529    -0.0020     2.6954     2.6934    -0.0020   3.144380   3.144187  -0.000206    34.4998    34.4994     3.9696    27.5131    27.5129    34.5005    27.5136    1475.67    1475.67     2.6953  1031.7437    34.6656 0.0000e+00
      35240 290.044436  -39.31268  -53.15016     -0.717    1471.91    910.000    901.108     2.7557     2.7566     0.0009     2.6964     2.6972     0.0009   3.144325   3.144384   0.000053    34.4991    34.4988     3.9697    27.5124    27.5121    34.4993    27.5126    1475.66    1475.66     2.6963  1031.7381    34.6645 0.0000e+00
      35266 290.044449  -39.31268  -53.15016     -0.895    1471.91    909.000    900.120     2.7554     2.7562     0.0009     2.6961     2.6969     0.0009   3.144226   3.144266   0.000038    34.4988    34.4983     3.9710    27.5122    27.5117    34.4991    27.5124    1475.64    1475.64     2.6960  1031.7333    34.6642 0.0000e+00
      35292 290.044461  -39.31268  -53.15016     -0.934    1471.91    908.000    899.132     2.7552     2.7561     0.0010     2.6959     2.6969     0.0010   3.144141   3.144203   0.000052    34.4986    34.4982     3.9743    27.5121    27.5117    34.4987    27.5122    1475.62    1475.63     2.6959  1031.7285    34.6639 0.0000e+00
      35317 290.044473  -39.31268  -53.15016     -0.930    1471.91    907.000    898.143     2.7544     2.7559     0.0016     2.6953     2.6968     0.0016   3.143999   3.144140   0.000126    34.4984    34.4982     3.9725    27.5119    27.5117    34.4984    27.5119    1475.60    1475.61     2.6951  1031.7237    34.6635 0.0000e+00
      35340 290.044485  -39.31268  -53.15016     -0.984    1471.91    906.000    897.156     2.7536     2.7549     0.0014     2.6945     2.6959     0.0013   3.143855   3.143930   0.000087    34.4979    34.4976     3.9716    27.5116    27.5112    34.4980    27.5117    1475.58    1475.59     2.6944  1031.7189    34.6631 0.0000e+00
      35361 290.044495  -39.31266  -53.15014     -1.087    1471.91    905.000    896.167     2.7533     2.7541     0.0008     2.6943     2.6951     0.0008   3.143753   3.143778   0.000027    34.4976    34.4970     3.9770    27.5114    27.5109    34.4976    27.5114    1475.56    1475.57     2.6942  1031.7140    34.6627 0.0000e+00
      35382 290.044505  -39.31266  -53.15014     -1.146    1471.91    904.000    895.180     2.7530     2.7538     0.0008     2.6940     2.6948     0.0008   3.143651   3.143687   0.000038    34.4972    34.4968     3.9778    27.5111    27.5107    34.4972    27.5111    1475.54    1475.55     2.6940  1031.7091    34.6623 0.0000e+00
      35406 290.044516  -39.31266 -9.990e-29     -1.075    1471.91    903.000    894.191     2.7527     2.7537     0.0010     2.6938     2.6948     0.0010   3.143576   3.143652   0.000068    34.4972    34.4969     3.9721    27.5111    27.5108    34.4972    27.5111    1475.53    1475.53     2.6937  1031.7045    34.6622 0.0000e+00
      35437 290.044531  -39.31266 -9.990e-29     -0.856    1471.91    902.000    893.203     2.7528     2.7538     0.0009     2.6941     2.6950     0.0009   3.143537   3.143618   0.000078    34.4970    34.4970     3.9724    27.5109    27.5108    34.4970    27.5110    1475.51    1475.52     2.6940  1031.6997    34.6621 0.0000e+00
      35470 290.044547  -39.31266 -9.990e-29     -0.708    1471.91    901.000    892.215     2.7537     2.7541     0.0004     2.6950     2.6954     0.0004   3.143537   3.143570   0.000042    34.4965    34.4966     3.9724    27.5105    27.5105    34.4967    27.5106    1475.50    1475.50     2.6949  1031.6948    34.6617 0.0000e+00
      35498 290.044561 -9.990e-29  -53.15012     -0.805    1471.91    900.000    891.227     2.7554     2.7584     0.0030     2.6967     2.6997     0.0030   3.143652   3.143874   0.000174    34.4965    34.4954     3.9727    27.5103    27.5092    34.4968    27.5105    1475.49    1475.50     2.6966  1031.6885    34.6598 0.0000e+00
      35521 290.044572 -9.990e-29  -53.15012     -0.960    1471.91    899.000    890.239     2.7588     2.7668     0.0080     2.7002     2.7081     0.0080   3.143925   3.144472   0.000537    34.4965    34.4944     3.9746    27.5099    27.5076    34.4970    27.5104    1475.49    1475.52     2.7001  1031.6837    34.6600 0.0000e+00
      35546 290.044584 -9.990e-29  -53.15012     -0.999    1471.91    898.000    889.251     2.7689     2.7699     0.0010     2.7103     2.7113     0.0010   3.144646   3.144667   0.000057    34.4946    34.4943     3.9793    27.5076    27.5073    34.4955    27.5083    1475.51    1475.52     2.7102  1031.6767    34.6585 0.0000e+00
      35574 290.044597  -39.31264  -53.15012     -0.913    1471.91    897.000    888.263     2.7724     2.7695    -0.0030     2.7139     2.7109    -0.0030   3.144840   3.144606  -0.000224    34.4941    34.4946     3.9793    27.5069    27.5075    34.4947    27.5073    1475.51    1475.50     2.7138  1031.6712    34.6578 0.0000e+00
