Pos-Processados/process_op42/operantar42_003.ros
* Sea-Bird SBE 9 Data File:
* FileName = C:\Users\Hidrografia\Desktop\OPXLII\Brutos\OP42003.hdr
* Software Version Seasave V 7.26.7.107
* Temperature SN = 6502
* Conductivity SN = 4998
* Number of Bytes Per Scan = 37
* Number of Voltage Words = 4
* Number of Scans Averaged by the Deck Unit = 1
* NMEA Latitude = 38 28.81 S
* NMEA Longitude = 052 09.38 W
* NMEA UTC (Time) = Oct 16 2023 14:11:02
* NMEA baud rate = 4800
** H41
** NPOALTEMAXIMIANO
** NUMERO DA ESTACAO (XXX) 003
** LAT (XX XX.XX S/N) 38 28,767 S
** LONG (XXX XX.XX W/E) 052 09,375 W
** DATAHORA (dd/mm/aaaa hh:mm Z) 16/10/2023 1410 Z
** PROFUNDIDADE (m) 4597
** OPERADOR CHEOPE
# nquan = 24
# nvalues = 3877                                  
# units = specified
# name 0 = scan: Scan Count
# name 1 = timeJ: Julian Days
# name 2 = latitude: Latitude [deg]
# name 3 = longitude: Longitude [deg]
# name 4 = dz/dtM: Descent Rate [m/s]
# name 5 = avgsvCM: Average Sound Velocity [Chen-Millero, m/s]
# name 6 = prDM: Pressure, Digiquartz [db]
# name 7 = depSM: Depth [salt water, m]
# name 8 = t090C: Temperature [ITS-90, deg C]
# name 9 = t190C: Temperature, 2 [ITS-90, deg C]
# name 10 = T2-T190C: Temperature Difference, 2 - 1 [ITS-90, deg C]
# name 11 = potemp090C: Potential Temperature [ITS-90, deg C]
# name 12 = potemp190C: Potential Temperature, 2 [ITS-90, deg C]
# name 13 = potemp90Cdiff: Potential Temperature, Diff, 2 - 1 [ITS-90, deg C]
# name 14 = c0S/m: Conductivity [S/m]
# name 15 = c1S/m: Conductivity, 2 [S/m]
# name 16 = C2-C1S/m: Conductivity Difference, 2 - 1 [S/m]
# name 17 = sal00: Salinity, Practical [PSU]
# name 18 = sal11: Salinity, Practical, 2 [PSU]
# name 19 = sbeox0ML/L: Oxygen, SBE 43 [ml/l]
# name 20 = sigma-é00: Density [sigma-theta, kg/m^3]
# name 21 = sigma-é11: Density, 2 [sigma-theta, kg/m^3]
# name 22 = nbf: Bottles Fired
# name 23 = flag:  0.000e+00
# interval = seconds: 0.0416667
# start_time = Oct 16 2023 14:11:02 [NMEA time, header]
# bad_flag = -9.990e-29
*END*
      65226 289.622450  -38.50046  -52.15734     -0.242    1503.29     41.228     40.914    18.6820    18.6827     0.0007    18.6747    18.6754     0.0007   4.808482   4.808738   0.000256    36.2521    36.2536     5.1849    26.0617    26.0627          1  0.000e+00
      65227 289.622451  -38.50046  -52.15734     -0.262    1503.29     41.228     40.914    18.6818    18.6828     0.0010    18.6745    18.6755     0.0010   4.808482   4.808696   0.000214    36.2522    36.2532     5.1806    26.0619    26.0624          1  0.000e+00
      65228 289.622451  -38.50046  -52.15734     -0.283    1503.29     41.172     40.858    18.6818    18.6831     0.0013    18.6745    18.6758     0.0013   4.808447   4.808717   0.000270    36.2520    36.2531     5.1833    26.0617    26.0622          1  0.000e+00
      65229 289.622452  -38.50046  -52.15734     -0.303    1503.29     41.172     40.858    18.6820    18.6828     0.0008    18.6747    18.6755     0.0008   4.808440   4.808724   0.000284    36.2517    36.2534     5.1828    26.0615    26.0626          1  0.000e+00
      65230 289.622452  -38.50046  -52.15734     -0.321    1503.29     41.132     40.818    18.6819    18.6828     0.0009    18.6747    18.6755     0.0009   4.808411   4.808696   0.000284    36.2515    36.2532     5.1822    26.0614    26.0624          1  0.000e+00
      65231 289.622453  -38.50046  -52.15734     -0.342    1503.29     41.108     40.794    18.6818    18.6828     0.0010    18.6745    18.6755     0.0010   4.808426   4.808717   0.000291    36.2518    36.2534     5.1780    26.0616    26.0625          1  0.000e+00
      65232 289.622453  -38.50046  -52.15734     -0.359    1503.29     41.108     40.794    18.6819    18.6824     0.0005    18.6747    18.6752     0.0005   4.808411   4.808668   0.000256    36.2515    36.2533     5.1807    26.0614    26.0626          1  0.000e+00
      65233 289.622454  -38.50046  -52.15734     -0.376    1503.29     41.051     40.738    18.6818    18.6826     0.0008    18.6745    18.6754     0.0008   4.808425   4.808647   0.000221    36.2518    36.2530     5.1803    26.0616    26.0623          1  0.000e+00
      65234 289.622454  -38.50046  -52.15734     -0.396    1503.29     40.987     40.674    18.6818    18.6823     0.0005    18.6745    18.6750     0.0005   4.808411   4.808647   0.000236    36.2517    36.2533     5.1799    26.0615    26.0626          1  0.000e+00
      65235 289.622455  -38.50046  -52.15734     -0.413    1503.29     40.987     40.674    18.6819    18.6824     0.0005    18.6747    18.6752     0.0005   4.808425   4.808675   0.000249    36.2517    36.2534     5.1792    26.0615    26.0626          1  0.000e+00
      65236 289.622455  -38.50046  -52.15734     -0.424    1503.29     41.011     40.698    18.6818    18.6824     0.0007    18.6745    18.6752     0.0007   4.808376   4.808654   0.000278    36.2514    36.2532     5.1786    26.0613    26.0625          1  0.000e+00
      65237 289.622456  -38.50046  -52.15734     -0.449    1503.29     40.874     40.563    18.6816    18.6826     0.0010    18.6744    18.6754     0.0010   4.808390   4.808647   0.000257    36.2517    36.2530     5.1781    26.0616    26.0623          1  0.000e+00
      65238 289.622456  -38.50046  -52.15734     -0.464    1503.29     40.931     40.619    18.6818    18.6826     0.0008    18.6745    18.6754     0.0008   4.808425   4.808668   0.000242    36.2519    36.2532     5.1777    26.0616    26.0624          1  0.000e+00
      65239 289.622457  -38.50046  -52.15734     -0.481    1503.29     40.810     40.499    18.6820    18.6826     0.0006    18.6748    18.6754     0.0006   4.808439   4.808682   0.000242    36.2519    36.2533     5.1771    26.0616    26.0626          1  0.000e+00
      65240 289.622457  -38.50046  -52.15734     -0.491    1503.29     40.874     40.563    18.6822    18.6829     0.0008    18.6749    18.6757     0.0008   4.808440   4.808689   0.000249    36.2517    36.2531     5.1731    26.0614    26.0623          1  0.000e+00
      65241 289.622458  -38.50046  -52.15734     -0.503    1503.29     40.874     40.563    18.6823    18.6826     0.0003    18.6751    18.6754     0.0003   4.808468   4.808689   0.000221    36.2518    36.2534     5.1726    26.0614    26.0626          1  0.000e+00
      65242 289.622458  -38.50046  -52.15734     -0.520    1503.29     40.754     40.443    18.6822    18.6827     0.0006    18.6749    18.6755     0.0006   4.808418   4.808709   0.000291    36.2515    36.2535     5.1757    26.0613    26.0627          1  0.000e+00
      65243 289.622459  -38.50046  -52.15734     -0.532    1503.29     40.770     40.459    18.6819    18.6829     0.0010    18.6747    18.6757     0.0010   4.808369   4.808696   0.000327    36.2513    36.2532     5.1753    26.0612    26.0624          1  0.000e+00
      65244 289.622459  -38.50046  -52.15734     -0.540    1503.29     40.754     40.443    18.6818    18.6826     0.0008    18.6746    18.6754     0.0008   4.808362   4.808689   0.000327    36.2514    36.2534     5.1752    26.0613    26.0626          1  0.000e+00
      65245 289.622459  -38.50046  -52.15734     -0.553    1503.29     40.689     40.379    18.6819    18.6828     0.0009    18.6747    18.6756     0.0009   4.808418   4.808689   0.000270    36.2518    36.2533     5.1749    26.0615    26.0625          1  0.000e+00
      65246 289.622460  -38.50048  -52.15734     -0.563    1503.29     40.689     40.379    18.6819    18.6824     0.0005    18.6747    18.6752     0.0005   4.808376   4.808654   0.000278    36.2514    36.2533     5.1747    26.0612    26.0626          1  0.000e+00
      65247 289.622460  -38.50048  -52.15734     -0.574    1503.29     40.633     40.323    18.6820    18.6826     0.0006    18.6748    18.6754     0.0006   4.808418   4.808647   0.000229    36.2517    36.2531     5.1745    26.0615    26.0624          1  0.000e+00
      65248 289.622461  -38.50048  -52.15734     -0.586    1503.29     40.633     40.323    18.6819    18.6823     0.0003    18.6748    18.6751     0.0003   4.808439   4.808647   0.000207    36.2520    36.2534     5.1746    26.0617    26.0627          1  0.000e+00
      65249 289.622461  -38.50048  -52.15734     -0.597    1503.29     40.536     40.227    18.6822    18.6828     0.0006    18.6750    18.6756     0.0006   4.808411   4.808675   0.000263    36.2516    36.2532     5.1746    26.0613    26.0624          1  0.000e+00
      65250 289.622462  -38.50048  -52.15734     -0.605    1503.29     40.577     40.267    18.6818    18.6828     0.0010    18.6746    18.6756     0.0010   4.808369   4.808654   0.000285    36.2515    36.2530     5.1745    26.0614    26.0623          1  0.000e+00
      65251 289.622462  -38.50048  -52.15734     -0.612    1503.29     40.577     40.267    18.6819    18.6829     0.0010    18.6748    18.6757     0.0010   4.808418   4.808675   0.000256    36.2518    36.2531     5.1779    26.0615    26.0623          1  0.000e+00
      65252 289.622463  -38.50048  -52.15734     -0.616    1503.29     40.512     40.203    18.6820    18.6828     0.0008    18.6748    18.6756     0.0008   4.808376   4.808688   0.000313    36.2514    36.2534     5.1782    26.0612    26.0625          1  0.000e+00
      65253 289.622463  -38.50048  -52.15734     -0.621    1503.29     40.512     40.203    18.6822    18.6828     0.0006    18.6750    18.6756     0.0006   4.808390   4.808688   0.000299    36.2514    36.2534     5.1750    26.0612    26.0625          1  0.000e+00
      65254 289.622464  -38.50048  -52.15734     -0.629    1503.29     40.456     40.147    18.6818    18.6828     0.0010    18.6746    18.6756     0.0010   4.808369   4.808681   0.000313    36.2516    36.2533     5.1751    26.0614    26.0625          1  0.000e+00
      65255 289.622464  -38.50048  -52.15734     -0.632    1503.29     40.456     40.147    18.6820    18.6828     0.0008    18.6748    18.6756     0.0008   4.808418   4.808681   0.000263    36.2518    36.2533     5.1788    26.0615    26.0625          1  0.000e+00
      65256 289.622465  -38.50048  -52.15734     -0.641    1503.29     40.416     40.108    18.6819    18.6829     0.0010    18.6748    18.6758     0.0010   4.808411   4.808688   0.000277    36.2518    36.2533     5.1791    26.0615    26.0624          1  0.000e+00
      65257 289.622465  -38.50048  -52.15734     -0.641    1503.29     40.392     40.084    18.6816    18.6828     0.0012    18.6745    18.6756     0.0012   4.808404   4.808654   0.000250    36.2521    36.2531     5.1793    26.0618    26.0623          1  0.000e+00
      65258 289.622466  -38.50048  -52.15734     -0.640    1503.29     40.456     40.148    18.6816    18.6827     0.0011    18.6744    18.6755     0.0011   4.808369   4.808675   0.000306    36.2517    36.2533     5.1797    26.0616    26.0625          1  0.000e+00
      65259 289.622466  -38.50048  -52.15734     -0.645    1503.29     40.335     40.028    18.6816    18.6828     0.0012    18.6745    18.6757     0.0012   4.808362   4.808681   0.000320    36.2517    36.2534     5.1800    26.0615    26.0625          1  0.000e+00
      65260 289.622467  -38.50048  -52.15734     -0.639    1503.29     40.392     40.084    18.6820    18.6828     0.0008    18.6748    18.6756     0.0008   4.808362   4.808654   0.000292    36.2514    36.2531     5.1804    26.0612    26.0623          1  0.000e+00
      65261 289.622467  -38.50048  -52.15734     -0.641    1503.29     40.335     40.028    18.6819    18.6828     0.0009    18.6748    18.6757     0.0009   4.808390   4.808709   0.000319    36.2517    36.2536     5.1807    26.0614    26.0627          1  0.000e+00
      65262 289.622468  -38.50048  -52.15734     -0.636    1503.29     40.359     40.052    18.6822    18.6826     0.0005    18.6750    18.6755     0.0005   4.808425   4.808668   0.000242    36.2518    36.2534     5.1810    26.0614    26.0626          1  0.000e+00
      65263 289.622468  -38.50048  -52.15734     -0.635    1503.29     40.279     39.972    18.6822    18.6828     0.0006    18.6750    18.6757     0.0006   4.808467   4.808667   0.000200    36.2521    36.2533     5.1814    26.0617    26.0624          1  0.000e+00
      65264 289.622469  -38.50048  -52.15734     -0.632    1503.29     40.335     40.028    18.6827    18.6829     0.0003    18.6755    18.6758     0.0003   4.808482   4.808654   0.000172    36.2518    36.2530     5.1817    26.0613    26.0622          1  0.000e+00
      65265 289.622469  -38.50048  -52.15734     -0.624    1503.29     40.279     39.972    18.6827    18.6829     0.0003    18.6755    18.6758     0.0003   4.808482   4.808709   0.000228    36.2518    36.2535     5.1821    26.0613    26.0626          1  0.000e+00
      65266 289.622470  -38.50048  -52.15734     -0.618    1503.29     40.279     39.972    18.6827    18.6828     0.0001    18.6755    18.6757     0.0001   4.808453   4.808667   0.000214    36.2516    36.2533     5.1824    26.0612    26.0624          1  0.000e+00
      65267 289.622470  -38.50048  -52.15734     -0.609    1503.29     40.279     39.972    18.6828    18.6828    -0.0000    18.6757    18.6757    -0.0000   4.808439   4.808647   0.000207    36.2513    36.2531     5.1828    26.0609    26.0623          1  0.000e+00
      65268 289.622471  -38.50048  -52.15734     -0.604    1503.29     40.239     39.932    18.6827    18.6826    -0.0000    18.6755    18.6755    -0.0000   4.808467   4.808709   0.000242    36.2517    36.2538     5.1831    26.0613    26.0629          1  0.000e+00
      65269 289.622471  -38.50048  -52.15734     -0.593    1503.29     40.279     39.972    18.6830    18.6828    -0.0002    18.6759    18.6757    -0.0002   4.808482   4.808667   0.000186    36.2515    36.2533     5.1835    26.0610    26.0624          1  0.000e+00
      65270 289.622472  -38.50048  -52.15734     -0.587    1503.29     40.215     39.908    18.6827    18.6826    -0.0000    18.6756    18.6755    -0.0000   4.808482   4.808612   0.000130    36.2518    36.2530     5.1839    26.0614    26.0622          1  0.000e+00
      65271 289.622472  -38.50048  -52.15734     -0.574    1503.29     40.279     39.972    18.6827    18.6828     0.0001    18.6755    18.6757     0.0001   4.808482   4.808542   0.000061    36.2518    36.2522     5.1843    26.0613    26.0616          1  0.000e+00
      65272 289.622473  -38.50048  -52.15734     -0.565    1503.29     40.215     39.908    18.6828    18.6828    -0.0000    18.6757    18.6757    -0.0000   4.808545   4.808584   0.000039    36.2522    36.2526     5.1843    26.0616    26.0619          1  0.000e+00
      65273 289.622473  -38.50048  -52.15734     -0.554    1503.29     40.215     39.908    18.6827    18.6828     0.0001    18.6756    18.6757     0.0001   4.808474   4.808667   0.000193    36.2518    36.2533     5.1844    26.0613    26.0624          1  0.000e+00
      65274 289.622473  -38.50048  -52.15734     -0.540    1503.29     40.239     39.932    18.6828    18.6831     0.0003    18.6757    18.6760     0.0003   4.808439   4.808688   0.000249    36.2513    36.2532     5.1845    26.0609    26.0623          1  0.000e+00
      65275 289.622474  -38.50048  -52.15734     -0.528    1503.29     40.215     39.908    18.6827    18.6829     0.0002    18.6756    18.6758     0.0002   4.808467   4.808681   0.000214    36.2517    36.2533     5.1846    26.0613    26.0625          1  0.000e+00
      65276 289.622474  -38.50048  -52.15734     -0.513    1503.29     40.215     39.908    18.6827    18.6829     0.0003    18.6756    18.6758     0.0003   4.808510   4.808744   0.000234    36.2521    36.2538     5.1843    26.0615    26.0628          1  0.000e+00
      65277 289.622475  -38.50048  -52.15734     -0.496    1503.29     40.279     39.972    18.6827    18.6835     0.0008    18.6755    18.6763     0.0008   4.808489   4.808772   0.000283    36.2519    36.2536     5.1844    26.0614    26.0625          1  0.000e+00
      65278 289.622475  -38.50048  -52.15734     -0.480    1503.29     40.215     39.908    18.6828    18.6835     0.0006    18.6757    18.6763     0.0006   4.808510   4.808737   0.000227    36.2519    36.2533     5.1844    26.0614    26.0623          1  0.000e+00
      65279 289.622476  -38.50048  -52.15734     -0.464    1503.29     40.215     39.908    18.6827    18.6836     0.0010    18.6756    18.6765     0.0010   4.808489   4.808786   0.000297    36.2519    36.2536     5.1844    26.0614    26.0624          1  0.000e+00
      65280 289.622476  -38.50048  -52.15734     -0.446    1503.29     40.239     39.932    18.6828    18.6838     0.0010    18.6757    18.6767     0.0010   4.808482   4.808807   0.000325    36.2517    36.2536     5.1841    26.0612    26.0624          1  0.000e+00
      65281 289.622477  -38.50048  -52.15734     -0.427    1503.29     40.215     39.908    18.6827    18.6838     0.0011    18.6756    18.6767     0.0011   4.808482   4.808779   0.000297    36.2518    36.2534     5.1877    26.0614    26.0622          1  0.000e+00
      65282 289.622477  -38.50048  -52.15734     -0.406    1503.29     40.279     39.972    18.6827    18.6836     0.0010    18.6755    18.6765     0.0010   4.808482   4.808772   0.000290    36.2518    36.2534     5.1880    26.0613    26.0623          1  0.000e+00
      65283 289.622478  -38.50048  -52.15734     -0.391    1503.29     40.215     39.908    18.6827    18.6836     0.0010    18.6756    18.6765     0.0010   4.808446   4.808772   0.000326    36.2515    36.2534     5.1845    26.0611    26.0623          1  0.000e+00
      65284 289.622478  -38.50048  -52.15734     -0.374    1503.29     40.215     39.908    18.6827    18.6840     0.0013    18.6756    18.6769     0.0013   4.808531   4.808793   0.000262    36.2523    36.2533     5.1844    26.0617    26.0622          1  0.000e+00
      65285 289.622479  -38.50048  -52.15734     -0.349    1503.29     40.279     39.972    18.6828    18.6838     0.0010    18.6757    18.6767     0.0010   4.808503   4.808834   0.000332    36.2518    36.2538     5.1844    26.0613    26.0626          1  0.000e+00
