Pos-Processados/process_op42/operantar42_019.ros
* Sea-Bird SBE 9 Data File:
* FileName = C:\Users\Hidrografia\Desktop\OPXLII\Brutos\OP42019.hdr
* Software Version Seasave V 7.26.7.107
* Temperature SN = 6502
* Conductivity SN = 4998
* Number of Bytes Per Scan = 37
* Number of Voltage Words = 4
* Number of Scans Averaged by the Deck Unit = 1
* NMEA Latitude = 62 12.74 S
* NMEA Longitude = 058 20.49 W
* NMEA UTC (Time) = Nov 07 2023 15:27:40
* NMEA baud rate = 4800
** H41
** NPOALTEMAXIMIANO
** NUMERO DA ESTACAO (XXX) 019
** LAT (XX XX.XX S/N) 62 12.46 S
** LONG (XXX XX.XX W/E) 058 20.12 W
** DATAHORA (dd/mm/aaaa hh:mm Z) 07/11/2023 1518Z
** PROFUNDIDADE (m) 490
** OPERADOR CT FILIPE LOPES
# nquan = 24
# nvalues = 4095                                  
# units = specified
# name 0 = scan: Scan Count
# name 1 = timeJ: Julian Days
# name 2 = latitude: Latitude [deg]
# name 3 = longitude: Longitude [deg]
# name 4 = dz/dtM: Descent Rate [m/s]
# name 5 = avgsvCM: Average Sound Velocity [Chen-Millero, m/s]
# name 6 = prDM: Pressure, Digiquartz [db]
# name 7 = depSM: Depth [salt water, m]
# name 8 = t090C: Temperature [ITS-90, deg C]
# name 9 = t190C: Temperature, 2 [ITS-90, deg C]
# name 10 = T2-T190C: Temperature Difference, 2 - 1 [ITS-90, deg C]
# name 11 = potemp090C: Potential Temperature [ITS-90, deg C]
# name 12 = potemp190C: Potential Temperature, 2 [ITS-90, deg C]
# name 13 = potemp90Cdiff: Potential Temperature, Diff, 2 - 1 [ITS-90, deg C]
# name 14 = c0S/m: Conductivity [S/m]
# name 15 = c1S/m: Conductivity, 2 [S/m]
# name 16 = C2-C1S/m: Conductivity Difference, 2 - 1 [S/m]
# name 17 = sal00: Salinity, Practical [PSU]
# name 18 = sal11: Salinity, Practical, 2 [PSU]
# name 19 = sbeox0ML/L: Oxygen, SBE 43 [ml/l]
# name 20 = sigma-é00: Density [sigma-theta, kg/m^3]
# name 21 = sigma-é11: Density, 2 [sigma-theta, kg/m^3]
# name 22 = nbf: Bottles Fired
# name 23 = flag:  0.000e+00
# interval = seconds: 0.0416667
# start_time = Nov 07 2023 15:27:40 [NMEA time, header]
# bad_flag = -9.990e-29
*END*
[from data line 846]
      38302 311.662684  -62.21828  -58.33482     -0.097    1448.92      1.979      1.960    -0.5311    -0.5293     0.0018    -0.5312    -0.5294     0.0018   2.806012   2.806071   0.000059    34.2969    34.2956     7.5162    27.5642    27.5631          6  0.000e+00
      38303 311.662684  -62.21828  -58.33482     -0.099    1448.92      1.979      1.960    -0.5311    -0.5293     0.0018    -0.5312    -0.5294     0.0018   2.806063   2.806127   0.000064    34.2976    34.2964     7.5172    27.5647    27.5637          6  0.000e+00
      38304 311.662685  -62.21828  -58.33482     -0.104    1448.92      1.914      1.896    -0.5308    -0.5292     0.0016    -0.5309    -0.5293     0.0016   2.806103   2.806093  -0.000010    34.2978    34.2958     7.5181    27.5649    27.5633          6  0.000e+00
      38305 311.662685  -62.21828  -58.33482     -0.105    1448.92      1.979      1.960    -0.5309    -0.5295     0.0015    -0.5310    -0.5296     0.0015   2.806132   2.806065  -0.000067    34.2983    34.2957     7.5193    27.5653    27.5632          6  0.000e+00
      38306 311.662686  -62.21828  -58.33482     -0.105    1448.92      1.979      1.960    -0.5308    -0.5295     0.0013    -0.5309    -0.5296     0.0013   2.806097   2.806093  -0.000004    34.2977    34.2961     7.5204    27.5648    27.5635          6  0.000e+00
      38307 311.662686  -62.21828  -58.33482     -0.110    1448.92      1.914      1.896    -0.5305    -0.5293     0.0012    -0.5305    -0.5294     0.0012   2.806143   2.806088  -0.000056    34.2980    34.2959     7.5204    27.5650    27.5633          6  0.000e+00
      38308 311.662687  -62.21828  -58.33482     -0.109    1448.92      1.979      1.960    -0.5305    -0.5295     0.0010    -0.5306    -0.5296     0.0010   2.806149   2.806088  -0.000061    34.2980    34.2961     7.5206    27.5651    27.5635          6  0.000e+00
      38309 311.662687  -62.21828  -58.33482     -0.111    1448.92      1.914      1.896    -0.5307    -0.5293     0.0013    -0.5307    -0.5294     0.0013   2.806080   2.806059  -0.000021    34.2973    34.2955     7.5207    27.5645    27.5630          6  0.000e+00
      38310 311.662688  -62.21828  -58.33482     -0.113    1448.92      1.979      1.960    -0.5304    -0.5293     0.0011    -0.5304    -0.5294     0.0011   2.806080   2.806076  -0.000004    34.2970    34.2957     7.5208    27.5642    27.5632          6  0.000e+00
      38311 311.662688  -62.21828  -58.33482     -0.112    1448.92      1.914      1.896    -0.5299    -0.5297     0.0002    -0.5300    -0.5297     0.0002   2.806086   2.806059  -0.000027    34.2966    34.2959     7.5208    27.5639    27.5633          6  0.000e+00
      38312 311.662689  -62.21828  -58.33482     -0.116    1448.92      1.915      1.896    -0.5300    -0.5298     0.0002    -0.5301    -0.5298     0.0002   2.806103   2.806076  -0.000027    34.2969    34.2963     7.5273    27.5642    27.5636          6  0.000e+00
      38313 311.662689  -62.21828  -58.33482     -0.110    1448.92      2.027      2.008    -0.5299    -0.5297     0.0002    -0.5299    -0.5297     0.0002   2.806132   2.806048  -0.000083    34.2970    34.2957     7.5285    27.5643    27.5632          6  0.000e+00
      38314 311.662690  -62.21828  -58.33482     -0.110    1448.92      1.915      1.896    -0.5302    -0.5297     0.0005    -0.5303    -0.5297     0.0005   2.806143   2.806065  -0.000078    34.2976    34.2960     7.5284    27.5648    27.5634          6  0.000e+00
      38315 311.662690  -62.21828  -58.33482     -0.113    1448.92      1.915      1.896    -0.5300    -0.5298     0.0002    -0.5301    -0.5298     0.0002   2.806080   2.806065  -0.000015    34.2966    34.2961     7.5284    27.5639    27.5635          6  0.000e+00
      38316 311.662690  -62.21828  -58.33482     -0.109    1448.92      1.979      1.960    -0.5300    -0.5298     0.0002    -0.5301    -0.5299     0.0002   2.806000   2.806071   0.000070    34.2955    34.2962     7.5283    27.5630    27.5636          6  0.000e+00
      38317 311.662691  -62.21828  -58.33482     -0.111    1448.92      1.915      1.896    -0.5299    -0.5298     0.0001    -0.5300    -0.5298     0.0001   2.806080   2.806026  -0.000055    34.2965    34.2956     7.5226    27.5638    27.5631          6  0.000e+00
      38318 311.662691  -62.21828  -58.33482     -0.106    1448.92      1.979      1.960    -0.5298    -0.5301    -0.0003    -0.5298    -0.5301    -0.0003   2.806132   2.806020  -0.000112    34.2969    34.2958     7.5224    27.5642    27.5633          6  0.000e+00
      38319 311.662692  -62.21828  -58.33482     -0.104    1448.92      1.915      1.896    -0.5294    -0.5298    -0.0004    -0.5295    -0.5298    -0.0004   2.806177   2.806031  -0.000146    34.2972    34.2957     7.5220    27.5644    27.5632          6  0.000e+00
      38320 311.662692  -62.21828  -58.33482     -0.104    1448.92      1.915      1.896    -0.5294    -0.5300    -0.0006    -0.5295    -0.5300    -0.0006   2.806212   2.806014  -0.000197    34.2977    34.2956     7.5218    27.5648    27.5631          6  0.000e+00
      38321 311.662693  -62.21828  -58.33482     -0.102    1448.92      1.979      1.960    -0.5294    -0.5298    -0.0004    -0.5295    -0.5299    -0.0004   2.806177   2.806043  -0.000135    34.2972    34.2958     7.5206    27.5643    27.5632          6  0.000e+00
      38322 311.662693  -62.21828  -58.33482     -0.098    1448.92      1.915      1.896    -0.5293    -0.5300    -0.0007    -0.5294    -0.5300    -0.0007   2.806206   2.806037  -0.000169    34.2975    34.2959     7.5202    27.5646    27.5634          6  0.000e+00
      38323 311.662694  -62.21828  -58.33482     -0.098    1448.92      1.915      1.896    -0.5294    -0.5298    -0.0004    -0.5295    -0.5298    -0.0004   2.806177   2.806048  -0.000129    34.2972    34.2959     7.5200    27.5644    27.5633          6  0.000e+00
      38324 311.662694  -62.21828  -58.33482     -0.093    1448.92      1.979      1.960    -0.5289    -0.5300    -0.0011    -0.5290    -0.5300    -0.0011   2.806246   2.806020  -0.000226    34.2975    34.2957     7.5197    27.5646    27.5632          6  0.000e+00
      38325 311.662695  -62.21828  -58.33482     -0.092    1448.92      1.915      1.896    -0.5290    -0.5300    -0.0010    -0.5290    -0.5300    -0.0010   2.806234   2.806026  -0.000209    34.2975    34.2958     7.5194    27.5646    27.5633          6  0.000e+00
      38326 311.662695  -62.21828  -58.33482     -0.084    1448.92      1.963      1.944    -0.5290    -0.5300    -0.0010    -0.5290    -0.5300    -0.0010   2.806177   2.806065  -0.000112    34.2967    34.2963     7.5192    27.5639    27.5637          6  0.000e+00
      38327 311.662696  -62.21828  -58.33482     -0.082    1448.92      1.915      1.896    -0.5291    -0.5300    -0.0008    -0.5292    -0.5300    -0.0008   2.806149   2.806026  -0.000123    34.2965    34.2958     7.5190    27.5638    27.5633          6  0.000e+00
      38328 311.662696  -62.21828  -58.33482     -0.079    1448.92      1.979      1.960    -0.5289    -0.5301    -0.0012    -0.5290    -0.5301    -0.0012   2.806132   2.805998  -0.000134    34.2960    34.2955     7.5188    27.5634    27.5630          6  0.000e+00
      38329 311.662697  -62.21828  -58.33482     -0.076    1448.92      1.915      1.896    -0.5290    -0.5298    -0.0008    -0.5290    -0.5298    -0.0008   2.806137   2.806003  -0.000134    34.2961    34.2953     7.5185    27.5635    27.5628          6  0.000e+00
      38330 311.662697  -62.21828  -58.33482     -0.073    1448.92      1.915      1.896    -0.5290    -0.5300    -0.0010    -0.5290    -0.5300    -0.0010   2.806120   2.806020  -0.000100    34.2959    34.2957     7.5182    27.5633    27.5632          6  0.000e+00
      38331 311.662698  -62.21828  -58.33482     -0.066    1448.92      1.979      1.960    -0.5289    -0.5300    -0.0011    -0.5290    -0.5300    -0.0011   2.806092   2.806009  -0.000083    34.2954    34.2955     7.5180    27.5629    27.5630          6  0.000e+00
      38332 311.662698  -62.21828  -58.33482     -0.058    1448.92      1.979      1.960    -0.5291    -0.5298    -0.0007    -0.5292    -0.5299    -0.0007   2.806143   2.806026  -0.000117    34.2964    34.2956     7.5178    27.5637    27.5631          6  0.000e+00
      38333 311.662699  -62.21828  -58.33482     -0.057    1448.92      1.915      1.896    -0.5294    -0.5301    -0.0007    -0.5295    -0.5301    -0.0007   2.806149   2.806048  -0.000101    34.2968    34.2962     7.5175    27.5641    27.5636          6  0.000e+00
      38334 311.662699  -62.21828  -58.33482     -0.057    1448.92      1.915      1.896    -0.5293    -0.5297    -0.0004    -0.5294    -0.5297    -0.0004   2.806143   2.806037  -0.000106    34.2966    34.2956     7.5172    27.5639    27.5631          6  0.000e+00
      38335 311.662700  -62.21828  -58.33482     -0.046    1448.92      1.979      1.960    -0.5292    -0.5293    -0.0001    -0.5293    -0.5294    -0.0001   2.806177   2.806026  -0.000152    34.2970    34.2950     7.5170    27.5642    27.5626          6  0.000e+00
      38336 311.662700  -62.21828  -58.33482     -0.048    1448.92      1.915      1.896    -0.5293    -0.5293    -0.0000    -0.5294    -0.5294    -0.0000   2.806229   2.806071  -0.000158    34.2978    34.2957     7.5167    27.5648    27.5631          6  0.000e+00
      38337 311.662701  -62.21828  -58.33482     -0.043    1448.92      1.979      1.960    -0.5287    -0.5293    -0.0007    -0.5287    -0.5294    -0.0007   2.806229   2.806088  -0.000141    34.2970    34.2959     7.5164    27.5642    27.5633          6  0.000e+00
      38338 311.662701  -62.21828  -58.33482     -0.041    1448.92      1.915      1.896    -0.5287    -0.5292    -0.0005    -0.5287    -0.5293    -0.0005   2.806240   2.806099  -0.000141    34.2972    34.2959     7.5160    27.5644    27.5633          6  0.000e+00
      38339 311.662702  -62.21828  -58.33482     -0.035    1448.92      1.979      1.960    -0.5283    -0.5290    -0.0008    -0.5283    -0.5291    -0.0008   2.806229   2.806071  -0.000158    34.2966    34.2953     7.5222    27.5638    27.5628          6  0.000e+00
      38340 311.662702  -62.21828  -58.33482     -0.026    1448.92      1.963      1.944    -0.5282    -0.5290    -0.0008    -0.5283    -0.5291    -0.0008   2.806257   2.806071  -0.000187    34.2969    34.2953     7.5165    27.5641    27.5628          6  0.000e+00
      38341 311.662703  -62.21828  -58.33482     -0.024    1448.92      1.979      1.960    -0.5280    -0.5288    -0.0008    -0.5281    -0.5289    -0.0008   2.806252   2.806082  -0.000170    34.2966    34.2952     7.5162    27.5638    27.5628          6  0.000e+00
      38342 311.662703  -62.21828  -58.33482     -0.021    1448.92      1.915      1.896    -0.5282    -0.5287    -0.0005    -0.5283    -0.5288    -0.0005   2.806206   2.806076  -0.000130    34.2962    34.2951     7.5159    27.5635    27.5626          6  0.000e+00
      38343 311.662704  -62.21828  -58.33482     -0.018    1448.92      1.979      1.960    -0.5282    -0.5287    -0.0006    -0.5282    -0.5288    -0.0006   2.806206   2.806104  -0.000101    34.2961    34.2954     7.5156    27.5635    27.5629          6  0.000e+00
      38344 311.662704  -62.21828  -58.33482     -0.015    1448.92      1.915      1.896    -0.5282    -0.5287    -0.0005    -0.5283    -0.5288    -0.0005   2.806160   2.806116  -0.000045    34.2956    34.2956     7.5153    27.5630    27.5631          6  0.000e+00
      38345 311.662704  -62.21828  -58.33482     -0.016    1448.92      1.915      1.896    -0.5283    -0.5290    -0.0007    -0.5284    -0.5291    -0.0007   2.806160   2.806065  -0.000095    34.2957    34.2953     7.5150    27.5632    27.5628          6  0.000e+00
      38346 311.662705  -62.21828  -58.33482     -0.009    1448.92      1.979      1.960    -0.5280    -0.5290    -0.0010    -0.5281    -0.5291    -0.0010   2.806103   2.806076  -0.000027    34.2946    34.2954     7.5148    27.5622    27.5629          6  0.000e+00
      38347 311.662705  -62.21828  -58.33482     -0.005    1448.92      1.979      1.960    -0.5282    -0.5290    -0.0009    -0.5282    -0.5291    -0.0009   2.806166   2.806059  -0.000106    34.2956    34.2951     7.5155    27.5630    27.5627          6  0.000e+00
      38348 311.662706  -62.21828  -58.33482     -0.005    1448.92      1.915      1.896    -0.5283    -0.5293    -0.0010    -0.5284    -0.5294    -0.0010   2.806194   2.806059  -0.000135    34.2962    34.2955     7.5152    27.5635    27.5630          6  0.000e+00
      38349 311.662706  -62.21828  -58.33482     -0.003    1448.92      1.979      1.960    -0.5287    -0.5293    -0.0007    -0.5287    -0.5294    -0.0007   2.806132   2.806099  -0.000033    34.2957    34.2960     7.5151    27.5631    27.5634          6  0.000e+00
      38350 311.662707  -62.21828  -58.33482     -0.003    1448.92      1.915      1.896    -0.5286    -0.5292    -0.0006    -0.5287    -0.5293    -0.0006   2.806172   2.806082  -0.000090    34.2962    34.2957     7.5148    27.5636    27.5631          6  0.000e+00
      38351 311.662707  -62.21828  -58.33482      0.001    1448.92      1.979      1.960    -0.5290    -0.5295    -0.0005    -0.5290    -0.5296    -0.0005   2.806229   2.806065  -0.000164    34.2973    34.2957     7.5146    27.5645    27.5632          6  0.000e+00
      38352 311.662708  -62.21828  -58.33482      0.005    1448.92      1.979      1.960    -0.5291    -0.5295    -0.0004    -0.5292    -0.5296    -0.0004   2.806263   2.806071  -0.000192    34.2980    34.2958     7.5144    27.5650    27.5633          6  0.000e+00
      38353 311.662708  -62.21828  -58.33482      0.001    1448.92      1.906      1.888    -0.5294    -0.5295    -0.0001    -0.5295    -0.5296    -0.0001   2.806189   2.806082  -0.000107    34.2974    34.2960     7.5141    27.5645    27.5634          6  0.000e+00
      38354 311.662709  -62.21828  -58.33482      0.005    1448.92      1.979      1.960    -0.5300    -0.5293     0.0007    -0.5301    -0.5294     0.0007   2.806206   2.806076  -0.000130    34.2983    34.2957     7.5140    27.5653    27.5632          6  0.000e+00
      38355 311.662709  -62.21828  -58.33482      0.009    1448.92      1.979      1.960    -0.5298    -0.5293     0.0004    -0.5298    -0.5294     0.0004   2.806200   2.806082  -0.000118    34.2979    34.2958     7.5137    27.5649    27.5632          6  0.000e+00
      38356 311.662710  -62.21828  -58.33482      0.005    1448.92      1.915      1.896    -0.5298    -0.5295     0.0003    -0.5298    -0.5296     0.0003   2.806229   2.806088  -0.000141    34.2983    34.2961     7.5134    27.5653    27.5635          6  0.000e+00
      38357 311.662710  -62.21828  -58.33482      0.009    1448.92      1.979      1.960    -0.5302    -0.5297     0.0005    -0.5303    -0.5297     0.0005   2.806143   2.806076  -0.000067    34.2976    34.2961     7.5197    27.5647    27.5635          6  0.000e+00
      38358 311.662711  -62.21828  -58.33482      0.009    1448.92      1.979      1.960    -0.5302    -0.5297     0.0005    -0.5302    -0.5297     0.0005   2.806149   2.806043  -0.000106    34.2976    34.2956     7.5141    27.5647    27.5631          6  0.000e+00
      38359 311.662711  -62.21828  -58.33482      0.012    1448.92      1.979      1.960    -0.5302    -0.5295     0.0007    -0.5303    -0.5296     0.0007   2.806120   2.806065  -0.000055    34.2973    34.2957     7.5202    27.5645    27.5632          6  0.000e+00
      38360 311.662712  -62.21828  -58.33482      0.009    1448.92      1.915      1.896    -0.5304    -0.5297     0.0007    -0.5304    -0.5297     0.0007   2.806052   2.806065   0.000013    34.2966    34.2960     7.5209    27.5639    27.5634          6  0.000e+00
