Pos-Processados/process_op42/operantar42_040.cnv
* Sea-Bird SBE 9 Data File:
* FileName = C:\Users\Hidrografia\Desktop\OPXLII\Brutos\OP42040.hdr
* Software Version Seasave V 7.26.7.107
* Temperature SN = 6502
* Conductivity SN = 4998
* Number of Bytes Per Scan = 37
* Number of Voltage Words = 4
* Number of Scans Averaged by the Deck Unit = 1
* NMEA Latitude = 62 08.53 S
* NMEA Longitude = 058 26.22 W
* NMEA UTC (Time) = Nov 09 2023 15:06:47
* NMEA baud rate = 4800
** H41
** NPOALTEMAXIMIANO
** NUMERO DA ESTACAO (XXX) 040
** LAT (XX XX.XX S/N) 62 08.14 S
** LONG (XXX XX.XX W/E) 058 26.57 W
** DATAHORA (dd/mm/aaaa hh:mm Z) 09/11/2023 1506Z
** PROFUNDIDADE (m) 410
** OPERADOR CT FILIPE LOPES
# nquan = 30
# nvalues = 712                         
# units = specified
# name 0 = scan: Scan Count
# name 1 = timeJ: Julian Days
# name 2 = latitude: Latitude [deg]
# name 3 = longitude: Longitude [deg]
# name 4 = dz/dtM: Descent Rate [m/s]
# name 5 = avgsvCM: Average Sound Velocity [Chen-Millero, m/s]
# name 6 = prDM: Pressure, Digiquartz [db]
# name 7 = depSM: Depth [salt water, m]
# name 8 = t090C: Temperature [ITS-90, deg C]
# name 9 = t190C: Temperature, 2 [ITS-90, deg C]
# name 10 = T2-T190C: Temperature Difference, 2 - 1 [ITS-90, deg C]
# name 11 = potemp090C: Potential Temperature [ITS-90, deg C]
# name 12 = potemp190C: Potential Temperature, 2 [ITS-90, deg C]
# name 13 = potemp90Cdiff: Potential Temperature, Diff, 2 - 1 [ITS-90, deg C]
# name 14 = c0S/m: Conductivity [S/m]
# name 15 = c1S/m: Conductivity, 2 [S/m]
# name 16 = C2-C1S/m: Conductivity Difference, 2 - 1 [S/m]
# name 17 = sal00: Salinity, Practical [PSU]
# name 18 = sal11: Salinity, Practical, 2 [PSU]
# name 19 = sbeox0ML/L: Oxygen, SBE 43 [ml/l]
# name 20 = sigma-é00: Density [sigma-theta, kg/m^3]
# name 21 = sigma-é11: Density, 2 [sigma-theta, kg/m^3]
# name 22 = sal00: Salinity, Practical [PSU]
# name 23 = sigma-é00: Density [sigma-theta, kg/m^3]
# name 24 = svCM: Sound Velocity [Chen-Millero, m/s]
# name 25 = svCM1: Sound Velocity, 2 [Chen-Millero, m/s]
# name 26 = gsw_ptA0: potential temperature [ITS-90, deg C]
# name 27 = gsw_densityA0: density, TEOS-10 [density, kg/m^3]
# name 28 = gsw_saA0: Absolute Salinity [g/kg]
# name 29 = flag:
# span 0 =       3406,      25138       
# span 1 = 313.631353, 313.641833       
# span 2 =  -62.14662,  -62.14287       
# span 3 =  -58.43642,  -58.43404       
# span 4 =     -1.086,      1.093       
# span 5 =       0.00,    1448.10       
# span 6 =      2.000,    358.000       
# span 7 =      1.997,    354.255       
# span 8 =    -0.8223,    -0.5357       
# span 9 =    -0.8205,    -0.5353       
# span 10 =    -0.0088,     0.0106      
# span 11 =    -0.8270,    -0.5369      
# span 12 =    -0.8252,    -0.5363      
# span 13 =    -0.0088,     0.0106      
# span 14 =   2.789978,   2.829269      
# span 15 =   2.789947,   2.829224      
# span 16 =  -0.000870,   0.001062      
# span 17 =    34.2766,    34.3968      
# span 18 =    34.2760,    34.3957      
# span 19 =     6.7217,     7.6894      
# span 20 =    27.5481,    27.6458      
# span 21 =    27.5475,    27.6450      
# span 22 =    34.2769,    34.3971      
# span 23 =    27.5483,    27.6461      
# span 24 =    1445.70,    1451.66      
# span 25 =    1445.70,    1451.67      
# span 26 =    -0.8269,    -0.5369      
# span 27 =  1027.5637,  1029.3556      
# span 28 =    34.4387,    34.5668      
# span 29 = 0.0000e+00, 0.0000e+00      
# interval = decibars: 1                
# start_time = Nov 09 2023 15:06:47 [NMEA time, header]
# bad_flag = -9.990e-29
*END*
[from data line 532]
      20014 313.639362  -62.14571  -58.43434     -0.897    1448.10    181.000    179.185    -0.7964    -0.7950     0.0014    -0.8017    -0.8003     0.0014   2.793188   2.793229   0.000048    34.3137    34.3127     7.4130    27.5893    27.5885    34.3136    27.5892    1447.46    1447.47    -0.8016  1028.4609    34.4807 0.0000e+00
      20040 313.639375  -62.14572  -58.43434     -0.901    1448.10    180.000    178.195    -0.7953    -0.7949     0.0003    -0.8006    -0.8002     0.0003   2.793251   2.793189  -0.000056    34.3138    34.3127     7.4095    27.5894    27.5885    34.3139    27.5894    1447.45    1447.45    -0.8004  1028.4563    34.4810 0.0000e+00
      20069 313.639389  -62.14572  -58.43434     -0.851    1448.10    179.000    177.206    -0.7933    -0.7938    -0.0005    -0.7986    -0.7990    -0.0005   2.793392   2.793255  -0.000132    34.3140    34.3127     7.4096    27.5895    27.5884    34.3141    27.5895    1447.44    1447.44    -0.7984  1028.4516    34.4812 0.0000e+00
      20100 313.639403  -62.14572  -58.43434     -0.796    1448.10    178.000    176.216    -0.7926    -0.7922     0.0004    -0.7978    -0.7975     0.0004   2.793414   2.793358  -0.000054    34.3141    34.3129     7.4056    27.5895    27.5885    34.3142    27.5896    1447.43    1447.43    -0.7977  1028.4469    34.4814 0.0000e+00
      20130 313.639418  -62.14572  -58.43434     -0.798    1448.10    177.000    175.226    -0.7920    -0.7917     0.0004    -0.7972    -0.7969     0.0004   2.793416   2.793364  -0.000061    34.3143    34.3131     7.4072    27.5897    27.5886    34.3142    27.5896    1447.42    1447.42    -0.7971  1028.4421    34.4813 0.0000e+00
      20160 313.639432  -62.14573  -58.43434     -0.794    1448.10    176.000    174.237    -0.7957    -0.7927     0.0030    -0.8009    -0.7979     0.0030   2.793040   2.793221   0.000179    34.3141    34.3131     7.4258    27.5897    27.5887    34.3139    27.5895    1447.38    1447.40    -0.8007  1028.4373    34.4810 0.0000e+00
      20189 313.639446  -62.14574  -58.43434     -0.812    1448.10    175.000    173.247    -0.7956    -0.7941     0.0015    -0.8007    -0.7992     0.0015   2.792972   2.793044   0.000063    34.3138    34.3130     7.4192    27.5894    27.5887    34.3135    27.5891    1447.37    1447.37    -0.8006  1028.4321    34.4806 0.0000e+00
      20214 313.639458  -62.14574  -58.43434     -0.908    1448.10    174.000    172.258    -0.8026    -0.7990     0.0036    -0.8076    -0.8041     0.0036   2.792245   2.792528   0.000278    34.3130    34.3128     7.4165    27.5891    27.5887    34.3122    27.5884    1447.32    1447.33    -0.8075  1028.4266    34.4793 0.0000e+00
      20238 313.639470  -62.14576  -58.43434     -0.983    1448.10    173.000    171.268    -0.8053    -0.8030     0.0023    -0.8103    -0.8080     0.0023   2.791987   2.792139   0.000150    34.3129    34.3123     7.4140    27.5891    27.5885    34.3124    27.5886    1447.29    1447.30    -0.8102  1028.4221    34.4794 0.0000e+00
      20262 313.639482  -62.14576  -58.43432     -0.990    1448.10    172.000    170.279    -0.8095    -0.8060     0.0035    -0.8145    -0.8110     0.0035   2.791574   2.791816   0.000243    34.3129    34.3122     7.4047    27.5893    27.5885    34.3122    27.5887    1447.25    1447.27    -0.8144  1028.4174    34.4793 0.0000e+00
      20289 313.639494  -62.14576  -58.43432     -0.942    1448.10    171.000    169.289    -0.8097    -0.8083     0.0014    -0.8147    -0.8133     0.0014   2.791507   2.791578   0.000071    34.3126    34.3120     7.4092    27.5890    27.5884    34.3121    27.5886    1447.23    1447.24    -0.8145  1028.4125    34.4792 0.0000e+00
      20317 313.639508  -62.14576  -58.43432     -0.872    1448.10    170.000    168.300    -0.8115    -0.8100     0.0014    -0.8164    -0.8150     0.0014   2.791324   2.791356   0.000038    34.3128    34.3116     7.4251    27.5892    27.5882    34.3123    27.5888    1447.21    1447.21    -0.8163  1028.4080    34.4793 0.0000e+00
      20345 313.639522  -62.14577  -58.43432     -0.834    1448.10    169.000    167.310    -0.8123    -0.8113     0.0011    -0.8172    -0.8162     0.0011   2.791183   2.791195   0.000005    34.3125    34.3113     7.4242    27.5890    27.5881    34.3119    27.5885    1447.19    1447.19    -0.8171  1028.4029    34.4789 0.0000e+00
      20369 313.639533  -62.14578  -58.43432     -0.944    1448.10    168.000    166.320    -0.8140    -0.8119     0.0021    -0.8189    -0.8168     0.0021   2.790963   2.791079   0.000115    34.3120    34.3111     7.4235    27.5886    27.5879    34.3115    27.5883    1447.16    1447.17    -0.8188  1028.3979    34.4785 0.0000e+00
      20393 313.639545  -62.14578  -58.43432     -1.011    1448.10    167.000    165.331    -0.8150    -0.8128     0.0021    -0.8198    -0.8177     0.0021   2.790850   2.790962   0.000106    34.3122    34.3113     7.4243    27.5889    27.5880    34.3117    27.5885    1447.14    1447.15    -0.8197  1028.3933    34.4787 0.0000e+00
      20419 313.639557  -62.14578  -58.43432     -0.964    1448.10    166.000    164.341    -0.8176    -0.8139     0.0038    -0.8225    -0.8187     0.0038   2.790565   2.790815   0.000244    34.3121    34.3111     7.4285    27.5889    27.5879    34.3115    27.5884    1447.12    1447.13    -0.8223  1028.3885    34.4785 0.0000e+00
      20445 313.639570  -62.14578  -58.43432     -0.911    1448.10    165.000    163.352    -0.8198    -0.8155     0.0042    -0.8245    -0.8203     0.0042   2.790302   2.790609   0.000296    34.3117    34.3109     7.4227    27.5887    27.5879    34.3109    27.5880    1447.09    1447.11    -0.8244  1028.3834    34.4780 0.0000e+00
      20471 313.639583  -62.14579  -58.43432     -0.912    1448.10    164.000    162.362    -0.8223    -0.8204     0.0019    -0.8270    -0.8251     0.0019   2.789999   2.790103   0.000120    34.3108    34.3102     7.4351    27.5880    27.5875    34.3103    27.5876    1447.06    1447.07    -0.8269  1028.3782    34.4773 0.0000e+00
      20499 313.639596  -62.14580  -58.43432     -0.881    1448.10    163.000    161.372    -0.8212    -0.8205     0.0007    -0.8259    -0.8252     0.0007   2.789998   2.790011   0.000023    34.3099    34.3095     7.4403    27.5873    27.5869    34.3097    27.5871    1447.05    1447.05    -0.8258  1028.3728    34.4767 0.0000e+00
      20527 313.639609  -62.14580  -58.43432     -0.853    1448.10    162.000    160.383    -0.8208    -0.8203     0.0005    -0.8255    -0.8250     0.0005   2.789978   2.789961  -0.000013    34.3099    34.3092     7.4379    27.5872    27.5867    34.3096    27.5870    1447.03    1447.03    -0.8254  1028.3680    34.4766 0.0000e+00
      20555 313.639623  -62.14580  -58.43432     -0.874    1448.10    161.000    159.393    -0.8197    -0.8196     0.0001    -0.8243    -0.8242     0.0001   2.790007   2.789947  -0.000053    34.3094    34.3086     7.4333    27.5868    27.5861    34.3093    27.5867    1447.02    1447.02    -0.8242  1028.3630    34.4763 0.0000e+00
      20585 313.639637  -62.14580  -58.43431     -0.816    1448.10    160.000    158.404    -0.8172    -0.8181    -0.0009    -0.8218    -0.8227    -0.0009   2.790104   2.790015  -0.000081    34.3084    34.3084     7.4396    27.5859    27.5859    34.3084    27.5859    1447.02    1447.01    -0.8217  1028.3573    34.4754 0.0000e+00
      20617 313.639653  -62.14581  -58.43430     -0.755    1448.10    159.000    157.414    -0.8165    -0.8178    -0.0014    -0.8211    -0.8224    -0.0014   2.790109   2.790025  -0.000074    34.3083    34.3088     7.4510    27.5857    27.5862    34.3083    27.5858    1447.00    1447.00    -0.8210  1028.3524    34.4753 0.0000e+00
      20649 313.639668  -62.14582  -58.43430     -0.749    1448.10    158.000    156.424    -0.8083    -0.8135    -0.0052    -0.8129    -0.8181    -0.0052   2.790708   2.790286  -0.000400    34.3069    34.3074     7.4666    27.5843    27.5850    34.3078    27.5850    1447.02    1447.00    -0.8128  1028.3469    34.4748 0.0000e+00
      20680 313.639683  -62.14582  -58.43430     -0.767    1448.10    157.000    155.434    -0.8002    -0.8050    -0.0048    -0.8048    -0.8096    -0.0048   2.791315   2.790833  -0.000465    34.3065    34.3056     7.4538    27.5837    27.5832    34.3074    27.5844    1447.05    1447.02    -0.8046  1028.3414    34.4744 0.0000e+00
      20707 313.639696  -62.14583  -58.43430     -0.840    1448.10    156.000    154.445    -0.7953    -0.7980    -0.0027    -0.7998    -0.8025    -0.0027   2.791616   2.791326  -0.000293    34.3059    34.3050     7.4551    27.5829    27.5823    34.3065    27.5834    1447.05    1447.04    -0.7997  1028.3356    34.4734 0.0000e+00
      20733 313.639709  -62.14584  -58.43430     -0.908    1448.10    155.000    153.455    -0.7936    -0.7947    -0.0011    -0.7982    -0.7993    -0.0011   2.791694   2.791537  -0.000176    34.3059    34.3047     7.4620    27.5829    27.5820    34.3063    27.5832    1447.04    1447.04    -0.7980  1028.3306    34.4733 0.0000e+00
      20760 313.639722  -62.14584  -58.43430     -0.903    1448.10    154.000    152.466    -0.7933    -0.7930     0.0003    -0.7978    -0.7975     0.0003   2.791680   2.791622  -0.000063    34.3059    34.3047     7.4604    27.5829    27.5819    34.3064    27.5832    1447.03    1447.03    -0.7977  1028.3259    34.4733 0.0000e+00
      20791 313.639737  -62.14584  -58.43430     -0.817    1448.10    153.000    151.476    -0.7930    -0.7946    -0.0016    -0.7974    -0.7991    -0.0016   2.791662   2.791464  -0.000184    34.3059    34.3053     7.4620    27.5829    27.5824    34.3064    27.5832    1447.01    1447.00    -0.7973  1028.3211    34.4733 0.0000e+00
      20826 313.639754  -62.14585  -58.43430     -0.692    1448.10    152.000    150.486    -0.7923    -0.7928    -0.0006    -0.7967    -0.7972    -0.0006   2.791655   2.791525  -0.000140    34.3057    34.3045     7.4650    27.5827    27.5817    34.3061    27.5830    1447.00    1447.00    -0.7966  1028.3160    34.4730 0.0000e+00
      20859 313.639769  -62.14586  -58.43430     -0.708    1448.10    151.000    149.496    -0.7913    -0.7910     0.0003    -0.7957    -0.7955     0.0003   2.791678   2.791615  -0.000071    34.3057    34.3043     7.4656    27.5826    27.5815    34.3059    27.5828    1446.99    1446.99    -0.7956  1028.3111    34.4728 0.0000e+00
      20884 313.639782  -62.14586  -58.43430     -0.861    1448.10    150.000    148.507    -0.7905    -0.7904     0.0000    -0.7948    -0.7948     0.0000   2.791652   2.791602  -0.000058    34.3050    34.3042     7.4600    27.5821    27.5814    34.3052    27.5822    1446.97    1446.97    -0.7947  1028.3057    34.4721 0.0000e+00
      20907 313.639793  -62.14586  -58.43430     -1.002    1448.10    149.000    147.517    -0.7919    -0.7908     0.0011    -0.7963    -0.7952     0.0011   2.791420   2.791460   0.000032    34.3044    34.3036     7.4620    27.5816    27.5809    34.3043    27.5815    1446.95    1446.95    -0.7961  1028.3002    34.4712 0.0000e+00
      20932 313.639805  -62.14586  -58.43428     -1.008    1448.10    148.000    146.527    -0.7936    -0.7922     0.0014    -0.7979    -0.7965     0.0014   2.791201   2.791253   0.000045    34.3039    34.3029     7.4565    27.5812    27.5804    34.3039    27.5813    1446.92    1446.93    -0.7978  1028.2952    34.4708 0.0000e+00
      20961 313.639819  -62.14588  -58.43428     -0.873    1448.10    147.000    145.538    -0.7934    -0.7922     0.0012    -0.7977    -0.7965     0.0012   2.791190   2.791211   0.000027    34.3040    34.3030     7.4597    27.5813    27.5805    34.3042    27.5815    1446.91    1446.91    -0.7976  1028.2906    34.4710 0.0000e+00
      20995 313.639835  -62.14588  -58.43428     -0.730    1448.10    146.000    144.548    -0.7928    -0.7921     0.0007    -0.7971    -0.7964     0.0007   2.791172   2.791136  -0.000042    34.3038    34.3025     7.4729    27.5812    27.5800    34.3038    27.5812    1446.90    1446.90    -0.7969  1028.2855    34.4707 0.0000e+00
      21025 313.639849  -62.14588  -58.43428     -0.758    1448.10    145.000    143.558    -0.7924    -0.7920     0.0004    -0.7966    -0.7962     0.0004   2.791126   2.791088  -0.000036    34.3033    34.3023     7.4779    27.5807    27.5799    34.3034    27.5808    1446.88    1446.88    -0.7965  1028.2804    34.4702 0.0000e+00
      21050 313.639862  -62.14588  -58.43428     -0.896    1448.10    144.000    142.569    -0.7917    -0.7917     0.0000    -0.7959    -0.7958     0.0000   2.791131   2.791050  -0.000077    34.3031    34.3021     7.4728    27.5805    27.5797    34.3032    27.5806    1446.87    1446.87    -0.7958  1028.2754    34.4701 0.0000e+00
      21074 313.639873  -62.14588  -58.43428     -0.970    1448.10    143.000    141.579    -0.7902    -0.7905    -0.0003    -0.7944    -0.7947    -0.0003   2.791184   2.791087  -0.000092    34.3027    34.3018     7.4761    27.5802    27.5794    34.3030    27.5804    1446.86    1446.86    -0.7943  1028.2689    34.4680 0.0000e+00
      21101 313.639886 -9.990e-29  -58.43428     -0.941    1448.10    142.000    140.589    -0.7865    -0.7884    -0.0020    -0.7906    -0.7926    -0.0020   2.791410   2.791179  -0.000219    34.3019    34.3012     7.4788    27.5793    27.5788    34.3024    27.5797    1446.86    1446.85    -0.7905  1028.2609    34.4642 0.0000e+00
      21130 313.639900 -9.990e-29  -58.43428     -0.842    1448.10    141.000    139.600    -0.7826    -0.7831    -0.0005    -0.7867    -0.7872    -0.0005   2.791646   2.791542  -0.000109    34.3012    34.3002     7.4797    27.5786    27.5779    34.3018    27.5791    1446.86    1446.86    -0.7866  1028.2554    34.4636 0.0000e+00
      21159 313.639914 -9.990e-29  -58.43428     -0.825    1448.10    140.000    138.610    -0.7773    -0.7803    -0.0030    -0.7814    -0.7844    -0.0030   2.792023   2.791704  -0.000303    34.3010    34.3003     7.4796    27.5783    27.5778    34.3015    27.5787    1446.87    1446.85    -0.7813  1028.2502    34.4633 0.0000e+00
      21184 313.639926  -62.14590  -58.43428     -0.895    1448.10    139.000    137.620    -0.7760    -0.7768    -0.0008    -0.7801    -0.7809    -0.0008   2.792081   2.791939  -0.000157    34.3010    34.2998     7.4838    27.5782    27.5772    34.3015    27.5786    1446.86    1446.85    -0.7800  1028.2483    34.4670 0.0000e+00
      21209 313.639938  -62.14591  -58.43428     -0.954    1448.10    138.000    136.630    -0.7750    -0.7748     0.0001    -0.7790    -0.7789     0.0001   2.792127   2.792049  -0.000078    34.3010    34.2998     7.4822    27.5781    27.5771    34.3015    27.5785    1446.85    1446.85    -0.7789  1028.2445    34.4683 0.0000e+00
      21236 313.639951  -62.14592  -58.43428     -0.939    1448.10    137.000    135.640    -0.7733    -0.7735    -0.0002    -0.7773    -0.7775    -0.0002   2.792209   2.792111  -0.000100    34.3009    34.2998     7.4956    27.5780    27.5771    34.3014    27.5784    1446.84    1446.84    -0.7772  1028.2396    34.4681 0.0000e+00
      21266 313.639966  -62.14592  -58.43428     -0.824    1448.10    136.000    134.651    -0.7734    -0.7735    -0.0001    -0.7774    -0.7775    -0.0001   2.792153   2.792061  -0.000091    34.3010    34.2999     7.4845    27.5781    27.5772    34.3013    27.5783    1446.82    1446.82    -0.7773  1028.2347    34.4681 0.0000e+00
      21297 313.639981  -62.14592  -58.43428     -0.771    1448.10    135.000    133.661    -0.7728    -0.7723     0.0005    -0.7768    -0.7763     0.0005   2.792153   2.792103  -0.000050    34.3009    34.2996     7.4697    27.5780    27.5769    34.3013    27.5783    1446.81    1446.81    -0.7766  1028.2299    34.4680 0.0000e+00
      21324 313.639994  -62.14592  -58.43428     -0.842    1448.10    134.000    132.671    -0.7712    -0.7713    -0.0002    -0.7751    -0.7753    -0.0002   2.792227   2.792132  -0.000095    34.3006    34.2996     7.4708    27.5777    27.5768    34.3010    27.5780    1446.80    1446.80    -0.7750  1028.2248    34.4677 0.0000e+00
