Pos-Processados/process_op42/operantar42_014.ros
* Sea-Bird SBE 9 Data File:
* FileName = C:\Users\Hidrografia\Desktop\OPXLII\Brutos\OP42014.hdr
* Software Version Seasave V 7.26.7.107
* Temperature SN = 6502
* Conductivity SN = 4998
* Number of Bytes Per Scan = 31
* Number of Voltage Words = 2
* Number of Scans Averaged by the Deck Unit = 1
* NMEA Latitude = 47 05.79 S
* NMEA Longitude = 056 32.90 W
* NMEA UTC (Time) = Oct 20 2023 10:58:48
* NMEA baud rate = 4800
** H41
** NPOALTEMAXIMIANO
** NUMERO DA ESTACAO (XXX) 014
** LAT (XX XX.XX S/N) 47 05.592 S
** LONG (XXX XX.XX W/E) 056 32.757 W
** DATAHORA (dd/mm/aaaa hh:mm Z) 20/10/2023 1058Z
** PROFUNDIDADE (m) 4459
** OPERADOR CT FABIREZA
# nquan = 24
# nvalues = 4330                                  
# units = specified
# name 0 = scan: Scan Count
# name 1 = timeJ: Julian Days
# name 2 = latitude: Latitude [deg]
# name 3 = longitude: Longitude [deg]
# name 4 = dz/dtM: Descent Rate [m/s]
# name 5 = avgsvCM: Average Sound Velocity [Chen-Millero, m/s]
# name 6 = prDM: Pressure, Digiquartz [db]
# name 7 = depSM: Depth [salt water, m]
# name 8 = t090C: Temperature [ITS-90, deg C]
# name 9 = t190C: Temperature, 2 [ITS-90, deg C]
# name 10 = T2-T190C: Temperature Difference, 2 - 1 [ITS-90, deg C]
# name 11 = potemp090C: Potential Temperature [ITS-90, deg C]
# name 12 = potemp190C: Potential Temperature, 2 [ITS-90, deg C]
# name 13 = potemp90Cdiff: Potential Temperature, Diff, 2 - 1 [ITS-90, deg C]
# name 14 = c0S/m: Conductivity [S/m]
# name 15 = c1S/m: Conductivity, 2 [S/m]
# name 16 = C2-C1S/m: Conductivity Difference, 2 - 1 [S/m]
# name 17 = sal00: Salinity, Practical [PSU]
# name 18 = sal11: Salinity, Practical, 2 [PSU]
# name 19 = sbeox0ML/L: Oxygen, SBE 43 [ml/l]
# name 20 = sigma-é00: Density [sigma-theta, kg/m^3]
# name 21 = sigma-é11: Density, 2 [sigma-theta, kg/m^3]
# name 22 = nbf: Bottles Fired
# name 23 = flag:  0.000e+00
# interval = seconds: 0.0416667
# start_time = Oct 20 2023 10:58:48 [NMEA time, header]
# bad_flag = -9.990e-29
*END*
[from data line 3985]
      66144 293.489398  -47.10766  -56.55272     -0.152    1468.95     28.468     28.230     4.9704     4.9563    -0.0141     4.9683     4.9542    -0.0141   3.259250   3.258638  -0.000612    34.0152    34.0226     7.5289    26.8981    26.9056         23  0.000e+00
      66145 293.489398  -47.10766  -56.55272     -0.159    1468.95     28.517     28.278     4.9743     4.9536    -0.0207     4.9722     4.9515    -0.0207   3.259468   3.258514  -0.000954    34.0138    34.0239     7.5282    26.8965    26.9069         23  0.000e+00
      66146 293.489399  -47.10766  -56.55272     -0.161    1468.95     28.525     28.286     4.9792     4.9541    -0.0251     4.9770     4.9520    -0.0251   3.259818   3.258484  -0.001334    34.0129    34.0231     7.5272    26.8952    26.9062         23  0.000e+00
      66147 293.489399  -47.10766  -56.55272     -0.166    1468.95     28.460     28.222     4.9832     4.9552    -0.0280     4.9810     4.9530    -0.0280   3.260265   3.258502  -0.001763    34.0140    34.0222     7.5262    26.8957    26.9054         23  0.000e+00
      66148 293.489400  -47.10766  -56.55272     -0.173    1468.95     28.468     28.230     4.9867     4.9536    -0.0331     4.9846     4.9515    -0.0331   3.260851   3.258442  -0.002409    34.0171    34.0231     7.5251    26.8977    26.9063         23  0.000e+00
      66149 293.489400  -47.10766  -56.55272     -0.173    1468.95     28.517     28.278     4.9885     4.9499    -0.0385     4.9863     4.9478    -0.0385   3.261062   3.258287  -0.002775    34.0178    34.0250     7.5245    26.8981    26.9082         23  0.000e+00
      66150 293.489401  -47.10766  -56.55272     -0.175    1468.95     28.468     28.230     4.9880     4.9476    -0.0404     4.9858     4.9454    -0.0404   3.261116   3.258121  -0.002996    34.0189    34.0256     7.5242    26.8990    26.9089         23  0.000e+00
      66151 293.489401  -47.10766  -56.55272     -0.180    1468.95     28.460     28.222     4.9904     4.9476    -0.0428     4.9882     4.9454    -0.0428   3.261545   3.258026  -0.003520    34.0214    34.0245     7.5232    26.9007    26.9080         23  0.000e+00
      66152 293.489402  -47.10766  -56.55272     -0.185    1468.95     28.404     28.166     4.9959     4.9491    -0.0467     4.9937     4.9470    -0.0467   3.262059   3.258049  -0.004009    34.0218    34.0232     7.5216    26.9004    26.9068         23  0.000e+00
      66153 293.489402  -47.10766  -56.55272     -0.184    1468.95     28.460     28.222     5.0019     4.9516    -0.0503     4.9997     4.9494    -0.0503   3.262349   3.258109  -0.004240    34.0190    34.0213     7.5201    26.8975    26.9051         23  0.000e+00
      66154 293.489402  -47.10766  -56.55272     -0.190    1468.95     28.404     28.166     5.0047     4.9531    -0.0516     5.0026     4.9510    -0.0516   3.262445   3.258103  -0.004342    34.0172    34.0197     7.5191    26.8957    26.9036         23  0.000e+00
      66155 293.489403  -47.10766  -56.55272     -0.188    1468.95     28.460     28.222     5.0054     4.9534    -0.0519     5.0032     4.9513    -0.0519   3.262409   3.258008  -0.004401    34.0161    34.0182     7.5184    26.8948    26.9024         23  0.000e+00
      66156 293.489403  -47.10766  -56.55272     -0.193    1468.95     28.404     28.166     5.0042     4.9525    -0.0517     5.0021     4.9503    -0.0517   3.262336   3.257978  -0.004358    34.0164    34.0189     7.5180    26.8952    26.9031         23  0.000e+00
      66157 293.489404  -47.10766  -56.55272     -0.196    1468.95     28.396     28.158     5.0062     4.9519    -0.0543     5.0041     4.9498    -0.0543   3.262379   3.257954  -0.004425    34.0149    34.0193     7.5169    26.8938    26.9034         23  0.000e+00
      66158 293.489404  -47.10766  -56.55272     -0.195    1468.95     28.404     28.166     5.0075     4.9519    -0.0556     5.0053     4.9498    -0.0556   3.262379   3.257978  -0.004401    34.0136    34.0195     7.5160    26.8926    26.9036         23  0.000e+00
      66159 293.489405  -47.10766  -56.55272     -0.197    1468.95     28.396     28.158     5.0095     4.9512    -0.0583     5.0074     4.9491    -0.0583   3.262367   3.257978  -0.004389    34.0114    34.0202     7.5149    26.8906    26.9042         23  0.000e+00
      66160 293.489405  -47.10766  -56.55272     -0.198    1468.95     28.404     28.166     5.0113     4.9482    -0.0631     5.0092     4.9461    -0.0631   3.262191   3.257847  -0.004344    34.0075    34.0218     7.5138    26.8873    26.9058         23  0.000e+00
      66161 293.489406  -47.10766  -56.55272     -0.197    1468.95     28.396     28.158     5.0088     4.9413    -0.0674     5.0066     4.9392    -0.0674   3.261714   3.257556  -0.004159    34.0046    34.0254     7.5135    26.8853    26.9095         23  0.000e+00
      66162 293.489406  -47.10766  -56.55272     -0.196    1468.95     28.404     28.166     5.0030     4.9385    -0.0645     5.0008     4.9364    -0.0645   3.261044   3.257228  -0.003815    34.0028    34.0245     7.5138    26.8845    26.9091         23  0.000e+00
      66163 293.489407  -47.10766  -56.55272     -0.198    1468.95     28.340     28.102     4.9905     4.9363    -0.0543     4.9884     4.9341    -0.0543   3.260259   3.256990  -0.003268    34.0064    34.0241     7.5150    26.8888    26.9090         23  0.000e+00
      66164 293.489407  -47.10766  -56.55272     -0.195    1468.95     28.404     28.166     4.9795     4.9351    -0.0444     4.9774     4.9330    -0.0444   3.259474   3.256741  -0.002733    34.0086    34.0223     7.5168    26.8918    26.9078         23  0.000e+00
      66165 293.489408  -47.10766  -56.55272     -0.194    1468.95     28.340     28.102     4.9701     4.9391    -0.0310     4.9680     4.9370    -0.0310   3.258797   3.256717  -0.002081    34.0104    34.0180     7.5181    26.8943    26.9039         23  0.000e+00
      66166 293.489408  -47.10766  -56.55272     -0.196    1468.95     28.348     28.110     4.9650     4.9413    -0.0237     4.9629     4.9392    -0.0237   3.258411   3.256978  -0.001433    34.0111    34.0188     7.5186    26.8955    26.9042         23  0.000e+00
      66167 293.489409  -47.10766  -56.55272     -0.191    1468.95     28.396     28.158     4.9610     4.9473    -0.0137     4.9589     4.9452    -0.0137   3.258248   3.257562  -0.000687    34.0133    34.0194     7.5189    26.8977    26.9041         23  0.000e+00
      66168 293.489409  -47.10766  -56.55272     -0.191    1468.95     28.348     28.110     4.9605     4.9709     0.0105     4.9583     4.9688     0.0105   3.258399   3.258674   0.000275    34.0156    34.0081     7.5183    26.8996    26.8924         23  0.000e+00
      66169 293.489410  -47.10766  -56.55272     -0.187    1468.95     28.340     28.102     4.9618     5.0042     0.0425     4.9597     5.0021     0.0425   3.258568   3.260411   0.001843    34.0163    33.9942     7.5175    26.8999    26.8776         23  0.000e+00
      66170 293.489410  -47.10766  -56.55272     -0.186    1468.95     28.348     28.110     4.9631     5.0186     0.0555     4.9610     5.0165     0.0555   3.258628   3.262286   0.003658    34.0156    34.0012     7.5167    26.8993    26.8815         23  0.000e+00
      66171 293.489411  -47.10766  -56.55272     -0.180    1468.95     28.396     28.158     4.9640     5.0243     0.0603     4.9619     5.0222     0.0603   3.258767   3.263418   0.004650    34.0162    34.0084     7.5212    26.8997    26.8866         23  0.000e+00
      66172 293.489411  -47.10766  -56.55272     -0.181    1468.95     28.348     28.110     4.9687     5.0257     0.0571     4.9665     5.0236     0.0570   3.259172   3.263602   0.004430    34.0162    34.0091     7.5150    26.8991    26.8870         23  0.000e+00
      66173 293.489412  -47.10766  -56.55272     -0.177    1468.95     28.340     28.102     4.9737     5.0236     0.0499     4.9716     5.0214     0.0499   3.259377   3.263406   0.004029    34.0135    34.0091     7.5141    26.8963    26.8872         23  0.000e+00
      66174 293.489412  -47.10766  -56.55272     -0.172    1468.95     28.348     28.110     4.9785     5.0191     0.0406     4.9764     5.0169     0.0406   3.259673   3.263072   0.003399    34.0120    34.0098     7.5186    26.8946    26.8883         23  0.000e+00
      66175 293.489413  -47.10766  -56.55272     -0.171    1468.95     28.340     28.102     4.9838     5.0225     0.0387     4.9817     5.0204     0.0387   3.260017   3.262977   0.002960    34.0105    34.0052     7.5182    26.8929    26.8842         23  0.000e+00
      66176 293.489413  -47.10766  -56.55272     -0.164    1468.95     28.348     28.110     4.9853     5.0253     0.0400     4.9831     5.0232     0.0400   3.260204   3.263185   0.002981    34.0112    34.0048     7.5186    26.8932    26.8836         23  0.000e+00
      66177 293.489414  -47.10766  -56.55272     -0.161    1468.95     28.340     28.102     4.9853     5.0210     0.0357     4.9831     5.0188     0.0357   3.260192   3.263388   0.003196    34.0110    34.0115     7.5192    26.8931    26.8894         23  0.000e+00
      66178 293.489414  -47.10766  -56.55272     -0.157    1468.95     28.348     28.110     4.9872     5.0199     0.0327     4.9851     5.0178     0.0327   3.260295   3.263650   0.003355    34.0103    34.0156     7.5142    26.8923    26.8928         23  0.000e+00
      66179 293.489415  -47.10766  -56.55272     -0.148    1468.95     28.396     28.158     4.9966     5.0162     0.0196     4.9945     5.0141     0.0196   3.260953   3.263650   0.002697    34.0082    34.0194     7.5176    26.8895    26.8962         23  0.000e+00
      66180 293.489415  -47.10766  -56.55272     -0.143    1468.95     28.348     28.110     5.0089     5.0094     0.0005     5.0068     5.0072     0.0005   3.261980   3.263281   0.001301    34.0076    34.0221     7.5104    26.8876    26.8991         23  0.000e+00
      66181 293.489416  -47.10766  -56.55272     -0.140    1468.95     28.340     28.102     5.0203     5.0017    -0.0186     5.0181     4.9996    -0.0186   3.262850   3.262828  -0.000021    34.0060    34.0247     7.5081    26.8851    26.9021         23  0.000e+00
      66182 293.489416  -47.10766  -56.55272     -0.133    1468.95     28.348     28.110     5.0303     4.9977    -0.0326     5.0282     4.9956    -0.0326   3.263387   3.262227  -0.001160    34.0020    34.0218     7.5062    26.8808    26.9003         23  0.000e+00
      66183 293.489416  -47.10766  -56.55272     -0.123    1468.95     28.396     28.158     5.0348     4.9960    -0.0388     5.0326     4.9939    -0.0388   3.263569   3.261793  -0.001776    33.9995    34.0186     7.5054    26.8783    26.8979         23  0.000e+00
      66184 293.489417  -47.10766  -56.55272     -0.118    1468.95     28.348     28.110     5.0316     5.0017    -0.0299     5.0295     4.9995    -0.0299   3.263273   3.261864  -0.001409    33.9993    34.0136     7.5059    26.8785    26.8933         23  0.000e+00
      66185 293.489417  -47.10766  -56.55272     -0.113    1468.95     28.340     28.102     5.0192     5.0106    -0.0086     5.0170     5.0085    -0.0086   3.262656   3.262584  -0.000072    34.0049    34.0128     7.5072    26.8844    26.8916         23  0.000e+00
      66186 293.489418  -47.10766  -56.55272     -0.105    1468.95     28.404     28.166     5.0071     5.0183     0.0111     5.0050     5.0161     0.0111   3.261956   3.263388   0.001432    34.0091    34.0142     7.5094    26.8890    26.8919         23  0.000e+00
      66187 293.489418  -47.10766  -56.55272     -0.099    1468.95     28.340     28.102     5.0012     5.0255     0.0243     4.9991     5.0233     0.0243   3.261533   3.263989   0.002456    34.0103    34.0139     7.5103    26.8907    26.8908         23  0.000e+00
      66188 293.489419  -47.10766  -56.55272     -0.096    1468.95     28.348     28.110     4.9988     5.0392     0.0404     4.9967     5.0371     0.0404   3.261491   3.264811   0.003320    34.0122    34.0093     7.5045    26.8925    26.8856         23  0.000e+00
      66189 293.489419  -47.10766  -56.55272     -0.086    1468.95     28.396     28.158     4.9960     5.0521     0.0561     4.9939     5.0499     0.0561   3.261533   3.265656   0.004123    34.0155    34.0059     7.5042    26.8954    26.8814         23  0.000e+00
      66190 293.489420  -47.10766  -56.55272     -0.079    1468.95     28.404     28.166     4.9963     5.0589     0.0626     4.9942     5.0568     0.0626   3.261672   3.266204   0.004532    34.0168    34.0052     7.5032    26.8964    26.8801         23  0.000e+00
      66191 293.489420  -47.10766  -56.55272     -0.071    1468.95     28.396     28.158     4.9972     5.0585     0.0613     4.9950     5.0564     0.0613   3.262022   3.266264   0.004241    34.0200    34.0064     7.5074    26.8989    26.8810         23  0.000e+00
      66192 293.489421  -47.10766  -56.55272     -0.063    1468.95     28.348     28.110     5.0009     5.0518     0.0508     4.9988     5.0496     0.0508   3.262620   3.265912   0.003292    34.0231    34.0092     7.5011    26.9009    26.8841         23  0.000e+00
      66193 293.489421  -47.10766  -56.55272     -0.055    1468.95     28.461     28.222     5.0055     5.0450     0.0395     5.0034     5.0429     0.0395   3.263007   3.265496   0.002489    34.0228    34.0112     7.5049    26.9001    26.8864         23  0.000e+00
      66194 293.489422  -47.10766  -56.55272     -0.046    1468.95     28.404     28.166     5.0089     5.0406     0.0317     5.0068     5.0385     0.0317   3.263237   3.265347   0.002110    34.0221    34.0140     7.4988    26.8991    26.8892         23  0.000e+00
      66195 293.489422  -47.10766  -56.55272     -0.038    1468.95     28.396     28.158     5.0123     5.0401     0.0279     5.0101     5.0380     0.0279   3.263382   3.265353   0.001971    34.0203    34.0146     7.5028    26.8974    26.8897         23  0.000e+00
      66196 293.489423  -47.10766  -56.55272     -0.032    1468.95     28.404     28.166     5.0147     5.0392     0.0245     5.0126     5.0371     0.0245   3.263569   3.265365   0.001796    34.0200    34.0157     7.4971    26.8968    26.8906         23  0.000e+00
      66197 293.489423  -47.10766  -56.55272     -0.027    1468.95     28.396     28.158     5.0184     5.0384     0.0200     5.0163     5.0363     0.0200   3.263750   3.265406   0.001656    34.0183    34.0170     7.4957    26.8951    26.8918         23  0.000e+00
      66198 293.489424  -47.10766  -56.55272     -0.014    1468.95     28.469     28.230     5.0220     5.0378     0.0158     5.0198     5.0356     0.0158   3.263907   3.265394   0.001487    34.0164    34.0175     7.4998    26.8932    26.8922         23  0.000e+00
      66199 293.489424  -47.10766  -56.55272     -0.004    1468.95     28.461     28.222     5.0238     5.0387     0.0149     5.0216     5.0366     0.0149   3.263992   3.265394   0.001403    34.0156    34.0165     7.4995    26.8923    26.8913         23  0.000e+00
      66200 293.489425  -47.10766  -56.55272      0.002    1468.95     28.404     28.166     5.0235     5.0411     0.0176     5.0214     5.0389     0.0176   3.263961   3.265436   0.001475    34.0155    34.0146     7.4995    26.8923    26.8895         23  0.000e+00
      66201 293.489425  -47.10766  -56.55272      0.011    1468.95     28.517     28.278     5.0227     5.0419     0.0192     5.0206     5.0397     0.0192   3.263859   3.265555   0.001697    34.0151    34.0151     7.4946    26.8920    26.8898         23  0.000e+00
      66202 293.489426  -47.10766  -56.55272      0.017    1468.95     28.404     28.166     5.0228     5.0435     0.0206     5.0207     5.0413     0.0206   3.263937   3.265668   0.001731    34.0159    34.0148     7.4991    26.8927    26.8895         23  0.000e+00
      66203 293.489426  -47.10766  -56.55272      0.023    1468.95     28.461     28.222     5.0253     5.0465     0.0212     5.0231     5.0443     0.0212   3.264106   3.265799   0.001693    34.0153    34.0132     7.4987    26.8919    26.8879         23  0.000e+00
