Pos-Processados/process_op42/operantar42_024.cnv
* Sea-Bird SBE 9 Data File:
* FileName = C:\Users\Hidrografia\Desktop\OPXLII\Brutos\OP42024.hdr
* Software Version Seasave V 7.26.7.107
* Temperature SN = 6502
* Conductivity SN = 4998
* Number of Bytes Per Scan = 37
* Number of Voltage Words = 4
* Number of Scans Averaged by the Deck Unit = 1
* NMEA Latitude = 62 12.92 S
* NMEA Longitude = 058 19.80 W
* NMEA UTC (Time) = Nov 08 2023 11:02:46
* NMEA baud rate = 4800
** H41
** NPOALTEMAXIMIANO
** NUMERO DA ESTACAO (XXX) 024
** LAT (XX XX.XX S/N) 62 12.60 S
** LONG (XXX XX.XX W/E) 058 20.03 W
** DATAHORA (dd/mm/aaaa hh:mm Z) 08/11/2023 1056Z
** PROFUNDIDADE (m) 482
** OPERADOR CT FILIPE LOPES
# nquan = 30
# nvalues = 829                         
# units = specified
# name 0 = scan: Scan Count
# name 1 = timeJ: Julian Days
# name 2 = latitude: Latitude [deg]
# name 3 = longitude: Longitude [deg]
# name 4 = dz/dtM: Descent Rate [m/s]
# name 5 = avgsvCM: Average Sound Velocity [Chen-Millero, m/s]
# name 6 = prDM: Pressure, Digiquartz [db]
# name 7 = depSM: Depth [salt water, m]
# name 8 = t090C: Temperature [ITS-90, deg C]
# name 9 = t190C: Temperature, 2 [ITS-90, deg C]
# name 10 = T2-T190C: Temperature Difference, 2 - 1 [ITS-90, deg C]
# name 11 = potemp090C: Potential Temperature [ITS-90, deg C]
# name 12 = potemp190C: Potential Temperature, 2 [ITS-90, deg C]
# name 13 = potemp90Cdiff: Potential Temperature, Diff, 2 - 1 [ITS-90, deg C]
# name 14 = c0S/m: Conductivity [S/m]
# name 15 = c1S/m: Conductivity, 2 [S/m]
# name 16 = C2-C1S/m: Conductivity Difference, 2 - 1 [S/m]
# name 17 = sal00: Salinity, Practical [PSU]
# name 18 = sal11: Salinity, Practical, 2 [PSU]
# name 19 = sbeox0ML/L: Oxygen, SBE 43 [ml/l]
# name 20 = sigma-é00: Density [sigma-theta, kg/m^3]
# name 21 = sigma-é11: Density, 2 [sigma-theta, kg/m^3]
# name 22 = sal00: Salinity, Practical [PSU]
# name 23 = sigma-é00: Density [sigma-theta, kg/m^3]
# name 24 = svCM: Sound Velocity [Chen-Millero, m/s]
# name 25 = svCM1: Sound Velocity, 2 [Chen-Millero, m/s]
# name 26 = gsw_ptA0: potential temperature [ITS-90, deg C]
# name 27 = gsw_densityA0: density, TEOS-10 [density, kg/m^3]
# name 28 = gsw_saA0: Absolute Salinity [g/kg]
# name 29 = flag:
# span 0 =       2086,      32356       
# span 1 = 312.461260, 312.475858       
# span 2 =  -62.21503,  -62.21082       
# span 3 =  -58.32933,  -58.31820       
# span 4 =     -1.476,      1.227       
# span 5 =       0.00,    1482.81       
# span 6 =      3.000,    417.000       
# span 7 =      2.972,    412.566       
# span 8 =    -0.8445,    -0.3843       
# span 9 =    -0.8436,    -0.3826       
# span 10 =    -0.0097,     0.0142      
# span 11 =    -0.8533,    -0.3989      
# span 12 =    -0.8524,    -0.3973      
# span 13 =    -0.0097,     0.0141      
# span 14 =   2.793522,   2.848573      
# span 15 =   2.793642,   2.848675      
# span 16 =  -0.001018,   0.001392      
# span 17 =    34.2948,    34.4490      
# span 18 =    34.2939,    34.4473      
# span 19 =     6.2954,     7.5474      
# span 20 =    27.5649,    27.6813      
# span 21 =    27.5642,    27.6802      
# span 22 =    34.2951,    34.4494      
# span 23 =    27.5652,    27.6816      
# span 24 =    1445.47,    1453.40      
# span 25 =    1445.47,    1453.41      
# span 26 =    -0.8531,    -0.3987      
# span 27 =  1027.5841,  1029.6705      
# span 28 =    34.4572,    34.6180      
# span 29 = 0.0000e+00, 0.0000e+00      
# interval = decibars: 1                
# start_time = Nov 08 2023 11:02:46 [NMEA time, header]
# bad_flag = -9.990e-29
*END*
[from data line 629]
      24561 312.472099  -62.21186  -58.32096     -0.466    1448.57    202.000    199.963    -0.7066    -0.7082    -0.0016    -0.7128    -0.7143    -0.0016   2.801093   2.800860  -0.000245    34.3048    34.3033     7.4172    27.5785    27.5773    34.3057    27.5792    1448.21    1448.20    -0.7126  1028.5506    34.4730 0.0000e+00
      24583 312.472109  -62.21186  -58.32096     -0.844    1448.57    201.000    198.973    -0.6912    -0.6907     0.0006    -0.6974    -0.6968     0.0006   2.802349   2.802223  -0.000134    34.3038    34.3014     7.4038    27.5770    27.5750    34.3059    27.5787    1448.27    1448.27    -0.6972  1028.5422    34.4694 0.0000e+00
      24604 312.472119 -9.990e-29  -58.32096     -1.100    1448.57    200.000    197.984    -0.6868    -0.6855     0.0013    -0.6929    -0.6916     0.0013   2.802538   2.802528  -0.000024    34.3032    34.3013     7.3975    27.5763    27.5748    34.3040    27.5770    1448.27    1448.28    -0.6927  1028.5343    34.4658 0.0000e+00
      24633 312.472134 -9.990e-29  -58.32095     -0.956    1448.57    199.000    197.000    -0.6872    -0.6874    -0.0001    -0.6933    -0.6934    -0.0001   2.802429   2.802360  -0.000063    34.3029    34.3022     7.4178    27.5761    27.5755    34.3036    27.5767    1448.25    1448.25    -0.6931  1028.5293    34.4654 0.0000e+00
      24702 312.472167 -9.990e-29  -58.32093     -0.238    1448.57    198.000    196.001    -0.6853    -0.6857    -0.0005    -0.6913    -0.6917    -0.0005   2.802603   2.802446  -0.000150    34.3036    34.3021     7.4172    27.5766    27.5754    34.3043    27.5772    1448.25    1448.24    -0.6912  1028.5259    34.4673 0.0000e+00
      24739 312.472185 -9.990e-29 -9.990e-29     -0.598    1448.57    197.000    195.016    -0.6782    -0.6804    -0.0022    -0.6843    -0.6864    -0.0022   2.803052   2.802807  -0.000251    34.3020    34.3011     7.4194    27.5749    27.5743    34.3031    27.5759    1448.26    1448.25    -0.6841  1028.5200    34.4663 0.0000e+00
      24761 312.472195 -9.990e-29 -9.990e-29     -0.952    1448.57    196.000    194.026    -0.6743    -0.6738     0.0004    -0.6803    -0.6798     0.0004   2.803282   2.803194  -0.000099    34.3016    34.2998     7.4157    27.5745    27.5730    34.3023    27.5751    1448.26    1448.26    -0.6801  1028.5144    34.4655 0.0000e+00
      24785 312.472207  -62.21182  -58.32090     -1.036    1448.57    195.000    193.037    -0.6745    -0.6743     0.0002    -0.6804    -0.6802     0.0002   2.803193   2.803125  -0.000050    34.3013    34.3004     7.4305    27.5743    27.5735    34.3019    27.5748    1448.24    1448.24    -0.6803  1028.5117    34.4680 0.0000e+00
      24817 312.472222  -62.21182  -58.32089     -0.823    1448.57    194.000    192.047    -0.6748    -0.6763    -0.0015    -0.6807    -0.6822    -0.0015   2.803126   2.802964  -0.000171    34.3015    34.3009     7.4232    27.5745    27.5740    34.3020    27.5748    1448.23    1448.22    -0.6806  1028.5078    34.4691 0.0000e+00
      24859 312.472243  -62.21182  -58.32086     -0.583    1448.57    193.000    191.058    -0.6694    -0.6729    -0.0035    -0.6753    -0.6788    -0.0035   2.803505   2.803142  -0.000346    34.3007    34.3000     7.4434    27.5736    27.5731    34.3016    27.5743    1448.23    1448.22    -0.6752  1028.5026    34.4689 0.0000e+00
      24904 312.472264  -62.21181 -9.990e-29     -0.536    1448.57    192.000    190.068    -0.6623    -0.6642    -0.0019    -0.6682    -0.6701    -0.0019   2.803927   2.803712  -0.000225    34.2992    34.2983     7.4374    27.5720    27.5714    34.2999    27.5726    1448.25    1448.24    -0.6680  1028.4978    34.4693 0.0000e+00
      24940 312.472281  -62.21180 -9.990e-29     -0.638    1448.57    191.000    189.079    -0.6591    -0.6593    -0.0002    -0.6650    -0.6651    -0.0002   2.804134   2.804019  -0.000123    34.2990    34.2975     7.4523    27.5717    27.5706    34.2997    27.5723    1448.25    1448.25    -0.6648  1028.4927    34.4690 0.0000e+00
      24970 312.472296  -62.21180  -58.32082     -0.765    1448.57    190.000    188.090    -0.6553    -0.6560    -0.0007    -0.6611    -0.6618    -0.0007   2.804375   2.804240  -0.000132    34.2984    34.2974     7.4586    27.5711    27.5703    34.2993    27.5718    1448.25    1448.24    -0.6610  1028.4869    34.4681 0.0000e+00
      25001 312.472311  -62.21180  -58.32082     -0.760    1448.57    189.000    187.100    -0.6526    -0.6539    -0.0013    -0.6584    -0.6597    -0.0013   2.804581   2.804371  -0.000210    34.2989    34.2975     7.4695    27.5713    27.5703    34.2996    27.5719    1448.25    1448.24    -0.6583  1028.4809    34.4667 0.0000e+00
      25029 312.472324  -62.21180  -58.32081     -0.853    1448.57    188.000    186.110    -0.6523    -0.6521     0.0002    -0.6581    -0.6579     0.0002   2.804526   2.804467  -0.000070    34.2987    34.2975     7.4762    27.5712    27.5702    34.2992    27.5716    1448.23    1448.23    -0.6579  1028.4758    34.4663 0.0000e+00
      25065 312.472342  -62.21178  -58.32080     -0.730    1448.57    187.000    185.125    -0.6522    -0.6525    -0.0003    -0.6579    -0.6582    -0.0003   2.804506   2.804393  -0.000111    34.2988    34.2977     7.4723    27.5713    27.5704    34.2993    27.5717    1448.22    1448.21    -0.6578  1028.4715    34.4669 0.0000e+00
      25127 312.472372  -62.21178 -9.990e-29     -0.287    1448.57    186.000    184.128    -0.6537    -0.6517     0.0019    -0.6593    -0.6574     0.0019   2.804332   2.804399   0.000057    34.2990    34.2976     7.4786    27.5715    27.5703    34.2992    27.5717    1448.19    1448.20    -0.6592  1028.4683    34.4687 0.0000e+00
      25154 312.472385  -62.21178 -9.990e-29     -0.662    1448.57    185.000    183.142    -0.6524    -0.6516     0.0008    -0.6581    -0.6573     0.0008   2.804386   2.804345  -0.000030    34.2989    34.2976     7.4671    27.5714    27.5703    34.2992    27.5716    1448.18    1448.18    -0.6579  1028.4632    34.4684 0.0000e+00
      25172 312.472393  -62.21177  -58.32076     -1.060    1448.57    184.000    182.152    -0.6520    -0.6515     0.0004    -0.6576    -0.6572     0.0004   2.804398   2.804302  -0.000100    34.2992    34.2975     7.4727    27.5716    27.5701    34.2995    27.5718    1448.17    1448.17    -0.6575  1028.4586    34.4686 0.0000e+00
      25189 312.472402  -62.21176  -58.32076     -1.316    1448.57    183.000    181.163    -0.6515    -0.6509     0.0006    -0.6571    -0.6565     0.0006   2.804363   2.804300  -0.000067    34.2989    34.2973     7.4744    27.5713    27.5700    34.2991    27.5715    1448.15    1448.15    -0.6570  1028.4519    34.4662 0.0000e+00
      25211 312.472412  -62.21176  -58.32074     -1.289    1448.57    182.000    180.177    -0.6506    -0.6512    -0.0006    -0.6561    -0.6568    -0.0006   2.804376   2.804249  -0.000117    34.2985    34.2976     7.4655    27.5710    27.5703    34.2989    27.5713    1448.14    1448.14    -0.6560  1028.4468    34.4660 0.0000e+00
      25270 312.472440  -62.21176  -58.32069     -0.383    1448.57    181.000    179.179    -0.6460    -0.6480    -0.0019    -0.6515    -0.6535    -0.0019   2.804689   2.804465  -0.000217    34.2981    34.2973     7.4712    27.5704    27.5699    34.2985    27.5707    1448.15    1448.14    -0.6514  1028.4415    34.4656 0.0000e+00
      25317 312.472463  -62.21176  -58.32069     -0.535    1448.57    180.000    178.194    -0.6374    -0.6402    -0.0028    -0.6429    -0.6457    -0.0028   2.805502   2.805089  -0.000418    34.2985    34.2960     7.4712    27.5704    27.5685    34.3003    27.5718    1448.17    1448.16    -0.6428  1028.4378    34.4674 0.0000e+00
      25338 312.472474  -62.21175  -58.32070     -0.909    1448.57    179.000    177.205    -0.6212    -0.6213    -0.0001    -0.6267    -0.6268    -0.0001   2.806638   2.806476  -0.000182    34.2963    34.2940     7.4713    27.5679    27.5661    34.2979    27.5692    1448.23    1448.22    -0.6266  1028.4303    34.4649 0.0000e+00
      25358 312.472483  -62.21174  -58.32070     -1.128    1448.57    178.000    176.215    -0.6185    -0.6160     0.0025    -0.6240    -0.6215     0.0025   2.806707   2.806831   0.000102    34.2955    34.2940     7.4800    27.5671    27.5659    34.2964    27.5678    1448.22    1448.23    -0.6239  1028.4241    34.4634 0.0000e+00
      25378 312.472493  -62.21174  -58.32068     -1.221    1448.57    177.000    175.226    -0.6186    -0.6161     0.0025    -0.6241    -0.6216     0.0025   2.806670   2.806777   0.000109    34.2958    34.2945     7.4784    27.5674    27.5662    34.2967    27.5681    1448.21    1448.22    -0.6239  1028.4196    34.4637 0.0000e+00
      25412 312.472509  -62.21174  -58.32065     -0.869    1448.57    176.000    174.241    -0.6175    -0.6183    -0.0008    -0.6229    -0.6238    -0.0008   2.806742   2.806584  -0.000144    34.2961    34.2951     7.4853    27.5675    27.5668    34.2970    27.5683    1448.20    1448.19    -0.6228  1028.4150    34.4640 0.0000e+00
      25482 312.472543  -62.21174  -58.32063     -0.168    1448.57    175.000    173.242    -0.6103    -0.6114    -0.0011    -0.6157    -0.6168    -0.0011   2.807267   2.807066  -0.000211    34.2959    34.2943     7.4868    27.5671    27.5659    34.2965    27.5676    1448.21    1448.21    -0.6156  1028.4078    34.4614 0.0000e+00
      25505 312.472554 -9.990e-29  -58.32063     -0.699    1448.57    174.000    172.257    -0.6125    -0.6121     0.0004    -0.6179    -0.6175     0.0004   2.807032   2.806974  -0.000073    34.2960    34.2947     7.4952    27.5673    27.5662    34.2965    27.5677    1448.18    1448.19    -0.6177  1028.4006    34.4582 0.0000e+00
      25525 312.472564 -9.990e-29  -58.32062     -1.068    1448.57    173.000    171.268    -0.6131    -0.6122     0.0009    -0.6184    -0.6175     0.0009   2.806947   2.806916  -0.000037    34.2961    34.2947     7.4921    27.5674    27.5662    34.2965    27.5678    1448.17    1448.17    -0.6183  1028.3959    34.4583 0.0000e+00
      25550 312.472576 -9.990e-29  -58.32061     -1.095    1448.57    172.000    170.282    -0.6131    -0.6125     0.0006    -0.6184    -0.6178     0.0006   2.806913   2.806863  -0.000049    34.2964    34.2950     7.4853    27.5676    27.5665    34.2967    27.5679    1448.15    1448.15    -0.6183  1028.3913    34.4585 0.0000e+00
      25597 312.472598  -62.21172  -58.32058     -0.524    1448.57    171.000    169.284    -0.6126    -0.6121     0.0005    -0.6178    -0.6174     0.0005   2.806893   2.806851  -0.000048    34.2962    34.2950     7.4931    27.5675    27.5665    34.2965    27.5677    1448.14    1448.14    -0.6177  1028.3897    34.4625 0.0000e+00
      25640 312.472619  -62.21172  -58.32056     -0.552    1448.57    170.000    168.299    -0.6128    -0.6115     0.0013    -0.6180    -0.6168     0.0013   2.806836   2.806832  -0.000006    34.2964    34.2949     7.4857    27.5676    27.5664    34.2966    27.5678    1448.12    1448.12    -0.6179  1028.3859    34.4636 0.0000e+00
      25688 312.472642  -62.21170  -58.32055     -0.513    1448.57    169.000    167.309    -0.6127    -0.6121     0.0006    -0.6179    -0.6173     0.0006   2.806820   2.806751  -0.000061    34.2966    34.2951     7.4981    27.5678    27.5665    34.2969    27.5680    1448.10    1448.10    -0.6178  1028.3813    34.4639 0.0000e+00
      25733 312.472664  -62.21170  -58.32054     -0.517    1448.57    168.000    166.320    -0.6077    -0.6096    -0.0019    -0.6129    -0.6147    -0.0019   2.807156   2.806905  -0.000242    34.2959    34.2948     7.4854    27.5670    27.5662    34.2964    27.5674    1448.11    1448.10    -0.6128  1028.3759    34.4634 0.0000e+00
      25767 312.472681  -62.21170  -58.32053     -0.689    1448.57    167.000    165.330    -0.6055    -0.6060    -0.0005    -0.6106    -0.6111    -0.0005   2.807288   2.807150  -0.000153    34.2959    34.2944     7.5002    27.5669    27.5657    34.2962    27.5672    1448.11    1448.10    -0.6105  1028.3709    34.4632 0.0000e+00
      25821 312.472706  -62.21168  -58.32051     -0.446    1448.57    166.000    164.345    -0.6041    -0.6048    -0.0007    -0.6092    -0.6100    -0.0007   2.807344   2.807191  -0.000148    34.2957    34.2945     7.4994    27.5667    27.5658    34.2960    27.5669    1448.09    1448.09    -0.6091  1028.3659    34.4630 0.0000e+00
      25896 312.472742  -62.21168  -58.32048     -0.321    1448.57    165.000    163.344    -0.6025    -0.6022     0.0003    -0.6076    -0.6073     0.0003   2.807422   2.807355  -0.000070    34.2957    34.2944     7.4972    27.5666    27.5655    34.2959    27.5668    1448.08    1448.08    -0.6075  1028.3610    34.4629 0.0000e+00
      25933 312.472761  -62.21168  -58.32046     -0.603    1448.57    164.000    162.364    -0.6021    -0.6016     0.0005    -0.6071    -0.6066     0.0005   2.807408   2.807360  -0.000051    34.2956    34.2945     7.5083    27.5665    27.5656    34.2958    27.5667    1448.07    1448.07    -0.6070  1028.3561    34.4628 0.0000e+00
      25982 312.472784  -62.21167  -58.32044     -0.502    1448.57    163.000    161.376    -0.6019    -0.6014     0.0005    -0.6069    -0.6065     0.0005   2.807381   2.807328  -0.000055    34.2958    34.2945     7.5019    27.5666    27.5656    34.2959    27.5668    1448.05    1448.06    -0.6068  1028.3514    34.4629 0.0000e+00
      26053 312.472818  -62.21166  -58.32042     -0.269    1448.57    162.000    160.374    -0.6017    -0.6008     0.0009    -0.6067    -0.6058     0.0009   2.807355   2.807324  -0.000034    34.2959    34.2944     7.5119    27.5667    27.5655    34.2959    27.5667    1448.04    1448.04    -0.6066  1028.3466    34.4629 0.0000e+00
      26074 312.472828  -62.21166  -58.32042     -0.772    1448.57    161.000    159.392    -0.6017    -0.6008     0.0009    -0.6066    -0.6057     0.0009   2.807286   2.807271  -0.000019    34.2956    34.2943     7.5020    27.5665    27.5654    34.2956    27.5665    1448.02    1448.03    -0.6065  1028.3406    34.4614 0.0000e+00
      26096 312.472839 -9.990e-29  -58.32040     -1.055    1448.57    160.000    158.403    -0.6019    -0.6011     0.0008    -0.6068    -0.6060     0.0008   2.807233   2.807214  -0.000022    34.2958    34.2946     7.5027    27.5666    27.5656    34.2958    27.5666    1448.01    1448.01    -0.6067  1028.3328    34.4576 0.0000e+00
      26142 312.472861  -62.21164  -58.32038     -0.600    1448.57    159.000    157.413    -0.6019    -0.6011     0.0008    -0.6068    -0.6060     0.0008   2.807209   2.807178  -0.000030    34.2960    34.2947     7.5052    27.5668    27.5657    34.2960    27.5668    1447.99    1447.99    -0.6067  1028.3283    34.4580 0.0000e+00
      26200 312.472889  -62.21164  -58.32036     -0.385    1448.57    158.000    156.422    -0.6019    -0.6009     0.0010    -0.6067    -0.6058     0.0010   2.807148   2.807130  -0.000016    34.2958    34.2945     7.4957    27.5666    27.5655    34.2958    27.5666    1447.97    1447.98    -0.6066  1028.3276    34.4631 0.0000e+00
      26220 312.472899  -62.21164  -58.32036     -0.849    1448.57    157.000    155.434    -0.6023    -0.6015     0.0009    -0.6071    -0.6063     0.0009   2.807070   2.807051  -0.000028    34.2960    34.2946     7.5049    27.5668    27.5657    34.2959    27.5667    1447.96    1447.96    -0.6070  1028.3227    34.4629 0.0000e+00
      26239 312.472908  -62.21162  -58.32036     -1.150    1448.57    156.000    154.444    -0.6023    -0.6013     0.0010    -0.6071    -0.6061     0.0010   2.807023   2.807012  -0.000008    34.2959    34.2946     7.5013    27.5667    27.5656    34.2958    27.5667    1447.94    1447.94    -0.6070  1028.3179    34.4628 0.0000e+00
