Pos-Processados/process_op42/operantar42_022.cnv
* Sea-Bird SBE 9 Data File:
* FileName = C:\Users\Hidrografia\Desktop\OPXLII\Brutos\OP42022.hdr
* Software Version Seasave V 7.26.7.107
* Temperature SN = 6502
* Conductivity SN = 4998
* Number of Bytes Per Scan = 37
* Number of Voltage Words = 4
* Number of Scans Averaged by the Deck Unit = 1
* NMEA Latitude = 62 18.70 S
* NMEA Longitude = 058 31.66 W
* NMEA UTC (Time) = Nov 07 2023 22:53:42
* NMEA baud rate = 4800
** H41
** NPOALTEMAXIMIANO
** NUMERO DA ESTACAO (XXX) 022
** LAT (XX XX.XX S/N) 62 18.60 S
** LONG (XXX XX.XX W/E) 058 32.03 W
** DATAHORA (dd/mm/aaaa hh:mm Z) 07/11/2023 2251Z
** PROFUNDIDADE (m) 434
** OPERADOR 1T ZAMITH
# nquan = 30
# nvalues = 850                         
# units = specified
# name 0 = scan: Scan Count
# name 1 = timeJ: Julian Days
# name 2 = latitude: Latitude [deg]
# name 3 = longitude: Longitude [deg]
# name 4 = dz/dtM: Descent Rate [m/s]
# name 5 = avgsvCM: Average Sound Velocity [Chen-Millero, m/s]
# name 6 = prDM: Pressure, Digiquartz [db]
# name 7 = depSM: Depth [salt water, m]
# name 8 = t090C: Temperature [ITS-90, deg C]
# name 9 = t190C: Temperature, 2 [ITS-90, deg C]
# name 10 = T2-T190C: Temperature Difference, 2 - 1 [ITS-90, deg C]
# name 11 = potemp090C: Potential Temperature [ITS-90, deg C]
# name 12 = potemp190C: Potential Temperature, 2 [ITS-90, deg C]
# name 13 = potemp90Cdiff: Potential Temperature, Diff, 2 - 1 [ITS-90, deg C]
# name 14 = c0S/m: Conductivity [S/m]
# name 15 = c1S/m: Conductivity, 2 [S/m]
# name 16 = C2-C1S/m: Conductivity Difference, 2 - 1 [S/m]
# name 17 = sal00: Salinity, Practical [PSU]
# name 18 = sal11: Salinity, Practical, 2 [PSU]
# name 19 = sbeox0ML/L: Oxygen, SBE 43 [ml/l]
# name 20 = sigma-é00: Density [sigma-theta, kg/m^3]
# name 21 = sigma-é11: Density, 2 [sigma-theta, kg/m^3]
# name 22 = sal00: Salinity, Practical [PSU]
# name 23 = sigma-é00: Density [sigma-theta, kg/m^3]
# name 24 = svCM: Sound Velocity [Chen-Millero, m/s]
# name 25 = svCM1: Sound Velocity, 2 [Chen-Millero, m/s]
# name 26 = gsw_ptA0: potential temperature [ITS-90, deg C]
# name 27 = gsw_densityA0: density, TEOS-10 [density, kg/m^3]
# name 28 = gsw_saA0: Absolute Salinity [g/kg]
# name 29 = flag:
# span 0 =       2376,      35162       
# span 1 = 311.955104, 311.970915       
# span 2 =  -62.31458,  -62.31195       
# span 3 =  -58.52627,  -58.50270       
# span 4 =     -1.249,      1.117       
# span 5 =       0.00,    1450.34       
# span 6 =      4.000,    429.000       
# span 7 =      4.058,    424.435       
# span 8 =    -0.8557,     0.1717       
# span 9 =    -0.8555,     0.1718       
# span 10 =    -0.1579,     0.0373      
# span 11 =    -0.8593,     0.1563      
# span 12 =    -0.8591,     0.1564      
# span 13 =    -0.1573,     0.0373      
# span 14 =   2.785416,   2.898706      
# span 15 =   2.785382,   2.898503      
# span 16 =  -0.013119,   0.003322      
# span 17 =    34.2849,    34.5123      
# span 18 =    34.2837,    34.5107      
# span 19 =     5.6385,     7.6719      
# span 20 =    27.5585,    27.7265      
# span 21 =    27.5578,    27.7280      
# span 22 =    34.2848,    34.5097      
# span 23 =    27.5588,    27.7262      
# span 24 =    1445.11,    1455.60      
# span 25 =    1445.11,    1455.59      
# span 26 =    -0.8592,     0.1564      
# span 27 =  1027.5842,  1029.7761      
# span 28 =    34.4469,    34.6784      
# span 29 = 0.0000e+00, 0.0000e+00      
# interval = decibars: 1                
# start_time = Nov 07 2023 22:53:42 [NMEA time, header]
# bad_flag = -9.990e-29
*END*
[from data line 387]
      14924 311.961155  -62.31318  -58.51771      0.849    1449.54    391.000    386.878     0.0365     0.0385     0.0019     0.0214     0.0233     0.0019   2.887370   2.887501   0.000131    34.5060    34.5056     5.7304    27.7064    27.7059    34.5052    27.7057    1455.02    1455.02     0.0215  1029.5653    34.6720 0.0000e+00
      14956 311.961170  -62.31318  -58.51769      0.795    1449.54    392.000    387.866     0.0362     0.0381     0.0018     0.0211     0.0229     0.0018   2.887374   2.887493   0.000115    34.5063    34.5057     5.7285    27.7066    27.7060    34.5050    27.7056    1455.03    1455.04     0.0212  1029.5714    34.6738 0.0000e+00
      14991 311.961187  -62.31318  -58.51767      0.677    1449.54    393.000    388.855     0.0177     0.0213     0.0037     0.0025     0.0062     0.0037   2.885895   2.886000   0.000124    34.5084    34.5059     5.7293    27.7092    27.7070    34.5058    27.7071    1454.96    1454.98     0.0027  1029.5780    34.6746 0.0000e+00
      15018 311.961200  -62.31318  -58.51765      0.811    1449.54    394.000    389.843    -0.0105    -0.0043     0.0062    -0.0257    -0.0194     0.0062   2.883384   2.883718   0.000317    34.5097    34.5069     5.7279    27.7118    27.7092    34.5037    27.7069    1454.85    1454.87    -0.0255  1029.5829    34.6725 0.0000e+00
      15042 311.961212  -62.31318  -58.51763      0.949    1449.54    395.000    390.832    -0.0434    -0.0397     0.0036    -0.0585    -0.0548     0.0036   2.880600   2.880925   0.000228    34.5076    34.5065     5.7267    27.7118    27.7107    34.5032    27.7082    1454.71    1454.73    -0.0583  1029.5893    34.6720 0.0000e+00
      15082 311.961231  -62.31319  -58.51760      0.683    1450.04    396.000    391.820    -0.0760    -0.0656     0.0104    -0.0910    -0.0806     0.0104   2.877789   2.878993   0.001198    34.5065    34.5107     5.7477    27.7126    27.7154    34.5020    27.7089    1454.57    1454.63    -0.0908  1029.5952    34.6708 0.0000e+00
      15134 311.961256  -62.31320  -58.51754      0.434    1450.14    397.000    392.806    -0.0976    -0.0972     0.0004    -0.1125    -0.1121     0.0004   2.875952   2.875924   0.000009    34.5048    34.5044     5.7878    27.7123    27.7120    34.5013    27.7095    1454.49    1454.49    -0.1124  1029.6007    34.6701 0.0000e+00
      15471 311.961419  -62.31322  -58.51731      0.249    1450.14    398.000    393.796    -0.0878    -0.0818     0.0060    -0.1029    -0.0969     0.0060   2.876813   2.877292   0.000466    34.5028    34.5022     5.8226    27.7102    27.7094    34.5012    27.7089    1454.55    1454.58    -0.1027  1029.6048    34.6700 0.0000e+00
      16048 311.961697  -62.31326  -58.51689      0.275    1450.14    399.000    394.786    -0.0648    -0.0646     0.0002    -0.0799    -0.0797     0.0002   2.878843   2.878937   0.000076    34.5022    34.5030     5.8031    27.7086    27.7092    34.5015    27.7080    1454.67    1454.68    -0.0797  1029.6083    34.6703 0.0000e+00
      16156 311.961749  -62.31326  -58.51680      0.193    1450.14    400.000    395.775    -0.0819    -0.0780     0.0039    -0.0971    -0.0932     0.0039   2.877421   2.877687   0.000305    34.5013    34.5009     5.8128    27.7087    27.7082    34.5015    27.7088    1454.61    1454.63    -0.0969  1029.6101    34.6654 0.0000e+00
      16260 311.961799  -62.31328  -58.51673      0.224    1450.14    401.000    396.762    -0.0729    -0.0708     0.0021    -0.0881    -0.0860     0.0021   2.878190   2.878347   0.000142    34.5014    34.5009     5.8100    27.7083    27.7078    34.5009    27.7079    1454.67    1454.68    -0.0879  1029.6170    34.6687 0.0000e+00
      16348 311.961842  -62.31328  -58.51668      0.320    1450.14    402.000    397.749    -0.0806    -0.0779     0.0027    -0.0958    -0.0931     0.0027   2.877608   2.877808   0.000201    34.5017    34.5013     5.8026    27.7089    27.7085    34.5012    27.7086    1454.65    1454.66    -0.0956  1029.6188    34.6645 0.0000e+00
      16442 311.961887  -62.31330  -58.51660      0.225    1450.14    403.000    398.739    -0.1159    -0.0941     0.0219    -0.1311    -0.1093     0.0218   2.874619   2.876401   0.001660    34.5038    34.5012     5.8163    27.7124    27.7092    34.5007    27.7100    1454.50    1454.60    -0.1308  1029.6283    34.6677 0.0000e+00
      16528 311.961929  -62.31330  -58.51653      0.328    1450.14    404.000    399.731    -0.2089    -0.1761     0.0328    -0.2237    -0.1911     0.0327   2.866959   2.869396   0.002418    34.5078    34.5030     5.8354    27.7203    27.7148    34.5032    27.7166    1454.09    1454.24    -0.2235  1029.6423    34.6720 0.0000e+00
      16596 311.961961  -62.31330  -58.51650      0.347    1450.14    405.000    400.715    -0.2578    -0.2232     0.0346    -0.2725    -0.2380     0.0345   2.862361   2.865532   0.003154    34.5009    34.5038     5.8971    27.7171    27.7178    34.4966    27.7136    1453.87    1454.04    -0.2723  1029.6437    34.6641 0.0000e+00
      16677 311.962000 -9.990e-29  -58.51645      0.294    1450.14    406.000    401.708    -0.2617    -0.2546     0.0071    -0.2765    -0.2694     0.0071   2.861911   2.862485   0.000705    34.4970    34.4984     5.9527    27.7142    27.7149    34.4944    27.7120    1453.87    1453.90    -0.2762  1029.6429    34.6568 0.0000e+00
      16770 311.962045  -62.31332  -58.51637      0.241    1450.14    407.000    402.692    -0.2685    -0.2661     0.0024    -0.2833    -0.2809     0.0024   2.861331   2.861571   0.000278    34.4952    34.4962     5.9620    27.7130    27.7137    34.4937    27.7118    1453.85    1453.86    -0.2831  1029.6517    34.6614 0.0000e+00
      16847 311.962082  -62.31332  -58.51632      0.386    1450.14    408.000    403.681    -0.2681    -0.2670     0.0012    -0.2830    -0.2818     0.0012   2.861507   2.861514   0.000034    34.4959    34.4950     5.9612    27.7136    27.7128    34.4951    27.7129    1453.87    1453.88    -0.2827  1029.6583    34.6638 0.0000e+00
      16929 311.962122  -62.31334  -58.51626      0.267    1450.14    409.000    404.670    -0.2750    -0.2688     0.0061    -0.2898    -0.2837     0.0061   2.860952   2.861433   0.000488    34.4956    34.4952     5.9622    27.7137    27.7131    34.4948    27.7130    1453.86    1453.89    -0.2896  1029.6633    34.6635 0.0000e+00
      17015 311.962163  -62.31334  -58.51620      0.307    1450.14    410.000    405.655    -0.2707    -0.2715    -0.0008    -0.2856    -0.2864    -0.0007   2.861374   2.861219  -0.000133    34.4951    34.4942     5.9575    27.7131    27.7124    34.4950    27.7130    1453.89    1453.89    -0.2854  1029.6679    34.6638 0.0000e+00
      17118 311.962213  -62.31335  -58.51612      0.236    1450.14    411.000    406.649    -0.2645    -0.2631     0.0014    -0.2795    -0.2780     0.0014   2.861960   2.861999   0.000042    34.4952    34.4941     5.9542    27.7129    27.7119    34.4952    27.7128    1453.94    1453.94    -0.2792  1029.6725    34.6640 0.0000e+00
      17205 311.962255  -62.31336  -58.51605      0.278    1450.14    412.000    407.638    -0.2724    -0.2680     0.0044    -0.2874    -0.2830     0.0044   2.861331   2.861594   0.000260    34.4959    34.4944     5.9548    27.7138    27.7124    34.4951    27.7132    1453.92    1453.94    -0.2871  1029.6776    34.6639 0.0000e+00
      17289 311.962295  -62.31336  -58.51600      0.261    1450.14    413.000    408.625    -0.2984    -0.2887     0.0097    -0.3133    -0.3037     0.0096   2.859058   2.859882   0.000814    34.4952    34.4951     5.9683    27.7145    27.7140    34.4936    27.7132    1453.81    1453.86    -0.3131  1029.6827    34.6624 0.0000e+00
      17379 311.962339  -62.31337  -58.51593      0.278    1450.14    414.000    409.612    -0.3156    -0.3102     0.0054    -0.3305    -0.3251     0.0054   2.857610   2.858108   0.000460    34.4948    34.4948     5.9817    27.7150    27.7148    34.4931    27.7136    1453.75    1453.77    -0.3302  1029.6881    34.6618 0.0000e+00
      17469 311.962382  -62.31338  -58.51587      0.290    1450.14    415.000    410.600    -0.3842    -0.3601     0.0242    -0.3989    -0.3749     0.0241   2.851836   2.853801   0.001942    34.4968    34.4954     5.9971    27.7198    27.7176    34.4930    27.7168    1453.45    1453.56    -0.3987  1029.6969    34.6618 0.0000e+00
      17556 311.962424  -62.31338  -58.51580      0.274    1450.32    416.000    411.587    -0.4069    -0.3890     0.0179    -0.4215    -0.4038     0.0178   2.849817   2.851406   0.001558    34.4943    34.4950     6.0342    27.7189    27.7186    34.4910    27.7162    1453.35    1453.44    -0.4213  1029.7014    34.6598 0.0000e+00
      17648 311.962469  -62.31339  -58.51574      0.265    1450.34    417.000    412.576    -0.4721    -0.4527     0.0193    -0.4865    -0.4673     0.0192   2.844224   2.845723   0.001536    34.4947    34.4934     6.0656    27.7222    27.7203    34.4893    27.7178    1453.07    1453.15    -0.4863  1029.7086    34.6581 0.0000e+00
      17747 311.962516  -62.31340  -58.51566      0.219    1450.34    418.000    413.565    -0.5628    -0.5322     0.0306    -0.5770    -0.5464     0.0305   2.836490   2.839055   0.002539    34.4933    34.4927     6.1249    27.7252    27.7233    34.4877    27.7207    1452.66    1452.80    -0.5767  1029.7174    34.6565 0.0000e+00
      17828 311.962555  -62.31340  -58.51561      0.311    1450.34    419.000    414.556    -0.6230    -0.6030     0.0201    -0.6370    -0.6170     0.0200   2.831282   2.833282   0.002030    34.4901    34.4946     6.1649    27.7252    27.7280    34.4855    27.7215    1452.39    1452.49    -0.6368  1029.7238    34.6542 0.0000e+00
      17931 311.962605  -62.31342  -58.51553      0.215    1450.34    420.000    415.543    -0.6320    -0.6143     0.0177    -0.6460    -0.6283     0.0176   2.830572   2.831964   0.001445    34.4878    34.4872     6.2252    27.7238    27.7225    34.4854    27.7218    1452.36    1452.44    -0.6457  1029.7290    34.6542 0.0000e+00
      18031 311.962653  -62.31342  -58.51546      0.264    1450.34    421.000    416.532    -0.6325    -0.6309     0.0016    -0.6465    -0.6449     0.0016   2.830661   2.830712   0.000076    34.4884    34.4876     6.2232    27.7243    27.7236    34.4866    27.7228    1452.38    1452.38    -0.6463  1029.7348    34.6554 0.0000e+00
      18120 311.962696  -62.31343  -58.51539      0.261    1450.34    422.000    417.520    -0.6418    -0.6402     0.0017    -0.6559    -0.6542     0.0017   2.829858   2.829981   0.000142    34.4869    34.4870     6.2175    27.7235    27.7234    34.4858    27.7226    1452.35    1452.36    -0.6556  1029.7394    34.6546 0.0000e+00
      18218 311.962744  -62.31344  -58.51532      0.314    1450.34    423.000    418.508    -0.6408    -0.6398     0.0009    -0.6548    -0.6539     0.0009   2.830059   2.830102   0.000049    34.4873    34.4869     6.2292    27.7237    27.7234    34.4867    27.7233    1452.37    1452.38    -0.6546  1029.7448    34.6555 0.0000e+00
      18345 311.962805  -62.31345  -58.51523      0.181    1450.34    424.000    419.499    -0.6339    -0.6342    -0.0002    -0.6481    -0.6483    -0.0002   2.830833   2.830777  -0.000036    34.4884    34.4882     6.2161    27.7243    27.7242    34.4888    27.7246    1452.42    1452.42    -0.6478  1029.7508    34.6576 0.0000e+00
      18429 311.962845  -62.31346  -58.51517      0.349    1450.34    425.000    420.483    -0.6260    -0.6257     0.0003    -0.6402    -0.6399     0.0003   2.831631   2.831644   0.000012    34.4898    34.4896     6.2096    27.7251    27.7250    34.4899    27.7252    1452.48    1452.48    -0.6399  1029.7560    34.6587 0.0000e+00
      18551 311.962904  -62.31346  -58.51509      0.147    1450.34    426.000    421.475    -0.6294    -0.6279     0.0015    -0.6436    -0.6421     0.0015   2.831450   2.831508   0.000057    34.4907    34.4898     6.1964    27.7260    27.7252    34.4907    27.7260    1452.48    1452.49    -0.6433  1029.7616    34.6595 0.0000e+00
      18656 311.962955  -62.31347  -58.51500      0.261    1450.34    427.000    422.459    -0.6355    -0.6333     0.0022    -0.6498    -0.6476     0.0022   2.830976   2.831108   0.000132    34.4910    34.4903     6.1923    27.7265    27.7259    34.4907    27.7262    1452.47    1452.48    -0.6495  1029.7666    34.6595 0.0000e+00
      18771 311.963010  -62.31348  -58.51492      0.229    1450.34    428.000    423.452    -0.6361    -0.6350     0.0011    -0.6504    -0.6493     0.0011   2.830952   2.831001   0.000052    34.4905    34.4899     6.1984    27.7261    27.7256    34.4904    27.7260    1452.48    1452.49    -0.6501  1029.7712    34.6592 0.0000e+00
      18947 311.963095  -62.31349  -58.51479      0.079    1450.34    429.000    424.435    -0.6436    -0.6423     0.0012    -0.6579    -0.6567     0.0012   2.830335   2.830400   0.000074    34.4902    34.4898     6.2051    27.7262    27.7258    34.4900    27.7261    1452.46    1452.47    -0.6576  1029.7761    34.6588 0.0000e+00
      19367 311.963298  -62.31353  -58.51448     -0.106    1450.34    428.000    423.449    -0.6231    -0.6235    -0.0004    -0.6374    -0.6378    -0.0004   2.832081   2.831955  -0.000125    34.4905    34.4893     6.1955    27.7256    27.7246    34.4908    27.7258    1452.54    1452.54    -0.6371  1029.7708    34.6596 0.0000e+00
      19676 311.963447  -62.31354  -58.51427     -0.172    1450.34    427.000    422.460    -0.6160    -0.6167    -0.0007    -0.6303    -0.6310    -0.0007   2.832384   2.832404   0.000026    34.4875    34.4886     6.1878    27.7228    27.7238    34.4874    27.7228    1452.55    1452.55    -0.6300  1029.7629    34.6562 0.0000e+00
      19758 311.963486  -62.31356  -58.51420     -0.303    1450.34    426.000    421.472    -0.6199    -0.6204    -0.0004    -0.6342    -0.6346    -0.0004   2.831969   2.831898  -0.000075    34.4870    34.4865     6.1928    27.7226    27.7222    34.4870    27.7226    1452.52    1452.52    -0.6339  1029.7580    34.6558 0.0000e+00
      19811 311.963512  -62.31356  -58.51416     -0.448    1450.34    425.000    420.483    -0.6193    -0.6186     0.0007    -0.6335    -0.6329     0.0007   2.831965   2.831939  -0.000029    34.4868    34.4857     6.2128    27.7224    27.7215    34.4868    27.7224    1452.51    1452.51    -0.6332  1029.7531    34.6555 0.0000e+00
      19869 311.963540  -62.31356  -58.51413     -0.404    1450.34    424.000    419.497    -0.6189    -0.6179     0.0010    -0.6331    -0.6321     0.0010   2.831883   2.831899   0.000011    34.4858    34.4849     6.2063    27.7216    27.7208    34.4858    27.7216    1452.49    1452.49    -0.6328  1029.7475    34.6546 0.0000e+00
      19925 311.963567  -62.31356  -58.51410     -0.423    1450.34    423.000    418.508    -0.6175    -0.6172     0.0004    -0.6317    -0.6313     0.0004   2.831833   2.831811  -0.000019    34.4842    34.4835     6.2155    27.7202    27.7197    34.4842    27.7202    1452.48    1452.48    -0.6314  1029.7415    34.6530 0.0000e+00
      19955 311.963581  -62.31356  -58.51408     -0.703    1450.34    422.000    417.520    -0.6103    -0.6139    -0.0036    -0.6244    -0.6280    -0.0036   2.832631   2.832229  -0.000484    34.4842    34.4818     6.2025    27.7199    27.7181    34.4873    27.7224    1452.50    1452.48    -0.6242  1029.7388    34.6561 0.0000e+00
      19978 311.963592  -62.31358  -58.51406     -0.947    1450.34    421.000    416.531    -0.5475    -0.5247     0.0228    -0.5618    -0.5391     0.0227   2.838469   2.839855   0.001361    34.4863    34.4788     6.1992    27.7189    27.7117    34.4951    27.7260    1452.79    1452.88    -0.5615  1029.7367    34.6639 0.0000e+00
      20000 311.963603  -62.31358  -58.51404     -1.071    1450.34    420.000    415.543    -0.4466    -0.4651    -0.0186    -0.4612    -0.4797    -0.0185   2.847324   2.844976  -0.002203    34.4860    34.4775     6.2019    27.7140    27.7080    34.5001    27.7254    1453.25    1453.15    -0.4610  1029.7301    34.6690 0.0000e+00
