Pos-Processados/process_op42/operantar42_003.ros
* Sea-Bird SBE 9 Data File:
* FileName = C:\Users\Hidrografia\Desktop\OPXLII\Brutos\OP42003.hdr
* Software Version Seasave V 7.26.7.107
* Temperature SN = 6502
* Conductivity SN = 4998
* Number of Bytes Per Scan = 37
* Number of Voltage Words = 4
* Number of Scans Averaged by the Deck Unit = 1
* NMEA Latitude = 38 28.81 S
* NMEA Longitude = 052 09.38 W
* NMEA UTC (Time) = Oct 16 2023 14:11:02
* NMEA baud rate = 4800
** H41
** NPOALTEMAXIMIANO
** NUMERO DA ESTACAO (XXX) 003
** LAT (XX XX.XX S/N) 38 28,767 S
** LONG (XXX XX.XX W/E) 052 09,375 W
** DATAHORA (dd/mm/aaaa hh:mm Z) 16/10/2023 1410 Z
** PROFUNDIDADE (m) 4597
** OPERADOR CHEOPE
# nquan = 24
# nvalues = 3877                                  
# units = specified
# name 0 = scan: Scan Count
# name 1 = timeJ: Julian Days
# name 2 = latitude: Latitude [deg]
# name 3 = longitude: Longitude [deg]
# name 4 = dz/dtM: Descent Rate [m/s]
# name 5 = avgsvCM: Average Sound Velocity [Chen-Millero, m/s]
# name 6 = prDM: Pressure, Digiquartz [db]
# name 7 = depSM: Depth [salt water, m]
# name 8 = t090C: Temperature [ITS-90, deg C]
# name 9 = t190C: Temperature, 2 [ITS-90, deg C]
# name 10 = T2-T190C: Temperature Difference, 2 - 1 [ITS-90, deg C]
# name 11 = potemp090C: Potential Temperature [ITS-90, deg C]
# name 12 = potemp190C: Potential Temperature, 2 [ITS-90, deg C]
# name 13 = potemp90Cdiff: Potential Temperature, Diff, 2 - 1 [ITS-90, deg C]
# name 14 = c0S/m: Conductivity [S/m]
# name 15 = c1S/m: Conductivity, 2 [S/m]
# name 16 = C2-C1S/m: Conductivity Difference, 2 - 1 [S/m]
# name 17 = sal00: Salinity, Practical [PSU]
# name 18 = sal11: Salinity, Practical, 2 [PSU]
# name 19 = sbeox0ML/L: Oxygen, SBE 43 [ml/l]
# name 20 = sigma-é00: Density [sigma-theta, kg/m^3]
# name 21 = sigma-é11: Density, 2 [sigma-theta, kg/m^3]
# name 22 = nbf: Bottles Fired
# name 23 = flag:  0.000e+00
# interval = seconds: 0.0416667
# start_time = Oct 16 2023 14:11:02 [NMEA time, header]
# bad_flag = -9.990e-29
*END*
[from data line 2295]
      67523 289.623558  -38.50120  -52.15730     -0.315    1503.29     42.867     42.540    18.6839    18.6847     0.0008    18.6763    18.6771     0.0008   4.809047   4.809302   0.000255    36.2546    36.2560     5.1534    26.0633    26.0641         15  0.000e+00
      67524 289.623559  -38.50120  -52.15730     -0.325    1503.29     42.867     42.540    18.6837    18.6849     0.0012    18.6761    18.6773     0.0012   4.809019   4.809295   0.000276    36.2545    36.2558     5.1497    26.0632    26.0639         15  0.000e+00
      67525 289.623559  -38.50120  -52.15730     -0.335    1503.29     42.827     42.500    18.6839    18.6847     0.0008    18.6763    18.6771     0.0008   4.808977   4.809288   0.000311    36.2539    36.2559     5.1531    26.0628    26.0641         15  0.000e+00
      67526 289.623560  -38.50122  -52.15730     -0.342    1503.29     42.867     42.540    18.6837    18.6846     0.0009    18.6761    18.6770     0.0009   4.809026   4.809288   0.000262    36.2545    36.2560     5.1531    26.0633    26.0641         15  0.000e+00
      67527 289.623560  -38.50122  -52.15730     -0.350    1503.29     42.803     42.476    18.6837    18.6845     0.0008    18.6761    18.6769     0.0008   4.809019   4.809260   0.000241    36.2545    36.2558     5.1533    26.0633    26.0641         15  0.000e+00
      67528 289.623560  -38.50122  -52.15730     -0.358    1503.29     42.803     42.476    18.6837    18.6845     0.0008    18.6762    18.6769     0.0008   4.809012   4.809253   0.000241    36.2544    36.2558     5.1534    26.0632    26.0640         15  0.000e+00
      67529 289.623561  -38.50122  -52.15730     -0.367    1503.29     42.747     42.421    18.6835    18.6845     0.0010    18.6760    18.6769     0.0010   4.808977   4.809274   0.000297    36.2543    36.2560     5.1498    26.0632    26.0642         15  0.000e+00
      67530 289.623561  -38.50122  -52.15730     -0.371    1503.29     42.803     42.476    18.6835    18.6845     0.0010    18.6759    18.6769     0.0010   4.808998   4.809288   0.000290    36.2545    36.2561     5.1534    26.0633    26.0642         15  0.000e+00
      67531 289.623562  -38.50122  -52.15730     -0.377    1503.29     42.747     42.421    18.6834    18.6845     0.0012    18.6758    18.6769     0.0012   4.808977   4.809260   0.000283    36.2545    36.2558     5.1538    26.0633    26.0641         15  0.000e+00
      67532 289.623562  -38.50122  -52.15730     -0.385    1503.29     42.747     42.421    18.6834    18.6843     0.0010    18.6758    18.6768     0.0010   4.808906   4.809253   0.000347    36.2539    36.2559     5.1541    26.0629    26.0642         15  0.000e+00
      67533 289.623563  -38.50122  -52.15730     -0.388    1503.29     42.747     42.421    18.6834    18.6843     0.0010    18.6758    18.6768     0.0010   4.808913   4.809274   0.000361    36.2539    36.2561     5.1543    26.0629    26.0643         15  0.000e+00
      67534 289.623563  -38.50122  -52.15730     -0.391    1503.29     42.706     42.381    18.6834    18.6843     0.0010    18.6758    18.6768     0.0010   4.808927   4.809225   0.000298    36.2541    36.2557     5.1585    26.0630    26.0640         15  0.000e+00
      67535 289.623564  -38.50122  -52.15730     -0.393    1503.29     42.690     42.365    18.6834    18.6840     0.0006    18.6758    18.6764     0.0006   4.808955   4.809239   0.000284    36.2543    36.2562     5.1591    26.0632    26.0644         15  0.000e+00
      67536 289.623564  -38.50122  -52.15730     -0.394    1503.29     42.747     42.421    18.6834    18.6840     0.0006    18.6758    18.6764     0.0006   4.808970   4.809218   0.000249    36.2544    36.2560     5.1595    26.0633    26.0643         15  0.000e+00
      67537 289.623565  -38.50122  -52.15730     -0.395    1503.29     42.626     42.301    18.6832    18.6838     0.0006    18.6756    18.6763     0.0006   4.808934   4.809211   0.000277    36.2543    36.2561     5.1599    26.0632    26.0644         15  0.000e+00
      67538 289.623565  -38.50122  -52.15730     -0.396    1503.29     42.690     42.365    18.6832    18.6838     0.0006    18.6756    18.6763     0.0006   4.808899   4.809211   0.000312    36.2540    36.2561     5.1604    26.0630    26.0644         15  0.000e+00
      67539 289.623566  -38.50122  -52.15730     -0.398    1503.29     42.626     42.301    18.6830    18.6836     0.0006    18.6755    18.6761     0.0006   4.808948   4.809211   0.000263    36.2546    36.2563     5.1608    26.0635    26.0646         15  0.000e+00
      67540 289.623566  -38.50122  -52.15730     -0.395    1503.29     42.690     42.365    18.6834    18.6836     0.0003    18.6758    18.6761     0.0003   4.808970   4.809184   0.000214    36.2544    36.2560     5.1649    26.0633    26.0644         15  0.000e+00
      67541 289.623567  -38.50122  -52.15730     -0.394    1503.29     42.626     42.301    18.6830    18.6836     0.0006    18.6755    18.6760     0.0006   4.808969   4.809170   0.000200    36.2547    36.2559     5.1656    26.0636    26.0644         15  0.000e+00
      67542 289.623567  -38.50122  -52.15730     -0.395    1503.29     42.626     42.301    18.6832    18.6835     0.0003    18.6756    18.6759     0.0003   4.808969   4.809142   0.000172    36.2546    36.2558     5.1664    26.0635    26.0643         15  0.000e+00
      67543 289.623568  -38.50122  -52.15730     -0.389    1503.29     42.650     42.325    18.6830    18.6835     0.0004    18.6755    18.6759     0.0004   4.808934   4.809135   0.000201    36.2544    36.2557     5.1708    26.0634    26.0643         15  0.000e+00
      67544 289.623568  -38.50122  -52.15730     -0.389    1503.29     42.570     42.245    18.6832    18.6833     0.0001    18.6756    18.6757     0.0001   4.808899   4.809163   0.000264    36.2540    36.2562     5.1682    26.0630    26.0646         15  0.000e+00
      67545 289.623569  -38.50122  -52.15730     -0.384    1503.29     42.626     42.301    18.6834    18.6838     0.0005    18.6758    18.6763     0.0005   4.808913   4.809225   0.000312    36.2540    36.2562     5.1690    26.0629    26.0645         15  0.000e+00
      67546 289.623569  -38.50122  -52.15730     -0.377    1503.29     42.626     42.301    18.6832    18.6836     0.0005    18.6756    18.6761     0.0005   4.808899   4.809190   0.000292    36.2540    36.2561     5.1734    26.0630    26.0645         15  0.000e+00
      67547 289.623570  -38.50122  -52.15730     -0.375    1503.29     42.570     42.245    18.6832    18.6836     0.0005    18.6756    18.6761     0.0005   4.808948   4.809197   0.000249    36.2544    36.2562     5.1708    26.0633    26.0645         15  0.000e+00
      67548 289.623570  -38.50122  -52.15730     -0.364    1503.29     42.626     42.301    18.6834    18.6838     0.0005    18.6758    18.6763     0.0005   4.808998   4.809183   0.000186    36.2547    36.2559     5.1752    26.0635    26.0643         15  0.000e+00
      67549 289.623571  -38.50122  -52.15730     -0.360    1503.29     42.570     42.245    18.6834    18.6838     0.0005    18.6758    18.6763     0.0005   4.808977   4.809170   0.000193    36.2545    36.2558     5.1763    26.0634    26.0642         15  0.000e+00
      67550 289.623571  -38.50122  -52.15730     -0.357    1503.29     42.570     42.245    18.6834    18.6836     0.0003    18.6758    18.6761     0.0003   4.808969   4.809197   0.000228    36.2545    36.2562     5.1771    26.0633    26.0645         15  0.000e+00
      67551 289.623572  -38.50122  -52.15730     -0.348    1503.29     42.586     42.261    18.6834    18.6836     0.0003    18.6758    18.6761     0.0003   4.808906   4.809183   0.000278    36.2539    36.2560     5.1743    26.0629    26.0644         15  0.000e+00
      67552 289.623572  -38.50122  -52.15730     -0.341    1503.29     42.570     42.245    18.6832    18.6835     0.0003    18.6756    18.6759     0.0003   4.808892   4.809142   0.000250    36.2540    36.2558     5.1748    26.0630    26.0643         15  0.000e+00
      67553 289.623573  -38.50122  -52.15730     -0.330    1503.29     42.570     42.245    18.6834    18.6836     0.0003    18.6758    18.6761     0.0003   4.808913   4.809128   0.000215    36.2540    36.2556     5.1789    26.0629    26.0641         15  0.000e+00
      67554 289.623573  -38.50122  -52.15730     -0.324    1503.29     42.505     42.181    18.6834    18.6836     0.0003    18.6758    18.6761     0.0003   4.808955   4.809163   0.000207    36.2544    36.2559     5.1796    26.0632    26.0643         15  0.000e+00
      67555 289.623573  -38.50122  -52.15730     -0.313    1503.29     42.626     42.301    18.6834    18.6833    -0.0001    18.6758    18.6757    -0.0001   4.808998   4.809142   0.000144    36.2547    36.2560     5.1804    26.0635    26.0645         15  0.000e+00
      67556 289.623574  -38.50122  -52.15730     -0.302    1503.29     42.506     42.181    18.6834    18.6834     0.0001    18.6758    18.6759     0.0001   4.808976   4.809135   0.000158    36.2546    36.2558     5.1811    26.0634    26.0643         15  0.000e+00
      67557 289.623574  -38.50122  -52.15730     -0.295    1503.29     42.570     42.245    18.6834    18.6833    -0.0001    18.6758    18.6757    -0.0001   4.808906   4.809128   0.000222    36.2539    36.2559     5.1817    26.0629    26.0644         15  0.000e+00
      67558 289.623575  -38.50122  -52.15730     -0.291    1503.29     42.506     42.181    18.6834    18.6833    -0.0001    18.6758    18.6758    -0.0001   4.808948   4.809163   0.000214    36.2543    36.2562     5.1820    26.0632    26.0646         15  0.000e+00
      67559 289.623575  -38.50122  -52.15730     -0.273    1503.29     42.626     42.301    18.6834    18.6833    -0.0001    18.6758    18.6757    -0.0001   4.808934   4.809142   0.000208    36.2542    36.2560     5.1826    26.0631    26.0645         15  0.000e+00
      67560 289.623576  -38.50122  -52.15730     -0.271    1503.29     42.473     42.149    18.6834    18.6833    -0.0001    18.6758    18.6758    -0.0001   4.808927   4.809163   0.000235    36.2541    36.2562     5.1793    26.0631    26.0646         15  0.000e+00
      67561 289.623576  -38.50122  -52.15730     -0.255    1503.29     42.626     42.301    18.6835    18.6835    -0.0001    18.6760    18.6759    -0.0001   4.808991   4.809170   0.000179    36.2545    36.2561     5.1831    26.0633    26.0645         15  0.000e+00
      67562 289.623577  -38.50122  -52.15730     -0.245    1503.29     42.570     42.245    18.6835    18.6836     0.0001    18.6760    18.6761     0.0001   4.809012   4.809170   0.000158    36.2547    36.2559     5.1834    26.0634    26.0643         15  0.000e+00
      67563 289.623577  -38.50122  -52.15730     -0.237    1503.29     42.506     42.181    18.6834    18.6835     0.0001    18.6758    18.6759     0.0001   4.808948   4.809176   0.000228    36.2543    36.2562     5.1837    26.0632    26.0646         15  0.000e+00
      67564 289.623578  -38.50122  -52.15730     -0.228    1503.29     42.570     42.245    18.6834    18.6838     0.0005    18.6758    18.6763     0.0005   4.808955   4.809177   0.000221    36.2544    36.2558     5.1838    26.0632    26.0642         15  0.000e+00
      67565 289.623578  -38.50122  -52.15730     -0.214    1503.29     42.570     42.245    18.6835    18.6838     0.0003    18.6760    18.6763     0.0003   4.808998   4.809170   0.000172    36.2546    36.2558     5.1802    26.0633    26.0642         15  0.000e+00
      67566 289.623579  -38.50122  -52.15730     -0.205    1503.29     42.570     42.245    18.6835    18.6838     0.0003    18.6760    18.6763     0.0003   4.808948   4.809232   0.000284    36.2541    36.2563     5.1800    26.0630    26.0646         15  0.000e+00
      67567 289.623579  -38.50122  -52.15730     -0.193    1503.29     42.570     42.245    18.6835    18.6840     0.0005    18.6760    18.6764     0.0005   4.809012   4.809190   0.000179    36.2547    36.2558     5.1797    26.0634    26.0642         15  0.000e+00
      67568 289.623580  -38.50122  -52.15730     -0.183    1503.29     42.586     42.261    18.6834    18.6842     0.0008    18.6758    18.6766     0.0008   4.808984   4.809232   0.000249    36.2546    36.2560     5.1794    26.0634    26.0643         15  0.000e+00
      67569 289.623580  -38.50122  -52.15730     -0.172    1503.29     42.570     42.245    18.6835    18.6842     0.0006    18.6760    18.6766     0.0006   4.808934   4.809218   0.000284    36.2540    36.2559     5.1790    26.0629    26.0642         15  0.000e+00
      67570 289.623581  -38.50122  -52.15730     -0.161    1503.29     42.570     42.245    18.6835    18.6842     0.0006    18.6760    18.6766     0.0006   4.808991   4.809211   0.000221    36.2545    36.2558     5.1787    26.0633    26.0641         15  0.000e+00
      67571 289.623581  -38.50122  -52.15730     -0.149    1503.29     42.570     42.245    18.6834    18.6840     0.0006    18.6758    18.6764     0.0006   4.808948   4.809211   0.000263    36.2543    36.2560     5.1783    26.0632    26.0643         15  0.000e+00
      67572 289.623582  -38.50122  -52.15730     -0.140    1503.29     42.570     42.245    18.6834    18.6841     0.0008    18.6758    18.6766     0.0008   4.808927   4.809211   0.000284    36.2541    36.2558     5.1743    26.0630    26.0642         15  0.000e+00
      67573 289.623582  -38.50122  -52.15730     -0.126    1503.29     42.627     42.301    18.6835    18.6840     0.0005    18.6760    18.6764     0.0005   4.808927   4.809232   0.000305    36.2539    36.2561     5.1734    26.0629    26.0644         15  0.000e+00
      67574 289.623583  -38.50122  -52.15730     -0.114    1503.29     42.627     42.301    18.6835    18.6840     0.0005    18.6760    18.6764     0.0005   4.808991   4.809218   0.000228    36.2545    36.2560     5.1727    26.0633    26.0643         15  0.000e+00
      67575 289.623583  -38.50122  -52.15730     -0.103    1503.29     42.570     42.245    18.6835    18.6838     0.0003    18.6760    18.6763     0.0003   4.809033   4.809183   0.000151    36.2549    36.2559     5.1720    26.0636    26.0643         15  0.000e+00
      67576 289.623584  -38.50122  -52.15730     -0.087    1503.29     42.707     42.381    18.6834    18.6835     0.0001    18.6758    18.6759     0.0001   4.808984   4.809177   0.000193    36.2545    36.2561     5.1714    26.0634    26.0645         15  0.000e+00
      67577 289.623584  -38.50122  -52.15730     -0.078    1503.29     42.570     42.245    18.6834    18.6836     0.0003    18.6758    18.6761     0.0003   4.808998   4.809170   0.000172    36.2547    36.2559     5.1706    26.0635    26.0643         15  0.000e+00
      67578 289.623585  -38.50122  -52.15730     -0.070    1503.29     42.627     42.301    18.6835    18.6836     0.0001    18.6760    18.6761     0.0001   4.808920   4.809142   0.000222    36.2539    36.2557     5.1696    26.0628    26.0641         15  0.000e+00
      67579 289.623585  -38.50122  -52.15730     -0.053    1503.29     42.691     42.365    18.6834    18.6833    -0.0001    18.6758    18.6757    -0.0001   4.808948   4.809135   0.000186    36.2542    36.2559     5.1689    26.0631    26.0644         15  0.000e+00
      67580 289.623586  -38.50122  -52.15730     -0.044    1503.29     42.627     42.301    18.6834    18.6831    -0.0002    18.6758    18.6756    -0.0002   4.809026   4.809100   0.000074    36.2549    36.2558     5.1681    26.0637    26.0644         15  0.000e+00
      67581 289.623586  -38.50122  -52.15730     -0.031    1503.29     42.691     42.365    18.6834    18.6831    -0.0002    18.6758    18.6755    -0.0002   4.809019   4.809114   0.000095    36.2548    36.2559     5.1674    26.0636    26.0644         15  0.000e+00
