Pos-Processados/process_op42/operantar42_002.cnv
* Sea-Bird SBE 9 Data File:
* FileName = C:\Users\Hidrografia\Desktop\OPXLII\Brutos\OP42002.hdr
* Software Version Seasave V 7.26.7.107
* Temperature SN = 6502
* Conductivity SN = 4998
* Number of Bytes Per Scan = 37
* Number of Voltage Words = 4
* Number of Scans Averaged by the Deck Unit = 1
* NMEA Latitude = 37 53.44 S
* NMEA Longitude = 051 46.15 W
* NMEA UTC (Time) = Oct 16 2023 08:29:02
* NMEA baud rate = 4800
** H41
** NPOALTEMAXIMIANO
** NUMERO DA ESTACAO (XXX) 002
** LAT (XX XX.XX S/N) 37 53.431 S
** LONG (XXX XX.XX W/E) 51 48.140 W
** DATAHORA (dd/mm/aaaa hh:mm Z) 16/10/2023 0828Z
** PROFUNDIDADE (m) 4384
** OPERADOR CT FILIPE LOPES
# nquan = 30
# nvalues = 2017                        
# units = specified
# name 0 = scan: Scan Count
# name 1 = timeJ: Julian Days
# name 2 = latitude: Latitude [deg]
# name 3 = longitude: Longitude [deg]
# name 4 = dz/dtM: Descent Rate [m/s]
# name 5 = avgsvCM: Average Sound Velocity [Chen-Millero, m/s]
# name 6 = prDM: Pressure, Digiquartz [db]
# name 7 = depSM: Depth [salt water, m]
# name 8 = t090C: Temperature [ITS-90, deg C]
# name 9 = t190C: Temperature, 2 [ITS-90, deg C]
# name 10 = T2-T190C: Temperature Difference, 2 - 1 [ITS-90, deg C]
# name 11 = potemp090C: Potential Temperature [ITS-90, deg C]
# name 12 = potemp190C: Potential Temperature, 2 [ITS-90, deg C]
# name 13 = potemp90Cdiff: Potential Temperature, Diff, 2 - 1 [ITS-90, deg C]
# name 14 = c0S/m: Conductivity [S/m]
# name 15 = c1S/m: Conductivity, 2 [S/m]
# name 16 = C2-C1S/m: Conductivity Difference, 2 - 1 [S/m]
# name 17 = sal00: Salinity, Practical [PSU]
# name 18 = sal11: Salinity, Practical, 2 [PSU]
# name 19 = sbeox0ML/L: Oxygen, SBE 43 [ml/l]
# name 20 = sigma-é00: Density [sigma-theta, kg/m^3]
# name 21 = sigma-é11: Density, 2 [sigma-theta, kg/m^3]
# name 22 = sal00: Salinity, Practical [PSU]
# name 23 = sigma-é00: Density [sigma-theta, kg/m^3]
# name 24 = svCM: Sound Velocity [Chen-Millero, m/s]
# name 25 = svCM1: Sound Velocity, 2 [Chen-Millero, m/s]
# name 26 = gsw_ptA0: potential temperature [ITS-90, deg C]
# name 27 = gsw_densityA0: density, TEOS-10 [density, kg/m^3]
# name 28 = gsw_saA0: Absolute Salinity [g/kg]
# name 29 = flag:
# span 0 =       6219,      72823       
# span 1 = 289.356494, 289.388614       
# span 2 =  -37.90592,  -37.89182       
# span 3 =  -51.78457,  -51.77083       
# span 4 =     -1.691,      1.612       
# span 5 =       0.00,    1518.61       
# span 6 =      1.000,   1011.000       
# span 7 =      1.002,   1001.013       
# span 8 =     4.6510,    18.1866       
# span 9 =     4.6531,    18.1874       
# span 10 =    -0.1296,     0.0709      
# span 11 =     4.5699,    18.1744      
# span 12 =     4.5720,    18.1752      
# span 13 =    -0.1294,     0.0705      
# span 14 =   3.290534,   4.757839      
# span 15 =   3.290670,   4.758249      
# span 16 =  -0.018331,   0.007334      
# span 17 =    34.1260,    36.2478      
# span 18 =    34.1256,    36.2497      
# span 19 =     4.4790,     6.2401      
# span 20 =    26.0947,    27.1001      
# span 21 =    26.1342,    27.0935      
# span 22 =    34.1265,    36.2480      
# span 23 =    26.1250,    27.0937      
# span 24 =    1482.68,    1519.30      
# span 25 =    1482.68,    1519.30      
# span 26 =     4.5697,    18.1744      
# span 27 =  1026.1334,  1031.7355      
# span 28 =    34.2889,    36.4191      
# span 29 = 0.0000e+00, 0.0000e+00      
# interval = decibars: 1                
# start_time = Oct 16 2023 08:29:02 [NMEA time, header]
# bad_flag = -9.990e-29
*END*
[from data line 1064]
      40887 289.373213  -37.89864  -51.77846     -1.320    1502.92    953.000    943.711     4.9677     4.9810     0.0133     4.8893     4.9025     0.0132   3.316692   3.317901   0.001021    34.2091    34.2073     5.7158    27.0609    27.0579    34.2124    27.0634    1485.28    1485.33     4.8891  1031.4336    34.3761 0.0000e+00
      40904 289.373221  -37.89864  -51.77846     -1.394    1502.92    952.000    942.723     4.9830     5.0000     0.0171     4.9046     4.9215     0.0169   3.318077   3.319470   0.001350    34.2096    34.2078     5.7056    27.0595    27.0561    34.2132    27.0623    1485.32    1485.39     4.9044  1031.4274    34.3766 0.0000e+00
      40922 289.373230  -37.89866  -51.77846     -1.386    1502.92    951.000    941.735     4.9909     5.0067     0.0157     4.9126     4.9282     0.0156   3.318671   3.320030   0.001281    34.2102    34.2089     5.7037    27.0591    27.0563    34.2124    27.0608    1485.34    1485.40     4.9124  1031.4212    34.3758 0.0000e+00
      40949 289.373243  -37.89866  -51.77846     -1.088    1502.92    950.000    940.747     4.9993     4.9991    -0.0002     4.9209     4.9208    -0.0002   3.319331   3.319131  -0.000056    34.2090    34.2086     5.7039    27.0572    27.0568    34.2120    27.0595    1485.36    1485.35     4.9207  1031.4151    34.3754 0.0000e+00
      40993 289.373264  -37.89866  -51.77846     -0.525    1502.92    949.000    939.759     5.0086     4.9952    -0.0134     4.9303     4.9170    -0.0133   3.319874   3.318836  -0.001033    34.2075    34.2092     5.6937    27.0549    27.0578    34.2092    27.0563    1485.37    1485.32     4.9301  1031.4071    34.3726 0.0000e+00
      41025 289.373279  -37.89866  -51.77848     -0.673    1502.92    948.000    938.771     5.0078     5.0074    -0.0004     4.9296     4.9292    -0.0004   3.319891   3.319873  -0.000081    34.2090    34.2085     5.7012    27.0561    27.0558    34.2107    27.0575    1485.36    1485.35     4.9294  1031.4038    34.3741 0.0000e+00
      41048 289.373290  -37.89866  -51.77848     -0.928    1502.92    947.000    937.782     5.0088     5.0097     0.0010     4.9306     4.9316     0.0010   3.319798   3.319813   0.000015    34.2078    34.2070     5.6948    27.0551    27.0544    34.2092    27.0562    1485.34    1485.34     4.9304  1031.3980    34.3726 0.0000e+00
      41073 289.373303  -37.89866  -51.77848     -1.002    1502.92    946.000    936.795     5.0091     5.0090    -0.0001     4.9310     4.9309    -0.0001   3.319729   3.319677  -0.000057    34.2074    34.2068     5.6992    27.0548    27.0543    34.2086    27.0556    1485.33    1485.32     4.9308  1031.3929    34.3719 0.0000e+00
      41104 289.373318  -37.89867  -51.77849     -0.827    1502.92    945.000    935.807     5.0068     5.0090     0.0021     4.9289     4.9310     0.0021   3.319349   3.319608   0.000240    34.2064    34.2070     5.7192    27.0542    27.0544    34.2070    27.0546    1485.30    1485.31     4.9287  1031.3874    34.3703 0.0000e+00
      41134 289.373332  -37.89868  -51.77850     -0.752    1502.92    944.000    934.819     5.0001     5.0035     0.0033     4.9223     4.9256     0.0033   3.318515   3.318921   0.000395    34.2047    34.2059     5.7311    27.0536    27.0542    34.2047    27.0536    1485.25    1485.27     4.9221  1031.3820    34.3681 0.0000e+00
      41153 289.373341  -37.89869  -51.77850     -0.982    1502.92    943.000    933.831     4.9948     4.9974     0.0026     4.9172     4.9197     0.0026   3.317793   3.318074   0.000305    34.2030    34.2039     5.7366    27.0528    27.0532    34.2023    27.0523    1485.21    1485.22     4.9169  1031.3763    34.3656 0.0000e+00
      41169 289.373349  -37.89870  -51.77850     -1.257    1502.92    942.000    932.843     4.9883     4.9895     0.0011     4.9108     4.9119     0.0011   3.317102   3.317171   0.000069    34.2014    34.2011     5.7387    27.0524    27.0519    34.2015    27.0524    1485.17    1485.17     4.9106  1031.3730    34.3662 0.0000e+00
      41185 289.373357 -9.990e-29  -51.77852     -1.437    1502.92    941.000    931.855     4.9894     4.9914     0.0020     4.9119     4.9140     0.0020   3.317138   3.317241   0.000083    34.2011    34.1999     5.7402    27.0519    27.0508    34.2013    27.0521    1485.15    1485.16     4.9117  1031.3690    34.3671 0.0000e+00
      41202 289.373365 -9.990e-29  -51.77852     -1.480    1502.92    940.000    930.866     4.9919     4.9955     0.0036     4.9145     4.9181     0.0036   3.317259   3.317451   0.000193    34.2003    34.1988     5.7453    27.0510    27.0494    34.2006    27.0513    1485.15    1485.16     4.9143  1031.3636    34.3664 0.0000e+00
      41227 289.373377 -9.990e-29  -51.77853     -1.213    1502.92    939.000    929.880     4.9937     4.9946     0.0009     4.9164     4.9173     0.0009   3.317296   3.317378   0.000086    34.1994    34.1995     5.7615    27.0501    27.0500    34.1997    27.0503    1485.13    1485.14     4.9162  1031.3581    34.3654 0.0000e+00
      41277 289.373401  -37.89872  -51.77854     -0.372    1502.92    938.000    928.890     4.9933     4.9929    -0.0004     4.9161     4.9157    -0.0004   3.317085   3.317263   0.000176    34.1982    34.2006     5.7836    27.0491    27.0511    34.1982    27.0491    1485.12    1485.12     4.9159  1031.3512    34.3623 0.0000e+00
      41309 289.373416  -37.89872  -51.77854     -0.665    1502.92    937.000    927.899     4.9941     4.9949     0.0007     4.9170     4.9177     0.0007   3.317066   3.317117   0.000051    34.1974    34.1973     5.7874    27.0484    27.0482    34.1976    27.0486    1485.10    1485.10     4.9168  1031.3454    34.3609 0.0000e+00
      41334 289.373428  -37.89872  -51.77854     -0.921    1502.92    936.000    926.914     4.9947     4.9952     0.0006     4.9176     4.9182     0.0006   3.316972   3.317031   0.000066    34.1963    34.1965     5.7889    27.0475    27.0475    34.1964    27.0476    1485.09    1485.09     4.9174  1031.3399    34.3597 0.0000e+00
      41367 289.373444  -37.89872  -51.77855     -0.795    1502.92    935.000    925.926     4.9959     4.9965     0.0006     4.9189     4.9195     0.0006   3.317020   3.317066   0.000045    34.1961    34.1960     5.7967    27.0472    27.0470    34.1963    27.0473    1485.07    1485.08     4.9187  1031.3359    34.3607 0.0000e+00
      41408 289.373464 -9.990e-29  -51.77856     -0.552    1502.92    934.000    924.938     4.9968     4.9968    -0.0001     4.9200     4.9199    -0.0001   3.317096   3.317098 6.5847e-07    34.1963    34.1964     5.8054    27.0472    27.0473    34.1967    27.0475    1485.06    1485.06     4.9198  1031.3326    34.3625 0.0000e+00
      41432 289.373476 -9.990e-29  -51.77856     -0.803    1502.92    933.000    923.950     5.0037     5.0045     0.0008     4.9269     4.9277     0.0008   3.317767   3.317738  -0.000011    34.1965    34.1956     5.8064    27.0466    27.0457    34.1979    27.0477    1485.07    1485.08     4.9266  1031.3280    34.3636 0.0000e+00
      41453 289.373486 -9.990e-29  -51.77856     -1.062    1502.92    932.000    922.962     5.0125     5.0166     0.0040     4.9357     4.9397     0.0040   3.318431   3.318827   0.000317    34.1965    34.1961     5.8095    27.0456    27.0447    34.1970    27.0459    1485.09    1485.11     4.9355  1031.3216    34.3627 0.0000e+00
      41471 289.373495  -37.89874  -51.77856     -1.208    1502.92    931.000    921.974     5.0152     5.0221     0.0069     4.9384     4.9453     0.0069   3.318744   3.319324   0.000590    34.1972    34.1970     5.8119    27.0458    27.0448    34.1984    27.0467    1485.09    1485.12     4.9382  1031.3165    34.3625 0.0000e+00
      41490 289.373504  -37.89875  -51.77857     -1.274    1502.92    930.000    920.986     5.0196     5.0241     0.0045     4.9429     4.9474     0.0045   3.319094   3.319478   0.000395    34.1975    34.1974     5.8108    27.0455    27.0449    34.1984    27.0463    1485.09    1485.11     4.9427  1031.3107    34.3617 0.0000e+00
      41510 289.373513  -37.89876  -51.77858     -1.268    1502.92    929.000    919.998     5.0211     5.0257     0.0046     4.9445     4.9491     0.0046   3.319191   3.319586   0.000376    34.1978    34.1975     5.8102    27.0456    27.0448    34.1985    27.0461    1485.08    1485.10     4.9443  1031.3060    34.3617 0.0000e+00
      41540 289.373527  -37.89876  -51.77859     -0.968    1502.92    928.000    919.009     5.0261     5.0220    -0.0040     4.9495     4.9455    -0.0040   3.319625   3.319197  -0.000380    34.1979    34.1976     5.8051    27.0451    27.0453    34.1989    27.0459    1485.08    1485.07     4.9493  1031.3011    34.3621 0.0000e+00
      41581 289.373547  -37.89876  -51.77860     -0.544    1502.92    927.000    918.021     5.0308     5.0248    -0.0061     4.9544     4.9483    -0.0061   3.319994   3.319440  -0.000558    34.1979    34.1977     5.7978    27.0445    27.0451    34.1987    27.0452    1485.09    1485.06     4.9541  1031.2958    34.3620 0.0000e+00
      41606 289.373560  -37.89877  -51.77860     -0.767    1502.92    926.000    917.033     5.0357     5.0358     0.0001     4.9593     4.9594     0.0001   3.320465   3.320419  -0.000064    34.1986    34.1977     5.7928    27.0445    27.0438    34.1997    27.0454    1485.09    1485.09     4.9591  1031.2913    34.3629 0.0000e+00
      41625 289.373569  -37.89878  -51.77860     -1.064    1502.92    925.000    916.045     5.0402     5.0423     0.0021     4.9639     4.9659     0.0021   3.320814   3.320973   0.000134    34.1985    34.1980     5.7918    27.0440    27.0433    34.1995    27.0448    1485.09    1485.10     4.9636  1031.2860    34.3628 0.0000e+00
      41643 289.373577  -37.89878  -51.77862     -1.273    1502.92    924.000    915.057     5.0415     5.0457     0.0042     4.9652     4.9694     0.0041   3.320864   3.321223   0.000340    34.1986    34.1983     5.7927    27.0439    27.0431    34.1993    27.0444    1485.08    1485.10     4.9650  1031.2811    34.3625 0.0000e+00
      41660 289.373586  -37.89878  -51.77862     -1.361    1502.92    923.000    914.069     5.0434     5.0468     0.0034     4.9672     4.9706     0.0034   3.321030   3.321303   0.000265    34.1989    34.1985     5.7930    27.0439    27.0432    34.1998    27.0446    1485.07    1485.09     4.9670  1031.2766    34.3630 0.0000e+00
      41687 289.373599  -37.89879  -51.77862     -1.106    1502.92    922.000    913.080     5.0442     5.0468     0.0026     4.9681     4.9706     0.0026   3.321061   3.321253   0.000194    34.1991    34.1987     5.8037    27.0439    27.0433    34.1998    27.0445    1485.06    1485.07     4.9678  1031.2720    34.3630 0.0000e+00
      41734 289.373621  -37.89880  -51.77864     -0.419    1502.92    921.000    912.092     5.0527     5.0466    -0.0061     4.9766     4.9705    -0.0061   3.321740   3.321220  -0.000503    34.1983    34.1988     5.8011    27.0424    27.0434    34.1994    27.0432    1485.08    1485.05     4.9764  1031.2660    34.3626 0.0000e+00
      41759 289.373633  -37.89880  -51.77864     -0.737    1502.92    920.000    911.104     5.0524     5.0533     0.0009     4.9763     4.9773     0.0009   3.321721   3.321758   0.000053    34.1994    34.1991     5.7952    27.0432    27.0428    34.2001    27.0438    1485.06    1485.06     4.9761  1031.2620    34.3633 0.0000e+00
      41777 289.373642  -37.89880 -9.990e-29     -1.083    1502.92    919.000    910.116     5.0597     5.0645     0.0048     4.9838     4.9885     0.0047   3.322513   3.322891   0.000292    34.2005    34.1991     5.7955    27.0433    27.0416    34.2021    27.0445    1485.08    1485.10     4.9835  1031.2583    34.3657 0.0000e+00
      41795 289.373651  -37.89880 -9.990e-29     -1.291    1502.92    918.000    909.128     5.0641     5.0751     0.0110     4.9882     4.9991     0.0109   3.322881   3.323853   0.000917    34.2012    34.2006     5.8008    27.0433    27.0415    34.2024    27.0443    1485.08    1485.12     4.9879  1031.2534    34.3660 0.0000e+00
      41817 289.373661  -37.89882 -9.990e-29     -1.250    1502.92    917.000    908.140     5.0697     5.0784     0.0087     4.9938     5.0024     0.0086   3.323558   3.324133   0.000677    34.2028    34.2016     5.8010    27.0439    27.0420    34.2050    27.0456    1485.09    1485.12     4.9936  1031.2501    34.3685 0.0000e+00
      41845 289.373675  -37.89882 -9.990e-29     -0.945    1502.92    916.000    907.152     5.0874     5.0750    -0.0124     5.0115     4.9992    -0.0123   3.325226   3.323860  -0.001349    34.2048    34.2020     5.7931    27.0435    27.0427    34.2065    27.0448    1485.15    1485.09     5.0113  1031.2443    34.3701 0.0000e+00
      41871 289.373687  -37.89882  -51.77866     -0.839    1502.92    915.000    906.164     5.1063     5.1064     0.0001     5.0304     5.0305     0.0001   3.327467   3.326913  -0.000488    34.2085    34.2028     5.7885    27.0442    27.0397    34.2134    27.0481    1485.21    1485.21     5.0302  1031.2424    34.3768 0.0000e+00
      41891 289.373697  -37.89882  -51.77866     -1.040    1502.92    914.000    905.175     5.1322     5.1461     0.0139     5.0561     5.0699     0.0138   3.329685   3.330889   0.001036    34.2087    34.2064     5.7792    27.0414    27.0380    34.2130    27.0449    1485.30    1485.36     5.0559  1031.2339    34.3762 0.0000e+00
      41911 289.373706  -37.89882  -51.77868     -1.211    1502.92    913.000    904.187     5.1504     5.1562     0.0058     5.0743     5.0801     0.0058   3.331228   3.331697   0.000385    34.2102    34.2087     5.7816    27.0405    27.0386    34.2126    27.0424    1485.36    1485.38     5.0741  1031.2266    34.3759 0.0000e+00
      41934 289.373718  -37.89884  -51.77868     -1.145    1502.92    912.000    903.199     5.1491     5.1590     0.0099     5.0731     5.0829     0.0098   3.331011   3.331898   0.000892    34.2097    34.2099     5.7815    27.0403    27.0393    34.2120    27.0421    1485.34    1485.38     5.0729  1031.2217    34.3752 0.0000e+00
      41964 289.373732  -37.89884  -51.77868     -0.860    1502.92    911.000    902.211     5.1573     5.1432    -0.0141     5.0814     5.0673    -0.0140   3.331775   3.330248  -0.001319    34.2098    34.2091     5.7536    27.0394    27.0404    34.2129    27.0418    1485.36    1485.29     5.0811  1031.2167    34.3761 0.0000e+00
      41990 289.373745  -37.89884  -51.77868     -0.828    1502.92    910.000    901.223     5.1708     5.1644    -0.0064     5.0948     5.0885    -0.0063   3.333137   3.332475  -0.000798    34.2124    34.2098     5.7456    27.0399    27.0386    34.2152    27.0421    1485.40    1485.37     5.0946  1031.2121    34.3784 0.0000e+00
      42011 289.373755  -37.89884  -51.77868     -1.024    1502.92    909.000    900.234     5.1848     5.1906     0.0058     5.1088     5.1145     0.0057   3.334611   3.335045   0.000349    34.2141    34.2123     5.7429    27.0396    27.0375    34.2183    27.0430    1485.44    1485.46     5.1086  1031.2081    34.3816 0.0000e+00
      42030 289.373764  -37.89884  -51.77870     -1.194    1502.92    908.000    899.246     5.1934     5.2024     0.0089     5.1175     5.1264     0.0089   3.335246   3.335981   0.000680    34.2149    34.2136     5.7406    27.0392    27.0372    34.2173    27.0412    1485.46    1485.49     5.1173  1031.2016    34.3805 0.0000e+00
      42050 289.373774  -37.89886  -51.77870     -1.230    1502.92    907.000    898.258     5.1980     5.2042     0.0062     5.1221     5.1283     0.0061   3.335657   3.336107   0.000480    34.2151    34.2143     5.7407    27.0389    27.0375    34.2178    27.0410    1485.46    1485.49     5.1219  1031.1968    34.3810 0.0000e+00
