Pos-Processados/process_op42/operantar42_015.ros
* Sea-Bird SBE 9 Data File:
* FileName = C:\Users\Hidrografia\Desktop\OPXLII\Brutos\OP42015.hdr
* Software Version Seasave V 7.26.7.107
* Temperature SN = 6502
* Conductivity SN = 4998
* Number of Bytes Per Scan = 31
* Number of Voltage Words = 2
* Number of Scans Averaged by the Deck Unit = 1
* NMEA Latitude = 46 45.52 S
* NMEA Longitude = 057 57.77 W
* NMEA UTC (Time) = Oct 20 2023 19:17:13
* NMEA baud rate = 4800
** H41
** NPOALTEMAXIMIANO
** NUMERO DA ESTACAO (XXX) 015
** LAT (XX XX.XX S/N) 46 45.93 S
** LONG (XXX XX.XX W/E) 057 54.24 W
** DATAHORA (dd/mm/aaaa hh:mm Z) 20/10/2023 1916Z
** PROFUNDIDADE (m) 3525
** OPERADOR CT FABIREZA
# nquan = 24
# nvalues = 3733                                  
# units = specified
# name 0 = scan: Scan Count
# name 1 = timeJ: Julian Days
# name 2 = latitude: Latitude [deg]
# name 3 = longitude: Longitude [deg]
# name 4 = dz/dtM: Descent Rate [m/s]
# name 5 = avgsvCM: Average Sound Velocity [Chen-Millero, m/s]
# name 6 = prDM: Pressure, Digiquartz [db]
# name 7 = depSM: Depth [salt water, m]
# name 8 = t090C: Temperature [ITS-90, deg C]
# name 9 = t190C: Temperature, 2 [ITS-90, deg C]
# name 10 = T2-T190C: Temperature Difference, 2 - 1 [ITS-90, deg C]
# name 11 = potemp090C: Potential Temperature [ITS-90, deg C]
# name 12 = potemp190C: Potential Temperature, 2 [ITS-90, deg C]
# name 13 = potemp90Cdiff: Potential Temperature, Diff, 2 - 1 [ITS-90, deg C]
# name 14 = c0S/m: Conductivity [S/m]
# name 15 = c1S/m: Conductivity, 2 [S/m]
# name 16 = C2-C1S/m: Conductivity Difference, 2 - 1 [S/m]
# name 17 = sal00: Salinity, Practical [PSU]
# name 18 = sal11: Salinity, Practical, 2 [PSU]
# name 19 = sbeox0ML/L: Oxygen, SBE 43 [ml/l]
# name 20 = sigma-é00: Density [sigma-theta, kg/m^3]
# name 21 = sigma-é11: Density, 2 [sigma-theta, kg/m^3]
# name 22 = nbf: Bottles Fired
# name 23 = flag:  0.000e+00
# interval = seconds: 0.0416667
# start_time = Oct 20 2023 19:17:13 [NMEA time, header]
# bad_flag = -9.990e-29
*END*
[from data line 3502]
      62955 293.833982  -46.77098  -57.96592      0.063    1470.12     30.590     30.335     6.9147     6.9131    -0.0016     6.9119     6.9103    -0.0016   3.440248   3.440059  -0.000189    34.0983    34.0979     7.2220    26.7205    26.7204         23  0.000e+00
      62956 293.833983  -46.77098  -57.96592      0.071    1470.12     30.598     30.343     6.9127     6.9119    -0.0008     6.9100     6.9091    -0.0008   3.440199   3.439998  -0.000201    34.0997    34.0983     7.2219    26.7219    26.7209         23  0.000e+00
      62957 293.833983  -46.77098  -57.96592      0.075    1470.12     30.590     30.335     6.9104     6.9113     0.0008     6.9077     6.9085     0.0008   3.439970   3.439968  -0.000003    34.0995    34.0986     7.2268    26.7220    26.7212         23  0.000e+00
      62958 293.833984  -46.77098  -57.96592      0.087    1470.12     30.663     30.407     6.9077     6.9113     0.0036     6.9049     6.9085     0.0036   3.439859   3.439937   0.000078    34.1009    34.0982     7.2225    26.7235    26.7209         23  0.000e+00
      62959 293.833984  -46.77098  -57.96592      0.094    1470.12     30.590     30.335     6.9063     6.9119     0.0056     6.9035     6.9091     0.0056   3.439699   3.439974   0.000275    34.1006    34.0981     7.2223    26.7235    26.7207         23  0.000e+00
      62960 293.833985  -46.77098  -57.96592      0.101    1470.12     30.663     30.407     6.9062     6.9116     0.0054     6.9035     6.9088     0.0054   3.439841   3.439968   0.000127    34.1022    34.0983     7.2268    26.7247    26.7209         23  0.000e+00
      62961 293.833985  -46.77098  -57.96592      0.110    1470.12     30.647     30.391     6.9060     6.9113     0.0053     6.9033     6.9086     0.0053   3.439810   3.439937   0.000127    34.1021    34.0982     7.2270    26.7246    26.7209         23  0.000e+00
      62962 293.833986  -46.77098  -57.96592      0.113    1470.12     30.591     30.335     6.9053     6.9113     0.0060     6.9026     6.9085     0.0060   3.439779   3.439949   0.000170    34.1025    34.0984     7.2271    26.7251    26.7211         23  0.000e+00
      62963 293.833986  -46.77098  -57.96592      0.122    1470.12     30.663     30.407     6.9036     6.9124     0.0088     6.9008     6.9096     0.0088   3.439619   3.439962   0.000342    34.1024    34.0974     7.2226    26.7252    26.7201         23  0.000e+00
      62964 293.833987  -46.77098  -57.96592      0.126    1470.12     30.647     30.391     6.9026     6.9135     0.0109     6.8999     6.9108     0.0109   3.439557   3.440053   0.000495    34.1027    34.0973     7.2222    26.7256    26.7199         23  0.000e+00
      62965 293.833987  -46.77098  -57.96592      0.138    1470.12     30.719     30.463     6.9021     6.9140     0.0119     6.8994     6.9112     0.0119   3.439539   3.440126   0.000587    34.1029    34.0976     7.2219    26.7258    26.7200         23  0.000e+00
      62966 293.833988  -46.77098  -57.96592      0.145    1470.12     30.711     30.455     6.9017     6.9134     0.0117     6.8989     6.9106     0.0117   3.439483   3.440095   0.000612    34.1027    34.0979     7.2220    26.7257    26.7203         23  0.000e+00
      62967 293.833988  -46.77098  -57.96592      0.149    1470.12     30.663     30.407     6.9021     6.9122     0.0101     6.8994     6.9095     0.0101   3.439588   3.440034   0.000446    34.1035    34.0984     7.2220    26.7263    26.7209         23  0.000e+00
      62968 293.833989  -46.77098  -57.96592      0.155    1470.12     30.711     30.455     6.9021     6.9119     0.0098     6.8994     6.9091     0.0098   3.439502   3.439998   0.000496    34.1025    34.0983     7.2167    26.7255    26.7209         23  0.000e+00
      62969 293.833989  -46.77098  -57.96592      0.164    1470.12     30.768     30.511     6.9020     6.9119     0.0099     6.8992     6.9091     0.0099   3.439533   3.439962   0.000429    34.1030    34.0978     7.2207    26.7259    26.7205         23  0.000e+00
      62970 293.833990  -46.77098  -57.96592      0.165    1470.12     30.663     30.407     6.9024     6.9135     0.0112     6.8996     6.9108     0.0112   3.439471   3.440047   0.000575    34.1019    34.0972     7.2201    26.7250    26.7198         23  0.000e+00
      62971 293.833990  -46.77098  -57.96592      0.172    1470.12     30.768     30.511     6.9025     6.9159     0.0135     6.8997     6.9132     0.0135   3.439391   3.440247   0.000856    34.1009    34.0970     7.2198    26.7242    26.7193         23  0.000e+00
      62972 293.833991  -46.77098  -57.96592      0.178    1470.12     30.776     30.519     6.9018     6.9158     0.0140     6.8990     6.9130     0.0140   3.439496   3.440344   0.000849    34.1027    34.0982     7.2194    26.7257    26.7203         23  0.000e+00
      62973 293.833991  -46.77098  -57.96592      0.183    1470.12     30.768     30.511     6.9025     6.9150     0.0125     6.8998     6.9122     0.0125   3.439434   3.440363   0.000928    34.1013    34.0992     7.2189    26.7245    26.7212         23  0.000e+00
      62974 293.833992  -46.77098  -57.96592      0.188    1470.12     30.768     30.511     6.9060     6.9159     0.0099     6.9032     6.9132     0.0099   3.439755   3.440363   0.000608    34.1014    34.0982     7.2184    26.7241    26.7203         23  0.000e+00
      62975 293.833992  -46.77098  -57.96592      0.192    1470.12     30.776     30.519     6.9103     6.9169     0.0067     6.9075     6.9142     0.0067   3.440032   3.440429   0.000397    34.1002    34.0980     7.2179    26.7226    26.7200         23  0.000e+00
      62976 293.833993  -46.77098  -57.96592      0.191    1470.12     30.768     30.511     6.9150     6.9180     0.0030     6.9122     6.9153     0.0030   3.440384   3.440545   0.000161    34.0994    34.0982     7.2173    26.7213    26.7199         23  0.000e+00
      62977 293.833993  -46.77098  -57.96592      0.200    1470.12     30.841     30.583     6.9179     6.9187     0.0007     6.9151     6.9159     0.0007   3.440698   3.440575  -0.000123    34.0999    34.0979     7.2170    26.7213    26.7196         23  0.000e+00
      62978 293.833994  -46.77098  -57.96592      0.205    1470.12     30.833     30.575     6.9210     6.9195    -0.0015     6.9182     6.9167    -0.0015   3.440883   3.440666  -0.000217    34.0989    34.0980     7.2168    26.7201    26.7196         23  0.000e+00
      62979 293.833994  -46.77098  -57.96592      0.209    1470.12     30.841     30.583     6.9249     6.9204    -0.0045     6.9221     6.9177    -0.0045   3.441154   3.440745  -0.000409    34.0980    34.0980     7.2158    26.7189    26.7194         23  0.000e+00
      62980 293.833995  -46.77098  -57.96592      0.211    1470.12     30.833     30.575     6.9273     6.9208    -0.0065     6.9245     6.9180    -0.0065   3.441278   3.440764  -0.000514    34.0970    34.0978     7.2207    26.7178    26.7193         23  0.000e+00
      62981 293.833995  -46.77098  -57.96592      0.213    1470.12     30.833     30.575     6.9290     6.9219    -0.0071     6.9262     6.9191    -0.0071   3.441389   3.440806  -0.000582    34.0965    34.0972     7.2163    26.7171    26.7186         23  0.000e+00
      62982 293.833995  -46.77098  -57.96592      0.217    1470.12     30.841     30.583     6.9298     6.9232    -0.0066     6.9270     6.9204    -0.0066   3.441487   3.440934  -0.000553    34.0968    34.0973     7.2165    26.7173    26.7185         23  0.000e+00
      62983 293.833996  -46.77098  -57.96592      0.220    1470.12     30.889     30.631     6.9300     6.9248    -0.0052     6.9272     6.9220    -0.0052   3.441604   3.441092  -0.000513    34.0979    34.0974     7.2168    26.7181    26.7184         23  0.000e+00
      62984 293.833996  -46.77098  -57.96592      0.226    1470.12     30.897     30.639     6.9296     6.9264    -0.0032     6.9268     6.9236    -0.0032   3.441518   3.441189  -0.000329    34.0973    34.0969     7.2222    26.7177    26.7178         23  0.000e+00
      62985 293.833997  -46.77098  -57.96592      0.226    1470.12     30.833     30.575     6.9294     6.9279    -0.0015     6.9266     6.9251    -0.0015   3.441574   3.441286  -0.000287    34.0982    34.0965     7.2231    26.7184    26.7173         23  0.000e+00
      62986 293.833997  -46.77098  -57.96592      0.227    1470.12     30.897     30.639     6.9293     6.9284    -0.0010     6.9265     6.9256    -0.0010   3.441512   3.441359  -0.000153    34.0975    34.0968     7.2192    26.7179    26.7175         23  0.000e+00
      62987 293.833998  -46.77098  -57.96592      0.232    1470.12     30.945     30.687     6.9292     6.9291    -0.0001     6.9264     6.9263    -0.0001   3.441555   3.441450  -0.000105    34.0982    34.0971     7.2196    26.7184    26.7176         23  0.000e+00
      62988 293.833998  -46.77098  -57.96592      0.230    1470.12     30.889     30.631     6.9289     6.9290     0.0001     6.9261     6.9262     0.0001   3.441481   3.441450  -0.000031    34.0976    34.0972     7.2151    26.7180    26.7177         23  0.000e+00
      62989 293.833999  -46.77098  -57.96592      0.230    1470.12     30.897     30.639     6.9288     6.9287    -0.0002     6.9260     6.9259    -0.0002   3.441543   3.441463  -0.000080    34.0984    34.0977     7.2199    26.7186    26.7181         23  0.000e+00
      62990 293.833999  -46.77098  -57.96592      0.232    1470.12     30.946     30.687     6.9288     6.9287    -0.0002     6.9260     6.9259    -0.0002   3.441456   3.441450  -0.000006    34.0974    34.0975     7.2199    26.7179    26.7180         23  0.000e+00
      62991 293.834000  -46.77098  -57.96592      0.234    1470.12     30.962     30.703     6.9294     6.9282    -0.0012     6.9266     6.9254    -0.0012   3.441586   3.441414  -0.000172    34.0983    34.0976     7.2196    26.7185    26.7181         23  0.000e+00
      62992 293.834000  -46.77098  -57.96592      0.233    1470.12     30.946     30.687     6.9292     6.9277    -0.0015     6.9264     6.9249    -0.0015   3.441518   3.441408  -0.000110    34.0977    34.0980     7.2196    26.7181    26.7185         23  0.000e+00
      62993 293.834001  -46.77098  -57.96592      0.236    1470.12     30.946     30.687     6.9287     6.9270    -0.0016     6.9259     6.9242    -0.0016   3.441506   3.441359  -0.000146    34.0981    34.0981     7.2195    26.7184    26.7187         24  0.000e+00
      62994 293.834001  -46.77098  -57.96592      0.238    1470.12     31.018     30.759     6.9284     6.9261    -0.0023     6.9256     6.9233    -0.0023   3.441370   3.441268  -0.000102    34.0968    34.0980     7.2196    26.7175    26.7187         24  0.000e+00
      62995 293.834002  -46.77098  -57.96592      0.238    1470.12     30.946     30.687     6.9272     6.9261    -0.0011     6.9244     6.9233    -0.0011   3.441419   3.441226  -0.000194    34.0986    34.0976     7.2195    26.7190    26.7184         24  0.000e+00
      62996 293.834002  -46.77098  -57.96594      0.238    1470.12     30.962     30.703     6.9269     6.9265    -0.0004     6.9241     6.9237    -0.0004   3.441333   3.441244  -0.000089    34.0980    34.0974     7.2195    26.7186    26.7181         24  0.000e+00
      62997 293.834003  -46.77098  -57.96594      0.240    1470.12     31.010     30.751     6.9258     6.9267     0.0009     6.9230     6.9239     0.0009   3.441315   3.441323   0.000008    34.0988    34.0980     7.2245    26.7194    26.7186         24  0.000e+00
      62998 293.834003  -46.77098  -57.96594      0.234    1470.12     30.962     30.703     6.9257     6.9267     0.0010     6.9229     6.9239     0.0010   3.441234   3.441274   0.000040    34.0980    34.0975     7.2200    26.7188    26.7182         24  0.000e+00
      62999 293.834004  -46.77098  -57.96594      0.236    1470.12     31.067     30.807     6.9266     6.9259    -0.0007     6.9238     6.9231    -0.0007   3.441315   3.441256  -0.000059    34.0980    34.0980     7.2248    26.7186    26.7187         24  0.000e+00
      63000 293.834004  -46.77098  -57.96594      0.238    1470.12     31.010     30.751     6.9268     6.9256    -0.0011     6.9239     6.9228    -0.0011   3.441432   3.441183  -0.000249    34.0992    34.0975     7.2251    26.7195    26.7184         24  0.000e+00
      63001 293.834005  -46.77098  -57.96594      0.236    1470.12     31.018     30.759     6.9265     6.9251    -0.0014     6.9237     6.9223    -0.0014   3.441382   3.441165  -0.000218    34.0988    34.0979     7.2255    26.7193    26.7187         24  0.000e+00
      63002 293.834005  -46.77098  -57.96594      0.232    1470.12     31.010     30.751     6.9255     6.9251    -0.0004     6.9227     6.9223    -0.0004   3.441216   3.441165  -0.000051    34.0980    34.0979     7.2261    26.7188    26.7187         24  0.000e+00
      63003 293.834006  -46.77098  -57.96594      0.234    1470.12     31.075     30.815     6.9248     6.9253     0.0005     6.9220     6.9225     0.0005   3.441173   3.441165  -0.000008    34.0983    34.0976     7.2266    26.7191    26.7185         24  0.000e+00
      63004 293.834006  -46.77098  -57.96594      0.231    1470.12     31.010     30.751     6.9249     6.9246    -0.0003     6.9221     6.9218    -0.0003   3.441216   3.441141  -0.000075    34.0986    34.0981     7.2268    26.7194    26.7190         24  0.000e+00
      63005 293.834007  -46.77098  -57.96594      0.231    1470.12     31.067     30.807     6.9252     6.9243    -0.0009     6.9224     6.9215    -0.0009   3.441210   3.441134  -0.000075    34.0983    34.0983     7.2272    26.7190    26.7192         24  0.000e+00
      63006 293.834007  -46.77098  -57.96594      0.229    1470.12     31.075     30.815     6.9259     6.9240    -0.0019     6.9231     6.9211    -0.0019   3.441296   3.441098  -0.000198    34.0985    34.0982     7.2279    26.7191    26.7192         24  0.000e+00
      63007 293.834008  -46.77098  -57.96594      0.227    1470.12     31.010     30.751     6.9259     6.9240    -0.0019     6.9231     6.9212    -0.0019   3.441234   3.441074  -0.000161    34.0979    34.0980     7.2331    26.7186    26.7190         24  0.000e+00
      63008 293.834008  -46.77098  -57.96594      0.224    1470.12     31.075     30.815     6.9265     6.9235    -0.0030     6.9237     6.9207    -0.0030   3.441346   3.441074  -0.000272    34.0984    34.0984     7.2289    26.7190    26.7194         24  0.000e+00
      63009 293.834008  -46.77098  -57.96594      0.223    1470.12     31.067     30.807     6.9265     6.9230    -0.0035     6.9237     6.9202    -0.0035   3.441271   3.440928  -0.000344    34.0976    34.0973     7.2297    26.7183    26.7186         24  0.000e+00
      63010 293.834009  -46.77098  -57.96594      0.224    1470.12     31.123     30.863     6.9259     6.9229    -0.0030     6.9231     6.9200    -0.0030   3.441284   3.440928  -0.000356    34.0983    34.0974     7.2257    26.7190    26.7187         24  0.000e+00
      63011 293.834009  -46.77098  -57.96594      0.214    1470.12     31.019     30.759     6.9261     6.9232    -0.0029     6.9233     6.9204    -0.0029   3.441204   3.441037  -0.000166    34.0973    34.0983     7.2308    26.7181    26.7194         24  0.000e+00
      63012 293.834010  -46.77098  -57.96594      0.210    1470.12     31.067     30.807     6.9282     6.9234    -0.0048     6.9254     6.9206    -0.0048   3.441407   3.441074  -0.000333    34.0975    34.0985     7.2307    26.7180    26.7195         24  0.000e+00
      63013 293.834010  -46.77098  -57.96594      0.205    1470.12     31.075     30.815     6.9296     6.9232    -0.0064     6.9268     6.9204    -0.0064   3.441389   3.441043  -0.000345    34.0958    34.0984     7.2307    26.7165    26.7194         24  0.000e+00
      63014 293.834011  -46.77098  -57.96594      0.206    1470.12     31.123     30.863     6.9288     6.9230    -0.0058     6.9260     6.9202    -0.0058   3.441407   3.441086  -0.000321    34.0968    34.0990     7.2360    26.7174    26.7199         24  0.000e+00
