Pos-Processados/process_op42/operantar42_036.cnv
* Sea-Bird SBE 9 Data File:
* FileName = C:\Users\Hidrografia\Desktop\OPXLII\Brutos\OP42036.hdr
* Software Version Seasave V 7.26.7.107
* Temperature SN = 6502
* Conductivity SN = 4998
* Number of Bytes Per Scan = 37
* Number of Voltage Words = 4
* Number of Scans Averaged by the Deck Unit = 1
* NMEA Latitude = 62 08.52 S
* NMEA Longitude = 058 26.36 W
* NMEA UTC (Time) = Nov 09 2023 11:10:29
* NMEA baud rate = 4800
** H41
** NPOALTEMAXIMIANO
** NUMERO DA ESTACAO (XXX) 036
** LAT (XX XX.XX S/N) 62 08.14 S
** LONG (XXX XX.XX W/E) 058 26.57 W
** DATAHORA (dd/mm/aaaa hh:mm Z) 09/11/2023 1105Z
** PROFUNDIDADE (m) 416
** OPERADOR 1T ZAMITH
# nquan = 30
# nvalues = 696                         
# units = specified
# name 0 = scan: Scan Count
# name 1 = timeJ: Julian Days
# name 2 = latitude: Latitude [deg]
# name 3 = longitude: Longitude [deg]
# name 4 = dz/dtM: Descent Rate [m/s]
# name 5 = avgsvCM: Average Sound Velocity [Chen-Millero, m/s]
# name 6 = prDM: Pressure, Digiquartz [db]
# name 7 = depSM: Depth [salt water, m]
# name 8 = t090C: Temperature [ITS-90, deg C]
# name 9 = t190C: Temperature, 2 [ITS-90, deg C]
# name 10 = T2-T190C: Temperature Difference, 2 - 1 [ITS-90, deg C]
# name 11 = potemp090C: Potential Temperature [ITS-90, deg C]
# name 12 = potemp190C: Potential Temperature, 2 [ITS-90, deg C]
# name 13 = potemp90Cdiff: Potential Temperature, Diff, 2 - 1 [ITS-90, deg C]
# name 14 = c0S/m: Conductivity [S/m]
# name 15 = c1S/m: Conductivity, 2 [S/m]
# name 16 = C2-C1S/m: Conductivity Difference, 2 - 1 [S/m]
# name 17 = sal00: Salinity, Practical [PSU]
# name 18 = sal11: Salinity, Practical, 2 [PSU]
# name 19 = sbeox0ML/L: Oxygen, SBE 43 [ml/l]
# name 20 = sigma-é00: Density [sigma-theta, kg/m^3]
# name 21 = sigma-é11: Density, 2 [sigma-theta, kg/m^3]
# name 22 = sal00: Salinity, Practical [PSU]
# name 23 = sigma-é00: Density [sigma-theta, kg/m^3]
# name 24 = svCM: Sound Velocity [Chen-Millero, m/s]
# name 25 = svCM1: Sound Velocity, 2 [Chen-Millero, m/s]
# name 26 = gsw_ptA0: potential temperature [ITS-90, deg C]
# name 27 = gsw_densityA0: density, TEOS-10 [density, kg/m^3]
# name 28 = gsw_saA0: Absolute Salinity [g/kg]
# name 29 = flag:
# span 0 =       3210,      22626       
# span 1 = 313.467161, 313.476524       
# span 2 =  -62.14632,  -62.14268       
# span 3 =  -58.43898,  -58.43496       
# span 4 =     -1.398,      1.157       
# span 5 = -2.109e-32,    1449.04       
# span 6 =      6.000,    354.000       
# span 7 =      5.955,    350.276       
# span 8 =    -0.8297,    -0.4891       
# span 9 =    -0.8286,    -0.4795       
# span 10 =    -0.0208,     0.0251      
# span 11 =    -0.8355,    -0.5011      
# span 12 =    -0.8345,    -0.4915      
# span 13 =    -0.0207,     0.0250      
# span 14 =   2.790549,   2.834198      
# span 15 =   2.790510,   2.834721      
# span 16 =  -0.001224,   0.002274      
# span 17 =    30.1799,    34.4126      
# span 18 =    34.2798,    34.4100      
# span 19 =     6.6245,     7.7550      
# span 20 =    24.2565,    27.6565      
# span 21 =    27.5533,    27.6539      
# span 22 =    34.2810,    34.4123      
# span 23 =    27.5539,    27.6562      
# span 24 =    1445.70,    1451.85      
# span 25 =    1445.72,    1451.89      
# span 26 =    -0.8354,    -0.5009      
# span 27 =  1027.5871,  1029.3496      
# span 28 =    34.4448,    34.5816      
# span 29 = 0.0000e+00, 0.0000e+00      
# interval = decibars: 1                
# start_time = Nov 09 2023 11:10:29 [NMEA time, header]
# bad_flag = -9.990e-29
*END*
[from data line 194]
       8311 313.469621  -62.14368  -58.43794      0.993    1446.66    201.000    198.974    -0.7969    -0.7961     0.0007    -0.8028    -0.8020     0.0007   2.794130   2.794101  -0.000028    34.3142    34.3129     7.4207    27.5898    27.5888    34.3145    27.5901    1447.79    1447.79    -0.8027  1028.5586    34.4834 0.0000e+00
       8336 313.469633  -62.14368  -58.43794      0.960    1446.66    202.000    199.964    -0.7987    -0.7968     0.0019    -0.8046    -0.8028     0.0018   2.793944   2.794076   0.000116    34.3137    34.3132     7.4180    27.5895    27.5890    34.3135    27.5893    1447.79    1447.80    -0.8045  1028.5612    34.4807 0.0000e+00
       8361 313.469645  -62.14368  -58.43794      0.957    1446.66    203.000    200.953    -0.8074    -0.8066     0.0009    -0.8134    -0.8125     0.0009   2.793248   2.793286   0.000046    34.3138    34.3135     7.4098    27.5899    27.5896    34.3134    27.5896    1447.77    1447.77    -0.8132  1028.5663    34.4806 0.0000e+00
       8385 313.469657  -62.14370  -58.43794      0.976    1446.66    204.000    201.943    -0.8090    -0.8077     0.0012    -0.8150    -0.8138     0.0012   2.793184   2.793213   0.000030    34.3137    34.3127     7.4100    27.5899    27.5890    34.3137    27.5898    1447.78    1447.78    -0.8148  1028.5714    34.4809 0.0000e+00
       8410 313.469669  -62.14370  -58.43792      0.977    1446.66    205.000    202.932    -0.8089    -0.8075     0.0013    -0.8149    -0.8136     0.0013   2.793217   2.793262   0.000043    34.3136    34.3126     7.4161    27.5898    27.5890    34.3134    27.5896    1447.79    1447.80    -0.8148  1028.5760    34.4806 0.0000e+00
       8435 313.469681  -62.14370  -58.43792      0.964    1446.66    206.000    203.922    -0.8100    -0.8106    -0.0006    -0.8161    -0.8167    -0.0006   2.793153   2.793040  -0.000103    34.3136    34.3129     7.4220    27.5899    27.5893    34.3132    27.5895    1447.80    1447.80    -0.8159  1028.5807    34.4804 0.0000e+00
       8460 313.469693  -62.14370  -58.43792      0.964    1446.66    207.000    204.911    -0.8156    -0.8152     0.0004    -0.8217    -0.8213     0.0005   2.792787   2.792746  -0.000045    34.3142    34.3130     7.4234    27.5905    27.5896    34.3139    27.5904    1447.80    1447.80    -0.8215  1028.5863    34.4812 0.0000e+00
       8484 313.469704  -62.14372  -58.43792      0.980    1446.66    208.000    205.901    -0.8139    -0.8134     0.0004    -0.8200    -0.8196     0.0004   2.792962   2.792946  -0.000015    34.3138    34.3131     7.4221    27.5902    27.5896    34.3137    27.5901    1447.82    1447.82    -0.8199  1028.5908    34.4810 0.0000e+00
       8508 313.469716  -62.14372  -58.43792      0.990    1446.66    209.000    206.890    -0.8142    -0.8133     0.0008    -0.8203    -0.8195     0.0008   2.793010   2.793003  -0.000009    34.3143    34.3132     7.4217    27.5906    27.5897    34.3141    27.5905    1447.84    1447.84    -0.8202  1028.5960    34.4814 0.0000e+00
       8533 313.469728  -62.14372  -58.43791      0.977    1446.66    210.000    207.880    -0.8142    -0.8134     0.0007    -0.8204    -0.8196     0.0007   2.793048   2.793039  -0.000009    34.3142    34.3132     7.4232    27.5905    27.5897    34.3140    27.5904    1447.85    1447.85    -0.8202  1028.6006    34.4813 0.0000e+00
       8559 313.469740  -62.14373  -58.43790      0.951    1446.66    211.000    208.869    -0.8143    -0.8135     0.0008    -0.8205    -0.8197     0.0008   2.793100   2.793089  -0.000011    34.3143    34.3133     7.4220    27.5906    27.5897    34.3142    27.5905    1447.87    1447.87    -0.8204  1028.6056    34.4814 0.0000e+00
       8584 313.469753  -62.14374  -58.43790      0.937    1446.66    212.000    209.858    -0.8139    -0.8133     0.0006    -0.8202    -0.8196     0.0006   2.793184   2.793156  -0.000023    34.3142    34.3133     7.4167    27.5905    27.5897    34.3144    27.5906    1447.88    1447.89    -0.8200  1028.6105    34.4816 0.0000e+00
       8609 313.469765  -62.14374  -58.43789      0.958    1446.66    213.000    210.848    -0.8073    -0.8075    -0.0002    -0.8136    -0.8138    -0.0002   2.793862   2.793795  -0.000064    34.3144    34.3137     7.4197    27.5904    27.5899    34.3153    27.5912    1447.93    1447.93    -0.8134  1028.6160    34.4830 0.0000e+00
       8634 313.469777  -62.14374 -9.990e-29      0.975    1446.66    214.000    211.837    -0.8033    -0.8031     0.0002    -0.8096    -0.8094     0.0002   2.794305   2.794241  -0.000070    34.3155    34.3143     7.4207    27.5911    27.5902    34.3162    27.5917    1447.97    1447.97    -0.8095  1028.6229    34.4859 0.0000e+00
       8658 313.469788  -62.14375 -9.990e-29      0.978    1446.66    215.000    212.826    -0.7972    -0.7971     0.0001    -0.8035    -0.8035     0.0001   2.794906   2.794849  -0.000049    34.3158    34.3150     7.4234    27.5911    27.5905    34.3168    27.5919    1448.02    1448.02    -0.8034  1028.6278    34.4864 0.0000e+00
       8683 313.469800  -62.14376 -9.990e-29      0.978    1446.66    216.000    213.816    -0.7895    -0.7896    -0.0001    -0.7960    -0.7961    -0.0001   2.795652   2.795592  -0.000049    34.3162    34.3156     7.4087    27.5911    27.5907    34.3176    27.5923    1448.07    1448.07    -0.7958  1028.6329    34.4872 0.0000e+00
       8708 313.469812  -62.14376  -58.43786      0.970    1446.66    217.000    214.805    -0.7834    -0.7834     0.0000    -0.7899    -0.7898     0.0000   2.796287   2.796247  -0.000051    34.3175    34.3168     7.4040    27.5920    27.5914    34.3186    27.5928    1448.12    1448.11    -0.7897  1028.6379    34.4879 0.0000e+00
       8732 313.469824  -62.14376  -58.43786      0.974    1446.66    218.000    215.794    -0.7797    -0.7794     0.0003    -0.7862    -0.7859     0.0003   2.796739   2.796681  -0.000057    34.3186    34.3175     7.3987    27.5927    27.5917    34.3199    27.5937    1448.15    1448.15    -0.7860  1028.6419    34.4872 0.0000e+00
       8756 313.469835  -62.14377  -58.43786      0.997    1446.66    219.000    216.784    -0.7754    -0.7743     0.0011    -0.7820    -0.7809     0.0011   2.797197   2.797211   0.000011    34.3194    34.3183     7.3818    27.5932    27.5922    34.3206    27.5942    1448.19    1448.19    -0.7818  1028.6471    34.4880 0.0000e+00
       8780 313.469847  -62.14378  -58.43786      1.008    1446.66    220.000    217.773    -0.7686    -0.7691    -0.0005    -0.7752    -0.7757    -0.0004   2.797796   2.797747  -0.000054    34.3192    34.3190     7.3693    27.5927    27.5926    34.3204    27.5937    1448.23    1448.23    -0.7750  1028.6514    34.4878 0.0000e+00
       8803 313.469858  -62.14378  -58.43786      1.012    1446.66    221.000    218.762    -0.7691    -0.7683     0.0007    -0.7757    -0.7750     0.0007   2.797897   2.797859  -0.000036    34.3207    34.3194     7.3650    27.5940    27.5929    34.3217    27.5948    1448.25    1448.25    -0.7756  1028.6572    34.4891 0.0000e+00
       8827 313.469870  -62.14378  -58.43786      1.011    1446.66    222.000    219.752    -0.7681    -0.7674     0.0007    -0.7748    -0.7740     0.0007   2.798018   2.797999  -0.000019    34.3208    34.3197     7.3577    27.5940    27.5930    34.3216    27.5946    1448.27    1448.27    -0.7746  1028.6618    34.4889 0.0000e+00
       8851 313.469881  -62.14378  -58.43785      1.004    1446.66    223.000    220.741    -0.7666    -0.7660     0.0006    -0.7733    -0.7726     0.0006   2.798202   2.798179  -0.000029    34.3209    34.3197     7.3608    27.5940    27.5931    34.3218    27.5947    1448.30    1448.30    -0.7731  1028.6667    34.4891 0.0000e+00
       8876 313.469893  -62.14379  -58.43784      0.979    1446.66    224.000    221.730    -0.7643    -0.7635     0.0007    -0.7710    -0.7702     0.0007   2.798457   2.798446  -0.000007    34.3210    34.3201     7.3536    27.5940    27.5932    34.3219    27.5948    1448.32    1448.33    -0.7709  1028.6715    34.4893 0.0000e+00
       8902 313.469906  -62.14380  -58.43784      0.937    1446.66    225.000    222.720    -0.7615    -0.7612     0.0002    -0.7682    -0.7680     0.0002   2.798789   2.798721  -0.000069    34.3215    34.3203     7.3433    27.5943    27.5933    34.3226    27.5952    1448.35    1448.35    -0.7681  1028.6767    34.4900 0.0000e+00
       8929 313.469919  -62.14380  -58.43783      0.904    1446.66    226.000    223.709    -0.7575    -0.7570     0.0005    -0.7643    -0.7638     0.0005   2.799213   2.799190  -0.000017    34.3223    34.3215     7.3390    27.5948    27.5941    34.3233    27.5956    1448.39    1448.39    -0.7641  1028.6818    34.4907 0.0000e+00
       8955 313.469931  -62.14382  -58.43782      0.916    1446.66    227.000    224.699    -0.7574    -0.7565     0.0009    -0.7642    -0.7633     0.0009   2.799353   2.799322  -0.000036    34.3238    34.3222     7.3401    27.5960    27.5947    34.3244    27.5965    1448.41    1448.41    -0.7641  1028.6875    34.4918 0.0000e+00
       8978 313.469943  -62.14382  -58.43782      0.970    1446.66    228.000    225.688    -0.7578    -0.7569     0.0009    -0.7647    -0.7638     0.0009   2.799428   2.799409  -0.000019    34.3247    34.3234     7.3410    27.5967    27.5957    34.3253    27.5972    1448.42    1448.43    -0.7645  1028.6930    34.4927 0.0000e+00
       9001 313.469954  -62.14382  -58.43780      1.024    1446.66    229.000    226.677    -0.7578    -0.7573     0.0006    -0.7647    -0.7642     0.0006   2.799525   2.799482  -0.000044    34.3256    34.3243     7.3315    27.5974    27.5964    34.3260    27.5978    1448.44    1448.44    -0.7645  1028.6983    34.4934 0.0000e+00
       9025 313.469965  -62.14382  -58.43780      1.046    1446.66    230.000    227.667    -0.7574    -0.7566     0.0007    -0.7643    -0.7636     0.0007   2.799618   2.799584  -0.000036    34.3256    34.3243     7.3255    27.5974    27.5964    34.3261    27.5979    1448.46    1448.46    -0.7642  1028.7032    34.4935 0.0000e+00
       9050 313.469977  -62.14384  -58.43780      0.999    1446.66    231.000    228.656    -0.7539    -0.7536     0.0002    -0.7609    -0.7606     0.0002   2.800026   2.799969  -0.000056    34.3261    34.3251     7.3214    27.5978    27.5969    34.3271    27.5985    1448.49    1448.49    -0.7607  1028.7085    34.4945 0.0000e+00
       9076 313.469990  -62.14384  -58.43780      0.924    1446.66    232.000    229.645    -0.7512    -0.7507     0.0005    -0.7582    -0.7577     0.0005   2.800389   2.800332  -0.000053    34.3274    34.3262     7.3139    27.5987    27.5976    34.3283    27.5994    1448.52    1448.52    -0.7580  1028.7141    34.4957 0.0000e+00
       9101 313.470002  -62.14384  -58.43780      0.922    1446.66    233.000    230.634    -0.7493    -0.7486     0.0007    -0.7563    -0.7556     0.0007   2.800696   2.800671  -0.000024    34.3290    34.3279     7.3114    27.5999    27.5989    34.3297    27.6004    1448.55    1448.55    -0.7562  1028.7199    34.4971 0.0000e+00
       9125 313.470013  -62.14384  -58.43780      0.982    1446.66    234.000    231.624    -0.7470    -0.7465     0.0005    -0.7541    -0.7536     0.0005   2.801025   2.800978  -0.000050    34.3301    34.3289     7.3022    27.6007    27.5997    34.3310    27.6014    1448.58    1448.58    -0.7539  1028.7256    34.4984 0.0000e+00
       9147 313.470024  -62.14384  -58.43780      1.050    1446.66    235.000    232.613    -0.7450    -0.7446     0.0003    -0.7521    -0.7517     0.0003   2.801291   2.801236  -0.000048    34.3308    34.3297     7.3048    27.6011    27.6003    34.3316    27.6018    1448.61    1448.61    -0.7519  1028.7308    34.4991 0.0000e+00
       9169 313.470035  -62.14386  -58.43778      1.084    1446.66    236.000    233.602    -0.7427    -0.7423     0.0004    -0.7499    -0.7495     0.0004   2.801548   2.801503  -0.000051    34.3312    34.3301     7.2998    27.6014    27.6005    34.3319    27.6020    1448.63    1448.63    -0.7497  1028.7357    34.4994 0.0000e+00
       9193 313.470047  -62.14386  -58.43778      1.041    1446.66    237.000    234.592    -0.7421    -0.7412     0.0008    -0.7493    -0.7485     0.0008   2.801651   2.801635  -0.000014    34.3315    34.3304     7.2786    27.6016    27.6006    34.3320    27.6020    1448.65    1448.65    -0.7491  1028.7406    34.4995 0.0000e+00
       9220 313.470059  -62.14386  -58.43778      0.943    1446.66    238.000    235.581    -0.7408    -0.7406     0.0003    -0.7481    -0.7478     0.0003   2.801821   2.801747  -0.000070    34.3317    34.3305     7.2675    27.6017    27.6007    34.3322    27.6021    1448.67    1448.68    -0.7479  1028.7454    34.4997 0.0000e+00
       9246 313.470072  -62.14386  -58.43778      0.904    1446.66    239.000    236.570    -0.7405    -0.7402     0.0003    -0.7478    -0.7474     0.0003   2.801899   2.801842  -0.000058    34.3317    34.3306     7.2689    27.6017    27.6008    34.3323    27.6022    1448.69    1448.69    -0.7476  1028.7502    34.4998 0.0000e+00
       9271 313.470084  -62.14388  -58.43776      0.938    1446.66    240.000    237.559    -0.7389    -0.7387     0.0002    -0.7462    -0.7460     0.0002   2.802114   2.802038  -0.000081    34.3322    34.3309     7.2689    27.6020    27.6010    34.3327    27.6025    1448.72    1448.72    -0.7460  1028.7553    34.5002 0.0000e+00
       9295 313.470095  -62.14388  -58.43776      0.991    1446.66    241.000    238.549    -0.7379    -0.7369     0.0009    -0.7452    -0.7443     0.0009   2.802241   2.802247   0.000008    34.3322    34.3313     7.2653    27.6020    27.6012    34.3327    27.6024    1448.74    1448.74    -0.7451  1028.7600    34.5002 0.0000e+00
       9319 313.470107  -62.14388  -58.43776      0.998    1446.67    242.000    239.538    -0.7333    -0.7331     0.0002    -0.7407    -0.7405     0.0002   2.802759   2.802654  -0.000103    34.3328    34.3312     7.2657    27.6023    27.6010    34.3339    27.6032    1448.78    1448.78    -0.7405  1028.7636    34.4990 0.0000e+00
       9346 313.470120 -9.990e-29 -9.990e-29      0.923 -9.990e-29    243.000    240.527    -0.7285    -0.7284     0.0001    -0.7359    -0.7358     0.0001   2.803222   2.803137  -0.000083    34.3332    34.3320     7.2638    27.6024    27.6014    34.3341    27.6031    1448.82    1448.82    -0.7357  1028.7670    34.4977 0.0000e+00
       9373 313.470133 -9.990e-29 -9.990e-29      0.878 -9.990e-29    244.000    241.516    -0.7260    -0.7256     0.0003    -0.7334    -0.7331     0.0003   2.803500   2.803458  -0.000043    34.3335    34.3326     7.2573    27.6026    27.6018    34.3344    27.6033    1448.85    1448.85    -0.7333  1028.7719    34.4980 0.0000e+00
       9398 313.470145 -9.990e-29 -9.990e-29      0.926 -9.990e-29    245.000    242.505    -0.7239    -0.7236     0.0004    -0.7314    -0.7311     0.0004   2.803760   2.803724  -0.000036    34.3341    34.3332     7.2549    27.6030    27.6023    34.3350    27.6037    1448.87    1448.87    -0.7312  1028.7770    34.4986 0.0000e+00
       9421 313.470156  -62.14390  -58.43774      1.005    1447.02    246.000    243.495    -0.7231    -0.7220     0.0011    -0.7307    -0.7296     0.0011   2.803892   2.803897   0.000005    34.3347    34.3335     7.2530    27.6034    27.6024    34.3352    27.6039    1448.89    1448.90    -0.7305  1028.7843    34.5017 0.0000e+00
       9445 313.470168  -62.14390  -58.43774      1.023    1447.03    247.000    244.484    -0.7223    -0.7214     0.0009    -0.7298    -0.7290     0.0009   2.804028   2.804011  -0.000015    34.3349    34.3337     7.2443    27.6035    27.6025    34.3355    27.6040    1448.91    1448.92    -0.7297  1028.7901    34.5030 0.0000e+00
