Pos-Processados/process_op42/operantar42_019.cnv
* Sea-Bird SBE 9 Data File:
* FileName = C:\Users\Hidrografia\Desktop\OPXLII\Brutos\OP42019.hdr
* Software Version Seasave V 7.26.7.107
* Temperature SN = 6502
* Conductivity SN = 4998
* Number of Bytes Per Scan = 37
* Number of Voltage Words = 4
* Number of Scans Averaged by the Deck Unit = 1
* NMEA Latitude = 62 12.74 S
* NMEA Longitude = 058 20.49 W
* NMEA UTC (Time) = Nov 07 2023 15:27:40
* NMEA baud rate = 4800
** H41
** NPOALTEMAXIMIANO
** NUMERO DA ESTACAO (XXX) 019
** LAT (XX XX.XX S/N) 62 12.46 S
** LONG (XXX XX.XX W/E) 058 20.12 W
** DATAHORA (dd/mm/aaaa hh:mm Z) 07/11/2023 1518Z
** PROFUNDIDADE (m) 490
** OPERADOR CT FILIPE LOPES
# nquan = 30
# nvalues = 913                         
# units = specified
# name 0 = scan: Scan Count
# name 1 = timeJ: Julian Days
# name 2 = latitude: Latitude [deg]
# name 3 = longitude: Longitude [deg]
# name 4 = dz/dtM: Descent Rate [m/s]
# name 5 = avgsvCM: Average Sound Velocity [Chen-Millero, m/s]
# name 6 = prDM: Pressure, Digiquartz [db]
# name 7 = depSM: Depth [salt water, m]
# name 8 = t090C: Temperature [ITS-90, deg C]
# name 9 = t190C: Temperature, 2 [ITS-90, deg C]
# name 10 = T2-T190C: Temperature Difference, 2 - 1 [ITS-90, deg C]
# name 11 = potemp090C: Potential Temperature [ITS-90, deg C]
# name 12 = potemp190C: Potential Temperature, 2 [ITS-90, deg C]
# name 13 = potemp90Cdiff: Potential Temperature, Diff, 2 - 1 [ITS-90, deg C]
# name 14 = c0S/m: Conductivity [S/m]
# name 15 = c1S/m: Conductivity, 2 [S/m]
# name 16 = C2-C1S/m: Conductivity Difference, 2 - 1 [S/m]
# name 17 = sal00: Salinity, Practical [PSU]
# name 18 = sal11: Salinity, Practical, 2 [PSU]
# name 19 = sbeox0ML/L: Oxygen, SBE 43 [ml/l]
# name 20 = sigma-é00: Density [sigma-theta, kg/m^3]
# name 21 = sigma-é11: Density, 2 [sigma-theta, kg/m^3]
# name 22 = sal00: Salinity, Practical [PSU]
# name 23 = sigma-é00: Density [sigma-theta, kg/m^3]
# name 24 = svCM: Sound Velocity [Chen-Millero, m/s]
# name 25 = svCM1: Sound Velocity, 2 [Chen-Millero, m/s]
# name 26 = gsw_ptA0: potential temperature [ITS-90, deg C]
# name 27 = gsw_densityA0: density, TEOS-10 [density, kg/m^3]
# name 28 = gsw_saA0: Absolute Salinity [g/kg]
# name 29 = flag:
# span 0 =       2866,      37952       
# span 1 = 311.645594, 311.662515       
# span 2 =  -62.21821,  -62.21281       
# span 3 =  -58.34099,  -58.33464       
# span 4 =     -1.107,      1.119       
# span 5 =       0.00,    1448.93       
# span 6 =      2.000,    458.000       
# span 7 =      1.985,    453.096       
# span 8 =    -0.8834,    -0.2283       
# span 9 =    -0.8826,    -0.2271       
# span 10 =    -0.0267,     0.0342      
# span 11 =    -0.8906,    -0.2443      
# span 12 =    -0.8897,    -0.2431      
# span 13 =    -0.0266,     0.0341      
# span 14 =   2.788194,   2.863769      
# span 15 =   2.788248,   2.863849      
# span 16 =  -0.002371,   0.002889      
# span 17 =    34.2952,    34.4667      
# span 18 =    34.2948,    34.4663      
# span 19 =     6.1334,     7.5568      
# span 20 =    27.5640,    27.6924      
# span 21 =    27.5631,    27.6914      
# span 22 =    34.2949,    34.4661      
# span 23 =    27.5643,    27.6920      
# span 24 =    1445.59,    1454.52      
# span 25 =    1445.59,    1454.52      
# span 26 =    -0.8904,    -0.2441      
# span 27 =  1027.5781,  1029.8714      
# span 28 =    34.4582,    34.6364      
# span 29 = 0.0000e+00, 0.0000e+00      
# interval = decibars: 1                
# start_time = Nov 07 2023 15:27:40 [NMEA time, header]
# bad_flag = -9.990e-29
*END*
[from data line 726]
      29789 311.658578  -62.21692  -58.33634     -0.632    1448.92    188.000    186.110    -0.6412    -0.6423    -0.0011    -0.6470    -0.6481    -0.0011   2.806507   2.806345  -0.000154    34.3129    34.3121     7.3410    27.5822    27.5816    34.3133    27.5826    1448.30    1448.29    -0.6469  1028.4867    34.4805 0.0000e+00
      29823 311.658595  -62.21694  -58.33634     -0.683    1448.92    187.000    185.121    -0.6401    -0.6400     0.0001    -0.6459    -0.6457     0.0001   2.806555   2.806483  -0.000086    34.3129    34.3116     7.3570    27.5822    27.5811    34.3133    27.5825    1448.29    1448.29    -0.6457  1028.4818    34.4805 0.0000e+00
      29851 311.658608  -62.21694  -58.33633     -0.819    1448.92    186.000    184.131    -0.6392    -0.6383     0.0009    -0.6449    -0.6440     0.0009   2.806579   2.806541  -0.000041    34.3129    34.3114     7.3484    27.5822    27.5808    34.3132    27.5824    1448.28    1448.28    -0.6448  1028.4769    34.4804 0.0000e+00
      29879 311.658622  -62.21694  -58.33632     -0.858    1448.92    185.000    183.142    -0.6391    -0.6384     0.0008    -0.6448    -0.6441     0.0008   2.806534   2.806487  -0.000047    34.3129    34.3114     7.3380    27.5822    27.5809    34.3131    27.5823    1448.26    1448.26    -0.6447  1028.4721    34.4803 0.0000e+00
      29909 311.658636  -62.21694  -58.33632     -0.811    1448.92    184.000    182.152    -0.6391    -0.6386     0.0006    -0.6448    -0.6442     0.0006   2.806483   2.806431  -0.000055    34.3128    34.3114     7.3529    27.5821    27.5809    34.3130    27.5822    1448.25    1448.25    -0.6446  1028.4673    34.4802 0.0000e+00
      29944 311.658653  -62.21694  -58.33632     -0.713    1448.92    183.000    181.163    -0.6393    -0.6383     0.0010    -0.6449    -0.6439     0.0010   2.806428   2.806394  -0.000040    34.3130    34.3114     7.3506    27.5822    27.5809    34.3131    27.5823    1448.23    1448.23    -0.6448  1028.4626    34.4803 0.0000e+00
      29980 311.658671  -62.21695  -58.33631     -0.668    1448.92    182.000    180.174    -0.6386    -0.6379     0.0007    -0.6442    -0.6435     0.0007   2.806417   2.806382  -0.000036    34.3127    34.3114     7.3501    27.5819    27.5809    34.3128    27.5821    1448.22    1448.22    -0.6441  1028.4575    34.4800 0.0000e+00
      30022 311.658690  -62.21696  -58.33630     -0.579    1448.92    181.000    179.184    -0.6382    -0.6376     0.0005    -0.6437    -0.6432     0.0005   2.806396   2.806354  -0.000042    34.3125    34.3114     7.3573    27.5818    27.5808    34.3126    27.5819    1448.20    1448.20    -0.6436  1028.4526    34.4798 0.0000e+00
      30056 311.658707  -62.21696  -58.33630     -0.657    1448.92    180.000    178.194    -0.6379    -0.6372     0.0007    -0.6435    -0.6428     0.0007   2.806356   2.806329  -0.000027    34.3123    34.3112     7.3454    27.5816    27.5806    34.3124    27.5817    1448.19    1448.19    -0.6433  1028.4476    34.4796 0.0000e+00
      30082 311.658720  -62.21698  -58.33628     -0.849    1448.92    179.000    177.205    -0.6383    -0.6374     0.0009    -0.6438    -0.6429     0.0009   2.806296   2.806265  -0.000036    34.3126    34.3112     7.3397    27.5819    27.5806    34.3126    27.5819    1448.17    1448.17    -0.6437  1028.4430    34.4798 0.0000e+00
      30104 311.658730  -62.21698  -58.33628     -0.998    1448.92    178.000    176.215    -0.6385    -0.6377     0.0008    -0.6440    -0.6432     0.0008   2.806246   2.806200  -0.000043    34.3128    34.3113     7.3508    27.5820    27.5808    34.3128    27.5820    1448.15    1448.15    -0.6438  1028.4392    34.4810 0.0000e+00
      30126 311.658741  -62.21698 -9.990e-29     -1.086    1448.92    177.000    175.226    -0.6383    -0.6376     0.0007    -0.6437    -0.6430     0.0007   2.806207   2.806170  -0.000041    34.3127    34.3114     7.3521    27.5819    27.5808    34.3127    27.5819    1448.14    1448.14    -0.6436  1028.4352    34.4819 0.0000e+00
      30154 311.658754  -62.21698 -9.990e-29     -0.972    1448.92    176.000    174.236    -0.6381    -0.6377     0.0004    -0.6435    -0.6431     0.0004   2.806187   2.806121  -0.000064    34.3128    34.3114     7.3412    27.5820    27.5808    34.3128    27.5820    1448.12    1448.12    -0.6434  1028.4305    34.4820 0.0000e+00
      30198 311.658776  -62.21698  -58.33626     -0.554    1448.92    175.000    173.246    -0.6371    -0.6369     0.0002    -0.6425    -0.6423     0.0002   2.806204   2.806130  -0.000074    34.3125    34.3112     7.3468    27.5817    27.5807    34.3126    27.5818    1448.11    1448.11    -0.6424  1028.4249    34.4810 0.0000e+00
      30240 311.658796  -62.21699  -58.33626     -0.552    1448.92    174.000    172.257    -0.6371    -0.6363     0.0008    -0.6424    -0.6416     0.0008   2.806151   2.806124  -0.000031    34.3124    34.3111     7.3526    27.5817    27.5805    34.3124    27.5817    1448.09    1448.09    -0.6423  1028.4189    34.4795 0.0000e+00
      30268 311.658809  -62.21700  -58.33626     -0.776    1448.92    173.000    171.267    -0.6369    -0.6358     0.0011    -0.6422    -0.6411     0.0011   2.806127   2.806095  -0.000033    34.3125    34.3108     7.3493    27.5817    27.5803    34.3125    27.5817    1448.08    1448.08    -0.6421  1028.4142    34.4796 0.0000e+00
      30294 311.658822  -62.21700  -58.33626     -0.911    1448.92    172.000    170.278    -0.6370    -0.6363     0.0007    -0.6422    -0.6415     0.0007   2.806060   2.806021  -0.000039    34.3123    34.3109     7.3636    27.5815    27.5804    34.3123    27.5815    1448.06    1448.06    -0.6421  1028.4093    34.4794 0.0000e+00
      30323 311.658836  -62.21700  -58.33624     -0.862    1448.92    171.000    169.288    -0.6371    -0.6365     0.0006    -0.6423    -0.6417     0.0006   2.806010   2.805965  -0.000044    34.3123    34.3110     7.3584    27.5815    27.5805    34.3123    27.5816    1448.04    1448.04    -0.6422  1028.4045    34.4794 0.0000e+00
      30357 311.658852  -62.21702  -58.33624     -0.738    1448.92    170.000    168.299    -0.6372    -0.6364     0.0008    -0.6424    -0.6416     0.0008   2.805948   2.805926  -0.000025    34.3123    34.3111     7.3523    27.5815    27.5805    34.3122    27.5815    1448.03    1448.03    -0.6423  1028.3997    34.4793 0.0000e+00
      30392 311.658869  -62.21702  -58.33624     -0.673    1448.92    169.000    167.309    -0.6371    -0.6363     0.0008    -0.6422    -0.6414     0.0008   2.805912   2.805893  -0.000018    34.3123    34.3111     7.3632    27.5815    27.5805    34.3122    27.5815    1448.01    1448.01    -0.6421  1028.3949    34.4793 0.0000e+00
      30428 311.658887  -62.21702  -58.33623     -0.671    1448.92    168.000    166.320    -0.6372    -0.6365     0.0007    -0.6424    -0.6416     0.0007   2.805853   2.805826  -0.000025    34.3122    34.3110     7.3540    27.5815    27.5805    34.3122    27.5815    1447.99    1448.00    -0.6422  1028.3901    34.4793 0.0000e+00
      30472 311.658907  -62.21702  -58.33622     -0.566    1448.92    167.000    165.330    -0.6369    -0.6365     0.0004    -0.6420    -0.6416     0.0004   2.805815   2.805775  -0.000039    34.3119    34.3109     7.3620    27.5812    27.5804    34.3120    27.5812    1447.98    1447.98    -0.6419  1028.3851    34.4790 0.0000e+00
      30519 311.658931  -62.21704  -58.33622     -0.493    1448.92    166.000    164.340    -0.6371    -0.6363     0.0008    -0.6421    -0.6414     0.0008   2.805763   2.805739  -0.000026    34.3121    34.3109     7.3600    27.5814    27.5803    34.3121    27.5814    1447.96    1447.96    -0.6421  1028.3805    34.4792 0.0000e+00
      30557 311.658949  -62.21704  -58.33620     -0.616    1448.92    165.000    163.351    -0.6370    -0.6361     0.0009    -0.6420    -0.6412     0.0009   2.805714   2.805692  -0.000021    34.3120    34.3107     7.3574    27.5813    27.5802    34.3120    27.5813    1447.95    1447.95    -0.6419  1028.3756    34.4790 0.0000e+00
      30594 311.658967  -62.21704  -58.33620     -0.662    1448.92    164.000    162.361    -0.6370    -0.6363     0.0007    -0.6420    -0.6413     0.0007   2.805667   2.805631  -0.000036    34.3120    34.3107     7.3573    27.5813    27.5802    34.3120    27.5813    1447.93    1447.93    -0.6419  1028.3708    34.4790 0.0000e+00
      30647 311.658992  -62.21706  -58.33619     -0.446    1448.92    163.000    161.371    -0.6368    -0.6361     0.0006    -0.6417    -0.6411     0.0006   2.805637   2.805601  -0.000037    34.3119    34.3107     7.3661    27.5812    27.5802    34.3119    27.5812    1447.91    1447.91    -0.6417  1028.3659    34.4789 0.0000e+00
      30698 311.659017  -62.21706  -58.33618     -0.476    1448.92    162.000    160.382    -0.6368    -0.6360     0.0008    -0.6418    -0.6409     0.0008   2.805577   2.805552  -0.000027    34.3118    34.3105     7.3659    27.5811    27.5800    34.3118    27.5811    1447.90    1447.90    -0.6416  1028.3611    34.4788 0.0000e+00
      30740 311.659037  -62.21707  -58.33618     -0.568    1448.92    161.000    159.394    -0.6368    -0.6360     0.0008    -0.6417    -0.6409     0.0008   2.805540   2.805507  -0.000033    34.3118    34.3105     7.3672    27.5811    27.5800    34.3118    27.5811    1447.88    1447.88    -0.6416  1028.3564    34.4789 0.0000e+00
      30799 311.659065  -62.21708  -58.33618     -0.396    1448.92    160.000    158.403    -0.6366    -0.6359     0.0006    -0.6415    -0.6408     0.0006   2.805514   2.805477  -0.000036    34.3118    34.3106     7.3602    27.5811    27.5801    34.3119    27.5811    1447.87    1447.87    -0.6414  1028.3516    34.4789 0.0000e+00
      30859 311.659094  -62.21708  -58.33616     -0.415    1448.92    159.000    157.413    -0.6364    -0.6359     0.0006    -0.6413    -0.6407     0.0006   2.805487   2.805434  -0.000052    34.3119    34.3106     7.3645    27.5812    27.5801    34.3119    27.5812    1447.85    1447.85    -0.6411  1028.3468    34.4790 0.0000e+00
      30920 311.659124  -62.21710  -58.33616     -0.380    1448.92    158.000    156.425    -0.6359    -0.6356     0.0003    -0.6408    -0.6404     0.0003   2.805474   2.805418  -0.000057    34.3118    34.3107     7.3571    27.5811    27.5801    34.3118    27.5811    1447.84    1447.84    -0.6406  1028.3431    34.4803 0.0000e+00
      30976 311.659151  -62.21710 -9.990e-29     -0.445    1448.92    157.000    155.433    -0.6359    -0.6351     0.0007    -0.6407    -0.6399     0.0007   2.805436   2.805395  -0.000040    34.3118    34.3105     7.3598    27.5811    27.5800    34.3119    27.5811    1447.82    1447.82    -0.6406  1028.3387    34.4808 0.0000e+00
      31036 311.659179  -62.21711  -58.33612     -0.390    1448.92    156.000    154.446    -0.6361    -0.6352     0.0009    -0.6409    -0.6400     0.0009   2.805337   2.805344   0.000005    34.3115    34.3105     7.3653    27.5808    27.5800    34.3114    27.5808    1447.80    1447.81    -0.6408  1028.3323    34.4787 0.0000e+00
      31138 311.659229  -62.21712  -58.33612     -0.206    1448.92    155.000    153.451    -0.6364    -0.6355     0.0009    -0.6411    -0.6402     0.0009   2.805227   2.805226  -0.000003    34.3109    34.3099     7.3622    27.5804    27.5795    34.3109    27.5803    1447.78    1447.79    -0.6410  1028.3269    34.4779 0.0000e+00
      31199 311.659258  -62.21714  -58.33610     -0.432    1448.92    154.000    152.468    -0.6366    -0.6354     0.0011    -0.6413    -0.6401     0.0011   2.805171   2.805186   0.000014    34.3110    34.3099     7.3728    27.5804    27.5795    34.3109    27.5804    1447.77    1447.77    -0.6412  1028.3211    34.4766 0.0000e+00
      31238 311.659277 -9.990e-29 -9.990e-29     -0.583    1448.92    153.000    151.471    -0.6365    -0.6356     0.0010    -0.6412    -0.6402     0.0010   2.805133   2.805129  -0.000003    34.3110    34.3099     7.3698    27.5804    27.5795    34.3110    27.5804    1447.75    1447.76    -0.6411  1028.3143    34.4741 0.0000e+00
      31274 311.659294 -9.990e-29 -9.990e-29     -0.679    1448.92    152.000    150.485    -0.6366    -0.6359     0.0007    -0.6412    -0.6405     0.0007   2.805088   2.805042  -0.000041    34.3110    34.3097     7.3793    27.5805    27.5793    34.3110    27.5804    1447.73    1447.74    -0.6411  1028.3095    34.4741 0.0000e+00
      31307 311.659311  -62.21716  -58.33608     -0.693    1448.92    151.000    149.496    -0.6367    -0.6359     0.0008    -0.6413    -0.6405     0.0008   2.804994   2.804979  -0.000019    34.3106    34.3095     7.3716    27.5801    27.5792    34.3105    27.5801    1447.72    1447.72    -0.6412  1028.3062    34.4759 0.0000e+00
      31334 311.659323  -62.21716  -58.33608     -0.825    1448.92    150.000    148.506    -0.6367    -0.6358     0.0009    -0.6412    -0.6404     0.0009   2.804953   2.804929  -0.000026    34.3107    34.3093     7.3646    27.5801    27.5790    34.3106    27.5801    1447.70    1447.70    -0.6412  1028.3028    34.4776 0.0000e+00
      31357 311.659334  -62.21716  -58.33608     -0.977    1448.92    149.000    147.516    -0.6363    -0.6358     0.0005    -0.6409    -0.6403     0.0005   2.804953   2.804890  -0.000060    34.3108    34.3094     7.3745    27.5802    27.5791    34.3108    27.5803    1447.69    1447.69    -0.6407  1028.2982    34.4777 0.0000e+00
      31381 311.659346  -62.21716  -58.33608     -1.041    1448.92    148.000    146.526    -0.6364    -0.6357     0.0007    -0.6409    -0.6402     0.0007   2.804886   2.804855  -0.000027    34.3106    34.3094     7.3815    27.5801    27.5791    34.3106    27.5801    1447.67    1447.67    -0.6408  1028.2932    34.4776 0.0000e+00
      31412 311.659361  -62.21716  -58.33608     -0.852    1448.92    147.000    145.537    -0.6365    -0.6358     0.0007    -0.6410    -0.6403     0.0007   2.804850   2.804817  -0.000035    34.3108    34.3096     7.3725    27.5803    27.5793    34.3108    27.5803    1447.65    1447.65    -0.6409  1028.2886    34.4777 0.0000e+00
      31455 311.659382  -62.21718  -58.33606     -0.543    1448.92    146.000    144.547    -0.6364    -0.6357     0.0008    -0.6409    -0.6401     0.0008   2.804804   2.804774  -0.000029    34.3108    34.3095     7.3781    27.5802    27.5792    34.3107    27.5802    1447.64    1447.64    -0.6407  1028.2838    34.4777 0.0000e+00
      31490 311.659399  -62.21718  -58.33606     -0.651    1448.92    145.000    143.558    -0.6365    -0.6357     0.0008    -0.6409    -0.6401     0.0008   2.804739   2.804723  -0.000020    34.3107    34.3095     7.3639    27.5801    27.5792    34.3105    27.5801    1447.62    1447.62    -0.6408  1028.2789    34.4775 0.0000e+00
      31521 311.659414  -62.21718  -58.33604     -0.775    1448.92    144.000    142.568    -0.6366    -0.6358     0.0008    -0.6410    -0.6402     0.0008   2.804705   2.804676  -0.000030    34.3109    34.3095     7.3650    27.5804    27.5792    34.3109    27.5803    1447.61    1447.61    -0.6409  1028.2743    34.4778 0.0000e+00
      31559 311.659432  -62.21718  -58.33604     -0.665    1448.92    143.000    141.581    -0.6367    -0.6359     0.0008    -0.6410    -0.6402     0.0008   2.804636   2.804621  -0.000012    34.3106    34.3095     7.3648    27.5801    27.5792    34.3106    27.5801    1447.59    1447.59    -0.6409  1028.2693    34.4775 0.0000e+00
      31609 311.659456  -62.21719  -58.33604     -0.461    1448.92    142.000    140.586    -0.6369    -0.6360     0.0010    -0.6413    -0.6403     0.0010   2.804542   2.804559   0.000016    34.3103    34.3094     7.3629    27.5799    27.5791    34.3103    27.5798    1447.57    1447.57    -0.6411  1028.2643    34.4772 0.0000e+00
