Pos-Processados/process_op42/operantar42_003.ros
* Sea-Bird SBE 9 Data File:
* FileName = C:\Users\Hidrografia\Desktop\OPXLII\Brutos\OP42003.hdr
* Software Version Seasave V 7.26.7.107
* Temperature SN = 6502
* Conductivity SN = 4998
* Number of Bytes Per Scan = 37
* Number of Voltage Words = 4
* Number of Scans Averaged by the Deck Unit = 1
* NMEA Latitude = 38 28.81 S
* NMEA Longitude = 052 09.38 W
* NMEA UTC (Time) = Oct 16 2023 14:11:02
* NMEA baud rate = 4800
** H41
** NPOALTEMAXIMIANO
** NUMERO DA ESTACAO (XXX) 003
** LAT (XX XX.XX S/N) 38 28,767 S
** LONG (XXX XX.XX W/E) 052 09,375 W
** DATAHORA (dd/mm/aaaa hh:mm Z) 16/10/2023 1410 Z
** PROFUNDIDADE (m) 4597
** OPERADOR CHEOPE
# nquan = 24
# nvalues = 3877                                  
# units = specified
# name 0 = scan: Scan Count
# name 1 = timeJ: Julian Days
# name 2 = latitude: Latitude [deg]
# name 3 = longitude: Longitude [deg]
# name 4 = dz/dtM: Descent Rate [m/s]
# name 5 = avgsvCM: Average Sound Velocity [Chen-Millero, m/s]
# name 6 = prDM: Pressure, Digiquartz [db]
# name 7 = depSM: Depth [salt water, m]
# name 8 = t090C: Temperature [ITS-90, deg C]
# name 9 = t190C: Temperature, 2 [ITS-90, deg C]
# name 10 = T2-T190C: Temperature Difference, 2 - 1 [ITS-90, deg C]
# name 11 = potemp090C: Potential Temperature [ITS-90, deg C]
# name 12 = potemp190C: Potential Temperature, 2 [ITS-90, deg C]
# name 13 = potemp90Cdiff: Potential Temperature, Diff, 2 - 1 [ITS-90, deg C]
# name 14 = c0S/m: Conductivity [S/m]
# name 15 = c1S/m: Conductivity, 2 [S/m]
# name 16 = C2-C1S/m: Conductivity Difference, 2 - 1 [S/m]
# name 17 = sal00: Salinity, Practical [PSU]
# name 18 = sal11: Salinity, Practical, 2 [PSU]
# name 19 = sbeox0ML/L: Oxygen, SBE 43 [ml/l]
# name 20 = sigma-é00: Density [sigma-theta, kg/m^3]
# name 21 = sigma-é11: Density, 2 [sigma-theta, kg/m^3]
# name 22 = nbf: Bottles Fired
# name 23 = flag:  0.000e+00
# interval = seconds: 0.0416667
# start_time = Oct 16 2023 14:11:02 [NMEA time, header]
# bad_flag = -9.990e-29
*END*
[from data line 1510]
      66738 289.623179  -38.50094  -52.15732      0.301    1503.29     43.268     42.938    18.6785    18.6788     0.0003    18.6708    18.6711     0.0003   4.808349   4.808495   0.000146    36.2532    36.2542     5.1698    26.0636    26.0643         10  0.000e+00
      66739 289.623180  -38.50094  -52.15732      0.306    1503.29     43.333     43.002    18.6787    18.6784    -0.0002    18.6710    18.6708    -0.0002   4.808300   4.808481   0.000182    36.2526    36.2544     5.1700    26.0631    26.0645         10  0.000e+00
      66740 289.623180  -38.50094  -52.15732      0.308    1503.29     43.268     42.938    18.6785    18.6790     0.0005    18.6708    18.6713     0.0005   4.808250   4.808516   0.000266    36.2524    36.2542     5.1665    26.0630    26.0643         10  0.000e+00
      66741 289.623181  -38.50094  -52.15732      0.311    1503.29     43.333     43.002    18.6785    18.6790     0.0005    18.6708    18.6713     0.0005   4.808300   4.808551   0.000251    36.2528    36.2545     5.1664    26.0633    26.0645         10  0.000e+00
      66742 289.623181  -38.50094  -52.15732      0.315    1503.29     43.389     43.058    18.6787    18.6790     0.0003    18.6710    18.6713     0.0003   4.808321   4.808537   0.000216    36.2528    36.2544     5.1699    26.0633    26.0644         10  0.000e+00
      66743 289.623182  -38.50094  -52.15732      0.315    1503.29     43.333     43.002    18.6785    18.6790     0.0005    18.6708    18.6713     0.0005   4.808349   4.808551   0.000202    36.2532    36.2545     5.1700    26.0636    26.0645         10  0.000e+00
      66744 289.623182  -38.50094  -52.15732      0.320    1503.29     43.389     43.058    18.6783    18.6788     0.0005    18.6706    18.6711     0.0005   4.808328   4.808592   0.000265    36.2532    36.2550     5.1669    26.0636    26.0649         10  0.000e+00
      66745 289.623183  -38.50094  -52.15732      0.316    1503.29     43.333     43.002    18.6787    18.6788     0.0001    18.6710    18.6711     0.0001   4.808321   4.808516   0.000195    36.2528    36.2544     5.1703    26.0633    26.0644         10  0.000e+00
      66746 289.623183  -38.50094  -52.15732      0.320    1503.29     43.413     43.082    18.6785    18.6790     0.0005    18.6708    18.6713     0.0005   4.808349   4.808572   0.000223    36.2532    36.2546     5.1705    26.0636    26.0646         10  0.000e+00
      66747 289.623184  -38.50094  -52.15732      0.317    1503.29     43.389     43.058    18.6787    18.6787     0.0001    18.6710    18.6711     0.0001   4.808335   4.808544   0.000209    36.2529    36.2546     5.1669    26.0633    26.0646         10  0.000e+00
      66748 289.623184  -38.50094  -52.15732      0.312    1503.29     43.333     43.002    18.6787    18.6788     0.0001    18.6710    18.6711     0.0001   4.808321   4.808585   0.000265    36.2528    36.2549     5.1704    26.0633    26.0649         10  0.000e+00
      66749 289.623185  -38.50094  -52.15732      0.315    1503.29     43.454     43.122    18.6785    18.6788     0.0003    18.6708    18.6711     0.0003   4.808349   4.808572   0.000223    36.2532    36.2548     5.1669    26.0636    26.0647         10  0.000e+00
      66750 289.623185  -38.50094  -52.15732      0.311    1503.29     43.389     43.058    18.6790    18.6788    -0.0002    18.6713    18.6711    -0.0002   4.808363   4.808565   0.000202    36.2528    36.2547     5.1670    26.0632    26.0647         10  0.000e+00
      66751 289.623186  -38.50094  -52.15732      0.306    1503.29     43.389     43.058    18.6788    18.6790     0.0001    18.6712    18.6713     0.0001   4.808391   4.808565   0.000173    36.2532    36.2546     5.1671    26.0636    26.0645         10  0.000e+00
      66752 289.623186  -38.50094  -52.15732      0.307    1503.29     43.454     43.122    18.6792    18.6788    -0.0004    18.6715    18.6711    -0.0004   4.808307   4.808565   0.000258    36.2522    36.2547     5.1670    26.0627    26.0647         10  0.000e+00
      66753 289.623187  -38.50094  -52.15732      0.302    1503.29     43.389     43.058    18.6790    18.6790    -0.0000    18.6713    18.6713    -0.0000   4.808307   4.808592   0.000286    36.2524    36.2548     5.1704    26.0628    26.0647         10  0.000e+00
      66754 289.623187  -38.50094  -52.15732      0.300    1503.29     43.454     43.122    18.6793    18.6791    -0.0002    18.6717    18.6715    -0.0002   4.808349   4.808572   0.000223    36.2524    36.2545     5.1669    26.0628    26.0644         10  0.000e+00
      66755 289.623188  -38.50094  -52.15732      0.297    1503.29     43.454     43.122    18.6793    18.6791    -0.0002    18.6717    18.6715    -0.0002   4.808328   4.808592   0.000265    36.2522    36.2546     5.1668    26.0626    26.0646         10  0.000e+00
      66756 289.623188  -38.50094  -52.15732      0.290    1503.29     43.413     43.082    18.6792    18.6793     0.0001    18.6715    18.6716     0.0001   4.808384   4.808606   0.000222    36.2529    36.2546     5.1666    26.0632    26.0645         10  0.000e+00
      66757 289.623189  -38.50094  -52.15732      0.287    1503.29     43.454     43.122    18.6790    18.6791     0.0001    18.6713    18.6715     0.0001   4.808405   4.808634   0.000229    36.2532    36.2550     5.1629    26.0635    26.0648         10  0.000e+00
      66758 289.623189  -38.50096  -52.15732      0.284    1503.29     43.454     43.122    18.6793    18.6793    -0.0000    18.6717    18.6716    -0.0000   4.808427   4.808613   0.000187    36.2531    36.2547     5.1660    26.0633    26.0645         10  0.000e+00
      66759 289.623190  -38.50096  -52.15732      0.276    1503.29     43.454     43.122    18.6793    18.6791    -0.0002    18.6717    18.6715    -0.0002   4.808441   4.808606   0.000166    36.2532    36.2548     5.1662    26.0634    26.0646         10  0.000e+00
      66760 289.623190  -38.50096  -52.15732      0.272    1503.29     43.510     43.178    18.6792    18.6791    -0.0000    18.6715    18.6714    -0.0000   4.808441   4.808634   0.000193    36.2533    36.2550     5.1661    26.0635    26.0648         10  0.000e+00
      66761 289.623191  -38.50096  -52.15732      0.264    1503.29     43.389     43.058    18.6792    18.6795     0.0003    18.6715    18.6718     0.0003   4.808441   4.808613   0.000173    36.2534    36.2545     5.1659    26.0636    26.0644         10  0.000e+00
      66762 289.623191  -38.50096  -52.15732      0.254    1503.29     43.454     43.122    18.6793    18.6791    -0.0002    18.6717    18.6715    -0.0002   4.808413   4.808572   0.000159    36.2529    36.2545     5.1622    26.0632    26.0644         10  0.000e+00
      66763 289.623192  -38.50096  -52.15732      0.250    1503.29     43.510     43.178    18.6793    18.6793    -0.0000    18.6716    18.6716    -0.0000   4.808427   4.808627   0.000201    36.2530    36.2548     5.1654    26.0633    26.0646         10  0.000e+00
      66764 289.623192  -38.50096  -52.15732      0.238    1503.29     43.389     43.058    18.6793    18.6793    -0.0000    18.6717    18.6716    -0.0000   4.808469   4.808669   0.000200    36.2534    36.2552     5.1616    26.0636    26.0649         10  0.000e+00
      66765 289.623193  -38.50096  -52.15732      0.233    1503.29     43.454     43.122    18.6793    18.6795     0.0002    18.6717    18.6718     0.0002   4.808448   4.808655   0.000207    36.2532    36.2549     5.1613    26.0634    26.0646         10  0.000e+00
      66766 289.623193  -38.50096  -52.15732      0.223    1503.29     43.470     43.138    18.6792    18.6797     0.0005    18.6715    18.6720     0.0005   4.808413   4.808648   0.000236    36.2531    36.2546     5.1610    26.0634    26.0644         10  0.000e+00
      66767 289.623193  -38.50096  -52.15732      0.217    1503.29     43.454     43.122    18.6788    18.6800     0.0012    18.6711    18.6723     0.0012   4.808405   4.808648   0.000243    36.2533    36.2543     5.1606    26.0636    26.0641         10  0.000e+00
      66768 289.623194  -38.50096  -52.15732      0.211    1503.29     43.510     43.178    18.6788    18.6798     0.0010    18.6711    18.6721     0.0010   4.808405   4.808669   0.000264    36.2533    36.2547     5.1603    26.0636    26.0644         10  0.000e+00
      66769 289.623194  -38.50096  -52.15732      0.197    1503.29     43.389     43.058    18.6788    18.6800     0.0012    18.6712    18.6723     0.0012   4.808370   4.808683   0.000313    36.2531    36.2547     5.1599    26.0634    26.0643         10  0.000e+00
      66770 289.623195  -38.50096  -52.15732      0.193    1503.29     43.510     43.178    18.6788    18.6798     0.0010    18.6711    18.6721     0.0010   4.808420   4.808690   0.000270    36.2534    36.2548     5.1597    26.0637    26.0645         10  0.000e+00
      66771 289.623195  -38.50096  -52.15732      0.185    1503.29     43.454     43.122    18.6787    18.6800     0.0014    18.6710    18.6723     0.0014   4.808377   4.808690   0.000313    36.2532    36.2547     5.1594    26.0636    26.0644         10  0.000e+00
      66772 289.623196  -38.50096  -52.15732      0.172    1503.29     43.389     43.058    18.6790    18.6798     0.0008    18.6713    18.6722     0.0008   4.808391   4.808711   0.000319    36.2531    36.2551     5.1554    26.0634    26.0647         10  0.000e+00
      66773 289.623196  -38.50096  -52.15732      0.162    1503.29     43.454     43.122    18.6790    18.6800     0.0010    18.6713    18.6723     0.0010   4.808427   4.808725   0.000298    36.2534    36.2550     5.1549    26.0636    26.0646         10  0.000e+00
      66774 289.623197  -38.50096  -52.15732      0.155    1503.29     43.454     43.122    18.6790    18.6798     0.0008    18.6713    18.6722     0.0008   4.808469   4.808697   0.000228    36.2537    36.2549     5.1544    26.0639    26.0646         10  0.000e+00
      66775 289.623197  -38.50096  -52.15732      0.143    1503.29     43.454     43.122    18.6788    18.6802     0.0014    18.6711    18.6725     0.0014   4.808420   4.808655   0.000236    36.2535    36.2542     5.1542    26.0637    26.0640         10  0.000e+00
      66776 289.623198  -38.50096  -52.15732      0.137    1503.29     43.414     43.082    18.6792    18.6800     0.0009    18.6715    18.6723     0.0009   4.808405   4.808669   0.000264    36.2530    36.2545     5.1537    26.0633    26.0642         10  0.000e+00
      66777 289.623198  -38.50096  -52.15732      0.125    1503.29     43.390     43.058    18.6792    18.6802     0.0010    18.6715    18.6725     0.0010   4.808462   4.808718   0.000256    36.2535    36.2548     5.1532    26.0637    26.0644         10  0.000e+00
      66778 289.623199  -38.50096  -52.15732      0.115    1503.29     43.454     43.122    18.6790    18.6802     0.0012    18.6713    18.6725     0.0012   4.808420   4.808732   0.000312    36.2533    36.2549     5.1495    26.0636    26.0645         10  0.000e+00
      66779 289.623199  -38.50096  -52.15732      0.104    1503.29     43.390     43.058    18.6790    18.6802     0.0012    18.6713    18.6725     0.0012   4.808462   4.808697   0.000235    36.2537    36.2546     5.1488    26.0639    26.0643         10  0.000e+00
      66780 289.623200  -38.50096  -52.15732      0.097    1503.29     43.454     43.122    18.6792    18.6802     0.0010    18.6715    18.6725     0.0010   4.808448   4.808690   0.000242    36.2534    36.2545     5.1521    26.0636    26.0642         10  0.000e+00
      66781 289.623200  -38.50096  -52.15732      0.085    1503.29     43.390     43.058    18.6790    18.6802     0.0012    18.6713    18.6725     0.0012   4.808441   4.808711   0.000270    36.2535    36.2547     5.1521    26.0637    26.0644         10  0.000e+00
      66782 289.623201  -38.50096  -52.15732      0.073    1503.29     43.390     43.058    18.6788    18.6802     0.0014    18.6712    18.6725     0.0014   4.808377   4.808725   0.000347    36.2531    36.2549     5.1482    26.0635    26.0644         10  0.000e+00
      66783 289.623201  -38.50096  -52.15732      0.064    1503.29     43.390     43.058    18.6790    18.6804     0.0014    18.6713    18.6727     0.0014   4.808427   4.808732   0.000305    36.2534    36.2548     5.1477    26.0636    26.0643         10  0.000e+00
      66784 289.623202  -38.50096  -52.15732      0.055    1503.29     43.390     43.058    18.6795    18.6804     0.0009    18.6718    18.6727     0.0009   4.808441   4.808732   0.000291    36.2531    36.2548     5.1472    26.0632    26.0643         10  0.000e+00
      66785 289.623202  -38.50096  -52.15732      0.048    1503.29     43.414     43.082    18.6795    18.6802     0.0007    18.6718    18.6725     0.0007   4.808441   4.808725   0.000284    36.2530    36.2548     5.1432    26.0632    26.0644         10  0.000e+00
      66786 289.623203  -38.50096  -52.15732      0.035    1503.29     43.333     43.003    18.6797    18.6804     0.0007    18.6720    18.6727     0.0007   4.808504   4.808725   0.000220    36.2535    36.2547     5.1463    26.0635    26.0643         10  0.000e+00
      66787 289.623203  -38.50096  -52.15732      0.025    1503.29     43.390     43.059    18.6799    18.6805     0.0007    18.6722    18.6728     0.0007   4.808554   4.808732   0.000178    36.2537    36.2546     5.1462    26.0637    26.0642         10  0.000e+00
      66788 289.623204  -38.50096  -52.15732      0.015    1503.29     43.333     43.003    18.6804    18.6805     0.0001    18.6727    18.6728     0.0001   4.808589   4.808759   0.000171    36.2535    36.2549     5.1425    26.0634    26.0644         10  0.000e+00
      66789 289.623204  -38.50096  -52.15732      0.001    1503.29     43.333     43.003    18.6802    18.6805     0.0003    18.6726    18.6728     0.0003   4.808539   4.808794   0.000255    36.2533    36.2552     5.1456    26.0632    26.0646         10  0.000e+00
      66790 289.623205  -38.50096  -52.15732     -0.009    1503.29     43.333     43.003    18.6801    18.6807     0.0006    18.6724    18.6730     0.0006   4.808525   4.808745   0.000220    36.2533    36.2546     5.1418    26.0633    26.0641         10  0.000e+00
      66791 289.623205  -38.50096  -52.15732     -0.015    1503.29     43.333     43.003    18.6801    18.6804     0.0003    18.6724    18.6727     0.0003   4.808490   4.808759   0.000269    36.2530    36.2550     5.1417    26.0631    26.0645         10  0.000e+00
      66792 289.623206  -38.50096  -52.15732     -0.025    1503.29     43.333     43.003    18.6800    18.6805     0.0005    18.6724    18.6728     0.0005   4.808448   4.808773   0.000326    36.2527    36.2550     5.1416    26.0628    26.0645         10  0.000e+00
      66793 289.623206  -38.50096  -52.15732     -0.035    1503.29     43.269     42.939    18.6799    18.6804     0.0005    18.6722    18.6727     0.0005   4.808469   4.808766   0.000297    36.2530    36.2551     5.1376    26.0631    26.0646         10  0.000e+00
      66794 289.623207  -38.50096  -52.15732     -0.045    1503.29     43.333     43.003    18.6801    18.6804     0.0003    18.6724    18.6727     0.0003   4.808511   4.808766   0.000255    36.2532    36.2551     5.1374    26.0632    26.0646         10  0.000e+00
      66795 289.623207  -38.50096  -52.15732     -0.052    1503.29     43.293     42.963    18.6793    18.6802     0.0009    18.6717    18.6725     0.0009   4.808490   4.808711   0.000221    36.2537    36.2548     5.1408    26.0637    26.0644         10  0.000e+00
      66796 289.623207  -38.50096  -52.15732     -0.061    1503.29     43.269     42.939    18.6795    18.6802     0.0007    18.6719    18.6725     0.0007   4.808419   4.808690   0.000270    36.2529    36.2546     5.1370    26.0631    26.0642         10  0.000e+00
