Pos-Processados/process_op42/operantar42_048.cnv
* Sea-Bird SBE 9 Data File:
* FileName = C:\Users\Hidrografia\Desktop\OPXLII\Brutos\OP42048.hdr
* Software Version Seasave V 7.26.7.107
* Temperature SN = 6502
* Conductivity SN = 4998
* Number of Bytes Per Scan = 37
* Number of Voltage Words = 4
* Number of Scans Averaged by the Deck Unit = 1
* NMEA Latitude = 62 08.23 S
* NMEA Longitude = 058 26.45 W
* NMEA UTC (Time) = Nov 09 2023 23:05:39
* NMEA baud rate = 4800
** H41
** NPOALTEMAXIMIANO
** NUMERO DA ESTACAO (XXX) 048
** LAT (XX XX.XX S/N) 62 08. S
** LONG (XXX XX.XX W/E) 058 26. W
** DATAHORA (dd/mm/aaaa hh:mm Z) 09/11/2023 2305Z
** PROFUNDIDADE (m) 424
** OPERADOR 1T ZAMITH
# nquan = 30
# nvalues = 733                         
# units = specified
# name 0 = scan: Scan Count
# name 1 = timeJ: Julian Days
# name 2 = latitude: Latitude [deg]
# name 3 = longitude: Longitude [deg]
# name 4 = dz/dtM: Descent Rate [m/s]
# name 5 = avgsvCM: Average Sound Velocity [Chen-Millero, m/s]
# name 6 = prDM: Pressure, Digiquartz [db]
# name 7 = depSM: Depth [salt water, m]
# name 8 = t090C: Temperature [ITS-90, deg C]
# name 9 = t190C: Temperature, 2 [ITS-90, deg C]
# name 10 = T2-T190C: Temperature Difference, 2 - 1 [ITS-90, deg C]
# name 11 = potemp090C: Potential Temperature [ITS-90, deg C]
# name 12 = potemp190C: Potential Temperature, 2 [ITS-90, deg C]
# name 13 = potemp90Cdiff: Potential Temperature, Diff, 2 - 1 [ITS-90, deg C]
# name 14 = c0S/m: Conductivity [S/m]
# name 15 = c1S/m: Conductivity, 2 [S/m]
# name 16 = C2-C1S/m: Conductivity Difference, 2 - 1 [S/m]
# name 17 = sal00: Salinity, Practical [PSU]
# name 18 = sal11: Salinity, Practical, 2 [PSU]
# name 19 = sbeox0ML/L: Oxygen, SBE 43 [ml/l]
# name 20 = sigma-é00: Density [sigma-theta, kg/m^3]
# name 21 = sigma-é11: Density, 2 [sigma-theta, kg/m^3]
# name 22 = sal00: Salinity, Practical [PSU]
# name 23 = sigma-é00: Density [sigma-theta, kg/m^3]
# name 24 = svCM: Sound Velocity [Chen-Millero, m/s]
# name 25 = svCM1: Sound Velocity, 2 [Chen-Millero, m/s]
# name 26 = gsw_ptA0: potential temperature [ITS-90, deg C]
# name 27 = gsw_densityA0: density, TEOS-10 [density, kg/m^3]
# name 28 = gsw_saA0: Absolute Salinity [g/kg]
# name 29 = flag:
# span 0 =       2220,      22019       
# span 1 = 313.963327, 313.972875       
# span 2 =  -62.14162,  -62.13767       
# span 3 =  -58.44030,  -58.43594       
# span 4 =     -1.113,      1.096       
# span 5 =      -0.00,    1448.19       
# span 6 =      5.000,    371.000       
# span 7 =      4.960,    367.014       
# span 8 =    -0.7945,    -0.5272       
# span 9 =    -0.7936,    -0.5293       
# span 10 =    -0.0118,     0.0114      
# span 11 =    -0.8013,    -0.5394      
# span 12 =    -0.8004,    -0.5391      
# span 13 =    -0.0118,     0.0114      
# span 14 =   2.793347,   2.830375      
# span 15 =   2.793355,   2.830176      
# span 16 =  -0.001098,   0.000990      
# span 17 =    34.2728,    34.3986      
# span 18 =    34.2720,    34.3985      
# span 19 =     6.7183,     7.6968      
# span 20 =    27.5452,    27.6480      
# span 21 =    27.5444,    27.6472      
# span 22 =    34.2726,    34.3992      
# span 23 =    27.5451,    27.6481      
# span 24 =    1445.62,    1451.89      
# span 25 =    1445.63,    1451.90      
# span 26 =    -0.8011,    -0.5392      
# span 27 =  1027.5735,  1029.4216      
# span 28 =    34.4342,    34.5694      
# span 29 = 0.0000e+00, 0.0000e+00      
# interval = decibars: 1                
# start_time = Nov 09 2023 23:05:39 [NMEA time, header]
# bad_flag = -9.990e-29
*END*
       2220 313.963327  -62.13767  -58.44030      0.147       0.03      5.000      4.968    -0.5402    -0.5394     0.0009    -0.5404    -0.5395     0.0009   2.803639   2.803615  -0.000021    34.2733    34.2720     7.6461    27.5455    27.5444    34.2733    27.5456    1445.75    1445.75    -0.5404  1027.5735    34.4381 0.0000e+00
       2285 313.963358  -62.13768  -58.44028      0.678       0.13      6.000      5.942    -0.5402    -0.5389     0.0013    -0.5404    -0.5391     0.0013   2.803736   2.803705  -0.000029    34.2739    34.2720     7.6624    27.5460    27.5445    34.2740    27.5461    1445.76    1445.77    -0.5404  1027.5793    34.4393 0.0000e+00
       2313 313.963372  -62.13770  -58.44028      0.831      -0.00      7.000      6.933    -0.5412    -0.5395     0.0018    -0.5415    -0.5397     0.0018   2.803661   2.803698   0.000029    34.2738    34.2721     7.6596    27.5460    27.5445    34.2735    27.5458    1445.77    1445.78    -0.5414  1027.5817    34.4363 0.0000e+00
       2340 313.963385 -9.990e-29  -58.44026      0.872 9.8975e-40      8.000      7.923    -0.5422    -0.5415     0.0007    -0.5425    -0.5417     0.0007   2.803555   2.803590   0.000036    34.2728    34.2724     7.6625    27.5452    27.5448    34.2726    27.5451    1445.78    1445.79    -0.5424  1027.5849    34.4342 0.0000e+00
       2366 313.963398 -9.990e-29  -58.44026      0.911 2.2407e-20      9.000      8.913    -0.5451    -0.5439     0.0011    -0.5454    -0.5442     0.0011   2.803458   2.803454   0.000003    34.2740    34.2728     7.6704    27.5463    27.5453    34.2739    27.5462    1445.79    1445.79    -0.5454  1027.5908    34.4355 0.0000e+00
       2393 313.963411 -9.990e-29  -58.44025      0.903       0.09     10.000      9.904    -0.5464    -0.5454     0.0011    -0.5467    -0.5457     0.0011   2.803432   2.803390  -0.000048    34.2747    34.2729     7.6621    27.5470    27.5454    34.2744    27.5467    1445.80    1445.80    -0.5467  1027.5961    34.4360 0.0000e+00
       2420 313.963423  -62.13772  -58.44024      0.904       0.00     11.000     10.894    -0.5472    -0.5461     0.0011    -0.5475    -0.5464     0.0011   2.803333   2.803386   0.000056    34.2735    34.2730     7.6629    27.5460    27.5455    34.2734    27.5459    1445.81    1445.82    -0.5475  1027.6028    34.4384 0.0000e+00
       2447 313.963437  -62.13772  -58.44023      0.891 2.0677e-59     12.000     11.885    -0.5495    -0.5486     0.0009    -0.5499    -0.5490     0.0009   2.803347   2.803291  -0.000055    34.2759    34.2742     7.6571    27.5481    27.5466    34.2756    27.5478    1445.82    1445.82    -0.5499  1027.6097    34.4409 0.0000e+00
       2476 313.963450  -62.13772  -58.44022      0.846 7.5681e-38     13.000     12.875    -0.5526    -0.5520     0.0007    -0.5530    -0.5524     0.0007   2.803141   2.803134  -0.000004    34.2760    34.2752     7.6968    27.5483    27.5476    34.2757    27.5480    1445.82    1445.83    -0.5530  1027.6147    34.4410 0.0000e+00
       2504 313.963464  -62.13772  -58.44022      0.837 5.2862e-17     14.000     13.865    -0.5524    -0.5513     0.0011    -0.5528    -0.5517     0.0011   2.803206   2.803204  -0.000006    34.2761    34.2748     7.6637    27.5484    27.5473    34.2757    27.5480    1445.84    1445.84    -0.5528  1027.6184    34.4397 0.0000e+00
       2532 313.963477 -9.990e-29  -58.44020      0.863       0.23     15.000     14.855    -0.5565    -0.5562     0.0003    -0.5569    -0.5566     0.0003   2.803010   2.802963  -0.000040    34.2774    34.2765     7.6523    27.5496    27.5488    34.2771    27.5493    1445.84    1445.84    -0.5569  1027.6226    34.4387 0.0000e+00
       2560 313.963491 -9.990e-29  -58.44020      0.867       0.00     16.000     15.846    -0.5585    -0.5576     0.0009    -0.5590    -0.5581     0.0009   2.802919   2.802922   0.000004    34.2778    34.2768     7.6537    27.5500    27.5491    34.2775    27.5497    1445.85    1445.85    -0.5590  1027.6278    34.4391 0.0000e+00
       2590 313.963505 -9.990e-29  -58.44019      0.815 4.7658e-53     17.000     16.836    -0.5580    -0.5568     0.0012    -0.5585    -0.5573     0.0012   2.802994   2.803022   0.000024    34.2775    34.2764     7.6596    27.5497    27.5488    34.2773    27.5495    1445.86    1445.87    -0.5585  1027.6324    34.4389 0.0000e+00
       2619 313.963519  -62.13776  -58.44018      0.820 1.8166e-31     18.000     17.827    -0.5571    -0.5562     0.0009    -0.5577    -0.5567     0.0009   2.803123   2.803103  -0.000025    34.2776    34.2763     7.6640    27.5498    27.5486    34.2774    27.5496    1445.89    1445.89    -0.5576  1027.6397    34.4421 0.0000e+00
       2647 313.963533  -62.13776  -58.44016      0.838 1.2744e-10     19.000     18.817    -0.5571    -0.5561     0.0009    -0.5576    -0.5567     0.0009   2.803159   2.803164   0.000011    34.2773    34.2763     7.6490    27.5495    27.5487    34.2772    27.5495    1445.90    1445.90    -0.5576  1027.6447    34.4424 0.0000e+00
       2675 313.963547  -62.13776  -58.44016      0.848     665.60     20.000     19.807    -0.5564    -0.5560     0.0004    -0.5570    -0.5566     0.0004   2.803212   2.803230   0.000011    34.2767    34.2764     7.6520    27.5490    27.5487    34.2766    27.5489    1445.92    1445.92    -0.5570  1027.6490    34.4418 0.0000e+00
       2702 313.963560  -62.13777  -58.44015      0.874    1438.04     21.000     20.797    -0.5582    -0.5571     0.0011    -0.5588    -0.5577     0.0011   2.803079   2.803211   0.000103    34.2761    34.2769     7.6598    27.5486    27.5492    34.2761    27.5487    1445.93    1445.93    -0.5588  1027.6535    34.4413 0.0000e+00
       2728 313.963572  -62.13778  -58.44014      0.917    1445.92     22.000     21.788    -0.5590    -0.5589     0.0002    -0.5597    -0.5595     0.0002   2.803167   2.803137  -0.000019    34.2778    34.2773     7.6484    27.5500    27.5496    34.2777    27.5500    1445.94    1445.94    -0.5597  1027.6596    34.4429 0.0000e+00
       2754 313.963585  -62.13778  -58.44013      0.926    1445.92     23.000     22.778    -0.5585    -0.5576     0.0009    -0.5592    -0.5583     0.0009   2.803290   2.803261  -0.000039    34.2783    34.2767     7.6436    27.5504    27.5491    34.2781    27.5503    1445.96    1445.96    -0.5592  1027.6647    34.4433 0.0000e+00
       2781 313.963597  -62.13778  -58.44012      0.910    1445.92     24.000     23.768    -0.5587    -0.5578     0.0010    -0.5595    -0.5585     0.0010   2.803279   2.803292   0.000017    34.2777    34.2768     7.6443    27.5499    27.5492    34.2776    27.5499    1445.97    1445.98    -0.5594  1027.6691    34.4428 0.0000e+00
       2807 313.963610  -62.13779  -58.44012      0.903    1445.92     25.000     24.759    -0.5593    -0.5583     0.0010    -0.5601    -0.5591     0.0010   2.803369   2.803302  -0.000072    34.2791    34.2770     7.6374    27.5511    27.5493    34.2789    27.5509    1445.99    1445.99    -0.5600  1027.6736    34.4425 0.0000e+00
       2833 313.963623 -9.990e-29  -58.44011      0.908    1445.92     26.000     25.749    -0.5592    -0.5586     0.0007    -0.5600    -0.5593     0.0007   2.803302   2.803337   0.000028    34.2774    34.2770     7.6412    27.5497    27.5494    34.2773    27.5496    1446.00    1446.01    -0.5600  1027.6755    34.4389 0.0000e+00
       2859 313.963635 -9.990e-29  -58.44010      0.932    1445.92     27.000     26.739    -0.5590    -0.5586     0.0005    -0.5598    -0.5594     0.0005   2.803459   2.803384  -0.000052    34.2783    34.2771     7.6415    27.5504    27.5494    34.2785    27.5506    1446.02    1446.02    -0.5598  1027.6813    34.4402 0.0000e+00
       2884 313.963647 -9.990e-29  -58.44010      0.951    1445.92     28.000     27.730    -0.5598    -0.5588     0.0010    -0.5606    -0.5596     0.0010   2.803414   2.803407  -0.000018    34.2783    34.2770     7.6539    27.5505    27.5493    34.2781    27.5503    1446.04    1446.04    -0.5606  1027.6858    34.4398 0.0000e+00
       2910 313.963660  -62.13782  -58.44008      0.939    1445.92     29.000     28.720    -0.5609    -0.5599     0.0010    -0.5618    -0.5607     0.0010   2.803370   2.803380   0.000018    34.2782    34.2773     7.6532    27.5504    27.5496    34.2782    27.5504    1446.04    1446.05    -0.5617  1027.6923    34.4419 0.0000e+00
       2937 313.963673  -62.13782  -58.44008      0.903    1445.92     30.000     29.710    -0.5608    -0.5600     0.0008    -0.5617    -0.5609     0.0008   2.803480   2.803425  -0.000057    34.2790    34.2774     7.6405    27.5511    27.5497    34.2790    27.5511    1446.06    1446.07    -0.5617  1027.6990    34.4443 0.0000e+00
       2964 313.963686  -62.13782  -58.44008      0.895    1445.92     31.000     30.700    -0.5607    -0.5599     0.0008    -0.5617    -0.5608     0.0008   2.803466   2.803488   0.000018    34.2781    34.2775     7.6410    27.5504    27.5498    34.2781    27.5503    1446.08    1446.08    -0.5616  1027.7031    34.4434 0.0000e+00
       2990 313.963698  -62.13783  -58.44006      0.909    1445.92     32.000     31.691    -0.5609    -0.5600     0.0010    -0.5619    -0.5609     0.0010   2.803537   2.803527  -0.000007    34.2786    34.2774     7.6403    27.5507    27.5498    34.2786    27.5508    1446.10    1446.10    -0.5618  1027.7083    34.4439 0.0000e+00
       3015 313.963711  -62.13784  -58.44005      0.927    1445.92     33.000     32.681    -0.5602    -0.5594     0.0008    -0.5612    -0.5604     0.0008   2.803666   2.803613  -0.000057    34.2789    34.2773     7.6431    27.5510    27.5497    34.2789    27.5510    1446.12    1446.12    -0.5612  1027.7134    34.4443 0.0000e+00
       3041 313.963723  -62.13784  -58.44004      0.940    1445.92     34.000     33.671    -0.5601    -0.5592     0.0009    -0.5611    -0.5602     0.0009   2.803692   2.803681  -0.000011    34.2786    34.2774     7.6435    27.5507    27.5497    34.2785    27.5507    1446.13    1446.13    -0.5611  1027.7178    34.4439 0.0000e+00
       3067 313.963736  -62.13784  -58.44004      0.930    1445.92     35.000     34.661    -0.5600    -0.5592     0.0008    -0.5610    -0.5602     0.0008   2.803693   2.803722   0.000027    34.2778    34.2773     7.6411    27.5501    27.5496    34.2778    27.5501    1446.15    1446.15    -0.5610  1027.7220    34.4431 0.0000e+00
       3094 313.963748  -62.13785  -58.44003      0.908    1445.92     36.000     35.652    -0.5598    -0.5590     0.0008    -0.5609    -0.5601     0.0008   2.803763   2.803784   0.000022    34.2779    34.2773     7.6446    27.5502    27.5497    34.2779    27.5502    1446.16    1446.17    -0.5609  1027.7269    34.4433 0.0000e+00
       3120 313.963761  -62.13786  -58.44002      0.906    1445.92     37.000     36.642    -0.5599    -0.5591     0.0008    -0.5610    -0.5602     0.0008   2.803822   2.803828   0.000006    34.2781    34.2773     7.6500    27.5503    27.5496    34.2782    27.5504    1446.18    1446.18    -0.5610  1027.7319    34.4436 0.0000e+00
       3146 313.963773  -62.13786  -58.44002      0.926    1445.92     38.000     37.632    -0.5600    -0.5593     0.0007    -0.5611    -0.5604     0.0007   2.803864   2.803851  -0.000008    34.2782    34.2773     7.6470    27.5504    27.5497    34.2782    27.5504    1446.20    1446.20    -0.5611  1027.7368    34.4436 0.0000e+00
       3171 313.963786  -62.13786  -58.44000      0.934    1445.92     39.000     38.622    -0.5598    -0.5591     0.0007    -0.5610    -0.5603     0.0007   2.803949   2.803908  -0.000040    34.2785    34.2772     7.6458    27.5507    27.5496    34.2786    27.5507    1446.21    1446.22    -0.5610  1027.7419    34.4440 0.0000e+00
       3197 313.963798  -62.13788  -58.44000      0.938    1445.92     40.000     39.612    -0.5601    -0.5592     0.0008    -0.5613    -0.5604     0.0008   2.803958   2.803951  -0.000009    34.2784    34.2774     7.6399    27.5506    27.5497    34.2784    27.5506    1446.23    1446.23    -0.5613  1027.7465    34.4438 0.0000e+00
       3222 313.963810  -62.13788  -58.44000      0.957    1445.92     41.000     40.603    -0.5602    -0.5595     0.0007    -0.5614    -0.5607     0.0007   2.803998   2.803976  -0.000024    34.2784    34.2773     7.6300    27.5506    27.5497    34.2784    27.5506    1446.24    1446.25    -0.5614  1027.7513    34.4439 0.0000e+00
       3247 313.963822  -62.13788  -58.43998      0.961    1445.92     42.000     41.593    -0.5604    -0.5594     0.0010    -0.5616    -0.5607     0.0010   2.804008   2.804023   0.000015    34.2782    34.2772     7.6246    27.5504    27.5496    34.2781    27.5504    1446.26    1446.26    -0.5616  1027.7559    34.4436 0.0000e+00
       3273 313.963835  -62.13788  -58.43998      0.935    1445.92     43.000     42.583    -0.5609    -0.5600     0.0009    -0.5622    -0.5613     0.0009   2.804007   2.804029   0.000022    34.2782    34.2774     7.6304    27.5505    27.5498    34.2782    27.5504    1446.27    1446.28    -0.5622  1027.7607    34.4436 0.0000e+00
       3300 313.963848  -62.13788  -58.43998      0.903    1445.92     44.000     43.573    -0.5610    -0.5601     0.0008    -0.5623    -0.5615     0.0008   2.804021   2.804053   0.000028    34.2778    34.2772     7.6411    27.5501    27.5496    34.2778    27.5501    1446.29    1446.29    -0.5623  1027.7652    34.4432 0.0000e+00
       3326 313.963861  -62.13790  -58.43996      0.896    1445.92     45.000     44.563    -0.5608    -0.5599     0.0009    -0.5622    -0.5613     0.0009   2.804058   2.804113   0.000057    34.2774    34.2772     7.6409    27.5498    27.5496    34.2775    27.5499    1446.31    1446.31    -0.5621  1027.7697    34.4430 0.0000e+00
       3352 313.963873  -62.13790  -58.43995      0.913    1445.92     46.000     45.554    -0.5614    -0.5604     0.0009    -0.5628    -0.5618     0.0009   2.804076   2.804127   0.000053    34.2777    34.2773     7.6421    27.5501    27.5497    34.2777    27.5501    1446.32    1446.32    -0.5627  1027.7747    34.4432 0.0000e+00
       3377 313.963885  -62.13790  -58.43994      0.940    1445.92     47.000     46.544    -0.5604    -0.5599     0.0006    -0.5619    -0.5613     0.0006   2.804230   2.804214  -0.000008    34.2779    34.2771     7.6406    27.5502    27.5496    34.2781    27.5504    1446.34    1446.34    -0.5618  1027.7798    34.4436 0.0000e+00
       3402 313.963897  -62.13791  -58.43994      0.971    1445.92     48.000     47.534    -0.5600    -0.5592     0.0008    -0.5614    -0.5606     0.0008   2.804386   2.804318  -0.000070    34.2790    34.2771     7.6386    27.5511    27.5495    34.2791    27.5511    1446.36    1446.36    -0.5614  1027.7846    34.4437 0.0000e+00
       3427 313.963909 -9.990e-29  -58.43994      0.980    1445.92     49.000     48.524    -0.5597    -0.5589     0.0009    -0.5612    -0.5603     0.0009   2.804380   2.804380  -0.000007    34.2781    34.2770     7.6395    27.5503    27.5494    34.2781    27.5503    1446.38    1446.38    -0.5612  1027.7863    34.4398 0.0000e+00
       3452 313.963921 -9.990e-29  -58.43993      0.964    1445.92     50.000     49.514    -0.5593    -0.5586     0.0007    -0.5608    -0.5601     0.0007   2.804411   2.804458   0.000050    34.2773    34.2771     7.6405    27.5496    27.5495    34.2774    27.5498    1446.39    1446.40    -0.5608  1027.7904    34.4391 0.0000e+00
       3477 313.963933 -9.990e-29  -58.43992      0.943    1445.92     51.000     50.504    -0.5591    -0.5583     0.0008    -0.5607    -0.5598     0.0008   2.804577   2.804525  -0.000048    34.2787    34.2771     7.6396    27.5508    27.5495    34.2788    27.5509    1446.41    1446.41    -0.5606  1027.7963    34.4405 0.0000e+00
       3503 313.963946  -62.13794  -58.43991      0.935    1445.92     52.000     51.495    -0.5595    -0.5589     0.0006    -0.5611    -0.5604     0.0006   2.804510   2.804527   0.000013    34.2777    34.2772     7.6369    27.5500    27.5495    34.2777    27.5500    1446.43    1446.43    -0.5610  1027.8012    34.4406 0.0000e+00
