Pos-Processados/process_op42/operantar42_007.cnv
* Sea-Bird SBE 9 Data File:
* FileName = C:\Users\Hidrografia\Desktop\OPXLII\Brutos\OP42006.hdr
* Software Version Seasave V 7.26.7.107
* Temperature SN = 6502
* Conductivity SN = 4998
* Number of Bytes Per Scan = 31
* Number of Voltage Words = 2
* Number of Scans Averaged by the Deck Unit = 1
* NMEA Latitude = 41 49.29 S
* NMEA Longitude = 054 31.41 W
* NMEA UTC (Time) = Oct 18 2023 00:54:10
* NMEA baud rate = 4800
** H41
** NPOALTEMAXIMIANO
** NUMERO DA ESTACAO (XXX) 006
** LAT (XX XX.XX S/N) 41 49.31 S
** LONG (XXX XX.XX W/E) 054 31.42 W
** DATAHORA (dd/mm/aaaa hh:mm Z) 17/10/2023 0025Z
** PROFUNDIDADE (m) 5071
** OPERADOR CT FILIPE LOPES
# nquan = 30
# nvalues = 2027                        
# units = specified
# name 0 = scan: Scan Count
# name 1 = timeJ: Julian Days
# name 2 = latitude: Latitude [deg]
# name 3 = longitude: Longitude [deg]
# name 4 = dz/dtM: Descent Rate [m/s]
# name 5 = avgsvCM: Average Sound Velocity [Chen-Millero, m/s]
# name 6 = prDM: Pressure, Digiquartz [db]
# name 7 = depSM: Depth [salt water, m]
# name 8 = t090C: Temperature [ITS-90, deg C]
# name 9 = t190C: Temperature, 2 [ITS-90, deg C]
# name 10 = T2-T190C: Temperature Difference, 2 - 1 [ITS-90, deg C]
# name 11 = potemp090C: Potential Temperature [ITS-90, deg C]
# name 12 = potemp190C: Potential Temperature, 2 [ITS-90, deg C]
# name 13 = potemp90Cdiff: Potential Temperature, Diff, 2 - 1 [ITS-90, deg C]
# name 14 = c0S/m: Conductivity [S/m]
# name 15 = c1S/m: Conductivity, 2 [S/m]
# name 16 = C2-C1S/m: Conductivity Difference, 2 - 1 [S/m]
# name 17 = sal00: Salinity, Practical [PSU]
# name 18 = sal11: Salinity, Practical, 2 [PSU]
# name 19 = sbeox0ML/L: Oxygen, SBE 43 [ml/l]
# name 20 = sigma-é00: Density [sigma-theta, kg/m^3]
# name 21 = sigma-é11: Density, 2 [sigma-theta, kg/m^3]
# name 22 = sal00: Salinity, Practical [PSU]
# name 23 = sigma-é00: Density [sigma-theta, kg/m^3]
# name 24 = svCM: Sound Velocity [Chen-Millero, m/s]
# name 25 = svCM1: Sound Velocity, 2 [Chen-Millero, m/s]
# name 26 = gsw_ptA0: potential temperature [ITS-90, deg C]
# name 27 = gsw_densityA0: density, TEOS-10 [density, kg/m^3]
# name 28 = gsw_saA0: Absolute Salinity [g/kg]
# name 29 = flag:
# span 0 =       5829,      65275       
# span 1 = 291.040426, 291.069095       
# span 2 =  -41.82056,  -41.81190       
# span 3 =  -54.52299,  -54.51750       
# span 4 =     -1.512,      1.484       
# span 5 =       0.00,    1502.65       
# span 6 =      2.000,   1016.000       
# span 7 =      2.019,   1005.581       
# span 8 =     3.0698,    13.7247       
# span 9 =     3.0706,    13.7272       
# span 10 =    -0.5423,     0.5292      
# span 11 =     3.0038,    13.7226      
# span 12 =     3.0046,    13.7240      
# span 13 =    -0.5412,     0.5282      
# span 14 =   3.155142,   4.206754      
# span 15 =   3.155159,   4.207083      
# span 16 =  -0.052698,   0.056733      
# span 17 =    34.1191,    35.3569      
# span 18 =    34.1214,    35.3575      
# span 19 =     4.6802,     6.4864      
# span 20 =    26.5102,    27.3265      
# span 21 =    26.5122,    27.3263      
# span 22 =    34.1140,    35.3598      
# span 23 =    26.5205,    27.3264      
# span 24 =    1475.74,    1503.67      
# span 25 =    1475.75,    1503.66      
# span 26 =     3.0037,    13.7226      
# span 27 =  1026.5452,  1032.0304      
# span 28 =    34.2756,    35.5268      
# span 29 = 0.0000e+00, 0.0000e+00      
# interval = decibars: 1                
# start_time = Oct 18 2023 00:54:10 [NMEA time, header]
# bad_flag = -9.990e-29
*END*
[from data line 194]
      11698 291.043257  -41.81976  -54.52242      1.084    1499.48    196.000    194.374    11.8284    11.8289     0.0006    11.8030    11.8035     0.0006   4.012620   4.012512  -0.000137    35.2019    35.2000     5.6331    26.7836    26.7820    35.2003    26.7823    1499.71    1499.71    11.8030  1027.6595    35.3670 0.0000e+00
      11720 291.043267  -41.81976  -54.52242      1.112    1499.48    197.000    195.365    11.7984    11.8006     0.0022    11.7730    11.7751     0.0022   4.009012   4.009141   0.000119    35.1955    35.1946     5.6215    26.7843    26.7832    35.1928    26.7822    1499.62    1499.63    11.7730  1027.6639    35.3594 0.0000e+00
      11744 291.043279  -41.81974  -54.52242      1.034    1499.48    198.000    196.356    11.7773    11.7765    -0.0009    11.7518    11.7509    -0.0009   4.006617   4.006406  -0.000215    35.1911    35.1898     5.6099    26.7849    26.7840    35.1888    26.7831    1499.56    1499.55    11.7518  1027.6694    35.3554 0.0000e+00
      11771 291.043292  -41.81974  -54.52242      0.927    1499.48    199.000    197.348    11.7560    11.7589     0.0029    11.7304    11.7333     0.0029   4.004002   4.004200   0.000258    35.1862    35.1859     5.5854    26.7851    26.7844    35.1829    26.7826    1499.50    1499.50    11.7303  1027.6734    35.3495 0.0000e+00
      11796 291.043304  -41.81974  -54.52242      0.930    1499.48    200.000    198.339    11.7297    11.7274    -0.0023    11.7039    11.7016    -0.0023   4.000685   4.000511  -0.000277    35.1798    35.1792     5.5761    26.7851    26.7851    35.1748    26.7813    1499.41    1499.40    11.7039  1027.6766    35.3414 0.0000e+00
      11819 291.043315  -41.81974  -54.52242      1.004    1499.48    201.000    199.330    11.6927    11.6939     0.0011    11.6669    11.6680     0.0011   3.996588   3.996576   0.000027    35.1733    35.1726     5.5743    26.7871    26.7863    35.1691    26.7838    1499.30    1499.30    11.6669  1027.6838    35.3357 0.0000e+00
      11843 291.043327  -41.81974  -54.52242      1.012    1499.48    202.000    200.321    11.6985    11.7002     0.0017    11.6725    11.6742     0.0017   3.997485   3.997853   0.000341    35.1715    35.1732     5.5684    26.7846    26.7857    35.1720    26.7850    1499.33    1499.34    11.6725  1027.6894    35.3386 0.0000e+00
      11868 291.043339  -41.81974  -54.52242      0.964    1499.48    203.000    201.312    11.7228    11.7246     0.0017    11.6967    11.6985     0.0017   4.000308   4.000717   0.000415    35.1764    35.1788     5.5557    26.7839    26.7854    35.1762    26.7838    1499.44    1499.45    11.6967  1027.6925    35.3428 0.0000e+00
      11893 291.043351  -41.81972  -54.52241      0.961    1499.48    204.000    202.303    11.7301    11.7372     0.0071    11.7038    11.7109     0.0071   4.001437   4.002354   0.000839    35.1802    35.1817     5.5524    26.7855    26.7853    35.1801    26.7854    1499.48    1499.51    11.7038  1027.6985    35.3467 0.0000e+00
      11918 291.043363  -41.81972  -54.52240      0.963    1499.48    205.000    203.295    11.7503    11.7516     0.0013    11.7239    11.7252     0.0013   4.004394   4.004180   0.000164    35.1844    35.1847     5.5549    26.7850    26.7850    35.1895    26.7889    1499.58    1499.58    11.7239  1027.7064    35.3561 0.0000e+00
      11946 291.043376  -41.81972  -54.52240      0.903    1499.48    206.000    204.286    11.8197    11.8099    -0.0098    11.7931    11.7833    -0.0098   4.011758   4.011739  -0.000250    35.1924    35.1992     5.5604    26.7781    26.7852    35.1956    26.7806    1499.84    1499.82    11.7930  1027.7020    35.3620 0.0000e+00
      11977 291.043391 -9.990e-29  -54.52240      0.795    1499.48    207.000    205.277    11.8218    11.8226     0.0008    11.7950    11.7958     0.0008   4.012894   4.012962   0.000096    35.2031    35.2033     5.5816    26.7860    26.7860    35.2044    26.7870    1499.88    1499.88    11.7949  1027.7128    35.3707 0.0000e+00
      12003 291.043404 -9.990e-29  -54.52240      0.848    1499.48    208.000    206.268    11.8151    11.8145    -0.0006    11.7882    11.7876    -0.0006   4.011965   4.011964   0.000001    35.2012    35.2018     5.5932    26.7858    26.7864    35.2011    26.7858    1499.87    1499.87    11.7882  1027.7160    35.3674 0.0000e+00
      12025 291.043414 -9.990e-29  -54.52240      0.998    1499.48    209.000    207.259    11.7952    11.7943    -0.0009    11.7682    11.7673    -0.0009   4.009692   4.009546  -0.000165    35.1991    35.1984     5.5865    26.7880    26.7876    35.1972    26.7865    1499.81    1499.81    11.7682  1027.7213    35.3635 0.0000e+00
      12044 291.043424 -9.990e-29  -54.52240      1.141    1499.48    210.000    208.251    11.7592    11.7580    -0.0013    11.7321    11.7309    -0.0013   4.004639   4.004207  -0.000194    35.1929    35.1922     5.5845    26.7900    26.7897    35.1813    26.7809    1499.69    1499.68    11.7321  1027.7204    35.3475 0.0000e+00
      12064 291.043433 -9.990e-29  -54.52240      1.223    1499.48    211.000    209.242    11.6464    11.6325    -0.0139    11.6194    11.6055    -0.0139   3.991858   3.990272  -0.001664    35.1694    35.1662     5.5980    26.7930    26.7931    35.1620    26.7872    1499.29    1499.24    11.6194  1027.7316    35.3282 0.0000e+00
      12090 291.043446 -9.990e-29  -54.52240      1.073    1499.48    212.000    210.233    11.6436    11.6537     0.0101    11.6164    11.6265     0.0100   3.991458   3.992841   0.001253    35.1644    35.1672     5.5853    26.7897    26.7900    35.1603    26.7865    1499.30    1499.34    11.6164  1027.7353    35.3265 0.0000e+00
      12124 291.043462  -41.81968  -54.52239      0.748    1499.48    213.000    211.224    11.6125    11.6145     0.0020    11.5852    11.5872     0.0020   3.988023   3.987935  -0.000034    35.1600    35.1578     5.5661    26.7921    26.7900    35.1556    26.7887    1499.20    1499.20    11.5852  1027.7421    35.3218 0.0000e+00
      12156 291.043478  -41.81968  -54.52238      0.702    1499.48    214.000    212.215    11.6216    11.6190    -0.0026    11.5942    11.5916    -0.0026   3.988914   3.989064  -0.000030    35.1557    35.1579     5.5592    26.7871    26.7892    35.1553    26.7867    1499.25    1499.24    11.5942  1027.7448    35.3218 0.0000e+00
      12182 291.043490  -41.81968  -54.52238      0.862    1499.48    215.000    213.206    11.6527    11.6622     0.0095    11.6251    11.6346     0.0095   3.992847   3.994066   0.001444    35.1622    35.1675     5.5594    26.7864    26.7886    35.1640    26.7877    1499.38    1499.42    11.6251  1027.7501    35.3306 0.0000e+00
      12203 291.043500  -41.81968  -54.52238      1.029    1499.48    216.000    214.198    11.6669    11.6609    -0.0059    11.6391    11.6332    -0.0059   3.994465   3.993676  -0.000869    35.1702    35.1672     5.5538    26.7899    26.7887    35.1661    26.7867    1499.45    1499.43    11.6391  1027.7535    35.3327 0.0000e+00
      12223 291.043510  -41.81968  -54.52238      1.162    1499.48    217.000    215.188    11.6310    11.6424     0.0114    11.6032    11.6146     0.0114   3.991534   3.991678   0.000203    35.1718    35.1630     5.5501    26.7979    26.7889    35.1708    26.7971    1499.35    1499.38    11.6032  1027.7685    35.3374 0.0000e+00
      12244 291.043520  -41.81968  -54.52238      1.187    1499.48    218.000    216.179    11.5671    11.5815     0.0144    11.5392    11.5536     0.0143   3.982834   3.983756   0.000945    35.1563    35.1520     5.5567    26.7978    26.7918    35.1453    26.7893    1499.11    1499.16    11.5392  1027.7654    35.3117 0.0000e+00
      12269 291.043532  -41.81966  -54.52238      1.035    1499.48    219.000    217.171    11.5649    11.5656     0.0007    11.5370    11.5376     0.0007   3.982254   3.982718   0.000362    35.1433    35.1462     5.5708    26.7881    26.7903    35.1412    26.7865    1499.12    1499.12    11.5370  1027.7671    35.3076 0.0000e+00
      12300 291.043547  -41.81966  -54.52238      0.811    1499.48    220.000    218.162    11.4987    11.4967    -0.0019    11.4707    11.4688    -0.0019   3.974086   3.973664  -0.000579    35.1358    35.1320     5.5702    26.7947    26.7920    35.1230    26.7847    1498.88    1498.87    11.4707  1027.7701    35.2893 0.0000e+00
      12327 291.043560  -41.81965  -54.52238      0.826    1499.48    221.000    219.153    11.2406    11.2588     0.0182    11.2129    11.2311     0.0182   3.943686   3.942571  -0.000489    35.1079    35.0856     5.5834    26.8206    26.7999    35.0666    26.7885    1497.94    1497.97    11.2129  1027.7795    35.2327 0.0000e+00
      12350 291.043571  -41.81964  -54.52238      0.971    1499.48    222.000    220.144    10.9500    10.9638     0.0138    10.9226    10.9364     0.0138   3.909315   3.910116  -0.000255    35.0484    35.0328     5.5853    26.8272    26.8126    35.0004    26.7898    1496.86    1496.90    10.9226  1027.7866    35.1662 0.0000e+00
      12370 291.043581  -41.81964  -54.52238      1.107    1499.48    223.000    221.136    10.5887    10.6167     0.0280    10.5619    10.5898     0.0279   3.868830   3.868929   0.000635    34.9837    34.9633     5.5623    26.8414    26.8205    34.9388    26.8064    1495.53    1495.60    10.5619  1027.8093    35.1043 0.0000e+00
      12390 291.043590  -41.81964  -54.52238      1.192    1499.48    224.000    222.126    10.3820    10.3746    -0.0074    10.3554    10.3480    -0.0074   3.839579   3.838453  -0.001395    34.9137    34.9067     5.5206    26.8230    26.8189    34.8407    26.7660    1494.69    1494.66    10.3554  1027.7745    35.0057 0.0000e+00
      12410 291.043600  -41.81964  -54.52238      1.210    1499.48    225.000    223.117    10.0154    10.0604     0.0450     9.9893    10.0341     0.0449   3.801153   3.804695   0.003887    34.8467    34.8431     5.5148    26.8341    26.8236    34.8015    26.7988    1493.35    1493.50     9.9892  1027.8134    34.9663 0.0000e+00
      12433 291.043611  -41.81964  -54.52238      1.126    1499.48    226.000    224.108     9.9201     9.9271     0.0069     9.8941     9.9010     0.0069   3.788903   3.789098   0.000017    34.8140    34.8075     5.4415    26.8247    26.8185    34.7675    26.7884    1492.98    1493.00     9.8941  1027.8080    34.9321 0.0000e+00
      12460 291.043624  -41.81964  -54.52236      0.955    1499.48    227.000    225.100     9.6423     9.6391    -0.0032     9.6166     9.6135    -0.0032   3.757658   3.754762  -0.002527    34.7716    34.7486     5.4095    26.8383    26.8208    34.7140    26.7932    1491.93    1491.89     9.6166  1027.8187    34.8784 0.0000e+00
      12489 291.043638  -41.81962  -54.52236      0.838    1499.48    228.000    226.091     9.4253     9.4228    -0.0025     9.3999     9.3974    -0.0025   3.732676   3.732075  -0.000965    34.7104    34.7029     5.3602    26.8264    26.8209    34.6653    26.7911    1491.10    1491.08     9.3998  1027.8222    34.8295 0.0000e+00
      12516 291.043651  -41.81962  -54.52236      0.859    1499.48    229.000    227.082     9.3944     9.3915    -0.0030     9.3689     9.3660    -0.0029   3.728659   3.728787   0.000230    34.6843    34.6896     5.3173    26.8111    26.8157    34.6531    26.7867    1490.99    1490.98     9.3689  1027.8224    34.8172 0.0000e+00
      12546 291.043665  -41.81962  -54.52236      0.846    1499.48    230.000    228.073     9.3969     9.4077     0.0108     9.3713     9.3820     0.0107   3.729041   3.730791   0.001649    34.6813    34.6879     5.3318    26.8083    26.8118    34.6542    26.7872    1491.01    1491.06     9.3713  1027.8273    34.8183 0.0000e+00
      12578 291.043681  -41.81962  -54.52236      0.739    1499.48    231.000    229.064     9.2970     9.2928    -0.0042     9.2714     9.2673    -0.0042   3.717656   3.717103  -0.000447    34.6652    34.6646     5.3565    26.8121    26.8123    34.6324    26.7864    1490.64    1490.62     9.2714  1027.8316    34.7964 0.0000e+00
      12604 291.043694  -41.81960  -54.52236      0.831    1499.48    232.000    230.055     9.2547     9.2603     0.0056     9.2291     9.2347     0.0056   3.713331   3.714410   0.001063    34.6518    34.6574     5.3455    26.8085    26.8120    34.6279    26.7898    1490.49    1490.52     9.2291  1027.8397    34.7919 0.0000e+00
      12622 291.043702  -41.81960  -54.52236      1.060    1499.48    233.000    231.046     9.2140     9.2197     0.0056     9.1884     9.1941     0.0056   3.708811   3.709843   0.001008    34.6458    34.6508     5.3564    26.8104    26.8134    34.6199    26.7901    1490.35    1490.38     9.1884  1027.8447    34.7839 0.0000e+00
      12639 291.043710  -41.81960  -54.52236      1.290    1499.48    234.000    232.037     9.1076     9.1220     0.0144     9.0820     9.0965     0.0144   3.694416   3.696762   0.002056    34.6347    34.6421     5.4040    26.8188    26.8223    34.5726    26.7702    1489.92    1489.99     9.0820  1027.8299    34.7363 0.0000e+00
      12654 291.043718  -41.81960  -54.52236      1.451    1499.48    235.000    233.028     8.7316     8.7487     0.0171     8.7066     8.7236     0.0170   3.654515   3.656175   0.001991    34.5845    34.5887     5.4743    26.8392    26.8399    34.5195    26.7882    1488.48    1488.55     8.7066  1027.8544    34.6830 0.0000e+00
      12672 291.043726  -41.81960  -54.52236      1.475    1499.48    236.000    234.019     8.4859     8.4912     0.0054     8.4612     8.4666     0.0053   3.627276   3.628050   0.000944    34.5289    34.5336     5.4755    26.8338    26.8367    34.4711    26.7885    1487.52    1487.55     8.4612  1027.8605    34.6344 0.0000e+00
      12702 291.043741  -41.81958  -54.52236      1.025    1499.48    237.000    235.010     8.2826     8.4282     0.1456     8.2582     8.4036     0.1454   3.613700   3.623449   0.009261    34.5678    34.5232     5.4655    26.8955    26.8381    34.5256    26.8623    1486.85    1487.34     8.2582  1027.9397    34.6891 0.0000e+00
      12739 291.043759  -41.81958  -54.52234      0.591    1499.48    238.000    236.001     8.2341     8.2316    -0.0026     8.2098     8.2072    -0.0026   3.602094   3.601735  -0.000302    34.4781    34.4774     5.5785    26.8324    26.8323    34.4491    26.8097    1486.59    1486.57     8.2097  1027.8920    34.6123 0.0000e+00
      12763 291.043770  -41.81958  -54.52234      0.834    1499.48    239.000    236.992     8.2742     8.2759     0.0017     8.2497     8.2514     0.0017   3.605921   3.606824   0.000905    34.4697    34.4777     5.6011    26.8198    26.8259    34.4501    26.8044    1486.75    1486.77     8.2497  1027.8910    34.6133 0.0000e+00
      12783 291.043780  -41.81958  -54.52234      1.087    1498.95    240.000    237.983     8.3426     8.3463     0.0037     8.3178     8.3215     0.0037   3.613741   3.614839   0.001276    34.4789    34.4888     5.6045    26.8166    26.8239    34.4658    26.8063    1487.05    1487.07     8.3178  1027.8971    34.6291 0.0000e+00
      12803 291.043790  -41.81958  -54.52234      1.200    1497.83    241.000    238.974     8.3633     8.3665     0.0032     8.3383     8.3416     0.0032   3.616264   3.617059   0.000852    34.4883    34.4942     5.6179    26.8209    26.8250    34.4719    26.8080    1487.15    1487.17     8.3383  1027.9032    34.6352 0.0000e+00
      12833 291.043804  -41.81956  -54.52234      0.958    1497.80    242.000    239.965     8.3431     8.3396    -0.0035     8.3181     8.3146    -0.0035   3.614491   3.614134  -0.000243    34.4885    34.4894     5.6492    26.8241    26.8253    34.4724    26.8114    1487.09    1487.08     8.3181  1027.9113    34.6357 0.0000e+00
