Pos-Processados/process_op42/operantar42_033.cnv
* Sea-Bird SBE 9 Data File:
* FileName = C:\Users\Hidrografia\Desktop\OPXLII\Brutos\OP42033.hdr
* Software Version Seasave V 7.26.7.107
* Temperature SN = 6502
* Conductivity SN = 4998
* Number of Bytes Per Scan = 37
* Number of Voltage Words = 4
* Number of Scans Averaged by the Deck Unit = 1
* NMEA Latitude = 62 08.12 S
* NMEA Longitude = 058 26.48 W
* NMEA UTC (Time) = Nov 09 2023 08:06:12
* NMEA baud rate = 4800
** H41
** NPOALTEMAXIMIANO
** NUMERO DA ESTACAO (XXX) 033
** LAT (XX XX.XX S/N) 62 08.10 S
** LONG (XXX XX.XX W/E) 058 26.50 W
** DATAHORA (dd/mm/aaaa hh:mm Z) 09/11/2023 0805Z
** PROFUNDIDADE (m) 423
** OPERADOR CT FABIREZA
# nquan = 30
# nvalues = 795                         
# units = specified
# name 0 = scan: Scan Count
# name 1 = timeJ: Julian Days
# name 2 = latitude: Latitude [deg]
# name 3 = longitude: Longitude [deg]
# name 4 = dz/dtM: Descent Rate [m/s]
# name 5 = avgsvCM: Average Sound Velocity [Chen-Millero, m/s]
# name 6 = prDM: Pressure, Digiquartz [db]
# name 7 = depSM: Depth [salt water, m]
# name 8 = t090C: Temperature [ITS-90, deg C]
# name 9 = t190C: Temperature, 2 [ITS-90, deg C]
# name 10 = T2-T190C: Temperature Difference, 2 - 1 [ITS-90, deg C]
# name 11 = potemp090C: Potential Temperature [ITS-90, deg C]
# name 12 = potemp190C: Potential Temperature, 2 [ITS-90, deg C]
# name 13 = potemp90Cdiff: Potential Temperature, Diff, 2 - 1 [ITS-90, deg C]
# name 14 = c0S/m: Conductivity [S/m]
# name 15 = c1S/m: Conductivity, 2 [S/m]
# name 16 = C2-C1S/m: Conductivity Difference, 2 - 1 [S/m]
# name 17 = sal00: Salinity, Practical [PSU]
# name 18 = sal11: Salinity, Practical, 2 [PSU]
# name 19 = sbeox0ML/L: Oxygen, SBE 43 [ml/l]
# name 20 = sigma-é00: Density [sigma-theta, kg/m^3]
# name 21 = sigma-é11: Density, 2 [sigma-theta, kg/m^3]
# name 22 = sal00: Salinity, Practical [PSU]
# name 23 = sigma-é00: Density [sigma-theta, kg/m^3]
# name 24 = svCM: Sound Velocity [Chen-Millero, m/s]
# name 25 = svCM1: Sound Velocity, 2 [Chen-Millero, m/s]
# name 26 = gsw_ptA0: potential temperature [ITS-90, deg C]
# name 27 = gsw_densityA0: density, TEOS-10 [density, kg/m^3]
# name 28 = gsw_saA0: Absolute Salinity [g/kg]
# name 29 = flag:
# span 0 =       1725,      25413       
# span 1 = 313.338470, 313.349894       
# span 2 =  -62.13977,  -62.13570       
# span 3 =  -58.44128,  -58.43634       
# span 4 =     -1.248,      1.113       
# span 5 =       0.00,    1467.46       
# span 6 =      1.000,    398.000       
# span 7 =      0.996,    393.792       
# span 8 =    -0.8427,    -0.5444       
# span 9 =    -0.8415,    -0.5431       
# span 10 =    -0.0251,     0.0112      
# span 11 =    -0.8498,    -0.5447      
# span 12 =    -0.8486,    -0.5434      
# span 13 =    -0.0251,     0.0112      
# span 14 =   2.790855,   2.824049      
# span 15 =   2.790819,   2.824007      
# span 16 =  -0.002347,   0.000963      
# span 17 =    34.2760,    34.3891      
# span 18 =    34.2734,    34.3881      
# span 19 =     6.8142,     7.6579      
# span 20 =    27.5521,    27.6438      
# span 21 =    27.5504,    27.6430      
# span 22 =    34.2764,    34.3890      
# span 23 =    27.5525,    27.6437      
# span 24 =    1445.57,    1451.87      
# span 25 =    1445.58,    1451.87      
# span 26 =    -0.8496,    -0.5447      
# span 27 =  1027.5629,  1029.5448      
# span 28 =    34.4408,    34.5592      
# span 29 = 0.0000e+00, 0.0000e+00      
# interval = decibars: 1                
# start_time = Nov 09 2023 08:06:12 [NMEA time, header]
# bad_flag = -9.990e-29
*END*
[from data line 49]
       3521 313.339336  -62.13602 -9.990e-29      0.972    1445.87     50.000     49.514    -0.6158    -0.6152     0.0006    -0.6173    -0.6167     0.0006   2.799828   2.799825  -0.000005    34.2796    34.2788     7.6124    27.5540    27.5533    34.2796    27.5540    1446.13    1446.13    -0.6172  1027.7987    34.4461 0.0000e+00
       3547 313.339349  -62.13602 -9.990e-29      0.939    1445.87     51.000     50.504    -0.6137    -0.6128     0.0009    -0.6152    -0.6143     0.0009   2.800034   2.800061   0.000009    34.2797    34.2787     7.6138    27.5540    27.5532    34.2794    27.5537    1446.16    1446.16    -0.6152  1027.8032    34.4459 0.0000e+00
       3572 313.339361  -62.13602  -58.44102      0.934    1445.87     52.000     51.495    -0.6188    -0.6162     0.0025    -0.6203    -0.6178     0.0025   2.799724   2.799806   0.000103    34.2807    34.2792     7.6165    27.5550    27.5537    34.2803    27.5547    1446.15    1446.16    -0.6203  1027.8085    34.4463 0.0000e+00
       3598 313.339374  -62.13602  -58.44101      0.938    1445.87     53.000     52.485    -0.6182    -0.6174     0.0008    -0.6198    -0.6190     0.0008   2.799768   2.799770  -0.000002    34.2798    34.2788     7.6237    27.5542    27.5534    34.2796    27.5541    1446.17    1446.17    -0.6197  1027.8124    34.4452 0.0000e+00
       3624 313.339386  -62.13603  -58.44100      0.937    1445.87     54.000     53.475    -0.6182    -0.6174     0.0008    -0.6198    -0.6190     0.0008   2.799815   2.799810 -5.114e-07    34.2798    34.2788     7.6131    27.5542    27.5535    34.2796    27.5541    1446.19    1446.19    -0.6198  1027.8172    34.4452 0.0000e+00
       3650 313.339399  -62.13604  -58.44100      0.920    1445.87     55.000     54.465    -0.6183    -0.6173     0.0010    -0.6200    -0.6190     0.0010   2.799857   2.799861 6.6536e-07    34.2799    34.2787     7.6109    27.5543    27.5534    34.2797    27.5542    1446.20    1446.21    -0.6199  1027.8221    34.4453 0.0000e+00
       3679 313.339412  -62.13604  -58.44100      0.865    1445.87     56.000     55.455    -0.6176    -0.6166     0.0010    -0.6193    -0.6183     0.0010   2.799963   2.799970   0.000003    34.2798    34.2787     7.6065    27.5543    27.5533    34.2797    27.5542    1446.22    1446.23    -0.6192  1027.8269    34.4453 0.0000e+00
       3706 313.339426  -62.13606  -58.44098      0.847    1445.87     57.000     56.445    -0.6178    -0.6168     0.0010    -0.6195    -0.6185     0.0010   2.799993   2.800007   0.000019    34.2799    34.2789     7.6056    27.5543    27.5535    34.2798    27.5543    1446.24    1446.24    -0.6195  1027.8317    34.4454 0.0000e+00
       3732 313.339438  -62.13606  -58.44098      0.900    1445.87     58.000     57.435    -0.6173    -0.6166     0.0006    -0.6190    -0.6184     0.0006   2.800078   2.800055  -0.000020    34.2796    34.2787     7.6076    27.5541    27.5533    34.2797    27.5541    1446.26    1446.26    -0.6190  1027.8364    34.4453 0.0000e+00
       3756 313.339450  -62.13606  -58.44098      0.975    1445.87     59.000     58.426    -0.6180    -0.6170     0.0011    -0.6198    -0.6187     0.0011   2.800072   2.800066  -0.000010    34.2800    34.2787     7.6083    27.5545    27.5533    34.2798    27.5543    1446.27    1446.27    -0.6197  1027.8413    34.4455 0.0000e+00
       3778 313.339461  -62.13606  -58.44098      1.040    1445.87     60.000     59.416    -0.6188    -0.6176     0.0012    -0.6205    -0.6194     0.0012   2.800055   2.800068   0.000014    34.2799    34.2787     7.6074    27.5544    27.5534    34.2798    27.5543    1446.28    1446.29    -0.6205  1027.8469    34.4464 0.0000e+00
       3801 313.339472  -62.13606 -9.990e-29      1.064    1445.87     61.000     60.406    -0.6198    -0.6192     0.0006    -0.6216    -0.6210     0.0006   2.800006   2.799973  -0.000025    34.2798    34.2788     7.6061    27.5543    27.5535    34.2797    27.5543    1446.29    1446.29    -0.6216  1027.8517    34.4464 0.0000e+00
       3826 313.339484  -62.13608 -9.990e-29      1.001    1445.87     62.000     61.396    -0.6195    -0.6184     0.0011    -0.6214    -0.6203     0.0011   2.800071   2.800093   0.000015    34.2797    34.2787     7.6024    27.5543    27.5534    34.2797    27.5542    1446.31    1446.31    -0.6213  1027.8565    34.4463 0.0000e+00
       3854 313.339497  -62.13608 -9.990e-29      0.896    1445.87     63.000     62.386    -0.6200    -0.6184     0.0016    -0.6218    -0.6203     0.0016   2.800097   2.800125   0.000031    34.2801    34.2787     7.6057    27.5546    27.5534    34.2799    27.5544    1446.33    1446.33    -0.6218  1027.8615    34.4466 0.0000e+00
       3882 313.339510  -62.13609  -58.44096      0.858    1445.87     64.000     63.376    -0.6212    -0.6201     0.0011    -0.6231    -0.6220     0.0011   2.800039   2.800038  -0.000005    34.2800    34.2787     7.6107    27.5546    27.5534    34.2799    27.5545    1446.34    1446.34    -0.6230  1027.8624    34.4417 0.0000e+00
       3908 313.339523 -9.990e-29  -58.44096      0.896    1445.87     65.000     64.366    -0.6203    -0.6192     0.0011    -0.6223    -0.6211     0.0011   2.800149   2.800153   0.000001    34.2798    34.2786     7.6109    27.5544    27.5534    34.2797    27.5543    1446.36    1446.36    -0.6222  1027.8668    34.4414 0.0000e+00
       3931 313.339534 -9.990e-29  -58.44096      0.977    1445.87     66.000     65.356    -0.6206    -0.6197     0.0009    -0.6226    -0.6216     0.0009   2.800164   2.800163   0.000004    34.2796    34.2786     7.6039    27.5543    27.5534    34.2797    27.5543    1446.37    1446.37    -0.6225  1027.8716    34.4413 0.0000e+00
       3955 313.339546 -9.990e-29  -58.44096      1.027    1445.87     67.000     66.346    -0.6202    -0.6190     0.0012    -0.6222    -0.6209     0.0012   2.800246   2.800264   0.000013    34.2798    34.2786     7.5998    27.5544    27.5534    34.2797    27.5543    1446.39    1446.39    -0.6221  1027.8764    34.4413 0.0000e+00
       3980 313.339558  -62.13610  -58.44096      0.995    1445.87     68.000     67.336    -0.6208    -0.6208     0.0000    -0.6228    -0.6228     0.0000   2.800233   2.800171  -0.000063    34.2797    34.2788     7.6082    27.5543    27.5536    34.2796    27.5542    1446.40    1446.40    -0.6228  1027.8848    34.4458 0.0000e+00
       4010 313.339572  -62.13610 -9.990e-29      0.839    1445.87     69.000     68.327    -0.6199    -0.6191     0.0008    -0.6219    -0.6212     0.0008   2.800343   2.800348   0.000012    34.2791    34.2784     7.6041    27.5538    27.5532    34.2794    27.5540    1446.42    1446.42    -0.6219  1027.8898    34.4462 0.0000e+00
       4043 313.339588  -62.13610 -9.990e-29      0.734    1445.87     70.000     69.317    -0.6210    -0.6197     0.0013    -0.6230    -0.6217     0.0013   2.800322   2.800345   0.000024    34.2800    34.2788     7.5979    27.5545    27.5535    34.2797    27.5543    1446.43    1446.44    -0.6230  1027.8949    34.4466 0.0000e+00
       4071 313.339602  -62.13612  -58.44093      0.810    1445.87     71.000     70.307    -0.6226    -0.6228    -0.0002    -0.6247    -0.6250    -0.0002   2.800244   2.800149  -0.000095    34.2798    34.2787     7.5940    27.5544    27.5536    34.2799    27.5546    1446.44    1446.44    -0.6247  1027.8995    34.4462 0.0000e+00
       4096 313.339614  -62.13612  -58.44092      0.914    1445.87     72.000     71.297    -0.6191    -0.6185     0.0006    -0.6212    -0.6206     0.0006   2.800565   2.800534  -0.000024    34.2794    34.2784     7.5991    27.5540    27.5531    34.2796    27.5542    1446.47    1446.48    -0.6212  1027.9035    34.4454 0.0000e+00
       4120 313.339625  -62.13612  -58.44092      0.985    1445.87     73.000     72.287    -0.6188    -0.6182     0.0006    -0.6210    -0.6204     0.0006   2.800625   2.800606  -0.000022    34.2795    34.2785     7.6075    27.5541    27.5533    34.2795    27.5541    1446.49    1446.49    -0.6209  1027.9082    34.4453 0.0000e+00
       4146 313.339638  -62.13613  -58.44092      0.964    1445.87     74.000     73.277    -0.6205    -0.6198     0.0007    -0.6227    -0.6220     0.0007   2.800549   2.800521  -0.000024    34.2798    34.2787     7.6049    27.5544    27.5534    34.2798    27.5544    1446.50    1446.50    -0.6227  1027.9132    34.4456 0.0000e+00
       4175 313.339652  -62.13614  -58.44092      0.861    1446.09     75.000     74.267    -0.6210    -0.6192     0.0018    -0.6232    -0.6215     0.0018   2.800566   2.800618   0.000047    34.2798    34.2785     7.6055    27.5544    27.5533    34.2800    27.5545    1446.51    1446.52    -0.6232  1027.9182    34.4457 0.0000e+00
       4205 313.339666  -62.13614  -58.44092      0.803    1446.19     76.000     75.257    -0.6189    -0.6179     0.0010    -0.6212    -0.6202     0.0010   2.800704   2.800770   0.000065    34.2788    34.2785     7.6067    27.5535    27.5533    34.2788    27.5535    1446.54    1446.54    -0.6211  1027.9219    34.4446 0.0000e+00
       4233 313.339680  -62.13614  -58.44092      0.833    1446.19     77.000     76.247    -0.6201    -0.6195     0.0007    -0.6224    -0.6218     0.0007   2.800705   2.800681  -0.000023    34.2795    34.2785     7.6020    27.5541    27.5533    34.2796    27.5542    1446.55    1446.55    -0.6224  1027.9274    34.4454 0.0000e+00
       4259 313.339692  -62.13614  -58.44092      0.892    1446.19     78.000     77.237    -0.6209    -0.6202     0.0007    -0.6232    -0.6225     0.0007   2.800719   2.800662  -0.000053    34.2801    34.2786     7.5953    27.5547    27.5534    34.2800    27.5546    1446.56    1446.57    -0.6232  1027.9326    34.4459 0.0000e+00
       4284 313.339705  -62.13616  -58.44090      0.937    1446.19     79.000     78.227    -0.6207    -0.6204     0.0003    -0.6230    -0.6228     0.0003   2.800773   2.800703  -0.000070    34.2798    34.2785     7.6040    27.5544    27.5533    34.2799    27.5545    1446.58    1446.58    -0.6230  1027.9373    34.4458 0.0000e+00
       4310 313.339717  -62.13616  -58.44090      0.942    1446.19     80.000     79.217    -0.6204    -0.6197     0.0007    -0.6228    -0.6221     0.0007   2.800813   2.800799  -0.000019    34.2796    34.2785     7.5973    27.5542    27.5533    34.2795    27.5542    1446.60    1446.60    -0.6227  1027.9418    34.4454 0.0000e+00
       4337 313.339730  -62.13616  -58.44089      0.904    1446.19     81.000     80.207    -0.6229    -0.6218     0.0011    -0.6253    -0.6242     0.0011   2.800668   2.800666   0.000003    34.2799    34.2786     7.5978    27.5546    27.5535    34.2797    27.5544    1446.60    1446.61    -0.6252  1027.9468    34.4456 0.0000e+00
       4365 313.339744  -62.13616  -58.44088      0.860    1446.19     82.000     81.197    -0.6223    -0.6217     0.0007    -0.6247    -0.6241     0.0007   2.800741   2.800718  -0.000025    34.2795    34.2784     7.5929    27.5542    27.5533    34.2794    27.5542    1446.62    1446.62    -0.6247  1027.9502    34.4439 0.0000e+00
       4393 313.339757 -9.990e-29  -58.44088      0.866    1446.19     83.000     82.187    -0.6226    -0.6218     0.0008    -0.6251    -0.6243     0.0008   2.800756   2.800767   0.000011    34.2793    34.2785     7.5913    27.5541    27.5534    34.2794    27.5541    1446.64    1446.64    -0.6250  1027.9526    34.4409 0.0000e+00
       4418 313.339769 -9.990e-29  -58.44088      0.909    1446.19     84.000     83.177    -0.6222    -0.6211     0.0012    -0.6247    -0.6236     0.0012   2.800855   2.800857   0.000004    34.2797    34.2784     7.5934    27.5544    27.5533    34.2797    27.5544    1446.65    1446.66    -0.6247  1027.9577    34.4413 0.0000e+00
       4444 313.339781 -9.990e-29  -58.44088      0.944    1446.19     85.000     84.167    -0.6233    -0.6219     0.0013    -0.6258    -0.6245     0.0013   2.800823   2.800837   0.000014    34.2798    34.2785     7.5959    27.5546    27.5534    34.2798    27.5545    1446.67    1446.67    -0.6258  1027.9626    34.4414 0.0000e+00
       4469 313.339794  -62.13618  -58.44088      0.949    1446.19     86.000     85.157    -0.6228    -0.6218     0.0010    -0.6254    -0.6244     0.0010   2.800883   2.800899   0.000005    34.2795    34.2784     7.6003    27.5542    27.5533    34.2795    27.5543    1446.68    1446.69    -0.6253  1027.9688    34.4432 0.0000e+00
       4495 313.339806  -62.13618  -58.44088      0.931    1446.19     87.000     86.147    -0.6233    -0.6224     0.0009    -0.6259    -0.6250     0.0009   2.800921   2.800887  -0.000023    34.2799    34.2786     7.6023    27.5546    27.5535    34.2799    27.5546    1446.70    1446.70    -0.6258  1027.9758    34.4459 0.0000e+00
       4520 313.339818  -62.13620  -58.44086      0.935    1446.19     88.000     87.137    -0.6238    -0.6230     0.0008    -0.6265    -0.6257     0.0008   2.800913   2.800881  -0.000024    34.2798    34.2785     7.6053    27.5546    27.5535    34.2798    27.5545    1446.71    1446.71    -0.6264  1027.9805    34.4458 0.0000e+00
       4546 313.339831  -62.13620  -58.44086      0.951    1446.19     89.000     88.127    -0.6218    -0.6218     0.0000    -0.6245    -0.6244     0.0000   2.801112   2.801047  -0.000066    34.2793    34.2784     7.5985    27.5541    27.5533    34.2796    27.5543    1446.74    1446.74    -0.6244  1027.9851    34.4456 0.0000e+00
       4571 313.339843  -62.13620  -58.44086      0.953    1446.19     90.000     89.117    -0.6212    -0.6203     0.0009    -0.6239    -0.6230     0.0009   2.801205   2.801215   0.000008    34.2794    34.2784     7.5996    27.5541    27.5533    34.2795    27.5542    1446.76    1446.76    -0.6238  1027.9898    34.4456 0.0000e+00
       4598 313.339856  -62.13621  -58.44086      0.924    1446.19     91.000     90.107    -0.6207    -0.6198     0.0010    -0.6235    -0.6225     0.0010   2.801287   2.801294   0.000006    34.2795    34.2785     7.6006    27.5542    27.5533    34.2795    27.5542    1446.77    1446.78    -0.6234  1027.9945    34.4455 0.0000e+00
       4626 313.339869  -62.13622  -58.44085      0.863    1446.19     92.000     91.097    -0.6228    -0.6226     0.0003    -0.6256    -0.6253     0.0003   2.801173   2.801114  -0.000061    34.2799    34.2787     7.6083    27.5546    27.5537    34.2797    27.5544    1446.78    1446.78    -0.6255  1027.9996    34.4458 0.0000e+00
       4654 313.339883  -62.13622  -58.44084      0.843    1446.19     93.000     92.087    -0.6231    -0.6221     0.0010    -0.6259    -0.6249     0.0010   2.801183   2.801196   0.000010    34.2795    34.2785     7.5970    27.5543    27.5534    34.2794    27.5542    1446.80    1446.80    -0.6258  1028.0042    34.4455 0.0000e+00
       4681 313.339896  -62.13622  -58.44084      0.873    1446.19     94.000     93.077    -0.6237    -0.6226     0.0010    -0.6265    -0.6255     0.0010   2.801196   2.801196  -0.000002    34.2797    34.2785     7.5941    27.5545    27.5535    34.2797    27.5545    1446.81    1446.81    -0.6264  1028.0092    34.4458 0.0000e+00
       4706 313.339908  -62.13624  -58.44084      0.931    1446.19     95.000     94.067    -0.6236    -0.6227     0.0009    -0.6264    -0.6255     0.0009   2.801240   2.801236  -0.000004    34.2796    34.2785     7.5940    27.5544    27.5534    34.2796    27.5544    1446.83    1446.83    -0.6264  1028.0139    34.4457 0.0000e+00
       4730 313.339919  -62.13624  -58.44084      0.985    1446.19     96.000     95.057    -0.6237    -0.6229     0.0008    -0.6266    -0.6258     0.0008   2.801282   2.801258  -0.000019    34.2797    34.2785     7.5915    27.5545    27.5535    34.2797    27.5545    1446.84    1446.85    -0.6265  1028.0188    34.4459 0.0000e+00
