Pos-Processados/process_op42/operantar42_014.cnv
* Sea-Bird SBE 9 Data File:
* FileName = C:\Users\Hidrografia\Desktop\OPXLII\Brutos\OP42014.hdr
* Software Version Seasave V 7.26.7.107
* Temperature SN = 6502
* Conductivity SN = 4998
* Number of Bytes Per Scan = 31
* Number of Voltage Words = 2
* Number of Scans Averaged by the Deck Unit = 1
* NMEA Latitude = 47 05.79 S
* NMEA Longitude = 056 32.90 W
* NMEA UTC (Time) = Oct 20 2023 10:58:48
* NMEA baud rate = 4800
** H41
** NPOALTEMAXIMIANO
** NUMERO DA ESTACAO (XXX) 014
** LAT (XX XX.XX S/N) 47 05.592 S
** LONG (XXX XX.XX W/E) 056 32.757 W
** DATAHORA (dd/mm/aaaa hh:mm Z) 20/10/2023 1058Z
** PROFUNDIDADE (m) 4459
** OPERADOR CT FABIREZA
# nquan = 30
# nvalues = 2011                        
# units = specified
# name 0 = scan: Scan Count
# name 1 = timeJ: Julian Days
# name 2 = latitude: Latitude [deg]
# name 3 = longitude: Longitude [deg]
# name 4 = dz/dtM: Descent Rate [m/s]
# name 5 = avgsvCM: Average Sound Velocity [Chen-Millero, m/s]
# name 6 = prDM: Pressure, Digiquartz [db]
# name 7 = depSM: Depth [salt water, m]
# name 8 = t090C: Temperature [ITS-90, deg C]
# name 9 = t190C: Temperature, 2 [ITS-90, deg C]
# name 10 = T2-T190C: Temperature Difference, 2 - 1 [ITS-90, deg C]
# name 11 = potemp090C: Potential Temperature [ITS-90, deg C]
# name 12 = potemp190C: Potential Temperature, 2 [ITS-90, deg C]
# name 13 = potemp90Cdiff: Potential Temperature, Diff, 2 - 1 [ITS-90, deg C]
# name 14 = c0S/m: Conductivity [S/m]
# name 15 = c1S/m: Conductivity, 2 [S/m]
# name 16 = C2-C1S/m: Conductivity Difference, 2 - 1 [S/m]
# name 17 = sal00: Salinity, Practical [PSU]
# name 18 = sal11: Salinity, Practical, 2 [PSU]
# name 19 = sbeox0ML/L: Oxygen, SBE 43 [ml/l]
# name 20 = sigma-é00: Density [sigma-theta, kg/m^3]
# name 21 = sigma-é11: Density, 2 [sigma-theta, kg/m^3]
# name 22 = sal00: Salinity, Practical [PSU]
# name 23 = sigma-é00: Density [sigma-theta, kg/m^3]
# name 24 = svCM: Sound Velocity [Chen-Millero, m/s]
# name 25 = svCM1: Sound Velocity, 2 [Chen-Millero, m/s]
# name 26 = gsw_ptA0: potential temperature [ITS-90, deg C]
# name 27 = gsw_densityA0: density, TEOS-10 [density, kg/m^3]
# name 28 = gsw_saA0: Absolute Salinity [g/kg]
# name 29 = flag:
# span 0 =       2200,      68986       
# span 1 = 293.458561, 293.490768       
# span 2 =  -47.10808,  -47.09688       
# span 3 =  -56.55282,  -56.54855       
# span 4 =     -1.656,      1.590       
# span 5 =      -0.01,    1473.95       
# span 6 =      5.000,   1013.000       
# span 7 =      4.897,   1002.092       
# span 8 =     2.4413,     6.0358       
# span 9 =     2.4421,     6.0372       
# span 10 =    -0.0258,     0.0588      
# span 11 =     2.3768,     6.0355      
# span 12 =     2.3776,     6.0369      
# span 13 =    -0.0257,     0.0587      
# span 14 =   3.070972,   3.354372      
# span 15 =   3.070964,   3.354466      
# span 16 =  -0.004435,   0.004301      
# span 17 =    33.9914,    34.5843      
# span 18 =    33.9955,    34.5837      
# span 19 =     3.7938,     7.6517      
# span 20 =    26.7834,    27.6078      
# span 21 =    26.7827,    27.6074      
# span 22 =    34.0011,    34.5841      
# span 23 =    26.7840,    27.6076      
# span 24 =    1462.90,    1476.12      
# span 25 =    1462.90,    1476.13      
# span 26 =     2.3767,     6.0353      
# span 27 =  1026.8085,  1032.3153      
# span 28 =    34.1615,    34.7518      
# span 29 = 0.0000e+00, 0.0000e+00      
# interval = decibars: 1                
# start_time = Oct 20 2023 10:58:48 [NMEA time, header]
# bad_flag = -9.990e-29
*END*
[from data line 1354]
      42475 293.477983  -47.10401  -56.55144     -1.052    1468.95    667.000    660.394     2.6047     2.6056     0.0009     2.5634     2.5643     0.0009   3.112381   3.112496   0.000113    34.3995    34.3999     4.2514    27.4443    27.4445    34.3994    27.4442    1470.86    1470.87     2.5633  1030.5538    34.5644 0.0000e+00
      42513 293.478002  -47.10402  -56.55146     -0.609    1468.95    666.000    659.406     2.6049     2.6058     0.0009     2.5636     2.5645     0.0009   3.112272   3.112331   0.000064    34.3984    34.3982     4.2558    27.4434    27.4432    34.3984    27.4434    1470.85    1470.85     2.5636  1030.5483    34.5634 0.0000e+00
      42540 293.478015  -47.10402  -56.55146     -0.778    1468.95    665.000    658.417     2.6049     2.6056     0.0008     2.5637     2.5645     0.0008   3.112220   3.112217 2.6294e-07    34.3984    34.3976     4.2640    27.4434    27.4427    34.3983    27.4433    1470.83    1470.83     2.5636  1030.5436    34.5633 0.0000e+00
      42563 293.478026  -47.10402  -56.55146     -0.985    1468.95    664.000    657.428     2.6044     2.6052     0.0007     2.5634     2.5641     0.0007   3.112134   3.112094  -0.000042    34.3983    34.3970     4.2666    27.4433    27.4423    34.3982    27.4433    1470.81    1470.81     2.5633  1030.5390    34.5632 0.0000e+00
      42589 293.478038  -47.10402  -56.55146     -0.994    1468.95    663.000    656.440     2.6041     2.6051     0.0010     2.5631     2.5641     0.0010   3.112008   3.112087   0.000070    34.3977    34.3974     4.2760    27.4429    27.4426    34.3976    27.4428    1470.79    1470.80     2.5630  1030.5339    34.5626 0.0000e+00
      42615 293.478051  -47.10403  -56.55146     -0.905    1468.95    662.000    655.451     2.6038     2.6047     0.0010     2.5628     2.5637     0.0010   3.111899   3.111958   0.000063    34.3974    34.3971     4.2803    27.4426    27.4423    34.3972    27.4425    1470.77    1470.78     2.5628  1030.5289    34.5621 0.0000e+00
      42638 293.478062  -47.10404  -56.55146     -0.966    1468.95    661.000    654.463     2.6036     2.6045     0.0009     2.5627     2.5636     0.0009   3.111801   3.111829   0.000031    34.3968    34.3963     4.2792    27.4422    27.4417    34.3967    27.4421    1470.76    1470.76     2.5626  1030.5239    34.5617 0.0000e+00
      42658 293.478071  -47.10404  -56.55146     -1.108    1468.95    660.000    653.475     2.6034     2.6041     0.0007     2.5625     2.5632     0.0007   3.111738   3.111733 6.0471e-07    34.3967    34.3960     4.2758    27.4422    27.4415    34.3967    27.4421    1470.74    1470.74     2.5625  1030.5193    34.5616 0.0000e+00
      42680 293.478082  -47.10404  -56.55146     -1.157    1468.95    659.000    652.486     2.6029     2.6039     0.0010     2.5621     2.5631     0.0010   3.111642   3.111681   0.000035    34.3967    34.3960     4.2807    27.4422    27.4415    34.3965    27.4421    1470.72    1470.72     2.5621  1030.5146    34.5615 0.0000e+00
      42710 293.478097  -47.10405  -56.55146     -0.907    1468.95    658.000    651.497     2.6024     2.6034     0.0011     2.5617     2.5627     0.0011   3.111528   3.111585   0.000053    34.3964    34.3959     4.2843    27.4420    27.4415    34.3962    27.4418    1470.70    1470.70     2.5616  1030.5098    34.5612 0.0000e+00
      42746 293.478114  -47.10406  -56.55146     -0.648    1468.95    657.000    650.509     2.6015     2.6028     0.0013     2.5609     2.5622     0.0013   3.111341   3.111405   0.000069    34.3954    34.3949     4.2911    27.4413    27.4407    34.3954    27.4412    1470.68    1470.68     2.5609  1030.5046    34.5603 0.0000e+00
      42772 293.478126  -47.10406  -56.55146     -0.804    1468.95    656.000    649.520     2.6016     2.6026     0.0009     2.5611     2.5620     0.0009   3.111288   3.111271  -0.000014    34.3954    34.3942     4.2923    27.4412    27.4402    34.3952    27.4410    1470.66    1470.67     2.5610  1030.4998    34.5601 0.0000e+00
      42793 293.478136  -47.10406  -56.55146     -1.043    1468.95    655.000    648.532     2.6016     2.6024     0.0008     2.5611     2.5619     0.0008   3.111237   3.111167  -0.000064    34.3952    34.3935     4.2932    27.4410    27.4396    34.3951    27.4410    1470.65    1470.65     2.5611  1030.4951    34.5601 0.0000e+00
      42812 293.478146  -47.10406  -56.55146     -1.187    1468.95    654.000    647.543     2.6016     2.6023     0.0008     2.5611     2.5619     0.0008   3.111159   3.111119  -0.000047    34.3949    34.3935     4.2909    27.4408    27.4396    34.3947    27.4407    1470.63    1470.63     2.5611  1030.4902    34.5597 0.0000e+00
      42833 293.478156  -47.10406  -56.55146     -1.207    1468.95    653.000    646.554     2.6012     2.6022     0.0009     2.5609     2.5618     0.0009   3.111040   3.111048   0.000007    34.3943    34.3935     4.2885    27.4404    27.4396    34.3942    27.4403    1470.61    1470.61     2.5608  1030.4851    34.5591 0.0000e+00
      42857 293.478168  -47.10406  -56.55146     -1.071    1468.95    652.000    645.566     2.6009     2.6018     0.0009     2.5606     2.5615     0.0009   3.110917   3.110932   0.000014    34.3937    34.3929     4.2990    27.4399    27.4392    34.3936    27.4398    1470.59    1470.60     2.5606  1030.4800    34.5585 0.0000e+00
      42887 293.478182  -47.10406  -56.55146     -0.853    1468.95    651.000    644.582     2.6005     2.6016     0.0011     2.5603     2.5613     0.0011   3.110739   3.110807   0.000065    34.3925    34.3922     4.2961    27.4390    27.4386    34.3923    27.4388    1470.57    1470.58     2.5602  1030.4753    34.5583 0.0000e+00
      42919 293.478197 -9.990e-29 -9.990e-29     -0.753    1468.95    650.000    643.582     2.6004     2.6014     0.0010     2.5602     2.5612     0.0009   3.110622   3.110634   0.000016    34.3917    34.3908     4.2986    27.4383    27.4376    34.3916    27.4382    1470.55    1470.56     2.5602  1030.4702    34.5577 0.0000e+00
      42944 293.478209 -9.990e-29 -9.990e-29     -0.860    1468.95    649.000    642.601     2.6002     2.6011     0.0009     2.5601     2.5610     0.0009   3.110499   3.110533   0.000033    34.3910    34.3904     4.2996    27.4378    27.4372    34.3908    27.4376    1470.54    1470.54     2.5601  1030.4650    34.5570 0.0000e+00
      42964 293.478219 -9.990e-29 -9.990e-29     -1.052    1468.95    648.000    641.612     2.6000     2.6008     0.0008     2.5599     2.5607     0.0008   3.110423   3.110421   0.000005    34.3908    34.3899     4.3076    27.4376    27.4369    34.3907    27.4375    1470.52    1470.52     2.5599  1030.4603    34.5568 0.0000e+00
      42984 293.478229  -47.10408  -56.55148     -1.176    1468.95    647.000    640.623     2.5997     2.6004     0.0006     2.5598     2.5604     0.0006   3.110356   3.110295  -0.000057    34.3908    34.3894     4.3129    27.4376    27.4364    34.3906    27.4375    1470.50    1470.50     2.5597  1030.4547    34.5556 0.0000e+00
      43005 293.478239  -47.10409  -56.55148     -1.193    1468.95    646.000    639.634     2.5996     2.6000     0.0004     2.5598     2.5601     0.0004   3.110301   3.110217  -0.000081    34.3907    34.3893     4.3116    27.4376    27.4364    34.3906    27.4375    1470.48    1470.48     2.5597  1030.4500    34.5555 0.0000e+00
      43027 293.478249  -47.10410  -56.55148     -1.125    1468.95    645.000    638.645     2.5991     2.5996     0.0005     2.5593     2.5598     0.0005   3.110155   3.110077  -0.000079    34.3901    34.3887     4.3110    27.4372    27.4359    34.3899    27.4370    1470.46    1470.46     2.5592  1030.4448    34.5548 0.0000e+00
      43049 293.478260  -47.10410  -56.55148     -1.088    1468.95    644.000    637.657     2.5985     2.5993     0.0008     2.5588     2.5596     0.0008   3.109995   3.109960  -0.000038    34.3893    34.3880     4.3167    27.4365    27.4354    34.3891    27.4364    1470.44    1470.45     2.5587  1030.4396    34.5539 0.0000e+00
      43072 293.478271  -47.10410  -56.55148     -1.079    1468.95    643.000    636.668     2.5983     2.5994     0.0010     2.5587     2.5597     0.0010   3.109875   3.109897   0.000018    34.3885    34.3876     4.3197    27.4359    27.4351    34.3883    27.4358    1470.43    1470.43     2.5586  1030.4344    34.5532 0.0000e+00
      43097 293.478283  -47.10411  -56.55148     -1.003    1468.95    642.000    635.680     2.5984     2.5995     0.0011     2.5588     2.5599     0.0011   3.109819   3.109849   0.000030    34.3882    34.3875     4.3247    27.4357    27.4350    34.3882    27.4356    1470.41    1470.41     2.5588  1030.4296    34.5530 0.0000e+00
      43133 293.478300  -47.10412  -56.55148     -0.722    1468.95    641.000    634.691     2.5987     2.5995     0.0008     2.5592     2.5600     0.0008   3.109766   3.109793   0.000029    34.3878    34.3872     4.3285    27.4353    27.4348    34.3877    27.4352    1470.39    1470.40     2.5591  1030.4246    34.5525 0.0000e+00
      43167 293.478317  -47.10412  -56.55148     -0.663    1468.95    640.000    633.702     2.5987     2.5997     0.0010     2.5592     2.5602     0.0010   3.109696   3.109723   0.000026    34.3874    34.3867     4.3285    27.4350    27.4344    34.3874    27.4350    1470.38    1470.38     2.5592  1030.4195    34.5520 0.0000e+00
      43189 293.478328 -9.990e-29  -56.55148     -0.900    1468.95    639.000    632.714     2.5985     2.5994     0.0009     2.5591     2.5600     0.0009   3.109624   3.109623  -0.000002    34.3873    34.3864     4.3277    27.4349    27.4341    34.3872    27.4349    1470.36    1470.36     2.5591  1030.4128    34.5494 0.0000e+00
      43209 293.478337 -9.990e-29  -56.55148     -1.118    1468.95    638.000    631.725     2.5984     2.5993     0.0009     2.5591     2.5599     0.0009   3.109544   3.109545   0.000003    34.3871    34.3862     4.3316    27.4347    27.4340    34.3870    27.4346    1470.34    1470.34     2.5590  1030.4080    34.5491 0.0000e+00
      43230 293.478347 -9.990e-29  -56.55148     -1.179    1468.95    637.000    630.737     2.5982     2.5991     0.0010     2.5589     2.5599     0.0010   3.109486   3.109488  -0.000001    34.3871    34.3860     4.3353    27.4348    27.4338    34.3870    27.4347    1470.32    1470.33     2.5589  1030.4034    34.5491 0.0000e+00
      43257 293.478361 -9.990e-29  -56.55150     -0.994    1468.95    636.000    629.748     2.5981     2.5991     0.0010     2.5590     2.5599     0.0010   3.109391   3.109401   0.000008    34.3865    34.3856     4.3359    27.4343    27.4335    34.3864    27.4342    1470.31    1470.31     2.5589  1030.3983    34.5485 0.0000e+00
      43291 293.478377  -47.10414  -56.55149     -0.720    1468.95    635.000    628.759     2.5984     2.5993     0.0009     2.5593     2.5602     0.0009   3.109266   3.109296   0.000031    34.3852    34.3846     4.3444    27.4332    27.4327    34.3851    27.4332    1470.29    1470.29     2.5592  1030.3947    34.5498 0.0000e+00
      43321 293.478391  -47.10414  -56.55148     -0.763    1468.95    634.000    627.770     2.5983     2.5994     0.0011     2.5593     2.5603     0.0011   3.109199   3.109222   0.000022    34.3850    34.3841     4.3481    27.4331    27.4323    34.3849    27.4330    1470.27    1470.28     2.5592  1030.3900    34.5497 0.0000e+00
      43345 293.478403  -47.10414  -56.55150     -0.922    1468.95    633.000    626.782     2.5984     2.5993     0.0009     2.5594     2.5603     0.0009   3.109129   3.109158   0.000030    34.3846    34.3840     4.3403    27.4327    27.4322    34.3845    27.4327    1470.26    1470.26     2.5594  1030.3850    34.5493 0.0000e+00
      43366 293.478413  -47.10414  -56.55150     -1.063    1468.95    632.000    625.794     2.5983     2.5994     0.0011     2.5594     2.5604     0.0011   3.109085   3.109102   0.000017    34.3847    34.3838     4.3378    27.4328    27.4320    34.3846    27.4328    1470.24    1470.24     2.5593  1030.3804    34.5494 0.0000e+00
      43387 293.478423  -47.10414  -56.55150     -1.137    1468.95    631.000    624.804     2.5983     2.5993     0.0010     2.5594     2.5604     0.0010   3.109027   3.109014  -0.000008    34.3846    34.3834     4.3482    27.4327    27.4316    34.3845    27.4327    1470.22    1470.23     2.5593  1030.3757    34.5493 0.0000e+00
      43413 293.478435  -47.10415  -56.55150     -1.036    1468.95    630.000    623.816     2.5981     2.5989     0.0008     2.5593     2.5602     0.0008   3.108937   3.108939 2.6699e-07    34.3842    34.3833     4.3481    27.4324    27.4316    34.3841    27.4323    1470.20    1470.21     2.5593  1030.3707    34.5488 0.0000e+00
      43449 293.478453  -47.10416  -56.55150     -0.698    1468.95    629.000    622.827     2.5977     2.5987     0.0010     2.5590     2.5601     0.0010   3.108813   3.108840   0.000026    34.3836    34.3828     4.3472    27.4320    27.4313    34.3835    27.4319    1470.19    1470.19     2.5590  1030.3657    34.5483 0.0000e+00
      43487 293.478471  -47.10416  -56.55150     -0.619    1468.95    628.000    621.839     2.5975     2.5986     0.0011     2.5589     2.5599     0.0011   3.108733   3.108766   0.000033    34.3834    34.3826     4.3516    27.4318    27.4311    34.3833    27.4318    1470.17    1470.17     2.5588  1030.3609    34.5480 0.0000e+00
      43514 293.478484  -47.10416  -56.55150     -0.797    1468.95    627.000    620.850     2.5973     2.5984     0.0011     2.5587     2.5598     0.0011   3.108664   3.108661   0.000002    34.3833    34.3822     4.3482    27.4317    27.4308    34.3832    27.4317    1470.15    1470.15     2.5587  1030.3563    34.5480 0.0000e+00
      43535 293.478494  -47.10417  -56.55150     -0.999    1468.95    626.000    619.861     2.5972     2.5981     0.0009     2.5587     2.5596     0.0009   3.108574   3.108561  -0.000012    34.3829    34.3818     4.3534    27.4314    27.4305    34.3828    27.4314    1470.13    1470.14     2.5586  1030.3513    34.5475 0.0000e+00
      43555 293.478504  -47.10418  -56.55150     -1.153    1468.95    625.000    618.872     2.5971     2.5981     0.0011     2.5586     2.5597     0.0011   3.108488   3.108503   0.000014    34.3825    34.3815     4.3556    27.4311    27.4302    34.3824    27.4310    1470.12    1470.12     2.5586  1030.3463    34.5471 0.0000e+00
      43577 293.478514  -47.10418  -56.55150     -1.173    1468.95    624.000    617.884     2.5971     2.5981     0.0010     2.5587     2.5597     0.0010   3.108419   3.108413  -0.000002    34.3822    34.3811     4.3532    27.4309    27.4299    34.3821    27.4308    1470.10    1470.10     2.5587  1030.3414    34.5468 0.0000e+00
      43606 293.478529  -47.10418  -56.55150     -0.917    1468.95    623.000    616.895     2.5964     2.5972     0.0008     2.5581     2.5589     0.0008   3.108045   3.107994  -0.000053    34.3792    34.3777     4.3558    27.4285    27.4272    34.3788    27.4282    1470.08    1470.08     2.5580  1030.3343    34.5435 0.0000e+00
      43643 293.478546  -47.10420  -56.55150     -0.651    1468.95    622.000    615.906     2.5958     2.5969     0.0011     2.5576     2.5587     0.0011   3.107779   3.107807   0.000025    34.3767    34.3758     4.3603    27.4266    27.4258    34.3767    27.4265    1470.05    1470.06     2.5575  1030.3280    34.5413 0.0000e+00
      43669 293.478559  -47.10420  -56.55150     -0.783    1468.95    621.000    614.917     2.5958     2.5968     0.0010     2.5577     2.5587     0.0010   3.107760   3.107752  -0.000008    34.3771    34.3759     4.3670    27.4269    27.4259    34.3770    27.4268    1470.04    1470.04     2.5576  1030.3236    34.5416 0.0000e+00
