Pos-Processados/process_op42/operantar42_035.cnv
* Sea-Bird SBE 9 Data File:
* FileName = C:\Users\Hidrografia\Desktop\OPXLII\Brutos\OP42035.hdr
* Software Version Seasave V 7.26.7.107
* Temperature SN = 6502
* Conductivity SN = 4998
* Number of Bytes Per Scan = 37
* Number of Voltage Words = 4
* Number of Scans Averaged by the Deck Unit = 1
* NMEA Latitude = 62 08.15 S
* NMEA Longitude = 058 26.56 W
* NMEA UTC (Time) = Nov 09 2023 10:06:19
* NMEA baud rate = 4800
** H41
** NPOALTEMAXIMIANO
** NUMERO DA ESTACAO (XXX) 035
** LAT (XX XX.XX S/N) 62 08.14 S
** LONG (XXX XX.XX W/E) 058 26.57 W
** DATAHORA (dd/mm/aaaa hh:mm Z) 09/11/2023 1005Z
** PROFUNDIDADE (m) 424
** OPERADOR CT FABIREZA
# nquan = 30
# nvalues = 793                         
# units = specified
# name 0 = scan: Scan Count
# name 1 = timeJ: Julian Days
# name 2 = latitude: Latitude [deg]
# name 3 = longitude: Longitude [deg]
# name 4 = dz/dtM: Descent Rate [m/s]
# name 5 = avgsvCM: Average Sound Velocity [Chen-Millero, m/s]
# name 6 = prDM: Pressure, Digiquartz [db]
# name 7 = depSM: Depth [salt water, m]
# name 8 = t090C: Temperature [ITS-90, deg C]
# name 9 = t190C: Temperature, 2 [ITS-90, deg C]
# name 10 = T2-T190C: Temperature Difference, 2 - 1 [ITS-90, deg C]
# name 11 = potemp090C: Potential Temperature [ITS-90, deg C]
# name 12 = potemp190C: Potential Temperature, 2 [ITS-90, deg C]
# name 13 = potemp90Cdiff: Potential Temperature, Diff, 2 - 1 [ITS-90, deg C]
# name 14 = c0S/m: Conductivity [S/m]
# name 15 = c1S/m: Conductivity, 2 [S/m]
# name 16 = C2-C1S/m: Conductivity Difference, 2 - 1 [S/m]
# name 17 = sal00: Salinity, Practical [PSU]
# name 18 = sal11: Salinity, Practical, 2 [PSU]
# name 19 = sbeox0ML/L: Oxygen, SBE 43 [ml/l]
# name 20 = sigma-é00: Density [sigma-theta, kg/m^3]
# name 21 = sigma-é11: Density, 2 [sigma-theta, kg/m^3]
# name 22 = sal00: Salinity, Practical [PSU]
# name 23 = sigma-é00: Density [sigma-theta, kg/m^3]
# name 24 = svCM: Sound Velocity [Chen-Millero, m/s]
# name 25 = svCM1: Sound Velocity, 2 [Chen-Millero, m/s]
# name 26 = gsw_ptA0: potential temperature [ITS-90, deg C]
# name 27 = gsw_densityA0: density, TEOS-10 [density, kg/m^3]
# name 28 = gsw_saA0: Absolute Salinity [g/kg]
# name 29 = flag:
# span 0 =       1917,      25779       
# span 1 = 313.421977, 313.433485       
# span 2 =  -62.14015,  -62.13608       
# span 3 =  -58.44282,  -58.44064       
# span 4 =     -1.204,      1.172       
# span 5 =       0.00,    1455.47       
# span 6 =      2.000,    398.000       
# span 7 =      1.982,    393.798       
# span 8 =    -0.8118,    -0.5498       
# span 9 =    -0.8120,    -0.5490       
# span 10 =    -0.0113,     0.0156      
# span 11 =    -0.8189,    -0.5500      
# span 12 =    -0.8189,    -0.5492      
# span 13 =    -0.0113,     0.0156      
# span 14 =   2.793609,   2.823585      
# span 15 =   2.793581,   2.823522      
# span 16 =  -0.000959,   0.001362      
# span 17 =    34.2780,    34.3927      
# span 18 =    34.2773,    34.3917      
# span 19 =     6.7875,     7.6635      
# span 20 =    27.5521,    27.6463      
# span 21 =    27.5517,    27.6455      
# span 22 =    34.2786,    34.3928      
# span 23 =    27.5526,    27.6464      
# span 24 =    1445.60,    1451.93      
# span 25 =    1445.60,    1451.93      
# span 26 =    -0.8187,    -0.5500      
# span 27 =  1027.5651,  1029.5484      
# span 28 =    34.4413,    34.5629      
# span 29 = 0.0000e+00, 0.0000e+00      
# interval = decibars: 1                
# start_time = Nov 09 2023 10:06:19 [NMEA time, header]
# bad_flag = -9.990e-29
*END*
[from data line 436]
      15689 313.428619 -9.990e-29  -58.44194     -0.915    1448.29    358.000    354.258    -0.6386    -0.6407    -0.0020    -0.6503    -0.6523    -0.0020   2.819083   2.818913  -0.000172    34.3759    34.3759     6.8983    27.6334    27.6334    34.3760    27.6334    1451.17    1451.16    -0.6500  1029.3420    34.5381 0.0000e+00
      15711 313.428630 -9.990e-29  -58.44194     -1.013    1448.29    357.000    353.270    -0.6377    -0.6362     0.0016    -0.6493    -0.6478     0.0016   2.819088   2.819140   0.000029    34.3755    34.3741     6.8977    27.6331    27.6318    34.3756    27.6331    1451.16    1451.16    -0.6491  1029.3369    34.5377 0.0000e+00
      15734 313.428640 -9.990e-29  -58.44193     -1.068    1448.29    356.000    352.281    -0.6328    -0.6324     0.0004    -0.6443    -0.6440     0.0004   2.819488   2.819398  -0.000085    34.3752    34.3736     6.9044    27.6325    27.6312    34.3760    27.6332    1451.16    1451.16    -0.6441  1029.3322    34.5381 0.0000e+00
      15757 313.428652  -62.13850  -58.44192     -1.050    1448.29    355.000    351.292    -0.6227    -0.6285    -0.0057    -0.6343    -0.6400    -0.0057   2.820264   2.819671  -0.000504    34.3742    34.3739     6.9196    27.6313    27.6313    34.3757    27.6325    1451.19    1451.17    -0.6340  1029.3296    34.5415 0.0000e+00
      15784 313.428665  -62.13851  -58.44192     -0.951    1448.29    354.000    350.304    -0.6152    -0.6265    -0.0113    -0.6267    -0.6380    -0.0113   2.820769   2.819745  -0.000959    34.3736    34.3735     6.9171    27.6304    27.6309    34.3745    27.6312    1451.21    1451.16    -0.6265  1029.3252    34.5425 0.0000e+00
      15814 313.428679  -62.13852  -58.44192     -0.836    1448.29    353.000    349.315    -0.6075    -0.6164    -0.0089    -0.6191    -0.6279    -0.0089   2.821333   2.820611  -0.000787    34.3730    34.3726     6.9206    27.6297    27.6297    34.3740    27.6305    1451.23    1451.19    -0.6188  1029.3197    34.5420 0.0000e+00
      15844 313.428694  -62.13852  -58.44192     -0.787    1448.29    352.000    348.326    -0.6080    -0.6062     0.0018    -0.6195    -0.6177     0.0018   2.821350   2.821342   0.000004    34.3743    34.3723     6.9169    27.6307    27.6290    34.3754    27.6317    1451.21    1451.22    -0.6193  1029.3161    34.5434 0.0000e+00
      15870 313.428706  -62.13852  -58.44192     -0.857    1448.29    351.000    347.337    -0.5994    -0.6048    -0.0055    -0.6109    -0.6163    -0.0054   2.821976   2.821426  -0.000545    34.3737    34.3725     6.9159    27.6299    27.6292    34.3747    27.6307    1451.24    1451.21    -0.6107  1029.3103    34.5427 0.0000e+00
      15893 313.428717  -62.13854  -58.44192     -0.983    1448.29    350.000    346.348    -0.5983    -0.5988    -0.0006    -0.6098    -0.6103    -0.0006   2.822003   2.821889  -0.000149    34.3736    34.3723     6.9125    27.6298    27.6287    34.3744    27.6304    1451.23    1451.22    -0.6095  1029.3053    34.5424 0.0000e+00
      15916 313.428728  -62.13854  -58.44190     -1.061    1448.29    349.000    345.360    -0.5978    -0.5965     0.0013    -0.6093    -0.6079     0.0013   2.822017   2.822022  -0.000004    34.3740    34.3724     6.9094    27.6301    27.6287    34.3747    27.6306    1451.21    1451.22    -0.6090  1029.3007    34.5427 0.0000e+00
      15938 313.428739  -62.13854  -58.44190     -1.065    1448.29    348.000    344.371    -0.5974    -0.5973     0.0001    -0.6088    -0.6087     0.0001   2.821988   2.821911  -0.000071    34.3738    34.3728     6.9151    27.6298    27.6290    34.3744    27.6303    1451.20    1451.20    -0.6086  1029.2957    34.5424 0.0000e+00
      15964 313.428751  -62.13854  -58.44190     -0.994    1448.29    347.000    343.383    -0.5961    -0.5989    -0.0027    -0.6075    -0.6102    -0.0027   2.822061   2.821749  -0.000294    34.3739    34.3730     6.9042    27.6299    27.6293    34.3746    27.6304    1451.19    1451.17    -0.6072  1029.2910    34.5426 0.0000e+00
      15993 313.428765  -62.13854  -58.44190     -0.872    1448.29    346.000    342.394    -0.5942    -0.5956    -0.0014    -0.6055    -0.6070    -0.0014   2.822158   2.821976  -0.000202    34.3738    34.3727     6.9120    27.6297    27.6289    34.3743    27.6301    1451.18    1451.17    -0.6053  1029.2859    34.5423 0.0000e+00
      16021 313.428779  -62.13855  -58.44190     -0.825    1448.29    345.000    341.405    -0.5944    -0.5938     0.0006    -0.6057    -0.6051     0.0006   2.822083   2.822061  -0.000028    34.3738    34.3727     6.9009    27.6297    27.6288    34.3742    27.6300    1451.16    1451.16    -0.6055  1029.2811    34.5421 0.0000e+00
      16046 313.428791  -62.13856  -58.44189     -0.900    1448.29    344.000    340.416    -0.5950    -0.5941     0.0009    -0.6062    -0.6053     0.0009   2.821982   2.821990 4.6726e-07    34.3738    34.3727     6.9092    27.6297    27.6288    34.3740    27.6299    1451.14    1451.15    -0.6060  1029.2756    34.5412 0.0000e+00
      16069 313.428802 -9.990e-29  -58.44188     -1.007    1448.29    343.000    339.427    -0.5950    -0.5943     0.0008    -0.6062    -0.6055     0.0008   2.821931   2.821921  -0.000014    34.3737    34.3726     6.8985    27.6297    27.6288    34.3740    27.6299    1451.13    1451.13    -0.6060  1029.2667    34.5360 0.0000e+00
      16093 313.428814 -9.990e-29  -58.44188     -1.041    1448.29    342.000    338.439    -0.5953    -0.5943     0.0010    -0.6065    -0.6055     0.0010   2.821853   2.821864   0.000002    34.3737    34.3727     6.8952    27.6297    27.6288    34.3739    27.6299    1451.11    1451.11    -0.6063  1029.2619    34.5360 0.0000e+00
      16120 313.428827 -9.990e-29  -58.44188     -0.947    1448.29    341.000    337.450    -0.5962    -0.5950     0.0012    -0.6074    -0.6061     0.0012   2.821714   2.821764   0.000045    34.3735    34.3727     6.9015    27.6296    27.6289    34.3736    27.6297    1451.09    1451.09    -0.6071  1029.2570    34.5357 0.0000e+00
      16150 313.428841  -62.13858  -58.44188     -0.807    1448.29    340.000    336.461    -0.5966    -0.5956     0.0010    -0.6077    -0.6067     0.0010   2.821639   2.821654   0.000015    34.3736    34.3727     6.8949    27.6296    27.6289    34.3737    27.6297    1451.07    1451.07    -0.6075  1029.2541    34.5379 0.0000e+00
      16180 313.428855  -62.13858  -58.44188     -0.789    1448.29    339.000    335.473    -0.5967    -0.5958     0.0009    -0.6077    -0.6069     0.0009   2.821582   2.821580  -0.000008    34.3736    34.3725     6.9170    27.6297    27.6287    34.3736    27.6297    1451.05    1451.06    -0.6075  1029.2523    34.5417 0.0000e+00
      16203 313.428867  -62.13858  -58.44186     -0.931    1448.29    338.000    334.483    -0.5966    -0.5958     0.0008    -0.6076    -0.6069     0.0008   2.821536   2.821525  -0.000008    34.3735    34.3724     6.9045    27.6295    27.6287    34.3735    27.6296    1451.04    1451.04    -0.6074  1029.2474    34.5415 0.0000e+00
      16225 313.428877  -62.13858  -58.44186     -1.062    1448.29    337.000    333.495    -0.5969    -0.5961     0.0008    -0.6079    -0.6071     0.0008   2.821453   2.821449  -0.000007    34.3733    34.3723     6.9082    27.6294    27.6286    34.3733    27.6295    1451.02    1451.02    -0.6077  1029.2425    34.5413 0.0000e+00
      16247 313.428888  -62.13859  -58.44186     -1.097    1448.29    336.000    332.506    -0.5970    -0.5962     0.0008    -0.6080    -0.6072     0.0008   2.821403   2.821386  -0.000018    34.3734    34.3722     6.9142    27.6295    27.6285    34.3735    27.6296    1451.00    1451.00    -0.6078  1029.2379    34.5414 0.0000e+00
      16271 313.428900  -62.13860  -58.44186     -1.036    1448.29    335.000    331.517    -0.5973    -0.5964     0.0009    -0.6082    -0.6073     0.0009   2.821344   2.821340  -0.000006    34.3735    34.3724     6.9035    27.6296    27.6287    34.3735    27.6296    1450.98    1450.99    -0.6080  1029.2332    34.5415 0.0000e+00
      16300 313.428913  -62.13860  -58.44186     -0.893    1448.29    334.000    330.529    -0.5976    -0.5965     0.0010    -0.6084    -0.6074     0.0010   2.821264   2.821270   0.000004    34.3735    34.3723     6.9100    27.6296    27.6286    34.3734    27.6295    1450.97    1450.97    -0.6083  1029.2283    34.5414 0.0000e+00
      16328 313.428927  -62.13860  -58.44186     -0.844    1448.29    333.000    329.539    -0.5985    -0.5974     0.0012    -0.6094    -0.6082     0.0011   2.821077   2.821132   0.000043    34.3728    34.3721     6.9043    27.6291    27.6284    34.3726    27.6289    1450.94    1450.95    -0.6091  1029.2230    34.5406 0.0000e+00
      16352 313.428939  -62.13860  -58.44184     -0.912    1448.29    332.000    328.551    -0.5995    -0.5980     0.0015    -0.6103    -0.6089     0.0015   2.820914   2.820982   0.000077    34.3723    34.3717     6.9046    27.6287    27.6281    34.3721    27.6286    1450.92    1450.93    -0.6101  1029.2179    34.5401 0.0000e+00
      16375 313.428950  -62.13862  -58.44184     -1.007    1448.29    331.000    327.562    -0.6016    -0.6007     0.0009    -0.6123    -0.6115     0.0009   2.820622   2.820617 -8.623e-07    34.3715    34.3705     6.9181    27.6282    27.6273    34.3711    27.6278    1450.90    1450.90    -0.6121  1029.2124    34.5391 0.0000e+00
      16397 313.428960  -62.13862  -58.44184     -1.066    1448.29    330.000    326.573    -0.6041    -0.6028     0.0013    -0.6149    -0.6135     0.0013   2.820277   2.820365   0.000056    34.3706    34.3698     6.9100    27.6275    27.6269    34.3700    27.6270    1450.87    1450.87    -0.6146  1029.2069    34.5379 0.0000e+00
      16420 313.428971  -62.13862  -58.44184     -1.087    1448.29    329.000    325.584    -0.6065    -0.6043     0.0021    -0.6171    -0.6150     0.0021   2.820023   2.820156   0.000144    34.3701    34.3696     6.9163    27.6272    27.6268    34.3698    27.6270    1450.84    1450.85    -0.6170  1029.2022    34.5378 0.0000e+00
      16445 313.428983  -62.13862  -58.44184     -1.014    1448.29    328.000    324.596    -0.6082    -0.6052     0.0030    -0.6189    -0.6159     0.0030   2.819818   2.820037   0.000203    34.3701    34.3694     6.9214    27.6273    27.6266    34.3696    27.6269    1450.81    1450.83    -0.6186  1029.1974    34.5376 0.0000e+00
      16471 313.428996  -62.13862  -58.44184     -0.920    1448.29    327.000    323.607    -0.6093    -0.6067     0.0027    -0.6199    -0.6173     0.0027   2.819654   2.819824   0.000183    34.3697    34.3692     6.9247    27.6270    27.6265    34.3693    27.6267    1450.79    1450.80    -0.6197  1029.1924    34.5372 0.0000e+00
      16496 313.429008  -62.13864  -58.44184     -0.924    1448.29    326.000    322.618    -0.6110    -0.6095     0.0015    -0.6215    -0.6200     0.0015   2.819396   2.819465   0.000082    34.3688    34.3682     6.9400    27.6264    27.6258    34.3683    27.6260    1450.77    1450.77    -0.6213  1029.1869    34.5362 0.0000e+00
      16519 313.429019  -62.13864  -58.44182     -1.012    1448.29    325.000    321.629    -0.6127    -0.6119     0.0008    -0.6232    -0.6224     0.0008   2.819152   2.819161   0.000012    34.3680    34.3673     6.9342    27.6258    27.6252    34.3675    27.6254    1450.74    1450.74    -0.6230  1029.1817    34.5355 0.0000e+00
      16539 313.429029  -62.13864  -58.44182     -1.110    1448.29    324.000    320.640    -0.6130    -0.6129     0.0001    -0.6235    -0.6234     0.0001   2.819054   2.818981  -0.000082    34.3678    34.3666     6.9378    27.6257    27.6247    34.3673    27.6252    1450.72    1450.72    -0.6233  1029.1767    34.5352 0.0000e+00
      16560 313.429039  -62.13864  -58.44182     -1.168    1448.29    323.000    319.651    -0.6146    -0.6138     0.0008    -0.6251    -0.6243     0.0008   2.818853   2.818829  -0.000018    34.3674    34.3662     6.9507    27.6253    27.6244    34.3670    27.6250    1450.70    1450.70    -0.6249  1029.1718    34.5349 0.0000e+00
      16587 313.429052  -62.13864  -58.44182     -1.020    1448.29    322.000    318.662    -0.6151    -0.6138     0.0013    -0.6255    -0.6242     0.0013   2.818752   2.818834   0.000063    34.3672    34.3665     6.9531    27.6252    27.6246    34.3667    27.6249    1450.68    1450.69    -0.6253  1029.1669    34.5347 0.0000e+00
      16617 313.429066  -62.13866  -58.44182     -0.829    1448.29    321.000    317.673    -0.6158    -0.6131     0.0027    -0.6262    -0.6235     0.0027   2.818620   2.818837   0.000214    34.3667    34.3665     6.9578    27.6249    27.6246    34.3664    27.6246    1450.66    1450.67    -0.6260  1029.1619    34.5343 0.0000e+00
      16650 313.429082  -62.13866  -58.44182     -0.727    1448.29    320.000    316.685    -0.6182    -0.6159     0.0023    -0.6286    -0.6263     0.0023   2.818264   2.818468   0.000199    34.3657    34.3657     6.9641    27.6241    27.6241    34.3649    27.6236    1450.63    1450.64    -0.6283  1029.1561    34.5329 0.0000e+00
      16679 313.429096  -62.13866  -58.44181     -0.771    1448.29    319.000    315.696    -0.6216    -0.6190     0.0026    -0.6319    -0.6293     0.0026   2.817813   2.818021   0.000198    34.3640    34.3637     6.9697    27.6229    27.6226    34.3633    27.6223    1450.60    1450.61    -0.6317  1029.1502    34.5312 0.0000e+00
      16700 313.429106  -62.13866  -58.44180     -0.973    1448.29    318.000    314.706    -0.6241    -0.6236     0.0005    -0.6343    -0.6338     0.0005   2.817429   2.817399  -0.000002    34.3625    34.3619     6.9739    27.6218    27.6213    34.3615    27.6210    1450.56    1450.57    -0.6341  1029.1441    34.5294 0.0000e+00
      16720 313.429116  -62.13867  -58.44180     -1.158    1448.29    317.000    313.718    -0.6287    -0.6285     0.0002    -0.6389    -0.6387     0.0002   2.816909   2.816827  -0.000056    34.3611    34.3602     6.9641    27.6209    27.6201    34.3604    27.6203    1450.53    1450.52    -0.6387  1029.1387    34.5283 0.0000e+00
      16740 313.429126  -62.13868  -58.44180     -1.204    1448.29    316.000    312.729    -0.6297    -0.6304    -0.0007    -0.6398    -0.6405    -0.0007   2.816738   2.816580  -0.000173    34.3606    34.3591     6.9769    27.6205    27.6194    34.3598    27.6198    1450.50    1450.50    -0.6396  1029.1335    34.5277 0.0000e+00
      16763 313.429137  -62.13868  -58.44180     -1.136    1448.29    315.000    311.740    -0.6337    -0.6301     0.0035    -0.6438    -0.6403     0.0035   2.816256   2.816575   0.000295    34.3593    34.3592     7.0034    27.6196    27.6194    34.3584    27.6189    1450.47    1450.48    -0.6436  1029.1279    34.5263 0.0000e+00
      16790 313.429150  -62.13868  -58.44180     -0.958    1448.29    314.000    310.751    -0.6353    -0.6277     0.0076    -0.6454    -0.6378     0.0076   2.816071   2.816810   0.000704    34.3590    34.3599     6.9995    27.6195    27.6199    34.3584    27.6190    1450.44    1450.48    -0.6452  1029.1232    34.5263 0.0000e+00
      16821 313.429165  -62.13868  -58.44180     -0.781    1448.29    313.000    309.763    -0.6364    -0.6332     0.0032    -0.6465    -0.6432     0.0032   2.815878   2.816121   0.000283    34.3584    34.3586     7.0190    27.6191    27.6190    34.3576    27.6184    1450.42    1450.44    -0.6462  1029.1179    34.5255 0.0000e+00
      16848 313.429178  -62.13869  -58.44179     -0.835    1448.29    312.000    308.773    -0.6415    -0.6394     0.0022    -0.6515    -0.6494     0.0022   2.815221   2.815401   0.000157    34.3565    34.3562     7.0237    27.6177    27.6173    34.3552    27.6166    1450.38    1450.39    -0.6513  1029.1104    34.5218 0.0000e+00
