Pos-Processados/process_op42/operantar42_016.ros
* Sea-Bird SBE 9 Data File:
* FileName = C:\Users\Hidrografia\Desktop\OPXLII\Brutos\OP42016.hdr
* Software Version Seasave V 7.26.7.107
* Temperature SN = 6502
* Conductivity SN = 4998
* Number of Bytes Per Scan = 31
* Number of Voltage Words = 2
* Number of Scans Averaged by the Deck Unit = 1
* NMEA Latitude = 47 17.16 S
* NMEA Longitude = 059 17.59 W
* NMEA UTC (Time) = Oct 21 2023 04:54:38
* NMEA baud rate = 4800
** H41
** NPOALTEMAXIMIANO
** NUMERO DA ESTACAO (XXX) 016
** LAT (XX XX.XX S/N) 47 17.23 S
** LONG (XXX XX.XX W/E) 059 17.82 W
** DATAHORA (dd/mm/aaaa hh:mm Z) 21/10/2023 0454Z
** PROFUNDIDADE (m) 1301
** OPERADOR CT FABIREZA
# nquan = 24
# nvalues = 4048                                  
# units = specified
# name 0 = scan: Scan Count
# name 1 = timeJ: Julian Days
# name 2 = latitude: Latitude [deg]
# name 3 = longitude: Longitude [deg]
# name 4 = dz/dtM: Descent Rate [m/s]
# name 5 = avgsvCM: Average Sound Velocity [Chen-Millero, m/s]
# name 6 = prDM: Pressure, Digiquartz [db]
# name 7 = depSM: Depth [salt water, m]
# name 8 = t090C: Temperature [ITS-90, deg C]
# name 9 = t190C: Temperature, 2 [ITS-90, deg C]
# name 10 = T2-T190C: Temperature Difference, 2 - 1 [ITS-90, deg C]
# name 11 = potemp090C: Potential Temperature [ITS-90, deg C]
# name 12 = potemp190C: Potential Temperature, 2 [ITS-90, deg C]
# name 13 = potemp90Cdiff: Potential Temperature, Diff, 2 - 1 [ITS-90, deg C]
# name 14 = c0S/m: Conductivity [S/m]
# name 15 = c1S/m: Conductivity, 2 [S/m]
# name 16 = C2-C1S/m: Conductivity Difference, 2 - 1 [S/m]
# name 17 = sal00: Salinity, Practical [PSU]
# name 18 = sal11: Salinity, Practical, 2 [PSU]
# name 19 = sbeox0ML/L: Oxygen, SBE 43 [ml/l]
# name 20 = sigma-é00: Density [sigma-theta, kg/m^3]
# name 21 = sigma-é11: Density, 2 [sigma-theta, kg/m^3]
# name 22 = nbf: Bottles Fired
# name 23 = flag:  0.000e+00
# interval = seconds: 0.0416667
# start_time = Oct 21 2023 04:54:38 [NMEA time, header]
# bad_flag = -9.990e-29
*END*
[from data line 3140]
      63260 294.235113  -47.28430  -59.30390     -0.066    1472.95     19.859     19.693     5.3869     5.3897     0.0028     5.3854     5.3881     0.0028   3.298993   3.299146   0.000153    34.0526    34.0515     7.0999    26.8792    26.8780         19  0.000e+00
      63261 294.235114  -47.28430  -59.30390     -0.065    1472.95     19.859     19.693     5.3870     5.3889     0.0019     5.3855     5.3873     0.0019   3.298981   3.299074   0.000093    34.0523    34.0515     7.1001    26.8790    26.8781         19  0.000e+00
      63262 294.235114  -47.28430  -59.30390     -0.061    1472.95     19.859     19.693     5.3867     5.3886     0.0019     5.3851     5.3870     0.0019   3.299066   3.299086   0.000020    34.0536    34.0519     7.1003    26.8800    26.8785         19  0.000e+00
      63263 294.235115  -47.28430  -59.30390     -0.060    1472.95     19.859     19.693     5.3867     5.3880     0.0013     5.3851     5.3864     0.0013   3.298938   3.299020   0.000082    34.0522    34.0518     7.0999    26.8789    26.8785         19  0.000e+00
      63264 294.235115  -47.28430  -59.30390     -0.055    1472.95     19.923     19.756     5.3865     5.3881     0.0015     5.3850     5.3865     0.0015   3.298932   3.299014   0.000082    34.0522    34.0516     7.0995    26.8789    26.8783         19  0.000e+00
      63265 294.235116  -47.28430  -59.30390     -0.053    1472.95     19.859     19.693     5.3864     5.3877     0.0013     5.3848     5.3861     0.0013   3.298969   3.299026   0.000057    34.0528    34.0522     7.0989    26.8794    26.8788         19  0.000e+00
      63266 294.235116  -47.28430  -59.30390     -0.052    1472.95     19.859     19.693     5.3864     5.3874     0.0010     5.3848     5.3859     0.0010   3.298932   3.299056   0.000124    34.0524    34.0528     7.0991    26.8791    26.8793         19  0.000e+00
      63267 294.235117  -47.28430  -59.30390     -0.049    1472.95     19.923     19.756     5.3865     5.3876     0.0011     5.3850     5.3860     0.0011   3.298920   3.299014   0.000094    34.0521    34.0521     7.0986    26.8788    26.8787         19  0.000e+00
      63268 294.235117  -47.28430  -59.30390     -0.047    1472.95     19.859     19.693     5.3864     5.3873     0.0009     5.3848     5.3858     0.0009   3.298963   3.298996   0.000033    34.0527    34.0522     7.0980    26.8794    26.8788         19  0.000e+00
      63269 294.235118  -47.28430  -59.30390     -0.045    1472.95     19.859     19.693     5.3865     5.3874     0.0009     5.3850     5.3859     0.0009   3.298957   3.298972   0.000016    34.0525    34.0518     7.0980    26.8792    26.8785         19  0.000e+00
      63270 294.235118  -47.28430  -59.30390     -0.042    1472.95     19.859     19.693     5.3865     5.3873     0.0007     5.3850     5.3857     0.0007   3.298878   3.298996   0.000118    34.0516    34.0522     7.0975    26.8785    26.8789         19  0.000e+00
      63271 294.235119  -47.28430  -59.30390     -0.043    1472.95     19.859     19.693     5.3864     5.3873     0.0009     5.3848     5.3858     0.0009   3.298926   3.298972   0.000046    34.0523    34.0519     7.0975    26.8791    26.8786         19  0.000e+00
      63272 294.235119  -47.28430  -59.30390     -0.036    1472.95     19.923     19.757     5.3862     5.3874     0.0012     5.3847     5.3859     0.0012   3.298951   3.298984   0.000034    34.0527    34.0519     7.0969    26.8794    26.8786         19  0.000e+00
      63273 294.235120  -47.28430  -59.30390     -0.032    1472.95     19.923     19.757     5.3862     5.3872     0.0009     5.3847     5.3856     0.0009   3.298878   3.298972   0.000094    34.0519    34.0520     7.0970    26.8787    26.8787         19  0.000e+00
      63274 294.235120  -47.28430  -59.30390     -0.029    1472.95     19.859     19.693     5.3862     5.3868     0.0006     5.3847     5.3852     0.0006   3.298878   3.298972   0.000094    34.0519    34.0524     7.0963    26.8788    26.8791         19  0.000e+00
      63275 294.235121  -47.28430  -59.30390     -0.029    1472.95     19.859     19.693     5.3862     5.3871     0.0009     5.3847     5.3856     0.0009   3.298932   3.298966   0.000034    34.0526    34.0521     7.0956    26.8793    26.8788         19  0.000e+00
      63276 294.235121  -47.28430  -59.30390     -0.029    1472.95     19.859     19.693     5.3862     5.3870     0.0008     5.3847     5.3855     0.0008   3.298926   3.298942   0.000016    34.0525    34.0519     7.0904    26.8792    26.8786         19  0.000e+00
      63277 294.235122  -47.28430  -59.30390     -0.022    1472.95     19.915     19.749     5.3861     5.3871     0.0010     5.3845     5.3856     0.0010   3.298963   3.298936  -0.000026    34.0530    34.0517     7.0950    26.8797    26.8785         19  0.000e+00
      63278 294.235122  -47.28430  -59.30390     -0.018    1472.95     19.923     19.757     5.3861     5.3868     0.0007     5.3845     5.3852     0.0007   3.298957   3.298966   0.000010    34.0530    34.0523     7.0898    26.8796    26.8790         19  0.000e+00
      63279 294.235122  -47.28430  -59.30390     -0.017    1472.95     19.859     19.693     5.3859     5.3870     0.0011     5.3844     5.3855     0.0011   3.298860   3.298942   0.000083    34.0520    34.0519     7.0891    26.8789    26.8786         19  0.000e+00
      63280 294.235123  -47.28430  -59.30390     -0.013    1472.95     19.923     19.757     5.3852     5.3871     0.0019     5.3837     5.3856     0.0019   3.298829   3.298954   0.000125    34.0523    34.0519     7.0887    26.8792    26.8786         19  0.000e+00
      63281 294.235123  -47.28430  -59.30390     -0.009    1472.95     19.923     19.757     5.3845     5.3868     0.0024     5.3829     5.3853     0.0024   3.298847   3.298942   0.000095    34.0533    34.0520     7.0882    26.8801    26.8788         19  0.000e+00
      63282 294.235124  -47.28430  -59.30390     -0.005    1472.95     19.915     19.749     5.3843     5.3871     0.0028     5.3828     5.3856     0.0028   3.298811   3.298942   0.000131    34.0531    34.0517     7.0884    26.8799    26.8785         19  0.000e+00
      63283 294.235124  -47.28430  -59.30390     -0.004    1472.95     19.859     19.693     5.3840     5.3866     0.0027     5.3824     5.3851     0.0027   3.298775   3.298936   0.000162    34.0531    34.0522     7.0879    26.8799    26.8789         19  0.000e+00
      63284 294.235125  -47.28430  -59.30392      0.003    1472.95     19.980     19.812     5.3836     5.3862     0.0026     5.3821     5.3846     0.0026   3.298835   3.298889   0.000053    34.0540    34.0520     7.0883    26.8807    26.8788         19  0.000e+00
      63285 294.235125  -47.28430  -59.30392      0.004    1472.95     19.915     19.749     5.3838     5.3857     0.0018     5.3823     5.3841     0.0018   3.298787   3.298853   0.000066    34.0533    34.0522     7.0878    26.8801    26.8790         19  0.000e+00
      63286 294.235126  -47.28430  -59.30392      0.008    1472.95     19.859     19.693     5.3835     5.3853     0.0019     5.3819     5.3838     0.0019   3.298769   3.298829   0.000060    34.0535    34.0523     7.0874    26.8803    26.8791         19  0.000e+00
      63287 294.235126  -47.28430  -59.30392      0.008    1472.95     19.923     19.757     5.3838     5.3851     0.0012     5.3823     5.3835     0.0012   3.298787   3.298793   0.000006    34.0533    34.0521     7.0812    26.8801    26.8790         19  0.000e+00
      63288 294.235127  -47.28430  -59.30392      0.016    1472.95     19.980     19.813     5.3836     5.3852     0.0015     5.3821     5.3836     0.0015   3.298775   3.298829   0.000054    34.0533    34.0524     7.0848    26.8802    26.8792         19  0.000e+00
      63289 294.235127  -47.28430  -59.30392      0.020    1472.95     19.923     19.757     5.3840     5.3852     0.0012     5.3824     5.3837     0.0012   3.298769   3.298823   0.000054    34.0529    34.0523     7.0844    26.8798    26.8792         19  0.000e+00
      63290 294.235128  -47.28430  -59.30392      0.021    1472.95     19.923     19.757     5.3840     5.3858     0.0019     5.3824     5.3843     0.0019   3.298769   3.298871   0.000102    34.0530    34.0522     7.0841    26.8799    26.8791         19  0.000e+00
      63291 294.235128  -47.28430  -59.30392      0.028    1472.95     19.980     19.813     5.3843     5.3863     0.0020     5.3827     5.3847     0.0020   3.298787   3.298901   0.000114    34.0528    34.0521     7.0838    26.8797    26.8789         19  0.000e+00
      63292 294.235129  -47.28430  -59.30392      0.028    1472.95     19.923     19.757     5.3848     5.3865     0.0017     5.3832     5.3850     0.0017   3.298799   3.298883   0.000084    34.0525    34.0517     7.0834    26.8794    26.8785         19  0.000e+00
      63293 294.235129  -47.28430  -59.30392      0.035    1472.95     19.980     19.813     5.3848     5.3866     0.0019     5.3832     5.3851     0.0018   3.298799   3.298918   0.000120    34.0524    34.0519     7.0833    26.8793    26.8787         19  0.000e+00
      63294 294.235130  -47.28430  -59.30392      0.038    1472.95     19.980     19.813     5.3851     5.3865     0.0014     5.3835     5.3849     0.0014   3.298775   3.298901   0.000126    34.0519    34.0519     7.0830    26.8788    26.8787         19  0.000e+00
      63295 294.235130  -47.28430  -59.30392      0.045    1472.95     19.980     19.813     5.3851     5.3859     0.0008     5.3835     5.3843     0.0008   3.298811   3.298877   0.000066    34.0523    34.0522     7.0829    26.8792    26.8790         19  0.000e+00
      63296 294.235131  -47.28430  -59.30392      0.044    1472.95     19.924     19.757     5.3852     5.3857     0.0004     5.3837     5.3841     0.0004   3.298829   3.298829 -4.644e-07    34.0523    34.0519     7.0826    26.8792    26.8788         19  0.000e+00
      63297 294.235131  -47.28430  -59.30392      0.047    1472.95     19.980     19.813     5.3851     5.3854     0.0003     5.3835     5.3838     0.0003   3.298896   3.298817  -0.000079    34.0532    34.0520     7.0826    26.8799    26.8789         19  0.000e+00
      63298 294.235132  -47.28430  -59.30392      0.053    1472.95     19.980     19.813     5.3851     5.3853     0.0003     5.3835     5.3838     0.0003   3.298829   3.298823  -0.000006    34.0525    34.0521     7.0877    26.8793    26.8790         19  0.000e+00
      63299 294.235132  -47.28430  -59.30392      0.059    1472.95     19.980     19.813     5.3851     5.3853     0.0003     5.3835     5.3838     0.0003   3.298799   3.298841   0.000042    34.0521    34.0524     7.0831    26.8791    26.8792         19  0.000e+00
      63300 294.235133  -47.28430  -59.30392      0.057    1472.95     19.980     19.813     5.3849     5.3852     0.0003     5.3834     5.3837     0.0003   3.298841   3.298823  -0.000019    34.0528    34.0523     7.0831    26.8796    26.8791         19  0.000e+00
      63301 294.235133  -47.28430  -59.30392      0.066    1472.95     20.036     19.868     5.3849     5.3852     0.0002     5.3834     5.3836     0.0002   3.298811   3.298817   0.000006    34.0524    34.0522     7.0838    26.8793    26.8791         19  0.000e+00
      63302 294.235134  -47.28430  -59.30392      0.067    1472.95     19.980     19.813     5.3849     5.3850     0.0001     5.3834     5.3835     0.0001   3.298775   3.298823   0.000048    34.0520    34.0525     7.0786    26.8790    26.8793         19  0.000e+00
      63303 294.235134  -47.28430  -59.30392      0.068    1472.95     19.980     19.813     5.3849     5.3851     0.0001     5.3834     5.3835     0.0001   3.298835   3.298817  -0.000018    34.0527    34.0524     7.0832    26.8795    26.8792         19  0.000e+00
      63304 294.235135  -47.28430  -59.30392      0.073    1472.95     19.980     19.813     5.3851     5.3850    -0.0001     5.3835     5.3835    -0.0001   3.298787   3.298817   0.000030    34.0520    34.0524     7.0833    26.8789    26.8793         19  0.000e+00
      63305 294.235135  -47.28430  -59.30392      0.073    1472.95     20.036     19.869     5.3848     5.3851     0.0003     5.3832     5.3835     0.0003   3.298769   3.298793   0.000024    34.0521    34.0520     7.0783    26.8790    26.8790         19  0.000e+00
      63306 294.235136  -47.28430  -59.30392      0.073    1472.95     19.980     19.813     5.3849     5.3853     0.0004     5.3834     5.3838     0.0004   3.298811   3.298817   0.000006    34.0524    34.0521     7.0830    26.8793    26.8790         19  0.000e+00
      63307 294.235136  -47.28430  -59.30392      0.080    1472.95     20.036     19.869     5.3849     5.3855     0.0006     5.3834     5.3839     0.0006   3.298829   3.298817  -0.000012    34.0526    34.0519     7.0832    26.8795    26.8788         19  0.000e+00
      63308 294.235136  -47.28430  -59.30392      0.079    1472.95     19.980     19.813     5.3849     5.3854     0.0005     5.3834     5.3838     0.0005   3.298781   3.298817   0.000036    34.0521    34.0520     7.0782    26.8790    26.8789         19  0.000e+00
      63309 294.235137  -47.28430  -59.30392      0.081    1472.95     20.036     19.869     5.3851     5.3858     0.0007     5.3835     5.3843     0.0007   3.298811   3.298859   0.000048    34.0522    34.0520     7.0831    26.8791    26.8789         19  0.000e+00
      63310 294.235137  -47.28430  -59.30392      0.083    1472.95     20.036     19.869     5.3848     5.3860     0.0012     5.3832     5.3844     0.0012   3.298805   3.298853   0.000048    34.0525    34.0518     7.0835    26.8794    26.8787         19  0.000e+00
      63311 294.235138  -47.28430  -59.30392      0.085    1472.95     20.036     19.869     5.3846     5.3864     0.0017     5.3831     5.3848     0.0017   3.298799   3.298901   0.000102    34.0526    34.0520     7.0839    26.8795    26.8788         19  0.000e+00
      63312 294.235138  -47.28430  -59.30392      0.086    1472.95     20.036     19.869     5.3846     5.3860     0.0014     5.3831     5.3844     0.0014   3.298775   3.298883   0.000108    34.0523    34.0521     7.0842    26.8792    26.8790         19  0.000e+00
      63313 294.235139  -47.28430  -59.30392      0.091    1472.95     20.036     19.869     5.3843     5.3860     0.0017     5.3827     5.3845     0.0017   3.298769   3.298853   0.000084    34.0525    34.0518     7.0847    26.8795    26.8786         19  0.000e+00
      63314 294.235139  -47.28430  -59.30392      0.091    1472.95     20.036     19.869     5.3843     5.3860     0.0017     5.3827     5.3844     0.0017   3.298787   3.298847   0.000060    34.0528    34.0517     7.0851    26.8796    26.8786         19  0.000e+00
      63315 294.235140  -47.28430  -59.30392      0.088    1472.95     19.980     19.813     5.3843     5.3858     0.0015     5.3827     5.3843     0.0015   3.298799   3.298829   0.000030    34.0529    34.0517     7.0855    26.8798    26.8787         19  0.000e+00
      63316 294.235140  -47.28430  -59.30392      0.091    1472.95     20.036     19.869     5.3843     5.3859     0.0016     5.3827     5.3843     0.0016   3.298775   3.298865   0.000090    34.0526    34.0521     7.0861    26.8795    26.8789         19  0.000e+00
      63317 294.235141  -47.28430  -59.30392      0.094    1472.95     20.101     19.933     5.3843     5.3855     0.0012     5.3827     5.3839     0.0012   3.298744   3.298829   0.000084    34.0522    34.0520     7.0867    26.8792    26.8789         19  0.000e+00
      63318 294.235141  -47.28430  -59.30392      0.093    1472.95     20.036     19.869     5.3843     5.3855     0.0012     5.3827     5.3839     0.0012   3.298756   3.298835   0.000078    34.0524    34.0521     7.0872    26.8794    26.8790         19  0.000e+00
      63319 294.235142  -47.28430  -59.30392      0.088    1472.95     19.980     19.813     5.3842     5.3851     0.0009     5.3826     5.3835     0.0009   3.298787   3.298811   0.000024    34.0529    34.0523     7.0877    26.8798    26.8792         19  0.000e+00
