Pos-Processados/process_op42/operantar42_008.ros
* Sea-Bird SBE 9 Data File:
* FileName = C:\Users\Hidrografia\Desktop\OPXLII\Brutos\OP42008.hdr
* Software Version Seasave V 7.26.7.107
* Temperature SN = 6502
* Conductivity SN = 4998
* Number of Bytes Per Scan = 31
* Number of Voltage Words = 2
* Number of Scans Averaged by the Deck Unit = 1
* NMEA Latitude = 42 37.54 S
* NMEA Longitude = 054 58.51 W
* NMEA UTC (Time) = Oct 18 2023 09:23:08
* NMEA baud rate = 4800
** H41
** NPOALTEMAXIMIANO
** NUMERO DA ESTACAO (XXX) 008
** LAT (XX XX.XX S/N) 42 37.540 S
** LONG (XXX XX.XX W/E) 054 58.30 W
** DATAHORA (dd/mm/aaaa hh:mm Z) 18/10/2023 09:00 Z
** PROFUNDIDADE (m) 5142
** OPERADOR ZAMITH
# nquan = 24
# nvalues = 4227                                  
# units = specified
# name 0 = scan: Scan Count
# name 1 = timeJ: Julian Days
# name 2 = latitude: Latitude [deg]
# name 3 = longitude: Longitude [deg]
# name 4 = dz/dtM: Descent Rate [m/s]
# name 5 = avgsvCM: Average Sound Velocity [Chen-Millero, m/s]
# name 6 = prDM: Pressure, Digiquartz [db]
# name 7 = depSM: Depth [salt water, m]
# name 8 = t090C: Temperature [ITS-90, deg C]
# name 9 = t190C: Temperature, 2 [ITS-90, deg C]
# name 10 = T2-T190C: Temperature Difference, 2 - 1 [ITS-90, deg C]
# name 11 = potemp090C: Potential Temperature [ITS-90, deg C]
# name 12 = potemp190C: Potential Temperature, 2 [ITS-90, deg C]
# name 13 = potemp90Cdiff: Potential Temperature, Diff, 2 - 1 [ITS-90, deg C]
# name 14 = c0S/m: Conductivity [S/m]
# name 15 = c1S/m: Conductivity, 2 [S/m]
# name 16 = C2-C1S/m: Conductivity Difference, 2 - 1 [S/m]
# name 17 = sal00: Salinity, Practical [PSU]
# name 18 = sal11: Salinity, Practical, 2 [PSU]
# name 19 = sbeox0ML/L: Oxygen, SBE 43 [ml/l]
# name 20 = sigma-é00: Density [sigma-theta, kg/m^3]
# name 21 = sigma-é11: Density, 2 [sigma-theta, kg/m^3]
# name 22 = nbf: Bottles Fired
# name 23 = flag:  0.000e+00
# interval = seconds: 0.0416667
# start_time = Oct 18 2023 09:23:08 [NMEA time, header]
# bad_flag = -9.990e-29
*END*
[from data line 2053]
      65694 291.422745  -42.62392  -54.95664     -0.186    1484.86     62.612     62.108    11.3350    11.3248    -0.0102    11.3271    11.3169    -0.0102   3.939024   3.937765  -0.001259    35.0013    34.9985     5.3839    26.7167    26.7164         12  0.000e+00
      65695 291.422746  -42.62392  -54.95664     -0.187    1484.86     62.676     62.172    11.3368    11.3264    -0.0104    11.3290    11.3186    -0.0104   3.939213   3.937913  -0.001300    35.0014    34.9984     5.3835    26.7164    26.7160         12  0.000e+00
      65696 291.422746  -42.62392  -54.95664     -0.197    1484.86     62.580     62.076    11.3386    11.3294    -0.0092    11.3308    11.3216    -0.0092   3.939440   3.938297  -0.001143    35.0020    34.9994     5.3829    26.7165    26.7162         12  0.000e+00
      65697 291.422747  -42.62392  -54.95664     -0.205    1484.86     62.555     62.052    11.3402    11.3325    -0.0077    11.3323    11.3247    -0.0077   3.939636   3.938688  -0.000947    35.0025    35.0003     5.3824    26.7166    26.7164         12  0.000e+00
      65698 291.422747  -42.62392  -54.95664     -0.211    1484.86     62.612     62.108    11.3422    11.3360    -0.0061    11.3343    11.3282    -0.0061   3.939857   3.939092  -0.000764    35.0027    35.0010     5.3823    26.7165    26.7162         12  0.000e+00
      65699 291.422748  -42.62392  -54.95664     -0.218    1484.86     62.555     62.052    11.3441    11.3407    -0.0035    11.3363    11.3329    -0.0035   3.940052   3.939528  -0.000524    35.0028    35.0009     5.3778    26.7162    26.7153         12  0.000e+00
      65700 291.422748  -42.62392  -54.95664     -0.227    1484.86     62.523     62.020    11.3450    11.3455     0.0005    11.3372    11.3377     0.0005   3.940221   3.940003  -0.000218    35.0037    35.0010     5.3773    26.7167    26.7145         12  0.000e+00
      65701 291.422749  -42.62392  -54.95664     -0.231    1484.86     62.555     62.052    11.3460    11.3488     0.0028    11.3382    11.3410     0.0028   3.940286   3.940375   0.000089    35.0034    35.0016     5.3813    26.7163    26.7143         12  0.000e+00
      65702 291.422749  -42.62392  -54.95664     -0.236    1484.86     62.555     62.052    11.3463    11.3511     0.0048    11.3385    11.3433     0.0048   3.940299   3.940695   0.000396    35.0032    35.0026     5.3813    26.7160    26.7147         12  0.000e+00
      65703 291.422750  -42.62392  -54.95664     -0.240    1484.86     62.499     61.996    11.3465    11.3523     0.0058    11.3387    11.3445     0.0058   3.940351   3.940798   0.000447    35.0036    35.0025     5.3813    26.7163    26.7144         12  0.000e+00
      65704 291.422750  -42.62392  -54.95664     -0.248    1484.86     62.459     61.956    11.3471    11.3519     0.0048    11.3393    11.3441     0.0048   3.940390   3.940811   0.000421    35.0034    35.0030     5.3813    26.7160    26.7148         12  0.000e+00
      65705 291.422751  -42.62392  -54.95664     -0.252    1484.86     62.499     61.996    11.3477    11.3516     0.0040    11.3398    11.3438     0.0039   3.940403   3.940753   0.000350    35.0030    35.0027     5.3813    26.7156    26.7147         12  0.000e+00
      65706 291.422751  -42.62392  -54.95664     -0.254    1484.86     62.499     61.996    11.3482    11.3524     0.0043    11.3404    11.3446     0.0043   3.940455   3.940714   0.000259    35.0030    35.0015     5.3812    26.7156    26.7136         12  0.000e+00
      65707 291.422752  -42.62392  -54.95664     -0.260    1484.86     62.499     61.996    11.3498    11.3531     0.0033    11.3420    11.3453     0.0033   3.940631   3.940855   0.000225    35.0032    35.0023     5.3815    26.7154    26.7141         12  0.000e+00
      65708 291.422752  -42.62392  -54.95664     -0.265    1484.86     62.435     61.932    11.3532    11.3535     0.0003    11.3453    11.3457     0.0003   3.940956   3.940887  -0.000068    35.0033    35.0023     5.3854    26.7149    26.7140         12  0.000e+00
      65709 291.422753  -42.62392  -54.95664     -0.267    1484.86     62.459     61.956    11.3560    11.3533    -0.0027    11.3482    11.3455    -0.0027   3.941157   3.940926  -0.000232    35.0026    35.0029     5.3855    26.7138    26.7145         12  0.000e+00
      65710 291.422753  -42.62392  -54.95664     -0.271    1484.86     62.435     61.932    11.3572    11.3533    -0.0039    11.3494    11.3455    -0.0039   3.941170   3.940894  -0.000277    35.0016    35.0026     5.3814    26.7128    26.7143         12  0.000e+00
      65711 291.422754  -42.62392  -54.95664     -0.272    1484.86     62.435     61.932    11.3582    11.3535    -0.0047    11.3504    11.3457    -0.0047   3.941281   3.940926  -0.000355    35.0017    35.0027     5.3811    26.7127    26.7143         12  0.000e+00
      65712 291.422754  -42.62392  -54.95664     -0.275    1484.86     62.378     61.876    11.3583    11.3534    -0.0049    11.3505    11.3456    -0.0049   3.941333   3.940945  -0.000388    35.0021    35.0029     5.3810    26.7130    26.7145         12  0.000e+00
      65713 291.422755  -42.62392  -54.95664     -0.275    1484.86     62.459     61.956    11.3592    11.3540    -0.0052    11.3514    11.3461    -0.0052   3.941385   3.940996  -0.000389    35.0018    35.0029     5.3808    26.7126    26.7144         12  0.000e+00
      65714 291.422755  -42.62392  -54.95664     -0.278    1484.86     62.378     61.876    11.3604    11.3535    -0.0069    11.3525    11.3457    -0.0069   3.941450   3.940990  -0.000460    35.0014    35.0033     5.3805    26.7120    26.7148         12  0.000e+00
      65715 291.422756  -42.62392  -54.95664     -0.281    1484.86     62.378     61.876    11.3607    11.3515    -0.0092    11.3529    11.3437    -0.0092   3.941470   3.940952  -0.000518    35.0013    35.0049     5.3803    26.7119    26.7164         12  0.000e+00
      65716 291.422756  -42.62392  -54.95664     -0.279    1484.86     62.435     61.932    11.3610    11.3496    -0.0114    11.3532    11.3418    -0.0114   3.941600   3.940791  -0.000808    35.0022    35.0050     5.3849    26.7126    26.7168         12  0.000e+00
      65717 291.422757  -42.62392  -54.95664     -0.283    1484.86     62.314     61.812    11.3610    11.3496    -0.0114    11.3532    11.3419    -0.0114   3.941665   3.940663  -0.001002    35.0029    35.0038     5.3850    26.7131    26.7159         12  0.000e+00
      65718 291.422757  -42.62392  -54.95664     -0.281    1484.86     62.403     61.900    11.3612    11.3501    -0.0110    11.3533    11.3423    -0.0110   3.941678   3.940612  -0.001066    35.0029    35.0027     5.3857    26.7130    26.7150         12  0.000e+00
      65719 291.422758  -42.62392  -54.95664     -0.281    1484.86     62.379     61.876    11.3609    11.3500    -0.0109    11.3531    11.3422    -0.0109   3.941704   3.940605  -0.001099    35.0033    35.0028     5.3863    26.7135    26.7151         12  0.000e+00
      65720 291.422758  -42.62392  -54.95664     -0.277    1484.86     62.379     61.876    11.3608    11.3492    -0.0117    11.3530    11.3414    -0.0117   3.941736   3.940548  -0.001189    35.0038    35.0031     5.3869    26.7138    26.7154         12  0.000e+00
      65721 291.422758  -42.62392  -54.95664     -0.276    1484.86     62.314     61.812    11.3612    11.3490    -0.0122    11.3534    11.3412    -0.0122   3.941723   3.940509  -0.001214    35.0033    35.0029     5.3870    26.7134    26.7153         12  0.000e+00
      65722 291.422759  -42.62392  -54.95664     -0.272    1484.86     62.403     61.900    11.3613    11.3492    -0.0122    11.3535    11.3414    -0.0122   3.941769   3.940471  -0.001298    35.0036    35.0023     5.3871    26.7136    26.7148         12  0.000e+00
      65723 291.422759  -42.62392  -54.95664     -0.270    1484.86     62.379     61.876    11.3615    11.3492    -0.0123    11.3537    11.3414    -0.0123   3.941827   3.940439  -0.001389    35.0040    35.0020     5.3872    26.7139    26.7146         12  0.000e+00
      65724 291.422760  -42.62392  -54.95664     -0.269    1484.86     62.314     61.813    11.3617    11.3490    -0.0127    11.3539    11.3412    -0.0127   3.941769   3.940432  -0.001337    35.0033    35.0021     5.3872    26.7133    26.7147         12  0.000e+00
      65725 291.422760  -42.62392  -54.95664     -0.260    1484.86     62.379     61.876    11.3610    11.3487    -0.0123    11.3532    11.3409    -0.0123   3.941723   3.940432  -0.001291    35.0035    35.0024     5.3873    26.7135    26.7150         12  0.000e+00
      65726 291.422761  -42.62392  -54.95664     -0.259    1484.86     62.314     61.813    11.3608    11.3485    -0.0124    11.3530    11.3407    -0.0124   3.941678   3.940355  -0.001323    35.0032    35.0018     5.3872    26.7134    26.7146         12  0.000e+00
      65727 291.422761  -42.62392  -54.95664     -0.254    1484.86     62.346     61.845    11.3605    11.3478    -0.0127    11.3527    11.3400    -0.0127   3.941730   3.940272  -0.001458    35.0040    35.0016     5.3876    26.7141    26.7145         12  0.000e+00
      65728 291.422762  -42.62392  -54.95664     -0.252    1484.86     62.314     61.813    11.3597    11.3480    -0.0117    11.3519    11.3402    -0.0117   3.941619   3.940233  -0.001386    35.0037    35.0011     5.3881    26.7140    26.7141         12  0.000e+00
      65729 291.422762  -42.62392  -54.95664     -0.244    1484.86     62.379     61.877    11.3592    11.3490    -0.0102    11.3514    11.3412    -0.0102   3.941567   3.940304  -0.001263    35.0037    35.0008     5.3881    26.7140    26.7137         12  0.000e+00
      65730 291.422763  -42.62392  -54.95664     -0.235    1484.86     62.379     61.877    11.3587    11.3488    -0.0099    11.3509    11.3410    -0.0099   3.941496   3.940297  -0.001198    35.0034    35.0009     5.3880    26.7139    26.7138         12  0.000e+00
      65731 291.422763  -42.62392  -54.95664     -0.226    1484.86     62.346     61.845    11.3583    11.3483    -0.0099    11.3505    11.3405    -0.0099   3.941476   3.940342  -0.001134    35.0036    35.0018     5.3883    26.7142    26.7146         12  0.000e+00
      65732 291.422764  -42.62392  -54.95664     -0.219    1484.86     62.379     61.877    11.3582    11.3493    -0.0089    11.3504    11.3415    -0.0089   3.941437   3.940439  -0.000999    35.0033    35.0018     5.3886    26.7139    26.7144         12  0.000e+00
      65733 291.422764  -42.62392  -54.95664     -0.211    1484.86     62.314     61.813    11.3580    11.3511    -0.0069    11.3502    11.3433    -0.0069   3.941463   3.940541  -0.000922    35.0038    35.0012     5.3932    26.7143    26.7136         12  0.000e+00
      65734 291.422765  -42.62392  -54.95664     -0.202    1484.86     62.379     61.877    11.3575    11.3524    -0.0051    11.3497    11.3446    -0.0051   3.941444   3.940618  -0.000826    35.0040    35.0006     5.3934    26.7146    26.7129         12  0.000e+00
      65735 291.422765  -42.62392  -54.95664     -0.196    1484.86     62.314     61.813    11.3570    11.3524    -0.0046    11.3492    11.3446    -0.0045   3.941359   3.940612  -0.000747    35.0037    35.0006     5.3980    26.7145    26.7129         12  0.000e+00
      65736 291.422766  -42.62392  -54.95664     -0.183    1484.86     62.403     61.901    11.3567    11.3521    -0.0045    11.3488    11.3443    -0.0045   3.941327   3.940625  -0.000702    35.0036    35.0010     5.3942    26.7145    26.7132         12  0.000e+00
      65737 291.422766  -42.62392  -54.95664     -0.178    1484.86     62.314     61.813    11.3563    11.3518    -0.0045    11.3485    11.3440    -0.0045   3.941255   3.940612  -0.000643    35.0033    35.0012     5.3942    26.7143    26.7135         12  0.000e+00
      65738 291.422767  -42.62392  -54.95664     -0.169    1484.86     62.379     61.877    11.3560    11.3511    -0.0049    11.3482    11.3433    -0.0049   3.941177   3.940625  -0.000552    35.0028    35.0020     5.3899    26.7140    26.7142         12  0.000e+00
      65739 291.422767  -42.62392  -54.95664     -0.159    1484.86     62.379     61.877    11.3553    11.3511    -0.0042    11.3475    11.3433    -0.0042   3.941079   3.940657  -0.000423    35.0025    35.0023     5.3899    26.7138    26.7144         12  0.000e+00
      65740 291.422768  -42.62392  -54.95664     -0.149    1484.86     62.347     61.845    11.3532    11.3506    -0.0025    11.3454    11.3428    -0.0025   3.940930   3.940669  -0.000260    35.0031    35.0029     5.3944    26.7147    26.7150         12  0.000e+00
      65741 291.422768  -42.62392  -54.95664     -0.138    1484.86     62.435     61.933    11.3508    11.3503    -0.0005    11.3430    11.3425    -0.0005   3.940702   3.940695  -0.000007    35.0030    35.0034     5.3950    26.7150    26.7155         12  0.000e+00
      65742 291.422769  -42.62392  -54.95664     -0.126    1484.86     62.379     61.877    11.3485    11.3505     0.0020    11.3407    11.3427     0.0020   3.940383   3.940650   0.000267    35.0020    35.0028     5.3951    26.7147    26.7150         12  0.000e+00
      65743 291.422769  -42.62392  -54.95664     -0.117    1484.86     62.379     61.877    11.3450    11.3503     0.0053    11.3372    11.3425     0.0053   3.939805   3.940689   0.000884    34.9996    35.0034     5.3958    26.7135    26.7155         12  0.000e+00
      65744 291.422770  -42.62392  -54.95664     -0.101    1484.86     62.435     61.933    11.3422    11.3493     0.0071    11.3343    11.3415     0.0071   3.939492   3.940650   0.001158    34.9992    35.0039     5.4008    26.7137    26.7160         12  0.000e+00
      65745 291.422770  -42.62392  -54.95664     -0.091    1484.86     62.403     61.901    11.3396    11.3458     0.0062    11.3318    11.3380     0.0062   3.939284   3.940323   0.001039    34.9995    35.0040     5.4016    26.7144    26.7167         12  0.000e+00
      65746 291.422771  -42.62392  -54.95664     -0.085    1484.86     62.379     61.877    11.3378    11.3421     0.0043    11.3300    11.3343     0.0043   3.939102   3.939887   0.000785    34.9995    35.0032     5.4023    26.7147    26.7169         12  0.000e+00
      65747 291.422771  -42.62392  -54.95664     -0.071    1484.86     62.435     61.933    11.3357    11.3387     0.0031    11.3279    11.3309     0.0031   3.938927   3.939438   0.000512    34.9998    35.0019     5.4031    26.7153    26.7165         12  0.000e+00
      65748 291.422772  -42.62392  -54.95664     -0.060    1484.86     62.435     61.933    11.3341    11.3354     0.0013    11.3263    11.3276     0.0012   3.938829   3.939041   0.000212    35.0002    35.0011     5.4032    26.7160    26.7165         12  0.000e+00
      65749 291.422772  -42.62392  -54.95664     -0.049    1484.86     62.460     61.957    11.3331    11.3324    -0.0008    11.3253    11.3246    -0.0008   3.938738   3.938746   0.000008    35.0003    35.0011     5.4032    26.7162    26.7170         12  0.000e+00
      65750 291.422772  -42.62392  -54.95664     -0.037    1484.86     62.435     61.933    11.3318    11.3301    -0.0017    11.3240    11.3223    -0.0017   3.938640   3.938547  -0.000093    35.0006    35.0013     5.3992    26.7167    26.7175         12  0.000e+00
      65751 291.422773  -42.62392  -54.95664     -0.022    1484.86     62.500     61.997    11.3298    11.3282    -0.0015    11.3220    11.3204    -0.0015   3.938374   3.938323  -0.000051    34.9998    35.0008     5.3993    26.7165    26.7175         12  0.000e+00
      65752 291.422773  -42.62392  -54.95664     -0.013    1484.86     62.435     61.933    11.3277    11.3264    -0.0012    11.3199    11.3186    -0.0012   3.938120   3.938137   0.000017    34.9994    35.0007     5.4037    26.7165    26.7178         12  0.000e+00
      65753 291.422774  -42.62392  -54.95664     -0.003    1484.86     62.500     61.997    11.3277    11.3251    -0.0025    11.3198    11.3173    -0.0025   3.938140   3.938015  -0.000125    34.9995    35.0007     5.4038    26.7166    26.7180         12  0.000e+00
