Pos-Processados/process_op42/operantar42_010.cnv
* Sea-Bird SBE 9 Data File:
* FileName = C:\Users\Hidrografia\Desktop\OPXLII\Brutos\OP42010.hdr
* Software Version Seasave V 7.26.7.107
* Temperature SN = 6502
* Conductivity SN = 4998
* Number of Bytes Per Scan = 31
* Number of Voltage Words = 2
* Number of Scans Averaged by the Deck Unit = 1
* NMEA Latitude = 44 13.49 S
* NMEA Longitude = 056 00.10 W
* NMEA UTC (Time) = Oct 19 2023 00:22:47
* NMEA baud rate = 4800
** H41
** NPOALTEMAXIMIANO
** NUMERO DA ESTACAO (XXX) 010
** LAT (XX XX.XX S/N) 44 13.210 S
** LONG (XXX XX.XX W/E) 055 59.942 W
** DATAHORA (dd/mm/aaaa hh:mm Z) 18/10/2023 0022Z
** PROFUNDIDADE (m) 5179
** OPERADOR CT FABIREZA
# nquan = 30
# nvalues = 2025                        
# units = specified
# name 0 = scan: Scan Count
# name 1 = timeJ: Julian Days
# name 2 = latitude: Latitude [deg]
# name 3 = longitude: Longitude [deg]
# name 4 = dz/dtM: Descent Rate [m/s]
# name 5 = avgsvCM: Average Sound Velocity [Chen-Millero, m/s]
# name 6 = prDM: Pressure, Digiquartz [db]
# name 7 = depSM: Depth [salt water, m]
# name 8 = t090C: Temperature [ITS-90, deg C]
# name 9 = t190C: Temperature, 2 [ITS-90, deg C]
# name 10 = T2-T190C: Temperature Difference, 2 - 1 [ITS-90, deg C]
# name 11 = potemp090C: Potential Temperature [ITS-90, deg C]
# name 12 = potemp190C: Potential Temperature, 2 [ITS-90, deg C]
# name 13 = potemp90Cdiff: Potential Temperature, Diff, 2 - 1 [ITS-90, deg C]
# name 14 = c0S/m: Conductivity [S/m]
# name 15 = c1S/m: Conductivity, 2 [S/m]
# name 16 = C2-C1S/m: Conductivity Difference, 2 - 1 [S/m]
# name 17 = sal00: Salinity, Practical [PSU]
# name 18 = sal11: Salinity, Practical, 2 [PSU]
# name 19 = sbeox0ML/L: Oxygen, SBE 43 [ml/l]
# name 20 = sigma-é00: Density [sigma-theta, kg/m^3]
# name 21 = sigma-é11: Density, 2 [sigma-theta, kg/m^3]
# name 22 = sal00: Salinity, Practical [PSU]
# name 23 = sigma-é00: Density [sigma-theta, kg/m^3]
# name 24 = svCM: Sound Velocity [Chen-Millero, m/s]
# name 25 = svCM1: Sound Velocity, 2 [Chen-Millero, m/s]
# name 26 = gsw_ptA0: potential temperature [ITS-90, deg C]
# name 27 = gsw_densityA0: density, TEOS-10 [density, kg/m^3]
# name 28 = gsw_saA0: Absolute Salinity [g/kg]
# name 29 = flag:
# span 0 =       2814,      65654       
# span 1 = 292.017178, 292.047483       
# span 2 =  -44.23747,  -44.22546       
# span 3 =  -56.00941,  -56.00222       
# span 4 =     -1.415,      1.491       
# span 5 =       0.00,    1499.70       
# span 6 =      1.000,   1013.000       
# span 7 =      0.995,   1002.394       
# span 8 =     3.0521,    13.3565       
# span 9 =     3.0531,    13.3576       
# span 10 =    -0.2667,     0.3775      
# span 11 =     2.9845,    13.3554      
# span 12 =     2.9854,    13.3565      
# span 13 =    -0.2664,     0.3771      
# span 14 =   3.163075,   4.154443      
# span 15 =   3.163094,   4.154606      
# span 16 =  -0.027715,   0.039072      
# span 17 =    34.1181,    35.2176      
# span 18 =    34.1177,    35.2180      
# span 19 =     4.3479,     6.5661      
# span 20 =    26.4887,    27.3940      
# span 21 =    26.4880,    27.3937      
# span 22 =    34.1173,    35.2184      
# span 23 =    26.4898,    27.3939      
# span 24 =    1473.77,    1501.79      
# span 25 =    1473.79,    1501.79      
# span 26 =     2.9844,    13.3553      
# span 27 =  1026.4992,  1032.0855      
# span 28 =    34.2785,    35.3849      
# span 29 = 0.0000e+00, 0.0000e+00      
# interval = decibars: 1                
# start_time = Oct 19 2023 00:22:47 [NMEA time, header]
# bad_flag = -9.990e-29
*END*
[from data line 1499]
      44642 292.037350  -44.23322  -56.00702     -0.862    1479.42    526.000    521.105     4.4392     4.4526     0.0134     4.3998     4.4131     0.0133   3.251531   3.252581   0.001041    34.2087    34.2071     5.6025    27.1146    27.1119    34.2133    27.1182    1476.06    1476.11     4.3997  1029.5493    34.3766 0.0000e+00
      44669 292.037363  -44.23322  -56.00702     -0.892    1479.42    525.000    520.116     4.4499     4.4559     0.0060     4.4104     4.4164     0.0060   3.252261   3.252792   0.000532    34.2083    34.2084     5.5745    27.1131    27.1126    34.2113    27.1155    1476.08    1476.11     4.4103  1029.5419    34.3746 0.0000e+00
      44696 292.037376  -44.23322  -56.00702     -0.898    1479.42    524.000    519.126     4.4485     4.4505     0.0020     4.4091     4.4112     0.0020   3.252206   3.252190   0.000058    34.2095    34.2080     5.5642    27.1142    27.1128    34.2126    27.1167    1476.06    1476.07     4.4090  1029.5385    34.3760 0.0000e+00
      44720 292.037388  -44.23324  -56.00702     -0.945    1479.42    523.000    518.137     4.4494     4.4478    -0.0015     4.4101     4.4086    -0.0015   3.252073   3.251831  -0.000249    34.2087    34.2074     5.5527    27.1135    27.1126    34.2107    27.1151    1476.05    1476.04     4.4100  1029.5322    34.3740 0.0000e+00
      44742 292.037398  -44.23324  -56.00702     -1.037    1479.42    522.000    517.147     4.4467     4.4476     0.0008     4.4075     4.4084     0.0008   3.251719   3.251604  -0.000081    34.2078    34.2060     5.5485    27.1130    27.1115    34.2098    27.1146    1476.02    1476.02     4.4074  1029.5272    34.3731 0.0000e+00
      44766 292.037410  -44.23324  -56.00702     -1.057    1479.42    521.000    516.157     4.4449     4.4426    -0.0024     4.4059     4.4035    -0.0024   3.251402   3.251007  -0.000375    34.2070    34.2051     5.5532    27.1126    27.1114    34.2084    27.1137    1475.99    1475.98     4.4058  1029.5218    34.3717 0.0000e+00
      44791 292.037422  -44.23324  -56.00702     -0.979    1479.42    520.000    515.168     4.4431     4.4479     0.0048     4.4041     4.4088     0.0048   3.251172   3.251458   0.000268    34.2062    34.2043     5.5675    27.1121    27.1102    34.2082    27.1137    1475.97    1475.98     4.4040  1029.5172    34.3715 0.0000e+00
      44820 292.037436  -44.23326  -56.00704     -0.866    1479.42    519.000    514.178     4.4678     4.4717     0.0039     4.4288     4.4327     0.0039   3.253329   3.253865   0.000529    34.2034    34.2056     5.5747    27.1073    27.1086    34.2083    27.1112    1476.05    1476.07     4.4287  1029.5097    34.3716 0.0000e+00
      44847 292.037449  -44.23326  -56.00704     -0.853    1479.42    518.000    513.189     4.4907     4.5053     0.0146     4.4517     4.4662     0.0145   3.255228   3.256962   0.001357    34.2071    34.2079     5.5827    27.1077    27.1068    34.2074    27.1080    1476.13    1476.20     4.4516  1029.5015    34.3705 0.0000e+00
      44873 292.037461 -9.990e-29  -56.00704     -0.926    1479.42    517.000    512.200     4.5086     4.5293     0.0207     4.4695     4.4901     0.0206   3.257809   3.259241   0.001647    34.2131    34.2110     5.5968    27.1106    27.1067    34.2197    27.1158    1476.20    1476.28     4.4694  1029.5031    34.3811 0.0000e+00
      44904 292.037476 -9.990e-29  -56.00704     -0.821    1479.42    516.000    511.210     4.5292     4.5374     0.0082     4.4902     4.4984     0.0082   3.259234   3.259925   0.000662    34.2132    34.2124     5.5883    27.1084    27.1069    34.2155    27.1102    1476.27    1476.30     4.4901  1029.4926    34.3768 0.0000e+00
      44940 292.037494 -9.990e-29  -56.00704     -0.675    1479.42    515.000    510.221     4.5358     4.5279    -0.0079     4.4968     4.4889    -0.0079   3.259805   3.258986  -0.000557    34.2124    34.2141     5.5625    27.1071    27.1093    34.2159    27.1098    1476.28    1476.24     4.4967  1029.4875    34.3772 0.0000e+00
      44973 292.037509  -44.23328  -56.00704     -0.709    1479.42    514.000    509.231     4.5474     4.5360    -0.0114     4.5085     4.4971    -0.0114   3.260865   3.259895  -0.001109    34.2145    34.2133     5.5476    27.1075    27.1078    34.2168    27.1093    1476.31    1476.26     4.5083  1029.4837    34.3800 0.0000e+00
      45000 292.037523  -44.23328  -56.00705     -0.817    1479.42    513.000    508.242     4.5515     4.5550     0.0035     4.5126     4.5161     0.0035   3.261322   3.261548   0.000181    34.2156    34.2141     5.5507    27.1079    27.1063    34.2184    27.1101    1476.32    1476.33     4.5125  1029.4799    34.3817 0.0000e+00
      45024 292.037534  -44.23329  -56.00706     -0.950    1479.42    512.000    507.252     4.5582     4.5631     0.0049     4.5194     4.5243     0.0049   3.261874   3.262082   0.000223    34.2162    34.2137     5.5465    27.1076    27.1051    34.2184    27.1094    1476.33    1476.34     4.5193  1029.4745    34.3817 0.0000e+00
      45049 292.037546  -44.23330  -56.00706     -0.996    1479.42    511.000    506.263     4.5600     4.5637     0.0037     4.5212     4.5249     0.0037   3.261857   3.261972   0.000118    34.2153    34.2128     5.5436    27.1067    27.1043    34.2169    27.1080    1476.31    1476.33     4.5211  1029.4685    34.3802 0.0000e+00
      45077 292.037560  -44.23330  -56.00706     -0.906    1479.42    510.000    505.273     4.5592     4.5624     0.0032     4.5205     4.5237     0.0032   3.261659   3.261684   0.000017    34.2147    34.2116     5.5462    27.1063    27.1035    34.2160    27.1073    1476.29    1476.30     4.5204  1029.4632    34.3792 0.0000e+00
      45105 292.037573  -44.23332  -56.00706     -0.826    1479.42    509.000    504.284     4.5588     4.5601     0.0012     4.5202     4.5215     0.0012   3.261367   3.261529   0.000181    34.2123    34.2131     5.5482    27.1044    27.1050    34.2134    27.1053    1476.27    1476.28     4.5201  1029.4567    34.3767 0.0000e+00
      45129 292.037585  -44.23332  -56.00706     -0.929    1479.42    508.000    503.294     4.5604     4.5619     0.0015     4.5219     4.5234     0.0015   3.261346   3.261360   0.000009    34.2110    34.2096     5.5567    27.1032    27.1019    34.2121    27.1041    1476.26    1476.26     4.5218  1029.4508    34.3753 0.0000e+00
      45152 292.037596  -44.23332  -56.00706     -1.034    1479.42    507.000    502.304     4.5628     4.5691     0.0063     4.5244     4.5307     0.0063   3.261501   3.261970   0.000422    34.2105    34.2089     5.5594    27.1026    27.1006    34.2119    27.1037    1476.25    1476.28     4.5243  1029.4458    34.3752 0.0000e+00
      45177 292.037608  -44.23332  -56.00706     -1.002    1479.42    506.000    501.315     4.5698     4.5778     0.0080     4.5314     4.5394     0.0080   3.262116   3.262727   0.000592    34.2109    34.2095     5.5692    27.1021    27.1001    34.2124    27.1033    1476.27    1476.30     4.5313  1029.4408    34.3757 0.0000e+00
      45205 292.037622  -44.23333  -56.00708     -0.890    1479.42    505.000    500.326     4.5749     4.5786     0.0036     4.5366     4.5402     0.0036   3.262485   3.262729   0.000297    34.2107    34.2105     5.5983    27.1014    27.1008    34.2119    27.1023    1476.27    1476.28     4.5365  1029.4351    34.3751 0.0000e+00
      45235 292.037636  -44.23334  -56.00708     -0.812    1479.42    504.000    499.336     4.5857     4.5782    -0.0075     4.5474     4.5399    -0.0075   3.263396   3.262725  -0.000645    34.2099    34.2101     5.6160    27.0996    27.1006    34.2120    27.1012    1476.30    1476.27     4.5473  1029.4293    34.3752 0.0000e+00
      45260 292.037648  -44.23334  -56.00708     -0.886    1479.42    503.000    498.346     4.5884     4.5946     0.0062     4.5502     4.5563     0.0062   3.263645   3.264134   0.000410    34.2111    34.2095     5.6168    27.1002    27.0983    34.2126    27.1014    1476.29    1476.32     4.5501  1029.4248    34.3758 0.0000e+00
      45281 292.037658  -44.23334  -56.00708     -1.044    1479.42    502.000    497.357     4.6014     4.6118     0.0103     4.5632     4.5735     0.0103   3.264816   3.265691   0.000841    34.2109    34.2101     5.6132    27.0987    27.0968    34.2133    27.1005    1476.33    1476.37     4.5631  1029.4192    34.3765 0.0000e+00
      45302 292.037668  -44.23334  -56.00708     -1.135    1479.42    501.000    496.367     4.6096     4.6190     0.0094     4.5715     4.5808     0.0093   3.265600   3.266367   0.000744    34.2127    34.2116     5.6050    27.0991    27.0973    34.2145    27.1006    1476.35    1476.39     4.5714  1029.4146    34.3778 0.0000e+00
      45327 292.037680  -44.23334  -56.00709     -1.048    1479.42    500.000    495.378     4.6097     4.6173     0.0076     4.5716     4.5792     0.0076   3.265500   3.266122   0.000648    34.2125    34.2122     5.6053    27.0990    27.0979    34.2138    27.1000    1476.33    1476.36     4.5715  1029.4094    34.3770 0.0000e+00
      45369 292.037701  -44.23336  -56.00710     -0.604    1479.42    499.000    494.388     4.6186     4.6148    -0.0038     4.5806     4.5768    -0.0038   3.266338   3.265897  -0.000411    34.2130    34.2122     5.6005    27.0984    27.0981    34.2149    27.0999    1476.36    1476.34     4.5805  1029.4046    34.3781 0.0000e+00
      45407 292.037719  -44.23337  -56.00710     -0.585    1479.42    498.000    493.398     4.6259     4.6266     0.0007     4.5879     4.5886     0.0007   3.266939   3.266897  -0.000030    34.2138    34.2128     5.5994    27.0982    27.0973    34.2149    27.0991    1476.37    1476.37     4.5878  1029.3991    34.3781 0.0000e+00
      45430 292.037730  -44.23338  -56.00710     -0.871    1479.42    497.000    492.409     4.6245     4.6249     0.0004     4.5866     4.5870     0.0004   3.266736   3.266705  -0.000030    34.2137    34.2129     5.5963    27.0983    27.0976    34.2144    27.0989    1476.35    1476.35     4.5865  1029.3943    34.3776 0.0000e+00
      45450 292.037740  -44.23338  -56.00710     -1.103    1479.42    496.000    491.419     4.6218     4.6138    -0.0080     4.5840     4.5761    -0.0080   3.266382   3.265417  -0.000808    34.2132    34.2120     5.5936    27.0981    27.0981    34.2137    27.0985    1476.32    1476.28     4.5839  1029.3892    34.3767 0.0000e+00
      45471 292.037750 -9.990e-29  -56.00710     -1.172    1479.42    495.000    490.430     4.6160     4.6051    -0.0110     4.5783     4.5674    -0.0109   3.265803   3.264567  -0.001254    34.2131    34.2098     5.5934    27.0987    27.0973    34.2134    27.0989    1476.28    1476.23     4.5782  1029.3838    34.3748 0.0000e+00
      45500 292.037764 -9.990e-29  -56.00710     -0.961    1479.42    494.000    489.440     4.5997     4.6097     0.0101     4.5621     4.5721     0.0100   3.264266   3.264958   0.000583    34.2144    34.2108     5.5964    27.1015    27.0975    34.2129    27.1003    1476.19    1476.23     4.5620  1029.3808    34.3742 0.0000e+00
      45540 292.037783 -9.990e-29  -56.00712     -0.599    1479.42    493.000    488.451     4.5680     4.5764     0.0084     4.5306     4.5390     0.0084   3.260740   3.261249   0.000503    34.2081    34.2053     5.6119    27.1000    27.0968    34.2050    27.0975    1476.04    1476.07     4.5305  1029.3738    34.3662 0.0000e+00
      45576 292.037801 -9.990e-29  -56.00712     -0.643    1479.42    492.000    487.461     4.5515     4.5586     0.0070     4.5144     4.5214     0.0070   3.258800   3.259378   0.000582    34.2005    34.2000     5.6433    27.0957    27.0945    34.1998    27.0951    1475.94    1475.97     4.5142  1029.3671    34.3610 0.0000e+00
      45608 292.037816 -9.990e-29  -56.00712     -0.744    1479.42    491.000    486.471     4.5512     4.5379    -0.0133     4.5141     4.5009    -0.0132   3.258564   3.256961  -0.001438    34.2000    34.1970     5.6868    27.0954    27.0944    34.1979    27.0936    1475.92    1475.86     4.5140  1029.3610    34.3591 0.0000e+00
      45638 292.037830 -9.990e-29  -56.00712     -0.790    1479.42    490.000    485.482     4.5358     4.5239    -0.0118     4.4988     4.4870    -0.0118   3.256789   3.255502  -0.001258    34.1956    34.1931     5.7419    27.0935    27.0928    34.1936    27.0919    1475.84    1475.79     4.4987  1029.3549    34.3548 0.0000e+00
      45664 292.037843  -44.23342  -56.00712     -0.870    1479.42    489.000    484.492     4.5260     4.5213    -0.0047     4.4892     4.4845    -0.0047   3.255747   3.255075  -0.000749    34.1943    34.1904     5.7615    27.0935    27.0909    34.1920    27.0917    1475.78    1475.76     4.4891  1029.3511    34.3544 0.0000e+00
      45686 292.037854  -44.23342 -9.990e-29     -0.993    1479.42    488.000    483.503     4.5222     4.5246     0.0025     4.4854     4.4878     0.0025   3.255097   3.255323   0.000155    34.1903    34.1896     5.7653    27.0908    27.0899    34.1889    27.0896    1475.74    1475.75     4.4853  1029.3449    34.3518 0.0000e+00
      45708 292.037864  -44.23342 -9.990e-29     -1.072    1479.42    487.000    482.513     4.5261     4.5323     0.0062     4.4894     4.4956     0.0062   3.255400   3.255971   0.000536    34.1899    34.1897     5.7752    27.0900    27.0892    34.1889    27.0892    1475.74    1475.77     4.4893  1029.3398    34.3517 0.0000e+00
      45731 292.037875  -44.23344 -9.990e-29     -1.085    1479.42    486.000    481.523     4.5284     4.5352     0.0068     4.4918     4.4986     0.0068   3.255691   3.256220   0.000540    34.1907    34.1900     5.7975    27.0904    27.0891    34.1904    27.0901    1475.74    1475.76     4.4917  1029.3361    34.3533 0.0000e+00
      45755 292.037887  -44.23344  -56.00714     -1.028    1479.42    485.000    480.534     4.5334     4.5365     0.0031     4.4968     4.4999     0.0031   3.256030   3.256253   0.000227    34.1903    34.1898     5.8291    27.0896    27.0888    34.1898    27.0891    1475.74    1475.75     4.4967  1029.3305    34.3527 0.0000e+00
      45788 292.037903  -44.23344  -56.00714     -0.808    1479.42    484.000    479.544     4.5407     4.5377    -0.0030     4.5042     4.5012    -0.0030   3.256520   3.256373  -0.000157    34.1885    34.1898     5.8432    27.0873    27.0886    34.1885    27.0873    1475.75    1475.74     4.5041  1029.3241    34.3515 0.0000e+00
      45832 292.037924  -44.23344  -56.00714     -0.533    1479.42    483.000    478.555     4.5499     4.5535     0.0036     4.5134     4.5170     0.0036   3.257337   3.257665   0.000347    34.1886    34.1889     5.8332    27.0863    27.0862    34.1891    27.0867    1475.78    1475.79     4.5133  1029.3188    34.3521 0.0000e+00
      45865 292.037940  -44.23345  -56.00714     -0.659    1479.42    482.000    477.565     4.5506     4.5515     0.0009     4.5142     4.5151     0.0009   3.257391   3.257401   0.000010    34.1894    34.1886     5.8328    27.0869    27.0862    34.1895    27.0870    1475.76    1475.77     4.5141  1029.3145    34.3525 0.0000e+00
      45887 292.037950  -44.23346  -56.00714     -0.925    1479.42    481.000    476.575     4.5522     4.5504    -0.0018     4.5159     4.5141    -0.0018   3.257401   3.257172  -0.000196    34.1884    34.1880     5.8415    27.0859    27.0858    34.1884    27.0859    1475.75    1475.74     4.5158  1029.3088    34.3514 0.0000e+00
      45906 292.037959  -44.23346  -56.00715     -1.161    1479.42    480.000    475.586     4.5511     4.5493    -0.0018     4.5148     4.5131    -0.0017   3.257147   3.256903  -0.000237    34.1875    34.1865     5.8441    27.0853    27.0848    34.1871    27.0850    1475.73    1475.72     4.5147  1029.3034    34.3501 0.0000e+00
