Pos-Processados/process_op42/operantar42_052.cnv
* Sea-Bird SBE 9 Data File:
* FileName = C:\Users\Hidrografia\Desktop\OPXLII\Brutos\OP42052.hdr
* Software Version Seasave V 7.26.7.107
* Temperature SN = 6502
* Conductivity SN = 4998
* Number of Bytes Per Scan = 37
* Number of Voltage Words = 4
* Number of Scans Averaged by the Deck Unit = 1
* NMEA Latitude = 62 08.45 S
* NMEA Longitude = 058 26.37 W
* NMEA UTC (Time) = Nov 10 2023 03:08:21
* NMEA baud rate = 4800
** H41
** NPOALTEMAXIMIANO
** NUMERO DA ESTACAO (XXX) 052
** LAT (XX XX.XX S/N) 62 08.443 S
** LONG (XXX XX.XX W/E) 058 26.408 W
** DATAHORA (dd/mm/aaaa hh:mm Z) 10/11/2023 0307Z
** PROFUNDIDADE (m) 424
** OPERADOR CT FABIREZA
# nquan = 30
# nvalues = 773                         
# units = specified
# name 0 = scan: Scan Count
# name 1 = timeJ: Julian Days
# name 2 = latitude: Latitude [deg]
# name 3 = longitude: Longitude [deg]
# name 4 = dz/dtM: Descent Rate [m/s]
# name 5 = avgsvCM: Average Sound Velocity [Chen-Millero, m/s]
# name 6 = prDM: Pressure, Digiquartz [db]
# name 7 = depSM: Depth [salt water, m]
# name 8 = t090C: Temperature [ITS-90, deg C]
# name 9 = t190C: Temperature, 2 [ITS-90, deg C]
# name 10 = T2-T190C: Temperature Difference, 2 - 1 [ITS-90, deg C]
# name 11 = potemp090C: Potential Temperature [ITS-90, deg C]
# name 12 = potemp190C: Potential Temperature, 2 [ITS-90, deg C]
# name 13 = potemp90Cdiff: Potential Temperature, Diff, 2 - 1 [ITS-90, deg C]
# name 14 = c0S/m: Conductivity [S/m]
# name 15 = c1S/m: Conductivity, 2 [S/m]
# name 16 = C2-C1S/m: Conductivity Difference, 2 - 1 [S/m]
# name 17 = sal00: Salinity, Practical [PSU]
# name 18 = sal11: Salinity, Practical, 2 [PSU]
# name 19 = sbeox0ML/L: Oxygen, SBE 43 [ml/l]
# name 20 = sigma-é00: Density [sigma-theta, kg/m^3]
# name 21 = sigma-é11: Density, 2 [sigma-theta, kg/m^3]
# name 22 = sal00: Salinity, Practical [PSU]
# name 23 = sigma-é00: Density [sigma-theta, kg/m^3]
# name 24 = svCM: Sound Velocity [Chen-Millero, m/s]
# name 25 = svCM1: Sound Velocity, 2 [Chen-Millero, m/s]
# name 26 = gsw_ptA0: potential temperature [ITS-90, deg C]
# name 27 = gsw_densityA0: density, TEOS-10 [density, kg/m^3]
# name 28 = gsw_saA0: Absolute Salinity [g/kg]
# name 29 = flag:
# span 0 =       4508,      32978       
# span 1 = 314.132972, 314.146702       
# span 2 =  -62.14634,  -62.14179       
# span 3 =  -58.43788,  -58.42565       
# span 4 =     -1.170,      1.014       
# span 5 =       0.00,    1448.28       
# span 6 =      2.000,    388.000       
# span 7 =      1.987,    383.914       
# span 8 =    -0.8166,    -0.5029       
# span 9 =    -0.8154,    -0.5026       
# span 10 =    -0.0121,     0.0073      
# span 11 =    -0.8233,    -0.5159      
# span 12 =    -0.8222,    -0.5157      
# span 13 =    -0.0121,     0.0073      
# span 14 =   2.792896,   2.835155      
# span 15 =   2.792886,   2.835168      
# span 16 =  -0.001147,   0.000846      
# span 17 =    34.2727,    34.4222      
# span 18 =    34.2724,    34.4205      
# span 19 =     6.5489,     7.6657      
# span 20 =    27.5463,    27.6649      
# span 21 =    27.5460,    27.6635      
# span 22 =    34.2729,    34.4225      
# span 23 =    27.5465,    27.6652      
# span 24 =    1445.55,    1452.35      
# span 25 =    1445.55,    1452.35      
# span 26 =    -0.8232,    -0.5157      
# span 27 =  1027.5599,  1029.5170      
# span 28 =    34.4345,    34.5882      
# span 29 = 0.0000e+00, 0.0000e+00      
# interval = decibars: 1                
# start_time = Nov 10 2023 03:08:21 [NMEA time, header]
# bad_flag = -9.990e-29
*END*
[from data line 677]
      24993 314.142851 -9.990e-29  -58.42880     -0.866    1448.28     97.000     96.047    -0.6094    -0.6105    -0.0011    -0.6124    -0.6134    -0.0011   2.802535   2.802274  -0.000253    34.2786    34.2764     7.6219    27.5530    27.5512    34.2798    27.5540    1446.93    1446.92    -0.6123  1028.0193    34.4414 0.0000e+00
      25019 314.142864 -9.990e-29  -58.42878     -0.913    1448.28     96.000     95.057    -0.5995    -0.6020    -0.0025    -0.6024    -0.6049    -0.0025   2.803244   2.802930  -0.000314    34.2779    34.2765     7.6259    27.5520    27.5509    34.2787    27.5526    1446.95    1446.94    -0.6023  1028.0132    34.4404 0.0000e+00
      25051 314.142879  -62.14508  -58.42877     -0.808    1448.28     95.000     94.067    -0.6008    -0.6030    -0.0022    -0.6037    -0.6059    -0.0022   2.803054   2.802811  -0.000269    34.2783    34.2773     7.6283    27.5524    27.5516    34.2782    27.5523    1446.93    1446.92    -0.6036  1028.0083    34.4401 0.0000e+00
      25089 314.142897  -62.14508  -58.42876     -0.638    1448.28     94.000     93.077    -0.6021    -0.6036    -0.0015    -0.6050    -0.6065    -0.0015   2.803000   2.802708  -0.000254    34.2786    34.2769     7.6289    27.5526    27.5513    34.2797    27.5535    1446.91    1446.90    -0.6049  1028.0082    34.4458 0.0000e+00
      25126 314.142915  -62.14509  -58.42874     -0.637    1448.28     93.000     92.087    -0.5926    -0.5922     0.0003    -0.5954    -0.5950     0.0003   2.803744   2.803635  -0.000134    34.2790    34.2768     7.6320    27.5525    27.5507    34.2795    27.5529    1446.94    1446.94    -0.5953  1028.0028    34.4456 0.0000e+00
      25157 314.142930  -62.14510  -58.42872     -0.750    1448.28     92.000     91.097    -0.6004    -0.5963     0.0041    -0.6032    -0.5990     0.0041   2.802954   2.803228   0.000257    34.2788    34.2776     7.6384    27.5527    27.5516    34.2783    27.5523    1446.88    1446.90    -0.6031  1027.9974    34.4444 0.0000e+00
      25188 314.142945  -62.14510  -58.42871     -0.782    1448.28     91.000     90.107    -0.6031    -0.6004     0.0027    -0.6059    -0.6032     0.0027   2.802765   2.802850   0.000098    34.2791    34.2773     7.6334    27.5531    27.5516    34.2795    27.5534    1446.86    1446.87    -0.6058  1027.9937    34.4455 0.0000e+00
      25224 314.142962  -62.14510  -58.42870     -0.688    1448.28     90.000     89.117    -0.5966    -0.5990    -0.0024    -0.5994    -0.6017    -0.0024   2.803242   2.802922  -0.000301    34.2786    34.2772     7.6354    27.5524    27.5514    34.2791    27.5528    1446.87    1446.86    -0.5993  1027.9883    34.4452 0.0000e+00
      25263 314.142981  -62.14511  -58.42867     -0.610    1448.28     89.000     88.127    -0.5894    -0.5931    -0.0037    -0.5921    -0.5958    -0.0037   2.803850   2.803386  -0.000471    34.2791    34.2770     7.6344    27.5525    27.5509    34.2798    27.5531    1446.89    1446.87    -0.5920  1027.9837    34.4458 0.0000e+00
      25298 314.142998  -62.14512  -58.42866     -0.669    1448.28     88.000     87.137    -0.5882    -0.5878     0.0004    -0.5909    -0.5904     0.0004   2.803897   2.803770  -0.000139    34.2795    34.2771     7.6421    27.5527    27.5508    34.2797    27.5530    1446.88    1446.88    -0.5908  1027.9788    34.4458 0.0000e+00
      25330 314.143014  -62.14512  -58.42864     -0.737    1448.28     87.000     86.147    -0.5963    -0.5920     0.0042    -0.5989    -0.5947     0.0042   2.803080   2.803387   0.000270    34.2789    34.2777     7.6406    27.5526    27.5515    34.2784    27.5522    1446.82    1446.84    -0.5988  1027.9733    34.4444 0.0000e+00
      25364 314.143030  -62.14512  -58.42863     -0.714    1448.28     86.000     85.157    -0.5993    -0.5937     0.0055    -0.6019    -0.5963     0.0055   2.802845   2.803180   0.000352    34.2792    34.2777     7.6348    27.5530    27.5515    34.2792    27.5530    1446.79    1446.82    -0.6018  1027.9693    34.4452 0.0000e+00
      25405 314.143050  -62.14514  -58.42860     -0.615    1448.28     85.000     84.168    -0.5954    -0.5953     0.0002    -0.5980    -0.5978     0.0002   2.803123   2.803019  -0.000099    34.2791    34.2776     7.6326    27.5528    27.5515    34.2793    27.5529    1446.80    1446.79    -0.5979  1027.9644    34.4452 0.0000e+00
      25458 314.143076  -62.14514  -58.42858     -0.436    1448.28     84.000     83.177    -0.5953    -0.5947     0.0005    -0.5978    -0.5973     0.0005   2.803056   2.803003  -0.000058    34.2789    34.2775     7.6389    27.5526    27.5514    34.2788    27.5525    1446.78    1446.78    -0.5978  1027.9592    34.4448 0.0000e+00
      25511 314.143101  -62.14514  -58.42856     -0.458    1448.28     83.000     82.187    -0.5954    -0.5946     0.0008    -0.5979    -0.5971     0.0008   2.803014   2.802976  -0.000034    34.2789    34.2775     7.6406    27.5526    27.5515    34.2790    27.5526    1446.76    1446.76    -0.5978  1027.9546    34.4449 0.0000e+00
      25551 314.143120  -62.14516  -58.42854     -0.580    1448.28     82.000     81.197    -0.5914    -0.5911     0.0002    -0.5938    -0.5936     0.0002   2.803330   2.803231  -0.000101    34.2788    34.2772     7.6327    27.5524    27.5510    34.2793    27.5527    1446.77    1446.77    -0.5937  1027.9499    34.4452 0.0000e+00
      25581 314.143135  -62.14516  -58.42853     -0.739    1448.28     81.000     80.207    -0.5878    -0.5874     0.0004    -0.5902    -0.5899     0.0004   2.803561   2.803494  -0.000062    34.2787    34.2774     7.6309    27.5521    27.5511    34.2790    27.5523    1446.77    1446.77    -0.5902  1027.9447    34.4449 0.0000e+00
      25611 314.143149  -62.14516  -58.42852     -0.823    1448.28     80.000     79.217    -0.5883    -0.5887    -0.0005    -0.5907    -0.5912    -0.0005   2.803536   2.803344  -0.000184    34.2797    34.2778     7.6334    27.5529    27.5514    34.2798    27.5530    1446.75    1446.74    -0.5906  1027.9405    34.4457 0.0000e+00
      25647 314.143166  -62.14518  -58.42850     -0.702    1448.28     79.000     78.227    -0.5883    -0.5888    -0.0005    -0.5907    -0.5912    -0.0005   2.803419   2.803301  -0.000124    34.2789    34.2778     7.6355    27.5523    27.5514    34.2789    27.5523    1446.73    1446.73    -0.5906  1027.9350    34.4448 0.0000e+00
      25688 314.143186 -9.990e-29  -58.42848     -0.578    1448.28     78.000     77.237    -0.5908    -0.5894     0.0014    -0.5931    -0.5917     0.0014   2.803194   2.803204   0.000007    34.2793    34.2779     7.6345    27.5527    27.5515    34.2793    27.5527    1446.70    1446.71    -0.5931  1027.9272    34.4408 0.0000e+00
      25724 314.143203 -9.990e-29  -58.42847     -0.647    1448.28     77.000     76.247    -0.5915    -0.5907     0.0008    -0.5938    -0.5930     0.0008   2.803076   2.803035  -0.000038    34.2792    34.2778     7.6334    27.5527    27.5515    34.2791    27.5526    1446.68    1446.69    -0.5938  1027.9224    34.4408 0.0000e+00
      25755 314.143219  -62.14520  -58.42845     -0.749    1448.28     76.000     75.257    -0.5915    -0.5901     0.0014    -0.5938    -0.5924     0.0014   2.803003   2.803052   0.000072    34.2785    34.2778     7.6309    27.5521    27.5514    34.2787    27.5523    1446.67    1446.67    -0.5937  1027.9178    34.4410 0.0000e+00
      25789 314.143235  -62.14520  -58.42843     -0.718    1448.28     75.000     74.267    -0.5931    -0.5907     0.0024    -0.5953    -0.5929     0.0024   2.802827   2.802956   0.000128    34.2792    34.2778     7.6277    27.5527    27.5515    34.2788    27.5524    1446.64    1446.65    -0.5953  1027.9159    34.4445 0.0000e+00
      25828 314.143254  -62.14520  -58.42842     -0.633    1448.28     74.000     73.277    -0.5956    -0.5924     0.0032    -0.5978    -0.5947     0.0032   2.802593   2.802765   0.000164    34.2794    34.2780     7.6448    27.5530    27.5517    34.2791    27.5528    1446.62    1446.63    -0.5978  1027.9116    34.4449 0.0000e+00
      25867 314.143273  -62.14521  -58.42840     -0.607    1448.28     73.000     72.287    -0.5948    -0.5935     0.0013    -0.5970    -0.5957     0.0013   2.802622   2.802621   0.000017    34.2791    34.2779     7.6542    27.5527    27.5517    34.2792    27.5528    1446.60    1446.61    -0.5969  1027.9068    34.4450 0.0000e+00
      25903 314.143290  -62.14522  -58.42838     -0.657    1448.28     72.000     71.297    -0.5926    -0.5918     0.0008    -0.5947    -0.5939     0.0008   2.802755   2.802716  -0.000044    34.2792    34.2777     7.6543    27.5527    27.5514    34.2791    27.5526    1446.60    1446.60    -0.5947  1027.9018    34.4449 0.0000e+00
      25936 314.143306  -62.14522  -58.42837     -0.715    1448.28     71.000     70.307    -0.5955    -0.5926     0.0029    -0.5976    -0.5947     0.0029   2.802432   2.802605   0.000149    34.2791    34.2778     7.6446    27.5527    27.5516    34.2787    27.5524    1446.57    1446.58    -0.5976  1027.8968    34.4444 0.0000e+00
      25972 314.143323  -62.14522  -58.42836     -0.685    1448.28     70.000     69.317    -0.5972    -0.5943     0.0029    -0.5993    -0.5963     0.0029   2.802274   2.802413   0.000155    34.2791    34.2779     7.6390    27.5528    27.5517    34.2791    27.5528    1446.54    1446.56    -0.5992  1027.8925    34.4449 0.0000e+00
      26005 314.143339  -62.14523  -58.42833     -0.701    1448.28     69.000     68.326    -0.5947    -0.5939     0.0008    -0.5968    -0.5959     0.0008   2.802437   2.802397  -0.000040    34.2791    34.2776     7.6354    27.5527    27.5515    34.2791    27.5527    1446.54    1446.54    -0.5967  1027.8876    34.4448 0.0000e+00
      26037 314.143354  -62.14524  -58.42832     -0.759    1448.28     68.000     67.337    -0.5919    -0.5921    -0.0001    -0.5939    -0.5941    -0.0001   2.802572   2.802368  -0.000689    34.2787    34.2739     7.6432    27.5523    27.5484    34.2784    27.5520    1446.53    1446.53    -0.5939  1027.8821    34.4441 0.0000e+00
      26068 314.143369  -62.14524  -58.42830     -0.774    1448.28     67.000     66.346    -0.5859    -0.5896    -0.0037    -0.5879    -0.5916    -0.0037   2.803027   2.802666  -0.000378    34.2785    34.2775     7.6379    27.5518    27.5512    34.2783    27.5517    1446.55    1446.53    -0.5879  1027.8769    34.4440 0.0000e+00
      26099 314.143384  -62.14525  -58.42829     -0.772    1448.28     66.000     65.356    -0.5840    -0.5871    -0.0031    -0.5860    -0.5891    -0.0031   2.802905   2.802819  -0.000137    34.2756    34.2772     7.6373    27.5494    27.5508    34.2751    27.5490    1446.54    1446.52    -0.5859  1027.8695    34.4408 0.0000e+00
      26132 314.143400  -62.14526  -58.42828     -0.737    1448.28     65.000     64.366    -0.5828    -0.5841    -0.0013    -0.5847    -0.5860    -0.0013   2.803231   2.803019  -0.000212    34.2784    34.2771     7.6517    27.5516    27.5506    34.2788    27.5519    1446.53    1446.52    -0.5847  1027.8676    34.4445 0.0000e+00
      26165 314.143417  -62.14526  -58.42826     -0.717    1448.28     64.000     63.376    -0.5821    -0.5821 5.8626e-07    -0.5840    -0.5840     0.0000   2.803218   2.803127  -0.000095    34.2783    34.2770     7.6657    27.5515    27.5505    34.2784    27.5516    1446.52    1446.51    -0.5840  1027.8625    34.4441 0.0000e+00
      26202 314.143434  -62.14526  -58.42825     -0.673    1448.28     63.000     62.386    -0.5822    -0.5831    -0.0009    -0.5841    -0.5850    -0.0009   2.803182   2.803019  -0.000156    34.2785    34.2774     7.6613    27.5517    27.5508    34.2787    27.5518    1446.50    1446.49    -0.5840  1027.8579    34.4444 0.0000e+00
      26245 314.143455  -62.14527  -58.42823     -0.568    1448.28     62.000     61.398    -0.5799    -0.5816    -0.0017    -0.5817    -0.5834    -0.0017   2.803266   2.803082  -0.000146    34.2777    34.2770     7.6459    27.5509    27.5504    34.2778    27.5510    1446.49    1446.48    -0.5817  1027.8523    34.4435 0.0000e+00
      26289 314.143476  -62.14528  -58.42822     -0.537    1448.28     61.000     60.403    -0.5785    -0.5788    -0.0003    -0.5804    -0.5807    -0.0003   2.803348   2.803212  -0.000138    34.2778    34.2763     7.6461    27.5509    27.5497    34.2780    27.5511    1446.48    1446.48    -0.5803  1027.8477    34.4437 0.0000e+00
      26326 314.143494  -62.14528  -58.42820     -0.629    1448.28     60.000     59.416    -0.5777    -0.5772     0.0006    -0.5795    -0.5790     0.0006   2.803260   2.803272   0.000046    34.2769    34.2759     7.6483    27.5501    27.5493    34.2766    27.5499    1446.47    1446.47    -0.5795  1027.8416    34.4422 0.0000e+00
      26355 314.143508  -62.14528  -58.42818     -0.772    1448.28     59.000     58.426    -0.5777    -0.5772     0.0005    -0.5795    -0.5789     0.0005   2.803293   2.803229  -0.000070    34.2775    34.2759     7.6549    27.5507    27.5494    34.2776    27.5507    1446.45    1446.46    -0.5794  1027.8377    34.4432 0.0000e+00
      26385 314.143522  -62.14530  -58.42818     -0.823    1448.28     58.000     57.435    -0.5776    -0.5775     0.0001    -0.5794    -0.5793     0.0001   2.803255   2.803163  -0.000088    34.2775    34.2761     7.6516    27.5506    27.5495    34.2776    27.5508    1446.44    1446.44    -0.5793  1027.8329    34.4432 0.0000e+00
      26415 314.143537  -62.14530  -58.42816     -0.797    1448.28     57.000     56.445    -0.5777    -0.5771     0.0006    -0.5794    -0.5788     0.0006   2.803112   2.803120   0.000027    34.2761    34.2758     7.6451    27.5495    27.5492    34.2764    27.5497    1446.42    1446.42    -0.5794  1027.8271    34.4420 0.0000e+00
      26447 314.143552  -62.14530  -58.42815     -0.767    1448.28     56.000     55.455    -0.5791    -0.5770     0.0020    -0.5807    -0.5787     0.0020   2.802985   2.803052  -0.000033    34.2771    34.2749     7.6470    27.5504    27.5485    34.2768    27.5502    1446.40    1446.41    -0.5807  1027.8228    34.4424 0.0000e+00
      26481 314.143569  -62.14530  -58.42814     -0.711    1448.28     55.000     54.465    -0.5859    -0.5800     0.0059    -0.5875    -0.5816     0.0059   2.802469   2.802823   0.000346    34.2786    34.2766     7.6470    27.5519    27.5500    34.2783    27.5516    1446.35    1446.38    -0.5875  1027.8194    34.4438 0.0000e+00
      26514 314.143585  -62.14531  -58.42812     -0.714    1448.28     54.000     53.475    -0.5877    -0.5841     0.0036    -0.5893    -0.5857     0.0036   2.802306   2.802477   0.000170    34.2790    34.2773     7.6361    27.5523    27.5507    34.2787    27.5520    1446.33    1446.34    -0.5893  1027.8151    34.4443 0.0000e+00
      26544 314.143599  -62.14532  -58.42811     -0.772    1448.28     53.000     52.485    -0.5892    -0.5867     0.0025    -0.5908    -0.5883     0.0025   2.802172   2.802244   0.000086    34.2795    34.2778     7.6337    27.5528    27.5513    34.2793    27.5526    1446.30    1446.32    -0.5908  1027.8108    34.4449 0.0000e+00
      26573 314.143613  -62.14532  -58.42810     -0.828    1448.28     52.000     51.495    -0.5890    -0.5873     0.0017    -0.5906    -0.5889     0.0017   2.802121   2.802156   0.000031    34.2792    34.2777     7.6388    27.5525    27.5512    34.2790    27.5523    1446.29    1446.29    -0.5905  1027.8058    34.4445 0.0000e+00
      27416 314.144020  -62.14546  -58.42776     -0.654    1448.28     51.000     50.481    -0.5852    -0.5855    -0.0003    -0.5867    -0.5871    -0.0003   2.802390   2.802265  -0.000112    34.2788    34.2777     7.6460    27.5520    27.5511    34.2789    27.5521    1446.29    1446.29    -0.5867  1027.8008    34.4445 0.0000e+00
      31387 314.145935  -62.14610  -58.42620     -1.052    1448.28     50.000     49.505    -0.5818    -0.5809     0.0009    -0.5833    -0.5824     0.0009   2.802652   2.802639  -0.000008    34.2792    34.2781     7.6383    27.5522    27.5512    34.2792    27.5522    1446.29    1446.29    -0.5833  1027.7961    34.4448 0.0000e+00
