Pos-Processados/process_op42/operantar42_040.cnv
* Sea-Bird SBE 9 Data File:
* FileName = C:\Users\Hidrografia\Desktop\OPXLII\Brutos\OP42040.hdr
* Software Version Seasave V 7.26.7.107
* Temperature SN = 6502
* Conductivity SN = 4998
* Number of Bytes Per Scan = 37
* Number of Voltage Words = 4
* Number of Scans Averaged by the Deck Unit = 1
* NMEA Latitude = 62 08.53 S
* NMEA Longitude = 058 26.22 W
* NMEA UTC (Time) = Nov 09 2023 15:06:47
* NMEA baud rate = 4800
** H41
** NPOALTEMAXIMIANO
** NUMERO DA ESTACAO (XXX) 040
** LAT (XX XX.XX S/N) 62 08.14 S
** LONG (XXX XX.XX W/E) 058 26.57 W
** DATAHORA (dd/mm/aaaa hh:mm Z) 09/11/2023 1506Z
** PROFUNDIDADE (m) 410
** OPERADOR CT FILIPE LOPES
# nquan = 30
# nvalues = 712                         
# units = specified
# name 0 = scan: Scan Count
# name 1 = timeJ: Julian Days
# name 2 = latitude: Latitude [deg]
# name 3 = longitude: Longitude [deg]
# name 4 = dz/dtM: Descent Rate [m/s]
# name 5 = avgsvCM: Average Sound Velocity [Chen-Millero, m/s]
# name 6 = prDM: Pressure, Digiquartz [db]
# name 7 = depSM: Depth [salt water, m]
# name 8 = t090C: Temperature [ITS-90, deg C]
# name 9 = t190C: Temperature, 2 [ITS-90, deg C]
# name 10 = T2-T190C: Temperature Difference, 2 - 1 [ITS-90, deg C]
# name 11 = potemp090C: Potential Temperature [ITS-90, deg C]
# name 12 = potemp190C: Potential Temperature, 2 [ITS-90, deg C]
# name 13 = potemp90Cdiff: Potential Temperature, Diff, 2 - 1 [ITS-90, deg C]
# name 14 = c0S/m: Conductivity [S/m]
# name 15 = c1S/m: Conductivity, 2 [S/m]
# name 16 = C2-C1S/m: Conductivity Difference, 2 - 1 [S/m]
# name 17 = sal00: Salinity, Practical [PSU]
# name 18 = sal11: Salinity, Practical, 2 [PSU]
# name 19 = sbeox0ML/L: Oxygen, SBE 43 [ml/l]
# name 20 = sigma-é00: Density [sigma-theta, kg/m^3]
# name 21 = sigma-é11: Density, 2 [sigma-theta, kg/m^3]
# name 22 = sal00: Salinity, Practical [PSU]
# name 23 = sigma-é00: Density [sigma-theta, kg/m^3]
# name 24 = svCM: Sound Velocity [Chen-Millero, m/s]
# name 25 = svCM1: Sound Velocity, 2 [Chen-Millero, m/s]
# name 26 = gsw_ptA0: potential temperature [ITS-90, deg C]
# name 27 = gsw_densityA0: density, TEOS-10 [density, kg/m^3]
# name 28 = gsw_saA0: Absolute Salinity [g/kg]
# name 29 = flag:
# span 0 =       3406,      25138       
# span 1 = 313.631353, 313.641833       
# span 2 =  -62.14662,  -62.14287       
# span 3 =  -58.43642,  -58.43404       
# span 4 =     -1.086,      1.093       
# span 5 =       0.00,    1448.10       
# span 6 =      2.000,    358.000       
# span 7 =      1.997,    354.255       
# span 8 =    -0.8223,    -0.5357       
# span 9 =    -0.8205,    -0.5353       
# span 10 =    -0.0088,     0.0106      
# span 11 =    -0.8270,    -0.5369      
# span 12 =    -0.8252,    -0.5363      
# span 13 =    -0.0088,     0.0106      
# span 14 =   2.789978,   2.829269      
# span 15 =   2.789947,   2.829224      
# span 16 =  -0.000870,   0.001062      
# span 17 =    34.2766,    34.3968      
# span 18 =    34.2760,    34.3957      
# span 19 =     6.7217,     7.6894      
# span 20 =    27.5481,    27.6458      
# span 21 =    27.5475,    27.6450      
# span 22 =    34.2769,    34.3971      
# span 23 =    27.5483,    27.6461      
# span 24 =    1445.70,    1451.66      
# span 25 =    1445.70,    1451.67      
# span 26 =    -0.8269,    -0.5369      
# span 27 =  1027.5637,  1029.3556      
# span 28 =    34.4387,    34.5668      
# span 29 = 0.0000e+00, 0.0000e+00      
# interval = decibars: 1                
# start_time = Nov 09 2023 15:06:47 [NMEA time, header]
# bad_flag = -9.990e-29
*END*
[from data line 629]
      22733 313.640673  -62.14618  -58.43418     -0.822    1448.10     84.000     83.177    -0.6708    -0.6711    -0.0003    -0.6733    -0.6736    -0.0003   2.797324   2.797206  -0.000125    34.2859    34.2845     7.5486    27.5614    27.5604    34.2871    27.5624    1446.44    1446.43    -0.6732  1027.9694    34.4530 0.0000e+00
      22760 313.640686  -62.14618  -58.43418     -0.872    1448.10     83.000     82.187    -0.6684    -0.6682     0.0001    -0.6708    -0.6707     0.0001   2.797464   2.797370  -0.000096    34.2857    34.2843     7.5503    27.5612    27.5601    34.2868    27.5621    1446.43    1446.43    -0.6708  1027.9643    34.4527 0.0000e+00
      22791 313.640701  -62.14618  -58.43418     -0.828    1448.10     82.000     81.197    -0.6679    -0.6700    -0.0021    -0.6703    -0.6724    -0.0021   2.797434   2.797165  -0.000247    34.2856    34.2846     7.5466    27.5611    27.5604    34.2865    27.5618    1446.42    1446.41    -0.6702  1027.9592    34.4524 0.0000e+00
      22824 313.640717  -62.14619  -58.43417     -0.703    1448.10     81.000     80.207    -0.6655    -0.6686    -0.0030    -0.6679    -0.6709    -0.0030   2.797556   2.797228  -0.000337    34.2850    34.2838     7.5509    27.5605    27.5597    34.2861    27.5614    1446.41    1446.40    -0.6678  1027.9539    34.4520 0.0000e+00
      22856 313.640733  -62.14620  -58.43416     -0.749    1448.10     80.000     79.217    -0.6576    -0.6597    -0.0020    -0.6600    -0.6621    -0.0020   2.798173   2.797876  -0.000287    34.2846    34.2831     7.5531    27.5599    27.5587    34.2861    27.5611    1446.43    1446.42    -0.6599  1027.9488    34.4520 0.0000e+00
      22886 313.640747  -62.14620  -58.43416     -0.784    1448.10     79.000     78.227    -0.6462    -0.6504    -0.0042    -0.6485    -0.6527    -0.0042   2.799019   2.798571  -0.000459    34.2835    34.2821     7.5530    27.5585    27.5575    34.2851    27.5598    1446.47    1446.45    -0.6485  1027.9427    34.4510 0.0000e+00
      22913 313.640760  -62.14620  -58.43416     -0.852    1448.10     78.000     77.237    -0.6413    -0.6439    -0.0025    -0.6436    -0.6462    -0.0025   2.799335   2.799007  -0.000311    34.2831    34.2818     7.5512    27.5580    27.5570    34.2845    27.5591    1446.47    1446.46    -0.6436  1027.9372    34.4504 0.0000e+00
      22942 313.640774  -62.14621  -58.43416     -0.867    1448.10     77.000     76.247    -0.6369    -0.6393    -0.0024    -0.6392    -0.6416    -0.0024   2.799604   2.799325  -0.000298    34.2827    34.2814     7.5605    27.5574    27.5565    34.2838    27.5583    1446.48    1446.47    -0.6391  1027.9316    34.4496 0.0000e+00
      22973 313.640789  -62.14622  -58.43416     -0.795    1448.10     76.000     75.257    -0.6373    -0.6386    -0.0013    -0.6396    -0.6409    -0.0013   2.799541   2.799322  -0.000240    34.2830    34.2812     7.5758    27.5577    27.5563    34.2840    27.5585    1446.46    1446.45    -0.6395  1027.9270    34.4498 0.0000e+00
      23004 313.640804  -62.14623  -58.43416     -0.768    1448.10     75.000     74.267    -0.6291    -0.6299    -0.0008    -0.6313    -0.6322    -0.0008   2.800117   2.799980  -0.000130    34.2816    34.2808     7.5849    27.5562    27.5556    34.2831    27.5574    1446.48    1446.48    -0.6313  1027.9211    34.4489 0.0000e+00
      23034 313.640819  -62.14624  -58.43416     -0.781    1448.10     74.000     73.277    -0.6215    -0.6245    -0.0030    -0.6237    -0.6267    -0.0030   2.800724   2.800374  -0.000336    34.2818    34.2806     7.5773    27.5560    27.5552    34.2833    27.5573    1446.50    1446.48    -0.6237  1027.9161    34.4491 0.0000e+00
      23064 313.640833  -62.14624  -58.43416     -0.797    1448.10     73.000     72.287    -0.6173    -0.6203    -0.0030    -0.6195    -0.6224    -0.0030   2.801012   2.800646  -0.000362    34.2818    34.2802     7.5811    27.5558    27.5547    34.2830    27.5568    1446.50    1446.49    -0.6194  1027.9109    34.4488 0.0000e+00
      23092 313.640846  -62.14624 -9.990e-29     -0.833    1448.10     72.000     71.297    -0.6161    -0.6164    -0.0003    -0.6183    -0.6186    -0.0003   2.801050   2.800913  -0.000157    34.2819    34.2802     7.5881    27.5559    27.5545    34.2828    27.5566    1446.49    1446.49    -0.6182  1027.9068    34.4497 0.0000e+00
      23121 313.640860  -62.14626 -9.990e-29     -0.848    1448.10     71.000     70.307    -0.6157    -0.6157    -0.0000    -0.6178    -0.6179    -0.0000   2.801041   2.800925  -0.000114    34.2821    34.2805     7.5916    27.5560    27.5548    34.2828    27.5566    1446.48    1446.48    -0.6178  1027.9020    34.4497 0.0000e+00
      23153 313.640876  -62.14626 -9.990e-29     -0.779    1448.10     70.000     69.317    -0.6160    -0.6159     0.0001    -0.6181    -0.6179     0.0001   2.800942   2.800864  -0.000096    34.2820    34.2806     7.5950    27.5560    27.5548    34.2825    27.5563    1446.46    1446.46    -0.6180  1027.8969    34.4493 0.0000e+00
      23185 313.640891  -62.14626  -58.43414     -0.739    1448.10     69.000     68.327    -0.6152    -0.6157    -0.0005    -0.6173    -0.6178    -0.0005   2.801014   2.800817  -0.000189    34.2823    34.2803     7.5870    27.5562    27.5546    34.2831    27.5568    1446.45    1446.44    -0.6172  1027.8920    34.4492 0.0000e+00
      23215 313.640906  -62.14628  -58.43414     -0.771    1448.10     68.000     67.336    -0.6126    -0.6126     0.0000    -0.6146    -0.6146     0.0000   2.801137   2.801037  -0.000106    34.2819    34.2804     7.5879    27.5557    27.5546    34.2825    27.5562    1446.44    1446.44    -0.6146  1027.8863    34.4482 0.0000e+00
      23241 313.640918  -62.14628  -58.43414     -0.869    1448.10     67.000     66.346    -0.6103    -0.6113    -0.0011    -0.6123    -0.6133    -0.0011   2.801308   2.801086  -0.000216    34.2820    34.2804     7.5900    27.5558    27.5545    34.2828    27.5563    1446.44    1446.43    -0.6122  1027.8817    34.4485 0.0000e+00
      23266 313.640930  -62.14628  -58.43414     -0.953    1448.10     66.000     65.356    -0.6075    -0.6093    -0.0018    -0.6095    -0.6113    -0.0018   2.801467   2.801210  -0.000250    34.2817    34.2803     7.5850    27.5554    27.5543    34.2824    27.5560    1446.43    1446.42    -0.6094  1027.8765    34.4482 0.0000e+00
      23292 313.640943  -62.14628  -58.43414     -0.946    1448.10     65.000     64.366    -0.6065    -0.6067    -0.0001    -0.6084    -0.6086    -0.0001   2.801494   2.801369  -0.000136    34.2818    34.2801     7.5916    27.5554    27.5540    34.2822    27.5557    1446.42    1446.42    -0.6084  1027.8715    34.4479 0.0000e+00
      23320 313.640956  -62.14629  -58.43414     -0.892    1448.10     64.000     63.376    -0.6050    -0.6059    -0.0009    -0.6069    -0.6078    -0.0009   2.801566   2.801390  -0.000164    34.2815    34.2803     7.5998    27.5550    27.5541    34.2821    27.5556    1446.41    1446.41    -0.6069  1027.8666    34.4478 0.0000e+00
      23349 313.640971  -62.14630  -58.43413     -0.824    1448.10     63.000     62.386    -0.6009    -0.6031    -0.0022    -0.6028    -0.6050    -0.0022   2.801846   2.801556  -0.000283    34.2809    34.2796     7.5991    27.5544    27.5535    34.2819    27.5552    1446.42    1446.40    -0.6027  1027.8614    34.4476 0.0000e+00
      23378 313.640984  -62.14630  -58.43412     -0.819    1448.10     62.000     61.396    -0.5963    -0.5989    -0.0026    -0.5982    -0.6008    -0.0026   2.802158   2.801847  -0.000319    34.2810    34.2796     7.6034    27.5543    27.5533    34.2815    27.5547    1446.42    1446.40    -0.5981  1027.8561    34.4472 0.0000e+00
      23403 313.640996  -62.14630  -58.43412     -0.907    1448.10     61.000     60.406    -0.5953    -0.5961    -0.0008    -0.5972    -0.5980    -0.0008   2.802198   2.802029  -0.000175    34.2809    34.2794     7.6105    27.5542    27.5530    34.2816    27.5547    1446.41    1446.40    -0.5971  1027.8513    34.4472 0.0000e+00
      23429 313.641009  -62.14632  -58.43412     -0.959    1448.10     60.000     59.416    -0.5935    -0.5940    -0.0004    -0.5953    -0.5958    -0.0004   2.802300   2.802152  -0.000142    34.2809    34.2794     7.6015    27.5541    27.5529    34.2815    27.5546    1446.40    1446.40    -0.5953  1027.8464    34.4472 0.0000e+00
      23457 313.641023  -62.14632  -58.43412     -0.881    1448.10     59.000     58.426    -0.5921    -0.5941    -0.0020    -0.5939    -0.5959    -0.0020   2.802347   2.802084  -0.000251    34.2807    34.2796     7.6103    27.5539    27.5531    34.2811    27.5542    1446.39    1446.38    -0.5938  1027.8412    34.4468 0.0000e+00
      23490 313.641039  -62.14632  -58.43412     -0.739    1448.10     58.000     57.435    -0.5917    -0.5952    -0.0036    -0.5934    -0.5970    -0.0036   2.802332   2.801977  -0.000356    34.2806    34.2798     7.6151    27.5538    27.5533    34.2811    27.5542    1446.38    1446.36    -0.5934  1027.8364    34.4467 0.0000e+00
      23521 313.641053  -62.14633  -58.43412     -0.753    1448.10     57.000     56.445    -0.5900    -0.5905    -0.0004    -0.5918    -0.5922    -0.0004   2.802463   2.802298  -0.000172    34.2811    34.2792     7.6183    27.5541    27.5526    34.2816    27.5545    1446.37    1446.37    -0.5917  1027.8319    34.4472 0.0000e+00
      23549 313.641067  -62.14634  -58.43412     -0.834    1448.10     56.000     55.455    -0.5880    -0.5889    -0.0009    -0.5897    -0.5906    -0.0009   2.802543   2.802364  -0.000174    34.2805    34.2792     7.6252    27.5535    27.5525    34.2810    27.5539    1446.36    1446.36    -0.5896  1027.8266    34.4466 0.0000e+00
      23578 313.641081  -62.14634  -58.43412     -0.851    1448.10     55.000     54.465    -0.5845    -0.5856    -0.0011    -0.5861    -0.5872    -0.0011   2.802789   2.802600  -0.000205    34.2805    34.2790     7.6181    27.5534    27.5522    34.2809    27.5537    1446.36    1446.36    -0.5861  1027.8215    34.4465 0.0000e+00
      23613 313.641098  -62.14634  -58.43412     -0.708    1448.10     54.000     53.475    -0.5861    -0.5873    -0.0012    -0.5877    -0.5889    -0.0012   2.802645   2.802424  -0.000211    34.2810    34.2796     7.6182    27.5539    27.5527    34.2815    27.5542    1446.34    1446.33    -0.5877  1027.8173    34.4471 0.0000e+00
      23649 313.641115  -62.14636  -58.43412     -0.668    1448.10     53.000     52.485    -0.5836    -0.5840    -0.0004    -0.5852    -0.5856    -0.0004   2.802800   2.802652  -0.000164    34.2810    34.2793     7.6192    27.5538    27.5524    34.2814    27.5541    1446.33    1446.33    -0.5852  1027.8123    34.4470 0.0000e+00
      23679 313.641130  -62.14636  -58.43412     -0.752    1448.10     52.000     51.495    -0.5832    -0.5827     0.0005    -0.5847    -0.5842     0.0005   2.802789   2.802713  -0.000070    34.2810    34.2794     7.6156    27.5537    27.5524    34.2813    27.5540    1446.32    1446.32    -0.5847  1027.8078    34.4474 0.0000e+00
      23710 313.641145  -62.14637 -9.990e-29     -0.791    1448.10     51.000     50.504    -0.5823    -0.5824    -0.0001    -0.5839    -0.5839    -0.0001   2.802801   2.802695  -0.000116    34.2810    34.2795     7.6159    27.5537    27.5525    34.2812    27.5538    1446.31    1446.30    -0.5838  1027.8032    34.4477 0.0000e+00
      23747 313.641162  -62.14638 -9.990e-29     -0.677    1448.10     50.000     49.514    -0.5831    -0.5824     0.0007    -0.5846    -0.5839     0.0007   2.802690   2.802647  -0.000050    34.2810    34.2795     7.6225    27.5537    27.5525    34.2811    27.5538    1446.29    1446.29    -0.5846  1027.7984    34.4476 0.0000e+00
      23789 313.641183  -62.14638  -58.43410     -0.565    1448.10     49.000     48.524    -0.5827    -0.5821     0.0006    -0.5842    -0.5836     0.0006   2.802688   2.802626  -0.000059    34.2811    34.2796     7.6211    27.5538    27.5525    34.2813    27.5540    1446.27    1446.27    -0.5841  1027.7932    34.4471 0.0000e+00
      23827 313.641201  -62.14638  -58.43410     -0.624    1448.10     48.000     47.534    -0.5824    -0.5818     0.0006    -0.5838    -0.5833     0.0005   2.802665   2.802606  -0.000059    34.2811    34.2797     7.6235    27.5537    27.5526    34.2813    27.5539    1446.26    1446.26    -0.5838  1027.7882    34.4468 0.0000e+00
      23857 313.641215  -62.14639  -58.43410     -0.757    1448.10     47.000     46.544    -0.5799    -0.5806    -0.0007    -0.5813    -0.5820    -0.0007   2.802836   2.802665  -0.000169    34.2810    34.2795     7.6207    27.5536    27.5524    34.2813    27.5539    1446.25    1446.25    -0.5813  1027.7833    34.4469 0.0000e+00
      23886 313.641229  -62.14640  -58.43410     -0.824    1448.10     46.000     45.554    -0.5787    -0.5785     0.0002    -0.5801    -0.5798     0.0002   2.802864   2.802789  -0.000077    34.2808    34.2795     7.6104    27.5533    27.5523    34.2810    27.5535    1446.24    1446.24    -0.5800  1027.7782    34.4465 0.0000e+00
      23916 313.641244  -62.14640  -58.43410     -0.826    1448.10     45.000     44.563    -0.5769    -0.5774    -0.0006    -0.5782    -0.5788    -0.0006   2.802986   2.802824  -0.000156    34.2808    34.2793     7.6143    27.5533    27.5521    34.2812    27.5536    1446.24    1446.23    -0.5782  1027.7735    34.4467 0.0000e+00
      23949 313.641260  -62.14641  -58.43410     -0.731    1448.10     44.000     43.573    -0.5762    -0.5752     0.0010    -0.5776    -0.5766     0.0010   2.802958   2.802938  -0.000032    34.2805    34.2790     7.6197    27.5530    27.5517    34.2807    27.5532    1446.22    1446.22    -0.5775  1027.7683    34.4462 0.0000e+00
      23979 313.641274  -62.14642  -58.43410     -0.763    1448.10     43.000     42.583    -0.5740    -0.5731     0.0009    -0.5753    -0.5744     0.0009   2.803103   2.803071  -0.000029    34.2803    34.2789     7.6180    27.5527    27.5516    34.2807    27.5531    1446.22    1446.22    -0.5752  1027.7634    34.4462 0.0000e+00
      24007 313.641288  -62.14642  -58.43410     -0.841    1448.10     42.000     41.593    -0.5708    -0.5715    -0.0007    -0.5721    -0.5728    -0.0007   2.803324   2.803143  -0.000178    34.2804    34.2788     7.6150    27.5526    27.5514    34.2807    27.5530    1446.22    1446.21    -0.5720  1027.7585    34.4462 0.0000e+00
      24036 313.641302  -62.14643  -58.43409     -0.848    1448.10     41.000     40.603    -0.5696    -0.5699    -0.0003    -0.5708    -0.5711    -0.0003   2.803311   2.803224  -0.000088    34.2794    34.2786     7.6203    27.5518    27.5511    34.2798    27.5521    1446.20    1446.20    -0.5708  1027.7528    34.4452 0.0000e+00
      24065 313.641315  -62.14644  -58.43408     -0.831    1448.10     40.000     39.612    -0.5690    -0.5688     0.0002    -0.5702    -0.5700     0.0002   2.803371   2.803253  -0.000125    34.2805    34.2785     7.6300    27.5526    27.5510    34.2806    27.5528    1446.19    1446.19    -0.5702  1027.7487    34.4460 0.0000e+00
      24092 313.641329 -9.990e-29  -58.43408     -0.863    1448.10     39.000     38.622    -0.5695    -0.5689     0.0006    -0.5707    -0.5700     0.0006   2.803229   2.803213  -0.000014    34.2796    34.2787     7.6286    27.5520    27.5512    34.2799    27.5522    1446.17    1446.17    -0.5706  1027.7403    34.4415 0.0000e+00
      24118 313.641341 -9.990e-29  -58.43408     -0.898    1448.10     38.000     37.632    -0.5687    -0.5687    -0.0000    -0.5699    -0.5699    -0.0000   2.803328   2.803173  -0.000152    34.2807    34.2786     7.6253    27.5528    27.5512    34.2809    27.5530    1446.16    1446.16    -0.5698  1027.7363    34.4426 0.0000e+00
