Pos-Processados/process_op42/operantar42_044.cnv
* Sea-Bird SBE 9 Data File:
* FileName = C:\Users\Hidrografia\Desktop\OPXLII\Brutos\OP42044.hdr
* Software Version Seasave V 7.26.7.107
* Temperature SN = 6502
* Conductivity SN = 4998
* Number of Bytes Per Scan = 37
* Number of Voltage Words = 4
* Number of Scans Averaged by the Deck Unit = 1
* NMEA Latitude = 62 08.87 S
* NMEA Longitude = 058 26.12 W
* NMEA UTC (Time) = Nov 09 2023 19:07:43
* NMEA baud rate = 4800
** H41
** NPOALTEMAXIMIANO
** NUMERO DA ESTACAO (XXX) 044
** LAT (XX XX.XX S/N) 62 08.851 S
** LONG (XXX XX.XX W/E) 058 26.159 W
** DATAHORA (dd/mm/aaaa hh:mm Z) 09/11/2023 1907Z
** PROFUNDIDADE (m) 375
** OPERADOR CT FABIREZA
# nquan = 30
# nvalues = 731                         
# units = specified
# name 0 = scan: Scan Count
# name 1 = timeJ: Julian Days
# name 2 = latitude: Latitude [deg]
# name 3 = longitude: Longitude [deg]
# name 4 = dz/dtM: Descent Rate [m/s]
# name 5 = avgsvCM: Average Sound Velocity [Chen-Millero, m/s]
# name 6 = prDM: Pressure, Digiquartz [db]
# name 7 = depSM: Depth [salt water, m]
# name 8 = t090C: Temperature [ITS-90, deg C]
# name 9 = t190C: Temperature, 2 [ITS-90, deg C]
# name 10 = T2-T190C: Temperature Difference, 2 - 1 [ITS-90, deg C]
# name 11 = potemp090C: Potential Temperature [ITS-90, deg C]
# name 12 = potemp190C: Potential Temperature, 2 [ITS-90, deg C]
# name 13 = potemp90Cdiff: Potential Temperature, Diff, 2 - 1 [ITS-90, deg C]
# name 14 = c0S/m: Conductivity [S/m]
# name 15 = c1S/m: Conductivity, 2 [S/m]
# name 16 = C2-C1S/m: Conductivity Difference, 2 - 1 [S/m]
# name 17 = sal00: Salinity, Practical [PSU]
# name 18 = sal11: Salinity, Practical, 2 [PSU]
# name 19 = sbeox0ML/L: Oxygen, SBE 43 [ml/l]
# name 20 = sigma-é00: Density [sigma-theta, kg/m^3]
# name 21 = sigma-é11: Density, 2 [sigma-theta, kg/m^3]
# name 22 = sal00: Salinity, Practical [PSU]
# name 23 = sigma-é00: Density [sigma-theta, kg/m^3]
# name 24 = svCM: Sound Velocity [Chen-Millero, m/s]
# name 25 = svCM1: Sound Velocity, 2 [Chen-Millero, m/s]
# name 26 = gsw_ptA0: potential temperature [ITS-90, deg C]
# name 27 = gsw_densityA0: density, TEOS-10 [density, kg/m^3]
# name 28 = gsw_saA0: Absolute Salinity [g/kg]
# name 29 = flag:
# span 0 =       1927,      26317       
# span 1 = 313.797955, 313.809716       
# span 2 =  -62.15508,  -62.14847       
# span 3 =  -58.43472,  -58.42833       
# span 4 =     -1.160,      1.021       
# span 5 =       0.00,    1448.19       
# span 6 =      3.000,    368.000       
# span 7 =      2.977,    364.128       
# span 8 =    -0.8036,    -0.4617       
# span 9 =    -0.8027,    -0.4611       
# span 10 =    -0.0079,     0.0081      
# span 11 =    -0.8107,    -0.4619      
# span 12 =    -0.8098,    -0.4613      
# span 13 =    -0.0079,     0.0080      
# span 14 =   2.794792,   2.818413      
# span 15 =   2.794770,   2.818273      
# span 16 =  -0.000542,   0.000660      
# span 17 =    34.2781,    34.3574      
# span 18 =    34.2789,    34.3558      
# span 19 =     7.0579,     7.6398      
# span 20 =    27.5501,    27.6183      
# span 21 =    27.5490,    27.6170      
# span 22 =    34.2784,    34.3575      
# span 23 =    27.5502,    27.6183      
# span 24 =    1445.76,    1451.32      
# span 25 =    1445.77,    1451.32      
# span 26 =    -0.8105,    -0.4619      
# span 27 =  1027.5692,  1029.3792      
# span 28 =    34.4414,    34.5255      
# span 29 = 0.0000e+00, 0.0000e+00      
# interval = decibars: 1                
# start_time = Nov 09 2023 19:07:43 [NMEA time, header]
# bad_flag = -9.990e-29
*END*
[from data line 532]
      19059 313.806216  -62.15312  -58.42966     -0.745    1448.19    201.000    198.975    -0.7121    -0.7122    -0.0000    -0.7182    -0.7183    -0.0000   2.800022   2.799936  -0.000100    34.2977    34.2964     7.4664    27.5730    27.5719    34.2981    27.5733    1448.16    1448.16    -0.7180  1028.5399    34.4652 0.0000e+00
      19085 313.806229  -62.15312  -58.42966     -0.876    1448.19    200.000    197.985    -0.7117    -0.7111     0.0005    -0.7177    -0.7172     0.0005   2.799981   2.799934  -0.000051    34.2973    34.2960     7.4635    27.5726    27.5716    34.2977    27.5729    1448.15    1448.15    -0.7176  1028.5348    34.4648 0.0000e+00
      19113 313.806242  -62.15312  -58.42964     -0.902    1448.19    199.000    196.996    -0.7118    -0.7111     0.0007    -0.7178    -0.7171     0.0007   2.799924   2.799893  -0.000033    34.2973    34.2961     7.4691    27.5726    27.5716    34.2976    27.5728    1448.13    1448.13    -0.7177  1028.5298    34.4646 0.0000e+00
      19154 313.806262 -9.990e-29  -58.42964     -0.613    1448.19    198.000    196.007    -0.7119    -0.7114     0.0006    -0.7179    -0.7174     0.0006   2.799854   2.799827  -0.000031    34.2972    34.2962     7.4869    27.5726    27.5717    34.2974    27.5727    1448.11    1448.11    -0.7177  1028.5207    34.4591 0.0000e+00
      19203 313.806286 -9.990e-29  -58.42964     -0.485    1448.19    197.000    195.017    -0.7121    -0.7113     0.0008    -0.7180    -0.7172     0.0008   2.799797   2.799763  -0.000036    34.2973    34.2959     7.4816    27.5726    27.5714    34.2975    27.5727    1448.10    1448.10    -0.7179  1028.5159    34.4592 0.0000e+00
      19246 313.806306  -62.15316  -58.42962     -0.559    1448.19    196.000    194.027    -0.7122    -0.7115     0.0007    -0.7181    -0.7174     0.0007   2.799745   2.799708  -0.000035    34.2973    34.2961     7.4827    27.5727    27.5716    34.2975    27.5728    1448.08    1448.08    -0.7180  1028.5154    34.4644 0.0000e+00
      19282 313.806324  -62.15316  -58.42962     -0.641    1448.19    195.000    193.038    -0.7122    -0.7114     0.0008    -0.7180    -0.7173     0.0008   2.799702   2.799667  -0.000035    34.2974    34.2960     7.4755    27.5727    27.5715    34.2975    27.5728    1448.06    1448.06    -0.7179  1028.5108    34.4646 0.0000e+00
      19310 313.806337  -62.15318  -58.42960     -0.804    1448.19    194.000    192.048    -0.7120    -0.7114     0.0006    -0.7178    -0.7172     0.0006   2.799659   2.799630  -0.000037    34.2973    34.2961     7.4730    27.5726    27.5716    34.2973    27.5727    1448.05    1448.05    -0.7177  1028.5059    34.4644 0.0000e+00
      19345 313.806354  -62.15318  -58.42960     -0.732    1448.19    193.000    191.059    -0.7123    -0.7114     0.0009    -0.7181    -0.7172     0.0009   2.799566   2.799564 -7.653e-07    34.2970    34.2960     7.4776    27.5723    27.5715    34.2970    27.5724    1448.03    1448.03    -0.7180  1028.5008    34.4641 0.0000e+00
      19377 313.806370  -62.15320  -58.42958     -0.694    1448.19    192.000    190.069    -0.7123    -0.7114     0.0009    -0.7181    -0.7172     0.0009   2.799464   2.799436  -0.000026    34.2963    34.2949     7.4749    27.5718    27.5707    34.2963    27.5718    1448.01    1448.01    -0.7180  1028.4955    34.4634 0.0000e+00
      19403 313.806382  -62.15320  -58.42958     -0.882    1448.19    191.000    189.080    -0.7118    -0.7109     0.0009    -0.7176    -0.7167     0.0009   2.799433   2.799406  -0.000026    34.2959    34.2945     7.4774    27.5714    27.5703    34.2960    27.5715    1448.00    1448.00    -0.7174  1028.4904    34.4630 0.0000e+00
      19427 313.806394  -62.15320  -58.42958     -0.966    1448.19    190.000    188.090    -0.7113    -0.7107     0.0005    -0.7170    -0.7164     0.0005   2.799425   2.799377  -0.000052    34.2958    34.2945     7.4843    27.5714    27.5703    34.2958    27.5714    1447.98    1447.98    -0.7169  1028.4855    34.4629 0.0000e+00
      19452 313.806406  -62.15322  -58.42956     -0.979    1448.19    189.000    187.101    -0.7110    -0.7105     0.0005    -0.7167    -0.7162     0.0005   2.799411   2.799354  -0.000053    34.2959    34.2946     7.4786    27.5714    27.5703    34.2960    27.5715    1447.97    1447.97    -0.7166  1028.4809    34.4631 0.0000e+00
      19482 313.806420  -62.15322  -58.42956     -0.854    1448.19    188.000    186.111    -0.7110    -0.7103     0.0006    -0.7166    -0.7160     0.0006   2.799363   2.799324  -0.000038    34.2958    34.2946     7.4900    27.5714    27.5703    34.2959    27.5714    1447.95    1447.95    -0.7165  1028.4760    34.4630 0.0000e+00
      19516 313.806436  -62.15324  -58.42956     -0.715    1448.19    187.000    185.122    -0.7116    -0.7108     0.0008    -0.7172    -0.7164     0.0008   2.799252   2.799229  -0.000034    34.2960    34.2946     7.4881    27.5715    27.5704    34.2957    27.5713    1447.93    1447.93    -0.7171  1028.4713    34.4630 0.0000e+00
      19548 313.806452  -62.15324 -9.990e-29     -0.737    1448.19    186.000    184.132    -0.7151    -0.7136     0.0015    -0.7206    -0.7191     0.0015   2.798878   2.798928   0.000053    34.2955    34.2945     7.4879    27.5712    27.5704    34.2952    27.5710    1447.90    1447.91    -0.7205  1028.4678    34.4644 0.0000e+00
      19585 313.806470  -62.15324 -9.990e-29     -0.678    1448.19    185.000    183.143    -0.7165    -0.7153     0.0012    -0.7221    -0.7209     0.0012   2.798690   2.798724   0.000031    34.2952    34.2942     7.4850    27.5711    27.5702    34.2949    27.5709    1447.88    1447.88    -0.7219  1028.4629    34.4642 0.0000e+00
      19625 313.806489  -62.15326  -58.42952     -0.597    1448.19    184.000    182.153    -0.7177    -0.7167     0.0010    -0.7232    -0.7222     0.0010   2.798526   2.798527 -4.620e-07    34.2949    34.2938     7.4856    27.5709    27.5699    34.2946    27.5707    1447.85    1447.86    -0.7231  1028.4572    34.4629 0.0000e+00
      19658 313.806505  -62.15326  -58.42952     -0.662    1448.19    183.000    181.164    -0.7198    -0.7183     0.0015    -0.7253    -0.7238     0.0015   2.798235   2.798289   0.000051    34.2942    34.2932     7.4879    27.5704    27.5695    34.2938    27.5700    1447.83    1447.83    -0.7252  1028.4508    34.4608 0.0000e+00
      19689 313.806520  -62.15328  -58.42952     -0.807    1448.19    182.000    180.174    -0.7219    -0.7203     0.0016    -0.7273    -0.7258     0.0016   2.798002   2.798047   0.000051    34.2938    34.2928     7.4952    27.5702    27.5692    34.2936    27.5700    1447.80    1447.81    -0.7272  1028.4460    34.4606 0.0000e+00
      19718 313.806534  -62.15328  -58.42950     -0.792    1448.19    181.000    179.185    -0.7221    -0.7208     0.0013    -0.7275    -0.7262     0.0013   2.797915   2.797949   0.000031    34.2936    34.2925     7.5021    27.5700    27.5691    34.2932    27.5697    1447.78    1447.79    -0.7274  1028.4410    34.4603 0.0000e+00
      19744 313.806546  -62.15329  -58.42950     -0.896    1448.19    180.000    178.195    -0.7233    -0.7226     0.0007    -0.7287    -0.7280     0.0007   2.797763   2.797724  -0.000029    34.2934    34.2923     7.5006    27.5699    27.5689    34.2931    27.5697    1447.76    1447.76    -0.7286  1028.4362    34.4602 0.0000e+00
      19772 313.806560  -62.15330  -58.42949     -0.881    1448.19    179.000    177.205    -0.7227    -0.7221     0.0007    -0.7281    -0.7274     0.0007   2.797780   2.797742  -0.000044    34.2936    34.2922     7.5018    27.5700    27.5689    34.2934    27.5699    1447.75    1447.75    -0.7279  1028.4316    34.4604 0.0000e+00
      19806 313.806576  -62.15330  -58.42948     -0.737    1448.19    178.000    176.216    -0.7230    -0.7221     0.0008    -0.7283    -0.7274     0.0008   2.797719   2.797702  -0.000017    34.2936    34.2924     7.5113    27.5701    27.5690    34.2934    27.5699    1447.73    1447.73    -0.7282  1028.4268    34.4605 0.0000e+00
      19838 313.806592  -62.15332  -58.42948     -0.729    1448.19    177.000    175.227    -0.7239    -0.7227     0.0012    -0.7292    -0.7280     0.0012   2.797588   2.797609   0.000019    34.2936    34.2925     7.5059    27.5701    27.5691    34.2934    27.5699    1447.71    1447.71    -0.7291  1028.4221    34.4604 0.0000e+00
      19869 313.806607  -62.15332  -58.42947     -0.774    1448.19    176.000    174.237    -0.7252    -0.7241     0.0012    -0.7305    -0.7293     0.0012   2.797406   2.797419   0.000020    34.2932    34.2922     7.5115    27.5698    27.5689    34.2930    27.5696    1447.69    1447.69    -0.7303  1028.4170    34.4600 0.0000e+00
      19901 313.806622  -62.15334  -58.42946     -0.748    1448.19    175.000    173.248    -0.7254    -0.7248     0.0007    -0.7306    -0.7300     0.0007   2.797333   2.797306  -0.000025    34.2930    34.2919     7.5048    27.5696    27.5687    34.2928    27.5695    1447.67    1447.67    -0.7305  1028.4121    34.4598 0.0000e+00
      19931 313.806637  -62.15334  -58.42946     -0.784    1448.19    174.000    172.258    -0.7253    -0.7246     0.0007    -0.7304    -0.7298     0.0007   2.797260   2.797238  -0.000020    34.2925    34.2914     7.5144    27.5692    27.5683    34.2923    27.5691    1447.65    1447.65    -0.7304  1028.4069    34.4593 0.0000e+00
      19963 313.806652  -62.15335  -58.42945     -0.772    1448.19    173.000    171.268    -0.7255    -0.7246     0.0009    -0.7307    -0.7297     0.0009   2.797184   2.797159  -0.000023    34.2923    34.2909     7.5150    27.5691    27.5680    34.2922    27.5690    1447.64    1447.64    -0.7305  1028.4020    34.4591 0.0000e+00
      19995 313.806668  -62.15336  -58.42944     -0.743    1448.19    172.000    170.279    -0.7256    -0.7247     0.0009    -0.7307    -0.7298     0.0009   2.797119   2.797094  -0.000024    34.2921    34.2908     7.5094    27.5689    27.5678    34.2920    27.5688    1447.62    1447.62    -0.7306  1028.3971    34.4590 0.0000e+00
      20025 313.806682  -62.15336  -58.42944     -0.789    1448.19    171.000    169.289    -0.7258    -0.7249     0.0009    -0.7309    -0.7300     0.0009   2.797040   2.797027  -0.000016    34.2919    34.2907     7.5076    27.5688    27.5677    34.2917    27.5687    1447.60    1447.60    -0.7308  1028.3922    34.4587 0.0000e+00
      20054 313.806696  -62.15338  -58.42942     -0.819    1448.19    170.000    168.299    -0.7259    -0.7250     0.0008    -0.7309    -0.7301     0.0008   2.796986   2.796964  -0.000022    34.2919    34.2906     7.5100    27.5688    27.5677    34.2918    27.5687    1447.58    1447.59    -0.7308  1028.3874    34.4587 0.0000e+00
      20085 313.806711  -62.15338  -58.42942     -0.791    1448.19    169.000    167.310    -0.7260    -0.7251     0.0009    -0.7310    -0.7302     0.0009   2.796941   2.796911  -0.000029    34.2919    34.2906     7.5199    27.5688    27.5677    34.2919    27.5688    1447.57    1447.57    -0.7309  1028.3827    34.4588 0.0000e+00
      20115 313.806726  -62.15340  -58.42940     -0.787    1448.19    168.000    166.320    -0.7259    -0.7251     0.0008    -0.7309    -0.7301     0.0008   2.796896   2.796868  -0.000027    34.2918    34.2906     7.5257    27.5687    27.5677    34.2918    27.5687    1447.55    1447.55    -0.7308  1028.3779    34.4587 0.0000e+00
      20146 313.806740  -62.15340  -58.42940     -0.789    1448.19    167.000    165.331    -0.7258    -0.7251     0.0007    -0.7307    -0.7300     0.0007   2.796864   2.796831  -0.000031    34.2919    34.2907     7.5161    27.5687    27.5677    34.2918    27.5687    1447.54    1447.54    -0.7306  1028.3731    34.4588 0.0000e+00
      20178 313.806756  -62.15341  -58.42940     -0.756    1448.19    166.000    164.341    -0.7252    -0.7247     0.0005    -0.7301    -0.7296     0.0005   2.796842   2.796805  -0.000033    34.2915    34.2904     7.5178    27.5684    27.5675    34.2915    27.5684    1447.52    1447.52    -0.7300  1028.3681    34.4585 0.0000e+00
      20208 313.806771  -62.15342  -58.42940     -0.775    1448.19    165.000    163.352    -0.7238    -0.7232     0.0005    -0.7287    -0.7281     0.0005   2.796925   2.796864  -0.000057    34.2914    34.2900     7.5246    27.5683    27.5672    34.2916    27.5684    1447.51    1447.51    -0.7286  1028.3633    34.4585 0.0000e+00
      20240 313.806786  -62.15342  -58.42938     -0.778    1448.19    164.000    162.362    -0.7201    -0.7206    -0.0005    -0.7250    -0.7255    -0.0005   2.797152   2.797019  -0.000128    34.2909    34.2897     7.5220    27.5677    27.5668    34.2912    27.5679    1447.51    1447.51    -0.7249  1028.3580    34.4581 0.0000e+00
      20275 313.806803  -62.15344  -58.42938     -0.690    1448.19    163.000    161.372    -0.7188    -0.7176     0.0012    -0.7236    -0.7224     0.0012   2.797212   2.797211  -0.000009    34.2909    34.2894     7.5262    27.5676    27.5664    34.2911    27.5678    1447.50    1447.51    -0.7235  1028.3530    34.4580 0.0000e+00
      20311 313.806820  -62.15344  -58.42938     -0.667    1448.19    162.000    160.383    -0.7188    -0.7170     0.0018    -0.7237    -0.7218     0.0018   2.797168   2.797208   0.000035    34.2912    34.2896     7.5207    27.5679    27.5665    34.2912    27.5679    1447.49    1447.49    -0.7235  1028.3484    34.4581 0.0000e+00
      20343 313.806836  -62.15345  -58.42936     -0.730    1448.19    161.000    159.393    -0.7225    -0.7202     0.0023    -0.7273    -0.7250     0.0023   2.796829   2.796910   0.000079    34.2916    34.2901     7.5394    27.5684    27.5670    34.2914    27.5682    1447.45    1447.46    -0.7272  1028.3439    34.4583 0.0000e+00
      20379 313.806853  -62.15346  -58.42936     -0.679    1448.19    160.000    158.403    -0.7243    -0.7233     0.0010    -0.7291    -0.7280     0.0010   2.796621   2.796635   0.000017    34.2914    34.2904     7.5250    27.5683    27.5675    34.2912    27.5681    1447.43    1447.43    -0.7289  1028.3391    34.4581 0.0000e+00
      20412 313.806869  -62.15347  -58.42934     -0.714    1448.19    159.000    157.414    -0.7218    -0.7228    -0.0010    -0.7265    -0.7275    -0.0010   2.796808   2.796626  -0.000155    34.2910    34.2900     7.5255    27.5678    27.5671    34.2915    27.5683    1447.42    1447.42    -0.7264  1028.3344    34.4584 0.0000e+00
      20442 313.806883  -62.15348  -58.42934     -0.783    1448.19    158.000    156.424    -0.7105    -0.7143    -0.0038    -0.7152    -0.7191    -0.0038   2.797670   2.797257  -0.000414    34.2900    34.2888     7.5268    27.5666    27.5658    34.2910    27.5674    1447.46    1447.44    -0.7151  1028.3287    34.4579 0.0000e+00
      20475 313.806899  -62.15348  -58.42934     -0.741    1448.19    157.000    155.434    -0.7065    -0.7061     0.0003    -0.7111    -0.7108     0.0003   2.797910   2.797859  -0.000058    34.2898    34.2886     7.5268    27.5662    27.5653    34.2902    27.5666    1447.46    1447.46    -0.7111  1028.3231    34.4571 0.0000e+00
      20511 313.806917  -62.15350  -58.42932     -0.679    1448.19    156.000    154.445    -0.7058    -0.7048     0.0010    -0.7105    -0.7094     0.0010   2.797938   2.797916  -0.000033    34.2903    34.2887     7.5250    27.5666    27.5653    34.2905    27.5668    1447.45    1447.45    -0.7103  1028.3185    34.4574 0.0000e+00
      20548 313.806934  -62.15350  -58.42932     -0.651    1448.19    155.000    153.455    -0.7093    -0.7078     0.0015    -0.7139    -0.7125     0.0015   2.797610   2.797627   0.000020    34.2906    34.2893     7.5369    27.5670    27.5659    34.2906    27.5670    1447.42    1447.42    -0.7138  1028.3140    34.4575 0.0000e+00
      20584 313.806952  -62.15351  -58.42931     -0.663    1448.19    154.000    152.466    -0.7129    -0.7124     0.0005    -0.7175    -0.7169     0.0005   2.797270   2.797224  -0.000049    34.2909    34.2897     7.5363    27.5675    27.5664    34.2907    27.5673    1447.38    1447.38    -0.7174  1028.3095    34.4576 0.0000e+00
