Pos-Processados/process_op42/operantar42_035.cnv
* Sea-Bird SBE 9 Data File:
* FileName = C:\Users\Hidrografia\Desktop\OPXLII\Brutos\OP42035.hdr
* Software Version Seasave V 7.26.7.107
* Temperature SN = 6502
* Conductivity SN = 4998
* Number of Bytes Per Scan = 37
* Number of Voltage Words = 4
* Number of Scans Averaged by the Deck Unit = 1
* NMEA Latitude = 62 08.15 S
* NMEA Longitude = 058 26.56 W
* NMEA UTC (Time) = Nov 09 2023 10:06:19
* NMEA baud rate = 4800
** H41
** NPOALTEMAXIMIANO
** NUMERO DA ESTACAO (XXX) 035
** LAT (XX XX.XX S/N) 62 08.14 S
** LONG (XXX XX.XX W/E) 058 26.57 W
** DATAHORA (dd/mm/aaaa hh:mm Z) 09/11/2023 1005Z
** PROFUNDIDADE (m) 424
** OPERADOR CT FABIREZA
# nquan = 30
# nvalues = 793                         
# units = specified
# name 0 = scan: Scan Count
# name 1 = timeJ: Julian Days
# name 2 = latitude: Latitude [deg]
# name 3 = longitude: Longitude [deg]
# name 4 = dz/dtM: Descent Rate [m/s]
# name 5 = avgsvCM: Average Sound Velocity [Chen-Millero, m/s]
# name 6 = prDM: Pressure, Digiquartz [db]
# name 7 = depSM: Depth [salt water, m]
# name 8 = t090C: Temperature [ITS-90, deg C]
# name 9 = t190C: Temperature, 2 [ITS-90, deg C]
# name 10 = T2-T190C: Temperature Difference, 2 - 1 [ITS-90, deg C]
# name 11 = potemp090C: Potential Temperature [ITS-90, deg C]
# name 12 = potemp190C: Potential Temperature, 2 [ITS-90, deg C]
# name 13 = potemp90Cdiff: Potential Temperature, Diff, 2 - 1 [ITS-90, deg C]
# name 14 = c0S/m: Conductivity [S/m]
# name 15 = c1S/m: Conductivity, 2 [S/m]
# name 16 = C2-C1S/m: Conductivity Difference, 2 - 1 [S/m]
# name 17 = sal00: Salinity, Practical [PSU]
# name 18 = sal11: Salinity, Practical, 2 [PSU]
# name 19 = sbeox0ML/L: Oxygen, SBE 43 [ml/l]
# name 20 = sigma-é00: Density [sigma-theta, kg/m^3]
# name 21 = sigma-é11: Density, 2 [sigma-theta, kg/m^3]
# name 22 = sal00: Salinity, Practical [PSU]
# name 23 = sigma-é00: Density [sigma-theta, kg/m^3]
# name 24 = svCM: Sound Velocity [Chen-Millero, m/s]
# name 25 = svCM1: Sound Velocity, 2 [Chen-Millero, m/s]
# name 26 = gsw_ptA0: potential temperature [ITS-90, deg C]
# name 27 = gsw_densityA0: density, TEOS-10 [density, kg/m^3]
# name 28 = gsw_saA0: Absolute Salinity [g/kg]
# name 29 = flag:
# span 0 =       1917,      25779       
# span 1 = 313.421977, 313.433485       
# span 2 =  -62.14015,  -62.13608       
# span 3 =  -58.44282,  -58.44064       
# span 4 =     -1.204,      1.172       
# span 5 =       0.00,    1455.47       
# span 6 =      2.000,    398.000       
# span 7 =      1.982,    393.798       
# span 8 =    -0.8118,    -0.5498       
# span 9 =    -0.8120,    -0.5490       
# span 10 =    -0.0113,     0.0156      
# span 11 =    -0.8189,    -0.5500      
# span 12 =    -0.8189,    -0.5492      
# span 13 =    -0.0113,     0.0156      
# span 14 =   2.793609,   2.823585      
# span 15 =   2.793581,   2.823522      
# span 16 =  -0.000959,   0.001362      
# span 17 =    34.2780,    34.3927      
# span 18 =    34.2773,    34.3917      
# span 19 =     6.7875,     7.6635      
# span 20 =    27.5521,    27.6463      
# span 21 =    27.5517,    27.6455      
# span 22 =    34.2786,    34.3928      
# span 23 =    27.5526,    27.6464      
# span 24 =    1445.60,    1451.93      
# span 25 =    1445.60,    1451.93      
# span 26 =    -0.8187,    -0.5500      
# span 27 =  1027.5651,  1029.5484      
# span 28 =    34.4413,    34.5629      
# span 29 = 0.0000e+00, 0.0000e+00      
# interval = decibars: 1                
# start_time = Nov 09 2023 10:06:19 [NMEA time, header]
# bad_flag = -9.990e-29
*END*
[from data line 49]
       3654 313.422815  -62.13636  -58.44282      0.936    1445.90     51.000     50.505    -0.5965    -0.5960     0.0006    -0.5980    -0.5975     0.0006   2.801521   2.801484  -0.000018    34.2795    34.2787     7.6139    27.5531    27.5524    34.2799    27.5535    1446.24    1446.24    -0.5980  1027.8021    34.4455 0.0000e+00
       3680 313.422827  -62.13636  -58.44282      0.954    1445.90     52.000     51.495    -0.6055    -0.6039     0.0016    -0.6070    -0.6054     0.0016   2.800873   2.800864  -0.000006    34.2818    34.2799     7.6174    27.5553    27.5537    34.2807    27.5545    1446.22    1446.22    -0.6070  1027.8079    34.4463 0.0000e+00
       3708 313.422841  -62.13637  -58.44282      0.888    1445.90     53.000     52.485    -0.6065    -0.6068    -0.0003    -0.6080    -0.6084    -0.0003   2.800782   2.800689  -0.000106    34.2801    34.2790     7.6279    27.5540    27.5531    34.2800    27.5539    1446.23    1446.22    -0.6080  1027.8122    34.4456 0.0000e+00
       3740 313.422856  -62.13638  -58.44282      0.781    1445.90     54.000     53.475    -0.5977    -0.5966     0.0011    -0.5993    -0.5982     0.0011   2.801507   2.801571   0.000083    34.2782    34.2781     7.6310    27.5521    27.5519    34.2793    27.5529    1446.28    1446.29    -0.5993  1027.8160    34.4448 0.0000e+00
       3774 313.422873  -62.13638  -58.44282      0.704    1445.90     55.000     54.465    -0.5956    -0.5940     0.0016    -0.5972    -0.5956     0.0016   2.801775   2.801855   0.000050    34.2800    34.2789     7.6271    27.5535    27.5525    34.2798    27.5533    1446.31    1446.32    -0.5972  1027.8211    34.4454 0.0000e+00
       3803 313.422887  -62.13638  -58.44282      0.765    1445.90     56.000     55.455    -0.6017    -0.6000     0.0017    -0.6034    -0.6017     0.0017   2.801325   2.801338   0.000034    34.2805    34.2790     7.6245    27.5541    27.5529    34.2801    27.5538    1446.30    1446.30    -0.6033  1027.8264    34.4457 0.0000e+00
       3828 313.422899  -62.13638  -58.44282      0.903    1445.90     57.000     56.445    -0.6051    -0.6039     0.0012    -0.6068    -0.6056     0.0012   2.801068   2.801088   0.000013    34.2801    34.2790     7.6222    27.5540    27.5530    34.2799    27.5538    1446.30    1446.30    -0.6068  1027.8312    34.4455 0.0000e+00
       3852 313.422910  -62.13638  -58.44282      0.990    1445.90     58.000     57.435    -0.6024    -0.6028    -0.0003    -0.6042    -0.6045    -0.0003   2.801348   2.801241  -0.000090    34.2795    34.2786     7.6283    27.5533    27.5526    34.2800    27.5538    1446.33    1446.32    -0.6041  1027.8360    34.4456 0.0000e+00
       3879 313.422923  -62.13640  -58.44282      0.952    1445.90     59.000     58.426    -0.5996    -0.5991     0.0005    -0.6013    -0.6008     0.0005   2.801564   2.801578   0.000004    34.2792    34.2787     7.6295    27.5530    27.5526    34.2791    27.5529    1446.35    1446.36    -0.6013  1027.8398    34.4447 0.0000e+00
       3908 313.422937  -62.13640  -58.44282      0.846    1445.90     60.000     59.416    -0.6096    -0.6101    -0.0005    -0.6114    -0.6119    -0.0005   2.800795   2.800690  -0.000096    34.2805    34.2797     7.6320    27.5545    27.5539    34.2794    27.5536    1446.32    1446.32    -0.6113  1027.8454    34.4450 0.0000e+00
       3936 313.422951  -62.13640  -58.44282      0.829    1445.90     61.000     60.406    -0.6159    -0.6154     0.0005    -0.6177    -0.6172     0.0005   2.800371   2.800338  -0.000029    34.2805    34.2795     7.6247    27.5547    27.5539    34.2802    27.5545    1446.31    1446.31    -0.6177  1027.8511    34.4458 0.0000e+00
       3962 313.422964  -62.13640  -58.44282      0.884    1445.90     62.000     61.396    -0.6133    -0.6107     0.0027    -0.6152    -0.6125     0.0027   2.800643   2.800764   0.000108    34.2806    34.2791     7.6214    27.5547    27.5533    34.2803    27.5545    1446.34    1446.35    -0.6151  1027.8559    34.4460 0.0000e+00
       3987 313.422975  -62.13642  -58.44282      0.961    1445.90     63.000     62.386    -0.6154    -0.6143     0.0011    -0.6172    -0.6162     0.0011   2.800486   2.800505   0.000019    34.2803    34.2794     7.6158    27.5546    27.5537    34.2799    27.5543    1446.35    1446.35    -0.6172  1027.8604    34.4456 0.0000e+00
       4010 313.422987  -62.13642  -58.44282      1.008    1445.90     64.000     63.376    -0.6153    -0.6149     0.0005    -0.6172    -0.6168     0.0005   2.800524   2.800503  -0.000018    34.2800    34.2793     7.6006    27.5543    27.5537    34.2797    27.5541    1446.36    1446.36    -0.6172  1027.8651    34.4454 0.0000e+00
       4034 313.422998  -62.13642  -58.44282      1.016    1445.90     65.000     64.366    -0.6176    -0.6166     0.0010    -0.6195    -0.6185     0.0010   2.800418   2.800421 -9.621e-07    34.2806    34.2795     7.5969    27.5549    27.5540    34.2802    27.5546    1446.37    1446.37    -0.6195  1027.8704    34.4459 0.0000e+00
       4058 313.423010  -62.13642  -58.44282      0.996    1445.90     66.000     65.356    -0.6201    -0.6187     0.0014    -0.6221    -0.6207     0.0014   2.800278   2.800276   0.000001    34.2812    34.2796     7.5934    27.5555    27.5541    34.2806    27.5550    1446.38    1446.38    -0.6220  1027.8756    34.4463 0.0000e+00
       4083 313.423022  -62.13642  -58.44282      0.973    1445.90     67.000     66.346    -0.6193    -0.6188     0.0005    -0.6213    -0.6208     0.0005   2.800365   2.800335  -0.000032    34.2804    34.2794     7.5972    27.5548    27.5540    34.2803    27.5547    1446.39    1446.39    -0.6212  1027.8801    34.4460 0.0000e+00
       4107 313.423033  -62.13642  -58.44282      0.987    1445.90     68.000     67.337    -0.6212    -0.6199     0.0013    -0.6233    -0.6219     0.0013   2.800263   2.800276   0.000022    34.2811    34.2799     7.6007    27.5555    27.5544    34.2805    27.5549    1446.40    1446.41    -0.6232  1027.8851    34.4462 0.0000e+00
       4131 313.423045  -62.13644  -58.44282      0.997    1445.90     69.000     68.327    -0.6248    -0.6247     0.0001    -0.6269    -0.6267     0.0001   2.800017   2.799966  -0.000060    34.2811    34.2802     7.5934    27.5557    27.5549    34.2806    27.5552    1446.40    1446.40    -0.6268  1027.8901    34.4463 0.0000e+00
       4157 313.423057  -62.13644  -58.44282      0.967    1445.90     70.000     69.317    -0.6248    -0.6241     0.0007    -0.6269    -0.6262     0.0007   2.800059   2.800044  -0.000021    34.2808    34.2797     7.6020    27.5554    27.5545    34.2805    27.5551    1446.42    1446.42    -0.6268  1027.8929    34.4439 0.0000e+00
       4184 313.423070 -9.990e-29  -58.44282      0.912    1445.90     71.000     70.307    -0.6225    -0.6215     0.0011    -0.6246    -0.6236     0.0011   2.800289   2.800301   0.000017    34.2802    34.2793     7.6057    27.5548    27.5540    34.2804    27.5550    1446.44    1446.45    -0.6246  1027.8962    34.4421 0.0000e+00
       4210 313.423083 -9.990e-29  -58.44282      0.887    1445.90     72.000     71.297    -0.6213    -0.6204     0.0009    -0.6234    -0.6225     0.0009   2.800445   2.800427  -0.000009    34.2805    34.2794     7.5999    27.5550    27.5540    34.2805    27.5549    1446.46    1446.47    -0.6234  1027.9009    34.4421 0.0000e+00
       4235 313.423095 -9.990e-29  -58.44282      0.935    1445.91     73.000     72.287    -0.6221    -0.6217     0.0004    -0.6242    -0.6238     0.0004   2.800433   2.800381  -0.000055    34.2809    34.2797     7.5933    27.5553    27.5544    34.2806    27.5551    1446.48    1446.48    -0.6242  1027.9059    34.4422 0.0000e+00
       4258 313.423106  -62.13646  -58.44282      1.012    1446.19     74.000     73.277    -0.6240    -0.6239     0.0001    -0.6262    -0.6261     0.0001   2.800308   2.800253  -0.000063    34.2809    34.2799     7.5886    27.5554    27.5546    34.2805    27.5551    1446.49    1446.48    -0.6262  1027.9128    34.4448 0.0000e+00
       4280 313.423117  -62.13646  -58.44282      1.064    1446.19     75.000     74.267    -0.6249    -0.6242     0.0007    -0.6271    -0.6264     0.0007   2.800290   2.800275  -0.000006    34.2806    34.2797     7.5956    27.5553    27.5545    34.2806    27.5552    1446.50    1446.50    -0.6271  1027.9189    34.4464 0.0000e+00
       4304 313.423128  -62.13646  -58.44282      1.047    1446.19     76.000     75.257    -0.6242    -0.6243    -0.0000    -0.6265    -0.6265    -0.0000   2.800367   2.800308  -0.000060    34.2805    34.2797     7.6001    27.5551    27.5545    34.2802    27.5549    1446.52    1446.52    -0.6264  1027.9234    34.4460 0.0000e+00
       4332 313.423142  -62.13646  -58.44282      0.926    1446.19     77.000     76.247    -0.6254    -0.6253     0.0000    -0.6277    -0.6276     0.0000   2.800348   2.800267  -0.000074    34.2809    34.2798     7.5976    27.5554    27.5546    34.2807    27.5554    1446.53    1446.53    -0.6276  1027.9286    34.4465 0.0000e+00
       4360 313.423156  -62.13646  -58.44282      0.830    1446.19     78.000     77.237    -0.6240    -0.6236     0.0004    -0.6263    -0.6259     0.0004   2.800491   2.800462  -0.000042    34.2804    34.2793     7.5997    27.5550    27.5541    34.2805    27.5551    1446.55    1446.55    -0.6263  1027.9307    34.4433 0.0000e+00
       4386 313.423168 -9.990e-29  -58.44282      0.882    1446.19     79.000     78.227    -0.6251    -0.6224     0.0027    -0.6274    -0.6247     0.0027   2.800429   2.800579   0.000149    34.2806    34.2796     7.6061    27.5552    27.5543    34.2802    27.5549    1446.56    1446.57    -0.6274  1027.9344    34.4418 0.0000e+00
       4409 313.423179 -9.990e-29  -58.44282      0.989    1446.19     80.000     79.217    -0.6261    -0.6254     0.0007    -0.6285    -0.6278     0.0007   2.800422   2.800397  -0.000020    34.2808    34.2797     7.6016    27.5554    27.5545    34.2807    27.5554    1446.57    1446.57    -0.6284  1027.9396    34.4424 0.0000e+00
       4431 313.423189 -9.990e-29  -58.44282      1.079    1446.19     81.000     80.207    -0.6259    -0.6245     0.0014    -0.6283    -0.6270     0.0014   2.800520   2.800538   0.000021    34.2809    34.2795     7.6004    27.5555    27.5544    34.2812    27.5557    1446.59    1446.60    -0.6283  1027.9447    34.4428 0.0000e+00
       4453 313.423200  -62.13648  -58.44282      1.103    1446.19     82.000     81.197    -0.6208    -0.6204     0.0004    -0.6233    -0.6229     0.0004   2.800952   2.800911  -0.000043    34.2803    34.2793     7.5930    27.5548    27.5540    34.2806    27.5551    1446.63    1446.63    -0.6232  1027.9503    34.4441 0.0000e+00
       4478 313.423212  -62.13648  -58.44282      1.024    1446.19     83.000     82.187    -0.6206    -0.6198     0.0008    -0.6231    -0.6222     0.0008   2.801023   2.800992  -0.000032    34.2807    34.2794     7.5929    27.5551    27.5540    34.2807    27.5551    1446.65    1446.65    -0.6230  1027.9571    34.4466 0.0000e+00
       4507 313.423226  -62.13649  -58.44282      0.869    1446.19     84.000     83.177    -0.6217    -0.6206     0.0011    -0.6243    -0.6231     0.0011   2.800963   2.800975   0.000009    34.2806    34.2795     7.5981    27.5551    27.5541    34.2806    27.5551    1446.66    1446.66    -0.6242  1027.9619    34.4465 0.0000e+00
       4536 313.423240  -62.13650  -58.44282      0.807    1446.19     85.000     84.167    -0.6222    -0.6214     0.0008    -0.6247    -0.6240     0.0008   2.800994   2.800965  -0.000023    34.2807    34.2796     7.6041    27.5552    27.5543    34.2808    27.5553    1446.67    1446.68    -0.6247  1027.9669    34.4468 0.0000e+00
       4563 313.423253  -62.13650  -58.44282      0.871    1446.19     86.000     85.157    -0.6222    -0.6211     0.0011    -0.6247    -0.6237     0.0011   2.800994   2.801030   0.000023    34.2805    34.2795     7.6037    27.5550    27.5542    34.2803    27.5549    1446.69    1446.69    -0.6247  1027.9712    34.4462 0.0000e+00
       4586 313.423265  -62.13650  -58.44282      0.961    1446.19     87.000     86.147    -0.6284    -0.6264     0.0020    -0.6310    -0.6290     0.0020   2.800609   2.800663   0.000056    34.2819    34.2804     7.6009    27.5565    27.5552    34.2814    27.5561    1446.68    1446.69    -0.6309  1027.9773    34.4474 0.0000e+00
       4609 313.423276  -62.13650  -58.44282      1.028    1446.19     88.000     87.137    -0.6285    -0.6277     0.0008    -0.6311    -0.6303     0.0008   2.800608   2.800603  -0.000008    34.2812    34.2802     7.5990    27.5559    27.5550    34.2810    27.5557    1446.69    1446.69    -0.6311  1027.9817    34.4470 0.0000e+00
       4632 313.423286  -62.13650  -58.44282      1.064    1446.19     89.000     88.127    -0.6265    -0.6256     0.0009    -0.6292    -0.6282     0.0009   2.800834   2.800824   0.000005    34.2809    34.2799     7.5930    27.5555    27.5547    34.2811    27.5558    1446.72    1446.72    -0.6291  1027.9865    34.4472 0.0000e+00
       4655 313.423298  -62.13651  -58.44282      1.052    1446.19     90.000     89.117    -0.6265    -0.6256     0.0010    -0.6292    -0.6283     0.0010   2.800854   2.800859   0.000003    34.2809    34.2799     7.5883    27.5556    27.5547    34.2808    27.5555    1446.73    1446.74    -0.6291  1027.9910    34.4469 0.0000e+00
       4681 313.423310  -62.13652  -58.44282      0.971    1446.19     91.000     90.107    -0.6287    -0.6273     0.0013    -0.6314    -0.6301     0.0013   2.800753   2.800769   0.000013    34.2815    34.2801     7.5853    27.5561    27.5550    34.2812    27.5559    1446.74    1446.74    -0.6313  1027.9963    34.4473 0.0000e+00
       4709 313.423324  -62.13652  -58.44282      0.872    1446.19     92.000     91.097    -0.6305    -0.6291     0.0014    -0.6332    -0.6318     0.0014   2.800657   2.800685   0.000029    34.2816    34.2804     7.5800    27.5563    27.5552    34.2814    27.5562    1446.75    1446.75    -0.6332  1028.0013    34.4475 0.0000e+00
       4736 313.423337  -62.13652  -58.44282      0.869    1446.19     93.000     92.087    -0.6308    -0.6297     0.0011    -0.6336    -0.6325     0.0011   2.800694   2.800695 1.8044e-07    34.2819    34.2806     7.5783    27.5565    27.5555    34.2816    27.5564    1446.76    1446.77    -0.6335  1028.0063    34.4478 0.0000e+00
       4760 313.423348  -62.13654  -58.44282      0.944    1446.19     94.000     93.077    -0.6327    -0.6308     0.0019    -0.6355    -0.6336     0.0019   2.800632   2.800690   0.000053    34.2825    34.2810     7.5901    27.5571    27.5559    34.2823    27.5570    1446.77    1446.78    -0.6354  1028.0091    34.4451 0.0000e+00
       4782 313.423359 -9.990e-29  -58.44282      1.034    1446.19     95.000     94.067    -0.6322    -0.6314     0.0007    -0.6350    -0.6343     0.0007   2.800719   2.800703  -0.000009    34.2822    34.2813     7.5896    27.5569    27.5561    34.2823    27.5569    1446.79    1446.79    -0.6350  1028.0129    34.4439 0.0000e+00
       4804 313.423370 -9.990e-29  -58.44282      1.090    1446.19     96.000     95.057    -0.6270    -0.6273    -0.0003    -0.6299    -0.6302    -0.0003   2.801144   2.801067  -0.000077    34.2812    34.2805     7.5932    27.5558    27.5553    34.2816    27.5561    1446.83    1446.83    -0.6298  1028.0168    34.4432 0.0000e+00
       4828 313.423381 -9.990e-29  -58.44282      1.051    1446.19     97.000     96.047    -0.6283    -0.6278     0.0005    -0.6312    -0.6307     0.0005   2.801071   2.801039  -0.000030    34.2816    34.2806     7.5847    27.5563    27.5554    34.2814    27.5561    1446.84    1446.84    -0.6311  1028.0215    34.4431 0.0000e+00
