Pos-Processados/process_op42/operantar42_031.cnv
* Sea-Bird SBE 9 Data File:
* FileName = C:\Users\Hidrografia\Desktop\OPXLII\Brutos\OP42031.hdr
* Software Version Seasave V 7.26.7.107
* Temperature SN = 6502
* Conductivity SN = 4998
* Number of Bytes Per Scan = 37
* Number of Voltage Words = 4
* Number of Scans Averaged by the Deck Unit = 1
* NMEA Latitude = 62 08.51 S
* NMEA Longitude = 058 26.69 W
* NMEA UTC (Time) = Nov 09 2023 06:07:33
* NMEA baud rate = 4800
** H41
** NPOALTEMAXIMIANO
** NUMERO DA ESTACAO (XXX) 031
** LAT (XX XX.XX S/N) 62 08.5 S
** LONG (XXX XX.XX W/E) 058 26.7 W
** DATAHORA (dd/mm/aaaa hh:mm Z) 09/11/2023 0606Z
** PROFUNDIDADE (m) 410
** OPERADOR CT FILIPE LOPES
# nquan = 30
# nvalues = 738                         
# units = specified
# name 0 = scan: Scan Count
# name 1 = timeJ: Julian Days
# name 2 = latitude: Latitude [deg]
# name 3 = longitude: Longitude [deg]
# name 4 = dz/dtM: Descent Rate [m/s]
# name 5 = avgsvCM: Average Sound Velocity [Chen-Millero, m/s]
# name 6 = prDM: Pressure, Digiquartz [db]
# name 7 = depSM: Depth [salt water, m]
# name 8 = t090C: Temperature [ITS-90, deg C]
# name 9 = t190C: Temperature, 2 [ITS-90, deg C]
# name 10 = T2-T190C: Temperature Difference, 2 - 1 [ITS-90, deg C]
# name 11 = potemp090C: Potential Temperature [ITS-90, deg C]
# name 12 = potemp190C: Potential Temperature, 2 [ITS-90, deg C]
# name 13 = potemp90Cdiff: Potential Temperature, Diff, 2 - 1 [ITS-90, deg C]
# name 14 = c0S/m: Conductivity [S/m]
# name 15 = c1S/m: Conductivity, 2 [S/m]
# name 16 = C2-C1S/m: Conductivity Difference, 2 - 1 [S/m]
# name 17 = sal00: Salinity, Practical [PSU]
# name 18 = sal11: Salinity, Practical, 2 [PSU]
# name 19 = sbeox0ML/L: Oxygen, SBE 43 [ml/l]
# name 20 = sigma-é00: Density [sigma-theta, kg/m^3]
# name 21 = sigma-é11: Density, 2 [sigma-theta, kg/m^3]
# name 22 = sal00: Salinity, Practical [PSU]
# name 23 = sigma-é00: Density [sigma-theta, kg/m^3]
# name 24 = svCM: Sound Velocity [Chen-Millero, m/s]
# name 25 = svCM1: Sound Velocity, 2 [Chen-Millero, m/s]
# name 26 = gsw_ptA0: potential temperature [ITS-90, deg C]
# name 27 = gsw_densityA0: density, TEOS-10 [density, kg/m^3]
# name 28 = gsw_saA0: Absolute Salinity [g/kg]
# name 29 = flag:
# span 0 =       6615,      29481       
# span 1 = 313.258433, 313.269460       
# span 2 =  -62.14393,  -62.14281       
# span 3 =  -58.44361,  -58.43559       
# span 4 =     -0.984,      1.082       
# span 5 =       0.00,    1448.56       
# span 6 =      3.000,    372.000       
# span 7 =      2.972,    368.104       
# span 8 =    -0.8357,    -0.5432       
# span 9 =    -0.8349,    -0.5425       
# span 10 =    -0.0134,     0.0096      
# span 11 =    -0.8432,    -0.5452      
# span 12 =    -0.8424,    -0.5445      
# span 13 =    -0.0134,     0.0096      
# span 14 =   2.792248,   2.825564      
# span 15 =   2.792227,   2.825246      
# span 16 =  -0.001104,   0.001010      
# span 17 =    34.2818,    34.4000      
# span 18 =    34.2821,    34.3945      
# span 19 =     6.7252,     7.6536      
# span 20 =    27.5533,    27.6508      
# span 21 =    27.5529,    27.6463      
# span 22 =    34.2825,    34.3998      
# span 23 =    27.5533,    27.6506      
# span 24 =    1445.68,    1451.65      
# span 25 =    1445.69,    1451.66      
# span 26 =    -0.8430,    -0.5452      
# span 27 =  1027.5737,  1029.4298      
# span 28 =    34.4442,    34.5680      
# span 29 = 0.0000e+00, 0.0000e+00      
# interval = decibars: 1                
# start_time = Nov 09 2023 06:07:33 [NMEA time, header]
# bad_flag = -9.990e-29
*END*
[from data line 242]
      13665 313.261832  -62.14350  -58.44154      0.807    1447.01    246.000    243.495    -0.8332    -0.8325     0.0007    -0.8405    -0.8398     0.0007   2.792915   2.792910  -0.000007    34.3117    34.3108     7.4331    27.5893    27.5886    34.3116    27.5893    1448.34    1448.35    -0.8403  1028.7715    34.4790 0.0000e+00
      13694 313.261847  -62.14351  -58.44153      0.805    1447.01    247.000    244.484    -0.8334    -0.8326     0.0008    -0.8407    -0.8399     0.0008   2.792983   2.792966  -0.000015    34.3123    34.3111     7.4375    27.5898    27.5888    34.3122    27.5897    1448.36    1448.36    -0.8405  1028.7767    34.4796 0.0000e+00
      13724 313.261861  -62.14352  -58.44152      0.817    1447.01    248.000    245.473    -0.8340    -0.8330     0.0010    -0.8414    -0.8404     0.0010   2.793000   2.792998  -0.000003    34.3126    34.3114     7.4335    27.5901    27.5890    34.3125    27.5900    1448.37    1448.38    -0.8412  1028.7818    34.4799 0.0000e+00
      13753 313.261875  -62.14352  -58.44152      0.816    1447.01    249.000    246.462    -0.8345    -0.8337     0.0008    -0.8419    -0.8410     0.0008   2.793033   2.793028  -0.000004    34.3129    34.3119     7.4312    27.5903    27.5895    34.3128    27.5903    1448.39    1448.39    -0.8417  1028.7869    34.4803 0.0000e+00
      13783 313.261890  -62.14352  -58.44150      0.803    1447.01    250.000    247.452    -0.8351    -0.8342     0.0009    -0.8425    -0.8416     0.0009   2.793055   2.793046  -0.000006    34.3133    34.3122     7.4371    27.5907    27.5898    34.3132    27.5906    1448.40    1448.41    -0.8423  1028.7920    34.4807 0.0000e+00
      13814 313.261904  -62.14352  -58.44150      0.787    1447.01    251.000    248.441    -0.8353    -0.8345     0.0008    -0.8427    -0.8419     0.0008   2.793100   2.793090  -0.000009    34.3135    34.3125     7.4410    27.5908    27.5900    34.3134    27.5908    1448.42    1448.42    -0.8426  1028.7969    34.4809 0.0000e+00
      13844 313.261919  -62.14352  -58.44149      0.779    1447.01    252.000    249.430    -0.8356    -0.8348     0.0008    -0.8431    -0.8423     0.0008   2.793129   2.793118  -0.000011    34.3136    34.3125     7.4334    27.5909    27.5900    34.3136    27.5909    1448.43    1448.44    -0.8429  1028.8018    34.4810 0.0000e+00
      13873 313.261933  -62.14352  -58.44148      0.820    1447.01    253.000    250.419    -0.8357    -0.8348     0.0009    -0.8432    -0.8424     0.0009   2.793165   2.793161  -0.000005    34.3136    34.3126     7.4244    27.5909    27.5901    34.3135    27.5909    1448.45    1448.45    -0.8430  1028.8066    34.4810 0.0000e+00
      13901 313.261946  -62.14352  -58.44146      0.854    1447.01    254.000    251.409    -0.8357    -0.8349     0.0008    -0.8432    -0.8424     0.0008   2.793205   2.793202  -0.000001    34.3135    34.3125     7.4298    27.5908    27.5901    34.3134    27.5908    1448.47    1448.47    -0.8430  1028.8113    34.4809 0.0000e+00
      13929 313.261960  -62.14352  -58.44146      0.856    1447.01    255.000    252.397    -0.8356    -0.8348     0.0008    -0.8432    -0.8424     0.0008   2.793263   2.793264 -8.329e-07    34.3136    34.3126     7.4236    27.5909    27.5901    34.3136    27.5909    1448.48    1448.48    -0.8430  1028.8161    34.4810 0.0000e+00
      13959 313.261974  -62.14354  -58.44145      0.822    1447.01    256.000    253.387    -0.8354    -0.8346     0.0008    -0.8430    -0.8422     0.0008   2.793329   2.793318  -0.000012    34.3136    34.3126     7.4198    27.5909    27.5901    34.3136    27.5909    1448.50    1448.50    -0.8428  1028.8209    34.4811 0.0000e+00
      13989 313.261989  -62.14354  -58.44144      0.795    1447.01    257.000    254.376    -0.8353    -0.8345     0.0008    -0.8429    -0.8422     0.0008   2.793384   2.793380  -0.000005    34.3136    34.3126     7.4175    27.5909    27.5901    34.3136    27.5910    1448.52    1448.52    -0.8427  1028.8257    34.4811 0.0000e+00
      14018 313.262003  -62.14354  -58.44142      0.815    1447.01    258.000    255.365    -0.8352    -0.8343     0.0009    -0.8429    -0.8420     0.0009   2.793435   2.793441   0.000006    34.3136    34.3126     7.4179    27.5909    27.5901    34.3136    27.5910    1448.53    1448.54    -0.8427  1028.8305    34.4811 0.0000e+00
      14046 313.262016  -62.14354  -58.44142      0.854    1447.01    259.000    256.354    -0.8348    -0.8340     0.0008    -0.8425    -0.8417     0.0008   2.793524   2.793511  -0.000010    34.3136    34.3126     7.4216    27.5909    27.5901    34.3137    27.5910    1448.55    1448.55    -0.8423  1028.8353    34.4812 0.0000e+00
      14072 313.262029  -62.14354  -58.44142      0.892    1447.01    260.000    257.343    -0.8268    -0.8276    -0.0009    -0.8345    -0.8354    -0.0009   2.794340   2.794235  -0.000104    34.3137    34.3133     7.4226    27.5907    27.5904    34.3150    27.5918    1448.61    1448.60    -0.8343  1028.8407    34.4825 0.0000e+00
      14100 313.262042  -62.14354  -58.44140      0.880    1447.01    261.000    258.332    -0.8225    -0.8220     0.0006    -0.8303    -0.8298     0.0006   2.794824   2.794819  -0.000015    34.3159    34.3151     7.4111    27.5923    27.5916    34.3162    27.5925    1448.65    1448.65    -0.8301  1028.8462    34.4837 0.0000e+00
      14129 313.262056  -62.14354  -58.44139      0.841    1447.01    262.000    259.322    -0.8250    -0.8233     0.0018    -0.8329    -0.8311     0.0018   2.794682   2.794736   0.000057    34.3163    34.3150     7.4150    27.5927    27.5916    34.3165    27.5929    1448.65    1448.65    -0.8326  1028.8514    34.4840 0.0000e+00
      14158 313.262070  -62.14355  -58.44138      0.829    1447.01    263.000    260.311    -0.8253    -0.8244     0.0009    -0.8331    -0.8322     0.0009   2.794705   2.794698  -0.000006    34.3161    34.3151     7.4127    27.5926    27.5917    34.3164    27.5928    1448.66    1448.67    -0.8330  1028.8561    34.4839 0.0000e+00
      14186 313.262084  -62.14356  -58.44136      0.853    1447.01    264.000    261.300    -0.8231    -0.8223     0.0008    -0.8310    -0.8302     0.0008   2.794898   2.794906   0.000004    34.3158    34.3149     7.4030    27.5922    27.5914    34.3160    27.5924    1448.69    1448.70    -0.8308  1028.8604    34.4835 0.0000e+00
      14213 313.262097  -62.14356  -58.44136      0.876    1447.01    265.000    262.289    -0.8239    -0.8230     0.0009    -0.8318    -0.8309     0.0009   2.794893   2.794900   0.000011    34.3160    34.3152     7.4005    27.5925    27.5918    34.3162    27.5926    1448.70    1448.71    -0.8316  1028.8654    34.4838 0.0000e+00
      14241 313.262110  -62.14356  -58.44136      0.870    1447.01    266.000    263.279    -0.8246    -0.8228     0.0018    -0.8326    -0.8308     0.0018   2.794914   2.794989   0.000058    34.3164    34.3151     7.3917    27.5928    27.5917    34.3167    27.5930    1448.72    1448.72    -0.8324  1028.8706    34.4842 0.0000e+00
      14270 313.262124  -62.14356  -58.44134      0.843    1447.01    267.000    264.267    -0.8183    -0.8174     0.0009    -0.8263    -0.8254     0.0009   2.795483   2.795493   0.000022    34.3158    34.3152     7.3913    27.5921    27.5915    34.3165    27.5927    1448.76    1448.77    -0.8261  1028.8749    34.4841 0.0000e+00
      14299 313.262138  -62.14356  -58.44133      0.826    1447.01    268.000    265.256    -0.8164    -0.8155     0.0008    -0.8244    -0.8236     0.0008   2.795738   2.795745   0.000003    34.3168    34.3159     7.4001    27.5928    27.5920    34.3172    27.5931    1448.79    1448.79    -0.8242  1028.8802    34.4848 0.0000e+00
      14327 313.262152  -62.14356  -58.44132      0.835    1447.01    269.000    266.246    -0.8161    -0.8154     0.0007    -0.8242    -0.8235     0.0007   2.795819   2.795819 -3.424e-07    34.3171    34.3163     7.3993    27.5931    27.5924    34.3174    27.5933    1448.81    1448.81    -0.8240  1028.8851    34.4850 0.0000e+00
      14354 313.262165  -62.14356  -58.44132      0.869    1447.01    270.000    267.235    -0.8154    -0.8142     0.0011    -0.8235    -0.8223     0.0011   2.795943   2.795980   0.000046    34.3171    34.3164     7.3902    27.5930    27.5924    34.3177    27.5934    1448.83    1448.83    -0.8233  1028.8900    34.4852 0.0000e+00
      14381 313.262178  -62.14356  -58.44130      0.892    1447.01    271.000    268.224    -0.8119    -0.8114     0.0005    -0.8201    -0.8196     0.0005   2.796260   2.796247  -0.000019    34.3169    34.3161     7.3850    27.5927    27.5920    34.3174    27.5931    1448.86    1448.86    -0.8199  1028.8944    34.4850 0.0000e+00
      14409 313.262191  -62.14358  -58.44130      0.882    1447.01    272.000    269.213    -0.8099    -0.8102    -0.0003    -0.8181    -0.8185    -0.0003   2.796513   2.796424  -0.000083    34.3174    34.3166     7.3925    27.5930    27.5924    34.3180    27.5935    1448.89    1448.88    -0.8179  1028.8996    34.4856 0.0000e+00
      14438 313.262206  -62.14358  -58.44128      0.830    1447.28    273.000    270.202    -0.8042    -0.8047    -0.0005    -0.8124    -0.8129    -0.0005   2.797093   2.797008  -0.000081    34.3177    34.3171     7.3859    27.5930    27.5926    34.3187    27.5939    1448.93    1448.93    -0.8122  1028.9046    34.4863 0.0000e+00
      14469 313.262220  -62.14358  -58.44127      0.786    1447.29    274.000    271.191    -0.8001    -0.7994     0.0007    -0.8084    -0.8077     0.0007   2.797566   2.797554  -0.000018    34.3192    34.3181     7.3847    27.5941    27.5932    34.3199    27.5946    1448.97    1448.97    -0.8082  1028.9101    34.4874 0.0000e+00
      14498 313.262234  -62.14358  -58.44126      0.806    1447.29    275.000    272.180    -0.7994    -0.7988     0.0006    -0.8077    -0.8071     0.0006   2.797710   2.797687  -0.000021    34.3197    34.3187     7.3762    27.5945    27.5937    34.3203    27.5950    1448.99    1448.99    -0.8075  1028.9152    34.4879 0.0000e+00
      14525 313.262247  -62.14358  -58.44124      0.871    1447.29    276.000    273.170    -0.7983    -0.7975     0.0007    -0.8067    -0.8059     0.0007   2.797869   2.797860  -0.000013    34.3201    34.3191     7.3669    27.5947    27.5939    34.3206    27.5952    1449.01    1449.01    -0.8064  1028.9202    34.4882 0.0000e+00
      14550 313.262259  -62.14358  -58.44124      0.931    1447.29    277.000    274.158    -0.7972    -0.7966     0.0006    -0.8056    -0.8050     0.0006   2.798033   2.797996  -0.000034    34.3205    34.3193     7.3584    27.5950    27.5940    34.3211    27.5955    1449.03    1449.03    -0.8054  1028.9252    34.4887 0.0000e+00
      14576 313.262272  -62.14358  -58.44124      0.946    1447.29    278.000    275.147    -0.7930    -0.7932    -0.0002    -0.8014    -0.8016    -0.0002   2.798424   2.798359  -0.000066    34.3200    34.3193     7.3599    27.5944    27.5939    34.3210    27.5952    1449.07    1449.06    -0.8012  1028.9297    34.4886 0.0000e+00
      14604 313.262286  -62.14358  -58.44122      0.878    1447.29    279.000    276.137    -0.7888    -0.7879     0.0009    -0.7973    -0.7964     0.0009   2.798833   2.798872   0.000035    34.3204    34.3198     7.3589    27.5946    27.5941    34.3211    27.5952    1449.10    1449.11    -0.7971  1028.9344    34.4887 0.0000e+00
      14634 313.262300  -62.14358  -58.44122      0.808    1447.29    280.000    277.126    -0.7880    -0.7878     0.0003    -0.7965    -0.7963     0.0003   2.798982   2.798950  -0.000031    34.3210    34.3202     7.3619    27.5950    27.5944    34.3216    27.5955    1449.12    1449.12    -0.7963  1028.9395    34.4892 0.0000e+00
      14664 313.262314  -62.14358  -58.44121      0.799    1447.29    281.000    278.115    -0.7882    -0.7875     0.0007    -0.7967    -0.7960     0.0007   2.799002   2.799003   0.000010    34.3210    34.3203     7.3553    27.5951    27.5945    34.3214    27.5954    1449.14    1449.14    -0.7965  1028.9441    34.4890 0.0000e+00
      14693 313.262328  -62.14358  -58.44120      0.819    1447.29    282.000    279.104    -0.7856    -0.7845     0.0010    -0.7941    -0.7931     0.0010   2.799301   2.799331   0.000015    34.3213    34.3203     7.3353    27.5952    27.5944    34.3219    27.5957    1449.17    1449.17    -0.7940  1028.9492    34.4895 0.0000e+00
      14721 313.262342  -62.14358  -58.44118      0.845    1447.29    283.000    280.093    -0.7851    -0.7844     0.0008    -0.7937    -0.7930     0.0008   2.799429   2.799374  -0.000046    34.3220    34.3205     7.3350    27.5958    27.5945    34.3225    27.5962    1449.19    1449.19    -0.7935  1028.9526    34.4879 0.0000e+00
      14749 313.262356 -9.990e-29  -58.44117      0.850    1447.29    284.000    281.082    -0.7801    -0.7801     0.0000    -0.7888    -0.7888     0.0000   2.799935   2.799864  -0.000072    34.3216    34.3206     7.3330    27.5953    27.5944    34.3231    27.5964    1449.23    1449.23    -0.7886  1028.9547    34.4850 0.0000e+00
      14777 313.262369 -9.990e-29  -58.44116      0.859    1447.29    285.000    282.071    -0.7691    -0.7683     0.0007    -0.7778    -0.7770     0.0007   2.800965   2.800948  -0.000021    34.3227    34.3216     7.3356    27.5957    27.5947    34.3239    27.5966    1449.30    1449.30    -0.7776  1028.9595    34.4857 0.0000e+00
      14805 313.262382 -9.990e-29  -58.44115      0.874    1447.29    286.000    283.060    -0.7659    -0.7650     0.0009    -0.7747    -0.7738     0.0009   2.801312   2.801319   0.000004    34.3235    34.3225     7.3427    27.5961    27.5953    34.3244    27.5969    1449.33    1449.33    -0.7745  1028.9646    34.4862 0.0000e+00
      14832 313.262395  -62.14360  -58.44114      0.879    1447.29    287.000    284.049    -0.7670    -0.7665     0.0005    -0.7758    -0.7753     0.0005   2.801295   2.801234  -0.000050    34.3241    34.3228     7.3299    27.5967    27.5956    34.3247    27.5972    1449.34    1449.34    -0.7756  1028.9733    34.4911 0.0000e+00
      14860 313.262409  -62.14360  -58.44112      0.859    1447.29    288.000    285.038    -0.7683    -0.7673     0.0010    -0.7771    -0.7761     0.0010   2.801230   2.801206  -0.000023    34.3243    34.3229     7.3262    27.5969    27.5957    34.3247    27.5973    1449.35    1449.36    -0.7769  1028.9792    34.4924 0.0000e+00
      14889 313.262423  -62.14360  -58.44112      0.849    1447.29    289.000    286.028    -0.7677    -0.7670     0.0006    -0.7765    -0.7759     0.0006   2.801329   2.801288  -0.000041    34.3240    34.3227     7.3318    27.5967    27.5956    34.3248    27.5973    1449.37    1449.37    -0.7763  1028.9839    34.4924 0.0000e+00
      14917 313.262436  -62.14360  -58.44111      0.846    1447.29    290.000    287.016    -0.7577    -0.7580    -0.0003    -0.7666    -0.7669    -0.0003   2.802279   2.802228  -0.000053    34.3240    34.3236     7.3222    27.5962    27.5959    34.3257    27.5976    1449.43    1449.43    -0.7664  1028.9889    34.4934 0.0000e+00
      14945 313.262450  -62.14360  -58.44110      0.854    1447.29    291.000    288.005    -0.7473    -0.7476    -0.0003    -0.7563    -0.7565    -0.0003   2.803338   2.803250  -0.000088    34.3262    34.3253     7.3096    27.5976    27.5969    34.3276    27.5987    1449.50    1449.50    -0.7561  1028.9947    34.4953 0.0000e+00
      14973 313.262463  -62.14360  -58.44109      0.848    1447.29    292.000    288.994    -0.7406    -0.7411    -0.0005    -0.7497    -0.7502    -0.0005   2.803998   2.803909  -0.000088    34.3269    34.3263     7.3016    27.5979    27.5974    34.3283    27.5991    1449.55    1449.55    -0.7494  1028.9997    34.4960 0.0000e+00
      15002 313.262477  -62.14361  -58.44108      0.848    1447.29    293.000    289.983    -0.7345    -0.7349    -0.0003    -0.7436    -0.7439    -0.0003   2.804716   2.804599  -0.000114    34.3284    34.3272     7.2998    27.5988    27.5979    34.3305    27.6005    1449.60    1449.60    -0.7434  1029.0059    34.4982 0.0000e+00
