Pos-Processados/process_op42/operantar42_038.cnv
* Sea-Bird SBE 9 Data File:
* FileName = C:\Users\Hidrografia\Desktop\OPXLII\Brutos\OP42038.hdr
* Software Version Seasave V 7.26.7.107
* Temperature SN = 6502
* Conductivity SN = 4998
* Number of Bytes Per Scan = 37
* Number of Voltage Words = 4
* Number of Scans Averaged by the Deck Unit = 1
* NMEA Latitude = 62 08.57 S
* NMEA Longitude = 058 26.33 W
* NMEA UTC (Time) = Nov 09 2023 13:11:55
* NMEA baud rate = 4800
** H41
** NPOALTEMAXIMIANO
** NUMERO DA ESTACAO (XXX) 038
** LAT (XX XX.XX S/N) 62 08.14 S
** LONG (XXX XX.XX W/E) 058 26.57 W
** DATAHORA (dd/mm/aaaa hh:mm Z) 09/11/2023 1305Z
** PROFUNDIDADE (m) 400
** OPERADOR 1T ZAMITH
# nquan = 30
# nvalues = 691                         
# units = specified
# name 0 = scan: Scan Count
# name 1 = timeJ: Julian Days
# name 2 = latitude: Latitude [deg]
# name 3 = longitude: Longitude [deg]
# name 4 = dz/dtM: Descent Rate [m/s]
# name 5 = avgsvCM: Average Sound Velocity [Chen-Millero, m/s]
# name 6 = prDM: Pressure, Digiquartz [db]
# name 7 = depSM: Depth [salt water, m]
# name 8 = t090C: Temperature [ITS-90, deg C]
# name 9 = t190C: Temperature, 2 [ITS-90, deg C]
# name 10 = T2-T190C: Temperature Difference, 2 - 1 [ITS-90, deg C]
# name 11 = potemp090C: Potential Temperature [ITS-90, deg C]
# name 12 = potemp190C: Potential Temperature, 2 [ITS-90, deg C]
# name 13 = potemp90Cdiff: Potential Temperature, Diff, 2 - 1 [ITS-90, deg C]
# name 14 = c0S/m: Conductivity [S/m]
# name 15 = c1S/m: Conductivity, 2 [S/m]
# name 16 = C2-C1S/m: Conductivity Difference, 2 - 1 [S/m]
# name 17 = sal00: Salinity, Practical [PSU]
# name 18 = sal11: Salinity, Practical, 2 [PSU]
# name 19 = sbeox0ML/L: Oxygen, SBE 43 [ml/l]
# name 20 = sigma-é00: Density [sigma-theta, kg/m^3]
# name 21 = sigma-é11: Density, 2 [sigma-theta, kg/m^3]
# name 22 = sal00: Salinity, Practical [PSU]
# name 23 = sigma-é00: Density [sigma-theta, kg/m^3]
# name 24 = svCM: Sound Velocity [Chen-Millero, m/s]
# name 25 = svCM1: Sound Velocity, 2 [Chen-Millero, m/s]
# name 26 = gsw_ptA0: potential temperature [ITS-90, deg C]
# name 27 = gsw_densityA0: density, TEOS-10 [density, kg/m^3]
# name 28 = gsw_saA0: Absolute Salinity [g/kg]
# name 29 = flag:
# span 0 =       3086,      22359       
# span 1 = 313.551430, 313.560724       
# span 2 =  -62.14691,  -62.14341       
# span 3 =  -58.43813,  -58.43374       
# span 4 =     -1.323,      1.195       
# span 5 =       0.00,    1450.09       
# span 6 =      4.000,    349.000       
# span 7 =      3.951,    345.349       
# span 8 =    -0.8266,    -0.5173       
# span 9 =    -0.8258,    -0.5183       
# span 10 =    -0.0095,     0.0072      
# span 11 =    -0.8317,    -0.5289      
# span 12 =    -0.8308,    -0.5298      
# span 13 =    -0.0095,     0.0071      
# span 14 =   2.789924,   2.830524      
# span 15 =   2.789907,   2.830322      
# span 16 =  -0.000880,   0.000633      
# span 17 =    34.2804,    34.4003      
# span 18 =    34.2786,    34.3991      
# span 19 =     6.6977,     7.7359      
# span 20 =    27.5518,    27.6478      
# span 21 =    27.5507,    27.6469      
# span 22 =    34.2806,    34.4005      
# span 23 =    27.5520,    27.6483      
# span 24 =    1445.68,    1451.58      
# span 25 =    1445.68,    1451.58      
# span 26 =    -0.8315,    -0.5286      
# span 27 =  1027.5749,  1029.3167      
# span 28 =    34.4431,    34.5686      
# span 29 = 0.0000e+00, 0.0000e+00      
# interval = decibars: 1                
# start_time = Nov 09 2023 13:11:55 [NMEA time, header]
# bad_flag = -9.990e-29
*END*
[from data line 146]
       7345 313.553484  -62.14420  -58.43709      0.909    1446.45    150.000    148.507    -0.7826    -0.7818     0.0007    -0.7869    -0.7862     0.0007   2.792175   2.792173  -0.000001    34.3035    34.3027     7.4770    27.5805    27.5798    34.3034    27.5804    1447.01    1447.01    -0.7869  1028.3038    34.4703 0.0000e+00
       7371 313.553496  -62.14420  -58.43708      0.917    1446.45    151.000    149.497    -0.7833    -0.7822     0.0010    -0.7877    -0.7866     0.0010   2.792175   2.792186   0.000010    34.3037    34.3027     7.4765    27.5807    27.5798    34.3035    27.5805    1447.02    1447.03    -0.7876  1028.3088    34.4704 0.0000e+00
       7396 313.553508  -62.14422  -58.43708      0.950    1446.45    152.000    150.486    -0.7840    -0.7831     0.0009    -0.7884    -0.7876     0.0009   2.792162   2.792167   0.000008    34.3037    34.3028     7.4745    27.5807    27.5799    34.3035    27.5806    1447.04    1447.04    -0.7883  1028.3135    34.4704 0.0000e+00
       7420 313.553520  -62.14422  -58.43706      0.983    1446.45    153.000    151.476    -0.7843    -0.7835     0.0008    -0.7888    -0.7879     0.0008   2.792188   2.792183  -0.000006    34.3038    34.3027     7.4736    27.5808    27.5799    34.3037    27.5807    1447.05    1447.05    -0.7887  1028.3185    34.4706 0.0000e+00
       7445 313.553532  -62.14422  -58.43706      0.986    1446.45    154.000    152.466    -0.7842    -0.7832     0.0009    -0.7887    -0.7877     0.0009   2.792249   2.792250 9.0849e-07    34.3038    34.3028     7.4748    27.5808    27.5799    34.3037    27.5807    1447.07    1447.07    -0.7886  1028.3233    34.4706 0.0000e+00
       7470 313.553544  -62.14422  -58.43706      0.968    1446.45    155.000    153.455    -0.7857    -0.7845     0.0011    -0.7902    -0.7891     0.0011   2.792187   2.792194   0.000008    34.3042    34.3030     7.4832    27.5812    27.5802    34.3039    27.5810    1447.07    1447.08    -0.7901  1028.3283    34.4709 0.0000e+00
       7496 313.553556  -62.14424  -58.43704      0.938    1446.45    156.000    154.445    -0.7905    -0.7881     0.0024    -0.7950    -0.7926     0.0024   2.791848   2.791962   0.000079    34.3053    34.3036     7.4800    27.5823    27.5808    34.3042    27.5814    1447.07    1447.08    -0.7949  1028.3335    34.4711 0.0000e+00
       7521 313.553569  -62.14424  -58.43704      0.925    1446.45    157.000    155.435    -0.8013    -0.7988     0.0025    -0.8059    -0.8033     0.0025   2.791070   2.791199   0.000151    34.3060    34.3052     7.4772    27.5833    27.5826    34.3053    27.5828    1447.04    1447.05    -0.8057  1028.3397    34.4723 0.0000e+00
       7546 313.553581  -62.14424  -58.43703      0.953    1446.45    158.000    156.424    -0.7986    -0.7979     0.0007    -0.8032    -0.8025     0.0007   2.791262   2.791281   0.000034    34.3047    34.3043     7.4762    27.5821    27.5817    34.3043    27.5818    1447.06    1447.07    -0.8031  1028.3446    34.4725 0.0000e+00
       7570 313.553592  -62.14424  -58.43702      0.979    1446.45    159.000    157.414    -0.8034    -0.8038    -0.0004    -0.8080    -0.8084    -0.0004   2.790934   2.790870  -0.000067    34.3057    34.3052     7.4752    27.5831    27.5827    34.3046    27.5822    1447.06    1447.06    -0.8079  1028.3488    34.4716 0.0000e+00
       7595 313.553604  -62.14424  -58.43702      0.983    1446.45    160.000    158.403    -0.8107    -0.8086     0.0021    -0.8154    -0.8133     0.0021   2.790472   2.790550   0.000067    34.3073    34.3059     7.4784    27.5848    27.5835    34.3061    27.5837    1447.04    1447.05    -0.8152  1028.3551    34.4730 0.0000e+00
       7620 313.553616  -62.14426  -58.43702      0.976    1446.45    161.000    159.393    -0.8145    -0.8139     0.0006    -0.8192    -0.8185     0.0006   2.790286   2.790242  -0.000032    34.3081    34.3070     7.4805    27.5855    27.5846    34.3072    27.5848    1447.04    1447.04    -0.8191  1028.3610    34.4742 0.0000e+00
       7645 313.553629  -62.14426  -58.43701      0.957    1446.45    162.000    160.383    -0.8212    -0.8203     0.0008    -0.8259    -0.8250     0.0008   2.789924   2.789918  -0.000008    34.3101    34.3091     7.4768    27.5875    27.5866    34.3093    27.5868    1447.03    1447.03    -0.8258  1028.3647    34.4725 0.0000e+00
       7671 313.553641 -9.990e-29  -58.43700      0.936    1446.45    163.000    161.372    -0.8204    -0.8198     0.0006    -0.8251    -0.8245     0.0006   2.790029   2.790018  -0.000010    34.3098    34.3089     7.4761    27.5872    27.5864    34.3092    27.5867    1447.05    1447.05    -0.8250  1028.3683    34.4710 0.0000e+00
       7696 313.553653 -9.990e-29  -58.43700      0.941    1446.45    164.000    162.362    -0.8160    -0.8158     0.0003    -0.8208    -0.8205     0.0003   2.790496   2.790469  -0.000026    34.3097    34.3091     7.4737    27.5869    27.5864    34.3100    27.5871    1447.09    1447.09    -0.8206  1028.3734    34.4717 0.0000e+00
       7720 313.553664 -9.990e-29  -58.43700      0.987    1446.45    165.000    163.352    -0.8094    -0.8087     0.0007    -0.8142    -0.8135     0.0007   2.791157   2.791169   0.000016    34.3103    34.3098     7.4656    27.5871    27.5867    34.3107    27.5874    1447.14    1447.14    -0.8141  1028.3785    34.4725 0.0000e+00
       7744 313.553676 -9.990e-29  -58.43699      1.014    1446.45    166.000    164.341    -0.7993    -0.7993    -0.0000    -0.8041    -0.8042    -0.0000   2.792113   2.792108  -0.000019    34.3106    34.3104     7.4595    27.5869    27.5867    34.3116    27.5878    1447.20    1447.20    -0.8040  1028.3835    34.4734 0.0000e+00
       7769 313.553688 -9.990e-29  -58.43698      0.975    1446.45    167.000    165.331    -0.7968    -0.7965     0.0003    -0.8017    -0.8014     0.0003   2.792459   2.792425  -0.000022    34.3123    34.3116     7.4538    27.5882    27.5876    34.3129    27.5887    1447.23    1447.23    -0.8016  1028.3892    34.4747 0.0000e+00
       7796 313.553701 -9.990e-29  -58.43697      0.901    1446.45    168.000    166.321    -0.7909    -0.7902     0.0007    -0.7959    -0.7952     0.0007   2.793006   2.793021   0.000019    34.3123    34.3117     7.4409    27.5879    27.5875    34.3130    27.5885    1447.28    1447.28    -0.7957  1028.3938    34.4748 0.0000e+00
       7824 313.553715 -9.990e-29  -58.43696      0.871    1446.45    169.000    167.310    -0.7898    -0.7886     0.0012    -0.7948    -0.7936     0.0012   2.793195   2.793224   0.000022    34.3133    34.3123     7.4368    27.5887    27.5879    34.3136    27.5890    1447.30    1447.30    -0.7946  1028.3991    34.4754 0.0000e+00
       7849 313.553727  -62.14430  -58.43696      0.913    1446.45    170.000    168.299    -0.7837    -0.7836     0.0001    -0.7886    -0.7886     0.0001   2.793834   2.793795  -0.000036    34.3132    34.3126     7.4294    27.5884    27.5879    34.3147    27.5896    1447.34    1447.34    -0.7886  1028.4082    34.4812 0.0000e+00
       7872 313.553738  -62.14430  -58.43696      0.995    1446.45    171.000    169.289    -0.7803    -0.7794     0.0009    -0.7853    -0.7844     0.0009   2.794242   2.794250   0.000002    34.3152    34.3141     7.4333    27.5899    27.5890    34.3157    27.5903    1447.38    1447.38    -0.7852  1028.4141    34.4828 0.0000e+00
       7894 313.553749  -62.14430  -58.43695      1.068    1446.45    172.000    170.279    -0.7801    -0.7792     0.0009    -0.7852    -0.7843     0.0009   2.794311   2.794314 -3.007e-07    34.3154    34.3143     7.4319    27.5900    27.5891    34.3159    27.5904    1447.40    1447.40    -0.7850  1028.4190    34.4830 0.0000e+00
       7917 313.553759  -62.14431  -58.43694      1.082    1446.45    173.000    171.268    -0.7794    -0.7787     0.0007    -0.7845    -0.7838     0.0007   2.794429   2.794412  -0.000018    34.3155    34.3144     7.4207    27.5901    27.5892    34.3161    27.5906    1447.41    1447.42    -0.7844  1028.4239    34.4832 0.0000e+00
       7942 313.553772  -62.14432  -58.43694      1.003    1446.45    174.000    172.258    -0.7783    -0.7777     0.0006    -0.7835    -0.7829     0.0006   2.794565   2.794534  -0.000028    34.3155    34.3145     7.4092    27.5901    27.5892    34.3161    27.5905    1447.44    1447.44    -0.7833  1028.4287    34.4832 0.0000e+00
       7970 313.553785  -62.14432  -58.43694      0.878    1446.45    175.000    173.248    -0.7781    -0.7769     0.0012    -0.7832    -0.7820     0.0012   2.794641   2.794674   0.000025    34.3158    34.3148     7.4051    27.5903    27.5894    34.3162    27.5906    1447.45    1447.46    -0.7831  1028.4335    34.4833 0.0000e+00
       7998 313.553799  -62.14432  -58.43692      0.850    1446.45    176.000    174.237    -0.7793    -0.7781     0.0012    -0.7845    -0.7833     0.0012   2.794614   2.794603  -0.000003    34.3163    34.3149     7.3932    27.5908    27.5896    34.3166    27.5910    1447.47    1447.47    -0.7844  1028.4387    34.4837 0.0000e+00
       8023 313.553811  -62.14432  -58.43692      0.913    1446.45    177.000    175.227    -0.7800    -0.7794     0.0006    -0.7852    -0.7846     0.0006   2.794565   2.794548  -0.000023    34.3159    34.3149     7.3900    27.5905    27.5896    34.3161    27.5906    1447.47    1447.48    -0.7851  1028.4431    34.4832 0.0000e+00
       8046 313.553822  -62.14432  -58.43692      0.993    1446.45    178.000    176.216    -0.7797    -0.7788     0.0009    -0.7849    -0.7840     0.0009   2.794652   2.794650  -0.000006    34.3158    34.3148     7.3919    27.5904    27.5895    34.3163    27.5907    1447.50    1447.50    -0.7848  1028.4480    34.4834 0.0000e+00
       8069 313.553833  -62.14434  -58.43690      1.047    1446.45    179.000    177.206    -0.7770    -0.7757     0.0014    -0.7823    -0.7810     0.0014   2.794874   2.794967   0.000090    34.3153    34.3149     7.3958    27.5898    27.5895    34.3157    27.5902    1447.52    1447.53    -0.7822  1028.4521    34.4828 0.0000e+00
       8093 313.553844  -62.14434  -58.43690      1.044    1446.45    180.000    178.195    -0.7752    -0.7745     0.0007    -0.7805    -0.7799     0.0007   2.795139   2.795123  -0.000007    34.3160    34.3152     7.3980    27.5904    27.5896    34.3165    27.5908    1447.55    1447.55    -0.7804  1028.4575    34.4837 0.0000e+00
       8117 313.553856  -62.14434  -58.43690      0.993    1446.45    181.000    179.185    -0.7745    -0.7739     0.0007    -0.7799    -0.7792     0.0007   2.795235   2.795222  -0.000015    34.3162    34.3152     7.3993    27.5905    27.5896    34.3165    27.5907    1447.57    1447.57    -0.7797  1028.4623    34.4837 0.0000e+00
       8144 313.553869  -62.14434  -58.43688      0.928    1446.45    182.000    180.174    -0.7750    -0.7741     0.0008    -0.7804    -0.7795     0.0008   2.795254   2.795232  -0.000022    34.3165    34.3152     7.4000    27.5907    27.5897    34.3166    27.5908    1447.58    1447.59    -0.7802  1028.4671    34.4838 0.0000e+00
       8171 313.553882  -62.14436  -58.43688      0.882    1446.45    183.000    181.164    -0.7756    -0.7749     0.0007    -0.7810    -0.7803     0.0007   2.795253   2.795224  -0.000027    34.3165    34.3154     7.3969    27.5908    27.5898    34.3167    27.5910    1447.60    1447.60    -0.7809  1028.4720    34.4839 0.0000e+00
       8199 313.553895  -62.14436  -58.43687      0.876    1446.45    184.000    182.154    -0.7760    -0.7750     0.0010    -0.7814    -0.7804     0.0010   2.795272   2.795272  -0.000005    34.3167    34.3155     7.3880    27.5910    27.5899    34.3168    27.5911    1447.61    1447.61    -0.7813  1028.4769    34.4840 0.0000e+00
       8224 313.553908  -62.14436  -58.43686      0.919    1446.45    185.000    183.143    -0.7770    -0.7759     0.0011    -0.7825    -0.7814     0.0011   2.795252   2.795247 -4.839e-07    34.3171    34.3158     7.3908    27.5913    27.5902    34.3171    27.5913    1447.62    1447.63    -0.7823  1028.4819    34.4843 0.0000e+00
       8248 313.553919  -62.14437  -58.43686      0.975    1446.45    186.000    184.132    -0.7783    -0.7776     0.0007    -0.7838    -0.7831     0.0007   2.795185   2.795163  -0.000017    34.3170    34.3160     7.3922    27.5913    27.5904    34.3170    27.5913    1447.63    1447.64    -0.7837  1028.4867    34.4842 0.0000e+00
       8270 313.553930  -62.14438  -58.43686      1.031    1446.45    187.000    185.122    -0.7800    -0.7790     0.0010    -0.7856    -0.7845     0.0010   2.795065   2.795081   0.000007    34.3170    34.3160     7.3896    27.5914    27.5905    34.3168    27.5912    1447.64    1447.64    -0.7854  1028.4914    34.4839 0.0000e+00
       8293 313.553941  -62.14438  -58.43686      1.072    1446.45    188.000    186.111    -0.7823    -0.7816     0.0007    -0.7878    -0.7871     0.0007   2.794948   2.794937  -0.000011    34.3172    34.3163     7.3959    27.5916    27.5908    34.3171    27.5915    1447.65    1447.65    -0.7877  1028.4965    34.4843 0.0000e+00
       8314 313.553951  -62.14438  -58.43686      1.101    1446.45    189.000    187.101    -0.7815    -0.7812     0.0002    -0.7871    -0.7868     0.0002   2.795058   2.795013  -0.000040    34.3169    34.3161     7.3918    27.5914    27.5907    34.3170    27.5915    1447.67    1447.67    -0.7869  1028.5012    34.4842 0.0000e+00
       8336 313.553962  -62.14438  -58.43684      1.111    1446.45    190.000    188.091    -0.7802    -0.7796     0.0007    -0.7858    -0.7852     0.0007   2.795236   2.795225  -0.000009    34.3171    34.3162     7.3863    27.5914    27.5907    34.3174    27.5917    1447.69    1447.69    -0.7857  1028.5062    34.4846 0.0000e+00
       8359 313.553973  -62.14438  -58.43684      1.067    1446.45    191.000    189.080    -0.7714    -0.7732    -0.0018    -0.7771    -0.7789    -0.0018   2.796036   2.795870  -0.000161    34.3163    34.3161     7.3794    27.5904    27.5904    34.3176    27.5915    1447.75    1447.74    -0.7769  1028.5107    34.4848 0.0000e+00
       8385 313.553986  -62.14440  -58.43684      0.962    1446.45    192.000    190.069    -0.7644    -0.7639     0.0004    -0.7701    -0.7696     0.0004   2.796747   2.796731  -0.000014    34.3178    34.3171     7.3787    27.5914    27.5908    34.3186    27.5920    1447.80    1447.80    -0.7700  1028.5160    34.4858 0.0000e+00
       8413 313.553999  -62.14440  -58.43682      0.888    1446.45    193.000    191.059    -0.7593    -0.7594    -0.0001    -0.7651    -0.7651    -0.0001   2.797320   2.797253  -0.000067    34.3189    34.3181     7.3803    27.5920    27.5914    34.3201    27.5930    1447.84    1447.84    -0.7649  1028.5217    34.4873 0.0000e+00
       8439 313.554011  -62.14440  -58.43682      0.888    1446.45    194.000    192.049    -0.7560    -0.7554     0.0006    -0.7618    -0.7611     0.0006   2.797737   2.797700  -0.000041    34.3205    34.3193     7.3744    27.5932    27.5922    34.3213    27.5938    1447.87    1447.87    -0.7616  1028.5273    34.4885 0.0000e+00
       8463 313.554023  -62.14440  -58.43681      0.950    1446.45    195.000    193.038    -0.7543    -0.7536     0.0008    -0.7601    -0.7594     0.0008   2.797994   2.797964  -0.000027    34.3213    34.3201     7.3653    27.5938    27.5927    34.3222    27.5945    1447.90    1447.90    -0.7600  1028.5328    34.4895 0.0000e+00
       8486 313.554034  -62.14441  -58.43680      1.036    1446.66    196.000    194.028    -0.7530    -0.7524     0.0006    -0.7588    -0.7583     0.0006   2.798199   2.798151  -0.000050    34.3222    34.3209     7.3592    27.5945    27.5934    34.3229    27.5950    1447.92    1447.92    -0.7587  1028.5380    34.4901 0.0000e+00
