Pos-Processados/process_op42/operantar42_021.cnv
* Sea-Bird SBE 9 Data File:
* FileName = C:\Users\Hidrografia\Desktop\OPXLII\Brutos\OP42021.hdr
* Software Version Seasave V 7.26.7.107
* Temperature SN = 6502
* Conductivity SN = 4998
* Number of Bytes Per Scan = 37
* Number of Voltage Words = 4
* Number of Scans Averaged by the Deck Unit = 1
* NMEA Latitude = 62 16.32 S
* NMEA Longitude = 058 25.69 W
* NMEA UTC (Time) = Nov 07 2023 20:05:24
* NMEA baud rate = 4800
** H41
** NPOALTEMAXIMIANO
** NUMERO DA ESTACAO (XXX) 021
** LAT (XX XX.XX S/N) 62 16.30 S
** LONG (XXX XX.XX W/E) 058 25.70 W
** DATAHORA (dd/mm/aaaa hh:mm Z) 07/11/2023 2004Z
** PROFUNDIDADE (m) 145
** OPERADOR CT FABIREZA
# nquan = 30
# nvalues = 333                         
# units = specified
# name 0 = scan: Scan Count
# name 1 = timeJ: Julian Days
# name 2 = latitude: Latitude [deg]
# name 3 = longitude: Longitude [deg]
# name 4 = dz/dtM: Descent Rate [m/s]
# name 5 = avgsvCM: Average Sound Velocity [Chen-Millero, m/s]
# name 6 = prDM: Pressure, Digiquartz [db]
# name 7 = depSM: Depth [salt water, m]
# name 8 = t090C: Temperature [ITS-90, deg C]
# name 9 = t190C: Temperature, 2 [ITS-90, deg C]
# name 10 = T2-T190C: Temperature Difference, 2 - 1 [ITS-90, deg C]
# name 11 = potemp090C: Potential Temperature [ITS-90, deg C]
# name 12 = potemp190C: Potential Temperature, 2 [ITS-90, deg C]
# name 13 = potemp90Cdiff: Potential Temperature, Diff, 2 - 1 [ITS-90, deg C]
# name 14 = c0S/m: Conductivity [S/m]
# name 15 = c1S/m: Conductivity, 2 [S/m]
# name 16 = C2-C1S/m: Conductivity Difference, 2 - 1 [S/m]
# name 17 = sal00: Salinity, Practical [PSU]
# name 18 = sal11: Salinity, Practical, 2 [PSU]
# name 19 = sbeox0ML/L: Oxygen, SBE 43 [ml/l]
# name 20 = sigma-é00: Density [sigma-theta, kg/m^3]
# name 21 = sigma-é11: Density, 2 [sigma-theta, kg/m^3]
# name 22 = sal00: Salinity, Practical [PSU]
# name 23 = sigma-é00: Density [sigma-theta, kg/m^3]
# name 24 = svCM: Sound Velocity [Chen-Millero, m/s]
# name 25 = svCM1: Sound Velocity, 2 [Chen-Millero, m/s]
# name 26 = gsw_ptA0: potential temperature [ITS-90, deg C]
# name 27 = gsw_densityA0: density, TEOS-10 [density, kg/m^3]
# name 28 = gsw_saA0: Absolute Salinity [g/kg]
# name 29 = flag:
# span 0 =       2468,      19452       
# span 1 = 311.838273, 311.846464       
# span 2 =  -62.27344,  -62.27227       
# span 3 =  -58.42719,  -58.41846       
# span 4 =     -1.098,      1.090       
# span 5 =       0.00,    1446.75       
# span 6 =      3.000,    169.000       
# span 7 =      2.974,    167.306       
# span 8 =    -0.6371,    -0.5148       
# span 9 =    -0.6363,    -0.5140       
# span 10 =    -0.0068,     0.0183      
# span 11 =    -0.6394,    -0.5151      
# span 12 =    -0.6386,    -0.5144      
# span 13 =    -0.0068,     0.0183      
# span 14 =   2.799035,   2.817608      
# span 15 =   2.799027,   2.817519      
# span 16 =  -0.000811,   0.001639      
# span 17 =    34.2824,    34.3704      
# span 18 =    34.2822,    34.3690      
# span 19 =     6.8357,     7.6424      
# span 20 =    27.5521,    27.6246      
# span 21 =    27.5521,    27.6234      
# span 22 =    34.2831,    34.3708      
# span 23 =    27.5527,    27.6248      
# span 24 =    1445.67,    1448.43      
# span 25 =    1445.67,    1448.40      
# span 26 =    -0.6394,    -0.5151      
# span 27 =  1027.5728,  1028.4348      
# span 28 =    34.4464,    34.5370      
# span 29 = 0.0000e+00, 0.0000e+00      
# interval = decibars: 1                
# start_time = Nov 07 2023 20:05:24 [NMEA time, header]
# bad_flag = -9.990e-29
*END*
[from data line 194]
      11162 311.842466  -62.27296  -58.42268     -0.934    1446.75    141.000    139.598    -0.5982    -0.5997    -0.0016    -0.6025    -0.6041    -0.0016   2.810977   2.810773  -0.000172    34.3539    34.3534     6.9704    27.6135    27.6131    34.3537    27.6133    1447.79    1447.78    -0.6024  1028.2927    34.5208 0.0000e+00
      11189 311.842479  -62.27298  -58.42268     -0.886    1446.75    140.000    138.608    -0.5940    -0.5959    -0.0019    -0.5983    -0.6002    -0.0019   2.811255   2.811048  -0.000199    34.3535    34.3530     6.9790    27.6130    27.6126    34.3533    27.6128    1447.80    1447.79    -0.5982  1028.2874    34.5204 0.0000e+00
      11216 311.842492  -62.27298  -58.42266     -0.868    1446.75    139.000    137.619    -0.5928    -0.5927     0.0001    -0.5971    -0.5970     0.0001   2.811240   2.811206  -0.000049    34.3529    34.3522     6.9886    27.6125    27.6119    34.3524    27.6120    1447.78    1447.78    -0.5970  1028.2818    34.5195 0.0000e+00
      11241 311.842504  -62.27298  -58.42266     -0.927    1446.75    138.000    136.629    -0.5952    -0.5936     0.0017    -0.5995    -0.5978     0.0017   2.810849   2.810958   0.000127    34.3510    34.3508     6.9827    27.6110    27.6108    34.3505    27.6106    1447.75    1447.76    -0.5994  1028.2757    34.5176 0.0000e+00
      11266 311.842516  -62.27298  -58.42264     -0.985    1446.75    137.000    135.639    -0.5950    -0.5950     0.0000    -0.5992    -0.5992     0.0000   2.810815   2.810719  -0.000085    34.3505    34.3494     6.9882    27.6106    27.6097    34.3504    27.6105    1447.74    1447.73    -0.5991  1028.2708    34.5175 0.0000e+00
      11293 311.842529  -62.27298  -58.42263     -0.937    1446.75    136.000    134.649    -0.5924    -0.5939    -0.0015    -0.5965    -0.5981    -0.0015   2.811039   2.810808  -0.000212    34.3510    34.3498     6.9862    27.6108    27.6100    34.3511    27.6109    1447.74    1447.73    -0.5965  1028.2664    34.5181 0.0000e+00
      11328 311.842546  -62.27298  -58.42261     -0.719    1446.75    135.000    133.660    -0.5914    -0.5939    -0.0025    -0.5955    -0.5980    -0.0025   2.811088   2.810840  -0.000246    34.3513    34.3508     6.9951    27.6111    27.6107    34.3512    27.6110    1447.72    1447.71    -0.5954  1028.2617    34.5182 0.0000e+00
      11361 311.842562  -62.27298  -58.42260     -0.679    1446.75    134.000    132.670    -0.5902    -0.5899     0.0003    -0.5943    -0.5940     0.0003   2.811168   2.811095  -0.000075    34.3516    34.3502     7.0011    27.6112    27.6101    34.3516    27.6112    1447.71    1447.71    -0.5942  1028.2571    34.5186 0.0000e+00
      11386 311.842574  -62.27298  -58.42258     -0.874    1446.75    133.000    131.680    -0.5896    -0.5891     0.0006    -0.5937    -0.5932     0.0006   2.811180   2.811120  -0.000061    34.3517    34.3502     6.9940    27.6113    27.6101    34.3517    27.6113    1447.70    1447.70    -0.5936  1028.2524    34.5187 0.0000e+00
      11408 311.842584  -62.27298  -58.42256     -1.032    1446.75    132.000    130.690    -0.5890    -0.5884     0.0005    -0.5931    -0.5925     0.0005   2.811205   2.811160  -0.000046    34.3519    34.3507     6.9918    27.6114    27.6105    34.3519    27.6115    1447.69    1447.69    -0.5930  1028.2478    34.5189 0.0000e+00
      11433 311.842596  -62.27298  -58.42254     -1.027    1446.75    131.000    129.701    -0.5890    -0.5881     0.0009    -0.5931    -0.5922     0.0009   2.811172   2.811163  -0.000010    34.3522    34.3510     6.9977    27.6117    27.6107    34.3521    27.6116    1447.67    1447.67    -0.5929  1028.2432    34.5191 0.0000e+00
      11462 311.842610  -62.27299  -58.42253     -0.876    1446.75    130.000    128.711    -0.5891    -0.5884     0.0007    -0.5931    -0.5924     0.0007   2.811116   2.811088  -0.000026    34.3522    34.3510     6.9836    27.6117    27.6107    34.3521    27.6116    1447.65    1447.66    -0.5930  1028.2384    34.5191 0.0000e+00
      11489 311.842624  -62.27300  -58.42252     -0.829    1446.75    129.000    127.721    -0.5885    -0.5879     0.0006    -0.5925    -0.5918     0.0006   2.811135   2.811105  -0.000030    34.3522    34.3511     6.9806    27.6117    27.6108    34.3523    27.6117    1447.64    1447.64    -0.5924  1028.2337    34.5193 0.0000e+00
      11514 311.842635  -62.27300  -58.42251     -0.934    1446.75    128.000    126.731    -0.5884    -0.5879     0.0006    -0.5923    -0.5918     0.0006   2.811072   2.811036  -0.000034    34.3522    34.3511     6.9789    27.6117    27.6108    34.3519    27.6115    1447.62    1447.62    -0.5922  1028.2287    34.5189 0.0000e+00
      11539 311.842647  -62.27300  -58.42250     -0.989    1446.75    127.000    125.741    -0.5929    -0.5900     0.0030    -0.5968    -0.5939     0.0030   2.810520   2.810785   0.000237    34.3506    34.3504     6.9930    27.6106    27.6103    34.3502    27.6103    1447.59    1447.60    -0.5967  1028.2227    34.5172 0.0000e+00
      11569 311.842662  -62.27300  -58.42249     -0.847    1446.75    126.000    124.752    -0.5916    -0.5890     0.0026    -0.5955    -0.5929     0.0026   2.810666   2.810834   0.000175    34.3513    34.3507     6.9835    27.6111    27.6105    34.3513    27.6111    1447.58    1447.59    -0.5954  1028.2188    34.5183 0.0000e+00
      11608 311.842681  -62.27300  -58.42247     -0.623    1446.75    125.000    123.762    -0.5902    -0.5894     0.0008    -0.5940    -0.5932     0.0008   2.810813   2.810760  -0.000047    34.3522    34.3506     6.9898    27.6117    27.6104    34.3523    27.6118    1447.57    1447.57    -0.5939  1028.2147    34.5193 0.0000e+00
      11645 311.842698  -62.27300  -58.42244     -0.635    1446.75    124.000    122.772    -0.5888    -0.5876     0.0012    -0.5926    -0.5914     0.0012   2.810874   2.810903   0.000022    34.3523    34.3512     6.9922    27.6118    27.6108    34.3521    27.6116    1447.56    1447.56    -0.5925  1028.2097    34.5191 0.0000e+00
      11673 311.842712  -62.27300  -58.42242     -0.794    1446.75    123.000    121.782    -0.5911    -0.5895     0.0015    -0.5948    -0.5933     0.0015   2.810505   2.810596   0.000091    34.3506    34.3501     6.9906    27.6105    27.6100    34.3504    27.6103    1447.53    1447.54    -0.5948  1028.2036    34.5173 0.0000e+00
      11701 311.842726  -62.27300  -58.42241     -0.867    1446.75    122.000    120.793    -0.5897    -0.5899    -0.0002    -0.5934    -0.5936    -0.0002   2.810663   2.810507  -0.000138    34.3512    34.3496     6.9898    27.6109    27.6096    34.3516    27.6112    1447.52    1447.52    -0.5933  1028.1997    34.5185 0.0000e+00
      11729 311.842739  -62.27300  -58.42239     -0.850    1446.75    121.000    119.803    -0.5846    -0.5871    -0.0025    -0.5883    -0.5908    -0.0025   2.811247   2.810800  -0.000424    34.3535    34.3506     6.9875    27.6125    27.6103    34.3543    27.6132    1447.53    1447.52    -0.5882  1028.1969    34.5212 0.0000e+00
      11759 311.842754  -62.27301  -58.42237     -0.808    1446.75    120.000    118.813    -0.5797    -0.5801    -0.0004    -0.5834    -0.5838    -0.0004   2.811691   2.811543  -0.000172    34.3553    34.3534     6.9890    27.6138    27.6123    34.3554    27.6138    1447.54    1447.54    -0.5833  1028.1928    34.5223 0.0000e+00
      11787 311.842767  -62.27302  -58.42236     -0.838    1446.75    119.000    117.823    -0.5884    -0.5832     0.0052    -0.5920    -0.5868     0.0052   2.810448   2.811110   0.000599    34.3503    34.3525     6.9807    27.6101    27.6116    34.3491    27.6091    1447.47    1447.50    -0.5920  1028.1833    34.5160 0.0000e+00
      11814 311.842780  -62.27302  -58.42234     -0.882    1446.75    118.000    116.833    -0.5935    -0.5873     0.0062    -0.5971    -0.5909     0.0062   2.809851   2.810539   0.000685    34.3479    34.3501     6.9734    27.6084    27.6099    34.3474    27.6080    1447.43    1447.46    -0.5970  1028.1774    34.5143 0.0000e+00
      11844 311.842794  -62.27302  -58.42234     -0.847    1446.75    117.000    115.843    -0.5932    -0.5918     0.0014    -0.5968    -0.5954     0.0014   2.809914   2.809933   0.000047    34.3485    34.3475     6.9599    27.6089    27.6080    34.3486    27.6089    1447.42    1447.42    -0.5967  1028.1736    34.5154 0.0000e+00
      11877 311.842810  -62.27302  -58.42233     -0.740    1446.75    116.000    114.854    -0.5927    -0.5907     0.0019    -0.5962    -0.5943     0.0019   2.809932   2.810052   0.000122    34.3490    34.3484     6.9942    27.6093    27.6087    34.3488    27.6091    1447.40    1447.41    -0.5962  1028.1690    34.5157 0.0000e+00
      11910 311.842826  -62.27302  -58.42230     -0.717    1446.75    115.000    113.864    -0.5947    -0.5927     0.0020    -0.5982    -0.5962     0.0020   2.809641   2.809773   0.000124    34.3483    34.3477     7.0202    27.6087    27.6082    34.3478    27.6083    1447.38    1447.39    -0.5981  1028.1634    34.5146 0.0000e+00
      11939 311.842840  -62.27302  -58.42230     -0.794    1446.75    114.000    112.874    -0.5970    -0.5943     0.0027    -0.6005    -0.5978     0.0027   2.809192   2.809491   0.000283    34.3457    34.3464     7.0322    27.6067    27.6072    34.3450    27.6062    1447.35    1447.36    -0.6004  1028.1565    34.5118 0.0000e+00
      11969 311.842855  -62.27302  -58.42227     -0.821    1446.75    113.000    111.884    -0.6000    -0.5963     0.0038    -0.6035    -0.5997     0.0038   2.808743   2.809168   0.000429    34.3435    34.3449     7.0268    27.6051    27.6061    34.3430    27.6047    1447.31    1447.33    -0.6034  1028.1502    34.5097 0.0000e+00
      12000 311.842870  -62.27302  -58.42226     -0.773    1446.75    112.000    110.894    -0.6000    -0.5979     0.0021    -0.6034    -0.6014     0.0021   2.808773   2.808899   0.000143    34.3441    34.3437     7.0401    27.6056    27.6052    34.3440    27.6055    1447.30    1447.31    -0.6033  1028.1463    34.5108 0.0000e+00
      12030 311.842884  -62.27302  -58.42224     -0.771    1446.75    111.000    109.904    -0.5989    -0.5990    -0.0000    -0.6023    -0.6023    -0.0000   2.808990   2.808751  -0.000222    34.3463    34.3433     7.0453    27.6073    27.6049    34.3463    27.6073    1447.29    1447.29    -0.6022  1028.1433    34.5130 0.0000e+00
      12055 311.842896  -62.27302  -58.42222     -0.893    1446.75    110.000    108.914    -0.5981    -0.5981     0.0001    -0.6015    -0.6014     0.0001   2.809112   2.808928  -0.000189    34.3475    34.3449     7.0611    27.6083    27.6062    34.3477    27.6084    1447.28    1447.28    -0.6014  1028.1396    34.5144 0.0000e+00
      12077 311.842907  -62.27302  -58.42222     -1.031    1446.75    109.000    107.925    -0.5971    -0.5967     0.0004    -0.6004    -0.6001     0.0004   2.809257   2.809160  -0.000091    34.3491    34.3474     7.0674    27.6095    27.6081    34.3491    27.6095    1447.27    1447.27    -0.6003  1028.1359    34.5158 0.0000e+00
      12101 311.842919  -62.27302  -58.42220     -1.048    1446.75    108.000    106.935    -0.5976    -0.5969     0.0006    -0.6009    -0.6002     0.0006   2.809186   2.809144  -0.000049    34.3495    34.3481     7.0615    27.6098    27.6087    34.3493    27.6097    1447.25    1447.25    -0.6008  1028.1313    34.5160 0.0000e+00
      12134 311.842935  -62.27302  -58.42218     -0.803    1446.75    107.000    105.945    -0.5988    -0.5974     0.0014    -0.6020    -0.6007     0.0014   2.809004   2.809008   0.000006    34.3490    34.3475     7.0413    27.6095    27.6082    34.3488    27.6094    1447.23    1447.24    -0.6020  1028.1240    34.5128 0.0000e+00
      12177 311.842955 -9.990e-29  -58.42216     -0.546    1446.75    106.000    104.955    -0.5999    -0.5985     0.0014    -0.6031    -0.6018     0.0014   2.808775   2.808843   0.000066    34.3479    34.3473     7.0211    27.6087    27.6081    34.3476    27.6084    1447.21    1447.21    -0.6031  1028.1166    34.5095 0.0000e+00
      12209 311.842971 -9.990e-29  -58.42214     -0.690    1446.75    105.000    103.965    -0.6047    -0.6008     0.0038    -0.6078    -0.6040     0.0038   2.808083   2.808469   0.000375    34.3452    34.3460     7.0120    27.6067    27.6071    34.3443    27.6059    1447.17    1447.18    -0.6078  1028.1094    34.5062 0.0000e+00
      12234 311.842983  -62.27304  -58.42213     -0.891    1446.75    104.000    102.975    -0.6088    -0.6071     0.0017    -0.6120    -0.6103     0.0017   2.807490   2.807626   0.000141    34.3424    34.3424     7.0173    27.6046    27.6045    34.3416    27.6040    1447.12    1447.13    -0.6119  1028.1050    34.5065 0.0000e+00
      12260 311.842995  -62.27304  -58.42212     -0.947    1446.75    103.000    101.985    -0.6101    -0.6085     0.0016    -0.6132    -0.6116     0.0016   2.807355   2.807455   0.000081    34.3423    34.3416     7.0224    27.6046    27.6039    34.3418    27.6042    1447.10    1447.11    -0.6131  1028.1019    34.5085 0.0000e+00
      12291 311.843010  -62.27304  -58.42212     -0.826    1446.75    102.000    100.995    -0.6108    -0.6078     0.0030    -0.6139    -0.6109     0.0030   2.807196   2.807472   0.000280    34.3415    34.3418     7.0394    27.6039    27.6041    34.3412    27.6037    1447.08    1447.10    -0.6138  1028.0966    34.5078 0.0000e+00
      12324 311.843026  -62.27304  -58.42209     -0.720    1446.75    101.000    100.005    -0.6114    -0.6100     0.0014    -0.6144    -0.6130     0.0014   2.807028   2.807100   0.000081    34.3405    34.3401     7.0681    27.6032    27.6028    34.3401    27.6029    1447.06    1447.07    -0.6144  1028.0911    34.5067 0.0000e+00
      12356 311.843041  -62.27304  -58.42208     -0.750    1446.75    100.000     99.015    -0.6114    -0.6105     0.0009    -0.6144    -0.6135     0.0009   2.806961   2.806974   0.000019    34.3402    34.3394     7.0753    27.6029    27.6022    34.3399    27.6027    1447.05    1447.05    -0.6144  1028.0861    34.5065 0.0000e+00
      12383 311.843055  -62.27304  -58.42207     -0.830    1446.75     99.000     98.026    -0.6116    -0.6108     0.0008    -0.6146    -0.6138     0.0008   2.806832   2.806841   0.000010    34.3393    34.3385     7.0842    27.6022    27.6015    34.3390    27.6020    1447.03    1447.03    -0.6145  1028.0806    34.5056 0.0000e+00
      12411 311.843068  -62.27306  -58.42204     -0.874    1446.75     98.000     97.036    -0.6116    -0.6109     0.0007    -0.6146    -0.6139     0.0007   2.806728   2.806726   0.000003    34.3385    34.3378     7.0881    27.6016    27.6009    34.3382    27.6013    1447.01    1447.01    -0.6145  1028.0752    34.5048 0.0000e+00
      12439 311.843081  -62.27306  -58.42202     -0.866    1446.75     97.000     96.046    -0.6120    -0.6111     0.0009    -0.6149    -0.6140     0.0009   2.806617   2.806627   0.000009    34.3380    34.3371     7.0995    27.6012    27.6004    34.3377    27.6009    1446.99    1447.00    -0.6148  1028.0700    34.5043 0.0000e+00
      12465 311.843094  -62.27306  -58.42202     -0.884    1446.75     96.000     95.056    -0.6135    -0.6119     0.0016    -0.6164    -0.6148     0.0016   2.806351   2.806452   0.000098    34.3369    34.3365     7.0943    27.6004    27.5999    34.3365    27.6000    1446.97    1446.97    -0.6163  1028.0643    34.5030 0.0000e+00
      12490 311.843106  -62.27306  -58.42200     -0.938    1446.75     95.000     94.066    -0.6129    -0.6125     0.0005    -0.6158    -0.6153     0.0005   2.806407   2.806333  -0.000058    34.3372    34.3359     7.1048    27.6006    27.5995    34.3373    27.6006    1446.95    1446.95    -0.6157  1028.0600    34.5037 0.0000e+00
