Pos-Processados/process_op42/operantar42_018.ros
* Sea-Bird SBE 9 Data File:
* FileName = C:\Users\Hidrografia\Desktop\OPXLII\Brutos\OP42018.hdr
* Software Version Seasave V 7.26.7.107
* Temperature SN = 6502
* Conductivity SN = 4998
* Number of Bytes Per Scan = 37
* Number of Voltage Words = 4
* Number of Scans Averaged by the Deck Unit = 1
* NMEA Latitude = 62 13.46 S
* NMEA Longitude = 058 12.64 W
* NMEA UTC (Time) = Nov 07 2023 12:56:51
* NMEA baud rate = 4800
** H41
** NPOALTEMAXIMIANO
** NUMERO DA ESTACAO (XXX) 018
** LAT (XX XX.XX S/N) 62 13.46 S
** LONG (XXX XX.XX W/E) 058 12.12 W
** DATAHORA (dd/mm/aaaa hh:mm Z) 07/11/2023 1245Z
** PROFUNDIDADE (m) 523
** OPERADOR 1T ZAMITH
# nquan = 24
# nvalues = 4450                                  
# units = specified
# name 0 = scan: Scan Count
# name 1 = timeJ: Julian Days
# name 2 = latitude: Latitude [deg]
# name 3 = longitude: Longitude [deg]
# name 4 = dz/dtM: Descent Rate [m/s]
# name 5 = avgsvCM: Average Sound Velocity [Chen-Millero, m/s]
# name 6 = prDM: Pressure, Digiquartz [db]
# name 7 = depSM: Depth [salt water, m]
# name 8 = t090C: Temperature [ITS-90, deg C]
# name 9 = t190C: Temperature, 2 [ITS-90, deg C]
# name 10 = T2-T190C: Temperature Difference, 2 - 1 [ITS-90, deg C]
# name 11 = potemp090C: Potential Temperature [ITS-90, deg C]
# name 12 = potemp190C: Potential Temperature, 2 [ITS-90, deg C]
# name 13 = potemp90Cdiff: Potential Temperature, Diff, 2 - 1 [ITS-90, deg C]
# name 14 = c0S/m: Conductivity [S/m]
# name 15 = c1S/m: Conductivity, 2 [S/m]
# name 16 = C2-C1S/m: Conductivity Difference, 2 - 1 [S/m]
# name 17 = sal00: Salinity, Practical [PSU]
# name 18 = sal11: Salinity, Practical, 2 [PSU]
# name 19 = sbeox0ML/L: Oxygen, SBE 43 [ml/l]
# name 20 = sigma-é00: Density [sigma-theta, kg/m^3]
# name 21 = sigma-é11: Density, 2 [sigma-theta, kg/m^3]
# name 22 = nbf: Bottles Fired
# name 23 = flag:  0.000e+00
# interval = seconds: 0.0416667
# start_time = Nov 07 2023 12:56:51 [NMEA time, header]
# bad_flag = -9.990e-29
*END*
[from data line 3382]
      30366 311.554123  -62.22830  -58.20558      0.055    1448.15     15.428     15.280    -0.5603    -0.5591     0.0012    -0.5608    -0.5595     0.0012   2.804326   2.804393   0.000067    34.2989    34.2983     7.5393    27.5671    27.5666         19  0.000e+00
      30367 311.554123  -62.22830  -58.20558      0.053    1448.15     15.428     15.280    -0.5606    -0.5589     0.0016    -0.5610    -0.5594     0.0016   2.804332   2.804416   0.000084    34.2993    34.2985     7.5401    27.5674    27.5668         19  0.000e+00
      30368 311.554124  -62.22830  -58.20558      0.050    1448.15     15.428     15.280    -0.5603    -0.5583     0.0020    -0.5608    -0.5587     0.0020   2.804298   2.804421   0.000124    34.2985    34.2979     7.5407    27.5668    27.5662         19  0.000e+00
      30369 311.554124  -62.22830  -58.20558      0.047    1448.15     15.428     15.280    -0.5606    -0.5580     0.0026    -0.5610    -0.5585     0.0026   2.804343   2.804483   0.000140    34.2994    34.2984     7.5349    27.5676    27.5666         19  0.000e+00
      30370 311.554125  -62.22830  -58.20558      0.044    1448.15     15.364     15.216    -0.5606    -0.5582     0.0024    -0.5610    -0.5587     0.0024   2.804343   2.804483   0.000140    34.2994    34.2987     7.5344    27.5676    27.5669         19  0.000e+00
      30371 311.554125  -62.22830  -58.20558      0.044    1448.15     15.428     15.280    -0.5606    -0.5586     0.0020    -0.5610    -0.5590     0.0020   2.804355   2.804455   0.000100    34.2996    34.2986     7.5340    27.5677    27.5669         19  0.000e+00
      30372 311.554126  -62.22830  -58.20558      0.041    1448.15     15.428     15.280    -0.5604    -0.5592     0.0012    -0.5609    -0.5597     0.0012   2.804383   2.804449   0.000066    34.2998    34.2993     7.5335    27.5678    27.5674         19  0.000e+00
      30373 311.554126  -62.22830  -58.20558      0.037    1448.15     15.364     15.216    -0.5606    -0.5591     0.0015    -0.5610    -0.5595     0.0015   2.804372   2.804404   0.000033    34.2998    34.2985     7.5331    27.5679    27.5668         19  0.000e+00
      30374 311.554127  -62.22830  -58.20558      0.033    1448.15     15.429     15.280    -0.5605    -0.5586     0.0019    -0.5609    -0.5590     0.0019   2.804383   2.804393   0.000010    34.2998    34.2978     7.5391    27.5679    27.5662         19  0.000e+00
      30375 311.554127  -62.22830  -58.20558      0.029    1448.15     15.364     15.216    -0.5596    -0.5583     0.0013    -0.5601    -0.5587     0.0013   2.804452   2.804433  -0.000019    34.2998    34.2980     7.5330    27.5678    27.5664         19  0.000e+00
      30376 311.554128  -62.22830  -58.20558      0.024    1448.15     15.364     15.216    -0.5589    -0.5580     0.0008    -0.5593    -0.5585     0.0008   2.804475   2.804483   0.000009    34.2993    34.2985     7.5388    27.5674    27.5667         19  0.000e+00
      30377 311.554128  -62.22830  -58.20558      0.020    1448.15     15.429     15.280    -0.5581    -0.5578     0.0003    -0.5586    -0.5583     0.0003   2.804549   2.804500  -0.000049    34.2994    34.2984     7.5392    27.5674    27.5666         19  0.000e+00
      30378 311.554129  -62.22830  -58.20558      0.019    1448.15     15.429     15.280    -0.5568    -0.5583    -0.0015    -0.5573    -0.5587    -0.0015   2.804634   2.804461  -0.000174    34.2991    34.2984     7.5394    27.5671    27.5666         19  0.000e+00
      30379 311.554129  -62.22830  -58.20558      0.015    1448.15     15.372     15.224    -0.5564    -0.5582    -0.0018    -0.5568    -0.5586    -0.0018   2.804657   2.804483  -0.000174    34.2989    34.2986     7.5396    27.5670    27.5668         19  0.000e+00
      30380 311.554130  -62.22830  -58.20556      0.011    1448.15     15.364     15.216    -0.5559    -0.5578    -0.0019    -0.5564    -0.5583    -0.0019   2.804714   2.804500  -0.000214    34.2992    34.2984     7.5399    27.5672    27.5666         19  0.000e+00
      30381 311.554130  -62.22830  -58.20556      0.010    1448.15     15.429     15.280    -0.5556    -0.5578    -0.0022    -0.5561    -0.5583    -0.0022   2.804771   2.804523  -0.000249    34.2996    34.2987     7.5402    27.5675    27.5669         19  0.000e+00
      30382 311.554130  -62.22830  -58.20556      0.005    1448.15     15.364     15.216    -0.5557    -0.5576    -0.0019    -0.5562    -0.5581    -0.0019   2.804771   2.804466  -0.000305    34.2997    34.2978     7.5404    27.5676    27.5661         19  0.000e+00
      30383 311.554131  -62.22830  -58.20556      0.004    1448.15     15.429     15.280    -0.5558    -0.5569    -0.0011    -0.5563    -0.5574    -0.0011   2.804743   2.804528  -0.000215    34.2994    34.2978     7.5408    27.5673    27.5661         19  0.000e+00
      30384 311.554131  -62.22830  -58.20556     -0.001    1448.15     15.364     15.216    -0.5561    -0.5560     0.0001    -0.5565    -0.5564     0.0001   2.804714   2.804612  -0.000102    34.2993    34.2979     7.5410    27.5673    27.5661         19  0.000e+00
      30385 311.554132  -62.22830  -58.20556     -0.005    1448.15     15.372     15.224    -0.5563    -0.5562     0.0001    -0.5567    -0.5566     0.0001   2.804766   2.804635  -0.000131    34.3002    34.2984     7.5412    27.5680    27.5665         19  0.000e+00
      30386 311.554132  -62.22830  -58.20556     -0.007    1448.15     15.364     15.216    -0.5564    -0.5559     0.0005    -0.5568    -0.5563     0.0005   2.804749   2.804652  -0.000097    34.3001    34.2983     7.5413    27.5680    27.5664         19  0.000e+00
      30387 311.554133  -62.22830  -58.20556     -0.015    1448.15     15.308     15.160    -0.5563    -0.5555     0.0007    -0.5567    -0.5560     0.0007   2.804754   2.804680  -0.000074    34.3001    34.2983     7.5413    27.5679    27.5664         19  0.000e+00
      30388 311.554133  -62.22830  -58.20556     -0.020    1448.15     15.364     15.216    -0.5563    -0.5555     0.0008    -0.5567    -0.5559     0.0008   2.804783   2.804725  -0.000058    34.3005    34.2988     7.5414    27.5682    27.5668         19  0.000e+00
      30389 311.554134  -62.22830  -58.20556     -0.024    1448.15     15.308     15.160    -0.5564    -0.5552     0.0011    -0.5568    -0.5557     0.0011   2.804788   2.804719  -0.000069    34.3007    34.2985     7.5414    27.5684    27.5666         19  0.000e+00
      30390 311.554134  -62.22830  -58.20556     -0.028    1448.15     15.372     15.224    -0.5570    -0.5552     0.0018    -0.5575    -0.5557     0.0018   2.804709   2.804697  -0.000012    34.3003    34.2981     7.5416    27.5681    27.5663         19  0.000e+00
      30391 311.554135  -62.22830  -58.20556     -0.032    1448.15     15.308     15.160    -0.5573    -0.5557     0.0016    -0.5578    -0.5561     0.0016   2.804703   2.804691  -0.000012    34.3006    34.2986     7.5415    27.5684    27.5667         19  0.000e+00
      30392 311.554135  -62.22830  -58.20556     -0.036    1448.15     15.364     15.216    -0.5574    -0.5555     0.0019    -0.5579    -0.5560     0.0019   2.804669   2.804708   0.000039    34.3003    34.2986     7.5415    27.5681    27.5667         19  0.000e+00
      30393 311.554136  -62.22830  -58.20556     -0.040    1448.15     15.308     15.160    -0.5568    -0.5550     0.0018    -0.5573    -0.5555     0.0018   2.804737   2.804731  -0.000007    34.3005    34.2984     7.5347    27.5683    27.5665         19  0.000e+00
      30394 311.554136  -62.22830  -58.20556     -0.047    1448.15     15.308     15.160    -0.5569    -0.5549     0.0020    -0.5573    -0.5553     0.0020   2.804823   2.804719  -0.000103    34.3017    34.2981     7.5345    27.5693    27.5662         19  0.000e+00
      30395 311.554137  -62.22830  -58.20556     -0.050    1448.15     15.308     15.160    -0.5559    -0.5554     0.0005    -0.5564    -0.5559     0.0005   2.804783   2.804731  -0.000052    34.3001    34.2988     7.5343    27.5679    27.5669         19  0.000e+00
      30396 311.554137  -62.22830  -58.20556     -0.053    1448.15     15.308     15.160    -0.5559    -0.5557     0.0002    -0.5564    -0.5561     0.0002   2.804783   2.804702  -0.000080    34.3001    34.2988     7.5332    27.5679    27.5668         19  0.000e+00
      30397 311.554138  -62.22830  -58.20556     -0.055    1448.15     15.308     15.160    -0.5561    -0.5557     0.0004    -0.5565    -0.5561     0.0004   2.804788   2.804686  -0.000103    34.3004    34.2985     7.5331    27.5682    27.5667         19  0.000e+00
      30398 311.554138  -62.22830  -58.20556     -0.062    1448.15     15.308     15.160    -0.5561    -0.5554     0.0007    -0.5565    -0.5559     0.0007   2.804771   2.804686  -0.000086    34.3001    34.2982     7.5321    27.5680    27.5664         19  0.000e+00
      30399 311.554139  -62.22830  -58.20556     -0.067    1448.15     15.243     15.097    -0.5559    -0.5554     0.0005    -0.5564    -0.5558     0.0005   2.804766   2.804691  -0.000074    34.2999    34.2983     7.5309    27.5678    27.5665         19  0.000e+00
      30400 311.554139  -62.22830  -58.20556     -0.069    1448.15     15.308     15.160    -0.5563    -0.5555     0.0008    -0.5567    -0.5559     0.0008   2.804720   2.804708  -0.000012    34.2996    34.2986     7.5300    27.5676    27.5667         19  0.000e+00
      30401 311.554140  -62.22830  -58.20556     -0.074    1448.15     15.252     15.105    -0.5564    -0.5552     0.0011    -0.5568    -0.5557     0.0011   2.804669   2.804714   0.000045    34.2991    34.2984     7.5290    27.5671    27.5665         19  0.000e+00
      30402 311.554140  -62.22830  -58.20556     -0.075    1448.15     15.308     15.160    -0.5570    -0.5547     0.0022    -0.5574    -0.5552     0.0022   2.804657   2.804714   0.000056    34.2996    34.2979     7.5281    27.5676    27.5661         19  0.000e+00
      30403 311.554141  -62.22830  -58.20556     -0.083    1448.15     15.243     15.097    -0.5575    -0.5546     0.0029    -0.5580    -0.5551     0.0029   2.804617   2.804747   0.000130    34.2997    34.2982     7.5271    27.5677    27.5663         19  0.000e+00
      30404 311.554141  -62.22830  -58.20556     -0.084    1448.15     15.308     15.160    -0.5578    -0.5545     0.0033    -0.5582    -0.5549     0.0033   2.804583   2.804764   0.000181    34.2995    34.2982     7.5261    27.5676    27.5663         19  0.000e+00
      30405 311.554142  -62.22830  -58.20556     -0.087    1448.15     15.243     15.097    -0.5582    -0.5542     0.0041    -0.5587    -0.5546     0.0041   2.804560   2.804764   0.000204    34.2998    34.2979     7.5262    27.5678    27.5661         19  0.000e+00
      30406 311.554142  -62.22830  -58.20556     -0.091    1448.15     15.243     15.097    -0.5580    -0.5544     0.0036    -0.5584    -0.5548     0.0036   2.804572   2.804764   0.000193    34.2996    34.2982     7.5251    27.5676    27.5663         19  0.000e+00
      30407 311.554143  -62.22830  -58.20556     -0.093    1448.15     15.252     15.105    -0.5581    -0.5549     0.0032    -0.5585    -0.5554     0.0032   2.804612   2.804725   0.000113    34.3003    34.2982     7.5241    27.5682    27.5664         19  0.000e+00
      30408 311.554143  -62.22830  -58.20556     -0.096    1448.15     15.244     15.097    -0.5579    -0.5555     0.0024    -0.5584    -0.5560     0.0024   2.804589   2.804714   0.000125    34.2998    34.2988     7.5230    27.5678    27.5668         19  0.000e+00
      30409 311.554144  -62.22830  -58.20556     -0.098    1448.15     15.244     15.097    -0.5580    -0.5555     0.0024    -0.5584    -0.5560     0.0024   2.804560   2.804697   0.000137    34.2995    34.2985     7.5220    27.5675    27.5666         19  0.000e+00
      30410 311.554144  -62.22830  -58.20556     -0.099    1448.15     15.244     15.097    -0.5578    -0.5559     0.0019    -0.5582    -0.5563     0.0019   2.804554   2.804691   0.000137    34.2992    34.2989     7.5220    27.5673    27.5669         19  0.000e+00
      30411 311.554144  -62.22830  -58.20556     -0.101    1448.15     15.244     15.097    -0.5578    -0.5558     0.0020    -0.5582    -0.5563     0.0020   2.804589   2.804663   0.000074    34.2997    34.2984     7.5221    27.5676    27.5666         19  0.000e+00
      30412 311.554145  -62.22830  -58.20556     -0.101    1448.15     15.252     15.105    -0.5578    -0.5559     0.0019    -0.5582    -0.5563     0.0019   2.804543   2.804657   0.000114    34.2990    34.2984     7.5223    27.5671    27.5665         19  0.000e+00
      30413 311.554145  -62.22830  -58.20556     -0.104    1448.15     15.187     15.041    -0.5581    -0.5557     0.0024    -0.5585    -0.5561     0.0024   2.804503   2.804657   0.000154    34.2989    34.2982     7.5214    27.5670    27.5664         19  0.000e+00
      30414 311.554146  -62.22830  -58.20556     -0.108    1448.15     15.244     15.097    -0.5587    -0.5562     0.0025    -0.5592    -0.5566     0.0025   2.804480   2.804641   0.000160    34.2992    34.2985     7.5207    27.5673    27.5666         19  0.000e+00
      30415 311.554146  -62.22830  -58.20556     -0.111    1448.15     15.187     15.041    -0.5588    -0.5566     0.0021    -0.5592    -0.5571     0.0021   2.804475   2.804596   0.000121    34.2993    34.2985     7.5208    27.5674    27.5666         19  0.000e+00
      30416 311.554147  -62.22830  -58.20556     -0.109    1448.15     15.244     15.097    -0.5589    -0.5570     0.0018    -0.5593    -0.5575     0.0018   2.804412   2.804562   0.000150    34.2985    34.2985     7.5275    27.5668    27.5666         19  0.000e+00
      30417 311.554147  -62.22830  -58.20556     -0.111    1448.15     15.187     15.041    -0.5590    -0.5575     0.0016    -0.5595    -0.5579     0.0016   2.804469   2.804534   0.000065    34.2995    34.2986     7.5287    27.5676    27.5668         19  0.000e+00
      30418 311.554148  -62.22830  -58.20556     -0.112    1448.15     15.187     15.041    -0.5592    -0.5575     0.0016    -0.5596    -0.5580     0.0016   2.804480   2.804511   0.000031    34.2998    34.2983     7.5289    27.5678    27.5666         19  0.000e+00
      30419 311.554148  -62.22830  -58.20556     -0.113    1448.15     15.244     15.097    -0.5593    -0.5577     0.0016    -0.5598    -0.5582     0.0016   2.804475   2.804523   0.000048    34.2999    34.2987     7.5227    27.5679    27.5668         19  0.000e+00
      30420 311.554149  -62.22830  -58.20556     -0.113    1448.15     15.187     15.041    -0.5595    -0.5577     0.0018    -0.5600    -0.5581     0.0018   2.804429   2.804511   0.000082    34.2995    34.2985     7.5282    27.5676    27.5667         19  0.000e+00
      30421 311.554149  -62.22830  -58.20556     -0.113    1448.15     15.187     15.041    -0.5598    -0.5578     0.0020    -0.5602    -0.5583     0.0020   2.804435   2.804522   0.000088    34.2999    34.2988     7.5220    27.5679    27.5670         19  0.000e+00
      30422 311.554150  -62.22830  -58.20556     -0.116    1448.15     15.187     15.041    -0.5600    -0.5582     0.0018    -0.5604    -0.5586     0.0018   2.804383   2.804466   0.000083    34.2994    34.2985     7.5211    27.5675    27.5667         19  0.000e+00
      30423 311.554150  -62.22830  -58.20556     -0.114    1448.15     15.187     15.041    -0.5598    -0.5582     0.0016    -0.5603    -0.5587     0.0016   2.804400   2.804449   0.000049    34.2995    34.2983     7.5212    27.5676    27.5666         19  0.000e+00
      30424 311.554151  -62.22830  -58.20556     -0.116    1448.15     15.187     15.041    -0.5601    -0.5582     0.0020    -0.5606    -0.5586     0.0020   2.804418   2.804483   0.000066    34.3000    34.2987     7.5267    27.5681    27.5669         19  0.000e+00
