Pos-Processados/process_op42/operantar42_025.ros
* Sea-Bird SBE 9 Data File:
* FileName = C:\Users\Hidrografia\Desktop\OPXLII\Brutos\OP42025.hdr
* Software Version Seasave V 7.26.7.107
* Temperature SN = 6502
* Conductivity SN = 4998
* Number of Bytes Per Scan = 37
* Number of Voltage Words = 4
* Number of Scans Averaged by the Deck Unit = 1
* NMEA Latitude = 62 11.31 S
* NMEA Longitude = 058 02.91 W
* NMEA UTC (Time) = Nov 08 2023 13:45:45
* NMEA baud rate = 4800
** H41
** NPOALTEMAXIMIANO
** NUMERO DA ESTACAO (XXX) 025
** LAT (XX XX.XX S/N) 62  11.331 S
** LONG (XXX XX.XX W/E) 058  02.993 W
** DATAHORA (dd/mm/aaaa hh:mm Z) 08/11/2023 1345Z
** PROFUNDIDADE (m) 484
** OPERADOR CT FABIREZA
# nquan = 24
# nvalues = 4022                                  
# units = specified
# name 0 = scan: Scan Count
# name 1 = timeJ: Julian Days
# name 2 = latitude: Latitude [deg]
# name 3 = longitude: Longitude [deg]
# name 4 = dz/dtM: Descent Rate [m/s]
# name 5 = avgsvCM: Average Sound Velocity [Chen-Millero, m/s]
# name 6 = prDM: Pressure, Digiquartz [db]
# name 7 = depSM: Depth [salt water, m]
# name 8 = t090C: Temperature [ITS-90, deg C]
# name 9 = t190C: Temperature, 2 [ITS-90, deg C]
# name 10 = T2-T190C: Temperature Difference, 2 - 1 [ITS-90, deg C]
# name 11 = potemp090C: Potential Temperature [ITS-90, deg C]
# name 12 = potemp190C: Potential Temperature, 2 [ITS-90, deg C]
# name 13 = potemp90Cdiff: Potential Temperature, Diff, 2 - 1 [ITS-90, deg C]
# name 14 = c0S/m: Conductivity [S/m]
# name 15 = c1S/m: Conductivity, 2 [S/m]
# name 16 = C2-C1S/m: Conductivity Difference, 2 - 1 [S/m]
# name 17 = sal00: Salinity, Practical [PSU]
# name 18 = sal11: Salinity, Practical, 2 [PSU]
# name 19 = sbeox0ML/L: Oxygen, SBE 43 [ml/l]
# name 20 = sigma-é00: Density [sigma-theta, kg/m^3]
# name 21 = sigma-é11: Density, 2 [sigma-theta, kg/m^3]
# name 22 = nbf: Bottles Fired
# name 23 = flag:  0.000e+00
# interval = seconds: 0.0416667
# start_time = Nov 08 2023 13:45:45 [NMEA time, header]
# bad_flag = -9.990e-29
*END*
[from data line 3019]
      37336 312.591442  -62.18600  -58.02824      0.308    1449.47      4.869      4.822    -0.5875    -0.5865     0.0010    -0.5876    -0.5866     0.0010   2.801482   2.801529   0.000047    34.2979    34.2974     7.5121    27.5675    27.5671         19  0.000e+00
      37337 312.591443  -62.18600  -58.02824      0.327    1449.47      5.030      4.982    -0.5877    -0.5866     0.0011    -0.5879    -0.5868     0.0011   2.801488   2.801518   0.000030    34.2981    34.2973     7.5133    27.5677    27.5670         19  0.000e+00
      37338 312.591443  -62.18600  -58.02824      0.339    1449.47      4.925      4.878    -0.5878    -0.5868     0.0010    -0.5879    -0.5869     0.0010   2.801477   2.801518   0.000042    34.2981    34.2975     7.5131    27.5677    27.5672         19  0.000e+00
      37339 312.591444  -62.18600  -58.02824      0.356    1449.47      5.102      5.053    -0.5879    -0.5866     0.0013    -0.5880    -0.5868     0.0013   2.801431   2.801529   0.000098    34.2975    34.2974     7.5133    27.5672    27.5671         19  0.000e+00
      37340 312.591444  -62.18600  -58.02822      0.364    1449.47      4.982      4.934    -0.5875    -0.5866     0.0009    -0.5876    -0.5868     0.0009   2.801494   2.801518   0.000025    34.2980    34.2973     7.5130    27.5676    27.5670         19  0.000e+00
      37341 312.591445  -62.18600  -58.02822      0.381    1449.47      5.102      5.053    -0.5875    -0.5866     0.0009    -0.5876    -0.5868     0.0009   2.801534   2.801529  -0.000004    34.2984    34.2974     7.5131    27.5680    27.5671         19  0.000e+00
      37342 312.591445  -62.18600  -58.02822      0.389    1449.47      5.046      4.997    -0.5879    -0.5863     0.0016    -0.5880    -0.5865     0.0016   2.801522   2.801524   0.000002    34.2988    34.2970     7.5131    27.5682    27.5667         19  0.000e+00
      37343 312.591446  -62.18600  -58.02822      0.399    1449.47      5.102      5.053    -0.5877    -0.5866     0.0010    -0.5878    -0.5868     0.0010   2.801562   2.801513  -0.000050    34.2990    34.2972     7.5130    27.5684    27.5669         19  0.000e+00
      37344 312.591446  -62.18600  -58.02822      0.411    1449.47      5.102      5.053    -0.5881    -0.5866     0.0014    -0.5882    -0.5868     0.0014   2.801596   2.801513  -0.000084    34.2999    34.2972     7.5130    27.5692    27.5669         19  0.000e+00
      37345 312.591447  -62.18600  -58.02822      0.421    1449.47      5.167      5.117    -0.5878    -0.5868     0.0010    -0.5879    -0.5869     0.0010   2.801585   2.801496  -0.000089    34.2994    34.2971     7.5077    27.5688    27.5668         19  0.000e+00
      37346 312.591447  -62.18600  -58.02822      0.429    1449.47      5.167      5.117    -0.5879    -0.5869     0.0010    -0.5880    -0.5871     0.0010   2.801636   2.801462  -0.000174    34.3002    34.2968     7.5131    27.5694    27.5666         19  0.000e+00
      37347 312.591448  -62.18600  -58.02822      0.435    1449.47      5.167      5.117    -0.5877    -0.5869     0.0008    -0.5878    -0.5871     0.0008   2.801636   2.801473  -0.000163    34.3000    34.2969     7.5141    27.5692    27.5667         19  0.000e+00
      37348 312.591448  -62.18600  -58.02822      0.442    1449.47      5.167      5.117    -0.5878    -0.5868     0.0010    -0.5879    -0.5869     0.0010   2.801591   2.801501  -0.000089    34.2995    34.2972     7.5089    27.5688    27.5669         19  0.000e+00
      37349 312.591449  -62.18600  -58.02822      0.455    1449.47      5.279      5.229    -0.5879    -0.5863     0.0016    -0.5880    -0.5865     0.0016   2.801596   2.801558  -0.000039    34.2996    34.2973     7.5082    27.5689    27.5670         19  0.000e+00
      37350 312.591449  -62.18600  -58.02822      0.459    1449.47      5.167      5.117    -0.5880    -0.5865     0.0015    -0.5881    -0.5866     0.0015   2.801539   2.801541   0.000001    34.2990    34.2974     7.5073    27.5684    27.5670         19  0.000e+00
      37351 312.591450  -62.18600  -58.02822      0.467    1449.47      5.279      5.229    -0.5879    -0.5861     0.0018    -0.5880    -0.5863     0.0018   2.801465   2.801574   0.000109    34.2979    34.2973     7.5131    27.5675    27.5670         19  0.000e+00
      37352 312.591450  -62.18600  -58.02822      0.474    1449.47      5.279      5.229    -0.5878    -0.5860     0.0018    -0.5879    -0.5862     0.0018   2.801465   2.801597   0.000132    34.2977    34.2975     7.5134    27.5674    27.5671         19  0.000e+00
      37353 312.591451  -62.18600  -58.02822      0.474    1449.47      5.223      5.173    -0.5879    -0.5860     0.0019    -0.5880    -0.5862     0.0019   2.801471   2.801569   0.000098    34.2980    34.2972     7.5136    27.5676    27.5669         19  0.000e+00
      37354 312.591451  -62.18600  -58.02822      0.480    1449.47      5.344      5.292    -0.5875    -0.5860     0.0015    -0.5877    -0.5862     0.0015   2.801488   2.801580   0.000092    34.2977    34.2972     7.5139    27.5673    27.5669         19  0.000e+00
      37355 312.591452  -62.18600  -58.02822      0.480    1449.47      5.271      5.221    -0.5881    -0.5861     0.0019    -0.5882    -0.5863     0.0019   2.801465   2.801608   0.000143    34.2981    34.2978     7.5142    27.5677    27.5674         19  0.000e+00
      37356 312.591452  -62.18600  -58.02822      0.480    1449.47      5.344      5.292    -0.5880    -0.5860     0.0019    -0.5881    -0.5862     0.0019   2.801425   2.801546   0.000121    34.2973    34.2968     7.5081    27.5671    27.5666         19  0.000e+00
      37357 312.591453  -62.18600  -58.02822      0.475    1449.47      5.279      5.229    -0.5881    -0.5861     0.0020    -0.5883    -0.5863     0.0020   2.801477   2.801591   0.000115    34.2983    34.2976     7.5073    27.5678    27.5672         19  0.000e+00
      37358 312.591453  -62.18600  -58.02822      0.476    1449.47      5.344      5.292    -0.5881    -0.5860     0.0020    -0.5882    -0.5862     0.0020   2.801499   2.801552   0.000053    34.2985    34.2969     7.5131    27.5680    27.5666         19  0.000e+00
      37359 312.591454  -62.18600  -58.02822      0.474    1449.47      5.344      5.292    -0.5881    -0.5865     0.0016    -0.5883    -0.5867     0.0016   2.801534   2.801541   0.000007    34.2990    34.2973     7.5134    27.5684    27.5669         19  0.000e+00
      37360 312.591454  -62.18600  -58.02822      0.473    1449.47      5.400      5.348    -0.5879    -0.5861     0.0018    -0.5881    -0.5863     0.0018   2.801608   2.801558  -0.000050    34.2997    34.2970     7.5137    27.5690    27.5668         19  0.000e+00
      37361 312.591454  -62.18600  -58.02822      0.467    1449.47      5.344      5.292    -0.5880    -0.5861     0.0018    -0.5881    -0.5863     0.0018   2.801591   2.801563  -0.000028    34.2996    34.2972     7.5140    27.5689    27.5669         19  0.000e+00
      37362 312.591455  -62.18600  -58.02822      0.462    1449.47      5.344      5.292    -0.5879    -0.5865     0.0014    -0.5881    -0.5867     0.0014   2.801596   2.801563  -0.000033    34.2996    34.2976     7.5143    27.5689    27.5672         19  0.000e+00
      37363 312.591455  -62.18600  -58.02822      0.458    1449.47      5.400      5.348    -0.5877    -0.5861     0.0015    -0.5878    -0.5863     0.0015   2.801602   2.801569  -0.000033    34.2994    34.2972     7.5147    27.5687    27.5669         19  0.000e+00
      37364 312.591456  -62.18598  -58.02822      0.445    1449.47      5.344      5.292    -0.5877    -0.5861     0.0015    -0.5878    -0.5863     0.0015   2.801522   2.801563   0.000041    34.2983    34.2972     7.5150    27.5679    27.5669         19  0.000e+00
      37365 312.591456  -62.18598  -58.02822      0.441    1449.47      5.400      5.348    -0.5874    -0.5863     0.0011    -0.5876    -0.5865     0.0011   2.801557   2.801563   0.000007    34.2985    34.2973     7.5154    27.5680    27.5670         19  0.000e+00
      37366 312.591457  -62.18598  -58.02822      0.431    1449.47      5.344      5.292    -0.5873    -0.5861     0.0012    -0.5875    -0.5863     0.0012   2.801534   2.801546   0.000013    34.2981    34.2969     7.5156    27.5677    27.5667         19  0.000e+00
      37367 312.591457  -62.18598  -58.02822      0.423    1449.47      5.400      5.348    -0.5873    -0.5863     0.0009    -0.5874    -0.5865     0.0009   2.801522   2.801535   0.000013    34.2978    34.2969     7.5160    27.5675    27.5667         19  0.000e+00
      37368 312.591458  -62.18598  -58.02822      0.416    1449.47      5.400      5.348    -0.5870    -0.5860     0.0010    -0.5872    -0.5862     0.0010   2.801465   2.801535   0.000070    34.2968    34.2966     7.5100    27.5666    27.5664         19  0.000e+00
      37369 312.591458  -62.18598  -58.02822      0.408    1449.47      5.400      5.348    -0.5876    -0.5863     0.0013    -0.5878    -0.5865     0.0013   2.801465   2.801552   0.000087    34.2975    34.2972     7.5158    27.5672    27.5669         19  0.000e+00
      37370 312.591459  -62.18598  -58.02822      0.397    1449.47      5.400      5.348    -0.5873    -0.5861     0.0012    -0.5875    -0.5863     0.0012   2.801477   2.801546   0.000070    34.2973    34.2969     7.5162    27.5670    27.5666         19  0.000e+00
      37371 312.591459  -62.18598  -58.02822      0.381    1449.47      5.344      5.292    -0.5872    -0.5861     0.0010    -0.5873    -0.5863     0.0010   2.801534   2.801558   0.000024    34.2979    34.2971     7.5164    27.5675    27.5668         19  0.000e+00
      37372 312.591460  -62.18598  -58.02822      0.378    1449.47      5.465      5.412    -0.5876    -0.5861     0.0015    -0.5878    -0.5863     0.0015   2.801568   2.801563  -0.000005    34.2988    34.2971     7.5095    27.5683    27.5668         19  0.000e+00
      37373 312.591460  -62.18598  -58.02822      0.359    1449.47      5.344      5.292    -0.5870    -0.5860     0.0010    -0.5872    -0.5862     0.0010   2.801517   2.801529   0.000013    34.2975    34.2966     7.5140    27.5672    27.5664         19  0.000e+00
      37374 312.591461  -62.18598  -58.02822      0.348    1449.47      5.392      5.340    -0.5873    -0.5861     0.0011    -0.5874    -0.5863     0.0011   2.801574   2.801529  -0.000044    34.2985    34.2967     7.5144    27.5680    27.5665         19  0.000e+00
      37375 312.591461  -62.18598  -58.02822      0.336    1449.47      5.400      5.348    -0.5872    -0.5861     0.0010    -0.5873    -0.5863     0.0010   2.801602   2.801535  -0.000067    34.2988    34.2967     7.5147    27.5682    27.5665         19  0.000e+00
      37376 312.591462  -62.18598  -58.02822      0.322    1449.47      5.400      5.348    -0.5874    -0.5861     0.0013    -0.5876    -0.5863     0.0013   2.801619   2.801535  -0.000084    34.2993    34.2967     7.5151    27.5687    27.5665         19  0.000e+00
      37377 312.591462  -62.18598  -58.02822      0.307    1449.47      5.400      5.348    -0.5872    -0.5860     0.0011    -0.5873    -0.5862     0.0011   2.801665   2.801541  -0.000124    34.2996    34.2967     7.5154    27.5689    27.5665         19  0.000e+00
      37378 312.591463  -62.18598  -58.02822      0.294    1449.47      5.400      5.348    -0.5873    -0.5861     0.0012    -0.5875    -0.5863     0.0012   2.801602   2.801535  -0.000067    34.2990    34.2967     7.5158    27.5684    27.5665         19  0.000e+00
      37379 312.591463  -62.18598  -58.02822      0.276    1449.47      5.344      5.292    -0.5871    -0.5861     0.0010    -0.5873    -0.5863     0.0010   2.801534   2.801535   0.000001    34.2978    34.2968     7.5161    27.5674    27.5665         19  0.000e+00
      37380 312.591464  -62.18598  -58.02822      0.264    1449.47      5.400      5.348    -0.5872    -0.5861     0.0010    -0.5873    -0.5863     0.0010   2.801562   2.801524  -0.000038    34.2983    34.2966     7.5101    27.5678    27.5664         19  0.000e+00
      37381 312.591464  -62.18598  -58.02822      0.251    1449.47      5.400      5.348    -0.5871    -0.5861     0.0010    -0.5873    -0.5863     0.0010   2.801477   2.801529   0.000053    34.2970    34.2967     7.5159    27.5668    27.5665         19  0.000e+00
      37382 312.591465  -62.18598  -58.02822      0.233    1449.47      5.344      5.292    -0.5873    -0.5860     0.0013    -0.5875    -0.5862     0.0013   2.801482   2.801535   0.000053    34.2974    34.2966     7.5098    27.5671    27.5664         19  0.000e+00
      37383 312.591465  -62.18598  -58.02822      0.220    1449.47      5.400      5.348    -0.5874    -0.5863     0.0011    -0.5876    -0.5865     0.0011   2.801460   2.801535   0.000076    34.2972    34.2969     7.5157    27.5669    27.5667         19  0.000e+00
      37384 312.591466  -62.18598  -58.02822      0.207    1449.47      5.344      5.292    -0.5875    -0.5860     0.0015    -0.5877    -0.5862     0.0015   2.801454   2.801541   0.000087    34.2972    34.2967     7.5161    27.5670    27.5665         19  0.000e+00
      37385 312.591466  -62.18598  -58.02822      0.189    1449.47      5.400      5.348    -0.5877    -0.5861     0.0015    -0.5878    -0.5863     0.0015   2.801488   2.801518   0.000030    34.2978    34.2965     7.5166    27.5675    27.5663         19  0.000e+00
      37386 312.591467  -62.18598  -58.02822      0.176    1449.47      5.344      5.292    -0.5874    -0.5863     0.0011    -0.5876    -0.5865     0.0011   2.801477   2.801529   0.000053    34.2975    34.2969     7.5169    27.5672    27.5667         19  0.000e+00
      37387 312.591467  -62.18598  -58.02822      0.160    1449.47      5.400      5.348    -0.5873    -0.5861     0.0012    -0.5875    -0.5863     0.0012   2.801505   2.801541   0.000036    34.2977    34.2968     7.5110    27.5673    27.5666         19  0.000e+00
      37388 312.591467  -62.18598  -58.02822      0.150    1449.47      5.344      5.292    -0.5870    -0.5861     0.0008    -0.5871    -0.5863     0.0008   2.801562   2.801558  -0.000005    34.2981    34.2971     7.5167    27.5676    27.5668         19  0.000e+00
      37389 312.591468  -62.18598  -58.02822      0.131    1449.47      5.344      5.292    -0.5875    -0.5861     0.0014    -0.5877    -0.5863     0.0014   2.801596   2.801563  -0.000033    34.2991    34.2972     7.5108    27.5685    27.5669         19  0.000e+00
      37390 312.591468  -62.18598  -58.02822      0.120    1449.47      5.344      5.292    -0.5873    -0.5861     0.0011    -0.5874    -0.5863     0.0011   2.801619   2.801541  -0.000079    34.2992    34.2969     7.5102    27.5685    27.5666         19  0.000e+00
      37391 312.591469  -62.18598  -58.02822      0.104    1449.47      5.344      5.292    -0.5873    -0.5863     0.0010    -0.5875    -0.5865     0.0010   2.801608   2.801541  -0.000067    34.2991    34.2971     7.5098    27.5685    27.5668         19  0.000e+00
      37392 312.591469  -62.18598  -58.02822      0.091    1449.47      5.344      5.292    -0.5877    -0.5860     0.0016    -0.5878    -0.5862     0.0016   2.801602   2.801518  -0.000084    34.2994    34.2964     7.5094    27.5687    27.5662         19  0.000e+00
      37393 312.591470  -62.18598  -58.02822      0.073    1449.47      5.271      5.221    -0.5873    -0.5863     0.0009    -0.5874    -0.5865     0.0009   2.801585   2.801546  -0.000039    34.2988    34.2972     7.5153    27.5682    27.5669         19  0.000e+00
      37394 312.591470  -62.18598  -58.02822      0.063    1449.47      5.344      5.292    -0.5872    -0.5863     0.0008    -0.5873    -0.5865     0.0008   2.801579   2.801529  -0.000050    34.2985    34.2969     7.5085    27.5680    27.5667         19  0.000e+00
      37395 312.591471  -62.18598  -58.02822      0.053    1449.47      5.344      5.292    -0.5871    -0.5865     0.0006    -0.5873    -0.5867     0.0006   2.801477   2.801552   0.000075    34.2971    34.2974     7.5082    27.5668    27.5671         19  0.000e+00
