Pos-Processados/process_op42/operantar42_011.ros
* Sea-Bird SBE 9 Data File:
* FileName = C:\Users\Hidrografia\Desktop\OPXLII\Brutos\OP42011.hdr
* Software Version Seasave V 7.26.7.107
* Temperature SN = 6502
* Conductivity SN = 4998
* Number of Bytes Per Scan = 31
* Number of Voltage Words = 2
* Number of Scans Averaged by the Deck Unit = 1
* NMEA Latitude = 45 08.67 S
* NMEA Longitude = 055 57.85 W
* NMEA UTC (Time) = Oct 19 2023 08:19:59
* NMEA baud rate = 4800
** H41
** NPOALTEMAXIMIANO
** NUMERO DA ESTACAO (XXX) 011
** LAT (XX XX.XX S/N) 45 5.419 S
** LONG (XXX XX.XX W/E) 055 57.980 W
** DATAHORA (dd/mm/aaaa hh:mm Z) 19/10/2023 0819Z
** PROFUNDIDADE (m) 5475
** OPERADOR CT FILIPE LOPES
# nquan = 24
# nvalues = 4146                                  
# units = specified
# name 0 = scan: Scan Count
# name 1 = timeJ: Julian Days
# name 2 = latitude: Latitude [deg]
# name 3 = longitude: Longitude [deg]
# name 4 = dz/dtM: Descent Rate [m/s]
# name 5 = avgsvCM: Average Sound Velocity [Chen-Millero, m/s]
# name 6 = prDM: Pressure, Digiquartz [db]
# name 7 = depSM: Depth [salt water, m]
# name 8 = t090C: Temperature [ITS-90, deg C]
# name 9 = t190C: Temperature, 2 [ITS-90, deg C]
# name 10 = T2-T190C: Temperature Difference, 2 - 1 [ITS-90, deg C]
# name 11 = potemp090C: Potential Temperature [ITS-90, deg C]
# name 12 = potemp190C: Potential Temperature, 2 [ITS-90, deg C]
# name 13 = potemp90Cdiff: Potential Temperature, Diff, 2 - 1 [ITS-90, deg C]
# name 14 = c0S/m: Conductivity [S/m]
# name 15 = c1S/m: Conductivity, 2 [S/m]
# name 16 = C2-C1S/m: Conductivity Difference, 2 - 1 [S/m]
# name 17 = sal00: Salinity, Practical [PSU]
# name 18 = sal11: Salinity, Practical, 2 [PSU]
# name 19 = sbeox0ML/L: Oxygen, SBE 43 [ml/l]
# name 20 = sigma-é00: Density [sigma-theta, kg/m^3]
# name 21 = sigma-é11: Density, 2 [sigma-theta, kg/m^3]
# name 22 = nbf: Bottles Fired
# name 23 = flag:  0.000e+00
# interval = seconds: 0.0416667
# start_time = Oct 19 2023 08:19:59 [NMEA time, header]
# bad_flag = -9.990e-29
*END*
[from data line 484]
      58993 292.375660  -45.15018  -55.95332      0.152    1474.96     42.486     42.137    12.2307    12.2375     0.0067    12.2252    12.2319     0.0067   4.028331   4.029233   0.000902    35.0419    35.0444     5.9243    26.5784    26.5789          3  0.000e+00
      58994 292.375660  -45.15018  -55.95332      0.157    1474.96     42.543     42.193    12.2284    12.2355     0.0071    12.2228    12.2299     0.0071   4.028095   4.028903   0.000808    35.0418    35.0431     5.9246    26.5787    26.5783          3  0.000e+00
      58995 292.375661  -45.15018  -55.95332      0.161    1474.96     42.487     42.137    12.2280    12.2331     0.0051    12.2225    12.2275     0.0051   4.028016   4.028586   0.000570    35.0414    35.0422     5.9241    26.5785    26.5781          3  0.000e+00
      58996 292.375661  -45.15018  -55.95332      0.163    1474.96     42.487     42.137    12.2264    12.2313     0.0049    12.2208    12.2257     0.0049   4.027970   4.028379   0.000409    35.0425    35.0419     5.9200    26.5796    26.5782          3  0.000e+00
      58997 292.375662  -45.15018  -55.95332      0.159    1474.96     42.503     42.153    12.2256    12.2310     0.0054    12.2200    12.2254     0.0054   4.027832   4.028230   0.000398    35.0420    35.0408     5.9238    26.5794    26.5774          3  0.000e+00
      58998 292.375662  -45.15018  -55.95332      0.165    1474.96     42.543     42.193    12.2254    12.2306     0.0053    12.2198    12.2250     0.0053   4.027839   4.028198   0.000359    35.0422    35.0407     5.9237    26.5796    26.5774          3  0.000e+00
      58999 292.375663  -45.15018  -55.95332      0.166    1474.96     42.543     42.193    12.2274    12.2310     0.0036    12.2218    12.2254     0.0036   4.027970   4.028198   0.000228    35.0416    35.0404     5.9233    26.5787    26.5771          3  0.000e+00
      59000 292.375663  -45.15018  -55.95332      0.166    1474.96     42.543     42.193    12.2285    12.2316     0.0032    12.2229    12.2261     0.0032   4.028075   4.028301   0.000226    35.0416    35.0408     5.9229    26.5785    26.5773          3  0.000e+00
      59001 292.375664  -45.15018  -55.95332      0.170    1474.96     42.543     42.193    12.2293    12.2323     0.0031    12.2237    12.2267     0.0031   4.028108   4.028411   0.000304    35.0412    35.0412     5.9226    26.5780    26.5775          3  0.000e+00
      59002 292.375664  -45.15018  -55.95332      0.169    1474.96     42.543     42.193    12.2297    12.2328     0.0030    12.2241    12.2272     0.0030   4.028213   4.028418   0.000205    35.0417    35.0409     5.9222    26.5784    26.5771          3  0.000e+00
      59003 292.375665  -45.15018  -55.95332      0.172    1474.96     42.567     42.217    12.2299    12.2323     0.0024    12.2243    12.2267     0.0024   4.028193   4.028431   0.000238    35.0414    35.0414     5.9223    26.5781    26.5776          3  0.000e+00
      59004 292.375665  -45.15018  -55.95332      0.173    1474.96     42.543     42.193    12.2282    12.2320     0.0038    12.2226    12.2264     0.0038   4.027957   4.028366   0.000409    35.0407    35.0411     5.9226    26.5778    26.5775          3  0.000e+00
      59005 292.375666  -45.15018  -55.95332      0.173    1474.96     42.608     42.257    12.2277    12.2324     0.0047    12.2221    12.2268     0.0047   4.027708   4.028437   0.000730    35.0387    35.0414     5.9225    26.5764    26.5776          3  0.000e+00
      59006 292.375666  -45.15018  -55.95332      0.172    1474.96     42.543     42.193    12.2284    12.2325     0.0041    12.2228    12.2269     0.0041   4.027675   4.028476   0.000801    35.0377    35.0417     5.9224    26.5755    26.5779          3  0.000e+00
      59007 292.375666  -45.15018  -55.95332      0.176    1474.96     42.608     42.257    12.2276    12.2330     0.0054    12.2220    12.2274     0.0054   4.027662   4.028528   0.000866    35.0384    35.0417     5.9221    26.5762    26.5777          3  0.000e+00
      59008 292.375667  -45.15018  -55.95332      0.177    1474.96     42.608     42.257    12.2271    12.2331     0.0061    12.2215    12.2275     0.0061   4.027596   4.028592   0.000997    35.0382    35.0422     5.9218    26.5762    26.5781          3  0.000e+00
      59009 292.375667  -45.15018  -55.95332      0.175    1474.96     42.567     42.217    12.2262    12.2326     0.0064    12.2206    12.2270     0.0064   4.027635   4.028534   0.000899    35.0394    35.0421     5.9218    26.5773    26.5781          3  0.000e+00
      59010 292.375668  -45.15018  -55.95332      0.174    1474.96     42.608     42.257    12.2264    12.2320     0.0056    12.2208    12.2264     0.0056   4.027570   4.028515   0.000945    35.0386    35.0425     5.9217    26.5766    26.5786          3  0.000e+00
      59011 292.375668  -45.15018  -55.95332      0.173    1474.96     42.608     42.257    12.2264    12.2318     0.0054    12.2208    12.2262     0.0054   4.027570   4.028560   0.000990    35.0386    35.0431     5.9216    26.5766    26.5790          3  0.000e+00
      59012 292.375669  -45.15018  -55.95332      0.174    1474.96     42.608     42.257    12.2264    12.2326     0.0062    12.2208    12.2270     0.0062   4.027530   4.028657   0.001127    35.0381    35.0433     5.9211    26.5762    26.5791          3  0.000e+00
      59013 292.375669  -45.15018  -55.95332      0.173    1474.96     42.608     42.257    12.2265    12.2338     0.0073    12.2209    12.2282     0.0073   4.027589   4.028767   0.001178    35.0386    35.0432     5.9210    26.5766    26.5788          3  0.000e+00
      59014 292.375670  -45.15018  -55.95332      0.173    1474.96     42.680     42.329    12.2271    12.2343     0.0073    12.2214    12.2287     0.0073   4.027668   4.028838   0.001170    35.0389    35.0435     5.9208    26.5767    26.5789          3  0.000e+00
      59015 292.375670  -45.15018  -55.95332      0.172    1474.96     42.608     42.257    12.2264    12.2348     0.0084    12.2208    12.2292     0.0084   4.027550   4.028832   0.001282    35.0384    35.0429     5.9207    26.5764    26.5783          3  0.000e+00
      59016 292.375671  -45.15018  -55.95332      0.174    1474.96     42.664     42.313    12.2257    12.2358     0.0101    12.2201    12.2302     0.0101   4.027484   4.028748   0.001263    35.0384    35.0412     5.9206    26.5766    26.5768          3  0.000e+00
      59017 292.375671  -45.15018  -55.95332      0.171    1474.96     42.608     42.257    12.2262    12.2361     0.0099    12.2206    12.2305     0.0099   4.027576   4.028741   0.001165    35.0388    35.0408     5.9203    26.5768    26.5764          3  0.000e+00
      59018 292.375672  -45.15018  -55.95332      0.169    1474.96     42.608     42.257    12.2272    12.2350     0.0077    12.2216    12.2294     0.0077   4.027616   4.028702   0.001087    35.0382    35.0415     5.9200    26.5762    26.5772          3  0.000e+00
      59019 292.375672  -45.15018  -55.95332      0.168    1474.96     42.664     42.313    12.2291    12.2347     0.0057    12.2235    12.2291     0.0057   4.027799   4.028690   0.000890    35.0383    35.0416     5.9195    26.5758    26.5773          3  0.000e+00
      59020 292.375673  -45.15018  -55.95332      0.168    1474.96     42.680     42.329    12.2304    12.2342     0.0037    12.2248    12.2286     0.0037   4.027937   4.028631   0.000694    35.0383    35.0416     5.9191    26.5756    26.5774          3  0.000e+00
      59021 292.375673  -45.15018  -55.95332      0.162    1474.96     42.608     42.257    12.2333    12.2330    -0.0003    12.2277    12.2274    -0.0003   4.028200   4.028483   0.000283    35.0383    35.0413     5.9188    26.5750    26.5774          3  0.000e+00
      59022 292.375674  -45.15018  -55.95332      0.166    1474.96     42.721     42.369    12.2365    12.2313    -0.0051    12.2308    12.2257    -0.0051   4.028521   4.028386  -0.000136    35.0383    35.0418     5.9186    26.5745    26.5782          3  0.000e+00
      59023 292.375674  -45.15018  -55.95332      0.162    1474.96     42.664     42.313    12.2375    12.2304    -0.0070    12.2319    12.2248    -0.0070   4.028620   4.028373  -0.000247    35.0384    35.0426     5.9182    26.5743    26.5789          3  0.000e+00
      59024 292.375675  -45.15018  -55.95332      0.161    1474.96     42.664     42.313    12.2341    12.2303    -0.0038    12.2285    12.2247    -0.0038   4.028318   4.028424   0.000107    35.0386    35.0432     5.9183    26.5751    26.5794          3  0.000e+00
      59025 292.375675  -45.15018  -55.95332      0.159    1474.96     42.664     42.313    12.2316    12.2310    -0.0006    12.2260    12.2254    -0.0006   4.028049   4.028463   0.000414    35.0383    35.0429     5.9226    26.5754    26.5791          3  0.000e+00
      59026 292.375676  -45.15018  -55.95332      0.157    1474.96     42.680     42.329    12.2309    12.2302    -0.0007    12.2253    12.2245    -0.0007   4.027977   4.028418   0.000441    35.0383    35.0433     5.9228    26.5755    26.5795          3  0.000e+00
      59027 292.375676  -45.15018  -55.95332      0.153    1474.96     42.664     42.313    12.2343    12.2293    -0.0050    12.2287    12.2237    -0.0050   4.028278   4.028224  -0.000055    35.0381    35.0422     5.9224    26.5747    26.5788          3  0.000e+00
      59028 292.375677  -45.15018  -55.95332      0.153    1474.96     42.664     42.313    12.2398    12.2283    -0.0115    12.2342    12.2227    -0.0115   4.028757   4.028133  -0.000624    35.0375    35.0422     5.9217    26.5732    26.5791          3  0.000e+00
      59029 292.375677  -45.15018  -55.95332      0.152    1474.96     42.721     42.369    12.2455    12.2278    -0.0177    12.2399    12.2222    -0.0177   4.029315   4.028179  -0.001137    35.0376    35.0431     5.9214    26.5721    26.5798          3  0.000e+00
      59030 292.375678  -45.15018  -55.95332      0.146    1474.96     42.664     42.313    12.2556    12.2293    -0.0263    12.2500    12.2237    -0.0263   4.030241   4.028327  -0.001913    35.0371    35.0432     5.9200    26.5698    26.5796          3  0.000e+00
      59031 292.375678  -45.15018  -55.95332      0.146    1474.96     42.721     42.369    12.2643    12.2313    -0.0330    12.2587    12.2257    -0.0330   4.031225   4.028476  -0.002749    35.0385    35.0427     5.9230    26.5692    26.5789          3  0.000e+00
      59032 292.375679  -45.15018  -55.95332      0.140    1474.96     42.680     42.329    12.2709    12.2336    -0.0372    12.2653    12.2280    -0.0372   4.031928   4.028748  -0.003180    35.0392    35.0432     5.9228    26.5685    26.5788          3  0.000e+00
      59033 292.375679  -45.15018  -55.95332      0.135    1474.96     42.664     42.313    12.2700    12.2370    -0.0331    12.2644    12.2314    -0.0331   4.032223   4.028981  -0.003242    35.0429    35.0424     5.9192    26.5715    26.5775          3  0.000e+00
      59034 292.375679  -45.15018  -55.95332      0.134    1474.96     42.721     42.369    12.2757    12.2387    -0.0370    12.2701    12.2331    -0.0370   4.032689   4.029220  -0.003469    35.0420    35.0430     5.9230    26.5697    26.5777          3  0.000e+00
      59035 292.375680  -45.15018  -55.95332      0.129    1474.96     42.664     42.313    12.2807    12.2410    -0.0398    12.2751    12.2354    -0.0397   4.033221   4.029459  -0.003761    35.0425    35.0432     5.9229    26.5691    26.5774          3  0.000e+00
      59036 292.375680  -45.15018  -55.95332      0.126    1474.96     42.721     42.369    12.2798    12.2438    -0.0360    12.2742    12.2382    -0.0360   4.033195   4.029789  -0.003405    35.0431    35.0438     5.9236    26.5698    26.5772          3  0.000e+00
      59037 292.375681  -45.15018  -55.95332      0.126    1474.96     42.721     42.369    12.2791    12.2463    -0.0328    12.2735    12.2407    -0.0328   4.033030   4.030139  -0.002892    35.0422    35.0448     5.9243    26.5692    26.5776          3  0.000e+00
      59038 292.375681  -45.15018  -55.95332      0.119    1474.96     42.681     42.329    12.2709    12.2485    -0.0224    12.2653    12.2429    -0.0224   4.032525   4.030404  -0.002121    35.0450    35.0454     5.9257    26.5730    26.5776          3  0.000e+00
      59039 292.375682  -45.15018  -55.95332      0.118    1474.96     42.721     42.369    12.2593    12.2503    -0.0090    12.2537    12.2447    -0.0090   4.031613   4.030598  -0.001014    35.0469    35.0455     5.9276    26.5767    26.5774          3  0.000e+00
      59040 292.375682  -45.15018  -55.95332      0.117    1474.96     42.721     42.369    12.2527    12.2533     0.0006    12.2471    12.2477     0.0006   4.030740   4.030961   0.000221    35.0446    35.0463     5.9333    26.5762    26.5773          3  0.000e+00
      59041 292.375683  -45.15018  -55.95332      0.112    1474.96     42.721     42.369    12.2460    12.2557     0.0097    12.2404    12.2500     0.0097   4.030018   4.031291   0.001273    35.0439    35.0472     5.9350    26.5770    26.5777          3  0.000e+00
      59042 292.375683  -45.15018  -55.95332      0.109    1474.96     42.721     42.369    12.2408    12.2566     0.0158    12.2352    12.2510     0.0158   4.029624   4.031485   0.001861    35.0450    35.0482     5.9363    26.5788    26.5782          3  0.000e+00
      59043 292.375684  -45.15018  -55.95332      0.107    1474.96     42.681     42.329    12.2396    12.2586     0.0190    12.2340    12.2530     0.0190   4.029460   4.031776   0.002316    35.0445    35.0492     5.9372    26.5786    26.5786          3  0.000e+00
      59044 292.375684  -45.15018  -55.95332      0.103    1474.96     42.721     42.369    12.2388    12.2618     0.0230    12.2332    12.2562     0.0230   4.029519   4.032080   0.002561    35.0458    35.0492     5.9379    26.5798    26.5780          3  0.000e+00
      59045 292.375685  -45.15018  -55.95332      0.098    1474.96     42.721     42.369    12.2383    12.2641     0.0258    12.2327    12.2584     0.0258   4.029670   4.032197   0.002527    35.0478    35.0482     5.9423    26.5814    26.5767          3  0.000e+00
      59046 292.375685  -45.15018  -55.95332      0.094    1474.96     42.721     42.369    12.2401    12.2661     0.0260    12.2345    12.2605     0.0260   4.029854   4.032378   0.002524    35.0478    35.0480     5.9430    26.5811    26.5762          3  0.000e+00
      59047 292.375686  -45.15018  -55.95332      0.096    1474.96     42.785     42.433    12.2476    12.2666     0.0190    12.2420    12.2610     0.0190   4.030444   4.032456   0.002011    35.0465    35.0483     5.9429    26.5787    26.5763          3  0.000e+00
      59048 292.375686  -45.15018  -55.95332      0.093    1474.96     42.721     42.369    12.2556    12.2671     0.0115    12.2500    12.2614     0.0115   4.031376   4.032559   0.001183    35.0481    35.0489     5.9426    26.5784    26.5767          3  0.000e+00
      59049 292.375687  -45.15018  -55.95332      0.092    1474.96     42.745     42.393    12.2626    12.2672     0.0045    12.2570    12.2615     0.0045   4.032295   4.032786   0.000490    35.0504    35.0510     5.9423    26.5788    26.5783          3  0.000e+00
      59050 292.375687  -45.15018  -55.95332      0.088    1474.96     42.721     42.369    12.2687    12.2695     0.0009    12.2631    12.2639     0.0009   4.032853   4.033129   0.000275    35.0502    35.0521     5.9421    26.5774    26.5787          3  0.000e+00
      59051 292.375688  -45.15018  -55.95332      0.084    1474.96     42.721     42.369    12.2748    12.2720    -0.0028    12.2691    12.2664    -0.0028   4.033227   4.033336   0.000108    35.0482    35.0518     5.9462    26.5747    26.5780          3  0.000e+00
