Pos-Processados/process_op42/operantar42_002.ros
* Sea-Bird SBE 9 Data File:
* FileName = C:\Users\Hidrografia\Desktop\OPXLII\Brutos\OP42002.hdr
* Software Version Seasave V 7.26.7.107
* Temperature SN = 6502
* Conductivity SN = 4998
* Number of Bytes Per Scan = 37
* Number of Voltage Words = 4
* Number of Scans Averaged by the Deck Unit = 1
* NMEA Latitude = 37 53.44 S
* NMEA Longitude = 051 46.15 W
* NMEA UTC (Time) = Oct 16 2023 08:29:02
* NMEA baud rate = 4800
** H41
** NPOALTEMAXIMIANO
** NUMERO DA ESTACAO (XXX) 002
** LAT (XX XX.XX S/N) 37 53.431 S
** LONG (XXX XX.XX W/E) 51 48.140 W
** DATAHORA (dd/mm/aaaa hh:mm Z) 16/10/2023 0828Z
** PROFUNDIDADE (m) 4384
** OPERADOR CT FILIPE LOPES
# nquan = 24
# nvalues = 3841                                  
# units = specified
# name 0 = scan: Scan Count
# name 1 = timeJ: Julian Days
# name 2 = latitude: Latitude [deg]
# name 3 = longitude: Longitude [deg]
# name 4 = dz/dtM: Descent Rate [m/s]
# name 5 = avgsvCM: Average Sound Velocity [Chen-Millero, m/s]
# name 6 = prDM: Pressure, Digiquartz [db]
# name 7 = depSM: Depth [salt water, m]
# name 8 = t090C: Temperature [ITS-90, deg C]
# name 9 = t190C: Temperature, 2 [ITS-90, deg C]
# name 10 = T2-T190C: Temperature Difference, 2 - 1 [ITS-90, deg C]
# name 11 = potemp090C: Potential Temperature [ITS-90, deg C]
# name 12 = potemp190C: Potential Temperature, 2 [ITS-90, deg C]
# name 13 = potemp90Cdiff: Potential Temperature, Diff, 2 - 1 [ITS-90, deg C]
# name 14 = c0S/m: Conductivity [S/m]
# name 15 = c1S/m: Conductivity, 2 [S/m]
# name 16 = C2-C1S/m: Conductivity Difference, 2 - 1 [S/m]
# name 17 = sal00: Salinity, Practical [PSU]
# name 18 = sal11: Salinity, Practical, 2 [PSU]
# name 19 = sbeox0ML/L: Oxygen, SBE 43 [ml/l]
# name 20 = sigma-é00: Density [sigma-theta, kg/m^3]
# name 21 = sigma-é11: Density, 2 [sigma-theta, kg/m^3]
# name 22 = nbf: Bottles Fired
# name 23 = flag:  0.000e+00
# interval = seconds: 0.0416667
# start_time = Oct 16 2023 08:29:02 [NMEA time, header]
# bad_flag = -9.990e-29
*END*
[from data line 785]
      66546 289.385587  -37.90440  -51.78350      0.349    1502.92     45.301     44.958    18.1224    18.1262     0.0038    18.1146    18.1183     0.0038   4.745299   4.745988   0.000689    36.2064    36.2089     5.2449    26.1679    26.1689          5  0.000e+00
      66547 289.385587  -37.90440  -51.78350      0.331    1502.92     45.277     44.934    18.1151    18.1283     0.0132    18.1073    18.1204     0.0132   4.744359   4.746050   0.001691    36.2048    36.2076     5.2455    26.1685    26.1674          5  0.000e+00
      66548 289.385588  -37.90440  -51.78350      0.314    1502.92     45.333     44.990    18.1136    18.1324     0.0189    18.1057    18.1246     0.0189   4.743910   4.746562   0.002652    36.2023    36.2083     5.2455    26.1670    26.1669          5  0.000e+00
      66549 289.385588  -37.90440  -51.78350      0.297    1502.92     45.333     44.990    18.1120    18.1343     0.0224    18.1041    18.1265     0.0224   4.743882   4.746901   0.003020    36.2035    36.2095     5.2454    26.1683    26.1673          5  0.000e+00
      66550 289.385589  -37.90440  -51.78350      0.281    1502.92     45.277     44.934    18.1092    18.1333     0.0241    18.1014    18.1254     0.0241   4.743833   4.746812   0.002979    36.2055    36.2097     5.2454    26.1705    26.1677          5  0.000e+00
      66551 289.385589  -37.90440  -51.78350      0.261    1502.92     45.277     44.934    18.1106    18.1328     0.0222    18.1027    18.1249     0.0222   4.744113   4.746673   0.002560    36.2067    36.2090     5.2452    26.1711    26.1673          5  0.000e+00
      66552 289.385590  -37.90440  -51.78350      0.243    1502.92     45.277     44.934    18.1144    18.1340     0.0196    18.1066    18.1261     0.0195   4.744605   4.746687   0.002082    36.2075    36.2080     5.2448    26.1708    26.1663          5  0.000e+00
      66553 289.385590  -37.90440  -51.78350      0.224    1502.92     45.277     44.934    18.1202    18.1333     0.0131    18.1123    18.1254     0.0131   4.745313   4.746687   0.001374    36.2085    36.2086     5.2405    26.1701    26.1669          5  0.000e+00
      66554 289.385591  -37.90440  -51.78350      0.203    1502.92     45.213     44.870    18.1250    18.1331     0.0081    18.1171    18.1253     0.0081   4.745917   4.746687   0.000770    36.2094    36.2088     5.2433    26.1696    26.1671          5  0.000e+00
      66555 289.385591  -37.90440  -51.78350      0.183    1502.92     45.213     44.870    18.1283    18.1338     0.0054    18.1205    18.1259     0.0054   4.746239   4.746770   0.000531    36.2092    36.2089     5.2430    26.1686    26.1670          5  0.000e+00
      66556 289.385592  -37.90440  -51.78350      0.165    1502.92     45.277     44.934    18.1314    18.1345     0.0031    18.1236    18.1266     0.0031   4.746660   4.746888   0.000227    36.2100    36.2093     5.2426    26.1685    26.1671          5  0.000e+00
      66557 289.385592  -37.90440  -51.78350      0.142    1502.92     45.156     44.814    18.1341    18.1352     0.0011    18.1263    18.1273     0.0011   4.747018   4.746936  -0.000082    36.2108    36.2091     5.2422    26.1684    26.1668          5  0.000e+00
      66558 289.385593  -37.90440  -51.78350      0.121    1502.92     45.213     44.870    18.1361    18.1357    -0.0004    18.1282    18.1279    -0.0004   4.747158   4.746957  -0.000202    36.2102    36.2088     5.2420    26.1674    26.1665          5  0.000e+00
      66559 289.385593  -37.90440  -51.78350      0.101    1502.92     45.156     44.814    18.1372    18.1362    -0.0010    18.1294    18.1284    -0.0010   4.747208   4.747081  -0.000126    36.2096    36.2094     5.2382    26.1667    26.1668          5  0.000e+00
      66560 289.385594  -37.90440  -51.78350      0.085    1502.92     45.237     44.894    18.1375    18.1362    -0.0013    18.1296    18.1284    -0.0013   4.747222   4.747151  -0.000071    36.2095    36.2100     5.2379    26.1665    26.1672          5  0.000e+00
      66561 289.385594  -37.90440  -51.78350      0.063    1502.92     45.100     44.758    18.1376    18.1360    -0.0015    18.1298    18.1282    -0.0015   4.747186   4.747116  -0.000071    36.2092    36.2099     5.2374    26.1662    26.1672          5  0.000e+00
      66562 289.385595  -37.90440  -51.78350      0.042    1502.92     45.156     44.814    18.1383    18.1359    -0.0025    18.1305    18.1280    -0.0025   4.747355   4.747081  -0.000274    36.2099    36.2098     5.2370    26.1666    26.1671          5  0.000e+00
      66563 289.385595  -37.90440  -51.78350      0.016    1502.92     45.036     44.694    18.1390    18.1360    -0.0030    18.1312    18.1282    -0.0030   4.747397   4.747081  -0.000316    36.2097    36.2097     5.2365    26.1663    26.1670          5  0.000e+00
      66564 289.385596  -37.90440  -51.78350     -0.002    1502.92     45.100     44.758    18.1388    18.1367    -0.0021    18.1310    18.1289    -0.0021   4.747292   4.747109  -0.000183    36.2090    36.2093     5.2363    26.1658    26.1665          5  0.000e+00
      66565 289.385596  -37.90440  -51.78350     -0.020    1502.92     45.100     44.758    18.1389    18.1388    -0.0001    18.1310    18.1310    -0.0001   4.747285   4.747268  -0.000017    36.2089    36.2088     5.2362    26.1657    26.1656          5  0.000e+00
      66566 289.385597  -37.90440  -51.78350     -0.038    1502.92     45.100     44.758    18.1395    18.1404     0.0008    18.1317    18.1325     0.0008   4.747383   4.747573   0.000190    36.2091    36.2100     5.2361    26.1657    26.1662          5  0.000e+00
      66567 289.385597  -37.90440  -51.78350     -0.060    1502.92     45.036     44.694    18.1397    18.1412     0.0015    18.1319    18.1334     0.0015   4.747481   4.747766   0.000285    36.2098    36.2110     5.2357    26.1662    26.1667          5  0.000e+00
      66568 289.385598  -37.90440  -51.78350     -0.080    1502.92     44.979     44.638    18.1402    18.1417     0.0015    18.1324    18.1339     0.0015   4.747467   4.747829   0.000362    36.2093    36.2110     5.2320    26.1657    26.1666          5  0.000e+00
      66569 289.385598  -37.90440  -51.78350     -0.101    1502.92     44.979     44.638    18.1399    18.1426     0.0027    18.1321    18.1348     0.0027   4.747334   4.747870   0.000536    36.2084    36.2107     5.2354    26.1651    26.1661          5  0.000e+00
      66570 289.385598  -37.90440  -51.78350     -0.122    1502.92     44.979     44.638    18.1393    18.1427     0.0034    18.1315    18.1349     0.0034   4.747151   4.747884   0.000733    36.2074    36.2106     5.2318    26.1644    26.1661          5  0.000e+00
      66571 289.385599  -37.90440  -51.78350     -0.142    1502.92     44.915     44.574    18.1394    18.1421     0.0027    18.1316    18.1343     0.0027   4.747074   4.747794   0.000720    36.2067    36.2105     5.2313    26.1639    26.1661          5  0.000e+00
      66572 289.385599  -37.90442  -51.78350     -0.162    1502.92     44.915     44.574    18.1397    18.1414     0.0016    18.1319    18.1336     0.0016   4.747299   4.747628   0.000329    36.2083    36.2097     5.2309    26.1650    26.1657          5  0.000e+00
      66573 289.385600  -37.90442  -51.78350     -0.180    1502.92     44.939     44.598    18.1395    18.1411     0.0016    18.1317    18.1333     0.0016   4.747439   4.747628   0.000189    36.2097    36.2099     5.2344    26.1662    26.1660          5  0.000e+00
      66574 289.385600  -37.90442  -51.78350     -0.201    1502.92     44.858     44.518    18.1394    18.1417     0.0023    18.1316    18.1339     0.0023   4.747467   4.747704   0.000237    36.2101    36.2100     5.2307    26.1665    26.1659          5  0.000e+00
      66575 289.385601  -37.90442  -51.78350     -0.218    1502.92     44.858     44.518    18.1399    18.1427     0.0029    18.1321    18.1350     0.0029   4.747516   4.747842   0.000326    36.2101    36.2103     5.2305    26.1664    26.1658          5  0.000e+00
      66576 289.385601  -37.90442  -51.78350     -0.238    1502.92     44.858     44.518    18.1408    18.1436     0.0029    18.1330    18.1359     0.0029   4.747657   4.747939   0.000283    36.2105    36.2104     5.2302    26.1664    26.1656          5  0.000e+00
      66577 289.385602  -37.90442  -51.78350     -0.253    1502.92     44.802     44.462    18.1414    18.1441     0.0027    18.1336    18.1363     0.0027   4.747762   4.748098   0.000337    36.2108    36.2113     5.2297    26.1665    26.1662          5  0.000e+00
      66578 289.385602  -37.90442  -51.78350     -0.270    1502.92     44.802     44.462    18.1422    18.1448     0.0027    18.1344    18.1371     0.0027   4.747818   4.748251   0.000433    36.2106    36.2120     5.2292    26.1662    26.1666          5  0.000e+00
      66579 289.385603  -37.90442  -51.78350     -0.290    1502.92     44.738     44.399    18.1427    18.1454     0.0027    18.1349    18.1376     0.0027   4.747881   4.748306   0.000425    36.2107    36.2120     5.2287    26.1662    26.1665          5  0.000e+00
      66580 289.385603  -37.90442  -51.78350     -0.301    1502.92     44.802     44.462    18.1435    18.1458     0.0023    18.1357    18.1380     0.0023   4.747930   4.748382   0.000452    36.2104    36.2122     5.2283    26.1657    26.1665          5  0.000e+00
      66581 289.385604  -37.90442  -51.78350     -0.320    1502.92     44.681     44.343    18.1448    18.1459     0.0011    18.1370    18.1381     0.0011   4.748056   4.748368   0.000312    36.2104    36.2121     5.2280    26.1654    26.1664          5  0.000e+00
      66582 289.385604  -37.90442  -51.78350     -0.335    1502.92     44.681     44.343    18.1445    18.1462     0.0017    18.1368    18.1385     0.0017   4.748014   4.748389   0.000375    36.2103    36.2120     5.2277    26.1653    26.1662          5  0.000e+00
      66583 289.385605  -37.90442  -51.78350     -0.349    1502.92     44.681     44.343    18.1446    18.1462     0.0016    18.1368    18.1385     0.0016   4.747979   4.748417   0.000438    36.2099    36.2122     5.2274    26.1651    26.1664          5  0.000e+00
      66584 289.385605  -37.90442  -51.78350     -0.365    1502.92     44.617     44.279    18.1440    18.1457     0.0017    18.1363    18.1379     0.0017   4.747951   4.748341   0.000389    36.2102    36.2121     5.2273    26.1654    26.1664          5  0.000e+00
      66585 289.385606  -37.90442  -51.78350     -0.377    1502.92     44.641     44.303    18.1442    18.1454     0.0011    18.1365    18.1376     0.0011   4.747909   4.748292   0.000383    36.2096    36.2119     5.2270    26.1649    26.1664          5  0.000e+00
      66586 289.385606  -37.90442  -51.78350     -0.390    1502.92     44.617     44.279    18.1441    18.1445     0.0004    18.1363    18.1367     0.0004   4.747965   4.748223   0.000258    36.2103    36.2121     5.2304    26.1655    26.1668          5  0.000e+00
      66587 289.385607  -37.90442  -51.78350     -0.404    1502.92     44.561     44.223    18.1440    18.1443     0.0003    18.1363    18.1366     0.0003   4.747979   4.748202   0.000223    36.2105    36.2121     5.2303    26.1656    26.1668          5  0.000e+00
      66588 289.385607  -37.90442  -51.78350     -0.416    1502.92     44.561     44.223    18.1446    18.1441    -0.0005    18.1368    18.1364    -0.0005   4.748007   4.748126   0.000119    36.2102    36.2116     5.2305    26.1653    26.1665          5  0.000e+00
      66589 289.385608  -37.90442  -51.78350     -0.430    1502.92     44.504     44.167    18.1445    18.1443    -0.0002    18.1368    18.1366    -0.0002   4.748049   4.748147   0.000097    36.2106    36.2117     5.2341    26.1656    26.1665          5  0.000e+00
      66590 289.385608  -37.90442  -51.78350     -0.438    1502.92     44.561     44.223    18.1449    18.1447    -0.0003    18.1372    18.1369    -0.0003   4.748070   4.748188   0.000118    36.2104    36.2117     5.2310    26.1654    26.1664          5  0.000e+00
      66591 289.385609  -37.90442  -51.78350     -0.447    1502.92     44.504     44.167    18.1445    18.1447     0.0001    18.1368    18.1369     0.0001   4.748120   4.748202   0.000083    36.2112    36.2118     5.2313    26.1661    26.1665          5  0.000e+00
      66592 289.385609  -37.90442  -51.78350     -0.455    1502.92     44.504     44.167    18.1446    18.1450     0.0004    18.1369    18.1373     0.0004   4.748049   4.748230   0.000180    36.2106    36.2118     5.2352    26.1656    26.1663          5  0.000e+00
      66593 289.385610  -37.90442  -51.78350     -0.464    1502.92     44.440     44.103    18.1448    18.1453     0.0006    18.1370    18.1376     0.0006   4.748028   4.748271   0.000243    36.2103    36.2119     5.2357    26.1653    26.1663          5  0.000e+00
      66594 289.385610  -37.90442  -51.78350     -0.468    1502.92     44.440     44.103    18.1447    18.1452     0.0005    18.1370    18.1375     0.0005   4.748077   4.748181   0.000104    36.2107    36.2112     5.2363    26.1656    26.1659          5  0.000e+00
      66595 289.385611  -37.90442  -51.78350     -0.474    1502.92     44.440     44.103    18.1448    18.1455     0.0008    18.1370    18.1378     0.0008   4.748098   4.748188   0.000090    36.2109    36.2110     5.2368    26.1657    26.1656          5  0.000e+00
      66596 289.385611  -37.90442  -51.78350     -0.486    1502.92     44.343     44.007    18.1445    18.1454     0.0008    18.1368    18.1377     0.0008   4.748007   4.748285   0.000278    36.2103    36.2120     5.2373    26.1654    26.1664          5  0.000e+00
      66597 289.385611  -37.90442  -51.78350     -0.490    1502.92     44.384     44.047    18.1448    18.1454     0.0006    18.1371    18.1377     0.0006   4.748077   4.748292   0.000215    36.2107    36.2120     5.2379    26.1656    26.1665          5  0.000e+00
      66598 289.385612  -37.90442  -51.78350     -0.491    1502.92     44.384     44.047    18.1449    18.1460     0.0011    18.1372    18.1383     0.0011   4.748070   4.748341   0.000270    36.2105    36.2118     5.2384    26.1654    26.1662          5  0.000e+00
      66599 289.385612  -37.90442  -51.78350     -0.494    1502.92     44.384     44.047    18.1444    18.1460     0.0017    18.1367    18.1383     0.0017   4.748063   4.748403   0.000339    36.2109    36.2124     5.2390    26.1659    26.1666          5  0.000e+00
      66600 289.385613  -37.90442  -51.78350     -0.501    1502.92     44.263     43.927    18.1444    18.1459     0.0014    18.1367    18.1382     0.0014   4.748000   4.748403   0.000403    36.2104    36.2126     5.2395    26.1655    26.1668          5  0.000e+00
      66601 289.385613  -37.90442  -51.78350     -0.503    1502.92     44.319     43.983    18.1444    18.1460     0.0017    18.1367    18.1383     0.0017   4.747986   4.748403   0.000417    36.2103    36.2124     5.2401    26.1654    26.1666          5  0.000e+00
      66602 289.385614  -37.90442  -51.78350     -0.502    1502.92     44.319     43.983    18.1444    18.1459     0.0014    18.1367    18.1382     0.0014   4.748070   4.748403   0.000332    36.2110    36.2126     5.2403    26.1659    26.1667          5  0.000e+00
      66603 289.385614  -37.90442  -51.78350     -0.507    1502.92     44.263     43.927    18.1445    18.1459     0.0013    18.1369    18.1382     0.0013   4.748070   4.748403   0.000332    36.2109    36.2126     5.2408    26.1658    26.1668          5  0.000e+00
      66604 289.385615  -37.90442  -51.78350     -0.509    1502.92     44.263     43.927    18.1448    18.1459     0.0011    18.1371    18.1382     0.0011   4.748028   4.748403   0.000375    36.2104    36.2126     5.2414    26.1653    26.1668          5  0.000e+00
      66605 289.385615  -37.90442  -51.78350     -0.504    1502.92     44.263     43.927    18.1449    18.1458     0.0009    18.1372    18.1381     0.0009   4.748148   4.748389   0.000241    36.2112    36.2125     5.2419    26.1659    26.1667          5  0.000e+00
