Pos-Processados/process_op42/operantar42_012.cnv
* Sea-Bird SBE 9 Data File:
* FileName = C:\Users\Hidrografia\Desktop\OPXLII\Brutos\OP42012.hdr
* Software Version Seasave V 7.26.7.107
* Temperature SN = 6502
* Conductivity SN = 4998
* Number of Bytes Per Scan = 31
* Number of Voltage Words = 2
* Number of Scans Averaged by the Deck Unit = 1
* NMEA Latitude = 45 45.00 S
* NMEA Longitude = 055 01.26 W
* NMEA UTC (Time) = Oct 19 2023 15:31:14
* NMEA baud rate = 4800
** H41
** NPOALTEMAXIMIANO
** NUMERO DA ESTACAO (XXX) 012
** LAT (XX XX.XX S/N) 45 44.898 S
** LONG (XXX XX.XX W/E) 055 00.940 W
** DATAHORA (dd/mm/aaaa hh:mm Z) 19/10/2023 15:24 Z
** PROFUNDIDADE (m) 5690
** OPERADOR 1T ZAMITH
# nquan = 30
# nvalues = 2014                        
# units = specified
# name 0 = scan: Scan Count
# name 1 = timeJ: Julian Days
# name 2 = latitude: Latitude [deg]
# name 3 = longitude: Longitude [deg]
# name 4 = dz/dtM: Descent Rate [m/s]
# name 5 = avgsvCM: Average Sound Velocity [Chen-Millero, m/s]
# name 6 = prDM: Pressure, Digiquartz [db]
# name 7 = depSM: Depth [salt water, m]
# name 8 = t090C: Temperature [ITS-90, deg C]
# name 9 = t190C: Temperature, 2 [ITS-90, deg C]
# name 10 = T2-T190C: Temperature Difference, 2 - 1 [ITS-90, deg C]
# name 11 = potemp090C: Potential Temperature [ITS-90, deg C]
# name 12 = potemp190C: Potential Temperature, 2 [ITS-90, deg C]
# name 13 = potemp90Cdiff: Potential Temperature, Diff, 2 - 1 [ITS-90, deg C]
# name 14 = c0S/m: Conductivity [S/m]
# name 15 = c1S/m: Conductivity, 2 [S/m]
# name 16 = C2-C1S/m: Conductivity Difference, 2 - 1 [S/m]
# name 17 = sal00: Salinity, Practical [PSU]
# name 18 = sal11: Salinity, Practical, 2 [PSU]
# name 19 = sbeox0ML/L: Oxygen, SBE 43 [ml/l]
# name 20 = sigma-é00: Density [sigma-theta, kg/m^3]
# name 21 = sigma-é11: Density, 2 [sigma-theta, kg/m^3]
# name 22 = sal00: Salinity, Practical [PSU]
# name 23 = sigma-é00: Density [sigma-theta, kg/m^3]
# name 24 = svCM: Sound Velocity [Chen-Millero, m/s]
# name 25 = svCM1: Sound Velocity, 2 [Chen-Millero, m/s]
# name 26 = gsw_ptA0: potential temperature [ITS-90, deg C]
# name 27 = gsw_densityA0: density, TEOS-10 [density, kg/m^3]
# name 28 = gsw_saA0: Absolute Salinity [g/kg]
# name 29 = flag:
# span 0 =       2103,      63010       
# span 1 = 292.647703, 292.677076       
# span 2 =  -45.76244,  -45.75052       
# span 3 =  -55.02235,  -55.02060       
# span 4 =     -1.303,      1.279       
# span 5 =       0.00,    1481.43       
# span 6 =      5.000,   1012.000       
# span 7 =      4.972,   1001.251       
# span 8 =     2.6433,     8.3582       
# span 9 =     2.6443,     8.3598       
# span 10 =    -0.2307,     0.2100      
# span 11 =     2.5794,     8.3577      
# span 12 =     2.5803,     8.3593      
# span 13 =    -0.2306,     0.2099      
# span 14 =   3.132121,   3.571820      
# span 15 =   3.132163,   3.571789      
# span 16 =  -0.019619,   0.017965      
# span 17 =    34.0473,    34.5093      
# span 18 =    34.0470,    34.5087      
# span 19 =     3.8938,     7.0944      
# span 20 =    26.5251,    27.5298      
# span 21 =    26.5235,    27.5293      
# span 22 =    34.0501,    34.5092      
# span 23 =    26.5266,    27.5298      
# span 24 =    1469.26,    1482.81      
# span 25 =    1469.26,    1482.82      
# span 26 =     2.5793,     8.3577      
# span 27 =  1026.5515,  1032.2269      
# span 28 =    34.2111,    34.6764      
# span 29 = 0.0000e+00, 0.0000e+00      
# interval = decibars: 1                
# start_time = Oct 19 2023 15:31:14 [NMEA time, header]
# bad_flag = -9.990e-29
*END*
[from data line 532]
      15824 292.654320  -45.75324  -55.02060      0.923    1470.75    538.000    532.903     3.1654     3.1663     0.0010     3.1303     3.1313     0.0010   3.140815   3.140952   0.000136    34.2194    34.2200     5.2582    27.2500    27.2504    34.2197    27.2503    1470.91    1470.92     3.1303  1029.7544    34.3831 0.0000e+00
      15854 292.654335  -45.75324  -55.02060      0.782    1470.75    539.000    533.892     3.1582     3.1592     0.0010     3.1232     3.1241     0.0010   3.140368   3.140266  -0.000090    34.2218    34.2197     5.2532    27.2526    27.2508    34.2214    27.2522    1470.90    1470.90     3.1231  1029.7611    34.3847 0.0000e+00
      15881 292.654348  -45.75325  -55.02060      0.849    1470.75    540.000    534.882     3.1541     3.1545     0.0004     3.1190     3.1194     0.0004   3.139927   3.139840  -0.000088    34.2206    34.2192     5.2564    27.2521    27.2509    34.2198    27.2514    1470.90    1470.90     3.1189  1029.7650    34.3832 0.0000e+00
      15906 292.654360  -45.75326  -55.02060      0.951    1470.75    541.000    535.871     3.1458     3.1458     0.0000     3.1107     3.1107     0.0000   3.139175   3.139070  -0.000117    34.2202    34.2188     5.2547    27.2525    27.2514    34.2189    27.2515    1470.88    1470.88     3.1106  1029.7698    34.3823 0.0000e+00
      15930 292.654372  -45.75326  -55.02060      0.975    1470.75    542.000    536.860     3.1379     3.1389     0.0010     3.1027     3.1037     0.0010   3.138518   3.138484  -0.000027    34.2196    34.2183     5.2557    27.2527    27.2516    34.2188    27.2520    1470.86    1470.86     3.1027  1029.7751    34.3821 0.0000e+00
      15955 292.654384  -45.75326  -55.02060      0.961    1470.75    543.000    537.849     3.1365     3.1371     0.0006     3.1013     3.1019     0.0006   3.138395   3.138376  -0.000020    34.2189    34.2180     5.2631    27.2523    27.2515    34.2182    27.2517    1470.87    1470.87     3.1012  1029.7794    34.3816 0.0000e+00
      15979 292.654395  -45.75326  -55.02060      0.993    1470.75    544.000    538.839     3.1355     3.1365     0.0010     3.1002     3.1012     0.0010   3.138328   3.138356   0.000026    34.2185    34.2177     5.2686    27.2520    27.2513    34.2180    27.2517    1470.88    1470.89     3.1001  1029.7840    34.3813 0.0000e+00
      16005 292.654408  -45.75327  -55.02060      0.962    1470.75    545.000    539.828     3.1363     3.1372     0.0009     3.1009     3.1018     0.0009   3.138467   3.138502   0.000038    34.2187    34.2182     5.2702    27.2522    27.2517    34.2183    27.2518    1470.90    1470.91     3.1008  1029.7888    34.3817 0.0000e+00
      16039 292.654424  -45.75328  -55.02060      0.755    1470.75    546.000    540.817     3.1389     3.1402     0.0012     3.1035     3.1047     0.0012   3.138880   3.139042   0.000144    34.2195    34.2199     5.2710    27.2525    27.2528    34.2199    27.2529    1470.93    1470.94     3.1034  1029.7945    34.3833 0.0000e+00
      16068 292.654438  -45.75328  -55.02060      0.767    1470.75    547.000    541.806     3.1483     3.1490     0.0008     3.1127     3.1135     0.0008   3.139887   3.139990   0.000128    34.2215    34.2223     5.2725    27.2534    27.2539    34.2217    27.2535    1470.99    1470.99     3.1127  1029.7995    34.3851 0.0000e+00
      16092 292.654450  -45.75328  -55.02060      0.927    1470.75    548.000    542.795     3.1482     3.1489     0.0007     3.1125     3.1132     0.0007   3.140143   3.140199   0.000044    34.2236    34.2234     5.2728    27.2551    27.2548    34.2244    27.2557    1471.01    1471.01     3.1125  1029.8063    34.3878 0.0000e+00
      16115 292.654461  -45.75330  -55.02060      1.025    1470.75    549.000    543.785     3.1522     3.1531     0.0009     3.1165     3.1173     0.0009   3.140670   3.140698   0.000042    34.2260    34.2255     5.2573    27.2565    27.2561    34.2260    27.2566    1471.05    1471.05     3.1164  1029.8118    34.3895 0.0000e+00
      16137 292.654472  -45.75330  -55.02060      1.052    1470.75    550.000    544.774     3.1465     3.1473     0.0009     3.1107     3.1116     0.0009   3.140324   3.140292  -0.000033    34.2278    34.2264     5.2460    27.2585    27.2574    34.2273    27.2581    1471.04    1471.04     3.1107  1029.8181    34.3907 0.0000e+00
      16161 292.654483  -45.75330  -55.02060      1.049    1470.75    551.000    545.763     3.1414     3.1423     0.0009     3.1056     3.1064     0.0009   3.139990   3.139995   0.000002    34.2283    34.2274     5.2342    27.2594    27.2586    34.2281    27.2593    1471.03    1471.04     3.1055  1029.8238    34.3915 0.0000e+00
      16185 292.654495  -45.75330  -55.02060      1.014    1470.75    552.000    546.752     3.1426     3.1435     0.0008     3.1067     3.1076     0.0008   3.140218   3.140274   0.000053    34.2289    34.2286     5.2165    27.2597    27.2595    34.2290    27.2599    1471.06    1471.06     3.1067  1029.8291    34.3925 0.0000e+00
      16212 292.654508  -45.75332  -55.02060      0.926    1470.75    553.000    547.741     3.1445     3.1454     0.0009     3.1085     3.1094     0.0009   3.140508   3.140540   0.000033    34.2300    34.2294     5.2042    27.2605    27.2599    34.2300    27.2605    1471.08    1471.09     3.1085  1029.8343    34.3935 0.0000e+00
      16245 292.654523  -45.75332  -55.02060      0.770    1470.75    554.000    548.730     3.1458     3.1468     0.0010     3.1097     3.1108     0.0010   3.140735   3.140827   0.000087    34.2306    34.2305     5.1906    27.2608    27.2607    34.2309    27.2611    1471.11    1471.11     3.1097  1029.8395    34.3944 0.0000e+00
      16278 292.654539  -45.75332  -55.02060      0.711    1470.75    555.000    549.720     3.1535     3.1543     0.0008     3.1174     3.1181     0.0007   3.141627   3.141750   0.000124    34.2322    34.2329     5.1846    27.2614    27.2619    34.2330    27.2621    1471.16    1471.16     3.1173  1029.8440    34.3952 0.0000e+00
      16303 292.654551 -9.990e-29  -55.02060      0.856    1470.75    556.000    550.709     3.1633     3.1635     0.0003     3.1270     3.1273     0.0003   3.142699   3.142801   0.000106    34.2335    34.2345     5.1781    27.2616    27.2624    34.2351    27.2629    1471.22    1471.22     3.1269  1029.8489    34.3969 0.0000e+00
      16325 292.654562 -9.990e-29  -55.02060      1.023    1470.75    557.000    551.698     3.1696     3.1705     0.0009     3.1333     3.1342     0.0009   3.143427   3.143508   0.000087    34.2356    34.2357     5.1718    27.2627    27.2627    34.2367    27.2635    1471.27    1471.27     3.1332  1029.8541    34.3985 0.0000e+00
      16347 292.654573 -9.990e-29  -55.02060      1.091    1470.75    558.000    552.687     3.1737     3.1745     0.0008     3.1372     3.1380     0.0008   3.143931   3.143994   0.000057    34.2369    34.2367     5.1619    27.2634    27.2631    34.2380    27.2642    1471.30    1471.30     3.1371  1029.8593    34.3998 0.0000e+00
      16372 292.654585  -45.75334  -55.02060      1.011    1470.75    559.000    553.676     3.1770     3.1785     0.0015     3.1404     3.1420     0.0015   3.144340   3.144483   0.000138    34.2378    34.2378     5.1424    27.2638    27.2636    34.2389    27.2647    1471.33    1471.34     3.1404  1029.8651    34.4017 0.0000e+00
      16399 292.654598  -45.75334  -55.02060      0.907    1470.75    560.000    554.665     3.1814     3.1825     0.0011     3.1448     3.1458     0.0011   3.144866   3.144953   0.000092    34.2389    34.2388     5.1285    27.2642    27.2641    34.2401    27.2652    1471.37    1471.37     3.1447  1029.8708    34.4036 0.0000e+00
      16424 292.654610  -45.75334  -55.02060      0.933    1470.75    561.000    555.654     3.1867     3.1875     0.0008     3.1499     3.1508     0.0008   3.145438   3.145516   0.000080    34.2398    34.2399     5.1235    27.2645    27.2645    34.2409    27.2654    1471.41    1471.41     3.1499  1029.8755    34.4044 0.0000e+00
      16449 292.654622  -45.75336  -55.02060      0.977    1470.75    562.000    556.644     3.1881     3.1890     0.0009     3.1513     3.1522     0.0009   3.145679   3.145718   0.000043    34.2408    34.2404     5.1215    27.2652    27.2648    34.2417    27.2659    1471.43    1471.44     3.1513  1029.8806    34.4053 0.0000e+00
      16476 292.654635  -45.75336  -55.02060      0.922    1470.75    563.000    557.633     3.1894     3.1903     0.0008     3.1525     3.1534     0.0008   3.145875   3.145915   0.000033    34.2414    34.2409     5.1245    27.2655    27.2650    34.2422    27.2662    1471.46    1471.46     3.1525  1029.8855    34.4058 0.0000e+00
      16504 292.654649  -45.75337  -55.02060      0.847    1470.75    564.000    558.622     3.1934     3.1943     0.0009     3.1564     3.1573     0.0009   3.146427   3.146536   0.000112    34.2431    34.2435     5.1212    27.2665    27.2667    34.2441    27.2673    1471.49    1471.50     3.1564  1029.8912    34.4077 0.0000e+00
      16533 292.654662  -45.75338  -55.02060      0.842    1470.75    565.000    559.611     3.1943     3.1951     0.0008     3.1572     3.1580     0.0008   3.146685   3.146703   0.000021    34.2452    34.2446     5.1199    27.2681    27.2675    34.2458    27.2686    1471.51    1471.52     3.1572  1029.8971    34.4094 0.0000e+00
      16560 292.654676  -45.75338  -55.02060      0.862    1470.75    566.000    560.600     3.1928     3.1936     0.0008     3.1557     3.1566     0.0008   3.146634   3.146641   0.000005    34.2458    34.2450     5.1125    27.2687    27.2680    34.2462    27.2691    1471.53    1471.53     3.1556  1029.9022    34.4098 0.0000e+00
      16587 292.654688  -45.75338  -55.02060      0.889    1470.75    567.000    561.589     3.1908     3.1917     0.0009     3.1537     3.1545     0.0009   3.146607   3.146615   0.000011    34.2471    34.2463     5.1026    27.2699    27.2693    34.2474    27.2703    1471.53    1471.54     3.1536  1029.9080    34.4111 0.0000e+00
      16611 292.654700  -45.75338  -55.02060      0.946    1470.75    568.000    562.578     3.1894     3.1902     0.0009     3.1521     3.1530     0.0009   3.146575   3.146584   0.000007    34.2479    34.2471     5.0947    27.2708    27.2700    34.2480    27.2708    1471.55    1471.55     3.1521  1029.9133    34.4116 0.0000e+00
      16634 292.654711  -45.75340  -55.02060      1.015    1470.75    569.000    563.567     3.1855     3.1863     0.0009     3.1482     3.1491     0.0009   3.146367   3.146353  -0.000014    34.2492    34.2481     5.0915    27.2722    27.2712    34.2491    27.2721    1471.55    1471.55     3.1481  1029.9192    34.4128 0.0000e+00
      16658 292.654723  -45.75340  -55.02060      1.024    1470.75    570.000    564.556     3.1841     3.1850     0.0009     3.1468     3.1477     0.0009   3.146287   3.146296   0.000009    34.2490    34.2482     5.0877    27.2722    27.2714    34.2491    27.2722    1471.56    1471.56     3.1467  1029.9239    34.4127 0.0000e+00
      16685 292.654736  -45.75340  -55.02060      0.932    1470.75    571.000    565.546     3.1818     3.1827     0.0009     3.1444     3.1453     0.0008   3.146217   3.146207  -0.000008    34.2502    34.2492     5.0773    27.2733    27.2724    34.2501    27.2732    1471.56    1471.57     3.1443  1029.9296    34.4137 0.0000e+00
      16713 292.654749  -45.75340  -55.02060      0.872    1470.75    572.000    566.535     3.1803     3.1811     0.0008     3.1429     3.1437     0.0008   3.146200   3.146217   0.000017    34.2510    34.2503     5.0742    27.2741    27.2735    34.2509    27.2740    1471.58    1471.58     3.1428  1029.9350    34.4146 0.0000e+00
      16739 292.654762  -45.75342  -55.02060      0.899    1470.75    573.000    567.524     3.1794     3.1803     0.0009     3.1419     3.1427     0.0009   3.146207   3.146239   0.000033    34.2515    34.2510     5.0672    27.2746    27.2741    34.2515    27.2745    1471.59    1471.59     3.1418  1029.9402    34.4151 0.0000e+00
      16764 292.654774  -45.75342  -55.02060      0.934    1470.75    574.000    568.513     3.1793     3.1802     0.0009     3.1417     3.1425     0.0009   3.146280   3.146291   0.000012    34.2519    34.2512     5.0596    27.2749    27.2742    34.2519    27.2749    1471.61    1471.61     3.1416  1029.9452    34.4156 0.0000e+00
      16790 292.654786  -45.75342  -55.02060      0.937    1470.75    575.000    569.502     3.1795     3.1804     0.0009     3.1418     3.1427     0.0009   3.146342   3.146363   0.000018    34.2520    34.2513     5.0557    27.2749    27.2743    34.2519    27.2749    1471.62    1471.63     3.1417  1029.9498    34.4156 0.0000e+00
      16817 292.654800  -45.75343  -55.02060      0.906    1470.75    576.000    570.491     3.1799     3.1808     0.0009     3.1421     3.1430     0.0009   3.146472   3.146513   0.000040    34.2525    34.2520     5.0466    27.2753    27.2749    34.2526    27.2754    1471.64    1471.65     3.1421  1029.9549    34.4162 0.0000e+00
      16847 292.654814  -45.75344  -55.02060      0.836    1470.75    577.000    571.480     3.1803     3.1813     0.0009     3.1425     3.1434     0.0009   3.146632   3.146669   0.000039    34.2534    34.2529     5.0457    27.2760    27.2756    34.2535    27.2761    1471.66    1471.67     3.1424  1029.9602    34.4172 0.0000e+00
      16877 292.654828  -45.75344  -55.02060      0.795    1470.75    578.000    572.469     3.1805     3.1814     0.0008     3.1426     3.1435     0.0008   3.146765   3.146798   0.000033    34.2543    34.2538     5.0392    27.2767    27.2762    34.2543    27.2768    1471.68    1471.68     3.1426  1029.9655    34.4180 0.0000e+00
      16903 292.654841  -45.75344  -55.02060      0.858    1470.75    579.000    573.458     3.1806     3.1815     0.0009     3.1426     3.1435     0.0009   3.146863   3.146891   0.000028    34.2549    34.2542     5.0306    27.2772    27.2766    34.2550    27.2773    1471.70    1471.70     3.1425  1029.9706    34.4187 0.0000e+00
      16926 292.654852  -45.75344  -55.02060      0.984    1470.75    580.000    574.447     3.1807     3.1815     0.0008     3.1427     3.1435     0.0008   3.146977   3.147005   0.000029    34.2555    34.2550     5.0280    27.2777    27.2772    34.2556    27.2778    1471.72    1471.72     3.1426  1029.9758    34.4193 0.0000e+00
      16946 292.654862  -45.75346  -55.02060      1.111    1470.75    581.000    575.436     3.1807     3.1816     0.0008     3.1426     3.1434     0.0008   3.147074   3.147088   0.000013    34.2562    34.2555     5.0261    27.2783    27.2776    34.2563    27.2784    1471.73    1471.74     3.1425  1029.9810    34.4201 0.0000e+00
      16967 292.654872  -45.75346  -55.02060      1.167    1470.75    582.000    576.425     3.1804     3.1813     0.0009     3.1423     3.1432     0.0009   3.147148   3.147174   0.000030    34.2569    34.2563     5.0190    27.2788    27.2783    34.2570    27.2789    1471.75    1471.75     3.1422  1029.9861    34.4207 0.0000e+00
      16992 292.654884  -45.75346  -55.02060      1.057    1470.75    583.000    577.414     3.1768     3.1774     0.0007     3.1385     3.1392     0.0007   3.146960   3.146917  -0.000036    34.2585    34.2573     5.0172    27.2804    27.2795    34.2580    27.2800    1471.75    1471.75     3.1385  1029.9919    34.4217 0.0000e+00
      17021 292.654898  -45.75346  -55.02060      0.854    1470.80    584.000    578.403     3.1681     3.1688     0.0007     3.1298     3.1306     0.0007   3.146430   3.146354  -0.000082    34.2608    34.2590     5.0138    27.2831    27.2817    34.2602    27.2826    1471.73    1471.73     3.1298  1029.9993    34.4240 0.0000e+00
      17051 292.654912  -45.75348  -55.02060      0.801    1470.80    585.000    579.392     3.1676     3.1685     0.0009     3.1293     3.1301     0.0009   3.146390   3.146421   0.000027    34.2600    34.2595     5.0115    27.2825    27.2820    34.2597    27.2823    1471.75    1471.75     3.1292  1030.0036    34.4235 0.0000e+00
