Pos-Processados/process_op42/operantar42_053.cnv
* Sea-Bird SBE 9 Data File:
* FileName = C:\Users\Hidrografia\Desktop\OPXLII\Brutos\OP42053.hdr
* Software Version Seasave V 7.26.7.107
* Temperature SN = 6502
* Conductivity SN = 4998
* Number of Bytes Per Scan = 37
* Number of Voltage Words = 4
* Number of Scans Averaged by the Deck Unit = 1
* NMEA Latitude = 62 18.18 S
* NMEA Longitude = 058 13.23 W
* NMEA UTC (Time) = Nov 17 2023 02:11:25
* NMEA baud rate = 4800
** H41
** NPOALTEMAXIMIANO
** NUMERO DA ESTACAO (XXX) 053
** LAT (XX XX.XX S/N) 62 18.18 S
** LONG (XXX XX.XX W/E) 058 13.43 W
** DATAHORA (dd/mm/aaaa hh:mm Z) 17/11/2023 0204Z
** PROFUNDIDADE (m) 1485 m
** OPERADOR CT FILIPE LOPES
# nquan = 30
# nvalues = 2754                        
# units = specified
# name 0 = scan: Scan Count
# name 1 = timeJ: Julian Days
# name 2 = latitude: Latitude [deg]
# name 3 = longitude: Longitude [deg]
# name 4 = dz/dtM: Descent Rate [m/s]
# name 5 = avgsvCM: Average Sound Velocity [Chen-Millero, m/s]
# name 6 = prDM: Pressure, Digiquartz [db]
# name 7 = depSM: Depth [salt water, m]
# name 8 = t090C: Temperature [ITS-90, deg C]
# name 9 = t190C: Temperature, 2 [ITS-90, deg C]
# name 10 = T2-T190C: Temperature Difference, 2 - 1 [ITS-90, deg C]
# name 11 = potemp090C: Potential Temperature [ITS-90, deg C]
# name 12 = potemp190C: Potential Temperature, 2 [ITS-90, deg C]
# name 13 = potemp90Cdiff: Potential Temperature, Diff, 2 - 1 [ITS-90, deg C]
# name 14 = c0S/m: Conductivity [S/m]
# name 15 = c1S/m: Conductivity, 2 [S/m]
# name 16 = C2-C1S/m: Conductivity Difference, 2 - 1 [S/m]
# name 17 = sal00: Salinity, Practical [PSU]
# name 18 = sal11: Salinity, Practical, 2 [PSU]
# name 19 = sbeox0ML/L: Oxygen, SBE 43 [ml/l]
# name 20 = sigma-é00: Density [sigma-theta, kg/m^3]
# name 21 = sigma-é11: Density, 2 [sigma-theta, kg/m^3]
# name 22 = sal00: Salinity, Practical [PSU]
# name 23 = sigma-é00: Density [sigma-theta, kg/m^3]
# name 24 = svCM: Sound Velocity [Chen-Millero, m/s]
# name 25 = svCM1: Sound Velocity, 2 [Chen-Millero, m/s]
# name 26 = gsw_ptA0: potential temperature [ITS-90, deg C]
# name 27 = gsw_densityA0: density, TEOS-10 [density, kg/m^3]
# name 28 = gsw_saA0: Absolute Salinity [g/kg]
# name 29 = flag:
# span 0 =        456,      69847       
# span 1 = 321.091481, 321.124945       
# span 2 =  -62.30464,  -62.30282       
# span 3 =  -58.22043,  -58.21132       
# span 4 =     -1.306,      1.238       
# span 5 =       0.00,    1457.04       
# span 6 =      2.000,   1379.000       
# span 7 =      1.985,   1361.244       
# span 8 =    -1.3466,     0.6242       
# span 9 =    -1.3457,     0.6249       
# span 10 =    -0.0265,     0.0543      
# span 11 =    -1.3909,     0.5980      
# span 12 =    -1.3903,     0.5988      
# span 13 =    -0.0265,     0.0539      
# span 14 =   2.797170,   2.950904      
# span 15 =   2.797164,   2.950888      
# span 16 =  -0.002105,   0.004159      
# span 17 =    34.2582,    34.5753      
# span 18 =    34.2554,    34.5727      
# span 19 =     5.1220,     8.0100      
# span 20 =    27.5219,    27.7797      
# span 21 =    27.5217,    27.7787      
# span 22 =    34.2574,    34.5732      
# span 23 =    27.5217,    27.7796      
# span 24 =    1446.72,    1464.95      
# span 25 =    1446.76,    1464.95      
# span 26 =    -1.3898,     0.5982      
# span 27 =  1027.5392,  1034.3154      
# span 28 =    34.4228,    34.7428      
# span 29 = 0.0000e+00, 0.0000e+00      
# interval = decibars: 1                
# start_time = Nov 17 2023 02:11:25 [NMEA time, header]
# bad_flag = -9.990e-29
*END*
[from data line 1354]
      35679 321.108467  -62.30306  -58.21207      0.178    1456.93   1357.000   1339.601    -1.3341    -1.3335     0.0006    -1.3832    -1.3826     0.0006   2.814897   2.814888  -0.000012    34.5190    34.5181     6.6387    27.7774    27.7767    34.5190    27.7774    1464.58    1464.58    -1.3822  1034.2129    34.6897 0.0000e+00
      35719 321.108487  -62.30306  -58.21208      0.452    1456.93   1358.000   1340.580    -1.3343    -1.3337     0.0006    -1.3835    -1.3828     0.0006   2.814946   2.814939  -0.000006    34.5193    34.5185     6.6354    27.7776    27.7769    34.5193    27.7776    1464.59    1464.59    -1.3824  1034.2175    34.6896 0.0000e+00
      35756 321.108505  -62.30306  -58.21208      0.613    1456.93   1359.000   1341.569    -1.3347    -1.3340     0.0007    -1.3839    -1.3832     0.0007   2.814994   2.814981  -0.000014    34.5198    34.5189     6.6448    27.7781    27.7773    34.5199    27.7781    1464.60    1464.61    -1.3829  1034.2226    34.6901 0.0000e+00
      35788 321.108520  -62.30306  -58.21208      0.723    1456.93   1360.000   1342.550    -1.3350    -1.3343     0.0008    -1.3843    -1.3835     0.0008   2.815013   2.815007  -0.000006    34.5199    34.5189     6.6307    27.7781    27.7773    34.5199    27.7781    1464.62    1464.62    -1.3832  1034.2273    34.6902 0.0000e+00
      35817 321.108534  -62.30308  -58.21208      0.809    1456.93   1361.000   1343.534    -1.3347    -1.3341     0.0006    -1.3841    -1.3834     0.0006   2.815086   2.815059  -0.000026    34.5199    34.5189     6.6479    27.7782    27.7773    34.5200    27.7782    1464.64    1464.64    -1.3830  1034.2320    34.6903 0.0000e+00
      35846 321.108548  -62.30308  -58.21208      0.841    1456.93   1362.000   1344.518    -1.3347    -1.3339     0.0008    -1.3841    -1.3833     0.0008   2.815140   2.815123  -0.000016    34.5200    34.5189     6.6345    27.7782    27.7773    34.5201    27.7783    1464.66    1464.66    -1.3830  1034.2368    34.6904 0.0000e+00
      35875 321.108562  -62.30308  -58.21207      0.833    1456.93   1363.000   1345.502    -1.3345    -1.3338     0.0008    -1.3839    -1.3832     0.0008   2.815180   2.815175  -0.000006    34.5198    34.5188     6.6505    27.7781    27.7773    34.5199    27.7781    1464.67    1464.68    -1.3829  1034.2412    34.6901 0.0000e+00
      35903 321.108576  -62.30308  -58.21206      0.841    1456.93   1364.000   1346.486    -1.3343    -1.3337     0.0007    -1.3838    -1.3831     0.0007   2.815246   2.815229  -0.000018    34.5199    34.5189     6.6360    27.7782    27.7773    34.5200    27.7782    1464.69    1464.69    -1.3827  1034.2460    34.6903 0.0000e+00
      35934 321.108590  -62.30308  -58.21206      0.809    1456.93   1365.000   1347.470    -1.3344    -1.3338     0.0007    -1.3839    -1.3833     0.0007   2.815284   2.815263  -0.000021    34.5200    34.5190     6.6398    27.7782    27.7774    34.5200    27.7782    1464.71    1464.71    -1.3828  1034.2514    34.6912 0.0000e+00
      35968 321.108607  -62.30308 -9.990e-29      0.710    1456.93   1366.000   1348.454    -1.3341    -1.3336     0.0005    -1.3837    -1.3832     0.0005   2.815331   2.815316  -0.000015    34.5197    34.5189     6.6254    27.7779    27.7773    34.5197    27.7780    1464.73    1464.73    -1.3826  1034.2565    34.6917 0.0000e+00
      36003 321.108623  -62.30308 -9.990e-29      0.689    1456.93   1367.000   1349.438    -1.3341    -1.3334     0.0006    -1.3837    -1.3830     0.0006   2.815376   2.815357  -0.000020    34.5197    34.5187     6.6376    27.7780    27.7771    34.5198    27.7780    1464.74    1464.74    -1.3827  1034.2612    34.6918 0.0000e+00
      36033 321.108638  -62.30308  -58.21204      0.763    1456.93   1368.000   1350.422    -1.3342    -1.3335     0.0007    -1.3838    -1.3831     0.0007   2.815415   2.815404  -0.000012    34.5198    34.5188     6.6339    27.7780    27.7772    34.5198    27.7781    1464.76    1464.76    -1.3828  1034.2651    34.6908 0.0000e+00
      36063 321.108653  -62.30308  -58.21204      0.802    1456.93   1369.000   1351.406    -1.3342    -1.3335     0.0008    -1.3840    -1.3832     0.0008   2.815456   2.815451  -0.000006    34.5198    34.5189     6.6390    27.7781    27.7773    34.5198    27.7781    1464.77    1464.78    -1.3829  1034.2692    34.6902 0.0000e+00
      36093 321.108667  -62.30308  -58.21204      0.803    1456.93   1370.000   1352.390    -1.3343    -1.3336     0.0008    -1.3841    -1.3834     0.0008   2.815500   2.815487  -0.000012    34.5199    34.5189     6.6332    27.7782    27.7773    34.5200    27.7782    1464.79    1464.79    -1.3830  1034.2740    34.6903 0.0000e+00
      36121 321.108680  -62.30308  -58.21204      0.839    1456.93   1371.000   1353.374    -1.3341    -1.3334     0.0007    -1.3839    -1.3832     0.0007   2.815557   2.815551  -0.000005    34.5199    34.5190     6.6314    27.7781    27.7774    34.5199    27.7782    1464.81    1464.81    -1.3828  1034.2787    34.6904 0.0000e+00
      36146 321.108693  -62.30308 -9.990e-29      0.909    1456.93   1372.000   1354.358    -1.3348    -1.3338     0.0011    -1.3847    -1.3836     0.0011   2.815546   2.815549  -0.000004    34.5202    34.5188     6.6478    27.7784    27.7773    34.5200    27.7783    1464.82    1464.83    -1.3836  1034.2848    34.6920 0.0000e+00
      36171 321.108705  -62.30308 -9.990e-29      0.956    1456.93   1373.000   1355.341    -1.3352    -1.3342     0.0010    -1.3851    -1.3842     0.0010   2.815543   2.815563   0.000020    34.5198    34.5190     6.6316    27.7781    27.7774    34.5199    27.7781    1464.84    1464.84    -1.3840  1034.2893    34.6918 0.0000e+00
      36198 321.108718  -62.30308 -9.990e-29      0.937    1456.93   1374.000   1356.326    -1.3361    -1.3337     0.0023    -1.3860    -1.3837     0.0023   2.815542   2.815632   0.000077    34.5204    34.5188     6.6352    27.7786    27.7772    34.5203    27.7785    1464.85    1464.86    -1.3850  1034.2944    34.6923 0.0000e+00
      36228 321.108732  -62.30308  -58.21202      0.820    1456.98   1375.000   1357.309    -1.3401    -1.3374     0.0027    -1.3901    -1.3874     0.0027   2.815324   2.815398   0.000093    34.5216    34.5197     6.6349    27.7797    27.7781    34.5213    27.7795    1464.85    1464.86    -1.3890  1034.2997    34.6926 0.0000e+00
      36263 321.108749  -62.30308  -58.21202      0.701    1457.04   1376.000   1358.293    -1.3405    -1.3403     0.0002    -1.3905    -1.3903     0.0002   2.815337   2.815266  -0.000067    34.5214    34.5203     6.6413    27.7796    27.7787    34.5214    27.7796    1464.86    1464.86    -1.3894  1034.3036    34.6917 0.0000e+00
      36297 321.108765  -62.30308  -58.21200      0.708    1457.04   1377.000   1359.277    -1.3392    -1.3393    -0.0001    -1.3892    -1.3894    -0.0001   2.815433   2.815389  -0.000051    34.5208    34.5202     6.6346    27.7791    27.7786    34.5206    27.7789    1464.88    1464.88    -1.3882  1034.3075    34.6909 0.0000e+00
      36535 321.108880  -62.30310  -58.21199      0.274    1457.04   1378.000   1360.255    -1.3370    -1.3365     0.0006    -1.3872    -1.3866     0.0006   2.815635   2.815611  -0.000027    34.5203    34.5193     6.6411    27.7785    27.7777    34.5203    27.7786    1464.91    1464.91    -1.3861  1034.3121    34.6909 0.0000e+00
      37214 321.109208  -62.30314  -58.21191     -0.008    1457.04   1379.000   1361.244    -1.3326    -1.3319     0.0007    -1.3828    -1.3821     0.0007   2.815976   2.815959  -0.000020    34.5194    34.5183     6.6383    27.7777    27.7768    34.5193    27.7777    1464.95    1464.95    -1.3817  1034.3154    34.6897 0.0000e+00
      37259 321.109230  -62.30314 -9.990e-29     -0.403    1457.04   1378.000   1360.262    -1.3336    -1.3330     0.0006    -1.3838    -1.3831     0.0006   2.815845   2.815827  -0.000018    34.5193    34.5184     6.6372    27.7777    27.7769    34.5193    27.7777    1464.93    1464.93    -1.3827  1034.3121    34.6912 0.0000e+00
      37328 321.109263  -62.30314  -58.21190     -0.371    1457.04   1377.000   1359.277    -1.3335    -1.3329     0.0007    -1.3836    -1.3830     0.0007   2.815808   2.815789  -0.000019    34.5193    34.5182     6.6363    27.7776    27.7768    34.5193    27.7776    1464.91    1464.91    -1.3826  1034.3068    34.6905 0.0000e+00
      37382 321.109289  -62.30316  -58.21190     -0.453    1457.04   1376.000   1358.295    -1.3334    -1.3327     0.0007    -1.3834    -1.3827     0.0007   2.815766   2.815756  -0.000011    34.5191    34.5181     6.6355    27.7775    27.7767    34.5191    27.7775    1464.89    1464.90    -1.3824  1034.3012    34.6894 0.0000e+00
      37433 321.109313  -62.30316  -58.21190     -0.467    1457.04   1375.000   1357.308    -1.3334    -1.3327     0.0008    -1.3835    -1.3827     0.0008   2.815720   2.815703  -0.000017    34.5191    34.5180     6.6410    27.7775    27.7766    34.5191    27.7775    1464.88    1464.88    -1.3824  1034.2966    34.6894 0.0000e+00
      37472 321.109332  -62.30316  -58.21190     -0.591    1457.04   1374.000   1356.326    -1.3333    -1.3326     0.0008    -1.3833    -1.3826     0.0008   2.815677   2.815659  -0.000019    34.5190    34.5179     6.6308    27.7774    27.7764    34.5190    27.7774    1464.86    1464.86    -1.3822  1034.2918    34.6893 0.0000e+00
      37504 321.109348  -62.30316  -58.21190     -0.727    1457.04   1373.000   1355.342    -1.3333    -1.3325     0.0008    -1.3832    -1.3824     0.0008   2.815638   2.815620  -0.000020    34.5190    34.5179     6.6406    27.7774    27.7764    34.5190    27.7774    1464.84    1464.85    -1.3822  1034.2871    34.6893 0.0000e+00
      37533 321.109362  -62.30316  -58.21190     -0.805    1457.04   1372.000   1354.358    -1.3334    -1.3326     0.0008    -1.3833    -1.3825     0.0008   2.815589   2.815569  -0.000017    34.5190    34.5179     6.6352    27.7774    27.7765    34.5190    27.7774    1464.83    1464.83    -1.3822  1034.2825    34.6893 0.0000e+00
      37562 321.109375  -62.30316  -58.21189     -0.843    1457.04   1371.000   1353.374    -1.3334    -1.3326     0.0007    -1.3832    -1.3824     0.0007   2.815549   2.815528  -0.000022    34.5191    34.5179     6.6513    27.7774    27.7765    34.5190    27.7774    1464.81    1464.81    -1.3821  1034.2778    34.6893 0.0000e+00
      37590 321.109389  -62.30316  -58.21188     -0.843    1457.04   1370.000   1352.390    -1.3334    -1.3327     0.0008    -1.3832    -1.3824     0.0008   2.815499   2.815482  -0.000015    34.5190    34.5179     6.6376    27.7774    27.7765    34.5190    27.7773    1464.79    1464.80    -1.3821  1034.2731    34.6892 0.0000e+00
      37621 321.109404  -62.30316  -58.21188     -0.800    1457.04   1369.000   1351.406    -1.3335    -1.3327     0.0008    -1.3832    -1.3824     0.0008   2.815451   2.815437  -0.000013    34.5190    34.5179     6.6455    27.7774    27.7765    34.5190    27.7774    1464.78    1464.78    -1.3822  1034.2685    34.6892 0.0000e+00
      37653 321.109419  -62.30316  -58.21188     -0.762    1457.04   1368.000   1350.422    -1.3335    -1.3328     0.0008    -1.3832    -1.3825     0.0008   2.815400   2.815391  -0.000011    34.5190    34.5179     6.6422    27.7773    27.7765    34.5189    27.7773    1464.76    1464.76    -1.3821  1034.2637    34.6892 0.0000e+00
      37684 321.109434  -62.30316  -58.21186     -0.755    1457.04   1367.000   1349.438    -1.3336    -1.3329     0.0007    -1.3832    -1.3826     0.0007   2.815358   2.815334  -0.000022    34.5190    34.5179     6.6529    27.7774    27.7765    34.5190    27.7773    1464.74    1464.75    -1.3822  1034.2591    34.6892 0.0000e+00
      37715 321.109449  -62.30316  -58.21186     -0.776    1457.04   1366.000   1348.454    -1.3339    -1.3333     0.0007    -1.3835    -1.3828     0.0007   2.815286   2.815276  -0.000011    34.5190    34.5180     6.6375    27.7774    27.7766    34.5189    27.7773    1464.72    1464.73    -1.3824  1034.2545    34.6892 0.0000e+00
      37744 321.109463  -62.30316  -58.21186     -0.824    1457.04   1365.000   1347.470    -1.3342    -1.3335     0.0007    -1.3837    -1.3830     0.0007   2.815238   2.815228  -0.000009    34.5192    34.5182     6.6469    27.7775    27.7767    34.5191    27.7775    1464.71    1464.71    -1.3826  1034.2500    34.6894 0.0000e+00
      37771 321.109476  -62.30317  -58.21186     -0.851    1457.04   1364.000   1346.486    -1.3343    -1.3334     0.0008    -1.3837    -1.3829     0.0008   2.815192   2.815176  -0.000014    34.5192    34.5181     6.6386    27.7776    27.7766    34.5192    27.7775    1464.69    1464.69    -1.3827  1034.2454    34.6894 0.0000e+00
      37798 321.109489  -62.30318  -58.21186     -0.892    1457.04   1363.000   1345.502    -1.3343    -1.3336     0.0008    -1.3837    -1.3830     0.0008   2.815143   2.815125  -0.000018    34.5192    34.5181     6.6441    27.7776    27.7767    34.5191    27.7775    1464.67    1464.68    -1.3827  1034.2406    34.6894 0.0000e+00
      37823 321.109501  -62.30318  -58.21186     -0.935    1457.04   1362.000   1344.518    -1.3343    -1.3335     0.0009    -1.3837    -1.3828     0.0009   2.815104   2.815081  -0.000021    34.5192    34.5179     6.6393    27.7775    27.7765    34.5192    27.7775    1464.66    1464.66    -1.3826  1034.2360    34.6895 0.0000e+00
      37849 321.109514  -62.30318  -58.21186     -0.945    1457.04   1361.000   1343.534    -1.3342    -1.3334     0.0009    -1.3836    -1.3827     0.0009   2.815055   2.815046  -0.000012    34.5191    34.5179     6.6429    27.7775    27.7765    34.5190    27.7774    1464.64    1464.64    -1.3825  1034.2312    34.6893 0.0000e+00
      37875 321.109526  -62.30318  -58.21186     -0.919    1457.04   1360.000   1342.550    -1.3342    -1.3335     0.0008    -1.3835    -1.3828     0.0008   2.815019   2.814998  -0.000022    34.5192    34.5180     6.6377    27.7775    27.7766    34.5191    27.7775    1464.62    1464.63    -1.3824  1034.2266    34.6894 0.0000e+00
      37901 321.109539  -62.30318  -58.21186     -0.917    1457.04   1359.000   1341.566    -1.3342    -1.3335     0.0008    -1.3835    -1.3827     0.0008   2.814970   2.814956  -0.000012    34.5190    34.5180     6.6383    27.7774    27.7766    34.5190    27.7774    1464.61    1464.61    -1.3824  1034.2218    34.6892 0.0000e+00
      37926 321.109551  -62.30318  -58.21186     -0.941    1457.04   1358.000   1340.582    -1.3342    -1.3334     0.0008    -1.3834    -1.3826     0.0008   2.814934   2.814910  -0.000024    34.5191    34.5178     6.6515    27.7774    27.7764    34.5190    27.7774    1464.59    1464.59    -1.3823  1034.2172    34.6893 0.0000e+00
      37951 321.109563  -62.30318  -58.21184     -0.953    1457.04   1357.000   1339.598    -1.3341    -1.3334     0.0007    -1.3832    -1.3825     0.0007   2.814884   2.814871  -0.000014    34.5188    34.5178     6.6361    27.7772    27.7764    34.5188    27.7772    1464.57    1464.58    -1.3822  1034.2123    34.6890 0.0000e+00
      37978 321.109576  -62.30318  -58.21184     -0.921    1457.04   1356.000   1338.614    -1.3342    -1.3334     0.0008    -1.3833    -1.3825     0.0008   2.814842   2.814832  -0.000007    34.5189    34.5179     6.6478    27.7773    27.7765    34.5189    27.7773    1464.56    1464.56    -1.3822  1034.2078    34.6892 0.0000e+00
      38006 321.109589  -62.30318  -58.21184     -0.881    1457.04   1355.000   1337.630    -1.3342    -1.3333     0.0009    -1.3832    -1.3823     0.0009   2.814798   2.814793  -0.000004    34.5189    34.5179     6.6322    27.7773    27.7764    34.5189    27.7773    1464.54    1464.54    -1.3822  1034.2031    34.6891 0.0000e+00
