Pos-Processados/process_op42/operantar42_016.cnv
* Sea-Bird SBE 9 Data File:
* FileName = C:\Users\Hidrografia\Desktop\OPXLII\Brutos\OP42016.hdr
* Software Version Seasave V 7.26.7.107
* Temperature SN = 6502
* Conductivity SN = 4998
* Number of Bytes Per Scan = 31
* Number of Voltage Words = 2
* Number of Scans Averaged by the Deck Unit = 1
* NMEA Latitude = 47 17.16 S
* NMEA Longitude = 059 17.59 W
* NMEA UTC (Time) = Oct 21 2023 04:54:38
* NMEA baud rate = 4800
** H41
** NPOALTEMAXIMIANO
** NUMERO DA ESTACAO (XXX) 016
** LAT (XX XX.XX S/N) 47 17.23 S
** LONG (XXX XX.XX W/E) 059 17.82 W
** DATAHORA (dd/mm/aaaa hh:mm Z) 21/10/2023 0454Z
** PROFUNDIDADE (m) 1301
** OPERADOR CT FABIREZA
# nquan = 30
# nvalues = 2020                        
# units = specified
# name 0 = scan: Scan Count
# name 1 = timeJ: Julian Days
# name 2 = latitude: Latitude [deg]
# name 3 = longitude: Longitude [deg]
# name 4 = dz/dtM: Descent Rate [m/s]
# name 5 = avgsvCM: Average Sound Velocity [Chen-Millero, m/s]
# name 6 = prDM: Pressure, Digiquartz [db]
# name 7 = depSM: Depth [salt water, m]
# name 8 = t090C: Temperature [ITS-90, deg C]
# name 9 = t190C: Temperature, 2 [ITS-90, deg C]
# name 10 = T2-T190C: Temperature Difference, 2 - 1 [ITS-90, deg C]
# name 11 = potemp090C: Potential Temperature [ITS-90, deg C]
# name 12 = potemp190C: Potential Temperature, 2 [ITS-90, deg C]
# name 13 = potemp90Cdiff: Potential Temperature, Diff, 2 - 1 [ITS-90, deg C]
# name 14 = c0S/m: Conductivity [S/m]
# name 15 = c1S/m: Conductivity, 2 [S/m]
# name 16 = C2-C1S/m: Conductivity Difference, 2 - 1 [S/m]
# name 17 = sal00: Salinity, Practical [PSU]
# name 18 = sal11: Salinity, Practical, 2 [PSU]
# name 19 = sbeox0ML/L: Oxygen, SBE 43 [ml/l]
# name 20 = sigma-é00: Density [sigma-theta, kg/m^3]
# name 21 = sigma-é11: Density, 2 [sigma-theta, kg/m^3]
# name 22 = sal00: Salinity, Practical [PSU]
# name 23 = sigma-é00: Density [sigma-theta, kg/m^3]
# name 24 = svCM: Sound Velocity [Chen-Millero, m/s]
# name 25 = svCM1: Sound Velocity, 2 [Chen-Millero, m/s]
# name 26 = gsw_ptA0: potential temperature [ITS-90, deg C]
# name 27 = gsw_densityA0: density, TEOS-10 [density, kg/m^3]
# name 28 = gsw_saA0: Absolute Salinity [g/kg]
# name 29 = flag:
# span 0 =       2428,      65192       
# span 1 = 294.205777, 294.236045       
# span 2 =  -47.28682,  -47.28420       
# span 3 =  -59.30431,  -59.29248       
# span 4 =     -1.522,      1.451       
# span 5 =       0.00,    1502.37       
# span 6 =      2.000,   1012.000       
# span 7 =      2.000,   1001.132       
# span 8 =     2.6927,     6.2522       
# span 9 =     2.6936,     6.2535       
# span 10 =    -0.0345,     0.0544      
# span 11 =     2.6265,     6.2518      
# span 12 =     2.6274,     6.2530      
# span 13 =    -0.0345,     0.0544      
# span 14 =   3.134433,   3.372951      
# span 15 =   3.134462,   3.372998      
# span 16 =  -0.003096,   0.004906      
# span 17 =    34.0117,    34.3942      
# span 18 =    34.0168,    34.3938      
# span 19 =     4.3024,     7.3455      
# span 20 =    26.7451,    27.4343      
# span 21 =    26.7451,    27.4338      
# span 22 =    34.0168,    34.3934      
# span 23 =    26.7453,    27.4340      
# span 24 =    1469.45,    1476.99      
# span 25 =    1469.47,    1476.99      
# span 26 =     2.6264,     6.2518      
# span 27 =  1026.7605,  1032.1323      
# span 28 =    34.1775,    34.5604      
# span 29 = 0.0000e+00, 0.0000e+00      
# interval = decibars: 1                
# start_time = Oct 21 2023 04:54:38 [NMEA time, header]
# bad_flag = -9.990e-29
*END*
[from data line 1161]
      35907 294.221922  -47.28578  -59.29764     -1.000    1472.95    860.000    851.075     2.9412     2.9426     0.0014     2.8845     2.8859     0.0014   3.141760   3.141799   0.000040    34.2975    34.2965     4.8003    27.3347    27.3338    34.2977    27.3349    1475.37    1475.37     2.8844  1031.3285    34.4629 0.0000e+00
      35941 294.221938  -47.28578  -59.29765     -0.765    1472.95    859.000    850.087     2.9430     2.9442     0.0013     2.8863     2.8876     0.0012   3.141759   3.141802   0.000042    34.2961    34.2953     4.8039    27.3334    27.3327    34.2963    27.3336    1475.35    1475.36     2.8862  1031.3230    34.4621 0.0000e+00
      35975 294.221955  -47.28578  -59.29766     -0.694    1472.95    858.000    849.100     2.9444     2.9460     0.0015     2.8878     2.8894     0.0015   3.141759   3.141800   0.000042    34.2951    34.2940     4.8088    27.3325    27.3314    34.2954    27.3327    1475.34    1475.35     2.8877  1031.3175    34.4611 0.0000e+00
      36005 294.221970  -47.28578  -59.29766     -0.764    1472.95    857.000    848.112     2.9461     2.9460    -0.0001     2.8895     2.8895    -0.0001   3.141791   3.141757  -0.000025    34.2943    34.2941     4.8188    27.3317    27.3315    34.2945    27.3319    1475.33    1475.33     2.8894  1031.3095    34.4571 0.0000e+00
      36036 294.221984 -9.990e-29  -59.29767     -0.792    1472.95    856.000    847.125     2.9468     2.9464    -0.0004     2.8904     2.8899    -0.0004   3.141758   3.141746  -0.000013    34.2936    34.2939     4.8248    27.3311    27.3314    34.2939    27.3313    1475.32    1475.32     2.8902  1031.3036    34.4556 0.0000e+00
      36068 294.222000 -9.990e-29  -59.29768     -0.756    1472.95    855.000    846.137     2.9478     2.9500     0.0021     2.8914     2.8935     0.0021   3.141780   3.141853   0.000068    34.2933    34.2919     4.8329    27.3307    27.3294    34.2936    27.3310    1475.30    1475.31     2.8913  1031.2987    34.4553 0.0000e+00
      36098 294.222014  -47.28576  -59.29768     -0.772    1472.95    854.000    845.149     2.9513     2.9537     0.0024     2.8950     2.8973     0.0024   3.141932   3.142007   0.000075    34.2918    34.2902     4.8345    27.3292    27.3277    34.2923    27.3296    1475.30    1475.31     2.8948  1031.2945    34.4563 0.0000e+00
      36125 294.222027  -47.28576 -9.990e-29     -0.866    1472.95    853.000    844.162     2.9545     2.9570     0.0025     2.8982     2.9007     0.0024   3.142062   3.142147   0.000083    34.2905    34.2889     4.8410    27.3279    27.3264    34.2910    27.3283    1475.30    1475.31     2.8981  1031.2901    34.4571 0.0000e+00
      36148 294.222038  -47.28576 -9.990e-29     -0.962    1472.95    852.000    843.174     2.9577     2.9583     0.0005     2.9015     2.9020     0.0005   3.142175   3.142179   0.000003    34.2891    34.2886     4.8388    27.3265    27.3260    34.2895    27.3268    1475.29    1475.29     2.9014  1031.2839    34.4555 0.0000e+00
      36170 294.222049  -47.28576 -9.990e-29     -1.059    1472.95    851.000    842.186     2.9585     2.9614     0.0029     2.9023     2.9052     0.0029   3.142203   3.142366   0.000139    34.2890    34.2876     4.8487    27.3263    27.3249    34.2895    27.3267    1475.28    1475.29     2.9022  1031.2793    34.4555 0.0000e+00
      36193 294.222060  -47.28576  -59.29770     -1.064    1472.95    850.000    841.199     2.9634     2.9669     0.0035     2.9072     2.9108     0.0035   3.142513   3.142689   0.000177    34.2879    34.2863     4.8545    27.3250    27.3234    34.2887    27.3256    1475.28    1475.30     2.9071  1031.2733    34.4545 0.0000e+00
      36221 294.222074  -47.28576  -59.29772     -0.926    1472.95    849.000    840.211     2.9681     2.9707     0.0027     2.9119     2.9146     0.0027   3.142780   3.142894   0.000114    34.2868    34.2854     4.8602    27.3237    27.3223    34.2875    27.3242    1475.28    1475.29     2.9119  1031.2671    34.4532 0.0000e+00
      36251 294.222088  -47.28576  -59.29772     -0.799    1472.95    848.000    839.224     2.9714     2.9743     0.0029     2.9154     2.9182     0.0029   3.142958   3.143096   0.000139    34.2859    34.2845     4.8675    27.3226    27.3212    34.2866    27.3232    1475.28    1475.29     2.9153  1031.2614    34.4523 0.0000e+00
      36277 294.222101  -47.28576  -59.29772     -0.881    1472.95    847.000    838.236     2.9765     2.9783     0.0018     2.9205     2.9223     0.0018   3.143240   3.143276   0.000063    34.2843    34.2832     4.8705    27.3210    27.3199    34.2852    27.3217    1475.28    1475.29     2.9204  1031.2552    34.4508 0.0000e+00
      36301 294.222112  -47.28576  -59.29774     -0.965    1472.95    846.000    837.249     2.9800     2.9769    -0.0031     2.9241     2.9209    -0.0031   3.143401   3.143154  -0.000243    34.2833    34.2836     4.8757    27.3198    27.3204    34.2839    27.3203    1475.28    1475.27     2.9240  1031.2491    34.4496 0.0000e+00
      36330 294.222126  -47.28575  -59.29774     -0.895    1472.95    845.000    836.261     2.9803     2.9810     0.0007     2.9244     2.9251     0.0007   3.143352   3.143356  -0.000002    34.2831    34.2823     4.8906    27.3196    27.3189    34.2836    27.3200    1475.27    1475.27     2.9243  1031.2442    34.4492 0.0000e+00
      36366 294.222143  -47.28574  -59.29774     -0.696    1472.95    844.000    835.273     2.9812     2.9823     0.0011     2.9254     2.9264     0.0010   3.143339   3.143381   0.000045    34.2825    34.2819     4.8938    27.3190    27.3185    34.2830    27.3195    1475.25    1475.26     2.9253  1031.2391    34.4486 0.0000e+00
      36398 294.222159  -47.28574  -59.29776     -0.707    1472.95    843.000    834.285     2.9828     2.9846     0.0018     2.9270     2.9288     0.0018   3.143371   3.143436   0.000063    34.2818    34.2807     4.9053    27.3184    27.3173    34.2823    27.3187    1475.24    1475.25     2.9269  1031.2337    34.4479 0.0000e+00
      36423 294.222171  -47.28574  -59.29776     -0.872    1472.95    842.000    833.298     2.9846     2.9840    -0.0006     2.9289     2.9283    -0.0006   3.143432   3.143355  -0.000064    34.2810    34.2809     4.9025    27.3176    27.3175    34.2815    27.3180    1475.23    1475.23     2.9288  1031.2283    34.4471 0.0000e+00
      36446 294.222182  -47.28574  -59.29777     -1.014    1472.95    841.000    832.310     2.9862     2.9866     0.0005     2.9306     2.9310     0.0005   3.143461   3.143456  -0.000010    34.2804    34.2798     4.9007    27.3169    27.3164    34.2808    27.3172    1475.22    1475.22     2.9305  1031.2229    34.4464 0.0000e+00
      36469 294.222194  -47.28574  -59.29778     -1.044    1472.95    840.000    831.322     2.9867     2.9878     0.0011     2.9311     2.9322     0.0011   3.143444   3.143475   0.000026    34.2802    34.2794     4.9023    27.3167    27.3160    34.2806    27.3170    1475.21    1475.21     2.9310  1031.2181    34.4462 0.0000e+00
      36500 294.222208  -47.28574  -59.29778     -0.848    1472.95    839.000    830.334     2.9866     2.9879     0.0013     2.9311     2.9324     0.0013   3.143379   3.143438   0.000057    34.2801    34.2794     4.9089    27.3166    27.3160    34.2804    27.3169    1475.19    1475.19     2.9310  1031.2133    34.4460 0.0000e+00
      36531 294.222223  -47.28574  -59.29778     -0.728    1472.95    838.000    829.347     2.9875     2.9889     0.0015     2.9320     2.9335     0.0015   3.143380   3.143446   0.000064    34.2797    34.2789     4.9123    27.3163    27.3155    34.2800    27.3165    1475.18    1475.18     2.9319  1031.2083    34.4456 0.0000e+00
      36554 294.222234  -47.28572  -59.29780     -0.923    1472.95    837.000    828.359     2.9905     2.9898    -0.0007     2.9351     2.9345    -0.0006   3.143535   3.143438  -0.000070    34.2787    34.2785     4.9220    27.3151    27.3150    34.2792    27.3156    1475.17    1475.17     2.9350  1031.2028    34.4448 0.0000e+00
      36573 294.222243  -47.28572  -59.29780     -1.133    1472.95    836.000    827.372     2.9965     2.9960    -0.0005     2.9412     2.9407    -0.0005   3.143813   3.143720  -0.000097    34.2761    34.2754     4.9172    27.3125    27.3120    34.2768    27.3131    1475.18    1475.17     2.9411  1031.1955    34.4423 0.0000e+00
      36593 294.222253  -47.28572  -59.29780     -1.226    1472.95    835.000    826.384     2.9988     2.9990     0.0002     2.9435     2.9437     0.0002   3.143817   3.143821  -0.000014    34.2745    34.2742     4.9169    27.3111    27.3108    34.2749    27.3114    1475.17    1475.17     2.9434  1031.1892    34.4404 0.0000e+00
      36623 294.222267  -47.28572  -59.29781     -0.969    1472.95    834.000    825.396     2.9959     2.9986     0.0027     2.9407     2.9434     0.0027   3.143618   3.143761   0.000139    34.2758    34.2747     4.9222    27.3124    27.3112    34.2761    27.3126    1475.14    1475.15     2.9406  1031.1858    34.4416 0.0000e+00
      36663 294.222287  -47.28572  -59.29782     -0.550    1472.95    833.000    824.408     3.0034     3.0016    -0.0018     2.9483     2.9465    -0.0018   3.143984   3.143878  -0.000097    34.2723    34.2731     4.9477    27.3089    27.3096    34.2731    27.3095    1475.15    1475.15     2.9482  1031.1780    34.4386 0.0000e+00
      36691 294.222300  -47.28572  -59.29782     -0.763    1472.95    832.000    823.421     3.0050     3.0066     0.0015     2.9499     2.9515     0.0015   3.143990   3.144055   0.000066    34.2717    34.2708     4.9533    27.3082    27.3074    34.2720    27.3085    1475.14    1475.15     2.9498  1031.1724    34.4375 0.0000e+00
      36716 294.222312  -47.28572  -59.29783     -0.936    1472.95    831.000    822.433     3.0066     3.0053    -0.0013     2.9516     2.9503    -0.0013   3.144080   3.143953  -0.000107    34.2714    34.2714     4.9493    27.3078    27.3080    34.2720    27.3083    1475.13    1475.13     2.9515  1031.1676    34.4375 0.0000e+00
      36743 294.222325  -47.28572  -59.29784     -0.937    1472.95    830.000    821.449     3.0085     3.0071    -0.0014     2.9535     2.9522    -0.0014   3.144097   3.144012  -0.000092    34.2703    34.2707     4.9574    27.3068    27.3072    34.2707    27.3071    1475.12    1475.12     2.9534  1031.1617    34.4362 0.0000e+00
      36795 294.222351  -47.28571  -59.29785     -0.446    1472.95    829.000    820.456     3.0096     3.0095    -0.0002     2.9547     2.9546    -0.0002   3.144122   3.144093  -0.000027    34.2699    34.2698     4.9746    27.3064    27.3063    34.2703    27.3067    1475.11    1475.11     2.9546  1031.1567    34.4358 0.0000e+00
      36839 294.222372  -47.28570  -59.29786     -0.532    1472.95    828.000    819.470     3.0108     3.0121     0.0012     2.9560     2.9573     0.0012   3.144142   3.144166   0.000021    34.2696    34.2686     4.9698    27.3060    27.3050    34.2698    27.3062    1475.10    1475.10     2.9559  1031.1515    34.4353 0.0000e+00
      36862 294.222383  -47.28570  -59.29786     -0.877    1472.95    827.000    818.482     3.0091     3.0097     0.0006     2.9543     2.9550     0.0006   3.144008   3.143954  -0.000056    34.2703    34.2690     4.9726    27.3067    27.3056    34.2706    27.3069    1475.07    1475.08     2.9543  1031.1477    34.4360 0.0000e+00
      36881 294.222392  -47.28570  -59.29787     -1.113    1472.95    826.000    817.494     3.0108     3.0115     0.0007     2.9561     2.9568     0.0007   3.144041   3.144060   0.000021    34.2694    34.2689     4.9790    27.3058    27.3054    34.2697    27.3060    1475.06    1475.07     2.9560  1031.1422    34.4351 0.0000e+00
      36899 294.222401  -47.28570  -59.29788     -1.271    1472.95    825.000    816.507     3.0105     3.0113     0.0008     2.9559     2.9567     0.0008   3.143994   3.144007   0.000009    34.2698    34.2691     4.9796    27.3062    27.3055    34.2700    27.3063    1475.05    1475.05     2.9558  1031.1379    34.4354 0.0000e+00
      36920 294.222411  -47.28570  -59.29788     -1.258    1472.95    824.000    815.519     3.0104     3.0114     0.0009     2.9559     2.9568     0.0009   3.143942   3.143973   0.000030    34.2698    34.2692     4.9888    27.3062    27.3056    34.2700    27.3063    1475.03    1475.03     2.9558  1031.1333    34.4354 0.0000e+00
      36947 294.222424  -47.28570  -59.29788     -1.013    1472.95    823.000    814.531     3.0103     3.0114     0.0011     2.9559     2.9569     0.0011   3.143901   3.143930   0.000028    34.2699    34.2692     4.9859    27.3063    27.3056    34.2701    27.3064    1475.01    1475.02     2.9558  1031.1287    34.4355 0.0000e+00
      36979 294.222439  -47.28570  -59.29790     -0.762    1472.95    822.000    813.543     3.0107     3.0116     0.0008     2.9563     2.9572     0.0008   3.143862   3.143886   0.000024    34.2695    34.2689     4.9796    27.3059    27.3053    34.2697    27.3060    1475.00    1475.00     2.9562  1031.1238    34.4351 0.0000e+00
      37006 294.222452  -47.28570  -59.29790     -0.815    1472.95    821.000    812.556     3.0123     3.0130     0.0006     2.9580     2.9586     0.0006   3.143904   3.143912   0.000015    34.2688    34.2683     4.9795    27.3051    27.3047    34.2690    27.3054    1474.99    1474.99     2.9579  1031.1185    34.4344 0.0000e+00
      37031 294.222464  -47.28570  -59.29790     -0.940    1472.95    820.000    811.568     3.0153     3.0144    -0.0009     2.9610     2.9601    -0.0009   3.144023   3.143942  -0.000078    34.2676    34.2675     4.9791    27.3039    27.3039    34.2679    27.3042    1474.98    1474.98     2.9609  1031.1126    34.4333 0.0000e+00
      37055 294.222476  -47.28569  -59.29791     -1.003    1472.95    819.000    810.580     3.0182     3.0183     0.0001     2.9640     2.9641     0.0001   3.144105   3.144095  -0.000016    34.2661    34.2658     4.9830    27.3025    27.3022    34.2663    27.3027    1474.98    1474.98     2.9639  1031.1065    34.4317 0.0000e+00
      37089 294.222492  -47.28568  -59.29792     -0.793    1472.95    818.000    809.592     3.0187     3.0197     0.0010     2.9645     2.9655     0.0010   3.144083   3.144122   0.000035    34.2658    34.2652     4.9948    27.3022    27.3016    34.2661    27.3024    1474.96    1474.96     2.9644  1031.1016    34.4315 0.0000e+00
      37134 294.222514  -47.28568  -59.29794     -0.491    1472.95    817.000    808.604     3.0205     3.0222     0.0017     2.9664     2.9681     0.0017   3.144137   3.144201   0.000065    34.2650    34.2641     5.0047    27.3014    27.3005    34.2653    27.3016    1474.95    1474.96     2.9663  1031.0962    34.4307 0.0000e+00
      37164 294.222528  -47.28568  -59.29794     -0.716    1472.95    816.000    807.617     3.0209     3.0216     0.0007     2.9669     2.9676     0.0007   3.144111   3.144112   0.000007    34.2649    34.2643     5.0037    27.3013    27.3007    34.2652    27.3015    1474.93    1474.94     2.9668  1031.0914    34.4305 0.0000e+00
      37186 294.222539  -47.28568  -59.29794     -0.942    1472.95    815.000    806.629     3.0219     3.0219    -0.0000     2.9680     2.9680    -0.0000   3.144121   3.144101  -0.000021    34.2644    34.2642     5.0083    27.3008    27.3006    34.2647    27.3010    1474.92    1474.92     2.9679  1031.0863    34.4300 0.0000e+00
      37206 294.222549  -47.28568  -59.29794     -1.123    1472.95    814.000    805.641     3.0240     3.0245     0.0004     2.9701     2.9706     0.0004   3.144203   3.144180  -0.000019    34.2636    34.2629     5.0177    27.3000    27.2994    34.2640    27.3002    1474.92    1474.92     2.9700  1031.0809    34.4294 0.0000e+00
