Pos-Processados/process_op42/operantar42_015.ros
* Sea-Bird SBE 9 Data File:
* FileName = C:\Users\Hidrografia\Desktop\OPXLII\Brutos\OP42015.hdr
* Software Version Seasave V 7.26.7.107
* Temperature SN = 6502
* Conductivity SN = 4998
* Number of Bytes Per Scan = 31
* Number of Voltage Words = 2
* Number of Scans Averaged by the Deck Unit = 1
* NMEA Latitude = 46 45.52 S
* NMEA Longitude = 057 57.77 W
* NMEA UTC (Time) = Oct 20 2023 19:17:13
* NMEA baud rate = 4800
** H41
** NPOALTEMAXIMIANO
** NUMERO DA ESTACAO (XXX) 015
** LAT (XX XX.XX S/N) 46 45.93 S
** LONG (XXX XX.XX W/E) 057 54.24 W
** DATAHORA (dd/mm/aaaa hh:mm Z) 20/10/2023 1916Z
** PROFUNDIDADE (m) 3525
** OPERADOR CT FABIREZA
# nquan = 24
# nvalues = 3733                                  
# units = specified
# name 0 = scan: Scan Count
# name 1 = timeJ: Julian Days
# name 2 = latitude: Latitude [deg]
# name 3 = longitude: Longitude [deg]
# name 4 = dz/dtM: Descent Rate [m/s]
# name 5 = avgsvCM: Average Sound Velocity [Chen-Millero, m/s]
# name 6 = prDM: Pressure, Digiquartz [db]
# name 7 = depSM: Depth [salt water, m]
# name 8 = t090C: Temperature [ITS-90, deg C]
# name 9 = t190C: Temperature, 2 [ITS-90, deg C]
# name 10 = T2-T190C: Temperature Difference, 2 - 1 [ITS-90, deg C]
# name 11 = potemp090C: Potential Temperature [ITS-90, deg C]
# name 12 = potemp190C: Potential Temperature, 2 [ITS-90, deg C]
# name 13 = potemp90Cdiff: Potential Temperature, Diff, 2 - 1 [ITS-90, deg C]
# name 14 = c0S/m: Conductivity [S/m]
# name 15 = c1S/m: Conductivity, 2 [S/m]
# name 16 = C2-C1S/m: Conductivity Difference, 2 - 1 [S/m]
# name 17 = sal00: Salinity, Practical [PSU]
# name 18 = sal11: Salinity, Practical, 2 [PSU]
# name 19 = sbeox0ML/L: Oxygen, SBE 43 [ml/l]
# name 20 = sigma-é00: Density [sigma-theta, kg/m^3]
# name 21 = sigma-é11: Density, 2 [sigma-theta, kg/m^3]
# name 22 = nbf: Bottles Fired
# name 23 = flag:  0.000e+00
# interval = seconds: 0.0416667
# start_time = Oct 20 2023 19:17:13 [NMEA time, header]
# bad_flag = -9.990e-29
*END*
[from data line 3261]
      62714 293.833866  -46.77092  -57.96590     -0.233    1470.12     30.882     30.624     6.8926     6.9163     0.0237     6.8898     6.9135     0.0237   3.437671   3.439883   0.002211    34.0918    34.0926     7.2445    26.7184    26.7158         22  0.000e+00
      62715 293.833867  -46.77092  -57.96590     -0.242    1470.12     30.882     30.624     6.9017     6.9182     0.0165     6.8989     6.9154     0.0165   3.438417   3.440113   0.001697    34.0909    34.0932     7.2432    26.7165    26.7160         22  0.000e+00
      62716 293.833867  -46.77092  -57.96590     -0.250    1470.12     30.890     30.632     6.9075     6.9206     0.0131     6.9048     6.9178     0.0131   3.438781   3.440290   0.001509    34.0891    34.0928     7.2375    26.7142    26.7153         22  0.000e+00
      62717 293.833868  -46.77092  -57.96590     -0.264    1470.12     30.826     30.568     6.9111     6.9218     0.0107     6.9083     6.9190     0.0107   3.439009   3.440423   0.001415    34.0881    34.0931     7.2365    26.7130    26.7155         22  0.000e+00
      62718 293.833868  -46.77092  -57.96590     -0.272    1470.12     30.834     30.576     6.9134     6.9227     0.0093     6.9106     6.9199     0.0093   3.439070   3.440545   0.001475    34.0865    34.0935     7.2358    26.7114    26.7156         22  0.000e+00
      62719 293.833869  -46.77092  -57.96590     -0.280    1470.12     30.826     30.568     6.9150     6.9227     0.0077     6.9122     6.9199     0.0077   3.439249   3.440594   0.001344    34.0869    34.0941     7.2357    26.7115    26.7161         22  0.000e+00
      62720 293.833869  -46.77092  -57.96590     -0.290    1470.12     30.770     30.513     6.9157     6.9221     0.0064     6.9129     6.9193     0.0064   3.439434   3.440606   0.001172    34.0883    34.0948     7.2401    26.7125    26.7168         22  0.000e+00
      62721 293.833870  -46.77092  -57.96590     -0.302    1470.12     30.762     30.505     6.9154     6.9204     0.0051     6.9126     6.9177     0.0051   3.439397   3.440484   0.001087    34.0882    34.0951     7.2353    26.7125    26.7172         22  0.000e+00
      62722 293.833870  -46.77092  -57.96590     -0.306    1470.12     30.762     30.505     6.9155     6.9188     0.0033     6.9127     6.9160     0.0033   3.439539   3.440381   0.000842    34.0896    34.0956     7.2347    26.7135    26.7178         22  0.000e+00
      62723 293.833871  -46.77092  -57.96590     -0.314    1470.12     30.770     30.513     6.9150     6.9173     0.0023     6.9122     6.9145     0.0023   3.439563   3.440290   0.000726    34.0904    34.0961     7.2343    26.7142    26.7185         22  0.000e+00
      62724 293.833871  -46.77092  -57.96590     -0.322    1470.12     30.705     30.449     6.9139     6.9161     0.0022     6.9111     6.9133     0.0022   3.439650   3.440174   0.000524    34.0925    34.0960     7.2388    26.7160    26.7185         22  0.000e+00
      62725 293.833872  -46.77092  -57.96590     -0.332    1470.12     30.713     30.457     6.9142     6.9153     0.0011     6.9114     6.9125     0.0011   3.439711   3.440095   0.000384    34.0929    34.0960     7.2338    26.7163    26.7186         22  0.000e+00
      62726 293.833872  -46.77092  -57.96590     -0.336    1470.12     30.705     30.449     6.9157     6.9147    -0.0010     6.9129     6.9119    -0.0010   3.439835   3.440034   0.000200    34.0928    34.0959     7.2329    26.7160    26.7186         22  0.000e+00
      62727 293.833872  -46.77092  -57.96590     -0.347    1470.12     30.641     30.385     6.9184     6.9140    -0.0044     6.9157     6.9112    -0.0044   3.440038   3.439974  -0.000065    34.0923    34.0960     7.2367    26.7152    26.7187         22  0.000e+00
      62728 293.833873  -46.77092  -57.96590     -0.351    1470.12     30.657     30.401     6.9218     6.9137    -0.0081     6.9191     6.9109    -0.0081   3.440316   3.439962  -0.000354    34.0919    34.0961     7.2361    26.7145    26.7189         22  0.000e+00
      62729 293.833873  -46.77092  -57.96590     -0.358    1470.12     30.641     30.385     6.9246     6.9140    -0.0106     6.9218     6.9112    -0.0106   3.440581   3.439980  -0.000601    34.0922    34.0960     7.2354    26.7143    26.7188         22  0.000e+00
      62730 293.833874  -46.77092  -57.96590     -0.363    1470.12     30.593     30.337     6.9256     6.9140    -0.0116     6.9228     6.9112    -0.0116   3.440618   3.440010  -0.000608    34.0916    34.0964     7.2350    26.7137    26.7191         22  0.000e+00
      62731 293.833874  -46.77092  -57.96590     -0.370    1470.12     30.585     30.329     6.9264     6.9137    -0.0127     6.9236     6.9109    -0.0127   3.440686   3.439998  -0.000688    34.0915    34.0966     7.2353    26.7136    26.7193         22  0.000e+00
      62732 293.833875  -46.77094  -57.96590     -0.371    1470.12     30.657     30.401     6.9268     6.9139    -0.0130     6.9240     6.9111    -0.0129   3.440710   3.439992  -0.000718    34.0914    34.0963     7.2350    26.7134    26.7190         22  0.000e+00
      62733 293.833875  -46.77094  -57.96590     -0.377    1470.12     30.528     30.273     6.9265     6.9142    -0.0124     6.9238     6.9114    -0.0124   3.440821   3.440010  -0.000811    34.0929    34.0963     7.2352    26.7146    26.7190         22  0.000e+00
      62734 293.833876  -46.77094  -57.96590     -0.379    1470.12     30.585     30.329     6.9271     6.9152    -0.0119     6.9243     6.9124    -0.0119   3.440790   3.440089  -0.000701    34.0920    34.0961     7.2355    26.7139    26.7187         22  0.000e+00
      62735 293.833876  -46.77094  -57.96590     -0.382    1470.12     30.536     30.281     6.9275     6.9159    -0.0115     6.9247     6.9132    -0.0115   3.440864   3.440180  -0.000684    34.0925    34.0964     7.2356    26.7142    26.7188         22  0.000e+00
      62736 293.833877  -46.77094  -57.96590     -0.383    1470.12     30.528     30.273     6.9268     6.9169    -0.0098     6.9240     6.9142    -0.0098   3.440821   3.440247  -0.000574    34.0927    34.0961     7.2354    26.7144    26.7185         22  0.000e+00
      62737 293.833877  -46.77094  -57.96590     -0.386    1470.12     30.537     30.281     6.9251     6.9176    -0.0075     6.9223     6.9148    -0.0075   3.440778   3.440338  -0.000440    34.0939    34.0965     7.2358    26.7156    26.7187         22  0.000e+00
      62738 293.833878  -46.77094  -57.96590     -0.390    1470.12     30.464     30.210     6.9247     6.9190    -0.0057     6.9220     6.9163    -0.0057   3.440722   3.440423  -0.000299    34.0936    34.0960     7.2360    26.7155    26.7181         22  0.000e+00
      62739 293.833878  -46.77094  -57.96590     -0.390    1470.12     30.537     30.282     6.9246     6.9204    -0.0042     6.9219     6.9177    -0.0042   3.440753   3.440521  -0.000233    34.0941    34.0956     7.2362    26.7158    26.7176         22  0.000e+00
      62740 293.833879  -46.77094  -57.96590     -0.392    1470.12     30.464     30.210     6.9249     6.9214    -0.0034     6.9221     6.9187    -0.0034   3.440772   3.440636  -0.000136    34.0940    34.0960     7.2362    26.7158    26.7177         22  0.000e+00
      62741 293.833879  -46.77094  -57.96590     -0.391    1470.12     30.464     30.210     6.9248     6.9222    -0.0025     6.9220     6.9195    -0.0025   3.440790   3.440672  -0.000118    34.0943    34.0956     7.2363    26.7160    26.7173         22  0.000e+00
      62742 293.833880  -46.77094  -57.96590     -0.392    1470.12     30.472     30.218     6.9246     6.9223    -0.0023     6.9219     6.9196    -0.0023   3.440846   3.440691  -0.000155    34.0951    34.0957     7.2364    26.7166    26.7174         22  0.000e+00
      62743 293.833880  -46.77094  -57.96590     -0.391    1470.12     30.464     30.210     6.9236     6.9222    -0.0013     6.9208     6.9195    -0.0013   3.440747   3.440703  -0.000044    34.0951    34.0959     7.2360    26.7167    26.7176         22  0.000e+00
      62744 293.833881  -46.77094  -57.96590     -0.392    1470.12     30.416     30.162     6.9230     6.9221    -0.0009     6.9202     6.9193    -0.0009   3.440753   3.440606  -0.000148    34.0957    34.0950     7.2354    26.7173    26.7169         22  0.000e+00
      62745 293.833881  -46.77094  -57.96590     -0.387    1470.12     30.408     30.154     6.9230     6.9206    -0.0024     6.9202     6.9179    -0.0024   3.440679   3.440551  -0.000128    34.0949    34.0959     7.2354    26.7167    26.7178         22  0.000e+00
      62746 293.833882  -46.77094  -57.96590     -0.385    1470.12     30.472     30.218     6.9218     6.9201    -0.0017     6.9190     6.9174    -0.0017   3.440507   3.440454  -0.000053    34.0942    34.0952     7.2351    26.7163    26.7173         22  0.000e+00
      62747 293.833882  -46.77094  -57.96590     -0.381    1470.12     30.408     30.154     6.9178     6.9195     0.0017     6.9150     6.9168     0.0017   3.439995   3.440350   0.000355    34.0926    34.0948     7.2357    26.7155    26.7170         22  0.000e+00
      62748 293.833883  -46.77094  -57.96590     -0.377    1470.12     30.408     30.154     6.9087     6.9182     0.0095     6.9059     6.9154     0.0095   3.439391   3.440235   0.000844    34.0950    34.0948     7.2371    26.7187    26.7172         22  0.000e+00
      62749 293.833883  -46.77094  -57.96590     -0.373    1470.12     30.416     30.162     6.9002     6.9173     0.0171     6.8975     6.9145     0.0170   3.438885   3.440089   0.001204    34.0978    34.0941     7.2383    26.7221    26.7168         22  0.000e+00
      62750 293.833884  -46.77094  -57.96590     -0.370    1470.12     30.344     30.090     6.8948     6.9153     0.0205     6.8920     6.9126     0.0205   3.438565   3.439864   0.001299    34.0997    34.0936     7.2390    26.7243    26.7167         22  0.000e+00
      62751 293.833884  -46.77094  -57.96590     -0.366    1470.12     30.416     30.162     6.8914     6.9095     0.0181     6.8886     6.9068     0.0181   3.438516   3.439566   0.001051    34.1025    34.0961     7.2393    26.7269    26.7194         22  0.000e+00
      62752 293.833885  -46.77094  -57.96590     -0.357    1470.12     30.408     30.154     6.8896     6.9050     0.0154     6.8869     6.9022     0.0154   3.438294   3.439214   0.000920    34.1018    34.0966     7.2444    26.7267    26.7205         22  0.000e+00
      62753 293.833885  -46.77094  -57.96590     -0.352    1470.12     30.360     30.106     6.8885     6.9029     0.0144     6.8858     6.9002     0.0144   3.438201   3.438916   0.000715    34.1019    34.0955     7.2398    26.7269    26.7199         22  0.000e+00
      62754 293.833886  -46.77094  -57.96590     -0.346    1470.12     30.408     30.154     6.8874     6.9010     0.0136     6.8846     6.8982     0.0136   3.438158   3.438704   0.000546    34.1025    34.0950     7.2397    26.7275    26.7198         22  0.000e+00
      62755 293.833886  -46.77094  -57.96590     -0.339    1470.12     30.344     30.090     6.8869     6.8986     0.0117     6.8841     6.8958     0.0117   3.438133   3.438588   0.000455    34.1028    34.0962     7.2394    26.7278    26.7210         22  0.000e+00
      62756 293.833886  -46.77094  -57.96592     -0.329    1470.12     30.416     30.162     6.8856     6.8968     0.0112     6.8828     6.8940     0.0112   3.438140   3.438455   0.000315    34.1041    34.0964     7.2393    26.7290    26.7215         22  0.000e+00
      62757 293.833887  -46.77094  -57.96592     -0.322    1470.12     30.344     30.090     6.8842     6.8939     0.0097     6.8815     6.8911     0.0096   3.438090   3.438272   0.000182    34.1049    34.0973     7.2440    26.7298    26.7226         22  0.000e+00
      62758 293.833887  -46.77094  -57.96592     -0.317    1470.12     30.360     30.106     6.8856     6.8905     0.0050     6.8828     6.8878     0.0050   3.438207   3.438114  -0.000093    34.1049    34.0989     7.2445    26.7296    26.7243         22  0.000e+00
      62759 293.833888  -46.77094  -57.96592     -0.304    1470.12     30.408     30.154     6.8898     6.8886    -0.0012     6.8870     6.8859    -0.0012   3.438454   3.437957  -0.000497    34.1034    34.0991     7.2397    26.7279    26.7247         22  0.000e+00
      62760 293.833888  -46.77094  -57.96592     -0.294    1470.12     30.360     30.106     6.8940     6.8884    -0.0056     6.8913     6.8857    -0.0056   3.438811   3.437847  -0.000964    34.1031    34.0981     7.2390    26.7271    26.7239         22  0.000e+00
      62761 293.833889  -46.77094  -57.96592     -0.286    1470.12     30.344     30.090     6.8994     6.8883    -0.0111     6.8966     6.8855    -0.0111   3.439243   3.437829  -0.001414    34.1026    34.0980     7.2382    26.7259    26.7239         22  0.000e+00
      62762 293.833889  -46.77094  -57.96592     -0.275    1470.12     30.408     30.154     6.9048     6.8884    -0.0163     6.9020     6.8857    -0.0163   3.439459   3.437847  -0.001611    34.0996    34.0980     7.2375    26.7229    26.7239         22  0.000e+00
      62763 293.833890  -46.77094  -57.96592     -0.263    1470.12     30.416     30.162     6.9069     6.8886    -0.0183     6.9042     6.8859    -0.0183   3.439563   3.437878  -0.001686    34.0986    34.0982     7.2373    26.7218    26.7240         22  0.000e+00
      62764 293.833890  -46.77094  -57.96592     -0.254    1470.12     30.344     30.091     6.9067     6.8884    -0.0182     6.9039     6.8857    -0.0182   3.439409   3.437865  -0.001544    34.0972    34.0983     7.2375    26.7207    26.7240         22  0.000e+00
      62765 293.833891  -46.77094  -57.96592     -0.239    1470.12     30.416     30.162     6.9057     6.8884    -0.0173     6.9030     6.8857    -0.0173   3.439274   3.437835  -0.001439    34.0966    34.0979     7.2373    26.7204    26.7237         22  0.000e+00
      62766 293.833891  -46.77094  -57.96592     -0.231    1470.12     30.344     30.091     6.9048     6.8891    -0.0157     6.9021     6.8863    -0.0157   3.439120   3.437920  -0.001199    34.0958    34.0982     7.2370    26.7199    26.7239         22  0.000e+00
      62767 293.833892  -46.77094  -57.96592     -0.217    1470.12     30.417     30.163     6.9029     6.8902    -0.0128     6.9002     6.8874    -0.0128   3.438947   3.438023  -0.000924    34.0957    34.0982     7.2369    26.7201    26.7238         22  0.000e+00
      62768 293.833892  -46.77094  -57.96592     -0.200    1470.12     30.465     30.210     6.9021     6.8920    -0.0102     6.8994     6.8892    -0.0102   3.438941   3.438157  -0.000784    34.0965    34.0979     7.2365    26.7208    26.7233         22  0.000e+00
      62769 293.833893  -46.77094  -57.96592     -0.188    1470.12     30.409     30.155     6.9020     6.8929    -0.0090     6.8992     6.8902    -0.0090   3.438916   3.438248  -0.000668    34.0964    34.0980     7.2316    26.7207    26.7232         22  0.000e+00
      62770 293.833893  -46.77094  -57.96592     -0.176    1470.12     30.417     30.163     6.9035     6.8934    -0.0101     6.9008     6.8907    -0.0101   3.439113   3.438285  -0.000829    34.0970    34.0979     7.2301    26.7210    26.7231         22  0.000e+00
      62771 293.833894  -46.77094  -57.96592     -0.164    1470.12     30.409     30.155     6.9075     6.8961    -0.0114     6.9048     6.8934    -0.0114   3.439378   3.438430  -0.000948    34.0960    34.0968     7.2283    26.7196    26.7218         22  0.000e+00
      62772 293.833894  -46.77094  -57.96592     -0.149    1470.12     30.417     30.163     6.9139     6.8990    -0.0149     6.9111     6.8963    -0.0149   3.439668   3.438613  -0.001056    34.0928    34.0959     7.2262    26.7163    26.7208         22  0.000e+00
