Pos-Processados/process_op42/operantar42_040.cnv
* Sea-Bird SBE 9 Data File:
* FileName = C:\Users\Hidrografia\Desktop\OPXLII\Brutos\OP42040.hdr
* Software Version Seasave V 7.26.7.107
* Temperature SN = 6502
* Conductivity SN = 4998
* Number of Bytes Per Scan = 37
* Number of Voltage Words = 4
* Number of Scans Averaged by the Deck Unit = 1
* NMEA Latitude = 62 08.53 S
* NMEA Longitude = 058 26.22 W
* NMEA UTC (Time) = Nov 09 2023 15:06:47
* NMEA baud rate = 4800
** H41
** NPOALTEMAXIMIANO
** NUMERO DA ESTACAO (XXX) 040
** LAT (XX XX.XX S/N) 62 08.14 S
** LONG (XXX XX.XX W/E) 058 26.57 W
** DATAHORA (dd/mm/aaaa hh:mm Z) 09/11/2023 1506Z
** PROFUNDIDADE (m) 410
** OPERADOR CT FILIPE LOPES
# nquan = 30
# nvalues = 712                         
# units = specified
# name 0 = scan: Scan Count
# name 1 = timeJ: Julian Days
# name 2 = latitude: Latitude [deg]
# name 3 = longitude: Longitude [deg]
# name 4 = dz/dtM: Descent Rate [m/s]
# name 5 = avgsvCM: Average Sound Velocity [Chen-Millero, m/s]
# name 6 = prDM: Pressure, Digiquartz [db]
# name 7 = depSM: Depth [salt water, m]
# name 8 = t090C: Temperature [ITS-90, deg C]
# name 9 = t190C: Temperature, 2 [ITS-90, deg C]
# name 10 = T2-T190C: Temperature Difference, 2 - 1 [ITS-90, deg C]
# name 11 = potemp090C: Potential Temperature [ITS-90, deg C]
# name 12 = potemp190C: Potential Temperature, 2 [ITS-90, deg C]
# name 13 = potemp90Cdiff: Potential Temperature, Diff, 2 - 1 [ITS-90, deg C]
# name 14 = c0S/m: Conductivity [S/m]
# name 15 = c1S/m: Conductivity, 2 [S/m]
# name 16 = C2-C1S/m: Conductivity Difference, 2 - 1 [S/m]
# name 17 = sal00: Salinity, Practical [PSU]
# name 18 = sal11: Salinity, Practical, 2 [PSU]
# name 19 = sbeox0ML/L: Oxygen, SBE 43 [ml/l]
# name 20 = sigma-é00: Density [sigma-theta, kg/m^3]
# name 21 = sigma-é11: Density, 2 [sigma-theta, kg/m^3]
# name 22 = sal00: Salinity, Practical [PSU]
# name 23 = sigma-é00: Density [sigma-theta, kg/m^3]
# name 24 = svCM: Sound Velocity [Chen-Millero, m/s]
# name 25 = svCM1: Sound Velocity, 2 [Chen-Millero, m/s]
# name 26 = gsw_ptA0: potential temperature [ITS-90, deg C]
# name 27 = gsw_densityA0: density, TEOS-10 [density, kg/m^3]
# name 28 = gsw_saA0: Absolute Salinity [g/kg]
# name 29 = flag:
# span 0 =       3406,      25138       
# span 1 = 313.631353, 313.641833       
# span 2 =  -62.14662,  -62.14287       
# span 3 =  -58.43642,  -58.43404       
# span 4 =     -1.086,      1.093       
# span 5 =       0.00,    1448.10       
# span 6 =      2.000,    358.000       
# span 7 =      1.997,    354.255       
# span 8 =    -0.8223,    -0.5357       
# span 9 =    -0.8205,    -0.5353       
# span 10 =    -0.0088,     0.0106      
# span 11 =    -0.8270,    -0.5369      
# span 12 =    -0.8252,    -0.5363      
# span 13 =    -0.0088,     0.0106      
# span 14 =   2.789978,   2.829269      
# span 15 =   2.789947,   2.829224      
# span 16 =  -0.000870,   0.001062      
# span 17 =    34.2766,    34.3968      
# span 18 =    34.2760,    34.3957      
# span 19 =     6.7217,     7.6894      
# span 20 =    27.5481,    27.6458      
# span 21 =    27.5475,    27.6450      
# span 22 =    34.2769,    34.3971      
# span 23 =    27.5483,    27.6461      
# span 24 =    1445.70,    1451.66      
# span 25 =    1445.70,    1451.67      
# span 26 =    -0.8269,    -0.5369      
# span 27 =  1027.5637,  1029.3556      
# span 28 =    34.4387,    34.5668      
# span 29 = 0.0000e+00, 0.0000e+00      
# interval = decibars: 1                
# start_time = Nov 09 2023 15:06:47 [NMEA time, header]
# bad_flag = -9.990e-29
*END*
       3406 313.631353  -62.14287  -58.43642      0.042       0.00      3.000      2.978    -0.5408    -0.5398     0.0010    -0.5409    -0.5398     0.0010   2.803825   2.803839   0.000007    34.2777    34.2767     7.6414    27.5491    27.5482    34.2777    27.5491    1445.72    1445.72    -0.5409  1027.5661    34.4408 0.0000e+00
       3705 313.631497  -62.14288  -58.43637      0.264       0.00      4.000      3.959    -0.5421    -0.5408     0.0013    -0.5422    -0.5409     0.0013   2.803777   2.803797   0.000022    34.2779    34.2767     7.6434    27.5494    27.5483    34.2779    27.5494    1445.73    1445.73    -0.5422  1027.5729    34.4432 0.0000e+00
       3791 313.631539  -62.14290  -58.43636      0.332       0.00      5.000      4.955    -0.5425    -0.5415     0.0009    -0.5426    -0.5417     0.0009   2.803841   2.803796  -0.000044    34.2786    34.2770     7.6431    27.5499    27.5485    34.2786    27.5499    1445.74    1445.75    -0.5426  1027.5780    34.4435 0.0000e+00
       3843 313.631564  -62.14290 -9.990e-29      0.462       0.00      6.000      5.942    -0.5423    -0.5413     0.0011    -0.5425    -0.5415     0.0011   2.803885   2.803851  -0.000032    34.2784    34.2768     7.6421    27.5498    27.5484    34.2784    27.5498    1445.76    1445.76    -0.5425  1027.5824    34.4431 0.0000e+00
       3889 313.631585  -62.14292  -58.43634      0.525       0.00      7.000      6.933    -0.5429    -0.5422     0.0006    -0.5431    -0.5424     0.0006   2.803874   2.803834  -0.000041    34.2783    34.2770     7.6515    27.5497    27.5486    34.2782    27.5496    1445.77    1445.77    -0.5431  1027.5875    34.4434 0.0000e+00
       3926 313.631604  -62.14292  -58.43633      0.634       0.00      8.000      7.923    -0.5409    -0.5400     0.0009    -0.5412    -0.5403     0.0009   2.804061   2.804052  -0.000007    34.2777    34.2766     7.6536    27.5491    27.5482    34.2779    27.5493    1445.80    1445.80    -0.5411  1027.5921    34.4433 0.0000e+00
       3971 313.631625  -62.14292  -58.43632      0.538 7.2537e-19      9.000      8.913    -0.5401    -0.5390     0.0011    -0.5404    -0.5393     0.0011   2.804193   2.804169  -0.000026    34.2780    34.2765     7.6594    27.5494    27.5481    34.2782    27.5495    1445.82    1445.82    -0.5404  1027.5959    34.4421 0.0000e+00
       4018 313.631648 -9.990e-29  -58.43631      0.502       0.12     10.000      9.905    -0.5368    -0.5361     0.0007    -0.5371    -0.5364     0.0007   2.804438   2.804455   0.000020    34.2769    34.2763     7.6618    27.5483    27.5478    34.2771    27.5485    1445.85    1445.85    -0.5371  1027.5978    34.4387 0.0000e+00
       4053 313.631665 -9.990e-29  -58.43630      0.661       0.00     11.000     10.894    -0.5366    -0.5360     0.0006    -0.5369    -0.5363     0.0006   2.804562   2.804511  -0.000048    34.2777    34.2764     7.6690    27.5489    27.5479    34.2779    27.5491    1445.87    1445.87    -0.5369  1027.6032    34.4395 0.0000e+00
       4090 313.631682 -9.990e-29  -58.43630      0.680 2.9441e-33     12.000     11.885    -0.5377    -0.5368     0.0009    -0.5381    -0.5372     0.0009   2.804490   2.804490   0.000004    34.2776    34.2766     7.6685    27.5489    27.5481    34.2776    27.5489    1445.88    1445.88    -0.5381  1027.6079    34.4393 0.0000e+00
       4139 313.631706 -9.990e-29  -58.43629      0.470       0.05     13.000     12.875    -0.5379    -0.5377     0.0002    -0.5383    -0.5381     0.0002   2.804532   2.804475  -0.000057    34.2777    34.2767     7.6684    27.5490    27.5482    34.2778    27.5491    1445.89    1445.89    -0.5383  1027.6128    34.4394 0.0000e+00
       4185 313.631729  -62.14296  -58.43628      0.524      -0.00     14.000     13.865    -0.5411    -0.5392     0.0018    -0.5415    -0.5397     0.0018   2.804333   2.804374   0.000032    34.2783    34.2767     7.6661    27.5496    27.5482    34.2781    27.5494    1445.90    1445.90    -0.5415  1027.6198    34.4421 0.0000e+00
       4222 313.631746  -62.14297  -58.43628      0.640 6.2823e-38     15.000     14.853    -0.5428    -0.5417     0.0012    -0.5433    -0.5421     0.0012   2.804163   2.804220   0.000060    34.2773    34.2767     7.6674    27.5489    27.5484    34.2771    27.5487    1445.90    1445.91    -0.5432  1027.6250    34.4424 0.0000e+00
       4262 313.631765  -62.14298  -58.43628      0.614       0.00     16.000     15.848    -0.5429    -0.5421     0.0008    -0.5433    -0.5426     0.0008   2.804251   2.804231  -0.000013    34.2777    34.2766     7.6712    27.5492    27.5483    34.2777    27.5492    1445.92    1445.92    -0.5434  1027.6302    34.4430 0.0000e+00
       4312 313.631790  -62.14299  -58.43626      0.470       0.12     17.000     16.836    -0.5408    -0.5405     0.0003    -0.5413    -0.5410     0.0003   2.804465   2.804434  -0.000034    34.2775    34.2767     7.6717    27.5490    27.5483    34.2776    27.5491    1445.95    1445.95    -0.5413  1027.6348    34.4429 0.0000e+00
       4357 313.631811  -62.14300  -58.43625      0.532      -0.00     18.000     17.827    -0.5419    -0.5401     0.0018    -0.5424    -0.5406     0.0018   2.804524   2.804531   0.000009    34.2791    34.2772     7.6789    27.5503    27.5487    34.2790    27.5502    1445.96    1445.96    -0.5424  1027.6408    34.4443 0.0000e+00
       4392 313.631828  -62.14300  -58.43624      0.661 6.3782e-13     19.000     18.817    -0.5408    -0.5394     0.0014    -0.5414    -0.5400     0.0014   2.804567   2.804634   0.000060    34.2778    34.2770     7.6746    27.5492    27.5485    34.2778    27.5492    1445.98    1445.98    -0.5413  1027.6419    34.4397 0.0000e+00
       4426 313.631845 -9.990e-29  -58.43624      0.715     710.24     20.000     19.807    -0.5443    -0.5433     0.0010    -0.5449    -0.5439     0.0010   2.804380   2.804345  -0.000038    34.2789    34.2773     7.6768    27.5502    27.5489    34.2786    27.5500    1445.98    1445.98    -0.5449  1027.6472    34.4402 0.0000e+00
       4463 313.631863  -62.14302  -58.43624      0.654    1432.60     21.000     20.797    -0.5449    -0.5442     0.0006    -0.5455    -0.5449     0.0006   2.804326   2.804310  -0.000010    34.2779    34.2771     7.6737    27.5495    27.5488    34.2779    27.5495    1445.99    1445.99    -0.5455  1027.6518    34.4400 0.0000e+00
       4503 313.631882  -62.14302  -58.43622      0.598    1445.98     22.000     21.788    -0.5457    -0.5449     0.0008    -0.5464    -0.5456     0.0008   2.804338   2.804299  -0.000040    34.2786    34.2772     7.6767    27.5501    27.5489    34.2784    27.5499    1446.00    1446.01    -0.5463  1027.6596    34.4436 0.0000e+00
       4539 313.631899  -62.14302  -58.43622      0.662    1445.98     23.000     22.778    -0.5449    -0.5441     0.0008    -0.5456    -0.5448     0.0008   2.804413   2.804426   0.000013    34.2777    34.2770     7.6735    27.5494    27.5487    34.2779    27.5494    1446.02    1446.03    -0.5456  1027.6639    34.4431 0.0000e+00
       4575 313.631917  -62.14304  -58.43622      0.663    1445.98     24.000     23.769    -0.5447    -0.5440     0.0007    -0.5454    -0.5447     0.0007   2.804503   2.804481  -0.000024    34.2783    34.2772     7.6751    27.5498    27.5488    34.2782    27.5497    1446.04    1446.04    -0.5454  1027.6692    34.4437 0.0000e+00
       4617 313.631936  -62.14304 -9.990e-29      0.586    1445.98     25.000     24.759    -0.5489    -0.5475     0.0013    -0.5496    -0.5483     0.0013   2.804148   2.804215   0.000073    34.2780    34.2774     7.6786    27.5497    27.5492    34.2776    27.5494    1446.04    1446.04    -0.5496  1027.6739    34.4434 0.0000e+00
       4655 313.631955  -62.14305 -9.990e-29      0.611    1445.98     26.000     25.749    -0.5508    -0.5503     0.0005    -0.5515    -0.5511     0.0005   2.804053   2.804050  -0.000005    34.2779    34.2773     7.6820    27.5498    27.5493    34.2778    27.5497    1446.04    1446.05    -0.5515  1027.6790    34.4437 0.0000e+00
       4694 313.631974  -62.14306  -58.43618      0.621    1445.98     27.000     26.739    -0.5509    -0.5503     0.0006    -0.5517    -0.5511     0.0006   2.804124   2.804084  -0.000042    34.2784    34.2771     7.6827    27.5502    27.5491    34.2783    27.5501    1446.06    1446.06    -0.5517  1027.6837    34.4436 0.0000e+00
       4734 313.631993  -62.14306  -58.43618      0.602    1445.98     28.000     27.730    -0.5549    -0.5523     0.0026    -0.5557    -0.5532     0.0026   2.803873   2.803938   0.000070    34.2795    34.2776     7.6894    27.5513    27.5496    34.2788    27.5506    1446.06    1446.07    -0.5557  1027.6890    34.4440 0.0000e+00
       4767 313.632009  -62.14308  -58.43617      0.685    1445.98     29.000     28.720    -0.5700    -0.5651     0.0048    -0.5708    -0.5660     0.0048   2.802777   2.802984   0.000179    34.2823    34.2792     7.6878    27.5542    27.5515    34.2805    27.5527    1446.01    1446.03    -0.5708  1027.6960    34.4459 0.0000e+00
       4796 313.632023  -62.14308 -9.990e-29      0.812    1445.98     30.000     29.710    -0.5838    -0.5825     0.0013    -0.5847    -0.5834     0.0013   2.801800   2.801720  -0.000073    34.2833    34.2808     7.6842    27.5556    27.5535    34.2824    27.5548    1445.96    1445.96    -0.5847  1027.7035    34.4485 0.0000e+00
       4825 313.632037  -62.14308 -9.990e-29      0.849    1445.98     31.000     30.700    -0.5830    -0.5791     0.0039    -0.5839    -0.5800     0.0039   2.801808   2.801986   0.000151    34.2822    34.2798     7.6805    27.5546    27.5525    34.2809    27.5536    1445.98    1445.99    -0.5839  1027.7070    34.4470 0.0000e+00
       4860 313.632054  -62.14309  -58.43614      0.720    1445.98     32.000     31.691    -0.5860    -0.5842     0.0019    -0.5870    -0.5851     0.0019   2.801607   2.801621   0.000027    34.2816    34.2799     7.6770    27.5543    27.5529    34.2810    27.5538    1445.98    1445.99    -0.5869  1027.7120    34.4471 0.0000e+00
       4900 313.632073  -62.14310  -58.43614      0.597    1445.98     33.000     32.681    -0.5822    -0.5830    -0.0008    -0.5831    -0.5840    -0.0008   2.801871   2.801755  -0.000104    34.2798    34.2794     7.6734    27.5527    27.5524    34.2796    27.5525    1446.01    1446.01    -0.5831  1027.7149    34.4449 0.0000e+00
       4936 313.632090  -62.14310  -58.43614      0.652    1445.98     34.000     33.671    -0.5816    -0.5773     0.0043    -0.5826    -0.5783     0.0043   2.801988   2.802267   0.000261    34.2805    34.2791     7.6634    27.5532    27.5519    34.2799    27.5527    1446.03    1446.05    -0.5826  1027.7199    34.4452 0.0000e+00
       4967 313.632105  -62.14310  -58.43613      0.747    1445.98     35.000     34.661    -0.5863    -0.5845     0.0018    -0.5873    -0.5855     0.0018   2.801716   2.801763   0.000055    34.2816    34.2803     7.6557    27.5543    27.5532    34.2809    27.5538    1446.03    1446.04    -0.5873  1027.7258    34.4463 0.0000e+00
       4997 313.632120  -62.14312  -58.43612      0.786    1445.98     36.000     35.652    -0.5909    -0.5887     0.0022    -0.5920    -0.5897     0.0022   2.801408   2.801467   0.000067    34.2821    34.2804     7.6530    27.5549    27.5535    34.2814    27.5543    1446.02    1446.03    -0.5919  1027.7311    34.4468 0.0000e+00
       5030 313.632136  -62.14312  -58.43612      0.749    1445.98     37.000     36.642    -0.5879    -0.5894    -0.0015    -0.5890    -0.5905    -0.0015   2.801596   2.801456  -0.000141    34.2801    34.2799     7.6535    27.5532    27.5531    34.2799    27.5530    1446.05    1446.05    -0.5890  1027.7346    34.4453 0.0000e+00
       5063 313.632152  -62.14312  -58.43611      0.718    1445.98     38.000     37.632    -0.5903    -0.5889     0.0013    -0.5914    -0.5901     0.0013   2.801501   2.801532   0.000025    34.2811    34.2799     7.6579    27.5541    27.5531    34.2807    27.5537    1446.06    1446.06    -0.5914  1027.7400    34.4460 0.0000e+00
       5095 313.632167 -9.990e-29  -58.43610      0.749    1445.98     39.000     38.622    -0.5892    -0.5890     0.0003    -0.5904    -0.5902     0.0003   2.801609   2.801571  -0.000039    34.2806    34.2798     7.6479    27.5537    27.5530    34.2803    27.5534    1446.08    1446.08    -0.5903  1027.7415    34.4420 0.0000e+00
       5125 313.632182 -9.990e-29  -58.43610      0.793    1445.98     40.000     39.612    -0.5911    -0.5928    -0.0017    -0.5923    -0.5940    -0.0017   2.801583   2.801307  -0.000201    34.2815    34.2807     7.6499    27.5544    27.5538    34.2815    27.5545    1446.09    1446.08    -0.5923  1027.7474    34.4432 0.0000e+00
       5155 313.632196 -9.990e-29  -58.43609      0.799    1445.98     41.000     40.603    -0.5875    -0.5906    -0.0031    -0.5887    -0.5918    -0.0031   2.801805   2.801563  -0.000285    34.2799    34.2796     7.6371    27.5530    27.5529    34.2797    27.5529    1446.12    1446.10    -0.5887  1027.7506    34.4414 0.0000e+00
       5186 313.632211  -62.14316  -58.43608      0.786    1445.98     42.000     41.593    -0.5880    -0.5871     0.0009    -0.5892    -0.5883     0.0009   2.801933   2.801881  -0.000045    34.2815    34.2799     7.6326    27.5543    27.5530    34.2814    27.5542    1446.14    1446.14    -0.5892  1027.7590    34.4459 0.0000e+00
       5216 313.632226  -62.14316  -58.43608      0.778    1445.98     43.000     42.583    -0.5858    -0.5865    -0.0007    -0.5870    -0.5877    -0.0007   2.802089   2.801971  -0.000127    34.2803    34.2794     7.6366    27.5533    27.5525    34.2804    27.5533    1446.16    1446.16    -0.5870  1027.7637    34.4459 0.0000e+00
       5249 313.632241  -62.14316  -58.43607      0.755    1445.98     44.000     43.573    -0.5954    -0.5915     0.0039    -0.5967    -0.5928     0.0039   2.801381   2.801567   0.000164    34.2827    34.2804     7.6474    27.5556    27.5536    34.2812    27.5544    1446.13    1446.15    -0.5967  1027.7695    34.4466 0.0000e+00
       5282 313.632257  -62.14317  -58.43606      0.727    1445.98     45.000     44.563    -0.6109    -0.6085     0.0024    -0.6122    -0.6098     0.0024   2.800236   2.800250   0.000025    34.2836    34.2812     7.6514    27.5570    27.5550    34.2826    27.5562    1446.08    1446.09    -0.6122  1027.7762    34.4482 0.0000e+00
       5313 313.632272  -62.14318  -58.43606      0.751    1445.98     46.000     45.554    -0.6121    -0.6108     0.0013    -0.6134    -0.6121     0.0013   2.800044   2.800086   0.000035    34.2817    34.2807     7.6447    27.5555    27.5547    34.2807    27.5548    1446.09    1446.09    -0.6134  1027.7795    34.4462 0.0000e+00
       5341 313.632286  -62.14318  -58.43606      0.832    1445.98     47.000     46.544    -0.6153    -0.6140     0.0013    -0.6167    -0.6154     0.0013   2.799854   2.799881   0.000031    34.2820    34.2809     7.6291    27.5559    27.5550    34.2813    27.5553    1446.09    1446.09    -0.6167  1027.7849    34.4468 0.0000e+00
       5367 313.632298  -62.14318  -58.43605      0.907    1445.98     48.000     47.534    -0.6157    -0.6152     0.0004    -0.6171    -0.6167     0.0004   2.799882   2.799829  -0.000047    34.2819    34.2808     7.6214    27.5559    27.5550    34.2814    27.5555    1446.10    1446.10    -0.6171  1027.7896    34.4467 0.0000e+00
       5396 313.632313 -9.990e-29  -58.43604      0.857    1445.98     49.000     48.524    -0.6162    -0.6154     0.0008    -0.6177    -0.6168     0.0008   2.799873   2.799851  -0.000026    34.2819    34.2806     7.6178    27.5559    27.5548    34.2813    27.5554    1446.12    1446.12    -0.6176  1027.7914    34.4430 0.0000e+00
       5432 313.632330 -9.990e-29  -58.43604      0.699    1445.98     50.000     49.514    -0.6154    -0.6150     0.0004    -0.6169    -0.6165     0.0004   2.799980   2.799936  -0.000042    34.2814    34.2805     7.6144    27.5555    27.5547    34.2812    27.5553    1446.14    1446.14    -0.6168  1027.7961    34.4428 0.0000e+00
