Pos-Processados/process_op42/operantar42_009.ros
* Sea-Bird SBE 9 Data File:
* FileName = C:\Users\Hidrografia\Desktop\OPXLII\Brutos\OP42009.hdr
* Software Version Seasave V 7.26.7.107
* Temperature SN = 6502
* Conductivity SN = 4998
* Number of Bytes Per Scan = 31
* Number of Voltage Words = 2
* Number of Scans Averaged by the Deck Unit = 1
* NMEA Latitude = 43 19.24 S
* NMEA Longitude = 055 32.42 W
* NMEA UTC (Time) = Oct 18 2023 16:32:08
* NMEA baud rate = 4800
** H41
** NPOALTEMAXIMIANO
** NUMERO DA ESTACAO (XXX) 009
** LAT (XX XX.XX S/N) 43 19.058 S
** LONG (XXX XX.XX W/E) 055 32.32 W
** DATAHORA (dd/mm/aaaa hh:mm Z) 18/10/2023 1631Z
** PROFUNDIDADE (m) 5145
** OPERADOR CT FABIREZA
# nquan = 24
# nvalues = 3657                                  
# units = specified
# name 0 = scan: Scan Count
# name 1 = timeJ: Julian Days
# name 2 = latitude: Latitude [deg]
# name 3 = longitude: Longitude [deg]
# name 4 = dz/dtM: Descent Rate [m/s]
# name 5 = avgsvCM: Average Sound Velocity [Chen-Millero, m/s]
# name 6 = prDM: Pressure, Digiquartz [db]
# name 7 = depSM: Depth [salt water, m]
# name 8 = t090C: Temperature [ITS-90, deg C]
# name 9 = t190C: Temperature, 2 [ITS-90, deg C]
# name 10 = T2-T190C: Temperature Difference, 2 - 1 [ITS-90, deg C]
# name 11 = potemp090C: Potential Temperature [ITS-90, deg C]
# name 12 = potemp190C: Potential Temperature, 2 [ITS-90, deg C]
# name 13 = potemp90Cdiff: Potential Temperature, Diff, 2 - 1 [ITS-90, deg C]
# name 14 = c0S/m: Conductivity [S/m]
# name 15 = c1S/m: Conductivity, 2 [S/m]
# name 16 = C2-C1S/m: Conductivity Difference, 2 - 1 [S/m]
# name 17 = sal00: Salinity, Practical [PSU]
# name 18 = sal11: Salinity, Practical, 2 [PSU]
# name 19 = sbeox0ML/L: Oxygen, SBE 43 [ml/l]
# name 20 = sigma-é00: Density [sigma-theta, kg/m^3]
# name 21 = sigma-é11: Density, 2 [sigma-theta, kg/m^3]
# name 22 = nbf: Bottles Fired
# name 23 = flag:  0.000e+00
# interval = seconds: 0.0416667
# start_time = Oct 18 2023 16:32:08 [NMEA time, header]
# bad_flag = -9.990e-29
*END*
[from data line 423]
      62652 291.719195  -43.32950  -55.54530     -0.021    1481.75     40.376     40.050    12.6317    12.6370     0.0053    12.6263    12.6316     0.0053   4.084515   4.084939   0.000424    35.2108    35.2099     5.8656    26.6309    26.6292          3  0.000e+00
      62653 291.719196  -43.32950  -55.54530     -0.020    1481.75     40.352     40.026    12.6311    12.6370     0.0059    12.6256    12.6316     0.0059   4.084442   4.084952   0.000510    35.2108    35.2101     5.8653    26.6310    26.6293          3  0.000e+00
      62654 291.719196  -43.32950  -55.54530     -0.009    1481.75     40.416     40.090    12.6310    12.6370     0.0060    12.6256    12.6316     0.0060   4.084297   4.084946   0.000648    35.2094    35.2100     5.8651    26.6299    26.6292          3  0.000e+00
      62655 291.719197  -43.32950  -55.54530      0.002    1481.75     40.472     40.146    12.6309    12.6370     0.0062    12.6254    12.6316     0.0062   4.084179   4.084933   0.000754    35.2083    35.2098     5.8648    26.6291    26.6291          3  0.000e+00
      62656 291.719197  -43.32950  -55.54530      0.003    1481.75     40.311     39.986    12.6310    12.6363     0.0053    12.6256    12.6309     0.0053   4.084126   4.084855   0.000729    35.2078    35.2098     5.8649    26.6287    26.6292          3  0.000e+00
      62657 291.719198  -43.32950  -55.54530      0.008    1481.75     40.416     40.090    12.6312    12.6357     0.0045    12.6258    12.6303     0.0045   4.084165   4.084757   0.000592    35.2079    35.2094     5.8647    26.6288    26.6290          3  0.000e+00
      62658 291.719198  -43.32950  -55.54530      0.019    1481.75     40.472     40.146    12.6312    12.6353     0.0041    12.6258    12.6299     0.0041   4.084212   4.084751   0.000539    35.2083    35.2097     5.8645    26.6291    26.6293          3  0.000e+00
      62659 291.719198  -43.32950  -55.54530      0.027    1481.75     40.416     40.090    12.6311    12.6352     0.0041    12.6256    12.6297     0.0041   4.084324   4.084757   0.000433    35.2096    35.2099     5.8643    26.6301    26.6295          3  0.000e+00
      62660 291.719199  -43.32950  -55.54530      0.030    1481.75     40.416     40.090    12.6308    12.6354     0.0045    12.6254    12.6299     0.0045   4.084337   4.084809   0.000472    35.2099    35.2102     5.8642    26.6304    26.6297          3  0.000e+00
      62661 291.719199  -43.32950  -55.54530      0.039    1481.75     40.432     40.106    12.6312    12.6355     0.0043    12.6258    12.6301     0.0043   4.084311   4.084783   0.000473    35.2093    35.2099     5.8598    26.6298    26.6294          3  0.000e+00
      62662 291.719200  -43.32950  -55.54530      0.043    1481.75     40.416     40.090    12.6313    12.6360     0.0046    12.6259    12.6305     0.0046   4.084212   4.084861   0.000650    35.2082    35.2102     5.8594    26.6290    26.6295          3  0.000e+00
      62663 291.719200  -43.32950  -55.54530      0.054    1481.75     40.537     40.210    12.6320    12.6365     0.0045    12.6266    12.6311     0.0045   4.084132   4.084894   0.000761    35.2068    35.2099     5.8591    26.6277    26.6293          3  0.000e+00
      62664 291.719201  -43.32950  -55.54530      0.056    1481.75     40.416     40.090    12.6315    12.6365     0.0050    12.6261    12.6311     0.0050   4.084086   4.084894   0.000808    35.2069    35.2100     5.8587    26.6279    26.6293          3  0.000e+00
      62665 291.719201  -43.32950  -55.54530      0.062    1481.75     40.472     40.146    12.6312    12.6358     0.0046    12.6258    12.6304     0.0046   4.084106   4.084796   0.000690    35.2073    35.2096     5.8627    26.6283    26.6292          3  0.000e+00
      62666 291.719202  -43.32950  -55.54530      0.066    1481.75     40.432     40.106    12.6305    12.6352     0.0047    12.6251    12.6298     0.0047   4.084165   4.084731   0.000566    35.2086    35.2096     5.8628    26.6294    26.6293          3  0.000e+00
      62667 291.719202  -43.32950  -55.54530      0.076    1481.75     40.537     40.210    12.6304    12.6348     0.0045    12.6249    12.6294     0.0045   4.084264   4.084660   0.000395    35.2096    35.2092     5.8588    26.6302    26.6291          3  0.000e+00
      62668 291.719203  -43.32950  -55.54530      0.075    1481.75     40.416     40.090    12.6305    12.6343     0.0038    12.6251    12.6289     0.0038   4.084278   4.084594   0.000317    35.2097    35.2091     5.8585    26.6302    26.6291          3  0.000e+00
      62669 291.719203  -43.32950  -55.54530      0.083    1481.75     40.537     40.210    12.6302    12.6337     0.0034    12.6248    12.6282     0.0034   4.084205   4.084503   0.000298    35.2092    35.2088     5.8586    26.6299    26.6290          3  0.000e+00
      62670 291.719204  -43.32950  -55.54530      0.087    1481.75     40.472     40.146    12.6304    12.6333     0.0030    12.6249    12.6279     0.0030   4.084047   4.084471   0.000424    35.2075    35.2089     5.8627    26.6286    26.6291          3  0.000e+00
      62671 291.719204  -43.32950  -55.54530      0.093    1481.75     40.497     40.170    12.6312    12.6323     0.0011    12.6258    12.6269     0.0011   4.084060   4.084367   0.000307    35.2069    35.2088     5.8587    26.6279    26.6292          3  0.000e+00
      62672 291.719205  -43.32950  -55.54530      0.094    1481.75     40.472     40.146    12.6324    12.6320    -0.0004    12.6269    12.6266    -0.0004   4.084185   4.084289   0.000104    35.2070    35.2084     5.8586    26.6278    26.6289          3  0.000e+00
      62673 291.719205  -43.32950  -55.54530      0.101    1481.75     40.537     40.210    12.6334    12.6317    -0.0017    12.6279    12.6262    -0.0017   4.084324   4.084315  -0.000009    35.2074    35.2089     5.8581    26.6279    26.6294          3  0.000e+00
      62674 291.719206  -43.32950  -55.54530      0.104    1481.75     40.537     40.210    12.6336    12.6312    -0.0024    12.6281    12.6257    -0.0024   4.084469   4.084302  -0.000167    35.2086    35.2092     5.8535    26.6288    26.6298          3  0.000e+00
      62675 291.719206  -43.32950  -55.54530      0.103    1481.75     40.537     40.210    12.6338    12.6313    -0.0024    12.6283    12.6259    -0.0024   4.084555   4.084295  -0.000259    35.2092    35.2090     5.8532    26.6293    26.6296          3  0.000e+00
      62676 291.719207  -43.32950  -55.54530      0.113    1481.75     40.553     40.226    12.6337    12.6312    -0.0025    12.6283    12.6257    -0.0025   4.084561   4.084276  -0.000286    35.2093    35.2090     5.8530    26.6294    26.6296          3  0.000e+00
      62677 291.719207  -43.32950  -55.54530      0.116    1481.75     40.537     40.210    12.6338    12.6310    -0.0027    12.6283    12.6256    -0.0027   4.084489   4.084237  -0.000252    35.2086    35.2087     5.8525    26.6288    26.6294          3  0.000e+00
      62678 291.719208  -43.32950  -55.54530      0.120    1481.75     40.537     40.210    12.6334    12.6306    -0.0027    12.6279    12.6252    -0.0027   4.084330   4.084198  -0.000133    35.2074    35.2087     5.8525    26.6279    26.6295          3  0.000e+00
      62679 291.719208  -43.32950  -55.54530      0.121    1481.75     40.537     40.210    12.6333    12.6304    -0.0029    12.6278    12.6249    -0.0029   4.084264   4.084159  -0.000106    35.2069    35.2086     5.8525    26.6276    26.6295          3  0.000e+00
      62680 291.719209  -43.32950  -55.54530      0.124    1481.75     40.593     40.266    12.6329    12.6303    -0.0026    12.6274    12.6249    -0.0026   4.084152   4.084159   0.000007    35.2062    35.2086     5.8527    26.6271    26.6295          3  0.000e+00
      62681 291.719209  -43.32950  -55.54530      0.129    1481.75     40.553     40.226    12.6327    12.6306    -0.0021    12.6273    12.6252    -0.0021   4.084198   4.084185  -0.000014    35.2068    35.2086     5.8528    26.6275    26.6294          3  0.000e+00
      62682 291.719210  -43.32950  -55.54530      0.134    1481.75     40.593     40.266    12.6327    12.6305    -0.0022    12.6272    12.6250    -0.0022   4.084304   4.084211  -0.000093    35.2078    35.2089     5.8529    26.6284    26.6297          3  0.000e+00
      62683 291.719210  -43.32950  -55.54530      0.132    1481.75     40.537     40.210    12.6320    12.6305    -0.0015    12.6266    12.6251    -0.0015   4.084330   4.084152  -0.000178    35.2087    35.2084     5.8532    26.6292    26.6293          3  0.000e+00
      62684 291.719211  -43.32950  -55.54530      0.136    1481.75     40.650     40.322    12.6304    12.6308     0.0005    12.6249    12.6254     0.0005   4.084212   4.084230   0.000019    35.2091    35.2088     5.8534    26.6298    26.6295          3  0.000e+00
      62685 291.719211  -43.32950  -55.54530      0.137    1481.75     40.537     40.210    12.6290    12.6322     0.0032    12.6236    12.6267     0.0032   4.084073   4.084341   0.000268    35.2090    35.2086     5.8534    26.6301    26.6291          3  0.000e+00
      62686 291.719212  -43.32950  -55.54530      0.138    1481.75     40.609     40.282    12.6289    12.6338     0.0049    12.6234    12.6284     0.0049   4.083908   4.084549   0.000641    35.2075    35.2091     5.8535    26.6289    26.6292          3  0.000e+00
      62687 291.719212  -43.32950  -55.54530      0.140    1481.75     40.593     40.266    12.6280    12.6360     0.0080    12.6225    12.6305     0.0080   4.083730   4.084783   0.001053    35.2067    35.2093     5.8537    26.6284    26.6289          3  0.000e+00
      62688 291.719212  -43.32950  -55.54530      0.145    1481.75     40.650     40.322    12.6279    12.6375     0.0097    12.6224    12.6321     0.0097   4.083743   4.084959   0.001216    35.2069    35.2096     5.8539    26.6286    26.6288          3  0.000e+00
      62689 291.719213  -43.32950  -55.54530      0.143    1481.75     40.593     40.266    12.6273    12.6380     0.0107    12.6218    12.6325     0.0107   4.083842   4.085024   0.001182    35.2084    35.2098     5.8540    26.6299    26.6288          3  0.000e+00
      62690 291.719213  -43.32950  -55.54530      0.143    1481.75     40.593     40.266    12.6272    12.6370     0.0098    12.6218    12.6316     0.0098   4.083868   4.084926   0.001058    35.2087    35.2097     5.8542    26.6302    26.6290          3  0.000e+00
      62691 291.719214  -43.32950  -55.54530      0.145    1481.75     40.609     40.282    12.6268    12.6355     0.0087    12.6213    12.6300     0.0087   4.083882   4.084744   0.000863    35.2092    35.2094     5.8545    26.6307    26.6291          3  0.000e+00
      62692 291.719214  -43.32950  -55.54530      0.144    1481.75     40.650     40.322    12.6274    12.6335     0.0061    12.6219    12.6280     0.0061   4.083849   4.084497   0.000648    35.2083    35.2089     5.8548    26.6298    26.6291          3  0.000e+00
      62693 291.719215  -43.32950  -55.54530      0.146    1481.75     40.593     40.266    12.6280    12.6315     0.0035    12.6225    12.6261     0.0035   4.083835   4.084276   0.000440    35.2077    35.2086     5.8550    26.6292    26.6292          3  0.000e+00
      62694 291.719215  -43.32950  -55.54530      0.147    1481.75     40.650     40.322    12.6284    12.6303     0.0019    12.6229    12.6248     0.0019   4.083776   4.084152   0.000376    35.2067    35.2085     5.8554    26.6284    26.6294          3  0.000e+00
      62695 291.719216  -43.32950  -55.54530      0.147    1481.75     40.650     40.322    12.6280    12.6294     0.0014    12.6225    12.6239     0.0014   4.083763   4.084094   0.000331    35.2070    35.2089     5.8559    26.6286    26.6299          3  0.000e+00
      62696 291.719216  -43.32950  -55.54530      0.146    1481.75     40.609     40.282    12.6282    12.6288     0.0006    12.6228    12.6234     0.0006   4.083816   4.084029   0.000213    35.2073    35.2088     5.8563    26.6288    26.6299          3  0.000e+00
      62697 291.719217  -43.32950  -55.54530      0.145    1481.75     40.650     40.322    12.6280    12.6283     0.0003    12.6225    12.6229     0.0003   4.083961   4.083957  -0.000004    35.2089    35.2085     5.8565    26.6301    26.6298          3  0.000e+00
      62698 291.719217  -43.32950  -55.54530      0.143    1481.75     40.650     40.322    12.6277    12.6278     0.0001    12.6223    12.6224     0.0001   4.084033   4.083951  -0.000083    35.2098    35.2089     5.8566    26.6309    26.6302          3  0.000e+00
      62699 291.719218  -43.32950  -55.54530      0.141    1481.75     40.593     40.266    12.6281    12.6279    -0.0003    12.6227    12.6224    -0.0003   4.084027   4.083944  -0.000083    35.2094    35.2088     5.8526    26.6305    26.6301          3  0.000e+00
      62700 291.719218  -43.32950  -55.54530      0.138    1481.75     40.650     40.322    12.6284    12.6280    -0.0004    12.6229    12.6225    -0.0004   4.083849   4.083944   0.000095    35.2074    35.2087     5.8567    26.6289    26.6300          3  0.000e+00
      62701 291.719219  -43.32950  -55.54530      0.138    1481.75     40.674     40.346    12.6283    12.6280    -0.0003    12.6229    12.6225    -0.0003   4.083822   4.083898   0.000076    35.2072    35.2082     5.8570    26.6288    26.6296          3  0.000e+00
      62702 291.719219  -43.32950  -55.54530      0.133    1481.75     40.650     40.322    12.6280    12.6277    -0.0004    12.6226    12.6222    -0.0004   4.083723   4.083925   0.000201    35.2065    35.2088     5.8574    26.6283    26.6302          3  0.000e+00
      62703 291.719220  -43.32950  -55.54530      0.132    1481.75     40.650     40.322    12.6275    12.6279     0.0004    12.6220    12.6224     0.0004   4.083717   4.083866   0.000149    35.2070    35.2081     5.8578    26.6288    26.6295          3  0.000e+00
      62704 291.719220  -43.32950  -55.54530      0.134    1481.75     40.650     40.322    12.6275    12.6275    -0.0001    12.6221    12.6220    -0.0001   4.083855   4.083840  -0.000015    35.2083    35.2082     5.8581    26.6298    26.6297          3  0.000e+00
      62705 291.719221  -43.32950  -55.54530      0.123    1481.75     40.609     40.282    12.6278    12.6277    -0.0001    12.6224    12.6222    -0.0001   4.083981   4.083820  -0.000160    35.2092    35.2078     5.8584    26.6305    26.6294          3  0.000e+00
      62706 291.719221  -43.32950  -55.54530      0.120    1481.75     40.650     40.322    12.6279    12.6275    -0.0004    12.6224    12.6220    -0.0004   4.083994   4.083833  -0.000160    35.2093    35.2081     5.8631    26.6305    26.6296          3  0.000e+00
      62707 291.719222  -43.32950  -55.54530      0.120    1481.75     40.650     40.322    12.6277    12.6282     0.0005    12.6222    12.6227     0.0005   4.083875   4.083885   0.000010    35.2083    35.2080     5.8598    26.6298    26.6294          3  0.000e+00
      62708 291.719222  -43.32950  -55.54530      0.116    1481.75     40.650     40.322    12.6275    12.6285     0.0010    12.6221    12.6230     0.0010   4.083644   4.083944   0.000300    35.2062    35.2082     5.8646    26.6282    26.6295          3  0.000e+00
      62709 291.719223  -43.32950  -55.54530      0.112    1481.75     40.650     40.322    12.6258    12.6282     0.0023    12.6203    12.6227     0.0023   4.083479   4.083944   0.000465    35.2063    35.2086     5.8657    26.6285    26.6299          3  0.000e+00
      62710 291.719223  -43.32950  -55.54530      0.109    1481.75     40.674     40.346    12.6245    12.6283     0.0039    12.6190    12.6229     0.0039   4.083360   4.083944   0.000584    35.2064    35.2084     5.8664    26.6289    26.6297          3  0.000e+00
      62711 291.719224  -43.32950  -55.54530      0.100    1481.75     40.593     40.266    12.6235    12.6278     0.0043    12.6181    12.6224     0.0043   4.083440   4.083885   0.000446    35.2080    35.2083     5.8669    26.6304    26.6297          3  0.000e+00
