Pos-Processados/process_op42/operantar42_026.cnv
* Sea-Bird SBE 9 Data File:
* FileName = C:\Users\Hidrografia\Desktop\OPXLII\Brutos\OP42026.hdr
* Software Version Seasave V 7.26.7.107
* Temperature SN = 6502
* Conductivity SN = 4998
* Number of Bytes Per Scan = 37
* Number of Voltage Words = 4
* Number of Scans Averaged by the Deck Unit = 1
* NMEA Latitude = 62 13.40 S
* NMEA Longitude = 058 12.50 W
* NMEA UTC (Time) = Nov 08 2023 16:16:15
* NMEA baud rate = 4800
** H41
** NPOALTEMAXIMIANO
** NUMERO DA ESTACAO (XXX) 026
** LAT (XX XX.XX S/N) 62  13.401 S
** LONG (XXX XX.XX W/E) 058  12.553 W
** DATAHORA (dd/mm/aaaa hh:mm Z) 08/11/2023 1615Z
** PROFUNDIDADE (m) 390
** OPERADOR 1T ZAMITH
# nquan = 30
# nvalues = 717                         
# units = specified
# name 0 = scan: Scan Count
# name 1 = timeJ: Julian Days
# name 2 = latitude: Latitude [deg]
# name 3 = longitude: Longitude [deg]
# name 4 = dz/dtM: Descent Rate [m/s]
# name 5 = avgsvCM: Average Sound Velocity [Chen-Millero, m/s]
# name 6 = prDM: Pressure, Digiquartz [db]
# name 7 = depSM: Depth [salt water, m]
# name 8 = t090C: Temperature [ITS-90, deg C]
# name 9 = t190C: Temperature, 2 [ITS-90, deg C]
# name 10 = T2-T190C: Temperature Difference, 2 - 1 [ITS-90, deg C]
# name 11 = potemp090C: Potential Temperature [ITS-90, deg C]
# name 12 = potemp190C: Potential Temperature, 2 [ITS-90, deg C]
# name 13 = potemp90Cdiff: Potential Temperature, Diff, 2 - 1 [ITS-90, deg C]
# name 14 = c0S/m: Conductivity [S/m]
# name 15 = c1S/m: Conductivity, 2 [S/m]
# name 16 = C2-C1S/m: Conductivity Difference, 2 - 1 [S/m]
# name 17 = sal00: Salinity, Practical [PSU]
# name 18 = sal11: Salinity, Practical, 2 [PSU]
# name 19 = sbeox0ML/L: Oxygen, SBE 43 [ml/l]
# name 20 = sigma-é00: Density [sigma-theta, kg/m^3]
# name 21 = sigma-é11: Density, 2 [sigma-theta, kg/m^3]
# name 22 = sal00: Salinity, Practical [PSU]
# name 23 = sigma-é00: Density [sigma-theta, kg/m^3]
# name 24 = svCM: Sound Velocity [Chen-Millero, m/s]
# name 25 = svCM1: Sound Velocity, 2 [Chen-Millero, m/s]
# name 26 = gsw_ptA0: potential temperature [ITS-90, deg C]
# name 27 = gsw_densityA0: density, TEOS-10 [density, kg/m^3]
# name 28 = gsw_saA0: Absolute Salinity [g/kg]
# name 29 = flag:
# span 0 =       2909,      29833       
# span 1 = 312.679354, 312.692338       
# span 2 =  -62.22512,  -62.22360       
# span 3 =  -58.20720,  -58.19243       
# span 4 =     -1.350,      1.230       
# span 5 =      -0.04,    1448.69       
# span 6 =      8.000,    366.000       
# span 7 =      7.927,    362.156       
# span 8 =    -0.9187,    -0.4720       
# span 9 =    -0.9162,    -0.4700       
# span 10 =    -0.0123,     0.0772      
# span 11 =    -0.9194,    -0.4841      
# span 12 =    -0.9168,    -0.4822      
# span 13 =    -0.0123,     0.0771      
# span 14 =   2.773009,   2.833103      
# span 15 =   2.773127,   2.833182      
# span 16 =  -0.001125,   0.006599      
# span 17 =    34.2757,    34.3757      
# span 18 =    34.2750,    34.3744      
# span 19 =     6.8284,     7.7605      
# span 20 =    27.5604,    27.6258      
# span 21 =    27.5613,    27.6247      
# span 22 =    34.2742,    34.3758      
# span 23 =    27.5586,    27.6259      
# span 24 =    1444.16,    1451.97      
# span 25 =    1444.16,    1451.98      
# span 26 =    -0.9194,    -0.4839      
# span 27 =  1027.6060,  1029.3739      
# span 28 =    34.4397,    34.5439      
# span 29 = 0.0000e+00, 0.0000e+00      
# interval = decibars: 1                
# start_time = Nov 08 2023 16:16:15 [NMEA time, header]
# bad_flag = -9.990e-29
*END*
[from data line 532]
      19213 312.687217  -62.22464  -58.19874     -1.083    1448.69    192.000    190.068    -0.5334    -0.5314     0.0020    -0.5395    -0.5375     0.0020   2.818479   2.818566   0.000082    34.3502    34.3490     6.8929    27.6077    27.6066    34.3499    27.6075    1448.92    1448.93    -0.5394  1028.5290    34.5162 0.0000e+00
      19243 312.687231 -9.990e-29  -58.19873     -0.892    1448.69    191.000    189.079    -0.5326    -0.5290     0.0036    -0.5387    -0.5351     0.0036   2.818502   2.818718   0.000201    34.3502    34.3488     6.8824    27.6076    27.6063    34.3500    27.6075    1448.91    1448.92    -0.5385  1028.5209    34.5120 0.0000e+00
      19274 312.687246 -9.990e-29  -58.19871     -0.758    1448.69    190.000    188.089    -0.5325    -0.5308     0.0017    -0.5385    -0.5368     0.0017   2.818452   2.818510   0.000076    34.3498    34.3489     6.8900    27.6074    27.6066    34.3498    27.6073    1448.89    1448.90    -0.5384  1028.5159    34.5117 0.0000e+00
      19304 312.687260 -9.990e-29  -58.19870     -0.792    1448.69    189.000    187.100    -0.5310    -0.5317    -0.0007    -0.5370    -0.5377    -0.0007   2.818534   2.818390  -0.000133    34.3498    34.3487     6.9117    27.6072    27.6064    34.3498    27.6073    1448.88    1448.88    -0.5369  1028.5110    34.5118 0.0000e+00
      19329 312.687272  -62.22466  -58.19868     -0.881    1448.69    188.000    186.110    -0.5291    -0.5301    -0.0009    -0.5351    -0.5360    -0.0009   2.818642   2.818456  -0.000178    34.3497    34.3484     6.9064    27.6071    27.6061    34.3498    27.6072    1448.88    1448.87    -0.5350  1028.5097    34.5162 0.0000e+00
      19352 312.687283  -62.22466  -58.19866     -0.999    1448.69    187.000    185.121    -0.5286    -0.5289    -0.0003    -0.5345    -0.5348    -0.0003   2.818656   2.818534  -0.000132    34.3499    34.3484     6.9049    27.6073    27.6061    34.3499    27.6073    1448.86    1448.86    -0.5344  1028.5058    34.5173 0.0000e+00
      19373 312.687294  -62.22466  -58.19864     -1.102    1448.69    186.000    184.131    -0.5281    -0.5271     0.0009    -0.5340    -0.5330     0.0009   2.818631   2.818623  -0.000014    34.3497    34.3484     6.8954    27.6070    27.6060    34.3497    27.6070    1448.85    1448.85    -0.5339  1028.5008    34.5171 0.0000e+00
      19395 312.687304  -62.22466  -58.19862     -1.109    1448.69    185.000    183.142    -0.5279    -0.5273     0.0007    -0.5338    -0.5332     0.0006   2.818622   2.818574  -0.000039    34.3499    34.3486     6.8914    27.6072    27.6061    34.3500    27.6073    1448.83    1448.83    -0.5337  1028.4963    34.5173 0.0000e+00
      19422 312.687317  -62.22466  -58.19862     -0.987    1448.69    184.000    182.152    -0.5265    -0.5281    -0.0017    -0.5323    -0.5340    -0.0017   2.818693   2.818464  -0.000218    34.3498    34.3488     6.9003    27.6071    27.6063    34.3499    27.6071    1448.82    1448.81    -0.5322  1028.4914    34.5173 0.0000e+00
      19452 312.687331  -62.22466  -58.19860     -0.832    1448.69    183.000    181.163    -0.5265    -0.5273    -0.0008    -0.5323    -0.5331    -0.0008   2.818637   2.818490  -0.000153    34.3498    34.3486     6.9000    27.6070    27.6061    34.3498    27.6070    1448.81    1448.80    -0.5322  1028.4865    34.5172 0.0000e+00
      19483 312.687347  -62.22466  -58.19859     -0.763    1448.69    182.000    180.173    -0.5249    -0.5255    -0.0006    -0.5307    -0.5313    -0.0006   2.818750   2.818598  -0.000147    34.3499    34.3485     6.8872    27.6070    27.6060    34.3501    27.6073    1448.80    1448.79    -0.5306  1028.4819    34.5175 0.0000e+00
      19513 312.687361  -62.22466  -58.19858     -0.792    1448.69    181.000    179.184    -0.5211    -0.5232    -0.0021    -0.5269    -0.5290    -0.0021   2.819047   2.818753  -0.000281    34.3499    34.3485     6.8847    27.6069    27.6059    34.3505    27.6073    1448.80    1448.79    -0.5267  1028.4772    34.5178 0.0000e+00
      19539 312.687374  -62.22466  -58.19856     -0.878    1448.69    180.000    178.194    -0.5195    -0.5213    -0.0017    -0.5253    -0.5270    -0.0017   2.819106   2.818859  -0.000246    34.3499    34.3485     6.8844    27.6068    27.6058    34.3501    27.6070    1448.79    1448.78    -0.5251  1028.4721    34.5174 0.0000e+00
      19563 312.687385  -62.22466  -58.19854     -0.956    1448.69    179.000    177.205    -0.5186    -0.5198    -0.0011    -0.5243    -0.5255    -0.0011   2.819158   2.818955  -0.000210    34.3501    34.3486     6.8901    27.6070    27.6058    34.3503    27.6071    1448.78    1448.77    -0.5242  1028.4675    34.5177 0.0000e+00
      19587 312.687397  -62.22466  -58.19852     -0.990    1448.69    178.000    176.215    -0.5188    -0.5177     0.0010    -0.5244    -0.5234     0.0010   2.819085   2.819073  -0.000024    34.3500    34.3485     6.8908    27.6069    27.6056    34.3501    27.6070    1448.76    1448.76    -0.5243  1028.4626    34.5175 0.0000e+00
      19612 312.687409  -62.22466  -58.19850     -0.990    1448.69    177.000    175.226    -0.5186    -0.5177     0.0010    -0.5242    -0.5233     0.0010   2.819058   2.819039  -0.000016    34.3500    34.3487     6.8842    27.6069    27.6058    34.3502    27.6071    1448.74    1448.75    -0.5241  1028.4579    34.5176 0.0000e+00
      19637 312.687421  -62.22466  -58.19850     -0.969    1448.69    176.000    174.236    -0.5172    -0.5174    -0.0002    -0.5228    -0.5230    -0.0002   2.819155   2.819020  -0.000125    34.3502    34.3487     6.8764    27.6069    27.6057    34.3505    27.6072    1448.74    1448.73    -0.5227  1028.4533    34.5179 0.0000e+00
      19664 312.687434  -62.22466  -58.19850     -0.918    1448.69    175.000    173.246    -0.5148    -0.5156    -0.0009    -0.5203    -0.5212    -0.0009   2.819291   2.819125  -0.000166    34.3499    34.3487     6.8706    27.6066    27.6056    34.3502    27.6069    1448.73    1448.73    -0.5202  1028.4481    34.5176 0.0000e+00
      19690 312.687447  -62.22466  -58.19848     -0.896    1448.69    174.000    172.257    -0.5133    -0.5138    -0.0005    -0.5188    -0.5193    -0.0005   2.819387   2.819232  -0.000152    34.3501    34.3487     6.8782    27.6067    27.6056    34.3505    27.6070    1448.72    1448.72    -0.5187  1028.4435    34.5178 0.0000e+00
      19716 312.687459  -62.22466  -58.19846     -0.918    1448.69    173.000    171.267    -0.5118    -0.5121    -0.0003    -0.5173    -0.5176    -0.0003   2.819464   2.819335  -0.000137    34.3501    34.3486     6.8896    27.6067    27.6055    34.3504    27.6069    1448.71    1448.71    -0.5172  1028.4386    34.5177 0.0000e+00
      19742 312.687471  -62.22467  -58.19843     -0.933    1448.69    172.000    170.278    -0.5106    -0.5106     0.0000    -0.5161    -0.5161     0.0000   2.819513   2.819413  -0.000101    34.3500    34.3486     6.8799    27.6065    27.6054    34.3504    27.6068    1448.70    1448.70    -0.5160  1028.4337    34.5177 0.0000e+00
      19769 312.687484  -62.22468  -58.19842     -0.913    1448.69    171.000    169.288    -0.5100    -0.5106    -0.0006    -0.5154    -0.5160    -0.0006   2.819497   2.819360  -0.000134    34.3498    34.3487     6.8727    27.6063    27.6055    34.3500    27.6065    1448.69    1448.68    -0.5153  1028.4286    34.5173 0.0000e+00
      19798 312.687498  -62.22468  -58.19841     -0.848    1448.69    170.000    168.299    -0.5092    -0.5098    -0.0005    -0.5147    -0.5152    -0.0005   2.819522   2.819379  -0.000145    34.3498    34.3485     6.8667    27.6063    27.6052    34.3501    27.6065    1448.67    1448.67    -0.5145  1028.4239    34.5174 0.0000e+00
      19827 312.687513  -62.22468  -58.19840     -0.814    1448.69    169.000    167.309    -0.5070    -0.5073    -0.0003    -0.5123    -0.5126    -0.0003   2.819650   2.819535  -0.000116    34.3496    34.3484     6.8718    27.6060    27.6050    34.3499    27.6063    1448.67    1448.66    -0.5123  1028.4189    34.5172 0.0000e+00
      19855 312.687526  -62.22468  -58.19838     -0.847    1448.69    168.000    166.319    -0.5073    -0.5071     0.0003    -0.5127    -0.5124     0.0003   2.819579   2.819497  -0.000085    34.3499    34.3484     6.8859    27.6062    27.6051    34.3500    27.6063    1448.65    1448.65    -0.5125  1028.4141    34.5173 0.0000e+00
      19881 312.687539  -62.22468  -58.19836     -0.893    1448.69    167.000    165.330    -0.5082    -0.5073     0.0009    -0.5135    -0.5126     0.0009   2.819490   2.819454  -0.000041    34.3503    34.3487     6.8834    27.6066    27.6053    34.3504    27.6067    1448.63    1448.63    -0.5134  1028.4097    34.5177 0.0000e+00
      19906 312.687551  -62.22468  -58.19834     -0.935    1448.69    166.000    164.340    -0.5085    -0.5074     0.0011    -0.5138    -0.5126     0.0011   2.819422   2.819407  -0.000018    34.3503    34.3488     6.8710    27.6067    27.6054    34.3504    27.6067    1448.61    1448.62    -0.5137  1028.4050    34.5177 0.0000e+00
      19931 312.687563  -62.22468  -58.19834     -0.970    1448.69    165.000    163.351    -0.5086    -0.5077     0.0009    -0.5138    -0.5130     0.0009   2.819340   2.819328  -0.000016    34.3500    34.3488     6.8729    27.6064    27.6054    34.3500    27.6064    1448.60    1448.60    -0.5137  1028.3999    34.5173 0.0000e+00
      19954 312.687574  -62.22468  -58.19832     -1.014    1448.69    164.000    162.361    -0.5084    -0.5076     0.0008    -0.5136    -0.5128     0.0008   2.819289   2.819276  -0.000019    34.3497    34.3486     6.8772    27.6062    27.6052    34.3497    27.6062    1448.58    1448.58    -0.5135  1028.3949    34.5170 0.0000e+00
      19976 312.687584  -62.22468  -58.19832     -1.064    1448.69    163.000    161.371    -0.5095    -0.5080     0.0015    -0.5147    -0.5132     0.0015   2.819133   2.819178   0.000041    34.3496    34.3485     6.8766    27.6061    27.6051    34.3495    27.6060    1448.56    1448.56    -0.5146  1028.3900    34.5168 0.0000e+00
      20000 312.687596  -62.22468  -58.19830     -1.042    1448.69    162.000    160.381    -0.5097    -0.5087     0.0011    -0.5149    -0.5138     0.0011   2.819089   2.819079   0.000001    34.3496    34.3485     6.8774    27.6061    27.6051    34.3498    27.6062    1448.54    1448.54    -0.5147  1028.3855    34.5170 0.0000e+00
      20030 312.687610  -62.22468  -58.19827     -0.872    1448.69    161.000    159.392    -0.5063    -0.5083    -0.0020    -0.5114    -0.5134    -0.0020   2.819309   2.819087  -0.000209    34.3493    34.3487     6.8760    27.6057    27.6053    34.3495    27.6059    1448.54    1448.53    -0.5113  1028.3803    34.5168 0.0000e+00
      20066 312.687628  -62.22468  -58.19826     -0.676    1448.69    160.000    158.402    -0.5053    -0.5065    -0.0013    -0.5104    -0.5116    -0.0013   2.819346   2.819159  -0.000193    34.3493    34.3482     6.8782    27.6057    27.6048    34.3494    27.6058    1448.53    1448.52    -0.5103  1028.3754    34.5167 0.0000e+00
      20096 312.687642  -62.22468  -58.19824     -0.743    1448.69    159.000    157.413    -0.5053    -0.5052     0.0001    -0.5103    -0.5102     0.0001   2.819282   2.819201  -0.000084    34.3492    34.3480     6.8828    27.6056    27.6046    34.3492    27.6056    1448.51    1448.51    -0.5102  1028.3705    34.5164 0.0000e+00
      20119 312.687653  -62.22468  -58.19822     -0.926    1448.69    158.000    156.423    -0.5074    -0.5066     0.0008    -0.5124    -0.5116     0.0008   2.819007   2.818999  -0.000017    34.3489    34.3478     6.8783    27.6055    27.6045    34.3485    27.6051    1448.49    1448.49    -0.5123  1028.3652    34.5157 0.0000e+00
      20141 312.687664  -62.22468  -58.19820     -1.054    1448.69    157.000    155.434    -0.5110    -0.5092     0.0018    -0.5160    -0.5142     0.0018   2.818644   2.818711   0.000065    34.3487    34.3476     6.8780    27.6054    27.6045    34.3483    27.6051    1448.45    1448.46    -0.5159  1028.3605    34.5155 0.0000e+00
      20165 312.687675  -62.22468  -58.19820     -1.059    1448.69    156.000    154.444    -0.5151    -0.5122     0.0028    -0.5200    -0.5172     0.0028   2.818242   2.818414   0.000151    34.3487    34.3475     6.8910    27.6056    27.6046    34.3481    27.6051    1448.42    1448.43    -0.5199  1028.3558    34.5153 0.0000e+00
      20191 312.687688  -62.22468  -58.19818     -0.974    1448.69    155.000    153.454    -0.5208    -0.5152     0.0056    -0.5257    -0.5201     0.0056   2.817663   2.818089   0.000415    34.3484    34.3476     6.8840    27.6056    27.6047    34.3475    27.6049    1448.37    1448.40    -0.5256  1028.3508    34.5147 0.0000e+00
      20218 312.687701  -62.22468  -58.19816     -0.892    1448.69    154.000    152.465    -0.5233    -0.5204     0.0028    -0.5281    -0.5253     0.0028   2.817450   2.817588   0.000131    34.3485    34.3470     6.8792    27.6058    27.6045    34.3480    27.6054    1448.35    1448.36    -0.5280  1028.3465    34.5152 0.0000e+00
      20245 312.687714  -62.22468  -58.19816     -0.884    1448.69    153.000    151.475    -0.5264    -0.5223     0.0041    -0.5312    -0.5271     0.0041   2.817070   2.817345   0.000278    34.3478    34.3469     6.8928    27.6054    27.6045    34.3470    27.6048    1448.31    1448.33    -0.5311  1028.3411    34.5142 0.0000e+00
      20268 312.687725  -62.22468  -58.19814     -0.952    1448.69    152.000    150.485    -0.5307    -0.5246     0.0061    -0.5355    -0.5294     0.0061   2.816659   2.817089   0.000439    34.3477    34.3467     6.8960    27.6055    27.6044    34.3469    27.6049    1448.28    1448.30    -0.5354  1028.3365    34.5141 0.0000e+00
      20291 312.687736  -62.22468  -58.19812     -1.042    1448.69    151.000    149.495    -0.5310    -0.5290     0.0020    -0.5357    -0.5337     0.0020   2.816545   2.816669   0.000094    34.3472    34.3462     6.8972    27.6052    27.6042    34.3464    27.6045    1448.26    1448.27    -0.5356  1028.3313    34.5136 0.0000e+00
      20314 312.687747  -62.22470  -58.19812     -1.061    1448.69    150.000    148.506    -0.5336    -0.5302     0.0034    -0.5383    -0.5349     0.0034   2.816295   2.816500   0.000204    34.3472    34.3462     6.9025    27.6052    27.6042    34.3466    27.6047    1448.23    1448.25    -0.5382  1028.3268    34.5138 0.0000e+00
      20344 312.687762  -62.22470  -58.19809     -0.884    1448.69    149.000    147.516    -0.5334    -0.5291     0.0043    -0.5381    -0.5338     0.0043   2.816261   2.816556   0.000295    34.3470    34.3461     6.9123    27.6051    27.6041    34.3465    27.6047    1448.22    1448.23    -0.5380  1028.3220    34.5137 0.0000e+00
      20380 312.687779  -62.22470  -58.19808     -0.668    1448.69    148.000    146.527    -0.5340    -0.5319     0.0020    -0.5386    -0.5366     0.0020   2.816154   2.816255   0.000108    34.3468    34.3459     6.9076    27.6049    27.6041    34.3463    27.6045    1448.20    1448.20    -0.5385  1028.3171    34.5135 0.0000e+00
      20410 312.687794  -62.22470  -58.19806     -0.736    1448.69    147.000    145.537    -0.5343    -0.5334     0.0010    -0.5389    -0.5380     0.0010   2.816059   2.816058   0.000003    34.3465    34.3454     6.9086    27.6047    27.6038    34.3461    27.6044    1448.18    1448.18    -0.5388  1028.3121    34.5133 0.0000e+00
      20434 312.687805  -62.22470  -58.19804     -0.921    1448.69    146.000    144.547    -0.5362    -0.5347     0.0015    -0.5407    -0.5393     0.0014   2.815803   2.815853   0.000056    34.3460    34.3451     6.9188    27.6044    27.6036    34.3453    27.6038    1448.15    1448.16    -0.5407  1028.3068    34.5125 0.0000e+00
      20455 312.687815  -62.22470  -58.19802     -1.076    1448.69    145.000    143.557    -0.5381    -0.5368     0.0012    -0.5426    -0.5414     0.0012   2.815569   2.815596   0.000032    34.3456    34.3446     6.9167    27.6041    27.6032    34.3450    27.6036    1448.13    1448.13    -0.5425  1028.3018    34.5121 0.0000e+00
