Pos-Processados/process_op42/operantar42_021.ros
* Sea-Bird SBE 9 Data File:
* FileName = C:\Users\Hidrografia\Desktop\OPXLII\Brutos\OP42021.hdr
* Software Version Seasave V 7.26.7.107
* Temperature SN = 6502
* Conductivity SN = 4998
* Number of Bytes Per Scan = 37
* Number of Voltage Words = 4
* Number of Scans Averaged by the Deck Unit = 1
* NMEA Latitude = 62 16.32 S
* NMEA Longitude = 058 25.69 W
* NMEA UTC (Time) = Nov 07 2023 20:05:24
* NMEA baud rate = 4800
** H41
** NPOALTEMAXIMIANO
** NUMERO DA ESTACAO (XXX) 021
** LAT (XX XX.XX S/N) 62 16.30 S
** LONG (XXX XX.XX W/E) 058 25.70 W
** DATAHORA (dd/mm/aaaa hh:mm Z) 07/11/2023 2004Z
** PROFUNDIDADE (m) 145
** OPERADOR CT FABIREZA
# nquan = 24
# nvalues = 4104                                  
# units = specified
# name 0 = scan: Scan Count
# name 1 = timeJ: Julian Days
# name 2 = latitude: Latitude [deg]
# name 3 = longitude: Longitude [deg]
# name 4 = dz/dtM: Descent Rate [m/s]
# name 5 = avgsvCM: Average Sound Velocity [Chen-Millero, m/s]
# name 6 = prDM: Pressure, Digiquartz [db]
# name 7 = depSM: Depth [salt water, m]
# name 8 = t090C: Temperature [ITS-90, deg C]
# name 9 = t190C: Temperature, 2 [ITS-90, deg C]
# name 10 = T2-T190C: Temperature Difference, 2 - 1 [ITS-90, deg C]
# name 11 = potemp090C: Potential Temperature [ITS-90, deg C]
# name 12 = potemp190C: Potential Temperature, 2 [ITS-90, deg C]
# name 13 = potemp90Cdiff: Potential Temperature, Diff, 2 - 1 [ITS-90, deg C]
# name 14 = c0S/m: Conductivity [S/m]
# name 15 = c1S/m: Conductivity, 2 [S/m]
# name 16 = C2-C1S/m: Conductivity Difference, 2 - 1 [S/m]
# name 17 = sal00: Salinity, Practical [PSU]
# name 18 = sal11: Salinity, Practical, 2 [PSU]
# name 19 = sbeox0ML/L: Oxygen, SBE 43 [ml/l]
# name 20 = sigma-é00: Density [sigma-theta, kg/m^3]
# name 21 = sigma-é11: Density, 2 [sigma-theta, kg/m^3]
# name 22 = nbf: Bottles Fired
# name 23 = flag:  0.000e+00
# interval = seconds: 0.0416667
# start_time = Nov 07 2023 20:05:24 [NMEA time, header]
# bad_flag = -9.990e-29
*END*
[from data line 2053]
      17887 311.845709  -62.27336  -58.41926     -0.149    1446.75     20.396     20.199    -0.5556    -0.5559    -0.0002    -0.5562    -0.5565    -0.0002   2.803917   2.803793  -0.000124    34.2849    34.2836     7.5331    27.5556    27.5545         12  0.000e+00
      17888 311.845709  -62.27336  -58.41926     -0.150    1446.75     20.460     20.263    -0.5558    -0.5559    -0.0001    -0.5564    -0.5565    -0.0001   2.803917   2.803799  -0.000118    34.2851    34.2837     7.5320    27.5558    27.5546         12  0.000e+00
      17889 311.845710  -62.27336  -58.41926     -0.153    1446.75     20.460     20.263    -0.5557    -0.5557     0.0000    -0.5563    -0.5563     0.0000   2.803951   2.803810  -0.000141    34.2855    34.2835     7.5308    27.5561    27.5545         12  0.000e+00
      17890 311.845710  -62.27336  -58.41926     -0.160    1446.75     20.396     20.199    -0.5561    -0.5555     0.0006    -0.5567    -0.5561     0.0006   2.803905   2.803799  -0.000107    34.2853    34.2832     7.5296    27.5560    27.5543         12  0.000e+00
      17891 311.845711  -62.27336  -58.41926     -0.162    1446.75     20.396     20.199    -0.5563    -0.5555     0.0007    -0.5569    -0.5561     0.0007   2.803905   2.803810  -0.000095    34.2855    34.2834     7.5285    27.5561    27.5544         12  0.000e+00
      17892 311.845711  -62.27336  -58.41926     -0.163    1446.75     20.460     20.263    -0.5561    -0.5552     0.0009    -0.5567    -0.5558     0.0009   2.803917   2.803815  -0.000101    34.2854    34.2831     7.5273    27.5561    27.5541         12  0.000e+00
      17893 311.845712  -62.27336  -58.41926     -0.163    1446.75     20.396     20.199    -0.5563    -0.5552     0.0010    -0.5569    -0.5558     0.0010   2.803877   2.803799  -0.000078    34.2851    34.2829     7.5272    27.5558    27.5540         12  0.000e+00
      17894 311.845712  -62.27336  -58.41926     -0.163    1446.75     20.396     20.199    -0.5561    -0.5552     0.0009    -0.5567    -0.5558     0.0009   2.803900   2.803810  -0.000090    34.2852    34.2830     7.5270    27.5559    27.5540         12  0.000e+00
      17895 311.845713  -62.27336  -58.41926     -0.172    1446.75     20.340     20.143    -0.5564    -0.5557     0.0007    -0.5570    -0.5563     0.0007   2.803934   2.803832  -0.000101    34.2860    34.2839     7.5270    27.5566    27.5548         12  0.000e+00
      17896 311.845713  -62.27336  -58.41926     -0.170    1446.75     20.396     20.199    -0.5561    -0.5555     0.0006    -0.5567    -0.5561     0.0006   2.803860   2.803804  -0.000055    34.2847    34.2833     7.5259    27.5555    27.5543         12  0.000e+00
      17897 311.845714  -62.27336  -58.41926     -0.172    1446.75     20.396     20.199    -0.5563    -0.5555     0.0007    -0.5569    -0.5561     0.0007   2.803871   2.803793  -0.000078    34.2850    34.2831     7.5260    27.5558    27.5542         12  0.000e+00
      17898 311.845714  -62.27336  -58.41926     -0.175    1446.75     20.340     20.143    -0.5563    -0.5555     0.0007    -0.5569    -0.5561     0.0007   2.803905   2.803793  -0.000112    34.2855    34.2832     7.5259    27.5562    27.5542         12  0.000e+00
      17899 311.845715  -62.27336  -58.41926     -0.175    1446.75     20.396     20.199    -0.5561    -0.5557     0.0004    -0.5567    -0.5563     0.0004   2.803831   2.803793  -0.000038    34.2843    34.2833     7.5261    27.5552    27.5544         12  0.000e+00
      17900 311.845715  -62.27336  -58.41924     -0.177    1446.75     20.340     20.143    -0.5563    -0.5556     0.0006    -0.5569    -0.5562     0.0006   2.803865   2.803793  -0.000072    34.2850    34.2833     7.5262    27.5557    27.5543         12  0.000e+00
      17901 311.845716  -62.27336  -58.41924     -0.178    1446.75     20.340     20.143    -0.5564    -0.5557     0.0007    -0.5570    -0.5563     0.0007   2.803888   2.803793  -0.000095    34.2854    34.2834     7.5263    27.5561    27.5544         12  0.000e+00
      17902 311.845716  -62.27336  -58.41924     -0.178    1446.75     20.340     20.143    -0.5564    -0.5557     0.0007    -0.5570    -0.5563     0.0007   2.803905   2.803793  -0.000112    34.2857    34.2834     7.5265    27.5563    27.5544         12  0.000e+00
      17903 311.845717  -62.27336  -58.41924     -0.178    1446.75     20.340     20.143    -0.5563    -0.5557     0.0006    -0.5569    -0.5563     0.0006   2.803934   2.803810  -0.000124    34.2859    34.2836     7.5268    27.5565    27.5546         12  0.000e+00
      17904 311.845717  -62.27336  -58.41924     -0.176    1446.75     20.340     20.143    -0.5564    -0.5555     0.0009    -0.5570    -0.5561     0.0009   2.803882   2.803799  -0.000084    34.2854    34.2833     7.5271    27.5560    27.5543         12  0.000e+00
      19549 311.846510  -62.27344  -58.41840      0.087    1446.75      2.959      2.931    -0.5407    -0.5398     0.0009    -0.5408    -0.5399     0.0009   2.804266   2.804260  -0.000005    34.2836    34.2825     7.5623    27.5539    27.5530         13  0.000e+00
      19550 311.846511  -62.27344  -58.41840      0.094    1446.75      2.903      2.875    -0.5405    -0.5398     0.0007    -0.5406    -0.5398     0.0007   2.804283   2.804244  -0.000039    34.2836    34.2822     7.5618    27.5538    27.5527         13  0.000e+00
      19551 311.846511  -62.27344  -58.41840      0.103    1446.75      2.959      2.931    -0.5407    -0.5401     0.0006    -0.5408    -0.5402     0.0006   2.804283   2.804255  -0.000028    34.2839    34.2828     7.5625    27.5541    27.5532         13  0.000e+00
      19552 311.846512  -62.27344  -58.41840      0.109    1446.75      2.959      2.931    -0.5404    -0.5403     0.0001    -0.5405    -0.5404     0.0001   2.804300   2.804244  -0.000056    34.2837    34.2828     7.5621    27.5540    27.5532         13  0.000e+00
      19553 311.846512  -62.27344  -58.41840      0.118    1446.75      2.959      2.931    -0.5406    -0.5400     0.0006    -0.5407    -0.5401     0.0006   2.804266   2.804238  -0.000028    34.2834    34.2824     7.5617    27.5537    27.5529         13  0.000e+00
      19554 311.846513  -62.27344  -58.41840      0.123    1446.75      2.959      2.931    -0.5405    -0.5400     0.0005    -0.5406    -0.5401     0.0005   2.804254   2.804255 5.2464e-07    34.2832    34.2826     7.5613    27.5535    27.5531         13  0.000e+00
      19555 311.846513  -62.27344  -58.41840      0.131    1446.75      3.023      2.994    -0.5403    -0.5398     0.0005    -0.5404    -0.5399     0.0005   2.804294   2.804260  -0.000034    34.2835    34.2824     7.5610    27.5537    27.5529         13  0.000e+00
      19556 311.846514  -62.27344  -58.41840      0.138    1446.75      2.959      2.931    -0.5404    -0.5393     0.0011    -0.5405    -0.5394     0.0011   2.804328   2.804294  -0.000034    34.2841    34.2824     7.5605    27.5543    27.5529         13  0.000e+00
      19557 311.846514  -62.27344  -58.41840      0.145    1446.75      3.023      2.994    -0.5403    -0.5395     0.0008    -0.5404    -0.5396     0.0008   2.804294   2.804311   0.000017    34.2835    34.2828     7.5602    27.5537    27.5532         13  0.000e+00
      19558 311.846515  -62.27344  -58.41840      0.151    1446.75      3.023      2.994    -0.5401    -0.5398     0.0003    -0.5402    -0.5399     0.0003   2.804300   2.804294  -0.000006    34.2833    34.2829     7.5598    27.5536    27.5533         13  0.000e+00
      19559 311.846515  -62.27344  -58.41840      0.156    1446.75      3.023      2.994    -0.5404    -0.5396     0.0008    -0.5405    -0.5397     0.0008   2.804289   2.804289 1.5440e-08    34.2835    34.2826     7.5595    27.5538    27.5531         13  0.000e+00
      19560 311.846516  -62.27344  -58.41840      0.160    1446.75      3.007      2.978    -0.5401    -0.5398     0.0004    -0.5402    -0.5399     0.0004   2.804283   2.804322   0.000039    34.2831    34.2832     7.5590    27.5535    27.5536         13  0.000e+00
      19561 311.846516  -62.27344  -58.41840      0.167    1446.75      3.080      3.050    -0.5405    -0.5396     0.0008    -0.5406    -0.5397     0.0008   2.804300   2.804322   0.000022    34.2837    34.2831     7.5588    27.5539    27.5534         13  0.000e+00
      19562 311.846517  -62.27344  -58.41840      0.170    1446.75      3.023      2.994    -0.5404    -0.5395     0.0009    -0.5405    -0.5396     0.0009   2.804289   2.804334   0.000045    34.2835    34.2831     7.5530    27.5538    27.5534         13  0.000e+00
      19563 311.846517  -62.27344  -58.41840      0.176    1446.75      3.023      2.994    -0.5401    -0.5395     0.0006    -0.5402    -0.5396     0.0006   2.804317   2.804300  -0.000017    34.2836    34.2827     7.5654    27.5538    27.5531         13  0.000e+00
      19564 311.846518  -62.27344  -58.41840      0.181    1446.75      3.080      3.050    -0.5403    -0.5395     0.0008    -0.5404    -0.5396     0.0008   2.804317   2.804305  -0.000012    34.2837    34.2826     7.5599    27.5540    27.5530         13  0.000e+00
      19565 311.846518  -62.27344  -58.41840      0.186    1446.75      3.080      3.050    -0.5403    -0.5395     0.0008    -0.5404    -0.5396     0.0008   2.804289   2.804334   0.000045    34.2833    34.2831     7.5596    27.5537    27.5534         13  0.000e+00
      19566 311.846519  -62.27344  -58.41840      0.186    1446.75      3.023      2.994    -0.5404    -0.5392     0.0012    -0.5405    -0.5393     0.0012   2.804317   2.804300  -0.000017    34.2839    34.2823     7.5603    27.5541    27.5528         13  0.000e+00
      19567 311.846519  -62.27344  -58.41840      0.188    1446.75      3.080      3.050    -0.5405    -0.5396     0.0008    -0.5406    -0.5397     0.0008   2.804294   2.804289  -0.000006    34.2836    34.2826     7.5601    27.5539    27.5530         13  0.000e+00
      19568 311.846520  -62.27344  -58.41840      0.190    1446.75      3.080      3.050    -0.5404    -0.5393     0.0011    -0.5405    -0.5394     0.0011   2.804283   2.804305   0.000023    34.2834    34.2825     7.5599    27.5537    27.5529         13  0.000e+00
      19569 311.846520  -62.27344  -58.41840      0.195    1446.75      3.080      3.050    -0.5404    -0.5396     0.0008    -0.5405    -0.5397     0.0008   2.804300   2.804334   0.000034    34.2836    34.2832     7.5607    27.5539    27.5535         13  0.000e+00
      19570 311.846521  -62.27344  -58.41840      0.195    1446.75      3.080      3.050    -0.5406    -0.5400     0.0006    -0.5407    -0.5401     0.0006   2.804328   2.804317  -0.000012    34.2842    34.2834     7.5615    27.5544    27.5537         13  0.000e+00
      19571 311.846521  -62.27344  -58.41840      0.191    1446.75      3.023      2.994    -0.5405    -0.5396     0.0008    -0.5406    -0.5397     0.0008   2.804294   2.804294 -6.950e-08    34.2837    34.2827     7.5613    27.5539    27.5531         13  0.000e+00
      19572 311.846522  -62.27344  -58.41840      0.190    1446.75      3.080      3.050    -0.5404    -0.5395     0.0009    -0.5405    -0.5396     0.0009   2.804363   2.804289  -0.000074    34.2845    34.2825     7.5611    27.5546    27.5529         13  0.000e+00
      19573 311.846522  -62.27344  -58.41840      0.191    1446.75      3.080      3.050    -0.5403    -0.5395     0.0008    -0.5404    -0.5396     0.0008   2.804306   2.804322   0.000017    34.2836    34.2829     7.5610    27.5538    27.5533         13  0.000e+00
      19574 311.846522  -62.27344  -58.41840      0.188    1446.75      3.080      3.050    -0.5403    -0.5396     0.0007    -0.5404    -0.5397     0.0007   2.804317   2.804322   0.000005    34.2837    34.2830     7.5608    27.5540    27.5533         13  0.000e+00
      19575 311.846523  -62.27344  -58.41840      0.187    1446.75      3.080      3.050    -0.5403    -0.5396     0.0007    -0.5404    -0.5397     0.0007   2.804317   2.804294  -0.000023    34.2837    34.2827     7.5606    27.5540    27.5531         13  0.000e+00
      19576 311.846523  -62.27344  -58.41840      0.182    1446.75      3.080      3.050    -0.5404    -0.5398     0.0006    -0.5405    -0.5399     0.0006   2.804311   2.804289  -0.000023    34.2838    34.2828     7.5615    27.5540    27.5532         13  0.000e+00
      19577 311.846524  -62.27344  -58.41840      0.180    1446.75      3.080      3.050    -0.5405    -0.5398     0.0006    -0.5406    -0.5399     0.0006   2.804289   2.804289 1.6533e-08    34.2835    34.2828     7.5614    27.5538    27.5532         13  0.000e+00
      19578 311.846524  -62.27344  -58.41840      0.177    1446.75      3.064      3.034    -0.5406    -0.5396     0.0010    -0.5407    -0.5397     0.0010   2.804283   2.804289   0.000006    34.2836    34.2826     7.5549    27.5539    27.5530         13  0.000e+00
      19579 311.846525  -62.27344  -58.41840      0.173    1446.75      3.080      3.050    -0.5403    -0.5398     0.0005    -0.5404    -0.5399     0.0005   2.804220   2.804289   0.000068    34.2824    34.2828     7.5538    27.5529    27.5532         13  0.000e+00
      19580 311.846525  -62.27344  -58.41838      0.169    1446.75      3.080      3.050    -0.5403    -0.5396     0.0007    -0.5404    -0.5397     0.0007   2.804283   2.804289   0.000006    34.2833    34.2826     7.5602    27.5536    27.5530         13  0.000e+00
      19581 311.846526  -62.27344  -58.41838      0.164    1446.75      3.080      3.050    -0.5405    -0.5395     0.0009    -0.5406    -0.5396     0.0009   2.804311   2.804305  -0.000006    34.2838    34.2827     7.5612    27.5541    27.5531         13  0.000e+00
      19582 311.846526  -62.27344  -58.41838      0.159    1446.75      3.080      3.050    -0.5403    -0.5396     0.0007    -0.5404    -0.5397     0.0007   2.804249   2.804272   0.000023    34.2828    34.2824     7.5624    27.5532    27.5528         13  0.000e+00
      19583 311.846527  -62.27344  -58.41838      0.149    1446.75      3.080      3.050    -0.5406    -0.5398     0.0008    -0.5407    -0.5399     0.0008   2.804266   2.804277   0.000012    34.2834    34.2826     7.5625    27.5537    27.5530         13  0.000e+00
      19584 311.846527  -62.27344  -58.41838      0.145    1446.75      3.080      3.050    -0.5403    -0.5395     0.0008    -0.5404    -0.5396     0.0008   2.804283   2.804305   0.000023    34.2833    34.2827     7.5625    27.5536    27.5531         13  0.000e+00
      19585 311.846528  -62.27344  -58.41838      0.137    1446.75      3.080      3.050    -0.5404    -0.5395     0.0009    -0.5405    -0.5396     0.0009   2.804260   2.804311   0.000051    34.2831    34.2828     7.5626    27.5535    27.5532         13  0.000e+00
      19586 311.846528  -62.27344  -58.41838      0.132    1446.75      3.080      3.050    -0.5404    -0.5396     0.0008    -0.5405    -0.5397     0.0008   2.804311   2.804272  -0.000040    34.2838    34.2824     7.5563    27.5540    27.5528         13  0.000e+00
      19587 311.846529  -62.27344  -58.41838      0.123    1446.75      3.080      3.050    -0.5405    -0.5395     0.0009    -0.5406    -0.5396     0.0009   2.804294   2.804300   0.000006    34.2836    34.2826     7.5554    27.5539    27.5530         13  0.000e+00
      19588 311.846529  -62.27344  -58.41838      0.114    1446.75      3.023      2.994    -0.5404    -0.5391     0.0013    -0.5405    -0.5392     0.0013   2.804283   2.804294   0.000011    34.2834    34.2821     7.5609    27.5537    27.5526         13  0.000e+00
      19589 311.846530  -62.27344  -58.41838      0.103    1446.75      3.023      2.994    -0.5404    -0.5395     0.0009    -0.5405    -0.5396     0.0009   2.804317   2.804305  -0.000012    34.2839    34.2827     7.5547    27.5541    27.5531         13  0.000e+00
      19590 311.846530  -62.27344  -58.41838      0.096    1446.75      3.080      3.050    -0.5404    -0.5395     0.0009    -0.5405    -0.5396     0.0009   2.804294   2.804272  -0.000023    34.2836    34.2823     7.5603    27.5538    27.5527         13  0.000e+00
