Pos-Processados/process_op42/operantar42_009.cnv
* Sea-Bird SBE 9 Data File:
* FileName = C:\Users\Hidrografia\Desktop\OPXLII\Brutos\OP42009.hdr
* Software Version Seasave V 7.26.7.107
* Temperature SN = 6502
* Conductivity SN = 4998
* Number of Bytes Per Scan = 31
* Number of Voltage Words = 2
* Number of Scans Averaged by the Deck Unit = 1
* NMEA Latitude = 43 19.24 S
* NMEA Longitude = 055 32.42 W
* NMEA UTC (Time) = Oct 18 2023 16:32:08
* NMEA baud rate = 4800
** H41
** NPOALTEMAXIMIANO
** NUMERO DA ESTACAO (XXX) 009
** LAT (XX XX.XX S/N) 43 19.058 S
** LONG (XXX XX.XX W/E) 055 32.32 W
** DATAHORA (dd/mm/aaaa hh:mm Z) 18/10/2023 1631Z
** PROFUNDIDADE (m) 5145
** OPERADOR CT FABIREZA
# nquan = 30
# nvalues = 2021                        
# units = specified
# name 0 = scan: Scan Count
# name 1 = timeJ: Julian Days
# name 2 = latitude: Latitude [deg]
# name 3 = longitude: Longitude [deg]
# name 4 = dz/dtM: Descent Rate [m/s]
# name 5 = avgsvCM: Average Sound Velocity [Chen-Millero, m/s]
# name 6 = prDM: Pressure, Digiquartz [db]
# name 7 = depSM: Depth [salt water, m]
# name 8 = t090C: Temperature [ITS-90, deg C]
# name 9 = t190C: Temperature, 2 [ITS-90, deg C]
# name 10 = T2-T190C: Temperature Difference, 2 - 1 [ITS-90, deg C]
# name 11 = potemp090C: Potential Temperature [ITS-90, deg C]
# name 12 = potemp190C: Potential Temperature, 2 [ITS-90, deg C]
# name 13 = potemp90Cdiff: Potential Temperature, Diff, 2 - 1 [ITS-90, deg C]
# name 14 = c0S/m: Conductivity [S/m]
# name 15 = c1S/m: Conductivity, 2 [S/m]
# name 16 = C2-C1S/m: Conductivity Difference, 2 - 1 [S/m]
# name 17 = sal00: Salinity, Practical [PSU]
# name 18 = sal11: Salinity, Practical, 2 [PSU]
# name 19 = sbeox0ML/L: Oxygen, SBE 43 [ml/l]
# name 20 = sigma-é00: Density [sigma-theta, kg/m^3]
# name 21 = sigma-é11: Density, 2 [sigma-theta, kg/m^3]
# name 22 = sal00: Salinity, Practical [PSU]
# name 23 = sigma-é00: Density [sigma-theta, kg/m^3]
# name 24 = svCM: Sound Velocity [Chen-Millero, m/s]
# name 25 = svCM1: Sound Velocity, 2 [Chen-Millero, m/s]
# name 26 = gsw_ptA0: potential temperature [ITS-90, deg C]
# name 27 = gsw_densityA0: density, TEOS-10 [density, kg/m^3]
# name 28 = gsw_saA0: Absolute Salinity [g/kg]
# name 29 = flag:
# span 0 =       2274,      68815       
# span 1 = 291.690078, 291.722167       
# span 2 =  -43.32958,  -43.32119       
# span 3 =  -55.54540,  -55.54074       
# span 4 =   -257.411,    275.082       
# span 5 =       0.00,    1500.22       
# span 6 =      2.000,   1012.000       
# span 7 =      1.989,   1001.497       
# span 8 =     3.1007,    13.1660       
# span 9 =     3.1013,    13.1630       
# span 10 =    -0.1181,     0.1207      
# span 11 =     3.0314,    13.1655      
# span 12 =     3.0321,    13.1625      
# span 13 =    -0.1179,     0.1205      
# span 14 =   3.155640,   4.134666      
# span 15 =   3.155688,   4.692073      
# span 16 =  -0.012196,   0.011498      
# span 17 =    34.1311,    35.2398      
# span 18 =    34.1298,    35.2405      
# span 19 =     4.5626,     6.2250      
# span 20 =    26.5205,    27.3461      
# span 21 =    26.5217,    27.3458      
# span 22 =    34.1317,    38.0663      
# span 23 =    26.5215,    29.4243      
# span 24 =    1474.89,    1501.04      
# span 25 =    1474.90,    1506.99      
# span 26 =     3.0313,    13.1655      
# span 27 =  1026.5351,  1032.0327      
# span 28 =    34.2948,    38.2462      
# span 29 = 0.0000e+00, 0.0000e+00      
# interval = decibars: 1                
# start_time = Oct 18 2023 16:32:08 [NMEA time, header]
# bad_flag = -9.990e-29
*END*
[from data line 532]
      17775 291.697553  -43.32416  -55.54188      0.701    1486.53    534.000    529.065     4.8368     4.8345    -0.0022     4.7950     4.7928    -0.0022   3.286936   3.286411  -0.000550    34.2147    34.2107     5.6831    27.0759    27.0730    34.2120    27.0737    1477.82    1477.81     4.7949  1029.5350    34.3739 0.0000e+00
      17802 291.697566 -9.990e-29  -55.54188      0.828    1486.53    535.000    530.054     4.8230     4.8241     0.0011     4.7813     4.7823     0.0011   3.285486   3.285601   0.000092    34.2094    34.2093     5.6788    27.0732    27.0731    34.2088    27.0727    1477.78    1477.78     4.7811  1029.5386    34.3704 0.0000e+00
      17825 291.697577 -9.990e-29  -55.54188      0.962    1486.53    536.000    531.043     4.8254     4.8261     0.0007     4.7835     4.7842     0.0007   3.285700   3.285760   0.000067    34.2092    34.2093     5.6772    27.0729    27.0729    34.2083    27.0721    1477.81    1477.81     4.7834  1029.5426    34.3699 0.0000e+00
      17849 291.697589 -9.990e-29  -55.54188      1.020    1486.53    537.000    532.033     4.7932     4.7910    -0.0021     4.7514     4.7492    -0.0021   3.282925   3.282069  -0.000776    34.2136    34.2068     5.6909    27.0799    27.0748    34.2087    27.0760    1477.69    1477.67     4.7513  1029.5515    34.3703 0.0000e+00
      17876 291.697602  -43.32418  -55.54188      0.937    1486.53    538.000    533.022     4.7586     4.7575    -0.0012     4.7169     4.7157    -0.0012   3.279676   3.279011  -0.000696    34.2098    34.2030     5.7082    27.0808    27.0755    34.2060    27.0778    1477.56    1477.55     4.7168  1029.5594    34.3691 0.0000e+00
      17905 291.697616  -43.32418  -55.54188      0.837    1486.53    539.000    534.012     4.7523     4.7518    -0.0004     4.7105     4.7100    -0.0004   3.278752   3.278623  -0.000164    34.2033    34.2018     5.7107    27.0763    27.0752    34.2014    27.0748    1477.55    1477.54     4.7103  1029.5612    34.3646 0.0000e+00
      17932 291.697629  -43.32418  -55.54188      0.875    1486.53    540.000    535.001     4.7395     4.7392    -0.0003     4.6977     4.6974    -0.0003   3.277568   3.277249  -0.000289    34.2041    34.2011     5.7341    27.0784    27.0760    34.2002    27.0753    1477.51    1477.50     4.6976  1029.5665    34.3634 0.0000e+00
      17959 291.697642  -43.32418  -55.54188      0.880    1486.53    541.000    535.991     4.7223     4.7225     0.0002     4.6805     4.6806     0.0002   3.275901   3.275779  -0.000142    34.2010    34.1992     5.7574    27.0778    27.0763    34.1980    27.0754    1477.45    1477.45     4.6804  1029.5711    34.3607 0.0000e+00
      17988 291.697656 -9.990e-29  -55.54188      0.851    1486.53    542.000    536.980     4.7044     4.7029    -0.0014     4.6626     4.6611    -0.0014   3.274147   3.273780  -0.000352    34.2000    34.1974     5.7611    27.0790    27.0771    34.1955    27.0755    1477.39    1477.38     4.6624  1029.5751    34.3572 0.0000e+00
      18019 291.697671 -9.990e-29  -55.54188      0.793    1486.53    543.000    537.970     4.6748     4.6740    -0.0008     4.6331     4.6322    -0.0008   3.271406   3.271058  -0.000337    34.1980    34.1950     5.7691    27.0807    27.0784    34.1935    27.0772    1477.28    1477.28     4.6329  1029.5818    34.3551 0.0000e+00
      18048 291.697685 -9.990e-29  -55.54188      0.785    1486.53    544.000    538.959     4.6549     4.6551     0.0002     4.6131     4.6133     0.0002   3.269481   3.269374  -0.000147    34.1951    34.1932     5.7802    27.0806    27.0791    34.1912    27.0775    1477.21    1477.21     4.6130  1029.5870    34.3528 0.0000e+00
      18071 291.697696 -9.990e-29  -55.54188      0.933    1486.53    545.000    539.949     4.6411     4.6410    -0.0001     4.5993     4.5992    -0.0001   3.268140   3.267957  -0.000161    34.1941    34.1924     5.7956    27.0813    27.0799    34.1892    27.0775    1477.17    1477.17     4.5992  1029.5917    34.3508 0.0000e+00
      18091 291.697706 -9.990e-29  -55.54188      1.096    1486.53    546.000    540.938     4.6204     4.6197    -0.0007     4.5786     4.5779    -0.0007   3.266119   3.265868  -0.000241    34.1920    34.1900     5.8076    27.0820    27.0804    34.1865    27.0775    1477.10    1477.09     4.5785  1029.5967    34.3480 0.0000e+00
      18112 291.697716 -9.990e-29  -55.54188      1.171    1486.53    547.000    541.928     4.5995     4.6004     0.0008     4.5578     4.5586     0.0008   3.264172   3.264044  -0.000121    34.1898    34.1875     5.8205    27.0824    27.0805    34.1848    27.0785    1477.03    1477.03     4.5576  1029.6025    34.3463 0.0000e+00
      18141 291.697730 -9.990e-29  -55.54188      0.966    1486.53    548.000    542.913     4.5868     4.5929     0.0061     4.5450     4.5510     0.0061   3.263483   3.263658   0.000053    34.1929    34.1873     5.8316    27.0864    27.0812    34.1894    27.0835    1477.00    1477.02     4.5449  1029.6123    34.3509 0.0000e+00
      18186 291.697751  -43.32424  -55.54188      0.514    1486.53    549.000    543.911     4.5788     4.5829     0.0036     4.5369     4.5410     0.0036   3.262224   3.262635   0.000483    34.1855    34.1870     5.8749    27.0814    27.0820    34.1825    27.0789    1476.97    1476.99     4.5368  1029.6137    34.3456 0.0000e+00
      18218 291.697767  -43.32424  -55.54188      0.665    1486.53    550.000    544.896     4.5964     4.5975     0.0011     4.5544     4.5555     0.0011   3.264090   3.264395   0.000322    34.1860    34.1886     5.8837    27.0798    27.0818    34.1856    27.0795    1477.06    1477.07     4.5542  1029.6186    34.3488 0.0000e+00
      18239 291.697777  -43.32424  -55.54188      0.938    1486.53    551.000    545.885     4.5923     4.5929     0.0005     4.5503     4.5508     0.0005   3.264036   3.264048   0.000014    34.1909    34.1905     5.8902    27.0842    27.0838    34.1886    27.0823    1477.07    1477.07     4.5501  1029.6261    34.3518 0.0000e+00
      18257 291.697785  -43.32424  -55.54188      1.183    1486.53    552.000    546.875     4.5871     4.5879     0.0008     4.5449     4.5457     0.0008   3.263599   3.263671   0.000071    34.1904    34.1904     5.8923    27.0844    27.0843    34.1884    27.0828    1477.06    1477.07     4.5448  1029.6312    34.3517 0.0000e+00
      18274 291.697794  -43.32424  -55.54190      1.343    1486.53    553.000    547.864     4.5786     4.5791     0.0005     4.5364     4.5369     0.0005   3.262888   3.262877  -0.000008    34.1911    34.1904     5.8838    27.0858    27.0852    34.1883    27.0836    1477.05    1477.05     4.5363  1029.6368    34.3516 0.0000e+00
      18296 291.697804  -43.32424  -55.54190      1.286    1486.53    554.000    548.853     4.5736     4.5734    -0.0003     4.5314     4.5311    -0.0003   3.262512   3.262394  -0.000077    34.1904    34.1898     5.8548    27.0858    27.0853    34.1886    27.0844    1477.04    1477.04     4.5313  1029.6422    34.3518 0.0000e+00
      18334 291.697822  -43.32425  -55.54188      0.720    1486.53    555.000    549.843     4.5626     4.5633     0.0007     4.5203     4.5210     0.0007   3.261735   3.261478  -0.000266    34.1936    34.1898     5.8166    27.0896    27.0865    34.1903    27.0870    1477.01    1477.01     4.5202  1029.6495    34.3536 0.0000e+00
      18372 291.697841  -43.32426  -55.54188      0.579    1486.53    556.000    550.832     4.5262     4.5267     0.0006     4.4840     4.4845     0.0006   3.258042   3.257891  -0.000162    34.1879    34.1855     5.8251    27.0890    27.0870    34.1843    27.0861    1476.87    1476.87     4.4839  1029.6538    34.3475 0.0000e+00
      18396 291.697853  -43.32426  -55.54188      0.848    1486.53    557.000    551.821     4.5135     4.5138     0.0004     4.4713     4.4716     0.0004   3.256754   3.256691  -0.000069    34.1851    34.1839     5.8198    27.0881    27.0871    34.1818    27.0855    1476.83    1476.83     4.4712  1029.6580    34.3451 0.0000e+00
      18416 291.697862  -43.32428  -55.54188      1.073    1486.53    558.000    552.811     4.5047     4.5051     0.0004     4.4625     4.4629     0.0004   3.255822   3.255788  -0.000020    34.1835    34.1829     5.8332    27.0878    27.0873    34.1795    27.0846    1476.81    1476.81     4.4623  1029.6618    34.3427 0.0000e+00
      18435 291.697871  -43.32428  -55.54188      1.217    1486.53    559.000    553.800     4.4764     4.4759    -0.0005     4.4342     4.4337    -0.0005   3.253178   3.252897  -0.000273    34.1839    34.1813     5.8522    27.0912    27.0891    34.1773    27.0860    1476.71    1476.70     4.4341  1029.6682    34.3405 0.0000e+00
      18457 291.697882  -43.32428  -55.54188      1.204    1486.53    560.000    554.790     4.4478     4.4480     0.0001     4.4057     4.4058     0.0001   3.250592   3.250403  -0.000192    34.1810    34.1785     5.8758    27.0919    27.0900    34.1760    27.0880    1476.60    1476.60     4.4055  1029.6752    34.3392 0.0000e+00
      18486 291.697896  -43.32428  -55.54188      0.917    1486.53    561.000    555.779     4.4327     4.4328     0.0001     4.3906     4.3906     0.0001   3.249257   3.249037  -0.000219    34.1795    34.1769     5.8940    27.0924    27.0903    34.1755    27.0892    1476.56    1476.56     4.3904  1029.6812    34.3387 0.0000e+00
      18516 291.697910  -43.32428  -55.54190      0.777    1486.53    562.000    556.768     4.4305     4.4306     0.0001     4.3883     4.3884     0.0001   3.248993   3.249029   0.000021    34.1768    34.1769     5.9180    27.0905    27.0906    34.1741    27.0884    1476.56    1476.56     4.3882  1029.6851    34.3373 0.0000e+00
      18538 291.697921  -43.32430  -55.54190      0.937    1486.53    563.000    557.758     4.4329     4.4336     0.0007     4.3906     4.3913     0.0007   3.249310   3.249423   0.000110    34.1770    34.1775     5.9344    27.0904    27.0908    34.1748    27.0887    1476.59    1476.59     4.3905  1029.6899    34.3381 0.0000e+00
      18558 291.697931  -43.32430  -55.54190      1.117    1486.53    564.000    558.747     4.4371     4.4381     0.0010     4.3947     4.3956     0.0009   3.249796   3.249968   0.000163    34.1771    34.1780     5.9387    27.0900    27.0906    34.1757    27.0890    1476.63    1476.63     4.3946  1029.6945    34.3386 0.0000e+00
      18578 291.697940 -9.990e-29  -55.54190      1.218    1486.53    565.000    559.736     4.4452     4.4464     0.0011     4.4027     4.4038     0.0011   3.250688   3.250849   0.000190    34.1785    34.1796     5.9290    27.0903    27.0910    34.1773    27.0893    1476.68    1476.68     4.4026  1029.6982    34.3388 0.0000e+00
      18602 291.697952 -9.990e-29  -55.54190      1.111    1486.53    566.000    560.726     4.4430     4.4431     0.0001     4.4004     4.4005     0.0001   3.250649   3.250623  -0.000040    34.1801    34.1795     5.9055    27.0918    27.0913    34.1786    27.0906    1476.69    1476.69     4.4003  1029.7040    34.3401 0.0000e+00
      18638 291.697969 -9.990e-29  -55.54190      0.723    1486.53    567.000    561.715     4.4434     4.4448     0.0014     4.4007     4.4021     0.0014   3.250799   3.250977   0.000175    34.1801    34.1807     5.8825    27.0918    27.0921    34.1795    27.0913    1476.71    1476.71     4.4005  1029.7093    34.3410 0.0000e+00
      18669 291.697984  -43.32432  -55.54190      0.719    1486.53    568.000    562.704     4.4499     4.4509     0.0010     4.4071     4.4081     0.0010   3.251540   3.251677   0.000139    34.1814    34.1820     5.8717    27.0922    27.0925    34.1809    27.0917    1476.75    1476.76     4.4070  1029.7151    34.3435 0.0000e+00
      18692 291.697995  -43.32432  -55.54190      0.914    1486.53    569.000    563.694     4.4507     4.4515     0.0008     4.4078     4.4086     0.0008   3.251694   3.251775   0.000091    34.1820    34.1823     5.8653    27.0925    27.0927    34.1814    27.0921    1476.77    1476.78     4.4077  1029.7205    34.3446 0.0000e+00
      18713 291.698005  -43.32432  -55.54190      1.081    1486.53    570.000    564.683     4.4446     4.4449     0.0003     4.4017     4.4020     0.0003   3.251236   3.251206  -0.000032    34.1831    34.1824     5.8632    27.0941    27.0935    34.1817    27.0930    1476.76    1476.76     4.4016  1029.7261    34.3450 0.0000e+00
      18733 291.698015  -43.32432  -55.54190      1.165    1486.53    571.000    565.672     4.4388     4.4394     0.0005     4.3958     4.3964     0.0005   3.250733   3.250734   0.000009    34.1827    34.1822     5.8535    27.0944    27.0939    34.1813    27.0933    1476.76    1476.76     4.3957  1029.7311    34.3446 0.0000e+00
      18759 291.698028  -43.32432  -55.54190      1.050    1486.53    572.000    566.662     4.4264     4.4265     0.0001     4.3834     4.3835     0.0001   3.249759   3.249590  -0.000162    34.1839    34.1819     5.8393    27.0967    27.0951    34.1822    27.0953    1476.72    1476.72     4.3833  1029.7375    34.3449 0.0000e+00
      18791 291.698043 -9.990e-29  -55.54190      0.786    1486.53    573.000    567.651     4.4219     4.4225     0.0006     4.3789     4.3794     0.0006   3.249387   3.249312  -0.000087    34.1832    34.1816     5.8364    27.0966    27.0953    34.1820    27.0956    1476.72    1476.72     4.3787  1029.7415    34.3435 0.0000e+00
      18819 291.698057 -9.990e-29  -55.54190      0.787    1486.53    574.000    568.640     4.4201     4.4210     0.0010     4.3770     4.3779     0.0010   3.249155   3.249215   0.000062    34.1817    34.1814     5.8349    27.0956    27.0953    34.1807    27.0948    1476.73    1476.73     4.3768  1029.7453    34.3422 0.0000e+00
      18843 291.698068 -9.990e-29  -55.54190      0.944    1486.53    575.000    569.629     4.4152     4.4157     0.0005     4.3720     4.3725     0.0005   3.248687   3.248678   0.000003    34.1815    34.1810     5.8337    27.0960    27.0956    34.1797    27.0946    1476.72    1476.72     4.3719  1029.7497    34.3412 0.0000e+00
      18863 291.698078  -43.32434  -55.54190      1.090    1486.53    576.000    570.619     4.3950     4.3947    -0.0003     4.3518     4.3516    -0.0003   3.246817   3.246571  -0.000228    34.1822    34.1798     5.8407    27.0987    27.0969    34.1781    27.0955    1476.65    1476.65     4.3517  1029.7561    34.3404 0.0000e+00
      18883 291.698088  -43.32435  -55.54190      1.169    1486.53    577.000    571.608     4.3650     4.3641    -0.0010     4.3219     4.3209    -0.0009   3.244059   3.243748  -0.000315    34.1806    34.1779     5.8421    27.1006    27.0986    34.1763    27.0972    1476.54    1476.54     4.3218  1029.7637    34.3395 0.0000e+00
      18907 291.698099  -43.32436  -55.54190      1.115    1486.53    578.000    572.597     4.3486     4.3486     0.0000     4.3054     4.3055     0.0000   3.242523   3.242299  -0.000197    34.1779    34.1756     5.8434    27.1003    27.0984    34.1748    27.0978    1476.49    1476.49     4.3053  1029.7691    34.3381 0.0000e+00
      18941 291.698116  -43.32436  -55.54190      0.774    1485.65    579.000    573.587     4.3384     4.3385     0.0000     4.2952     4.2953     0.0001   3.242076   3.241391  -0.000699    34.1825    34.1743     5.8485    27.1050    27.0984    34.1795    27.1026    1476.47    1476.46     4.2951  1029.7787    34.3428 0.0000e+00
      18979 291.698134  -43.32436  -55.54190      0.613    1485.59    580.000    574.576     4.3254     4.3260     0.0006     4.2822     4.2828     0.0006   3.240292   3.240271  -0.000039    34.1741    34.1730     5.8749    27.0997    27.0988    34.1715    27.0976    1476.42    1476.42     4.2821  1029.7785    34.3348 0.0000e+00
      19008 291.698148  -43.32437  -55.54190      0.774    1485.59    581.000    575.565     4.3236     4.3244     0.0008     4.2804     4.2811     0.0007   3.240121   3.240194   0.000074    34.1727    34.1728     5.8871    27.0988    27.0988    34.1708    27.0973    1476.43    1476.43     4.2803  1029.7828    34.3341 0.0000e+00
