Pos-Processados/process_op42/operantar42_036.cnv
* Sea-Bird SBE 9 Data File:
* FileName = C:\Users\Hidrografia\Desktop\OPXLII\Brutos\OP42036.hdr
* Software Version Seasave V 7.26.7.107
* Temperature SN = 6502
* Conductivity SN = 4998
* Number of Bytes Per Scan = 37
* Number of Voltage Words = 4
* Number of Scans Averaged by the Deck Unit = 1
* NMEA Latitude = 62 08.52 S
* NMEA Longitude = 058 26.36 W
* NMEA UTC (Time) = Nov 09 2023 11:10:29
* NMEA baud rate = 4800
** H41
** NPOALTEMAXIMIANO
** NUMERO DA ESTACAO (XXX) 036
** LAT (XX XX.XX S/N) 62 08.14 S
** LONG (XXX XX.XX W/E) 058 26.57 W
** DATAHORA (dd/mm/aaaa hh:mm Z) 09/11/2023 1105Z
** PROFUNDIDADE (m) 416
** OPERADOR 1T ZAMITH
# nquan = 30
# nvalues = 696                         
# units = specified
# name 0 = scan: Scan Count
# name 1 = timeJ: Julian Days
# name 2 = latitude: Latitude [deg]
# name 3 = longitude: Longitude [deg]
# name 4 = dz/dtM: Descent Rate [m/s]
# name 5 = avgsvCM: Average Sound Velocity [Chen-Millero, m/s]
# name 6 = prDM: Pressure, Digiquartz [db]
# name 7 = depSM: Depth [salt water, m]
# name 8 = t090C: Temperature [ITS-90, deg C]
# name 9 = t190C: Temperature, 2 [ITS-90, deg C]
# name 10 = T2-T190C: Temperature Difference, 2 - 1 [ITS-90, deg C]
# name 11 = potemp090C: Potential Temperature [ITS-90, deg C]
# name 12 = potemp190C: Potential Temperature, 2 [ITS-90, deg C]
# name 13 = potemp90Cdiff: Potential Temperature, Diff, 2 - 1 [ITS-90, deg C]
# name 14 = c0S/m: Conductivity [S/m]
# name 15 = c1S/m: Conductivity, 2 [S/m]
# name 16 = C2-C1S/m: Conductivity Difference, 2 - 1 [S/m]
# name 17 = sal00: Salinity, Practical [PSU]
# name 18 = sal11: Salinity, Practical, 2 [PSU]
# name 19 = sbeox0ML/L: Oxygen, SBE 43 [ml/l]
# name 20 = sigma-é00: Density [sigma-theta, kg/m^3]
# name 21 = sigma-é11: Density, 2 [sigma-theta, kg/m^3]
# name 22 = sal00: Salinity, Practical [PSU]
# name 23 = sigma-é00: Density [sigma-theta, kg/m^3]
# name 24 = svCM: Sound Velocity [Chen-Millero, m/s]
# name 25 = svCM1: Sound Velocity, 2 [Chen-Millero, m/s]
# name 26 = gsw_ptA0: potential temperature [ITS-90, deg C]
# name 27 = gsw_densityA0: density, TEOS-10 [density, kg/m^3]
# name 28 = gsw_saA0: Absolute Salinity [g/kg]
# name 29 = flag:
# span 0 =       3210,      22626       
# span 1 = 313.467161, 313.476524       
# span 2 =  -62.14632,  -62.14268       
# span 3 =  -58.43898,  -58.43496       
# span 4 =     -1.398,      1.157       
# span 5 = -2.109e-32,    1449.04       
# span 6 =      6.000,    354.000       
# span 7 =      5.955,    350.276       
# span 8 =    -0.8297,    -0.4891       
# span 9 =    -0.8286,    -0.4795       
# span 10 =    -0.0208,     0.0251      
# span 11 =    -0.8355,    -0.5011      
# span 12 =    -0.8345,    -0.4915      
# span 13 =    -0.0207,     0.0250      
# span 14 =   2.790549,   2.834198      
# span 15 =   2.790510,   2.834721      
# span 16 =  -0.001224,   0.002274      
# span 17 =    30.1799,    34.4126      
# span 18 =    34.2798,    34.4100      
# span 19 =     6.6245,     7.7550      
# span 20 =    24.2565,    27.6565      
# span 21 =    27.5533,    27.6539      
# span 22 =    34.2810,    34.4123      
# span 23 =    27.5539,    27.6562      
# span 24 =    1445.70,    1451.85      
# span 25 =    1445.72,    1451.89      
# span 26 =    -0.8354,    -0.5009      
# span 27 =  1027.5871,  1029.3496      
# span 28 =    34.4448,    34.5816      
# span 29 = 0.0000e+00, 0.0000e+00      
# interval = decibars: 1                
# start_time = Nov 09 2023 11:10:29 [NMEA time, header]
# bad_flag = -9.990e-29
*END*
[from data line 387]
      14527 313.472619  -62.14488  -58.43696     -1.398    1447.90    314.000    310.751    -0.6472    -0.6468     0.0004    -0.6573    -0.6568     0.0004   2.817150   2.817049  -0.000092    34.3868    34.3851     6.8330    27.6425    27.6411    34.3864    27.6422    1450.43    1450.43    -0.6570  1029.1464    34.5544 0.0000e+00
      14546 313.472628  -62.14488  -58.43694     -1.331    1447.90    313.000    309.762    -0.6474    -0.6464     0.0010    -0.6574    -0.6565     0.0010   2.817032   2.817005  -0.000033    34.3861    34.3846     6.8395    27.6419    27.6406    34.3857    27.6416    1450.41    1450.41    -0.6572  1029.1411    34.5537 0.0000e+00
      14569 313.472639  -62.14488  -58.43694     -1.168    1447.90    312.000    308.773    -0.6468    -0.6461     0.0007    -0.6568    -0.6560     0.0007   2.816929   2.816900  -0.000033    34.3845    34.3832     6.8473    27.6406    27.6395    34.3842    27.6404    1450.39    1450.39    -0.6566  1029.1351    34.5522 0.0000e+00
      14594 313.472651  -62.14488  -58.43694     -0.996    1447.90    311.000    307.785    -0.6456    -0.6451     0.0005    -0.6556    -0.6551     0.0005   2.816893   2.816940   0.000051    34.3831    34.3832     6.8556    27.6394    27.6395    34.3830    27.6393    1450.38    1450.38    -0.6553  1029.1293    34.5510 0.0000e+00
      14618 313.472663  -62.14490  -58.43694     -0.967    1447.90    310.000    306.795    -0.6429    -0.6445    -0.0016    -0.6529    -0.6545    -0.0016   2.816986   2.816851  -0.000117    34.3818    34.3819     6.8472    27.6382    27.6384    34.3818    27.6383    1450.37    1450.37    -0.6526  1029.1235    34.5498 0.0000e+00
      14639 313.472673  -62.14490  -58.43694     -1.056    1447.90    309.000    305.806    -0.6414    -0.6425    -0.0011    -0.6513    -0.6523    -0.0011   2.817036   2.816932  -0.000114    34.3813    34.3810     6.8594    27.6378    27.6375    34.3813    27.6378    1450.37    1450.36    -0.6511  1029.1182    34.5493 0.0000e+00
      14658 313.472682  -62.14490  -58.43693     -1.184    1447.90    308.000    304.818    -0.6390    -0.6386     0.0005    -0.6489    -0.6485     0.0005   2.817123   2.817080  -0.000044    34.3803    34.3791     6.8595    27.6368    27.6359    34.3805    27.6370    1450.36    1450.36    -0.6487  1029.1127    34.5485 0.0000e+00
      14675 313.472690  -62.14490  -58.43692     -1.301    1447.90    307.000    303.829    -0.6374    -0.6357     0.0017    -0.6472    -0.6455     0.0017   2.817114   2.817143   0.000025    34.3789    34.3774     6.8688    27.6357    27.6343    34.3791    27.6358    1450.35    1450.35    -0.6470  1029.1067    34.5471 0.0000e+00
      14693 313.472699  -62.14490  -58.43692     -1.364    1447.90    306.000    302.839    -0.6354    -0.6342     0.0013    -0.6452    -0.6440     0.0012   2.817133   2.817127  -0.000005    34.3776    34.3761     6.8717    27.6345    27.6332    34.3777    27.6346    1450.34    1450.34    -0.6450  1029.1007    34.5457 0.0000e+00
      14711 313.472707  -62.14491  -58.43692     -1.352    1447.90    305.000    301.851    -0.6352    -0.6344     0.0008    -0.6449    -0.6441     0.0008   2.817066   2.817022  -0.000041    34.3770    34.3756     6.8749    27.6341    27.6328    34.3772    27.6341    1450.32    1450.32    -0.6448  1029.0955    34.5451 0.0000e+00
      14732 313.472717  -62.14492  -58.43692     -1.255    1447.90    304.000    300.862    -0.6359    -0.6342     0.0017    -0.6456    -0.6439     0.0017   2.816979   2.816948  -0.000037    34.3774    34.3749     6.8856    27.6343    27.6323    34.3774    27.6344    1450.30    1450.31    -0.6454  1029.0910    34.5454 0.0000e+00
      14755 313.472728  -62.14492  -58.43691     -1.113    1447.90    303.000    299.873    -0.6340    -0.6341    -0.0001    -0.6437    -0.6438    -0.0001   2.816973   2.816938  -0.000027    34.3755    34.3752     6.8926    27.6328    27.6325    34.3758    27.6330    1450.29    1450.29    -0.6435  1029.0848    34.5438 0.0000e+00
      14778 313.472740  -62.14492  -58.43690     -1.032    1447.90    302.000    298.884    -0.6294    -0.6326    -0.0032    -0.6391    -0.6423    -0.0032   2.817292   2.816969  -0.000289    34.3747    34.3744     6.9037    27.6319    27.6318    34.3755    27.6325    1450.30    1450.28    -0.6389  1029.0796    34.5435 0.0000e+00
      14800 313.472750  -62.14492  -58.43690     -1.047    1447.90    301.000    297.895    -0.6226    -0.6283    -0.0057    -0.6323    -0.6379    -0.0056   2.817743   2.817245  -0.000502    34.3738    34.3734     6.9045    27.6309    27.6308    34.3745    27.6314    1450.31    1450.29    -0.6321  1029.0737    34.5424 0.0000e+00
      14819 313.472759  -62.14492  -58.43690     -1.139    1447.90    300.000    296.906    -0.6194    -0.6196    -0.0002    -0.6290    -0.6292    -0.0002   2.818003   2.817882  -0.000149    34.3740    34.3721     6.9165    27.6309    27.6294    34.3749    27.6317    1450.31    1450.31    -0.6288  1029.0661    34.5392 0.0000e+00
      14837 313.472768 -9.990e-29  -58.43690     -1.273    1447.90    299.000    295.917    -0.6163    -0.6129     0.0034    -0.6259    -0.6225     0.0034   2.818215   2.818355   0.000115    34.3741    34.3718     6.9191    27.6309    27.6289    34.3749    27.6315    1450.31    1450.32    -0.6257  1029.0594    34.5370 0.0000e+00
      14859 313.472779 -9.990e-29  -58.43688     -1.245    1447.90    298.000    294.928    -0.6157    -0.6125     0.0031    -0.6253    -0.6221     0.0031   2.818220   2.818349   0.000124    34.3744    34.3725     6.9258    27.6311    27.6294    34.3748    27.6314    1450.30    1450.31    -0.6251  1029.0546    34.5369 0.0000e+00
      14886 313.472792 -9.990e-29  -58.43688     -0.988    1447.90    297.000    293.942    -0.6130    -0.6176    -0.0045    -0.6226    -0.6271    -0.0045   2.818349   2.817912  -0.000396    34.3735    34.3733     6.9166    27.6302    27.6302    34.3742    27.6308    1450.29    1450.27    -0.6223  1029.0492    34.5363 0.0000e+00
      14925 313.472811  -62.14494  -58.43688     -0.635    1447.90    296.000    292.948    -0.6107    -0.6131    -0.0025    -0.6202    -0.6226    -0.0025   2.818455   2.818217  -0.000245    34.3730    34.3725     6.9170    27.6297    27.6294    34.3736    27.6302    1450.29    1450.27    -0.6200  1029.0484    34.5414 0.0000e+00
      14961 313.472828  -62.14496 -9.990e-29     -0.639    1447.90    295.000    291.961    -0.6093    -0.6088     0.0005    -0.6188    -0.6183     0.0005   2.818511   2.818469  -0.000054    34.3729    34.3716     6.9161    27.6296    27.6285    34.3734    27.6300    1450.28    1450.28    -0.6186  1029.0455    34.5438 0.0000e+00
      14988 313.472841  -62.14496 -9.990e-29     -0.816    1447.90    294.000    290.972    -0.6082    -0.6070     0.0011    -0.6176    -0.6165     0.0011   2.818558   2.818537  -0.000025    34.3728    34.3712     6.9192    27.6295    27.6281    34.3733    27.6299    1450.27    1450.27    -0.6174  1029.0406    34.5437 0.0000e+00
      15012 313.472853  -62.14496  -58.43686     -0.956    1447.90    293.000    289.983    -0.6070    -0.6063     0.0008    -0.6164    -0.6157     0.0008   2.818591   2.818549  -0.000041    34.3727    34.3712     6.9207    27.6293    27.6281    34.3731    27.6296    1450.25    1450.26    -0.6162  1029.0350    34.5427 0.0000e+00
      15034 313.472863  -62.14496  -58.43686     -1.061    1447.90    292.000    288.994    -0.6066    -0.6059     0.0007    -0.6160    -0.6152     0.0007   2.818569   2.818545  -0.000028    34.3725    34.3713     6.9122    27.6291    27.6281    34.3729    27.6295    1450.24    1450.24    -0.6158  1029.0287    34.5409 0.0000e+00
      15055 313.472873  -62.14498  -58.43686     -1.114    1447.90    291.000    288.005    -0.6051    -0.6052    -0.0000    -0.6145    -0.6145    -0.0000   2.818640   2.818543  -0.000090    34.3724    34.3712     6.9171    27.6290    27.6280    34.3728    27.6293    1450.23    1450.23    -0.6143  1029.0238    34.5407 0.0000e+00
      15079 313.472885  -62.14498  -58.43684     -1.065    1447.90    290.000    287.016    -0.6051    -0.6048     0.0003    -0.6144    -0.6142     0.0003   2.818554   2.818522  -0.000041    34.3721    34.3712     6.9133    27.6287    27.6280    34.3722    27.6288    1450.21    1450.21    -0.6142  1029.0185    34.5401 0.0000e+00
      15109 313.472899  -62.14498  -58.43684     -0.881    1447.90    289.000    286.028    -0.6059    -0.6060    -0.0001    -0.6152    -0.6152    -0.0001   2.818438   2.818397  -0.000043    34.3720    34.3715     6.9161    27.6287    27.6283    34.3722    27.6288    1450.19    1450.19    -0.6150  1029.0138    34.5401 0.0000e+00
      15142 313.472915  -62.14498  -58.43684     -0.726    1447.90    288.000    285.039    -0.6061    -0.6054     0.0008    -0.6154    -0.6146     0.0008   2.818320   2.818311  -0.000007    34.3713    34.3704     6.9124    27.6281    27.6274    34.3715    27.6283    1450.17    1450.17    -0.6152  1029.0085    34.5394 0.0000e+00
      15171 313.472929  -62.14500  -58.43682     -0.778    1447.90    287.000    284.049    -0.6069    -0.6058     0.0011    -0.6161    -0.6150     0.0011   2.818150   2.818167   0.000016    34.3707    34.3696     6.9210    27.6276    27.6267    34.3706    27.6276    1450.15    1450.16    -0.6159  1029.0031    34.5385 0.0000e+00
      15196 313.472941  -62.14500  -58.43682     -0.904    1447.90    286.000    283.060    -0.6074    -0.6064     0.0010    -0.6165    -0.6156     0.0010   2.818019   2.818001  -0.000026    34.3701    34.3687     6.9231    27.6272    27.6260    34.3700    27.6271    1450.13    1450.14    -0.6164  1028.9978    34.5379 0.0000e+00
      15220 313.472953  -62.14500  -58.43682     -0.988    1447.90    285.000    282.071    -0.6084    -0.6072     0.0012    -0.6176    -0.6164     0.0012   2.817791   2.817844   0.000051    34.3690    34.3683     6.9226    27.6263    27.6257    34.3688    27.6262    1450.11    1450.11    -0.6174  1028.9922    34.5367 0.0000e+00
      15247 313.472966  -62.14500  -58.43682     -0.953    1447.90    284.000    281.082    -0.6093    -0.6080     0.0013    -0.6184    -0.6171     0.0013   2.817649   2.817710   0.000055    34.3685    34.3677     6.9226    27.6260    27.6253    34.3684    27.6259    1450.09    1450.09    -0.6182  1028.9871    34.5363 0.0000e+00
      15279 313.472981  -62.14502  -58.43680     -0.794    1447.90    283.000    280.092    -0.6091    -0.6074     0.0018    -0.6182    -0.6165     0.0017   2.817629   2.817770   0.000140    34.3687    34.3686     6.9308    27.6261    27.6260    34.3686    27.6261    1450.07    1450.08    -0.6180  1028.9825    34.5365 0.0000e+00
      15312 313.472997  -62.14502  -58.43680     -0.706    1447.90    282.000    279.103    -0.6098    -0.6085     0.0013    -0.6188    -0.6176     0.0013   2.817446   2.817534   0.000082    34.3677    34.3674     6.9530    27.6254    27.6251    34.3675    27.6252    1450.05    1450.06    -0.6186  1028.9769    34.5353 0.0000e+00
      15341 313.473011  -62.14502  -58.43680     -0.787    1447.90    281.000    278.114    -0.6109    -0.6097     0.0012    -0.6198    -0.6187     0.0012   2.817161   2.817252   0.000081    34.3658    34.3656     6.9468    27.6239    27.6236    34.3655    27.6236    1450.03    1450.03    -0.6197  1028.9706    34.5333 0.0000e+00
      15366 313.473023  -62.14504  -58.43680     -0.910    1447.90    280.000    277.125    -0.6128    -0.6105     0.0023    -0.6217    -0.6195     0.0023   2.816865   2.817060   0.000198    34.3646    34.3647     6.9499    27.6230    27.6230    34.3643    27.6227    1450.00    1450.01    -0.6216  1028.9650    34.5321 0.0000e+00
      15390 313.473035  -62.14504  -58.43678     -0.996    1447.90    279.000    276.136    -0.6135    -0.6121     0.0014    -0.6224    -0.6210     0.0014   2.816742   2.816811   0.000074    34.3642    34.3636     6.9611    27.6227    27.6222    34.3640    27.6226    1449.98    1449.99    -0.6222  1028.9600    34.5318 0.0000e+00
      15416 313.473047  -62.14504  -58.43678     -0.964    1447.90    278.000    275.147    -0.6138    -0.6126     0.0012    -0.6227    -0.6215     0.0012   2.816651   2.816700   0.000042    34.3641    34.3632     6.9662    27.6226    27.6219    34.3638    27.6224    1449.96    1449.97    -0.6225  1028.9551    34.5316 0.0000e+00
      15446 313.473062  -62.14504  -58.43677     -0.821    1447.90    277.000    274.158    -0.6146    -0.6123     0.0022    -0.6234    -0.6212     0.0022   2.816529   2.816691   0.000166    34.3639    34.3635     6.9735    27.6225    27.6221    34.3637    27.6223    1449.94    1449.95    -0.6232  1028.9502    34.5315 0.0000e+00
      15478 313.473077  -62.14505  -58.43676     -0.758    1447.90    276.000    273.169    -0.6147    -0.6137     0.0010    -0.6235    -0.6225     0.0010   2.816475   2.816490   0.000017    34.3638    34.3629     6.9835    27.6224    27.6217    34.3637    27.6223    1449.93    1449.93    -0.6233  1028.9455    34.5315 0.0000e+00
      15505 313.473090  -62.14506  -58.43676     -0.836    1447.90    275.000    272.180    -0.6156    -0.6142     0.0015    -0.6244    -0.6230     0.0015   2.816272   2.816365   0.000070    34.3631    34.3624     6.9879    27.6219    27.6213    34.3626    27.6215    1449.91    1449.91    -0.6242  1028.9399    34.5304 0.0000e+00
      15528 313.473101  -62.14506  -58.43676     -0.961    1447.90    274.000    271.191    -0.6179    -0.6156     0.0023    -0.6266    -0.6243     0.0023   2.816008   2.816148   0.000164    34.3624    34.3620     6.9818    27.6214    27.6210    34.3622    27.6213    1449.88    1449.89    -0.6264  1028.9350    34.5300 0.0000e+00
      15551 313.473113  -62.14506  -58.43675     -1.037    1447.90    273.000    270.203    -0.6186    -0.6171     0.0016    -0.6273    -0.6258     0.0015   2.815851   2.815943   0.000085    34.3619    34.3613     6.9908    27.6211    27.6205    34.3615    27.6207    1449.86    1449.86    -0.6271  1028.9297    34.5293 0.0000e+00
      15577 313.473125  -62.14507  -58.43674     -0.986    1447.90    272.000    269.213    -0.6191    -0.6177     0.0015    -0.6277    -0.6263     0.0015   2.815754   2.815835   0.000075    34.3617    34.3611     6.9831    27.6209    27.6203    34.3614    27.6206    1449.84    1449.84    -0.6276  1028.9248    34.5291 0.0000e+00
      15607 313.473139  -62.14508  -58.43674     -0.843    1447.90    271.000    268.224    -0.6204    -0.6186     0.0018    -0.6290    -0.6273     0.0018   2.815578   2.815660   0.000092    34.3613    34.3606     6.9981    27.6207    27.6200    34.3611    27.6205    1449.82    1449.82    -0.6288  1028.9199    34.5289 0.0000e+00
      15637 313.473154  -62.14508  -58.43673     -0.787    1447.90    270.000    267.235    -0.6225    -0.6205     0.0021    -0.6311    -0.6291     0.0021   2.815265   2.815401   0.000117    34.3606    34.3598     6.9949    27.6202    27.6195    34.3599    27.6196    1449.79    1449.80    -0.6309  1028.9143    34.5277 0.0000e+00
      15664 313.473167  -62.14509  -58.43672     -0.847    1447.90    269.000    266.246    -0.6295    -0.6239     0.0056    -0.6380    -0.6325     0.0055   2.814424   2.814949   0.000501    34.3581    34.3586     7.0022    27.6184    27.6186    34.3571    27.6176    1449.74    1449.76    -0.6378  1028.9076    34.5248 0.0000e+00
      15690 313.473180  -62.14510  -58.43672     -0.918    1447.90    268.000    265.257    -0.6331    -0.6294     0.0037    -0.6416    -0.6379     0.0037   2.814002   2.814304   0.000312    34.3568    34.3569     7.0015    27.6175    27.6174    34.3561    27.6169    1449.70    1449.72    -0.6414  1028.9022    34.5238 0.0000e+00
      15716 313.473192  -62.14510  -58.43672     -0.928    1447.90    267.000    264.267    -0.6346    -0.6314     0.0031    -0.6430    -0.6399     0.0031   2.813795   2.814050   0.000258    34.3562    34.3562     7.0134    27.6171    27.6170    34.3556    27.6166    1449.68    1449.69    -0.6428  1028.8981    34.5245 0.0000e+00
