Pos-Processados/process_op42/operantar42_010.cnv
* Sea-Bird SBE 9 Data File:
* FileName = C:\Users\Hidrografia\Desktop\OPXLII\Brutos\OP42010.hdr
* Software Version Seasave V 7.26.7.107
* Temperature SN = 6502
* Conductivity SN = 4998
* Number of Bytes Per Scan = 31
* Number of Voltage Words = 2
* Number of Scans Averaged by the Deck Unit = 1
* NMEA Latitude = 44 13.49 S
* NMEA Longitude = 056 00.10 W
* NMEA UTC (Time) = Oct 19 2023 00:22:47
* NMEA baud rate = 4800
** H41
** NPOALTEMAXIMIANO
** NUMERO DA ESTACAO (XXX) 010
** LAT (XX XX.XX S/N) 44 13.210 S
** LONG (XXX XX.XX W/E) 055 59.942 W
** DATAHORA (dd/mm/aaaa hh:mm Z) 18/10/2023 0022Z
** PROFUNDIDADE (m) 5179
** OPERADOR CT FABIREZA
# nquan = 30
# nvalues = 2025                        
# units = specified
# name 0 = scan: Scan Count
# name 1 = timeJ: Julian Days
# name 2 = latitude: Latitude [deg]
# name 3 = longitude: Longitude [deg]
# name 4 = dz/dtM: Descent Rate [m/s]
# name 5 = avgsvCM: Average Sound Velocity [Chen-Millero, m/s]
# name 6 = prDM: Pressure, Digiquartz [db]
# name 7 = depSM: Depth [salt water, m]
# name 8 = t090C: Temperature [ITS-90, deg C]
# name 9 = t190C: Temperature, 2 [ITS-90, deg C]
# name 10 = T2-T190C: Temperature Difference, 2 - 1 [ITS-90, deg C]
# name 11 = potemp090C: Potential Temperature [ITS-90, deg C]
# name 12 = potemp190C: Potential Temperature, 2 [ITS-90, deg C]
# name 13 = potemp90Cdiff: Potential Temperature, Diff, 2 - 1 [ITS-90, deg C]
# name 14 = c0S/m: Conductivity [S/m]
# name 15 = c1S/m: Conductivity, 2 [S/m]
# name 16 = C2-C1S/m: Conductivity Difference, 2 - 1 [S/m]
# name 17 = sal00: Salinity, Practical [PSU]
# name 18 = sal11: Salinity, Practical, 2 [PSU]
# name 19 = sbeox0ML/L: Oxygen, SBE 43 [ml/l]
# name 20 = sigma-é00: Density [sigma-theta, kg/m^3]
# name 21 = sigma-é11: Density, 2 [sigma-theta, kg/m^3]
# name 22 = sal00: Salinity, Practical [PSU]
# name 23 = sigma-é00: Density [sigma-theta, kg/m^3]
# name 24 = svCM: Sound Velocity [Chen-Millero, m/s]
# name 25 = svCM1: Sound Velocity, 2 [Chen-Millero, m/s]
# name 26 = gsw_ptA0: potential temperature [ITS-90, deg C]
# name 27 = gsw_densityA0: density, TEOS-10 [density, kg/m^3]
# name 28 = gsw_saA0: Absolute Salinity [g/kg]
# name 29 = flag:
# span 0 =       2814,      65654       
# span 1 = 292.017178, 292.047483       
# span 2 =  -44.23747,  -44.22546       
# span 3 =  -56.00941,  -56.00222       
# span 4 =     -1.415,      1.491       
# span 5 =       0.00,    1499.70       
# span 6 =      1.000,   1013.000       
# span 7 =      0.995,   1002.394       
# span 8 =     3.0521,    13.3565       
# span 9 =     3.0531,    13.3576       
# span 10 =    -0.2667,     0.3775      
# span 11 =     2.9845,    13.3554      
# span 12 =     2.9854,    13.3565      
# span 13 =    -0.2664,     0.3771      
# span 14 =   3.163075,   4.154443      
# span 15 =   3.163094,   4.154606      
# span 16 =  -0.027715,   0.039072      
# span 17 =    34.1181,    35.2176      
# span 18 =    34.1177,    35.2180      
# span 19 =     4.3479,     6.5661      
# span 20 =    26.4887,    27.3940      
# span 21 =    26.4880,    27.3937      
# span 22 =    34.1173,    35.2184      
# span 23 =    26.4898,    27.3939      
# span 24 =    1473.77,    1501.79      
# span 25 =    1473.79,    1501.79      
# span 26 =     2.9844,    13.3553      
# span 27 =  1026.4992,  1032.0855      
# span 28 =    34.2785,    35.3849      
# span 29 = 0.0000e+00, 0.0000e+00      
# interval = decibars: 1                
# start_time = Oct 19 2023 00:22:47 [NMEA time, header]
# bad_flag = -9.990e-29
*END*
[from data line 774]
      23923 292.027358  -44.22932  -56.00498      0.879    1480.18    775.000    767.329     3.4063     3.4071     0.0008     3.3529     3.3537     0.0008   3.174365   3.174430   0.000061    34.2446    34.2445     5.0711    27.2493    27.2491    34.2456    27.2501    1475.88    1475.88     3.3528  1030.8431    34.4104 0.0000e+00
      23955 292.027374  -44.22932  -56.00498      0.781    1480.18    776.000    768.318     3.4095     3.4102     0.0007     3.3561     3.3567     0.0006   3.174745   3.174809   0.000071    34.2458    34.2460     5.0696    27.2500    27.2500    34.2463    27.2504    1475.91    1475.91     3.3559  1030.8479    34.4112 0.0000e+00
      23988 292.027389  -44.22934  -56.00498      0.720    1480.18    777.000    769.306     3.3978     3.3984     0.0007     3.3443     3.3449     0.0007   3.173815   3.173679  -0.000128    34.2477    34.2455     5.0713    27.2526    27.2507    34.2470    27.2520    1475.88    1475.87     3.3442  1030.8544    34.4118 0.0000e+00
      24015 292.027403  -44.22934  -56.00500      0.818    1480.18    778.000    770.294     3.3877     3.3884     0.0008     3.3342     3.3349     0.0008   3.172902   3.172840  -0.000072    34.2466    34.2449     5.0686    27.2526    27.2512    34.2461    27.2523    1475.85    1475.85     3.3341  1030.8595    34.4109 0.0000e+00
      24040 292.027415  -44.22934  -56.00500      0.932    1480.18    779.000    771.282     3.3850     3.3858     0.0008     3.3314     3.3322     0.0008   3.172619   3.172621   0.000004    34.2456    34.2448     5.0688    27.2521    27.2514    34.2450    27.2517    1475.85    1475.85     3.3313  1030.8635    34.4098 0.0000e+00
      24067 292.027427  -44.22935  -56.00500      0.940    1480.18    780.000    772.270     3.3815     3.3825     0.0009     3.3279     3.3288     0.0009   3.172373   3.172412   0.000032    34.2454    34.2448     5.0742    27.2523    27.2517    34.2451    27.2521    1475.85    1475.86     3.3278  1030.8686    34.4100 0.0000e+00
      24102 292.027444  -44.22936  -56.00500      0.733    1480.18    781.000    773.259     3.3825     3.3833     0.0008     3.3289     3.3296     0.0008   3.172522   3.172553   0.000037    34.2455    34.2452     5.0753    27.2523    27.2519    34.2454    27.2522    1475.88    1475.88     3.3287  1030.8733    34.4102 0.0000e+00
      24139 292.027462  -44.22937  -56.00500      0.620    1480.18    782.000    774.247     3.3778     3.3783     0.0005     3.3241     3.3246     0.0005   3.172243   3.172122  -0.000112    34.2473    34.2455     5.0856    27.2542    27.2527    34.2464    27.2535    1475.87    1475.87     3.3240  1030.8793    34.4113 0.0000e+00
      24167 292.027476  -44.22938  -56.00500      0.781    1480.18    783.000    775.235     3.3649     3.3656     0.0007     3.3112     3.3119     0.0007   3.171138   3.171046  -0.000105    34.2474    34.2454     5.0791    27.2555    27.2538    34.2462    27.2545    1475.83    1475.83     3.3110  1030.8852    34.4111 0.0000e+00
      24191 292.027488  -44.22938  -56.00500      0.941    1480.18    784.000    776.223     3.3639     3.3647     0.0008     3.3101     3.3109     0.0008   3.171027   3.171081   0.000057    34.2460    34.2459     5.0765    27.2544    27.2543    34.2454    27.2540    1475.85    1475.85     3.3100  1030.8893    34.4103 0.0000e+00
      24215 292.027499  -44.22938  -56.00501      1.025    1480.18    785.000    777.212     3.3607     3.3614     0.0007     3.3068     3.3075     0.0007   3.170832   3.170826  -0.000009    34.2467    34.2458     5.0818    27.2553    27.2546    34.2459    27.2547    1475.85    1475.85     3.3067  1030.8947    34.4108 0.0000e+00
      24242 292.027512  -44.22938  -56.00502      0.947    1480.18    786.000    778.200     3.3598     3.3606     0.0008     3.3058     3.3066     0.0008   3.170775   3.170804   0.000027    34.2463    34.2458     5.0841    27.2551    27.2546    34.2457    27.2546    1475.86    1475.86     3.3057  1030.8992    34.4106 0.0000e+00
      24274 292.027527  -44.22938  -56.00502      0.766    1480.18    787.000    779.188     3.3595     3.3603     0.0008     3.3055     3.3063     0.0008   3.170818   3.170862   0.000043    34.2464    34.2461     5.0782    27.2552    27.2549    34.2459    27.2548    1475.88    1475.88     3.3054  1030.9040    34.4108 0.0000e+00
      24304 292.027542  -44.22939  -56.00502      0.774    1480.18    788.000    780.176     3.3592     3.3600     0.0008     3.3051     3.3059     0.0008   3.170866   3.170915   0.000050    34.2467    34.2464     5.0807    27.2555    27.2552    34.2464    27.2552    1475.89    1475.89     3.3050  1030.9090    34.4113 0.0000e+00
      24331 292.027555  -44.22940  -56.00502      0.853    1480.18    789.000    781.164     3.3584     3.3592     0.0008     3.3042     3.3051     0.0008   3.170897   3.170929   0.000030    34.2474    34.2469     5.0839    27.2562    27.2556    34.2470    27.2558    1475.91    1475.91     3.3041  1030.9143    34.4120 0.0000e+00
      24359 292.027569  -44.22940  -56.00503      0.872    1480.18    790.000    782.153     3.3584     3.3593     0.0009     3.3042     3.3050     0.0009   3.170971   3.171043   0.000074    34.2476    34.2475     5.0782    27.2563    27.2561    34.2474    27.2561    1475.92    1475.93     3.3041  1030.9191    34.4123 0.0000e+00
      24392 292.027584  -44.22940  -56.00504      0.768    1480.18    791.000    783.141     3.3591     3.3599     0.0009     3.3048     3.3056     0.0009   3.171122   3.171182   0.000061    34.2481    34.2480     5.0641    27.2567    27.2565    34.2480    27.2565    1475.94    1475.95     3.3047  1030.9241    34.4129 0.0000e+00
      24425 292.027600  -44.22942  -56.00504      0.714    1480.18    792.000    784.129     3.3594     3.3602     0.0008     3.3050     3.3058     0.0008   3.171237   3.171272   0.000037    34.2487    34.2483     5.0628    27.2571    27.2567    34.2485    27.2569    1475.96    1475.97     3.3049  1030.9291    34.4134 0.0000e+00
      24451 292.027613  -44.22942  -56.00504      0.835    1480.18    793.000    785.117     3.3581     3.3588     0.0008     3.3036     3.3044     0.0007   3.171220   3.171237   0.000020    34.2494    34.2488     5.0618    27.2578    27.2573    34.2491    27.2576    1475.97    1475.98     3.3035  1030.9344    34.4141 0.0000e+00
      24474 292.027624  -44.22942  -56.00504      0.981    1480.18    794.000    786.105     3.3548     3.3553     0.0006     3.3003     3.3008     0.0006   3.171012   3.170984  -0.000025    34.2502    34.2493     5.0612    27.2587    27.2580    34.2496    27.2583    1475.98    1475.98     3.3002  1030.9397    34.4145 0.0000e+00
      24497 292.027635  -44.22943  -56.00504      1.055    1480.18    795.000    787.094     3.3489     3.3495     0.0006     3.2944     3.2950     0.0006   3.170636   3.170632  -0.000010    34.2514    34.2506     5.0607    27.2603    27.2596    34.2508    27.2597    1475.97    1475.97     3.2942  1030.9459    34.4157 0.0000e+00
      24525 292.027648  -44.22944  -56.00504      0.949    1480.18    796.000    788.082     3.3454     3.3461     0.0007     3.2907     3.2915     0.0007   3.170452   3.170471   0.000019    34.2523    34.2517     5.0607    27.2613    27.2608    34.2517    27.2608    1475.97    1475.97     3.2907  1030.9517    34.4167 0.0000e+00
      24563 292.027667  -44.22944  -56.00504      0.660    1480.18    797.000    789.070     3.3448     3.3456     0.0008     3.2901     3.2909     0.0008   3.170488   3.170527   0.000039    34.2526    34.2522     5.0551    27.2616    27.2612    34.2522    27.2613    1475.99    1475.99     3.2900  1030.9565    34.4169 0.0000e+00
      24600 292.027685  -44.22945 -9.990e-29      0.627    1480.18    798.000    790.058     3.3460     3.3469     0.0009     3.2912     3.2922     0.0009   3.170680   3.170746   0.000062    34.2528    34.2526     5.0456    27.2617    27.2614    34.2527    27.2616    1476.01    1476.01     3.2911  1030.9612    34.4172 0.0000e+00
      24631 292.027700  -44.22946 -9.990e-29      0.736    1480.18    799.000    791.046     3.3514     3.3522     0.0008     3.2966     3.2974     0.0008   3.171315   3.171426   0.000117    34.2538    34.2543     5.0364    27.2619    27.2623    34.2541    27.2622    1476.05    1476.06     3.2964  1030.9663    34.4186 0.0000e+00
      24659 292.027713  -44.22946  -56.00506      0.837    1480.18    800.000    792.035     3.3530     3.3538     0.0008     3.2981     3.2989     0.0008   3.171646   3.171704   0.000056    34.2557    34.2556     5.0383    27.2634    27.2632    34.2559    27.2635    1476.08    1476.08     3.2980  1030.9723    34.4207 0.0000e+00
      24685 292.027726  -44.22946  -56.00506      0.898    1480.18    801.000    793.023     3.3542     3.3551     0.0009     3.2992     3.3001     0.0009   3.171879   3.171931   0.000052    34.2568    34.2565     5.0311    27.2641    27.2638    34.2570    27.2642    1476.10    1476.10     3.2991  1030.9778    34.4220 0.0000e+00
      24711 292.027738  -44.22946  -56.00506      0.927    1480.18    802.000    794.011     3.3556     3.3566     0.0010     3.3005     3.3014     0.0010   3.172128   3.172195   0.000065    34.2576    34.2573     5.0154    27.2646    27.2643    34.2580    27.2649    1476.12    1476.13     3.3004  1030.9831    34.4230 0.0000e+00
      24734 292.027749  -44.22946  -56.00506      0.986    1480.18    803.000    794.999     3.3584     3.3594     0.0009     3.3032     3.3041     0.0009   3.172486   3.172571   0.000084    34.2584    34.2584     5.0092    27.2650    27.2650    34.2588    27.2653    1476.15    1476.16     3.3031  1030.9880    34.4238 0.0000e+00
      24760 292.027762  -44.22947  -56.00506      0.977    1480.18    804.000    795.975     3.3597     3.3606     0.0009     3.3044     3.3053     0.0009   3.172685   3.172749   0.000065    34.2590    34.2589     4.9988    27.2654    27.2652    34.2593    27.2656    1476.18    1476.18     3.3043  1030.9929    34.4244 0.0000e+00
      24843 292.027802  -44.22949  -56.00508      0.213    1480.18    805.000    796.983     3.3581     3.3589     0.0007     3.3028     3.3035     0.0007   3.172522   3.172540   0.000024    34.2585    34.2580     4.9829    27.2651    27.2647    34.2585    27.2651    1476.18    1476.19     3.3027  1030.9970    34.4235 0.0000e+00
      24884 292.027822  -44.22950  -56.00508      0.620    1480.18    806.000    797.963     3.3559     3.3567     0.0008     3.3005     3.3013     0.0008   3.172562   3.172580   0.000019    34.2610    34.2604     4.9934    27.2673    27.2668    34.2608    27.2671    1476.19    1476.20     3.3004  1031.0036    34.4258 0.0000e+00
      24902 292.027830  -44.22950  -56.00508      1.016    1480.18    807.000    798.951     3.3540     3.3548     0.0008     3.2985     3.2994     0.0008   3.172445   3.172493   0.000038    34.2610    34.2606     4.9924    27.2675    27.2671    34.2609    27.2674    1476.20    1476.21     3.2984  1031.0085    34.4259 0.0000e+00
      24919 292.027839  -44.22950  -56.00508      1.304    1480.18    808.000    799.939     3.3534     3.3544     0.0009     3.2979     3.2988     0.0009   3.172453   3.172503   0.000052    34.2611    34.2607     4.9896    27.2676    27.2672    34.2610    27.2676    1476.22    1476.22     3.2978  1031.0133    34.4261 0.0000e+00
      24938 292.027848  -44.22952  -56.00508      1.364    1480.18    809.000    800.928     3.3531     3.3539     0.0009     3.2975     3.2983     0.0009   3.172478   3.172510   0.000033    34.2613    34.2607     4.9791    27.2678    27.2673    34.2612    27.2677    1476.23    1476.24     3.2974  1031.0181    34.4262 0.0000e+00
      24976 292.027866  -44.22952  -56.00508      0.773    1480.18    810.000    801.916     3.3535     3.3546     0.0011     3.2978     3.2989     0.0011   3.172544   3.172597   0.000053    34.2610    34.2605     4.9651    27.2676    27.2671    34.2610    27.2676    1476.25    1476.26     3.2977  1031.0225    34.4261 0.0000e+00
      25019 292.027887  -44.22952  -56.00510      0.506    1480.18    811.000    802.904     3.3534     3.3542     0.0008     3.2976     3.2984     0.0008   3.172618   3.172640   0.000024    34.2615    34.2610     4.9633    27.2680    27.2675    34.2615    27.2680    1476.27    1476.27     3.2974  1031.0276    34.4266 0.0000e+00
      25045 292.027899  -44.22952  -56.00510      0.812    1480.18    812.000    803.892     3.3538     3.3546     0.0008     3.2980     3.2987     0.0008   3.172750   3.172776   0.000025    34.2619    34.2614     4.9612    27.2683    27.2678    34.2621    27.2685    1476.29    1476.29     3.2978  1031.0326    34.4272 0.0000e+00
      25067 292.027910  -44.22952  -56.00510      1.013    1480.18    813.000    804.880     3.3528     3.3537     0.0009     3.2969     3.2978     0.0009   3.172776   3.172790   0.000017    34.2631    34.2624     4.9632    27.2693    27.2687    34.2630    27.2692    1476.30    1476.30     3.2968  1031.0380    34.4281 0.0000e+00
      25096 292.027924  -44.22953  -56.00510      0.924    1480.18    814.000    805.867     3.3517     3.3528     0.0011     3.2957     3.2968     0.0011   3.172721   3.172758   0.000034    34.2630    34.2623     4.9653    27.2694    27.2687    34.2629    27.2693    1476.31    1476.32     3.2956  1031.0427    34.4281 0.0000e+00
      25151 292.027950  -44.22954  -56.00510      0.336    1480.18    815.000    806.861     3.3517     3.3526     0.0009     3.2956     3.2965     0.0009   3.172739   3.172792   0.000055    34.2627    34.2624     4.9592    27.2692    27.2688    34.2626    27.2691    1476.33    1476.33     3.2955  1031.0464    34.4270 0.0000e+00
      25180 292.027964 -9.990e-29  -56.00510      0.687    1479.93    816.000    807.844     3.3501     3.3509     0.0008     3.2940     3.2948     0.0008   3.172728   3.172757   0.000030    34.2637    34.2632     4.9553    27.2701    27.2696    34.2637    27.2701    1476.34    1476.34     3.2938  1031.0497    34.4251 0.0000e+00
      25201 292.027975 -9.990e-29  -56.00512      0.980    1479.93    817.000    808.832     3.3509     3.3517     0.0009     3.2946     3.2955     0.0009   3.172907   3.172974   0.000065    34.2643    34.2642     4.9551    27.2705    27.2704    34.2645    27.2707    1476.36    1476.36     3.2945  1031.0550    34.4261 0.0000e+00
      25222 292.027985 -9.990e-29  -56.00512      1.139    1479.93    818.000    809.820     3.3516     3.3525     0.0009     3.2952     3.2962     0.0009   3.173073   3.173112   0.000041    34.2652    34.2647     4.9504    27.2711    27.2707    34.2652    27.2712    1476.38    1476.38     3.2952  1031.0601    34.4268 0.0000e+00
      25251 292.027999  -44.22956  -56.00512      0.958    1479.93    819.000    810.808     3.3505     3.3516     0.0011     3.2941     3.2952     0.0011   3.173134   3.173176   0.000046    34.2667    34.2660     4.9438    27.2724    27.2718    34.2666    27.2724    1476.39    1476.40     3.2940  1031.0668    34.4294 0.0000e+00
      25289 292.028017  -44.22957  -56.00512      0.599    1479.93    820.000    811.797     3.3465     3.3476     0.0011     3.2901     3.2912     0.0011   3.172943   3.172923  -0.000020    34.2682    34.2669     4.9370    27.2741    27.2729    34.2679    27.2738    1476.39    1476.40     3.2900  1031.0749    34.4332 0.0000e+00
      25316 292.028030  -44.22958  -56.00512      0.788    1479.93    821.000    812.784     3.3455     3.3464     0.0008     3.2890     3.2899     0.0008   3.172892   3.172924   0.000025    34.2680    34.2675     4.9334    27.2740    27.2735    34.2678    27.2739    1476.41    1476.41     3.2889  1031.0795    34.4330 0.0000e+00
