Pos-Processados/process_op42/operantar42_008.ros
* Sea-Bird SBE 9 Data File:
* FileName = C:\Users\Hidrografia\Desktop\OPXLII\Brutos\OP42008.hdr
* Software Version Seasave V 7.26.7.107
* Temperature SN = 6502
* Conductivity SN = 4998
* Number of Bytes Per Scan = 31
* Number of Voltage Words = 2
* Number of Scans Averaged by the Deck Unit = 1
* NMEA Latitude = 42 37.54 S
* NMEA Longitude = 054 58.51 W
* NMEA UTC (Time) = Oct 18 2023 09:23:08
* NMEA baud rate = 4800
** H41
** NPOALTEMAXIMIANO
** NUMERO DA ESTACAO (XXX) 008
** LAT (XX XX.XX S/N) 42 37.540 S
** LONG (XXX XX.XX W/E) 054 58.30 W
** DATAHORA (dd/mm/aaaa hh:mm Z) 18/10/2023 09:00 Z
** PROFUNDIDADE (m) 5142
** OPERADOR ZAMITH
# nquan = 24
# nvalues = 4227                                  
# units = specified
# name 0 = scan: Scan Count
# name 1 = timeJ: Julian Days
# name 2 = latitude: Latitude [deg]
# name 3 = longitude: Longitude [deg]
# name 4 = dz/dtM: Descent Rate [m/s]
# name 5 = avgsvCM: Average Sound Velocity [Chen-Millero, m/s]
# name 6 = prDM: Pressure, Digiquartz [db]
# name 7 = depSM: Depth [salt water, m]
# name 8 = t090C: Temperature [ITS-90, deg C]
# name 9 = t190C: Temperature, 2 [ITS-90, deg C]
# name 10 = T2-T190C: Temperature Difference, 2 - 1 [ITS-90, deg C]
# name 11 = potemp090C: Potential Temperature [ITS-90, deg C]
# name 12 = potemp190C: Potential Temperature, 2 [ITS-90, deg C]
# name 13 = potemp90Cdiff: Potential Temperature, Diff, 2 - 1 [ITS-90, deg C]
# name 14 = c0S/m: Conductivity [S/m]
# name 15 = c1S/m: Conductivity, 2 [S/m]
# name 16 = C2-C1S/m: Conductivity Difference, 2 - 1 [S/m]
# name 17 = sal00: Salinity, Practical [PSU]
# name 18 = sal11: Salinity, Practical, 2 [PSU]
# name 19 = sbeox0ML/L: Oxygen, SBE 43 [ml/l]
# name 20 = sigma-é00: Density [sigma-theta, kg/m^3]
# name 21 = sigma-é11: Density, 2 [sigma-theta, kg/m^3]
# name 22 = nbf: Bottles Fired
# name 23 = flag:  0.000e+00
# interval = seconds: 0.0416667
# start_time = Oct 18 2023 09:23:08 [NMEA time, header]
# bad_flag = -9.990e-29
*END*
[from data line 3442]
      67084 291.423416  -42.62404  -54.95640     -0.022    1484.86     62.029     61.530    11.4277    11.4266    -0.0011    11.4199    11.4188    -0.0011   3.949865   3.949580  -0.000285    35.0210    35.0192     5.4328    26.7148    26.7136         20  0.000e+00
      67085 291.423416  -42.62404  -54.95640     -0.018    1484.86     62.094     61.594    11.4272    11.4268    -0.0004    11.4194    11.4190    -0.0004   3.949832   3.949606  -0.000226    35.0211    35.0192     5.4326    26.7150    26.7136         20  0.000e+00
      67086 291.423417  -42.62404  -54.95640     -0.016    1484.86     61.997     61.498    11.4268    11.4265    -0.0004    11.4191    11.4187    -0.0004   3.949806   3.949561  -0.000245    35.0212    35.0192     5.4328    26.7152    26.7136         20  0.000e+00
      67087 291.423417  -42.62404  -54.95640     -0.012    1484.86     62.029     61.530    11.4267    11.4263    -0.0004    11.4189    11.4185    -0.0004   3.949689   3.949548  -0.000141    35.0202    35.0192     5.4325    26.7144    26.7137         20  0.000e+00
      67088 291.423418  -42.62404  -54.95640     -0.004    1484.86     62.150     61.650    11.4267    11.4258    -0.0009    11.4189    11.4180    -0.0009   3.949734   3.949522  -0.000212    35.0206    35.0194     5.4322    26.7147    26.7139         20  0.000e+00
      67089 291.423418  -42.62404  -54.95640     -0.002    1484.86     62.030     61.530    11.4265    11.4254    -0.0011    11.4187    11.4177    -0.0011   3.949708   3.949439  -0.000269    35.0206    35.0189     5.4317    26.7147    26.7136         20  0.000e+00
      67090 291.423419  -42.62404  -54.95640     -0.002    1484.86     62.030     61.530    11.4269    11.4252    -0.0017    11.4191    11.4174    -0.0017   3.949715   3.949458  -0.000257    35.0203    35.0194     5.4316    26.7144    26.7140         20  0.000e+00
      67091 291.423419  -42.62404  -54.95640      0.007    1484.86     62.118     61.618    11.4274    11.4251    -0.0023    11.4196    11.4173    -0.0023   3.949780   3.949452  -0.000328    35.0204    35.0193     5.4310    26.7144    26.7140         20  0.000e+00
      67092 291.423420  -42.62404  -54.95640      0.015    1484.86     62.094     61.594    11.4275    11.4253    -0.0022    11.4197    11.4175    -0.0022   3.949845   3.949445  -0.000400    35.0209    35.0191     5.4308    26.7148    26.7138         20  0.000e+00
      67093 291.423420  -42.62404  -54.95640      0.019    1484.86     62.094     61.594    11.4279    11.4255    -0.0024    11.4201    11.4177    -0.0024   3.949865   3.949413  -0.000451    35.0208    35.0186     5.4306    26.7146    26.7134         20  0.000e+00
      67094 291.423421  -42.62404  -54.95640      0.021    1484.86     62.094     61.594    11.4278    11.4254    -0.0024    11.4200    11.4176    -0.0024   3.949760   3.949484  -0.000277    35.0198    35.0193     5.4300    26.7139    26.7139         20  0.000e+00
      67095 291.423421  -42.62404  -54.95640      0.028    1484.86     62.094     61.594    11.4268    11.4258    -0.0011    11.4190    11.4180    -0.0011   3.949676   3.949516  -0.000160    35.0199    35.0193     5.4342    26.7141    26.7139         20  0.000e+00
      67096 291.423422  -42.62404  -54.95640      0.033    1484.86     62.118     61.618    11.4264    11.4259    -0.0004    11.4186    11.4181    -0.0004   3.949656   3.949510  -0.000147    35.0201    35.0191     5.4300    26.7144    26.7137         20  0.000e+00
      67097 291.423422  -42.62404  -54.95640      0.037    1484.86     62.094     61.594    11.4262    11.4261    -0.0000    11.4184    11.4183    -0.0000   3.949637   3.949510  -0.000127    35.0201    35.0189     5.4297    26.7144    26.7135         20  0.000e+00
      67098 291.423423  -42.62404  -54.95640      0.045    1484.86     62.151     61.650    11.4260    11.4266     0.0006    11.4182    11.4188     0.0006   3.949572   3.949593   0.000021    35.0197    35.0193     5.4341    26.7141    26.7137         20  0.000e+00
      67099 291.423423  -42.62404  -54.95640      0.051    1484.86     62.151     61.650    11.4262    11.4270     0.0007    11.4184    11.4192     0.0007   3.949578   3.949638   0.000060    35.0195    35.0194     5.4341    26.7139    26.7137         20  0.000e+00
      67100 291.423424  -42.62404  -54.95640      0.055    1484.86     62.119     61.619    11.4260    11.4273     0.0013    11.4182    11.4195     0.0013   3.949611   3.949651   0.000040    35.0201    35.0192     5.4297    26.7144    26.7135         20  0.000e+00
      67101 291.423424  -42.62404  -54.95640      0.061    1484.86     62.151     61.651    11.4262    11.4273     0.0011    11.4184    11.4194     0.0011   3.949598   3.949702   0.000104    35.0197    35.0197     5.4292    26.7141    26.7139         20  0.000e+00
      67102 291.423424  -42.62404  -54.95640      0.066    1484.86     62.151     61.651    11.4257    11.4276     0.0019    11.4179    11.4198     0.0019   3.949533   3.949721   0.000189    35.0196    35.0196     5.4287    26.7141    26.7138         20  0.000e+00
      67103 291.423425  -42.62404  -54.95640      0.070    1484.86     62.151     61.651    11.4256    11.4273     0.0017    11.4178    11.4194     0.0017   3.949494   3.949664   0.000170    35.0193    35.0194     5.4286    26.7139    26.7136         20  0.000e+00
      67104 291.423425  -42.62404  -54.95640      0.078    1484.86     62.215     61.715    11.4249    11.4273     0.0025    11.4170    11.4195     0.0024   3.949455   3.949651   0.000196    35.0195    35.0192     5.4281    26.7142    26.7135         20  0.000e+00
      67105 291.423426  -42.62404  -54.95640      0.084    1484.86     62.175     61.675    11.4239    11.4268     0.0030    11.4161    11.4190     0.0030   3.949370   3.949593   0.000223    35.0197    35.0191     5.4323    26.7145    26.7135         20  0.000e+00
      67106 291.423426  -42.62404  -54.95640      0.088    1484.86     62.151     61.651    11.4217    11.4266     0.0049    11.4139    11.4188     0.0049   3.949214   3.949606   0.000392    35.0201    35.0194     5.4328    26.7153    26.7138         20  0.000e+00
      67107 291.423427  -42.62404  -54.95640      0.095    1484.86     62.215     61.715    11.4200    11.4265     0.0065    11.4122    11.4187     0.0065   3.948966   3.949561   0.000595    35.0193    35.0191     5.4288    26.7150    26.7135         20  0.000e+00
      67108 291.423427  -42.62404  -54.95640      0.100    1484.86     62.215     61.715    11.4188    11.4256     0.0068    11.4110    11.4178     0.0067   3.948843   3.949516   0.000673    35.0192    35.0194     5.4331    26.7151    26.7140         20  0.000e+00
      67109 291.423428  -42.62404  -54.95640      0.108    1484.86     62.240     61.739    11.4179    11.4250     0.0071    11.4101    11.4171     0.0071   3.948830   3.949433   0.000603    35.0199    35.0192     5.4333    26.7158    26.7140         20  0.000e+00
      67110 291.423428  -42.62404  -54.95640      0.111    1484.86     62.216     61.715    11.4171    11.4246     0.0075    11.4093    11.4168     0.0075   3.948699   3.949433   0.000733    35.0194    35.0196     5.4334    26.7155    26.7143         20  0.000e+00
      67111 291.423429  -42.62404  -54.95640      0.120    1484.86     62.272     61.771    11.4163    11.4252     0.0088    11.4085    11.4173     0.0088   3.948628   3.949465   0.000837    35.0194    35.0193     5.4336    26.7157    26.7140         20  0.000e+00
      67112 291.423429  -42.62404  -54.95640      0.122    1484.86     62.216     61.715    11.4150    11.4253     0.0103    11.4072    11.4175     0.0103   3.948543   3.949452   0.000909    35.0199    35.0191     5.4337    26.7163    26.7138         20  0.000e+00
      67113 291.423430  -42.62404  -54.95640      0.130    1484.86     62.272     61.771    11.4141    11.4256     0.0115    11.4062    11.4178     0.0115   3.948413   3.949522   0.001109    35.0194    35.0195     5.4295    26.7161    26.7140         20  0.000e+00
      67114 291.423430  -42.62404  -54.95640      0.135    1484.86     62.296     61.795    11.4138    11.4260     0.0122    11.4060    11.4182     0.0122   3.948380   3.949490   0.001110    35.0193    35.0188     5.4291    26.7161    26.7134         20  0.000e+00
      67115 291.423431  -42.62404  -54.95640      0.141    1484.86     62.272     61.771    11.4140    11.4254     0.0115    11.4061    11.4176     0.0115   3.948406   3.949478   0.001071    35.0195    35.0192     5.4285    26.7162    26.7138         20  0.000e+00
      67116 291.423431  -42.62404  -54.95640      0.150    1484.86     62.329     61.827    11.4145    11.4245     0.0100    11.4067    11.4166     0.0100   3.948439   3.949375   0.000936    35.0193    35.0191     5.4280    26.7159    26.7139         20  0.000e+00
      67117 291.423432  -42.62404  -54.95640      0.149    1484.86     62.216     61.715    11.4144    11.4233     0.0090    11.4066    11.4155     0.0089   3.948472   3.949234   0.000762    35.0197    35.0188     5.4278    26.7163    26.7139         20  0.000e+00
      67118 291.423432  -42.62404  -54.95640      0.156    1484.86     62.361     61.859    11.4143    11.4232     0.0089    11.4065    11.4153     0.0088   3.948380   3.949176   0.000795    35.0189    35.0183     5.4318    26.7157    26.7136         20  0.000e+00
      67119 291.423433  -42.62404  -54.95640      0.159    1484.86     62.272     61.771    11.4140    11.4232     0.0092    11.4061    11.4153     0.0092   3.948348   3.949144   0.000796    35.0189    35.0181     5.4320    26.7157    26.7134         20  0.000e+00
      67120 291.423433  -42.62404  -54.95640      0.162    1484.86     62.329     61.827    11.4139    11.4200     0.0060    11.4061    11.4121     0.0060   3.948322   3.948983   0.000662    35.0187    35.0195     5.4280    26.7156    26.7151         20  0.000e+00
      67121 291.423434  -42.62404  -54.95640      0.169    1484.86     62.329     61.827    11.4136    11.4174     0.0037    11.4058    11.4096     0.0037   3.948283   3.948720   0.000437    35.0185    35.0193     5.4279    26.7155    26.7154         20  0.000e+00
      67122 291.423434  -42.62404  -54.95640      0.170    1484.86     62.329     61.827    11.4136    11.4168     0.0032    11.4058    11.4090     0.0032   3.948276   3.948579   0.000303    35.0185    35.0184     5.4321    26.7155    26.7148         20  0.000e+00
      67123 291.423435  -42.62404  -54.95640      0.175    1484.86     62.361     61.859    11.4136    11.4174     0.0037    11.4058    11.4095     0.0037   3.948198   3.948573   0.000374    35.0177    35.0178     5.4325    26.7149    26.7143         20  0.000e+00
      67124 291.423435  -42.62404  -54.95640      0.182    1484.86     62.393     61.891    11.4127    11.4178     0.0051    11.4049    11.4100     0.0051   3.948120   3.948663   0.000542    35.0177    35.0183     5.4328    26.7151    26.7146         20  0.000e+00
      67125 291.423436  -42.62404  -54.95640      0.188    1484.86     62.393     61.891    11.4120    11.4189     0.0069    11.4041    11.4111     0.0069   3.948048   3.948765   0.000717    35.0178    35.0183     5.4332    26.7152    26.7144         20  0.000e+00
      67126 291.423436  -42.62404  -54.95640      0.191    1484.86     62.393     61.891    11.4108    11.4192     0.0084    11.4030    11.4114     0.0084   3.947957   3.948765   0.000808    35.0180    35.0180     5.4292    26.7156    26.7141         20  0.000e+00
      67127 291.423437  -42.62404  -54.95640      0.193    1484.86     62.418     61.915    11.4103    11.4187     0.0084    11.4024    11.4108     0.0084   3.947905   3.948701   0.000796    35.0179    35.0179     5.4290    26.7157    26.7141         20  0.000e+00
      67128 291.423437  -42.62404  -54.95640      0.196    1484.86     62.393     61.891    11.4098    11.4174     0.0076    11.4019    11.4095     0.0076   3.947847   3.948585   0.000739    35.0179    35.0180     5.4289    26.7157    26.7144         20  0.000e+00
      67129 291.423437  -42.62404  -54.95640      0.202    1484.86     62.393     61.891    11.4093    11.4160     0.0067    11.4014    11.4082     0.0067   3.947775   3.948444   0.000669    35.0176    35.0179     5.4283    26.7156    26.7146         20  0.000e+00
      67130 291.423438  -42.62404  -54.95640      0.203    1484.86     62.393     61.891    11.4086    11.4139     0.0053    11.4008    11.4061     0.0053   3.947658   3.948233   0.000575    35.0171    35.0178     5.4277    26.7153    26.7149         20  0.000e+00
      67131 291.423438  -42.62404  -54.95640      0.205    1484.86     62.393     61.891    11.4078    11.4138     0.0060    11.3999    11.4060     0.0060   3.947671   3.948175   0.000504    35.0180    35.0173     5.4314    26.7162    26.7145         20  0.000e+00
      67132 291.423439  -42.62404  -54.95640      0.206    1484.86     62.474     61.971    11.4069    11.4151     0.0082    11.3991    11.4072     0.0082   3.947560   3.948252   0.000691    35.0177    35.0168     5.4313    26.7161    26.7139         20  0.000e+00
      67133 291.423439  -42.62404  -54.95640      0.204    1484.86     62.394     61.891    11.4066    11.4160     0.0094    11.3988    11.4082     0.0094   3.947521   3.948406   0.000885    35.0176    35.0175     5.4314    26.7161    26.7143         20  0.000e+00
      67134 291.423440  -42.62404  -54.95640      0.209    1484.86     62.450     61.947    11.4064    11.4149     0.0085    11.3986    11.4071     0.0085   3.947463   3.948367   0.000905    35.0172    35.0181     5.4315    26.7158    26.7149         20  0.000e+00
      67135 291.423440  -42.62404  -54.95640      0.207    1484.86     62.450     61.947    11.4060    11.4157     0.0097    11.3981    11.4078     0.0097   3.947469   3.948367   0.000898    35.0177    35.0174     5.4316    26.7163    26.7143         20  0.000e+00
      67136 291.423441  -42.62404  -54.95640      0.207    1484.86     62.474     61.971    11.4064    11.4172     0.0108    11.3986    11.4094     0.0108   3.947508   3.948476   0.000968    35.0176    35.0170     5.4316    26.7162    26.7136         20  0.000e+00
      67137 291.423441  -42.62404  -54.95640      0.212    1484.86     62.450     61.947    11.4074    11.4187     0.0113    11.3996    11.4109     0.0113   3.947567   3.948592   0.001025    35.0173    35.0167     5.4272    26.7157    26.7132         20  0.000e+00
      67138 291.423442  -42.62404  -54.95640      0.209    1484.86     62.450     61.947    11.4076    11.4193     0.0117    11.3998    11.4114     0.0117   3.947534   3.948695   0.001160    35.0168    35.0172     5.4268    26.7153    26.7134         20  0.000e+00
      67139 291.423442  -42.62404  -54.95640      0.205    1484.86     62.450     61.947    11.4074    11.4187     0.0113    11.3996    11.4109     0.0113   3.947489   3.948720   0.001232    35.0165    35.0180     5.4264    26.7151    26.7142         20  0.000e+00
      67140 291.423443  -42.62404  -54.95640      0.209    1484.86     62.515     62.011    11.4066    11.4183     0.0117    11.3987    11.4105     0.0117   3.947404   3.948669   0.001265    35.0164    35.0178     5.4262    26.7152    26.7141         20  0.000e+00
      67141 291.423443  -42.62404  -54.95640      0.205    1484.86     62.418     61.916    11.4056    11.4179     0.0122    11.3978    11.4100     0.0122   3.947352   3.948624   0.001272    35.0169    35.0179     5.4258    26.7157    26.7142         20  0.000e+00
      67142 291.423444  -42.62404  -54.95640      0.206    1484.86     62.515     62.011    11.4051    11.4175     0.0124    11.3973    11.4096     0.0124   3.947267   3.948566   0.001299    35.0165    35.0176     5.4256    26.7155    26.7141         20  0.000e+00
