Pos-Processados/process_op42/operantar42_026.ros
* Sea-Bird SBE 9 Data File:
* FileName = C:\Users\Hidrografia\Desktop\OPXLII\Brutos\OP42026.hdr
* Software Version Seasave V 7.26.7.107
* Temperature SN = 6502
* Conductivity SN = 4998
* Number of Bytes Per Scan = 37
* Number of Voltage Words = 4
* Number of Scans Averaged by the Deck Unit = 1
* NMEA Latitude = 62 13.40 S
* NMEA Longitude = 058 12.50 W
* NMEA UTC (Time) = Nov 08 2023 16:16:15
* NMEA baud rate = 4800
** H41
** NPOALTEMAXIMIANO
** NUMERO DA ESTACAO (XXX) 026
** LAT (XX XX.XX S/N) 62  13.401 S
** LONG (XXX XX.XX W/E) 058  12.553 W
** DATAHORA (dd/mm/aaaa hh:mm Z) 08/11/2023 1615Z
** PROFUNDIDADE (m) 390
** OPERADOR 1T ZAMITH
# nquan = 24
# nvalues = 4040                                  
# units = specified
# name 0 = scan: Scan Count
# name 1 = timeJ: Julian Days
# name 2 = latitude: Latitude [deg]
# name 3 = longitude: Longitude [deg]
# name 4 = dz/dtM: Descent Rate [m/s]
# name 5 = avgsvCM: Average Sound Velocity [Chen-Millero, m/s]
# name 6 = prDM: Pressure, Digiquartz [db]
# name 7 = depSM: Depth [salt water, m]
# name 8 = t090C: Temperature [ITS-90, deg C]
# name 9 = t190C: Temperature, 2 [ITS-90, deg C]
# name 10 = T2-T190C: Temperature Difference, 2 - 1 [ITS-90, deg C]
# name 11 = potemp090C: Potential Temperature [ITS-90, deg C]
# name 12 = potemp190C: Potential Temperature, 2 [ITS-90, deg C]
# name 13 = potemp90Cdiff: Potential Temperature, Diff, 2 - 1 [ITS-90, deg C]
# name 14 = c0S/m: Conductivity [S/m]
# name 15 = c1S/m: Conductivity, 2 [S/m]
# name 16 = C2-C1S/m: Conductivity Difference, 2 - 1 [S/m]
# name 17 = sal00: Salinity, Practical [PSU]
# name 18 = sal11: Salinity, Practical, 2 [PSU]
# name 19 = sbeox0ML/L: Oxygen, SBE 43 [ml/l]
# name 20 = sigma-é00: Density [sigma-theta, kg/m^3]
# name 21 = sigma-é11: Density, 2 [sigma-theta, kg/m^3]
# name 22 = nbf: Bottles Fired
# name 23 = flag:  0.000e+00
# interval = seconds: 0.0416667
# start_time = Nov 08 2023 16:16:15 [NMEA time, header]
# bad_flag = -9.990e-29
*END*
[from data line 2959]
      30555 312.692686  -62.22516  -58.19200      0.011    1448.69      8.350      8.270    -0.8858    -0.8839     0.0019    -0.8860    -0.8841     0.0019   2.775142   2.775158   0.000016    34.2778    34.2758     7.7491    27.5636    27.5620         18  0.000e+00
      30556 312.692687  -62.22516  -58.19200      0.017    1448.69      8.350      8.270    -0.8861    -0.8842     0.0019    -0.8863    -0.8844     0.0019   2.775130   2.775135   0.000005    34.2780    34.2758     7.7555    27.5638    27.5620         18  0.000e+00
      30557 312.692687  -62.22516  -58.19200      0.026    1448.69      8.350      8.270    -0.8856    -0.8840     0.0016    -0.8858    -0.8842     0.0016   2.775102   2.775147   0.000045    34.2770    34.2758     7.7489    27.5630    27.5620         18  0.000e+00
      30558 312.692688  -62.22516  -58.19200      0.031    1448.69      8.350      8.270    -0.8860    -0.8842     0.0018    -0.8862    -0.8844     0.0018   2.775056   2.775113   0.000057    34.2768    34.2755     7.7478    27.5629    27.5618         18  0.000e+00
      30559 312.692688  -62.22516  -58.19200      0.036    1448.69      8.350      8.270    -0.8856    -0.8840     0.0016    -0.8858    -0.8842     0.0016   2.775045   2.775119   0.000074    34.2762    34.2754     7.7466    27.5624    27.5617         18  0.000e+00
      30560 312.692689  -62.22516  -58.19200      0.044    1448.69      8.407      8.326    -0.8855    -0.8843     0.0012    -0.8857    -0.8845     0.0012   2.775181   2.775130  -0.000052    34.2780    34.2759     7.7453    27.5638    27.5620         18  0.000e+00
      30561 312.692689  -62.22516  -58.19200      0.049    1448.69      8.350      8.270    -0.8853    -0.8842     0.0012    -0.8856    -0.8844     0.0012   2.775130   2.775107  -0.000023    34.2771    34.2755     7.7517    27.5631    27.5617         18  0.000e+00
      30562 312.692690  -62.22516  -58.19200      0.060    1448.69      8.407      8.326    -0.8852    -0.8843     0.0009    -0.8854    -0.8845     0.0009   2.775113   2.775119   0.000005    34.2766    34.2757     7.7451    27.5627    27.5619         18  0.000e+00
      30563 312.692690  -62.22516  -58.19200      0.064    1448.69      8.407      8.326    -0.8853    -0.8842     0.0011    -0.8855    -0.8844     0.0011   2.775079   2.775107   0.000028    34.2763    34.2754     7.7515    27.5624    27.5617         18  0.000e+00
      30564 312.692690  -62.22516  -58.19200      0.068    1448.69      8.350      8.270    -0.8852    -0.8843     0.0009    -0.8854    -0.8845     0.0009   2.775085   2.775102   0.000017    34.2763    34.2755     7.7459    27.5624    27.5618         18  0.000e+00
      30565 312.692691  -62.22516  -58.19200      0.079    1448.69      8.471      8.390    -0.8850    -0.8846     0.0004    -0.8852    -0.8848     0.0004   2.775198   2.775102  -0.000097    34.2776    34.2758     7.7459    27.5634    27.5620         18  0.000e+00
      30566 312.692691  -62.22516  -58.19200      0.078    1448.69      8.350      8.270    -0.8847    -0.8843     0.0004    -0.8849    -0.8845     0.0004   2.775210   2.775102  -0.000108    34.2775    34.2755     7.7457    27.5633    27.5618         18  0.000e+00
      30567 312.692692  -62.22516  -58.19200      0.089    1448.69      8.479      8.398    -0.8846    -0.8845     0.0002    -0.8849    -0.8847     0.0002   2.775181   2.775102  -0.000080    34.2769    34.2756     7.7459    27.5629    27.5619         18  0.000e+00
      30568 312.692692  -62.22516  -58.19200      0.091    1448.69      8.407      8.326    -0.8845    -0.8845     0.0001    -0.8848    -0.8847     0.0001   2.775176   2.775079  -0.000096    34.2768    34.2754     7.7459    27.5628    27.5616         18  0.000e+00
      30569 312.692693  -62.22516  -58.19200      0.100    1448.69      8.471      8.390    -0.8845    -0.8843     0.0002    -0.8848    -0.8845     0.0002   2.775136   2.775113  -0.000023    34.2762    34.2756     7.7450    27.5623    27.5618         18  0.000e+00
      30570 312.692693  -62.22516  -58.19200      0.105    1448.69      8.471      8.390    -0.8845    -0.8842     0.0003    -0.8847    -0.8844     0.0003   2.775181   2.775107  -0.000074    34.2767    34.2754     7.7451    27.5628    27.5616         18  0.000e+00
      30571 312.692694  -62.22516  -58.19200      0.113    1448.69      8.471      8.390    -0.8841    -0.8838     0.0003    -0.8843    -0.8840     0.0003   2.775238   2.775119  -0.000120    34.2771    34.2751     7.7452    27.5630    27.5614         18  0.000e+00
      30572 312.692694  -62.22516  -58.19198      0.118    1448.69      8.471      8.390    -0.8838    -0.8840    -0.0002    -0.8840    -0.8842    -0.0002   2.775272   2.775147  -0.000126    34.2772    34.2757     7.7453    27.5631    27.5619         18  0.000e+00
      30573 312.692695  -62.22516  -58.19198      0.125    1448.69      8.471      8.390    -0.8829    -0.8838    -0.0009    -0.8831    -0.8840    -0.0009   2.775261   2.775169  -0.000092    34.2760    34.2758     7.7454    27.5621    27.5620         18  0.000e+00
      30574 312.692695  -62.22516  -58.19198      0.128    1448.69      8.471      8.390    -0.8823    -0.8839    -0.0016    -0.8825    -0.8841    -0.0016   2.775272   2.775119  -0.000154    34.2755    34.2752     7.7445    27.5617    27.5615         18  0.000e+00
      30575 312.692696  -62.22516  -58.19198      0.133    1448.69      8.528      8.446    -0.8821    -0.8838    -0.0017    -0.8823    -0.8840    -0.0017   2.775284   2.775102  -0.000182    34.2754    34.2749     7.7502    27.5615    27.5612         18  0.000e+00
      30576 312.692696  -62.22516  -58.19198      0.142    1448.69      8.528      8.446    -0.8822    -0.8840    -0.0017    -0.8825    -0.8842    -0.0017   2.775341   2.775063  -0.000278    34.2763    34.2745     7.7504    27.5623    27.5609         18  0.000e+00
      30577 312.692697  -62.22516  -58.19198      0.146    1448.69      8.528      8.446    -0.8820    -0.8846    -0.0026    -0.8822    -0.8848    -0.0026   2.775380   2.775051  -0.000329    34.2766    34.2751     7.7452    27.5625    27.5614         18  0.000e+00
      30578 312.692697  -62.22516  -58.19198      0.150    1448.69      8.528      8.446    -0.8821    -0.8845    -0.0024    -0.8823    -0.8847    -0.0024   2.775386   2.775051  -0.000335    34.2768    34.2749     7.7443    27.5627    27.5613         18  0.000e+00
      30579 312.692698  -62.22516  -58.19198      0.153    1448.69      8.528      8.446    -0.8819    -0.8849    -0.0030    -0.8821    -0.8851    -0.0030   2.775284   2.775068  -0.000215    34.2752    34.2756     7.7446    27.5614    27.5619         18  0.000e+00
      30580 312.692698  -62.22516  -58.19198      0.162    1448.69      8.584      8.501    -0.8818    -0.8849    -0.0031    -0.8820    -0.8851    -0.0031   2.775255   2.775057  -0.000198    34.2746    34.2754     7.7450    27.5609    27.5617         18  0.000e+00
      30581 312.692699  -62.22516  -58.19198      0.160    1448.69      8.528      8.446    -0.8822    -0.8858    -0.0036    -0.8824    -0.8860    -0.0036   2.775272   2.775029  -0.000243    34.2753    34.2762     7.7454    27.5615    27.5623         18  0.000e+00
      30582 312.692699  -62.22516  -58.19198      0.169    1448.69      8.584      8.501    -0.8824    -0.8860    -0.0036    -0.8826    -0.8862    -0.0036   2.775301   2.775001  -0.000300    34.2760    34.2760     7.7458    27.5620    27.5622         18  0.000e+00
      30583 312.692700  -62.22516  -58.19198      0.172    1448.69      8.584      8.501    -0.8829    -0.8860    -0.0031    -0.8831    -0.8862    -0.0031   2.775306   2.774979  -0.000328    34.2766    34.2757     7.7463    27.5625    27.5619         18  0.000e+00
      30584 312.692700  -62.22516  -58.19198      0.178    1448.69      8.584      8.501    -0.8832    -0.8863    -0.0031    -0.8834    -0.8865    -0.0031   2.775227   2.774951  -0.000276    34.2758    34.2756     7.7458    27.5619    27.5619         18  0.000e+00
      30585 312.692701  -62.22516  -58.19198      0.180    1448.69      8.584      8.501    -0.8836    -0.8864    -0.0029    -0.8838    -0.8866    -0.0029   2.775142   2.774962  -0.000180    34.2751    34.2759     7.7465    27.5614    27.5621         18  0.000e+00
      30586 312.692701  -62.22516  -58.19198      0.181    1448.69      8.584      8.501    -0.8832    -0.8868    -0.0036    -0.8834    -0.8870    -0.0036   2.775102   2.774889  -0.000213    34.2741    34.2753     7.7469    27.5605    27.5617         18  0.000e+00
      30587 312.692702  -62.22516  -58.19198      0.184    1448.69      8.648      8.565    -0.8833    -0.8884    -0.0051    -0.8836    -0.8887    -0.0051   2.775113   2.774822  -0.000291    34.2744    34.2763     7.7476    27.5608    27.5625         18  0.000e+00
      30588 312.692702  -62.22516  -58.19198      0.187    1448.69      8.584      8.501    -0.8836    -0.8890    -0.0055    -0.8838    -0.8893    -0.0055   2.775181   2.774771  -0.000410    34.2756    34.2763     7.7470    27.5618    27.5626         18  0.000e+00
      30589 312.692703  -62.22516  -58.19198      0.189    1448.69      8.648      8.565    -0.8841    -0.8893    -0.0053    -0.8843    -0.8896    -0.0053   2.775181   2.774738  -0.000444    34.2762    34.2761     7.7532    27.5623    27.5624         18  0.000e+00
      30590 312.692703  -62.22516  -58.19198      0.193    1448.69      8.648      8.565    -0.8852    -0.8904    -0.0053    -0.8854    -0.8907    -0.0053   2.775136   2.774693  -0.000443    34.2768    34.2768     7.7475    27.5628    27.5630         18  0.000e+00
      30591 312.692704  -62.22516  -58.19198      0.197    1448.69      8.648      8.565    -0.8865    -0.8904    -0.0039    -0.8868    -0.8907    -0.0039   2.775062   2.774682  -0.000380    34.2774    34.2767     7.7483    27.5633    27.5629         18  0.000e+00
      30592 312.692704  -62.22516  -58.19198      0.199    1448.69      8.648      8.565    -0.8883    -0.8906    -0.0023    -0.8885    -0.8908    -0.0023   2.775062   2.774659  -0.000403    34.2793    34.2765     7.7482    27.5650    27.5628         18  0.000e+00
      30593 312.692704  -62.22516  -58.19198      0.201    1448.69      8.648      8.565    -0.8893    -0.8904    -0.0010    -0.8896    -0.8906    -0.0010   2.775034   2.774654  -0.000380    34.2802    34.2762     7.7490    27.5657    27.5625         18  0.000e+00
      30594 312.692705  -62.22516  -58.19198      0.202    1448.69      8.705      8.621    -0.8896    -0.8907    -0.0011    -0.8899    -0.8910    -0.0011   2.775039   2.774592  -0.000447    34.2805    34.2757     7.7498    27.5660    27.5622         18  0.000e+00
      30595 312.692705  -62.22516  -58.19198      0.202    1448.69      8.648      8.565    -0.8892    -0.8910    -0.0019    -0.8894    -0.8913    -0.0019   2.774943   2.774575  -0.000367    34.2787    34.2759     7.7504    27.5646    27.5623         18  0.000e+00
      30596 312.692706  -62.22516  -58.19196      0.201    1448.69      8.656      8.573    -0.8891    -0.8913    -0.0023    -0.8893    -0.8916    -0.0023   2.774852   2.774514  -0.000338    34.2774    34.2754     7.7512    27.5634    27.5619         18  0.000e+00
      30597 312.692706  -62.22516  -58.19196      0.202    1448.69      8.705      8.621    -0.8893    -0.8913    -0.0020    -0.8896    -0.8916    -0.0020   2.774892   2.774497  -0.000394    34.2782    34.2751     7.7520    27.5641    27.5617         18  0.000e+00
      30598 312.692707  -62.22516  -58.19196      0.206    1448.69      8.705      8.621    -0.8887    -0.8915    -0.0028    -0.8889    -0.8917    -0.0028   2.774892   2.774475  -0.000417    34.2775    34.2750     7.7517    27.5635    27.5616         18  0.000e+00
      30599 312.692707  -62.22516  -58.19196      0.202    1448.69      8.648      8.565    -0.8887    -0.8923    -0.0036    -0.8889    -0.8925    -0.0036   2.774988   2.774452  -0.000536    34.2788    34.2756     7.7513    27.5646    27.5621         18  0.000e+00
      30600 312.692708  -62.22516  -58.19196      0.201    1448.69      8.705      8.621    -0.8884    -0.8935    -0.0051    -0.8887    -0.8938    -0.0051   2.775073   2.774402  -0.000672    34.2796    34.2763     7.7445    27.5653    27.5628         18  0.000e+00
      30601 312.692708  -62.22516  -58.19196      0.202    1448.69      8.705      8.621    -0.8884    -0.8947    -0.0062    -0.8887    -0.8949    -0.0062   2.774937   2.774374  -0.000563    34.2778    34.2772     7.7498    27.5637    27.5635         18  0.000e+00
      30602 312.692709  -62.22516  -58.19196      0.203    1448.69      8.705      8.621    -0.8887    -0.8946    -0.0059    -0.8889    -0.8948    -0.0059   2.774943   2.774324  -0.000619    34.2782    34.2765     7.7496    27.5641    27.5629         18  0.000e+00
      30603 312.692709  -62.22516  -58.19196      0.198    1448.69      8.705      8.621    -0.8884    -0.8946    -0.0062    -0.8887    -0.8948    -0.0062   2.774926   2.774312  -0.000613    34.2776    34.2763     7.7494    27.5636    27.5628         18  0.000e+00
      30604 312.692710  -62.22516  -58.19196      0.201    1448.69      8.769      8.685    -0.8880    -0.8943    -0.0063    -0.8882    -0.8945    -0.0063   2.774948   2.774391  -0.000558    34.2774    34.2770     7.7491    27.5634    27.5633         18  0.000e+00
      30605 312.692710  -62.22516  -58.19196      0.198    1448.69      8.705      8.621    -0.8881    -0.8931    -0.0050    -0.8883    -0.8934    -0.0050   2.774983   2.774475  -0.000508    34.2780    34.2768     7.7499    27.5639    27.5632         18  0.000e+00
      30606 312.692711  -62.22516  -58.19196      0.195    1448.69      8.705      8.621    -0.8881    -0.8910    -0.0030    -0.8883    -0.8913    -0.0030   2.774994   2.774553  -0.000441    34.2782    34.2755     7.7497    27.5640    27.5620         18  0.000e+00
      30607 312.692711  -62.22516  -58.19196      0.191    1448.69      8.705      8.621    -0.8883    -0.8906    -0.0023    -0.8885    -0.8908    -0.0023   2.774948   2.774575  -0.000373    34.2777    34.2753     7.7496    27.5637    27.5618         18  0.000e+00
      30608 312.692712  -62.22516  -58.19196      0.186    1448.69      8.705      8.621    -0.8883    -0.8913    -0.0031    -0.8885    -0.8916    -0.0031   2.774897   2.774553  -0.000344    34.2770    34.2759     7.7495    27.5631    27.5623         18  0.000e+00
      30609 312.692712  -62.22516  -58.19196      0.187    1448.69      8.769      8.685    -0.8883    -0.8909    -0.0026    -0.8885    -0.8911    -0.0026   2.774920   2.774587  -0.000333    34.2773    34.2758     7.7494    27.5634    27.5622         18  0.000e+00
      30610 312.692713  -62.22516  -58.19196      0.181    1448.69      8.705      8.621    -0.8881    -0.8904    -0.0024    -0.8883    -0.8907    -0.0024   2.774937   2.774620  -0.000317    34.2774    34.2758     7.7502    27.5634    27.5622         18  0.000e+00
      30611 312.692713  -62.22516  -58.19196      0.176    1448.69      8.705      8.621    -0.8878    -0.8902    -0.0024    -0.8880    -0.8904    -0.0024   2.775056   2.774631  -0.000425    34.2787    34.2756     7.7499    27.5645    27.5620         18  0.000e+00
      30612 312.692714  -62.22516  -58.19196      0.172    1448.69      8.705      8.621    -0.8881    -0.8895    -0.0014    -0.8883    -0.8897    -0.0014   2.775073   2.774665  -0.000408    34.2792    34.2753     7.7509    27.5649    27.5618         18  0.000e+00
      30613 312.692714  -62.22516  -58.19196      0.166    1448.69      8.769      8.685    -0.8881    -0.8890    -0.0009    -0.8883    -0.8893    -0.0009   2.774965   2.774716  -0.000250    34.2777    34.2754     7.7510    27.5637    27.5618         18  0.000e+00
