Pos-Processados/process_op42/operantar42_044.cnv
* Sea-Bird SBE 9 Data File:
* FileName = C:\Users\Hidrografia\Desktop\OPXLII\Brutos\OP42044.hdr
* Software Version Seasave V 7.26.7.107
* Temperature SN = 6502
* Conductivity SN = 4998
* Number of Bytes Per Scan = 37
* Number of Voltage Words = 4
* Number of Scans Averaged by the Deck Unit = 1
* NMEA Latitude = 62 08.87 S
* NMEA Longitude = 058 26.12 W
* NMEA UTC (Time) = Nov 09 2023 19:07:43
* NMEA baud rate = 4800
** H41
** NPOALTEMAXIMIANO
** NUMERO DA ESTACAO (XXX) 044
** LAT (XX XX.XX S/N) 62 08.851 S
** LONG (XXX XX.XX W/E) 058 26.159 W
** DATAHORA (dd/mm/aaaa hh:mm Z) 09/11/2023 1907Z
** PROFUNDIDADE (m) 375
** OPERADOR CT FABIREZA
# nquan = 30
# nvalues = 731                         
# units = specified
# name 0 = scan: Scan Count
# name 1 = timeJ: Julian Days
# name 2 = latitude: Latitude [deg]
# name 3 = longitude: Longitude [deg]
# name 4 = dz/dtM: Descent Rate [m/s]
# name 5 = avgsvCM: Average Sound Velocity [Chen-Millero, m/s]
# name 6 = prDM: Pressure, Digiquartz [db]
# name 7 = depSM: Depth [salt water, m]
# name 8 = t090C: Temperature [ITS-90, deg C]
# name 9 = t190C: Temperature, 2 [ITS-90, deg C]
# name 10 = T2-T190C: Temperature Difference, 2 - 1 [ITS-90, deg C]
# name 11 = potemp090C: Potential Temperature [ITS-90, deg C]
# name 12 = potemp190C: Potential Temperature, 2 [ITS-90, deg C]
# name 13 = potemp90Cdiff: Potential Temperature, Diff, 2 - 1 [ITS-90, deg C]
# name 14 = c0S/m: Conductivity [S/m]
# name 15 = c1S/m: Conductivity, 2 [S/m]
# name 16 = C2-C1S/m: Conductivity Difference, 2 - 1 [S/m]
# name 17 = sal00: Salinity, Practical [PSU]
# name 18 = sal11: Salinity, Practical, 2 [PSU]
# name 19 = sbeox0ML/L: Oxygen, SBE 43 [ml/l]
# name 20 = sigma-é00: Density [sigma-theta, kg/m^3]
# name 21 = sigma-é11: Density, 2 [sigma-theta, kg/m^3]
# name 22 = sal00: Salinity, Practical [PSU]
# name 23 = sigma-é00: Density [sigma-theta, kg/m^3]
# name 24 = svCM: Sound Velocity [Chen-Millero, m/s]
# name 25 = svCM1: Sound Velocity, 2 [Chen-Millero, m/s]
# name 26 = gsw_ptA0: potential temperature [ITS-90, deg C]
# name 27 = gsw_densityA0: density, TEOS-10 [density, kg/m^3]
# name 28 = gsw_saA0: Absolute Salinity [g/kg]
# name 29 = flag:
# span 0 =       1927,      26317       
# span 1 = 313.797955, 313.809716       
# span 2 =  -62.15508,  -62.14847       
# span 3 =  -58.43472,  -58.42833       
# span 4 =     -1.160,      1.021       
# span 5 =       0.00,    1448.19       
# span 6 =      3.000,    368.000       
# span 7 =      2.977,    364.128       
# span 8 =    -0.8036,    -0.4617       
# span 9 =    -0.8027,    -0.4611       
# span 10 =    -0.0079,     0.0081      
# span 11 =    -0.8107,    -0.4619      
# span 12 =    -0.8098,    -0.4613      
# span 13 =    -0.0079,     0.0080      
# span 14 =   2.794792,   2.818413      
# span 15 =   2.794770,   2.818273      
# span 16 =  -0.000542,   0.000660      
# span 17 =    34.2781,    34.3574      
# span 18 =    34.2789,    34.3558      
# span 19 =     7.0579,     7.6398      
# span 20 =    27.5501,    27.6183      
# span 21 =    27.5490,    27.6170      
# span 22 =    34.2784,    34.3575      
# span 23 =    27.5502,    27.6183      
# span 24 =    1445.76,    1451.32      
# span 25 =    1445.77,    1451.32      
# span 26 =    -0.8105,    -0.4619      
# span 27 =  1027.5692,  1029.3792      
# span 28 =    34.4414,    34.5255      
# span 29 = 0.0000e+00, 0.0000e+00      
# interval = decibars: 1                
# start_time = Nov 09 2023 19:07:43 [NMEA time, header]
# bad_flag = -9.990e-29
*END*
[from data line 484]
      17588 313.805507  -62.15274  -58.43002     -0.824    1448.19    249.000    246.462    -0.7575    -0.7506     0.0069    -0.7650    -0.7581     0.0069   2.799529   2.800128   0.000569    34.3150    34.3148     7.3800    27.5889    27.5885    34.3134    27.5876    1448.75    1448.78    -0.7649  1028.7835    34.4808 0.0000e+00
      17616 313.805520  -62.15274  -58.43002     -0.839    1448.19    248.000    245.473    -0.7707    -0.7627     0.0081    -0.7782    -0.7702     0.0080   2.798265   2.798965   0.000660    34.3134    34.3132     7.3888    27.5882    27.5877    34.3119    27.5870    1448.67    1448.71    -0.7780  1028.7783    34.4794 0.0000e+00
      17645 313.805534  -62.15276  -58.43002     -0.832    1448.19    247.000    244.484    -0.7761    -0.7724     0.0037    -0.7835    -0.7798     0.0037   2.797763   2.798010   0.000290    34.3128    34.3125     7.3838    27.5878    27.5875    34.3118    27.5871    1448.63    1448.65    -0.7833  1028.7736    34.4792 0.0000e+00
      17672 313.805548  -62.15276  -58.43000     -0.845    1448.19    246.000    243.495    -0.7814    -0.7780     0.0034    -0.7888    -0.7854     0.0034   2.797200   2.797452   0.000243    34.3122    34.3116     7.3896    27.5876    27.5869    34.3109    27.5865    1448.59    1448.60    -0.7886  1028.7684    34.4783 0.0000e+00
      17696 313.805559  -62.15276  -58.43000     -0.947    1448.19    245.000    242.505    -0.7857    -0.7826     0.0032    -0.7931    -0.7899     0.0031   2.796763   2.796971   0.000219    34.3116    34.3110     7.3996    27.5873    27.5867    34.3104    27.5863    1448.55    1448.56    -0.7929  1028.7634    34.4778 0.0000e+00
      17720 313.805570  -62.15278  -58.43000     -1.028    1448.19    244.000    241.516    -0.7864    -0.7843     0.0021    -0.7937    -0.7916     0.0021   2.796665   2.796781   0.000105    34.3114    34.3104     7.4032    27.5871    27.5863    34.3105    27.5864    1448.53    1448.54    -0.7935  1028.7588    34.4779 0.0000e+00
      17750 313.805585  -62.15278  -58.42998     -0.869    1448.19    243.000    240.527    -0.7876    -0.7818     0.0058    -0.7949    -0.7891     0.0058   2.796528   2.796964   0.000419    34.3115    34.3106     7.4042    27.5873    27.5863    34.3106    27.5866    1448.51    1448.53    -0.7947  1028.7542    34.4780 0.0000e+00
      17784 313.805601  -62.15279  -58.42998     -0.720    1448.19    242.000    239.538    -0.7930    -0.7905     0.0024    -0.8002    -0.7978     0.0024   2.796007   2.796134   0.000150    34.3113    34.3106     7.4305    27.5873    27.5867    34.3103    27.5865    1448.47    1448.48    -0.8001  1028.7494    34.4777 0.0000e+00
      17820 313.805619  -62.15280  -58.42998     -0.662    1448.19    241.000    238.548    -0.7970    -0.7962     0.0008    -0.8042    -0.8034     0.0008   2.795598   2.795569  -0.000025    34.3110    34.3097     7.4337    27.5873    27.5862    34.3099    27.5864    1448.43    1448.43    -0.8039  1028.7450    34.4780 0.0000e+00
      17854 313.805635  -62.15280 -9.990e-29     -0.697    1448.19    240.000    237.559    -0.8020    -0.8011     0.0008    -0.8091    -0.8083     0.0008   2.795101   2.795057  -0.000032    34.3104    34.3090     7.4362    27.5869    27.5858    34.3095    27.5862    1448.39    1448.39    -0.8090  1028.7416    34.4793 0.0000e+00
      17888 313.805651  -62.15282 -9.990e-29     -0.721    1448.19    239.000    236.570    -0.8035    -0.8027     0.0008    -0.8106    -0.8098     0.0008   2.794857   2.794859 -5.351e-07    34.3094    34.3085     7.4494    27.5862    27.5854    34.3085    27.5855    1448.37    1448.37    -0.8105  1028.7361    34.4783 0.0000e+00
      17925 313.805669  -62.15282  -58.42994     -0.660    1448.19    238.000    235.581    -0.8036    -0.8027     0.0009    -0.8107    -0.8098     0.0009   2.794792   2.794797   0.000008    34.3089    34.3080     7.4438    27.5858    27.5851    34.3084    27.5854    1448.35    1448.35    -0.8105  1028.7303    34.4770 0.0000e+00
      17963 313.805688  -62.15282  -58.42994     -0.608    1448.19    237.000    234.591    -0.8017    -0.8014     0.0003    -0.8087    -0.8084     0.0003   2.794867   2.794835  -0.000025    34.3081    34.3074     7.4544    27.5851    27.5845    34.3078    27.5849    1448.34    1448.34    -0.8086  1028.7239    34.4751 0.0000e+00
      17993 313.805702  -62.15284  -58.42993     -0.755    1448.19    236.000    233.602    -0.8002    -0.7995     0.0007    -0.8072    -0.8065     0.0007   2.794928   2.794905  -0.000021    34.3077    34.3067     7.4588    27.5847    27.5839    34.3075    27.5846    1448.33    1448.33    -0.8071  1028.7189    34.4749 0.0000e+00
      18022 313.805716  -62.15284  -58.42992     -0.823    1448.19    235.000    232.613    -0.7982    -0.7977     0.0004    -0.8052    -0.8048     0.0004   2.795029   2.794972  -0.000046    34.3073    34.3062     7.4514    27.5843    27.5834    34.3073    27.5843    1448.32    1448.32    -0.8050  1028.7138    34.4746 0.0000e+00
      18049 313.805729  -62.15285  -58.42992     -0.878    1448.19    234.000    231.623    -0.7965    -0.7959     0.0005    -0.8034    -0.8029     0.0005   2.795091   2.795053  -0.000042    34.3068    34.3056     7.4533    27.5838    27.5829    34.3068    27.5838    1448.31    1448.32    -0.8033  1028.7085    34.4741 0.0000e+00
      18077 313.805743  -62.15286  -58.42992     -0.868    1448.19    233.000    230.634    -0.7943    -0.7942     0.0001    -0.8012    -0.8011     0.0001   2.795179   2.795124  -0.000052    34.3060    34.3052     7.4603    27.5831    27.5824    34.3061    27.5831    1448.31    1448.31    -0.8011  1028.7031    34.4734 0.0000e+00
      18111 313.805759  -62.15287  -58.42990     -0.737    1448.19    232.000    229.645    -0.7937    -0.7931     0.0006    -0.8006    -0.8000     0.0006   2.795163   2.795152  -0.000014    34.3058    34.3049     7.4592    27.5829    27.5822    34.3059    27.5830    1448.29    1448.29    -0.8005  1028.6981    34.4732 0.0000e+00
      18141 313.805774  -62.15288  -58.42990     -0.755    1448.19    231.000    228.655    -0.7928    -0.7918     0.0010    -0.7997    -0.7987     0.0010   2.795150   2.795170   0.000015    34.3054    34.3044     7.4619    27.5825    27.5817    34.3053    27.5824    1448.28    1448.29    -0.7995  1028.6928    34.4726 0.0000e+00
      18168 313.805786  -62.15288  -58.42989     -0.874    1448.19    230.000    227.666    -0.7947    -0.7928     0.0020    -0.8016    -0.7996     0.0020   2.794937   2.795032   0.000095    34.3053    34.3044     7.4727    27.5826    27.5818    34.3052    27.5825    1448.26    1448.26    -0.8014  1028.6881    34.4725 0.0000e+00
      18197 313.805800  -62.15288  -58.42988     -0.862    1448.19    229.000    226.677    -0.7958    -0.7945     0.0013    -0.8026    -0.8013     0.0013   2.794827   2.794847   0.000021    34.3056    34.3044     7.4639    27.5829    27.5818    34.3055    27.5828    1448.23    1448.24    -0.8024  1028.6836    34.4728 0.0000e+00
      18230 313.805817  -62.15290  -58.42988     -0.735    1448.19    228.000    225.688    -0.7953    -0.7947     0.0005    -0.8021    -0.8015     0.0005   2.794798   2.794770  -0.000019    34.3051    34.3042     7.4580    27.5824    27.5816    34.3052    27.5824    1448.22    1448.22    -0.8019  1028.6759    34.4692 0.0000e+00
      18266 313.805834 -9.990e-29  -58.42988     -0.683    1448.19    227.000    224.698    -0.7917    -0.7913     0.0004    -0.7985    -0.7981     0.0004   2.795012   2.794974  -0.000039    34.3044    34.3034     7.4699    27.5817    27.5809    34.3046    27.5818    1448.22    1448.22    -0.7983  1028.6687    34.4664 0.0000e+00
      18299 313.805850 -9.990e-29  -58.42986     -0.700    1448.19    226.000    223.709    -0.7869    -0.7873    -0.0004    -0.7936    -0.7940    -0.0004   2.795353   2.795232  -0.000112    34.3039    34.3028     7.4729    27.5811    27.5802    34.3044    27.5815    1448.23    1448.22    -0.7935  1028.6635    34.4661 0.0000e+00
      18328 313.805864  -62.15292  -58.42986     -0.791    1448.19    225.000    222.720    -0.7841    -0.7844    -0.0002    -0.7908    -0.7911    -0.0002   2.795518   2.795417  -0.000103    34.3036    34.3025     7.4678    27.5808    27.5798    34.3041    27.5811    1448.22    1448.22    -0.7907  1028.6607    34.4687 0.0000e+00
      18355 313.805877  -62.15292  -58.42985     -0.879    1448.19    224.000    221.730    -0.7787    -0.7796    -0.0009    -0.7854    -0.7863    -0.0009   2.795927   2.795737  -0.000178    34.3032    34.3019     7.4609    27.5802    27.5791    34.3041    27.5809    1448.23    1448.22    -0.7852  1028.6577    34.4713 0.0000e+00
      18382 313.805890  -62.15293  -58.42984     -0.886    1448.19    223.000    220.741    -0.7744    -0.7749    -0.0005    -0.7811    -0.7816    -0.0005   2.796198   2.796052  -0.000155    34.3029    34.3014     7.4621    27.5798    27.5786    34.3035    27.5803    1448.23    1448.23    -0.7809  1028.6523    34.4708 0.0000e+00
      18411 313.805904  -62.15294  -58.42984     -0.857    1448.19    222.000    219.752    -0.7725    -0.7724    -0.0000    -0.7791    -0.7791    -0.0000   2.796294   2.796214  -0.000083    34.3027    34.3016     7.4769    27.5795    27.5786    34.3032    27.5799    1448.23    1448.23    -0.7790  1028.6472    34.4705 0.0000e+00
      18439 313.805917  -62.15294  -58.42982     -0.835    1448.19    221.000    218.762    -0.7703    -0.7708    -0.0004    -0.7769    -0.7774    -0.0004   2.796432   2.796301  -0.000116    34.3025    34.3015     7.4744    27.5793    27.5785    34.3033    27.5799    1448.22    1448.22    -0.7768  1028.6424    34.4705 0.0000e+00
      18465 313.805930  -62.15296  -58.42982     -0.896    1448.19    220.000    217.773    -0.7643    -0.7672    -0.0029    -0.7709    -0.7738    -0.0029   2.796855   2.796542  -0.000298    34.3017    34.3009     7.4670    27.5784    27.5779    34.3028    27.5792    1448.23    1448.22    -0.7707  1028.6369    34.4700 0.0000e+00
      18491 313.805943  -62.15296  -58.42981     -0.937    1448.19    219.000    216.784    -0.7612    -0.7626    -0.0013    -0.7678    -0.7691    -0.0013   2.797043   2.796825  -0.000220    34.3019    34.3004     7.4637    27.5784    27.5773    34.3024    27.5788    1448.23    1448.22    -0.7676  1028.6317    34.4697 0.0000e+00
      18531 313.805961  -62.15296  -58.42980     -0.629    1448.19    218.000    215.794    -0.7606    -0.7625    -0.0019    -0.7672    -0.7691    -0.0019   2.797048   2.796810  -0.000244    34.3018    34.3006     7.4729    27.5783    27.5774    34.3024    27.5788    1448.22    1448.21    -0.7670  1028.6269    34.4697 0.0000e+00
      18567 313.805979  -62.15298  -58.42980     -0.641    1448.19    217.000    214.805    -0.7557    -0.7560    -0.0003    -0.7622    -0.7626    -0.0003   2.797380   2.797245  -0.000132    34.3012    34.2998     7.4683    27.5776    27.5765    34.3020    27.5782    1448.22    1448.22    -0.7621  1028.6215    34.4692 0.0000e+00
      18599 313.805994  -62.15298  -58.42979     -0.732    1448.19    216.000    213.816    -0.7540    -0.7535     0.0006    -0.7605    -0.7600     0.0006   2.797459   2.797411  -0.000053    34.3012    34.2999     7.4774    27.5776    27.5764    34.3017    27.5780    1448.21    1448.21    -0.7603  1028.6165    34.4690 0.0000e+00
      18625 313.806007  -62.15299  -58.42978     -0.864    1448.19    215.000    212.826    -0.7528    -0.7525     0.0003    -0.7592    -0.7589     0.0003   2.797494   2.797437  -0.000061    34.3009    34.2997     7.4843    27.5773    27.5763    34.3014    27.5777    1448.20    1448.20    -0.7591  1028.6114    34.4686 0.0000e+00
      18651 313.806019  -62.15300  -58.42978     -0.934    1448.19    214.000    211.837    -0.7522    -0.7518     0.0005    -0.7587    -0.7582     0.0005   2.797500   2.797442  -0.000057    34.3010    34.2997     7.4814    27.5773    27.5762    34.3015    27.5777    1448.19    1448.19    -0.7585  1028.6067    34.4687 0.0000e+00
      18677 313.806032  -62.15300  -58.42976     -0.908    1448.19    213.000    210.847    -0.7517    -0.7513     0.0004    -0.7581    -0.7577     0.0004   2.797513   2.797428  -0.000079    34.3011    34.2996     7.4779    27.5774    27.5761    34.3017    27.5778    1448.18    1448.17    -0.7579  1028.6020    34.4689 0.0000e+00
      18704 313.806045  -62.15302  -58.42976     -0.900    1448.19    212.000    209.858    -0.7451    -0.7485    -0.0034    -0.7515    -0.7549    -0.0034   2.797957   2.797607  -0.000338    34.2999    34.2992     7.4795    27.5761    27.5757    34.3008    27.5769    1448.19    1448.17    -0.7513  1028.5962    34.4680 0.0000e+00
      18733 313.806059  -62.15302  -58.42975     -0.864    1448.19    211.000    208.869    -0.7374    -0.7395    -0.0021    -0.7437    -0.7458    -0.0021   2.798533   2.798261  -0.000269    34.2993    34.2980     7.4734    27.5753    27.5743    34.3004    27.5762    1448.21    1448.20    -0.7436  1028.5878    34.4640 0.0000e+00
      18763 313.806074 -9.990e-29  -58.42974     -0.783    1448.19    210.000    207.879    -0.7326    -0.7338    -0.0013    -0.7389    -0.7401    -0.0013   2.798865   2.798659  -0.000197    34.2990    34.2978     7.4779    27.5749    27.5739    34.3001    27.5758    1448.21    1448.21    -0.7388  1028.5811    34.4618 0.0000e+00
      18790 313.806087 -9.990e-29  -58.42973     -0.843    1448.19    209.000    206.890    -0.7257    -0.7286    -0.0028    -0.7320    -0.7349    -0.0028   2.799378   2.799034  -0.000345    34.2988    34.2974     7.4747    27.5744    27.5734    34.2999    27.5753    1448.23    1448.21    -0.7319  1028.5758    34.4616 0.0000e+00
      18816 313.806099  -62.15304  -58.42972     -0.926    1448.19    208.000    205.901    -0.7225    -0.7244    -0.0020    -0.7288    -0.7307    -0.0020   2.799564   2.799309  -0.000246    34.2983    34.2972     7.4717    27.5739    27.5731    34.2993    27.5747    1448.23    1448.22    -0.7286  1028.5713    34.4621 0.0000e+00
      18852 313.806117  -62.15306 -9.990e-29     -0.720    1448.19    207.000    204.911    -0.7223    -0.7260    -0.0037    -0.7285    -0.7322    -0.0037   2.799529   2.799160  -0.000382    34.2986    34.2977     7.4712    27.5741    27.5735    34.2993    27.5747    1448.21    1448.20    -0.7284  1028.5718    34.4687 0.0000e+00
      18891 313.806135  -62.15306 -9.990e-29     -0.615    1448.19    206.000    203.922    -0.7208    -0.7204     0.0005    -0.7270    -0.7266     0.0005   2.799611   2.799531  -0.000081    34.2986    34.2970     7.4771    27.5741    27.5727    34.2993    27.5746    1448.20    1448.20    -0.7269  1028.5671    34.4688 0.0000e+00
      18930 313.806154  -62.15308  -58.42970     -0.616    1448.19    205.000    202.932    -0.7187    -0.7189    -0.0002    -0.7249    -0.7251    -0.0002   2.799721   2.799602  -0.000121    34.2985    34.2971     7.4744    27.5739    27.5727    34.2990    27.5743    1448.20    1448.20    -0.7247  1028.5608    34.4672 0.0000e+00
      18967 313.806172  -62.15308  -58.42970     -0.622    1448.19    204.000    201.943    -0.7174    -0.7169     0.0005    -0.7236    -0.7231     0.0005   2.799790   2.799731  -0.000071    34.2985    34.2970     7.4787    27.5738    27.5726    34.2991    27.5743    1448.19    1448.19    -0.7234  1028.5553    34.4663 0.0000e+00
      18996 313.806186  -62.15310  -58.42968     -0.797    1448.19    203.000    200.953    -0.7149    -0.7145     0.0004    -0.7210    -0.7206     0.0004   2.799941   2.799871  -0.000070    34.2983    34.2969     7.4795    27.5736    27.5724    34.2989    27.5740    1448.18    1448.18    -0.7209  1028.5502    34.4660 0.0000e+00
