Pos-Processados/process_op42/operantar42_011.ros
* Sea-Bird SBE 9 Data File:
* FileName = C:\Users\Hidrografia\Desktop\OPXLII\Brutos\OP42011.hdr
* Software Version Seasave V 7.26.7.107
* Temperature SN = 6502
* Conductivity SN = 4998
* Number of Bytes Per Scan = 31
* Number of Voltage Words = 2
* Number of Scans Averaged by the Deck Unit = 1
* NMEA Latitude = 45 08.67 S
* NMEA Longitude = 055 57.85 W
* NMEA UTC (Time) = Oct 19 2023 08:19:59
* NMEA baud rate = 4800
** H41
** NPOALTEMAXIMIANO
** NUMERO DA ESTACAO (XXX) 011
** LAT (XX XX.XX S/N) 45 5.419 S
** LONG (XXX XX.XX W/E) 055 57.980 W
** DATAHORA (dd/mm/aaaa hh:mm Z) 19/10/2023 0819Z
** PROFUNDIDADE (m) 5475
** OPERADOR CT FILIPE LOPES
# nquan = 24
# nvalues = 4146                                  
# units = specified
# name 0 = scan: Scan Count
# name 1 = timeJ: Julian Days
# name 2 = latitude: Latitude [deg]
# name 3 = longitude: Longitude [deg]
# name 4 = dz/dtM: Descent Rate [m/s]
# name 5 = avgsvCM: Average Sound Velocity [Chen-Millero, m/s]
# name 6 = prDM: Pressure, Digiquartz [db]
# name 7 = depSM: Depth [salt water, m]
# name 8 = t090C: Temperature [ITS-90, deg C]
# name 9 = t190C: Temperature, 2 [ITS-90, deg C]
# name 10 = T2-T190C: Temperature Difference, 2 - 1 [ITS-90, deg C]
# name 11 = potemp090C: Potential Temperature [ITS-90, deg C]
# name 12 = potemp190C: Potential Temperature, 2 [ITS-90, deg C]
# name 13 = potemp90Cdiff: Potential Temperature, Diff, 2 - 1 [ITS-90, deg C]
# name 14 = c0S/m: Conductivity [S/m]
# name 15 = c1S/m: Conductivity, 2 [S/m]
# name 16 = C2-C1S/m: Conductivity Difference, 2 - 1 [S/m]
# name 17 = sal00: Salinity, Practical [PSU]
# name 18 = sal11: Salinity, Practical, 2 [PSU]
# name 19 = sbeox0ML/L: Oxygen, SBE 43 [ml/l]
# name 20 = sigma-é00: Density [sigma-theta, kg/m^3]
# name 21 = sigma-é11: Density, 2 [sigma-theta, kg/m^3]
# name 22 = nbf: Bottles Fired
# name 23 = flag:  0.000e+00
# interval = seconds: 0.0416667
# start_time = Oct 19 2023 08:19:59 [NMEA time, header]
# bad_flag = -9.990e-29
*END*
[from data line 61]
      58570 292.375456  -45.15014  -55.95340      0.247    1474.96     42.361     42.012    12.3935    12.3905    -0.0030    12.3879    12.3849    -0.0030   4.051358   4.050821  -0.000537    35.1128    35.1104     5.8428    26.6018    26.6005          1  0.000e+00
      58571 292.375456  -45.15014  -55.95340      0.244    1474.96     42.305     41.956    12.3935    12.3919    -0.0016    12.3879    12.3862    -0.0016   4.051318   4.050931  -0.000387    35.1125    35.1103     5.8426    26.6015    26.6001          1  0.000e+00
      58572 292.375457  -45.15014  -55.95340      0.242    1474.96     42.361     42.012    12.3934    12.3932    -0.0002    12.3878    12.3876    -0.0002   4.051312   4.051048  -0.000264    35.1125    35.1101     5.8424    26.6015    26.5997          1  0.000e+00
      58573 292.375457  -45.15014  -55.95340      0.239    1474.96     42.361     42.012    12.3933    12.3923    -0.0010    12.3877    12.3867    -0.0010   4.051312   4.051074  -0.000238    35.1125    35.1112     5.8418    26.6015    26.6007          1  0.000e+00
      58574 292.375458  -45.15014  -55.95340      0.241    1474.96     42.442     42.092    12.3935    12.3914    -0.0021    12.3879    12.3857    -0.0021   4.051365   4.050970  -0.000394    35.1129    35.1110     5.8412    26.6018    26.6008          1  0.000e+00
      58575 292.375458  -45.15014  -55.95340      0.233    1474.96     42.305     41.956    12.3934    12.3895    -0.0039    12.3878    12.3839    -0.0039   4.051279   4.050854  -0.000425    35.1122    35.1117     5.8405    26.6013    26.6016          1  0.000e+00
      58576 292.375459  -45.15014  -55.95340      0.233    1474.96     42.417     42.068    12.3930    12.3872    -0.0057    12.3873    12.3816    -0.0057   4.051246   4.050646  -0.000600    35.1122    35.1118     5.8399    26.6014    26.6022          1  0.000e+00
      58577 292.375459  -45.15014  -55.95340      0.229    1474.96     42.361     42.012    12.3930    12.3872    -0.0057    12.3874    12.3816    -0.0057   4.051246   4.050601  -0.000645    35.1122    35.1114     5.8396    26.6014    26.6018          1  0.000e+00
      58578 292.375460  -45.15014  -55.95340      0.224    1474.96     42.361     42.012    12.3929    12.3887    -0.0042    12.3873    12.3831    -0.0042   4.051167   4.050692  -0.000476    35.1116    35.1109     5.8432    26.6009    26.6011          1  0.000e+00
      58579 292.375460  -45.15014  -55.95340      0.218    1474.96     42.361     42.012    12.3932    12.3904    -0.0028    12.3875    12.3848    -0.0027   4.051220   4.050854  -0.000366    35.1118    35.1108     5.8433    26.6010    26.6008          1  0.000e+00
      58580 292.375461  -45.15014  -55.95340      0.214    1474.96     42.377     42.028    12.3935    12.3914    -0.0021    12.3879    12.3857    -0.0021   4.051266   4.050951  -0.000315    35.1119    35.1109     5.8433    26.6011    26.6006          1  0.000e+00
      58581 292.375461  -45.15014  -55.95340      0.209    1474.96     42.417     42.068    12.3939    12.3923    -0.0016    12.3883    12.3867    -0.0016   4.051332   4.050996  -0.000335    35.1122    35.1104     5.8434    26.6012    26.6001          1  0.000e+00
      58582 292.375462  -45.15014  -55.95340      0.204    1474.96     42.361     42.012    12.3937    12.3929    -0.0008    12.3881    12.3872    -0.0008   4.051292   4.051139  -0.000153    35.1120    35.1113     5.8434    26.6011    26.6007          1  0.000e+00
      58583 292.375462  -45.15014  -55.95340      0.198    1474.96     42.361     42.012    12.3928    12.3930     0.0002    12.3872    12.3874     0.0002   4.051200   4.051152  -0.000048    35.1119    35.1113     5.8435    26.6012    26.6006          1  0.000e+00
      58584 292.375462  -45.15014  -55.95340      0.194    1474.96     42.417     42.068    12.3909    12.3926     0.0017    12.3852    12.3869     0.0017   4.051036   4.051068   0.000032    35.1122    35.1109     5.8438    26.6017    26.6004          1  0.000e+00
      58585 292.375463  -45.15014  -55.95340      0.187    1474.96     42.361     42.012    12.3900    12.3925     0.0025    12.3844    12.3869     0.0025   4.050937   4.051061   0.000124    35.1121    35.1109     5.8397    26.6018    26.6004          1  0.000e+00
      58586 292.375463  -45.15014  -55.95340      0.183    1474.96     42.442     42.092    12.3891    12.3920     0.0029    12.3835    12.3864     0.0029   4.050819   4.051035   0.000217    35.1117    35.1111     5.8395    26.6017    26.6007          1  0.000e+00
      58587 292.375464  -45.15014  -55.95340      0.177    1474.96     42.361     42.012    12.3889    12.3919     0.0030    12.3832    12.3862     0.0030   4.050759   4.051035   0.000276    35.1114    35.1113     5.8391    26.6015    26.6008          1  0.000e+00
      58588 292.375464  -45.15014  -55.95340      0.173    1474.96     42.417     42.068    12.3890    12.3920     0.0030    12.3833    12.3864     0.0030   4.050753   4.051016   0.000263    35.1112    35.1109     5.8391    26.6014    26.6005          1  0.000e+00
      58589 292.375465  -45.15014  -55.95340      0.165    1474.96     42.361     42.012    12.3890    12.3910     0.0021    12.3833    12.3854     0.0021   4.050773   4.050977   0.000204    35.1114    35.1115     5.8387    26.6015    26.6012          1  0.000e+00
      58590 292.375465  -45.15014  -55.95340      0.160    1474.96     42.417     42.068    12.3893    12.3901     0.0007    12.3837    12.3844     0.0007   4.050707   4.050912   0.000205    35.1104    35.1117     5.8383    26.6007    26.6015          1  0.000e+00
      58591 292.375466  -45.15014  -55.95340      0.152    1474.96     42.377     42.028    12.3900    12.3890    -0.0010    12.3844    12.3834    -0.0010   4.050812   4.050821   0.000009    35.1108    35.1118     5.8378    26.6009    26.6018          1  0.000e+00
      58592 292.375466  -45.15014  -55.95340      0.145    1474.96     42.361     42.012    12.3898    12.3884    -0.0015    12.3842    12.3828    -0.0015   4.050825   4.050795  -0.000030    35.1111    35.1122     5.8421    26.6011    26.6022          1  0.000e+00
      58593 292.375467  -45.15014  -55.95340      0.137    1474.96     42.417     42.068    12.3891    12.3880    -0.0011    12.3835    12.3824    -0.0011   4.050766   4.050769   0.000003    35.1112    35.1122     5.8384    26.6013    26.6023          1  0.000e+00
      58594 292.375467  -45.15014  -55.95340      0.132    1474.96     42.417     42.068    12.3890    12.3889    -0.0001    12.3833    12.3832    -0.0001   4.050753   4.050841   0.000088    35.1112    35.1121     5.8423    26.6014    26.6021          1  0.000e+00
      58595 292.375468  -45.15014  -55.95340      0.123    1474.96     42.361     42.012    12.3885    12.3901     0.0016    12.3829    12.3845     0.0016   4.050674   4.050931   0.000258    35.1109    35.1119     5.8381    26.6012    26.6017          1  0.000e+00
      58596 292.375468  -45.15014  -55.95340      0.118    1474.96     42.417     42.068    12.3881    12.3917     0.0036    12.3825    12.3861     0.0036   4.050588   4.051016   0.000427    35.1104    35.1112     5.8425    26.6009    26.6008          1  0.000e+00
      58597 292.375469  -45.15014  -55.95340      0.113    1474.96     42.377     42.028    12.3876    12.3923     0.0047    12.3820    12.3867     0.0047   4.050523   4.051119   0.000597    35.1102    35.1116     5.8425    26.6009    26.6010          1  0.000e+00
      58598 292.375469  -45.15014  -55.95340      0.105    1474.96     42.418     42.068    12.3872    12.3927     0.0055    12.3816    12.3870     0.0055   4.050529   4.051249   0.000720    35.1107    35.1125     5.8430    26.6013    26.6017          1  0.000e+00
      58599 292.375470  -45.15014  -55.95340      0.098    1474.96     42.361     42.012    12.3868    12.3933     0.0065    12.3812    12.3877     0.0065   4.050483   4.051256   0.000772    35.1106    35.1120     5.8434    26.6013    26.6011          1  0.000e+00
      58600 292.375470  -45.15014  -55.95340      0.097    1474.96     42.418     42.068    12.3868    12.3925     0.0057    12.3812    12.3869     0.0057   4.050490   4.051171   0.000682    35.1107    35.1119     5.8435    26.6014    26.6012          1  0.000e+00
      58601 292.375471  -45.15014  -55.95340      0.086    1474.96     42.361     42.012    12.3865    12.3910     0.0045    12.3809    12.3854     0.0045   4.050444   4.051068   0.000624    35.1106    35.1123     5.8439    26.6013    26.6018          1  0.000e+00
      58602 292.375471  -45.15014  -55.95340      0.085    1474.96     42.442     42.092    12.3863    12.3899     0.0036    12.3807    12.3842     0.0036   4.050457   4.050931   0.000475    35.1108    35.1121     5.8444    26.6016    26.6019          1  0.000e+00
      58603 292.375472  -45.15014  -55.95340      0.072    1474.96     42.305     41.956    12.3864    12.3887     0.0023    12.3808    12.3831     0.0023   4.050523   4.050841   0.000318    35.1114    35.1123     5.8446    26.6020    26.6023          1  0.000e+00
      58604 292.375472  -45.15014  -55.95340      0.069    1474.96     42.418     42.068    12.3862    12.3880     0.0019    12.3805    12.3824     0.0019   4.050509   4.050685   0.000176    35.1115    35.1114     5.8409    26.6021    26.6017          1  0.000e+00
      58605 292.375473  -45.15014  -55.95340      0.062    1474.96     42.361     42.012    12.3863    12.3872     0.0009    12.3807    12.3816     0.0009   4.050477   4.050620   0.000144    35.1110    35.1116     5.8451    26.6018    26.6020          1  0.000e+00
      58606 292.375473  -45.15014  -55.95340      0.058    1474.96     42.418     42.068    12.3862    12.3864     0.0002    12.3805    12.3807     0.0002   4.050490   4.050542   0.000053    35.1113    35.1116     5.8409    26.6020    26.6022          1  0.000e+00
      58607 292.375474  -45.15014  -55.95340      0.052    1474.96     42.361     42.012    12.3856    12.3851    -0.0005    12.3800    12.3794    -0.0005   4.050503   4.050484  -0.000019    35.1120    35.1123     5.8409    26.6026    26.6030          1  0.000e+00
      58608 292.375474  -45.15014  -55.95340      0.046    1474.96     42.377     42.028    12.3855    12.3844    -0.0011    12.3798    12.3788    -0.0011   4.050503   4.050478  -0.000025    35.1121    35.1128     5.8410    26.6027    26.6035          1  0.000e+00
      58609 292.375475  -45.15014  -55.95340      0.038    1474.96     42.361     42.012    12.3853    12.3842    -0.0011    12.3797    12.3786    -0.0011   4.050444   4.050419  -0.000024    35.1116    35.1125     5.8453    26.6024    26.6033          1  0.000e+00
      58610 292.375475  -45.15014  -55.95340      0.033    1474.96     42.361     42.012    12.3853    12.3842    -0.0011    12.3797    12.3786    -0.0011   4.050378   4.050380   0.000002    35.1111    35.1121     5.8458    26.6020    26.6030          1  0.000e+00
      58611 292.375476  -45.15014  -55.95340      0.032    1474.96     42.418     42.068    12.3846    12.3840    -0.0006    12.3790    12.3784    -0.0006   4.050411   4.050348  -0.000063    35.1120    35.1119     5.8463    26.6028    26.6029          1  0.000e+00
      58612 292.375476  -45.15014  -55.95340      0.025    1474.96     42.361     42.012    12.3843    12.3840    -0.0002    12.3787    12.3784    -0.0002   4.050352   4.050322  -0.000030    35.1117    35.1117     5.8468    26.6027    26.6027          1  0.000e+00
      58613 292.375476  -45.15014  -55.95340      0.020    1474.96     42.361     42.012    12.3841    12.3842     0.0001    12.3785    12.3786     0.0001   4.050352   4.050361   0.000009    35.1119    35.1119     5.8468    26.6028    26.6028          1  0.000e+00
      58614 292.375477  -45.15014  -55.95340      0.012    1474.96     42.321     41.973    12.3834    12.3842     0.0007    12.3778    12.3786     0.0007   4.050306   4.050315   0.000010    35.1121    35.1115     5.8469    26.6031    26.6025          1  0.000e+00
      58615 292.375477  -45.15014  -55.95340      0.014    1474.96     42.418     42.068    12.3831    12.3840     0.0009    12.3775    12.3784     0.0009   4.050233   4.050244   0.000011    35.1116    35.1109     5.8470    26.6028    26.6021          1  0.000e+00
      58616 292.375478  -45.15014  -55.95340      0.008    1474.96     42.361     42.012    12.3824    12.3840     0.0016    12.3768    12.3784     0.0016   4.050220   4.050179  -0.000041    35.1122    35.1103     5.8470    26.6034    26.6016          1  0.000e+00
      58617 292.375478  -45.15014  -55.95340      0.006    1474.96     42.361     42.012    12.3823    12.3834     0.0011    12.3767    12.3778     0.0011   4.050246   4.050030  -0.000216    35.1126    35.1095     5.8470    26.6037    26.6011          1  0.000e+00
      58618 292.375479  -45.15014  -55.95340     -0.002    1474.96     42.305     41.957    12.3824    12.3822    -0.0002    12.3768    12.3766    -0.0002   4.050227   4.049933  -0.000294    35.1123    35.1096     5.8469    26.6035    26.6015          1  0.000e+00
      58619 292.375479  -45.15014  -55.95340     -0.003    1474.96     42.377     42.028    12.3827    12.3814    -0.0014    12.3771    12.3758    -0.0014   4.050168   4.049836  -0.000332    35.1114    35.1094     5.8511    26.6027    26.6015          1  0.000e+00
      58620 292.375480  -45.15014  -55.95340     -0.008    1474.96     42.361     42.013    12.3831    12.3805    -0.0026    12.3775    12.3749    -0.0026   4.050200   4.049745  -0.000455    35.1113    35.1094     5.8514    26.6026    26.6016          1  0.000e+00
      58621 292.375480  -45.15014  -55.95340     -0.011    1474.96     42.361     42.013    12.3836    12.3806    -0.0030    12.3780    12.3750    -0.0030   4.050115   4.049764  -0.000351    35.1101    35.1095     5.8516    26.6015    26.6017          1  0.000e+00
      58622 292.375481  -45.15014  -55.95340     -0.016    1474.96     42.305     41.957    12.3838    12.3806    -0.0032    12.3782    12.3750    -0.0032   4.050161   4.049777  -0.000384    35.1104    35.1097     5.8475    26.6017    26.6018          1  0.000e+00
      58623 292.375481  -45.15014  -55.95340     -0.010    1474.96     42.418     42.068    12.3836    12.3807    -0.0029    12.3780    12.3751    -0.0029   4.050187   4.049751  -0.000436    35.1108    35.1092     5.8517    26.6021    26.6014          1  0.000e+00
      58624 292.375482  -45.15014  -55.95340     -0.019    1474.96     42.305     41.957    12.3838    12.3807    -0.0031    12.3782    12.3751    -0.0031   4.050207   4.049712  -0.000494    35.1108    35.1089     5.8518    26.6021    26.6012          1  0.000e+00
      58625 292.375482  -45.15014  -55.95340     -0.020    1474.96     42.321     41.973    12.3831    12.3810    -0.0021    12.3775    12.3754    -0.0021   4.050220   4.049836  -0.000384    35.1116    35.1098     5.8477    26.6028    26.6018          1  0.000e+00
      58626 292.375483  -45.15014  -55.95340     -0.021    1474.96     42.361     42.013    12.3826    12.3819    -0.0007    12.3770    12.3763    -0.0007   4.050200   4.049881  -0.000319    35.1118    35.1094     5.8518    26.6031    26.6014          1  0.000e+00
      58627 292.375483  -45.15014  -55.95340     -0.023    1474.96     42.361     42.013    12.3826    12.3817    -0.0009    12.3770    12.3761    -0.0009   4.050161   4.049868  -0.000293    35.1114    35.1094     5.8523    26.6028    26.6014          1  0.000e+00
      58628 292.375484  -45.15016  -55.95340     -0.028    1474.96     42.305     41.957    12.3824    12.3814    -0.0010    12.3768    12.3758    -0.0010   4.050121   4.049849  -0.000273    35.1113    35.1096     5.8528    26.6027    26.6016          1  0.000e+00
