Pos-Processados/process_op42/operantar42_029.cnv
* Sea-Bird SBE 9 Data File:
* FileName = C:\Users\Hidrografia\Desktop\OPXLII\Brutos\OP42029.hdr
* Software Version Seasave V 7.26.7.107
* Temperature SN = 6502
* Conductivity SN = 4998
* Number of Bytes Per Scan = 37
* Number of Voltage Words = 4
* Number of Scans Averaged by the Deck Unit = 1
* NMEA Latitude = 62 08.30 S
* NMEA Longitude = 058 26.22 W
* NMEA UTC (Time) = Nov 09 2023 04:08:28
* NMEA baud rate = 4800
** H41
** NPOALTEMAXIMIANO
** NUMERO DA ESTACAO (XXX) 029
** LAT (XX XX.XX S/N) 62 08.530 S
** LONG (XXX XX.XX W/E) 058 26.937 W
** DATAHORA (dd/mm/aaaa hh:mm Z) 09/11/2023 0407Z
** PROFUNDIDADE (m) 424
** OPERADOR CT FILIPE LOPES
# nquan = 30
# nvalues = 724                         
# units = specified
# name 0 = scan: Scan Count
# name 1 = timeJ: Julian Days
# name 2 = latitude: Latitude [deg]
# name 3 = longitude: Longitude [deg]
# name 4 = dz/dtM: Descent Rate [m/s]
# name 5 = avgsvCM: Average Sound Velocity [Chen-Millero, m/s]
# name 6 = prDM: Pressure, Digiquartz [db]
# name 7 = depSM: Depth [salt water, m]
# name 8 = t090C: Temperature [ITS-90, deg C]
# name 9 = t190C: Temperature, 2 [ITS-90, deg C]
# name 10 = T2-T190C: Temperature Difference, 2 - 1 [ITS-90, deg C]
# name 11 = potemp090C: Potential Temperature [ITS-90, deg C]
# name 12 = potemp190C: Potential Temperature, 2 [ITS-90, deg C]
# name 13 = potemp90Cdiff: Potential Temperature, Diff, 2 - 1 [ITS-90, deg C]
# name 14 = c0S/m: Conductivity [S/m]
# name 15 = c1S/m: Conductivity, 2 [S/m]
# name 16 = C2-C1S/m: Conductivity Difference, 2 - 1 [S/m]
# name 17 = sal00: Salinity, Practical [PSU]
# name 18 = sal11: Salinity, Practical, 2 [PSU]
# name 19 = sbeox0ML/L: Oxygen, SBE 43 [ml/l]
# name 20 = sigma-é00: Density [sigma-theta, kg/m^3]
# name 21 = sigma-é11: Density, 2 [sigma-theta, kg/m^3]
# name 22 = sal00: Salinity, Practical [PSU]
# name 23 = sigma-é00: Density [sigma-theta, kg/m^3]
# name 24 = svCM: Sound Velocity [Chen-Millero, m/s]
# name 25 = svCM1: Sound Velocity, 2 [Chen-Millero, m/s]
# name 26 = gsw_ptA0: potential temperature [ITS-90, deg C]
# name 27 = gsw_densityA0: density, TEOS-10 [density, kg/m^3]
# name 28 = gsw_saA0: Absolute Salinity [g/kg]
# name 29 = flag:
# span 0 =       4429,      29840       
# span 1 = 313.174682, 313.186936       
# span 2 =  -62.13942,  -62.13865       
# span 3 =  -58.43516,  -58.42258       
# span 4 =     -1.153,      0.892       
# span 5 =       0.00,    1447.91       
# span 6 =      2.000,    364.000       
# span 7 =      1.991,    360.190       
# span 8 =    -0.8223,    -0.5928       
# span 9 =    -0.8215,    -0.5915       
# span 10 =    -0.0108,     0.0082      
# span 11 =    -0.8273,    -0.5929      
# span 12 =    -0.8265,    -0.5916      
# span 13 =    -0.0107,     0.0082      
# span 14 =   2.789963,   2.819469      
# span 15 =   2.789950,   2.819452      
# span 16 =  -0.000712,   0.000790      
# span 17 =    34.2790,    34.3884      
# span 18 =    34.2783,    34.3873      
# span 19 =     6.8237,     7.6195      
# span 20 =    27.5524,    27.6440      
# span 21 =    27.5522,    27.6431      
# span 22 =    34.2792,    34.3886      
# span 23 =    27.5526,    27.6442      
# span 24 =    1445.43,    1451.22      
# span 25 =    1445.43,    1451.23      
# span 26 =    -0.8272,    -0.5929      
# span 27 =  1027.5672,  1029.3859      
# span 28 =    34.4445,    34.5564      
# span 29 = 0.0000e+00, 0.0000e+00      
# interval = decibars: 1                
# start_time = Nov 09 2023 04:08:28 [NMEA time, header]
# bad_flag = -9.990e-29
*END*
[from data line 484]
      21584 313.182955  -62.13912  -58.42676     -0.911    1447.91    241.000    238.549    -0.7647    -0.7668    -0.0021    -0.7720    -0.7741    -0.0021   2.798592   2.798326  -0.000257    34.3137    34.3126     7.3730    27.5881    27.5874    34.3139    27.5883    1448.59    1448.58    -0.7718  1028.7461    34.4813 0.0000e+00
      21611 313.182968  -62.13912  -58.42676     -0.889    1447.91    240.000    237.559    -0.7654    -0.7644     0.0010    -0.7727    -0.7717     0.0010   2.798475   2.798492  -0.000014    34.3141    34.3128     7.3778    27.5885    27.5874    34.3137    27.5881    1448.57    1448.57    -0.7725  1028.7412    34.4811 0.0000e+00
      21639 313.182981  -62.13912  -58.42674     -0.873    1447.91    239.000    236.570    -0.7724    -0.7670     0.0054    -0.7796    -0.7742     0.0054   2.797817   2.798214   0.000395    34.3139    34.3131     7.3769    27.5886    27.5877    34.3133    27.5882    1448.52    1448.54    -0.7794  1028.7365    34.4807 0.0000e+00
      21667 313.182995  -62.13912  -58.42673     -0.864    1447.91    238.000    235.581    -0.7734    -0.7706     0.0029    -0.7806    -0.7777     0.0029   2.797734   2.797883   0.000158    34.3142    34.3131     7.3774    27.5889    27.5879    34.3140    27.5887    1448.50    1448.51    -0.7804  1028.7323    34.4813 0.0000e+00
      21695 313.183008  -62.13913  -58.42671     -0.857    1447.91    237.000    234.592    -0.7767    -0.7727     0.0040    -0.7838    -0.7798     0.0040   2.797306   2.797649   0.000304    34.3137    34.3132     7.3819    27.5886    27.5881    34.3125    27.5876    1448.46    1448.48    -0.7837  1028.7265    34.4799 0.0000e+00
      21724 313.183022  -62.13914  -58.42670     -0.844    1447.91    236.000    233.603    -0.7848    -0.7788     0.0060    -0.7918    -0.7859     0.0060   2.796641   2.797075   0.000436    34.3138    34.3129     7.3704    27.5890    27.5881    34.3133    27.5886    1448.41    1448.44    -0.7917  1028.7227    34.4806 0.0000e+00
      21754 313.183037  -62.13914  -58.42668     -0.792    1447.91    235.000    232.613    -0.7868    -0.7786     0.0082    -0.7938    -0.7856     0.0082   2.796369   2.797019   0.000626    34.3135    34.3127     7.3763    27.5889    27.5879    34.3125    27.5880    1448.38    1448.42    -0.7936  1028.7174    34.4798 0.0000e+00
      21784 313.183051  -62.13914  -58.42667     -0.797    1447.91    234.000    231.624    -0.7914    -0.7901     0.0013    -0.7984    -0.7971     0.0013   2.795889   2.795942   0.000082    34.3126    34.3123     7.3840    27.5883    27.5880    34.3118    27.5877    1448.34    1448.35    -0.7982  1028.7124    34.4792 0.0000e+00
      21812 313.183065  -62.13914  -58.42665     -0.839    1447.91    233.000    230.634    -0.7944    -0.7922     0.0021    -0.8013    -0.7992     0.0021   2.795531   2.795668   0.000147    34.3117    34.3113     7.3930    27.5878    27.5873    34.3110    27.5872    1448.32    1448.32    -0.8012  1028.7071    34.4784 0.0000e+00
      21839 313.183078  -62.13914  -58.42663     -0.874    1447.91    232.000    229.645    -0.7956    -0.7941     0.0014    -0.8025    -0.8010     0.0014   2.795381   2.795444   0.000065    34.3116    34.3109     7.4029    27.5877    27.5870    34.3109    27.5871    1448.29    1448.30    -0.8023  1028.7023    34.4783 0.0000e+00
      21866 313.183091  -62.13914  -58.42662     -0.892    1447.91    231.000    228.656    -0.7972    -0.7951     0.0020    -0.8041    -0.8021     0.0020   2.795204   2.795309   0.000104    34.3116    34.3107     7.4039    27.5878    27.5870    34.3110    27.5872    1448.27    1448.28    -0.8039  1028.6976    34.4783 0.0000e+00
      21894 313.183104  -62.13914  -58.42660     -0.866    1447.91    230.000    227.667    -0.7976    -0.7962     0.0014    -0.8045    -0.8030     0.0014   2.795131   2.795175   0.000056    34.3115    34.3107     7.4074    27.5877    27.5869    34.3111    27.5873    1448.25    1448.26    -0.8043  1028.6929    34.4784 0.0000e+00
      21924 313.183119  -62.13914  -58.42659     -0.824    1447.91    229.000    226.677    -0.7972    -0.7963     0.0009    -0.8040    -0.8031     0.0009   2.795104   2.795112   0.000008    34.3113    34.3104     7.3929    27.5875    27.5867    34.3109    27.5871    1448.24    1448.24    -0.8038  1028.6880    34.4782 0.0000e+00
      21954 313.183133  -62.13914  -58.42657     -0.807    1447.91    228.000    225.688    -0.7981    -0.7970     0.0011    -0.8049    -0.8038     0.0011   2.794970   2.794996   0.000030    34.3110    34.3102     7.3951    27.5873    27.5866    34.3107    27.5870    1448.21    1448.22    -0.8047  1028.6831    34.4780 0.0000e+00
      21983 313.183147  -62.13914  -58.42656     -0.800    1447.91    227.000    224.698    -0.7982    -0.7972     0.0010    -0.8050    -0.8039     0.0010   2.794927   2.794938   0.000014    34.3112    34.3102     7.4157    27.5874    27.5866    34.3109    27.5872    1448.20    1448.20    -0.8048  1028.6785    34.4782 0.0000e+00
      22013 313.183162  -62.13914  -58.42654     -0.811    1447.91    226.000    223.709    -0.7984    -0.7975     0.0010    -0.8052    -0.8042     0.0010   2.794870   2.794871   0.000004    34.3112    34.3102     7.4023    27.5875    27.5866    34.3109    27.5873    1448.18    1448.18    -0.8050  1028.6738    34.4783 0.0000e+00
      22043 313.183176  -62.13914  -58.42652     -0.804    1447.91    225.000    222.720    -0.7984    -0.7974     0.0009    -0.8051    -0.8041     0.0009   2.794813   2.794826   0.000009    34.3111    34.3101     7.4058    27.5873    27.5865    34.3107    27.5871    1448.17    1448.17    -0.8049  1028.6688    34.4780 0.0000e+00
      22073 313.183191  -62.13914  -58.42651     -0.795    1447.91    224.000    221.731    -0.7990    -0.7978     0.0012    -0.8057    -0.8045     0.0012   2.794704   2.794737   0.000036    34.3109    34.3100     7.4082    27.5872    27.5865    34.3106    27.5870    1448.15    1448.15    -0.8055  1028.6640    34.4779 0.0000e+00
      22103 313.183205  -62.13914  -58.42650     -0.806    1447.91    223.000    220.741    -0.7990    -0.7983     0.0007    -0.8056    -0.8050     0.0007   2.794648   2.794629  -0.000016    34.3106    34.3096     7.4053    27.5870    27.5862    34.3105    27.5869    1448.13    1448.13    -0.8055  1028.6591    34.4778 0.0000e+00
      22133 313.183219  -62.13914  -58.42648     -0.804    1447.91    222.000    219.752    -0.7975    -0.7973     0.0002    -0.8041    -0.8039     0.0002   2.794747   2.794679  -0.000064    34.3107    34.3095     7.4136    27.5870    27.5861    34.3107    27.5870    1448.12    1448.12    -0.8039  1028.6544    34.4780 0.0000e+00
      22162 313.183234  -62.13914  -58.42646     -0.815    1447.91    221.000    218.763    -0.7968    -0.7963     0.0005    -0.8034    -0.8029     0.0005   2.794754   2.794722  -0.000034    34.3107    34.3097     7.4190    27.5870    27.5862    34.3106    27.5869    1448.11    1448.11    -0.8032  1028.6496    34.4779 0.0000e+00
      22192 313.183248  -62.13914  -58.42645     -0.816    1447.91    220.000    217.773    -0.7969    -0.7964     0.0005    -0.8034    -0.8029     0.0005   2.794700   2.794672  -0.000027    34.3107    34.3097     7.4155    27.5870    27.5862    34.3106    27.5869    1448.09    1448.09    -0.8033  1028.6448    34.4779 0.0000e+00
      22222 313.183262  -62.13914  -58.42643     -0.797    1447.91    219.000    216.784    -0.7971    -0.7963     0.0008    -0.8036    -0.8028     0.0008   2.794627   2.794619  -0.000009    34.3105    34.3095     7.4108    27.5869    27.5860    34.3105    27.5868    1448.07    1448.07    -0.8034  1028.6399    34.4778 0.0000e+00
      22252 313.183277  -62.13914  -58.42642     -0.802    1447.91    218.000    215.795    -0.7971    -0.7963     0.0008    -0.8035    -0.8028     0.0008   2.794581   2.794573  -0.000004    34.3104    34.3095     7.4115    27.5868    27.5860    34.3104    27.5868    1448.06    1448.06    -0.8034  1028.6351    34.4777 0.0000e+00
      22281 313.183291  -62.13914  -58.42640     -0.807    1447.91    217.000    214.805    -0.7974    -0.7963     0.0011    -0.8038    -0.8027     0.0011   2.794504   2.794528   0.000022    34.3104    34.3095     7.4207    27.5868    27.5860    34.3103    27.5867    1448.04    1448.04    -0.8037  1028.6303    34.4776 0.0000e+00
      22311 313.183305  -62.13914  -58.42638     -0.807    1447.91    216.000    213.816    -0.7979    -0.7969     0.0010    -0.8043    -0.8033     0.0010   2.794411   2.794419   0.000004    34.3104    34.3093     7.4186    27.5868    27.5859    34.3102    27.5867    1448.02    1448.02    -0.8041  1028.6255    34.4775 0.0000e+00
      22340 313.183319  -62.13914  -58.42637     -0.820    1447.91    215.000    212.826    -0.7991    -0.7976     0.0015    -0.8055    -0.8040     0.0015   2.794233   2.794289   0.000057    34.3101    34.3091     7.4101    27.5865    27.5857    34.3098    27.5864    1448.00    1448.00    -0.8053  1028.6204    34.4771 0.0000e+00
      22369 313.183333  -62.13914  -58.42635     -0.830    1447.91    214.000    211.837    -0.7990    -0.7984     0.0007    -0.8054    -0.8047     0.0007   2.794185   2.794163  -0.000017    34.3097    34.3087     7.4014    27.5863    27.5855    34.3098    27.5863    1447.98    1447.98    -0.8052  1028.6156    34.4770 0.0000e+00
      22398 313.183347  -62.13914  -58.42634     -0.833    1447.91    213.000    210.848    -0.7983    -0.7978     0.0005    -0.8046    -0.8041     0.0005   2.794216   2.794176  -0.000037    34.3100    34.3089     7.4035    27.5864    27.5855    34.3099    27.5864    1447.97    1447.97    -0.8044  1028.6109    34.4771 0.0000e+00
      22427 313.183361  -62.13916  -58.42632     -0.823    1447.91    212.000    209.858    -0.7994    -0.7981     0.0012    -0.8057    -0.8044     0.0012   2.794053   2.794094   0.000030    34.3099    34.3089     7.4117    27.5864    27.5856    34.3096    27.5862    1447.95    1447.95    -0.8055  1028.6059    34.4768 0.0000e+00
      22456 313.183375  -62.13916  -58.42631     -0.824    1447.91    211.000    208.869    -0.8013    -0.7996     0.0017    -0.8076    -0.8059     0.0017   2.793805   2.793899   0.000097    34.3092    34.3086     7.4236    27.5859    27.5854    34.3090    27.5858    1447.92    1447.93    -0.8074  1028.6007    34.4762 0.0000e+00
      22485 313.183389  -62.13916  -58.42629     -0.821    1447.91    210.000    207.879    -0.8017    -0.8005     0.0013    -0.8080    -0.8067     0.0013   2.793711   2.793755   0.000046    34.3091    34.3082     7.4235    27.5859    27.5851    34.3089    27.5857    1447.90    1447.91    -0.8078  1028.5959    34.4761 0.0000e+00
      22514 313.183403  -62.13916  -58.42628     -0.826    1447.91    209.000    206.890    -0.8023    -0.8013     0.0010    -0.8085    -0.8074     0.0010   2.793609   2.793621   0.000015    34.3089    34.3079     7.4169    27.5858    27.5849    34.3087    27.5856    1447.88    1447.89    -0.8083  1028.5910    34.4760 0.0000e+00
      22543 313.183417  -62.13916  -58.42626     -0.825    1447.91    208.000    205.901    -0.8026    -0.8015     0.0010    -0.8087    -0.8077     0.0010   2.793542   2.793559   0.000017    34.3089    34.3080     7.4170    27.5858    27.5849    34.3087    27.5856    1447.87    1447.87    -0.8086  1028.5863    34.4759 0.0000e+00
      22573 313.183432  -62.13916  -58.42625     -0.828    1447.91    207.000    204.911    -0.8041    -0.8027     0.0014    -0.8102    -0.8088     0.0014   2.793347   2.793394   0.000049    34.3087    34.3078     7.4190    27.5857    27.5849    34.3085    27.5855    1447.84    1447.85    -0.8101  1028.5814    34.4757 0.0000e+00
      22602 313.183446  -62.13916  -58.42623     -0.814    1447.91    206.000    203.922    -0.8053    -0.8041     0.0012    -0.8114    -0.8101     0.0012   2.793199   2.793224   0.000021    34.3087    34.3076     7.4255    27.5857    27.5848    34.3084    27.5855    1447.82    1447.82    -0.8112  1028.5766    34.4756 0.0000e+00
      22631 313.183460  -62.13916  -58.42622     -0.820    1447.91    205.000    202.932    -0.8061    -0.8050     0.0011    -0.8121    -0.8111     0.0011   2.793077   2.793082   0.000011    34.3085    34.3074     7.4320    27.5855    27.5847    34.3083    27.5854    1447.80    1447.80    -0.8120  1028.5718    34.4755 0.0000e+00
      22661 313.183474  -62.13916  -58.42620     -0.823    1447.91    204.000    201.943    -0.8056    -0.8049     0.0007    -0.8116    -0.8109     0.0007   2.793067   2.793053  -0.000014    34.3084    34.3074     7.4277    27.5854    27.5846    34.3082    27.5853    1447.79    1447.79    -0.8115  1028.5669    34.4754 0.0000e+00
      22691 313.183489  -62.13916  -58.42618     -0.791    1447.91    203.000    200.954    -0.8061    -0.8050     0.0010    -0.8120    -0.8110     0.0010   2.792991   2.792998   0.000009    34.3085    34.3075     7.4269    27.5856    27.5847    34.3083    27.5854    1447.77    1447.77    -0.8119  1028.5622    34.4755 0.0000e+00
      22723 313.183504  -62.13916  -58.42617     -0.768    1447.91    202.000    199.964    -0.8062    -0.8053     0.0009    -0.8121    -0.8113     0.0009   2.792935   2.792925  -0.000011    34.3084    34.3073     7.4305    27.5855    27.5846    34.3083    27.5854    1447.75    1447.75    -0.8120  1028.5574    34.4755 0.0000e+00
      22754 313.183519  -62.13916  -58.42616     -0.758    1447.91    201.000    198.975    -0.8064    -0.8053     0.0011    -0.8124    -0.8112     0.0011   2.792862   2.792874   0.000010    34.3084    34.3073     7.4351    27.5855    27.5845    34.3082    27.5854    1447.73    1447.74    -0.8122  1028.5526    34.4754 0.0000e+00
      22785 313.183534  -62.13916  -58.42614     -0.781    1447.91    200.000    197.985    -0.8072    -0.8061     0.0011    -0.8131    -0.8120     0.0011   2.792745   2.792766   0.000022    34.3083    34.3073     7.4362    27.5855    27.5846    34.3081    27.5853    1447.71    1447.72    -0.8129  1028.5478    34.4753 0.0000e+00
      22813 313.183548  -62.13916  -58.42611     -0.822    1447.91    199.000    196.996    -0.8078    -0.8066     0.0011    -0.8136    -0.8125     0.0011   2.792637   2.792663   0.000023    34.3081    34.3072     7.4495    27.5853    27.5845    34.3079    27.5852    1447.69    1447.70    -0.8135  1028.5429    34.4751 0.0000e+00
      22842 313.183561  -62.13916  -58.42610     -0.848    1447.91    198.000    196.006    -0.8092    -0.8078     0.0014    -0.8150    -0.8136     0.0014   2.792454   2.792496   0.000044    34.3079    34.3070     7.4436    27.5852    27.5844    34.3077    27.5850    1447.67    1447.68    -0.8149  1028.5380    34.4749 0.0000e+00
      22871 313.183575  -62.13916  -58.42609     -0.839    1447.91    197.000    195.017    -0.8093    -0.8082     0.0010    -0.8150    -0.8140     0.0010   2.792404   2.792420   0.000019    34.3078    34.3069     7.4364    27.5851    27.5844    34.3077    27.5850    1447.65    1447.66    -0.8149  1028.5332    34.4749 0.0000e+00
      22902 313.183590  -62.13916  -58.42608     -0.788    1447.91    196.000    194.028    -0.8079    -0.8078     0.0001    -0.8137    -0.8136     0.0001   2.792487   2.792416  -0.000075    34.3080    34.3069     7.4357    27.5852    27.5843    34.3080    27.5852    1447.64    1447.64    -0.8135  1028.5286    34.4751 0.0000e+00
      22934 313.183606  -62.13916  -58.42606     -0.738    1447.91    195.000    193.038    -0.8064    -0.8053     0.0010    -0.8121    -0.8111     0.0010   2.792600   2.792596   0.000006    34.3082    34.3071     7.4414    27.5853    27.5844    34.3083    27.5854    1447.64    1447.64    -0.8120  1028.5240    34.4755 0.0000e+00
