Pos-Processados/process_op42/operantar42_021.cnv
* Sea-Bird SBE 9 Data File:
* FileName = C:\Users\Hidrografia\Desktop\OPXLII\Brutos\OP42021.hdr
* Software Version Seasave V 7.26.7.107
* Temperature SN = 6502
* Conductivity SN = 4998
* Number of Bytes Per Scan = 37
* Number of Voltage Words = 4
* Number of Scans Averaged by the Deck Unit = 1
* NMEA Latitude = 62 16.32 S
* NMEA Longitude = 058 25.69 W
* NMEA UTC (Time) = Nov 07 2023 20:05:24
* NMEA baud rate = 4800
** H41
** NPOALTEMAXIMIANO
** NUMERO DA ESTACAO (XXX) 021
** LAT (XX XX.XX S/N) 62 16.30 S
** LONG (XXX XX.XX W/E) 058 25.70 W
** DATAHORA (dd/mm/aaaa hh:mm Z) 07/11/2023 2004Z
** PROFUNDIDADE (m) 145
** OPERADOR CT FABIREZA
# nquan = 30
# nvalues = 333                         
# units = specified
# name 0 = scan: Scan Count
# name 1 = timeJ: Julian Days
# name 2 = latitude: Latitude [deg]
# name 3 = longitude: Longitude [deg]
# name 4 = dz/dtM: Descent Rate [m/s]
# name 5 = avgsvCM: Average Sound Velocity [Chen-Millero, m/s]
# name 6 = prDM: Pressure, Digiquartz [db]
# name 7 = depSM: Depth [salt water, m]
# name 8 = t090C: Temperature [ITS-90, deg C]
# name 9 = t190C: Temperature, 2 [ITS-90, deg C]
# name 10 = T2-T190C: Temperature Difference, 2 - 1 [ITS-90, deg C]
# name 11 = potemp090C: Potential Temperature [ITS-90, deg C]
# name 12 = potemp190C: Potential Temperature, 2 [ITS-90, deg C]
# name 13 = potemp90Cdiff: Potential Temperature, Diff, 2 - 1 [ITS-90, deg C]
# name 14 = c0S/m: Conductivity [S/m]
# name 15 = c1S/m: Conductivity, 2 [S/m]
# name 16 = C2-C1S/m: Conductivity Difference, 2 - 1 [S/m]
# name 17 = sal00: Salinity, Practical [PSU]
# name 18 = sal11: Salinity, Practical, 2 [PSU]
# name 19 = sbeox0ML/L: Oxygen, SBE 43 [ml/l]
# name 20 = sigma-é00: Density [sigma-theta, kg/m^3]
# name 21 = sigma-é11: Density, 2 [sigma-theta, kg/m^3]
# name 22 = sal00: Salinity, Practical [PSU]
# name 23 = sigma-é00: Density [sigma-theta, kg/m^3]
# name 24 = svCM: Sound Velocity [Chen-Millero, m/s]
# name 25 = svCM1: Sound Velocity, 2 [Chen-Millero, m/s]
# name 26 = gsw_ptA0: potential temperature [ITS-90, deg C]
# name 27 = gsw_densityA0: density, TEOS-10 [density, kg/m^3]
# name 28 = gsw_saA0: Absolute Salinity [g/kg]
# name 29 = flag:
# span 0 =       2468,      19452       
# span 1 = 311.838273, 311.846464       
# span 2 =  -62.27344,  -62.27227       
# span 3 =  -58.42719,  -58.41846       
# span 4 =     -1.098,      1.090       
# span 5 =       0.00,    1446.75       
# span 6 =      3.000,    169.000       
# span 7 =      2.974,    167.306       
# span 8 =    -0.6371,    -0.5148       
# span 9 =    -0.6363,    -0.5140       
# span 10 =    -0.0068,     0.0183      
# span 11 =    -0.6394,    -0.5151      
# span 12 =    -0.6386,    -0.5144      
# span 13 =    -0.0068,     0.0183      
# span 14 =   2.799035,   2.817608      
# span 15 =   2.799027,   2.817519      
# span 16 =  -0.000811,   0.001639      
# span 17 =    34.2824,    34.3704      
# span 18 =    34.2822,    34.3690      
# span 19 =     6.8357,     7.6424      
# span 20 =    27.5521,    27.6246      
# span 21 =    27.5521,    27.6234      
# span 22 =    34.2831,    34.3708      
# span 23 =    27.5527,    27.6248      
# span 24 =    1445.67,    1448.43      
# span 25 =    1445.67,    1448.40      
# span 26 =    -0.6394,    -0.5151      
# span 27 =  1027.5728,  1028.4348      
# span 28 =    34.4464,    34.5370      
# span 29 = 0.0000e+00, 0.0000e+00      
# interval = decibars: 1                
# start_time = Nov 07 2023 20:05:24 [NMEA time, header]
# bad_flag = -9.990e-29
*END*
[from data line 291]
      14074 311.843870  -62.27316  -58.42120     -0.755    1446.75     44.000     43.573    -0.6156    -0.6155     0.0001    -0.6169    -0.6168     0.0001   2.800713   2.800628  -0.000090    34.2947    34.2934     7.4258    27.5662    27.5651    34.2950    27.5664    1446.06    1446.06    -0.6169  1027.7817    34.4606 0.0000e+00
      14099 311.843882  -62.27316  -58.42118     -0.909    1446.75     43.000     42.583    -0.6150    -0.6143     0.0006    -0.6163    -0.6156     0.0006   2.800680   2.800649  -0.000038    34.2943    34.2931     7.4289    27.5658    27.5648    34.2945    27.5660    1446.04    1446.05    -0.6162  1027.7765    34.4601 0.0000e+00
      14125 311.843894  -62.27316  -58.42117     -0.961    1446.75     42.000     41.592    -0.6149    -0.6141     0.0008    -0.6161    -0.6153     0.0008   2.800655   2.800625  -0.000032    34.2945    34.2931     7.4446    27.5660    27.5648    34.2947    27.5662    1446.03    1446.03    -0.6161  1027.7718    34.4603 0.0000e+00
      14157 311.843910  -62.27316  -58.42116     -0.793    1446.75     41.000     40.602    -0.6151    -0.6144     0.0007    -0.6163    -0.6156     0.0007   2.800594   2.800565  -0.000029    34.2945    34.2934     7.4355    27.5660    27.5651    34.2947    27.5662    1446.01    1446.01    -0.6163  1027.7670    34.4603 0.0000e+00
      14195 311.843928  -62.27316  -58.42114     -0.625    1446.75     40.000     39.612    -0.6152    -0.6145     0.0007    -0.6163    -0.6157     0.0007   2.800542   2.800510  -0.000034    34.2946    34.2933     7.4470    27.5661    27.5650    34.2947    27.5662    1445.99    1446.00    -0.6163  1027.7623    34.4603 0.0000e+00
      14224 311.843943  -62.27316  -58.42112     -0.749    1446.75     39.000     38.622    -0.6157    -0.6141     0.0016    -0.6168    -0.6153     0.0016   2.800456   2.800477   0.000011    34.2948    34.2932     7.4450    27.5663    27.5649    34.2948    27.5662    1445.98    1445.98    -0.6168  1027.7575    34.4603 0.0000e+00
      14249 311.843955  -62.27316  -58.42111     -0.913    1446.75     38.000     37.631    -0.6166    -0.6150     0.0016    -0.6177    -0.6161     0.0016   2.800347   2.800370   0.000019    34.2950    34.2935     7.4425    27.5665    27.5652    34.2949    27.5664    1445.96    1445.96    -0.6177  1027.7529    34.4605 0.0000e+00
      14277 311.843968  -62.27316  -58.42110     -0.926    1446.75     37.000     36.641    -0.6165    -0.6159     0.0005    -0.6176    -0.6170     0.0005   2.800322   2.800279  -0.000039    34.2950    34.2939     7.4412    27.5665    27.5655    34.2951    27.5665    1445.94    1445.94    -0.6176  1027.7482    34.4606 0.0000e+00
      14312 311.843985  -62.27316  -58.42108     -0.715    1446.75     36.000     35.651    -0.6160    -0.6154     0.0007    -0.6171    -0.6164     0.0007   2.800292   2.800267  -0.000024    34.2948    34.2937     7.4456    27.5663    27.5654    34.2948    27.5663    1445.92    1445.93    -0.6171  1027.7432    34.4604 0.0000e+00
      14350 311.844003  -62.27316  -58.42107     -0.612    1446.75     35.000     34.661    -0.6155    -0.6152     0.0003    -0.6165    -0.6162     0.0003   2.800282   2.800227  -0.000051    34.2946    34.2936     7.4413    27.5661    27.5653    34.2947    27.5662    1445.91    1445.91    -0.6165  1027.7383    34.4602 0.0000e+00
      14375 311.844015  -62.27317  -58.42105     -0.815    1446.75     34.000     33.671    -0.6143    -0.6136     0.0007    -0.6154    -0.6146     0.0007   2.800306   2.800257  -0.000056    34.2943    34.2927     7.4505    27.5658    27.5645    34.2943    27.5658    1445.90    1445.90    -0.6153  1027.7331    34.4598 0.0000e+00
      14397 311.844026  -62.27318  -58.42103     -1.028    1446.75     33.000     32.680    -0.6131    -0.6122     0.0009    -0.6141    -0.6132     0.0009   2.800317   2.800287  -0.000036    34.2936    34.2921     7.4350    27.5652    27.5639    34.2937    27.5653    1445.89    1445.89    -0.6140  1027.7277    34.4592 0.0000e+00
      14419 311.844037  -62.27318  -58.42102     -1.098    1446.75     32.000     31.690    -0.6132    -0.6120     0.0012    -0.6141    -0.6130     0.0012   2.800257   2.800252  -0.000003    34.2935    34.2921     7.4355    27.5651    27.5639    34.2936    27.5652    1445.87    1445.87    -0.6141  1027.7229    34.4591 0.0000e+00
      14448 311.844051  -62.27318  -58.42101     -0.926    1446.75     31.000     30.700    -0.6129    -0.6123     0.0006    -0.6138    -0.6132     0.0006   2.800235   2.800195  -0.000037    34.2935    34.2923     7.4457    27.5651    27.5641    34.2936    27.5652    1445.86    1445.86    -0.6138  1027.7181    34.4590 0.0000e+00
      14489 311.844070  -62.27318  -58.42100     -0.603    1446.75     30.000     29.710    -0.6127    -0.6124     0.0003    -0.6136    -0.6133     0.0003   2.800197   2.800143  -0.000056    34.2935    34.2923     7.4486    27.5651    27.5641    34.2935    27.5651    1445.84    1445.84    -0.6136  1027.7132    34.4589 0.0000e+00
      14527 311.844089  -62.27318  -58.42098     -0.602    1446.75     29.000     28.720    -0.6129    -0.6121     0.0008    -0.6137    -0.6130     0.0008   2.800138   2.800118  -0.000022    34.2935    34.2923     7.4319    27.5651    27.5641    34.2935    27.5651    1445.82    1445.83    -0.6137  1027.7084    34.4589 0.0000e+00
      14554 311.844101  -62.27318  -58.42096     -0.807    1446.75     28.000     27.729    -0.6104    -0.6102     0.0002    -0.6113    -0.6110     0.0002   2.800280   2.800196  -0.000086    34.2930    34.2915     7.4730    27.5645    27.5634    34.2933    27.5648    1445.82    1445.82    -0.6112  1027.7033    34.4587 0.0000e+00
      14587 311.844118  -62.27318  -58.42093     -0.773    1446.75     27.000     26.742    -0.6086    -0.6080     0.0006    -0.6094    -0.6088     0.0006   2.800320   2.800279  -0.000041    34.2922    34.2910     7.4605    27.5638    27.5628    34.2923    27.5640    1445.81    1445.81    -0.6094  1027.6977    34.4577 0.0000e+00
      14696 311.844170  -62.27318  -58.42089     -0.111    1446.75     26.000     25.747    -0.6054    -0.6061    -0.0007    -0.6062    -0.6069    -0.0007   2.800464   2.800348  -0.000111    34.2911    34.2904     7.4693    27.5628    27.5623    34.2913    27.5630    1445.81    1445.80    -0.6061  1027.6919    34.4567 0.0000e+00
      14763 311.844203  -62.27319  -58.42085     -0.391    1446.75     25.000     24.761    -0.6048    -0.6046     0.0002    -0.6055    -0.6054     0.0002   2.800444   2.800387  -0.000057    34.2908    34.2898     7.4780    27.5625    27.5618    34.2910    27.5627    1445.79    1445.79    -0.6055  1027.6868    34.4563 0.0000e+00
      14861 311.844250  -62.27320  -58.42081     -0.201    1446.75     24.000     23.768    -0.5991    -0.6005    -0.0013    -0.5998    -0.6012    -0.0013   2.800784   2.800598  -0.000185    34.2895    34.2885     7.4787    27.5612    27.5605    34.2897    27.5614    1445.80    1445.80    -0.5998  1027.6808    34.4551 0.0000e+00
      14928 311.844282  -62.27320  -58.42077     -0.420    1446.75     23.000     22.776    -0.5945    -0.5947    -0.0002    -0.5952    -0.5954    -0.0002   2.801023   2.800954  -0.000085    34.2880    34.2872     7.4870    27.5599    27.5592    34.2883    27.5601    1445.81    1445.80    -0.5952  1027.6746    34.4537 0.0000e+00
      15027 311.844330  -62.27320  -58.42072     -0.204    1446.75     22.000     21.788    -0.5784    -0.5818    -0.0034    -0.5790    -0.5825    -0.0034   2.802199   2.801835  -0.000347    34.2858    34.2850     7.4990    27.5573    27.5569    34.2866    27.5580    1445.86    1445.85    -0.5790  1027.6677    34.4519 0.0000e+00
      15096 311.844363  -62.27320  -58.42068     -0.471    1446.75     21.000     20.797    -0.5740    -0.5724     0.0016    -0.5747    -0.5731     0.0016   2.802533   2.802532  -0.000012    34.2862    34.2842     7.5128    27.5575    27.5558    34.2868    27.5579    1445.87    1445.87    -0.5746  1027.6629    34.4521 0.0000e+00
      16272 311.844930  -62.27328  -58.42008     -0.266    1446.75     20.000     19.809    -0.5721    -0.5715     0.0005    -0.5727    -0.5721     0.0005   2.802602   2.802549  -0.000045    34.2858    34.2846     7.5262    27.5571    27.5561    34.2861    27.5573    1445.86    1445.86    -0.5727  1027.6574    34.4514 0.0000e+00
      18489 311.845999  -62.27339  -58.41895     -0.324    1446.75     19.000     18.812    -0.5692    -0.5683     0.0009    -0.5698    -0.5689     0.0009   2.802701   2.802693  -0.000008    34.2848    34.2837     7.5228    27.5562    27.5552    34.2849    27.5562    1445.85    1445.86    -0.5698  1027.6515    34.4501 0.0000e+00
      18421 311.845966  -62.27338  -58.41899     -0.507    1446.75     18.000     17.827    -0.5677    -0.5678    -0.0002    -0.5682    -0.5684    -0.0002   2.802787   2.802680  -0.000096    34.2847    34.2836     7.5305    27.5560    27.5551    34.2848    27.5561    1445.85    1445.84    -0.5682  1027.6467    34.4501 0.0000e+00
      18463 311.845987  -62.27338  -58.41896     -0.572    1446.75     17.000     16.836    -0.5667    -0.5669    -0.0002    -0.5672    -0.5674    -0.0002   2.802815   2.802709  -0.000102    34.2846    34.2835     7.5390    27.5559    27.5549    34.2847    27.5559    1445.83    1445.83    -0.5672  1027.6418    34.4500 0.0000e+00
      18508 311.846008  -62.27340  -58.41894     -0.529    1446.75     16.000     15.845    -0.5657    -0.5670    -0.0013    -0.5662    -0.5675    -0.0013   2.802860   2.802649  -0.000201    34.2847    34.2834     7.5467    27.5558    27.5549    34.2848    27.5560    1445.82    1445.81    -0.5662  1027.6370    34.4502 0.0000e+00
      18549 311.846028  -62.27340  -58.41891     -0.575    1446.75     15.000     14.855    -0.5644    -0.5636     0.0007    -0.5648    -0.5641     0.0007   2.802904   2.802869  -0.000046    34.2845    34.2830     7.5500    27.5556    27.5544    34.2845    27.5557    1445.81    1445.81    -0.5648  1027.6320    34.4499 0.0000e+00
      18585 311.846045  -62.27340  -58.41890     -0.668    1446.75     14.000     13.865    -0.5659    -0.5642     0.0017    -0.5663    -0.5646     0.0017   2.802726   2.802775   0.000040    34.2846    34.2832     7.5530    27.5558    27.5546    34.2845    27.5557    1445.79    1445.79    -0.5663  1027.6272    34.4499 0.0000e+00
      18628 311.846066  -62.27340  -58.41888     -0.559    1446.75     13.000     12.875    -0.5667    -0.5649     0.0017    -0.5670    -0.5653     0.0017   2.802622   2.802672   0.000053    34.2845    34.2832     7.5467    27.5557    27.5547    34.2846    27.5558    1445.77    1445.78    -0.5671  1027.6226    34.4500 0.0000e+00
      18675 311.846089  -62.27340  -58.41886     -0.503    1446.75     12.000     11.884    -0.5616    -0.5637    -0.0020    -0.5620    -0.5640    -0.0020   2.803055   2.802721  -0.000312    34.2850    34.2831     7.5418    27.5559    27.5545    34.2853    27.5562    1445.78    1445.76    -0.5620  1027.6182    34.4508 0.0000e+00
      18741 311.846121  -62.27340  -58.41882     -0.344    1446.75     11.000     10.896    -0.5563    -0.5585    -0.0022    -0.5566    -0.5589    -0.0022   2.803369   2.803101  -0.000276    34.2839    34.2827     7.5528    27.5548    27.5539    34.2842    27.5550    1445.78    1445.77    -0.5566  1027.6122    34.4496 0.0000e+00
      18836 311.846167  -62.27341  -58.41877     -0.295    1446.75     10.000      9.904    -0.5527    -0.5530    -0.0003    -0.5530    -0.5533    -0.0003   2.803676   2.803519  -0.000145    34.2844    34.2828     7.5548    27.5551    27.5538    34.2849    27.5554    1445.79    1445.78    -0.5530  1027.6079    34.4503 0.0000e+00
      18937 311.846215  -62.27342  -58.41872     -0.217    1446.75      9.000      8.911    -0.5443    -0.5490    -0.0047    -0.5446    -0.5493    -0.0047   2.804288   2.803787  -0.000499    34.2838    34.2825     7.5510    27.5542    27.5534    34.2842    27.5545    1445.81    1445.78    -0.5446  1027.6021    34.4496 0.0000e+00
      19007 311.846249  -62.27342  -58.41868     -0.365    1446.75      8.000      7.924    -0.5461    -0.5458     0.0003    -0.5464    -0.5460     0.0003   2.804042   2.804008  -0.000046    34.2835    34.2825     7.5500    27.5540    27.5532    34.2836    27.5541    1445.78    1445.78    -0.5463  1027.5970    34.4490 0.0000e+00
      19097 311.846293  -62.27342  -58.41864     -0.235    1446.75      7.000      6.933    -0.5451    -0.5449     0.0002    -0.5453    -0.5451     0.0002   2.804110   2.804043  -0.000067    34.2837    34.2826     7.5616    27.5542    27.5532    34.2839    27.5543    1445.77    1445.77    -0.5453  1027.5919    34.4488 0.0000e+00
      19175 311.846330 -9.990e-29  -58.41861     -0.361    1446.75      6.000      5.941    -0.5447    -0.5444     0.0003    -0.5449    -0.5445     0.0003   2.804163   2.804032  -0.000131    34.2847    34.2826     7.5717    27.5550    27.5532    34.2848    27.5551    1445.76    1445.76    -0.5449  1027.5852    34.4464 0.0000e+00
      19226 311.846354  -62.27344  -58.41857     -0.474    1446.75      5.000      4.952    -0.5410    -0.5403     0.0007    -0.5412    -0.5404     0.0007   2.804342   2.804324  -0.000026    34.2834    34.2822     7.5645    27.5537    27.5528    34.2837    27.5540    1445.76    1445.76    -0.5411  1027.5806    34.4469 0.0000e+00
      19299 311.846390  -62.27344  -58.41853     -0.306    1446.75      4.000      3.962    -0.5409    -0.5401     0.0008    -0.5410    -0.5402     0.0008   2.804336   2.804284  -0.000051    34.2839    34.2824     7.5636    27.5542    27.5529    34.2841    27.5543    1445.74    1445.75    -0.5410  1027.5779    34.4494 0.0000e+00
      19452 311.846464  -62.27344  -58.41846     -0.147    1446.75      3.000      2.974    -0.5402    -0.5390     0.0012    -0.5403    -0.5391     0.0012   2.804335   2.804345   0.000004    34.2839    34.2826     7.5658    27.5541    27.5530    34.2839    27.5541    1445.73    1445.73    -0.5403  1027.5730    34.4494 0.0000e+00
