Pos-Processados/process_op42/operantar42_023.cnv
* Sea-Bird SBE 9 Data File:
* FileName = C:\Users\Hidrografia\Desktop\OPXLII\Brutos\OP42023.hdr
* Software Version Seasave V 7.26.7.107
* Temperature SN = 6502
* Conductivity SN = 4998
* Number of Bytes Per Scan = 37
* Number of Voltage Words = 4
* Number of Scans Averaged by the Deck Unit = 1
* NMEA Latitude = 62 09.26 S
* NMEA Longitude = 058 24.38 W
* NMEA UTC (Time) = Nov 08 2023 09:02:28
* NMEA baud rate = 4800
** H41
** NPOALTEMAXIMIANO
** NUMERO DA ESTACAO (XXX) 023
** LAT (XX XX.XX S/N) 62 09.60 S
** LONG (XXX XX.XX W/E) 058 24.03 W
** DATAHORA (dd/mm/aaaa hh:mm Z) 08/11/2023 0901Z
** PROFUNDIDADE (m) 462
** OPERADOR CT FILIPE LOPES
# nquan = 30
# nvalues = 859                         
# units = specified
# name 0 = scan: Scan Count
# name 1 = timeJ: Julian Days
# name 2 = latitude: Latitude [deg]
# name 3 = longitude: Longitude [deg]
# name 4 = dz/dtM: Descent Rate [m/s]
# name 5 = avgsvCM: Average Sound Velocity [Chen-Millero, m/s]
# name 6 = prDM: Pressure, Digiquartz [db]
# name 7 = depSM: Depth [salt water, m]
# name 8 = t090C: Temperature [ITS-90, deg C]
# name 9 = t190C: Temperature, 2 [ITS-90, deg C]
# name 10 = T2-T190C: Temperature Difference, 2 - 1 [ITS-90, deg C]
# name 11 = potemp090C: Potential Temperature [ITS-90, deg C]
# name 12 = potemp190C: Potential Temperature, 2 [ITS-90, deg C]
# name 13 = potemp90Cdiff: Potential Temperature, Diff, 2 - 1 [ITS-90, deg C]
# name 14 = c0S/m: Conductivity [S/m]
# name 15 = c1S/m: Conductivity, 2 [S/m]
# name 16 = C2-C1S/m: Conductivity Difference, 2 - 1 [S/m]
# name 17 = sal00: Salinity, Practical [PSU]
# name 18 = sal11: Salinity, Practical, 2 [PSU]
# name 19 = sbeox0ML/L: Oxygen, SBE 43 [ml/l]
# name 20 = sigma-é00: Density [sigma-theta, kg/m^3]
# name 21 = sigma-é11: Density, 2 [sigma-theta, kg/m^3]
# name 22 = sal00: Salinity, Practical [PSU]
# name 23 = sigma-é00: Density [sigma-theta, kg/m^3]
# name 24 = svCM: Sound Velocity [Chen-Millero, m/s]
# name 25 = svCM1: Sound Velocity, 2 [Chen-Millero, m/s]
# name 26 = gsw_ptA0: potential temperature [ITS-90, deg C]
# name 27 = gsw_densityA0: density, TEOS-10 [density, kg/m^3]
# name 28 = gsw_saA0: Absolute Salinity [g/kg]
# name 29 = flag:
# span 0 =       5676,      33294       
# span 1 = 312.379450, 312.392769       
# span 2 =  -62.15478,  -62.15446       
# span 3 =  -58.40435,  -58.39391       
# span 4 =     -1.055,      1.090       
# span 5 =       0.00,    1448.49       
# span 6 =      2.000,    431.000       
# span 7 =      1.983,    426.411       
# span 8 =    -0.8457,    -0.5070       
# span 9 =    -0.8448,    -0.5047       
# span 10 =    -0.0078,     0.0144      
# span 11 =    -0.8519,    -0.5216      
# span 12 =    -0.8509,    -0.5193      
# span 13 =    -0.0078,     0.0143      
# span 14 =   2.789048,   2.836585      
# span 15 =   2.789015,   2.836675      
# span 16 =  -0.000744,   0.001388      
# span 17 =    34.2875,    34.4253      
# span 18 =    34.2863,    34.4233      
# span 19 =     6.5354,     7.6427      
# span 20 =    27.5606,    27.6690      
# span 21 =    27.5599,    27.6676      
# span 22 =    34.2777,    34.4229      
# span 23 =    27.5571,    27.6674      
# span 24 =    1445.42,    1452.97      
# span 25 =    1445.43,    1452.99      
# span 26 =    -0.8517,    -0.5213      
# span 27 =  1027.5749,  1029.7259      
# span 28 =    34.4441,    34.5913      
# span 29 = 0.0000e+00, 0.0000e+00      
# interval = decibars: 1                
# start_time = Nov 08 2023 09:02:28 [NMEA time, header]
# bad_flag = -9.990e-29
*END*
[from data line 291]
      14066 312.383496  -62.15462  -58.40154      1.053    1446.86    293.000    289.983    -0.6636    -0.6626     0.0010    -0.6729    -0.6719     0.0010   2.813364   2.813373   0.000005    34.3664    34.3653     6.9781    27.6266    27.6257    34.3668    27.6270    1449.98    1449.98    -0.6727  1029.0316    34.5347 0.0000e+00
      14089 312.383507  -62.15462  -58.40152      1.068    1446.86    294.000    290.972    -0.6642    -0.6633     0.0009    -0.6735    -0.6727     0.0009   2.813299   2.813311  -0.000004    34.3664    34.3653     6.9738    27.6267    27.6258    34.3660    27.6263    1449.99    1450.00    -0.6733  1029.0357    34.5339 0.0000e+00
      14113 312.383519  -62.15462  -58.40152      1.022    1446.86    295.000    291.961    -0.6773    -0.6758     0.0014    -0.6866    -0.6852     0.0014   2.812322   2.812317  -0.000007    34.3680    34.3663     6.9807    27.6285    27.6271    34.3670    27.6277    1449.95    1449.95    -0.6864  1029.0420    34.5349 0.0000e+00
      14139 312.383531  -62.15462  -58.40150      0.947    1446.86    296.000    292.950    -0.6794    -0.6784     0.0009    -0.6887    -0.6878     0.0009   2.812229   2.812211  -0.000009    34.3669    34.3657     6.9824    27.6277    27.6267    34.3675    27.6282    1449.96    1449.96    -0.6885  1029.0472    34.5354 0.0000e+00
      14166 312.383544  -62.15462  -58.40150      0.907    1446.87    297.000    293.939    -0.6639    -0.6621     0.0018    -0.6733    -0.6715     0.0018   2.813702   2.813845   0.000140    34.3679    34.3676     6.9852    27.6279    27.6276    34.3692    27.6290    1450.05    1450.06    -0.6731  1029.0526    34.5372 0.0000e+00
      14193 312.383557  -62.15462  -58.40148      0.891 -9.990e-29    298.000    294.928    -0.6554    -0.6555    -0.0002    -0.6648    -0.6650    -0.0002   2.814607   2.814562  -0.000038    34.3700    34.3697     6.9897    27.6292    27.6290    34.3712    27.6302    1450.11    1450.10    -0.6646  1029.0584    34.5391 0.0000e+00
      14219 312.383570  -62.15462  -58.40148      0.900 -9.990e-29    299.000    295.917    -0.6498    -0.6472     0.0026    -0.6593    -0.6567     0.0026   2.815339   2.815499   0.000142    34.3725    34.3714     6.9797    27.6310    27.6300    34.3741    27.6323    1450.15    1450.16    -0.6591  1029.0652    34.5420 0.0000e+00
      14245 312.383582  -62.15462  -58.40146      0.927 -9.990e-29    300.000    296.905    -0.6421    -0.6401     0.0020    -0.6517    -0.6497     0.0020   2.816077   2.816145   0.000082    34.3737    34.3726     6.9621    27.6316    27.6306    34.3747    27.6325    1450.21    1450.21    -0.6515  1029.0701    34.5427 0.0000e+00
      14270 312.383594  -62.15462  -58.40145      0.957    1447.34    301.000    297.895    -0.6423    -0.6404     0.0019    -0.6519    -0.6500     0.0019   2.816122   2.816186   0.000065    34.3744    34.3732     6.9472    27.6322    27.6311    34.3749    27.6326    1450.22    1450.23    -0.6517  1029.0750    34.5429 0.0000e+00
      14294 312.383606  -62.15462  -58.40144      0.988    1447.36    302.000    298.884    -0.6431    -0.6423     0.0008    -0.6528    -0.6519     0.0008   2.816083   2.816046  -0.000038    34.3742    34.3727     6.9343    27.6321    27.6308    34.3747    27.6325    1450.23    1450.23    -0.6525  1029.0797    34.5427 0.0000e+00
      14317 312.383617  -62.15462  -58.40143      1.004    1447.36    303.000    299.873    -0.6419    -0.6422    -0.0003    -0.6515    -0.6519    -0.0003   2.816210   2.816108  -0.000087    34.3738    34.3731     6.9268    27.6318    27.6312    34.3744    27.6322    1450.26    1450.25    -0.6514  1029.0841    34.5424 0.0000e+00
      14342 312.383629  -62.15462  -58.40142      0.993    1447.36    304.000    300.862    -0.6411    -0.6410     0.0000    -0.6508    -0.6507     0.0000   2.816324   2.816264  -0.000060    34.3736    34.3728     6.9209    27.6316    27.6309    34.3744    27.6322    1450.28    1450.27    -0.6506  1029.0889    34.5424 0.0000e+00
      14367 312.383641  -62.15462  -58.40142      0.969    1447.36    305.000    301.850    -0.6417    -0.6412     0.0005    -0.6514    -0.6509     0.0005   2.816339   2.816293  -0.000055    34.3744    34.3731     6.9252    27.6322    27.6311    34.3748    27.6325    1450.29    1450.29    -0.6512  1029.0939    34.5427 0.0000e+00
      14392 312.383653  -62.15462  -58.40141      0.948    1447.36    306.000    302.840    -0.6420    -0.6416     0.0004    -0.6518    -0.6514     0.0004   2.816347   2.816303  -0.000050    34.3742    34.3731     6.9221    27.6321    27.6311    34.3746    27.6324    1450.30    1450.30    -0.6516  1029.0986    34.5426 0.0000e+00
      14418 312.383665  -62.15462  -58.40140      0.944    1447.36    307.000    303.829    -0.6410    -0.6403     0.0006    -0.6508    -0.6502     0.0006   2.816469   2.816470   0.000008    34.3740    34.3734     6.9178    27.6318    27.6313    34.3744    27.6322    1450.32    1450.33    -0.6506  1029.1031    34.5424 0.0000e+00
      14442 312.383677  -62.15462  -58.40140      0.964    1447.36    308.000    304.818    -0.6412    -0.6393     0.0020    -0.6511    -0.6491     0.0020   2.816567   2.816706   0.000103    34.3748    34.3739     6.9194    27.6325    27.6317    34.3755    27.6330    1450.34    1450.35    -0.6509  1029.1087    34.5434 0.0000e+00
      14465 312.383688  -62.15462  -58.40139      1.006    1447.36    309.000    305.807    -0.6289    -0.6271     0.0018    -0.6389    -0.6370     0.0018   2.817872   2.817970   0.000125    34.3766    34.3762     6.9108    27.6334    27.6330    34.3785    27.6350    1450.42    1450.43    -0.6386  1029.1153    34.5465 0.0000e+00
      14488 312.383699  -62.15462  -58.40138      1.039    1447.36    310.000    306.796    -0.6267    -0.6258     0.0010    -0.6367    -0.6357     0.0010   2.818138   2.818143   0.000011    34.3785    34.3775     6.9138    27.6348    27.6341    34.3789    27.6352    1450.45    1450.45    -0.6365  1029.1203    34.5469 0.0000e+00
      14512 312.383711  -62.15462  -58.40137      1.045    1447.36    311.000    307.784    -0.6282    -0.6269     0.0014    -0.6383    -0.6369     0.0014   2.818063   2.818087   0.000022    34.3785    34.3772     6.9141    27.6349    27.6338    34.3791    27.6354    1450.46    1450.46    -0.6380  1029.1252    34.5471 0.0000e+00
      14537 312.383723  -62.15462  -58.40136      0.999    1447.36    312.000    308.773    -0.6277    -0.6266     0.0011    -0.6377    -0.6366     0.0011   2.818170   2.818154  -0.000013    34.3787    34.3773     6.9070    27.6351    27.6339    34.3793    27.6355    1450.48    1450.48    -0.6375  1029.1301    34.5472 0.0000e+00
      14564 312.383736  -62.15462  -58.40135      0.907    1447.36    313.000    309.762    -0.6281    -0.6278     0.0003    -0.6382    -0.6379     0.0003   2.818188   2.818138  -0.000043    34.3791    34.3782     6.8973    27.6354    27.6347    34.3794    27.6356    1450.49    1450.49    -0.6380  1029.1350    34.5474 0.0000e+00
      14591 312.383749  -62.15462  -58.40134      0.866    1447.36    314.000    310.751    -0.6283    -0.6275     0.0008    -0.6384    -0.6377     0.0008   2.818253   2.818213  -0.000045    34.3795    34.3780     6.8854    27.6358    27.6346    34.3799    27.6361    1450.50    1450.51    -0.6382  1029.1402    34.5479 0.0000e+00
      14617 312.383761  -62.15463  -58.40133      0.912    1447.36    315.000    311.740    -0.6294    -0.6289     0.0006    -0.6396    -0.6390     0.0006   2.818188   2.818128  -0.000057    34.3793    34.3779     6.8850    27.6357    27.6345    34.3796    27.6359    1450.52    1450.52    -0.6393  1029.1448    34.5476 0.0000e+00
      14641 312.383773  -62.15464  -58.40132      0.975    1447.36    316.000    312.728    -0.6284    -0.6273     0.0010    -0.6386    -0.6375     0.0010   2.818284   2.818315   0.000021    34.3788    34.3779     6.8869    27.6352    27.6344    34.3791    27.6355    1450.54    1450.54    -0.6384  1029.1491    34.5471 0.0000e+00
      14665 312.383785  -62.15464  -58.40131      1.003    1447.36    317.000    313.717    -0.6272    -0.6261     0.0010    -0.6374    -0.6363     0.0010   2.818453   2.818459   0.000011    34.3791    34.3781     6.8839    27.6354    27.6345    34.3794    27.6356    1450.56    1450.56    -0.6372  1029.1540    34.5474 0.0000e+00
      14689 312.383796  -62.15464  -58.40130      0.988    1447.36    318.000    314.707    -0.6296    -0.6284     0.0012    -0.6398    -0.6386     0.0012   2.818264   2.818284   0.000025    34.3791    34.3780     6.8757    27.6355    27.6346    34.3790    27.6354    1450.56    1450.57    -0.6396  1029.1585    34.5470 0.0000e+00
      14714 312.383808  -62.15464  -58.40128      0.968    1447.36    319.000    315.695    -0.6284    -0.6282     0.0002    -0.6387    -0.6385     0.0002   2.818459   2.818384  -0.000076    34.3791    34.3779     6.8795    27.6355    27.6345    34.3797    27.6359    1450.59    1450.59    -0.6385  1029.1638    34.5477 0.0000e+00
      14739 312.383820  -62.15464  -58.40128      0.962    1447.36    320.000    316.684    -0.6278    -0.6262     0.0016    -0.6381    -0.6366     0.0016   2.818535   2.818570   0.000035    34.3794    34.3781     6.8778    27.6357    27.6345    34.3795    27.6357    1450.61    1450.61    -0.6379  1029.1683    34.5475 0.0000e+00
      14764 312.383832  -62.15464  -58.40128      0.972    1447.36    321.000    317.673    -0.6275    -0.6279    -0.0005    -0.6378    -0.6383    -0.0005   2.818600   2.818468  -0.000124    34.3792    34.3781     6.8845    27.6355    27.6346    34.3793    27.6356    1450.62    1450.62    -0.6376  1029.1730    34.5473 0.0000e+00
      14788 312.383844  -62.15464  -58.40126      0.990    1447.36    322.000    318.663    -0.6289    -0.6283     0.0006    -0.6392    -0.6387     0.0006   2.818523   2.818456  -0.000066    34.3791    34.3776     6.8867    27.6355    27.6342    34.3792    27.6356    1450.63    1450.63    -0.6391  1029.1777    34.5472 0.0000e+00
      14812 312.383856  -62.15464  -58.40126      0.996    1447.36    323.000    319.651    -0.6294    -0.6285     0.0009    -0.6398    -0.6389     0.0009   2.818435   2.818436  -0.000002    34.3783    34.3772     6.8832    27.6348    27.6339    34.3781    27.6347    1450.64    1450.65    -0.6396  1029.1816    34.5461 0.0000e+00
      14837 312.383867  -62.15464  -58.40124      0.985    1447.36    324.000    320.640    -0.6316    -0.6313     0.0003    -0.6420    -0.6418     0.0003   2.818208   2.818166  -0.000048    34.3771    34.3761     6.8772    27.6339    27.6331    34.3769    27.6338    1450.65    1450.65    -0.6418  1029.1855    34.5449 0.0000e+00
      14861 312.383879  -62.15464  -58.40124      0.969    1447.36    325.000    321.628    -0.6355    -0.6345     0.0010    -0.6460    -0.6450     0.0010   2.817899   2.817891  -0.000009    34.3770    34.3758     6.8870    27.6341    27.6331    34.3765    27.6337    1450.65    1450.65    -0.6457  1029.1902    34.5445 0.0000e+00
      14886 312.383891  -62.15464  -58.40122      0.970    1447.36    326.000    322.617    -0.6370    -0.6359     0.0011    -0.6475    -0.6464     0.0011   2.817819   2.817818   0.000004    34.3766    34.3754     6.8909    27.6338    27.6328    34.3765    27.6337    1450.66    1450.66    -0.6473  1029.1950    34.5445 0.0000e+00
      14911 312.383903  -62.15464  -58.40122      0.966    1447.36    327.000    323.606    -0.6350    -0.6346     0.0005    -0.6456    -0.6451     0.0005   2.818059   2.818018  -0.000039    34.3767    34.3757     6.9001    27.6338    27.6329    34.3769    27.6340    1450.68    1450.68    -0.6453  1029.2000    34.5449 0.0000e+00
      14936 312.383915  -62.15464  -58.40122      0.964    1447.36    328.000    324.595    -0.6333    -0.6325     0.0008    -0.6439    -0.6431     0.0008   2.818242   2.818249   0.000005    34.3768    34.3760     6.9119    27.6338    27.6331    34.3768    27.6338    1450.71    1450.71    -0.6437  1029.2045    34.5448 0.0000e+00
      14961 312.383927  -62.15464  -58.40120      0.960    1447.36    329.000    325.584    -0.6320    -0.6314     0.0005    -0.6426    -0.6420     0.0005   2.818470   2.818440  -0.000016    34.3771    34.3762     6.9040    27.6340    27.6333    34.3778    27.6345    1450.73    1450.73    -0.6424  1029.2100    34.5458 0.0000e+00
      14986 312.383939  -62.15464  -58.40120      0.961    1447.36    330.000    326.572    -0.6229    -0.6225     0.0004    -0.6335    -0.6332     0.0004   2.819350   2.819396   0.000026    34.3781    34.3780     6.8996    27.6344    27.6343    34.3787    27.6349    1450.79    1450.79    -0.6333  1029.2150    34.5467 0.0000e+00
      15011 312.383951  -62.15464  -58.40118      0.967    1447.36    331.000    327.562    -0.6278    -0.6263     0.0014    -0.6384    -0.6370     0.0014   2.819048   2.819084   0.000022    34.3799    34.3786     6.9022    27.6361    27.6350    34.3796    27.6358    1450.79    1450.79    -0.6383  1029.2207    34.5476 0.0000e+00
      15036 312.383964  -62.15464  -58.40118      0.962    1447.36    332.000    328.551    -0.6280    -0.6260     0.0020    -0.6388    -0.6367     0.0020   2.819062   2.819165   0.000103    34.3793    34.3784     6.9016    27.6356    27.6348    34.3795    27.6357    1450.80    1450.81    -0.6385  1029.2254    34.5475 0.0000e+00
      15061 312.383976  -62.15464  -58.40116      0.945    1447.36    333.000    329.539    -0.6293    -0.6285     0.0008    -0.6401    -0.6393     0.0008   2.819000   2.818982   0.000001    34.3794    34.3785     6.8898    27.6357    27.6350    34.3795    27.6358    1450.81    1450.81    -0.6398  1029.2302    34.5475 0.0000e+00
      15086 312.383988  -62.15464  -58.40115      0.948    1447.36    334.000    330.528    -0.6271    -0.6266     0.0005    -0.6379    -0.6374     0.0005   2.819203   2.819197  -0.000010    34.3790    34.3784     6.8804    27.6354    27.6348    34.3791    27.6354    1450.84    1450.84    -0.6377  1029.2345    34.5471 0.0000e+00
      15111 312.384000  -62.15464  -58.40114      0.967    1447.36    335.000    331.517    -0.6290    -0.6281     0.0008    -0.6398    -0.6389     0.0008   2.819131   2.819107  -0.000015    34.3793    34.3781     6.8765    27.6356    27.6347    34.3796    27.6359    1450.85    1450.85    -0.6396  1029.2398    34.5476 0.0000e+00
      15134 312.384011  -62.15464  -58.40114      1.001    1447.36    336.000    332.506    -0.6257    -0.6252     0.0005    -0.6366    -0.6361     0.0005   2.819467   2.819435  -0.000041    34.3795    34.3784     6.8700    27.6357    27.6348    34.3798    27.6359    1450.88    1450.88    -0.6363  1029.2446    34.5478 0.0000e+00
      15158 312.384022  -62.15464  -58.40114      1.029    1447.36    337.000    333.494    -0.6253    -0.6247     0.0006    -0.6362    -0.6356     0.0006   2.819569   2.819538  -0.000030    34.3799    34.3788     6.8757    27.6360    27.6351    34.3802    27.6362    1450.90    1450.90    -0.6360  1029.2496    34.5482 0.0000e+00
      15181 312.384034  -62.15464  -58.40112      1.033    1447.36    338.000    334.483    -0.6253    -0.6250     0.0003    -0.6363    -0.6360     0.0003   2.819587   2.819528  -0.000039    34.3798    34.3789     6.8848    27.6359    27.6352    34.3798    27.6359    1450.91    1450.91    -0.6360  1029.2540    34.5478 0.0000e+00
      15205 312.384045  -62.15464  -58.40111      1.013    1447.36    339.000    335.472    -0.6261    -0.6269    -0.0008    -0.6371    -0.6379    -0.0008   2.819537   2.819435  -0.000115    34.3792    34.3786     6.8844    27.6355    27.6350    34.3794    27.6356    1450.92    1450.92    -0.6369  1029.2585    34.5474 0.0000e+00
