Pos-Processados/process_op42/operantar42_026.ros
* Sea-Bird SBE 9 Data File:
* FileName = C:\Users\Hidrografia\Desktop\OPXLII\Brutos\OP42026.hdr
* Software Version Seasave V 7.26.7.107
* Temperature SN = 6502
* Conductivity SN = 4998
* Number of Bytes Per Scan = 37
* Number of Voltage Words = 4
* Number of Scans Averaged by the Deck Unit = 1
* NMEA Latitude = 62 13.40 S
* NMEA Longitude = 058 12.50 W
* NMEA UTC (Time) = Nov 08 2023 16:16:15
* NMEA baud rate = 4800
** H41
** NPOALTEMAXIMIANO
** NUMERO DA ESTACAO (XXX) 026
** LAT (XX XX.XX S/N) 62  13.401 S
** LONG (XXX XX.XX W/E) 058  12.553 W
** DATAHORA (dd/mm/aaaa hh:mm Z) 08/11/2023 1615Z
** PROFUNDIDADE (m) 390
** OPERADOR 1T ZAMITH
# nquan = 24
# nvalues = 4040                                  
# units = specified
# name 0 = scan: Scan Count
# name 1 = timeJ: Julian Days
# name 2 = latitude: Latitude [deg]
# name 3 = longitude: Longitude [deg]
# name 4 = dz/dtM: Descent Rate [m/s]
# name 5 = avgsvCM: Average Sound Velocity [Chen-Millero, m/s]
# name 6 = prDM: Pressure, Digiquartz [db]
# name 7 = depSM: Depth [salt water, m]
# name 8 = t090C: Temperature [ITS-90, deg C]
# name 9 = t190C: Temperature, 2 [ITS-90, deg C]
# name 10 = T2-T190C: Temperature Difference, 2 - 1 [ITS-90, deg C]
# name 11 = potemp090C: Potential Temperature [ITS-90, deg C]
# name 12 = potemp190C: Potential Temperature, 2 [ITS-90, deg C]
# name 13 = potemp90Cdiff: Potential Temperature, Diff, 2 - 1 [ITS-90, deg C]
# name 14 = c0S/m: Conductivity [S/m]
# name 15 = c1S/m: Conductivity, 2 [S/m]
# name 16 = C2-C1S/m: Conductivity Difference, 2 - 1 [S/m]
# name 17 = sal00: Salinity, Practical [PSU]
# name 18 = sal11: Salinity, Practical, 2 [PSU]
# name 19 = sbeox0ML/L: Oxygen, SBE 43 [ml/l]
# name 20 = sigma-é00: Density [sigma-theta, kg/m^3]
# name 21 = sigma-é11: Density, 2 [sigma-theta, kg/m^3]
# name 22 = nbf: Bottles Fired
# name 23 = flag:  0.000e+00
# interval = seconds: 0.0416667
# start_time = Nov 08 2023 16:16:15 [NMEA time, header]
# bad_flag = -9.990e-29
*END*
[from data line 2657]
      30253 312.692541  -62.22514  -58.19220     -0.004    1448.69      8.471      8.390    -0.8881    -0.8877     0.0004    -0.8883    -0.8879     0.0004   2.774835   2.774811  -0.000024    34.2761    34.2753     7.7495    27.5624    27.5617         16  0.000e+00
      30254 312.692541  -62.22514  -58.19220      0.004    1448.69      8.528      8.446    -0.8881    -0.8875     0.0005    -0.8883    -0.8878     0.0005   2.774931   2.774827  -0.000104    34.2774    34.2754     7.7487    27.5634    27.5618         16  0.000e+00
      30255 312.692541  -62.22514  -58.19220      0.006    1448.69      8.471      8.390    -0.8880    -0.8877     0.0003    -0.8882    -0.8879     0.0003   2.774880   2.774816  -0.000064    34.2766    34.2754     7.7544    27.5628    27.5618         16  0.000e+00
      30256 312.692542  -62.22514  -58.19220      0.008    1448.69      8.471      8.390    -0.8881    -0.8875     0.0005    -0.8883    -0.8878     0.0005   2.774840   2.774811  -0.000030    34.2762    34.2752     7.7547    27.5625    27.5616         16  0.000e+00
      30257 312.692542  -62.22514  -58.19220      0.013    1448.69      8.528      8.446    -0.8881    -0.8877     0.0004    -0.8883    -0.8879     0.0004   2.774852   2.774794  -0.000058    34.2763    34.2751     7.7550    27.5626    27.5615         16  0.000e+00
      30258 312.692543  -62.22514  -58.19220      0.015    1448.69      8.471      8.390    -0.8881    -0.8881    -0.0001    -0.8883    -0.8884    -0.0001   2.774857   2.774805  -0.000052    34.2765    34.2758     7.7552    27.5627    27.5621         16  0.000e+00
      30259 312.692543  -62.22514  -58.19220      0.020    1448.69      8.528      8.446    -0.8885    -0.8881     0.0004    -0.8888    -0.8884     0.0004   2.774840   2.774794  -0.000047    34.2767    34.2756     7.7567    27.5629    27.5620         16  0.000e+00
      30260 312.692544  -62.22514  -58.19218      0.025    1448.69      8.528      8.446    -0.8885    -0.8886    -0.0001    -0.8888    -0.8888    -0.0001   2.774909   2.774788  -0.000120    34.2776    34.2761     7.7569    27.5636    27.5624         16  0.000e+00
      30261 312.692544  -62.22514  -58.19218      0.030    1448.69      8.528      8.446    -0.8885    -0.8884     0.0001    -0.8888    -0.8887     0.0001   2.774857   2.774743  -0.000114    34.2769    34.2753     7.7508    27.5631    27.5617         16  0.000e+00
      30262 312.692545  -62.22514  -58.19218      0.035    1448.69      8.528      8.446    -0.8883    -0.8885    -0.0003    -0.8885    -0.8888    -0.0003   2.774812   2.774771  -0.000040    34.2760    34.2758     7.7490    27.5623    27.5621         16  0.000e+00
      30263 312.692545  -62.22514  -58.19218      0.036    1448.69      8.471      8.390    -0.8887    -0.8883     0.0004    -0.8889    -0.8885     0.0004   2.774783   2.774766  -0.000018    34.2762    34.2755     7.7483    27.5624    27.5619         16  0.000e+00
      30264 312.692546  -62.22514  -58.19218      0.040    1448.69      8.584      8.501    -0.8883    -0.8887    -0.0005    -0.8885    -0.8890    -0.0005   2.774857   2.774777  -0.000080    34.2766    34.2760     7.7477    27.5628    27.5623         16  0.000e+00
      30265 312.692546  -62.22514  -58.19218      0.044    1448.69      8.528      8.446    -0.8885    -0.8886    -0.0001    -0.8888    -0.8888    -0.0001   2.774926   2.774766  -0.000160    34.2779    34.2758     7.7470    27.5638    27.5621         16  0.000e+00
      30266 312.692547  -62.22514  -58.19218      0.051    1448.69      8.528      8.446    -0.8884    -0.8885    -0.0002    -0.8886    -0.8888    -0.0002   2.774920   2.774760  -0.000160    34.2776    34.2756     7.7464    27.5636    27.5620         16  0.000e+00
      30267 312.692547  -62.22514  -58.19218      0.052    1448.69      8.528      8.446    -0.8884    -0.8884    -0.0000    -0.8887    -0.8887    -0.0000   2.774852   2.774777  -0.000075    34.2767    34.2757     7.7460    27.5629    27.5621         16  0.000e+00
      30268 312.692548  -62.22514  -58.19218      0.055    1448.69      8.584      8.501    -0.8884    -0.8886    -0.0002    -0.8887    -0.8888    -0.0002   2.774789   2.774704  -0.000085    34.2758    34.2749     7.7521    27.5622    27.5614         16  0.000e+00
      30269 312.692548  -62.22514  -58.19218      0.058    1448.69      8.528      8.446    -0.8883    -0.8884    -0.0002    -0.8885    -0.8887    -0.0002   2.774818   2.774715  -0.000102    34.2761    34.2749     7.7460    27.5624    27.5614         16  0.000e+00
      30270 312.692549  -62.22514  -58.19218      0.061    1448.69      8.528      8.446    -0.8885    -0.8888    -0.0003    -0.8888    -0.8891    -0.0003   2.774909   2.774749  -0.000160    34.2776    34.2758     7.7456    27.5636    27.5622         16  0.000e+00
      30271 312.692549  -62.22514  -58.19218      0.064    1448.69      8.584      8.501    -0.8885    -0.8889    -0.0004    -0.8888    -0.8891    -0.0004   2.774903   2.774738  -0.000165    34.2775    34.2757     7.7517    27.5635    27.5621         16  0.000e+00
      30272 312.692550  -62.22514  -58.19218      0.062    1448.69      8.528      8.446    -0.8883    -0.8884    -0.0002    -0.8885    -0.8887    -0.0002   2.774926   2.774732  -0.000193    34.2775    34.2751     7.7523    27.5635    27.5616         16  0.000e+00
      30273 312.692550  -62.22514  -58.19218      0.068    1448.69      8.584      8.501    -0.8883    -0.8887    -0.0005    -0.8885    -0.8890    -0.0005   2.774857   2.774749  -0.000108    34.2766    34.2756     7.7530    27.5628    27.5620         16  0.000e+00
      30274 312.692551  -62.22514  -58.19218      0.069    1448.69      8.584      8.501    -0.8884    -0.8887    -0.0003    -0.8887    -0.8890    -0.0003   2.774772   2.774738  -0.000034    34.2756    34.2755     7.7538    27.5620    27.5619         16  0.000e+00
      30275 312.692551  -62.22514  -58.19218      0.071    1448.69      8.528      8.446    -0.8883    -0.8886    -0.0004    -0.8885    -0.8888    -0.0004   2.774772   2.774749  -0.000023    34.2755    34.2755     7.7468    27.5619    27.5619         16  0.000e+00
      30276 312.692552  -62.22514  -58.19218      0.071    1448.69      8.584      8.501    -0.8883    -0.8881     0.0001    -0.8885    -0.8884     0.0001   2.774795   2.774777  -0.000018    34.2757    34.2754     7.7464    27.5621    27.5618         16  0.000e+00
      30277 312.692552  -62.22514  -58.19218      0.076    1448.69      8.584      8.501    -0.8884    -0.8881     0.0003    -0.8887    -0.8884     0.0003   2.774909   2.774766  -0.000143    34.2775    34.2752     7.7460    27.5635    27.5616         16  0.000e+00
      30278 312.692553  -62.22514  -58.19218      0.084    1448.69      8.648      8.565    -0.8883    -0.8883    -0.0000    -0.8885    -0.8885    -0.0000   2.774977   2.774777  -0.000200    34.2782    34.2754     7.7457    27.5640    27.5618         16  0.000e+00
      30279 312.692553  -62.22514  -58.19218      0.080    1448.69      8.536      8.454    -0.8883    -0.8881     0.0001    -0.8885    -0.8884     0.0001   2.774892   2.774788  -0.000103    34.2771    34.2755     7.7518    27.5632    27.5619         16  0.000e+00
      30280 312.692554  -62.22514  -58.19218      0.080    1448.69      8.584      8.501    -0.8884    -0.8881     0.0002    -0.8886    -0.8884     0.0002   2.774840   2.774766  -0.000075    34.2765    34.2752     7.7527    27.5627    27.5616         16  0.000e+00
      30281 312.692554  -62.22514  -58.19218      0.079    1448.69      8.528      8.446    -0.8884    -0.8881     0.0003    -0.8887    -0.8884     0.0003   2.774835   2.774777  -0.000058    34.2765    34.2754     7.7535    27.5627    27.5618         16  0.000e+00
      30282 312.692554  -62.22514  -58.19218      0.086    1448.69      8.648      8.565    -0.8878    -0.8881    -0.0003    -0.8880    -0.8884    -0.0003   2.774869   2.774788  -0.000081    34.2762    34.2755     7.7478    27.5624    27.5619         16  0.000e+00
      30283 312.692555  -62.22514  -58.19218      0.081    1448.69      8.528      8.446    -0.8883    -0.8884    -0.0002    -0.8885    -0.8887    -0.0002   2.774869   2.774766  -0.000103    34.2768    34.2756     7.7475    27.5629    27.5620         16  0.000e+00
      30284 312.692555  -62.22514  -58.19216      0.086    1448.69      8.648      8.565    -0.8883    -0.8881     0.0001    -0.8885    -0.8884     0.0001   2.774914   2.774760  -0.000154    34.2773    34.2751     7.7474    27.5634    27.5615         16  0.000e+00
      30285 312.692556  -62.22514  -58.19216      0.084    1448.69      8.584      8.501    -0.8883    -0.8884    -0.0002    -0.8885    -0.8887    -0.0002   2.774835   2.774760  -0.000074    34.2763    34.2755     7.7462    27.5625    27.5619         16  0.000e+00
      30286 312.692556  -62.22514  -58.19216      0.081    1448.69      8.584      8.501    -0.8883    -0.8884    -0.0002    -0.8885    -0.8887    -0.0002   2.774784   2.774777  -0.000006    34.2756    34.2757     7.7461    27.5619    27.5620         16  0.000e+00
      30287 312.692557  -62.22514  -58.19216      0.085    1448.69      8.648      8.565    -0.8884    -0.8881     0.0002    -0.8886    -0.8884     0.0002   2.774761   2.774766   0.000005    34.2754    34.2752     7.7526    27.5618    27.5616         16  0.000e+00
      30288 312.692557  -62.22514  -58.19216      0.086    1448.69      8.584      8.501    -0.8883    -0.8880     0.0003    -0.8885    -0.8882     0.0003   2.774812   2.774777  -0.000035    34.2760    34.2751     7.7470    27.5623    27.5616         16  0.000e+00
      30289 312.692558  -62.22514  -58.19216      0.082    1448.69      8.584      8.501    -0.8885    -0.8880     0.0006    -0.8888    -0.8882     0.0006   2.774914   2.774743  -0.000171    34.2777    34.2747     7.7469    27.5637    27.5612         16  0.000e+00
      30290 312.692558  -62.22514  -58.19216      0.081    1448.69      8.584      8.501    -0.8887    -0.8880     0.0008    -0.8889    -0.8882     0.0008   2.774920   2.774788  -0.000132    34.2780    34.2753     7.7469    27.5639    27.5617         16  0.000e+00
      30291 312.692559  -62.22514  -58.19216      0.084    1448.69      8.648      8.565    -0.8884    -0.8878     0.0006    -0.8887    -0.8881     0.0006   2.774869   2.774794  -0.000075    34.2769    34.2752     7.7470    27.5630    27.5616         16  0.000e+00
      30292 312.692559  -62.22514  -58.19216      0.079    1448.69      8.584      8.501    -0.8885    -0.8881     0.0004    -0.8888    -0.8884     0.0004   2.774778   2.774766  -0.000012    34.2758    34.2752     7.7525    27.5622    27.5616         16  0.000e+00
      30293 312.692560  -62.22514  -58.19216      0.081    1448.69      8.584      8.501    -0.8885    -0.8880     0.0006    -0.8888    -0.8882     0.0006   2.774772   2.774777   0.000005    34.2757    34.2751     7.7536    27.5621    27.5616         16  0.000e+00
      30294 312.692560  -62.22514  -58.19216      0.079    1448.69      8.648      8.565    -0.8885    -0.8880     0.0006    -0.8888    -0.8882     0.0006   2.774818   2.774822   0.000004    34.2763    34.2757     7.7547    27.5626    27.5621         16  0.000e+00
      30295 312.692561  -62.22514  -58.19216      0.073    1448.69      8.528      8.446    -0.8885    -0.8880     0.0006    -0.8888    -0.8882     0.0006   2.774874   2.774799  -0.000075    34.2772    34.2755     7.7557    27.5633    27.5619         16  0.000e+00
      30296 312.692561  -62.22514  -58.19216      0.075    1448.69      8.648      8.565    -0.8887    -0.8881     0.0006    -0.8889    -0.8884     0.0006   2.774909   2.774805  -0.000104    34.2778    34.2757     7.7569    27.5637    27.5620         16  0.000e+00
      30297 312.692562  -62.22514  -58.19216      0.072    1448.69      8.584      8.501    -0.8887    -0.8881     0.0006    -0.8889    -0.8884     0.0006   2.774869   2.774771  -0.000097    34.2773    34.2753     7.7515    27.5633    27.5617         16  0.000e+00
      30298 312.692562  -62.22514  -58.19216      0.069    1448.69      8.584      8.501    -0.8883    -0.8881     0.0001    -0.8885    -0.8884     0.0001   2.774755   2.774777   0.000022    34.2752    34.2754     7.7515    27.5616    27.5618         16  0.000e+00
      30299 312.692563  -62.22514  -58.19216      0.065    1448.69      8.584      8.501    -0.8885    -0.8880     0.0006    -0.8888    -0.8882     0.0006   2.774761   2.774788   0.000027    34.2756    34.2753     7.7571    27.5620    27.5617         16  0.000e+00
      30300 312.692563  -62.22514  -58.19216      0.065    1448.69      8.648      8.565    -0.8884    -0.8883     0.0001    -0.8887    -0.8885     0.0001   2.774863   2.774805  -0.000058    34.2768    34.2759     7.7517    27.5630    27.5622         16  0.000e+00
      30301 312.692564  -62.22514  -58.19216      0.058    1448.69      8.528      8.446    -0.8884    -0.8881     0.0002    -0.8886    -0.8884     0.0002   2.774982   2.774794  -0.000189    34.2784    34.2756     7.7452    27.5643    27.5620         16  0.000e+00
      30302 312.692564  -62.22514  -58.19216      0.054    1448.69      8.584      8.501    -0.8881    -0.8883    -0.0002    -0.8883    -0.8885    -0.0002   2.774977   2.774766  -0.000211    34.2780    34.2754     7.7497    27.5639    27.5618         16  0.000e+00
      30303 312.692565  -62.22514  -58.19216      0.056    1448.69      8.648      8.565    -0.8875    -0.8881    -0.0006    -0.8877    -0.8884    -0.0006   2.774926   2.774777  -0.000149    34.2766    34.2753     7.7489    27.5628    27.5617         16  0.000e+00
      30304 312.692565  -62.22514  -58.19216      0.051    1448.69      8.584      8.501    -0.8873    -0.8884    -0.0012    -0.8875    -0.8887    -0.0012   2.774948   2.774766  -0.000183    34.2767    34.2755     7.7554    27.5628    27.5619         16  0.000e+00
      30305 312.692566  -62.22514  -58.19216      0.043    1448.69      8.528      8.446    -0.8870    -0.8883    -0.0013    -0.8872    -0.8885    -0.0013   2.774926   2.774777  -0.000149    34.2761    34.2755     7.7501    27.5623    27.5619         16  0.000e+00
      30306 312.692566  -62.22514  -58.19216      0.041    1448.69      8.584      8.501    -0.8867    -0.8884    -0.0017    -0.8869    -0.8887    -0.0017   2.775011   2.774766  -0.000245    34.2769    34.2755     7.7503    27.5630    27.5619         16  0.000e+00
      30307 312.692567  -62.22514  -58.19216      0.036    1448.69      8.592      8.509    -0.8869    -0.8886    -0.0017    -0.8871    -0.8888    -0.0017   2.775045   2.774760  -0.000285    34.2776    34.2757     7.7506    27.5635    27.5620         16  0.000e+00
      30308 312.692567  -62.22514  -58.19214      0.034    1448.69      8.584      8.501    -0.8867    -0.8887    -0.0020    -0.8869    -0.8890    -0.0020   2.775022   2.774760  -0.000262    34.2771    34.2758     7.7510    27.5631    27.5621         16  0.000e+00
      30309 312.692568  -62.22514  -58.19214      0.028    1448.69      8.528      8.446    -0.8864    -0.8885    -0.0021    -0.8866    -0.8888    -0.0021   2.775000   2.774760  -0.000239    34.2765    34.2756     7.7513    27.5626    27.5620         16  0.000e+00
      30310 312.692568  -62.22514  -58.19214      0.026    1448.69      8.584      8.501    -0.8865    -0.8884    -0.0019    -0.8868    -0.8887    -0.0019   2.774948   2.774738  -0.000211    34.2759    34.2752     7.7507    27.5621    27.5616         16  0.000e+00
      30311 312.692568  -62.22514  -58.19214      0.020    1448.69      8.528      8.446    -0.8867    -0.8887    -0.0020    -0.8869    -0.8890    -0.0020   2.774954   2.774732  -0.000222    34.2762    34.2755     7.7501    27.5624    27.5619         16  0.000e+00
