Pos-Processados/process_op42/operantar42_011.cnv
* Sea-Bird SBE 9 Data File:
* FileName = C:\Users\Hidrografia\Desktop\OPXLII\Brutos\OP42011.hdr
* Software Version Seasave V 7.26.7.107
* Temperature SN = 6502
* Conductivity SN = 4998
* Number of Bytes Per Scan = 31
* Number of Voltage Words = 2
* Number of Scans Averaged by the Deck Unit = 1
* NMEA Latitude = 45 08.67 S
* NMEA Longitude = 055 57.85 W
* NMEA UTC (Time) = Oct 19 2023 08:19:59
* NMEA baud rate = 4800
** H41
** NPOALTEMAXIMIANO
** NUMERO DA ESTACAO (XXX) 011
** LAT (XX XX.XX S/N) 45 5.419 S
** LONG (XXX XX.XX W/E) 055 57.980 W
** DATAHORA (dd/mm/aaaa hh:mm Z) 19/10/2023 0819Z
** PROFUNDIDADE (m) 5475
** OPERADOR CT FILIPE LOPES
# nquan = 30
# nvalues = 2027                        
# units = specified
# name 0 = scan: Scan Count
# name 1 = timeJ: Julian Days
# name 2 = latitude: Latitude [deg]
# name 3 = longitude: Longitude [deg]
# name 4 = dz/dtM: Descent Rate [m/s]
# name 5 = avgsvCM: Average Sound Velocity [Chen-Millero, m/s]
# name 6 = prDM: Pressure, Digiquartz [db]
# name 7 = depSM: Depth [salt water, m]
# name 8 = t090C: Temperature [ITS-90, deg C]
# name 9 = t190C: Temperature, 2 [ITS-90, deg C]
# name 10 = T2-T190C: Temperature Difference, 2 - 1 [ITS-90, deg C]
# name 11 = potemp090C: Potential Temperature [ITS-90, deg C]
# name 12 = potemp190C: Potential Temperature, 2 [ITS-90, deg C]
# name 13 = potemp90Cdiff: Potential Temperature, Diff, 2 - 1 [ITS-90, deg C]
# name 14 = c0S/m: Conductivity [S/m]
# name 15 = c1S/m: Conductivity, 2 [S/m]
# name 16 = C2-C1S/m: Conductivity Difference, 2 - 1 [S/m]
# name 17 = sal00: Salinity, Practical [PSU]
# name 18 = sal11: Salinity, Practical, 2 [PSU]
# name 19 = sbeox0ML/L: Oxygen, SBE 43 [ml/l]
# name 20 = sigma-é00: Density [sigma-theta, kg/m^3]
# name 21 = sigma-é11: Density, 2 [sigma-theta, kg/m^3]
# name 22 = sal00: Salinity, Practical [PSU]
# name 23 = sigma-é00: Density [sigma-theta, kg/m^3]
# name 24 = svCM: Sound Velocity [Chen-Millero, m/s]
# name 25 = svCM1: Sound Velocity, 2 [Chen-Millero, m/s]
# name 26 = gsw_ptA0: potential temperature [ITS-90, deg C]
# name 27 = gsw_densityA0: density, TEOS-10 [density, kg/m^3]
# name 28 = gsw_saA0: Absolute Salinity [g/kg]
# name 29 = flag:
# span 0 =       2691,      64842       
# span 1 = 292.348508, 292.378481       
# span 2 =  -45.15070,  -45.14486       
# span 3 =  -55.96379,  -55.95214       
# span 4 =     -1.502,      1.328       
# span 5 =       0.00,    1497.14       
# span 6 =      2.000,   1015.000       
# span 7 =      1.956,   1004.297       
# span 8 =     2.7695,    12.3872       
# span 9 =     2.7704,    12.3883       
# span 10 =    -0.9215,     0.3450      
# span 11 =     2.7025,    12.3814      
# span 12 =     2.7034,    12.3825      
# span 13 =    -0.9211,     0.3449      
# span 14 =   3.125101,   4.051385      
# span 15 =   3.125082,   4.051603      
# span 16 =  -0.094903,   0.038685      
# span 17 =    34.0772,    35.1181      
# span 18 =    34.0786,    35.1151      
# span 19 =     4.0865,     6.7359      
# span 20 =    26.5169,    27.4706      
# span 21 =    26.5179,    27.4702      
# span 22 =    34.0665,    35.1254      
# span 23 =    26.5170,    27.4707      
# span 24 =    1471.02,    1499.02      
# span 25 =    1471.02,    1499.02      
# span 26 =     2.7024,    12.3814      
# span 27 =  1026.5325,  1032.1792      
# span 28 =    34.2276,    35.2914      
# span 29 = 0.0000e+00, 0.0000e+00      
# interval = decibars: 1                
# start_time = Oct 19 2023 08:19:59 [NMEA time, header]
# bad_flag = -9.990e-29
*END*
[from data line 1112]
      35691 292.364422  -45.14806 -9.990e-29     -1.139    1474.96    916.000    906.551     2.9391     2.9415     0.0024     2.8781     2.8805     0.0024   3.153553   3.153649   0.000089    34.4135    34.4121     4.2158    27.4279    27.4266    34.4135    27.4279    1476.43    1476.44     2.8780  1031.6782    34.5796 0.0000e+00
      35712 292.364432  -45.14806 -9.990e-29     -1.158    1474.96    915.000    905.563     2.9405     2.9412     0.0007     2.8796     2.8803     0.0007   3.153520   3.153421  -0.000080    34.4123    34.4106     4.2219    27.4268    27.4254    34.4122    27.4267    1476.42    1476.42     2.8795  1031.6724    34.5782 0.0000e+00
      35737 292.364444  -45.14806 -9.990e-29     -1.052    1474.96    914.000    904.576     2.9402     2.9382    -0.0020     2.8793     2.8773    -0.0020   3.153392   3.153015  -0.000336    34.4117    34.4097     4.2224    27.4263    27.4249    34.4115    27.4262    1476.40    1476.39     2.8792  1031.6673    34.5776 0.0000e+00
      35764 292.364458  -45.14806 -9.990e-29     -0.901    1474.96    913.000    903.589     2.9354     2.9351    -0.0003     2.8746     2.8743    -0.0003   3.152716   3.152638  -0.000119    34.4098    34.4086     4.2247    27.4252    27.4244    34.4090    27.4246    1476.36    1476.36     2.8745  1031.6612    34.5750 0.0000e+00
      35789 292.364470  -45.14806 -9.990e-29     -0.924    1474.96    912.000    902.601     2.9304     2.9296    -0.0008     2.8698     2.8690    -0.0008   3.152063   3.151873  -0.000147    34.4075    34.4067     4.2340    27.4239    27.4233    34.4068    27.4233    1476.32    1476.32     2.8697  1031.6554    34.5728 0.0000e+00
      35816 292.364482  -45.14806 -9.990e-29     -0.941    1474.96    911.000    901.614     2.9236     2.9226    -0.0011     2.8631     2.8621    -0.0010   3.151174   3.151110  -0.000117    34.4049    34.4046     4.2378    27.4224    27.4222    34.4038    27.4215    1476.27    1476.27     2.8630  1031.6492    34.5697 0.0000e+00
      35850 292.364499  -45.14806 -9.990e-29     -0.746    1474.96    910.000    900.626     2.9197     2.9234     0.0037     2.8593     2.8630     0.0037   3.150728   3.151262   0.000471    34.4035    34.4052     4.2441    27.4216    27.4227    34.4030    27.4212    1476.24    1476.26     2.8592  1031.6445    34.5690 0.0000e+00
      35885 292.364516  -45.14806  -55.95796     -0.663    1474.96    909.000    899.639     2.9162     2.9253     0.0091     2.8560     2.8649     0.0090   3.150315   3.151242   0.000993    34.4032    34.4056     4.2561    27.4216    27.4228    34.4022    27.4209    1476.20    1476.25     2.8558  1031.6398    34.5684 0.0000e+00
      35911 292.364528  -45.14806  -55.95794     -0.829    1474.96    908.000    898.651     2.9126     2.9138     0.0012     2.8524     2.8536     0.0012   3.149817   3.149854   0.000057    34.4013    34.4008     4.2633    27.4205    27.4200    34.4005    27.4198    1476.17    1476.17     2.8523  1031.6343    34.5668 0.0000e+00
      35932 292.364538  -45.14806  -55.95794     -1.020    1474.96    907.000    897.663     2.9103     2.9106     0.0004     2.8501     2.8505     0.0004   3.149401   3.149365  -0.000025    34.3995    34.3988     4.2659    27.4192    27.4187    34.3985    27.4184    1476.14    1476.14     2.8500  1031.6284    34.5648 0.0000e+00
      35951 292.364548  -45.14807  -55.95794     -1.161    1474.96    906.000    896.676     2.9084     2.9082    -0.0002     2.8484     2.8482    -0.0002   3.149113   3.148998  -0.000102    34.3983    34.3973     4.2664    27.4185    27.4177    34.3975    27.4178    1476.12    1476.11     2.8483  1031.6232    34.5638 0.0000e+00
      35969 292.364556  -45.14808  -55.95794     -1.253    1474.96    905.000    895.688     2.9056     2.9044    -0.0011     2.8456     2.8445    -0.0011   3.148657   3.148459  -0.000181    34.3966    34.3956     4.2738    27.4173    27.4166    34.3955    27.4164    1476.08    1476.08     2.8455  1031.6174    34.5617 0.0000e+00
      35987 292.364565  -45.14808  -55.95794     -1.332    1474.96    904.000    894.701     2.9024     2.9021    -0.0004     2.8426     2.8422    -0.0004   3.148197   3.148118  -0.000097    34.3949    34.3941     4.2815    27.4162    27.4156    34.3938    27.4154    1476.05    1476.05     2.8425  1031.6118    34.5601 0.0000e+00
      36005 292.364574  -45.14808  -55.95792     -1.354    1474.96    903.000    893.713     2.9007     2.9010     0.0003     2.8410     2.8412     0.0003   3.147972   3.147930  -0.000041    34.3942    34.3934     4.2813    27.4158    27.4151    34.3934    27.4151    1476.03    1476.03     2.8409  1031.6070    34.5596 0.0000e+00
      36025 292.364583  -45.14808  -55.95792     -1.288    1474.96    902.000    892.725     2.9001     2.9008     0.0006     2.8405     2.8411     0.0006   3.147874   3.147842  -0.000028    34.3939    34.3929     4.2826    27.4156    27.4148    34.3933    27.4152    1476.01    1476.01     2.8403  1031.6025    34.5596 0.0000e+00
      36052 292.364596  -45.14808  -55.95792     -1.041    1474.96    901.000    891.738     2.9012     2.9010    -0.0002     2.8416     2.8414    -0.0002   3.147988   3.147847  -0.000137    34.3944    34.3930     4.2870    27.4159    27.4148    34.3941    27.4156    1476.00    1475.99     2.8415  1031.5983    34.5603 0.0000e+00
      36086 292.364613  -45.14808  -55.95792     -0.719    1474.96    900.000    890.750     2.9009     2.9024     0.0015     2.8414     2.8429     0.0015   3.147857   3.147962   0.000093    34.3938    34.3933     4.2911    27.4155    27.4149    34.3933    27.4151    1475.98    1475.99     2.8413  1031.5932    34.5596 0.0000e+00
      36114 292.364626  -45.14808  -55.95791     -0.777    1474.96    899.000    889.763     2.9036     2.9040     0.0004     2.8441     2.8445     0.0004   3.148070   3.148034  -0.000049    34.3935    34.3925     4.2929    27.4150    27.4141    34.3936    27.4150    1475.97    1475.97     2.8440  1031.5885    34.5598 0.0000e+00
      36139 292.364638  -45.14808  -55.95790     -0.916    1474.96    898.000    888.775     2.9117     2.9176     0.0059     2.8522     2.8581     0.0059   3.148729   3.149119   0.000387    34.3929    34.3913     4.2820    27.4138    27.4120    34.3935    27.4143    1475.99    1476.02     2.8521  1031.5829    34.5598 0.0000e+00
      36163 292.364650  -45.14809  -55.95790     -0.987    1474.96    897.000    887.787     2.9186     2.9199     0.0013     2.8592     2.8605     0.0013   3.149232   3.149305   0.000060    34.3924    34.3917     4.2861    27.4127    27.4121    34.3928    27.4131    1476.00    1476.01     2.8591  1031.5769    34.5590 0.0000e+00
      36185 292.364660  -45.14810  -55.95790     -1.051    1474.96    896.000    886.800     2.9201     2.9249     0.0048     2.8607     2.8655     0.0048   3.149348   3.149694   0.000339    34.3927    34.3917     4.2959    27.4129    27.4117    34.3932    27.4133    1475.99    1476.01     2.8606  1031.5725    34.5594 0.0000e+00
      36206 292.364671  -45.14810  -55.95789     -1.110    1474.96    895.000    885.812     2.9227     2.9261     0.0034     2.8634     2.8668     0.0034   3.149536   3.149768   0.000242    34.3927    34.3921     4.2990    27.4126    27.4118    34.3932    27.4130    1475.99    1476.00     2.8633  1031.5676    34.5594 0.0000e+00
      36227 292.364681  -45.14810  -55.95788     -1.137    1474.96    894.000    884.824     2.9241     2.9264     0.0023     2.8649     2.8671     0.0023   3.149613   3.149748   0.000146    34.3928    34.3921     4.3023    27.4126    27.4119    34.3932    27.4129    1475.98    1475.99     2.8648  1031.5628    34.5594 0.0000e+00
      36249 292.364691  -45.14810  -55.95788     -1.121    1474.96    893.000    883.837     2.9247     2.9260     0.0013     2.8656     2.8669     0.0013   3.149608   3.149608   0.000003    34.3928    34.3914     4.2974    27.4125    27.4112    34.3930    27.4127    1475.96    1475.97     2.8654  1031.5580    34.5592 0.0000e+00
      36271 292.364702  -45.14810  -55.95788     -1.097    1474.96    892.000    882.849     2.9258     2.9304     0.0046     2.8667     2.8713     0.0046   3.149605   3.149837   0.000211    34.3920    34.3897     4.2938    27.4118    27.4095    34.3923    27.4120    1475.95    1475.97     2.8666  1031.5528    34.5585 0.0000e+00
      36293 292.364712  -45.14810  -55.95788     -1.094    1474.96    891.000    881.862     2.9281     2.9323     0.0042     2.8690     2.8732     0.0042   3.149687   3.149907   0.000218    34.3911    34.3893     4.2959    27.4108    27.4090    34.3915    27.4111    1475.94    1475.96     2.8689  1031.5472    34.5576 0.0000e+00
      36313 292.364722  -45.14810  -55.95788     -1.130    1474.96    890.000    880.874     2.9308     2.9334     0.0025     2.8718     2.8744     0.0025   3.149824   3.149876   0.000070    34.3902    34.3884     4.2945    27.4099    27.4082    34.3908    27.4103    1475.94    1475.95     2.8717  1031.5417    34.5569 0.0000e+00
      36335 292.364733  -45.14810  -55.95787     -1.146    1474.96    889.000    879.886     2.9326     2.9336     0.0010     2.8737     2.8747     0.0010   3.149816   3.149824   0.000010    34.3889    34.3880     4.2997    27.4087    27.4078    34.3893    27.4089    1475.93    1475.93     2.8736  1031.5357    34.5554 0.0000e+00
      36361 292.364745  -45.14810  -55.95786     -1.013    1474.96    888.000    878.899     2.9322     2.9336     0.0013     2.8734     2.8747     0.0013   3.149737   3.149764   0.000028    34.3890    34.3879     4.3000    27.4088    27.4078    34.3892    27.4089    1475.91    1475.91     2.8733  1031.5311    34.5554 0.0000e+00
      36399 292.364764  -45.14811  -55.95786     -0.668    1474.96    887.000    877.911     2.9320     2.9319    -0.0001     2.8732     2.8731    -0.0001   3.149634   3.149646   0.000019    34.3886    34.3889     4.3041    27.4084    27.4087    34.3888    27.4086    1475.89    1475.89     2.8731  1031.5262    34.5549 0.0000e+00
      36433 292.364780  -45.14812  -55.95786     -0.649    1474.96    886.000    876.924     2.9322     2.9325     0.0003     2.8735     2.8738     0.0003   3.149576   3.149589   0.000016    34.3882    34.3880     4.3017    27.4081    27.4080    34.3883    27.4082    1475.88    1475.88     2.8734  1031.5212    34.5545 0.0000e+00
      36456 292.364791  -45.14812  -55.95784     -0.884    1474.96    885.000    875.936     2.9329     2.9340     0.0011     2.8743     2.8754     0.0011   3.149560   3.149565   0.000005    34.3876    34.3865     4.3062    27.4076    27.4066    34.3879    27.4078    1475.86    1475.86     2.8742  1031.5162    34.5540 0.0000e+00
      36476 292.364801  -45.14812  -55.95784     -1.114    1474.96    884.000    874.948     2.9357     2.9369     0.0012     2.8771     2.8784     0.0012   3.149672   3.149713   0.000038    34.3866    34.3857     4.3092    27.4064    27.4057    34.3868    27.4067    1475.85    1475.86     2.8770  1031.5104    34.5530 0.0000e+00
      36494 292.364809  -45.14812  -55.95784     -1.258    1474.96    883.000    873.961     2.9371     2.9383     0.0013     2.8785     2.8798     0.0013   3.149688   3.149710   0.000024    34.3860    34.3849     4.3056    27.4058    27.4049    34.3861    27.4060    1475.84    1475.85     2.8785  1031.5051    34.5523 0.0000e+00
      36512 292.364818  -45.14812  -55.95784     -1.314    1474.96    882.000    872.973     2.9375     2.9390     0.0016     2.8790     2.8806     0.0016   3.149623   3.149698   0.000057    34.3852    34.3842     4.3063    27.4052    27.4043    34.3854    27.4054    1475.83    1475.83     2.8789  1031.4999    34.5515 0.0000e+00
      36533 292.364828  -45.14812  -55.95782     -1.254    1474.96    881.000    871.985     2.9392     2.9427     0.0035     2.8808     2.8843     0.0035   3.149698   3.149887   0.000184    34.3846    34.3832     4.3050    27.4046    27.4031    34.3850    27.4049    1475.82    1475.83     2.8807  1031.4948    34.5511 0.0000e+00
      36557 292.364840  -45.14812  -55.95782     -1.084    1474.96    880.000    870.997     2.9408     2.9446     0.0038     2.8825     2.8862     0.0037   3.149793   3.150007   0.000201    34.3846    34.3830     4.3069    27.4044    27.4029    34.3851    27.4048    1475.81    1475.82     2.8824  1031.4900    34.5511 0.0000e+00
      36582 292.364852  -45.14812  -55.95782     -0.966    1474.96    879.000    870.010     2.9432     2.9467     0.0035     2.8849     2.8884     0.0035   3.149924   3.150110   0.000189    34.3843    34.3828     4.3082    27.4039    27.4025    34.3846    27.4042    1475.80    1475.81     2.8848  1031.4848    34.5507 0.0000e+00
      36607 292.364864  -45.14812  -55.95782     -0.951    1474.96    878.000    869.022     2.9459     2.9493     0.0034     2.8877     2.8911     0.0034   3.150093   3.150226   0.000145    34.3837    34.3819     4.3076    27.4033    27.4015    34.3843    27.4037    1475.80    1475.81     2.8876  1031.4796    34.5503 0.0000e+00
      36634 292.364877  -45.14812  -55.95780     -0.931    1474.96    877.000    868.034     2.9478     2.9483     0.0006     2.8896     2.8902     0.0006   3.150068   3.149990  -0.000067    34.3824    34.3809     4.3088    27.4020    27.4008    34.3826    27.4022    1475.78    1475.79     2.8895  1031.4735    34.5486 0.0000e+00
      36659 292.364889  -45.14814  -55.95780     -0.919    1474.96    876.000    867.047     2.9473     2.9474     0.0001     2.8892     2.8893     0.0001   3.149903   3.149782  -0.000117    34.3814    34.3799     4.3114    27.4013    27.4001    34.3816    27.4014    1475.77    1475.76     2.8891  1031.4681    34.5476 0.0000e+00
      36684 292.364901  -45.14814  -55.95780     -0.969    1474.96    875.000    866.059     2.9470     2.9492     0.0022     2.8890     2.8912     0.0022   3.149731   3.149812   0.000058    34.3803    34.3786     4.3101    27.4004    27.3989    34.3803    27.4004    1475.74    1475.75     2.8889  1031.4626    34.5464 0.0000e+00
      36709 292.364913  -45.14814  -55.95780     -0.972    1474.96    874.000    865.071     2.9484     2.9533     0.0048     2.8905     2.8953     0.0048   3.149792   3.150020   0.000217    34.3798    34.3773     4.3156    27.3998    27.3974    34.3801    27.4001    1475.74    1475.75     2.8904  1031.4576    34.5461 0.0000e+00
      36738 292.364927  -45.14814  -55.95779     -0.872    1474.96    873.000    864.083     2.9502     2.9545     0.0044     2.8923     2.8966     0.0043   3.149848   3.150074   0.000227    34.3791    34.3773     4.3303    27.3992    27.3973    34.3795    27.3994    1475.73    1475.74     2.8922  1031.4523    34.5455 0.0000e+00
      36765 292.364940  -45.14814  -55.95778     -0.840    1474.96    872.000    863.096     2.9531     2.9549     0.0018     2.8953     2.8971     0.0018   3.150013   3.150081   0.000079    34.3783    34.3774     4.3349    27.3983    27.3974    34.3789    27.3987    1475.72    1475.73     2.8952  1031.4469    34.5449 0.0000e+00
      36788 292.364951  -45.14814 -9.990e-29     -0.955    1474.96    871.000    862.108     2.9576     2.9619     0.0044     2.8998     2.9041     0.0043   3.150307   3.150582   0.000249    34.3776    34.3760     4.3369    27.3972    27.3956    34.3782    27.3978    1475.72    1475.74     2.8997  1031.4411    34.5439 0.0000e+00
      36811 292.364963  -45.14814 -9.990e-29     -1.040    1474.96    870.000    861.120     2.9646     2.9691     0.0046     2.9068     2.9114     0.0046   3.150797   3.151105   0.000284    34.3764    34.3750     4.3374    27.3957    27.3942    34.3773    27.3964    1475.74    1475.75     2.9067  1031.4349    34.5430 0.0000e+00
      36836 292.364975  -45.14814 -9.990e-29     -1.004    1474.96    869.000    860.133     2.9647     2.9724     0.0076     2.9071     2.9147     0.0076   3.150754   3.151265   0.000498    34.3766    34.3746     4.3375    27.3959    27.3936    34.3771    27.3963    1475.72    1475.75     2.9069  1031.4302    34.5428 0.0000e+00
