Pos-Processados/process_op42/operantar42_011.cnv
* Sea-Bird SBE 9 Data File:
* FileName = C:\Users\Hidrografia\Desktop\OPXLII\Brutos\OP42011.hdr
* Software Version Seasave V 7.26.7.107
* Temperature SN = 6502
* Conductivity SN = 4998
* Number of Bytes Per Scan = 31
* Number of Voltage Words = 2
* Number of Scans Averaged by the Deck Unit = 1
* NMEA Latitude = 45 08.67 S
* NMEA Longitude = 055 57.85 W
* NMEA UTC (Time) = Oct 19 2023 08:19:59
* NMEA baud rate = 4800
** H41
** NPOALTEMAXIMIANO
** NUMERO DA ESTACAO (XXX) 011
** LAT (XX XX.XX S/N) 45 5.419 S
** LONG (XXX XX.XX W/E) 055 57.980 W
** DATAHORA (dd/mm/aaaa hh:mm Z) 19/10/2023 0819Z
** PROFUNDIDADE (m) 5475
** OPERADOR CT FILIPE LOPES
# nquan = 30
# nvalues = 2027                        
# units = specified
# name 0 = scan: Scan Count
# name 1 = timeJ: Julian Days
# name 2 = latitude: Latitude [deg]
# name 3 = longitude: Longitude [deg]
# name 4 = dz/dtM: Descent Rate [m/s]
# name 5 = avgsvCM: Average Sound Velocity [Chen-Millero, m/s]
# name 6 = prDM: Pressure, Digiquartz [db]
# name 7 = depSM: Depth [salt water, m]
# name 8 = t090C: Temperature [ITS-90, deg C]
# name 9 = t190C: Temperature, 2 [ITS-90, deg C]
# name 10 = T2-T190C: Temperature Difference, 2 - 1 [ITS-90, deg C]
# name 11 = potemp090C: Potential Temperature [ITS-90, deg C]
# name 12 = potemp190C: Potential Temperature, 2 [ITS-90, deg C]
# name 13 = potemp90Cdiff: Potential Temperature, Diff, 2 - 1 [ITS-90, deg C]
# name 14 = c0S/m: Conductivity [S/m]
# name 15 = c1S/m: Conductivity, 2 [S/m]
# name 16 = C2-C1S/m: Conductivity Difference, 2 - 1 [S/m]
# name 17 = sal00: Salinity, Practical [PSU]
# name 18 = sal11: Salinity, Practical, 2 [PSU]
# name 19 = sbeox0ML/L: Oxygen, SBE 43 [ml/l]
# name 20 = sigma-é00: Density [sigma-theta, kg/m^3]
# name 21 = sigma-é11: Density, 2 [sigma-theta, kg/m^3]
# name 22 = sal00: Salinity, Practical [PSU]
# name 23 = sigma-é00: Density [sigma-theta, kg/m^3]
# name 24 = svCM: Sound Velocity [Chen-Millero, m/s]
# name 25 = svCM1: Sound Velocity, 2 [Chen-Millero, m/s]
# name 26 = gsw_ptA0: potential temperature [ITS-90, deg C]
# name 27 = gsw_densityA0: density, TEOS-10 [density, kg/m^3]
# name 28 = gsw_saA0: Absolute Salinity [g/kg]
# name 29 = flag:
# span 0 =       2691,      64842       
# span 1 = 292.348508, 292.378481       
# span 2 =  -45.15070,  -45.14486       
# span 3 =  -55.96379,  -55.95214       
# span 4 =     -1.502,      1.328       
# span 5 =       0.00,    1497.14       
# span 6 =      2.000,   1015.000       
# span 7 =      1.956,   1004.297       
# span 8 =     2.7695,    12.3872       
# span 9 =     2.7704,    12.3883       
# span 10 =    -0.9215,     0.3450      
# span 11 =     2.7025,    12.3814      
# span 12 =     2.7034,    12.3825      
# span 13 =    -0.9211,     0.3449      
# span 14 =   3.125101,   4.051385      
# span 15 =   3.125082,   4.051603      
# span 16 =  -0.094903,   0.038685      
# span 17 =    34.0772,    35.1181      
# span 18 =    34.0786,    35.1151      
# span 19 =     4.0865,     6.7359      
# span 20 =    26.5169,    27.4706      
# span 21 =    26.5179,    27.4702      
# span 22 =    34.0665,    35.1254      
# span 23 =    26.5170,    27.4707      
# span 24 =    1471.02,    1499.02      
# span 25 =    1471.02,    1499.02      
# span 26 =     2.7024,    12.3814      
# span 27 =  1026.5325,  1032.1792      
# span 28 =    34.2276,    35.2914      
# span 29 = 0.0000e+00, 0.0000e+00      
# interval = decibars: 1                
# start_time = Oct 19 2023 08:19:59 [NMEA time, header]
# bad_flag = -9.990e-29
*END*
[from data line 1644]
      49285 292.370978  -45.14928 -9.990e-29     -1.257    1474.96    384.000    380.524     4.1252     4.1187    -0.0065     4.0978     4.0913    -0.0065   3.212723   3.211937  -0.000767    34.1576    34.1553     5.9142    27.1059    27.1047    34.1561    27.1047    1472.35    1472.31     4.0977  1028.8857    34.3186 0.0000e+00
      49303 292.370987  -45.14928 -9.990e-29     -1.343    1474.96    383.000    379.534     4.1180     4.1121    -0.0060     4.0907     4.0848    -0.0060   3.211795   3.211194  -0.000643    34.1549    34.1535     5.9188    27.1045    27.1040    34.1531    27.1031    1472.30    1472.27     4.0906  1028.8795    34.3156 0.0000e+00
      49322 292.370996  -45.14930 -9.990e-29     -1.345    1474.96    382.000    378.544     4.1134     4.1093    -0.0041     4.0862     4.0821    -0.0041   3.211389   3.210846  -0.000506    34.1545    34.1527     5.9382    27.1046    27.1037    34.1536    27.1039    1472.26    1472.24     4.0861  1028.8758    34.3161 0.0000e+00
      49347 292.371008  -45.14930 -9.990e-29     -1.108    1474.96    381.000    377.554     4.1142     4.1083    -0.0059     4.0871     4.0812    -0.0059   3.211466   3.210758  -0.000714    34.1547    34.1523     5.9785    27.1047    27.1035    34.1542    27.1043    1472.25    1472.22     4.0870  1028.8716    34.3167 0.0000e+00
      49386 292.371027  -45.14930  -55.95532     -0.638    1474.96    380.000    376.564     4.1106     4.1142     0.0035     4.0835     4.0871     0.0035   3.211009   3.211303   0.000221    34.1543    34.1533     6.0298    27.1048    27.1036    34.1531    27.1038    1472.22    1472.23     4.0835  1028.8664    34.3155 0.0000e+00
      49421 292.371044  -45.14930  -55.95532     -0.652    1474.96    379.000    375.574     4.1043     4.1078     0.0036     4.0773     4.0808     0.0035   3.210225   3.210530   0.000331    34.1520    34.1523     6.0303    27.1036    27.1034    34.1509    27.1028    1472.17    1472.18     4.0772  1028.8608    34.3133 0.0000e+00
      49447 292.371056  -45.14930  -55.95532     -0.842    1474.96    378.000    374.584     4.1031     4.1062     0.0031     4.0762     4.0793     0.0031   3.210035   3.210288   0.000194    34.1512    34.1503     6.0310    27.1031    27.1021    34.1504    27.1024    1472.15    1472.16     4.0762  1028.8559    34.3128 0.0000e+00
      49472 292.371068  -45.14930  -55.95530     -0.941    1474.96    377.000    373.594     4.1081     4.1135     0.0054     4.0813     4.0866     0.0054   3.210497   3.210838   0.000377    34.1508    34.1497     6.0392    27.1023    27.1008    34.1512    27.1025    1472.15    1472.17     4.0812  1028.8513    34.3136 0.0000e+00
      49497 292.371080  -45.14930  -55.95530     -0.971    1474.96    376.000    372.604     4.1139     4.1174     0.0035     4.0871     4.0906     0.0035   3.210881   3.211171   0.000254    34.1505    34.1498     6.0458    27.1014    27.1004    34.1503    27.1012    1472.16    1472.17     4.0870  1028.8453    34.3127 0.0000e+00
      49521 292.371092  -45.14932  -55.95530     -0.988    1474.96    375.000    371.614     4.1197     4.1210     0.0013     4.0930     4.0943     0.0013   3.211438   3.211497   0.000077    34.1505    34.1500     6.0549    27.1008    27.1003    34.1513    27.1015    1472.17    1472.17     4.0929  1028.8409    34.3137 0.0000e+00
      49544 292.371103  -45.14932  -55.95528     -1.028    1474.96    374.000    370.624     4.1254     4.1299     0.0045     4.0988     4.1032     0.0045   3.211962   3.212300   0.000317    34.1515    34.1506     6.0626    27.1010    27.0998    34.1521    27.1014    1472.18    1472.20     4.0987  1028.8362    34.3145 0.0000e+00
      49566 292.371114  -45.14932  -55.95528     -1.062    1474.96    373.000    369.633     4.1292     4.1360     0.0069     4.1026     4.1094     0.0068   3.212262   3.212843   0.000553    34.1518    34.1512     6.0708    27.1008    27.0997    34.1522    27.1012    1472.18    1472.21     4.1026  1028.8312    34.3146 0.0000e+00
      49591 292.371126  -45.14932  -55.95528     -1.012    1474.96    372.000    368.644     4.1321     4.1362     0.0042     4.1056     4.1097     0.0041   3.212498   3.212788   0.000303    34.1521    34.1514     6.0707    27.1008    27.0998    34.1525    27.1011    1472.17    1472.19     4.1055  1028.8265    34.3149 0.0000e+00
      49618 292.371139  -45.14932  -55.95526     -0.912    1474.96    371.000    367.653     4.1337     4.1336    -0.0001     4.1072     4.1071    -0.0001   3.212603   3.212497  -0.000072    34.1522    34.1514     6.0637    27.1007    27.1000    34.1527    27.1010    1472.16    1472.16     4.1071  1028.8218    34.3151 0.0000e+00
      49645 292.371152  -45.14932  -55.95526     -0.883    1474.96    370.000    366.663     4.1378     4.1346    -0.0032     4.1114     4.1082    -0.0032   3.213076   3.212588  -0.000415    34.1532    34.1516     6.0534    27.1010    27.1001    34.1545    27.1020    1472.17    1472.15     4.1113  1028.8182    34.3169 0.0000e+00
      49671 292.371164  -45.14932  -55.95526     -0.920    1474.96    369.000    365.673     4.1487     4.1891     0.0404     4.1223     4.1626     0.0403   3.214097   3.218129   0.003542    34.1540    34.1538     6.0549    27.1005    27.0961    34.1558    27.1019    1472.20    1472.37     4.1223  1028.8133    34.3182 0.0000e+00
      49697 292.371177  -45.14932  -55.95526     -0.935    1474.96    368.000    364.683     4.1942     4.2458     0.0516     4.1677     4.2192     0.0515   3.218909   3.223533   0.004434    34.1597    34.1583     6.0495    27.1003    27.0938    34.1659    27.1052    1472.38    1472.60     4.1677  1028.8115    34.3283 0.0000e+00
      49722 292.371189  -45.14933  -55.95525     -0.931    1474.96    367.000    363.693     4.2242     4.2653     0.0411     4.1977     4.2387     0.0410   3.221653   3.225221   0.003924    34.1606    34.1642     6.0521    27.0979    27.0964    34.1676    27.1034    1472.49    1472.66     4.1977  1028.8048    34.3300 0.0000e+00
      49746 292.371200  -45.14934  -55.95524     -0.981    1474.96    366.000    362.703     4.2872     4.2972     0.0101     4.2606     4.2706     0.0101   3.227665   3.228447   0.000729    34.1674    34.1655     6.0343    27.0966    27.0941    34.1736    27.1015    1472.75    1472.79     4.2606  1028.7977    34.3360 0.0000e+00
      49769 292.371212  -45.14934  -55.95524     -1.025    1474.96    365.000    361.713     4.3050     4.3204     0.0154     4.2785     4.2938     0.0153   3.229293   3.230531   0.001221    34.1695    34.1679     6.0164    27.0964    27.0935    34.1748    27.1006    1472.80    1472.87     4.2784  1028.7920    34.3372 0.0000e+00
      49796 292.371224  -45.14934  -55.95524     -0.960    1474.96    364.000    360.723     4.3147     4.3220     0.0073     4.2883     4.2955     0.0072   3.229962   3.230567   0.000648    34.1695    34.1696     5.9720    27.0953    27.0947    34.1730    27.0982    1472.83    1472.86     4.2882  1028.7849    34.3355 0.0000e+00
      49825 292.371239  -45.14934  -55.95524     -0.835    1474.96    363.000    359.732     4.3160     4.3065    -0.0095     4.2896     4.2801    -0.0094   3.230194   3.228741  -0.001051    34.1705    34.1679     5.9175    27.0960    27.0950    34.1750    27.0996    1472.82    1472.77     4.2895  1028.7817    34.3375 0.0000e+00
      49856 292.371253  -45.14934  -55.95522     -0.785    1474.96    362.000    358.743     4.3436     4.3142    -0.0294     4.3172     4.2879    -0.0293   3.232925   3.230091  -0.003006    34.1741    34.1692     5.8822    27.0959    27.0952    34.1790    27.0999    1472.92    1472.80     4.3171  1028.7771    34.3415 0.0000e+00
      49884 292.371267  -45.14934  -55.95522     -0.828    1474.96    361.000    357.753     4.3539     4.3542     0.0003     4.3275     4.3278     0.0003   3.233752   3.233788  -0.000150    34.1752    34.1731     5.8757    27.0957    27.0940    34.1786    27.0985    1472.95    1472.95     4.3275  1028.7709    34.3411 0.0000e+00
      49908 292.371278  -45.14934  -55.95522     -0.928    1474.96    360.000    356.762     4.3655     4.3819     0.0164     4.3392     4.3555     0.0164   3.234832   3.236341   0.001448    34.1760    34.1760     5.8713    27.0952    27.0934    34.1798    27.0981    1472.98    1473.05     4.3391  1028.7659    34.3422 0.0000e+00
      49930 292.371289  -45.14934  -55.95520     -1.045    1474.96    359.000    355.772     4.3709     4.3962     0.0253     4.3446     4.3699     0.0253   3.235428   3.237629   0.002224    34.1773    34.1772     5.8612    27.0956    27.0928    34.1817    27.0991    1472.99    1473.09     4.3446  1028.7622    34.3442 0.0000e+00
      49951 292.371299  -45.14936  -55.95520     -1.108    1474.96    358.000    354.782     4.3938     4.4158     0.0221     4.3675     4.3895     0.0220   3.237786   3.239648   0.001802    34.1803    34.1786     5.8492    27.0955    27.0918    34.1862    27.1002    1473.07    1473.16     4.3675  1028.7585    34.3487 0.0000e+00
      49974 292.371310  -45.14936  -55.95520     -1.090    1474.96    357.000    353.792     4.4171     4.4366     0.0195     4.3909     4.4103     0.0194   3.239807   3.241529   0.001681    34.1818    34.1813     5.8432    27.0942    27.0917    34.1863    27.0978    1473.15    1473.23     4.3908  1028.7512    34.3488 0.0000e+00
      50001 292.371323  -45.14936 -9.990e-29     -0.969    1474.96    356.000    352.801     4.4280     4.4369     0.0089     4.4018     4.4106     0.0089   3.240876   3.241402   0.000791    34.1832    34.1833     5.8386    27.0942    27.0933    34.1881    27.0980    1473.18    1473.22     4.4017  1028.7468    34.3507 0.0000e+00
      50029 292.371337  -45.14936 -9.990e-29     -0.852    1474.96    355.000    351.811     4.4543     4.4177    -0.0366     4.4281     4.3916    -0.0365   3.243326   3.239742  -0.003502    34.1856    34.1824     5.8192    27.0932    27.0946    34.1901    27.0968    1473.28    1473.12     4.4280  1028.7407    34.3526 0.0000e+00
      50056 292.371350  -45.14936 -9.990e-29     -0.860    1474.96    354.000    350.821     4.4598     4.4559    -0.0039     4.4336     4.4298    -0.0039   3.243795   3.243308  -0.000582    34.1870    34.1842     5.8043    27.0937    27.0920    34.1905    27.0965    1473.29    1473.27     4.4336  1028.7357    34.3530 0.0000e+00
      50083 292.371363  -45.14936 -9.990e-29     -0.908    1474.96    353.000    349.831     4.4612     4.4625     0.0013     4.4351     4.4365     0.0013   3.243819   3.243760  -0.000045    34.1870    34.1851     5.7875    27.0936    27.0919    34.1898    27.0958    1473.27    1473.28     4.4350  1028.7304    34.3524 0.0000e+00
      50109 292.371376  -45.14936 -9.990e-29     -0.905    1474.96    352.000    348.841     4.4589     4.4550    -0.0039     4.4330     4.4291    -0.0039   3.243474   3.242922  -0.000502    34.1868    34.1849     5.7755    27.0936    27.0926    34.1886    27.0951    1473.25    1473.23     4.4329  1028.7251    34.3511 0.0000e+00
      50137 292.371389  -45.14937 -9.990e-29     -0.884    1474.96    351.000    347.850     4.4461     4.4454    -0.0007     4.4202     4.4195    -0.0007   3.241893   3.241926  -0.000078    34.1839    34.1837     5.7692    27.0927    27.0927    34.1839    27.0927    1473.17    1473.17     4.4202  1028.7182    34.3464 0.0000e+00
      50165 292.371402  -45.14938  -55.95516     -0.864    1474.96    350.000    346.860     4.4179     4.4339     0.0159     4.3922     4.4082     0.0159   3.238994   3.240530   0.001489    34.1812    34.1822     5.7814    27.0936    27.0926    34.1795    27.0923    1473.03    1473.10     4.3922  1028.7135    34.3420 0.0000e+00
      50192 292.371415  -45.14938  -55.95514     -0.872    1474.96    349.000    345.870     4.3969     4.4142     0.0172     4.3714     4.3885     0.0172   3.236805   3.238479   0.001680    34.1773    34.1792     5.7883    27.0927    27.0923    34.1761    27.0918    1472.93    1473.00     4.3713  1028.7085    34.3386 0.0000e+00
      50219 292.371428  -45.14938  -55.95514     -0.883    1474.96    348.000    344.880     4.3896     4.3954     0.0058     4.3642     4.3699     0.0058   3.236060   3.236613   0.000540    34.1761    34.1764     5.8175    27.0925    27.0921    34.1755    27.0920    1472.88    1472.90     4.3641  1028.7042    34.3379 0.0000e+00
      50243 292.371440  -45.14938  -55.95514     -0.950    1474.96    347.000    343.890     4.3956     4.4027     0.0071     4.3702     4.3773     0.0071   3.236751   3.237300   0.000506    34.1769    34.1755     5.8488    27.0925    27.0907    34.1779    27.0933    1472.89    1472.92     4.3701  1028.7008    34.3403 0.0000e+00
      50265 292.371450  -45.14938  -55.95514     -1.050    1474.96    346.000    342.900     4.4098     4.4270     0.0172     4.3844     4.4016     0.0172   3.238084   3.239441   0.001340    34.1779    34.1759     5.8722    27.0918    27.0883    34.1794    27.0930    1472.93    1473.00     4.3843  1028.6958    34.3418 0.0000e+00
      50287 292.371461  -45.14938  -55.95514     -1.081    1474.96    345.000    341.909     4.4143     4.4502     0.0358     4.3890     4.4248     0.0357   3.238384   3.241704   0.003089    34.1777    34.1768     5.8881    27.0911    27.0866    34.1787    27.0920    1472.93    1473.08     4.3889  1028.6901    34.3412 0.0000e+00
      50312 292.371473  -45.14938  -55.95512     -1.009    1474.96    344.000    340.919     4.4403     4.4667     0.0263     4.4150     4.4413     0.0263   3.240743   3.243043   0.002460    34.1762    34.1777     5.8876    27.0871    27.0855    34.1800    27.0902    1473.03    1473.13     4.4149  1028.6835    34.3424 0.0000e+00
      50338 292.371486  -45.14938  -55.95512     -0.929    1474.96    343.000    339.929     4.4713     4.4674    -0.0038     4.4459     4.4421    -0.0038   3.243810   3.243105  -0.000527    34.1811    34.1789     5.8835    27.0877    27.0864    34.1844    27.0904    1473.14    1473.12     4.4459  1028.6787    34.3469 0.0000e+00
      50364 292.371498  -45.14938  -55.95512     -0.924    1474.96    342.000    338.938     4.4880     4.4779    -0.0101     4.4627     4.4526    -0.0101   3.245344   3.244216  -0.001161    34.1833    34.1802     5.8730    27.0877    27.0863    34.1857    27.0895    1473.20    1473.15     4.4626  1028.6731    34.3481 0.0000e+00
      50391 292.371511  -45.14940 -9.990e-29     -0.917    1474.96    341.000    337.949     4.4899     4.4913     0.0014     4.4647     4.4660     0.0014   3.245387   3.245413  -0.000022    34.1825    34.1809     5.8608    27.0868    27.0854    34.1847    27.0886    1473.19    1473.19     4.4646  1028.6676    34.3473 0.0000e+00
      50417 292.371524  -45.14940 -9.990e-29     -0.889    1474.96    340.000    336.958     4.4934     4.4976     0.0043     4.4682     4.4725     0.0042   3.245598   3.245872   0.000316    34.1825    34.1818     5.8439    27.0864    27.0854    34.1841    27.0877    1473.19    1473.20     4.4682  1028.6621    34.3466 0.0000e+00
      50440 292.371535  -45.14940 -9.990e-29     -0.977    1474.96    339.000    335.968     4.4935     4.4914    -0.0021     4.4684     4.4663    -0.0021   3.245461   3.245128  -0.000247    34.1818    34.1811     5.8335    27.0858    27.0855    34.1829    27.0867    1473.17    1473.16     4.4684  1028.6565    34.3454 0.0000e+00
      50461 292.371545  -45.14940 -9.990e-29     -1.096    1474.96    338.000    334.978     4.4821     4.4719    -0.0103     4.4571     4.4469    -0.0102   3.244093   3.242895  -0.001103    34.1799    34.1776     5.8386    27.0855    27.0848    34.1792    27.0850    1473.10    1473.05     4.4571  1028.6503    34.3416 0.0000e+00
