Pos-Processados/process_op42/operantar42_013.cnv
* Sea-Bird SBE 9 Data File:
* FileName = C:\Users\Hidrografia\Desktop\OPXLII\Brutos\OP42013.hdr
* Software Version Seasave V 7.26.7.107
* Temperature SN = 6502
* Conductivity SN = 4998
* Number of Bytes Per Scan = 31
* Number of Voltage Words = 2
* Number of Scans Averaged by the Deck Unit = 1
* NMEA Latitude = 46 24.51 S
* NMEA Longitude = 055 54.95 W
* NMEA UTC (Time) = Oct 19 2023 23:00:40
* NMEA baud rate = 4800
** H41
** NPOALTEMAXIMIANO
** NUMERO DA ESTACAO (XXX) 013
** LAT (XX XX.XX S/N) 46 24.500 S
** LONG (XXX XX.XX W/E) 055 54.972 W
** DATAHORA (dd/mm/aaaa hh:mm Z) 19/10/2023 2300Z
** PROFUNDIDADE (m) 5329
** OPERADOR CT FABIREZA
# nquan = 30
# nvalues = 2016                        
# units = specified
# name 0 = scan: Scan Count
# name 1 = timeJ: Julian Days
# name 2 = latitude: Latitude [deg]
# name 3 = longitude: Longitude [deg]
# name 4 = dz/dtM: Descent Rate [m/s]
# name 5 = avgsvCM: Average Sound Velocity [Chen-Millero, m/s]
# name 6 = prDM: Pressure, Digiquartz [db]
# name 7 = depSM: Depth [salt water, m]
# name 8 = t090C: Temperature [ITS-90, deg C]
# name 9 = t190C: Temperature, 2 [ITS-90, deg C]
# name 10 = T2-T190C: Temperature Difference, 2 - 1 [ITS-90, deg C]
# name 11 = potemp090C: Potential Temperature [ITS-90, deg C]
# name 12 = potemp190C: Potential Temperature, 2 [ITS-90, deg C]
# name 13 = potemp90Cdiff: Potential Temperature, Diff, 2 - 1 [ITS-90, deg C]
# name 14 = c0S/m: Conductivity [S/m]
# name 15 = c1S/m: Conductivity, 2 [S/m]
# name 16 = C2-C1S/m: Conductivity Difference, 2 - 1 [S/m]
# name 17 = sal00: Salinity, Practical [PSU]
# name 18 = sal11: Salinity, Practical, 2 [PSU]
# name 19 = sbeox0ML/L: Oxygen, SBE 43 [ml/l]
# name 20 = sigma-é00: Density [sigma-theta, kg/m^3]
# name 21 = sigma-é11: Density, 2 [sigma-theta, kg/m^3]
# name 22 = sal00: Salinity, Practical [PSU]
# name 23 = sigma-é00: Density [sigma-theta, kg/m^3]
# name 24 = svCM: Sound Velocity [Chen-Millero, m/s]
# name 25 = svCM1: Sound Velocity, 2 [Chen-Millero, m/s]
# name 26 = gsw_ptA0: potential temperature [ITS-90, deg C]
# name 27 = gsw_densityA0: density, TEOS-10 [density, kg/m^3]
# name 28 = gsw_saA0: Absolute Salinity [g/kg]
# name 29 = flag:
# span 0 =       2328,      66305       
# span 1 = 292.959918, 292.990771       
# span 2 =  -46.42171,  -46.40909       
# span 3 =  -55.91560,  -55.91078       
# span 4 =     -1.566,      1.381       
# span 5 =       0.00,    1483.34       
# span 6 =      4.000,   1012.000       
# span 7 =      4.075,   1001.203       
# span 8 =     2.3873,     6.0159       
# span 9 =     2.3883,     6.0163       
# span 10 =    -0.0109,     0.0386      
# span 11 =     2.3233,     6.0154      
# span 12 =     2.3242,     6.0159      
# span 13 =    -0.0109,     0.0385      
# span 14 =   3.078985,   3.349554      
# span 15 =   3.078953,   3.349552      
# span 16 =  -0.001474,   0.003332      
# span 17 =    33.9843,    34.5848      
# span 18 =    33.9849,    34.5842      
# span 19 =     3.7715,     8.1594      
# span 20 =    26.7598,    27.6128      
# span 21 =    26.7596,    27.6122      
# span 22 =    33.9850,    34.5847      
# span 23 =    26.7595,    27.6127      
# span 24 =    1463.07,    1475.87      
# span 25 =    1463.07,    1475.87      
# span 26 =     2.3232,     6.0155      
# span 27 =  1026.7841,  1032.3176      
# span 28 =    34.1455,    34.7524      
# span 29 = 0.0000e+00, 0.0000e+00      
# interval = decibars: 1                
# start_time = Oct 19 2023 23:00:40 [NMEA time, header]
# bad_flag = -9.990e-29
*END*
[from data line 1596]
      48581 292.982224 -9.990e-29  -55.91228     -0.650    1468.76    423.000    419.083     2.6159     2.6171     0.0012     2.5906     2.5918     0.0012   3.088725   3.088743   0.000012    34.2293    34.2282     5.3266    27.3059    27.3049    34.2294    27.3060    1466.68    1466.68     2.5906  1029.2828    34.3912 0.0000e+00
      48607 292.982237 -9.990e-29  -55.91228     -0.840    1468.76    422.000    418.093     2.6157     2.6168     0.0010     2.5905     2.5915     0.0010   3.088684   3.088680   0.000001    34.2295    34.2284     5.3295    27.3060    27.3051    34.2296    27.3062    1466.66    1466.66     2.5905  1029.2783    34.3914 0.0000e+00
      48630 292.982248 -9.990e-29  -55.91228     -0.993    1468.76    421.000    417.103     2.6161     2.6170     0.0009     2.5909     2.5918     0.0009   3.088635   3.088645   0.000012    34.2291    34.2282     5.3315    27.3057    27.3049    34.2293    27.3058    1466.64    1466.65     2.5909  1029.2733    34.3910 0.0000e+00
      48657 292.982261 -9.990e-29  -55.91228     -0.954    1468.76    420.000    416.114     2.6167     2.6178     0.0011     2.5916     2.5927     0.0011   3.088608   3.088629   0.000023    34.2286    34.2278     5.3273    27.3053    27.3045    34.2288    27.3054    1466.63    1466.63     2.5916  1029.2682    34.3905 0.0000e+00
      48691 292.982277 -9.990e-29  -55.91228     -0.725    1468.76    419.000    415.124     2.6179     2.6191     0.0012     2.5929     2.5941     0.0012   3.088600   3.088611   0.000012    34.2277    34.2266     5.3283    27.3044    27.3035    34.2279    27.3046    1466.62    1466.62     2.5929  1029.2627    34.3896 0.0000e+00
      48720 292.982291 -9.990e-29  -55.91227     -0.764    1468.76    418.000    414.134     2.6181     2.6192     0.0012     2.5931     2.5943     0.0012   3.088553   3.088567   0.000010    34.2277    34.2266     5.3319    27.3044    27.3034    34.2277    27.3044    1466.60    1466.60     2.5931  1029.2580    34.3895 0.0000e+00
      48744 292.982303 -9.990e-29  -55.91226     -0.925    1468.76    417.000    413.144     2.6184     2.6194     0.0009     2.5935     2.5945     0.0009   3.088536   3.088523  -0.000013    34.2276    34.2264     5.3335    27.3043    27.3033    34.2277    27.3044    1466.59    1466.59     2.5935  1029.2532    34.3894 0.0000e+00
      48767 292.982314  -46.41807  -55.91226     -1.034    1468.76    416.000    412.154     2.6190     2.6199     0.0009     2.5942     2.5950     0.0009   3.088499   3.088500 6.3935e-07    34.2271    34.2261     5.3356    27.3038    27.3030    34.2272    27.3039    1466.57    1466.57     2.5941  1029.2482    34.3890 0.0000e+00
      48791 292.982326  -46.41808  -55.91226     -1.021    1468.76    415.000    411.165     2.6195     2.6208     0.0013     2.5948     2.5960     0.0013   3.088460   3.088479   0.000020    34.2265    34.2254     5.3398    27.3033    27.3023    34.2267    27.3034    1466.56    1466.56     2.5947  1029.2439    34.3896 0.0000e+00
      48821 292.982340  -46.41808  -55.91226     -0.864    1468.76    414.000    410.175     2.6199     2.6211     0.0012     2.5952     2.5964     0.0012   3.088410   3.088425   0.000011    34.2261    34.2250     5.3402    27.3030    27.3020    34.2262    27.3030    1466.54    1466.55     2.5952  1029.2388    34.3891 0.0000e+00
      48848 292.982353  -46.41808  -55.91226     -0.826    1468.76    413.000    409.185     2.6195     2.6204     0.0009     2.5948     2.5957     0.0009   3.088283   3.088280 4.8918e-07    34.2257    34.2247     5.3420    27.3026    27.3018    34.2256    27.3026    1466.52    1466.52     2.5948  1029.2338    34.3886 0.0000e+00
      48867 292.982362  -46.41810  -55.91226     -1.038    1468.76    412.000    408.195     2.6173     2.6189     0.0016     2.5927     2.5943     0.0016   3.087922   3.088061   0.000120    34.2247    34.2244     5.3385    27.3020    27.3017    34.2241    27.3016    1466.49    1466.50     2.5927  1029.2282    34.3871 0.0000e+00
      48884 292.982370  -46.41810  -55.91226     -1.255    1468.76    411.000    407.206     2.6144     2.6166     0.0021     2.5899     2.5921     0.0021   3.087608   3.087727   0.000152    34.2241    34.2237     5.3459    27.3018    27.3013    34.2238    27.3016    1466.47    1466.47     2.5899  1029.2235    34.3867 0.0000e+00
      48902 292.982379  -46.41810  -55.91226     -1.380    1468.76    410.000    406.216     2.6129     2.6122    -0.0006     2.5884     2.5878    -0.0006   3.087388   3.087217  -0.000165    34.2239    34.2225     5.3539    27.3017    27.3007    34.2233    27.3013    1466.44    1466.44     2.5884  1029.2186    34.3862 0.0000e+00
      48942 292.982398  -46.41811  -55.91226     -0.763    1468.76    409.000    405.226     2.6094     2.6093    -0.0002     2.5850     2.5849    -0.0001   3.086942   3.086816  -0.000120    34.2224    34.2211     5.3538    27.3009    27.2999    34.2221    27.3006    1466.41    1466.41     2.5850  1029.2133    34.3850 0.0000e+00
      48990 292.982421  -46.41812  -55.91226     -0.427    1468.76    408.000    404.233     2.6063     2.6079     0.0017     2.5820     2.5836     0.0017   3.086546   3.086600   0.000047    34.2213    34.2201     5.3668    27.3002    27.2991    34.2211    27.3001    1466.38    1466.38     2.5820  1029.2082    34.3840 0.0000e+00
      49012 292.982432  -46.41812  -55.91226     -0.908    1468.76    407.000    403.246     2.6070     2.6077     0.0007     2.5828     2.5835     0.0007   3.086566   3.086540  -0.000020    34.2213    34.2203     5.3779    27.3002    27.2993    34.2211    27.3000    1466.37    1466.37     2.5828  1029.2034    34.3840 0.0000e+00
      49033 292.982442  -46.41812  -55.91225     -1.094    1468.76    406.000    402.257     2.6058     2.6068     0.0010     2.5817     2.5827     0.0010   3.086374   3.086404   0.000028    34.2210    34.2203     5.3866    27.3000    27.2994    34.2206    27.2997    1466.34    1466.35     2.5816  1029.1985    34.3834 0.0000e+00
      49080 292.982465  -46.41814  -55.91224     -0.544    1468.76    405.000    401.265     2.6043     2.6051     0.0009     2.5802     2.5810     0.0009   3.086139   3.086141 9.9435e-07    34.2201    34.2192     5.3919    27.2995    27.2986    34.2199    27.2993    1466.32    1466.32     2.5802  1029.1929    34.3821 0.0000e+00
      49124 292.982486 -9.990e-29  -55.91224     -0.515    1468.76    404.000    400.277     2.6045     2.6055     0.0010     2.5805     2.5815     0.0010   3.086088   3.086083  -0.000005    34.2197    34.2186     5.3830    27.2991    27.2981    34.2196    27.2990    1466.30    1466.30     2.5804  1029.1875    34.3812 0.0000e+00
      49142 292.982495 -9.990e-29  -55.91224     -0.962    1468.76    403.000    399.287     2.6044     2.6053     0.0009     2.5804     2.5813     0.0009   3.085982   3.086028   0.000041    34.2193    34.2188     5.3819    27.2988    27.2983    34.2189    27.2985    1466.28    1466.29     2.5804  1029.1824    34.3806 0.0000e+00
      49157 292.982502 -9.990e-29  -55.91224     -1.293    1468.76    402.000    398.297     2.6035     2.6047     0.0012     2.5796     2.5808     0.0012   3.085806   3.085869   0.000072    34.2185    34.2181     5.3840    27.2982    27.2978    34.2182    27.2980    1466.26    1466.27     2.5796  1029.1773    34.3799 0.0000e+00
      49173 292.982510  -46.41816  -55.91224     -1.492    1468.76    401.000    397.307     2.6038     2.6046     0.0009     2.5799     2.5808     0.0009   3.085781   3.085778   0.000001    34.2183    34.2174     5.3940    27.2981    27.2972    34.2182    27.2980    1466.25    1466.25     2.5799  1029.1731    34.3805 0.0000e+00
      49205 292.982525  -46.41816 -9.990e-29     -1.011    1468.76    400.000    396.318     2.6063     2.6073     0.0010     2.5825     2.5835     0.0010   3.085926   3.085943   0.000016    34.2177    34.2168     5.4044    27.2973    27.2965    34.2178    27.2974    1466.24    1466.24     2.5825  1029.1686    34.3810 0.0000e+00
      49259 292.982551  -46.41818 -9.990e-29     -0.315    1468.76    399.000    395.328     2.6125     2.6129     0.0004     2.5887     2.5892     0.0004   3.086336   3.086317  -0.000023    34.2168    34.2160     5.4114    27.2961    27.2954    34.2169    27.2961    1466.25    1466.25     2.5887  1029.1627    34.3802 0.0000e+00
      49288 292.982565  -46.41818  -55.91222     -0.734    1468.76    398.000    394.338     2.6114     2.6121     0.0008     2.5877     2.5885     0.0008   3.086231   3.086231   0.000005    34.2171    34.2163     5.4147    27.2964    27.2957    34.2173    27.2965    1466.23    1466.23     2.5877  1029.1572    34.3791 0.0000e+00
      49315 292.982578 -9.990e-29  -55.91222     -0.870    1468.76    397.000    393.348     2.6140     2.6146     0.0006     2.5904     2.5910     0.0006   3.086392   3.086379  -0.000011    34.2167    34.2160     5.4139    27.2958    27.2952    34.2170    27.2961    1466.22    1466.23     2.5904  1029.1520    34.3787 0.0000e+00
      49348 292.982594 -9.990e-29  -55.91222     -0.785    1468.76    396.000    392.358     2.6166     2.6187     0.0021     2.5930     2.5951     0.0021   3.086529   3.086609   0.000076    34.2160    34.2147     5.4132    27.2951    27.2939    34.2165    27.2955    1466.22    1466.23     2.5930  1029.1467    34.3782 0.0000e+00
      49386 292.982612  -46.41820  -55.91222     -0.624    1468.76    395.000    391.368     2.6284     2.6307     0.0023     2.6048     2.6071     0.0023   3.087316   3.087435   0.000107    34.2133    34.2122     5.4110    27.2919    27.2908    34.2141    27.2926    1466.25    1466.26     2.6048  1029.1400    34.3770 0.0000e+00
      49417 292.982627  -46.41820 -9.990e-29     -0.720    1468.76    394.000    390.379     2.6308     2.6327     0.0019     2.6073     2.6092     0.0019   3.087418   3.087508   0.000115    34.2131    34.2125     5.4182    27.2915    27.2908    34.2134    27.2917    1466.24    1466.25     2.6073  1029.1348    34.3767 0.0000e+00
      49440 292.982639  -46.41820 -9.990e-29     -0.907    1468.76    393.000    389.389     2.6330     2.6301    -0.0028     2.6095     2.6067    -0.0028   3.087642   3.087370  -0.000256    34.2132    34.2131     5.4229    27.2914    27.2915    34.2143    27.2923    1466.24    1466.23     2.6095  1029.1307    34.3776 0.0000e+00
      49462 292.982649  -46.41820 -9.990e-29     -1.058    1468.76    392.000    388.399     2.6392     2.6381    -0.0011     2.6158     2.6147    -0.0011   3.087974   3.087837  -0.000135    34.2115    34.2110     5.4262    27.2895    27.2892    34.2123    27.2901    1466.25    1466.24     2.6158  1029.1238    34.3756 0.0000e+00
      49490 292.982662  -46.41821 -9.990e-29     -0.975    1468.76    391.000    387.409     2.6428     2.6432     0.0004     2.6195     2.6198     0.0004   3.088165   3.088119  -0.000054    34.2106    34.2095     5.4322    27.2885    27.2876    34.2114    27.2891    1466.24    1466.24     2.6195  1029.1181    34.3746 0.0000e+00
      49525 292.982679  -46.41822 -9.990e-29     -0.697    1468.76    390.000    386.419     2.6464     2.6478     0.0014     2.6231     2.6245     0.0014   3.088316   3.088358   0.000040    34.2094    34.2083     5.4453    27.2871    27.2862    34.2100    27.2877    1466.24    1466.25     2.6231  1029.1120    34.3732 0.0000e+00
      49553 292.982693  -46.41823 -9.990e-29     -0.780    1468.76    389.000    385.429     2.6460     2.6474     0.0014     2.6228     2.6242     0.0013   3.088279   3.088293   0.000013    34.2099    34.2086     5.4601    27.2876    27.2865    34.2104    27.2880    1466.22    1466.23     2.6228  1029.1077    34.3737 0.0000e+00
      49577 292.982704  -46.41824  -55.91220     -0.950    1468.76    388.000    384.439     2.6475     2.6479     0.0004     2.6243     2.6247     0.0004   3.088358   3.088299  -0.000058    34.2098    34.2087     5.4669    27.2874    27.2865    34.2104    27.2879    1466.21    1466.21     2.6243  1029.1027    34.3734 0.0000e+00
      49603 292.982717  -46.41824  -55.91220     -0.956    1468.76    387.000    383.449     2.6507     2.6513     0.0005     2.6276     2.6282     0.0005   3.088504   3.088478  -0.000029    34.2086    34.2076     5.4690    27.2862    27.2854    34.2093    27.2867    1466.21    1466.21     2.6276  1029.0966    34.3720 0.0000e+00
      49642 292.982736  -46.41824  -55.91219     -0.656    1468.76    386.000    382.459     2.6570     2.6586     0.0016     2.6339     2.6355     0.0016   3.088793   3.088766  -0.000026    34.2060    34.2040     5.4683    27.2835    27.2818    34.2067    27.2841    1466.22    1466.22     2.6339  1029.0893    34.3694 0.0000e+00
      49684 292.982756  -46.41824  -55.91218     -0.554    1468.76    385.000    381.470     2.6601     2.6612     0.0011     2.6371     2.6382     0.0011   3.088913   3.088913  -0.000005    34.2049    34.2037     5.4695    27.2824    27.2813    34.2054    27.2828    1466.21    1466.22     2.6371  1029.0833    34.3681 0.0000e+00
      49716 292.982771  -46.41826  -55.91218     -0.707    1468.76    384.000    380.480     2.6603     2.6618     0.0015     2.6373     2.6388     0.0015   3.088876   3.088896   0.000024    34.2048    34.2035     5.4831    27.2823    27.2812    34.2054    27.2827    1466.20    1466.20     2.6373  1029.0786    34.3681 0.0000e+00
      49739 292.982783  -46.41826  -55.91218     -0.904    1468.76    383.000    379.490     2.6619     2.6623     0.0005     2.6390     2.6395     0.0005   3.088887   3.088895   0.000014    34.2038    34.2035     5.4962    27.2813    27.2810    34.2043    27.2818    1466.18    1466.19     2.6390  1029.0729    34.3670 0.0000e+00
      49761 292.982793  -46.41826  -55.91218     -1.066    1468.76    382.000    378.500     2.6646     2.6651     0.0006     2.6417     2.6423     0.0006   3.089065   3.089010  -0.000052    34.2035    34.2023     5.4986    27.2809    27.2799    34.2042    27.2814    1466.18    1466.18     2.6417  1029.0679    34.3669 0.0000e+00
      49785 292.982805  -46.41828  -55.91218     -1.055    1468.76    381.000    377.510     2.6674     2.6682     0.0008     2.6446     2.6455     0.0008   3.089163   3.089174   0.000008    34.2021    34.2013     5.4995    27.2795    27.2788    34.2029    27.2802    1466.17    1466.18     2.6446  1029.0619    34.3656 0.0000e+00
      49821 292.982822  -46.41828  -55.91218     -0.713    1468.76    380.000    376.520     2.6783     2.6801     0.0018     2.6556     2.6574     0.0018   3.089718   3.089825   0.000101    34.1978    34.1971     5.5032    27.2751    27.2744    34.1986    27.2758    1466.20    1466.21     2.6555  1029.0528    34.3613 0.0000e+00
      49852 292.982837  -46.41828  -55.91218     -0.694    1468.76    379.000    375.530     2.6780     2.6796     0.0015     2.6553     2.6569     0.0015   3.089666   3.089734   0.000070    34.1983    34.1975     5.5079    27.2756    27.2748    34.1988    27.2760    1466.18    1466.19     2.6553  1029.0484    34.3615 0.0000e+00
      49872 292.982847  -46.41828  -55.91218     -0.968    1468.76    378.000    374.540     2.6789     2.6797     0.0008     2.6563     2.6571     0.0008   3.089700   3.089712   0.000013    34.1982    34.1976     5.5127    27.2754    27.2748    34.1989    27.2759    1466.17    1466.17     2.6563  1029.0437    34.3615 0.0000e+00
      49889 292.982855  -46.41829  -55.91217     -1.226    1468.76    377.000    373.550     2.6790     2.6819     0.0029     2.6564     2.6593     0.0029   3.089630   3.089792   0.000158    34.1980    34.1969     5.5256    27.2752    27.2740    34.1985    27.2756    1466.15    1466.16     2.6564  1029.0387    34.3611 0.0000e+00
