Pos-Processados/process_op42/operantar42_022.ros
* Sea-Bird SBE 9 Data File:
* FileName = C:\Users\Hidrografia\Desktop\OPXLII\Brutos\OP42022.hdr
* Software Version Seasave V 7.26.7.107
* Temperature SN = 6502
* Conductivity SN = 4998
* Number of Bytes Per Scan = 37
* Number of Voltage Words = 4
* Number of Scans Averaged by the Deck Unit = 1
* NMEA Latitude = 62 18.70 S
* NMEA Longitude = 058 31.66 W
* NMEA UTC (Time) = Nov 07 2023 22:53:42
* NMEA baud rate = 4800
** H41
** NPOALTEMAXIMIANO
** NUMERO DA ESTACAO (XXX) 022
** LAT (XX XX.XX S/N) 62 18.60 S
** LONG (XXX XX.XX W/E) 058 32.03 W
** DATAHORA (dd/mm/aaaa hh:mm Z) 07/11/2023 2251Z
** PROFUNDIDADE (m) 434
** OPERADOR 1T ZAMITH
# nquan = 24
# nvalues = 4172                                  
# units = specified
# name 0 = scan: Scan Count
# name 1 = timeJ: Julian Days
# name 2 = latitude: Latitude [deg]
# name 3 = longitude: Longitude [deg]
# name 4 = dz/dtM: Descent Rate [m/s]
# name 5 = avgsvCM: Average Sound Velocity [Chen-Millero, m/s]
# name 6 = prDM: Pressure, Digiquartz [db]
# name 7 = depSM: Depth [salt water, m]
# name 8 = t090C: Temperature [ITS-90, deg C]
# name 9 = t190C: Temperature, 2 [ITS-90, deg C]
# name 10 = T2-T190C: Temperature Difference, 2 - 1 [ITS-90, deg C]
# name 11 = potemp090C: Potential Temperature [ITS-90, deg C]
# name 12 = potemp190C: Potential Temperature, 2 [ITS-90, deg C]
# name 13 = potemp90Cdiff: Potential Temperature, Diff, 2 - 1 [ITS-90, deg C]
# name 14 = c0S/m: Conductivity [S/m]
# name 15 = c1S/m: Conductivity, 2 [S/m]
# name 16 = C2-C1S/m: Conductivity Difference, 2 - 1 [S/m]
# name 17 = sal00: Salinity, Practical [PSU]
# name 18 = sal11: Salinity, Practical, 2 [PSU]
# name 19 = sbeox0ML/L: Oxygen, SBE 43 [ml/l]
# name 20 = sigma-é00: Density [sigma-theta, kg/m^3]
# name 21 = sigma-é11: Density, 2 [sigma-theta, kg/m^3]
# name 22 = nbf: Bottles Fired
# name 23 = flag:  0.000e+00
# interval = seconds: 0.0416667
# start_time = Nov 07 2023 22:53:42 [NMEA time, header]
# bad_flag = -9.990e-29
*END*
[from data line 2536]
      36125 311.971379  -62.31462  -58.50192      0.046    1450.34      6.448      6.386    -0.6821    -0.6800     0.0020    -0.6822    -0.6802     0.0020   2.792749   2.792751   0.000002    34.2862    34.2839     7.6692    27.5621    27.5602         15  0.000e+00
      36126 311.971380  -62.31462  -58.50192      0.033    1450.34      6.448      6.386    -0.6822    -0.6802     0.0020    -0.6824    -0.6804     0.0020   2.792669   2.792745   0.000076    34.2853    34.2840     7.6703    27.5614    27.5603         15  0.000e+00
      36127 311.971380  -62.31462  -58.50192      0.024    1450.34      6.448      6.386    -0.6822    -0.6800     0.0022    -0.6824    -0.6802     0.0022   2.792629   2.792729   0.000099    34.2847    34.2836     7.6650    27.5609    27.5599         15  0.000e+00
      36128 311.971381  -62.31462  -58.50192      0.011    1450.34      6.392      6.330    -0.6821    -0.6802     0.0019    -0.6822    -0.6804     0.0019   2.792732   2.792723  -0.000009    34.2860    34.2838     7.6714    27.5620    27.5601         15  0.000e+00
      36129 311.971381  -62.31462  -58.50192      0.002    1450.34      6.448      6.386    -0.6821    -0.6800     0.0020    -0.6822    -0.6802     0.0020   2.792646   2.792740   0.000094    34.2848    34.2838     7.6726    27.5610    27.5601         15  0.000e+00
      36130 311.971382  -62.31462  -58.50192     -0.011    1450.34      6.392      6.330    -0.6823    -0.6802     0.0022    -0.6825    -0.6804     0.0022   2.792623   2.792745   0.000122    34.2849    34.2841     7.6737    27.5610    27.5603         15  0.000e+00
      36131 311.971382  -62.31462  -58.50192     -0.017    1450.34      6.448      6.386    -0.6821    -0.6807     0.0014    -0.6822    -0.6809     0.0014   2.792709   2.792745   0.000037    34.2857    34.2846     7.6748    27.5617    27.5607         15  0.000e+00
      36132 311.971383  -62.31462  -58.50192     -0.034    1450.34      6.327      6.266    -0.6822    -0.6805     0.0017    -0.6824    -0.6807     0.0017   2.792720   2.792684  -0.000037    34.2861    34.2836     7.6758    27.5620    27.5600         15  0.000e+00
      36133 311.971383  -62.31462  -58.50192     -0.040    1450.34      6.448      6.386    -0.6823    -0.6810     0.0014    -0.6825    -0.6811     0.0014   2.792612   2.792684   0.000072    34.2847    34.2841     7.6760    27.5609    27.5603         15  0.000e+00
      36134 311.971384  -62.31462  -58.50192     -0.053    1450.34      6.327      6.266    -0.6821    -0.6808     0.0013    -0.6822    -0.6810     0.0013   2.792658   2.792672   0.000015    34.2850    34.2838     7.6758    27.5612    27.5601         15  0.000e+00
      36135 311.971384  -62.31462  -58.50192     -0.062    1450.34      6.392      6.330    -0.6824    -0.6808     0.0016    -0.6826    -0.6810     0.0016   2.792686   2.792684  -0.000002    34.2858    34.2839     7.6759    27.5618    27.5602         15  0.000e+00
      36136 311.971385  -62.31462  -58.50192     -0.070    1450.34      6.392      6.330    -0.6822    -0.6810     0.0013    -0.6824    -0.6811     0.0013   2.792623   2.792695   0.000071    34.2847    34.2843     7.6758    27.5609    27.5605         15  0.000e+00
      36137 311.971385  -62.31462  -58.50192     -0.079    1450.34      6.327      6.266    -0.6822    -0.6807     0.0015    -0.6824    -0.6808     0.0015   2.792726   2.792695  -0.000031    34.2861    34.2840     7.6755    27.5620    27.5602         15  0.000e+00
      36138 311.971386  -62.31462  -58.50192     -0.091    1450.34      6.327      6.266    -0.6822    -0.6808     0.0014    -0.6824    -0.6810     0.0014   2.792743   2.792672  -0.000071    34.2864    34.2838     7.6764    27.5623    27.5601         15  0.000e+00
      36139 311.971386  -62.31462  -58.50192     -0.100    1450.34      6.327      6.266    -0.6821    -0.6810     0.0011    -0.6822    -0.6811     0.0011   2.792595   2.792684   0.000089    34.2842    34.2841     7.6774    27.5605    27.5604         15  0.000e+00
      36140 311.971386  -62.31462  -58.50190     -0.107    1450.34      6.327      6.266    -0.6819    -0.6811     0.0007    -0.6821    -0.6813     0.0007   2.792652   2.792695   0.000043    34.2848    34.2845     7.6772    27.5610    27.5607         15  0.000e+00
      36141 311.971387  -62.31462  -58.50190     -0.115    1450.34      6.327      6.266    -0.6821    -0.6807     0.0014    -0.6822    -0.6808     0.0014   2.792743   2.792712  -0.000031    34.2862    34.2842     7.6716    27.5621    27.5604         15  0.000e+00
      36142 311.971387  -62.31462  -58.50190     -0.125    1450.34      6.271      6.211    -0.6818    -0.6807     0.0011    -0.6820    -0.6808     0.0011   2.792601   2.792701   0.000100    34.2840    34.2841     7.6768    27.5603    27.5603         15  0.000e+00
      36143 311.971388  -62.31462  -58.50190     -0.131    1450.34      6.327      6.266    -0.6815    -0.6810     0.0006    -0.6817    -0.6811     0.0006   2.792652   2.792695   0.000043    34.2844    34.2843     7.6766    27.5606    27.5605         15  0.000e+00
      36144 311.971388  -62.31462  -58.50190     -0.141    1450.34      6.271      6.211    -0.6816    -0.6808     0.0008    -0.6818    -0.6810     0.0008   2.792783   2.792695  -0.000088    34.2863    34.2841     7.6762    27.5621    27.5604         15  0.000e+00
      36145 311.971389  -62.31462  -58.50190     -0.142    1450.34      6.327      6.266    -0.6818    -0.6808     0.0010    -0.6820    -0.6810     0.0010   2.792658   2.792695   0.000037    34.2847    34.2841     7.6696    27.5609    27.5604         15  0.000e+00
      36146 311.971389  -62.31462  -58.50190     -0.150    1450.34      6.271      6.211    -0.6816    -0.6810     0.0006    -0.6818    -0.6811     0.0006   2.792663   2.792695   0.000032    34.2846    34.2843     7.6746    27.5608    27.5606         15  0.000e+00
      36147 311.971390  -62.31462  -58.50190     -0.154    1450.34      6.271      6.211    -0.6815    -0.6808     0.0008    -0.6817    -0.6810     0.0008   2.792760   2.792672  -0.000088    34.2859    34.2838     7.6742    27.5618    27.5601         15  0.000e+00
      36148 311.971390  -62.31462  -58.50190     -0.157    1450.34      6.271      6.211    -0.6816    -0.6810     0.0006    -0.6818    -0.6811     0.0006   2.792629   2.792684   0.000055    34.2842    34.2842     7.6750    27.5605    27.5604         15  0.000e+00
      36149 311.971391  -62.31462  -58.50190     -0.163    1450.34      6.271      6.211    -0.6816    -0.6808     0.0008    -0.6818    -0.6810     0.0008   2.792675   2.792672  -0.000002    34.2848    34.2838     7.6692    27.5610    27.5601         15  0.000e+00
      36150 311.971391  -62.31462  -58.50190     -0.168    1450.34      6.207      6.147    -0.6819    -0.6810     0.0009    -0.6821    -0.6811     0.0009   2.792811   2.792667  -0.000145    34.2870    34.2840     7.6742    27.5628    27.5603         15  0.000e+00
      36151 311.971392  -62.31462  -58.50190     -0.169    1450.34      6.271      6.211    -0.6816    -0.6808     0.0008    -0.6818    -0.6810     0.0008   2.792743   2.792650  -0.000093    34.2857    34.2835     7.6674    27.5617    27.5599         15  0.000e+00
      36152 311.971392  -62.31462  -58.50190     -0.173    1450.34      6.207      6.147    -0.6814    -0.6808     0.0006    -0.6816    -0.6810     0.0006   2.792646   2.792678   0.000032    34.2842    34.2839     7.6724    27.5605    27.5602         15  0.000e+00
      36153 311.971393  -62.31462  -58.50190     -0.176    1450.34      6.271      6.211    -0.6814    -0.6813     0.0001    -0.6816    -0.6814     0.0001   2.792709   2.792672  -0.000036    34.2850    34.2844     7.6720    27.5611    27.5606         15  0.000e+00
      36154 311.971393  -62.31462  -58.50190     -0.181    1450.34      6.150      6.091    -0.6814    -0.6810     0.0005    -0.6816    -0.6811     0.0005   2.792720   2.792667  -0.000053    34.2853    34.2840     7.6714    27.5614    27.5603         15  0.000e+00
      36155 311.971394  -62.31462  -58.50190     -0.179    1450.34      6.271      6.211    -0.6816    -0.6813     0.0003    -0.6818    -0.6814     0.0003   2.792646   2.792667   0.000021    34.2844    34.2843     7.6721    27.5606    27.5605         15  0.000e+00
      36156 311.971394  -62.31462  -58.50190     -0.186    1450.34      6.150      6.091    -0.6814    -0.6811     0.0003    -0.6816    -0.6813     0.0003   2.792749   2.792650  -0.000099    34.2857    34.2840     7.6714    27.5617    27.5603         15  0.000e+00
      36157 311.971395  -62.31462  -58.50190     -0.186    1450.34      6.207      6.147    -0.6819    -0.6811     0.0007    -0.6821    -0.6813     0.0007   2.792686   2.792678  -0.000008    34.2853    34.2843     7.6721    27.5614    27.5606         15  0.000e+00
      36158 311.971395  -62.31462  -58.50190     -0.189    1450.34      6.142      6.083    -0.6819    -0.6811     0.0008    -0.6821    -0.6813     0.0008   2.792635   2.792672   0.000038    34.2847    34.2843     7.6662    27.5609    27.5605         15  0.000e+00
      36159 311.971396  -62.31462  -58.50190     -0.190    1450.34      6.207      6.147    -0.6818    -0.6813     0.0005    -0.6820    -0.6814     0.0005   2.792709   2.792667  -0.000042    34.2855    34.2843     7.6721    27.5615    27.5606         15  0.000e+00
      36160 311.971396  -62.31462  -58.50190     -0.187    1450.34      6.207      6.147    -0.6817    -0.6808     0.0009    -0.6819    -0.6810     0.0009   2.792698   2.792667  -0.000031    34.2853    34.2838     7.6727    27.5613    27.5601         15  0.000e+00
      36161 311.971397  -62.31462  -58.50190     -0.187    1450.34      6.150      6.091    -0.6813    -0.6810     0.0004    -0.6815    -0.6811     0.0004   2.792584   2.792684   0.000100    34.2833    34.2843     7.6657    27.5597    27.5605         15  0.000e+00
      36162 311.971397  -62.31462  -58.50190     -0.189    1450.34      6.150      6.091    -0.6811    -0.6811     0.0000    -0.6813    -0.6813     0.0000   2.792749   2.792672  -0.000076    34.2853    34.2843     7.6651    27.5614    27.5605         15  0.000e+00
      36163 311.971398  -62.31462  -58.50190     -0.186    1450.34      6.150      6.091    -0.6805    -0.6807    -0.0002    -0.6806    -0.6808    -0.0002   2.792777   2.792684  -0.000094    34.2850    34.2839     7.6645    27.5610    27.5602         15  0.000e+00
      36164 311.971398  -62.31464  -58.50188     -0.194    1450.34      6.094      6.035    -0.6807    -0.6811    -0.0005    -0.6809    -0.6813    -0.0005   2.792663   2.792712   0.000048    34.2837    34.2849     7.6631    27.5600    27.5610         15  0.000e+00
      36165 311.971399  -62.31464  -58.50188     -0.189    1450.34      6.150      6.091    -0.6803    -0.6808    -0.0004    -0.6805    -0.6810    -0.0004   2.792789   2.792678  -0.000111    34.2850    34.2840     7.6615    27.5611    27.5603         15  0.000e+00
      36166 311.971399  -62.31464  -58.50188     -0.191    1450.34      6.150      6.091    -0.6803    -0.6808    -0.0004    -0.6805    -0.6810    -0.0004   2.792880   2.792684  -0.000196    34.2862    34.2841     7.6600    27.5621    27.5603         15  0.000e+00
      36167 311.971399  -62.31464  -58.50188     -0.192    1450.34      6.094      6.035    -0.6803    -0.6805    -0.0001    -0.6805    -0.6807    -0.0001   2.792692   2.792672  -0.000019    34.2837    34.2836     7.6586    27.5600    27.5599         15  0.000e+00
      36168 311.971400  -62.31464  -58.50188     -0.189    1450.34      6.150      6.091    -0.6803    -0.6804    -0.0000    -0.6805    -0.6805    -0.0000   2.792806   2.792684  -0.000122    34.2852    34.2836     7.6572    27.5612    27.5599         15  0.000e+00
      36169 311.971400  -62.31464  -58.50188     -0.188    1450.34      6.094      6.035    -0.6803    -0.6807    -0.0003    -0.6805    -0.6808    -0.0003   2.792868   2.792672  -0.000196    34.2861    34.2838     7.6556    27.5620    27.5601         15  0.000e+00
      36170 311.971401  -62.31464  -58.50188     -0.187    1450.34      6.150      6.091    -0.6802    -0.6807    -0.0005    -0.6804    -0.6808    -0.0005   2.792766   2.792667  -0.000099    34.2845    34.2837     7.6553    27.5606    27.5600         15  0.000e+00
      36171 311.971401  -62.31464  -58.50188     -0.184    1450.34      6.094      6.035    -0.6803    -0.6808    -0.0004    -0.6805    -0.6810    -0.0004   2.792772   2.792667  -0.000105    34.2848    34.2839     7.6549    27.5609    27.5602         15  0.000e+00
      36172 311.971402  -62.31464  -58.50188     -0.184    1450.34      6.094      6.035    -0.6805    -0.6807    -0.0001    -0.6807    -0.6808    -0.0001   2.792829   2.792684  -0.000145    34.2857    34.2840     7.6546    27.5617    27.5602         15  0.000e+00
      36173 311.971402  -62.31464  -58.50188     -0.183    1450.34      6.094      6.035    -0.6802    -0.6808    -0.0006    -0.6804    -0.6810    -0.0006   2.792783   2.792672  -0.000111    34.2847    34.2839     7.6543    27.5609    27.5602         15  0.000e+00
      36174 311.971403  -62.31464  -58.50188     -0.182    1450.34      6.094      6.035    -0.6802    -0.6810    -0.0007    -0.6804    -0.6811    -0.0007   2.792783   2.792684  -0.000099    34.2848    34.2843     7.6541    27.5609    27.5605         15  0.000e+00
      36175 311.971403  -62.31464  -58.50188     -0.176    1450.34      6.150      6.091    -0.6803    -0.6811    -0.0008    -0.6805    -0.6813    -0.0008   2.792868   2.792695  -0.000174    34.2861    34.2846     7.6540    27.5619    27.5608         15  0.000e+00
      36176 311.971404  -62.31464  -58.50188     -0.172    1450.34      6.094      6.035    -0.6802    -0.6810    -0.0008    -0.6804    -0.6811    -0.0008   2.792794   2.792672  -0.000122    34.2849    34.2841     7.6527    27.5610    27.5604         15  0.000e+00
      36177 311.971404  -62.31464  -58.50188     -0.171    1450.34      6.094      6.035    -0.6803    -0.6808    -0.0004    -0.6805    -0.6810    -0.0004   2.792743   2.792684  -0.000059    34.2844    34.2841     7.6527    27.5606    27.5604         15  0.000e+00
      36178 311.971405  -62.31464  -58.50188     -0.167    1450.34      6.094      6.035    -0.6805    -0.6810    -0.0004    -0.6807    -0.6811    -0.0004   2.792891   2.792695  -0.000196    34.2866    34.2844     7.6525    27.5624    27.5606         15  0.000e+00
      36179 311.971405  -62.31464  -58.50188     -0.164    1450.34      6.094      6.035    -0.6805    -0.6810    -0.0004    -0.6807    -0.6811    -0.0004   2.792811   2.792712  -0.000100    34.2855    34.2847     7.6525    27.5615    27.5608         15  0.000e+00
      36180 311.971406  -62.31464  -58.50188     -0.158    1450.34      6.094      6.035    -0.6806    -0.6805     0.0001    -0.6808    -0.6807     0.0001   2.792743   2.792700  -0.000043    34.2847    34.2840     7.6526    27.5609    27.5603         15  0.000e+00
      36181 311.971406  -62.31464  -58.50188     -0.158    1450.34      6.094      6.035    -0.6807    -0.6808    -0.0001    -0.6809    -0.6810    -0.0001   2.792834   2.792712  -0.000123    34.2860    34.2845     7.6526    27.5619    27.5607         15  0.000e+00
      36182 311.971407  -62.31464  -58.50188     -0.150    1450.34      6.094      6.035    -0.6805    -0.6807    -0.0001    -0.6807    -0.6808    -0.0001   2.792806   2.792723  -0.000083    34.2854    34.2845     7.6527    27.5614    27.5607         15  0.000e+00
      36183 311.971407  -62.31464  -58.50188     -0.148    1450.34      6.094      6.035    -0.6808    -0.6808     0.0000    -0.6810    -0.6810     0.0000   2.792726   2.792678  -0.000048    34.2847    34.2840     7.6529    27.5608    27.5603         15  0.000e+00
      36184 311.971408  -62.31464  -58.50188     -0.142    1450.34      6.094      6.035    -0.6805    -0.6807    -0.0001    -0.6807    -0.6808    -0.0001   2.792811   2.792706  -0.000105    34.2855    34.2843     7.6530    27.5615    27.5605         15  0.000e+00
