Pos-Processados/process_op42/operantar42_027.ros
* Sea-Bird SBE 9 Data File:
* FileName = C:\Users\Hidrografia\Desktop\OPXLII\Brutos\OP42027.hdr
* Software Version Seasave V 7.26.7.107
* Temperature SN = 6502
* Conductivity SN = 4998
* Number of Bytes Per Scan = 37
* Number of Voltage Words = 4
* Number of Scans Averaged by the Deck Unit = 1
* NMEA Latitude = 62 16.55 S
* NMEA Longitude = 058 26.39 W
* NMEA UTC (Time) = Nov 08 2023 19:38:30
* NMEA baud rate = 4800
** H41
** NPOALTEMAXIMIANO
** NUMERO DA ESTACAO (XXX) 027
** LAT (XX XX.XX S/N) 62  16.401 S
** LONG (XXX XX.XX W/E) 058  26.553 W
** DATAHORA (dd/mm/aaaa hh:mm Z) 08/11/2023 1937Z
** PROFUNDIDADE (m) 159
** OPERADOR CT FILIPE LOPES
# nquan = 24
# nvalues = 3975                                  
# units = specified
# name 0 = scan: Scan Count
# name 1 = timeJ: Julian Days
# name 2 = latitude: Latitude [deg]
# name 3 = longitude: Longitude [deg]
# name 4 = dz/dtM: Descent Rate [m/s]
# name 5 = avgsvCM: Average Sound Velocity [Chen-Millero, m/s]
# name 6 = prDM: Pressure, Digiquartz [db]
# name 7 = depSM: Depth [salt water, m]
# name 8 = t090C: Temperature [ITS-90, deg C]
# name 9 = t190C: Temperature, 2 [ITS-90, deg C]
# name 10 = T2-T190C: Temperature Difference, 2 - 1 [ITS-90, deg C]
# name 11 = potemp090C: Potential Temperature [ITS-90, deg C]
# name 12 = potemp190C: Potential Temperature, 2 [ITS-90, deg C]
# name 13 = potemp90Cdiff: Potential Temperature, Diff, 2 - 1 [ITS-90, deg C]
# name 14 = c0S/m: Conductivity [S/m]
# name 15 = c1S/m: Conductivity, 2 [S/m]
# name 16 = C2-C1S/m: Conductivity Difference, 2 - 1 [S/m]
# name 17 = sal00: Salinity, Practical [PSU]
# name 18 = sal11: Salinity, Practical, 2 [PSU]
# name 19 = sbeox0ML/L: Oxygen, SBE 43 [ml/l]
# name 20 = sigma-é00: Density [sigma-theta, kg/m^3]
# name 21 = sigma-é11: Density, 2 [sigma-theta, kg/m^3]
# name 22 = nbf: Bottles Fired
# name 23 = flag:  0.000e+00
# interval = seconds: 0.0416667
# start_time = Nov 08 2023 19:38:30 [NMEA time, header]
# bad_flag = -9.990e-29
*END*
[from data line 3140]
      23319 312.829648  -62.28006  -58.43314      0.044    1447.02      3.527      3.493    -0.4910    -0.4899     0.0011    -0.4911    -0.4900     0.0011   2.809363   2.809389   0.000026    34.2956    34.2947     7.4997    27.5613    27.5606         19  0.000e+00
      23320 312.829648  -62.28006  -58.43314      0.038    1447.02      3.600      3.565    -0.4911    -0.4899     0.0013    -0.4912    -0.4900     0.0013   2.809335   2.809401   0.000066    34.2953    34.2948     7.4999    27.5611    27.5607         19  0.000e+00
      23321 312.829649  -62.28006  -58.43314      0.029    1447.02      3.535      3.501    -0.4911    -0.4902     0.0010    -0.4912    -0.4903     0.0010   2.809386   2.809384  -0.000002    34.2961    34.2949     7.4999    27.5617    27.5608         19  0.000e+00
      23322 312.829649  -62.28006  -58.43314      0.026    1447.02      3.600      3.565    -0.4910    -0.4899     0.0011    -0.4911    -0.4900     0.0011   2.809449   2.809378  -0.000071    34.2967    34.2945     7.4999    27.5622    27.5604         19  0.000e+00
      23323 312.829650  -62.28006  -58.43314      0.013    1447.02      3.479      3.445    -0.4912    -0.4900     0.0013    -0.4914    -0.4901     0.0013   2.809380   2.809378  -0.000002    34.2961    34.2947     7.5000    27.5618    27.5606         19  0.000e+00
      23324 312.829650  -62.28006  -58.43314      0.011    1447.02      3.600      3.565    -0.4909    -0.4902     0.0007    -0.4910    -0.4903     0.0007   2.809398   2.809378  -0.000019    34.2958    34.2948     7.5001    27.5616    27.5607         19  0.000e+00
      23325 312.829651  -62.28006  -58.43314     -0.003    1447.02      3.479      3.445    -0.4913    -0.4899     0.0014    -0.4914    -0.4900     0.0014   2.809392   2.809378  -0.000014    34.2964    34.2946     7.5002    27.5620    27.5605         19  0.000e+00
      23326 312.829651  -62.28006  -58.43314     -0.005    1447.02      3.600      3.565    -0.4910    -0.4900     0.0010    -0.4911    -0.4901     0.0010   2.809386   2.809378  -0.000008    34.2958    34.2946     7.5003    27.5615    27.5605         19  0.000e+00
      23327 312.829652  -62.28006  -58.43314     -0.015    1447.02      3.479      3.445    -0.4911    -0.4899     0.0013    -0.4912    -0.4900     0.0013   2.809363   2.809378   0.000015    34.2958    34.2946     7.5003    27.5615    27.5605         19  0.000e+00
      23328 312.829652  -62.28006  -58.43314     -0.022    1447.02      3.535      3.501    -0.4909    -0.4898     0.0011    -0.4910    -0.4899     0.0011   2.809392   2.809378  -0.000014    34.2958    34.2944     7.5004    27.5615    27.5603         19  0.000e+00
      23329 312.829653  -62.28006  -58.43314     -0.028    1447.02      3.535      3.501    -0.4912    -0.4900     0.0013    -0.4914    -0.4901     0.0013   2.809392   2.809378  -0.000014    34.2963    34.2947     7.5005    27.5619    27.5606         19  0.000e+00
      23330 312.829653  -62.28006  -58.43314     -0.034    1447.02      3.479      3.445    -0.4910    -0.4901     0.0009    -0.4911    -0.4902     0.0009   2.809386   2.809356  -0.000030    34.2959    34.2945     7.5005    27.5616    27.5604         19  0.000e+00
      23331 312.829654  -62.28006  -58.43314     -0.041    1447.02      3.535      3.501    -0.4910    -0.4899     0.0011    -0.4911    -0.4900     0.0011   2.809403   2.809367  -0.000036    34.2961    34.2944     7.5007    27.5618    27.5603         19  0.000e+00
      23332 312.829654  -62.28006  -58.43314     -0.043    1447.02      3.535      3.501    -0.4909    -0.4900     0.0009    -0.4910    -0.4901     0.0009   2.809346   2.809356   0.000010    34.2952    34.2944     7.4997    27.5610    27.5603         19  0.000e+00
      23333 312.829655  -62.28006  -58.43314     -0.049    1447.02      3.479      3.445    -0.4911    -0.4899     0.0013    -0.4912    -0.4900     0.0013   2.809386   2.809367  -0.000019    34.2961    34.2944     7.4997    27.5618    27.5604         19  0.000e+00
      23334 312.829655  -62.28006  -58.43314     -0.055    1447.02      3.479      3.445    -0.4910    -0.4899     0.0011    -0.4911    -0.4900     0.0011   2.809369   2.809395   0.000026    34.2957    34.2948     7.4934    27.5614    27.5607         19  0.000e+00
      23335 312.829656  -62.28006  -58.43314     -0.053    1447.02      3.583      3.549    -0.4911    -0.4899     0.0013    -0.4912    -0.4900     0.0013   2.809392   2.809361  -0.000030    34.2961    34.2943     7.4989    27.5618    27.5602         19  0.000e+00
      23336 312.829656  -62.28006  -58.43314     -0.066    1447.02      3.422      3.389    -0.4910    -0.4901     0.0009    -0.4911    -0.4902     0.0009   2.809392   2.809389  -0.000002    34.2960    34.2949     7.4988    27.5617    27.5608         19  0.000e+00
      23337 312.829657  -62.28006  -58.43314     -0.063    1447.02      3.535      3.501    -0.4910    -0.4900     0.0010    -0.4911    -0.4901     0.0010   2.809323   2.809361   0.000038    34.2950    34.2944     7.4927    27.5609    27.5604         19  0.000e+00
      23338 312.829657  -62.28006  -58.43314     -0.068    1447.02      3.535      3.501    -0.4910    -0.4899     0.0011    -0.4911    -0.4900     0.0011   2.809380   2.809367  -0.000013    34.2958    34.2944     7.4981    27.5615    27.5603         19  0.000e+00
      23339 312.829658  -62.28006  -58.43314     -0.069    1447.02      3.479      3.445    -0.4910    -0.4899     0.0011    -0.4911    -0.4900     0.0011   2.809346   2.809356   0.000010    34.2954    34.2943     7.4982    27.5612    27.5602         19  0.000e+00
      23340 312.829658  -62.28006  -58.43314     -0.073    1447.02      3.479      3.445    -0.4910    -0.4899     0.0011    -0.4911    -0.4900     0.0011   2.809369   2.809367  -0.000002    34.2957    34.2944     7.4983    27.5614    27.5604         19  0.000e+00
      23341 312.829659  -62.28006  -58.43314     -0.073    1447.02      3.535      3.501    -0.4913    -0.4902     0.0011    -0.4914    -0.4903     0.0011   2.809386   2.809395   0.000009    34.2962    34.2951     7.4986    27.5619    27.5609         19  0.000e+00
      23342 312.829659  -62.28008  -58.43312     -0.077    1447.02      3.479      3.445    -0.4912    -0.4899     0.0014    -0.4914    -0.4900     0.0014   2.809386   2.809384  -0.000002    34.2962    34.2946     7.4986    27.5619    27.5605         20  0.000e+00
      23343 312.829660  -62.28008  -58.43312     -0.077    1447.02      3.479      3.445    -0.4911    -0.4899     0.0013    -0.4912    -0.4900     0.0013   2.809369   2.809378   0.000009    34.2959    34.2946     7.4988    27.5616    27.5605         20  0.000e+00
      23344 312.829660  -62.28008  -58.43312     -0.076    1447.02      3.535      3.501    -0.4911    -0.4897     0.0014    -0.4912    -0.4898     0.0014   2.809380   2.809378  -0.000002    34.2960    34.2943     7.4989    27.5617    27.5603         20  0.000e+00
      23345 312.829660  -62.28008  -58.43312     -0.075    1447.02      3.535      3.501    -0.4913    -0.4898     0.0015    -0.4914    -0.4899     0.0015   2.809340   2.809378   0.000038    34.2956    34.2944     7.4991    27.5614    27.5603         20  0.000e+00
      23346 312.829661  -62.28008  -58.43312     -0.078    1447.02      3.479      3.445    -0.4913    -0.4900     0.0013    -0.4914    -0.4901     0.0013   2.809369   2.809378   0.000009    34.2961    34.2947     7.4981    27.5617    27.5606         20  0.000e+00
      23347 312.829661  -62.28008  -58.43312     -0.073    1447.02      3.535      3.501    -0.4913    -0.4898     0.0015    -0.4914    -0.4899     0.0015   2.809403   2.809378  -0.000025    34.2965    34.2944     7.4982    27.5621    27.5603         20  0.000e+00
      23348 312.829662  -62.28008  -58.43312     -0.071    1447.02      3.535      3.501    -0.4914    -0.4899     0.0015    -0.4915    -0.4900     0.0015   2.809369   2.809378   0.000009    34.2961    34.2945     7.4984    27.5618    27.5604         20  0.000e+00
      23349 312.829662  -62.28008  -58.43312     -0.066    1447.02      3.535      3.501    -0.4911    -0.4899     0.0013    -0.4912    -0.4900     0.0013   2.809375   2.809378   0.000004    34.2959    34.2945     7.4984    27.5616    27.5604         20  0.000e+00
      23350 312.829663  -62.28008  -58.43312     -0.068    1447.02      3.479      3.445    -0.4913    -0.4901     0.0013    -0.4914    -0.4902     0.0013   2.809346   2.809378   0.000032    34.2957    34.2948     7.4985    27.5615    27.5606         20  0.000e+00
      23351 312.829663  -62.28008  -58.43312     -0.066    1447.02      3.535      3.501    -0.4915    -0.4902     0.0013    -0.4916    -0.4903     0.0013   2.809329   2.809395   0.000066    34.2957    34.2951     7.4986    27.5614    27.5609         20  0.000e+00
      23352 312.829664  -62.28008  -58.43312     -0.061    1447.02      3.527      3.493    -0.4913    -0.4902     0.0011    -0.4914    -0.4903     0.0011   2.809346   2.809361   0.000015    34.2957    34.2946     7.4987    27.5615    27.5606         20  0.000e+00
      23353 312.829664  -62.28008  -58.43312     -0.058    1447.02      3.535      3.501    -0.4913    -0.4898     0.0015    -0.4914    -0.4899     0.0015   2.809392   2.809350  -0.000042    34.2963    34.2940     7.4987    27.5620    27.5600         20  0.000e+00
      23354 312.829665  -62.28008  -58.43312     -0.055    1447.02      3.535      3.501    -0.4911    -0.4899     0.0013    -0.4912    -0.4900     0.0013   2.809392   2.809367  -0.000025    34.2961    34.2944     7.5052    27.5618    27.5603         20  0.000e+00
      23355 312.829665  -62.28008  -58.43312     -0.052    1447.02      3.535      3.501    -0.4913    -0.4900     0.0013    -0.4914    -0.4901     0.0013   2.809363   2.809378   0.000015    34.2959    34.2947     7.5063    27.5617    27.5606         20  0.000e+00
      23356 312.829666  -62.28008  -58.43312     -0.046    1447.02      3.535      3.501    -0.4911    -0.4902     0.0010    -0.4912    -0.4903     0.0010   2.809375   2.809356  -0.000019    34.2959    34.2946     7.5072    27.5616    27.5605         20  0.000e+00
      23357 312.829666  -62.28008  -58.43312     -0.042    1447.02      3.535      3.501    -0.4909    -0.4902     0.0007    -0.4910    -0.4903     0.0007   2.809403   2.809367  -0.000036    34.2960    34.2947     7.5018    27.5617    27.5606         20  0.000e+00
      23358 312.829667  -62.28008  -58.43312     -0.039    1447.02      3.535      3.501    -0.4910    -0.4900     0.0010    -0.4911    -0.4901     0.0010   2.809346   2.809378   0.000032    34.2953    34.2947     7.5018    27.5611    27.5606         20  0.000e+00
      23359 312.829667  -62.28008  -58.43312     -0.035    1447.02      3.535      3.501    -0.4911    -0.4901     0.0011    -0.4912    -0.4902     0.0011   2.809329   2.809378   0.000049    34.2953    34.2947     7.5018    27.5611    27.5606         20  0.000e+00
      23360 312.829668  -62.28008  -58.43312     -0.027    1447.02      3.535      3.501    -0.4911    -0.4902     0.0010    -0.4912    -0.4903     0.0010   2.809386   2.809395   0.000009    34.2961    34.2951     7.5017    27.5617    27.5609         20  0.000e+00
      23361 312.829668  -62.28008  -58.43312     -0.027    1447.02      3.535      3.501    -0.4912    -0.4900     0.0013    -0.4914    -0.4901     0.0013   2.809426   2.809361  -0.000065    34.2967    34.2944     7.5017    27.5623    27.5604         20  0.000e+00
      23362 312.829669  -62.28008  -58.43312     -0.019    1447.02      3.535      3.501    -0.4911    -0.4899     0.0013    -0.4912    -0.4900     0.0013   2.809398   2.809367  -0.000031    34.2962    34.2944     7.5016    27.5619    27.5603         20  0.000e+00
      23363 312.829669  -62.28008  -58.43312     -0.019    1447.02      3.535      3.501    -0.4910    -0.4902     0.0008    -0.4911    -0.4903     0.0008   2.809420   2.809395  -0.000025    34.2963    34.2951     7.5015    27.5620    27.5609         20  0.000e+00
      23364 312.829670  -62.28008  -58.43312     -0.014    1447.02      3.535      3.501    -0.4913    -0.4902     0.0011    -0.4914    -0.4903     0.0011   2.809335   2.809361   0.000027    34.2956    34.2946     7.4952    27.5613    27.5605         20  0.000e+00
      23365 312.829670  -62.28008  -58.43312     -0.006    1447.02      3.600      3.565    -0.4911    -0.4900     0.0011    -0.4912    -0.4901     0.0011   2.809323   2.809384   0.000061    34.2952    34.2947     7.5006    27.5610    27.5606         20  0.000e+00
      23366 312.829671  -62.28008  -58.43312     -0.001    1447.02      3.535      3.501    -0.4910    -0.4903     0.0006    -0.4911    -0.4905     0.0006   2.809369   2.809401   0.000032    34.2956    34.2954     7.5005    27.5614    27.5611         20  0.000e+00
      23367 312.829671  -62.28008  -58.43312      0.004    1447.02      3.535      3.501    -0.4910    -0.4901     0.0009    -0.4911    -0.4902     0.0009   2.809386   2.809384  -0.000002    34.2959    34.2948     7.4941    27.5616    27.5607         20  0.000e+00
      23368 312.829672  -62.28008  -58.43312      0.007    1447.02      3.583      3.549    -0.4913    -0.4903     0.0010    -0.4914    -0.4905     0.0010   2.809386   2.809356  -0.000030    34.2962    34.2947     7.4996    27.5619    27.5606         20  0.000e+00
      23369 312.829672  -62.28008  -58.43312      0.012    1447.02      3.535      3.501    -0.4911    -0.4903     0.0008    -0.4912    -0.4905     0.0008   2.809403   2.809384  -0.000019    34.2963    34.2951     7.4996    27.5619    27.5610         20  0.000e+00
      23370 312.829673  -62.28008  -58.43312      0.013    1447.02      3.535      3.501    -0.4911    -0.4901     0.0011    -0.4912    -0.4902     0.0011   2.809329   2.809361   0.000032    34.2953    34.2945     7.4997    27.5611    27.5604         20  0.000e+00
      23371 312.829673  -62.28008  -58.43312      0.018    1447.02      3.535      3.501    -0.4910    -0.4902     0.0008    -0.4911    -0.4903     0.0008   2.809340   2.809367   0.000027    34.2952    34.2947     7.4997    27.5611    27.5606         20  0.000e+00
      23372 312.829674  -62.28008  -58.43312      0.020    1447.02      3.600      3.565    -0.4911    -0.4902     0.0010    -0.4912    -0.4903     0.0010   2.809358   2.809356  -0.000002    34.2956    34.2945     7.4998    27.5614    27.5605         20  0.000e+00
      23373 312.829674  -62.28008  -58.43312      0.025    1447.02      3.535      3.501    -0.4911    -0.4903     0.0008    -0.4912    -0.4905     0.0008   2.809375   2.809367  -0.000008    34.2959    34.2949     7.4998    27.5616    27.5608         20  0.000e+00
      23374 312.829674  -62.28008  -58.43312      0.022    1447.02      3.535      3.501    -0.4911    -0.4903     0.0008    -0.4912    -0.4905     0.0008   2.809403   2.809356  -0.000048    34.2963    34.2948     7.4998    27.5619    27.5607         20  0.000e+00
      23375 312.829675  -62.28008  -58.43312      0.027    1447.02      3.535      3.501    -0.4911    -0.4905     0.0007    -0.4912    -0.4906     0.0007   2.809432   2.809367  -0.000065    34.2967    34.2950     7.4998    27.5622    27.5609         20  0.000e+00
      23376 312.829675  -62.28008  -58.43312      0.029    1447.02      3.600      3.565    -0.4910    -0.4902     0.0008    -0.4911    -0.4903     0.0008   2.809375   2.809333  -0.000041    34.2957    34.2942     7.4999    27.5614    27.5602         20  0.000e+00
      23377 312.829676  -62.28008  -58.43312      0.029    1447.02      3.535      3.501    -0.4910    -0.4903     0.0006    -0.4911    -0.4905     0.0006   2.809375   2.809322  -0.000053    34.2957    34.2943     7.4999    27.5615    27.5603         20  0.000e+00
      23378 312.829676  -62.28008  -58.43312      0.034    1447.02      3.600      3.565    -0.4911    -0.4906     0.0005    -0.4912    -0.4908     0.0005   2.809300   2.809305   0.000005    34.2949    34.2944     7.5001    27.5608    27.5604         20  0.000e+00
