Pos-Processados/process_op42/operantar42_038.cnv
* Sea-Bird SBE 9 Data File:
* FileName = C:\Users\Hidrografia\Desktop\OPXLII\Brutos\OP42038.hdr
* Software Version Seasave V 7.26.7.107
* Temperature SN = 6502
* Conductivity SN = 4998
* Number of Bytes Per Scan = 37
* Number of Voltage Words = 4
* Number of Scans Averaged by the Deck Unit = 1
* NMEA Latitude = 62 08.57 S
* NMEA Longitude = 058 26.33 W
* NMEA UTC (Time) = Nov 09 2023 13:11:55
* NMEA baud rate = 4800
** H41
** NPOALTEMAXIMIANO
** NUMERO DA ESTACAO (XXX) 038
** LAT (XX XX.XX S/N) 62 08.14 S
** LONG (XXX XX.XX W/E) 058 26.57 W
** DATAHORA (dd/mm/aaaa hh:mm Z) 09/11/2023 1305Z
** PROFUNDIDADE (m) 400
** OPERADOR 1T ZAMITH
# nquan = 30
# nvalues = 691                         
# units = specified
# name 0 = scan: Scan Count
# name 1 = timeJ: Julian Days
# name 2 = latitude: Latitude [deg]
# name 3 = longitude: Longitude [deg]
# name 4 = dz/dtM: Descent Rate [m/s]
# name 5 = avgsvCM: Average Sound Velocity [Chen-Millero, m/s]
# name 6 = prDM: Pressure, Digiquartz [db]
# name 7 = depSM: Depth [salt water, m]
# name 8 = t090C: Temperature [ITS-90, deg C]
# name 9 = t190C: Temperature, 2 [ITS-90, deg C]
# name 10 = T2-T190C: Temperature Difference, 2 - 1 [ITS-90, deg C]
# name 11 = potemp090C: Potential Temperature [ITS-90, deg C]
# name 12 = potemp190C: Potential Temperature, 2 [ITS-90, deg C]
# name 13 = potemp90Cdiff: Potential Temperature, Diff, 2 - 1 [ITS-90, deg C]
# name 14 = c0S/m: Conductivity [S/m]
# name 15 = c1S/m: Conductivity, 2 [S/m]
# name 16 = C2-C1S/m: Conductivity Difference, 2 - 1 [S/m]
# name 17 = sal00: Salinity, Practical [PSU]
# name 18 = sal11: Salinity, Practical, 2 [PSU]
# name 19 = sbeox0ML/L: Oxygen, SBE 43 [ml/l]
# name 20 = sigma-é00: Density [sigma-theta, kg/m^3]
# name 21 = sigma-é11: Density, 2 [sigma-theta, kg/m^3]
# name 22 = sal00: Salinity, Practical [PSU]
# name 23 = sigma-é00: Density [sigma-theta, kg/m^3]
# name 24 = svCM: Sound Velocity [Chen-Millero, m/s]
# name 25 = svCM1: Sound Velocity, 2 [Chen-Millero, m/s]
# name 26 = gsw_ptA0: potential temperature [ITS-90, deg C]
# name 27 = gsw_densityA0: density, TEOS-10 [density, kg/m^3]
# name 28 = gsw_saA0: Absolute Salinity [g/kg]
# name 29 = flag:
# span 0 =       3086,      22359       
# span 1 = 313.551430, 313.560724       
# span 2 =  -62.14691,  -62.14341       
# span 3 =  -58.43813,  -58.43374       
# span 4 =     -1.323,      1.195       
# span 5 =       0.00,    1450.09       
# span 6 =      4.000,    349.000       
# span 7 =      3.951,    345.349       
# span 8 =    -0.8266,    -0.5173       
# span 9 =    -0.8258,    -0.5183       
# span 10 =    -0.0095,     0.0072      
# span 11 =    -0.8317,    -0.5289      
# span 12 =    -0.8308,    -0.5298      
# span 13 =    -0.0095,     0.0071      
# span 14 =   2.789924,   2.830524      
# span 15 =   2.789907,   2.830322      
# span 16 =  -0.000880,   0.000633      
# span 17 =    34.2804,    34.4003      
# span 18 =    34.2786,    34.3991      
# span 19 =     6.6977,     7.7359      
# span 20 =    27.5518,    27.6478      
# span 21 =    27.5507,    27.6469      
# span 22 =    34.2806,    34.4005      
# span 23 =    27.5520,    27.6483      
# span 24 =    1445.68,    1451.58      
# span 25 =    1445.68,    1451.58      
# span 26 =    -0.8315,    -0.5286      
# span 27 =  1027.5749,  1029.3167      
# span 28 =    34.4431,    34.5686      
# span 29 = 0.0000e+00, 0.0000e+00      
# interval = decibars: 1                
# start_time = Nov 09 2023 13:11:55 [NMEA time, header]
# bad_flag = -9.990e-29
*END*
[from data line 629]
      20588 313.559870  -62.14658  -58.43408     -0.830    1448.17     65.000     64.366    -0.6154    -0.6168    -0.0014    -0.6173    -0.6188    -0.0014   2.800717   2.800491  -0.000240    34.2811    34.2795     7.5868    27.5552    27.5540    34.2818    27.5558    1446.38    1446.37    -0.6173  1027.8715    34.4475 0.0000e+00
      20617 313.559884  -62.14658  -58.43408     -0.796    1448.17     64.000     63.376    -0.6127    -0.6129    -0.0002    -0.6146    -0.6148    -0.0002   2.800885   2.800741  -0.000137    34.2806    34.2790     7.5869    27.5547    27.5535    34.2816    27.5555    1446.38    1446.38    -0.6146  1027.8665    34.4473 0.0000e+00
      20641 313.559896  -62.14660  -58.43407     -0.919    1448.17     63.000     62.386    -0.6073    -0.6108    -0.0034    -0.6092    -0.6127    -0.0034   2.801310   2.800898  -0.000415    34.2807    34.2790     7.5892    27.5546    27.5533    34.2819    27.5555    1446.39    1446.37    -0.6091  1027.8619    34.4478 0.0000e+00
      20663 313.559906  -62.14660  -58.43406     -1.054    1448.17     62.000     61.396    -0.6033    -0.6054    -0.0020    -0.6052    -0.6072    -0.0020   2.801580   2.801244  -0.000320    34.2806    34.2786     7.5826    27.5543    27.5528    34.2817    27.5552    1446.39    1446.38    -0.6051  1027.8565    34.4474 0.0000e+00
      20685 313.559917  -62.14660  -58.43406     -1.108    1448.17     61.000     60.406    -0.6008    -0.6019    -0.0011    -0.6026    -0.6037    -0.0011   2.801725   2.801511  -0.000237    34.2805    34.2786     7.5892    27.5541    27.5526    34.2814    27.5548    1446.38    1446.38    -0.6026  1027.8513    34.4470 0.0000e+00
      20712 313.559930  -62.14660  -58.43406     -0.983    1448.17     60.000     59.416    -0.6005    -0.6035    -0.0030    -0.6023    -0.6052    -0.0030   2.801687   2.801346  -0.000323    34.2804    34.2794     7.5925    27.5540    27.5533    34.2811    27.5546    1446.37    1446.35    -0.6022  1027.8464    34.4468 0.0000e+00
      20745 313.559946  -62.14662  -58.43404     -0.740    1448.17     59.000     58.425    -0.5999    -0.6013    -0.0014    -0.6017    -0.6030    -0.0014   2.801690   2.801480  -0.000232    34.2806    34.2790     7.6005    27.5541    27.5529    34.2811    27.5545    1446.35    1446.35    -0.6016  1027.8421    34.4474 0.0000e+00
      20775 313.559961  -62.14662 -9.990e-29     -0.739    1448.17     58.000     57.436    -0.5987    -0.5982     0.0005    -0.6004    -0.5999     0.0005   2.801743   2.801665  -0.000078    34.2805    34.2789     7.6066    27.5540    27.5527    34.2811    27.5545    1446.35    1446.35    -0.6004  1027.8375    34.4477 0.0000e+00
      20799 313.559972  -62.14662 -9.990e-29     -0.925    1448.17     57.000     56.445    -0.5991    -0.5980     0.0010    -0.6008    -0.5997     0.0010   2.801655   2.801630  -0.000042    34.2807    34.2789     7.6019    27.5541    27.5527    34.2809    27.5544    1446.33    1446.33    -0.6007  1027.8326    34.4475 0.0000e+00
      20820 313.559982  -62.14662 -9.990e-29     -1.077    1448.17     56.000     55.455    -0.5999    -0.5987     0.0013    -0.6015    -0.6003     0.0013   2.801552   2.801530  -0.000018    34.2807    34.2790     7.5985    27.5542    27.5528    34.2811    27.5546    1446.31    1446.31    -0.6015  1027.8280    34.4477 0.0000e+00
      20844 313.559994  -62.14662  -58.43402     -1.083    1448.17     55.000     54.465    -0.5990    -0.5988     0.0002    -0.6007    -0.6004     0.0002   2.801583   2.801478  -0.000102    34.2808    34.2792     7.6101    27.5542    27.5529    34.2812    27.5545    1446.30    1446.29    -0.6006  1027.8226    34.4471 0.0000e+00
      20875 313.560009  -62.14664  -58.43402     -0.842    1448.17     54.000     53.475    -0.5985    -0.5989    -0.0004    -0.6002    -0.6005    -0.0004   2.801576   2.801437  -0.000145    34.2809    34.2793     7.6031    27.5543    27.5530    34.2811    27.5545    1446.28    1446.28    -0.6001  1027.8176    34.4467 0.0000e+00
      20911 313.560026  -62.14664  -58.43402     -0.656    1448.17     53.000     52.485    -0.5979    -0.5977     0.0001    -0.5995    -0.5993     0.0001   2.801577   2.801479  -0.000105    34.2808    34.2793     7.6040    27.5542    27.5530    34.2810    27.5544    1446.27    1446.27    -0.5994  1027.8127    34.4467 0.0000e+00
      20937 313.560039  -62.14664 -9.990e-29     -0.802    1448.17     52.000     51.495    -0.5963    -0.5966    -0.0003    -0.5979    -0.5982    -0.0003   2.801682   2.801527  -0.000138    34.2807    34.2791     7.6123    27.5540    27.5528    34.2813    27.5545    1446.26    1446.26    -0.5978  1027.8075    34.4463 0.0000e+00
      20959 313.560049 -9.990e-29 -9.990e-29     -1.000    1448.17     51.000     50.505    -0.5947    -0.5945     0.0002    -0.5963    -0.5960     0.0002   2.801737   2.801657  -0.000103    34.2807    34.2791     7.6231    27.5540    27.5526    34.2809    27.5541    1446.25    1446.25    -0.5962  1027.8002    34.4433 0.0000e+00
      20981 313.560060 -9.990e-29 -9.990e-29     -1.106    1448.17     50.000     49.514    -0.5946    -0.5938     0.0008    -0.5961    -0.5953     0.0008   2.801712   2.801673  -0.000028    34.2806    34.2793     7.6169    27.5539    27.5528    34.2811    27.5542    1446.24    1446.24    -0.5961  1027.7956    34.4435 0.0000e+00
      21007 313.560072 -9.990e-29 -9.990e-29     -1.025    1448.17     49.000     48.525    -0.5918    -0.5947    -0.0029    -0.5933    -0.5961    -0.0029   2.801917   2.801562  -0.000329    34.2808    34.2796     7.6185    27.5539    27.5530    34.2812    27.5543    1446.23    1446.22    -0.5932  1027.7909    34.4437 0.0000e+00
      21041 313.560089  -62.14668  -58.43398     -0.745    1448.17     48.000     47.534    -0.5911    -0.5929    -0.0018    -0.5925    -0.5943    -0.0018   2.801947   2.801674  -0.000278    34.2811    34.2794     7.6107    27.5541    27.5528    34.2814    27.5544    1446.22    1446.21    -0.5925  1027.7875    34.4455 0.0000e+00
      21075 313.560105  -62.14668  -58.43398     -0.675    1448.17     47.000     46.544    -0.5885    -0.5889    -0.0004    -0.5899    -0.5902    -0.0004   2.802137   2.801964  -0.000185    34.2812    34.2792     7.6059    27.5541    27.5525    34.2816    27.5544    1446.22    1446.21    -0.5899  1027.7840    34.4472 0.0000e+00
      21102 313.560118  -62.14668  -58.43398     -0.827    1448.17     46.000     45.554    -0.5865    -0.5862     0.0003    -0.5878    -0.5876     0.0003   2.802250   2.802152  -0.000100    34.2810    34.2794     7.6113    27.5539    27.5525    34.2815    27.5542    1446.21    1446.21    -0.5878  1027.7790    34.4470 0.0000e+00
      21127 313.560130  -62.14668  -58.43398     -0.933    1448.17     45.000     44.563    -0.5827    -0.5847    -0.0020    -0.5840    -0.5860    -0.0020   2.802547   2.802240  -0.000279    34.2810    34.2795     7.6327    27.5537    27.5525    34.2819    27.5544    1446.21    1446.20    -0.5840  1027.7743    34.4474 0.0000e+00
      21155 313.560143  -62.14668  -58.43396     -0.913    1448.17     44.000     43.573    -0.5791    -0.5831    -0.0040    -0.5804    -0.5844    -0.0040   2.802785   2.802320  -0.000461    34.2812    34.2796     7.6188    27.5537    27.5526    34.2816    27.5540    1446.21    1446.19    -0.5804  1027.7691    34.4471 0.0000e+00
      21186 313.560159  -62.14670  -58.43396     -0.797    1448.17     43.000     42.583    -0.5804    -0.5813    -0.0009    -0.5816    -0.5826    -0.0009   2.802651   2.802452  -0.000220    34.2814    34.2795     7.6177    27.5539    27.5524    34.2819    27.5543    1446.19    1446.18    -0.5816  1027.7646    34.4473 0.0000e+00
      21216 313.560173  -62.14670  -58.43396     -0.766    1448.17     42.000     41.593    -0.5787    -0.5777     0.0010    -0.5799    -0.5790     0.0010   2.802770   2.802718  -0.000046    34.2817    34.2800     7.6220    27.5541    27.5527    34.2822    27.5545    1446.18    1446.18    -0.5799  1027.7600    34.4477 0.0000e+00
      21243 313.560186  -62.14670  -58.43396     -0.860    1448.17     41.000     40.603    -0.5763    -0.5768    -0.0005    -0.5775    -0.5780    -0.0005   2.802926   2.802759  -0.000178    34.2818    34.2800     7.6147    27.5541    27.5526    34.2822    27.5543    1446.18    1446.17    -0.5775  1027.7551    34.4476 0.0000e+00
      21268 313.560198  -62.14670  -58.43394     -0.947    1448.17     40.000     39.612    -0.5767    -0.5759     0.0008    -0.5779    -0.5771     0.0008   2.802848   2.802799  -0.000059    34.2821    34.2803     7.6099    27.5543    27.5528    34.2823    27.5545    1446.16    1446.16    -0.5779  1027.7504    34.4477 0.0000e+00
      21296 313.560212  -62.14672  -58.43394     -0.904    1448.17     39.000     38.622    -0.5760    -0.5759     0.0001    -0.5771    -0.5770     0.0001   2.802862   2.802754  -0.000100    34.2819    34.2804     7.6128    27.5541    27.5529    34.2822    27.5543    1446.14    1446.14    -0.5771  1027.7455    34.4476 0.0000e+00
      21329 313.560228  -62.14672  -58.43394     -0.739    1448.17     38.000     37.632    -0.5754    -0.5759    -0.0005    -0.5765    -0.5770    -0.0005   2.802854   2.802717  -0.000144    34.2819    34.2805     7.6106    27.5541    27.5530    34.2821    27.5542    1446.13    1446.12    -0.5765  1027.7407    34.4477 0.0000e+00
      21361 313.560243  -62.14672 -9.990e-29     -0.730    1448.17     37.000     36.642    -0.5760    -0.5750     0.0010    -0.5771    -0.5761     0.0010   2.802745   2.802729  -0.000027    34.2819    34.2804     7.6196    27.5541    27.5529    34.2820    27.5542    1446.11    1446.11    -0.5771  1027.7364    34.4482 0.0000e+00
      21388 313.560256  -62.14674 -9.990e-29     -0.853    1448.17     36.000     35.651    -0.5769    -0.5757     0.0012    -0.5780    -0.5768     0.0012   2.802631   2.802627  -0.000013    34.2820    34.2805     7.6208    27.5543    27.5529    34.2820    27.5543    1446.09    1446.09    -0.5780  1027.7317    34.4482 0.0000e+00
      21412 313.560268  -62.14674 -9.990e-29     -0.949    1448.17     35.000     34.661    -0.5793    -0.5763     0.0030    -0.5803    -0.5773     0.0030   2.802354   2.802519   0.000157    34.2817    34.2805     7.6273    27.5541    27.5530    34.2816    27.5540    1446.06    1446.07    -0.5803  1027.7266    34.4478 0.0000e+00
      21439 313.560281  -62.14674  -58.43392     -0.946    1448.17     34.000     33.671    -0.5798    -0.5787     0.0011    -0.5808    -0.5797     0.0011   2.802286   2.802273   0.000002    34.2817    34.2805     7.6130    27.5541    27.5531    34.2819    27.5542    1446.04    1446.05    -0.5808  1027.7218    34.4477 0.0000e+00
      21470 313.560296  -62.14675  -58.43390     -0.809    1448.17     33.000     32.681    -0.5780    -0.5770     0.0010    -0.5790    -0.5780     0.0010   2.802394   2.802372  -0.000028    34.2819    34.2804     7.6017    27.5542    27.5529    34.2819    27.5542    1446.03    1446.04    -0.5790  1027.7166    34.4473 0.0000e+00
      21505 313.560313  -62.14676  -58.43390     -0.682    1448.17     32.000     31.690    -0.5781    -0.5773     0.0009    -0.5791    -0.5782     0.0009   2.802313   2.802292  -0.000025    34.2818    34.2805     7.6154    27.5541    27.5530    34.2816    27.5540    1446.02    1446.02    -0.5790  1027.7116    34.4470 0.0000e+00
      21535 313.560327  -62.14676  -58.43390     -0.760    1448.17     31.000     30.700    -0.5798    -0.5789     0.0009    -0.5808    -0.5799     0.0009   2.802171   2.802101  -0.000055    34.2821    34.2803     7.6238    27.5544    27.5529    34.2822    27.5545    1445.99    1446.00    -0.5807  1027.7074    34.4476 0.0000e+00
      21561 313.560339  -62.14676  -58.43388     -0.892    1448.17     30.000     29.710    -0.5760    -0.5774    -0.0014    -0.5769    -0.5783    -0.0014   2.802420   2.802193  -0.000219    34.2816    34.2802     7.6288    27.5539    27.5528    34.2819    27.5541    1446.00    1445.99    -0.5769  1027.7021    34.4472 0.0000e+00
      21587 313.560352  -62.14678  -58.43388     -0.921    1448.17     29.000     28.720    -0.5744    -0.5755    -0.0011    -0.5752    -0.5763    -0.0011   2.802499   2.802312  -0.000186    34.2816    34.2803     7.6218    27.5537    27.5527    34.2817    27.5539    1445.99    1445.98    -0.5752  1027.6971    34.4470 0.0000e+00
      21616 313.560366  -62.14678  -58.43388     -0.859    1448.17     28.000     27.729    -0.5706    -0.5750    -0.0044    -0.5714    -0.5758    -0.0044   2.802799   2.802316  -0.000472    34.2817    34.2803     7.6210    27.5537    27.5528    34.2821    27.5540    1445.99    1445.97    -0.5714  1027.6925    34.4474 0.0000e+00
      21646 313.560381  -62.14678  -58.43388     -0.797    1448.17     27.000     26.739    -0.5690    -0.5678     0.0012    -0.5698    -0.5686     0.0012   2.802895   2.802884  -0.000021    34.2817    34.2800     7.6162    27.5536    27.5522    34.2822    27.5540    1445.98    1445.99    -0.5698  1027.6880    34.4479 0.0000e+00
      21675 313.560395  -62.14678 -9.990e-29     -0.816    1448.17     26.000     25.749    -0.5651    -0.5662    -0.0012    -0.5658    -0.5670    -0.0012   2.803208   2.802979  -0.000220    34.2820    34.2804     7.6267    27.5537    27.5524    34.2826    27.5542    1445.98    1445.98    -0.5658  1027.6835    34.4485 0.0000e+00
      21701 313.560407  -62.14680 -9.990e-29     -0.884    1448.17     25.000     24.759    -0.5645    -0.5650    -0.0005    -0.5652    -0.5658    -0.0005   2.803170   2.803047  -0.000132    34.2818    34.2807     7.6333    27.5535    27.5526    34.2821    27.5537    1445.97    1445.97    -0.5652  1027.6782    34.4479 0.0000e+00
      21728 313.560420  -62.14680  -58.43384     -0.921    1448.17     24.000     23.768    -0.5638    -0.5635     0.0003    -0.5645    -0.5642     0.0003   2.803235   2.803117  -0.000111    34.2824    34.2806     7.6344    27.5539    27.5524    34.2828    27.5542    1445.96    1445.96    -0.5645  1027.6739    34.4485 0.0000e+00
      21757 313.560434  -62.14680  -58.43384     -0.859    1448.17     23.000     22.778    -0.5611    -0.5636    -0.0025    -0.5618    -0.5643    -0.0025   2.803352   2.803062  -0.000272    34.2815    34.2807     7.6311    27.5531    27.5526    34.2819    27.5534    1445.95    1445.94    -0.5618  1027.6679    34.4471 0.0000e+00
      21789 313.560450  -62.14680  -58.43384     -0.753    1448.17     22.000     21.788    -0.5611    -0.5624    -0.0013    -0.5618    -0.5631    -0.0013   2.803335   2.803121  -0.000239    34.2822    34.2804     7.6380    27.5537    27.5523    34.2823    27.5538    1445.94    1445.93    -0.5617  1027.6634    34.4475 0.0000e+00
      21820 313.560464  -62.14682  -58.43384     -0.759    1448.17     21.000     20.798    -0.5631    -0.5612     0.0019    -0.5637    -0.5619     0.0019   2.803105   2.803162   0.000052    34.2821    34.2806     7.6381    27.5537    27.5524    34.2821    27.5537    1445.91    1445.92    -0.5637  1027.6585    34.4473 0.0000e+00
      21847 313.560478  -62.14682  -58.43384     -0.847    1448.17     20.000     19.807    -0.5647    -0.5626     0.0021    -0.5653    -0.5632     0.0021   2.802914   2.803009   0.000088    34.2820    34.2808     7.6383    27.5537    27.5526    34.2820    27.5536    1445.89    1445.90    -0.5653  1027.6540    34.4475 0.0000e+00
      21874 313.560490  -62.14682 -9.990e-29     -0.907    1448.17     19.000     18.817    -0.5638    -0.5634     0.0004    -0.5644    -0.5640     0.0004   2.802974   2.802899  -0.000074    34.2822    34.2808     7.6352    27.5538    27.5526    34.2824    27.5539    1445.88    1445.88    -0.5644  1027.6494    34.4478 0.0000e+00
