Pos-Processados/process_op42/operantar42_010.ros
* Sea-Bird SBE 9 Data File:
* FileName = C:\Users\Hidrografia\Desktop\OPXLII\Brutos\OP42010.hdr
* Software Version Seasave V 7.26.7.107
* Temperature SN = 6502
* Conductivity SN = 4998
* Number of Bytes Per Scan = 31
* Number of Voltage Words = 2
* Number of Scans Averaged by the Deck Unit = 1
* NMEA Latitude = 44 13.49 S
* NMEA Longitude = 056 00.10 W
* NMEA UTC (Time) = Oct 19 2023 00:22:47
* NMEA baud rate = 4800
** H41
** NPOALTEMAXIMIANO
** NUMERO DA ESTACAO (XXX) 010
** LAT (XX XX.XX S/N) 44 13.210 S
** LONG (XXX XX.XX W/E) 055 59.942 W
** DATAHORA (dd/mm/aaaa hh:mm Z) 18/10/2023 0022Z
** PROFUNDIDADE (m) 5179
** OPERADOR CT FABIREZA
# nquan = 24
# nvalues = 4053                                  
# units = specified
# name 0 = scan: Scan Count
# name 1 = timeJ: Julian Days
# name 2 = latitude: Latitude [deg]
# name 3 = longitude: Longitude [deg]
# name 4 = dz/dtM: Descent Rate [m/s]
# name 5 = avgsvCM: Average Sound Velocity [Chen-Millero, m/s]
# name 6 = prDM: Pressure, Digiquartz [db]
# name 7 = depSM: Depth [salt water, m]
# name 8 = t090C: Temperature [ITS-90, deg C]
# name 9 = t190C: Temperature, 2 [ITS-90, deg C]
# name 10 = T2-T190C: Temperature Difference, 2 - 1 [ITS-90, deg C]
# name 11 = potemp090C: Potential Temperature [ITS-90, deg C]
# name 12 = potemp190C: Potential Temperature, 2 [ITS-90, deg C]
# name 13 = potemp90Cdiff: Potential Temperature, Diff, 2 - 1 [ITS-90, deg C]
# name 14 = c0S/m: Conductivity [S/m]
# name 15 = c1S/m: Conductivity, 2 [S/m]
# name 16 = C2-C1S/m: Conductivity Difference, 2 - 1 [S/m]
# name 17 = sal00: Salinity, Practical [PSU]
# name 18 = sal11: Salinity, Practical, 2 [PSU]
# name 19 = sbeox0ML/L: Oxygen, SBE 43 [ml/l]
# name 20 = sigma-é00: Density [sigma-theta, kg/m^3]
# name 21 = sigma-é11: Density, 2 [sigma-theta, kg/m^3]
# name 22 = nbf: Bottles Fired
# name 23 = flag:  0.000e+00
# interval = seconds: 0.0416667
# start_time = Oct 19 2023 00:22:47 [NMEA time, header]
# bad_flag = -9.990e-29
*END*
[from data line 121]
      58244 292.043910  -44.23594  -56.00852     -0.046    1479.42     40.508     40.179    12.5427    12.5438     0.0010    12.5373    12.5384     0.0010   4.070792   4.070935   0.000143    35.1617    35.1621     5.8281    26.6104    26.6105          1  0.000e+00
      58245 292.043910  -44.23594  -56.00852     -0.052    1479.42     40.444     40.115    12.5427    12.5436     0.0009    12.5373    12.5382     0.0009   4.070752   4.070902   0.000150    35.1614    35.1620     5.8242    26.6101    26.6104          1  0.000e+00
      58246 292.043911  -44.23594  -56.00852     -0.056    1479.42     40.444     40.115    12.5427    12.5436     0.0008    12.5373    12.5382     0.0008   4.070825   4.070876   0.000051    35.1621    35.1618     5.8284    26.6107    26.6103          1  0.000e+00
      58247 292.043911  -44.23594  -56.00852     -0.061    1479.42     40.444     40.115    12.5431    12.5436     0.0005    12.5377    12.5382     0.0005   4.070746   4.070889   0.000143    35.1610    35.1619     5.8287    26.6097    26.6104          1  0.000e+00
      58248 292.043912  -44.23594  -56.00852     -0.061    1479.42     40.525     40.195    12.5428    12.5436     0.0008    12.5374    12.5382     0.0008   4.070818   4.070896   0.000077    35.1619    35.1619     5.8291    26.6105    26.6103          1  0.000e+00
      58249 292.043912  -44.23594  -56.00852     -0.066    1479.42     40.388     40.059    12.5429    12.5438     0.0009    12.5375    12.5384     0.0009   4.070772   4.070870   0.000098    35.1614    35.1616     5.8293    26.6101    26.6100          1  0.000e+00
      58250 292.043913  -44.23594  -56.00852     -0.070    1479.42     40.444     40.115    12.5427    12.5438     0.0010    12.5373    12.5384     0.0010   4.070878   4.070883   0.000005    35.1626    35.1617     5.8296    26.6110    26.6101          1  0.000e+00
      58251 292.043913  -44.23594  -56.00852     -0.073    1479.42     40.444     40.115    12.5429    12.5436     0.0007    12.5375    12.5382     0.0007   4.070706   4.070896   0.000189    35.1608    35.1620     5.8262    26.6096    26.6104          1  0.000e+00
      58252 292.043913  -44.23594  -56.00852     -0.076    1479.42     40.444     40.115    12.5427    12.5436     0.0009    12.5373    12.5382     0.0009   4.070878   4.070896   0.000018    35.1626    35.1619     5.8260    26.6110    26.6104          1  0.000e+00
      58253 292.043914  -44.23594  -56.00852     -0.078    1479.42     40.468     40.139    12.5427    12.5438     0.0011    12.5372    12.5384     0.0011   4.070719   4.070876   0.000157    35.1611    35.1616     5.8260    26.6099    26.6101          1  0.000e+00
      58254 292.043914  -44.23594  -56.00852     -0.080    1479.42     40.388     40.059    12.5427    12.5436     0.0008    12.5373    12.5382     0.0008   4.070798   4.070889   0.000091    35.1619    35.1619     5.8300    26.6105    26.6104          1  0.000e+00
      58255 292.043915  -44.23594  -56.00852     -0.083    1479.42     40.444     40.115    12.5427    12.5436     0.0009    12.5373    12.5382     0.0009   4.070719   4.070870   0.000150    35.1611    35.1617     5.8262    26.6099    26.6102          1  0.000e+00
      58256 292.043915  -44.23594  -56.00852     -0.087    1479.42     40.388     40.059    12.5429    12.5436     0.0007    12.5375    12.5382     0.0007   4.070726   4.070889   0.000163    35.1610    35.1619     5.8260    26.6098    26.6104          1  0.000e+00
      58257 292.043916  -44.23594  -56.00852     -0.092    1479.42     40.388     40.059    12.5427    12.5438     0.0010    12.5373    12.5384     0.0010   4.070746   4.070870   0.000124    35.1613    35.1616     5.8259    26.6101    26.6100          1  0.000e+00
      58258 292.043916  -44.23594  -56.00852     -0.092    1479.42     40.404     40.075    12.5427    12.5434     0.0007    12.5373    12.5380     0.0007   4.070746   4.070889   0.000143    35.1613    35.1621     5.8300    26.6101    26.6105          1  0.000e+00
      58259 292.043917  -44.23594  -56.00852     -0.096    1479.42     40.388     40.059    12.5428    12.5434     0.0007    12.5374    12.5380     0.0007   4.070825   4.070844   0.000019    35.1621    35.1616     5.8260    26.6106    26.6102          1  0.000e+00
      58260 292.043917  -44.23594  -56.00852     -0.100    1479.42     40.388     40.059    12.5427    12.5433     0.0005    12.5373    12.5379     0.0005   4.070719   4.070831   0.000111    35.1611    35.1617     5.8259    26.6099    26.6102          1  0.000e+00
      58261 292.043918  -44.23594  -56.00852     -0.098    1479.42     40.444     40.115    12.5427    12.5436     0.0009    12.5373    12.5382     0.0009   4.070838   4.070857   0.000019    35.1622    35.1616     5.8300    26.6108    26.6101          1  0.000e+00
      58262 292.043918  -44.23594  -56.00852     -0.105    1479.42     40.324     39.995    12.5429    12.5431     0.0002    12.5375    12.5377     0.0002   4.070733   4.070863   0.000131    35.1611    35.1622     5.8302    26.6098    26.6106          1  0.000e+00
      58263 292.043919  -44.23594  -56.00852     -0.106    1479.42     40.404     40.075    12.5429    12.5434     0.0005    12.5375    12.5380     0.0005   4.070891   4.070863  -0.000028    35.1626    35.1618     5.8304    26.6110    26.6103          1  0.000e+00
      58264 292.043919  -44.23594  -56.00852     -0.104    1479.42     40.388     40.059    12.5428    12.5438     0.0010    12.5374    12.5384     0.0010   4.070746   4.070922   0.000176    35.1613    35.1621     5.8311    26.6100    26.6104          1  0.000e+00
      58265 292.043920  -44.23594  -56.00852     -0.109    1479.42     40.324     39.995    12.5429    12.5438     0.0009    12.5375    12.5384     0.0009   4.070838   4.070902   0.000064    35.1621    35.1619     5.8312    26.6106    26.6103          1  0.000e+00
      58266 292.043920  -44.23594  -56.00852     -0.109    1479.42     40.388     40.059    12.5431    12.5436     0.0005    12.5377    12.5382     0.0005   4.070752   4.070896   0.000143    35.1611    35.1620     5.8319    26.6098    26.6104          1  0.000e+00
      58267 292.043921  -44.23594  -56.00852     -0.111    1479.42     40.348     40.019    12.5429    12.5440     0.0010    12.5375    12.5386     0.0010   4.070845   4.070896   0.000051    35.1621    35.1617     5.8324    26.6107    26.6101          1  0.000e+00
      58268 292.043921  -44.23594  -56.00854     -0.111    1479.42     40.388     40.059    12.5431    12.5438     0.0007    12.5377    12.5384     0.0007   4.070812   4.070844   0.000032    35.1616    35.1613     5.8284    26.6102    26.6098          1  0.000e+00
      58269 292.043922  -44.23594  -56.00854     -0.114    1479.42     40.324     39.996    12.5427    12.5434     0.0007    12.5374    12.5381     0.0007   4.070752   4.070909   0.000156    35.1614    35.1623     5.8283    26.6101    26.6107          1  0.000e+00
      58270 292.043922  -44.23594  -56.00854     -0.112    1479.42     40.388     40.059    12.5428    12.5436     0.0008    12.5374    12.5382     0.0008   4.070798   4.070902   0.000104    35.1618    35.1620     5.8323    26.6104    26.6104          1  0.000e+00
      58271 292.043923  -44.23594  -56.00854     -0.113    1479.42     40.388     40.059    12.5429    12.5438     0.0009    12.5375    12.5384     0.0009   4.070759   4.070876   0.000117    35.1613    35.1616     5.8325    26.6100    26.6101          1  0.000e+00
      58272 292.043923  -44.23594  -56.00854     -0.113    1479.42     40.348     40.020    12.5429    12.5438     0.0009    12.5375    12.5384     0.0009   4.070851   4.070863   0.000012    35.1622    35.1615     5.8326    26.6107    26.6100          1  0.000e+00
      58273 292.043924  -44.23594  -56.00854     -0.114    1479.42     40.324     39.996    12.5427    12.5436     0.0009    12.5374    12.5382     0.0009   4.070779   4.070863   0.000085    35.1617    35.1617     5.8328    26.6103    26.6101          1  0.000e+00
      58274 292.043924  -44.23594  -56.00854     -0.115    1479.42     40.324     39.996    12.5429    12.5441     0.0012    12.5375    12.5387     0.0012   4.070851   4.070889   0.000038    35.1622    35.1615     5.8324    26.6107    26.6099          1  0.000e+00
      58275 292.043925  -44.23594  -56.00854     -0.114    1479.42     40.324     39.996    12.5432    12.5438     0.0006    12.5378    12.5384     0.0006   4.070752   4.070896   0.000143    35.1610    35.1618     5.8325    26.6098    26.6103          1  0.000e+00
      58276 292.043925  -44.23594  -56.00854     -0.109    1479.42     40.389     40.060    12.5429    12.5440     0.0010    12.5375    12.5386     0.0010   4.070871   4.070896   0.000025    35.1624    35.1616     5.8326    26.6108    26.6101          1  0.000e+00
      58277 292.043926  -44.23594  -56.00854     -0.110    1479.42     40.348     40.020    12.5429    12.5438     0.0009    12.5375    12.5384     0.0009   4.070785   4.070896   0.000110    35.1616    35.1618     5.8327    26.6102    26.6103          1  0.000e+00
      58278 292.043926  -44.23594  -56.00854     -0.115    1479.42     40.268     39.940    12.5431    12.5438     0.0007    12.5377    12.5384     0.0007   4.070825   4.070922   0.000097    35.1618    35.1621     5.8327    26.6104    26.6105          1  0.000e+00
      58279 292.043927  -44.23594  -56.00854     -0.109    1479.42     40.389     40.060    12.5427    12.5440     0.0012    12.5373    12.5386     0.0012   4.070798   4.070909   0.000110    35.1619    35.1618     5.8328    26.6105    26.6102          1  0.000e+00
      58280 292.043927  -44.23594  -56.00854     -0.106    1479.42     40.324     39.996    12.5429    12.5438     0.0009    12.5375    12.5384     0.0009   4.070831   4.070896   0.000064    35.1620    35.1618     5.8328    26.6106    26.6103          1  0.000e+00
      58281 292.043927  -44.23594  -56.00854     -0.105    1479.42     40.324     39.996    12.5430    12.5438     0.0008    12.5376    12.5384     0.0008   4.070772   4.070922   0.000150    35.1614    35.1621     5.8328    26.6101    26.6105          1  0.000e+00
      58282 292.043928  -44.23594  -56.00854     -0.104    1479.42     40.348     40.020    12.5429    12.5434     0.0005    12.5375    12.5381     0.0005   4.070798   4.070883   0.000084    35.1617    35.1620     5.8370    26.6103    26.6105          1  0.000e+00
      58283 292.043928  -44.23594  -56.00854     -0.100    1479.42     40.324     39.996    12.5431    12.5436     0.0005    12.5377    12.5382     0.0005   4.070818   4.070889   0.000071    35.1617    35.1620     5.8331    26.6103    26.6104          1  0.000e+00
      58284 292.043929  -44.23594  -56.00854     -0.098    1479.42     40.324     39.996    12.5429    12.5433     0.0003    12.5375    12.5379     0.0003   4.070759   4.070844   0.000085    35.1613    35.1618     5.8327    26.6100    26.6104          1  0.000e+00
      58285 292.043929  -44.23594  -56.00854     -0.097    1479.42     40.324     39.996    12.5429    12.5434     0.0005    12.5375    12.5381     0.0005   4.070851   4.070798  -0.000053    35.1622    35.1612     5.8325    26.6107    26.6098          1  0.000e+00
      58286 292.043930  -44.23594  -56.00854     -0.091    1479.42     40.389     40.060    12.5430    12.5426    -0.0003    12.5376    12.5372    -0.0003   4.070700   4.070714   0.000014    35.1607    35.1611     5.8321    26.6095    26.6099          1  0.000e+00
      58287 292.043930  -44.23594  -56.00854     -0.090    1479.42     40.284     39.956    12.5431    12.5416    -0.0015    12.5377    12.5362    -0.0015   4.070851   4.070636  -0.000215    35.1621    35.1614     5.8318    26.6106    26.6103          1  0.000e+00
      58288 292.043931  -44.23594  -56.00854     -0.083    1479.42     40.389     40.060    12.5431    12.5410    -0.0021    12.5377    12.5356    -0.0021   4.070818   4.070538  -0.000280    35.1617    35.1610     5.8317    26.6103    26.6101          1  0.000e+00
      58289 292.043931  -44.23594  -56.00854     -0.079    1479.42     40.324     39.996    12.5429    12.5409    -0.0020    12.5375    12.5356    -0.0020   4.070864   4.070538  -0.000326    35.1623    35.1611     5.8315    26.6108    26.6102          1  0.000e+00
      58290 292.043932  -44.23594  -56.00854     -0.083    1479.42     40.268     39.940    12.5431    12.5416    -0.0015    12.5377    12.5362    -0.0015   4.070733   4.070597  -0.000136    35.1609    35.1610     5.8355    26.6097    26.6100          1  0.000e+00
      58291 292.043932  -44.23594  -56.00854     -0.075    1479.42     40.389     40.060    12.5429    12.5423    -0.0006    12.5375    12.5369    -0.0006   4.070838   4.070694  -0.000144    35.1621    35.1613     5.8315    26.6106    26.6101          1  0.000e+00
      58292 292.043933  -44.23594  -56.00854     -0.071    1479.42     40.349     40.020    12.5430    12.5429    -0.0001    12.5376    12.5375    -0.0001   4.070779   4.070798   0.000020    35.1615    35.1617     5.8313    26.6101    26.6103          1  0.000e+00
      58293 292.043933  -44.23594  -56.00854     -0.066    1479.42     40.325     39.996    12.5429    12.5431     0.0002    12.5375    12.5377     0.0002   4.070798   4.070876   0.000078    35.1617    35.1623     5.8356    26.6103    26.6107          1  0.000e+00
      58294 292.043934  -44.23594  -56.00854     -0.065    1479.42     40.325     39.996    12.5427    12.5434     0.0007    12.5374    12.5381     0.0007   4.070845   4.070870   0.000025    35.1623    35.1619     5.8357    26.6108    26.6104          1  0.000e+00
      58295 292.043934  -44.23594  -56.00854     -0.060    1479.42     40.389     40.060    12.5431    12.5436     0.0005    12.5377    12.5382     0.0005   4.070746   4.070889   0.000143    35.1610    35.1619     5.8363    26.6097    26.6104          1  0.000e+00
      58296 292.043935  -44.23594  -56.00854     -0.058    1479.42     40.325     39.996    12.5427    12.5438     0.0010    12.5374    12.5384     0.0010   4.070845   4.070896   0.000051    35.1623    35.1618     5.8367    26.6108    26.6103          1  0.000e+00
      58297 292.043935  -44.23594  -56.00854     -0.049    1479.42     40.349     40.020    12.5430    12.5438     0.0008    12.5376    12.5384     0.0008   4.070779   4.070928   0.000149    35.1615    35.1622     5.8372    26.6101    26.6105          1  0.000e+00
      58298 292.043936  -44.23594  -56.00854     -0.047    1479.42     40.389     40.060    12.5431    12.5439     0.0008    12.5377    12.5385     0.0008   4.070851   4.070902   0.000051    35.1620    35.1617     5.8376    26.6105    26.6102          2  0.000e+00
      58299 292.043936  -44.23594  -56.00854     -0.047    1479.42     40.268     39.940    12.5429    12.5439     0.0010    12.5375    12.5385     0.0010   4.070752   4.070896   0.000143    35.1613    35.1617     5.8338    26.6100    26.6101          2  0.000e+00
      58300 292.043937  -44.23594  -56.00854     -0.037    1479.42     40.446     40.116    12.5429    12.5440     0.0010    12.5375    12.5386     0.0010   4.070897   4.070928   0.000031    35.1626    35.1619     5.8335    26.6110    26.6103          2  0.000e+00
      58301 292.043937  -44.23594  -56.00854     -0.034    1479.42     40.325     39.996    12.5429    12.5438     0.0009    12.5375    12.5384     0.0009   4.070798   4.070935   0.000136    35.1617    35.1622     5.8330    26.6103    26.6106          2  0.000e+00
      58302 292.043938  -44.23594  -56.00854     -0.028    1479.42     40.349     40.020    12.5429    12.5439     0.0010    12.5375    12.5385     0.0010   4.070851   4.070909   0.000057    35.1622    35.1618     5.8326    26.6107    26.6102          2  0.000e+00
      58303 292.043938  -44.23594  -56.00854     -0.024    1479.42     40.389     40.060    12.5430    12.5441     0.0011    12.5376    12.5387     0.0011   4.070779   4.070922   0.000143    35.1614    35.1618     5.8327    26.6101    26.6101          2  0.000e+00
