Pos-Processados/process_op42/operantar42_027.ros
* Sea-Bird SBE 9 Data File:
* FileName = C:\Users\Hidrografia\Desktop\OPXLII\Brutos\OP42027.hdr
* Software Version Seasave V 7.26.7.107
* Temperature SN = 6502
* Conductivity SN = 4998
* Number of Bytes Per Scan = 37
* Number of Voltage Words = 4
* Number of Scans Averaged by the Deck Unit = 1
* NMEA Latitude = 62 16.55 S
* NMEA Longitude = 058 26.39 W
* NMEA UTC (Time) = Nov 08 2023 19:38:30
* NMEA baud rate = 4800
** H41
** NPOALTEMAXIMIANO
** NUMERO DA ESTACAO (XXX) 027
** LAT (XX XX.XX S/N) 62  16.401 S
** LONG (XXX XX.XX W/E) 058  26.553 W
** DATAHORA (dd/mm/aaaa hh:mm Z) 08/11/2023 1937Z
** PROFUNDIDADE (m) 159
** OPERADOR CT FILIPE LOPES
# nquan = 24
# nvalues = 3975                                  
# units = specified
# name 0 = scan: Scan Count
# name 1 = timeJ: Julian Days
# name 2 = latitude: Latitude [deg]
# name 3 = longitude: Longitude [deg]
# name 4 = dz/dtM: Descent Rate [m/s]
# name 5 = avgsvCM: Average Sound Velocity [Chen-Millero, m/s]
# name 6 = prDM: Pressure, Digiquartz [db]
# name 7 = depSM: Depth [salt water, m]
# name 8 = t090C: Temperature [ITS-90, deg C]
# name 9 = t190C: Temperature, 2 [ITS-90, deg C]
# name 10 = T2-T190C: Temperature Difference, 2 - 1 [ITS-90, deg C]
# name 11 = potemp090C: Potential Temperature [ITS-90, deg C]
# name 12 = potemp190C: Potential Temperature, 2 [ITS-90, deg C]
# name 13 = potemp90Cdiff: Potential Temperature, Diff, 2 - 1 [ITS-90, deg C]
# name 14 = c0S/m: Conductivity [S/m]
# name 15 = c1S/m: Conductivity, 2 [S/m]
# name 16 = C2-C1S/m: Conductivity Difference, 2 - 1 [S/m]
# name 17 = sal00: Salinity, Practical [PSU]
# name 18 = sal11: Salinity, Practical, 2 [PSU]
# name 19 = sbeox0ML/L: Oxygen, SBE 43 [ml/l]
# name 20 = sigma-é00: Density [sigma-theta, kg/m^3]
# name 21 = sigma-é11: Density, 2 [sigma-theta, kg/m^3]
# name 22 = nbf: Bottles Fired
# name 23 = flag:  0.000e+00
# interval = seconds: 0.0416667
# start_time = Nov 08 2023 19:38:30 [NMEA time, header]
# bad_flag = -9.990e-29
*END*
[from data line 3321]
      23500 312.829735  -62.28010  -58.43308     -0.009    1447.02      3.583      3.549    -0.4920    -0.4911     0.0009    -0.4922    -0.4912     0.0009   2.809306   2.809249  -0.000057    34.2960    34.2942     7.4975    27.5617    27.5602         21  0.000e+00
      23501 312.829736  -62.28010  -58.43308      0.001    1447.02      3.535      3.501    -0.4922    -0.4914     0.0008    -0.4923    -0.4915     0.0008   2.809283   2.809260  -0.000023    34.2959    34.2947     7.4979    27.5617    27.5606         21  0.000e+00
      23502 312.829736  -62.28010  -58.43308      0.015    1447.02      3.535      3.501    -0.4922    -0.4914     0.0008    -0.4923    -0.4915     0.0008   2.809238   2.809271   0.000034    34.2953    34.2948     7.4983    27.5612    27.5608         21  0.000e+00
      23503 312.829737  -62.28010  -58.43308      0.033    1447.02      3.600      3.565    -0.4921    -0.4911     0.0010    -0.4922    -0.4912     0.0010   2.809283   2.809288   0.000005    34.2957    34.2947     7.4988    27.5615    27.5606         21  0.000e+00
      23504 312.829737  -62.28010  -58.43308      0.047    1447.02      3.600      3.565    -0.4919    -0.4911     0.0008    -0.4920    -0.4912     0.0008   2.809340   2.809277  -0.000063    34.2963    34.2945     7.4991    27.5620    27.5605         21  0.000e+00
      23505 312.829738  -62.28010  -58.43308      0.065    1447.02      3.600      3.565    -0.4922    -0.4912     0.0010    -0.4923    -0.4913     0.0010   2.809335   2.809311  -0.000024    34.2965    34.2951     7.4996    27.5622    27.5610         21  0.000e+00
      23506 312.829738  -62.28010  -58.43308      0.082    1447.02      3.656      3.621    -0.4920    -0.4912     0.0008    -0.4922    -0.4913     0.0008   2.809329   2.809283  -0.000046    34.2962    34.2947     7.5000    27.5619    27.5606         21  0.000e+00
      23507 312.829739  -62.28010  -58.43308      0.099    1447.02      3.600      3.565    -0.4922    -0.4911     0.0011    -0.4923    -0.4912     0.0011   2.809266   2.809271   0.000005    34.2956    34.2944     7.4994    27.5614    27.5604         21  0.000e+00
      23508 312.829739  -62.28010  -58.43308      0.112    1447.02      3.656      3.621    -0.4924    -0.4912     0.0012    -0.4925    -0.4913     0.0012   2.809289   2.809271  -0.000018    34.2961    34.2945     7.4999    27.5618    27.5605         21  0.000e+00
      23509 312.829740  -62.28010  -58.43308      0.128    1447.02      3.656      3.621    -0.4921    -0.4914     0.0007    -0.4922    -0.4915     0.0007   2.809323   2.809288  -0.000035    34.2962    34.2950     7.4991    27.5619    27.5609         21  0.000e+00
      23510 312.829740  -62.28010  -58.43306      0.140    1447.02      3.600      3.565    -0.4919    -0.4913     0.0006    -0.4920    -0.4914     0.0006   2.809346   2.809254  -0.000092    34.2964    34.2944     7.4983    27.5620    27.5604         21  0.000e+00
      23511 312.829741  -62.28010  -58.43306      0.156    1447.02      3.720      3.685    -0.4924    -0.4914     0.0010    -0.4925    -0.4915     0.0010   2.809318   2.809260  -0.000058    34.2964    34.2946     7.4978    27.5621    27.5605         21  0.000e+00
      23512 312.829741  -62.28010  -58.43306      0.171    1447.02      3.656      3.621    -0.4924    -0.4914     0.0010    -0.4925    -0.4915     0.0010   2.809363   2.809271  -0.000092    34.2971    34.2947     7.4916    27.5626    27.5607         21  0.000e+00
      23513 312.829742  -62.28010  -58.43306      0.185    1447.02      3.720      3.685    -0.4922    -0.4914     0.0008    -0.4923    -0.4915     0.0008   2.809323   2.809288  -0.000035    34.2963    34.2949     7.4909    27.5620    27.5608         21  0.000e+00
      23514 312.829742  -62.28010  -58.43306      0.195    1447.02      3.656      3.621    -0.4921    -0.4912     0.0009    -0.4922    -0.4913     0.0009   2.809306   2.809316   0.000010    34.2960    34.2952     7.4902    27.5617    27.5610         21  0.000e+00
      23515 312.829742  -62.28010  -58.43306      0.208    1447.02      3.720      3.685    -0.4921    -0.4912     0.0009    -0.4922    -0.4913     0.0009   2.809323   2.809283  -0.000041    34.2962    34.2947     7.4885    27.5619    27.5606         21  0.000e+00
      23516 312.829743  -62.28010  -58.43306      0.217    1447.02      3.720      3.685    -0.4922    -0.4914     0.0008    -0.4923    -0.4915     0.0008   2.809289   2.809288 -8.346e-07    34.2959    34.2949     7.4869    27.5616    27.5608         21  0.000e+00
      23517 312.829743  -62.28010  -58.43306      0.223    1447.02      3.704      3.669    -0.4919    -0.4912     0.0007    -0.4920    -0.4913     0.0007   2.809312   2.809277  -0.000035    34.2959    34.2946     7.4915    27.5616    27.5606         21  0.000e+00
      23518 312.829744  -62.28010  -58.43306      0.236    1447.02      3.777      3.740    -0.4921    -0.4914     0.0007    -0.4922    -0.4915     0.0007   2.809369   2.809288  -0.000081    34.2968    34.2949     7.4919    27.5624    27.5608         21  0.000e+00
      23519 312.829744  -62.28010  -58.43306      0.246    1447.02      3.777      3.740    -0.4922    -0.4916     0.0006    -0.4923    -0.4917     0.0006   2.809323   2.809277  -0.000046    34.2963    34.2949     7.4923    27.5620    27.5609         21  0.000e+00
      23520 312.829745  -62.28010  -58.43306      0.250    1447.02      3.720      3.685    -0.4921    -0.4912     0.0009    -0.4922    -0.4913     0.0009   2.809306   2.809288  -0.000018    34.2960    34.2947     7.4925    27.5617    27.5607         21  0.000e+00
      23521 312.829745  -62.28010  -58.43306      0.254    1447.02      3.777      3.740    -0.4922    -0.4914     0.0008    -0.4923    -0.4915     0.0008   2.809283   2.809277  -0.000006    34.2957    34.2947     7.4866    27.5615    27.5607         21  0.000e+00
      23522 312.829746  -62.28010  -58.43306      0.260    1447.02      3.777      3.740    -0.4924    -0.4916     0.0008    -0.4925    -0.4917     0.0008   2.809278   2.809271  -0.000006    34.2959    34.2949     7.4924    27.5616    27.5608         21  0.000e+00
      23523 312.829746  -62.28010  -58.43306      0.259    1447.02      3.720      3.685    -0.4921    -0.4912     0.0009    -0.4922    -0.4913     0.0009   2.809335   2.809305  -0.000030    34.2963    34.2950     7.4915    27.5620    27.5609         21  0.000e+00
      23524 312.829747  -62.28010  -58.43306      0.266    1447.02      3.833      3.796    -0.4921    -0.4913     0.0008    -0.4922    -0.4914     0.0008   2.809318   2.809260  -0.000058    34.2960    34.2944     7.4846    27.5618    27.5604         21  0.000e+00
      23525 312.829747  -62.28010  -58.43306      0.269    1447.02      3.833      3.796    -0.4922    -0.4912     0.0010    -0.4923    -0.4913     0.0010   2.809289   2.809300   0.000010    34.2958    34.2948     7.4903    27.5616    27.5607         21  0.000e+00
      23526 312.829748  -62.28010  -58.43306      0.267    1447.02      3.777      3.740    -0.4922    -0.4912     0.0010    -0.4923    -0.4913     0.0010   2.809255   2.809305   0.000050    34.2954    34.2949     7.4906    27.5612    27.5608         21  0.000e+00
      23527 312.829748  -62.28010  -58.43306      0.267    1447.02      3.777      3.740    -0.4924    -0.4913     0.0011    -0.4925    -0.4914     0.0011   2.809249   2.809277   0.000028    34.2955    34.2946     7.4910    27.5613    27.5606         21  0.000e+00
      23528 312.829749  -62.28010  -58.43306      0.266    1447.02      3.833      3.796    -0.4922    -0.4914     0.0008    -0.4923    -0.4915     0.0008   2.809289   2.809249  -0.000040    34.2958    34.2943     7.4850    27.5616    27.5604         21  0.000e+00
      23529 312.829749  -62.28010  -58.43306      0.268    1447.02      3.833      3.796    -0.4922    -0.4917     0.0005    -0.4923    -0.4918     0.0005   2.809283   2.809260  -0.000023    34.2957    34.2948     7.4907    27.5615    27.5608         21  0.000e+00
      23530 312.829750  -62.28010  -58.43306      0.265    1447.02      3.833      3.796    -0.4922    -0.4914     0.0008    -0.4923    -0.4915     0.0008   2.809295   2.809288  -0.000007    34.2959    34.2949     7.4847    27.5616    27.5608         21  0.000e+00
      23531 312.829750  -62.28010  -58.43306      0.260    1447.02      3.833      3.796    -0.4922    -0.4914     0.0008    -0.4923    -0.4915     0.0008   2.809341   2.809277  -0.000063    34.2965    34.2947     7.4841    27.5621    27.5607         21  0.000e+00
      23532 312.829751  -62.28010  -58.43306      0.258    1447.02      3.833      3.796    -0.4921    -0.4917     0.0004    -0.4922    -0.4918     0.0004   2.809318   2.809249  -0.000069    34.2960    34.2947     7.4835    27.5618    27.5606         21  0.000e+00
      23533 312.829751  -62.28010  -58.43306      0.254    1447.02      3.833      3.796    -0.4924    -0.4914     0.0010    -0.4925    -0.4915     0.0010   2.809283   2.809260  -0.000023    34.2959    34.2945     7.4831    27.5617    27.5605         21  0.000e+00
      23534 312.829752  -62.28010  -58.43306      0.249    1447.02      3.833      3.796    -0.4921    -0.4914     0.0007    -0.4922    -0.4915     0.0007   2.809278   2.809232  -0.000046    34.2955    34.2941     7.4826    27.5613    27.5602         21  0.000e+00
      23535 312.829752  -62.28010  -58.43306      0.243    1447.02      3.833      3.796    -0.4922    -0.4914     0.0008    -0.4923    -0.4915     0.0008   2.809278   2.809238  -0.000040    34.2956    34.2942     7.4822    27.5615    27.5602         21  0.000e+00
      23536 312.829753  -62.28010  -58.43306      0.239    1447.02      3.881      3.844    -0.4921    -0.4913     0.0008    -0.4922    -0.4914     0.0008   2.809278   2.809260  -0.000018    34.2955    34.2943     7.4818    27.5613    27.5603         21  0.000e+00
      23537 312.829753  -62.28010  -58.43306      0.231    1447.02      3.833      3.796    -0.4920    -0.4912     0.0008    -0.4922    -0.4913     0.0008   2.809295   2.809249  -0.000046    34.2957    34.2941     7.4814    27.5615    27.5602         21  0.000e+00
      23538 312.829754  -62.28010  -58.43306      0.229    1447.02      3.897      3.860    -0.4921    -0.4914     0.0007    -0.4922    -0.4915     0.0007   2.809323   2.809260  -0.000063    34.2961    34.2944     7.4812    27.5618    27.5605         21  0.000e+00
      23539 312.829754  -62.28010  -58.43306      0.219    1447.02      3.777      3.740    -0.4919    -0.4912     0.0007    -0.4920    -0.4913     0.0007   2.809352   2.809288  -0.000064    34.2963    34.2947     7.4808    27.5620    27.5606         21  0.000e+00
      23540 312.829755  -62.28010  -58.43306      0.211    1447.02      3.833      3.796    -0.4919    -0.4908     0.0012    -0.4920    -0.4909     0.0012   2.809295   2.809277  -0.000018    34.2955    34.2940     7.4796    27.5614    27.5600         21  0.000e+00
      23541 312.829755  -62.28010  -58.43306      0.206    1447.02      3.897      3.860    -0.4921    -0.4913     0.0008    -0.4922    -0.4914     0.0008   2.809312   2.809271  -0.000041    34.2959    34.2945     7.4795    27.5617    27.5605         21  0.000e+00
      23542 312.829755  -62.28010  -58.43306      0.200    1447.02      3.833      3.796    -0.4922    -0.4909     0.0013    -0.4923    -0.4911     0.0013   2.809369   2.809288  -0.000081    34.2969    34.2943     7.4792    27.5624    27.5603         21  0.000e+00
      23543 312.829756  -62.28010  -58.43306      0.190    1447.02      3.833      3.796    -0.4921    -0.4912     0.0009    -0.4922    -0.4913     0.0009   2.809301   2.809277  -0.000024    34.2958    34.2945     7.4791    27.5616    27.5605         21  0.000e+00
      23544 312.829756  -62.28010  -58.43306      0.181    1447.02      3.833      3.796    -0.4919    -0.4911     0.0008    -0.4920    -0.4912     0.0008   2.809312   2.809288  -0.000024    34.2957    34.2945     7.4790    27.5615    27.5605         21  0.000e+00
      23545 312.829757  -62.28010  -58.43306      0.173    1447.02      3.777      3.740    -0.4919    -0.4914     0.0005    -0.4920    -0.4915     0.0005   2.809295   2.809277  -0.000018    34.2956    34.2947     7.4789    27.5614    27.5607         21  0.000e+00
      23546 312.829757  -62.28010  -58.43306      0.163    1447.02      3.833      3.796    -0.4918    -0.4912     0.0005    -0.4919    -0.4913     0.0005   2.809301   2.809249  -0.000052    34.2954    34.2941     7.4789    27.5613    27.5602         21  0.000e+00
      23547 312.829758  -62.28010  -58.43306      0.153    1447.02      3.777      3.740    -0.4921    -0.4914     0.0007    -0.4922    -0.4915     0.0007   2.809283   2.809283 -7.491e-07    34.2956    34.2948     7.4790    27.5614    27.5608         21  0.000e+00
      23548 312.829758  -62.28010  -58.43306      0.142    1447.02      3.777      3.740    -0.4921    -0.4911     0.0010    -0.4922    -0.4912     0.0010   2.809312   2.809300  -0.000012    34.2960    34.2947     7.4790    27.5617    27.5607         21  0.000e+00
      23549 312.829759  -62.28010  -58.43306      0.136    1447.02      3.833      3.796    -0.4921    -0.4908     0.0013    -0.4922    -0.4909     0.0013   2.809312   2.809277  -0.000035    34.2960    34.2940     7.4792    27.5617    27.5600         21  0.000e+00
      23550 312.829759  -62.28010  -58.43306      0.124    1447.02      3.777      3.740    -0.4920    -0.4909     0.0011    -0.4922    -0.4911     0.0011   2.809306   2.809271  -0.000035    34.2959    34.2941     7.4793    27.5616    27.5602         21  0.000e+00
      23551 312.829760  -62.28010  -58.43306      0.111    1447.02      3.777      3.740    -0.4921    -0.4911     0.0010    -0.4922    -0.4912     0.0010   2.809306   2.809271  -0.000035    34.2959    34.2943     7.4796    27.5617    27.5604         21  0.000e+00
      23552 312.829760  -62.28010  -58.43306      0.099    1447.02      3.720      3.685    -0.4921    -0.4909     0.0012    -0.4922    -0.4911     0.0012   2.809289   2.809311   0.000022    34.2957    34.2947     7.4798    27.5615    27.5606         21  0.000e+00
      23553 312.829761  -62.28010  -58.43306      0.089    1447.02      3.777      3.740    -0.4919    -0.4913     0.0006    -0.4920    -0.4914     0.0006   2.809238   2.809305   0.000067    34.2948    34.2950     7.4801    27.5608    27.5609         21  0.000e+00
      23554 312.829761  -62.28010  -58.43306      0.078    1447.02      3.761      3.724    -0.4921    -0.4909     0.0012    -0.4922    -0.4911     0.0012   2.809243   2.809277   0.000034    34.2951    34.2942     7.4805    27.5610    27.5603         21  0.000e+00
      23555 312.829762  -62.28010  -58.43306      0.068    1447.02      3.720      3.685    -0.4921    -0.4911     0.0010    -0.4922    -0.4912     0.0010   2.809266   2.809249  -0.000017    34.2954    34.2941     7.4808    27.5613    27.5601         21  0.000e+00
      23556 312.829762  -62.28010  -58.43306      0.054    1447.02      3.720      3.685    -0.4919    -0.4911     0.0008    -0.4920    -0.4912     0.0008   2.809312   2.809260  -0.000052    34.2958    34.2942     7.4811    27.5616    27.5603         21  0.000e+00
      23557 312.829763  -62.28010  -58.43306      0.043    1447.02      3.720      3.685    -0.4922    -0.4911     0.0011    -0.4923    -0.4912     0.0011   2.809329   2.809288  -0.000041    34.2964    34.2946     7.4817    27.5621    27.5606         21  0.000e+00
      23558 312.829763  -62.28010  -58.43304      0.032    1447.02      3.720      3.685    -0.4921    -0.4909     0.0012    -0.4922    -0.4911     0.0012   2.809329   2.809277  -0.000052    34.2963    34.2942     7.4821    27.5620    27.5603         21  0.000e+00
      23559 312.829764  -62.28010  -58.43304      0.013    1447.02      3.656      3.621    -0.4922    -0.4909     0.0013    -0.4923    -0.4910     0.0013   2.809266   2.809249  -0.000017    34.2956    34.2939     7.4827    27.5614    27.5600         21  0.000e+00
