Pos-Processados/process_op42/operantar42_018.ros
* Sea-Bird SBE 9 Data File:
* FileName = C:\Users\Hidrografia\Desktop\OPXLII\Brutos\OP42018.hdr
* Software Version Seasave V 7.26.7.107
* Temperature SN = 6502
* Conductivity SN = 4998
* Number of Bytes Per Scan = 37
* Number of Voltage Words = 4
* Number of Scans Averaged by the Deck Unit = 1
* NMEA Latitude = 62 13.46 S
* NMEA Longitude = 058 12.64 W
* NMEA UTC (Time) = Nov 07 2023 12:56:51
* NMEA baud rate = 4800
** H41
** NPOALTEMAXIMIANO
** NUMERO DA ESTACAO (XXX) 018
** LAT (XX XX.XX S/N) 62 13.46 S
** LONG (XXX XX.XX W/E) 058 12.12 W
** DATAHORA (dd/mm/aaaa hh:mm Z) 07/11/2023 1245Z
** PROFUNDIDADE (m) 523
** OPERADOR 1T ZAMITH
# nquan = 24
# nvalues = 4450                                  
# units = specified
# name 0 = scan: Scan Count
# name 1 = timeJ: Julian Days
# name 2 = latitude: Latitude [deg]
# name 3 = longitude: Longitude [deg]
# name 4 = dz/dtM: Descent Rate [m/s]
# name 5 = avgsvCM: Average Sound Velocity [Chen-Millero, m/s]
# name 6 = prDM: Pressure, Digiquartz [db]
# name 7 = depSM: Depth [salt water, m]
# name 8 = t090C: Temperature [ITS-90, deg C]
# name 9 = t190C: Temperature, 2 [ITS-90, deg C]
# name 10 = T2-T190C: Temperature Difference, 2 - 1 [ITS-90, deg C]
# name 11 = potemp090C: Potential Temperature [ITS-90, deg C]
# name 12 = potemp190C: Potential Temperature, 2 [ITS-90, deg C]
# name 13 = potemp90Cdiff: Potential Temperature, Diff, 2 - 1 [ITS-90, deg C]
# name 14 = c0S/m: Conductivity [S/m]
# name 15 = c1S/m: Conductivity, 2 [S/m]
# name 16 = C2-C1S/m: Conductivity Difference, 2 - 1 [S/m]
# name 17 = sal00: Salinity, Practical [PSU]
# name 18 = sal11: Salinity, Practical, 2 [PSU]
# name 19 = sbeox0ML/L: Oxygen, SBE 43 [ml/l]
# name 20 = sigma-é00: Density [sigma-theta, kg/m^3]
# name 21 = sigma-é11: Density, 2 [sigma-theta, kg/m^3]
# name 22 = nbf: Bottles Fired
# name 23 = flag:  0.000e+00
# interval = seconds: 0.0416667
# start_time = Nov 07 2023 12:56:51 [NMEA time, header]
# bad_flag = -9.990e-29
*END*
[from data line 3140]
      30116 311.554002  -62.22828  -58.20560      0.017    1448.15     15.185     15.038    -0.5576    -0.5566     0.0010    -0.5581    -0.5571     0.0010   2.804560   2.804612   0.000052    34.2991    34.2987     7.5345    27.5672    27.5668         17  0.000e+00
      30117 311.554003  -62.22828  -58.20560      0.020    1448.15     15.185     15.038    -0.5576    -0.5565     0.0012    -0.5581    -0.5569     0.0012   2.804572   2.804590   0.000018    34.2993    34.2982     7.5342    27.5673    27.5664         17  0.000e+00
      30118 311.554003  -62.22828  -58.20560      0.027    1448.15     15.249     15.102    -0.5576    -0.5565     0.0012    -0.5581    -0.5569     0.0012   2.804634   2.804601  -0.000033    34.3001    34.2983     7.5275    27.5680    27.5665         17  0.000e+00
      30119 311.554004  -62.22828  -58.20560      0.033    1448.15     15.241     15.094    -0.5576    -0.5568     0.0009    -0.5581    -0.5572     0.0009   2.804577   2.804607   0.000030    34.2993    34.2987     7.5326    27.5674    27.5669         17  0.000e+00
      30120 311.554004  -62.22828  -58.20560      0.033    1448.15     15.185     15.038    -0.5576    -0.5566     0.0010    -0.5581    -0.5570     0.0010   2.804651   2.804590  -0.000062    34.3004    34.2983     7.5258    27.5682    27.5665         17  0.000e+00
      30121 311.554005  -62.22828  -58.20560      0.039    1448.15     15.241     15.094    -0.5578    -0.5568     0.0010    -0.5582    -0.5572     0.0010   2.804640   2.804584  -0.000056    34.3004    34.2984     7.5309    27.5682    27.5666         17  0.000e+00
      30122 311.554005  -62.22828  -58.20560      0.041    1448.15     15.241     15.094    -0.5574    -0.5566     0.0008    -0.5579    -0.5571     0.0008   2.804646   2.804618  -0.000028    34.3000    34.2988     7.5305    27.5679    27.5669         17  0.000e+00
      30123 311.554006  -62.22828  -58.20560      0.043    1448.15     15.185     15.039    -0.5570    -0.5563     0.0007    -0.5574    -0.5567     0.0007   2.804634   2.804596  -0.000039    34.2994    34.2981     7.5310    27.5674    27.5663         17  0.000e+00
      30124 311.554006  -62.22828  -58.20560      0.049    1448.15     15.306     15.158    -0.5573    -0.5566     0.0007    -0.5578    -0.5571     0.0007   2.804669   2.804601  -0.000067    34.3002    34.2985     7.5307    27.5681    27.5666         17  0.000e+00
      30125 311.554007  -62.22828  -58.20560      0.051    1448.15     15.185     15.039    -0.5572    -0.5563     0.0009    -0.5576    -0.5567     0.0009   2.804686   2.804624  -0.000062    34.3003    34.2985     7.5237    27.5681    27.5666         17  0.000e+00
      30126 311.554007  -62.22828  -58.20560      0.052    1448.15     15.241     15.094    -0.5574    -0.5562     0.0012    -0.5579    -0.5567     0.0012   2.804686   2.804635  -0.000051    34.3006    34.2985     7.5298    27.5684    27.5666         17  0.000e+00
      30127 311.554008  -62.22828  -58.20560      0.061    1448.15     15.306     15.158    -0.5573    -0.5562     0.0012    -0.5578    -0.5566     0.0012   2.804663   2.804612  -0.000050    34.3001    34.2981     7.5304    27.5680    27.5663         17  0.000e+00
      30128 311.554008  -62.22828  -58.20560      0.062    1448.15     15.241     15.094    -0.5573    -0.5565     0.0009    -0.5578    -0.5569     0.0009   2.804691   2.804607  -0.000085    34.3005    34.2984     7.5309    27.5683    27.5666         17  0.000e+00
      30129 311.554008  -62.22828  -58.20560      0.063    1448.15     15.249     15.102    -0.5573    -0.5562     0.0012    -0.5578    -0.5566     0.0012   2.804691   2.804612  -0.000079    34.3005    34.2981     7.5315    27.5683    27.5663         17  0.000e+00
      30130 311.554009  -62.22828  -58.20560      0.071    1448.15     15.306     15.158    -0.5573    -0.5565     0.0009    -0.5578    -0.5569     0.0009   2.804703   2.804607  -0.000096    34.3006    34.2984     7.5322    27.5684    27.5665         17  0.000e+00
      30131 311.554009  -62.22828  -58.20560      0.071    1448.15     15.241     15.095    -0.5572    -0.5565     0.0007    -0.5576    -0.5569     0.0007   2.804709   2.804607  -0.000102    34.3006    34.2984     7.5327    27.5684    27.5666         17  0.000e+00
      30132 311.554010  -62.22828  -58.20560      0.075    1448.15     15.306     15.158    -0.5572    -0.5564     0.0008    -0.5576    -0.5569     0.0008   2.804709   2.804607  -0.000102    34.3005    34.2983     7.5333    27.5683    27.5665         17  0.000e+00
      30133 311.554010  -62.22828  -58.20560      0.082    1448.15     15.306     15.158    -0.5570    -0.5566     0.0004    -0.5574    -0.5571     0.0004   2.804709   2.804607  -0.000102    34.3003    34.2986     7.5328    27.5682    27.5667         17  0.000e+00
      30134 311.554011  -62.22828  -58.20560      0.081    1448.15     15.306     15.158    -0.5570    -0.5566     0.0004    -0.5574    -0.5571     0.0004   2.804749   2.804590  -0.000159    34.3009    34.2983     7.5334    27.5686    27.5665         17  0.000e+00
      30135 311.554011  -62.22828  -58.20560      0.083    1448.15     15.242     15.095    -0.5568    -0.5563     0.0005    -0.5573    -0.5567     0.0005   2.804720   2.804601  -0.000119    34.3003    34.2981     7.5338    27.5682    27.5663         17  0.000e+00
      30136 311.554012  -62.22828  -58.20560      0.081    1448.15     15.306     15.158    -0.5570    -0.5566     0.0004    -0.5574    -0.5571     0.0004   2.804691   2.804607  -0.000085    34.3001    34.2986     7.5345    27.5680    27.5667         17  0.000e+00
      30137 311.554012  -62.22828  -58.20560      0.087    1448.15     15.306     15.158    -0.5572    -0.5565     0.0007    -0.5576    -0.5569     0.0007   2.804686   2.804612  -0.000073    34.3002    34.2984     7.5351    27.5681    27.5666         17  0.000e+00
      30138 311.554013  -62.22828  -58.20560      0.088    1448.15     15.306     15.158    -0.5573    -0.5566     0.0008    -0.5578    -0.5570     0.0008   2.804720   2.804584  -0.000136    34.3009    34.2982     7.5357    27.5686    27.5664         17  0.000e+00
      30139 311.554013  -62.22828  -58.20560      0.089    1448.15     15.306     15.158    -0.5568    -0.5563     0.0005    -0.5573    -0.5567     0.0005   2.804652   2.804601  -0.000050    34.2994    34.2981     7.5287    27.5674    27.5663         17  0.000e+00
      30140 311.554014  -62.22828  -58.20560      0.086    1448.15     15.250     15.103    -0.5573    -0.5563     0.0011    -0.5578    -0.5567     0.0011   2.804669   2.804646  -0.000022    34.3002    34.2987     7.5272    27.5681    27.5668         17  0.000e+00
      30148 311.554018  -62.22828  -58.20560      0.107    1448.15     15.362     15.214    -0.5570    -0.5565     0.0005    -0.5574    -0.5569     0.0005   2.804606   2.804607 9.9710e-07    34.2989    34.2983     7.5333    27.5670    27.5665         18  0.000e+00
      30149 311.554018  -62.22828  -58.20560      0.107    1448.15     15.362     15.214    -0.5570    -0.5563     0.0007    -0.5574    -0.5567     0.0007   2.804623   2.804607  -0.000016    34.2991    34.2981     7.5342    27.5672    27.5663         18  0.000e+00
      30150 311.554019  -62.22828  -58.20560      0.109    1448.15     15.362     15.214    -0.5572    -0.5567     0.0005    -0.5576    -0.5572     0.0005   2.804669   2.804646  -0.000022    34.3000    34.2991     7.5350    27.5679    27.5672         18  0.000e+00
      30151 311.554019  -62.22828  -58.20560      0.108    1448.15     15.370     15.222    -0.5570    -0.5566     0.0004    -0.5574    -0.5571     0.0004   2.804623   2.804618  -0.000005    34.2991    34.2987     7.5359    27.5672    27.5668         18  0.000e+00
      30152 311.554020  -62.22828  -58.20560      0.109    1448.15     15.362     15.214    -0.5567    -0.5563     0.0004    -0.5572    -0.5567     0.0004   2.804663   2.804607  -0.000056    34.2994    34.2981     7.5292    27.5674    27.5663         18  0.000e+00
      30153 311.554020  -62.22828  -58.20560      0.110    1448.15     15.362     15.214    -0.5567    -0.5563     0.0004    -0.5572    -0.5567     0.0004   2.804623   2.804629   0.000006    34.2988    34.2984     7.5290    27.5669    27.5666         18  0.000e+00
      30154 311.554021  -62.22828  -58.20560      0.107    1448.15     15.362     15.214    -0.5570    -0.5560     0.0010    -0.5574    -0.5564     0.0010   2.804583   2.804652   0.000069    34.2986    34.2984     7.5279    27.5668    27.5665         18  0.000e+00
      30155 311.554021  -62.22828  -58.20560      0.111    1448.15     15.427     15.278    -0.5572    -0.5562     0.0010    -0.5576    -0.5566     0.0010   2.804577   2.804680   0.000103    34.2987    34.2989     7.5279    27.5668    27.5670         18  0.000e+00
      30156 311.554022  -62.22828  -58.20560      0.111    1448.15     15.370     15.222    -0.5572    -0.5556     0.0015    -0.5576    -0.5561     0.0015   2.804594   2.804663   0.000069    34.2990    34.2981     7.5267    27.5670    27.5663         18  0.000e+00
      30157 311.554022  -62.22828  -58.20560      0.109    1448.15     15.362     15.214    -0.5570    -0.5555     0.0015    -0.5574    -0.5560     0.0015   2.804606   2.804680   0.000074    34.2989    34.2982     7.5255    27.5670    27.5664         18  0.000e+00
      30158 311.554022  -62.22828  -58.20560      0.112    1448.15     15.427     15.278    -0.5564    -0.5555     0.0009    -0.5568    -0.5560     0.0009   2.804606   2.804691   0.000085    34.2982    34.2984     7.5253    27.5664    27.5665         18  0.000e+00
      30159 311.554023  -62.22828  -58.20560      0.109    1448.15     15.362     15.214    -0.5563    -0.5559     0.0004    -0.5567    -0.5563     0.0004   2.804640   2.804686   0.000045    34.2985    34.2987     7.5316    27.5667    27.5668         18  0.000e+00
      30160 311.554023  -62.22828  -58.20560      0.107    1448.15     15.427     15.278    -0.5559    -0.5562    -0.0003    -0.5564    -0.5566    -0.0003   2.804674   2.804646  -0.000028    34.2986    34.2985     7.5251    27.5667    27.5666         18  0.000e+00
      30161 311.554024  -62.22828  -58.20560      0.111    1448.15     15.427     15.278    -0.5561    -0.5564    -0.0003    -0.5565    -0.5569    -0.0003   2.804640   2.804635  -0.000005    34.2983    34.2986     7.5304    27.5665    27.5667         18  0.000e+00
      30162 311.554024  -62.22828  -58.20560      0.108    1448.15     15.371     15.222    -0.5561    -0.5565    -0.0004    -0.5565    -0.5569    -0.0004   2.804709   2.804590  -0.000119    34.2993    34.2981     7.5238    27.5672    27.5663         18  0.000e+00
      30163 311.554025  -62.22828  -58.20560      0.104    1448.15     15.362     15.214    -0.5561    -0.5569    -0.0008    -0.5565    -0.5574    -0.0008   2.804674   2.804579  -0.000096    34.2988    34.2985     7.5227    27.5669    27.5667         18  0.000e+00
      30164 311.554025  -62.22828  -58.20560      0.106    1448.15     15.427     15.278    -0.5567    -0.5570    -0.0003    -0.5572    -0.5575    -0.0003   2.804634   2.804579  -0.000056    34.2989    34.2986     7.5217    27.5670    27.5667         18  0.000e+00
      30165 311.554026  -62.22828  -58.20560      0.101    1448.15     15.362     15.214    -0.5572    -0.5572    -0.0001    -0.5576    -0.5577    -0.0001   2.804646   2.804562  -0.000084    34.2996    34.2986     7.5216    27.5676    27.5668         18  0.000e+00
      30166 311.554026  -62.22828  -58.20560      0.100    1448.15     15.427     15.278    -0.5576    -0.5572     0.0004    -0.5581    -0.5577     0.0004   2.804617   2.804534  -0.000084    34.2997    34.2982     7.5218    27.5677    27.5664         18  0.000e+00
      30167 311.554027  -62.22828  -58.20560      0.098    1448.15     15.371     15.222    -0.5581    -0.5570     0.0011    -0.5586    -0.5574     0.0011   2.804583   2.804584   0.000001    34.2999    34.2986     7.5207    27.5679    27.5668         18  0.000e+00
      30168 311.554027  -62.22828  -58.20560      0.099    1448.15     15.427     15.278    -0.5579    -0.5570     0.0009    -0.5584    -0.5575     0.0009   2.804634   2.804607  -0.000028    34.3003    34.2990     7.5271    27.5682    27.5670         18  0.000e+00
      30169 311.554028  -62.22828  -58.20560      0.095    1448.15     15.427     15.278    -0.5581    -0.5574     0.0007    -0.5585    -0.5579     0.0007   2.804657   2.804568  -0.000090    34.3008    34.2988     7.5271    27.5686    27.5670         18  0.000e+00
      30170 311.554028  -62.22828  -58.20560      0.095    1448.15     15.427     15.278    -0.5581    -0.5580     0.0001    -0.5586    -0.5585     0.0001   2.804594   2.804534  -0.000061    34.3000    34.2990     7.5217    27.5679    27.5672         18  0.000e+00
      30171 311.554029  -62.22828  -58.20560      0.094    1448.15     15.427     15.278    -0.5581    -0.5582    -0.0001    -0.5585    -0.5586    -0.0001   2.804612   2.804466  -0.000145    34.3002    34.2983     7.5217    27.5681    27.5666         18  0.000e+00
      30172 311.554029  -62.22828  -58.20560      0.090    1448.15     15.427     15.278    -0.5589    -0.5583     0.0006    -0.5593    -0.5587     0.0006   2.804492   2.804466  -0.000025    34.2995    34.2985     7.5284    27.5675    27.5667         18  0.000e+00
      30173 311.554030  -62.22828  -58.20560      0.092    1448.15     15.427     15.278    -0.5595    -0.5582     0.0013    -0.5600    -0.5587     0.0013   2.804526   2.804455  -0.000071    34.3006    34.2982     7.5295    27.5685    27.5665         18  0.000e+00
      30174 311.554030  -62.22828  -58.20560      0.083    1448.15     15.363     15.214    -0.5595    -0.5580     0.0015    -0.5600    -0.5584     0.0015   2.804555   2.804506  -0.000049    34.3011    34.2987     7.5230    27.5689    27.5669         18  0.000e+00
      30175 311.554031  -62.22828  -58.20560      0.080    1448.15     15.427     15.278    -0.5587    -0.5578     0.0009    -0.5592    -0.5583     0.0009   2.804606   2.804545  -0.000061    34.3008    34.2990     7.5230    27.5686    27.5671         18  0.000e+00
      30176 311.554031  -62.22828  -58.20560      0.081    1448.15     15.427     15.278    -0.5582    -0.5574     0.0008    -0.5587    -0.5579     0.0008   2.804669   2.804573  -0.000096    34.3011    34.2989     7.5229    27.5689    27.5670         18  0.000e+00
      30177 311.554032  -62.22828  -58.20560      0.078    1448.15     15.427     15.278    -0.5576    -0.5574     0.0002    -0.5581    -0.5579     0.0002   2.804686   2.804539  -0.000146    34.3007    34.2984     7.5229    27.5685    27.5666         18  0.000e+00
      30178 311.554032  -62.22828  -58.20560      0.075    1448.15     15.427     15.278    -0.5573    -0.5578    -0.0005    -0.5578    -0.5583    -0.0005   2.804703   2.804506  -0.000197    34.3006    34.2985     7.5231    27.5684    27.5667         18  0.000e+00
      30179 311.554033  -62.22828  -58.20560      0.075    1448.15     15.427     15.278    -0.5569    -0.5578    -0.0009    -0.5573    -0.5582    -0.0009   2.804709   2.804517  -0.000192    34.3001    34.2985     7.5232    27.5680    27.5667         18  0.000e+00
      30180 311.554033  -62.22828  -58.20560      0.066    1448.15     15.363     15.215    -0.5568    -0.5569    -0.0001    -0.5573    -0.5574    -0.0001   2.804749   2.804528  -0.000220    34.3006    34.2978     7.5233    27.5684    27.5661         18  0.000e+00
      30181 311.554034  -62.22828  -58.20560      0.066    1448.15     15.427     15.278    -0.5570    -0.5568     0.0002    -0.5575    -0.5572     0.0002   2.804743   2.804562  -0.000181    34.3007    34.2980     7.5237    27.5685    27.5663         18  0.000e+00
      30182 311.554034  -62.22828  -58.20560      0.065    1448.15     15.427     15.278    -0.5569    -0.5574    -0.0005    -0.5573    -0.5579    -0.0005   2.804674   2.804562  -0.000112    34.2997    34.2987     7.5241    27.5676    27.5669         18  0.000e+00
