Pos-Processados/process_op42/operantar42_034.cnv
* Sea-Bird SBE 9 Data File:
* FileName = C:\Users\Hidrografia\Desktop\OPXLII\Brutos\OP42034.hdr
* Software Version Seasave V 7.26.7.107
* Temperature SN = 6502
* Conductivity SN = 4998
* Number of Bytes Per Scan = 37
* Number of Voltage Words = 4
* Number of Scans Averaged by the Deck Unit = 1
* NMEA Latitude = 62 08.19 S
* NMEA Longitude = 058 26.42 W
* NMEA UTC (Time) = Nov 09 2023 09:05:42
* NMEA baud rate = 4800
** H41
** NPOALTEMAXIMIANO
** NUMERO DA ESTACAO (XXX) 034
** LAT (XX XX.XX S/N) 62 08.17 S
** LONG (XXX XX.XX W/E) 058 26.44 W
** DATAHORA (dd/mm/aaaa hh:mm Z) 09/11/2023 0905Z
** PROFUNDIDADE (m) 424
** OPERADOR CT FABIREZA
# nquan = 30
# nvalues = 795                         
# units = specified
# name 0 = scan: Scan Count
# name 1 = timeJ: Julian Days
# name 2 = latitude: Latitude [deg]
# name 3 = longitude: Longitude [deg]
# name 4 = dz/dtM: Descent Rate [m/s]
# name 5 = avgsvCM: Average Sound Velocity [Chen-Millero, m/s]
# name 6 = prDM: Pressure, Digiquartz [db]
# name 7 = depSM: Depth [salt water, m]
# name 8 = t090C: Temperature [ITS-90, deg C]
# name 9 = t190C: Temperature, 2 [ITS-90, deg C]
# name 10 = T2-T190C: Temperature Difference, 2 - 1 [ITS-90, deg C]
# name 11 = potemp090C: Potential Temperature [ITS-90, deg C]
# name 12 = potemp190C: Potential Temperature, 2 [ITS-90, deg C]
# name 13 = potemp90Cdiff: Potential Temperature, Diff, 2 - 1 [ITS-90, deg C]
# name 14 = c0S/m: Conductivity [S/m]
# name 15 = c1S/m: Conductivity, 2 [S/m]
# name 16 = C2-C1S/m: Conductivity Difference, 2 - 1 [S/m]
# name 17 = sal00: Salinity, Practical [PSU]
# name 18 = sal11: Salinity, Practical, 2 [PSU]
# name 19 = sbeox0ML/L: Oxygen, SBE 43 [ml/l]
# name 20 = sigma-é00: Density [sigma-theta, kg/m^3]
# name 21 = sigma-é11: Density, 2 [sigma-theta, kg/m^3]
# name 22 = sal00: Salinity, Practical [PSU]
# name 23 = sigma-é00: Density [sigma-theta, kg/m^3]
# name 24 = svCM: Sound Velocity [Chen-Millero, m/s]
# name 25 = svCM1: Sound Velocity, 2 [Chen-Millero, m/s]
# name 26 = gsw_ptA0: potential temperature [ITS-90, deg C]
# name 27 = gsw_densityA0: density, TEOS-10 [density, kg/m^3]
# name 28 = gsw_saA0: Absolute Salinity [g/kg]
# name 29 = flag:
# span 0 =        549,      25108       
# span 1 = 313.379223, 313.391066       
# span 2 =  -62.14077,  -62.13661       
# span 3 =  -58.44044,  -58.43977       
# span 4 =     -1.221,      1.161       
# span 5 =       0.00,    1448.35       
# span 6 =      1.000,    398.000       
# span 7 =      0.994,    393.796       
# span 8 =    -0.8011,    -0.5476       
# span 9 =    -0.8003,    -0.5471       
# span 10 =    -0.0256,     0.0175      
# span 11 =    -0.8089,    -0.5486      
# span 12 =    -0.8080,    -0.5480      
# span 13 =    -0.0256,     0.0175      
# span 14 =   2.792793,   2.823262      
# span 15 =   2.792685,   2.823096      
# span 16 =  -0.002146,   0.001769      
# span 17 =    34.2760,    34.3910      
# span 18 =    34.2748,    34.3900      
# span 19 =     6.8084,     7.6553      
# span 20 =    27.5524,    27.6452      
# span 21 =    27.5513,    27.6444      
# span 22 =    34.2779,    34.3910      
# span 23 =    27.5525,    27.6452      
# span 24 =    1445.57,    1451.89      
# span 25 =    1445.56,    1451.89      
# span 26 =    -0.8087,    -0.5486      
# span 27 =  1027.5617,  1029.5451      
# span 28 =    34.4407,    34.5585      
# span 29 = 0.0000e+00, 0.0000e+00      
# interval = decibars: 1                
# start_time = Nov 09 2023 09:05:42 [NMEA time, header]
# bad_flag = -9.990e-29
*END*
[from data line 146]
       5322 313.381524  -62.13730  -58.44034      1.116    1446.48    147.000    145.538    -0.7421    -0.7411     0.0010    -0.7465    -0.7454     0.0010   2.794821   2.794864   0.000039    34.2958    34.2952     7.5081    27.5726    27.5720    34.2951    27.5720    1447.14    1447.14    -0.7463  1028.2809    34.4619 0.0000e+00
       5352 313.381539  -62.13730  -58.44034      0.866    1446.48    148.000    146.528    -0.7421    -0.7411     0.0011    -0.7465    -0.7454     0.0011   2.794859   2.794899   0.000039    34.2956    34.2949     7.5013    27.5724    27.5719    34.2950    27.5720    1447.15    1447.16    -0.7464  1028.2856    34.4619 0.0000e+00
       5384 313.381554  -62.13732  -58.44032      0.736    1446.48    149.000    147.517    -0.7418    -0.7410     0.0007    -0.7462    -0.7454     0.0007   2.794938   2.794933  -0.000002    34.2955    34.2946     7.5052    27.5723    27.5716    34.2950    27.5720    1447.17    1447.18    -0.7461  1028.2904    34.4619 0.0000e+00
       5409 313.381566  -62.13732  -58.44032      0.865    1446.48    150.000    148.507    -0.7419    -0.7411     0.0008    -0.7463    -0.7455     0.0008   2.794974   2.794985   0.000011    34.2954    34.2946     7.5129    27.5722    27.5716    34.2950    27.5720    1447.19    1447.19    -0.7462  1028.2952    34.4619 0.0000e+00
       5430 313.381577  -62.13732  -58.44032      1.031    1446.48    151.000    149.497    -0.7422    -0.7413     0.0009    -0.7467    -0.7458     0.0009   2.794996   2.795010   0.000009    34.2956    34.2946     7.5137    27.5724    27.5716    34.2951    27.5720    1447.20    1447.21    -0.7466  1028.3001    34.4620 0.0000e+00
       5451 313.381587  -62.13732  -58.44032      1.132    1446.48    152.000    150.486    -0.7431    -0.7423     0.0008    -0.7476    -0.7468     0.0008   2.794984   2.794982   0.000003    34.2957    34.2948     7.5076    27.5725    27.5718    34.2954    27.5723    1447.22    1447.22    -0.7475  1028.3051    34.4622 0.0000e+00
       5473 313.381597  -62.13732  -58.44033      1.128    1446.48    153.000    151.476    -0.7429    -0.7423     0.0007    -0.7474    -0.7468     0.0007   2.795028   2.795011  -0.000008    34.2956    34.2947     7.5093    27.5725    27.5717    34.2951    27.5721    1447.23    1447.23    -0.7473  1028.3110    34.4637 0.0000e+00
       5500 313.381610  -62.13732 -9.990e-29      0.978    1446.48    154.000    152.466    -0.7498    -0.7492     0.0006    -0.7543    -0.7537     0.0006   2.794573   2.794537  -0.000039    34.2969    34.2957     7.5098    27.5738    27.5728    34.2961    27.5731    1447.22    1447.22    -0.7542  1028.3171    34.4649 0.0000e+00
       5532 313.381625  -62.13732 -9.990e-29      0.783    1446.48    155.000    153.455    -0.7519    -0.7507     0.0012    -0.7564    -0.7553     0.0012   2.794409   2.794435   0.000023    34.2962    34.2952     7.5018    27.5733    27.5724    34.2956    27.5728    1447.22    1447.23    -0.7563  1028.3216    34.4644 0.0000e+00
       5560 313.381639  -62.13734  -58.44034      0.801    1446.48    156.000    154.445    -0.7532    -0.7524     0.0008    -0.7578    -0.7570     0.0008   2.794350   2.794354   0.000005    34.2962    34.2953     7.4960    27.5733    27.5726    34.2957    27.5730    1447.23    1447.24    -0.7577  1028.3244    34.4619 0.0000e+00
       5585 313.381651 -9.990e-29  -58.44033      0.916    1446.48    157.000    155.435    -0.7527    -0.7519     0.0009    -0.7573    -0.7565     0.0009   2.794426   2.794448   0.000019    34.2959    34.2952     7.4948    27.5731    27.5725    34.2956    27.5728    1447.25    1447.26    -0.7572  1028.3254    34.4573 0.0000e+00
       5608 313.381662 -9.990e-29  -58.44033      1.011    1446.48    158.000    156.424    -0.7530    -0.7518     0.0012    -0.7576    -0.7564     0.0012   2.794479   2.794500   0.000021    34.2962    34.2952     7.4953    27.5734    27.5725    34.2960    27.5732    1447.27    1447.27    -0.7575  1028.3305    34.4577 0.0000e+00
       5630 313.381673 -9.990e-29  -58.44034      1.057    1446.48    159.000    157.414    -0.7536    -0.7527     0.0009    -0.7583    -0.7574     0.0009   2.794462   2.794473   0.000013    34.2962    34.2953     7.4961    27.5734    27.5726    34.2959    27.5732    1447.28    1447.28    -0.7582  1028.3353    34.4576 0.0000e+00
       5654 313.381685  -62.13736  -58.44034      1.040    1446.48    160.000    158.404    -0.7543    -0.7535     0.0008    -0.7590    -0.7582     0.0008   2.794453   2.794463   0.000009    34.2961    34.2953     7.4955    27.5734    27.5727    34.2959    27.5732    1447.29    1447.30    -0.7589  1028.3407    34.4584 0.0000e+00
       5680 313.381697  -62.13736  -58.44034      0.961    1446.48    161.000    159.393    -0.7544    -0.7533     0.0011    -0.7592    -0.7581     0.0011   2.794504   2.794520   0.000018    34.2963    34.2953     7.5047    27.5736    27.5727    34.2961    27.5734    1447.31    1447.31    -0.7590  1028.3491    34.4629 0.0000e+00
       5709 313.381711  -62.13736  -58.44034      0.868    1446.48    162.000    160.383    -0.7545    -0.7537     0.0007    -0.7592    -0.7585     0.0007   2.794522   2.794536   0.000012    34.2960    34.2953     7.5057    27.5733    27.5727    34.2958    27.5731    1447.32    1447.33    -0.7591  1028.3538    34.4627 0.0000e+00
       5737 313.381725  -62.13736  -58.44034      0.840    1446.48    163.000    161.372    -0.7550    -0.7541     0.0009    -0.7598    -0.7589     0.0009   2.794542   2.794554   0.000014    34.2962    34.2954     7.5032    27.5735    27.5728    34.2960    27.5733    1447.34    1447.34    -0.7597  1028.3587    34.4629 0.0000e+00
       5764 313.381737  -62.13736  -58.44034      0.877    1446.48    164.000    162.362    -0.7554    -0.7547     0.0007    -0.7602    -0.7595     0.0007   2.794567   2.794565  -0.000006    34.2963    34.2955     7.5020    27.5736    27.5729    34.2962    27.5735    1447.35    1447.36    -0.7601  1028.3616    34.4606 0.0000e+00
       5788 313.381749 -9.990e-29  -58.44034      0.940    1446.48    165.000    163.352    -0.7550    -0.7543     0.0007    -0.7599    -0.7591     0.0007   2.794629   2.794632   0.000003    34.2961    34.2953     7.4970    27.5734    27.5727    34.2960    27.5733    1447.37    1447.37    -0.7598  1028.3641    34.4577 0.0000e+00
       5812 313.381761 -9.990e-29  -58.44034      0.999    1446.48    166.000    164.341    -0.7559    -0.7548     0.0011    -0.7608    -0.7597     0.0011   2.794612   2.794631   0.000020    34.2965    34.2955     7.5027    27.5738    27.5729    34.2962    27.5735    1447.38    1447.39    -0.7607  1028.3691    34.4579 0.0000e+00
       5836 313.381772 -9.990e-29  -58.44034      1.019    1446.48    167.000    165.331    -0.7604    -0.7595     0.0009    -0.7654    -0.7644     0.0009   2.794314   2.794354   0.000027    34.2973    34.2966     7.5057    27.5745    27.5740    34.2966    27.5740    1447.38    1447.38    -0.7652  1028.3744    34.4584 0.0000e+00
       5862 313.381785  -62.13738  -58.44034      0.961    1446.48    168.000    166.320    -0.7647    -0.7638     0.0009    -0.7697    -0.7687     0.0009   2.794066   2.794076   0.000021    34.2980    34.2972     7.5033    27.5753    27.5746    34.2975    27.5750    1447.38    1447.38    -0.7695  1028.3819    34.4616 0.0000e+00
       5891 313.381799  -62.13738  -58.44034      0.858    1446.48    169.000    167.310    -0.7646    -0.7639     0.0007    -0.7696    -0.7689     0.0007   2.794111   2.794107  -0.000004    34.2977    34.2969     7.5068    27.5751    27.5744    34.2974    27.5749    1447.39    1447.40    -0.7695  1028.3890    34.4644 0.0000e+00
       5919 313.381812  -62.13740  -58.44034      0.833    1446.48    170.000    168.299    -0.7646    -0.7639     0.0008    -0.7697    -0.7689     0.0008   2.794160   2.794161 -7.105e-07    34.2978    34.2968     7.5036    27.5751    27.5743    34.2975    27.5749    1447.41    1447.41    -0.7695  1028.3939    34.4645 0.0000e+00
       5944 313.381824  -62.13740  -58.44034      0.912    1446.48    171.000    169.289    -0.7648    -0.7641     0.0008    -0.7699    -0.7691     0.0008   2.794190   2.794202   0.000012    34.2977    34.2970     7.4983    27.5751    27.5745    34.2975    27.5749    1447.43    1447.43    -0.7697  1028.3987    34.4645 0.0000e+00
       5966 313.381835  -62.13740  -58.44034      1.018    1446.48    172.000    170.279    -0.7647    -0.7638     0.0009    -0.7698    -0.7689     0.0009   2.794244   2.794257   0.000007    34.2977    34.2968     7.4903    27.5751    27.5744    34.2974    27.5749    1447.44    1447.45    -0.7696  1028.4008    34.4612 0.0000e+00
       5988 313.381846 -9.990e-29  -58.44034      1.083    1446.48    173.000    171.269    -0.7687    -0.7674     0.0012    -0.7738    -0.7725     0.0012   2.794028   2.794040   0.000015    34.2989    34.2977     7.4956    27.5762    27.5752    34.2984    27.5758    1447.44    1447.44    -0.7737  1028.4049    34.4601 0.0000e+00
       6011 313.381857 -9.990e-29  -58.44034      1.080    1446.48    174.000    172.258    -0.7718    -0.7709     0.0010    -0.7769    -0.7760     0.0010   2.793985   2.793969  -0.000015    34.3012    34.2999     7.4942    27.5782    27.5771    34.3008    27.5779    1447.45    1447.45    -0.7768  1028.4117    34.4626 0.0000e+00
       6039 313.381870 -9.990e-29  -58.44034      0.938    1446.48    175.000    173.248    -0.7718    -0.7706     0.0011    -0.7769    -0.7758     0.0011   2.794100   2.794132   0.000029    34.3019    34.3011     7.4892    27.5788    27.5781    34.3017    27.5786    1447.46    1447.47    -0.7768  1028.4172    34.4634 0.0000e+00
       6072 313.381886  -62.13742  -58.44034      0.753    1446.48    176.000    174.237    -0.7723    -0.7714     0.0009    -0.7775    -0.7766     0.0009   2.794100   2.794110   0.000012    34.3019    34.3011     7.4949    27.5789    27.5781    34.3017    27.5787    1447.48    1447.48    -0.7774  1028.4252    34.4673 0.0000e+00
       6102 313.381901  -62.13742  -58.44034      0.749    1446.48    177.000    175.227    -0.7721    -0.7713     0.0008    -0.7773    -0.7765     0.0008   2.794178   2.794175  -0.000005    34.3021    34.3011     7.4948    27.5789    27.5781    34.3019    27.5788    1447.50    1447.50    -0.7772  1028.4312    34.4690 0.0000e+00
       6128 313.381913  -62.13742  -58.44034      0.871    1446.48    178.000    176.216    -0.7713    -0.7706     0.0007    -0.7766    -0.7759     0.0007   2.794280   2.794288   0.000007    34.3019    34.3012     7.4913    27.5788    27.5781    34.3018    27.5787    1447.51    1447.52    -0.7764  1028.4359    34.4689 0.0000e+00
       6151 313.381924  -62.13742  -58.44034      1.002    1446.48    179.000    177.206    -0.7710    -0.7702     0.0008    -0.7763    -0.7755     0.0008   2.794368   2.794371 -1.201e-07    34.3020    34.3011     7.4864    27.5789    27.5781    34.3020    27.5788    1447.53    1447.54    -0.7762  1028.4408    34.4691 0.0000e+00
       6172 313.381934  -62.13742  -58.44034      1.085    1446.48    180.000    178.196    -0.7698    -0.7690     0.0008    -0.7751    -0.7744     0.0008   2.794522   2.794536   0.000016    34.3020    34.3013     7.4752    27.5788    27.5782    34.3021    27.5789    1447.55    1447.56    -0.7750  1028.4418    34.4644 0.0000e+00
       6194 313.381945 -9.990e-29  -58.44034      1.106    1446.48    181.000    179.185    -0.7684    -0.7676     0.0007    -0.7737    -0.7730     0.0007   2.794713   2.794710   0.000001    34.3022    34.3014     7.4726    27.5789    27.5783    34.3024    27.5791    1447.58    1447.58    -0.7736  1028.4463    34.4642 0.0000e+00
       6218 313.381957 -9.990e-29  -58.44034      1.046    1446.48    182.000    180.174    -0.7679    -0.7671     0.0008    -0.7733    -0.7725     0.0008   2.794834   2.794831  -0.000005    34.3029    34.3020     7.4801    27.5794    27.5787    34.3029    27.5795    1447.60    1447.60    -0.7732  1028.4515    34.4647 0.0000e+00
       6246 313.381970 -9.990e-29  -58.44034      0.909    1446.48    183.000    181.164    -0.7680    -0.7672     0.0009    -0.7735    -0.7726     0.0009   2.794880   2.794893   0.000011    34.3030    34.3022     7.4823    27.5796    27.5789    34.3031    27.5796    1447.61    1447.62    -0.7733  1028.4564    34.4648 0.0000e+00
       6276 313.381984  -62.13744  -58.44034      0.817    1446.48    184.000    182.154    -0.7678    -0.7670     0.0008    -0.7733    -0.7725     0.0008   2.794982   2.794982   0.000004    34.3034    34.3026     7.4816    27.5798    27.5791    34.3036    27.5800    1447.63    1447.63    -0.7731  1028.4656    34.4704 0.0000e+00
       6303 313.381998  -62.13746  -58.44034      0.846    1446.48    185.000    183.143    -0.7673    -0.7665     0.0008    -0.7728    -0.7720     0.0008   2.795154   2.795158 -3.268e-07    34.3047    34.3038     7.4824    27.5809    27.5801    34.3048    27.5809    1447.65    1447.65    -0.7727  1028.4715    34.4719 0.0000e+00
       6328 313.382010  -62.13746  -58.44034      0.929    1446.48    186.000    184.133    -0.7676    -0.7667     0.0008    -0.7731    -0.7722     0.0008   2.795186   2.795183 3.2425e-07    34.3048    34.3039     7.4768    27.5810    27.5802    34.3048    27.5810    1447.67    1447.67    -0.7730  1028.4764    34.4719 0.0000e+00
       6353 313.382021  -62.13746  -58.44034      0.975    1446.48    187.000    185.122    -0.7673    -0.7666     0.0007    -0.7728    -0.7722     0.0007   2.795264   2.795243  -0.000022    34.3049    34.3038     7.4682    27.5810    27.5801    34.3050    27.5811    1447.68    1447.69    -0.7727  1028.4813    34.4721 0.0000e+00
       6378 313.382034  -62.13746  -58.44034      0.963    1446.48    188.000    186.112    -0.7664    -0.7656     0.0008    -0.7719    -0.7712     0.0008   2.795403   2.795385  -0.000007    34.3049    34.3039     7.4627    27.5810    27.5802    34.3052    27.5812    1447.71    1447.71    -0.7718  1028.4861    34.4723 0.0000e+00
       6406 313.382047  -62.13747  -58.44034      0.894    1446.48    189.000    187.101    -0.7640    -0.7634     0.0007    -0.7696    -0.7690     0.0007   2.795691   2.795691  -0.000012    34.3055    34.3046     7.4639    27.5814    27.5806    34.3058    27.5816    1447.73    1447.74    -0.7695  1028.4913    34.4729 0.0000e+00
       6434 313.382061  -62.13748  -58.44034      0.850    1446.48    190.000    188.090    -0.7636    -0.7625     0.0012    -0.7693    -0.7681     0.0012   2.795789   2.795826   0.000041    34.3058    34.3050     7.4666    27.5816    27.5810    34.3061    27.5818    1447.75    1447.76    -0.7691  1028.4963    34.4732 0.0000e+00
       6460 313.382073  -62.13748  -58.44034      0.898    1446.70    191.000    189.080    -0.7621    -0.7615     0.0006    -0.7678    -0.7671     0.0006   2.795984   2.795977  -0.000006    34.3062    34.3054     7.4658    27.5819    27.5812    34.3064    27.5820    1447.78    1447.78    -0.7676  1028.4998    34.4717 0.0000e+00
       6483 313.382084 -9.990e-29  -58.44034      0.979    1446.80    192.000    190.070    -0.7627    -0.7621     0.0006    -0.7684    -0.7678     0.0006   2.795988   2.795966  -0.000020    34.3063    34.3054     7.4587    27.5820    27.5812    34.3065    27.5821    1447.79    1447.79    -0.7683  1028.5018    34.4682 0.0000e+00
       6506 313.382095 -9.990e-29  -58.44034      1.039    1446.80    193.000    191.059    -0.7630    -0.7622     0.0009    -0.7688    -0.7679     0.0009   2.795993   2.795991  -0.000005    34.3063    34.3052     7.4520    27.5820    27.5811    34.3063    27.5820    1447.81    1447.81    -0.7686  1028.5065    34.4681 0.0000e+00
