Pos-Processados/process_op42/operantar42_048.cnv
* Sea-Bird SBE 9 Data File:
* FileName = C:\Users\Hidrografia\Desktop\OPXLII\Brutos\OP42048.hdr
* Software Version Seasave V 7.26.7.107
* Temperature SN = 6502
* Conductivity SN = 4998
* Number of Bytes Per Scan = 37
* Number of Voltage Words = 4
* Number of Scans Averaged by the Deck Unit = 1
* NMEA Latitude = 62 08.23 S
* NMEA Longitude = 058 26.45 W
* NMEA UTC (Time) = Nov 09 2023 23:05:39
* NMEA baud rate = 4800
** H41
** NPOALTEMAXIMIANO
** NUMERO DA ESTACAO (XXX) 048
** LAT (XX XX.XX S/N) 62 08. S
** LONG (XXX XX.XX W/E) 058 26. W
** DATAHORA (dd/mm/aaaa hh:mm Z) 09/11/2023 2305Z
** PROFUNDIDADE (m) 424
** OPERADOR 1T ZAMITH
# nquan = 30
# nvalues = 733                         
# units = specified
# name 0 = scan: Scan Count
# name 1 = timeJ: Julian Days
# name 2 = latitude: Latitude [deg]
# name 3 = longitude: Longitude [deg]
# name 4 = dz/dtM: Descent Rate [m/s]
# name 5 = avgsvCM: Average Sound Velocity [Chen-Millero, m/s]
# name 6 = prDM: Pressure, Digiquartz [db]
# name 7 = depSM: Depth [salt water, m]
# name 8 = t090C: Temperature [ITS-90, deg C]
# name 9 = t190C: Temperature, 2 [ITS-90, deg C]
# name 10 = T2-T190C: Temperature Difference, 2 - 1 [ITS-90, deg C]
# name 11 = potemp090C: Potential Temperature [ITS-90, deg C]
# name 12 = potemp190C: Potential Temperature, 2 [ITS-90, deg C]
# name 13 = potemp90Cdiff: Potential Temperature, Diff, 2 - 1 [ITS-90, deg C]
# name 14 = c0S/m: Conductivity [S/m]
# name 15 = c1S/m: Conductivity, 2 [S/m]
# name 16 = C2-C1S/m: Conductivity Difference, 2 - 1 [S/m]
# name 17 = sal00: Salinity, Practical [PSU]
# name 18 = sal11: Salinity, Practical, 2 [PSU]
# name 19 = sbeox0ML/L: Oxygen, SBE 43 [ml/l]
# name 20 = sigma-é00: Density [sigma-theta, kg/m^3]
# name 21 = sigma-é11: Density, 2 [sigma-theta, kg/m^3]
# name 22 = sal00: Salinity, Practical [PSU]
# name 23 = sigma-é00: Density [sigma-theta, kg/m^3]
# name 24 = svCM: Sound Velocity [Chen-Millero, m/s]
# name 25 = svCM1: Sound Velocity, 2 [Chen-Millero, m/s]
# name 26 = gsw_ptA0: potential temperature [ITS-90, deg C]
# name 27 = gsw_densityA0: density, TEOS-10 [density, kg/m^3]
# name 28 = gsw_saA0: Absolute Salinity [g/kg]
# name 29 = flag:
# span 0 =       2220,      22019       
# span 1 = 313.963327, 313.972875       
# span 2 =  -62.14162,  -62.13767       
# span 3 =  -58.44030,  -58.43594       
# span 4 =     -1.113,      1.096       
# span 5 =      -0.00,    1448.19       
# span 6 =      5.000,    371.000       
# span 7 =      4.960,    367.014       
# span 8 =    -0.7945,    -0.5272       
# span 9 =    -0.7936,    -0.5293       
# span 10 =    -0.0118,     0.0114      
# span 11 =    -0.8013,    -0.5394      
# span 12 =    -0.8004,    -0.5391      
# span 13 =    -0.0118,     0.0114      
# span 14 =   2.793347,   2.830375      
# span 15 =   2.793355,   2.830176      
# span 16 =  -0.001098,   0.000990      
# span 17 =    34.2728,    34.3986      
# span 18 =    34.2720,    34.3985      
# span 19 =     6.7183,     7.6968      
# span 20 =    27.5452,    27.6480      
# span 21 =    27.5444,    27.6472      
# span 22 =    34.2726,    34.3992      
# span 23 =    27.5451,    27.6481      
# span 24 =    1445.62,    1451.89      
# span 25 =    1445.63,    1451.90      
# span 26 =    -0.8011,    -0.5392      
# span 27 =  1027.5735,  1029.4216      
# span 28 =    34.4342,    34.5694      
# span 29 = 0.0000e+00, 0.0000e+00      
# interval = decibars: 1                
# start_time = Nov 09 2023 23:05:39 [NMEA time, header]
# bad_flag = -9.990e-29
*END*
[from data line 484]
      15440 313.969703  -62.14026  -58.43700     -0.883    1448.19    253.000    250.419    -0.7458    -0.7446     0.0011    -0.7535    -0.7524     0.0011   2.801604   2.801648   0.000043    34.3260    34.3253     7.3173    27.5973    27.5967    34.3257    27.5971    1448.89    1448.89    -0.7533  1028.8120    34.4932 0.0000e+00
      15466 313.969715  -62.14026  -58.43700     -0.904    1448.19    252.000    249.430    -0.7473    -0.7457     0.0016    -0.7549    -0.7533     0.0016   2.801394   2.801473   0.000074    34.3256    34.3247     7.3176    27.5970    27.5963    34.3252    27.5967    1448.86    1448.87    -0.7548  1028.8069    34.4927 0.0000e+00
      15491 313.969727  -62.14028  -58.43700     -0.953    1448.19    251.000    248.441    -0.7485    -0.7466     0.0019    -0.7562    -0.7543     0.0019   2.801206   2.801321   0.000112    34.3250    34.3244     7.3236    27.5967    27.5961    34.3247    27.5964    1448.84    1448.85    -0.7560  1028.8017    34.4922 0.0000e+00
      15517 313.969739  -62.14028  -58.43698     -0.955    1448.19    250.000    247.452    -0.7497    -0.7478     0.0019    -0.7573    -0.7554     0.0019   2.801061   2.801155   0.000094    34.3249    34.3240     7.3162    27.5966    27.5958    34.3246    27.5964    1448.82    1448.83    -0.7571  1028.7970    34.4921 0.0000e+00
      15546 313.969754  -62.14028  -58.43698     -0.857    1448.19    249.000    246.462    -0.7502    -0.7483     0.0019    -0.7578    -0.7559     0.0019   2.800936   2.801051   0.000118    34.3246    34.3240     7.3224    27.5963    27.5958    34.3242    27.5961    1448.80    1448.81    -0.7576  1028.7919    34.4917 0.0000e+00
      15575 313.969768  -62.14028  -58.43698     -0.805    1448.19    248.000    245.473    -0.7511    -0.7502     0.0010    -0.7587    -0.7577     0.0010   2.800807   2.800803 2.2329e-07    34.3243    34.3232     7.3247    27.5962    27.5953    34.3241    27.5960    1448.78    1448.78    -0.7585  1028.7871    34.4916 0.0000e+00
      15602 313.969781  -62.14029  -58.43698     -0.861    1448.19    247.000    244.484    -0.7516    -0.7506     0.0010    -0.7591    -0.7581     0.0010   2.800683   2.800707   0.000016    34.3239    34.3229     7.3325    27.5958    27.5950    34.3235    27.5956    1448.76    1448.76    -0.7589  1028.7807    34.4895 0.0000e+00
      15629 313.969793 -9.990e-29  -58.43696     -0.909    1448.19    246.000    243.494    -0.7523    -0.7511     0.0012    -0.7598    -0.7586     0.0012   2.800542   2.800595   0.000060    34.3233    34.3228     7.3380    27.5954    27.5949    34.3231    27.5952    1448.74    1448.74    -0.7596  1028.7723    34.4849 0.0000e+00
      15654 313.969806 -9.990e-29  -58.43696     -0.930    1448.19    245.000    242.506    -0.7534    -0.7521     0.0013    -0.7608    -0.7595     0.0013   2.800372   2.800427   0.000046    34.3231    34.3222     7.3409    27.5952    27.5945    34.3226    27.5948    1448.72    1448.72    -0.7606  1028.7671    34.4844 0.0000e+00
      15679 313.969818 -9.990e-29  -58.43696     -0.953    1448.19    244.000    241.516    -0.7546    -0.7533     0.0013    -0.7620    -0.7607     0.0013   2.800207   2.800240   0.000041    34.3225    34.3216     7.3319    27.5949    27.5941    34.3223    27.5947    1448.70    1448.70    -0.7618  1028.7622    34.4842 0.0000e+00
      15707 313.969831  -62.14032  -58.43696     -0.902    1448.19    243.000    240.527    -0.7545    -0.7535     0.0009    -0.7618    -0.7609     0.0009   2.800156   2.800177   0.000018    34.3224    34.3216     7.3418    27.5948    27.5941    34.3221    27.5945    1448.68    1448.68    -0.7617  1028.7593    34.4865 0.0000e+00
      15735 313.969845  -62.14032  -58.43696     -0.853    1448.19    242.000    239.538    -0.7552    -0.7543     0.0009    -0.7625    -0.7616     0.0009   2.800028   2.800043   0.000018    34.3222    34.3213     7.3470    27.5946    27.5939    34.3219    27.5944    1448.66    1448.66    -0.7624  1028.7569    34.4893 0.0000e+00
      15761 313.969857  -62.14032  -58.43695     -0.900    1448.19    241.000    238.548    -0.7555    -0.7546     0.0009    -0.7628    -0.7619     0.0009   2.799961   2.799956  -0.000005    34.3221    34.3210     7.3539    27.5945    27.5936    34.3219    27.5944    1448.64    1448.65    -0.7626  1028.7521    34.4893 0.0000e+00
      15786 313.969869  -62.14032  -58.43694     -0.942    1448.19    240.000    237.560    -0.7556    -0.7548     0.0009    -0.7628    -0.7620     0.0009   2.799907   2.799903  -0.000009    34.3221    34.3210     7.3514    27.5945    27.5936    34.3219    27.5944    1448.63    1448.63    -0.7627  1028.7473    34.4893 0.0000e+00
      15813 313.969882  -62.14033  -58.43694     -0.909    1448.19    239.000    236.570    -0.7575    -0.7553     0.0022    -0.7647    -0.7625     0.0021   2.799669   2.799794   0.000117    34.3218    34.3210     7.3516    27.5944    27.5937    34.3214    27.5940    1448.60    1448.61    -0.7645  1028.7423    34.4888 0.0000e+00
      15839 313.969895  -62.14034  -58.43694     -0.908    1448.19    238.000    235.581    -0.7590    -0.7578     0.0012    -0.7662    -0.7651     0.0012   2.799480   2.799511   0.000041    34.3215    34.3207     7.3563    27.5942    27.5935    34.3212    27.5940    1448.58    1448.58    -0.7660  1028.7374    34.4886 0.0000e+00
      15866 313.969908  -62.14034  -58.43694     -0.904    1448.19    237.000    234.592    -0.7601    -0.7589     0.0013    -0.7673    -0.7660     0.0013   2.799319   2.799354   0.000038    34.3212    34.3202     7.3595    27.5940    27.5932    34.3209    27.5938    1448.55    1448.56    -0.7671  1028.7325    34.4884 0.0000e+00
      15894 313.969921  -62.14034  -58.43694     -0.868    1448.19    236.000    233.602    -0.7601    -0.7591     0.0009    -0.7672    -0.7662     0.0009   2.799289   2.799283  -0.000006    34.3213    34.3201     7.3584    27.5941    27.5931    34.3211    27.5939    1448.54    1448.54    -0.7670  1028.7278    34.4885 0.0000e+00
      15922 313.969935 -9.990e-29 -9.990e-29     -0.859    1448.19    235.000    232.613    -0.7599    -0.7591     0.0008    -0.7670    -0.7662     0.0008   2.799250   2.799235  -0.000012    34.3211    34.3200     7.3606    27.5939    27.5930    34.3210    27.5938    1448.52    1448.52    -0.7668  1028.7198    34.4844 0.0000e+00
      15949 313.969948 -9.990e-29 -9.990e-29     -0.875    1448.19    234.000    231.623    -0.7599    -0.7591     0.0007    -0.7670    -0.7662     0.0007   2.799197   2.799184  -0.000007    34.3209    34.3200     7.3570    27.5938    27.5930    34.3208    27.5937    1448.50    1448.51    -0.7668  1028.7149    34.4843 0.0000e+00
      15975 313.969960 -9.990e-29 -9.990e-29     -0.904    1448.19    233.000    230.635    -0.7592    -0.7589     0.0004    -0.7663    -0.7659     0.0004   2.799195   2.799152  -0.000043    34.3208    34.3198     7.3678    27.5937    27.5929    34.3207    27.5936    1448.49    1448.49    -0.7661  1028.7100    34.4841 0.0000e+00
      16000 313.969972  -62.14038  -58.43690     -0.955    1448.19    232.000    229.645    -0.7591    -0.7586     0.0005    -0.7661    -0.7656     0.0005   2.799153   2.799124  -0.000030    34.3206    34.3197     7.3614    27.5935    27.5927    34.3205    27.5934    1448.48    1448.48    -0.7659  1028.7055    34.4845 0.0000e+00
      16024 313.969984  -62.14038  -58.43690     -0.979    1448.19    231.000    228.656    -0.7589    -0.7583     0.0006    -0.7659    -0.7653     0.0006   2.799122   2.799087  -0.000033    34.3206    34.3195     7.3651    27.5935    27.5926    34.3205    27.5934    1448.46    1448.46    -0.7657  1028.7035    34.4880 0.0000e+00
      16051 313.969997  -62.14038  -58.43690     -0.938    1448.19    230.000    227.667    -0.7590    -0.7582     0.0008    -0.7660    -0.7651     0.0008   2.799055   2.799044  -0.000010    34.3205    34.3194     7.3609    27.5934    27.5924    34.3204    27.5933    1448.44    1448.45    -0.7658  1028.6986    34.4877 0.0000e+00
      16080 313.970011  -62.14038  -58.43690     -0.859    1448.19    229.000    226.677    -0.7588    -0.7581     0.0007    -0.7657    -0.7650     0.0007   2.799002   2.798992  -0.000011    34.3202    34.3192     7.3651    27.5931    27.5923    34.3200    27.5930    1448.43    1448.43    -0.7655  1028.6935    34.4874 0.0000e+00
      16110 313.970026  -62.14038  -58.43690     -0.792    1448.19    228.000    225.688    -0.7587    -0.7580     0.0007    -0.7656    -0.7649     0.0007   2.798957   2.798943  -0.000010    34.3200    34.3190     7.3705    27.5930    27.5922    34.3200    27.5929    1448.41    1448.41    -0.7654  1028.6870    34.4852 0.0000e+00
      16138 313.970039 -9.990e-29 -9.990e-29     -0.827    1448.19    227.000    224.698    -0.7587    -0.7579     0.0007    -0.7655    -0.7648     0.0007   2.798910   2.798892  -0.000019    34.3200    34.3189     7.3786    27.5929    27.5920    34.3199    27.5929    1448.40    1448.40    -0.7654  1028.6807    34.4833 0.0000e+00
      16165 313.970052 -9.990e-29 -9.990e-29     -0.888    1448.19    226.000    223.709    -0.7584    -0.7578     0.0006    -0.7652    -0.7646     0.0006   2.798868   2.798846  -0.000022    34.3197    34.3187     7.3588    27.5927    27.5919    34.3196    27.5926    1448.38    1448.38    -0.7650  1028.6757    34.4830 0.0000e+00
      16191 313.970064 -9.990e-29 -9.990e-29     -0.914    1448.19    225.000    222.720    -0.7580    -0.7575     0.0006    -0.7648    -0.7642     0.0006   2.798827   2.798806  -0.000023    34.3194    34.3184     7.3631    27.5924    27.5916    34.3193    27.5924    1448.36    1448.37    -0.7646  1028.6706    34.4827 0.0000e+00
      16217 313.970077 -9.990e-29  -58.43688     -0.924    1448.19    224.000    221.731    -0.7580    -0.7573     0.0007    -0.7647    -0.7640     0.0007   2.798730   2.798736   0.000007    34.3186    34.3178     7.3595    27.5918    27.5912    34.3185    27.5917    1448.35    1448.35    -0.7646  1028.6642    34.4806 0.0000e+00
      16244 313.970090 -9.990e-29  -58.43687     -0.889    1448.19    223.000    220.742    -0.7579    -0.7572     0.0008    -0.7646    -0.7639     0.0008   2.798661   2.798659  -0.000004    34.3182    34.3173     7.3801    27.5915    27.5907    34.3181    27.5914    1448.33    1448.33    -0.7645  1028.6589    34.4799 0.0000e+00
      16272 313.970104 -9.990e-29  -58.43686     -0.856    1448.19    222.000    219.752    -0.7578    -0.7570     0.0009    -0.7645    -0.7637     0.0009   2.798606   2.798594  -0.000012    34.3180    34.3168     7.3767    27.5913    27.5903    34.3179    27.5912    1448.32    1448.32    -0.7643  1028.6539    34.4797 0.0000e+00
      16298 313.970116 -9.990e-29  -58.43686     -0.899    1448.19    221.000    218.763    -0.7576    -0.7572     0.0005    -0.7643    -0.7638     0.0005   2.798544   2.798542  -0.000003    34.3175    34.3169     7.3871    27.5909    27.5904    34.3174    27.5909    1448.30    1448.30    -0.7641  1028.6488    34.4793 0.0000e+00
      16323 313.970128 -9.990e-29  -58.43686     -0.944    1448.19    220.000    217.773    -0.7569    -0.7567     0.0002    -0.7635    -0.7633     0.0002   2.798517   2.798492  -0.000019    34.3168    34.3163     7.3775    27.5903    27.5899    34.3169    27.5903    1448.29    1448.29    -0.7634  1028.6435    34.4787 0.0000e+00
      16349 313.970141 -9.990e-29  -58.43686     -0.951    1448.19    219.000    216.784    -0.7556    -0.7556    -0.0000    -0.7622    -0.7622    -0.0000   2.798551   2.798482  -0.000064    34.3163    34.3155     7.3893    27.5899    27.5892    34.3165    27.5900    1448.27    1448.27    -0.7620  1028.6384    34.4783 0.0000e+00
      16376 313.970154 -9.990e-29  -58.43684     -0.913    1448.19    218.000    215.795    -0.7540    -0.7539     0.0002    -0.7606    -0.7604     0.0002   2.798573   2.798525  -0.000049    34.3155    34.3146     7.3821    27.5891    27.5884    34.3156    27.5892    1448.27    1448.26    -0.7604  1028.6328    34.4774 0.0000e+00
      16404 313.970167  -62.14044  -58.43684     -0.861    1448.19    217.000    214.805    -0.7535    -0.7530     0.0005    -0.7600    -0.7595     0.0005   2.798569   2.798528  -0.000040    34.3154    34.3143     7.3793    27.5890    27.5881    34.3155    27.5891    1448.25    1448.25    -0.7599  1028.6295    34.4792 0.0000e+00
      16433 313.970181  -62.14045  -58.43684     -0.842    1448.19    216.000    213.816    -0.7518    -0.7521    -0.0003    -0.7583    -0.7586    -0.0003   2.798645   2.798535  -0.000106    34.3151    34.3140     7.3849    27.5887    27.5878    34.3153    27.5888    1448.24    1448.24    -0.7581  1028.6273    34.4826 0.0000e+00
      16460 313.970194  -62.14046  -58.43683     -0.859    1448.19    215.000    212.826    -0.7510    -0.7511    -0.0002    -0.7574    -0.7576    -0.0002   2.798654   2.798568  -0.000089    34.3149    34.3139     7.3872    27.5885    27.5877    34.3150    27.5886    1448.23    1448.23    -0.7573  1028.6223    34.4823 0.0000e+00
      16485 313.970206  -62.14046  -58.43682     -0.923    1448.19    214.000    211.837    -0.7509    -0.7503     0.0006    -0.7573    -0.7567     0.0006   2.798583   2.798571  -0.000025    34.3146    34.3136     7.3986    27.5883    27.5875    34.3146    27.5882    1448.21    1448.22    -0.7572  1028.6171    34.4818 0.0000e+00
      16511 313.970219  -62.14046  -58.43682     -0.939    1448.19    213.000    210.847    -0.7551    -0.7508     0.0044    -0.7615    -0.7572     0.0044   2.798164   2.798470   0.000282    34.3147    34.3136     7.4012    27.5885    27.5874    34.3144    27.5883    1448.18    1448.20    -0.7614  1028.6124    34.4816 0.0000e+00
      16540 313.970233  -62.14048  -58.43682     -0.870    1448.19    212.000    209.858    -0.7586    -0.7552     0.0035    -0.7650    -0.7615     0.0035   2.797781   2.798012   0.000233    34.3144    34.3137     7.4096    27.5885    27.5877    34.3138    27.5879    1448.14    1448.16    -0.7648  1028.6073    34.4811 0.0000e+00
      16568 313.970246  -62.14048  -58.43682     -0.843    1448.19    211.000    208.869    -0.7644    -0.7617     0.0027    -0.7707    -0.7680     0.0027   2.797204   2.797371   0.000176    34.3136    34.3129     7.4097    27.5880    27.5873    34.3131    27.5876    1448.10    1448.11    -0.7706  1028.6023    34.4804 0.0000e+00
      16594 313.970259  -62.14048  -58.43680     -0.890    1448.19    210.000    207.879    -0.7657    -0.7635     0.0022    -0.7720    -0.7698     0.0022   2.797024   2.797148   0.000115    34.3134    34.3124     7.4207    27.5878    27.5870    34.3128    27.5874    1448.08    1448.09    -0.7718  1028.5973    34.4800 0.0000e+00
      16622 313.970272  -62.14049  -58.43679     -0.884    1448.19    209.000    206.890    -0.7674    -0.7651     0.0023    -0.7737    -0.7714     0.0023   2.796843   2.796951   0.000109    34.3134    34.3122     7.4163    27.5879    27.5869    34.3129    27.5876    1448.05    1448.06    -0.7735  1028.5945    34.4824 0.0000e+00
      16649 313.970285  -62.14050 -9.990e-29     -0.874    1448.19    208.000    205.901    -0.7685    -0.7668     0.0017    -0.7747    -0.7730     0.0017   2.796672   2.796740   0.000070    34.3129    34.3120     7.4237    27.5876    27.5868    34.3125    27.5873    1448.03    1448.04    -0.7746  1028.5895    34.4820 0.0000e+00
      16676 313.970298  -62.14050 -9.990e-29     -0.892    1448.19    207.000    204.911    -0.7683    -0.7673     0.0010    -0.7744    -0.7735     0.0010   2.796598   2.796620   0.000029    34.3121    34.3114     7.4232    27.5869    27.5863    34.3118    27.5867    1448.01    1448.02    -0.7743  1028.5842    34.4814 0.0000e+00
