Pos-Processados/process_op42/operantar42_019.ros
* Sea-Bird SBE 9 Data File:
* FileName = C:\Users\Hidrografia\Desktop\OPXLII\Brutos\OP42019.hdr
* Software Version Seasave V 7.26.7.107
* Temperature SN = 6502
* Conductivity SN = 4998
* Number of Bytes Per Scan = 37
* Number of Voltage Words = 4
* Number of Scans Averaged by the Deck Unit = 1
* NMEA Latitude = 62 12.74 S
* NMEA Longitude = 058 20.49 W
* NMEA UTC (Time) = Nov 07 2023 15:27:40
* NMEA baud rate = 4800
** H41
** NPOALTEMAXIMIANO
** NUMERO DA ESTACAO (XXX) 019
** LAT (XX XX.XX S/N) 62 12.46 S
** LONG (XXX XX.XX W/E) 058 20.12 W
** DATAHORA (dd/mm/aaaa hh:mm Z) 07/11/2023 1518Z
** PROFUNDIDADE (m) 490
** OPERADOR CT FILIPE LOPES
# nquan = 24
# nvalues = 4095                                  
# units = specified
# name 0 = scan: Scan Count
# name 1 = timeJ: Julian Days
# name 2 = latitude: Latitude [deg]
# name 3 = longitude: Longitude [deg]
# name 4 = dz/dtM: Descent Rate [m/s]
# name 5 = avgsvCM: Average Sound Velocity [Chen-Millero, m/s]
# name 6 = prDM: Pressure, Digiquartz [db]
# name 7 = depSM: Depth [salt water, m]
# name 8 = t090C: Temperature [ITS-90, deg C]
# name 9 = t190C: Temperature, 2 [ITS-90, deg C]
# name 10 = T2-T190C: Temperature Difference, 2 - 1 [ITS-90, deg C]
# name 11 = potemp090C: Potential Temperature [ITS-90, deg C]
# name 12 = potemp190C: Potential Temperature, 2 [ITS-90, deg C]
# name 13 = potemp90Cdiff: Potential Temperature, Diff, 2 - 1 [ITS-90, deg C]
# name 14 = c0S/m: Conductivity [S/m]
# name 15 = c1S/m: Conductivity, 2 [S/m]
# name 16 = C2-C1S/m: Conductivity Difference, 2 - 1 [S/m]
# name 17 = sal00: Salinity, Practical [PSU]
# name 18 = sal11: Salinity, Practical, 2 [PSU]
# name 19 = sbeox0ML/L: Oxygen, SBE 43 [ml/l]
# name 20 = sigma-é00: Density [sigma-theta, kg/m^3]
# name 21 = sigma-é11: Density, 2 [sigma-theta, kg/m^3]
# name 22 = nbf: Bottles Fired
# name 23 = flag:  0.000e+00
# interval = seconds: 0.0416667
# start_time = Nov 07 2023 15:27:40 [NMEA time, header]
# bad_flag = -9.990e-29
*END*
[from data line 3925]
      41432 311.664193  -62.21876  -58.33424      0.121    1448.92      2.128      2.107    -0.5382    -0.5358     0.0024    -0.5383    -0.5359     0.0024   2.805492   2.805553   0.000061    34.2978    34.2959     7.5212    27.5653    27.5636         24  0.000e+00
      41433 311.664194  -62.21876  -58.33424      0.126    1448.92      2.240      2.219    -0.5384    -0.5360     0.0024    -0.5385    -0.5361     0.0024   2.805464   2.805537   0.000073    34.2976    34.2958     7.5207    27.5651    27.5636         24  0.000e+00
      41434 311.664194  -62.21876  -58.33424      0.123    1448.92      2.128      2.107    -0.5380    -0.5360     0.0020    -0.5380    -0.5360     0.0020   2.805510   2.805548   0.000038    34.2978    34.2960     7.5209    27.5652    27.5637         24  0.000e+00
      41435 311.664195  -62.21876  -58.33424      0.124    1448.92      2.184      2.163    -0.5380    -0.5357     0.0022    -0.5380    -0.5358     0.0022   2.805532   2.805553   0.000021    34.2980    34.2958     7.5214    27.5654    27.5635         24  0.000e+00
      41436 311.664195  -62.21876  -58.33424      0.124    1448.92      2.184      2.163    -0.5378    -0.5360     0.0018    -0.5379    -0.5361     0.0018   2.805510   2.805508  -0.000001    34.2975    34.2955     7.5209    27.5650    27.5633         24  0.000e+00
      41437 311.664196  -62.21876  -58.33424      0.127    1448.92      2.184      2.163    -0.5380    -0.5361     0.0019    -0.5380    -0.5362     0.0019   2.805458   2.805503   0.000045    34.2970    34.2955     7.5268    27.5646    27.5633         24  0.000e+00
      41438 311.664196  -62.21876  -58.33424      0.126    1448.92      2.184      2.163    -0.5380    -0.5356     0.0023    -0.5380    -0.5357     0.0023   2.805464   2.805542   0.000078    34.2971    34.2955     7.5272    27.5647    27.5633         24  0.000e+00
      41439 311.664197  -62.21876  -58.33424      0.128    1448.92      2.232      2.211    -0.5380    -0.5355     0.0024    -0.5380    -0.5356     0.0024   2.805475   2.805531   0.000056    34.2972    34.2952     7.5276    27.5648    27.5630         24  0.000e+00
      41440 311.664197  -62.21876  -58.33424      0.125    1448.92      2.184      2.163    -0.5377    -0.5355     0.0022    -0.5377    -0.5355     0.0022   2.805435   2.805525   0.000090    34.2964    34.2951     7.5279    27.5641    27.5629         24  0.000e+00
      41441 311.664198  -62.21876  -58.33424      0.130    1448.92      2.241      2.219    -0.5378    -0.5353     0.0025    -0.5379    -0.5354     0.0025   2.805401   2.805548   0.000147    34.2961    34.2952     7.5230    27.5639    27.5631         24  0.000e+00
      41442 311.664198  -62.21876  -58.33424      0.123    1448.92      2.128      2.107    -0.5388    -0.5349     0.0039    -0.5388    -0.5349     0.0039   2.805395   2.805576   0.000180    34.2971    34.2951     7.5298    27.5647    27.5630         24  0.000e+00
      41443 311.664198  -62.21876  -58.33424      0.126    1448.92      2.241      2.219    -0.5401    -0.5343     0.0058    -0.5402    -0.5343     0.0058   2.805316   2.805587   0.000272    34.2975    34.2946     7.5305    27.5651    27.5625         24  0.000e+00
      41444 311.664199  -62.21878  -58.33422      0.122    1448.92      2.184      2.163    -0.5405    -0.5342     0.0062    -0.5405    -0.5343     0.0062   2.805293   2.805638   0.000345    34.2976    34.2952     7.5308    27.5652    27.5630         24  0.000e+00
      41445 311.664199  -62.21878  -58.33422      0.124    1448.92      2.241      2.219    -0.5404    -0.5338     0.0066    -0.5405    -0.5339     0.0066   2.805293   2.805683   0.000390    34.2975    34.2953     7.5248    27.5651    27.5630         24  0.000e+00
      41446 311.664200  -62.21878  -58.33422      0.118    1448.92      2.184      2.163    -0.5404    -0.5336     0.0068    -0.5405    -0.5337     0.0068   2.805350   2.805660   0.000310    34.2983    34.2948     7.5303    27.5658    27.5627         24  0.000e+00
      41447 311.664200  -62.21878  -58.33422      0.115    1448.92      2.184      2.163    -0.5403    -0.5338     0.0065    -0.5404    -0.5339     0.0065   2.805350   2.805638   0.000288    34.2982    34.2947     7.5241    27.5657    27.5626         24  0.000e+00
      41448 311.664201  -62.21878  -58.33422      0.116    1448.92      2.241      2.219    -0.5398    -0.5342     0.0056    -0.5399    -0.5343     0.0056   2.805378   2.805638   0.000259    34.2980    34.2952     7.5296    27.5655    27.5630         24  0.000e+00
      41449 311.664201  -62.21878  -58.33422      0.116    1448.92      2.241      2.219    -0.5395    -0.5346     0.0049    -0.5396    -0.5346     0.0049   2.805378   2.805610   0.000231    34.2977    34.2952     7.5244    27.5652    27.5630         24  0.000e+00
      41450 311.664202  -62.21878  -58.33422      0.112    1448.92      2.184      2.163    -0.5392    -0.5350     0.0042    -0.5393    -0.5351     0.0042   2.805390   2.805587   0.000197    34.2975    34.2955     7.5246    27.5651    27.5632         24  0.000e+00
      41451 311.664202  -62.21878  -58.33422      0.107    1448.92      2.184      2.163    -0.5392    -0.5350     0.0042    -0.5393    -0.5351     0.0042   2.805498   2.805576   0.000078    34.2990    34.2953     7.5248    27.5663    27.5631         24  0.000e+00
      41452 311.664203  -62.21878  -58.33422      0.106    1448.92      2.241      2.219    -0.5390    -0.5349     0.0042    -0.5391    -0.5349     0.0042   2.805510   2.805621   0.000111    34.2989    34.2957     7.5305    27.5662    27.5634         24  0.000e+00
      41453 311.664203  -62.21878  -58.33422      0.103    1448.92      2.233      2.211    -0.5388    -0.5346     0.0042    -0.5388    -0.5346     0.0042   2.805464   2.805598   0.000134    34.2980    34.2950     7.5317    27.5654    27.5629         24  0.000e+00
      41454 311.664204  -62.21878  -58.33422      0.101    1448.92      2.184      2.163    -0.5389    -0.5346     0.0044    -0.5390    -0.5346     0.0044   2.805430   2.805621   0.000191    34.2977    34.2954     7.5320    27.5652    27.5631         24  0.000e+00
      41455 311.664204  -62.21878  -58.33422      0.095    1448.92      2.184      2.163    -0.5388    -0.5345     0.0043    -0.5388    -0.5345     0.0043   2.805441   2.805632   0.000191    34.2977    34.2954     7.5332    27.5652    27.5631         24  0.000e+00
      41456 311.664205  -62.21878  -58.33422      0.091    1448.92      2.241      2.219    -0.5384    -0.5346     0.0038    -0.5385    -0.5346     0.0038   2.805453   2.805672   0.000219    34.2974    34.2960     7.5281    27.5650    27.5637         24  0.000e+00
      41457 311.664205  -62.21878  -58.33422      0.088    1448.92      2.184      2.163    -0.5381    -0.5346     0.0036    -0.5382    -0.5346     0.0036   2.805430   2.805649   0.000219    34.2968    34.2958     7.5336    27.5645    27.5634         24  0.000e+00
      41458 311.664206  -62.21878  -58.33422      0.083    1448.92      2.241      2.219    -0.5380    -0.5346     0.0034    -0.5380    -0.5346     0.0034   2.805441   2.805638   0.000197    34.2968    34.2956     7.5339    27.5644    27.5633         24  0.000e+00
      41459 311.664206  -62.21878  -58.33422      0.079    1448.92      2.184      2.163    -0.5382    -0.5340     0.0043    -0.5383    -0.5340     0.0043   2.805430   2.805649   0.000219    34.2970    34.2951     7.5340    27.5646    27.5629         24  0.000e+00
      41460 311.664207  -62.21878  -58.33422      0.077    1448.92      2.241      2.219    -0.5381    -0.5338     0.0043    -0.5382    -0.5339     0.0043   2.805401   2.805683   0.000282    34.2964    34.2953     7.5353    27.5641    27.5630         24  0.000e+00
      41461 311.664207  -62.21878  -58.33422      0.071    1448.92      2.184      2.163    -0.5383    -0.5336     0.0047    -0.5384    -0.5337     0.0047   2.805373   2.805683   0.000310    34.2963    34.2951     7.5365    27.5640    27.5629         24  0.000e+00
      41462 311.664208  -62.21878  -58.33422      0.066    1448.92      2.184      2.163    -0.5386    -0.5335     0.0051    -0.5386    -0.5336     0.0051   2.805367   2.805666   0.000299    34.2965    34.2948     7.5313    27.5642    27.5626         24  0.000e+00
      41463 311.664208  -62.21878  -58.33422      0.063    1448.92      2.241      2.219    -0.5386    -0.5340     0.0046    -0.5387    -0.5340     0.0046   2.805373   2.805643   0.000271    34.2965    34.2950     7.5316    27.5643    27.5628         24  0.000e+00
      41464 311.664209  -62.21878  -58.33422      0.057    1448.92      2.184      2.163    -0.5389    -0.5341     0.0048    -0.5389    -0.5342     0.0048   2.805390   2.805649   0.000259    34.2971    34.2952     7.5371    27.5648    27.5630         24  0.000e+00
      41465 311.664209  -62.21878  -58.33422      0.050    1448.92      2.184      2.163    -0.5389    -0.5345     0.0045    -0.5390    -0.5345     0.0045   2.805333   2.805638   0.000305    34.2964    34.2955     7.5374    27.5642    27.5632         24  0.000e+00
      41466 311.664210  -62.21878  -58.33422      0.047    1448.92      2.184      2.163    -0.5389    -0.5349     0.0040    -0.5389    -0.5349     0.0040   2.805333   2.805610   0.000277    34.2964    34.2956     7.5375    27.5641    27.5633         24  0.000e+00
      41467 311.664210  -62.21878  -58.33422      0.046    1448.92      2.233      2.211    -0.5390    -0.5352     0.0038    -0.5391    -0.5353     0.0038   2.805344   2.805587   0.000243    34.2967    34.2956     7.5376    27.5644    27.5634         24  0.000e+00
      41468 311.664211  -62.21878  -58.33422      0.039    1448.92      2.184      2.163    -0.5392    -0.5356     0.0036    -0.5393    -0.5357     0.0036   2.805321   2.805542   0.000221    34.2966    34.2955     7.5377    27.5643    27.5633         24  0.000e+00
      41469 311.664211  -62.21878  -58.33422      0.035    1448.92      2.184      2.164    -0.5390    -0.5363     0.0028    -0.5391    -0.5363     0.0028   2.805333   2.805548   0.000215    34.2966    34.2963     7.5376    27.5643    27.5640         24  0.000e+00
      41470 311.664212  -62.21878  -58.33422      0.031    1448.92      2.185      2.164    -0.5395    -0.5365     0.0030    -0.5396    -0.5366     0.0030   2.805304   2.805497   0.000193    34.2967    34.2959     7.5377    27.5644    27.5637         24  0.000e+00
      41471 311.664212  -62.21878  -58.33422      0.023    1448.92      2.185      2.164    -0.5394    -0.5368     0.0026    -0.5394    -0.5368     0.0026   2.805413   2.805475   0.000062    34.2980    34.2959     7.5375    27.5655    27.5636         24  0.000e+00
      41472 311.664212  -62.21878  -58.33422      0.019    1448.92      2.128      2.108    -0.5392    -0.5375     0.0017    -0.5393    -0.5376     0.0017   2.805407   2.805441   0.000034    34.2978    34.2963     7.5373    27.5653    27.5640         24  0.000e+00
      41473 311.664213  -62.21878  -58.33422      0.015    1448.92      2.185      2.164    -0.5393    -0.5383     0.0010    -0.5394    -0.5384     0.0010   2.805395   2.805385  -0.000011    34.2977    34.2964     7.5308    27.5653    27.5641         24  0.000e+00
      41474 311.664213  -62.21878  -58.33422      0.013    1448.92      2.185      2.164    -0.5390    -0.5385     0.0005    -0.5391    -0.5386     0.0005   2.805356   2.805368   0.000012    34.2969    34.2964     7.5296    27.5645    27.5642         24  0.000e+00
      41475 311.664214  -62.21878  -58.33422      0.009    1448.92      2.185      2.164    -0.5392    -0.5386     0.0006    -0.5393    -0.5386     0.0006   2.805361   2.805334  -0.000027    34.2971    34.2961     7.5285    27.5648    27.5639         24  0.000e+00
      41476 311.664214  -62.21878  -58.33422      0.001    1448.92      2.128      2.108    -0.5390    -0.5392    -0.0002    -0.5391    -0.5393    -0.0002   2.805327   2.805295  -0.000032    34.2965    34.2963     7.5272    27.5643    27.5641         24  0.000e+00
      41477 311.664215  -62.21878  -58.33422     -0.003    1448.92      2.128      2.108    -0.5397    -0.5393     0.0003    -0.5397    -0.5394     0.0003   2.805333   2.805255  -0.000077    34.2973    34.2959     7.5261    27.5649    27.5638         24  0.000e+00
      41478 311.664215  -62.21878  -58.33422     -0.008    1448.92      2.185      2.164    -0.5402    -0.5400     0.0002    -0.5402    -0.5401     0.0002   2.805321   2.805244  -0.000077    34.2977    34.2965     7.5251    27.5653    27.5642         24  0.000e+00
      41479 311.664216  -62.21878  -58.33422     -0.012    1448.92      2.128      2.108    -0.5401    -0.5401     0.0001    -0.5402    -0.5401     0.0001   2.805298   2.805216  -0.000082    34.2974    34.2962     7.5249    27.5650    27.5640         24  0.000e+00
      41480 311.664216  -62.21878  -58.33422     -0.016    1448.92      2.128      2.108    -0.5404    -0.5403     0.0001    -0.5405    -0.5404     0.0001   2.805310   2.805210  -0.000099    34.2978    34.2964     7.5238    27.5654    27.5642         24  0.000e+00
      41481 311.664217  -62.21878  -58.33422     -0.021    1448.92      2.169      2.148    -0.5400    -0.5404    -0.0005    -0.5400    -0.5405    -0.0005   2.805316   2.805188  -0.000128    34.2974    34.2962     7.5226    27.5650    27.5640         24  0.000e+00
      41482 311.664217  -62.21878  -58.33422     -0.022    1448.92      2.128      2.108    -0.5400    -0.5400     0.0000    -0.5401    -0.5401     0.0000   2.805333   2.805205  -0.000128    34.2977    34.2960     7.5215    27.5653    27.5638         24  0.000e+00
      41483 311.664218  -62.21878  -58.33422     -0.029    1448.92      2.128      2.108    -0.5390    -0.5400    -0.0010    -0.5391    -0.5401    -0.0010   2.805401   2.805216  -0.000185    34.2975    34.2961     7.5201    27.5651    27.5640         24  0.000e+00
      41484 311.664218  -62.21878  -58.33422     -0.033    1448.92      2.128      2.108    -0.5386    -0.5401    -0.0015    -0.5386    -0.5401    -0.0015   2.805424   2.805188  -0.000236    34.2973    34.2958     7.5252    27.5649    27.5637         24  0.000e+00
      41485 311.664219  -62.21878  -58.33422     -0.041    1448.92      2.064      2.044    -0.5381    -0.5396    -0.0015    -0.5382    -0.5397    -0.0015   2.805441   2.805227  -0.000214    34.2971    34.2959     7.5249    27.5647    27.5638         24  0.000e+00
      41486 311.664219  -62.21878  -58.33422     -0.044    1448.92      2.128      2.108    -0.5377    -0.5398    -0.0021    -0.5377    -0.5399    -0.0021   2.805424   2.805216  -0.000208    34.2963    34.2959     7.5194    27.5640    27.5638         24  0.000e+00
      41487 311.664220  -62.21878  -58.33422     -0.048    1448.92      2.128      2.108    -0.5373    -0.5395    -0.0022    -0.5374    -0.5396    -0.0022   2.805441   2.805233  -0.000208    34.2961    34.2958     7.5192    27.5639    27.5637         24  0.000e+00
      41488 311.664220  -62.21878  -58.33422     -0.052    1448.92      2.064      2.044    -0.5375    -0.5391    -0.0016    -0.5376    -0.5392    -0.0016   2.805430   2.805199  -0.000231    34.2962    34.2949     7.5191    27.5639    27.5630         24  0.000e+00
      41489 311.664221  -62.21878  -58.33422     -0.054    1448.92      2.128      2.108    -0.5375    -0.5391    -0.0016    -0.5376    -0.5391    -0.0016   2.805441   2.805261  -0.000180    34.2963    34.2956     7.5255    27.5640    27.5636         24  0.000e+00
      41490 311.664221  -62.21878  -58.33422     -0.057    1448.92      2.064      2.044    -0.5377    -0.5386    -0.0009    -0.5377    -0.5386    -0.0009   2.805470   2.805289  -0.000181    34.2969    34.2955     7.5253    27.5645    27.5634         24  0.000e+00
