Pos-Processados/process_op42/operantar42_053.cnv
* Sea-Bird SBE 9 Data File:
* FileName = C:\Users\Hidrografia\Desktop\OPXLII\Brutos\OP42053.hdr
* Software Version Seasave V 7.26.7.107
* Temperature SN = 6502
* Conductivity SN = 4998
* Number of Bytes Per Scan = 37
* Number of Voltage Words = 4
* Number of Scans Averaged by the Deck Unit = 1
* NMEA Latitude = 62 18.18 S
* NMEA Longitude = 058 13.23 W
* NMEA UTC (Time) = Nov 17 2023 02:11:25
* NMEA baud rate = 4800
** H41
** NPOALTEMAXIMIANO
** NUMERO DA ESTACAO (XXX) 053
** LAT (XX XX.XX S/N) 62 18.18 S
** LONG (XXX XX.XX W/E) 058 13.43 W
** DATAHORA (dd/mm/aaaa hh:mm Z) 17/11/2023 0204Z
** PROFUNDIDADE (m) 1485 m
** OPERADOR CT FILIPE LOPES
# nquan = 30
# nvalues = 2754                        
# units = specified
# name 0 = scan: Scan Count
# name 1 = timeJ: Julian Days
# name 2 = latitude: Latitude [deg]
# name 3 = longitude: Longitude [deg]
# name 4 = dz/dtM: Descent Rate [m/s]
# name 5 = avgsvCM: Average Sound Velocity [Chen-Millero, m/s]
# name 6 = prDM: Pressure, Digiquartz [db]
# name 7 = depSM: Depth [salt water, m]
# name 8 = t090C: Temperature [ITS-90, deg C]
# name 9 = t190C: Temperature, 2 [ITS-90, deg C]
# name 10 = T2-T190C: Temperature Difference, 2 - 1 [ITS-90, deg C]
# name 11 = potemp090C: Potential Temperature [ITS-90, deg C]
# name 12 = potemp190C: Potential Temperature, 2 [ITS-90, deg C]
# name 13 = potemp90Cdiff: Potential Temperature, Diff, 2 - 1 [ITS-90, deg C]
# name 14 = c0S/m: Conductivity [S/m]
# name 15 = c1S/m: Conductivity, 2 [S/m]
# name 16 = C2-C1S/m: Conductivity Difference, 2 - 1 [S/m]
# name 17 = sal00: Salinity, Practical [PSU]
# name 18 = sal11: Salinity, Practical, 2 [PSU]
# name 19 = sbeox0ML/L: Oxygen, SBE 43 [ml/l]
# name 20 = sigma-é00: Density [sigma-theta, kg/m^3]
# name 21 = sigma-é11: Density, 2 [sigma-theta, kg/m^3]
# name 22 = sal00: Salinity, Practical [PSU]
# name 23 = sigma-é00: Density [sigma-theta, kg/m^3]
# name 24 = svCM: Sound Velocity [Chen-Millero, m/s]
# name 25 = svCM1: Sound Velocity, 2 [Chen-Millero, m/s]
# name 26 = gsw_ptA0: potential temperature [ITS-90, deg C]
# name 27 = gsw_densityA0: density, TEOS-10 [density, kg/m^3]
# name 28 = gsw_saA0: Absolute Salinity [g/kg]
# name 29 = flag:
# span 0 =        456,      69847       
# span 1 = 321.091481, 321.124945       
# span 2 =  -62.30464,  -62.30282       
# span 3 =  -58.22043,  -58.21132       
# span 4 =     -1.306,      1.238       
# span 5 =       0.00,    1457.04       
# span 6 =      2.000,   1379.000       
# span 7 =      1.985,   1361.244       
# span 8 =    -1.3466,     0.6242       
# span 9 =    -1.3457,     0.6249       
# span 10 =    -0.0265,     0.0543      
# span 11 =    -1.3909,     0.5980      
# span 12 =    -1.3903,     0.5988      
# span 13 =    -0.0265,     0.0539      
# span 14 =   2.797170,   2.950904      
# span 15 =   2.797164,   2.950888      
# span 16 =  -0.002105,   0.004159      
# span 17 =    34.2582,    34.5753      
# span 18 =    34.2554,    34.5727      
# span 19 =     5.1220,     8.0100      
# span 20 =    27.5219,    27.7797      
# span 21 =    27.5217,    27.7787      
# span 22 =    34.2574,    34.5732      
# span 23 =    27.5217,    27.7796      
# span 24 =    1446.72,    1464.95      
# span 25 =    1446.76,    1464.95      
# span 26 =    -1.3898,     0.5982      
# span 27 =  1027.5392,  1034.3154      
# span 28 =    34.4228,    34.7428      
# span 29 = 0.0000e+00, 0.0000e+00      
# interval = decibars: 1                
# start_time = Nov 17 2023 02:11:25 [NMEA time, header]
# bad_flag = -9.990e-29
*END*
[from data line 1112]
      27364 321.104457  -62.30284  -58.21370      0.975    1455.47   1115.000   1101.334    -1.2885    -1.2873     0.0011    -1.3267    -1.3256     0.0011   2.808019   2.808024   0.000009    34.5135    34.5124     6.6090    27.7710    27.7701    34.5135    27.7710    1460.76    1460.76    -1.3259  1033.0722    34.6835 0.0000e+00
      27389 321.104470  -62.30284  -58.21370      0.943    1455.47   1116.000   1102.319    -1.2890    -1.2883     0.0006    -1.3273    -1.3267     0.0006   2.808007   2.807991  -0.000017    34.5135    34.5125     6.6114    27.7710    27.7702    34.5133    27.7709    1460.77    1460.77    -1.3264  1033.0768    34.6833 0.0000e+00
      27415 321.104482  -62.30284  -58.21368      0.937    1455.47   1117.000   1103.304    -1.2894    -1.2886     0.0007    -1.3277    -1.3270     0.0007   2.808020   2.808010  -0.000012    34.5134    34.5125     6.5999    27.7710    27.7702    34.5134    27.7710    1460.79    1460.79    -1.3269  1033.0816    34.6834 0.0000e+00
      27440 321.104494  -62.30284  -58.21368      0.943    1455.47   1118.000   1104.290    -1.2893    -1.2886     0.0007    -1.3277    -1.3270     0.0007   2.808070   2.808055  -0.000013    34.5135    34.5125     6.6060    27.7710    27.7702    34.5134    27.7710    1460.80    1460.81    -1.3268  1033.0863    34.6834 0.0000e+00
      27465 321.104506  -62.30284  -58.21368      0.950    1455.47   1119.000   1105.275    -1.2893    -1.2886     0.0007    -1.3277    -1.3271     0.0007   2.808112   2.808098  -0.000016    34.5135    34.5124     6.6091    27.7710    27.7702    34.5134    27.7710    1460.82    1460.82    -1.3269  1033.0910    34.6834 0.0000e+00
      27491 321.104519  -62.30284  -58.21366      0.952    1455.47   1120.000   1106.260    -1.2924    -1.2917     0.0007    -1.3309    -1.3302     0.0007   2.807933   2.807896  -0.000036    34.5142    34.5130     6.6066    27.7718    27.7707    34.5139    27.7715    1460.82    1460.82    -1.3300  1033.0962    34.6838 0.0000e+00
      27516 321.104531  -62.30284  -58.21366      0.955    1455.47   1121.000   1107.245    -1.2930    -1.2922     0.0008    -1.3315    -1.3307     0.0008   2.807909   2.807903  -0.000009    34.5138    34.5128     6.5952    27.7714    27.7706    34.5137    27.7713    1460.84    1460.84    -1.3306  1033.1008    34.6836 0.0000e+00
      27541 321.104543  -62.30284  -58.21366      0.959    1455.68   1122.000   1108.230    -1.2933    -1.2925     0.0009    -1.3318    -1.3311     0.0009   2.807921   2.807923   0.000004    34.5138    34.5129     6.6051    27.7714    27.7706    34.5137    27.7713    1460.85    1460.85    -1.3310  1033.1055    34.6836 0.0000e+00
      27565 321.104554  -62.30284  -58.21364      0.972    1455.73   1123.000   1109.215    -1.2937    -1.2927     0.0010    -1.3323    -1.3313     0.0010   2.807941   2.807949   0.000006    34.5140    34.5129     6.6134    27.7716    27.7707    34.5138    27.7714    1460.86    1460.87    -1.3314  1033.1103    34.6837 0.0000e+00
      27589 321.104566  -62.30284  -58.21364      0.994    1455.73   1124.000   1110.200    -1.2955    -1.2948     0.0007    -1.3342    -1.3334     0.0007   2.807864   2.807834  -0.000027    34.5144    34.5133     6.6019    27.7720    27.7710    34.5142    27.7718    1460.87    1460.87    -1.3332  1033.1155    34.6842 0.0000e+00
      27612 321.104577  -62.30284  -58.21364      1.022    1455.73   1125.000   1111.185    -1.2957    -1.2950     0.0007    -1.3343    -1.3337     0.0007   2.807885   2.807872  -0.000012    34.5142    34.5132     6.6080    27.7718    27.7710    34.5141    27.7718    1460.89    1460.89    -1.3335  1033.1201    34.6840 0.0000e+00
      27634 321.104588  -62.30284  -58.21364      1.056    1455.73   1126.000   1112.170    -1.2955    -1.2948     0.0008    -1.3343    -1.3335     0.0008   2.807957   2.807946  -0.000010    34.5144    34.5134     6.6135    27.7720    27.7712    34.5143    27.7719    1460.91    1460.91    -1.3333  1033.1213    34.6797 0.0000e+00
      27657 321.104599 -9.990e-29  -58.21362      1.072    1455.73   1127.000   1113.155    -1.2955    -1.2947     0.0008    -1.3342    -1.3334     0.0008   2.808022   2.808001  -0.000021    34.5146    34.5134     6.6148    27.7721    27.7711    34.5145    27.7721    1460.92    1460.93    -1.3333  1033.1241    34.6773 0.0000e+00
      27680 321.104610 -9.990e-29  -58.21362      1.051    1455.73   1128.000   1114.140    -1.2953    -1.2945     0.0008    -1.3341    -1.3333     0.0008   2.808079   2.808078  -0.000002    34.5146    34.5137     6.6064    27.7722    27.7714    34.5146    27.7722    1460.94    1460.94    -1.3332  1033.1288    34.6773 0.0000e+00
      27705 321.104622 -9.990e-29  -58.21362      0.994    1455.73   1129.000   1115.126    -1.2953    -1.2945     0.0008    -1.3341    -1.3334     0.0008   2.808152   2.808137  -0.000014    34.5149    34.5139     6.6074    27.7724    27.7715    34.5149    27.7724    1460.96    1460.96    -1.3332  1033.1337    34.6777 0.0000e+00
      27732 321.104635  -62.30282  -58.21360      0.929    1455.73   1130.000   1116.111    -1.2948    -1.2938     0.0010    -1.3337    -1.3328     0.0010   2.808227   2.808232   0.000003    34.5148    34.5138     6.6165    27.7724    27.7714    34.5149    27.7724    1460.98    1460.98    -1.3328  1033.1413    34.6813 0.0000e+00
      27760 321.104648  -62.30282  -58.21360      0.867    1455.73   1131.000   1117.096    -1.2939    -1.2934     0.0005    -1.3328    -1.3324     0.0005   2.808344   2.808312  -0.000030    34.5147    34.5137     6.6061    27.7722    27.7714    34.5148    27.7723    1461.00    1461.00    -1.3319  1033.1487    34.6848 0.0000e+00
      27788 321.104662  -62.30282  -58.21359      0.841    1455.73   1132.000   1118.081    -1.2926    -1.2921     0.0005    -1.3316    -1.3311     0.0005   2.808529   2.808501  -0.000029    34.5149    34.5140     6.6137    27.7723    27.7716    34.5152    27.7726    1461.02    1461.02    -1.3307  1033.1536    34.6852 0.0000e+00
      27815 321.104675  -62.30282  -58.21358      0.872    1455.73   1133.000   1119.066    -1.2895    -1.2889     0.0005    -1.3286    -1.3280     0.0005   2.808851   2.808833  -0.000015    34.5152    34.5144     6.6175    27.7724    27.7718    34.5155    27.7727    1461.05    1461.05    -1.3277  1033.1583    34.6855 0.0000e+00
      27841 321.104688  -62.30282  -58.21358      0.913    1455.73   1134.000   1120.051    -1.2893    -1.2885     0.0007    -1.3284    -1.3277     0.0007   2.808926   2.808914  -0.000014    34.5156    34.5146     6.6089    27.7728    27.7719    34.5158    27.7729    1461.07    1461.07    -1.3275  1033.1632    34.6857 0.0000e+00
      27865 321.104699  -62.30282  -58.21356      0.965    1455.73   1135.000   1121.036    -1.2892    -1.2885     0.0007    -1.3284    -1.3277     0.0007   2.808982   2.808962  -0.000018    34.5156    34.5145     6.6007    27.7728    27.7719    34.5158    27.7729    1461.09    1461.09    -1.3275  1033.1679    34.6858 0.0000e+00
      27889 321.104711  -62.30282  -58.21356      1.001    1455.73   1136.000   1122.021    -1.2889    -1.2881     0.0008    -1.3281    -1.3273     0.0008   2.809050   2.809035  -0.000016    34.5156    34.5145     6.6136    27.7728    27.7719    34.5158    27.7729    1461.11    1461.11    -1.3272  1033.1726    34.6858 0.0000e+00
      27913 321.104722  -62.30282  -58.21356      1.010    1455.73   1137.000   1123.006    -1.2892    -1.2885     0.0007    -1.3284    -1.3278     0.0007   2.809065   2.809058  -0.000003    34.5156    34.5148     6.6090    27.7728    27.7721    34.5157    27.7729    1461.12    1461.12    -1.3276  1033.1772    34.6857 0.0000e+00
      27937 321.104734  -62.30282  -58.21356      1.004    1455.73   1138.000   1123.991    -1.2890    -1.2885     0.0005    -1.3284    -1.3279     0.0005   2.809119   2.809085  -0.000033    34.5156    34.5147     6.5923    27.7728    27.7720    34.5157    27.7729    1461.14    1461.14    -1.3274  1033.1830    34.6871 0.0000e+00
      27961 321.104746  -62.30282 -9.990e-29      0.988    1455.73   1139.000   1124.976    -1.2886    -1.2880     0.0005    -1.3279    -1.3274     0.0005   2.809210   2.809182  -0.000030    34.5157    34.5147     6.5992    27.7728    27.7720    34.5159    27.7730    1461.16    1461.16    -1.3271  1033.1882    34.6878 0.0000e+00
      27987 321.104758  -62.30282 -9.990e-29      0.954    1455.73   1140.000   1125.961    -1.2883    -1.2876     0.0007    -1.3277    -1.3270     0.0007   2.809273   2.809261  -0.000015    34.5157    34.5147     6.6025    27.7728    27.7720    34.5158    27.7729    1461.18    1461.18    -1.3268  1033.1928    34.6877 0.0000e+00
      28015 321.104771  -62.30282 -9.990e-29      0.893    1455.73   1141.000   1126.946    -1.2879    -1.2870     0.0010    -1.3274    -1.3264     0.0010   2.809360   2.809379   0.000017    34.5158    34.5149     6.5921    27.7729    27.7721    34.5160    27.7731    1461.19    1461.20    -1.3265  1033.1977    34.6879 0.0000e+00
      28042 321.104785  -62.30282  -58.21352      0.862    1455.73   1142.000   1127.931    -1.2861    -1.2853     0.0007    -1.3256    -1.3249     0.0007   2.809587   2.809562  -0.000019    34.5161    34.5149     6.5868    27.7731    27.7721    34.5164    27.7733    1461.22    1461.22    -1.3247  1033.2011    34.6866 0.0000e+00
      28068 321.104797  -62.30282  -58.21352      0.903    1455.73   1143.000   1128.916    -1.2853    -1.2844     0.0009    -1.3249    -1.3240     0.0009   2.809683   2.809690 2.8180e-07    34.5161    34.5151     6.6037    27.7731    27.7723    34.5162    27.7732    1461.24    1461.24    -1.3240  1033.2055    34.6862 0.0000e+00
      28093 321.104809  -62.30282  -58.21350      0.962    1455.73   1144.000   1129.901    -1.2860    -1.2849     0.0010    -1.3256    -1.3245     0.0010   2.809702   2.809697  -0.000010    34.5166    34.5153     6.6040    27.7735    27.7724    34.5167    27.7735    1461.26    1461.26    -1.3247  1033.2106    34.6867 0.0000e+00
      28117 321.104821  -62.30282  -58.21350      0.986    1455.73   1145.000   1130.886    -1.2858    -1.2858     0.0000    -1.3255    -1.3254     0.0000   2.809753   2.809662  -0.000079    34.5163    34.5152     6.5886    27.7732    27.7723    34.5166    27.7735    1461.27    1461.27    -1.3246  1033.2152    34.6866 0.0000e+00
      28142 321.104833  -62.30282  -58.21349      0.968    1455.73   1146.000   1131.871    -1.2848    -1.2842     0.0006    -1.3245    -1.3239     0.0006   2.809858   2.809824  -0.000031    34.5162    34.5151     6.5969    27.7731    27.7722    34.5163    27.7732    1461.29    1461.29    -1.3236  1033.2196    34.6863 0.0000e+00
      28168 321.104845  -62.30282  -58.21348      0.933    1455.73   1147.000   1132.856    -1.2854    -1.2855    -0.0001    -1.3251    -1.3252    -0.0001   2.809846   2.809773  -0.000078    34.5161    34.5152     6.6023    27.7731    27.7723    34.5162    27.7732    1461.31    1461.31    -1.3242  1033.2242    34.6862 0.0000e+00
      28194 321.104858  -62.30282  -58.21348      0.920    1455.73   1148.000   1133.841    -1.2850    -1.2841     0.0009    -1.3248    -1.3239     0.0009   2.809914   2.809934   0.000018    34.5160    34.5152     6.5825    27.7730    27.7723    34.5161    27.7731    1461.32    1461.33    -1.3239  1033.2288    34.6861 0.0000e+00
      28220 321.104870  -62.30282  -58.21348      0.918    1455.73   1149.000   1134.826    -1.2853    -1.2837     0.0016    -1.3251    -1.3236     0.0016   2.809954   2.810009   0.000052    34.5162    34.5151     6.5878    27.7732    27.7722    34.5164    27.7733    1461.34    1461.35    -1.3242  1033.2338    34.6864 0.0000e+00
      28246 321.104883  -62.30282  -58.21347      0.927    1455.73   1150.000   1135.811    -1.2822    -1.2812     0.0011    -1.3221    -1.3211     0.0011   2.810244   2.810293   0.000059    34.5159    34.5155     6.6042    27.7728    27.7725    34.5163    27.7731    1461.37    1461.37    -1.3212  1033.2382    34.6863 0.0000e+00
      28271 321.104895  -62.30282  -58.21346      0.943    1455.73   1151.000   1136.796    -1.2811    -1.2812    -0.0001    -1.3211    -1.3212    -0.0001   2.810422   2.810360  -0.000067    34.5164    34.5157     6.5999    27.7732    27.7726    34.5169    27.7736    1461.39    1461.39    -1.3202  1033.2432    34.6869 0.0000e+00
      28296 321.104907  -62.30282  -58.21346      0.952    1455.73   1152.000   1137.781    -1.2798    -1.2791     0.0007    -1.3199    -1.3192     0.0007   2.810607   2.810591  -0.000015    34.5170    34.5161     6.5963    27.7736    27.7728    34.5173    27.7739    1461.42    1461.42    -1.3190  1033.2482    34.6873 0.0000e+00
      28321 321.104919  -62.30282  -58.21345      0.961    1455.73   1153.000   1138.766    -1.2795    -1.2787     0.0008    -1.3196    -1.3188     0.0008   2.810677   2.810671  -0.000008    34.5170    34.5160     6.6004    27.7736    27.7728    34.5173    27.7738    1461.44    1461.44    -1.3187  1033.2528    34.6873 0.0000e+00
      28346 321.104931  -62.30282  -58.21344      0.963    1455.73   1154.000   1139.751    -1.2833    -1.2822     0.0011    -1.3234    -1.3223     0.0011   2.810390   2.810340  -0.000037    34.5176    34.5159     6.5964    27.7743    27.7729    34.5171    27.7738    1461.43    1461.44    -1.3225  1033.2577    34.6871 0.0000e+00
      28370 321.104943  -62.30282  -58.21344      0.983    1455.73   1155.000   1140.735    -1.2865    -1.2863     0.0003    -1.3267    -1.3264     0.0003   2.810112   2.810040  -0.000079    34.5167    34.5153     6.5793    27.7736    27.7724    34.5165    27.7735    1461.43    1461.43    -1.3257  1033.2621    34.6865 0.0000e+00
      28394 321.104954  -62.30282  -58.21342      0.999    1455.73   1156.000   1141.720    -1.2866    -1.2863     0.0003    -1.3267    -1.3264     0.0003   2.810174   2.810101  -0.000067    34.5166    34.5153     6.5788    27.7736    27.7725    34.5168    27.7737    1461.45    1461.45    -1.3258  1033.2670    34.6868 0.0000e+00
      28419 321.104966  -62.30282  -58.21342      0.986    1455.73   1157.000   1142.705    -1.2836    -1.2829     0.0007    -1.3238    -1.3231     0.0007   2.810506   2.810514   0.000003    34.5170    34.5162     6.5865    27.7738    27.7731    34.5173    27.7740    1461.48    1461.49    -1.3229  1033.2719    34.6873 0.0000e+00
      28446 321.104979  -62.30282  -58.21342      0.933    1455.73   1158.000   1143.690    -1.2831    -1.2823     0.0008    -1.3234    -1.3226     0.0008   2.810614   2.810602  -0.000015    34.5176    34.5165     6.5861    27.7742    27.7734    34.5176    27.7743    1461.50    1461.50    -1.3225  1033.2768    34.6877 0.0000e+00
      28473 321.104992  -62.30282  -58.21340      0.883    1455.73   1159.000   1144.675    -1.2830    -1.2822     0.0009    -1.3234    -1.3225     0.0009   2.810666   2.810666 3.6945e-08    34.5176    34.5166     6.5899    27.7742    27.7734    34.5177    27.7743    1461.52    1461.52    -1.3224  1033.2815    34.6877 0.0000e+00
      28500 321.105005  -62.30282  -58.21340      0.876    1455.73   1160.000   1145.660    -1.2826    -1.2817     0.0009    -1.3230    -1.3221     0.0009   2.810747   2.810758   0.000009    34.5176    34.5167     6.5949    27.7742    27.7734    34.5177    27.7743    1461.54    1461.54    -1.3221  1033.2862    34.6877 0.0000e+00
      28526 321.105018  -62.30282  -58.21340      0.912    1455.73   1161.000   1146.645    -1.2814    -1.2803     0.0011    -1.3218    -1.3207     0.0011   2.810885   2.810937   0.000046    34.5175    34.5169     6.5894    27.7741    27.7736    34.5176    27.7742    1461.56    1461.56    -1.3209  1033.2907    34.6877 0.0000e+00
      28551 321.105030  -62.30282  -58.21339      0.941    1455.73   1162.000   1147.630    -1.2816    -1.2806     0.0010    -1.3221    -1.3211     0.0010   2.810926   2.810952   0.000028    34.5177    34.5169     6.5884    27.7743    27.7736    34.5179    27.7744    1461.58    1461.58    -1.3212  1033.2957    34.6879 0.0000e+00
