Pos-Processados/process_op42/operantar42_024.ros
* Sea-Bird SBE 9 Data File:
* FileName = C:\Users\Hidrografia\Desktop\OPXLII\Brutos\OP42024.hdr
* Software Version Seasave V 7.26.7.107
* Temperature SN = 6502
* Conductivity SN = 4998
* Number of Bytes Per Scan = 37
* Number of Voltage Words = 4
* Number of Scans Averaged by the Deck Unit = 1
* NMEA Latitude = 62 12.92 S
* NMEA Longitude = 058 19.80 W
* NMEA UTC (Time) = Nov 08 2023 11:02:46
* NMEA baud rate = 4800
** H41
** NPOALTEMAXIMIANO
** NUMERO DA ESTACAO (XXX) 024
** LAT (XX XX.XX S/N) 62 12.60 S
** LONG (XXX XX.XX W/E) 058 20.03 W
** DATAHORA (dd/mm/aaaa hh:mm Z) 08/11/2023 1056Z
** PROFUNDIDADE (m) 482
** OPERADOR CT FILIPE LOPES
# nquan = 24
# nvalues = 3767                                  
# units = specified
# name 0 = scan: Scan Count
# name 1 = timeJ: Julian Days
# name 2 = latitude: Latitude [deg]
# name 3 = longitude: Longitude [deg]
# name 4 = dz/dtM: Descent Rate [m/s]
# name 5 = avgsvCM: Average Sound Velocity [Chen-Millero, m/s]
# name 6 = prDM: Pressure, Digiquartz [db]
# name 7 = depSM: Depth [salt water, m]
# name 8 = t090C: Temperature [ITS-90, deg C]
# name 9 = t190C: Temperature, 2 [ITS-90, deg C]
# name 10 = T2-T190C: Temperature Difference, 2 - 1 [ITS-90, deg C]
# name 11 = potemp090C: Potential Temperature [ITS-90, deg C]
# name 12 = potemp190C: Potential Temperature, 2 [ITS-90, deg C]
# name 13 = potemp90Cdiff: Potential Temperature, Diff, 2 - 1 [ITS-90, deg C]
# name 14 = c0S/m: Conductivity [S/m]
# name 15 = c1S/m: Conductivity, 2 [S/m]
# name 16 = C2-C1S/m: Conductivity Difference, 2 - 1 [S/m]
# name 17 = sal00: Salinity, Practical [PSU]
# name 18 = sal11: Salinity, Practical, 2 [PSU]
# name 19 = sbeox0ML/L: Oxygen, SBE 43 [ml/l]
# name 20 = sigma-é00: Density [sigma-theta, kg/m^3]
# name 21 = sigma-é11: Density, 2 [sigma-theta, kg/m^3]
# name 22 = nbf: Bottles Fired
# name 23 = flag:  0.000e+00
# interval = seconds: 0.0416667
# start_time = Nov 08 2023 11:02:46 [NMEA time, header]
# bad_flag = -9.990e-29
*END*
[from data line 302]
      31930 312.475652  -62.21090  -58.31840     -0.063    1448.57      3.310      3.279    -0.6002    -0.5990     0.0013    -0.6003    -0.5991     0.0013   2.800164   2.800203   0.000039    34.2955    34.2946     7.5304    27.5661    27.5653          2  0.000e+00
      31931 312.475653  -62.21090  -58.31840     -0.071    1448.57      3.294      3.263    -0.6006    -0.5991     0.0015    -0.6007    -0.5992     0.0015   2.800107   2.800231   0.000124    34.2952    34.2951     7.5296    27.5659    27.5658          2  0.000e+00
      31932 312.475653  -62.21090  -58.31840     -0.085    1448.57      3.246      3.215    -0.6003    -0.5990     0.0013    -0.6004    -0.5991     0.0013   2.800158   2.800220   0.000061    34.2956    34.2949     7.5286    27.5662    27.5656          2  0.000e+00
      31933 312.475654  -62.21090  -58.31840     -0.096    1448.57      3.246      3.215    -0.6004    -0.5992     0.0011    -0.6005    -0.5993     0.0011   2.800170   2.800231   0.000061    34.2958    34.2953     7.5351    27.5664    27.5660          2  0.000e+00
      31934 312.475654  -62.21090  -58.31840     -0.106    1448.57      3.246      3.215    -0.6003    -0.5991     0.0013    -0.6004    -0.5992     0.0013   2.800153   2.800208   0.000056    34.2955    34.2948     7.5297    27.5661    27.5655          2  0.000e+00
      31935 312.475655  -62.21090  -58.31840     -0.115    1448.57      3.246      3.215    -0.6002    -0.5992     0.0010    -0.6003    -0.5993     0.0010   2.800221   2.800192  -0.000030    34.2963    34.2948     7.5296    27.5668    27.5655          2  0.000e+00
      31936 312.475655  -62.21090  -58.31840     -0.123    1448.57      3.190      3.159    -0.6003    -0.5994     0.0010    -0.6004    -0.5995     0.0010   2.800250   2.800208  -0.000041    34.2969    34.2952     7.5295    27.5672    27.5659          2  0.000e+00
      31937 312.475656  -62.21090  -58.31840     -0.135    1448.57      3.189      3.159    -0.6002    -0.5994     0.0008    -0.6003    -0.5995     0.0008   2.800267   2.800214  -0.000053    34.2970    34.2953     7.5293    27.5673    27.5659          2  0.000e+00
      31938 312.475656  -62.21090  -58.31840     -0.142    1448.57      3.189      3.159    -0.6002    -0.5995     0.0006    -0.6002    -0.5996     0.0006   2.800176   2.800203   0.000027    34.2957    34.2953     7.5292    27.5663    27.5660          2  0.000e+00
      31939 312.475657  -62.21090  -58.31840     -0.149    1448.57      3.189      3.159    -0.6002    -0.5992     0.0010    -0.6003    -0.5993     0.0010   2.800204   2.800191  -0.000013    34.2961    34.2948     7.5290    27.5666    27.5656          2  0.000e+00
      31940 312.475657  -62.21090  -58.31838     -0.159    1448.57      3.189      3.159    -0.6003    -0.5995     0.0008    -0.6004    -0.5996     0.0008   2.800181   2.800191   0.000010    34.2959    34.2952     7.5351    27.5665    27.5658          2  0.000e+00
      31941 312.475658  -62.21090  -58.31838     -0.168    1448.57      3.117      3.087    -0.6002    -0.5995     0.0007    -0.6003    -0.5996     0.0007   2.800153   2.800191   0.000039    34.2955    34.2952     7.5357    27.5661    27.5659          2  0.000e+00
      31942 312.475658  -62.21090  -58.31838     -0.173    1448.57      3.189      3.159    -0.6003    -0.5995     0.0008    -0.6004    -0.5996     0.0008   2.800187   2.800197   0.000010    34.2960    34.2953     7.5364    27.5665    27.5659          2  0.000e+00
      31943 312.475659  -62.21090  -58.31838     -0.180    1448.57      3.125      3.095    -0.6004    -0.5995     0.0008    -0.6005    -0.5996     0.0008   2.800216   2.800169  -0.000047    34.2965    34.2949     7.5368    27.5669    27.5656          2  0.000e+00
      31944 312.475659  -62.21090  -58.31838     -0.190    1448.57      3.125      3.095    -0.6002    -0.5997     0.0004    -0.6002    -0.5998     0.0004   2.800244   2.800163  -0.000081    34.2966    34.2950     7.5308    27.5670    27.5657          2  0.000e+00
      31945 312.475660  -62.21090  -58.31838     -0.196    1448.57      3.125      3.095    -0.6005    -0.5998     0.0007    -0.6006    -0.5999     0.0007   2.800267   2.800163  -0.000103    34.2973    34.2952     7.5302    27.5676    27.5658          2  0.000e+00
      31946 312.475660  -62.21090  -58.31838     -0.197    1448.57      3.125      3.095    -0.5999    -0.5997     0.0001    -0.6000    -0.5998     0.0001   2.800255   2.800175  -0.000081    34.2965    34.2952     7.5358    27.5669    27.5659          2  0.000e+00
      31947 312.475661  -62.21090  -58.31838     -0.205    1448.57      3.125      3.095    -0.6000    -0.5997     0.0003    -0.6001    -0.5998     0.0003   2.800250   2.800186  -0.000064    34.2966    34.2953     7.5361    27.5670    27.5660          2  0.000e+00
      31948 312.475661  -62.21090  -58.31838     -0.208    1448.57      3.125      3.095    -0.6005    -0.5994     0.0011    -0.6006    -0.5995     0.0011   2.800187   2.800147  -0.000040    34.2962    34.2944     7.5300    27.5667    27.5652          2  0.000e+00
      31949 312.475662  -62.21090  -58.31838     -0.213    1448.57      3.069      3.039    -0.6000    -0.5995     0.0005    -0.6001    -0.5996     0.0005   2.800170   2.800175   0.000005    34.2955    34.2950     7.5290    27.5661    27.5657          2  0.000e+00
      31950 312.475662  -62.21090  -58.31838     -0.212    1448.57      3.125      3.095    -0.6004    -0.5995     0.0008    -0.6005    -0.5996     0.0008   2.800153   2.800197   0.000044    34.2957    34.2953     7.5282    27.5663    27.5659          2  0.000e+00
      31951 312.475663  -62.21090  -58.31838     -0.212    1448.57      3.117      3.087    -0.6002    -0.5996     0.0006    -0.6002    -0.5997     0.0006   2.800170   2.800191   0.000022    34.2956    34.2953     7.5336    27.5662    27.5659          2  0.000e+00
      31952 312.475663  -62.21090  -58.31838     -0.215    1448.57      3.125      3.095    -0.6000    -0.5997     0.0003    -0.6001    -0.5998     0.0003   2.800216   2.800169  -0.000047    34.2961    34.2951     7.5271    27.5666    27.5658          2  0.000e+00
      31953 312.475664  -62.21090  -58.31838     -0.214    1448.57      3.125      3.095    -0.6003    -0.5995     0.0008    -0.6004    -0.5996     0.0008   2.800261   2.800163  -0.000098    34.2970    34.2948     7.5324    27.5674    27.5656          2  0.000e+00
      31954 312.475664  -62.21090  -58.31838     -0.211    1448.57      3.125      3.095    -0.6000    -0.5995     0.0005    -0.6001    -0.5996     0.0005   2.800238   2.800175  -0.000064    34.2964    34.2950     7.5322    27.5669    27.5657          2  0.000e+00
      31955 312.475665  -62.21090  -58.31838     -0.208    1448.57      3.125      3.095    -0.6002    -0.5997     0.0004    -0.6002    -0.5998     0.0004   2.800244   2.800186  -0.000058    34.2966    34.2953     7.5255    27.5670    27.5660          2  0.000e+00
      31956 312.475665  -62.21090  -58.31838     -0.208    1448.57      3.125      3.095    -0.6000    -0.5995     0.0005    -0.6001    -0.5996     0.0005   2.800250   2.800169  -0.000081    34.2966    34.2949     7.5306    27.5670    27.5656          2  0.000e+00
      31957 312.475666  -62.21090  -58.31838     -0.203    1448.57      3.125      3.095    -0.6003    -0.5997     0.0006    -0.6004    -0.5998     0.0006   2.800233   2.800163  -0.000069    34.2967    34.2950     7.5249    27.5671    27.5657          2  0.000e+00
      31958 312.475666  -62.21090  -58.31838     -0.197    1448.57      3.189      3.159    -0.6002    -0.5998     0.0004    -0.6003    -0.5999     0.0004   2.800181   2.800175  -0.000007    34.2958    34.2953     7.5311    27.5664    27.5659          2  0.000e+00
      31959 312.475666  -62.21090  -58.31838     -0.191    1448.57      3.125      3.095    -0.6000    -0.5998     0.0002    -0.6001    -0.5999     0.0002   2.800130   2.800124  -0.000006    34.2950    34.2946     7.5253    27.5657    27.5654          2  0.000e+00
      31960 312.475667  -62.21090  -58.31838     -0.184    1448.57      3.189      3.159    -0.6000    -0.6003    -0.0003    -0.6001    -0.6004    -0.0003   2.800141   2.800147   0.000005    34.2951    34.2954     7.5249    27.5658    27.5661          2  0.000e+00
      31961 312.475667  -62.21090  -58.31838     -0.177    1448.57      3.173      3.143    -0.5999    -0.6001    -0.0003    -0.6000    -0.6002    -0.0003   2.800221   2.800163  -0.000058    34.2960    34.2955     7.5244    27.5665    27.5661          2  0.000e+00
      31962 312.475668  -62.21090  -58.31838     -0.165    1448.57      3.189      3.159    -0.5999    -0.6003    -0.0004    -0.6000    -0.6004    -0.0004   2.800267   2.800130  -0.000137    34.2966    34.2952     7.5240    27.5670    27.5659          2  0.000e+00
      31963 312.475668  -62.21090  -58.31838     -0.156    1448.57      3.189      3.159    -0.6000    -0.6001    -0.0001    -0.6001    -0.6002    -0.0001   2.800278   2.800130  -0.000149    34.2969    34.2950     7.5237    27.5673    27.5657          2  0.000e+00
      31964 312.475669  -62.21090  -58.31838     -0.146    1448.57      3.189      3.159    -0.6005    -0.6006    -0.0001    -0.6006    -0.6007    -0.0001   2.800238   2.800096  -0.000142    34.2969    34.2951     7.5234    27.5673    27.5658          2  0.000e+00
      31965 312.475669  -62.21090  -58.31838     -0.133    1448.57      3.246      3.214    -0.6005    -0.6005     0.0000    -0.6006    -0.6006     0.0000   2.800227   2.800118  -0.000108    34.2967    34.2952     7.5231    27.5671    27.5659          2  0.000e+00
      31966 312.475670  -62.21090  -58.31838     -0.122    1448.57      3.246      3.214    -0.6006    -0.6005     0.0001    -0.6007    -0.6006     0.0001   2.800227   2.800124  -0.000103    34.2968    34.2953     7.5227    27.5672    27.5660          2  0.000e+00
      31967 312.475670  -62.21090  -58.31838     -0.108    1448.57      3.310      3.278    -0.6008    -0.6006     0.0002    -0.6009    -0.6007     0.0002   2.800204   2.800090  -0.000114    34.2967    34.2949     7.5225    27.5672    27.5657          2  0.000e+00
      31968 312.475671  -62.21090  -58.31838     -0.090    1448.57      3.310      3.278    -0.6010    -0.6005     0.0005    -0.6011    -0.6006     0.0005   2.800136   2.800118  -0.000017    34.2960    34.2952     7.5222    27.5665    27.5659          3  0.000e+00
      31969 312.475671  -62.21090  -58.31838     -0.075    1448.57      3.310      3.278    -0.6008    -0.6006     0.0002    -0.6009    -0.6007     0.0002   2.800119   2.800113  -0.000006    34.2956    34.2953     7.5218    27.5662    27.5659          3  0.000e+00
      31970 312.475672  -62.21090  -58.31838     -0.050    1448.57      3.366      3.334    -0.6011    -0.6005     0.0006    -0.6012    -0.6006     0.0006   2.800141   2.800102  -0.000040    34.2961    34.2949     7.5215    27.5667    27.5657          3  0.000e+00
      31971 312.475672  -62.21090  -58.31838     -0.036    1448.57      3.350      3.318    -0.6010    -0.6006     0.0004    -0.6011    -0.6007     0.0004   2.800164   2.800102  -0.000063    34.2964    34.2951     7.5264    27.5669    27.5658          3  0.000e+00
      31972 312.475673  -62.21090  -58.31838     -0.017    1448.57      3.366      3.334    -0.6014    -0.6004     0.0010    -0.6015    -0.6005     0.0010   2.800210   2.800090  -0.000119    34.2974    34.2946     7.5259    27.5677    27.5654          3  0.000e+00
      31973 312.475673  -62.21090  -58.31838      0.005    1448.57      3.423      3.390    -0.6011    -0.6003     0.0008    -0.6012    -0.6004     0.0008   2.800227   2.800141  -0.000086    34.2973    34.2952     7.5200    27.5676    27.5659          3  0.000e+00
      31974 312.475674  -62.21090  -58.31838      0.023    1448.57      3.366      3.334    -0.6010    -0.6003     0.0006    -0.6011    -0.6004     0.0006   2.800227   2.800152  -0.000075    34.2972    34.2954     7.5193    27.5675    27.5661          3  0.000e+00
      31975 312.475674  -62.21090  -58.31838      0.045    1448.57      3.487      3.453    -0.6011    -0.6005     0.0006    -0.6012    -0.6006     0.0006   2.800181   2.800119  -0.000063    34.2967    34.2951     7.5190    27.5671    27.5658          3  0.000e+00
      31976 312.475675  -62.21090  -58.31838      0.067    1448.57      3.487      3.453    -0.6010    -0.6003     0.0006    -0.6011    -0.6004     0.0006   2.800113   2.800147   0.000034    34.2955    34.2953     7.5184    27.5662    27.5659          3  0.000e+00
      31977 312.475675  -62.21090  -58.31838      0.088    1448.57      3.487      3.453    -0.6013    -0.6005     0.0008    -0.6014    -0.6006     0.0008   2.800073   2.800163   0.000090    34.2954    34.2957     7.5169    27.5661    27.5663          3  0.000e+00
      31978 312.475676  -62.21090  -58.31838      0.112    1448.57      3.543      3.509    -0.6011    -0.6005     0.0006    -0.6012    -0.6006     0.0006   2.800124   2.800141   0.000017    34.2958    34.2954     7.5163    27.5664    27.5660          3  0.000e+00
      31979 312.475676  -62.21090  -58.31838      0.133    1448.57      3.487      3.453    -0.6010    -0.6005     0.0005    -0.6011    -0.6006     0.0005   2.800130   2.800107  -0.000023    34.2958    34.2949     7.5156    27.5664    27.5657          3  0.000e+00
      31980 312.475677  -62.21090  -58.31838      0.158    1448.57      3.600      3.565    -0.6010    -0.6006     0.0003    -0.6011    -0.6007     0.0003   2.800199   2.800124  -0.000074    34.2966    34.2952     7.5215    27.5671    27.5659          3  0.000e+00
      31981 312.475677  -62.21090  -58.31838      0.179    1448.57      3.591      3.557    -0.6008    -0.6006     0.0002    -0.6009    -0.6007     0.0002   2.800261   2.800135  -0.000126    34.2973    34.2954     7.5218    27.5676    27.5660          3  0.000e+00
      31982 312.475678  -62.21090  -58.31838      0.200    1448.57      3.600      3.565    -0.6007    -0.6008    -0.0001    -0.6008    -0.6009    -0.0001   2.800238   2.800113  -0.000126    34.2968    34.2953     7.5168    27.5672    27.5660          3  0.000e+00
      31983 312.475678  -62.21090  -58.31838      0.220    1448.57      3.600      3.565    -0.6006    -0.6006     0.0000    -0.6007    -0.6007     0.0000   2.800244   2.800119  -0.000126    34.2968    34.2951     7.5161    27.5672    27.5659          3  0.000e+00
      31984 312.475679  -62.21090  -58.31838      0.243    1448.57      3.664      3.629    -0.6005    -0.6006    -0.0001    -0.6006    -0.6007    -0.0001   2.800250   2.800152  -0.000098    34.2968    34.2956     7.5155    27.5672    27.5662          3  0.000e+00
      31985 312.475679  -62.21090  -58.31838      0.261    1448.57      3.664      3.629    -0.6006    -0.6005     0.0001    -0.6007    -0.6006     0.0001   2.800130   2.800164   0.000033    34.2953    34.2956     7.5150    27.5660    27.5662          3  0.000e+00
      31986 312.475679  -62.21090  -58.31838      0.282    1448.57      3.720      3.684    -0.6004    -0.6005    -0.0001    -0.6005    -0.6006    -0.0001   2.800130   2.800141   0.000011    34.2950    34.2952     7.5144    27.5657    27.5659          3  0.000e+00
      31987 312.475680  -62.21090  -58.31838      0.301    1448.57      3.720      3.684    -0.6006    -0.6003     0.0003    -0.6007    -0.6004     0.0003   2.800124   2.800124 -1.967e-07    34.2952    34.2948     7.5202    27.5659    27.5656          3  0.000e+00
      31988 312.475680  -62.21090  -58.31838      0.319    1448.57      3.720      3.684    -0.6004    -0.6005    -0.0001    -0.6005    -0.6006    -0.0001   2.800102   2.800130   0.000028    34.2946    34.2951     7.5141    27.5654    27.5658          3  0.000e+00
      31989 312.475681  -62.21090  -58.31838      0.340    1448.57      3.785      3.748    -0.6005    -0.6006    -0.0001    -0.6006    -0.6007    -0.0001   2.800193   2.800135  -0.000057    34.2959    34.2953     7.5145    27.5665    27.5659          3  0.000e+00
