Pos-Processados/process_op42/operantar42_020.ros
* Sea-Bird SBE 9 Data File:
* FileName = C:\Users\Hidrografia\Desktop\OPXLII\Brutos\OP42020.hdr
* Software Version Seasave V 7.26.7.107
* Temperature SN = 6502
* Conductivity SN = 4998
* Number of Bytes Per Scan = 37
* Number of Voltage Words = 4
* Number of Scans Averaged by the Deck Unit = 1
* NMEA Latitude = 62 08.28 S
* NMEA Longitude = 058 26.46 W
* NMEA UTC (Time) = Nov 07 2023 17:35:19
* NMEA baud rate = 4800
** H41
** NPOALTEMAXIMIANO
** NUMERO DA ESTACAO (XXX) 020
** LAT (XX XX.XX S/N) 62 08.46 S
** LONG (XXX XX.XX W/E) 058 26.12 W
** DATAHORA (dd/mm/aaaa hh:mm Z) 07/11/2023 1734Z
** PROFUNDIDADE (m) 423
** OPERADOR CT FILIPE LOPES
# nquan = 24
# nvalues = 3815                                  
# units = specified
# name 0 = scan: Scan Count
# name 1 = timeJ: Julian Days
# name 2 = latitude: Latitude [deg]
# name 3 = longitude: Longitude [deg]
# name 4 = dz/dtM: Descent Rate [m/s]
# name 5 = avgsvCM: Average Sound Velocity [Chen-Millero, m/s]
# name 6 = prDM: Pressure, Digiquartz [db]
# name 7 = depSM: Depth [salt water, m]
# name 8 = t090C: Temperature [ITS-90, deg C]
# name 9 = t190C: Temperature, 2 [ITS-90, deg C]
# name 10 = T2-T190C: Temperature Difference, 2 - 1 [ITS-90, deg C]
# name 11 = potemp090C: Potential Temperature [ITS-90, deg C]
# name 12 = potemp190C: Potential Temperature, 2 [ITS-90, deg C]
# name 13 = potemp90Cdiff: Potential Temperature, Diff, 2 - 1 [ITS-90, deg C]
# name 14 = c0S/m: Conductivity [S/m]
# name 15 = c1S/m: Conductivity, 2 [S/m]
# name 16 = C2-C1S/m: Conductivity Difference, 2 - 1 [S/m]
# name 17 = sal00: Salinity, Practical [PSU]
# name 18 = sal11: Salinity, Practical, 2 [PSU]
# name 19 = sbeox0ML/L: Oxygen, SBE 43 [ml/l]
# name 20 = sigma-é00: Density [sigma-theta, kg/m^3]
# name 21 = sigma-é11: Density, 2 [sigma-theta, kg/m^3]
# name 22 = nbf: Bottles Fired
# name 23 = flag:  0.000e+00
# interval = seconds: 0.0416667
# start_time = Nov 07 2023 17:35:19 [NMEA time, header]
# bad_flag = -9.990e-29
*END*
[from data line 2838]
      32669 311.748613  -62.14082  -58.44148     -0.001    1448.48      3.088      3.058    -0.4646    -0.4632     0.0014    -0.4647    -0.4633     0.0014   2.810602   2.810582  -0.000020    34.2827    34.2808     7.5723    27.5497    27.5481         19  0.000e+00
      32670 311.748614  -62.14082  -58.44148     -0.002    1448.48      3.144      3.114    -0.4644    -0.4632     0.0012    -0.4645    -0.4633     0.0012   2.810579   2.810588   0.000008    34.2821    34.2809     7.5791    27.5493    27.5482         19  0.000e+00
      32671 311.748614  -62.14082  -58.44148      0.001    1448.48      3.144      3.114    -0.4643    -0.4633     0.0010    -0.4644    -0.4634     0.0010   2.810579   2.810593   0.000014    34.2820    34.2810     7.5740    27.5492    27.5483         19  0.000e+00
      32672 311.748614  -62.14082  -58.44148      0.003    1448.48      3.144      3.114    -0.4642    -0.4633     0.0009    -0.4642    -0.4634     0.0009   2.810619   2.810593  -0.000026    34.2823    34.2810     7.5807    27.5494    27.5483         19  0.000e+00
      32673 311.748615  -62.14082  -58.44148      0.006    1448.48      3.144      3.114    -0.4642    -0.4632     0.0010    -0.4643    -0.4633     0.0010   2.810671   2.810593  -0.000078    34.2831    34.2810     7.5809    27.5500    27.5483         19  0.000e+00
      32674 311.748615  -62.14082  -58.44148      0.002    1448.48      3.088      3.058    -0.4644    -0.4633     0.0011    -0.4645    -0.4634     0.0011   2.810665   2.810616  -0.000049    34.2833    34.2814     7.5821    27.5502    27.5486         19  0.000e+00
      32675 311.748616  -62.14082  -58.44148      0.004    1448.48      3.144      3.114    -0.4640    -0.4629     0.0010    -0.4641    -0.4630     0.0010   2.810597   2.810604   0.000008    34.2818    34.2808     7.5897    27.5490    27.5481         19  0.000e+00
      32676 311.748616  -62.14082  -58.44148      0.004    1448.48      3.144      3.114    -0.4644    -0.4630     0.0014    -0.4645    -0.4631     0.0014   2.810579   2.810616   0.000036    34.2821    34.2810     7.5855    27.5493    27.5483         19  0.000e+00
      32677 311.748617  -62.14082  -58.44148      0.003    1448.48      3.088      3.058    -0.4644    -0.4631     0.0013    -0.4645    -0.4632     0.0013   2.810619   2.810638   0.000019    34.2827    34.2815     7.5854    27.5497    27.5487         19  0.000e+00
      32678 311.748617  -62.14082  -58.44148      0.006    1448.48      3.144      3.114    -0.4644    -0.4632     0.0013    -0.4645    -0.4633     0.0013   2.810671   2.810610  -0.000061    34.2834    34.2811     7.5854    27.5503    27.5484         19  0.000e+00
      32679 311.748618  -62.14082  -58.44148      0.005    1448.48      3.144      3.114    -0.4644    -0.4632     0.0013    -0.4645    -0.4633     0.0013   2.810665   2.810616  -0.000049    34.2833    34.2812     7.5862    27.5502    27.5485         19  0.000e+00
      32680 311.748618  -62.14082  -58.44148      0.007    1448.48      3.144      3.114    -0.4643    -0.4631     0.0012    -0.4644    -0.4632     0.0012   2.810619   2.810604  -0.000015    34.2825    34.2810     7.5861    27.5496    27.5483         19  0.000e+00
      32681 311.748619  -62.14082  -58.44148      0.003    1448.48      3.088      3.058    -0.4649    -0.4632     0.0018    -0.4650    -0.4633     0.0018   2.810585   2.810633   0.000048    34.2828    34.2815     7.5858    27.5499    27.5487         19  0.000e+00
      32682 311.748619  -62.14082  -58.44148      0.006    1448.48      3.144      3.114    -0.4646    -0.4637     0.0009    -0.4647    -0.4638     0.0009   2.810597   2.810627   0.000030    34.2826    34.2820     7.5854    27.5496    27.5491         19  0.000e+00
      32683 311.748620  -62.14082  -58.44148      0.008    1448.48      3.144      3.114    -0.4646    -0.4638     0.0008    -0.4647    -0.4639     0.0008   2.810625   2.810599  -0.000026    34.2829    34.2816     7.5850    27.5499    27.5488         19  0.000e+00
      32684 311.748620  -62.14082  -58.44148      0.004    1448.48      3.088      3.058    -0.4649    -0.4642     0.0008    -0.4650    -0.4643     0.0008   2.810614   2.810576  -0.000037    34.2832    34.2818     7.5844    27.5502    27.5490         19  0.000e+00
      32685 311.748621  -62.14082  -58.44148      0.009    1448.48      3.193      3.162    -0.4647    -0.4639     0.0007    -0.4648    -0.4640     0.0007   2.810585   2.810588   0.000003    34.2824    34.2817     7.5775    27.5495    27.5489         19  0.000e+00
      32686 311.748621  -62.14082  -58.44148      0.008    1448.48      3.088      3.058    -0.4648    -0.4641     0.0007    -0.4649    -0.4642     0.0007   2.810539   2.810554   0.000014    34.2820    34.2814     7.5768    27.5492    27.5487         19  0.000e+00
      32687 311.748622  -62.14082  -58.44148      0.007    1448.48      3.144      3.114    -0.4646    -0.4640     0.0006    -0.4647    -0.4641     0.0006   2.810562   2.810543  -0.000020    34.2821    34.2812     7.5815    27.5492    27.5485         19  0.000e+00
      32688 311.748622  -62.14082  -58.44148      0.010    1448.48      3.144      3.114    -0.4649    -0.4641     0.0009    -0.4650    -0.4642     0.0009   2.810637   2.810543  -0.000094    34.2835    34.2812     7.5818    27.5504    27.5485         19  0.000e+00
      32689 311.748623  -62.14082  -58.44148      0.005    1448.48      3.088      3.058    -0.4646    -0.4642     0.0004    -0.4647    -0.4643     0.0004   2.810619   2.810520  -0.000099    34.2829    34.2811     7.5820    27.5499    27.5484         19  0.000e+00
      32690 311.748623  -62.14082  -58.44148      0.008    1448.48      3.144      3.114    -0.4649    -0.4642     0.0007    -0.4650    -0.4643     0.0007   2.810562   2.810514  -0.000048    34.2825    34.2810     7.5823    27.5496    27.5484         19  0.000e+00
      32691 311.748624  -62.14082  -58.44148      0.007    1448.48      3.144      3.114    -0.4651    -0.4642     0.0009    -0.4652    -0.4643     0.0009   2.810551   2.810531  -0.000020    34.2825    34.2812     7.5815    27.5496    27.5485         19  0.000e+00
      32692 311.748624  -62.14082  -58.44148      0.009    1448.48      3.144      3.114    -0.4649    -0.4641     0.0009    -0.4650    -0.4642     0.0009   2.810557   2.810520  -0.000036    34.2824    34.2809     7.5815    27.5495    27.5483         19  0.000e+00
      32693 311.748625  -62.14082  -58.44148      0.008    1448.48      3.088      3.058    -0.4649    -0.4641     0.0009    -0.4650    -0.4642     0.0009   2.810614   2.810531  -0.000082    34.2832    34.2811     7.5815    27.5502    27.5484         19  0.000e+00
      32694 311.748625  -62.14082  -58.44148      0.006    1448.48      3.144      3.114    -0.4648    -0.4642     0.0006    -0.4649    -0.4643     0.0006   2.810654   2.810559  -0.000094    34.2835    34.2816     7.5815    27.5504    27.5488         19  0.000e+00
      32695 311.748626  -62.14082  -58.44148      0.005    1448.48      3.088      3.058    -0.4644    -0.4641     0.0004    -0.4645    -0.4642     0.0004   2.810619   2.810548  -0.000071    34.2827    34.2813     7.5813    27.5497    27.5486         19  0.000e+00
      32696 311.748626  -62.14082  -58.44148      0.004    1448.48      3.144      3.114    -0.4644    -0.4639     0.0005    -0.4645    -0.4640     0.0005   2.810608   2.810559  -0.000048    34.2825    34.2812     7.5877    27.5496    27.5485         19  0.000e+00
      32697 311.748627  -62.14082  -58.44148      0.003    1448.48      3.088      3.058    -0.4643    -0.4638     0.0005    -0.4644    -0.4639     0.0005   2.810585   2.810548  -0.000037    34.2821    34.2810     7.5821    27.5493    27.5483         19  0.000e+00
      32698 311.748627  -62.14082  -58.44148      0.002    1448.48      3.144      3.114    -0.4646    -0.4642     0.0004    -0.4646    -0.4643     0.0004   2.810619   2.810543  -0.000077    34.2828    34.2814     7.5883    27.5498    27.5486         19  0.000e+00
      32699 311.748628  -62.14082  -58.44148      0.001    1448.48      3.088      3.059    -0.4643    -0.4639     0.0004    -0.4644    -0.4640     0.0004   2.810654   2.810543  -0.000111    34.2830    34.2811     7.5889    27.5500    27.5484         19  0.000e+00
      32700 311.748628  -62.14082  -58.44148      0.000    1448.48      3.145      3.114    -0.4642    -0.4639     0.0002    -0.4642    -0.4640     0.0002   2.810659   2.810520  -0.000139    34.2829    34.2808     7.5896    27.5499    27.5482         19  0.000e+00
      32701 311.748628  -62.14082  -58.44148      0.002    1448.48      3.145      3.114    -0.4644    -0.4640     0.0004    -0.4645    -0.4641     0.0004   2.810637   2.810531  -0.000105    34.2829    34.2810     7.5838    27.5499    27.5483         19  0.000e+00
      32702 311.748629  -62.14082  -58.44148      0.001    1448.48      3.088      3.059    -0.4642    -0.4639     0.0002    -0.4642    -0.4640     0.0002   2.810631   2.810520  -0.000111    34.2825    34.2808     7.5832    27.5496    27.5482         19  0.000e+00
      32703 311.748629  -62.14082  -58.44148      0.000    1448.48      3.145      3.114    -0.4642    -0.4639     0.0003    -0.4642    -0.4640     0.0003   2.810614   2.810531  -0.000082    34.2823    34.2809     7.5827    27.5494    27.5482         19  0.000e+00
      32704 311.748630  -62.14082  -58.44148     -0.001    1448.48      3.088      3.059    -0.4642    -0.4639     0.0002    -0.4642    -0.4640     0.0002   2.810608   2.810582  -0.000026    34.2822    34.2817     7.5821    27.5493    27.5489         19  0.000e+00
      32705 311.748630  -62.14082  -58.44148     -0.002    1448.48      3.145      3.114    -0.4642    -0.4639     0.0003    -0.4642    -0.4640     0.0003   2.810625   2.810571  -0.000054    34.2824    34.2814     7.5815    27.5495    27.5487         19  0.000e+00
      32706 311.748631  -62.14082  -58.44148     -0.004    1448.48      3.072      3.043    -0.4638    -0.4638     0.0000    -0.4639    -0.4639     0.0000   2.810591   2.810548  -0.000043    34.2816    34.2810     7.5807    27.5488    27.5483         19  0.000e+00
      32707 311.748631  -62.14082  -58.44148     -0.002    1448.48      3.145      3.114    -0.4637    -0.4638    -0.0001    -0.4638    -0.4639    -0.0001   2.810659   2.810543  -0.000117    34.2824    34.2809     7.5800    27.5494    27.5482         19  0.000e+00
      32708 311.748632  -62.14082  -58.44148     -0.006    1448.48      3.088      3.059    -0.4637    -0.4642    -0.0005    -0.4638    -0.4643    -0.0005   2.810665   2.810559  -0.000106    34.2825    34.2816     7.5792    27.5495    27.5488         19  0.000e+00
      32709 311.748632  -62.14082  -58.44148     -0.007    1448.48      3.088      3.059    -0.4634    -0.4638    -0.0004    -0.4634    -0.4639    -0.0004   2.810699   2.810565  -0.000134    34.2826    34.2812     7.5719    27.5496    27.5485         19  0.000e+00
      32710 311.748633  -62.14082  -58.44148     -0.011    1448.48      3.088      3.059    -0.4638    -0.4639    -0.0001    -0.4638    -0.4640    -0.0001   2.810774   2.810548  -0.000225    34.2840    34.2811     7.5702    27.5508    27.5484         19  0.000e+00
      32711 311.748633  -62.14082  -58.44148     -0.008    1448.48      3.145      3.114    -0.4635    -0.4638    -0.0002    -0.4636    -0.4639    -0.0002   2.810728   2.810543  -0.000185    34.2831    34.2809     7.5748    27.5500    27.5482         19  0.000e+00
      32712 311.748634  -62.14082  -58.44148     -0.009    1448.48      3.145      3.115    -0.4632    -0.4639    -0.0006    -0.4633    -0.4640    -0.0006   2.810631   2.810498  -0.000133    34.2815    34.2804     7.5676    27.5487    27.5479         19  0.000e+00
      32713 311.748634  -62.14082  -58.44148     -0.014    1448.48      3.032      3.003    -0.4634    -0.4639    -0.0006    -0.4634    -0.4640    -0.0006   2.810642   2.810526  -0.000117    34.2818    34.2809     7.5667    27.5490    27.5483         19  0.000e+00
      32714 311.748635  -62.14082  -58.44148     -0.011    1448.48      3.145      3.115    -0.4634    -0.4638    -0.0004    -0.4635    -0.4639    -0.0004   2.810739   2.810559  -0.000180    34.2831    34.2811     7.5649    27.5500    27.5484         19  0.000e+00
      32715 311.748635  -62.14082  -58.44148     -0.012    1448.48      3.088      3.059    -0.4631    -0.4640    -0.0009    -0.4632    -0.4641    -0.0009   2.810768   2.810548  -0.000220    34.2832    34.2813     7.5640    27.5500    27.5485         19  0.000e+00
      32716 311.748636  -62.14082  -58.44148     -0.016    1448.48      3.088      3.059    -0.4631    -0.4641    -0.0010    -0.4632    -0.4642    -0.0010   2.810722   2.810543  -0.000180    34.2825    34.2813     7.5623    27.5495    27.5485         19  0.000e+00
      32717 311.748636  -62.14082  -58.44148     -0.013    1448.48      3.145      3.115    -0.4629    -0.4640    -0.0011    -0.4630    -0.4641    -0.0011   2.810654   2.810543  -0.000111    34.2814    34.2812     7.5606    27.5486    27.5485         19  0.000e+00
      32718 311.748637  -62.14082  -58.44148     -0.017    1448.48      3.088      3.059    -0.4627    -0.4639    -0.0012    -0.4628    -0.4640    -0.0012   2.810654   2.810559  -0.000094    34.2812    34.2813     7.5587    27.5485    27.5486         19  0.000e+00
      32719 311.748637  -62.14082  -58.44148     -0.018    1448.48      3.088      3.059    -0.4631    -0.4642    -0.0012    -0.4632    -0.4643    -0.0012   2.810762   2.810548  -0.000214    34.2831    34.2815     7.5580    27.5500    27.5488         19  0.000e+00
      32720 311.748638  -62.14082  -58.44148     -0.018    1448.48      3.088      3.059    -0.4627    -0.4637    -0.0010    -0.4628    -0.4638    -0.0010   2.810774   2.810559  -0.000214    34.2828    34.2811     7.5562    27.5498    27.5484         19  0.000e+00
      32721 311.748638  -62.14082  -58.44148     -0.018    1448.48      3.088      3.059    -0.4627    -0.4641    -0.0013    -0.4628    -0.4642    -0.0013   2.810785   2.810548  -0.000237    34.2830    34.2813     7.5555    27.5499    27.5486         19  0.000e+00
      32722 311.748639  -62.14082  -58.44148     -0.015    1448.48      3.145      3.115    -0.4626    -0.4637    -0.0011    -0.4627    -0.4638    -0.0011   2.810751   2.810543  -0.000208    34.2824    34.2808     7.5550    27.5494    27.5482         19  0.000e+00
      32723 311.748639  -62.14082  -58.44148     -0.018    1448.48      3.088      3.059    -0.4630    -0.4638    -0.0008    -0.4631    -0.4639    -0.0008   2.810722   2.810576  -0.000146    34.2824    34.2814     7.5608    27.5494    27.5486         19  0.000e+00
      32724 311.748640  -62.14082  -58.44148     -0.019    1448.48      3.088      3.059    -0.4627    -0.4637    -0.0010    -0.4628    -0.4638    -0.0010   2.810751   2.810576  -0.000174    34.2825    34.2813     7.5558    27.5495    27.5486         19  0.000e+00
      32725 311.748640  -62.14082  -58.44148     -0.018    1448.48      3.088      3.059    -0.4634    -0.4639    -0.0006    -0.4634    -0.4640    -0.0006   2.810785   2.810565  -0.000220    34.2837    34.2814     7.5554    27.5505    27.5487         19  0.000e+00
      32726 311.748641  -62.14082  -58.44148     -0.023    1448.48      3.072      3.043    -0.4634    -0.4639    -0.0006    -0.4634    -0.4640    -0.0006   2.810774   2.810565  -0.000208    34.2836    34.2814     7.5549    27.5504    27.5487         19  0.000e+00
      32727 311.748641  -62.14082  -58.44148     -0.022    1448.48      3.088      3.059    -0.4632    -0.4637    -0.0005    -0.4633    -0.4638    -0.0005   2.810705   2.810565  -0.000140    34.2825    34.2812     7.5545    27.5495    27.5485         19  0.000e+00
      32728 311.748641  -62.14082  -58.44148     -0.019    1448.48      3.145      3.115    -0.4634    -0.4638    -0.0004    -0.4635    -0.4639    -0.0004   2.810648   2.810565  -0.000083    34.2818    34.2812     7.5543    27.5490    27.5485         19  0.000e+00
