Pos-Processados/process_op42/operantar42_016.ros
* Sea-Bird SBE 9 Data File:
* FileName = C:\Users\Hidrografia\Desktop\OPXLII\Brutos\OP42016.hdr
* Software Version Seasave V 7.26.7.107
* Temperature SN = 6502
* Conductivity SN = 4998
* Number of Bytes Per Scan = 31
* Number of Voltage Words = 2
* Number of Scans Averaged by the Deck Unit = 1
* NMEA Latitude = 47 17.16 S
* NMEA Longitude = 059 17.59 W
* NMEA UTC (Time) = Oct 21 2023 04:54:38
* NMEA baud rate = 4800
** H41
** NPOALTEMAXIMIANO
** NUMERO DA ESTACAO (XXX) 016
** LAT (XX XX.XX S/N) 47 17.23 S
** LONG (XXX XX.XX W/E) 059 17.82 W
** DATAHORA (dd/mm/aaaa hh:mm Z) 21/10/2023 0454Z
** PROFUNDIDADE (m) 1301
** OPERADOR CT FABIREZA
# nquan = 24
# nvalues = 4048                                  
# units = specified
# name 0 = scan: Scan Count
# name 1 = timeJ: Julian Days
# name 2 = latitude: Latitude [deg]
# name 3 = longitude: Longitude [deg]
# name 4 = dz/dtM: Descent Rate [m/s]
# name 5 = avgsvCM: Average Sound Velocity [Chen-Millero, m/s]
# name 6 = prDM: Pressure, Digiquartz [db]
# name 7 = depSM: Depth [salt water, m]
# name 8 = t090C: Temperature [ITS-90, deg C]
# name 9 = t190C: Temperature, 2 [ITS-90, deg C]
# name 10 = T2-T190C: Temperature Difference, 2 - 1 [ITS-90, deg C]
# name 11 = potemp090C: Potential Temperature [ITS-90, deg C]
# name 12 = potemp190C: Potential Temperature, 2 [ITS-90, deg C]
# name 13 = potemp90Cdiff: Potential Temperature, Diff, 2 - 1 [ITS-90, deg C]
# name 14 = c0S/m: Conductivity [S/m]
# name 15 = c1S/m: Conductivity, 2 [S/m]
# name 16 = C2-C1S/m: Conductivity Difference, 2 - 1 [S/m]
# name 17 = sal00: Salinity, Practical [PSU]
# name 18 = sal11: Salinity, Practical, 2 [PSU]
# name 19 = sbeox0ML/L: Oxygen, SBE 43 [ml/l]
# name 20 = sigma-é00: Density [sigma-theta, kg/m^3]
# name 21 = sigma-é11: Density, 2 [sigma-theta, kg/m^3]
# name 22 = nbf: Bottles Fired
# name 23 = flag:  0.000e+00
# interval = seconds: 0.0416667
# start_time = Oct 21 2023 04:54:38 [NMEA time, header]
# bad_flag = -9.990e-29
*END*
[from data line 2778]
      62895 294.234937  -47.28430  -59.30382      0.111    1472.95     20.155     19.986     5.3893     5.3903     0.0010     5.3877     5.3888     0.0010   3.299248   3.299253   0.000005    34.0529    34.0519     7.0833    26.8792    26.8783         17  0.000e+00
      62896 294.234938  -47.28430  -59.30382      0.121    1472.95     20.155     19.986     5.3893     5.3900     0.0007     5.3877     5.3884     0.0007   3.299218   3.299241   0.000024    34.0526    34.0522     7.0830    26.8789    26.8785         17  0.000e+00
      62897 294.234938  -47.28430  -59.30382      0.131    1472.95     20.155     19.986     5.3890     5.3898     0.0008     5.3874     5.3882     0.0008   3.299260   3.299241  -0.000019    34.0534    34.0523     7.0821    26.8796    26.8787         17  0.000e+00
      62898 294.234939  -47.28430  -59.30382      0.144    1472.95     20.219     20.050     5.3888     5.3899     0.0011     5.3872     5.3883     0.0011   3.299205   3.299235   0.000030    34.0529    34.0522     7.0819    26.8792    26.8785         17  0.000e+00
      62899 294.234939  -47.28430  -59.30382      0.152    1472.95     20.155     19.986     5.3888     5.3894     0.0005     5.3872     5.3878     0.0005   3.299205   3.299188  -0.000018    34.0529    34.0521     7.0815    26.8792    26.8786         17  0.000e+00
      62900 294.234940  -47.28430  -59.30382      0.160    1472.95     20.211     20.042     5.3888     5.3895     0.0008     5.3872     5.3879     0.0008   3.299193   3.299217   0.000024    34.0528    34.0523     7.0814    26.8791    26.8787         17  0.000e+00
      62901 294.234940  -47.28430  -59.30382      0.171    1472.95     20.219     20.050     5.3885     5.3894     0.0009     5.3869     5.3878     0.0009   3.299187   3.299200   0.000012    34.0530    34.0522     7.0805    26.8793    26.8786         17  0.000e+00
      62902 294.234941  -47.28430  -59.30382      0.177    1472.95     20.219     20.050     5.3883     5.3892     0.0009     5.3867     5.3876     0.0009   3.299205   3.299152  -0.000054    34.0534    34.0519     7.0803    26.8797    26.8784         17  0.000e+00
      62903 294.234941  -47.28430  -59.30382      0.186    1472.95     20.211     20.042     5.3882     5.3890     0.0009     5.3866     5.3875     0.0009   3.299193   3.299146  -0.000048    34.0534    34.0520     7.0801    26.8797    26.8785         17  0.000e+00
      62904 294.234942  -47.28430  -59.30382      0.194    1472.95     20.276     20.106     5.3880     5.3889     0.0009     5.3864     5.3873     0.0009   3.299163   3.299146  -0.000017    34.0532    34.0521     7.0801    26.8796    26.8786         17  0.000e+00
      62905 294.234942  -47.28430  -59.30382      0.204    1472.95     20.276     20.106     5.3878     5.3889     0.0010     5.3863     5.3873     0.0010   3.299066   3.299152   0.000086    34.0522    34.0522     7.0800    26.8788    26.8786         17  0.000e+00
      62906 294.234943  -47.28430  -59.30382      0.207    1472.95     20.211     20.042     5.3877     5.3887     0.0010     5.3861     5.3871     0.0010   3.299078   3.299122   0.000044    34.0526    34.0520     7.0798    26.8791    26.8785         17  0.000e+00
      62907 294.234943  -47.28430  -59.30382      0.219    1472.95     20.332     20.162     5.3874     5.3882     0.0009     5.3858     5.3866     0.0009   3.299114   3.299116   0.000001    34.0532    34.0524     7.0799    26.8797    26.8789         17  0.000e+00
      62908 294.234944  -47.28430  -59.30382      0.223    1472.95     20.276     20.106     5.3872     5.3880     0.0008     5.3856     5.3864     0.0008   3.299102   3.299092  -0.000010    34.0533    34.0524     7.0798    26.8797    26.8789         17  0.000e+00
      62909 294.234944  -47.28430  -59.30382      0.230    1472.95     20.332     20.162     5.3870     5.3878     0.0007     5.3854     5.3862     0.0007   3.299054   3.299068   0.000014    34.0529    34.0523     7.0747    26.8795    26.8789         17  0.000e+00
      62910 294.234945  -47.28430  -59.30382      0.232    1472.95     20.276     20.106     5.3864     5.3874     0.0010     5.3848     5.3858     0.0010   3.299060   3.298990  -0.000070    34.0536    34.0518     7.0793    26.8801    26.8785         17  0.000e+00
      62911 294.234945  -47.28430  -59.30382      0.240    1472.95     20.332     20.162     5.3859     5.3870     0.0011     5.3843     5.3854     0.0011   3.299048   3.299008  -0.000040    34.0540    34.0524     7.0795    26.8804    26.8790         17  0.000e+00
      62912 294.234946  -47.28430  -59.30382      0.247    1472.95     20.332     20.162     5.3854     5.3866     0.0012     5.3838     5.3850     0.0012   3.299042   3.298936  -0.000105    34.0544    34.0520     7.0796    26.8808    26.8787         17  0.000e+00
      62913 294.234946  -47.28430  -59.30382      0.249    1472.95     20.332     20.162     5.3849     5.3855     0.0006     5.3833     5.3839     0.0006   3.298993   3.298889  -0.000104    34.0543    34.0526     7.0746    26.8808    26.8794         17  0.000e+00
      62914 294.234946  -47.28430  -59.30382      0.250    1472.95     20.332     20.162     5.3846     5.3854     0.0008     5.3830     5.3838     0.0008   3.298866   3.298853  -0.000013    34.0532    34.0523     7.0795    26.8800    26.8791         17  0.000e+00
      62915 294.234947  -47.28430  -59.30382      0.254    1472.95     20.332     20.162     5.3840     5.3850     0.0010     5.3824     5.3834     0.0010   3.298848   3.298823  -0.000025    34.0536    34.0523     7.0745    26.8804    26.8792         17  0.000e+00
      62916 294.234947  -47.28430  -59.30382      0.257    1472.95     20.396     20.226     5.3838     5.3846     0.0008     5.3822     5.3830     0.0008   3.298878   3.298769  -0.000109    34.0541    34.0521     7.0749    26.8808    26.8791         17  0.000e+00
      62917 294.234948  -47.28430  -59.30382      0.262    1472.95     20.396     20.226     5.3833     5.3839     0.0006     5.3817     5.3823     0.0006   3.298726   3.298739   0.000013    34.0529    34.0524     7.0747    26.8799    26.8795         17  0.000e+00
      62918 294.234948  -47.28430  -59.30382      0.262    1472.95     20.332     20.162     5.3830     5.3831     0.0001     5.3814     5.3815     0.0001   3.298769   3.298703  -0.000065    34.0537    34.0529     7.0744    26.8806    26.8799         17  0.000e+00
      62919 294.234949  -47.28430  -59.30382      0.258    1472.95     20.332     20.162     5.3829     5.3830     0.0002     5.3813     5.3814     0.0002   3.298817   3.298650  -0.000168    34.0544    34.0523     7.0794    26.8811    26.8795         17  0.000e+00
      62920 294.234949  -47.28430  -59.30382      0.259    1472.95     20.396     20.226     5.3826     5.3826     0.0001     5.3810     5.3810     0.0001   3.298757   3.298679  -0.000077    34.0540    34.0531     7.0741    26.8809    26.8801         17  0.000e+00
      62921 294.234950  -47.28430  -59.30382      0.260    1472.95     20.396     20.226     5.3823     5.3826     0.0003     5.3807     5.3810     0.0003   3.298714   3.298662  -0.000053    34.0537    34.0529     7.0785    26.8807    26.8799         17  0.000e+00
      62922 294.234950  -47.28430  -59.30382      0.260    1472.95     20.396     20.226     5.3822     5.3827     0.0005     5.3806     5.3811     0.0005   3.298726   3.298614  -0.000113    34.0540    34.0522     7.0783    26.8809    26.8794         17  0.000e+00
      62923 294.234951  -47.28430  -59.30382      0.258    1472.95     20.396     20.226     5.3819     5.3824     0.0006     5.3803     5.3808     0.0006   3.298690   3.298608  -0.000082    34.0539    34.0524     7.0737    26.8809    26.8796         17  0.000e+00
      62924 294.234951  -47.28430  -59.30382      0.251    1472.95     20.332     20.162     5.3817     5.3823     0.0006     5.3801     5.3807     0.0006   3.298653   3.298608  -0.000046    34.0537    34.0526     7.0787    26.8807    26.8798         17  0.000e+00
      62925 294.234952  -47.28430  -59.30382      0.251    1472.95     20.453     20.281     5.3819     5.3824     0.0005     5.3803     5.3808     0.0005   3.298647   3.298626  -0.000022    34.0534    34.0526     7.0742    26.8805    26.8798         17  0.000e+00
      62926 294.234952  -47.28430  -59.30382      0.245    1472.95     20.396     20.226     5.3816     5.3824     0.0009     5.3800     5.3808     0.0009   3.298647   3.298602  -0.000046    34.0538    34.0523     7.0787    26.8808    26.8795         17  0.000e+00
      62927 294.234953  -47.28430  -59.30382      0.243    1472.95     20.396     20.226     5.3816     5.3822     0.0007     5.3800     5.3806     0.0007   3.298605   3.298602  -0.000003    34.0533    34.0526     7.0793    26.8804    26.8797         17  0.000e+00
      62928 294.234953  -47.28430  -59.30382      0.235    1472.95     20.332     20.162     5.3816     5.3824     0.0009     5.3800     5.3809     0.0009   3.298629   3.298584  -0.000045    34.0536    34.0522     7.0799    26.8806    26.8794         17  0.000e+00
      62929 294.234954  -47.28430  -59.30382      0.231    1472.95     20.396     20.226     5.3819     5.3821     0.0002     5.3803     5.3805     0.0002   3.298623   3.298596  -0.000027    34.0532    34.0526     7.0806    26.8803    26.8798         17  0.000e+00
      62930 294.234954  -47.28430  -59.30382      0.225    1472.95     20.396     20.226     5.3819     5.3824     0.0005     5.3803     5.3808     0.0005   3.298660   3.298638  -0.000022    34.0536    34.0528     7.0813    26.8806    26.8799         17  0.000e+00
      62931 294.234955  -47.28430  -59.30382      0.218    1472.95     20.396     20.226     5.3822     5.3826     0.0004     5.3806     5.3810     0.0004   3.298653   3.298638  -0.000016    34.0531    34.0526     7.0820    26.8802    26.8797         17  0.000e+00
      62932 294.234955  -47.28430  -59.30382      0.207    1472.95     20.332     20.162     5.3825     5.3826     0.0001     5.3809     5.3810     0.0001   3.298690   3.298614  -0.000076    34.0533    34.0524     7.0827    26.8803    26.8795         17  0.000e+00
      62933 294.234956  -47.28430  -59.30382      0.198    1472.95     20.396     20.226     5.3826     5.3829     0.0003     5.3810     5.3813     0.0003   3.298684   3.298608  -0.000076    34.0532    34.0520     7.0783    26.8802    26.8792         17  0.000e+00
      62934 294.234956  -47.28430  -59.30382      0.188    1472.95     20.332     20.162     5.3830     5.3829    -0.0001     5.3814     5.3813    -0.0001   3.298696   3.298614  -0.000082    34.0529    34.0520     7.0784    26.8799    26.8792         17  0.000e+00
      62935 294.234957  -47.28430  -59.30382      0.185    1472.95     20.453     20.282     5.3830     5.3834     0.0004     5.3814     5.3818     0.0004   3.298726   3.298656  -0.000071    34.0532    34.0520     7.0787    26.8801    26.8791         17  0.000e+00
      62936 294.234957  -47.28430  -59.30382      0.173    1472.95     20.332     20.162     5.3835     5.3835     0.0000     5.3819     5.3819     0.0000   3.298781   3.298667  -0.000113    34.0534    34.0520     7.0788    26.8802    26.8792         17  0.000e+00
      62937 294.234958  -47.28430  -59.30382      0.161    1472.95     20.332     20.162     5.3836     5.3841     0.0004     5.3820     5.3825     0.0004   3.298726   3.298685  -0.000041    34.0526    34.0517     7.0785    26.8796    26.8788         17  0.000e+00
      62938 294.234958  -47.28430  -59.30382      0.148    1472.95     20.332     20.162     5.3840     5.3843     0.0003     5.3824     5.3827     0.0003   3.298817   3.298751  -0.000066    34.0533    34.0522     7.0788    26.8801    26.8792         17  0.000e+00
      62939 294.234959  -47.28430  -59.30382      0.138    1472.95     20.332     20.162     5.3843     5.3849     0.0005     5.3827     5.3833     0.0005   3.298787   3.298805   0.000018    34.0526    34.0523     7.0785    26.8795    26.8792         17  0.000e+00
      62940 294.234959  -47.28430  -59.30382      0.127    1472.95     20.332     20.162     5.3848     5.3849     0.0001     5.3832     5.3833     0.0001   3.298878   3.298793  -0.000085    34.0532    34.0521     7.0782    26.8799    26.8791         17  0.000e+00
      62941 294.234959  -47.28430  -59.30382      0.116    1472.95     20.332     20.162     5.3852     5.3854     0.0001     5.3837     5.3838     0.0001   3.298896   3.298829  -0.000067    34.0529    34.0520     7.0779    26.8797    26.8789         17  0.000e+00
      62942 294.234960  -47.28430  -59.30382      0.104    1472.95     20.332     20.162     5.3865     5.3860    -0.0006     5.3850     5.3844    -0.0006   3.298957   3.298877  -0.000080    34.0523    34.0519     7.0827    26.8790    26.8788         17  0.000e+00
      62943 294.234960  -47.28430  -59.30382      0.089    1472.95     20.276     20.106     5.3872     5.3866    -0.0006     5.3856     5.3850    -0.0006   3.298793   3.298901   0.000108    34.0497    34.0516     7.0831    26.8769    26.8784         17  0.000e+00
      62944 294.234961  -47.28430  -59.30382      0.076    1472.95     20.276     20.106     5.3877     5.3870    -0.0007     5.3861     5.3854    -0.0007   3.298963   3.298948  -0.000014    34.0512    34.0517     7.0835    26.8780    26.8785         17  0.000e+00
      62945 294.234961  -47.28430  -59.30382      0.064    1472.95     20.276     20.106     5.3878     5.3878    -0.0001     5.3863     5.3862    -0.0001   3.299078   3.298984  -0.000094    34.0524    34.0514     7.0839    26.8789    26.8782         17  0.000e+00
      62946 294.234962  -47.28430  -59.30382      0.051    1472.95     20.276     20.106     5.3877     5.3881     0.0004     5.3861     5.3865     0.0004   3.299030   3.299026  -0.000003    34.0520    34.0515     7.0844    26.8786    26.8782         17  0.000e+00
      62947 294.234962  -47.28430  -59.30382      0.041    1472.95     20.276     20.106     5.3875     5.3887     0.0012     5.3859     5.3871     0.0012   3.299096   3.299074  -0.000022    34.0529    34.0514     7.0849    26.8794    26.8781         17  0.000e+00
      62948 294.234963  -47.28430  -59.30382      0.024    1472.95     20.219     20.050     5.3877     5.3887     0.0010     5.3861     5.3871     0.0010   3.299054   3.299086   0.000032    34.0523    34.0516     7.0853    26.8789    26.8782         17  0.000e+00
      62949 294.234963  -47.28430  -59.30382      0.014    1472.95     20.276     20.106     5.3878     5.3889     0.0010     5.3863     5.3873     0.0010   3.299036   3.299086   0.000050    34.0519    34.0514     7.0859    26.8785    26.8780         17  0.000e+00
      62950 294.234964  -47.28430  -59.30382     -0.003    1472.95     20.155     19.986     5.3882     5.3887     0.0006     5.3866     5.3871     0.0006   3.299042   3.299068   0.000026    34.0517    34.0514     7.0862    26.8784    26.8781         17  0.000e+00
      62951 294.234964  -47.28430  -59.30382     -0.016    1472.95     20.219     20.050     5.3882     5.3892     0.0011     5.3866     5.3876     0.0011   3.299102   3.299104   0.000002    34.0524    34.0513     7.0867    26.8789    26.8779         17  0.000e+00
      62952 294.234965  -47.28430  -59.30382     -0.030    1472.95     20.211     20.042     5.3891     5.3892     0.0001     5.3876     5.3876     0.0001   3.299127   3.299116  -0.000011    34.0516    34.0515     7.0871    26.8782    26.8780         17  0.000e+00
      62953 294.234965  -47.28430  -59.30382     -0.043    1472.95     20.155     19.986     5.3899     5.3894    -0.0005     5.3883     5.3878    -0.0005   3.299218   3.299116  -0.000102    34.0519    34.0513     7.0874    26.8783    26.8779         17  0.000e+00
