Pos-Processados/process_op42/operantar42_005.ros
* Sea-Bird SBE 9 Data File:
* FileName = C:\Users\Hidrografia\Desktop\OPXLII\Brutos\OP42005.hdr
* Software Version Seasave V 7.26.7.107
* Temperature SN = 6502
* Conductivity SN = 4998
* Number of Bytes Per Scan = 31
* Number of Voltage Words = 2
* Number of Scans Averaged by the Deck Unit = 1
* NMEA Latitude = 39 18.87 S
* NMEA Longitude = 053 09.31 W
* NMEA UTC (Time) = Oct 17 2023 00:39:31
* NMEA baud rate = 4800
** H41
** NPOALTEMAXIMIANO
** NUMERO DA ESTACAO (XXX) 005
** LAT (XX XX.XX S/N) 39 19.919 S
** LONG (XXX XX.XX W/E) 053 09.46 W
** DATAHORA (dd/mm/aaaa hh:mm Z) 17/10/2023 0025Z
** PROFUNDIDADE (m) 4727
** OPERADOR ZAMITH
# nquan = 24
# nvalues = 4130                                  
# units = specified
# name 0 = scan: Scan Count
# name 1 = timeJ: Julian Days
# name 2 = latitude: Latitude [deg]
# name 3 = longitude: Longitude [deg]
# name 4 = dz/dtM: Descent Rate [m/s]
# name 5 = avgsvCM: Average Sound Velocity [Chen-Millero, m/s]
# name 6 = prDM: Pressure, Digiquartz [db]
# name 7 = depSM: Depth [salt water, m]
# name 8 = t090C: Temperature [ITS-90, deg C]
# name 9 = t190C: Temperature, 2 [ITS-90, deg C]
# name 10 = T2-T190C: Temperature Difference, 2 - 1 [ITS-90, deg C]
# name 11 = potemp090C: Potential Temperature [ITS-90, deg C]
# name 12 = potemp190C: Potential Temperature, 2 [ITS-90, deg C]
# name 13 = potemp90Cdiff: Potential Temperature, Diff, 2 - 1 [ITS-90, deg C]
# name 14 = c0S/m: Conductivity [S/m]
# name 15 = c1S/m: Conductivity, 2 [S/m]
# name 16 = C2-C1S/m: Conductivity Difference, 2 - 1 [S/m]
# name 17 = sal00: Salinity, Practical [PSU]
# name 18 = sal11: Salinity, Practical, 2 [PSU]
# name 19 = sbeox0ML/L: Oxygen, SBE 43 [ml/l]
# name 20 = sigma-é00: Density [sigma-theta, kg/m^3]
# name 21 = sigma-é11: Density, 2 [sigma-theta, kg/m^3]
# name 22 = nbf: Bottles Fired
# name 23 = flag:  0.000e+00
# interval = seconds: 0.0416667
# start_time = Oct 17 2023 00:39:31 [NMEA time, header]
# bad_flag = -9.990e-29
*END*
[from data line 1027]
      62343 290.057507  -39.31118  -53.14796     -0.099    1471.91     41.114     40.797     8.4529     8.4450    -0.0079     8.4487     8.4408    -0.0079   3.577571   3.576815  -0.000756    34.0690    34.0687     6.7175    26.4751    26.4760          6  0.000e+00
      62344 290.057507  -39.31118  -53.14796     -0.095    1471.91     41.114     40.797     8.4534     8.4452    -0.0082     8.4492     8.4410    -0.0082   3.577571   3.576803  -0.000768    34.0686    34.0684     6.7177    26.4747    26.4758          6  0.000e+00
      62345 290.057508  -39.31118  -53.14796     -0.089    1471.91     41.138     40.821     8.4534     8.4450    -0.0084     8.4492     8.4408    -0.0084   3.577640   3.576821  -0.000819    34.0693    34.0688     6.7227    26.4753    26.4761          6  0.000e+00
      62346 290.057508  -39.31118  -53.14796     -0.089    1471.91     41.057     40.741     8.4534     8.4453    -0.0081     8.4492     8.4411    -0.0081   3.577640   3.576840  -0.000800    34.0694    34.0687     6.7187    26.4753    26.4760          6  0.000e+00
      62347 290.057509  -39.31118  -53.14796     -0.080    1471.91     41.178     40.861     8.4534     8.4453    -0.0081     8.4492     8.4411    -0.0081   3.577609   3.576908  -0.000701    34.0689    34.0694     6.7239    26.4749    26.4765          6  0.000e+00
      62348 290.057509  -39.31118  -53.14796     -0.078    1471.91     41.057     40.741     8.4534     8.4458    -0.0076     8.4492     8.4416    -0.0076   3.577621   3.576951  -0.000670    34.0692    34.0694     6.7246    26.4751    26.4765          6  0.000e+00
      62349 290.057510  -39.31118  -53.14796     -0.075    1471.91     41.114     40.797     8.4536     8.4467    -0.0068     8.4494     8.4425    -0.0068   3.577634   3.577044  -0.000590    34.0691    34.0694     6.7201    26.4750    26.4764          6  0.000e+00
      62350 290.057510  -39.31118  -53.14796     -0.068    1471.91     41.194     40.877     8.4536     8.4483    -0.0053     8.4494     8.4441    -0.0053   3.577634   3.577130  -0.000504    34.0690    34.0688     6.7199    26.4750    26.4756          6  0.000e+00
      62351 290.057511  -39.31118  -53.14796     -0.065    1471.91     41.058     40.741     8.4537     8.4492    -0.0045     8.4495     8.4450    -0.0045   3.577634   3.577247  -0.000387    34.0690    34.0692     6.7195    26.4749    26.4758          6  0.000e+00
      62352 290.057511  -39.31118  -53.14796     -0.058    1471.91     41.178     40.861     8.4536     8.4494    -0.0042     8.4494     8.4451    -0.0042   3.577609   3.577229  -0.000380    34.0688    34.0688     6.7194    26.4748    26.4755          6  0.000e+00
      62353 290.057512  -39.31118  -53.14796     -0.055    1471.91     41.114     40.797     8.4538     8.4495    -0.0043     8.4496     8.4453    -0.0043   3.577552   3.577198  -0.000355    34.0680    34.0684     6.7196    26.4742    26.4751          6  0.000e+00
      62354 290.057512  -39.31118  -53.14796     -0.050    1471.91     41.114     40.797     8.4536     8.4497    -0.0039     8.4494     8.4455    -0.0039   3.577609   3.577284  -0.000325    34.0688    34.0691     6.7194    26.4748    26.4756          6  0.000e+00
      62355 290.057513  -39.31118  -53.14796     -0.042    1471.91     41.195     40.877     8.4536     8.4497    -0.0039     8.4494     8.4455    -0.0039   3.577609   3.577284  -0.000325    34.0688    34.0691     6.7192    26.4748    26.4756          6  0.000e+00
      62356 290.057513  -39.31118  -53.14796     -0.044    1471.91     41.058     40.742     8.4533     8.4505    -0.0028     8.4491     8.4463    -0.0028   3.577603   3.577334  -0.000269    34.0691    34.0689     6.7236    26.4751    26.4754          6  0.000e+00
      62357 290.057514  -39.31118  -53.14796     -0.036    1471.91     41.178     40.861     8.4531     8.4515    -0.0016     8.4489     8.4472    -0.0016   3.577552   3.577414  -0.000139    34.0687    34.0688     6.7193    26.4748    26.4751          6  0.000e+00
      62358 290.057514  -39.31118  -53.14796     -0.032    1471.91     41.114     40.798     8.4531     8.4515    -0.0016     8.4489     8.4473    -0.0016   3.577534   3.577438  -0.000095    34.0685    34.0691     6.7190    26.4746    26.4753          6  0.000e+00
      62359 290.057514  -39.31118  -53.14796     -0.026    1471.91     41.179     40.861     8.4533     8.4518    -0.0015     8.4491     8.4476    -0.0015   3.577534   3.577414  -0.000120    34.0683    34.0685     6.7187    26.4744    26.4748          6  0.000e+00
      62360 290.057515  -39.31118  -53.14796     -0.020    1471.91     41.195     40.877     8.4532     8.4511    -0.0021     8.4490     8.4469    -0.0021   3.577540   3.577389  -0.000151    34.0684    34.0688     6.7185    26.4745    26.4752          6  0.000e+00
      62361 290.057515  -39.31118  -53.14796     -0.015    1471.91     41.114     40.798     8.4532     8.4507    -0.0025     8.4490     8.4465    -0.0025   3.577584   3.577352  -0.000232    34.0689    34.0689     6.7229    26.4749    26.4753          6  0.000e+00
      62362 290.057516  -39.31118  -53.14796     -0.013    1471.91     41.114     40.798     8.4532     8.4503    -0.0029     8.4490     8.4461    -0.0029   3.577577   3.577346  -0.000232    34.0688    34.0692     6.7184    26.4749    26.4756          6  0.000e+00
      62363 290.057516  -39.31118  -53.14796     -0.008    1471.91     41.179     40.862     8.4534     8.4505    -0.0029     8.4492     8.4463    -0.0029   3.577571   3.577284  -0.000287    34.0685    34.0683     6.7187    26.4746    26.4749          6  0.000e+00
      62364 290.057517  -39.31118  -53.14796     -0.001    1471.91     41.179     40.862     8.4532     8.4508    -0.0024     8.4490     8.4466    -0.0024   3.577640   3.577346  -0.000294    34.0695    34.0686     6.7232    26.4754    26.4751          6  0.000e+00
      62365 290.057517  -39.31118  -53.14796      0.005    1471.91     41.195     40.878     8.4529     8.4510    -0.0019     8.4487     8.4468    -0.0019   3.577571   3.577352  -0.000219    34.0690    34.0686     6.7235    26.4751    26.4750          6  0.000e+00
      62366 290.057518  -39.31118  -53.14796      0.011    1471.91     41.179     40.862     8.4521     8.4510    -0.0011     8.4479     8.4468    -0.0011   3.577559   3.577327  -0.000231    34.0696    34.0683     6.7196    26.4757    26.4748          6  0.000e+00
      62367 290.057518  -39.31118  -53.14796      0.016    1471.91     41.179     40.862     8.4516     8.4515    -0.0001     8.4474     8.4472    -0.0001   3.577521   3.577364  -0.000157    34.0698    34.0682     6.7247    26.4759    26.4747          6  0.000e+00
      62368 290.057519  -39.31118  -53.14796      0.018    1471.91     41.179     40.862     8.4511     8.4520     0.0009     8.4469     8.4478     0.0009   3.577459   3.577395  -0.000063    34.0696    34.0681     6.7256    26.4758    26.4745          6  0.000e+00
      62369 290.057519  -39.31118  -53.14796      0.021    1471.91     41.179     40.862     8.4509     8.4518     0.0009     8.4466     8.4476     0.0009   3.577465   3.577426  -0.000039    34.0699    34.0686     6.7258    26.4761    26.4749          7  0.000e+00
      62370 290.057520  -39.31118  -53.14796      0.029    1471.91     41.235     40.918     8.4508     8.4518     0.0011     8.4465     8.4476     0.0011   3.577452   3.577420  -0.000032    34.0698    34.0685     6.7267    26.4760    26.4748          7  0.000e+00
      62371 290.057520  -39.31118  -53.14796      0.032    1471.91     41.195     40.878     8.4508     8.4515     0.0007     8.4465     8.4472     0.0007   3.577465   3.577408  -0.000057    34.0700    34.0687     6.7322    26.4762    26.4751          7  0.000e+00
      62372 290.057521  -39.31118  -53.14796      0.040    1471.91     41.235     40.918     8.4510     8.4511     0.0001     8.4468     8.4469     0.0001   3.577496   3.577408  -0.000089    34.0701    34.0690     6.7334    26.4762    26.4753          7  0.000e+00
      62373 290.057521  -39.31118  -53.14796      0.041    1471.91     41.179     40.862     8.4511     8.4507    -0.0004     8.4469     8.4465    -0.0004   3.577484   3.577371  -0.000113    34.0699    34.0691     6.7299    26.4760    26.4755          7  0.000e+00
      62374 290.057522  -39.31118  -53.14796      0.046    1471.91     41.235     40.918     8.4511     8.4508    -0.0003     8.4469     8.4466    -0.0003   3.577496   3.577346  -0.000150    34.0700    34.0686     6.7254    26.4761    26.4751          7  0.000e+00
      62375 290.057522  -39.31118  -53.14796      0.054    1471.91     41.235     40.918     8.4514     8.4503    -0.0011     8.4472     8.4461    -0.0011   3.577509   3.577346  -0.000163    34.0698    34.0691     6.7297    26.4759    26.4756          7  0.000e+00
      62376 290.057523  -39.31118  -53.14796      0.058    1471.91     41.251     40.934     8.4512     8.4502    -0.0010     8.4469     8.4460    -0.0010   3.577484   3.577346  -0.000138    34.0698    34.0693     6.7299    26.4759    26.4757          7  0.000e+00
      62377 290.057523  -39.31118  -53.14796      0.062    1471.91     41.235     40.918     8.4511     8.4503    -0.0008     8.4469     8.4461    -0.0008   3.577452   3.577352  -0.000100    34.0695    34.0692     6.7301    26.4757    26.4756          7  0.000e+00
      62378 290.057524  -39.31118  -53.14796      0.068    1471.91     41.292     40.974     8.4508     8.4505    -0.0003     8.4465     8.4463    -0.0003   3.577446   3.577371  -0.000075    34.0697    34.0692     6.7255    26.4760    26.4756          7  0.000e+00
      62379 290.057524  -39.31118  -53.14796      0.072    1471.91     41.235     40.918     8.4507     8.4506    -0.0000     8.4464     8.4464    -0.0000   3.577390   3.577377  -0.000013    34.0693    34.0691     6.7298    26.4756    26.4755          7  0.000e+00
      62380 290.057525  -39.31118  -53.14796      0.075    1471.91     41.235     40.918     8.4501     8.4510     0.0009     8.4459     8.4468     0.0009   3.577427   3.577383  -0.000044    34.0702    34.0689     6.7300    26.4764    26.4753          7  0.000e+00
      62381 290.057525  -39.31118  -53.14796      0.081    1471.91     41.316     40.998     8.4501     8.4513     0.0012     8.4459     8.4471     0.0012   3.577365   3.577402   0.000037    34.0695    34.0687     6.7349    26.4759    26.4751          7  0.000e+00
      62382 290.057526  -39.31118  -53.14796      0.083    1471.91     41.235     40.918     8.4500     8.4511     0.0011     8.4458     8.4469     0.0011   3.577365   3.577383   0.000018    34.0696    34.0687     6.7306    26.4760    26.4751          7  0.000e+00
      62383 290.057526  -39.31118  -53.14796      0.087    1471.91     41.292     40.974     8.4498     8.4510     0.0012     8.4455     8.4468     0.0012   3.577377   3.577383   0.000006    34.0700    34.0688     6.7355    26.4763    26.4752          7  0.000e+00
      62384 290.057527  -39.31118  -53.14796      0.093    1471.91     41.292     40.974     8.4498     8.4507     0.0009     8.4455     8.4465     0.0009   3.577352   3.577377   0.000025    34.0697    34.0691     6.7359    26.4761    26.4755          7  0.000e+00
      62385 290.057527  -39.31118  -53.14796      0.101    1471.91     41.356     41.038     8.4499     8.4507     0.0008     8.4456     8.4465     0.0008   3.577346   3.577395   0.000049    34.0695    34.0692     6.7364    26.4759    26.4756          7  0.000e+00
      62386 290.057527  -39.31118  -53.14796      0.101    1471.91     41.252     40.934     8.4495     8.4507     0.0012     8.4453     8.4465     0.0012   3.577346   3.577358   0.000012    34.0699    34.0689     6.7368    26.4763    26.4753          7  0.000e+00
      62387 290.057528  -39.31118  -53.14796      0.101    1471.91     41.292     40.974     8.4495     8.4507     0.0012     8.4453     8.4465     0.0012   3.577321   3.577352   0.000031    34.0697    34.0688     6.7372    26.4761    26.4753          7  0.000e+00
      62388 290.057528  -39.31118  -53.14796      0.107    1471.91     41.356     41.038     8.4491     8.4505     0.0014     8.4449     8.4463     0.0014   3.577290   3.577371   0.000081    34.0696    34.0692     6.7376    26.4761    26.4756          7  0.000e+00
      62389 290.057529  -39.31118  -53.14796      0.117    1471.91     41.356     41.038     8.4490     8.4501     0.0011     8.4448     8.4459     0.0011   3.577283   3.577352   0.000069    34.0697    34.0693     6.7379    26.4762    26.4758          7  0.000e+00
      62390 290.057529  -39.31118  -53.14796      0.115    1471.91     41.292     40.974     8.4490     8.4505     0.0015     8.4448     8.4463     0.0015   3.577302   3.577327   0.000025    34.0699    34.0687     6.7381    26.4764    26.4752          7  0.000e+00
      62391 290.057530  -39.31118  -53.14796      0.121    1471.91     41.373     41.054     8.4480     8.4503     0.0023     8.4438     8.4461     0.0023   3.577221   3.577340   0.000119    34.0700    34.0690     6.7432    26.4766    26.4755          7  0.000e+00
      62392 290.057530  -39.31118  -53.14796      0.121    1471.91     41.292     40.974     8.4479     8.4505     0.0026     8.4437     8.4463     0.0026   3.577164   3.577389   0.000225    34.0695    34.0694     6.7391    26.4763    26.4758          7  0.000e+00
      62393 290.057531  -39.31118  -53.14796      0.127    1471.91     41.413     41.094     8.4473     8.4503     0.0030     8.4431     8.4461     0.0030   3.577133   3.577334   0.000201    34.0697    34.0689     6.7393    26.4765    26.4754          7  0.000e+00
      62394 290.057531  -39.31118  -53.14796      0.132    1471.91     41.357     41.038     8.4473     8.4505     0.0032     8.4431     8.4463     0.0032   3.577171   3.577371   0.000200    34.0701    34.0692     6.7446    26.4768    26.4756          7  0.000e+00
      62395 290.057532  -39.31118  -53.14796      0.130    1471.91     41.357     41.038     8.4473     8.4503     0.0030     8.4431     8.4461     0.0030   3.577139   3.577352   0.000213    34.0698    34.0691     6.7451    26.4766    26.4756          7  0.000e+00
      62396 290.057532  -39.31118  -53.14796      0.137    1471.91     41.373     41.054     8.4474     8.4502     0.0028     8.4432     8.4459     0.0028   3.577102   3.577321   0.000220    34.0693    34.0689     6.7461    26.4762    26.4754          7  0.000e+00
      62397 290.057533  -39.31118  -53.14796      0.134    1471.91     41.357     41.038     8.4468     8.4503     0.0035     8.4426     8.4461     0.0035   3.577096   3.577346   0.000250    34.0698    34.0691     6.7471    26.4767    26.4755          7  0.000e+00
      62398 290.057533  -39.31118  -53.14796      0.138    1471.91     41.413     41.094     8.4468     8.4502     0.0034     8.4426     8.4459     0.0034   3.577064   3.577321   0.000257    34.0695    34.0689     6.7476    26.4764    26.4754          7  0.000e+00
      62399 290.057534  -39.31118  -53.14796      0.142    1471.91     41.357     41.038     8.4463     8.4498     0.0036     8.4420     8.4456     0.0036   3.577008   3.577334   0.000326    34.0694    34.0694     6.7479    26.4764    26.4759          7  0.000e+00
      62400 290.057534  -39.31118  -53.14796      0.141    1471.91     41.413     41.094     8.4460     8.4500     0.0040     8.4418     8.4458     0.0040   3.577014   3.577309   0.000295    34.0697    34.0689     6.7482    26.4767    26.4755          7  0.000e+00
      62401 290.057535  -39.31118  -53.14796      0.148    1471.91     41.437     41.118     8.4459     8.4495     0.0037     8.4416     8.4453     0.0037   3.576977   3.577334   0.000357    34.0694    34.0697     6.7484    26.4765    26.4761          7  0.000e+00
