Pos-Processados/process_op42/operantar42_028.cnv
* Sea-Bird SBE 9 Data File:
* FileName = C:\Users\Hidrografia\Desktop\OPXLII\Brutos\OP42028.hdr
* Software Version Seasave V 7.26.7.107
* Temperature SN = 6502
* Conductivity SN = 4998
* Number of Bytes Per Scan = 37
* Number of Voltage Words = 4
* Number of Scans Averaged by the Deck Unit = 1
* NMEA Latitude = 62 18.54 S
* NMEA Longitude = 058 32.92 W
* NMEA UTC (Time) = Nov 08 2023 22:59:21
* NMEA baud rate = 4800
** H41
** NPOALTEMAXIMIANO
** NUMERO DA ESTACAO (XXX) 028
** LAT (XX XX.XX S/N) 62 18.530 S
** LONG (XXX XX.XX W/E) 058 32.937 W
** DATAHORA (dd/mm/aaaa hh:mm Z) 08/11/2023 2258Z
** PROFUNDIDADE (m) 339
** OPERADOR CT FABIREZA
# nquan = 30
# nvalues = 747                         
# units = specified
# name 0 = scan: Scan Count
# name 1 = timeJ: Julian Days
# name 2 = latitude: Latitude [deg]
# name 3 = longitude: Longitude [deg]
# name 4 = dz/dtM: Descent Rate [m/s]
# name 5 = avgsvCM: Average Sound Velocity [Chen-Millero, m/s]
# name 6 = prDM: Pressure, Digiquartz [db]
# name 7 = depSM: Depth [salt water, m]
# name 8 = t090C: Temperature [ITS-90, deg C]
# name 9 = t190C: Temperature, 2 [ITS-90, deg C]
# name 10 = T2-T190C: Temperature Difference, 2 - 1 [ITS-90, deg C]
# name 11 = potemp090C: Potential Temperature [ITS-90, deg C]
# name 12 = potemp190C: Potential Temperature, 2 [ITS-90, deg C]
# name 13 = potemp90Cdiff: Potential Temperature, Diff, 2 - 1 [ITS-90, deg C]
# name 14 = c0S/m: Conductivity [S/m]
# name 15 = c1S/m: Conductivity, 2 [S/m]
# name 16 = C2-C1S/m: Conductivity Difference, 2 - 1 [S/m]
# name 17 = sal00: Salinity, Practical [PSU]
# name 18 = sal11: Salinity, Practical, 2 [PSU]
# name 19 = sbeox0ML/L: Oxygen, SBE 43 [ml/l]
# name 20 = sigma-é00: Density [sigma-theta, kg/m^3]
# name 21 = sigma-é11: Density, 2 [sigma-theta, kg/m^3]
# name 22 = sal00: Salinity, Practical [PSU]
# name 23 = sigma-é00: Density [sigma-theta, kg/m^3]
# name 24 = svCM: Sound Velocity [Chen-Millero, m/s]
# name 25 = svCM1: Sound Velocity, 2 [Chen-Millero, m/s]
# name 26 = gsw_ptA0: potential temperature [ITS-90, deg C]
# name 27 = gsw_densityA0: density, TEOS-10 [density, kg/m^3]
# name 28 = gsw_saA0: Absolute Salinity [g/kg]
# name 29 = flag:
# span 0 =       2738,      31078       
# span 1 = 312.959202, 312.972869       
# span 2 =  -62.31664,  -62.30974       
# span 3 =  -58.54835,  -58.54422       
# span 4 =     -1.196,      0.985       
# span 5 =       0.00,    1448.73       
# span 6 =      1.000,    375.000       
# span 7 =      1.101,    371.045       
# span 8 =    -0.6392,     0.0331       
# span 9 =    -0.6377,     0.0310       
# span 10 =    -0.0362,     0.0526      
# span 11 =    -0.6430,     0.0188      
# span 12 =    -0.6415,     0.0165      
# span 13 =    -0.0361,     0.0524      
# span 14 =   2.803185,   2.883344      
# span 15 =   2.803173,   2.883052      
# span 16 =  -0.003401,   0.005327      
# span 17 =    34.2960,    34.4642      
# span 18 =    34.2951,    34.4640      
# span 19 =     5.9105,     7.5105      
# span 20 =    27.5637,    27.6751      
# span 21 =    27.5627,    27.6727      
# span 22 =    34.2957,    34.4660      
# span 23 =    27.5637,    27.6742      
# span 24 =    1445.61,    1454.67      
# span 25 =    1445.61,    1454.67      
# span 26 =    -0.6429,     0.0189      
# span 27 =  1027.5751,  1029.4545      
# span 28 =    34.4585,    34.6337      
# span 29 = 0.0000e+00, 0.0000e+00      
# interval = decibars: 1                
# start_time = Nov 08 2023 22:59:21 [NMEA time, header]
# bad_flag = -9.990e-29
*END*
       2738 312.959202  -62.30974  -58.54835      0.079       0.00      3.000      2.972    -0.5292    -0.5282     0.0010    -0.5293    -0.5283     0.0010   2.806185   2.806184  -0.000023    34.2964    34.2951     7.5059    27.5637    27.5627    34.2964    27.5637    1445.80    1445.80    -0.5293  1027.5802    34.4589 0.0000e+00
       2883 312.959272  -62.30984  -58.54832      0.297       0.00      4.000      3.966    -0.5293    -0.5283     0.0010    -0.5294    -0.5284     0.0010   2.806255   2.806251  -0.000003    34.2968    34.2956     7.5089    27.5641    27.5631    34.2968    27.5641    1445.81    1445.82    -0.5294  1027.5855    34.4595 0.0000e+00
       2965 312.959311  -62.30985  -58.54830      0.263       0.00      5.000      4.951    -0.5292    -0.5283     0.0009    -0.5294    -0.5285     0.0009   2.806299   2.806299  -0.000003    34.2967    34.2957     7.5077    27.5640    27.5631    34.2967    27.5640    1445.83    1445.83    -0.5293  1027.5926    34.4624 0.0000e+00
       3025 312.959340  -62.30987  -58.54830      0.419       0.00      6.000      5.941    -0.5294    -0.5284     0.0010    -0.5296    -0.5286     0.0010   2.806332   2.806328  -0.000006    34.2967    34.2956     7.5041    27.5640    27.5630    34.2967    27.5640    1445.85    1445.85    -0.5296  1027.5972    34.4622 0.0000e+00
       3093 312.959373  -62.30988  -58.54828      0.354       0.00      7.000      6.935    -0.5292    -0.5282     0.0010    -0.5294    -0.5284     0.0010   2.806411   2.806399  -0.000010    34.2969    34.2956     7.5105    27.5641    27.5630    34.2969    27.5641    1445.86    1445.87    -0.5294  1027.6011    34.4611 0.0000e+00
       3144 312.959398 -9.990e-29 -9.990e-29      0.468       0.11      8.000      7.923    -0.5294    -0.5283     0.0011    -0.5296    -0.5286     0.0011   2.806449   2.806438  -0.000012    34.2970    34.2957     7.5051    27.5643    27.5631    34.2970    27.5642    1445.88    1445.88    -0.5296  1027.6044    34.4593 0.0000e+00
       3180 312.959415 -9.990e-29 -9.990e-29      0.642       0.00      9.000      8.913    -0.5299    -0.5289     0.0009    -0.5301    -0.5292     0.0009   2.806456   2.806440  -0.000018    34.2971    34.2959     7.4972    27.5644    27.5633    34.2971    27.5643    1445.89    1445.89    -0.5302  1027.6093    34.4594 0.0000e+00
       3218 312.959433  -62.30992  -58.54826      0.649 7.4903e-17     10.000      9.904    -0.5312    -0.5298     0.0013    -0.5315    -0.5302     0.0013   2.806407   2.806429   0.000020    34.2973    34.2961     7.4982    27.5646    27.5635    34.2973    27.5645    1445.90    1445.91    -0.5315  1027.6169    34.4627 0.0000e+00
       3258 312.959452  -62.30992  -58.54826      0.595       0.06     11.000     10.894    -0.5318    -0.5307     0.0011    -0.5322    -0.5311     0.0011   2.806398   2.806402   0.000007    34.2973    34.2962     7.4956    27.5646    27.5636    34.2973    27.5646    1445.92    1445.92    -0.5321  1027.6217    34.4627 0.0000e+00
       3290 312.959468  -62.30993  -58.54826      0.713       0.00     12.000     11.884    -0.5329    -0.5318     0.0011    -0.5333    -0.5322     0.0011   2.806374   2.806370 4.2286e-07    34.2976    34.2964     7.4920    27.5649    27.5639    34.2976    27.5648    1445.93    1445.93    -0.5333  1027.6266    34.4628 0.0000e+00
       3323 312.959484  -62.30995 -9.990e-29      0.736 6.8326e-41     13.000     12.875    -0.5320    -0.5317     0.0003    -0.5324    -0.5321     0.0003   2.806476   2.806437  -0.000041    34.2972    34.2963     7.4934    27.5645    27.5637    34.2973    27.5646    1445.95    1445.95    -0.5324  1027.6308    34.4622 0.0000e+00
       3356 312.959500  -62.30996 -9.990e-29      0.726 1.6269e-18     14.000     13.865    -0.5300    -0.5292     0.0008    -0.5304    -0.5296     0.0008   2.806663   2.806659   0.000002    34.2968    34.2959     7.4901    27.5641    27.5633    34.2969    27.5642    1445.97    1445.97    -0.5304  1027.6353    34.4619 0.0000e+00
       3384 312.959514  -62.30996 -9.990e-29      0.803       0.24     15.000     14.856    -0.5298    -0.5291     0.0007    -0.5302    -0.5295     0.0007   2.806747   2.806726  -0.000021    34.2971    34.2960     7.4901    27.5644    27.5634    34.2972    27.5644    1445.99    1445.99    -0.5302  1027.6404    34.4623 0.0000e+00
       3412 312.959527  -62.30996  -58.54822      0.871      -0.00     16.000     15.846    -0.5311    -0.5300     0.0011    -0.5315    -0.5305     0.0011   2.806718   2.806711  -0.000013    34.2977    34.2963     7.4877    27.5648    27.5637    34.2976    27.5648    1446.00    1446.00    -0.5316  1027.6458    34.4630 0.0000e+00
       3441 312.959541  -62.30998  -58.54822      0.850 2.7934e-55     17.000     16.836    -0.5327    -0.5315     0.0012    -0.5332    -0.5320     0.0012   2.806625   2.806641 4.0101e-07    34.2980    34.2965     7.4961    27.5652    27.5640    34.2976    27.5649    1446.01    1446.01    -0.5332  1027.6506    34.4630 0.0000e+00
       3471 312.959556  -62.30998  -58.54822      0.797 3.1316e-32     18.000     17.826    -0.5383    -0.5366     0.0016    -0.5388    -0.5372     0.0016   2.806283   2.806289   0.000020    34.2990    34.2974     7.4968    27.5662    27.5649    34.2987    27.5660    1446.00    1446.01    -0.5388  1027.6565    34.4640 0.0000e+00
       3501 312.959570  -62.30998  -58.54822      0.795 2.3377e-11     19.000     18.817    -0.5363    -0.5360     0.0003    -0.5368    -0.5365     0.0003   2.806431   2.806394  -0.000035    34.2978    34.2970     7.4957    27.5652    27.5645    34.2978    27.5652    1446.03    1446.03    -0.5369  1027.6587    34.4609 0.0000e+00
       3529 312.959583 -9.990e-29  -58.54822      0.845     648.94     20.000     19.807    -0.5371    -0.5367     0.0004    -0.5378    -0.5373     0.0004   2.806422   2.806382  -0.000042    34.2982    34.2972     7.4834    27.5656    27.5647    34.2980    27.5654    1446.04    1446.04    -0.5377  1027.6626    34.4598 0.0000e+00
       3557 312.959597 -9.990e-29  -58.54820      0.853    1428.48     21.000     20.797    -0.5384    -0.5378     0.0006    -0.5390    -0.5384     0.0006   2.806378   2.806347  -0.000026    34.2983    34.2973     7.4798    27.5657    27.5649    34.2982    27.5656    1446.05    1446.05    -0.5390  1027.6676    34.4599 0.0000e+00
       3585 312.959611  -62.31002  -58.54820      0.852    1446.04     22.000     21.787    -0.5390    -0.5381     0.0008    -0.5396    -0.5388     0.0008   2.806368   2.806356  -0.000015    34.2983    34.2972     7.4787    27.5657    27.5648    34.2981    27.5656    1446.06    1446.06    -0.5396  1027.6725    34.4601 0.0000e+00
       3614 312.959624  -62.31002 -9.990e-29      0.843    1446.04     23.000     22.778    -0.5388    -0.5384     0.0005    -0.5395    -0.5390     0.0005   2.806425   2.806384  -0.000038    34.2981    34.2971     7.4809    27.5656    27.5647    34.2981    27.5656    1446.08    1446.08    -0.5395  1027.6804    34.4639 0.0000e+00
       3642 312.959638  -62.31002 -9.990e-29      0.839    1446.04     24.000     23.768    -0.5386    -0.5377     0.0009    -0.5393    -0.5385     0.0009   2.806498   2.806481  -0.000021    34.2983    34.2971     7.4735    27.5657    27.5647    34.2983    27.5657    1446.10    1446.10    -0.5393  1027.6853    34.4641 0.0000e+00
       3670 312.959651  -62.31003 -9.990e-29      0.869    1446.04     25.000     24.758    -0.5380    -0.5371     0.0009    -0.5387    -0.5378     0.0009   2.806576   2.806583   0.000007    34.2979    34.2970     7.4599    27.5653    27.5646    34.2980    27.5654    1446.12    1446.12    -0.5387  1027.6899    34.4639 0.0000e+00
       3700 312.959666  -62.31004  -58.54818      0.822    1446.04     26.000     25.749    -0.5374    -0.5364     0.0010    -0.5382    -0.5372     0.0010   2.806673   2.806670  -0.000004    34.2980    34.2968     7.4727    27.5654    27.5644    34.2980    27.5654    1446.13    1446.14    -0.5382  1027.6944    34.4636 0.0000e+00
       3735 312.959683  -62.31005  -58.54817      0.714    1446.04     27.000     26.739    -0.5376    -0.5364     0.0012    -0.5384    -0.5372     0.0012   2.806714   2.806715   0.000001    34.2981    34.2968     7.4772    27.5655    27.5644    34.2981    27.5655    1446.15    1446.15    -0.5384  1027.6991    34.4635 0.0000e+00
       3772 312.959701  -62.31006  -58.54816      0.634    1446.04     28.000     27.729    -0.5376    -0.5356     0.0019    -0.5384    -0.5364     0.0019   2.806760   2.806831   0.000067    34.2979    34.2967     7.4742    27.5654    27.5643    34.2981    27.5655    1446.17    1446.17    -0.5384  1027.7039    34.4635 0.0000e+00
       3803 312.959716  -62.31006  -58.54816      0.728    1446.04     29.000     28.719    -0.5368    -0.5366     0.0002    -0.5377    -0.5375     0.0002   2.806836   2.806791  -0.000039    34.2979    34.2971     7.4801    27.5653    27.5647    34.2976    27.5651    1446.19    1446.18    -0.5377  1027.7083    34.4631 0.0000e+00
       3831 312.959729  -62.31007  -58.54816      0.849    1446.04     30.000     29.710    -0.5397    -0.5391     0.0006    -0.5406    -0.5400     0.0006   2.806687   2.806656  -0.000027    34.2984    34.2973     7.4802    27.5658    27.5649    34.2983    27.5658    1446.19    1446.19    -0.5406  1027.7138    34.4638 0.0000e+00
       3858 312.959742  -62.31008  -58.54816      0.889    1446.04     31.000     30.700    -0.5402    -0.5399     0.0003    -0.5412    -0.5408     0.0003   2.806688   2.806642  -0.000053    34.2984    34.2973     7.4741    27.5659    27.5650    34.2983    27.5658    1446.20    1446.20    -0.5411  1027.7186    34.4637 0.0000e+00
       3885 312.959755  -62.31008  -58.54816      0.889    1446.04     32.000     31.690    -0.5412    -0.5401     0.0011    -0.5422    -0.5411     0.0011   2.806661   2.806670   0.000013    34.2985    34.2974     7.4718    27.5660    27.5650    34.2984    27.5659    1446.21    1446.22    -0.5421  1027.7235    34.4638 0.0000e+00
       3915 312.959769  -62.31008  -58.54814      0.827    1446.04     33.000     32.680    -0.5417    -0.5407     0.0010    -0.5427    -0.5417     0.0010   2.806661   2.806664   0.000003    34.2985    34.2974     7.4653    27.5660    27.5651    34.2983    27.5659    1446.23    1446.23    -0.5427  1027.7282    34.4638 0.0000e+00
       3946 312.959785  -62.31010  -58.54814      0.773    1446.04     34.000     33.671    -0.5422    -0.5416     0.0007    -0.5433    -0.5426     0.0007   2.806663   2.806642  -0.000021    34.2984    34.2973     7.4637    27.5659    27.5651    34.2984    27.5659    1446.24    1446.24    -0.5432  1027.7331    34.4638 0.0000e+00
       3978 312.959800  -62.31010  -58.54814      0.749    1446.04     35.000     34.661    -0.5411    -0.5407     0.0004    -0.5422    -0.5417     0.0004   2.806796   2.806760  -0.000036    34.2983    34.2973     7.4534    27.5658    27.5650    34.2982    27.5658    1446.26    1446.26    -0.5421  1027.7377    34.4637 0.0000e+00
       4011 312.959816  -62.31010  -58.54814      0.742    1446.04     36.000     35.651    -0.5415    -0.5406     0.0009    -0.5426    -0.5417     0.0009   2.806810   2.806818   0.000002    34.2983    34.2972     7.4578    27.5658    27.5649    34.2983    27.5658    1446.28    1446.28    -0.5426  1027.7402    34.4608 0.0000e+00
       4040 312.959830 -9.990e-29 -9.990e-29      0.795    1446.04     37.000     36.641    -0.5416    -0.5411     0.0006    -0.5427    -0.5422     0.0006   2.806853   2.806816  -0.000030    34.2985    34.2975     7.4542    27.5660    27.5652    34.2984    27.5659    1446.29    1446.29    -0.5427  1027.7448    34.4607 0.0000e+00
       4066 312.959842 -9.990e-29 -9.990e-29      0.889    1446.04     38.000     37.632    -0.5418    -0.5410     0.0008    -0.5429    -0.5421     0.0008   2.806873   2.806881   0.000002    34.2982    34.2973     7.4612    27.5658    27.5650    34.2982    27.5658    1446.31    1446.31    -0.5429  1027.7495    34.4605 0.0000e+00
       4090 312.959854  -62.31013  -58.54812      0.953    1446.04     39.000     38.622    -0.5433    -0.5426     0.0007    -0.5445    -0.5438     0.0007   2.806806   2.806793  -0.000008    34.2985    34.2976     7.4621    27.5661    27.5654    34.2983    27.5660    1446.32    1446.32    -0.5444  1027.7551    34.4614 0.0000e+00
       4117 312.959867  -62.31014  -58.54812      0.944    1446.04     40.000     39.612    -0.5439    -0.5433     0.0007    -0.5451    -0.5445     0.0007   2.806825   2.806789  -0.000035    34.2988    34.2976     7.4631    27.5664    27.5654    34.2987    27.5663    1446.33    1446.33    -0.5451  1027.7622    34.4643 0.0000e+00
       4146 312.959881  -62.31014  -58.54811      0.846    1446.04     41.000     40.602    -0.5442    -0.5430     0.0012    -0.5454    -0.5443     0.0012   2.806830   2.806855   0.000017    34.2986    34.2975     7.4519    27.5663    27.5653    34.2985    27.5661    1446.35    1446.35    -0.5454  1027.7668    34.4641 0.0000e+00
       4180 312.959897  -62.31014  -58.54810      0.722    1446.04     42.000     41.592    -0.5598    -0.5569     0.0030    -0.5611    -0.5581     0.0030   2.805629   2.805820   0.000191    34.3009    34.3001     7.4625    27.5688    27.5680    34.2993    27.5675    1446.29    1446.30    -0.5610  1027.7730    34.4649 0.0000e+00
       4213 312.959913  -62.31016  -58.54810      0.724    1446.04     43.000     42.582    -0.5654    -0.5655    -0.0001    -0.5667    -0.5668    -0.0001   2.805276   2.805231  -0.000042    34.3010    34.3005     7.4552    27.5691    27.5687    34.3004    27.5686    1446.28    1446.28    -0.5667  1027.7789    34.4660 0.0000e+00
       4240 312.959926  -62.31016  -58.54810      0.821    1446.04     44.000     43.573    -0.5645    -0.5637     0.0008    -0.5659    -0.5651     0.0008   2.805392   2.805396   0.000007    34.3008    34.2999     7.4381    27.5689    27.5682    34.3003    27.5685    1446.30    1446.30    -0.5658  1027.7836    34.4659 0.0000e+00
       4267 312.959939  -62.31017  -58.54809      0.893    1446.04     45.000     44.563    -0.5661    -0.5652     0.0008    -0.5674    -0.5666     0.0008   2.805315   2.805332   0.000006    34.3011    34.3002     7.4262    27.5692    27.5684    34.3004    27.5686    1446.31    1446.31    -0.5674  1027.7885    34.4660 0.0000e+00
       4294 312.959952  -62.31018  -58.54808      0.890    1446.04     46.000     45.553    -0.5687    -0.5665     0.0022    -0.5701    -0.5679     0.0022   2.805180   2.805271   0.000091    34.3015    34.3003     7.4132    27.5697    27.5686    34.3009    27.5692    1446.32    1446.33    -0.5700  1027.7939    34.4666 0.0000e+00
       4322 312.959966  -62.31018  -58.54808      0.874    1446.04     47.000     46.543    -0.5697    -0.5694     0.0003    -0.5711    -0.5708     0.0003   2.805143   2.805107  -0.000027    34.3013    34.3006     7.4049    27.5695    27.5689    34.3009    27.5692    1446.33    1446.33    -0.5711  1027.7987    34.4666 0.0000e+00
       4350 312.959979  -62.31018  -58.54808      0.861    1446.04     48.000     47.533    -0.5695    -0.5692     0.0004    -0.5710    -0.5706     0.0004   2.805201   2.805170  -0.000032    34.3012    34.3004     7.3921    27.5695    27.5688    34.3009    27.5692    1446.34    1446.35    -0.5709  1027.8035    34.4666 0.0000e+00
       4380 312.959993  -62.31020  -58.54806      0.825    1446.04     49.000     48.523    -0.5704    -0.5686     0.0018    -0.5719    -0.5701     0.0018   2.805194   2.805231   0.000038    34.3016    34.3000     7.3875    27.5698    27.5685    34.3012    27.5695    1446.36    1446.36    -0.5718  1027.8085    34.4669 0.0000e+00
       4409 312.960008  -62.31020  -58.54806      0.804    1446.04     50.000     49.514    -0.5712    -0.5705     0.0007    -0.5727    -0.5720     0.0007   2.805172   2.805157  -0.000017    34.3015    34.3005     7.3815    27.5698    27.5689    34.3011    27.5695    1446.37    1446.37    -0.5727  1027.8133    34.4668 0.0000e+00
