Pos-Processados/process_op42/operantar42_047.cnv
* Sea-Bird SBE 9 Data File:
* FileName = C:\Users\Hidrografia\Desktop\OPXLII\Brutos\OP42047.hdr
* Software Version Seasave V 7.26.7.107
* Temperature SN = 6502
* Conductivity SN = 4998
* Number of Bytes Per Scan = 37
* Number of Voltage Words = 4
* Number of Scans Averaged by the Deck Unit = 1
* NMEA Latitude = 62 08.18 S
* NMEA Longitude = 058 26.60 W
* NMEA UTC (Time) = Nov 09 2023 22:04:48
* NMEA baud rate = 4800
** H41
** NPOALTEMAXIMIANO
** NUMERO DA ESTACAO (XXX) 047
** LAT (XX XX.XX S/N) 62 08. S
** LONG (XXX XX.XX W/E) 058 26. W
** DATAHORA (dd/mm/aaaa hh:mm Z) 09/11/2023 2205Z
** PROFUNDIDADE (m) 424
** OPERADOR 1T ZAMITH
# nquan = 30
# nvalues = 758                         
# units = specified
# name 0 = scan: Scan Count
# name 1 = timeJ: Julian Days
# name 2 = latitude: Latitude [deg]
# name 3 = longitude: Longitude [deg]
# name 4 = dz/dtM: Descent Rate [m/s]
# name 5 = avgsvCM: Average Sound Velocity [Chen-Millero, m/s]
# name 6 = prDM: Pressure, Digiquartz [db]
# name 7 = depSM: Depth [salt water, m]
# name 8 = t090C: Temperature [ITS-90, deg C]
# name 9 = t190C: Temperature, 2 [ITS-90, deg C]
# name 10 = T2-T190C: Temperature Difference, 2 - 1 [ITS-90, deg C]
# name 11 = potemp090C: Potential Temperature [ITS-90, deg C]
# name 12 = potemp190C: Potential Temperature, 2 [ITS-90, deg C]
# name 13 = potemp90Cdiff: Potential Temperature, Diff, 2 - 1 [ITS-90, deg C]
# name 14 = c0S/m: Conductivity [S/m]
# name 15 = c1S/m: Conductivity, 2 [S/m]
# name 16 = C2-C1S/m: Conductivity Difference, 2 - 1 [S/m]
# name 17 = sal00: Salinity, Practical [PSU]
# name 18 = sal11: Salinity, Practical, 2 [PSU]
# name 19 = sbeox0ML/L: Oxygen, SBE 43 [ml/l]
# name 20 = sigma-é00: Density [sigma-theta, kg/m^3]
# name 21 = sigma-é11: Density, 2 [sigma-theta, kg/m^3]
# name 22 = sal00: Salinity, Practical [PSU]
# name 23 = sigma-é00: Density [sigma-theta, kg/m^3]
# name 24 = svCM: Sound Velocity [Chen-Millero, m/s]
# name 25 = svCM1: Sound Velocity, 2 [Chen-Millero, m/s]
# name 26 = gsw_ptA0: potential temperature [ITS-90, deg C]
# name 27 = gsw_densityA0: density, TEOS-10 [density, kg/m^3]
# name 28 = gsw_saA0: Absolute Salinity [g/kg]
# name 29 = flag:
# span 0 =       3680,      24003       
# span 1 = 313.921774, 313.931575       
# span 2 =  -62.14044,  -62.13700       
# span 3 =  -58.44264,  -58.43722       
# span 4 =     -1.256,      1.101       
# span 5 =      -0.00,    1448.34       
# span 6 =      3.000,    382.000       
# span 7 =      3.000,    377.967       
# span 8 =    -0.7990,    -0.4888       
# span 9 =    -0.7986,    -0.4882       
# span 10 =    -0.0133,     0.0152      
# span 11 =    -0.8055,    -0.5018      
# span 12 =    -0.8051,    -0.5012      
# span 13 =    -0.0132,     0.0152      
# span 14 =   2.793571,   2.834954      
# span 15 =   2.793967,   2.834921      
# span 16 =  -0.001084,   0.001372      
# span 17 =    34.2747,    34.4052      
# span 18 =    34.2721,    34.4041      
# span 19 =     6.6502,     7.8420      
# span 20 =    27.5464,    27.6505      
# span 21 =    27.5438,    27.6496      
# span 22 =    34.2749,    34.4052      
# span 23 =    27.5466,    27.6505      
# span 24 =    1445.68,    1452.30      
# span 25 =    1445.68,    1452.30      
# span 26 =    -0.8053,    -0.5016      
# span 27 =  1027.5681,  1029.4716      
# span 28 =    34.4368,    34.5740      
# span 29 = 0.0000e+00, 0.0000e+00      
# interval = decibars: 1                
# start_time = Nov 09 2023 22:04:48 [NMEA time, header]
# bad_flag = -9.990e-29
*END*
[from data line 291]
      11103 313.925354  -62.13822 -9.990e-29      1.040    1447.38    295.000    291.962    -0.6688    -0.6676     0.0012    -0.6781    -0.6769     0.0012   2.811368   2.811404   0.000035    34.3443    34.3435     7.1597    27.6090    27.6083    34.3445    27.6091    1449.96    1449.96    -0.6779  1029.0253    34.5147 0.0000e+00
      11126 313.925365  -62.13823 -9.990e-29      1.054    1447.38    296.000    292.950    -0.6687    -0.6679     0.0008    -0.6781    -0.6773     0.0008   2.811421   2.811416  -0.000001    34.3444    34.3435     7.1568    27.6091    27.6083    34.3446    27.6092    1449.97    1449.98    -0.6779  1029.0301    34.5148 0.0000e+00
      11149 313.925376  -62.13824  -58.44074      1.052    1447.38    297.000    293.939    -0.6684    -0.6678     0.0006    -0.6778    -0.6772     0.0006   2.811500   2.811476  -0.000023    34.3445    34.3435     7.1511    27.6091    27.6083    34.3447    27.6093    1449.99    1449.99    -0.6776  1029.0298    34.5085 0.0000e+00
      11172 313.925387 -9.990e-29  -58.44074      1.050    1447.38    298.000    294.928    -0.6678    -0.6670     0.0007    -0.6772    -0.6765     0.0007   2.811625   2.811607  -0.000015    34.3448    34.3438     7.1504    27.6093    27.6085    34.3450    27.6095    1450.01    1450.01    -0.6770  1029.0333    34.5070 0.0000e+00
      11195 313.925398 -9.990e-29  -58.44074      1.038    1447.38    299.000    295.917    -0.6671    -0.6663     0.0008    -0.6766    -0.6758     0.0008   2.811738   2.811732  -0.000008    34.3450    34.3440     7.1451    27.6095    27.6087    34.3452    27.6096    1450.03    1450.03    -0.6764  1029.0382    34.5072 0.0000e+00
      11220 313.925410 -9.990e-29  -58.44072      1.003    1447.38    300.000    296.906    -0.6666    -0.6659     0.0006    -0.6761    -0.6754     0.0006   2.811857   2.811837  -0.000020    34.3454    34.3444     7.1368    27.6097    27.6089    34.3456    27.6099    1450.05    1450.05    -0.6759  1029.0432    34.5075 0.0000e+00
      11245 313.925423  -62.13826  -58.44071      0.958    1447.38    301.000    297.896    -0.6661    -0.6654     0.0007    -0.6756    -0.6749     0.0007   2.811956   2.811933  -0.000022    34.3455    34.3445     7.1386    27.6099    27.6090    34.3457    27.6100    1450.07    1450.07    -0.6754  1029.0509    34.5112 0.0000e+00
      11272 313.925435  -62.13826  -58.44070      0.916    1447.38    302.000    298.885    -0.6658    -0.6653     0.0006    -0.6754    -0.6749     0.0006   2.812026   2.811990  -0.000038    34.3456    34.3444     7.1460    27.6099    27.6089    34.3458    27.6101    1450.09    1450.09    -0.6752  1029.0576    34.5136 0.0000e+00
      11297 313.925448  -62.13826  -58.44070      0.924    1447.38    303.000    299.873    -0.6652    -0.6645     0.0008    -0.6749    -0.6741     0.0008   2.812142   2.812127  -0.000016    34.3459    34.3448     7.1409    27.6101    27.6092    34.3461    27.6103    1450.11    1450.11    -0.6746  1029.0625    34.5139 0.0000e+00
      11321 313.925459  -62.13826  -58.44069      0.973    1447.38    304.000    300.862    -0.6650    -0.6642     0.0008    -0.6746    -0.6738     0.0008   2.812223   2.812207  -0.000015    34.3461    34.3450     7.1338    27.6103    27.6093    34.3463    27.6104    1450.13    1450.13    -0.6744  1029.0674    34.5141 0.0000e+00
      11344 313.925470  -62.13826  -58.44068      1.019    1447.38    305.000    301.851    -0.6645    -0.6638     0.0007    -0.6742    -0.6735     0.0007   2.812316   2.812294  -0.000024    34.3462    34.3451     7.1372    27.6103    27.6094    34.3464    27.6105    1450.14    1450.15    -0.6740  1029.0695    34.5108 0.0000e+00
      11366 313.925481 -9.990e-29  -58.44068      1.057    1447.38    306.000    302.840    -0.6630    -0.6626     0.0004    -0.6727    -0.6723     0.0004   2.812537   2.812499  -0.000036    34.3466    34.3457     7.1373    27.6106    27.6098    34.3470    27.6110    1450.17    1450.17    -0.6725  1029.0727    34.5090 0.0000e+00
      11389 313.925492 -9.990e-29  -58.44068      1.078    1447.38    307.000    303.829    -0.6623    -0.6616     0.0007    -0.6720    -0.6714     0.0007   2.812675   2.812643  -0.000034    34.3472    34.3460     7.1311    27.6111    27.6101    34.3475    27.6113    1450.19    1450.19    -0.6718  1029.0778    34.5094 0.0000e+00
      11412 313.925503 -9.990e-29  -58.44066      1.064    1447.38    308.000    304.818    -0.6615    -0.6606     0.0009    -0.6713    -0.6704     0.0009   2.812801   2.812808 -6.549e-07    34.3475    34.3464     7.1282    27.6112    27.6104    34.3477    27.6114    1450.21    1450.21    -0.6711  1029.0827    34.5096 0.0000e+00
      11436 313.925514  -62.13828  -58.44066      1.019    1447.38    309.000    305.807    -0.6609    -0.6600     0.0009    -0.6707    -0.6698     0.0009   2.812927   2.812918  -0.000004    34.3478    34.3467     7.1308    27.6115    27.6106    34.3481    27.6117    1450.23    1450.23    -0.6705  1029.0887    34.5112 0.0000e+00
      11460 313.925526  -62.13828  -58.44066      0.998    1447.38    310.000    306.795    -0.6601    -0.6595     0.0007    -0.6700    -0.6693     0.0007   2.813065   2.813036  -0.000028    34.3480    34.3469     7.1314    27.6116    27.6107    34.3484    27.6120    1450.25    1450.25    -0.6698  1029.0975    34.5163 0.0000e+00
      11483 313.925537  -62.13830  -58.44064      1.021    1447.66    311.000    307.784    -0.6585    -0.6577     0.0007    -0.6684    -0.6676     0.0007   2.813309   2.813289  -0.000022    34.3489    34.3479     7.1255    27.6123    27.6114    34.3492    27.6126    1450.27    1450.28    -0.6682  1029.1028    34.5171 0.0000e+00
      11506 313.925548  -62.13830  -58.44064      1.033    1447.85    312.000    308.774    -0.6583    -0.6575     0.0007    -0.6682    -0.6675     0.0007   2.813355   2.813342  -0.000015    34.3488    34.3478     7.1240    27.6122    27.6114    34.3490    27.6124    1450.29    1450.29    -0.6680  1029.1074    34.5169 0.0000e+00
      11530 313.925560  -62.13830  -58.44064      1.015    1447.85    313.000    309.763    -0.6570    -0.6565     0.0006    -0.6670    -0.6664     0.0006   2.813540   2.813522  -0.000018    34.3490    34.3481     7.1194    27.6123    27.6115    34.3495    27.6127    1450.31    1450.31    -0.6668  1029.1125    34.5174 0.0000e+00
      11555 313.925572  -62.13830  -58.44062      0.985    1447.85    314.000    310.751    -0.6554    -0.6550     0.0004    -0.6654    -0.6650     0.0004   2.813792   2.813726  -0.000063    34.3502    34.3489     7.1123    27.6132    27.6121    34.3505    27.6134    1450.34    1450.34    -0.6652  1029.1179    34.5183 0.0000e+00
      11581 313.925584  -62.13831  -58.44061      0.948    1447.85    315.000    311.740    -0.6542    -0.6534     0.0007    -0.6642    -0.6635     0.0007   2.813989   2.813961  -0.000030    34.3507    34.3495     7.1096    27.6136    27.6125    34.3511    27.6139    1450.36    1450.36    -0.6640  1029.1231    34.5190 0.0000e+00
      11607 313.925597  -62.13832  -58.44060      0.913    1447.85    316.000    312.729    -0.6527    -0.6525     0.0002    -0.6628    -0.6626     0.0002   2.814188   2.814126  -0.000062    34.3510    34.3500     7.1066    27.6138    27.6129    34.3515    27.6141    1450.39    1450.38    -0.6626  1029.1281    34.5194 0.0000e+00
      11632 313.925609  -62.13832  -58.44060      0.937    1447.85    317.000    313.718    -0.6513    -0.6507     0.0007    -0.6614    -0.6608     0.0007   2.814410   2.814375  -0.000031    34.3519    34.3507     7.1076    27.6144    27.6135    34.3523    27.6148    1450.41    1450.41    -0.6612  1029.1334    34.5202 0.0000e+00
      11655 313.925620  -62.13832  -58.44060      1.011    1447.85    318.000    314.707    -0.6512    -0.6504     0.0007    -0.6613    -0.6606     0.0007   2.814483   2.814461  -0.000018    34.3521    34.3511     7.1070    27.6146    27.6137    34.3525    27.6149    1450.43    1450.43    -0.6611  1029.1383    34.5204 0.0000e+00
      11677 313.925631  -62.13832  -58.44060      1.068    1447.85    319.000    315.696    -0.6502    -0.6495     0.0007    -0.6605    -0.6597     0.0007   2.814642   2.814618  -0.000029    34.3527    34.3514     7.1000    27.6150    27.6140    34.3530    27.6153    1450.45    1450.45    -0.6602  1029.1434    34.5209 0.0000e+00
      11699 313.925641  -62.13832  -58.44058      1.089    1447.85    320.000    316.685    -0.6488    -0.6481     0.0006    -0.6590    -0.6584     0.0006   2.814853   2.814818  -0.000034    34.3530    34.3518     7.0930    27.6152    27.6142    34.3536    27.6157    1450.47    1450.47    -0.6588  1029.1486    34.5215 0.0000e+00
      11721 313.925652  -62.13834  -58.44058      1.079    1447.85    321.000    317.673    -0.6470    -0.6458     0.0011    -0.6573    -0.6561     0.0011   2.815128   2.815122   0.000015    34.3537    34.3526     7.0853    27.6157    27.6147    34.3547    27.6165    1450.50    1450.50    -0.6571  1029.1541    34.5225 0.0000e+00
      11745 313.925664  -62.13834  -58.44056      1.045    1447.85    322.000    318.662    -0.6317    -0.6317     0.0000    -0.6420    -0.6420     0.0000   2.816765   2.816787  -0.000002    34.3562    34.3562     7.0852    27.6171    27.6171    34.3588    27.6192    1450.59    1450.59    -0.6418  1029.1614    34.5267 0.0000e+00
      11769 313.925675  -62.13834  -58.44056      0.998    1447.85    323.000    319.651    -0.6231    -0.6219     0.0013    -0.6336    -0.6323     0.0013   2.817814   2.817849   0.000041    34.3614    34.3605     7.0805    27.6209    27.6201    34.3626    27.6219    1450.65    1450.66    -0.6333  1029.1687    34.5305 0.0000e+00
      11794 313.925687  -62.13834  -58.44056      0.963    1447.85    324.000    320.640    -0.6219    -0.6213     0.0005    -0.6323    -0.6318     0.0005   2.818029   2.817985  -0.000046    34.3624    34.3612     7.0777    27.6217    27.6207    34.3634    27.6225    1450.68    1450.68    -0.6321  1029.1741    34.5314 0.0000e+00
      11819 313.925699  -62.13836  -58.44054      0.976    1447.85    325.000    321.629    -0.6205    -0.6197     0.0008    -0.6310    -0.6302     0.0008   2.818243   2.818228  -0.000013    34.3632    34.3621     7.0548    27.6222    27.6213    34.3642    27.6231    1450.70    1450.70    -0.6308  1029.1794    34.5321 0.0000e+00
      11842 313.925711  -62.13836  -58.44054      0.998    1447.85    326.000    322.618    -0.6198    -0.6190     0.0008    -0.6304    -0.6296     0.0008   2.818388   2.818357  -0.000036    34.3640    34.3626     7.0332    27.6229    27.6217    34.3648    27.6235    1450.72    1450.72    -0.6301  1029.1846    34.5327 0.0000e+00
      11866 313.925722  -62.13836  -58.44054      1.006    1447.85    327.000    323.607    -0.6177    -0.6163     0.0014    -0.6282    -0.6269     0.0013   2.818683   2.818726   0.000038    34.3646    34.3635     7.0065    27.6232    27.6223    34.3657    27.6241    1450.75    1450.75    -0.6280  1029.1899    34.5336 0.0000e+00
      11891 313.925734  -62.13836  -58.44052      1.000    1447.85    328.000    324.595    -0.6151    -0.6144     0.0007    -0.6257    -0.6250     0.0007   2.818993   2.818992   0.000006    34.3655    34.3648     6.9941    27.6239    27.6233    34.3663    27.6245    1450.78    1450.78    -0.6255  1029.1951    34.5343 0.0000e+00
      11915 313.925746  -62.13836  -58.44052      0.980    1447.85    329.000    325.585    -0.6147    -0.6142     0.0005    -0.6254    -0.6249     0.0005   2.819137   2.819088  -0.000051    34.3665    34.3652     6.9930    27.6247    27.6236    34.3672    27.6252    1450.80    1450.80    -0.6251  1029.2005    34.5351 0.0000e+00
      11942 313.925758  -62.13838  -58.44051      0.931    1447.85    330.000    326.573    -0.6143    -0.6136     0.0007    -0.6250    -0.6243     0.0007   2.819251   2.819230  -0.000019    34.3670    34.3659     6.9900    27.6250    27.6242    34.3677    27.6256    1450.82    1450.82    -0.6248  1029.2056    34.5356 0.0000e+00
      11967 313.925771  -62.13838  -58.44050      0.929    1447.85    331.000    327.562    -0.6133    -0.6125     0.0008    -0.6240    -0.6232     0.0008   2.819447   2.819445  -0.000010    34.3680    34.3669     6.9858    27.6258    27.6250    34.3685    27.6263    1450.84    1450.84    -0.6238  1029.2110    34.5365 0.0000e+00
      11990 313.925782  -62.13838  -58.44050      0.990    1447.85    332.000    328.551    -0.6123    -0.6113     0.0009    -0.6230    -0.6221     0.0009   2.819636   2.819636   0.000003    34.3686    34.3676     6.9727    27.6263    27.6254    34.3694    27.6269    1450.86    1450.86    -0.6228  1029.2164    34.5373 0.0000e+00
      12012 313.925793  -62.13838  -58.44050      1.054    1447.85    333.000    329.539    -0.6116    -0.6106     0.0010    -0.6225    -0.6214     0.0010   2.819741   2.819781   0.000043    34.3689    34.3683     6.9646    27.6265    27.6260    34.3695    27.6269    1450.88    1450.88    -0.6222  1029.2212    34.5374 0.0000e+00
      12035 313.925804  -62.13838  -58.44048      1.070    1447.85    334.000    330.528    -0.6112    -0.6106     0.0007    -0.6221    -0.6214     0.0007   2.819895   2.819885  -0.000012    34.3700    34.3690     6.9591    27.6273    27.6265    34.3704    27.6277    1450.90    1450.90    -0.6218  1029.2267    34.5384 0.0000e+00
      12060 313.925816  -62.13840  -58.44048      1.005    1447.85    335.000    331.517    -0.6131    -0.6124     0.0007    -0.6240    -0.6233     0.0007   2.819979   2.819953  -0.000023    34.3728    34.3716     6.9614    27.6297    27.6287    34.3731    27.6299    1450.91    1450.91    -0.6238  1029.2337    34.5410 0.0000e+00
      12088 313.925829  -62.13840  -58.44047      0.909    1447.85    336.000    332.506    -0.6134    -0.6126     0.0008    -0.6243    -0.6235     0.0008   2.820031   2.819993  -0.000039    34.3733    34.3718     6.9575    27.6301    27.6289    34.3735    27.6303    1450.93    1450.93    -0.6241  1029.2388    34.5415 0.0000e+00
      12115 313.925842  -62.13840  -58.44046      0.865    1447.85    337.000    333.495    -0.6135    -0.6128     0.0007    -0.6245    -0.6238     0.0007   2.820066   2.820064  -0.000005    34.3733    34.3724     6.9486    27.6301    27.6294    34.3735    27.6303    1450.94    1450.94    -0.6242  1029.2435    34.5415 0.0000e+00
      12141 313.925855  -62.13841  -58.44045      0.896    1447.85    338.000    334.484    -0.6114    -0.6101     0.0013    -0.6224    -0.6211     0.0013   2.820332   2.820398   0.000062    34.3735    34.3729     6.9366    27.6302    27.6296    34.3741    27.6307    1450.97    1450.97    -0.6222  1029.2487    34.5421 0.0000e+00
      12165 313.925866  -62.13842  -58.44044      0.967    1447.85    339.000    335.473    -0.6100    -0.6091     0.0009    -0.6210    -0.6201     0.0009   2.820555   2.820553   0.000009    34.3745    34.3735     6.9321    27.6309    27.6301    34.3749    27.6313    1450.99    1451.00    -0.6208  1029.2540    34.5429 0.0000e+00
      12189 313.925878  -62.13842  -58.44044      1.016    1447.85    340.000    336.461    -0.6093    -0.6089     0.0004    -0.6203    -0.6200     0.0004   2.820652   2.820625  -0.000027    34.3744    34.3736     6.9317    27.6309    27.6302    34.3748    27.6312    1451.01    1451.01    -0.6201  1029.2586    34.5428 0.0000e+00
      12212 313.925889  -62.13842  -58.44043      1.027    1447.85    341.000    337.450    -0.6080    -0.6071     0.0008    -0.6191    -0.6182     0.0008   2.820780   2.820790   0.000004    34.3741    34.3733     6.9288    27.6306    27.6298    34.3744    27.6308    1451.03    1451.04    -0.6189  1029.2630    34.5424 0.0000e+00
