Pos-Processados/process_op42/operantar42_001.ros
* Sea-Bird SBE 9 Data File:
* FileName = C:\Users\Hidrografia\Desktop\OPXLII\Brutos\OP42001.hdr
* Software Version Seasave V 7.26.7.107
* Temperature SN = 6502
* Conductivity SN = 4998
* Number of Bytes Per Scan = 37
* Number of Voltage Words = 4
* Number of Scans Averaged by the Deck Unit = 1
* NMEA Latitude = 37 22.97 S
* NMEA Longitude = 051 25.37 W
* NMEA UTC (Time) = Oct 16 2023 02:33:28
* NMEA baud rate = 4800
** H41
** NPOALTEMAXIMIANO
** NUMERO DA ESTACAO (XXX) 001
** LAT (XX XX.XX S/N) 37 21.653 S
** LONG (XXX XX.XX W/E) 51 23.878 W
** DATAHORA (dd/mm/aaaa hh:mm Z) 16/10/2023 0155
** PROFUNDIDADE (m) 4344
** OPERADOR CT FILIPE LOPES
# nquan = 24
# nvalues = 3667                                  
# units = specified
# name 0 = scan: Scan Count
# name 1 = timeJ: Julian Days
# name 2 = latitude: Latitude [deg]
# name 3 = longitude: Longitude [deg]
# name 4 = dz/dtM: Descent Rate [m/s]
# name 5 = avgsvCM: Average Sound Velocity [Chen-Millero, m/s]
# name 6 = prDM: Pressure, Digiquartz [db]
# name 7 = depSM: Depth [salt water, m]
# name 8 = t090C: Temperature [ITS-90, deg C]
# name 9 = t190C: Temperature, 2 [ITS-90, deg C]
# name 10 = T2-T190C: Temperature Difference, 2 - 1 [ITS-90, deg C]
# name 11 = potemp090C: Potential Temperature [ITS-90, deg C]
# name 12 = potemp190C: Potential Temperature, 2 [ITS-90, deg C]
# name 13 = potemp90Cdiff: Potential Temperature, Diff, 2 - 1 [ITS-90, deg C]
# name 14 = c0S/m: Conductivity [S/m]
# name 15 = c1S/m: Conductivity, 2 [S/m]
# name 16 = C2-C1S/m: Conductivity Difference, 2 - 1 [S/m]
# name 17 = sal00: Salinity, Practical [PSU]
# name 18 = sal11: Salinity, Practical, 2 [PSU]
# name 19 = sbeox0ML/L: Oxygen, SBE 43 [ml/l]
# name 20 = sigma-é00: Density [sigma-theta, kg/m^3]
# name 21 = sigma-é11: Density, 2 [sigma-theta, kg/m^3]
# name 22 = nbf: Bottles Fired
# name 23 = flag:  0.000e+00
# interval = seconds: 0.0416667
# start_time = Oct 16 2023 02:33:28 [NMEA time, header]
# bad_flag = -9.990e-29
*END*
[from data line 785]
      73540 289.142038  -37.39998  -51.44764     -0.043    1502.20     30.283     30.055    18.7168    18.7180     0.0013    18.7114    18.7127     0.0013   4.816600   4.816911   0.000311    36.2944    36.2959     5.0878    26.0848    26.0856          5  0.000e+00
      73541 289.142039  -37.39998  -51.44764     -0.038    1502.20     30.210     29.983    18.7168    18.7182     0.0014    18.7114    18.7129     0.0014   4.816678   4.816932   0.000254    36.2950    36.2959     5.0878    26.0853    26.0856          5  0.000e+00
      73542 289.142039  -37.39998  -51.44764     -0.034    1502.20     30.266     30.039    18.7168    18.7179     0.0011    18.7114    18.7125     0.0011   4.816692   4.816946   0.000254    36.2951    36.2963     5.0877    26.0854    26.0860          5  0.000e+00
      73543 289.142040  -37.39998  -51.44764     -0.037    1502.20     30.218     29.991    18.7166    18.7180     0.0014    18.7112    18.7126     0.0014   4.816614   4.816883   0.000269    36.2946    36.2957     5.0875    26.0850    26.0855          5  0.000e+00
      73544 289.142040  -37.39998  -51.44764     -0.031    1502.20     30.266     30.039    18.7164    18.7184     0.0020    18.7111    18.7130     0.0020   4.816650   4.816925   0.000275    36.2951    36.2957     5.0873    26.0854    26.0854          5  0.000e+00
      73545 289.142041  -37.39998  -51.44764     -0.034    1502.20     30.210     29.983    18.7163    18.7184     0.0021    18.7109    18.7130     0.0021   4.816558   4.816911   0.000353    36.2945    36.2956     5.0874    26.0850    26.0853          5  0.000e+00
      73546 289.142041  -37.39998  -51.44764     -0.032    1502.20     30.218     29.991    18.7159    18.7180     0.0021    18.7106    18.7127     0.0021   4.816480   4.816932   0.000452    36.2941    36.2961     5.0836    26.0848    26.0858          5  0.000e+00
      73547 289.142042  -37.39998  -51.44764     -0.030    1502.20     30.266     30.039    18.7163    18.7182     0.0020    18.7109    18.7129     0.0020   4.816558   4.816967   0.000409    36.2944    36.2962     5.0867    26.0850    26.0858          6  0.000e+00
      73548 289.142042  -37.39998  -51.44764     -0.028    1502.20     30.218     29.991    18.7164    18.7182     0.0017    18.7111    18.7128     0.0017   4.816629   4.816953   0.000324    36.2949    36.2961     5.0866    26.0853    26.0858          6  0.000e+00
      73549 289.142043  -37.39998  -51.44764     -0.025    1502.20     30.267     30.039    18.7166    18.7184     0.0018    18.7112    18.7130     0.0018   4.816636   4.816911   0.000275    36.2948    36.2956     5.0866    26.0852    26.0853          6  0.000e+00
      73550 289.142043  -37.39998  -51.44764     -0.023    1502.20     30.210     29.984    18.7169    18.7182     0.0013    18.7116    18.7129     0.0013   4.816657   4.816932   0.000275    36.2947    36.2959     5.0862    26.0850    26.0856          6  0.000e+00
      73551 289.142044  -37.39998  -51.44764     -0.024    1502.20     30.218     29.992    18.7169    18.7186     0.0016    18.7116    18.7132     0.0016   4.816586   4.816946   0.000360    36.2941    36.2957     5.0860    26.0845    26.0854          6  0.000e+00
      73552 289.142044  -37.39998  -51.44764     -0.021    1502.20     30.267     30.039    18.7164    18.7187     0.0023    18.7111    18.7134     0.0023   4.816551   4.816967   0.000416    36.2942    36.2957     5.0857    26.0848    26.0853          6  0.000e+00
      73553 289.142045  -37.39998  -51.44764     -0.019    1502.20     30.210     29.984    18.7166    18.7188     0.0022    18.7113    18.7135     0.0022   4.816636   4.816981   0.000345    36.2948    36.2958     5.0853    26.0852    26.0853          6  0.000e+00
      73554 289.142045  -37.39998  -51.44764     -0.016    1502.20     30.283     30.055    18.7169    18.7186     0.0016    18.7116    18.7132     0.0016   4.816678   4.816981   0.000303    36.2949    36.2960     5.0849    26.0851    26.0856          6  0.000e+00
      73555 289.142046  -37.39998  -51.44764     -0.016    1502.20     30.210     29.984    18.7169    18.7184     0.0014    18.7116    18.7130     0.0014   4.816643   4.816953   0.000310    36.2946    36.2959     5.0847    26.0849    26.0856          6  0.000e+00
      73556 289.142046  -37.39998  -51.44764     -0.016    1502.20     30.218     29.992    18.7164    18.7182     0.0018    18.7111    18.7129     0.0018   4.816572   4.816967   0.000395    36.2944    36.2962     5.0847    26.0849    26.0858          6  0.000e+00
      73557 289.142047  -37.39998  -51.44764     -0.012    1502.20     30.267     30.040    18.7164    18.7182     0.0018    18.7111    18.7129     0.0018   4.816614   4.816953   0.000338    36.2948    36.2961     5.0845    26.0852    26.0857          6  0.000e+00
      73558 289.142047  -37.39998  -51.44764     -0.010    1502.20     30.267     30.040    18.7169    18.7182     0.0012    18.7116    18.7128     0.0012   4.816664   4.816946   0.000282    36.2947    36.2960     5.0843    26.0850    26.0857          6  0.000e+00
      73559 289.142048  -37.39998  -51.44764     -0.010    1502.20     30.218     29.992    18.7169    18.7182     0.0013    18.7116    18.7129     0.0013   4.816671   4.816946   0.000275    36.2948    36.2960     5.0838    26.0851    26.0857          6  0.000e+00
      73560 289.142048  -37.39998  -51.44764     -0.009    1502.20     30.210     29.984    18.7171    18.7182     0.0011    18.7118    18.7129     0.0011   4.816678   4.816946   0.000268    36.2947    36.2960     5.0836    26.0850    26.0857          6  0.000e+00
      73561 289.142049  -37.39998  -51.44764     -0.006    1502.20     30.267     30.040    18.7172    18.7184     0.0012    18.7118    18.7130     0.0012   4.816671   4.816911   0.000240    36.2946    36.2956     5.0835    26.0849    26.0853          6  0.000e+00
      73562 289.142049  -37.39998  -51.44764     -0.010    1502.20     30.218     29.992    18.7175    18.7182     0.0008    18.7121    18.7129     0.0008   4.816734   4.816967   0.000232    36.2949    36.2962     5.0832    26.0850    26.0858          6  0.000e+00
      73563 289.142050  -37.39998  -51.44764     -0.009    1502.20     30.210     29.984    18.7171    18.7180     0.0009    18.7118    18.7126     0.0009   4.816671   4.816925   0.000254    36.2947    36.2960     5.0830    26.0849    26.0858          6  0.000e+00
      73564 289.142050  -37.39998  -51.44764     -0.008    1502.20     30.283     30.056    18.7168    18.7180     0.0013    18.7114    18.7127     0.0013   4.816600   4.816876   0.000276    36.2944    36.2956     5.0828    26.0848    26.0854          6  0.000e+00
      73565 289.142051  -37.39998  -51.44764     -0.004    1502.20     30.210     29.984    18.7166    18.7182     0.0016    18.7113    18.7129     0.0016   4.816622   4.816925   0.000303    36.2947    36.2959     5.0825    26.0851    26.0855          6  0.000e+00
      73566 289.142051  -37.39998  -51.44764     -0.004    1502.20     30.267     30.040    18.7169    18.7184     0.0014    18.7116    18.7130     0.0014   4.816692   4.816946   0.000254    36.2950    36.2959     5.0823    26.0852    26.0855          6  0.000e+00
      73567 289.142052  -37.39998  -51.44764     -0.004    1502.20     30.218     29.992    18.7169    18.7184     0.0014    18.7116    18.7130     0.0014   4.816657   4.816946   0.000289    36.2947    36.2959     5.0820    26.0850    26.0855          6  0.000e+00
      73568 289.142052  -37.39998  -51.44764     -0.007    1502.20     30.210     29.984    18.7168    18.7180     0.0012    18.7114    18.7126     0.0012   4.816664   4.816911   0.000247    36.2949    36.2959     5.0820    26.0852    26.0857          6  0.000e+00
      73569 289.142052  -37.39998  -51.44764     -0.007    1502.20     30.210     29.984    18.7172    18.7180     0.0009    18.7118    18.7127     0.0009   4.816671   4.816904   0.000233    36.2946    36.2958     5.0819    26.0849    26.0856          6  0.000e+00
      73570 289.142053  -37.39998  -51.44764     -0.003    1502.20     30.283     30.056    18.7171    18.7184     0.0013    18.7117    18.7130     0.0013   4.816678   4.816904   0.000226    36.2947    36.2955     5.0820    26.0850    26.0852          6  0.000e+00
      73571 289.142053  -37.39998  -51.44764     -0.006    1502.20     30.210     29.984    18.7169    18.7184     0.0014    18.7116    18.7130     0.0014   4.816671   4.816994   0.000324    36.2948    36.2963     5.0819    26.0851    26.0858          6  0.000e+00
      73572 289.142054  -37.39998  -51.44764     -0.001    1502.20     30.283     30.056    18.7168    18.7182     0.0014    18.7114    18.7129     0.0014   4.816607   4.816988   0.000380    36.2944    36.2964     5.0823    26.0848    26.0859          6  0.000e+00
      73573 289.142054  -37.39998  -51.44764     -0.004    1502.20     30.210     29.984    18.7166    18.7186     0.0020    18.7113    18.7132     0.0020   4.816600   4.816981   0.000380    36.2945    36.2960     5.0822    26.0849    26.0856          6  0.000e+00
      73574 289.142055  -37.39998  -51.44764     -0.001    1502.20     30.267     30.040    18.7168    18.7180     0.0012    18.7114    18.7126     0.0012   4.816593   4.816953   0.000359    36.2943    36.2963     5.0822    26.0847    26.0859          6  0.000e+00
      73575 289.142055  -37.39998  -51.44764     -0.004    1502.20     30.219     29.992    18.7164    18.7179     0.0014    18.7111    18.7125     0.0014   4.816593   4.816911   0.000318    36.2946    36.2960     5.0822    26.0851    26.0858          6  0.000e+00
      73576 289.142056  -37.39998  -51.44764     -0.003    1502.20     30.210     29.984    18.7164    18.7179     0.0014    18.7111    18.7125     0.0014   4.816572   4.816904   0.000332    36.2944    36.2960     5.0822    26.0849    26.0857          6  0.000e+00
      73577 289.142056  -37.39998  -51.44764      0.001    1502.20     30.267     30.040    18.7164    18.7179     0.0014    18.7111    18.7125     0.0014   4.816551   4.816869   0.000318    36.2942    36.2957     5.0823    26.0848    26.0855          6  0.000e+00
      73578 289.142057  -37.39998  -51.44764     -0.002    1502.20     30.219     29.992    18.7166    18.7179     0.0013    18.7112    18.7125     0.0013   4.816671   4.816862   0.000191    36.2951    36.2956     5.0822    26.0854    26.0855          6  0.000e+00
      73579 289.142057  -37.39998  -51.44764     -0.005    1502.20     30.211     29.984    18.7166    18.7182     0.0016    18.7113    18.7128     0.0016   4.816657   4.816953   0.000296    36.2950    36.2961     5.0822    26.0853    26.0858          6  0.000e+00
      73580 289.142058  -37.40000  -51.44766     -0.004    1502.20     30.219     29.992    18.7164    18.7186     0.0021    18.7111    18.7132     0.0021   4.816537   4.816981   0.000444    36.2941    36.2960     5.0789    26.0847    26.0856          6  0.000e+00
      73581 289.142058  -37.40000  -51.44766     -0.003    1502.20     30.267     30.040    18.7164    18.7187     0.0023    18.7111    18.7134     0.0023   4.816600   4.817015   0.000415    36.2947    36.2961     5.0823    26.0851    26.0856          6  0.000e+00
      73582 289.142059  -37.40000  -51.44766     -0.003    1502.20     30.211     29.984    18.7168    18.7187     0.0020    18.7114    18.7134     0.0020   4.816614   4.816988   0.000373    36.2945    36.2959     5.0823    26.0849    26.0855          6  0.000e+00
      73583 289.142059  -37.40000  -51.44766     -0.002    1502.20     30.283     30.056    18.7164    18.7187     0.0023    18.7111    18.7134     0.0023   4.816565   4.817015   0.000450    36.2944    36.2961     5.0824    26.0849    26.0856          6  0.000e+00
      73584 289.142060  -37.40000  -51.44766     -0.001    1502.20     30.211     29.984    18.7168    18.7185     0.0018    18.7114    18.7132     0.0018   4.816636   4.816988   0.000352    36.2947    36.2961     5.0823    26.0850    26.0857          6  0.000e+00
      73585 289.142060  -37.40000  -51.44766     -0.001    1502.20     30.211     29.984    18.7169    18.7182     0.0013    18.7116    18.7129     0.0013   4.816678   4.816981   0.000303    36.2949    36.2963     5.0787    26.0851    26.0859          6  0.000e+00
      73586 289.142061  -37.40000  -51.44766      0.001    1502.20     30.283     30.056    18.7169    18.7177     0.0008    18.7116    18.7124     0.0008   4.816671   4.816890   0.000219    36.2948    36.2960     5.0785    26.0851    26.0858          6  0.000e+00
      73587 289.142061  -37.40000  -51.44766     -0.002    1502.20     30.211     29.984    18.7171    18.7172     0.0001    18.7118    18.7119     0.0001   4.816671   4.816827   0.000156    36.2947    36.2959     5.0782    26.0849    26.0859          6  0.000e+00
      73588 289.142062  -37.40000  -51.44766     -0.005    1502.20     30.219     29.992    18.7171    18.7176     0.0004    18.7118    18.7122     0.0004   4.816678   4.816793   0.000115    36.2947    36.2953     5.0780    26.0850    26.0853          6  0.000e+00
      73589 289.142062  -37.40000  -51.44766     -0.003    1502.20     30.211     29.984    18.7169    18.7176     0.0007    18.7116    18.7123     0.0007   4.816643   4.816841   0.000199    36.2946    36.2957     5.0779    26.0849    26.0855          6  0.000e+00
      73590 289.142063  -37.40000  -51.44766     -0.003    1502.20     30.267     30.040    18.7171    18.7176     0.0004    18.7118    18.7122     0.0004   4.816657   4.816862   0.000205    36.2945    36.2959     5.0777    26.0848    26.0857          6  0.000e+00
      73591 289.142063  -37.40000  -51.44766     -0.002    1502.20     30.219     29.992    18.7173    18.7174     0.0001    18.7119    18.7120     0.0001   4.816742   4.816827   0.000086    36.2951    36.2958     5.0811    26.0852    26.0857          6  0.000e+00
      73592 289.142064  -37.40000  -51.44766     -0.005    1502.20     30.211     29.984    18.7175    18.7174    -0.0001    18.7121    18.7120    -0.0001   4.816756   4.816855   0.000100    36.2951    36.2960     5.0775    26.0852    26.0859          6  0.000e+00
      73593 289.142064  -37.40000  -51.44766     -0.004    1502.20     30.211     29.984    18.7173    18.7177     0.0004    18.7120    18.7124     0.0004   4.816784   4.816862   0.000078    36.2954    36.2957     5.0774    26.0855    26.0856          6  0.000e+00
      73594 289.142065  -37.40000  -51.44766     -0.003    1502.20     30.283     30.056    18.7176    18.7179     0.0002    18.7123    18.7125     0.0002   4.816777   4.816897   0.000120    36.2951    36.2959     5.0772    26.0851    26.0857          6  0.000e+00
      73595 289.142065  -37.40000  -51.44766     -0.005    1502.20     30.211     29.984    18.7176    18.7178     0.0002    18.7123    18.7125     0.0002   4.816756   4.816904   0.000148    36.2949    36.2960     5.0768    26.0850    26.0858          6  0.000e+00
      73596 289.142065  -37.40000  -51.44766     -0.004    1502.20     30.219     29.992    18.7175    18.7179     0.0004    18.7121    18.7125     0.0004   4.816784   4.816904   0.000120    36.2953    36.2960     5.0767    26.0853    26.0857          6  0.000e+00
      73597 289.142066  -37.40000  -51.44766     -0.003    1502.20     30.267     30.040    18.7172    18.7182     0.0011    18.7118    18.7129     0.0011   4.816678   4.816904   0.000226    36.2947    36.2957     5.0766    26.0849    26.0854          6  0.000e+00
      73598 289.142066  -37.40000  -51.44766     -0.003    1502.20     30.211     29.984    18.7166    18.7177     0.0011    18.7113    18.7124     0.0011   4.816664   4.816904   0.000240    36.2951    36.2961     5.0765    26.0854    26.0859          6  0.000e+00
      73599 289.142067  -37.40000  -51.44766     -0.005    1502.20     30.219     29.992    18.7166    18.7177     0.0011    18.7112    18.7124     0.0011   4.816643   4.816904   0.000261    36.2949    36.2961     5.0764    26.0852    26.0859          6  0.000e+00
