Pos-Processados/process_op42/operantar42_023.cnv
* Sea-Bird SBE 9 Data File:
* FileName = C:\Users\Hidrografia\Desktop\OPXLII\Brutos\OP42023.hdr
* Software Version Seasave V 7.26.7.107
* Temperature SN = 6502
* Conductivity SN = 4998
* Number of Bytes Per Scan = 37
* Number of Voltage Words = 4
* Number of Scans Averaged by the Deck Unit = 1
* NMEA Latitude = 62 09.26 S
* NMEA Longitude = 058 24.38 W
* NMEA UTC (Time) = Nov 08 2023 09:02:28
* NMEA baud rate = 4800
** H41
** NPOALTEMAXIMIANO
** NUMERO DA ESTACAO (XXX) 023
** LAT (XX XX.XX S/N) 62 09.60 S
** LONG (XXX XX.XX W/E) 058 24.03 W
** DATAHORA (dd/mm/aaaa hh:mm Z) 08/11/2023 0901Z
** PROFUNDIDADE (m) 462
** OPERADOR CT FILIPE LOPES
# nquan = 30
# nvalues = 859                         
# units = specified
# name 0 = scan: Scan Count
# name 1 = timeJ: Julian Days
# name 2 = latitude: Latitude [deg]
# name 3 = longitude: Longitude [deg]
# name 4 = dz/dtM: Descent Rate [m/s]
# name 5 = avgsvCM: Average Sound Velocity [Chen-Millero, m/s]
# name 6 = prDM: Pressure, Digiquartz [db]
# name 7 = depSM: Depth [salt water, m]
# name 8 = t090C: Temperature [ITS-90, deg C]
# name 9 = t190C: Temperature, 2 [ITS-90, deg C]
# name 10 = T2-T190C: Temperature Difference, 2 - 1 [ITS-90, deg C]
# name 11 = potemp090C: Potential Temperature [ITS-90, deg C]
# name 12 = potemp190C: Potential Temperature, 2 [ITS-90, deg C]
# name 13 = potemp90Cdiff: Potential Temperature, Diff, 2 - 1 [ITS-90, deg C]
# name 14 = c0S/m: Conductivity [S/m]
# name 15 = c1S/m: Conductivity, 2 [S/m]
# name 16 = C2-C1S/m: Conductivity Difference, 2 - 1 [S/m]
# name 17 = sal00: Salinity, Practical [PSU]
# name 18 = sal11: Salinity, Practical, 2 [PSU]
# name 19 = sbeox0ML/L: Oxygen, SBE 43 [ml/l]
# name 20 = sigma-é00: Density [sigma-theta, kg/m^3]
# name 21 = sigma-é11: Density, 2 [sigma-theta, kg/m^3]
# name 22 = sal00: Salinity, Practical [PSU]
# name 23 = sigma-é00: Density [sigma-theta, kg/m^3]
# name 24 = svCM: Sound Velocity [Chen-Millero, m/s]
# name 25 = svCM1: Sound Velocity, 2 [Chen-Millero, m/s]
# name 26 = gsw_ptA0: potential temperature [ITS-90, deg C]
# name 27 = gsw_densityA0: density, TEOS-10 [density, kg/m^3]
# name 28 = gsw_saA0: Absolute Salinity [g/kg]
# name 29 = flag:
# span 0 =       5676,      33294       
# span 1 = 312.379450, 312.392769       
# span 2 =  -62.15478,  -62.15446       
# span 3 =  -58.40435,  -58.39391       
# span 4 =     -1.055,      1.090       
# span 5 =       0.00,    1448.49       
# span 6 =      2.000,    431.000       
# span 7 =      1.983,    426.411       
# span 8 =    -0.8457,    -0.5070       
# span 9 =    -0.8448,    -0.5047       
# span 10 =    -0.0078,     0.0144      
# span 11 =    -0.8519,    -0.5216      
# span 12 =    -0.8509,    -0.5193      
# span 13 =    -0.0078,     0.0143      
# span 14 =   2.789048,   2.836585      
# span 15 =   2.789015,   2.836675      
# span 16 =  -0.000744,   0.001388      
# span 17 =    34.2875,    34.4253      
# span 18 =    34.2863,    34.4233      
# span 19 =     6.5354,     7.6427      
# span 20 =    27.5606,    27.6690      
# span 21 =    27.5599,    27.6676      
# span 22 =    34.2777,    34.4229      
# span 23 =    27.5571,    27.6674      
# span 24 =    1445.42,    1452.97      
# span 25 =    1445.43,    1452.99      
# span 26 =    -0.8517,    -0.5213      
# span 27 =  1027.5749,  1029.7259      
# span 28 =    34.4441,    34.5913      
# span 29 = 0.0000e+00, 0.0000e+00      
# interval = decibars: 1                
# start_time = Nov 08 2023 09:02:28 [NMEA time, header]
# bad_flag = -9.990e-29
*END*
[from data line 532]
      24206 312.388386  -62.15478  -58.39767     -0.961    1448.49    328.000    324.595    -0.6474    -0.6454     0.0020    -0.6579    -0.6559     0.0020   2.817450   2.817560   0.000106    34.3826    34.3818     6.8458    27.6391    27.6384    34.3821    27.6387    1450.65    1450.66    -0.6577  1029.2095    34.5501 0.0000e+00
      24234 312.388399  -62.15478  -58.39766     -0.894    1448.49    327.000    323.606    -0.6488    -0.6468     0.0020    -0.6593    -0.6573     0.0020   2.817268   2.817388   0.000120    34.3822    34.3815     6.8507    27.6388    27.6382    34.3819    27.6386    1450.62    1450.63    -0.6591  1029.2047    34.5499 0.0000e+00
      24263 312.388413  -62.15478  -58.39765     -0.841    1448.49    326.000    322.617    -0.6490    -0.6478     0.0013    -0.6595    -0.6583     0.0013   2.817197   2.817232   0.000042    34.3821    34.3812     6.8613    27.6388    27.6380    34.3818    27.6385    1450.61    1450.61    -0.6593  1029.1999    34.5498 0.0000e+00
      24289 312.388426  -62.15478  -58.39764     -0.872    1448.49    325.000    321.628    -0.6495    -0.6481     0.0014    -0.6599    -0.6585     0.0014   2.817080   2.817140   0.000062    34.3816    34.3809     6.8517    27.6384    27.6377    34.3814    27.6382    1450.59    1450.59    -0.6597  1029.1948    34.5494 0.0000e+00
      24314 312.388438  -62.15478  -58.39762     -0.949    1448.49    324.000    320.640    -0.6492    -0.6486     0.0007    -0.6596    -0.6590     0.0007   2.817071   2.817057  -0.000010    34.3818    34.3808     6.8529    27.6385    27.6377    34.3816    27.6384    1450.57    1450.57    -0.6594  1029.1902    34.5496 0.0000e+00
      24338 312.388449  -62.15478  -58.39762     -0.995    1448.49    323.000    319.651    -0.6494    -0.6487     0.0007    -0.6597    -0.6590     0.0007   2.817017   2.817001  -0.000018    34.3819    34.3809     6.8741    27.6386    27.6377    34.3816    27.6384    1450.56    1450.56    -0.6595  1029.1855    34.5497 0.0000e+00
      24362 312.388461  -62.15478  -58.39760     -0.985    1448.49    322.000    318.662    -0.6493    -0.6487     0.0006    -0.6596    -0.6591     0.0006   2.817013   2.816947  -0.000060    34.3822    34.3807     6.8689    27.6388    27.6377    34.3821    27.6388    1450.54    1450.54    -0.6594  1029.1811    34.5501 0.0000e+00
      24389 312.388474  -62.15478  -58.39760     -0.939    1448.49    321.000    317.673    -0.6486    -0.6482     0.0005    -0.6589    -0.6585     0.0005   2.817025   2.816973  -0.000054    34.3822    34.3810     6.8577    27.6389    27.6378    34.3821    27.6387    1450.53    1450.53    -0.6587  1029.1763    34.5501 0.0000e+00
      24416 312.388487  -62.15478  -58.39758     -0.895    1448.49    320.000    316.684    -0.6492    -0.6485     0.0007    -0.6595    -0.6587     0.0007   2.816918   2.816904  -0.000010    34.3820    34.3811     6.8645    27.6387    27.6379    34.3819    27.6386    1450.51    1450.51    -0.6592  1029.1714    34.5499 0.0000e+00
      24443 312.388500  -62.15478  -58.39758     -0.876    1448.49    319.000    315.697    -0.6497    -0.6488     0.0009    -0.6599    -0.6591     0.0009   2.816807   2.816826   0.000003    34.3820    34.3810     6.8616    27.6387    27.6379    34.3816    27.6384    1450.49    1450.49    -0.6597  1029.1665    34.5496 0.0000e+00
      24471 312.388514  -62.15478  -58.39756     -0.864    1448.49    318.000    314.705    -0.6580    -0.6507     0.0073    -0.6682    -0.6609     0.0073   2.815875   2.816577   0.000672    34.3801    34.3809     6.8589    27.6375    27.6378    34.3791    27.6367    1450.43    1450.47    -0.6680  1029.1601    34.5471 0.0000e+00
      24498 312.388527  -62.15478  -58.39755     -0.878    1448.49    317.000    313.718    -0.6617    -0.6552     0.0065    -0.6718    -0.6653     0.0065   2.815450   2.816068   0.000618    34.3788    34.3798     6.8780    27.6367    27.6371    34.3781    27.6361    1450.40    1450.43    -0.6716  1029.1548    34.5461 0.0000e+00
      24523 312.388539  -62.15478  -58.39754     -0.928    1448.49    316.000    312.729    -0.6630    -0.6578     0.0051    -0.6730    -0.6679     0.0051   2.815255   2.815751   0.000486    34.3781    34.3789     6.8814    27.6362    27.6365    34.3775    27.6357    1450.37    1450.40    -0.6728  1029.1496    34.5455 0.0000e+00
      24546 312.388550  -62.15478  -58.39753     -0.994    1448.49    315.000    311.740    -0.6638    -0.6611     0.0027    -0.6738    -0.6711     0.0027   2.815094   2.815318   0.000246    34.3774    34.3777     6.8704    27.6356    27.6357    34.3769    27.6352    1450.35    1450.36    -0.6736  1029.1444    34.5449 0.0000e+00
      24570 312.388561  -62.15478  -58.39752     -1.030    1448.49    314.000    310.751    -0.6644    -0.6631     0.0013    -0.6744    -0.6732     0.0013   2.815008   2.815070   0.000073    34.3775    34.3770     6.8750    27.6357    27.6352    34.3771    27.6354    1450.33    1450.34    -0.6742  1029.1398    34.5451 0.0000e+00
      24593 312.388573  -62.15478  -58.39751     -1.025    1448.49    313.000    309.762    -0.6635    -0.6632     0.0003    -0.6735    -0.6732     0.0003   2.815091   2.815008  -0.000073    34.3780    34.3767     6.8972    27.6361    27.6350    34.3777    27.6358    1450.32    1450.32    -0.6732  1029.1355    34.5457 0.0000e+00
      24618 312.388585  -62.15478  -58.39750     -0.985    1448.49    312.000    308.773    -0.6638    -0.6627     0.0011    -0.6738    -0.6726     0.0011   2.815033   2.815039   0.000016    34.3781    34.3770     6.9020    27.6362    27.6353    34.3780    27.6360    1450.30    1450.31    -0.6735  1029.1310    34.5459 0.0000e+00
      24644 312.388597  -62.15478  -58.39749     -0.945    1448.49    311.000    307.784    -0.6627    -0.6624     0.0003    -0.6726    -0.6723     0.0003   2.815102   2.815039  -0.000063    34.3784    34.3772     6.9001    27.6364    27.6354    34.3782    27.6362    1450.29    1450.29    -0.6724  1029.1264    34.5462 0.0000e+00
      24674 312.388612  -62.15478  -58.39748     -0.831    1448.49    310.000    306.795    -0.6618    -0.6623    -0.0005    -0.6717    -0.6722    -0.0005   2.815143   2.814988  -0.000142    34.3785    34.3771     6.9055    27.6364    27.6353    34.3784    27.6363    1450.28    1450.28    -0.6715  1029.1217    34.5464 0.0000e+00
      24704 312.388626  -62.15478  -58.39746     -0.805    1448.49    309.000    305.806    -0.6616    -0.6611     0.0005    -0.6714    -0.6709     0.0005   2.815076   2.815061  -0.000027    34.3780    34.3771     6.9014    27.6360    27.6352    34.3778    27.6358    1450.27    1450.27    -0.6712  1029.1165    34.5458 0.0000e+00
      24731 312.388639  -62.15478  -58.39746     -0.860    1448.49    308.000    304.817    -0.6645    -0.6615     0.0030    -0.6743    -0.6713     0.0030   2.814680   2.814976   0.000260    34.3772    34.3773     6.8888    27.6354    27.6353    34.3764    27.6348    1450.23    1450.25    -0.6741  1029.1107    34.5443 0.0000e+00
      24757 312.388652  -62.15477  -58.39744     -0.907    1448.49    307.000    303.829    -0.6722    -0.6659     0.0063    -0.6820    -0.6757     0.0062   2.813834   2.814424   0.000540    34.3760    34.3761     6.8969    27.6348    27.6347    34.3743    27.6334    1450.18    1450.21    -0.6817  1029.1047    34.5423 0.0000e+00
      24783 312.388664  -62.15476  -58.39743     -0.923    1448.49    306.000    302.839    -0.6831    -0.6737     0.0094    -0.6928    -0.6834     0.0094   2.812701   2.813611   0.000894    34.3733    34.3746     6.9086    27.6331    27.6338    34.3720    27.6320    1450.11    1450.15    -0.6926  1029.0987    34.5400 0.0000e+00
      24810 312.388677  -62.15477  -58.39742     -0.910    1448.49    305.000    301.851    -0.6915    -0.6859     0.0055    -0.7011    -0.6955     0.0055   2.811878   2.812317   0.000493    34.3723    34.3727     6.9010    27.6326    27.6327    34.3710    27.6316    1450.05    1450.08    -0.7009  1029.0935    34.5389 0.0000e+00
      24838 312.388691  -62.15478  -58.39741     -0.873    1448.49    304.000    300.861    -0.6947    -0.6905     0.0042    -0.7043    -0.7001     0.0042   2.811479   2.811821   0.000329    34.3712    34.3709     6.9065    27.6318    27.6314    34.3699    27.6308    1450.02    1450.04    -0.7041  1029.0880    34.5378 0.0000e+00
      24867 312.388705  -62.15478  -58.39740     -0.829    1448.49    303.000    299.873    -0.6997    -0.6961     0.0036    -0.7092    -0.7056     0.0036   2.810931   2.811190   0.000286    34.3702    34.3700     6.9369    27.6312    27.6309    34.3688    27.6302    1449.98    1449.99    -0.7090  1029.0827    34.5368 0.0000e+00
      24896 312.388719  -62.15478  -58.39738     -0.817    1448.49    302.000    298.884    -0.7090    -0.7057     0.0033    -0.7184    -0.7152     0.0032   2.809796   2.810130   0.000291    34.3668    34.3671     6.9409    27.6289    27.6290    34.3646    27.6271    1449.91    1449.93    -0.7182  1029.0750    34.5325 0.0000e+00
      24923 312.388732  -62.15478  -58.39738     -0.861    1448.49    301.000    297.895    -0.7161    -0.7092     0.0070    -0.7256    -0.7186     0.0070   2.809012   2.809677   0.000668    34.3643    34.3654     6.9513    27.6272    27.6278    34.3628    27.6259    1449.86    1449.89    -0.7253  1029.0691    34.5307 0.0000e+00
      24947 312.388743  -62.15478  -58.39736     -0.950    1448.49    300.000    296.906    -0.7182    -0.7134     0.0048    -0.7276    -0.7228     0.0048   2.808680   2.809180   0.000503    34.3624    34.3638     6.9650    27.6257    27.6266    34.3612    27.6247    1449.83    1449.86    -0.7274  1029.0632    34.5291 0.0000e+00
      24970 312.388754  -62.15478  -58.39736     -1.029    1448.49    299.000    295.917    -0.7173    -0.7154     0.0019    -0.7266    -0.7248     0.0019   2.808687   2.808857   0.000181    34.3620    34.3623     6.9755    27.6253    27.6255    34.3609    27.6245    1449.82    1449.83    -0.7264  1029.0581    34.5288 0.0000e+00
      24993 312.388765  -62.15478  -58.39734     -1.055    1448.49    298.000    294.928    -0.7191    -0.7170     0.0022    -0.7284    -0.7263     0.0022   2.808372   2.808580   0.000234    34.3603    34.3610     6.9873    27.6240    27.6245    34.3594    27.6233    1449.79    1449.80    -0.7282  1029.0522    34.5272 0.0000e+00
      25019 312.388778  -62.15478  -58.39734     -0.971    1448.49    297.000    293.939    -0.7196    -0.7170     0.0026    -0.7289    -0.7263     0.0026   2.808297   2.808501   0.000178    34.3603    34.3598     7.0124    27.6241    27.6235    34.3595    27.6234    1449.77    1449.78    -0.7287  1029.0476    34.5273 0.0000e+00
      25050 312.388793  -62.15478  -58.39732     -0.819    1448.49    296.000    292.950    -0.7194    -0.7164     0.0030    -0.7287    -0.7257     0.0030   2.808230   2.808518   0.000313    34.3596    34.3604     7.0422    27.6235    27.6240    34.3590    27.6230    1449.76    1449.77    -0.7284  1029.0424    34.5268 0.0000e+00
      25081 312.388808  -62.15478  -58.39731     -0.759    1448.49    295.000    291.961    -0.7187    -0.7182     0.0004    -0.7279    -0.7274     0.0004   2.808213   2.808194  -0.000006    34.3590    34.3585     7.0413    27.6230    27.6225    34.3585    27.6226    1449.74    1449.74    -0.7277  1029.0373    34.5264 0.0000e+00
      25110 312.388822  -62.15478  -58.39730     -0.814    1448.49    294.000    290.972    -0.7176    -0.7180    -0.0004    -0.7268    -0.7272    -0.0004   2.808200   2.808147  -0.000046    34.3581    34.3580     7.0425    27.6222    27.6221    34.3577    27.6219    1449.73    1449.73    -0.7266  1029.0318    34.5256 0.0000e+00
      25136 312.388834  -62.15476  -58.39728     -0.883    1448.49    293.000    289.983    -0.7171    -0.7169     0.0003    -0.7263    -0.7260     0.0003   2.808148   2.808144  -0.000006    34.3575    34.3572     7.0488    27.6217    27.6214    34.3571    27.6214    1449.72    1449.72    -0.7260  1029.0265    34.5250 0.0000e+00
      25162 312.388847  -62.15476  -58.39728     -0.914    1448.49    292.000    288.994    -0.7186    -0.7166     0.0021    -0.7277    -0.7257     0.0020   2.807874   2.808064   0.000179    34.3563    34.3564     7.0485    27.6208    27.6208    34.3557    27.6203    1449.69    1449.70    -0.7275  1029.0207    34.5236 0.0000e+00
      25189 312.388860  -62.15476  -58.39726     -0.906    1448.49    291.000    288.005    -0.7210    -0.7180     0.0030    -0.7301    -0.7271     0.0030   2.807552   2.807825   0.000270    34.3553    34.3556     7.0441    27.6201    27.6202    34.3547    27.6196    1449.66    1449.68    -0.7299  1029.0152    34.5225 0.0000e+00
      25216 312.388873  -62.15476  -58.39725     -0.896    1448.49    290.000    287.016    -0.7257    -0.7213     0.0044    -0.7347    -0.7303     0.0043   2.806971   2.807393   0.000402    34.3538    34.3542     7.0497    27.6190    27.6192    34.3527    27.6182    1449.62    1449.64    -0.7345  1029.0091    34.5206 0.0000e+00
      25242 312.388886  -62.15476  -58.39723     -0.901    1448.49    289.000    286.027    -0.7303    -0.7244     0.0058    -0.7392    -0.7334     0.0058   2.806435   2.806993   0.000553    34.3522    34.3530     7.0596    27.6179    27.6184    34.3513    27.6172    1449.58    1449.61    -0.7390  1029.0035    34.5191 0.0000e+00
      25269 312.388899  -62.15476  -58.39722     -0.904    1448.49    288.000    285.038    -0.7311    -0.7287     0.0024    -0.7400    -0.7376     0.0024   2.806316   2.806485   0.000197    34.3517    34.3516     7.0650    27.6176    27.6174    34.3513    27.6173    1449.56    1449.57    -0.7398  1028.9987    34.5191 0.0000e+00
      25297 312.388912  -62.15476  -58.39721     -0.858    1448.49    287.000    284.049    -0.7288    -0.7283     0.0005    -0.7377    -0.7372     0.0005   2.806537   2.806495  -0.000029    34.3524    34.3515     7.0831    27.6181    27.6173    34.3522    27.6179    1449.56    1449.56    -0.7375  1028.9946    34.5200 0.0000e+00
      25326 312.388926  -62.15476  -58.39720     -0.845    1448.49    286.000    283.060    -0.7289    -0.7279     0.0010    -0.7377    -0.7368     0.0010   2.806460   2.806493   0.000019    34.3525    34.3517     7.0979    27.6182    27.6174    34.3520    27.6177    1449.54    1449.54    -0.7376  1028.9896    34.5198 0.0000e+00
      25356 312.388940  -62.15476  -58.39719     -0.816    1448.49    285.000    282.070    -0.7329    -0.7302     0.0027    -0.7417    -0.7390     0.0027   2.805926   2.806169   0.000218    34.3510    34.3508     7.1005    27.6170    27.6168    34.3499    27.6162    1449.50    1449.51    -0.7415  1028.9834    34.5177 0.0000e+00
      25384 312.388954  -62.15476  -58.39718     -0.831    1448.49    284.000    281.081    -0.7425    -0.7333     0.0092    -0.7513    -0.7420     0.0092   2.804799   2.805752   0.000899    34.3479    34.3495     7.0962    27.6150    27.6159    34.3462    27.6136    1449.44    1449.48    -0.7511  1028.9761    34.5139 0.0000e+00
      25408 312.388966  -62.15476  -58.39717     -0.924    1448.49    283.000    280.093    -0.7496    -0.7384     0.0112    -0.7583    -0.7472     0.0111   2.804075   2.805155   0.001089    34.3460    34.3481     7.0896    27.6138    27.6149    34.3451    27.6130    1449.38    1449.44    -0.7581  1028.9708    34.5128 0.0000e+00
      25431 312.388977  -62.15476  -58.39715     -1.017    1448.49    282.000    279.104    -0.7536    -0.7490     0.0046    -0.7622    -0.7577     0.0046   2.803588   2.803977   0.000449    34.3450    34.3459     7.1031    27.6131    27.6137    34.3436    27.6119    1449.35    1449.37    -0.7621  1028.9651    34.5113 0.0000e+00
      25460 312.388991  -62.15476  -58.39714     -0.920    1448.49    281.000    278.115    -0.7579    -0.7538     0.0041    -0.7665    -0.7625     0.0040   2.803167   2.803512   0.000265    34.3449    34.3439     7.1153    27.6132    27.6122    34.3434    27.6120    1449.31    1449.33    -0.7663  1028.9604    34.5111 0.0000e+00
