Pos-Processados/process_op42/operantar42_052.cnv
* Sea-Bird SBE 9 Data File:
* FileName = C:\Users\Hidrografia\Desktop\OPXLII\Brutos\OP42052.hdr
* Software Version Seasave V 7.26.7.107
* Temperature SN = 6502
* Conductivity SN = 4998
* Number of Bytes Per Scan = 37
* Number of Voltage Words = 4
* Number of Scans Averaged by the Deck Unit = 1
* NMEA Latitude = 62 08.45 S
* NMEA Longitude = 058 26.37 W
* NMEA UTC (Time) = Nov 10 2023 03:08:21
* NMEA baud rate = 4800
** H41
** NPOALTEMAXIMIANO
** NUMERO DA ESTACAO (XXX) 052
** LAT (XX XX.XX S/N) 62 08.443 S
** LONG (XXX XX.XX W/E) 058 26.408 W
** DATAHORA (dd/mm/aaaa hh:mm Z) 10/11/2023 0307Z
** PROFUNDIDADE (m) 424
** OPERADOR CT FABIREZA
# nquan = 30
# nvalues = 773                         
# units = specified
# name 0 = scan: Scan Count
# name 1 = timeJ: Julian Days
# name 2 = latitude: Latitude [deg]
# name 3 = longitude: Longitude [deg]
# name 4 = dz/dtM: Descent Rate [m/s]
# name 5 = avgsvCM: Average Sound Velocity [Chen-Millero, m/s]
# name 6 = prDM: Pressure, Digiquartz [db]
# name 7 = depSM: Depth [salt water, m]
# name 8 = t090C: Temperature [ITS-90, deg C]
# name 9 = t190C: Temperature, 2 [ITS-90, deg C]
# name 10 = T2-T190C: Temperature Difference, 2 - 1 [ITS-90, deg C]
# name 11 = potemp090C: Potential Temperature [ITS-90, deg C]
# name 12 = potemp190C: Potential Temperature, 2 [ITS-90, deg C]
# name 13 = potemp90Cdiff: Potential Temperature, Diff, 2 - 1 [ITS-90, deg C]
# name 14 = c0S/m: Conductivity [S/m]
# name 15 = c1S/m: Conductivity, 2 [S/m]
# name 16 = C2-C1S/m: Conductivity Difference, 2 - 1 [S/m]
# name 17 = sal00: Salinity, Practical [PSU]
# name 18 = sal11: Salinity, Practical, 2 [PSU]
# name 19 = sbeox0ML/L: Oxygen, SBE 43 [ml/l]
# name 20 = sigma-é00: Density [sigma-theta, kg/m^3]
# name 21 = sigma-é11: Density, 2 [sigma-theta, kg/m^3]
# name 22 = sal00: Salinity, Practical [PSU]
# name 23 = sigma-é00: Density [sigma-theta, kg/m^3]
# name 24 = svCM: Sound Velocity [Chen-Millero, m/s]
# name 25 = svCM1: Sound Velocity, 2 [Chen-Millero, m/s]
# name 26 = gsw_ptA0: potential temperature [ITS-90, deg C]
# name 27 = gsw_densityA0: density, TEOS-10 [density, kg/m^3]
# name 28 = gsw_saA0: Absolute Salinity [g/kg]
# name 29 = flag:
# span 0 =       4508,      32978       
# span 1 = 314.132972, 314.146702       
# span 2 =  -62.14634,  -62.14179       
# span 3 =  -58.43788,  -58.42565       
# span 4 =     -1.170,      1.014       
# span 5 =       0.00,    1448.28       
# span 6 =      2.000,    388.000       
# span 7 =      1.987,    383.914       
# span 8 =    -0.8166,    -0.5029       
# span 9 =    -0.8154,    -0.5026       
# span 10 =    -0.0121,     0.0073      
# span 11 =    -0.8233,    -0.5159      
# span 12 =    -0.8222,    -0.5157      
# span 13 =    -0.0121,     0.0073      
# span 14 =   2.792896,   2.835155      
# span 15 =   2.792886,   2.835168      
# span 16 =  -0.001147,   0.000846      
# span 17 =    34.2727,    34.4222      
# span 18 =    34.2724,    34.4205      
# span 19 =     6.5489,     7.6657      
# span 20 =    27.5463,    27.6649      
# span 21 =    27.5460,    27.6635      
# span 22 =    34.2729,    34.4225      
# span 23 =    27.5465,    27.6652      
# span 24 =    1445.55,    1452.35      
# span 25 =    1445.55,    1452.35      
# span 26 =    -0.8232,    -0.5157      
# span 27 =  1027.5599,  1029.5170      
# span 28 =    34.4345,    34.5882      
# span 29 = 0.0000e+00, 0.0000e+00      
# interval = decibars: 1                
# start_time = Nov 10 2023 03:08:21 [NMEA time, header]
# bad_flag = -9.990e-29
*END*
[from data line 146]
       8730 314.135008  -62.14258  -58.43639      0.715    1446.57    148.000    146.527    -0.6387    -0.6379     0.0008    -0.6432    -0.6424     0.0008   2.803252   2.803245  -0.000005    34.2910    34.2900     7.5886    27.5643    27.5635    34.2911    27.5644    1447.63    1447.64    -0.6431  1028.2776    34.4579 0.0000e+00
       8763 314.135024  -62.14258  -58.43638      0.719    1446.57    149.000    147.516    -0.6378    -0.6372     0.0006    -0.6424    -0.6417     0.0006   2.803409   2.803386  -0.000023    34.2915    34.2905     7.5809    27.5647    27.5639    34.2916    27.5648    1447.65    1447.66    -0.6422  1028.2827    34.4585 0.0000e+00
       8792 314.135038  -62.14258  -58.43636      0.786    1446.57    150.000    148.505    -0.6369    -0.6361     0.0008    -0.6414    -0.6407     0.0008   2.803548   2.803536  -0.000013    34.2916    34.2906     7.5710    27.5648    27.5639    34.2918    27.5649    1447.67    1447.68    -0.6413  1028.2876    34.4587 0.0000e+00
       8821 314.135052  -62.14259  -58.43635      0.828    1446.57    151.000    149.497    -0.6368    -0.6359     0.0009    -0.6414    -0.6405     0.0009   2.803645   2.803609  -0.000035    34.2923    34.2909     7.5666    27.5653    27.5641    34.2924    27.5654    1447.69    1447.69    -0.6413  1028.2928    34.4592 0.0000e+00
       8851 314.135066  -62.14260  -58.43634      0.825    1446.57    152.000    150.486    -0.6376    -0.6367     0.0009    -0.6423    -0.6413     0.0009   2.803605   2.803592  -0.000016    34.2924    34.2911     7.5606    27.5654    27.5644    34.2922    27.5653    1447.70    1447.71    -0.6421  1028.2975    34.4591 0.0000e+00
       8879 314.135080  -62.14260  -58.43634      0.825    1446.57    153.000    151.476    -0.6412    -0.6402     0.0010    -0.6459    -0.6448     0.0010   2.803418   2.803399  -0.000018    34.2933    34.2919     7.5640    27.5663    27.5651    34.2931    27.5662    1447.71    1447.71    -0.6457  1028.3032    34.4600 0.0000e+00
       8907 314.135094  -62.14260  -58.43632      0.851    1446.57    154.000    152.466    -0.6427    -0.6420     0.0006    -0.6473    -0.6467     0.0006   2.803340   2.803303  -0.000034    34.2933    34.2921     7.5662    27.5664    27.5654    34.2931    27.5662    1447.71    1447.72    -0.6473  1028.3081    34.4600 0.0000e+00
       8933 314.135106  -62.14262  -58.43632      0.907    1446.57    155.000    153.455    -0.6422    -0.6419     0.0003    -0.6469    -0.6466     0.0003   2.803390   2.803361  -0.000025    34.2927    34.2920     7.5637    27.5659    27.5653    34.2927    27.5659    1447.73    1447.73    -0.6468  1028.3124    34.4595 0.0000e+00
       8958 314.135118  -62.14262  -58.43630      0.950    1446.57    156.000    154.445    -0.6439    -0.6434     0.0005    -0.6486    -0.6481     0.0005   2.803352   2.803288  -0.000066    34.2936    34.2922     7.5654    27.5667    27.5655    34.2934    27.5665    1447.74    1447.74    -0.6485  1028.3179    34.4603 0.0000e+00
       8985 314.135131  -62.14262  -58.43630      0.917    1446.57    157.000    155.435    -0.6443    -0.6438     0.0006    -0.6491    -0.6486     0.0006   2.803323   2.803304  -0.000019    34.2930    34.2922     7.5592    27.5662    27.5655    34.2929    27.5662    1447.76    1447.76    -0.6490  1028.3223    34.4598 0.0000e+00
       9016 314.135146  -62.14263  -58.43629      0.809    1446.57    158.000    156.424    -0.6462    -0.6449     0.0014    -0.6511    -0.6497     0.0014   2.803242   2.803244 -6.643e-08    34.2939    34.2923     7.5600    27.5670    27.5657    34.2934    27.5666    1447.76    1447.77    -0.6509  1028.3275    34.4603 0.0000e+00
       9048 314.135162  -62.14264  -58.43628      0.745    1446.57    159.000    157.414    -0.6504    -0.6496     0.0007    -0.6552    -0.6545     0.0007   2.802970   2.802937  -0.000036    34.2940    34.2927     7.5583    27.5673    27.5662    34.2938    27.5671    1447.76    1447.76    -0.6551  1028.3329    34.4607 0.0000e+00
       9078 314.135176  -62.14264  -58.43628      0.786    1446.57    160.000    158.404    -0.6509    -0.6497     0.0012    -0.6558    -0.6546     0.0012   2.802959   2.802975   0.000019    34.2939    34.2927     7.5566    27.5672    27.5662    34.2936    27.5670    1447.77    1447.78    -0.6557  1028.3375    34.4606 0.0000e+00
       9103 314.135188  -62.14264  -58.43626      0.892    1446.57    161.000    159.393    -0.6505    -0.6498     0.0007    -0.6554    -0.6547     0.0007   2.803017   2.803017  -0.000006    34.2935    34.2926     7.5589    27.5669    27.5661    34.2934    27.5668    1447.79    1447.80    -0.6553  1028.3420    34.4603 0.0000e+00
       9127 314.135199  -62.14266  -58.43626      0.989    1446.57    162.000    160.383    -0.6532    -0.6520     0.0012    -0.6581    -0.6569     0.0012   2.802879   2.802882   0.000002    34.2945    34.2931     7.5612    27.5678    27.5666    34.2939    27.5673    1447.80    1447.80    -0.6580  1028.3474    34.4608 0.0000e+00
       9152 314.135212  -62.14266  -58.43624      0.975    1446.57    163.000    161.372    -0.6555    -0.6546     0.0009    -0.6605    -0.6596     0.0009   2.802739   2.802735  -0.000004    34.2943    34.2933     7.5573    27.5678    27.5669    34.2940    27.5675    1447.80    1447.81    -0.6603  1028.3524    34.4609 0.0000e+00
       9181 314.135226  -62.14266  -58.43623      0.870    1446.57    164.000    162.362    -0.6564    -0.6556     0.0008    -0.6614    -0.6606     0.0008   2.802706   2.802691  -0.000014    34.2943    34.2932     7.5606    27.5678    27.5669    34.2939    27.5675    1447.82    1447.82    -0.6613  1028.3572    34.4609 0.0000e+00
       9211 314.135240  -62.14266  -58.43622      0.804    1446.57    165.000    163.352    -0.6581    -0.6573     0.0008    -0.6631    -0.6623     0.0008   2.802611   2.802602  -0.000007    34.2943    34.2933     7.5502    27.5678    27.5670    34.2940    27.5676    1447.82    1447.83    -0.6630  1028.3621    34.4609 0.0000e+00
       9242 314.135255  -62.14267  -58.43622      0.772    1446.57    166.000    164.341    -0.6617    -0.6604     0.0013    -0.6667    -0.6654     0.0013   2.802382   2.802386   0.000006    34.2953    34.2939     7.5484    27.5689    27.5676    34.2944    27.5681    1447.82    1447.83    -0.6666  1028.3673    34.4613 0.0000e+00
       9269 314.135268  -62.14268  -58.43620      0.857    1446.57    167.000    165.331    -0.6715    -0.6703     0.0012    -0.6766    -0.6754     0.0012   2.801694   2.801680  -0.000018    34.2964    34.2948     7.5605    27.5701    27.5688    34.2956    27.5695    1447.79    1447.80    -0.6764  1028.3736    34.4626 0.0000e+00
       9295 314.135281  -62.14268  -58.43620      0.902    1446.57    168.000    166.320    -0.6718    -0.6712     0.0006    -0.6769    -0.6763     0.0006   2.801681   2.801640  -0.000043    34.2957    34.2945     7.5540    27.5696    27.5685    34.2951    27.5691    1447.81    1447.81    -0.6768  1028.3780    34.4621 0.0000e+00
       9321 314.135293  -62.14268  -58.43618      0.925    1446.57    169.000    167.310    -0.6730    -0.6721     0.0009    -0.6781    -0.6773     0.0009   2.801623   2.801616  -0.000004    34.2956    34.2945     7.5501    27.5695    27.5686    34.2951    27.5691    1447.82    1447.82    -0.6780  1028.3828    34.4621 0.0000e+00
       9348 314.135306  -62.14270  -58.43617      0.893    1446.57    170.000    168.300    -0.6733    -0.6726     0.0008    -0.6784    -0.6777     0.0008   2.801634   2.801625  -0.000007    34.2954    34.2945     7.5480    27.5694    27.5686    34.2950    27.5691    1447.83    1447.84    -0.6783  1028.3875    34.4620 0.0000e+00
       9377 314.135320  -62.14270  -58.43616      0.862    1446.57    171.000    169.289    -0.6739    -0.6732     0.0008    -0.6791    -0.6783     0.0008   2.801630   2.801617  -0.000011    34.2955    34.2945     7.5372    27.5695    27.5687    34.2950    27.5691    1447.85    1447.85    -0.6790  1028.3923    34.4620 0.0000e+00
       9405 314.135334  -62.14270  -58.43615      0.839    1446.57    172.000    170.279    -0.6779    -0.6778     0.0001    -0.6831    -0.6830     0.0001   2.801399   2.801256  -0.000083    34.2964    34.2952     7.5417    27.5704    27.5694    34.2958    27.5699    1447.85    1447.84    -0.6830  1028.3979    34.4628 0.0000e+00
       9434 314.135348  -62.14271  -58.43614      0.831    1446.57    173.000    171.268    -0.7067    -0.7104    -0.0037    -0.7119    -0.7156    -0.0036   2.799279   2.798730  -0.000589    34.3028    34.2990     7.5447    27.5768    27.5739    34.2992    27.5739    1447.73    1447.71    -0.7118  1028.4068    34.4662 0.0000e+00
       9462 314.135361  -62.14272  -58.43614      0.856    1446.58    174.000    172.258    -0.7178    -0.7176     0.0003    -0.7231    -0.7228     0.0003   2.798324   2.798202  -0.000125    34.2998    34.2979     7.5345    27.5749    27.5733    34.2983    27.5736    1447.69    1447.69    -0.7229  1028.4114    34.4653 0.0000e+00
       9490 314.135375  -62.14272  -58.43612      0.866 -9.990e-29    175.000    173.248    -0.7162    -0.7151     0.0011    -0.7215    -0.7203     0.0011   2.798414   2.798423  -0.000002    34.2982    34.2969     7.5308    27.5735    27.5724    34.2970    27.5726    1447.72    1447.72    -0.7213  1028.4151    34.4641 0.0000e+00
       9521 314.135390  -62.14273  -58.43611      0.792 -9.990e-29    176.000    174.237    -0.7184    -0.7172     0.0012    -0.7237    -0.7225     0.0012   2.798261   2.798302   0.000039    34.2979    34.2971     7.5388    27.5734    27.5727    34.2968    27.5725    1447.72    1447.73    -0.7235  1028.4198    34.4638 0.0000e+00
       9561 314.135409  -62.14274  -58.43609      0.628    1446.85    177.000    175.227    -0.7191    -0.7176     0.0015    -0.7244    -0.7229     0.0015   2.798226   2.798324   0.000080    34.2977    34.2970     7.5305    27.5732    27.5726    34.2965    27.5723    1447.74    1447.74    -0.7243  1028.4244    34.4636 0.0000e+00
       9601 314.135428  -62.14274  -58.43608      0.572    1446.86    178.000    176.216    -0.7264    -0.7231     0.0033    -0.7317    -0.7284     0.0033   2.797756   2.797901   0.000162    34.2993    34.2977     7.5289    27.5748    27.5734    34.2978    27.5736    1447.72    1447.73    -0.7316  1028.4306    34.4649 0.0000e+00
       9633 314.135443  -62.14274  -58.43606      0.727    1446.86    179.000    177.206    -0.7413    -0.7395     0.0018    -0.7466    -0.7448     0.0018   2.796694   2.796695  -0.000017    34.3017    34.2994     7.5327    27.5774    27.5755    34.2997    27.5758    1447.67    1447.67    -0.7465  1028.4376    34.4668 0.0000e+00
       9660 314.135457  -62.14276  -58.43606      0.839    1446.86    180.000    178.195    -0.7544    -0.7525     0.0019    -0.7598    -0.7579     0.0019   2.795711   2.795731   0.000031    34.3028    34.3011     7.5252    27.5788    27.5773    34.3007    27.5771    1447.63    1447.63    -0.7596  1028.4438    34.4678 0.0000e+00
       9690 314.135471  -62.14276  -58.43605      0.843    1446.86    181.000    179.185    -0.7592    -0.7588     0.0004    -0.7646    -0.7642     0.0004   2.795328   2.795296  -0.000030    34.3020    34.3011     7.5310    27.5783    27.5776    34.3004    27.5770    1447.62    1447.62    -0.7644  1028.4485    34.4674 0.0000e+00
       9718 314.135485  -62.14276  -58.43604      0.823    1446.86    182.000    180.174    -0.7625    -0.7617     0.0008    -0.7679    -0.7671     0.0008   2.795122   2.795120  -0.000003    34.3022    34.3013     7.5212    27.5787    27.5779    34.3007    27.5774    1447.62    1447.62    -0.7678  1028.4537    34.4677 0.0000e+00
       9745 314.135498  -62.14277  -58.43603      0.876    1446.86    183.000    181.164    -0.7670    -0.7659     0.0011    -0.7724    -0.7713     0.0011   2.794843   2.794864   0.000025    34.3027    34.3018     7.5129    27.5793    27.5785    34.3014    27.5782    1447.61    1447.62    -0.7723  1028.4592    34.4685 0.0000e+00
       9771 314.135510  -62.14278  -58.43602      0.916    1446.86    184.000    182.154    -0.7677    -0.7672     0.0006    -0.7732    -0.7727     0.0006   2.794810   2.794813   0.000003    34.3024    34.3018     7.4994    27.5790    27.5785    34.3012    27.5780    1447.63    1447.63    -0.7730  1028.4639    34.4683 0.0000e+00
       9796 314.135522  -62.14278  -58.43600      0.954    1446.86    185.000    183.143    -0.7739    -0.7728     0.0012    -0.7794    -0.7782     0.0012   2.794452   2.794450   0.000001    34.3043    34.3030     7.5022    27.5808    27.5797    34.3028    27.5796    1447.62    1447.62    -0.7792  1028.4702    34.4698 0.0000e+00
       9826 314.135537  -62.14279  -58.43598      0.851    1446.86    186.000    184.132    -0.7780    -0.7773     0.0007    -0.7835    -0.7828     0.0007   2.794180   2.794176  -0.000005    34.3043    34.3034     7.5032    27.5810    27.5803    34.3030    27.5800    1447.62    1447.62    -0.7834  1028.4754    34.4701 0.0000e+00
       9863 314.135554  -62.14280  -58.43598      0.666    1446.86    187.000    185.122    -0.7805    -0.7798     0.0007    -0.7860    -0.7853     0.0007   2.794050   2.794046  -0.000003    34.3045    34.3037     7.5077    27.5813    27.5806    34.3035    27.5804    1447.62    1447.62    -0.7859  1028.4807    34.4706 0.0000e+00
       9898 314.135571  -62.14280  -58.43596      0.673    1446.86    188.000    186.112    -0.7820    -0.7812     0.0008    -0.7875    -0.7867     0.0008   2.793987   2.794003   0.000017    34.3046    34.3039     7.5076    27.5814    27.5808    34.3038    27.5807    1447.63    1447.63    -0.7874  1028.4857    34.4709 0.0000e+00
       9927 314.135586  -62.14280  -58.43595      0.772    1446.86    189.000    187.101    -0.7824    -0.7816     0.0008    -0.7880    -0.7872     0.0008   2.794016   2.794022   0.000007    34.3047    34.3039     7.5014    27.5815    27.5808    34.3040    27.5809    1447.64    1447.65    -0.7879  1028.4907    34.4711 0.0000e+00
       9955 314.135599  -62.14281  -58.43594      0.842    1446.86    190.000    188.091    -0.7830    -0.7821     0.0008    -0.7886    -0.7878     0.0008   2.794023   2.794022   0.000002    34.3047    34.3038     7.4919    27.5816    27.5808    34.3041    27.5811    1447.66    1447.66    -0.7885  1028.4955    34.4710 0.0000e+00
       9982 314.135612 -9.990e-29  -58.43593      0.892    1446.86    191.000    189.080    -0.7868    -0.7857     0.0011    -0.7924    -0.7913     0.0011   2.793795   2.793806   0.000011    34.3057    34.3046     7.4939    27.5825    27.5816    34.3047    27.5817    1447.66    1447.66    -0.7923  1028.4968    34.4665 0.0000e+00
      10008 314.135624 -9.990e-29  -58.43592      0.914    1446.86    192.000    190.070    -0.7893    -0.7885     0.0008    -0.7949    -0.7941     0.0008   2.793650   2.793655   0.000003    34.3056    34.3048     7.4916    27.5825    27.5818    34.3050    27.5820    1447.66    1447.66    -0.7948  1028.5018    34.4667 0.0000e+00
      10033 314.135637 -9.990e-29  -58.43591      0.940    1446.86    193.000    191.059    -0.7898    -0.7889     0.0010    -0.7955    -0.7946     0.0010   2.793645   2.793670   0.000014    34.3056    34.3047     7.4903    27.5826    27.5818    34.3049    27.5820    1447.68    1447.68    -0.7954  1028.5066    34.4667 0.0000e+00
      10056 314.135648  -62.14284  -58.43590      0.996    1446.86    194.000    192.049    -0.7963    -0.7950     0.0012    -0.8020    -0.8007     0.0012   2.793222   2.793218   0.000003    34.3072    34.3059     7.4939    27.5841    27.5830    34.3059    27.5831    1447.66    1447.67    -0.8019  1028.5127    34.4679 0.0000e+00
