Pos-Processados/process_op42/operantar42_015.ros
* Sea-Bird SBE 9 Data File:
* FileName = C:\Users\Hidrografia\Desktop\OPXLII\Brutos\OP42015.hdr
* Software Version Seasave V 7.26.7.107
* Temperature SN = 6502
* Conductivity SN = 4998
* Number of Bytes Per Scan = 31
* Number of Voltage Words = 2
* Number of Scans Averaged by the Deck Unit = 1
* NMEA Latitude = 46 45.52 S
* NMEA Longitude = 057 57.77 W
* NMEA UTC (Time) = Oct 20 2023 19:17:13
* NMEA baud rate = 4800
** H41
** NPOALTEMAXIMIANO
** NUMERO DA ESTACAO (XXX) 015
** LAT (XX XX.XX S/N) 46 45.93 S
** LONG (XXX XX.XX W/E) 057 54.24 W
** DATAHORA (dd/mm/aaaa hh:mm Z) 20/10/2023 1916Z
** PROFUNDIDADE (m) 3525
** OPERADOR CT FABIREZA
# nquan = 24
# nvalues = 3733                                  
# units = specified
# name 0 = scan: Scan Count
# name 1 = timeJ: Julian Days
# name 2 = latitude: Latitude [deg]
# name 3 = longitude: Longitude [deg]
# name 4 = dz/dtM: Descent Rate [m/s]
# name 5 = avgsvCM: Average Sound Velocity [Chen-Millero, m/s]
# name 6 = prDM: Pressure, Digiquartz [db]
# name 7 = depSM: Depth [salt water, m]
# name 8 = t090C: Temperature [ITS-90, deg C]
# name 9 = t190C: Temperature, 2 [ITS-90, deg C]
# name 10 = T2-T190C: Temperature Difference, 2 - 1 [ITS-90, deg C]
# name 11 = potemp090C: Potential Temperature [ITS-90, deg C]
# name 12 = potemp190C: Potential Temperature, 2 [ITS-90, deg C]
# name 13 = potemp90Cdiff: Potential Temperature, Diff, 2 - 1 [ITS-90, deg C]
# name 14 = c0S/m: Conductivity [S/m]
# name 15 = c1S/m: Conductivity, 2 [S/m]
# name 16 = C2-C1S/m: Conductivity Difference, 2 - 1 [S/m]
# name 17 = sal00: Salinity, Practical [PSU]
# name 18 = sal11: Salinity, Practical, 2 [PSU]
# name 19 = sbeox0ML/L: Oxygen, SBE 43 [ml/l]
# name 20 = sigma-é00: Density [sigma-theta, kg/m^3]
# name 21 = sigma-é11: Density, 2 [sigma-theta, kg/m^3]
# name 22 = nbf: Bottles Fired
# name 23 = flag:  0.000e+00
# interval = seconds: 0.0416667
# start_time = Oct 20 2023 19:17:13 [NMEA time, header]
# bad_flag = -9.990e-29
*END*
[from data line 1329]
      60782 293.832935  -46.77054  -57.96576      0.089    1470.12     31.075     30.816     6.9140     6.9159     0.0019     6.9112     6.9131     0.0019   3.440273   3.440369   0.000096    34.0990    34.0982     7.1995    26.7211    26.7202          9  0.000e+00
      60783 293.832935  -46.77054  -57.96576      0.096    1470.12     31.148     30.887     6.9140     6.9155     0.0014     6.9112     6.9127     0.0014   3.440223   3.440338   0.000115    34.0984    34.0983     7.1949    26.7207    26.7204          9  0.000e+00
      60784 293.832935  -46.77054  -57.96576      0.093    1470.12     31.075     30.816     6.9137     6.9150     0.0013     6.9109     6.9122     0.0013   3.440285   3.440308   0.000023    34.0994    34.0984     7.1951    26.7215    26.7206          9  0.000e+00
      60785 293.832936  -46.77054  -57.96576      0.096    1470.12     31.091     30.832     6.9139     6.9148     0.0010     6.9111     6.9120     0.0010   3.440236   3.440272   0.000036    34.0987    34.0982     7.1955    26.7210    26.7204          9  0.000e+00
      60786 293.832936  -46.77054  -57.96576      0.099    1470.12     31.140     30.880     6.9135     6.9148     0.0013     6.9107     6.9120     0.0013   3.440236   3.440266   0.000030    34.0991    34.0981     7.1954    26.7213    26.7203          9  0.000e+00
      60787 293.832937  -46.77054  -57.96576      0.097    1470.12     31.075     30.816     6.9134     6.9152     0.0018     6.9106     6.9123     0.0018   3.440217   3.440357   0.000139    34.0990    34.0988     7.1953    26.7213    26.7208          9  0.000e+00
      60788 293.832937  -46.77054  -57.96576      0.099    1470.12     31.091     30.832     6.9135     6.9156     0.0021     6.9107     6.9128     0.0021   3.440304   3.440345   0.000041    34.0998    34.0982     7.1952    26.7219    26.7203          9  0.000e+00
      60789 293.832938  -46.77054  -57.96576      0.097    1470.12     31.140     30.880     6.9132     6.9155     0.0022     6.9104     6.9127     0.0022   3.440242   3.440351   0.000109    34.0994    34.0984     7.1952    26.7216    26.7205          9  0.000e+00
      60790 293.832938  -46.77054  -57.96576      0.098    1470.12     31.092     30.832     6.9131     6.9158     0.0027     6.9103     6.9130     0.0027   3.440254   3.440363   0.000109    34.0997    34.0982     7.1952    26.7219    26.7203          9  0.000e+00
      60791 293.832939  -46.77054  -57.96576      0.102    1470.12     31.196     30.936     6.9131     6.9155     0.0024     6.9103     6.9127     0.0024   3.440273   3.440363   0.000090    34.0999    34.0985     7.1954    26.7220    26.7206          9  0.000e+00
      60792 293.832939  -46.77054  -57.96576      0.105    1470.12     31.140     30.880     6.9131     6.9150     0.0019     6.9103     6.9122     0.0019   3.440205   3.440314   0.000109    34.0992    34.0985     7.1949    26.7214    26.7206          9  0.000e+00
      60793 293.832940  -46.77054  -57.96576      0.098    1470.12     31.027     30.768     6.9131     6.9150     0.0019     6.9103     6.9122     0.0019   3.440205   3.440247   0.000042    34.0992    34.0978     7.1949    26.7215    26.7201          9  0.000e+00
      60794 293.832940  -46.77054  -57.96576      0.103    1470.12     31.196     30.936     6.9132     6.9152     0.0019     6.9104     6.9123     0.0019   3.440162   3.440284   0.000122    34.0985    34.0979     7.1953    26.7209    26.7202          9  0.000e+00
      60795 293.832941  -46.77054  -57.96576      0.105    1470.12     31.148     30.888     6.9131     6.9155     0.0024     6.9103     6.9127     0.0024   3.440242   3.440302   0.000060    34.0996    34.0979     7.1955    26.7217    26.7201          9  0.000e+00
      60796 293.832941  -46.77054  -57.96576      0.104    1470.12     31.140     30.880     6.9132     6.9156     0.0024     6.9104     6.9128     0.0024   3.440205   3.440345   0.000140    34.0990    34.0982     7.2007    26.7213    26.7203          9  0.000e+00
      60797 293.832942  -46.77054  -57.96576      0.104    1470.12     31.140     30.880     6.9134     6.9153     0.0019     6.9106     6.9125     0.0019   3.440254   3.440338   0.000084    34.0994    34.0984     7.1966    26.7216    26.7205          9  0.000e+00
      60798 293.832942  -46.77054  -57.96576      0.102    1470.12     31.092     30.832     6.9134     6.9153     0.0019     6.9106     6.9125     0.0019   3.440248   3.440332   0.000084    34.0994    34.0984     7.1969    26.7215    26.7205          9  0.000e+00
      60799 293.832943  -46.77054  -57.96576      0.102    1470.12     31.196     30.936     6.9137     6.9156     0.0020     6.9109     6.9128     0.0020   3.440260   3.440351   0.000090    34.0992    34.0982     7.2024    26.7213    26.7203          9  0.000e+00
      60800 293.832943  -46.77054  -57.96576      0.101    1470.12     31.148     30.888     6.9137     6.9153     0.0016     6.9109     6.9125     0.0016   3.440273   3.440338   0.000066    34.0993    34.0984     7.2034    26.7214    26.7205          9  0.000e+00
      60801 293.832944  -46.77054  -57.96576      0.100    1470.12     31.140     30.880     6.9135     6.9152     0.0016     6.9107     6.9123     0.0016   3.440273   3.440351   0.000078    34.0995    34.0987     7.2044    26.7216    26.7208          9  0.000e+00
      60802 293.832944  -46.77054  -57.96576      0.099    1470.12     31.148     30.888     6.9137     6.9152     0.0015     6.9109     6.9123     0.0015   3.440273   3.440338   0.000066    34.0993    34.0986     7.2055    26.7214    26.7207          9  0.000e+00
      60803 293.832945  -46.77054  -57.96576      0.098    1470.12     31.140     30.880     6.9137     6.9153     0.0016     6.9109     6.9125     0.0016   3.440223   3.440345   0.000121    34.0988    34.0985     7.2066    26.7210    26.7206          9  0.000e+00
      60804 293.832945  -46.77054  -57.96576      0.095    1470.12     31.140     30.880     6.9135     6.9156     0.0021     6.9107     6.9128     0.0021   3.440304   3.440381   0.000077    34.0998    34.0986     7.2071    26.7219    26.7206          9  0.000e+00
      60805 293.832946  -46.77054  -57.96576      0.097    1470.12     31.213     30.952     6.9137     6.9159     0.0023     6.9109     6.9131     0.0023   3.440242   3.440393   0.000151    34.0989    34.0984     7.2083    26.7212    26.7204          9  0.000e+00
      60806 293.832946  -46.77054  -57.96576      0.093    1470.12     31.140     30.880     6.9139     6.9161     0.0022     6.9111     6.9133     0.0022   3.440260   3.440393   0.000133    34.0990    34.0982     7.2088    26.7212    26.7203          9  0.000e+00
      60807 293.832947  -46.77054  -57.96576      0.093    1470.12     31.148     30.888     6.9139     6.9156     0.0017     6.9111     6.9128     0.0017   3.440248   3.440393   0.000145    34.0988    34.0987     7.2093    26.7210    26.7207          9  0.000e+00
      60808 293.832947  -46.77054  -57.96576      0.089    1470.12     31.140     30.880     6.9139     6.9153     0.0014     6.9111     6.9125     0.0014   3.440285   3.440345   0.000059    34.0993    34.0985     7.2049    26.7214    26.7206          9  0.000e+00
      60809 293.832948  -46.77054  -57.96576      0.088    1470.12     31.197     30.936     6.9140     6.9153     0.0013     6.9112     6.9125     0.0013   3.440285   3.440308   0.000023    34.0991    34.0981     7.2055    26.7212    26.7202          9  0.000e+00
      60810 293.832948  -46.77054  -57.96576      0.087    1470.12     31.148     30.888     6.9143     6.9153     0.0010     6.9115     6.9125     0.0010   3.440316   3.440302  -0.000014    34.0991    34.0980     7.2054    26.7212    26.7202          9  0.000e+00
      60811 293.832948  -46.77054  -57.96576      0.085    1470.12     31.140     30.880     6.9145     6.9156     0.0011     6.9117     6.9128     0.0011   3.440334   3.440345   0.000010    34.0992    34.0982     7.2054    26.7212    26.7203          9  0.000e+00
      60812 293.832949  -46.77054  -57.96576      0.080    1470.12     31.148     30.888     6.9145     6.9159     0.0015     6.9117     6.9131     0.0015   3.440242   3.440363   0.000121    34.0982    34.0981     7.2055    26.7204    26.7201          9  0.000e+00
      60813 293.832949  -46.77054  -57.96576      0.081    1470.12     31.197     30.936     6.9143     6.9159     0.0016     6.9115     6.9131     0.0016   3.440285   3.440381   0.000096    34.0988    34.0982     7.2057    26.7209    26.7203          9  0.000e+00
      60814 293.832950  -46.77054  -57.96576      0.077    1470.12     31.140     30.880     6.9143     6.9164     0.0021     6.9115     6.9136     0.0021   3.440304   3.440411   0.000108    34.0990    34.0981     7.2057    26.7211    26.7201          9  0.000e+00
      60815 293.832950  -46.77054  -57.96576      0.075    1470.12     31.148     30.888     6.9143     6.9164     0.0021     6.9115     6.9136     0.0021   3.440353   3.440424   0.000071    34.0995    34.0983     7.2059    26.7215    26.7202          9  0.000e+00
      60816 293.832951  -46.77054  -57.96576      0.071    1470.12     31.140     30.880     6.9147     6.9167     0.0020     6.9119     6.9139     0.0020   3.440297   3.440424   0.000126    34.0986    34.0980     7.2054    26.7207    26.7200          9  0.000e+00
      60817 293.832951  -46.77054  -57.96576      0.071    1470.12     31.213     30.952     6.9145     6.9173     0.0027     6.9117     6.9144     0.0027   3.440341   3.440442   0.000101    34.0992    34.0976     7.2056    26.7212    26.7196          9  0.000e+00
      60818 293.832952  -46.77054  -57.96576      0.063    1470.12     31.076     30.816     6.9147     6.9174     0.0027     6.9119     6.9146     0.0027   3.440322   3.440515   0.000193    34.0989    34.0983     7.2051    26.7210    26.7201          9  0.000e+00
      60819 293.832952  -46.77054  -57.96576      0.059    1470.12     31.149     30.888     6.9145     6.9177     0.0032     6.9117     6.9149     0.0032   3.440347   3.440539   0.000192    34.0993    34.0982     7.2047    26.7213    26.7200          9  0.000e+00
      60820 293.832953  -46.77054  -57.96576      0.054    1470.12     31.141     30.880     6.9150     6.9179     0.0029     6.9122     6.9151     0.0029   3.440365   3.440563   0.000198    34.0990    34.0984     7.2042    26.7210    26.7201          9  0.000e+00
      60821 293.832953  -46.77054  -57.96576      0.055    1470.12     31.197     30.936     6.9154     6.9177     0.0024     6.9125     6.9149     0.0024   3.440365   3.440551   0.000186    34.0987    34.0983     7.2038    26.7207    26.7201          9  0.000e+00
      60822 293.832954  -46.77054  -57.96576      0.051    1470.12     31.149     30.888     6.9151     6.9179     0.0027     6.9123     6.9151     0.0027   3.440390   3.440521   0.000131    34.0991    34.0979     7.2034    26.7211    26.7197          9  0.000e+00
      60823 293.832954  -46.77054  -57.96576      0.045    1470.12     31.141     30.880     6.9158     6.9177     0.0019     6.9130     6.9149     0.0019   3.440396   3.440533   0.000137    34.0986    34.0982     7.2035    26.7206    26.7200          9  0.000e+00
      60824 293.832955  -46.77054  -57.96576      0.039    1470.12     31.092     30.833     6.9160     6.9176     0.0016     6.9131     6.9148     0.0016   3.440513   3.440521   0.000008    34.0997    34.0982     7.2030    26.7215    26.7200          9  0.000e+00
      60825 293.832955  -46.77054  -57.96576      0.033    1470.12     31.141     30.880     6.9165     6.9177     0.0013     6.9136     6.9149     0.0013   3.440501   3.440515   0.000014    34.0991    34.0980     7.2025    26.7209    26.7198          9  0.000e+00
      60826 293.832956  -46.77054  -57.96576      0.034    1470.12     31.141     30.880     6.9168     6.9177     0.0010     6.9140     6.9149     0.0010   3.440562   3.440515  -0.000048    34.0994    34.0980     7.2077    26.7211    26.7198          9  0.000e+00
      60827 293.832956  -46.77054  -57.96576      0.025    1470.12     31.092     30.833     6.9166     6.9179     0.0013     6.9138     6.9151     0.0013   3.440488   3.440533   0.000044    34.0988    34.0980     7.2035    26.7206    26.7199          9  0.000e+00
      60828 293.832957  -46.77054  -57.96576      0.022    1470.12     31.141     30.881     6.9166     6.9184     0.0017     6.9138     6.9155     0.0017   3.440501   3.440612   0.000111    34.0989    34.0984     7.2038    26.7207    26.7201          9  0.000e+00
      60829 293.832957  -46.77054  -57.96576      0.016    1470.12     31.092     30.833     6.9166     6.9187     0.0021     6.9138     6.9159     0.0020   3.440501   3.440660   0.000160    34.0989    34.0987     7.2090    26.7207    26.7202          9  0.000e+00
      60830 293.832958  -46.77054  -57.96576      0.009    1470.12     31.076     30.817     6.9166     6.9195     0.0029     6.9138     6.9167     0.0029   3.440513   3.440673   0.000160    34.0991    34.0980     7.2049    26.7209    26.7196          9  0.000e+00
      60831 293.832958  -46.77054  -57.96576      0.002    1470.12     31.076     30.817     6.9166     6.9197     0.0030     6.9138     6.9169     0.0030   3.440544   3.440715   0.000171    34.0994    34.0983     7.2051    26.7211    26.7198          9  0.000e+00
      60832 293.832959  -46.77054  -57.96576      0.004    1470.12     31.149     30.889     6.9171     6.9198     0.0027     6.9143     6.9170     0.0027   3.440525   3.440721   0.000196    34.0987    34.0982     7.2049    26.7205    26.7197          9  0.000e+00
      60833 293.832959  -46.77054  -57.96576     -0.003    1470.12     31.076     30.817     6.9176     6.9198     0.0022     6.9148     6.9170     0.0022   3.440569   3.440703   0.000134    34.0987    34.0980     7.2044    26.7205    26.7196          9  0.000e+00
      60834 293.832960  -46.77054  -57.96576     -0.005    1470.12     31.149     30.889     6.9178     6.9197     0.0019     6.9150     6.9168     0.0019   3.440581   3.440703   0.000122    34.0986    34.0981     7.2042    26.7203    26.7197          9  0.000e+00
      60835 293.832960  -46.77054  -57.96576     -0.012    1470.12     31.020     30.761     6.9179     6.9190     0.0011     6.9151     6.9162     0.0011   3.440630   3.440630 -1.711e-07    34.0991    34.0980     7.2037    26.7207    26.7197          9  0.000e+00
      60836 293.832961  -46.77054  -57.96576     -0.015    1470.12     31.149     30.889     6.9181     6.9192     0.0011     6.9153     6.9164     0.0011   3.440550   3.440679   0.000129    34.0980    34.0983     7.2035    26.7198    26.7199          9  0.000e+00
      60837 293.832961  -46.77054  -57.96576     -0.021    1470.12     31.076     30.817     6.9178     6.9195     0.0017     6.9150     6.9167     0.0017   3.440593   3.440679   0.000085    34.0988    34.0980     7.2032    26.7205    26.7196          9  0.000e+00
      60838 293.832962  -46.77054  -57.96576     -0.024    1470.12     31.076     30.817     6.9176     6.9195     0.0018     6.9148     6.9166     0.0018   3.440562   3.440715   0.000153    34.0986    34.0985     7.2029    26.7204    26.7200          9  0.000e+00
      60839 293.832962  -46.77054  -57.96576     -0.033    1470.12     31.028     30.769     6.9177     6.9197     0.0019     6.9149     6.9169     0.0019   3.440643   3.440733   0.000091    34.0994    34.0985     7.2075    26.7210    26.7200          9  0.000e+00
      60840 293.832962  -46.77054  -57.96576     -0.036    1470.12     31.020     30.761     6.9176     6.9201     0.0025     6.9148     6.9173     0.0025   3.440606   3.440733   0.000128    34.0991    34.0980     7.2028    26.7208    26.7196          9  0.000e+00
