Pos-Processados/process_op42/operantar42_001.cnv
* Sea-Bird SBE 9 Data File:
* FileName = C:\Users\Hidrografia\Desktop\OPXLII\Brutos\OP42001.hdr
* Software Version Seasave V 7.26.7.107
* Temperature SN = 6502
* Conductivity SN = 4998
* Number of Bytes Per Scan = 37
* Number of Voltage Words = 4
* Number of Scans Averaged by the Deck Unit = 1
* NMEA Latitude = 37 22.97 S
* NMEA Longitude = 051 25.37 W
* NMEA UTC (Time) = Oct 16 2023 02:33:28
* NMEA baud rate = 4800
** H41
** NPOALTEMAXIMIANO
** NUMERO DA ESTACAO (XXX) 001
** LAT (XX XX.XX S/N) 37 21.653 S
** LONG (XXX XX.XX W/E) 51 23.878 W
** DATAHORA (dd/mm/aaaa hh:mm Z) 16/10/2023 0155
** PROFUNDIDADE (m) 4344
** OPERADOR CT FILIPE LOPES
# nquan = 30
# nvalues = 2013                        
# units = specified
# name 0 = scan: Scan Count
# name 1 = timeJ: Julian Days
# name 2 = latitude: Latitude [deg]
# name 3 = longitude: Longitude [deg]
# name 4 = dz/dtM: Descent Rate [m/s]
# name 5 = avgsvCM: Average Sound Velocity [Chen-Millero, m/s]
# name 6 = prDM: Pressure, Digiquartz [db]
# name 7 = depSM: Depth [salt water, m]
# name 8 = t090C: Temperature [ITS-90, deg C]
# name 9 = t190C: Temperature, 2 [ITS-90, deg C]
# name 10 = T2-T190C: Temperature Difference, 2 - 1 [ITS-90, deg C]
# name 11 = potemp090C: Potential Temperature [ITS-90, deg C]
# name 12 = potemp190C: Potential Temperature, 2 [ITS-90, deg C]
# name 13 = potemp90Cdiff: Potential Temperature, Diff, 2 - 1 [ITS-90, deg C]
# name 14 = c0S/m: Conductivity [S/m]
# name 15 = c1S/m: Conductivity, 2 [S/m]
# name 16 = C2-C1S/m: Conductivity Difference, 2 - 1 [S/m]
# name 17 = sal00: Salinity, Practical [PSU]
# name 18 = sal11: Salinity, Practical, 2 [PSU]
# name 19 = sbeox0ML/L: Oxygen, SBE 43 [ml/l]
# name 20 = sigma-é00: Density [sigma-theta, kg/m^3]
# name 21 = sigma-é11: Density, 2 [sigma-theta, kg/m^3]
# name 22 = sal00: Salinity, Practical [PSU]
# name 23 = sigma-é00: Density [sigma-theta, kg/m^3]
# name 24 = svCM: Sound Velocity [Chen-Millero, m/s]
# name 25 = svCM1: Sound Velocity, 2 [Chen-Millero, m/s]
# name 26 = gsw_ptA0: potential temperature [ITS-90, deg C]
# name 27 = gsw_densityA0: density, TEOS-10 [density, kg/m^3]
# name 28 = gsw_saA0: Absolute Salinity [g/kg]
# name 29 = flag:
# span 0 =       6096,      80372       
# span 1 = 289.109514, 289.145334       
# span 2 =  -37.40116,  -37.38511       
# span 3 =  -51.45054,  -51.42393       
# span 4 =     -1.516,      1.488       
# span 5 =       0.00,    1520.06       
# span 6 =      4.000,   1012.000       
# span 7 =      3.989,   1002.030       
# span 8 =     4.3462,    18.7327       
# span 9 =     4.3501,    18.7321       
# span 10 =    -0.1012,     0.0422      
# span 11 =     4.2674,    18.7261      
# span 12 =     4.2713,    18.7257      
# span 13 =    -0.1009,     0.0419      
# span 14 =   3.263527,   4.825247      
# span 15 =   3.263781,   4.825505      
# span 16 =  -0.013409,   0.003720      
# span 17 =    34.1992,    36.3480      
# span 18 =    34.1988,    36.3494      
# span 19 =     4.4729,     5.6362      
# span 20 =    26.0397,    27.1253      
# span 21 =    26.0404,    27.1245      
# span 22 =    34.2000,    36.3479      
# span 23 =    26.0401,    27.1250      
# span 24 =    1483.63,    1521.24      
# span 25 =    1483.61,    1521.24      
# span 26 =     4.2672,    18.7261      
# span 27 =  1026.0620,  1031.7787      
# span 28 =    34.3644,    36.5196      
# span 29 = 0.0000e+00, 0.0000e+00      
# interval = decibars: 1                
# start_time = Oct 16 2023 02:33:28 [NMEA time, header]
# bad_flag = -9.990e-29
*END*
[from data line 1886]
      67864 289.139301  -37.39902  -51.44519     -1.020    1502.20    134.000    132.961    18.0659    18.0652    -0.0008    18.0427    18.0419    -0.0008   4.740955   4.740895  -0.000190    36.1807    36.1797     4.8503    26.1661    26.1656    36.1850    26.1694    1519.56    1519.55    18.0427  1026.7548    36.3559 0.0000e+00
      67887 289.139312  -37.39902  -51.44520     -1.102    1502.20    133.000    131.969    18.0750    18.0576    -0.0175    18.0520    18.0346    -0.0175   4.742131   4.739851  -0.002079    36.1824    36.1801     4.8589    26.1651    26.1677    36.1874    26.1689    1519.57    1519.51    18.0520  1026.7499    36.3583 0.0000e+00
      67924 289.139330  -37.39903  -51.44521     -0.740    1502.20    132.000    130.978    18.0950    18.0719    -0.0231    18.0721    18.0490    -0.0230   4.744282   4.741680  -0.002722    36.1844    36.1815     4.8440    26.1617    26.1651    36.1886    26.1649    1519.61    1519.54    18.0721  1026.7414    36.3594 0.0000e+00
      67973 289.139354  -37.39904  -51.44524     -0.457    1502.20    131.000    129.986    18.1113    18.1102    -0.0011    18.0886    18.0874    -0.0011   4.746488   4.746330  -0.000219    36.1898    36.1889     4.8505    26.1616    26.1613    36.1934    26.1644    1519.65    1519.64    18.0886  1026.7366    36.3643 0.0000e+00
      68006 289.139370  -37.39904  -51.44526     -0.681    1502.20    130.000    128.993    18.1227    18.1190    -0.0038    18.1002    18.0964    -0.0037   4.748092   4.747467  -0.000613    36.1937    36.1918     4.8476    26.1618    26.1612    36.1974    26.1646    1519.67    1519.65    18.1002  1026.7324    36.3683 0.0000e+00
      68046 289.139389  -37.39905  -51.44527     -0.621    1502.20    129.000    128.002    18.1369    18.1232    -0.0136    18.1144    18.1008    -0.0136   4.749620   4.747939  -0.001624    36.1955    36.1936     4.8506    26.1595    26.1615    36.1984    26.1618    1519.69    1519.65    18.1144  1026.7253    36.3693 0.0000e+00
      68086 289.139408  -37.39906  -51.44528     -0.561    1502.20    128.000    127.010    18.1400    18.1325    -0.0075    18.1178    18.1102    -0.0075   4.750174   4.749481  -0.000908    36.1974    36.1962     4.8573    26.1602    26.1612    36.2007    26.1628    1519.69    1519.67    18.1177  1026.7219    36.3716 0.0000e+00
      68110 289.139420  -37.39906  -51.44529     -0.849    1502.20    127.000    126.017    18.1776    18.1831     0.0056    18.1555    18.1610     0.0056   4.755695   4.756060   0.000288    36.2096    36.2072     4.8619    26.1601    26.1569    36.2151    26.1644    1519.80    1519.81    18.1555  1026.7191    36.3861 0.0000e+00
      68132 289.139430  -37.39906  -51.44531     -1.057    1502.20    126.000    125.025    18.2107    18.1950    -0.0157    18.1887    18.1731    -0.0157   4.760134   4.757386  -0.002370    36.2179    36.2115     4.8514    26.1582    26.1572    36.2241    26.1629    1519.89    1519.83    18.1887  1026.7133    36.3952 0.0000e+00
      68173 289.139450 -9.990e-29  -51.44533     -0.678    1502.20    125.000    124.034    18.2777    18.2421    -0.0356    18.2558    18.2203    -0.0356   4.769120   4.764175  -0.004976    36.2343    36.2233     4.8582    26.1539    26.1544    36.2420    26.1598    1520.08    1519.97    18.2559  1026.7058    36.4133 0.0000e+00
      68235 289.139480 -9.990e-29  -51.44535     -0.302    1502.20    124.000    123.042    18.3404    18.3336    -0.0069    18.3187    18.3119    -0.0069   4.777039   4.776226  -0.000911    36.2522    36.2506     4.8838    26.1519    26.1524    36.2545    26.1536    1520.26    1520.24    18.3187  1026.6952    36.4259 0.0000e+00
      68259 289.139492 -9.990e-29  -51.44536     -0.772    1502.20    123.000    122.050    18.3628    18.3683     0.0055    18.3412    18.3468     0.0055   4.781564   4.781375  -0.000056    36.2651    36.2597     4.8958    26.1561    26.1505    36.2737    26.1627    1520.33    1520.34    18.3412  1026.6998    36.4452 0.0000e+00
      68287 289.139505 -9.990e-29  -51.44538     -0.898    1502.20    122.000    121.058    18.3972    18.3838    -0.0134    18.3758    18.3624    -0.0134   4.785263   4.783136  -0.001933    36.2707    36.2661     4.8904    26.1517    26.1515    36.2751    26.1551    1520.42    1520.37    18.3758  1026.6878    36.4466 0.0000e+00
      68322 289.139522 -9.990e-29  -51.44539     -0.716    1502.20    121.000    120.066    18.4075    18.4031    -0.0044    18.3863    18.3819    -0.0044   4.787085   4.785999  -0.001430    36.2760    36.2677     4.9040    26.1531    26.1479    36.2819    26.1576    1520.44    1520.42    18.3863  1026.6860    36.4534 0.0000e+00
      68351 289.139536 -9.990e-29  -51.44540     -0.758    1502.20    120.000    119.074    18.4446    18.4394    -0.0052    18.4235    18.4183    -0.0052   4.791978   4.791092  -0.000931    36.2860    36.2826     4.9101    26.1513    26.1501    36.2912    26.1553    1520.54    1520.52    18.4235  1026.6792    36.4627 0.0000e+00
      68375 289.139548 -9.990e-29  -51.44541     -0.933    1502.20    119.000    118.082    18.4580    18.4626     0.0046    18.4371    18.4417     0.0046   4.793748   4.794151   0.000412    36.2894    36.2888     4.9243    26.1505    26.1490    36.2947    26.1546    1520.56    1520.58    18.4371  1026.6742    36.4663 0.0000e+00
      68419 289.139569  -37.39913  -51.44543     -0.599    1502.20    118.000    117.091    18.4917    18.4752    -0.0164    18.4709    18.4545    -0.0164   4.797751   4.795735  -0.002008    36.2949    36.2924     4.9184    26.1462    26.1484    36.2995    26.1497    1520.65    1520.60    18.4709  1026.6648    36.4710 0.0000e+00
      68471 289.139594  -37.39914  -51.44545     -0.437    1502.20    117.000    116.096    18.5008    18.5022     0.0014    18.4801    18.4815     0.0014   4.799027   4.799110   0.000141    36.2996    36.2995     4.9380    26.1475    26.1471    36.3027    26.1498    1520.66    1520.67    18.4802  1026.6605    36.4740 0.0000e+00
      68495 289.139606  -37.39914  -51.44546     -0.803    1502.20    116.000    115.106    18.5084    18.5070    -0.0014    18.4880    18.4865    -0.0014   4.799867   4.799906  -0.000198    36.3012    36.3007     4.9445    26.1467    26.1468    36.3034    26.1484    1520.67    1520.67    18.4880  1026.6547    36.4748 0.0000e+00
      68520 289.139618  -37.39914  -51.44547     -0.978    1502.20    115.000    114.114    18.5168    18.5116    -0.0052    18.4965    18.4913    -0.0051   4.801167   4.800242  -0.000687    36.3034    36.3022     4.9289    26.1463    26.1466    36.3075    26.1494    1520.68    1520.66    18.4965  1026.6514    36.4789 0.0000e+00
      68555 289.139635  -37.39914  -51.44550     -0.741    1502.20    114.000    113.122    18.5320    18.5172    -0.0148    18.5119    18.4971    -0.0148   4.803133   4.801247  -0.001935    36.3079    36.3045     4.9321    26.1458    26.1469    36.3111    26.1483    1520.71    1520.67    18.5119  1026.6459    36.4826 0.0000e+00
      68589 289.139651  -37.39915  -51.44550     -0.657    1502.20    113.000    112.130    18.5632    18.5584    -0.0049    18.5433    18.5384    -0.0049   4.807343   4.806513  -0.000961    36.3147    36.3109     4.9556    26.1431    26.1414    36.3197    26.1469    1520.79    1520.78    18.5433  1026.6401    36.4911 0.0000e+00
      68615 289.139663  -37.39916  -51.44551     -0.865    1502.20    112.000    111.138    18.5871    18.5895     0.0025    18.5673    18.5697     0.0024   4.810152   4.810239   0.000122    36.3188    36.3176     4.9548    26.1401    26.1386    36.3229    26.1432    1520.85    1520.86    18.5673  1026.6321    36.4944 0.0000e+00
      68649 289.139680  -37.39916  -51.44553     -0.767    1502.20    111.000    110.147    18.6109    18.5973    -0.0137    18.5913    18.5776    -0.0137   4.812955   4.811252  -0.001612    36.3220    36.3204     4.9740    26.1364    26.1387    36.3260    26.1395    1520.91    1520.86    18.5913  1026.6240    36.4975 0.0000e+00
      68701 289.139705  -37.39918  -51.44555     -0.385    1502.20    110.000    109.151    18.6424    18.6211    -0.0213    18.6229    18.6016    -0.0213   4.816895   4.814468  -0.002527    36.3287    36.3261     4.9941    26.1336    26.1370    36.3320    26.1361    1520.99    1520.92    18.6229  1026.6162    36.5035 0.0000e+00
      68728 289.139718  -37.39918  -51.44557     -0.718    1502.20    109.000    108.162    18.6436    18.6484     0.0048    18.6243    18.6291     0.0048   4.817427   4.818099   0.000506    36.3322    36.3322     4.9988    26.1359    26.1347    36.3358    26.1387    1520.98    1520.99    18.6243  1026.6144    36.5074 0.0000e+00
      68748 289.139727  -37.39918  -51.44558     -1.033    1502.20    108.000    107.170    18.6644    18.6724     0.0081    18.6452    18.6533     0.0080   4.820126   4.821104   0.000903    36.3371    36.3376     4.9900    26.1343    26.1327    36.3408    26.1371    1521.02    1521.05    18.6452  1026.6085    36.5123 0.0000e+00
      68770 289.139738  -37.39918  -51.44558     -1.145    1502.20    107.000    106.179    18.6739    18.6727    -0.0011    18.6549    18.6537    -0.0011   4.821390   4.821008  -0.000192    36.3398    36.3392     4.9922    26.1339    26.1337    36.3435    26.1368    1521.04    1521.03    18.6549  1026.6038    36.5150 0.0000e+00
      68807 289.139756  -37.39920  -51.44560     -0.749    1502.20    106.000    105.186    18.6866    18.6801    -0.0064    18.6677    18.6613    -0.0064   4.822817   4.822063  -0.000783    36.3420    36.3411     5.0125    26.1324    26.1333    36.3448    26.1345    1521.06    1521.04    18.6677  1026.5971    36.5163 0.0000e+00
      68851 289.139777  -37.39920  -51.44562     -0.516    1502.20    105.000    104.193    18.6929    18.6919    -0.0010    18.6743    18.6733    -0.0010   4.823549   4.823524  -0.000082    36.3438    36.3440     5.0351    26.1321    26.1325    36.3457    26.1335    1521.06    1521.06    18.6743  1026.5919    36.5173 0.0000e+00
      68893 289.139797  -37.39921  -51.44563     -0.572    1502.20    104.000    103.202    18.6935    18.6938     0.0003    18.6750    18.6754     0.0003   4.823523   4.823661   0.000116    36.3439    36.3446     5.0435    26.1320    26.1324    36.3454    26.1331    1521.05    1521.05    18.6750  1026.5871    36.5170 0.0000e+00
      68950 289.139825  -37.39922  -51.44565     -0.355    1502.20    103.000    102.209    18.6918    18.6932     0.0014    18.6735    18.6749     0.0014   4.823053   4.823337   0.000276    36.3423    36.3433     5.0463    26.1311    26.1316    36.3433    26.1318    1521.02    1521.03    18.6736  1026.5815    36.5148 0.0000e+00
      68977 289.139838  -37.39922  -51.44568     -0.713    1502.20    102.000    101.217    18.6921    18.6928     0.0008    18.6740    18.6747     0.0008   4.823095   4.823268   0.000173    36.3431    36.3439     5.0496    26.1316    26.1320    36.3438    26.1321    1521.01    1521.01    18.6740  1026.5775    36.5153 0.0000e+00
      68999 289.139849  -37.39923  -51.44569     -1.004    1502.20    101.000    100.225    18.6905    18.6914     0.0010    18.6726    18.6735     0.0010   4.822748   4.822961   0.000194    36.3420    36.3428     5.0482    26.1312    26.1315    36.3426    26.1316    1520.99    1520.99    18.6726  1026.5726    36.5142 0.0000e+00
      69026 289.139862  -37.39924  -51.44570     -0.985    1502.20    100.000     99.233    18.6902    18.6908     0.0006    18.6725    18.6731     0.0006   4.822618   4.822830   0.000203    36.3416    36.3428     5.0518    26.1309    26.1316    36.3421    26.1313    1520.97    1520.97    18.6724  1026.5680    36.5138 0.0000e+00
      69061 289.139879 -9.990e-29  -51.44572     -0.705    1502.20     99.000     98.241    18.6906    18.6914     0.0008    18.6730    18.6738     0.0008   4.822502   4.822712   0.000207    36.3408    36.3417     5.0526    26.1301    26.1306    36.3412    26.1304    1520.95    1520.95    18.6730  1026.5629    36.5129 0.0000e+00
      69092 289.139893 -9.990e-29  -51.44572     -0.731    1502.20     98.000     97.249    18.6912    18.6926     0.0014    18.6738    18.6752     0.0014   4.822506   4.822789   0.000256    36.3406    36.3416     5.0471    26.1297    26.1301    36.3411    26.1301    1520.94    1520.94    18.6738  1026.5583    36.5128 0.0000e+00
      69117 289.139905 -9.990e-29  -51.44573     -0.913    1502.20     97.000     96.257    18.6940    18.6966     0.0027    18.6767    18.6794     0.0027   4.822856   4.823257   0.000413    36.3413    36.3424     5.0401    26.1295    26.1297    36.3420    26.1300    1520.93    1520.94    18.6768  1026.5539    36.5137 0.0000e+00
      69149 289.139921  -37.39926  -51.44574     -0.809    1502.20     96.000     95.264    18.7010    18.6998    -0.0012    18.6839    18.6828    -0.0012   4.823705   4.823664  -0.000044    36.3425    36.3431     5.0479    26.1286    26.1294    36.3434    26.1293    1520.93    1520.93    18.6840  1026.5487    36.5149 0.0000e+00
      69190 289.139941  -37.39926  -51.44576     -0.582    1502.20     95.000     94.272    18.7064    18.7059    -0.0005    18.6895    18.6890    -0.0005   4.824304   4.824363   0.000062    36.3434    36.3444     5.0440    26.1279    26.1288    36.3440    26.1284    1520.93    1520.93    18.6896  1026.5434    36.5156 0.0000e+00
      69227 289.139958  -37.39928  -51.44578     -0.628    1502.20     94.000     93.280    18.7089    18.7083    -0.0007    18.6923    18.6916    -0.0007   4.824509   4.824533   0.000046    36.3433    36.3443     5.0430    26.1271    26.1281    36.3439    26.1276    1520.92    1520.92    18.6922  1026.5383    36.5155 0.0000e+00
      69256 289.139973  -37.39928  -51.44580     -0.778    1502.20     93.000     92.288    18.7103    18.7107     0.0003    18.6938    18.6942     0.0003   4.824609   4.824782   0.000152    36.3435    36.3444     5.0381    26.1268    26.1275    36.3439    26.1272    1520.91    1520.91    18.6938  1026.5336    36.5155 0.0000e+00
      69287 289.139987  -37.39928  -51.44581     -0.799    1502.20     92.000     91.296    18.7119    18.7128     0.0009    18.6956    18.6964     0.0009   4.824744   4.824949   0.000197    36.3436    36.3445     5.0422    26.1265    26.1270    36.3440    26.1268    1520.90    1520.90    18.6956  1026.5289    36.5156 0.0000e+00
      69319 289.140003  -37.39930  -51.44582     -0.750    1502.20     91.000     90.304    18.7133    18.7142     0.0009    18.6972    18.6980     0.0009   4.824845   4.825048   0.000199    36.3437    36.3446     5.0500    26.1261    26.1267    36.3441    26.1264    1520.89    1520.89    18.6972  1026.5242    36.5156 0.0000e+00
      69358 289.140022  -37.39930  -51.44584     -0.654    1502.20     90.000     89.313    18.7144    18.7155     0.0011    18.6984    18.6995     0.0011   4.824911   4.825154   0.000242    36.3437    36.3448     5.0489    26.1259    26.1264    36.3440    26.1261    1520.87    1520.88    18.6984  1026.5196    36.5156 0.0000e+00
      69420 289.140051  -37.39930  -51.44587     -0.355    1502.20     89.000     88.319    18.7150    18.7161     0.0010    18.6992    18.7003     0.0010   4.824947   4.825168   0.000220    36.3439    36.3449     5.0449    26.1258    26.1263    36.3441    26.1260    1520.86    1520.86    18.6992  1026.5151    36.5157 0.0000e+00
      69471 289.140076  -37.39932  -51.44589     -0.485    1502.20     88.000     87.328    18.7144    18.7154     0.0010    18.6988    18.6998     0.0010   4.824833   4.825060   0.000225    36.3440    36.3450     5.0425    26.1260    26.1265    36.3441    26.1261    1520.84    1520.84    18.6988  1026.5109    36.5157 0.0000e+00
