Pos-Processados/process_op42/operantar42_033.cnv
* Sea-Bird SBE 9 Data File:
* FileName = C:\Users\Hidrografia\Desktop\OPXLII\Brutos\OP42033.hdr
* Software Version Seasave V 7.26.7.107
* Temperature SN = 6502
* Conductivity SN = 4998
* Number of Bytes Per Scan = 37
* Number of Voltage Words = 4
* Number of Scans Averaged by the Deck Unit = 1
* NMEA Latitude = 62 08.12 S
* NMEA Longitude = 058 26.48 W
* NMEA UTC (Time) = Nov 09 2023 08:06:12
* NMEA baud rate = 4800
** H41
** NPOALTEMAXIMIANO
** NUMERO DA ESTACAO (XXX) 033
** LAT (XX XX.XX S/N) 62 08.10 S
** LONG (XXX XX.XX W/E) 058 26.50 W
** DATAHORA (dd/mm/aaaa hh:mm Z) 09/11/2023 0805Z
** PROFUNDIDADE (m) 423
** OPERADOR CT FABIREZA
# nquan = 30
# nvalues = 795                         
# units = specified
# name 0 = scan: Scan Count
# name 1 = timeJ: Julian Days
# name 2 = latitude: Latitude [deg]
# name 3 = longitude: Longitude [deg]
# name 4 = dz/dtM: Descent Rate [m/s]
# name 5 = avgsvCM: Average Sound Velocity [Chen-Millero, m/s]
# name 6 = prDM: Pressure, Digiquartz [db]
# name 7 = depSM: Depth [salt water, m]
# name 8 = t090C: Temperature [ITS-90, deg C]
# name 9 = t190C: Temperature, 2 [ITS-90, deg C]
# name 10 = T2-T190C: Temperature Difference, 2 - 1 [ITS-90, deg C]
# name 11 = potemp090C: Potential Temperature [ITS-90, deg C]
# name 12 = potemp190C: Potential Temperature, 2 [ITS-90, deg C]
# name 13 = potemp90Cdiff: Potential Temperature, Diff, 2 - 1 [ITS-90, deg C]
# name 14 = c0S/m: Conductivity [S/m]
# name 15 = c1S/m: Conductivity, 2 [S/m]
# name 16 = C2-C1S/m: Conductivity Difference, 2 - 1 [S/m]
# name 17 = sal00: Salinity, Practical [PSU]
# name 18 = sal11: Salinity, Practical, 2 [PSU]
# name 19 = sbeox0ML/L: Oxygen, SBE 43 [ml/l]
# name 20 = sigma-é00: Density [sigma-theta, kg/m^3]
# name 21 = sigma-é11: Density, 2 [sigma-theta, kg/m^3]
# name 22 = sal00: Salinity, Practical [PSU]
# name 23 = sigma-é00: Density [sigma-theta, kg/m^3]
# name 24 = svCM: Sound Velocity [Chen-Millero, m/s]
# name 25 = svCM1: Sound Velocity, 2 [Chen-Millero, m/s]
# name 26 = gsw_ptA0: potential temperature [ITS-90, deg C]
# name 27 = gsw_densityA0: density, TEOS-10 [density, kg/m^3]
# name 28 = gsw_saA0: Absolute Salinity [g/kg]
# name 29 = flag:
# span 0 =       1725,      25413       
# span 1 = 313.338470, 313.349894       
# span 2 =  -62.13977,  -62.13570       
# span 3 =  -58.44128,  -58.43634       
# span 4 =     -1.248,      1.113       
# span 5 =       0.00,    1467.46       
# span 6 =      1.000,    398.000       
# span 7 =      0.996,    393.792       
# span 8 =    -0.8427,    -0.5444       
# span 9 =    -0.8415,    -0.5431       
# span 10 =    -0.0251,     0.0112      
# span 11 =    -0.8498,    -0.5447      
# span 12 =    -0.8486,    -0.5434      
# span 13 =    -0.0251,     0.0112      
# span 14 =   2.790855,   2.824049      
# span 15 =   2.790819,   2.824007      
# span 16 =  -0.002347,   0.000963      
# span 17 =    34.2760,    34.3891      
# span 18 =    34.2734,    34.3881      
# span 19 =     6.8142,     7.6579      
# span 20 =    27.5521,    27.6438      
# span 21 =    27.5504,    27.6430      
# span 22 =    34.2764,    34.3890      
# span 23 =    27.5525,    27.6437      
# span 24 =    1445.57,    1451.87      
# span 25 =    1445.58,    1451.87      
# span 26 =    -0.8496,    -0.5447      
# span 27 =  1027.5629,  1029.5448      
# span 28 =    34.4408,    34.5592      
# span 29 = 0.0000e+00, 0.0000e+00      
# interval = decibars: 1                
# start_time = Nov 09 2023 08:06:12 [NMEA time, header]
# bad_flag = -9.990e-29
*END*
[from data line 242]
       8554 313.341764  -62.13690  -58.44018      0.807    1447.06    243.000    240.527    -0.8324    -0.8315     0.0009    -0.8396    -0.8387     0.0009   2.792803   2.792826   0.000032    34.3108    34.3102     7.4478    27.5885    27.5880    34.3110    27.5887    1448.30    1448.30    -0.8394  1028.7567    34.4784 0.0000e+00
       8581 313.341776  -62.13690  -58.44018      0.859    1447.06    244.000    241.516    -0.8272    -0.8272     0.0000    -0.8345    -0.8345     0.0000   2.793360   2.793323  -0.000049    34.3119    34.3113     7.4507    27.5892    27.5887    34.3121    27.5894    1448.34    1448.34    -0.8343  1028.7620    34.4795 0.0000e+00
       8605 313.341788  -62.13690  -58.44018      0.944    1447.06    245.000    242.506    -0.8245    -0.8233     0.0012    -0.8318    -0.8306     0.0012   2.793668   2.793725   0.000059    34.3121    34.3116     7.4476    27.5893    27.5888    34.3126    27.5897    1448.37    1448.38    -0.8316  1028.7671    34.4800 0.0000e+00
       8629 313.341800  -62.13691  -58.44018      0.991    1447.06    246.000    243.495    -0.8189    -0.8198    -0.0009    -0.8262    -0.8271    -0.0009   2.794191   2.794082  -0.000088    34.3123    34.3121     7.4433    27.5892    27.5891    34.3127    27.5895    1448.41    1448.41    -0.8260  1028.7717    34.4801 0.0000e+00
       8654 313.341812  -62.13692  -58.44018      0.994    1447.06    247.000    244.484    -0.8149    -0.8136     0.0014    -0.8223    -0.8209     0.0014   2.794616   2.794764   0.000116    34.3123    34.3123     7.4350    27.5891    27.5890    34.3133    27.5898    1448.45    1448.46    -0.8221  1028.7767    34.4807 0.0000e+00
       8679 313.341824  -62.13692  -58.44018      0.961    1447.06    248.000    245.473    -0.8099    -0.8097     0.0002    -0.8173    -0.8171     0.0002   2.795124   2.795134   0.000042    34.3130    34.3134     7.4201    27.5894    27.5897    34.3138    27.5901    1448.49    1448.49    -0.8171  1028.7834    34.4834 0.0000e+00
       8705 313.341837  -62.13692 -9.990e-29      0.923    1447.06    249.000    246.462    -0.8014    -0.8048    -0.0033    -0.8089    -0.8122    -0.0033   2.796001   2.795655  -0.000338    34.3141    34.3133     7.4087    27.5900    27.5895    34.3155    27.5911    1448.55    1448.53    -0.8087  1028.7894    34.4854 0.0000e+00
       8732 313.341849  -62.13693 -9.990e-29      0.906    1447.06    250.000    247.452    -0.7957    -0.7961    -0.0004    -0.8032    -0.8036    -0.0004   2.796576   2.796484  -0.000094    34.3150    34.3142     7.4171    27.5905    27.5898    34.3162    27.5915    1448.59    1448.59    -0.8030  1028.7944    34.4861 0.0000e+00
       8758 313.341862  -62.13694  -58.44016      0.916    1447.06    251.000    248.441    -0.7882    -0.7867     0.0015    -0.7958    -0.7942     0.0015   2.797447   2.797440  -0.000017    34.3170    34.3150     7.4076    27.5918    27.5901    34.3188    27.5933    1448.65    1448.65    -0.7956  1028.8007    34.4884 0.0000e+00
       8783 313.341874 -9.990e-29  -58.44016      0.937    1447.06    252.000    249.430    -0.7810    -0.7805     0.0005    -0.7886    -0.7881     0.0005   2.798113   2.798042  -0.000060    34.3177    34.3164     7.3963    27.5921    27.5909    34.3191    27.5932    1448.70    1448.70    -0.7884  1028.7990    34.4808 0.0000e+00
       8809 313.341886 -9.990e-29  -58.44015      0.950    1447.06    253.000    250.419    -0.7790    -0.7791    -0.0001    -0.7866    -0.7867    -0.0001   2.798342   2.798250  -0.000105    34.3182    34.3168     7.3893    27.5924    27.5913    34.3193    27.5932    1448.72    1448.72    -0.7864  1028.8039    34.4811 0.0000e+00
       8834 313.341899 -9.990e-29  -58.44014      0.949    1447.06    254.000    251.409    -0.7758    -0.7746     0.0013    -0.7835    -0.7822     0.0013   2.798704   2.798721   0.000010    34.3189    34.3176     7.3689    27.5928    27.5917    34.3200    27.5937    1448.76    1448.76    -0.7833  1028.8091    34.4818 0.0000e+00
       8860 313.341911  -62.13696  -58.44014      0.938    1447.06    255.000    252.398    -0.7721    -0.7719     0.0002    -0.7798    -0.7796     0.0002   2.799101   2.799048  -0.000053    34.3191    34.3181     7.3557    27.5928    27.5920    34.3205    27.5940    1448.79    1448.79    -0.7796  1028.8146    34.4830 0.0000e+00
       8885 313.341923  -62.13696  -58.44014      0.930    1447.06    256.000    253.387    -0.7700    -0.7688     0.0012    -0.7778    -0.7766     0.0012   2.799369   2.799373   0.000006    34.3203    34.3191     7.3568    27.5937    27.5927    34.3211    27.5944    1448.82    1448.82    -0.7776  1028.8238    34.4886 0.0000e+00
       8911 313.341936  -62.13696  -58.44012      0.938    1447.06    257.000    254.376    -0.7701    -0.7692     0.0008    -0.7779    -0.7770     0.0008   2.799423   2.799393  -0.000033    34.3205    34.3190     7.3561    27.5938    27.5927    34.3214    27.5946    1448.83    1448.84    -0.7777  1028.8288    34.4889 0.0000e+00
       8935 313.341948  -62.13696  -58.44012      0.961    1447.06    258.000    255.366    -0.7657    -0.7657     0.0000    -0.7736    -0.7736     0.0000   2.799858   2.799788  -0.000069    34.3205    34.3196     7.3497    27.5938    27.5930    34.3217    27.5946    1448.87    1448.87    -0.7734  1028.8336    34.4892 0.0000e+00
       8960 313.341960  -62.13696  -58.44012      0.974    1447.06    259.000    256.354    -0.7641    -0.7637     0.0004    -0.7720    -0.7716     0.0004   2.800097   2.800070  -0.000030    34.3211    34.3203     7.3403    27.5942    27.5935    34.3224    27.5952    1448.90    1448.90    -0.7718  1028.8389    34.4900 0.0000e+00
       8986 313.341972  -62.13698  -58.44012      0.947    1447.06    260.000    257.344    -0.7566    -0.7536     0.0029    -0.7645    -0.7616     0.0029   2.800723   2.800994   0.000277    34.3205    34.3209     7.3388    27.5933    27.5936    34.3217    27.5943    1448.95    1448.96    -0.7643  1028.8427    34.4893 0.0000e+00
       9013 313.341985  -62.13698  -58.44010      0.906    1447.06    261.000    258.332    -0.7518    -0.7514     0.0003    -0.7597    -0.7594     0.0003   2.801373   2.801341  -0.000035    34.3230    34.3221     7.3382    27.5952    27.5944    34.3245    27.5964    1448.99    1448.99    -0.7596  1028.8494    34.4920 0.0000e+00
       9040 313.341998  -62.13698  -58.44010      0.893    1447.06    262.000    259.322    -0.7483    -0.7466     0.0016    -0.7563    -0.7546     0.0016   2.801842   2.801866   0.000021    34.3246    34.3230     7.3331    27.5963    27.5950    34.3262    27.5976    1449.02    1449.03    -0.7561  1028.8554    34.4938 0.0000e+00
       9065 313.342010  -62.13698  -58.44010      0.926    1447.06    263.000    260.311    -0.7387    -0.7382     0.0005    -0.7468    -0.7463     0.0005   2.802753   2.802715  -0.000039    34.3257    34.3246     7.3295    27.5968    27.5959    34.3271    27.5979    1449.09    1449.08    -0.7466  1028.8604    34.4947 0.0000e+00
       9089 313.342022  -62.13699  -58.44010      0.976    1447.06    264.000    261.300    -0.7398    -0.7392     0.0006    -0.7479    -0.7473     0.0006   2.802737   2.802698  -0.000040    34.3266    34.3253     7.3262    27.5976    27.5965    34.3275    27.5983    1449.10    1449.10    -0.7477  1028.8656    34.4951 0.0000e+00
       9113 313.342033  -62.13700  -58.44010      1.008    1447.06    265.000    262.289    -0.7383    -0.7372     0.0012    -0.7464    -0.7453     0.0012   2.802929   2.802947 -7.448e-08    34.3269    34.3256     7.3185    27.5978    27.5967    34.3278    27.5985    1449.12    1449.12    -0.7462  1028.8705    34.4954 0.0000e+00
       9137 313.342045  -62.13700  -58.44009      0.995    1447.06    266.000    263.278    -0.7394    -0.7382     0.0012    -0.7476    -0.7464     0.0012   2.802853   2.802872   0.000034    34.3267    34.3258     7.2986    27.5976    27.5969    34.3274    27.5982    1449.13    1449.13    -0.7474  1028.8750    34.4949 0.0000e+00
       9164 313.342058  -62.13700  -58.44008      0.926    1447.06    267.000    264.268    -0.7374    -0.7373     0.0001    -0.7456    -0.7455     0.0001   2.803069   2.803022  -0.000049    34.3264    34.3256     7.2899    27.5973    27.5967    34.3274    27.5981    1449.16    1449.16    -0.7454  1028.8782    34.4932 0.0000e+00
       9193 313.342072 -9.990e-29  -58.44008      0.844    1447.06    268.000    265.257    -0.7329    -0.7325     0.0003    -0.7411    -0.7407     0.0003   2.803551   2.803533  -0.000023    34.3270    34.3263     7.2826    27.5976    27.5971    34.3282    27.5986    1449.20    1449.20    -0.7409  1028.8802    34.4900 0.0000e+00
       9221 313.342085 -9.990e-29  -58.44008      0.837    1447.06    269.000    266.246    -0.7263    -0.7256     0.0007    -0.7346    -0.7339     0.0007   2.804232   2.804227   0.000004    34.3282    34.3275     7.2825    27.5984    27.5977    34.3294    27.5993    1449.24    1449.25    -0.7344  1028.8856    34.4912 0.0000e+00
       9247 313.342098 -9.990e-29  -58.44006      0.892    1447.06    270.000    267.235    -0.7228    -0.7226     0.0002    -0.7312    -0.7309     0.0002   2.804663   2.804619  -0.000036    34.3290    34.3283     7.2779    27.5989    27.5982    34.3306    27.6001    1449.28    1449.28    -0.7310  1028.8912    34.4925 0.0000e+00
       9272 313.342110  -62.13702  -58.44006      0.956    1447.06    271.000    268.224    -0.7165    -0.7182    -0.0018    -0.7249    -0.7266    -0.0018   2.805258   2.805073  -0.000195    34.3298    34.3291     7.2752    27.5992    27.5987    34.3308    27.6000    1449.33    1449.32    -0.7247  1028.8986    34.4962 0.0000e+00
       9296 313.342121  -62.13702  -58.44006      0.989    1447.06    272.000    269.213    -0.7184    -0.7166     0.0018    -0.7268    -0.7250     0.0018   2.805168   2.805220   0.000070    34.3306    34.3295     7.2636    27.6000    27.5990    34.3312    27.6004    1449.33    1449.34    -0.7266  1028.9055    34.4988 0.0000e+00
       9320 313.342133  -62.13704  -58.44006      0.995    1447.06    273.000    270.202    -0.7127    -0.7141    -0.0013    -0.7212    -0.7225    -0.0013   2.805764   2.805588  -0.000184    34.3304    34.3294     7.2539    27.5996    27.5988    34.3322    27.6010    1449.38    1449.37    -0.7210  1028.9109    34.4998 0.0000e+00
       9345 313.342145  -62.13704  -58.44004      0.977    1447.06    274.000    271.192    -0.7105    -0.7097     0.0008    -0.7190    -0.7182     0.0008   2.805999   2.805956  -0.000049    34.3315    34.3299     7.2497    27.6003    27.5990    34.3322    27.6009    1449.40    1449.41    -0.7188  1028.9156    34.4999 0.0000e+00
       9371 313.342158  -62.13704  -58.44004      0.939    1447.06    275.000    272.181    -0.7117    -0.7100     0.0016    -0.7202    -0.7186     0.0016   2.805955   2.805991   0.000038    34.3316    34.3303     7.2502    27.6005    27.5993    34.3324    27.6011    1449.41    1449.42    -0.7200  1028.9205    34.5000 0.0000e+00
       9397 313.342170  -62.13705  -58.44004      0.924    1447.06    276.000    273.169    -0.7088    -0.7077     0.0011    -0.7173    -0.7163     0.0011   2.806237   2.806250   0.000006    34.3314    34.3303     7.2544    27.6002    27.5992    34.3322    27.6009    1449.45    1449.45    -0.7172  1028.9250    34.4999 0.0000e+00
       9424 313.342183  -62.13706  -58.44003      0.908    1447.06    277.000    274.159    -0.7088    -0.7077     0.0011    -0.7174    -0.7163     0.0011   2.806297   2.806295  -0.000001    34.3318    34.3306     7.2440    27.6006    27.5994    34.3325    27.6011    1449.46    1449.47    -0.7172  1028.9300    34.5002 0.0000e+00
       9452 313.342197  -62.13706  -58.44002      0.873    1447.06    278.000    275.148    -0.7073    -0.7067     0.0006    -0.7160    -0.7153     0.0006   2.806459   2.806430  -0.000029    34.3318    34.3307     7.2423    27.6005    27.5995    34.3324    27.6009    1449.48    1449.49    -0.7158  1028.9346    34.5000 0.0000e+00
       9479 313.342210  -62.13706  -58.44002      0.864    1447.06    279.000    276.137    -0.7072    -0.7064     0.0008    -0.7159    -0.7151     0.0008   2.806532   2.806513  -0.000013    34.3320    34.3309     7.2401    27.6006    27.5997    34.3327    27.6011    1449.50    1449.50    -0.7157  1028.9396    34.5003 0.0000e+00
       9505 313.342222  -62.13706  -58.44002      0.900    1447.06    280.000    277.125    -0.7045    -0.7048    -0.0003    -0.7132    -0.7135    -0.0003   2.806836   2.806703  -0.000130    34.3325    34.3311     7.2359    27.6009    27.5998    34.3330    27.6013    1449.53    1449.53    -0.7130  1028.9445    34.5007 0.0000e+00
       9531 313.342235  -62.13708  -58.44000      0.936    1447.06    281.000    278.115    -0.7052    -0.7046     0.0006    -0.7139    -0.7133     0.0006   2.806839   2.806774  -0.000072    34.3328    34.3312     7.2355    27.6012    27.5999    34.3332    27.6015    1449.55    1449.55    -0.7137  1028.9494    34.5009 0.0000e+00
       9557 313.342247  -62.13708  -58.44000      0.936    1447.06    282.000    279.104    -0.7053    -0.7048     0.0004    -0.7140    -0.7136     0.0004   2.806829   2.806795  -0.000027    34.3321    34.3313     7.2361    27.6006    27.5999    34.3326    27.6010    1449.56    1449.56    -0.7139  1028.9537    34.5002 0.0000e+00
       9582 313.342259  -62.13708  -58.44000      0.934    1447.06    283.000    280.093    -0.7032    -0.7026     0.0006    -0.7121    -0.7114     0.0006   2.807066   2.807031  -0.000040    34.3324    34.3311     7.2234    27.6008    27.5997    34.3329    27.6011    1449.58    1449.59    -0.7118  1028.9586    34.5005 0.0000e+00
       9608 313.342272  -62.13708  -58.44000      0.941    1447.06    284.000    281.082    -0.7032    -0.7021     0.0011    -0.7120    -0.7110     0.0011   2.807147   2.807132  -0.000012    34.3329    34.3315     7.2206    27.6012    27.6000    34.3333    27.6015    1449.60    1449.61    -0.7118  1028.9637    34.5010 0.0000e+00
       9632 313.342283  -62.13710  -58.44000      0.968    1447.06    285.000    282.071    -0.6990    -0.6988     0.0002    -0.7079    -0.7077     0.0002   2.807548   2.807508  -0.000041    34.3325    34.3317     7.2295    27.6007    27.6000    34.3334    27.6014    1449.64    1449.64    -0.7077  1028.9683    34.5010 0.0000e+00
       9657 313.342296  -62.13710  -58.43998      0.971    1447.06    286.000    283.061    -0.6965    -0.6960     0.0005    -0.7054    -0.7049     0.0005   2.807836   2.807811  -0.000028    34.3332    34.3322     7.2338    27.6011    27.6003    34.3338    27.6016    1449.67    1449.67    -0.7052  1028.9733    34.5015 0.0000e+00
       9684 313.342309  -62.13710  -58.43998      0.915    1447.06    287.000    284.049    -0.6953    -0.6940     0.0012    -0.7042    -0.7030     0.0012   2.808044   2.808075   0.000024    34.3338    34.3328     7.2385    27.6016    27.6007    34.3346    27.6022    1449.69    1449.70    -0.7041  1028.9786    34.5023 0.0000e+00
       9713 313.342322  -62.13711  -58.43997      0.856    1447.06    288.000    285.038    -0.6904    -0.6895     0.0009    -0.6994    -0.6985     0.0009   2.808578   2.808591   0.000023    34.3348    34.3342     7.2262    27.6022    27.6016    34.3356    27.6029    1449.73    1449.73    -0.6992  1028.9840    34.5033 0.0000e+00
       9741 313.342336  -62.13712  -58.43996      0.845    1447.06    289.000    286.027    -0.6903    -0.6889     0.0014    -0.6993    -0.6980     0.0014   2.808676   2.808710   0.000019    34.3359    34.3347     7.2175    27.6031    27.6020    34.3362    27.6034    1449.75    1449.75    -0.6991  1028.9892    34.5040 0.0000e+00
       9769 313.342349  -62.13712  -58.43995      0.862    1447.06    290.000    287.016    -0.6902    -0.6898     0.0005    -0.6993    -0.6989     0.0005   2.808713   2.808661  -0.000043    34.3354    34.3343     7.2183    27.6026    27.6018    34.3361    27.6032    1449.76    1449.77    -0.6992  1028.9948    34.5050 0.0000e+00
