Pos-Processados/process_op42/operantar42_012.ros
* Sea-Bird SBE 9 Data File:
* FileName = C:\Users\Hidrografia\Desktop\OPXLII\Brutos\OP42012.hdr
* Software Version Seasave V 7.26.7.107
* Temperature SN = 6502
* Conductivity SN = 4998
* Number of Bytes Per Scan = 31
* Number of Voltage Words = 2
* Number of Scans Averaged by the Deck Unit = 1
* NMEA Latitude = 45 45.00 S
* NMEA Longitude = 055 01.26 W
* NMEA UTC (Time) = Oct 19 2023 15:31:14
* NMEA baud rate = 4800
** H41
** NPOALTEMAXIMIANO
** NUMERO DA ESTACAO (XXX) 012
** LAT (XX XX.XX S/N) 45 44.898 S
** LONG (XXX XX.XX W/E) 055 00.940 W
** DATAHORA (dd/mm/aaaa hh:mm Z) 19/10/2023 15:24 Z
** PROFUNDIDADE (m) 5690
** OPERADOR 1T ZAMITH
# nquan = 24
# nvalues = 4542                                  
# units = specified
# name 0 = scan: Scan Count
# name 1 = timeJ: Julian Days
# name 2 = latitude: Latitude [deg]
# name 3 = longitude: Longitude [deg]
# name 4 = dz/dtM: Descent Rate [m/s]
# name 5 = avgsvCM: Average Sound Velocity [Chen-Millero, m/s]
# name 6 = prDM: Pressure, Digiquartz [db]
# name 7 = depSM: Depth [salt water, m]
# name 8 = t090C: Temperature [ITS-90, deg C]
# name 9 = t190C: Temperature, 2 [ITS-90, deg C]
# name 10 = T2-T190C: Temperature Difference, 2 - 1 [ITS-90, deg C]
# name 11 = potemp090C: Potential Temperature [ITS-90, deg C]
# name 12 = potemp190C: Potential Temperature, 2 [ITS-90, deg C]
# name 13 = potemp90Cdiff: Potential Temperature, Diff, 2 - 1 [ITS-90, deg C]
# name 14 = c0S/m: Conductivity [S/m]
# name 15 = c1S/m: Conductivity, 2 [S/m]
# name 16 = C2-C1S/m: Conductivity Difference, 2 - 1 [S/m]
# name 17 = sal00: Salinity, Practical [PSU]
# name 18 = sal11: Salinity, Practical, 2 [PSU]
# name 19 = sbeox0ML/L: Oxygen, SBE 43 [ml/l]
# name 20 = sigma-é00: Density [sigma-theta, kg/m^3]
# name 21 = sigma-é11: Density, 2 [sigma-theta, kg/m^3]
# name 22 = nbf: Bottles Fired
# name 23 = flag:  0.000e+00
# interval = seconds: 0.0416667
# start_time = Oct 19 2023 15:31:14 [NMEA time, header]
# bad_flag = -9.990e-29
*END*
[from data line 3804]
      59850 292.675552  -45.76184  -55.02210      0.117    1472.17     44.063     43.698     7.0451     7.0470     0.0019     7.0411     7.0430     0.0019   3.454475   3.454458  -0.000017    34.1187    34.1166     6.9095    26.7189    26.7170         21  0.000e+00
      59851 292.675553  -45.76184  -55.02210      0.120    1472.17     43.999     43.634     7.0449     7.0471     0.0022     7.0409     7.0431     0.0022   3.454469   3.454482   0.000013    34.1189    34.1168     6.9100    26.7190    26.7171         21  0.000e+00
      59852 292.675553  -45.76184  -55.02210      0.124    1472.17     44.063     43.698     7.0451     7.0470     0.0019     7.0411     7.0430     0.0019   3.454562   3.454458  -0.000104    34.1196    34.1166     6.9105    26.7196    26.7170         21  0.000e+00
      59853 292.675554  -45.76184  -55.02210      0.129    1472.17     44.063     43.698     7.0448     7.0467     0.0018     7.0408     7.0426     0.0018   3.454568   3.454482  -0.000085    34.1200    34.1172     6.9105    26.7199    26.7175         21  0.000e+00
      59854 292.675554  -45.76184  -55.02210      0.134    1472.17     44.063     43.698     7.0451     7.0464     0.0013     7.0411     7.0424     0.0013   3.454487   3.454458  -0.000030    34.1188    34.1172     6.9109    26.7190    26.7175         21  0.000e+00
      59855 292.675555  -45.76184  -55.02210      0.138    1472.17     44.063     43.698     7.0448     7.0462     0.0014     7.0407     7.0422     0.0014   3.454413   3.454440   0.000026    34.1184    34.1172     6.9115    26.7186    26.7176         21  0.000e+00
      59856 292.675555  -45.76184  -55.02210      0.139    1472.17     44.079     43.714     7.0446     7.0466     0.0019     7.0406     7.0425     0.0019   3.454426   3.454464   0.000038    34.1186    34.1171     6.9169    26.7189    26.7174         21  0.000e+00
      59857 292.675556  -45.76184  -55.02210      0.146    1472.17     44.063     43.698     7.0448     7.0470     0.0022     7.0408     7.0429     0.0022   3.454506   3.454494  -0.000012    34.1193    34.1171     6.9128    26.7194    26.7173         21  0.000e+00
      59858 292.675556  -45.76184  -55.02210      0.149    1472.17     44.120     43.754     7.0453     7.0472     0.0019     7.0412     7.0431     0.0019   3.454574   3.454525  -0.000049    34.1196    34.1172     6.9180    26.7196    26.7174         21  0.000e+00
      59859 292.675557  -45.76184  -55.02210      0.154    1472.17     44.120     43.754     7.0459     7.0470     0.0010     7.0419     7.0429     0.0010   3.454592   3.454488  -0.000104    34.1191    34.1170     6.9139    26.7191    26.7173         21  0.000e+00
      59860 292.675557  -45.76184  -55.02210      0.155    1472.17     44.063     43.698     7.0456     7.0467     0.0011     7.0415     7.0427     0.0011   3.454500   3.454494  -0.000005    34.1185    34.1173     6.9191    26.7187    26.7176         21  0.000e+00
      59861 292.675557  -45.76184  -55.02210      0.155    1472.17     44.120     43.754     7.0451     7.0468     0.0017     7.0411     7.0428     0.0017   3.454364   3.454482   0.000118    34.1174    34.1171     6.9201    26.7179    26.7173         21  0.000e+00
      59862 292.675558  -45.76184  -55.02210      0.157    1472.17     44.120     43.754     7.0451     7.0466     0.0014     7.0411     7.0425     0.0014   3.454364   3.454537   0.000173    34.1174    34.1179     6.9209    26.7179    26.7181         21  0.000e+00
      59863 292.675558  -45.76184  -55.02210      0.161    1472.17     44.144     43.778     7.0451     7.0462     0.0011     7.0411     7.0421     0.0011   3.454420   3.454519   0.000099    34.1180    34.1181     6.9216    26.7183    26.7182         21  0.000e+00
      59864 292.675559  -45.76184  -55.02210      0.162    1472.17     44.120     43.754     7.0451     7.0467     0.0016     7.0411     7.0427     0.0016   3.454457   3.454543   0.000087    34.1185    34.1178     6.9216    26.7187    26.7180         21  0.000e+00
      59865 292.675559  -45.76184  -55.02210      0.164    1472.17     44.120     43.754     7.0451     7.0471     0.0020     7.0411     7.0431     0.0020   3.454469   3.454561   0.000092    34.1186    34.1176     6.9222    26.7188    26.7177         21  0.000e+00
      59866 292.675560  -45.76184  -55.02210      0.167    1472.17     44.176     43.810     7.0451     7.0482     0.0031     7.0411     7.0441     0.0031   3.454364   3.454634   0.000271    34.1174    34.1174     6.9228    26.7179    26.7174         21  0.000e+00
      59867 292.675560  -45.76184  -55.02210      0.166    1472.17     44.120     43.754     7.0451     7.0488     0.0036     7.0411     7.0447     0.0036   3.454339   3.454659   0.000320    34.1172    34.1171     6.9226    26.7177    26.7171         21  0.000e+00
      59868 292.675561  -45.76184  -55.02210      0.167    1472.17     44.120     43.754     7.0451     7.0491     0.0039     7.0411     7.0450     0.0039   3.454389   3.454707   0.000319    34.1177    34.1173     6.9224    26.7181    26.7172         21  0.000e+00
      59869 292.675561  -45.76184  -55.02210      0.168    1472.17     44.176     43.810     7.0451     7.0496     0.0045     7.0411     7.0455     0.0045   3.454426   3.454720   0.000294    34.1181    34.1169     6.9222    26.7184    26.7168         21  0.000e+00
      59870 292.675562  -45.76184  -55.02210      0.166    1472.17     44.144     43.778     7.0451     7.0499     0.0048     7.0411     7.0459     0.0048   3.454549   3.454744   0.000195    34.1195    34.1169     6.9224    26.7195    26.7168         21  0.000e+00
      59871 292.675562  -45.76184  -55.02210      0.167    1472.17     44.120     43.754     7.0454     7.0509     0.0055     7.0414     7.0469     0.0055   3.454475   3.454793   0.000318    34.1184    34.1164     6.9226    26.7186    26.7163         21  0.000e+00
      59872 292.675563  -45.76184  -55.02210      0.166    1472.17     44.176     43.810     7.0453     7.0514     0.0060     7.0413     7.0473     0.0060   3.454407   3.454884   0.000477    34.1177    34.1169     6.9228    26.7180    26.7166         21  0.000e+00
      59873 292.675563  -45.76184  -55.02210      0.161    1472.17     44.120     43.754     7.0454     7.0518     0.0064     7.0414     7.0478     0.0064   3.454450   3.454927   0.000476    34.1181    34.1170     6.9222    26.7183    26.7166         21  0.000e+00
      59874 292.675564  -45.76184  -55.02210      0.161    1472.17     44.176     43.810     7.0457     7.0523     0.0066     7.0417     7.0483     0.0066   3.454487   3.454914   0.000427    34.1182    34.1163     6.9217    26.7184    26.7160         21  0.000e+00
      59875 292.675564  -45.76184  -55.02210      0.161    1472.17     44.176     43.810     7.0459     7.0528     0.0069     7.0419     7.0488     0.0069   3.454611   3.454951   0.000340    34.1193    34.1162     6.9216    26.7192    26.7159         21  0.000e+00
      59876 292.675565  -45.76184  -55.02210      0.160    1472.17     44.176     43.810     7.0463     7.0533     0.0070     7.0422     7.0492     0.0070   3.454580   3.455036   0.000456    34.1186    34.1167     6.9215    26.7187    26.7162         21  0.000e+00
      59877 292.675565  -45.76184  -55.02210      0.157    1472.17     44.144     43.778     7.0470     7.0542     0.0072     7.0430     7.0502     0.0072   3.454537   3.455109   0.000572    34.1174    34.1166     6.9212    26.7176    26.7159         21  0.000e+00
      59878 292.675566  -45.76184  -55.02210      0.152    1472.17     44.176     43.810     7.0472     7.0552     0.0080     7.0431     7.0512     0.0080   3.454525   3.455213   0.000688    34.1171    34.1167     6.9211    26.7173    26.7159         21  0.000e+00
      59879 292.675566  -45.76184  -55.02210      0.149    1472.17     44.176     43.810     7.0472     7.0562     0.0090     7.0431     7.0521     0.0090   3.454481   3.455243   0.000762    34.1166    34.1161     6.9209    26.7170    26.7153         21  0.000e+00
      59880 292.675567  -45.76184  -55.02210      0.146    1472.17     44.120     43.754     7.0471     7.0567     0.0096     7.0431     7.0527     0.0096   3.454487   3.455310   0.000823    34.1168    34.1164     6.9156    26.7171    26.7154         21  0.000e+00
      59881 292.675567  -45.76184  -55.02210      0.138    1472.17     44.176     43.810     7.0467     7.0570     0.0103     7.0427     7.0530     0.0103   3.454518   3.455316   0.000798    34.1175    34.1161     6.9198    26.7177    26.7152         21  0.000e+00
      59882 292.675568  -45.76184  -55.02210      0.137    1472.17     44.120     43.754     7.0467     7.0572     0.0104     7.0427     7.0531     0.0104   3.454506   3.455304   0.000798    34.1174    34.1158     6.9200    26.7176    26.7149         21  0.000e+00
      59883 292.675568  -45.76184  -55.02210      0.133    1472.17     44.201     43.834     7.0463     7.0573     0.0110     7.0422     7.0533     0.0110   3.454444   3.455310   0.000866    34.1171    34.1157     6.9148    26.7175    26.7148         21  0.000e+00
      59884 292.675569  -45.76184  -55.02210      0.127    1472.17     44.176     43.810     7.0457     7.0575     0.0117     7.0417     7.0534     0.0117   3.454413   3.455371   0.000958    34.1174    34.1162     6.9145    26.7177    26.7152         21  0.000e+00
      59885 292.675569  -45.76184  -55.02210      0.122    1472.17     44.120     43.754     7.0454     7.0578     0.0124     7.0414     7.0537     0.0124   3.454426   3.455359   0.000933    34.1178    34.1158     6.9185    26.7181    26.7148         21  0.000e+00
      59886 292.675570  -45.76184  -55.02210      0.115    1472.17     44.176     43.810     7.0459     7.0578     0.0119     7.0419     7.0537     0.0119   3.454481   3.455401   0.000920    34.1179    34.1162     6.9180    26.7181    26.7152         21  0.000e+00
      59887 292.675570  -45.76184  -55.02210      0.111    1472.17     44.120     43.754     7.0468     7.0573     0.0105     7.0428     7.0533     0.0105   3.454592   3.455365   0.000772    34.1183    34.1163     6.9173    26.7183    26.7153         21  0.000e+00
      59888 292.675571  -45.76184  -55.02210      0.102    1472.17     44.176     43.810     7.0480     7.0570     0.0090     7.0440     7.0530     0.0090   3.454549   3.455322   0.000773    34.1166    34.1162     6.9161    26.7168    26.7152         21  0.000e+00
      59889 292.675571  -45.76184  -55.02210      0.101    1472.17     44.176     43.810     7.0482     7.0567     0.0085     7.0441     7.0526     0.0085   3.454549   3.455328   0.000779    34.1164    34.1165     6.9154    26.7167    26.7156         21  0.000e+00
      59890 292.675571  -45.76184  -55.02210      0.093    1472.17     44.144     43.778     7.0485     7.0563     0.0078     7.0445     7.0523     0.0078   3.454487   3.455316   0.000829    34.1154    34.1168     6.9147    26.7158    26.7158         21  0.000e+00
      59891 292.675572  -45.76184  -55.02210      0.092    1472.17     44.177     43.810     7.0479     7.0559     0.0080     7.0439     7.0518     0.0080   3.454562   3.455261   0.000700    34.1168    34.1166     6.9141    26.7170    26.7158         21  0.000e+00
      59892 292.675572  -45.76184  -55.02210      0.082    1472.17     44.120     43.754     7.0476     7.0559     0.0083     7.0435     7.0518     0.0083   3.454592   3.455225   0.000632    34.1175    34.1162     6.9133    26.7176    26.7155         21  0.000e+00
      59893 292.675573  -45.76184  -55.02210      0.072    1472.17     44.120     43.754     7.0469     7.0551     0.0082     7.0429     7.0510     0.0082   3.454568   3.455237   0.000669    34.1179    34.1172     6.9132    26.7180    26.7163         21  0.000e+00
      59894 292.675573  -45.76184  -55.02210      0.069    1472.17     44.120     43.754     7.0465     7.0554     0.0089     7.0425     7.0513     0.0088   3.454512   3.455243   0.000731    34.1177    34.1169     6.9131    26.7179    26.7160         21  0.000e+00
      59895 292.675574  -45.76184  -55.02210      0.065    1472.17     44.177     43.810     7.0466     7.0551     0.0084     7.0426     7.0510     0.0084   3.454518   3.455219   0.000700    34.1176    34.1169     6.9129    26.7178    26.7161         21  0.000e+00
      59896 292.675574  -45.76184  -55.02210      0.054    1472.17     44.120     43.754     7.0469     7.0548     0.0079     7.0429     7.0507     0.0079   3.454506   3.455170   0.000664    34.1172    34.1167     6.9125    26.7175    26.7160         21  0.000e+00
      59897 292.675575  -45.76184  -55.02210      0.047    1472.17     44.080     43.714     7.0482     7.0542     0.0061     7.0441     7.0502     0.0061   3.454611   3.455103   0.000492    34.1172    34.1165     6.9120    26.7172    26.7159         21  0.000e+00
      59898 292.675575  -45.76184  -55.02210      0.044    1472.17     44.177     43.810     7.0495     7.0536     0.0041     7.0454     7.0496     0.0041   3.454765   3.455073   0.000307    34.1175    34.1168     6.9115    26.7173    26.7162         21  0.000e+00
      59899 292.675576  -45.76184  -55.02210      0.039    1472.17     44.120     43.754     7.0502     7.0536     0.0034     7.0462     7.0496     0.0034   3.454809   3.455012   0.000203    34.1173    34.1161     6.9110    26.7170    26.7157         21  0.000e+00
      59900 292.675576  -45.76186  -55.02210      0.027    1472.17     44.064     43.698     7.0509     7.0536     0.0027     7.0469     7.0496     0.0027   3.454734   3.455048   0.000314    34.1158    34.1166     6.9105    26.7158    26.7160         21  0.000e+00
      59901 292.675577  -45.76186  -55.02210      0.025    1472.17     44.177     43.810     7.0514     7.0538     0.0023     7.0474     7.0497     0.0023   3.454753   3.455067   0.000314    34.1154    34.1166     6.9151    26.7154    26.7160         21  0.000e+00
      59902 292.675577  -45.76186  -55.02210      0.017    1472.17     44.064     43.698     7.0516     7.0542     0.0026     7.0476     7.0502     0.0026   3.454728   3.455103   0.000375    34.1151    34.1165     6.9102    26.7151    26.7159         21  0.000e+00
      59903 292.675578  -45.76186  -55.02210      0.012    1472.17     44.120     43.754     7.0512     7.0546     0.0034     7.0471     7.0506     0.0034   3.454784   3.455146   0.000362    34.1160    34.1166     6.9098    26.7159    26.7159         21  0.000e+00
      59904 292.675578  -45.76186  -55.02210      0.004    1472.17     44.080     43.714     7.0506     7.0549     0.0043     7.0466     7.0509     0.0043   3.454827   3.455219   0.000392    34.1171    34.1171     6.9093    26.7168    26.7163         21  0.000e+00
      59905 292.675579  -45.76186  -55.02210     -0.000    1472.17     44.120     43.754     7.0504     7.0554     0.0050     7.0464     7.0513     0.0050   3.454839   3.455200   0.000361    34.1174    34.1164     6.9095    26.7171    26.7157         21  0.000e+00
      59906 292.675579  -45.76186  -55.02210     -0.009    1472.17     44.064     43.698     7.0501     7.0552     0.0051     7.0461     7.0512     0.0051   3.454741   3.455158   0.000417    34.1166    34.1162     6.9090    26.7166    26.7155         21  0.000e+00
      59907 292.675580  -45.76186  -55.02210     -0.015    1472.17     44.064     43.698     7.0502     7.0549     0.0047     7.0462     7.0509     0.0047   3.454691   3.455176   0.000485    34.1160    34.1167     6.9091    26.7160    26.7159         21  0.000e+00
      59908 292.675580  -45.76186  -55.02210     -0.017    1472.17     44.120     43.754     7.0503     7.0549     0.0046     7.0462     7.0509     0.0046   3.454753   3.455182   0.000429    34.1166    34.1167     6.9086    26.7165    26.7160         21  0.000e+00
      59909 292.675581  -45.76186  -55.02210     -0.025    1472.17     44.064     43.698     7.0504     7.0548     0.0043     7.0464     7.0507     0.0043   3.454778   3.455140   0.000362    34.1167    34.1164     6.9085    26.7166    26.7158         21  0.000e+00
