Pos-Processados/process_op42/operantar42_020.cnv
* Sea-Bird SBE 9 Data File:
* FileName = C:\Users\Hidrografia\Desktop\OPXLII\Brutos\OP42020.hdr
* Software Version Seasave V 7.26.7.107
* Temperature SN = 6502
* Conductivity SN = 4998
* Number of Bytes Per Scan = 37
* Number of Voltage Words = 4
* Number of Scans Averaged by the Deck Unit = 1
* NMEA Latitude = 62 08.28 S
* NMEA Longitude = 058 26.46 W
* NMEA UTC (Time) = Nov 07 2023 17:35:19
* NMEA baud rate = 4800
** H41
** NPOALTEMAXIMIANO
** NUMERO DA ESTACAO (XXX) 020
** LAT (XX XX.XX S/N) 62 08.46 S
** LONG (XXX XX.XX W/E) 058 26.12 W
** DATAHORA (dd/mm/aaaa hh:mm Z) 07/11/2023 1734Z
** PROFUNDIDADE (m) 423
** OPERADOR CT FILIPE LOPES
# nquan = 30
# nvalues = 745                         
# units = specified
# name 0 = scan: Scan Count
# name 1 = timeJ: Julian Days
# name 2 = latitude: Latitude [deg]
# name 3 = longitude: Longitude [deg]
# name 4 = dz/dtM: Descent Rate [m/s]
# name 5 = avgsvCM: Average Sound Velocity [Chen-Millero, m/s]
# name 6 = prDM: Pressure, Digiquartz [db]
# name 7 = depSM: Depth [salt water, m]
# name 8 = t090C: Temperature [ITS-90, deg C]
# name 9 = t190C: Temperature, 2 [ITS-90, deg C]
# name 10 = T2-T190C: Temperature Difference, 2 - 1 [ITS-90, deg C]
# name 11 = potemp090C: Potential Temperature [ITS-90, deg C]
# name 12 = potemp190C: Potential Temperature, 2 [ITS-90, deg C]
# name 13 = potemp90Cdiff: Potential Temperature, Diff, 2 - 1 [ITS-90, deg C]
# name 14 = c0S/m: Conductivity [S/m]
# name 15 = c1S/m: Conductivity, 2 [S/m]
# name 16 = C2-C1S/m: Conductivity Difference, 2 - 1 [S/m]
# name 17 = sal00: Salinity, Practical [PSU]
# name 18 = sal11: Salinity, Practical, 2 [PSU]
# name 19 = sbeox0ML/L: Oxygen, SBE 43 [ml/l]
# name 20 = sigma-é00: Density [sigma-theta, kg/m^3]
# name 21 = sigma-é11: Density, 2 [sigma-theta, kg/m^3]
# name 22 = sal00: Salinity, Practical [PSU]
# name 23 = sigma-é00: Density [sigma-theta, kg/m^3]
# name 24 = svCM: Sound Velocity [Chen-Millero, m/s]
# name 25 = svCM1: Sound Velocity, 2 [Chen-Millero, m/s]
# name 26 = gsw_ptA0: potential temperature [ITS-90, deg C]
# name 27 = gsw_densityA0: density, TEOS-10 [density, kg/m^3]
# name 28 = gsw_saA0: Absolute Salinity [g/kg]
# name 29 = flag:
# span 0 =       7172,      29750       
# span 1 = 311.736317, 311.747206       
# span 2 =  -62.14048,  -62.13878       
# span 3 =  -58.44190,  -58.44100       
# span 4 =     -1.150,      1.167       
# span 5 =       0.00,    1448.49       
# span 6 =      3.000,    375.000       
# span 7 =      2.969,    371.064       
# span 8 =    -0.8345,    -0.4525       
# span 9 =    -0.8341,    -0.4542       
# span 10 =    -0.0282,     0.0126      
# span 11 =    -0.8390,    -0.4654      
# span 12 =    -0.8386,    -0.4670      
# span 13 =    -0.0282,     0.0126      
# span 14 =   2.788274,   2.839313      
# span 15 =   2.788274,   2.839083      
# span 16 =  -0.002443,   0.000941      
# span 17 =    34.2743,    34.4268      
# span 18 =    34.2778,    34.4258      
# span 19 =     6.5095,     7.7408      
# span 20 =    27.5447,    27.6663      
# span 21 =    27.5471,    27.6656      
# span 22 =    34.2761,    34.4274      
# span 23 =    27.5462,    27.6668      
# span 24 =    1445.53,    1452.37      
# span 25 =    1445.52,    1452.36      
# span 26 =    -0.8388,    -0.4651      
# span 27 =  1027.5669,  1029.4568      
# span 28 =    34.4414,    34.5957      
# span 29 = 0.0000e+00, 0.0000e+00      
# interval = decibars: 1                
# start_time = Nov 07 2023 17:35:19 [NMEA time, header]
# bad_flag = -9.990e-29
*END*
[from data line 194]
      12846 311.739053  -62.13922  -58.44114      0.963    1446.72    197.000    195.017    -0.7364    -0.7355     0.0009    -0.7423    -0.7414     0.0009   2.800350   2.800349  -0.000003    34.3321    34.3311     7.2678    27.6018    27.6009    34.3325    27.6021    1448.03    1448.03    -0.7422  1028.5497    34.4998 0.0000e+00
      12871 311.739066  -62.13922  -58.44114      0.958    1446.72    198.000    196.006    -0.7353    -0.7344     0.0009    -0.7412    -0.7403     0.0009   2.800551   2.800573   0.000021    34.3329    34.3321     7.2530    27.6024    27.6017    34.3334    27.6028    1448.05    1448.05    -0.7411  1028.5529    34.4978 0.0000e+00
      12896 311.739077 -9.990e-29  -58.44114      0.966    1446.72    199.000    196.996    -0.7327    -0.7318     0.0009    -0.7387    -0.7378     0.0009   2.800953   2.800971   0.000022    34.3345    34.3338     7.2573    27.6036    27.6030    34.3353    27.6042    1448.08    1448.09    -0.7385  1028.5571    34.4972 0.0000e+00
      12920 311.739089 -9.990e-29  -58.44114      0.996    1446.72    200.000    197.985    -0.7303    -0.7296     0.0007    -0.7363    -0.7356     0.0007   2.801335   2.801330  -0.000012    34.3366    34.3356     7.2524    27.6052    27.6044    34.3370    27.6056    1448.11    1448.11    -0.7362  1028.5631    34.4990 0.0000e+00
      12943 311.739100 -9.990e-29  -58.44114      1.024    1446.72    201.000    198.975    -0.7295    -0.7287     0.0008    -0.7355    -0.7347     0.0008   2.801507   2.801491  -0.000017    34.3374    34.3363     7.2581    27.6058    27.6049    34.3378    27.6062    1448.13    1448.14    -0.7354  1028.5685    34.4998 0.0000e+00
      12967 311.739112  -62.13924  -58.44114      1.024    1446.72    202.000    199.964    -0.7290    -0.7282     0.0008    -0.7351    -0.7343     0.0008   2.801609   2.801586  -0.000019    34.3377    34.3365     7.2484    27.6060    27.6051    34.3381    27.6064    1448.15    1448.15    -0.7350  1028.5749    34.5018 0.0000e+00
      12992 311.739124  -62.13924  -58.44114      0.985    1446.72    203.000    200.954    -0.7279    -0.7274     0.0005    -0.7340    -0.7335     0.0005   2.801783   2.801755  -0.000029    34.3383    34.3373     7.2337    27.6065    27.6056    34.3385    27.6067    1448.17    1448.18    -0.7339  1028.5829    34.5059 0.0000e+00
      13019 311.739137  -62.13924  -58.44114      0.914    1446.72    204.000    201.943    -0.7281    -0.7276     0.0006    -0.7343    -0.7337     0.0006   2.801814   2.801789  -0.000026    34.3384    34.3374     7.2281    27.6066    27.6057    34.3387    27.6068    1448.19    1448.19    -0.7341  1028.5877    34.5060 0.0000e+00
      13046 311.739150  -62.13924  -58.44112      0.880    1446.72    205.000    202.932    -0.7277    -0.7273     0.0005    -0.7339    -0.7335     0.0005   2.801911   2.801865  -0.000037    34.3385    34.3375     7.2113    27.6066    27.6058    34.3389    27.6069    1448.21    1448.21    -0.7338  1028.5927    34.5062 0.0000e+00
      13071 311.739162  -62.13925  -58.44112      0.928    1446.72    206.000    203.922    -0.7275    -0.7265     0.0010    -0.7337    -0.7327     0.0010   2.801987   2.801993  -0.000004    34.3388    34.3377     7.2166    27.6069    27.6059    34.3390    27.6070    1448.23    1448.23    -0.7336  1028.5975    34.5063 0.0000e+00
      13093 311.739173  -62.13926  -58.44112      1.009    1446.72    207.000    204.911    -0.7277    -0.7266     0.0011    -0.7340    -0.7329     0.0011   2.802012   2.802028   0.000021    34.3388    34.3378     7.2045    27.6069    27.6060    34.3390    27.6070    1448.24    1448.24    -0.7338  1028.6023    34.5063 0.0000e+00
      13116 311.739184  -62.13926  -58.44112      1.058    1446.72    208.000    205.901    -0.7278    -0.7269     0.0009    -0.7341    -0.7332     0.0009   2.802064   2.802038  -0.000023    34.3390    34.3376     7.2008    27.6070    27.6059    34.3392    27.6072    1448.26    1448.26    -0.7339  1028.6073    34.5066 0.0000e+00
      13139 311.739195  -62.13926  -58.44112      1.058    1446.72    209.000    206.890    -0.7278    -0.7270     0.0009    -0.7342    -0.7333     0.0009   2.802114   2.802086  -0.000032    34.3392    34.3378     7.2100    27.6072    27.6060    34.3392    27.6072    1448.27    1448.28    -0.7340  1028.6120    34.5066 0.0000e+00
      13165 311.739207  -62.13926  -58.44112      0.981    1446.72    210.000    207.879    -0.7277    -0.7270     0.0007    -0.7341    -0.7333     0.0007   2.802142   2.802137  -0.000005    34.3388    34.3378     7.2104    27.6069    27.6061    34.3389    27.6070    1448.29    1448.29    -0.7339  1028.6166    34.5063 0.0000e+00
      13192 311.739220  -62.13926  -58.44112      0.897    1446.72    211.000    208.869    -0.7261    -0.7244     0.0018    -0.7325    -0.7308     0.0018   2.802406   2.802525   0.000115    34.3394    34.3390     7.2212    27.6073    27.6069    34.3401    27.6079    1448.31    1448.32    -0.7324  1028.6222    34.5074 0.0000e+00
      13218 311.739233  -62.13926  -58.44112      0.903    1446.72    212.000    209.858    -0.7226    -0.7216     0.0009    -0.7290    -0.7280     0.0009   2.802869   2.802893   0.000024    34.3412    34.3404     7.2087    27.6086    27.6080    34.3416    27.6090    1448.35    1448.35    -0.7289  1028.6281    34.5090 0.0000e+00
      13242 311.739244  -62.13926  -58.44112      0.957    1446.72    213.000    210.848    -0.7224    -0.7216     0.0008    -0.7289    -0.7280     0.0008   2.802935   2.802934  -0.000001    34.3416    34.3406     7.2092    27.6089    27.6081    34.3418    27.6091    1448.37    1448.37    -0.7287  1028.6329    34.5092 0.0000e+00
      13266 311.739256  -62.13926  -58.44112      1.002    1446.72    214.000    211.837    -0.7233    -0.7224     0.0010    -0.7299    -0.7289     0.0010   2.802883   2.802885 9.9757e-07    34.3413    34.3402     7.2051    27.6088    27.6079    34.3415    27.6089    1448.38    1448.38    -0.7297  1028.6375    34.5089 0.0000e+00
      13290 311.739268  -62.13927  -58.44112      1.001    1446.72    215.000    212.826    -0.7239    -0.7224     0.0015    -0.7304    -0.7290     0.0015   2.802859   2.802917   0.000058    34.3411    34.3402     7.1922    27.6086    27.6078    34.3412    27.6087    1448.39    1448.40    -0.7303  1028.6421    34.5086 0.0000e+00
      13315 311.739280  -62.13928  -58.44112      0.974    1446.72    216.000    213.816    -0.7242    -0.7232     0.0010    -0.7307    -0.7297     0.0010   2.802860   2.802860 -3.341e-07    34.3408    34.3397     7.1920    27.6084    27.6074    34.3409    27.6084    1448.41    1448.41    -0.7306  1028.6466    34.5083 0.0000e+00
      13340 311.739291  -62.13928  -58.44112      0.968    1446.72    217.000    214.805    -0.7241    -0.7231     0.0010    -0.7307    -0.7297     0.0010   2.802915   2.802929   0.000012    34.3408    34.3398     7.1853    27.6084    27.6075    34.3410    27.6085    1448.42    1448.43    -0.7305  1028.6514    34.5084 0.0000e+00
      13364 311.739303  -62.13928  -58.44112      0.994    1446.72    218.000    215.794    -0.7235    -0.7225     0.0010    -0.7301    -0.7291     0.0010   2.803023   2.803040   0.000019    34.3409    34.3400     7.1933    27.6084    27.6077    34.3411    27.6086    1448.44    1448.45    -0.7300  1028.6563    34.5085 0.0000e+00
      13387 311.739314  -62.13928  -58.44112      1.009    1446.72    219.000    216.784    -0.7221    -0.7211     0.0010    -0.7287    -0.7277     0.0010   2.803245   2.803268   0.000025    34.3414    34.3406     7.1922    27.6088    27.6081    34.3419    27.6092    1448.47    1448.47    -0.7286  1028.6616    34.5093 0.0000e+00
      13413 311.739327  -62.13928  -58.44112      0.971    1446.72    220.000    217.773    -0.7200    -0.7194     0.0006    -0.7267    -0.7261     0.0006   2.803574   2.803522  -0.000053    34.3430    34.3416     7.1838    27.6100    27.6088    34.3433    27.6103    1448.49    1448.49    -0.7265  1028.6675    34.5108 0.0000e+00
      13440 311.739340  -62.13928  -58.44112      0.896    1446.72    221.000    218.763    -0.7193    -0.7186     0.0008    -0.7260    -0.7253     0.0008   2.803666   2.803668 -9.176e-07    34.3430    34.3422     7.1831    27.6100    27.6092    34.3432    27.6101    1448.51    1448.52    -0.7259  1028.6721    34.5107 0.0000e+00
      13467 311.739353  -62.13928  -58.44112      0.887    1446.72    222.000    219.752    -0.7189    -0.7183     0.0006    -0.7257    -0.7251     0.0006   2.803767   2.803750  -0.000013    34.3432    34.3423     7.1775    27.6101    27.6094    34.3435    27.6103    1448.53    1448.53    -0.7255  1028.6771    34.5109 0.0000e+00
      13491 311.739364  -62.13928  -58.44112      0.956    1446.72    223.000    220.741    -0.7187    -0.7180     0.0008    -0.7255    -0.7248     0.0008   2.803849   2.803852   0.000004    34.3434    34.3426     7.1805    27.6103    27.6096    34.3438    27.6106    1448.55    1448.55    -0.7253  1028.6821    34.5112 0.0000e+00
      13513 311.739375  -62.13930  -58.44112      1.032    1446.72    224.000    221.730    -0.7178    -0.7173     0.0006    -0.7246    -0.7241     0.0006   2.804106   2.804076  -0.000020    34.3452    34.3442     7.1734    27.6117    27.6109    34.3456    27.6120    1448.57    1448.57    -0.7245  1028.6883    34.5131 0.0000e+00
      13536 311.739386  -62.13930  -58.44112      1.064    1446.72    225.000    222.720    -0.7167    -0.7160     0.0007    -0.7236    -0.7229     0.0007   2.804374   2.804391   0.000009    34.3470    34.3463     7.1640    27.6131    27.6125    34.3473    27.6134    1448.60    1448.60    -0.7234  1028.6944    34.5148 0.0000e+00
      13561 311.739398  -62.13930  -58.44112      1.021    1446.72    226.000    223.709    -0.7166    -0.7158     0.0008    -0.7235    -0.7227     0.0008   2.804491   2.804479  -0.000008    34.3479    34.3469     7.1679    27.6138    27.6130    34.3482    27.6140    1448.62    1448.62    -0.7233  1028.6999    34.5157 0.0000e+00
      13588 311.739411  -62.13930  -58.44112      0.914    1446.72    227.000    224.699    -0.7167    -0.7159     0.0008    -0.7237    -0.7228     0.0008   2.804518   2.804500  -0.000020    34.3481    34.3469     7.1590    27.6139    27.6129    34.3481    27.6140    1448.63    1448.63    -0.7235  1028.7046    34.5156 0.0000e+00
      13616 311.739424  -62.13930  -58.44112      0.863    1446.72    228.000    225.688    -0.7168    -0.7161     0.0006    -0.7238    -0.7231     0.0006   2.804486   2.804460  -0.000026    34.3470    34.3459     7.1573    27.6131    27.6122    34.3471    27.6132    1448.65    1448.65    -0.7236  1028.7086    34.5146 0.0000e+00
      13641 311.739437  -62.13930  -58.44112      0.915    1446.72    229.000    226.677    -0.7168    -0.7161     0.0007    -0.7238    -0.7231     0.0007   2.804565   2.804516  -0.000049    34.3474    34.3459     7.1446    27.6134    27.6122    34.3476    27.6136    1448.66    1448.66    -0.7236  1028.7137    34.5151 0.0000e+00
      13664 311.739448  -62.13930  -58.44112      1.003    1446.72    230.000    227.667    -0.7167    -0.7159     0.0008    -0.7238    -0.7229     0.0008   2.804586   2.804583  -0.000008    34.3471    34.3461     7.1355    27.6132    27.6123    34.3472    27.6133    1448.68    1448.68    -0.7237  1028.7181    34.5147 0.0000e+00
      13686 311.739458  -62.13930  -58.44112      1.066    1446.72    231.000    228.656    -0.7162    -0.7152     0.0009    -0.7232    -0.7223     0.0009   2.804700   2.804729   0.000044    34.3470    34.3466     7.1482    27.6131    27.6127    34.3475    27.6134    1448.70    1448.70    -0.7231  1028.7231    34.5150 0.0000e+00
      13708 311.739469  -62.13932  -58.44112      1.076    1446.72    232.000    229.645    -0.7113    -0.7111     0.0002    -0.7184    -0.7182     0.0002   2.805391   2.805400  -0.000005    34.3498    34.3496     7.1451    27.6152    27.6149    34.3507    27.6159    1448.74    1448.74    -0.7183  1028.7302    34.5182 0.0000e+00
      13734 311.739481  -62.13932  -58.44110      0.996    1446.72    233.000    230.635    -0.7104    -0.7096     0.0007    -0.7175    -0.7168     0.0007   2.805635   2.805626  -0.000007    34.3519    34.3510     7.1497    27.6168    27.6160    34.3523    27.6171    1448.76    1448.77    -0.7174  1028.7362    34.5198 0.0000e+00
      13761 311.739495  -62.13932  -58.44110      0.904    1446.72    234.000    231.624    -0.7100    -0.7091     0.0009    -0.7172    -0.7163     0.0009   2.805743   2.805755   0.000010    34.3524    34.3516     7.1466    27.6172    27.6165    34.3527    27.6174    1448.78    1448.78    -0.7170  1028.7413    34.5203 0.0000e+00
      13787 311.739507  -62.13932  -58.44110      0.893    1446.72    235.000    232.613    -0.7095    -0.7089     0.0007    -0.7167    -0.7161     0.0007   2.805874   2.805833  -0.000033    34.3529    34.3517     7.1194    27.6176    27.6166    34.3533    27.6179    1448.80    1448.80    -0.7166  1028.7466    34.5209 0.0000e+00
      13810 311.739518  -62.13932  -58.44110      0.971    1446.72    236.000    233.602    -0.7085    -0.7080     0.0005    -0.7157    -0.7152     0.0005   2.806054   2.805992  -0.000062    34.3536    34.3522     7.1168    27.6181    27.6169    34.3539    27.6184    1448.82    1448.82    -0.7156  1028.7518    34.5215 0.0000e+00
      13832 311.739529  -62.13932  -58.44110      1.067    1446.72    237.000    234.591    -0.7070    -0.7064     0.0007    -0.7143    -0.7136     0.0007   2.806265   2.806248  -0.000027    34.3539    34.3528     7.1098    27.6183    27.6174    34.3546    27.6188    1448.85    1448.85    -0.7141  1028.7570    34.5221 0.0000e+00
      13854 311.739539  -62.13932  -58.44110      1.113    1446.72    238.000    235.581    -0.7032    -0.7025     0.0007    -0.7106    -0.7099     0.0007   2.806726   2.806700  -0.000021    34.3553    34.3543     7.0953    27.6193    27.6184    34.3559    27.6197    1448.88    1448.88    -0.7104  1028.7626    34.5235 0.0000e+00
      13877 311.739550  -62.13932  -58.44110      1.084    1446.72    239.000    236.570    -0.7059    -0.7050     0.0010    -0.7133    -0.7123     0.0010   2.806468   2.806458  -0.000009    34.3547    34.3535     7.0993    27.6189    27.6179    34.3548    27.6190    1448.89    1448.89    -0.7131  1028.7667    34.5224 0.0000e+00
      13904 311.739563  -62.13934  -58.44110      0.952    1446.72    240.000    237.559    -0.7055    -0.7048     0.0008    -0.7129    -0.7122     0.0008   2.806545   2.806527  -0.000019    34.3545    34.3534     7.0925    27.6187    27.6178    34.3548    27.6189    1448.90    1448.91    -0.7127  1028.7714    34.5224 0.0000e+00
      13932 311.739577  -62.13934  -58.44110      0.844    1446.72    241.000    238.549    -0.7052    -0.7043     0.0009    -0.7126    -0.7117     0.0009   2.806650   2.806660 -3.138e-07    34.3548    34.3538     7.0890    27.6189    27.6180    34.3552    27.6193    1448.92    1448.93    -0.7125  1028.7765    34.5228 0.0000e+00
      13957 311.739589  -62.13934  -58.44110      0.899    1446.72    242.000    239.537    -0.7029    -0.7020     0.0009    -0.7104    -0.7095     0.0009   2.806950   2.806959   0.000013    34.3556    34.3548     7.0835    27.6195    27.6188    34.3561    27.6199    1448.95    1448.95    -0.7103  1028.7819    34.5237 0.0000e+00
      13981 311.739601  -62.13934  -58.44110      0.991    1446.72    243.000    240.527    -0.7018    -0.7009     0.0009    -0.7093    -0.7084     0.0009   2.807125   2.807146   0.000027    34.3562    34.3556     7.0693    27.6199    27.6194    34.3565    27.6202    1448.97    1448.98    -0.7091  1028.7869    34.5241 0.0000e+00
