Pos-Processados/process_op42/operantar42_013.ros
* Sea-Bird SBE 9 Data File:
* FileName = C:\Users\Hidrografia\Desktop\OPXLII\Brutos\OP42013.hdr
* Software Version Seasave V 7.26.7.107
* Temperature SN = 6502
* Conductivity SN = 4998
* Number of Bytes Per Scan = 31
* Number of Voltage Words = 2
* Number of Scans Averaged by the Deck Unit = 1
* NMEA Latitude = 46 24.51 S
* NMEA Longitude = 055 54.95 W
* NMEA UTC (Time) = Oct 19 2023 23:00:40
* NMEA baud rate = 4800
** H41
** NPOALTEMAXIMIANO
** NUMERO DA ESTACAO (XXX) 013
** LAT (XX XX.XX S/N) 46 24.500 S
** LONG (XXX XX.XX W/E) 055 54.972 W
** DATAHORA (dd/mm/aaaa hh:mm Z) 19/10/2023 2300Z
** PROFUNDIDADE (m) 5329
** OPERADOR CT FABIREZA
# nquan = 24
# nvalues = 3694                                  
# units = specified
# name 0 = scan: Scan Count
# name 1 = timeJ: Julian Days
# name 2 = latitude: Latitude [deg]
# name 3 = longitude: Longitude [deg]
# name 4 = dz/dtM: Descent Rate [m/s]
# name 5 = avgsvCM: Average Sound Velocity [Chen-Millero, m/s]
# name 6 = prDM: Pressure, Digiquartz [db]
# name 7 = depSM: Depth [salt water, m]
# name 8 = t090C: Temperature [ITS-90, deg C]
# name 9 = t190C: Temperature, 2 [ITS-90, deg C]
# name 10 = T2-T190C: Temperature Difference, 2 - 1 [ITS-90, deg C]
# name 11 = potemp090C: Potential Temperature [ITS-90, deg C]
# name 12 = potemp190C: Potential Temperature, 2 [ITS-90, deg C]
# name 13 = potemp90Cdiff: Potential Temperature, Diff, 2 - 1 [ITS-90, deg C]
# name 14 = c0S/m: Conductivity [S/m]
# name 15 = c1S/m: Conductivity, 2 [S/m]
# name 16 = C2-C1S/m: Conductivity Difference, 2 - 1 [S/m]
# name 17 = sal00: Salinity, Practical [PSU]
# name 18 = sal11: Salinity, Practical, 2 [PSU]
# name 19 = sbeox0ML/L: Oxygen, SBE 43 [ml/l]
# name 20 = sigma-é00: Density [sigma-theta, kg/m^3]
# name 21 = sigma-é11: Density, 2 [sigma-theta, kg/m^3]
# name 22 = nbf: Bottles Fired
# name 23 = flag:  0.000e+00
# interval = seconds: 0.0416667
# start_time = Oct 19 2023 23:00:40 [NMEA time, header]
# bad_flag = -9.990e-29
*END*
[from data line 2778]
      63021 292.989188  -46.42104  -55.91102      0.035    1468.76     30.617     30.362     4.5586     4.5606     0.0020     4.5564     4.5584     0.0020   3.222023   3.222178   0.000155    34.0035    34.0032     7.5845    26.9347    26.9342         19  0.000e+00
      63022 292.989188  -46.42104  -55.91102      0.039    1468.76     30.609     30.354     4.5587     4.5603     0.0016     4.5565     4.5581     0.0016   3.222071   3.222143   0.000072    34.0040    34.0031     7.5843    26.9350    26.9342         19  0.000e+00
      63023 292.989189  -46.42104  -55.91102      0.042    1468.76     30.617     30.362     4.5584     4.5593     0.0010     4.5562     4.5571     0.0010   3.222041   3.222095   0.000054    34.0039    34.0036     7.5843    26.9351    26.9347         19  0.000e+00
      63024 292.989189  -46.42104  -55.91102      0.046    1468.76     30.609     30.354     4.5584     4.5587     0.0004     4.5562     4.5565     0.0004   3.222011   3.222006  -0.000005    34.0036    34.0032     7.5834    26.9348    26.9344         19  0.000e+00
      63025 292.989190  -46.42104  -55.91102      0.049    1468.76     30.609     30.354     4.5584     4.5584     0.0000     4.5562     4.5562     0.0000   3.222047   3.221959  -0.000088    34.0040    34.0029     7.5832    26.9351    26.9343         19  0.000e+00
      63026 292.989190  -46.42104  -55.91102      0.048    1468.76     30.617     30.362     4.5590     4.5579    -0.0011     4.5568     4.5557    -0.0011   3.222083   3.221971  -0.000112    34.0038    34.0036     7.5829    26.9349    26.9348         19  0.000e+00
      63027 292.989191  -46.42104  -55.91102      0.051    1468.76     30.609     30.354     4.5593     4.5581    -0.0012     4.5571     4.5559    -0.0012   3.222185   3.221959  -0.000226    34.0046    34.0033     7.5826    26.9355    26.9346         19  0.000e+00
      63028 292.989191  -46.42104  -55.91102      0.056    1468.76     30.673     30.418     4.5592     4.5581    -0.0011     4.5569     4.5559    -0.0011   3.222095   3.221971  -0.000124    34.0037    34.0034     7.5826    26.9348    26.9347         19  0.000e+00
      63029 292.989192  -46.42104  -55.91102      0.055    1468.76     30.609     30.354     4.5590     4.5587    -0.0003     4.5568     4.5565    -0.0003   3.222065   3.222048  -0.000017    34.0035    34.0036     7.5824    26.9346    26.9348         19  0.000e+00
      63030 292.989192  -46.42104  -55.91102      0.057    1468.76     30.617     30.362     4.5588     4.5586    -0.0003     4.5566     4.5564    -0.0003   3.222071   3.222018  -0.000053    34.0038    34.0035     7.5823    26.9349    26.9347         19  0.000e+00
      63031 292.989193  -46.42104  -55.91102      0.055    1468.76     30.609     30.354     4.5588     4.5579    -0.0009     4.5566     4.5557    -0.0009   3.222059   3.221983  -0.000076    34.0036    34.0037     7.5821    26.9348    26.9349         19  0.000e+00
      63032 292.989193  -46.42104  -55.91102      0.056    1468.76     30.617     30.362     4.5588     4.5579    -0.0009     4.5566     4.5557    -0.0009   3.222107   3.221935  -0.000172    34.0042    34.0032     7.5819    26.9352    26.9345         19  0.000e+00
      63033 292.989194  -46.42104  -55.91102      0.061    1468.76     30.666     30.410     4.5590     4.5581    -0.0009     4.5568     4.5559    -0.0009   3.222071   3.221989  -0.000082    34.0036    34.0036     7.5818    26.9347    26.9348         19  0.000e+00
      63034 292.989194  -46.42104  -55.91102      0.061    1468.76     30.666     30.410     4.5595     4.5582    -0.0012     4.5573     4.5560    -0.0012   3.222107   3.221989  -0.000118    34.0035    34.0034     7.5815    26.9346    26.9347         19  0.000e+00
      63035 292.989195  -46.42104  -55.91102      0.063    1468.76     30.617     30.362     4.5595     4.5586    -0.0009     4.5573     4.5564    -0.0009   3.222167   3.221983  -0.000185    34.0043    34.0030     7.5812    26.9352    26.9343         19  0.000e+00
      63036 292.989195  -46.42104  -55.91102      0.059    1468.76     30.609     30.354     4.5596     4.5592    -0.0005     4.5574     4.5570    -0.0005   3.222041   3.221983  -0.000058    34.0026    34.0024     7.5804    26.9339    26.9338         19  0.000e+00
      63037 292.989196  -46.42104  -55.91102      0.063    1468.76     30.674     30.418     4.5595     4.5589    -0.0006     4.5573     4.5567    -0.0006   3.222113   3.222036  -0.000077    34.0035    34.0033     7.5802    26.9346    26.9345         19  0.000e+00
      63038 292.989196  -46.42104  -55.91102      0.062    1468.76     30.666     30.410     4.5596     4.5581    -0.0016     4.5574     4.5559    -0.0016   3.222107   3.221977  -0.000130    34.0034    34.0034     7.5800    26.9345    26.9347         19  0.000e+00
      63039 292.989197  -46.42104  -55.91102      0.065    1468.76     30.674     30.418     4.5593     4.5577    -0.0016     4.5571     4.5555    -0.0016   3.222041   3.221929  -0.000112    34.0029    34.0032     7.5852    26.9342    26.9346         19  0.000e+00
      63040 292.989197  -46.42104  -55.91102      0.064    1468.76     30.609     30.355     4.5592     4.5579    -0.0012     4.5570     4.5557    -0.0012   3.222101   3.221941  -0.000160    34.0038    34.0032     7.5803    26.9349    26.9346         19  0.000e+00
      63041 292.989198  -46.42104  -55.91102      0.066    1468.76     30.666     30.410     4.5587     4.5584    -0.0003     4.5565     4.5562    -0.0003   3.222053   3.221953  -0.000100    34.0037    34.0028     7.5855    26.9349    26.9342         19  0.000e+00
      63042 292.989198  -46.42104  -55.91102      0.062    1468.76     30.617     30.363     4.5582     4.5582     0.0000     4.5560     4.5560     0.0000   3.222011   3.221971  -0.000040    34.0037    34.0032     7.5807    26.9349    26.9345         19  0.000e+00
      63043 292.989198  -46.42104  -55.91102      0.063    1468.76     30.666     30.411     4.5572     4.5586     0.0014     4.5550     4.5564     0.0013   3.221963   3.222024   0.000061    34.0042    34.0035     7.5806    26.9354    26.9347         19  0.000e+00
      63044 292.989199  -46.42104  -55.91102      0.064    1468.76     30.674     30.419     4.5552     4.5593     0.0042     4.5530     4.5571     0.0042   3.221741   3.222054   0.000313    34.0037    34.0031     7.5808    26.9352    26.9343         19  0.000e+00
      63045 292.989199  -46.42104  -55.91102      0.062    1468.76     30.666     30.411     4.5529     4.5593     0.0064     4.5507     4.5571     0.0064   3.221590   3.222066   0.000476    34.0042    34.0032     7.5810    26.9359    26.9344         19  0.000e+00
      63046 292.989200  -46.42104  -55.91102      0.062    1468.76     30.674     30.419     4.5508     4.5593     0.0085     4.5486     4.5571     0.0085   3.221494   3.222072   0.000578    34.0052    34.0033     7.5811    26.9369    26.9344         19  0.000e+00
      63047 292.989200  -46.42104  -55.91102      0.063    1468.76     30.666     30.411     4.5505     4.5592     0.0087     4.5483     4.5570     0.0087   3.221476   3.222024   0.000548    34.0054    34.0029     7.5809    26.9371    26.9341         19  0.000e+00
      63048 292.989201  -46.42104  -55.91102      0.063    1468.76     30.666     30.411     4.5518     4.5587     0.0069     4.5496     4.5565     0.0069   3.221608   3.222012   0.000404    34.0056    34.0032     7.5803    26.9371    26.9344         19  0.000e+00
      63049 292.989201  -46.42104  -55.91102      0.063    1468.76     30.674     30.419     4.5540     4.5586     0.0046     4.5518     4.5564     0.0046   3.221735   3.221989   0.000254    34.0048    34.0031     7.5797    26.9362    26.9344         19  0.000e+00
      63050 292.989202  -46.42104  -55.91102      0.062    1468.76     30.666     30.411     4.5547     4.5581     0.0034     4.5525     4.5559     0.0034   3.221837   3.221959   0.000122    34.0053    34.0032     7.5792    26.9365    26.9345         19  0.000e+00
      63051 292.989202  -46.42104  -55.91102      0.061    1468.76     30.674     30.419     4.5550     4.5579     0.0029     4.5528     4.5557     0.0029   3.221855   3.221929   0.000075    34.0052    34.0031     7.5789    26.9364    26.9344         19  0.000e+00
      63052 292.989203  -46.42104  -55.91102      0.061    1468.76     30.666     30.411     4.5555     4.5577     0.0023     4.5533     4.5555     0.0023   3.221855   3.221959   0.000104    34.0047    34.0036     7.5847    26.9360    26.9348         19  0.000e+00
      63053 292.989203  -46.42104  -55.91102      0.059    1468.76     30.674     30.419     4.5559     4.5574     0.0015     4.5537     4.5552     0.0015   3.221969   3.221888  -0.000081    34.0055    34.0031     7.5796    26.9366    26.9345         19  0.000e+00
      63054 292.989204  -46.42104  -55.91102      0.058    1468.76     30.666     30.411     4.5567     4.5567    -0.0001     4.5545     4.5545    -0.0001   3.221999   3.221864  -0.000135    34.0051    34.0036     7.5799    26.9362    26.9350         19  0.000e+00
      63055 292.989204  -46.42104  -55.91102      0.056    1468.76     30.666     30.411     4.5566     4.5570     0.0004     4.5544     4.5548     0.0004   3.221939   3.221882  -0.000057    34.0045    34.0035     7.5805    26.9357    26.9348         19  0.000e+00
      63056 292.989205  -46.42104  -55.91102      0.058    1468.76     30.674     30.419     4.5543     4.5568     0.0025     4.5521     4.5546     0.0025   3.221735   3.221870   0.000136    34.0045    34.0035     7.5815    26.9359    26.9349         19  0.000e+00
      63057 292.989205  -46.42104  -55.91102      0.055    1468.76     30.666     30.411     4.5513     4.5563     0.0050     4.5491     4.5541     0.0050   3.221530   3.221775   0.000245    34.0052    34.0029     7.5880    26.9368    26.9344         19  0.000e+00
      63058 292.989206  -46.42104  -55.91102      0.053    1468.76     30.674     30.419     4.5487     4.5551     0.0063     4.5465     4.5529     0.0063   3.221392   3.221681   0.000289    34.0062    34.0031     7.5844    26.9379    26.9347         19  0.000e+00
      63059 292.989206  -46.42104  -55.91102      0.053    1468.76     30.666     30.411     4.5471     4.5538     0.0067     4.5449     4.5516     0.0067   3.221175   3.221610   0.000434    34.0053    34.0036     7.5899    26.9374    26.9353         19  0.000e+00
      63060 292.989207  -46.42104  -55.91102      0.050    1468.76     30.674     30.419     4.5459     4.5544     0.0086     4.5437     4.5522     0.0086   3.221145   3.221621   0.000476    34.0063    34.0030     7.5914    26.9383    26.9348         19  0.000e+00
      63061 292.989207  -46.42104  -55.91102      0.051    1468.76     30.730     30.475     4.5449     4.5560     0.0111     4.5427     4.5538     0.0111   3.221121   3.221781   0.000660    34.0069    34.0033     7.5929    26.9389    26.9348         19  0.000e+00
      63062 292.989208  -46.42104  -55.91102      0.051    1468.76     30.666     30.411     4.5446     4.5568     0.0122     4.5424     4.5546     0.0122   3.221079   3.221876   0.000797    34.0068    34.0036     7.5880    26.9388    26.9349         19  0.000e+00
      63063 292.989208  -46.42104  -55.91102      0.048    1468.76     30.674     30.419     4.5446     4.5576     0.0130     4.5424     4.5554     0.0130   3.221175   3.221912   0.000736    34.0079    34.0032     7.5932    26.9397    26.9346         19  0.000e+00
      63064 292.989209  -46.42104  -55.91102      0.047    1468.76     30.666     30.411     4.5449     4.5571     0.0122     4.5427     4.5549     0.0122   3.221139   3.221900   0.000760    34.0072    34.0036     7.5883    26.9391    26.9349         19  0.000e+00
      63065 292.989209  -46.42104  -55.91102      0.043    1468.76     30.674     30.419     4.5449     4.5557     0.0108     4.5427     4.5535     0.0108   3.221169   3.221740   0.000570    34.0075    34.0031     7.5927    26.9394    26.9347         19  0.000e+00
      63066 292.989210  -46.42104  -55.91102      0.046    1468.76     30.731     30.475     4.5447     4.5525     0.0078     4.5425     4.5503     0.0078   3.221109   3.221509   0.000400    34.0070    34.0036     7.5933    26.9390    26.9355         19  0.000e+00
      63067 292.989210  -46.42104  -55.91102      0.045    1468.76     30.674     30.419     4.5444     4.5498     0.0054     4.5422     4.5476     0.0054   3.221091   3.221272   0.000181    34.0071    34.0037     7.5937    26.9391    26.9358         19  0.000e+00
      63068 292.989211  -46.42106  -55.91102      0.044    1468.76     30.666     30.411     4.5451     4.5478     0.0028     4.5429     4.5456     0.0028   3.221163   3.221130  -0.000034    34.0073    34.0041     7.5939    26.9392    26.9363         19  0.000e+00
      63069 292.989211  -46.42106  -55.91102      0.038    1468.76     30.666     30.411     4.5466     4.5468     0.0002     4.5444     4.5446     0.0002   3.221242   3.221035  -0.000207    34.0066    34.0040     7.5940    26.9385    26.9364         19  0.000e+00
      63070 292.989212  -46.42106  -55.91102      0.041    1468.76     30.739     30.483     4.5508     4.5458    -0.0050     4.5486     4.5436    -0.0050   3.221602   3.220970  -0.000632    34.0065    34.0042     7.5935    26.9379    26.9366         19  0.000e+00
      63071 292.989212  -46.42106  -55.91102      0.038    1468.76     30.666     30.411     4.5543     4.5463    -0.0080     4.5521     4.5441    -0.0080   3.221885   3.220976  -0.000909    34.0062    34.0038     7.5877    26.9373    26.9363         19  0.000e+00
      63072 292.989212  -46.42106  -55.91102      0.037    1468.76     30.674     30.419     4.5573     4.5492    -0.0081     4.5551     4.5470    -0.0080   3.222053   3.221201  -0.000852    34.0052    34.0035     7.5867    26.9362    26.9357         19  0.000e+00
      63073 292.989213  -46.42106  -55.91102      0.038    1468.76     30.731     30.475     4.5584     4.5539    -0.0044     4.5562     4.5517    -0.0044   3.222185   3.221586  -0.000599    34.0055    34.0031     7.5861    26.9363    26.9349         19  0.000e+00
      63074 292.989213  -46.42106  -55.91102      0.035    1468.76     30.674     30.419     4.5595     4.5567    -0.0028     4.5573     4.5545    -0.0028   3.222161   3.221858  -0.000303    34.0042    34.0035     7.5855    26.9351    26.9349         19  0.000e+00
      63075 292.989214  -46.42106  -55.91102      0.033    1468.76     30.666     30.411     4.5592     4.5576    -0.0016     4.5569     4.5554    -0.0016   3.222089   3.221900  -0.000189    34.0036    34.0030     7.5852    26.9347    26.9344         19  0.000e+00
      63076 292.989214  -46.42106  -55.91102      0.034    1468.76     30.739     30.483     4.5578     4.5548    -0.0031     4.5556     4.5525    -0.0031   3.221975   3.221716  -0.000259    34.0036    34.0038     7.5851    26.9349    26.9353         19  0.000e+00
      63077 292.989215  -46.42106  -55.91102      0.034    1468.76     30.666     30.411     4.5563     4.5532    -0.0031     4.5541     4.5510    -0.0031   3.221771   3.221503  -0.000268    34.0029    34.0029     7.5850    26.9345    26.9348         19  0.000e+00
      63078 292.989215  -46.42106  -55.91102      0.030    1468.76     30.666     30.411     4.5552     4.5506    -0.0045     4.5530     4.5484    -0.0045   3.221668   3.221296  -0.000373    34.0028    34.0031     7.5848    26.9345    26.9353         19  0.000e+00
      63079 292.989216  -46.42106  -55.91102      0.028    1468.76     30.674     30.419     4.5547     4.5482    -0.0065     4.5525     4.5460    -0.0065   3.221644   3.221094  -0.000550    34.0030    34.0032     7.5845    26.9347    26.9356         19  0.000e+00
