Pos-Processados/process_op42/operantar42_005.ros
* Sea-Bird SBE 9 Data File:
* FileName = C:\Users\Hidrografia\Desktop\OPXLII\Brutos\OP42005.hdr
* Software Version Seasave V 7.26.7.107
* Temperature SN = 6502
* Conductivity SN = 4998
* Number of Bytes Per Scan = 31
* Number of Voltage Words = 2
* Number of Scans Averaged by the Deck Unit = 1
* NMEA Latitude = 39 18.87 S
* NMEA Longitude = 053 09.31 W
* NMEA UTC (Time) = Oct 17 2023 00:39:31
* NMEA baud rate = 4800
** H41
** NPOALTEMAXIMIANO
** NUMERO DA ESTACAO (XXX) 005
** LAT (XX XX.XX S/N) 39 19.919 S
** LONG (XXX XX.XX W/E) 053 09.46 W
** DATAHORA (dd/mm/aaaa hh:mm Z) 17/10/2023 0025Z
** PROFUNDIDADE (m) 4727
** OPERADOR ZAMITH
# nquan = 24
# nvalues = 4130                                  
# units = specified
# name 0 = scan: Scan Count
# name 1 = timeJ: Julian Days
# name 2 = latitude: Latitude [deg]
# name 3 = longitude: Longitude [deg]
# name 4 = dz/dtM: Descent Rate [m/s]
# name 5 = avgsvCM: Average Sound Velocity [Chen-Millero, m/s]
# name 6 = prDM: Pressure, Digiquartz [db]
# name 7 = depSM: Depth [salt water, m]
# name 8 = t090C: Temperature [ITS-90, deg C]
# name 9 = t190C: Temperature, 2 [ITS-90, deg C]
# name 10 = T2-T190C: Temperature Difference, 2 - 1 [ITS-90, deg C]
# name 11 = potemp090C: Potential Temperature [ITS-90, deg C]
# name 12 = potemp190C: Potential Temperature, 2 [ITS-90, deg C]
# name 13 = potemp90Cdiff: Potential Temperature, Diff, 2 - 1 [ITS-90, deg C]
# name 14 = c0S/m: Conductivity [S/m]
# name 15 = c1S/m: Conductivity, 2 [S/m]
# name 16 = C2-C1S/m: Conductivity Difference, 2 - 1 [S/m]
# name 17 = sal00: Salinity, Practical [PSU]
# name 18 = sal11: Salinity, Practical, 2 [PSU]
# name 19 = sbeox0ML/L: Oxygen, SBE 43 [ml/l]
# name 20 = sigma-é00: Density [sigma-theta, kg/m^3]
# name 21 = sigma-é11: Density, 2 [sigma-theta, kg/m^3]
# name 22 = nbf: Bottles Fired
# name 23 = flag:  0.000e+00
# interval = seconds: 0.0416667
# start_time = Oct 17 2023 00:39:31 [NMEA time, header]
# bad_flag = -9.990e-29
*END*
[from data line 1329]
      62645 290.057652  -39.31116  -53.14796     -0.231    1471.91     41.000     40.684     8.4453     8.4464     0.0011     8.4411     8.4422     0.0011   3.576682   3.576797   0.000114    34.0671    34.0672     6.7311    26.4747    26.4747          8  0.000e+00
      62646 290.057653  -39.31116  -53.14796     -0.228    1471.91     40.944     40.628     8.4449     8.4464     0.0016     8.4407     8.4423     0.0016   3.576695   3.576803   0.000108    34.0676    34.0673     6.7307    26.4752    26.4747          8  0.000e+00
      62647 290.057653  -39.31116  -53.14796     -0.219    1471.91     41.024     40.708     8.4452     8.4464     0.0013     8.4410     8.4422     0.0013   3.576707   3.576809   0.000102    34.0674    34.0673     6.7356    26.4750    26.4747          8  0.000e+00
      62648 290.057654  -39.31116  -53.14796     -0.213    1471.91     40.944     40.628     8.4447     8.4466     0.0019     8.4405     8.4424     0.0019   3.576682   3.576803   0.000121    34.0677    34.0671     6.7362    26.4753    26.4746          8  0.000e+00
      62649 290.057654  -39.31116  -53.14796     -0.207    1471.91     41.000     40.684     8.4451     8.4466     0.0015     8.4409     8.4424     0.0015   3.576651   3.576821   0.000170    34.0669    34.0673     6.7321    26.4746    26.4747          8  0.000e+00
      62650 290.057655  -39.31116  -53.14796     -0.202    1471.91     40.944     40.628     8.4447     8.4466     0.0019     8.4405     8.4424     0.0019   3.576689   3.576834   0.000145    34.0678    34.0674     6.7316    26.4754    26.4748          8  0.000e+00
      62651 290.057655  -39.31116  -53.14796     -0.193    1471.91     40.960     40.644     8.4449     8.4464     0.0016     8.4407     8.4423     0.0016   3.576657   3.576840   0.000183    34.0672    34.0676     6.7316    26.4749    26.4750          8  0.000e+00
      62652 290.057656  -39.31116  -53.14796     -0.188    1471.91     41.000     40.684     8.4445     8.4464     0.0020     8.4403     8.4423     0.0020   3.576689   3.576809   0.000121    34.0679    34.0673     6.7317    26.4755    26.4747          8  0.000e+00
      62653 290.057656  -39.31116  -53.14796     -0.185    1471.91     40.944     40.628     8.4444     8.4462     0.0019     8.4402     8.4421     0.0019   3.576657   3.576803   0.000146    34.0677    34.0675     6.7317    26.4754    26.4749          8  0.000e+00
      62654 290.057657  -39.31116  -53.14796     -0.174    1471.91     41.000     40.684     8.4442     8.4463     0.0021     8.4400     8.4421     0.0021   3.576664   3.576784   0.000121    34.0679    34.0672     6.7366    26.4756    26.4747          8  0.000e+00
      62655 290.057657  -39.31116  -53.14796     -0.166    1471.91     41.000     40.684     8.4440     8.4463     0.0023     8.4398     8.4421     0.0023   3.576651   3.576747   0.000096    34.0680    34.0668     6.7372    26.4756    26.4743          8  0.000e+00
      62656 290.057658  -39.31116  -53.14796     -0.155    1471.91     41.024     40.708     8.4441     8.4461     0.0020     8.4399     8.4419     0.0020   3.576664   3.576809   0.000146    34.0680    34.0676     6.7372    26.4756    26.4750          8  0.000e+00
      62657 290.057658  -39.31116  -53.14796     -0.152    1471.91     40.887     40.573     8.4439     8.4463     0.0024     8.4397     8.4421     0.0024   3.576676   3.576797   0.000121    34.0684    34.0674     6.7376    26.4760    26.4748          8  0.000e+00
      62658 290.057659  -39.31116  -53.14796     -0.146    1471.91     41.000     40.684     8.4442     8.4461     0.0020     8.4400     8.4419     0.0020   3.576676   3.576797   0.000121    34.0681    34.0675     6.7381    26.4757    26.4749          8  0.000e+00
      62659 290.057659  -39.31116  -53.14796     -0.138    1471.91     40.944     40.629     8.4445     8.4461     0.0017     8.4403     8.4420     0.0017   3.576676   3.576778   0.000102    34.0678    34.0673     6.7384    26.4754    26.4748          8  0.000e+00
      62660 290.057660  -39.31116  -53.14796     -0.126    1471.91     41.065     40.748     8.4445     8.4460     0.0015     8.4403     8.4418     0.0015   3.576695   3.576754   0.000059    34.0679    34.0671     6.7437    26.4755    26.4747          8  0.000e+00
      62661 290.057660  -39.31116  -53.14796     -0.119    1471.91     40.960     40.645     8.4449     8.4461     0.0013     8.4407     8.4419     0.0013   3.576707   3.576791   0.000083    34.0678    34.0674     6.7397    26.4753    26.4749          8  0.000e+00
      62662 290.057661  -39.31116  -53.14796     -0.109    1471.91     41.000     40.685     8.4450     8.4462     0.0012     8.4408     8.4420     0.0012   3.576726   3.576778   0.000052    34.0678    34.0672     6.7448    26.4753    26.4747          8  0.000e+00
      62663 290.057661  -39.31116  -53.14796     -0.106    1471.91     40.944     40.629     8.4453     8.4460     0.0007     8.4411     8.4418     0.0007   3.576739   3.576791   0.000052    34.0677    34.0676     6.7408    26.4752    26.4750          8  0.000e+00
      62664 290.057662  -39.31116  -53.14796     -0.095    1471.91     41.065     40.749     8.4454     8.4463     0.0009     8.4412     8.4421     0.0009   3.576739   3.576784   0.000046    34.0676    34.0672     6.7460    26.4751    26.4746          8  0.000e+00
      62665 290.057662  -39.31116  -53.14796     -0.087    1471.91     41.000     40.685     8.4450     8.4461     0.0011     8.4408     8.4419     0.0011   3.576789   3.576772  -0.000017    34.0685    34.0672     6.7420    26.4759    26.4747          8  0.000e+00
      62666 290.057663  -39.31116  -53.14796     -0.081    1471.91     40.960     40.645     8.4451     8.4461     0.0010     8.4409     8.4419     0.0010   3.576751   3.576772   0.000021    34.0680    34.0672     6.7421    26.4755    26.4747          8  0.000e+00
      62667 290.057663  -39.31116  -53.14796     -0.072    1471.91     41.000     40.685     8.4450     8.4460     0.0010     8.4408     8.4418     0.0010   3.576764   3.576778   0.000015    34.0682    34.0674     6.7418    26.4756    26.4749          8  0.000e+00
      62668 290.057663  -39.31116  -53.14796     -0.064    1471.91     41.065     40.749     8.4450     8.4461     0.0011     8.4408     8.4419     0.0011   3.576720   3.576797   0.000077    34.0677    34.0674     6.7415    26.4753    26.4749          8  0.000e+00
      62669 290.057664  -39.31116  -53.14796     -0.054    1471.91     41.000     40.685     8.4447     8.4460     0.0013     8.4405     8.4418     0.0013   3.576682   3.576778   0.000096    34.0677    34.0674     6.7416    26.4753    26.4749          8  0.000e+00
      62670 290.057664  -39.31116  -53.14796     -0.049    1471.91     41.000     40.685     8.4451     8.4457     0.0006     8.4409     8.4415     0.0006   3.576695   3.576754   0.000059    34.0674    34.0674     6.7411    26.4750    26.4749          8  0.000e+00
      62671 290.057665  -39.31116  -53.14796     -0.041    1471.91     41.081     40.765     8.4449     8.4460     0.0011     8.4407     8.4418     0.0011   3.576682   3.576766   0.000084    34.0674    34.0672     6.7413    26.4751    26.4748          8  0.000e+00
      62672 290.057665  -39.31116  -53.14796     -0.035    1471.91     41.000     40.685     8.4450     8.4460     0.0010     8.4408     8.4418     0.0010   3.576676   3.576747   0.000071    34.0673    34.0671     6.7412    26.4749    26.4746          8  0.000e+00
      62673 290.057666  -39.31116  -53.14796     -0.025    1471.91     41.065     40.749     8.4446     8.4456     0.0010     8.4404     8.4414     0.0010   3.576626   3.576772   0.000146    34.0671    34.0677     6.7413    26.4748    26.4751          8  0.000e+00
      62674 290.057666  -39.31116  -53.14796     -0.015    1471.91     41.065     40.749     8.4450     8.4458     0.0008     8.4408     8.4416     0.0008   3.576657   3.576797   0.000139    34.0670    34.0678     6.7460    26.4747    26.4752          8  0.000e+00
      62675 290.057667  -39.31116  -53.14796     -0.008    1471.91     41.000     40.685     8.4449     8.4458     0.0009     8.4407     8.4416     0.0009   3.576651   3.576754   0.000103    34.0671    34.0674     6.7464    26.4748    26.4749          8  0.000e+00
      62676 290.057667  -39.31116  -53.14796     -0.003    1471.91     41.081     40.765     8.4450     8.4458     0.0008     8.4408     8.4416     0.0008   3.576714   3.576692  -0.000022    34.0676    34.0667     6.7469    26.4752    26.4743          8  0.000e+00
      62677 290.057668  -39.31116  -53.14796      0.004    1471.91     41.065     40.749     8.4450     8.4458     0.0008     8.4408     8.4416     0.0008   3.576714   3.576735   0.000021    34.0677    34.0671     6.7472    26.4753    26.4747          8  0.000e+00
      62678 290.057668  -39.31116  -53.14796      0.011    1471.91     41.065     40.749     8.4452     8.4456     0.0005     8.4410     8.4414     0.0005   3.576707   3.576766   0.000059    34.0674    34.0676     6.7475    26.4750    26.4751          8  0.000e+00
      62679 290.057669  -39.31116  -53.14796      0.018    1471.91     41.065     40.749     8.4454     8.4457     0.0004     8.4412     8.4415     0.0004   3.576657   3.576747   0.000090    34.0667    34.0673     6.7478    26.4744    26.4748          8  0.000e+00
      62680 290.057669  -39.31116  -53.14796      0.029    1471.91     41.121     40.805     8.4451     8.4460     0.0009     8.4409     8.4418     0.0009   3.576714   3.576747   0.000034    34.0675    34.0670     6.7481    26.4751    26.4746          8  0.000e+00
      62681 290.057670  -39.31116  -53.14796      0.034    1471.91     41.081     40.765     8.4452     8.4458     0.0006     8.4410     8.4416     0.0006   3.576714   3.576741   0.000028    34.0675    34.0672     6.7483    26.4751    26.4747          8  0.000e+00
      62682 290.057670  -39.31116  -53.14796      0.044    1471.91     41.121     40.805     8.4454     8.4458     0.0004     8.4412     8.4416     0.0004   3.576657   3.576741   0.000084    34.0667    34.0672     6.7485    26.4744    26.4747          8  0.000e+00
      62683 290.057671  -39.31116  -53.14796      0.050    1471.91     41.121     40.805     8.4450     8.4460     0.0010     8.4408     8.4418     0.0010   3.576689   3.576747   0.000059    34.0673    34.0670     6.7486    26.4750    26.4746          8  0.000e+00
      62684 290.057671  -39.31116  -53.14796      0.056    1471.91     41.121     40.805     8.4450     8.4458     0.0008     8.4408     8.4416     0.0008   3.576707   3.576766   0.000059    34.0676    34.0674     6.7487    26.4752    26.4749          8  0.000e+00
      62685 290.057672  -39.31116  -53.14796      0.065    1471.91     41.121     40.805     8.4450     8.4458     0.0008     8.4408     8.4416     0.0008   3.576707   3.576772   0.000065    34.0675    34.0675     6.7534    26.4751    26.4750          8  0.000e+00
      62686 290.057672  -39.31116  -53.14796      0.069    1471.91     41.146     40.829     8.4452     8.4461     0.0010     8.4410     8.4419     0.0010   3.576682   3.576778   0.000096    34.0671    34.0672     6.7539    26.4748    26.4747          8  0.000e+00
      62687 290.057673  -39.31116  -53.14796      0.082    1471.91     41.186     40.869     8.4451     8.4464     0.0013     8.4409     8.4422     0.0013   3.576695   3.576821   0.000127    34.0673    34.0674     6.7544    26.4749    26.4748          8  0.000e+00
      62688 290.057673  -39.31116  -53.14796      0.086    1471.91     41.121     40.805     8.4454     8.4466     0.0012     8.4412     8.4424     0.0012   3.576726   3.576883   0.000157    34.0674    34.0679     6.7546    26.4750    26.4752          8  0.000e+00
      62689 290.057674  -39.31116  -53.14796      0.090    1471.91     41.186     40.869     8.4457     8.4467     0.0011     8.4415     8.4425     0.0011   3.576739   3.576883   0.000144    34.0672    34.0677     6.7549    26.4748    26.4750          8  0.000e+00
      62690 290.057674  -39.31116  -53.14796      0.098    1471.91     41.186     40.869     8.4457     8.4466     0.0009     8.4415     8.4424     0.0009   3.576739   3.576896   0.000157    34.0672    34.0680     6.7504    26.4748    26.4752          8  0.000e+00
      62691 290.057675  -39.31116  -53.14796      0.107    1471.91     41.202     40.885     8.4456     8.4467     0.0011     8.4414     8.4425     0.0011   3.576764   3.576902   0.000138    34.0675    34.0679     6.7501    26.4750    26.4751          8  0.000e+00
      62692 290.057675  -39.31116  -53.14796      0.110    1471.91     41.186     40.869     8.4455     8.4470     0.0014     8.4413     8.4427     0.0014   3.576795   3.576920   0.000125    34.0680    34.0679     6.7497    26.4754    26.4751          8  0.000e+00
      62693 290.057676  -39.31116  -53.14796      0.119    1471.91     41.242     40.925     8.4462     8.4471     0.0010     8.4419     8.4429     0.0010   3.576851   3.576914   0.000063    34.0679    34.0677     6.7492    26.4752    26.4749          8  0.000e+00
      62694 290.057676  -39.31116  -53.14796      0.125    1471.91     41.186     40.869     8.4474     8.4473    -0.0001     8.4432     8.4431    -0.0001   3.576964   3.576926  -0.000038    34.0679    34.0677     6.7532    26.4751    26.4749          9  0.000e+00
      62695 290.057677  -39.31116  -53.14796      0.129    1471.91     41.242     40.925     8.4486     8.4474    -0.0012     8.4444     8.4432    -0.0012   3.577089   3.576933  -0.000157    34.0680    34.0676     6.7482    26.4750    26.4748          9  0.000e+00
      62696 290.057677  -39.31116  -53.14796      0.139    1471.91     41.258     40.941     8.4495     8.4472    -0.0023     8.4453     8.4430    -0.0023   3.577146   3.576939  -0.000207    34.0678    34.0678     6.7528    26.4747    26.4750          9  0.000e+00
      62697 290.057677  -39.31116  -53.14796      0.143    1471.91     41.242     40.925     8.4500     8.4473    -0.0028     8.4458     8.4430    -0.0028   3.577202   3.576957  -0.000245    34.0679    34.0680     6.7532    26.4746    26.4751          9  0.000e+00
      62698 290.057678  -39.31116  -53.14796      0.149    1471.91     41.242     40.925     8.4505     8.4474    -0.0030     8.4462     8.4432    -0.0030   3.577221   3.576914  -0.000307    34.0677    34.0674     6.7529    26.4744    26.4746          9  0.000e+00
      62699 290.057678  -39.31116  -53.14796      0.154    1471.91     41.299     40.981     8.4509     8.4471    -0.0038     8.4467     8.4429    -0.0038   3.577265   3.576908  -0.000357    34.0677    34.0676     6.7527    26.4743    26.4748          9  0.000e+00
      62700 290.057679  -39.31116  -53.14796      0.160    1471.91     41.299     40.981     8.4511     8.4481    -0.0030     8.4469     8.4439    -0.0030   3.577258   3.576994  -0.000264    34.0674    34.0675     6.7524    26.4741    26.4747          9  0.000e+00
      62701 290.057679  -39.31116  -53.14796      0.168    1471.91     41.323     41.005     8.4513     8.4497    -0.0016     8.4471     8.4455    -0.0016   3.577296   3.577167  -0.000129    34.0676    34.0678     6.7520    26.4742    26.4746          9  0.000e+00
      62702 290.057680  -39.31116  -53.14796      0.171    1471.91     41.299     40.981     8.4513     8.4507    -0.0006     8.4470     8.4465    -0.0006   3.577333   3.577260  -0.000074    34.0681    34.0678     6.7516    26.4746    26.4745          9  0.000e+00
      62703 290.057680  -39.31116  -53.14796      0.176    1471.91     41.299     40.981     8.4513     8.4517     0.0004     8.4470     8.4474     0.0004   3.577321   3.577358   0.000037    34.0679    34.0679     6.7516    26.4745    26.4744          9  0.000e+00
