Pos-Processados/process_op42/operantar42_013.cnv
* Sea-Bird SBE 9 Data File:
* FileName = C:\Users\Hidrografia\Desktop\OPXLII\Brutos\OP42013.hdr
* Software Version Seasave V 7.26.7.107
* Temperature SN = 6502
* Conductivity SN = 4998
* Number of Bytes Per Scan = 31
* Number of Voltage Words = 2
* Number of Scans Averaged by the Deck Unit = 1
* NMEA Latitude = 46 24.51 S
* NMEA Longitude = 055 54.95 W
* NMEA UTC (Time) = Oct 19 2023 23:00:40
* NMEA baud rate = 4800
** H41
** NPOALTEMAXIMIANO
** NUMERO DA ESTACAO (XXX) 013
** LAT (XX XX.XX S/N) 46 24.500 S
** LONG (XXX XX.XX W/E) 055 54.972 W
** DATAHORA (dd/mm/aaaa hh:mm Z) 19/10/2023 2300Z
** PROFUNDIDADE (m) 5329
** OPERADOR CT FABIREZA
# nquan = 30
# nvalues = 2016                        
# units = specified
# name 0 = scan: Scan Count
# name 1 = timeJ: Julian Days
# name 2 = latitude: Latitude [deg]
# name 3 = longitude: Longitude [deg]
# name 4 = dz/dtM: Descent Rate [m/s]
# name 5 = avgsvCM: Average Sound Velocity [Chen-Millero, m/s]
# name 6 = prDM: Pressure, Digiquartz [db]
# name 7 = depSM: Depth [salt water, m]
# name 8 = t090C: Temperature [ITS-90, deg C]
# name 9 = t190C: Temperature, 2 [ITS-90, deg C]
# name 10 = T2-T190C: Temperature Difference, 2 - 1 [ITS-90, deg C]
# name 11 = potemp090C: Potential Temperature [ITS-90, deg C]
# name 12 = potemp190C: Potential Temperature, 2 [ITS-90, deg C]
# name 13 = potemp90Cdiff: Potential Temperature, Diff, 2 - 1 [ITS-90, deg C]
# name 14 = c0S/m: Conductivity [S/m]
# name 15 = c1S/m: Conductivity, 2 [S/m]
# name 16 = C2-C1S/m: Conductivity Difference, 2 - 1 [S/m]
# name 17 = sal00: Salinity, Practical [PSU]
# name 18 = sal11: Salinity, Practical, 2 [PSU]
# name 19 = sbeox0ML/L: Oxygen, SBE 43 [ml/l]
# name 20 = sigma-é00: Density [sigma-theta, kg/m^3]
# name 21 = sigma-é11: Density, 2 [sigma-theta, kg/m^3]
# name 22 = sal00: Salinity, Practical [PSU]
# name 23 = sigma-é00: Density [sigma-theta, kg/m^3]
# name 24 = svCM: Sound Velocity [Chen-Millero, m/s]
# name 25 = svCM1: Sound Velocity, 2 [Chen-Millero, m/s]
# name 26 = gsw_ptA0: potential temperature [ITS-90, deg C]
# name 27 = gsw_densityA0: density, TEOS-10 [density, kg/m^3]
# name 28 = gsw_saA0: Absolute Salinity [g/kg]
# name 29 = flag:
# span 0 =       2328,      66305       
# span 1 = 292.959918, 292.990771       
# span 2 =  -46.42171,  -46.40909       
# span 3 =  -55.91560,  -55.91078       
# span 4 =     -1.566,      1.381       
# span 5 =       0.00,    1483.34       
# span 6 =      4.000,   1012.000       
# span 7 =      4.075,   1001.203       
# span 8 =     2.3873,     6.0159       
# span 9 =     2.3883,     6.0163       
# span 10 =    -0.0109,     0.0386      
# span 11 =     2.3233,     6.0154      
# span 12 =     2.3242,     6.0159      
# span 13 =    -0.0109,     0.0385      
# span 14 =   3.078985,   3.349554      
# span 15 =   3.078953,   3.349552      
# span 16 =  -0.001474,   0.003332      
# span 17 =    33.9843,    34.5848      
# span 18 =    33.9849,    34.5842      
# span 19 =     3.7715,     8.1594      
# span 20 =    26.7598,    27.6128      
# span 21 =    26.7596,    27.6122      
# span 22 =    33.9850,    34.5847      
# span 23 =    26.7595,    27.6127      
# span 24 =    1463.07,    1475.87      
# span 25 =    1463.07,    1475.87      
# span 26 =     2.3232,     6.0155      
# span 27 =  1026.7841,  1032.3176      
# span 28 =    34.1455,    34.7524      
# span 29 = 0.0000e+00, 0.0000e+00      
# interval = decibars: 1                
# start_time = Oct 19 2023 23:00:40 [NMEA time, header]
# bad_flag = -9.990e-29
*END*
[from data line 387]
      13850 292.965475  -46.41122  -55.91446      1.256    1464.97    392.000    388.397     2.5988     2.5996     0.0008     2.5755     2.5763     0.0008   3.084785   3.084860   0.000066    34.2165    34.2164     5.4684    27.2969    27.2968    34.2162    27.2967    1466.08    1466.08     2.5755  1029.1304    34.3790 0.0000e+00
      13889 292.965494  -46.41122  -55.91445      0.696    1464.97    393.000    389.390     2.6022     2.6038     0.0016     2.5788     2.5804     0.0016   3.085260   3.085471   0.000210    34.2179    34.2187     5.4534    27.2978    27.2983    34.2179    27.2978    1466.11    1466.12     2.5788  1029.1361    34.3807 0.0000e+00
      13927 292.965512  -46.41124  -55.91444      0.584    1464.97    394.000    390.379     2.6064     2.6072     0.0008     2.5830     2.5838     0.0008   3.085977   3.086033   0.000061    34.2215    34.2214     5.4395    27.3003    27.3002    34.2216    27.3004    1466.15    1466.15     2.5830  1029.1433    34.3845 0.0000e+00
      13951 292.965524  -46.41124  -55.91444      0.867    1464.97    395.000    391.369     2.6078     2.6085     0.0007     2.5843     2.5850     0.0007   3.086355   3.086402   0.000043    34.2240    34.2238     5.4185    27.3022    27.3020    34.2243    27.3024    1466.17    1466.18     2.5843  1029.1499    34.3871 0.0000e+00
      13971 292.965533  -46.41124  -55.91444      1.078    1464.97    396.000    392.358     2.6083     2.6090     0.0008     2.5847     2.5855     0.0008   3.086521   3.086583   0.000066    34.2251    34.2251     5.4067    27.3031    27.3030    34.2252    27.3031    1466.19    1466.20     2.5847  1029.1554    34.3882 0.0000e+00
      13996 292.965546  -46.41124 -9.990e-29      1.070    1464.97    397.000    393.349     2.6084     2.6093     0.0009     2.5848     2.5856     0.0009   3.086625   3.086705   0.000072    34.2259    34.2259     5.3985    27.3037    27.3036    34.2259    27.3036    1466.21    1466.22     2.5848  1029.1609    34.3892 0.0000e+00
      14039 292.965566  -46.41126 -9.990e-29      0.534    1464.97    398.000    394.338     2.6082     2.6090     0.0008     2.5845     2.5854     0.0008   3.086740   3.086807   0.000075    34.2268    34.2268     5.3840    27.3044    27.3044    34.2269    27.3045    1466.23    1466.23     2.5845  1029.1664    34.3903 0.0000e+00
      14069 292.965580  -46.41126  -55.91442      0.694    1464.97    399.000    395.328     2.6079     2.6087     0.0008     2.5842     2.5850     0.0008   3.086898   3.086953   0.000057    34.2286    34.2284     5.3675    27.3059    27.3057    34.2286    27.3059    1466.25    1466.25     2.5841  1029.1724    34.3919 0.0000e+00
      14089 292.965590  -46.41126  -55.91442      0.998    1464.97    400.000    396.318     2.6070     2.6079     0.0009     2.5832     2.5841     0.0009   3.086998   3.087036   0.000032    34.2303    34.2298     5.3628    27.3073    27.3068    34.2303    27.3073    1466.26    1466.26     2.5832  1029.1781    34.3931 0.0000e+00
      14106 292.965598  -46.41127  -55.91442      1.232    1464.97    401.000    397.308     2.6065     2.6074     0.0009     2.5827     2.5835     0.0009   3.087056   3.087100   0.000043    34.2310    34.2306     5.3620    27.3079    27.3075    34.2309    27.3079    1466.28    1466.28     2.5826  1029.1833    34.3938 0.0000e+00
      14124 292.965607  -46.41128  -55.91442      1.350    1464.97    402.000    398.298     2.6063     2.6071     0.0008     2.5824     2.5832     0.0008   3.087126   3.087167   0.000049    34.2314    34.2311     5.3546    27.3083    27.3080    34.2315    27.3084    1466.29    1466.30     2.5823  1029.1885    34.3944 0.0000e+00
      14150 292.965620  -46.41128  -55.91442      1.120    1464.97    403.000    399.288     2.6062     2.6070     0.0008     2.5822     2.5830     0.0008   3.087166   3.087192   0.000025    34.2316    34.2311     5.3468    27.3084    27.3080    34.2315    27.3084    1466.31    1466.31     2.5822  1029.1932    34.3944 0.0000e+00
      14187 292.965638  -46.41128  -55.91442      0.631    1464.97    404.000    400.277     2.6061     2.6069     0.0008     2.5820     2.5828     0.0008   3.087207   3.087249   0.000041    34.2316    34.2313     5.3421    27.3085    27.3081    34.2316    27.3085    1466.32    1466.33     2.5820  1029.1979    34.3945 0.0000e+00
      14215 292.965651  -46.41128  -55.91442      0.770    1464.97    405.000    401.267     2.6062     2.6070     0.0008     2.5821     2.5829     0.0008   3.087291   3.087318   0.000029    34.2319    34.2314     5.3293    27.3087    27.3083    34.2320    27.3087    1466.34    1466.34     2.5821  1029.2028    34.3949 0.0000e+00
      14236 292.965661  -46.41130  -55.91442      1.001    1464.97    406.000    402.257     2.6065     2.6074     0.0008     2.5823     2.5832     0.0008   3.087356   3.087386   0.000026    34.2319    34.2314     5.3240    27.3087    27.3082    34.2319    27.3087    1466.36    1466.36     2.5823  1029.2074    34.3948 0.0000e+00
      14259 292.965672  -46.41130  -55.91442      1.091    1464.97    407.000    403.247     2.6063     2.6072     0.0008     2.5821     2.5829     0.0008   3.087380   3.087427   0.000049    34.2318    34.2315     5.3194    27.3086    27.3083    34.2319    27.3087    1466.37    1466.38     2.5821  1029.2121    34.3948 0.0000e+00
      14287 292.965686  -46.41130  -55.91442      0.938    1464.97    408.000    404.237     2.6063     2.6069     0.0006     2.5820     2.5826     0.0006   3.087416   3.087442   0.000027    34.2318    34.2315     5.3250    27.3086    27.3083    34.2318    27.3086    1466.39    1466.39     2.5820  1029.2167    34.3947 0.0000e+00
      14318 292.965700  -46.41131  -55.91441      0.786    1464.97    409.000    405.226     2.6062     2.6070     0.0008     2.5819     2.5826     0.0008   3.087479   3.087513   0.000032    34.2320    34.2316     5.3286    27.3088    27.3084    34.2321    27.3089    1466.41    1466.41     2.5818  1029.2216    34.3950 0.0000e+00
      14346 292.965714  -46.41132  -55.91440      0.836    1464.97    410.000    406.216     2.6064     2.6073     0.0009     2.5820     2.5828     0.0009   3.087555   3.087584   0.000023    34.2323    34.2317     5.3344    27.3090    27.3085    34.2323    27.3090    1466.42    1466.43     2.5819  1029.2264    34.3953 0.0000e+00
      14376 292.965729  -46.41132  -55.91440      0.823    1464.97    411.000    407.206     2.6062     2.6070     0.0009     2.5817     2.5825     0.0009   3.087609   3.087644   0.000037    34.2326    34.2321     5.3279    27.3093    27.3088    34.2326    27.3093    1466.44    1466.44     2.5817  1029.2313    34.3956 0.0000e+00
      14405 292.965743  -46.41132  -55.91440      0.794    1464.97    412.000    408.195     2.6062     2.6070     0.0008     2.5816     2.5824     0.0008   3.087672   3.087716   0.000042    34.2328    34.2325     5.3200    27.3095    27.3092    34.2329    27.3095    1466.46    1466.46     2.5816  1029.2362    34.3958 0.0000e+00
      14427 292.965753  -46.41134  -55.91440      0.935    1464.97    413.000    409.186     2.6063     2.6071     0.0008     2.5817     2.5825     0.0008   3.087810   3.087853   0.000044    34.2337    34.2334     5.3172    27.3102    27.3099    34.2339    27.3103    1466.48    1466.48     2.5816  1029.2417    34.3969 0.0000e+00
      14447 292.965763  -46.41134  -55.91440      1.115    1464.97    414.000    410.176     2.6064     2.6072     0.0008     2.5817     2.5825     0.0008   3.087931   3.087969   0.000037    34.2347    34.2343     5.3181    27.3110    27.3106    34.2348    27.3110    1466.49    1466.50     2.5817  1029.2470    34.3977 0.0000e+00
      14472 292.965775  -46.41134  -55.91440      1.110    1464.97    415.000    411.165     2.6062     2.6069     0.0006     2.5815     2.5822     0.0006   3.087943   3.087992   0.000048    34.2344    34.2343     5.3175    27.3108    27.3106    34.2345    27.3108    1466.51    1466.51     2.5815  1029.2514    34.3974 0.0000e+00
      14512 292.965794  -46.41135  -55.91440      0.605    1464.97    416.000    412.155     2.6058     2.6065     0.0007     2.5810     2.5817     0.0007   3.087990   3.088028   0.000040    34.2349    34.2347     5.3121    27.3112    27.3109    34.2350    27.3113    1466.52    1466.53     2.5810  1029.2565    34.3980 0.0000e+00
      14544 292.965810  -46.41136  -55.91439      0.666    1464.97    417.000    413.144     2.6054     2.6064     0.0010     2.5805     2.5815     0.0010   3.088039   3.088082   0.000041    34.2355    34.2349     5.3050    27.3117    27.3112    34.2355    27.3117    1466.54    1466.54     2.5805  1029.2616    34.3985 0.0000e+00
      14567 292.965821  -46.41136  -55.91438      0.935    1464.97    418.000    414.134     2.6053     2.6060     0.0007     2.5803     2.5811     0.0007   3.088091   3.088113   0.000022    34.2357    34.2352     5.3011    27.3119    27.3114    34.2357    27.3119    1466.56    1466.56     2.5803  1029.2665    34.3987 0.0000e+00
      14588 292.965831  -46.41136  -55.91438      1.106    1464.97    419.000    415.124     2.6049     2.6056     0.0008     2.5799     2.5806     0.0008   3.088109   3.088121   0.000013    34.2358    34.2351     5.3054    27.3120    27.3114    34.2358    27.3120    1466.57    1466.57     2.5799  1029.2713    34.3988 0.0000e+00
      14617 292.965845  -46.41136  -55.91438      0.955    1464.97    420.000    416.114     2.6044     2.6053     0.0009     2.5794     2.5802     0.0009   3.088109   3.088153   0.000042    34.2358    34.2353     5.3048    27.3120    27.3116    34.2358    27.3120    1466.59    1466.59     2.5793  1029.2759    34.3988 0.0000e+00
      14650 292.965861  -46.41138  -55.91438      0.704    1464.97    421.000    417.104     2.6047     2.6055     0.0008     2.5796     2.5804     0.0008   3.088179   3.088211   0.000036    34.2357    34.2353     5.2988    27.3120    27.3115    34.2358    27.3120    1466.60    1466.61     2.5796  1029.2806    34.3988 0.0000e+00
      14677 292.965874  -46.41138  -55.91438      0.825    1464.97    422.000    418.093     2.6043     2.6050     0.0006     2.5791     2.5798     0.0006   3.088211   3.088220   0.000011    34.2360    34.2354     5.2950    27.3122    27.3117    34.2360    27.3122    1466.62    1466.62     2.5791  1029.2855    34.3990 0.0000e+00
      14700 292.965885  -46.41138  -55.91438      0.986    1464.97    423.000    419.083     2.6041     2.6047     0.0006     2.5788     2.5795     0.0006   3.088231   3.088253   0.000019    34.2360    34.2356     5.2879    27.3123    27.3119    34.2360    27.3123    1466.63    1466.64     2.5788  1029.2901    34.3990 0.0000e+00
      14724 292.965897  -46.41138  -55.91438      1.019    1464.97    424.000    420.073     2.6037     2.6045     0.0008     2.5784     2.5792     0.0008   3.088256   3.088283   0.000028    34.2361    34.2356     5.2871    27.3124    27.3119    34.2361    27.3124    1466.65    1466.65     2.5784  1029.2949    34.3992 0.0000e+00
      14757 292.965912  -46.41139  -55.91438      0.803    1464.97    425.000    421.063     2.6036     2.6043     0.0008     2.5782     2.5790     0.0008   3.088294   3.088316   0.000020    34.2363    34.2357     5.2993    27.3125    27.3120    34.2362    27.3125    1466.66    1466.67     2.5782  1029.2997    34.3992 0.0000e+00
      14792 292.965929  -46.41140  -55.91438      0.670    1465.00    426.000    422.052     2.6033     2.6042     0.0009     2.5779     2.5787     0.0009   3.088322   3.088359   0.000035    34.2363    34.2357     5.2971    27.3125    27.3121    34.2363    27.3126    1466.68    1466.68     2.5779  1029.3044    34.3993 0.0000e+00
      14820 292.965943  -46.41140  -55.91438      0.800    1465.15    427.000    423.042     2.6039     2.6046     0.0007     2.5784     2.5791     0.0007   3.088412   3.088429   0.000016    34.2362    34.2356     5.2940    27.3125    27.3119    34.2362    27.3125    1466.70    1466.70     2.5784  1029.3089    34.3992 0.0000e+00
      14847 292.965956  -46.41142  -55.91436      0.886    1465.15    428.000    424.032     2.6037     2.6047     0.0010     2.5781     2.5791     0.0010   3.088438   3.088479   0.000043    34.2361    34.2356     5.2982    27.3124    27.3119    34.2362    27.3125    1466.71    1466.72     2.5781  1029.3136    34.3992 0.0000e+00
      14875 292.965969  -46.41142  -55.91436      0.863    1465.15    429.000    425.021     2.6037     2.6045     0.0008     2.5780     2.5789     0.0008   3.088506   3.088513   0.000009    34.2365    34.2357     5.2985    27.3127    27.3120    34.2365    27.3127    1466.73    1466.73     2.5781  1029.3185    34.3995 0.0000e+00
      14902 292.965982  -46.41142  -55.91436      0.877    1465.15    430.000    426.011     2.6034     2.6042     0.0008     2.5778     2.5785     0.0008   3.088521   3.088542   0.000025    34.2363    34.2358     5.2978    27.3126    27.3121    34.2364    27.3126    1466.75    1466.75     2.5777  1029.3231    34.3994 0.0000e+00
      14928 292.965995  -46.41143  -55.91436      0.913    1465.15    431.000    427.001     2.6023     2.6032     0.0008     2.5766     2.5774     0.0008   3.088514   3.088543   0.000028    34.2370    34.2365     5.2965    27.3133    27.3128    34.2370    27.3132    1466.76    1466.76     2.5765  1029.3283    34.4000 0.0000e+00
      14952 292.966006  -46.41144  -55.91436      0.958    1465.15    432.000    427.991     2.6018     2.6026     0.0008     2.5760     2.5768     0.0008   3.088524   3.088570   0.000043    34.2371    34.2368     5.2933    27.3134    27.3131    34.2371    27.3134    1466.77    1466.78     2.5760  1029.3331    34.4001 0.0000e+00
      14974 292.966017  -46.41144  -55.91436      1.040    1465.15    433.000    428.980     2.6013     2.6020     0.0007     2.5754     2.5761     0.0007   3.088569   3.088586   0.000014    34.2378    34.2371     5.2990    27.3140    27.3134    34.2377    27.3139    1466.79    1466.79     2.5754  1029.3383    34.4007 0.0000e+00
      14997 292.966028  -46.41144  -55.91436      1.071    1465.15    434.000    429.970     2.6007     2.6015     0.0008     2.5748     2.5756     0.0008   3.088581   3.088601   0.000029    34.2378    34.2373     5.2936    27.3141    27.3136    34.2378    27.3141    1466.80    1466.80     2.5748  1029.3432    34.4009 0.0000e+00
      15020 292.966039  -46.41144  -55.91436      1.049    1465.15    435.000    430.960     2.6006     2.6011     0.0006     2.5746     2.5751     0.0006   3.088589   3.088633   0.000042    34.2376    34.2375     5.2855    27.3139    27.3138    34.2375    27.3139    1466.82    1466.82     2.5746  1029.3476    34.4006 0.0000e+00
      15045 292.966051  -46.41144  -55.91436      0.987    1465.15    436.000    431.949     2.5999     2.6007     0.0008     2.5738     2.5746     0.0008   3.088624   3.088645   0.000017    34.2384    34.2377     5.2828    27.3146    27.3140    34.2381    27.3144    1466.83    1466.83     2.5738  1029.3528    34.4012 0.0000e+00
      15075 292.966066  -46.41145  -55.91436      0.865    1465.15    437.000    432.939     2.5972     2.5981     0.0010     2.5711     2.5720     0.0010   3.088525   3.088561   0.000035    34.2394    34.2388     5.2817    27.3157    27.3151    34.2393    27.3155    1466.84    1466.84     2.5711  1029.3586    34.4024 0.0000e+00
      15108 292.966082  -46.41146  -55.91434      0.725    1465.15    438.000    433.929     2.5948     2.5953     0.0006     2.5686     2.5692     0.0006   3.088367   3.088344  -0.000014    34.2399    34.2391     5.2775    27.3163    27.3156    34.2394    27.3158    1466.84    1466.84     2.5686  1029.3636    34.4025 0.0000e+00
      15140 292.966097  -46.41147  -55.91434      0.733    1465.15    439.000    434.918     2.5872     2.5881     0.0010     2.5609     2.5619     0.0010   3.087793   3.087784  -0.000020    34.2403    34.2391     5.2744    27.3173    27.3161    34.2399    27.3169    1466.83    1466.83     2.5610  1029.3694    34.4030 0.0000e+00
