Pos-Processados/process_op42/operantar42_014.cnv
* Sea-Bird SBE 9 Data File:
* FileName = C:\Users\Hidrografia\Desktop\OPXLII\Brutos\OP42014.hdr
* Software Version Seasave V 7.26.7.107
* Temperature SN = 6502
* Conductivity SN = 4998
* Number of Bytes Per Scan = 31
* Number of Voltage Words = 2
* Number of Scans Averaged by the Deck Unit = 1
* NMEA Latitude = 47 05.79 S
* NMEA Longitude = 056 32.90 W
* NMEA UTC (Time) = Oct 20 2023 10:58:48
* NMEA baud rate = 4800
** H41
** NPOALTEMAXIMIANO
** NUMERO DA ESTACAO (XXX) 014
** LAT (XX XX.XX S/N) 47 05.592 S
** LONG (XXX XX.XX W/E) 056 32.757 W
** DATAHORA (dd/mm/aaaa hh:mm Z) 20/10/2023 1058Z
** PROFUNDIDADE (m) 4459
** OPERADOR CT FABIREZA
# nquan = 30
# nvalues = 2011                        
# units = specified
# name 0 = scan: Scan Count
# name 1 = timeJ: Julian Days
# name 2 = latitude: Latitude [deg]
# name 3 = longitude: Longitude [deg]
# name 4 = dz/dtM: Descent Rate [m/s]
# name 5 = avgsvCM: Average Sound Velocity [Chen-Millero, m/s]
# name 6 = prDM: Pressure, Digiquartz [db]
# name 7 = depSM: Depth [salt water, m]
# name 8 = t090C: Temperature [ITS-90, deg C]
# name 9 = t190C: Temperature, 2 [ITS-90, deg C]
# name 10 = T2-T190C: Temperature Difference, 2 - 1 [ITS-90, deg C]
# name 11 = potemp090C: Potential Temperature [ITS-90, deg C]
# name 12 = potemp190C: Potential Temperature, 2 [ITS-90, deg C]
# name 13 = potemp90Cdiff: Potential Temperature, Diff, 2 - 1 [ITS-90, deg C]
# name 14 = c0S/m: Conductivity [S/m]
# name 15 = c1S/m: Conductivity, 2 [S/m]
# name 16 = C2-C1S/m: Conductivity Difference, 2 - 1 [S/m]
# name 17 = sal00: Salinity, Practical [PSU]
# name 18 = sal11: Salinity, Practical, 2 [PSU]
# name 19 = sbeox0ML/L: Oxygen, SBE 43 [ml/l]
# name 20 = sigma-é00: Density [sigma-theta, kg/m^3]
# name 21 = sigma-é11: Density, 2 [sigma-theta, kg/m^3]
# name 22 = sal00: Salinity, Practical [PSU]
# name 23 = sigma-é00: Density [sigma-theta, kg/m^3]
# name 24 = svCM: Sound Velocity [Chen-Millero, m/s]
# name 25 = svCM1: Sound Velocity, 2 [Chen-Millero, m/s]
# name 26 = gsw_ptA0: potential temperature [ITS-90, deg C]
# name 27 = gsw_densityA0: density, TEOS-10 [density, kg/m^3]
# name 28 = gsw_saA0: Absolute Salinity [g/kg]
# name 29 = flag:
# span 0 =       2200,      68986       
# span 1 = 293.458561, 293.490768       
# span 2 =  -47.10808,  -47.09688       
# span 3 =  -56.55282,  -56.54855       
# span 4 =     -1.656,      1.590       
# span 5 =      -0.01,    1473.95       
# span 6 =      5.000,   1013.000       
# span 7 =      4.897,   1002.092       
# span 8 =     2.4413,     6.0358       
# span 9 =     2.4421,     6.0372       
# span 10 =    -0.0258,     0.0588      
# span 11 =     2.3768,     6.0355      
# span 12 =     2.3776,     6.0369      
# span 13 =    -0.0257,     0.0587      
# span 14 =   3.070972,   3.354372      
# span 15 =   3.070964,   3.354466      
# span 16 =  -0.004435,   0.004301      
# span 17 =    33.9914,    34.5843      
# span 18 =    33.9955,    34.5837      
# span 19 =     3.7938,     7.6517      
# span 20 =    26.7834,    27.6078      
# span 21 =    26.7827,    27.6074      
# span 22 =    34.0011,    34.5841      
# span 23 =    26.7840,    27.6076      
# span 24 =    1462.90,    1476.12      
# span 25 =    1462.90,    1476.13      
# span 26 =     2.3767,     6.0353      
# span 27 =  1026.8085,  1032.3153      
# span 28 =    34.1615,    34.7518      
# span 29 = 0.0000e+00, 0.0000e+00      
# interval = decibars: 1                
# start_time = Oct 20 2023 10:58:48 [NMEA time, header]
# bad_flag = -9.990e-29
*END*
[from data line 291]
      11545 293.463067 -9.990e-29  -56.54920      1.290    1464.68    296.000    293.331     2.7773     2.7780     0.0008     2.7595     2.7603     0.0008   3.090578   3.090590   0.000012    34.1509    34.1502     5.9208    27.2287    27.2280    34.1500    27.2279    1465.19    1465.19     2.7595  1028.6120    34.3110 0.0000e+00
      11563 293.463076 -9.990e-29  -56.54920      1.345    1464.68    297.000    294.321     2.7757     2.7765     0.0008     2.7579     2.7587     0.0008   3.090472   3.090544   0.000068    34.1506    34.1506     5.9206    27.2286    27.2284    34.1498    27.2279    1465.20    1465.20     2.7579  1028.6166    34.3108 0.0000e+00
      11589 293.463089  -47.09864  -56.54920      1.116    1464.68    298.000    295.311     2.7749     2.7755     0.0006     2.7571     2.7576     0.0006   3.090556   3.090525  -0.000028    34.1518    34.1508     5.9092    27.2295    27.2287    34.1511    27.2290    1465.21    1465.21     2.7571  1028.6231    34.3130 0.0000e+00
      11629 293.463108  -47.09866  -56.54920      0.597    1464.68    299.000    296.301     2.7742     2.7749     0.0007     2.7563     2.7570     0.0007   3.090530   3.090567   0.000034    34.1515    34.1512     5.9047    27.2294    27.2291    34.1510    27.2290    1465.22    1465.23     2.7563  1028.6279    34.3131 0.0000e+00
      11660 293.463123  -47.09866  -56.54920      0.706    1464.68    300.000    297.291     2.7738     2.7747     0.0009     2.7559     2.7568     0.0009   3.090590   3.090628   0.000039    34.1519    34.1515     5.9083    27.2298    27.2293    34.1516    27.2295    1465.24    1465.24     2.7558  1028.6331    34.3137 0.0000e+00
      11682 293.463133  -47.09866  -56.54920      0.933    1464.68    301.000    298.282     2.7744     2.7752     0.0009     2.7564     2.7572     0.0009   3.090685   3.090766   0.000084    34.1519    34.1520     5.8994    27.2297    27.2297    34.1516    27.2295    1465.26    1465.26     2.7563  1028.6370    34.3129 0.0000e+00
      11702 293.463143 -9.990e-29  -56.54920      1.111    1464.68    302.000    299.272     2.7743     2.7751     0.0008     2.7562     2.7570     0.0008   3.090811   3.090862   0.000039    34.1529    34.1525     5.9072    27.2305    27.2301    34.1527    27.2303    1465.28    1465.28     2.7562  1028.6423    34.3137 0.0000e+00
      11722 293.463153 -9.990e-29  -56.54920      1.205    1464.68    303.000    300.262     2.7815     2.7828     0.0013     2.7634     2.7646     0.0013   3.091601   3.091777   0.000174    34.1530    34.1537     5.9112    27.2299    27.2305    34.1542    27.2309    1465.32    1465.33     2.7633  1028.6475    34.3152 0.0000e+00
      11746 293.463164 -9.990e-29  -56.54920      1.116    1464.68    304.000    301.252     2.7910     2.7918     0.0008     2.7728     2.7736     0.0008   3.092547   3.092708   0.000162    34.1543    34.1555     5.8975    27.2302    27.2311    34.1551    27.2308    1465.38    1465.39     2.7728  1028.6520    34.3161 0.0000e+00
      11783 293.463182  -47.09868  -56.54920      0.706    1464.68    305.000    302.243     2.7963     2.7987     0.0024     2.7780     2.7803     0.0024   3.093206   3.093480   0.000265    34.1559    34.1566     5.8922    27.2310    27.2314    34.1570    27.2319    1465.42    1465.44     2.7779  1028.6583    34.3188 0.0000e+00
      11817 293.463198  -47.09870  -56.54920      0.658    1464.68    306.000    303.233     2.8051     2.8063     0.0012     2.7866     2.7879     0.0012   3.094202   3.094265   0.000077    34.1590    34.1587     5.8638    27.2327    27.2324    34.1593    27.2330    1465.48    1465.49     2.7867  1028.6642    34.3215 0.0000e+00
      11839 293.463209  -47.09870  -56.54920      0.905    1464.68    307.000    304.223     2.8030     2.8039     0.0008     2.7846     2.7854     0.0008   3.094137   3.094209   0.000063    34.1592    34.1590     5.8575    27.2330    27.2328    34.1601    27.2338    1465.49    1465.49     2.7845  1028.6697    34.3223 0.0000e+00
      11857 293.463218  -47.09870  -56.54920      1.151    1464.68    308.000    305.213     2.8273     2.8289     0.0016     2.8087     2.8103     0.0016   3.096584   3.096903   0.000308    34.1586    34.1607     5.8537    27.2305    27.2320    34.1638    27.2346    1465.62    1465.63     2.8087  1028.6749    34.3259 0.0000e+00
      11874 293.463226  -47.09870  -56.54920      1.323    1464.68    309.000    306.204     2.8385     2.8395     0.0010     2.8198     2.8208     0.0010   3.097737   3.097803   0.000088    34.1641    34.1641     5.8457    27.2339    27.2338    34.1655    27.2350    1465.68    1465.69     2.8198  1028.6799    34.3277 0.0000e+00
      11891 293.463234  -47.09870  -56.54920      1.414    1464.68    310.000    307.194     2.8469     2.8472     0.0003     2.8281     2.8284     0.0003   3.098736   3.098794   0.000060    34.1648    34.1652     5.8361    27.2337    27.2340    34.1682    27.2364    1465.74    1465.74     2.8281  1028.6859    34.3304 0.0000e+00
      11913 293.463245  -47.09870  -56.54920      1.276    1464.68    311.000    308.184     2.8511     2.8520     0.0010     2.8322     2.8332     0.0010   3.099099   3.099275   0.000171    34.1661    34.1671     5.8264    27.2344    27.2351    34.1676    27.2356    1465.77    1465.78     2.8322  1028.6897    34.3299 0.0000e+00
      11954 293.463265  -47.09872  -56.54922      0.615    1464.68    312.000    309.174     2.8510     2.8519     0.0010     2.8321     2.8330     0.0010   3.099245   3.099324   0.000081    34.1679    34.1679     5.7830    27.2359    27.2358    34.1690    27.2367    1465.79    1465.79     2.8320  1028.6955    34.3312 0.0000e+00
      11990 293.463281  -47.09873  -56.54921      0.621    1464.68    313.000    310.164     2.8486     2.8497     0.0010     2.8297     2.8307     0.0010   3.099149   3.099218   0.000063    34.1686    34.1683     5.7584    27.2366    27.2363    34.1698    27.2375    1465.80    1465.80     2.8296  1028.7010    34.3320 0.0000e+00
      12012 293.463292  -47.09874  -56.54920      0.907    1464.68    314.000    311.154     2.8522     2.8532     0.0010     2.8332     2.8342     0.0010   3.099529   3.099597   0.000078    34.1690    34.1688     5.7559    27.2366    27.2364    34.1700    27.2374    1465.83    1465.83     2.8331  1028.7055    34.3323 0.0000e+00
      12030 293.463301  -47.09874  -56.54920      1.150    1464.68    315.000    312.145     2.8539     2.8546     0.0007     2.8348     2.8355     0.0007   3.099777   3.099811   0.000033    34.1696    34.1693     5.7426    27.2370    27.2366    34.1707    27.2379    1465.85    1465.86     2.8348  1028.7106    34.3330 0.0000e+00
      12047 293.463309  -47.09874  -56.54921      1.313    1464.75    316.000    313.135     2.8502     2.8511     0.0009     2.8310     2.8319     0.0009   3.099512   3.099511   0.000014    34.1712    34.1704     5.7469    27.2385    27.2379    34.1708    27.2383    1465.86    1465.86     2.8310  1028.7157    34.3331 0.0000e+00
      12069 293.463320  -47.09874  -56.54922      1.257    1464.81    317.000    314.125     2.8309     2.8283    -0.0027     2.8117     2.8091    -0.0026   3.098035   3.097526  -0.000412    34.1731    34.1709     5.7522    27.2418    27.2402    34.1727    27.2415    1465.79    1465.78     2.8117  1028.7237    34.3350 0.0000e+00
      12117 293.463343  -47.09874  -56.54922      0.500    1464.82    318.000    315.116     2.8282     2.8178    -0.0104     2.8090     2.7986    -0.0104   3.097276   3.096623  -0.000693    34.1668    34.1693     5.7475    27.2370    27.2399    34.1658    27.2362    1465.79    1465.75     2.8090  1028.7231    34.3280 0.0000e+00
      12154 293.463361  -47.09876  -56.54922      0.591    1464.82    319.000    316.105     2.8065     2.8074     0.0009     2.7872     2.7881     0.0009   3.095704   3.095665  -0.000035    34.1706    34.1692     5.7524    27.2420    27.2408    34.1691    27.2408    1465.71    1465.72     2.7872  1028.7325    34.3313 0.0000e+00
      12174 293.463371  -47.09876  -56.54922      0.929    1464.82    320.000    317.096     2.7978     2.7986     0.0008     2.7785     2.7793     0.0008   3.095010   3.095041   0.000005    34.1705    34.1697     5.7517    27.2426    27.2419    34.1693    27.2417    1465.69    1465.70     2.7785  1028.7385    34.3319 0.0000e+00
      12192 293.463379  -47.09878 -9.990e-29      1.189    1464.82    321.000    318.086     2.8000     2.8012     0.0012     2.7806     2.7818     0.0012   3.095353   3.095455   0.000097    34.1710    34.1709     5.7578    27.2428    27.2427    34.1706    27.2425    1465.72    1465.72     2.7806  1028.7444    34.3338 0.0000e+00
      12209 293.463387  -47.09878 -9.990e-29      1.339    1464.82    322.000    319.076     2.7992     2.8003     0.0011     2.7798     2.7809     0.0011   3.095397   3.095457   0.000061    34.1722    34.1717     5.7680    27.2439    27.2434    34.1714    27.2433    1465.73    1465.74     2.7798  1028.7498    34.3346 0.0000e+00
      12231 293.463398  -47.09878  -56.54924      1.284    1464.82    323.000    320.050     2.8031     2.8040     0.0009     2.7836     2.7845     0.0009   3.095789   3.095862   0.000072    34.1718    34.1717     5.7601    27.2432    27.2431    34.1715    27.2430    1465.77    1465.77     2.7836  1028.7541    34.3347 0.0000e+00
      12307 293.463435  -47.09878  -56.54924      0.076    1464.82    324.000    321.079     2.8203     2.8194    -0.0010     2.8007     2.7998    -0.0010   3.097713   3.097562  -0.000181    34.1745    34.1733     5.7325    27.2439    27.2430    34.1762    27.2453    1465.87    1465.86     2.8007  1028.7601    34.3384 0.0000e+00
      12329 293.463445  -47.09879  -56.54924      0.766    1464.82    325.000    322.046     2.8503     2.8514     0.0012     2.8305     2.8317     0.0012   3.100638   3.100855   0.000229    34.1768    34.1784     5.7333    27.2431    27.2443    34.1797    27.2454    1466.01    1466.02     2.8305  1028.7647    34.3420 0.0000e+00
      12349 293.463455  -47.09880  -56.54924      1.042    1464.82    326.000    323.036     2.8549     2.8558     0.0008     2.8351     2.8359     0.0008   3.101214   3.101260   0.000045    34.1800    34.1796     5.7342    27.2452    27.2448    34.1812    27.2462    1466.05    1466.06     2.8351  1028.7701    34.3435 0.0000e+00
      12368 293.463464  -47.09880  -56.54924      1.203    1464.82    327.000    324.027     2.8545     2.8553     0.0008     2.8346     2.8354     0.0008   3.101247   3.101281   0.000032    34.1805    34.1801     5.7234    27.2457    27.2453    34.1815    27.2465    1466.07    1466.07     2.8346  1028.7750    34.3438 0.0000e+00
      12391 293.463475  -47.09880  -56.54924      1.156    1464.82    328.000    325.017     2.8519     2.8529     0.0010     2.8320     2.8330     0.0010   3.101110   3.101153   0.000030    34.1812    34.1805     5.7034    27.2465    27.2458    34.1820    27.2472    1466.07    1466.08     2.8319  1028.7804    34.3444 0.0000e+00
      12427 293.463492  -47.09881  -56.54924      0.752    1464.82    329.000    326.007     2.8563     2.8562    -0.0001     2.8363     2.8362    -0.0001   3.101581   3.101578   0.000023    34.1821    34.1825     5.6668    27.2468    27.2472    34.1825    27.2472    1466.11    1466.11     2.8363  1028.7850    34.3449 0.0000e+00
      12464 293.463510  -47.09882  -56.54924      0.624    1464.82    330.000    326.997     2.8324     2.8323    -0.0001     2.8124     2.8123    -0.0001   3.099636   3.099513  -0.000144    34.1848    34.1832     5.6608    27.2511    27.2498    34.1836    27.2501    1466.02    1466.02     2.8124  1028.7928    34.3460 0.0000e+00
      12492 293.463524  -47.09882  -56.54924      0.781    1464.82    331.000    327.987     2.8231     2.8242     0.0011     2.8030     2.8041     0.0011   3.098778   3.098793   0.000017    34.1833    34.1823     5.6439    27.2507    27.2499    34.1825    27.2501    1466.00    1466.00     2.8030  1028.7975    34.3448 0.0000e+00
      12515 293.463535  -47.09882  -56.54924      0.961    1464.82    332.000    328.977     2.8196     2.8209     0.0013     2.7995     2.8008     0.0013   3.098463   3.098528   0.000064    34.1828    34.1821     5.6399    27.2506    27.2500    34.1818    27.2498    1466.00    1466.01     2.7995  1028.8020    34.3442 0.0000e+00
      12536 293.463545  -47.09884  -56.54924      1.063    1464.82    333.000    329.967     2.8093     2.8102     0.0009     2.7891     2.7901     0.0009   3.097622   3.097571  -0.000054    34.1833    34.1817     5.6568    27.2520    27.2506    34.1819    27.2508    1465.97    1465.97     2.7891  1028.8077    34.3443 0.0000e+00
      12558 293.463556  -47.09884  -56.54926      1.115    1464.82    334.000    330.957     2.8071     2.8079     0.0008     2.7869     2.7877     0.0008   3.097452   3.097484   0.000023    34.1819    34.1813     5.6488    27.2510    27.2505    34.1816    27.2508    1465.98    1465.98     2.7869  1028.8124    34.3440 0.0000e+00
      12584 293.463568  -47.09884  -56.54926      1.024    1464.82    335.000    331.943     2.8093     2.8103     0.0010     2.7890     2.7900     0.0010   3.097760   3.097813   0.000050    34.1831    34.1826     5.6625    27.2518    27.2513    34.1826    27.2513    1466.00    1466.01     2.7890  1028.8176    34.3449 0.0000e+00
      12622 293.463586  -47.09884  -56.54926      0.679    1464.82    336.000    332.940     2.8092     2.8096     0.0004     2.7889     2.7893     0.0004   3.097863   3.097888   0.000026    34.1837    34.1836     5.6702    27.2523    27.2521    34.1833    27.2520    1466.02    1466.02     2.7888  1028.8228    34.3457 0.0000e+00
      12663 293.463607  -47.09886  -56.54926      0.559    1464.82    337.000    333.927     2.8073     2.8080     0.0007     2.7869     2.7876     0.0007   3.097822   3.097861   0.000040    34.1848    34.1845     5.6667    27.2533    27.2530    34.1843    27.2530    1466.03    1466.03     2.7869  1028.8285    34.3467 0.0000e+00
      12693 293.463621  -47.09886  -56.54926      0.737    1464.82    338.000    334.918     2.8059     2.8067     0.0008     2.7854     2.7862     0.0008   3.097771   3.097814   0.000039    34.1849    34.1846     5.6476    27.2536    27.2532    34.1846    27.2533    1466.04    1466.05     2.7854  1028.8335    34.3470 0.0000e+00
      12715 293.463631  -47.09886  -56.54926      0.951    1464.82    339.000    335.908     2.8056     2.8064     0.0008     2.7851     2.7859     0.0008   3.097794   3.097824   0.000028    34.1850    34.1845     5.6521    27.2536    27.2532    34.1846    27.2533    1466.06    1466.06     2.7851  1028.8382    34.3470 0.0000e+00
      12735 293.463641  -47.09887  -56.54926      1.122    1464.82    340.000    336.898     2.8042     2.8049     0.0007     2.7836     2.7843     0.0007   3.097707   3.097718   0.000012    34.1852    34.1846     5.6463    27.2539    27.2534    34.1846    27.2534    1466.07    1466.07     2.7836  1028.8430    34.3470 0.0000e+00
      12755 293.463651  -47.09888  -56.54926      1.195    1464.82    341.000    337.888     2.7943     2.7949     0.0007     2.7736     2.7743     0.0007   3.096926   3.096847  -0.000071    34.1865    34.1849     5.6455    27.2558    27.2545    34.1850    27.2546    1466.04    1466.04     2.7737  1028.8489    34.3474 0.0000e+00
      12781 293.463663  -47.09888  -56.54928      1.048    1464.82    342.000    338.878     2.7904     2.7913     0.0008     2.7698     2.7706     0.0008   3.096670   3.096706   0.000024    34.1860    34.1854     5.6411    27.2558    27.2552    34.1854    27.2553    1466.04    1466.05     2.7697  1028.8543    34.3478 0.0000e+00
