Pos-Processados/process_op42/operantar42_002.ros
* Sea-Bird SBE 9 Data File:
* FileName = C:\Users\Hidrografia\Desktop\OPXLII\Brutos\OP42002.hdr
* Software Version Seasave V 7.26.7.107
* Temperature SN = 6502
* Conductivity SN = 4998
* Number of Bytes Per Scan = 37
* Number of Voltage Words = 4
* Number of Scans Averaged by the Deck Unit = 1
* NMEA Latitude = 37 53.44 S
* NMEA Longitude = 051 46.15 W
* NMEA UTC (Time) = Oct 16 2023 08:29:02
* NMEA baud rate = 4800
** H41
** NPOALTEMAXIMIANO
** NUMERO DA ESTACAO (XXX) 002
** LAT (XX XX.XX S/N) 37 53.431 S
** LONG (XXX XX.XX W/E) 51 48.140 W
** DATAHORA (dd/mm/aaaa hh:mm Z) 16/10/2023 0828Z
** PROFUNDIDADE (m) 4384
** OPERADOR CT FILIPE LOPES
# nquan = 24
# nvalues = 3841                                  
# units = specified
# name 0 = scan: Scan Count
# name 1 = timeJ: Julian Days
# name 2 = latitude: Latitude [deg]
# name 3 = longitude: Longitude [deg]
# name 4 = dz/dtM: Descent Rate [m/s]
# name 5 = avgsvCM: Average Sound Velocity [Chen-Millero, m/s]
# name 6 = prDM: Pressure, Digiquartz [db]
# name 7 = depSM: Depth [salt water, m]
# name 8 = t090C: Temperature [ITS-90, deg C]
# name 9 = t190C: Temperature, 2 [ITS-90, deg C]
# name 10 = T2-T190C: Temperature Difference, 2 - 1 [ITS-90, deg C]
# name 11 = potemp090C: Potential Temperature [ITS-90, deg C]
# name 12 = potemp190C: Potential Temperature, 2 [ITS-90, deg C]
# name 13 = potemp90Cdiff: Potential Temperature, Diff, 2 - 1 [ITS-90, deg C]
# name 14 = c0S/m: Conductivity [S/m]
# name 15 = c1S/m: Conductivity, 2 [S/m]
# name 16 = C2-C1S/m: Conductivity Difference, 2 - 1 [S/m]
# name 17 = sal00: Salinity, Practical [PSU]
# name 18 = sal11: Salinity, Practical, 2 [PSU]
# name 19 = sbeox0ML/L: Oxygen, SBE 43 [ml/l]
# name 20 = sigma-é00: Density [sigma-theta, kg/m^3]
# name 21 = sigma-é11: Density, 2 [sigma-theta, kg/m^3]
# name 22 = nbf: Bottles Fired
# name 23 = flag:  0.000e+00
# interval = seconds: 0.0416667
# start_time = Oct 16 2023 08:29:02 [NMEA time, header]
# bad_flag = -9.990e-29
*END*
[from data line 2234]
      68044 289.386309  -37.90478  -51.78374      0.061    1502.92     44.755     44.416    18.1110    18.1130     0.0020    18.1032    18.1052     0.0020   4.743699   4.744147   0.000448    36.2030    36.2051     5.2409    26.1681    26.1692         13  0.000e+00
      68045 289.386310  -37.90478  -51.78374      0.066    1502.92     44.755     44.416    18.1113    18.1131     0.0018    18.1035    18.1054     0.0018   4.743664   4.744085   0.000421    36.2024    36.2044     5.2417    26.1676    26.1687         13  0.000e+00
      68046 289.386310  -37.90478  -51.78374      0.064    1502.92     44.699     44.360    18.1113    18.1128     0.0015    18.1036    18.1051     0.0015   4.743685   4.744016   0.000331    36.2026    36.2041     5.2421    26.1677    26.1685         13  0.000e+00
      68047 289.386311  -37.90478  -51.78374      0.064    1502.92     44.755     44.416    18.1113    18.1123     0.0010    18.1035    18.1045     0.0010   4.743664   4.743974   0.000310    36.2024    36.2042     5.2426    26.1676    26.1687         13  0.000e+00
      68048 289.386311  -37.90478  -51.78374      0.065    1502.92     44.755     44.416    18.1110    18.1121     0.0011    18.1032    18.1043     0.0011   4.743685   4.743967   0.000282    36.2029    36.2043     5.2433    26.1680    26.1689         13  0.000e+00
      68049 289.386312  -37.90478  -51.78374      0.062    1502.92     44.699     44.360    18.1111    18.1123     0.0012    18.1034    18.1045     0.0012   4.743664   4.743940   0.000276    36.2026    36.2039     5.2440    26.1678    26.1685         13  0.000e+00
      68050 289.386312  -37.90478  -51.78374      0.063    1502.92     44.779     44.440    18.1111    18.1121     0.0009    18.1034    18.1043     0.0009   4.743629   4.743954   0.000325    36.2022    36.2042     5.2447    26.1675    26.1688         13  0.000e+00
      68051 289.386313  -37.90478  -51.78374      0.060    1502.92     44.699     44.360    18.1111    18.1121     0.0010    18.1034    18.1043     0.0010   4.743643   4.743905   0.000262    36.2024    36.2038     5.2488    26.1677    26.1685         13  0.000e+00
      68052 289.386313  -37.90478  -51.78374      0.061    1502.92     44.755     44.416    18.1110    18.1121     0.0011    18.1032    18.1043     0.0011   4.743657   4.743919   0.000262    36.2026    36.2039     5.2495    26.1679    26.1685         13  0.000e+00
      68053 289.386314  -37.90478  -51.78374      0.060    1502.92     44.755     44.416    18.1109    18.1119     0.0010    18.1032    18.1042     0.0010   4.743629   4.743933   0.000304    36.2024    36.2042     5.2502    26.1677    26.1688         13  0.000e+00
      68054 289.386314  -37.90478  -51.78374      0.055    1502.92     44.699     44.360    18.1111    18.1119     0.0008    18.1034    18.1042     0.0008   4.743615   4.743898   0.000283    36.2022    36.2039     5.2507    26.1675    26.1686         13  0.000e+00
      68055 289.386315  -37.90478  -51.78374      0.054    1502.92     44.755     44.416    18.1110    18.1114     0.0005    18.1032    18.1037     0.0005   4.743587   4.743891   0.000304    36.2020    36.2042     5.2514    26.1674    26.1690         13  0.000e+00
      68056 289.386315  -37.90478  -51.78374      0.049    1502.92     44.699     44.360    18.1111    18.1133     0.0022    18.1034    18.1055     0.0022   4.743545   4.744161   0.000616    36.2016    36.2049     5.2520    26.1670    26.1690         13  0.000e+00
      68057 289.386316  -37.90478  -51.78374      0.045    1502.92     44.699     44.360    18.1115    18.1183     0.0068    18.1037    18.1106     0.0068   4.743685   4.744818   0.001133    36.2024    36.2061     5.2525    26.1676    26.1687         13  0.000e+00
      68058 289.386316  -37.90478  -51.78374      0.039    1502.92     44.699     44.360    18.1156    18.1224     0.0068    18.1079    18.1147     0.0068   4.744253   4.745420   0.001167    36.2037    36.2076     5.2562    26.1675    26.1688         13  0.000e+00
      68059 289.386317  -37.90478  -51.78374      0.038    1502.92     44.699     44.360    18.1205    18.1250     0.0045    18.1127    18.1173     0.0045   4.744899   4.745753   0.000854    36.2049    36.2082     5.2528    26.1672    26.1686         13  0.000e+00
      68060 289.386317  -37.90480  -51.78374      0.036    1502.92     44.755     44.416    18.1247    18.1276     0.0029    18.1169    18.1199     0.0029   4.745327   4.745988   0.000661    36.2048    36.2079     5.2529    26.1661    26.1677         13  0.000e+00
      68061 289.386318  -37.90480  -51.78374      0.031    1502.92     44.699     44.360    18.1267    18.1291     0.0024    18.1190    18.1214     0.0024   4.745629   4.746223   0.000595    36.2056    36.2086     5.2528    26.1662    26.1679         13  0.000e+00
      68062 289.386318  -37.90480  -51.78374      0.023    1502.92     44.659     44.320    18.1273    18.1314     0.0041    18.1196    18.1236     0.0041   4.745727   4.746465   0.000738    36.2059    36.2086     5.2528    26.1663    26.1674         13  0.000e+00
      68063 289.386318  -37.90480  -51.78374      0.021    1502.92     44.699     44.360    18.1273    18.1338     0.0065    18.1195    18.1260     0.0065   4.745762   4.746797   0.001036    36.2063    36.2094     5.2530    26.1666    26.1673         13  0.000e+00
      68064 289.386319  -37.90480  -51.78374      0.016    1502.92     44.699     44.360    18.1280    18.1364     0.0084    18.1202    18.1287     0.0084   4.745895   4.747109   0.001214    36.2068    36.2097     5.2533    26.1668    26.1669         13  0.000e+00
      68065 289.386319  -37.90480  -51.78374      0.014    1502.92     44.699     44.360    18.1293    18.1364     0.0071    18.1216    18.1287     0.0071   4.746085   4.747136   0.001052    36.2072    36.2099     5.2534    26.1668    26.1671         13  0.000e+00
      68066 289.386320  -37.90480  -51.78374      0.005    1502.92     44.634     44.296    18.1308    18.1362     0.0054    18.1230    18.1285     0.0054   4.746288   4.747060   0.000772    36.2077    36.2095     5.2533    26.1668    26.1668         13  0.000e+00
      68067 289.386320  -37.90480  -51.78374     -0.001    1502.92     44.699     44.360    18.1312    18.1372     0.0060    18.1235    18.1295     0.0060   4.746309   4.747164   0.000855    36.2075    36.2094     5.2533    26.1665    26.1665         13  0.000e+00
      68068 289.386321  -37.90480  -51.78374     -0.007    1502.92     44.635     44.296    18.1306    18.1376     0.0070    18.1229    18.1299     0.0070   4.746211   4.747261   0.001050    36.2072    36.2100     5.2533    26.1664    26.1668         13  0.000e+00
      68069 289.386321  -37.90480  -51.78374     -0.013    1502.92     44.635     44.296    18.1310    18.1372     0.0062    18.1233    18.1295     0.0062   4.746274   4.747233   0.000959    36.2073    36.2100     5.2532    26.1664    26.1670         13  0.000e+00
      68070 289.386322  -37.90480  -51.78374     -0.014    1502.92     44.699     44.360    18.1322    18.1369     0.0047    18.1244    18.1291     0.0047   4.746450   4.747143   0.000694    36.2078    36.2096     5.2493    26.1665    26.1667         13  0.000e+00
      68071 289.386322  -37.90480  -51.78374     -0.020    1502.92     44.635     44.296    18.1326    18.1367     0.0041    18.1249    18.1290     0.0041   4.746527   4.747060   0.000534    36.2081    36.2090     5.2525    26.1666    26.1663         13  0.000e+00
      68072 289.386323  -37.90480  -51.78374     -0.033    1502.92     44.578     44.240    18.1333    18.1364     0.0031    18.1256    18.1287     0.0031   4.746513   4.747067   0.000555    36.2074    36.2094     5.2486    26.1659    26.1667         13  0.000e+00
      68073 289.386323  -37.90480  -51.78374     -0.037    1502.92     44.659     44.320    18.1339    18.1353     0.0014    18.1262    18.1276     0.0014   4.746590   4.746957   0.000367    36.2075    36.2094     5.2481    26.1658    26.1669         13  0.000e+00
      68074 289.386324  -37.90480  -51.78374     -0.042    1502.92     44.578     44.240    18.1347    18.1341    -0.0006    18.1270    18.1264    -0.0006   4.746681   4.746756   0.000075    36.2076    36.2087     5.2475    26.1657    26.1667         13  0.000e+00
      68075 289.386324  -37.90480  -51.78374     -0.045    1502.92     44.635     44.296    18.1346    18.1328    -0.0018    18.1269    18.1250    -0.0018   4.746611   4.746597  -0.000014    36.2071    36.2086     5.2471    26.1653    26.1670         13  0.000e+00
      68076 289.386325  -37.90480  -51.78374     -0.057    1502.92     44.578     44.240    18.1331    18.1314    -0.0018    18.1254    18.1237    -0.0018   4.746372   4.746472   0.000100    36.2063    36.2087     5.2467    26.1651    26.1674         13  0.000e+00
      68077 289.386325  -37.90480  -51.78374     -0.058    1502.92     44.635     44.296    18.1301    18.1337     0.0036    18.1224    18.1259     0.0036   4.746028   4.746714   0.000686    36.2061    36.2088     5.2465    26.1657    26.1669         13  0.000e+00
      68078 289.386326  -37.90480  -51.78374     -0.068    1502.92     44.522     44.184    18.1290    18.1343     0.0053    18.1213    18.1266     0.0053   4.745909   4.746936   0.001027    36.2061    36.2101     5.2460    26.1660    26.1678         13  0.000e+00
      68079 289.386326  -37.90480  -51.78374     -0.072    1502.92     44.635     44.296    18.1296    18.1331     0.0035    18.1218    18.1254     0.0035   4.746085   4.746756   0.000671    36.2070    36.2096     5.2454    26.1666    26.1677         13  0.000e+00
      68080 289.386327  -37.90480  -51.78374     -0.079    1502.92     44.578     44.240    18.1304    18.1328     0.0024    18.1226    18.1250     0.0024   4.746260   4.746652   0.000392    36.2078    36.2091     5.2446    26.1670    26.1673         13  0.000e+00
      68081 289.386327  -37.90480  -51.78374     -0.085    1502.92     44.522     44.184    18.1311    18.1329     0.0018    18.1234    18.1252     0.0018   4.746323   4.746645   0.000322    36.2077    36.2089     5.2439    26.1667    26.1671         13  0.000e+00
      68082 289.386328  -37.90480  -51.78374     -0.088    1502.92     44.635     44.296    18.1314    18.1331     0.0017    18.1237    18.1254     0.0017   4.746337   4.746673   0.000336    36.2075    36.2089     5.2433    26.1665    26.1671         13  0.000e+00
      68083 289.386328  -37.90480  -51.78374     -0.093    1502.92     44.522     44.184    18.1322    18.1335     0.0013    18.1244    18.1258     0.0013   4.746400   4.746728   0.000328    36.2075    36.2091     5.2424    26.1663    26.1672         13  0.000e+00
      68084 289.386329  -37.90480  -51.78374     -0.095    1502.92     44.578     44.240    18.1321    18.1333     0.0012    18.1244    18.1256     0.0012   4.746358   4.746721   0.000363    36.2071    36.2092     5.2418    26.1660    26.1673         13  0.000e+00
      68085 289.386329  -37.90480  -51.78374     -0.106    1502.92     44.482     44.144    18.1318    18.1335     0.0017    18.1241    18.1258     0.0017   4.746365   4.746721   0.000356    36.2075    36.2091     5.2413    26.1664    26.1672         13  0.000e+00
      68086 289.386330  -37.90480  -51.78374     -0.113    1502.92     44.522     44.184    18.1316    18.1324     0.0008    18.1239    18.1247     0.0008   4.746295   4.746597   0.000302    36.2071    36.2089     5.2409    26.1661    26.1673         13  0.000e+00
      68087 289.386330  -37.90480  -51.78374     -0.115    1502.92     44.522     44.184    18.1313    18.1316     0.0003    18.1236    18.1238     0.0003   4.746260   4.746500   0.000240    36.2070    36.2088     5.2405    26.1661    26.1675         13  0.000e+00
      68088 289.386331  -37.90480  -51.78374     -0.118    1502.92     44.578     44.240    18.1321    18.1331     0.0010    18.1244    18.1254     0.0010   4.746316   4.746645   0.000329    36.2068    36.2087     5.2400    26.1657    26.1670         13  0.000e+00
      68089 289.386331  -37.90480  -51.78374     -0.121    1502.92     44.522     44.184    18.1326    18.1335     0.0008    18.1249    18.1258     0.0008   4.746400   4.746777   0.000376    36.2070    36.2095     5.2394    26.1658    26.1675         13  0.000e+00
      68090 289.386332  -37.90480  -51.78374     -0.123    1502.92     44.522     44.184    18.1329    18.1336     0.0007    18.1252    18.1259     0.0007   4.746449   4.746804   0.000355    36.2072    36.2096     5.2388    26.1659    26.1676         13  0.000e+00
      68091 289.386332  -37.90480  -51.78374     -0.122    1502.92     44.578     44.240    18.1330    18.1340     0.0010    18.1252    18.1262     0.0010   4.746456   4.746832   0.000375    36.2072    36.2095     5.2420    26.1659    26.1674         13  0.000e+00
      68092 289.386332  -37.90480  -51.78374     -0.130    1502.92     44.458     44.121    18.1327    18.1336     0.0009    18.1250    18.1259     0.0009   4.746393   4.746430   0.000037    36.2069    36.2065     5.2383    26.1657    26.1651         13  0.000e+00
      68093 289.386333  -37.90480  -51.78374     -0.131    1502.92     44.522     44.185    18.1326    18.1322    -0.0004    18.1249    18.1245    -0.0004   4.746442   4.746437  -0.000005    36.2074    36.2077     5.2381    26.1661    26.1664         13  0.000e+00
      68094 289.386333  -37.90480  -51.78374     -0.131    1502.92     44.522     44.185    18.1329    18.1319    -0.0010    18.1252    18.1242    -0.0010   4.746456   4.746486   0.000029    36.2073    36.2084     5.2415    26.1660    26.1670         13  0.000e+00
      68095 289.386334  -37.90480  -51.78374     -0.137    1502.92     44.458     44.121    18.1328    18.1310    -0.0018    18.1251    18.1233    -0.0018   4.746456   4.746361  -0.000095    36.2074    36.2081     5.2415    26.1660    26.1671         13  0.000e+00
      68096 289.386334  -37.90480  -51.78374     -0.138    1502.92     44.482     44.145    18.1324    18.1310    -0.0013    18.1247    18.1233    -0.0013   4.746400   4.746444   0.000044    36.2073    36.2089     5.2416    26.1661    26.1676         13  0.000e+00
      68097 289.386335  -37.90480  -51.78374     -0.137    1502.92     44.522     44.185    18.1321    18.1317    -0.0004    18.1244    18.1240    -0.0004   4.746288   4.746610   0.000322    36.2065    36.2096     5.2416    26.1656    26.1680         13  0.000e+00
      68098 289.386335  -37.90480  -51.78374     -0.141    1502.92     44.458     44.121    18.1324    18.1322    -0.0001    18.1247    18.1245    -0.0001   4.746197   4.746645   0.000448    36.2056    36.2095     5.2416    26.1647    26.1678         13  0.000e+00
      68099 289.386336  -37.90480  -51.78374     -0.137    1502.92     44.522     44.185    18.1328    18.1333     0.0005    18.1251    18.1256     0.0005   4.746330   4.746790   0.000460    36.2063    36.2098     5.2452    26.1652    26.1678         13  0.000e+00
      68100 289.386336  -37.90480  -51.78374     -0.141    1502.92     44.458     44.121    18.1324    18.1355     0.0031    18.1247    18.1278     0.0031   4.746379   4.747081   0.000702    36.2071    36.2103     5.2420    26.1659    26.1676         13  0.000e+00
      68101 289.386337  -37.90480  -51.78374     -0.140    1502.92     44.458     44.121    18.1328    18.1365     0.0037    18.1251    18.1288     0.0037   4.746435   4.747233   0.000798    36.2072    36.2107     5.2422    26.1659    26.1677         13  0.000e+00
      68102 289.386337  -37.90480  -51.78374     -0.139    1502.92     44.458     44.121    18.1331    18.1371     0.0040    18.1254    18.1294     0.0040   4.746456   4.747247   0.000791    36.2072    36.2104     5.2460    26.1658    26.1673         13  0.000e+00
      68103 289.386338  -37.90480  -51.78374     -0.141    1502.92     44.458     44.121    18.1330    18.1365     0.0036    18.1253    18.1288     0.0036   4.746372   4.747095   0.000723    36.2065    36.2096     5.2465    26.1653    26.1668         13  0.000e+00
