Pos-Processados/process_op42/operantar42_036.cnv
* Sea-Bird SBE 9 Data File:
* FileName = C:\Users\Hidrografia\Desktop\OPXLII\Brutos\OP42036.hdr
* Software Version Seasave V 7.26.7.107
* Temperature SN = 6502
* Conductivity SN = 4998
* Number of Bytes Per Scan = 37
* Number of Voltage Words = 4
* Number of Scans Averaged by the Deck Unit = 1
* NMEA Latitude = 62 08.52 S
* NMEA Longitude = 058 26.36 W
* NMEA UTC (Time) = Nov 09 2023 11:10:29
* NMEA baud rate = 4800
** H41
** NPOALTEMAXIMIANO
** NUMERO DA ESTACAO (XXX) 036
** LAT (XX XX.XX S/N) 62 08.14 S
** LONG (XXX XX.XX W/E) 058 26.57 W
** DATAHORA (dd/mm/aaaa hh:mm Z) 09/11/2023 1105Z
** PROFUNDIDADE (m) 416
** OPERADOR 1T ZAMITH
# nquan = 30
# nvalues = 696                         
# units = specified
# name 0 = scan: Scan Count
# name 1 = timeJ: Julian Days
# name 2 = latitude: Latitude [deg]
# name 3 = longitude: Longitude [deg]
# name 4 = dz/dtM: Descent Rate [m/s]
# name 5 = avgsvCM: Average Sound Velocity [Chen-Millero, m/s]
# name 6 = prDM: Pressure, Digiquartz [db]
# name 7 = depSM: Depth [salt water, m]
# name 8 = t090C: Temperature [ITS-90, deg C]
# name 9 = t190C: Temperature, 2 [ITS-90, deg C]
# name 10 = T2-T190C: Temperature Difference, 2 - 1 [ITS-90, deg C]
# name 11 = potemp090C: Potential Temperature [ITS-90, deg C]
# name 12 = potemp190C: Potential Temperature, 2 [ITS-90, deg C]
# name 13 = potemp90Cdiff: Potential Temperature, Diff, 2 - 1 [ITS-90, deg C]
# name 14 = c0S/m: Conductivity [S/m]
# name 15 = c1S/m: Conductivity, 2 [S/m]
# name 16 = C2-C1S/m: Conductivity Difference, 2 - 1 [S/m]
# name 17 = sal00: Salinity, Practical [PSU]
# name 18 = sal11: Salinity, Practical, 2 [PSU]
# name 19 = sbeox0ML/L: Oxygen, SBE 43 [ml/l]
# name 20 = sigma-é00: Density [sigma-theta, kg/m^3]
# name 21 = sigma-é11: Density, 2 [sigma-theta, kg/m^3]
# name 22 = sal00: Salinity, Practical [PSU]
# name 23 = sigma-é00: Density [sigma-theta, kg/m^3]
# name 24 = svCM: Sound Velocity [Chen-Millero, m/s]
# name 25 = svCM1: Sound Velocity, 2 [Chen-Millero, m/s]
# name 26 = gsw_ptA0: potential temperature [ITS-90, deg C]
# name 27 = gsw_densityA0: density, TEOS-10 [density, kg/m^3]
# name 28 = gsw_saA0: Absolute Salinity [g/kg]
# name 29 = flag:
# span 0 =       3210,      22626       
# span 1 = 313.467161, 313.476524       
# span 2 =  -62.14632,  -62.14268       
# span 3 =  -58.43898,  -58.43496       
# span 4 =     -1.398,      1.157       
# span 5 = -2.109e-32,    1449.04       
# span 6 =      6.000,    354.000       
# span 7 =      5.955,    350.276       
# span 8 =    -0.8297,    -0.4891       
# span 9 =    -0.8286,    -0.4795       
# span 10 =    -0.0208,     0.0251      
# span 11 =    -0.8355,    -0.5011      
# span 12 =    -0.8345,    -0.4915      
# span 13 =    -0.0207,     0.0250      
# span 14 =   2.790549,   2.834198      
# span 15 =   2.790510,   2.834721      
# span 16 =  -0.001224,   0.002274      
# span 17 =    30.1799,    34.4126      
# span 18 =    34.2798,    34.4100      
# span 19 =     6.6245,     7.7550      
# span 20 =    24.2565,    27.6565      
# span 21 =    27.5533,    27.6539      
# span 22 =    34.2810,    34.4123      
# span 23 =    27.5539,    27.6562      
# span 24 =    1445.70,    1451.85      
# span 25 =    1445.72,    1451.89      
# span 26 =    -0.8354,    -0.5009      
# span 27 =  1027.5871,  1029.3496      
# span 28 =    34.4448,    34.5816      
# span 29 = 0.0000e+00, 0.0000e+00      
# interval = decibars: 1                
# start_time = Nov 09 2023 11:10:29 [NMEA time, header]
# bad_flag = -9.990e-29
*END*
[from data line 629]
      20762 313.475626  -62.14600  -58.43542     -0.914    1447.90     72.000     71.297    -0.5800    -0.5797     0.0003    -0.5821    -0.5819     0.0003   2.804148   2.804083  -0.000079    34.2831    34.2817     7.6028    27.5553    27.5542    34.2837    27.5558    1446.66    1446.66    -0.5821  1027.9049    34.4494 0.0000e+00
      20791 313.475639  -62.14600  -58.43542     -0.845    1447.90     71.000     70.307    -0.5796    -0.5790     0.0005    -0.5817    -0.5812     0.0005   2.804115   2.804093  -0.000024    34.2828    34.2818     7.6064    27.5550    27.5542    34.2834    27.5555    1446.65    1446.65    -0.5817  1027.8999    34.4491 0.0000e+00
      20818 313.475652  -62.14600  -58.43542     -0.860    1447.90     70.000     69.317    -0.5779    -0.5778     0.0001    -0.5800    -0.5799     0.0001   2.804231   2.804148  -0.000089    34.2829    34.2817     7.6049    27.5550    27.5541    34.2836    27.5556    1446.64    1446.64    -0.5800  1027.8938    34.4476 0.0000e+00
      20843 313.475665 -9.990e-29 -9.990e-29     -0.930    1447.90     69.000     68.326    -0.5761    -0.5755     0.0005    -0.5781    -0.5776     0.0005   2.804365   2.804291  -0.000070    34.2833    34.2818     7.6077    27.5553    27.5540    34.2840    27.5558    1446.63    1446.63    -0.5781  1027.8880    34.4465 0.0000e+00
      20868 313.475676 -9.990e-29 -9.990e-29     -0.971    1447.90     68.000     67.337    -0.5757    -0.5745     0.0013    -0.5778    -0.5765     0.0013   2.804353   2.804321  -0.000046    34.2838    34.2817     7.6129    27.5557    27.5539    34.2841    27.5559    1446.62    1446.62    -0.5777  1027.8833    34.4466 0.0000e+00
      20894 313.475689 -9.990e-29 -9.990e-29     -0.948    1447.90     67.000     66.347    -0.5777    -0.5759     0.0019    -0.5797    -0.5779     0.0019   2.804100   2.804138   0.000035    34.2835    34.2818     7.5989    27.5555    27.5541    34.2836    27.5556    1446.59    1446.60    -0.5797  1027.8782    34.4461 0.0000e+00
      20922 313.475703  -62.14602  -58.43539     -0.863    1447.90     66.000     65.357    -0.5787    -0.5778     0.0009    -0.5807    -0.5798     0.0009   2.803980   2.803963  -0.000018    34.2833    34.2820     7.5979    27.5554    27.5543    34.2836    27.5557    1446.57    1446.57    -0.5806  1027.8753    34.4484 0.0000e+00
      20952 313.475717  -62.14603  -58.43538     -0.798    1447.90     65.000     64.366    -0.5735    -0.5747    -0.0011    -0.5755    -0.5766    -0.0011   2.804392   2.804176  -0.000183    34.2829    34.2818     7.6050    27.5549    27.5540    34.2840    27.5557    1446.58    1446.57    -0.5754  1027.8714    34.4497 0.0000e+00
      20979 313.475730  -62.14604  -58.43538     -0.859    1447.90     64.000     63.376    -0.5644    -0.5686    -0.0042    -0.5663    -0.5706    -0.0042   2.805136   2.804641  -0.000493    34.2834    34.2815     7.6175    27.5548    27.5535    34.2843    27.5556    1446.60    1446.58    -0.5663  1027.8664    34.4500 0.0000e+00
      21002 313.475741  -62.14604  -58.43536     -0.981    1447.90     63.000     62.386    -0.5622    -0.5632    -0.0010    -0.5641    -0.5651    -0.0010   2.805284   2.805070  -0.000237    34.2837    34.2816     7.6238    27.5550    27.5533    34.2844    27.5556    1446.60    1446.59    -0.5641  1027.8616    34.4501 0.0000e+00
      21023 313.475751  -62.14604  -58.43536     -1.088    1447.90     62.000     61.396    -0.5654    -0.5617     0.0037    -0.5673    -0.5636     0.0037   2.804862   2.805129   0.000214    34.2832    34.2820     7.6173    27.5548    27.5536    34.2830    27.5545    1446.57    1446.58    -0.5672  1027.8558    34.4487 0.0000e+00
      21045 313.475762  -62.14604  -58.43535     -1.109    1447.90     61.000     60.406    -0.5708    -0.5650     0.0058    -0.5727    -0.5669     0.0058   2.804451   2.804804   0.000336    34.2843    34.2823     7.6201    27.5559    27.5540    34.2842    27.5557    1446.53    1446.55    -0.5726  1027.8522    34.4498 0.0000e+00
      21071 313.475775  -62.14605  -58.43534     -0.999    1447.90     60.000     59.416    -0.5717    -0.5693     0.0023    -0.5735    -0.5712     0.0023   2.804365   2.804407   0.000070    34.2842    34.2825     7.6225    27.5558    27.5543    34.2846    27.5561    1446.51    1446.52    -0.5735  1027.8478    34.4503 0.0000e+00
      21101 313.475789  -62.14606  -58.43534     -0.823    1447.90     59.000     58.426    -0.5671    -0.5679    -0.0008    -0.5688    -0.5697    -0.0008   2.804652   2.804477  -0.000157    34.2833    34.2821     7.6286    27.5548    27.5539    34.2839    27.5553    1446.51    1446.51    -0.5688  1027.8422    34.4495 0.0000e+00
      21130 313.475803  -62.14606  -58.43532     -0.809    1447.90     58.000     57.435    -0.5628    -0.5637    -0.0009    -0.5646    -0.5655    -0.0009   2.804963   2.804798  -0.000184    34.2836    34.2821     7.6187    27.5549    27.5538    34.2839    27.5551    1446.51    1446.51    -0.5645  1027.8373    34.4495 0.0000e+00
      21153 313.475814  -62.14606  -58.43532     -0.940    1447.90     57.000     56.445    -0.5636    -0.5630     0.0006    -0.5653    -0.5647     0.0006   2.804887   2.804792  -0.000101    34.2843    34.2822     7.6155    27.5555    27.5538    34.2844    27.5556    1446.50    1446.50    -0.5653  1027.8329    34.4500 0.0000e+00
      21174 313.475824  -62.14608  -58.43532     -1.079    1447.90     56.000     55.455    -0.5658    -0.5634     0.0024    -0.5675    -0.5651     0.0024   2.804551   2.804712   0.000140    34.2831    34.2823     7.6197    27.5547    27.5539    34.2830    27.5545    1446.47    1446.48    -0.5675  1027.8271    34.4486 0.0000e+00
      21196 313.475835  -62.14608  -58.43532     -1.120    1447.90     55.000     54.465    -0.5645    -0.5646    -0.0001    -0.5662    -0.5663    -0.0001   2.804739   2.804585  -0.000113    34.2839    34.2825     7.6143    27.5552    27.5541    34.2846    27.5558    1446.46    1446.46    -0.5661  1027.8236    34.4502 0.0000e+00
      21224 313.475848  -62.14608  -58.43530     -0.951    1447.90     54.000     53.475    -0.5616    -0.5642    -0.0027    -0.5632    -0.5659    -0.0027   2.804886   2.804562  -0.000320    34.2838    34.2825     7.6157    27.5550    27.5541    34.2839    27.5551    1446.46    1446.44    -0.5632  1027.8181    34.4495 0.0000e+00
      21259 313.475865  -62.14608  -58.43530     -0.703    1447.90     53.000     52.485    -0.5617    -0.5626    -0.0009    -0.5633    -0.5642    -0.0009   2.804863   2.804674  -0.000198    34.2840    34.2824     7.6099    27.5552    27.5539    34.2843    27.5554    1446.44    1446.43    -0.5632  1027.8136    34.4499 0.0000e+00
      21287 313.475879  -62.14609  -58.43529     -0.778    1447.90     52.000     51.495    -0.5610    -0.5600     0.0009    -0.5626    -0.5616     0.0009   2.804865   2.804827  -0.000056    34.2843    34.2824     7.6161    27.5554    27.5539    34.2842    27.5553    1446.43    1446.43    -0.5625  1027.8087    34.4498 0.0000e+00
      21308 313.475889  -62.14610  -58.43528     -0.992    1447.90     51.000     50.504    -0.5631    -0.5610     0.0021    -0.5646    -0.5625     0.0021   2.804598   2.804684   0.000099    34.2835    34.2825     7.6242    27.5548    27.5539    34.2836    27.5549    1446.40    1446.41    -0.5646  1027.8035    34.4492 0.0000e+00
      21327 313.475898  -62.14610  -58.43528     -1.165    1447.90     50.000     49.514    -0.5638    -0.5632     0.0006    -0.5653    -0.5647     0.0006   2.804540   2.804466  -0.000072    34.2843    34.2826     7.6272    27.5555    27.5542    34.2842    27.5554    1446.38    1446.38    -0.5653  1027.7993    34.4498 0.0000e+00
      21348 313.475908  -62.14610  -58.43528     -1.206    1447.90     49.000     48.524    -0.5640    -0.5635     0.0005    -0.5655    -0.5650     0.0005   2.804452   2.804416  -0.000045    34.2839    34.2827     7.6278    27.5552    27.5542    34.2839    27.5552    1446.36    1446.36    -0.5654  1027.7943    34.4495 0.0000e+00
      21377 313.475922  -62.14611  -58.43526     -0.962    1447.90     48.000     47.534    -0.5631    -0.5629     0.0002    -0.5645    -0.5643     0.0002   2.804513   2.804424  -0.000082    34.2841    34.2828     7.6126    27.5553    27.5542    34.2843    27.5555    1446.35    1446.35    -0.5645  1027.7897    34.4498 0.0000e+00
      21416 313.475941  -62.14612  -58.43526     -0.614    1447.90     47.000     46.544    -0.5616    -0.5617    -0.0001    -0.5630    -0.5631    -0.0001   2.804578   2.804476  -0.000102    34.2840    34.2827     7.6085    27.5551    27.5541    34.2841    27.5553    1446.34    1446.34    -0.5630  1027.7847    34.4497 0.0000e+00
      21448 313.475956  -62.14612  -58.43524     -0.696    1447.90     46.000     45.554    -0.5603    -0.5602     0.0001    -0.5617    -0.5616     0.0001   2.804672   2.804540  -0.000136    34.2845    34.2825     7.6213    27.5555    27.5540    34.2845    27.5556    1446.33    1446.33    -0.5617  1027.7802    34.4501 0.0000e+00
      21470 313.475967  -62.14612  -58.43524     -0.926    1447.90     45.000     44.563    -0.5605    -0.5591     0.0014    -0.5618    -0.5604     0.0014   2.804548   2.804589   0.000024    34.2838    34.2825     7.6215    27.5550    27.5539    34.2837    27.5549    1446.32    1446.32    -0.5618  1027.7747    34.4492 0.0000e+00
      21492 313.475977  -62.14612  -58.43524     -1.089    1447.90     44.000     43.573    -0.5613    -0.5605     0.0009    -0.5626    -0.5618     0.0009   2.804478   2.804422  -0.000039    34.2842    34.2827     7.6154    27.5553    27.5541    34.2843    27.5554    1446.30    1446.30    -0.5626  1027.7705    34.4498 0.0000e+00
      21516 313.475989  -62.14613  -58.43522     -1.077    1447.90     43.000     42.586    -0.5612    -0.5609     0.0003    -0.5625    -0.5622     0.0003   2.804471   2.804365  -0.000111    34.2847    34.2829     7.6250    27.5557    27.5542    34.2846    27.5557    1446.28    1446.28    -0.5624  1027.7660    34.4501 0.0000e+00
      21552 313.476006  -62.14614  -58.43522     -0.734    1447.90     42.000     41.592    -0.5610    -0.5607     0.0003    -0.5622    -0.5619     0.0003   2.804376   2.804343  -0.000023    34.2836    34.2829     7.6332    27.5548    27.5543    34.2838    27.5550    1446.27    1446.26    -0.5622  1027.7605    34.4493 0.0000e+00
      21595 313.476027  -62.14614  -58.43522     -0.532    1447.90     41.000     40.603    -0.5574    -0.5573     0.0001    -0.5587    -0.5586     0.0001   2.804689   2.804579  -0.000117    34.2844    34.2827     7.6391    27.5553    27.5539    34.2846    27.5555    1446.27    1446.26    -0.5586  1027.7562    34.4501 0.0000e+00
      21626 313.476042  -62.14614  -58.43520     -0.708    1447.90     40.000     39.612    -0.5549    -0.5547     0.0002    -0.5561    -0.5559     0.0002   2.804864   2.804746  -0.000118    34.2845    34.2827     7.6261    27.5553    27.5538    34.2847    27.5555    1446.26    1446.26    -0.5561  1027.7514    34.4502 0.0000e+00
      21649 313.476053  -62.14616  -58.43520     -0.928    1447.90     39.000     38.622    -0.5546    -0.5540     0.0006    -0.5558    -0.5552     0.0006   2.804783   2.804770  -0.000015    34.2837    34.2829     7.6187    27.5546    27.5539    34.2839    27.5548    1446.25    1446.25    -0.5557  1027.7459    34.4494 0.0000e+00
      21673 313.476065  -62.14616  -58.43518     -1.021    1447.90     38.000     37.632    -0.5545    -0.5538     0.0007    -0.5557    -0.5550     0.0007   2.804810   2.804743  -0.000071    34.2847    34.2830     7.6217    27.5554    27.5540    34.2848    27.5555    1446.23    1446.23    -0.5556  1027.7418    34.4502 0.0000e+00
      21702 313.476079  -62.14616  -58.43518     -0.903    1447.90     37.000     36.642    -0.5548    -0.5544     0.0004    -0.5559    -0.5555     0.0004   2.804724   2.804659  -0.000062    34.2845    34.2832     7.6375    27.5553    27.5542    34.2846    27.5554    1446.21    1446.21    -0.5559  1027.7369    34.4500 0.0000e+00
      21741 313.476098  -62.14617  -58.43518     -0.637    1447.90     36.000     35.651    -0.5550    -0.5544     0.0006    -0.5560    -0.5554     0.0006   2.804645   2.804612  -0.000034    34.2842    34.2831     7.6471    27.5551    27.5541    34.2843    27.5551    1446.20    1446.20    -0.5560  1027.7319    34.4497 0.0000e+00
      21778 313.476115  -62.14618  -58.43516     -0.618    1447.90     35.000     34.661    -0.5552    -0.5542     0.0010    -0.5562    -0.5552     0.0010   2.804580   2.804564  -0.000021    34.2843    34.2829     7.6306    27.5551    27.5540    34.2843    27.5551    1446.18    1446.18    -0.5562  1027.7271    34.4497 0.0000e+00
      21806 313.476129  -62.14618  -58.43515     -0.801    1447.90     34.000     33.671    -0.5549    -0.5542     0.0007    -0.5559    -0.5552     0.0007   2.804567   2.804524  -0.000034    34.2843    34.2830     7.6222    27.5551    27.5541    34.2845    27.5552    1446.16    1446.16    -0.5559  1027.7224    34.4498 0.0000e+00
      21832 313.476142  -62.14618  -58.43514     -0.901    1447.90     33.000     32.681    -0.5548    -0.5541     0.0007    -0.5558    -0.5551     0.0007   2.804528   2.804484  -0.000050    34.2844    34.2830     7.6312    27.5552    27.5540    34.2844    27.5552    1446.15    1446.15    -0.5558  1027.7175    34.4498 0.0000e+00
      21862 313.476156  -62.14619  -58.43514     -0.840    1447.90     32.000     31.691    -0.5549    -0.5543     0.0007    -0.5559    -0.5552     0.0007   2.804456   2.804432  -0.000020    34.2842    34.2831     7.6384    27.5550    27.5541    34.2842    27.5551    1446.13    1446.13    -0.5558  1027.7126    34.4496 0.0000e+00
      21899 313.476174  -62.14620  -58.43514     -0.665    1447.90     31.000     30.700    -0.5549    -0.5543     0.0006    -0.5558    -0.5552     0.0006   2.804433   2.804387  -0.000050    34.2846    34.2832     7.6300    27.5553    27.5542    34.2845    27.5553    1446.12    1446.12    -0.5558  1027.7080    34.4498 0.0000e+00
      21933 313.476190 -9.990e-29  -58.43513     -0.684    1447.90     30.000     29.710    -0.5548    -0.5540     0.0008    -0.5557    -0.5549     0.0008   2.804361   2.804361   0.000003    34.2840    34.2831     7.6310    27.5548    27.5541    34.2840    27.5549    1446.10    1446.10    -0.5557  1027.6999    34.4457 0.0000e+00
      21961 313.476204 -9.990e-29  -58.43512     -0.820    1447.90     29.000     28.720    -0.5546    -0.5539     0.0007    -0.5555    -0.5548     0.0007   2.804377   2.804315  -0.000063    34.2847    34.2830     7.6287    27.5554    27.5540    34.2847    27.5554    1446.08    1446.09    -0.5555  1027.6957    34.4464 0.0000e+00
      21987 313.476216 -9.990e-29  -58.43510     -0.894    1447.90     28.000     27.730    -0.5547    -0.5540     0.0007    -0.5556    -0.5548     0.0007   2.804283   2.804270  -0.000017    34.2842    34.2831     7.6419    27.5550    27.5541    34.2841    27.5550    1446.07    1446.07    -0.5555  1027.6904    34.4458 0.0000e+00
      22017 313.476231  -62.14622  -58.43510     -0.845    1447.90     27.000     26.739    -0.5547    -0.5540     0.0007    -0.5555    -0.5548     0.0007   2.804229   2.804220  -0.000008    34.2840    34.2831     7.6390    27.5548    27.5541    34.2840    27.5549    1446.05    1446.05    -0.5555  1027.6871    34.4476 0.0000e+00
      22050 313.476246  -62.14622  -58.43510     -0.746    1447.90     26.000     25.749    -0.5546    -0.5539     0.0008    -0.5554    -0.5546     0.0008   2.804245   2.804188  -0.000051    34.2847    34.2831     7.6296    27.5554    27.5541    34.2848    27.5555    1446.04    1446.04    -0.5554  1027.6843    34.4500 0.0000e+00
