Pos-Processados/process_op42/operantar42_009.ros
* Sea-Bird SBE 9 Data File:
* FileName = C:\Users\Hidrografia\Desktop\OPXLII\Brutos\OP42009.hdr
* Software Version Seasave V 7.26.7.107
* Temperature SN = 6502
* Conductivity SN = 4998
* Number of Bytes Per Scan = 31
* Number of Voltage Words = 2
* Number of Scans Averaged by the Deck Unit = 1
* NMEA Latitude = 43 19.24 S
* NMEA Longitude = 055 32.42 W
* NMEA UTC (Time) = Oct 18 2023 16:32:08
* NMEA baud rate = 4800
** H41
** NPOALTEMAXIMIANO
** NUMERO DA ESTACAO (XXX) 009
** LAT (XX XX.XX S/N) 43 19.058 S
** LONG (XXX XX.XX W/E) 055 32.32 W
** DATAHORA (dd/mm/aaaa hh:mm Z) 18/10/2023 1631Z
** PROFUNDIDADE (m) 5145
** OPERADOR CT FABIREZA
# nquan = 24
# nvalues = 3657                                  
# units = specified
# name 0 = scan: Scan Count
# name 1 = timeJ: Julian Days
# name 2 = latitude: Latitude [deg]
# name 3 = longitude: Longitude [deg]
# name 4 = dz/dtM: Descent Rate [m/s]
# name 5 = avgsvCM: Average Sound Velocity [Chen-Millero, m/s]
# name 6 = prDM: Pressure, Digiquartz [db]
# name 7 = depSM: Depth [salt water, m]
# name 8 = t090C: Temperature [ITS-90, deg C]
# name 9 = t190C: Temperature, 2 [ITS-90, deg C]
# name 10 = T2-T190C: Temperature Difference, 2 - 1 [ITS-90, deg C]
# name 11 = potemp090C: Potential Temperature [ITS-90, deg C]
# name 12 = potemp190C: Potential Temperature, 2 [ITS-90, deg C]
# name 13 = potemp90Cdiff: Potential Temperature, Diff, 2 - 1 [ITS-90, deg C]
# name 14 = c0S/m: Conductivity [S/m]
# name 15 = c1S/m: Conductivity, 2 [S/m]
# name 16 = C2-C1S/m: Conductivity Difference, 2 - 1 [S/m]
# name 17 = sal00: Salinity, Practical [PSU]
# name 18 = sal11: Salinity, Practical, 2 [PSU]
# name 19 = sbeox0ML/L: Oxygen, SBE 43 [ml/l]
# name 20 = sigma-é00: Density [sigma-theta, kg/m^3]
# name 21 = sigma-é11: Density, 2 [sigma-theta, kg/m^3]
# name 22 = nbf: Bottles Fired
# name 23 = flag:  0.000e+00
# interval = seconds: 0.0416667
# start_time = Oct 18 2023 16:32:08 [NMEA time, header]
# bad_flag = -9.990e-29
*END*
[from data line 2717]
      65228 291.720437  -43.32954  -55.54532     -0.018    1481.75     40.515     40.189    12.6016    12.6033     0.0017    12.5961    12.5978     0.0017   4.080801   4.080997   0.000197    35.2032    35.2035     5.8644    26.6310    26.6309         17  0.000e+00
      65229 291.720438  -43.32954  -55.54532     -0.014    1481.75     40.515     40.189    12.6013    12.6031     0.0017    12.5959    12.5976     0.0017   4.080807   4.080984   0.000177    35.2035    35.2036     5.8594    26.6312    26.6309         17  0.000e+00
      65230 291.720438  -43.32954  -55.54532     -0.015    1481.75     40.515     40.189    12.6012    12.6031     0.0019    12.5958    12.5976     0.0019   4.080596   4.080952   0.000356    35.2016    35.2033     5.8626    26.6298    26.6307         17  0.000e+00
      65231 291.720439  -43.32954  -55.54532     -0.007    1481.75     40.580     40.253    12.6016    12.6027     0.0012    12.5961    12.5973     0.0012   4.080563   4.080965   0.000402    35.2009    35.2037     5.8619    26.6292    26.6311         17  0.000e+00
      65232 291.720439  -43.32954  -55.54532     -0.005    1481.75     40.540     40.213    12.6012    12.6029     0.0017    12.5958    12.5975     0.0017   4.080735   4.080919   0.000185    35.2029    35.2031     5.8611    26.6308    26.6306         17  0.000e+00
      65233 291.720440  -43.32954  -55.54532     -0.005    1481.75     40.515     40.189    12.6016    12.6026     0.0010    12.5961    12.5972     0.0010   4.080847   4.080958   0.000112    35.2036    35.2038     5.8562    26.6313    26.6312         17  0.000e+00
      65234 291.720440  -43.32954  -55.54532      0.002    1481.75     40.580     40.253    12.6013    12.6027     0.0014    12.5959    12.5973     0.0014   4.080695   4.080919   0.000224    35.2024    35.2032     5.8595    26.6304    26.6307         17  0.000e+00
      65235 291.720441  -43.32954  -55.54532      0.002    1481.75     40.515     40.189    12.6012    12.6026     0.0014    12.5958    12.5972     0.0014   4.080537   4.080906   0.000370    35.2010    35.2033     5.8594    26.6293    26.6308         17  0.000e+00
      65236 291.720441  -43.32954  -55.54532      0.009    1481.75     40.580     40.253    12.6014    12.6027     0.0013    12.5959    12.5973     0.0013   4.080603   4.080906   0.000304    35.2014    35.2031     5.8593    26.6296    26.6307         17  0.000e+00
      65237 291.720442  -43.32954  -55.54532      0.011    1481.75     40.540     40.213    12.6013    12.6027     0.0014    12.5959    12.5973     0.0014   4.080774   4.080848   0.000074    35.2032    35.2026     5.8592    26.6310    26.6302         17  0.000e+00
      65238 291.720442  -43.32954  -55.54532      0.011    1481.75     40.580     40.253    12.6012    12.6026     0.0014    12.5958    12.5971     0.0014   4.080801   4.080861   0.000060    35.2035    35.2028     5.8546    26.6313    26.6304         17  0.000e+00
      65239 291.720443  -43.32954  -55.54532      0.018    1481.75     40.580     40.253    12.6014    12.6023     0.0009    12.5959    12.5968     0.0009   4.080596   4.080874   0.000278    35.2014    35.2032     5.8539    26.6296    26.6309         17  0.000e+00
      65240 291.720443  -43.32954  -55.54532      0.021    1481.75     40.580     40.253    12.6013    12.6024     0.0011    12.5959    12.5969     0.0011   4.080510   4.080874   0.000364    35.2006    35.2031     5.8536    26.6290    26.6307         17  0.000e+00
      65241 291.720444  -43.32954  -55.54532      0.024    1481.75     40.580     40.253    12.6012    12.6023     0.0010    12.5958    12.5968     0.0010   4.080689   4.080841   0.000153    35.2024    35.2029     5.8534    26.6304    26.6306         17  0.000e+00
      65242 291.720444  -43.32954  -55.54532      0.026    1481.75     40.540     40.213    12.6013    12.6027     0.0014    12.5959    12.5973     0.0014   4.080807   4.080861   0.000054    35.2035    35.2027     5.8531    26.6312    26.6303         17  0.000e+00
      65243 291.720445  -43.32954  -55.54532      0.032    1481.75     40.636     40.309    12.6012    12.6023     0.0010    12.5958    12.5968     0.0010   4.080741   4.080874   0.000133    35.2029    35.2032     5.8531    26.6308    26.6308         17  0.000e+00
      65244 291.720445  -43.32954  -55.54532      0.039    1481.75     40.580     40.253    12.6012    12.6023     0.0010    12.5958    12.5968     0.0010   4.080576   4.080841   0.000265    35.2013    35.2029     5.8531    26.6296    26.6306         17  0.000e+00
      65245 291.720446  -43.32954  -55.54532      0.044    1481.75     40.636     40.309    12.6012    12.6026     0.0014    12.5958    12.5971     0.0014   4.080616   4.080835   0.000219    35.2017    35.2025     5.8532    26.6299    26.6302         17  0.000e+00
      65246 291.720446  -43.32954  -55.54532      0.043    1481.75     40.580     40.253    12.6011    12.6024     0.0013    12.5956    12.5969     0.0013   4.080774   4.080835   0.000061    35.2034    35.2027     5.8532    26.6312    26.6304         17  0.000e+00
      65247 291.720447  -43.32954  -55.54532      0.048    1481.75     40.596     40.269    12.6012    12.6023     0.0010    12.5958    12.5968     0.0010   4.080820   4.080861   0.000040    35.2037    35.2031     5.8533    26.6314    26.6308         17  0.000e+00
      65248 291.720447  -43.32954  -55.54532      0.056    1481.75     40.693     40.365    12.6013    12.6021     0.0007    12.5959    12.5966     0.0007   4.080662   4.080841   0.000179    35.2020    35.2031     5.8537    26.6301    26.6308         17  0.000e+00
      65249 291.720448  -43.32954  -55.54532      0.057    1481.75     40.580     40.253    12.6011    12.6023     0.0012    12.5956    12.5968     0.0012   4.080530   4.080835   0.000305    35.2010    35.2029     5.8540    26.6294    26.6306         17  0.000e+00
      65250 291.720448  -43.32954  -55.54532      0.062    1481.75     40.636     40.309    12.6012    12.6019     0.0007    12.5958    12.5965     0.0007   4.080583   4.080809   0.000226    35.2014    35.2029     5.8539    26.6296    26.6307         17  0.000e+00
      65251 291.720448  -43.32954  -55.54532      0.060    1481.75     40.596     40.269    12.6010    12.6021     0.0010    12.5956    12.5966     0.0010   4.080794   4.080822   0.000028    35.2036    35.2029     5.8542    26.6314    26.6306         17  0.000e+00
      65252 291.720449  -43.32954  -55.54532      0.069    1481.75     40.693     40.365    12.6012    12.6019     0.0007    12.5958    12.5965     0.0007   4.080755   4.080776   0.000022    35.2030    35.2026     5.8544    26.6309    26.6304         17  0.000e+00
      65253 291.720449  -43.32954  -55.54532      0.072    1481.75     40.636     40.309    12.6010    12.6019     0.0009    12.5956    12.5965     0.0009   4.080557   4.080815   0.000259    35.2013    35.2030     5.8545    26.6296    26.6307         17  0.000e+00
      65254 291.720450  -43.32954  -55.54532      0.075    1481.75     40.636     40.309    12.6011    12.6021     0.0010    12.5956    12.5966     0.0010   4.080524   4.080809   0.000285    35.2010    35.2028     5.8547    26.6293    26.6305         17  0.000e+00
      65255 291.720450  -43.32954  -55.54532      0.081    1481.75     40.693     40.365    12.6010    12.6017     0.0007    12.5956    12.5963     0.0007   4.080669   4.080770   0.000101    35.2024    35.2027     5.8553    26.6304    26.6305         17  0.000e+00
      65256 291.720451  -43.32954  -55.54532      0.081    1481.75     40.652     40.325    12.6008    12.6016     0.0007    12.5954    12.5961     0.0007   4.080794   4.080737  -0.000057    35.2038    35.2025     5.8555    26.6315    26.6304         17  0.000e+00
      65257 291.720451  -43.32954  -55.54532      0.088    1481.75     40.693     40.365    12.6006    12.6014     0.0008    12.5951    12.5959     0.0008   4.080689   4.080783   0.000094    35.2030    35.2031     5.8564    26.6310    26.6309         17  0.000e+00
      65258 291.720452  -43.32954  -55.54532      0.093    1481.75     40.693     40.365    12.6005    12.6014     0.0009    12.5950    12.5960     0.0009   4.080510   4.080770   0.000259    35.2013    35.2030     5.8573    26.6297    26.6308         17  0.000e+00
      65259 291.720452  -43.32954  -55.54532      0.097    1481.75     40.693     40.365    12.6004    12.6012     0.0008    12.5950    12.5958     0.0008   4.080550   4.080763   0.000213    35.2018    35.2031     5.8577    26.6301    26.6309         17  0.000e+00
      65260 291.720453  -43.32954  -55.54532      0.101    1481.75     40.693     40.365    12.6004    12.6012     0.0009    12.5949    12.5958     0.0009   4.080708   4.080763   0.000055    35.2034    35.2031     5.8624    26.6313    26.6309         17  0.000e+00
      65261 291.720453  -43.32954  -55.54532      0.104    1481.75     40.717     40.389    12.6004    12.6014     0.0010    12.5949    12.5959     0.0010   4.080755   4.080737  -0.000017    35.2038    35.2027     5.8637    26.6317    26.6306         17  0.000e+00
      65262 291.720454  -43.32954  -55.54532      0.111    1481.75     40.757     40.428    12.6004    12.6012     0.0008    12.5949    12.5958     0.0008   4.080590   4.080731   0.000141    35.2021    35.2027     5.8606    26.6304    26.6307         17  0.000e+00
      65263 291.720454  -43.32954  -55.54532      0.113    1481.75     40.693     40.365    12.6002    12.6012     0.0011    12.5947    12.5958     0.0011   4.080510   4.080731   0.000220    35.2016    35.2028     5.8608    26.6300    26.6307         17  0.000e+00
      65264 291.720455  -43.32954  -55.54532      0.115    1481.75     40.757     40.428    12.6002    12.6012     0.0011    12.5947    12.5958     0.0011   4.080557   4.080731   0.000174    35.2020    35.2027     5.8615    26.6303    26.6307         17  0.000e+00
      65265 291.720455  -43.32954  -55.54532      0.117    1481.75     40.693     40.365    12.6000    12.6014     0.0013    12.5946    12.5959     0.0013   4.080735   4.080731  -0.000004    35.2039    35.2026     5.8617    26.6318    26.6305         17  0.000e+00
      65266 291.720456  -43.32954  -55.54532      0.124    1481.75     40.773     40.444    12.5997    12.6016     0.0019    12.5942    12.5961     0.0019   4.080682   4.080731   0.000049    35.2037    35.2024     5.8622    26.6317    26.6303         17  0.000e+00
      65267 291.720456  -43.32954  -55.54532      0.128    1481.75     40.757     40.429    12.5999    12.6012     0.0013    12.5944    12.5958     0.0013   4.080484   4.080750   0.000266    35.2016    35.2029     5.8626    26.6301    26.6308         17  0.000e+00
      65268 291.720457  -43.32954  -55.54532      0.124    1481.75     40.693     40.365    12.6000    12.6014     0.0014    12.5945    12.5960     0.0014   4.080458   4.080737   0.000280    35.2013    35.2026     5.8672    26.6298    26.6306         17  0.000e+00
      65269 291.720457  -43.32954  -55.54532      0.134    1481.75     40.814     40.484    12.6004    12.6014     0.0010    12.5949    12.5959     0.0010   4.080649   4.080698   0.000049    35.2027    35.2023     5.8680    26.6308    26.6303         17  0.000e+00
      65270 291.720458  -43.32954  -55.54532      0.133    1481.75     40.757     40.429    12.6004    12.6016     0.0012    12.5949    12.5961     0.0012   4.080741   4.080770   0.000029    35.2036    35.2028     5.8645    26.6315    26.6306         17  0.000e+00
      65271 291.720458  -43.32954  -55.54532      0.137    1481.75     40.773     40.445    12.6005    12.6016     0.0011    12.5950    12.5961     0.0011   4.080590   4.080770   0.000180    35.2021    35.2028     5.8693    26.6303    26.6306         17  0.000e+00
      65272 291.720459  -43.32954  -55.54532      0.141    1481.75     40.814     40.484    12.6000    12.6016     0.0015    12.5946    12.5961     0.0015   4.080458   4.080763   0.000306    35.2012    35.2027     5.8703    26.6297    26.6306         17  0.000e+00
      65273 291.720459  -43.32954  -55.54532      0.141    1481.75     40.757     40.429    12.6002    12.6012     0.0011    12.5947    12.5958     0.0011   4.080510   4.080763   0.000253    35.2016    35.2030     5.8711    26.6300    26.6309         17  0.000e+00
      65274 291.720460  -43.32954  -55.54532      0.144    1481.75     40.814     40.484    12.6000    12.6009     0.0009    12.5945    12.5954     0.0009   4.080722   4.080685  -0.000036    35.2038    35.2026     5.8716    26.6317    26.6306         17  0.000e+00
      65275 291.720460  -43.32954  -55.54532      0.143    1481.75     40.757     40.429    12.6000    12.6008     0.0007    12.5946    12.5953     0.0007   4.080682   4.080711   0.000029    35.2034    35.2030     5.8721    26.6314    26.6310         17  0.000e+00
      65276 291.720461  -43.32954  -55.54532      0.148    1481.75     40.838     40.508    12.5993    12.6008     0.0014    12.5939    12.5953     0.0014   4.080458   4.080705   0.000247    35.2018    35.2029     5.8728    26.6303    26.6309         17  0.000e+00
      65277 291.720461  -43.32954  -55.54532      0.149    1481.75     40.814     40.484    12.5990    12.6006     0.0016    12.5935    12.5951     0.0016   4.080339   4.080666   0.000327    35.2010    35.2027     5.8734    26.6298    26.6308         17  0.000e+00
      65278 291.720462  -43.32954  -55.54532      0.146    1481.75     40.757     40.429    12.5986    12.6004     0.0019    12.5931    12.5950     0.0019   4.080484   4.080659   0.000175    35.2029    35.2028     5.8734    26.6313    26.6309         17  0.000e+00
      65279 291.720462  -43.32954  -55.54532      0.145    1481.75     40.814     40.485    12.5983    12.6006     0.0023    12.5928    12.5951     0.0022   4.080616   4.080659   0.000043    35.2043    35.2027     5.8739    26.6325    26.6307         17  0.000e+00
      65280 291.720462  -43.32954  -55.54532      0.152    1481.75     40.878     40.548    12.5984    12.6002     0.0019    12.5929    12.5947     0.0019   4.080458   4.080633   0.000176    35.2027    35.2027     5.8745    26.6312    26.6308         17  0.000e+00
      65281 291.720463  -43.32954  -55.54532      0.149    1481.75     40.773     40.445    12.5983    12.6002     0.0019    12.5928    12.5948     0.0019   4.080319   4.080594   0.000275    35.2015    35.2024     5.8750    26.6303    26.6306         17  0.000e+00
      65282 291.720463  -43.32954  -55.54532      0.147    1481.75     40.814     40.485    12.5985    12.6002     0.0017    12.5930    12.5948     0.0017   4.080372   4.080614   0.000242    35.2018    35.2025     5.8751    26.6305    26.6307         17  0.000e+00
      65283 291.720464  -43.32954  -55.54532      0.148    1481.75     40.814     40.485    12.5986    12.6002     0.0017    12.5931    12.5948     0.0017   4.080557   4.080646   0.000090    35.2035    35.2028     5.8797    26.6318    26.6309         17  0.000e+00
      65284 291.720464  -43.32954  -55.54532      0.144    1481.75     40.814     40.485    12.5983    12.6002     0.0019    12.5928    12.5948     0.0019   4.080557   4.080659   0.000103    35.2038    35.2030     5.8806    26.6320    26.6310         17  0.000e+00
      65285 291.720465  -43.32954  -55.54532      0.143    1481.75     40.814     40.485    12.5978    12.6006     0.0028    12.5923    12.5951     0.0028   4.080299   4.080659   0.000360    35.2018    35.2027     5.8815    26.6306    26.6307         17  0.000e+00
      65286 291.720465  -43.32954  -55.54532      0.141    1481.75     40.838     40.508    12.5980    12.6006     0.0025    12.5926    12.5951     0.0025   4.080220   4.080659   0.000439    35.2008    35.2026     5.8824    26.6298    26.6307         17  0.000e+00
      65287 291.720466  -43.32954  -55.54532      0.139    1481.75     40.814     40.485    12.5981    12.6008     0.0026    12.5927    12.5953     0.0026   4.080431   4.080685   0.000254    35.2027    35.2027     5.8827    26.6313    26.6307         17  0.000e+00
