Pos-Processados/process_op42/operantar42_008.ros
* Sea-Bird SBE 9 Data File:
* FileName = C:\Users\Hidrografia\Desktop\OPXLII\Brutos\OP42008.hdr
* Software Version Seasave V 7.26.7.107
* Temperature SN = 6502
* Conductivity SN = 4998
* Number of Bytes Per Scan = 31
* Number of Voltage Words = 2
* Number of Scans Averaged by the Deck Unit = 1
* NMEA Latitude = 42 37.54 S
* NMEA Longitude = 054 58.51 W
* NMEA UTC (Time) = Oct 18 2023 09:23:08
* NMEA baud rate = 4800
** H41
** NPOALTEMAXIMIANO
** NUMERO DA ESTACAO (XXX) 008
** LAT (XX XX.XX S/N) 42 37.540 S
** LONG (XXX XX.XX W/E) 054 58.30 W
** DATAHORA (dd/mm/aaaa hh:mm Z) 18/10/2023 09:00 Z
** PROFUNDIDADE (m) 5142
** OPERADOR ZAMITH
# nquan = 24
# nvalues = 4227                                  
# units = specified
# name 0 = scan: Scan Count
# name 1 = timeJ: Julian Days
# name 2 = latitude: Latitude [deg]
# name 3 = longitude: Longitude [deg]
# name 4 = dz/dtM: Descent Rate [m/s]
# name 5 = avgsvCM: Average Sound Velocity [Chen-Millero, m/s]
# name 6 = prDM: Pressure, Digiquartz [db]
# name 7 = depSM: Depth [salt water, m]
# name 8 = t090C: Temperature [ITS-90, deg C]
# name 9 = t190C: Temperature, 2 [ITS-90, deg C]
# name 10 = T2-T190C: Temperature Difference, 2 - 1 [ITS-90, deg C]
# name 11 = potemp090C: Potential Temperature [ITS-90, deg C]
# name 12 = potemp190C: Potential Temperature, 2 [ITS-90, deg C]
# name 13 = potemp90Cdiff: Potential Temperature, Diff, 2 - 1 [ITS-90, deg C]
# name 14 = c0S/m: Conductivity [S/m]
# name 15 = c1S/m: Conductivity, 2 [S/m]
# name 16 = C2-C1S/m: Conductivity Difference, 2 - 1 [S/m]
# name 17 = sal00: Salinity, Practical [PSU]
# name 18 = sal11: Salinity, Practical, 2 [PSU]
# name 19 = sbeox0ML/L: Oxygen, SBE 43 [ml/l]
# name 20 = sigma-é00: Density [sigma-theta, kg/m^3]
# name 21 = sigma-é11: Density, 2 [sigma-theta, kg/m^3]
# name 22 = nbf: Bottles Fired
# name 23 = flag:  0.000e+00
# interval = seconds: 0.0416667
# start_time = Oct 18 2023 09:23:08 [NMEA time, header]
# bad_flag = -9.990e-29
*END*
[from data line 544]
      64075 291.421965  -42.62388  -54.95702      0.004    1484.86     61.940     61.441    11.4253    11.4279     0.0026    11.4175    11.4202     0.0026   3.949552   3.949863   0.000310    35.0202    35.0208     5.4299    26.7146    26.7146          4  0.000e+00
      64076 291.421965  -42.62388  -54.95700      0.009    1484.86     61.883     61.385    11.4250    11.4278     0.0028    11.4173    11.4200     0.0027   3.949533   3.949818   0.000285    35.0203    35.0205     5.4337    26.7148    26.7144          4  0.000e+00
      64077 291.421966  -42.62388  -54.95700      0.014    1484.86     61.883     61.385    11.4249    11.4279     0.0031    11.4171    11.4202     0.0031   3.949441   3.949837   0.000395    35.0196    35.0205     5.4297    26.7142    26.7144          4  0.000e+00
      64078 291.421966  -42.62388  -54.95700      0.017    1484.86     61.908     61.409    11.4245    11.4281     0.0036    11.4167    11.4203     0.0036   3.949415   3.949830   0.000415    35.0196    35.0203     5.4341    26.7143    26.7142          4  0.000e+00
      64079 291.421967  -42.62388  -54.95700      0.032    1484.86     61.996     61.497    11.4241    11.4275     0.0034    11.4163    11.4197     0.0034   3.949415   3.949824   0.000409    35.0200    35.0208     5.4297    26.7147    26.7147          4  0.000e+00
      64080 291.421967  -42.62388  -54.95700      0.034    1484.86     61.883     61.385    11.4239    11.4275     0.0036    11.4161    11.4197     0.0036   3.949389   3.949824   0.000435    35.0200    35.0209     5.4340    26.7147    26.7148          4  0.000e+00
      64081 291.421968  -42.62388  -54.95700      0.038    1484.86     61.940     61.441    11.4239    11.4273     0.0034    11.4161    11.4195     0.0034   3.949383   3.949747   0.000364    35.0199    35.0202     5.4300    26.7147    26.7143          4  0.000e+00
      64082 291.421968  -42.62388  -54.95700      0.047    1484.86     61.964     61.465    11.4239    11.4271     0.0032    11.4161    11.4193     0.0032   3.949350   3.949721   0.000371    35.0196    35.0202     5.4295    26.7144    26.7143          4  0.000e+00
      64083 291.421969  -42.62388  -54.95700      0.055    1484.86     61.940     61.441    11.4235    11.4270     0.0034    11.4158    11.4192     0.0034   3.949344   3.949664   0.000320    35.0198    35.0197     5.4290    26.7147    26.7140          4  0.000e+00
      64084 291.421969  -42.62388  -54.95700      0.063    1484.86     62.061     61.561    11.4230    11.4263     0.0033    11.4152    11.4185     0.0033   3.949266   3.949651   0.000385    35.0195    35.0202     5.4331    26.7145    26.7145          4  0.000e+00
      64085 291.421970  -42.62388  -54.95700      0.070    1484.86     61.940     61.441    11.4227    11.4253     0.0026    11.4149    11.4175     0.0026   3.949266   3.949548   0.000282    35.0199    35.0202     5.4329    26.7149    26.7146          4  0.000e+00
      64086 291.421970  -42.62388  -54.95700      0.075    1484.86     61.996     61.497    11.4222    11.4243     0.0021    11.4144    11.4165     0.0021   3.949175   3.949433   0.000258    35.0194    35.0199     5.4329    26.7146    26.7146          4  0.000e+00
      64087 291.421970  -42.62388  -54.95700      0.087    1484.86     62.028     61.529    11.4222    11.4240     0.0018    11.4144    11.4162     0.0018   3.949162   3.949355   0.000194    35.0193    35.0195     5.4285    26.7145    26.7143          4  0.000e+00
      64088 291.421971  -42.62388  -54.95700      0.092    1484.86     61.996     61.497    11.4222    11.4243     0.0021    11.4144    11.4165     0.0021   3.949201   3.949394   0.000193    35.0197    35.0196     5.4279    26.7148    26.7144          4  0.000e+00
      64089 291.421971  -42.62388  -54.95700      0.098    1484.86     61.996     61.497    11.4222    11.4238     0.0016    11.4144    11.4160     0.0016   3.949155   3.949381   0.000226    35.0192    35.0199     5.4273    26.7144    26.7147          4  0.000e+00
      64090 291.421972  -42.62388  -54.95700      0.106    1484.86     62.061     61.561    11.4227    11.4233     0.0006    11.4149    11.4155     0.0006   3.949220   3.949298   0.000078    35.0194    35.0195     5.4268    26.7145    26.7145          4  0.000e+00
      64091 291.421972  -42.62388  -54.95700      0.113    1484.86     62.061     61.561    11.4230    11.4229    -0.0002    11.4152    11.4151    -0.0002   3.949266   3.949246  -0.000019    35.0195    35.0194     5.4261    26.7145    26.7145          4  0.000e+00
      64092 291.421973  -42.62388  -54.95700      0.122    1484.86     62.085     61.585    11.4230    11.4223    -0.0007    11.4152    11.4145    -0.0007   3.949279   3.949208  -0.000071    35.0196    35.0196     5.4261    26.7146    26.7147          4  0.000e+00
      64093 291.421973  -42.62388  -54.95700      0.128    1484.86     62.061     61.561    11.4232    11.4217    -0.0015    11.4154    11.4139    -0.0015   3.949305   3.949176  -0.000129    35.0197    35.0199     5.4259    26.7146    26.7151          4  0.000e+00
      64094 291.421974  -42.62388  -54.95700      0.138    1484.86     62.117     61.617    11.4230    11.4218    -0.0012    11.4152    11.4140    -0.0012   3.949259   3.949169  -0.000090    35.0194    35.0196     5.4259    26.7145    26.7149          4  0.000e+00
      64095 291.421974  -42.62388  -54.95700      0.143    1484.86     62.061     61.561    11.4223    11.4220    -0.0004    11.4146    11.4142    -0.0004   3.949168   3.949189   0.000021    35.0192    35.0197     5.4259    26.7144    26.7149          4  0.000e+00
      64096 291.421975  -42.62388  -54.95700      0.152    1484.86     62.141     61.641    11.4209    11.4213     0.0005    11.4131    11.4135     0.0005   3.949064   3.949099   0.000035    35.0195    35.0194     5.4300    26.7149    26.7148          4  0.000e+00
      64097 291.421975  -42.62388  -54.95700      0.159    1484.86     62.117     61.617    11.4190    11.4209     0.0020    11.4112    11.4131     0.0020   3.948882   3.949041   0.000159    35.0195    35.0192     5.4258    26.7153    26.7147          4  0.000e+00
      64098 291.421976  -42.62388  -54.95700      0.163    1484.86     62.117     61.617    11.4181    11.4207     0.0026    11.4103    11.4129     0.0026   3.948804   3.948977   0.000173    35.0195    35.0188     5.4297    26.7154    26.7144          4  0.000e+00
      64099 291.421976  -42.62388  -54.95700      0.172    1484.86     62.181     61.681    11.4186    11.4208     0.0022    11.4108    11.4130     0.0022   3.948817   3.948983   0.000167    35.0192    35.0187     5.4253    26.7151    26.7143          4  0.000e+00
      64100 291.421977  -42.62388  -54.95700      0.181    1484.86     62.181     61.681    11.4190    11.4204     0.0014    11.4112    11.4126     0.0014   3.948908   3.948970   0.000063    35.0197    35.0190     5.4252    26.7154    26.7147          4  0.000e+00
      64101 291.421977  -42.62388  -54.95700      0.186    1484.86     62.141     61.641    11.4188    11.4195     0.0006    11.4110    11.4117     0.0006   3.948856   3.948906   0.000051    35.0193    35.0192     5.4251    26.7152    26.7150          4  0.000e+00
      64102 291.421978  -42.62388  -54.95700      0.195    1484.86     62.238     61.737    11.4193    11.4187    -0.0006    11.4115    11.4109    -0.0006   3.948934   3.948816  -0.000117    35.0196    35.0191     5.4251    26.7153    26.7150          4  0.000e+00
      64103 291.421978  -42.62388  -54.95700      0.202    1484.86     62.181     61.681    11.4197    11.4184    -0.0014    11.4119    11.4105    -0.0014   3.948940   3.948765  -0.000175    35.0193    35.0189     5.4250    26.7150    26.7149          4  0.000e+00
      64104 291.421979  -42.62388  -54.95700      0.207    1484.86     62.238     61.737    11.4196    11.4187    -0.0010    11.4118    11.4108    -0.0010   3.948960   3.948810  -0.000150    35.0196    35.0190     5.4250    26.7152    26.7150          4  0.000e+00
      64105 291.421979  -42.62388  -54.95700      0.216    1484.86     62.206     61.705    11.4198    11.4194    -0.0005    11.4120    11.4116    -0.0005   3.948888   3.948849  -0.000040    35.0187    35.0187     5.4250    26.7145    26.7146          4  0.000e+00
      64106 291.421980  -42.62388  -54.95700      0.218    1484.86     62.238     61.737    11.4181    11.4201     0.0020    11.4103    11.4123     0.0020   3.948732   3.948938   0.000206    35.0188    35.0189     5.4253    26.7149    26.7146          4  0.000e+00
      64107 291.421980  -42.62388  -54.95700      0.227    1484.86     62.294     61.793    11.4163    11.4205     0.0042    11.4085    11.4127     0.0042   3.948615   3.948983   0.000369    35.0193    35.0190     5.4256    26.7156    26.7146          4  0.000e+00
      64108 291.421981  -42.62388  -54.95700      0.232    1484.86     62.238     61.737    11.4160    11.4207     0.0047    11.4081    11.4128     0.0047   3.948641   3.948996   0.000355    35.0199    35.0190     5.4256    26.7162    26.7146          4  0.000e+00
      64109 291.421981  -42.62388  -54.95700      0.238    1484.86     62.294     61.793    11.4160    11.4204     0.0044    11.4081    11.4125     0.0044   3.948628   3.949022   0.000394    35.0198    35.0195     5.4253    26.7160    26.7150          4  0.000e+00
      64110 291.421982  -42.62388  -54.95700      0.241    1484.86     62.262     61.761    11.4152    11.4200     0.0048    11.4074    11.4122     0.0048   3.948517   3.948958   0.000441    35.0194    35.0192     5.4255    26.7159    26.7148          4  0.000e+00
      64111 291.421982  -42.62388  -54.95700      0.245    1484.86     62.294     61.793    11.4145    11.4190     0.0045    11.4067    11.4112     0.0045   3.948380   3.948874   0.000494    35.0187    35.0193     5.4257    26.7155    26.7151          4  0.000e+00
      64112 291.421983  -42.62388  -54.95700      0.251    1484.86     62.359     61.857    11.4140    11.4184     0.0044    11.4061    11.4105     0.0044   3.948289   3.948784   0.000495    35.0183    35.0190     5.4260    26.7153    26.7150          4  0.000e+00
      64113 291.421983  -42.62388  -54.95700      0.254    1484.86     62.294     61.793    11.4140    11.4173     0.0034    11.4061    11.4095     0.0034   3.948328   3.948650   0.000321    35.0187    35.0187     5.4261    26.7156    26.7149          4  0.000e+00
      64114 291.421984  -42.62388  -54.95700      0.256    1484.86     62.327     61.825    11.4146    11.4170     0.0025    11.4068    11.4092     0.0025   3.948426   3.948592   0.000166    35.0191    35.0184     5.4262    26.7158    26.7148          4  0.000e+00
      64115 291.421984  -42.62388  -54.95700      0.266    1484.86     62.415     61.913    11.4143    11.4170     0.0027    11.4065    11.4091     0.0027   3.948315   3.948605   0.000289    35.0182    35.0185     5.4265    26.7151    26.7149          4  0.000e+00
      64116 291.421984  -42.62388  -54.95700      0.264    1484.86     62.294     61.793    11.4136    11.4174     0.0037    11.4058    11.4096     0.0037   3.948328   3.948669   0.000341    35.0190    35.0188     5.4266    26.7159    26.7151          4  0.000e+00
      64117 291.421985  -42.62388  -54.95700      0.269    1484.86     62.415     61.913    11.4136    11.4178     0.0042    11.4058    11.4100     0.0042   3.948289   3.948707   0.000418    35.0186    35.0187     5.4265    26.7156    26.7149          4  0.000e+00
      64118 291.421985  -42.62388  -54.95700      0.272    1484.86     62.359     61.857    11.4142    11.4181     0.0039    11.4063    11.4102     0.0039   3.948328   3.948746   0.000418    35.0185    35.0189     5.4266    26.7154    26.7150          4  0.000e+00
      64119 291.421986  -42.62388  -54.95700      0.275    1484.86     62.383     61.881    11.4145    11.4183     0.0038    11.4067    11.4105     0.0038   3.948367   3.948759   0.000391    35.0185    35.0188     5.4225    26.7154    26.7149          4  0.000e+00
      64120 291.421986  -42.62388  -54.95700      0.279    1484.86     62.415     61.913    11.4148    11.4186     0.0037    11.4070    11.4107     0.0037   3.948433   3.948759   0.000326    35.0189    35.0185     5.4223    26.7156    26.7146          4  0.000e+00
      64121 291.421987  -42.62388  -54.95700      0.277    1484.86     62.415     61.913    11.4146    11.4187     0.0041    11.4067    11.4109     0.0041   3.948394   3.948727   0.000333    35.0187    35.0181     5.4265    26.7155    26.7142          4  0.000e+00
      64122 291.421987  -42.62388  -54.95700      0.280    1484.86     62.415     61.913    11.4140    11.4188     0.0048    11.4061    11.4110     0.0048   3.948328   3.948797   0.000469    35.0186    35.0187     5.4269    26.7155    26.7147          4  0.000e+00
      64123 291.421988  -42.62388  -54.95700      0.281    1484.86     62.439     61.937    11.4142    11.4187     0.0045    11.4063    11.4109     0.0045   3.948315   3.948772   0.000456    35.0183    35.0185     5.4268    26.7153    26.7146          4  0.000e+00
      64124 291.421988  -42.62388  -54.95700      0.280    1484.86     62.359     61.857    11.4148    11.4182     0.0033    11.4070    11.4103     0.0033   3.948413   3.948727   0.000314    35.0187    35.0186     5.4222    26.7154    26.7148          4  0.000e+00
      64125 291.421989  -42.62388  -54.95700      0.281    1484.86     62.480     61.977    11.4149    11.4186     0.0036    11.4071    11.4107     0.0036   3.948374   3.948720   0.000346    35.0182    35.0181     5.4266    26.7150    26.7143          4  0.000e+00
      64126 291.421989  -42.62388  -54.95700      0.277    1484.86     62.415     61.913    11.4152    11.4190     0.0038    11.4073    11.4112     0.0038   3.948367   3.948772   0.000404    35.0179    35.0183     5.4265    26.7147    26.7143          4  0.000e+00
      64127 291.421990  -42.62388  -54.95700      0.277    1484.86     62.480     61.977    11.4146    11.4190     0.0044    11.4068    11.4112     0.0044   3.948354   3.948817   0.000462    35.0182    35.0186     5.4269    26.7151    26.7146          4  0.000e+00
      64128 291.421990  -42.62388  -54.95700      0.272    1484.86     62.327     61.825    11.4145    11.4191     0.0047    11.4067    11.4113     0.0046   3.948348   3.948849   0.000501    35.0184    35.0189     5.4224    26.7152    26.7148          4  0.000e+00
      64129 291.421991  -42.62388  -54.95700      0.271    1484.86     62.536     62.033    11.4141    11.4204     0.0063    11.4062    11.4125     0.0063   3.948289   3.948958   0.000668    35.0181    35.0187     5.4226    26.7151    26.7144          4  0.000e+00
      64130 291.421991  -42.62388  -54.95700      0.269    1484.86     62.480     61.977    11.4138    11.4212     0.0074    11.4060    11.4133     0.0074   3.948276   3.949048   0.000771    35.0182    35.0189     5.4222    26.7152    26.7144          4  0.000e+00
      64131 291.421992  -42.62388  -54.95700      0.267    1484.86     62.480     61.977    11.4142    11.4223     0.0082    11.4063    11.4145     0.0082   3.948276   3.949086   0.000810    35.0179    35.0182     5.4217    26.7149    26.7136          4  0.000e+00
      64132 291.421992  -42.62388  -54.95700      0.261    1484.86     62.439     61.937    11.4144    11.4232     0.0088    11.4066    11.4153     0.0088   3.948328   3.949202   0.000873    35.0182    35.0186     5.4213    26.7151    26.7138          4  0.000e+00
      64133 291.421993  -42.62388  -54.95700      0.258    1484.86     62.415     61.913    11.4148    11.4241     0.0093    11.4070    11.4163     0.0093   3.948348   3.949291   0.000944    35.0180    35.0185     5.4213    26.7149    26.7136          4  0.000e+00
