Pos-Processados/process_op42/operantar42_002.cnv
* Sea-Bird SBE 9 Data File:
* FileName = C:\Users\Hidrografia\Desktop\OPXLII\Brutos\OP42002.hdr
* Software Version Seasave V 7.26.7.107
* Temperature SN = 6502
* Conductivity SN = 4998
* Number of Bytes Per Scan = 37
* Number of Voltage Words = 4
* Number of Scans Averaged by the Deck Unit = 1
* NMEA Latitude = 37 53.44 S
* NMEA Longitude = 051 46.15 W
* NMEA UTC (Time) = Oct 16 2023 08:29:02
* NMEA baud rate = 4800
** H41
** NPOALTEMAXIMIANO
** NUMERO DA ESTACAO (XXX) 002
** LAT (XX XX.XX S/N) 37 53.431 S
** LONG (XXX XX.XX W/E) 51 48.140 W
** DATAHORA (dd/mm/aaaa hh:mm Z) 16/10/2023 0828Z
** PROFUNDIDADE (m) 4384
** OPERADOR CT FILIPE LOPES
# nquan = 30
# nvalues = 2017                        
# units = specified
# name 0 = scan: Scan Count
# name 1 = timeJ: Julian Days
# name 2 = latitude: Latitude [deg]
# name 3 = longitude: Longitude [deg]
# name 4 = dz/dtM: Descent Rate [m/s]
# name 5 = avgsvCM: Average Sound Velocity [Chen-Millero, m/s]
# name 6 = prDM: Pressure, Digiquartz [db]
# name 7 = depSM: Depth [salt water, m]
# name 8 = t090C: Temperature [ITS-90, deg C]
# name 9 = t190C: Temperature, 2 [ITS-90, deg C]
# name 10 = T2-T190C: Temperature Difference, 2 - 1 [ITS-90, deg C]
# name 11 = potemp090C: Potential Temperature [ITS-90, deg C]
# name 12 = potemp190C: Potential Temperature, 2 [ITS-90, deg C]
# name 13 = potemp90Cdiff: Potential Temperature, Diff, 2 - 1 [ITS-90, deg C]
# name 14 = c0S/m: Conductivity [S/m]
# name 15 = c1S/m: Conductivity, 2 [S/m]
# name 16 = C2-C1S/m: Conductivity Difference, 2 - 1 [S/m]
# name 17 = sal00: Salinity, Practical [PSU]
# name 18 = sal11: Salinity, Practical, 2 [PSU]
# name 19 = sbeox0ML/L: Oxygen, SBE 43 [ml/l]
# name 20 = sigma-é00: Density [sigma-theta, kg/m^3]
# name 21 = sigma-é11: Density, 2 [sigma-theta, kg/m^3]
# name 22 = sal00: Salinity, Practical [PSU]
# name 23 = sigma-é00: Density [sigma-theta, kg/m^3]
# name 24 = svCM: Sound Velocity [Chen-Millero, m/s]
# name 25 = svCM1: Sound Velocity, 2 [Chen-Millero, m/s]
# name 26 = gsw_ptA0: potential temperature [ITS-90, deg C]
# name 27 = gsw_densityA0: density, TEOS-10 [density, kg/m^3]
# name 28 = gsw_saA0: Absolute Salinity [g/kg]
# name 29 = flag:
# span 0 =       6219,      72823       
# span 1 = 289.356494, 289.388614       
# span 2 =  -37.90592,  -37.89182       
# span 3 =  -51.78457,  -51.77083       
# span 4 =     -1.691,      1.612       
# span 5 =       0.00,    1518.61       
# span 6 =      1.000,   1011.000       
# span 7 =      1.002,   1001.013       
# span 8 =     4.6510,    18.1866       
# span 9 =     4.6531,    18.1874       
# span 10 =    -0.1296,     0.0709      
# span 11 =     4.5699,    18.1744      
# span 12 =     4.5720,    18.1752      
# span 13 =    -0.1294,     0.0705      
# span 14 =   3.290534,   4.757839      
# span 15 =   3.290670,   4.758249      
# span 16 =  -0.018331,   0.007334      
# span 17 =    34.1260,    36.2478      
# span 18 =    34.1256,    36.2497      
# span 19 =     4.4790,     6.2401      
# span 20 =    26.0947,    27.1001      
# span 21 =    26.1342,    27.0935      
# span 22 =    34.1265,    36.2480      
# span 23 =    26.1250,    27.0937      
# span 24 =    1482.68,    1519.30      
# span 25 =    1482.68,    1519.30      
# span 26 =     4.5697,    18.1744      
# span 27 =  1026.1334,  1031.7355      
# span 28 =    34.2889,    36.4191      
# span 29 = 0.0000e+00, 0.0000e+00      
# interval = decibars: 1                
# start_time = Oct 16 2023 08:29:02 [NMEA time, header]
# bad_flag = -9.990e-29
*END*
[from data line 1741]
      58505 289.381709  -37.90235 -9.990e-29     -0.775    1502.92    276.000    273.754    16.3545    16.3553     0.0008    16.3098    16.3105     0.0008   4.542470   4.542722   0.000252    35.9272    35.9287     5.1801    26.3893    26.3903    35.9272    26.3893    1516.53    1516.53    16.3098  1027.5975    36.0970 0.0000e+00
      58527 289.381720  -37.90236 -9.990e-29     -1.001    1502.92    275.000    272.763    16.3545    16.3555     0.0010    16.3099    16.3109     0.0010   4.542426   4.542699   0.000272    35.9273    35.9288     5.1764    26.3893    26.3903    35.9272    26.3893    1516.51    1516.51    16.3099  1027.5931    36.0970 0.0000e+00
      58549 289.381730  -37.90236 -9.990e-29     -1.090    1502.92    274.000    271.772    16.3546    16.3556     0.0010    16.3102    16.3112     0.0010   4.542422   4.542676   0.000259    35.9274    35.9288     5.1744    26.3894    26.3902    35.9275    26.3894    1516.49    1516.50    16.3102  1027.5889    36.0972 0.0000e+00
      58577 289.381744  -37.90236  -51.78224     -0.937    1502.92    273.000    270.781    16.3551    16.3561     0.0009    16.3108    16.3118     0.0009   4.542411   4.542673   0.000262    35.9274    35.9288     5.1671    26.3892    26.3901    35.9274    26.3892    1516.48    1516.48    16.3109  1027.5852    36.0983 0.0000e+00
      58612 289.381761 -9.990e-29  -51.78224     -0.716    1502.92    272.000    269.789    16.3546    16.3557     0.0011    16.3105    16.3116     0.0011   4.542302   4.542556   0.000249    35.9273    35.9285     5.1914    26.3892    26.3899    35.9272    26.3892    1516.46    1516.46    16.3106  1027.5811    36.0985 0.0000e+00
      58644 289.381776 -9.990e-29  -51.78224     -0.725    1502.92    271.000    268.798    16.3543    16.3554     0.0011    16.3104    16.3114     0.0011   4.542218   4.542480   0.000266    35.9272    35.9286     5.1793    26.3891    26.3900    35.9272    26.3891    1516.44    1516.45    16.3104  1027.5767    36.0985 0.0000e+00
      58682 289.381794  -37.90238  -51.78224     -0.667    1502.92    270.000    267.807    16.3533    16.3546     0.0013    16.3095    16.3108     0.0013   4.542028   4.542329   0.000299    35.9269    35.9284     5.1845    26.3891    26.3900    35.9268    26.3890    1516.42    1516.43    16.3096  1027.5713    36.0968 0.0000e+00
      58720 289.381813  -37.90239  -51.78225     -0.601    1502.92    269.000    266.816    16.3524    16.3535     0.0011    16.3088    16.3099     0.0011   4.541895   4.542142   0.000247    35.9269    35.9281     5.1921    26.3893    26.3899    35.9268    26.3893    1516.40    1516.41    16.3088  1027.5670    36.0966 0.0000e+00
      58747 289.381826  -37.90240  -51.78226     -0.786    1502.92    268.000    265.824    16.3526    16.3535     0.0009    16.3091    16.3101     0.0009   4.541872   4.542126   0.000251    35.9269    35.9283     5.1774    26.3892    26.3901    35.9268    26.3892    1516.39    1516.39    16.3092  1027.5625    36.0966 0.0000e+00
      58770 289.381837  -37.90241  -51.78226     -0.978    1502.92    267.000    264.833    16.3522    16.3532     0.0009    16.3090    16.3099     0.0009   4.541790   4.542055   0.000267    35.9269    35.9285     5.1744    26.3893    26.3903    35.9268    26.3892    1516.37    1516.37    16.3090  1027.5582    36.0966 0.0000e+00
      58795 289.381849  -37.90242  -51.78226     -1.023    1502.92    266.000    263.842    16.3518    16.3526     0.0008    16.3087    16.3095     0.0008   4.541676   4.541921   0.000245    35.9267    35.9281     5.1773    26.3892    26.3901    35.9266    26.3891    1516.35    1516.36    16.3087  1027.5538    36.0964 0.0000e+00
      58827 289.381864  -37.90242  -51.78227     -0.812    1502.92    265.000    262.851    16.3545    16.3554     0.0009    16.3115    16.3124     0.0009   4.541980   4.542193   0.000221    35.9270    35.9281     5.1836    26.3887    26.3894    35.9273    26.3890    1516.34    1516.35    16.3115  1027.5493    36.0970 0.0000e+00
      58868 289.381884  -37.90244  -51.78228     -0.597    1502.92    264.000    261.859    16.3638    16.3645     0.0007    16.3210    16.3217     0.0007   4.543169   4.543338   0.000166    35.9292    35.9300     5.1758    26.3882    26.3887    35.9298    26.3887    1516.36    1516.36    16.3210  1027.5446    36.0996 0.0000e+00
      58909 289.381904  -37.90244  -51.78228     -0.582    1502.92    263.000    260.868    16.3708    16.3707    -0.0001    16.3281    16.3280    -0.0001   4.543970   4.544080   0.000117    35.9304    35.9315     5.1804    26.3875    26.3883    35.9310    26.3880    1516.36    1516.37    16.3281  1027.5395    36.1008 0.0000e+00
      58945 289.381921  -37.90244  -51.78229     -0.646    1502.92    262.000    259.877    16.3777    16.3775    -0.0002    16.3352    16.3349    -0.0002   4.544818   4.544932   0.000117    35.9317    35.9329     5.1699    26.3868    26.3878    35.9327    26.3877    1516.37    1516.37    16.3352  1027.5348    36.1025 0.0000e+00
      58980 289.381938  -37.90246  -51.78230     -0.687    1502.92    261.000    258.886    16.3879    16.3879     0.0000    16.3456    16.3456     0.0000   4.545986   4.546164   0.000191    35.9335    35.9352     5.1901    26.3858    26.3871    35.9342    26.3864    1516.39    1516.39    16.3456  1027.5291    36.1040 0.0000e+00
      59007 289.381951  -37.90246  -51.78230     -0.801    1502.92    260.000    257.894    16.3870    16.3855    -0.0015    16.3448    16.3433    -0.0015   4.545778   4.545858   0.000049    35.9333    35.9351     5.2002    26.3858    26.3876    35.9336    26.3861    1516.37    1516.36    16.3448  1027.5245    36.1034 0.0000e+00
      59028 289.381961  -37.90246  -51.78230     -1.006    1502.92    259.000    256.903    16.3863    16.3885     0.0022    16.3443    16.3465     0.0022   4.545830   4.546196   0.000372    35.9344    35.9357     5.1945    26.3868    26.3873    35.9351    26.3873    1516.35    1516.36    16.3443  1027.5214    36.1049 0.0000e+00
      59047 289.381970  -37.90246  -51.78230     -1.171    1502.92    258.000    255.912    16.3888    16.3909     0.0021    16.3469    16.3490     0.0021   4.546107   4.546449   0.000335    35.9354    35.9364     5.1824    26.3869    26.3872    35.9358    26.3872    1516.34    1516.35    16.3469  1027.5169    36.1056 0.0000e+00
      59074 289.381984  -37.90248  -51.78231     -1.039    1502.92    257.000    254.921    16.3902    16.3916     0.0014    16.3484    16.3499     0.0014   4.546236   4.546507   0.000271    35.9355    35.9366     5.1786    26.3867    26.3872    35.9360    26.3871    1516.33    1516.33    16.3485  1027.5124    36.1058 0.0000e+00
      59131 289.382011  -37.90250  -51.78232     -0.326    1502.92    256.000    253.928    16.3930    16.3944     0.0015    16.3514    16.3529     0.0015   4.546526   4.546808   0.000281    35.9361    35.9373     5.1980    26.3864    26.3870    35.9365    26.3867    1516.32    1516.33    16.3515  1027.5077    36.1062 0.0000e+00
      59167 289.382028  -37.90252  -51.78232     -0.616    1502.92    255.000    252.938    16.3932    16.3940     0.0008    16.3518    16.3526     0.0008   4.546471   4.546729   0.000250    35.9360    35.9375     5.1929    26.3863    26.3872    35.9362    26.3864    1516.31    1516.31    16.3519  1027.5030    36.1059 0.0000e+00
      59189 289.382039  -37.90252  -51.78232     -0.932    1502.92    254.000    251.947    16.3932    16.3943     0.0011    16.3520    16.3531     0.0011   4.546444   4.546740   0.000299    35.9360    35.9376     5.1946    26.3862    26.3872    35.9363    26.3864    1516.29    1516.29    16.3520  1027.4987    36.1061 0.0000e+00
      59213 289.382051  -37.90252  -51.78232     -1.048    1502.92    253.000    250.955    16.3936    16.3945     0.0009    16.3525    16.3534     0.0009   4.546464   4.546719   0.000256    35.9364    35.9378     5.1979    26.3864    26.3873    35.9366    26.3865    1516.27    1516.28    16.3525  1027.4944    36.1064 0.0000e+00
      59245 289.382066  -37.90252  -51.78234     -0.836    1502.92    252.000    249.964    16.3939    16.3949     0.0010    16.3530    16.3540     0.0010   4.546449   4.546699   0.000251    35.9364    35.9377     5.1971    26.3863    26.3871    35.9366    26.3864    1516.26    1516.26    16.3530  1027.4900    36.1063 0.0000e+00
      59280 289.382083  -37.90252  -51.78234     -0.671    1502.92    251.000    248.973    16.3937    16.3947     0.0010    16.3530    16.3540     0.0010   4.546358   4.546623   0.000267    35.9361    35.9376     5.1922    26.3861    26.3870    35.9363    26.3862    1516.24    1516.25    16.3530  1027.4854    36.1060 0.0000e+00
      59310 289.382097  -37.90254 -9.990e-29     -0.771    1502.92    250.000    247.981    16.3943    16.3949     0.0006    16.3537    16.3543     0.0006   4.546422   4.546635   0.000212    35.9366    35.9379     5.1739    26.3863    26.3872    35.9367    26.3864    1516.23    1516.23    16.3538  1027.4812    36.1064 0.0000e+00
      59339 289.382111  -37.90254 -9.990e-29     -0.822    1502.92    249.000    246.990    16.3949    16.3955     0.0006    16.3545    16.3551     0.0006   4.546444   4.546671   0.000227    35.9366    35.9381     5.1860    26.3861    26.3871    35.9367    26.3862    1516.21    1516.22    16.3545  1027.4767    36.1065 0.0000e+00
      59364 289.382123  -37.90254  -51.78236     -0.879    1502.92    248.000    245.999    16.3975    16.3970    -0.0005    16.3573    16.3567    -0.0005   4.546778   4.546840   0.000068    35.9374    35.9385     5.2039    26.3861    26.3870    35.9378    26.3864    1516.20    1516.20    16.3573  1027.4725    36.1076 0.0000e+00
      59383 289.382132  -37.90256  -51.78236     -1.062    1502.92    247.000    245.007    16.3994    16.4013     0.0019    16.3593    16.3612     0.0019   4.547052   4.547383   0.000289    35.9382    35.9390     5.2056    26.3862    26.3864    35.9389    26.3868    1516.20    1516.20    16.3593  1027.4686    36.1087 0.0000e+00
      59399 289.382140  -37.90256  -51.78236     -1.286    1502.92    246.000    244.016    16.4050    16.4088     0.0038    16.3650    16.3689     0.0038   4.547740   4.548236   0.000518    35.9394    35.9405     5.1959    26.3858    26.3858    35.9404    26.3865    1516.20    1516.21    16.3650  1027.4639    36.1102 0.0000e+00
      59418 289.382149  -37.90257  -51.78236     -1.375    1502.92    245.000    243.025    16.4082    16.4107     0.0024    16.3685    16.3709     0.0024   4.547998   4.548408   0.000401    35.9398    35.9412     5.1932    26.3853    26.3858    35.9401    26.3856    1516.19    1516.20    16.3685  1027.4586    36.1099 0.0000e+00
      59460 289.382170  -37.90258  -51.78237     -0.695    1502.92    244.000    242.034    16.4107    16.4117     0.0010    16.3711    16.3721     0.0010   4.548250   4.548500   0.000255    35.9401    35.9414     5.2033    26.3849    26.3857    35.9405    26.3852    1516.18    1516.19    16.3711  1027.4539    36.1103 0.0000e+00
      59506 289.382192  -37.90258  -51.78238     -0.457    1502.92    243.000    241.042    16.4116    16.4122     0.0006    16.3721    16.3727     0.0006   4.548263   4.548501   0.000238    35.9401    35.9416     5.1986    26.3847    26.3857    35.9403    26.3848    1516.17    1516.17    16.3721  1027.4491    36.1101 0.0000e+00
      59525 289.382201  -37.90260  -51.78238     -0.918    1502.92    242.000    240.051    16.4108    16.4120     0.0012    16.3715    16.3727     0.0012   4.548188   4.548462   0.000278    35.9404    35.9417     5.2021    26.3850    26.3858    35.9407    26.3853    1516.15    1516.15    16.3715  1027.4452    36.1105 0.0000e+00
      59541 289.382209  -37.90260  -51.78238     -1.256    1502.92    241.000    239.059    16.4115    16.4126     0.0011    16.3723    16.3734     0.0011   4.548210   4.548478   0.000264    35.9405    35.9419     5.2018    26.3850    26.3857    35.9407    26.3851    1516.13    1516.14    16.3724  1027.4406    36.1105 0.0000e+00
      59557 289.382216  -37.90260  -51.78238     -1.451    1502.92    240.000    238.068    16.4115    16.4124     0.0010    16.3725    16.3735     0.0010   4.548157   4.548431   0.000281    35.9404    35.9420     5.1967    26.3848    26.3858    35.9406    26.3849    1516.12    1516.12    16.3725  1027.4362    36.1104 0.0000e+00
      59578 289.382227  -37.90260  -51.78238     -1.350    1502.92    239.000    237.077    16.4115    16.4122     0.0007    16.3727    16.3734     0.0007   4.548135   4.548356   0.000227    35.9406    35.9420     5.1864    26.3849    26.3858    35.9408    26.3851    1516.10    1516.11    16.3727  1027.4320    36.1106 0.0000e+00
      59620 289.382247  -37.90262  -51.78239     -0.610    1502.92    238.000    236.085    16.4173    16.4182     0.0009    16.3786    16.3795     0.0009   4.548835   4.549060   0.000225    35.9416    35.9428     5.2008    26.3843    26.3850    35.9422    26.3847    1516.11    1516.11    16.3787  1027.4272    36.1120 0.0000e+00
      59656 289.382264  -37.90262  -51.78240     -0.588    1502.92    237.000    235.094    16.4184    16.4186     0.0002    16.3799    16.3801     0.0002   4.548860   4.549034   0.000173    35.9417    35.9431     5.1973    26.3841    26.3851    35.9418    26.3842    1516.09    1516.09    16.3799  1027.4223    36.1116 0.0000e+00
      59676 289.382274  -37.90262  -51.78241     -0.941    1502.92    236.000    234.102    16.4182    16.4196     0.0014    16.3799    16.3813     0.0014   4.548835   4.549154   0.000312    35.9419    35.9434     5.2053    26.3842    26.3851    35.9421    26.3844    1516.07    1516.08    16.3799  1027.4182    36.1118 0.0000e+00
      59693 289.382282  -37.90262 -9.990e-29     -1.228    1502.92    235.000    233.111    16.4185    16.4208     0.0023    16.3804    16.3827     0.0023   4.548827   4.549277   0.000411    35.9420    35.9435     5.2140    26.3842    26.3848    35.9422    26.3843    1516.06    1516.07    16.3804  1027.4137    36.1119 0.0000e+00
      59710 289.382290  -37.90263 -9.990e-29     -1.396    1502.92    234.000    232.120    16.4211    16.4238     0.0026    16.3831    16.3858     0.0026   4.549161   4.549538   0.000403    35.9426    35.9438     5.2194    26.3840    26.3843    35.9432    26.3845    1516.05    1516.06    16.3831  1027.4095    36.1129 0.0000e+00
      59737 289.382303  -37.90265 -9.990e-29     -1.128    1502.92    233.000    231.134    16.4226    16.4235     0.0009    16.3847    16.3857     0.0009   4.549134   4.549377   0.000249    35.9419    35.9433     5.2222    26.3831    26.3840    35.9420    26.3832    1516.04    1516.04    16.3847  1027.4039    36.1118 0.0000e+00
      59786 289.382327  -37.90266  -51.78242     -0.394    1502.92    232.000    230.129    16.4175    16.4187     0.0012    16.3798    16.3810     0.0012   4.548222   4.548547   0.000312    35.9391    35.9407     5.2362    26.3821    26.3830    35.9389    26.3820    1516.00    1516.01    16.3798  1027.3984    36.1087 0.0000e+00
      59811 289.382339  -37.90266  -51.78244     -0.716    1502.92    231.000    229.145    16.4172    16.4193     0.0021    16.3797    16.3818     0.0021   4.548169   4.548651   0.000477    35.9394    35.9418     5.2195    26.3824    26.3837    35.9391    26.3821    1515.98    1515.99    16.3797  1027.3942    36.1089 0.0000e+00
      59828 289.382347  -37.90267  -51.78244     -1.076    1502.92    230.000    228.154    16.4121    16.4130     0.0009    16.3747    16.3757     0.0009   4.547346   4.547636   0.000325    35.9374    35.9395     5.2106    26.3820    26.3834    35.9368    26.3815    1515.95    1515.95    16.3748  1027.3892    36.1066 0.0000e+00
