Pos-Processados/process_op42/operantar42_014.cnv
* Sea-Bird SBE 9 Data File:
* FileName = C:\Users\Hidrografia\Desktop\OPXLII\Brutos\OP42014.hdr
* Software Version Seasave V 7.26.7.107
* Temperature SN = 6502
* Conductivity SN = 4998
* Number of Bytes Per Scan = 31
* Number of Voltage Words = 2
* Number of Scans Averaged by the Deck Unit = 1
* NMEA Latitude = 47 05.79 S
* NMEA Longitude = 056 32.90 W
* NMEA UTC (Time) = Oct 20 2023 10:58:48
* NMEA baud rate = 4800
** H41
** NPOALTEMAXIMIANO
** NUMERO DA ESTACAO (XXX) 014
** LAT (XX XX.XX S/N) 47 05.592 S
** LONG (XXX XX.XX W/E) 056 32.757 W
** DATAHORA (dd/mm/aaaa hh:mm Z) 20/10/2023 1058Z
** PROFUNDIDADE (m) 4459
** OPERADOR CT FABIREZA
# nquan = 30
# nvalues = 2011                        
# units = specified
# name 0 = scan: Scan Count
# name 1 = timeJ: Julian Days
# name 2 = latitude: Latitude [deg]
# name 3 = longitude: Longitude [deg]
# name 4 = dz/dtM: Descent Rate [m/s]
# name 5 = avgsvCM: Average Sound Velocity [Chen-Millero, m/s]
# name 6 = prDM: Pressure, Digiquartz [db]
# name 7 = depSM: Depth [salt water, m]
# name 8 = t090C: Temperature [ITS-90, deg C]
# name 9 = t190C: Temperature, 2 [ITS-90, deg C]
# name 10 = T2-T190C: Temperature Difference, 2 - 1 [ITS-90, deg C]
# name 11 = potemp090C: Potential Temperature [ITS-90, deg C]
# name 12 = potemp190C: Potential Temperature, 2 [ITS-90, deg C]
# name 13 = potemp90Cdiff: Potential Temperature, Diff, 2 - 1 [ITS-90, deg C]
# name 14 = c0S/m: Conductivity [S/m]
# name 15 = c1S/m: Conductivity, 2 [S/m]
# name 16 = C2-C1S/m: Conductivity Difference, 2 - 1 [S/m]
# name 17 = sal00: Salinity, Practical [PSU]
# name 18 = sal11: Salinity, Practical, 2 [PSU]
# name 19 = sbeox0ML/L: Oxygen, SBE 43 [ml/l]
# name 20 = sigma-é00: Density [sigma-theta, kg/m^3]
# name 21 = sigma-é11: Density, 2 [sigma-theta, kg/m^3]
# name 22 = sal00: Salinity, Practical [PSU]
# name 23 = sigma-é00: Density [sigma-theta, kg/m^3]
# name 24 = svCM: Sound Velocity [Chen-Millero, m/s]
# name 25 = svCM1: Sound Velocity, 2 [Chen-Millero, m/s]
# name 26 = gsw_ptA0: potential temperature [ITS-90, deg C]
# name 27 = gsw_densityA0: density, TEOS-10 [density, kg/m^3]
# name 28 = gsw_saA0: Absolute Salinity [g/kg]
# name 29 = flag:
# span 0 =       2200,      68986       
# span 1 = 293.458561, 293.490768       
# span 2 =  -47.10808,  -47.09688       
# span 3 =  -56.55282,  -56.54855       
# span 4 =     -1.656,      1.590       
# span 5 =      -0.01,    1473.95       
# span 6 =      5.000,   1013.000       
# span 7 =      4.897,   1002.092       
# span 8 =     2.4413,     6.0358       
# span 9 =     2.4421,     6.0372       
# span 10 =    -0.0258,     0.0588      
# span 11 =     2.3768,     6.0355      
# span 12 =     2.3776,     6.0369      
# span 13 =    -0.0257,     0.0587      
# span 14 =   3.070972,   3.354372      
# span 15 =   3.070964,   3.354466      
# span 16 =  -0.004435,   0.004301      
# span 17 =    33.9914,    34.5843      
# span 18 =    33.9955,    34.5837      
# span 19 =     3.7938,     7.6517      
# span 20 =    26.7834,    27.6078      
# span 21 =    26.7827,    27.6074      
# span 22 =    34.0011,    34.5841      
# span 23 =    26.7840,    27.6076      
# span 24 =    1462.90,    1476.12      
# span 25 =    1462.90,    1476.13      
# span 26 =     2.3767,     6.0353      
# span 27 =  1026.8085,  1032.3153      
# span 28 =    34.1615,    34.7518      
# span 29 = 0.0000e+00, 0.0000e+00      
# interval = decibars: 1                
# start_time = Oct 20 2023 10:58:48 [NMEA time, header]
# bad_flag = -9.990e-29
*END*
[from data line 1161]
      37391 293.475531  -47.10318  -56.55114     -0.499    1468.95    860.000    851.089     2.5496     2.5503     0.0007     2.4952     2.4959     0.0007   3.126283   3.126272  -0.000009    34.5253    34.5245     3.8505    27.5508    27.5500    34.5254    27.5508    1473.98    1473.98     2.4951  1031.5524    34.6923 0.0000e+00
      37410 293.475540  -47.10319  -56.55114     -0.911    1468.95    859.000    850.102     2.5498     2.5502     0.0005     2.4954     2.4959     0.0005   3.126262   3.126250  -0.000010    34.5255    34.5249     3.8543    27.5509    27.5503    34.5255    27.5509    1473.96    1473.96     2.4954  1031.5477    34.6922 0.0000e+00
      37426 293.475548  -47.10320  -56.55114     -1.234    1468.95    858.000    849.114     2.5506     2.5516     0.0009     2.4963     2.4973     0.0009   3.126195   3.126174  -0.000021    34.5244    34.5231     3.8519    27.5499    27.5488    34.5243    27.5499    1473.95    1473.95     2.4963  1031.5421    34.6911 0.0000e+00
      37443 293.475557  -47.10320  -56.55116     -1.401    1468.95    857.000    848.127     2.5510     2.5521     0.0011     2.4967     2.4978     0.0011   3.126119   3.126119  -0.000004    34.5236    34.5223     3.8548    27.5492    27.5481    34.5235    27.5492    1473.93    1473.93     2.4967  1031.5368    34.6903 0.0000e+00
      37463 293.475566  -47.10320  -56.55116     -1.371    1468.95    856.000    847.139     2.5512     2.5521     0.0009     2.4970     2.4979     0.0009   3.126050   3.126074   0.000019    34.5230    34.5223     3.8585    27.5488    27.5481    34.5230    27.5487    1473.91    1473.92     2.4970  1031.5317    34.6897 0.0000e+00
      37494 293.475581  -47.10320  -56.55116     -0.909    1468.95    855.000    846.151     2.5514     2.5517     0.0003     2.4974     2.4976     0.0003   3.125954   3.126026   0.000074    34.5220    34.5227     3.8632    27.5479    27.5484    34.5221    27.5480    1473.90    1473.90     2.4973  1031.5264    34.6888 0.0000e+00
      37528 293.475597  -47.10322  -56.55116     -0.652    1468.95    854.000    845.163     2.5517     2.5521     0.0004     2.4977     2.4981     0.0004   3.125932   3.125969   0.000042    34.5220    34.5221     3.8661    27.5479    27.5479    34.5220    27.5479    1473.88    1473.88     2.4976  1031.5217    34.6887 0.0000e+00
      37549 293.475608  -47.10322  -56.55116     -0.912    1468.95    853.000    844.176     2.5523     2.5532     0.0009     2.4984     2.4992     0.0009   3.125936   3.125914  -0.000022    34.5220    34.5208     3.8657    27.5478    27.5468    34.5220    27.5478    1473.87    1473.87     2.4983  1031.5170    34.6887 0.0000e+00
      37569 293.475617  -47.10322  -56.55116     -1.154    1468.95    852.000    843.188     2.5530     2.5540     0.0010     2.4991     2.5001     0.0010   3.125885   3.125879  -0.000010    34.5212    34.5200     3.8626    27.5471    27.5461    34.5212    27.5471    1473.85    1473.86     2.4990  1031.5114    34.6875 0.0000e+00
      37589 293.475627 -9.990e-29  -56.55116     -1.213    1468.95    851.000    842.201     2.5534     2.5538     0.0004     2.4996     2.5000     0.0004   3.125795   3.125833   0.000036    34.5201    34.5201     3.8653    27.5462    27.5462    34.5201    27.5462    1473.84    1473.84     2.4996  1031.5032    34.6830 0.0000e+00
      37616 293.475640 -9.990e-29  -56.55116     -1.031    1468.95    850.000    841.213     2.5538     2.5537    -0.0001     2.5001     2.5000    -0.0001   3.125767   3.125790   0.000029    34.5199    34.5203     3.8685    27.5460    27.5463    34.5200    27.5460    1473.82    1473.82     2.5000  1031.4983    34.6827 0.0000e+00
      37649 293.475656 -9.990e-29  -56.55116     -0.746    1468.95    849.000    840.225     2.5537     2.5541     0.0004     2.5000     2.5004     0.0004   3.125720   3.125728   0.000004    34.5200    34.5197     3.8674    27.5461    27.5458    34.5200    27.5461    1473.81    1473.81     2.5000  1031.4937    34.6828 0.0000e+00
      37676 293.475669 -9.990e-29  -56.55116     -0.808    1468.95    848.000    839.238     2.5546     2.5553     0.0007     2.5009     2.5017     0.0007   3.125616   3.125673   0.000060    34.5183    34.5182     3.8720    27.5446    27.5445    34.5183    27.5447    1473.79    1473.79     2.5009  1031.4877    34.6811 0.0000e+00
      37697 293.475679 -9.990e-29  -56.55116     -0.998    1468.95    847.000    838.250     2.5550     2.5561     0.0011     2.5015     2.5026     0.0011   3.125594   3.125582  -0.000014    34.5181    34.5168     3.8707    27.5445    27.5433    34.5181    27.5444    1473.78    1473.78     2.5014  1031.4829    34.6809 0.0000e+00
      37716 293.475688 -9.990e-29  -56.55116     -1.171    1468.95    846.000    837.262     2.5553     2.5563     0.0010     2.5019     2.5029     0.0010   3.125472   3.125515   0.000041    34.5168    34.5162     3.8710    27.5434    27.5428    34.5168    27.5434    1473.76    1473.76     2.5018  1031.4772    34.6796 0.0000e+00
      37734 293.475697 -9.990e-29  -56.55118     -1.280    1468.95    845.000    836.275     2.5554     2.5563     0.0009     2.5020     2.5029     0.0009   3.125457   3.125446  -0.000003    34.5170    34.5160     3.8703    27.5435    27.5426    34.5171    27.5436    1473.74    1473.74     2.5019  1031.4728    34.6799 0.0000e+00
      37753 293.475706 -9.990e-29  -56.55118     -1.312    1468.95    844.000    835.287     2.5552     2.5562     0.0010     2.5019     2.5029     0.0010   3.125362   3.125395   0.000021    34.5168    34.5159     3.8704    27.5433    27.5426    34.5167    27.5433    1473.72    1473.73     2.5018  1031.4679    34.6794 0.0000e+00
      37779 293.475718  -47.10326  -56.55118     -1.090    1468.95    843.000    834.300     2.5553     2.5558     0.0005     2.5021     2.5026     0.0005   3.125312   3.125361   0.000048    34.5164    34.5165     3.8726    27.5431    27.5430    34.5165    27.5431    1473.71    1473.71     2.5020  1031.4648    34.6815 0.0000e+00
      37820 293.475738  -47.10326  -56.55118     -0.578    1468.95    842.000    833.312     2.5553     2.5561     0.0007     2.5021     2.5029     0.0007   3.125220   3.125262   0.000042    34.5158    34.5155     3.8731    27.5426    27.5423    34.5158    27.5426    1473.69    1473.69     2.5021  1031.4611    34.6826 0.0000e+00
      37849 293.475752  -47.10326  -56.55118     -0.690    1468.95    841.000    832.324     2.5554     2.5563     0.0010     2.5023     2.5032     0.0010   3.125151   3.125165   0.000011    34.5156    34.5147     3.8732    27.5424    27.5416    34.5155    27.5423    1473.67    1473.68     2.5022  1031.4561    34.6821 0.0000e+00
      37868 293.475761  -47.10326  -56.55118     -1.012    1468.95    840.000    831.336     2.5541     2.5549     0.0008     2.5011     2.5019     0.0008   3.124775   3.124809   0.000036    34.5131    34.5127     3.8771    27.5405    27.5401    34.5128    27.5402    1473.65    1473.65     2.5010  1031.4495    34.6793 0.0000e+00
      37885 293.475770  -47.10326  -56.55118     -1.266    1468.95    839.000    830.349     2.5533     2.5543     0.0010     2.5004     2.5014     0.0010   3.124593   3.124611   0.000027    34.5120    34.5113     3.8700    27.5397    27.5390    34.5119    27.5396    1473.63    1473.63     2.5003  1031.4442    34.6784 0.0000e+00
      37903 293.475778  -47.10326  -56.55118     -1.356    1468.95    838.000    829.361     2.5531     2.5540     0.0009     2.5002     2.5011     0.0009   3.124506   3.124484  -0.000027    34.5118    34.5105     3.8728    27.5395    27.5384    34.5116    27.5393    1473.61    1473.61     2.5002  1031.4394    34.6781 0.0000e+00
      37931 293.475792  -47.10328  -56.55118     -1.091    1468.95    837.000    828.374     2.5528     2.5538     0.0010     2.5000     2.5010     0.0010   3.124439   3.124491   0.000048    34.5117    34.5112     3.8790    27.5394    27.5390    34.5116    27.5394    1473.59    1473.60     2.5000  1031.4348    34.6782 0.0000e+00
      37972 293.475811  -47.10328  -56.55118     -0.527    1468.95    836.000    827.385     2.5523     2.5535     0.0012     2.4996     2.5008     0.0012   3.124285   3.124389   0.000105    34.5109    34.5109     3.8858    27.5389    27.5387    34.5108    27.5388    1473.57    1473.58     2.4995  1031.4296    34.6774 0.0000e+00
      37996 293.475823  -47.10328  -56.55118     -0.774    1468.95    835.000    826.398     2.5523     2.5534     0.0011     2.4996     2.5007     0.0011   3.124221   3.124256   0.000038    34.5107    34.5100     3.8860    27.5387    27.5380    34.5105    27.5386    1473.56    1473.56     2.4996  1031.4248    34.6771 0.0000e+00
      38013 293.475832  -47.10328  -56.55119     -1.107    1468.95    834.000    825.410     2.5518     2.5529     0.0011     2.4993     2.5003     0.0011   3.124081   3.124136   0.000049    34.5101    34.5095     3.8860    27.5382    27.5377    34.5099    27.5381    1473.54    1473.54     2.4992  1031.4197    34.6764 0.0000e+00
      38031 293.475840  -47.10329  -56.55120     -1.312    1468.95    833.000    824.422     2.5516     2.5525     0.0009     2.4991     2.5000     0.0009   3.124007   3.124038   0.000037    34.5099    34.5093     3.8824    27.5381    27.5376    34.5098    27.5380    1473.52    1473.52     2.4990  1031.4150    34.6763 0.0000e+00
      38053 293.475851  -47.10330  -56.55120     -1.252    1468.95    832.000    823.435     2.5510     2.5523     0.0013     2.4985     2.4999     0.0013   3.123909   3.124001   0.000087    34.5099    34.5095     3.8847    27.5381    27.5377    34.5097    27.5380    1473.50    1473.50     2.4985  1031.4104    34.6763 0.0000e+00
      38090 293.475869  -47.10330  -56.55120     -0.718    1468.95    831.000    822.447     2.5507     2.5520     0.0014     2.4983     2.4997     0.0014   3.123819   3.123929   0.000107    34.5097    34.5095     3.8855    27.5380    27.5377    34.5095    27.5379    1473.48    1473.49     2.4982  1031.4032    34.6729 0.0000e+00
      38124 293.475885 -9.990e-29  -56.55120     -0.633    1468.95    830.000    821.459     2.5503     2.5516     0.0012     2.4980     2.4993     0.0012   3.123703   3.123772   0.000079    34.5091    34.5087     3.8867    27.5375    27.5371    34.5090    27.5374    1473.46    1473.47     2.4980  1031.3977    34.6717 0.0000e+00
      38145 293.475895 -9.990e-29  -56.55120     -0.940    1468.95    829.000    820.471     2.5515     2.5527     0.0012     2.4992     2.5005     0.0012   3.123661   3.123680   0.000013    34.5080    34.5068     3.8839    27.5365    27.5355    34.5078    27.5364    1473.45    1473.45     2.4992  1031.3920    34.6705 0.0000e+00
      38165 293.475905 -9.990e-29  -56.55120     -1.162    1468.95    828.000    819.483     2.5525     2.5535     0.0010     2.5003     2.5013     0.0010   3.123579   3.123602   0.000024    34.5063    34.5055     3.8856    27.5351    27.5344    34.5063    27.5351    1473.44    1473.44     2.5002  1031.3861    34.6690 0.0000e+00
      38187 293.475915  -47.10332  -56.55120     -1.162    1468.95    827.000    818.496     2.5527     2.5537     0.0010     2.5006     2.5016     0.0010   3.123516   3.123543   0.000027    34.5058    34.5050     3.8837    27.5347    27.5340    34.5058    27.5347    1473.42    1473.42     2.5005  1031.3838    34.6719 0.0000e+00
      38217 293.475930  -47.10332  -56.55120     -0.903    1468.95    826.000    817.508     2.5526     2.5532     0.0006     2.5006     2.5012     0.0006   3.123479   3.123513   0.000040    34.5059    34.5058     3.8929    27.5347    27.5346    34.5059    27.5348    1473.40    1473.40     2.5005  1031.3795    34.6724 0.0000e+00
      38247 293.475944  -47.10332  -56.55120     -0.757    1468.95    825.000    816.520     2.5535     2.5537     0.0003     2.5015     2.5018     0.0003   3.123452   3.123463   0.000013    34.5052    34.5051     3.8946    27.5341    27.5340    34.5052    27.5341    1473.39    1473.39     2.5015  1031.3742    34.6717 0.0000e+00
      38269 293.475955  -47.10332  -56.55120     -0.929    1468.95    824.000    815.532     2.5543     2.5553     0.0010     2.5024     2.5034     0.0010   3.123442   3.123468   0.000018    34.5047    34.5038     3.8947    27.5336    27.5329    34.5047    27.5337    1473.37    1473.38     2.5023  1031.3691    34.6712 0.0000e+00
      38290 293.475965  -47.10332  -56.55120     -1.112    1468.95    823.000    814.545     2.5556     2.5567     0.0011     2.5038     2.5049     0.0011   3.123442   3.123447   0.000012    34.5038    34.5028     3.8947    27.5328    27.5319    34.5038    27.5329    1473.36    1473.37     2.5037  1031.3637    34.6703 0.0000e+00
      38312 293.475975  -47.10334  -56.55120     -1.147    1468.95    822.000    813.557     2.5554     2.5565     0.0010     2.5036     2.5047     0.0010   3.123285   3.123334   0.000040    34.5028    34.5022     3.8895    27.5320    27.5314    34.5027    27.5319    1473.34    1473.35     2.5036  1031.3582    34.6691 0.0000e+00
      38341 293.475990  -47.10334  -56.55122     -0.917    1468.95    821.000    812.569     2.5550     2.5559     0.0009     2.5033     2.5042     0.0009   3.123213   3.123294   0.000079    34.5028    34.5027     3.8979    27.5320    27.5319    34.5028    27.5320    1473.33    1473.33     2.5032  1031.3537    34.6692 0.0000e+00
      38376 293.476007  -47.10334  -56.55122     -0.661    1468.95    820.000    811.581     2.5543     2.5554     0.0011     2.5026     2.5037     0.0011   3.123012   3.123122   0.000111    34.5018    34.5020     3.8975    27.5313    27.5313    34.5016    27.5312    1473.30    1473.31     2.5026  1031.3468    34.6663 0.0000e+00
      38401 293.476019 -9.990e-29  -56.55122     -0.838    1468.95    819.000    810.593     2.5543     2.5551     0.0008     2.5027     2.5035     0.0008   3.122897   3.122907   0.000018    34.5009    34.5002     3.8997    27.5306    27.5300    34.5008    27.5305    1473.29    1473.29     2.5027  1031.3400    34.6635 0.0000e+00
      38423 293.476029 -9.990e-29  -56.55122     -1.048    1468.95    818.000    809.606     2.5544     2.5553     0.0009     2.5029     2.5038     0.0009   3.122722   3.122761   0.000035    34.4991    34.4986     3.9025    27.5291    27.5286    34.4990    27.5291    1473.27    1473.27     2.5028  1031.3340    34.6617 0.0000e+00
      38445 293.476040 -9.990e-29  -56.55122     -1.117    1468.95    817.000    808.618     2.5544     2.5555     0.0011     2.5030     2.5041     0.0011   3.122700   3.122718   0.000018    34.4993    34.4983     3.9044    27.5293    27.5284    34.4993    27.5293    1473.25    1473.26     2.5029  1031.3296    34.6620 0.0000e+00
      38470 293.476052  -47.10336  -56.55122     -1.021    1468.95    816.000    807.630     2.5550     2.5551     0.0002     2.5036     2.5038     0.0002   3.122644   3.122676   0.000032    34.4986    34.4988     3.9052    27.5286    27.5288    34.4985    27.5286    1473.24    1473.24     2.5036  1031.3250    34.6620 0.0000e+00
      38497 293.476065  -47.10336  -56.55122     -0.907    1468.95    815.000    806.643     2.5554     2.5556     0.0001     2.5041     2.5043     0.0001   3.122619   3.122653   0.000035    34.4982    34.4985     3.9037    27.5283    27.5285    34.4983    27.5283    1473.22    1473.22     2.5041  1031.3223    34.6646 0.0000e+00
      38525 293.476078  -47.10338  -56.55122     -0.862    1468.95    814.000    805.655     2.5563     2.5564     0.0001     2.5051     2.5052     0.0001   3.122597   3.122597   0.000005    34.4975    34.4974     3.9024    27.5277    27.5276    34.4976    27.5277    1473.21    1473.21     2.5050  1031.3171    34.6640 0.0000e+00
