Pos-Processados/process_op42/operantar42_040.cnv
* Sea-Bird SBE 9 Data File:
* FileName = C:\Users\Hidrografia\Desktop\OPXLII\Brutos\OP42040.hdr
* Software Version Seasave V 7.26.7.107
* Temperature SN = 6502
* Conductivity SN = 4998
* Number of Bytes Per Scan = 37
* Number of Voltage Words = 4
* Number of Scans Averaged by the Deck Unit = 1
* NMEA Latitude = 62 08.53 S
* NMEA Longitude = 058 26.22 W
* NMEA UTC (Time) = Nov 09 2023 15:06:47
* NMEA baud rate = 4800
** H41
** NPOALTEMAXIMIANO
** NUMERO DA ESTACAO (XXX) 040
** LAT (XX XX.XX S/N) 62 08.14 S
** LONG (XXX XX.XX W/E) 058 26.57 W
** DATAHORA (dd/mm/aaaa hh:mm Z) 09/11/2023 1506Z
** PROFUNDIDADE (m) 410
** OPERADOR CT FILIPE LOPES
# nquan = 30
# nvalues = 712                         
# units = specified
# name 0 = scan: Scan Count
# name 1 = timeJ: Julian Days
# name 2 = latitude: Latitude [deg]
# name 3 = longitude: Longitude [deg]
# name 4 = dz/dtM: Descent Rate [m/s]
# name 5 = avgsvCM: Average Sound Velocity [Chen-Millero, m/s]
# name 6 = prDM: Pressure, Digiquartz [db]
# name 7 = depSM: Depth [salt water, m]
# name 8 = t090C: Temperature [ITS-90, deg C]
# name 9 = t190C: Temperature, 2 [ITS-90, deg C]
# name 10 = T2-T190C: Temperature Difference, 2 - 1 [ITS-90, deg C]
# name 11 = potemp090C: Potential Temperature [ITS-90, deg C]
# name 12 = potemp190C: Potential Temperature, 2 [ITS-90, deg C]
# name 13 = potemp90Cdiff: Potential Temperature, Diff, 2 - 1 [ITS-90, deg C]
# name 14 = c0S/m: Conductivity [S/m]
# name 15 = c1S/m: Conductivity, 2 [S/m]
# name 16 = C2-C1S/m: Conductivity Difference, 2 - 1 [S/m]
# name 17 = sal00: Salinity, Practical [PSU]
# name 18 = sal11: Salinity, Practical, 2 [PSU]
# name 19 = sbeox0ML/L: Oxygen, SBE 43 [ml/l]
# name 20 = sigma-é00: Density [sigma-theta, kg/m^3]
# name 21 = sigma-é11: Density, 2 [sigma-theta, kg/m^3]
# name 22 = sal00: Salinity, Practical [PSU]
# name 23 = sigma-é00: Density [sigma-theta, kg/m^3]
# name 24 = svCM: Sound Velocity [Chen-Millero, m/s]
# name 25 = svCM1: Sound Velocity, 2 [Chen-Millero, m/s]
# name 26 = gsw_ptA0: potential temperature [ITS-90, deg C]
# name 27 = gsw_densityA0: density, TEOS-10 [density, kg/m^3]
# name 28 = gsw_saA0: Absolute Salinity [g/kg]
# name 29 = flag:
# span 0 =       3406,      25138       
# span 1 = 313.631353, 313.641833       
# span 2 =  -62.14662,  -62.14287       
# span 3 =  -58.43642,  -58.43404       
# span 4 =     -1.086,      1.093       
# span 5 =       0.00,    1448.10       
# span 6 =      2.000,    358.000       
# span 7 =      1.997,    354.255       
# span 8 =    -0.8223,    -0.5357       
# span 9 =    -0.8205,    -0.5353       
# span 10 =    -0.0088,     0.0106      
# span 11 =    -0.8270,    -0.5369      
# span 12 =    -0.8252,    -0.5363      
# span 13 =    -0.0088,     0.0106      
# span 14 =   2.789978,   2.829269      
# span 15 =   2.789947,   2.829224      
# span 16 =  -0.000870,   0.001062      
# span 17 =    34.2766,    34.3968      
# span 18 =    34.2760,    34.3957      
# span 19 =     6.7217,     7.6894      
# span 20 =    27.5481,    27.6458      
# span 21 =    27.5475,    27.6450      
# span 22 =    34.2769,    34.3971      
# span 23 =    27.5483,    27.6461      
# span 24 =    1445.70,    1451.66      
# span 25 =    1445.70,    1451.67      
# span 26 =    -0.8269,    -0.5369      
# span 27 =  1027.5637,  1029.3556      
# span 28 =    34.4387,    34.5668      
# span 29 = 0.0000e+00, 0.0000e+00      
# interval = decibars: 1                
# start_time = Nov 09 2023 15:06:47 [NMEA time, header]
# bad_flag = -9.990e-29
*END*
[from data line 339]
      13677 313.636306  -62.14468  -58.43484      1.003    1447.71    342.000    338.439    -0.5496    -0.5491     0.0005    -0.5609    -0.5604     0.0005   2.827282   2.827200  -0.000104    34.3944    34.3924     6.8038    27.6444    27.6428    34.3951    27.6450    1451.35    1451.35    -0.5607  1029.2812    34.5632 0.0000e+00
      13704 313.636319  -62.14468  -58.43484      0.926    1447.71    343.000    339.427    -0.5514    -0.5506     0.0007    -0.5627    -0.5620     0.0007   2.827189   2.827145  -0.000047    34.3946    34.3931     6.7813    27.6447    27.6435    34.3953    27.6452    1451.36    1451.36    -0.5625  1029.2862    34.5634 0.0000e+00
      13733 313.636333  -62.14468  -58.43484      0.841    1447.71    344.000    340.416    -0.5490    -0.5470     0.0021    -0.5605    -0.5584     0.0021   2.827448   2.827552   0.000088    34.3948    34.3937     6.7652    27.6447    27.6437    34.3955    27.6453    1451.39    1451.40    -0.5602  1029.2910    34.5636 0.0000e+00
      13763 313.636347  -62.14470  -58.43484      0.811    1447.71    345.000    341.405    -0.5459    -0.5459    -0.0000    -0.5574    -0.5574    -0.0000   2.827802   2.827703  -0.000091    34.3953    34.3941     6.7555    27.6450    27.6440    34.3961    27.6457    1451.42    1451.42    -0.5571  1029.2961    34.5642 0.0000e+00
      13792 313.636361  -62.14470  -58.43482      0.817    1447.71    346.000    342.394    -0.5442    -0.5433     0.0010    -0.5557    -0.5548     0.0010   2.828011   2.828021   0.000007    34.3957    34.3948     6.7529    27.6453    27.6445    34.3964    27.6458    1451.44    1451.45    -0.5555  1029.3010    34.5645 0.0000e+00
      13820 313.636375  -62.14470  -58.43482      0.848    1447.71    347.000    343.382    -0.5451    -0.5448     0.0003    -0.5567    -0.5563     0.0003   2.827990   2.827914  -0.000068    34.3963    34.3950     6.7505    27.6458    27.6447    34.3965    27.6460    1451.46    1451.46    -0.5564  1029.3059    34.5646 0.0000e+00
      13846 313.636387  -62.14470  -58.43482      0.902    1447.71    348.000    344.371    -0.5483    -0.5464     0.0020    -0.5598    -0.5579     0.0020   2.827761   2.827847   0.000068    34.3960    34.3947     6.7369    27.6457    27.6445    34.3965    27.6461    1451.46    1451.46    -0.5596  1029.3107    34.5646 0.0000e+00
      13870 313.636399  -62.14471  -58.43482      0.965    1447.71    349.000    345.360    -0.5461    -0.5458     0.0003    -0.5577    -0.5574     0.0003   2.827942   2.827885  -0.000057    34.3959    34.3948     6.7434    27.6455    27.6446    34.3959    27.6455    1451.48    1451.48    -0.5575  1029.3149    34.5639 0.0000e+00
      13893 313.636410  -62.14472  -58.43482      1.005    1447.71    350.000    346.349    -0.5493    -0.5484     0.0009    -0.5609    -0.5601     0.0009   2.827652   2.827657   0.000008    34.3948    34.3939     6.7354    27.6447    27.6440    34.3949    27.6448    1451.48    1451.48    -0.5607  1029.3190    34.5630 0.0000e+00
      13918 313.636422  -62.14472  -58.43482      1.008    1447.71    351.000    347.338    -0.5494    -0.5487     0.0008    -0.5611    -0.5603     0.0008   2.827705   2.827698  -0.000007    34.3949    34.3940     6.7464    27.6449    27.6441    34.3952    27.6450    1451.50    1451.50    -0.5608  1029.3240    34.5633 0.0000e+00
      13944 313.636435  -62.14472  -58.43482      0.939    1447.71    352.000    348.326    -0.5479    -0.5476     0.0003    -0.5596    -0.5593     0.0003   2.827857   2.827845  -0.000026    34.3947    34.3939     6.7440    27.6446    27.6440    34.3949    27.6448    1451.52    1451.52    -0.5594  1029.3284    34.5630 0.0000e+00
      13975 313.636450  -62.14472  -58.43482      0.807    1447.71    353.000    349.315    -0.5416    -0.5400     0.0016    -0.5533    -0.5517     0.0016   2.828516   2.828608   0.000104    34.3949    34.3946     6.7514    27.6445    27.6441    34.3959    27.6453    1451.57    1451.58    -0.5531  1029.3345    34.5650 0.0000e+00
      14006 313.636465  -62.14473 -9.990e-29      0.771    1447.71    354.000    350.303    -0.5383    -0.5385    -0.0002    -0.5501    -0.5503    -0.0002   2.828843   2.828765  -0.000065    34.3956    34.3949     6.7510    27.6449    27.6444    34.3961    27.6453    1451.60    1451.60    -0.5499  1029.3404    34.5668 0.0000e+00
      14040 313.636481  -62.14474 -9.990e-29      0.729    1447.71    355.000    351.292    -0.5371    -0.5377    -0.0006    -0.5490    -0.5496    -0.0006   2.828997   2.828904  -0.000098    34.3956    34.3950     6.7495    27.6449    27.6444    34.3962    27.6453    1451.62    1451.62    -0.5487  1029.3452    34.5668 0.0000e+00
      14081 313.636501  -62.14474  -58.43480      0.600    1447.71    356.000    352.281    -0.5360    -0.5358     0.0002    -0.5479    -0.5477     0.0002   2.829209   2.829149  -0.000065    34.3968    34.3957     6.7396    27.6458    27.6449    34.3971    27.6460    1451.65    1451.64    -0.5477  1029.3495    34.5664 0.0000e+00
      14142 313.636530  -62.14475  -58.43480      0.378    1447.71    357.000    353.266    -0.5357    -0.5353     0.0004    -0.5476    -0.5472     0.0004   2.829269   2.829224  -0.000044    34.3968    34.3957     6.7311    27.6458    27.6449    34.3970    27.6459    1451.66    1451.66    -0.5474  1029.3521    34.5638 0.0000e+00
      14633 313.636767  -62.14483  -58.43477     -0.038    1448.00    358.000    354.255    -0.5411    -0.5377     0.0034    -0.5530    -0.5496     0.0034   2.828771   2.829044   0.000271    34.3960    34.3957     6.7217    27.6453    27.6450    34.3958    27.6452    1451.65    1451.67    -0.5528  1029.3556    34.5617 0.0000e+00
      14868 313.636881  -62.14486  -58.43474     -0.430    1448.10    357.000    353.270    -0.5435    -0.5429     0.0006    -0.5554    -0.5548     0.0006   2.828458   2.828441  -0.000011    34.3949    34.3941     6.7464    27.6446    27.6439    34.3950    27.6446    1451.62    1451.63    -0.5552  1029.3520    34.5631 0.0000e+00
      14923 313.636907  -62.14486  -58.43474     -0.404    1448.10    356.000    352.282    -0.5457    -0.5436     0.0021    -0.5575    -0.5555     0.0020   2.828189   2.828334   0.000130    34.3947    34.3941     6.7466    27.6445    27.6439    34.3944    27.6443    1451.60    1451.61    -0.5573  1029.3469    34.5625 0.0000e+00
      14978 313.636933  -62.14488  -58.43474     -0.451    1448.10    355.000    351.290    -0.5493    -0.5473     0.0020    -0.5611    -0.5591     0.0020   2.827769   2.827894   0.000146    34.3936    34.3932     6.7371    27.6438    27.6434    34.3935    27.6437    1451.56    1451.57    -0.5609  1029.3416    34.5616 0.0000e+00
      15014 313.636951  -62.14488  -58.43474     -0.646    1448.10    354.000    350.303    -0.5493    -0.5488     0.0005    -0.5611    -0.5606     0.0005   2.827709   2.827690  -0.000013    34.3935    34.3928     6.7399    27.6438    27.6431    34.3933    27.6435    1451.55    1451.55    -0.5609  1029.3367    34.5614 0.0000e+00
      15052 313.636969  -62.14488  -58.43474     -0.636    1448.10    353.000    349.316    -0.5499    -0.5489     0.0010    -0.5617    -0.5606     0.0010   2.827639   2.827650   0.000012    34.3938    34.3928     6.7465    27.6439    27.6431    34.3936    27.6438    1451.53    1451.53    -0.5614  1029.3323    34.5617 0.0000e+00
      15106 313.636995  -62.14490 -9.990e-29     -0.422    1448.10    352.000    348.325    -0.5496    -0.5488     0.0008    -0.5613    -0.5605     0.0008   2.827667   2.827628  -0.000032    34.3942    34.3929     6.7486    27.6443    27.6432    34.3942    27.6443    1451.51    1451.51    -0.5611  1029.3302    34.5650 0.0000e+00
      15145 313.637014  -62.14490 -9.990e-29     -0.589    1448.10    351.000    347.337    -0.5498    -0.5490     0.0007    -0.5614    -0.5607     0.0007   2.827576   2.827569  -0.000009    34.3941    34.3932     6.7459    27.6442    27.6434    34.3938    27.6440    1451.50    1451.50    -0.5612  1029.3250    34.5645 0.0000e+00
      15178 313.637030  -62.14490  -58.43472     -0.723    1448.10    350.000    346.349    -0.5517    -0.5508     0.0009    -0.5633    -0.5624     0.0009   2.827366   2.827377   0.000010    34.3940    34.3931     6.7560    27.6442    27.6434    34.3938    27.6440    1451.47    1451.47    -0.5631  1029.3193    34.5632 0.0000e+00
      15217 313.637049  -62.14491  -58.43472     -0.638    1448.10    349.000    345.360    -0.5524    -0.5504     0.0019    -0.5639    -0.5620     0.0019   2.827281   2.827369   0.000082    34.3942    34.3931     6.7506    27.6444    27.6434    34.3940    27.6442    1451.45    1451.46    -0.5637  1029.3138    34.5621 0.0000e+00
      15269 313.637074  -62.14492  -58.43472     -0.439    1448.10    348.000    344.371    -0.5523    -0.5513     0.0010    -0.5639    -0.5629     0.0010   2.827243   2.827252   0.000020    34.3941    34.3932     6.7507    27.6443    27.6436    34.3941    27.6443    1451.43    1451.44    -0.5636  1029.3091    34.5622 0.0000e+00
      15312 313.637094  -62.14492  -58.43472     -0.561    1448.10    347.000    343.382    -0.5512    -0.5507     0.0004    -0.5627    -0.5622     0.0004   2.827300   2.827258  -0.000042    34.3942    34.3932     6.7558    27.6444    27.6435    34.3941    27.6443    1451.42    1451.42    -0.5625  1029.3043    34.5622 0.0000e+00
      15350 313.637113  -62.14493  -58.43470     -0.626    1448.10    346.000    342.393    -0.5527    -0.5514     0.0013    -0.5642    -0.5628     0.0013   2.827136   2.827175   0.000038    34.3944    34.3934     6.7632    27.6446    27.6437    34.3943    27.6445    1451.40    1451.40    -0.5639  1029.2997    34.5624 0.0000e+00
      15395 313.637134  -62.14494  -58.43470     -0.542    1448.10    345.000    341.405    -0.5531    -0.5514     0.0018    -0.5645    -0.5628     0.0018   2.827052   2.827141   0.000082    34.3943    34.3934     6.7574    27.6445    27.6437    34.3942    27.6444    1451.38    1451.39    -0.5643  1029.2949    34.5623 0.0000e+00
      15438 313.637155  -62.14494  -58.43470     -0.548    1448.10    344.000    340.416    -0.5544    -0.5527     0.0017    -0.5658    -0.5641     0.0017   2.826896   2.826966   0.000075    34.3943    34.3934     6.7561    27.6446    27.6438    34.3942    27.6445    1451.36    1451.37    -0.5656  1029.2902    34.5623 0.0000e+00
      15471 313.637171  -62.14496  -58.43470     -0.693    1448.10    343.000    339.427    -0.5546    -0.5530     0.0016    -0.5660    -0.5643     0.0016   2.826788   2.826881   0.000087    34.3938    34.3931     6.7560    27.6441    27.6435    34.3936    27.6440    1451.34    1451.35    -0.5657  1029.2850    34.5617 0.0000e+00
      15505 313.637188  -62.14496  -58.43470     -0.714    1448.10    342.000    338.438    -0.5560    -0.5543     0.0017    -0.5673    -0.5656     0.0017   2.826611   2.826704   0.000099    34.3935    34.3929     6.7519    27.6440    27.6434    34.3934    27.6439    1451.32    1451.33    -0.5671  1029.2802    34.5615 0.0000e+00
      15547 313.637208  -62.14496  -58.43469     -0.590    1448.10    341.000    337.450    -0.5558    -0.5540     0.0018    -0.5671    -0.5652     0.0018   2.826582   2.826705   0.000114    34.3935    34.3930     6.7629    27.6440    27.6435    34.3934    27.6438    1451.30    1451.31    -0.5669  1029.2754    34.5614 0.0000e+00
      15586 313.637227  -62.14496  -58.43468     -0.590    1448.10    340.000    336.461    -0.5570    -0.5553     0.0017    -0.5683    -0.5665     0.0017   2.826367   2.826485   0.000128    34.3927    34.3925     6.7600    27.6434    27.6431    34.3924    27.6432    1451.28    1451.29    -0.5680  1029.2666    34.5563 0.0000e+00
      15617 313.637241 -9.990e-29  -58.43468     -0.743    1448.10    339.000    335.472    -0.5588    -0.5572     0.0015    -0.5700    -0.5685     0.0015   2.826133   2.826222   0.000085    34.3922    34.3916     6.7630    27.6431    27.6425    34.3919    27.6428    1451.25    1451.26    -0.5698  1029.2602    34.5541 0.0000e+00
      15645 313.637255 -9.990e-29  -58.43468     -0.836    1448.10    338.000    334.483    -0.5592    -0.5584     0.0008    -0.5703    -0.5695     0.0008   2.826051   2.826052   0.000011    34.3920    34.3912     6.7636    27.6429    27.6422    34.3919    27.6428    1451.24    1451.24    -0.5701  1029.2554    34.5540 0.0000e+00
      15679 313.637271 -9.990e-29  -58.43468     -0.753    1448.10    337.000    333.495    -0.5587    -0.5578     0.0008    -0.5698    -0.5690     0.0008   2.826055   2.826077   0.000018    34.3921    34.3914     6.7760    27.6429    27.6423    34.3919    27.6428    1451.22    1451.23    -0.5696  1029.2507    34.5541 0.0000e+00
      15715 313.637289 -9.990e-29  -58.43468     -0.654    1448.10    336.000    332.506    -0.5584    -0.5576     0.0009    -0.5695    -0.5686     0.0009   2.826052   2.826053   0.000008    34.3923    34.3914     6.7768    27.6431    27.6424    34.3922    27.6430    1451.21    1451.21    -0.5693  1029.2462    34.5544 0.0000e+00
      15744 313.637303 -9.990e-29  -58.43468     -0.760    1448.10    335.000    331.517    -0.5590    -0.5582     0.0008    -0.5701    -0.5692     0.0008   2.825884   2.825896   0.000011    34.3916    34.3909     6.7823    27.6426    27.6419    34.3912    27.6422    1451.19    1451.19    -0.5698  1029.2406    34.5534 0.0000e+00
      15770 313.637315  -62.14500  -58.43468     -0.896    1448.10    334.000    330.529    -0.5610    -0.5610     0.0001    -0.5720    -0.5720     0.0001   2.825655   2.825572  -0.000074    34.3914    34.3903     6.7696    27.6425    27.6416    34.3911    27.6422    1451.16    1451.16    -0.5718  1029.2366    34.5542 0.0000e+00
      15795 313.637327  -62.14500  -58.43468     -0.959    1448.10    333.000    329.540    -0.5643    -0.5624     0.0019    -0.5752    -0.5733     0.0019   2.825290   2.825399   0.000089    34.3909    34.3900     6.7719    27.6423    27.6414    34.3904    27.6419    1451.13    1451.14    -0.5750  1029.2355    34.5585 0.0000e+00
      15822 313.637340  -62.14500  -58.43468     -0.924    1448.10    332.000    328.550    -0.5651    -0.5629     0.0023    -0.5761    -0.5738     0.0023   2.825158   2.825310   0.000140    34.3907    34.3900     6.7692    27.6421    27.6414    34.3903    27.6418    1451.11    1451.12    -0.5758  1029.2307    34.5583 0.0000e+00
      15853 313.637355  -62.14500  -58.43466     -0.803    1448.10    331.000    327.562    -0.5667    -0.5643     0.0024    -0.5776    -0.5752     0.0024   2.824943   2.825113   0.000182    34.3902    34.3899     6.7706    27.6418    27.6414    34.3897    27.6414    1451.08    1451.09    -0.5774  1029.2256    34.5578 0.0000e+00
      15883 313.637370  -62.14501  -58.43466     -0.776    1448.10    330.000    326.573    -0.5685    -0.5673     0.0012    -0.5794    -0.5781     0.0012   2.824677   2.824745   0.000064    34.3892    34.3887     6.7838    27.6411    27.6405    34.3889    27.6408    1451.06    1451.06    -0.5791  1029.2202    34.5569 0.0000e+00
      15910 313.637383  -62.14502  -58.43466     -0.857    1448.10    329.000    325.584    -0.5693    -0.5683     0.0009    -0.5801    -0.5791     0.0009   2.824544   2.824555   0.000019    34.3889    34.3881     6.7756    27.6408    27.6401    34.3885    27.6405    1451.04    1451.04    -0.5799  1029.2152    34.5566 0.0000e+00
      15934 313.637395  -62.14502  -58.43466     -0.947    1448.10    328.000    324.595    -0.5699    -0.5689     0.0009    -0.5806    -0.5797     0.0009   2.824435   2.824445   0.000014    34.3886    34.3878     6.7963    27.6406    27.6399    34.3883    27.6404    1451.02    1451.02    -0.5804  1029.2103    34.5564 0.0000e+00
