Pos-Processados/process_op42/operantar42_015.cnv
* Sea-Bird SBE 9 Data File:
* FileName = C:\Users\Hidrografia\Desktop\OPXLII\Brutos\OP42015.hdr
* Software Version Seasave V 7.26.7.107
* Temperature SN = 6502
* Conductivity SN = 4998
* Number of Bytes Per Scan = 31
* Number of Voltage Words = 2
* Number of Scans Averaged by the Deck Unit = 1
* NMEA Latitude = 46 45.52 S
* NMEA Longitude = 057 57.77 W
* NMEA UTC (Time) = Oct 20 2023 19:17:13
* NMEA baud rate = 4800
** H41
** NPOALTEMAXIMIANO
** NUMERO DA ESTACAO (XXX) 015
** LAT (XX XX.XX S/N) 46 45.93 S
** LONG (XXX XX.XX W/E) 057 54.24 W
** DATAHORA (dd/mm/aaaa hh:mm Z) 20/10/2023 1916Z
** PROFUNDIDADE (m) 3525
** OPERADOR CT FABIREZA
# nquan = 30
# nvalues = 2017                        
# units = specified
# name 0 = scan: Scan Count
# name 1 = timeJ: Julian Days
# name 2 = latitude: Latitude [deg]
# name 3 = longitude: Longitude [deg]
# name 4 = dz/dtM: Descent Rate [m/s]
# name 5 = avgsvCM: Average Sound Velocity [Chen-Millero, m/s]
# name 6 = prDM: Pressure, Digiquartz [db]
# name 7 = depSM: Depth [salt water, m]
# name 8 = t090C: Temperature [ITS-90, deg C]
# name 9 = t190C: Temperature, 2 [ITS-90, deg C]
# name 10 = T2-T190C: Temperature Difference, 2 - 1 [ITS-90, deg C]
# name 11 = potemp090C: Potential Temperature [ITS-90, deg C]
# name 12 = potemp190C: Potential Temperature, 2 [ITS-90, deg C]
# name 13 = potemp90Cdiff: Potential Temperature, Diff, 2 - 1 [ITS-90, deg C]
# name 14 = c0S/m: Conductivity [S/m]
# name 15 = c1S/m: Conductivity, 2 [S/m]
# name 16 = C2-C1S/m: Conductivity Difference, 2 - 1 [S/m]
# name 17 = sal00: Salinity, Practical [PSU]
# name 18 = sal11: Salinity, Practical, 2 [PSU]
# name 19 = sbeox0ML/L: Oxygen, SBE 43 [ml/l]
# name 20 = sigma-é00: Density [sigma-theta, kg/m^3]
# name 21 = sigma-é11: Density, 2 [sigma-theta, kg/m^3]
# name 22 = sal00: Salinity, Practical [PSU]
# name 23 = sigma-é00: Density [sigma-theta, kg/m^3]
# name 24 = svCM: Sound Velocity [Chen-Millero, m/s]
# name 25 = svCM1: Sound Velocity, 2 [Chen-Millero, m/s]
# name 26 = gsw_ptA0: potential temperature [ITS-90, deg C]
# name 27 = gsw_densityA0: density, TEOS-10 [density, kg/m^3]
# name 28 = gsw_saA0: Absolute Salinity [g/kg]
# name 29 = flag:
# span 0 =        886,      64876       
# span 1 = 293.804049, 293.834909       
# span 2 =  -46.77136,  -46.40829       
# span 3 =  -57.96606,  -57.96306       
# span 4 =     -1.604,      1.427       
# span 5 =      -0.01,    1478.55       
# span 6 =      2.000,   1012.000       
# span 7 =      1.975,   1001.178       
# span 8 =     1.7308,     7.2233       
# span 9 =     1.7318,     7.2247       
# span 10 =    -0.0329,     0.0902      
# span 11 =     1.7165,     7.2226      
# span 12 =     1.7175,     7.2239      
# span 13 =    -0.0329,     0.0901      
# span 14 =   2.987740,   3.467320      
# span 15 =   2.987724,   3.467423      
# span 16 =  -0.003358,   0.007335      
# span 17 =    33.9561,    34.5748      
# span 18 =    33.9543,    34.5744      
# span 19 =     3.8312,     7.2941      
# span 20 =    26.6781,    27.5914      
# span 21 =    26.6786,    27.5910      
# span 22 =    33.9599,    34.5748      
# span 23 =    26.6789,    27.5914      
# span 24 =    1460.00,    1478.62      
# span 25 =    1460.00,    1478.60      
# span 26 =     1.7165,     7.2226      
# span 27 =  1026.6895,  1032.2921      
# span 28 =    34.1202,    34.7427      
# span 29 = 0.0000e+00, 0.0000e+00      
# interval = decibars: 1                
# start_time = Oct 20 2023 19:17:13 [NMEA time, header]
# bad_flag = -9.990e-29
*END*
[from data line 726]
      22061 293.814261  -46.76282  -57.96384      0.921    1468.40    728.000    720.707     2.6282     2.6293     0.0012     2.5825     2.5837     0.0012   3.120876   3.121018   0.000096    34.4459    34.4458     4.0971    27.4798    27.4796    34.4456    27.4796    1472.03    1472.04     2.5825  1030.8706    34.6113 0.0000e+00
      22085 293.814273  -46.76282  -57.96384      1.014    1468.40    729.000    721.695     2.6323     2.6354     0.0031     2.5865     2.5896     0.0031   3.121383   3.121714   0.000326    34.4468    34.4474     4.0993    27.4801    27.4804    34.4469    27.4802    1472.07    1472.08     2.5865  1030.8758    34.6126 0.0000e+00
      22128 293.814294  -46.76284  -57.96384      0.597    1468.40    730.000    722.685     2.6328     2.6361     0.0033     2.5869     2.5902     0.0033   3.121515   3.121810   0.000303    34.4474    34.4476     4.0944    27.4806    27.4805    34.4475    27.4807    1472.09    1472.10     2.5869  1030.8808    34.6132 0.0000e+00
      22166 293.814312  -46.76284  -57.96384      0.570    1468.40    731.000    723.672     2.6368     2.6384     0.0016     2.5909     2.5924     0.0016   3.121988   3.122129   0.000138    34.4482    34.4482     4.0842    27.4809    27.4808    34.4485    27.4811    1472.12    1472.13     2.5908  1030.8858    34.6142 0.0000e+00
      22188 293.814323  -46.76284  -57.96384      0.906    1468.40    732.000    724.660     2.6385     2.6393     0.0008     2.5925     2.5933     0.0007   3.122204   3.122261   0.000065    34.4485    34.4485     4.0849    27.4810    27.4809    34.4487    27.4811    1472.15    1472.15     2.5925  1030.8904    34.6144 0.0000e+00
      22206 293.814331  -46.76286  -57.96384      1.152    1468.40    733.000    725.648     2.6380     2.6390     0.0010     2.5919     2.5929     0.0010   3.122251   3.122286   0.000046    34.4489    34.4483     4.0783    27.4813    27.4808    34.4493    27.4817    1472.16    1472.16     2.5919  1030.8956    34.6150 0.0000e+00
      22225 293.814340  -46.76286  -57.96384      1.295    1468.40    734.000    726.637     2.6437     2.6454     0.0017     2.5976     2.5992     0.0017   3.122872   3.123036   0.000142    34.4495    34.4495     4.0800    27.4814    27.4812    34.4503    27.4819    1472.20    1472.21     2.5975  1030.9004    34.6160 0.0000e+00
      22253 293.814354  -46.76286  -57.96384      1.050    1468.40    735.000    727.623     2.6466     2.6486     0.0020     2.6004     2.6023     0.0019   3.123102   3.123315   0.000215    34.4489    34.4495     4.0731    27.4807    27.4809    34.4494    27.4810    1472.23    1472.24     2.6004  1030.9040    34.6151 0.0000e+00
      22298 293.814376  -46.76287  -57.96384      0.464    1468.40    736.000    728.615     2.6496     2.6503     0.0008     2.6032     2.6040     0.0008   3.123762   3.123732  -0.000025    34.4535    34.4523     4.0686    27.4840    27.4830    34.4539    27.4843    1472.27    1472.27     2.6032  1030.9092    34.6163 0.0000e+00
      22328 293.814390 -9.990e-29  -57.96384      0.720    1468.40    737.000    729.602     2.6460     2.6468     0.0008     2.5996     2.6004     0.0008   3.123559   3.123585   0.000024    34.4545    34.4540     4.0626    27.4852    27.4847    34.4547    27.4853    1472.27    1472.27     2.5996  1030.9149    34.6171 0.0000e+00
      22350 293.814401 -9.990e-29  -57.96384      0.950    1468.40    738.000    730.589     2.6451     2.6458     0.0007     2.5986     2.5994     0.0007   3.123533   3.123555   0.000031    34.4547    34.4543     4.0674    27.4854    27.4850    34.4547    27.4854    1472.28    1472.28     2.5986  1030.9197    34.6172 0.0000e+00
      22373 293.814412  -46.76288  -57.96384      1.065    1468.40    739.000    731.578     2.6432     2.6439     0.0007     2.5967     2.5974     0.0007   3.123441   3.123485   0.000043    34.4552    34.4549     4.0614    27.4859    27.4857    34.4551    27.4859    1472.29    1472.29     2.5966  1030.9256    34.6185 0.0000e+00
      22404 293.814427  -46.76289  -57.96384      0.870    1468.48    740.000    732.566     2.6422     2.6430     0.0008     2.5957     2.5964     0.0008   3.123463   3.123492   0.000030    34.4559    34.4554     4.0515    27.4866    27.4862    34.4559    27.4866    1472.30    1472.31     2.5956  1030.9327    34.6216 0.0000e+00
      22444 293.814446  -46.76290  -57.96384      0.590    1468.64    741.000    733.554     2.6413     2.6422     0.0009     2.5947     2.5956     0.0009   3.123454   3.123495   0.000042    34.4562    34.4558     4.0501    27.4870    27.4866    34.4562    27.4869    1472.32    1472.32     2.5946  1030.9377    34.6219 0.0000e+00
      22474 293.814460  -46.76290  -57.96384      0.742    1468.64    742.000    734.542     2.6411     2.6419     0.0008     2.5944     2.5952     0.0008   3.123485   3.123524   0.000042    34.4563    34.4559     4.0453    27.4870    27.4867    34.4563    27.4871    1472.33    1472.34     2.5943  1030.9424    34.6221 0.0000e+00
      22498 293.814472  -46.76290  -57.96384      0.909    1468.64    743.000    735.531     2.6400     2.6408     0.0008     2.5933     2.5941     0.0008   3.123475   3.123501   0.000027    34.4568    34.4563     4.0477    27.4876    27.4871    34.4568    27.4875    1472.34    1472.35     2.5932  1030.9476    34.6226 0.0000e+00
      22522 293.814484  -46.76292  -57.96384      1.001    1468.64    744.000    736.519     2.6390     2.6397     0.0007     2.5921     2.5928     0.0007   3.123457   3.123483   0.000031    34.4572    34.4568     4.0443    27.4880    27.4876    34.4572    27.4879    1472.36    1472.36     2.5921  1030.9526    34.6230 0.0000e+00
      22550 293.814497  -46.76292  -57.96384      0.910    1468.64    745.000    737.507     2.6380     2.6388     0.0009     2.5911     2.5919     0.0009   3.123438   3.123475   0.000031    34.4576    34.4570     4.0463    27.4884    27.4879    34.4574    27.4882    1472.37    1472.37     2.5911  1030.9575    34.6232 0.0000e+00
      22583 293.814513  -46.76292  -57.96384      0.748    1468.64    746.000    738.495     2.6376     2.6385     0.0009     2.5906     2.5915     0.0009   3.123454   3.123478   0.000031    34.4576    34.4570     4.0412    27.4884    27.4879    34.4575    27.4883    1472.39    1472.39     2.5906  1030.9623    34.6233 0.0000e+00
      22617 293.814529  -46.76292  -57.96384      0.714    1468.64    747.000    739.483     2.6363     2.6372     0.0009     2.5893     2.5902     0.0009   3.123379   3.123437   0.000052    34.4576    34.4572     4.0410    27.4885    27.4882    34.4574    27.4884    1472.40    1472.40     2.5892  1030.9670    34.6232 0.0000e+00
      22655 293.814547  -46.76294  -57.96384      0.657    1468.64    748.000    740.471     2.6348     2.6348     0.0000     2.5877     2.5877     0.0000   3.123302   3.123280  -0.000010    34.4579    34.4578     4.0355    27.4889    27.4888    34.4576    27.4887    1472.41    1472.41     2.5876  1030.9719    34.6234 0.0000e+00
      22697 293.814568  -46.76295  -57.96384      0.555    1468.64    749.000    741.460     2.6247     2.6249     0.0003     2.5776     2.5779     0.0003   3.122590   3.122572  -0.000028    34.4598    34.4592     4.0436    27.4913    27.4908    34.4592    27.4908    1472.38    1472.38     2.5775  1030.9762    34.6217 0.0000e+00
      22728 293.814583 -9.990e-29  -57.96384      0.701    1468.64    750.000    742.448     2.6227     2.6236     0.0009     2.5756     2.5765     0.0009   3.122482   3.122531   0.000050    34.4598    34.4594     4.0406    27.4915    27.4911    34.4594    27.4911    1472.39    1472.39     2.5755  1030.9812    34.6218 0.0000e+00
      22752 293.814595 -9.990e-29  -57.96384      0.899    1468.64    751.000    743.436     2.6223     2.6232     0.0009     2.5751     2.5760     0.0009   3.122517   3.122552   0.000033    34.4600    34.4595     4.0379    27.4916    27.4912    34.4597    27.4914    1472.40    1472.41     2.5751  1030.9861    34.6222 0.0000e+00
      22774 293.814605  -46.76296  -57.96384      1.043    1468.64    752.000    744.424     2.6225     2.6234     0.0009     2.5752     2.5761     0.0009   3.122642   3.122693   0.000049    34.4606    34.4602     4.0397    27.4922    27.4918    34.4605    27.4921    1472.42    1472.43     2.5751  1030.9922    34.6241 0.0000e+00
      22796 293.814616  -46.76296  -57.96384      1.105    1468.64    753.000    745.412     2.6240     2.6249     0.0009     2.5767     2.5775     0.0009   3.122885   3.122947   0.000064    34.4613    34.4612     4.0392    27.4926    27.4924    34.4613    27.4926    1472.45    1472.45     2.5766  1030.9990    34.6271 0.0000e+00
      22822 293.814628  -46.76297  -57.96384      1.013    1468.64    754.000    746.400     2.6244     2.6252     0.0008     2.5769     2.5777     0.0008   3.122999   3.123047   0.000048    34.4619    34.4616     4.0364    27.4930    27.4928    34.4618    27.4930    1472.47    1472.47     2.5769  1031.0041    34.6277 0.0000e+00
      22860 293.814646  -46.76298  -57.96385      0.671    1468.64    755.000    747.389     2.6245     2.6253     0.0008     2.5770     2.5778     0.0008   3.123085   3.123125   0.000040    34.4623    34.4619     4.0321    27.4933    27.4930    34.4622    27.4933    1472.48    1472.48     2.5769  1031.0090    34.6281 0.0000e+00
      22896 293.814664  -46.76298  -57.96386      0.636    1468.64    756.000    748.376     2.6244     2.6253     0.0009     2.5768     2.5777     0.0009   3.123260   3.123313   0.000052    34.4638    34.4635     4.0291    27.4946    27.4942    34.4639    27.4946    1472.50    1472.50     2.5768  1031.0150    34.6298 0.0000e+00
      22923 293.814677  -46.76300  -57.96386      0.812    1468.64    757.000    749.365     2.6258     2.6265     0.0007     2.5782     2.5789     0.0007   3.123562   3.123612   0.000050    34.4652    34.4651     4.0268    27.4956    27.4954    34.4656    27.4958    1472.53    1472.53     2.5781  1031.0208    34.6315 0.0000e+00
      22947 293.814688  -46.76300  -57.96384      0.967    1468.64    758.000    750.353     2.6286     2.6295     0.0009     2.5809     2.5818     0.0009   3.123990   3.124062   0.000075    34.4669    34.4669     4.0241    27.4967    27.4966    34.4672    27.4970    1472.56    1472.56     2.5808  1031.0265    34.6332 0.0000e+00
      22972 293.814701  -46.76300  -57.96384      0.985    1468.64    759.000    751.341     2.6295     2.6304     0.0008     2.5817     2.5825     0.0008   3.124160   3.124211   0.000050    34.4677    34.4674     4.0201    27.4973    27.4970    34.4679    27.4974    1472.58    1472.58     2.5816  1031.0315    34.6338 0.0000e+00
      23003 293.814716  -46.76300  -57.96384      0.813    1468.64    760.000    752.329     2.6303     2.6312     0.0009     2.5824     2.5833     0.0009   3.124319   3.124368   0.000049    34.4682    34.4679     4.0068    27.4976    27.4973    34.4684    27.4977    1472.60    1472.60     2.5824  1031.0364    34.6343 0.0000e+00
      23032 293.814730  -46.76300  -57.96385      0.784    1468.64    761.000    753.317     2.6308     2.6315     0.0007     2.5828     2.5836     0.0007   3.124479   3.124524   0.000042    34.4691    34.4688     4.0094    27.4983    27.4980    34.4693    27.4984    1472.62    1472.62     2.5828  1031.0417    34.6352 0.0000e+00
      23058 293.814742  -46.76301  -57.96386      0.899    1468.64    762.000    754.305     2.6311     2.6320     0.0008     2.5831     2.5839     0.0008   3.124592   3.124631   0.000041    34.4697    34.4693     4.0080    27.4987    27.4983    34.4698    27.4988    1472.64    1472.64     2.5830  1031.0467    34.6358 0.0000e+00
      23090 293.814758  -46.76302  -57.96386      0.811    1468.64    763.000    755.293     2.6304     2.6313     0.0009     2.5823     2.5832     0.0009   3.124585   3.124628   0.000043    34.4699    34.4695     4.0005    27.4990    27.4986    34.4699    27.4990    1472.65    1472.65     2.5822  1031.0515    34.6359 0.0000e+00
      23129 293.814776  -46.76303  -57.96386      0.615    1468.64    764.000    756.281     2.6294     2.6302     0.0008     2.5812     2.5820     0.0008   3.124568   3.124594   0.000028    34.4703    34.4697     3.9956    27.4994    27.4989    34.4703    27.4994    1472.66    1472.67     2.5812  1031.0565    34.6363 0.0000e+00
      23158 293.814790  -46.76304  -57.96386      0.734    1468.64    765.000    757.269     2.6291     2.6299     0.0008     2.5808     2.5816     0.0008   3.124593   3.124623   0.000031    34.4704    34.4699     3.9899    27.4995    27.4990    34.4704    27.4995    1472.68    1472.68     2.5807  1031.0613    34.6364 0.0000e+00
      23181 293.814801  -46.76304  -57.96386      0.941    1468.64    766.000    758.257     2.6292     2.6300     0.0007     2.5809     2.5816     0.0007   3.124641   3.124667   0.000026    34.4702    34.4698     3.9903    27.4994    27.4989    34.4703    27.4994    1472.70    1472.70     2.5808  1031.0658    34.6363 0.0000e+00
      23202 293.814812  -46.76304  -57.96386      1.088    1468.64    767.000    759.246     2.6296     2.6304     0.0008     2.5812     2.5820     0.0008   3.124736   3.124778   0.000044    34.4704    34.4700     3.9896    27.4994    27.4991    34.4705    27.4996    1472.71    1472.72     2.5812  1031.0706    34.6365 0.0000e+00
      23225 293.814822  -46.76304  -57.96386      1.118    1468.64    768.000    760.234     2.6301     2.6309     0.0008     2.5816     2.5824     0.0008   3.124848   3.124882   0.000035    34.4708    34.4703     3.9854    27.4997    27.4993    34.4708    27.4998    1472.73    1472.74     2.5816  1031.0754    34.6368 0.0000e+00
      23255 293.814837  -46.76305  -57.96386      0.895    1468.64    769.000    761.222     2.6290     2.6298     0.0007     2.5805     2.5812     0.0007   3.124860   3.124886   0.000023    34.4716    34.4711     3.9924    27.5005    27.5000    34.4716    27.5005    1472.75    1472.75     2.5805  1031.0807    34.6376 0.0000e+00
      23290 293.814854  -46.76306  -57.96386      0.662    1468.64    770.000    762.210     2.6267     2.6275     0.0007     2.5782     2.5789     0.0007   3.124768   3.124782   0.000014    34.4726    34.4720     3.9953    27.5015    27.5010    34.4724    27.5013    1472.75    1472.76     2.5781  1031.0862    34.6384 0.0000e+00
      23317 293.814867  -46.76306  -57.96386      0.809    1468.64    771.000    763.198     2.6249     2.6258     0.0009     2.5763     2.5772     0.0009   3.124733   3.124782   0.000045    34.4734    34.4729     3.9959    27.5023    27.5018    34.4734    27.5022    1472.76    1472.77     2.5762  1031.0918    34.6394 0.0000e+00
      23339 293.814878  -46.76306  -57.96386      0.989    1468.64    772.000    764.186     2.6243     2.6251     0.0007     2.5756     2.5764     0.0007   3.124760   3.124768   0.000009    34.4739    34.4732     3.9957    27.5027    27.5021    34.4738    27.5026    1472.78    1472.78     2.5756  1031.0969    34.6398 0.0000e+00
      23361 293.814888  -46.76306  -57.96386      1.099    1468.64    773.000    765.174     2.6234     2.6240     0.0006     2.5747     2.5752     0.0006   3.124715   3.124718   0.000005    34.4739    34.4733     3.9939    27.5028    27.5023    34.4737    27.5026    1472.79    1472.79     2.5746  1031.1015    34.6397 0.0000e+00
      23389 293.814902  -46.76307  -57.96386      0.965    1468.64    774.000    766.162     2.6223     2.6222    -0.0001     2.5735     2.5734    -0.0001   3.124674   3.124634  -0.000026    34.4740    34.4737     3.9875    27.5030    27.5028    34.4738    27.5028    1472.80    1472.80     2.5734  1031.1063    34.6399 0.0000e+00
