Pos-Processados/process_op42/operantar42_025.ros
* Sea-Bird SBE 9 Data File:
* FileName = C:\Users\Hidrografia\Desktop\OPXLII\Brutos\OP42025.hdr
* Software Version Seasave V 7.26.7.107
* Temperature SN = 6502
* Conductivity SN = 4998
* Number of Bytes Per Scan = 37
* Number of Voltage Words = 4
* Number of Scans Averaged by the Deck Unit = 1
* NMEA Latitude = 62 11.31 S
* NMEA Longitude = 058 02.91 W
* NMEA UTC (Time) = Nov 08 2023 13:45:45
* NMEA baud rate = 4800
** H41
** NPOALTEMAXIMIANO
** NUMERO DA ESTACAO (XXX) 025
** LAT (XX XX.XX S/N) 62  11.331 S
** LONG (XXX XX.XX W/E) 058  02.993 W
** DATAHORA (dd/mm/aaaa hh:mm Z) 08/11/2023 1345Z
** PROFUNDIDADE (m) 484
** OPERADOR CT FABIREZA
# nquan = 24
# nvalues = 4022                                  
# units = specified
# name 0 = scan: Scan Count
# name 1 = timeJ: Julian Days
# name 2 = latitude: Latitude [deg]
# name 3 = longitude: Longitude [deg]
# name 4 = dz/dtM: Descent Rate [m/s]
# name 5 = avgsvCM: Average Sound Velocity [Chen-Millero, m/s]
# name 6 = prDM: Pressure, Digiquartz [db]
# name 7 = depSM: Depth [salt water, m]
# name 8 = t090C: Temperature [ITS-90, deg C]
# name 9 = t190C: Temperature, 2 [ITS-90, deg C]
# name 10 = T2-T190C: Temperature Difference, 2 - 1 [ITS-90, deg C]
# name 11 = potemp090C: Potential Temperature [ITS-90, deg C]
# name 12 = potemp190C: Potential Temperature, 2 [ITS-90, deg C]
# name 13 = potemp90Cdiff: Potential Temperature, Diff, 2 - 1 [ITS-90, deg C]
# name 14 = c0S/m: Conductivity [S/m]
# name 15 = c1S/m: Conductivity, 2 [S/m]
# name 16 = C2-C1S/m: Conductivity Difference, 2 - 1 [S/m]
# name 17 = sal00: Salinity, Practical [PSU]
# name 18 = sal11: Salinity, Practical, 2 [PSU]
# name 19 = sbeox0ML/L: Oxygen, SBE 43 [ml/l]
# name 20 = sigma-é00: Density [sigma-theta, kg/m^3]
# name 21 = sigma-é11: Density, 2 [sigma-theta, kg/m^3]
# name 22 = nbf: Bottles Fired
# name 23 = flag:  0.000e+00
# interval = seconds: 0.0416667
# start_time = Nov 08 2023 13:45:45 [NMEA time, header]
# bad_flag = -9.990e-29
*END*
[from data line 1812]
      34294 312.589975  -62.18618  -58.02986     -0.110    1449.47     15.486     15.337    -0.6064    -0.6048     0.0016    -0.6068    -0.6053     0.0016   2.800407   2.800476   0.000069    34.2982    34.2973     7.5127    27.5686    27.5678         12  0.000e+00
      34295 312.589976  -62.18618  -58.02986     -0.099    1449.47     15.438     15.289    -0.6063    -0.6044     0.0018    -0.6067    -0.6049     0.0018   2.800407   2.800493   0.000086    34.2981    34.2972     7.5130    27.5685    27.5677         12  0.000e+00
      34296 312.589976  -62.18618  -58.02986     -0.085    1449.47     15.430     15.281    -0.6060    -0.6043     0.0017    -0.6065    -0.6048     0.0017   2.800373   2.800481   0.000109    34.2974    34.2969     7.5068    27.5679    27.5675         12  0.000e+00
      34297 312.589977  -62.18618  -58.02986     -0.069    1449.47     15.486     15.337    -0.6060    -0.6043     0.0016    -0.6064    -0.6048     0.0016   2.800361   2.800521   0.000159    34.2971    34.2974     7.5137    27.5677    27.5679         12  0.000e+00
      34298 312.589977  -62.18618  -58.02986     -0.054    1449.47     15.486     15.337    -0.6060    -0.6040     0.0020    -0.6065    -0.6045     0.0020   2.800401   2.800515   0.000114    34.2977    34.2970     7.5151    27.5682    27.5675         12  0.000e+00
      34299 312.589978  -62.18618  -58.02986     -0.039    1449.47     15.486     15.337    -0.6060    -0.6039     0.0021    -0.6064    -0.6043     0.0021   2.800430   2.800538   0.000108    34.2980    34.2971     7.5166    27.5684    27.5676         12  0.000e+00
      34300 312.589978  -62.18618  -58.02986     -0.023    1449.47     15.551     15.401    -0.6060    -0.6042     0.0019    -0.6065    -0.6046     0.0019   2.800476   2.800515   0.000040    34.2987    34.2971     7.5107    27.5690    27.5676         12  0.000e+00
      34301 312.589979  -62.18618  -58.02986     -0.003    1449.47     15.551     15.401    -0.6061    -0.6040     0.0021    -0.6066    -0.6045     0.0021   2.800453   2.800487   0.000034    34.2985    34.2966     7.5220    27.5688    27.5672         12  0.000e+00
      34302 312.589979  -62.18618  -58.02986      0.006    1449.47     15.494     15.345    -0.6059    -0.6042     0.0018    -0.6064    -0.6046     0.0018   2.800538   2.800521  -0.000018    34.2994    34.2972     7.5222    27.5696    27.5677         12  0.000e+00
      34303 312.589980  -62.18618  -58.02986      0.022    1449.47     15.551     15.401    -0.6061    -0.6042     0.0020    -0.6066    -0.6046     0.0020   2.800493   2.800504   0.000011    34.2990    34.2969     7.5109    27.5693    27.5675         12  0.000e+00
      34304 312.589980  -62.18618  -58.02986      0.035    1449.47     15.551     15.401    -0.6064    -0.6046     0.0018    -0.6068    -0.6051     0.0018   2.800470   2.800481   0.000012    34.2990    34.2972     7.5167    27.5692    27.5677         12  0.000e+00
      34305 312.589981  -62.18618  -58.02986      0.051    1449.47     15.551     15.401    -0.6064    -0.6043     0.0021    -0.6069    -0.6048     0.0021   2.800407   2.800465   0.000057    34.2982    34.2966     7.5182    27.5686    27.5672         12  0.000e+00
      34306 312.589981  -62.18618  -58.02986      0.066    1449.47     15.607     15.457    -0.6067    -0.6045     0.0022    -0.6071    -0.6050     0.0022   2.800390   2.800476   0.000086    34.2982    34.2969     7.5123    27.5686    27.5675         12  0.000e+00
      34307 312.589982  -62.18618  -58.02986      0.081    1449.47     15.607     15.457    -0.6068    -0.6044     0.0023    -0.6072    -0.6049     0.0023   2.800413   2.800493   0.000080    34.2986    34.2971     7.5182    27.5690    27.5676         12  0.000e+00
      34308 312.589982  -62.18618  -58.02986      0.093    1449.47     15.615     15.465    -0.6065    -0.6044     0.0020    -0.6069    -0.6049     0.0020   2.800436   2.800504   0.000068    34.2986    34.2972     7.5186    27.5689    27.5677         12  0.000e+00
      34309 312.589983  -62.18618  -58.02986      0.107    1449.47     15.607     15.457    -0.6061    -0.6042     0.0020    -0.6066    -0.6046     0.0020   2.800458   2.800487   0.000029    34.2985    34.2967     7.5179    27.5689    27.5673         12  0.000e+00
      34310 312.589983  -62.18618  -58.02986      0.118    1449.47     15.607     15.457    -0.6062    -0.6043     0.0019    -0.6067    -0.6048     0.0019   2.800527   2.800498  -0.000029    34.2995    34.2970     7.5236    27.5697    27.5675         12  0.000e+00
      34311 312.589984  -62.18618  -58.02986      0.132    1449.47     15.671     15.520    -0.6060    -0.6043     0.0016    -0.6064    -0.6048     0.0016   2.800464   2.800498   0.000034    34.2984    34.2970     7.5262    27.5687    27.5675         12  0.000e+00
      34312 312.589984  -62.18618  -58.02986      0.142    1449.47     15.607     15.457    -0.6060    -0.6044     0.0016    -0.6065    -0.6049     0.0016   2.800476   2.800481   0.000006    34.2986    34.2969     7.5210    27.5689    27.5675         12  0.000e+00
      34313 312.589985  -62.18618  -58.02986      0.158    1449.47     15.728     15.576    -0.6063    -0.6044     0.0018    -0.6067    -0.6049     0.0018   2.800533   2.800465  -0.000068    34.2996    34.2966     7.5140    27.5697    27.5672         12  0.000e+00
      34314 312.589985  -62.18618  -58.02986      0.170    1449.47     15.728     15.576    -0.6065    -0.6046     0.0019    -0.6069    -0.6051     0.0019   2.800487   2.800476  -0.000011    34.2992    34.2970     7.5188    27.5694    27.5675         12  0.000e+00
      34315 312.589986  -62.18618  -58.02986      0.178    1449.47     15.671     15.520    -0.6063    -0.6048     0.0015    -0.6067    -0.6053     0.0015   2.800470   2.800493   0.000023    34.2988    34.2974     7.5190    27.5691    27.5679         12  0.000e+00
      34316 312.589986  -62.18618  -58.02984      0.185    1449.47     15.671     15.520    -0.6062    -0.6048     0.0014    -0.6067    -0.6053     0.0014   2.800447   2.800465   0.000018    34.2984    34.2971     7.5129    27.5688    27.5676         12  0.000e+00
      34317 312.589986  -62.18618  -58.02984      0.199    1449.47     15.728     15.576    -0.6061    -0.6051     0.0010    -0.6066    -0.6056     0.0010   2.800384   2.800459   0.000075    34.2975    34.2973     7.5176    27.5680    27.5678         12  0.000e+00
      34318 312.589987  -62.18618  -58.02984      0.204    1449.47     15.728     15.576    -0.6065    -0.6049     0.0016    -0.6069    -0.6054     0.0016   2.800384   2.800476   0.000092    34.2979    34.2973     7.5116    27.5683    27.5678         12  0.000e+00
      34319 312.589987  -62.18618  -58.02984      0.216    1449.47     15.784     15.632    -0.6066    -0.6049     0.0017    -0.6071    -0.6054     0.0017   2.800367   2.800470   0.000103    34.2977    34.2972     7.5238    27.5682    27.5677         12  0.000e+00
      34320 312.589988  -62.18618  -58.02984      0.223    1449.47     15.728     15.576    -0.6069    -0.6048     0.0021    -0.6074    -0.6053     0.0021   2.800396   2.800459   0.000063    34.2985    34.2969     7.5240    27.5689    27.5675         12  0.000e+00
      34321 312.589988  -62.18618  -58.02984      0.229    1449.47     15.736     15.584    -0.6069    -0.6046     0.0023    -0.6073    -0.6051     0.0023   2.800430   2.800459   0.000029    34.2989    34.2967     7.5188    27.5692    27.5673         12  0.000e+00
      34322 312.589989  -62.18618  -58.02984      0.234    1449.47     15.784     15.632    -0.6069    -0.6046     0.0023    -0.6074    -0.6051     0.0023   2.800459   2.800459 5.0990e-07    34.2993    34.2967     7.5191    27.5695    27.5673         12  0.000e+00
      34323 312.589989  -62.18618  -58.02984      0.245    1449.47     15.848     15.696    -0.6069    -0.6046     0.0023    -0.6074    -0.6051     0.0023   2.800424   2.800510   0.000085    34.2988    34.2974     7.5183    27.5691    27.5678         12  0.000e+00
      34324 312.589990  -62.18618  -58.02984      0.248    1449.47     15.784     15.632    -0.6072    -0.6044     0.0028    -0.6077    -0.6049     0.0028   2.800430   2.800493   0.000063    34.2993    34.2970     7.5185    27.5695    27.5675         12  0.000e+00
      34325 312.589990  -62.18618  -58.02984      0.253    1449.47     15.784     15.632    -0.6075    -0.6046     0.0028    -0.6079    -0.6051     0.0028   2.800339   2.800498   0.000160    34.2983    34.2972     7.5123    27.5687    27.5677         12  0.000e+00
      34326 312.589991  -62.18618  -58.02984      0.257    1449.47     15.848     15.696    -0.6074    -0.6044     0.0030    -0.6079    -0.6049     0.0030   2.800310   2.800487   0.000177    34.2978    34.2969     7.5169    27.5683    27.5674         12  0.000e+00
      34327 312.589991  -62.18618  -58.02984      0.264    1449.47     15.848     15.696    -0.6073    -0.6044     0.0028    -0.6078    -0.6049     0.0028   2.800310   2.800470   0.000160    34.2977    34.2966     7.5171    27.5682    27.5672         12  0.000e+00
      34328 312.589992  -62.18618  -58.02984      0.265    1449.47     15.848     15.696    -0.6074    -0.6044     0.0030    -0.6079    -0.6049     0.0030   2.800310   2.800476   0.000166    34.2978    34.2967     7.5173    27.5683    27.5673         12  0.000e+00
      34329 312.589992  -62.18618  -58.02984      0.269    1449.47     15.848     15.696    -0.6075    -0.6046     0.0028    -0.6079    -0.6051     0.0028   2.800367   2.800482   0.000114    34.2986    34.2970     7.5174    27.5690    27.5675         12  0.000e+00
      34330 312.589993  -62.18618  -58.02984      0.275    1449.47     15.905     15.751    -0.6074    -0.6044     0.0030    -0.6079    -0.6049     0.0030   2.800407   2.800521   0.000114    34.2991    34.2973     7.5165    27.5694    27.5678         12  0.000e+00
      34331 312.589993  -62.18618  -58.02984      0.273    1449.47     15.848     15.696    -0.6076    -0.6048     0.0028    -0.6080    -0.6053     0.0028   2.800373   2.800504   0.000131    34.2989    34.2975     7.5167    27.5692    27.5679         12  0.000e+00
      34332 312.589994  -62.18618  -58.02984      0.277    1449.47     15.905     15.751    -0.6075    -0.6049     0.0026    -0.6080    -0.6054     0.0026   2.800339   2.800465   0.000126    34.2983    34.2970     7.5169    27.5687    27.5676         12  0.000e+00
      34333 312.589994  -62.18618  -58.02984      0.283    1449.47     15.969     15.815    -0.6076    -0.6049     0.0027    -0.6080    -0.6054     0.0027   2.800350   2.800493   0.000143    34.2985    34.2974     7.5160    27.5689    27.5679         12  0.000e+00
      34334 312.589995  -62.18618  -58.02984      0.281    1449.47     15.848     15.696    -0.6077    -0.6049     0.0028    -0.6082    -0.6054     0.0028   2.800362   2.800476   0.000114    34.2988    34.2972     7.5160    27.5692    27.5677         12  0.000e+00
      34335 312.589995  -62.18618  -58.02984      0.280    1449.47     15.905     15.751    -0.6075    -0.6051     0.0024    -0.6079    -0.6056     0.0024   2.800299   2.800459   0.000160    34.2977    34.2972     7.5161    27.5682    27.5677         12  0.000e+00
      34336 312.589996  -62.18618  -58.02984      0.279    1449.47     15.905     15.751    -0.6075    -0.6051     0.0024    -0.6080    -0.6056     0.0024   2.800259   2.800459   0.000200    34.2972    34.2972     7.5237    27.5678    27.5677         12  0.000e+00
      34337 312.589996  -62.18618  -58.02984      0.284    1449.47     15.969     15.815    -0.6075    -0.6057     0.0018    -0.6079    -0.6062     0.0018   2.800276   2.800437   0.000161    34.2973    34.2975     7.5249    27.5679    27.5680         12  0.000e+00
      34338 312.589997  -62.18618  -58.02984      0.283    1449.47     15.969     15.815    -0.6075    -0.6060     0.0015    -0.6080    -0.6065     0.0015   2.800259   2.800397   0.000138    34.2972    34.2973     7.5185    27.5678    27.5679         12  0.000e+00
      34339 312.589997  -62.18618  -58.02984      0.281    1449.47     15.905     15.751    -0.6076    -0.6060     0.0016    -0.6080    -0.6064     0.0016   2.800310   2.800375   0.000065    34.2980    34.2970     7.5184    27.5685    27.5676         12  0.000e+00
      34340 312.589998  -62.18618  -58.02984      0.278    1449.47     15.969     15.815    -0.6075    -0.6062     0.0014    -0.6080    -0.6066     0.0014   2.800373   2.800392   0.000019    34.2987    34.2974     7.5184    27.5691    27.5680         12  0.000e+00
      34341 312.589998  -62.18618  -58.02984      0.277    1449.47     15.969     15.815    -0.6075    -0.6060     0.0015    -0.6079    -0.6065     0.0015   2.800390   2.800403   0.000013    34.2989    34.2974     7.5184    27.5692    27.5679         12  0.000e+00
      34342 312.589999  -62.18618  -58.02984      0.275    1449.47     15.969     15.815    -0.6074    -0.6056     0.0018    -0.6079    -0.6060     0.0018   2.800424   2.800414  -0.000010    34.2993    34.2971     7.5184    27.5695    27.5676         12  0.000e+00
      34343 312.589999  -62.18618  -58.02984      0.271    1449.47     15.905     15.751    -0.6075    -0.6054     0.0021    -0.6079    -0.6059     0.0021   2.800441   2.800425  -0.000016    34.2996    34.2971     7.5183    27.5698    27.5676         12  0.000e+00
      34344 312.590000  -62.18618  -58.02984      0.266    1449.47     15.969     15.815    -0.6074    -0.6052     0.0022    -0.6079    -0.6057     0.0022   2.800379   2.800465   0.000086    34.2987    34.2973     7.5184    27.5690    27.5678         12  0.000e+00
      34345 312.590000  -62.18618  -58.02984      0.264    1449.47     16.025     15.871    -0.6073    -0.6052     0.0021    -0.6078    -0.6057     0.0021   2.800299   2.800465   0.000166    34.2974    34.2973     7.5174    27.5680    27.5678         12  0.000e+00
      34346 312.590000  -62.18618  -58.02984      0.260    1449.47     15.969     15.815    -0.6074    -0.6052     0.0022    -0.6079    -0.6057     0.0022   2.800316   2.800465   0.000149    34.2978    34.2973     7.5173    27.5683    27.5678         12  0.000e+00
      34347 312.590001  -62.18618  -58.02984      0.254    1449.47     15.969     15.815    -0.6073    -0.6052     0.0021    -0.6078    -0.6057     0.0021   2.800299   2.800437   0.000138    34.2975    34.2970     7.5173    27.5680    27.5675         12  0.000e+00
      34348 312.590001  -62.18618  -58.02984      0.248    1449.47     15.969     15.815    -0.6071    -0.6054     0.0017    -0.6075    -0.6059     0.0017   2.800305   2.800448   0.000143    34.2973    34.2973     7.5172    27.5679    27.5678         12  0.000e+00
      34349 312.590002  -62.18618  -58.02984      0.244    1449.47     15.969     15.815    -0.6073    -0.6051     0.0022    -0.6078    -0.6056     0.0022   2.800407   2.800493   0.000086    34.2989    34.2976     7.5160    27.5692    27.5680         12  0.000e+00
      34350 312.590002  -62.18618  -58.02984      0.243    1449.47     16.025     15.871    -0.6072    -0.6052     0.0020    -0.6077    -0.6057     0.0020   2.800419   2.800476   0.000057    34.2990    34.2975     7.5235    27.5693    27.5679         12  0.000e+00
      34351 312.590003  -62.18618  -58.02984      0.234    1449.47     15.969     15.815    -0.6069    -0.6051     0.0018    -0.6074    -0.6056     0.0018   2.800396   2.800437   0.000041    34.2984    34.2968     7.5254    27.5688    27.5674         12  0.000e+00
      34352 312.590003  -62.18618  -58.02984      0.227    1449.47     15.969     15.815    -0.6072    -0.6054     0.0018    -0.6077    -0.6059     0.0018   2.800407   2.800409   0.000001    34.2989    34.2968     7.5189    27.5692    27.5674         12  0.000e+00
