Pos-Processados/process_op42/operantar42_028.cnv
* Sea-Bird SBE 9 Data File:
* FileName = C:\Users\Hidrografia\Desktop\OPXLII\Brutos\OP42028.hdr
* Software Version Seasave V 7.26.7.107
* Temperature SN = 6502
* Conductivity SN = 4998
* Number of Bytes Per Scan = 37
* Number of Voltage Words = 4
* Number of Scans Averaged by the Deck Unit = 1
* NMEA Latitude = 62 18.54 S
* NMEA Longitude = 058 32.92 W
* NMEA UTC (Time) = Nov 08 2023 22:59:21
* NMEA baud rate = 4800
** H41
** NPOALTEMAXIMIANO
** NUMERO DA ESTACAO (XXX) 028
** LAT (XX XX.XX S/N) 62 18.530 S
** LONG (XXX XX.XX W/E) 058 32.937 W
** DATAHORA (dd/mm/aaaa hh:mm Z) 08/11/2023 2258Z
** PROFUNDIDADE (m) 339
** OPERADOR CT FABIREZA
# nquan = 30
# nvalues = 747                         
# units = specified
# name 0 = scan: Scan Count
# name 1 = timeJ: Julian Days
# name 2 = latitude: Latitude [deg]
# name 3 = longitude: Longitude [deg]
# name 4 = dz/dtM: Descent Rate [m/s]
# name 5 = avgsvCM: Average Sound Velocity [Chen-Millero, m/s]
# name 6 = prDM: Pressure, Digiquartz [db]
# name 7 = depSM: Depth [salt water, m]
# name 8 = t090C: Temperature [ITS-90, deg C]
# name 9 = t190C: Temperature, 2 [ITS-90, deg C]
# name 10 = T2-T190C: Temperature Difference, 2 - 1 [ITS-90, deg C]
# name 11 = potemp090C: Potential Temperature [ITS-90, deg C]
# name 12 = potemp190C: Potential Temperature, 2 [ITS-90, deg C]
# name 13 = potemp90Cdiff: Potential Temperature, Diff, 2 - 1 [ITS-90, deg C]
# name 14 = c0S/m: Conductivity [S/m]
# name 15 = c1S/m: Conductivity, 2 [S/m]
# name 16 = C2-C1S/m: Conductivity Difference, 2 - 1 [S/m]
# name 17 = sal00: Salinity, Practical [PSU]
# name 18 = sal11: Salinity, Practical, 2 [PSU]
# name 19 = sbeox0ML/L: Oxygen, SBE 43 [ml/l]
# name 20 = sigma-é00: Density [sigma-theta, kg/m^3]
# name 21 = sigma-é11: Density, 2 [sigma-theta, kg/m^3]
# name 22 = sal00: Salinity, Practical [PSU]
# name 23 = sigma-é00: Density [sigma-theta, kg/m^3]
# name 24 = svCM: Sound Velocity [Chen-Millero, m/s]
# name 25 = svCM1: Sound Velocity, 2 [Chen-Millero, m/s]
# name 26 = gsw_ptA0: potential temperature [ITS-90, deg C]
# name 27 = gsw_densityA0: density, TEOS-10 [density, kg/m^3]
# name 28 = gsw_saA0: Absolute Salinity [g/kg]
# name 29 = flag:
# span 0 =       2738,      31078       
# span 1 = 312.959202, 312.972869       
# span 2 =  -62.31664,  -62.30974       
# span 3 =  -58.54835,  -58.54422       
# span 4 =     -1.196,      0.985       
# span 5 =       0.00,    1448.73       
# span 6 =      1.000,    375.000       
# span 7 =      1.101,    371.045       
# span 8 =    -0.6392,     0.0331       
# span 9 =    -0.6377,     0.0310       
# span 10 =    -0.0362,     0.0526      
# span 11 =    -0.6430,     0.0188      
# span 12 =    -0.6415,     0.0165      
# span 13 =    -0.0361,     0.0524      
# span 14 =   2.803185,   2.883344      
# span 15 =   2.803173,   2.883052      
# span 16 =  -0.003401,   0.005327      
# span 17 =    34.2960,    34.4642      
# span 18 =    34.2951,    34.4640      
# span 19 =     5.9105,     7.5105      
# span 20 =    27.5637,    27.6751      
# span 21 =    27.5627,    27.6727      
# span 22 =    34.2957,    34.4660      
# span 23 =    27.5637,    27.6742      
# span 24 =    1445.61,    1454.67      
# span 25 =    1445.61,    1454.67      
# span 26 =    -0.6429,     0.0189      
# span 27 =  1027.5751,  1029.4545      
# span 28 =    34.4585,    34.6337      
# span 29 = 0.0000e+00, 0.0000e+00      
# interval = decibars: 1                
# start_time = Nov 08 2023 22:59:21 [NMEA time, header]
# bad_flag = -9.990e-29
*END*
[from data line 49]
       4466 312.960035  -62.31022  -58.54806      0.855    1446.04     52.000     51.494    -0.5683    -0.5679     0.0004    -0.5699    -0.5695     0.0004   2.805497   2.805467  -0.000033    34.3009    34.3000     7.3852    27.5691    27.5684    34.3010    27.5692    1446.42    1446.42    -0.5698  1027.8226    34.4667 0.0000e+00
       4494 312.960049  -62.31022  -58.54806      0.872    1446.04     53.000     52.484    -0.5660    -0.5651     0.0008    -0.5676    -0.5667     0.0008   2.805722   2.805720 6.4253e-07    34.3007    34.2997     7.3811    27.5689    27.5681    34.3008    27.5689    1446.44    1446.45    -0.5675  1027.8271    34.4665 0.0000e+00
       4522 312.960062  -62.31022  -58.54804      0.853    1446.04     54.000     53.474    -0.5645    -0.5635     0.0009    -0.5661    -0.5652     0.0009   2.805849   2.805879   0.000030    34.3000    34.2994     7.3868    27.5683    27.5677    34.3002    27.5684    1446.46    1446.47    -0.5661  1027.8314    34.4659 0.0000e+00
       4551 312.960076  -62.31024  -58.54804      0.833    1446.04     55.000     54.464    -0.5636    -0.5627     0.0009    -0.5653    -0.5643     0.0009   2.805978   2.805988   0.000010    34.3003    34.2994     7.3955    27.5685    27.5677    34.3003    27.5685    1446.49    1446.49    -0.5652  1027.8362    34.4660 0.0000e+00
       4581 312.960091  -62.31024  -58.54804      0.811    1446.04     56.000     55.454    -0.5654    -0.5644     0.0010    -0.5671    -0.5661     0.0010   2.805906   2.805906  -0.000004    34.3008    34.2996     7.3997    27.5690    27.5679    34.3008    27.5689    1446.49    1446.50    -0.5671  1027.8415    34.4665 0.0000e+00
       4612 312.960106 -9.990e-29 -9.990e-29      0.768    1446.04     57.000     56.444    -0.5659    -0.5651     0.0008    -0.5676    -0.5668     0.0008   2.805899   2.805890  -0.000003    34.3006    34.2997     7.4062    27.5688    27.5680    34.3006    27.5689    1446.51    1446.51    -0.5676  1027.8436    34.4632 0.0000e+00
       4641 312.960120 -9.990e-29 -9.990e-29      0.808    1446.04     58.000     57.435    -0.5665    -0.5656     0.0010    -0.5683    -0.5673     0.0010   2.805899   2.805902  -0.000006    34.3009    34.2997     7.4111    27.5691    27.5681    34.3007    27.5689    1446.52    1446.52    -0.5682  1027.8485    34.4633 0.0000e+00
       4669 312.960133 -9.990e-29 -9.990e-29      0.862    1446.04     59.000     58.425    -0.5711    -0.5700     0.0011    -0.5728    -0.5718     0.0011   2.805611   2.805610   0.000007    34.3017    34.3006     7.4113    27.5700    27.5690    34.3013    27.5696    1446.52    1446.52    -0.5728  1027.8540    34.4639 0.0000e+00
       4697 312.960147  -62.31028  -58.54802      0.856    1446.04     60.000     59.415    -0.5748    -0.5738     0.0010    -0.5767    -0.5756     0.0010   2.805341   2.805348   0.000010    34.3020    34.3009     7.4062    27.5703    27.5694    34.3013    27.5698    1446.52    1446.52    -0.5766  1027.8602    34.4655 0.0000e+00
       4727 312.960161  -62.31028  -58.54801      0.823    1446.04     61.000     60.405    -0.5819    -0.5813     0.0005    -0.5837    -0.5832     0.0005   2.804854   2.804834  -0.000023    34.3028    34.3019     7.4002    27.5713    27.5705    34.3021    27.5708    1446.50    1446.50    -0.5837  1027.8673    34.4680 0.0000e+00
       4755 312.960175  -62.31028  -58.54800      0.825    1446.04     62.000     61.395    -0.5813    -0.5801     0.0012    -0.5832    -0.5820     0.0012   2.804950   2.804983   0.000023    34.3024    34.3014     7.3844    27.5710    27.5701    34.3021    27.5708    1446.52    1446.52    -0.5831  1027.8721    34.4680 0.0000e+00
       4783 312.960188  -62.31028  -58.54800      0.856    1446.04     63.000     62.385    -0.5831    -0.5817     0.0014    -0.5850    -0.5836     0.0014   2.804877   2.804885   0.000020    34.3030    34.3017     7.3879    27.5715    27.5704    34.3026    27.5712    1446.53    1446.53    -0.5850  1027.8773    34.4684 0.0000e+00
       4812 312.960202  -62.31030  -58.54799      0.843    1446.04     64.000     63.376    -0.5818    -0.5805     0.0013    -0.5837    -0.5824     0.0013   2.805003   2.805039   0.000027    34.3023    34.3012     7.3708    27.5709    27.5699    34.3022    27.5708    1446.55    1446.55    -0.5837  1027.8817    34.4680 0.0000e+00
       4842 312.960217  -62.31030  -58.54798      0.804    1446.04     65.000     64.365    -0.5825    -0.5815     0.0010    -0.5845    -0.5835     0.0010   2.804963   2.804986   0.000032    34.3022    34.3014     7.3595    27.5708    27.5702    34.3019    27.5706    1446.56    1446.57    -0.5844  1027.8863    34.4677 0.0000e+00
       4870 312.960230  -62.31031  -58.54798      0.838    1446.04     66.000     65.355    -0.5825    -0.5817     0.0008    -0.5845    -0.5837     0.0008   2.805019   2.805030   0.000013    34.3021    34.3013     7.3536    27.5707    27.5701    34.3020    27.5707    1446.58    1446.58    -0.5844  1027.8911    34.4678 0.0000e+00
       4901 312.960245  -62.31032  -58.54798      0.817    1446.04     67.000     66.346    -0.5812    -0.5804     0.0008    -0.5832    -0.5824     0.0008   2.805174   2.805176   0.000002    34.3021    34.3012     7.3674    27.5707    27.5699    34.3020    27.5706    1446.60    1446.60    -0.5832  1027.8959    34.4679 0.0000e+00
       4934 312.960261  -62.31032  -58.54796      0.729    1446.04     68.000     67.336    -0.5811    -0.5802     0.0008    -0.5831    -0.5823     0.0008   2.805241   2.805232  -0.000012    34.3021    34.3010     7.3590    27.5707    27.5698    34.3021    27.5707    1446.62    1446.62    -0.5831  1027.9008    34.4680 0.0000e+00
       4963 312.960275  -62.31033  -58.54796      0.785    1446.10     69.000     68.326    -0.5808    -0.5805     0.0004    -0.5829    -0.5826     0.0004   2.805296   2.805266  -0.000027    34.3020    34.3013     7.3630    27.5706    27.5700    34.3020    27.5706    1446.63    1446.64    -0.5828  1027.9054    34.4678 0.0000e+00
       4988 312.960287  -62.31034  -58.54796      0.901    1446.34     70.000     69.316    -0.5803    -0.5797     0.0007    -0.5825    -0.5818     0.0007   2.805390   2.805372  -0.000016    34.3020    34.3011     7.3675    27.5706    27.5698    34.3021    27.5707    1446.65    1446.66    -0.5824  1027.9103    34.4680 0.0000e+00
       5016 312.960300  -62.31034  -58.54796      0.901    1446.34     71.000     70.306    -0.5806    -0.5798     0.0008    -0.5827    -0.5820     0.0008   2.805411   2.805412  -0.000003    34.3021    34.3012     7.3616    27.5707    27.5699    34.3020    27.5706    1446.67    1446.67    -0.5827  1027.9150    34.4679 0.0000e+00
       5045 312.960315  -62.31034  -58.54796      0.825    1446.34     72.000     71.296    -0.5801    -0.5798     0.0003    -0.5823    -0.5820     0.0003   2.805475   2.805451  -0.000019    34.3017    34.3010     7.3614    27.5703    27.5698    34.3017    27.5704    1446.69    1446.69    -0.5822  1027.9196    34.4677 0.0000e+00
       5074 312.960328  -62.31036  -58.54794      0.842    1446.34     73.000     72.286    -0.5793    -0.5786     0.0008    -0.5815    -0.5808     0.0008   2.805603   2.805595  -0.000005    34.3018    34.3009     7.3704    27.5704    27.5696    34.3019    27.5705    1446.71    1446.71    -0.5815  1027.9245    34.4678 0.0000e+00
       5105 312.960343  -62.31036  -58.54794      0.806    1446.34     74.000     73.276    -0.5798    -0.5790     0.0007    -0.5820    -0.5813     0.0007   2.805607   2.805600  -0.000008    34.3019    34.3010     7.3669    27.5705    27.5697    34.3019    27.5705    1446.72    1446.72    -0.5820  1027.9299    34.4686 0.0000e+00
       5144 312.960362  -62.31036 -9.990e-29      0.623    1446.34     75.000     74.266    -0.5795    -0.5788     0.0007    -0.5818    -0.5810     0.0007   2.805679   2.805662  -0.000020    34.3019    34.3008     7.3666    27.5705    27.5696    34.3019    27.5705    1446.74    1446.74    -0.5817  1027.9349    34.4690 0.0000e+00
       5178 312.960379  -62.31038 -9.990e-29      0.667    1446.34     76.000     75.256    -0.5816    -0.5807     0.0010    -0.5839    -0.5830     0.0010   2.805570   2.805564  -0.000005    34.3024    34.3013     7.3688    27.5710    27.5700    34.3022    27.5708    1446.74    1446.75    -0.5838  1027.9401    34.4693 0.0000e+00
       5206 312.960392  -62.31038  -58.54792      0.820    1446.34     77.000     76.246    -0.5833    -0.5826     0.0007    -0.5856    -0.5849     0.0007   2.805512   2.805484  -0.000024    34.3027    34.3016     7.3748    27.5713    27.5704    34.3027    27.5713    1446.75    1446.76    -0.5856  1027.9419    34.4656 0.0000e+00
       5233 312.960405 -9.990e-29  -58.54792      0.874    1446.34     78.000     77.236    -0.5827    -0.5823     0.0004    -0.5850    -0.5847     0.0004   2.805579   2.805544  -0.000037    34.3023    34.3014     7.3778    27.5710    27.5702    34.3023    27.5710    1446.77    1446.77    -0.5850  1027.9455    34.4641 0.0000e+00
       5265 312.960420 -9.990e-29  -58.54792      0.784    1446.34     79.000     78.226    -0.5822    -0.5817     0.0006    -0.5846    -0.5840     0.0006   2.805655   2.805621  -0.000026    34.3022    34.3012     7.3556    27.5709    27.5700    34.3022    27.5709    1446.79    1446.79    -0.5845  1027.9502    34.4640 0.0000e+00
       5296 312.960435  -62.31040  -58.54791      0.761    1446.34     80.000     79.216    -0.5827    -0.5823     0.0004    -0.5851    -0.5847     0.0004   2.805673   2.805639  -0.000038    34.3024    34.3013     7.3414    27.5710    27.5702    34.3023    27.5710    1446.81    1446.81    -0.5851  1027.9566    34.4660 0.0000e+00
       5324 312.960449  -62.31041  -58.54790      0.830    1446.34     81.000     80.206    -0.5822    -0.5815     0.0006    -0.5846    -0.5840     0.0006   2.805756   2.805731  -0.000024    34.3023    34.3012     7.3519    27.5709    27.5700    34.3023    27.5709    1446.82    1446.82    -0.5846  1027.9632    34.4683 0.0000e+00
       5353 312.960463  -62.31042  -58.54790      0.844    1446.34     82.000     81.196    -0.5835    -0.5833     0.0003    -0.5860    -0.5857     0.0003   2.805699   2.805659  -0.000041    34.3026    34.3017     7.3626    27.5712    27.5705    34.3024    27.5711    1446.83    1446.83    -0.5859  1027.9682    34.4684 0.0000e+00
       5385 312.960479  -62.31042  -58.54790      0.763    1446.34     83.000     82.186    -0.5842    -0.5836     0.0006    -0.5868    -0.5861     0.0006   2.805703   2.805681  -0.000022    34.3026    34.3016     7.3654    27.5713    27.5704    34.3026    27.5713    1446.85    1446.85    -0.5867  1027.9728    34.4682 0.0000e+00
       5416 312.960493 -9.990e-29  -58.54789      0.760    1446.34     84.000     83.176    -0.5864    -0.5860     0.0004    -0.5890    -0.5886     0.0004   2.805605   2.805563  -0.000039    34.3036    34.3026     7.3603    27.5722    27.5713    34.3032    27.5719    1446.85    1446.85    -0.5890  1027.9750    34.4649 0.0000e+00
       5444 312.960507 -9.990e-29  -58.54788      0.831    1446.34     85.000     84.166    -0.5898    -0.5887     0.0010    -0.5924    -0.5913     0.0010   2.805442   2.805434  -0.000015    34.3044    34.3031     7.3545    27.5730    27.5719    34.3042    27.5728    1446.85    1446.86    -0.5923  1027.9808    34.4659 0.0000e+00
       5476 312.960522 -9.990e-29  -58.54788      0.792    1446.34     86.000     85.156    -0.5918    -0.5903     0.0016    -0.5944    -0.5929     0.0016   2.805364   2.805385   0.000028    34.3055    34.3042     7.3430    27.5740    27.5728    34.3048    27.5734    1446.86    1446.87    -0.5943  1027.9862    34.4666 0.0000e+00
       5509 312.960538  -62.31046  -58.54787      0.719    1446.34     87.000     86.146    -0.6047    -0.6060    -0.0013    -0.6073    -0.6086    -0.0013   2.804655   2.804533  -0.000109    34.3097    34.3097     7.3426    27.5779    27.5780    34.3092    27.5775    1446.83    1446.82    -0.6073  1027.9982    34.4748 0.0000e+00
       5540 312.960553  -62.31047  -58.54786      0.771    1446.34     88.000     87.136    -0.5947    -0.5943     0.0004    -0.5974    -0.5970     0.0004   2.805201   2.805208  -0.000013    34.3048    34.3041     7.3258    27.5735    27.5729    34.3047    27.5734    1446.88    1446.88    -0.5973  1027.9993    34.4708 0.0000e+00
       5572 312.960569  -62.31048  -58.54786      0.752    1446.34     89.000     88.126    -0.5955    -0.5948     0.0007    -0.5982    -0.5975     0.0007   2.805218   2.805208  -0.000006    34.3052    34.3044     7.2943    27.5739    27.5732    34.3051    27.5738    1446.90    1446.90    -0.5981  1028.0045    34.4713 0.0000e+00
       5605 312.960584  -62.31048  -58.54786      0.721    1446.34     90.000     89.116    -0.6052    -0.6030     0.0021    -0.6079    -0.6058     0.0021   2.804687   2.804709   0.000028    34.3094    34.3073     7.2789    27.5777    27.5759    34.3083    27.5768    1446.87    1446.88    -0.6078  1028.0123    34.4746 0.0000e+00
       5630 312.960597  -62.31048  -58.54785      0.853    1446.34     91.000     90.106    -0.6128    -0.6114     0.0014    -0.6155    -0.6141     0.0014   2.804302   2.804285  -0.000021    34.3122    34.3102     7.2925    27.5803    27.5786    34.3112    27.5795    1446.85    1446.86    -0.6155  1028.0198    34.4774 0.0000e+00
       5655 312.960608  -62.31049  -58.54784      0.976    1446.34     92.000     91.096    -0.6157    -0.6151     0.0006    -0.6184    -0.6178     0.0006   2.804133   2.804082  -0.000047    34.3121    34.3108     7.3039    27.5804    27.5792    34.3116    27.5799    1446.86    1446.86    -0.6184  1028.0250    34.4778 0.0000e+00
       5683 312.960622  -62.31050  -58.54784      0.902    1446.34     93.000     92.086    -0.6157    -0.6147     0.0010    -0.6185    -0.6175     0.0010   2.804129   2.804162   0.000031    34.3116    34.3109     7.2763    27.5800    27.5793    34.3109    27.5794    1446.87    1446.88    -0.6184  1028.0293    34.4772 0.0000e+00
       5716 312.960638  -62.31050  -58.54784      0.741    1446.34     94.000     93.076    -0.6160    -0.6156     0.0004    -0.6188    -0.6184     0.0004   2.804183   2.804127  -0.000045    34.3115    34.3105     7.2374    27.5799    27.5790    34.3113    27.5798    1446.89    1446.89    -0.6188  1028.0344    34.4777 0.0000e+00
       5744 312.960651  -62.31052  -58.54784      0.812    1446.34     95.000     94.066    -0.6126    -0.6124     0.0002    -0.6155    -0.6153     0.0002   2.804629   2.804586  -0.000056    34.3128    34.3118     7.2117    27.5808    27.5800    34.3129    27.5809    1446.92    1446.92    -0.6154  1028.0403    34.4793 0.0000e+00
       5774 312.960666  -62.31052  -58.54782      0.837    1446.34     96.000     95.055    -0.6101    -0.6095     0.0005    -0.6130    -0.6124     0.0005   2.804971   2.804962  -0.000005    34.3139    34.3132     7.2077    27.5816    27.5810    34.3140    27.5817    1446.95    1446.95    -0.6129  1028.0459    34.4804 0.0000e+00
       5809 312.960683  -62.31052  -58.54782      0.699    1446.34     97.000     96.046    -0.6097    -0.6091     0.0006    -0.6127    -0.6121     0.0006   2.805089   2.805042  -0.000043    34.3148    34.3135     7.2098    27.5823    27.5812    34.3146    27.5821    1446.97    1446.97    -0.6126  1028.0512    34.4810 0.0000e+00
       5839 312.960697  -62.31054  -58.54782      0.741    1446.34     98.000     97.035    -0.6086    -0.6076     0.0010    -0.6115    -0.6106     0.0010   2.805302   2.805324   0.000019    34.3152    34.3144     7.1989    27.5826    27.5818    34.3155    27.5828    1446.99    1447.00    -0.6115  1028.0566    34.4819 0.0000e+00
