Pos-Processados/process_op42/operantar42_007.cnv
* Sea-Bird SBE 9 Data File:
* FileName = C:\Users\Hidrografia\Desktop\OPXLII\Brutos\OP42006.hdr
* Software Version Seasave V 7.26.7.107
* Temperature SN = 6502
* Conductivity SN = 4998
* Number of Bytes Per Scan = 31
* Number of Voltage Words = 2
* Number of Scans Averaged by the Deck Unit = 1
* NMEA Latitude = 41 49.29 S
* NMEA Longitude = 054 31.41 W
* NMEA UTC (Time) = Oct 18 2023 00:54:10
* NMEA baud rate = 4800
** H41
** NPOALTEMAXIMIANO
** NUMERO DA ESTACAO (XXX) 006
** LAT (XX XX.XX S/N) 41 49.31 S
** LONG (XXX XX.XX W/E) 054 31.42 W
** DATAHORA (dd/mm/aaaa hh:mm Z) 17/10/2023 0025Z
** PROFUNDIDADE (m) 5071
** OPERADOR CT FILIPE LOPES
# nquan = 30
# nvalues = 2027                        
# units = specified
# name 0 = scan: Scan Count
# name 1 = timeJ: Julian Days
# name 2 = latitude: Latitude [deg]
# name 3 = longitude: Longitude [deg]
# name 4 = dz/dtM: Descent Rate [m/s]
# name 5 = avgsvCM: Average Sound Velocity [Chen-Millero, m/s]
# name 6 = prDM: Pressure, Digiquartz [db]
# name 7 = depSM: Depth [salt water, m]
# name 8 = t090C: Temperature [ITS-90, deg C]
# name 9 = t190C: Temperature, 2 [ITS-90, deg C]
# name 10 = T2-T190C: Temperature Difference, 2 - 1 [ITS-90, deg C]
# name 11 = potemp090C: Potential Temperature [ITS-90, deg C]
# name 12 = potemp190C: Potential Temperature, 2 [ITS-90, deg C]
# name 13 = potemp90Cdiff: Potential Temperature, Diff, 2 - 1 [ITS-90, deg C]
# name 14 = c0S/m: Conductivity [S/m]
# name 15 = c1S/m: Conductivity, 2 [S/m]
# name 16 = C2-C1S/m: Conductivity Difference, 2 - 1 [S/m]
# name 17 = sal00: Salinity, Practical [PSU]
# name 18 = sal11: Salinity, Practical, 2 [PSU]
# name 19 = sbeox0ML/L: Oxygen, SBE 43 [ml/l]
# name 20 = sigma-é00: Density [sigma-theta, kg/m^3]
# name 21 = sigma-é11: Density, 2 [sigma-theta, kg/m^3]
# name 22 = sal00: Salinity, Practical [PSU]
# name 23 = sigma-é00: Density [sigma-theta, kg/m^3]
# name 24 = svCM: Sound Velocity [Chen-Millero, m/s]
# name 25 = svCM1: Sound Velocity, 2 [Chen-Millero, m/s]
# name 26 = gsw_ptA0: potential temperature [ITS-90, deg C]
# name 27 = gsw_densityA0: density, TEOS-10 [density, kg/m^3]
# name 28 = gsw_saA0: Absolute Salinity [g/kg]
# name 29 = flag:
# span 0 =       5829,      65275       
# span 1 = 291.040426, 291.069095       
# span 2 =  -41.82056,  -41.81190       
# span 3 =  -54.52299,  -54.51750       
# span 4 =     -1.512,      1.484       
# span 5 =       0.00,    1502.65       
# span 6 =      2.000,   1016.000       
# span 7 =      2.019,   1005.581       
# span 8 =     3.0698,    13.7247       
# span 9 =     3.0706,    13.7272       
# span 10 =    -0.5423,     0.5292      
# span 11 =     3.0038,    13.7226      
# span 12 =     3.0046,    13.7240      
# span 13 =    -0.5412,     0.5282      
# span 14 =   3.155142,   4.206754      
# span 15 =   3.155159,   4.207083      
# span 16 =  -0.052698,   0.056733      
# span 17 =    34.1191,    35.3569      
# span 18 =    34.1214,    35.3575      
# span 19 =     4.6802,     6.4864      
# span 20 =    26.5102,    27.3265      
# span 21 =    26.5122,    27.3263      
# span 22 =    34.1140,    35.3598      
# span 23 =    26.5205,    27.3264      
# span 24 =    1475.74,    1503.67      
# span 25 =    1475.75,    1503.66      
# span 26 =     3.0037,    13.7226      
# span 27 =  1026.5452,  1032.0304      
# span 28 =    34.2756,    35.5268      
# span 29 = 0.0000e+00, 0.0000e+00      
# interval = decibars: 1                
# start_time = Oct 18 2023 00:54:10 [NMEA time, header]
# bad_flag = -9.990e-29
*END*
[from data line 146]
      10424 291.042642  -41.81994  -54.52254      1.423    1500.09    148.000    146.789    10.9822    10.9829     0.0008    10.9640    10.9648     0.0008   3.898668   3.898934   0.000270    34.9022    34.9041     5.2893    26.7059    26.7073    34.8966    26.7015    1495.63    1495.63    10.9640  1027.3677    35.0617 0.0000e+00
      10448 291.042654  -41.81992  -54.52252      1.170    1500.09    149.000    147.781    10.9781    10.9784     0.0003    10.9598    10.9601     0.0003   3.898349   3.898554   0.000202    34.9015    34.9032     5.2206    26.7061    26.7074    34.8968    26.7024    1495.63    1495.63    10.9598  1027.3731    35.0619 0.0000e+00
      10485 291.042672  -41.81992  -54.52252      0.684    1500.09    150.000    148.772    10.9704    10.9716     0.0011    10.9520    10.9532     0.0011   3.897680   3.897867   0.000189    34.9015    34.9023     5.1834    26.7075    26.7079    34.8969    26.7040    1495.62    1495.62    10.9520  1027.3791    35.0621 0.0000e+00
      10516 291.042687  -41.81992  -54.52252      0.703    1500.09    151.000    149.764    10.9563    10.9572     0.0008    10.9378    10.9387     0.0008   3.896174   3.896377   0.000209    34.8992    34.9005     5.1931    26.7083    26.7092    34.8949    26.7049    1495.58    1495.59    10.9378  1027.3846    35.0600 0.0000e+00
      10540 291.042698  -41.81992  -54.52252      0.900    1500.09    152.000    150.755    10.9463    10.9476     0.0013    10.9277    10.9290     0.0013   3.895189   3.895463   0.000267    34.8982    34.8997     5.1993    26.7093    26.7103    34.8941    26.7062    1495.56    1495.57    10.9277  1027.3903    35.0592 0.0000e+00
      10565 291.042710  -41.81992  -54.52252      0.989    1500.09    153.000    151.747    10.9152    10.9181     0.0029    10.8965    10.8994     0.0029   3.891994   3.892175   0.000197    34.8986    34.8978     5.2019    26.7153    26.7142    34.8913    26.7096    1495.47    1495.48    10.8965  1027.3983    35.0564 0.0000e+00
      10594 291.042724  -41.81990  -54.52252      0.875    1500.09    154.000    152.738    10.8815    10.8822     0.0006    10.8627    10.8634     0.0006   3.888395   3.888483   0.000093    34.8924    34.8927     5.2028    26.7165    26.7167    34.8869    26.7123    1495.36    1495.36    10.8627  1027.4056    35.0520 0.0000e+00
      10624 291.042739  -41.81990  -54.52252      0.790    1500.09    155.000    153.729    10.8377    10.8401     0.0023    10.8188    10.8212     0.0023   3.883318   3.883514   0.000122    34.8862    34.8852     5.1974    26.7196    26.7184    34.8773    26.7126    1495.21    1495.22    10.8188  1027.4106    35.0423 0.0000e+00
      10652 291.042752  -41.81990  -54.52252      0.842    1500.09    156.000    154.721    10.7728    10.7730     0.0002    10.7539    10.7540     0.0002   3.875945   3.875811  -0.000071    34.8752    34.8743     5.2104    26.7226    26.7219    34.8647    26.7145    1494.98    1494.98    10.7539  1027.4171    35.0297 0.0000e+00
      10676 291.042764  -41.81990  -54.52252      0.932    1500.09    157.000    155.712    10.6498    10.6469    -0.0029    10.6309    10.6281    -0.0029   3.861422   3.860797  -0.000494    34.8599    34.8576     5.2259    26.7326    26.7313    34.8356    26.7136    1494.53    1494.52    10.6309  1027.4211    35.0004 0.0000e+00
      10703 291.042777  -41.81989  -54.52251      0.957    1500.09    158.000    156.704    10.4981    10.4981     0.0001    10.4792    10.4793     0.0001   3.845497   3.845094  -0.000485    34.8343    34.8294     5.2346    26.7395    26.7356    34.8195    26.7279    1493.99    1493.99    10.4792  1027.4403    34.9842 0.0000e+00
      10738 291.042794  -41.81988  -54.52250      0.735    1500.09    159.000    157.695    10.4751    10.4762     0.0011    10.4562    10.4573     0.0011   3.842498   3.842729   0.000206    34.8216    34.8226     5.2338    26.7336    26.7342    34.8107    26.7251    1493.91    1493.92    10.4562  1027.4420    34.9754 0.0000e+00
      10776 291.042812  -41.81988  -54.52250      0.604    1500.09    160.000    158.686    10.4479    10.4497     0.0018    10.4289    10.4307     0.0018   3.839516   3.839783   0.000279    34.8156    34.8167     5.2850    26.7337    26.7342    34.8061    26.7263    1493.83    1493.84    10.4289  1027.4478    34.9708 0.0000e+00
      10804 291.042826  -41.81988  -54.52250      0.784    1500.09    161.000    159.678    10.4327    10.4335     0.0009    10.4136    10.4145     0.0009   3.837821   3.838055   0.000235    34.8110    34.8125     5.2852    26.7328    26.7338    34.8030    26.7266    1493.79    1493.79    10.4136  1027.4527    34.9677 0.0000e+00
      10831 291.042839  -41.81988  -54.52250      0.875    1500.09    162.000    160.669    10.4280    10.4291     0.0010    10.4088    10.4098     0.0010   3.837368   3.837647   0.000287    34.8089    34.8109     5.2753    26.7320    26.7334    34.8024    26.7270    1493.79    1493.79    10.4088  1027.4575    34.9671 0.0000e+00
      10865 291.042855 -9.990e-29  -54.52249      0.765    1500.09    163.000    161.660    10.4245    10.4250     0.0005    10.4051    10.4057     0.0005   3.837036   3.837239   0.000199    34.8078    34.8093     5.2682    26.7318    26.7329    34.8020    26.7273    1493.79    1493.79    10.4051  1027.4622    34.9665 0.0000e+00
      10898 291.042871 -9.990e-29  -54.52248      0.681    1500.09    164.000    162.651    10.4145    10.4140    -0.0005    10.3950    10.3945    -0.0005   3.835984   3.836066   0.000090    34.8059    34.8074     5.2637    26.7321    26.7333    34.8005    26.7279    1493.77    1493.77    10.3950  1027.4672    34.9649 0.0000e+00
      10922 291.042883 -9.990e-29  -54.52248      0.869    1500.09    165.000    163.644    10.3937    10.3943     0.0006    10.3741    10.3747     0.0006   3.833677   3.833847   0.000209    34.8048    34.8063     5.2675    26.7348    26.7359    34.7966    26.7285    1493.71    1493.71    10.3741  1027.4724    34.9611 0.0000e+00
      10943 291.042892  -41.81986  -54.52248      1.075    1500.09    166.000    164.635    10.3426    10.3421    -0.0004    10.3230    10.3225    -0.0004   3.828169   3.828196  -0.000051    34.7995    34.7994     5.2736    26.7396    26.7396    34.7893    26.7317    1493.53    1493.53    10.3230  1027.4804    34.9539 0.0000e+00
      10963 291.042902  -41.81986  -54.52248      1.175    1500.09    167.000    165.626    10.2785    10.2831     0.0045    10.2589    10.2634     0.0045   3.821109   3.821482   0.000424    34.7904    34.7903     5.2759    26.7437    26.7429    34.7785    26.7344    1493.31    1493.32    10.2589  1027.4879    34.9431 0.0000e+00
      10987 291.042914  -41.81985  -54.52248      1.093    1500.09    168.000    166.617    10.2441    10.2438    -0.0003    10.2244    10.2241    -0.0003   3.817489   3.817549   0.000064    34.7817    34.7826     5.2697    26.7429    26.7436    34.7743    26.7371    1493.20    1493.20    10.2243  1027.4952    34.9389 0.0000e+00
      11017 291.042928  -41.81984  -54.52248      0.864    1500.09    169.000    167.608    10.2513    10.2507    -0.0006    10.2315    10.2308    -0.0006   3.818252   3.818527   0.000246    34.7798    34.7829     5.2590    26.7402    26.7427    34.7746    26.7362    1493.24    1493.24    10.2315  1027.4987    34.9392 0.0000e+00
      11048 291.042943  -41.81984  -54.52248      0.765    1500.09    170.000    168.600    10.2199    10.2254     0.0055    10.2000    10.2055     0.0055   3.814926   3.815410   0.000490    34.7799    34.7796     5.2713    26.7457    26.7445    34.7705    26.7384    1493.14    1493.16    10.2000  1027.5055    34.9351 0.0000e+00
      11075 291.042956  -41.81984  -54.52248      0.851    1500.09    171.000    169.591    10.1663    10.1670     0.0007    10.1463    10.1470     0.0007   3.808929   3.809042   0.000104    34.7693    34.7697     5.2686    26.7467    26.7469    34.7605    26.7398    1492.95    1492.96    10.1463  1027.5116    34.9250 0.0000e+00
      11097 291.042967  -41.81984  -54.52248      0.980    1500.09    172.000    170.583    10.1514    10.1519     0.0005    10.1313    10.1319     0.0005   3.807194   3.807425   0.000226    34.7640    34.7658     5.2473    26.7451    26.7464    34.7566    26.7394    1492.91    1492.91    10.1313  1027.5158    34.9212 0.0000e+00
      11118 291.042977  -41.81984  -54.52246      1.097    1500.09    173.000    171.574    10.0908    10.0934     0.0025    10.0707    10.0733     0.0025   3.800719   3.800770   0.000076    34.7608    34.7591     5.2443    26.7531    26.7513    34.7483    26.7433    1492.70    1492.71    10.0707  1027.5244    34.9128 0.0000e+00
      11139 291.042987  -41.81984  -54.52246      1.143    1500.09    174.000    172.566    10.0729    10.0723    -0.0006    10.0528    10.0522    -0.0006   3.799141   3.799251   0.000131    34.7545    34.7564     5.2466    26.7512    26.7528    34.7490    26.7469    1492.65    1492.65    10.0527  1027.5324    34.9133 0.0000e+00
      11161 291.042998 -9.990e-29  -54.52246      1.120    1500.09    175.000    173.557    10.1197    10.1267     0.0071    10.0993    10.1064     0.0071   3.805591   3.807174   0.001389    34.7609    34.7683     5.2389    26.7483    26.7528    34.7694    26.7548    1492.86    1492.90    10.0993  1027.5445    34.9337 0.0000e+00
      11185 291.043009 -9.990e-29  -54.52246      1.054    1500.09    176.000    174.548    10.3443    10.3487     0.0045    10.3235    10.3279     0.0045   3.831037   3.833610   0.002722    34.7925    34.8158     5.2122    26.7341    26.7515    34.8121    26.7494    1493.73    1493.77    10.3234  1027.5428    34.9766 0.0000e+00
      11214 291.043023 -9.990e-29  -54.52246      0.891    1500.09    177.000    175.540    10.5485    10.5546     0.0061    10.5273    10.5334     0.0061   3.855670   3.858495   0.002659    34.8435    34.8644     5.1836    26.7381    26.7534    34.8654    26.7552    1494.54    1494.59    10.5273  1027.5523    35.0301 0.0000e+00
      11246 291.043039 -9.990e-29  -54.52246      0.746    1500.09    178.000    176.531    10.8453    10.8231    -0.0222    10.8236    10.8014    -0.0221   3.892556   3.891211  -0.000863    34.9111    34.9235     5.1840    26.7381    26.7517    34.9523    26.7701    1495.71    1495.64    10.8235  1027.5713    35.1183 0.0000e+00
      11273 291.043052 -9.990e-29 -9.990e-29      0.835    1500.09    179.000    177.522    11.2953    11.2880    -0.0073    11.2728    11.2655    -0.0074   3.946563   3.948705   0.001602    35.0034    35.0262     5.2062    26.7283    26.7474    35.0618    26.7737    1497.43    1497.44    11.2728  1027.5778    35.2285 0.0000e+00
      11295 291.043062 -9.990e-29 -9.990e-29      0.991    1500.09    180.000    178.513    11.4185    11.4302     0.0117    11.3958    11.4075     0.0116   3.961079   3.962272   0.001283    35.0683    35.0699     5.3060    26.7561    26.7552    35.0882    26.7716    1497.90    1497.95    11.3958  1027.5796    35.2550 0.0000e+00
      11315 291.043072 -9.990e-29 -9.990e-29      1.128    1500.09    181.000    179.505    11.4262    11.4238    -0.0024    11.4033    11.4009    -0.0024   3.964042   3.963629  -0.000517    35.0753    35.0724     5.4204    26.7601    26.7584    35.1098    26.7870    1497.97    1497.96    11.4033  1027.5994    35.2767 0.0000e+00
      11335 291.043082  -41.81980  -54.52244      1.199    1500.07    182.000    180.496    11.6683    11.6946     0.0264    11.6450    11.6713     0.0263   3.993691   3.996365   0.002817    35.1288    35.1316     5.4687    26.7566    26.7538    35.1721    26.7903    1498.90    1498.99    11.6449  1027.6060    35.3390 0.0000e+00
      11360 291.043093  -41.81980  -54.52244      1.089 -9.990e-29    183.000    181.487    11.7209    11.7209    -0.0000    11.6974    11.6973    -0.0000   3.999394   3.999011  -0.000237    35.1511    35.1489     5.5329    26.7641    26.7623    35.1779    26.7849    1499.10    1499.10    11.6974  1027.6046    35.3444 0.0000e+00
      11388 291.043107  -41.81980  -54.52244      0.886 -9.990e-29    184.000    182.479    11.8260    11.8227    -0.0033    11.8022    11.7989    -0.0033   4.009843   4.011900   0.001950    35.1536    35.1758     5.5625    26.7462    26.7641    35.1806    26.7672    1499.48    1499.50    11.8022  1027.5910    35.3471 0.0000e+00
      11414 291.043120  -41.81978  -54.52244      0.875 -9.990e-29    185.000    183.470    11.8626    11.8711     0.0085    11.8386    11.8471     0.0085   4.015443   4.017583   0.002188    35.1753    35.1887     5.5842    26.7561    26.7649    35.2004    26.7756    1499.65    1499.69    11.8386  1027.6037    35.3670 0.0000e+00
      11439 291.043132  -41.81978  -54.52244      0.945    1499.49    186.000    184.461    11.9725    11.9678    -0.0047    11.9483    11.9436    -0.0047   4.029592   4.029950   0.000255    35.2046    35.2116     5.5656    26.7580    26.7643    35.2344    26.7811    1500.08    1500.08    11.9483  1027.6133    35.4012 0.0000e+00
      11464 291.043144  -41.81978  -54.52244      0.964    1499.48    187.000    185.453    11.9974    11.9955    -0.0019    11.9730    11.9710    -0.0019   4.032138   4.032655   0.000478    35.2174    35.2238     5.5870    26.7632    26.7686    35.2354    26.7772    1500.19    1500.19    11.9730  1027.6137    35.4022 0.0000e+00
      11491 291.043157  -41.81978  -54.52244      0.913    1499.48    188.000    186.444    11.9886    11.9961     0.0076    11.9640    11.9716     0.0075   4.031823   4.032610   0.000872    35.2258    35.2272     5.6286    26.7715    26.7711    35.2402    26.7826    1500.18    1500.20    11.9640  1027.6236    35.4070 0.0000e+00
      11518 291.043170  -41.81978  -54.52244      0.882    1499.48    189.000    187.435    11.9825    11.9838     0.0013    11.9578    11.9591     0.0013   4.031150   4.031038  -0.000018    35.2266    35.2252     5.6438    26.7733    26.7720    35.2389    26.7828    1500.17    1500.17    11.9578  1027.6282    35.4057 0.0000e+00
      11543 291.043182  -41.81978  -54.52244      0.933    1499.48    190.000    188.426    11.9814    11.9778    -0.0037    11.9566    11.9529    -0.0037   4.030838   4.030367  -0.000499    35.2258    35.2245     5.6381    26.7729    26.7725    35.2364    26.7811    1500.18    1500.17    11.9566  1027.6310    35.4033 0.0000e+00
      11567 291.043193  -41.81978  -54.52244      0.996    1499.48    191.000    189.417    11.9822    11.9807    -0.0015    11.9573    11.9558    -0.0015   4.031190   4.030938  -0.000319    35.2265    35.2248     5.6223    26.7732    26.7722    35.2387    26.7827    1500.20    1500.20    11.9573  1027.6370    35.4055 0.0000e+00
      11594 291.043207  -41.81977  -54.52244      0.937    1499.48    192.000    190.409    12.0228    12.0258     0.0030    11.9977    12.0006     0.0029   4.035670   4.036152   0.000535    35.2336    35.2361     5.6181    26.7711    26.7724    35.2436    26.7789    1500.37    1500.38    11.9977  1027.6375    35.4105 0.0000e+00
      11625 291.043222  -41.81976  -54.52244      0.782    1499.48    193.000    191.400    12.0032    12.0199     0.0168    11.9779    11.9947     0.0167   4.033371   4.034925   0.001456    35.2380    35.2364     5.6338    26.7782    26.7738    35.2393    26.7793    1500.31    1500.36    11.9779  1027.6424    35.4061 0.0000e+00
      11653 291.043235  -41.81976  -54.52243      0.806    1499.48    194.000    192.391    11.9386    11.9237    -0.0149    11.9133    11.8984    -0.0149   4.026273   4.023731  -0.002246    35.2261    35.2183     5.6467    26.7814    26.7781    35.2306    26.7849    1500.10    1500.03    11.9133  1027.6527    35.3974 0.0000e+00
