Pos-Processados/process_op42/operantar42_026.ros
* Sea-Bird SBE 9 Data File:
* FileName = C:\Users\Hidrografia\Desktop\OPXLII\Brutos\OP42026.hdr
* Software Version Seasave V 7.26.7.107
* Temperature SN = 6502
* Conductivity SN = 4998
* Number of Bytes Per Scan = 37
* Number of Voltage Words = 4
* Number of Scans Averaged by the Deck Unit = 1
* NMEA Latitude = 62 13.40 S
* NMEA Longitude = 058 12.50 W
* NMEA UTC (Time) = Nov 08 2023 16:16:15
* NMEA baud rate = 4800
** H41
** NPOALTEMAXIMIANO
** NUMERO DA ESTACAO (XXX) 026
** LAT (XX XX.XX S/N) 62  13.401 S
** LONG (XXX XX.XX W/E) 058  12.553 W
** DATAHORA (dd/mm/aaaa hh:mm Z) 08/11/2023 1615Z
** PROFUNDIDADE (m) 390
** OPERADOR 1T ZAMITH
# nquan = 24
# nvalues = 4040                                  
# units = specified
# name 0 = scan: Scan Count
# name 1 = timeJ: Julian Days
# name 2 = latitude: Latitude [deg]
# name 3 = longitude: Longitude [deg]
# name 4 = dz/dtM: Descent Rate [m/s]
# name 5 = avgsvCM: Average Sound Velocity [Chen-Millero, m/s]
# name 6 = prDM: Pressure, Digiquartz [db]
# name 7 = depSM: Depth [salt water, m]
# name 8 = t090C: Temperature [ITS-90, deg C]
# name 9 = t190C: Temperature, 2 [ITS-90, deg C]
# name 10 = T2-T190C: Temperature Difference, 2 - 1 [ITS-90, deg C]
# name 11 = potemp090C: Potential Temperature [ITS-90, deg C]
# name 12 = potemp190C: Potential Temperature, 2 [ITS-90, deg C]
# name 13 = potemp90Cdiff: Potential Temperature, Diff, 2 - 1 [ITS-90, deg C]
# name 14 = c0S/m: Conductivity [S/m]
# name 15 = c1S/m: Conductivity, 2 [S/m]
# name 16 = C2-C1S/m: Conductivity Difference, 2 - 1 [S/m]
# name 17 = sal00: Salinity, Practical [PSU]
# name 18 = sal11: Salinity, Practical, 2 [PSU]
# name 19 = sbeox0ML/L: Oxygen, SBE 43 [ml/l]
# name 20 = sigma-é00: Density [sigma-theta, kg/m^3]
# name 21 = sigma-é11: Density, 2 [sigma-theta, kg/m^3]
# name 22 = nbf: Bottles Fired
# name 23 = flag:  0.000e+00
# interval = seconds: 0.0416667
# start_time = Nov 08 2023 16:16:15 [NMEA time, header]
# bad_flag = -9.990e-29
*END*
[from data line 1389]
      25632 312.690312  -62.22492  -58.19496      0.160    1448.69     16.453     16.295    -0.8915    -0.8623     0.0292    -0.8920    -0.8627     0.0292   2.775155   2.777350   0.002195    34.2794    34.2760     7.7362    27.5652    27.5612          9  0.000e+00
      25633 312.690313  -62.22492  -58.19496      0.162    1448.69     16.445     16.287    -0.8920    -0.8626     0.0293    -0.8924    -0.8631     0.0293   2.775104   2.777322   0.002218    34.2792    34.2760     7.7357    27.5651    27.5613          9  0.000e+00
      25634 312.690313  -62.22492  -58.19496      0.156    1448.69     16.445     16.287    -0.8918    -0.8623     0.0295    -0.8922    -0.8627     0.0295   2.775138   2.777322   0.002184    34.2795    34.2756     7.7350    27.5653    27.5609          9  0.000e+00
      25635 312.690313  -62.22492  -58.19496      0.156    1448.69     16.510     16.350    -0.8920    -0.8618     0.0302    -0.8924    -0.8622     0.0302   2.775172   2.777344   0.002172    34.2801    34.2753     7.7410    27.5658    27.5607          9  0.000e+00
      25636 312.690314  -62.22492  -58.19496      0.156    1448.69     16.445     16.287    -0.8929    -0.8622     0.0307    -0.8933    -0.8626     0.0307   2.775076   2.777384   0.002308    34.2799    34.2763     7.7416    27.5656    27.5615          9  0.000e+00
      25637 312.690314  -62.22492  -58.19496      0.152    1448.69     16.453     16.295    -0.8943    -0.8641     0.0302    -0.8948    -0.8646     0.0302   2.774928   2.777344   0.002417    34.2795    34.2780     7.7360    27.5654    27.5630          9  0.000e+00
      25638 312.690315  -62.22492  -58.19496      0.150    1448.69     16.510     16.350    -0.8960    -0.8643     0.0317    -0.8964    -0.8647     0.0317   2.774769   2.777294   0.002525    34.2792    34.2775     7.7360    27.5652    27.5625          9  0.000e+00
      25639 312.690315  -62.22492  -58.19496      0.147    1448.69     16.445     16.287    -0.8971    -0.8637     0.0334    -0.8975    -0.8641     0.0334   2.774729   2.777300   0.002571    34.2800    34.2769     7.7421    27.5659    27.5621          9  0.000e+00
      25640 312.690316  -62.22492  -58.19496      0.144    1448.69     16.510     16.350    -0.8976    -0.8632     0.0344    -0.8980    -0.8637     0.0344   2.774752   2.777260   0.002509    34.2808    34.2758     7.7363    27.5666    27.5611          9  0.000e+00
      25641 312.690316  -62.22492  -58.19496      0.144    1448.69     16.509     16.350    -0.8972    -0.8632     0.0340    -0.8976    -0.8637     0.0340   2.774814   2.777255   0.002441    34.2812    34.2757     7.7423    27.5669    27.5611          9  0.000e+00
      25642 312.690317  -62.22492  -58.19496      0.140    1448.69     16.453     16.295    -0.8967    -0.8634     0.0333    -0.8972    -0.8638     0.0333   2.774791   2.777249   0.002458    34.2804    34.2759     7.7363    27.5662    27.5612          9  0.000e+00
      25643 312.690317  -62.22492  -58.19496      0.134    1448.69     16.445     16.287    -0.8963    -0.8635     0.0328    -0.8968    -0.8640     0.0328   2.774740   2.777232   0.002492    34.2793    34.2758     7.7358    27.5653    27.5612          9  0.000e+00
      25644 312.690318  -62.22492  -58.19496      0.132    1448.69     16.509     16.350    -0.8971    -0.8637     0.0334    -0.8975    -0.8641     0.0334   2.774729   2.777221   0.002492    34.2799    34.2758     7.7357    27.5658    27.5612          9  0.000e+00
      25645 312.690318  -62.22492  -58.19496      0.130    1448.69     16.509     16.350    -0.8972    -0.8639     0.0333    -0.8976    -0.8643     0.0333   2.774689   2.777249   0.002560    34.2795    34.2764     7.7354    27.5655    27.5616          9  0.000e+00
      25646 312.690319  -62.22492  -58.19496      0.129    1448.69     16.509     16.350    -0.8972    -0.8637     0.0336    -0.8977    -0.8641     0.0335   2.774678   2.777294   0.002616    34.2794    34.2768     7.7352    27.5654    27.5620          9  0.000e+00
      25647 312.690319  -62.22492  -58.19496      0.122    1448.69     16.453     16.295    -0.8974    -0.8632     0.0341    -0.8978    -0.8637     0.0341   2.774678   2.777322   0.002644    34.2796    34.2767     7.7349    27.5656    27.5618          9  0.000e+00
      25648 312.690320  -62.22492  -58.19496      0.121    1448.69     16.509     16.350    -0.8969    -0.8629     0.0340    -0.8973    -0.8634     0.0340   2.774678   2.777333   0.002655    34.2790    34.2764     7.7336    27.5651    27.5617          9  0.000e+00
      25649 312.690320  -62.22492  -58.19496      0.116    1448.69     16.445     16.287    -0.8966    -0.8631     0.0335    -0.8971    -0.8635     0.0335   2.774695   2.777350   0.002655    34.2790    34.2769     7.7322    27.5650    27.5620          9  0.000e+00
      25650 312.690321  -62.22492  -58.19496      0.113    1448.69     16.509     16.350    -0.8958    -0.8632     0.0326    -0.8963    -0.8637     0.0326   2.774723   2.777339   0.002616    34.2784    34.2769     7.7320    27.5645    27.5620          9  0.000e+00
      25651 312.690321  -62.22492  -58.19496      0.110    1448.69     16.509     16.350    -0.8951    -0.8640     0.0311    -0.8955    -0.8644     0.0311   2.774786   2.777328   0.002542    34.2784    34.2776     7.7317    27.5645    27.5626          9  0.000e+00
      25652 312.690322  -62.22492  -58.19496      0.104    1448.69     16.453     16.295    -0.8954    -0.8639     0.0315    -0.8958    -0.8643     0.0315   2.774791   2.777311   0.002519    34.2788    34.2773     7.7316    27.5649    27.5624          9  0.000e+00
      25653 312.690322  -62.22492  -58.19496      0.100    1448.69     16.510     16.350    -0.8955    -0.8637     0.0318    -0.8960    -0.8641     0.0318   2.774803   2.777305   0.002502    34.2792    34.2769     7.7316    27.5651    27.5621          9  0.000e+00
      25654 312.690323  -62.22492  -58.19496      0.095    1448.69     16.509     16.350    -0.8960    -0.8638     0.0322    -0.8964    -0.8643     0.0322   2.774729   2.777305   0.002576    34.2787    34.2771     7.7306    27.5648    27.5622          9  0.000e+00
      25655 312.690323  -62.22492  -58.19496      0.090    1448.69     16.445     16.287    -0.8960    -0.8635     0.0325    -0.8964    -0.8640     0.0325   2.774706   2.777305   0.002599    34.2784    34.2768     7.7306    27.5646    27.5620          9  0.000e+00
      25656 312.690324  -62.22492  -58.19496      0.088    1448.69     16.509     16.350    -0.8957    -0.8637     0.0320    -0.8961    -0.8641     0.0320   2.774706   2.777305   0.002599    34.2780    34.2769     7.7242    27.5642    27.5621          9  0.000e+00
      25657 312.690324  -62.22492  -58.19496      0.083    1448.69     16.509     16.350    -0.8955    -0.8637     0.0318    -0.8960    -0.8641     0.0318   2.774757   2.777288   0.002531    34.2785    34.2767     7.7297    27.5646    27.5619          9  0.000e+00
      25658 312.690325  -62.22492  -58.19496      0.080    1448.69     16.445     16.287    -0.8952    -0.8643     0.0309    -0.8956    -0.8647     0.0309   2.774763   2.777255   0.002492    34.2783    34.2770     7.7297    27.5644    27.5621          9  0.000e+00
      25659 312.690325  -62.22492  -58.19496      0.077    1448.69     16.509     16.350    -0.8955    -0.8641     0.0314    -0.8960    -0.8646     0.0314   2.774757   2.777249   0.002492    34.2785    34.2767     7.7301    27.5646    27.5619          9  0.000e+00
      25660 312.690326  -62.22492  -58.19496      0.070    1448.69     16.445     16.287    -0.8952    -0.8644     0.0308    -0.8956    -0.8649     0.0308   2.774757   2.777232   0.002475    34.2782    34.2768     7.7302    27.5643    27.5620          9  0.000e+00
      25661 312.690326  -62.22492  -58.19496      0.062    1448.69     16.445     16.287    -0.8954    -0.8660     0.0293    -0.8958    -0.8665     0.0293   2.774695   2.777182   0.002487    34.2775    34.2779     7.7306    27.5638    27.5630          9  0.000e+00
      25662 312.690326  -62.22492  -58.19496      0.062    1448.69     16.509     16.350    -0.8954    -0.8683     0.0272    -0.8959    -0.8687     0.0271   2.774695   2.777076   0.002381    34.2776    34.2790     7.7310    27.5638    27.5640          9  0.000e+00
      25663 312.690327  -62.22492  -58.19496      0.054    1448.69     16.453     16.294    -0.8947    -0.8701     0.0246    -0.8952    -0.8705     0.0246   2.774740   2.776997   0.002257    34.2774    34.2801     7.7312    27.5637    27.5649          9  0.000e+00
      25664 312.690327  -62.22492  -58.19496      0.050    1448.69     16.445     16.286    -0.8942    -0.8719     0.0222    -0.8946    -0.8724     0.0222   2.774837   2.776795   0.001959    34.2781    34.2794     7.7314    27.5642    27.5644          9  0.000e+00
      25665 312.690328  -62.22492  -58.19496      0.045    1448.69     16.509     16.350    -0.8942    -0.8728     0.0214    -0.8946    -0.8732     0.0214   2.774882   2.776611   0.001728    34.2787    34.2778     7.7319    27.5647    27.5632          9  0.000e+00
      25666 312.690328  -62.22492  -58.19496      0.040    1448.69     16.445     16.286    -0.8939    -0.8777     0.0162    -0.8943    -0.8781     0.0162   2.774888   2.776331   0.001443    34.2785    34.2797     7.7313    27.5645    27.5649          9  0.000e+00
      25667 312.690329  -62.22492  -58.19496      0.035    1448.69     16.445     16.286    -0.8944    -0.8826     0.0118    -0.8949    -0.8831     0.0118   2.774786   2.776017   0.001231    34.2777    34.2810     7.7320    27.5639    27.5661          9  0.000e+00
      25668 312.690329  -62.22492  -58.19496      0.030    1448.69     16.453     16.294    -0.8949    -0.8858     0.0091    -0.8953    -0.8863     0.0091   2.774615   2.775720   0.001105    34.2759    34.2806     7.7252    27.5625    27.5659          9  0.000e+00
      25669 312.690330  -62.22492  -58.19496      0.024    1448.69     16.445     16.286    -0.8954    -0.8858     0.0096    -0.8959    -0.8863     0.0096   2.774627   2.775614   0.000987    34.2767    34.2792     7.7313    27.5631    27.5648          9  0.000e+00
      25670 312.690330  -62.22492  -58.19496      0.019    1448.69     16.445     16.286    -0.8955    -0.8864     0.0091    -0.8960    -0.8869     0.0091   2.774735   2.775541   0.000806    34.2783    34.2789     7.7254    27.5644    27.5645          9  0.000e+00
      25671 312.690331  -62.22492  -58.19496      0.016    1448.69     16.445     16.286    -0.8956    -0.8880     0.0077    -0.8961    -0.8884     0.0077   2.774797   2.775440   0.000643    34.2792    34.2792     7.7316    27.5652    27.5649          9  0.000e+00
      25672 312.690331  -62.22492  -58.19496      0.011    1448.69     16.445     16.286    -0.8950    -0.8890     0.0059    -0.8954    -0.8895     0.0059   2.774808   2.775356   0.000548    34.2786    34.2793     7.7322    27.5647    27.5650          9  0.000e+00
      25673 312.690332  -62.22492  -58.19496      0.008    1448.69     16.453     16.294    -0.8947    -0.8898     0.0049    -0.8952    -0.8902     0.0049   2.774825   2.775300   0.000475    34.2786    34.2794     7.7265    27.5647    27.5651          9  0.000e+00
      25674 312.690332  -62.22492  -58.19496      0.002    1448.69     16.445     16.286    -0.8940    -0.8903     0.0037    -0.8944    -0.8907     0.0037   2.774752   2.775266   0.000515    34.2767    34.2795     7.7252    27.5631    27.5652          9  0.000e+00
      25675 312.690333  -62.22492  -58.19496     -0.000    1448.69     16.445     16.286    -0.8939    -0.8907     0.0032    -0.8943    -0.8911     0.0032   2.774825   2.775261   0.000435    34.2776    34.2799     7.7250    27.5638    27.5656          9  0.000e+00
      25676 312.690333  -62.22492  -58.19494     -0.006    1448.69     16.445     16.286    -0.8936    -0.8912     0.0024    -0.8941    -0.8917     0.0024   2.774979   2.775222   0.000243    34.2794    34.2800     7.7314    27.5653    27.5656          9  0.000e+00
      25677 312.690334  -62.22492  -58.19494     -0.013    1448.69     16.389     16.231    -0.8929    -0.8920     0.0009    -0.8933    -0.8924     0.0009   2.775059   2.775149   0.000090    34.2797    34.2799     7.7322    27.5655    27.5656          9  0.000e+00
      25678 312.690334  -62.22492  -58.19494     -0.015    1448.69     16.453     16.294    -0.8927    -0.8923     0.0004    -0.8932    -0.8927     0.0004   2.775030   2.775110   0.000080    34.2791    34.2797     7.7334    27.5650    27.5654          9  0.000e+00
      25679 312.690335  -62.22492  -58.19494     -0.021    1448.69     16.389     16.231    -0.8921    -0.8912     0.0010    -0.8926    -0.8916     0.0010   2.775036   2.775121   0.000085    34.2785    34.2786     7.7333    27.5645    27.5645          9  0.000e+00
      25680 312.690335  -62.22492  -58.19494     -0.023    1448.69     16.445     16.286    -0.8913    -0.8907     0.0006    -0.8918    -0.8912     0.0006   2.775064   2.775205   0.000141    34.2780    34.2792     7.7333    27.5640    27.5650          9  0.000e+00
      25681 312.690336  -62.22492  -58.19494     -0.029    1448.69     16.389     16.231    -0.8898    -0.8902    -0.0004    -0.8902    -0.8906    -0.0004   2.775189   2.775233   0.000044    34.2780    34.2790     7.7330    27.5640    27.5648          9  0.000e+00
      25682 312.690336  -62.22492  -58.19494     -0.031    1448.69     16.445     16.286    -0.8883    -0.8898    -0.0015    -0.8887    -0.8902    -0.0015   2.775388   2.775272  -0.000116    34.2789    34.2790     7.7327    27.5646    27.5648          9  0.000e+00
      25683 312.690337  -62.22492  -58.19494     -0.033    1448.69     16.453     16.294    -0.8880    -0.8896    -0.0017    -0.8884    -0.8901    -0.0017   2.775479   2.775266  -0.000213    34.2798    34.2788     7.7326    27.5654    27.5646          9  0.000e+00
      25684 312.690337  -62.22492  -58.19494     -0.035    1448.69     16.389     16.231    -0.8880    -0.8889    -0.0009    -0.8884    -0.8893    -0.0009   2.775337   2.775244  -0.000093    34.2779    34.2777     7.7339    27.5638    27.5637          9  0.000e+00
      25685 312.690338  -62.22492  -58.19494     -0.040    1448.69     16.389     16.231    -0.8881    -0.8889    -0.0008    -0.8885    -0.8893    -0.0008   2.775223   2.775272   0.000049    34.2765    34.2781     7.7352    27.5627    27.5640          9  0.000e+00
      25686 312.690338  -62.22492  -58.19494     -0.042    1448.69     16.445     16.286    -0.8883    -0.8886    -0.0004    -0.8887    -0.8891    -0.0004   2.775184   2.775306   0.000122    34.2761    34.2782     7.7290    27.5624    27.5641          9  0.000e+00
      25687 312.690339  -62.22492  -58.19494     -0.043    1448.69     16.389     16.231    -0.8895    -0.8880     0.0016    -0.8900    -0.8884     0.0016   2.775195   2.775350   0.000155    34.2777    34.2781     7.7283    27.5637    27.5640          9  0.000e+00
      25688 312.690339  -62.22492  -58.19494     -0.045    1448.69     16.453     16.294    -0.8892    -0.8872     0.0020    -0.8896    -0.8876     0.0020   2.775263   2.775367   0.000104    34.2782    34.2774     7.7286    27.5641    27.5634          9  0.000e+00
      25689 312.690340  -62.22492  -58.19494     -0.049    1448.69     16.324     16.167    -0.8889    -0.8864     0.0025    -0.8893    -0.8869     0.0025   2.775263   2.775401   0.000138    34.2780    34.2770     7.7277    27.5639    27.5631          9  0.000e+00
      25690 312.690340  -62.22492  -58.19494     -0.050    1448.69     16.389     16.231    -0.8883    -0.8861     0.0021    -0.8887    -0.8866     0.0021   2.775195   2.775457   0.000262    34.2763    34.2774     7.7282    27.5625    27.5634          9  0.000e+00
      25691 312.690340  -62.22492  -58.19494     -0.051    1448.69     16.445     16.286    -0.8881    -0.8853     0.0027    -0.8885    -0.8858     0.0027   2.775195   2.775468   0.000273    34.2760    34.2766     7.7276    27.5623    27.5627          9  0.000e+00
