Pos-Processados/process_op42/operantar42_045.cnv
* Sea-Bird SBE 9 Data File:
* FileName = C:\Users\Hidrografia\Desktop\OPXLII\Brutos\OP42045.hdr
* Software Version Seasave V 7.26.7.107
* Temperature SN = 6502
* Conductivity SN = 4998
* Number of Bytes Per Scan = 37
* Number of Voltage Words = 4
* Number of Scans Averaged by the Deck Unit = 1
* NMEA Latitude = 62 08.59 S
* NMEA Longitude = 058 26.59 W
* NMEA UTC (Time) = Nov 09 2023 20:07:12
* NMEA baud rate = 4800
** H41
** NPOALTEMAXIMIANO
** NUMERO DA ESTACAO (XXX) 045
** LAT (XX XX.XX S/N) 62 08.569 S
** LONG (XXX XX.XX W/E) 058 26.605 W
** DATAHORA (dd/mm/aaaa hh:mm Z) 09/11/2023 2006Z
** PROFUNDIDADE (m) 402
** OPERADOR CT FABIREZA
# nquan = 30
# nvalues = 743                         
# units = specified
# name 0 = scan: Scan Count
# name 1 = timeJ: Julian Days
# name 2 = latitude: Latitude [deg]
# name 3 = longitude: Longitude [deg]
# name 4 = dz/dtM: Descent Rate [m/s]
# name 5 = avgsvCM: Average Sound Velocity [Chen-Millero, m/s]
# name 6 = prDM: Pressure, Digiquartz [db]
# name 7 = depSM: Depth [salt water, m]
# name 8 = t090C: Temperature [ITS-90, deg C]
# name 9 = t190C: Temperature, 2 [ITS-90, deg C]
# name 10 = T2-T190C: Temperature Difference, 2 - 1 [ITS-90, deg C]
# name 11 = potemp090C: Potential Temperature [ITS-90, deg C]
# name 12 = potemp190C: Potential Temperature, 2 [ITS-90, deg C]
# name 13 = potemp90Cdiff: Potential Temperature, Diff, 2 - 1 [ITS-90, deg C]
# name 14 = c0S/m: Conductivity [S/m]
# name 15 = c1S/m: Conductivity, 2 [S/m]
# name 16 = C2-C1S/m: Conductivity Difference, 2 - 1 [S/m]
# name 17 = sal00: Salinity, Practical [PSU]
# name 18 = sal11: Salinity, Practical, 2 [PSU]
# name 19 = sbeox0ML/L: Oxygen, SBE 43 [ml/l]
# name 20 = sigma-é00: Density [sigma-theta, kg/m^3]
# name 21 = sigma-é11: Density, 2 [sigma-theta, kg/m^3]
# name 22 = sal00: Salinity, Practical [PSU]
# name 23 = sigma-é00: Density [sigma-theta, kg/m^3]
# name 24 = svCM: Sound Velocity [Chen-Millero, m/s]
# name 25 = svCM1: Sound Velocity, 2 [Chen-Millero, m/s]
# name 26 = gsw_ptA0: potential temperature [ITS-90, deg C]
# name 27 = gsw_densityA0: density, TEOS-10 [density, kg/m^3]
# name 28 = gsw_saA0: Absolute Salinity [g/kg]
# name 29 = flag:
# span 0 =       2613,      25744       
# span 1 = 313.839593, 313.850748       
# span 2 =  -62.14800,  -62.14370       
# span 3 =  -58.44308,  -58.43829       
# span 4 =     -1.154,      1.035       
# span 5 =       0.00,    1448.29       
# span 6 =      2.000,    373.000       
# span 7 =      1.976,    369.084       
# span 8 =    -0.8214,    -0.3808       
# span 9 =    -0.8203,    -0.3804       
# span 10 =    -0.0056,     0.0200      
# span 11 =    -0.8290,    -0.3938      
# span 12 =    -0.8279,    -0.3934      
# span 13 =    -0.0056,     0.0199      
# span 14 =   2.792645,   2.844280      
# span 15 =   2.792622,   2.844185      
# span 16 =  -0.000599,   0.001797      
# span 17 =    34.2765,    34.4133      
# span 18 =    34.2755,    34.4125      
# span 19 =     6.5348,     7.6471      
# span 20 =    27.5478,    27.6521      
# span 21 =    27.5469,    27.6516      
# span 22 =    34.2769,    34.4133      
# span 23 =    27.5480,    27.6521      
# span 24 =    1445.65,    1452.67      
# span 25 =    1445.66,    1452.67      
# span 26 =    -0.8288,    -0.3936      
# span 27 =  1027.5622,  1029.4338      
# span 28 =    34.4387,    34.5835      
# span 29 = 0.0000e+00, 0.0000e+00      
# interval = decibars: 1                
# start_time = Nov 09 2023 20:07:12 [NMEA time, header]
# bad_flag = -9.990e-29
*END*
[from data line 49]
       4675 313.840588  -62.14410  -58.44294      0.917    1445.96     51.000     50.505    -0.5851    -0.5847     0.0004    -0.5866    -0.5862     0.0004   2.802401   2.802458   0.000080    34.2789    34.2795     7.6066    27.5521    27.5526    34.2789    27.5521    1446.29    1446.30    -0.5866  1027.8002    34.4438 0.0000e+00
       4700 313.840600  -62.14410  -58.44294      0.959    1445.96     52.000     51.495    -0.5869    -0.5862     0.0007    -0.5885    -0.5878     0.0007   2.802408   2.802400  -0.000008    34.2806    34.2797     7.6125    27.5535    27.5528    34.2804    27.5534    1446.30    1446.31    -0.5884  1027.8069    34.4460 0.0000e+00
       4726 313.840612  -62.14410  -58.44294      0.961    1445.96     53.000     52.485    -0.5873    -0.5863     0.0009    -0.5889    -0.5879     0.0009   2.802435   2.802442   0.000001    34.2806    34.2796     7.6218    27.5535    27.5527    34.2806    27.5535    1446.32    1446.32    -0.5888  1027.8118    34.4462 0.0000e+00
       4751 313.840624  -62.14410  -58.44294      0.952    1445.96     54.000     53.475    -0.5793    -0.5792     0.0001    -0.5809    -0.5808     0.0001   2.803104   2.803073  -0.000019    34.2790    34.2786     7.6148    27.5520    27.5517    34.2799    27.5527    1446.37    1446.37    -0.5809  1027.8157    34.4455 0.0000e+00
       4776 313.840636  -62.14411  -58.44294      0.959    1445.96     55.000     54.465    -0.5769    -0.5762     0.0008    -0.5786    -0.5778     0.0008   2.803224   2.803327   0.000102    34.2781    34.2787     7.6078    27.5511    27.5515    34.2783    27.5512    1446.39    1446.40    -0.5785  1027.8190    34.4439 0.0000e+00
       4801 313.840648  -62.14412  -58.44294      0.959    1445.96     56.000     55.455    -0.5785    -0.5776     0.0009    -0.5801    -0.5792     0.0009   2.803307   2.803299  -0.000007    34.2803    34.2791     7.6092    27.5529    27.5520    34.2805    27.5531    1446.41    1446.41    -0.5801  1027.8257    34.4461 0.0000e+00
       4826 313.840660  -62.14412  -58.44294      0.957    1445.96     57.000     56.445    -0.5833    -0.5806     0.0026    -0.5850    -0.5824     0.0026   2.802971   2.803069   0.000095    34.2814    34.2798     7.6126    27.5541    27.5526    34.2808    27.5535    1446.40    1446.41    -0.5850  1027.8309    34.4464 0.0000e+00
       4851 313.840672  -62.14412  -58.44294      0.964    1445.96     58.000     57.435    -0.5872    -0.5835     0.0036    -0.5889    -0.5853     0.0036   2.802701   2.802913   0.000171    34.2813    34.2795     7.6096    27.5541    27.5525    34.2809    27.5538    1446.40    1446.41    -0.5889  1027.8360    34.4466 0.0000e+00
       4876 313.840684  -62.14414  -58.44292      0.962    1445.96     59.000     58.425    -0.5887    -0.5869     0.0018    -0.5905    -0.5886     0.0018   2.802636   2.802674   0.000073    34.2810    34.2799     7.6199    27.5540    27.5530    34.2811    27.5541    1446.41    1446.41    -0.5904  1027.8410    34.4468 0.0000e+00
       4902 313.840697  -62.14414  -58.44292      0.933    1445.96     60.000     59.416    -0.5827    -0.5817     0.0010    -0.5845    -0.5835     0.0010   2.803176   2.803143  -0.000037    34.2809    34.2794     7.6192    27.5536    27.5523    34.2810    27.5537    1446.45    1446.45    -0.5844  1027.8455    34.4467 0.0000e+00
       4928 313.840709  -62.14414  -58.44292      0.920    1445.96     61.000     60.406    -0.5840    -0.5835     0.0005    -0.5858    -0.5853     0.0005   2.803083   2.803046  -0.000027    34.2804    34.2795     7.6223    27.5533    27.5525    34.2806    27.5535    1446.46    1446.46    -0.5858  1027.8500    34.4463 0.0000e+00
       4952 313.840721  -62.14414  -58.44292      0.952    1445.96     62.000     61.396    -0.5794    -0.5785     0.0009    -0.5812    -0.5803     0.0009   2.803526   2.803501  -0.000029    34.2803    34.2789     7.6166    27.5530    27.5518    34.2808    27.5534    1446.50    1446.50    -0.5812  1027.8547    34.4464 0.0000e+00
       4976 313.840733  -62.14414  -58.44292      0.986    1445.96     63.000     62.386    -0.5805    -0.5793     0.0012    -0.5824    -0.5812     0.0012   2.803464   2.803464 4.8552e-07    34.2808    34.2794     7.6147    27.5534    27.5523    34.2806    27.5533    1446.51    1446.51    -0.5823  1027.8594    34.4463 0.0000e+00
       5001 313.840744  -62.14414  -58.44292      0.995    1445.96     64.000     63.376    -0.5817    -0.5802     0.0015    -0.5836    -0.5821     0.0015   2.803406   2.803458   0.000046    34.2804    34.2794     7.6149    27.5532    27.5523    34.2805    27.5533    1446.52    1446.53    -0.5836  1027.8642    34.4462 0.0000e+00
       5025 313.840756  -62.14416  -58.44292      0.983    1445.96     65.000     64.366    -0.5907    -0.5873     0.0034    -0.5927    -0.5893     0.0034   2.802881   2.802936   0.000054    34.2838    34.2806     7.6118    27.5563    27.5536    34.2831    27.5557    1446.50    1446.51    -0.5926  1027.8714    34.4488 0.0000e+00
       5052 313.840769  -62.14416  -58.44292      0.940    1445.96     66.000     65.356    -0.5864    -0.5859     0.0005    -0.5884    -0.5879     0.0005   2.803165   2.803081  -0.000081    34.2815    34.2798     7.6041    27.5543    27.5529    34.2814    27.5542    1446.53    1446.53    -0.5883  1027.8746    34.4471 0.0000e+00
       5078 313.840782  -62.14416  -58.44292      0.899    1445.96     67.000     66.346    -0.5851    -0.5861    -0.0010    -0.5871    -0.5881    -0.0010   2.803245   2.803134  -0.000112    34.2802    34.2798     7.6128    27.5532    27.5529    34.2804    27.5533    1446.55    1446.55    -0.5871  1027.8794    34.4471 0.0000e+00
       5105 313.840795  -62.14417 -9.990e-29      0.892    1445.96     68.000     67.336    -0.5953    -0.5939     0.0014    -0.5973    -0.5960     0.0014   2.802548   2.802504  -0.000035    34.2836    34.2816     7.6199    27.5563    27.5546    34.2819    27.5550    1446.52    1446.53    -0.5973  1027.8860    34.4487 0.0000e+00
       5131 313.840808  -62.14418 -9.990e-29      0.910    1445.96     69.000     68.327    -0.6076    -0.6072     0.0004    -0.6097    -0.6093     0.0004   2.801612   2.801531  -0.000080    34.2834    34.2818     7.6213    27.5567    27.5554    34.2826    27.5561    1446.48    1446.48    -0.6096  1027.8919    34.4495 0.0000e+00
       5157 313.840820  -62.14418  -58.44290      0.917    1445.96     70.000     69.316    -0.6010    -0.6016    -0.0006    -0.6031    -0.6037    -0.0006   2.802060   2.802024  -0.000037    34.2802    34.2804     7.6045    27.5539    27.5541    34.2805    27.5541    1446.53    1446.53    -0.6030  1027.8946    34.4472 0.0000e+00
       5183 313.840832  -62.14418  -58.44290      0.932    1445.96     71.000     70.307    -0.5922    -0.5919     0.0002    -0.5943    -0.5941     0.0002   2.802815   2.802832   0.000018    34.2794    34.2794     7.6085    27.5529    27.5528    34.2801    27.5534    1446.58    1446.59    -0.5943  1027.8978    34.4459 0.0000e+00
       5208 313.840844  -62.14419  -58.44290      0.950    1445.96     72.000     71.297    -0.5877    -0.5855     0.0022    -0.5899    -0.5877     0.0022   2.803312   2.803355   0.000044    34.2812    34.2794     7.6047    27.5541    27.5525    34.2811    27.5540    1446.62    1446.63    -0.5898  1027.9032    34.4469 0.0000e+00
       5234 313.840857  -62.14420  -58.44290      0.940    1445.96     73.000     72.287    -0.6009    -0.5988     0.0021    -0.6031    -0.6010     0.0021   2.802352   2.802334  -0.000065    34.2847    34.2815     7.6109    27.5575    27.5548    34.2825    27.5558    1446.58    1446.59    -0.6030  1027.9098    34.4483 0.0000e+00
       5261 313.840870  -62.14420  -58.44290      0.910    1445.96     74.000     73.277    -0.6319    -0.6292     0.0027    -0.6342    -0.6314     0.0027   2.800089   2.799975  -0.000061    34.2887    34.2848     7.6139    27.5621    27.5588    34.2865    27.5603    1446.45    1446.46    -0.6341  1027.9192    34.4523 0.0000e+00
       5287 313.840883  -62.14420  -58.44290      0.906    1445.96     75.000     74.267    -0.6340    -0.6337     0.0003    -0.6362    -0.6359     0.0003   2.799681   2.799640  -0.000043    34.2840    34.2831     7.6039    27.5584    27.5576    34.2827    27.5573    1446.46    1446.46    -0.6362  1027.9210    34.4485 0.0000e+00
       5313 313.840895  -62.14422  -58.44290      0.920    1446.15     76.000     75.257    -0.6357    -0.6347     0.0010    -0.6379    -0.6369     0.0010   2.799576   2.799596   0.000022    34.2838    34.2829     7.6017    27.5582    27.5575    34.2826    27.5573    1446.47    1446.47    -0.6379  1027.9258    34.4484 0.0000e+00
       5338 313.840907  -62.14422  -58.44290      0.937    1446.21     77.000     76.247    -0.6378    -0.6368     0.0010    -0.6401    -0.6391     0.0010   2.799487   2.799484  -0.000002    34.2842    34.2831     7.6051    27.5587    27.5577    34.2832    27.5579    1446.47    1446.47    -0.6400  1027.9312    34.4490 0.0000e+00
       5363 313.840919  -62.14422  -58.44290      0.952    1446.21     78.000     77.237    -0.6381    -0.6373     0.0007    -0.6404    -0.6397     0.0007   2.799512   2.799494  -0.000017    34.2841    34.2830     7.6040    27.5586    27.5577    34.2832    27.5579    1446.49    1446.49    -0.6404  1027.9360    34.4491 0.0000e+00
       5388 313.840931  -62.14422  -58.44290      0.964    1446.21     79.000     78.227    -0.6392    -0.6382     0.0010    -0.6416    -0.6406     0.0010   2.799462   2.799467   0.000011    34.2840    34.2830     7.6022    27.5586    27.5577    34.2832    27.5580    1446.50    1446.50    -0.6415  1027.9408    34.4491 0.0000e+00
       5414 313.840944  -62.14424  -58.44288      0.952    1446.21     80.000     79.217    -0.6395    -0.6385     0.0011    -0.6419    -0.6409     0.0011   2.799493   2.799498   0.000004    34.2840    34.2829     7.5967    27.5586    27.5577    34.2833    27.5581    1446.51    1446.52    -0.6418  1027.9458    34.4492 0.0000e+00
       5440 313.840957  -62.14424  -58.44288      0.914    1446.21     81.000     80.207    -0.6396    -0.6391     0.0005    -0.6420    -0.6415     0.0005   2.799542   2.799505  -0.000038    34.2840    34.2829     7.5910    27.5586    27.5577    34.2834    27.5582    1446.53    1446.53    -0.6419  1027.9506    34.4493 0.0000e+00
       5466 313.840969  -62.14424  -58.44288      0.910    1446.21     82.000     81.197    -0.6397    -0.6390     0.0007    -0.6421    -0.6414     0.0007   2.799570   2.799563  -0.000007    34.2839    34.2830     7.5930    27.5586    27.5578    34.2834    27.5581    1446.55    1446.55    -0.6421  1027.9554    34.4493 0.0000e+00
       5491 313.840981  -62.14424  -58.44288      0.956    1446.21     83.000     82.187    -0.6414    -0.6408     0.0006    -0.6439    -0.6433     0.0006   2.799493   2.799457  -0.000025    34.2842    34.2832     7.5983    27.5589    27.5580    34.2837    27.5584    1446.55    1446.56    -0.6438  1027.9605    34.4496 0.0000e+00
       5515 313.840993  -62.14425  -58.44288      0.988    1446.21     84.000     83.177    -0.6457    -0.6455     0.0003    -0.6482    -0.6479     0.0003   2.799203   2.799135  -0.000072    34.2849    34.2836     7.5900    27.5596    27.5586    34.2840    27.5589    1446.55    1446.55    -0.6481  1027.9658    34.4500 0.0000e+00
       5539 313.841004  -62.14426  -58.44288      0.989    1446.21     85.000     84.167    -0.6471    -0.6461     0.0010    -0.6496    -0.6486     0.0010   2.799134   2.799121  -0.000012    34.2844    34.2831     7.5893    27.5592    27.5582    34.2840    27.5589    1446.56    1446.56    -0.6496  1027.9706    34.4500 0.0000e+00
       5565 313.841016  -62.14426  -58.44288      0.968    1446.21     86.000     85.157    -0.6471    -0.6466     0.0006    -0.6497    -0.6491     0.0006   2.799147   2.799128  -0.000021    34.2843    34.2833     7.5903    27.5591    27.5584    34.2836    27.5586    1446.58    1446.58    -0.6496  1027.9754    34.4500 0.0000e+00
       5592 313.841030  -62.14426 -9.990e-29      0.908    1446.21     87.000     86.147    -0.6515    -0.6503     0.0011    -0.6540    -0.6529     0.0011   2.798879   2.798857  -0.000020    34.2851    34.2835     7.5885    27.5600    27.5587    34.2842    27.5593    1446.57    1446.58    -0.6540  1027.9815    34.4514 0.0000e+00
       5620 313.841043  -62.14428 -9.990e-29      0.862    1446.21     88.000     87.137    -0.6490    -0.6489     0.0001    -0.6516    -0.6515     0.0001   2.799131   2.799052  -0.000086    34.2841    34.2829     7.5859    27.5591    27.5581    34.2842    27.5592    1446.60    1446.60    -0.6515  1027.9862    34.4514 0.0000e+00
       5646 313.841056  -62.14428 -9.990e-29      0.881    1446.21     89.000     88.127    -0.6465    -0.6453     0.0012    -0.6491    -0.6480     0.0012   2.799359   2.799372   0.000020    34.2841    34.2830     7.5871    27.5590    27.5581    34.2838    27.5588    1446.63    1446.63    -0.6491  1027.9905    34.4510 0.0000e+00
       5671 313.841068  -62.14428  -58.44286      0.939    1446.21     90.000     89.117    -0.6469    -0.6462     0.0007    -0.6496    -0.6488     0.0007   2.799383   2.799363  -0.000024    34.2842    34.2831     7.5820    27.5591    27.5582    34.2840    27.5590    1446.64    1446.64    -0.6495  1027.9949    34.4505 0.0000e+00
       5695 313.841079  -62.14428  -58.44286      0.990    1446.21     91.000     90.107    -0.6471    -0.6469     0.0002    -0.6498    -0.6496     0.0002   2.799378   2.799307  -0.000042    34.2840    34.2832     7.5828    27.5589    27.5583    34.2836    27.5586    1446.66    1446.66    -0.6497  1027.9991    34.4497 0.0000e+00
       5719 313.841091  -62.14430  -58.44286      1.011    1446.21     92.000     91.097    -0.6540    -0.6521     0.0018    -0.6567    -0.6549     0.0018   2.798935   2.798952  -0.000013    34.2857    34.2834     7.5880    27.5606    27.5587    34.2848    27.5599    1446.64    1446.65    -0.6567  1028.0051    34.4509 0.0000e+00
       5744 313.841103  -62.14430  -58.44284      0.974    1446.21     93.000     92.087    -0.6563    -0.6571    -0.0008    -0.6590    -0.6598    -0.0008   2.798728   2.798559  -0.000148    34.2846    34.2835     7.5869    27.5598    27.5589    34.2839    27.5593    1446.65    1446.64    -0.6590  1028.0093    34.4501 0.0000e+00
       5771 313.841116  -62.14430  -58.44284      0.917    1446.21     94.000     93.077    -0.6626    -0.6623     0.0003    -0.6654    -0.6651     0.0003   2.798234   2.798144  -0.000100    34.2849    34.2832     7.5856    27.5603    27.5590    34.2838    27.5595    1446.63    1446.63    -0.6653  1028.0144    34.4500 0.0000e+00
       5798 313.841129  -62.14431  -58.44284      0.890    1446.21     95.000     94.067    -0.6717    -0.6705     0.0012    -0.6745    -0.6733     0.0012   2.797474   2.797440  -0.000023    34.2847    34.2830     7.5842    27.5606    27.5591    34.2832    27.5594    1446.61    1446.61    -0.6744  1028.0191    34.4494 0.0000e+00
       5826 313.841143  -62.14432  -58.44284      0.858    1446.21     96.000     95.057    -0.6885    -0.6878     0.0007    -0.6914    -0.6907     0.0007   2.796176   2.796022  -0.000177    34.2868    34.2836     7.5886    27.5630    27.5603    34.2842    27.5609    1446.55    1446.54    -0.6913  1028.0254    34.4504 0.0000e+00
       5854 313.841156  -62.14432  -58.44284      0.861    1446.21     97.000     96.047    -0.7051    -0.7037     0.0013    -0.7079    -0.7066     0.0013   2.794735   2.794705  -0.000034    34.2851    34.2831     7.5836    27.5623    27.5607    34.2828    27.5605    1446.48    1446.49    -0.7079  1028.0299    34.4490 0.0000e+00
