Pos-Processados/process_op42/operantar42_031.cnv
* Sea-Bird SBE 9 Data File:
* FileName = C:\Users\Hidrografia\Desktop\OPXLII\Brutos\OP42031.hdr
* Software Version Seasave V 7.26.7.107
* Temperature SN = 6502
* Conductivity SN = 4998
* Number of Bytes Per Scan = 37
* Number of Voltage Words = 4
* Number of Scans Averaged by the Deck Unit = 1
* NMEA Latitude = 62 08.51 S
* NMEA Longitude = 058 26.69 W
* NMEA UTC (Time) = Nov 09 2023 06:07:33
* NMEA baud rate = 4800
** H41
** NPOALTEMAXIMIANO
** NUMERO DA ESTACAO (XXX) 031
** LAT (XX XX.XX S/N) 62 08.5 S
** LONG (XXX XX.XX W/E) 058 26.7 W
** DATAHORA (dd/mm/aaaa hh:mm Z) 09/11/2023 0606Z
** PROFUNDIDADE (m) 410
** OPERADOR CT FILIPE LOPES
# nquan = 30
# nvalues = 738                         
# units = specified
# name 0 = scan: Scan Count
# name 1 = timeJ: Julian Days
# name 2 = latitude: Latitude [deg]
# name 3 = longitude: Longitude [deg]
# name 4 = dz/dtM: Descent Rate [m/s]
# name 5 = avgsvCM: Average Sound Velocity [Chen-Millero, m/s]
# name 6 = prDM: Pressure, Digiquartz [db]
# name 7 = depSM: Depth [salt water, m]
# name 8 = t090C: Temperature [ITS-90, deg C]
# name 9 = t190C: Temperature, 2 [ITS-90, deg C]
# name 10 = T2-T190C: Temperature Difference, 2 - 1 [ITS-90, deg C]
# name 11 = potemp090C: Potential Temperature [ITS-90, deg C]
# name 12 = potemp190C: Potential Temperature, 2 [ITS-90, deg C]
# name 13 = potemp90Cdiff: Potential Temperature, Diff, 2 - 1 [ITS-90, deg C]
# name 14 = c0S/m: Conductivity [S/m]
# name 15 = c1S/m: Conductivity, 2 [S/m]
# name 16 = C2-C1S/m: Conductivity Difference, 2 - 1 [S/m]
# name 17 = sal00: Salinity, Practical [PSU]
# name 18 = sal11: Salinity, Practical, 2 [PSU]
# name 19 = sbeox0ML/L: Oxygen, SBE 43 [ml/l]
# name 20 = sigma-é00: Density [sigma-theta, kg/m^3]
# name 21 = sigma-é11: Density, 2 [sigma-theta, kg/m^3]
# name 22 = sal00: Salinity, Practical [PSU]
# name 23 = sigma-é00: Density [sigma-theta, kg/m^3]
# name 24 = svCM: Sound Velocity [Chen-Millero, m/s]
# name 25 = svCM1: Sound Velocity, 2 [Chen-Millero, m/s]
# name 26 = gsw_ptA0: potential temperature [ITS-90, deg C]
# name 27 = gsw_densityA0: density, TEOS-10 [density, kg/m^3]
# name 28 = gsw_saA0: Absolute Salinity [g/kg]
# name 29 = flag:
# span 0 =       6615,      29481       
# span 1 = 313.258433, 313.269460       
# span 2 =  -62.14393,  -62.14281       
# span 3 =  -58.44361,  -58.43559       
# span 4 =     -0.984,      1.082       
# span 5 =       0.00,    1448.56       
# span 6 =      3.000,    372.000       
# span 7 =      2.972,    368.104       
# span 8 =    -0.8357,    -0.5432       
# span 9 =    -0.8349,    -0.5425       
# span 10 =    -0.0134,     0.0096      
# span 11 =    -0.8432,    -0.5452      
# span 12 =    -0.8424,    -0.5445      
# span 13 =    -0.0134,     0.0096      
# span 14 =   2.792248,   2.825564      
# span 15 =   2.792227,   2.825246      
# span 16 =  -0.001104,   0.001010      
# span 17 =    34.2818,    34.4000      
# span 18 =    34.2821,    34.3945      
# span 19 =     6.7252,     7.6536      
# span 20 =    27.5533,    27.6508      
# span 21 =    27.5529,    27.6463      
# span 22 =    34.2825,    34.3998      
# span 23 =    27.5533,    27.6506      
# span 24 =    1445.68,    1451.65      
# span 25 =    1445.69,    1451.66      
# span 26 =    -0.8430,    -0.5452      
# span 27 =  1027.5737,  1029.4298      
# span 28 =    34.4442,    34.5680      
# span 29 = 0.0000e+00, 0.0000e+00      
# interval = decibars: 1                
# start_time = Nov 09 2023 06:07:33 [NMEA time, header]
# bad_flag = -9.990e-29
*END*
[from data line 146]
      10892 313.260495  -62.14326  -58.44243      0.868    1446.56    150.000    148.507    -0.7334    -0.7324     0.0010    -0.7378    -0.7368     0.0010   2.795664   2.795673   0.000008    34.2948    34.2937     7.5043    27.5714    27.5705    34.2947    27.5714    1447.23    1447.23    -0.7377  1028.2945    34.4616 0.0000e+00
      10919 313.260509  -62.14326  -58.44242      0.863    1446.56    151.000    149.497    -0.7332    -0.7325     0.0007    -0.7376    -0.7370     0.0007   2.795706   2.795703  -0.000004    34.2945    34.2937     7.5045    27.5711    27.5705    34.2944    27.5711    1447.24    1447.25    -0.7375  1028.2991    34.4613 0.0000e+00
      10946 313.260521  -62.14326  -58.44242      0.887    1446.56    152.000    150.486    -0.7340    -0.7334     0.0007    -0.7385    -0.7379     0.0007   2.795694   2.795686  -0.000008    34.2947    34.2939     7.5152    27.5714    27.5706    34.2947    27.5713    1447.26    1447.26    -0.7384  1028.3041    34.4615 0.0000e+00
      10972 313.260534  -62.14326  -58.44240      0.923    1446.56    153.000    151.476    -0.7358    -0.7361    -0.0003    -0.7403    -0.7406    -0.0003   2.795607   2.795521  -0.000074    34.2950    34.2943     7.5126    27.5717    27.5711    34.2949    27.5716    1447.26    1447.26    -0.7402  1028.3091    34.4617 0.0000e+00
      10998 313.260547  -62.14326  -58.44240      0.915    1446.56    154.000    152.466    -0.7360    -0.7358     0.0002    -0.7405    -0.7403     0.0002   2.795634   2.795587  -0.000046    34.2949    34.2940     7.5116    27.5716    27.5709    34.2948    27.5715    1447.28    1447.28    -0.7404  1028.3138    34.4617 0.0000e+00
      11027 313.260560  -62.14326  -58.44240      0.863    1446.56    155.000    153.455    -0.7382    -0.7381     0.0001    -0.7428    -0.7427     0.0001   2.795510   2.795446  -0.000071    34.2953    34.2942     7.5148    27.5720    27.5712    34.2950    27.5718    1447.29    1447.29    -0.7427  1028.3189    34.4619 0.0000e+00
      11057 313.260575  -62.14328  -58.44239      0.814    1446.56    156.000    154.445    -0.7383    -0.7375     0.0008    -0.7429    -0.7421     0.0008   2.795523   2.795518  -0.000009    34.2948    34.2938     7.5173    27.5716    27.5708    34.2947    27.5715    1447.30    1447.30    -0.7428  1028.3234    34.4616 0.0000e+00
      11086 313.260589  -62.14328  -58.44238      0.814    1446.56    157.000    155.435    -0.7389    -0.7379     0.0010    -0.7436    -0.7426     0.0010   2.795538   2.795540   0.000005    34.2951    34.2940     7.5115    27.5719    27.5710    34.2950    27.5718    1447.32    1447.32    -0.7434  1028.3285    34.4619 0.0000e+00
      11114 313.260603  -62.14328  -58.44236      0.836    1446.56    158.000    156.424    -0.7405    -0.7395     0.0011    -0.7452    -0.7441     0.0011   2.795468   2.795464  -0.000004    34.2955    34.2942     7.5108    27.5723    27.5712    34.2952    27.5721    1447.32    1447.33    -0.7451  1028.3335    34.4621 0.0000e+00
      11143 313.260616  -62.14328  -58.44236      0.851    1446.56    159.000    157.414    -0.7397    -0.7392     0.0005    -0.7444    -0.7439     0.0005   2.795610   2.795581  -0.000033    34.2955    34.2945     7.5113    27.5722    27.5714    34.2956    27.5723    1447.34    1447.35    -0.7443  1028.3386    34.4625 0.0000e+00
      11171 313.260630  -62.14328  -58.44236      0.853    1446.56    160.000    158.404    -0.7371    -0.7364     0.0007    -0.7418    -0.7412     0.0007   2.795908   2.795897  -0.000010    34.2960    34.2951     7.5084    27.5725    27.5718    34.2961    27.5726    1447.37    1447.38    -0.7417  1028.3436    34.4630 0.0000e+00
      11198 313.260643  -62.14328  -58.44234      0.873    1446.56    161.000    159.393    -0.7367    -0.7359     0.0008    -0.7415    -0.7406     0.0008   2.795995   2.795998   0.000002    34.2961    34.2952     7.5018    27.5727    27.5719    34.2962    27.5727    1447.39    1447.39    -0.7414  1028.3485    34.4631 0.0000e+00
      11224 313.260656  -62.14328  -58.44234      0.897    1446.56    162.000    160.383    -0.7378    -0.7366     0.0012    -0.7426    -0.7414     0.0012   2.795938   2.795963   0.000022    34.2964    34.2953     7.5090    27.5729    27.5720    34.2960    27.5726    1447.40    1447.41    -0.7425  1028.3532    34.4630 0.0000e+00
      11251 313.260668  -62.14329  -58.44233      0.902    1446.56    163.000    161.373    -0.7449    -0.7441     0.0008    -0.7497    -0.7489     0.0008   2.795472   2.795439  -0.000028    34.2977    34.2964     7.5083    27.5742    27.5732    34.2972    27.5738    1447.39    1447.39    -0.7496  1028.3592    34.4641 0.0000e+00
      11279 313.260682  -62.14330  -58.44232      0.880    1446.56    164.000    162.362    -0.7459    -0.7450     0.0008    -0.7507    -0.7499     0.0008   2.795425   2.795421  -0.000007    34.2973    34.2962     7.5060    27.5739    27.5731    34.2970    27.5738    1447.40    1447.40    -0.7506  1028.3639    34.4640 0.0000e+00
      11308 313.260696  -62.14330  -58.44232      0.834    1446.56    165.000    163.352    -0.7471    -0.7463     0.0008    -0.7520    -0.7512     0.0008   2.795370   2.795376   0.000001    34.2975    34.2966     7.5050    27.5742    27.5734    34.2971    27.5738    1447.41    1447.41    -0.7519  1028.3688    34.4640 0.0000e+00
      11338 313.260711  -62.14330  -58.44230      0.800    1446.56    166.000    164.341    -0.7525    -0.7517     0.0008    -0.7574    -0.7566     0.0008   2.795005   2.794965  -0.000035    34.2982    34.2969     7.5085    27.5750    27.5739    34.2976    27.5745    1447.40    1447.40    -0.7573  1028.3743    34.4646 0.0000e+00
      11368 313.260725  -62.14330  -58.44229      0.794    1446.56    167.000    165.331    -0.7522    -0.7516     0.0007    -0.7572    -0.7565     0.0007   2.795038   2.795041   0.000003    34.2973    34.2966     7.5022    27.5743    27.5737    34.2972    27.5741    1447.42    1447.42    -0.7570  1028.3787    34.4641 0.0000e+00
      11397 313.260739  -62.14330  -58.44228      0.822    1446.56    168.000    166.320    -0.7521    -0.7513     0.0008    -0.7571    -0.7562     0.0008   2.795098   2.795105   0.000004    34.2974    34.2965     7.5066    27.5744    27.5736    34.2972    27.5741    1447.43    1447.44    -0.7569  1028.3835    34.4641 0.0000e+00
      11425 313.260752  -62.14330  -58.44228      0.848    1446.56    169.000    167.310    -0.7523    -0.7516     0.0007    -0.7573    -0.7566     0.0007   2.795139   2.795115  -0.000018    34.2975    34.2965     7.5029    27.5744    27.5736    34.2974    27.5743    1447.45    1447.45    -0.7572  1028.3862    34.4617 0.0000e+00
      11452 313.260765 -9.990e-29  -58.44226      0.873    1446.56    170.000    168.300    -0.7518    -0.7510     0.0008    -0.7569    -0.7560     0.0008   2.795204   2.795204  -0.000001    34.2973    34.2963     7.5029    27.5742    27.5734    34.2971    27.5741    1447.47    1447.47    -0.7567  1028.3887    34.4588 0.0000e+00
      11479 313.260778 -9.990e-29  -58.44226      0.892    1446.56    171.000    169.289    -0.7518    -0.7510     0.0008    -0.7569    -0.7561     0.0008   2.795273   2.795257  -0.000017    34.2975    34.2964     7.5024    27.5744    27.5734    34.2974    27.5743    1447.49    1447.49    -0.7567  1028.3937    34.4591 0.0000e+00
      11506 313.260791 -9.990e-29  -58.44226      0.903    1446.56    172.000    170.279    -0.7522    -0.7515     0.0007    -0.7573    -0.7566     0.0007   2.795285   2.795261  -0.000024    34.2975    34.2964     7.5029    27.5744    27.5735    34.2974    27.5743    1447.50    1447.50    -0.7572  1028.3985    34.4591 0.0000e+00
      11533 313.260804  -62.14332  -58.44224      0.897    1446.70    173.000    171.268    -0.7525    -0.7517     0.0008    -0.7576    -0.7568     0.0008   2.795292   2.795287  -0.000006    34.2973    34.2963     7.4993    27.5742    27.5734    34.2971    27.5741    1447.51    1447.52    -0.7575  1028.4065    34.4631 0.0000e+00
      11561 313.260818  -62.14332  -58.44224      0.864    1446.76    174.000    172.258    -0.7524    -0.7520     0.0004    -0.7575    -0.7571     0.0004   2.795342   2.795306  -0.000035    34.2972    34.2962     7.4962    27.5742    27.5734    34.2971    27.5741    1447.53    1447.53    -0.7574  1028.4121    34.4641 0.0000e+00
      11592 313.260833  -62.14332  -58.44223      0.797    1446.76    175.000    173.248    -0.7529    -0.7522     0.0007    -0.7580    -0.7573     0.0007   2.795341   2.795335  -0.000006    34.2971    34.2962     7.4948    27.5741    27.5734    34.2971    27.5741    1447.55    1447.55    -0.7580  1028.4169    34.4641 0.0000e+00
      11624 313.260848  -62.14332  -58.44222      0.742    1446.76    176.000    174.237    -0.7552    -0.7544     0.0007    -0.7604    -0.7596     0.0007   2.795218   2.795211  -0.000021    34.2979    34.2967     7.4987    27.5748    27.5739    34.2974    27.5744    1447.55    1447.55    -0.7603  1028.4220    34.4644 0.0000e+00
      11655 313.260863  -62.14332  -58.44220      0.764    1446.76    177.000    175.227    -0.7606    -0.7584     0.0021    -0.7658    -0.7637     0.0021   2.794852   2.794924   0.000072    34.2983    34.2968     7.4968    27.5754    27.5741    34.2979    27.5751    1447.54    1447.55    -0.7657  1028.4275    34.4650 0.0000e+00
      11683 313.260877  -62.14333  -58.44219      0.830    1446.76    178.000    176.216    -0.7600    -0.7588     0.0012    -0.7653    -0.7641     0.0012   2.794900   2.794909   0.000020    34.2979    34.2968     7.5023    27.5751    27.5741    34.2973    27.5746    1447.56    1447.57    -0.7651  1028.4317    34.4643 0.0000e+00
      11710 313.260890  -62.14334  -58.44218      0.891    1446.76    179.000    177.206    -0.7683    -0.7680     0.0003    -0.7736    -0.7733     0.0003   2.794350   2.794315  -0.000035    34.2994    34.2986     7.5065    27.5766    27.5760    34.2987    27.5761    1447.54    1447.54    -0.7735  1028.4380    34.4657 0.0000e+00
      11736 313.260902  -62.14334  -58.44218      0.905    1446.76    180.000    178.195    -0.7685    -0.7682     0.0002    -0.7738    -0.7736     0.0002   2.794368   2.794345  -0.000019    34.2988    34.2982     7.4987    27.5761    27.5757    34.2985    27.5759    1447.56    1447.56    -0.7737  1028.4427    34.4656 0.0000e+00
      11764 313.260916  -62.14334  -58.44216      0.877    1446.76    181.000    179.185    -0.7738    -0.7721     0.0018    -0.7792    -0.7774     0.0018   2.794032   2.794067   0.000037    34.3009    34.2994     7.5039    27.5781    27.5768    34.2994    27.5769    1447.55    1447.55    -0.7790  1028.4484    34.4665 0.0000e+00
      11792 313.260929  -62.14334  -58.44216      0.856    1446.76    182.000    180.174    -0.7895    -0.7888     0.0007    -0.7948    -0.7941     0.0007   2.793009   2.792986  -0.000028    34.3040    34.3028     7.5119    27.5812    27.5802    34.3027    27.5802    1447.50    1447.50    -0.7947  1028.4566    34.4698 0.0000e+00
      11820 313.260943  -62.14334  -58.44215      0.861    1446.76    183.000    181.164    -0.7918    -0.7912     0.0006    -0.7972    -0.7966     0.0006   2.792827   2.792818  -0.000009    34.3033    34.3026     7.5027    27.5808    27.5801    34.3023    27.5799    1447.50    1447.50    -0.7970  1028.4611    34.4694 0.0000e+00
      11848 313.260956  -62.14334  -58.44214      0.861    1446.76    184.000    182.154    -0.7932    -0.7925     0.0007    -0.7986    -0.7979     0.0007   2.792758   2.792766   0.000005    34.3031    34.3024     7.5008    27.5806    27.5800    34.3023    27.5800    1447.51    1447.51    -0.7985  1028.4660    34.4694 0.0000e+00
      11878 313.260971  -62.14335  -58.44213      0.812    1446.76    185.000    183.143    -0.7956    -0.7945     0.0011    -0.8010    -0.7999     0.0011   2.792652   2.792679   0.000030    34.3038    34.3029     7.4935    27.5813    27.5806    34.3030    27.5806    1447.52    1447.52    -0.8009  1028.4714    34.4701 0.0000e+00
      11912 313.260987  -62.14336  -58.44212      0.733    1446.76    186.000    184.132    -0.7979    -0.7964     0.0014    -0.8033    -0.8019     0.0014   2.792554   2.792596   0.000035    34.3044    34.3033     7.4873    27.5819    27.5809    34.3036    27.5812    1447.52    1447.53    -0.8032  1028.4770    34.4709 0.0000e+00
      11944 313.261003  -62.14336 -9.990e-29      0.724    1446.76    187.000    185.122    -0.7995    -0.7988     0.0007    -0.8050    -0.8043     0.0007   2.792471   2.792470 8.3639e-07    34.3044    34.3036     7.4878    27.5819    27.5813    34.3037    27.5814    1447.53    1447.53    -0.8049  1028.4836    34.4731 0.0000e+00
      11973 313.261017  -62.14336 -9.990e-29      0.799    1446.76    188.000    186.112    -0.8023    -0.8016     0.0007    -0.8078    -0.8071     0.0007   2.792391   2.792391 9.1074e-07    34.3058    34.3050     7.4796    27.5832    27.5826    34.3052    27.5827    1447.54    1447.54    -0.8077  1028.4896    34.4745 0.0000e+00
      11999 313.261029  -62.14336 -9.990e-29      0.893    1446.76    189.000    187.101    -0.8030    -0.8022     0.0007    -0.8085    -0.8078     0.0007   2.792396   2.792397   0.000005    34.3059    34.3051     7.4742    27.5833    27.5827    34.3054    27.5829    1447.55    1447.55    -0.8084  1028.4946    34.4747 0.0000e+00
      12023 313.261041  -62.14336  -58.44208      0.962    1446.76    190.000    188.090    -0.8033    -0.8026     0.0007    -0.8089    -0.8082     0.0007   2.792401   2.792408   0.000005    34.3057    34.3050     7.4709    27.5832    27.5826    34.3052    27.5828    1447.56    1447.56    -0.8087  1028.4984    34.4735 0.0000e+00
      12049 313.261053  -62.14336  -58.44208      0.963    1446.76    191.000    189.080    -0.8035    -0.8028     0.0007    -0.8091    -0.8084     0.0007   2.792441   2.792436  -0.000003    34.3058    34.3049     7.4685    27.5832    27.5825    34.3054    27.5829    1447.58    1447.58    -0.8090  1028.5024    34.4725 0.0000e+00
      12077 313.261067  -62.14336  -58.44208      0.875    1446.76    192.000    190.069    -0.8028    -0.8022     0.0006    -0.8085    -0.8079     0.0006   2.792534   2.792527  -0.000003    34.3055    34.3048     7.4784    27.5830    27.5824    34.3053    27.5828    1447.60    1447.60    -0.8083  1028.5070    34.4724 0.0000e+00
      12109 313.261082  -62.14338  -58.44205      0.775    1446.76    193.000    191.059    -0.8039    -0.8031     0.0008    -0.8096    -0.8088     0.0008   2.792484   2.792483  -0.000001    34.3055    34.3046     7.4797    27.5830    27.5823    34.3052    27.5828    1447.61    1447.61    -0.8094  1028.5118    34.4723 0.0000e+00
      12141 313.261098  -62.14338  -58.44204      0.743    1446.76    194.000    192.048    -0.8036    -0.8028     0.0008    -0.8093    -0.8085     0.0008   2.792556   2.792564   0.000005    34.3055    34.3046     7.4749    27.5830    27.5823    34.3052    27.5828    1447.63    1447.63    -0.8092  1028.5166    34.4723 0.0000e+00
      12171 313.261112  -62.14338  -58.44202      0.785    1446.76    195.000    193.038    -0.8042    -0.8034     0.0008    -0.8099    -0.8091     0.0008   2.792548   2.792558   0.000013    34.3053    34.3046     7.4664    27.5829    27.5823    34.3051    27.5827    1447.64    1447.65    -0.8098  1028.5213    34.4723 0.0000e+00
      12199 313.261126  -62.14338  -58.44202      0.839    1446.76    196.000    194.027    -0.8026    -0.8018     0.0008    -0.8084    -0.8075     0.0008   2.792753   2.792759   0.000002    34.3055    34.3046     7.4709    27.5829    27.5822    34.3055    27.5830    1447.67    1447.67    -0.8082  1028.5263    34.4726 0.0000e+00
