Pos-Processados/process_op42/operantar42_010.cnv
* Sea-Bird SBE 9 Data File:
* FileName = C:\Users\Hidrografia\Desktop\OPXLII\Brutos\OP42010.hdr
* Software Version Seasave V 7.26.7.107
* Temperature SN = 6502
* Conductivity SN = 4998
* Number of Bytes Per Scan = 31
* Number of Voltage Words = 2
* Number of Scans Averaged by the Deck Unit = 1
* NMEA Latitude = 44 13.49 S
* NMEA Longitude = 056 00.10 W
* NMEA UTC (Time) = Oct 19 2023 00:22:47
* NMEA baud rate = 4800
** H41
** NPOALTEMAXIMIANO
** NUMERO DA ESTACAO (XXX) 010
** LAT (XX XX.XX S/N) 44 13.210 S
** LONG (XXX XX.XX W/E) 055 59.942 W
** DATAHORA (dd/mm/aaaa hh:mm Z) 18/10/2023 0022Z
** PROFUNDIDADE (m) 5179
** OPERADOR CT FABIREZA
# nquan = 30
# nvalues = 2025                        
# units = specified
# name 0 = scan: Scan Count
# name 1 = timeJ: Julian Days
# name 2 = latitude: Latitude [deg]
# name 3 = longitude: Longitude [deg]
# name 4 = dz/dtM: Descent Rate [m/s]
# name 5 = avgsvCM: Average Sound Velocity [Chen-Millero, m/s]
# name 6 = prDM: Pressure, Digiquartz [db]
# name 7 = depSM: Depth [salt water, m]
# name 8 = t090C: Temperature [ITS-90, deg C]
# name 9 = t190C: Temperature, 2 [ITS-90, deg C]
# name 10 = T2-T190C: Temperature Difference, 2 - 1 [ITS-90, deg C]
# name 11 = potemp090C: Potential Temperature [ITS-90, deg C]
# name 12 = potemp190C: Potential Temperature, 2 [ITS-90, deg C]
# name 13 = potemp90Cdiff: Potential Temperature, Diff, 2 - 1 [ITS-90, deg C]
# name 14 = c0S/m: Conductivity [S/m]
# name 15 = c1S/m: Conductivity, 2 [S/m]
# name 16 = C2-C1S/m: Conductivity Difference, 2 - 1 [S/m]
# name 17 = sal00: Salinity, Practical [PSU]
# name 18 = sal11: Salinity, Practical, 2 [PSU]
# name 19 = sbeox0ML/L: Oxygen, SBE 43 [ml/l]
# name 20 = sigma-é00: Density [sigma-theta, kg/m^3]
# name 21 = sigma-é11: Density, 2 [sigma-theta, kg/m^3]
# name 22 = sal00: Salinity, Practical [PSU]
# name 23 = sigma-é00: Density [sigma-theta, kg/m^3]
# name 24 = svCM: Sound Velocity [Chen-Millero, m/s]
# name 25 = svCM1: Sound Velocity, 2 [Chen-Millero, m/s]
# name 26 = gsw_ptA0: potential temperature [ITS-90, deg C]
# name 27 = gsw_densityA0: density, TEOS-10 [density, kg/m^3]
# name 28 = gsw_saA0: Absolute Salinity [g/kg]
# name 29 = flag:
# span 0 =       2814,      65654       
# span 1 = 292.017178, 292.047483       
# span 2 =  -44.23747,  -44.22546       
# span 3 =  -56.00941,  -56.00222       
# span 4 =     -1.415,      1.491       
# span 5 =       0.00,    1499.70       
# span 6 =      1.000,   1013.000       
# span 7 =      0.995,   1002.394       
# span 8 =     3.0521,    13.3565       
# span 9 =     3.0531,    13.3576       
# span 10 =    -0.2667,     0.3775      
# span 11 =     2.9845,    13.3554      
# span 12 =     2.9854,    13.3565      
# span 13 =    -0.2664,     0.3771      
# span 14 =   3.163075,   4.154443      
# span 15 =   3.163094,   4.154606      
# span 16 =  -0.027715,   0.039072      
# span 17 =    34.1181,    35.2176      
# span 18 =    34.1177,    35.2180      
# span 19 =     4.3479,     6.5661      
# span 20 =    26.4887,    27.3940      
# span 21 =    26.4880,    27.3937      
# span 22 =    34.1173,    35.2184      
# span 23 =    26.4898,    27.3939      
# span 24 =    1473.77,    1501.79      
# span 25 =    1473.79,    1501.79      
# span 26 =     2.9844,    13.3553      
# span 27 =  1026.4992,  1032.0855      
# span 28 =    34.2785,    35.3849      
# span 29 = 0.0000e+00, 0.0000e+00      
# interval = decibars: 1                
# start_time = Oct 19 2023 00:22:47 [NMEA time, header]
# bad_flag = -9.990e-29
*END*
[from data line 677]
      21430 292.026156  -44.22884  -56.00474      1.135    1481.13    678.000    671.445     3.5887     3.5894     0.0007     3.5416     3.5423     0.0007   3.181131   3.181162   0.000031    34.1864    34.1860     5.6144    27.1847    27.1844    34.1862    27.1846    1474.97    1474.97     3.5415  1030.3283    34.3502 0.0000e+00
      21452 292.026167  -44.22884  -56.00474      1.126    1481.13    679.000    672.434     3.5908     3.5913     0.0004     3.5437     3.5441     0.0004   3.181411   3.181465   0.000047    34.1866    34.1867     5.6063    27.1847    27.1848    34.1868    27.1849    1475.00    1475.00     3.5435  1030.3331    34.3508 0.0000e+00
      21478 292.026179  -44.22885  -56.00474      1.008    1481.13    680.000    673.423     3.5926     3.5934     0.0008     3.5453     3.5461     0.0008   3.181767   3.181857   0.000090    34.1885    34.1887     5.5972    27.1861    27.1862    34.1887    27.1862    1475.02    1475.03     3.5452  1030.3390    34.3527 0.0000e+00
      21507 292.026193  -44.22886  -56.00474      0.861    1481.13    681.000    674.412     3.5911     3.5909    -0.0002     3.5438     3.5435    -0.0002   3.181736   3.181646  -0.000066    34.1900    34.1895     5.5830    27.1875    27.1871    34.1893    27.1869    1475.03    1475.03     3.5437  1030.3443    34.3534 0.0000e+00
      21538 292.026208  -44.22886  -56.00474      0.780    1481.13    682.000    675.400     3.5769     3.5772     0.0002     3.5296     3.5298     0.0002   3.180645   3.180487  -0.000179    34.1920    34.1896     5.5816    27.1904    27.1885    34.1906    27.1893    1474.99    1474.99     3.5295  1030.3515    34.3546 0.0000e+00
      21567 292.026222  -44.22888  -56.00474      0.795    1481.13    683.000    676.389     3.5636     3.5627    -0.0009     3.5163     3.5154    -0.0008   3.179394   3.179243  -0.000144    34.1903    34.1894     5.5686    27.1903    27.1897    34.1890    27.1893    1474.95    1474.95     3.5162  1030.3564    34.3531 0.0000e+00
      21593 292.026234  -44.22888  -56.00475      0.895    1481.13    684.000    677.378     3.5598     3.5607     0.0009     3.5124     3.5133     0.0009   3.179077   3.179127   0.000042    34.1896    34.1892     5.5686    27.1902    27.1898    34.1887    27.1895    1474.95    1474.95     3.5123  1030.3612    34.3528 0.0000e+00
      21616 292.026246  -44.22888  -56.00476      0.986    1481.13    685.000    678.366     3.5576     3.5587     0.0012     3.5101     3.5113     0.0012   3.178921   3.179000   0.000074    34.1897    34.1893     5.5703    27.1904    27.1900    34.1887    27.1896    1474.96    1474.96     3.5100  1030.3661    34.3528 0.0000e+00
      21639 292.026257  -44.22888  -56.00476      1.035    1481.13    686.000    679.355     3.5528     3.5537     0.0009     3.5053     3.5062     0.0009   3.178575   3.178549 -8.436e-07    34.1902    34.1892     5.5675    27.1913    27.1904    34.1890    27.1904    1474.95    1474.96     3.5052  1030.3715    34.3531 0.0000e+00
      21662 292.026268  -44.22888  -56.00476      1.063    1481.13    687.000    680.344     3.5493     3.5496     0.0003     3.5018     3.5020     0.0003   3.178291   3.178267  -0.000034    34.1897    34.1890     5.5660    27.1913    27.1907    34.1887    27.1905    1474.96    1474.96     3.5017  1030.3763    34.3528 0.0000e+00
      21685 292.026279  -44.22889  -56.00476      1.039    1481.13    688.000    681.333     3.5477     3.5481     0.0004     3.5001     3.5005     0.0004   3.178190   3.178206   0.000007    34.1894    34.1891     5.5621    27.1912    27.1909    34.1887    27.1906    1474.97    1474.97     3.5000  1030.3810    34.3527 0.0000e+00
      21711 292.026291  -44.22890  -56.00476      0.976    1481.13    689.000    682.321     3.5464     3.5471     0.0007     3.4987     3.4994     0.0007   3.178149   3.178189   0.000046    34.1899    34.1897     5.5609    27.1917    27.1915    34.1890    27.1910    1474.98    1474.98     3.4986  1030.3861    34.3531 0.0000e+00
      21735 292.026303  -44.22890  -56.00476      0.963    1481.13    690.000    683.310     3.5410     3.5416     0.0007     3.4932     3.4939     0.0007   3.177713   3.177723  -0.000004    34.1902    34.1894     5.5637    27.1924    27.1918    34.1890    27.1915    1474.97    1474.97     3.4932  1030.3912    34.3531 0.0000e+00
      21759 292.026315  -44.22890  -56.00476      0.985    1481.13    691.000    684.298     3.5263     3.5273     0.0010     3.4786     3.4796     0.0010   3.176468   3.176375  -0.000086    34.1912    34.1891     5.5576    27.1947    27.1929    34.1889    27.1929    1474.93    1474.93     3.4785  1030.3975    34.3530 0.0000e+00
      21785 292.026327  -44.22891  -56.00476      0.960    1481.13    692.000    685.287     3.5178     3.5183     0.0004     3.4701     3.4705     0.0004   3.175664   3.175575  -0.000058    34.1900    34.1889     5.5560    27.1946    27.1936    34.1876    27.1927    1474.90    1474.90     3.4700  1030.4020    34.3517 0.0000e+00
      21815 292.026341  -44.22892  -56.00477      0.854    1481.13    693.000    686.276     3.4891     3.4886    -0.0005     3.4414     3.4409    -0.0005   3.173279   3.172856  -0.000437    34.1917    34.1870     5.5613    27.1987    27.1950    34.1887    27.1963    1474.80    1474.79     3.4413  1030.4108    34.3528 0.0000e+00
      21843 292.026355  -44.22892  -56.00478      0.822    1481.13    694.000    687.264     3.4886     3.4909     0.0023     3.4408     3.4432     0.0023   3.173129   3.173456   0.000252    34.1867    34.1873     5.5568    27.1948    27.1950    34.1869    27.1949    1474.81    1474.82     3.4407  1030.4140    34.3510 0.0000e+00
      21867 292.026367  -44.22892  -56.00478      0.923    1481.13    695.000    688.253     3.5338     3.5384     0.0045     3.4858     3.4903     0.0045   3.177477   3.178253   0.000805    34.1876    34.1925     5.5563    27.1912    27.1946    34.1911    27.1939    1475.03    1475.05     3.4856  1030.4147    34.3526 0.0000e+00
      21890 292.026378 -9.990e-29  -56.00478      1.018    1481.13    696.000    689.242     3.5490     3.5493     0.0003     3.5008     3.5011     0.0003   3.179108   3.179224   0.000136    34.1931    34.1944     5.5681    27.1941    27.1951    34.1941    27.1949    1475.11    1475.11     3.5007  1030.4198    34.3554 0.0000e+00
      21914 292.026390 -9.990e-29  -56.00478      1.022    1481.13    697.000    690.230     3.5521     3.5545     0.0023     3.5038     3.5061     0.0023   3.179602   3.179817   0.000215    34.1952    34.1953     5.5704    27.1955    27.1954    34.1963    27.1963    1475.14    1475.15     3.5037  1030.4257    34.3575 0.0000e+00
      21942 292.026403 -9.990e-29  -56.00478      0.924    1481.13    698.000    691.219     3.5596     3.5614     0.0018     3.5111     3.5129     0.0018   3.180360   3.180562   0.000193    34.1960    34.1965     5.5315    27.1954    27.1956    34.1970    27.1962    1475.19    1475.20     3.5110  1030.4300    34.3582 0.0000e+00
      21971 292.026417  -44.22894  -56.00478      0.827    1481.13    699.000    692.208     3.5495     3.5476    -0.0020     3.5011     3.4991    -0.0020   3.179455   3.178965  -0.000407    34.1986    34.1958     5.5050    27.1984    27.1964    34.1962    27.1965    1475.17    1475.15     3.5010  1030.4373    34.3602 0.0000e+00
      21996 292.026429  -44.22896  -56.00478      0.898    1481.13    700.000    693.196     3.4864     3.4862    -0.0002     3.4382     3.4380    -0.0002   3.173605   3.172870  -0.000746    34.2006    34.1919     5.4958    27.2061    27.1991    34.1917    27.1990    1474.91    1474.90     3.4381  1030.4457    34.3559 0.0000e+00
      22017 292.026439  -44.22896  -56.00480      1.043    1481.13    701.000    694.185     3.4073     3.4087     0.0015     3.3594     3.3609     0.0015   3.166237   3.165870  -0.000441    34.1935    34.1867     5.4949    27.2079    27.2023    34.1858    27.2018    1474.58    1474.58     3.3593  1030.4546    34.3499 0.0000e+00
      22037 292.026449  -44.22896  -56.00480      1.151    1481.13    702.000    695.174     3.4039     3.4047     0.0008     3.3560     3.3568     0.0008   3.165757   3.165858   0.000097    34.1863    34.1866     5.4801    27.2025    27.2027    34.1830    27.1999    1474.58    1474.58     3.3559  1030.4574    34.3471 0.0000e+00
      22060 292.026460  -44.22896  -56.00480      1.124    1481.13    703.000    696.162     3.4031     3.4038     0.0007     3.3551     3.3559     0.0007   3.165764   3.165811   0.000047    34.1867    34.1864     5.4914    27.2029    27.2026    34.1834    27.2003    1474.59    1474.60     3.3551  1030.4625    34.3475 0.0000e+00
      22090 292.026474  -44.22898  -56.00480      0.894    1481.13    704.000    697.151     3.4027     3.4034     0.0007     3.3547     3.3554     0.0007   3.165763   3.165817   0.000053    34.1859    34.1859     5.5591    27.2023    27.2022    34.1833    27.2002    1474.61    1474.61     3.3546  1030.4670    34.3474 0.0000e+00
      22120 292.026489  -44.22898  -56.00480      0.774    1481.13    705.000    698.139     3.4029     3.4041     0.0011     3.3549     3.3560     0.0011   3.165867   3.165990   0.000107    34.1856    34.1857     5.5973    27.2021    27.2021    34.1838    27.2006    1474.63    1474.63     3.3547  1030.4720    34.3479 0.0000e+00
      22144 292.026500  -44.22898  -56.00480      0.897    1481.13    706.000    699.128     3.4144     3.4156     0.0012     3.3662     3.3674     0.0011   3.167066   3.167297   0.000246    34.1860    34.1877     5.5988    27.2013    27.2026    34.1856    27.2010    1474.69    1474.70     3.3661  1030.4767    34.3497 0.0000e+00
      22165 292.026510  -44.22898  -56.00480      1.052    1481.13    707.000    700.116     3.4144     3.4150     0.0006     3.3661     3.3667     0.0006   3.167247   3.167216  -0.000016    34.1894    34.1886     5.5970    27.2041    27.2033    34.1873    27.2024    1474.71    1474.71     3.3660  1030.4827    34.3515 0.0000e+00
      22185 292.026520  -44.22898  -56.00480      1.153    1481.13    708.000    701.105     3.4063     3.4066     0.0003     3.3580     3.3583     0.0003   3.166576   3.166543  -0.000038    34.1889    34.1881     5.5899    27.2044    27.2037    34.1872    27.2030    1474.69    1474.69     3.3579  1030.4881    34.3513 0.0000e+00
      22207 292.026531  -44.22900  -56.00480      1.148    1481.13    709.000    702.093     3.4053     3.4060     0.0007     3.3569     3.3576     0.0007   3.166493   3.166539   0.000035    34.1881    34.1878     5.5781    27.2039    27.2036    34.1867    27.2027    1474.71    1474.71     3.3568  1030.4925    34.3509 0.0000e+00
      22234 292.026544  -44.22900  -56.00482      0.978    1481.13    710.000    703.082     3.4039     3.4049     0.0010     3.3555     3.3564     0.0010   3.166421   3.166487   0.000072    34.1879    34.1878     5.5597    27.2039    27.2037    34.1867    27.2029    1474.72    1474.72     3.3554  1030.4973    34.3509 0.0000e+00
      22267 292.026559  -44.22900  -56.00482      0.766    1481.13    711.000    704.071     3.4057     3.4067     0.0010     3.3571     3.3581     0.0010   3.166676   3.166795   0.000114    34.1881    34.1885     5.5550    27.2039    27.2040    34.1875    27.2033    1474.74    1474.75     3.3570  1030.5005    34.3494 0.0000e+00
      22295 292.026573 -9.990e-29  -56.00482      0.783    1480.89    712.000    705.059     3.3988     3.3992     0.0004     3.3502     3.3506     0.0004   3.166264   3.166193  -0.000060    34.1911    34.1900     5.5559    27.2069    27.2060    34.1892    27.2054    1474.73    1474.73     3.3501  1030.5067    34.3504 0.0000e+00
      22319 292.026585 -9.990e-29  -56.00482      0.940    1480.59    713.000    706.048     3.3912     3.3920     0.0008     3.3425     3.3433     0.0008   3.165648   3.165660   0.000004    34.1906    34.1898     5.5541    27.2072    27.2065    34.1893    27.2062    1474.71    1474.72     3.3425  1030.5122    34.3505 0.0000e+00
      22340 292.026595 -9.990e-29  -56.00482      1.078    1480.59    714.000    707.036     3.3901     3.3910     0.0010     3.3414     3.3423     0.0010   3.165553   3.165618   0.000068    34.1898    34.1896     5.5484    27.2067    27.2065    34.1888    27.2059    1474.73    1474.73     3.3413  1030.5166    34.3500 0.0000e+00
      22359 292.026604 -9.990e-29  -56.00482      1.179    1480.59    715.000    708.025     3.3969     3.3978     0.0009     3.3481     3.3490     0.0009   3.166308   3.166481   0.000162    34.1896    34.1906     5.5437    27.2059    27.2066    34.1902    27.2064    1474.77    1474.78     3.3480  1030.5215    34.3514 0.0000e+00
      22381 292.026615 -9.990e-29  -56.00482      1.173    1480.59    716.000    709.014     3.4092     3.4103     0.0011     3.3602     3.3613     0.0011   3.167671   3.167905   0.000223    34.1920    34.1935     5.5364    27.2067    27.2078    34.1932    27.2076    1474.85    1474.85     3.3601  1030.5271    34.3544 0.0000e+00
      22412 292.026630 -9.990e-29  -56.00483      0.879    1480.59    717.000    710.000     3.4194     3.4199     0.0005     3.3703     3.3708     0.0005   3.168944   3.169119   0.000192    34.1967    34.1985     5.5323    27.2094    27.2108    34.1971    27.2098    1474.91    1474.92     3.3702  1030.5337    34.3584 0.0000e+00
      22447 292.026646  -44.22903  -56.00484      0.669    1480.59    718.000    710.995     3.4194     3.4202     0.0008     3.3703     3.3710     0.0007   3.169349   3.169432   0.000075    34.2011    34.2012     5.5220    27.2129    27.2129    34.2015    27.2132    1474.93    1474.94     3.3702  1030.5419    34.3630 0.0000e+00
      22473 292.026659  -44.22904  -56.00484      0.832    1480.59    719.000    711.979     3.4220     3.4228     0.0008     3.3727     3.3736     0.0008   3.169655   3.169719   0.000070    34.2017    34.2016     5.4964    27.2132    27.2130    34.2019    27.2134    1474.96    1474.97     3.3726  1030.5488    34.3663 0.0000e+00
      22495 292.026670  -44.22904  -56.00484      0.996    1480.59    720.000    712.968     3.4194     3.4203     0.0009     3.3701     3.3710     0.0009   3.169506   3.169528   0.000025    34.2026    34.2019     5.4633    27.2142    27.2135    34.2023    27.2139    1474.97    1474.97     3.3700  1030.5539    34.3666 0.0000e+00
      22517 292.026680  -44.22906  -56.00484      1.074    1480.59    721.000    713.956     3.4145     3.4152     0.0007     3.3652     3.3659     0.0007   3.169133   3.169126  -0.000010    34.2028    34.2019     5.4423    27.2148    27.2141    34.2024    27.2145    1474.96    1474.97     3.3651  1030.5592    34.3668 0.0000e+00
      22541 292.026692  -44.22906  -56.00484      1.054    1480.59    722.000    714.945     3.4123     3.4133     0.0010     3.3629     3.3639     0.0010   3.168797   3.168994   0.000056    34.2023    34.2020     5.4313    27.2139    27.2143    34.2002    27.2129    1474.97    1474.98     3.3629  1030.5623    34.3645 0.0000e+00
      22568 292.026705  -44.22906  -56.00484      0.944    1480.59    723.000    715.933     3.4077     3.4085     0.0008     3.3583     3.3590     0.0007   3.168625   3.168610  -0.000020    34.2028    34.2018     5.4229    27.2155    27.2146    34.2024    27.2152    1474.97    1474.97     3.3582  1030.5692    34.3668 0.0000e+00
      22596 292.026718  -44.22908  -56.00484      0.866    1480.59    724.000    716.922     3.4064     3.4071     0.0007     3.3568     3.3576     0.0007   3.168519   3.168533   0.000017    34.2024    34.2018     5.4212    27.2153    27.2147    34.2021    27.2150    1474.98    1474.98     3.3567  1030.5737    34.3664 0.0000e+00
      22620 292.026730  -44.22908  -56.00484      0.921    1480.59    725.000    717.910     3.4016     3.4024     0.0008     3.3520     3.3528     0.0008   3.168147   3.168152  -0.000006    34.2027    34.2017     5.4226    27.2160    27.2151    34.2021    27.2155    1474.97    1474.98     3.3519  1030.5789    34.3664 0.0000e+00
