Pos-Processados/process_op42/operantar42_054.cnv
* Sea-Bird SBE 9 Data File:
* FileName = C:\Users\Hidrografia\Desktop\OPXLII\Brutos\OP42054.hdr
* Software Version Seasave V 7.26.7.107
* Temperature SN = 6502
* Conductivity SN = 4998
* Number of Bytes Per Scan = 37
* Number of Voltage Words = 4
* Number of Scans Averaged by the Deck Unit = 1
* NMEA Latitude = 62 18.63 S
* NMEA Longitude = 058 16.10 W
* NMEA UTC (Time) = Nov 17 2023 03:29:41
* NMEA baud rate = 4800
** H41
** NPOALTEMAXIMIANO
** NUMERO DA ESTACAO (XXX) 054
** LAT (XX XX.XX S/N) 62 18.649 S
** LONG (XXX XX.XX W/E) 058 16.1 W
** DATAHORA (dd/mm/aaaa hh:mm Z) 17/11/2023 0328Z
** PROFUNDIDADE (m) 1520 m
** OPERADOR CT FILIPE LOPES
# nquan = 30
# nvalues = 2867                        
# units = specified
# name 0 = scan: Scan Count
# name 1 = timeJ: Julian Days
# name 2 = latitude: Latitude [deg]
# name 3 = longitude: Longitude [deg]
# name 4 = dz/dtM: Descent Rate [m/s]
# name 5 = avgsvCM: Average Sound Velocity [Chen-Millero, m/s]
# name 6 = prDM: Pressure, Digiquartz [db]
# name 7 = depSM: Depth [salt water, m]
# name 8 = t090C: Temperature [ITS-90, deg C]
# name 9 = t190C: Temperature, 2 [ITS-90, deg C]
# name 10 = T2-T190C: Temperature Difference, 2 - 1 [ITS-90, deg C]
# name 11 = potemp090C: Potential Temperature [ITS-90, deg C]
# name 12 = potemp190C: Potential Temperature, 2 [ITS-90, deg C]
# name 13 = potemp90Cdiff: Potential Temperature, Diff, 2 - 1 [ITS-90, deg C]
# name 14 = c0S/m: Conductivity [S/m]
# name 15 = c1S/m: Conductivity, 2 [S/m]
# name 16 = C2-C1S/m: Conductivity Difference, 2 - 1 [S/m]
# name 17 = sal00: Salinity, Practical [PSU]
# name 18 = sal11: Salinity, Practical, 2 [PSU]
# name 19 = sbeox0ML/L: Oxygen, SBE 43 [ml/l]
# name 20 = sigma-é00: Density [sigma-theta, kg/m^3]
# name 21 = sigma-é11: Density, 2 [sigma-theta, kg/m^3]
# name 22 = sal00: Salinity, Practical [PSU]
# name 23 = sigma-é00: Density [sigma-theta, kg/m^3]
# name 24 = svCM: Sound Velocity [Chen-Millero, m/s]
# name 25 = svCM1: Sound Velocity, 2 [Chen-Millero, m/s]
# name 26 = gsw_ptA0: potential temperature [ITS-90, deg C]
# name 27 = gsw_densityA0: density, TEOS-10 [density, kg/m^3]
# name 28 = gsw_saA0: Absolute Salinity [g/kg]
# name 29 = flag:
# span 0 =       2370,      70863       
# span 1 = 321.146756, 321.179787       
# span 2 =  -62.31044,  -62.30930       
# span 3 =  -58.26840,  -58.25813       
# span 4 =     -1.346,      1.326       
# span 5 =       0.00,    1457.48       
# span 6 =      2.000,   1435.000       
# span 7 =      1.968,   1416.325       
# span 8 =    -1.3512,     0.6377       
# span 9 =    -1.3503,     0.6391       
# span 10 =    -0.0466,     0.0466      
# span 11 =    -1.3958,     0.6126      
# span 12 =    -1.3951,     0.6139      
# span 13 =    -0.0464,     0.0464      
# span 14 =   2.800594,   2.950958      
# span 15 =   2.800635,   2.951016      
# span 16 =  -0.004361,   0.003425      
# span 17 =    34.2383,    34.5711      
# span 18 =    34.2333,    34.5694      
# span 19 =     5.1272,     7.8716      
# span 20 =    27.5025,    27.7865      
# span 21 =    27.4984,    27.7857      
# span 22 =    34.2388,    34.5724      
# span 23 =    27.5030,    27.7866      
# span 24 =    1446.23,    1465.86      
# span 25 =    1446.22,    1465.86      
# span 26 =    -1.3947,     0.6128      
# span 27 =  1027.5217,  1034.5858      
# span 28 =    34.4041,    34.7424      
# span 29 = 0.0000e+00, 0.0000e+00      
# interval = decibars: 1                
# start_time = Nov 17 2023 03:29:41 [NMEA time, header]
# bad_flag = -9.990e-29
*END*
       2370 321.146756  -62.31044  -58.26840     -0.330       0.00      2.000      1.968    -0.2344    -0.2383    -0.0039    -0.2344    -0.2384    -0.0039   2.827707   2.827933   0.000298    34.2527    34.2610     7.8396    27.5146    27.5216    34.2528    27.5148    1447.08    1447.08    -0.2345  1027.5287    34.4182 0.0000e+00
       2955 321.147038  -62.31044  -58.26840      0.371       0.00      3.000      2.987    -0.2242    -0.2208     0.0034    -0.2243    -0.2209     0.0034   2.827567   2.827503  -0.000083    34.2383    34.2333     7.8547    27.5025    27.4984    34.2388    27.5030    1447.14    1447.15    -0.2243  1027.5217    34.4041 0.0000e+00
       2999 321.147059  -62.31044  -58.26840      0.538 2.3883e-14      4.000      3.961    -0.2328    -0.2319     0.0008    -0.2329    -0.2321     0.0008   2.828032   2.828118   0.000091    34.2541    34.2544     7.8455    27.5158    27.5160    34.2541    27.5158    1447.13    1447.14    -0.2329  1027.5393    34.4195 0.0000e+00
       3035 321.147076  -62.31042  -58.26840      0.616       0.15      5.000      4.952    -0.2393    -0.2385     0.0008    -0.2395    -0.2386     0.0008   2.828092   2.828075  -0.000004    34.2619    34.2609     7.8509    27.5223    27.5215    34.2616    27.5221    1447.13    1447.13    -0.2395  1027.5504    34.4270 0.0000e+00
       3066 321.147091  -62.31042  -58.26840      0.765      -0.00      6.000      5.942    -0.2360    -0.2363    -0.0002    -0.2362    -0.2364    -0.0002   2.828404   2.828358  -0.000052    34.2612    34.2607     7.8520    27.5216    27.5213    34.2615    27.5219    1447.16    1447.16    -0.2362  1027.5550    34.4269 0.0000e+00
       3096 321.147106  -62.31042  -58.26840      0.794 3.3970e-47      7.000      6.933    -0.2318    -0.2307     0.0010    -0.2320    -0.2310     0.0010   2.828770   2.828812   0.000044    34.2609    34.2603     7.8468    27.5212    27.5207    34.2610    27.5212    1447.19    1447.20    -0.2320  1027.5591    34.4264 0.0000e+00
       3125 321.147120  -62.31042  -58.26840      0.820 6.7278e-25      8.000      7.923    -0.2420    -0.2397     0.0022    -0.2422    -0.2400     0.0022   2.828023   2.828075   0.000050    34.2634    34.2616     7.8460    27.5237    27.5221    34.2619    27.5225    1447.16    1447.17    -0.2422  1027.5651    34.4273 0.0000e+00
       3155 321.147134  -62.31042  -58.26840      0.809       0.07      9.000      8.913    -0.3076    -0.3022     0.0054    -0.3079    -0.3025     0.0054   2.822701   2.822515  -0.000162    34.2731    34.2649     7.8632    27.5347    27.5278    34.2641    27.5274    1446.88    1446.89    -0.3079  1027.5749    34.4295 0.0000e+00
       3185 321.147149  -62.31042  -58.26840      0.786       0.00     10.000      9.904    -0.3850    -0.3833     0.0016    -0.3853    -0.3836     0.0016   2.816457   2.816111  -0.000379    34.2737    34.2668     7.8573    27.5388    27.5332    34.2670    27.5334    1446.54    1446.54    -0.3853  1027.5857    34.4324 0.0000e+00
       3213 321.147162  -62.31042  -58.26840      0.824 7.7039e-61     11.000     10.894    -0.4002    -0.3994     0.0009    -0.4006    -0.3997     0.0009   2.814867   2.814805  -0.000063    34.2674    34.2656     7.8429    27.5344    27.5329    34.2623    27.5303    1446.48    1446.48    -0.4005  1027.5874    34.4277 0.0000e+00
       3238 321.147174  -62.31042  -58.26840      0.926 5.7729e-43     12.000     11.885    -0.4067    -0.4061     0.0006    -0.4071    -0.4065     0.0006   2.814320   2.814333   0.000009    34.2659    34.2653     7.8552    27.5335    27.5330    34.2616    27.5300    1446.47    1446.47    -0.4071  1027.5919    34.4270 0.0000e+00
       3262 321.147186  -62.31042  -58.26840      0.996 4.1235e-25     13.000     12.875    -0.4208    -0.4194     0.0015    -0.4212    -0.4198     0.0015   2.813231   2.813219  -0.000001    34.2680    34.2664     7.8716    27.5359    27.5345    34.2624    27.5313    1446.42    1446.42    -0.4212  1027.5979    34.4277 0.0000e+00
       3287 321.147198  -62.31042  -58.26840      0.971       0.00     14.000     13.865    -0.4378    -0.4366     0.0012    -0.4382    -0.4370     0.0012   2.811970   2.811964  -0.000011    34.2683    34.2668     7.8690    27.5369    27.5357    34.2640    27.5334    1446.36    1446.36    -0.4382  1027.6048    34.4293 0.0000e+00
       3315 321.147212  -62.31042  -58.26840      0.883       0.22     15.000     14.855    -0.4411    -0.4396     0.0014    -0.4415    -0.4401     0.0014   2.811712   2.811773   0.000058    34.2672    34.2663     7.8570    27.5361    27.5354    34.2636    27.5332    1446.36    1446.36    -0.4415  1027.6094    34.4289 0.0000e+00
       3343 321.147225  -62.31042  -58.26840      0.854      -0.00     16.000     15.846    -0.4471    -0.4457     0.0014    -0.4476    -0.4462     0.0014   2.811295   2.811342   0.000050    34.2677    34.2667     7.8517    27.5368    27.5360    34.2642    27.5340    1446.35    1446.35    -0.4476  1027.6150    34.4295 0.0000e+00
       3369 321.147238  -62.31042  -58.26840      0.902 8.6367e-45     17.000     16.836    -0.4492    -0.4482     0.0010    -0.4498    -0.4487     0.0010   2.811159   2.811213   0.000053    34.2670    34.2665     7.8510    27.5364    27.5359    34.2641    27.5340    1446.35    1446.36    -0.4497  1027.6198    34.4294 0.0000e+00
       3394 321.147250  -62.31042  -58.26840      0.957 6.4749e-27     18.000     17.826    -0.4532    -0.4521     0.0011    -0.4537    -0.4526     0.0011   2.810914   2.810956   0.000046    34.2674    34.2668     7.8424    27.5369    27.5363    34.2647    27.5347    1446.35    1446.36    -0.4537  1027.6252    34.4300 0.0000e+00
       3418 321.147261  -62.31042  -58.26840      0.982 4.7011e-09     19.000     18.817    -0.4572    -0.4562     0.0009    -0.4578    -0.4568     0.0009   2.810674   2.810697   0.000026    34.2678    34.2671     7.8418    27.5374    27.5367    34.2654    27.5354    1446.35    1446.35    -0.4578  1027.6307    34.4306 0.0000e+00
       3443 321.147273  -62.31042  -58.26840      0.976     731.99     20.000     19.807    -0.4596    -0.4587     0.0009    -0.4602    -0.4594     0.0009   2.810524   2.810549   0.000025    34.2677    34.2670     7.8448    27.5374    27.5369    34.2655    27.5356    1446.36    1446.36    -0.4602  1027.6357    34.4307 0.0000e+00
       3469 321.147286  -62.31042  -58.26840      0.933    1438.96     21.000     20.797    -0.4662    -0.4648     0.0014    -0.4668    -0.4654     0.0014   2.810121   2.810145   0.000023    34.2694    34.2681     7.8406    27.5391    27.5380    34.2669    27.5370    1446.34    1446.35    -0.4668  1027.6419    34.4321 0.0000e+00
       3497 321.147299  -62.31042  -58.26840      0.877    1446.36     22.000     21.787    -0.4747    -0.4734     0.0012    -0.4753    -0.4741     0.0012   2.809549   2.809578   0.000028    34.2704    34.2694     7.8291    27.5403    27.5394    34.2681    27.5384    1446.32    1446.33    -0.4753  1027.6481    34.4334 0.0000e+00
       3524 321.147312  -62.31042  -58.26840      0.872    1446.36     23.000     22.778    -0.4784    -0.4775     0.0009    -0.4791    -0.4782     0.0009   2.809302   2.809337   0.000035    34.2703    34.2697     7.8130    27.5404    27.5399    34.2685    27.5389    1446.32    1446.32    -0.4791  1027.6533    34.4338 0.0000e+00
       3550 321.147325  -62.31042  -58.26840      0.914    1446.36     24.000     23.768    -0.4799    -0.4792     0.0007    -0.4807    -0.4799     0.0007   2.809228   2.809233   0.000014    34.2703    34.2696     7.8040    27.5404    27.5398    34.2686    27.5390    1446.33    1446.33    -0.4806  1027.6583    34.4339 0.0000e+00
       3574 321.147336  -62.31041  -58.26840      0.974    1446.36     25.000     24.758    -0.4818    -0.4812     0.0006    -0.4825    -0.4820     0.0006   2.809124   2.809137   0.000008    34.2701    34.2696     7.7922    27.5404    27.5399    34.2687    27.5392    1446.34    1446.34    -0.4825  1027.6632    34.4340 0.0000e+00
       3596 321.147347  -62.31040  -58.26840      1.032    1446.36     26.000     25.749    -0.4837    -0.4827     0.0010    -0.4845    -0.4835     0.0010   2.809041   2.809061   0.000024    34.2704    34.2697     7.7878    27.5407    27.5401    34.2690    27.5396    1446.35    1446.35    -0.4845  1027.6684    34.4344 0.0000e+00
       3618 321.147358  -62.31040  -58.26840      1.073    1446.36     27.000     26.739    -0.4853    -0.4844     0.0009    -0.4861    -0.4852     0.0009   2.808960   2.808981   0.000020    34.2704    34.2697     7.7748    27.5408    27.5401    34.2692    27.5398    1446.35    1446.36    -0.4861  1027.6734    34.4345 0.0000e+00
       3641 321.147369  -62.31040  -58.26840      1.080    1446.36     28.000     27.729    -0.4856    -0.4847     0.0008    -0.4864    -0.4856     0.0008   2.808991   2.808999   0.000009    34.2703    34.2695     7.7683    27.5407    27.5400    34.2692    27.5398    1446.37    1446.37    -0.4864  1027.6782    34.4346 0.0000e+00
       3664 321.147380  -62.31040  -58.26839      1.060    1446.36     29.000     28.720    -0.4858    -0.4850     0.0008    -0.4867    -0.4859     0.0008   2.809006   2.809032   0.000027    34.2700    34.2694     7.7818    27.5405    27.5399    34.2691    27.5398    1446.38    1446.39    -0.4867  1027.6830    34.4345 0.0000e+00
       3688 321.147391  -62.31040  -58.26838      1.022    1446.36     30.000     29.709    -0.4858    -0.4848     0.0009    -0.4867    -0.4858     0.0009   2.809058   2.809085   0.000027    34.2699    34.2692     7.7811    27.5404    27.5398    34.2692    27.5398    1446.40    1446.40    -0.4867  1027.6878    34.4345 0.0000e+00
       3713 321.147403  -62.31040  -58.26838      0.975    1446.36     31.000     30.700    -0.4859    -0.4849     0.0009    -0.4868    -0.4859     0.0009   2.809094   2.809127   0.000029    34.2698    34.2691     7.7837    27.5403    27.5397    34.2691    27.5397    1446.42    1446.42    -0.4868  1027.6925    34.4345 0.0000e+00
       3739 321.147416  -62.31040  -58.26838      0.929    1446.36     32.000     31.690    -0.4857    -0.4849     0.0009    -0.4867    -0.4858     0.0009   2.809159   2.809182   0.000026    34.2698    34.2691     7.7853    27.5403    27.5397    34.2692    27.5398    1446.43    1446.44    -0.4867  1027.6974    34.4346 0.0000e+00
       3766 321.147429  -62.31040  -58.26838      0.894    1446.36     33.000     32.680    -0.4856    -0.4846     0.0009    -0.4866    -0.4857     0.0009   2.809218   2.809235   0.000018    34.2698    34.2689     7.7803    27.5402    27.5395    34.2693    27.5399    1446.45    1446.45    -0.4866  1027.7022    34.4347 0.0000e+00
       3793 321.147442  -62.31040  -58.26838      0.891    1446.36     34.000     33.670    -0.4861    -0.4853     0.0008    -0.4871    -0.4863     0.0008   2.809230   2.809238   0.000010    34.2697    34.2689     7.7839    27.5403    27.5396    34.2693    27.5399    1446.46    1446.47    -0.4871  1027.7071    34.4348 0.0000e+00
       3818 321.147454  -62.31040  -58.26838      0.934    1446.36     35.000     34.661    -0.4863    -0.4854     0.0009    -0.4874    -0.4865     0.0009   2.809265   2.809269   0.000003    34.2698    34.2688     7.7871    27.5403    27.5395    34.2694    27.5401    1446.48    1446.48    -0.4874  1027.7120    34.4349 0.0000e+00
       3841 321.147465  -62.31040  -58.26838      0.999    1446.36     36.000     35.651    -0.4864    -0.4855     0.0009    -0.4874    -0.4866     0.0009   2.809302   2.809318   0.000014    34.2697    34.2689     7.7892    27.5402    27.5396    34.2694    27.5400    1446.50    1446.50    -0.4875  1027.7167    34.4348 0.0000e+00
       3864 321.147476  -62.31040  -58.26838      1.044    1446.36     37.000     36.641    -0.4866    -0.4857     0.0010    -0.4878    -0.4868     0.0010   2.809348   2.809348   0.000003    34.2699    34.2688     7.7870    27.5404    27.5395    34.2697    27.5402    1446.51    1446.51    -0.4877  1027.7218    34.4351 0.0000e+00
       3886 321.147487  -62.31040  -58.26838      1.058    1446.36     38.000     37.632    -0.4866    -0.4857     0.0009    -0.4878    -0.4869     0.0009   2.809378   2.809391   0.000012    34.2697    34.2689     7.7842    27.5403    27.5395    34.2694    27.5400    1446.53    1446.53    -0.4877  1027.7263    34.4349 0.0000e+00
       3909 321.147498  -62.31040  -58.26838      1.050    1446.36     39.000     38.622    -0.4865    -0.4857     0.0009    -0.4877    -0.4868     0.0009   2.809420   2.809439   0.000017    34.2695    34.2687     7.7881    27.5401    27.5394    34.2693    27.5400    1446.54    1446.55    -0.4877  1027.7311    34.4348 0.0000e+00
       3932 321.147509  -62.31040  -58.26838      1.060    1446.36     40.000     39.612    -0.4864    -0.4855     0.0009    -0.4876    -0.4867     0.0009   2.809495   2.809489  -0.000003    34.2697    34.2686     7.7900    27.5403    27.5393    34.2695    27.5401    1446.56    1446.56    -0.4876  1027.7360    34.4351 0.0000e+00
       3954 321.147520  -62.31040  -58.26838      1.069    1446.36     41.000     40.602    -0.4871    -0.4862     0.0009    -0.4883    -0.4874     0.0009   2.809497   2.809493  -0.000005    34.2699    34.2688     7.7938    27.5405    27.5395    34.2698    27.5403    1446.57    1446.58    -0.4883  1027.7410    34.4353 0.0000e+00
       3978 321.147531  -62.31040  -58.26838      1.034    1446.36     42.000     41.592    -0.4877    -0.4867     0.0010    -0.4890    -0.4880     0.0010   2.809493   2.809503   0.000007    34.2700    34.2690     7.7920    27.5405    27.5397    34.2697    27.5403    1446.59    1446.59    -0.4890  1027.7458    34.4353 0.0000e+00
       4002 321.147543  -62.31040  -58.26838      1.001    1446.36     43.000     42.583    -0.4881    -0.4870     0.0011    -0.4894    -0.4883     0.0011   2.809506   2.809522   0.000021    34.2699    34.2689     7.7768    27.5405    27.5396    34.2697    27.5404    1446.60    1446.61    -0.4894  1027.7508    34.4355 0.0000e+00
       4025 321.147554  -62.31040 -9.990e-29      1.016    1446.36     44.000     43.573    -0.4881    -0.4872     0.0010    -0.4895    -0.4885     0.0010   2.809547   2.809554   0.000004    34.2699    34.2689     7.7567    27.5405    27.5396    34.2698    27.5404    1446.62    1446.62    -0.4894  1027.7560    34.4360 0.0000e+00
       4047 321.147565  -62.31040 -9.990e-29      1.066    1446.36     45.000     44.563    -0.4882    -0.4874     0.0008    -0.4896    -0.4888     0.0008   2.809584   2.809579  -0.000003    34.2698    34.2689     7.7418    27.5404    27.5396    34.2697    27.5403    1446.63    1446.64    -0.4895  1027.7607    34.4360 0.0000e+00
       4068 321.147575  -62.31040 -9.990e-29      1.110    1446.36     46.000     45.553    -0.4884    -0.4877     0.0008    -0.4898    -0.4891     0.0008   2.809608   2.809608 -9.939e-07    34.2698    34.2688     7.7327    27.5404    27.5396    34.2697    27.5403    1446.65    1446.65    -0.4898  1027.7655    34.4360 0.0000e+00
       4090 321.147585  -62.31040 -9.990e-29      1.121    1446.36     47.000     46.543    -0.4888    -0.4876     0.0012    -0.4902    -0.4890     0.0012   2.809651   2.809669   0.000019    34.2700    34.2689     7.7279    27.5406    27.5397    34.2700    27.5406    1446.66    1446.67    -0.4902  1027.7707    34.4364 0.0000e+00
       4112 321.147596  -62.31040 -9.990e-29      1.100    1446.36     48.000     47.533    -0.4886    -0.4878     0.0008    -0.4901    -0.4893     0.0008   2.809684   2.809682  -0.000004    34.2699    34.2689     7.7290    27.5406    27.5397    34.2697    27.5404    1446.68    1446.68    -0.4901  1027.7752    34.4361 0.0000e+00
       4135 321.147607  -62.31040 -9.990e-29      1.066    1446.36     49.000     48.523    -0.4903    -0.4892     0.0010    -0.4918    -0.4907     0.0010   2.809601   2.809607   0.000007    34.2699    34.2689     7.7265    27.5407    27.5397    34.2698    27.5405    1446.69    1446.69    -0.4918  1027.7802    34.4362 0.0000e+00
