Pos-Processados/process_op42/operantar42_015.cnv
* Sea-Bird SBE 9 Data File:
* FileName = C:\Users\Hidrografia\Desktop\OPXLII\Brutos\OP42015.hdr
* Software Version Seasave V 7.26.7.107
* Temperature SN = 6502
* Conductivity SN = 4998
* Number of Bytes Per Scan = 31
* Number of Voltage Words = 2
* Number of Scans Averaged by the Deck Unit = 1
* NMEA Latitude = 46 45.52 S
* NMEA Longitude = 057 57.77 W
* NMEA UTC (Time) = Oct 20 2023 19:17:13
* NMEA baud rate = 4800
** H41
** NPOALTEMAXIMIANO
** NUMERO DA ESTACAO (XXX) 015
** LAT (XX XX.XX S/N) 46 45.93 S
** LONG (XXX XX.XX W/E) 057 54.24 W
** DATAHORA (dd/mm/aaaa hh:mm Z) 20/10/2023 1916Z
** PROFUNDIDADE (m) 3525
** OPERADOR CT FABIREZA
# nquan = 30
# nvalues = 2017                        
# units = specified
# name 0 = scan: Scan Count
# name 1 = timeJ: Julian Days
# name 2 = latitude: Latitude [deg]
# name 3 = longitude: Longitude [deg]
# name 4 = dz/dtM: Descent Rate [m/s]
# name 5 = avgsvCM: Average Sound Velocity [Chen-Millero, m/s]
# name 6 = prDM: Pressure, Digiquartz [db]
# name 7 = depSM: Depth [salt water, m]
# name 8 = t090C: Temperature [ITS-90, deg C]
# name 9 = t190C: Temperature, 2 [ITS-90, deg C]
# name 10 = T2-T190C: Temperature Difference, 2 - 1 [ITS-90, deg C]
# name 11 = potemp090C: Potential Temperature [ITS-90, deg C]
# name 12 = potemp190C: Potential Temperature, 2 [ITS-90, deg C]
# name 13 = potemp90Cdiff: Potential Temperature, Diff, 2 - 1 [ITS-90, deg C]
# name 14 = c0S/m: Conductivity [S/m]
# name 15 = c1S/m: Conductivity, 2 [S/m]
# name 16 = C2-C1S/m: Conductivity Difference, 2 - 1 [S/m]
# name 17 = sal00: Salinity, Practical [PSU]
# name 18 = sal11: Salinity, Practical, 2 [PSU]
# name 19 = sbeox0ML/L: Oxygen, SBE 43 [ml/l]
# name 20 = sigma-é00: Density [sigma-theta, kg/m^3]
# name 21 = sigma-é11: Density, 2 [sigma-theta, kg/m^3]
# name 22 = sal00: Salinity, Practical [PSU]
# name 23 = sigma-é00: Density [sigma-theta, kg/m^3]
# name 24 = svCM: Sound Velocity [Chen-Millero, m/s]
# name 25 = svCM1: Sound Velocity, 2 [Chen-Millero, m/s]
# name 26 = gsw_ptA0: potential temperature [ITS-90, deg C]
# name 27 = gsw_densityA0: density, TEOS-10 [density, kg/m^3]
# name 28 = gsw_saA0: Absolute Salinity [g/kg]
# name 29 = flag:
# span 0 =        886,      64876       
# span 1 = 293.804049, 293.834909       
# span 2 =  -46.77136,  -46.40829       
# span 3 =  -57.96606,  -57.96306       
# span 4 =     -1.604,      1.427       
# span 5 =      -0.01,    1478.55       
# span 6 =      2.000,   1012.000       
# span 7 =      1.975,   1001.178       
# span 8 =     1.7308,     7.2233       
# span 9 =     1.7318,     7.2247       
# span 10 =    -0.0329,     0.0902      
# span 11 =     1.7165,     7.2226      
# span 12 =     1.7175,     7.2239      
# span 13 =    -0.0329,     0.0901      
# span 14 =   2.987740,   3.467320      
# span 15 =   2.987724,   3.467423      
# span 16 =  -0.003358,   0.007335      
# span 17 =    33.9561,    34.5748      
# span 18 =    33.9543,    34.5744      
# span 19 =     3.8312,     7.2941      
# span 20 =    26.6781,    27.5914      
# span 21 =    26.6786,    27.5910      
# span 22 =    33.9599,    34.5748      
# span 23 =    26.6789,    27.5914      
# span 24 =    1460.00,    1478.62      
# span 25 =    1460.00,    1478.60      
# span 26 =     1.7165,     7.2226      
# span 27 =  1026.6895,  1032.2921      
# span 28 =    34.1202,    34.7427      
# span 29 = 0.0000e+00, 0.0000e+00      
# interval = decibars: 1                
# start_time = Oct 20 2023 19:17:13 [NMEA time, header]
# bad_flag = -9.990e-29
*END*
[from data line 1982]
      58607 293.831886  -46.77010  -57.96558     -1.026    1470.12     40.000     39.668     6.4938     6.5000     0.0062     6.4903     6.4965     0.0062   3.403444   3.403918   0.000430    34.1030    34.1016     7.0125    26.7807    26.7788    34.1055    26.7826    1476.22    1476.24     6.4903  1026.9678    34.2666 0.0000e+00
      58651 293.831907  -46.77011  -57.96558     -0.587    1470.12     39.000     38.677     6.5209     6.5241     0.0032     6.5175     6.5207     0.0032   3.405849   3.406046   0.000219    34.1029    34.1021     7.0252    26.7770    26.7760    34.1057    26.7792    1476.31    1476.32     6.5175  1026.9597    34.2668 0.0000e+00
      58746 293.831953  -46.77013  -57.96560     -0.200    1470.12     38.000     37.680     6.5319     6.5327     0.0008     6.5286     6.5294     0.0008   3.406699   3.406679  -0.000018    34.1033    34.1023     7.1025    26.7759    26.7750    34.1046    26.7769    1476.34    1476.34     6.5286  1026.9529    34.2659 0.0000e+00
      58846 293.832001  -46.77015  -57.96560     -0.246    1470.12     37.000     36.693     6.5333     6.5350     0.0017     6.5300     6.5317     0.0017   3.406758   3.406822   0.000065    34.1035    34.1025     7.1094    26.7759    26.7749    34.1044    26.7765    1476.32    1476.33     6.5300  1026.9479    34.2656 0.0000e+00
      58983 293.832067  -46.77019  -57.96562     -0.199    1470.12     36.000     35.689     6.5367     6.5377     0.0011     6.5335     6.5346     0.0011   3.406930   3.406965   0.000037    34.1032    34.1025     7.1223    26.7751    26.7745    34.1034    26.7753    1476.32    1476.32     6.5335  1026.9422    34.2647 0.0000e+00
      59012 293.832081  -46.77018  -57.96562     -0.630    1470.12     35.000     34.707     6.5329     6.5341     0.0013     6.5298     6.5311     0.0013   3.406612   3.406659   0.000057    34.1038    34.1032     7.1362    26.7761    26.7755    34.1042    26.7764    1476.29    1476.29     6.5298  1026.9386    34.2653 0.0000e+00
      59099 293.832123  -46.77020  -57.96562     -0.299    1470.12     34.000     33.715     6.5470     6.5486     0.0016     6.5440     6.5456     0.0016   3.407614   3.407868   0.000283    34.1027    34.1022     7.1319    26.7734    26.7727    34.1017    26.7726    1476.33    1476.33     6.5440  1026.9301    34.2628 0.0000e+00
      59158 293.832152  -46.77022  -57.96562     -0.569    1470.12     33.000     32.724     6.5483     6.5603     0.0120     6.5454     6.5574     0.0120   3.407854   3.408808   0.000928    34.1029    34.1013     7.1369    26.7734    26.7705    34.1036    26.7739    1476.32    1476.36     6.5454  1026.9268    34.2647 0.0000e+00
      59216 293.832179  -46.77022  -57.96563     -0.448    1470.12     32.000     31.729     6.5983     6.5958    -0.0025     6.5955     6.5930    -0.0025   3.412584   3.412068  -0.000509    34.1025    34.0994     7.1637    26.7664    26.7642    34.1067    26.7697    1476.50    1476.49     6.5955  1026.9180    34.2678 0.0000e+00
      59310 293.832225  -46.77024  -57.96564     -0.379    1470.12     31.000     30.741     6.7067     6.7490     0.0423     6.7040     6.7462     0.0423   3.421679   3.425632   0.003582    34.0965    34.0940     7.2675    26.7472    26.7396    34.0999    26.7499    1476.90    1477.07     6.7040  1026.8936    34.2610 0.0000e+00
      59338 293.832238  -46.77025  -57.96564     -0.765    1470.12     30.000     29.755     6.7350     6.7807     0.0457     6.7323     6.7780     0.0457   3.424018   3.428215   0.004134    34.0922    34.0925     7.2779    26.7400    26.7340    34.0981    26.7447    1476.99    1477.17     6.7323  1026.8838    34.2592 0.0000e+00
      62780 293.833898  -46.77092  -57.96580     -0.304    1470.12     29.000     28.756     6.9779     6.9746    -0.0033     6.9753     6.9720    -0.0033   3.446116   3.445758  -0.000418    34.0981    34.0968     7.2172    26.7116    26.7111    34.1009    26.7138    1477.92    1477.91     6.9753  1026.8484    34.2621 0.0000e+00
      63481 293.834236 -9.990e-29  -57.96597     -0.345    1470.12     28.000     27.764     7.0634     7.0622    -0.0013     7.0609     7.0596    -0.0013   3.453642   3.453475  -0.000209    34.0985    34.0974     7.2029    26.7002    26.6996    34.0993    26.7009    1478.24    1478.23     7.0609  1026.8305    34.2601 0.0000e+00
      63486 293.834239  -46.77108  -57.96596     -0.670    1470.12     27.000     26.775     7.0555     7.0555    -0.0000     7.0530     7.0530    -0.0000   3.453284   3.452931  -0.000292    34.1007    34.0975     7.2060    26.7030    26.7005    34.1037    26.7054    1478.19    1478.19     7.0530  1026.8308    34.2649 0.0000e+00
      63561 293.834275  -46.77110  -57.96598     -0.325    1470.12     26.000     25.781     7.0785     7.0757    -0.0028     7.0761     7.0734    -0.0028   3.454850   3.454639  -0.000315    34.0985    34.0978     7.2074    26.6981    26.6979    34.0986    26.6982    1478.26    1478.25     7.0761  1026.8190    34.2598 0.0000e+00
      63635 293.834310  -46.77111  -57.96597     -0.484    1470.12     25.000     24.792     7.0908     7.0910     0.0002     7.0885     7.0887     0.0002   3.456083   3.456022  -0.000053    34.0992    34.0985     7.2099    26.6970    26.6963    34.1005    26.6980    1478.29    1478.29     7.0885  1026.8142    34.2616 0.0000e+00
      63714 293.834349  -46.77112  -57.96598     -0.272    1470.12     24.000     23.802     7.0919     7.0926     0.0006     7.0897     7.0904     0.0006   3.456097   3.456117   0.000007    34.0992    34.0987     7.2255    26.6968    26.6963    34.1000    26.6975    1478.28    1478.28     7.0897  1026.8090    34.2611 0.0000e+00
      63782 293.834381  -46.77114  -57.96598     -0.420    1470.12     23.000     22.813     7.0942     7.0955     0.0013     7.0921     7.0934     0.0013   3.456258   3.456325   0.000063    34.0994    34.0988     7.2312    26.6967    26.6960    34.1000    26.6971    1478.27    1478.28     7.0921  1026.8041    34.2611 0.0000e+00
      63849 293.834414  -46.77115  -57.96598     -0.339    1470.12     22.000     21.809     7.0956     7.0962     0.0005     7.0936     7.0941     0.0005   3.456333   3.456330  -0.000007    34.0995    34.0988     7.2325    26.6965    26.6959    34.0999    26.6969    1478.26    1478.26     7.0936  1026.7993    34.2610 0.0000e+00
      63893 293.834435  -46.77116  -57.96598     -0.545    1470.12     21.000     20.826     7.0974     7.0977     0.0003     7.0955     7.0958     0.0003   3.456454   3.456422  -0.000024    34.0995    34.0989     7.2454    26.6962    26.6957    34.1000    26.6966    1478.25    1478.25     7.0955  1026.7946    34.2613 0.0000e+00
      63959 293.834467  -46.77118 -9.990e-29     -0.327    1470.12     20.000     19.832     7.1081     7.1000    -0.0081     7.1063     7.0981    -0.0081   3.457513   3.456604  -0.000865    34.1003    34.0989     7.2504    26.6953    26.6954    34.1015    26.6963    1478.28    1478.25     7.1063  1026.7898    34.2628 0.0000e+00
      64013 293.834493  -46.77118 -9.990e-29     -0.478    1470.12     19.000     18.843     7.1486     7.1407    -0.0080     7.1469     7.1389    -0.0080   3.461224   3.460320  -0.000924    34.0991    34.0969     7.2596    26.6888    26.6881    34.1025    26.6915    1478.42    1478.39     7.1469  1026.7804    34.2639 0.0000e+00
      64091 293.834530  -46.77120  -57.96602     -0.261    1470.12     18.000     17.849     7.1410     7.1449     0.0039     7.1394     7.1432     0.0039   3.460264   3.460549   0.000289    34.0999    34.0992     7.2750    26.6905    26.6894    34.1000    26.6906    1478.37    1478.39     7.1394  1026.7748    34.2612 0.0000e+00
      64142 293.834555  -46.77121  -57.96600     -0.536    1470.12     17.000     16.859     7.1479     7.1499     0.0021     7.1463     7.1484     0.0021   3.460705   3.460995   0.000092    34.0992    34.0981     7.2765    26.6889    26.6878    34.0986    26.6885    1478.38    1478.39     7.1463  1026.7680    34.2597 0.0000e+00
      64191 293.834579  -46.77122  -57.96601     -0.484    1470.12     16.000     15.868     7.1440     7.1474     0.0034     7.1426     7.1459     0.0034   3.460325   3.460687   0.000386    34.0982    34.0991     7.2810    26.6887    26.6889    34.0987    26.6891    1478.35    1478.36     7.1425  1026.7641    34.2598 0.0000e+00
      64260 293.834612  -46.77124  -57.96602     -0.317    1470.12     15.000     14.873     7.1861     7.1770    -0.0091     7.1847     7.1756    -0.0091   3.464283   3.463445  -0.000866    34.0979    34.0975     7.2661    26.6826    26.6835    34.1009    26.6850    1478.50    1478.46     7.1847  1026.7553    34.2620 0.0000e+00
      64292 293.834627  -46.77124  -57.96602     -0.674    1470.12     14.000     13.885     7.1921     7.1986     0.0065     7.1908     7.1973     0.0065   3.464873   3.465244   0.000343    34.0998    34.0971     7.2783    26.6832    26.6802    34.1019    26.6849    1478.51    1478.53     7.1908  1026.7507    34.2630 0.0000e+00
      64365 293.834662  -46.77126  -57.96602     -0.277    1470.12     13.000     12.890     7.2063     7.2080     0.0016     7.2051     7.2068     0.0016   3.465903   3.465964   0.000071    34.0983    34.0975     7.2720    26.6800    26.6792    34.0996    26.6811    1478.54    1478.55     7.2051  1026.7423    34.2607 0.0000e+00
      64415 293.834686  -46.77126  -57.96604     -0.569    1470.12     12.000     11.900     7.2192     7.2153    -0.0040     7.2181     7.2142    -0.0040   3.467015   3.466612  -0.000365    34.0982    34.0981     7.2694    26.6781    26.6786    34.0996    26.6792    1478.57    1478.56     7.2181  1026.7359    34.2607 0.0000e+00
      64467 293.834711  -46.77128  -57.96604     -0.456    1470.12     11.000     10.908     7.2106     7.2094    -0.0011     7.2095     7.2084    -0.0011   3.466235   3.466045  -0.000189    34.0995    34.0986     7.2622    26.6804    26.6798    34.1001    26.6808    1478.53    1478.52     7.2095  1026.7329    34.2612 0.0000e+00
      64533 293.834743  -46.77129  -57.96604     -0.371    1470.12     10.000      9.917     7.2127     7.2127     0.0000     7.2118     7.2118     0.0000   3.466374   3.466317  -0.000062    34.0994    34.0987     7.2723    26.6800    26.6794    34.1000    26.6805    1478.52    1478.52     7.2118  1026.7280    34.2610 0.0000e+00
      64572 293.834762  -46.77130  -57.96604     -0.585    1470.12      9.000      8.933     7.2133     7.2138     0.0005     7.2125     7.2130     0.0005   3.466359   3.466373   0.000008    34.0992    34.0988     7.2724    26.6798    26.6794    34.0997    26.6801    1478.50    1478.50     7.2125  1026.7232    34.2609 0.0000e+00
      64700 293.834824  -46.77132  -57.96606     -0.258    1470.12      8.000      7.928     7.2102     7.2107     0.0005     7.2094     7.2099     0.0005   3.466029   3.466040   0.000011    34.0995    34.0992     7.2785    26.6804    26.6801    34.0997    26.6805    1478.47    1478.48     7.2094  1026.7189    34.2608 0.0000e+00
      64802 293.834873  -46.77135  -57.96606     -0.267    1470.12      7.000      6.942     7.2118     7.2127     0.0009     7.2111     7.2121     0.0009   3.466145   3.466174   0.000027    34.0997    34.0991     7.2808    26.6804    26.6797    34.0999    26.6805    1478.46    1478.47     7.2111  1026.7142    34.2609 0.0000e+00
      64876 293.834909  -46.77136  -57.96606     -0.579    1470.12      6.000      5.969     7.2131     7.2137     0.0006     7.2126     7.2131     0.0006   3.466209   3.466223   0.000013    34.0996    34.0991     7.2781    26.6800    26.6796    34.0997    26.6802    1478.45    1478.46     7.2125  1026.7094    34.2608 0.0000e+00
