Pos-Processados/process_op42/operantar42_001.cnv
* Sea-Bird SBE 9 Data File:
* FileName = C:\Users\Hidrografia\Desktop\OPXLII\Brutos\OP42001.hdr
* Software Version Seasave V 7.26.7.107
* Temperature SN = 6502
* Conductivity SN = 4998
* Number of Bytes Per Scan = 37
* Number of Voltage Words = 4
* Number of Scans Averaged by the Deck Unit = 1
* NMEA Latitude = 37 22.97 S
* NMEA Longitude = 051 25.37 W
* NMEA UTC (Time) = Oct 16 2023 02:33:28
* NMEA baud rate = 4800
** H41
** NPOALTEMAXIMIANO
** NUMERO DA ESTACAO (XXX) 001
** LAT (XX XX.XX S/N) 37 21.653 S
** LONG (XXX XX.XX W/E) 51 23.878 W
** DATAHORA (dd/mm/aaaa hh:mm Z) 16/10/2023 0155
** PROFUNDIDADE (m) 4344
** OPERADOR CT FILIPE LOPES
# nquan = 30
# nvalues = 2013                        
# units = specified
# name 0 = scan: Scan Count
# name 1 = timeJ: Julian Days
# name 2 = latitude: Latitude [deg]
# name 3 = longitude: Longitude [deg]
# name 4 = dz/dtM: Descent Rate [m/s]
# name 5 = avgsvCM: Average Sound Velocity [Chen-Millero, m/s]
# name 6 = prDM: Pressure, Digiquartz [db]
# name 7 = depSM: Depth [salt water, m]
# name 8 = t090C: Temperature [ITS-90, deg C]
# name 9 = t190C: Temperature, 2 [ITS-90, deg C]
# name 10 = T2-T190C: Temperature Difference, 2 - 1 [ITS-90, deg C]
# name 11 = potemp090C: Potential Temperature [ITS-90, deg C]
# name 12 = potemp190C: Potential Temperature, 2 [ITS-90, deg C]
# name 13 = potemp90Cdiff: Potential Temperature, Diff, 2 - 1 [ITS-90, deg C]
# name 14 = c0S/m: Conductivity [S/m]
# name 15 = c1S/m: Conductivity, 2 [S/m]
# name 16 = C2-C1S/m: Conductivity Difference, 2 - 1 [S/m]
# name 17 = sal00: Salinity, Practical [PSU]
# name 18 = sal11: Salinity, Practical, 2 [PSU]
# name 19 = sbeox0ML/L: Oxygen, SBE 43 [ml/l]
# name 20 = sigma-é00: Density [sigma-theta, kg/m^3]
# name 21 = sigma-é11: Density, 2 [sigma-theta, kg/m^3]
# name 22 = sal00: Salinity, Practical [PSU]
# name 23 = sigma-é00: Density [sigma-theta, kg/m^3]
# name 24 = svCM: Sound Velocity [Chen-Millero, m/s]
# name 25 = svCM1: Sound Velocity, 2 [Chen-Millero, m/s]
# name 26 = gsw_ptA0: potential temperature [ITS-90, deg C]
# name 27 = gsw_densityA0: density, TEOS-10 [density, kg/m^3]
# name 28 = gsw_saA0: Absolute Salinity [g/kg]
# name 29 = flag:
# span 0 =       6096,      80372       
# span 1 = 289.109514, 289.145334       
# span 2 =  -37.40116,  -37.38511       
# span 3 =  -51.45054,  -51.42393       
# span 4 =     -1.516,      1.488       
# span 5 =       0.00,    1520.06       
# span 6 =      4.000,   1012.000       
# span 7 =      3.989,   1002.030       
# span 8 =     4.3462,    18.7327       
# span 9 =     4.3501,    18.7321       
# span 10 =    -0.1012,     0.0422      
# span 11 =     4.2674,    18.7261      
# span 12 =     4.2713,    18.7257      
# span 13 =    -0.1009,     0.0419      
# span 14 =   3.263527,   4.825247      
# span 15 =   3.263781,   4.825505      
# span 16 =  -0.013409,   0.003720      
# span 17 =    34.1992,    36.3480      
# span 18 =    34.1988,    36.3494      
# span 19 =     4.4729,     5.6362      
# span 20 =    26.0397,    27.1253      
# span 21 =    26.0404,    27.1245      
# span 22 =    34.2000,    36.3479      
# span 23 =    26.0401,    27.1250      
# span 24 =    1483.63,    1521.24      
# span 25 =    1483.61,    1521.24      
# span 26 =     4.2672,    18.7261      
# span 27 =  1026.0620,  1031.7787      
# span 28 =    34.3644,    36.5196      
# span 29 = 0.0000e+00, 0.0000e+00      
# interval = decibars: 1                
# start_time = Oct 16 2023 02:33:28 [NMEA time, header]
# bad_flag = -9.990e-29
*END*
[from data line 146]
      11743 289.112237  -37.38710  -51.42482      0.872    1520.06    150.000    148.832    17.7607    17.7600    -0.0008    17.7350    17.7343    -0.0008   4.702213   4.702251  -0.000016    36.1212    36.1217     4.8347    26.1966    26.1973    36.1163    26.1929    1518.85    1518.85    17.7351  1026.8484    36.2868 0.0000e+00
      11776 289.112253  -37.38712 -9.990e-29      0.767    1520.06    151.000    149.824    17.7541    17.7548     0.0007    17.7283    17.7290     0.0007   4.701299   4.701602   0.000284    36.1172    36.1190     4.8357    26.1953    26.1965    36.1139    26.1928    1518.85    1518.85    17.7283  1026.8526    36.2844 0.0000e+00
      11818 289.112273  -37.38713  -51.42484      0.579    1520.06    152.000    150.815    17.7484    17.7480    -0.0004    17.7224    17.7220    -0.0004   4.700604   4.700707   0.000106    36.1155    36.1168     4.8286    26.1954    26.1965    36.1126    26.1932    1518.85    1518.85    17.7224  1026.8574    36.2831 0.0000e+00
      11853 289.112290  -37.38715  -51.42484      0.646    1520.06    153.000    151.807    17.7397    17.7397    -0.0001    17.7135    17.7135    -0.0001   4.699529   4.699586   0.000074    36.1141    36.1148     4.8192    26.1965    26.1970    36.1107    26.1939    1518.83    1518.84    17.7135  1026.8625    36.2812 0.0000e+00
      11881 289.112303  -37.38716  -51.42484      0.815    1520.06    154.000    152.799    17.7178    17.7178     0.0000    17.6915    17.6915     0.0000   4.696806   4.696759  -0.000043    36.1102    36.1098     4.8081    26.1989    26.1986    36.1062    26.1959    1518.78    1518.78    17.6915  1026.8688    36.2767 0.0000e+00
      11906 289.112315  -37.38716  -51.42484      0.934    1520.06    155.000    153.791    17.6961    17.6966     0.0005    17.6696    17.6701     0.0005   4.694039   4.694007  -0.000049    36.1055    36.1046     4.8160    26.2007    26.1999    36.1013    26.1974    1518.73    1518.73    17.6696  1026.8748    36.2717 0.0000e+00
      11932 289.112328  -37.38718  -51.42484      0.943    1520.06    156.000    154.783    17.6835    17.6852     0.0017    17.6569    17.6586     0.0017   4.692319   4.692527   0.000199    36.1006    36.1009     4.8314    26.2001    26.1999    36.0972    26.1974    1518.70    1518.71    17.6569  1026.8792    36.2676 0.0000e+00
      11959 289.112341  -37.38718 -9.990e-29      0.896    1520.06    157.000    155.775    17.6632    17.6633     0.0001    17.6364    17.6365     0.0001   4.689770   4.689620  -0.000172    36.0968    36.0952     4.8257    26.2022    26.2009    36.0928    26.1991    1518.66    1518.65    17.6364  1026.8853    36.2632 0.0000e+00
      11991 289.112356  -37.38719 -9.990e-29      0.806    1520.06    158.000    156.766    17.6564    17.6498    -0.0066    17.6295    17.6229    -0.0066   4.688648   4.688026  -0.000503    36.0920    36.0935     4.8020    26.2002    26.2030    36.0888    26.1977    1518.65    1518.63    17.6295  1026.8882    36.2592 0.0000e+00
      12037 289.112379  -37.38721  -51.42486      0.520    1520.06    159.000    157.758    17.6035    17.5938    -0.0097    17.5764    17.5667    -0.0097   4.681691   4.680895  -0.000839    36.0805    36.0819     4.8143    26.2044    26.2078    36.0753    26.2003    1518.49    1518.47    17.5764  1026.8953    36.2456 0.0000e+00
      12083 289.112401  -37.38722  -51.42488      0.511    1520.06    160.000    158.750    17.5659    17.5658    -0.0002    17.5388    17.5386    -0.0002   4.676960   4.677143   0.000155    36.0718    36.0733     4.8156    26.2069    26.2080    36.0673    26.2035    1518.39    1518.39    17.5388  1026.9029    36.2376 0.0000e+00
      12113 289.112415  -37.38723  -51.42488      0.731    1520.06    161.000    159.742    17.5507    17.5512     0.0005    17.5233    17.5238     0.0005   4.675010   4.675189   0.000179    36.0676    36.0687     4.8131    26.2074    26.2082    36.0636    26.2044    1518.36    1518.36    17.5233  1026.9082    36.2339 0.0000e+00
      12138 289.112427  -37.38724  -51.42488      0.903    1520.06    162.000    160.733    17.5299    17.5300     0.0001    17.5024    17.5025     0.0001   4.672450   4.672420  -0.000035    36.0642    36.0639     4.8154    26.2100    26.2097    36.0596    26.2064    1518.31    1518.31    17.5024  1026.9146    36.2298 0.0000e+00
      12166 289.112441  -37.38725  -51.42488      0.902    1520.06    163.000    161.725    17.5143    17.5147     0.0004    17.4867    17.4871     0.0004   4.670449   4.670624   0.000155    36.0592    36.0602     4.8090    26.2099    26.2106    36.0556    26.2072    1518.27    1518.28    17.4867  1026.9198    36.2259 0.0000e+00
      12195 289.112455  -37.38726  -51.42490      0.833    1520.06    164.000    162.717    17.5034    17.5035     0.0001    17.4756    17.4757     0.0001   4.669171   4.669207   0.000039    36.0576    36.0579     4.8073    26.2114    26.2116    36.0539    26.2086    1518.26    1518.26    17.4756  1026.9256    36.2242 0.0000e+00
      12222 289.112468  -37.38728  -51.42490      0.865    1520.06    165.000    163.709    17.4907    17.4910     0.0003    17.4627    17.4631     0.0003   4.667587   4.667724   0.000116    36.0547    36.0554     4.8102    26.2123    26.2128    36.0511    26.2095    1518.23    1518.24    17.4628  1026.9309    36.2213 0.0000e+00
      12252 289.112482  -37.38729  -51.42490      0.832    1520.06    166.000    164.700    17.4660    17.4636    -0.0025    17.4379    17.4355    -0.0025   4.664494   4.664291  -0.000162    36.0504    36.0512     4.8056    26.2151    26.2162    36.0458    26.2115    1518.17    1518.16    17.4380  1026.9373    36.2160 0.0000e+00
      12291 289.112501  -37.38730  -51.42491      0.633    1520.06    167.000    165.693    17.4314    17.4287    -0.0027    17.4032    17.4005    -0.0027   4.659960   4.659887  -0.000108    36.0412    36.0426     4.8133    26.2164    26.2182    36.0369    26.2131    1518.07    1518.07    17.4032  1026.9434    36.2071 0.0000e+00
      12326 289.112518  -37.38731  -51.42492      0.652    1520.06    168.000    166.684    17.4196    17.4199     0.0003    17.3912    17.3915     0.0003   4.658535   4.658677   0.000161    36.0383    36.0394     4.8033    26.2171    26.2179    36.0346    26.2143    1518.05    1518.06    17.3913  1026.9489    36.2048 0.0000e+00
      12356 289.112533  -37.38732  -51.42492      0.786    1520.06    169.000    167.676    17.3888    17.3853    -0.0035    17.3602    17.3568    -0.0035   4.654594   4.654233  -0.000307    36.0330    36.0334     4.7935    26.2206    26.2218    36.0275    26.2163    1517.97    1517.96    17.3603  1026.9554    36.1976 0.0000e+00
      12397 289.112552  -37.38734  -51.42493      0.609    1520.06    170.000    168.668    17.3110    17.2951    -0.0159    17.2824    17.2665    -0.0159   4.644415   4.642696  -0.001637    36.0166    36.0166     4.8008    26.2269    26.2307    36.0078    26.2201    1517.73    1517.69    17.2824  1026.9638    36.1778 0.0000e+00
      12436 289.112571  -37.38734  -51.42494      0.570    1520.06    171.000    169.660    17.1925    17.1886    -0.0039    17.1639    17.1600    -0.0038   4.629342   4.628777  -0.000667    35.9934    35.9910     4.7886    26.2377    26.2368    35.9817    26.2287    1517.37    1517.36    17.1639  1026.9771    36.1516 0.0000e+00
      12459 289.112582  -37.38736  -51.42494      0.871    1520.06    172.000    170.651    17.1534    17.1533    -0.0001    17.1247    17.1246    -0.0001   4.624563   4.624414  -0.000206    35.9829    35.9812     4.7839    26.2390    26.2378    35.9745    26.2326    1517.26    1517.26    17.1247  1026.9854    36.1443 0.0000e+00
      12477 289.112591  -37.38736  -51.42494      1.131    1520.06    173.000    171.643    17.1365    17.1363    -0.0002    17.1076    17.1074    -0.0002   4.622189   4.622248   0.000038    35.9764    35.9769     4.7810    26.2382    26.2386    35.9684    26.2320    1517.22    1517.22    17.1076  1026.9893    36.1383 0.0000e+00
      12496 289.112600  -37.38736  -51.42494      1.272    1520.06    174.000    172.635    17.1220    17.1226     0.0006    17.0929    17.0935     0.0006   4.620467   4.620638   0.000165    35.9726    35.9735     4.7788    26.2387    26.2393    35.9660    26.2337    1517.19    1517.19    17.0929  1026.9954    36.1358 0.0000e+00
      12538 289.112620  -37.38738  -51.42496      0.712    1520.06    175.000    173.626    17.1234    17.1151    -0.0083    17.0942    17.0859    -0.0083   4.620392   4.619777  -0.000610    35.9684    35.9705     4.7726    26.2353    26.2388    35.9636    26.2316    1517.21    1517.19    17.0942  1026.9976    36.1335 0.0000e+00
      12596 289.112648  -37.38741  -51.42498      0.386    1520.06    176.000    174.618    17.0981    17.0984     0.0003    17.0687    17.0691     0.0003   4.617540   4.617748   0.000201    35.9654    35.9669     4.7727    26.2391    26.2401    35.9609    26.2356    1517.15    1517.15    17.0688  1027.0061    36.1308 0.0000e+00
      12627 289.112663  -37.38742  -51.42498      0.699    1520.06    177.000    175.610    17.0862    17.0868     0.0007    17.0566    17.0573     0.0006   4.616095   4.616303   0.000197    35.9626    35.9638     4.7696    26.2398    26.2406    35.9585    26.2367    1517.13    1517.13    17.0567  1027.0115    36.1284 0.0000e+00
      12651 289.112675  -37.38742  -51.42498      0.900    1520.06    178.000    176.602    17.0771    17.0775     0.0004    17.0474    17.0479     0.0004   4.615028   4.615212   0.000176    35.9607    35.9619     4.7843    26.2406    26.2413    35.9569    26.2377    1517.11    1517.12    17.0474  1027.0169    36.1267 0.0000e+00
      12674 289.112686  -37.38744  -51.42498      1.006    1520.06    179.000    177.593    17.0659    17.0660     0.0001    17.0361    17.0362     0.0001   4.613739   4.613789   0.000051    35.9593    35.9596     4.7846    26.2422    26.2424    35.9552    26.2391    1517.09    1517.09    17.0361  1027.0227    36.1251 0.0000e+00
      12696 289.112696  -37.38744  -51.42498      1.068    1520.06    180.000    178.585    17.0513    17.0516     0.0003    17.0214    17.0217     0.0003   4.612027   4.612028  -0.000012    35.9573    35.9569     4.7723    26.2442    26.2438    35.9529    26.2408    1517.06    1517.06    17.0214  1027.0288    36.1227 0.0000e+00
      12718 289.112707  -37.38744  -51.42498      1.100    1520.06    181.000    179.577    17.0421    17.0428     0.0007    17.0120    17.0126     0.0007   4.610871   4.611056   0.000171    35.9538    35.9547     4.7660    26.2438    26.2443    35.9506    26.2414    1517.05    1517.05    17.0120  1027.0337    36.1204 0.0000e+00
      12749 289.112722  -37.38745  -51.42499      0.900    1520.06    182.000    180.567    17.0466    17.0417    -0.0049    17.0163    17.0114    -0.0049   4.611266   4.610981  -0.000264    35.9519    35.9540     4.7696    26.2413    26.2440    35.9497    26.2396    1517.08    1517.07    17.0163  1027.0363    36.1195 0.0000e+00
      12800 289.112746  -37.38748  -51.42501      0.433    1520.06    183.000    181.561    17.0267    17.0242    -0.0025    16.9963    16.9937    -0.0025   4.608915   4.608825  -0.000109    35.9502    35.9515     4.7716    26.2447    26.2463    35.9465    26.2419    1517.03    1517.03    16.9963  1027.0430    36.1163 0.0000e+00
      12839 289.112765  -37.38749  -51.42502      0.591    1520.06    184.000    182.552    16.9969    16.9975     0.0006    16.9664    16.9670     0.0006   4.605347   4.605596   0.000234    35.9449    35.9464     4.7726    26.2479    26.2489    35.9415    26.2452    1516.96    1516.96    16.9664  1027.0507    36.1112 0.0000e+00
      12869 289.112780  -37.38750  -51.42502      0.769    1520.06    185.000    183.543    16.9706    16.9703    -0.0004    16.9400    16.9396    -0.0004   4.602155   4.602164   0.000022    35.9410    35.9415     4.7671    26.2512    26.2516    35.9366    26.2478    1516.89    1516.89    16.9400  1027.0577    36.1063 0.0000e+00
      12902 289.112796  -37.38752  -51.42502      0.750    1520.06    186.000    184.535    16.9411    16.9391    -0.0020    16.9103    16.9083    -0.0020   4.598457   4.598301  -0.000156    35.9349    35.9353     4.7646    26.2536    26.2543    35.9301    26.2499    1516.81    1516.80    16.9103  1027.0643    36.0998 0.0000e+00
      12935 289.112812  -37.38752  -51.42502      0.709    1520.06    187.000    185.527    16.9078    16.9083     0.0005    16.8768    16.8773     0.0005   4.594298   4.594414   0.000099    35.9276    35.9280     4.7497    26.2559    26.2561    35.9231    26.2525    1516.72    1516.72    16.8768  1027.0718    36.0934 0.0000e+00
      12961 289.112824 -9.990e-29 -9.990e-29      0.846    1520.06    188.000    186.519    16.8901    16.8904     0.0002    16.8590    16.8593     0.0002   4.592066   4.592165   0.000096    35.9236    35.9242     4.7590    26.2571    26.2575    35.9189    26.2535    1516.67    1516.68    16.8591  1027.0777    36.0897 0.0000e+00
      12982 289.112834 -9.990e-29 -9.990e-29      1.026    1520.06    189.000    187.510    16.8682    16.8688     0.0006    16.8369    16.8376     0.0006   4.589486   4.589509   0.000018    35.9208    35.9204     4.7632    26.2602    26.2598    35.9155    26.2561    1516.62    1516.62    16.8369  1027.0848    36.0863 0.0000e+00
      13003 289.112844 -9.990e-29 -9.990e-29      1.128    1520.06    190.000    188.502    16.8384    16.8383    -0.0001    16.8071    16.8069    -0.0001   4.585839   4.585596  -0.000217    35.9160    35.9142     4.7669    26.2636    26.2622    35.9097    26.2587    1516.54    1516.54    16.8071  1027.0919    36.0805 0.0000e+00
      13028 289.112856  -37.38754  -51.42504      1.060    1520.06    191.000    189.494    16.8045    16.8048     0.0004    16.7730    16.7734     0.0004   4.581856   4.581557  -0.000292    35.9107    35.9078     4.7605    26.2676    26.2653    35.9046    26.2630    1516.45    1516.45    16.7730  1027.1003    36.0751 0.0000e+00
      13063 289.112873  -37.38756  -51.42504      0.774    1520.06    192.000    190.484    16.7849    16.7782    -0.0067    16.7533    16.7466    -0.0067   4.579249   4.578549  -0.000563    35.9023    35.9034     4.7623    26.2659    26.2683    35.8989    26.2632    1516.40    1516.38    16.7533  1027.1044    36.0685 0.0000e+00
      13121 289.112901  -37.38759  -51.42506      0.365    1519.45    193.000    191.478    16.7635    16.7536    -0.0099    16.7318    16.7219    -0.0099   4.576085   4.575433  -0.000763    35.8950    35.8972     4.7685    26.2654    26.2693    35.8897    26.2613    1516.34    1516.32    16.7318  1027.1068    36.0592 0.0000e+00
      13163 289.112921  -37.38760  -51.42508      0.555    1519.48    194.000    192.469    16.7200    16.7207     0.0006    16.6882    16.6888     0.0006   4.571115   4.571246   0.000123    35.8896    35.8901     4.7512    26.2715    26.2718    35.8845    26.2676    1516.22    1516.23    16.6882  1027.1176    36.0540 0.0000e+00
      13187 289.112933  -37.38760  -51.42508      0.862    1519.48    195.000    193.460    16.7032    16.7040     0.0008    16.6712    16.6721     0.0008   4.569055   4.569231   0.000172    35.8856    35.8864     4.7393    26.2724    26.2729    35.8810    26.2689    1516.19    1516.19    16.6713  1027.1234    36.0505 0.0000e+00
      13207 289.112943  -37.38762  -51.42508      1.071    1519.48    196.000    194.452    16.6823    16.6822    -0.0001    16.6501    16.6501    -0.0001   4.566493   4.566525   0.000020    35.8821    35.8824     4.7440    26.2747    26.2750    35.8768    26.2707    1516.13    1516.13    16.6502  1027.1296    36.0463 0.0000e+00
