Pos-Processados/process_op42/operantar42_012.ros
* Sea-Bird SBE 9 Data File:
* FileName = C:\Users\Hidrografia\Desktop\OPXLII\Brutos\OP42012.hdr
* Software Version Seasave V 7.26.7.107
* Temperature SN = 6502
* Conductivity SN = 4998
* Number of Bytes Per Scan = 31
* Number of Voltage Words = 2
* Number of Scans Averaged by the Deck Unit = 1
* NMEA Latitude = 45 45.00 S
* NMEA Longitude = 055 01.26 W
* NMEA UTC (Time) = Oct 19 2023 15:31:14
* NMEA baud rate = 4800
** H41
** NPOALTEMAXIMIANO
** NUMERO DA ESTACAO (XXX) 012
** LAT (XX XX.XX S/N) 45 44.898 S
** LONG (XXX XX.XX W/E) 055 00.940 W
** DATAHORA (dd/mm/aaaa hh:mm Z) 19/10/2023 15:24 Z
** PROFUNDIDADE (m) 5690
** OPERADOR 1T ZAMITH
# nquan = 24
# nvalues = 4542                                  
# units = specified
# name 0 = scan: Scan Count
# name 1 = timeJ: Julian Days
# name 2 = latitude: Latitude [deg]
# name 3 = longitude: Longitude [deg]
# name 4 = dz/dtM: Descent Rate [m/s]
# name 5 = avgsvCM: Average Sound Velocity [Chen-Millero, m/s]
# name 6 = prDM: Pressure, Digiquartz [db]
# name 7 = depSM: Depth [salt water, m]
# name 8 = t090C: Temperature [ITS-90, deg C]
# name 9 = t190C: Temperature, 2 [ITS-90, deg C]
# name 10 = T2-T190C: Temperature Difference, 2 - 1 [ITS-90, deg C]
# name 11 = potemp090C: Potential Temperature [ITS-90, deg C]
# name 12 = potemp190C: Potential Temperature, 2 [ITS-90, deg C]
# name 13 = potemp90Cdiff: Potential Temperature, Diff, 2 - 1 [ITS-90, deg C]
# name 14 = c0S/m: Conductivity [S/m]
# name 15 = c1S/m: Conductivity, 2 [S/m]
# name 16 = C2-C1S/m: Conductivity Difference, 2 - 1 [S/m]
# name 17 = sal00: Salinity, Practical [PSU]
# name 18 = sal11: Salinity, Practical, 2 [PSU]
# name 19 = sbeox0ML/L: Oxygen, SBE 43 [ml/l]
# name 20 = sigma-é00: Density [sigma-theta, kg/m^3]
# name 21 = sigma-é11: Density, 2 [sigma-theta, kg/m^3]
# name 22 = nbf: Bottles Fired
# name 23 = flag:  0.000e+00
# interval = seconds: 0.0416667
# start_time = Oct 19 2023 15:31:14 [NMEA time, header]
# bad_flag = -9.990e-29
*END*
[from data line 4468]
      60691 292.675958  -45.76200  -55.02216      0.195    1472.17     44.312     43.944     7.0969     7.0771    -0.0199     7.0929     7.0730    -0.0198   3.460461   3.458342  -0.002119    34.1329    34.1293     6.9053    26.7229    26.7228         24  0.000e+00
      60692 292.675958  -45.76200  -55.02216      0.186    1472.17     44.312     43.944     7.0953     7.0775    -0.0177     7.0912     7.0735    -0.0177   3.460313   3.458330  -0.001983    34.1329    34.1287     6.9055    26.7231    26.7223         24  0.000e+00
      60693 292.675959  -45.76200  -55.02216      0.180    1472.17     44.376     44.008     7.0953     7.0782    -0.0171     7.0912     7.0741    -0.0171   3.460263   3.458421  -0.001842    34.1323    34.1291     6.9054    26.7227    26.7225         24  0.000e+00
      60694 292.675959  -45.76200  -55.02216      0.173    1472.17     44.312     43.944     7.0948     7.0790    -0.0158     7.0907     7.0749    -0.0158   3.460276   3.458567  -0.001708    34.1330    34.1299     6.9052    26.7232    26.7230         24  0.000e+00
      60695 292.675960  -45.76200  -55.02216      0.161    1472.17     44.312     43.944     7.0948     7.0796    -0.0152     7.0907     7.0756    -0.0152   3.460282   3.458647  -0.001635    34.1330    34.1301     6.9049    26.7233    26.7231         24  0.000e+00
      60696 292.675960  -45.76200  -55.02216      0.158    1472.17     44.336     43.968     7.0945     7.0802    -0.0143     7.0904     7.0761    -0.0143   3.460233   3.458647  -0.001586    34.1328    34.1296     6.9053    26.7232    26.7226         24  0.000e+00
      60697 292.675961  -45.76200  -55.02216      0.145    1472.17     44.312     43.944     7.0942     7.0801    -0.0141     7.0901     7.0760    -0.0141   3.460165   3.458610  -0.001555    34.1323    34.1293     6.9050    26.7228    26.7224         24  0.000e+00
      60698 292.675961  -45.76200  -55.02216      0.139    1472.17     44.312     43.944     7.0942     7.0796    -0.0145     7.0901     7.0756    -0.0145   3.460152   3.458586  -0.001567    34.1323    34.1295     6.9046    26.7228    26.7226         24  0.000e+00
      60699 292.675962  -45.76200  -55.02216      0.128    1472.17     44.312     43.944     7.0938     7.0800    -0.0138     7.0897     7.0759    -0.0138   3.460103   3.458555  -0.001548    34.1321    34.1288     6.8993    26.7227    26.7220         24  0.000e+00
      60700 292.675962  -45.76200  -55.02216      0.120    1472.17     44.312     43.944     7.0935     7.0800    -0.0135     7.0894     7.0759    -0.0135   3.459973   3.458543  -0.001430    34.1309    34.1287     6.8990    26.7218    26.7219         24  0.000e+00
      60701 292.675963  -45.76200  -55.02216      0.111    1472.17     44.312     43.944     7.0920     7.0790    -0.0130     7.0880     7.0749    -0.0130   3.459862   3.458452  -0.001410    34.1312    34.1286     6.8988    26.7222    26.7220         24  0.000e+00
      60702 292.675963  -45.76200  -55.02216      0.099    1472.17     44.255     43.888     7.0901     7.0787    -0.0114     7.0860     7.0746    -0.0114   3.459701   3.458391  -0.001310    34.1314    34.1283     6.8986    26.7227    26.7218         24  0.000e+00
      60703 292.675964  -45.76200  -55.02216      0.088    1472.17     44.272     43.904     7.0875     7.0796    -0.0078     7.0834     7.0756    -0.0078   3.459448   3.458458  -0.000990    34.1312    34.1281     6.8986    26.7228    26.7215         24  0.000e+00
      60704 292.675964  -45.76200  -55.02216      0.082    1472.17     44.312     43.944     7.0844     7.0796    -0.0048     7.0803     7.0756    -0.0048   3.459021   3.458525  -0.000497    34.1295    34.1288     6.8989    26.7220    26.7221         24  0.000e+00
      60705 292.675965  -45.76200  -55.02216      0.072    1472.17     44.256     43.888     7.0796     7.0785    -0.0011     7.0756     7.0745    -0.0011   3.458465   3.458385  -0.000081    34.1282    34.1284     6.8943    26.7216    26.7219         24  0.000e+00
      60706 292.675965  -45.76200  -55.02216      0.065    1472.17     44.312     43.944     7.0746     7.0771     0.0024     7.0706     7.0730     0.0024   3.458132   3.458184   0.000052    34.1294    34.1276     6.8985    26.7232    26.7215         24  0.000e+00
      60707 292.675965  -45.76200  -55.02216      0.054    1472.17     44.256     43.889     7.0724     7.0758     0.0034     7.0683     7.0717     0.0034   3.458163   3.458098  -0.000064    34.1320    34.1280     6.8977    26.7256    26.7219         24  0.000e+00
      60708 292.675966  -45.76200  -55.02216      0.046    1472.17     44.312     43.944     7.0737     7.0746     0.0009     7.0696     7.0706     0.0009   3.458336   3.457983  -0.000353    34.1326    34.1278     6.8964    26.7259    26.7220         24  0.000e+00
      60709 292.675966  -45.76200  -55.02216      0.034    1472.17     44.191     43.825     7.0756     7.0742    -0.0014     7.0715     7.0701    -0.0014   3.458521   3.457958  -0.000563    34.1328    34.1280     6.8949    26.7258    26.7222         24  0.000e+00
      60710 292.675967  -45.76200  -55.02216      0.025    1472.17     44.272     43.905     7.0771     7.0740    -0.0031     7.0730     7.0699    -0.0031   3.458663   3.457867  -0.000796    34.1329    34.1272     6.8892    26.7256    26.7216         24  0.000e+00
      60711 292.675967  -45.76200  -55.02216      0.016    1472.17     44.256     43.889     7.0778     7.0726    -0.0052     7.0738     7.0685    -0.0052   3.458669   3.457709  -0.000961    34.1322    34.1269     6.8874    26.7250    26.7215         24  0.000e+00
      60712 292.675968  -45.76200  -55.02216      0.012    1472.17     44.256     43.889     7.0782     7.0714    -0.0069     7.0742     7.0673    -0.0068   3.458614   3.457587  -0.001027    34.1312    34.1267     6.8857    26.7241    26.7216         24  0.000e+00
      60713 292.675968  -45.76200  -55.02216     -0.004    1472.17     44.191     43.825     7.0777     7.0716    -0.0061     7.0737     7.0675    -0.0061   3.458490   3.457599  -0.000891    34.1304    34.1267     6.8841    26.7236    26.7215         24  0.000e+00
      60714 292.675969  -45.76200  -55.02216     -0.009    1472.17     44.256     43.889     7.0776     7.0721    -0.0055     7.0735     7.0680    -0.0055   3.458490   3.457709  -0.000781    34.1305    34.1273     6.8831    26.7237    26.7219         24  0.000e+00
      60715 292.675969  -45.76200  -55.02216     -0.018    1472.17     44.191     43.825     7.0784     7.0734    -0.0050     7.0743     7.0693    -0.0050   3.458527   3.457855  -0.000672    34.1301    34.1277     6.8819    26.7233    26.7221         24  0.000e+00
      60716 292.675970  -45.76200  -55.02218     -0.022    1472.17     44.256     43.889     7.0784     7.0742    -0.0042     7.0743     7.0701    -0.0042   3.458515   3.457965  -0.000550    34.1300    34.1281     6.8815    26.7231    26.7222         24  0.000e+00
      60717 292.675970  -45.76200  -55.02218     -0.035    1472.17     44.159     43.793     7.0785     7.0755    -0.0030     7.0744     7.0714    -0.0030   3.458577   3.458031  -0.000545    34.1306    34.1276     6.8804    26.7236    26.7217         24  0.000e+00
      60718 292.675971  -45.76200  -55.02218     -0.043    1472.17     44.191     43.825     7.0790     7.0759    -0.0031     7.0750     7.0719    -0.0031   3.458552   3.458074  -0.000478    34.1297    34.1276     6.8794    26.7229    26.7216         24  0.000e+00
      60719 292.675971  -45.76200  -55.02218     -0.051    1472.17     44.191     43.825     7.0792     7.0753    -0.0039     7.0751     7.0712    -0.0039   3.458583   3.457885  -0.000697    34.1299    34.1261     6.8735    26.7230    26.7206         24  0.000e+00
      60720 292.675972  -45.76200  -55.02218     -0.059    1472.17     44.191     43.825     7.0793     7.0732    -0.0061     7.0753     7.0692    -0.0061   3.458577   3.457526  -0.001050    34.1297    34.1243     6.8726    26.7228    26.7194         24  0.000e+00
      60721 292.675972  -45.76200  -55.02218     -0.067    1472.17     44.135     43.769     7.0790     7.0709    -0.0081     7.0750     7.0669    -0.0081   3.458570   3.457289  -0.001282    34.1300    34.1240     6.8719    26.7231    26.7195         24  0.000e+00
      60722 292.675973  -45.76200  -55.02218     -0.075    1472.17     44.191     43.825     7.0790     7.0693    -0.0097     7.0750     7.0653    -0.0097   3.458453   3.457106  -0.001347    34.1287    34.1235     6.8713    26.7220    26.7193         24  0.000e+00
      60723 292.675973  -45.76200  -55.02218     -0.082    1472.17     44.135     43.769     7.0782     7.0684    -0.0098     7.0741     7.0644    -0.0098   3.458317   3.456960  -0.001357    34.1280    34.1228     6.8707    26.7217    26.7189         24  0.000e+00
      60724 292.675974  -45.76200  -55.02218     -0.089    1472.17     44.159     43.793     7.0774     7.0680    -0.0094     7.0734     7.0639    -0.0094   3.458169   3.456935  -0.001233    34.1272    34.1230     6.8654    26.7211    26.7191         24  0.000e+00
      60725 292.675974  -45.76200  -55.02218     -0.095    1472.17     44.079     43.713     7.0774     7.0676    -0.0098     7.0734     7.0636    -0.0098   3.458058   3.456881  -0.001177    34.1260    34.1228     6.8644    26.7201    26.7190         24  0.000e+00
      60726 292.675975  -45.76200  -55.02218     -0.104    1472.17     44.135     43.769     7.0768     7.0674    -0.0094     7.0727     7.0633    -0.0094   3.457922   3.456783  -0.001138    34.1251    34.1219     6.8636    26.7195    26.7184         24  0.000e+00
      60727 292.675975  -45.76200  -55.02218     -0.109    1472.17     44.135     43.769     7.0755     7.0669    -0.0085     7.0714     7.0629    -0.0085   3.457773   3.456741  -0.001033    34.1248    34.1219     6.8624    26.7195    26.7184         24  0.000e+00
      60728 292.675976  -45.76200  -55.02218     -0.114    1472.17     44.135     43.769     7.0749     7.0667    -0.0082     7.0709     7.0627    -0.0082   3.457798   3.456728  -0.001070    34.1256    34.1220     6.8610    26.7202    26.7185         24  0.000e+00
      60729 292.675976  -45.76200  -55.02218     -0.122    1472.17     44.079     43.713     7.0756     7.0671    -0.0085     7.0715     7.0631    -0.0085   3.457934   3.456692  -0.001242    34.1265    34.1212     6.8595    26.7208    26.7178         24  0.000e+00
      60730 292.675977  -45.76200  -55.02218     -0.122    1472.17     44.135     43.769     7.0769     7.0680    -0.0089     7.0729     7.0639    -0.0089   3.457977   3.456759  -0.001218    34.1256    34.1211     6.8582    26.7199    26.7176         24  0.000e+00
      60731 292.675977  -45.76200  -55.02218     -0.126    1472.17     44.095     43.729     7.0772     7.0690    -0.0082     7.0732     7.0650    -0.0082   3.458045   3.456893  -0.001152    34.1260    34.1215     6.8575    26.7202    26.7178         24  0.000e+00
      60732 292.675978  -45.76200  -55.02218     -0.132    1472.17     44.079     43.713     7.0781     7.0691    -0.0089     7.0740     7.0651    -0.0089   3.458113   3.456911  -0.001202    34.1259    34.1216     6.8569    26.7200    26.7179         24  0.000e+00
      60733 292.675978  -45.76200  -55.02218     -0.142    1472.17     44.015     43.650     7.0782     7.0687    -0.0095     7.0742     7.0647    -0.0095   3.458200   3.456850  -0.001349    34.1268    34.1214     6.8514    26.7206    26.7177         24  0.000e+00
      60734 292.675978  -45.76200  -55.02218     -0.142    1472.17     44.079     43.713     7.0787     7.0687    -0.0100     7.0746     7.0647    -0.0100   3.458175   3.456777  -0.001398    34.1260    34.1206     6.8506    26.7200    26.7171         24  0.000e+00
      60735 292.675979  -45.76200  -55.02218     -0.146    1472.17     44.079     43.713     7.0783     7.0687    -0.0097     7.0743     7.0646    -0.0097   3.458088   3.456741  -0.001348    34.1254    34.1202     6.8500    26.7196    26.7168         24  0.000e+00
      60736 292.675979  -45.76200  -55.02218     -0.154    1472.17     44.015     43.650     7.0782     7.0684    -0.0098     7.0742     7.0644    -0.0098   3.458045   3.456753  -0.001292    34.1251    34.1206     6.8543    26.7193    26.7172         24  0.000e+00
      60737 292.675980  -45.76200  -55.02218     -0.156    1472.17     44.079     43.714     7.0769     7.0690    -0.0079     7.0729     7.0649    -0.0079   3.457922   3.456765  -0.001157    34.1250    34.1202     6.8547    26.7194    26.7167         24  0.000e+00
      60738 292.675980  -45.76200  -55.02218     -0.156    1472.17     44.039     43.674     7.0764     7.0692    -0.0072     7.0724     7.0651    -0.0072   3.457860   3.456783  -0.001077    34.1248    34.1202     6.8500    26.7194    26.7167         24  0.000e+00
      60739 292.675981  -45.76200  -55.02218     -0.161    1472.17     44.015     43.650     7.0760     7.0701    -0.0058     7.0719     7.0661    -0.0058   3.457854   3.456868  -0.000985    34.1252    34.1202     6.8498    26.7198    26.7166         24  0.000e+00
      60740 292.675981  -45.76200  -55.02218     -0.165    1472.17     44.015     43.650     7.0756     7.0711    -0.0045     7.0716     7.0671    -0.0045   3.457922   3.456996  -0.000925    34.1263    34.1206     6.8496    26.7207    26.7168         24  0.000e+00
      60741 292.675982  -45.76200  -55.02218     -0.169    1472.17     44.015     43.650     7.0765     7.0719    -0.0046     7.0725     7.0679    -0.0046   3.457990   3.457088  -0.000902    34.1262    34.1208     6.8495    26.7204    26.7169         24  0.000e+00
      60742 292.675982  -45.76200  -55.02218     -0.168    1472.17     44.015     43.650     7.0771     7.0731    -0.0040     7.0730     7.0690    -0.0040   3.458008   3.457191  -0.000817    34.1258    34.1208     6.8445    26.7201    26.7167         24  0.000e+00
      60743 292.675983  -45.76200  -55.02218     -0.170    1472.17     44.015     43.650     7.0772     7.0734    -0.0039     7.0732     7.0693    -0.0039   3.458051   3.457234  -0.000818    34.1261    34.1210     6.8442    26.7203    26.7168         24  0.000e+00
      60744 292.675983  -45.76200  -55.02218     -0.177    1472.17     43.918     43.554     7.0772     7.0734    -0.0039     7.0732     7.0693    -0.0039   3.458088   3.457222  -0.000867    34.1266    34.1209     6.8439    26.7207    26.7167         24  0.000e+00
      60745 292.675984  -45.76200  -55.02218     -0.175    1472.17     44.015     43.650     7.0769     7.0726    -0.0043     7.0729     7.0685    -0.0043   3.458119   3.457173  -0.000946    34.1272    34.1211     6.8439    26.7212    26.7170         24  0.000e+00
      60746 292.675984  -45.76200  -55.02218     -0.175    1472.17     44.015     43.650     7.0769     7.0715    -0.0054     7.0729     7.0675    -0.0054   3.458039   3.457075  -0.000964    34.1263    34.1211     6.8441    26.7205    26.7171         24  0.000e+00
      60747 292.675985  -45.76200  -55.02218     -0.177    1472.17     43.958     43.594     7.0764     7.0710    -0.0054     7.0723     7.0669    -0.0054   3.457934   3.457057  -0.000877    34.1257    34.1215     6.8444    26.7201    26.7175         24  0.000e+00
      60748 292.675985  -45.76200  -55.02218     -0.178    1472.17     43.958     43.594     7.0761     7.0704    -0.0057     7.0721     7.0664    -0.0057   3.457915   3.457008  -0.000907    34.1258    34.1214     6.8442    26.7202    26.7175         24  0.000e+00
      60749 292.675986  -45.76200  -55.02218     -0.179    1472.17     43.959     43.594     7.0756     7.0702    -0.0054     7.0716     7.0661    -0.0054   3.457798   3.456972  -0.000826    34.1250    34.1213     6.8442    26.7196    26.7175         24  0.000e+00
      60750 292.675986  -45.76200  -55.02218     -0.178    1472.17     43.959     43.594     7.0752     7.0699    -0.0052     7.0711     7.0659    -0.0052   3.457742   3.456960  -0.000783    34.1248    34.1214     6.8443    26.7196    26.7176         24  0.000e+00
