Pos-Processados/process_op42/operantar42_047.cnv
* Sea-Bird SBE 9 Data File:
* FileName = C:\Users\Hidrografia\Desktop\OPXLII\Brutos\OP42047.hdr
* Software Version Seasave V 7.26.7.107
* Temperature SN = 6502
* Conductivity SN = 4998
* Number of Bytes Per Scan = 37
* Number of Voltage Words = 4
* Number of Scans Averaged by the Deck Unit = 1
* NMEA Latitude = 62 08.18 S
* NMEA Longitude = 058 26.60 W
* NMEA UTC (Time) = Nov 09 2023 22:04:48
* NMEA baud rate = 4800
** H41
** NPOALTEMAXIMIANO
** NUMERO DA ESTACAO (XXX) 047
** LAT (XX XX.XX S/N) 62 08. S
** LONG (XXX XX.XX W/E) 058 26. W
** DATAHORA (dd/mm/aaaa hh:mm Z) 09/11/2023 2205Z
** PROFUNDIDADE (m) 424
** OPERADOR 1T ZAMITH
# nquan = 30
# nvalues = 758                         
# units = specified
# name 0 = scan: Scan Count
# name 1 = timeJ: Julian Days
# name 2 = latitude: Latitude [deg]
# name 3 = longitude: Longitude [deg]
# name 4 = dz/dtM: Descent Rate [m/s]
# name 5 = avgsvCM: Average Sound Velocity [Chen-Millero, m/s]
# name 6 = prDM: Pressure, Digiquartz [db]
# name 7 = depSM: Depth [salt water, m]
# name 8 = t090C: Temperature [ITS-90, deg C]
# name 9 = t190C: Temperature, 2 [ITS-90, deg C]
# name 10 = T2-T190C: Temperature Difference, 2 - 1 [ITS-90, deg C]
# name 11 = potemp090C: Potential Temperature [ITS-90, deg C]
# name 12 = potemp190C: Potential Temperature, 2 [ITS-90, deg C]
# name 13 = potemp90Cdiff: Potential Temperature, Diff, 2 - 1 [ITS-90, deg C]
# name 14 = c0S/m: Conductivity [S/m]
# name 15 = c1S/m: Conductivity, 2 [S/m]
# name 16 = C2-C1S/m: Conductivity Difference, 2 - 1 [S/m]
# name 17 = sal00: Salinity, Practical [PSU]
# name 18 = sal11: Salinity, Practical, 2 [PSU]
# name 19 = sbeox0ML/L: Oxygen, SBE 43 [ml/l]
# name 20 = sigma-é00: Density [sigma-theta, kg/m^3]
# name 21 = sigma-é11: Density, 2 [sigma-theta, kg/m^3]
# name 22 = sal00: Salinity, Practical [PSU]
# name 23 = sigma-é00: Density [sigma-theta, kg/m^3]
# name 24 = svCM: Sound Velocity [Chen-Millero, m/s]
# name 25 = svCM1: Sound Velocity, 2 [Chen-Millero, m/s]
# name 26 = gsw_ptA0: potential temperature [ITS-90, deg C]
# name 27 = gsw_densityA0: density, TEOS-10 [density, kg/m^3]
# name 28 = gsw_saA0: Absolute Salinity [g/kg]
# name 29 = flag:
# span 0 =       3680,      24003       
# span 1 = 313.921774, 313.931575       
# span 2 =  -62.14044,  -62.13700       
# span 3 =  -58.44264,  -58.43722       
# span 4 =     -1.256,      1.101       
# span 5 =      -0.00,    1448.34       
# span 6 =      3.000,    382.000       
# span 7 =      3.000,    377.967       
# span 8 =    -0.7990,    -0.4888       
# span 9 =    -0.7986,    -0.4882       
# span 10 =    -0.0133,     0.0152      
# span 11 =    -0.8055,    -0.5018      
# span 12 =    -0.8051,    -0.5012      
# span 13 =    -0.0132,     0.0152      
# span 14 =   2.793571,   2.834954      
# span 15 =   2.793967,   2.834921      
# span 16 =  -0.001084,   0.001372      
# span 17 =    34.2747,    34.4052      
# span 18 =    34.2721,    34.4041      
# span 19 =     6.6502,     7.8420      
# span 20 =    27.5464,    27.6505      
# span 21 =    27.5438,    27.6496      
# span 22 =    34.2749,    34.4052      
# span 23 =    27.5466,    27.6505      
# span 24 =    1445.68,    1452.30      
# span 25 =    1445.68,    1452.30      
# span 26 =    -0.8053,    -0.5016      
# span 27 =  1027.5681,  1029.4716      
# span 28 =    34.4368,    34.5740      
# span 29 = 0.0000e+00, 0.0000e+00      
# interval = decibars: 1                
# start_time = Nov 09 2023 22:04:48 [NMEA time, header]
# bad_flag = -9.990e-29
*END*
[from data line 242]
       9931 313.924789  -62.13804 -9.990e-29      0.956    1447.06    246.000    243.495    -0.7127    -0.7120     0.0006    -0.7202    -0.7196     0.0006   2.804468   2.804445  -0.000026    34.3294    34.3283     7.3072    27.5986    27.5977    34.3311    27.6001    1448.94    1448.94    -0.7201  1028.7833    34.5011 0.0000e+00
       9954 313.924800  -62.13804  -58.44107      0.993 -9.990e-29    247.000    244.484    -0.7107    -0.7095     0.0011    -0.7183    -0.7171     0.0011   2.804735   2.804753   0.000020    34.3306    34.3296     7.3014    27.5996    27.5987    34.3319    27.6006    1448.96    1448.97    -0.7181  1028.7866    34.4994 0.0000e+00
       9977 313.924811  -62.13804  -58.44106      1.029 -9.990e-29    248.000    245.473    -0.7091    -0.7084     0.0007    -0.7167    -0.7160     0.0007   2.804962   2.804921  -0.000041    34.3314    34.3300     7.2916    27.6001    27.5990    34.3325    27.6011    1448.99    1448.99    -0.7166  1028.7918    34.5001 0.0000e+00
      10001 313.924822  -62.13804  -58.44106      1.045 -9.990e-29    249.000    246.462    -0.7073    -0.7066     0.0008    -0.7150    -0.7143     0.0008   2.805169   2.805135  -0.000032    34.3315    34.3302     7.2783    27.6002    27.5991    34.3327    27.6012    1449.01    1449.01    -0.7148  1028.7966    34.5003 0.0000e+00
      10024 313.924834  -62.13805  -58.44105      1.024 -9.990e-29    250.000    247.452    -0.7068    -0.7058     0.0010    -0.7145    -0.7135     0.0010   2.805271   2.805253  -0.000018    34.3321    34.3307     7.2651    27.6006    27.5995    34.3329    27.6013    1449.03    1449.03    -0.7143  1028.8015    34.5004 0.0000e+00
      10049 313.924846  -62.13806  -58.44104      0.994    1447.37    251.000    248.441    -0.7076    -0.7070     0.0006    -0.7153    -0.7148     0.0006   2.805233   2.805185  -0.000051    34.3320    34.3307     7.2464    27.6006    27.5995    34.3327    27.6011    1449.04    1449.04    -0.7152  1028.8061    34.5002 0.0000e+00
      10073 313.924857  -62.13806  -58.44104      0.974    1447.38    252.000    249.430    -0.7056    -0.7049     0.0007    -0.7134    -0.7127     0.0007   2.805468   2.805441  -0.000026    34.3320    34.3309     7.2395    27.6005    27.5996    34.3329    27.6013    1449.07    1449.07    -0.7132  1028.8110    34.5005 0.0000e+00
      10098 313.924869  -62.13806  -58.44103      0.980    1447.38    253.000    250.419    -0.7035    -0.7030     0.0004    -0.7113    -0.7108     0.0004   2.805721   2.805676  -0.000038    34.3324    34.3313     7.2451    27.6007    27.5999    34.3333    27.6015    1449.10    1449.10    -0.7111  1028.8160    34.5009 0.0000e+00
      10122 313.924881  -62.13806  -58.44102      0.984    1447.38    254.000    251.408    -0.7010    -0.7003     0.0006    -0.7088    -0.7082     0.0006   2.806007   2.806006  -0.000014    34.3329    34.3320     7.2500    27.6011    27.6003    34.3337    27.6017    1449.12    1449.13    -0.7086  1028.8210    34.5013 0.0000e+00
      10147 313.924893  -62.13806  -58.44102      0.978    1447.38    255.000    252.398    -0.7000    -0.6994     0.0006    -0.7079    -0.7072     0.0006   2.806193   2.806144  -0.000035    34.3337    34.3325     7.2525    27.6017    27.6007    34.3345    27.6023    1449.15    1449.15    -0.7077  1028.8263    34.5021 0.0000e+00
      10172 313.924905  -62.13807  -58.44101      0.970    1447.38    256.000    253.387    -0.6983    -0.6975     0.0008    -0.7062    -0.7054     0.0008   2.806408   2.806391  -0.000030    34.3342    34.3329     7.2491    27.6020    27.6009    34.3349    27.6025    1449.17    1449.17    -0.7060  1028.8313    34.5024 0.0000e+00
      10196 313.924917  -62.13808  -58.44100      0.975    1447.38    257.000    254.376    -0.6972    -0.6967     0.0004    -0.7051    -0.7047     0.0004   2.806573   2.806513  -0.000054    34.3345    34.3333     7.2449    27.6022    27.6012    34.3353    27.6028    1449.19    1449.19    -0.7050  1028.8363    34.5028 0.0000e+00
      10220 313.924928  -62.13808  -58.44100      1.000    1447.38    258.000    255.365    -0.6946    -0.6940     0.0007    -0.7026    -0.7020     0.0007   2.806889   2.806841  -0.000047    34.3352    34.3338     7.2334    27.6027    27.6015    34.3360    27.6033    1449.22    1449.22    -0.7024  1028.8415    34.5036 0.0000e+00
      10243 313.924939  -62.13808  -58.44100      1.019    1447.38    259.000    256.354    -0.6940    -0.6932     0.0008    -0.7021    -0.7012     0.0008   2.807000   2.806983  -0.000021    34.3356    34.3344     7.2351    27.6030    27.6019    34.3362    27.6034    1449.24    1449.24    -0.7019  1028.8464    34.5038 0.0000e+00
      10267 313.924951  -62.13808  -58.44099      1.015    1447.38    260.000    257.344    -0.6930    -0.6926     0.0004    -0.7011    -0.7007     0.0004   2.807139   2.807073  -0.000055    34.3356    34.3345     7.2332    27.6029    27.6020    34.3363    27.6035    1449.26    1449.26    -0.7009  1028.8513    34.5039 0.0000e+00
      10291 313.924962  -62.13809  -58.44098      1.012    1447.38    261.000    258.333    -0.6875    -0.6873     0.0002    -0.6956    -0.6954     0.0002   2.807743   2.807693  -0.000060    34.3364    34.3354     7.2255    27.6034    27.6025    34.3376    27.6043    1449.31    1449.31    -0.6954  1028.8568    34.5053 0.0000e+00
      10315 313.924974  -62.13810  -58.44098      1.008    1447.38    262.000    259.322    -0.6840    -0.6832     0.0008    -0.6921    -0.6914     0.0008   2.808142   2.808132  -0.000017    34.3375    34.3363     7.2273    27.6040    27.6031    34.3384    27.6048    1449.34    1449.34    -0.6920  1028.8620    34.5060 0.0000e+00
      10338 313.924985  -62.13810  -58.44097      1.003    1447.38    263.000    260.311    -0.6822    -0.6813     0.0008    -0.6904    -0.6895     0.0008   2.808362   2.808363   0.000008    34.3380    34.3372     7.2220    27.6044    27.6037    34.3387    27.6050    1449.36    1449.37    -0.6902  1028.8669    34.5063 0.0000e+00
      10362 313.924997  -62.13810  -58.44096      1.011    1447.38    264.000    261.301    -0.6816    -0.6809     0.0007    -0.6898    -0.6891     0.0007   2.808501   2.808467  -0.000032    34.3385    34.3373     7.2197    27.6048    27.6038    34.3393    27.6054    1449.39    1449.39    -0.6896  1028.8721    34.5069 0.0000e+00
      10386 313.925008  -62.13810  -58.44096      1.002    1447.38    265.000    262.289    -0.6802    -0.6794     0.0008    -0.6884    -0.6877     0.0007   2.808681   2.808644  -0.000037    34.3389    34.3375     7.2048    27.6050    27.6039    34.3395    27.6056    1449.41    1449.41    -0.6883  1028.8770    34.5072 0.0000e+00
      10411 313.925020  -62.13811  -58.44095      0.980    1447.38    266.000    263.278    -0.6802    -0.6795     0.0007    -0.6885    -0.6878     0.0007   2.808719   2.808694  -0.000028    34.3391    34.3379     7.1972    27.6052    27.6042    34.3395    27.6055    1449.42    1449.43    -0.6883  1028.8818    34.5071 0.0000e+00
      10435 313.925032  -62.13812  -58.44094      0.981    1447.38    267.000    264.268    -0.6801    -0.6793     0.0007    -0.6884    -0.6877     0.0007   2.808783   2.808764  -0.000017    34.3391    34.3381     7.1925    27.6052    27.6043    34.3396    27.6056    1449.44    1449.44    -0.6882  1028.8866    34.5072 0.0000e+00
      10459 313.925043  -62.13812  -58.44094      1.003    1447.38    268.000    265.257    -0.6796    -0.6790     0.0006    -0.6880    -0.6874     0.0006   2.808882   2.808849  -0.000030    34.3393    34.3382     7.1896    27.6053    27.6045    34.3398    27.6057    1449.46    1449.46    -0.6878  1028.8915    34.5074 0.0000e+00
      10482 313.925054  -62.13812  -58.44093      1.029    1447.38    269.000    266.246    -0.6791    -0.6786     0.0005    -0.6875    -0.6870     0.0005   2.808984   2.808946  -0.000041    34.3395    34.3384     7.1860    27.6055    27.6046    34.3399    27.6058    1449.48    1449.48    -0.6873  1028.8963    34.5076 0.0000e+00
      10505 313.925065  -62.13812  -58.44092      1.053    1447.38    270.000    267.235    -0.6789    -0.6782     0.0008    -0.6874    -0.6866     0.0008   2.809038   2.809029  -0.000012    34.3395    34.3385     7.1902    27.6055    27.6046    34.3399    27.6058    1449.50    1449.50    -0.6872  1028.9011    34.5075 0.0000e+00
      10529 313.925077  -62.13813  -58.44092      1.028    1447.38    271.000    268.224    -0.6774    -0.6765     0.0008    -0.6858    -0.6850     0.0008   2.809262   2.809246  -0.000012    34.3399    34.3388     7.1827    27.6058    27.6049    34.3405    27.6062    1449.52    1449.52    -0.6857  1028.9062    34.5082 0.0000e+00
      10553 313.925089  -62.13814  -58.44091      0.979    1447.38    272.000    269.213    -0.6758    -0.6749     0.0009    -0.6843    -0.6835     0.0009   2.809484   2.809480  -0.000003    34.3406    34.3396     7.1814    27.6063    27.6054    34.3411    27.6067    1449.55    1449.55    -0.6841  1028.9115    34.5088 0.0000e+00
      10578 313.925101  -62.13814  -58.44090      0.967    1447.38    273.000    270.203    -0.6747    -0.6740     0.0007    -0.6833    -0.6826     0.0007   2.809669   2.809648  -0.000022    34.3414    34.3403     7.1809    27.6068    27.6059    34.3418    27.6072    1449.57    1449.57    -0.6831  1028.9167    34.5094 0.0000e+00
      10602 313.925112  -62.13814  -58.44090      0.989    1447.38    274.000    271.191    -0.6746    -0.6739     0.0007    -0.6832    -0.6825     0.0007   2.809738   2.809707  -0.000031    34.3416    34.3404     7.1814    27.6070    27.6060    34.3420    27.6073    1449.58    1449.59    -0.6830  1028.9216    34.5097 0.0000e+00
      10625 313.925123  -62.13814  -58.44089      1.024    1447.38    275.000    272.180    -0.6741    -0.6734     0.0007    -0.6827    -0.6820     0.0007   2.809841   2.809814  -0.000027    34.3419    34.3407     7.1801    27.6072    27.6062    34.3422    27.6075    1449.60    1449.61    -0.6825  1028.9265    34.5099 0.0000e+00
      10647 313.925134  -62.13814  -58.44088      1.061    1447.38    276.000    273.169    -0.6737    -0.6735     0.0002    -0.6823    -0.6821     0.0003   2.809943   2.809849  -0.000087    34.3421    34.3406     7.1717    27.6074    27.6062    34.3425    27.6077    1449.62    1449.62    -0.6822  1028.9282    34.5061 0.0000e+00
      10670 313.925145 -9.990e-29  -58.44088      1.065    1447.38    277.000    274.158    -0.6733    -0.6728     0.0005    -0.6820    -0.6815     0.0005   2.810025   2.809980  -0.000051    34.3423    34.3411     7.1707    27.6075    27.6065    34.3426    27.6077    1449.64    1449.64    -0.6818  1028.9317    34.5045 0.0000e+00
      10695 313.925157 -9.990e-29  -58.44087      1.018    1447.38    278.000    275.148    -0.6730    -0.6722     0.0008    -0.6818    -0.6809     0.0008   2.810098   2.810093  -0.000006    34.3423    34.3413     7.1677    27.6075    27.6066    34.3426    27.6077    1449.66    1449.66    -0.6815  1028.9364    34.5045 0.0000e+00
      10721 313.925170 -9.990e-29  -58.44086      0.939    1447.38    279.000    276.137    -0.6724    -0.6716     0.0007    -0.6812    -0.6804     0.0007   2.810210   2.810192  -0.000019    34.3426    34.3414     7.1622    27.6077    27.6068    34.3428    27.6079    1449.68    1449.68    -0.6810  1028.9414    34.5048 0.0000e+00
      10747 313.925182  -62.13816  -58.44085      0.916    1447.38    280.000    277.126    -0.6721    -0.6713     0.0008    -0.6809    -0.6801     0.0008   2.810297   2.810293 -8.275e-07    34.3427    34.3418     7.1586    27.6078    27.6070    34.3430    27.6080    1449.70    1449.70    -0.6807  1028.9493    34.5088 0.0000e+00
      10771 313.925194  -62.13817  -58.44084      0.962    1447.38    281.000    278.115    -0.6720    -0.6713     0.0007    -0.6808    -0.6801     0.0007   2.810352   2.810335  -0.000019    34.3428    34.3417     7.1640    27.6079    27.6070    34.3430    27.6080    1449.71    1449.72    -0.6806  1028.9556    34.5107 0.0000e+00
      10794 313.925205  -62.13818  -58.44084      1.019    1447.38    282.000    279.104    -0.6721    -0.6713     0.0007    -0.6809    -0.6802     0.0007   2.810387   2.810374  -0.000013    34.3428    34.3418     7.1651    27.6079    27.6070    34.3430    27.6080    1449.73    1449.73    -0.6808  1028.9604    34.5107 0.0000e+00
      10816 313.925216  -62.13818  -58.44084      1.054    1447.38    283.000    280.093    -0.6722    -0.6714     0.0008    -0.6811    -0.6803     0.0008   2.810422   2.810413  -0.000007    34.3428    34.3418     7.1539    27.6079    27.6070    34.3430    27.6080    1449.74    1449.75    -0.6809  1028.9651    34.5107 0.0000e+00
      10839 313.925226  -62.13818  -58.44083      1.073    1447.38    284.000    281.083    -0.6717    -0.6711     0.0007    -0.6807    -0.6800     0.0007   2.810515   2.810499  -0.000019    34.3430    34.3419     7.1494    27.6080    27.6072    34.3431    27.6081    1449.76    1449.77    -0.6804  1028.9700    34.5108 0.0000e+00
      10862 313.925238  -62.13818  -58.44082      1.059    1447.38    285.000    282.071    -0.6722    -0.6712     0.0009    -0.6811    -0.6802     0.0009   2.810534   2.810526  -0.000007    34.3431    34.3420     7.1531    27.6081    27.6072    34.3432    27.6082    1449.78    1449.78    -0.6810  1028.9749    34.5110 0.0000e+00
      10886 313.925249  -62.13819  -58.44082      1.022    1447.38    286.000    283.061    -0.6722    -0.6713     0.0010    -0.6812    -0.6803     0.0009   2.810570   2.810565  -0.000004    34.3430    34.3419     7.1694    27.6081    27.6071    34.3432    27.6082    1449.79    1449.80    -0.6810  1028.9796    34.5109 0.0000e+00
      10910 313.925261  -62.13820  -58.44081      0.998    1447.38    287.000    284.050    -0.6722    -0.6713     0.0009    -0.6812    -0.6804     0.0009   2.810624   2.810612  -0.000012    34.3432    34.3420     7.1645    27.6082    27.6072    34.3433    27.6083    1449.81    1449.81    -0.6810  1028.9844    34.5110 0.0000e+00
      10934 313.925273  -62.13820  -58.44080      0.981    1447.38    288.000    285.039    -0.6722    -0.6714     0.0008    -0.6813    -0.6805     0.0008   2.810660   2.810641  -0.000018    34.3430    34.3419     7.1579    27.6081    27.6071    34.3431    27.6082    1449.83    1449.83    -0.6811  1028.9891    34.5109 0.0000e+00
      10959 313.925284  -62.13820  -58.44080      0.984    1447.38    289.000    286.028    -0.6718    -0.6713     0.0005    -0.6809    -0.6804     0.0005   2.810756   2.810718  -0.000037    34.3431    34.3420     7.1570    27.6082    27.6072    34.3434    27.6084    1449.85    1449.85    -0.6807  1028.9940    34.5111 0.0000e+00
      10984 313.925296  -62.13821  -58.44079      0.977    1447.38    290.000    287.017    -0.6703    -0.6694     0.0008    -0.6794    -0.6786     0.0008   2.810953   2.810953  -0.000004    34.3435    34.3425     7.1554    27.6084    27.6076    34.3437    27.6085    1449.87    1449.87    -0.6792  1028.9989    34.5114 0.0000e+00
      11009 313.925309  -62.13822  -58.44078      0.959    1447.38    291.000    288.006    -0.6698    -0.6691     0.0007    -0.6790    -0.6783     0.0007   2.811065   2.811049  -0.000012    34.3438    34.3428     7.1475    27.6086    27.6078    34.3440    27.6088    1449.89    1449.89    -0.6788  1029.0040    34.5118 0.0000e+00
      11033 313.925320  -62.13822  -58.44077      0.969    1447.38    292.000    288.995    -0.6696    -0.6689     0.0007    -0.6788    -0.6781     0.0007   2.811123   2.811106  -0.000021    34.3439    34.3428     7.1532    27.6087    27.6078    34.3440    27.6088    1449.90    1449.91    -0.6786  1029.0089    34.5120 0.0000e+00
      11057 313.925332  -62.13822 -9.990e-29      0.992    1447.38    293.000    289.983    -0.6698    -0.6689     0.0008    -0.6790    -0.6782     0.0008   2.811150   2.811150 -3.183e-08    34.3438    34.3428     7.1621    27.6086    27.6078    34.3440    27.6087    1449.92    1449.92    -0.6788  1029.0155    34.5142 0.0000e+00
