Pos-Processados/process_op42/operantar42_034.cnv
* Sea-Bird SBE 9 Data File:
* FileName = C:\Users\Hidrografia\Desktop\OPXLII\Brutos\OP42034.hdr
* Software Version Seasave V 7.26.7.107
* Temperature SN = 6502
* Conductivity SN = 4998
* Number of Bytes Per Scan = 37
* Number of Voltage Words = 4
* Number of Scans Averaged by the Deck Unit = 1
* NMEA Latitude = 62 08.19 S
* NMEA Longitude = 058 26.42 W
* NMEA UTC (Time) = Nov 09 2023 09:05:42
* NMEA baud rate = 4800
** H41
** NPOALTEMAXIMIANO
** NUMERO DA ESTACAO (XXX) 034
** LAT (XX XX.XX S/N) 62 08.17 S
** LONG (XXX XX.XX W/E) 058 26.44 W
** DATAHORA (dd/mm/aaaa hh:mm Z) 09/11/2023 0905Z
** PROFUNDIDADE (m) 424
** OPERADOR CT FABIREZA
# nquan = 30
# nvalues = 795                         
# units = specified
# name 0 = scan: Scan Count
# name 1 = timeJ: Julian Days
# name 2 = latitude: Latitude [deg]
# name 3 = longitude: Longitude [deg]
# name 4 = dz/dtM: Descent Rate [m/s]
# name 5 = avgsvCM: Average Sound Velocity [Chen-Millero, m/s]
# name 6 = prDM: Pressure, Digiquartz [db]
# name 7 = depSM: Depth [salt water, m]
# name 8 = t090C: Temperature [ITS-90, deg C]
# name 9 = t190C: Temperature, 2 [ITS-90, deg C]
# name 10 = T2-T190C: Temperature Difference, 2 - 1 [ITS-90, deg C]
# name 11 = potemp090C: Potential Temperature [ITS-90, deg C]
# name 12 = potemp190C: Potential Temperature, 2 [ITS-90, deg C]
# name 13 = potemp90Cdiff: Potential Temperature, Diff, 2 - 1 [ITS-90, deg C]
# name 14 = c0S/m: Conductivity [S/m]
# name 15 = c1S/m: Conductivity, 2 [S/m]
# name 16 = C2-C1S/m: Conductivity Difference, 2 - 1 [S/m]
# name 17 = sal00: Salinity, Practical [PSU]
# name 18 = sal11: Salinity, Practical, 2 [PSU]
# name 19 = sbeox0ML/L: Oxygen, SBE 43 [ml/l]
# name 20 = sigma-é00: Density [sigma-theta, kg/m^3]
# name 21 = sigma-é11: Density, 2 [sigma-theta, kg/m^3]
# name 22 = sal00: Salinity, Practical [PSU]
# name 23 = sigma-é00: Density [sigma-theta, kg/m^3]
# name 24 = svCM: Sound Velocity [Chen-Millero, m/s]
# name 25 = svCM1: Sound Velocity, 2 [Chen-Millero, m/s]
# name 26 = gsw_ptA0: potential temperature [ITS-90, deg C]
# name 27 = gsw_densityA0: density, TEOS-10 [density, kg/m^3]
# name 28 = gsw_saA0: Absolute Salinity [g/kg]
# name 29 = flag:
# span 0 =        549,      25108       
# span 1 = 313.379223, 313.391066       
# span 2 =  -62.14077,  -62.13661       
# span 3 =  -58.44044,  -58.43977       
# span 4 =     -1.221,      1.161       
# span 5 =       0.00,    1448.35       
# span 6 =      1.000,    398.000       
# span 7 =      0.994,    393.796       
# span 8 =    -0.8011,    -0.5476       
# span 9 =    -0.8003,    -0.5471       
# span 10 =    -0.0256,     0.0175      
# span 11 =    -0.8089,    -0.5486      
# span 12 =    -0.8080,    -0.5480      
# span 13 =    -0.0256,     0.0175      
# span 14 =   2.792793,   2.823262      
# span 15 =   2.792685,   2.823096      
# span 16 =  -0.002146,   0.001769      
# span 17 =    34.2760,    34.3910      
# span 18 =    34.2748,    34.3900      
# span 19 =     6.8084,     7.6553      
# span 20 =    27.5524,    27.6452      
# span 21 =    27.5513,    27.6444      
# span 22 =    34.2779,    34.3910      
# span 23 =    27.5525,    27.6452      
# span 24 =    1445.57,    1451.89      
# span 25 =    1445.56,    1451.89      
# span 26 =    -0.8087,    -0.5486      
# span 27 =  1027.5617,  1029.5451      
# span 28 =    34.4407,    34.5585      
# span 29 = 0.0000e+00, 0.0000e+00      
# interval = decibars: 1                
# start_time = Nov 09 2023 09:05:42 [NMEA time, header]
# bad_flag = -9.990e-29
*END*
[from data line 339]
      10331 313.383940 -9.990e-29  -58.44038      0.986    1447.60    340.000    336.461    -0.6122    -0.6126    -0.0004    -0.6233    -0.6237    -0.0004   2.820063   2.819925  -0.000128    34.3688    34.3676     7.0137    27.6265    27.6255    34.3701    27.6275    1450.99    1450.99    -0.6230  1029.2503    34.5322 0.0000e+00
      10357 313.383952  -62.13808  -58.44036      0.978    1447.60    341.000    337.450    -0.6096    -0.6096    -0.0001    -0.6207    -0.6208    -0.0001   2.820373   2.820297  -0.000072    34.3696    34.3687     6.9945    27.6269    27.6262    34.3707    27.6279    1451.02    1451.02    -0.6205  1029.2566    34.5343 0.0000e+00
      10385 313.383966  -62.13809  -58.44036      0.872    1447.60    342.000    338.439    -0.6016    -0.5992     0.0024    -0.6127    -0.6104     0.0024   2.821205   2.821401   0.000142    34.3708    34.3701     6.9607    27.6276    27.6269    34.3723    27.6288    1451.08    1451.09    -0.6125  1029.2657    34.5402 0.0000e+00
      10417 313.383981  -62.13810  -58.44036      0.788    1447.60    343.000    339.428    -0.5993    -0.5989     0.0004    -0.6105    -0.6101     0.0004   2.821491   2.821424  -0.000025    34.3721    34.3712     6.9425    27.6285    27.6278    34.3730    27.6293    1451.10    1451.11    -0.6103  1029.2709    34.5409 0.0000e+00
      10453 313.383999  -62.13810  -58.44038      0.670    1447.60    344.000    340.416    -0.5999    -0.5996     0.0003    -0.6111    -0.6108     0.0003   2.821530   2.821431  -0.000119    34.3728    34.3708     6.9260    27.6291    27.6275    34.3735    27.6297    1451.12    1451.12    -0.6109  1029.2761    34.5415 0.0000e+00
      10488 313.384016  -62.13810  -58.44038      0.686    1447.60    345.000    341.402    -0.6043    -0.6015     0.0028    -0.6156    -0.6128     0.0028   2.821156   2.821303   0.000152    34.3728    34.3716     6.9223    27.6294    27.6283    34.3729    27.6294    1451.11    1451.13    -0.6153  1029.2806    34.5408 0.0000e+00
      10531 313.384036  -62.13811  -58.44038      0.574    1447.60    346.000    342.395    -0.6008    -0.6001     0.0007    -0.6121    -0.6114     0.0007   2.821471   2.821499   0.000021    34.3718    34.3713     6.9152    27.6284    27.6279    34.3725    27.6290    1451.15    1451.15    -0.6119  1029.2848    34.5405 0.0000e+00
      10575 313.384058  -62.13812  -58.44038      0.531    1447.60    347.000    343.383    -0.5982    -0.5971     0.0011    -0.6096    -0.6085     0.0011   2.821838   2.821827  -0.000004    34.3734    34.3720     6.9196    27.6295    27.6284    34.3740    27.6300    1451.18    1451.18    -0.6093  1029.2906    34.5420 0.0000e+00
      10612 313.384076  -62.13812  -58.44038      0.634    1447.60    348.000    344.371    -0.5959    -0.5951     0.0008    -0.6073    -0.6065     0.0008   2.822060   2.822084   0.000024    34.3732    34.3726     6.9179    27.6293    27.6288    34.3737    27.6297    1451.21    1451.21    -0.6071  1029.2950    34.5417 0.0000e+00
      10647 313.384093  -62.13813  -58.44038      0.682    1447.60    349.000    345.360    -0.5953    -0.5945     0.0008    -0.6068    -0.6060     0.0008   2.822185   2.822176  -0.000010    34.3737    34.3727     6.9105    27.6297    27.6288    34.3741    27.6300    1451.22    1451.23    -0.6065  1029.3001    34.5421 0.0000e+00
      10680 313.384108  -62.13814  -58.44038      0.712    1447.60    350.000    346.349    -0.5960    -0.5951     0.0009    -0.6075    -0.6066     0.0009   2.822162   2.822160  -0.000003    34.3739    34.3728     6.9137    27.6299    27.6290    34.3740    27.6299    1451.24    1451.24    -0.6072  1029.3048    34.5420 0.0000e+00
      10709 313.384122  -62.13814  -58.44038      0.803    1447.60    351.000    347.337    -0.5985    -0.5974     0.0010    -0.6100    -0.6089     0.0010   2.821969   2.821990   0.000019    34.3734    34.3725     6.9128    27.6296    27.6288    34.3736    27.6297    1451.24    1451.24    -0.6098  1029.3093    34.5415 0.0000e+00
      10737 313.384136  -62.13814  -58.44038      0.870    1447.60    352.000    348.326    -0.5988    -0.5981     0.0007    -0.6103    -0.6096     0.0007   2.821980   2.821962  -0.000019    34.3734    34.3724     6.9080    27.6296    27.6287    34.3735    27.6297    1451.25    1451.26    -0.6101  1029.3140    34.5415 0.0000e+00
      10766 313.384150  -62.13814  -58.44038      0.826    1447.61    353.000    349.315    -0.5992    -0.5984     0.0007    -0.6107    -0.6100     0.0007   2.822014   2.821978  -0.000040    34.3737    34.3724     6.9118    27.6299    27.6287    34.3737    27.6299    1451.27    1451.27    -0.6105  1029.3190    34.5417 0.0000e+00
      10798 313.384165  -62.13814  -58.44038      0.757 -9.990e-29    354.000    350.304    -0.6008    -0.5996     0.0012    -0.6124    -0.6112     0.0012   2.821990   2.821972  -0.000017    34.3748    34.3732     6.9167    27.6308    27.6295    34.3747    27.6307    1451.28    1451.28    -0.6122  1029.3246    34.5427 0.0000e+00
      10829 313.384180  -62.13816  -58.44040      0.773 -9.990e-29    355.000    351.293    -0.6047    -0.6032     0.0016    -0.6164    -0.6148     0.0016   2.821690   2.821717   0.000031    34.3747    34.3734     6.9149    27.6309    27.6298    34.3745    27.6307    1451.28    1451.28    -0.6161  1029.3294    34.5425 0.0000e+00
      10855 313.384193  -62.13816  -58.44040      0.861    1448.05    356.000    352.281    -0.6045    -0.6042     0.0003    -0.6162    -0.6158     0.0003   2.821714   2.821695  -0.000018    34.3740    34.3734     6.9120    27.6304    27.6299    34.3739    27.6303    1451.29    1451.30    -0.6159  1029.3337    34.5419 0.0000e+00
      10882 313.384206  -62.13816  -58.44040      0.914    1448.08    357.000    353.270    -0.6023    -0.6012     0.0011    -0.6140    -0.6129     0.0011   2.821945   2.821974   0.000028    34.3737    34.3728     6.9041    27.6300    27.6292    34.3740    27.6302    1451.32    1451.32    -0.6138  1029.3384    34.5420 0.0000e+00
      10941 313.384234  -62.13816  -58.44040      0.404    1448.08    358.000    354.256    -0.6016    -0.6005     0.0012    -0.6133    -0.6122     0.0012   2.822042   2.822078   0.000036    34.3739    34.3730     6.9113    27.6301    27.6294    34.3739    27.6301    1451.34    1451.34    -0.6131  1029.3430    34.5419 0.0000e+00
      11023 313.384274  -62.13818  -58.44040      0.302    1448.08    359.000    355.246    -0.6015    -0.6009     0.0006    -0.6133    -0.6126     0.0006   2.822108   2.822090  -0.000015    34.3740    34.3730     6.9105    27.6302    27.6294    34.3740    27.6302    1451.36    1451.36    -0.6130  1029.3479    34.5420 0.0000e+00
      11104 313.384313  -62.13819  -58.44042      0.293    1448.08    360.000    356.238    -0.6024    -0.6021     0.0003    -0.6142    -0.6139     0.0003   2.822075   2.822033  -0.000037    34.3742    34.3733     6.9170    27.6304    27.6297    34.3740    27.6302    1451.37    1451.37    -0.6140  1029.3526    34.5420 0.0000e+00
      11168 313.384344  -62.13820  -58.44042      0.393    1448.08    361.000    357.226    -0.6155    -0.6140     0.0015    -0.6273    -0.6258     0.0015   2.821082   2.821135   0.000040    34.3755    34.3743     6.9174    27.6321    27.6310    34.3748    27.6315    1451.33    1451.33    -0.6271  1029.3588    34.5429 0.0000e+00
      11229 313.384373  -62.13821  -58.44042      0.390    1448.08    362.000    358.213    -0.6169    -0.6164     0.0004    -0.6287    -0.6283     0.0004   2.820996   2.820988  -0.000003    34.3747    34.3741     6.9191    27.6314    27.6310    34.3746    27.6314    1451.34    1451.34    -0.6285  1029.3635    34.5426 0.0000e+00
      11287 313.384401  -62.13822  -58.44042      0.422    1448.08    363.000    359.202    -0.6166    -0.6154     0.0012    -0.6285    -0.6273     0.0012   2.821064   2.821091   0.000027    34.3750    34.3740     6.9218    27.6317    27.6308    34.3747    27.6314    1451.35    1451.36    -0.6283  1029.3682    34.5427 0.0000e+00
      11329 313.384421  -62.13822  -58.44042      0.562    1448.08    364.000    360.191    -0.6157    -0.6153     0.0004    -0.6276    -0.6273     0.0004   2.821214   2.821190  -0.000017    34.3752    34.3745     6.9229    27.6318    27.6313    34.3750    27.6317    1451.37    1451.37    -0.6274  1029.3732    34.5431 0.0000e+00
      11375 313.384444  -62.13822  -58.44042      0.524    1448.08    365.000    361.179    -0.6154    -0.6153     0.0001    -0.6273    -0.6272     0.0001   2.821252   2.821213  -0.000045    34.3748    34.3741     6.9192    27.6315    27.6309    34.3746    27.6313    1451.39    1451.39    -0.6271  1029.3776    34.5426 0.0000e+00
      11431 313.384470  -62.13824  -58.44042      0.422    1448.08    366.000    362.168    -0.6235    -0.6225     0.0010    -0.6355    -0.6345     0.0010   2.820734   2.820721  -0.000010    34.3766    34.3753     6.9125    27.6333    27.6323    34.3762    27.6330    1451.37    1451.37    -0.6352  1029.3841    34.5443 0.0000e+00
      11472 313.384490  -62.13824  -58.44042      0.572    1448.08    367.000    363.157    -0.6236    -0.6226     0.0010    -0.6356    -0.6346     0.0010   2.820836   2.820854   0.000020    34.3772    34.3764     6.9148    27.6338    27.6331    34.3771    27.6337    1451.39    1451.39    -0.6354  1029.3896    34.5451 0.0000e+00
      11512 313.384510  -62.13824  -58.44042      0.598    1448.08    368.000    364.143    -0.6227    -0.6221     0.0006    -0.6347    -0.6342     0.0006   2.821006   2.820979  -0.000025    34.3779    34.3769     6.9133    27.6343    27.6335    34.3777    27.6342    1451.41    1451.41    -0.6345  1029.3948    34.5458 0.0000e+00
      11578 313.384541  -62.13826  -58.44042      0.325    1448.08    369.000    365.136    -0.6286    -0.6266     0.0020    -0.6407    -0.6387     0.0020   2.820794   2.820836   0.000039    34.3813    34.3796     6.9051    27.6374    27.6359    34.3810    27.6371    1451.40    1451.41    -0.6404  1029.4025    34.5490 0.0000e+00
      11626 313.384565  -62.13826  -58.44042      0.513    1448.08    370.000    366.122    -0.6296    -0.6285     0.0011    -0.6417    -0.6406     0.0011   2.820840   2.820881   0.000039    34.3823    34.3816     6.8945    27.6382    27.6376    34.3821    27.6380    1451.42    1451.42    -0.6415  1029.4082    34.5502 0.0000e+00
      11662 313.384582  -62.13826  -58.44042      0.661    1448.08    371.000    367.111    -0.6294    -0.6287     0.0008    -0.6416    -0.6408     0.0008   2.820913   2.820914   0.000002    34.3824    34.3816     6.8740    27.6383    27.6376    34.3823    27.6382    1451.43    1451.44    -0.6413  1029.4131    34.5504 0.0000e+00
      11713 313.384606  -62.13827  -58.44044      0.467    1448.08    372.000    368.100    -0.6288    -0.6281     0.0007    -0.6410    -0.6403     0.0007   2.821019   2.821009  -0.000011    34.3825    34.3816     6.8666    27.6383    27.6375    34.3824    27.6382    1451.45    1451.46    -0.6407  1029.4179    34.5505 0.0000e+00
      11764 313.384631  -62.13828  -58.44044      0.474    1448.08    373.000    369.088    -0.6293    -0.6292     0.0001    -0.6415    -0.6414     0.0001   2.821085   2.821013  -0.000067    34.3834    34.3824     6.8660    27.6391    27.6382    34.3833    27.6390    1451.47    1451.47    -0.6413  1029.4211    34.5485 0.0000e+00
      11806 313.384651 -9.990e-29  -58.44044      0.572    1448.08    374.000    370.072    -0.6334    -0.6325     0.0009    -0.6456    -0.6448     0.0009   2.820810   2.820786  -0.000024    34.3839    34.3827     6.8707    27.6397    27.6386    34.3836    27.6394    1451.47    1451.47    -0.6454  1029.4239    34.5458 0.0000e+00
      11884 313.384689  -62.13830  -58.44044      0.263    1448.08    375.000    371.067    -0.6347    -0.6336     0.0010    -0.6469    -0.6459     0.0010   2.820720   2.820740   0.000024    34.3834    34.3825     6.8669    27.6393    27.6385    34.3832    27.6391    1451.48    1451.48    -0.6467  1029.4319    34.5498 0.0000e+00
      11949 313.384720  -62.13830  -58.44044      0.423    1448.08    376.000    372.054    -0.6351    -0.6342     0.0008    -0.6474    -0.6465     0.0008   2.820751   2.820755 -7.029e-07    34.3835    34.3825     6.8613    27.6394    27.6386    34.3834    27.6393    1451.49    1451.49    -0.6471  1029.4381    34.5516 0.0000e+00
      11996 313.384743  -62.13831  -58.44044      0.503    1448.08    377.000    373.043    -0.6329    -0.6319     0.0010    -0.6453    -0.6443     0.0010   2.821000   2.821044   0.000043    34.3838    34.3832     6.8685    27.6395    27.6390    34.3838    27.6395    1451.52    1451.52    -0.6450  1029.4430    34.5519 0.0000e+00
      12047 313.384768  -62.13832  -58.44044      0.466    1448.08    378.000    374.031    -0.6346    -0.6337     0.0009    -0.6470    -0.6461     0.0009   2.820970   2.820968   0.000002    34.3847    34.3837     6.8617    27.6403    27.6395    34.3847    27.6403    1451.53    1451.53    -0.6467  1029.4486    34.5528 0.0000e+00
      12089 313.384788  -62.13832  -58.44044      0.569    1448.08    379.000    375.020    -0.6347    -0.6335     0.0012    -0.6471    -0.6459     0.0012   2.821046   2.821087   0.000039    34.3853    34.3844     6.8527    27.6408    27.6401    34.3852    27.6408    1451.54    1451.55    -0.6469  1029.4538    34.5534 0.0000e+00
      12127 313.384806  -62.13832  -58.44044      0.624    1448.08    380.000    376.009    -0.6381    -0.6372     0.0009    -0.6506    -0.6496     0.0009   2.820899   2.820873  -0.000022    34.3867    34.3854     6.8506    27.6421    27.6410    34.3865    27.6419    1451.55    1451.55    -0.6503  1029.4597    34.5546 0.0000e+00
      12169 313.384826  -62.13834  -58.44044      0.580    1448.08    381.000    376.997    -0.6394    -0.6387     0.0007    -0.6519    -0.6512     0.0007   2.820845   2.820823  -0.000023    34.3867    34.3856     6.8567    27.6422    27.6413    34.3866    27.6421    1451.56    1451.56    -0.6516  1029.4646    34.5547 0.0000e+00
      12210 313.384846  -62.13834  -58.44044      0.584    1448.21    382.000    377.986    -0.6391    -0.6384     0.0007    -0.6516    -0.6509     0.0007   2.820929   2.820922  -0.000006    34.3868    34.3859     6.8442    27.6423    27.6415    34.3868    27.6422    1451.57    1451.58    -0.6513  1029.4695    34.5549 0.0000e+00
      12248 313.384864  -62.13836  -58.44044      0.629    1448.35    383.000    378.975    -0.6385    -0.6377     0.0008    -0.6511    -0.6503     0.0008   2.821043   2.821042 7.1795e-08    34.3871    34.3862     6.8400    27.6424    27.6417    34.3871    27.6424    1451.59    1451.60    -0.6508  1029.4745    34.5552 0.0000e+00
      12287 313.384883  -62.13836  -58.44044      0.623    1448.35    384.000    379.963    -0.6381    -0.6374     0.0007    -0.6507    -0.6500     0.0007   2.821142   2.821129  -0.000013    34.3874    34.3864     6.8448    27.6427    27.6419    34.3874    27.6427    1451.61    1451.61    -0.6504  1029.4794    34.5555 0.0000e+00
      12328 313.384903  -62.13836  -58.44044      0.581    1448.35    385.000    380.951    -0.6379    -0.6372     0.0006    -0.6505    -0.6498     0.0006   2.821217   2.821209  -0.000010    34.3874    34.3866     6.8474    27.6427    27.6420    34.3874    27.6427    1451.63    1451.63    -0.6502  1029.4842    34.5556 0.0000e+00
      12364 313.384920  -62.13836  -58.44044      0.649    1448.35    386.000    381.941    -0.6371    -0.6363     0.0008    -0.6498    -0.6490     0.0008   2.821351   2.821341  -0.000009    34.3877    34.3867     6.8421    27.6429    27.6420    34.3878    27.6430    1451.65    1451.65    -0.6495  1029.4892    34.5559 0.0000e+00
