Pos-Processados/process_op42/operantar42_007.cnv
* Sea-Bird SBE 9 Data File:
* FileName = C:\Users\Hidrografia\Desktop\OPXLII\Brutos\OP42006.hdr
* Software Version Seasave V 7.26.7.107
* Temperature SN = 6502
* Conductivity SN = 4998
* Number of Bytes Per Scan = 31
* Number of Voltage Words = 2
* Number of Scans Averaged by the Deck Unit = 1
* NMEA Latitude = 41 49.29 S
* NMEA Longitude = 054 31.41 W
* NMEA UTC (Time) = Oct 18 2023 00:54:10
* NMEA baud rate = 4800
** H41
** NPOALTEMAXIMIANO
** NUMERO DA ESTACAO (XXX) 006
** LAT (XX XX.XX S/N) 41 49.31 S
** LONG (XXX XX.XX W/E) 054 31.42 W
** DATAHORA (dd/mm/aaaa hh:mm Z) 17/10/2023 0025Z
** PROFUNDIDADE (m) 5071
** OPERADOR CT FILIPE LOPES
# nquan = 30
# nvalues = 2027                        
# units = specified
# name 0 = scan: Scan Count
# name 1 = timeJ: Julian Days
# name 2 = latitude: Latitude [deg]
# name 3 = longitude: Longitude [deg]
# name 4 = dz/dtM: Descent Rate [m/s]
# name 5 = avgsvCM: Average Sound Velocity [Chen-Millero, m/s]
# name 6 = prDM: Pressure, Digiquartz [db]
# name 7 = depSM: Depth [salt water, m]
# name 8 = t090C: Temperature [ITS-90, deg C]
# name 9 = t190C: Temperature, 2 [ITS-90, deg C]
# name 10 = T2-T190C: Temperature Difference, 2 - 1 [ITS-90, deg C]
# name 11 = potemp090C: Potential Temperature [ITS-90, deg C]
# name 12 = potemp190C: Potential Temperature, 2 [ITS-90, deg C]
# name 13 = potemp90Cdiff: Potential Temperature, Diff, 2 - 1 [ITS-90, deg C]
# name 14 = c0S/m: Conductivity [S/m]
# name 15 = c1S/m: Conductivity, 2 [S/m]
# name 16 = C2-C1S/m: Conductivity Difference, 2 - 1 [S/m]
# name 17 = sal00: Salinity, Practical [PSU]
# name 18 = sal11: Salinity, Practical, 2 [PSU]
# name 19 = sbeox0ML/L: Oxygen, SBE 43 [ml/l]
# name 20 = sigma-é00: Density [sigma-theta, kg/m^3]
# name 21 = sigma-é11: Density, 2 [sigma-theta, kg/m^3]
# name 22 = sal00: Salinity, Practical [PSU]
# name 23 = sigma-é00: Density [sigma-theta, kg/m^3]
# name 24 = svCM: Sound Velocity [Chen-Millero, m/s]
# name 25 = svCM1: Sound Velocity, 2 [Chen-Millero, m/s]
# name 26 = gsw_ptA0: potential temperature [ITS-90, deg C]
# name 27 = gsw_densityA0: density, TEOS-10 [density, kg/m^3]
# name 28 = gsw_saA0: Absolute Salinity [g/kg]
# name 29 = flag:
# span 0 =       5829,      65275       
# span 1 = 291.040426, 291.069095       
# span 2 =  -41.82056,  -41.81190       
# span 3 =  -54.52299,  -54.51750       
# span 4 =     -1.512,      1.484       
# span 5 =       0.00,    1502.65       
# span 6 =      2.000,   1016.000       
# span 7 =      2.019,   1005.581       
# span 8 =     3.0698,    13.7247       
# span 9 =     3.0706,    13.7272       
# span 10 =    -0.5423,     0.5292      
# span 11 =     3.0038,    13.7226      
# span 12 =     3.0046,    13.7240      
# span 13 =    -0.5412,     0.5282      
# span 14 =   3.155142,   4.206754      
# span 15 =   3.155159,   4.207083      
# span 16 =  -0.052698,   0.056733      
# span 17 =    34.1191,    35.3569      
# span 18 =    34.1214,    35.3575      
# span 19 =     4.6802,     6.4864      
# span 20 =    26.5102,    27.3265      
# span 21 =    26.5122,    27.3263      
# span 22 =    34.1140,    35.3598      
# span 23 =    26.5205,    27.3264      
# span 24 =    1475.74,    1503.67      
# span 25 =    1475.75,    1503.66      
# span 26 =     3.0037,    13.7226      
# span 27 =  1026.5452,  1032.0304      
# span 28 =    34.2756,    35.5268      
# span 29 = 0.0000e+00, 0.0000e+00      
# interval = decibars: 1                
# start_time = Oct 18 2023 00:54:10 [NMEA time, header]
# bad_flag = -9.990e-29
*END*
[from data line 49]
       7872 291.041412  -41.82032  -54.52278      0.893    1502.65     51.000     50.595    13.5340    13.5368     0.0028    13.5268    13.5296     0.0028   4.183858   4.184240   0.000384    35.3145    35.3155     5.7518    26.5291    26.5293    35.3137    26.5285    1503.17    1503.18    13.5268  1026.7583    35.4805 0.0000e+00
       7905 291.041427  -41.82030  -54.52278      0.772    1502.65     52.000     51.586    13.5287    13.5305     0.0018    13.5214    13.5232     0.0018   4.183195   4.183513   0.000311    35.3127    35.3139     5.7549    26.5288    26.5294    35.3119    26.5282    1503.17    1503.17    13.5214  1026.7625    35.4787 0.0000e+00
       7941 291.041445  -41.82030  -54.52278      0.649    1502.65     53.000     52.578    13.5107    13.5119     0.0012    13.5033    13.5045     0.0012   4.181059   4.181191   0.000165    35.3095    35.3100     5.7495    26.5301    26.5302    35.3079    26.5288    1503.12    1503.12    13.5033  1026.7676    35.4747 0.0000e+00
       7971 291.041459  -41.82030  -54.52278      0.753    1502.65     54.000     53.570    13.5092    13.5086    -0.0006    13.5016    13.5010    -0.0006   4.180788   4.180820   0.000021    35.3074    35.3082     5.7378    26.5289    26.5295    35.3064    26.5280    1503.13    1503.13    13.5016  1026.7712    35.4732 0.0000e+00
       7992 291.041469  -41.82030  -54.52278      0.956    1502.65     55.000     54.562    13.5008    13.5024     0.0015    13.4930    13.4946     0.0015   4.179800   4.180040   0.000223    35.3060    35.3066     5.7395    26.5295    26.5297    35.3044    26.5282    1503.12    1503.12    13.4931  1026.7758    35.4711 0.0000e+00
       8011 291.041478  -41.82030  -54.52278      1.168    1502.65     56.000     55.554    13.4973    13.4994     0.0022    13.4894    13.4916     0.0022   4.179449   4.179765   0.000330    35.3048    35.3059     5.7470    26.5293    26.5297    35.3039    26.5286    1503.12    1503.13    13.4894  1026.7806    35.4707 0.0000e+00
       8029 291.041487  -41.82030  -54.52278      1.298    1502.65     57.000     56.546    13.4719    13.4686    -0.0033    13.4639    13.4606    -0.0033   4.175755   4.175804   0.000012    35.2997    35.3028     5.7581    26.5306    26.5337    35.2921    26.5247    1503.04    1503.03    13.4639  1026.7812    35.4588 0.0000e+00
       8048 291.041496  -41.82028  -54.52278      1.309    1502.65     58.000     57.538    13.4298    13.4345     0.0047    13.4217    13.4263     0.0047   4.171113   4.171681   0.000461    35.2937    35.2938     5.7675    26.5347    26.5338    35.2867    26.5292    1502.91    1502.93    13.4217  1026.7902    35.4534 0.0000e+00
       8073 291.041508  -41.82028  -54.52278      1.109    1502.65     59.000     58.530    13.3640    13.3820     0.0179    13.3558    13.3737     0.0179   4.163915   4.165491   0.001536    35.2850    35.2829     5.7678    26.5414    26.5361    35.2791    26.5369    1502.70    1502.76    13.3558  1026.8023    35.4458 0.0000e+00
       8107 291.041525  -41.82026  -54.52276      0.738    1502.65     60.000     59.522    13.3455    13.3488     0.0033    13.3371    13.3404     0.0033   4.161235   4.161626   0.000495    35.2746    35.2763     5.7675    26.5372    26.5378    35.2705    26.5340    1502.65    1502.66    13.3371  1026.8039    35.4371 0.0000e+00
       8140 291.041541  -41.82026  -54.52276      0.698    1502.65     61.000     60.514    13.3315    13.3348     0.0033    13.3230    13.3263     0.0033   4.159245   4.159506   0.000217    35.2700    35.2689     5.7755    26.5365    26.5350    35.2642    26.5320    1502.61    1502.62    13.3230  1026.8064    35.4308 0.0000e+00
       8165 291.041553  -41.82026  -54.52276      0.866    1502.65     62.000     61.505    13.2406    13.2468     0.0062    13.2320    13.2382     0.0062   4.147237   4.148265   0.001035    35.2512    35.2553     5.7900    26.5406    26.5425    35.2341    26.5273    1502.29    1502.32    13.2320  1026.8062    35.4006 0.0000e+00
       8188 291.041564  -41.82026  -54.52276      1.002    1502.65     63.000     62.497    13.1430    13.1449     0.0020    13.1342    13.1362     0.0020   4.136009   4.136606   0.000436    35.2301    35.2323     5.7903    26.5441    26.5454    35.2175    26.5344    1501.97    1501.98    13.1342  1026.8178    35.3839 0.0000e+00
       8214 291.041577  -41.82026  -54.52276      0.989    1502.65     64.000     63.489    12.9832    12.9909     0.0077    12.9744    12.9821     0.0077   4.116768   4.116816   0.000080    35.2080    35.2016     5.8043    26.5593    26.5528    35.1821    26.5391    1501.41    1501.43    12.9744  1026.8272    35.3483 0.0000e+00
       8242 291.041590  -41.82026  -54.52276      0.872    1502.65     65.000     64.481    12.8189    12.8337     0.0148    12.8101    12.8249     0.0148   4.097000   4.098310   0.001268    35.1680    35.1663     5.8267    26.5612    26.5569    35.1454    26.5436    1500.84    1500.88    12.8101  1026.8363    35.3114 0.0000e+00
       8268 291.041602 -9.990e-29  -54.52276      0.892    1502.65     66.000     65.473    12.6681    12.6787     0.0106    12.6592    12.6698     0.0106   4.078870   4.079717   0.000930    35.1360    35.1351     5.8367    26.5663    26.5635    35.1114    26.5472    1500.31    1500.34    12.6592  1026.8445    35.2773 0.0000e+00
       8289 291.041613 -9.990e-29  -54.52276      1.016    1502.65     67.000     66.465    12.6109    12.6104    -0.0005    12.6019    12.6014    -0.0005   4.072157   4.072212   0.000133    35.1167    35.1184     5.8443    26.5627    26.5641    35.0997    26.5495    1500.12    1500.12    12.6019  1026.8513    35.2656 0.0000e+00
       8309 291.041622 -9.990e-29  -54.52274      1.155    1502.65     68.000     67.457    12.6031    12.6042     0.0011    12.5940    12.5951     0.0011   4.071164   4.071532   0.000431    35.1109    35.1141     5.8506    26.5598    26.5621    35.0970    26.5490    1500.11    1500.11    12.5940  1026.8552    35.2628 0.0000e+00
       8329 291.041632  -41.82024  -54.52274      1.228    1502.65     69.000     68.448    12.5802    12.5812     0.0010    12.5709    12.5719     0.0010   4.068569   4.068911   0.000318    35.1067    35.1088     5.8627    26.5611    26.5625    35.0929    26.5504    1500.04    1500.05    12.5709  1026.8611    35.2588 0.0000e+00
       8353 291.041643  -41.82024  -54.52274      1.103    1502.65     70.000     69.441    12.5855    12.5847    -0.0007    12.5761    12.5754    -0.0007   4.069332   4.069581   0.000269    35.1044    35.1077     5.8738    26.5582    26.5609    35.0949    26.5509    1500.08    1500.08    12.5761  1026.8661    35.2607 0.0000e+00
       8384 291.041659  -41.82024  -54.52274      0.814    1502.65     71.000     70.432    12.6038    12.6024    -0.0014    12.5943    12.5929    -0.0014   4.071569   4.071872   0.000304    35.1059    35.1101     5.8689    26.5559    26.5594    35.0990    26.5505    1500.16    1500.16    12.5942  1026.8700    35.2648 0.0000e+00
       8415 291.041673  -41.82022  -54.52274      0.760    1502.65     72.000     71.424    12.6116    12.6120     0.0003    12.6019    12.6023     0.0003   4.072661   4.072990   0.000369    35.1090    35.1122     5.8478    26.5567    26.5592    35.1017    26.5511    1500.21    1500.21    12.6019  1026.8751    35.2676 0.0000e+00
       8441 291.041686  -41.82022  -54.52273      0.873    1502.65     73.000     72.416    12.6128    12.6075    -0.0053    12.6030    12.5977    -0.0053   4.073050   4.072685  -0.000340    35.1092    35.1108     5.8292    26.5567    26.5590    35.1040    26.5526    1500.23    1500.21    12.6030  1026.8811    35.2698 0.0000e+00
       8467 291.041698 -9.990e-29  -54.52272      0.927    1502.01     74.000     73.408    12.6050    12.6039    -0.0011    12.5950    12.5940    -0.0011   4.072098   4.072237   0.000161    35.1069    35.1094     5.8355    26.5565    26.5586    35.1016    26.5524    1500.22    1500.21    12.5950  1026.8853    35.2675 0.0000e+00
       8497 291.041713 -9.990e-29  -54.52272      0.840    1501.42     75.000     74.400    12.6164    12.6128    -0.0035    12.6063    12.6028    -0.0035   4.073740   4.073605  -0.000154    35.1091    35.1109     5.8293    26.5559    26.5580    35.1064    26.5539    1500.28    1500.27    12.6063  1026.8912    35.2723 0.0000e+00
       8525 291.041726  -41.82020  -54.52272      0.818    1501.43     76.000     75.391    12.6117    12.6165     0.0048    12.6015    12.6063     0.0048   4.073045   4.073827   0.000760    35.1093    35.1121     5.8336    26.5571    26.5583    35.1036    26.5527    1500.27    1500.29    12.6015  1026.8945    35.2695 0.0000e+00
       8546 291.041737  -41.82020  -54.52272      0.970    1501.43     77.000     76.383    12.5965    12.5967     0.0002    12.5862    12.5864     0.0002   4.071546   4.071715   0.000162    35.1056    35.1070     5.8437    26.5572    26.5583    35.1029    26.5551    1500.24    1500.24    12.5862  1026.9014    35.2688 0.0000e+00
       8566 291.041746  -41.82020  -54.52272      1.140    1501.43     78.000     77.375    12.6058    12.6046    -0.0012    12.5953    12.5941    -0.0012   4.072491   4.072612   0.000157    35.1057    35.1083     5.8408    26.5555    26.5577    35.1029    26.5533    1500.29    1500.29    12.5953  1026.9040    35.2688 0.0000e+00
       8588 291.041757  -41.82020  -54.52272      1.178    1501.43     79.000     78.367    12.6218    12.6084    -0.0134    12.6112    12.5978    -0.0134   4.074425   4.073196  -0.001260    35.1084    35.1088     5.8278    26.5545    26.5574    35.1062    26.5527    1500.36    1500.32    12.6112  1026.9078    35.2721 0.0000e+00
       8615 291.041770  -41.82019  -54.52272      0.980    1501.43     80.000     79.358    12.6161    12.6142    -0.0019    12.6053    12.6034    -0.0019   4.074214   4.073879  -0.000218    35.1098    35.1094     5.8246    26.5567    26.5568    35.1091    26.5561    1500.36    1500.35    12.6053  1026.9157    35.2750 0.0000e+00
       8644 291.041784  -41.82018  -54.52272      0.819    1501.43     81.000     80.350    12.7142    12.7009    -0.0133    12.7033    12.6899    -0.0133   4.086349   4.085668  -0.000818    35.1242    35.1287     5.8206    26.5484    26.5546    35.1338    26.5559    1500.74    1500.70    12.7032  1026.9198    35.2999 0.0000e+00
       8668 291.041796  -41.82018  -54.52270      0.908    1501.43     82.000     81.342    12.7955    12.7955     0.0001    12.7843    12.7844     0.0001   4.097357   4.097900   0.000455    35.1476    35.1518     5.8144    26.5505    26.5537    35.1633    26.5626    1501.06    1501.07    12.7843  1026.9308    35.3295 0.0000e+00
       8691 291.041806  -41.82018  -54.52270      1.034    1501.43     83.000     82.334    12.8829    12.8883     0.0054    12.8716    12.8770     0.0054   4.108166   4.108741   0.000549    35.1821    35.1824     5.8005    26.5598    26.5589    35.1850    26.5620    1501.39    1501.41    12.8716  1026.9345    35.3513 0.0000e+00
       8715 291.041818  -41.82018  -54.52270      1.037    1501.43     84.000     83.326    12.7924    12.7971     0.0047    12.7810    12.7857     0.0047   4.098053   4.097659  -0.000298    35.1772    35.1699     5.7974    26.5741    26.5675    35.1720    26.5701    1501.09    1501.10    12.7810  1026.9471    35.3382 0.0000e+00
       8745 291.041832  -41.82018  -54.52270      0.869    1501.43     85.000     84.317    12.7340    12.7391     0.0050    12.7225    12.7275     0.0050   4.090937   4.091682   0.000558    35.1583    35.1590     5.7263    26.5711    26.5706    35.1577    26.5706    1500.90    1500.92    12.7225  1026.9522    35.3238 0.0000e+00
       8777 291.041848  -41.82017  -54.52270      0.747    1501.43     86.000     85.309    12.7827    12.7867     0.0041    12.7710    12.7751     0.0041   4.098444   4.099706   0.001377    35.1769    35.1864     5.6784    26.5759    26.5824    35.1840    26.5813    1501.11    1501.13    12.7710  1026.9673    35.3503 0.0000e+00
       8804 291.041861  -41.82016  -54.52270      0.815    1501.43     87.000     86.301    12.8141    12.8145     0.0005    12.8023    12.8027     0.0005   4.103280   4.103545   0.000285    35.1980    35.2003     5.6915    26.5860    26.5877    35.2006    26.5880    1501.25    1501.25    12.8022  1026.9783    35.3670 0.0000e+00
       8827 291.041872  -41.82016  -54.52270      0.969    1501.43     88.000     87.293    12.8222    12.8230     0.0007    12.8102    12.8110     0.0007   4.104772   4.105032   0.000216    35.2031    35.2045     5.6626    26.5884    26.5893    35.2069    26.5913    1501.30    1501.31    12.8103  1026.9860    35.3733 0.0000e+00
       8848 291.041882 -9.990e-29  -54.52270      1.091    1501.43     89.000     88.284    12.8285    12.8302     0.0017    12.8164    12.8181     0.0017   4.105970   4.106236   0.000301    35.2103    35.2116     5.6171    26.5927    26.5934    35.2121    26.5941    1501.34    1501.35    12.8164  1026.9932    35.3785 0.0000e+00
       8870 291.041893 -9.990e-29  -54.52270      1.119    1501.43     90.000     89.276    12.8264    12.8272     0.0008    12.8142    12.8150     0.0008   4.106113   4.106320   0.000212    35.2128    35.2141     5.5943    26.5951    26.5959    35.2150    26.5968    1501.36    1501.36    12.8142  1027.0003    35.3814 0.0000e+00
       8895 291.041905 -9.990e-29  -54.52269      1.039    1501.43     91.000     90.268    12.8384    12.8408     0.0023    12.8260    12.8284     0.0023   4.108261   4.108744   0.000510    35.2228    35.2255     5.5783    26.6005    26.6021    35.2239    26.6013    1501.42    1501.44    12.8261  1027.0093    35.3904 0.0000e+00
       8924 291.041919  -41.82014  -54.52268      0.875    1501.43     92.000     91.260    12.7953    12.7960     0.0007    12.7828    12.7835     0.0007   4.103980   4.103852  -0.000160    35.2238    35.2216     5.5795    26.6098    26.6080    35.2227    26.6090    1501.30    1501.29    12.7828  1027.0215    35.3891 0.0000e+00
       8953 291.041933  -41.82014  -54.52268      0.802    1501.43     93.000     92.251    12.7762    12.7788     0.0026    12.7636    12.7662     0.0026   4.101485   4.101782   0.000291    35.2184    35.2188     5.5382    26.6096    26.6093    35.2161    26.6077    1501.24    1501.25    12.7636  1027.0247    35.3826 0.0000e+00
       8979 291.041945  -41.82014  -54.52268      0.874    1501.43     94.000     93.243    12.7494    12.7511     0.0017    12.7367    12.7384     0.0017   4.098308   4.098465   0.000181    35.2131    35.2133     5.5106    26.6108    26.6106    35.2102    26.6085    1501.16    1501.17    12.7367  1027.0300    35.3767 0.0000e+00
       9002 291.041957  -41.82014  -54.52268      0.994    1501.43     95.000     94.235    12.7075    12.7090     0.0015    12.6947    12.6962     0.0015   4.093220   4.093347   0.000126    35.2064    35.2062     5.5090    26.6139    26.6135    35.2000    26.6090    1501.02    1501.03    12.6947  1027.0350    35.3664 0.0000e+00
       9025 291.041967  -41.82014  -54.52268      1.062    1501.43     96.000     95.226    12.6834    12.6829    -0.0005    12.6704    12.6700    -0.0005   4.090473   4.090485  -0.000022    35.1989    35.1992     5.5190    26.6130    26.6132    35.1957    26.6105    1500.96    1500.95    12.6705  1027.0409    35.3621 0.0000e+00
       9049 291.041979  -41.82013  -54.52268      1.029    1501.43     97.000     96.218    12.6706    12.6732     0.0025    12.6575    12.6601     0.0025   4.089016   4.089211   0.000211    35.1966    35.1962     5.5220    26.6137    26.6129    35.1932    26.6110    1500.92    1500.93    12.6576  1027.0460    35.3596 0.0000e+00
