Pos-Processados/process_op42/operantar42_008.ros
* Sea-Bird SBE 9 Data File:
* FileName = C:\Users\Hidrografia\Desktop\OPXLII\Brutos\OP42008.hdr
* Software Version Seasave V 7.26.7.107
* Temperature SN = 6502
* Conductivity SN = 4998
* Number of Bytes Per Scan = 31
* Number of Voltage Words = 2
* Number of Scans Averaged by the Deck Unit = 1
* NMEA Latitude = 42 37.54 S
* NMEA Longitude = 054 58.51 W
* NMEA UTC (Time) = Oct 18 2023 09:23:08
* NMEA baud rate = 4800
** H41
** NPOALTEMAXIMIANO
** NUMERO DA ESTACAO (XXX) 008
** LAT (XX XX.XX S/N) 42 37.540 S
** LONG (XXX XX.XX W/E) 054 58.30 W
** DATAHORA (dd/mm/aaaa hh:mm Z) 18/10/2023 09:00 Z
** PROFUNDIDADE (m) 5142
** OPERADOR ZAMITH
# nquan = 24
# nvalues = 4227                                  
# units = specified
# name 0 = scan: Scan Count
# name 1 = timeJ: Julian Days
# name 2 = latitude: Latitude [deg]
# name 3 = longitude: Longitude [deg]
# name 4 = dz/dtM: Descent Rate [m/s]
# name 5 = avgsvCM: Average Sound Velocity [Chen-Millero, m/s]
# name 6 = prDM: Pressure, Digiquartz [db]
# name 7 = depSM: Depth [salt water, m]
# name 8 = t090C: Temperature [ITS-90, deg C]
# name 9 = t190C: Temperature, 2 [ITS-90, deg C]
# name 10 = T2-T190C: Temperature Difference, 2 - 1 [ITS-90, deg C]
# name 11 = potemp090C: Potential Temperature [ITS-90, deg C]
# name 12 = potemp190C: Potential Temperature, 2 [ITS-90, deg C]
# name 13 = potemp90Cdiff: Potential Temperature, Diff, 2 - 1 [ITS-90, deg C]
# name 14 = c0S/m: Conductivity [S/m]
# name 15 = c1S/m: Conductivity, 2 [S/m]
# name 16 = C2-C1S/m: Conductivity Difference, 2 - 1 [S/m]
# name 17 = sal00: Salinity, Practical [PSU]
# name 18 = sal11: Salinity, Practical, 2 [PSU]
# name 19 = sbeox0ML/L: Oxygen, SBE 43 [ml/l]
# name 20 = sigma-é00: Density [sigma-theta, kg/m^3]
# name 21 = sigma-é11: Density, 2 [sigma-theta, kg/m^3]
# name 22 = nbf: Bottles Fired
# name 23 = flag:  0.000e+00
# interval = seconds: 0.0416667
# start_time = Oct 18 2023 09:23:08 [NMEA time, header]
# bad_flag = -9.990e-29
*END*
[from data line 2838]
      66479 291.423124  -42.62398  -54.95650      0.197    1484.86     62.108     61.608    11.3846    11.3773    -0.0073    11.3768    11.3695    -0.0073   3.944482   3.943805  -0.000676    35.0086    35.0088     5.3872    26.7132    26.7146         16  0.000e+00
      66480 291.423125  -42.62398  -54.95650      0.197    1484.86     62.140     61.640    11.3846    11.3787    -0.0059    11.3768    11.3709    -0.0059   3.944514   3.943985  -0.000529    35.0089    35.0092     5.3873    26.7134    26.7147         16  0.000e+00
      66481 291.423125  -42.62398  -54.95650      0.197    1484.86     62.205     61.704    11.3842    11.3798    -0.0044    11.3764    11.3720    -0.0044   3.944514   3.944062  -0.000452    35.0092    35.0089     5.3880    26.7137    26.7143         16  0.000e+00
      66482 291.423125  -42.62398  -54.95650      0.195    1484.86     62.140     61.640    11.3842    11.3803    -0.0039    11.3764    11.3725    -0.0039   3.944495   3.944126  -0.000369    35.0090    35.0091     5.3885    26.7136    26.7143         16  0.000e+00
      66483 291.423126  -42.62398  -54.95650      0.197    1484.86     62.164     61.664    11.3832    11.3809    -0.0023    11.3754    11.3731    -0.0023   3.944456   3.944165  -0.000291    35.0095    35.0089     5.3848    26.7142    26.7140         16  0.000e+00
      66484 291.423126  -42.62398  -54.95650      0.186    1484.86     62.084     61.584    11.3827    11.3806    -0.0021    11.3749    11.3729    -0.0021   3.944313   3.944152  -0.000161    35.0087    35.0090     5.3894    26.7136    26.7142         16  0.000e+00
      66485 291.423127  -42.62398  -54.95650      0.188    1484.86     62.205     61.704    11.3821    11.3806    -0.0014    11.3743    11.3728    -0.0014   3.944358   3.944113  -0.000245    35.0097    35.0086     5.3901    26.7145    26.7139         16  0.000e+00
      66486 291.423127  -42.62398  -54.95650      0.188    1484.86     62.205     61.704    11.3815    11.3801    -0.0014    11.3737    11.3723    -0.0014   3.944300   3.944068  -0.000231    35.0096    35.0086     5.3908    26.7145    26.7140         16  0.000e+00
      66487 291.423128  -42.62398  -54.95650      0.178    1484.86     62.084     61.584    11.3815    11.3795    -0.0021    11.3737    11.3717    -0.0021   3.944306   3.944094  -0.000212    35.0097    35.0096     5.3913    26.7146    26.7149         16  0.000e+00
      66488 291.423128  -42.62398  -54.95650      0.175    1484.86     62.164     61.664    11.3819    11.3793    -0.0025    11.3741    11.3715    -0.0025   3.944332   3.944107  -0.000225    35.0096    35.0098     5.3919    26.7145    26.7151         16  0.000e+00
      66489 291.423129  -42.62398  -54.95650      0.171    1484.86     62.205     61.704    11.3821    11.3795    -0.0026    11.3743    11.3717    -0.0026   3.944339   3.944081  -0.000257    35.0095    35.0094     5.3925    26.7143    26.7147         16  0.000e+00
      66490 291.423129  -42.62398  -54.95650      0.169    1484.86     62.140     61.640    11.3824    11.3796    -0.0028    11.3746    11.3718    -0.0028   3.944397   3.944075  -0.000322    35.0098    35.0092     5.3930    26.7145    26.7146         16  0.000e+00
      66491 291.423130  -42.62398  -54.95650      0.165    1484.86     62.205     61.704    11.3824    11.3790    -0.0034    11.3746    11.3712    -0.0034   3.944436   3.944011  -0.000426    35.0101    35.0092     5.3936    26.7148    26.7147         16  0.000e+00
      66492 291.423130  -42.62398  -54.95650      0.161    1484.86     62.205     61.704    11.3827    11.3781    -0.0046    11.3749    11.3703    -0.0046   3.944449   3.943998  -0.000451    35.0100    35.0098     5.3938    26.7146    26.7153         16  0.000e+00
      66493 291.423131  -42.62398  -54.95650      0.151    1484.86     62.108     61.608    11.3830    11.3778    -0.0053    11.3753    11.3700    -0.0052   3.944469   3.943876  -0.000593    35.0099    35.0090     5.3938    26.7145    26.7147         16  0.000e+00
      66494 291.423131  -42.62398  -54.95650      0.150    1484.86     62.205     61.704    11.3829    11.3772    -0.0057    11.3751    11.3694    -0.0057   3.944397   3.943780  -0.000617    35.0093    35.0086     5.3940    26.7140    26.7145         17  0.000e+00
      66495 291.423132  -42.62398  -54.95650      0.142    1484.86     62.140     61.640    11.3827    11.3768    -0.0059    11.3749    11.3690    -0.0059   3.944430   3.943709  -0.000721    35.0098    35.0082     5.3940    26.7144    26.7143         17  0.000e+00
      66496 291.423132  -42.62398  -54.95650      0.139    1484.86     62.205     61.704    11.3832    11.3768    -0.0064    11.3754    11.3690    -0.0064   3.944469   3.943735  -0.000734    35.0097    35.0085     5.3941    26.7142    26.7145         17  0.000e+00
      66497 291.423133  -42.62398  -54.95650      0.134    1484.86     62.164     61.664    11.3837    11.3785    -0.0052    11.3759    11.3707    -0.0052   3.944436   3.943838  -0.000599    35.0089    35.0079     5.3941    26.7136    26.7138         17  0.000e+00
      66498 291.423133  -42.62398  -54.95650      0.126    1484.86     62.140     61.640    11.3837    11.3787    -0.0050    11.3759    11.3709    -0.0050   3.944514   3.943870  -0.000645    35.0097    35.0081     5.3941    26.7142    26.7139         17  0.000e+00
      66499 291.423134  -42.62398  -54.95650      0.122    1484.86     62.205     61.704    11.3837    11.3788    -0.0049    11.3759    11.3710    -0.0049   3.944488   3.943812  -0.000677    35.0094    35.0073     5.3985    26.7140    26.7133         17  0.000e+00
      66500 291.423134  -42.62398  -54.95650      0.118    1484.86     62.205     61.704    11.3833    11.3786    -0.0047    11.3755    11.3708    -0.0047   3.944514   3.943748  -0.000767    35.0100    35.0069     5.3950    26.7145    26.7129         17  0.000e+00
      66501 291.423135  -42.62398  -54.95650      0.112    1484.86     62.140     61.640    11.3830    11.3780    -0.0051    11.3753    11.3702    -0.0051   3.944462   3.943735  -0.000727    35.0098    35.0074     5.3994    26.7144    26.7134         17  0.000e+00
      66502 291.423135  -42.62398  -54.95650      0.107    1484.86     62.164     61.664    11.3827    11.3776    -0.0051    11.3749    11.3699    -0.0051   3.944449   3.943696  -0.000753    35.0100    35.0073     5.3998    26.7146    26.7135         17  0.000e+00
      66503 291.423136  -42.62398  -54.95650      0.104    1484.86     62.205     61.704    11.3829    11.3772    -0.0057    11.3751    11.3694    -0.0057   3.944495   3.943639  -0.000856    35.0102    35.0072     5.4001    26.7148    26.7135         17  0.000e+00
      66504 291.423136  -42.62398  -54.95650      0.096    1484.86     62.140     61.640    11.3834    11.3768    -0.0066    11.3756    11.3690    -0.0066   3.944456   3.943600  -0.000856    35.0094    35.0072     5.3960    26.7140    26.7135         17  0.000e+00
      66505 291.423137  -42.62398  -54.95650      0.093    1484.86     62.205     61.704    11.3832    11.3768    -0.0064    11.3754    11.3690    -0.0064   3.944482   3.943613  -0.000869    35.0098    35.0073     5.4003    26.7143    26.7136         17  0.000e+00
      66506 291.423137  -42.62398  -54.95650      0.086    1484.86     62.164     61.664    11.3830    11.3767    -0.0063    11.3752    11.3689    -0.0063   3.944456   3.943652  -0.000804    35.0098    35.0078     5.4005    26.7144    26.7140         17  0.000e+00
      66507 291.423138  -42.62398  -54.95650      0.080    1484.86     62.140     61.640    11.3832    11.3767    -0.0066    11.3754    11.3689    -0.0066   3.944501   3.943703  -0.000799    35.0100    35.0083     5.3963    26.7145    26.7144         17  0.000e+00
      66508 291.423138  -42.62398  -54.95650      0.078    1484.86     62.261     61.760    11.3836    11.3767    -0.0069    11.3758    11.3689    -0.0069   3.944514   3.943696  -0.000818    35.0098    35.0082     5.3962    26.7143    26.7143         17  0.000e+00
      66509 291.423139  -42.62398  -54.95650      0.073    1484.86     62.140     61.640    11.3834    11.3765    -0.0069    11.3756    11.3687    -0.0069   3.944456   3.943722  -0.000734    35.0094    35.0087     5.4002    26.7140    26.7148         17  0.000e+00
      66510 291.423139  -42.62398  -54.95650      0.066    1484.86     62.205     61.704    11.3839    11.3763    -0.0076    11.3761    11.3685    -0.0076   3.944553   3.943677  -0.000876    35.0099    35.0084     5.4003    26.7143    26.7145         17  0.000e+00
      66511 291.423139  -42.62398  -54.95650      0.060    1484.86     62.164     61.664    11.3842    11.3763    -0.0079    11.3764    11.3685    -0.0079   3.944612   3.943632  -0.000980    35.0101    35.0079     5.4004    26.7144    26.7142         17  0.000e+00
      66512 291.423140  -42.62398  -54.95650      0.060    1484.86     62.205     61.704    11.3848    11.3762    -0.0087    11.3770    11.3684    -0.0087   3.944599   3.943626  -0.000973    35.0094    35.0080     5.4004    26.7138    26.7143         17  0.000e+00
      66513 291.423140  -42.62398  -54.95650      0.056    1484.86     62.205     61.704    11.3851    11.3755    -0.0096    11.3773    11.3677    -0.0096   3.944632   3.943568  -0.001063    35.0095    35.0081     5.4004    26.7138    26.7144         17  0.000e+00
      66514 291.423141  -42.62398  -54.95650      0.056    1484.86     62.205     61.704    11.3847    11.3749    -0.0098    11.3769    11.3671    -0.0098   3.944547   3.943478  -0.001069    35.0090    35.0078     5.4005    26.7135    26.7143         17  0.000e+00
      66515 291.423141  -42.62398  -54.95650      0.053    1484.86     62.164     61.664    11.3839    11.3743    -0.0096    11.3761    11.3665    -0.0096   3.944521   3.943427  -0.001094    35.0096    35.0078     5.4005    26.7140    26.7145         17  0.000e+00
      66516 291.423142  -42.62398  -54.95650      0.048    1484.86     62.205     61.704    11.3830    11.3740    -0.0090    11.3752    11.3662    -0.0090   3.944436   3.943446  -0.000990    35.0095    35.0083     5.4005    26.7142    26.7149         17  0.000e+00
      66517 291.423142  -42.62398  -54.95650      0.046    1484.86     62.205     61.704    11.3836    11.3752    -0.0084    11.3758    11.3674    -0.0084   3.944443   3.943478  -0.000964    35.0091    35.0075     5.4004    26.7137    26.7140         17  0.000e+00
      66518 291.423143  -42.62398  -54.95650      0.044    1484.86     62.205     61.704    11.3843    11.3760    -0.0083    11.3765    11.3682    -0.0083   3.944495   3.943581  -0.000914    35.0089    35.0077     5.4045    26.7134    26.7141         17  0.000e+00
      66519 291.423143  -42.62398  -54.95650      0.043    1484.86     62.205     61.704    11.3846    11.3767    -0.0079    11.3768    11.3689    -0.0079   3.944560   3.943671  -0.000889    35.0093    35.0080     5.4004    26.7137    26.7142         17  0.000e+00
      66520 291.423144  -42.62398  -54.95650      0.042    1484.86     62.229     61.728    11.3844    11.3781    -0.0062    11.3766    11.3703    -0.0062   3.944638   3.943799  -0.000839    35.0102    35.0078     5.4001    26.7145    26.7138         17  0.000e+00
      66521 291.423144  -42.62398  -54.95650      0.042    1484.86     62.205     61.704    11.3837    11.3795    -0.0042    11.3759    11.3717    -0.0042   3.944521   3.943934  -0.000587    35.0097    35.0079     5.3999    26.7142    26.7136         17  0.000e+00
      66522 291.423145  -42.62398  -54.95650      0.042    1484.86     62.261     61.760    11.3834    11.3795    -0.0039    11.3756    11.3717    -0.0039   3.944514   3.943915  -0.000600    35.0099    35.0077     5.3997    26.7144    26.7134         17  0.000e+00
      66523 291.423145  -42.62398  -54.95650      0.040    1484.86     62.205     61.704    11.3832    11.3795    -0.0038    11.3754    11.3717    -0.0038   3.944514   3.943927  -0.000587    35.0101    35.0079     5.3993    26.7146    26.7136         17  0.000e+00
      66524 291.423146  -42.62398  -54.95650      0.040    1484.86     62.261     61.760    11.3833    11.3796    -0.0037    11.3755    11.3718    -0.0037   3.944482   3.943953  -0.000529    35.0097    35.0080     5.3990    26.7142    26.7136         17  0.000e+00
      66525 291.423146  -42.62398  -54.95650      0.037    1484.86     62.164     61.664    11.3834    11.3805    -0.0029    11.3756    11.3727    -0.0029   3.944534   3.943966  -0.000568    35.0102    35.0073     5.4033    26.7146    26.7129         17  0.000e+00
      66526 291.423147  -42.62398  -54.95650      0.043    1484.86     62.317     61.816    11.3839    11.3808    -0.0031    11.3761    11.3730    -0.0031   3.944547   3.944069  -0.000478    35.0098    35.0080     5.3994    26.7142    26.7134         17  0.000e+00
      66527 291.423147  -42.62398  -54.95650      0.041    1484.86     62.205     61.704    11.3839    11.3808    -0.0031    11.3761    11.3730    -0.0031   3.944553   3.944107  -0.000447    35.0099    35.0084     5.4037    26.7143    26.7137         17  0.000e+00
      66528 291.423148  -42.62398  -54.95650      0.041    1484.86     62.261     61.760    11.3839    11.3813    -0.0026    11.3761    11.3735    -0.0026   3.944547   3.944158  -0.000389    35.0098    35.0084     5.3998    26.7142    26.7136         17  0.000e+00
      66529 291.423148  -42.62398  -54.95650      0.044    1484.86     62.285     61.784    11.3840    11.3813    -0.0027    11.3762    11.3735    -0.0027   3.944547   3.944216  -0.000331    35.0096    35.0089     5.3997    26.7141    26.7140         17  0.000e+00
      66530 291.423149  -42.62398  -54.95650      0.049    1484.86     62.261     61.760    11.3843    11.3815    -0.0029    11.3765    11.3737    -0.0029   3.944580   3.944216  -0.000363    35.0097    35.0088     5.4039    26.7141    26.7139         17  0.000e+00
      66531 291.423149  -42.62398  -54.95650      0.054    1484.86     62.317     61.816    11.3834    11.3813    -0.0021    11.3756    11.3735    -0.0021   3.944501   3.944235  -0.000266    35.0098    35.0092     5.4044    26.7143    26.7142         17  0.000e+00
      66532 291.423150  -42.62398  -54.95650      0.056    1484.86     62.261     61.760    11.3824    11.3810    -0.0014    11.3746    11.3732    -0.0014   3.944410   3.944267  -0.000143    35.0099    35.0098     5.3999    26.7146    26.7148         17  0.000e+00
      66533 291.423150  -42.62398  -54.95650      0.056    1484.86     62.317     61.816    11.3822    11.3808    -0.0015    11.3744    11.3730    -0.0015   3.944404   3.944229  -0.000175    35.0099    35.0096     5.3997    26.7146    26.7146         17  0.000e+00
      66534 291.423151  -42.62398  -54.95650      0.061    1484.86     62.285     61.784    11.3822    11.3808    -0.0014    11.3744    11.3730    -0.0014   3.944410   3.944222  -0.000188    35.0100    35.0095     5.3995    26.7147    26.7145         17  0.000e+00
      66535 291.423151  -42.62398  -54.95650      0.068    1484.86     62.317     61.816    11.3821    11.3813    -0.0008    11.3742    11.3735    -0.0008   3.944417   3.944267  -0.000149    35.0102    35.0095     5.3993    26.7149    26.7145         17  0.000e+00
      66536 291.423152  -42.62398  -54.95650      0.067    1484.86     62.317     61.816    11.3817    11.3811    -0.0006    11.3739    11.3733    -0.0006   3.944410   3.944255  -0.000156    35.0105    35.0095     5.3991    26.7152    26.7145         17  0.000e+00
      66537 291.423152  -42.62398  -54.95650      0.071    1484.86     62.317     61.816    11.3822    11.3813    -0.0009    11.3744    11.3735    -0.0009   3.944391   3.944267  -0.000123    35.0098    35.0094     5.4031    26.7146    26.7144         17  0.000e+00
      66538 291.423152  -42.62398  -54.95650      0.078    1484.86     62.350     61.848    11.3826    11.3814    -0.0012    11.3748    11.3736    -0.0012   3.944430   3.944255  -0.000175    35.0098    35.0092     5.4032    26.7145    26.7142         17  0.000e+00
