Pos-Processados/process_op42/operantar42_019.ros
* Sea-Bird SBE 9 Data File:
* FileName = C:\Users\Hidrografia\Desktop\OPXLII\Brutos\OP42019.hdr
* Software Version Seasave V 7.26.7.107
* Temperature SN = 6502
* Conductivity SN = 4998
* Number of Bytes Per Scan = 37
* Number of Voltage Words = 4
* Number of Scans Averaged by the Deck Unit = 1
* NMEA Latitude = 62 12.74 S
* NMEA Longitude = 058 20.49 W
* NMEA UTC (Time) = Nov 07 2023 15:27:40
* NMEA baud rate = 4800
** H41
** NPOALTEMAXIMIANO
** NUMERO DA ESTACAO (XXX) 019
** LAT (XX XX.XX S/N) 62 12.46 S
** LONG (XXX XX.XX W/E) 058 20.12 W
** DATAHORA (dd/mm/aaaa hh:mm Z) 07/11/2023 1518Z
** PROFUNDIDADE (m) 490
** OPERADOR CT FILIPE LOPES
# nquan = 24
# nvalues = 4095                                  
# units = specified
# name 0 = scan: Scan Count
# name 1 = timeJ: Julian Days
# name 2 = latitude: Latitude [deg]
# name 3 = longitude: Longitude [deg]
# name 4 = dz/dtM: Descent Rate [m/s]
# name 5 = avgsvCM: Average Sound Velocity [Chen-Millero, m/s]
# name 6 = prDM: Pressure, Digiquartz [db]
# name 7 = depSM: Depth [salt water, m]
# name 8 = t090C: Temperature [ITS-90, deg C]
# name 9 = t190C: Temperature, 2 [ITS-90, deg C]
# name 10 = T2-T190C: Temperature Difference, 2 - 1 [ITS-90, deg C]
# name 11 = potemp090C: Potential Temperature [ITS-90, deg C]
# name 12 = potemp190C: Potential Temperature, 2 [ITS-90, deg C]
# name 13 = potemp90Cdiff: Potential Temperature, Diff, 2 - 1 [ITS-90, deg C]
# name 14 = c0S/m: Conductivity [S/m]
# name 15 = c1S/m: Conductivity, 2 [S/m]
# name 16 = C2-C1S/m: Conductivity Difference, 2 - 1 [S/m]
# name 17 = sal00: Salinity, Practical [PSU]
# name 18 = sal11: Salinity, Practical, 2 [PSU]
# name 19 = sbeox0ML/L: Oxygen, SBE 43 [ml/l]
# name 20 = sigma-é00: Density [sigma-theta, kg/m^3]
# name 21 = sigma-é11: Density, 2 [sigma-theta, kg/m^3]
# name 22 = nbf: Bottles Fired
# name 23 = flag:  0.000e+00
# interval = seconds: 0.0416667
# start_time = Nov 07 2023 15:27:40 [NMEA time, header]
# bad_flag = -9.990e-29
*END*
[from data line 967]
      38423 311.662742  -62.21830  -58.33480      0.133    1448.92      2.333      2.311    -0.5360    -0.5284     0.0075    -0.5360    -0.5285     0.0075   2.805755   2.806144   0.000389    34.2987    34.2954     7.5255    27.5659    27.5629          6  0.000e+00
      38424 311.662743  -62.21830  -58.33480      0.123    1448.92      2.325      2.303    -0.5358    -0.5284     0.0074    -0.5359    -0.5285     0.0074   2.805727   2.806155   0.000429    34.2981    34.2955     7.5259    27.5654    27.5630          6  0.000e+00
      38425 311.662743  -62.21830  -58.33480      0.117    1448.92      2.333      2.311    -0.5353    -0.5284     0.0069    -0.5354    -0.5285     0.0069   2.805772   2.806183   0.000411    34.2982    34.2959     7.5198    27.5655    27.5633          6  0.000e+00
      38426 311.662744  -62.21830  -58.33480      0.111    1448.92      2.333      2.311    -0.5352    -0.5286     0.0066    -0.5352    -0.5286     0.0066   2.805732   2.806155   0.000423    34.2975    34.2957     7.5256    27.5648    27.5631          6  0.000e+00
      38427 311.662744  -62.21830  -58.33480      0.104    1448.92      2.333      2.311    -0.5352    -0.5283     0.0069    -0.5352    -0.5283     0.0069   2.805698   2.806155   0.000457    34.2970    34.2953     7.5260    27.5645    27.5628          6  0.000e+00
      38428 311.662745  -62.21830  -58.33480      0.100    1448.92      2.333      2.311    -0.5355    -0.5283     0.0072    -0.5356    -0.5283     0.0072   2.805669   2.806183   0.000514    34.2970    34.2957     7.5265    27.5645    27.5631          6  0.000e+00
      38429 311.662745  -62.21830  -58.33480      0.091    1448.92      2.333      2.311    -0.5355    -0.5286     0.0070    -0.5356    -0.5286     0.0070   2.805595   2.806166   0.000571    34.2960    34.2958     7.5270    27.5637    27.5632          6  0.000e+00
      38430 311.662745  -62.21830  -58.33480      0.086    1448.92      2.333      2.311    -0.5354    -0.5283     0.0072    -0.5355    -0.5283     0.0072   2.805618   2.806183   0.000565    34.2962    34.2957     7.5210    27.5639    27.5631          6  0.000e+00
      38431 311.662746  -62.21830  -58.33480      0.081    1448.92      2.333      2.311    -0.5353    -0.5287     0.0066    -0.5354    -0.5288     0.0066   2.805635   2.806183   0.000548    34.2963    34.2963     7.5268    27.5640    27.5636          6  0.000e+00
      38432 311.662746  -62.21830  -58.33480      0.075    1448.92      2.333      2.311    -0.5355    -0.5286     0.0069    -0.5356    -0.5287     0.0069   2.805635   2.806189   0.000554    34.2965    34.2962     7.5273    27.5641    27.5635          6  0.000e+00
      38433 311.662747  -62.21830  -58.33480      0.065    1448.92      2.277      2.255    -0.5352    -0.5287     0.0064    -0.5352    -0.5288     0.0064   2.805635   2.806172   0.000537    34.2962    34.2961     7.5276    27.5638    27.5635          6  0.000e+00
      38434 311.662747  -62.21830  -58.33480      0.056    1448.92      2.277      2.255    -0.5353    -0.5288     0.0065    -0.5354    -0.5289     0.0065   2.805652   2.806161   0.000508    34.2966    34.2961     7.5217    27.5642    27.5635          6  0.000e+00
      38435 311.662748  -62.21830  -58.33480      0.052    1448.92      2.333      2.311    -0.5350    -0.5287     0.0063    -0.5351    -0.5288     0.0063   2.805641   2.806161   0.000520    34.2960    34.2959     7.5266    27.5637    27.5633          6  0.000e+00
      38436 311.662748  -62.21830  -58.33480      0.042    1448.92      2.277      2.255    -0.5353    -0.5286     0.0067    -0.5354    -0.5287     0.0067   2.805675   2.806161   0.000486    34.2969    34.2958     7.5259    27.5644    27.5633          6  0.000e+00
      38437 311.662749  -62.21830  -58.33480      0.037    1448.92      2.333      2.311    -0.5352    -0.5286     0.0066    -0.5352    -0.5286     0.0066   2.805709   2.806144   0.000434    34.2972    34.2955     7.5253    27.5646    27.5630          6  0.000e+00
      38438 311.662749  -62.21830  -58.33480      0.034    1448.92      2.277      2.255    -0.5353    -0.5290     0.0063    -0.5354    -0.5291     0.0063   2.805715   2.806155   0.000440    34.2975    34.2962     7.5246    27.5649    27.5636          6  0.000e+00
      38439 311.662750  -62.21830  -58.33480      0.022    1448.92      2.261      2.239    -0.5353    -0.5288     0.0065    -0.5354    -0.5289     0.0065   2.805732   2.806127   0.000395    34.2977    34.2957     7.5249    27.5651    27.5631          6  0.000e+00
      38440 311.662750  -62.21830  -58.33480      0.014    1448.92      2.277      2.255    -0.5353    -0.5297     0.0057    -0.5354    -0.5297     0.0057   2.805744   2.806076   0.000333    34.2978    34.2959     7.5253    27.5652    27.5634          6  0.000e+00
      38441 311.662751  -62.21830  -58.33480      0.006    1448.92      2.212      2.191    -0.5352    -0.5303     0.0049    -0.5352    -0.5303     0.0049   2.805744   2.806031   0.000288    34.2977    34.2960     7.5244    27.5650    27.5635          6  0.000e+00
      38442 311.662751  -62.21830  -58.33480      0.002    1448.92      2.277      2.255    -0.5350    -0.5313     0.0037    -0.5351    -0.5314     0.0037   2.805778   2.805992   0.000214    34.2979    34.2967     7.5248    27.5652    27.5640          6  0.000e+00
      38443 311.662752  -62.21830  -58.33480     -0.003    1448.92      2.277      2.255    -0.5353    -0.5320     0.0034    -0.5354    -0.5320     0.0034   2.805755   2.805953   0.000198    34.2980    34.2969     7.5241    27.5653    27.5642          6  0.000e+00
      38444 311.662752  -62.21830  -58.33480     -0.015    1448.92      2.212      2.191    -0.5353    -0.5326     0.0028    -0.5354    -0.5326     0.0028   2.805801   2.805896   0.000096    34.2987    34.2968     7.5168    27.5658    27.5642          6  0.000e+00
      38445 311.662753  -62.21830  -58.33480     -0.023    1448.92      2.212      2.191    -0.5352    -0.5332     0.0020    -0.5352    -0.5332     0.0020   2.805801   2.805835   0.000034    34.2985    34.2966     7.5160    27.5657    27.5641          6  0.000e+00
      38446 311.662753  -62.21830  -58.33480     -0.030    1448.92      2.212      2.191    -0.5352    -0.5333     0.0018    -0.5352    -0.5334     0.0018   2.805732   2.805818   0.000085    34.2975    34.2966     7.5153    27.5649    27.5641          6  0.000e+00
      38447 311.662754  -62.21830  -58.33480     -0.041    1448.92      2.156      2.135    -0.5355    -0.5336     0.0019    -0.5356    -0.5337     0.0019   2.805715   2.805784   0.000069    34.2977    34.2965     7.5210    27.5651    27.5640          6  0.000e+00
      38448 311.662754  -62.21830  -58.33480     -0.045    1448.92      2.212      2.191    -0.5358    -0.5333     0.0025    -0.5359    -0.5334     0.0025   2.805698   2.805806   0.000108    34.2978    34.2965     7.5215    27.5651    27.5640          6  0.000e+00
      38449 311.662755  -62.21830  -58.33480     -0.052    1448.92      2.212      2.191    -0.5355    -0.5336     0.0019    -0.5356    -0.5337     0.0019   2.805687   2.805801   0.000114    34.2973    34.2967     7.5154    27.5647    27.5642          6  0.000e+00
      38450 311.662755  -62.21830  -58.33480     -0.058    1448.92      2.156      2.135    -0.5358    -0.5338     0.0020    -0.5359    -0.5339     0.0020   2.805669   2.805795   0.000126    34.2974    34.2969     7.5148    27.5649    27.5643          6  0.000e+00
      38451 311.662756  -62.21830  -58.33480     -0.071    1448.92      2.100      2.080    -0.5356    -0.5338     0.0018    -0.5357    -0.5339     0.0018   2.805624   2.805790   0.000166    34.2967    34.2968     7.5141    27.5642    27.5643          6  0.000e+00
      38452 311.662756  -62.21830  -58.33480     -0.080    1448.92      2.156      2.135    -0.5360    -0.5340     0.0020    -0.5360    -0.5340     0.0020   2.805647   2.805773   0.000126    34.2973    34.2968     7.5137    27.5648    27.5642          6  0.000e+00
      38453 311.662757  -62.21830  -58.33480     -0.087    1448.92      2.140      2.119    -0.5356    -0.5339     0.0017    -0.5357    -0.5340     0.0017   2.805664   2.805761   0.000098    34.2972    34.2966     7.5131    27.5646    27.5641          6  0.000e+00
      38454 311.662757  -62.21830  -58.33480     -0.095    1448.92      2.100      2.080    -0.5356    -0.5338     0.0018    -0.5357    -0.5339     0.0018   2.805624   2.805728   0.000104    34.2967    34.2960     7.5126    27.5642    27.5636          6  0.000e+00
      38455 311.662758  -62.21830  -58.33480     -0.103    1448.92      2.156      2.135    -0.5353    -0.5336     0.0017    -0.5354    -0.5337     0.0017   2.805669   2.805733   0.000064    34.2969    34.2958     7.5122    27.5644    27.5635          6  0.000e+00
      38456 311.662758  -62.21830  -58.33480     -0.114    1448.92      2.035      2.016    -0.5353    -0.5338     0.0015    -0.5354    -0.5339     0.0015   2.805629   2.805778   0.000149    34.2965    34.2967     7.5117    27.5640    27.5642          6  0.000e+00
      38457 311.662758  -62.21830  -58.33480     -0.121    1448.92      2.100      2.080    -0.5358    -0.5340     0.0018    -0.5359    -0.5340     0.0018   2.805709   2.805733   0.000024    34.2980    34.2963     7.5114    27.5653    27.5638          6  0.000e+00
      38458 311.662759  -62.21830  -58.33480     -0.127    1448.92      2.100      2.080    -0.5354    -0.5338     0.0016    -0.5355    -0.5339     0.0016   2.805744   2.805767   0.000023    34.2981    34.2965     7.5111    27.5654    27.5640          6  0.000e+00
      38459 311.662759  -62.21830  -58.33480     -0.137    1448.92      2.035      2.016    -0.5358    -0.5340     0.0018    -0.5359    -0.5340     0.0018   2.805704   2.805756   0.000052    34.2980    34.2966     7.5108    27.5653    27.5641          6  0.000e+00
      38460 311.662760  -62.21830  -58.33480     -0.142    1448.92      2.100      2.080    -0.5362    -0.5343     0.0020    -0.5363    -0.5343     0.0020   2.805669   2.805694   0.000025    34.2980    34.2961     7.5097    27.5653    27.5637          6  0.000e+00
      38461 311.662760  -62.21830  -58.33480     -0.150    1448.92      2.035      2.016    -0.5366    -0.5345     0.0021    -0.5366    -0.5345     0.0021   2.805664   2.805688   0.000025    34.2983    34.2962     7.5095    27.5656    27.5638          6  0.000e+00
      38462 311.662761  -62.21830  -58.33480     -0.157    1448.92      2.035      2.016    -0.5366    -0.5347     0.0019    -0.5366    -0.5347     0.0019   2.805681   2.805649  -0.000032    34.2986    34.2960     7.5093    27.5658    27.5636          6  0.000e+00
      38463 311.662761  -62.21830  -58.33480     -0.164    1448.92      2.035      2.016    -0.5364    -0.5352     0.0012    -0.5365    -0.5353     0.0012   2.805647   2.805649   0.000002    34.2979    34.2966     7.5092    27.5653    27.5641          6  0.000e+00
      38464 311.662762  -62.21830  -58.33480     -0.173    1448.92      1.979      1.960    -0.5360    -0.5352     0.0007    -0.5360    -0.5353     0.0007   2.805618   2.805621   0.000003    34.2970    34.2962     7.5090    27.5645    27.5639          6  0.000e+00
      38465 311.662762  -62.21830  -58.33480     -0.178    1448.92      2.035      2.016    -0.5358    -0.5352     0.0006    -0.5359    -0.5353     0.0006   2.805669   2.805604  -0.000065    34.2975    34.2960     7.5079    27.5649    27.5637          6  0.000e+00
      38466 311.662763  -62.21830  -58.33480     -0.185    1448.92      1.979      1.960    -0.5355    -0.5353     0.0002    -0.5356    -0.5354     0.0002   2.805692   2.805604  -0.000088    34.2975    34.2962     7.5077    27.5649    27.5638          6  0.000e+00
      38467 311.662763  -62.21830  -58.33480     -0.189    1448.92      2.027      2.008    -0.5349    -0.5355    -0.0006    -0.5349    -0.5356    -0.0006   2.805709   2.805610  -0.000100    34.2970    34.2964     7.5076    27.5645    27.5640          6  0.000e+00
      38468 311.662764  -62.21830  -58.33480     -0.195    1448.92      1.979      1.960    -0.5349    -0.5352    -0.0003    -0.5349    -0.5353    -0.0003   2.805698   2.805626  -0.000071    34.2969    34.2963     7.5077    27.5644    27.5639          6  0.000e+00
      38469 311.662764  -62.21830  -58.33480     -0.200    1448.92      1.979      1.960    -0.5353    -0.5350     0.0003    -0.5354    -0.5351     0.0003   2.805664   2.805632  -0.000032    34.2970    34.2962     7.5078    27.5644    27.5638          6  0.000e+00
      38470 311.662765  -62.21830  -58.33480     -0.201    1448.92      2.035      2.016    -0.5364    -0.5350     0.0014    -0.5365    -0.5351     0.0014   2.805601   2.805632   0.000031    34.2973    34.2962     7.5083    27.5648    27.5638          6  0.000e+00
      38471 311.662765  -62.21830  -58.33480     -0.208    1448.92      1.915      1.896    -0.5366    -0.5353     0.0013    -0.5366    -0.5354     0.0013   2.805544   2.805615   0.000071    34.2968    34.2963     7.5084    27.5644    27.5639          6  0.000e+00
      38472 311.662766  -62.21830  -58.33480     -0.211    1448.92      1.979      1.960    -0.5372    -0.5356     0.0016    -0.5373    -0.5357     0.0016   2.805532   2.805610   0.000077    34.2973    34.2966     7.5088    27.5648    27.5641          6  0.000e+00
      38473 311.662766  -62.21830  -58.33480     -0.213    1448.92      1.979      1.960    -0.5370    -0.5355     0.0015    -0.5371    -0.5356     0.0015   2.805510   2.805604   0.000094    34.2968    34.2964     7.5090    27.5644    27.5640          6  0.000e+00
      38474 311.662767  -62.21830  -58.33480     -0.214    1448.92      1.979      1.960    -0.5366    -0.5352     0.0014    -0.5366    -0.5353     0.0014   2.805538   2.805604   0.000066    34.2967    34.2960     7.5081    27.5643    27.5637          6  0.000e+00
      38475 311.662767  -62.21830  -58.33480     -0.214    1448.92      1.979      1.960    -0.5369    -0.5349     0.0020    -0.5369    -0.5349     0.0020   2.805515   2.805643   0.000128    34.2967    34.2961     7.5085    27.5643    27.5638          6  0.000e+00
      38476 311.662768  -62.21830  -58.33480     -0.213    1448.92      1.979      1.960    -0.5367    -0.5345     0.0023    -0.5368    -0.5345     0.0023   2.805521   2.805621   0.000100    34.2966    34.2954     7.5088    27.5642    27.5631          6  0.000e+00
      38477 311.662768  -62.21830  -58.33480     -0.215    1448.92      1.915      1.896    -0.5367    -0.5340     0.0027    -0.5368    -0.5340     0.0027   2.805567   2.805671   0.000105    34.2972    34.2956     7.5155    27.5647    27.5633          6  0.000e+00
      38478 311.662769  -62.21830  -58.33480     -0.212    1448.92      1.979      1.960    -0.5367    -0.5336     0.0031    -0.5368    -0.5337     0.0031   2.805601   2.805705   0.000104    34.2977    34.2956     7.5105    27.5651    27.5633          6  0.000e+00
      38479 311.662769  -62.21830  -58.33480     -0.208    1448.92      1.979      1.960    -0.5364    -0.5334     0.0030    -0.5365    -0.5335     0.0030   2.805589   2.805733   0.000144    34.2972    34.2958     7.5099    27.5647    27.5634          6  0.000e+00
      38480 311.662770  -62.21830  -58.33480     -0.208    1448.92      1.907      1.888    -0.5362    -0.5333     0.0029    -0.5363    -0.5334     0.0029   2.805641   2.805756   0.000115    34.2977    34.2960     7.5101    27.5651    27.5636          6  0.000e+00
      38481 311.662770  -62.21830  -58.33480     -0.202    1448.92      1.979      1.960    -0.5364    -0.5332     0.0032    -0.5365    -0.5333     0.0032   2.805624   2.805745   0.000121    34.2976    34.2956     7.5107    27.5650    27.5633          6  0.000e+00
