Pos-Processados/process_op42/operantar42_037.cnv
* Sea-Bird SBE 9 Data File:
* FileName = C:\Users\Hidrografia\Desktop\OPXLII\Brutos\OP42037.hdr
* Software Version Seasave V 7.26.7.107
* Temperature SN = 6502
* Conductivity SN = 4998
* Number of Bytes Per Scan = 37
* Number of Voltage Words = 4
* Number of Scans Averaged by the Deck Unit = 1
* NMEA Latitude = 62 08.60 S
* NMEA Longitude = 058 26.37 W
* NMEA UTC (Time) = Nov 09 2023 12:08:15
* NMEA baud rate = 4800
** H41
** NPOALTEMAXIMIANO
** NUMERO DA ESTACAO (XXX) 037
** LAT (XX XX.XX S/N) 62 08.14 S
** LONG (XXX XX.XX W/E) 058 26.57 W
** DATAHORA (dd/mm/aaaa hh:mm Z) 09/11/2023 1205Z
** PROFUNDIDADE (m) 400
** OPERADOR 1T ZAMITH
# nquan = 30
# nvalues = 663                         
# units = specified
# name 0 = scan: Scan Count
# name 1 = timeJ: Julian Days
# name 2 = latitude: Latitude [deg]
# name 3 = longitude: Longitude [deg]
# name 4 = dz/dtM: Descent Rate [m/s]
# name 5 = avgsvCM: Average Sound Velocity [Chen-Millero, m/s]
# name 6 = prDM: Pressure, Digiquartz [db]
# name 7 = depSM: Depth [salt water, m]
# name 8 = t090C: Temperature [ITS-90, deg C]
# name 9 = t190C: Temperature, 2 [ITS-90, deg C]
# name 10 = T2-T190C: Temperature Difference, 2 - 1 [ITS-90, deg C]
# name 11 = potemp090C: Potential Temperature [ITS-90, deg C]
# name 12 = potemp190C: Potential Temperature, 2 [ITS-90, deg C]
# name 13 = potemp90Cdiff: Potential Temperature, Diff, 2 - 1 [ITS-90, deg C]
# name 14 = c0S/m: Conductivity [S/m]
# name 15 = c1S/m: Conductivity, 2 [S/m]
# name 16 = C2-C1S/m: Conductivity Difference, 2 - 1 [S/m]
# name 17 = sal00: Salinity, Practical [PSU]
# name 18 = sal11: Salinity, Practical, 2 [PSU]
# name 19 = sbeox0ML/L: Oxygen, SBE 43 [ml/l]
# name 20 = sigma-é00: Density [sigma-theta, kg/m^3]
# name 21 = sigma-é11: Density, 2 [sigma-theta, kg/m^3]
# name 22 = sal00: Salinity, Practical [PSU]
# name 23 = sigma-é00: Density [sigma-theta, kg/m^3]
# name 24 = svCM: Sound Velocity [Chen-Millero, m/s]
# name 25 = svCM1: Sound Velocity, 2 [Chen-Millero, m/s]
# name 26 = gsw_ptA0: potential temperature [ITS-90, deg C]
# name 27 = gsw_densityA0: density, TEOS-10 [density, kg/m^3]
# name 28 = gsw_saA0: Absolute Salinity [g/kg]
# name 29 = flag:
# span 0 =       3541,      22910       
# span 1 = 313.507437, 313.516777       
# span 2 =  -62.14786,  -62.14414       
# span 3 =  -58.43848,  -58.43322       
# span 4 =     -1.322,      1.090       
# span 5 =       0.00,    1447.84       
# span 6 =      4.000,    335.000       
# span 7 =      3.949,    331.510       
# span 8 =    -0.8284,    -0.5493       
# span 9 =    -0.8271,    -0.5489       
# span 10 =    -0.0092,     0.0118      
# span 11 =    -0.8337,    -0.5496      
# span 12 =    -0.8323,    -0.5492      
# span 13 =    -0.0092,     0.0118      
# span 14 =   2.790017,   2.825330      
# span 15 =   2.789995,   2.825053      
# span 16 =  -0.000887,   0.001077      
# span 17 =    34.2803,    34.3929      
# span 18 =    34.2797,    34.3918      
# span 19 =     6.7715,     7.6754      
# span 20 =    27.5528,    27.6440      
# span 21 =    27.5525,    27.6432      
# span 22 =    34.2803,    34.3932      
# span 23 =    27.5530,    27.6442      
# span 24 =    1445.66,    1451.15      
# span 25 =    1445.65,    1451.14      
# span 26 =    -0.8336,    -0.5496      
# span 27 =  1027.5772,  1029.2474      
# span 28 =    34.4422,    34.5622      
# span 29 = 0.0000e+00, 0.0000e+00      
# interval = decibars: 1                
# start_time = Nov 09 2023 12:08:15 [NMEA time, header]
# bad_flag = -9.990e-29
*END*
[from data line 484]
      17815 313.514320  -62.14680  -58.43414     -0.854    1447.84    182.000    180.178    -0.8284    -0.8270     0.0014    -0.8337    -0.8322     0.0014   2.790451   2.790506   0.000060    34.3125    34.3117     7.4228    27.5897    27.5890    34.3123    27.5895    1447.33    1447.33    -0.8336  1028.4672    34.4808 0.0000e+00
      17849 313.514337  -62.14681  -58.43413     -0.729    1447.84    181.000    179.182    -0.8275    -0.8271     0.0004    -0.8328    -0.8323     0.0004   2.790442   2.790429  -0.000008    34.3119    34.3113     7.4289    27.5892    27.5886    34.3117    27.5890    1447.31    1447.32    -0.8326  1028.4609    34.4789 0.0000e+00
      17882 313.514352  -62.14682  -58.43412     -0.710    1447.84    180.000    178.195    -0.8263    -0.8260     0.0003    -0.8316    -0.8313     0.0003   2.790472   2.790439  -0.000030    34.3115    34.3108     7.4345    27.5888    27.5882    34.3114    27.5887    1447.30    1447.30    -0.8314  1028.4558    34.4785 0.0000e+00
      17909 313.514365  -62.14682  -58.43412     -0.833    1447.84    179.000    177.205    -0.8253    -0.8251     0.0002    -0.8305    -0.8303     0.0002   2.790486   2.790439  -0.000049    34.3112    34.3103     7.4287    27.5885    27.5878    34.3111    27.5884    1447.29    1447.29    -0.8304  1028.4507    34.4782 0.0000e+00
      17933 313.514377  -62.14682  -58.43412     -0.962    1447.84    178.000    176.216    -0.8252    -0.8246     0.0006    -0.8304    -0.8298     0.0006   2.790428   2.790413  -0.000012    34.3109    34.3101     7.4387    27.5882    27.5875    34.3108    27.5882    1447.27    1447.28    -0.8302  1028.4457    34.4779 0.0000e+00
      17957 313.514388  -62.14684  -58.43410     -1.008    1447.84    177.000    175.227    -0.8251    -0.8245     0.0007    -0.8303    -0.8296     0.0007   2.790396   2.790378  -0.000016    34.3110    34.3099     7.4434    27.5883    27.5874    34.3109    27.5882    1447.26    1447.26    -0.8301  1028.4410    34.4780 0.0000e+00
      17985 313.514402  -62.14684  -58.43410     -0.916    1447.84    176.000    174.237    -0.8250    -0.8243     0.0008    -0.8302    -0.8294     0.0008   2.790355   2.790348  -0.000008    34.3109    34.3099     7.4451    27.5883    27.5874    34.3109    27.5882    1447.24    1447.24    -0.8300  1028.4362    34.4780 0.0000e+00
      18016 313.514417  -62.14684  -58.43410     -0.787    1447.84    175.000    173.248    -0.8246    -0.8240     0.0007    -0.8297    -0.8291     0.0007   2.790342   2.790321  -0.000019    34.3108    34.3098     7.4369    27.5882    27.5873    34.3108    27.5881    1447.23    1447.23    -0.8295  1028.4313    34.4779 0.0000e+00
      18047 313.514432  -62.14684  -58.43410     -0.759    1447.84    174.000    172.258    -0.8236    -0.8229     0.0008    -0.8287    -0.8279     0.0008   2.790374   2.790351  -0.000016    34.3106    34.3095     7.4260    27.5880    27.5870    34.3107    27.5881    1447.22    1447.22    -0.8285  1028.4265    34.4778 0.0000e+00
      18074 313.514445  -62.14686  -58.43408     -0.848    1447.84    173.000    171.268    -0.8210    -0.8215    -0.0004    -0.8261    -0.8265    -0.0004   2.790534   2.790412  -0.000119    34.3104    34.3093     7.4462    27.5877    27.5868    34.3106    27.5878    1447.21    1447.21    -0.8259  1028.4214    34.4777 0.0000e+00
      18097 313.514456  -62.14686  -58.43408     -0.974    1447.84    172.000    170.279    -0.8193    -0.8199    -0.0006    -0.8243    -0.8249    -0.0006   2.790601   2.790474  -0.000125    34.3100    34.3090     7.4453    27.5873    27.5865    34.3102    27.5874    1447.20    1447.20    -0.8242  1028.4162    34.4773 0.0000e+00
      18120 313.514467  -62.14686  -58.43408     -1.029    1447.84    171.000    169.289    -0.8182    -0.8184    -0.0001    -0.8232    -0.8233    -0.0001   2.790658   2.790550  -0.000112    34.3101    34.3087     7.4394    27.5873    27.5862    34.3103    27.5875    1447.19    1447.19    -0.8231  1028.4115    34.4774 0.0000e+00
      18145 313.514479  -62.14686  -58.43408     -0.996    1447.84    170.000    168.300    -0.8172    -0.8168     0.0004    -0.8222    -0.8217     0.0004   2.790678   2.790628  -0.000050    34.3099    34.3087     7.4493    27.5871    27.5862    34.3101    27.5872    1447.18    1447.18    -0.8220  1028.4064    34.4771 0.0000e+00
      18172 313.514492  -62.14688  -58.43406     -0.916    1447.84    169.000    167.310    -0.8166    -0.8163     0.0003    -0.8215    -0.8212     0.0003   2.790690   2.790629  -0.000061    34.3099    34.3088     7.4357    27.5871    27.5862    34.3101    27.5873    1447.17    1447.17    -0.8214  1028.4017    34.4772 0.0000e+00
      18201 313.514506  -62.14688  -58.43406     -0.847    1447.84    168.000    166.321    -0.8160    -0.8155     0.0005    -0.8208    -0.8204     0.0005   2.790677   2.790633  -0.000042    34.3097    34.3086     7.4389    27.5869    27.5860    34.3099    27.5871    1447.15    1447.15    -0.8207  1028.3967    34.4769 0.0000e+00
      18228 313.514519  -62.14688  -58.43406     -0.860    1447.84    167.000    165.330    -0.8163    -0.8153     0.0010    -0.8212    -0.8202     0.0010   2.790599   2.790601  -0.000004    34.3098    34.3086     7.4474    27.5870    27.5860    34.3098    27.5870    1447.14    1447.14    -0.8210  1028.3919    34.4768 0.0000e+00
      18253 313.514531  -62.14689  -58.43406     -0.933    1447.84    166.000    164.341    -0.8163    -0.8155     0.0007    -0.8211    -0.8204     0.0007   2.790541   2.790532  -0.000012    34.3095    34.3086     7.4394    27.5868    27.5860    34.3096    27.5868    1447.12    1447.12    -0.8210  1028.3869    34.4766 0.0000e+00
      18278 313.514543  -62.14690  -58.43405     -0.971    1447.84    165.000    163.352    -0.8160    -0.8155     0.0005    -0.8208    -0.8202     0.0005   2.790517   2.790488  -0.000029    34.3095    34.3085     7.4418    27.5868    27.5859    34.3096    27.5868    1447.10    1447.10    -0.8207  1028.3821    34.4766 0.0000e+00
      18303 313.514555  -62.14690  -58.43404     -0.972    1447.84    164.000    162.362    -0.8164    -0.8154     0.0010    -0.8212    -0.8202     0.0010   2.790436   2.790433  -0.000006    34.3096    34.3083     7.4527    27.5868    27.5858    34.3096    27.5868    1447.09    1447.09    -0.8210  1028.3773    34.4766 0.0000e+00
      18329 313.514568  -62.14690  -58.43404     -0.945    1447.84    163.000    161.372    -0.8163    -0.8155     0.0008    -0.8210    -0.8202     0.0008   2.790393   2.790388  -0.000002    34.3094    34.3084     7.4408    27.5867    27.5858    34.3095    27.5867    1447.07    1447.07    -0.8209  1028.3738    34.4781 0.0000e+00
      18356 313.514581  -62.14691 -9.990e-29     -0.884    1447.84    162.000    160.383    -0.8156    -0.8149     0.0007    -0.8203    -0.8196     0.0007   2.790400   2.790385  -0.000013    34.3093    34.3083     7.4469    27.5865    27.5857    34.3094    27.5866    1447.06    1447.06    -0.8202  1028.3692    34.4784 0.0000e+00
      18384 313.514594  -62.14692 -9.990e-29     -0.858    1447.84    161.000    159.393    -0.8155    -0.8145     0.0010    -0.8201    -0.8191     0.0010   2.790356   2.790367   0.000008    34.3093    34.3082     7.4525    27.5865    27.5856    34.3093    27.5865    1447.04    1447.04    -0.8200  1028.3643    34.4782 0.0000e+00
      18410 313.514607  -62.14692 -9.990e-29     -0.903    1447.84    160.000    158.403    -0.8164    -0.8152     0.0012    -0.8210    -0.8199     0.0012   2.790223   2.790241   0.000015    34.3093    34.3082     7.4353    27.5866    27.5856    34.3091    27.5864    1447.02    1447.02    -0.8209  1028.3594    34.4781 0.0000e+00
      18434 313.514618  -62.14692 -9.990e-29     -0.971    1447.84    159.000    157.414    -0.8178    -0.8163     0.0015    -0.8224    -0.8209     0.0015   2.790017   2.790080   0.000064    34.3088    34.3079     7.4442    27.5862    27.5855    34.3086    27.5860    1447.00    1447.00    -0.8223  1028.3543    34.4775 0.0000e+00
      18457 313.514630  -62.14694 -9.990e-29     -1.017    1447.84    158.000    156.424    -0.8170    -0.8166     0.0004    -0.8216    -0.8212     0.0004   2.790027   2.789995  -0.000023    34.3083    34.3075     7.4622    27.5858    27.5851    34.3084    27.5859    1446.98    1446.99    -0.8215  1028.3493    34.4774 0.0000e+00
      18481 313.514641  -62.14694 -9.990e-29     -1.028    1447.84    157.000    155.434    -0.8139    -0.8152    -0.0013    -0.8184    -0.8198    -0.0013   2.790212   2.790040  -0.000162    34.3076    34.3069     7.4499    27.5851    27.5846    34.3080    27.5854    1446.98    1446.97    -0.8183  1028.3441    34.4769 0.0000e+00
      18506 313.514653  -62.14694 -9.990e-29     -0.988    1447.84    156.000    154.445    -0.8080    -0.8099    -0.0019    -0.8125    -0.8145    -0.0019   2.790604   2.790365  -0.000230    34.3066    34.3057     7.4518    27.5840    27.5834    34.3072    27.5845    1446.99    1446.98    -0.8124  1028.3383    34.4761 0.0000e+00
      18533 313.514666  -62.14694  -58.43400     -0.906    1447.84    155.000    153.455    -0.8035    -0.8047    -0.0012    -0.8080    -0.8092    -0.0012   2.790906   2.790724  -0.000185    34.3062    34.3050     7.4594    27.5836    27.5826    34.3069    27.5841    1447.00    1446.99    -0.8079  1028.3316    34.4739 0.0000e+00
      18561 313.514680  -62.14694  -58.43400     -0.861    1447.84    154.000    152.466    -0.7977    -0.7997    -0.0020    -0.8021    -0.8041    -0.0020   2.791343   2.791082  -0.000244    34.3058    34.3048     7.4539    27.5830    27.5822    34.3068    27.5837    1447.01    1447.00    -0.8021  1028.3264    34.4737 0.0000e+00
      18589 313.514693  -62.14696  -58.43400     -0.863    1447.84    153.000    151.476    -0.7923    -0.7949    -0.0026    -0.7967    -0.7993    -0.0026   2.791745   2.791422  -0.000322    34.3058    34.3044     7.4671    27.5828    27.5817    34.3067    27.5835    1447.02    1447.00    -0.7966  1028.3213    34.4736 0.0000e+00
      18615 313.514706  -62.14696  -58.43400     -0.885    1447.84    152.000    150.486    -0.7899    -0.7909    -0.0010    -0.7943    -0.7953    -0.0010   2.791896   2.791697  -0.000202    34.3059    34.3044     7.4598    27.5827    27.5815    34.3066    27.5833    1447.01    1447.01    -0.7942  1028.3163    34.4735 0.0000e+00
      18640 313.514718  -62.14696  -58.43399     -0.941    1447.84    151.000    149.496    -0.7878    -0.7887    -0.0010    -0.7922    -0.7931    -0.0010   2.792021   2.791827  -0.000192    34.3058    34.3043     7.4496    27.5826    27.5814    34.3066    27.5832    1447.00    1447.00    -0.7921  1028.3114    34.4735 0.0000e+00
      18665 313.514730  -62.14697  -58.43398     -0.965    1447.84    150.000    148.507    -0.7854    -0.7866    -0.0012    -0.7898    -0.7910    -0.0012   2.792145   2.791963  -0.000186    34.3055    34.3044     7.4596    27.5823    27.5814    34.3062    27.5828    1447.00    1446.99    -0.7897  1028.3062    34.4731 0.0000e+00
      18691 313.514742  -62.14698  -58.43398     -0.945    1447.84    149.000    147.517    -0.7839    -0.7844    -0.0006    -0.7882    -0.7888    -0.0006   2.792227   2.792087  -0.000140    34.3055    34.3042     7.4590    27.5821    27.5812    34.3061    27.5827    1446.99    1446.99    -0.7881  1028.3013    34.4730 0.0000e+00
      18716 313.514755  -62.14698  -58.43398     -0.938    1447.84    148.000    146.527    -0.7824    -0.7821     0.0003    -0.7867    -0.7864     0.0003   2.792279   2.792228  -0.000060    34.3052    34.3040     7.4497    27.5819    27.5809    34.3058    27.5823    1446.98    1446.98    -0.7866  1028.2967    34.4733 0.0000e+00
      18743 313.514768  -62.14698 -9.990e-29     -0.916    1447.84    147.000    145.538    -0.7821    -0.7815     0.0006    -0.7864    -0.7858     0.0006   2.792211   2.792197  -0.000023    34.3049    34.3039     7.4583    27.5816    27.5807    34.3052    27.5819    1446.96    1446.97    -0.7863  1028.2924    34.4739 0.0000e+00
      18769 313.514780  -62.14699 -9.990e-29     -0.916    1447.84    146.000    144.548    -0.7822    -0.7816     0.0006    -0.7864    -0.7859     0.0006   2.792167   2.792121  -0.000033    34.3047    34.3036     7.4538    27.5815    27.5806    34.3053    27.5819    1446.95    1446.95    -0.7863  1028.2876    34.4739 0.0000e+00
      18793 313.514792  -62.14700 -9.990e-29     -0.967    1447.84    145.000    143.559    -0.7799    -0.7809    -0.0010    -0.7841    -0.7851    -0.0010   2.792297   2.792141  -0.000157    34.3045    34.3036     7.4409    27.5812    27.5805    34.3050    27.5816    1446.94    1446.94    -0.7840  1028.2825    34.4737 0.0000e+00
      18816 313.514803  -62.14700  -58.43396     -1.012    1447.84    144.000    142.569    -0.7776    -0.7781    -0.0005    -0.7818    -0.7823    -0.0005   2.792422   2.792277  -0.000146    34.3043    34.3028     7.4516    27.5809    27.5798    34.3048    27.5814    1446.94    1446.93    -0.7817  1028.2770    34.4728 0.0000e+00
      18842 313.514815  -62.14700  -58.43396     -0.979    1447.84    143.000    141.579    -0.7762    -0.7767    -0.0005    -0.7804    -0.7809    -0.0005   2.792454   2.792331  -0.000126    34.3038    34.3027     7.4633    27.5805    27.5796    34.3042    27.5808    1446.93    1446.92    -0.7803  1028.2707    34.4711 0.0000e+00
      18869 313.514828  -62.14702  -58.43394     -0.902    1447.84    142.000    140.589    -0.7755    -0.7756    -0.0002    -0.7796    -0.7798    -0.0002   2.792464   2.792362  -0.000097    34.3037    34.3026     7.4625    27.5804    27.5795    34.3041    27.5807    1446.91    1446.91    -0.7795  1028.2658    34.4710 0.0000e+00
      18898 313.514842  -62.14702  -58.43394     -0.849    1447.84    141.000    139.600    -0.7744    -0.7747    -0.0002    -0.7785    -0.7788    -0.0002   2.792514   2.792397  -0.000123    34.3038    34.3025     7.4633    27.5804    27.5793    34.3042    27.5807    1446.90    1446.90    -0.7784  1028.2610    34.4710 0.0000e+00
      18924 313.514855  -62.14702  -58.43394     -0.871    1447.84    140.000    138.610    -0.7734    -0.7731     0.0003    -0.7775    -0.7772     0.0003   2.792545   2.792474  -0.000067    34.3037    34.3024     7.4708    27.5803    27.5792    34.3041    27.5806    1446.89    1446.89    -0.7774  1028.2561    34.4709 0.0000e+00
      18949 313.514867  -62.14702  -58.43394     -0.941    1447.84    139.000    137.620    -0.7720    -0.7720     0.0000    -0.7761    -0.7761     0.0000   2.792603   2.792511  -0.000093    34.3036    34.3023     7.4596    27.5801    27.5791    34.3040    27.5804    1446.88    1446.88    -0.7759  1028.2512    34.4708 0.0000e+00
      18973 313.514879  -62.14704  -58.43393     -0.990    1447.84    138.000    136.630    -0.7699    -0.7704    -0.0005    -0.7739    -0.7744    -0.0005   2.792740   2.792593  -0.000143    34.3036    34.3022     7.4690    27.5800    27.5789    34.3041    27.5804    1446.87    1446.87    -0.7738  1028.2463    34.4708 0.0000e+00
      19000 313.514891  -62.14704  -58.43392     -0.945    1447.84    137.000    135.641    -0.7678    -0.7683    -0.0004    -0.7718    -0.7723    -0.0004   2.792841   2.792709  -0.000136    34.3032    34.3019     7.4741    27.5796    27.5786    34.3037    27.5800    1446.87    1446.86    -0.7717  1028.2412    34.4704 0.0000e+00
      19026 313.514904  -62.14704  -58.43392     -0.899    1447.84    136.000    134.651    -0.7667    -0.7666     0.0001    -0.7707    -0.7706     0.0001   2.792873   2.792796  -0.000081    34.3032    34.3020     7.4709    27.5796    27.5786    34.3035    27.5798    1446.86    1446.86    -0.7706  1028.2362    34.4703 0.0000e+00
