Pos-Processados/process_op42/operantar42_033.cnv
* Sea-Bird SBE 9 Data File:
* FileName = C:\Users\Hidrografia\Desktop\OPXLII\Brutos\OP42033.hdr
* Software Version Seasave V 7.26.7.107
* Temperature SN = 6502
* Conductivity SN = 4998
* Number of Bytes Per Scan = 37
* Number of Voltage Words = 4
* Number of Scans Averaged by the Deck Unit = 1
* NMEA Latitude = 62 08.12 S
* NMEA Longitude = 058 26.48 W
* NMEA UTC (Time) = Nov 09 2023 08:06:12
* NMEA baud rate = 4800
** H41
** NPOALTEMAXIMIANO
** NUMERO DA ESTACAO (XXX) 033
** LAT (XX XX.XX S/N) 62 08.10 S
** LONG (XXX XX.XX W/E) 058 26.50 W
** DATAHORA (dd/mm/aaaa hh:mm Z) 09/11/2023 0805Z
** PROFUNDIDADE (m) 423
** OPERADOR CT FABIREZA
# nquan = 30
# nvalues = 795                         
# units = specified
# name 0 = scan: Scan Count
# name 1 = timeJ: Julian Days
# name 2 = latitude: Latitude [deg]
# name 3 = longitude: Longitude [deg]
# name 4 = dz/dtM: Descent Rate [m/s]
# name 5 = avgsvCM: Average Sound Velocity [Chen-Millero, m/s]
# name 6 = prDM: Pressure, Digiquartz [db]
# name 7 = depSM: Depth [salt water, m]
# name 8 = t090C: Temperature [ITS-90, deg C]
# name 9 = t190C: Temperature, 2 [ITS-90, deg C]
# name 10 = T2-T190C: Temperature Difference, 2 - 1 [ITS-90, deg C]
# name 11 = potemp090C: Potential Temperature [ITS-90, deg C]
# name 12 = potemp190C: Potential Temperature, 2 [ITS-90, deg C]
# name 13 = potemp90Cdiff: Potential Temperature, Diff, 2 - 1 [ITS-90, deg C]
# name 14 = c0S/m: Conductivity [S/m]
# name 15 = c1S/m: Conductivity, 2 [S/m]
# name 16 = C2-C1S/m: Conductivity Difference, 2 - 1 [S/m]
# name 17 = sal00: Salinity, Practical [PSU]
# name 18 = sal11: Salinity, Practical, 2 [PSU]
# name 19 = sbeox0ML/L: Oxygen, SBE 43 [ml/l]
# name 20 = sigma-é00: Density [sigma-theta, kg/m^3]
# name 21 = sigma-é11: Density, 2 [sigma-theta, kg/m^3]
# name 22 = sal00: Salinity, Practical [PSU]
# name 23 = sigma-é00: Density [sigma-theta, kg/m^3]
# name 24 = svCM: Sound Velocity [Chen-Millero, m/s]
# name 25 = svCM1: Sound Velocity, 2 [Chen-Millero, m/s]
# name 26 = gsw_ptA0: potential temperature [ITS-90, deg C]
# name 27 = gsw_densityA0: density, TEOS-10 [density, kg/m^3]
# name 28 = gsw_saA0: Absolute Salinity [g/kg]
# name 29 = flag:
# span 0 =       1725,      25413       
# span 1 = 313.338470, 313.349894       
# span 2 =  -62.13977,  -62.13570       
# span 3 =  -58.44128,  -58.43634       
# span 4 =     -1.248,      1.113       
# span 5 =       0.00,    1467.46       
# span 6 =      1.000,    398.000       
# span 7 =      0.996,    393.792       
# span 8 =    -0.8427,    -0.5444       
# span 9 =    -0.8415,    -0.5431       
# span 10 =    -0.0251,     0.0112      
# span 11 =    -0.8498,    -0.5447      
# span 12 =    -0.8486,    -0.5434      
# span 13 =    -0.0251,     0.0112      
# span 14 =   2.790855,   2.824049      
# span 15 =   2.790819,   2.824007      
# span 16 =  -0.002347,   0.000963      
# span 17 =    34.2760,    34.3891      
# span 18 =    34.2734,    34.3881      
# span 19 =     6.8142,     7.6579      
# span 20 =    27.5521,    27.6438      
# span 21 =    27.5504,    27.6430      
# span 22 =    34.2764,    34.3890      
# span 23 =    27.5525,    27.6437      
# span 24 =    1445.57,    1451.87      
# span 25 =    1445.58,    1451.87      
# span 26 =    -0.8496,    -0.5447      
# span 27 =  1027.5629,  1029.5448      
# span 28 =    34.4408,    34.5592      
# span 29 = 0.0000e+00, 0.0000e+00      
# interval = decibars: 1                
# start_time = Nov 09 2023 08:06:12 [NMEA time, header]
# bad_flag = -9.990e-29
*END*
       1725 313.338470  -62.13570  -58.44128      0.111       0.00      1.000      1.012    -0.5659    -0.5645     0.0013    -0.5659    -0.5646     0.0013   2.801939   2.801939   0.000007    34.2821    34.2807     7.6411    27.5538    27.5526    34.2820    27.5537    1445.57    1445.58    -0.5659  1027.5629    34.4472 0.0000e+00
       1989 313.338597  -62.13574  -58.44126      0.313       0.00      2.000      1.980    -0.5662    -0.5649     0.0012    -0.5662    -0.5650     0.0012   2.801951   2.801978   0.000024    34.2819    34.2808     7.6448    27.5536    27.5527    34.2818    27.5536    1445.59    1445.59    -0.5663  1027.5677    34.4472 0.0000e+00
       2056 313.338630  -62.13576  -58.44124      0.372       0.00      3.000      2.971    -0.5653    -0.5640     0.0013    -0.5654    -0.5641     0.0013   2.802096   2.802121   0.000021    34.2822    34.2810     7.6464    27.5538    27.5528    34.2822    27.5538    1445.61    1445.61    -0.5654  1027.5727    34.4476 0.0000e+00
       2102 313.338652  -62.13576  -58.44124      0.512       0.00      4.000      3.962    -0.5627    -0.5617     0.0010    -0.5629    -0.5618     0.0010   2.802337   2.802378   0.000049    34.2816    34.2810     7.6452    27.5532    27.5527    34.2819    27.5535    1445.64    1445.64    -0.5628  1027.5771    34.4473 0.0000e+00
       2160 313.338680  -62.13578  -58.44124      0.402       0.00      5.000      4.952    -0.5618    -0.5607     0.0012    -0.5619    -0.5608     0.0012   2.802486   2.802504   0.000016    34.2822    34.2811     7.6352    27.5537    27.5527    34.2822    27.5537    1445.66    1445.66    -0.5619  1027.5811    34.4463 0.0000e+00
       2218 313.338708 -9.990e-29  -58.44123      0.427       0.00      6.000      5.942    -0.5623    -0.5612     0.0011    -0.5625    -0.5614     0.0011   2.802516   2.802512  -0.000006    34.2825    34.2812     7.6286    27.5539    27.5529    34.2825    27.5540    1445.67    1445.68    -0.5625  1027.5842    34.4442 0.0000e+00
       2267 313.338732  -62.13580  -58.44122      0.481 2.0696e-20      7.000      6.932    -0.5626    -0.5616     0.0010    -0.5628    -0.5618     0.0010   2.802519   2.802522   0.000007    34.2823    34.2812     7.6177    27.5538    27.5529    34.2823    27.5538    1445.69    1445.69    -0.5628  1027.5903    34.4457 0.0000e+00
       2328 313.338761  -62.13580  -58.44120      0.375       0.09      8.000      7.923    -0.5627    -0.5617     0.0010    -0.5629    -0.5620     0.0010   2.802563   2.802549  -0.000018    34.2824    34.2811     7.6185    27.5539    27.5528    34.2824    27.5539    1445.70    1445.71    -0.5629  1027.5968    34.4479 0.0000e+00
       2372 313.338782  -62.13582  -58.44120      0.539      -0.00      9.000      8.913    -0.5625    -0.5615     0.0010    -0.5628    -0.5618     0.0010   2.802620   2.802622  -0.000002    34.2824    34.2812     7.6221    27.5539    27.5529    34.2824    27.5538    1445.72    1445.72    -0.5628  1027.6015    34.4478 0.0000e+00
       2402 313.338797  -62.13582  -58.44120      0.745 2.5286e-32     10.000      9.904    -0.5627    -0.5616     0.0011    -0.5630    -0.5619     0.0011   2.802669   2.802666 -8.231e-07    34.2826    34.2814     7.6295    27.5540    27.5530    34.2826    27.5540    1445.74    1445.74    -0.5630  1027.6064    34.4479 0.0000e+00
       2432 313.338811  -62.13582  -58.44120      0.809 1.4586e-08     11.000     10.894    -0.5645    -0.5642     0.0003    -0.5648    -0.5646     0.0003   2.802537   2.802487  -0.000046    34.2823    34.2814     7.6344    27.5539    27.5531    34.2822    27.5538    1445.74    1445.74    -0.5648  1027.6110    34.4476 0.0000e+00
       2469 313.338829  -62.13583  -58.44120      0.679       0.06     12.000     11.884    -0.5655    -0.5648     0.0007    -0.5658    -0.5652     0.0007   2.802526   2.802488  -0.000040    34.2826    34.2813     7.6407    27.5542    27.5531    34.2825    27.5541    1445.76    1445.76    -0.5658  1027.6160    34.4479 0.0000e+00
       2506 313.338847  -62.13584  -58.44118      0.641      -0.00     13.000     12.875    -0.5634    -0.5628     0.0005    -0.5637    -0.5632     0.0005   2.802727   2.802705  -0.000025    34.2822    34.2813     7.6446    27.5538    27.5530    34.2823    27.5538    1445.78    1445.78    -0.5638  1027.6205    34.4476 0.0000e+00
       2538 313.338862  -62.13584  -58.44118      0.725 1.9523e-30     14.000     13.865    -0.5643    -0.5634     0.0010    -0.5648    -0.5638     0.0010   2.802700   2.802707   0.000003    34.2825    34.2815     7.6409    27.5541    27.5532    34.2824    27.5540    1445.79    1445.80    -0.5647  1027.6254    34.4477 0.0000e+00
       2570 313.338878  -62.13584  -58.44118      0.760 6.5804e-09     15.000     14.856    -0.5694    -0.5680     0.0014    -0.5699    -0.5684     0.0014   2.802342   2.802349   0.000013    34.2830    34.2816     7.6429    27.5547    27.5535    34.2827    27.5545    1445.79    1445.79    -0.5698  1027.6294    34.4464 0.0000e+00
       2605 313.338895 -9.990e-29 -9.990e-29      0.686       0.18     16.000     15.846    -0.5701    -0.5684     0.0016    -0.5706    -0.5689     0.0016   2.802297   2.802355   0.000063    34.2824    34.2814     7.6449    27.5542    27.5533    34.2822    27.5541    1445.80    1445.80    -0.5706  1027.6326    34.4444 0.0000e+00
       2640 313.338912 -9.990e-29 -9.990e-29      0.679      -0.00     17.000     16.836    -0.5698    -0.5702    -0.0004    -0.5703    -0.5707    -0.0004   2.802423   2.802272  -0.000154    34.2828    34.2812     7.6443    27.5545    27.5532    34.2830    27.5547    1445.82    1445.81    -0.5703  1027.6380    34.4451 0.0000e+00
       2670 313.338926  -62.13586  -58.44116      0.774 1.1295e-33     18.000     17.827    -0.5663    -0.5652     0.0011    -0.5669    -0.5657     0.0011   2.802708   2.802721   0.000013    34.2823    34.2811     7.6374    27.5539    27.5530    34.2823    27.5539    1445.85    1445.85    -0.5668  1027.6433    34.4460 0.0000e+00
       2698 313.338940  -62.13586  -58.44116      0.844 2.1448e-11     19.000     18.817    -0.5668    -0.5658     0.0010    -0.5674    -0.5664     0.0010   2.802721   2.802718  -0.000003    34.2824    34.2812     7.6271    27.5541    27.5531    34.2824    27.5541    1445.86    1445.86    -0.5674  1027.6494    34.4476 0.0000e+00
       2731 313.338955  -62.13588  -58.44115      0.766     792.31     20.000     19.807    -0.5674    -0.5671     0.0003    -0.5680    -0.5677     0.0003   2.802700   2.802659  -0.000044    34.2822    34.2812     7.6223    27.5539    27.5531    34.2821    27.5539    1445.87    1445.88    -0.5680  1027.6540    34.4473 0.0000e+00
       2767 313.338973  -62.13588  -58.44114      0.659    1467.46     21.000     20.798    -0.5680    -0.5670     0.0009    -0.5686    -0.5677     0.0009   2.802705   2.802705   0.000003    34.2823    34.2813     7.6223    27.5541    27.5532    34.2822    27.5540    1445.89    1445.89    -0.5686  1027.6589    34.4474 0.0000e+00
       2795 313.338986  -62.13588  -58.44114      0.788    1445.87     22.000     21.788    -0.5697    -0.5682     0.0014    -0.5703    -0.5689     0.0014   2.802641   2.802649 6.0048e-07    34.2829    34.2813     7.6248    27.5546    27.5532    34.2826    27.5544    1445.90    1445.90    -0.5703  1027.6641    34.4479 0.0000e+00
       2819 313.338998  -62.13588  -58.44114      0.935    1445.87     23.000     22.778    -0.5752    -0.5735     0.0017    -0.5759    -0.5742     0.0017   2.802221   2.802232   0.000014    34.2833    34.2815     7.6316    27.5552    27.5537    34.2826    27.5547    1445.89    1445.89    -0.5759  1027.6691    34.4479 0.0000e+00
       2842 313.339009  -62.13590  -58.44114      1.030    1445.87     24.000     23.769    -0.5774    -0.5761     0.0013    -0.5781    -0.5768     0.0013   2.802043   2.802066   0.000015    34.2824    34.2811     7.6280    27.5545    27.5534    34.2821    27.5543    1445.89    1445.90    -0.5781  1027.6735    34.4473 0.0000e+00
       2865 313.339020  -62.13590  -58.44114      1.039    1445.87     25.000     24.759    -0.5804    -0.5783     0.0021    -0.5811    -0.5791     0.0021   2.801800   2.801884   0.000080    34.2825    34.2812     7.6341    27.5548    27.5537    34.2816    27.5540    1445.90    1445.90    -0.5811  1027.6781    34.4468 0.0000e+00
       2894 313.339034  -62.13590  -58.44112      0.911    1445.87     26.000     25.749    -0.5808    -0.5819    -0.0011    -0.5816    -0.5827    -0.0011   2.801781   2.801652  -0.000108    34.2812    34.2810     7.6348    27.5538    27.5536    34.2812    27.5537    1445.91    1445.90    -0.5816  1027.6826    34.4464 0.0000e+00
       2925 313.339049  -62.13590  -58.44112      0.771    1445.87     27.000     26.739    -0.5760    -0.5748     0.0012    -0.5768    -0.5756     0.0012   2.802219   2.802272   0.000064    34.2806    34.2801     7.6274    27.5530    27.5526    34.2811    27.5534    1445.95    1445.95    -0.5768  1027.6870    34.4463 0.0000e+00
       2954 313.339063  -62.13592  -58.44110      0.793    1445.87     28.000     27.730    -0.5806    -0.5815    -0.0009    -0.5815    -0.5823    -0.0009   2.801973   2.801765  -0.000240    34.2832    34.2810     7.6319    27.5554    27.5536    34.2823    27.5546    1445.94    1445.94    -0.5814  1027.6931    34.4476 0.0000e+00
       2980 313.339076  -62.13592  -58.44110      0.893    1445.87     29.000     28.720    -0.5834    -0.5818     0.0015    -0.5842    -0.5827     0.0015   2.801774   2.801730  -0.000025    34.2826    34.2805     7.6356    27.5549    27.5532    34.2822    27.5546    1445.95    1445.95    -0.5842  1027.6979    34.4474 0.0000e+00
       3004 313.339087  -62.13592  -58.44110      0.969    1445.87     30.000     29.710    -0.5914    -0.5852     0.0062    -0.5923    -0.5861     0.0062   2.801044   2.801480   0.000422    34.2819    34.2805     7.6324    27.5547    27.5534    34.2808    27.5538    1445.92    1445.95    -0.5923  1027.7019    34.4461 0.0000e+00
       3029 313.339099  -62.13592  -58.44110      0.975    1445.87     31.000     30.700    -0.5876    -0.5854     0.0022    -0.5886    -0.5863     0.0022   2.801315   2.801558   0.000219    34.2796    34.2800     7.6277    27.5528    27.5530    34.2796    27.5527    1445.96    1445.97    -0.5885  1027.7055    34.4449 0.0000e+00
       3056 313.339112  -62.13592  -58.44110      0.923    1445.87     32.000     31.691    -0.5890    -0.5895    -0.0005    -0.5899    -0.5905    -0.0005   2.801332   2.801236  -0.000064    34.2809    34.2806     7.6278    27.5539    27.5537    34.2807    27.5537    1445.97    1445.96    -0.5899  1027.7113    34.4460 0.0000e+00
       3083 313.339125  -62.13594  -58.44108      0.886    1445.87     33.000     32.681    -0.5911    -0.5902     0.0009    -0.5920    -0.5912     0.0009   2.801255   2.801201  -0.000069    34.2818    34.2799     7.6193    27.5547    27.5531    34.2814    27.5543    1445.98    1445.98    -0.5920  1027.7167    34.4467 0.0000e+00
       3109 313.339138  -62.13594  -58.44108      0.902    1445.87     34.000     33.671    -0.5944    -0.5901     0.0043    -0.5954    -0.5911     0.0043   2.801104   2.801250   0.000191    34.2825    34.2802     7.6199    27.5554    27.5534    34.2825    27.5554    1445.98    1445.99    -0.5954  1027.7226    34.4479 0.0000e+00
       3134 313.339150  -62.13594  -58.44108      0.944    1445.87     35.000     34.661    -0.5874    -0.5879    -0.0005    -0.5884    -0.5889    -0.0005   2.801565   2.801513  -0.000101    34.2806    34.2798     7.6260    27.5536    27.5529    34.2801    27.5532    1446.02    1446.02    -0.5884  1027.7252    34.4455 0.0000e+00
       3159 313.339162  -62.13594  -58.44108      0.978    1445.87     36.000     35.651    -0.5900    -0.5874     0.0026    -0.5911    -0.5884     0.0026   2.801531   2.801602   0.000104    34.2818    34.2802     7.6259    27.5546    27.5532    34.2820    27.5548    1446.03    1446.04    -0.5910  1027.7316    34.4474 0.0000e+00
       3183 313.339174  -62.13595  -58.44108      0.974    1445.87     37.000     36.642    -0.5836    -0.5832     0.0004    -0.5847    -0.5844     0.0004   2.801928   2.802023  -0.000003    34.2803    34.2798     7.6210    27.5532    27.5528    34.2795    27.5525    1446.07    1446.07    -0.5847  1027.7341    34.4449 0.0000e+00
       3209 313.339186  -62.13596  -58.44108      0.950    1445.87     38.000     37.632    -0.6079    -0.6015     0.0065    -0.6090    -0.6026     0.0065   2.800224   2.800484   0.000257    34.2852    34.2814     7.6314    27.5582    27.5548    34.2835    27.5568    1445.98    1446.00    -0.6090  1027.7432    34.4489 0.0000e+00
       3236 313.339199  -62.13596  -58.44108      0.910    1445.87     39.000     38.622    -0.6110    -0.6075     0.0035    -0.6122    -0.6087     0.0035   2.799800   2.799934   0.000189    34.2815    34.2801     7.6253    27.5553    27.5540    34.2806    27.5546    1445.98    1445.99    -0.6121  1027.7458    34.4461 0.0000e+00
       3264 313.339213  -62.13596  -58.44107      0.866    1445.87     40.000     39.612    -0.6111    -0.6101     0.0010    -0.6123    -0.6113     0.0010   2.799788   2.799799   0.000020    34.2805    34.2796     7.6181    27.5545    27.5537    34.2800    27.5541    1445.99    1446.00    -0.6123  1027.7493    34.4444 0.0000e+00
       3292 313.339226 -9.990e-29 -9.990e-29      0.854    1445.87     41.000     40.603    -0.6122    -0.6113     0.0008    -0.6134    -0.6126     0.0008   2.799746   2.799735  -0.000009    34.2806    34.2795     7.6185    27.5546    27.5537    34.2800    27.5541    1446.00    1446.01    -0.6134  1027.7524    34.4422 0.0000e+00
       3319 313.339239 -9.990e-29 -9.990e-29      0.879    1445.87     42.000     41.593    -0.6119    -0.6116     0.0004    -0.6132    -0.6128     0.0004   2.799795   2.799754  -0.000036    34.2802    34.2792     7.6210    27.5543    27.5535    34.2797    27.5539    1446.02    1446.02    -0.6131  1027.7570    34.4420 0.0000e+00
       3345 313.339251 -9.990e-29 -9.990e-29      0.918    1445.87     43.000     42.583    -0.6119    -0.6101     0.0018    -0.6132    -0.6114     0.0018   2.799857   2.799935   0.000067    34.2802    34.2790     7.6095    27.5543    27.5533    34.2799    27.5541    1446.04    1446.05    -0.6131  1027.7619    34.4422 0.0000e+00
       3370 313.339264 -9.990e-29  -58.44104      0.936    1445.87     44.000     43.573    -0.6110    -0.6090     0.0019    -0.6123    -0.6103     0.0019   2.799958   2.800050   0.000099    34.2800    34.2791     7.6079    27.5541    27.5533    34.2796    27.5538    1446.06    1446.07    -0.6123  1027.7661    34.4416 0.0000e+00
       3396 313.339276 -9.990e-29  -58.44104      0.932    1445.87     45.000     44.564    -0.6138    -0.6093     0.0045    -0.6151    -0.6107     0.0044   2.799813   2.800079   0.000257    34.2807    34.2791     7.6069    27.5548    27.5533    34.2802    27.5544    1446.06    1446.08    -0.6151  1027.7713    34.4418 0.0000e+00
       3422 313.339289 -9.990e-29  -58.44104      0.928    1445.87     46.000     45.554    -0.6156    -0.6136     0.0020    -0.6170    -0.6150     0.0020   2.799710   2.799754   0.000059    34.2806    34.2792     7.6108    27.5548    27.5536    34.2802    27.5545    1446.07    1446.08    -0.6169  1027.7762    34.4419 0.0000e+00
       3447 313.339301 -9.990e-29  -58.44104      0.942    1445.87     47.000     46.544    -0.6139    -0.6141    -0.0002    -0.6153    -0.6155    -0.0002   2.799817   2.799782  -0.000032    34.2792    34.2790     7.6040    27.5536    27.5534    34.2791    27.5535    1446.09    1446.09    -0.6152  1027.7800    34.4408 0.0000e+00
       3472 313.339313  -62.13600  -58.44104      0.967    1445.87     48.000     47.534    -0.6133    -0.6125     0.0008    -0.6147    -0.6139     0.0008   2.799925   2.799953   0.000010    34.2797    34.2789     7.6097    27.5540    27.5533    34.2793    27.5536    1446.11    1446.11    -0.6147  1027.7871    34.4437 0.0000e+00
