Pos-Processados/process_op42/operantar42_032.cnv
* Sea-Bird SBE 9 Data File:
* FileName = C:\Users\Hidrografia\Desktop\OPXLII\Brutos\OP42032.hdr
* Software Version Seasave V 7.26.7.107
* Temperature SN = 6502
* Conductivity SN = 4998
* Number of Bytes Per Scan = 37
* Number of Voltage Words = 4
* Number of Scans Averaged by the Deck Unit = 1
* NMEA Latitude = 62 08.42 S
* NMEA Longitude = 058 26.62 W
* NMEA UTC (Time) = Nov 09 2023 07:09:23
* NMEA baud rate = 4800
** H41
** NPOALTEMAXIMIANO
** NUMERO DA ESTACAO (XXX) 032
** LAT (XX XX.XX S/N) 62 08.4 S
** LONG (XXX XX.XX W/E) 058 26.6 W
** DATAHORA (dd/mm/aaaa hh:mm Z) 09/11/2023 0708Z
** PROFUNDIDADE (m) 425
** OPERADOR CT FABIREZA
# nquan = 30
# nvalues = 775                         
# units = specified
# name 0 = scan: Scan Count
# name 1 = timeJ: Julian Days
# name 2 = latitude: Latitude [deg]
# name 3 = longitude: Longitude [deg]
# name 4 = dz/dtM: Descent Rate [m/s]
# name 5 = avgsvCM: Average Sound Velocity [Chen-Millero, m/s]
# name 6 = prDM: Pressure, Digiquartz [db]
# name 7 = depSM: Depth [salt water, m]
# name 8 = t090C: Temperature [ITS-90, deg C]
# name 9 = t190C: Temperature, 2 [ITS-90, deg C]
# name 10 = T2-T190C: Temperature Difference, 2 - 1 [ITS-90, deg C]
# name 11 = potemp090C: Potential Temperature [ITS-90, deg C]
# name 12 = potemp190C: Potential Temperature, 2 [ITS-90, deg C]
# name 13 = potemp90Cdiff: Potential Temperature, Diff, 2 - 1 [ITS-90, deg C]
# name 14 = c0S/m: Conductivity [S/m]
# name 15 = c1S/m: Conductivity, 2 [S/m]
# name 16 = C2-C1S/m: Conductivity Difference, 2 - 1 [S/m]
# name 17 = sal00: Salinity, Practical [PSU]
# name 18 = sal11: Salinity, Practical, 2 [PSU]
# name 19 = sbeox0ML/L: Oxygen, SBE 43 [ml/l]
# name 20 = sigma-é00: Density [sigma-theta, kg/m^3]
# name 21 = sigma-é11: Density, 2 [sigma-theta, kg/m^3]
# name 22 = sal00: Salinity, Practical [PSU]
# name 23 = sigma-é00: Density [sigma-theta, kg/m^3]
# name 24 = svCM: Sound Velocity [Chen-Millero, m/s]
# name 25 = svCM1: Sound Velocity, 2 [Chen-Millero, m/s]
# name 26 = gsw_ptA0: potential temperature [ITS-90, deg C]
# name 27 = gsw_densityA0: density, TEOS-10 [density, kg/m^3]
# name 28 = gsw_saA0: Absolute Salinity [g/kg]
# name 29 = flag:
# span 0 =       3138,      26939       
# span 1 = 313.299696, 313.311174       
# span 2 =  -62.14520,  -62.14094       
# span 3 =  -58.44358,  -58.44076       
# span 4 =     -1.137,      1.086       
# span 5 =       0.00,    1448.41       
# span 6 =      1.000,    388.000       
# span 7 =      0.999,    383.910       
# span 8 =    -0.8345,    -0.5351       
# span 9 =    -0.8336,    -0.5285       
# span 10 =    -0.0105,     0.0221      
# span 11 =    -0.8423,    -0.5351      
# span 12 =    -0.8414,    -0.5286      
# span 13 =    -0.0105,     0.0220      
# span 14 =   2.792313,   2.827590      
# span 15 =   2.792308,   2.827571      
# span 16 =  -0.001011,   0.002255      
# span 17 =    34.2794,    34.4128      
# span 18 =    34.2803,    34.4118      
# span 19 =     6.6532,     7.7205      
# span 20 =    27.5523,    27.6612      
# span 21 =    27.5528,    27.6604      
# span 22 =    34.2820,    34.4130      
# span 23 =    27.5532,    27.6613      
# span 24 =    1445.61,    1451.92      
# span 25 =    1445.61,    1451.93      
# span 26 =    -0.8421,    -0.5351      
# span 27 =  1027.5625,  1029.5126      
# span 28 =    34.4437,    34.5813      
# span 29 = 0.0000e+00, 0.0000e+00      
# interval = decibars: 1                
# start_time = Nov 09 2023 07:09:23 [NMEA time, header]
# bad_flag = -9.990e-29
*END*
       3138 313.299696  -62.14094  -58.44358     -0.145       0.00      1.000      1.015    -0.5351    -0.5285     0.0066    -0.5351    -0.5286     0.0066   2.804611   2.805160   0.000477    34.2840    34.2830     7.6393    27.5540    27.5528    34.2831    27.5532    1445.72    1445.75    -0.5351  1027.5625    34.4485 0.0000e+00
       3239 313.299744  -62.14094  -58.44358      0.310       0.00      2.000      1.981    -0.5513    -0.5487     0.0026    -0.5514    -0.5487     0.0026   2.803412   2.803506   0.000120    34.2850    34.2836     7.6423    27.5555    27.5543    34.2847    27.5552    1445.66    1445.67    -0.5514  1027.5693    34.4501 0.0000e+00
       3275 313.299762  -62.14096  -58.44358      0.603       0.00      3.000      2.971    -0.5510    -0.5500     0.0010    -0.5511    -0.5501     0.0010   2.803497   2.803457  -0.000039    34.2851    34.2834     7.6400    27.5556    27.5542    34.2848    27.5553    1445.68    1445.68    -0.5511  1027.5742    34.4502 0.0000e+00
       3312 313.299780  -62.14096  -58.44357      0.642       0.00      4.000      3.962    -0.5506    -0.5497     0.0009    -0.5508    -0.5498     0.0009   2.803486   2.803520   0.000042    34.2837    34.2833     7.6346    27.5544    27.5540    34.2837    27.5544    1445.70    1445.70    -0.5507  1027.5780    34.4490 0.0000e+00
       3351 313.299798  -62.14096  -58.44356      0.625 3.4033e-23      5.000      4.952    -0.5504    -0.5496     0.0009    -0.5506    -0.5497     0.0009   2.803641   2.803580  -0.000057    34.2850    34.2833     7.6401    27.5555    27.5540    34.2849    27.5554    1445.72    1445.72    -0.5506  1027.5838    34.4503 0.0000e+00
       3385 313.299815  -62.14097  -58.44356      0.676       0.15      6.000      5.942    -0.5504    -0.5495     0.0009    -0.5506    -0.5497     0.0009   2.803594   2.803637   0.000042    34.2838    34.2833     7.6502    27.5544    27.5540    34.2836    27.5543    1445.73    1445.73    -0.5506  1027.5875    34.4490 0.0000e+00
       3419 313.299831  -62.14098  -58.44356      0.726       0.00      7.000      6.933    -0.5504    -0.5495     0.0009    -0.5506    -0.5497     0.0009   2.803623   2.803688   0.000071    34.2833    34.2833     7.6522    27.5541    27.5540    34.2834    27.5541    1445.75    1445.75    -0.5506  1027.5921    34.4487 0.0000e+00
       3454 313.299848  -62.14098  -58.44356      0.686 2.7567e-47      8.000      7.923    -0.5505    -0.5495     0.0010    -0.5507    -0.5498     0.0010   2.803756   2.803721  -0.000029    34.2846    34.2832     7.6570    27.5552    27.5539    34.2846    27.5552    1445.76    1445.77    -0.5507  1027.5980    34.4500 0.0000e+00
       3487 313.299864  -62.14100  -58.44356      0.704 6.7525e-25      9.000      8.913    -0.5504    -0.5496     0.0009    -0.5507    -0.5498     0.0009   2.803830   2.803776  -0.000053    34.2850    34.2833     7.6646    27.5554    27.5540    34.2849    27.5554    1445.78    1445.78    -0.5507  1027.6030    34.4503 0.0000e+00
       3516 313.299878  -62.14100  -58.44356      0.812       0.00     10.000      9.904    -0.5503    -0.5495     0.0009    -0.5506    -0.5498     0.0009   2.803874   2.803822  -0.000052    34.2849    34.2832     7.6701    27.5553    27.5540    34.2848    27.5553    1445.80    1445.80    -0.5506  1027.6077    34.4502 0.0000e+00
       3542 313.299891  -62.14100  -58.44356      0.867       0.09     11.000     10.894    -0.5503    -0.5495     0.0008    -0.5506    -0.5498     0.0008   2.803939   2.803880  -0.000056    34.2850    34.2834     7.6741    27.5555    27.5541    34.2850    27.5555    1445.81    1445.81    -0.5506  1027.6126    34.4504 0.0000e+00
       3568 313.299903  -62.14100  -58.44356      0.927       0.00     12.000     11.885    -0.5507    -0.5498     0.0009    -0.5510    -0.5501     0.0009   2.803973   2.803907  -0.000065    34.2853    34.2834     7.6741    27.5557    27.5541    34.2853    27.5557    1445.83    1445.83    -0.5510  1027.6176    34.4507 0.0000e+00
       3596 313.299916  -62.14101  -58.44356      0.897 8.4052e-44     13.000     12.875    -0.5507    -0.5498     0.0008    -0.5511    -0.5502     0.0008   2.804024   2.803957  -0.000064    34.2853    34.2835     7.6772    27.5557    27.5542    34.2854    27.5558    1445.84    1445.85    -0.5511  1027.6224    34.4507 0.0000e+00
       3626 313.299931  -62.14102  -58.44356      0.818 9.0970e-21     14.000     13.865    -0.5511    -0.5502     0.0009    -0.5515    -0.5507     0.0009   2.804038   2.803958  -0.000079    34.2855    34.2834     7.6779    27.5559    27.5542    34.2855    27.5559    1445.86    1445.86    -0.5515  1027.6273    34.4508 0.0000e+00
       3657 313.299946  -62.14102  -58.44356      0.775       0.20     15.000     14.856    -0.5513    -0.5503     0.0010    -0.5517    -0.5507     0.0010   2.804042   2.803998  -0.000046    34.2851    34.2834     7.6727    27.5556    27.5541    34.2850    27.5555    1445.87    1445.88    -0.5517  1027.6317    34.4504 0.0000e+00
       3688 313.299961  -62.14102  -58.44354      0.778       0.00     16.000     15.846    -0.5512    -0.5503     0.0009    -0.5517    -0.5508     0.0009   2.804053   2.804048  -0.000005    34.2845    34.2835     7.6809    27.5551    27.5542    34.2845    27.5551    1445.89    1445.89    -0.5517  1027.6360    34.4498 0.0000e+00
       3719 313.299976  -62.14103  -58.44354      0.771 1.4050e-51     17.000     16.836    -0.5512    -0.5502     0.0009    -0.5517    -0.5508     0.0009   2.804055   2.804107   0.000047    34.2839    34.2835     7.6822    27.5546    27.5543    34.2839    27.5546    1445.90    1445.91    -0.5517  1027.6375    34.4457 0.0000e+00
       3749 313.299991 -9.990e-29  -58.44354      0.775 3.0309e-29     18.000     17.826    -0.5512    -0.5502     0.0009    -0.5517    -0.5508     0.0009   2.804084   2.804153   0.000070    34.2836    34.2835     7.6829    27.5544    27.5542    34.2836    27.5544    1445.92    1445.92    -0.5517  1027.6420    34.4453 0.0000e+00
       3779 313.300005 -9.990e-29  -58.44354      0.804 2.2292e-08     19.000     18.817    -0.5507    -0.5499     0.0009    -0.5513    -0.5504     0.0009   2.804200   2.804218   0.000021    34.2840    34.2833     7.6892    27.5547    27.5541    34.2841    27.5547    1445.94    1445.94    -0.5513  1027.6472    34.4458 0.0000e+00
       3805 313.300017  -62.14105  -58.44354      0.869      43.71     20.000     19.807    -0.5508    -0.5499     0.0010    -0.5514    -0.5505     0.0010   2.804324   2.804268  -0.000050    34.2851    34.2834     7.6837    27.5556    27.5541    34.2852    27.5557    1445.96    1445.96    -0.5514  1027.6544    34.4488 0.0000e+00
       3829 313.300029  -62.14106  -58.44354      0.963 -9.990e-29     21.000     20.798    -0.5507    -0.5499     0.0008    -0.5514    -0.5506     0.0008   2.804338   2.804314  -0.000032    34.2848    34.2834     7.6862    27.5553    27.5542    34.2847    27.5552    1445.97    1445.98    -0.5513  1027.6601    34.4499 0.0000e+00
       3854 313.300041  -62.14106  -58.44354      0.996 -9.990e-29     22.000     21.788    -0.5485    -0.5488    -0.0002    -0.5492    -0.5494    -0.0002   2.804457   2.804450  -0.000007    34.2829    34.2831     7.6843    27.5537    27.5538    34.2832    27.5539    1446.00    1446.00    -0.5492  1027.6636    34.4484 0.0000e+00
       3880 313.300053  -62.14106  -58.44353      0.951 -9.990e-29     23.000     22.778    -0.5495    -0.5481     0.0013    -0.5502    -0.5488     0.0013   2.804544   2.804517  -0.000012    34.2848    34.2831     7.6868    27.5552    27.5538    34.2848    27.5553    1446.01    1446.01    -0.5502  1027.6697    34.4500 0.0000e+00
       3908 313.300067  -62.14106  -58.44352      0.877    1415.34     24.000     23.768    -0.5485    -0.5481     0.0004    -0.5493    -0.5489     0.0004   2.804582   2.804578  -0.000016    34.2836    34.2829     7.6899    27.5543    27.5537    34.2836    27.5543    1446.03    1446.03    -0.5492  1027.6735    34.4489 0.0000e+00
       3935 313.300080  -62.14107  -58.44352      0.868    1446.17     25.000     24.759    -0.5470    -0.5460     0.0010    -0.5477    -0.5467     0.0010   2.804829   2.804798  -0.000029    34.2843    34.2827     7.6873    27.5547    27.5535    34.2846    27.5550    1446.05    1446.06    -0.5477  1027.6790    34.4498 0.0000e+00
       3959 313.300092  -62.14108  -58.44352      0.936    1445.96     26.000     25.749    -0.5468    -0.5459     0.0009    -0.5476    -0.5466     0.0009   2.804832   2.804850   0.000025    34.2837    34.2830     7.6879    27.5543    27.5536    34.2838    27.5543    1446.07    1446.07    -0.5476  1027.6831    34.4491 0.0000e+00
       3982 313.300103  -62.14108  -58.44352      1.011    1445.96     27.000     26.739    -0.5471    -0.5463     0.0008    -0.5480    -0.5471     0.0008   2.804882   2.804860  -0.000030    34.2842    34.2829     7.6979    27.5547    27.5536    34.2842    27.5547    1446.09    1446.09    -0.5479  1027.6883    34.4495 0.0000e+00
       4006 313.300114  -62.14108  -58.44352      1.025    1445.96     28.000     27.729    -0.5468    -0.5459     0.0009    -0.5476    -0.5467     0.0009   2.804963   2.804939  -0.000018    34.2840    34.2828     7.7054    27.5546    27.5535    34.2843    27.5547    1446.10    1446.11    -0.5476  1027.6931    34.4496 0.0000e+00
       4034 313.300128  -62.14109  -58.44352      0.923    1445.96     29.000     28.720    -0.5453    -0.5447     0.0007    -0.5462    -0.5455     0.0007   2.805121   2.805102  -0.000019    34.2840    34.2829     7.7081    27.5544    27.5536    34.2842    27.5546    1446.13    1446.13    -0.5462  1027.6978    34.4495 0.0000e+00
       4065 313.300143  -62.14110  -58.44352      0.797    1445.96     30.000     29.710    -0.5448    -0.5439     0.0009    -0.5457    -0.5448     0.0009   2.805206   2.805205  -0.000003    34.2840    34.2830     7.7122    27.5544    27.5536    34.2841    27.5545    1446.15    1446.15    -0.5457  1027.7025    34.4495 0.0000e+00
       4092 313.300156  -62.14110  -58.44352      0.825    1445.96     31.000     30.700    -0.5461    -0.5451     0.0010    -0.5471    -0.5461     0.0010   2.805179   2.805145  -0.000032    34.2846    34.2831     7.7102    27.5550    27.5537    34.2846    27.5550    1446.16    1446.16    -0.5470  1027.7077    34.4500 0.0000e+00
       4117 313.300168  -62.14110  -58.44350      0.932    1445.96     32.000     31.690    -0.5465    -0.5456     0.0009    -0.5475    -0.5466     0.0009   2.805158   2.805158   0.000002    34.2841    34.2831     7.7192    27.5545    27.5537    34.2841    27.5546    1446.17    1446.17    -0.5474  1027.7121    34.4495 0.0000e+00
       4140 313.300179  -62.14110  -58.44350      1.019    1445.96     33.000     32.681    -0.5472    -0.5462     0.0010    -0.5482    -0.5472     0.0010   2.805113   2.805150   0.000044    34.2836    34.2830     7.7155    27.5542    27.5537    34.2837    27.5543    1446.18    1446.19    -0.5482  1027.7166    34.4491 0.0000e+00
       4164 313.300190  -62.14112  -58.44350      1.031    1445.96     34.000     33.671    -0.5479    -0.5476     0.0003    -0.5489    -0.5486     0.0003   2.805155   2.805081  -0.000076    34.2846    34.2832     7.7168    27.5550    27.5539    34.2844    27.5549    1446.20    1446.20    -0.5489  1027.7220    34.4498 0.0000e+00
       4190 313.300203  -62.14112  -58.44350      0.952    1445.96     35.000     34.662    -0.5486    -0.5476     0.0010    -0.5496    -0.5486     0.0010   2.805140   2.805131  -0.000011    34.2844    34.2831     7.7163    27.5549    27.5538    34.2844    27.5549    1446.21    1446.21    -0.5496  1027.7268    34.4498 0.0000e+00
       4218 313.300217  -62.14112  -58.44350      0.861    1445.96     36.000     35.652    -0.5478    -0.5468     0.0009    -0.5489    -0.5479     0.0009   2.805228   2.805240   0.000013    34.2840    34.2831     7.7189    27.5545    27.5538    34.2840    27.5546    1446.23    1446.23    -0.5489  1027.7313    34.4494 0.0000e+00
       4245 313.300230  -62.14112  -58.44350      0.866    1445.96     37.000     36.642    -0.5469    -0.5464     0.0006    -0.5481    -0.5475     0.0006   2.805358   2.805332  -0.000029    34.2841    34.2830     7.7205    27.5546    27.5537    34.2842    27.5547    1446.25    1446.25    -0.5480  1027.7362    34.4496 0.0000e+00
       4270 313.300242  -62.14113  -58.44350      0.942    1445.96     38.000     37.632    -0.5473    -0.5462     0.0011    -0.5485    -0.5474     0.0011   2.805392   2.805383  -0.000006    34.2844    34.2831     7.7144    27.5549    27.5538    34.2845    27.5549    1446.26    1446.27    -0.5484  1027.7412    34.4499 0.0000e+00
       4294 313.300253  -62.14114  -58.44350      0.996    1445.96     39.000     38.622    -0.5458    -0.5448     0.0010    -0.5469    -0.5459     0.0010   2.805559   2.805553  -0.000008    34.2842    34.2829     7.6929    27.5546    27.5536    34.2844    27.5548    1446.29    1446.29    -0.5469  1027.7458    34.4498 0.0000e+00
       4319 313.300265  -62.14114  -58.44349      0.985    1445.96     40.000     39.612    -0.5453    -0.5444     0.0010    -0.5465    -0.5456     0.0010   2.805652   2.805635  -0.000013    34.2844    34.2831     7.6749    27.5547    27.5537    34.2845    27.5549    1446.31    1446.31    -0.5465  1027.7507    34.4499 0.0000e+00
       4346 313.300278  -62.14114  -58.44348      0.908    1445.96     41.000     40.603    -0.5459    -0.5450     0.0009    -0.5471    -0.5463     0.0009   2.805625   2.805631  -0.000002    34.2842    34.2832     7.6702    27.5546    27.5538    34.2841    27.5546    1446.32    1446.32    -0.5471  1027.7552    34.4496 0.0000e+00
       4374 313.300292  -62.14116  -58.44348      0.850    1445.96     42.000     41.593    -0.5461    -0.5448     0.0013    -0.5473    -0.5461     0.0013   2.805654   2.805692   0.000040    34.2840    34.2830     7.6687    27.5545    27.5537    34.2842    27.5546    1446.33    1446.34    -0.5473  1027.7601    34.4496 0.0000e+00
       4401 313.300305  -62.14116  -58.44348      0.879    1445.96     43.000     42.583    -0.5449    -0.5439     0.0009    -0.5461    -0.5452     0.0009   2.805811   2.805809   0.000005    34.2840    34.2830     7.6645    27.5545    27.5536    34.2843    27.5546    1446.36    1446.36    -0.5462  1027.7649    34.4497 0.0000e+00
       4425 313.300316  -62.14116  -58.44348      0.955    1445.96     44.000     43.573    -0.5445    -0.5436     0.0008    -0.5458    -0.5450     0.0008   2.805903   2.805875  -0.000030    34.2843    34.2830     7.6586    27.5547    27.5536    34.2845    27.5548    1446.37    1446.38    -0.5458  1027.7698    34.4500 0.0000e+00
       4448 313.300327  -62.14116  -58.44348      1.019    1445.96     45.000     44.563    -0.5476    -0.5454     0.0021    -0.5489    -0.5468     0.0021   2.805697   2.805761   0.000054    34.2849    34.2833     7.6514    27.5553    27.5538    34.2846    27.5550    1446.38    1446.39    -0.5489  1027.7749    34.4501 0.0000e+00
       4472 313.300339  -62.14118  -58.44348      1.026    1445.96     46.000     45.553    -0.5490    -0.5478     0.0011    -0.5504    -0.5492     0.0011   2.805612   2.805611   0.000006    34.2845    34.2833     7.6512    27.5550    27.5540    34.2844    27.5549    1446.39    1446.39    -0.5504  1027.7796    34.4499 0.0000e+00
       4498 313.300352  -62.14118  -58.44348      0.947    1445.96     47.000     46.544    -0.5466    -0.5453     0.0013    -0.5480    -0.5467     0.0013   2.805845   2.805880   0.000029    34.2839    34.2829     7.6537    27.5545    27.5536    34.2841    27.5546    1446.41    1446.42    -0.5480  1027.7840    34.4497 0.0000e+00
       4528 313.300366  -62.14118  -58.44347      0.840    1445.96     48.000     47.534    -0.5481    -0.5470     0.0012    -0.5496    -0.5484     0.0012   2.805768   2.805776   0.000008    34.2845    34.2832     7.6478    27.5550    27.5539    34.2843    27.5548    1446.42    1446.43    -0.5495  1027.7890    34.4498 0.0000e+00
