Pos-Processados/process_op42/operantar42_001.ros
* Sea-Bird SBE 9 Data File:
* FileName = C:\Users\Hidrografia\Desktop\OPXLII\Brutos\OP42001.hdr
* Software Version Seasave V 7.26.7.107
* Temperature SN = 6502
* Conductivity SN = 4998
* Number of Bytes Per Scan = 37
* Number of Voltage Words = 4
* Number of Scans Averaged by the Deck Unit = 1
* NMEA Latitude = 37 22.97 S
* NMEA Longitude = 051 25.37 W
* NMEA UTC (Time) = Oct 16 2023 02:33:28
* NMEA baud rate = 4800
** H41
** NPOALTEMAXIMIANO
** NUMERO DA ESTACAO (XXX) 001
** LAT (XX XX.XX S/N) 37 21.653 S
** LONG (XXX XX.XX W/E) 51 23.878 W
** DATAHORA (dd/mm/aaaa hh:mm Z) 16/10/2023 0155
** PROFUNDIDADE (m) 4344
** OPERADOR CT FILIPE LOPES
# nquan = 24
# nvalues = 3667                                  
# units = specified
# name 0 = scan: Scan Count
# name 1 = timeJ: Julian Days
# name 2 = latitude: Latitude [deg]
# name 3 = longitude: Longitude [deg]
# name 4 = dz/dtM: Descent Rate [m/s]
# name 5 = avgsvCM: Average Sound Velocity [Chen-Millero, m/s]
# name 6 = prDM: Pressure, Digiquartz [db]
# name 7 = depSM: Depth [salt water, m]
# name 8 = t090C: Temperature [ITS-90, deg C]
# name 9 = t190C: Temperature, 2 [ITS-90, deg C]
# name 10 = T2-T190C: Temperature Difference, 2 - 1 [ITS-90, deg C]
# name 11 = potemp090C: Potential Temperature [ITS-90, deg C]
# name 12 = potemp190C: Potential Temperature, 2 [ITS-90, deg C]
# name 13 = potemp90Cdiff: Potential Temperature, Diff, 2 - 1 [ITS-90, deg C]
# name 14 = c0S/m: Conductivity [S/m]
# name 15 = c1S/m: Conductivity, 2 [S/m]
# name 16 = C2-C1S/m: Conductivity Difference, 2 - 1 [S/m]
# name 17 = sal00: Salinity, Practical [PSU]
# name 18 = sal11: Salinity, Practical, 2 [PSU]
# name 19 = sbeox0ML/L: Oxygen, SBE 43 [ml/l]
# name 20 = sigma-é00: Density [sigma-theta, kg/m^3]
# name 21 = sigma-é11: Density, 2 [sigma-theta, kg/m^3]
# name 22 = nbf: Bottles Fired
# name 23 = flag:  0.000e+00
# interval = seconds: 0.0416667
# start_time = Oct 16 2023 02:33:28 [NMEA time, header]
# bad_flag = -9.990e-29
*END*
[from data line 1329]
      74084 289.142301  -37.40008  -51.44786      0.151    1502.20     30.394     30.166    18.7027    18.6994    -0.0033    18.6973    18.6940    -0.0033   4.814942   4.814732  -0.000210    36.2927    36.2938     5.0727    26.0871    26.0888          9  0.000e+00
      74085 289.142301  -37.40008  -51.44786      0.153    1502.20     30.346     30.118    18.7023    18.6994    -0.0029    18.6969    18.6940    -0.0029   4.814864   4.814746  -0.000118    36.2924    36.2939     5.0725    26.0870    26.0889          9  0.000e+00
      74086 289.142302  -37.40008  -51.44786      0.153    1502.20     30.330     30.102    18.7016    18.6994    -0.0023    18.6963    18.6940    -0.0023   4.814765   4.814732  -0.000033    36.2921    36.2938     5.0688    26.0869    26.0888          9  0.000e+00
      74087 289.142302  -37.40008  -51.44786      0.160    1502.20     30.450     30.222    18.7001    18.6999    -0.0001    18.6947    18.6945    -0.0001   4.814546   4.814809   0.000262    36.2916    36.2940     5.0687    26.0869    26.0888          9  0.000e+00
      74088 289.142303  -37.40008  -51.44786      0.159    1502.20     30.346     30.118    18.6982    18.7002     0.0020    18.6929    18.6948     0.0020   4.814447   4.814836   0.000389    36.2924    36.2940     5.0684    26.0880    26.0887          9  0.000e+00
      74089 289.142303  -37.40008  -51.44786      0.164    1502.20     30.450     30.222    18.6975    18.7002     0.0028    18.6921    18.6948     0.0028   4.814398   4.814843   0.000445    36.2926    36.2940     5.0682    26.0884    26.0887          9  0.000e+00
      74090 289.142304  -37.40008  -51.44786      0.166    1502.20     30.402     30.174    18.6967    18.6996     0.0028    18.6914    18.6942     0.0028   4.814334   4.814774   0.000439    36.2928    36.2940     5.0677    26.0887    26.0889          9  0.000e+00
      74091 289.142304  -37.40008  -51.44786      0.166    1502.20     30.394     30.166    18.6965    18.6990     0.0026    18.6911    18.6937     0.0026   4.814320   4.814628   0.000307    36.2929    36.2932     5.0671    26.0888    26.0884          9  0.000e+00
      74092 289.142305  -37.40008  -51.44786      0.169    1502.20     30.450     30.222    18.6961    18.6982     0.0021    18.6907    18.6928     0.0021   4.814257   4.814481   0.000225    36.2927    36.2927     5.0669    26.0888    26.0883          9  0.000e+00
      74093 289.142305  -37.40008  -51.44786      0.168    1502.20     30.402     30.174    18.6961    18.6973     0.0013    18.6907    18.6919     0.0013   4.814250   4.814433   0.000183    36.2926    36.2931     5.0702    26.0887    26.0888          9  0.000e+00
      74094 289.142306  -37.40008  -51.44786      0.169    1502.20     30.450     30.222    18.6958    18.6971     0.0013    18.6904    18.6918     0.0013   4.814179   4.814412   0.000233    36.2923    36.2930     5.0667    26.0885    26.0888          9  0.000e+00
      74095 289.142306  -37.40008  -51.44786      0.170    1502.20     30.450     30.222    18.6957    18.6963     0.0005    18.6903    18.6909     0.0005   4.814158   4.814363   0.000205    36.2922    36.2934     5.0665    26.0885    26.0893          9  0.000e+00
      74096 289.142307  -37.40008  -51.44786      0.170    1502.20     30.402     30.174    18.6955    18.6963     0.0008    18.6902    18.6909     0.0008   4.814158   4.814314   0.000156    36.2923    36.2930     5.0662    26.0886    26.0889          9  0.000e+00
      74097 289.142307  -37.40008  -51.44786      0.169    1502.20     30.450     30.222    18.6953    18.6961     0.0008    18.6899    18.6907     0.0008   4.814052   4.814259   0.000206    36.2917    36.2927     5.0697    26.0882    26.0888          9  0.000e+00
      74098 289.142308  -37.40008  -51.44786      0.168    1502.20     30.467     30.238    18.6950    18.6957     0.0007    18.6896    18.6903     0.0007   4.813996   4.814259   0.000263    36.2914    36.2930     5.0696    26.0880    26.0891          9  0.000e+00
      74099 289.142308  -37.40008  -51.44786      0.166    1502.20     30.394     30.166    18.6950    18.6952     0.0002    18.6897    18.6898     0.0002   4.814017   4.814175   0.000158    36.2916    36.2928     5.0696    26.0882    26.0891          9  0.000e+00
      74100 289.142309  -37.40008  -51.44786      0.169    1502.20     30.515     30.286    18.6944    18.6949     0.0005    18.6890    18.6895     0.0005   4.813968   4.814126   0.000159    36.2917    36.2926     5.0734    26.0884    26.0890          9  0.000e+00
      74101 289.142309  -37.40008  -51.44786      0.166    1502.20     30.467     30.238    18.6936    18.6949     0.0013    18.6882    18.6895     0.0013   4.813784   4.814140   0.000356    36.2908    36.2927     5.0702    26.0880    26.0891          9  0.000e+00
      74102 289.142310  -37.40008  -51.44786      0.165    1502.20     30.451     30.222    18.6929    18.6949     0.0020    18.6876    18.6895     0.0020   4.813713   4.814154   0.000441    36.2908    36.2928     5.0704    26.0881    26.0892          9  0.000e+00
      74103 289.142310  -37.40008  -51.44786      0.166    1502.20     30.515     30.286    18.6926    18.6944     0.0017    18.6872    18.6890     0.0017   4.813678   4.814147   0.000469    36.2908    36.2932     5.0705    26.0882    26.0896          9  0.000e+00
      74104 289.142310  -37.40008  -51.44786      0.164    1502.20     30.467     30.238    18.6927    18.6944     0.0016    18.6873    18.6890     0.0016   4.813685   4.814057   0.000372    36.2908    36.2925     5.0706    26.0882    26.0890          9  0.000e+00
      74105 289.142311  -37.40008  -51.44786      0.160    1502.20     30.451     30.222    18.6929    18.6942     0.0013    18.6876    18.6888     0.0013   4.813671   4.814036   0.000365    36.2905    36.2924     5.0743    26.0879    26.0890          9  0.000e+00
      74106 289.142311  -37.40008  -51.44786      0.156    1502.20     30.467     30.238    18.6925    18.6938     0.0014    18.6871    18.6884     0.0014   4.813636   4.814001   0.000365    36.2906    36.2925     5.0748    26.0881    26.0892          9  0.000e+00
      74107 289.142312  -37.40008  -51.44786      0.155    1502.20     30.451     30.222    18.6919    18.6938     0.0020    18.6865    18.6885     0.0020   4.813685   4.813987   0.000302    36.2915    36.2924     5.0752    26.0890    26.0891          9  0.000e+00
      74108 289.142312  -37.40008  -51.44788      0.152    1502.20     30.515     30.286    18.6922    18.6937     0.0014    18.6868    18.6883     0.0014   4.813636   4.813994   0.000358    36.2908    36.2925     5.0792    26.0883    26.0893          9  0.000e+00
      74109 289.142313  -37.40008  -51.44788      0.150    1502.20     30.467     30.238    18.6919    18.6938     0.0019    18.6865    18.6884     0.0019   4.813530   4.814022   0.000492    36.2902    36.2926     5.0763    26.0879    26.0893          9  0.000e+00
      74110 289.142313  -37.40008  -51.44788      0.147    1502.20     30.515     30.286    18.6919    18.6937     0.0018    18.6865    18.6883     0.0018   4.813565   4.813994   0.000429    36.2905    36.2925     5.0803    26.0882    26.0893          9  0.000e+00
      74111 289.142314  -37.40008  -51.44788      0.142    1502.20     30.451     30.222    18.6919    18.6937     0.0018    18.6865    18.6883     0.0018   4.813551   4.813966   0.000415    36.2904    36.2923     5.0809    26.0881    26.0891          9  0.000e+00
      74112 289.142314  -37.40008  -51.44788      0.135    1502.20     30.467     30.238    18.6918    18.6933     0.0016    18.6864    18.6879     0.0016   4.813530   4.813918   0.000388    36.2903    36.2922     5.0815    26.0881    26.0891          9  0.000e+00
      74113 289.142315  -37.40008  -51.44788      0.136    1502.20     30.515     30.286    18.6919    18.6931     0.0013    18.6865    18.6877     0.0013   4.813509   4.813883   0.000374    36.2900    36.2921     5.0821    26.0878    26.0891          9  0.000e+00
      74114 289.142315  -37.40008  -51.44788      0.130    1502.20     30.451     30.222    18.6915    18.6931     0.0016    18.6861    18.6877     0.0016   4.813629   4.813862   0.000233    36.2914    36.2919     5.0863    26.0889    26.0889          9  0.000e+00
      74115 289.142316  -37.40008  -51.44788      0.127    1502.20     30.523     30.294    18.6916    18.6927     0.0011    18.6862    18.6873     0.0011   4.813636   4.813827   0.000191    36.2913    36.2920     5.0872    26.0889    26.0891          9  0.000e+00
      74116 289.142316  -37.40008  -51.44788      0.123    1502.20     30.451     30.222    18.6921    18.6930     0.0009    18.6867    18.6876     0.0009   4.813551   4.813834   0.000283    36.2902    36.2918     5.0879    26.0879    26.0889          9  0.000e+00
      74117 289.142317  -37.40008  -51.44788      0.116    1502.20     30.467     30.238    18.6917    18.6930     0.0013    18.6863    18.6876     0.0013   4.813537   4.813855   0.000318    36.2904    36.2920     5.0851    26.0881    26.0890          9  0.000e+00
      74118 289.142317  -37.40008  -51.44788      0.115    1502.20     30.515     30.286    18.6919    18.6931     0.0012    18.6865    18.6877     0.0012   4.813692   4.813890   0.000198    36.2915    36.2921     5.0892    26.0889    26.0891          9  0.000e+00
      74119 289.142318  -37.40008  -51.44788      0.109    1502.20     30.451     30.222    18.6922    18.6931     0.0009    18.6868    18.6877     0.0009   4.813685   4.813855   0.000170    36.2912    36.2919     5.0899    26.0886    26.0889          9  0.000e+00
      74120 289.142318  -37.40008  -51.44788      0.107    1502.20     30.523     30.294    18.6919    18.6928     0.0009    18.6865    18.6874     0.0009   4.813685   4.813820   0.000135    36.2915    36.2918     5.0907    26.0889    26.0890          9  0.000e+00
      74121 289.142319  -37.40008  -51.44788      0.097    1502.20     30.451     30.222    18.6919    18.6926     0.0007    18.6865    18.6872     0.0007   4.813671   4.813848   0.000177    36.2914    36.2923     5.0914    26.0888    26.0893          9  0.000e+00
      74122 289.142319  -37.40008  -51.44788      0.092    1502.20     30.451     30.222    18.6922    18.6926     0.0004    18.6868    18.6872     0.0004   4.813671   4.813813   0.000142    36.2911    36.2920     5.0921    26.0885    26.0891          9  0.000e+00
      74123 289.142320  -37.40008  -51.44788      0.090    1502.20     30.523     30.294    18.6924    18.6921    -0.0003    18.6870    18.6867    -0.0003   4.813791   4.813785  -0.000006    36.2919    36.2921     5.0928    26.0891    26.0894          9  0.000e+00
      74124 289.142320  -37.40008  -51.44788      0.081    1502.20     30.451     30.222    18.6923    18.6925     0.0002    18.6869    18.6871     0.0002   4.813692   4.813785   0.000093    36.2912    36.2918     5.0934    26.0886    26.0890          9  0.000e+00
      74125 289.142321  -37.40008  -51.44788      0.077    1502.20     30.467     30.238    18.6931    18.6934     0.0003    18.6877    18.6880     0.0003   4.813812   4.813911   0.000098    36.2915    36.2921     5.0939    26.0886    26.0890          9  0.000e+00
      74126 289.142321  -37.40008  -51.44788      0.076    1502.20     30.515     30.286    18.6940    18.6949     0.0009    18.6886    18.6895     0.0009   4.813989   4.814064   0.000075    36.2922    36.2921     5.0945    26.0890    26.0886          9  0.000e+00
      74127 289.142322  -37.40008  -51.44788      0.066    1502.20     30.394     30.166    18.6942    18.6959     0.0017    18.6888    18.6905     0.0017   4.814059   4.814210   0.000151    36.2927    36.2924     5.0947    26.0892    26.0886          9  0.000e+00
      74128 289.142322  -37.40008  -51.44788      0.064    1502.20     30.523     30.294    18.6952    18.6966     0.0014    18.6898    18.6912     0.0014   4.814179   4.814349   0.000170    36.2928    36.2930     5.0949    26.0891    26.0888          9  0.000e+00
      74129 289.142323  -37.40008  -51.44788      0.058    1502.20     30.451     30.222    18.6954    18.6975     0.0021    18.6900    18.6921     0.0021   4.814172   4.814454   0.000281    36.2926    36.2931     5.0987    26.0889    26.0888          9  0.000e+00
      74130 289.142323  -37.40008  -51.44788      0.051    1502.20     30.451     30.222    18.6951    18.6983     0.0033    18.6897    18.6929     0.0033   4.814158   4.814516   0.000358    36.2927    36.2929     5.0992    26.0891    26.0884          9  0.000e+00
      74131 289.142323  -37.40008  -51.44788      0.045    1502.20     30.467     30.238    18.6952    18.6985     0.0033    18.6898    18.6931     0.0033   4.814172   4.814572   0.000400    36.2927    36.2932     5.0996    26.0890    26.0885          9  0.000e+00
      74132 289.142324  -37.40008  -51.44788      0.042    1502.20     30.451     30.222    18.6957    18.6985     0.0028    18.6903    18.6931     0.0028   4.814222   4.814593   0.000371    36.2927    36.2934     5.1000    26.0889    26.0887          9  0.000e+00
      74133 289.142324  -37.40008  -51.44788      0.039    1502.20     30.467     30.238    18.6965    18.6990     0.0026    18.6911    18.6936     0.0026   4.814384   4.814572   0.000188    36.2934    36.2927     5.0966    26.0892    26.0881          9  0.000e+00
      74134 289.142325  -37.40008  -51.44788      0.028    1502.20     30.395     30.166    18.6976    18.6996     0.0019    18.6923    18.6942     0.0019   4.814560   4.814614   0.000053    36.2939    36.2926     5.0965    26.0893    26.0879          9  0.000e+00
      74135 289.142325  -37.40008  -51.44788      0.020    1502.20     30.451     30.222    18.6985    18.6997     0.0013    18.6931    18.6943     0.0013   4.814553   4.814697   0.000144    36.2931    36.2932     5.0962    26.0884    26.0882          9  0.000e+00
      74136 289.142326  -37.40008  -51.44788      0.020    1502.20     30.467     30.238    18.6987    18.7001     0.0013    18.6933    18.6947     0.0013   4.814582   4.814683   0.000102    36.2931    36.2928     5.0995    26.0884    26.0878          9  0.000e+00
      74137 289.142326  -37.40008  -51.44788      0.013    1502.20     30.451     30.222    18.6990    18.7001     0.0010    18.6936    18.6947     0.0010   4.814567   4.814697   0.000130    36.2927    36.2929     5.0994    26.0881    26.0879          9  0.000e+00
      74138 289.142327  -37.40008  -51.44788      0.008    1502.20     30.395     30.167    18.6990    18.7009     0.0019    18.6936    18.6955     0.0019   4.814518   4.814843   0.000325    36.2923    36.2934     5.0956    26.0878    26.0881          9  0.000e+00
      74139 289.142327  -37.40008  -51.44788      0.005    1502.20     30.467     30.238    18.6987    18.7013     0.0025    18.6933    18.6959     0.0025   4.814391   4.814934   0.000543    36.2915    36.2938     5.0952    26.0872    26.0883          9  0.000e+00
      74140 289.142328  -37.40008  -51.44788     -0.003    1502.20     30.395     30.167    18.6990    18.7009     0.0019    18.6936    18.6955     0.0019   4.814476   4.814871   0.000396    36.2920    36.2936     5.0946    26.0875    26.0883          9  0.000e+00
      74141 289.142328  -37.40008  -51.44788     -0.005    1502.20     30.451     30.222    18.6994    18.7011     0.0017    18.6940    18.6957     0.0017   4.814582   4.814871   0.000290    36.2925    36.2934     5.0941    26.0878    26.0881         10  0.000e+00
      74142 289.142329  -37.40008  -51.44788     -0.012    1502.20     30.403     30.175    18.6997    18.7015     0.0017    18.6943    18.6961     0.0017   4.814645   4.814878   0.000233    36.2928    36.2932     5.0937    26.0879    26.0878         10  0.000e+00
