Pos-Processados/process_op42/operantar42_052.ros
* Sea-Bird SBE 9 Data File:
* FileName = C:\Users\Hidrografia\Desktop\OPXLII\Brutos\OP42052.hdr
* Software Version Seasave V 7.26.7.107
* Temperature SN = 6502
* Conductivity SN = 4998
* Number of Bytes Per Scan = 37
* Number of Voltage Words = 4
* Number of Scans Averaged by the Deck Unit = 1
* NMEA Latitude = 62 08.45 S
* NMEA Longitude = 058 26.37 W
* NMEA UTC (Time) = Nov 10 2023 03:08:21
* NMEA baud rate = 4800
** H41
** NPOALTEMAXIMIANO
** NUMERO DA ESTACAO (XXX) 052
** LAT (XX XX.XX S/N) 62 08.443 S
** LONG (XXX XX.XX W/E) 058 26.408 W
** DATAHORA (dd/mm/aaaa hh:mm Z) 10/11/2023 0307Z
** PROFUNDIDADE (m) 424
** OPERADOR CT FABIREZA
# nquan = 24
# nvalues = 3908                                  
# units = specified
# name 0 = scan: Scan Count
# name 1 = timeJ: Julian Days
# name 2 = latitude: Latitude [deg]
# name 3 = longitude: Longitude [deg]
# name 4 = dz/dtM: Descent Rate [m/s]
# name 5 = avgsvCM: Average Sound Velocity [Chen-Millero, m/s]
# name 6 = prDM: Pressure, Digiquartz [db]
# name 7 = depSM: Depth [salt water, m]
# name 8 = t090C: Temperature [ITS-90, deg C]
# name 9 = t190C: Temperature, 2 [ITS-90, deg C]
# name 10 = T2-T190C: Temperature Difference, 2 - 1 [ITS-90, deg C]
# name 11 = potemp090C: Potential Temperature [ITS-90, deg C]
# name 12 = potemp190C: Potential Temperature, 2 [ITS-90, deg C]
# name 13 = potemp90Cdiff: Potential Temperature, Diff, 2 - 1 [ITS-90, deg C]
# name 14 = c0S/m: Conductivity [S/m]
# name 15 = c1S/m: Conductivity, 2 [S/m]
# name 16 = C2-C1S/m: Conductivity Difference, 2 - 1 [S/m]
# name 17 = sal00: Salinity, Practical [PSU]
# name 18 = sal11: Salinity, Practical, 2 [PSU]
# name 19 = sbeox0ML/L: Oxygen, SBE 43 [ml/l]
# name 20 = sigma-é00: Density [sigma-theta, kg/m^3]
# name 21 = sigma-é11: Density, 2 [sigma-theta, kg/m^3]
# name 22 = nbf: Bottles Fired
# name 23 = flag:  0.000e+00
# interval = seconds: 0.0416667
# start_time = Nov 10 2023 03:08:21 [NMEA time, header]
# bad_flag = -9.990e-29
*END*
[from data line 3321]
      30158 314.145342  -62.14590  -58.42666      0.088    1448.28     57.488     56.929    -0.5795    -0.5787     0.0007    -0.5812    -0.5804     0.0007   2.803094   2.803055  -0.000038    34.2778    34.2765     7.6390    27.5510    27.5499         21  0.000e+00
      30159 314.145342  -62.14590  -58.42666      0.089    1448.28     57.553     56.993    -0.5795    -0.5786     0.0008    -0.5812    -0.5804     0.0008   2.803105   2.803061  -0.000044    34.2779    34.2764     7.6383    27.5511    27.5498         21  0.000e+00
      30160 314.145343  -62.14590  -58.42666      0.089    1448.28     57.553     56.993    -0.5795    -0.5785     0.0010    -0.5812    -0.5802     0.0010   2.803082   2.803061  -0.000021    34.2776    34.2762     7.6386    27.5508    27.5497         21  0.000e+00
      30161 314.145343  -62.14590  -58.42666      0.089    1448.28     57.553     56.993    -0.5795    -0.5786     0.0008    -0.5812    -0.5804     0.0008   2.803037   2.803061   0.000024    34.2770    34.2764     7.6389    27.5503    27.5498         21  0.000e+00
      30162 314.145344  -62.14590  -58.42666      0.084    1448.28     57.488     56.929    -0.5795    -0.5786     0.0008    -0.5812    -0.5804     0.0008   2.803099   2.803061  -0.000038    34.2779    34.2765     7.6380    27.5510    27.5499         21  0.000e+00
      30163 314.145344  -62.14590  -58.42666      0.086    1448.28     57.609     57.048    -0.5793    -0.5785     0.0008    -0.5810    -0.5802     0.0008   2.803065   2.803044  -0.000021    34.2772    34.2760     7.6384    27.5505    27.5494         21  0.000e+00
      30164 314.145345  -62.14590  -58.42664      0.085    1448.28     57.488     56.929    -0.5796    -0.5786     0.0010    -0.5813    -0.5804     0.0010   2.803048   2.803055   0.000007    34.2774    34.2764     7.6376    27.5507    27.5498         21  0.000e+00
      30165 314.145345  -62.14590  -58.42664      0.083    1448.28     57.553     56.993    -0.5796    -0.5786     0.0010    -0.5814    -0.5804     0.0010   2.802968   2.803061   0.000093    34.2763    34.2764     7.6379    27.5497    27.5498         21  0.000e+00
      30166 314.145346  -62.14590  -58.42664      0.081    1448.28     57.553     56.993    -0.5795    -0.5786     0.0008    -0.5812    -0.5804     0.0008   2.803002   2.803044   0.000042    34.2766    34.2762     7.6381    27.5500    27.5496         21  0.000e+00
      30167 314.145346  -62.14590  -58.42664      0.082    1448.28     57.553     56.993    -0.5796    -0.5787     0.0009    -0.5814    -0.5804     0.0009   2.803002   2.803033   0.000031    34.2768    34.2761     7.6383    27.5501    27.5496         21  0.000e+00
      30168 314.145347  -62.14590  -58.42664      0.075    1448.28     57.488     56.929    -0.5795    -0.5786     0.0008    -0.5812    -0.5804     0.0008   2.803031   2.803067   0.000036    34.2770    34.2765     7.6373    27.5503    27.5499         21  0.000e+00
      30169 314.145347  -62.14590  -58.42664      0.076    1448.28     57.553     56.993    -0.5793    -0.5785     0.0009    -0.5811    -0.5802     0.0009   2.803008   2.803067   0.000059    34.2765    34.2763     7.6376    27.5499    27.5497         21  0.000e+00
      30170 314.145348  -62.14590  -58.42664      0.072    1448.28     57.553     56.993    -0.5796    -0.5785     0.0012    -0.5814    -0.5802     0.0012   2.802980   2.803039   0.000059    34.2764    34.2759     7.6378    27.5499    27.5494         21  0.000e+00
      30171 314.145348  -62.14590  -58.42664      0.072    1448.28     57.553     56.993    -0.5797    -0.5786     0.0011    -0.5815    -0.5804     0.0011   2.802991   2.803050   0.000059    34.2767    34.2763     7.6380    27.5501    27.5497         21  0.000e+00
      30172 314.145349  -62.14590  -58.42664      0.067    1448.28     57.553     56.993    -0.5796    -0.5785     0.0012    -0.5814    -0.5802     0.0012   2.802991   2.803044   0.000053    34.2766    34.2760     7.6381    27.5500    27.5495         21  0.000e+00
      30173 314.145349  -62.14590  -58.42664      0.067    1448.28     57.553     56.993    -0.5796    -0.5785     0.0012    -0.5814    -0.5802     0.0012   2.803014   2.803055   0.000042    34.2769    34.2762     7.6383    27.5502    27.5496         21  0.000e+00
      30174 314.145350  -62.14590  -58.42664      0.065    1448.28     57.553     56.993    -0.5795    -0.5782     0.0013    -0.5812    -0.5799     0.0013   2.803025   2.803078   0.000053    34.2769    34.2761     7.6384    27.5502    27.5496         21  0.000e+00
      30175 314.145350  -62.14590  -58.42664      0.064    1448.28     57.553     56.993    -0.5795    -0.5783     0.0012    -0.5812    -0.5800     0.0012   2.803002   2.803027   0.000025    34.2766    34.2756     7.6386    27.5500    27.5491         21  0.000e+00
      30176 314.145351  -62.14590  -58.42664      0.058    1448.28     57.553     56.993    -0.5795    -0.5788     0.0007    -0.5812    -0.5805     0.0007   2.802980   2.803044   0.000065    34.2762    34.2763     7.6388    27.5497    27.5498         21  0.000e+00
      30177 314.145351  -62.14590  -58.42664      0.056    1448.28     57.488     56.929    -0.5796    -0.5784     0.0012    -0.5813    -0.5801     0.0012   2.803048   2.803039  -0.000010    34.2774    34.2759     7.6389    27.5507    27.5494         21  0.000e+00
      30178 314.145352  -62.14590  -58.42664      0.053    1448.28     57.553     56.993    -0.5795    -0.5786     0.0008    -0.5812    -0.5804     0.0008   2.803077   2.803033  -0.000044    34.2776    34.2761     7.6391    27.5508    27.5495         21  0.000e+00
      30179 314.145352  -62.14590  -58.42664      0.051    1448.28     57.553     56.993    -0.5793    -0.5785     0.0009    -0.5811    -0.5802     0.0009   2.803054   2.803055   0.000002    34.2771    34.2762     7.6393    27.5504    27.5496         21  0.000e+00
      30180 314.145353  -62.14590  -58.42664      0.048    1448.28     57.553     56.993    -0.5795    -0.5783     0.0012    -0.5812    -0.5800     0.0012   2.803088   2.803039  -0.000049    34.2777    34.2757     7.6394    27.5509    27.5492         21  0.000e+00
      30181 314.145353  -62.14590  -58.42664      0.045    1448.28     57.488     56.929    -0.5791    -0.5785     0.0006    -0.5808    -0.5802     0.0006   2.803082   2.803072  -0.000010    34.2773    34.2764     7.6384    27.5505    27.5498         21  0.000e+00
      30182 314.145353  -62.14590  -58.42664      0.041    1448.28     57.553     56.993    -0.5793    -0.5786     0.0007    -0.5811    -0.5804     0.0007   2.803111   2.803067  -0.000044    34.2779    34.2765     7.6451    27.5510    27.5499         21  0.000e+00
      30183 314.145354  -62.14590  -58.42664      0.038    1448.28     57.553     56.993    -0.5795    -0.5783     0.0012    -0.5812    -0.5800     0.0012   2.803128   2.803039  -0.000089    34.2782    34.2757     7.6397    27.5513    27.5492         21  0.000e+00
      30184 314.145354  -62.14590  -58.42664      0.034    1448.28     57.488     56.929    -0.5795    -0.5786     0.0008    -0.5812    -0.5804     0.0008   2.803145   2.803050  -0.000095    34.2785    34.2763     7.6397    27.5515    27.5497         21  0.000e+00
      30185 314.145355  -62.14590  -58.42664      0.034    1448.28     57.609     57.048    -0.5796    -0.5785     0.0012    -0.5814    -0.5802     0.0012   2.803134   2.803061  -0.000073    34.2785    34.2762     7.6400    27.5515    27.5496         21  0.000e+00
      30186 314.145355  -62.14590  -58.42664      0.029    1448.28     57.488     56.929    -0.5796    -0.5785     0.0011    -0.5813    -0.5803     0.0011   2.803111   2.803061  -0.000050    34.2783    34.2763     7.6400    27.5513    27.5497         21  0.000e+00
      30187 314.145356  -62.14590  -58.42664      0.028    1448.28     57.553     56.993    -0.5793    -0.5785     0.0008    -0.5810    -0.5802     0.0008   2.803122   2.803061  -0.000061    34.2780    34.2762     7.6401    27.5511    27.5497         21  0.000e+00
      30188 314.145356  -62.14590  -58.42664      0.024    1448.28     57.488     56.929    -0.5793    -0.5785     0.0008    -0.5810    -0.5802     0.0008   2.803145   2.803039  -0.000107    34.2783    34.2760     7.6401    27.5514    27.5494         21  0.000e+00
      30189 314.145357  -62.14590  -58.42664      0.018    1448.28     57.521     56.961    -0.5795    -0.5783     0.0012    -0.5812    -0.5800     0.0012   2.803157   2.803050  -0.000107    34.2787    34.2759     7.6402    27.5517    27.5494         21  0.000e+00
      30190 314.145357  -62.14590  -58.42664      0.013    1448.28     57.488     56.929    -0.5793    -0.5788     0.0005    -0.5810    -0.5805     0.0005   2.803071   2.803061  -0.000010    34.2773    34.2766     7.6392    27.5506    27.5500         21  0.000e+00
      30191 314.145358  -62.14590  -58.42664      0.008    1448.28     57.488     56.929    -0.5796    -0.5782     0.0015    -0.5813    -0.5799     0.0015   2.803128   2.803061  -0.000067    34.2785    34.2759     7.6393    27.5515    27.5494         21  0.000e+00
      30192 314.145358  -62.14590  -58.42664      0.007    1448.28     57.553     56.993    -0.5795    -0.5785     0.0010    -0.5812    -0.5802     0.0010   2.803157   2.803061  -0.000095    34.2786    34.2762     7.6393    27.5516    27.5497         21  0.000e+00
      30193 314.145359  -62.14590  -58.42664      0.002    1448.28     57.488     56.929    -0.5795    -0.5783     0.0012    -0.5812    -0.5800     0.0012   2.803094   2.803061  -0.000033    34.2778    34.2761     7.6383    27.5510    27.5495         21  0.000e+00
      30194 314.145359  -62.14590  -58.42664     -0.001    1448.28     57.488     56.929    -0.5796    -0.5785     0.0012    -0.5813    -0.5802     0.0012   2.803094   2.803039  -0.000055    34.2780    34.2760     7.6383    27.5512    27.5494         21  0.000e+00
      30195 314.145360  -62.14590  -58.42664     -0.002    1448.28     57.553     56.993    -0.5795    -0.5782     0.0012    -0.5812    -0.5800     0.0012   2.803105   2.803050  -0.000055    34.2779    34.2758     7.6383    27.5511    27.5493         21  0.000e+00
      30196 314.145360  -62.14590  -58.42664     -0.007    1448.28     57.488     56.929    -0.5796    -0.5785     0.0012    -0.5813    -0.5802     0.0012   2.803059   2.803061   0.000002    34.2776    34.2763     7.6372    27.5508    27.5497         21  0.000e+00
      30197 314.145361  -62.14590  -58.42664     -0.005    1448.28     57.553     56.993    -0.5796    -0.5783     0.0013    -0.5814    -0.5800     0.0013   2.803065   2.803039  -0.000027    34.2776    34.2757     7.6437    27.5508    27.5492         21  0.000e+00
      30198 314.145361  -62.14590  -58.42664     -0.010    1448.28     57.488     56.929    -0.5796    -0.5783     0.0013    -0.5813    -0.5800     0.0013   2.803054   2.803050  -0.000004    34.2775    34.2759     7.6382    27.5507    27.5494         21  0.000e+00
      30199 314.145362  -62.14590  -58.42664     -0.015    1448.28     57.488     56.929    -0.5798    -0.5783     0.0015    -0.5815    -0.5800     0.0015   2.803128   2.803044  -0.000084    34.2787    34.2758     7.6391    27.5517    27.5493         21  0.000e+00
      30200 314.145362  -62.14590  -58.42664     -0.012    1448.28     57.553     56.993    -0.5793    -0.5786     0.0006    -0.5810    -0.5804     0.0006   2.803071   2.803055  -0.000015    34.2773    34.2764     7.6456    27.5505    27.5498         21  0.000e+00
      30201 314.145363  -62.14590  -58.42664     -0.021    1448.28     57.432     56.873    -0.5795    -0.5785     0.0010    -0.5812    -0.5802     0.0010   2.803088   2.803039  -0.000049    34.2778    34.2760     7.6464    27.5510    27.5495         21  0.000e+00
      30202 314.145363  -62.14590  -58.42664     -0.018    1448.28     57.553     56.993    -0.5796    -0.5783     0.0013    -0.5814    -0.5800     0.0013   2.803082   2.803033  -0.000049    34.2778    34.2757     7.6410    27.5510    27.5492         21  0.000e+00
      30203 314.145364  -62.14590  -58.42664     -0.022    1448.28     57.432     56.873    -0.5799    -0.5785     0.0014    -0.5816    -0.5802     0.0014   2.803054   2.803055   0.000002    34.2778    34.2762     7.6408    27.5510    27.5497         21  0.000e+00
      30204 314.145364  -62.14590  -58.42664     -0.023    1448.28     57.553     56.993    -0.5796    -0.5785     0.0011    -0.5814    -0.5803     0.0011   2.803008   2.803061   0.000053    34.2768    34.2763     7.6397    27.5502    27.5497         21  0.000e+00
      30205 314.145365  -62.14590  -58.42664     -0.024    1448.28     57.488     56.929    -0.5795    -0.5783     0.0012    -0.5812    -0.5800     0.0012   2.803014   2.803044   0.000030    34.2768    34.2758     7.6395    27.5501    27.5493         21  0.000e+00
      30206 314.145365  -62.14590  -58.42664     -0.025    1448.28     57.488     56.929    -0.5796    -0.5785     0.0012    -0.5813    -0.5802     0.0012   2.802985   2.803033   0.000048    34.2766    34.2759     7.6393    27.5500    27.5494         21  0.000e+00
      30207 314.145366  -62.14590  -58.42664     -0.029    1448.28     57.488     56.929    -0.5796    -0.5786     0.0010    -0.5813    -0.5804     0.0010   2.803008   2.803050   0.000042    34.2769    34.2763     7.6391    27.5502    27.5497         21  0.000e+00
      30208 314.145366  -62.14590  -58.42664     -0.030    1448.28     57.488     56.929    -0.5795    -0.5786     0.0008    -0.5812    -0.5804     0.0008   2.803002   2.803044   0.000042    34.2766    34.2762     7.6389    27.5500    27.5497         21  0.000e+00
      30209 314.145367  -62.14590  -58.42664     -0.030    1448.28     57.488     56.929    -0.5795    -0.5786     0.0008    -0.5812    -0.5804     0.0008   2.803014   2.803033   0.000019    34.2768    34.2761     7.6388    27.5501    27.5495         21  0.000e+00
      30210 314.145367  -62.14590  -58.42664     -0.030    1448.28     57.488     56.929    -0.5796    -0.5785     0.0012    -0.5813    -0.5802     0.0012   2.803002   2.803033   0.000030    34.2768    34.2759     7.6451    27.5502    27.5494         21  0.000e+00
      30211 314.145367  -62.14590  -58.42664     -0.034    1448.28     57.488     56.929    -0.5796    -0.5785     0.0012    -0.5813    -0.5802     0.0012   2.803077   2.803033  -0.000044    34.2778    34.2759     7.6394    27.5510    27.5494         21  0.000e+00
      30212 314.145368  -62.14592  -58.42664     -0.031    1448.28     57.488     56.929    -0.5796    -0.5785     0.0012    -0.5813    -0.5802     0.0012   2.803020   2.803033   0.000013    34.2770    34.2759     7.6392    27.5503    27.5494         21  0.000e+00
      30213 314.145368  -62.14592  -58.42664     -0.035    1448.28     57.488     56.929    -0.5795    -0.5785     0.0009    -0.5812    -0.5803     0.0009   2.802974   2.803033   0.000059    34.2762    34.2760     7.6455    27.5497    27.5494         21  0.000e+00
      30214 314.145369  -62.14592  -58.42664     -0.031    1448.28     57.553     56.993    -0.5796    -0.5785     0.0012    -0.5814    -0.5802     0.0012   2.803008   2.803033   0.000025    34.2768    34.2759     7.6399    27.5502    27.5493         21  0.000e+00
      30215 314.145369  -62.14592  -58.42664     -0.031    1448.28     57.488     56.929    -0.5795    -0.5783     0.0012    -0.5812    -0.5800     0.0012   2.803002   2.803055   0.000053    34.2766    34.2760     7.6460    27.5500    27.5495         21  0.000e+00
      30216 314.145370  -62.14592  -58.42664     -0.030    1448.28     57.488     56.929    -0.5796    -0.5785     0.0012    -0.5813    -0.5802     0.0012   2.803031   2.803061   0.000030    34.2772    34.2763     7.6467    27.5505    27.5497         21  0.000e+00
      30217 314.145370  -62.14592  -58.42664     -0.034    1448.28     57.488     56.929    -0.5796    -0.5788     0.0009    -0.5813    -0.5805     0.0009   2.803031   2.803022  -0.000009    34.2772    34.2761     7.6474    27.5505    27.5495         21  0.000e+00
