Pos-Processados/process_op42/operantar42_028.ros
* Sea-Bird SBE 9 Data File:
* FileName = C:\Users\Hidrografia\Desktop\OPXLII\Brutos\OP42028.hdr
* Software Version Seasave V 7.26.7.107
* Temperature SN = 6502
* Conductivity SN = 4998
* Number of Bytes Per Scan = 37
* Number of Voltage Words = 4
* Number of Scans Averaged by the Deck Unit = 1
* NMEA Latitude = 62 18.54 S
* NMEA Longitude = 058 32.92 W
* NMEA UTC (Time) = Nov 08 2023 22:59:21
* NMEA baud rate = 4800
** H41
** NPOALTEMAXIMIANO
** NUMERO DA ESTACAO (XXX) 028
** LAT (XX XX.XX S/N) 62 18.530 S
** LONG (XXX XX.XX W/E) 058 32.937 W
** DATAHORA (dd/mm/aaaa hh:mm Z) 08/11/2023 2258Z
** PROFUNDIDADE (m) 339
** OPERADOR CT FABIREZA
# nquan = 24
# nvalues = 4132                                  
# units = specified
# name 0 = scan: Scan Count
# name 1 = timeJ: Julian Days
# name 2 = latitude: Latitude [deg]
# name 3 = longitude: Longitude [deg]
# name 4 = dz/dtM: Descent Rate [m/s]
# name 5 = avgsvCM: Average Sound Velocity [Chen-Millero, m/s]
# name 6 = prDM: Pressure, Digiquartz [db]
# name 7 = depSM: Depth [salt water, m]
# name 8 = t090C: Temperature [ITS-90, deg C]
# name 9 = t190C: Temperature, 2 [ITS-90, deg C]
# name 10 = T2-T190C: Temperature Difference, 2 - 1 [ITS-90, deg C]
# name 11 = potemp090C: Potential Temperature [ITS-90, deg C]
# name 12 = potemp190C: Potential Temperature, 2 [ITS-90, deg C]
# name 13 = potemp90Cdiff: Potential Temperature, Diff, 2 - 1 [ITS-90, deg C]
# name 14 = c0S/m: Conductivity [S/m]
# name 15 = c1S/m: Conductivity, 2 [S/m]
# name 16 = C2-C1S/m: Conductivity Difference, 2 - 1 [S/m]
# name 17 = sal00: Salinity, Practical [PSU]
# name 18 = sal11: Salinity, Practical, 2 [PSU]
# name 19 = sbeox0ML/L: Oxygen, SBE 43 [ml/l]
# name 20 = sigma-é00: Density [sigma-theta, kg/m^3]
# name 21 = sigma-é11: Density, 2 [sigma-theta, kg/m^3]
# name 22 = nbf: Bottles Fired
# name 23 = flag:  0.000e+00
# interval = seconds: 0.0416667
# start_time = Nov 08 2023 22:59:21 [NMEA time, header]
# bad_flag = -9.990e-29
*END*
[from data line 1751]
      29453 312.972085  -62.31630  -58.54430     -0.021    1448.73     22.588     22.369    -0.5425    -0.5457    -0.0031    -0.5432    -0.5463    -0.0031   2.805977   2.805565  -0.000413    34.2965    34.2945     7.4665    27.5644    27.5630         11  0.000e+00
      29454 312.972086  -62.31630  -58.54430     -0.016    1448.73     22.652     22.433    -0.5427    -0.5457    -0.0030    -0.5434    -0.5464    -0.0030   2.806023   2.805598  -0.000425    34.2973    34.2950     7.4661    27.5651    27.5633         11  0.000e+00
      29455 312.972086  -62.31630  -58.54430     -0.008    1448.73     22.652     22.433    -0.5423    -0.5455    -0.0033    -0.5430    -0.5462    -0.0033   2.806000   2.805610  -0.000391    34.2965    34.2949     7.4655    27.5644    27.5633         11  0.000e+00
      29456 312.972087  -62.31630  -58.54430     -0.008    1448.73     22.588     22.369    -0.5421    -0.5455    -0.0034    -0.5428    -0.5462    -0.0034   2.806000   2.805632  -0.000368    34.2964    34.2953     7.4648    27.5643    27.5636         11  0.000e+00
      29457 312.972087  -62.31630  -58.54430     -0.003    1448.73     22.652     22.433    -0.5421    -0.5452    -0.0031    -0.5427    -0.5459    -0.0031   2.805989   2.805638  -0.000351    34.2961    34.2949     7.4642    27.5641    27.5633         11  0.000e+00
      29458 312.972088  -62.31630  -58.54430      0.002    1448.73     22.652     22.433    -0.5417    -0.5452    -0.0035    -0.5423    -0.5459    -0.0035   2.806006   2.805643  -0.000363    34.2959    34.2950     7.4635    27.5639    27.5633         11  0.000e+00
      29459 312.972088  -62.31630  -58.54430      0.007    1448.73     22.652     22.433    -0.5418    -0.5452    -0.0034    -0.5425    -0.5459    -0.0034   2.806012   2.805655  -0.000357    34.2962    34.2952     7.4638    27.5641    27.5635         11  0.000e+00
      29460 312.972089  -62.31630  -58.54430      0.011    1448.73     22.652     22.433    -0.5419    -0.5457    -0.0038    -0.5426    -0.5463    -0.0038   2.805995   2.805643  -0.000351    34.2960    34.2955     7.4631    27.5640    27.5638         11  0.000e+00
      29461 312.972089  -62.31630  -58.54430      0.016    1448.73     22.652     22.433    -0.5418    -0.5458    -0.0040    -0.5425    -0.5465    -0.0040   2.806023   2.805638  -0.000385    34.2963    34.2957     7.4623    27.5642    27.5639         11  0.000e+00
      29462 312.972090  -62.31630  -58.54430      0.020    1448.73     22.708     22.489    -0.5420    -0.5471    -0.0051    -0.5427    -0.5478    -0.0051   2.806017   2.805559  -0.000458    34.2964    34.2960     7.4616    27.5643    27.5642         11  0.000e+00
      29463 312.972090  -62.31630  -58.54430      0.021    1448.73     22.596     22.377    -0.5423    -0.5483    -0.0060    -0.5430    -0.5490    -0.0060   2.806012   2.805497  -0.000515    34.2968    34.2966     7.4607    27.5646    27.5648         11  0.000e+00
      29464 312.972091  -62.31630  -58.54430      0.029    1448.73     22.708     22.489    -0.5418    -0.5486    -0.0068    -0.5425    -0.5493    -0.0068   2.806069   2.805458  -0.000611    34.2969    34.2963     7.4609    27.5647    27.5646         11  0.000e+00
      29465 312.972091  -62.31630  -58.54430      0.033    1448.73     22.708     22.489    -0.5417    -0.5484    -0.0068    -0.5423    -0.5491    -0.0068   2.806029   2.805418  -0.000610    34.2962    34.2956     7.4600    27.5641    27.5640         11  0.000e+00
      29466 312.972092  -62.31630  -58.54430      0.030    1448.73     22.588     22.369    -0.5417    -0.5486    -0.0069    -0.5423    -0.5493    -0.0069   2.806029   2.805402  -0.000627    34.2962    34.2957     7.4589    27.5642    27.5640         11  0.000e+00
      29467 312.972092  -62.31630  -58.54430      0.040    1448.73     22.708     22.489    -0.5417    -0.5487    -0.0070    -0.5424    -0.5494    -0.0070   2.806075   2.805424  -0.000650    34.2968    34.2960     7.4580    27.5647    27.5643         11  0.000e+00
      29468 312.972092  -62.31630  -58.54430      0.041    1448.73     22.652     22.433    -0.5414    -0.5489    -0.0075    -0.5421    -0.5496    -0.0075   2.806092   2.805390  -0.000701    34.2967    34.2958     7.4579    27.5645    27.5641         11  0.000e+00
      29469 312.972093  -62.31630  -58.54430      0.041    1448.73     22.652     22.433    -0.5415    -0.5494    -0.0078    -0.5422    -0.5501    -0.0078   2.806109   2.805373  -0.000735    34.2971    34.2961     7.4580    27.5649    27.5644         11  0.000e+00
      29470 312.972093  -62.31630  -58.54430      0.045    1448.73     22.708     22.489    -0.5414    -0.5491    -0.0076    -0.5421    -0.5498    -0.0076   2.806097   2.805340  -0.000758    34.2968    34.2953     7.4570    27.5646    27.5637         11  0.000e+00
      29471 312.972094  -62.31630  -58.54430      0.048    1448.73     22.708     22.489    -0.5414    -0.5494    -0.0080    -0.5421    -0.5501    -0.0080   2.806092   2.805340  -0.000752    34.2967    34.2956     7.4634    27.5645    27.5640         11  0.000e+00
      29472 312.972094  -62.31630  -58.54430      0.051    1448.73     22.652     22.433    -0.5412    -0.5487    -0.0075    -0.5419    -0.5494    -0.0075   2.806086   2.805345  -0.000741    34.2964    34.2950     7.4579    27.5643    27.5635         11  0.000e+00
      29473 312.972095  -62.31630  -58.54430      0.054    1448.73     22.708     22.489    -0.5414    -0.5486    -0.0072    -0.5421    -0.5493    -0.0072   2.806069   2.805390  -0.000678    34.2964    34.2954     7.4644    27.5643    27.5638         11  0.000e+00
      29474 312.972095  -62.31630  -58.54430      0.056    1448.73     22.708     22.489    -0.5414    -0.5480    -0.0066    -0.5421    -0.5486    -0.0066   2.806086   2.805402  -0.000684    34.2966    34.2948     7.4653    27.5645    27.5633         11  0.000e+00
      29475 312.972096  -62.31630  -58.54430      0.056    1448.73     22.652     22.433    -0.5412    -0.5477    -0.0065    -0.5419    -0.5483    -0.0065   2.806052   2.805424  -0.000628    34.2960    34.2948     7.4597    27.5639    27.5633         11  0.000e+00
      29476 312.972096  -62.31630  -58.54430      0.058    1448.73     22.709     22.489    -0.5414    -0.5475    -0.0062    -0.5421    -0.5482    -0.0062   2.806040   2.805469  -0.000571    34.2960    34.2953     7.4597    27.5640    27.5637         11  0.000e+00
      29477 312.972097  -62.31630  -58.54430      0.060    1448.73     22.709     22.489    -0.5414    -0.5477    -0.0062    -0.5421    -0.5483    -0.0062   2.806097   2.805447  -0.000651    34.2968    34.2951     7.4595    27.5646    27.5635         11  0.000e+00
      29478 312.972097  -62.31630  -58.54430      0.058    1448.73     22.652     22.433    -0.5412    -0.5475    -0.0063    -0.5419    -0.5482    -0.0063   2.806080   2.805492  -0.000589    34.2964    34.2956     7.4593    27.5643    27.5639         11  0.000e+00
      29479 312.972098  -62.31630  -58.54430      0.060    1448.73     22.709     22.489    -0.5414    -0.5469    -0.0055    -0.5421    -0.5476    -0.0055   2.806069   2.805525  -0.000544    34.2964    34.2953     7.4657    27.5643    27.5637         11  0.000e+00
      29480 312.972098  -62.31630  -58.54430      0.057    1448.73     22.709     22.489    -0.5414    -0.5461    -0.0047    -0.5421    -0.5468    -0.0047   2.806069   2.805615  -0.000454    34.2964    34.2957     7.4601    27.5643    27.5639         11  0.000e+00
      29481 312.972099  -62.31630  -58.54430      0.062    1448.73     22.709     22.489    -0.5414    -0.5451    -0.0037    -0.5421    -0.5458    -0.0037   2.806086   2.805716  -0.000369    34.2966    34.2958     7.4664    27.5645    27.5640         11  0.000e+00
      29482 312.972099  -62.31630  -58.54430      0.063    1448.73     22.709     22.489    -0.5414    -0.5444    -0.0030    -0.5421    -0.5451    -0.0030   2.806075   2.805745  -0.000330    34.2965    34.2955     7.4672    27.5643    27.5637         11  0.000e+00
      29483 312.972100  -62.31630  -58.54430      0.063    1448.73     22.709     22.489    -0.5414    -0.5439    -0.0025    -0.5421    -0.5446    -0.0025   2.806086   2.805750  -0.000336    34.2967    34.2950     7.4679    27.5645    27.5633         11  0.000e+00
      29484 312.972100  -62.31630  -58.54430      0.063    1448.73     22.708     22.489    -0.5415    -0.5438    -0.0023    -0.5422    -0.5445    -0.0023   2.806092   2.805784  -0.000308    34.2969    34.2953     7.4687    27.5647    27.5635         11  0.000e+00
      29485 312.972101  -62.31630  -58.54430      0.063    1448.73     22.708     22.489    -0.5414    -0.5439    -0.0025    -0.5421    -0.5446    -0.0025   2.806149   2.805761  -0.000387    34.2975    34.2951     7.4693    27.5651    27.5633         11  0.000e+00
      29486 312.972101  -62.31630  -58.54430      0.067    1448.73     22.773     22.553    -0.5417    -0.5441    -0.0025    -0.5423    -0.5448    -0.0025   2.806092   2.805761  -0.000330    34.2970    34.2953     7.4712    27.5648    27.5635         11  0.000e+00
      29487 312.972102  -62.31630  -58.54430      0.065    1448.73     22.708     22.489    -0.5413    -0.5446    -0.0033    -0.5419    -0.5453    -0.0033   2.806086   2.805733  -0.000353    34.2965    34.2955     7.4717    27.5644    27.5637         11  0.000e+00
      29488 312.972102  -62.31630  -58.54430      0.064    1448.73     22.708     22.489    -0.5415    -0.5446    -0.0031    -0.5422    -0.5453    -0.0031   2.806109   2.805694  -0.000415    34.2971    34.2950     7.4723    27.5649    27.5633         11  0.000e+00
      29552 312.972133  -62.31632  -58.54430      0.016    1448.73     22.773     22.553    -0.5441    -0.5416     0.0025    -0.5447    -0.5423     0.0025   2.805926   2.806020   0.000094    34.2974    34.2959     7.4785    27.5653    27.5639         12  0.000e+00
      29553 312.972133  -62.31632  -58.54430      0.015    1448.73     22.773     22.553    -0.5440    -0.5416     0.0023    -0.5447    -0.5423     0.0023   2.805938   2.805998   0.000060    34.2975    34.2957     7.4843    27.5653    27.5637         12  0.000e+00
      29554 312.972134  -62.31632  -58.54430      0.018    1448.73     22.773     22.553    -0.5437    -0.5416     0.0021    -0.5444    -0.5423     0.0021   2.805892   2.805958   0.000066    34.2966    34.2952     7.4783    27.5646    27.5633         12  0.000e+00
      29555 312.972134  -62.31632  -58.54430      0.021    1448.73     22.830     22.609    -0.5436    -0.5416     0.0019    -0.5443    -0.5423     0.0019   2.805915   2.805975   0.000060    34.2967    34.2953     7.4787    27.5647    27.5635         12  0.000e+00
      29556 312.972135  -62.31632  -58.54430      0.020    1448.73     22.709     22.489    -0.5442    -0.5420     0.0022    -0.5448    -0.5427     0.0022   2.805949   2.806003   0.000054    34.2979    34.2962     7.4779    27.5656    27.5642         12  0.000e+00
      29557 312.972135  -62.31632  -58.54430      0.022    1448.73     22.830     22.609    -0.5442    -0.5421     0.0021    -0.5449    -0.5427     0.0021   2.805898   2.805986   0.000089    34.2972    34.2960     7.4774    27.5650    27.5640         12  0.000e+00
      29558 312.972136  -62.31632  -58.54430      0.025    1448.73     22.773     22.553    -0.5442    -0.5418     0.0024    -0.5449    -0.5425     0.0024   2.805858   2.805947   0.000089    34.2967    34.2952     7.4766    27.5647    27.5633         12  0.000e+00
      29559 312.972136  -62.31632  -58.54430      0.031    1448.73     22.830     22.609    -0.5445    -0.5421     0.0023    -0.5451    -0.5428     0.0023   2.805835   2.805947   0.000112    34.2966    34.2955     7.4759    27.5646    27.5636         12  0.000e+00
      29560 312.972137  -62.31632  -58.54430      0.033    1448.73     22.830     22.609    -0.5443    -0.5426     0.0017    -0.5450    -0.5433     0.0017   2.805801   2.805902   0.000101    34.2960    34.2954     7.4761    27.5641    27.5636         12  0.000e+00
      29561 312.972137  -62.31632  -58.54430      0.031    1448.73     22.773     22.553    -0.5446    -0.5426     0.0020    -0.5453    -0.5433     0.0020   2.805795   2.805936   0.000141    34.2963    34.2959     7.4763    27.5644    27.5640         12  0.000e+00
      29562 312.972138  -62.31632  -58.54430      0.033    1448.73     22.773     22.553    -0.5451    -0.5429     0.0022    -0.5458    -0.5436     0.0022   2.805761   2.805919   0.000158    34.2964    34.2961     7.4756    27.5645    27.5641         12  0.000e+00
      29563 312.972138  -62.31632  -58.54430      0.039    1448.73     22.830     22.609    -0.5453    -0.5431     0.0022    -0.5459    -0.5437     0.0022   2.805766   2.805891   0.000124    34.2966    34.2958     7.4747    27.5646    27.5639         12  0.000e+00
      29564 312.972139  -62.31634  -58.54430      0.040    1448.73     22.830     22.609    -0.5453    -0.5431     0.0022    -0.5459    -0.5437     0.0022   2.805755   2.805851   0.000096    34.2965    34.2953     7.4749    27.5645    27.5635         12  0.000e+00
      29565 312.972139  -62.31634  -58.54430      0.042    1448.73     22.773     22.553    -0.5453    -0.5432     0.0021    -0.5460    -0.5439     0.0021   2.805709   2.805874   0.000165    34.2959    34.2958     7.4739    27.5641    27.5639         12  0.000e+00
      29566 312.972140  -62.31634  -58.54430      0.043    1448.73     22.830     22.609    -0.5454    -0.5431     0.0023    -0.5460    -0.5437     0.0023   2.805715   2.805874   0.000159    34.2961    34.2956     7.4741    27.5642    27.5637         12  0.000e+00
      29567 312.972140  -62.31634  -58.54430      0.044    1448.73     22.830     22.609    -0.5459    -0.5434     0.0025    -0.5466    -0.5441     0.0025   2.805704   2.805880   0.000176    34.2965    34.2961     7.4732    27.5646    27.5641         12  0.000e+00
      29568 312.972141  -62.31634  -58.54430      0.045    1448.73     22.773     22.553    -0.5459    -0.5434     0.0026    -0.5466    -0.5440     0.0026   2.805675   2.805863   0.000188    34.2962    34.2958     7.4785    27.5643    27.5639         12  0.000e+00
      29569 312.972141  -62.31634  -58.54430      0.045    1448.73     22.830     22.609    -0.5463    -0.5432     0.0032    -0.5470    -0.5439     0.0032   2.805669   2.805846   0.000176    34.2965    34.2953     7.4786    27.5646    27.5635         12  0.000e+00
      29570 312.972142  -62.31634  -58.54430      0.046    1448.73     22.773     22.553    -0.5460    -0.5432     0.0028    -0.5467    -0.5439     0.0028   2.805669   2.805874   0.000205    34.2962    34.2958     7.4719    27.5643    27.5639         12  0.000e+00
      29571 312.972142  -62.31634  -58.54430      0.046    1448.73     22.830     22.609    -0.5458    -0.5432     0.0026    -0.5464    -0.5439     0.0026   2.805669   2.805851   0.000182    34.2959    34.2954     7.4717    27.5641    27.5636         12  0.000e+00
      29572 312.972143  -62.31634  -58.54430      0.046    1448.73     22.830     22.609    -0.5466    -0.5435     0.0031    -0.5473    -0.5442     0.0031   2.805686   2.805829   0.000142    34.2971    34.2955     7.4717    27.5651    27.5637         12  0.000e+00
      29573 312.972143  -62.31634  -58.54430      0.050    1448.73     22.830     22.609    -0.5466    -0.5437     0.0030    -0.5473    -0.5443     0.0030   2.805675   2.805846   0.000171    34.2969    34.2959     7.4715    27.5650    27.5640         12  0.000e+00
      29574 312.972144  -62.31634  -58.54430      0.049    1448.73     22.830     22.609    -0.5470    -0.5435     0.0035    -0.5477    -0.5442     0.0035   2.805669   2.805846   0.000176    34.2973    34.2957     7.4714    27.5653    27.5639         12  0.000e+00
      29575 312.972144  -62.31634  -58.54430      0.049    1448.73     22.773     22.553    -0.5466    -0.5435     0.0031    -0.5473    -0.5442     0.0031   2.805704   2.805812   0.000108    34.2974    34.2953     7.4711    27.5653    27.5635         12  0.000e+00
