Pos-Processados/process_op42/operantar42_044.cnv
* Sea-Bird SBE 9 Data File:
* FileName = C:\Users\Hidrografia\Desktop\OPXLII\Brutos\OP42044.hdr
* Software Version Seasave V 7.26.7.107
* Temperature SN = 6502
* Conductivity SN = 4998
* Number of Bytes Per Scan = 37
* Number of Voltage Words = 4
* Number of Scans Averaged by the Deck Unit = 1
* NMEA Latitude = 62 08.87 S
* NMEA Longitude = 058 26.12 W
* NMEA UTC (Time) = Nov 09 2023 19:07:43
* NMEA baud rate = 4800
** H41
** NPOALTEMAXIMIANO
** NUMERO DA ESTACAO (XXX) 044
** LAT (XX XX.XX S/N) 62 08.851 S
** LONG (XXX XX.XX W/E) 058 26.159 W
** DATAHORA (dd/mm/aaaa hh:mm Z) 09/11/2023 1907Z
** PROFUNDIDADE (m) 375
** OPERADOR CT FABIREZA
# nquan = 30
# nvalues = 731                         
# units = specified
# name 0 = scan: Scan Count
# name 1 = timeJ: Julian Days
# name 2 = latitude: Latitude [deg]
# name 3 = longitude: Longitude [deg]
# name 4 = dz/dtM: Descent Rate [m/s]
# name 5 = avgsvCM: Average Sound Velocity [Chen-Millero, m/s]
# name 6 = prDM: Pressure, Digiquartz [db]
# name 7 = depSM: Depth [salt water, m]
# name 8 = t090C: Temperature [ITS-90, deg C]
# name 9 = t190C: Temperature, 2 [ITS-90, deg C]
# name 10 = T2-T190C: Temperature Difference, 2 - 1 [ITS-90, deg C]
# name 11 = potemp090C: Potential Temperature [ITS-90, deg C]
# name 12 = potemp190C: Potential Temperature, 2 [ITS-90, deg C]
# name 13 = potemp90Cdiff: Potential Temperature, Diff, 2 - 1 [ITS-90, deg C]
# name 14 = c0S/m: Conductivity [S/m]
# name 15 = c1S/m: Conductivity, 2 [S/m]
# name 16 = C2-C1S/m: Conductivity Difference, 2 - 1 [S/m]
# name 17 = sal00: Salinity, Practical [PSU]
# name 18 = sal11: Salinity, Practical, 2 [PSU]
# name 19 = sbeox0ML/L: Oxygen, SBE 43 [ml/l]
# name 20 = sigma-é00: Density [sigma-theta, kg/m^3]
# name 21 = sigma-é11: Density, 2 [sigma-theta, kg/m^3]
# name 22 = sal00: Salinity, Practical [PSU]
# name 23 = sigma-é00: Density [sigma-theta, kg/m^3]
# name 24 = svCM: Sound Velocity [Chen-Millero, m/s]
# name 25 = svCM1: Sound Velocity, 2 [Chen-Millero, m/s]
# name 26 = gsw_ptA0: potential temperature [ITS-90, deg C]
# name 27 = gsw_densityA0: density, TEOS-10 [density, kg/m^3]
# name 28 = gsw_saA0: Absolute Salinity [g/kg]
# name 29 = flag:
# span 0 =       1927,      26317       
# span 1 = 313.797955, 313.809716       
# span 2 =  -62.15508,  -62.14847       
# span 3 =  -58.43472,  -58.42833       
# span 4 =     -1.160,      1.021       
# span 5 =       0.00,    1448.19       
# span 6 =      3.000,    368.000       
# span 7 =      2.977,    364.128       
# span 8 =    -0.8036,    -0.4617       
# span 9 =    -0.8027,    -0.4611       
# span 10 =    -0.0079,     0.0081      
# span 11 =    -0.8107,    -0.4619      
# span 12 =    -0.8098,    -0.4613      
# span 13 =    -0.0079,     0.0080      
# span 14 =   2.794792,   2.818413      
# span 15 =   2.794770,   2.818273      
# span 16 =  -0.000542,   0.000660      
# span 17 =    34.2781,    34.3574      
# span 18 =    34.2789,    34.3558      
# span 19 =     7.0579,     7.6398      
# span 20 =    27.5501,    27.6183      
# span 21 =    27.5490,    27.6170      
# span 22 =    34.2784,    34.3575      
# span 23 =    27.5502,    27.6183      
# span 24 =    1445.76,    1451.32      
# span 25 =    1445.77,    1451.32      
# span 26 =    -0.8105,    -0.4619      
# span 27 =  1027.5692,  1029.3792      
# span 28 =    34.4414,    34.5255      
# span 29 = 0.0000e+00, 0.0000e+00      
# interval = decibars: 1                
# start_time = Nov 09 2023 19:07:43 [NMEA time, header]
# bad_flag = -9.990e-29
*END*
[from data line 629]
      22270 313.807765  -62.15394  -58.42900     -0.713    1448.19    104.000    102.976    -0.5707    -0.5686     0.0021    -0.5739    -0.5718     0.0021   2.806673   2.806743   0.000064    34.2871    34.2855     7.5972    27.5581    27.5568    34.2874    27.5584    1447.23    1447.24    -0.5738  1028.0608    34.4537 0.0000e+00
      22305 313.807782  -62.15396  -58.42898     -0.694    1448.19    103.000    101.986    -0.5660    -0.5648     0.0012    -0.5692    -0.5680     0.0012   2.806998   2.806983  -0.000020    34.2866    34.2850     7.6019    27.5576    27.5562    34.2871    27.5580    1447.24    1447.24    -0.5691  1028.0556    34.4534 0.0000e+00
      22340 313.807798  -62.15396  -58.42898     -0.678    1448.19    102.000    100.996    -0.5632    -0.5623     0.0010    -0.5664    -0.5654     0.0010   2.807168   2.807140  -0.000026    34.2864    34.2849     7.6027    27.5572    27.5560    34.2868    27.5576    1447.23    1447.23    -0.5663  1028.0505    34.4532 0.0000e+00
      22369 313.807812  -62.15397  -58.42898     -0.781    1448.19    101.000    100.011    -0.5618    -0.5610     0.0008    -0.5648    -0.5641     0.0008   2.807242   2.807188  -0.000050    34.2864    34.2849     7.6079    27.5572    27.5559    34.2868    27.5575    1447.22    1447.22    -0.5648  1028.0456    34.4531 0.0000e+00
      22397 313.807826  -62.15398  -58.42898     -0.867    1448.19    100.000     99.012    -0.5611    -0.5605     0.0006    -0.5642    -0.5636     0.0006   2.807224   2.807181  -0.000044    34.2862    34.2849     7.6119    27.5570    27.5559    34.2865    27.5572    1447.21    1447.21    -0.5641  1028.0405    34.4527 0.0000e+00
      22428 313.807841  -62.15399  -58.42896     -0.786    1448.19     99.000     98.026    -0.5612    -0.5605     0.0007    -0.5642    -0.5635     0.0007   2.807176   2.807132  -0.000044    34.2863    34.2849     7.6165    27.5571    27.5559    34.2865    27.5572    1447.19    1447.19    -0.5642  1028.0357    34.4527 0.0000e+00
      22462 313.807857  -62.15400  -58.42896     -0.715    1448.19     98.000     97.037    -0.5612    -0.5604     0.0009    -0.5642    -0.5634     0.0009   2.807115   2.807082  -0.000033    34.2861    34.2847     7.6190    27.5570    27.5558    34.2863    27.5571    1447.18    1447.18    -0.5641  1028.0308    34.4526 0.0000e+00
      22492 313.807872  -62.15400  -58.42896     -0.774    1448.19     97.000     96.047    -0.5477    -0.5514    -0.0036    -0.5507    -0.5543    -0.0036   2.808239   2.807777  -0.000451    34.2850    34.2831     7.6138    27.5555    27.5541    34.2868    27.5569    1447.22    1447.20    -0.5506  1028.0257    34.4530 0.0000e+00
      22524 313.807887  -62.15402  -58.42895     -0.760    1448.19     96.000     95.057    -0.5334    -0.5359    -0.0024    -0.5364    -0.5388    -0.0024   2.809272   2.808972  -0.000283    34.2835    34.2824     7.6126    27.5536    27.5529    34.2852    27.5550    1447.27    1447.26    -0.5363  1028.0189    34.4513 0.0000e+00
      22556 313.807903  -62.15402  -58.42894     -0.758    1448.19     95.000     94.067    -0.5328    -0.5335    -0.0007    -0.5357    -0.5364    -0.0007   2.809238   2.809095  -0.000175    34.2849    34.2833     7.6153    27.5547    27.5534    34.2846    27.5545    1447.26    1447.25    -0.5357  1028.0137    34.4508 0.0000e+00
      22588 313.807918  -62.15402  -58.42894     -0.753    1448.19     94.000     93.077    -0.5517    -0.5477     0.0041    -0.5546    -0.5505     0.0041   2.807757   2.807933   0.000189    34.2868    34.2848     7.6173    27.5571    27.5552    34.2867    27.5570    1447.15    1447.17    -0.5545  1028.0115    34.4529 0.0000e+00
      22621 313.807934  -62.15404  -58.42894     -0.730    1448.19     93.000     92.087    -0.5541    -0.5521     0.0020    -0.5570    -0.5549     0.0020   2.807433   2.807516   0.000062    34.2862    34.2847     7.6095    27.5567    27.5554    34.2857    27.5562    1447.13    1447.13    -0.5569  1028.0059    34.4518 0.0000e+00
      22654 313.807950  -62.15404  -58.42893     -0.736    1448.19     92.000     91.097    -0.5593    -0.5566     0.0028    -0.5621    -0.5594     0.0027   2.806996   2.807096   0.000107    34.2866    34.2849     7.6139    27.5572    27.5558    34.2863    27.5570    1447.09    1447.10    -0.5621  1028.0019    34.4524 0.0000e+00
      22688 313.807966  -62.15406  -58.42892     -0.700    1448.19     91.000     90.107    -0.5583    -0.5587    -0.0004    -0.5611    -0.5615    -0.0004   2.807006   2.806889  -0.000106    34.2858    34.2849     7.6141    27.5566    27.5558    34.2859    27.5566    1447.08    1447.07    -0.5610  1027.9967    34.4520 0.0000e+00
      22725 313.807984  -62.15406  -58.42892     -0.660    1448.19     90.000     89.117    -0.5514    -0.5516    -0.0002    -0.5541    -0.5544    -0.0002   2.807499   2.807390  -0.000109    34.2849    34.2837     7.6166    27.5555    27.5546    34.2853    27.5559    1447.09    1447.09    -0.5541  1027.9912    34.4514 0.0000e+00
      22763 313.808003  -62.15408  -58.42890     -0.626    1448.19     89.000     88.127    -0.5458    -0.5456     0.0002    -0.5485    -0.5483     0.0002   2.807912   2.807861  -0.000053    34.2845    34.2836     7.6167    27.5549    27.5542    34.2851    27.5554    1447.10    1447.10    -0.5484  1027.9859    34.4512 0.0000e+00
      22797 313.808019  -62.15409  -58.42890     -0.687    1448.19     88.000     87.137    -0.5387    -0.5378     0.0009    -0.5414    -0.5405     0.0009   2.808483   2.808445  -0.000043    34.2848    34.2832     7.6103    27.5549    27.5536    34.2855    27.5554    1447.12    1447.12    -0.5413  1027.9811    34.4515 0.0000e+00
      22831 313.808035  -62.15410  -58.42890     -0.722    1448.19     87.000     86.147    -0.5421    -0.5387     0.0034    -0.5448    -0.5413     0.0034   2.808196   2.808334   0.000122    34.2860    34.2838     7.6104    27.5560    27.5541    34.2860    27.5560    1447.09    1447.10    -0.5447  1027.9769    34.4521 0.0000e+00
      22867 313.808052  -62.15410  -58.42889     -0.673    1448.19     86.000     85.157    -0.5443    -0.5440     0.0003    -0.5470    -0.5467     0.0003   2.807925   2.807851  -0.000065    34.2858    34.2845     7.6108    27.5559    27.5549    34.2855    27.5557    1447.06    1447.06    -0.5469  1027.9718    34.4515 0.0000e+00
      22901 313.808069  -62.15412  -58.42888     -0.695    1448.19     85.000     84.167    -0.5531    -0.5515     0.0016    -0.5557    -0.5541     0.0016   2.807188   2.807211   0.000029    34.2866    34.2852     7.6114    27.5570    27.5558    34.2862    27.5566    1447.00    1447.01    -0.5556  1027.9680    34.4522 0.0000e+00
      22933 313.808084  -62.15412  -58.42888     -0.735    1448.19     84.000     83.177    -0.5544    -0.5533     0.0011    -0.5570    -0.5558     0.0011   2.807030   2.807030  -0.000005    34.2862    34.2849     7.6155    27.5567    27.5555    34.2861    27.5566    1446.98    1446.98    -0.5569  1027.9638    34.4529 0.0000e+00
      22966 313.808101  -62.15412 -9.990e-29     -0.735    1448.19     83.000     82.187    -0.5491    -0.5491     0.0000    -0.5517    -0.5516     0.0000   2.807409   2.807310  -0.000090    34.2855    34.2842     7.6199    27.5559    27.5549    34.2859    27.5562    1446.99    1446.99    -0.5516  1027.9588    34.4529 0.0000e+00
      23006 313.808120  -62.15414 -9.990e-29     -0.619    1448.19     82.000     81.197    -0.5422    -0.5438    -0.0017    -0.5447    -0.5464    -0.0017   2.807897   2.807672  -0.000222    34.2847    34.2837     7.6197    27.5550    27.5542    34.2852    27.5553    1447.00    1446.99    -0.5446  1027.9532    34.4522 0.0000e+00
      23045 313.808138  -62.15414  -58.42886     -0.601    1448.19     81.000     80.207    -0.5409    -0.5395     0.0014    -0.5434    -0.5419     0.0014   2.807957   2.807967   0.000005    34.2850    34.2835     7.6164    27.5551    27.5538    34.2851    27.5552    1446.99    1447.00    -0.5433  1027.9474    34.4511 0.0000e+00
      23078 313.808154  -62.15416  -58.42885     -0.712    1448.19     80.000     79.217    -0.5410    -0.5404     0.0007    -0.5435    -0.5428     0.0007   2.807906   2.807850  -0.000049    34.2850    34.2835     7.6132    27.5551    27.5539    34.2852    27.5553    1446.98    1446.98    -0.5434  1027.9427    34.4511 0.0000e+00
      23112 313.808171  -62.15417  -58.42884     -0.708    1448.19     79.000     78.227    -0.5392    -0.5387     0.0006    -0.5416    -0.5411     0.0006   2.808005   2.807948  -0.000057    34.2849    34.2835     7.6100    27.5550    27.5538    34.2852    27.5552    1446.97    1446.97    -0.5416  1027.9378    34.4510 0.0000e+00
      23146 313.808187  -62.15418  -58.42884     -0.692    1448.19     78.000     77.237    -0.5361    -0.5351     0.0010    -0.5385    -0.5375     0.0010   2.808228   2.808198  -0.000032    34.2848    34.2833     7.6129    27.5547    27.5535    34.2852    27.5551    1446.97    1446.97    -0.5384  1027.9329    34.4511 0.0000e+00
      23178 313.808203  -62.15419  -58.42884     -0.744    1448.19     77.000     76.247    -0.5350    -0.5345     0.0005    -0.5374    -0.5368     0.0005   2.808254   2.808204  -0.000051    34.2847    34.2834     7.6121    27.5546    27.5536    34.2850    27.5548    1446.95    1446.96    -0.5373  1027.9278    34.4508 0.0000e+00
      23214 313.808220  -62.15420  -58.42882     -0.683    1448.19     76.000     75.257    -0.5340    -0.5340    -0.0000    -0.5363    -0.5363    -0.0000   2.808296   2.808186  -0.000109    34.2847    34.2833     7.6109    27.5546    27.5534    34.2850    27.5548    1446.94    1446.94    -0.5363  1027.9230    34.4508 0.0000e+00
      23248 313.808237  -62.15420  -58.42882     -0.691    1448.19     75.000     74.267    -0.5326    -0.5326     0.0000    -0.5349    -0.5349     0.0000   2.808358   2.808255  -0.000103    34.2847    34.2832     7.6091    27.5545    27.5533    34.2849    27.5547    1446.93    1446.93    -0.5348  1027.9181    34.4507 0.0000e+00
      23282 313.808253  -62.15421  -58.42882     -0.714    1448.19     74.000     73.277    -0.5322    -0.5317     0.0005    -0.5345    -0.5340     0.0005   2.808352   2.808290  -0.000065    34.2848    34.2833     7.6134    27.5546    27.5534    34.2850    27.5547    1446.92    1446.92    -0.5344  1027.9133    34.4508 0.0000e+00
      23317 313.808270  -62.15422  -58.42882     -0.688    1448.19     73.000     72.287    -0.5324    -0.5321     0.0003    -0.5346    -0.5343     0.0003   2.808282   2.808210  -0.000067    34.2848    34.2836     7.6108    27.5546    27.5535    34.2849    27.5546    1446.90    1446.90    -0.5346  1027.9085    34.4507 0.0000e+00
      23348 313.808285  -62.15423  -58.42881     -0.746    1448.19     72.000     71.297    -0.5361    -0.5359     0.0002    -0.5383    -0.5381     0.0002   2.807926   2.807848  -0.000091    34.2853    34.2838     7.6091    27.5551    27.5539    34.2849    27.5548    1446.87    1446.87    -0.5382  1027.9038    34.4507 0.0000e+00
      23377 313.808298  -62.15424  -58.42880     -0.826    1448.19     71.000     70.307    -0.5396    -0.5385     0.0011    -0.5418    -0.5406     0.0011   2.807598   2.807604   0.000011    34.2852    34.2841     7.6107    27.5552    27.5542    34.2851    27.5551    1446.83    1446.84    -0.5417  1027.8994    34.4508 0.0000e+00
      23407 313.808313  -62.15426  -58.42880     -0.811    1448.19     70.000     69.317    -0.5383    -0.5380     0.0003    -0.5405    -0.5401     0.0003   2.807681   2.807602  -0.000078    34.2852    34.2838     7.6132    27.5552    27.5540    34.2853    27.5553    1446.83    1446.83    -0.5404  1027.8947    34.4511 0.0000e+00
      23436 313.808327  -62.15426  -58.42880     -0.815    1448.19     69.000     68.326    -0.5343    -0.5345    -0.0002    -0.5364    -0.5366    -0.0002   2.807953   2.807828  -0.000121    34.2848    34.2835     7.6215    27.5547    27.5536    34.2851    27.5549    1446.83    1446.83    -0.5364  1027.8896    34.4509 0.0000e+00
      23464 313.808341  -62.15427  -58.42879     -0.840    1448.19     68.000     67.336    -0.5352    -0.5342     0.0010    -0.5373    -0.5363     0.0010   2.807830   2.807805  -0.000026    34.2851    34.2836     7.6259    27.5549    27.5537    34.2850    27.5549    1446.81    1446.81    -0.5372  1027.8848    34.4508 0.0000e+00
      23500 313.808358  -62.15428  -58.42878     -0.715    1448.19     67.000     66.346    -0.5338    -0.5340    -0.0002    -0.5359    -0.5361    -0.0002   2.807907   2.807789  -0.000111    34.2849    34.2836     7.6212    27.5547    27.5537    34.2851    27.5549    1446.80    1446.80    -0.5358  1027.8800    34.4509 0.0000e+00
      23542 313.808378  -62.15428  -58.42878     -0.560    1448.19     66.000     65.356    -0.5304    -0.5301     0.0003    -0.5324    -0.5321     0.0003   2.808138   2.808062  -0.000084    34.2848    34.2833     7.6221    27.5545    27.5533    34.2850    27.5547    1446.80    1446.80    -0.5324  1027.8750    34.4508 0.0000e+00
      23577 313.808395  -62.15430  -58.42878     -0.662    1448.19     65.000     64.366    -0.5307    -0.5298     0.0009    -0.5327    -0.5318     0.0009   2.808069   2.808035  -0.000039    34.2850    34.2834     7.6226    27.5546    27.5533    34.2850    27.5547    1446.78    1446.78    -0.5326  1027.8702    34.4507 0.0000e+00
      23609 313.808410  -62.15430  -58.42876     -0.733    1448.19     64.000     63.376    -0.5321    -0.5312     0.0010    -0.5341    -0.5331     0.0010   2.807894   2.807882  -0.000006    34.2849    34.2837     7.6128    27.5547    27.5536    34.2849    27.5546    1446.76    1446.76    -0.5340  1027.8654    34.4506 0.0000e+00
      23639 313.808425  -62.15431  -58.42876     -0.784    1448.19     63.000     62.386    -0.5337    -0.5337     0.0000    -0.5356    -0.5356     0.0000   2.807723   2.807620  -0.000099    34.2852    34.2839     7.6101    27.5550    27.5539    34.2850    27.5548    1446.73    1446.73    -0.5356  1027.8608    34.4507 0.0000e+00
      23669 313.808440  -62.15432  -58.42876     -0.804    1448.19     62.000     61.396    -0.5391    -0.5375     0.0016    -0.5410    -0.5394     0.0016   2.807223   2.807277   0.000043    34.2854    34.2842     7.6063    27.5554    27.5543    34.2850    27.5550    1446.69    1446.70    -0.5409  1027.8562    34.4507 0.0000e+00
      23700 313.808454  -62.15433  -58.42874     -0.796    1448.19     61.000     60.406    -0.5421    -0.5407     0.0013    -0.5439    -0.5426     0.0013   2.806961   2.806961  -0.000002    34.2859    34.2844     7.6082    27.5559    27.5546    34.2855    27.5555    1446.66    1446.67    -0.5439  1027.8520    34.4511 0.0000e+00
      23730 313.808469  -62.15434  -58.42874     -0.786    1448.19     60.000     59.416    -0.5442    -0.5430     0.0013    -0.5460    -0.5448     0.0013   2.806740   2.806730  -0.000005    34.2858    34.2843     7.6248    27.5559    27.5547    34.2855    27.5557    1446.64    1446.64    -0.5460  1027.8473    34.4512 0.0000e+00
      23760 313.808483  -62.15434  -58.42874     -0.792    1448.19     59.000     58.425    -0.5434    -0.5430     0.0004    -0.5452    -0.5448     0.0004   2.806753   2.806685  -0.000066    34.2855    34.2842     7.6158    27.5557    27.5545    34.2854    27.5555    1446.62    1446.62    -0.5452  1027.8424    34.4511 0.0000e+00
      23790 313.808498  -62.15436  -58.42874     -0.800    1448.19     58.000     57.436    -0.5420    -0.5415     0.0005    -0.5438    -0.5433     0.0005   2.806804   2.806754  -0.000054    34.2853    34.2840     7.6130    27.5554    27.5543    34.2851    27.5552    1446.61    1446.62    -0.5437  1027.8373    34.4508 0.0000e+00
