Pos-Processados/process_op42/operantar42_033.cnv
* Sea-Bird SBE 9 Data File:
* FileName = C:\Users\Hidrografia\Desktop\OPXLII\Brutos\OP42033.hdr
* Software Version Seasave V 7.26.7.107
* Temperature SN = 6502
* Conductivity SN = 4998
* Number of Bytes Per Scan = 37
* Number of Voltage Words = 4
* Number of Scans Averaged by the Deck Unit = 1
* NMEA Latitude = 62 08.12 S
* NMEA Longitude = 058 26.48 W
* NMEA UTC (Time) = Nov 09 2023 08:06:12
* NMEA baud rate = 4800
** H41
** NPOALTEMAXIMIANO
** NUMERO DA ESTACAO (XXX) 033
** LAT (XX XX.XX S/N) 62 08.10 S
** LONG (XXX XX.XX W/E) 058 26.50 W
** DATAHORA (dd/mm/aaaa hh:mm Z) 09/11/2023 0805Z
** PROFUNDIDADE (m) 423
** OPERADOR CT FABIREZA
# nquan = 30
# nvalues = 795                         
# units = specified
# name 0 = scan: Scan Count
# name 1 = timeJ: Julian Days
# name 2 = latitude: Latitude [deg]
# name 3 = longitude: Longitude [deg]
# name 4 = dz/dtM: Descent Rate [m/s]
# name 5 = avgsvCM: Average Sound Velocity [Chen-Millero, m/s]
# name 6 = prDM: Pressure, Digiquartz [db]
# name 7 = depSM: Depth [salt water, m]
# name 8 = t090C: Temperature [ITS-90, deg C]
# name 9 = t190C: Temperature, 2 [ITS-90, deg C]
# name 10 = T2-T190C: Temperature Difference, 2 - 1 [ITS-90, deg C]
# name 11 = potemp090C: Potential Temperature [ITS-90, deg C]
# name 12 = potemp190C: Potential Temperature, 2 [ITS-90, deg C]
# name 13 = potemp90Cdiff: Potential Temperature, Diff, 2 - 1 [ITS-90, deg C]
# name 14 = c0S/m: Conductivity [S/m]
# name 15 = c1S/m: Conductivity, 2 [S/m]
# name 16 = C2-C1S/m: Conductivity Difference, 2 - 1 [S/m]
# name 17 = sal00: Salinity, Practical [PSU]
# name 18 = sal11: Salinity, Practical, 2 [PSU]
# name 19 = sbeox0ML/L: Oxygen, SBE 43 [ml/l]
# name 20 = sigma-é00: Density [sigma-theta, kg/m^3]
# name 21 = sigma-é11: Density, 2 [sigma-theta, kg/m^3]
# name 22 = sal00: Salinity, Practical [PSU]
# name 23 = sigma-é00: Density [sigma-theta, kg/m^3]
# name 24 = svCM: Sound Velocity [Chen-Millero, m/s]
# name 25 = svCM1: Sound Velocity, 2 [Chen-Millero, m/s]
# name 26 = gsw_ptA0: potential temperature [ITS-90, deg C]
# name 27 = gsw_densityA0: density, TEOS-10 [density, kg/m^3]
# name 28 = gsw_saA0: Absolute Salinity [g/kg]
# name 29 = flag:
# span 0 =       1725,      25413       
# span 1 = 313.338470, 313.349894       
# span 2 =  -62.13977,  -62.13570       
# span 3 =  -58.44128,  -58.43634       
# span 4 =     -1.248,      1.113       
# span 5 =       0.00,    1467.46       
# span 6 =      1.000,    398.000       
# span 7 =      0.996,    393.792       
# span 8 =    -0.8427,    -0.5444       
# span 9 =    -0.8415,    -0.5431       
# span 10 =    -0.0251,     0.0112      
# span 11 =    -0.8498,    -0.5447      
# span 12 =    -0.8486,    -0.5434      
# span 13 =    -0.0251,     0.0112      
# span 14 =   2.790855,   2.824049      
# span 15 =   2.790819,   2.824007      
# span 16 =  -0.002347,   0.000963      
# span 17 =    34.2760,    34.3891      
# span 18 =    34.2734,    34.3881      
# span 19 =     6.8142,     7.6579      
# span 20 =    27.5521,    27.6438      
# span 21 =    27.5504,    27.6430      
# span 22 =    34.2764,    34.3890      
# span 23 =    27.5525,    27.6437      
# span 24 =    1445.57,    1451.87      
# span 25 =    1445.58,    1451.87      
# span 26 =    -0.8496,    -0.5447      
# span 27 =  1027.5629,  1029.5448      
# span 28 =    34.4408,    34.5592      
# span 29 = 0.0000e+00, 0.0000e+00      
# interval = decibars: 1                
# start_time = Nov 09 2023 08:06:12 [NMEA time, header]
# bad_flag = -9.990e-29
*END*
[from data line 194]
       7286 313.341152  -62.13666  -58.44042      0.820    1446.77    195.000    193.038    -0.7679    -0.7667     0.0012    -0.7737    -0.7725     0.0012   2.795579   2.795593   0.000009    34.3050    34.3038     7.4627    27.5812    27.5801    34.3050    27.5811    1447.81    1447.81    -0.7735  1028.5195    34.4721 0.0000e+00
       7314 313.341165  -62.13667  -58.44042      0.852    1446.77    196.000    194.028    -0.7674    -0.7668     0.0006    -0.7732    -0.7726     0.0006   2.795670   2.795652  -0.000014    34.3048    34.3040     7.4566    27.5810    27.5803    34.3050    27.5811    1447.83    1447.83    -0.7731  1028.5243    34.4722 0.0000e+00
       7339 313.341178  -62.13668  -58.44042      0.924    1446.77    197.000    195.017    -0.7666    -0.7658     0.0008    -0.7725    -0.7717     0.0008   2.795784   2.795783 -6.179e-07    34.3050    34.3041     7.4563    27.5811    27.5803    34.3050    27.5812    1447.85    1447.85    -0.7723  1028.5290    34.4722 0.0000e+00
       7364 313.341190  -62.13668  -58.44041      0.966    1446.77    198.000    196.006    -0.7666    -0.7657     0.0010    -0.7725    -0.7716     0.0010   2.795836   2.795841   0.000003    34.3052    34.3041     7.4560    27.5813    27.5803    34.3052    27.5813    1447.87    1447.87    -0.7724  1028.5339    34.4723 0.0000e+00
       7391 313.341203  -62.13668  -58.44040      0.908    1446.77    199.000    196.996    -0.7671    -0.7661     0.0009    -0.7730    -0.7720     0.0009   2.795845   2.795850 -4.436e-08    34.3052    34.3042     7.4523    27.5813    27.5804    34.3052    27.5812    1447.88    1447.88    -0.7728  1028.5387    34.4723 0.0000e+00
       7421 313.341217  -62.13670  -58.44038      0.821    1446.77    200.000    197.985    -0.7682    -0.7672     0.0010    -0.7741    -0.7731     0.0010   2.795814   2.795812 5.7835e-08    34.3055    34.3043     7.4542    27.5816    27.5806    34.3054    27.5815    1447.89    1447.90    -0.7740  1028.5437    34.4726 0.0000e+00
       7449 313.341231  -62.13670  -58.44038      0.837    1446.77    201.000    198.975    -0.7683    -0.7674     0.0009    -0.7743    -0.7734     0.0009   2.795844   2.795857   0.000010    34.3053    34.3044     7.4556    27.5814    27.5807    34.3053    27.5814    1447.91    1447.91    -0.7741  1028.5484    34.4725 0.0000e+00
       7473 313.341242  -62.13670  -58.44038      0.929    1446.77    202.000    199.964    -0.7680    -0.7674     0.0006    -0.7740    -0.7734     0.0006   2.795911   2.795906  -0.000003    34.3052    34.3045     7.4555    27.5813    27.5807    34.3052    27.5814    1447.92    1447.93    -0.7739  1028.5531    34.4724 0.0000e+00
       7496 313.341254  -62.13670  -58.44038      1.010    1446.77    203.000    200.954    -0.7663    -0.7659     0.0004    -0.7724    -0.7719     0.0004   2.796113   2.796107  -0.000017    34.3051    34.3044     7.4472    27.5812    27.5806    34.3055    27.5815    1447.95    1447.95    -0.7722  1028.5580    34.4726 0.0000e+00
       7520 313.341265  -62.13672  -58.44038      1.033    1446.77    204.000    201.943    -0.7628    -0.7622     0.0006    -0.7689    -0.7683     0.0006   2.796509   2.796489  -0.000010    34.3057    34.3049     7.4396    27.5815    27.5809    34.3062    27.5819    1447.98    1447.99    -0.7687  1028.5632    34.4734 0.0000e+00
       7546 313.341278  -62.13672  -58.44036      0.956    1446.77    205.000    202.932    -0.7608    -0.7602     0.0007    -0.7670    -0.7663     0.0007   2.796722   2.796707  -0.000015    34.3060    34.3051     7.4507    27.5817    27.5809    34.3063    27.5819    1448.01    1448.01    -0.7668  1028.5679    34.4734 0.0000e+00
       7576 313.341292  -62.13672  -58.44036      0.837    1446.77    206.000    203.922    -0.7605    -0.7600     0.0005    -0.7666    -0.7661     0.0005   2.796813   2.796787  -0.000023    34.3061    34.3053     7.4560    27.5818    27.5811    34.3065    27.5820    1448.03    1448.03    -0.7665  1028.5728    34.4736 0.0000e+00
       7605 313.341306  -62.13673  -58.44035      0.822    1446.77    207.000    204.911    -0.7562    -0.7558     0.0004    -0.7624    -0.7620     0.0004   2.797292   2.797238  -0.000019    34.3066    34.3059     7.4485    27.5820    27.5814    34.3075    27.5827    1448.07    1448.07    -0.7622  1028.5783    34.4747 0.0000e+00
       7631 313.341319  -62.13674  -58.44034      0.874    1446.77    208.000    205.901    -0.7497    -0.7502    -0.0004    -0.7560    -0.7564    -0.0004   2.797937   2.797857  -0.000133    34.3076    34.3062     7.4438    27.5825    27.5814    34.3083    27.5831    1448.11    1448.11    -0.7558  1028.5834    34.4755 0.0000e+00
       7657 313.341331  -62.13674  -58.44034      0.925    1446.77    209.000    206.890    -0.7481    -0.7472     0.0010    -0.7544    -0.7535     0.0010   2.798176   2.798152  -0.000018    34.3083    34.3070     7.4255    27.5830    27.5820    34.3091    27.5837    1448.14    1448.14    -0.7542  1028.5887    34.4763 0.0000e+00
       7683 313.341344  -62.13674  -58.44034      0.928    1446.77    210.000    207.880    -0.7437    -0.7429     0.0008    -0.7500    -0.7493     0.0008   2.798645   2.798626  -0.000012    34.3088    34.3078     7.4197    27.5833    27.5824    34.3097    27.5840    1448.18    1448.18    -0.7499  1028.5938    34.4769 0.0000e+00
       7710 313.341357  -62.13674  -58.44034      0.893    1446.77    211.000    208.869    -0.7417    -0.7410     0.0007    -0.7481    -0.7474     0.0007   2.798878   2.798846  -0.000033    34.3094    34.3082     7.4203    27.5837    27.5826    34.3100    27.5842    1448.20    1448.20    -0.7479  1028.5987    34.4773 0.0000e+00
       7738 313.341370  -62.13676  -58.44032      0.869    1446.77    212.000    209.858    -0.7405    -0.7401     0.0005    -0.7469    -0.7465     0.0005   2.799046   2.798989  -0.000053    34.3098    34.3085     7.4205    27.5839    27.5829    34.3104    27.5844    1448.22    1448.22    -0.7467  1028.6037    34.4776 0.0000e+00
       7765 313.341383  -62.13676  -58.44032      0.876    1446.77    213.000    210.848    -0.7394    -0.7386     0.0008    -0.7458    -0.7450     0.0008   2.799200   2.799186  -0.000015    34.3100    34.3088     7.4135    27.5840    27.5830    34.3105    27.5845    1448.24    1448.25    -0.7457  1028.6086    34.4778 0.0000e+00
       7793 313.341396  -62.13676  -58.44032      0.875    1446.77    214.000    211.837    -0.7388    -0.7380     0.0008    -0.7453    -0.7445     0.0008   2.799322   2.799294  -0.000031    34.3104    34.3091     7.4094    27.5844    27.5833    34.3109    27.5848    1448.27    1448.27    -0.7451  1028.6136    34.4782 0.0000e+00
       7819 313.341409  -62.13676  -58.44031      0.899    1446.77    215.000    212.827    -0.7390    -0.7383     0.0007    -0.7455    -0.7448     0.0007   2.799358   2.799314  -0.000034    34.3106    34.3094     7.4118    27.5845    27.5835    34.3110    27.5848    1448.28    1448.28    -0.7453  1028.6184    34.4783 0.0000e+00
       7847 313.341423  -62.13677  -58.44030      0.877    1446.77    216.000    213.816    -0.7381    -0.7379     0.0002    -0.7447    -0.7445     0.0002   2.799479   2.799413  -0.000069    34.3105    34.3094     7.4042    27.5844    27.5835    34.3111    27.5849    1448.30    1448.30    -0.7445  1028.6232    34.4783 0.0000e+00
       7876 313.341437  -62.13678  -58.44030      0.829    1446.77    217.000    214.805    -0.7363    -0.7356     0.0007    -0.7428    -0.7421     0.0007   2.799694   2.799686  -0.000011    34.3108    34.3099     7.4052    27.5846    27.5838    34.3112    27.5849    1448.32    1448.33    -0.7427  1028.6280    34.4785 0.0000e+00
       7905 313.341451  -62.13678  -58.44030      0.825    1446.77    218.000    215.795    -0.7360    -0.7352     0.0008    -0.7426    -0.7418     0.0008   2.799790   2.799771  -0.000019    34.3113    34.3101     7.4033    27.5850    27.5840    34.3116    27.5852    1448.34    1448.35    -0.7424  1028.6331    34.4789 0.0000e+00
       7934 313.341465  -62.13679  -58.44028      0.834    1446.77    219.000    216.784    -0.7382    -0.7354     0.0028    -0.7448    -0.7420     0.0028   2.799690   2.799791   0.000099    34.3119    34.3100     7.3896    27.5856    27.5839    34.3121    27.5857    1448.35    1448.36    -0.7447  1028.6384    34.4794 0.0000e+00
       7960 313.341477  -62.13680  -58.44028      0.878    1446.77    220.000    217.773    -0.7488    -0.7417     0.0038    -0.7555    -0.7483     0.0038   2.798792   2.799206   0.000126    34.3141    34.3115     7.3982    27.5878    27.5855    34.3114    27.5856    1448.32    1448.34    -0.7553  1028.6431    34.4787 0.0000e+00
       7985 313.341489  -62.13680  -58.44028      0.945    1446.77    221.000    218.763    -0.7750    -0.7743     0.0007    -0.7816    -0.7809     0.0007   2.796692   2.796616  -0.000057    34.3132    34.3117     7.4080    27.5882    27.5869    34.3121    27.5872    1448.21    1448.21    -0.7814  1028.6497    34.4794 0.0000e+00
       8010 313.341501  -62.13680  -58.44028      0.972    1446.77    222.000    219.752    -0.7693    -0.7661     0.0032    -0.7760    -0.7728     0.0032   2.797132   2.797323   0.000205    34.3109    34.3101     7.3977    27.5860    27.5852    34.3110    27.5861    1448.25    1448.27    -0.7758  1028.6533    34.4783 0.0000e+00
       8036 313.341514  -62.13681  -58.44027      0.952    1446.77    223.000    220.741    -0.7685    -0.7657     0.0028    -0.7752    -0.7724     0.0028   2.797217   2.797407   0.000159    34.3121    34.3111     7.4013    27.5870    27.5860    34.3106    27.5857    1448.27    1448.28    -0.7750  1028.6577    34.4779 0.0000e+00
       8063 313.341527  -62.13682  -58.44026      0.898    1446.77    224.000    221.731    -0.7681    -0.7697    -0.0016    -0.7748    -0.7765    -0.0016   2.797288   2.797159  -0.000137    34.3102    34.3102     7.4121    27.5854    27.5855    34.3105    27.5856    1448.29    1448.28    -0.7747  1028.6624    34.4778 0.0000e+00
       8091 313.341540  -62.13682  -58.44026      0.857    1446.77    225.000    222.720    -0.7627    -0.7619     0.0008    -0.7694    -0.7686     0.0008   2.797838   2.797802  -0.000014    34.3114    34.3103     7.4197    27.5862    27.5853    34.3112    27.5860    1448.33    1448.33    -0.7693  1028.6675    34.4785 0.0000e+00
       8118 313.341553  -62.13682  -58.44026      0.864    1446.77    226.000    223.709    -0.7722    -0.7714     0.0008    -0.7790    -0.7782     0.0008   2.797106   2.797042  -0.000062    34.3124    34.3106     7.4222    27.5874    27.5859    34.3115    27.5866    1448.30    1448.31    -0.7788  1028.6730    34.4788 0.0000e+00
       8144 313.341566  -62.13682  -58.44026      0.925    1446.77    227.000    224.699    -0.7727    -0.7718     0.0010    -0.7795    -0.7786     0.0010   2.797081   2.797070  -0.000005    34.3113    34.3102     7.4193    27.5865    27.5856    34.3111    27.5863    1448.32    1448.32    -0.7793  1028.6774    34.4784 0.0000e+00
       8168 313.341577  -62.13682  -58.44026      0.978    1446.77    228.000    225.688    -0.7753    -0.7740     0.0012    -0.7821    -0.7809     0.0012   2.796930   2.796894  -0.000039    34.3120    34.3100     7.4186    27.5872    27.5855    34.3113    27.5866    1448.32    1448.33    -0.7820  1028.6807    34.4763 0.0000e+00
       8191 313.341589 -9.990e-29  -58.44024      1.004    1446.77    229.000    226.677    -0.7874    -0.7809     0.0065    -0.7943    -0.7878     0.0065   2.796011   2.796273   0.000310    34.3142    34.3110     7.4121    27.5894    27.5866    34.3121    27.5877    1448.28    1448.31    -0.7941  1028.6841    34.4739 0.0000e+00
       8217 313.341601 -9.990e-29  -58.44024      0.977    1446.77    230.000    227.667    -0.7924    -0.7974    -0.0051    -0.7992    -0.8043    -0.0051   2.795524   2.795072  -0.000419    34.3105    34.3106     7.4126    27.5867    27.5869    34.3104    27.5866    1448.27    1448.25    -0.7991  1028.6877    34.4722 0.0000e+00
       8245 313.341614 -9.990e-29  -58.44024      0.890    1446.77    231.000    228.656    -0.7756    -0.7797    -0.0041    -0.7825    -0.7866    -0.0041   2.797042   2.796592  -0.000482    34.3104    34.3086     7.4017    27.5859    27.5846    34.3113    27.5866    1448.37    1448.35    -0.7823  1028.6924    34.4731 0.0000e+00
       8273 313.341628  -62.13685  -58.44024      0.851    1446.77    232.000    229.645    -0.7710    -0.7696     0.0013    -0.7779    -0.7766     0.0013   2.797421   2.797455   0.000007    34.3110    34.3095     7.4072    27.5862    27.5850    34.3106    27.5859    1448.41    1448.41    -0.7778  1028.7003    34.4772 0.0000e+00
       8299 313.341641  -62.13686 -9.990e-29      0.889    1446.77    233.000    230.635    -0.7780    -0.7787    -0.0007    -0.7850    -0.7857    -0.0007   2.796905   2.796636  -0.000121    34.3118    34.3109     7.4275    27.5871    27.5864    34.3110    27.5865    1448.39    1448.38    -0.7848  1028.7082    34.4808 0.0000e+00
       8325 313.341653  -62.13686 -9.990e-29      0.928    1446.77    234.000    231.624    -0.8055    -0.8072    -0.0018    -0.8125    -0.8142    -0.0018   2.794614   2.794327  -0.000379    34.3142    34.3110     7.4296    27.5901    27.5877    34.3106    27.5872    1448.28    1448.27    -0.8123  1028.7139    34.4803 0.0000e+00
       8350 313.341665  -62.13686 -9.990e-29      0.942    1446.77    235.000    232.613    -0.8277    -0.8262     0.0015    -0.8346    -0.8331     0.0015   2.792795   2.792754  -0.000064    34.3134    34.3108     7.4249    27.5904    27.5883    34.3105    27.5881    1448.19    1448.19    -0.8345  1028.7197    34.4803 0.0000e+00
       8377 313.341678  -62.13686  -58.44022      0.924    1446.77    236.000    233.602    -0.8385    -0.8366     0.0019    -0.8455    -0.8436     0.0019   2.791849   2.791915   0.000063    34.3116    34.3103     7.4123    27.5894    27.5883    34.3094    27.5876    1448.15    1448.16    -0.8453  1028.7227    34.4773 0.0000e+00
       8403 313.341691  -62.13688  -58.44022      0.910    1446.77    237.000    234.592    -0.8413    -0.8402     0.0011    -0.8482    -0.8472     0.0011   2.791624   2.791670   0.000042    34.3105    34.3099     7.4215    27.5887    27.5881    34.3088    27.5873    1448.15    1448.16    -0.8481  1028.7267    34.4762 0.0000e+00
       8426 313.341702  -62.13688  -58.44020      0.963    1446.77    238.000    235.581    -0.8399    -0.8392     0.0007    -0.8470    -0.8462     0.0007   2.791792   2.791815   0.000029    34.3102    34.3098     7.4452    27.5883    27.5880    34.3090    27.5874    1448.18    1448.18    -0.8468  1028.7315    34.4763 0.0000e+00
       8449 313.341713  -62.13688  -58.44020      1.045    1446.77    239.000    236.570    -0.8402    -0.8398     0.0005    -0.8473    -0.8468     0.0005   2.791820   2.791821   0.000001    34.3103    34.3098     7.4554    27.5884    27.5880    34.3091    27.5875    1448.19    1448.20    -0.8471  1028.7364    34.4765 0.0000e+00
       8471 313.341724  -62.13688  -58.44020      1.073    1446.77    240.000    237.559    -0.8401    -0.8395     0.0007    -0.8472    -0.8466     0.0007   2.791864   2.791894   0.000027    34.3101    34.3096     7.4621    27.5882    27.5879    34.3090    27.5874    1448.21    1448.21    -0.8470  1028.7410    34.4763 0.0000e+00
       8496 313.341735  -62.13688  -58.44020      1.027    1446.98    241.000    238.549    -0.8427    -0.8415     0.0012    -0.8498    -0.8486     0.0012   2.791733   2.791783   0.000050    34.3106    34.3098     7.4578    27.5888    27.5881    34.3095    27.5879    1448.21    1448.22    -0.8496  1028.7464    34.4769 0.0000e+00
