Pos-Processados/process_op42/operantar42_019.cnv
* Sea-Bird SBE 9 Data File:
* FileName = C:\Users\Hidrografia\Desktop\OPXLII\Brutos\OP42019.hdr
* Software Version Seasave V 7.26.7.107
* Temperature SN = 6502
* Conductivity SN = 4998
* Number of Bytes Per Scan = 37
* Number of Voltage Words = 4
* Number of Scans Averaged by the Deck Unit = 1
* NMEA Latitude = 62 12.74 S
* NMEA Longitude = 058 20.49 W
* NMEA UTC (Time) = Nov 07 2023 15:27:40
* NMEA baud rate = 4800
** H41
** NPOALTEMAXIMIANO
** NUMERO DA ESTACAO (XXX) 019
** LAT (XX XX.XX S/N) 62 12.46 S
** LONG (XXX XX.XX W/E) 058 20.12 W
** DATAHORA (dd/mm/aaaa hh:mm Z) 07/11/2023 1518Z
** PROFUNDIDADE (m) 490
** OPERADOR CT FILIPE LOPES
# nquan = 30
# nvalues = 913                         
# units = specified
# name 0 = scan: Scan Count
# name 1 = timeJ: Julian Days
# name 2 = latitude: Latitude [deg]
# name 3 = longitude: Longitude [deg]
# name 4 = dz/dtM: Descent Rate [m/s]
# name 5 = avgsvCM: Average Sound Velocity [Chen-Millero, m/s]
# name 6 = prDM: Pressure, Digiquartz [db]
# name 7 = depSM: Depth [salt water, m]
# name 8 = t090C: Temperature [ITS-90, deg C]
# name 9 = t190C: Temperature, 2 [ITS-90, deg C]
# name 10 = T2-T190C: Temperature Difference, 2 - 1 [ITS-90, deg C]
# name 11 = potemp090C: Potential Temperature [ITS-90, deg C]
# name 12 = potemp190C: Potential Temperature, 2 [ITS-90, deg C]
# name 13 = potemp90Cdiff: Potential Temperature, Diff, 2 - 1 [ITS-90, deg C]
# name 14 = c0S/m: Conductivity [S/m]
# name 15 = c1S/m: Conductivity, 2 [S/m]
# name 16 = C2-C1S/m: Conductivity Difference, 2 - 1 [S/m]
# name 17 = sal00: Salinity, Practical [PSU]
# name 18 = sal11: Salinity, Practical, 2 [PSU]
# name 19 = sbeox0ML/L: Oxygen, SBE 43 [ml/l]
# name 20 = sigma-é00: Density [sigma-theta, kg/m^3]
# name 21 = sigma-é11: Density, 2 [sigma-theta, kg/m^3]
# name 22 = sal00: Salinity, Practical [PSU]
# name 23 = sigma-é00: Density [sigma-theta, kg/m^3]
# name 24 = svCM: Sound Velocity [Chen-Millero, m/s]
# name 25 = svCM1: Sound Velocity, 2 [Chen-Millero, m/s]
# name 26 = gsw_ptA0: potential temperature [ITS-90, deg C]
# name 27 = gsw_densityA0: density, TEOS-10 [density, kg/m^3]
# name 28 = gsw_saA0: Absolute Salinity [g/kg]
# name 29 = flag:
# span 0 =       2866,      37952       
# span 1 = 311.645594, 311.662515       
# span 2 =  -62.21821,  -62.21281       
# span 3 =  -58.34099,  -58.33464       
# span 4 =     -1.107,      1.119       
# span 5 =       0.00,    1448.93       
# span 6 =      2.000,    458.000       
# span 7 =      1.985,    453.096       
# span 8 =    -0.8834,    -0.2283       
# span 9 =    -0.8826,    -0.2271       
# span 10 =    -0.0267,     0.0342      
# span 11 =    -0.8906,    -0.2443      
# span 12 =    -0.8897,    -0.2431      
# span 13 =    -0.0266,     0.0341      
# span 14 =   2.788194,   2.863769      
# span 15 =   2.788248,   2.863849      
# span 16 =  -0.002371,   0.002889      
# span 17 =    34.2952,    34.4667      
# span 18 =    34.2948,    34.4663      
# span 19 =     6.1334,     7.5568      
# span 20 =    27.5640,    27.6924      
# span 21 =    27.5631,    27.6914      
# span 22 =    34.2949,    34.4661      
# span 23 =    27.5643,    27.6920      
# span 24 =    1445.59,    1454.52      
# span 25 =    1445.59,    1454.52      
# span 26 =    -0.8904,    -0.2441      
# span 27 =  1027.5781,  1029.8714      
# span 28 =    34.4582,    34.6364      
# span 29 = 0.0000e+00, 0.0000e+00      
# interval = decibars: 1                
# start_time = Nov 07 2023 15:27:40 [NMEA time, header]
# bad_flag = -9.990e-29
*END*
[from data line 339]
      13431 311.650690  -62.21440  -58.33909      0.887    1447.45    341.000    337.448    -0.7730    -0.7724     0.0007    -0.7836    -0.7830     0.0007   2.805240   2.805207  -0.000039    34.3513    34.3499     7.1321    27.6191    27.6180    34.3519    27.6196    1450.23    1450.23    -0.7834  1029.2537    34.5198 0.0000e+00
      13455 311.650701  -62.21440  -58.33908      0.986    1447.45    342.000    338.437    -0.7716    -0.7712     0.0005    -0.7823    -0.7818     0.0005   2.805425   2.805368  -0.000053    34.3514    34.3501     7.1299    27.6191    27.6180    34.3522    27.6197    1450.25    1450.25    -0.7820  1029.2586    34.5201 0.0000e+00
      13479 311.650713  -62.21440  -58.33908      0.994    1447.45    343.000    339.425    -0.7682    -0.7673     0.0009    -0.7789    -0.7780     0.0009   2.805844   2.805844  -0.000006    34.3527    34.3516     7.1392    27.6200    27.6191    34.3534    27.6206    1450.29    1450.29    -0.7787  1029.2641    34.5213 0.0000e+00
      13508 311.650727  -62.21440  -58.33908      0.898    1447.45    344.000    340.415    -0.7678    -0.7671     0.0007    -0.7786    -0.7778     0.0007   2.805943   2.805909  -0.000030    34.3531    34.3519     7.1316    27.6203    27.6193    34.3537    27.6208    1450.31    1450.31    -0.7783  1029.2691    34.5216 0.0000e+00
      13539 311.650742  -62.21442  -58.33908      0.772    1447.45    345.000    341.403    -0.7655    -0.7644     0.0012    -0.7763    -0.7751     0.0012   2.806236   2.806285   0.000043    34.3537    34.3529     7.1211    27.6207    27.6200    34.3544    27.6213    1450.33    1450.34    -0.7760  1029.2744    34.5224 0.0000e+00
      13572 311.650758  -62.21442  -58.33906      0.731    1447.45    346.000    342.392    -0.7652    -0.7635     0.0017    -0.7760    -0.7743     0.0017   2.806353   2.806416   0.000060    34.3548    34.3536     7.1141    27.6215    27.6205    34.3550    27.6218    1450.35    1450.36    -0.7758  1029.2796    34.5229 0.0000e+00
      13605 311.650773  -62.21442  -58.33906      0.732    1447.45    347.000    343.380    -0.7655    -0.7642     0.0013    -0.7763    -0.7751     0.0013   2.806356   2.806377   0.000021    34.3545    34.3533     7.1005    27.6214    27.6204    34.3548    27.6216    1450.37    1450.37    -0.7761  1029.2842    34.5227 0.0000e+00
      13635 311.650788  -62.21442  -58.33906      0.781    1447.45    348.000    344.369    -0.7652    -0.7642     0.0010    -0.7761    -0.7751     0.0010   2.806429   2.806432   0.000002    34.3546    34.3535     7.1060    27.6214    27.6205    34.3549    27.6217    1450.39    1450.39    -0.7758  1029.2890    34.5228 0.0000e+00
      13663 311.650802  -62.21444  -58.33906      0.838    1447.45    349.000    345.358    -0.7652    -0.7644     0.0008    -0.7761    -0.7753     0.0008   2.806475   2.806447  -0.000025    34.3545    34.3533     7.0947    27.6214    27.6203    34.3548    27.6216    1450.40    1450.40    -0.7759  1029.2937    34.5228 0.0000e+00
      13691 311.650815  -62.21444  -58.33904      0.861    1447.45    350.000    346.347    -0.7647    -0.7638     0.0009    -0.7756    -0.7748     0.0009   2.806559   2.806560   0.000002    34.3545    34.3536     7.0892    27.6213    27.6205    34.3548    27.6216    1450.42    1450.42    -0.7754  1029.2984    34.5227 0.0000e+00
      13720 311.650829  -62.21444  -58.33904      0.831    1447.45    351.000    347.336    -0.7634    -0.7629     0.0006    -0.7744    -0.7739     0.0006   2.806756   2.806712  -0.000041    34.3550    34.3539     7.1052    27.6217    27.6207    34.3554    27.6220    1450.44    1450.44    -0.7741  1029.3036    34.5233 0.0000e+00
      13751 311.650844  -62.21444  -58.33904      0.791    1447.45    352.000    348.324    -0.7623    -0.7616     0.0007    -0.7733    -0.7726     0.0007   2.806925   2.806904  -0.000021    34.3555    34.3544     7.0985    27.6220    27.6211    34.3558    27.6223    1450.47    1450.47    -0.7731  1029.3086    34.5237 0.0000e+00
      13780 311.650858  -62.21446  -58.33904      0.813    1447.45    353.000    349.313    -0.7561    -0.7542     0.0019    -0.7672    -0.7653     0.0019   2.807655   2.807757   0.000109    34.3565    34.3558     7.1062    27.6226    27.6219    34.3580    27.6238    1450.51    1450.52    -0.7669  1029.3148    34.5260 0.0000e+00
      13808 311.650871  -62.21446  -58.33902      0.849    1447.46    354.000    350.302    -0.7465    -0.7458     0.0006    -0.7576    -0.7570     0.0006   2.808676   2.808663  -0.000024    34.3594    34.3583     7.1055    27.6245    27.6236    34.3603    27.6253    1450.58    1450.58    -0.7574  1029.3179    34.5245 0.0000e+00
      13839 311.650886 -9.990e-29  -58.33902      0.809 -9.990e-29    355.000    351.290    -0.7451    -0.7439     0.0012    -0.7563    -0.7551     0.0012   2.808874   2.808891   0.000016    34.3604    34.3592     7.0901    27.6253    27.6243    34.3608    27.6257    1450.60    1450.61    -0.7560  1029.3213    34.5229 0.0000e+00
      13872 311.650903 -9.990e-29  -58.33902      0.721 -9.990e-29    356.000    352.279    -0.7488    -0.7474     0.0014    -0.7600    -0.7586     0.0014   2.808570   2.808587   0.000013    34.3600    34.3585     7.0773    27.6251    27.6239    34.3602    27.6253    1450.60    1450.61    -0.7597  1029.3257    34.5223 0.0000e+00
      13905 311.650918  -62.21448  -58.33900      0.727    1447.81    357.000    353.268    -0.7461    -0.7451     0.0010    -0.7573    -0.7563     0.0010   2.808910   2.808885  -0.000022    34.3604    34.3590     7.0546    27.6253    27.6241    34.3612    27.6260    1450.63    1450.63    -0.7571  1029.3335    34.5262 0.0000e+00
      13933 311.650932  -62.21448  -58.33900      0.814    1447.82    358.000    354.257    -0.7422    -0.7418     0.0004    -0.7535    -0.7531     0.0004   2.809316   2.809263  -0.000051    34.3611    34.3599     7.0379    27.6257    27.6248    34.3617    27.6262    1450.66    1450.67    -0.7533  1029.3408    34.5297 0.0000e+00
      13959 311.650944  -62.21448  -58.33900      0.890    1447.82    359.000    355.245    -0.7428    -0.7417     0.0011    -0.7541    -0.7530     0.0011   2.809322   2.809324   0.000008    34.3613    34.3602     7.0502    27.6260    27.6250    34.3618    27.6263    1450.68    1450.68    -0.7539  1029.3457    34.5298 0.0000e+00
      13987 311.650958  -62.21448  -58.33900      0.893    1447.82    360.000    356.234    -0.7415    -0.7408     0.0008    -0.7529    -0.7522     0.0008   2.809490   2.809450  -0.000041    34.3617    34.3603     7.0409    27.6262    27.6250    34.3620    27.6265    1450.70    1450.71    -0.7526  1029.3506    34.5300 0.0000e+00
      14018 311.650973  -62.21448  -58.33900      0.797    1447.82    361.000    357.222    -0.7422    -0.7414     0.0007    -0.7536    -0.7529     0.0007   2.809442   2.809427  -0.000021    34.3613    34.3602     7.0315    27.6259    27.6250    34.3615    27.6261    1450.72    1450.72    -0.7534  1029.3568    34.5318 0.0000e+00
      14051 311.650989  -62.21448 -9.990e-29      0.718    1447.82    362.000    358.211    -0.7435    -0.7426     0.0009    -0.7549    -0.7540     0.0009   2.809397   2.809361  -0.000019    34.3613    34.3600     7.0396    27.6260    27.6249    34.3618    27.6264    1450.73    1450.73    -0.7547  1029.3620    34.5323 0.0000e+00
      14081 311.651003  -62.21450 -9.990e-29      0.782    1447.82    363.000    359.200    -0.7350    -0.7335     0.0016    -0.7465    -0.7450     0.0016   2.810286   2.810408   0.000103    34.3619    34.3615     7.0286    27.6261    27.6257    34.3636    27.6275    1450.78    1450.79    -0.7463  1029.3678    34.5341 0.0000e+00
      14107 311.651016  -62.21450  -58.33898      0.882    1447.82    364.000    360.188    -0.7244    -0.7257    -0.0013    -0.7360    -0.7372    -0.0013   2.811488   2.811273  -0.000197    34.3659    34.3647     7.0279    27.6289    27.6280    34.3671    27.6299    1450.85    1450.85    -0.7357  1029.3736    34.5361 0.0000e+00
      14134 311.651029  -62.21450  -58.33897      0.907    1447.82    365.000    361.177    -0.7243    -0.7224     0.0020    -0.7360    -0.7340     0.0020   2.811645   2.811674   0.000041    34.3679    34.3662     7.0409    27.6305    27.6291    34.3686    27.6311    1450.87    1450.88    -0.7357  1029.3787    34.5366 0.0000e+00
      14167 311.651044  -62.21452  -58.33896      0.784    1447.82    366.000    362.166    -0.6993    -0.7063    -0.0069    -0.7111    -0.7180    -0.0069   2.814067   2.813546  -0.000524    34.3679    34.3687     7.0094    27.6294    27.6304    34.3723    27.6330    1451.01    1450.98    -0.7108  1029.3851    34.5404 0.0000e+00
      14203 311.651062  -62.21452  -58.33896      0.650    1447.82    367.000    363.154    -0.6568    -0.6580    -0.0012    -0.6686    -0.6699    -0.0012   2.818098   2.818290   0.000206    34.3741    34.3782     6.9806    27.6327    27.6361    34.3778    27.6357    1451.24    1451.23    -0.6684  1029.3920    34.5458 0.0000e+00
      14235 311.651077  -62.21452  -58.33896      0.728    1447.82    368.000    364.143    -0.6494    -0.6495    -0.0000    -0.6614    -0.6615    -0.0000   2.819319   2.819280  -0.000048    34.3824    34.3818     6.9766    27.6391    27.6386    34.3853    27.6415    1451.30    1451.30    -0.6611  1029.4024    34.5534 0.0000e+00
      14262 311.651090  -62.21452  -58.33894      0.850    1447.82    369.000    365.131    -0.6466    -0.6463     0.0004    -0.6586    -0.6583     0.0004   2.819801   2.819747  -0.000051    34.3856    34.3845     6.9209    27.6416    27.6407    34.3880    27.6435    1451.33    1451.33    -0.6584  1029.4091    34.5561 0.0000e+00
      14289 311.651103  -62.21452  -58.33894      0.897    1447.82    370.000    366.120    -0.6454    -0.6447     0.0007    -0.6575    -0.6568     0.0007   2.820136   2.820073  -0.000060    34.3887    34.3871     6.8725    27.6441    27.6427    34.3906    27.6455    1451.35    1451.36    -0.6572  1029.4159    34.5587 0.0000e+00
      14318 311.651117  -62.21453  -58.33894      0.850    1447.82    371.000    367.109    -0.6456    -0.6455     0.0002    -0.6577    -0.6576     0.0002   2.820192   2.820081  -0.000111    34.3894    34.3877     6.8475    27.6446    27.6433    34.3909    27.6459    1451.37    1451.37    -0.6575  1029.4210    34.5591 0.0000e+00
      14347 311.651131  -62.21454  -58.33894      0.810    1447.82    372.000    368.098    -0.6466    -0.6452     0.0014    -0.6587    -0.6573     0.0014   2.820190   2.820203   0.000008    34.3901    34.3886     6.8124    27.6452    27.6440    34.3914    27.6463    1451.38    1451.39    -0.6585  1029.4261    34.5596 0.0000e+00
      14375 311.651145  -62.21454  -58.33893      0.836    1447.82    373.000    369.086    -0.6452    -0.6443     0.0010    -0.6574    -0.6564     0.0010   2.820369   2.820359  -0.000023    34.3906    34.3892     6.7974    27.6456    27.6444    34.3916    27.6464    1451.41    1451.41    -0.6571  1029.4310    34.5598 0.0000e+00
      14405 311.651159  -62.21454  -58.33892      0.840    1447.82    374.000    370.075    -0.6496    -0.6476     0.0019    -0.6618    -0.6598     0.0019   2.820138   2.820173   0.000033    34.3922    34.3905     6.7995    27.6471    27.6456    34.3928    27.6476    1451.40    1451.41    -0.6615  1029.4345    34.5580 0.0000e+00
      14438 311.651175 -9.990e-29  -58.33891      0.749    1447.82    375.000    371.064    -0.6506    -0.6491     0.0015    -0.6628    -0.6614     0.0015   2.820112   2.820109 -5.131e-07    34.3924    34.3908     6.7945    27.6473    27.6459    34.3931    27.6478    1451.42    1451.42    -0.6626  1029.4372    34.5553 0.0000e+00
      14474 311.651193 -9.990e-29  -58.33890      0.656    1447.82    376.000    372.052    -0.6495    -0.6488     0.0008    -0.6618    -0.6610     0.0008   2.820153   2.820126  -0.000026    34.3914    34.3901     6.7891    27.6464    27.6453    34.3918    27.6467    1451.43    1451.44    -0.6615  1029.4408    34.5540 0.0000e+00
      14506 311.651208  -62.21456  -58.33890      0.720    1447.82    377.000    373.041    -0.6516    -0.6506     0.0010    -0.6639    -0.6629     0.0010   2.820063   2.820033  -0.000030    34.3920    34.3905     6.7940    27.6470    27.6458    34.3923    27.6472    1451.44    1451.44    -0.6636  1029.4488    34.5578 0.0000e+00
      14536 311.651222  -62.21456  -58.33890      0.806    1447.82    378.000    374.029    -0.6526    -0.6515     0.0011    -0.6649    -0.6638     0.0011   2.820035   2.820033  -0.000008    34.3921    34.3909     6.7810    27.6471    27.6460    34.3924    27.6474    1451.45    1451.46    -0.6647  1029.4558    34.5605 0.0000e+00
      14570 311.651239  -62.21457  -58.33890      0.729    1447.82    379.000    375.018    -0.6516    -0.6511     0.0005    -0.6640    -0.6635     0.0005   2.820159   2.820115  -0.000039    34.3921    34.3910     6.7892    27.6471    27.6461    34.3925    27.6474    1451.47    1451.47    -0.6637  1029.4605    34.5606 0.0000e+00
      14606 311.651256  -62.21458  -58.33889      0.672    1447.82    380.000    376.006    -0.6525    -0.6504     0.0021    -0.6649    -0.6628     0.0021   2.820167   2.820269   0.000091    34.3927    34.3915     6.7934    27.6475    27.6465    34.3929    27.6478    1451.49    1451.50    -0.6646  1029.4657    34.5611 0.0000e+00
      14640 311.651273  -62.21458  -58.33888      0.689    1447.82    381.000    376.995    -0.6494    -0.6485     0.0009    -0.6619    -0.6609     0.0009   2.820518   2.820517   0.000003    34.3931    34.3921     6.7933    27.6478    27.6470    34.3935    27.6481    1451.52    1451.52    -0.6616  1029.4708    34.5617 0.0000e+00
      14679 311.651291  -62.21459  -58.33888      0.642    1447.82    382.000    377.976    -0.6483    -0.6476     0.0007    -0.6608    -0.6601     0.0007   2.820656   2.820635  -0.000019    34.3932    34.3922     6.7927    27.6478    27.6470    34.3935    27.6481    1451.54    1451.54    -0.6605  1029.4755    34.5617 0.0000e+00
      14740 311.651321  -62.21460  -58.33886      0.361    1447.82    383.000    378.977    -0.6491    -0.6482     0.0009    -0.6617    -0.6607     0.0009   2.820690   2.820669  -0.000021    34.3942    34.3928     6.7765    27.6486    27.6475    34.3943    27.6488    1451.55    1451.56    -0.6614  1029.4809    34.5625 0.0000e+00
      14791 311.651346  -62.21460  -58.33886      0.486    1447.82    384.000    379.961    -0.6500    -0.6491     0.0009    -0.6625    -0.6616     0.0009   2.820739   2.820740  -0.000001    34.3953    34.3942     6.7868    27.6495    27.6487    34.3953    27.6496    1451.57    1451.57    -0.6623  1029.4865    34.5635 0.0000e+00
      14858 311.651378  -62.21462  -58.33884      0.332    1447.82    385.000    380.947    -0.6500    -0.6492     0.0008    -0.6626    -0.6618     0.0008   2.820754   2.820736  -0.000016    34.3949    34.3938     6.7801    27.6493    27.6484    34.3949    27.6493    1451.58    1451.59    -0.6623  1029.4907    34.5628 0.0000e+00
      14942 311.651418 -9.990e-29  -58.33884      0.327    1447.82    386.000    381.934    -0.6490    -0.6483     0.0007    -0.6616    -0.6609     0.0007   2.820952   2.820927  -0.000026    34.3957    34.3946     6.7731    27.6499    27.6490    34.3958    27.6500    1451.61    1451.61    -0.6613  1029.4916    34.5581 0.0000e+00
      15050 311.651471  -62.21465  -58.33882      0.205    1447.82    387.000    382.929    -0.6491    -0.6484     0.0007    -0.6617    -0.6610     0.0007   2.820990   2.820970  -0.000020    34.3958    34.3948     6.7672    27.6500    27.6491    34.3959    27.6500    1451.62    1451.62    -0.6615  1029.5005    34.5633 0.0000e+00
