Pos-Processados/process_op42/operantar42_016.ros
* Sea-Bird SBE 9 Data File:
* FileName = C:\Users\Hidrografia\Desktop\OPXLII\Brutos\OP42016.hdr
* Software Version Seasave V 7.26.7.107
* Temperature SN = 6502
* Conductivity SN = 4998
* Number of Bytes Per Scan = 31
* Number of Voltage Words = 2
* Number of Scans Averaged by the Deck Unit = 1
* NMEA Latitude = 47 17.16 S
* NMEA Longitude = 059 17.59 W
* NMEA UTC (Time) = Oct 21 2023 04:54:38
* NMEA baud rate = 4800
** H41
** NPOALTEMAXIMIANO
** NUMERO DA ESTACAO (XXX) 016
** LAT (XX XX.XX S/N) 47 17.23 S
** LONG (XXX XX.XX W/E) 059 17.82 W
** DATAHORA (dd/mm/aaaa hh:mm Z) 21/10/2023 0454Z
** PROFUNDIDADE (m) 1301
** OPERADOR CT FABIREZA
# nquan = 24
# nvalues = 4048                                  
# units = specified
# name 0 = scan: Scan Count
# name 1 = timeJ: Julian Days
# name 2 = latitude: Latitude [deg]
# name 3 = longitude: Longitude [deg]
# name 4 = dz/dtM: Descent Rate [m/s]
# name 5 = avgsvCM: Average Sound Velocity [Chen-Millero, m/s]
# name 6 = prDM: Pressure, Digiquartz [db]
# name 7 = depSM: Depth [salt water, m]
# name 8 = t090C: Temperature [ITS-90, deg C]
# name 9 = t190C: Temperature, 2 [ITS-90, deg C]
# name 10 = T2-T190C: Temperature Difference, 2 - 1 [ITS-90, deg C]
# name 11 = potemp090C: Potential Temperature [ITS-90, deg C]
# name 12 = potemp190C: Potential Temperature, 2 [ITS-90, deg C]
# name 13 = potemp90Cdiff: Potential Temperature, Diff, 2 - 1 [ITS-90, deg C]
# name 14 = c0S/m: Conductivity [S/m]
# name 15 = c1S/m: Conductivity, 2 [S/m]
# name 16 = C2-C1S/m: Conductivity Difference, 2 - 1 [S/m]
# name 17 = sal00: Salinity, Practical [PSU]
# name 18 = sal11: Salinity, Practical, 2 [PSU]
# name 19 = sbeox0ML/L: Oxygen, SBE 43 [ml/l]
# name 20 = sigma-é00: Density [sigma-theta, kg/m^3]
# name 21 = sigma-é11: Density, 2 [sigma-theta, kg/m^3]
# name 22 = nbf: Bottles Fired
# name 23 = flag:  0.000e+00
# interval = seconds: 0.0416667
# start_time = Oct 21 2023 04:54:38 [NMEA time, header]
# bad_flag = -9.990e-29
*END*
[from data line 1268]
      60796 294.233925  -47.28440  -59.30336      0.296    1472.95     20.550     20.378     5.3586     5.3594     0.0007     5.3570     5.3578     0.0007   3.296609   3.296552  -0.000058    34.0537    34.0522     7.0782    26.8834    26.8822          8  0.000e+00
      60797 294.233926  -47.28440  -59.30336      0.291    1472.95     20.607     20.434     5.3585     5.3594     0.0010     5.3569     5.3578     0.0010   3.296591   3.296540  -0.000052    34.0536    34.0520     7.0779    26.8834    26.8820          8  0.000e+00
      60798 294.233926  -47.28440  -59.30336      0.280    1472.95     20.550     20.378     5.3583     5.3594     0.0011     5.3567     5.3578     0.0011   3.296531   3.296563   0.000033    34.0531    34.0523     7.0782    26.8830    26.8823          8  0.000e+00
      60799 294.233927  -47.28440  -59.30336      0.275    1472.95     20.607     20.434     5.3583     5.3594     0.0011     5.3567     5.3578     0.0011   3.296634   3.296552  -0.000082    34.0542    34.0522     7.0779    26.8839    26.8822          8  0.000e+00
      60800 294.233927  -47.28440  -59.30336      0.266    1472.95     20.550     20.378     5.3583     5.3596     0.0013     5.3567     5.3580     0.0013   3.296597   3.296563  -0.000034    34.0538    34.0522     7.0782    26.8836    26.8821          8  0.000e+00
      60801 294.233927  -47.28440  -59.30336      0.255    1472.95     20.550     20.378     5.3583     5.3594     0.0011     5.3567     5.3578     0.0011   3.296555   3.296552  -0.000003    34.0534    34.0522     7.0780    26.8832    26.8822          8  0.000e+00
      60802 294.233928  -47.28440  -59.30336      0.247    1472.95     20.607     20.434     5.3588     5.3596     0.0008     5.3572     5.3580     0.0008   3.296573   3.296563  -0.000010    34.0531    34.0521     7.0784    26.8829    26.8821          8  0.000e+00
      60803 294.233928  -47.28440  -59.30336      0.241    1472.95     20.607     20.434     5.3585     5.3595     0.0011     5.3569     5.3579     0.0011   3.296573   3.296569  -0.000004    34.0534    34.0523     7.0738    26.8832    26.8822          8  0.000e+00
      60804 294.233929  -47.28440  -59.30336      0.226    1472.95     20.486     20.314     5.3583     5.3593     0.0009     5.3567     5.3577     0.0009   3.296579   3.296552  -0.000028    34.0537    34.0524     7.0737    26.8835    26.8823          8  0.000e+00
      60805 294.233929  -47.28440  -59.30336      0.218    1472.95     20.607     20.434     5.3586     5.3594     0.0008     5.3570     5.3578     0.0008   3.296628   3.296522  -0.000106    34.0538    34.0518     7.0730    26.8836    26.8819          8  0.000e+00
      60806 294.233930  -47.28440  -59.30336      0.205    1472.95     20.550     20.378     5.3585     5.3591     0.0006     5.3569     5.3574     0.0006   3.296519   3.296534   0.000015    34.0528    34.0524     7.0731    26.8827    26.8823          8  0.000e+00
      60807 294.233930  -47.28440  -59.30336      0.195    1472.95     20.550     20.378     5.3588     5.3591     0.0003     5.3572     5.3575     0.0003   3.296555   3.296546  -0.000009    34.0529    34.0524     7.0732    26.8828    26.8824          8  0.000e+00
      60808 294.233931  -47.28440  -59.30336      0.185    1472.95     20.550     20.378     5.3586     5.3593     0.0006     5.3570     5.3577     0.0006   3.296573   3.296516  -0.000057    34.0532    34.0519     7.0735    26.8831    26.8820          8  0.000e+00
      60809 294.233931  -47.28440  -59.30336      0.173    1472.95     20.550     20.378     5.3583     5.3592     0.0009     5.3567     5.3576     0.0009   3.296512   3.296534   0.000021    34.0529    34.0522     7.0732    26.8828    26.8822          8  0.000e+00
      60810 294.233932  -47.28440  -59.30336      0.160    1472.95     20.550     20.378     5.3585     5.3591     0.0006     5.3569     5.3575     0.0006   3.296512   3.296498  -0.000015    34.0527    34.0519     7.0729    26.8827    26.8820          8  0.000e+00
      60811 294.233932  -47.28440  -59.30336      0.147    1472.95     20.494     20.322     5.3585     5.3589     0.0005     5.3569     5.3573     0.0005   3.296488   3.296504   0.000016    34.0525    34.0522     7.0726    26.8825    26.8822          8  0.000e+00
      60812 294.233933  -47.28440  -59.30336      0.133    1472.95     20.486     20.314     5.3585     5.3591     0.0006     5.3569     5.3575     0.0006   3.296512   3.296492  -0.000021    34.0527    34.0519     7.0724    26.8827    26.8819          8  0.000e+00
      60813 294.233933  -47.28440  -59.30336      0.122    1472.95     20.550     20.378     5.3586     5.3592     0.0006     5.3570     5.3576     0.0006   3.296543   3.296504  -0.000039    34.0529    34.0519     7.0723    26.8828    26.8819          8  0.000e+00
      60814 294.233934  -47.28440  -59.30336      0.110    1472.95     20.494     20.322     5.3585     5.3593     0.0008     5.3569     5.3577     0.0008   3.296500   3.296557   0.000057    34.0526    34.0525     7.0774    26.8826    26.8824          8  0.000e+00
      60815 294.233934  -47.28440  -59.30336      0.098    1472.95     20.486     20.314     5.3585     5.3593     0.0008     5.3569     5.3577     0.0008   3.296488   3.296504   0.000016    34.0525    34.0518     7.0721    26.8825    26.8819          8  0.000e+00
      60816 294.233935  -47.28440  -59.30336      0.082    1472.95     20.494     20.322     5.3583     5.3594     0.0011     5.3567     5.3578     0.0011   3.296458   3.296504   0.000046    34.0523    34.0517     7.0773    26.8824    26.8818          8  0.000e+00
      60817 294.233935  -47.28440  -59.30336      0.069    1472.95     20.430     20.259     5.3590     5.3591     0.0001     5.3574     5.3575     0.0001   3.296506   3.296492  -0.000015    34.0522    34.0519     7.0726    26.8822    26.8820          8  0.000e+00
      60818 294.233936  -47.28440  -59.30336      0.052    1472.95     20.430     20.259     5.3589     5.3593     0.0003     5.3573     5.3577     0.0003   3.296567   3.296504  -0.000063    34.0529    34.0519     7.0778    26.8828    26.8819          8  0.000e+00
      60819 294.233936  -47.28440  -59.30336      0.038    1472.95     20.430     20.259     5.3591     5.3594     0.0003     5.3575     5.3578     0.0003   3.296549   3.296510  -0.000039    34.0526    34.0518     7.0786    26.8825    26.8818          8  0.000e+00
      60820 294.233937  -47.28440  -59.30336      0.025    1472.95     20.430     20.259     5.3586     5.3592     0.0006     5.3570     5.3576     0.0006   3.296549   3.296510  -0.000039    34.0530    34.0520     7.0794    26.8829    26.8820          8  0.000e+00
      60821 294.233937  -47.28440  -59.30336      0.011    1472.95     20.430     20.259     5.3588     5.3596     0.0008     5.3572     5.3580     0.0008   3.296531   3.296516  -0.000015    34.0527    34.0517     7.0795    26.8826    26.8817          8  0.000e+00
      60822 294.233938  -47.28440  -59.30336     -0.006    1472.95     20.373     20.203     5.3590     5.3602     0.0012     5.3574     5.3586     0.0012   3.296561   3.296605   0.000044    34.0528    34.0521     7.0802    26.8827    26.8820          8  0.000e+00
      60823 294.233938  -47.28440  -59.30336     -0.016    1472.95     20.430     20.259     5.3593     5.3629     0.0036     5.3577     5.3613     0.0036   3.296628   3.296767   0.000139    34.0533    34.0512     7.0758    26.8831    26.8810          8  0.000e+00
      60824 294.233939  -47.28440  -59.30336     -0.030    1472.95     20.373     20.203     5.3602     5.3652     0.0050     5.3586     5.3636     0.0050   3.296682   3.296982   0.000300    34.0530    34.0513     7.0810    26.8827    26.8808          8  0.000e+00
      60825 294.233939  -47.28440  -59.30336     -0.047    1472.95     20.309     20.139     5.3625     5.3665     0.0039     5.3609     5.3649     0.0039   3.296834   3.297113   0.000279    34.0524    34.0516     7.0814    26.8820    26.8809          8  0.000e+00
      60826 294.233940  -47.28440  -59.30336     -0.064    1472.95     20.309     20.139     5.3646     5.3665     0.0019     5.3630     5.3649     0.0019   3.297107   3.297119   0.000013    34.0534    34.0516     7.0819    26.8825    26.8809          8  0.000e+00
      60827 294.233940  -47.28440  -59.30336     -0.073    1472.95     20.373     20.203     5.3665     5.3660    -0.0005     5.3649     5.3644    -0.0005   3.297240   3.297065  -0.000175    34.0530    34.0515     7.0774    26.8819    26.8808          8  0.000e+00
      60828 294.233940  -47.28440  -59.30336     -0.093    1472.95     20.253     20.083     5.3675     5.3660    -0.0015     5.3659     5.3644    -0.0015   3.297289   3.297053  -0.000235    34.0526    34.0514     7.0775    26.8815    26.8808          8  0.000e+00
      60829 294.233941  -47.28440  -59.30336     -0.105    1472.95     20.309     20.139     5.3680     5.3662    -0.0018     5.3664     5.3646    -0.0018   3.297410   3.297065  -0.000345    34.0535    34.0513     7.0778    26.8821    26.8807          8  0.000e+00
      60830 294.233941  -47.28440  -59.30336     -0.121    1472.95     20.253     20.083     5.3684     5.3661    -0.0023     5.3669     5.3646    -0.0023   3.297331   3.297077  -0.000254    34.0521    34.0515     7.0782    26.8810    26.8808          8  0.000e+00
      60831 294.233942  -47.28440  -59.30336     -0.135    1472.95     20.253     20.083     5.3685     5.3660    -0.0025     5.3669     5.3644    -0.0025   3.297386   3.297059  -0.000326    34.0527    34.0515     7.0832    26.8815    26.8808          8  0.000e+00
      60832 294.233942  -47.28440  -59.30336     -0.149    1472.95     20.253     20.083     5.3691     5.3668    -0.0023     5.3675     5.3652    -0.0023   3.297489   3.297095  -0.000393    34.0532    34.0511     7.0784    26.8818    26.8804          8  0.000e+00
      60833 294.233943  -47.28440  -59.30336     -0.162    1472.95     20.196     20.027     5.3704     5.3683    -0.0021     5.3688     5.3667    -0.0021   3.297531   3.297203  -0.000328    34.0525    34.0508     7.0832    26.8811    26.8800          8  0.000e+00
      60834 294.233943  -47.28440  -59.30336     -0.177    1472.95     20.196     20.027     5.3720     5.3697    -0.0023     5.3704     5.3681    -0.0023   3.297671   3.297322  -0.000348    34.0524    34.0508     7.0782    26.8808    26.8798          8  0.000e+00
      60835 294.233944  -47.28440  -59.30336     -0.189    1472.95     20.188     20.019     5.3742     5.3706    -0.0036     5.3726     5.3691    -0.0036   3.297901   3.297430  -0.000471    34.0528    34.0510     7.0777    26.8809    26.8799          8  0.000e+00
      60836 294.233944  -47.28440  -59.30336     -0.200    1472.95     20.196     20.027     5.3751     5.3711    -0.0040     5.3735     5.3695    -0.0040   3.297932   3.297442  -0.000490    34.0523    34.0507     7.0774    26.8804    26.8796          8  0.000e+00
      60837 294.233945  -47.28440  -59.30336     -0.213    1472.95     20.132     19.963     5.3760     5.3708    -0.0052     5.3744     5.3692    -0.0052   3.297998   3.297442  -0.000556    34.0522    34.0510     7.0824    26.8802    26.8799          8  0.000e+00
      60838 294.233945  -47.28440  -59.30336     -0.225    1472.95     20.132     19.963     5.3765     5.3723    -0.0043     5.3750     5.3707    -0.0043   3.297974   3.297550  -0.000424    34.0513    34.0508     7.0829    26.8794    26.8795          8  0.000e+00
      60839 294.233946  -47.28440  -59.30336     -0.240    1472.95     20.076     19.908     5.3765     5.3730    -0.0035     5.3750     5.3714    -0.0035   3.297980   3.297669  -0.000311    34.0514    34.0514     7.0835    26.8795    26.8799          8  0.000e+00
      60840 294.233946  -47.28440  -59.30336     -0.250    1472.95     20.132     19.963     5.3764     5.3735    -0.0029     5.3749     5.3719    -0.0029   3.297986   3.297663  -0.000323    34.0516    34.0508     7.0841    26.8796    26.8794          8  0.000e+00
      60841 294.233947  -47.28440  -59.30336     -0.263    1472.95     20.076     19.908     5.3762     5.3736    -0.0026     5.3746     5.3721    -0.0026   3.297962   3.297669  -0.000293    34.0515    34.0508     7.0847    26.8796    26.8793          8  0.000e+00
      60842 294.233947  -47.28440  -59.30336     -0.271    1472.95     20.076     19.908     5.3764     5.3732    -0.0033     5.3749     5.3716    -0.0033   3.297938   3.297681  -0.000257    34.0510    34.0514     7.0853    26.8792    26.8799          8  0.000e+00
      60843 294.233948  -47.28440  -59.30336     -0.285    1472.95     20.011     19.844     5.3761     5.3730    -0.0031     5.3745     5.3714    -0.0031   3.297974   3.297609  -0.000365    34.0518    34.0508     7.0859    26.8799    26.8794          8  0.000e+00
      60844 294.233948  -47.28440  -59.30336     -0.294    1472.95     20.011     19.844     5.3763     5.3727    -0.0035     5.3747     5.3712    -0.0035   3.298077   3.297603  -0.000474    34.0528    34.0510     7.0864    26.8806    26.8796          8  0.000e+00
      60845 294.233949  -47.28440  -59.30336     -0.305    1472.95     20.011     19.844     5.3764     5.3727    -0.0037     5.3748     5.3711    -0.0037   3.298065   3.297615  -0.000450    34.0526    34.0512     7.0922    26.8804    26.8798          8  0.000e+00
      60846 294.233949  -47.28440  -59.30336     -0.311    1472.95     20.011     19.844     5.3762     5.3740    -0.0023     5.3747     5.3724    -0.0023   3.298029   3.297687  -0.000342    34.0523    34.0507     7.0935    26.8803    26.8792          8  0.000e+00
      60847 294.233950  -47.28440  -59.30336     -0.322    1472.95     19.955     19.788     5.3760     5.3770     0.0011     5.3744     5.3755     0.0011   3.298016   3.297908  -0.000108    34.0525    34.0501     7.0947    26.8804    26.8784          8  0.000e+00
      60848 294.233950  -47.28440  -59.30336     -0.326    1472.95     20.011     19.844     5.3769     5.3797     0.0028     5.3753     5.3781     0.0028   3.298089   3.298111   0.000022    34.0523    34.0497     7.0905    26.8802    26.8778          8  0.000e+00
      60849 294.233951  -47.28440  -59.30336     -0.338    1472.95     19.899     19.732     5.3782     5.3810     0.0028     5.3766     5.3794     0.0028   3.298198   3.298303   0.000104    34.0523    34.0507     7.0907    26.8800    26.8784          8  0.000e+00
      60850 294.233951  -47.28440  -59.30336     -0.345    1472.95     19.955     19.788     5.3790     5.3808     0.0018     5.3774     5.3792     0.0018   3.298265   3.298297   0.000032    34.0523    34.0508     7.0911    26.8799    26.8785          8  0.000e+00
      60851 294.233952  -47.28440  -59.30336     -0.350    1472.95     19.899     19.732     5.3795     5.3799     0.0004     5.3779     5.3784     0.0004   3.298265   3.298231  -0.000034    34.0518    34.0509     7.0915    26.8794    26.8787          8  0.000e+00
      60852 294.233952  -47.28440  -59.30336     -0.354    1472.95     19.899     19.732     5.3814     5.3801    -0.0013     5.3799     5.3785    -0.0013   3.298392   3.298237  -0.000156    34.0513    34.0508     7.0910    26.8788    26.8786          8  0.000e+00
      60853 294.233953  -47.28440  -59.30336     -0.364    1472.95     19.891     19.724     5.3820     5.3806    -0.0014     5.3805     5.3791    -0.0014   3.298526   3.298345  -0.000181    34.0522    34.0515     7.0906    26.8794    26.8791          8  0.000e+00
      60854 294.233953  -47.28440  -59.30336     -0.364    1472.95     19.899     19.732     5.3826     5.3816    -0.0009     5.3810     5.3801    -0.0009   3.298538   3.298392  -0.000146    34.0518    34.0510     7.0956    26.8791    26.8786          8  0.000e+00
      60855 294.233954  -47.28440  -59.30336     -0.370    1472.95     19.834     19.668     5.3830     5.3831     0.0001     5.3815     5.3815     0.0001   3.298532   3.298506  -0.000026    34.0513    34.0509     7.0958    26.8786    26.8783          8  0.000e+00
