Pos-Processados/process_op42/operantar42_032.cnv
* Sea-Bird SBE 9 Data File:
* FileName = C:\Users\Hidrografia\Desktop\OPXLII\Brutos\OP42032.hdr
* Software Version Seasave V 7.26.7.107
* Temperature SN = 6502
* Conductivity SN = 4998
* Number of Bytes Per Scan = 37
* Number of Voltage Words = 4
* Number of Scans Averaged by the Deck Unit = 1
* NMEA Latitude = 62 08.42 S
* NMEA Longitude = 058 26.62 W
* NMEA UTC (Time) = Nov 09 2023 07:09:23
* NMEA baud rate = 4800
** H41
** NPOALTEMAXIMIANO
** NUMERO DA ESTACAO (XXX) 032
** LAT (XX XX.XX S/N) 62 08.4 S
** LONG (XXX XX.XX W/E) 058 26.6 W
** DATAHORA (dd/mm/aaaa hh:mm Z) 09/11/2023 0708Z
** PROFUNDIDADE (m) 425
** OPERADOR CT FABIREZA
# nquan = 30
# nvalues = 775                         
# units = specified
# name 0 = scan: Scan Count
# name 1 = timeJ: Julian Days
# name 2 = latitude: Latitude [deg]
# name 3 = longitude: Longitude [deg]
# name 4 = dz/dtM: Descent Rate [m/s]
# name 5 = avgsvCM: Average Sound Velocity [Chen-Millero, m/s]
# name 6 = prDM: Pressure, Digiquartz [db]
# name 7 = depSM: Depth [salt water, m]
# name 8 = t090C: Temperature [ITS-90, deg C]
# name 9 = t190C: Temperature, 2 [ITS-90, deg C]
# name 10 = T2-T190C: Temperature Difference, 2 - 1 [ITS-90, deg C]
# name 11 = potemp090C: Potential Temperature [ITS-90, deg C]
# name 12 = potemp190C: Potential Temperature, 2 [ITS-90, deg C]
# name 13 = potemp90Cdiff: Potential Temperature, Diff, 2 - 1 [ITS-90, deg C]
# name 14 = c0S/m: Conductivity [S/m]
# name 15 = c1S/m: Conductivity, 2 [S/m]
# name 16 = C2-C1S/m: Conductivity Difference, 2 - 1 [S/m]
# name 17 = sal00: Salinity, Practical [PSU]
# name 18 = sal11: Salinity, Practical, 2 [PSU]
# name 19 = sbeox0ML/L: Oxygen, SBE 43 [ml/l]
# name 20 = sigma-é00: Density [sigma-theta, kg/m^3]
# name 21 = sigma-é11: Density, 2 [sigma-theta, kg/m^3]
# name 22 = sal00: Salinity, Practical [PSU]
# name 23 = sigma-é00: Density [sigma-theta, kg/m^3]
# name 24 = svCM: Sound Velocity [Chen-Millero, m/s]
# name 25 = svCM1: Sound Velocity, 2 [Chen-Millero, m/s]
# name 26 = gsw_ptA0: potential temperature [ITS-90, deg C]
# name 27 = gsw_densityA0: density, TEOS-10 [density, kg/m^3]
# name 28 = gsw_saA0: Absolute Salinity [g/kg]
# name 29 = flag:
# span 0 =       3138,      26939       
# span 1 = 313.299696, 313.311174       
# span 2 =  -62.14520,  -62.14094       
# span 3 =  -58.44358,  -58.44076       
# span 4 =     -1.137,      1.086       
# span 5 =       0.00,    1448.41       
# span 6 =      1.000,    388.000       
# span 7 =      0.999,    383.910       
# span 8 =    -0.8345,    -0.5351       
# span 9 =    -0.8336,    -0.5285       
# span 10 =    -0.0105,     0.0221      
# span 11 =    -0.8423,    -0.5351      
# span 12 =    -0.8414,    -0.5286      
# span 13 =    -0.0105,     0.0220      
# span 14 =   2.792313,   2.827590      
# span 15 =   2.792308,   2.827571      
# span 16 =  -0.001011,   0.002255      
# span 17 =    34.2794,    34.4128      
# span 18 =    34.2803,    34.4118      
# span 19 =     6.6532,     7.7205      
# span 20 =    27.5523,    27.6612      
# span 21 =    27.5528,    27.6604      
# span 22 =    34.2820,    34.4130      
# span 23 =    27.5532,    27.6613      
# span 24 =    1445.61,    1451.92      
# span 25 =    1445.61,    1451.93      
# span 26 =    -0.8421,    -0.5351      
# span 27 =  1027.5625,  1029.5126      
# span 28 =    34.4437,    34.5813      
# span 29 = 0.0000e+00, 0.0000e+00      
# interval = decibars: 1                
# start_time = Nov 09 2023 07:09:23 [NMEA time, header]
# bad_flag = -9.990e-29
*END*
[from data line 484]
      18834 313.307265  -62.14379  -58.44164     -0.935    1448.31    291.000    288.006    -0.7493    -0.7493 7.0909e-07    -0.7583    -0.7583 7.0909e-07   2.803068   2.803023  -0.000042    34.3267    34.3261     7.2866    27.5981    27.5976    34.3262    27.5977    1449.49    1449.49    -0.7581  1028.9937    34.4939 0.0000e+00
      18866 313.307281  -62.14380  -58.44164     -0.785    1448.31    290.000    287.017    -0.7481    -0.7460     0.0021    -0.7570    -0.7550     0.0021   2.803116   2.803264   0.000140    34.3264    34.3260     7.2984    27.5978    27.5974    34.3261    27.5976    1449.48    1449.49    -0.7568  1028.9888    34.4938 0.0000e+00
      18907 313.307300  -62.14380  -58.44163     -0.602    1448.31    289.000    286.028    -0.7554    -0.7486     0.0069    -0.7643    -0.7575     0.0069   2.802375   2.802978   0.000587    34.3261    34.3262     7.2977    27.5979    27.5976    34.3250    27.5970    1449.43    1449.46    -0.7641  1028.9835    34.4927 0.0000e+00
      18944 313.307318  -62.14382  -58.44162     -0.632    1448.31    288.000    285.039    -0.7609    -0.7586     0.0022    -0.7698    -0.7675     0.0022   2.801734   2.801936   0.000187    34.3243    34.3243     7.3070    27.5967    27.5966    34.3232    27.5957    1449.38    1449.39    -0.7695  1028.9776    34.4908 0.0000e+00
      18978 313.307335  -62.14382  -58.44162     -0.703    1448.31    287.000    284.049    -0.7727    -0.7662     0.0065    -0.7815    -0.7750     0.0065   2.800555   2.801129   0.000591    34.3227    34.3233     7.3121    27.5959    27.5961    34.3212    27.5946    1449.31    1449.34    -0.7813  1028.9718    34.4888 0.0000e+00
      19011 313.307351  -62.14382  -58.44162     -0.704    1448.31    286.000    283.060    -0.7762    -0.7740     0.0023    -0.7849    -0.7827     0.0023   2.800264   2.800377   0.000127    34.3227    34.3219     7.3098    27.5960    27.5952    34.3219    27.5953    1449.28    1449.29    -0.7847  1028.9677    34.4895 0.0000e+00
      19047 313.307368  -62.14382  -58.44162     -0.702    1448.31    285.000    282.072    -0.7756    -0.7723     0.0033    -0.7844    -0.7810     0.0033   2.800264   2.800502   0.000224    34.3225    34.3217     7.3313    27.5957    27.5950    34.3218    27.5952    1449.26    1449.28    -0.7841  1028.9629    34.4895 0.0000e+00
      19084 313.307386  -62.14384  -58.44160     -0.625    1448.31    284.000    281.080    -0.7757    -0.7714     0.0043    -0.7844    -0.7800     0.0043   2.800173   2.800507   0.000348    34.3219    34.3217     7.3302    27.5953    27.5950    34.3213    27.5948    1449.25    1449.27    -0.7842  1028.9577    34.4889 0.0000e+00
      19118 313.307402  -62.14384  -58.44160     -0.706    1448.31    283.000    280.093    -0.7778    -0.7769     0.0009    -0.7864    -0.7855     0.0009   2.799913   2.799933   0.000029    34.3215    34.3209     7.3418    27.5950    27.5945    34.3207    27.5944    1449.22    1449.22    -0.7862  1028.9544    34.4906 0.0000e+00
      19153 313.307419  -62.14384 -9.990e-29     -0.702    1448.31    282.000    279.103    -0.7832    -0.7812     0.0020    -0.7918    -0.7898     0.0020   2.799383   2.799497   0.000116    34.3210    34.3203     7.3322    27.5949    27.5942    34.3203    27.5943    1449.18    1449.19    -0.7916  1028.9497    34.4904 0.0000e+00
      19189 313.307436  -62.14386 -9.990e-29     -0.645    1448.31    281.000    278.115    -0.7836    -0.7800     0.0037    -0.7922    -0.7885     0.0036   2.799248   2.799510   0.000252    34.3207    34.3199     7.3453    27.5946    27.5939    34.3196    27.5937    1449.16    1449.17    -0.7920  1028.9444    34.4897 0.0000e+00
      19216 313.307449  -62.14386  -58.44158     -0.806    1448.31    280.000    277.125    -0.8013    -0.7980     0.0033    -0.8098    -0.8065     0.0033   2.797376   2.797810   0.000391    34.3182    34.3197     7.3510    27.5933    27.5944    34.3149    27.5907    1449.05    1449.07    -0.8095  1028.9349    34.4826 0.0000e+00
      19240 313.307461  -62.14386  -58.44158     -0.950    1448.31    279.000    276.136    -0.8203    -0.8143     0.0060    -0.8288    -0.8227     0.0060   2.795717   2.796240   0.000571    34.3167    34.3176     7.3437    27.5929    27.5934    34.3147    27.5913    1448.95    1448.98    -0.8285  1028.9308    34.4823 0.0000e+00
      19264 313.307472  -62.14387  -58.44158     -1.001    1448.31    278.000    275.147    -0.8208    -0.8193     0.0015    -0.8292    -0.8276     0.0015   2.795656   2.795781   0.000090    34.3167    34.3162     7.3539    27.5929    27.5924    34.3150    27.5916    1448.93    1448.94    -0.8290  1028.9263    34.4826 0.0000e+00
      19289 313.307484  -62.14388  -58.44158     -0.995    1448.31    277.000    274.158    -0.8238    -0.8210     0.0027    -0.8321    -0.8294     0.0027   2.795357   2.795536   0.000212    34.3162    34.3160     7.3697    27.5926    27.5923    34.3150    27.5916    1448.90    1448.91    -0.8319  1028.9216    34.4825 0.0000e+00
      19317 313.307498  -62.14388  -58.44158     -0.902    1448.31    276.000    273.169    -0.8234    -0.8194     0.0039    -0.8316    -0.8277     0.0039   2.795357   2.795672   0.000289    34.3162    34.3156     7.3817    27.5926    27.5920    34.3151    27.5917    1448.88    1448.90    -0.8315  1028.9187    34.4849 0.0000e+00
      19347 313.307513  -62.14388 -9.990e-29     -0.793    1448.31    275.000    272.181    -0.8237    -0.8200     0.0037    -0.8319    -0.8283     0.0037   2.795274   2.795528   0.000282    34.3159    34.3156     7.3992    27.5924    27.5920    34.3150    27.5916    1448.87    1448.88    -0.8317  1028.9141    34.4850 0.0000e+00
      19374 313.307525  -62.14388 -9.990e-29     -0.841    1448.31    274.000    271.191    -0.8236    -0.8228     0.0007    -0.8318    -0.8310     0.0007   2.795223   2.795224   0.000011    34.3154    34.3148     7.3985    27.5920    27.5914    34.3147    27.5914    1448.85    1448.85    -0.8316  1028.9091    34.4847 0.0000e+00
      19397 313.307537  -62.14390  -58.44156     -0.977    1448.31    273.000    270.202    -0.8231    -0.8224     0.0007    -0.8313    -0.8306     0.0007   2.795193   2.795194   0.000002    34.3152    34.3144     7.3979    27.5918    27.5911    34.3145    27.5912    1448.84    1448.84    -0.8311  1028.9039    34.4842 0.0000e+00
      19418 313.307547  -62.14390  -58.44156     -1.085    1448.31    272.000    269.213    -0.8233    -0.8227     0.0006    -0.8315    -0.8308     0.0006   2.795127   2.795121   0.000001    34.3150    34.3143     7.4055    27.5916    27.5910    34.3144    27.5911    1448.82    1448.82    -0.8313  1028.8973    34.4820 0.0000e+00
      19440 313.307557  -62.14390  -58.44156     -1.115    1448.31    271.000    268.224    -0.8236    -0.8226     0.0009    -0.8317    -0.8307     0.0009   2.795063   2.795093   0.000027    34.3150    34.3143     7.4065    27.5916    27.5910    34.3144    27.5912    1448.80    1448.80    -0.8315  1028.8926    34.4820 0.0000e+00
      19466 313.307570  -62.14390  -58.44156     -1.004    1448.31    270.000    267.235    -0.8254    -0.8229     0.0026    -0.8335    -0.8309     0.0026   2.794825   2.795029   0.000181    34.3148    34.3143     7.3966    27.5915    27.5910    34.3139    27.5908    1448.77    1448.79    -0.8333  1028.8875    34.4815 0.0000e+00
      19498 313.307585  -62.14390  -58.44156     -0.789    1448.31    269.000    266.245    -0.8287    -0.8253     0.0034    -0.8367    -0.8333     0.0034   2.794517   2.794738   0.000237    34.3147    34.3141     7.3984    27.5916    27.5909    34.3141    27.5911    1448.74    1448.76    -0.8365  1028.8830    34.4816 0.0000e+00
      19528 313.307600  -62.14392  -58.44155     -0.768    1448.31    268.000    265.256    -0.8318    -0.8301     0.0017    -0.8398    -0.8382     0.0017   2.794160   2.794235   0.000082    34.3142    34.3134     7.4013    27.5913    27.5906    34.3134    27.5907    1448.71    1448.72    -0.8396  1028.8779    34.4809 0.0000e+00
      19555 313.307613  -62.14392  -58.44154     -0.861    1448.31    267.000    264.268    -0.8336    -0.8320     0.0015    -0.8415    -0.8400     0.0015   2.793913   2.794001   0.000090    34.3133    34.3128     7.4040    27.5907    27.5902    34.3126    27.5901    1448.69    1448.69    -0.8414  1028.8726    34.4802 0.0000e+00
      19580 313.307625  -62.14392  -58.44154     -0.928    1448.31    266.000    263.279    -0.8340    -0.8327     0.0012    -0.8419    -0.8407     0.0012   2.793853   2.793899   0.000049    34.3134    34.3127     7.4072    27.5907    27.5901    34.3129    27.5903    1448.67    1448.67    -0.8417  1028.8680    34.4804 0.0000e+00
      19607 313.307638  -62.14393  -58.44154     -0.915    1448.31    265.000    262.289    -0.8342    -0.8327     0.0014    -0.8421    -0.8407     0.0014   2.793789   2.793858   0.000070    34.3133    34.3127     7.4206    27.5907    27.5901    34.3129    27.5903    1448.65    1448.66    -0.8419  1028.8632    34.4804 0.0000e+00
      19635 313.307651  -62.14394  -58.44154     -0.870    1448.31    264.000    261.300    -0.8344    -0.8334     0.0010    -0.8423    -0.8413     0.0010   2.793720   2.793752   0.000038    34.3132    34.3126     7.4170    27.5906    27.5901    34.3128    27.5903    1448.63    1448.64    -0.8421  1028.8584    34.4804 0.0000e+00
      19662 313.307664  -62.14394  -58.44154     -0.876    1448.31    263.000    260.311    -0.8343    -0.8336     0.0008    -0.8422    -0.8414     0.0008   2.793678   2.793680   0.000005    34.3131    34.3123     7.4216    27.5905    27.5899    34.3128    27.5903    1448.62    1448.62    -0.8420  1028.8536    34.4803 0.0000e+00
      19688 313.307677  -62.14394  -58.44154     -0.903    1448.31    262.000    259.322    -0.8344    -0.8336     0.0008    -0.8422    -0.8414     0.0008   2.793639   2.793638 -3.619e-07    34.3132    34.3123     7.4308    27.5906    27.5898    34.3129    27.5903    1448.60    1448.60    -0.8420  1028.8490    34.4804 0.0000e+00
      19714 313.307690  -62.14394  -58.44152     -0.919    1448.31    261.000    258.333    -0.8345    -0.8336     0.0009    -0.8423    -0.8414     0.0009   2.793589   2.793590   0.000004    34.3132    34.3123     7.4222    27.5906    27.5898    34.3130    27.5904    1448.58    1448.59    -0.8421  1028.8402    34.4755 0.0000e+00
      19741 313.307703 -9.990e-29  -58.44152     -0.911    1448.31    260.000    257.344    -0.8344    -0.8335     0.0009    -0.8421    -0.8413     0.0009   2.793552   2.793554   0.000005    34.3132    34.3123     7.4221    27.5906    27.5898    34.3130    27.5904    1448.57    1448.57    -0.8419  1028.8349    34.4748 0.0000e+00
      19767 313.307715 -9.990e-29  -58.44152     -0.916    1448.31    259.000    256.354    -0.8338    -0.8335     0.0004    -0.8415    -0.8412     0.0004   2.793551   2.793515  -0.000031    34.3131    34.3123     7.4314    27.5905    27.5898    34.3130    27.5904    1448.56    1448.56    -0.8413  1028.8301    34.4748 0.0000e+00
      19791 313.307727 -9.990e-29  -58.44152     -0.958    1448.31    258.000    255.365    -0.8335    -0.8331     0.0004    -0.8412    -0.8407     0.0004   2.793520   2.793494  -0.000024    34.3129    34.3121     7.4220    27.5903    27.5896    34.3128    27.5902    1448.54    1448.54    -0.8410  1028.8252    34.4746 0.0000e+00
      19816 313.307739  -62.14396  -58.44152     -0.984    1448.31    257.000    254.376    -0.8333    -0.8329     0.0004    -0.8410    -0.8406     0.0004   2.793488   2.793461  -0.000026    34.3129    34.3121     7.4182    27.5903    27.5896    34.3128    27.5902    1448.52    1448.53    -0.8408  1028.8247    34.4800 0.0000e+00
      19842 313.307751  -62.14397  -58.44151     -0.950    1448.31    256.000    253.387    -0.8328    -0.8325     0.0003    -0.8404    -0.8401     0.0003   2.793470   2.793436  -0.000030    34.3126    34.3118     7.4258    27.5900    27.5894    34.3126    27.5900    1448.51    1448.51    -0.8402  1028.8200    34.4800 0.0000e+00
      19871 313.307765  -62.14398  -58.44150     -0.860    1448.31    255.000    252.398    -0.8310    -0.8315    -0.0005    -0.8386    -0.8391    -0.0005   2.793523   2.793443  -0.000075    34.3117    34.3113     7.4263    27.5893    27.5889    34.3118    27.5893    1448.50    1448.50    -0.8384  1028.8145    34.4793 0.0000e+00
      19899 313.307779  -62.14398  -58.44150     -0.822    1448.31    254.000    251.408    -0.8271    -0.8294    -0.0022    -0.8347    -0.8369    -0.0022   2.793667   2.793513  -0.000142    34.3097    34.3103     7.4166    27.5875    27.5880    34.3100    27.5877    1448.50    1448.49    -0.8345  1028.8081    34.4775 0.0000e+00
      19925 313.307791  -62.14398  -58.44150     -0.893    1448.31    253.000    250.419    -0.8252    -0.8267    -0.0014    -0.8328    -0.8342    -0.0014   2.793737   2.793597  -0.000130    34.3092    34.3091     7.4195    27.5870    27.5870    34.3094    27.5871    1448.49    1448.49    -0.8325  1028.8027    34.4768 0.0000e+00
      19950 313.307804  -62.14398  -58.44150     -0.950    1448.31    252.000    249.430    -0.8240    -0.8255    -0.0014    -0.8316    -0.8330    -0.0014   2.793756   2.793630  -0.000131    34.3088    34.3086     7.4446    27.5866    27.5865    34.3090    27.5867    1448.48    1448.47    -0.8313  1028.7975    34.4764 0.0000e+00
      19979 313.307817  -62.14400  -58.44150     -0.890    1448.31    251.000    248.440    -0.8233    -0.8250    -0.0017    -0.8307    -0.8324    -0.0017   2.793756   2.793615  -0.000135    34.3085    34.3086     7.4408    27.5863    27.5865    34.3087    27.5864    1448.47    1448.46    -0.8306  1028.7925    34.4761 0.0000e+00
      20011 313.307833  -62.14400  -58.44150     -0.770    1448.31    250.000    247.452    -0.8230    -0.8234    -0.0005    -0.8304    -0.8309    -0.0005   2.793741   2.793655  -0.000093    34.3086    34.3079     7.4400    27.5864    27.5858    34.3087    27.5865    1448.45    1448.45    -0.8302  1028.7878    34.4762 0.0000e+00
      20041 313.307847  -62.14400  -58.44149     -0.761    1448.31    249.000    246.463    -0.8219    -0.8216     0.0003    -0.8293    -0.8290     0.0003   2.793765   2.793706  -0.000058    34.3083    34.3071     7.4493    27.5861    27.5851    34.3085    27.5862    1448.44    1448.44    -0.8291  1028.7827    34.4759 0.0000e+00
      20067 313.307860  -62.14400  -58.44148     -0.880    1448.31    248.000    245.473    -0.8210    -0.8208     0.0002    -0.8284    -0.8282     0.0002   2.793751   2.793703  -0.000053    34.3077    34.3067     7.4462    27.5856    27.5848    34.3079    27.5857    1448.43    1448.43    -0.8282  1028.7774    34.4753 0.0000e+00
      20090 313.307871  -62.14402  -58.44148     -0.985    1448.31    247.000    244.484    -0.8206    -0.8202     0.0004    -0.8279    -0.8275     0.0004   2.793726   2.793709  -0.000022    34.3076    34.3068     7.4422    27.5855    27.5848    34.3077    27.5856    1448.41    1448.42    -0.8278  1028.7725    34.4751 0.0000e+00
      20113 313.307882  -62.14402  -58.44148     -1.033    1448.31    246.000    243.495    -0.8200    -0.8199     0.0001    -0.8273    -0.8272     0.0001   2.793741   2.793676  -0.000058    34.3075    34.3067     7.4342    27.5854    27.5847    34.3078    27.5856    1448.40    1448.40    -0.8271  1028.7678    34.4752 0.0000e+00
      20138 313.307894  -62.14402  -58.44148     -1.009    1448.31    245.000    242.505    -0.8196    -0.8195     0.0002    -0.8269    -0.8268     0.0002   2.793706   2.793659  -0.000055    34.3075    34.3066     7.4455    27.5854    27.5846    34.3076    27.5854    1448.39    1448.39    -0.8267  1028.7628    34.4750 0.0000e+00
