Pos-Processados/process_op42/operantar42_020.ros
* Sea-Bird SBE 9 Data File:
* FileName = C:\Users\Hidrografia\Desktop\OPXLII\Brutos\OP42020.hdr
* Software Version Seasave V 7.26.7.107
* Temperature SN = 6502
* Conductivity SN = 4998
* Number of Bytes Per Scan = 37
* Number of Voltage Words = 4
* Number of Scans Averaged by the Deck Unit = 1
* NMEA Latitude = 62 08.28 S
* NMEA Longitude = 058 26.46 W
* NMEA UTC (Time) = Nov 07 2023 17:35:19
* NMEA baud rate = 4800
** H41
** NPOALTEMAXIMIANO
** NUMERO DA ESTACAO (XXX) 020
** LAT (XX XX.XX S/N) 62 08.46 S
** LONG (XXX XX.XX W/E) 058 26.12 W
** DATAHORA (dd/mm/aaaa hh:mm Z) 07/11/2023 1734Z
** PROFUNDIDADE (m) 423
** OPERADOR CT FILIPE LOPES
# nquan = 24
# nvalues = 3815                                  
# units = specified
# name 0 = scan: Scan Count
# name 1 = timeJ: Julian Days
# name 2 = latitude: Latitude [deg]
# name 3 = longitude: Longitude [deg]
# name 4 = dz/dtM: Descent Rate [m/s]
# name 5 = avgsvCM: Average Sound Velocity [Chen-Millero, m/s]
# name 6 = prDM: Pressure, Digiquartz [db]
# name 7 = depSM: Depth [salt water, m]
# name 8 = t090C: Temperature [ITS-90, deg C]
# name 9 = t190C: Temperature, 2 [ITS-90, deg C]
# name 10 = T2-T190C: Temperature Difference, 2 - 1 [ITS-90, deg C]
# name 11 = potemp090C: Potential Temperature [ITS-90, deg C]
# name 12 = potemp190C: Potential Temperature, 2 [ITS-90, deg C]
# name 13 = potemp90Cdiff: Potential Temperature, Diff, 2 - 1 [ITS-90, deg C]
# name 14 = c0S/m: Conductivity [S/m]
# name 15 = c1S/m: Conductivity, 2 [S/m]
# name 16 = C2-C1S/m: Conductivity Difference, 2 - 1 [S/m]
# name 17 = sal00: Salinity, Practical [PSU]
# name 18 = sal11: Salinity, Practical, 2 [PSU]
# name 19 = sbeox0ML/L: Oxygen, SBE 43 [ml/l]
# name 20 = sigma-é00: Density [sigma-theta, kg/m^3]
# name 21 = sigma-é11: Density, 2 [sigma-theta, kg/m^3]
# name 22 = nbf: Bottles Fired
# name 23 = flag:  0.000e+00
# interval = seconds: 0.0416667
# start_time = Nov 07 2023 17:35:19 [NMEA time, header]
# bad_flag = -9.990e-29
*END*
[from data line 3442]
      33276 311.748906  -62.14088  -58.44144      0.017    1448.48      3.092      3.062    -0.4458    -0.4723    -0.0264    -0.4459    -0.4724    -0.0264   2.811682   2.809884  -0.001797    34.2759    34.2817     7.5703    27.5434    27.5492         22  0.000e+00
      33277 311.748906  -62.14088  -58.44144      0.020    1448.48      3.092      3.062    -0.4446    -0.4726    -0.0280    -0.4447    -0.4726    -0.0280   2.811762   2.809879  -0.001883    34.2756    34.2819     7.5753    27.5431    27.5495         22  0.000e+00
      33278 311.748907  -62.14088  -58.44144      0.019    1448.48      3.092      3.062    -0.4446    -0.4735    -0.0289    -0.4447    -0.4736    -0.0289   2.811813   2.809839  -0.001974    34.2763    34.2825     7.5688    27.5436    27.5499         22  0.000e+00
      33279 311.748907  -62.14088  -58.44144      0.018    1448.48      3.092      3.062    -0.4449    -0.4746    -0.0296    -0.4450    -0.4746    -0.0296   2.811767   2.809783  -0.001984    34.2761    34.2829     7.5741    27.5435    27.5504         22  0.000e+00
      33280 311.748908  -62.14088  -58.44144      0.020    1448.48      3.092      3.062    -0.4454    -0.4749    -0.0295    -0.4455    -0.4750    -0.0295   2.811682   2.809772  -0.001910    34.2754    34.2832     7.5741    27.5430    27.5506         22  0.000e+00
      33281 311.748908  -62.14088  -58.44144      0.019    1448.48      3.092      3.062    -0.4463    -0.4744    -0.0282    -0.4464    -0.4745    -0.0282   2.811630   2.809755  -0.001875    34.2758    34.2824     7.5741    27.5433    27.5499         22  0.000e+00
      33282 311.748909  -62.14088  -58.44144      0.018    1448.48      3.092      3.062    -0.4465    -0.4747    -0.0283    -0.4465    -0.4748    -0.0283   2.811676   2.809727  -0.001949    34.2766    34.2823     7.5738    27.5440    27.5499         22  0.000e+00
      33283 311.748909  -62.14088  -58.44144      0.022    1448.48      3.148      3.118    -0.4454    -0.4754    -0.0300    -0.4455    -0.4755    -0.0300   2.811819   2.809682  -0.002137    34.2772    34.2824     7.5733    27.5444    27.5500         22  0.000e+00
      33284 311.748910  -62.14088  -58.44144      0.021    1448.48      3.092      3.062    -0.4430    -0.4764    -0.0334    -0.4431    -0.4765    -0.0334   2.811870   2.809648  -0.002222    34.2753    34.2832     7.5724    27.5428    27.5507         22  0.000e+00
      33285 311.748910  -62.14088  -58.44144      0.022    1448.48      3.092      3.062    -0.4427    -0.4783    -0.0356    -0.4428    -0.4784    -0.0356   2.811962   2.809597  -0.002364    34.2762    34.2846     7.5719    27.5435    27.5519         22  0.000e+00
      33286 311.748911  -62.14088  -58.44144      0.021    1448.48      3.092      3.062    -0.4426    -0.4790    -0.0364    -0.4427    -0.4791    -0.0364   2.812030   2.809569  -0.002461    34.2770    34.2851     7.5715    27.5441    27.5523         22  0.000e+00
      33287 311.748911  -62.14088  -58.44144      0.026    1448.48      3.148      3.118    -0.4416    -0.4774    -0.0358    -0.4417    -0.4775    -0.0358   2.812184   2.809541  -0.002643    34.2779    34.2828     7.5708    27.5448    27.5504         22  0.000e+00
      33288 311.748912  -62.14088  -58.44144      0.024    1448.48      3.092      3.062    -0.4403    -0.4754    -0.0351    -0.4403    -0.4755    -0.0351   2.812241   2.809552  -0.002689    34.2772    34.2807     7.5699    27.5441    27.5486         22  0.000e+00
      33289 311.748912  -62.14088  -58.44144      0.025    1448.48      3.148      3.118    -0.4396    -0.4750    -0.0354    -0.4397    -0.4751    -0.0354   2.812196   2.809541  -0.002655    34.2758    34.2801     7.5694    27.5430    27.5481         22  0.000e+00
      33290 311.748913  -62.14088  -58.44144      0.026    1448.48      3.092      3.062    -0.4393    -0.4758    -0.0365    -0.4394    -0.4759    -0.0365   2.812179   2.809536  -0.002643    34.2752    34.2810     7.5697    27.5425    27.5488         22  0.000e+00
      33291 311.748913  -62.14088  -58.44144      0.027    1448.48      3.148      3.118    -0.4399    -0.4749    -0.0350    -0.4400    -0.4750    -0.0350   2.812196   2.809496  -0.002700    34.2761    34.2794     7.5693    27.5433    27.5475         22  0.000e+00
      33292 311.748913  -62.14088  -58.44144      0.028    1448.48      3.092      3.062    -0.4410    -0.4741    -0.0332    -0.4411    -0.4742    -0.0331   2.812184   2.809502  -0.002683    34.2772    34.2786     7.5698    27.5442    27.5469         22  0.000e+00
      33293 311.748914  -62.14088  -58.44144      0.028    1448.48      3.148      3.118    -0.4413    -0.4732    -0.0319    -0.4414    -0.4733    -0.0319   2.812150   2.809524  -0.002626    34.2771    34.2779     7.5704    27.5442    27.5462         22  0.000e+00
      33294 311.748914  -62.14088  -58.44144      0.032    1448.48      3.140      3.110    -0.4401    -0.4726    -0.0325    -0.4402    -0.4727    -0.0325   2.812127   2.809569  -0.002558    34.2754    34.2778     7.5706    27.5427    27.5461         22  0.000e+00
      33295 311.748915  -62.14088  -58.44144      0.028    1448.48      3.092      3.062    -0.4395    -0.4735    -0.0340    -0.4396    -0.4736    -0.0340   2.812264   2.809586  -0.002678    34.2766    34.2791     7.5708    27.5436    27.5472         22  0.000e+00
      33296 311.748915  -62.14088  -58.44144      0.032    1448.48      3.148      3.118    -0.4390    -0.4758    -0.0368    -0.4391    -0.4759    -0.0368   2.812407   2.809569  -0.002838    34.2779    34.2814     7.5711    27.5447    27.5492         22  0.000e+00
      33297 311.748916  -62.14088  -58.44144      0.032    1448.48      3.148      3.118    -0.4375    -0.4773    -0.0399    -0.4376    -0.4774    -0.0399   2.812436   2.809541  -0.002894    34.2766    34.2827     7.5712    27.5436    27.5504         22  0.000e+00
      33298 311.748916  -62.14088  -58.44144      0.035    1448.48      3.148      3.118    -0.4363    -0.4774    -0.0411    -0.4364    -0.4775    -0.0411   2.812436   2.809536  -0.002900    34.2753    34.2827     7.5714    27.5425    27.5503         22  0.000e+00
      33299 311.748917  -62.14088  -58.44144      0.035    1448.48      3.092      3.062    -0.4362    -0.4763    -0.0401    -0.4363    -0.4764    -0.0400   2.812498   2.809569  -0.002929    34.2760    34.2820     7.5717    27.5431    27.5497         22  0.000e+00
      33300 311.748917  -62.14088  -58.44144      0.034    1448.48      3.148      3.118    -0.4375    -0.4752    -0.0377    -0.4376    -0.4753    -0.0377   2.812538   2.809524  -0.003014    34.2780    34.2801     7.5724    27.5447    27.5481         22  0.000e+00
      33301 311.748918  -62.14088  -58.44144      0.037    1448.48      3.148      3.118    -0.4404    -0.4747    -0.0344    -0.4405    -0.4748    -0.0344   2.812304   2.809547  -0.002757    34.2781    34.2799     7.5671    27.5449    27.5479         22  0.000e+00
      33302 311.748918  -62.14088  -58.44144      0.036    1448.48      3.148      3.118    -0.4469    -0.4752    -0.0283    -0.4470    -0.4753    -0.0283   2.811910   2.809564  -0.002346    34.2802    34.2806     7.5744    27.5469    27.5486         22  0.000e+00
      33303 311.748919  -62.14088  -58.44144      0.037    1448.48      3.148      3.118    -0.4519    -0.4763    -0.0244    -0.4520    -0.4764    -0.0244   2.811459   2.809541  -0.001918    34.2797    34.2815     7.5760    27.5468    27.5493         22  0.000e+00
      33304 311.748919  -62.14088  -58.44144      0.040    1448.48      3.148      3.118    -0.4561    -0.4770    -0.0210    -0.4562    -0.4771    -0.0210   2.811213   2.809552  -0.001661    34.2812    34.2826     7.5774    27.5481    27.5502         22  0.000e+00
      33305 311.748920  -62.14088  -58.44144      0.038    1448.48      3.148      3.118    -0.4592    -0.4774    -0.0182    -0.4593    -0.4775    -0.0182   2.811202   2.809541  -0.001661    34.2846    34.2828     7.5784    27.5510    27.5504         22  0.000e+00
      33306 311.748920  -62.14088  -58.44144      0.047    1448.48      3.213      3.182    -0.4578    -0.4779    -0.0201    -0.4579    -0.4780    -0.0201   2.811333   2.809569  -0.001764    34.2847    34.2837     7.5786    27.5510    27.5511         22  0.000e+00
      33307 311.748921  -62.14088  -58.44144      0.042    1448.48      3.092      3.062    -0.4536    -0.4783    -0.0247    -0.4537    -0.4784    -0.0247   2.811636   2.809524  -0.002112    34.2841    34.2836     7.5780    27.5504    27.5511         22  0.000e+00
      33308 311.748921  -62.14088  -58.44142      0.043    1448.48      3.148      3.118    -0.4509    -0.4775    -0.0266    -0.4510    -0.4776    -0.0266   2.811847   2.809491  -0.002357    34.2839    34.2823     7.5842    27.5501    27.5500         23  0.000e+00
      33309 311.748922  -62.14088  -58.44142      0.045    1448.48      3.213      3.182    -0.4528    -0.4769    -0.0240    -0.4529    -0.4770    -0.0240   2.811802   2.809485  -0.002317    34.2854    34.2814     7.5797    27.5514    27.5493         23  0.000e+00
      33310 311.748922  -62.14088  -58.44142      0.046    1448.48      3.148      3.118    -0.4572    -0.4766    -0.0195    -0.4572    -0.4767    -0.0195   2.811653   2.809462  -0.002191    34.2883    34.2809     7.5873    27.5540    27.5488         23  0.000e+00
      33311 311.748923  -62.14088  -58.44142      0.046    1448.48      3.148      3.118    -0.4581    -0.4780    -0.0199    -0.4582    -0.4781    -0.0199   2.811516   2.809434  -0.002082    34.2876    34.2820     7.5890    27.5534    27.5498         23  0.000e+00
      33312 311.748923  -62.14088  -58.44142      0.047    1448.48      3.148      3.118    -0.4567    -0.4783    -0.0216    -0.4568    -0.4784    -0.0216   2.811545   2.809412  -0.002133    34.2864    34.2821     7.5890    27.5523    27.5498         23  0.000e+00
      33313 311.748924  -62.14088  -58.44142      0.044    1448.48      3.148      3.118    -0.4569    -0.4781    -0.0213    -0.4570    -0.4782    -0.0213   2.811642   2.809384  -0.002258    34.2879    34.2816     7.5892    27.5536    27.5494         23  0.000e+00
      33314 311.748924  -62.14088  -58.44142      0.048    1448.48      3.213      3.182    -0.4578    -0.4786    -0.0208    -0.4579    -0.4787    -0.0208   2.811607   2.809378  -0.002229    34.2884    34.2820     7.5832    27.5540    27.5498         23  0.000e+00
      33315 311.748925  -62.14088  -58.44142      0.047    1448.48      3.140      3.110    -0.4576    -0.4789    -0.0212    -0.4577    -0.4790    -0.0212   2.811567   2.809356  -0.002212    34.2877    34.2820     7.5886    27.5535    27.5498         23  0.000e+00
      33316 311.748925  -62.14088  -58.44142      0.047    1448.48      3.148      3.118    -0.4587    -0.4746    -0.0159    -0.4588    -0.4747    -0.0159   2.811505   2.809547  -0.001958    34.2881    34.2798     7.5888    27.5538    27.5478         23  0.000e+00
      33317 311.748926  -62.14088  -58.44142      0.047    1448.48      3.148      3.118    -0.4584    -0.4708    -0.0124    -0.4585    -0.4709    -0.0124   2.811465   2.809834  -0.001631    34.2872    34.2793     7.5834    27.5531    27.5473         23  0.000e+00
      33318 311.748926  -62.14088  -58.44142      0.050    1448.48      3.213      3.182    -0.4590    -0.4695    -0.0105    -0.4591    -0.4696    -0.0105   2.811419   2.809986  -0.001433    34.2873    34.2798     7.5825    27.5532    27.5476         23  0.000e+00
      33319 311.748927  -62.14088  -58.44142      0.046    1448.48      3.148      3.118    -0.4590    -0.4709    -0.0119    -0.4591    -0.4710    -0.0119   2.811385   2.810031  -0.001354    34.2868    34.2821     7.5813    27.5528    27.5495         23  0.000e+00
      33320 311.748927  -62.14088  -58.44142      0.045    1448.48      3.148      3.118    -0.4587    -0.4677    -0.0090    -0.4588    -0.4678    -0.0090   2.811373   2.810059  -0.001315    34.2863    34.2788     7.5811    27.5524    27.5468         23  0.000e+00
      33321 311.748927  -62.14088  -58.44142      0.043    1448.48      3.148      3.118    -0.4552    -0.4657    -0.0105    -0.4553    -0.4658    -0.0105   2.811533   2.810104  -0.001429    34.2845    34.2771     7.5866    27.5507    27.5453         23  0.000e+00
      33322 311.748928  -62.14088  -58.44142      0.046    1448.48      3.213      3.182    -0.4514    -0.4657    -0.0143    -0.4515    -0.4658    -0.0143   2.811727   2.810098  -0.001629    34.2828    34.2771     7.5804    27.5492    27.5452         23  0.000e+00
      33323 311.748928  -62.14088  -58.44142      0.043    1448.48      3.149      3.118    -0.4508    -0.4685    -0.0178    -0.4509    -0.4686    -0.0178   2.811836   2.810008  -0.001828    34.2836    34.2791     7.5800    27.5498    27.5470         23  0.000e+00
      33324 311.748929  -62.14088  -58.44142      0.041    1448.48      3.149      3.118    -0.4531    -0.4680    -0.0149    -0.4532    -0.4681    -0.0149   2.811613   2.810019  -0.001594    34.2832    34.2786     7.5793    27.5496    27.5466         23  0.000e+00
      33325 311.748929  -62.14088  -58.44142      0.039    1448.48      3.149      3.118    -0.4558    -0.4641    -0.0083    -0.4559    -0.4642    -0.0083   2.811396   2.810272  -0.001124    34.2833    34.2776     7.5787    27.5498    27.5456         23  0.000e+00
      33326 311.748930  -62.14088  -58.44142      0.037    1448.48      3.149      3.118    -0.4562    -0.4607    -0.0045    -0.4563    -0.4608    -0.0045   2.811390   2.810509  -0.000882    34.2838    34.2770     7.5785    27.5502    27.5449         23  0.000e+00
      33327 311.748930  -62.14088  -58.44142      0.035    1448.48      3.149      3.118    -0.4539    -0.4607    -0.0067    -0.4540    -0.4607    -0.0067   2.811442   2.810604  -0.000837    34.2818    34.2782     7.5768    27.5485    27.5459         23  0.000e+00
      33328 311.748931  -62.14088  -58.44142      0.036    1448.48      3.213      3.182    -0.4524    -0.4621    -0.0097    -0.4525    -0.4622    -0.0097   2.811516   2.810537  -0.000979    34.2810    34.2788     7.5826    27.5478    27.5465         23  0.000e+00
      33329 311.748931  -62.14088  -58.44142      0.034    1448.48      3.149      3.118    -0.4505    -0.4628    -0.0123    -0.4506    -0.4629    -0.0123   2.811573   2.810492  -0.001081    34.2797    34.2791     7.5828    27.5467    27.5467         23  0.000e+00
      33330 311.748932  -62.14088  -58.44142      0.031    1448.48      3.149      3.118    -0.4492    -0.4627    -0.0135    -0.4493    -0.4628    -0.0135   2.811647   2.810503  -0.001144    34.2793    34.2792     7.5832    27.5463    27.5468         23  0.000e+00
      33331 311.748932  -62.14088  -58.44142      0.028    1448.48      3.149      3.118    -0.4466    -0.4617    -0.0151    -0.4467    -0.4618    -0.0151   2.811830   2.810548  -0.001282    34.2788    34.2786     7.5768    27.5458    27.5463         23  0.000e+00
      33332 311.748933  -62.14090  -58.44142      0.028    1448.48      3.149      3.118    -0.4457    -0.4604    -0.0147    -0.4458    -0.4605    -0.0147   2.811904   2.810588  -0.001317    34.2787    34.2776     7.5762    27.5456    27.5454         23  0.000e+00
      33333 311.748933  -62.14090  -58.44142      0.025    1448.48      3.149      3.118    -0.4452    -0.4605    -0.0153    -0.4453    -0.4606    -0.0153   2.811904   2.810649  -0.001255    34.2782    34.2787     7.5757    27.5452    27.5463         23  0.000e+00
      33334 311.748934  -62.14090  -58.44142      0.022    1448.48      3.149      3.118    -0.4450    -0.4611    -0.0161    -0.4451    -0.4612    -0.0161   2.811887   2.810633  -0.001255    34.2778    34.2791     7.5816    27.5449    27.5467         23  0.000e+00
