Pos-Processados/process_op42/operantar42_013.ros
* Sea-Bird SBE 9 Data File:
* FileName = C:\Users\Hidrografia\Desktop\OPXLII\Brutos\OP42013.hdr
* Software Version Seasave V 7.26.7.107
* Temperature SN = 6502
* Conductivity SN = 4998
* Number of Bytes Per Scan = 31
* Number of Voltage Words = 2
* Number of Scans Averaged by the Deck Unit = 1
* NMEA Latitude = 46 24.51 S
* NMEA Longitude = 055 54.95 W
* NMEA UTC (Time) = Oct 19 2023 23:00:40
* NMEA baud rate = 4800
** H41
** NPOALTEMAXIMIANO
** NUMERO DA ESTACAO (XXX) 013
** LAT (XX XX.XX S/N) 46 24.500 S
** LONG (XXX XX.XX W/E) 055 54.972 W
** DATAHORA (dd/mm/aaaa hh:mm Z) 19/10/2023 2300Z
** PROFUNDIDADE (m) 5329
** OPERADOR CT FABIREZA
# nquan = 24
# nvalues = 3694                                  
# units = specified
# name 0 = scan: Scan Count
# name 1 = timeJ: Julian Days
# name 2 = latitude: Latitude [deg]
# name 3 = longitude: Longitude [deg]
# name 4 = dz/dtM: Descent Rate [m/s]
# name 5 = avgsvCM: Average Sound Velocity [Chen-Millero, m/s]
# name 6 = prDM: Pressure, Digiquartz [db]
# name 7 = depSM: Depth [salt water, m]
# name 8 = t090C: Temperature [ITS-90, deg C]
# name 9 = t190C: Temperature, 2 [ITS-90, deg C]
# name 10 = T2-T190C: Temperature Difference, 2 - 1 [ITS-90, deg C]
# name 11 = potemp090C: Potential Temperature [ITS-90, deg C]
# name 12 = potemp190C: Potential Temperature, 2 [ITS-90, deg C]
# name 13 = potemp90Cdiff: Potential Temperature, Diff, 2 - 1 [ITS-90, deg C]
# name 14 = c0S/m: Conductivity [S/m]
# name 15 = c1S/m: Conductivity, 2 [S/m]
# name 16 = C2-C1S/m: Conductivity Difference, 2 - 1 [S/m]
# name 17 = sal00: Salinity, Practical [PSU]
# name 18 = sal11: Salinity, Practical, 2 [PSU]
# name 19 = sbeox0ML/L: Oxygen, SBE 43 [ml/l]
# name 20 = sigma-é00: Density [sigma-theta, kg/m^3]
# name 21 = sigma-é11: Density, 2 [sigma-theta, kg/m^3]
# name 22 = nbf: Bottles Fired
# name 23 = flag:  0.000e+00
# interval = seconds: 0.0416667
# start_time = Oct 19 2023 23:00:40 [NMEA time, header]
# bad_flag = -9.990e-29
*END*
[from data line 1027]
      61270 292.988343  -46.42068  -55.91116      0.206    1468.76     30.699     30.444     4.5123     4.5140     0.0018     4.5101     4.5118     0.0018   3.218062   3.218180   0.000118    34.0048    34.0043     7.5702    26.9407    26.9402          7  0.000e+00
      61271 292.988344  -46.42068  -55.91116      0.211    1468.76     30.643     30.388     4.5120     4.5137     0.0018     4.5098     4.5115     0.0018   3.217996   3.218103   0.000107    34.0043    34.0038     7.5703    26.9404    26.9398          7  0.000e+00
      61272 292.988344  -46.42068  -55.91116      0.215    1468.76     30.635     30.380     4.5118     4.5135     0.0017     4.5097     4.5114     0.0017   3.217966   3.218080   0.000113    34.0041    34.0037     7.5705    26.9403    26.9397          7  0.000e+00
      61273 292.988345  -46.42068  -55.91116      0.221    1468.76     30.699     30.444     4.5115     4.5131     0.0016     4.5093     4.5109     0.0016   3.218044   3.218062   0.000018    34.0054    34.0040     7.5708    26.9413    26.9400          7  0.000e+00
      61274 292.988345  -46.42068  -55.91116      0.228    1468.76     30.707     30.452     4.5113     4.5129     0.0016     4.5091     4.5107     0.0016   3.217966   3.218056   0.000090    34.0046    34.0040     7.5711    26.9407    26.9401          7  0.000e+00
      61275 292.988346  -46.42068  -55.91116      0.228    1468.76     30.699     30.444     4.5111     4.5129     0.0018     4.5089     4.5107     0.0018   3.217948   3.218074   0.000126    34.0047    34.0043     7.5715    26.9408    26.9403          7  0.000e+00
      61276 292.988346  -46.42068  -55.91116      0.235    1468.76     30.707     30.452     4.5107     4.5127     0.0020     4.5085     4.5105     0.0020   3.217888   3.218062   0.000174    34.0043    34.0043     7.5720    26.9406    26.9403          7  0.000e+00
      61277 292.988347  -46.42068  -55.91116      0.235    1468.76     30.699     30.444     4.5105     4.5127     0.0022     4.5083     4.5105     0.0022   3.217906   3.218032   0.000126    34.0047    34.0039     7.5663    26.9409    26.9400          7  0.000e+00
      61278 292.988347  -46.42068  -55.91116      0.240    1468.76     30.763     30.508     4.5105     4.5125     0.0019     4.5083     4.5103     0.0019   3.217906   3.218003   0.000097    34.0047    34.0038     7.5715    26.9409    26.9400          7  0.000e+00
      61279 292.988348  -46.42068  -55.91116      0.240    1468.76     30.699     30.444     4.5102     4.5125     0.0022     4.5080     4.5103     0.0022   3.217876   3.218015   0.000138    34.0047    34.0040     7.5721    26.9409    26.9401          7  0.000e+00
      61280 292.988348  -46.42068  -55.91116      0.246    1468.76     30.755     30.500     4.5104     4.5127     0.0024     4.5082     4.5105     0.0024   3.217888   3.218003   0.000115    34.0046    34.0036     7.5720    26.9408    26.9397          7  0.000e+00
      61281 292.988349  -46.42068  -55.91116      0.242    1468.76     30.707     30.452     4.5097     4.5123     0.0026     4.5075     4.5101     0.0025   3.217894   3.217973   0.000079    34.0054    34.0037     7.5720    26.9415    26.9399          7  0.000e+00
      61282 292.988349  -46.42068  -55.91116      0.242    1468.76     30.699     30.444     4.5102     4.5121     0.0019     4.5080     4.5099     0.0019   3.217876   3.217985   0.000109    34.0047    34.0040     7.5718    26.9409    26.9401          7  0.000e+00
      61283 292.988350  -46.42068  -55.91116      0.242    1468.76     30.764     30.508     4.5101     4.5121     0.0021     4.5079     4.5099     0.0021   3.217870   3.217973   0.000103    34.0048    34.0038     7.5719    26.9410    26.9400          7  0.000e+00
      61284 292.988350  -46.42068  -55.91116      0.237    1468.76     30.699     30.444     4.5102     4.5122     0.0020     4.5080     4.5100     0.0020   3.217912   3.217985   0.000073    34.0051    34.0039     7.5725    26.9412    26.9400          7  0.000e+00
      61285 292.988351  -46.42068  -55.91116      0.238    1468.76     30.764     30.508     4.5102     4.5121     0.0019     4.5080     4.5099     0.0019   3.217882   3.217997   0.000115    34.0047    34.0041     7.5673    26.9409    26.9402          7  0.000e+00
      61286 292.988351  -46.42068  -55.91116      0.238    1468.76     30.756     30.500     4.5102     4.5125     0.0022     4.5080     4.5103     0.0022   3.217888   3.217997   0.000109    34.0048    34.0038     7.5721    26.9410    26.9399          7  0.000e+00
      61287 292.988352  -46.42068  -55.91116      0.234    1468.76     30.764     30.508     4.5104     4.5122     0.0019     4.5082     4.5100     0.0019   3.217936   3.218038   0.000102    34.0052    34.0045     7.5668    26.9413    26.9405          7  0.000e+00
      61288 292.988352  -46.42068  -55.91116      0.228    1468.76     30.699     30.444     4.5108     4.5125     0.0016     4.5087     4.5103     0.0016   3.217936   3.217985   0.000049    34.0048    34.0037     7.5715    26.9409    26.9398          7  0.000e+00
      61289 292.988353  -46.42068  -55.91116      0.221    1468.76     30.756     30.500     4.5112     4.5125     0.0013     4.5090     4.5103     0.0013   3.218014   3.217967  -0.000047    34.0053    34.0034     7.5724    26.9413    26.9397          7  0.000e+00
      61290 292.988353  -46.42068  -55.91116      0.217    1468.76     30.764     30.508     4.5114     4.5126     0.0012     4.5092     4.5104     0.0012   3.218044   3.217985  -0.000059    34.0054    34.0035     7.5673    26.9414    26.9397          7  0.000e+00
      61291 292.988354  -46.42068  -55.91116      0.212    1468.76     30.699     30.444     4.5115     4.5134     0.0019     4.5093     4.5112     0.0019   3.217996   3.218080   0.000083    34.0048    34.0038     7.5730    26.9409    26.9399          7  0.000e+00
      61292 292.988354  -46.42068  -55.91116      0.206    1468.76     30.764     30.508     4.5113     4.5135     0.0022     4.5091     4.5113     0.0022   3.218050   3.218127   0.000077    34.0056    34.0042     7.5735    26.9415    26.9401          8  0.000e+00
      61293 292.988355  -46.42068  -55.91116      0.196    1468.76     30.699     30.444     4.5110     4.5135     0.0025     4.5088     4.5113     0.0025   3.217984   3.218091   0.000107    34.0052    34.0038     7.5740    26.9412    26.9398          8  0.000e+00
      61294 292.988355  -46.42068  -55.91116      0.192    1468.76     30.764     30.508     4.5106     4.5132     0.0026     4.5084     4.5110     0.0026   3.217978   3.218062   0.000084    34.0055    34.0037     7.5746    26.9415    26.9398          8  0.000e+00
      61295 292.988356  -46.42068  -55.91116      0.187    1468.76     30.756     30.500     4.5116     4.5129     0.0013     4.5094     4.5107     0.0013   3.218008   3.218032   0.000024    34.0048    34.0037     7.5749    26.9408    26.9399          8  0.000e+00
      61296 292.988356  -46.42068  -55.91116      0.178    1468.76     30.699     30.444     4.5129     4.5131     0.0001     4.5108     4.5109     0.0001   3.218146   3.218026  -0.000120    34.0050    34.0035     7.5751    26.9409    26.9397          8  0.000e+00
      61297 292.988356  -46.42068  -55.91116      0.168    1468.76     30.707     30.452     4.5137     4.5125    -0.0013     4.5115     4.5103    -0.0013   3.218189   3.217979  -0.000210    34.0047    34.0036     7.5755    26.9405    26.9398          8  0.000e+00
      61298 292.988357  -46.42068  -55.91116      0.161    1468.76     30.756     30.500     4.5141     4.5123    -0.0018     4.5119     4.5101    -0.0018   3.218255   3.217943  -0.000311    34.0051    34.0033     7.5760    26.9408    26.9396          8  0.000e+00
      61299 292.988357  -46.42068  -55.91116      0.150    1468.76     30.707     30.452     4.5155     4.5127    -0.0027     4.5133     4.5105    -0.0027   3.218327   3.217979  -0.000348    34.0046    34.0033     7.5763    26.9402    26.9395          8  0.000e+00
      61300 292.988358  -46.42068  -55.91116      0.141    1468.76     30.699     30.444     4.5168     4.5144    -0.0024     4.5146     4.5122    -0.0024   3.218537   3.218121  -0.000416    34.0057    34.0033     7.5766    26.9410    26.9393          8  0.000e+00
      61301 292.988358  -46.42068  -55.91116      0.132    1468.76     30.707     30.452     4.5184     4.5164    -0.0020     4.5162     4.5142    -0.0020   3.218585   3.218328  -0.000257    34.0046    34.0037     7.5770    26.9399    26.9394          8  0.000e+00
      61302 292.988359  -46.42068  -55.91116      0.122    1468.76     30.699     30.444     4.5191     4.5186    -0.0005     4.5169     4.5164    -0.0005   3.218633   3.218465  -0.000169    34.0044    34.0030     7.5776    26.9397    26.9386          8  0.000e+00
      61303 292.988359  -46.42068  -55.91116      0.107    1468.76     30.635     30.380     4.5190     4.5210     0.0021     4.5168     4.5189     0.0021   3.218573   3.218666   0.000093    34.0039    34.0028     7.5783    26.9393    26.9382          8  0.000e+00
      61304 292.988360  -46.42068  -55.91116      0.097    1468.76     30.707     30.452     4.5184     4.5229     0.0045     4.5162     4.5207     0.0045   3.218567   3.218767   0.000199    34.0044    34.0021     7.5800    26.9398    26.9374          8  0.000e+00
      61305 292.988360  -46.42068  -55.91116      0.085    1468.76     30.635     30.380     4.5182     4.5231     0.0049     4.5160     4.5209     0.0049   3.218483   3.218802   0.000319    34.0036    34.0023     7.5808    26.9392    26.9376          8  0.000e+00
      61306 292.988361  -46.42068  -55.91116      0.077    1468.76     30.707     30.452     4.5186     4.5229     0.0043     4.5164     4.5207     0.0043   3.218603   3.218790   0.000187    34.0045    34.0023     7.5809    26.9399    26.9377          8  0.000e+00
      61307 292.988361  -46.42068  -55.91116      0.064    1468.76     30.635     30.380     4.5193     4.5231     0.0037     4.5171     4.5209     0.0037   3.218729   3.218802   0.000073    34.0054    34.0023     7.5807    26.9404    26.9376          8  0.000e+00
      61308 292.988362  -46.42068  -55.91116      0.052    1468.76     30.643     30.388     4.5206     4.5240     0.0035     4.5184     4.5218     0.0035   3.218862   3.218855  -0.000006    34.0056    34.0020     7.5806    26.9405    26.9372          8  0.000e+00
      61309 292.988362  -46.42068  -55.91116      0.042    1468.76     30.635     30.380     4.5206     4.5245     0.0039     4.5184     4.5223     0.0039   3.218789   3.218938   0.000149    34.0048    34.0025     7.5807    26.9398    26.9376          8  0.000e+00
      61310 292.988363  -46.42068  -55.91116      0.025    1468.76     30.579     30.324     4.5204     4.5245     0.0041     4.5182     4.5223     0.0041   3.218723   3.218938   0.000215    34.0042    34.0025     7.5809    26.9394    26.9376          8  0.000e+00
      61311 292.988363  -46.42068  -55.91116      0.013    1468.76     30.587     30.332     4.5204     4.5238     0.0034     4.5182     4.5216     0.0034   3.218765   3.218885   0.000120    34.0047    34.0026     7.5863    26.9398    26.9377          8  0.000e+00
      61312 292.988364  -46.42068  -55.91116     -0.000    1468.76     30.579     30.324     4.5213     4.5235     0.0023     4.5191     4.5214     0.0023   3.218819   3.218873   0.000054    34.0044    34.0027     7.5816    26.9395    26.9379          8  0.000e+00
      61313 292.988364  -46.42068  -55.91116     -0.012    1468.76     30.587     30.332     4.5222     4.5241     0.0019     4.5200     4.5220     0.0019   3.218861   3.218891   0.000029    34.0040    34.0023     7.5815    26.9390    26.9375          8  0.000e+00
      61314 292.988365  -46.42068  -55.91116     -0.025    1468.76     30.579     30.324     4.5231     4.5251     0.0020     4.5209     4.5229     0.0020   3.219000   3.218968  -0.000032    34.0047    34.0022     7.5814    26.9395    26.9373          8  0.000e+00
      61315 292.988365  -46.42068  -55.91116     -0.038    1468.76     30.530     30.276     4.5239     4.5254     0.0015     4.5218     4.5232     0.0015   3.219042   3.219033  -0.000009    34.0043    34.0027     7.5812    26.9391    26.9377          8  0.000e+00
      61316 292.988366  -46.42068  -55.91116     -0.051    1468.76     30.514     30.260     4.5243     4.5259     0.0016     4.5221     4.5237     0.0016   3.219084   3.219069  -0.000015    34.0045    34.0026     7.5812    26.9392    26.9376          8  0.000e+00
      61317 292.988366  -46.42068  -55.91116     -0.064    1468.76     30.514     30.260     4.5244     4.5261     0.0017     4.5222     4.5239     0.0017   3.219030   3.219080   0.000051    34.0037    34.0025     7.5813    26.9386    26.9375          8  0.000e+00
      61318 292.988367  -46.42068  -55.91116     -0.079    1468.76     30.530     30.276     4.5247     4.5262     0.0015     4.5225     4.5240     0.0015   3.219036   3.219098   0.000062    34.0034    34.0026     7.5814    26.9383    26.9375          8  0.000e+00
      61319 292.988367  -46.42068  -55.91116     -0.090    1468.76     30.458     30.205     4.5249     4.5262     0.0013     4.5228     4.5240     0.0013   3.219108   3.219110   0.000002    34.0041    34.0028     7.5813    26.9388    26.9377          8  0.000e+00
      61320 292.988368  -46.42068  -55.91116     -0.105    1468.76     30.466     30.213     4.5253     4.5262     0.0010     4.5231     4.5240     0.0010   3.219114   3.219110  -0.000004    34.0038    34.0028     7.5814    26.9386    26.9377          8  0.000e+00
      61321 292.988368  -46.42068  -55.91116     -0.120    1468.76     30.458     30.205     4.5253     4.5266     0.0013     4.5231     4.5244     0.0013   3.219162   3.219086  -0.000076    34.0044    34.0021     7.5761    26.9390    26.9371          8  0.000e+00
      61322 292.988369  -46.42068  -55.91116     -0.133    1468.76     30.410     30.157     4.5254     4.5267     0.0013     4.5232     4.5245     0.0013   3.219150   3.219098  -0.000052    34.0041    34.0022     7.5808    26.9388    26.9371          8  0.000e+00
      61323 292.988369  -46.42068  -55.91116     -0.145    1468.76     30.402     30.149     4.5258     4.5269     0.0010     4.5237     4.5247     0.0010   3.219192   3.219151  -0.000041    34.0042    34.0026     7.5808    26.9388    26.9375          8  0.000e+00
      61324 292.988370  -46.42068  -55.91116     -0.157    1468.76     30.410     30.157     4.5260     4.5270     0.0010     4.5239     4.5249     0.0010   3.219156   3.219169   0.000013    34.0035    34.0027     7.5809    26.9383    26.9375          8  0.000e+00
      61325 292.988370  -46.42068  -55.91116     -0.165    1468.76     30.458     30.205     4.5264     4.5271     0.0008     4.5242     4.5250     0.0008   3.219192   3.219169  -0.000023    34.0036    34.0025     7.5810    26.9383    26.9374          8  0.000e+00
      61326 292.988370  -46.42068  -55.91116     -0.180    1468.76     30.337     30.085     4.5260     4.5272     0.0012     4.5239     4.5251     0.0012   3.219108   3.219187   0.000079    34.0030    34.0027     7.5804    26.9378    26.9375          8  0.000e+00
      61327 292.988371  -46.42068  -55.91116     -0.189    1468.76     30.345     30.093     4.5258     4.5275     0.0016     4.5237     4.5253     0.0016   3.219180   3.219199   0.000019    34.0041    34.0026     7.5804    26.9387    26.9374          8  0.000e+00
      61328 292.988371  -46.42068  -55.91116     -0.202    1468.76     30.337     30.085     4.5260     4.5273     0.0013     4.5239     4.5251     0.0013   3.219156   3.219199   0.000043    34.0036    34.0028     7.5805    26.9383    26.9375          8  0.000e+00
