Pos-Processados/process_op42/operantar42_027.cnv
* Sea-Bird SBE 9 Data File:
* FileName = C:\Users\Hidrografia\Desktop\OPXLII\Brutos\OP42027.hdr
* Software Version Seasave V 7.26.7.107
* Temperature SN = 6502
* Conductivity SN = 4998
* Number of Bytes Per Scan = 37
* Number of Voltage Words = 4
* Number of Scans Averaged by the Deck Unit = 1
* NMEA Latitude = 62 16.55 S
* NMEA Longitude = 058 26.39 W
* NMEA UTC (Time) = Nov 08 2023 19:38:30
* NMEA baud rate = 4800
** H41
** NPOALTEMAXIMIANO
** NUMERO DA ESTACAO (XXX) 027
** LAT (XX XX.XX S/N) 62  16.401 S
** LONG (XXX XX.XX W/E) 058  26.553 W
** DATAHORA (dd/mm/aaaa hh:mm Z) 08/11/2023 1937Z
** PROFUNDIDADE (m) 159
** OPERADOR CT FILIPE LOPES
# nquan = 30
# nvalues = 377                         
# units = specified
# name 0 = scan: Scan Count
# name 1 = timeJ: Julian Days
# name 2 = latitude: Latitude [deg]
# name 3 = longitude: Longitude [deg]
# name 4 = dz/dtM: Descent Rate [m/s]
# name 5 = avgsvCM: Average Sound Velocity [Chen-Millero, m/s]
# name 6 = prDM: Pressure, Digiquartz [db]
# name 7 = depSM: Depth [salt water, m]
# name 8 = t090C: Temperature [ITS-90, deg C]
# name 9 = t190C: Temperature, 2 [ITS-90, deg C]
# name 10 = T2-T190C: Temperature Difference, 2 - 1 [ITS-90, deg C]
# name 11 = potemp090C: Potential Temperature [ITS-90, deg C]
# name 12 = potemp190C: Potential Temperature, 2 [ITS-90, deg C]
# name 13 = potemp90Cdiff: Potential Temperature, Diff, 2 - 1 [ITS-90, deg C]
# name 14 = c0S/m: Conductivity [S/m]
# name 15 = c1S/m: Conductivity, 2 [S/m]
# name 16 = C2-C1S/m: Conductivity Difference, 2 - 1 [S/m]
# name 17 = sal00: Salinity, Practical [PSU]
# name 18 = sal11: Salinity, Practical, 2 [PSU]
# name 19 = sbeox0ML/L: Oxygen, SBE 43 [ml/l]
# name 20 = sigma-é00: Density [sigma-theta, kg/m^3]
# name 21 = sigma-é11: Density, 2 [sigma-theta, kg/m^3]
# name 22 = sal00: Salinity, Practical [PSU]
# name 23 = sigma-é00: Density [sigma-theta, kg/m^3]
# name 24 = svCM: Sound Velocity [Chen-Millero, m/s]
# name 25 = svCM1: Sound Velocity, 2 [Chen-Millero, m/s]
# name 26 = gsw_ptA0: potential temperature [ITS-90, deg C]
# name 27 = gsw_densityA0: density, TEOS-10 [density, kg/m^3]
# name 28 = gsw_saA0: Absolute Salinity [g/kg]
# name 29 = flag:
# span 0 =       2386,      21947       
# span 1 = 312.819553, 312.828986       
# span 2 =  -62.27984,  -62.27635       
# span 3 =  -58.43902,  -58.43352       
# span 4 =     -1.155,      1.063       
# span 5 =       0.00,    1447.02       
# span 6 =      3.000,    191.000       
# span 7 =      2.981,    189.063       
# span 8 =    -0.6970,    -0.4884       
# span 9 =    -0.6967,    -0.4872       
# span 10 =    -0.0118,     0.0151      
# span 11 =    -0.6990,    -0.4885      
# span 12 =    -0.6986,    -0.4874      
# span 13 =    -0.0118,     0.0151      
# span 14 =   2.795068,   2.817251      
# span 15 =   2.795085,   2.817237      
# span 16 =  -0.001008,   0.001037      
# span 17 =    34.2936,    34.3577      
# span 18 =    34.2922,    34.3565      
# span 19 =     7.1256,     7.5316      
# span 20 =    27.5607,    27.6147      
# span 21 =    27.5589,    27.6136      
# span 22 =    34.2926,    34.3577      
# span 23 =    27.5599,    27.6146      
# span 24 =    1445.71,    1448.81      
# span 25 =    1445.72,    1448.81      
# span 26 =    -0.6989,    -0.4885      
# span 27 =  1027.5801,  1028.5300      
# span 28 =    34.4570,    34.5251      
# span 29 = 0.0000e+00, 0.0000e+00      
# interval = decibars: 1                
# start_time = Nov 08 2023 19:38:30 [NMEA time, header]
# bad_flag = -9.990e-29
*END*
[from data line 97]
       6160 312.821373  -62.27704 -9.990e-29      0.883    1446.14    100.000     99.015    -0.6426    -0.6416     0.0010    -0.6456    -0.6446     0.0010   2.804222   2.804219 -7.534e-07    34.3382    34.3370     7.2513    27.6026    27.6016    34.3383    27.6027    1446.90    1446.90    -0.6455  1028.0871    34.5059 0.0000e+00
       6189 312.821387  -62.27704 -9.990e-29      0.830    1446.14    101.000    100.005    -0.6411    -0.6403     0.0008    -0.6442    -0.6434     0.0008   2.804409   2.804424   0.000014    34.3383    34.3375     7.2488    27.6026    27.6020    34.3386    27.6029    1446.92    1446.92    -0.6441  1028.0920    34.5062 0.0000e+00
       6217 312.821400  -62.27706 -9.990e-29      0.852    1446.14    102.000    100.995    -0.6402    -0.6397     0.0005    -0.6433    -0.6428     0.0005   2.804560   2.804540  -0.000020    34.3388    34.3379     7.2450    27.6030    27.6023    34.3390    27.6032    1446.94    1446.94    -0.6432  1028.0971    34.5066 0.0000e+00
       6243 312.821413  -62.27706 -9.990e-29      0.890    1446.14    103.000    101.985    -0.6395    -0.6394     0.0001    -0.6426    -0.6425     0.0001   2.804703   2.804631  -0.000073    34.3392    34.3380     7.2446    27.6033    27.6024    34.3395    27.6036    1446.96    1446.96    -0.6425  1028.1023    34.5072 0.0000e+00
       6269 312.821426  -62.27706  -58.43788      0.915    1446.14    104.000    102.975    -0.6379    -0.6372     0.0007    -0.6410    -0.6403     0.0007   2.804962   2.804956  -0.000012    34.3402    34.3392     7.2458    27.6040    27.6032    34.3405    27.6043    1446.99    1446.99    -0.6410  1028.1049    34.5046 0.0000e+00
       6295 312.821438 -9.990e-29  -58.43787      0.924    1446.14    105.000    103.965    -0.6371    -0.6364     0.0007    -0.6403    -0.6395     0.0007   2.805078   2.805075   0.000002    34.3403    34.3395     7.2426    27.6041    27.6034    34.3406    27.6043    1447.01    1447.01    -0.6402  1028.1080    34.5025 0.0000e+00
       6322 312.821451 -9.990e-29  -58.43786      0.912    1446.14    106.000    104.955    -0.6370    -0.6360     0.0010    -0.6402    -0.6392     0.0010   2.805153   2.805169   0.000014    34.3407    34.3397     7.2314    27.6044    27.6036    34.3409    27.6046    1447.03    1447.03    -0.6401  1028.1130    34.5028 0.0000e+00
       6351 312.821465  -62.27708  -58.43785      0.844    1446.14    107.000    105.945    -0.6365    -0.6358     0.0007    -0.6398    -0.6390     0.0007   2.805253   2.805235  -0.000015    34.3408    34.3398     7.2151    27.6045    27.6037    34.3410    27.6047    1447.04    1447.05    -0.6397  1028.1180    34.5031 0.0000e+00
       6383 312.821481  -62.27708  -58.43784      0.770    1446.14    108.000    106.935    -0.6380    -0.6373     0.0007    -0.6412    -0.6406     0.0007   2.805147   2.805132  -0.000018    34.3406    34.3396     7.2096    27.6044    27.6036    34.3407    27.6044    1447.05    1447.05    -0.6412  1028.1262    34.5073 0.0000e+00
       6414 312.821496  -62.27708  -58.43783      0.765    1446.14    109.000    107.925    -0.6378    -0.6369     0.0009    -0.6411    -0.6401     0.0009   2.805216   2.805213  -0.000004    34.3406    34.3395     7.2225    27.6044    27.6034    34.3407    27.6045    1447.07    1447.07    -0.6410  1028.1310    34.5074 0.0000e+00
       6444 312.821510  -62.27708  -58.43782      0.791    1446.14    110.000    108.915    -0.6380    -0.6371     0.0009    -0.6413    -0.6404     0.0009   2.805238   2.805237  -0.000001    34.3405    34.3395     7.2139    27.6043    27.6034    34.3406    27.6044    1447.09    1447.09    -0.6412  1028.1357    34.5073 0.0000e+00
       6476 312.821525  -62.27709  -58.43782      0.774    1446.14    111.000    109.903    -0.6372    -0.6363     0.0009    -0.6405    -0.6396     0.0009   2.805348   2.805361   0.000010    34.3403    34.3394     7.2169    27.6041    27.6033    34.3406    27.6043    1447.11    1447.11    -0.6405  1028.1405    34.5073 0.0000e+00
       6514 312.821544  -62.27710  -58.43780      0.650    1446.14    112.000    110.895    -0.6349    -0.6341     0.0008    -0.6383    -0.6375     0.0008   2.805626   2.805619  -0.000006    34.3409    34.3399     7.2244    27.6045    27.6037    34.3411    27.6047    1447.13    1447.14    -0.6382  1028.1456    34.5078 0.0000e+00
       6603 312.821587  -62.27712  -58.43778      0.264    1446.14    113.000    111.883    -0.6364    -0.6354     0.0010    -0.6399    -0.6388     0.0010   2.805506   2.805512   0.000014    34.3405    34.3396     7.2214    27.6043    27.6035    34.3406    27.6044    1447.14    1447.14    -0.6397  1028.1501    34.5074 0.0000e+00
       6751 312.821658  -62.27716  -58.43774      0.210    1446.37    114.000    112.871    -0.6317    -0.6323    -0.0006    -0.6351    -0.6357    -0.0006   2.806051   2.805880  -0.000169    34.3418    34.3401     7.2172    27.6051    27.6038    34.3420    27.6053    1447.18    1447.18    -0.6351  1028.1538    34.5063 0.0000e+00
       7206 312.821877  -62.27722  -58.43761      0.161    1446.38    115.000    113.867    -0.6376    -0.6360     0.0017    -0.6411    -0.6395     0.0017   2.805415   2.805490   0.000086    34.3395    34.3388     7.2284    27.6035    27.6029    34.3395    27.6035    1447.17    1447.17    -0.6410  1028.1590    34.5065 0.0000e+00
       7342 312.821943  -62.27725  -58.43757      0.401    1446.38    116.000    114.850    -0.6389    -0.6380     0.0008    -0.6424    -0.6415     0.0008   2.805332   2.805320  -0.000011    34.3392    34.3381     7.2337    27.6033    27.6024    34.3392    27.6033    1447.18    1447.18    -0.6423  1028.1634    34.5060 0.0000e+00
       7446 312.821993  -62.27727  -58.43754      0.204    1446.38    117.000    115.849    -0.6385    -0.6379     0.0007    -0.6421    -0.6414     0.0007   2.805434   2.805400  -0.000031    34.3395    34.3383     7.2341    27.6036    27.6026    34.3396    27.6036    1447.20    1447.20    -0.6420  1028.1684    34.5063 0.0000e+00
       7497 312.822018  -62.27728  -58.43753      0.495    1446.38    118.000    116.833    -0.6389    -0.6380     0.0008    -0.6425    -0.6416     0.0008   2.805444   2.805439 -9.072e-07    34.3395    34.3385     7.2305    27.6035    27.6027    34.3395    27.6035    1447.21    1447.21    -0.6424  1028.1732    34.5063 0.0000e+00
       7565 312.822051  -62.27729  -58.43751      0.326    1446.38    119.000    117.823    -0.6381    -0.6375     0.0006    -0.6417    -0.6411     0.0006   2.805617   2.805558  -0.000060    34.3402    34.3388     7.2331    27.6041    27.6030    34.3403    27.6042    1447.23    1447.23    -0.6416  1028.1786    34.5071 0.0000e+00
       7631 312.822082  -62.27730  -58.43750      0.421    1446.38    120.000    118.813    -0.6342    -0.6336     0.0006    -0.6378    -0.6372     0.0006   2.806073   2.806054  -0.000017    34.3409    34.3400     7.2264    27.6045    27.6037    34.3414    27.6049    1447.27    1447.27    -0.6377  1028.1841    34.5082 0.0000e+00
       7672 312.822102  -62.27730  -58.43748      0.572    1446.38    121.000    119.801    -0.6323    -0.6316     0.0007    -0.6360    -0.6352     0.0007   2.806324   2.806295  -0.000030    34.3418    34.3406     7.2137    27.6051    27.6041    34.3420    27.6053    1447.29    1447.30    -0.6359  1028.1893    34.5089 0.0000e+00
       7745 312.822137  -62.27732  -58.43746      0.272    1446.38    122.000    120.794    -0.6304    -0.6312    -0.0008    -0.6341    -0.6349    -0.0008   2.806561   2.806374  -0.000186    34.3422    34.3406     7.2075    27.6054    27.6042    34.3425    27.6056    1447.32    1447.31    -0.6340  1028.1943    34.5093 0.0000e+00
       7794 312.822161  -62.27733  -58.43745      0.515    1446.38    123.000    121.782    -0.6313    -0.6300     0.0013    -0.6351    -0.6337     0.0013   2.806518   2.806557   0.000033    34.3422    34.3411     7.2107    27.6054    27.6045    34.3423    27.6055    1447.33    1447.33    -0.6349  1028.1990    34.5092 0.0000e+00
       7833 312.822180  -62.27734  -58.43743      0.628    1446.38    124.000    122.767    -0.6266    -0.6263     0.0002    -0.6303    -0.6301     0.0002   2.807035   2.806957  -0.000065    34.3428    34.3416     7.2164    27.6057    27.6047    34.3433    27.6061    1447.37    1447.37    -0.6303  1028.2044    34.5101 0.0000e+00
       7900 312.822212  -62.27735  -58.43740      0.304    1446.38    125.000    123.767    -0.6230    -0.6245    -0.0015    -0.6268    -0.6283    -0.0015   2.807417   2.807188  -0.000241    34.3434    34.3419     7.2204    27.6061    27.6049    34.3438    27.6063    1447.40    1447.40    -0.6267  1028.2094    34.5107 0.0000e+00
       7948 312.822235  -62.27736  -58.43740      0.516    1446.38    126.000    124.752    -0.6183    -0.6167     0.0016    -0.6222    -0.6206     0.0016   2.807939   2.808016   0.000072    34.3441    34.3433     7.2125    27.6064    27.6057    34.3449    27.6070    1447.44    1447.45    -0.6221  1028.2148    34.5118 0.0000e+00
       7985 312.822253  -62.27736  -58.43739      0.638    1446.38    127.000    125.742    -0.6138    -0.6125     0.0013    -0.6177    -0.6164     0.0013   2.808423   2.808471   0.000046    34.3452    34.3443     7.2133    27.6071    27.6063    34.3457    27.6075    1447.48    1447.49    -0.6176  1028.2200    34.5126 0.0000e+00
       8027 312.822273  -62.27737  -58.43738      0.586    1446.38    128.000    126.731    -0.6149    -0.6140     0.0009    -0.6188    -0.6179     0.0009   2.808389   2.808380  -0.000017    34.3455    34.3443     7.2210    27.6074    27.6064    34.3458    27.6076    1447.49    1447.49    -0.6187  1028.2250    34.5127 0.0000e+00
       8068 312.822293  -62.27738  -58.43736      0.572    1446.38    129.000    127.721    -0.6094    -0.6085     0.0009    -0.6133    -0.6124     0.0009   2.808945   2.808969   0.000035    34.3457    34.3451     7.2247    27.6073    27.6068    34.3464    27.6079    1447.54    1447.54    -0.6132  1028.2279    34.5108 0.0000e+00
       8100 312.822309 -9.990e-29  -58.43735      0.716    1446.38    130.000    128.711    -0.6069    -0.6066     0.0004    -0.6109    -0.6105     0.0004   2.809248   2.809209  -0.000038    34.3466    34.3457     7.2197    27.6079    27.6071    34.3471    27.6084    1447.56    1447.56    -0.6108  1028.2312    34.5091 0.0000e+00
       8144 312.822330  -62.27740  -58.43734      0.573    1446.38    131.000    129.700    -0.6069    -0.6065     0.0004    -0.6109    -0.6105     0.0004   2.809309   2.809241  -0.000068    34.3469    34.3456     7.2180    27.6082    27.6071    34.3473    27.6085    1447.58    1447.58    -0.6108  1028.2367    34.5099 0.0000e+00
       8201 312.822357  -62.27740  -58.43732      0.398 -9.990e-29    132.000    130.691    -0.6058    -0.6053     0.0004    -0.6098    -0.6094     0.0004   2.809474   2.809422  -0.000053    34.3473    34.3461     7.2265    27.6084    27.6075    34.3476    27.6087    1447.60    1447.60    -0.6097  1028.2453    34.5148 0.0000e+00
       8238 312.822375  -62.27740  -58.43732      0.612 -9.990e-29    133.000    131.680    -0.6043    -0.6044    -0.0001    -0.6084    -0.6085    -0.0001   2.809644   2.809569  -0.000076    34.3473    34.3464     7.2253    27.6084    27.6077    34.3476    27.6087    1447.63    1447.62    -0.6083  1028.2498    34.5146 0.0000e+00
       8265 312.822388  -62.27741  -58.43730      0.820    1446.55    134.000    132.670    -0.6050    -0.6039     0.0011    -0.6091    -0.6080     0.0011   2.809641   2.809647   0.000007    34.3478    34.3466     7.2305    27.6088    27.6078    34.3478    27.6088    1447.64    1447.64    -0.6090  1028.2548    34.5148 0.0000e+00
       8292 312.822401  -62.27742  -58.43730      0.911    1446.56    135.000    133.660    -0.6088    -0.6082     0.0006    -0.6130    -0.6124     0.0006   2.809362   2.809294  -0.000074    34.3477    34.3461     7.2294    27.6090    27.6076    34.3477    27.6089    1447.64    1447.64    -0.6128  1028.2597    34.5147 0.0000e+00
       8324 312.822416  -62.27742  -58.43730      0.793    1446.56    136.000    134.649    -0.6087    -0.6079     0.0009    -0.6129    -0.6120     0.0009   2.809357   2.809361 4.8139e-07    34.3469    34.3459     7.2224    27.6083    27.6074    34.3469    27.6083    1447.65    1447.66    -0.6128  1028.2639    34.5140 0.0000e+00
       8363 312.822435  -62.27742  -58.43727      0.633    1446.56    137.000    135.639    -0.6091    -0.6080     0.0012    -0.6133    -0.6122     0.0012   2.809373   2.809404   0.000032    34.3469    34.3460     7.2178    27.6083    27.6075    34.3470    27.6083    1447.67    1447.67    -0.6132  1028.2687    34.5140 0.0000e+00
       8413 312.822459  -62.27744  -58.43726      0.477    1446.56    138.000    136.629    -0.6088    -0.6078     0.0010    -0.6131    -0.6120     0.0010   2.809441   2.809449   0.000013    34.3469    34.3459     7.2134    27.6082    27.6074    34.3469    27.6083    1447.69    1447.69    -0.6129  1028.2734    34.5140 0.0000e+00
       8466 312.822485  -62.27745  -58.43724      0.437    1446.56    139.000    137.618    -0.6003    -0.6001     0.0002    -0.6046    -0.6044     0.0002   2.810366   2.810272  -0.000099    34.3485    34.3469     7.2184    27.6092    27.6079    34.3491    27.6097    1447.74    1447.74    -0.6045  1028.2795    34.5162 0.0000e+00
       8498 312.822500  -62.27746  -58.43724      0.683    1446.56    140.000    138.608    -0.6047    -0.6032     0.0015    -0.6090    -0.6075     0.0015   2.810021   2.810023  -0.000006    34.3488    34.3470     7.2262    27.6096    27.6082    34.3488    27.6097    1447.74    1447.74    -0.6089  1028.2843    34.5159 0.0000e+00
       8522 312.822512  -62.27746  -58.43724      0.910    1446.56    141.000    139.598    -0.6041    -0.6031     0.0010    -0.6085    -0.6074     0.0010   2.810076   2.810072   0.000006    34.3482    34.3472     7.2277    27.6092    27.6082    34.3483    27.6092    1447.76    1447.76    -0.6083  1028.2887    34.5154 0.0000e+00
       8544 312.822523  -62.27746  -58.43722      1.033    1446.56    142.000    140.588    -0.6042    -0.6034     0.0008    -0.6085    -0.6077     0.0008   2.810113   2.810087  -0.000032    34.3481    34.3468     7.2256    27.6091    27.6080    34.3483    27.6092    1447.77    1447.78    -0.6085  1028.2934    34.5154 0.0000e+00
       8571 312.822536  -62.27746  -58.43722      0.987    1446.56    143.000    141.577    -0.6045    -0.6036     0.0009    -0.6089    -0.6080     0.0009   2.810109   2.810105 -8.229e-07    34.3479    34.3469     7.2227    27.6089    27.6081    34.3480    27.6090    1447.79    1447.79    -0.6088  1028.2980    34.5151 0.0000e+00
       8614 312.822556  -62.27747  -58.43720      0.595    1446.56    144.000    142.567    -0.6052    -0.6044     0.0008    -0.6096    -0.6088     0.0008   2.810086   2.810081  -0.000007    34.3478    34.3468     7.2206    27.6089    27.6080    34.3478    27.6089    1447.80    1447.80    -0.6095  1028.3027    34.5149 0.0000e+00
       8664 312.822580  -62.27748  -58.43719      0.468    1446.56    145.000    143.557    -0.6042    -0.6041     0.0001    -0.6087    -0.6086     0.0001   2.810209   2.810155  -0.000049    34.3476    34.3468     7.2284    27.6086    27.6080    34.3477    27.6087    1447.82    1447.82    -0.6085  1028.3073    34.5148 0.0000e+00
       8697 312.822596  -62.27748  -58.43718      0.671    1446.56    146.000    144.547    -0.6042    -0.6032     0.0011    -0.6087    -0.6076     0.0011   2.810275   2.810294   0.000017    34.3480    34.3469     7.2255    27.6090    27.6081    34.3481    27.6090    1447.84    1447.84    -0.6086  1028.3124    34.5152 0.0000e+00
       8723 312.822609  -62.27749  -58.43717      0.862    1446.56    147.000    145.536    -0.6037    -0.6030     0.0008    -0.6083    -0.6075     0.0008   2.810387   2.810367  -0.000019    34.3483    34.3472     7.2273    27.6092    27.6083    34.3483    27.6092    1447.86    1447.86    -0.6081  1028.3173    34.5155 0.0000e+00
