Pos-Processados/process_op42/operantar42_027.cnv
* Sea-Bird SBE 9 Data File:
* FileName = C:\Users\Hidrografia\Desktop\OPXLII\Brutos\OP42027.hdr
* Software Version Seasave V 7.26.7.107
* Temperature SN = 6502
* Conductivity SN = 4998
* Number of Bytes Per Scan = 37
* Number of Voltage Words = 4
* Number of Scans Averaged by the Deck Unit = 1
* NMEA Latitude = 62 16.55 S
* NMEA Longitude = 058 26.39 W
* NMEA UTC (Time) = Nov 08 2023 19:38:30
* NMEA baud rate = 4800
** H41
** NPOALTEMAXIMIANO
** NUMERO DA ESTACAO (XXX) 027
** LAT (XX XX.XX S/N) 62  16.401 S
** LONG (XXX XX.XX W/E) 058  26.553 W
** DATAHORA (dd/mm/aaaa hh:mm Z) 08/11/2023 1937Z
** PROFUNDIDADE (m) 159
** OPERADOR CT FILIPE LOPES
# nquan = 30
# nvalues = 377                         
# units = specified
# name 0 = scan: Scan Count
# name 1 = timeJ: Julian Days
# name 2 = latitude: Latitude [deg]
# name 3 = longitude: Longitude [deg]
# name 4 = dz/dtM: Descent Rate [m/s]
# name 5 = avgsvCM: Average Sound Velocity [Chen-Millero, m/s]
# name 6 = prDM: Pressure, Digiquartz [db]
# name 7 = depSM: Depth [salt water, m]
# name 8 = t090C: Temperature [ITS-90, deg C]
# name 9 = t190C: Temperature, 2 [ITS-90, deg C]
# name 10 = T2-T190C: Temperature Difference, 2 - 1 [ITS-90, deg C]
# name 11 = potemp090C: Potential Temperature [ITS-90, deg C]
# name 12 = potemp190C: Potential Temperature, 2 [ITS-90, deg C]
# name 13 = potemp90Cdiff: Potential Temperature, Diff, 2 - 1 [ITS-90, deg C]
# name 14 = c0S/m: Conductivity [S/m]
# name 15 = c1S/m: Conductivity, 2 [S/m]
# name 16 = C2-C1S/m: Conductivity Difference, 2 - 1 [S/m]
# name 17 = sal00: Salinity, Practical [PSU]
# name 18 = sal11: Salinity, Practical, 2 [PSU]
# name 19 = sbeox0ML/L: Oxygen, SBE 43 [ml/l]
# name 20 = sigma-é00: Density [sigma-theta, kg/m^3]
# name 21 = sigma-é11: Density, 2 [sigma-theta, kg/m^3]
# name 22 = sal00: Salinity, Practical [PSU]
# name 23 = sigma-é00: Density [sigma-theta, kg/m^3]
# name 24 = svCM: Sound Velocity [Chen-Millero, m/s]
# name 25 = svCM1: Sound Velocity, 2 [Chen-Millero, m/s]
# name 26 = gsw_ptA0: potential temperature [ITS-90, deg C]
# name 27 = gsw_densityA0: density, TEOS-10 [density, kg/m^3]
# name 28 = gsw_saA0: Absolute Salinity [g/kg]
# name 29 = flag:
# span 0 =       2386,      21947       
# span 1 = 312.819553, 312.828986       
# span 2 =  -62.27984,  -62.27635       
# span 3 =  -58.43902,  -58.43352       
# span 4 =     -1.155,      1.063       
# span 5 =       0.00,    1447.02       
# span 6 =      3.000,    191.000       
# span 7 =      2.981,    189.063       
# span 8 =    -0.6970,    -0.4884       
# span 9 =    -0.6967,    -0.4872       
# span 10 =    -0.0118,     0.0151      
# span 11 =    -0.6990,    -0.4885      
# span 12 =    -0.6986,    -0.4874      
# span 13 =    -0.0118,     0.0151      
# span 14 =   2.795068,   2.817251      
# span 15 =   2.795085,   2.817237      
# span 16 =  -0.001008,   0.001037      
# span 17 =    34.2936,    34.3577      
# span 18 =    34.2922,    34.3565      
# span 19 =     7.1256,     7.5316      
# span 20 =    27.5607,    27.6147      
# span 21 =    27.5589,    27.6136      
# span 22 =    34.2926,    34.3577      
# span 23 =    27.5599,    27.6146      
# span 24 =    1445.71,    1448.81      
# span 25 =    1445.72,    1448.81      
# span 26 =    -0.6989,    -0.4885      
# span 27 =  1027.5801,  1028.5300      
# span 28 =    34.4570,    34.5251      
# span 29 = 0.0000e+00, 0.0000e+00      
# interval = decibars: 1                
# start_time = Nov 08 2023 19:38:30 [NMEA time, header]
# bad_flag = -9.990e-29
*END*
[from data line 146]
       8784 312.822639  -62.27750  -58.43714      0.737    1446.56    149.000    147.516    -0.6029    -0.6022     0.0007    -0.6074    -0.6068     0.0007   2.810547   2.810523  -0.000024    34.3482    34.3471     7.2207    27.6091    27.6082    34.3483    27.6092    1447.89    1447.90    -0.6074  1028.3268    34.5155 0.0000e+00
       8825 312.822658  -62.27750  -58.43714      0.586    1446.56    150.000    148.505    -0.6019    -0.6012     0.0008    -0.6066    -0.6058     0.0008   2.810664   2.810667 -1.129e-07    34.3481    34.3472     7.2136    27.6090    27.6082    34.3482    27.6091    1447.91    1447.92    -0.6064  1028.3315    34.5154 0.0000e+00
       8859 312.822674  -62.27752  -58.43714      0.675    1446.56    151.000    149.495    -0.6023    -0.6015     0.0008    -0.6069    -0.6061     0.0008   2.810704   2.810694  -0.000008    34.3483    34.3473     7.2226    27.6092    27.6083    34.3485    27.6093    1447.93    1447.93    -0.6068  1028.3365    34.5157 0.0000e+00
       8886 312.822688  -62.27752  -58.43714      0.828    1446.56    152.000    150.485    -0.6014    -0.6008     0.0006    -0.6061    -0.6055     0.0006   2.810812   2.810800  -0.000016    34.3483    34.3473     7.2235    27.6091    27.6083    34.3484    27.6092    1447.95    1447.95    -0.6060  1028.3412    34.5156 0.0000e+00
       8913 312.822700  -62.27752  -58.43711      0.903    1446.56    153.000    151.475    -0.6009    -0.6002     0.0008    -0.6056    -0.6049     0.0008   2.810918   2.810912  -0.000009    34.3485    34.3475     7.2234    27.6092    27.6084    34.3486    27.6094    1447.97    1447.97    -0.6055  1028.3461    34.5158 0.0000e+00
       8941 312.822714  -62.27752  -58.43710      0.880    1446.56    154.000    152.464    -0.6010    -0.6000     0.0009    -0.6057    -0.6048     0.0009   2.810974   2.810961  -0.000009    34.3487    34.3475     7.2238    27.6094    27.6084    34.3488    27.6095    1447.99    1447.99    -0.6056  1028.3510    34.5160 0.0000e+00
       8975 312.822731  -62.27754  -58.43710      0.733    1446.56    155.000    153.452    -0.6004    -0.5998     0.0006    -0.6052    -0.6046     0.0006   2.811067   2.811033  -0.000032    34.3486    34.3475     7.2221    27.6093    27.6084    34.3488    27.6095    1448.00    1448.01    -0.6051  1028.3557    34.5160 0.0000e+00
       9016 312.822750  -62.27754  -58.43708      0.582    1446.56    156.000    154.445    -0.5991    -0.5988     0.0003    -0.6039    -0.6036     0.0003   2.811224   2.811166  -0.000054    34.3488    34.3477     7.2140    27.6094    27.6085    34.3489    27.6095    1448.03    1448.03    -0.6038  1028.3605    34.5161 0.0000e+00
       9049 312.822766  -62.27754  -58.43708      0.692    1446.56    157.000    155.433    -0.5995    -0.5988     0.0007    -0.6043    -0.6036     0.0007   2.811268   2.811234  -0.000038    34.3491    34.3478     7.2162    27.6097    27.6086    34.3493    27.6098    1448.04    1448.04    -0.6042  1028.3656    34.5165 0.0000e+00
       9076 312.822779  -62.27754  -58.43706      0.847    1446.56    158.000    156.423    -0.5959    -0.5956     0.0003    -0.6008    -0.6005     0.0003   2.811608   2.811566  -0.000042    34.3488    34.3479     7.2131    27.6092    27.6085    34.3492    27.6096    1448.07    1448.07    -0.6007  1028.3666    34.5120 0.0000e+00
       9108 312.822795 -9.990e-29  -58.43705      0.792    1446.56    159.000    157.412    -0.5945    -0.5939     0.0006    -0.5994    -0.5988     0.0006   2.811807   2.811764  -0.000039    34.3493    34.3481     7.2160    27.6096    27.6086    34.3496    27.6099    1448.10    1448.10    -0.5993  1028.3710    34.5116 0.0000e+00
       9170 312.822825 -9.990e-29  -58.43704      0.361    1446.56    160.000    158.402    -0.5946    -0.5941     0.0005    -0.5996    -0.5990     0.0005   2.811843   2.811789  -0.000056    34.3495    34.3481     7.2195    27.6098    27.6087    34.3496    27.6099    1448.11    1448.11    -0.5994  1028.3758    34.5116 0.0000e+00
       9229 312.822853 -9.990e-29  -58.43702      0.437    1446.56    161.000    159.392    -0.5956    -0.5947     0.0009    -0.6006    -0.5997     0.0009   2.811784   2.811778  -0.000004    34.3493    34.3482     7.2231    27.6097    27.6088    34.3494    27.6098    1448.12    1448.13    -0.6005  1028.3804    34.5114 0.0000e+00
       9585 312.823025  -62.27762  -58.43692      0.219    1446.65    162.000    160.382    -0.5933    -0.5921     0.0012    -0.5983    -0.5971     0.0012   2.812062   2.812087   0.000024    34.3498    34.3488     7.2168    27.6100    27.6091    34.3499    27.6100    1448.15    1448.15    -0.5982  1028.3878    34.5148 0.0000e+00
      10033 312.823241  -62.27771  -58.43679      0.166    1446.86    163.000    161.376    -0.5916    -0.5911     0.0005    -0.5967    -0.5961     0.0005   2.812269   2.812243  -0.000030    34.3500    34.3490     7.2238    27.6101    27.6093    34.3501    27.6102    1448.17    1448.18    -0.5965  1028.3949    34.5177 0.0000e+00
      10057 312.823252  -62.27772  -58.43679      0.435    1446.83    164.000    162.359    -0.5892    -0.5886     0.0006    -0.5943    -0.5937     0.0006   2.812575   2.812537  -0.000029    34.3506    34.3496     7.2132    27.6105    27.6096    34.3509    27.6107    1448.20    1448.21    -0.5942  1028.3999    34.5182 0.0000e+00
      10134 312.823289  -62.27773  -58.43675      0.289    1446.83    165.000    163.349    -0.5793    -0.5812    -0.0019    -0.5844    -0.5863    -0.0019   2.813569   2.813253  -0.000311    34.3520    34.3499     7.2127    27.6112    27.6096    34.3525    27.6115    1448.27    1448.26    -0.5843  1028.4050    34.5191 0.0000e+00
      10215 312.823329 -9.990e-29 -9.990e-29      0.319    1446.83    166.000    164.343    -0.5788    -0.5783     0.0005    -0.5840    -0.5835     0.0005   2.813660   2.813611  -0.000058    34.3524    34.3510     7.1987    27.6115    27.6103    34.3525    27.6116    1448.29    1448.29    -0.5839  1028.4070    34.5157 0.0000e+00
      10274 312.823357  -62.27776  -58.43671      0.407    1446.83    167.000    165.323    -0.5845    -0.5832     0.0013    -0.5897    -0.5884     0.0013   2.813163   2.813228   0.000061    34.3518    34.3511     7.2052    27.6112    27.6106    34.3517    27.6111    1448.28    1448.28    -0.5896  1028.4133    34.5174 0.0000e+00
      10345 312.823391  -62.27777  -58.43669      0.328    1446.83    168.000    166.325    -0.5774    -0.5781    -0.0007    -0.5827    -0.5833    -0.0007   2.813838   2.813758  -0.000089    34.3513    34.3509     7.2018    27.6106    27.6102    34.3521    27.6112    1448.33    1448.32    -0.5825  1028.4194    34.5195 0.0000e+00
      10395 312.823415  -62.27778  -58.43668      0.488    1446.83    169.000    167.308    -0.5718    -0.5698     0.0020    -0.5771    -0.5751     0.0020   2.814488   2.814557   0.000075    34.3537    34.3524     7.2085    27.6122    27.6111    34.3539    27.6124    1448.37    1448.38    -0.5770  1028.4253    34.5212 0.0000e+00
      10460 312.823447  -62.27779  -58.43666      0.340    1446.83    170.000    168.297    -0.5718    -0.5713     0.0005    -0.5771    -0.5766     0.0005   2.814533   2.814468  -0.000062    34.3536    34.3521     7.1994    27.6121    27.6109    34.3538    27.6123    1448.39    1448.39    -0.5770  1028.4300    34.5212 0.0000e+00
      10523 312.823477  -62.27780  -58.43664      0.423    1446.83    171.000    169.288    -0.5702    -0.5701     0.0001    -0.5755    -0.5754     0.0001   2.814733   2.814659  -0.000070    34.3538    34.3527     7.1928    27.6122    27.6113    34.3541    27.6125    1448.41    1448.41    -0.5754  1028.4349    34.5214 0.0000e+00
      10568 312.823499  -62.27780  -58.43664      0.533    1446.83    172.000    170.273    -0.5701    -0.5693     0.0008    -0.5755    -0.5747     0.0008   2.814803   2.814770  -0.000028    34.3540    34.3528     7.1900    27.6124    27.6113    34.3543    27.6126    1448.43    1448.43    -0.5754  1028.4399    34.5217 0.0000e+00
      10635 312.823531  -62.27781  -58.43660      0.319    1446.83    173.000    171.268    -0.5624    -0.5630    -0.0007    -0.5678    -0.5685    -0.0007   2.815591   2.815408  -0.000195    34.3553    34.3535     7.1863    27.6131    27.6116    34.3556    27.6133    1448.48    1448.48    -0.5677  1028.4453    34.5229 0.0000e+00
      10684 312.823555  -62.27782  -58.43659      0.505    1446.83    174.000    172.255    -0.5644    -0.5640     0.0005    -0.5699    -0.5694     0.0005   2.815436   2.815401  -0.000032    34.3549    34.3540     7.1853    27.6129    27.6121    34.3552    27.6131    1448.49    1448.49    -0.5698  1028.4499    34.5226 0.0000e+00
      10746 312.823584  -62.27784  -58.43657      0.372    1446.83    175.000    173.244    -0.5643    -0.5637     0.0006    -0.5698    -0.5692     0.0006   2.815511   2.815463  -0.000043    34.3552    34.3539     7.1860    27.6131    27.6120    34.3555    27.6133    1448.51    1448.51    -0.5697  1028.4549    34.5228 0.0000e+00
      10810 312.823616  -62.27784  -58.43655      0.389    1446.83    176.000    174.241    -0.5605    -0.5590     0.0015    -0.5660    -0.5645     0.0015   2.815939   2.815966   0.000011    34.3562    34.3546     7.1802    27.6138    27.6124    34.3563    27.6138    1448.54    1448.55    -0.5659  1028.4601    34.5237 0.0000e+00
      10849 312.823634  -62.27784  -58.43654      0.599    1446.83    177.000    175.224    -0.5602    -0.5601     0.0001    -0.5658    -0.5657     0.0001   2.815990   2.815925  -0.000057    34.3556    34.3547     7.1868    27.6133    27.6125    34.3561    27.6136    1448.56    1448.56    -0.5657  1028.4642    34.5228 0.0000e+00
      10911 312.823664 -9.990e-29  -58.43653      0.373    1446.83    178.000    176.214    -0.5545    -0.5544     0.0001    -0.5601    -0.5600     0.0001   2.816572   2.816472  -0.000107    34.3565    34.3550     7.1772    27.6137    27.6125    34.3568    27.6139    1448.60    1448.60    -0.5600  1028.4654    34.5187 0.0000e+00
      10985 312.823700  -62.27788  -58.43649      0.333    1446.83    179.000    177.205    -0.5578    -0.5564     0.0013    -0.5634    -0.5621     0.0013   2.816310   2.816339   0.000031    34.3563    34.3552     7.1678    27.6137    27.6128    34.3563    27.6137    1448.60    1448.61    -0.5633  1028.4732    34.5224 0.0000e+00
      11072 312.823742  -62.27788  -58.43647      0.250    1446.83    180.000    178.193    -0.5614    -0.5588     0.0026    -0.5671    -0.5644     0.0026   2.815987   2.816156   0.000163    34.3558    34.3550     7.1760    27.6135    27.6127    34.3555    27.6133    1448.60    1448.61    -0.5669  1028.4764    34.5201 0.0000e+00
      11144 312.823776  -62.27791  -58.43645      0.331    1446.83    181.000    179.180    -0.5665    -0.5653     0.0012    -0.5722    -0.5709     0.0012   2.815561   2.815591   0.000027    34.3551    34.3541     7.1773    27.6131    27.6122    34.3549    27.6130    1448.59    1448.60    -0.5721  1028.4800    34.5184 0.0000e+00
      11587 312.823990  -62.27798  -58.43630      0.208    1446.92    182.000    180.176    -0.5575    -0.5567     0.0008    -0.5632    -0.5624     0.0008   2.816501   2.816489  -0.000019    34.3567    34.3555     7.1711    27.6140    27.6131    34.3567    27.6141    1448.66    1448.66    -0.5631  1028.4892    34.5244 0.0000e+00
      11682 312.824036  -62.27800  -58.43627      0.411    1447.01    183.000    181.164    -0.5566    -0.5558     0.0008    -0.5624    -0.5615     0.0008   2.816641   2.816621  -0.000021    34.3569    34.3557     7.1731    27.6142    27.6132    34.3570    27.6143    1448.67    1448.68    -0.5623  1028.4939    34.5244 0.0000e+00
      11750 312.824069  -62.27800  -58.43625      0.360    1447.02    184.000    182.155    -0.5559    -0.5550     0.0008    -0.5617    -0.5609     0.0008   2.816739   2.816738  -0.000003    34.3569    34.3559     7.1739    27.6141    27.6133    34.3569    27.6141    1448.70    1448.70    -0.5616  1028.4981    34.5238 0.0000e+00
      11790 312.824088 -9.990e-29  -58.43623      0.585    1447.02    185.000    183.138    -0.5558    -0.5550     0.0008    -0.5617    -0.5609     0.0008   2.816795   2.816784  -0.000012    34.3570    34.3559     7.1711    27.6142    27.6133    34.3570    27.6142    1448.71    1448.71    -0.5615  1028.4991    34.5191 0.0000e+00
      11833 312.824109 -9.990e-29  -58.43622      0.563    1447.02    186.000    184.134    -0.5556    -0.5549     0.0007    -0.5614    -0.5607     0.0007   2.816863   2.816846  -0.000015    34.3569    34.3560     7.1692    27.6141    27.6133    34.3570    27.6142    1448.73    1448.73    -0.5613  1028.5038    34.5190 0.0000e+00
      11873 312.824128 -9.990e-29  -58.43620      0.587    1447.02    187.000    185.120    -0.5561    -0.5555     0.0006    -0.5620    -0.5614     0.0006   2.816869   2.816842  -0.000030    34.3569    34.3559     7.1564    27.6141    27.6133    34.3570    27.6142    1448.74    1448.74    -0.5619  1028.5086    34.5191 0.0000e+00
      11914 312.824148 -9.990e-29  -58.43620      0.585    1447.02    188.000    186.106    -0.5556    -0.5550     0.0006    -0.5615    -0.5609     0.0006   2.816951   2.816930  -0.000023    34.3569    34.3560     7.1618    27.6141    27.6133    34.3570    27.6142    1448.76    1448.76    -0.5614  1028.5133    34.5190 0.0000e+00
      11966 312.824173  -62.27804  -58.43618      0.481    1447.02    189.000    187.099    -0.5552    -0.5545     0.0007    -0.5612    -0.5605     0.0007   2.817027   2.817014  -0.000008    34.3568    34.3559     7.1683    27.6140    27.6133    34.3570    27.6142    1448.78    1448.78    -0.5611  1028.5200    34.5214 0.0000e+00
      12072 312.824224  -62.27806  -58.43615      0.344    1447.02    190.000    188.089    -0.5558    -0.5550     0.0008    -0.5618    -0.5610     0.0008   2.817040   2.817018  -0.000021    34.3571    34.3559     7.1733    27.6143    27.6133    34.3572    27.6143    1448.79    1448.79    -0.5617  1028.5272    34.5244 0.0000e+00
      12727 312.824540  -62.27814  -58.43594     -0.089    1447.02    191.000    189.063    -0.5549    -0.5552    -0.0004    -0.5609    -0.5613    -0.0004   2.817154   2.817045  -0.000100    34.3570    34.3560     7.1819    27.6141    27.6134    34.3570    27.6142    1448.81    1448.81    -0.5608  1028.5300    34.5220 0.0000e+00
      12964 312.824654  -62.27822  -58.43587     -0.236    1447.02    190.000    188.092    -0.5554    -0.5547     0.0007    -0.5614    -0.5607     0.0007   2.817074   2.817044  -0.000029    34.3572    34.3560     7.1678    27.6143    27.6134    34.3572    27.6144    1448.80    1448.80    -0.5613  1028.5272    34.5245 0.0000e+00
      13366 312.824848  -62.27830  -58.43576     -0.207    1447.02    189.000    187.095    -0.5531    -0.5523     0.0008    -0.5591    -0.5583     0.0008   2.817251   2.817237  -0.000020    34.3577    34.3565     7.1684    27.6147    27.6136    34.3577    27.6146    1448.79    1448.79    -0.5590  1028.5228    34.5251 0.0000e+00
      13405 312.824867  -62.27830  -58.43574     -0.390    1447.02    188.000    186.110    -0.5540    -0.5530     0.0010    -0.5599    -0.5589     0.0010   2.817107   2.817122   0.000016    34.3573    34.3564     7.1645    27.6144    27.6136    34.3573    27.6144    1448.77    1448.77    -0.5598  1028.5178    34.5247 0.0000e+00
      13451 312.824889  -62.27832  -58.43574     -0.514    1447.02    187.000    185.120    -0.5549    -0.5535     0.0014    -0.5608    -0.5594     0.0014   2.816975   2.817027   0.000048    34.3573    34.3563     7.1651    27.6144    27.6136    34.3571    27.6143    1448.75    1448.75    -0.5607  1028.5129    34.5245 0.0000e+00
