Pos-Processados/process_op42/operantar42_017.cnv
* Sea-Bird SBE 9 Data File:
* FileName = C:\Users\Hidrografia\Desktop\OPXLII\Brutos\OP42017.hdr
* Software Version Seasave V 7.26.7.107
* Temperature SN = 6502
* Conductivity SN = 4998
* Number of Bytes Per Scan = 37
* Number of Voltage Words = 4
* Number of Scans Averaged by the Deck Unit = 1
* NMEA Latitude = 62 11.60 S
* NMEA Longitude = 058 03.21 W
* NMEA UTC (Time) = Nov 07 2023 10:12:31
* NMEA baud rate = 4800
** H41
** NPOALTEMAXIMIANO
** NUMERO DA ESTACAO (XXX) 017
** LAT (XX XX.XX S/N) 62 11.58 S
** LONG (XXX XX.XX W/E) 058 03.19 W
** DATAHORA (dd/mm/aaaa hh:mm Z) 07/11/2023 1011Z
** PROFUNDIDADE (m) 523
** OPERADOR CT FABIREZA
# nquan = 30
# nvalues = 1046                        
# units = specified
# name 0 = scan: Scan Count
# name 1 = timeJ: Julian Days
# name 2 = latitude: Latitude [deg]
# name 3 = longitude: Longitude [deg]
# name 4 = dz/dtM: Descent Rate [m/s]
# name 5 = avgsvCM: Average Sound Velocity [Chen-Millero, m/s]
# name 6 = prDM: Pressure, Digiquartz [db]
# name 7 = depSM: Depth [salt water, m]
# name 8 = t090C: Temperature [ITS-90, deg C]
# name 9 = t190C: Temperature, 2 [ITS-90, deg C]
# name 10 = T2-T190C: Temperature Difference, 2 - 1 [ITS-90, deg C]
# name 11 = potemp090C: Potential Temperature [ITS-90, deg C]
# name 12 = potemp190C: Potential Temperature, 2 [ITS-90, deg C]
# name 13 = potemp90Cdiff: Potential Temperature, Diff, 2 - 1 [ITS-90, deg C]
# name 14 = c0S/m: Conductivity [S/m]
# name 15 = c1S/m: Conductivity, 2 [S/m]
# name 16 = C2-C1S/m: Conductivity Difference, 2 - 1 [S/m]
# name 17 = sal00: Salinity, Practical [PSU]
# name 18 = sal11: Salinity, Practical, 2 [PSU]
# name 19 = sbeox0ML/L: Oxygen, SBE 43 [ml/l]
# name 20 = sigma-é00: Density [sigma-theta, kg/m^3]
# name 21 = sigma-é11: Density, 2 [sigma-theta, kg/m^3]
# name 22 = sal00: Salinity, Practical [PSU]
# name 23 = sigma-é00: Density [sigma-theta, kg/m^3]
# name 24 = svCM: Sound Velocity [Chen-Millero, m/s]
# name 25 = svCM1: Sound Velocity, 2 [Chen-Millero, m/s]
# name 26 = gsw_ptA0: potential temperature [ITS-90, deg C]
# name 27 = gsw_densityA0: density, TEOS-10 [density, kg/m^3]
# name 28 = gsw_saA0: Absolute Salinity [g/kg]
# name 29 = flag:
# span 0 =       2751,      41257       
# span 1 = 311.426685, 311.445255       
# span 2 =  -62.20165,  -62.19390       
# span 3 =  -58.05337,  -58.04837       
# span 4 =     -1.104,      1.085       
# span 5 =       0.00,    1449.99       
# span 6 =      2.000,    525.000       
# span 7 =      1.998,    519.299       
# span 8 =    -0.6752,    -0.1261       
# span 9 =    -0.6746,    -0.1259       
# span 10 =    -0.0251,     0.0391      
# span 11 =    -0.6759,    -0.1418      
# span 12 =    -0.6753,    -0.1416      
# span 13 =    -0.0250,     0.0389      
# span 14 =   2.793730,   2.871334      
# span 15 =   2.793716,   2.871246      
# span 16 =  -0.002222,   0.002474      
# span 17 =    34.2663,    34.4689      
# span 18 =    34.2652,    34.4655      
# span 19 =     6.0167,     7.6606      
# span 20 =    27.5441,    27.6998      
# span 21 =    27.5433,    27.6964      
# span 22 =    34.2664,    34.4664      
# span 23 =    27.5441,    27.6970      
# span 24 =    1445.24,    1454.74      
# span 25 =    1445.24,    1454.75      
# span 26 =    -0.6759,    -0.1416      
# span 27 =  1027.5571,  1030.1999      
# span 28 =    34.4291,    34.6347      
# span 29 = 0.0000e+00, 0.0000e+00      
# interval = decibars: 1                
# start_time = Nov 07 2023 10:12:31 [NMEA time, header]
# bad_flag = -9.990e-29
*END*
[from data line 532]
      20062 311.435033  -62.19730 -9.990e-29     -0.409    1449.99    515.000    509.425    -0.4808    -0.4805     0.0003    -0.4991    -0.4988     0.0003   2.845318   2.845228  -0.000101    34.4544    34.4527     6.3291    27.6902    27.6888    34.4550    27.6907    1454.58    1454.58    -0.4987  1030.1475    34.6260 0.0000e+00
      20130 311.435066  -62.19732  -58.05196     -0.350    1449.99    514.000    508.433    -0.4797    -0.4789     0.0009    -0.4979    -0.4971     0.0009   2.845328   2.845312  -0.000016    34.4541    34.4529     6.3294    27.6899    27.6889    34.4545    27.6902    1454.57    1454.57    -0.4976  1030.1412    34.6241 0.0000e+00
      20170 311.435085  -62.19733  -58.05196     -0.588    1449.99    513.000    507.447    -0.4787    -0.4781     0.0006    -0.4969    -0.4963     0.0006   2.845355   2.845322  -0.000037    34.4540    34.4527     6.3247    27.6897    27.6887    34.4544    27.6901    1454.56    1454.56    -0.4966  1030.1356    34.6232 0.0000e+00
      20207 311.435103  -62.19734  -58.05196     -0.655    1449.99    512.000    506.459    -0.4769    -0.4767     0.0002    -0.4951    -0.4948     0.0003   2.845466   2.845390  -0.000071    34.4540    34.4528     6.3262    27.6897    27.6887    34.4544    27.6900    1454.55    1454.55    -0.4948  1030.1302    34.6224 0.0000e+00
      20247 311.435123 -9.990e-29  -58.05195     -0.598    1449.99    511.000    505.471    -0.4770    -0.4761     0.0009    -0.4951    -0.4942     0.0009   2.845404   2.845390  -0.000024    34.4540    34.4527     6.3268    27.6897    27.6886    34.4542    27.6899    1454.53    1454.54    -0.4948  1030.1208    34.6167 0.0000e+00
      20286 311.435141 -9.990e-29  -58.05194     -0.614    1449.99    510.000    504.483    -0.4768    -0.4759     0.0009    -0.4949    -0.4940     0.0009   2.845314   2.845310  -0.000007    34.4533    34.4522     6.3200    27.6891    27.6881    34.4534    27.6892    1454.52    1454.52    -0.4946  1030.1155    34.6159 0.0000e+00
      20321 311.435158  -62.19736  -58.05194     -0.679    1449.99    509.000    503.495    -0.4776    -0.4764     0.0011    -0.4956    -0.4945     0.0011   2.845166   2.845202   0.000035    34.4528    34.4520     6.3243    27.6887    27.6880    34.4529    27.6888    1454.50    1454.50    -0.4953  1030.1128    34.6184 0.0000e+00
      20354 311.435174  -62.19736  -58.05193     -0.716    1449.99    508.000    502.507    -0.4781    -0.4769     0.0012    -0.4961    -0.4949     0.0012   2.845070   2.845096   0.000027    34.4527    34.4517     6.3279    27.6887    27.6878    34.4528    27.6888    1454.48    1454.48    -0.4958  1030.1107    34.6217 0.0000e+00
      20386 311.435189  -62.19738  -58.05192     -0.750    1449.99    507.000    501.519    -0.4779    -0.4770     0.0009    -0.4958    -0.4949     0.0009   2.845041   2.845031  -0.000006    34.4527    34.4516     6.3327    27.6886    27.6877    34.4528    27.6887    1454.46    1454.47    -0.4955  1030.1059    34.6216 0.0000e+00
      20419 311.435206  -62.19738  -58.05192     -0.729    1449.99    506.000    500.531    -0.4773    -0.4767     0.0006    -0.4952    -0.4946     0.0006   2.845032   2.844997  -0.000037    34.4525    34.4514     6.3338    27.6885    27.6876    34.4526    27.6886    1454.45    1454.45    -0.4949  1030.1010    34.6215 0.0000e+00
      20451 311.435221  -62.19740  -58.05192     -0.730    1449.99    505.000    499.543    -0.4770    -0.4765     0.0005    -0.4949    -0.4944     0.0005   2.844995   2.844976  -0.000020    34.4523    34.4515     6.3312    27.6883    27.6876    34.4523    27.6883    1454.43    1454.44    -0.4946  1030.0960    34.6212 0.0000e+00
      20483 311.435236  -62.19740  -58.05192     -0.756    1449.99    504.000    498.555    -0.4772    -0.4764     0.0009    -0.4950    -0.4942     0.0009   2.844914   2.844930   0.000016    34.4521    34.4513     6.3328    27.6882    27.6875    34.4521    27.6882    1454.41    1454.42    -0.4947  1030.0912    34.6209 0.0000e+00
      20514 311.435251  -62.19740  -58.05192     -0.778    1449.99    503.000    497.567    -0.4772    -0.4764     0.0008    -0.4950    -0.4942     0.0008   2.844889   2.844862  -0.000025    34.4523    34.4511     6.3363    27.6883    27.6873    34.4524    27.6884    1454.40    1454.40    -0.4947  1030.0855    34.6197 0.0000e+00
      20543 311.435265 -9.990e-29  -58.05191     -0.813    1449.99    502.000    496.579    -0.4772    -0.4764     0.0007    -0.4949    -0.4942     0.0007   2.844824   2.844818  -0.000007    34.4520    34.4511     6.3343    27.6881    27.6873    34.4520    27.6881    1454.38    1454.39    -0.4946  1030.0766    34.6146 0.0000e+00
      20574 311.435280 -9.990e-29  -58.05190     -0.783    1449.99    501.000    495.591    -0.4772    -0.4764     0.0008    -0.4949    -0.4941     0.0008   2.844786   2.844766  -0.000020    34.4521    34.4510     6.3311    27.6881    27.6872    34.4521    27.6882    1454.37    1454.37    -0.4946  1030.0719    34.6146 0.0000e+00
      20606 311.435296  -62.19742  -58.05190     -0.760    1449.99    500.000    494.603    -0.4774    -0.4766     0.0008    -0.4951    -0.4943     0.0008   2.844712   2.844710  -0.000003    34.4521    34.4511     6.3318    27.6881    27.6873    34.4520    27.6881    1454.35    1454.35    -0.4948  1030.0672    34.6147 0.0000e+00
      20637 311.435311  -62.19743  -58.05190     -0.760    1449.99    499.000    493.615    -0.4773    -0.4766     0.0007    -0.4949    -0.4942     0.0007   2.844683   2.844662  -0.000020    34.4521    34.4510     6.3349    27.6881    27.6873    34.4521    27.6882    1454.33    1454.34    -0.4946  1030.0675    34.6209 0.0000e+00
      20667 311.435325  -62.19744  -58.05190     -0.801    1449.99    498.000    492.627    -0.4773    -0.4765     0.0007    -0.4949    -0.4941     0.0007   2.844628   2.844611  -0.000014    34.4519    34.4509     6.3405    27.6880    27.6872    34.4520    27.6880    1454.32    1454.32    -0.4946  1030.0626    34.6208 0.0000e+00
      20694 311.435338  -62.19744  -58.05188     -0.851    1449.99    497.000    491.639    -0.4773    -0.4766     0.0006    -0.4948    -0.4941     0.0006   2.844584   2.844557  -0.000028    34.4519    34.4509     6.3342    27.6880    27.6871    34.4519    27.6880    1454.30    1454.30    -0.4945  1030.0579    34.6207 0.0000e+00
      20720 311.435351  -62.19746  -58.05188     -0.897    1449.99    496.000    490.651    -0.4772    -0.4768     0.0004    -0.4947    -0.4943     0.0004   2.844525   2.844494  -0.000032    34.4517    34.4509     6.3313    27.6878    27.6871    34.4517    27.6878    1454.28    1454.28    -0.4944  1030.0507    34.6177 0.0000e+00
      20745 311.435363 -9.990e-29  -58.05188     -0.945    1449.99    495.000    489.663    -0.4779    -0.4768     0.0012    -0.4954    -0.4943     0.0012   2.844407   2.844433   0.000014    34.4517    34.4506     6.3304    27.6878    27.6869    34.4515    27.6877    1454.26    1454.27    -0.4951  1030.0429    34.6138 0.0000e+00
      20767 311.435373 -9.990e-29  -58.05188     -1.027    1449.99    494.000    488.675    -0.4794    -0.4777     0.0017    -0.4968    -0.4951     0.0017   2.844240   2.844305   0.000067    34.4517    34.4507     6.3282    27.6879    27.6870    34.4516    27.6878    1454.24    1454.25    -0.4965  1030.0384    34.6140 0.0000e+00
      20791 311.435385 -9.990e-29  -58.05186     -1.051    1449.99    493.000    487.687    -0.4801    -0.4794     0.0007    -0.4975    -0.4968     0.0007   2.844121   2.844093  -0.000022    34.4516    34.4505     6.3320    27.6878    27.6869    34.4514    27.6877    1454.22    1454.22    -0.4972  1030.0336    34.6138 0.0000e+00
      20818 311.435398  -62.19748  -58.05186     -0.942    1449.99    492.000    486.699    -0.4804    -0.4797     0.0007    -0.4977    -0.4970     0.0007   2.844040   2.844035  -0.000011    34.4513    34.4504     6.3356    27.6876    27.6868    34.4512    27.6875    1454.20    1454.20    -0.4974  1030.0308    34.6162 0.0000e+00
      20852 311.435414  -62.19748  -58.05186     -0.740    1449.99    491.000    485.711    -0.4818    -0.4802     0.0016    -0.4991    -0.4975     0.0016   2.843854   2.843936   0.000080    34.4511    34.4503     6.3399    27.6875    27.6868    34.4509    27.6874    1454.18    1454.19    -0.4988  1030.0289    34.6197 0.0000e+00
      20883 311.435429  -62.19748  -58.05186     -0.722    1449.99    490.000    484.723    -0.4825    -0.4810     0.0014    -0.4997    -0.4983     0.0014   2.843753   2.843796   0.000049    34.4510    34.4501     6.3368    27.6875    27.6866    34.4509    27.6874    1454.16    1454.17    -0.4994  1030.0242    34.6197 0.0000e+00
      20908 311.435441  -62.19750  -58.05186     -0.890    1449.99    489.000    483.735    -0.4822    -0.4805     0.0017    -0.4994    -0.4977     0.0016   2.843746   2.843810   0.000049    34.4509    34.4498     6.3432    27.6874    27.6863    34.4511    27.6875    1454.15    1454.15    -0.4991  1030.0196    34.6198 0.0000e+00
      20929 311.435452  -62.19750  -58.05186     -1.044    1449.99    488.000    482.746    -0.4787    -0.4759     0.0028    -0.4959    -0.4931     0.0027   2.844029   2.844173   0.000138    34.4513    34.4500     6.3486    27.6875    27.6864    34.4515    27.6877    1454.15    1454.16    -0.4956  1030.0150    34.6203 0.0000e+00
      20952 311.435462  -62.19750  -58.05185     -1.094    1449.99    487.000    481.758    -0.4766    -0.4744     0.0021    -0.4937    -0.4916     0.0021   2.844169   2.844267   0.000107    34.4513    34.4503     6.3476    27.6874    27.6866    34.4516    27.6877    1454.14    1454.15    -0.4934  1030.0102    34.6203 0.0000e+00
      20976 311.435474  -62.19750  -58.05184     -1.034    1449.99    486.000    480.775    -0.4761    -0.4750     0.0011    -0.4932    -0.4921     0.0011   2.844162   2.844182   0.000024    34.4515    34.4506     6.3472    27.6876    27.6868    34.4516    27.6876    1454.12    1454.13    -0.4929  1030.0054    34.6203 0.0000e+00
      21004 311.435487  -62.19752  -58.05184     -0.916    1449.99    485.000    479.779    -0.4764    -0.4756     0.0008    -0.4935    -0.4927     0.0008   2.844109   2.844091  -0.000017    34.4517    34.4506     6.3420    27.6877    27.6868    34.4518    27.6878    1454.11    1454.11    -0.4932  1030.0009    34.6206 0.0000e+00
      21032 311.435501  -62.19752  -58.05184     -0.833    1449.99    484.000    478.794    -0.4772    -0.4760     0.0012    -0.4943    -0.4930     0.0012   2.843995   2.844006   0.000014    34.4519    34.4506     6.3386    27.6879    27.6869    34.4518    27.6879    1454.09    1454.09    -0.4940  1029.9962    34.6206 0.0000e+00
      21058 311.435514  -62.19752  -58.05184     -0.888    1449.99    483.000    477.806    -0.4767    -0.4765     0.0002    -0.4937    -0.4935     0.0002   2.843991   2.843922  -0.000072    34.4517    34.4506     6.3322    27.6878    27.6869    34.4517    27.6878    1454.07    1454.07    -0.4934  1029.9914    34.6205 0.0000e+00
      21083 311.435526  -62.19754  -58.05184     -0.956    1449.99    482.000    476.818    -0.4766    -0.4766     0.0000    -0.4936    -0.4936     0.0000   2.843945   2.843855  -0.000080    34.4516    34.4505     6.3312    27.6877    27.6868    34.4516    27.6877    1454.06    1454.06    -0.4933  1029.9866    34.6204 0.0000e+00
      21107 311.435537  -62.19754  -58.05182     -0.986    1449.99    481.000    475.830    -0.4774    -0.4768     0.0006    -0.4943    -0.4937     0.0006   2.843826   2.843802  -0.000028    34.4516    34.4506     6.3379    27.6877    27.6869    34.4515    27.6876    1454.04    1454.04    -0.4940  1029.9818    34.6203 0.0000e+00
      21133 311.435550  -62.19755  -58.05182     -0.952    1449.99    480.000    474.842    -0.4773    -0.4768     0.0005    -0.4942    -0.4936     0.0005   2.843809   2.843771  -0.000038    34.4518    34.4506     6.3348    27.6878    27.6869    34.4518    27.6878    1454.02    1454.02    -0.4939  1029.9773    34.6205 0.0000e+00
      21162 311.435564  -62.19756  -58.05182     -0.852    1449.99    479.000    473.854    -0.4758    -0.4761    -0.0003    -0.4926    -0.4929    -0.0003   2.843933   2.843811  -0.000113    34.4521    34.4509     6.3375    27.6881    27.6871    34.4524    27.6882    1454.01    1454.01    -0.4924  1029.9729    34.6211 0.0000e+00
      21191 311.435578  -62.19756  -58.05182     -0.837    1449.99    478.000    472.865    -0.4740    -0.4739     0.0002    -0.4908    -0.4907     0.0002   2.844039   2.843979  -0.000064    34.4522    34.4512     6.3390    27.6880    27.6872    34.4523    27.6882    1454.01    1454.00    -0.4905  1029.9681    34.6211 0.0000e+00
      21218 311.435591  -62.19756  -58.05180     -0.864    1449.99    477.000    471.877    -0.4745    -0.4733     0.0012    -0.4913    -0.4901     0.0012   2.843945   2.843984   0.000030    34.4524    34.4514     6.3453    27.6882    27.6874    34.4523    27.6881    1453.99    1453.99    -0.4910  1029.9633    34.6210 0.0000e+00
      21249 311.435606  -62.19758  -58.05180     -0.811    1449.99    476.000    470.889    -0.4757    -0.4744     0.0013    -0.4924    -0.4911     0.0013   2.843766   2.843852   0.000078    34.4520    34.4515     6.3414    27.6879    27.6875    34.4518    27.6878    1453.96    1453.97    -0.4921  1029.9583    34.6206 0.0000e+00
      21282 311.435621  -62.19758  -58.05180     -0.735    1449.99    475.000    469.901    -0.4784    -0.4760     0.0024    -0.4951    -0.4926     0.0024   2.843498   2.843641   0.000147    34.4521    34.4513     6.3255    27.6881    27.6874    34.4519    27.6880    1453.93    1453.95    -0.4948  1029.9537    34.6206 0.0000e+00
      21311 311.435636  -62.19758  -58.05180     -0.791    1449.99    474.000    468.913    -0.4789    -0.4780     0.0009    -0.4955    -0.4946     0.0009   2.843412   2.843421   0.000015    34.4519    34.4511     6.3218    27.6880    27.6873    34.4519    27.6880    1453.91    1453.92    -0.4952  1029.9485    34.6199 0.0000e+00
      21337 311.435648 -9.990e-29  -58.05180     -0.889    1449.99    473.000    467.925    -0.4775    -0.4763     0.0011    -0.4940    -0.4929     0.0011   2.843505   2.843522   0.000010    34.4521    34.4509     6.3295    27.6881    27.6871    34.4521    27.6881    1453.91    1453.91    -0.4938  1029.9394    34.6146 0.0000e+00
      21361 311.435660 -9.990e-29  -58.05178     -0.957    1449.99    472.000    466.937    -0.4769    -0.4762     0.0007    -0.4934    -0.4927     0.0007   2.843523   2.843500  -0.000015    34.4522    34.4511     6.3286    27.6881    27.6873    34.4523    27.6882    1453.89    1453.89    -0.4932  1029.9347    34.6147 0.0000e+00
      21386 311.435672 -9.990e-29  -58.05178     -0.978    1449.99    471.000    465.949    -0.4764    -0.4759     0.0006    -0.4929    -0.4924     0.0006   2.843519   2.843482  -0.000040    34.4523    34.4512     6.3317    27.6882    27.6873    34.4523    27.6882    1453.88    1453.88    -0.4926  1029.9300    34.6148 0.0000e+00
      21411 311.435684  -62.19760  -58.05178     -0.965    1449.99    470.000    464.960    -0.4772    -0.4761     0.0010    -0.4936    -0.4926     0.0010   2.843408   2.843411   0.000005    34.4523    34.4513     6.3403    27.6883    27.6874    34.4522    27.6882    1453.86    1453.86    -0.4934  1029.9258    34.6154 0.0000e+00
      21437 311.435697  -62.19762  -58.05178     -0.930    1449.99    469.000    463.972    -0.4770    -0.4766     0.0004    -0.4935    -0.4930     0.0004   2.843377   2.843331  -0.000041    34.4522    34.4512     6.3369    27.6882    27.6873    34.4523    27.6882    1453.84    1453.84    -0.4932  1029.9255    34.6209 0.0000e+00
      21464 311.435709  -62.19762  -58.05178     -0.901    1449.99    468.000    462.984    -0.4761    -0.4757     0.0004    -0.4925    -0.4921     0.0004   2.843403   2.843357  -0.000046    34.4521    34.4511     6.3382    27.6881    27.6872    34.4522    27.6881    1453.83    1453.83    -0.4922  1029.9207    34.6209 0.0000e+00
