Pos-Processados/process_op42/operantar42_010.ros
* Sea-Bird SBE 9 Data File:
* FileName = C:\Users\Hidrografia\Desktop\OPXLII\Brutos\OP42010.hdr
* Software Version Seasave V 7.26.7.107
* Temperature SN = 6502
* Conductivity SN = 4998
* Number of Bytes Per Scan = 31
* Number of Voltage Words = 2
* Number of Scans Averaged by the Deck Unit = 1
* NMEA Latitude = 44 13.49 S
* NMEA Longitude = 056 00.10 W
* NMEA UTC (Time) = Oct 19 2023 00:22:47
* NMEA baud rate = 4800
** H41
** NPOALTEMAXIMIANO
** NUMERO DA ESTACAO (XXX) 010
** LAT (XX XX.XX S/N) 44 13.210 S
** LONG (XXX XX.XX W/E) 055 59.942 W
** DATAHORA (dd/mm/aaaa hh:mm Z) 18/10/2023 0022Z
** PROFUNDIDADE (m) 5179
** OPERADOR CT FABIREZA
# nquan = 24
# nvalues = 4053                                  
# units = specified
# name 0 = scan: Scan Count
# name 1 = timeJ: Julian Days
# name 2 = latitude: Latitude [deg]
# name 3 = longitude: Longitude [deg]
# name 4 = dz/dtM: Descent Rate [m/s]
# name 5 = avgsvCM: Average Sound Velocity [Chen-Millero, m/s]
# name 6 = prDM: Pressure, Digiquartz [db]
# name 7 = depSM: Depth [salt water, m]
# name 8 = t090C: Temperature [ITS-90, deg C]
# name 9 = t190C: Temperature, 2 [ITS-90, deg C]
# name 10 = T2-T190C: Temperature Difference, 2 - 1 [ITS-90, deg C]
# name 11 = potemp090C: Potential Temperature [ITS-90, deg C]
# name 12 = potemp190C: Potential Temperature, 2 [ITS-90, deg C]
# name 13 = potemp90Cdiff: Potential Temperature, Diff, 2 - 1 [ITS-90, deg C]
# name 14 = c0S/m: Conductivity [S/m]
# name 15 = c1S/m: Conductivity, 2 [S/m]
# name 16 = C2-C1S/m: Conductivity Difference, 2 - 1 [S/m]
# name 17 = sal00: Salinity, Practical [PSU]
# name 18 = sal11: Salinity, Practical, 2 [PSU]
# name 19 = sbeox0ML/L: Oxygen, SBE 43 [ml/l]
# name 20 = sigma-é00: Density [sigma-theta, kg/m^3]
# name 21 = sigma-é11: Density, 2 [sigma-theta, kg/m^3]
# name 22 = nbf: Bottles Fired
# name 23 = flag:  0.000e+00
# interval = seconds: 0.0416667
# start_time = Oct 19 2023 00:22:47 [NMEA time, header]
# bad_flag = -9.990e-29
*END*
[from data line 2838]
      61243 292.045356  -44.23654  -56.00888      0.052    1479.42     40.592     40.261    12.5397    12.5409     0.0012    12.5343    12.5355     0.0012   4.070331   4.070551   0.000221    35.1601    35.1611     5.8111    26.6097    26.6102         17  0.000e+00
      61244 292.045356  -44.23656  -56.00888      0.057    1479.42     40.632     40.301    12.5399    12.5409     0.0010    12.5345    12.5355     0.0010   4.070357   4.070545   0.000188    35.1601    35.1610     5.8102    26.6097    26.6102         17  0.000e+00
      61245 292.045357  -44.23656  -56.00888      0.058    1479.42     40.632     40.301    12.5399    12.5410     0.0011    12.5345    12.5356     0.0011   4.070357   4.070545   0.000188    35.1601    35.1609     5.8097    26.6097    26.6101         17  0.000e+00
      61246 292.045357  -44.23656  -56.00888      0.062    1479.42     40.688     40.357    12.5401    12.5408     0.0007    12.5346    12.5353     0.0007   4.070383   4.070545   0.000162    35.1602    35.1611     5.8093    26.6097    26.6103         17  0.000e+00
      61247 292.045358  -44.23656  -56.00888      0.067    1479.42     40.688     40.357    12.5402    12.5408     0.0005    12.5348    12.5353     0.0005   4.070364   4.070525   0.000162    35.1599    35.1610     5.8090    26.6094    26.6102         17  0.000e+00
      61248 292.045358  -44.23656  -56.00888      0.064    1479.42     40.592     40.261    12.5403    12.5408     0.0005    12.5349    12.5354     0.0005   4.070436   4.070590   0.000154    35.1605    35.1616     5.8085    26.6099    26.6106         18  0.000e+00
      61249 292.045359  -44.23656  -56.00888      0.067    1479.42     40.688     40.357    12.5402    12.5408     0.0005    12.5348    12.5353     0.0005   4.070383   4.070538   0.000155    35.1601    35.1611     5.8122    26.6096    26.6103         18  0.000e+00
      61250 292.045359  -44.23656  -56.00888      0.073    1479.42     40.688     40.357    12.5404    12.5406     0.0002    12.5350    12.5352     0.0002   4.070515   4.070538   0.000023    35.1612    35.1612     5.8123    26.6104    26.6104         18  0.000e+00
      61251 292.045360  -44.23656  -56.00888      0.072    1479.42     40.632     40.301    12.5404    12.5408     0.0004    12.5350    12.5354     0.0004   4.070410   4.070519   0.000109    35.1602    35.1609     5.8082    26.6096    26.6101         18  0.000e+00
      61252 292.045360  -44.23656  -56.00888      0.075    1479.42     40.688     40.357    12.5404    12.5406     0.0002    12.5350    12.5352     0.0002   4.070515   4.070538   0.000023    35.1612    35.1612     5.8081    26.6104    26.6104         18  0.000e+00
      61253 292.045361  -44.23656  -56.00888      0.078    1479.42     40.648     40.317    12.5404    12.5406     0.0002    12.5350    12.5352     0.0002   4.070383   4.070571   0.000188    35.1599    35.1615     5.8080    26.6094    26.6107         18  0.000e+00
      61254 292.045361  -44.23656  -56.00888      0.076    1479.42     40.688     40.357    12.5405    12.5407     0.0002    12.5350    12.5352     0.0002   4.070561   4.070526  -0.000036    35.1616    35.1610     5.8079    26.6107    26.6103         18  0.000e+00
      61255 292.045362  -44.23656  -56.00888      0.080    1479.42     40.688     40.357    12.5404    12.5406     0.0002    12.5350    12.5352     0.0002   4.070397   4.070513   0.000116    35.1600    35.1610     5.8079    26.6095    26.6102         18  0.000e+00
      61256 292.045362  -44.23656  -56.00888      0.084    1479.42     40.689     40.357    12.5404    12.5408     0.0003    12.5350    12.5353     0.0003   4.070509   4.070513   0.000004    35.1611    35.1608     5.8079    26.6104    26.6101         18  0.000e+00
      61257 292.045363  -44.23656  -56.00888      0.082    1479.42     40.689     40.357    12.5404    12.5410     0.0006    12.5350    12.5356     0.0006   4.070436   4.070564   0.000128    35.1604    35.1611     5.8080    26.6098    26.6102         18  0.000e+00
      61258 292.045363  -44.23656  -56.00888      0.083    1479.42     40.713     40.381    12.5404    12.5408     0.0003    12.5350    12.5353     0.0003   4.070476   4.070551   0.000076    35.1608    35.1612     5.8081    26.6101    26.6104         18  0.000e+00
      61259 292.045364  -44.23656  -56.00888      0.086    1479.42     40.689     40.357    12.5403    12.5408     0.0004    12.5349    12.5353     0.0004   4.070423   4.070545   0.000122    35.1604    35.1611     5.8083    26.6098    26.6103         18  0.000e+00
      61260 292.045364  -44.23656  -56.00888      0.085    1479.42     40.689     40.357    12.5401    12.5408     0.0007    12.5346    12.5354     0.0007   4.070416   4.070545   0.000129    35.1605    35.1611     5.8086    26.6100    26.6103         18  0.000e+00
      61261 292.045365  -44.23656  -56.00888      0.091    1479.42     40.753     40.421    12.5402    12.5406     0.0004    12.5348    12.5352     0.0004   4.070403   4.070519   0.000116    35.1602    35.1610     5.8089    26.6097    26.6102         18  0.000e+00
      61262 292.045365  -44.23656  -56.00888      0.090    1479.42     40.689     40.357    12.5401    12.5409     0.0009    12.5346    12.5355     0.0009   4.070397   4.070513   0.000116    35.1603    35.1606     5.8092    26.6098    26.6099         18  0.000e+00
      61263 292.045366  -44.23656  -56.00888      0.085    1479.42     40.648     40.317    12.5404    12.5408     0.0004    12.5350    12.5354     0.0004   4.070495   4.070538   0.000043    35.1610    35.1611     5.8095    26.6103    26.6102         18  0.000e+00
      61264 292.045366  -44.23656  -56.00888      0.090    1479.42     40.753     40.421    12.5402    12.5408     0.0005    12.5348    12.5353     0.0005   4.070397   4.070545   0.000148    35.1602    35.1611     5.8101    26.6097    26.6103         18  0.000e+00
      61265 292.045367  -44.23656  -56.00888      0.087    1479.42     40.689     40.357    12.5403    12.5409     0.0006    12.5349    12.5355     0.0006   4.070489   4.070545   0.000056    35.1610    35.1610     5.8062    26.6103    26.6101         18  0.000e+00
      61266 292.045367  -44.23656  -56.00888      0.091    1479.42     40.753     40.421    12.5402    12.5409     0.0007    12.5348    12.5355     0.0007   4.070430   4.070597   0.000167    35.1605    35.1614     5.8065    26.6099    26.6105         18  0.000e+00
      61267 292.045367  -44.23656  -56.00888      0.088    1479.42     40.689     40.357    12.5406    12.5411     0.0006    12.5351    12.5357     0.0006   4.070495   4.070538   0.000043    35.1609    35.1607     5.8066    26.6101    26.6099         18  0.000e+00
      61268 292.045368  -44.23656  -56.00888      0.092    1479.42     40.753     40.421    12.5406    12.5411     0.0005    12.5351    12.5356     0.0005   4.070377   4.070539   0.000162    35.1597    35.1607     5.8069    26.6092    26.6099         18  0.000e+00
      61269 292.045368  -44.23656  -56.00888      0.088    1479.42     40.649     40.317    12.5406    12.5409     0.0004    12.5351    12.5355     0.0004   4.070482   4.070571   0.000089    35.1607    35.1612     5.8114    26.6100    26.6103         18  0.000e+00
      61270 292.045369  -44.23656  -56.00888      0.087    1479.42     40.753     40.421    12.5404    12.5411     0.0007    12.5350    12.5357     0.0007   4.070397   4.070584   0.000187    35.1600    35.1611     5.8123    26.6095    26.6102         18  0.000e+00
      61271 292.045369  -44.23656  -56.00888      0.089    1479.42     40.753     40.421    12.5405    12.5408     0.0003    12.5350    12.5353     0.0003   4.070515   4.070552   0.000036    35.1611    35.1612     5.8131    26.6103    26.6103         18  0.000e+00
      61272 292.045370  -44.23656  -56.00888      0.088    1479.42     40.689     40.357    12.5404    12.5409     0.0005    12.5350    12.5355     0.0005   4.070383   4.070545   0.000162    35.1599    35.1610     5.8136    26.6094    26.6101         18  0.000e+00
      61273 292.045370  -44.23656  -56.00888      0.085    1479.42     40.753     40.421    12.5404    12.5408     0.0004    12.5350    12.5354     0.0004   4.070482   4.070571   0.000089    35.1608    35.1613     5.8141    26.6101    26.6104         18  0.000e+00
      61274 292.045371  -44.23656  -56.00888      0.084    1479.42     40.713     40.381    12.5404    12.5408     0.0003    12.5350    12.5353     0.0003   4.070430   4.070526   0.000096    35.1603    35.1609     5.8146    26.6098    26.6102         18  0.000e+00
      61275 292.045371  -44.23656  -56.00888      0.080    1479.42     40.689     40.357    12.5406    12.5406     0.0001    12.5351    12.5352     0.0001   4.070443   4.070513   0.000070    35.1603    35.1610     5.8152    26.6097    26.6102         18  0.000e+00
      61276 292.045372  -44.23656  -56.00888      0.081    1479.42     40.753     40.421    12.5402    12.5410     0.0008    12.5348    12.5355     0.0008   4.070436   4.070513   0.000076    35.1606    35.1606     5.8197    26.6100    26.6098         18  0.000e+00
      61277 292.045372  -44.23656  -56.00888      0.078    1479.42     40.689     40.358    12.5405    12.5409     0.0005    12.5350    12.5355     0.0005   4.070403   4.070538   0.000135    35.1600    35.1609     5.8160    26.6095    26.6101         18  0.000e+00
      61278 292.045373  -44.23656  -56.00888      0.077    1479.42     40.753     40.421    12.5402    12.5408     0.0005    12.5348    12.5353     0.0005   4.070443   4.070545   0.000102    35.1606    35.1611     5.8205    26.6100    26.6103         18  0.000e+00
      61279 292.045373  -44.23656  -56.00888      0.077    1479.42     40.770     40.437    12.5402    12.5411     0.0009    12.5348    12.5357     0.0009   4.070410   4.070597   0.000187    35.1603    35.1612     5.8173    26.6098    26.6103         18  0.000e+00
      61280 292.045374  -44.23656  -56.00888      0.072    1479.42     40.689     40.358    12.5404    12.5409     0.0005    12.5350    12.5355     0.0005   4.070495   4.070538   0.000043    35.1610    35.1609     5.8174    26.6103    26.6101         18  0.000e+00
      61281 292.045374  -44.23656  -56.00888      0.070    1479.42     40.753     40.422    12.5402    12.5406     0.0004    12.5348    12.5352     0.0004   4.070377   4.070539   0.000162    35.1600    35.1612     5.8178    26.6095    26.6104         18  0.000e+00
      61282 292.045375  -44.23656  -56.00888      0.065    1479.42     40.689     40.358    12.5403    12.5410     0.0007    12.5349    12.5356     0.0007   4.070509   4.070597   0.000088    35.1612    35.1614     5.8180    26.6104    26.6105         18  0.000e+00
      61283 292.045375  -44.23656  -56.00888      0.066    1479.42     40.754     40.422    12.5404    12.5409     0.0005    12.5350    12.5355     0.0005   4.070383   4.070539   0.000155    35.1599    35.1609     5.8184    26.6094    26.6101         18  0.000e+00
      61284 292.045376  -44.23656  -56.00888      0.065    1479.42     40.713     40.382    12.5402    12.5409     0.0007    12.5348    12.5355     0.0007   4.070509   4.070564   0.000056    35.1613    35.1611     5.8186    26.6105    26.6103         18  0.000e+00
      61285 292.045376  -44.23656  -56.00888      0.062    1479.42     40.754     40.422    12.5401    12.5410     0.0009    12.5346    12.5355     0.0009   4.070410   4.070526   0.000116    35.1604    35.1607     5.8190    26.6099    26.6099         18  0.000e+00
      61286 292.045377  -44.23656  -56.00888      0.058    1479.42     40.689     40.358    12.5401    12.5409     0.0009    12.5346    12.5355     0.0009   4.070542   4.070538  -0.000003    35.1617    35.1609     5.8193    26.6109    26.6101         18  0.000e+00
      61287 292.045377  -44.23656  -56.00888      0.052    1479.42     40.689     40.358    12.5401    12.5409     0.0009    12.5346    12.5355     0.0009   4.070337   4.070571   0.000234    35.1598    35.1612     5.8197    26.6094    26.6103         18  0.000e+00
      61288 292.045378  -44.23656  -56.00888      0.052    1479.42     40.754     40.422    12.5399    12.5411     0.0012    12.5345    12.5357     0.0012   4.070463   4.070552   0.000089    35.1611    35.1608     5.8201    26.6104    26.6100         18  0.000e+00
      61289 292.045378  -44.23656  -56.00888      0.046    1479.42     40.713     40.382    12.5401    12.5409     0.0009    12.5346    12.5355     0.0009   4.070397   4.070545   0.000148    35.1603    35.1610     5.8243    26.6098    26.6101         18  0.000e+00
      61290 292.045379  -44.23656  -56.00888      0.048    1479.42     40.754     40.422    12.5401    12.5411     0.0010    12.5346    12.5356     0.0010   4.070463   4.070545   0.000082    35.1609    35.1608     5.8205    26.6103    26.6100         18  0.000e+00
      61291 292.045379  -44.23656  -56.00888      0.044    1479.42     40.689     40.358    12.5401    12.5410     0.0009    12.5346    12.5356     0.0009   4.070443   4.070603   0.000161    35.1608    35.1615     5.8208    26.6102    26.6105         18  0.000e+00
      61292 292.045380  -44.23658  -56.00888      0.036    1479.42     40.689     40.358    12.5401    12.5408     0.0007    12.5346    12.5353     0.0007   4.070430   4.070564   0.000135    35.1606    35.1613     5.8208    26.6101    26.6105         18  0.000e+00
      61293 292.045380  -44.23658  -56.00888      0.035    1479.42     40.754     40.422    12.5402    12.5409     0.0007    12.5348    12.5355     0.0007   4.070430   4.070545   0.000115    35.1605    35.1609     5.8208    26.6099    26.6101         18  0.000e+00
      61294 292.045380  -44.23658  -56.00888      0.031    1479.42     40.713     40.382    12.5401    12.5408     0.0007    12.5347    12.5354     0.0007   4.070350   4.070545   0.000195    35.1598    35.1611     5.8208    26.6094    26.6103         18  0.000e+00
      61295 292.045381  -44.23658  -56.00888      0.032    1479.42     40.754     40.422    12.5401    12.5409     0.0009    12.5346    12.5355     0.0009   4.070456   4.070519   0.000063    35.1609    35.1607     5.8208    26.6102    26.6099         18  0.000e+00
      61296 292.045381  -44.23658  -56.00888      0.030    1479.42     40.689     40.358    12.5399    12.5408     0.0009    12.5345    12.5353     0.0009   4.070390   4.070532   0.000142    35.1604    35.1610     5.8207    26.6099    26.6102         18  0.000e+00
      61297 292.045382  -44.23658  -56.00888      0.022    1479.42     40.689     40.358    12.5402    12.5408     0.0005    12.5348    12.5353     0.0005   4.070489   4.070571   0.000082    35.1611    35.1614     5.8207    26.6104    26.6105         18  0.000e+00
      61298 292.045382  -44.23658  -56.00888      0.023    1479.42     40.754     40.422    12.5404    12.5411     0.0007    12.5350    12.5357     0.0007   4.070430   4.070526   0.000096    35.1603    35.1606     5.8211    26.6097    26.6098         18  0.000e+00
      61299 292.045383  -44.23658  -56.00888      0.018    1479.42     40.649     40.318    12.5402    12.5409     0.0007    12.5348    12.5355     0.0007   4.070528   4.070538   0.000010    35.1615    35.1609     5.8214    26.6107    26.6101         18  0.000e+00
      61300 292.045383  -44.23658  -56.00888      0.016    1479.42     40.754     40.422    12.5406    12.5406    -0.0000    12.5352    12.5352    -0.0000   4.070436   4.070545   0.000109    35.1602    35.1612     5.8215    26.6096    26.6104         18  0.000e+00
      61301 292.045384  -44.23658  -56.00888      0.013    1479.42     40.689     40.358    12.5406    12.5410     0.0004    12.5351    12.5356     0.0004   4.070555   4.070571   0.000016    35.1614    35.1612     5.8215    26.6106    26.6103         18  0.000e+00
      61302 292.045384  -44.23658  -56.00888      0.007    1479.42     40.689     40.358    12.5406    12.5409     0.0004    12.5351    12.5355     0.0004   4.070390   4.070532   0.000142    35.1598    35.1608     5.8215    26.6093    26.6100         18  0.000e+00
