Pos-Processados/process_op42/operantar42_018.cnv
* Sea-Bird SBE 9 Data File:
* FileName = C:\Users\Hidrografia\Desktop\OPXLII\Brutos\OP42018.hdr
* Software Version Seasave V 7.26.7.107
* Temperature SN = 6502
* Conductivity SN = 4998
* Number of Bytes Per Scan = 37
* Number of Voltage Words = 4
* Number of Scans Averaged by the Deck Unit = 1
* NMEA Latitude = 62 13.46 S
* NMEA Longitude = 058 12.64 W
* NMEA UTC (Time) = Nov 07 2023 12:56:51
* NMEA baud rate = 4800
** H41
** NPOALTEMAXIMIANO
** NUMERO DA ESTACAO (XXX) 018
** LAT (XX XX.XX S/N) 62 13.46 S
** LONG (XXX XX.XX W/E) 058 12.12 W
** DATAHORA (dd/mm/aaaa hh:mm Z) 07/11/2023 1245Z
** PROFUNDIDADE (m) 523
** OPERADOR 1T ZAMITH
# nquan = 30
# nvalues = 708                         
# units = specified
# name 0 = scan: Scan Count
# name 1 = timeJ: Julian Days
# name 2 = latitude: Latitude [deg]
# name 3 = longitude: Longitude [deg]
# name 4 = dz/dtM: Descent Rate [m/s]
# name 5 = avgsvCM: Average Sound Velocity [Chen-Millero, m/s]
# name 6 = prDM: Pressure, Digiquartz [db]
# name 7 = depSM: Depth [salt water, m]
# name 8 = t090C: Temperature [ITS-90, deg C]
# name 9 = t190C: Temperature, 2 [ITS-90, deg C]
# name 10 = T2-T190C: Temperature Difference, 2 - 1 [ITS-90, deg C]
# name 11 = potemp090C: Potential Temperature [ITS-90, deg C]
# name 12 = potemp190C: Potential Temperature, 2 [ITS-90, deg C]
# name 13 = potemp90Cdiff: Potential Temperature, Diff, 2 - 1 [ITS-90, deg C]
# name 14 = c0S/m: Conductivity [S/m]
# name 15 = c1S/m: Conductivity, 2 [S/m]
# name 16 = C2-C1S/m: Conductivity Difference, 2 - 1 [S/m]
# name 17 = sal00: Salinity, Practical [PSU]
# name 18 = sal11: Salinity, Practical, 2 [PSU]
# name 19 = sbeox0ML/L: Oxygen, SBE 43 [ml/l]
# name 20 = sigma-é00: Density [sigma-theta, kg/m^3]
# name 21 = sigma-é11: Density, 2 [sigma-theta, kg/m^3]
# name 22 = sal00: Salinity, Practical [PSU]
# name 23 = sigma-é00: Density [sigma-theta, kg/m^3]
# name 24 = svCM: Sound Velocity [Chen-Millero, m/s]
# name 25 = svCM1: Sound Velocity, 2 [Chen-Millero, m/s]
# name 26 = gsw_ptA0: potential temperature [ITS-90, deg C]
# name 27 = gsw_densityA0: density, TEOS-10 [density, kg/m^3]
# name 28 = gsw_saA0: Absolute Salinity [g/kg]
# name 29 = flag:
# span 0 =       2131,      34318       
# span 1 = 311.540506, 311.556029       
# span 2 =  -62.22870,  -62.22469       
# span 3 =  -58.21066,  -58.20496       
# span 4 =     -1.069,      1.101       
# span 5 =      -0.00,    1448.15       
# span 6 =      2.000,    361.000       
# span 7 =      2.030,    357.222       
# span 8 =    -0.7448,    -0.5382       
# span 9 =    -0.7440,    -0.5380       
# span 10 =    -0.0163,     0.0109      
# span 11 =    -0.7494,    -0.5386      
# span 12 =    -0.7486,    -0.5384      
# span 13 =    -0.0162,     0.0109      
# span 14 =   2.796872,   2.811671      
# span 15 =   2.796859,   2.811650      
# span 16 =  -0.001567,   0.001008      
# span 17 =    34.2972,    34.3594      
# span 18 =    34.2973,    34.3582      
# span 19 =     7.0189,     7.5860      
# span 20 =    27.5652,    27.6232      
# span 21 =    27.5651,    27.6222      
# span 22 =    34.2976,    34.3593      
# span 23 =    27.5656,    27.6232      
# span 24 =    1445.68,    1450.84      
# span 25 =    1445.68,    1450.85      
# span 26 =    -0.7492,    -0.5386      
# span 27 =  1027.5821,  1029.3535      
# span 28 =    34.4608,    34.5296      
# span 29 = 0.0000e+00, 0.0000e+00      
# interval = decibars: 1                
# start_time = Nov 07 2023 12:56:51 [NMEA time, header]
# bad_flag = -9.990e-29
*END*
[from data line 242]
       9020 311.543828  -62.22566  -58.20974      0.821    1447.30    255.000    252.396    -0.6979    -0.6971     0.0009    -0.7058    -0.7050     0.0009   2.806330   2.806328  -0.000004    34.3340    34.3330     7.2268    27.6019    27.6010    34.3341    27.6019    1449.16    1449.16    -0.7056  1028.8259    34.5017 0.0000e+00
       9046 311.543841  -62.22567  -58.20974      0.903    1447.30    256.000    253.385    -0.6977    -0.6969     0.0008    -0.7056    -0.7049     0.0008   2.806396   2.806387  -0.000009    34.3341    34.3331     7.2240    27.6019    27.6010    34.3341    27.6019    1449.17    1449.18    -0.7054  1028.8307    34.5017 0.0000e+00
       9073 311.543854  -62.22568  -58.20974      0.913    1447.30    257.000    254.375    -0.6981    -0.6972     0.0008    -0.7061    -0.7052     0.0008   2.806407   2.806404  -0.000005    34.3342    34.3331     7.2245    27.6020    27.6011    34.3341    27.6019    1449.19    1449.19    -0.7059  1028.8354    34.5017 0.0000e+00
       9102 311.543868  -62.22568  -58.20972      0.839    1447.30    258.000    255.363    -0.6985    -0.6977     0.0008    -0.7065    -0.7057     0.0008   2.806393   2.806386  -0.000007    34.3337    34.3328     7.2213    27.6016    27.6008    34.3338    27.6016    1449.20    1449.20    -0.7063  1028.8400    34.5014 0.0000e+00
       9131 311.543882  -62.22568  -58.20972      0.810    1447.30    259.000    256.353    -0.6987    -0.6979     0.0008    -0.7068    -0.7060     0.0008   2.806430   2.806420  -0.000013    34.3339    34.3328     7.2200    27.6017    27.6009    34.3338    27.6017    1449.22    1449.22    -0.7065  1028.8448    34.5015 0.0000e+00
       9160 311.543896  -62.22568  -58.20972      0.833    1447.30    260.000    257.342    -0.6985    -0.6976     0.0009    -0.7066    -0.7057     0.0009   2.806493   2.806491  -0.000001    34.3339    34.3328     7.2169    27.6017    27.6008    34.3339    27.6017    1449.23    1449.24    -0.7064  1028.8460    34.4970 0.0000e+00
       9188 311.543910 -9.990e-29  -58.20971      0.842    1447.30    261.000    258.331    -0.6973    -0.6967     0.0006    -0.7054    -0.7048     0.0006   2.806619   2.806610  -0.000010    34.3334    34.3326     7.2157    27.6014    27.6007    34.3336    27.6015    1449.26    1449.26    -0.7052  1028.8495    34.4955 0.0000e+00
       9217 311.543924 -9.990e-29  -58.20970      0.837    1447.30    262.000    259.320    -0.6964    -0.6961     0.0003    -0.7045    -0.7042     0.0003   2.806749   2.806720  -0.000023    34.3336    34.3329     7.2195    27.6014    27.6008    34.3337    27.6015    1449.28    1449.28    -0.7043  1028.8543    34.4956 0.0000e+00
       9245 311.543937  -62.22570  -58.20970      0.839    1447.30    263.000    260.309    -0.6965    -0.6955     0.0010    -0.7046    -0.7037     0.0010   2.806789   2.806788  -0.000004    34.3337    34.3325     7.2250    27.6015    27.6005    34.3337    27.6015    1449.29    1449.29    -0.7045  1028.8602    34.4971 0.0000e+00
       9272 311.543950  -62.22570  -58.20970      0.883    1447.30    264.000    261.298    -0.6977    -0.6970     0.0007    -0.7059    -0.7051     0.0007   2.806733   2.806719  -0.000010    34.3338    34.3328     7.2264    27.6016    27.6008    34.3337    27.6016    1449.30    1449.31    -0.7057  1028.8685    34.5014 0.0000e+00
       9297 311.543962  -62.22572  -58.20970      0.932    1447.30    265.000    262.288    -0.6981    -0.6976     0.0005    -0.7064    -0.7058     0.0005   2.806766   2.806735  -0.000030    34.3338    34.3329     7.2227    27.6017    27.6009    34.3340    27.6018    1449.32    1449.32    -0.7061  1028.8735    34.5017 0.0000e+00
       9324 311.543975  -62.22572  -58.20968      0.916    1447.30    266.000    263.277    -0.6954    -0.6949     0.0005    -0.7037    -0.7032     0.0005   2.807089   2.807093  -0.000001    34.3345    34.3340     7.2115    27.6021    27.6017    34.3347    27.6023    1449.35    1449.35    -0.7035  1028.8787    34.5024 0.0000e+00
       9355 311.543990  -62.22572  -58.20968      0.816    1447.30    267.000    264.266    -0.6949    -0.6940     0.0008    -0.7032    -0.7023     0.0008   2.807181   2.807213   0.000029    34.3346    34.3340     7.2145    27.6022    27.6017    34.3347    27.6023    1449.37    1449.37    -0.7030  1028.8835    34.5024 0.0000e+00
       9386 311.544005  -62.22572  -58.20968      0.764    1447.30    268.000    265.255    -0.6948    -0.6934     0.0014    -0.7031    -0.7017     0.0014   2.807266   2.807301   0.000043    34.3352    34.3341     7.2114    27.6026    27.6017    34.3352    27.6026    1449.38    1449.39    -0.7029  1028.8886    34.5028 0.0000e+00
       9415 311.544019  -62.22574  -58.20968      0.814    1447.30    269.000    266.244    -0.6968    -0.6964     0.0005    -0.7052    -0.7047     0.0005   2.807174   2.807114  -0.000066    34.3356    34.3341     7.2093    27.6031    27.6019    34.3356    27.6031    1449.39    1449.39    -0.7050  1028.8938    34.5033 0.0000e+00
       9441 311.544031  -62.22574  -58.20966      0.896    1447.30    270.000    267.234    -0.6958    -0.6949     0.0009    -0.7042    -0.7033     0.0009   2.807285   2.807295   0.000012    34.3351    34.3342     7.2110    27.6026    27.6019    34.3353    27.6028    1449.41    1449.41    -0.7040  1028.8984    34.5031 0.0000e+00
       9467 311.544044  -62.22574 -9.990e-29      0.926    1447.30    271.000    268.223    -0.6954    -0.6951     0.0003    -0.7038    -0.7035     0.0003   2.807349   2.807303  -0.000044    34.3352    34.3343     7.2040    27.6027    27.6019    34.3352    27.6027    1449.43    1449.43    -0.7036  1028.9048    34.5053 0.0000e+00
       9495 311.544058  -62.22574 -9.990e-29      0.880    1447.30    272.000    269.211    -0.6956    -0.6950     0.0007    -0.7041    -0.7034     0.0007   2.807386   2.807379  -0.000011    34.3352    34.3343     7.2099    27.6027    27.6019    34.3353    27.6028    1449.44    1449.45    -0.7039  1028.9097    34.5054 0.0000e+00
       9526 311.544073  -62.22575 -9.990e-29      0.793    1447.30    273.000    270.200    -0.6958    -0.6949     0.0010    -0.7043    -0.7034     0.0010   2.807432   2.807432 -3.095e-07    34.3355    34.3344     7.2069    27.6029    27.6020    34.3355    27.6030    1449.46    1449.46    -0.7041  1028.9147    34.5056 0.0000e+00
       9557 311.544088  -62.22576  -58.20964      0.766    1447.30    274.000    271.190    -0.6949    -0.6942     0.0008    -0.7035    -0.7027     0.0008   2.807561   2.807541  -0.000014    34.3355    34.3344     7.1977    27.6029    27.6020    34.3356    27.6030    1449.48    1449.48    -0.7033  1028.9182    34.5041 0.0000e+00
       9587 311.544102  -62.22576  -58.20964      0.790    1447.30    275.000    272.179    -0.6943    -0.6932     0.0011    -0.7029    -0.7018     0.0011   2.807675   2.807673 5.5179e-07    34.3356    34.3344     7.2034    27.6030    27.6020    34.3359    27.6032    1449.50    1449.50    -0.7027  1028.9225    34.5036 0.0000e+00
       9619 311.544117  -62.22576  -58.20963      0.769    1447.30    276.000    273.168    -0.6928    -0.6921     0.0006    -0.7014    -0.7007     0.0006   2.807825   2.807788  -0.000040    34.3354    34.3342     7.2047    27.6028    27.6017    34.3355    27.6028    1449.52    1449.52    -0.7012  1028.9269    34.5032 0.0000e+00
       9651 311.544133  -62.22576  -58.20962      0.743    1447.30    277.000    274.157    -0.6928    -0.6919     0.0009    -0.7014    -0.7006     0.0009   2.807852   2.807850  -0.000002    34.3353    34.3343     7.2070    27.6027    27.6018    34.3353    27.6027    1449.54    1449.54    -0.7013  1028.9315    34.5030 0.0000e+00
       9681 311.544148  -62.22578  -58.20962      0.779    1447.30    278.000    275.145    -0.6949    -0.6944     0.0005    -0.7036    -0.7031     0.0005   2.807739   2.807702  -0.000038    34.3357    34.3346     7.2135    27.6031    27.6022    34.3356    27.6030    1449.55    1449.55    -0.7034  1028.9366    34.5033 0.0000e+00
       9709 311.544161  -62.22578  -58.20962      0.844    1447.30    279.000    276.135    -0.6963    -0.6947     0.0015    -0.7050    -0.7034     0.0015   2.807648   2.807706   0.000054    34.3352    34.3342     7.2092    27.6027    27.6019    34.3352    27.6028    1449.56    1449.56    -0.7048  1028.9411    34.5030 0.0000e+00
       9738 311.544175  -62.22578  -58.20962      0.849    1447.30    280.000    277.124    -0.6959    -0.6950     0.0010    -0.7047    -0.7037     0.0010   2.807715   2.807721   0.000010    34.3352    34.3342     7.2062    27.6027    27.6019    34.3352    27.6027    1449.57    1449.58    -0.7044  1028.9458    34.5029 0.0000e+00
       9770 311.544190  -62.22578  -58.20962      0.775    1447.30    281.000    278.113    -0.6944    -0.6936     0.0008    -0.7031    -0.7024     0.0008   2.807895   2.807894 -3.677e-07    34.3350    34.3341     7.2072    27.6025    27.6018    34.3352    27.6027    1449.60    1449.60    -0.7030  1028.9505    34.5029 0.0000e+00
       9802 311.544206  -62.22578  -58.20960      0.745    1447.45    282.000    279.102    -0.6934    -0.6927     0.0007    -0.7022    -0.7015     0.0007   2.808040   2.808030  -0.000010    34.3353    34.3344     7.2169    27.6027    27.6020    34.3355    27.6028    1449.62    1449.62    -0.7020  1028.9555    34.5032 0.0000e+00
       9831 311.544220  -62.22580  -58.20960      0.798    1447.67    283.000    280.091    -0.6936    -0.6928     0.0008    -0.7024    -0.7016     0.0008   2.808075   2.808067  -0.000010    34.3355    34.3345     7.2150    27.6029    27.6020    34.3355    27.6029    1449.63    1449.64    -0.7022  1028.9603    34.5033 0.0000e+00
       9859 311.544233  -62.22580  -58.20959      0.847    1447.67    284.000    281.081    -0.6930    -0.6921     0.0009    -0.7019    -0.7010     0.0009   2.808149   2.808175   0.000021    34.3351    34.3344     7.2087    27.6025    27.6019    34.3352    27.6026    1449.65    1449.66    -0.7017  1028.9653    34.5036 0.0000e+00
       9891 311.544248  -62.22581  -58.20958      0.789    1447.67    285.000    282.070    -0.6931    -0.6916     0.0014    -0.7020    -0.7005     0.0014   2.808196   2.808248   0.000054    34.3353    34.3344     7.2059    27.6028    27.6019    34.3354    27.6027    1449.67    1449.67    -0.7018  1028.9697    34.5031 0.0000e+00
       9927 311.544266  -62.22582  -58.20958      0.666    1447.67    286.000    283.059    -0.6932    -0.6924     0.0008    -0.7021    -0.7013     0.0008   2.808233   2.808228  -0.000007    34.3353    34.3343     7.2017    27.6027    27.6019    34.3354    27.6028    1449.68    1449.69    -0.7019  1028.9744    34.5031 0.0000e+00
       9959 311.544282  -62.22582  -58.20958      0.710    1447.67    287.000    284.047    -0.6932    -0.6925     0.0007    -0.7022    -0.7015     0.0007   2.808279   2.808261  -0.000017    34.3354    34.3343     7.2009    27.6028    27.6019    34.3354    27.6028    1449.70    1449.70    -0.7020  1028.9793    34.5032 0.0000e+00
       9985 311.544294  -62.22582  -58.20958      0.860    1447.67    288.000    285.037    -0.6933    -0.6922     0.0011    -0.7024    -0.7013     0.0011   2.808302   2.808333   0.000028    34.3352    34.3343     7.2042    27.6026    27.6019    34.3353    27.6027    1449.72    1449.72    -0.7021  1028.9839    34.5030 0.0000e+00
      10011 311.544306  -62.22582  -58.20956      0.943    1447.67    289.000    286.026    -0.6918    -0.6913     0.0005    -0.7009    -0.7003     0.0005   2.808579   2.808531  -0.000044    34.3364    34.3352     7.2050    27.6035    27.6026    34.3367    27.6038    1449.74    1449.74    -0.7007  1028.9897    34.5045 0.0000e+00
      10042 311.544321  -62.22583  -58.20956      0.840    1447.67    290.000    287.015    -0.6917    -0.6912     0.0006    -0.7008    -0.7002     0.0006   2.808734   2.808703  -0.000032    34.3379    34.3369     7.2028    27.6048    27.6039    34.3380    27.6049    1449.76    1449.76    -0.7006  1028.9956    34.5058 0.0000e+00
      10080 311.544340  -62.22584  -58.20956      0.630    1447.67    291.000    288.004    -0.6920    -0.6913     0.0008    -0.7012    -0.7004     0.0008   2.808817   2.808809  -0.000010    34.3387    34.3377     7.2014    27.6055    27.6046    34.3389    27.6056    1449.78    1449.78    -0.7009  1029.0010    34.5067 0.0000e+00
      10113 311.544356  -62.22584  -58.20954      0.690    1447.67    292.000    288.993    -0.6917    -0.6909     0.0008    -0.7008    -0.7000     0.0008   2.808937   2.808938   0.000002    34.3394    34.3385     7.1939    27.6060    27.6052    34.3395    27.6061    1449.80    1449.80    -0.7006  1029.0063    34.5073 0.0000e+00
      10142 311.544370  -62.22584  -58.20954      0.815    1447.67    293.000    289.982    -0.6916    -0.6906     0.0010    -0.7008    -0.6998     0.0010   2.808993   2.809003   0.000009    34.3395    34.3385     7.1794    27.6061    27.6052    34.3396    27.6061    1449.81    1449.82    -0.7006  1029.0111    34.5074 0.0000e+00
      10172 311.544384  -62.22585  -58.20954      0.806    1447.67    294.000    290.968    -0.6921    -0.6912     0.0010    -0.7013    -0.7004     0.0010   2.808984   2.808983 7.6194e-07    34.3394    34.3383     7.1810    27.6060    27.6051    34.3394    27.6060    1449.83    1449.83    -0.7011  1029.0158    34.5072 0.0000e+00
      10207 311.544401  -62.22586  -58.20954      0.716    1447.67    295.000    291.961    -0.6919    -0.6912     0.0007    -0.7011    -0.7004     0.0007   2.809047   2.809038  -0.000009    34.3393    34.3383     7.1683    27.6059    27.6051    34.3394    27.6060    1449.84    1449.85    -0.7009  1029.0205    34.5072 0.0000e+00
      10240 311.544417  -62.22586  -58.20952      0.701    1447.67    296.000    292.948    -0.6921    -0.6912     0.0009    -0.7013    -0.7005     0.0009   2.809115   2.809118   0.000003    34.3398    34.3389     7.1685    27.6063    27.6055    34.3399    27.6064    1449.86    1449.86    -0.7012  1029.0257    34.5077 0.0000e+00
      10272 311.544433  -62.22586  -58.20952      0.743    1447.67    297.000    293.937    -0.6916    -0.6910     0.0007    -0.7010    -0.7003     0.0007   2.809199   2.809178  -0.000020    34.3399    34.3388     7.1715    27.6064    27.6055    34.3399    27.6064    1449.88    1449.88    -0.7007  1029.0304    34.5077 0.0000e+00
      10303 311.544447  -62.22588  -58.20952      0.773    1447.67    298.000    294.926    -0.6912    -0.6906     0.0007    -0.7006    -0.6999     0.0007   2.809233   2.809236   0.000005    34.3392    34.3385     7.1760    27.6058    27.6052    34.3393    27.6059    1449.90    1449.90    -0.7004  1029.0347    34.5072 0.0000e+00
      10333 311.544462  -62.22588  -58.20950      0.802    1447.67    299.000    295.915    -0.6905    -0.6898     0.0007    -0.6999    -0.6992     0.0007   2.809409   2.809393  -0.000015    34.3401    34.3392     7.1795    27.6065    27.6057    34.3403    27.6066    1449.92    1449.92    -0.6997  1029.0402    34.5081 0.0000e+00
      10362 311.544476  -62.22588  -58.20950      0.827    1447.67    300.000    296.904    -0.6909    -0.6903     0.0007    -0.7003    -0.6997     0.0007   2.809470   2.809453  -0.000020    34.3409    34.3399     7.1759    27.6072    27.6063    34.3410    27.6072    1449.93    1449.93    -0.7001  1029.0455    34.5088 0.0000e+00
      10393 311.544491  -62.22588  -58.20950      0.789    1447.67    301.000    297.893    -0.6914    -0.6905     0.0009    -0.7009    -0.7000     0.0009   2.809493   2.809479  -0.000013    34.3412    34.3400     7.1738    27.6074    27.6064    34.3412    27.6074    1449.95    1449.95    -0.7007  1029.0505    34.5090 0.0000e+00
      10429 311.544508  -62.22590  -58.20948      0.677    1447.67    302.000    298.882    -0.6925    -0.6915     0.0010    -0.7019    -0.7010     0.0009   2.809480   2.809474  -0.000007    34.3416    34.3404     7.1689    27.6078    27.6068    34.3416    27.6078    1449.96    1449.96    -0.7018  1029.0556    34.5095 0.0000e+00
