Pos-Processados/process_op42/operantar42_032.cnv
* Sea-Bird SBE 9 Data File:
* FileName = C:\Users\Hidrografia\Desktop\OPXLII\Brutos\OP42032.hdr
* Software Version Seasave V 7.26.7.107
* Temperature SN = 6502
* Conductivity SN = 4998
* Number of Bytes Per Scan = 37
* Number of Voltage Words = 4
* Number of Scans Averaged by the Deck Unit = 1
* NMEA Latitude = 62 08.42 S
* NMEA Longitude = 058 26.62 W
* NMEA UTC (Time) = Nov 09 2023 07:09:23
* NMEA baud rate = 4800
** H41
** NPOALTEMAXIMIANO
** NUMERO DA ESTACAO (XXX) 032
** LAT (XX XX.XX S/N) 62 08.4 S
** LONG (XXX XX.XX W/E) 058 26.6 W
** DATAHORA (dd/mm/aaaa hh:mm Z) 09/11/2023 0708Z
** PROFUNDIDADE (m) 425
** OPERADOR CT FABIREZA
# nquan = 30
# nvalues = 775                         
# units = specified
# name 0 = scan: Scan Count
# name 1 = timeJ: Julian Days
# name 2 = latitude: Latitude [deg]
# name 3 = longitude: Longitude [deg]
# name 4 = dz/dtM: Descent Rate [m/s]
# name 5 = avgsvCM: Average Sound Velocity [Chen-Millero, m/s]
# name 6 = prDM: Pressure, Digiquartz [db]
# name 7 = depSM: Depth [salt water, m]
# name 8 = t090C: Temperature [ITS-90, deg C]
# name 9 = t190C: Temperature, 2 [ITS-90, deg C]
# name 10 = T2-T190C: Temperature Difference, 2 - 1 [ITS-90, deg C]
# name 11 = potemp090C: Potential Temperature [ITS-90, deg C]
# name 12 = potemp190C: Potential Temperature, 2 [ITS-90, deg C]
# name 13 = potemp90Cdiff: Potential Temperature, Diff, 2 - 1 [ITS-90, deg C]
# name 14 = c0S/m: Conductivity [S/m]
# name 15 = c1S/m: Conductivity, 2 [S/m]
# name 16 = C2-C1S/m: Conductivity Difference, 2 - 1 [S/m]
# name 17 = sal00: Salinity, Practical [PSU]
# name 18 = sal11: Salinity, Practical, 2 [PSU]
# name 19 = sbeox0ML/L: Oxygen, SBE 43 [ml/l]
# name 20 = sigma-é00: Density [sigma-theta, kg/m^3]
# name 21 = sigma-é11: Density, 2 [sigma-theta, kg/m^3]
# name 22 = sal00: Salinity, Practical [PSU]
# name 23 = sigma-é00: Density [sigma-theta, kg/m^3]
# name 24 = svCM: Sound Velocity [Chen-Millero, m/s]
# name 25 = svCM1: Sound Velocity, 2 [Chen-Millero, m/s]
# name 26 = gsw_ptA0: potential temperature [ITS-90, deg C]
# name 27 = gsw_densityA0: density, TEOS-10 [density, kg/m^3]
# name 28 = gsw_saA0: Absolute Salinity [g/kg]
# name 29 = flag:
# span 0 =       3138,      26939       
# span 1 = 313.299696, 313.311174       
# span 2 =  -62.14520,  -62.14094       
# span 3 =  -58.44358,  -58.44076       
# span 4 =     -1.137,      1.086       
# span 5 =       0.00,    1448.41       
# span 6 =      1.000,    388.000       
# span 7 =      0.999,    383.910       
# span 8 =    -0.8345,    -0.5351       
# span 9 =    -0.8336,    -0.5285       
# span 10 =    -0.0105,     0.0221      
# span 11 =    -0.8423,    -0.5351      
# span 12 =    -0.8414,    -0.5286      
# span 13 =    -0.0105,     0.0220      
# span 14 =   2.792313,   2.827590      
# span 15 =   2.792308,   2.827571      
# span 16 =  -0.001011,   0.002255      
# span 17 =    34.2794,    34.4128      
# span 18 =    34.2803,    34.4118      
# span 19 =     6.6532,     7.7205      
# span 20 =    27.5523,    27.6612      
# span 21 =    27.5528,    27.6604      
# span 22 =    34.2820,    34.4130      
# span 23 =    27.5532,    27.6613      
# span 24 =    1445.61,    1451.92      
# span 25 =    1445.61,    1451.93      
# span 26 =    -0.8421,    -0.5351      
# span 27 =  1027.5625,  1029.5126      
# span 28 =    34.4437,    34.5813      
# span 29 = 0.0000e+00, 0.0000e+00      
# interval = decibars: 1                
# start_time = Nov 09 2023 07:09:23 [NMEA time, header]
# bad_flag = -9.990e-29
*END*
[from data line 677]
      24017 313.309765  -62.14470  -58.44104     -0.796    1448.31     98.000     97.037    -0.6727    -0.6742    -0.0015    -0.6756    -0.6771    -0.0015   2.797712   2.797543  -0.000188    34.2855    34.2847     7.5561    27.5612    27.5607    34.2858    27.5615    1446.66    1446.65    -0.6755  1028.0356    34.4520 0.0000e+00
      24042 313.309777  -62.14471  -58.44103     -0.896    1448.31     97.000     96.047    -0.6728    -0.6727     0.0002    -0.6757    -0.6755     0.0002   2.797716   2.797588  -0.000110    34.2861    34.2844     7.5531    27.5617    27.5604    34.2866    27.5622    1446.64    1446.64    -0.6756  1028.0314    34.4528 0.0000e+00
      24063 313.309787  -62.14472  -58.44102     -1.034    1448.31     96.000     95.057    -0.6680    -0.6678     0.0001    -0.6708    -0.6707     0.0001   2.798110   2.797956  -0.000151    34.2861    34.2839     7.5535    27.5616    27.5598    34.2870    27.5623    1446.64    1446.64    -0.6708  1028.0267    34.4532 0.0000e+00
      24085 313.309797  -62.14472  -58.44102     -1.118    1448.31     95.000     94.067    -0.6612    -0.6640    -0.0028    -0.6640    -0.6668    -0.0028   2.798592   2.798240  -0.000359    34.2856    34.2840     7.5578    27.5609    27.5597    34.2865    27.5616    1446.66    1446.64    -0.6639  1028.0212    34.4527 0.0000e+00
      24108 313.309809  -62.14472  -58.44102     -1.076    1448.31     94.000     93.077    -0.6593    -0.6612    -0.0019    -0.6622    -0.6640    -0.0019   2.798664   2.798399  -0.000246    34.2855    34.2843     7.5709    27.5607    27.5598    34.2860    27.5611    1446.65    1446.64    -0.6620  1028.0159    34.4521 0.0000e+00
      24137 313.309823  -62.14472  -58.44102     -0.897    1448.31     93.000     92.087    -0.6591    -0.6650    -0.0060    -0.6618    -0.6678    -0.0060   2.798632   2.798083  -0.000555    34.2854    34.2847     7.5627    27.5606    27.5603    34.2858    27.5609    1446.64    1446.61    -0.6618  1028.0110    34.4520 0.0000e+00
      24167 313.309837  -62.14473  -58.44102     -0.796    1448.31     92.000     91.097    -0.6586    -0.6583     0.0004    -0.6613    -0.6610     0.0004   2.798647   2.798555  -0.000096    34.2856    34.2839     7.5534    27.5607    27.5593    34.2862    27.5612    1446.62    1446.62    -0.6613  1028.0065    34.4523 0.0000e+00
      24194 313.309850  -62.14474  -58.44102     -0.851    1448.31     91.000     90.107    -0.6501    -0.6559    -0.0058    -0.6528    -0.6586    -0.0058   2.799372   2.798705  -0.000618    34.2858    34.2840     7.5554    27.5605    27.5594    34.2869    27.5614    1446.65    1446.62    -0.6527  1028.0018    34.4530 0.0000e+00
      24217 313.309861  -62.14474  -58.44100     -0.967    1448.31     90.000     89.117    -0.6474    -0.6512    -0.0038    -0.6500    -0.6538    -0.0038   2.799546   2.799130  -0.000457    34.2860    34.2841     7.5556    27.5606    27.5592    34.2868    27.5612    1446.64    1446.62    -0.6500  1027.9969    34.4529 0.0000e+00
      24241 313.309873  -62.14474  -58.44100     -1.017    1448.31     89.000     88.127    -0.6472    -0.6476    -0.0003    -0.6499    -0.6502    -0.0003   2.799481   2.799342  -0.000154    34.2860    34.2843     7.5635    27.5605    27.5592    34.2864    27.5609    1446.63    1446.62    -0.6498  1027.9917    34.4524 0.0000e+00
      24268 313.309886  -62.14474  -58.44100     -0.948    1448.31     88.000     87.137    -0.6494    -0.6484     0.0009    -0.6520    -0.6511     0.0009   2.799262   2.799235  -0.000025    34.2861    34.2848     7.5631    27.5607    27.5596    34.2864    27.5610    1446.60    1446.60    -0.6519  1027.9871    34.4525 0.0000e+00
      24297 313.309900  -62.14476  -58.44100     -0.844    1448.31     87.000     86.147    -0.6503    -0.6496     0.0007    -0.6529    -0.6522     0.0007   2.799154   2.799108  -0.000051    34.2863    34.2849     7.5687    27.5610    27.5598    34.2867    27.5612    1446.58    1446.58    -0.6528  1027.9825    34.4527 0.0000e+00
      24324 313.309913  -62.14476  -58.44100     -0.857    1448.31     86.000     85.157    -0.6459    -0.6477    -0.0018    -0.6485    -0.6503    -0.0018   2.799492   2.799218  -0.000260    34.2861    34.2846     7.5717    27.5606    27.5595    34.2869    27.5612    1446.59    1446.58    -0.6484  1027.9777    34.4529 0.0000e+00
      24347 313.309924  -62.14476  -58.44100     -0.960    1448.31     85.000     84.167    -0.6416    -0.6414     0.0002    -0.6441    -0.6439     0.0002   2.799865   2.799719  -0.000135    34.2862    34.2842     7.5734    27.5605    27.5588    34.2876    27.5616    1446.59    1446.59    -0.6441  1027.9733    34.4536 0.0000e+00
      24370 313.309935  -62.14476  -58.44100     -1.034    1448.31     84.000     83.177    -0.6298    -0.6299    -0.0002    -0.6323    -0.6324    -0.0002   2.800876   2.800647  -0.000166    34.2862    34.2842     7.5673    27.5600    27.5583    34.2885    27.5618    1446.63    1446.63    -0.6322  1027.9686    34.4545 0.0000e+00
      24394 313.309946  -62.14478  -58.44100     -1.041    1448.31     83.000     82.187    -0.6093    -0.6198    -0.0105    -0.6118    -0.6222    -0.0105   2.802483   2.801468  -0.001011    34.2851    34.2834     7.5639    27.5582    27.5572    34.2876    27.5602    1446.71    1446.66    -0.6117  1027.9622    34.4535 0.0000e+00
      24419 313.309959  -62.14478  -58.44098     -0.980    1448.31     82.000     81.197    -0.6020    -0.6077    -0.0057    -0.6045    -0.6102    -0.0057   2.802984   2.802410  -0.000623    34.2852    34.2832     7.5718    27.5580    27.5566    34.2867    27.5592    1446.73    1446.70    -0.6044  1027.9564    34.4527 0.0000e+00
      24447 313.309972  -62.14478  -58.44098     -0.882    1448.31     81.000     80.207    -0.6022    -0.5995     0.0027    -0.6046    -0.6020     0.0026   2.802925   2.803048   0.000102    34.2856    34.2839     7.5801    27.5583    27.5568    34.2868    27.5593    1446.71    1446.72    -0.6046  1027.9516    34.4527 0.0000e+00
      24475 313.309986  -62.14478  -58.44098     -0.853    1448.31     80.000     79.217    -0.5998    -0.5987     0.0010    -0.6022    -0.6011     0.0010   2.803106   2.803094  -0.000006    34.2858    34.2845     7.5811    27.5583    27.5573    34.2870    27.5594    1446.71    1446.71    -0.6021  1027.9469    34.4529 0.0000e+00
      24502 313.309999  -62.14479  -58.44098     -0.876    1448.31     79.000     78.227    -0.5972    -0.5977    -0.0005    -0.5996    -0.6001    -0.0005   2.803313   2.803139  -0.000174    34.2865    34.2847     7.5867    27.5588    27.5574    34.2876    27.5597    1446.70    1446.70    -0.5995  1027.9424    34.4535 0.0000e+00
      24528 313.310011  -62.14480  -58.44098     -0.916    1448.31     78.000     77.237    -0.5974    -0.5966     0.0008    -0.5998    -0.5989     0.0008   2.803216   2.803178  -0.000040    34.2863    34.2848     7.5956    27.5587    27.5574    34.2871    27.5593    1446.68    1446.68    -0.5997  1027.9373    34.4530 0.0000e+00
      24553 313.310023  -62.14480  -58.44098     -0.938    1448.31     77.000     76.247    -0.5930    -0.5950    -0.0021    -0.5953    -0.5974    -0.0021   2.803634   2.803292  -0.000314    34.2866    34.2847     7.5850    27.5587    27.5573    34.2883    27.5601    1446.69    1446.68    -0.5953  1027.9332    34.4542 0.0000e+00
      24579 313.310036  -62.14480  -58.44098     -0.933    1448.31     76.000     75.257    -0.5848    -0.5879    -0.0031    -0.5871    -0.5902    -0.0031   2.804205   2.803816  -0.000395    34.2863    34.2844     7.5961    27.5581    27.5567    34.2875    27.5590    1446.71    1446.69    -0.5870  1027.9274    34.4533 0.0000e+00
      24606 313.310049  -62.14480  -58.44098     -0.911    1448.31     75.000     74.267    -0.5807    -0.5839    -0.0032    -0.5830    -0.5862    -0.0032   2.804552   2.804118  -0.000437    34.2868    34.2846     7.5929    27.5584    27.5567    34.2881    27.5594    1446.71    1446.70    -0.5829  1027.9210    34.4516 0.0000e+00
      24633 313.310062 -9.990e-29  -58.44098     -0.898    1448.31     74.000     73.277    -0.5794    -0.5812    -0.0019    -0.5816    -0.5835    -0.0019   2.804586   2.804305  -0.000283    34.2868    34.2852     7.5935    27.5583    27.5570    34.2876    27.5589    1446.70    1446.69    -0.5816  1027.9143    34.4493 0.0000e+00
      24659 313.310074 -9.990e-29  -58.44098     -0.914    1448.31     73.000     72.287    -0.5800    -0.5796     0.0004    -0.5822    -0.5818     0.0004   2.804484   2.804420  -0.000087    34.2869    34.2852     7.6022    27.5583    27.5570    34.2875    27.5589    1446.68    1446.68    -0.5821  1027.9095    34.4492 0.0000e+00
      24684 313.310086 -9.990e-29  -58.44096     -0.935    1448.31     72.000     71.297    -0.5835    -0.5799     0.0036    -0.5857    -0.5821     0.0036   2.804130   2.804321   0.000171    34.2872    34.2855     7.6041    27.5588    27.5572    34.2874    27.5590    1446.65    1446.67    -0.5856  1027.9048    34.4491 0.0000e+00
      24710 313.310099 -9.990e-29  -58.44096     -0.944    1448.31     71.000     70.307    -0.5844    -0.5823     0.0021    -0.5866    -0.5844     0.0021   2.804043   2.804068   0.000027    34.2875    34.2854     7.5979    27.5590    27.5573    34.2879    27.5594    1446.63    1446.64    -0.5865  1027.9005    34.4496 0.0000e+00
      24736 313.310111 -9.990e-29  -58.44096     -0.931    1448.31     70.000     69.317    -0.5826    -0.5826    -0.0000    -0.5847    -0.5847    -0.0000   2.804158   2.804004  -0.000141    34.2873    34.2855     7.5928    27.5589    27.5573    34.2880    27.5594    1446.62    1446.62    -0.5847  1027.8957    34.4497 0.0000e+00
      24762 313.310124 -9.990e-29  -58.44096     -0.906    1448.31     69.000     68.326    -0.5808    -0.5809    -0.0001    -0.5828    -0.5830    -0.0001   2.804200   2.804099  -0.000119    34.2868    34.2854     7.5952    27.5583    27.5572    34.2871    27.5586    1446.61    1446.61    -0.5828  1027.8901    34.4488 0.0000e+00
      24789 313.310137 -9.990e-29  -58.44096     -0.900    1448.31     68.000     67.337    -0.5801    -0.5797     0.0004    -0.5822    -0.5818     0.0004   2.804188   2.804165  -0.000023    34.2864    34.2856     7.5953    27.5579    27.5573    34.2868    27.5583    1446.60    1446.60    -0.5821  1027.8851    34.4485 0.0000e+00
      24815 313.310150  -62.14484  -58.44096     -0.907    1448.31     67.000     66.346    -0.5761    -0.5773    -0.0012    -0.5782    -0.5794    -0.0012   2.804499   2.804312  -0.000165    34.2860    34.2852     7.5917    27.5575    27.5569    34.2871    27.5584    1446.60    1446.60    -0.5781  1027.8833    34.4525 0.0000e+00
      24842 313.310162  -62.14486  -58.44096     -0.913    1448.31     66.000     65.356    -0.5647    -0.5700    -0.0052    -0.5667    -0.5720    -0.0052   2.805403   2.804852  -0.000516    34.2856    34.2845     7.6009    27.5566    27.5560    34.2870    27.5578    1446.64    1446.61    -0.5666  1027.8782    34.4527 0.0000e+00
      24868 313.310175  -62.14486  -58.44096     -0.905    1448.31     65.000     64.366    -0.5606    -0.5638    -0.0032    -0.5626    -0.5658    -0.0032   2.805643   2.805293  -0.000361    34.2853    34.2840     7.6079    27.5562    27.5554    34.2862    27.5569    1446.64    1446.63    -0.5625  1027.8726    34.4519 0.0000e+00
      24895 313.310188  -62.14486  -58.44094     -0.900    1448.31     64.000     63.376    -0.5595    -0.5599    -0.0005    -0.5614    -0.5619    -0.0005   2.805719   2.805565  -0.000175    34.2859    34.2841     7.6038    27.5567    27.5552    34.2866    27.5572    1446.63    1446.63    -0.5614  1027.8680    34.4523 0.0000e+00
      24920 313.310200  -62.14486  -58.44094     -0.926    1448.31     63.000     62.386    -0.5578    -0.5578     0.0001    -0.5597    -0.5597     0.0001   2.805780   2.805679  -0.000108    34.2855    34.2839     7.5959    27.5562    27.5550    34.2862    27.5568    1446.62    1446.62    -0.5597  1027.8628    34.4519 0.0000e+00
      24945 313.310212  -62.14486  -58.44094     -0.963    1448.31     62.000     61.396    -0.5572    -0.5575    -0.0003    -0.5591    -0.5594    -0.0003   2.805778   2.805651  -0.000120    34.2853    34.2841     7.6048    27.5561    27.5551    34.2860    27.5567    1446.61    1446.61    -0.5590  1027.8579    34.4517 0.0000e+00
      24972 313.310225  -62.14488  -58.44094     -0.930    1448.31     61.000     60.406    -0.5576    -0.5580    -0.0004    -0.5595    -0.5599    -0.0004   2.805692   2.805537  -0.000143    34.2856    34.2841     7.6067    27.5563    27.5551    34.2859    27.5566    1446.59    1446.59    -0.5594  1027.8531    34.4516 0.0000e+00
      25002 313.310240  -62.14488  -58.44094     -0.820    1448.31     60.000     59.416    -0.5572    -0.5594    -0.0022    -0.5591    -0.5612    -0.0022   2.805666   2.805399  -0.000276    34.2854    34.2841     7.6135    27.5561    27.5552    34.2858    27.5564    1446.58    1446.56    -0.5590  1027.8481    34.4515 0.0000e+00
      25034 313.310255  -62.14488  -58.44094     -0.752    1448.31     59.000     58.426    -0.5568    -0.5562     0.0006    -0.5586    -0.5580     0.0006   2.805646   2.805594  -0.000064    34.2854    34.2838     7.6143    27.5561    27.5548    34.2857    27.5563    1446.56    1446.56    -0.5586  1027.8432    34.4513 0.0000e+00
      25062 313.310269  -62.14488  -58.44094     -0.815    1448.31     58.000     57.435    -0.5567    -0.5560     0.0007    -0.5585    -0.5577     0.0007   2.805589   2.805571  -0.000018    34.2851    34.2840     7.6139    27.5559    27.5550    34.2854    27.5561    1446.55    1446.55    -0.5584  1027.8382    34.4510 0.0000e+00
      25086 313.310280  -62.14490  -58.44092     -0.931    1448.31     57.000     56.445    -0.5568    -0.5560     0.0008    -0.5585    -0.5577     0.0008   2.805547   2.805526  -0.000028    34.2853    34.2841     7.6144    27.5561    27.5550    34.2855    27.5562    1446.53    1446.53    -0.5585  1027.8335    34.4512 0.0000e+00
      25109 313.310291  -62.14490  -58.44092     -1.011    1448.31     56.000     55.455    -0.5570    -0.5561     0.0009    -0.5586    -0.5578     0.0009   2.805489   2.805465  -0.000026    34.2854    34.2840     7.6174    27.5561    27.5550    34.2856    27.5563    1446.51    1446.51    -0.5586  1027.8288    34.4512 0.0000e+00
      25133 313.310303  -62.14490  -58.44092     -1.040    1448.31     55.000     54.465    -0.5569    -0.5562     0.0007    -0.5585    -0.5578     0.0007   2.805454   2.805413  -0.000043    34.2855    34.2841     7.6123    27.5562    27.5550    34.2856    27.5563    1446.50    1446.50    -0.5585  1027.8240    34.4512 0.0000e+00
      25157 313.310314  -62.14490  -58.44092     -1.016    1448.31     54.000     53.475    -0.5568    -0.5562     0.0006    -0.5584    -0.5578     0.0006   2.805424   2.805368  -0.000059    34.2856    34.2841     7.6239    27.5563    27.5551    34.2857    27.5564    1446.48    1446.48    -0.5584  1027.8193    34.4513 0.0000e+00
      25182 313.310327  -62.14490  -58.44092     -0.968    1448.31     53.000     52.485    -0.5568    -0.5561     0.0007    -0.5584    -0.5577     0.0007   2.805371   2.805330  -0.000041    34.2856    34.2841     7.6218    27.5562    27.5551    34.2857    27.5564    1446.47    1446.47    -0.5584  1027.8145    34.4513 0.0000e+00
      25211 313.310340  -62.14492  -58.44092     -0.880    1448.31     52.000     51.494    -0.5569    -0.5563     0.0006    -0.5584    -0.5578     0.0006   2.805314   2.805279  -0.000033    34.2855    34.2843     7.6174    27.5562    27.5552    34.2856    27.5563    1446.45    1446.45    -0.5584  1027.8096    34.4512 0.0000e+00
      25239 313.310354  -62.14492  -58.44092     -0.840    1448.31     51.000     50.504    -0.5568    -0.5560     0.0009    -0.5583    -0.5575     0.0009   2.805284   2.805251  -0.000037    34.2857    34.2842     7.6118    27.5563    27.5551    34.2857    27.5564    1446.43    1446.43    -0.5583  1027.8050    34.4513 0.0000e+00
