Pos-Processados/process_op42/operantar42_019.cnv
* Sea-Bird SBE 9 Data File:
* FileName = C:\Users\Hidrografia\Desktop\OPXLII\Brutos\OP42019.hdr
* Software Version Seasave V 7.26.7.107
* Temperature SN = 6502
* Conductivity SN = 4998
* Number of Bytes Per Scan = 37
* Number of Voltage Words = 4
* Number of Scans Averaged by the Deck Unit = 1
* NMEA Latitude = 62 12.74 S
* NMEA Longitude = 058 20.49 W
* NMEA UTC (Time) = Nov 07 2023 15:27:40
* NMEA baud rate = 4800
** H41
** NPOALTEMAXIMIANO
** NUMERO DA ESTACAO (XXX) 019
** LAT (XX XX.XX S/N) 62 12.46 S
** LONG (XXX XX.XX W/E) 058 20.12 W
** DATAHORA (dd/mm/aaaa hh:mm Z) 07/11/2023 1518Z
** PROFUNDIDADE (m) 490
** OPERADOR CT FILIPE LOPES
# nquan = 30
# nvalues = 913                         
# units = specified
# name 0 = scan: Scan Count
# name 1 = timeJ: Julian Days
# name 2 = latitude: Latitude [deg]
# name 3 = longitude: Longitude [deg]
# name 4 = dz/dtM: Descent Rate [m/s]
# name 5 = avgsvCM: Average Sound Velocity [Chen-Millero, m/s]
# name 6 = prDM: Pressure, Digiquartz [db]
# name 7 = depSM: Depth [salt water, m]
# name 8 = t090C: Temperature [ITS-90, deg C]
# name 9 = t190C: Temperature, 2 [ITS-90, deg C]
# name 10 = T2-T190C: Temperature Difference, 2 - 1 [ITS-90, deg C]
# name 11 = potemp090C: Potential Temperature [ITS-90, deg C]
# name 12 = potemp190C: Potential Temperature, 2 [ITS-90, deg C]
# name 13 = potemp90Cdiff: Potential Temperature, Diff, 2 - 1 [ITS-90, deg C]
# name 14 = c0S/m: Conductivity [S/m]
# name 15 = c1S/m: Conductivity, 2 [S/m]
# name 16 = C2-C1S/m: Conductivity Difference, 2 - 1 [S/m]
# name 17 = sal00: Salinity, Practical [PSU]
# name 18 = sal11: Salinity, Practical, 2 [PSU]
# name 19 = sbeox0ML/L: Oxygen, SBE 43 [ml/l]
# name 20 = sigma-é00: Density [sigma-theta, kg/m^3]
# name 21 = sigma-é11: Density, 2 [sigma-theta, kg/m^3]
# name 22 = sal00: Salinity, Practical [PSU]
# name 23 = sigma-é00: Density [sigma-theta, kg/m^3]
# name 24 = svCM: Sound Velocity [Chen-Millero, m/s]
# name 25 = svCM1: Sound Velocity, 2 [Chen-Millero, m/s]
# name 26 = gsw_ptA0: potential temperature [ITS-90, deg C]
# name 27 = gsw_densityA0: density, TEOS-10 [density, kg/m^3]
# name 28 = gsw_saA0: Absolute Salinity [g/kg]
# name 29 = flag:
# span 0 =       2866,      37952       
# span 1 = 311.645594, 311.662515       
# span 2 =  -62.21821,  -62.21281       
# span 3 =  -58.34099,  -58.33464       
# span 4 =     -1.107,      1.119       
# span 5 =       0.00,    1448.93       
# span 6 =      2.000,    458.000       
# span 7 =      1.985,    453.096       
# span 8 =    -0.8834,    -0.2283       
# span 9 =    -0.8826,    -0.2271       
# span 10 =    -0.0267,     0.0342      
# span 11 =    -0.8906,    -0.2443      
# span 12 =    -0.8897,    -0.2431      
# span 13 =    -0.0266,     0.0341      
# span 14 =   2.788194,   2.863769      
# span 15 =   2.788248,   2.863849      
# span 16 =  -0.002371,   0.002889      
# span 17 =    34.2952,    34.4667      
# span 18 =    34.2948,    34.4663      
# span 19 =     6.1334,     7.5568      
# span 20 =    27.5640,    27.6924      
# span 21 =    27.5631,    27.6914      
# span 22 =    34.2949,    34.4661      
# span 23 =    27.5643,    27.6920      
# span 24 =    1445.59,    1454.52      
# span 25 =    1445.59,    1454.52      
# span 26 =    -0.8904,    -0.2441      
# span 27 =  1027.5781,  1029.8714      
# span 28 =    34.4582,    34.6364      
# span 29 = 0.0000e+00, 0.0000e+00      
# interval = decibars: 1                
# start_time = Nov 07 2023 15:27:40 [NMEA time, header]
# bad_flag = -9.990e-29
*END*
[from data line 822]
      33315 311.660279  -62.21744  -58.33574     -0.785    1448.92     92.000     91.097    -0.6444    -0.6427     0.0017    -0.6472    -0.6454     0.0017   2.800849   2.800885   0.000038    34.2996    34.2981     7.4366    27.5715    27.5702    34.2998    27.5716    1446.71    1446.72    -0.6471  1028.0169    34.4661 0.0000e+00
      33351 311.660296  -62.21745 -9.990e-29     -0.680    1448.92     91.000     90.107    -0.6405    -0.6401     0.0004    -0.6432    -0.6428     0.0004   2.801130   2.801065  -0.000066    34.2993    34.2979     7.4505    27.5710    27.5699    34.2997    27.5714    1446.71    1446.71    -0.6431  1028.0127    34.4670 0.0000e+00
      33390 311.660315  -62.21746  -58.33572     -0.622    1448.92     90.000     89.117    -0.6379    -0.6373     0.0006    -0.6406    -0.6400     0.0006   2.801244   2.801207  -0.000041    34.2988    34.2975     7.4521    27.5705    27.5695    34.2990    27.5707    1446.70    1446.71    -0.6405  1028.0070    34.4661 0.0000e+00
      33431 311.660335  -62.21746  -58.33572     -0.592    1448.92     89.000     88.127    -0.6375    -0.6369     0.0006    -0.6402    -0.6395     0.0006   2.801245   2.801197  -0.000043    34.2989    34.2975     7.4473    27.5706    27.5695    34.2991    27.5708    1446.69    1446.69    -0.6401  1028.0016    34.4653 0.0000e+00
      33467 311.660352  -62.21747  -58.33570     -0.640    1448.92     88.000     87.137    -0.6347    -0.6339     0.0008    -0.6373    -0.6365     0.0008   2.801429   2.801384  -0.000044    34.2986    34.2971     7.4555    27.5702    27.5690    34.2991    27.5706    1446.69    1446.69    -0.6373  1027.9966    34.4652 0.0000e+00
      33499 311.660368  -62.21748  -58.33570     -0.733    1448.92     87.000     86.147    -0.6325    -0.6319     0.0007    -0.6351    -0.6345     0.0007   2.801560   2.801512  -0.000051    34.2987    34.2972     7.4667    27.5702    27.5690    34.2990    27.5704    1446.68    1446.68    -0.6350  1027.9920    34.4655 0.0000e+00
      33531 311.660383  -62.21748 -9.990e-29     -0.762    1448.92     86.000     85.157    -0.6317    -0.6309     0.0008    -0.6343    -0.6335     0.0008   2.801558   2.801542  -0.000021    34.2985    34.2972     7.4622    27.5700    27.5690    34.2987    27.5702    1446.67    1446.67    -0.6342  1027.9875    34.4659 0.0000e+00
      33563 311.660398  -62.21748 -9.990e-29     -0.755    1448.92     85.000     84.167    -0.6299    -0.6283     0.0016    -0.6325    -0.6309     0.0016   2.801676   2.801696   0.000017    34.2984    34.2968     7.4679    27.5699    27.5685    34.2988    27.5702    1446.66    1446.67    -0.6324  1027.9827    34.4660 0.0000e+00
      33595 311.660414  -62.21750  -58.33568     -0.752    1448.92     84.000     83.177    -0.6283    -0.6265     0.0018    -0.6308    -0.6290     0.0018   2.801742   2.801787   0.000048    34.2982    34.2968     7.4634    27.5696    27.5684    34.2985    27.5699    1446.65    1446.66    -0.6308  1027.9774    34.4655 0.0000e+00
      33631 311.660431  -62.21750  -58.33568     -0.688    1448.92     83.000     82.187    -0.6264    -0.6261     0.0003    -0.6289    -0.6286     0.0003   2.801844   2.801772  -0.000059    34.2980    34.2969     7.4513    27.5694    27.5685    34.2984    27.5697    1446.64    1446.64    -0.6288  1027.9717    34.4644 0.0000e+00
      33677 311.660453  -62.21750  -58.33566     -0.520    1448.92     82.000     81.196    -0.6235    -0.6270    -0.0035    -0.6260    -0.6294    -0.0035   2.802034   2.801679  -0.000351    34.2978    34.2970     7.4565    27.5691    27.5686    34.2983    27.5695    1446.64    1446.62    -0.6259  1027.9667    34.4643 0.0000e+00
      33717 311.660473  -62.21750  -58.33566     -0.580    1448.92     81.000     80.207    -0.6226    -0.6231    -0.0006    -0.6250    -0.6256    -0.0006   2.802046   2.801915  -0.000139    34.2980    34.2968     7.4588    27.5692    27.5683    34.2980    27.5692    1446.63    1446.63    -0.6250  1027.9587    34.4603 0.0000e+00
      33747 311.660487 -9.990e-29  -58.33566     -0.757    1448.92     80.000     79.217    -0.6224    -0.6219     0.0005    -0.6248    -0.6243     0.0005   2.802058   2.801981  -0.000082    34.2981    34.2964     7.4666    27.5693    27.5679    34.2986    27.5697    1446.61    1446.61    -0.6247  1027.9539    34.4603 0.0000e+00
      33773 311.660500 -9.990e-29  -58.33564     -0.872    1448.92     79.000     78.227    -0.6191    -0.6181     0.0010    -0.6215    -0.6205     0.0010   2.802261   2.802231  -0.000038    34.2980    34.2963     7.4694    27.5690    27.5677    34.2982    27.5692    1446.61    1446.62    -0.6214  1027.9486    34.4599 0.0000e+00
      33802 311.660514  -62.21752  -58.33564     -0.870    1448.92     78.000     77.237    -0.6196    -0.6181     0.0015    -0.6220    -0.6205     0.0015   2.802175   2.802188   0.000010    34.2980    34.2965     7.4813    27.5691    27.5678    34.2982    27.5693    1446.59    1446.60    -0.6219  1027.9453    34.4617 0.0000e+00
      33834 311.660529  -62.21752  -58.33564     -0.769    1448.92     77.000     76.247    -0.6195    -0.6184     0.0010    -0.6218    -0.6207     0.0010   2.802136   2.802125  -0.000017    34.2980    34.2966     7.4821    27.5691    27.5679    34.2982    27.5692    1446.58    1446.58    -0.6217  1027.9425    34.4641 0.0000e+00
      33869 311.660546  -62.21754  -58.33562     -0.695    1448.92     76.000     75.256    -0.6184    -0.6181     0.0003    -0.6207    -0.6204     0.0003   2.802190   2.802101  -0.000083    34.2980    34.2966     7.4853    27.5691    27.5679    34.2983    27.5693    1446.57    1446.57    -0.6206  1027.9377    34.4643 0.0000e+00
      33904 311.660563  -62.21754  -58.33562     -0.692    1448.92     75.000     74.266    -0.6173    -0.6168     0.0005    -0.6196    -0.6191     0.0005   2.802235   2.802167  -0.000068    34.2981    34.2966     7.4848    27.5690    27.5678    34.2983    27.5692    1446.56    1446.56    -0.6195  1027.9329    34.4643 0.0000e+00
      33941 311.660580  -62.21754  -58.33560     -0.657    1448.92     74.000     73.276    -0.6164    -0.6158     0.0005    -0.6186    -0.6180     0.0005   2.802247   2.802203  -0.000042    34.2978    34.2966     7.4839    27.5688    27.5678    34.2980    27.5689    1446.54    1446.54    -0.6185  1027.9278    34.4639 0.0000e+00
      33975 311.660597  -62.21755  -58.33560     -0.674    1448.92     73.000     72.286    -0.6156    -0.6152     0.0005    -0.6178    -0.6174     0.0005   2.802270   2.802220  -0.000054    34.2979    34.2966     7.4880    27.5689    27.5678    34.2981    27.5690    1446.53    1446.53    -0.6177  1027.9231    34.4640 0.0000e+00
      34005 311.660611  -62.21756  -58.33560     -0.771    1448.92     72.000     71.297    -0.6147    -0.6138     0.0009    -0.6169    -0.6160     0.0009   2.802285   2.802271  -0.000013    34.2977    34.2965     7.4755    27.5686    27.5676    34.2979    27.5688    1446.52    1446.52    -0.6168  1027.9164    34.4617 0.0000e+00
      34031 311.660624 -9.990e-29  -58.33560     -0.878    1448.92     71.000     70.306    -0.6101    -0.6108    -0.0007    -0.6122    -0.6130    -0.0007   2.802693   2.802496  -0.000180    34.2979    34.2963     7.4875    27.5686    27.5673    34.2988    27.5693    1446.53    1446.52    -0.6122  1027.9105    34.4605 0.0000e+00
      34056 311.660636 -9.990e-29  -58.33559     -0.947    1448.92     70.000     69.316    -0.6050    -0.6064    -0.0013    -0.6071    -0.6085    -0.0013   2.803009   2.802805  -0.000203    34.2974    34.2962     7.4887    27.5680    27.5670    34.2979    27.5684    1446.53    1446.53    -0.6071  1027.9047    34.4597 0.0000e+00
      34085 311.660650 -9.990e-29  -58.33558     -0.894    1448.92     69.000     68.326    -0.6034    -0.6049    -0.0015    -0.6054    -0.6070    -0.0015   2.803103   2.802848  -0.000239    34.2975    34.2961     7.4868    27.5680    27.5669    34.2979    27.5683    1446.52    1446.52    -0.6054  1027.8999    34.4596 0.0000e+00
      34124 311.660669  -62.21758  -58.33558     -0.643    1448.92     68.000     67.336    -0.6044    -0.6073    -0.0029    -0.6065    -0.6094    -0.0029   2.802963   2.802625  -0.000334    34.2975    34.2964     7.5003    27.5680    27.5672    34.2978    27.5683    1446.50    1446.49    -0.6064  1027.8982    34.4634 0.0000e+00
      34167 311.660690  -62.21758  -58.33557     -0.540    1448.92     67.000     66.346    -0.6032    -0.6034    -0.0002    -0.6052    -0.6054    -0.0002   2.803005   2.802906  -0.000115    34.2974    34.2961     7.4983    27.5678    27.5668    34.2976    27.5681    1446.49    1446.49    -0.6052  1027.8934    34.4635 0.0000e+00
      34198 311.660705  -62.21758  -58.33556     -0.719    1448.92     66.000     65.356    -0.6035    -0.6023     0.0012    -0.6055    -0.6043     0.0012   2.802960   2.802928  -0.000043    34.2979    34.2960     7.5030    27.5683    27.5667    34.2980    27.5684    1446.47    1446.48    -0.6054  1027.8889    34.4638 0.0000e+00
      34226 311.660718  -62.21760  -58.33556     -0.836    1448.92     65.000     64.366    -0.6031    -0.6023     0.0008    -0.6051    -0.6043     0.0008   2.802953   2.802894  -0.000055    34.2979    34.2962     7.4942    27.5682    27.5669    34.2981    27.5685    1446.46    1446.46    -0.6050  1027.8842    34.4640 0.0000e+00
      34256 311.660732  -62.21760  -58.33556     -0.835    1448.92     64.000     63.376    -0.6028    -0.6020     0.0007    -0.6047    -0.6040     0.0007   2.802922   2.802880  -0.000042    34.2978    34.2964     7.5026    27.5682    27.5670    34.2980    27.5683    1446.44    1446.45    -0.6047  1027.8793    34.4638 0.0000e+00
      34287 311.660747  -62.21760  -58.33554     -0.786    1448.92     63.000     62.386    -0.6029    -0.6020     0.0009    -0.6047    -0.6039     0.0009   2.802872   2.802841  -0.000035    34.2979    34.2964     7.5021    27.5682    27.5670    34.2980    27.5683    1446.43    1446.43    -0.6047  1027.8745    34.4638 0.0000e+00
      34319 311.660763  -62.21760  -58.33554     -0.756    1448.92     62.000     61.396    -0.6028    -0.6019     0.0009    -0.6047    -0.6037     0.0009   2.802833   2.802803  -0.000032    34.2979    34.2964     7.5004    27.5682    27.5670    34.2980    27.5683    1446.41    1446.41    -0.6046  1027.8705    34.4647 0.0000e+00
      34352 311.660779  -62.21760 -9.990e-29     -0.722    1448.92     61.000     60.405    -0.6026    -0.6018     0.0008    -0.6044    -0.6036     0.0008   2.802792   2.802765  -0.000030    34.2978    34.2965     7.5045    27.5681    27.5671    34.2978    27.5682    1446.40    1446.40    -0.6044  1027.8656    34.4646 0.0000e+00
      34385 311.660795  -62.21762 -9.990e-29     -0.728    1448.92     60.000     59.416    -0.6032    -0.6025     0.0007    -0.6050    -0.6043     0.0007   2.802693   2.802667  -0.000026    34.2978    34.2967     7.5003    27.5681    27.5672    34.2977    27.5681    1446.38    1446.38    -0.6049  1027.8607    34.4645 0.0000e+00
      34414 311.660809  -62.21762  -58.33552     -0.786    1448.92     59.000     58.425    -0.6034    -0.6025     0.0009    -0.6051    -0.6043     0.0009   2.802637   2.802620  -0.000020    34.2979    34.2965     7.5094    27.5682    27.5671    34.2978    27.5682    1446.36    1446.36    -0.6051  1027.8554    34.4638 0.0000e+00
      34444 311.660823  -62.21762  -58.33552     -0.809    1448.92     58.000     57.435    -0.6034    -0.6026     0.0008    -0.6051    -0.6043     0.0008   2.802587   2.802567  -0.000018    34.2978    34.2966     7.5019    27.5682    27.5672    34.2978    27.5682    1446.35    1446.35    -0.6051  1027.8504    34.4635 0.0000e+00
      34475 311.660838  -62.21763  -58.33552     -0.791    1448.92     57.000     56.445    -0.6034    -0.6026     0.0008    -0.6051    -0.6043     0.0008   2.802565   2.802521  -0.000043    34.2981    34.2966     7.5076    27.5684    27.5672    34.2981    27.5684    1446.33    1446.33    -0.6050  1027.8459    34.4639 0.0000e+00
      34513 311.660857  -62.21764  -58.33551     -0.644    1448.92     56.000     55.455    -0.6034    -0.6027     0.0008    -0.6051    -0.6044     0.0008   2.802495   2.802470  -0.000026    34.2979    34.2966     7.5000    27.5683    27.5672    34.2979    27.5683    1446.31    1446.31    -0.6050  1027.8409    34.4636 0.0000e+00
      34551 311.660875  -62.21764  -58.33550     -0.629    1448.92     55.000     54.465    -0.6035    -0.6028     0.0007    -0.6052    -0.6044     0.0007   2.802457   2.802412  -0.000047    34.2981    34.2966     7.4967    27.5685    27.5672    34.2981    27.5684    1446.30    1446.30    -0.6051  1027.8363    34.4638 0.0000e+00
      34586 311.660892  -62.21765  -58.33549     -0.682    1448.92     54.000     53.475    -0.6036    -0.6029     0.0007    -0.6052    -0.6045     0.0007   2.802383   2.802359  -0.000023    34.2978    34.2967     7.5017    27.5682    27.5672    34.2978    27.5682    1446.28    1446.28    -0.6052  1027.8313    34.4635 0.0000e+00
      34617 311.660907  -62.21766  -58.33548     -0.743    1448.92     53.000     52.484    -0.6033    -0.6028     0.0006    -0.6049    -0.6044     0.0006   2.802371   2.802322  -0.000049    34.2979    34.2966     7.5011    27.5683    27.5672    34.2979    27.5683    1446.26    1446.26    -0.6049  1027.8266    34.4636 0.0000e+00
      34647 311.660921  -62.21766  -58.33548     -0.812    1448.92     52.000     51.494    -0.6031    -0.6022     0.0008    -0.6046    -0.6038     0.0008   2.802338   2.802310  -0.000032    34.2978    34.2965     7.5117    27.5682    27.5671    34.2978    27.5682    1446.25    1446.25    -0.6046  1027.8217    34.4635 0.0000e+00
      34682 311.660938  -62.21766  -58.33548     -0.712    1448.92     51.000     50.504    -0.6032    -0.6024     0.0008    -0.6047    -0.6039     0.0008   2.802284   2.802255  -0.000028    34.2979    34.2966     7.4964    27.5682    27.5672    34.2978    27.5682    1446.23    1446.23    -0.6047  1027.8169    34.4635 0.0000e+00
      34728 311.660960  -62.21767  -58.33547     -0.518    1448.92     50.000     49.516    -0.6034    -0.6026     0.0008    -0.6049    -0.6041     0.0008   2.802230   2.802198  -0.000029    34.2980    34.2966     7.5204    27.5683    27.5672    34.2980    27.5684    1446.22    1446.22    -0.6049  1027.8123    34.4637 0.0000e+00
      34766 311.660979  -62.21768  -58.33546     -0.596    1448.92     49.000     48.520    -0.6034    -0.6025     0.0009    -0.6048    -0.6039     0.0009   2.802174   2.802147  -0.000031    34.2979    34.2965     7.5064    27.5682    27.5671    34.2978    27.5682    1446.20    1446.20    -0.6048  1027.8073    34.4635 0.0000e+00
      34794 311.660992  -62.21768  -58.33545     -0.807    1448.92     48.000     47.533    -0.6035    -0.6028     0.0007    -0.6049    -0.6042     0.0007   2.802095   2.802079  -0.000018    34.2976    34.2965     7.5188    27.5680    27.5671    34.2975    27.5680    1446.18    1446.18    -0.6049  1027.8023    34.4632 0.0000e+00
      34819 311.661004  -62.21768  -58.33544     -0.926    1448.92     47.000     46.543    -0.6037    -0.6028     0.0008    -0.6051    -0.6042     0.0008   2.802075   2.802035  -0.000036    34.2981    34.2966     7.5057    27.5684    27.5672    34.2980    27.5684    1446.17    1446.17    -0.6051  1027.7980    34.4637 0.0000e+00
      34847 311.661018  -62.21769  -58.33544     -0.889    1448.92     46.000     45.553    -0.6042    -0.6034     0.0008    -0.6055    -0.6047     0.0008   2.801977   2.801957  -0.000021    34.2980    34.2968     7.4931    27.5684    27.5674    34.2979    27.5683    1446.15    1446.15    -0.6055  1027.7931    34.4636 0.0000e+00
      34879 311.661033  -62.21770  -58.33544     -0.787    1448.92     45.000     44.563    -0.6041    -0.6035     0.0007    -0.6054    -0.6048     0.0007   2.801942   2.801906  -0.000037    34.2980    34.2967     7.5280    27.5684    27.5673    34.2979    27.5683    1446.13    1446.13    -0.6054  1027.7883    34.4636 0.0000e+00
