Pos-Processados/process_op42/operantar42_047.cnv
* Sea-Bird SBE 9 Data File:
* FileName = C:\Users\Hidrografia\Desktop\OPXLII\Brutos\OP42047.hdr
* Software Version Seasave V 7.26.7.107
* Temperature SN = 6502
* Conductivity SN = 4998
* Number of Bytes Per Scan = 37
* Number of Voltage Words = 4
* Number of Scans Averaged by the Deck Unit = 1
* NMEA Latitude = 62 08.18 S
* NMEA Longitude = 058 26.60 W
* NMEA UTC (Time) = Nov 09 2023 22:04:48
* NMEA baud rate = 4800
** H41
** NPOALTEMAXIMIANO
** NUMERO DA ESTACAO (XXX) 047
** LAT (XX XX.XX S/N) 62 08. S
** LONG (XXX XX.XX W/E) 058 26. W
** DATAHORA (dd/mm/aaaa hh:mm Z) 09/11/2023 2205Z
** PROFUNDIDADE (m) 424
** OPERADOR 1T ZAMITH
# nquan = 30
# nvalues = 758                         
# units = specified
# name 0 = scan: Scan Count
# name 1 = timeJ: Julian Days
# name 2 = latitude: Latitude [deg]
# name 3 = longitude: Longitude [deg]
# name 4 = dz/dtM: Descent Rate [m/s]
# name 5 = avgsvCM: Average Sound Velocity [Chen-Millero, m/s]
# name 6 = prDM: Pressure, Digiquartz [db]
# name 7 = depSM: Depth [salt water, m]
# name 8 = t090C: Temperature [ITS-90, deg C]
# name 9 = t190C: Temperature, 2 [ITS-90, deg C]
# name 10 = T2-T190C: Temperature Difference, 2 - 1 [ITS-90, deg C]
# name 11 = potemp090C: Potential Temperature [ITS-90, deg C]
# name 12 = potemp190C: Potential Temperature, 2 [ITS-90, deg C]
# name 13 = potemp90Cdiff: Potential Temperature, Diff, 2 - 1 [ITS-90, deg C]
# name 14 = c0S/m: Conductivity [S/m]
# name 15 = c1S/m: Conductivity, 2 [S/m]
# name 16 = C2-C1S/m: Conductivity Difference, 2 - 1 [S/m]
# name 17 = sal00: Salinity, Practical [PSU]
# name 18 = sal11: Salinity, Practical, 2 [PSU]
# name 19 = sbeox0ML/L: Oxygen, SBE 43 [ml/l]
# name 20 = sigma-é00: Density [sigma-theta, kg/m^3]
# name 21 = sigma-é11: Density, 2 [sigma-theta, kg/m^3]
# name 22 = sal00: Salinity, Practical [PSU]
# name 23 = sigma-é00: Density [sigma-theta, kg/m^3]
# name 24 = svCM: Sound Velocity [Chen-Millero, m/s]
# name 25 = svCM1: Sound Velocity, 2 [Chen-Millero, m/s]
# name 26 = gsw_ptA0: potential temperature [ITS-90, deg C]
# name 27 = gsw_densityA0: density, TEOS-10 [density, kg/m^3]
# name 28 = gsw_saA0: Absolute Salinity [g/kg]
# name 29 = flag:
# span 0 =       3680,      24003       
# span 1 = 313.921774, 313.931575       
# span 2 =  -62.14044,  -62.13700       
# span 3 =  -58.44264,  -58.43722       
# span 4 =     -1.256,      1.101       
# span 5 =      -0.00,    1448.34       
# span 6 =      3.000,    382.000       
# span 7 =      3.000,    377.967       
# span 8 =    -0.7990,    -0.4888       
# span 9 =    -0.7986,    -0.4882       
# span 10 =    -0.0133,     0.0152      
# span 11 =    -0.8055,    -0.5018      
# span 12 =    -0.8051,    -0.5012      
# span 13 =    -0.0132,     0.0152      
# span 14 =   2.793571,   2.834954      
# span 15 =   2.793967,   2.834921      
# span 16 =  -0.001084,   0.001372      
# span 17 =    34.2747,    34.4052      
# span 18 =    34.2721,    34.4041      
# span 19 =     6.6502,     7.8420      
# span 20 =    27.5464,    27.6505      
# span 21 =    27.5438,    27.6496      
# span 22 =    34.2749,    34.4052      
# span 23 =    27.5466,    27.6505      
# span 24 =    1445.68,    1452.30      
# span 25 =    1445.68,    1452.30      
# span 26 =    -0.8053,    -0.5016      
# span 27 =  1027.5681,  1029.4716      
# span 28 =    34.4368,    34.5740      
# span 29 = 0.0000e+00, 0.0000e+00      
# interval = decibars: 1                
# start_time = Nov 09 2023 22:04:48 [NMEA time, header]
# bad_flag = -9.990e-29
*END*
[from data line 194]
       8690 313.924190  -62.13784  -58.44138      0.906    1447.05    198.000    196.006    -0.7671    -0.7662     0.0009    -0.7729    -0.7721     0.0009   2.795656   2.795674   0.000021    34.3031    34.3024     7.4869    27.5796    27.5790    34.3032    27.5797    1447.86    1447.86    -0.7728  1028.5324    34.4704 0.0000e+00
       8715 313.924202  -62.13784  -58.44138      0.960    1447.05    199.000    196.996    -0.7669    -0.7661     0.0007    -0.7728    -0.7720     0.0007   2.795760   2.795752  -0.000007    34.3037    34.3028     7.4892    27.5801    27.5793    34.3038    27.5801    1447.88    1447.88    -0.7727  1028.5376    34.4709 0.0000e+00
       8740 313.924214  -62.13784  -58.44138      0.961    1447.05    200.000    197.985    -0.7677    -0.7669     0.0009    -0.7736    -0.7728     0.0009   2.795751   2.795741  -0.000009    34.3040    34.3029     7.4936    27.5803    27.5795    34.3040    27.5804    1447.89    1447.89    -0.7735  1028.5426    34.4712 0.0000e+00
       8766 313.924227  -62.13784  -58.44136      0.928    1447.05    201.000    198.975    -0.7685    -0.7680     0.0005    -0.7745    -0.7740     0.0005   2.795727   2.795701  -0.000026    34.3042    34.3033     7.4912    27.5805    27.5798    34.3040    27.5804    1447.90    1447.91    -0.7743  1028.5474    34.4712 0.0000e+00
       8793 313.924240  -62.13784  -58.44136      0.896    1447.05    202.000    199.964    -0.7703    -0.7695     0.0008    -0.7763    -0.7755     0.0008   2.795660   2.795650  -0.000011    34.3046    34.3035     7.4802    27.5809    27.5800    34.3045    27.5808    1447.91    1447.92    -0.7762  1028.5526    34.4716 0.0000e+00
       8819 313.924253  -62.13786  -58.44136      0.902    1447.05    203.000    200.953    -0.7706    -0.7700     0.0006    -0.7767    -0.7761     0.0006   2.795670   2.795655  -0.000017    34.3044    34.3036     7.4694    27.5808    27.5801    34.3044    27.5808    1447.93    1447.93    -0.7765  1028.5573    34.4715 0.0000e+00
       8845 313.924265  -62.13786  -58.44134      0.932    1447.05    204.000    201.943    -0.7708    -0.7700     0.0008    -0.7769    -0.7760     0.0008   2.795723   2.795713  -0.000009    34.3047    34.3036     7.4740    27.5810    27.5801    34.3047    27.5811    1447.94    1447.95    -0.7767  1028.5624    34.4719 0.0000e+00
       8870 313.924277  -62.13786  -58.44134      0.945    1447.05    205.000    202.933    -0.7701    -0.7695     0.0006    -0.7763    -0.7756     0.0006   2.795842   2.795813  -0.000031    34.3049    34.3038     7.4760    27.5812    27.5802    34.3049    27.5812    1447.96    1447.96    -0.7761  1028.5673    34.4721 0.0000e+00
       8897 313.924290  -62.13786  -58.44134      0.913    1447.05    206.000    203.922    -0.7708    -0.7699     0.0009    -0.7769    -0.7761     0.0009   2.795885   2.795878  -0.000002    34.3056    34.3046     7.4748    27.5818    27.5810    34.3057    27.5818    1447.98    1447.98    -0.7768  1028.5727    34.4728 0.0000e+00
       8924 313.924303  -62.13787  -58.44134      0.893    1447.05    207.000    204.911    -0.7699    -0.7693     0.0006    -0.7761    -0.7754     0.0006   2.796062   2.796051  -0.000013    34.3062    34.3054     7.4721    27.5823    27.5815    34.3064    27.5824    1448.00    1448.00    -0.7759  1028.5790    34.4748 0.0000e+00
       8950 313.924316  -62.13788  -58.44132      0.909    1447.05    208.000    205.901    -0.7678    -0.7669     0.0009    -0.7740    -0.7731     0.0009   2.796340   2.796347   0.000003    34.3067    34.3057     7.4771    27.5826    27.5817    34.3072    27.5829    1448.03    1448.03    -0.7739  1028.5837    34.4749 0.0000e+00
       8976 313.924328  -62.13788  -58.44132      0.925    1447.05    209.000    206.890    -0.7633    -0.7631     0.0002    -0.7696    -0.7693     0.0002   2.796799   2.796751  -0.000035    34.3070    34.3063     7.4678    27.5826    27.5820    34.3077    27.5831    1448.06    1448.06    -0.7694  1028.5883    34.4749 0.0000e+00
       9002 313.924341  -62.13788  -58.44130      0.918    1447.05    210.000    207.880    -0.7577    -0.7576     0.0001    -0.7640    -0.7639     0.0001   2.797407   2.797358  -0.000053    34.3081    34.3073     7.4638    27.5833    27.5826    34.3089    27.5839    1448.11    1448.11    -0.7638  1028.5938    34.4761 0.0000e+00
       9029 313.924354  -62.13788  -58.44130      0.904    1447.05    211.000    208.869    -0.7558    -0.7550     0.0008    -0.7621    -0.7613     0.0008   2.797662   2.797639  -0.000024    34.3091    34.3079     7.4551    27.5840    27.5830    34.3095    27.5844    1448.13    1448.14    -0.7620  1028.5990    34.4768 0.0000e+00
       9056 313.924367  -62.13790  -58.44130      0.896    1447.05    212.000    209.858    -0.7549    -0.7543     0.0007    -0.7613    -0.7606     0.0007   2.797782   2.797758  -0.000027    34.3092    34.3081     7.4503    27.5840    27.5831    34.3096    27.5844    1448.15    1448.16    -0.7611  1028.6038    34.4768 0.0000e+00
       9082 313.924379  -62.13790  -58.44130      0.906    1447.05    213.000    210.847    -0.7540    -0.7533     0.0007    -0.7604    -0.7597     0.0007   2.797953   2.797912  -0.000030    34.3097    34.3085     7.4393    27.5844    27.5834    34.3103    27.5849    1448.18    1448.18    -0.7602  1028.6090    34.4775 0.0000e+00
       9107 313.924391  -62.13790  -58.44128      0.936    1447.05    214.000    211.837    -0.7579    -0.7548     0.0031    -0.7643    -0.7612     0.0031   2.797774   2.797929   0.000128    34.3124    34.3106     7.4330    27.5868    27.5852    34.3116    27.5861    1448.18    1448.19    -0.7642  1028.6151    34.4789 0.0000e+00
       9133 313.924404  -62.13790  -58.44128      0.951    1447.05    215.000    212.826    -0.7723    -0.7702     0.0021    -0.7787    -0.7766     0.0021   2.796697   2.796729   0.000043    34.3137    34.3119     7.4303    27.5884    27.5868    34.3127    27.5876    1448.13    1448.13    -0.7786  1028.6215    34.4800 0.0000e+00
       9159 313.924417  -62.13790  -58.44127      0.920    1447.05    216.000    213.816    -0.7828    -0.7805     0.0023    -0.7893    -0.7869     0.0023   2.795885   2.795909   0.000017    34.3145    34.3121     7.4241    27.5895    27.5874    34.3131    27.5884    1448.10    1448.10    -0.7891  1028.6271    34.4804 0.0000e+00
       9186 313.924430  -62.13791  -58.44126      0.889    1447.05    217.000    214.805    -0.7909    -0.7885     0.0024    -0.7973    -0.7949     0.0024   2.795230   2.795266   0.000029    34.3140    34.3117     7.4198    27.5894    27.5874    34.3128    27.5884    1448.07    1448.08    -0.7972  1028.6320    34.4801 0.0000e+00
       9212 313.924442  -62.13792  -58.44126      0.909    1447.05    218.000    215.795    -0.7943    -0.7939     0.0004    -0.8008    -0.8004     0.0004   2.794905   2.794862  -0.000037    34.3130    34.3121     7.4179    27.5888    27.5880    34.3117    27.5877    1448.07    1448.07    -0.8006  1028.6360    34.4790 0.0000e+00
       9237 313.924454  -62.13792  -58.44125      0.954    1447.05    219.000    216.784    -0.7990    -0.7986     0.0004    -0.8055    -0.8051     0.0004   2.794599   2.794591  -0.000017    34.3127    34.3121     7.4223    27.5887    27.5882    34.3122    27.5883    1448.07    1448.07    -0.8053  1028.6419    34.4801 0.0000e+00
       9262 313.924466  -62.13792 -9.990e-29      0.966    1447.05    220.000    217.773    -0.7940    -0.7935     0.0005    -0.8006    -0.8000     0.0005   2.795073   2.795064  -0.000001    34.3127    34.3121     7.4281    27.5885    27.5880    34.3124    27.5883    1448.11    1448.11    -0.8004  1028.6480    34.4820 0.0000e+00
       9288 313.924479  -62.13793 -9.990e-29      0.928    1447.05    221.000    218.763    -0.7937    -0.7925     0.0012    -0.8003    -0.7991     0.0012   2.795161   2.795192   0.000034    34.3131    34.3122     7.4307    27.5888    27.5880    34.3126    27.5884    1448.13    1448.13    -0.8001  1028.6530    34.4823 0.0000e+00
       9316 313.924492  -62.13794 -9.990e-29      0.873    1447.05    222.000    219.752    -0.7948    -0.7947     0.0000    -0.8014    -0.8013     0.0000   2.795126   2.795057  -0.000054    34.3130    34.3122     7.4272    27.5888    27.5881    34.3127    27.5886    1448.13    1448.13    -0.8012  1028.6579    34.4824 0.0000e+00
       9344 313.924506  -62.13794  -58.44122      0.862    1447.05    223.000    220.742    -0.7915    -0.7910     0.0005    -0.7981    -0.7976     0.0005   2.795445   2.795462  -0.000005    34.3124    34.3117     7.4275    27.5881    27.5876    34.3127    27.5884    1448.17    1448.17    -0.7980  1028.6614    34.4811 0.0000e+00
       9370 313.924518  -62.13794  -58.44122      0.893    1447.05    224.000    221.731    -0.7830    -0.7813     0.0017    -0.7897    -0.7880     0.0017   2.796202   2.796304   0.000108    34.3124    34.3119     7.4214    27.5878    27.5874    34.3127    27.5881    1448.22    1448.23    -0.7895  1028.6649    34.4800 0.0000e+00
       9395 313.924530  -62.13794  -58.44122      0.936    1447.05    225.000    222.720    -0.7801    -0.7780     0.0021    -0.7868    -0.7847     0.0021   2.796577   2.796699   0.000114    34.3132    34.3124     7.4194    27.5884    27.5876    34.3139    27.5889    1448.25    1448.26    -0.7867  1028.6705    34.4812 0.0000e+00
       9420 313.924542  -62.13794  -58.44120      0.974    1447.05    226.000    223.709    -0.7745    -0.7743     0.0002    -0.7813    -0.7811     0.0002   2.797073   2.797074 9.9002e-07    34.3128    34.3126     7.4084    27.5878    27.5876    34.3136    27.5884    1448.30    1448.30    -0.7811  1028.6748    34.4809 0.0000e+00
       9444 313.924554  -62.13796  -58.44120      0.985    1447.05    227.000    224.699    -0.7689    -0.7694    -0.0005    -0.7758    -0.7762    -0.0005   2.797659   2.797575  -0.000060    34.3132    34.3130     7.4111    27.5879    27.5877    34.3146    27.5890    1448.34    1448.34    -0.7756  1028.6801    34.4819 0.0000e+00
       9470 313.924567  -62.13796  -58.44119      0.941    1447.05    228.000    225.688    -0.7593    -0.7593    -0.0000    -0.7662    -0.7662    -0.0000   2.798638   2.798592  -0.000053    34.3150    34.3143     7.4030    27.5889    27.5884    34.3163    27.5900    1448.40    1448.40    -0.7660  1028.6857    34.4836 0.0000e+00
       9497 313.924580  -62.13796  -58.44118      0.901    1447.05    229.000    226.677    -0.7560    -0.7554     0.0007    -0.7630    -0.7623     0.0007   2.799108   2.799090  -0.000019    34.3175    34.3164     7.4030    27.5908    27.5899    34.3183    27.5915    1448.44    1448.44    -0.7628  1028.6920    34.4857 0.0000e+00
       9525 313.924593  -62.13797  -58.44118      0.867    1447.05    230.000    227.667    -0.7548    -0.7544     0.0004    -0.7617    -0.7613     0.0004   2.799375   2.799314  -0.000058    34.3190    34.3177     7.3980    27.5920    27.5910    34.3199    27.5927    1448.46    1448.46    -0.7616  1028.6980    34.4873 0.0000e+00
       9553 313.924606  -62.13798  -58.44117      0.861    1447.05    231.000    228.656    -0.7555    -0.7548     0.0007    -0.7625    -0.7617     0.0007   2.799434   2.799412  -0.000028    34.3204    34.3192     7.3837    27.5932    27.5922    34.3209    27.5936    1448.48    1448.48    -0.7623  1028.7036    34.4883 0.0000e+00
       9579 313.924619  -62.13798  -58.44116      0.908    1447.05    232.000    229.645    -0.7574    -0.7566     0.0008    -0.7644    -0.7636     0.0008   2.799332   2.799317  -0.000010    34.3207    34.3196     7.3686    27.5935    27.5926    34.3211    27.5938    1448.48    1448.49    -0.7642  1028.7086    34.4885 0.0000e+00
       9604 313.924631  -62.13798  -58.44116      0.943    1447.05    233.000    230.635    -0.7586    -0.7577     0.0010    -0.7656    -0.7647     0.0009   2.799281   2.799285  -0.000001    34.3209    34.3198     7.3652    27.5937    27.5928    34.3211    27.5939    1448.49    1448.50    -0.7655  1028.7135    34.4885 0.0000e+00
       9629 313.924643  -62.13798  -58.44114      0.948    1447.05    234.000    231.624    -0.7599    -0.7590     0.0008    -0.7669    -0.7661     0.0008   2.799265   2.799247  -0.000017    34.3215    34.3203     7.3547    27.5942    27.5932    34.3217    27.5944    1448.51    1448.51    -0.7668  1028.7188    34.4891 0.0000e+00
       9654 313.924655  -62.13798  -58.44114      0.954    1447.05    235.000    232.613    -0.7608    -0.7596     0.0012    -0.7679    -0.7667     0.0012   2.799234   2.799246   0.000009    34.3217    34.3205     7.3583    27.5945    27.5934    34.3218    27.5945    1448.52    1448.52    -0.7677  1028.7237    34.4892 0.0000e+00
       9680 313.924668  -62.13800  -58.44114      0.938    1447.05    236.000    233.602    -0.7609    -0.7604     0.0005    -0.7680    -0.7675     0.0005   2.799264   2.799227  -0.000037    34.3215    34.3204     7.3535    27.5943    27.5934    34.3216    27.5944    1448.53    1448.53    -0.7678  1028.7283    34.4891 0.0000e+00
       9707 313.924681  -62.13800  -58.44112      0.909    1447.05    237.000    234.592    -0.7602    -0.7596     0.0006    -0.7673    -0.7668     0.0006   2.799388   2.799360  -0.000025    34.3216    34.3206     7.3496    27.5943    27.5935    34.3219    27.5946    1448.55    1448.56    -0.7672  1028.7333    34.4893 0.0000e+00
       9733 313.924693  -62.13800  -58.44112      0.920    1447.05    238.000    235.581    -0.7590    -0.7584     0.0006    -0.7662    -0.7656     0.0006   2.799560   2.799532  -0.000029    34.3220    34.3209     7.3475    27.5946    27.5937    34.3223    27.5948    1448.58    1448.58    -0.7660  1028.7383    34.4897 0.0000e+00
       9757 313.924705  -62.13800  -58.44112      0.948    1447.05    239.000    236.570    -0.7572    -0.7576    -0.0004    -0.7644    -0.7648    -0.0004   2.799806   2.799683  -0.000120    34.3222    34.3210     7.3465    27.5947    27.5938    34.3229    27.5953    1448.60    1448.60    -0.7643  1028.7435    34.4904 0.0000e+00
       9782 313.924717  -62.13801  -58.44111      0.985    1447.05    240.000    237.559    -0.7505    -0.7498     0.0007    -0.7578    -0.7571     0.0007   2.800490   2.800522   0.000016    34.3227    34.3221     7.3374    27.5948    27.5943    34.3240    27.5959    1448.65    1448.65    -0.7576  1028.7488    34.4914 0.0000e+00
       9805 313.924728  -62.13802  -58.44110      1.000    1447.05    241.000    238.549    -0.7404    -0.7393     0.0011    -0.7477    -0.7466     0.0011   2.801490   2.801536   0.000056    34.3243    34.3238     7.3398    27.5957    27.5952    34.3254    27.5966    1448.72    1448.72    -0.7476  1028.7542    34.4929 0.0000e+00
       9830 313.924740  -62.13802  -58.44110      0.999    1447.05    242.000    239.538    -0.7396    -0.7387     0.0009    -0.7470    -0.7461     0.0009   2.801677   2.801658  -0.000012    34.3257    34.3245     7.3370    27.5968    27.5958    34.3264    27.5974    1448.74    1448.74    -0.7468  1028.7597    34.4939 0.0000e+00
       9855 313.924752  -62.13802  -58.44109      0.971    1447.05    243.000    240.527    -0.7391    -0.7385     0.0006    -0.7465    -0.7459     0.0006   2.801768   2.801735  -0.000033    34.3258    34.3246     7.3248    27.5969    27.5959    34.3265    27.5974    1448.76    1448.76    -0.7463  1028.7665    34.4964 0.0000e+00
       9881 313.924764  -62.13802 -9.990e-29      0.941    1447.05    244.000    241.516    -0.7352    -0.7343     0.0008    -0.7426    -0.7418     0.0008   2.802198   2.802194  -0.000010    34.3260    34.3249     7.3172    27.5969    27.5960    34.3272    27.5979    1448.79    1448.79    -0.7424  1028.7717    34.4971 0.0000e+00
