Pos-Processados/process_op42/operantar42_014.cnv
* Sea-Bird SBE 9 Data File:
* FileName = C:\Users\Hidrografia\Desktop\OPXLII\Brutos\OP42014.hdr
* Software Version Seasave V 7.26.7.107
* Temperature SN = 6502
* Conductivity SN = 4998
* Number of Bytes Per Scan = 31
* Number of Voltage Words = 2
* Number of Scans Averaged by the Deck Unit = 1
* NMEA Latitude = 47 05.79 S
* NMEA Longitude = 056 32.90 W
* NMEA UTC (Time) = Oct 20 2023 10:58:48
* NMEA baud rate = 4800
** H41
** NPOALTEMAXIMIANO
** NUMERO DA ESTACAO (XXX) 014
** LAT (XX XX.XX S/N) 47 05.592 S
** LONG (XXX XX.XX W/E) 056 32.757 W
** DATAHORA (dd/mm/aaaa hh:mm Z) 20/10/2023 1058Z
** PROFUNDIDADE (m) 4459
** OPERADOR CT FABIREZA
# nquan = 30
# nvalues = 2011                        
# units = specified
# name 0 = scan: Scan Count
# name 1 = timeJ: Julian Days
# name 2 = latitude: Latitude [deg]
# name 3 = longitude: Longitude [deg]
# name 4 = dz/dtM: Descent Rate [m/s]
# name 5 = avgsvCM: Average Sound Velocity [Chen-Millero, m/s]
# name 6 = prDM: Pressure, Digiquartz [db]
# name 7 = depSM: Depth [salt water, m]
# name 8 = t090C: Temperature [ITS-90, deg C]
# name 9 = t190C: Temperature, 2 [ITS-90, deg C]
# name 10 = T2-T190C: Temperature Difference, 2 - 1 [ITS-90, deg C]
# name 11 = potemp090C: Potential Temperature [ITS-90, deg C]
# name 12 = potemp190C: Potential Temperature, 2 [ITS-90, deg C]
# name 13 = potemp90Cdiff: Potential Temperature, Diff, 2 - 1 [ITS-90, deg C]
# name 14 = c0S/m: Conductivity [S/m]
# name 15 = c1S/m: Conductivity, 2 [S/m]
# name 16 = C2-C1S/m: Conductivity Difference, 2 - 1 [S/m]
# name 17 = sal00: Salinity, Practical [PSU]
# name 18 = sal11: Salinity, Practical, 2 [PSU]
# name 19 = sbeox0ML/L: Oxygen, SBE 43 [ml/l]
# name 20 = sigma-é00: Density [sigma-theta, kg/m^3]
# name 21 = sigma-é11: Density, 2 [sigma-theta, kg/m^3]
# name 22 = sal00: Salinity, Practical [PSU]
# name 23 = sigma-é00: Density [sigma-theta, kg/m^3]
# name 24 = svCM: Sound Velocity [Chen-Millero, m/s]
# name 25 = svCM1: Sound Velocity, 2 [Chen-Millero, m/s]
# name 26 = gsw_ptA0: potential temperature [ITS-90, deg C]
# name 27 = gsw_densityA0: density, TEOS-10 [density, kg/m^3]
# name 28 = gsw_saA0: Absolute Salinity [g/kg]
# name 29 = flag:
# span 0 =       2200,      68986       
# span 1 = 293.458561, 293.490768       
# span 2 =  -47.10808,  -47.09688       
# span 3 =  -56.55282,  -56.54855       
# span 4 =     -1.656,      1.590       
# span 5 =      -0.01,    1473.95       
# span 6 =      5.000,   1013.000       
# span 7 =      4.897,   1002.092       
# span 8 =     2.4413,     6.0358       
# span 9 =     2.4421,     6.0372       
# span 10 =    -0.0258,     0.0588      
# span 11 =     2.3768,     6.0355      
# span 12 =     2.3776,     6.0369      
# span 13 =    -0.0257,     0.0587      
# span 14 =   3.070972,   3.354372      
# span 15 =   3.070964,   3.354466      
# span 16 =  -0.004435,   0.004301      
# span 17 =    33.9914,    34.5843      
# span 18 =    33.9955,    34.5837      
# span 19 =     3.7938,     7.6517      
# span 20 =    26.7834,    27.6078      
# span 21 =    26.7827,    27.6074      
# span 22 =    34.0011,    34.5841      
# span 23 =    26.7840,    27.6076      
# span 24 =    1462.90,    1476.12      
# span 25 =    1462.90,    1476.13      
# span 26 =     2.3767,     6.0353      
# span 27 =  1026.8085,  1032.3153      
# span 28 =    34.1615,    34.7518      
# span 29 = 0.0000e+00, 0.0000e+00      
# interval = decibars: 1                
# start_time = Oct 20 2023 10:58:48 [NMEA time, header]
# bad_flag = -9.990e-29
*END*
[from data line 1934]
      58423 293.485674  -47.10648  -56.55232     -0.594    1468.95     87.000     86.259     3.2402     3.2430     0.0029     3.2348     3.2377     0.0029   3.110632   3.110777   0.000136    34.0183    34.0170     7.1657    27.0799    27.0786    34.0193    27.0808    1463.58    1463.59     3.2348  1027.4883    34.1803 0.0000e+00
      58451 293.485688  -47.10648  -56.55232     -0.745    1468.95     86.000     85.268     3.2426     3.2451     0.0026     3.2372     3.2398     0.0026   3.110816   3.110905   0.000112    34.0187    34.0174     7.1633    27.0800    27.0787    34.0196    27.0808    1463.57    1463.58     3.2373  1027.4836    34.1805 0.0000e+00
      58472 293.485698  -47.10648  -56.55232     -0.989    1468.95     85.000     84.276     3.2481     3.2492     0.0011     3.2429     3.2440     0.0011   3.111234   3.111239  -0.000036    34.0185    34.0169     7.1663    27.0793    27.0780    34.0194    27.0800    1463.58    1463.59     3.2429  1027.4782    34.1803 0.0000e+00
      58492 293.485707  -47.10648  -56.55232     -1.158    1468.95     84.000     83.285     3.2520     3.2542     0.0022     3.2468     3.2490     0.0022   3.111535   3.111589   0.000072    34.0183    34.0169     7.1747    27.0788    27.0775    34.0195    27.0797    1463.58    1463.59     3.2468  1027.4732    34.1804 0.0000e+00
      58514 293.485718  -47.10648  -56.55232     -1.145    1468.95     83.000     82.294     3.2549     3.2569     0.0019     3.2498     3.2517     0.0019   3.111720   3.111760   0.000056    34.0182    34.0169     7.1828    27.0785    27.0772    34.0192    27.0793    1463.58    1463.58     3.2498  1027.4681    34.1801 0.0000e+00
      58545 293.485733  -47.10648  -56.55232     -0.888    1468.95     82.000     81.302     3.2640     3.2625    -0.0014     3.2589     3.2575    -0.0014   3.112436   3.112246  -0.000195    34.0174    34.0165     7.1825    27.0770    27.0764    34.0189    27.0782    1463.60    1463.59     3.2589  1027.4623    34.1798 0.0000e+00
      58581 293.485751  -47.10649  -56.55232     -0.656    1468.95     81.000     80.311     3.2767     3.2789     0.0022     3.2717     3.2739     0.0022   3.113430   3.113504   0.000077    34.0166    34.0153     7.1880    27.0752    27.0739    34.0181    27.0763    1463.64    1463.64     3.2717  1027.4557    34.1790 0.0000e+00
      58613 293.485766  -47.10650  -56.55234     -0.722    1468.95     80.000     79.320     3.2805     3.2813     0.0008     3.2756     3.2764     0.0008   3.113664   3.113681   0.000005    34.0164    34.0157     7.1953    27.0746    27.0740    34.0174    27.0754    1463.63    1463.64     3.2756  1027.4502    34.1783 0.0000e+00
      58640 293.485779  -47.10650  -56.55234     -0.852    1468.95     79.000     78.329     3.2842     3.2848     0.0006     3.2793     3.2799     0.0006   3.114004   3.113924  -0.000052    34.0167    34.0154     7.1905    27.0745    27.0735    34.0183    27.0758    1463.63    1463.64     3.2793  1027.4458    34.1792 0.0000e+00
      58664 293.485791  -47.10652  -56.55234     -0.942    1468.95     78.000     77.337     3.2941     3.2940    -0.0000     3.2892     3.2892    -0.0000   3.114753   3.114714  -0.000053    34.0156    34.0150     7.1890    27.0728    27.0723    34.0175    27.0742    1463.66    1463.66     3.2892  1027.4396    34.1784 0.0000e+00
      58687 293.485802  -47.10652  -56.55234     -0.997    1468.95     77.000     76.346     3.3010     3.3040     0.0030     3.2962     3.2992     0.0030   3.115357   3.115502   0.000119    34.0162    34.0145     7.1982    27.0725    27.0709    34.0180    27.0740    1463.67    1463.68     3.2962  1027.4347    34.1789 0.0000e+00
      58706 293.485811  -47.10652  -56.55234     -1.117    1468.95     76.000     75.355     3.3140     3.3149     0.0008     3.3093     3.3102     0.0008   3.116448   3.116370  -0.000060    34.0154    34.0138     7.1920    27.0707    27.0693    34.0181    27.0728    1463.71    1463.71     3.3093  1027.4288    34.1790 0.0000e+00
      58724 293.485819  -47.10652  -56.55234     -1.270    1468.95     75.000     74.363     3.3262     3.3329     0.0067     3.3215     3.3282     0.0067   3.117528   3.117857   0.000313    34.0153    34.0120     7.1924    27.0694    27.0662    34.0189    27.0723    1463.75    1463.77     3.3215  1027.4236    34.1798 0.0000e+00
      58741 293.485828  -47.10652  -56.55234     -1.365    1468.95     74.000     73.372     3.3424     3.3478     0.0053     3.3378     3.3431     0.0053   3.118691   3.119019   0.000295    34.0139    34.0119     7.1986    27.0668    27.0647    34.0165    27.0688    1463.80    1463.82     3.3378  1027.4154    34.1773 0.0000e+00
      58762 293.485838  -47.10652  -56.55234     -1.314    1468.95     73.000     72.381     3.3483     3.3528     0.0045     3.3437     3.3482     0.0045   3.119208   3.119426   0.000219    34.0144    34.0124     7.2071    27.0666    27.0646    34.0171    27.0688    1463.81    1463.82     3.3437  1027.4107    34.1780 0.0000e+00
      58805 293.485858  -47.10654  -56.55234     -0.639    1468.95     72.000     71.389     3.3766     3.3755    -0.0012     3.3721     3.3710    -0.0012   3.121603   3.121374  -0.000224    34.0135    34.0121     7.2299    27.0633    27.0622    34.0168    27.0659    1463.91    1463.90     3.3721  1027.4030    34.1776 0.0000e+00
      58847 293.485879  -47.10654  -56.55234     -0.476    1468.95     71.000     70.398     3.3791     3.3840     0.0048     3.3747     3.3795     0.0048   3.121650   3.121954   0.000335    34.0137    34.0127     7.2447    27.0632    27.0619    34.0153    27.0644    1463.90    1463.92     3.3747  1027.3969    34.1761 0.0000e+00
      58864 293.485887  -47.10654  -56.55234     -0.950    1468.95     70.000     69.406     3.3851     3.3858     0.0006     3.3807     3.3814     0.0006   3.122269   3.122190  -0.000137    34.0143    34.0119     7.2448    27.0630    27.0611    34.0170    27.0652    1463.91    1463.91     3.3807  1027.3930    34.1779 0.0000e+00
      58878 293.485894  -47.10654  -56.55234     -1.318    1468.95     69.000     68.415     3.3921     3.3954     0.0032     3.3878     3.3911     0.0032   3.122844   3.122932   0.000106    34.0143    34.0121     7.2446    27.0624    27.0603    34.0171    27.0646    1463.93    1463.94     3.3878  1027.3878    34.1780 0.0000e+00
      58892 293.485900  -47.10654  -56.55234     -1.574    1468.95     68.000     67.424     3.3934     3.3990     0.0056     3.3891     3.3947     0.0056   3.122816   3.123179   0.000348    34.0140    34.0123     7.2448    27.0620    27.0602    34.0160    27.0636    1463.92    1463.94     3.3891  1027.3821    34.1769 0.0000e+00
      58909 293.485909  -47.10654  -56.55234     -1.640    1468.95     67.000     66.433     3.3974     3.3994     0.0020     3.3932     3.3952     0.0020   3.123127   3.123170   0.000052    34.0142    34.0127     7.2520    27.0618    27.0604    34.0161    27.0633    1463.92    1463.92     3.3932  1027.3771    34.1770 0.0000e+00
      58943 293.485925  -47.10655  -56.55235     -0.945    1468.95     66.000     65.441     3.4015     3.4021     0.0006     3.3973     3.3979     0.0006   3.123309   3.123285  -0.000016    34.0128    34.0120     7.2611    27.0603    27.0596    34.0146    27.0617    1463.92    1463.92     3.3973  1027.3708    34.1754 0.0000e+00
      58986 293.485946  -47.10656  -56.55236     -0.469    1468.95     65.000     64.448     3.4064     3.4090     0.0025     3.4024     3.4049     0.0025   3.123658   3.123746   0.000084    34.0127    34.0110     7.2592    27.0597    27.0582    34.0141    27.0608    1463.92    1463.93     3.4023  1027.3650    34.1746 0.0000e+00
      59008 293.485956 -9.990e-29  -56.55236     -0.873    1468.95     64.000     63.458     3.4135     3.4120    -0.0015     3.4095     3.4080    -0.0015   3.124282   3.123986  -0.000274    34.0125    34.0108     7.2666    27.0589    27.0577    34.0148    27.0607    1463.93    1463.92     3.4095  1027.3601    34.1752 0.0000e+00
      59027 293.485965 -9.990e-29  -56.55236     -1.138    1468.95     63.000     62.467     3.4190     3.4210     0.0019     3.4151     3.4170     0.0019   3.124573   3.124616   0.000034    34.0113    34.0097     7.2680    27.0574    27.0559    34.0130    27.0588    1463.94    1463.95     3.4150  1027.3535    34.1734 0.0000e+00
      59047 293.485975 -9.990e-29  -56.55236     -1.232    1468.95     62.000     61.476     3.4214     3.4260     0.0046     3.4175     3.4221     0.0046   3.124718   3.125007   0.000247    34.0114    34.0095     7.2706    27.0572    27.0553    34.0128    27.0584    1463.93    1463.95     3.4175  1027.3485    34.1732 0.0000e+00
      59073 293.485988  -47.10658  -56.55236     -1.035    1468.95     61.000     60.484     3.4322     3.4326     0.0004     3.4283     3.4287     0.0004   3.125620   3.125543  -0.000061    34.0103    34.0092     7.2724    27.0553    27.0544    34.0130    27.0575    1463.96    1463.96     3.4283  1027.3430    34.1735 0.0000e+00
      59103 293.486002  -47.10658  -56.55236     -0.807    1468.95     60.000     59.493     3.4503     3.4503    -0.0000     3.4466     3.4465    -0.0000   3.127015   3.126878  -0.000087    34.0087    34.0077     7.2741    27.0523    27.0515    34.0113    27.0544    1464.02    1464.02     3.4465  1027.3354    34.1721 0.0000e+00
      59130 293.486015  -47.10658  -56.55236     -0.856    1468.95     59.000     58.501     3.4580     3.4603     0.0023     3.4543     3.4565     0.0023   3.127633   3.127717   0.000055    34.0090    34.0073     7.2750    27.0518    27.0502    34.0112    27.0536    1464.04    1464.04     3.4543  1027.3299    34.1720 0.0000e+00
      59157 293.486028  -47.10659  -56.55236     -0.918    1468.95     58.000     57.510     3.4736     3.4732    -0.0004     3.4699     3.4695    -0.0004   3.128931   3.128730  -0.000177    34.0081    34.0064     7.2772    27.0496    27.0483    34.0110    27.0519    1464.09    1464.08     3.4699  1027.3236    34.1718 0.0000e+00
      59189 293.486044  -47.10660  -56.55236     -0.791    1468.95     57.000     56.518     3.4901     3.4879    -0.0022     3.4865     3.4842    -0.0022   3.130119   3.129948  -0.000124    34.0072    34.0059     7.2833    27.0467    27.0465    34.0086    27.0484    1464.14    1464.13     3.4865  1027.3154    34.1693 0.0000e+00
      59226 293.486061  -47.10660  -56.55236     -0.635    1468.95     56.000     55.527     3.5052     3.5055     0.0003     3.5016     3.5019     0.0003   3.131460   3.131374  -0.000083    34.0070    34.0057     7.2958    27.0457    27.0446    34.0095    27.0477    1464.18    1464.18     3.5016  1027.3099    34.1702 0.0000e+00
      59256 293.486076  -47.10660  -56.55236     -0.761    1468.95     55.000     54.536     3.5112     3.5132     0.0019     3.5077     3.5097     0.0019   3.131915   3.132074   0.000135    34.0067    34.0063     7.3018    27.0448    27.0443    34.0092    27.0468    1464.19    1464.20     3.5077  1027.3044    34.1699 0.0000e+00
      59281 293.486088  -47.10660  -56.55236     -0.894    1468.95     54.000     53.544     3.5287     3.5332     0.0045     3.5253     3.5297     0.0045   3.133636   3.133828   0.000210    34.0076    34.0055     7.3014    27.0439    27.0417    34.0121    27.0475    1464.25    1464.27     3.5252  1027.3003    34.1728 0.0000e+00
      59307 293.486100  -47.10660  -56.55236     -0.947    1468.95     53.000     52.553     3.5661     3.5595    -0.0066     3.5627     3.5561    -0.0065   3.136773   3.136106  -0.000637    34.0062    34.0054     7.3127    27.0392    27.0392    34.0112    27.0431    1464.39    1464.37     3.5627  1027.2913    34.1719 0.0000e+00
      59333 293.486113  -47.10662  -56.55238     -0.934    1468.95     52.000     51.561     3.5806     3.5843     0.0038     3.5772     3.5810     0.0038   3.138030   3.138247   0.000181    34.0073    34.0056     7.3234    27.0387    27.0369    34.0116    27.0421    1464.44    1464.45     3.5772  1027.2856    34.1724 0.0000e+00
      59366 293.486129  -47.10662  -56.55238     -0.778    1468.95     51.000     50.570     3.6110     3.6101    -0.0009     3.6077     3.6068    -0.0009   3.140716   3.140583  -0.000181    34.0075    34.0063     7.3198    27.0358    27.0349    34.0126    27.0399    1464.55    1464.55     3.6077  1027.2787    34.1734 0.0000e+00
      59407 293.486149  -47.10664  -56.55238     -0.581    1468.95     50.000     49.578     3.6672     3.6761     0.0089     3.6640     3.6729     0.0089   3.145850   3.146297   0.000593    34.0079    34.0057     7.3226    27.0306    27.0280    34.0159    27.0370    1464.78    1464.81     3.6640  1027.2710    34.1766 0.0000e+00
      59437 293.486163  -47.10664  -56.55238     -0.707    1468.95     49.000     48.590     3.7097     3.6840    -0.0258     3.7066     3.6808    -0.0257   3.149046   3.147084  -0.002110    34.0060    34.0076     7.3251    27.0249    27.0287    34.0103    27.0283    1464.93    1464.83     3.7065  1027.2577    34.1710 0.0000e+00
      59459 293.486174  -47.10664  -56.55238     -0.946    1468.95     48.000     47.593     3.7228     3.7447     0.0219     3.7197     3.7415     0.0219   3.150858   3.152616   0.001345    34.0095    34.0028     7.3234    27.0264    27.0189    34.0189    27.0338    1464.98    1465.07     3.7197  1027.2585    34.1796 0.0000e+00
      59477 293.486183  -47.10664  -56.55238     -1.169    1468.95     47.000     46.601     3.8200     3.8414     0.0214     3.8169     3.8383     0.0213   3.159875   3.160761   0.001225    34.0082    34.0006     7.3047    27.0157    27.0075    34.0256    27.0296    1465.38    1465.46     3.8169  1027.2493    34.1862 0.0000e+00
      59496 293.486192 -9.990e-29  -56.55238     -1.278    1468.95     46.000     45.613     3.8993     3.9581     0.0588     3.8962     3.9550     0.0587   3.166351   3.171481   0.004301    34.0066    33.9967     7.3121    27.0065    26.9926    34.0208    27.0177    1465.69    1465.94     3.8962  1027.2326    34.1812 0.0000e+00
      59521 293.486204 -9.990e-29  -56.55238     -1.123    1468.95     45.000     44.621     3.9978     4.0231     0.0253     3.9947     4.0201     0.0253   3.175000   3.176816   0.002186    34.0009    34.0006     7.3207    26.9919    26.9891    34.0217    27.0084    1466.09    1466.19     3.9947  1027.2185    34.1821 0.0000e+00
      59560 293.486222  -47.10666  -56.55238     -0.659    1468.95     44.000     43.630     4.1495     4.1625     0.0130     4.1465     4.1595     0.0130   3.187748   3.188576   0.000852    34.0001    33.9967     7.3163    26.9756    26.9715    34.0158    26.9881    1466.70    1466.75     4.1465  1027.1935    34.1763 0.0000e+00
      59597 293.486240  -47.10666  -56.55238     -0.619    1468.95     43.000     42.638     4.2058     4.2057    -0.0001     4.2029     4.2028    -0.0001   3.192333   3.192573   0.000101    33.9977    33.9990     7.3409    26.9679    26.9689    34.0121    26.9793    1466.91    1466.91     4.2028  1027.1802    34.1729 0.0000e+00
      59624 293.486254  -47.10666  -56.55238     -0.805    1468.95     42.000     41.647     4.2645     4.2746     0.0101     4.2616     4.2716     0.0101   3.197427   3.198140   0.000734    33.9986    33.9969     7.3450    26.9624    26.9599    34.0120    26.9731    1467.14    1467.18     4.2616  1027.1692    34.1727 0.0000e+00
      59649 293.486265  -47.10666  -56.55240     -0.932    1468.95     41.000     40.655     4.3277     4.3184    -0.0092     4.3248     4.3155    -0.0092   3.202915   3.202408  -0.000661    33.9945    33.9962     7.3493    26.9525    26.9548    34.0119    26.9663    1467.38    1467.35     4.3248  1027.1577    34.1726 0.0000e+00
