Pos-Processados/process_op42/operantar42_005.cnv
* Sea-Bird SBE 9 Data File:
* FileName = C:\Users\Hidrografia\Desktop\OPXLII\Brutos\OP42005.hdr
* Software Version Seasave V 7.26.7.107
* Temperature SN = 6502
* Conductivity SN = 4998
* Number of Bytes Per Scan = 31
* Number of Voltage Words = 2
* Number of Scans Averaged by the Deck Unit = 1
* NMEA Latitude = 39 18.87 S
* NMEA Longitude = 053 09.31 W
* NMEA UTC (Time) = Oct 17 2023 00:39:31
* NMEA baud rate = 4800
** H41
** NPOALTEMAXIMIANO
** NUMERO DA ESTACAO (XXX) 005
** LAT (XX XX.XX S/N) 39 19.919 S
** LONG (XXX XX.XX W/E) 053 09.46 W
** DATAHORA (dd/mm/aaaa hh:mm Z) 17/10/2023 0025Z
** PROFUNDIDADE (m) 4727
** OPERADOR ZAMITH
# nquan = 30
# nvalues = 2008                        
# units = specified
# name 0 = scan: Scan Count
# name 1 = timeJ: Julian Days
# name 2 = latitude: Latitude [deg]
# name 3 = longitude: Longitude [deg]
# name 4 = dz/dtM: Descent Rate [m/s]
# name 5 = avgsvCM: Average Sound Velocity [Chen-Millero, m/s]
# name 6 = prDM: Pressure, Digiquartz [db]
# name 7 = depSM: Depth [salt water, m]
# name 8 = t090C: Temperature [ITS-90, deg C]
# name 9 = t190C: Temperature, 2 [ITS-90, deg C]
# name 10 = T2-T190C: Temperature Difference, 2 - 1 [ITS-90, deg C]
# name 11 = potemp090C: Potential Temperature [ITS-90, deg C]
# name 12 = potemp190C: Potential Temperature, 2 [ITS-90, deg C]
# name 13 = potemp90Cdiff: Potential Temperature, Diff, 2 - 1 [ITS-90, deg C]
# name 14 = c0S/m: Conductivity [S/m]
# name 15 = c1S/m: Conductivity, 2 [S/m]
# name 16 = C2-C1S/m: Conductivity Difference, 2 - 1 [S/m]
# name 17 = sal00: Salinity, Practical [PSU]
# name 18 = sal11: Salinity, Practical, 2 [PSU]
# name 19 = sbeox0ML/L: Oxygen, SBE 43 [ml/l]
# name 20 = sigma-é00: Density [sigma-theta, kg/m^3]
# name 21 = sigma-é11: Density, 2 [sigma-theta, kg/m^3]
# name 22 = sal00: Salinity, Practical [PSU]
# name 23 = sigma-é00: Density [sigma-theta, kg/m^3]
# name 24 = svCM: Sound Velocity [Chen-Millero, m/s]
# name 25 = svCM1: Sound Velocity, 2 [Chen-Millero, m/s]
# name 26 = gsw_ptA0: potential temperature [ITS-90, deg C]
# name 27 = gsw_densityA0: density, TEOS-10 [density, kg/m^3]
# name 28 = gsw_saA0: Absolute Salinity [g/kg]
# name 29 = flag:
# span 0 =       2807,      68185       
# span 1 = 290.028795, 290.060324       
# span 2 =  -39.31441,  -39.31084       
# span 3 =  -53.15490,  -53.14778       
# span 4 =     -1.712,      1.529       
# span 5 =       0.00,    1484.10       
# span 6 =      0.000,   1005.000       
# span 7 =      0.040,    994.947       
# span 8 =     2.6975,     9.5573       
# span 9 =     2.6979,     9.5594       
# span 10 =    -0.1422,     0.0797      
# span 11 =     2.6328,     9.5570      
# span 12 =     2.6337,     9.5591      
# span 13 =    -0.1422,     0.0797      
# span 14 =   3.090347,   3.665812      
# span 15 =   3.090342,   3.666033      
# span 16 =  -0.011993,   0.006644      
# span 17 =    33.9516,    34.5402      
# span 18 =    33.9517,    34.5399      
# span 19 =     3.9113,     6.7886      
# span 20 =    26.2072,    27.5508      
# span 21 =    26.2069,    27.5505      
# span 22 =    33.9519,    34.5402      
# span 23 =    26.2074,    27.5508      
# span 24 =    1465.55,    1487.06      
# span 25 =    1465.56,    1487.08      
# span 26 =     2.6327,     9.5570      
# span 27 =  1026.2246,  1032.2140      
# span 28 =    34.1133,    34.7060      
# span 29 = 0.0000e+00, 0.0000e+00      
# interval = decibars: 1                
# start_time = Oct 17 2023 00:39:31 [NMEA time, header]
# bad_flag = -9.990e-29
*END*
[from data line 726]
      23134 290.038598  -39.31342  -53.15208      0.910    1470.63    729.000    722.189     2.8344     2.8353     0.0008     2.7876     2.7884     0.0008   3.134319   3.134386   0.000068    34.3896    34.3896     4.2719    27.4169    27.4168    34.3895    27.4168    1472.86    1472.87     2.7875  1030.8075    34.5534 0.0000e+00
      23156 290.038609  -39.31342  -53.15208      1.041    1470.63    730.000    723.178     2.8341     2.8350     0.0009     2.7872     2.7881     0.0009   3.134366   3.134411   0.000045    34.3901    34.3897     4.2639    27.4173    27.4169    34.3899    27.4172    1472.88    1472.88     2.7871  1030.8125    34.5538 0.0000e+00
      23177 290.038619  -39.31342  -53.15207      1.117    1470.63    731.000    724.167     2.8334     2.8343     0.0008     2.7864     2.7873     0.0008   3.134386   3.134433   0.000049    34.3905    34.3902     4.2560    27.4177    27.4174    34.3903    27.4176    1472.89    1472.90     2.7864  1030.8175    34.5542 0.0000e+00
      23210 290.038634  -39.31342  -53.15206      0.870    1470.63    732.000    725.156     2.8337     2.8341     0.0004     2.7867     2.7871     0.0004   3.134424   3.134457   0.000033    34.3900    34.3901     4.2546    27.4173    27.4173    34.3899    27.4172    1472.91    1472.91     2.7867  1030.8218    34.5538 0.0000e+00
      23254 290.038656  -39.31342  -53.15206      0.498    1470.63    733.000    726.145     2.8326     2.8335     0.0009     2.7855     2.7864     0.0009   3.134433   3.134478   0.000046    34.3908    34.3904     4.2536    27.4180    27.4176    34.3907    27.4179    1472.92    1472.93     2.7854  1030.8271    34.5546 0.0000e+00
      23285 290.038671  -39.31342  -53.15206      0.704    1470.63    734.000    727.134     2.8321     2.8330     0.0009     2.7849     2.7858     0.0009   3.134477   3.134513   0.000035    34.3914    34.3909     4.2547    27.4185    27.4180    34.3913    27.4185    1472.94    1472.94     2.7848  1030.8318    34.5546 0.0000e+00
      23306 290.038681  -39.31340  -53.15206      0.958    1470.63    735.000    728.123     2.8314     2.8324     0.0010     2.7841     2.7851     0.0010   3.134485   3.134526   0.000036    34.3918    34.3912     4.2550    27.4189    27.4183    34.3916    27.4188    1472.95    1472.96     2.7841  1030.8370    34.5552 0.0000e+00
      23325 290.038690  -39.31340  -53.15206      1.163    1470.63    736.000    729.112     2.8302     2.8311     0.0009     2.7829     2.7838     0.0009   3.134473   3.134525   0.000052    34.3923    34.3920     4.2510    27.4195    27.4191    34.3922    27.4194    1472.96    1472.97     2.7828  1030.8424    34.5561 0.0000e+00
      23348 290.038701  -39.31340  -53.15205      1.165    1470.63    737.000    730.100     2.8299     2.8307     0.0008     2.7826     2.7833     0.0008   3.134508   3.134554   0.000049    34.3925    34.3922     4.2487    27.4196    27.4194    34.3924    27.4195    1472.98    1472.98     2.7825  1030.8472    34.5563 0.0000e+00
      23391 290.038722  -39.31340  -53.15204      0.587    1470.63    738.000    731.090     2.8304     2.8304    -0.0001     2.7830     2.7829    -0.0001   3.134564   3.134584   0.000019    34.3921    34.3924     4.2484    27.4192    27.4195    34.3920    27.4192    1473.00    1473.00     2.7829  1030.8514    34.5559 0.0000e+00
      23426 290.038739  -39.31340  -53.15204      0.627    1470.63    739.000    732.078     2.8279     2.8286     0.0008     2.7804     2.7811     0.0008   3.134617   3.134668   0.000051    34.3949    34.3947     4.2485    27.4218    27.4215    34.3948    27.4217    1473.01    1473.01     2.7803  1030.8586    34.5587 0.0000e+00
      23449 290.038750  -39.31340  -53.15204      0.902    1470.63    740.000    733.067     2.8266     2.8274     0.0008     2.7790     2.7798     0.0008   3.134697   3.134742   0.000044    34.3967    34.3964     4.2474    27.4233    27.4230    34.3966    27.4232    1473.02    1473.02     2.7789  1030.8648    34.5605 0.0000e+00
      23471 290.038761  -39.31340  -53.15204      1.062    1470.63    741.000    734.056     2.8263     2.8273     0.0009     2.7787     2.7796     0.0009   3.134741   3.134794   0.000051    34.3970    34.3967     4.2438    27.4236    27.4232    34.3969    27.4235    1473.04    1473.04     2.7786  1030.8697    34.5608 0.0000e+00
      23504 290.038777  -39.31340  -53.15204      0.838    1470.63    742.000    735.044     2.8270     2.8274     0.0005     2.7792     2.7797     0.0005   3.134787   3.134851   0.000067    34.3963    34.3966     4.2381    27.4230    27.4232    34.3963    27.4229    1473.05    1473.06     2.7792  1030.8737    34.5601 0.0000e+00
      23548 290.038798  -39.31338 -9.990e-29      0.482    1470.73    743.000    736.034     2.8262     2.8270     0.0008     2.7784     2.7792     0.0008   3.134893   3.134954   0.000059    34.3979    34.3977     4.2250    27.4243    27.4241    34.3978    27.4243    1473.07    1473.07     2.7783  1030.8796    34.5617 0.0000e+00
      23575 290.038811  -39.31338  -53.15202      0.769    1470.78    744.000    737.023     2.8262     2.8271     0.0009     2.7784     2.7792     0.0009   3.134988   3.135025   0.000036    34.3985    34.3980     4.2266    27.4248    27.4243    34.3984    27.4248    1473.09    1473.09     2.7783  1030.8847    34.5623 0.0000e+00
      23596 290.038821  -39.31338  -53.15202      1.009    1470.78    745.000    738.011     2.8264     2.8273     0.0009     2.7785     2.7793     0.0009   3.135037   3.135097   0.000060    34.3983    34.3981     4.2276    27.4246    27.4244    34.3983    27.4246    1473.10    1473.11     2.7784  1030.8893    34.5623 0.0000e+00
      23615 290.038830  -39.31338  -53.15201      1.180    1470.78    746.000    739.000     2.8262     2.8271     0.0009     2.7782     2.7791     0.0009   3.135104   3.135161   0.000059    34.3988    34.3985     4.2292    27.4250    27.4248    34.3988    27.4250    1473.12    1473.12     2.7782  1030.8942    34.5627 0.0000e+00
      23640 290.038842  -39.31338  -53.15200      1.108    1470.78    747.000    739.988     2.8262     2.8271     0.0008     2.7782     2.7790     0.0008   3.135146   3.135192   0.000046    34.3988    34.3985     4.2293    27.4251    27.4247    34.3988    27.4250    1473.14    1473.14     2.7781  1030.8989    34.5627 0.0000e+00
      23692 290.038867  -39.31338  -53.15200      0.403    1470.78    748.000    740.979     2.8260     2.8270     0.0009     2.7779     2.7788     0.0009   3.135199   3.135250   0.000051    34.3991    34.3987     4.2232    27.4253    27.4249    34.3991    27.4253    1473.15    1473.16     2.7778  1030.9037    34.5630 0.0000e+00
      23731 290.038886  -39.31338 -9.990e-29      0.587    1470.78    749.000    741.967     2.8248     2.8256     0.0008     2.7766     2.7774     0.0008   3.135302   3.135349   0.000048    34.4011    34.4008     4.2198    27.4270    27.4267    34.4011    27.4270    1473.17    1473.17     2.7765  1030.9101    34.5650 0.0000e+00
      23758 290.038899  -39.31338 -9.990e-29      0.811    1470.78    750.000    742.956     2.8245     2.8254     0.0009     2.7762     2.7771     0.0009   3.135373   3.135421   0.000049    34.4018    34.4014     4.2208    27.4276    27.4272    34.4018    27.4276    1473.18    1473.19     2.7761  1030.9153    34.5657 0.0000e+00
      23784 290.038911  -39.31338  -53.15198      0.942    1470.78    751.000    743.944     2.8239     2.8247     0.0008     2.7755     2.7764     0.0008   3.135424   3.135463   0.000041    34.4025    34.4022     4.2151    27.4283    27.4279    34.4025    27.4282    1473.20    1473.20     2.7755  1030.9205    34.5664 0.0000e+00
      23812 290.038925  -39.31338  -53.15198      0.895    1470.78    752.000    744.933     2.8235     2.8243     0.0008     2.7751     2.7759     0.0008   3.135434   3.135476   0.000040    34.4026    34.4022     4.2099    27.4284    27.4280    34.4025    27.4283    1473.21    1473.22     2.7750  1030.9253    34.5665 0.0000e+00
      23839 290.038938  -39.31338  -53.15198      0.838    1470.78    753.000    745.922     2.8231     2.8239     0.0008     2.7746     2.7754     0.0008   3.135477   3.135524   0.000048    34.4029    34.4027     4.2049    27.4287    27.4284    34.4030    27.4287    1473.23    1473.23     2.7745  1030.9302    34.5670 0.0000e+00
      23862 290.038949  -39.31338  -53.15198      0.955    1470.78    754.000    746.911     2.8223     2.8231     0.0008     2.7738     2.7746     0.0008   3.135526   3.135563   0.000038    34.4039    34.4035     4.2019    27.4295    27.4291    34.4039    27.4295    1473.24    1473.25     2.7737  1030.9357    34.5679 0.0000e+00
      23884 290.038960  -39.31338  -53.15198      1.084    1470.78    755.000    747.900     2.8215     2.8224     0.0008     2.7729     2.7738     0.0008   3.135552   3.135601   0.000049    34.4045    34.4042     4.2006    27.4301    27.4298    34.4045    27.4300    1473.26    1473.26     2.7728  1030.9409    34.5685 0.0000e+00
      23906 290.038971  -39.31338  -53.15198      1.097    1470.78    756.000    748.888     2.8209     2.8217     0.0008     2.7722     2.7730     0.0008   3.135584   3.135627   0.000042    34.4051    34.4048     4.2034    27.4306    27.4303    34.4050    27.4305    1473.27    1473.27     2.7721  1030.9460    34.5690 0.0000e+00
      23949 290.038991  -39.31336  -53.15198      0.653    1470.78    757.000    749.877     2.8213     2.8217     0.0004     2.7726     2.7730     0.0004   3.135621   3.135658   0.000038    34.4045    34.4046     4.1956    27.4301    27.4301    34.4044    27.4300    1473.29    1473.29     2.7725  1030.9501    34.5685 0.0000e+00
      24005 290.039018  -39.31336  -53.15196      0.386    1470.78    758.000    750.867     2.8198     2.8206     0.0008     2.7711     2.7718     0.0008   3.135641   3.135682   0.000041    34.4058    34.4055     4.1934    27.4313    27.4310    34.4057    27.4312    1473.30    1473.30     2.7709  1030.9559    34.5698 0.0000e+00
      24029 290.039030  -39.31336  -53.15196      0.795    1470.78    759.000    751.855     2.8197     2.8207     0.0009     2.7708     2.7718     0.0009   3.135695   3.135736   0.000040    34.4060    34.4055     4.2006    27.4315    27.4310    34.4060    27.4314    1473.32    1473.32     2.7708  1030.9607    34.5700 0.0000e+00
      24048 290.039039  -39.31334  -53.15196      1.067    1470.78    760.000    752.844     2.8197     2.8207     0.0009     2.7708     2.7717     0.0009   3.135739   3.135785   0.000047    34.4060    34.4056     4.2013    27.4315    27.4310    34.4060    27.4315    1473.33    1473.34     2.7707  1030.9654    34.5700 0.0000e+00
      24065 290.039047  -39.31334  -53.15196      1.275    1470.78    761.000    753.833     2.8198     2.8207     0.0010     2.7707     2.7717     0.0010   3.135790   3.135831   0.000040    34.4060    34.4054     4.1986    27.4315    27.4309    34.4060    27.4315    1473.35    1473.35     2.7706  1030.9700    34.5701 0.0000e+00
      24081 290.039055  -39.31334  -53.15196      1.424    1470.78    762.000    754.821     2.8198     2.8206     0.0009     2.7707     2.7715     0.0009   3.135821   3.135874   0.000048    34.4059    34.4056     4.1939    27.4314    27.4311    34.4059    27.4314    1473.37    1473.37     2.7706  1030.9745    34.5699 0.0000e+00
      24097 290.039063  -39.31334  -53.15194      1.477    1470.78    763.000    755.810     2.8195     2.8204     0.0008     2.7704     2.7712     0.0008   3.135865   3.135898   0.000036    34.4061    34.4057     4.1894    27.4316    27.4312    34.4061    27.4316    1473.38    1473.38     2.7703  1030.9793    34.5702 0.0000e+00
      24123 290.039075  -39.31334  -53.15194      1.201    1470.78    764.000    756.799     2.8196     2.8205     0.0009     2.7704     2.7713     0.0009   3.135891   3.135942   0.000048    34.4059    34.4055     4.1914    27.4314    27.4310    34.4058    27.4314    1473.40    1473.40     2.7703  1030.9837    34.5699 0.0000e+00
      24159 290.039093  -39.31336  -53.15194      0.644    1470.78    765.000    757.788     2.8191     2.8199     0.0008     2.7698     2.7706     0.0008   3.135927   3.135961   0.000039    34.4063    34.4060     4.1870    27.4318    27.4314    34.4063    27.4318    1473.41    1473.42     2.7697  1030.9887    34.5704 0.0000e+00
      24187 290.039106  -39.31336  -53.15194      0.775    1470.78    766.000    758.776     2.8143     2.8146     0.0003     2.7649     2.7652     0.0003   3.135761   3.135761  -0.000003    34.4093    34.4089     4.1933    27.4346    27.4343    34.4089    27.4343    1473.41    1473.41     2.7649  1030.9953    34.5722 0.0000e+00
      24210 290.039117 -9.990e-29  -53.15194      0.973    1470.78    767.000    759.765     2.8117     2.8126     0.0009     2.7623     2.7632     0.0009   3.135711   3.135760   0.000047    34.4106    34.4102     4.1879    27.4359    27.4355    34.4104    27.4357    1473.42    1473.42     2.7622  1031.0009    34.5730 0.0000e+00
      24233 290.039128 -9.990e-29  -53.15194      1.048    1470.78    768.000    760.754     2.8116     2.8124     0.0009     2.7621     2.7629     0.0009   3.135753   3.135808   0.000055    34.4108    34.4105     4.1874    27.4360    27.4358    34.4106    27.4359    1473.44    1473.44     2.7620  1031.0056    34.5732 0.0000e+00
      24272 290.039147  -39.31334  -53.15192      0.689    1470.78    769.000    761.743     2.8133     2.8130    -0.0002     2.7637     2.7635    -0.0002   3.135847   3.135863   0.000019    34.4095    34.4100     4.1811    27.4349    27.4353    34.4094    27.4348    1473.46    1473.46     2.7636  1031.0094    34.5724 0.0000e+00
      24314 290.039167  -39.31334  -53.15192      0.515    1470.78    770.000    762.731     2.8119     2.8128     0.0008     2.7623     2.7631     0.0008   3.135853   3.135906   0.000049    34.4105    34.4102     4.1773    27.4358    27.4355    34.4104    27.4357    1473.47    1473.47     2.7622  1031.0159    34.5745 0.0000e+00
      24337 290.039178  -39.31334  -53.15192      0.853    1470.78    771.000    763.720     2.8118     2.8127     0.0009     2.7621     2.7630     0.0009   3.135895   3.135955   0.000057    34.4106    34.4104     4.1708    27.4359    27.4357    34.4105    27.4358    1473.49    1473.49     2.7620  1031.0206    34.5746 0.0000e+00
      24356 290.039187  -39.31334  -53.15192      1.110    1470.78    772.000    764.709     2.8093     2.8101     0.0008     2.7596     2.7603     0.0008   3.135829   3.135881   0.000054    34.4121    34.4119     4.1718    27.4373    27.4371    34.4118    27.4371    1473.49    1473.50     2.7595  1031.0265    34.5759 0.0000e+00
      24374 290.039196  -39.31334  -53.15192      1.285    1470.78    773.000    765.698     2.8073     2.8083     0.0009     2.7575     2.7584     0.0009   3.135789   3.135839   0.000049    34.4131    34.4127     4.1737    27.4383    27.4379    34.4129    27.4381    1473.50    1473.51     2.7574  1031.0322    34.5770 0.0000e+00
      24392 290.039205  -39.31334  -53.15192      1.348    1470.78    774.000    766.686     2.8065     2.8073     0.0009     2.7566     2.7575     0.0009   3.135836   3.135888   0.000052    34.4140    34.4137     4.1718    27.4391    27.4388    34.4138    27.4390    1473.52    1473.52     2.7565  1031.0367    34.5767 0.0000e+00
      24417 290.039217 -9.990e-29  -53.15190      1.134    1470.78    775.000    767.675     2.8053     2.8061     0.0009     2.7553     2.7561     0.0008   3.135897   3.135949   0.000050    34.4156    34.4152     4.1734    27.4405    27.4401    34.4153    27.4403    1473.53    1473.53     2.7553  1031.0424    34.5780 0.0000e+00
