Pos-Processados/process_op42/operantar42_009.cnv
* Sea-Bird SBE 9 Data File:
* FileName = C:\Users\Hidrografia\Desktop\OPXLII\Brutos\OP42009.hdr
* Software Version Seasave V 7.26.7.107
* Temperature SN = 6502
* Conductivity SN = 4998
* Number of Bytes Per Scan = 31
* Number of Voltage Words = 2
* Number of Scans Averaged by the Deck Unit = 1
* NMEA Latitude = 43 19.24 S
* NMEA Longitude = 055 32.42 W
* NMEA UTC (Time) = Oct 18 2023 16:32:08
* NMEA baud rate = 4800
** H41
** NPOALTEMAXIMIANO
** NUMERO DA ESTACAO (XXX) 009
** LAT (XX XX.XX S/N) 43 19.058 S
** LONG (XXX XX.XX W/E) 055 32.32 W
** DATAHORA (dd/mm/aaaa hh:mm Z) 18/10/2023 1631Z
** PROFUNDIDADE (m) 5145
** OPERADOR CT FABIREZA
# nquan = 30
# nvalues = 2021                        
# units = specified
# name 0 = scan: Scan Count
# name 1 = timeJ: Julian Days
# name 2 = latitude: Latitude [deg]
# name 3 = longitude: Longitude [deg]
# name 4 = dz/dtM: Descent Rate [m/s]
# name 5 = avgsvCM: Average Sound Velocity [Chen-Millero, m/s]
# name 6 = prDM: Pressure, Digiquartz [db]
# name 7 = depSM: Depth [salt water, m]
# name 8 = t090C: Temperature [ITS-90, deg C]
# name 9 = t190C: Temperature, 2 [ITS-90, deg C]
# name 10 = T2-T190C: Temperature Difference, 2 - 1 [ITS-90, deg C]
# name 11 = potemp090C: Potential Temperature [ITS-90, deg C]
# name 12 = potemp190C: Potential Temperature, 2 [ITS-90, deg C]
# name 13 = potemp90Cdiff: Potential Temperature, Diff, 2 - 1 [ITS-90, deg C]
# name 14 = c0S/m: Conductivity [S/m]
# name 15 = c1S/m: Conductivity, 2 [S/m]
# name 16 = C2-C1S/m: Conductivity Difference, 2 - 1 [S/m]
# name 17 = sal00: Salinity, Practical [PSU]
# name 18 = sal11: Salinity, Practical, 2 [PSU]
# name 19 = sbeox0ML/L: Oxygen, SBE 43 [ml/l]
# name 20 = sigma-é00: Density [sigma-theta, kg/m^3]
# name 21 = sigma-é11: Density, 2 [sigma-theta, kg/m^3]
# name 22 = sal00: Salinity, Practical [PSU]
# name 23 = sigma-é00: Density [sigma-theta, kg/m^3]
# name 24 = svCM: Sound Velocity [Chen-Millero, m/s]
# name 25 = svCM1: Sound Velocity, 2 [Chen-Millero, m/s]
# name 26 = gsw_ptA0: potential temperature [ITS-90, deg C]
# name 27 = gsw_densityA0: density, TEOS-10 [density, kg/m^3]
# name 28 = gsw_saA0: Absolute Salinity [g/kg]
# name 29 = flag:
# span 0 =       2274,      68815       
# span 1 = 291.690078, 291.722167       
# span 2 =  -43.32958,  -43.32119       
# span 3 =  -55.54540,  -55.54074       
# span 4 =   -257.411,    275.082       
# span 5 =       0.00,    1500.22       
# span 6 =      2.000,   1012.000       
# span 7 =      1.989,   1001.497       
# span 8 =     3.1007,    13.1660       
# span 9 =     3.1013,    13.1630       
# span 10 =    -0.1181,     0.1207      
# span 11 =     3.0314,    13.1655      
# span 12 =     3.0321,    13.1625      
# span 13 =    -0.1179,     0.1205      
# span 14 =   3.155640,   4.134666      
# span 15 =   3.155688,   4.692073      
# span 16 =  -0.012196,   0.011498      
# span 17 =    34.1311,    35.2398      
# span 18 =    34.1298,    35.2405      
# span 19 =     4.5626,     6.2250      
# span 20 =    26.5205,    27.3461      
# span 21 =    26.5217,    27.3458      
# span 22 =    34.1317,    38.0663      
# span 23 =    26.5215,    29.4243      
# span 24 =    1474.89,    1501.04      
# span 25 =    1474.90,    1506.99      
# span 26 =     3.0313,    13.1655      
# span 27 =  1026.5351,  1032.0327      
# span 28 =    34.2948,    38.2462      
# span 29 = 0.0000e+00, 0.0000e+00      
# interval = decibars: 1                
# start_time = Oct 18 2023 16:32:08 [NMEA time, header]
# bad_flag = -9.990e-29
*END*
[from data line 1837]
      56013 291.715994  -43.32928  -55.54540     -1.003    1481.75    185.000    183.445    10.1971    10.2036     0.0065    10.1754    10.1819     0.0065   3.817459   3.817204  -0.000015    34.7942    34.7878     5.3942    26.7611    26.7550    34.8113    26.7744    1493.35    1493.37    10.1754  1027.6090    34.9762 0.0000e+00
      56043 291.716008  -43.32928  -55.54540     -0.860    1481.75    184.000    182.453    10.2103    10.2205     0.0102    10.1887    10.1989     0.0101   3.818232   3.819030   0.000804    34.7943    34.7927     5.3900    26.7589    26.7559    34.8069    26.7687    1493.38    1493.42    10.1887  1027.5988    34.9718 0.0000e+00
      56076 291.716024  -43.32928  -55.54538     -0.724    1481.75    183.000    181.462    10.2136    10.2144     0.0008    10.1921    10.1929     0.0008   3.818434   3.818276  -0.000120    34.7965    34.7945     5.3704    26.7600    26.7583    34.8063    26.7677    1493.37    1493.37    10.1921  1027.5932    34.9712 0.0000e+00
      56106 291.716038  -43.32928  -55.54538     -0.787    1481.75    182.000    180.471    10.2056    10.2017    -0.0039    10.1842    10.1804    -0.0039   3.817138   3.816475  -0.000520    34.7949    34.7933     5.3725    26.7601    26.7596    34.8013    26.7651    1493.32    1493.31    10.1842  1027.5862    34.9662 0.0000e+00
      56134 291.716052  -43.32929  -55.54539     -0.848    1481.75    181.000    179.479    10.1740    10.1660    -0.0080    10.1529    10.1448    -0.0080   3.813154   3.812348  -0.000756    34.7865    34.7865     5.3787    26.7590    26.7604    34.7915    26.7629    1493.18    1493.15    10.1529  1027.5796    34.9563 0.0000e+00
      56159 291.716064  -43.32930  -55.54540     -0.903    1481.75    180.000    178.489    10.1662    10.1553    -0.0109    10.1452    10.1343    -0.0109   3.812402   3.811000  -0.001390    34.7875    34.7839     5.3713    26.7611    26.7602    34.7918    26.7644    1493.14    1493.09    10.1452  1027.5767    34.9566 0.0000e+00
      56182 291.716075  -43.32930  -55.54539     -0.989    1481.75    179.000    177.497    10.1523    10.1434    -0.0089    10.1314    10.1225    -0.0089   3.810536   3.809447  -0.001069    34.7840    34.7816     5.3572    26.7608    26.7604    34.7866    26.7628    1493.07    1493.03    10.1313  1027.5706    34.9514 0.0000e+00
      56207 291.716087  -43.32930  -55.54538     -1.018    1481.75    178.000    176.506    10.1366    10.1315    -0.0051    10.1158    10.1107    -0.0051   3.808707   3.807938  -0.000718    34.7816    34.7792     5.3504    26.7616    26.7605    34.7835    26.7630    1492.99    1492.97    10.1158  1027.5664    34.9483 0.0000e+00
      56235 291.716101  -43.32930  -55.54538     -0.899    1481.75    177.000    175.515    10.1264    10.1189    -0.0075    10.1058    10.0983    -0.0075   3.807517   3.806499  -0.001007    34.7796    34.7765     5.3559    26.7617    26.7606    34.7816    26.7633    1492.93    1492.90    10.1058  1027.5623    34.9464 0.0000e+00
      56269 291.716117  -43.32930  -55.54538     -0.730    1481.75    176.000    174.524    10.1867    10.1934     0.0067    10.1661    10.1729     0.0067   3.815327   3.815337   0.000489    34.7863    34.7849     5.3409    26.7565    26.7543    34.8036    26.7700    1493.16    1493.18    10.1661  1027.5642    34.9685 0.0000e+00
      56298 291.716131  -43.32930  -55.54538     -0.764    1481.75    175.000    173.533    10.3311    10.4010     0.0699    10.3105    10.3803     0.0698   3.828854   3.839508   0.009025    34.7936    34.8181     5.3261    26.7372    26.7441    34.8031    26.7446    1493.66    1493.96    10.3105  1027.5339    34.9679 0.0000e+00
      56324 291.716143  -43.32930  -55.54538     -0.900    1481.75    174.000    172.541    10.4967    10.4902    -0.0064    10.4759    10.4695    -0.0065   3.850903   3.847860  -0.001889    34.8472    34.8343     5.3296    26.7501    26.7412    34.8681    26.7664    1494.31    1494.26    10.4759  1027.5506    35.0333 0.0000e+00
      56350 291.716156  -43.32930  -55.54538     -0.943    1481.75    173.000    171.550    10.5247    10.5033    -0.0213    10.5040    10.4827    -0.0213   3.851910   3.849262  -0.002629    34.8420    34.8359     5.3545    26.7411    26.7401    34.8520    26.7489    1494.37    1494.29    10.5040  1027.5285    35.0171 0.0000e+00
      56380 291.716170  -43.32930  -55.54538     -0.837    1481.75    172.000    170.559    10.5098    10.5209     0.0111    10.4893    10.5004     0.0111   3.850124   3.851100   0.000847    34.8419    34.8399     5.3723    26.7437    26.7401    34.8487    26.7489    1494.30    1494.34    10.4893  1027.5241    35.0137 0.0000e+00
      56412 291.716186  -43.32930  -55.54538     -0.740    1481.75    171.000    169.568    10.5206    10.5216     0.0009    10.5002    10.5012     0.0009   3.851078   3.851068   0.000066    34.8415    34.8413     5.3693    26.7414    26.7411    34.8484    26.7467    1494.32    1494.32    10.5002  1027.5174    35.0134 0.0000e+00
      56439 291.716199  -43.32930  -55.54538     -0.833    1481.75    170.000    168.576    10.5019    10.4828    -0.0192    10.4817    10.4625    -0.0192   3.847952   3.846012  -0.001817    34.8351    34.8351     5.3594    26.7397    26.7430    34.8351    26.7397    1494.22    1494.15    10.4816  1027.5059    35.0001 0.0000e+00
      56462 291.716210  -43.32932  -55.54538     -0.976    1481.75    169.000    167.586    10.4501    10.4656     0.0156    10.4300    10.4455     0.0156   3.842430   3.844323   0.001751    34.8274    34.8302     5.3655    26.7427    26.7421    34.8294    26.7443    1494.02    1494.07    10.4300  1027.5062    34.9943 0.0000e+00
      56483 291.716220  -43.32932  -55.54538     -1.084    1481.75    168.000    166.594    10.4457    10.4423    -0.0034    10.4257    10.4224    -0.0034   3.841543   3.841111  -0.000233    34.8245    34.8254     5.3633    26.7412    26.7425    34.8250    26.7416    1493.98    1493.96    10.4257  1027.4991    34.9900 0.0000e+00
      56505 291.716231  -43.32932  -55.54538     -1.116    1481.75    167.000    165.603    10.4279    10.4103    -0.0176    10.4080    10.3905    -0.0175   3.839092   3.837267  -0.001797    34.8176    34.8162     5.3632    26.7389    26.7409    34.8178    26.7391    1493.89    1493.82    10.4080  1027.4921    34.9827 0.0000e+00
      56528 291.716242  -43.32932  -55.54538     -1.065    1481.75    166.000    164.612    10.4119    10.4089    -0.0030    10.3922    10.3892    -0.0030   3.837358   3.836960  -0.000500    34.8156    34.8135     5.3580    26.7402    26.7390    34.8160    26.7404    1493.81    1493.80    10.3922  1027.4890    34.9809 0.0000e+00
      56555 291.716255  -43.32932  -55.54538     -0.960    1481.75    165.000    163.620    10.4088    10.4152     0.0065    10.3892    10.3956     0.0065   3.836973   3.837529   0.000506    34.8148    34.8137     5.3518    26.7400    26.7381    34.8155    26.7406    1493.78    1493.81    10.3892  1027.4848    34.9804 0.0000e+00
      56586 291.716270  -43.32932  -55.54538     -0.819    1481.75    164.000    162.630    10.4252    10.4458     0.0206    10.4057    10.4263     0.0206   3.838923   3.841102   0.002228    34.8155    34.8183     5.3495    26.7377    26.7363    34.8200    26.7412    1493.83    1493.91    10.4057  1027.4808    34.9849 0.0000e+00
      56623 291.716288  -43.32932  -55.54537     -0.659    1481.75    163.000    161.637    10.5112    10.5131     0.0019    10.4918    10.4937     0.0019   3.847840   3.848734   0.000927    34.8221    34.8296     5.3299    26.7277    26.7333    34.8283    26.7326    1494.13    1494.15    10.4918  1027.4674    34.9932 0.0000e+00
      56659 291.716305  -43.32932  -55.54536     -0.640    1481.75    162.000    160.647    10.5636    10.5728     0.0093    10.5442    10.5534     0.0093   3.853073   3.855602   0.002190    34.8257    34.8389     5.3368    26.7213    26.7300    34.8315    26.7259    1494.30    1494.36    10.5442  1027.4561    34.9965 0.0000e+00
      56687 291.716319  -43.32932  -55.54536     -0.789    1481.75    161.000    159.656    10.6342    10.6485     0.0142    10.6149    10.6291     0.0142   3.863755   3.863951   0.000643    34.8575    34.8504     5.3500    26.7336    26.7255    34.8721    26.7450    1494.59    1494.62    10.6148  1027.4704    35.0373 0.0000e+00
      56709 291.716329  -43.32932  -55.54536     -0.970    1481.75    160.000    158.664    10.7056    10.7050    -0.0006    10.6863    10.6857    -0.0006   3.870472   3.870120  -0.000486    34.8632    34.8589     5.3555    26.7253    26.7221    34.8720    26.7322    1494.82    1494.82    10.6863  1027.4530    35.0372 0.0000e+00
      56729 291.716339  -43.32932  -55.54536     -1.122    1481.75    159.000    157.673    10.7268    10.7303     0.0035    10.7075    10.7110     0.0035   3.872546   3.873000   0.000186    34.8659    34.8644     5.3674    26.7236    26.7219    34.8731    26.7293    1494.88    1494.89    10.7075  1027.4455    35.0383 0.0000e+00
      56749 291.716348  -43.32932  -55.54536     -1.212    1481.75    158.000    156.682    10.7489    10.7648     0.0160    10.7298    10.7457     0.0159   3.875396   3.876541   0.001301    34.8723    34.8702     5.3786    26.7247    26.7202    34.8811    26.7316    1494.95    1495.00    10.7298  1027.4433    35.0463 0.0000e+00
      56771 291.716359  -43.32932  -55.54536     -1.181    1481.75    157.000    155.690    10.7620    10.7770     0.0150    10.7430    10.7580     0.0150   3.876704   3.878001   0.001242    34.8757    34.8738     5.3904    26.7250    26.7208    34.8822    26.7301    1494.98    1495.03    10.7430  1027.4372    35.0474 0.0000e+00
      56796 291.716371  -43.32932  -55.54536     -1.031    1481.75    156.000    154.699    10.7745    10.7776     0.0031    10.7556    10.7587     0.0031   3.877946   3.877977   0.000182    34.8771    34.8759     5.3930    26.7238    26.7223    34.8832    26.7286    1495.01    1495.02    10.7556  1027.4312    35.0484 0.0000e+00
      56825 291.716385  -43.32932  -55.54536     -0.868    1481.75    155.000    153.708    10.7781    10.7805     0.0024    10.7593    10.7617     0.0024   3.878239   3.878227  -0.000043    34.8784    34.8756     5.3965    26.7242    26.7216    34.8832    26.7279    1495.01    1495.01    10.7593  1027.4260    35.0483 0.0000e+00
      56858 291.716401  -43.32933  -55.54536     -0.742    1481.75    154.000    152.717    10.7826    10.7858     0.0032    10.7639    10.7671     0.0032   3.878580   3.878799   0.000231    34.8787    34.8780     5.4101    26.7236    26.7225    34.8827    26.7267    1495.01    1495.02    10.7639  1027.4204    35.0479 0.0000e+00
      56892 291.716417  -43.32934  -55.54536     -0.705    1481.75    153.000    151.725    10.7877    10.7959     0.0082    10.7691    10.7773     0.0082   3.879228   3.879950   0.000687    34.8806    34.8797     5.4102    26.7242    26.7220    34.8848    26.7274    1495.01    1495.04    10.7691  1027.4166    35.0500 0.0000e+00
      56924 291.716433  -43.32934  -55.54536     -0.735    1481.75    152.000    150.734    10.8050    10.8152     0.0103    10.7865    10.7968     0.0102   3.881177   3.882056   0.000920    34.8840    34.8835     5.4007    26.7237    26.7214    34.8884    26.7271    1495.06    1495.09    10.7865  1027.4117    35.0536 0.0000e+00
      56950 291.716445  -43.32934  -55.54536     -0.848    1481.75    151.000    149.743    10.8237    10.8254     0.0017    10.8054    10.8070     0.0017   3.883276   3.883235  -0.000034    34.8875    34.8856     5.4072    26.7230    26.7212    34.8920    26.7265    1495.11    1495.12    10.8053  1027.4067    35.0572 0.0000e+00
      56971 291.716455  -43.32934  -55.54536     -1.020    1481.75    150.000    148.751    10.8376    10.8433     0.0057    10.8193    10.8250     0.0057   3.884955   3.885331   0.000325    34.8897    34.8876     5.4162    26.7223    26.7196    34.8961    26.7272    1495.15    1495.17    10.8193  1027.4028    35.0613 0.0000e+00
      56989 291.716464  -43.32934  -55.54536     -1.186    1481.75    149.000    147.760    10.8815    10.8891     0.0075    10.8633    10.8709     0.0075   3.890159   3.890416   0.000350    34.8971    34.8934     5.4140    26.7201    26.7158    34.9068    26.7276    1495.30    1495.32    10.8633  1027.3986    35.0721 0.0000e+00
      57008 291.716473  -43.32934  -55.54536     -1.284    1481.75    148.000    146.769    10.9182    10.9316     0.0134    10.9001    10.9134     0.0133   3.893328   3.894933   0.001305    34.8994    34.8997     5.4144    26.7153    26.7131    34.9041    26.7189    1495.41    1495.46    10.9001  1027.3853    35.0693 0.0000e+00
      57029 291.716483  -43.32934  -55.54536     -1.245    1481.75    147.000    145.777    10.9378    10.9481     0.0103    10.9198    10.9301     0.0102   3.895808   3.896652   0.000889    34.9044    34.9036     5.4046    26.7156    26.7131    34.9106    26.7205    1495.47    1495.50    10.9198  1027.3823    35.0759 0.0000e+00
      57057 291.716497  -43.32934  -55.54536     -0.968    1481.75    146.000    144.786    10.9206    10.9194    -0.0012    10.9028    10.9016    -0.0012   3.893393   3.893129  -0.000201    34.9017    34.9007     5.3697    26.7165    26.7160    34.9033    26.7178    1495.38    1495.38    10.9027  1027.3753    35.0686 0.0000e+00
      57097 291.716516  -43.32934  -55.54536     -0.607    1481.75    145.000    143.795    10.9676    10.9074    -0.0602    10.9498    10.8897    -0.0602   3.897698   3.892464  -0.005066    34.8931    34.8998     5.3131    26.7014    26.7175    34.9020    26.7083    1495.53    1495.33    10.9498  1027.3612    35.0673 0.0000e+00
      57130 291.716532  -43.32934  -55.54534     -0.684    1481.75    144.000    142.803    11.0225    11.0243     0.0018    11.0048    11.0066     0.0018   3.904449   3.904866   0.000336    34.9125    34.9141     5.3276    26.7065    26.7075    34.9178    26.7106    1495.73    1495.74    11.0048  1027.3589    35.0831 0.0000e+00
      57159 291.716546  -43.32934  -55.54534     -0.821    1481.75    143.000    141.812    11.0796    11.0609    -0.0187    11.0619    11.0433    -0.0187   3.912006   3.909320  -0.002556    34.9291    34.9214     5.2982    26.7091    26.7065    34.9393    26.7170    1495.94    1495.86    11.0619  1027.3606    35.1047 0.0000e+00
      57188 291.716560  -43.32934  -55.54534     -0.826    1481.75    142.000    140.821    11.0807    11.1234     0.0428    11.0631    11.1059     0.0427   3.911636   3.915932   0.004050    34.9283    34.9280     5.2335    26.7082    26.7002    34.9351    26.7135    1495.92    1496.07    11.0631  1027.3526    35.1004 0.0000e+00
      57217 291.716574  -43.32934  -55.54534     -0.814    1481.75    141.000    139.829    11.1234    11.1543     0.0308    11.1060    11.1368     0.0308   3.916524   3.919577   0.002807    34.9375    34.9361     5.1785    26.7076    26.7009    34.9436    26.7123    1496.06    1496.17    11.1059  1027.3469    35.1090 0.0000e+00
      57244 291.716587  -43.32934  -55.54534     -0.855    1481.75    140.000    138.838    11.1628    11.2159     0.0530    11.1455    11.1985     0.0530   3.921728   3.926968   0.005149    34.9459    34.9468     5.1688    26.7069    26.6979    34.9583    26.7166    1496.20    1496.39    11.1454  1027.3465    35.1238 0.0000e+00
      57270 291.716600  -43.32934  -55.54534     -0.915    1481.75    139.000    137.846    11.2552    11.2986     0.0435    11.2378    11.2812     0.0434   3.932047   3.936251   0.003992    34.9636    34.9620     5.1507    26.7038    26.6946    34.9737    26.7117    1496.52    1496.67    11.2378  1027.3369    35.1393 0.0000e+00
      57298 291.716613  -43.32934  -55.54534     -0.900    1481.75    138.000    136.855    11.3015    11.3504     0.0489    11.2842    11.3331     0.0488   3.938009   3.942197   0.004563    34.9741    34.9730     5.1551    26.7034    26.6935    34.9894    26.7153    1496.69    1496.85    11.2842  1027.3359    35.1550 0.0000e+00
