Pos-Processados/process_op42/operantar42_053.cnv
* Sea-Bird SBE 9 Data File:
* FileName = C:\Users\Hidrografia\Desktop\OPXLII\Brutos\OP42053.hdr
* Software Version Seasave V 7.26.7.107
* Temperature SN = 6502
* Conductivity SN = 4998
* Number of Bytes Per Scan = 37
* Number of Voltage Words = 4
* Number of Scans Averaged by the Deck Unit = 1
* NMEA Latitude = 62 18.18 S
* NMEA Longitude = 058 13.23 W
* NMEA UTC (Time) = Nov 17 2023 02:11:25
* NMEA baud rate = 4800
** H41
** NPOALTEMAXIMIANO
** NUMERO DA ESTACAO (XXX) 053
** LAT (XX XX.XX S/N) 62 18.18 S
** LONG (XXX XX.XX W/E) 058 13.43 W
** DATAHORA (dd/mm/aaaa hh:mm Z) 17/11/2023 0204Z
** PROFUNDIDADE (m) 1485 m
** OPERADOR CT FILIPE LOPES
# nquan = 30
# nvalues = 2754                        
# units = specified
# name 0 = scan: Scan Count
# name 1 = timeJ: Julian Days
# name 2 = latitude: Latitude [deg]
# name 3 = longitude: Longitude [deg]
# name 4 = dz/dtM: Descent Rate [m/s]
# name 5 = avgsvCM: Average Sound Velocity [Chen-Millero, m/s]
# name 6 = prDM: Pressure, Digiquartz [db]
# name 7 = depSM: Depth [salt water, m]
# name 8 = t090C: Temperature [ITS-90, deg C]
# name 9 = t190C: Temperature, 2 [ITS-90, deg C]
# name 10 = T2-T190C: Temperature Difference, 2 - 1 [ITS-90, deg C]
# name 11 = potemp090C: Potential Temperature [ITS-90, deg C]
# name 12 = potemp190C: Potential Temperature, 2 [ITS-90, deg C]
# name 13 = potemp90Cdiff: Potential Temperature, Diff, 2 - 1 [ITS-90, deg C]
# name 14 = c0S/m: Conductivity [S/m]
# name 15 = c1S/m: Conductivity, 2 [S/m]
# name 16 = C2-C1S/m: Conductivity Difference, 2 - 1 [S/m]
# name 17 = sal00: Salinity, Practical [PSU]
# name 18 = sal11: Salinity, Practical, 2 [PSU]
# name 19 = sbeox0ML/L: Oxygen, SBE 43 [ml/l]
# name 20 = sigma-é00: Density [sigma-theta, kg/m^3]
# name 21 = sigma-é11: Density, 2 [sigma-theta, kg/m^3]
# name 22 = sal00: Salinity, Practical [PSU]
# name 23 = sigma-é00: Density [sigma-theta, kg/m^3]
# name 24 = svCM: Sound Velocity [Chen-Millero, m/s]
# name 25 = svCM1: Sound Velocity, 2 [Chen-Millero, m/s]
# name 26 = gsw_ptA0: potential temperature [ITS-90, deg C]
# name 27 = gsw_densityA0: density, TEOS-10 [density, kg/m^3]
# name 28 = gsw_saA0: Absolute Salinity [g/kg]
# name 29 = flag:
# span 0 =        456,      69847       
# span 1 = 321.091481, 321.124945       
# span 2 =  -62.30464,  -62.30282       
# span 3 =  -58.22043,  -58.21132       
# span 4 =     -1.306,      1.238       
# span 5 =       0.00,    1457.04       
# span 6 =      2.000,   1379.000       
# span 7 =      1.985,   1361.244       
# span 8 =    -1.3466,     0.6242       
# span 9 =    -1.3457,     0.6249       
# span 10 =    -0.0265,     0.0543      
# span 11 =    -1.3909,     0.5980      
# span 12 =    -1.3903,     0.5988      
# span 13 =    -0.0265,     0.0539      
# span 14 =   2.797170,   2.950904      
# span 15 =   2.797164,   2.950888      
# span 16 =  -0.002105,   0.004159      
# span 17 =    34.2582,    34.5753      
# span 18 =    34.2554,    34.5727      
# span 19 =     5.1220,     8.0100      
# span 20 =    27.5219,    27.7797      
# span 21 =    27.5217,    27.7787      
# span 22 =    34.2574,    34.5732      
# span 23 =    27.5217,    27.7796      
# span 24 =    1446.72,    1464.95      
# span 25 =    1446.76,    1464.95      
# span 26 =    -1.3898,     0.5982      
# span 27 =  1027.5392,  1034.3154      
# span 28 =    34.4228,    34.7428      
# span 29 = 0.0000e+00, 0.0000e+00      
# interval = decibars: 1                
# start_time = Nov 17 2023 02:11:25 [NMEA time, header]
# bad_flag = -9.990e-29
*END*
[from data line 629]
      16052 321.099002  -62.30302 -9.990e-29      1.050    1453.72    632.000    624.975     0.3978     0.4010     0.0031     0.3700     0.3731     0.0031   2.933386   2.933570   0.000193    34.5675    34.5666     5.2654    27.7367    27.7357    34.5636    27.7335    1460.70    1460.72     0.3702  1030.7253    34.7355 0.0000e+00
      16075 321.099013  -62.30302 -9.990e-29      1.042    1453.72    633.000    625.962     0.3895     0.3905     0.0009     0.3617     0.3626     0.0009   2.932706   2.932751   0.000040    34.5662    34.5657     5.2775    27.7361    27.7356    34.5634    27.7339    1460.68    1460.68     0.3619  1030.7305    34.7353 0.0000e+00
      16099 321.099025  -62.30302 -9.990e-29      1.037    1453.72    634.000    626.950     0.3846     0.3858     0.0013     0.3567     0.3580     0.0013   2.932315   2.932353   0.000044    34.5661    34.5653     5.2837    27.7364    27.7356    34.5632    27.7340    1460.67    1460.68     0.3569  1030.7354    34.7351 0.0000e+00
      16122 321.099036  -62.30302  -58.21570      1.026    1453.72    635.000    627.937     0.3841     0.3845     0.0004     0.3562     0.3566     0.0004   2.932275   2.932293   0.000011    34.5649    34.5646     5.2899    27.7354    27.7351    34.5627    27.7336    1460.69    1460.69     0.3564  1030.7395    34.7344 0.0000e+00
      16145 321.099047  -62.30302  -58.21569      1.034    1453.72    636.000    628.925     0.3765     0.3782     0.0017     0.3486     0.3503     0.0017   2.931614   2.931736   0.000096    34.5654    34.5647     5.3018    27.7362    27.7356    34.5619    27.7334    1460.67    1460.68     0.3488  1030.7425    34.7314 0.0000e+00
      16167 321.099058  -62.30302  -58.21568      1.065    1453.72    637.000    629.912     0.3526     0.3541     0.0015     0.3247     0.3262     0.0015   2.929587   2.929569   0.000015    34.5664    34.5648     5.3103    27.7383    27.7371    34.5616    27.7345    1460.57    1460.58     0.3249  1030.7487    34.7311 0.0000e+00
      16189 321.099068  -62.30302  -58.21568      1.096    1453.72    638.000    630.899     0.3321     0.3334     0.0013     0.3043     0.3056     0.0013   2.927818   2.927805  -0.000012    34.5654    34.5638     5.3082    27.7387    27.7374    34.5607    27.7350    1460.50    1460.50     0.3046  1030.7543    34.7302 0.0000e+00
      16209 321.099078  -62.30302  -58.21568      1.132    1453.72    639.000    631.887     0.3203     0.3213     0.0010     0.2925     0.2935     0.0010   2.926784   2.926802   0.000013    34.5636    34.5627     5.2965    27.7380    27.7372    34.5598    27.7349    1460.46    1460.46     0.2928  1030.7591    34.7293 0.0000e+00
      16231 321.099088  -62.30302  -58.21566      1.145    1453.72    640.000    632.874     0.3147     0.3156     0.0010     0.2869     0.2878     0.0010   2.926286   2.926344   0.000052    34.5623    34.5619     5.3080    27.7372    27.7369    34.5590    27.7346    1460.45    1460.45     0.2871  1030.7636    34.7285 0.0000e+00
      16253 321.099099  -62.30302  -58.21566      1.101    1453.72    641.000    633.861     0.3088     0.3096     0.0008     0.2810     0.2818     0.0008   2.925791   2.925851   0.000066    34.5615    34.5615     5.3278    27.7370    27.7369    34.5585    27.7345    1460.44    1460.44     0.2812  1030.7684    34.7280 0.0000e+00
      16277 321.099111  -62.30302  -58.21566      1.042    1453.72    642.000    634.849     0.2884     0.2906     0.0022     0.2607     0.2628     0.0022   2.924000   2.924062   0.000068    34.5629    34.5614     5.3547    27.7393    27.7379    34.5572    27.7346    1460.36    1460.37     0.2609  1030.7736    34.7267 0.0000e+00
      16300 321.099122  -62.30302  -58.21564      1.016    1453.72    643.000    635.836     0.2707     0.2724     0.0017     0.2430     0.2447     0.0017   2.922460   2.922598   0.000119    34.5602    34.5599     5.3645    27.7380    27.7377    34.5563    27.7349    1460.29    1460.30     0.2432  1030.7788    34.7258 0.0000e+00
      16323 321.099133  -62.30302  -58.21564      1.027    1453.72    644.000    636.823     0.2660     0.2669     0.0009     0.2382     0.2392     0.0009   2.922085   2.922133   0.000064    34.5592    34.5589     5.3702    27.7374    27.7372    34.5561    27.7350    1460.29    1460.29     0.2385  1030.7837    34.7256 0.0000e+00
      16346 321.099144  -62.30302  -58.21564      1.061    1453.72    645.000    637.810     0.2678     0.2679     0.0000     0.2401     0.2401     0.0000   2.922268   2.922293   0.000023    34.5580    34.5583     5.3787    27.7364    27.7366    34.5559    27.7347    1460.31    1460.31     0.2403  1030.7881    34.7254 0.0000e+00
      16367 321.099154  -62.30302  -58.21564      1.095    1453.72    646.000    638.798     0.2635     0.2640     0.0005     0.2357     0.2362     0.0005   2.921843   2.921872   0.000035    34.5585    34.5583     5.3879    27.7370    27.7369    34.5546    27.7339    1460.31    1460.31     0.2359  1030.7921    34.7241 0.0000e+00
      16389 321.099164  -62.30303  -58.21563      1.117    1453.72    647.000    639.785     0.2455     0.2463     0.0009     0.2177     0.2186     0.0009   2.920443   2.920428  -0.000022    34.5590    34.5578     5.4015    27.7385    27.7374    34.5557    27.7358    1460.24    1460.24     0.2180  1030.7991    34.7252 0.0000e+00
      16410 321.099175  -62.30304  -58.21562      1.126    1453.72    648.000    640.772     0.2364     0.2370     0.0006     0.2086     0.2093     0.0006   2.919517   2.919530   0.000035    34.5577    34.5574     5.4067    27.7379    27.7376    34.5532    27.7343    1460.21    1460.22     0.2089  1030.8024    34.7227 0.0000e+00
      16431 321.099185  -62.30304  -58.21562      1.131    1453.72    649.000    641.760     0.2198     0.2203     0.0005     0.1921     0.1926     0.0005   2.918239   2.918214  -0.000044    34.5575    34.5564     5.4109    27.7387    27.7377    34.5544    27.7362    1460.16    1460.16     0.1923  1030.8093    34.7240 0.0000e+00
      16452 321.099195  -62.30304  -58.21562      1.143    1453.72    650.000    642.747     0.2221     0.2234     0.0014     0.1943     0.1957     0.0013   2.918351   2.918480   0.000132    34.5551    34.5554     5.4132    27.7367    27.7368    34.5528    27.7347    1460.18    1460.19     0.1946  1030.8125    34.7223 0.0000e+00
      16472 321.099205  -62.30304  -58.21562      1.170    1453.72    651.000    643.735     0.2212     0.2220     0.0007     0.1934     0.1942     0.0007   2.918359   2.918411   0.000058    34.5553    34.5552     5.4284    27.7368    27.7367    34.5532    27.7351    1460.19    1460.20     0.1936  1030.8177    34.7228 0.0000e+00
      16492 321.099214  -62.30304  -58.21560      1.191    1453.72    652.000    644.722     0.2226     0.2231     0.0006     0.1947     0.1952     0.0006   2.918516   2.918549   0.000027    34.5552    34.5550     5.4383    27.7367    27.7365    34.5532    27.7351    1460.22    1460.22     0.1950  1030.8223    34.7227 0.0000e+00
      16513 321.099225  -62.30304  -58.21560      1.174    1453.72    653.000    645.709     0.2178     0.2185     0.0007     0.1899     0.1906     0.0007   2.918160   2.918188   0.000033    34.5555    34.5551     5.4404    27.7371    27.7368    34.5533    27.7354    1460.21    1460.21     0.1902  1030.8274    34.7228 0.0000e+00
      16536 321.099235  -62.30304  -58.21560      1.109    1453.72    654.000    646.696     0.2140     0.2149     0.0009     0.1861     0.1870     0.0009   2.917858   2.917908   0.000050    34.5551    34.5547     5.4516    27.7370    27.7367    34.5530    27.7354    1460.21    1460.21     0.1863  1030.8322    34.7225 0.0000e+00
      16560 321.099247  -62.30304  -58.21560      1.025    1453.72    655.000    647.684     0.2121     0.2132     0.0011     0.1842     0.1853     0.0011   2.917725   2.917813   0.000067    34.5546    34.5543     5.4485    27.7368    27.7364    34.5528    27.7353    1460.22    1460.22     0.1844  1030.8368    34.7223 0.0000e+00
      16585 321.099259  -62.30304  -58.21559      0.975    1453.72    656.000    648.671     0.2047     0.2067     0.0020     0.1767     0.1787     0.0020   2.917094   2.917211   0.000132    34.5546    34.5541     5.4399    27.7372    27.7367    34.5522    27.7353    1460.20    1460.21     0.1770  1030.8416    34.7217 0.0000e+00
      16609 321.099271  -62.30304  -58.21558      0.975    1453.72    657.000    649.658     0.1977     0.1984     0.0007     0.1697     0.1704     0.0007   2.916524   2.916540   0.000027    34.5541    34.5537     5.4457    27.7372    27.7367    34.5520    27.7355    1460.18    1460.19     0.1700  1030.8466    34.7215 0.0000e+00
      16632 321.099282  -62.30303  -58.21558      1.010    1453.72    658.000    650.645     0.1890     0.1895     0.0005     0.1611     0.1616     0.0005   2.915763   2.915789   0.000014    34.5536    34.5533     5.4513    27.7373    27.7369    34.5511    27.7352    1460.16    1460.16     0.1613  1030.8513    34.7207 0.0000e+00
      16654 321.099293  -62.30302  -58.21558      1.056    1453.72    659.000    651.633     0.1673     0.1723     0.0051     0.1394     0.1444     0.0051   2.913861   2.914178   0.000302    34.5548    34.5531     5.4591    27.7394    27.7377    34.5499    27.7354    1460.07    1460.10     0.1397  1030.8566    34.7194 0.0000e+00
      16676 321.099303  -62.30302  -58.21557      1.085    1453.72    660.000    652.620     0.1395     0.1421     0.0025     0.1117     0.1143     0.0025   2.911422   2.911558   0.000138    34.5530    34.5520     5.4737    27.7394    27.7385    34.5483    27.7357    1459.96    1459.97     0.1120  1030.8621    34.7178 0.0000e+00
      16698 321.099314  -62.30303  -58.21556      1.096    1453.72    661.000    653.607     0.1326     0.1333     0.0007     0.1048     0.1055     0.0007   2.910819   2.910862   0.000043    34.5506    34.5505     5.4757    27.7379    27.7377    34.5476    27.7354    1459.94    1459.95     0.1051  1030.8667    34.7171 0.0000e+00
      16720 321.099324  -62.30304  -58.21556      1.106    1453.72    662.000    654.594     0.1237     0.1262     0.0025     0.0959     0.0983     0.0025   2.910030   2.910187   0.000144    34.5509    34.5500     5.4763    27.7386    27.7378    34.5467    27.7352    1459.92    1459.93     0.0961  1030.8713    34.7162 0.0000e+00
      16741 321.099335  -62.30304  -58.21555      1.115    1453.72    663.000    655.582     0.1005     0.1032     0.0026     0.0728     0.0754     0.0026   2.908100   2.908210   0.000134    34.5507    34.5495     5.4971    27.7397    27.7386    34.5466    27.7364    1459.83    1459.84     0.0731  1030.8794    34.7183 0.0000e+00
      16763 321.099345  -62.30304 -9.990e-29      1.117    1453.72    664.000    656.569     0.0976     0.1000     0.0024     0.0699     0.0723     0.0024   2.907747   2.907948   0.000159    34.5491    34.5485     5.5105    27.7385    27.7379    34.5447    27.7349    1459.83    1459.84     0.0701  1030.8829    34.7165 0.0000e+00
      16784 321.099355  -62.30304 -9.990e-29      1.112    1453.72    665.000    657.556     0.0552     0.0634     0.0082     0.0276     0.0358     0.0082   2.904039   2.904501   0.000431    34.5529    34.5493     5.5296    27.7438    27.7405    34.5428    27.7357    1459.65    1459.68     0.0279  1030.8892    34.7146 0.0000e+00
      16806 321.099366  -62.30304 -9.990e-29      1.107    1453.72    666.000    658.544    -0.0090    -0.0044     0.0046    -0.0363    -0.0317     0.0046   2.898550   2.898625   0.000121    34.5511    34.5475     5.5530    27.7458    27.7426    34.5418    27.7383    1459.37    1459.38    -0.0360  1030.8978    34.7137 0.0000e+00
      16828 321.099377  -62.30304  -58.21554      1.096    1453.72    667.000    659.530    -0.0677    -0.0630     0.0046    -0.0947    -0.0900     0.0046   2.893152   2.893296   0.000165    34.5485    34.5455     5.5548    27.7467    27.7440    34.5358    27.7364    1459.10    1459.12    -0.0943  1030.9012    34.7068 0.0000e+00
      16851 321.099388  -62.30304  -58.21554      1.063    1453.72    668.000    660.518    -0.1323    -0.1340    -0.0017    -0.1589    -0.1606    -0.0017   2.887145   2.886974  -0.000223    34.5444    34.5434     5.5660    27.7467    27.7459    34.5284    27.7337    1458.81    1458.80    -0.1586  1030.9034    34.6978 0.0000e+00
      16875 321.099399  -62.30304  -58.21552      1.018    1453.72    669.000    661.505    -0.2148    -0.2101     0.0048    -0.2411    -0.2364     0.0047   2.880424   2.880435   0.000042    34.5441    34.5393     5.6070    27.7505    27.7464    34.5316    27.7404    1458.45    1458.47    -0.2408  1030.9164    34.7010 0.0000e+00
      16899 321.099411  -62.30304  -58.21552      0.997    1453.72    670.000    662.492    -0.2265    -0.2287    -0.0022    -0.2527    -0.2549    -0.0022   2.878905   2.878766  -0.000131    34.5351    34.5359     5.6400    27.7438    27.7445    34.5240    27.7348    1458.41    1458.39    -0.2524  1030.9158    34.6934 0.0000e+00
      16922 321.099422  -62.30304  -58.21552      1.033    1453.72    671.000    663.479    -0.2725    -0.2698     0.0027    -0.2985    -0.2958     0.0027   2.875139   2.875174   0.000026    34.5378    34.5351     5.7000    27.7482    27.7459    34.5252    27.7380    1458.21    1458.22    -0.2982  1030.9247    34.6946 0.0000e+00
      16943 321.099432  -62.30304  -58.21551      1.086    1453.72    672.000    664.467    -0.2894    -0.2862     0.0032    -0.3153    -0.3121     0.0031   2.873449   2.873769   0.000351    34.5309    34.5321     5.7603    27.7435    27.7442    34.5211    27.7355    1458.14    1458.16    -0.3150  1030.9273    34.6905 0.0000e+00
      16965 321.099443  -62.30304  -58.21550      1.100    1453.72    673.000    665.454    -0.3296    -0.3314    -0.0018    -0.3554    -0.3572    -0.0018   2.869879   2.869693  -0.000152    34.5324    34.5325     5.8081    27.7466    27.7467    34.5184    27.7353    1457.97    1457.96    -0.3550  1030.9326    34.6878 0.0000e+00
      16989 321.099454  -62.30304  -58.21550      1.055    1453.72    674.000    666.441    -0.3655    -0.3653     0.0001    -0.3911    -0.3910     0.0001   2.866964   2.866955  -0.000064    34.5300    34.5290     5.8473    27.7463    27.7455    34.5195    27.7378    1457.82    1457.82    -0.3907  1030.9406    34.6888 0.0000e+00
      17014 321.099466  -62.30304  -58.21550      0.980    1453.72    675.000    667.428    -0.3889    -0.3854     0.0035    -0.4145    -0.4110     0.0035   2.864935   2.865137   0.000207    34.5284    34.5271     5.8752    27.7461    27.7450    34.5183    27.7379    1457.72    1457.74    -0.4141  1030.9459    34.6876 0.0000e+00
      17040 321.099479  -62.30304  -58.21549      0.938    1453.72    676.000    668.416    -0.3936    -0.3926     0.0011    -0.4192    -0.4181     0.0011   2.864404   2.864617   0.000205    34.5237    34.5252     5.9054    27.7426    27.7437    34.5159    27.7363    1457.72    1457.72    -0.4188  1030.9491    34.6853 0.0000e+00
      17064 321.099490  -62.30304  -58.21548      0.967    1453.72    677.000    669.403    -0.4112    -0.4104     0.0008    -0.4367    -0.4359     0.0008   2.862871   2.863018   0.000150    34.5234    34.5246     5.9275    27.7432    27.7440    34.5147    27.7361    1457.65    1457.65    -0.4363  1030.9540    34.6841 0.0000e+00
      17086 321.099501  -62.30304  -58.21548      1.030    1453.72    678.000    670.390    -0.4356    -0.4339     0.0017    -0.4610    -0.4593     0.0017   2.860860   2.861012   0.000173    34.5239    34.5243     5.9540    27.7447    27.7449    34.5148    27.7373    1457.55    1457.56    -0.4606  1030.9605    34.6842 0.0000e+00
