Pos-Processados/process_op42/operantar42_012.cnv
* Sea-Bird SBE 9 Data File:
* FileName = C:\Users\Hidrografia\Desktop\OPXLII\Brutos\OP42012.hdr
* Software Version Seasave V 7.26.7.107
* Temperature SN = 6502
* Conductivity SN = 4998
* Number of Bytes Per Scan = 31
* Number of Voltage Words = 2
* Number of Scans Averaged by the Deck Unit = 1
* NMEA Latitude = 45 45.00 S
* NMEA Longitude = 055 01.26 W
* NMEA UTC (Time) = Oct 19 2023 15:31:14
* NMEA baud rate = 4800
** H41
** NPOALTEMAXIMIANO
** NUMERO DA ESTACAO (XXX) 012
** LAT (XX XX.XX S/N) 45 44.898 S
** LONG (XXX XX.XX W/E) 055 00.940 W
** DATAHORA (dd/mm/aaaa hh:mm Z) 19/10/2023 15:24 Z
** PROFUNDIDADE (m) 5690
** OPERADOR 1T ZAMITH
# nquan = 30
# nvalues = 2014                        
# units = specified
# name 0 = scan: Scan Count
# name 1 = timeJ: Julian Days
# name 2 = latitude: Latitude [deg]
# name 3 = longitude: Longitude [deg]
# name 4 = dz/dtM: Descent Rate [m/s]
# name 5 = avgsvCM: Average Sound Velocity [Chen-Millero, m/s]
# name 6 = prDM: Pressure, Digiquartz [db]
# name 7 = depSM: Depth [salt water, m]
# name 8 = t090C: Temperature [ITS-90, deg C]
# name 9 = t190C: Temperature, 2 [ITS-90, deg C]
# name 10 = T2-T190C: Temperature Difference, 2 - 1 [ITS-90, deg C]
# name 11 = potemp090C: Potential Temperature [ITS-90, deg C]
# name 12 = potemp190C: Potential Temperature, 2 [ITS-90, deg C]
# name 13 = potemp90Cdiff: Potential Temperature, Diff, 2 - 1 [ITS-90, deg C]
# name 14 = c0S/m: Conductivity [S/m]
# name 15 = c1S/m: Conductivity, 2 [S/m]
# name 16 = C2-C1S/m: Conductivity Difference, 2 - 1 [S/m]
# name 17 = sal00: Salinity, Practical [PSU]
# name 18 = sal11: Salinity, Practical, 2 [PSU]
# name 19 = sbeox0ML/L: Oxygen, SBE 43 [ml/l]
# name 20 = sigma-é00: Density [sigma-theta, kg/m^3]
# name 21 = sigma-é11: Density, 2 [sigma-theta, kg/m^3]
# name 22 = sal00: Salinity, Practical [PSU]
# name 23 = sigma-é00: Density [sigma-theta, kg/m^3]
# name 24 = svCM: Sound Velocity [Chen-Millero, m/s]
# name 25 = svCM1: Sound Velocity, 2 [Chen-Millero, m/s]
# name 26 = gsw_ptA0: potential temperature [ITS-90, deg C]
# name 27 = gsw_densityA0: density, TEOS-10 [density, kg/m^3]
# name 28 = gsw_saA0: Absolute Salinity [g/kg]
# name 29 = flag:
# span 0 =       2103,      63010       
# span 1 = 292.647703, 292.677076       
# span 2 =  -45.76244,  -45.75052       
# span 3 =  -55.02235,  -55.02060       
# span 4 =     -1.303,      1.279       
# span 5 =       0.00,    1481.43       
# span 6 =      5.000,   1012.000       
# span 7 =      4.972,   1001.251       
# span 8 =     2.6433,     8.3582       
# span 9 =     2.6443,     8.3598       
# span 10 =    -0.2307,     0.2100      
# span 11 =     2.5794,     8.3577      
# span 12 =     2.5803,     8.3593      
# span 13 =    -0.2306,     0.2099      
# span 14 =   3.132121,   3.571820      
# span 15 =   3.132163,   3.571789      
# span 16 =  -0.019619,   0.017965      
# span 17 =    34.0473,    34.5093      
# span 18 =    34.0470,    34.5087      
# span 19 =     3.8938,     7.0944      
# span 20 =    26.5251,    27.5298      
# span 21 =    26.5235,    27.5293      
# span 22 =    34.0501,    34.5092      
# span 23 =    26.5266,    27.5298      
# span 24 =    1469.26,    1482.81      
# span 25 =    1469.26,    1482.82      
# span 26 =     2.5793,     8.3577      
# span 27 =  1026.5515,  1032.2269      
# span 28 =    34.2111,    34.6764      
# span 29 = 0.0000e+00, 0.0000e+00      
# interval = decibars: 1                
# start_time = Oct 19 2023 15:31:14 [NMEA time, header]
# bad_flag = -9.990e-29
*END*
[from data line 677]
      19691 292.656185  -45.75398  -55.02060      0.856    1470.91    683.000    676.294     3.0483     3.0491     0.0008     3.0036     3.0044     0.0008   3.145360   3.145341  -0.000021    34.3218    34.3207     4.6393    27.3434    27.3424    34.3213    27.3430    1472.93    1472.93     3.0035  1030.5187    34.4859 0.0000e+00
      19719 292.656199  -45.75400  -55.02060      0.825    1470.91    684.000    677.282     3.0471     3.0480     0.0009     3.0023     3.0032     0.0009   3.145357   3.145366   0.000010    34.3224    34.3216     4.6340    27.3439    27.3432    34.3220    27.3437    1472.94    1472.95     3.0022  1030.5240    34.4866 0.0000e+00
      19745 292.656212  -45.75400  -55.02060      0.887    1470.91    685.000    678.271     3.0463     3.0472     0.0009     3.0014     3.0023     0.0009   3.145350   3.145378   0.000029    34.3226    34.3220     4.6361    27.3442    27.3436    34.3223    27.3439    1472.96    1472.96     3.0013  1030.5289    34.4869 0.0000e+00
      19769 292.656223  -45.75400  -55.02060      0.976    1470.91    686.000    679.260     3.0457     3.0466     0.0009     3.0008     3.0017     0.0009   3.145393   3.145430   0.000033    34.3232    34.3226     4.6330    27.3447    27.3442    34.3229    27.3445    1472.97    1472.98     3.0007  1030.5340    34.4875 0.0000e+00
      19791 292.656234  -45.75400  -55.02060      1.053    1470.91    687.000    680.248     3.0446     3.0454     0.0008     2.9996     3.0004     0.0008   3.145401   3.145426   0.000030    34.3239    34.3234     4.6330    27.3454    27.3449    34.3236    27.3452    1472.99    1472.99     2.9995  1030.5394    34.4882 0.0000e+00
      19814 292.656245  -45.75400  -55.02060      1.083    1470.91    688.000    681.237     3.0439     3.0448     0.0008     2.9989     2.9997     0.0008   3.145459   3.145479   0.000019    34.3248    34.3241     4.6281    27.3462    27.3455    34.3245    27.3459    1473.00    1473.00     2.9988  1030.5448    34.4891 0.0000e+00
      19845 292.656260  -45.75401  -55.02060      0.864    1470.91    689.000    682.225     3.0434     3.0441     0.0007     2.9982     2.9989     0.0007   3.145578   3.145600   0.000025    34.3262    34.3257     4.6202    27.3473    27.3469    34.3260    27.3472    1473.02    1473.02     2.9982  1030.5506    34.4906 0.0000e+00
      19876 292.656275  -45.75402  -55.02060      0.720    1470.94    690.000    683.214     3.0404     3.0412     0.0008     2.9952     2.9960     0.0008   3.145545   3.145560   0.000014    34.3285    34.3279     4.6093    27.3495    27.3489    34.3282    27.3492    1473.02    1473.02     2.9951  1030.5573    34.4928 0.0000e+00
      19901 292.656287  -45.75402  -55.02060      0.894    1471.06    691.000    684.202     3.0383     3.0391     0.0008     2.9930     2.9939     0.0008   3.145424   3.145413  -0.000001    34.3292    34.3283     4.6095    27.3502    27.3495    34.3284    27.3496    1473.03    1473.03     2.9930  1030.5623    34.4931 0.0000e+00
      19924 292.656298  -45.75402  -55.02060      1.009    1471.06    692.000    685.191     3.0234     3.0236     0.0002     2.9782     2.9784     0.0002   3.144304   3.144141  -0.000156    34.3318    34.3297     4.6109    27.3537    27.3519    34.3301    27.3523    1472.99    1472.98     2.9781  1030.5699    34.4948 0.0000e+00
      19952 292.656311  -45.75404  -55.02060      0.949    1471.06    693.000    686.179     3.0098     3.0106     0.0008     2.9646     2.9654     0.0008   3.143271   3.143085  -0.000191    34.3328    34.3297     4.6024    27.3557    27.3531    34.3314    27.3546    1472.95    1472.94     2.9645  1030.5771    34.4961 0.0000e+00
      19988 292.656329  -45.75404  -55.02060      0.693    1471.06    694.000    687.168     3.0106     3.0113     0.0007     2.9653     2.9660     0.0007   3.143340   3.143375   0.000030    34.3317    34.3313     4.5921    27.3547    27.3543    34.3309    27.3541    1472.97    1472.97     2.9652  1030.5812    34.4956 0.0000e+00
      20025 292.656347  -45.75404  -55.02060      0.627    1471.06    695.000    688.156     3.0076     3.0083     0.0007     2.9623     2.9629     0.0006   3.143173   3.143141  -0.000032    34.3325    34.3314     4.5795    27.3556    27.3547    34.3315    27.3548    1472.97    1472.97     2.9622  1030.5866    34.4962 0.0000e+00
      20053 292.656360  -45.75406  -55.02060      0.778    1471.06    696.000    689.145     3.0041     3.0049     0.0008     2.9587     2.9595     0.0008   3.142883   3.142869  -0.000011    34.3322    34.3312     4.5799    27.3557    27.3548    34.3312    27.3549    1472.97    1472.97     2.9586  1030.5914    34.4959 0.0000e+00
      20077 292.656372  -45.75406  -55.02060      0.949    1471.06    697.000    690.133     2.9980     2.9991     0.0011     2.9525     2.9536     0.0011   3.142400   3.142387  -0.000017    34.3324    34.3310     4.5797    27.3564    27.3552    34.3313    27.3555    1472.96    1472.96     2.9525  1030.5967    34.4960 0.0000e+00
      20101 292.656383  -45.75406  -55.02060      1.018    1471.06    698.000    691.122     2.9947     2.9964     0.0017     2.9492     2.9509     0.0017   3.142110   3.142182   0.000070    34.3319    34.3309     4.5722    27.3563    27.3554    34.3307    27.3554    1472.96    1472.97     2.9491  1030.6012    34.4954 0.0000e+00
      20126 292.656395  -45.75406  -55.02060      0.988    1471.06    699.000    692.110     2.9892     2.9899     0.0007     2.9437     2.9444     0.0007   3.141705   3.141642  -0.000062    34.3322    34.3307     4.5745    27.3571    27.3559    34.3310    27.3561    1472.96    1472.96     2.9436  1030.6067    34.4957 0.0000e+00
      20150 292.656407  -45.75406  -55.02060      0.964    1471.06    700.000    693.099     2.9872     2.9882     0.0010     2.9416     2.9426     0.0010   3.141579   3.141611   0.000031    34.3318    34.3311     4.5757    27.3569    27.3563    34.3311    27.3564    1472.96    1472.97     2.9415  1030.6116    34.4959 0.0000e+00
      20175 292.656419  -45.75407  -55.02060      0.976    1471.06    701.000    694.087     2.9881     2.9890     0.0009     2.9424     2.9433     0.0009   3.141730   3.141770   0.000038    34.3321    34.3316     4.5793    27.3571    27.3567    34.3315    27.3566    1472.98    1472.99     2.9423  1030.6165    34.4962 0.0000e+00
      20204 292.656433  -45.75408  -55.02060      0.894    1471.06    702.000    695.076     2.9881     2.9890     0.0008     2.9424     2.9432     0.0008   3.141819   3.141851   0.000033    34.3325    34.3320     4.5748    27.3574    27.3569    34.3320    27.3570    1473.00    1473.00     2.9423  1030.6215    34.4967 0.0000e+00
      20237 292.656449  -45.75408  -55.02060      0.734    1471.06    703.000    696.064     2.9893     2.9904     0.0011     2.9435     2.9446     0.0010   3.142020   3.142098   0.000080    34.3329    34.3327     4.5745    27.3576    27.3574    34.3326    27.3574    1473.02    1473.03     2.9434  1030.6265    34.4973 0.0000e+00
      20267 292.656463  -45.75410  -55.02060      0.762    1471.06    704.000    697.052     2.9905     2.9915     0.0010     2.9446     2.9456     0.0010   3.142224   3.142277   0.000045    34.3335    34.3330     4.5713    27.3581    27.3576    34.3333    27.3579    1473.05    1473.05     2.9445  1030.6315    34.4981 0.0000e+00
      20295 292.656477  -45.75410  -55.02060      0.843    1471.06    705.000    698.041     2.9927     2.9936     0.0010     2.9467     2.9476     0.0010   3.142490   3.142547   0.000061    34.3337    34.3335     4.5695    27.3580    27.3577    34.3337    27.3580    1473.07    1473.08     2.9466  1030.6362    34.4985 0.0000e+00
      20323 292.656490  -45.75410  -55.02060      0.861    1471.06    706.000    699.029     2.9937     2.9946     0.0009     2.9476     2.9485     0.0009   3.142641   3.142692   0.000052    34.3340    34.3337     4.5668    27.3582    27.3579    34.3340    27.3581    1473.09    1473.10     2.9475  1030.6409    34.4987 0.0000e+00
      20350 292.656503  -45.75411  -55.02060      0.875    1471.06    707.000    700.018     2.9949     2.9958     0.0009     2.9487     2.9496     0.0009   3.142846   3.142889   0.000042    34.3346    34.3341     4.5582    27.3585    27.3580    34.3347    27.3586    1473.12    1473.12     2.9487  1030.6460    34.4994 0.0000e+00
      20373 292.656514  -45.75412  -55.02060      0.971    1471.06    708.000    701.006     2.9958     2.9968     0.0009     2.9496     2.9505     0.0009   3.143021   3.143064   0.000044    34.3352    34.3347     4.5577    27.3589    27.3585    34.3352    27.3590    1473.14    1473.14     2.9495  1030.6509    34.5000 0.0000e+00
      20393 292.656524  -45.75412  -55.02061      1.103    1471.06    709.000    701.995     2.9938     2.9947     0.0009     2.9475     2.9484     0.0009   3.142939   3.142956   0.000018    34.3362    34.3355     4.5599    27.3599    27.3593    34.3358    27.3596    1473.15    1473.15     2.9475  1030.6562    34.5006 0.0000e+00
      20413 292.656534  -45.75412  -55.02061      1.184    1471.06    710.000    702.983     2.9858     2.9869     0.0010     2.9395     2.9405     0.0010   3.142326   3.142303  -0.000021    34.3376    34.3362     4.5576    27.3618    27.3606    34.3364    27.3608    1473.13    1473.13     2.9394  1030.6622    34.5012 0.0000e+00
      20436 292.656545  -45.75412  -55.02060      1.126    1471.06    711.000    703.972     2.9767     2.9777     0.0010     2.9304     2.9314     0.0010   3.141642   3.141620  -0.000025    34.3380    34.3366     4.5583    27.3629    27.3617    34.3372    27.3623    1473.11    1473.11     2.9303  1030.6684    34.5020 0.0000e+00
      20463 292.656558  -45.75412  -55.02060      0.950    1471.06    712.000    704.960     2.9744     2.9752     0.0008     2.9280     2.9289     0.0008   3.141474   3.141462  -0.000005    34.3378    34.3369     4.5519    27.3630    27.3622    34.3370    27.3624    1473.12    1473.12     2.9279  1030.6732    34.5018 0.0000e+00
      20490 292.656571  -45.75413  -55.02060      0.885    1471.06    713.000    705.949     2.9667     2.9675     0.0009     2.9203     2.9211     0.0009   3.141053   3.141015  -0.000044    34.3404    34.3390     4.5500    27.3658    27.3646    34.3396    27.3651    1473.10    1473.10     2.9202  1030.6806    34.5044 0.0000e+00
      20516 292.656583  -45.75414  -55.02060      0.919    1471.06    714.000    706.937     2.9641     2.9649     0.0007     2.9176     2.9184     0.0007   3.140884   3.140864  -0.000015    34.3405    34.3395     4.5495    27.3661    27.3652    34.3397    27.3654    1473.11    1473.11     2.9176  1030.6857    34.5046 0.0000e+00
      20546 292.656598  -45.75414  -55.02060      0.843    1471.06    715.000    707.925     2.9594     2.9602     0.0007     2.9129     2.9136     0.0007   3.140533   3.140495  -0.000040    34.3409    34.3396     4.5432    27.3668    27.3657    34.3399    27.3660    1473.10    1473.10     2.9128  1030.6909    34.5047 0.0000e+00
      20578 292.656613  -45.75416  -55.02060      0.731    1471.06    716.000    708.914     2.9566     2.9576     0.0010     2.9100     2.9110     0.0010   3.140320   3.140333   0.000012    34.3405    34.3395     4.5304    27.3668    27.3659    34.3398    27.3662    1473.11    1473.11     2.9099  1030.6958    34.5046 0.0000e+00
      20606 292.656626  -45.75416  -55.02062      0.814    1471.06    717.000    709.902     2.9570     2.9580     0.0009     2.9104     2.9113     0.0009   3.140453   3.140506   0.000048    34.3406    34.3402     4.5286    27.3668    27.3664    34.3404    27.3666    1473.13    1473.13     2.9103  1030.7008    34.5053 0.0000e+00
      20628 292.656637  -45.75416  -55.02060      0.986    1471.06    718.000    710.891     2.9599     2.9608     0.0009     2.9132     2.9140     0.0009   3.140838   3.140909   0.000077    34.3417    34.3417     4.5278    27.3674    27.3674    34.3415    27.3673    1473.16    1473.16     2.9131  1030.7060    34.5064 0.0000e+00
      20649 292.656647  -45.75416  -55.02060      1.110    1471.06    719.000    711.879     2.9606     2.9614     0.0008     2.9138     2.9146     0.0008   3.141012   3.141055   0.000042    34.3425    34.3421     4.5357    27.3680    27.3676    34.3424    27.3679    1473.18    1473.18     2.9137  1030.7113    34.5072 0.0000e+00
      20672 292.656659  -45.75416  -55.02060      1.084    1471.06    720.000    712.867     2.9651     2.9659     0.0008     2.9182     2.9190     0.0008   3.141554   3.141658   0.000101    34.3432    34.3435     4.5314    27.3681    27.3683    34.3436    27.3685    1473.22    1473.22     2.9181  1030.7164    34.5085 0.0000e+00
      20698 292.656671  -45.75416  -55.02060      0.958    1471.06    721.000    713.856     2.9705     2.9713     0.0008     2.9235     2.9243     0.0008   3.142206   3.142263   0.000060    34.3447    34.3446     4.5217    27.3689    27.3687    34.3453    27.3694    1473.26    1473.26     2.9234  1030.7217    34.5102 0.0000e+00
      20721 292.656682  -45.75418  -55.02060      0.969    1471.06    722.000    714.844     2.9785     2.9780    -0.0005     2.9314     2.9309    -0.0005   3.143057   3.143056  -0.000006    34.3454    34.3458     4.5203    27.3687    27.3691    34.3466    27.3697    1473.31    1473.31     2.9313  1030.7265    34.5115 0.0000e+00
      20742 292.656692  -45.75418  -55.02062      1.088    1471.06    723.000    715.832     2.9841     2.9861     0.0020     2.9369     2.9389     0.0020   3.143703   3.143906   0.000198    34.3472    34.3474     4.5127    27.3696    27.3697    34.3479    27.3703    1473.35    1473.36     2.9369  1030.7316    34.5128 0.0000e+00
      20764 292.656703  -45.75418  -55.02062      1.140    1471.06    724.000    716.821     2.9865     2.9876     0.0012     2.9391     2.9403     0.0012   3.144039   3.144119   0.000086    34.3484    34.3481     4.5038    27.3704    27.3701    34.3490    27.3709    1473.38    1473.38     2.9391  1030.7368    34.5140 0.0000e+00
      20792 292.656716  -45.75418  -55.02062      0.957    1471.06    725.000    717.809     2.9910     2.9920     0.0010     2.9436     2.9445     0.0010   3.144487   3.144705   0.000200    34.3483    34.3497     4.4960    27.3700    27.3710    34.3491    27.3706    1473.42    1473.42     2.9435  1030.7410    34.5141 0.0000e+00
      20825 292.656732  -45.75420  -55.02060      0.725    1471.06    726.000    718.797     2.9982     2.9994     0.0011     2.9507     2.9519     0.0011   3.145174   3.145632   0.000476    34.3479    34.3525     4.4890    27.3690    27.3725    34.3493    27.3701    1473.46    1473.47     2.9506  1030.7450    34.5142 0.0000e+00
      20855 292.656746  -45.75420  -55.02060      0.788    1471.06    727.000    719.786     3.0006     3.0013     0.0007     2.9530     2.9536     0.0007   3.145790   3.145816   0.000029    34.3530    34.3527     4.4854    27.3729    27.3725    34.3537    27.3735    1473.50    1473.50     2.9529  1030.7529    34.5187 0.0000e+00
      20884 292.656760  -45.75422  -55.02060      0.828    1471.06    728.000    720.774     2.9998     3.0008     0.0009     2.9522     2.9531     0.0009   3.145773   3.145808   0.000038    34.3533    34.3528     4.4823    27.3732    27.3727    34.3538    27.3735    1473.51    1473.51     2.9521  1030.7576    34.5187 0.0000e+00
      20911 292.656774  -45.75422  -55.02062      0.839    1471.06    729.000    721.763     3.0000     3.0011     0.0012     2.9522     2.9534     0.0012   3.145839   3.145906   0.000064    34.3534    34.3529     4.4699    27.3732    27.3727    34.3539    27.3737    1473.53    1473.53     2.9521  1030.7623    34.5189 0.0000e+00
      20935 292.656785  -45.75422  -55.02062      0.936    1471.06    730.000    722.751     3.0009     3.0018     0.0010     2.9530     2.9540     0.0010   3.145974   3.146011   0.000043    34.3536    34.3531     4.4666    27.3733    27.3728    34.3541    27.3737    1473.55    1473.55     2.9530  1030.7669    34.5191 0.0000e+00
