Pos-Processados/process_op42/operantar42_022.cnv
* Sea-Bird SBE 9 Data File:
* FileName = C:\Users\Hidrografia\Desktop\OPXLII\Brutos\OP42022.hdr
* Software Version Seasave V 7.26.7.107
* Temperature SN = 6502
* Conductivity SN = 4998
* Number of Bytes Per Scan = 37
* Number of Voltage Words = 4
* Number of Scans Averaged by the Deck Unit = 1
* NMEA Latitude = 62 18.70 S
* NMEA Longitude = 058 31.66 W
* NMEA UTC (Time) = Nov 07 2023 22:53:42
* NMEA baud rate = 4800
** H41
** NPOALTEMAXIMIANO
** NUMERO DA ESTACAO (XXX) 022
** LAT (XX XX.XX S/N) 62 18.60 S
** LONG (XXX XX.XX W/E) 058 32.03 W
** DATAHORA (dd/mm/aaaa hh:mm Z) 07/11/2023 2251Z
** PROFUNDIDADE (m) 434
** OPERADOR 1T ZAMITH
# nquan = 30
# nvalues = 850                         
# units = specified
# name 0 = scan: Scan Count
# name 1 = timeJ: Julian Days
# name 2 = latitude: Latitude [deg]
# name 3 = longitude: Longitude [deg]
# name 4 = dz/dtM: Descent Rate [m/s]
# name 5 = avgsvCM: Average Sound Velocity [Chen-Millero, m/s]
# name 6 = prDM: Pressure, Digiquartz [db]
# name 7 = depSM: Depth [salt water, m]
# name 8 = t090C: Temperature [ITS-90, deg C]
# name 9 = t190C: Temperature, 2 [ITS-90, deg C]
# name 10 = T2-T190C: Temperature Difference, 2 - 1 [ITS-90, deg C]
# name 11 = potemp090C: Potential Temperature [ITS-90, deg C]
# name 12 = potemp190C: Potential Temperature, 2 [ITS-90, deg C]
# name 13 = potemp90Cdiff: Potential Temperature, Diff, 2 - 1 [ITS-90, deg C]
# name 14 = c0S/m: Conductivity [S/m]
# name 15 = c1S/m: Conductivity, 2 [S/m]
# name 16 = C2-C1S/m: Conductivity Difference, 2 - 1 [S/m]
# name 17 = sal00: Salinity, Practical [PSU]
# name 18 = sal11: Salinity, Practical, 2 [PSU]
# name 19 = sbeox0ML/L: Oxygen, SBE 43 [ml/l]
# name 20 = sigma-é00: Density [sigma-theta, kg/m^3]
# name 21 = sigma-é11: Density, 2 [sigma-theta, kg/m^3]
# name 22 = sal00: Salinity, Practical [PSU]
# name 23 = sigma-é00: Density [sigma-theta, kg/m^3]
# name 24 = svCM: Sound Velocity [Chen-Millero, m/s]
# name 25 = svCM1: Sound Velocity, 2 [Chen-Millero, m/s]
# name 26 = gsw_ptA0: potential temperature [ITS-90, deg C]
# name 27 = gsw_densityA0: density, TEOS-10 [density, kg/m^3]
# name 28 = gsw_saA0: Absolute Salinity [g/kg]
# name 29 = flag:
# span 0 =       2376,      35162       
# span 1 = 311.955104, 311.970915       
# span 2 =  -62.31458,  -62.31195       
# span 3 =  -58.52627,  -58.50270       
# span 4 =     -1.249,      1.117       
# span 5 =       0.00,    1450.34       
# span 6 =      4.000,    429.000       
# span 7 =      4.058,    424.435       
# span 8 =    -0.8557,     0.1717       
# span 9 =    -0.8555,     0.1718       
# span 10 =    -0.1579,     0.0373      
# span 11 =    -0.8593,     0.1563      
# span 12 =    -0.8591,     0.1564      
# span 13 =    -0.1573,     0.0373      
# span 14 =   2.785416,   2.898706      
# span 15 =   2.785382,   2.898503      
# span 16 =  -0.013119,   0.003322      
# span 17 =    34.2849,    34.5123      
# span 18 =    34.2837,    34.5107      
# span 19 =     5.6385,     7.6719      
# span 20 =    27.5585,    27.7265      
# span 21 =    27.5578,    27.7280      
# span 22 =    34.2848,    34.5097      
# span 23 =    27.5588,    27.7262      
# span 24 =    1445.11,    1455.60      
# span 25 =    1445.11,    1455.59      
# span 26 =    -0.8592,     0.1564      
# span 27 =  1027.5842,  1029.7761      
# span 28 =    34.4469,    34.6784      
# span 29 = 0.0000e+00, 0.0000e+00      
# interval = decibars: 1                
# start_time = Nov 07 2023 22:53:42 [NMEA time, header]
# bad_flag = -9.990e-29
*END*
[from data line 629]
      25123 311.966074  -62.31394  -58.51049     -0.930    1450.34    225.000    222.717    -0.0561    -0.0510     0.0051    -0.0642    -0.0592     0.0051   2.865281   2.865695   0.000369    34.4185    34.4177     6.1493    27.6401    27.6392    34.4164    27.6384    1451.76    1451.78    -0.0641  1028.7144    34.5843 0.0000e+00
      25147 311.966085  -62.31394  -58.51047     -0.956    1450.34    224.000    221.728    -0.0775    -0.0693     0.0083    -0.0856    -0.0774     0.0083   2.863106   2.863853   0.000687    34.4164    34.4162     6.1636    27.6396    27.6390    34.4123    27.6363    1451.64    1451.68    -0.0855  1028.7077    34.5802 0.0000e+00
      25170 311.966096  -62.31394  -58.51045     -1.032    1450.34    223.000    220.739    -0.0950    -0.0868     0.0082    -0.1030    -0.0948     0.0082   2.861195   2.862090   0.000872    34.4116    34.4140     6.1805    27.6366    27.6381    34.4072    27.6329    1451.53    1451.58    -0.1029  1028.6998    34.5750 0.0000e+00
      25192 311.966107  -62.31395  -58.51043     -1.070    1450.34    222.000    219.749    -0.1273    -0.1059     0.0213    -0.1352    -0.1139     0.0213   2.858266   2.860294   0.001955    34.4098    34.4117     6.1920    27.6367    27.6372    34.4052    27.6330    1451.37    1451.47    -0.1351  1028.6953    34.5730 0.0000e+00
      25215 311.966118  -62.31396  -58.51041     -1.059    1450.34    221.000    218.760    -0.1366    -0.1274     0.0092    -0.1444    -0.1353     0.0091   2.857544   2.858261   0.000860    34.4088    34.4099     6.1961    27.6364    27.6368    34.4067    27.6347    1451.31    1451.35    -0.1443  1028.6922    34.5745 0.0000e+00
      25242 311.966131  -62.31396  -58.51040     -0.976    1450.34    220.000    217.770    -0.1425    -0.1332     0.0093    -0.1503    -0.1410     0.0093   2.856866   2.857835   0.000875    34.4086    34.4097     6.2250    27.6365    27.6370    34.4050    27.6336    1451.26    1451.31    -0.1502  1028.6864    34.5727 0.0000e+00
      25278 311.966148  -62.31396  -58.51038     -0.706    1450.34    219.000    216.782    -0.1401    -0.1191     0.0210    -0.1478    -0.1269     0.0210   2.857022   2.859155   0.002027    34.4071    34.4104     6.2706    27.6351    27.6367    34.4049    27.6334    1451.26    1451.36    -0.1477  1028.6815    34.5727 0.0000e+00
      25320 311.966169  -62.31396  -58.51035     -0.544    1450.34    218.000    215.792    -0.1519    -0.1438     0.0081    -0.1596    -0.1515     0.0081   2.855906   2.856557   0.000840    34.4058    34.4079     6.3018    27.6347    27.6359    34.4040    27.6332    1451.19    1451.22    -0.1595  1028.6767    34.5717 0.0000e+00
      25347 311.966182  -62.31396  -58.51032     -0.765    1450.34    217.000    214.802    -0.1452    -0.1463    -0.0011    -0.1529    -0.1540    -0.0011   2.856495   2.856350  -0.000129    34.4058    34.4053     6.3028    27.6344    27.6340    34.4049    27.6336    1451.20    1451.20    -0.1528  1028.6723    34.5727 0.0000e+00
      25368 311.966192  -62.31396  -58.51030     -1.019    1450.34    216.000    213.813    -0.1397    -0.1388     0.0009    -0.1474    -0.1465     0.0009   2.856932   2.856924  -0.000002    34.4059    34.4048     6.3003    27.6341    27.6333    34.4051    27.6335    1451.21    1451.21    -0.1472  1028.6674    34.5728 0.0000e+00
      25387 311.966201  -62.31396  -58.51029     -1.190    1450.34    215.000    212.824    -0.1391    -0.1377     0.0014    -0.1467    -0.1453     0.0014   2.856905   2.856950   0.000070    34.4057    34.4051     6.3075    27.6339    27.6334    34.4047    27.6331    1451.20    1451.20    -0.1466  1028.6622    34.5724 0.0000e+00
      25406 311.966210  -62.31396  -58.51027     -1.249    1450.34    214.000    211.834    -0.1401    -0.1391     0.0009    -0.1477    -0.1467     0.0009   2.856742   2.856808   0.000053    34.4055    34.4052     6.3080    27.6339    27.6335    34.4042    27.6328    1451.18    1451.18    -0.1476  1028.6572    34.5720 0.0000e+00
      25429 311.966221  -62.31396  -58.51026     -1.166    1450.34    213.000    210.845    -0.1457    -0.1422     0.0035    -0.1533    -0.1497     0.0035   2.856203   2.856474   0.000275    34.4054    34.4050     6.3015    27.6340    27.6336    34.4040    27.6329    1451.13    1451.15    -0.1531  1028.6526    34.5718 0.0000e+00
      25454 311.966233  -62.31396  -58.51023     -1.012    1450.34    212.000    209.855    -0.1478    -0.1426     0.0052    -0.1553    -0.1501     0.0052   2.855996   2.856379   0.000400    34.4052    34.4047     6.3005    27.6340    27.6333    34.4042    27.6332    1451.11    1451.13    -0.1552  1028.6481    34.5719 0.0000e+00
      25484 311.966247  -62.31397  -58.51022     -0.856    1450.34    211.000    208.866    -0.1642    -0.1539     0.0103    -0.1716    -0.1614     0.0103   2.854415   2.855330   0.000863    34.4050    34.4049     6.3043    27.6346    27.6340    34.4022    27.6324    1451.01    1451.06    -0.1715  1028.6427    34.5699 0.0000e+00
      25518 311.966264  -62.31398  -58.51020     -0.717    1450.34    210.000    207.877    -0.1771    -0.1797    -0.0026    -0.1845    -0.1871    -0.0027   2.853152   2.852969  -0.000153    34.4031    34.4040     6.3083    27.6338    27.6346    34.4005    27.6317    1450.94    1450.92    -0.1844  1028.6373    34.5682 0.0000e+00
      25551 311.966280  -62.31398  -58.51017     -0.711    1450.34    209.000    206.887    -0.2116    -0.2161    -0.0045    -0.2188    -0.2234    -0.0045   2.849665   2.849437  -0.000251    34.4000    34.4017     6.3179    27.6330    27.6346    34.3936    27.6278    1450.75    1450.73    -0.2187  1028.6288    34.5612 0.0000e+00
      25578 311.966293  -62.31398  -58.51015     -0.829    1450.34    208.000    205.898    -0.2590    -0.2461     0.0129    -0.2661    -0.2533     0.0129   2.845363   2.846693   0.001281    34.3963    34.3989     6.3344    27.6323    27.6338    34.3903    27.6274    1450.51    1450.57    -0.2660  1028.6241    34.5579 0.0000e+00
      25603 311.966305  -62.31398  -58.51013     -0.929    1450.34    207.000    204.908    -0.3035    -0.2800     0.0235    -0.3105    -0.2871     0.0234   2.841111   2.843455   0.002214    34.3932    34.3962     6.3560    27.6319    27.6333    34.3843    27.6247    1450.28    1450.39    -0.3104  1028.6169    34.5519 0.0000e+00
      25628 311.966317  -62.31398  -58.51011     -0.965    1450.34    206.000    203.919    -0.3384    -0.3163     0.0221    -0.3453    -0.3233     0.0220   2.838190   2.840215   0.002003    34.3921    34.3939     6.3857    27.6326    27.6331    34.3853    27.6272    1450.10    1450.21    -0.3452  1028.6149    34.5529 0.0000e+00
      25655 311.966330  -62.31398  -58.51009     -0.913    1450.34    205.000    202.930    -0.3541    -0.3372     0.0169    -0.3609    -0.3441     0.0169   2.836832   2.838219   0.001487    34.3908    34.3916     6.4251    27.6324    27.6322    34.3854    27.6280    1450.01    1450.09    -0.3608  1028.6110    34.5530 0.0000e+00
      25683 311.966344  -62.31398  -58.51006     -0.860    1450.34    204.000    201.940    -0.3509    -0.3497     0.0012    -0.3578    -0.3566     0.0012   2.836988   2.836996   0.000134    34.3870    34.3875     6.4798    27.6292    27.6295    34.3845    27.6272    1450.01    1450.01    -0.3576  1028.6054    34.5521 0.0000e+00
      25709 311.966356  -62.31398  -58.51004     -0.889    1450.34    203.000    200.951    -0.3213    -0.3360    -0.0147    -0.3281    -0.3428    -0.0147   2.839449   2.838129  -0.001269    34.3855    34.3851     6.5238    27.6265    27.6269    34.3846    27.6258    1450.13    1450.06    -0.3280  1028.5991    34.5522 0.0000e+00
      25736 311.966369  -62.31398  -58.51004     -0.921    1450.34    202.000    199.961    -0.3032    -0.3136    -0.0103    -0.3101    -0.3204    -0.0103   2.840903   2.839953  -0.000899    34.3846    34.3842     6.5524    27.6249    27.6251    34.3843    27.6247    1450.20    1450.15    -0.3099  1028.5931    34.5519 0.0000e+00
      25766 311.966384  -62.31399  -58.51001     -0.834    1450.34    201.000    198.972    -0.2928    -0.3081    -0.0153    -0.2996    -0.3150    -0.0153   2.841652   2.840351  -0.001260    34.3838    34.3842     6.5623    27.6238    27.6249    34.3831    27.6232    1450.23    1450.16    -0.2995  1028.5869    34.5507 0.0000e+00
      25800 311.966400  -62.31400  -58.50999     -0.715    1450.34    200.000    197.982    -0.2902    -0.2960    -0.0057    -0.2970    -0.3027    -0.0057   2.841909   2.841356  -0.000575    34.3846    34.3834     6.5355    27.6243    27.6236    34.3843    27.6240    1450.23    1450.20    -0.2969  1028.5829    34.5518 0.0000e+00
      25829 311.966414  -62.31400  -58.50996     -0.778    1450.34    199.000    196.993    -0.2853    -0.2859    -0.0006    -0.2921    -0.2927    -0.0006   2.842322   2.842197  -0.000146    34.3851    34.3838     6.5159    27.6244    27.6235    34.3848    27.6242    1450.23    1450.23    -0.2920  1028.5783    34.5524 0.0000e+00
      25859 311.966429  -62.31400  -58.50994     -0.815    1450.34    198.000    196.004    -0.2829    -0.2826     0.0003    -0.2896    -0.2893     0.0003   2.842459   2.842427  -0.000035    34.3847    34.3839     6.5047    27.6240    27.6234    34.3845    27.6239    1450.23    1450.23    -0.2895  1028.5731    34.5521 0.0000e+00
      25893 311.966445  -62.31400  -58.50991     -0.724    1450.34    197.000    195.014    -0.2827    -0.2843    -0.0016    -0.2894    -0.2910    -0.0016   2.842428   2.842249  -0.000170    34.3847    34.3843     6.5005    27.6240    27.6237    34.3845    27.6238    1450.21    1450.20    -0.2893  1028.5683    34.5521 0.0000e+00
      25927 311.966461  -62.31400  -58.50988     -0.696    1450.34    196.000    194.025    -0.2813    -0.2812     0.0002    -0.2880    -0.2878     0.0002   2.842475   2.842431  -0.000055    34.3844    34.3834     6.5087    27.6237    27.6229    34.3842    27.6236    1450.20    1450.20    -0.2879  1028.5633    34.5518 0.0000e+00
      25955 311.966475  -62.31400  -58.50986     -0.808    1450.34    195.000    193.035    -0.2808    -0.2803     0.0005    -0.2875    -0.2870     0.0005   2.842455   2.842437  -0.000022    34.3841    34.3832     6.5046    27.6235    27.6227    34.3840    27.6234    1450.19    1450.19    -0.2873  1028.5583    34.5516 0.0000e+00
      25979 311.966486  -62.31400  -58.50984     -0.947    1450.34    194.000    192.046    -0.2805    -0.2799     0.0007    -0.2871    -0.2865     0.0007   2.842430   2.842423  -0.000013    34.3840    34.3831     6.5071    27.6234    27.6226    34.3839    27.6233    1450.17    1450.17    -0.2870  1028.5535    34.5515 0.0000e+00
      26005 311.966499  -62.31400  -58.50983     -0.957    1450.34    193.000    191.056    -0.2794    -0.2797    -0.0003    -0.2859    -0.2862    -0.0003   2.842479   2.842390  -0.000071    34.3837    34.3830     6.5138    27.6230    27.6225    34.3839    27.6232    1450.16    1450.16    -0.2859  1028.5487    34.5515 0.0000e+00
      26037 311.966514  -62.31400  -58.50981     -0.807    1450.34    192.000    190.067    -0.2734    -0.2753    -0.0019    -0.2799    -0.2818    -0.0019   2.842882   2.842709  -0.000175    34.3828    34.3826     6.5163    27.6220    27.6219    34.3831    27.6223    1450.17    1450.16    -0.2798  1028.5430    34.5507 0.0000e+00
      26069 311.966530  -62.31402  -58.50978     -0.713    1450.34    191.000    189.078    -0.2700    -0.2717    -0.0017    -0.2766    -0.2782    -0.0017   2.843088   2.842930  -0.000153    34.3822    34.3821     6.5114    27.6214    27.6213    34.3827    27.6218    1450.17    1450.16    -0.2764  1028.5377    34.5503 0.0000e+00
      26094 311.966542  -62.31402  -58.50976     -0.866    1450.34    190.000    188.088    -0.2649    -0.2671    -0.0022    -0.2714    -0.2736    -0.0022   2.843492   2.843245  -0.000250    34.3821    34.3812     6.5080    27.6211    27.6204    34.3830    27.6217    1450.18    1450.17    -0.2713  1028.5328    34.5505 0.0000e+00
      26115 311.966552  -62.31402  -58.50974     -1.041    1450.34    189.000    187.098    -0.2604    -0.2619    -0.0015    -0.2668    -0.2684    -0.0015   2.843803   2.843577  -0.000210    34.3818    34.3808     6.5132    27.6206    27.6198    34.3826    27.6212    1450.18    1450.17    -0.2668  1028.5275    34.5501 0.0000e+00
      26138 311.966563  -62.31402  -58.50972     -1.100    1450.34    188.000    186.109    -0.2588    -0.2604    -0.0016    -0.2652    -0.2668    -0.0016   2.843874   2.843680  -0.000194    34.3818    34.3811     6.5131    27.6205    27.6200    34.3823    27.6209    1450.17    1450.16    -0.2651  1028.5225    34.5498 0.0000e+00
      26165 311.966576  -62.31402  -58.50970     -0.960    1450.34    187.000    185.120    -0.2602    -0.2600     0.0002    -0.2666    -0.2664     0.0002   2.843691   2.843655  -0.000064    34.3821    34.3810     6.5131    27.6208    27.6199    34.3821    27.6208    1450.15    1450.15    -0.2665  1028.5176    34.5496 0.0000e+00
      26197 311.966592  -62.31402  -58.50967     -0.769    1450.34    186.000    184.130    -0.2665    -0.2638     0.0027    -0.2728    -0.2701     0.0027   2.843066   2.843236   0.000163    34.3816    34.3808     6.5188    27.6207    27.6199    34.3814    27.6206    1450.10    1450.12    -0.2727  1028.5126    34.5489 0.0000e+00
      26229 311.966607  -62.31402  -58.50965     -0.754    1450.34    185.000    183.141    -0.2722    -0.2682     0.0040    -0.2785    -0.2745     0.0040   2.842449   2.842752   0.000293    34.3809    34.3803     6.5111    27.6204    27.6198    34.3803    27.6199    1450.06    1450.08    -0.2784  1028.5073    34.5478 0.0000e+00
      26262 311.966623  -62.31402  -58.50962     -0.737    1450.34    184.000    182.151    -0.2786    -0.2771     0.0015    -0.2849    -0.2834     0.0015   2.841851   2.841904   0.000076    34.3806    34.3799     6.5239    27.6205    27.6199    34.3802    27.6201    1450.01    1450.02    -0.2848  1028.5027    34.5477 0.0000e+00
      26297 311.966640  -62.31402  -58.50960     -0.682    1450.34    183.000    181.162    -0.2843    -0.2913    -0.0069    -0.2905    -0.2974    -0.0069   2.841058   2.840556  -0.000569    34.3794    34.3796     6.5352    27.6198    27.6203    34.3765    27.6175    1449.97    1449.94    -0.2904  1028.4954    34.5440 0.0000e+00
      26323 311.966652  -62.31402  -58.50959     -0.815    1450.34    182.000    180.172    -0.3308    -0.3143     0.0165    -0.3368    -0.3204     0.0164   2.836746   2.838307   0.001479    34.3772    34.3784     6.5522    27.6202    27.6204    34.3720    27.6160    1449.73    1449.81    -0.3367  1028.4894    34.5394 0.0000e+00
      26346 311.966663  -62.31402  -58.50957     -0.988    1450.34    181.000    179.182    -0.3516    -0.3439     0.0077    -0.3576    -0.3499     0.0077   2.834966   2.835596   0.000721    34.3753    34.3763     6.5514    27.6197    27.6201    34.3723    27.6172    1449.62    1449.65    -0.3575  1028.4860    34.5397 0.0000e+00
      26372 311.966676  -62.31402  -58.50955     -0.998    1450.34    180.000    178.193    -0.3557    -0.3420     0.0137    -0.3617    -0.3480     0.0137   2.834667   2.835820   0.001026    34.3757    34.3740     6.5560    27.6202    27.6181    34.3735    27.6184    1449.58    1449.65    -0.3616  1028.4825    34.5410 0.0000e+00
      26402 311.966691  -62.31403  -58.50952     -0.812    1450.34    179.000    177.203    -0.3593    -0.3386     0.0207    -0.3653    -0.3446     0.0207   2.834158   2.835993   0.001834    34.3743    34.3755     6.5996    27.6192    27.6192    34.3714    27.6169    1449.55    1449.64    -0.3651  1028.4762    34.5389 0.0000e+00
