Pos-Processados/process_op42/operantar42_026.ros
* Sea-Bird SBE 9 Data File:
* FileName = C:\Users\Hidrografia\Desktop\OPXLII\Brutos\OP42026.hdr
* Software Version Seasave V 7.26.7.107
* Temperature SN = 6502
* Conductivity SN = 4998
* Number of Bytes Per Scan = 37
* Number of Voltage Words = 4
* Number of Scans Averaged by the Deck Unit = 1
* NMEA Latitude = 62 13.40 S
* NMEA Longitude = 058 12.50 W
* NMEA UTC (Time) = Nov 08 2023 16:16:15
* NMEA baud rate = 4800
** H41
** NPOALTEMAXIMIANO
** NUMERO DA ESTACAO (XXX) 026
** LAT (XX XX.XX S/N) 62  13.401 S
** LONG (XXX XX.XX W/E) 058  12.553 W
** DATAHORA (dd/mm/aaaa hh:mm Z) 08/11/2023 1615Z
** PROFUNDIDADE (m) 390
** OPERADOR 1T ZAMITH
# nquan = 24
# nvalues = 4040                                  
# units = specified
# name 0 = scan: Scan Count
# name 1 = timeJ: Julian Days
# name 2 = latitude: Latitude [deg]
# name 3 = longitude: Longitude [deg]
# name 4 = dz/dtM: Descent Rate [m/s]
# name 5 = avgsvCM: Average Sound Velocity [Chen-Millero, m/s]
# name 6 = prDM: Pressure, Digiquartz [db]
# name 7 = depSM: Depth [salt water, m]
# name 8 = t090C: Temperature [ITS-90, deg C]
# name 9 = t190C: Temperature, 2 [ITS-90, deg C]
# name 10 = T2-T190C: Temperature Difference, 2 - 1 [ITS-90, deg C]
# name 11 = potemp090C: Potential Temperature [ITS-90, deg C]
# name 12 = potemp190C: Potential Temperature, 2 [ITS-90, deg C]
# name 13 = potemp90Cdiff: Potential Temperature, Diff, 2 - 1 [ITS-90, deg C]
# name 14 = c0S/m: Conductivity [S/m]
# name 15 = c1S/m: Conductivity, 2 [S/m]
# name 16 = C2-C1S/m: Conductivity Difference, 2 - 1 [S/m]
# name 17 = sal00: Salinity, Practical [PSU]
# name 18 = sal11: Salinity, Practical, 2 [PSU]
# name 19 = sbeox0ML/L: Oxygen, SBE 43 [ml/l]
# name 20 = sigma-é00: Density [sigma-theta, kg/m^3]
# name 21 = sigma-é11: Density, 2 [sigma-theta, kg/m^3]
# name 22 = nbf: Bottles Fired
# name 23 = flag:  0.000e+00
# interval = seconds: 0.0416667
# start_time = Nov 08 2023 16:16:15 [NMEA time, header]
# bad_flag = -9.990e-29
*END*
[from data line 1148]
      25391 312.690196  -62.22492  -58.19510     -0.115    1448.69     16.269     16.112    -0.8699    -0.8692     0.0006    -0.8703    -0.8697     0.0006   2.776826   2.776795  -0.000031    34.2776    34.2764     7.7251    27.5629    27.5619          7  0.000e+00
      25392 312.690196  -62.22492  -58.19510     -0.119    1448.69     16.269     16.112    -0.8697    -0.8690     0.0007    -0.8701    -0.8695     0.0007   2.776730   2.776840   0.000110    34.2761    34.2768     7.7249    27.5616    27.5622          7  0.000e+00
      25393 312.690197  -62.22492  -58.19510     -0.119    1448.69     16.269     16.112    -0.8701    -0.8686     0.0015    -0.8706    -0.8691     0.0015   2.776781   2.776807   0.000026    34.2773    34.2759     7.7249    27.5626    27.5615          7  0.000e+00
      25394 312.690197  -62.22492  -58.19510     -0.126    1448.69     16.269     16.112    -0.8706    -0.8687     0.0019    -0.8710    -0.8692     0.0019   2.776770   2.776801   0.000031    34.2777    34.2760     7.7249    27.5630    27.5615          7  0.000e+00
      25395 312.690198  -62.22492  -58.19510     -0.128    1448.69     16.212     16.056    -0.8711    -0.8686     0.0026    -0.8716    -0.8690     0.0026   2.776758   2.776807   0.000048    34.2781    34.2759     7.7249    27.5634    27.5614          7  0.000e+00
      25396 312.690198  -62.22492  -58.19510     -0.126    1448.69     16.269     16.112    -0.8711    -0.8689     0.0022    -0.8716    -0.8694     0.0022   2.776718   2.776807   0.000088    34.2776    34.2763     7.7249    27.5629    27.5617          7  0.000e+00
      25397 312.690199  -62.22492  -58.19510     -0.131    1448.69     16.212     16.056    -0.8706    -0.8690     0.0016    -0.8710    -0.8695     0.0016   2.776844   2.776784  -0.000059    34.2787    34.2761     7.7247    27.5638    27.5616          7  0.000e+00
      25398 312.690199  -62.22492  -58.19510     -0.128    1448.69     16.269     16.112    -0.8705    -0.8700     0.0005    -0.8709    -0.8704     0.0005   2.776872   2.776706  -0.000166    34.2789    34.2761     7.7249    27.5640    27.5617          7  0.000e+00
      25399 312.690200  -62.22492  -58.19510     -0.128    1448.69     16.212     16.056    -0.8709    -0.8709     0.0001    -0.8714    -0.8713     0.0001   2.776781   2.776633  -0.000148    34.2783    34.2762     7.7262    27.5634    27.5617          7  0.000e+00
      25400 312.690200  -62.22492  -58.19510     -0.132    1448.69     16.212     16.056    -0.8705    -0.8718    -0.0013    -0.8709    -0.8723    -0.0013   2.776696   2.776566  -0.000130    34.2766    34.2763     7.7264    27.5621    27.5619          7  0.000e+00
      25401 312.690201  -62.22492  -58.19510     -0.134    1448.69     16.212     16.056    -0.8705    -0.8725    -0.0020    -0.8709    -0.8730    -0.0020   2.776798   2.776521  -0.000277    34.2780    34.2765     7.7266    27.5632    27.5621          7  0.000e+00
      25402 312.690201  -62.22492  -58.19510     -0.132    1448.69     16.212     16.056    -0.8700    -0.8729    -0.0029    -0.8705    -0.8733    -0.0029   2.776912   2.776442  -0.000469    34.2790    34.2759     7.7267    27.5640    27.5616          7  0.000e+00
      25403 312.690202  -62.22492  -58.19510     -0.133    1448.69     16.212     16.056    -0.8701    -0.8723    -0.0022    -0.8706    -0.8727    -0.0022   2.776861   2.776487  -0.000373    34.2784    34.2758     7.7271    27.5635    27.5615          7  0.000e+00
      25404 312.690202  -62.22492  -58.19510     -0.134    1448.69     16.212     16.056    -0.8700    -0.8715    -0.0015    -0.8705    -0.8720    -0.0015   2.776838   2.776560  -0.000278    34.2780    34.2759     7.7275    27.5632    27.5616          7  0.000e+00
      25405 312.690203  -62.22492  -58.19510     -0.138    1448.69     16.212     16.056    -0.8699    -0.8715    -0.0016    -0.8703    -0.8719    -0.0016   2.776798   2.776571  -0.000227    34.2772    34.2760     7.7279    27.5626    27.5616          7  0.000e+00
      25406 312.690203  -62.22492  -58.19510     -0.133    1448.69     16.212     16.056    -0.8696    -0.8711    -0.0015    -0.8700    -0.8715    -0.0015   2.776838   2.776571  -0.000267    34.2775    34.2755     7.7283    27.5627    27.5612          7  0.000e+00
      25407 312.690204  -62.22492  -58.19510     -0.128    1448.69     16.212     16.056    -0.8696    -0.8709    -0.0013    -0.8700    -0.8713    -0.0013   2.776861   2.776594  -0.000267    34.2778    34.2756     7.7288    27.5630    27.5613          7  0.000e+00
      25408 312.690204  -62.22492  -58.19510     -0.126    1448.69     16.212     16.056    -0.8697    -0.8707    -0.0010    -0.8701    -0.8711    -0.0010   2.776764   2.776639  -0.000125    34.2766    34.2760     7.7295    27.5620    27.5616          7  0.000e+00
      25409 312.690204  -62.22492  -58.19510     -0.131    1448.69     16.148     15.992    -0.8700    -0.8709    -0.0008    -0.8705    -0.8713    -0.0008   2.776735   2.776616  -0.000119    34.2766    34.2760     7.7290    27.5621    27.5616          7  0.000e+00
      25410 312.690205  -62.22492  -58.19510     -0.128    1448.69     16.212     16.056    -0.8700    -0.8708    -0.0007    -0.8705    -0.8712    -0.0007   2.776832   2.776655  -0.000177    34.2779    34.2763     7.7296    27.5631    27.5619          7  0.000e+00
      25411 312.690205  -62.22492  -58.19510     -0.128    1448.69     16.156     16.000    -0.8701    -0.8706    -0.0004    -0.8706    -0.8710    -0.0004   2.776838   2.776655  -0.000183    34.2781    34.2762     7.7302    27.5633    27.5617          7  0.000e+00
      25412 312.690206  -62.22492  -58.19510     -0.128    1448.69     16.148     15.992    -0.8700    -0.8706    -0.0005    -0.8705    -0.8710    -0.0005   2.776798   2.776627  -0.000171    34.2775    34.2758     7.7298    27.5628    27.5614          7  0.000e+00
      25413 312.690206  -62.22492  -58.19510     -0.126    1448.69     16.212     16.056    -0.8700    -0.8713    -0.0013    -0.8705    -0.8718    -0.0013   2.776724   2.776622  -0.000102    34.2764    34.2765     7.7307    27.5619    27.5621          7  0.000e+00
      25414 312.690207  -62.22492  -58.19510     -0.121    1448.69     16.212     16.056    -0.8699    -0.8713    -0.0015    -0.8703    -0.8718    -0.0015   2.776741   2.776605  -0.000136    34.2765    34.2763     7.7303    27.5620    27.5619          7  0.000e+00
      25415 312.690207  -62.22492  -58.19510     -0.122    1448.69     16.148     15.992    -0.8700    -0.8711    -0.0010    -0.8705    -0.8715    -0.0010   2.776855   2.776594  -0.000261    34.2783    34.2759     7.7309    27.5634    27.5615          7  0.000e+00
      25416 312.690208  -62.22492  -58.19510     -0.122    1448.69     16.156     16.000    -0.8699    -0.8709    -0.0010    -0.8703    -0.8713    -0.0010   2.776872   2.776616  -0.000256    34.2783    34.2760     7.7306    27.5634    27.5616          7  0.000e+00
      25417 312.690208  -62.22492  -58.19510     -0.115    1448.69     16.212     16.056    -0.8701    -0.8712    -0.0011    -0.8706    -0.8717    -0.0011   2.776764   2.776644  -0.000120    34.2771    34.2767     7.7304    27.5625    27.5622          7  0.000e+00
      25418 312.690209  -62.22492  -58.19510     -0.115    1448.69     16.148     15.992    -0.8706    -0.8711    -0.0004    -0.8710    -0.8715    -0.0004   2.776690   2.776650  -0.000040    34.2767    34.2766     7.7302    27.5621    27.5621          7  0.000e+00
      25419 312.690209  -62.22492  -58.19510     -0.114    1448.69     16.148     15.992    -0.8712    -0.8713    -0.0001    -0.8717    -0.8718    -0.0001   2.776730   2.776650  -0.000080    34.2779    34.2770     7.7300    27.5632    27.5624          7  0.000e+00
      25420 312.690210  -62.22492  -58.19510     -0.112    1448.69     16.148     15.992    -0.8716    -0.8708     0.0008    -0.8720    -0.8712     0.0008   2.776775   2.776650  -0.000126    34.2789    34.2763     7.7297    27.5640    27.5618          7  0.000e+00
      25421 312.690210  -62.22492  -58.19510     -0.106    1448.69     16.212     16.056    -0.8719    -0.8707     0.0012    -0.8723    -0.8711     0.0012   2.776701   2.776627  -0.000074    34.2782    34.2759     7.7307    27.5634    27.5615          7  0.000e+00
      25422 312.690211  -62.22492  -58.19510     -0.103    1448.69     16.156     16.000    -0.8719    -0.8706     0.0013    -0.8723    -0.8710     0.0013   2.776639   2.776638 -3.185e-07    34.2774    34.2759     7.7315    27.5628    27.5615          7  0.000e+00
      25423 312.690211  -62.22492  -58.19510     -0.104    1448.69     16.148     15.992    -0.8717    -0.8709     0.0008    -0.8721    -0.8713     0.0008   2.776605   2.776633   0.000028    34.2767    34.2762     7.7312    27.5623    27.5618          7  0.000e+00
      25424 312.690212  -62.22492  -58.19510     -0.100    1448.69     16.212     16.056    -0.8717    -0.8711     0.0006    -0.8721    -0.8715     0.0006   2.776696   2.776582  -0.000113    34.2779    34.2757     7.7310    27.5632    27.5614          7  0.000e+00
      25425 312.690212  -62.22492  -58.19510     -0.096    1448.69     16.148     15.992    -0.8722    -0.8716     0.0005    -0.8726    -0.8721     0.0005   2.776713   2.776571  -0.000141    34.2787    34.2762     7.7254    27.5639    27.5618          7  0.000e+00
      25426 312.690213  -62.22492  -58.19510     -0.092    1448.69     16.148     15.992    -0.8723    -0.8715     0.0008    -0.8728    -0.8720     0.0008   2.776605   2.776571  -0.000033    34.2775    34.2761     7.7319    27.5629    27.5617          7  0.000e+00
      25427 312.690213  -62.22492  -58.19510     -0.090    1448.69     16.156     16.000    -0.8727    -0.8713     0.0013    -0.8731    -0.8718     0.0013   2.776536   2.776571   0.000035    34.2769    34.2759     7.7255    27.5624    27.5615          8  0.000e+00
      25428 312.690214  -62.22492  -58.19510     -0.084    1448.69     16.212     16.056    -0.8727    -0.8712     0.0015    -0.8731    -0.8716     0.0015   2.776542   2.776627   0.000085    34.2770    34.2764     7.7244    27.5625    27.5620          8  0.000e+00
      25429 312.690214  -62.22492  -58.19510     -0.078    1448.69     16.212     16.056    -0.8731    -0.8713     0.0018    -0.8736    -0.8718     0.0018   2.776622   2.776627   0.000006    34.2786    34.2766     7.7299    27.5638    27.5621          8  0.000e+00
      25430 312.690215  -62.22492  -58.19510     -0.076    1448.69     16.148     15.992    -0.8743    -0.8718     0.0025    -0.8748    -0.8723     0.0025   2.776531   2.776605   0.000074    34.2787    34.2769     7.7301    27.5640    27.5624          8  0.000e+00
      25431 312.690215  -62.22492  -58.19510     -0.074    1448.69     16.148     15.992    -0.8747    -0.8724     0.0023    -0.8751    -0.8729     0.0023   2.776457   2.776577   0.000120    34.2781    34.2772     7.7248    27.5635    27.5626          8  0.000e+00
      25432 312.690216  -62.22492  -58.19510     -0.067    1448.69     16.212     16.056    -0.8750    -0.8726     0.0024    -0.8754    -0.8730     0.0024   2.776360   2.776594   0.000233    34.2771    34.2776     7.7306    27.5627    27.5630          8  0.000e+00
      25433 312.690216  -62.22492  -58.19510     -0.067    1448.69     16.148     15.992    -0.8755    -0.8726     0.0029    -0.8759    -0.8730     0.0029   2.776451   2.776577   0.000126    34.2790    34.2774     7.7317    27.5642    27.5628          8  0.000e+00
      25434 312.690217  -62.22492  -58.19510     -0.059    1448.69     16.212     16.056    -0.8754    -0.8724     0.0030    -0.8759    -0.8729     0.0030   2.776491   2.776515   0.000024    34.2794    34.2763     7.7319    27.5645    27.5619          8  0.000e+00
      25435 312.690217  -62.22492  -58.19510     -0.055    1448.69     16.212     16.056    -0.8754    -0.8723     0.0031    -0.8759    -0.8727     0.0031   2.776434   2.776549   0.000115    34.2786    34.2766     7.7255    27.5639    27.5622          8  0.000e+00
      25436 312.690217  -62.22492  -58.19508     -0.047    1448.69     16.212     16.056    -0.8751    -0.8713     0.0038    -0.8756    -0.8718     0.0038   2.776377   2.776594   0.000216    34.2775    34.2762     7.7311    27.5630    27.5618          8  0.000e+00
      25437 312.690218  -62.22492  -58.19508     -0.046    1448.69     16.148     15.992    -0.8744    -0.8706     0.0038    -0.8748    -0.8710     0.0038   2.776423   2.776655   0.000233    34.2773    34.2762     7.7311    27.5628    27.5617          8  0.000e+00
      25438 312.690218  -62.22492  -58.19508     -0.041    1448.69     16.212     16.056    -0.8725    -0.8701     0.0024    -0.8729    -0.8705     0.0024   2.776599   2.776711   0.000112    34.2775    34.2763     7.7309    27.5629    27.5619          8  0.000e+00
      25439 312.690219  -62.22492  -58.19508     -0.036    1448.69     16.212     16.056    -0.8712    -0.8697     0.0015    -0.8717    -0.8701     0.0015   2.776753   2.776751  -0.000002    34.2782    34.2764     7.7318    27.5634    27.5619          8  0.000e+00
      25440 312.690219  -62.22492  -58.19508     -0.031    1448.69     16.212     16.056    -0.8712    -0.8687     0.0025    -0.8717    -0.8692     0.0025   2.776667   2.776751   0.000083    34.2770    34.2753     7.7321    27.5625    27.5610          8  0.000e+00
      25441 312.690220  -62.22492  -58.19508     -0.025    1448.69     16.212     16.056    -0.8714    -0.8684     0.0030    -0.8718    -0.8689     0.0030   2.776627   2.776779   0.000151    34.2767    34.2754     7.7323    27.5622    27.5610          8  0.000e+00
      25442 312.690220  -62.22492  -58.19508     -0.020    1448.69     16.212     16.056    -0.8709    -0.8684     0.0025    -0.8714    -0.8689     0.0025   2.776718   2.776801   0.000083    34.2774    34.2757     7.7324    27.5628    27.5613          8  0.000e+00
      25443 312.690221  -62.22492  -58.19508     -0.014    1448.69     16.212     16.056    -0.8703    -0.8683     0.0021    -0.8708    -0.8687     0.0021   2.776798   2.776790  -0.000008    34.2778    34.2753     7.7325    27.5630    27.5610          8  0.000e+00
      25444 312.690221  -62.22492  -58.19508     -0.012    1448.69     16.212     16.056    -0.8699    -0.8686     0.0013    -0.8703    -0.8690     0.0013   2.776770   2.776840   0.000071    34.2769    34.2763     7.7326    27.5623    27.5618          8  0.000e+00
      25445 312.690222  -62.22492  -58.19508     -0.003    1448.69     16.268     16.112    -0.8694    -0.8692     0.0002    -0.8698    -0.8697     0.0002   2.776741   2.776818   0.000077    34.2759    34.2767     7.7328    27.5615    27.5622          8  0.000e+00
      25446 312.690222  -62.22492  -58.19508     -0.000    1448.69     16.212     16.056    -0.8686    -0.8701    -0.0015    -0.8690    -0.8705    -0.0015   2.776792   2.776751  -0.000042    34.2757    34.2769     7.7328    27.5613    27.5623          8  0.000e+00
      25447 312.690223  -62.22492  -58.19508      0.009    1448.69     16.268     16.112    -0.8685    -0.8711    -0.0026    -0.8689    -0.8715    -0.0026   2.776906   2.776706  -0.000200    34.2771    34.2773     7.7330    27.5624    27.5627          8  0.000e+00
      25448 312.690223  -62.22492  -58.19508      0.015    1448.69     16.277     16.120    -0.8681    -0.8718    -0.0037    -0.8686    -0.8723    -0.0037   2.776957   2.776605  -0.000352    34.2774    34.2768     7.7331    27.5627    27.5623          8  0.000e+00
      25449 312.690224  -62.22492  -58.19508      0.017    1448.69     16.212     16.056    -0.8677    -0.8726    -0.0049    -0.8681    -0.8730    -0.0049   2.776969   2.776571  -0.000397    34.2771    34.2773     7.7332    27.5624    27.5627          8  0.000e+00
