Pos-Processados/process_op42/operantar42_007.cnv
* Sea-Bird SBE 9 Data File:
* FileName = C:\Users\Hidrografia\Desktop\OPXLII\Brutos\OP42006.hdr
* Software Version Seasave V 7.26.7.107
* Temperature SN = 6502
* Conductivity SN = 4998
* Number of Bytes Per Scan = 31
* Number of Voltage Words = 2
* Number of Scans Averaged by the Deck Unit = 1
* NMEA Latitude = 41 49.29 S
* NMEA Longitude = 054 31.41 W
* NMEA UTC (Time) = Oct 18 2023 00:54:10
* NMEA baud rate = 4800
** H41
** NPOALTEMAXIMIANO
** NUMERO DA ESTACAO (XXX) 006
** LAT (XX XX.XX S/N) 41 49.31 S
** LONG (XXX XX.XX W/E) 054 31.42 W
** DATAHORA (dd/mm/aaaa hh:mm Z) 17/10/2023 0025Z
** PROFUNDIDADE (m) 5071
** OPERADOR CT FILIPE LOPES
# nquan = 30
# nvalues = 2027                        
# units = specified
# name 0 = scan: Scan Count
# name 1 = timeJ: Julian Days
# name 2 = latitude: Latitude [deg]
# name 3 = longitude: Longitude [deg]
# name 4 = dz/dtM: Descent Rate [m/s]
# name 5 = avgsvCM: Average Sound Velocity [Chen-Millero, m/s]
# name 6 = prDM: Pressure, Digiquartz [db]
# name 7 = depSM: Depth [salt water, m]
# name 8 = t090C: Temperature [ITS-90, deg C]
# name 9 = t190C: Temperature, 2 [ITS-90, deg C]
# name 10 = T2-T190C: Temperature Difference, 2 - 1 [ITS-90, deg C]
# name 11 = potemp090C: Potential Temperature [ITS-90, deg C]
# name 12 = potemp190C: Potential Temperature, 2 [ITS-90, deg C]
# name 13 = potemp90Cdiff: Potential Temperature, Diff, 2 - 1 [ITS-90, deg C]
# name 14 = c0S/m: Conductivity [S/m]
# name 15 = c1S/m: Conductivity, 2 [S/m]
# name 16 = C2-C1S/m: Conductivity Difference, 2 - 1 [S/m]
# name 17 = sal00: Salinity, Practical [PSU]
# name 18 = sal11: Salinity, Practical, 2 [PSU]
# name 19 = sbeox0ML/L: Oxygen, SBE 43 [ml/l]
# name 20 = sigma-é00: Density [sigma-theta, kg/m^3]
# name 21 = sigma-é11: Density, 2 [sigma-theta, kg/m^3]
# name 22 = sal00: Salinity, Practical [PSU]
# name 23 = sigma-é00: Density [sigma-theta, kg/m^3]
# name 24 = svCM: Sound Velocity [Chen-Millero, m/s]
# name 25 = svCM1: Sound Velocity, 2 [Chen-Millero, m/s]
# name 26 = gsw_ptA0: potential temperature [ITS-90, deg C]
# name 27 = gsw_densityA0: density, TEOS-10 [density, kg/m^3]
# name 28 = gsw_saA0: Absolute Salinity [g/kg]
# name 29 = flag:
# span 0 =       5829,      65275       
# span 1 = 291.040426, 291.069095       
# span 2 =  -41.82056,  -41.81190       
# span 3 =  -54.52299,  -54.51750       
# span 4 =     -1.512,      1.484       
# span 5 =       0.00,    1502.65       
# span 6 =      2.000,   1016.000       
# span 7 =      2.019,   1005.581       
# span 8 =     3.0698,    13.7247       
# span 9 =     3.0706,    13.7272       
# span 10 =    -0.5423,     0.5292      
# span 11 =     3.0038,    13.7226      
# span 12 =     3.0046,    13.7240      
# span 13 =    -0.5412,     0.5282      
# span 14 =   3.155142,   4.206754      
# span 15 =   3.155159,   4.207083      
# span 16 =  -0.052698,   0.056733      
# span 17 =    34.1191,    35.3569      
# span 18 =    34.1214,    35.3575      
# span 19 =     4.6802,     6.4864      
# span 20 =    26.5102,    27.3265      
# span 21 =    26.5122,    27.3263      
# span 22 =    34.1140,    35.3598      
# span 23 =    26.5205,    27.3264      
# span 24 =    1475.74,    1503.67      
# span 25 =    1475.75,    1503.66      
# span 26 =     3.0037,    13.7226      
# span 27 =  1026.5452,  1032.0304      
# span 28 =    34.2756,    35.5268      
# span 29 = 0.0000e+00, 0.0000e+00      
# interval = decibars: 1                
# start_time = Oct 18 2023 00:54:10 [NMEA time, header]
# bad_flag = -9.990e-29
*END*
[from data line 822]
      27562 291.050907  -41.81708  -54.52092      1.018    1483.64    824.000    815.930     3.4119     3.4129     0.0010     3.3548     3.3558     0.0010   3.174453   3.174535   0.000078    34.2156    34.2155     5.3446    27.2260    27.2258    34.2155    27.2259    1476.67    1476.68     3.3547  1031.0437    34.3799 0.0000e+00
      27593 291.050922  -41.81708  -54.52092      0.785    1483.64    825.000    816.918     3.4141     3.4149     0.0008     3.3569     3.3577     0.0008   3.174707   3.174774   0.000062    34.2159    34.2158     5.3447    27.2260    27.2259    34.2157    27.2259    1476.70    1476.70     3.3568  1031.0483    34.3801 0.0000e+00
      27620 291.050935  -41.81708  -54.52092      0.809    1483.64    826.000    817.906     3.4158     3.4171     0.0013     3.3586     3.3598     0.0013   3.174957   3.175060   0.000106    34.2162    34.2162     5.3483    27.2261    27.2259    34.2164    27.2263    1476.72    1476.73     3.3584  1031.0531    34.3807 0.0000e+00
      27641 291.050945  -41.81708  -54.52092      1.013    1483.64    827.000    818.895     3.4181     3.4192     0.0011     3.3608     3.3619     0.0010   3.175309   3.175421   0.000106    34.2172    34.2174     5.3385    27.2267    27.2267    34.2177    27.2271    1476.75    1476.75     3.3607  1031.0585    34.3820 0.0000e+00
      27658 291.050953  -41.81708  -54.52092      1.223    1483.64    828.000    819.883     3.4217     3.4229     0.0013     3.3642     3.3655     0.0013   3.175832   3.175957   0.000125    34.2190    34.2191     5.3374    27.2278    27.2278    34.2197    27.2284    1476.78    1476.79     3.3641  1031.0643    34.3841 0.0000e+00
      27674 291.050961  -41.81706  -54.52092      1.375    1483.64    829.000    820.871     3.4240     3.4250     0.0010     3.3664     3.3674     0.0010   3.176245   3.176306   0.000068    34.2213    34.2211     5.3399    27.2295    27.2292    34.2217    27.2298    1476.81    1476.82     3.3663  1031.0702    34.3861 0.0000e+00
      27693 291.050970  -41.81706  -54.52092      1.396    1483.64    830.000    821.859     3.4233     3.4236     0.0003     3.3657     3.3660     0.0003   3.176283   3.176292   0.000013    34.2223    34.2221     5.3383    27.2303    27.2301    34.2224    27.2303    1476.83    1476.83     3.3656  1031.0754    34.3868 0.0000e+00
      27728 291.050987  -41.81705  -54.52091      0.866    1483.64    831.000    822.847     3.4224     3.4233     0.0009     3.3647     3.3656     0.0009   3.176235   3.176280   0.000044    34.2222    34.2218     5.3116    27.2303    27.2299    34.2222    27.2303    1476.84    1476.84     3.3646  1031.0800    34.3866 0.0000e+00
      27782 291.051013  -41.81704  -54.52090      0.395    1483.64    832.000    823.838     3.4224     3.4234     0.0010     3.3646     3.3656     0.0010   3.176310   3.176360   0.000047    34.2224    34.2219     5.2795    27.2305    27.2300    34.2226    27.2306    1476.86    1476.86     3.3645  1031.0849    34.3870 0.0000e+00
      27815 291.051029  -41.81704  -54.52090      0.679    1483.64    833.000    824.824     3.4226     3.4232     0.0007     3.3647     3.3654     0.0007   3.176464   3.176497   0.000035    34.2239    34.2236     5.2762    27.2316    27.2313    34.2238    27.2315    1476.88    1476.88     3.3646  1031.0904    34.3882 0.0000e+00
      27843 291.051042  -41.81704  -54.52090      0.819    1483.64    834.000    825.812     3.4188     3.4196     0.0008     3.3609     3.3617     0.0008   3.176219   3.176242   0.000023    34.2245    34.2240     5.2840    27.2325    27.2320    34.2242    27.2323    1476.88    1476.88     3.3608  1031.0953    34.3881 0.0000e+00
      27868 291.051055  -41.81704 -9.990e-29      0.912    1483.64    835.000    826.800     3.4150     3.4158     0.0008     3.3571     3.3578     0.0008   3.175926   3.175948   0.000024    34.2247    34.2242     5.2823    27.2330    27.2325    34.2242    27.2326    1476.88    1476.88     3.3569  1031.1002    34.3879 0.0000e+00
      27889 291.051065  -41.81702 -9.990e-29      1.026    1483.64    836.000    827.789     3.4093     3.4100     0.0007     3.3513     3.3521     0.0007   3.175531   3.175535   0.000004    34.2256    34.2249     5.2712    27.2343    27.2336    34.2249    27.2337    1476.87    1476.87     3.3512  1031.1061    34.3886 0.0000e+00
      27908 291.051074  -41.81702 -9.990e-29      1.162    1483.64    837.000    828.777     3.4057     3.4065     0.0008     3.3477     3.3485     0.0008   3.175288   3.175326   0.000037    34.2259    34.2255     5.2649    27.2349    27.2345    34.2252    27.2343    1476.87    1476.87     3.3476  1031.1114    34.3890 0.0000e+00
      27925 291.051082  -41.81702 -9.990e-29      1.300    1483.64    838.000    829.765     3.4034     3.4043     0.0009     3.3454     3.3462     0.0009   3.175140   3.175182   0.000042    34.2259    34.2254     5.2548    27.2351    27.2347    34.2253    27.2346    1476.88    1476.88     3.3452  1031.1163    34.3891 0.0000e+00
      27941 291.051090  -41.81702  -54.52088      1.407    1483.64    839.000    830.753     3.4014     3.4022     0.0008     3.3433     3.3440     0.0008   3.174995   3.175028   0.000031    34.2260    34.2256     5.2516    27.2354    27.2350    34.2252    27.2347    1476.89    1476.89     3.3431  1031.1215    34.3895 0.0000e+00
      27958 291.051098  -41.81702  -54.52088      1.452    1483.64    840.000    831.741     3.3994     3.4002     0.0008     3.3412     3.3420     0.0008   3.174904   3.174963   0.000059    34.2261    34.2259     5.2547    27.2356    27.2354    34.2257    27.2353    1476.89    1476.90     3.3411  1031.1268    34.3901 0.0000e+00
      27980 291.051109  -41.81702  -54.52088      1.302    1483.64    841.000    832.730     3.3996     3.4004     0.0008     3.3413     3.3421     0.0008   3.174973   3.175034   0.000062    34.2261    34.2260     5.2456    27.2357    27.2355    34.2258    27.2354    1476.91    1476.92     3.3412  1031.1315    34.3903 0.0000e+00
      28019 291.051127  -41.81700  -54.52088      0.704    1483.64    842.000    833.718     3.4010     3.4026     0.0016     3.3426     3.3442     0.0016   3.175127   3.175234   0.000100    34.2259    34.2254     5.2411    27.2354    27.2348    34.2257    27.2352    1476.93    1476.94     3.3425  1031.1358    34.3902 0.0000e+00
      28064 291.051149  -41.81700  -54.52088      0.513    1483.64    843.000    834.706     3.3993     3.4009     0.0016     3.3409     3.3425     0.0016   3.175076   3.175147   0.000076    34.2267    34.2260     5.2446    27.2362    27.2354    34.2263    27.2358    1476.94    1476.95     3.3407  1031.1411    34.3908 0.0000e+00
      28098 291.051166  -41.81700  -54.52086      0.674    1483.64    844.000    835.694     3.3997     3.4007     0.0009     3.3412     3.3422     0.0009   3.175222   3.175305   0.000080    34.2270    34.2269     5.2405    27.2363    27.2362    34.2271    27.2364    1476.96    1476.97     3.3411  1031.1463    34.3916 0.0000e+00
      28124 291.051178  -41.81700  -54.52086      0.836    1483.64    845.000    836.682     3.4006     3.4014     0.0008     3.3420     3.3428     0.0008   3.175371   3.175427   0.000058    34.2275    34.2274     5.2396    27.2367    27.2365    34.2274    27.2366    1476.99    1476.99     3.3419  1031.1499    34.3905 0.0000e+00
      28146 291.051189  -41.81698  -54.52086      0.997    1483.64    846.000    837.670     3.3990     3.3999     0.0008     3.3403     3.3412     0.0008   3.175326   3.175365   0.000040    34.2285    34.2281     5.2433    27.2376    27.2372    34.2281    27.2373    1477.00    1477.00     3.3402  1031.1563    34.3926 0.0000e+00
      28165 291.051198  -41.81698  -54.52086      1.146    1483.64    847.000    838.659     3.3972     3.3980     0.0009     3.3384     3.3393     0.0009   3.175250   3.175310   0.000064    34.2286    34.2285     5.2398    27.2380    27.2378    34.2286    27.2379    1477.00    1477.01     3.3383  1031.1615    34.3931 0.0000e+00
      28182 291.051206  -41.81698  -54.52086      1.290    1483.64    848.000    839.646     3.3967     3.3976     0.0008     3.3379     3.3387     0.0008   3.175285   3.175327   0.000041    34.2293    34.2290     5.2379    27.2385    27.2381    34.2289    27.2382    1477.02    1477.02     3.3378  1031.1665    34.3935 0.0000e+00
      28199 291.051214  -41.81698  -54.52086      1.381    1483.64    849.000    840.635     3.3917     3.3925     0.0008     3.3329     3.3336     0.0008   3.175014   3.175058   0.000042    34.2310    34.2307     5.2333    27.2404    27.2401    34.2304    27.2399    1477.02    1477.02     3.3327  1031.1728    34.3949 0.0000e+00
      28218 291.051224  -41.81698  -54.52086      1.362    1483.64    850.000    841.623     3.3893     3.3901     0.0008     3.3304     3.3311     0.0008   3.174898   3.174954   0.000058    34.2315    34.2314     5.2250    27.2410    27.2408    34.2311    27.2406    1477.02    1477.03     3.3302  1031.1782    34.3956 0.0000e+00
      28244 291.051236  -41.81698  -54.52086      1.120    1483.64    851.000    842.611     3.3878     3.3886     0.0008     3.3288     3.3296     0.0008   3.174841   3.174885   0.000046    34.2318    34.2315     5.2218    27.2413    27.2411    34.2314    27.2410    1477.04    1477.04     3.3287  1031.1842    34.3971 0.0000e+00
      28278 291.051252 -9.990e-29 -9.990e-29      0.735    1483.64    852.000    843.599     3.3860     3.3869     0.0009     3.3270     3.3278     0.0009   3.174772   3.174803   0.000034    34.2324    34.2319     5.2072    27.2420    27.2415    34.2319    27.2416    1477.05    1477.05     3.3268  1031.1897    34.3980 0.0000e+00
      28312 291.051269 -9.990e-29 -9.990e-29      0.696    1483.64    853.000    844.587     3.3835     3.3843     0.0008     3.3244     3.3252     0.0008   3.174628   3.174646   0.000013    34.2327    34.2320     5.1890    27.2425    27.2419    34.2323    27.2422    1477.05    1477.05     3.3243  1031.1948    34.3984 0.0000e+00
      28340 291.051282  -41.81696  -54.52084      0.794    1483.64    854.000    845.575     3.3814     3.3822     0.0008     3.3223     3.3230     0.0008   3.174478   3.174505   0.000032    34.2328    34.2323     5.1923    27.2427    27.2423    34.2322    27.2423    1477.06    1477.06     3.3221  1031.1988    34.3972 0.0000e+00
      28365 291.051294  -41.81696  -54.52084      0.915    1483.64    855.000    846.564     3.3797     3.3806     0.0009     3.3205     3.3214     0.0009   3.174408   3.174444   0.000032    34.2328    34.2323     5.1875    27.2429    27.2425    34.2326    27.2428    1477.07    1477.07     3.3204  1031.2035    34.3971 0.0000e+00
      28385 291.051304  -41.81695  -54.52084      1.065    1483.64    856.000    847.552     3.3827     3.3838     0.0011     3.3233     3.3244     0.0011   3.174777   3.174866   0.000087    34.2330    34.2329     5.1844    27.2428    27.2427    34.2334    27.2432    1477.10    1477.10     3.3232  1031.2084    34.3980 0.0000e+00
      28404 291.051313  -41.81694  -54.52084      1.201    1483.64    857.000    848.540     3.3828     3.3835     0.0007     3.3234     3.3241     0.0007   3.174850   3.174878   0.000034    34.2343    34.2340     5.1851    27.2439    27.2436    34.2337    27.2434    1477.11    1477.12     3.3233  1031.2132    34.3982 0.0000e+00
      28424 291.051323  -41.81694  -54.52084      1.235    1483.64    858.000    849.528     3.3786     3.3798     0.0012     3.3191     3.3203     0.0012   3.174541   3.174601   0.000063    34.2345    34.2340     5.1865    27.2444    27.2439    34.2338    27.2439    1477.12    1477.12     3.3190  1031.2184    34.3984 0.0000e+00
      28449 291.051335  -41.81694  -54.52084      1.085    1483.64    859.000    850.516     3.3763     3.3770     0.0008     3.3168     3.3175     0.0008   3.174505   3.174556   0.000039    34.2350    34.2346     5.1875    27.2450    27.2447    34.2353    27.2453    1477.13    1477.13     3.3167  1031.2245    34.3999 0.0000e+00
      28475 291.051347  -41.81694  -54.52082      0.918    1483.64    860.000    851.504     3.3865     3.3874     0.0009     3.3269     3.3278     0.0009   3.175547   3.175693   0.000153    34.2360    34.2368     5.1800    27.2449    27.2455    34.2365    27.2453    1477.19    1477.19     3.3268  1031.2288    34.4011 0.0000e+00
      28498 291.051359  -41.81692  -54.52082      0.968    1483.64    861.000    852.492     3.3891     3.3902     0.0010     3.3294     3.3304     0.0010   3.175983   3.176076   0.000088    34.2377    34.2377     5.1785    27.2460    27.2459    34.2385    27.2467    1477.22    1477.22     3.3292  1031.2347    34.4031 0.0000e+00
      28519 291.051369  -41.81692  -54.52082      1.080    1483.64    862.000    853.480     3.4010     3.4022     0.0011     3.3411     3.3423     0.0011   3.177289   3.177439   0.000151    34.2397    34.2403     5.1722    27.2465    27.2469    34.2412    27.2477    1477.29    1477.29     3.3410  1031.2400    34.4058 0.0000e+00
      28544 291.051381  -41.81692  -54.52082      1.069    1483.61    863.000    854.468     3.4012     3.4021     0.0008     3.3413     3.3421     0.0008   3.177481   3.177523   0.000047    34.2424    34.2421     5.1600    27.2486    27.2483    34.2427    27.2489    1477.31    1477.31     3.3411  1031.2458    34.4074 0.0000e+00
      28579 291.051398  -41.81692  -54.52082      0.736 -9.990e-29    864.000    855.457     3.4006     3.4014     0.0008     3.3405     3.3413     0.0008   3.177528   3.177560   0.000032    34.2432    34.2427     5.1407    27.2493    27.2489    34.2435    27.2496    1477.32    1477.32     3.3404  1031.2511    34.4082 0.0000e+00
      28610 291.051412  -41.81690  -54.52080      0.698 -9.990e-29    865.000    856.444     3.4004     3.4011     0.0008     3.3402     3.3410     0.0008   3.177585   3.177634   0.000049    34.2436    34.2433     5.1171    27.2496    27.2494    34.2439    27.2499    1477.34    1477.34     3.3401  1031.2560    34.4086 0.0000e+00
      28631 291.051423  -41.81690  -54.52080      0.957    1483.22    866.000    857.433     3.3999     3.4007     0.0008     3.3397     3.3405     0.0008   3.177621   3.177660   0.000042    34.2440    34.2437     5.1106    27.2501    27.2497    34.2443    27.2503    1477.35    1477.35     3.3395  1031.2610    34.4090 0.0000e+00
      28649 291.051431  -41.81690  -54.52080      1.173    1483.19    867.000    858.420     3.4002     3.4011     0.0009     3.3399     3.3408     0.0009   3.177741   3.177785   0.000040    34.2445    34.2441     5.1097    27.2504    27.2500    34.2448    27.2507    1477.37    1477.37     3.3398  1031.2660    34.4095 0.0000e+00
      28668 291.051440  -41.81690  -54.52080      1.292    1483.19    868.000    859.408     3.4015     3.4024     0.0009     3.3411     3.3420     0.0009   3.177956   3.178016   0.000059    34.2451    34.2448     5.1041    27.2508    27.2505    34.2456    27.2512    1477.39    1477.40     3.3410  1031.2710    34.4103 0.0000e+00
      28689 291.051451  -41.81690  -54.52080      1.244    1483.19    869.000    860.397     3.4042     3.4051     0.0009     3.3437     3.3446     0.0009   3.178324   3.178386   0.000061    34.2460    34.2458     5.0977    27.2513    27.2511    34.2467    27.2518    1477.42    1477.43     3.3436  1031.2761    34.4113 0.0000e+00
      28717 291.051464  -41.81688  -54.52080      0.974    1483.19    870.000    861.384     3.4070     3.4078     0.0008     3.3464     3.3472     0.0008   3.178679   3.178745   0.000066    34.2469    34.2468     5.0959    27.2518    27.2516    34.2475    27.2522    1477.45    1477.46     3.3463  1031.2810    34.4122 0.0000e+00
      28745 291.051478  -41.81688  -54.52080      0.836    1483.19    871.000    862.373     3.4099     3.4108     0.0009     3.3493     3.3501     0.0009   3.179042   3.179131   0.000088    34.2476    34.2478     5.0940    27.2521    27.2521    34.2482    27.2525    1477.48    1477.49     3.3491  1031.2859    34.4129 0.0000e+00
