Pos-Processados/process_op42/operantar42_028.cnv
* Sea-Bird SBE 9 Data File:
* FileName = C:\Users\Hidrografia\Desktop\OPXLII\Brutos\OP42028.hdr
* Software Version Seasave V 7.26.7.107
* Temperature SN = 6502
* Conductivity SN = 4998
* Number of Bytes Per Scan = 37
* Number of Voltage Words = 4
* Number of Scans Averaged by the Deck Unit = 1
* NMEA Latitude = 62 18.54 S
* NMEA Longitude = 058 32.92 W
* NMEA UTC (Time) = Nov 08 2023 22:59:21
* NMEA baud rate = 4800
** H41
** NPOALTEMAXIMIANO
** NUMERO DA ESTACAO (XXX) 028
** LAT (XX XX.XX S/N) 62 18.530 S
** LONG (XXX XX.XX W/E) 058 32.937 W
** DATAHORA (dd/mm/aaaa hh:mm Z) 08/11/2023 2258Z
** PROFUNDIDADE (m) 339
** OPERADOR CT FABIREZA
# nquan = 30
# nvalues = 747                         
# units = specified
# name 0 = scan: Scan Count
# name 1 = timeJ: Julian Days
# name 2 = latitude: Latitude [deg]
# name 3 = longitude: Longitude [deg]
# name 4 = dz/dtM: Descent Rate [m/s]
# name 5 = avgsvCM: Average Sound Velocity [Chen-Millero, m/s]
# name 6 = prDM: Pressure, Digiquartz [db]
# name 7 = depSM: Depth [salt water, m]
# name 8 = t090C: Temperature [ITS-90, deg C]
# name 9 = t190C: Temperature, 2 [ITS-90, deg C]
# name 10 = T2-T190C: Temperature Difference, 2 - 1 [ITS-90, deg C]
# name 11 = potemp090C: Potential Temperature [ITS-90, deg C]
# name 12 = potemp190C: Potential Temperature, 2 [ITS-90, deg C]
# name 13 = potemp90Cdiff: Potential Temperature, Diff, 2 - 1 [ITS-90, deg C]
# name 14 = c0S/m: Conductivity [S/m]
# name 15 = c1S/m: Conductivity, 2 [S/m]
# name 16 = C2-C1S/m: Conductivity Difference, 2 - 1 [S/m]
# name 17 = sal00: Salinity, Practical [PSU]
# name 18 = sal11: Salinity, Practical, 2 [PSU]
# name 19 = sbeox0ML/L: Oxygen, SBE 43 [ml/l]
# name 20 = sigma-é00: Density [sigma-theta, kg/m^3]
# name 21 = sigma-é11: Density, 2 [sigma-theta, kg/m^3]
# name 22 = sal00: Salinity, Practical [PSU]
# name 23 = sigma-é00: Density [sigma-theta, kg/m^3]
# name 24 = svCM: Sound Velocity [Chen-Millero, m/s]
# name 25 = svCM1: Sound Velocity, 2 [Chen-Millero, m/s]
# name 26 = gsw_ptA0: potential temperature [ITS-90, deg C]
# name 27 = gsw_densityA0: density, TEOS-10 [density, kg/m^3]
# name 28 = gsw_saA0: Absolute Salinity [g/kg]
# name 29 = flag:
# span 0 =       2738,      31078       
# span 1 = 312.959202, 312.972869       
# span 2 =  -62.31664,  -62.30974       
# span 3 =  -58.54835,  -58.54422       
# span 4 =     -1.196,      0.985       
# span 5 =       0.00,    1448.73       
# span 6 =      1.000,    375.000       
# span 7 =      1.101,    371.045       
# span 8 =    -0.6392,     0.0331       
# span 9 =    -0.6377,     0.0310       
# span 10 =    -0.0362,     0.0526      
# span 11 =    -0.6430,     0.0188      
# span 12 =    -0.6415,     0.0165      
# span 13 =    -0.0361,     0.0524      
# span 14 =   2.803185,   2.883344      
# span 15 =   2.803173,   2.883052      
# span 16 =  -0.003401,   0.005327      
# span 17 =    34.2960,    34.4642      
# span 18 =    34.2951,    34.4640      
# span 19 =     5.9105,     7.5105      
# span 20 =    27.5637,    27.6751      
# span 21 =    27.5627,    27.6727      
# span 22 =    34.2957,    34.4660      
# span 23 =    27.5637,    27.6742      
# span 24 =    1445.61,    1454.67      
# span 25 =    1445.61,    1454.67      
# span 26 =    -0.6429,     0.0189      
# span 27 =  1027.5751,  1029.4545      
# span 28 =    34.4585,    34.6337      
# span 29 = 0.0000e+00, 0.0000e+00      
# interval = decibars: 1                
# start_time = Nov 08 2023 22:59:21 [NMEA time, header]
# bad_flag = -9.990e-29
*END*
[from data line 532]
      21112 312.968063  -62.31438  -58.54514     -0.744    1448.73    215.000    212.824    -0.6310    -0.6300     0.0010    -0.6377    -0.6367     0.0010   2.810192   2.810188  -0.000004    34.3348    34.3336     7.2818    27.5996    27.5985    34.3348    27.5995    1448.82    1448.82    -0.6375  1028.6323    34.5022 0.0000e+00
      21151 312.968082  -62.31440  -58.54514     -0.624    1448.73    214.000    211.834    -0.6313    -0.6304     0.0009    -0.6379    -0.6371     0.0009   2.810111   2.810108  -0.000004    34.3348    34.3337     7.2732    27.5995    27.5987    34.3347    27.5994    1448.80    1448.80    -0.6378  1028.6275    34.5021 0.0000e+00
      21185 312.968098  -62.31440  -58.54514     -0.662    1448.73    213.000    210.845    -0.6314    -0.6306     0.0008    -0.6380    -0.6372     0.0008   2.810053   2.810038  -0.000011    34.3346    34.3336     7.2722    27.5994    27.5986    34.3346    27.5994    1448.78    1448.79    -0.6379  1028.6226    34.5020 0.0000e+00
      21209 312.968110  -62.31440  -58.54513     -0.879    1448.73    212.000    209.856    -0.6312    -0.6306     0.0007    -0.6378    -0.6372     0.0007   2.810015   2.809992  -0.000025    34.3346    34.3336     7.2741    27.5994    27.5985    34.3345    27.5994    1448.77    1448.77    -0.6377  1028.6178    34.5019 0.0000e+00
      21234 312.968121  -62.31441  -58.54512     -0.996    1448.73    211.000    208.866    -0.6312    -0.6304     0.0008    -0.6378    -0.6370     0.0008   2.809977   2.809956  -0.000020    34.3347    34.3334     7.2737    27.5994    27.5984    34.3347    27.5994    1448.75    1448.75    -0.6376  1028.6131    34.5020 0.0000e+00
      21263 312.968136  -62.31442  -58.54512     -0.882    1448.73    210.000    207.877    -0.6315    -0.6305     0.0010    -0.6381    -0.6371     0.0010   2.809909   2.809909  -0.000002    34.3347    34.3336     7.2913    27.5995    27.5985    34.3346    27.5994    1448.73    1448.74    -0.6379  1028.6084    34.5020 0.0000e+00
      21297 312.968152  -62.31442  -58.54512     -0.708    1448.73    209.000    206.887    -0.6318    -0.6309     0.0009    -0.6383    -0.6374     0.0009   2.809824   2.809821  -0.000003    34.3345    34.3335     7.2786    27.5994    27.5985    34.3344    27.5993    1448.72    1448.72    -0.6381  1028.6013    34.4992 0.0000e+00
      21329 312.968167 -9.990e-29  -58.54512     -0.740    1448.73    208.000    205.898    -0.6322    -0.6312     0.0010    -0.6386    -0.6377     0.0010   2.809735   2.809741   0.000006    34.3344    34.3334     7.2797    27.5993    27.5984    34.3343    27.5992    1448.70    1448.70    -0.6385  1028.5943    34.4963 0.0000e+00
      21361 312.968183 -9.990e-29  -58.54511     -0.755    1448.73    207.000    204.909    -0.6325    -0.6315     0.0011    -0.6390    -0.6379     0.0011   2.809661   2.809669   0.000009    34.3344    34.3333     7.2738    27.5993    27.5983    34.3343    27.5992    1448.68    1448.68    -0.6388  1028.5894    34.4962 0.0000e+00
      21398 312.968201  -62.31444  -58.54510     -0.660    1448.73    206.000    203.919    -0.6329    -0.6320     0.0009    -0.6393    -0.6384     0.0009   2.809577   2.809566  -0.000007    34.3343    34.3331     7.2696    27.5992    27.5983    34.3341    27.5991    1448.66    1448.66    -0.6391  1028.5868    34.4988 0.0000e+00
      21433 312.968218  -62.31445  -58.54510     -0.675    1448.73    205.000    202.930    -0.6332    -0.6324     0.0008    -0.6396    -0.6388     0.0008   2.809482   2.809474  -0.000009    34.3340    34.3330     7.2842    27.5990    27.5981    34.3339    27.5989    1448.64    1448.65    -0.6394  1028.5839    34.5012 0.0000e+00
      21471 312.968236  -62.31446  -58.54510     -0.637    1448.73    204.000    201.940    -0.6332    -0.6325     0.0007    -0.6395    -0.6389     0.0007   2.809424   2.809401  -0.000022    34.3338    34.3327     7.2834    27.5988    27.5979    34.3337    27.5987    1448.63    1448.63    -0.6394  1028.5791    34.5011 0.0000e+00
      21501 312.968250  -62.31447  -58.54509     -0.737    1448.73    203.000    200.951    -0.6319    -0.6313     0.0005    -0.6382    -0.6376     0.0005   2.809487   2.809439  -0.000043    34.3335    34.3323     7.2720    27.5985    27.5975    34.3337    27.5987    1448.62    1448.62    -0.6381  1028.5742    34.5010 0.0000e+00
      21524 312.968262  -62.31448  -58.54508     -0.933    1448.73    202.000    199.961    -0.6304    -0.6299     0.0005    -0.6366    -0.6361     0.0005   2.809558   2.809509  -0.000053    34.3335    34.3323     7.2567    27.5985    27.5975    34.3336    27.5985    1448.61    1448.61    -0.6365  1028.5693    34.5009 0.0000e+00
      21550 312.968274  -62.31448  -58.54508     -0.984    1448.73    201.000    198.972    -0.6310    -0.6302     0.0008    -0.6372    -0.6364     0.0008   2.809475   2.809442  -0.000032    34.3338    34.3324     7.2639    27.5987    27.5975    34.3337    27.5987    1448.59    1448.59    -0.6371  1028.5647    34.5011 0.0000e+00
      21581 312.968289  -62.31450  -58.54508     -0.808    1448.73    200.000    197.983    -0.6307    -0.6301     0.0006    -0.6369    -0.6363     0.0006   2.809457   2.809423  -0.000035    34.3337    34.3326     7.2481    27.5987    27.5977    34.3338    27.5987    1448.57    1448.58    -0.6368  1028.5599    34.5011 0.0000e+00
      21613 312.968304  -62.31450  -58.54508     -0.752    1448.73    199.000    196.993    -0.6304    -0.6296     0.0008    -0.6365    -0.6357     0.0008   2.809453   2.809425  -0.000028    34.3340    34.3327     7.2351    27.5988    27.5977    34.3340    27.5989    1448.56    1448.56    -0.6364  1028.5553    34.5013 0.0000e+00
      21650 312.968322  -62.31451  -58.54508     -0.682    1448.73    198.000    196.004    -0.6305    -0.6297     0.0008    -0.6366    -0.6358     0.0008   2.809408   2.809384  -0.000024    34.3341    34.3329     7.2220    27.5989    27.5979    34.3341    27.5989    1448.54    1448.55    -0.6365  1028.5506    34.5014 0.0000e+00
      21690 312.968342  -62.31452  -58.54506     -0.575    1448.73    197.000    195.014    -0.6303    -0.6296     0.0007    -0.6364    -0.6357     0.0007   2.809385   2.809348  -0.000033    34.3341    34.3328     7.2129    27.5989    27.5979    34.3342    27.5990    1448.53    1448.53    -0.6363  1028.5459    34.5015 0.0000e+00
      21722 312.968357  -62.31452  -58.54506     -0.721    1448.73    196.000    194.025    -0.6291    -0.6285     0.0006    -0.6352    -0.6346     0.0006   2.809443   2.809410  -0.000037    34.3342    34.3330     7.2120    27.5990    27.5980    34.3343    27.5990    1448.52    1448.52    -0.6350  1028.5412    34.5016 0.0000e+00
      21749 312.968370  -62.31452  -58.54506     -0.842    1448.73    195.000    193.035    -0.6292    -0.6284     0.0008    -0.6352    -0.6345     0.0008   2.809394   2.809375  -0.000020    34.3343    34.3332     7.2111    27.5991    27.5981    34.3343    27.5991    1448.50    1448.50    -0.6351  1028.5365    34.5017 0.0000e+00
      21778 312.968384  -62.31454  -58.54506     -0.850    1448.73    194.000    192.046    -0.6293    -0.6284     0.0009    -0.6353    -0.6344     0.0009   2.809352   2.809326  -0.000026    34.3345    34.3331     7.2140    27.5992    27.5981    34.3345    27.5992    1448.48    1448.49    -0.6352  1028.5318    34.5018 0.0000e+00
      21809 312.968399  -62.31454  -58.54506     -0.790    1448.73    193.000    191.056    -0.6295    -0.6286     0.0009    -0.6355    -0.6346     0.0009   2.809293   2.809276  -0.000020    34.3346    34.3333     7.2247    27.5993    27.5982    34.3345    27.5992    1448.47    1448.47    -0.6353  1028.5286    34.5038 0.0000e+00
      21838 312.968413  -62.31455 -9.990e-29     -0.810    1448.73    192.000    190.067    -0.6301    -0.6290     0.0011    -0.6360    -0.6349     0.0011   2.809195   2.809197  -0.000001    34.3345    34.3332     7.2139    27.5993    27.5982    34.3345    27.5992    1448.45    1448.45    -0.6359  1028.5240    34.5039 0.0000e+00
      21864 312.968425  -62.31456 -9.990e-29     -0.895    1448.73    191.000    189.077    -0.6304    -0.6294     0.0010    -0.6362    -0.6353     0.0010   2.809122   2.809120 -5.549e-07    34.3344    34.3333     7.2237    27.5992    27.5983    34.3344    27.5992    1448.43    1448.43    -0.6362  1028.5192    34.5039 0.0000e+00
      21891 312.968438  -62.31456 -9.990e-29     -0.904    1448.73    190.000    188.088    -0.6303    -0.6295     0.0008    -0.6362    -0.6353     0.0008   2.809087   2.809065  -0.000021    34.3345    34.3333     7.2202    27.5992    27.5982    34.3345    27.5993    1448.41    1448.42    -0.6360  1028.5132    34.5023 0.0000e+00
      21922 312.968453 -9.990e-29 -9.990e-29     -0.798    1448.73    189.000    187.099    -0.6291    -0.6290     0.0001    -0.6350    -0.6348     0.0001   2.809124   2.809074  -0.000049    34.3342    34.3334     7.2241    27.5990    27.5983    34.3343    27.5990    1448.40    1448.40    -0.6348  1028.5045    34.4975 0.0000e+00
      21953 312.968469 -9.990e-29 -9.990e-29     -0.760    1448.73    188.000    186.109    -0.6289    -0.6280     0.0009    -0.6348    -0.6338     0.0009   2.809094   2.809082  -0.000013    34.3343    34.3331     7.2319    27.5990    27.5980    34.3342    27.5990    1448.39    1448.39    -0.6346  1028.4998    34.4975 0.0000e+00
      21983 312.968483  -62.31458  -58.54502     -0.800    1448.73    187.000    185.120    -0.6288    -0.6283     0.0005    -0.6346    -0.6341     0.0005   2.809063   2.809023  -0.000035    34.3342    34.3331     7.2314    27.5989    27.5981    34.3343    27.5990    1448.37    1448.37    -0.6344  1028.4952    34.4978 0.0000e+00
      22021 312.968501  -62.31460  -58.54502     -0.665    1448.73    186.000    184.130    -0.6266    -0.6280    -0.0014    -0.6324    -0.6338    -0.0014   2.809183   2.809009  -0.000170    34.3339    34.3332     7.2269    27.5986    27.5981    34.3341    27.5987    1448.37    1448.36    -0.6322  1028.4932    34.5014 0.0000e+00
      22058 312.968519  -62.31460  -58.54502     -0.612    1448.73    185.000    183.141    -0.6251    -0.6243     0.0008    -0.6308    -0.6300     0.0008   2.809266   2.809232  -0.000039    34.3339    34.3325     7.2169    27.5985    27.5974    34.3341    27.5987    1448.36    1448.36    -0.6307  1028.4883    34.5014 0.0000e+00
      22084 312.968532  -62.31460  -58.54502     -0.825    1448.73    184.000    182.151    -0.6244    -0.6239     0.0005    -0.6301    -0.6296     0.0005   2.809267   2.809220  -0.000041    34.3337    34.3326     7.2081    27.5983    27.5974    34.3339    27.5985    1448.34    1448.34    -0.6299  1028.4833    34.5011 0.0000e+00
      22111 312.968545  -62.31462 -9.990e-29     -0.913    1448.73    183.000    181.161    -0.6231    -0.6229     0.0002    -0.6288    -0.6286     0.0002   2.809312   2.809251  -0.000060    34.3335    34.3325     7.1993    27.5981    27.5973    34.3337    27.5983    1448.33    1448.33    -0.6286  1028.4801    34.5031 0.0000e+00
      22143 312.968560  -62.31462 -9.990e-29     -0.805    1448.73    182.000    180.172    -0.6226    -0.6223     0.0003    -0.6282    -0.6279     0.0003   2.809317   2.809268  -0.000053    34.3336    34.3325     7.1882    27.5982    27.5973    34.3338    27.5983    1448.32    1448.32    -0.6281  1028.4753    34.5031 0.0000e+00
      22174 312.968575  -62.31463 -9.990e-29     -0.749    1448.73    181.000    179.182    -0.6219    -0.6215     0.0005    -0.6276    -0.6271     0.0005   2.809331   2.809273  -0.000053    34.3337    34.3324     7.1870    27.5982    27.5971    34.3338    27.5983    1448.30    1448.31    -0.6274  1028.4705    34.5032 0.0000e+00
      22203 312.968589  -62.31464  -58.54500     -0.817    1448.73    180.000    178.193    -0.6194    -0.6198    -0.0003    -0.6250    -0.6253    -0.0003   2.809514   2.809387  -0.000124    34.3337    34.3323     7.1931    27.5981    27.5970    34.3341    27.5984    1448.30    1448.30    -0.6249  1028.4647    34.5020 0.0000e+00
      22233 312.968603  -62.31464  -58.54500     -0.815    1448.73    179.000    177.203    -0.6142    -0.6153    -0.0011    -0.6198    -0.6209    -0.0011   2.809900   2.809689  -0.000200    34.3334    34.3320     7.1784    27.5976    27.5965    34.3340    27.5981    1448.31    1448.30    -0.6196  1028.4591    34.5012 0.0000e+00
      22268 312.968620  -62.31465  -58.54500     -0.717    1448.73    178.000    176.214    -0.6031    -0.6084    -0.0053    -0.6086    -0.6140    -0.0053   2.810667   2.810243  -0.000426    34.3310    34.3313     7.1749    27.5952    27.5957    34.3324    27.5963    1448.34    1448.32    -0.6085  1028.4525    34.4996 0.0000e+00
      22307 312.968639  -62.31466  -58.54500     -0.612    1448.73    177.000    175.224    -0.5846    -0.5902    -0.0056    -0.5901    -0.5957    -0.0056   2.812118   2.811604  -0.000486    34.3298    34.3296     7.1596    27.5934    27.5935    34.3315    27.5948    1448.41    1448.39    -0.5900  1028.4461    34.4988 0.0000e+00
      22338 312.968654  -62.31467  -58.54499     -0.703    1448.73    176.000    174.235    -0.5795    -0.5819    -0.0024    -0.5850    -0.5874    -0.0024   2.812580   2.812228  -0.000335    34.3310    34.3292     7.1531    27.5942    27.5929    34.3326    27.5955    1448.42    1448.40    -0.5849  1028.4419    34.4998 0.0000e+00
      22364 312.968666  -62.31468  -58.54498     -0.893    1448.73    175.000    173.245    -0.5722    -0.5756    -0.0034    -0.5776    -0.5811    -0.0034   2.813065   2.812697  -0.000383    34.3301    34.3288     7.1309    27.5931    27.5922    34.3315    27.5942    1448.44    1448.42    -0.5776  1028.4359    34.4987 0.0000e+00
      22389 312.968679  -62.31468  -58.54498     -0.935    1448.73    174.000    172.256    -0.5705    -0.5711    -0.0006    -0.5759    -0.5765    -0.0006   2.813158   2.812995  -0.000166    34.3302    34.3287     7.1082    27.5931    27.5920    34.3314    27.5941    1448.43    1448.42    -0.5758  1028.4309    34.4986 0.0000e+00
      22418 312.968693  -62.31468  -58.54498     -0.872    1448.73    173.000    171.266    -0.5668    -0.5678    -0.0010    -0.5722    -0.5732    -0.0010   2.813379   2.813203  -0.000178    34.3297    34.3284     7.1040    27.5926    27.5916    34.3309    27.5935    1448.43    1448.42    -0.5721  1028.4256    34.4981 0.0000e+00
      22452 312.968709  -62.31470  -58.54497     -0.747    1448.73    172.000    170.277    -0.5662    -0.5658     0.0004    -0.5716    -0.5712     0.0004   2.813350   2.813309  -0.000057    34.3296    34.3284     7.0802    27.5925    27.5915    34.3304    27.5931    1448.41    1448.42    -0.5715  1028.4204    34.4976 0.0000e+00
      22488 312.968726  -62.31470  -58.54496     -0.661    1448.73    171.000    169.287    -0.5669    -0.5657     0.0012    -0.5722    -0.5711     0.0012   2.813286   2.813273  -0.000014    34.3302    34.3287     7.0669    27.5930    27.5917    34.3309    27.5935    1448.40    1448.40    -0.5721  1028.4161    34.4981 0.0000e+00
      22518 312.968741  -62.31470  -58.54496     -0.747    1448.73    170.000    168.297    -0.5658    -0.5649     0.0008    -0.5711    -0.5702     0.0008   2.813321   2.813276  -0.000051    34.3302    34.3285     7.0703    27.5929    27.5915    34.3307    27.5933    1448.38    1448.39    -0.5710  1028.4111    34.4979 0.0000e+00
      22544 312.968753  -62.31472  -58.54496     -0.878    1448.73    169.000    167.308    -0.5662    -0.5653     0.0009    -0.5715    -0.5706     0.0009   2.813266   2.813220  -0.000044    34.3306    34.3289     7.0687    27.5933    27.5919    34.3311    27.5937    1448.37    1448.37    -0.5714  1028.4067    34.4983 0.0000e+00
      22570 312.968766  -62.31472  -58.54496     -0.928    1448.73    168.000    166.319    -0.5650    -0.5650    -0.0001    -0.5702    -0.5703    -0.0001   2.813351   2.813226  -0.000113    34.3308    34.3294     7.0686    27.5934    27.5922    34.3314    27.5939    1448.36    1448.36    -0.5701  1028.4021    34.4986 0.0000e+00
