Pos-Processados/process_op42/operantar42_023.ros
* Sea-Bird SBE 9 Data File:
* FileName = C:\Users\Hidrografia\Desktop\OPXLII\Brutos\OP42023.hdr
* Software Version Seasave V 7.26.7.107
* Temperature SN = 6502
* Conductivity SN = 4998
* Number of Bytes Per Scan = 37
* Number of Voltage Words = 4
* Number of Scans Averaged by the Deck Unit = 1
* NMEA Latitude = 62 09.26 S
* NMEA Longitude = 058 24.38 W
* NMEA UTC (Time) = Nov 08 2023 09:02:28
* NMEA baud rate = 4800
** H41
** NPOALTEMAXIMIANO
** NUMERO DA ESTACAO (XXX) 023
** LAT (XX XX.XX S/N) 62 09.60 S
** LONG (XXX XX.XX W/E) 058 24.03 W
** DATAHORA (dd/mm/aaaa hh:mm Z) 08/11/2023 0901Z
** PROFUNDIDADE (m) 462
** OPERADOR CT FILIPE LOPES
# nquan = 24
# nvalues = 4123                                  
# units = specified
# name 0 = scan: Scan Count
# name 1 = timeJ: Julian Days
# name 2 = latitude: Latitude [deg]
# name 3 = longitude: Longitude [deg]
# name 4 = dz/dtM: Descent Rate [m/s]
# name 5 = avgsvCM: Average Sound Velocity [Chen-Millero, m/s]
# name 6 = prDM: Pressure, Digiquartz [db]
# name 7 = depSM: Depth [salt water, m]
# name 8 = t090C: Temperature [ITS-90, deg C]
# name 9 = t190C: Temperature, 2 [ITS-90, deg C]
# name 10 = T2-T190C: Temperature Difference, 2 - 1 [ITS-90, deg C]
# name 11 = potemp090C: Potential Temperature [ITS-90, deg C]
# name 12 = potemp190C: Potential Temperature, 2 [ITS-90, deg C]
# name 13 = potemp90Cdiff: Potential Temperature, Diff, 2 - 1 [ITS-90, deg C]
# name 14 = c0S/m: Conductivity [S/m]
# name 15 = c1S/m: Conductivity, 2 [S/m]
# name 16 = C2-C1S/m: Conductivity Difference, 2 - 1 [S/m]
# name 17 = sal00: Salinity, Practical [PSU]
# name 18 = sal11: Salinity, Practical, 2 [PSU]
# name 19 = sbeox0ML/L: Oxygen, SBE 43 [ml/l]
# name 20 = sigma-é00: Density [sigma-theta, kg/m^3]
# name 21 = sigma-é11: Density, 2 [sigma-theta, kg/m^3]
# name 22 = nbf: Bottles Fired
# name 23 = flag:  0.000e+00
# interval = seconds: 0.0416667
# start_time = Nov 08 2023 09:02:28 [NMEA time, header]
# bad_flag = -9.990e-29
*END*
[from data line 1268]
      34571 312.393384  -62.15442  -58.39340     -0.120    1448.49      2.064      2.044    -0.6060    -0.6048     0.0012    -0.6061    -0.6049     0.0012   2.799394   2.799309  -0.000085    34.2925    34.2899     7.5649    27.5639    27.5618          8  0.000e+00
      34572 312.393385  -62.15442  -58.39340     -0.133    1448.49      1.999      1.980    -0.6061    -0.6046     0.0015    -0.6062    -0.6047     0.0015   2.799383   2.799332  -0.000051    34.2925    34.2901     7.5655    27.5639    27.5619          8  0.000e+00
      34573 312.393385  -62.15442  -58.39340     -0.145    1448.49      1.999      1.980    -0.6059    -0.6046     0.0013    -0.6060    -0.6047     0.0013   2.799354   2.799303  -0.000051    34.2918    34.2897     7.5651    27.5634    27.5616          8  0.000e+00
      34574 312.393386  -62.15442  -58.39340     -0.159    1448.49      1.943      1.924    -0.6057    -0.6044     0.0012    -0.6057    -0.6045     0.0012   2.799308   2.799309 6.2353e-07    34.2910    34.2896     7.5657    27.5627    27.5615          8  0.000e+00
      34575 312.393386  -62.15442  -58.39340     -0.170    1448.49      1.943      1.924    -0.6056    -0.6046     0.0010    -0.6056    -0.6047     0.0010   2.799280   2.799315   0.000035    34.2905    34.2899     7.5665    27.5623    27.5618          8  0.000e+00
      34576 312.393387  -62.15442  -58.39340     -0.177    1448.49      1.983      1.964    -0.6056    -0.6044     0.0011    -0.6056    -0.6045     0.0011   2.799234   2.799354   0.000120    34.2898    34.2902     7.5662    27.5618    27.5620          8  0.000e+00
      34577 312.393387  -62.15442  -58.39340     -0.191    1448.49      1.879      1.861    -0.6055    -0.6046     0.0009    -0.6056    -0.6047     0.0009   2.799314   2.799343   0.000029    34.2909    34.2903     7.5668    27.5627    27.5621          8  0.000e+00
      34578 312.393388  -62.15442  -58.39340     -0.202    1448.49      1.879      1.861    -0.6057    -0.6048     0.0009    -0.6058    -0.6049     0.0009   2.799308   2.799320   0.000012    34.2911    34.2902     7.5677    27.5628    27.5620          8  0.000e+00
      34579 312.393388  -62.15442  -58.39340     -0.213    1448.49      1.879      1.861    -0.6057    -0.6044     0.0012    -0.6057    -0.6045     0.0012   2.799394   2.799298  -0.000096    34.2922    34.2895     7.5685    27.5637    27.5614          8  0.000e+00
      34580 312.393389  -62.15442  -58.39340     -0.223    1448.49      1.879      1.861    -0.6057    -0.6048     0.0009    -0.6058    -0.6049     0.0009   2.799411   2.799309  -0.000102    34.2925    34.2900     7.5683    27.5639    27.5619          8  0.000e+00
      34581 312.393389  -62.15442  -58.39340     -0.231    1448.49      1.879      1.861    -0.6058    -0.6046     0.0012    -0.6059    -0.6047     0.0012   2.799360   2.799298  -0.000062    34.2919    34.2897     7.5682    27.5634    27.5616          8  0.000e+00
      34582 312.393390  -62.15442  -58.39340     -0.246    1448.49      1.822      1.805    -0.6059    -0.6051     0.0008    -0.6060    -0.6051     0.0008   2.799229   2.799303   0.000075    34.2903    34.2903     7.5681    27.5621    27.5622          8  0.000e+00
      34583 312.393390  -62.15442  -58.39340     -0.255    1448.49      1.822      1.805    -0.6060    -0.6049     0.0011    -0.6060    -0.6050     0.0011   2.799211   2.799292   0.000081    34.2901    34.2900     7.5690    27.5620    27.5619          8  0.000e+00
      34584 312.393391  -62.15442  -58.39340     -0.262    1448.49      1.806      1.789    -0.6057    -0.6048     0.0009    -0.6058    -0.6049     0.0009   2.799234   2.799292   0.000058    34.2902    34.2899     7.5698    27.5620    27.5618          8  0.000e+00
      34585 312.393391  -62.15442  -58.39340     -0.270    1448.49      1.822      1.805    -0.6060    -0.6051     0.0009    -0.6060    -0.6051     0.0009   2.799263   2.799292   0.000029    34.2908    34.2902     7.5698    27.5626    27.5620          8  0.000e+00
      34586 312.393392  -62.15442  -58.39340     -0.276    1448.49      1.822      1.805    -0.6059    -0.6049     0.0010    -0.6060    -0.6050     0.0010   2.799371   2.799287  -0.000085    34.2922    34.2899     7.5696    27.5637    27.5618          8  0.000e+00
      34587 312.393392  -62.15442  -58.39340     -0.284    1448.49      1.766      1.749    -0.6058    -0.6048     0.0010    -0.6059    -0.6049     0.0010   2.799405   2.799286  -0.000119    34.2926    34.2898     7.5705    27.5640    27.5617          8  0.000e+00
      34588 312.393393  -62.15442  -58.39340     -0.288    1448.49      1.766      1.749    -0.6059    -0.6051     0.0008    -0.6060    -0.6051     0.0008   2.799382   2.799270  -0.000113    34.2924    34.2899     7.5715    27.5638    27.5618          8  0.000e+00
      34589 312.393393  -62.15442  -58.39340     -0.294    1448.49      1.766      1.749    -0.6061    -0.6051     0.0010    -0.6062    -0.6051     0.0010   2.799297   2.799264  -0.000033    34.2915    34.2898     7.5716    27.5631    27.5618          8  0.000e+00
      34590 312.393394  -62.15442  -58.39340     -0.298    1448.49      1.766      1.749    -0.6059    -0.6052     0.0007    -0.6060    -0.6053     0.0007   2.799251   2.799264   0.000013    34.2906    34.2900     7.5780    27.5624    27.5619          8  0.000e+00
      34591 312.393394  -62.15442  -58.39340     -0.305    1448.49      1.702      1.685    -0.6060    -0.6049     0.0011    -0.6060    -0.6050     0.0011   2.799206   2.799281   0.000075    34.2901    34.2899     7.5790    27.5620    27.5618          8  0.000e+00
      34592 312.393395  -62.15442  -58.39340     -0.307    1448.49      1.750      1.733    -0.6060    -0.6052     0.0008    -0.6061    -0.6053     0.0008   2.799251   2.799270   0.000018    34.2907    34.2901     7.5800    27.5625    27.5619          8  0.000e+00
      34593 312.393395  -62.15442  -58.39340     -0.311    1448.49      1.702      1.685    -0.6060    -0.6052     0.0008    -0.6060    -0.6053     0.0008   2.799325   2.799281  -0.000045    34.2917    34.2902     7.5743    27.5633    27.5621          8  0.000e+00
      34594 312.393396  -62.15442  -58.39340     -0.315    1448.49      1.702      1.685    -0.6059    -0.6052     0.0007    -0.6060    -0.6053     0.0007   2.799365   2.799309  -0.000056    34.2922    34.2906     7.5742    27.5637    27.5624          8  0.000e+00
      34595 312.393396  -62.15442  -58.39340     -0.316    1448.49      1.702      1.685    -0.6063    -0.6051     0.0012    -0.6063    -0.6051     0.0012   2.799377   2.799292  -0.000085    34.2927    34.2903     7.5741    27.5641    27.5621          8  0.000e+00
      34596 312.393397  -62.15442  -58.39340     -0.322    1448.49      1.645      1.629    -0.6062    -0.6052     0.0010    -0.6063    -0.6053     0.0010   2.799314   2.799270  -0.000044    34.2918    34.2901     7.5739    27.5634    27.5620          8  0.000e+00
      34597 312.393397  -62.15442  -58.39340     -0.328    1448.49      1.581      1.566    -0.6061    -0.6051     0.0010    -0.6062    -0.6051     0.0010   2.799257   2.799264   0.000007    34.2911    34.2900     7.5738    27.5628    27.5618          8  0.000e+00
      34598 312.393397  -62.15442  -58.39340     -0.320    1448.49      1.766      1.749    -0.6062    -0.6054     0.0008    -0.6063    -0.6054     0.0008   2.799223   2.799264   0.000041    34.2905    34.2902     7.5739    27.5624    27.5620          8  0.000e+00
      34599 312.393398  -62.15442  -58.39340     -0.320    1448.49      1.685      1.669    -0.6063    -0.6054     0.0009    -0.6063    -0.6054     0.0009   2.799257   2.799281   0.000024    34.2911    34.2905     7.5737    27.5628    27.5623          8  0.000e+00
      34600 312.393398  -62.15442  -58.39340     -0.320    1448.49      1.645      1.629    -0.6060    -0.6056     0.0005    -0.6061    -0.6056     0.0005   2.799251   2.799286   0.000035    34.2908    34.2908     7.5798    27.5626    27.5625          8  0.000e+00
      34601 312.393399  -62.15442  -58.39340     -0.320    1448.49      1.645      1.629    -0.6061    -0.6052     0.0009    -0.6062    -0.6053     0.0009   2.799365   2.799270  -0.000096    34.2925    34.2901     7.5742    27.5639    27.5620          8  0.000e+00
      34602 312.393399  -62.15442  -58.39340     -0.318    1448.49      1.645      1.629    -0.6060    -0.6056     0.0005    -0.6061    -0.6056     0.0005   2.799382   2.799281  -0.000102    34.2926    34.2907     7.5804    27.5640    27.5625          8  0.000e+00
      34603 312.393400  -62.15442  -58.39340     -0.314    1448.49      1.645      1.629    -0.6061    -0.6056     0.0006    -0.6062    -0.6056     0.0006   2.799377   2.799270  -0.000107    34.2926    34.2905     7.5813    27.5641    27.5623          8  0.000e+00
      34604 312.393400  -62.15442  -58.39338     -0.313    1448.49      1.581      1.566    -0.6057    -0.6054     0.0004    -0.6058    -0.6054     0.0004   2.799274   2.799281   0.000007    34.2908    34.2905     7.5756    27.5626    27.5623          8  0.000e+00
      34605 312.393401  -62.15442  -58.39338     -0.307    1448.49      1.702      1.685    -0.6061    -0.6051     0.0010    -0.6062    -0.6051     0.0010   2.799223   2.799303   0.000081    34.2905    34.2904     7.5755    27.5623    27.5622          8  0.000e+00
      34606 312.393401  -62.15442  -58.39338     -0.307    1448.49      1.573      1.558    -0.6062    -0.6052     0.0010    -0.6062    -0.6053     0.0010   2.799154   2.799315   0.000160    34.2897    34.2908     7.5752    27.5617    27.5625          8  0.000e+00
      34607 312.393402  -62.15442  -58.39338     -0.301    1448.49      1.645      1.629    -0.6060    -0.6054     0.0006    -0.6061    -0.6054     0.0006   2.799240   2.799275   0.000035    34.2907    34.2904     7.5749    27.5625    27.5622          8  0.000e+00
      34608 312.393402  -62.15442  -58.39338     -0.290    1448.49      1.645      1.629    -0.6060    -0.6054     0.0006    -0.6060    -0.6054     0.0006   2.799291   2.799281  -0.000010    34.2913    34.2905     7.5746    27.5630    27.5623          8  0.000e+00
      34609 312.393403  -62.15442  -58.39338     -0.286    1448.49      1.645      1.629    -0.6057    -0.6051     0.0007    -0.6058    -0.6051     0.0007   2.799394   2.799326  -0.000068    34.2924    34.2907     7.5743    27.5639    27.5625          8  0.000e+00
      34610 312.393403  -62.15442  -58.39338     -0.281    1448.49      1.581      1.566    -0.6060    -0.6052     0.0008    -0.6060    -0.6053     0.0008   2.799468   2.799303  -0.000165    34.2937    34.2906     7.5803    27.5649    27.5624          8  0.000e+00
      34611 312.393404  -62.15442  -58.39338     -0.270    1448.49      1.702      1.685    -0.6057    -0.6051     0.0007    -0.6058    -0.6051     0.0007   2.799382   2.799270  -0.000113    34.2922    34.2900     7.5812    27.5637    27.5618          8  0.000e+00
      34612 312.393404  -62.15442  -58.39338     -0.258    1448.49      1.645      1.629    -0.6058    -0.6051     0.0007    -0.6059    -0.6051     0.0007   2.799268   2.799298   0.000029    34.2908    34.2904     7.5755    27.5625    27.5622          8  0.000e+00
      34613 312.393405  -62.15442  -58.39338     -0.252    1448.49      1.581      1.566    -0.6057    -0.6051     0.0007    -0.6058    -0.6051     0.0007   2.799206   2.799292   0.000086    34.2899    34.2903     7.5751    27.5618    27.5622          8  0.000e+00
      34614 312.393405  -62.15442  -58.39338     -0.242    1448.49      1.685      1.669    -0.6060    -0.6051     0.0009    -0.6060    -0.6051     0.0009   2.799251   2.799303   0.000052    34.2907    34.2904     7.5813    27.5625    27.5622          8  0.000e+00
      34615 312.393406  -62.15442  -58.39338     -0.234    1448.49      1.581      1.566    -0.6059    -0.6052     0.0007    -0.6060    -0.6053     0.0007   2.799348   2.799298  -0.000051    34.2920    34.2905     7.5754    27.5636    27.5623          8  0.000e+00
      34616 312.393406  -62.15442  -58.39338     -0.224    1448.49      1.645      1.629    -0.6061    -0.6051     0.0010    -0.6062    -0.6051     0.0010   2.799394   2.799309  -0.000085    34.2929    34.2905     7.5751    27.5642    27.5623          8  0.000e+00
      34617 312.393407  -62.15442  -58.39338     -0.210    1448.49      1.702      1.685    -0.6059    -0.6051     0.0008    -0.6060    -0.6051     0.0008   2.799405   2.799315  -0.000091    34.2927    34.2906     7.5747    27.5641    27.5623          8  0.000e+00
      34618 312.393407  -62.15442  -58.39338     -0.196    1448.49      1.702      1.685    -0.6058    -0.6048     0.0010    -0.6059    -0.6048     0.0010   2.799360   2.799331  -0.000028    34.2920    34.2905     7.5743    27.5635    27.5622          8  0.000e+00
      34619 312.393408  -62.15442  -58.39338     -0.187    1448.49      1.645      1.629    -0.6060    -0.6049     0.0011    -0.6061    -0.6050     0.0011   2.799348   2.799337  -0.000011    34.2921    34.2907     7.5739    27.5636    27.5624          8  0.000e+00
      34620 312.393408  -62.15442  -58.39338     -0.170    1448.49      1.702      1.685    -0.6058    -0.6049     0.0009    -0.6059    -0.6050     0.0009   2.799291   2.799303   0.000012    34.2911    34.2902     7.5736    27.5628    27.5620          8  0.000e+00
      34621 312.393409  -62.15442  -58.39338     -0.157    1448.49      1.685      1.669    -0.6057    -0.6049     0.0008    -0.6058    -0.6050     0.0008   2.799228   2.799292   0.000064    34.2901    34.2901     7.5732    27.5620    27.5619          8  0.000e+00
      34622 312.393409  -62.15442  -58.39338     -0.139    1448.49      1.766      1.749    -0.6055    -0.6049     0.0006    -0.6056    -0.6050     0.0006   2.799257   2.799303   0.000046    34.2902    34.2902     7.5729    27.5621    27.5620          8  0.000e+00
      34623 312.393410  -62.15442  -58.39338     -0.127    1448.49      1.702      1.685    -0.6057    -0.6049     0.0008    -0.6058    -0.6050     0.0008   2.799325   2.799331   0.000006    34.2914    34.2906     7.5724    27.5631    27.5624          8  0.000e+00
      34624 312.393410  -62.15442  -58.39338     -0.115    1448.49      1.702      1.685    -0.6055    -0.6048     0.0007    -0.6056    -0.6048     0.0007   2.799388   2.799320  -0.000068    34.2920    34.2903     7.5720    27.5635    27.5621          8  0.000e+00
      34625 312.393410  -62.15442  -58.39338     -0.096    1448.49      1.766      1.749    -0.6054    -0.6049     0.0005    -0.6055    -0.6050     0.0005   2.799422   2.799315  -0.000108    34.2923    34.2903     7.5716    27.5638    27.5621          8  0.000e+00
      34626 312.393411  -62.15442  -58.39338     -0.083    1448.49      1.766      1.749    -0.6057    -0.6051     0.0006    -0.6057    -0.6051     0.0006   2.799411   2.799331  -0.000080    34.2925    34.2908     7.5713    27.5639    27.5625          8  0.000e+00
      34627 312.393411  -62.15442  -58.39338     -0.069    1448.49      1.766      1.749    -0.6057    -0.6048     0.0009    -0.6058    -0.6049     0.0009   2.799303   2.799315   0.000012    34.2911    34.2902     7.5710    27.5628    27.5620          8  0.000e+00
      34628 312.393412  -62.15442  -58.39338     -0.056    1448.49      1.750      1.733    -0.6057    -0.6049     0.0008    -0.6057    -0.6050     0.0008   2.799228   2.799309   0.000080    34.2900    34.2903     7.5706    27.5619    27.5621          8  0.000e+00
      34629 312.393412  -62.15442  -58.39338     -0.039    1448.49      1.822      1.805    -0.6056    -0.6051     0.0005    -0.6056    -0.6051     0.0005   2.799257   2.799315   0.000058    34.2903    34.2905     7.5703    27.5621    27.5623          8  0.000e+00
      34630 312.393413  -62.15442  -58.39338     -0.021    1448.49      1.822      1.805    -0.6058    -0.6049     0.0009    -0.6059    -0.6050     0.0009   2.799291   2.799315   0.000023    34.2910    34.2903     7.5699    27.5627    27.5621          8  0.000e+00
