Pos-Processados/process_op42/operantar42_021.ros
* Sea-Bird SBE 9 Data File:
* FileName = C:\Users\Hidrografia\Desktop\OPXLII\Brutos\OP42021.hdr
* Software Version Seasave V 7.26.7.107
* Temperature SN = 6502
* Conductivity SN = 4998
* Number of Bytes Per Scan = 37
* Number of Voltage Words = 4
* Number of Scans Averaged by the Deck Unit = 1
* NMEA Latitude = 62 16.32 S
* NMEA Longitude = 058 25.69 W
* NMEA UTC (Time) = Nov 07 2023 20:05:24
* NMEA baud rate = 4800
** H41
** NPOALTEMAXIMIANO
** NUMERO DA ESTACAO (XXX) 021
** LAT (XX XX.XX S/N) 62 16.30 S
** LONG (XXX XX.XX W/E) 058 25.70 W
** DATAHORA (dd/mm/aaaa hh:mm Z) 07/11/2023 2004Z
** PROFUNDIDADE (m) 145
** OPERADOR CT FABIREZA
# nquan = 24
# nvalues = 4104                                  
# units = specified
# name 0 = scan: Scan Count
# name 1 = timeJ: Julian Days
# name 2 = latitude: Latitude [deg]
# name 3 = longitude: Longitude [deg]
# name 4 = dz/dtM: Descent Rate [m/s]
# name 5 = avgsvCM: Average Sound Velocity [Chen-Millero, m/s]
# name 6 = prDM: Pressure, Digiquartz [db]
# name 7 = depSM: Depth [salt water, m]
# name 8 = t090C: Temperature [ITS-90, deg C]
# name 9 = t190C: Temperature, 2 [ITS-90, deg C]
# name 10 = T2-T190C: Temperature Difference, 2 - 1 [ITS-90, deg C]
# name 11 = potemp090C: Potential Temperature [ITS-90, deg C]
# name 12 = potemp190C: Potential Temperature, 2 [ITS-90, deg C]
# name 13 = potemp90Cdiff: Potential Temperature, Diff, 2 - 1 [ITS-90, deg C]
# name 14 = c0S/m: Conductivity [S/m]
# name 15 = c1S/m: Conductivity, 2 [S/m]
# name 16 = C2-C1S/m: Conductivity Difference, 2 - 1 [S/m]
# name 17 = sal00: Salinity, Practical [PSU]
# name 18 = sal11: Salinity, Practical, 2 [PSU]
# name 19 = sbeox0ML/L: Oxygen, SBE 43 [ml/l]
# name 20 = sigma-é00: Density [sigma-theta, kg/m^3]
# name 21 = sigma-é11: Density, 2 [sigma-theta, kg/m^3]
# name 22 = nbf: Bottles Fired
# name 23 = flag:  0.000e+00
# interval = seconds: 0.0416667
# start_time = Nov 07 2023 20:05:24 [NMEA time, header]
# bad_flag = -9.990e-29
*END*
[from data line 1691]
      17325 311.845438  -62.27334  -58.41954      0.020    1446.75     20.459     20.261    -0.5632    -0.5625     0.0007    -0.5638    -0.5631     0.0007   2.803375   2.803315  -0.000059    34.2862    34.2846     7.5550    27.5570    27.5556         11  0.000e+00
      17326 311.845438  -62.27334  -58.41954      0.023    1446.75     20.459     20.261    -0.5633    -0.5618     0.0014    -0.5639    -0.5624     0.0014   2.803346   2.803332  -0.000014    34.2859    34.2840     7.5492    27.5567    27.5552         11  0.000e+00
      17327 311.845439  -62.27334  -58.41954      0.029    1446.75     20.459     20.261    -0.5632    -0.5625     0.0007    -0.5638    -0.5631     0.0007   2.803369   2.803321  -0.000048    34.2861    34.2846     7.5487    27.5569    27.5557         11  0.000e+00
      17328 311.845439  -62.27334  -58.41954      0.035    1446.75     20.515     20.317    -0.5634    -0.5622     0.0012    -0.5640    -0.5628     0.0012   2.803363   2.803349  -0.000014    34.2862    34.2846     7.5548    27.5570    27.5557         11  0.000e+00
      17329 311.845440  -62.27334  -58.41954      0.038    1446.75     20.459     20.261    -0.5634    -0.5623     0.0011    -0.5640    -0.5629     0.0011   2.803340   2.803326  -0.000014    34.2860    34.2845     7.5488    27.5568    27.5556         11  0.000e+00
      17330 311.845440  -62.27334  -58.41954      0.043    1446.75     20.515     20.317    -0.5632    -0.5624     0.0008    -0.5638    -0.5630     0.0008   2.803335   2.803315  -0.000020    34.2856    34.2844     7.5547    27.5565    27.5555         11  0.000e+00
      17331 311.845441  -62.27334  -58.41954      0.052    1446.75     20.515     20.317    -0.5634    -0.5620     0.0014    -0.5640    -0.5626     0.0014   2.803335   2.803315  -0.000020    34.2859    34.2840     7.5489    27.5567    27.5552         11  0.000e+00
      17332 311.845441  -62.27334  -58.41954      0.054    1446.75     20.459     20.261    -0.5632    -0.5623     0.0009    -0.5638    -0.5629     0.0009   2.803352   2.803315  -0.000037    34.2859    34.2844     7.5546    27.5567    27.5555         11  0.000e+00
      17333 311.845442  -62.27334  -58.41954      0.062    1446.75     20.580     20.381    -0.5630    -0.5622     0.0009    -0.5636    -0.5628     0.0009   2.803358   2.803315  -0.000042    34.2857    34.2841     7.5487    27.5566    27.5553         11  0.000e+00
      17334 311.845442  -62.27334  -58.41954      0.064    1446.75     20.459     20.261    -0.5631    -0.5622     0.0009    -0.5637    -0.5628     0.0009   2.803318   2.803349   0.000031    34.2853    34.2847     7.5480    27.5563    27.5557         11  0.000e+00
      17335 311.845443  -62.27334  -58.41954      0.068    1446.75     20.515     20.317    -0.5627    -0.5622     0.0006    -0.5634    -0.5628     0.0006   2.803323   2.803343   0.000020    34.2849    34.2846     7.5474    27.5560    27.5556         11  0.000e+00
      17336 311.845443  -62.27334  -58.41954      0.076    1446.75     20.580     20.381    -0.5626    -0.5621     0.0005    -0.5632    -0.5627     0.0005   2.803352   2.803321  -0.000031    34.2851    34.2841     7.5532    27.5561    27.5552         11  0.000e+00
      17337 311.845444  -62.27334  -58.41954      0.079    1446.75     20.580     20.381    -0.5625    -0.5623     0.0002    -0.5631    -0.5629     0.0002   2.803358   2.803332  -0.000025    34.2850    34.2845     7.5472    27.5560    27.5556         11  0.000e+00
      17338 311.845444  -62.27334  -58.41954      0.082    1446.75     20.515     20.317    -0.5626    -0.5620     0.0006    -0.5632    -0.5626     0.0006   2.803358   2.803338  -0.000020    34.2852    34.2843     7.5465    27.5562    27.5554         11  0.000e+00
      17339 311.845445  -62.27334  -58.41954      0.085    1446.75     20.515     20.317    -0.5624    -0.5620     0.0004    -0.5630    -0.5626     0.0004   2.803397   2.803321  -0.000077    34.2856    34.2841     7.5469    27.5564    27.5552         11  0.000e+00
      17340 311.845445  -62.27334  -58.41954      0.091    1446.75     20.580     20.381    -0.5623    -0.5618     0.0005    -0.5629    -0.5624     0.0005   2.803369   2.803315  -0.000054    34.2850    34.2837     7.5463    27.5560    27.5550         11  0.000e+00
      17341 311.845446  -62.27334  -58.41954      0.097    1446.75     20.580     20.381    -0.5621    -0.5620     0.0001    -0.5627    -0.5626     0.0001   2.803358   2.803332  -0.000025    34.2847    34.2842     7.5521    27.5557    27.5553         11  0.000e+00
      17342 311.845446  -62.27334  -58.41954      0.098    1446.75     20.515     20.317    -0.5617    -0.5617     0.0000    -0.5623    -0.5623     0.0000   2.803358   2.803360   0.000003    34.2842    34.2843     7.5524    27.5553    27.5554         11  0.000e+00
      17343 311.845447  -62.27334  -58.41954      0.106    1446.75     20.636     20.437    -0.5613    -0.5621    -0.0007    -0.5619    -0.5627    -0.0007   2.803375   2.803366  -0.000009    34.2839    34.2847     7.5528    27.5551    27.5557         11  0.000e+00
      17344 311.845447  -62.27334  -58.41954      0.107    1446.75     20.515     20.317    -0.5609    -0.5617    -0.0008    -0.5615    -0.5623    -0.0008   2.803443   2.803343  -0.000100    34.2844    34.2840     7.5464    27.5555    27.5552         11  0.000e+00
      17345 311.845448  -62.27334  -58.41954      0.111    1446.75     20.636     20.437    -0.5609    -0.5620    -0.0011    -0.5615    -0.5626    -0.0011   2.803466   2.803338  -0.000128    34.2847    34.2842     7.5458    27.5557    27.5553         11  0.000e+00
      17346 311.845448  -62.27334  -58.41954      0.114    1446.75     20.580     20.381    -0.5609    -0.5618    -0.0010    -0.5615    -0.5624    -0.0010   2.803443   2.803360  -0.000083    34.2844    34.2844     7.5450    27.5554    27.5554         11  0.000e+00
      17347 311.845448  -62.27334  -58.41954      0.117    1446.75     20.580     20.381    -0.5607    -0.5620    -0.0013    -0.5613    -0.5626    -0.0013   2.803420   2.803343  -0.000077    34.2839    34.2843     7.5443    27.5550    27.5554         11  0.000e+00
      17348 311.845449  -62.27334  -58.41954      0.123    1446.75     20.636     20.437    -0.5608    -0.5618    -0.0011    -0.5614    -0.5624    -0.0011   2.803369   2.803360  -0.000009    34.2832    34.2843     7.5437    27.5545    27.5554         11  0.000e+00
      17349 311.845449  -62.27334  -58.41954      0.124    1446.75     20.636     20.437    -0.5610    -0.5619    -0.0008    -0.5617    -0.5625    -0.0008   2.803358   2.803366   0.000008    34.2834    34.2845     7.5430    27.5546    27.5555         11  0.000e+00
      17350 311.845450  -62.27334  -58.41954      0.125    1446.75     20.580     20.381    -0.5613    -0.5617    -0.0004    -0.5619    -0.5623    -0.0004   2.803477   2.803366  -0.000112    34.2854    34.2843     7.5358    27.5562    27.5554         11  0.000e+00
      17351 311.845450  -62.27334  -58.41954      0.129    1446.75     20.636     20.437    -0.5611    -0.5617    -0.0006    -0.5617    -0.5623    -0.0006   2.803455   2.803366  -0.000089    34.2848    34.2843     7.5405    27.5557    27.5554         11  0.000e+00
      17352 311.845451  -62.27334  -58.41954      0.136    1446.75     20.693     20.493    -0.5606    -0.5618    -0.0012    -0.5612    -0.5624    -0.0012   2.803489   2.803366  -0.000123    34.2846    34.2844     7.5398    27.5556    27.5555         11  0.000e+00
      17353 311.845451  -62.27334  -58.41954      0.135    1446.75     20.580     20.381    -0.5604    -0.5617    -0.0013    -0.5610    -0.5623    -0.0013   2.803477   2.803366  -0.000112    34.2843    34.2843     7.5400    27.5554    27.5554         11  0.000e+00
      17354 311.845452  -62.27334  -58.41954      0.134    1446.75     20.636     20.437    -0.5606    -0.5618    -0.0012    -0.5612    -0.5624    -0.0012   2.803466   2.803366  -0.000100    34.2843    34.2844     7.5395    27.5554    27.5555         11  0.000e+00
      17355 311.845452  -62.27334  -58.41954      0.139    1446.75     20.693     20.493    -0.5606    -0.5617    -0.0011    -0.5612    -0.5623    -0.0011   2.803466   2.803388  -0.000078    34.2843    34.2845     7.5389    27.5553    27.5556         11  0.000e+00
      17356 311.845453  -62.27334  -58.41954      0.139    1446.75     20.636     20.437    -0.5606    -0.5614    -0.0008    -0.5612    -0.5620    -0.0008   2.803483   2.803371  -0.000112    34.2846    34.2840     7.5392    27.5556    27.5551         11  0.000e+00
      17357 311.845453  -62.27334  -58.41954      0.139    1446.75     20.636     20.437    -0.5608    -0.5615    -0.0008    -0.5614    -0.5621    -0.0008   2.803495   2.803366  -0.000129    34.2849    34.2841     7.5387    27.5559    27.5552         11  0.000e+00
      17358 311.845454  -62.27334  -58.41954      0.142    1446.75     20.693     20.493    -0.5604    -0.5614    -0.0009    -0.5610    -0.5620    -0.0009   2.803472   2.803366  -0.000106    34.2842    34.2838     7.5381    27.5552    27.5550         11  0.000e+00
      17359 311.845454  -62.27334  -58.41954      0.144    1446.75     20.693     20.493    -0.5605    -0.5617    -0.0012    -0.5611    -0.5623    -0.0012   2.803483   2.803383  -0.000100    34.2844    34.2845     7.5375    27.5554    27.5555         11  0.000e+00
      17360 311.845455  -62.27334  -58.41954      0.142    1446.75     20.636     20.437    -0.5598    -0.5615    -0.0017    -0.5604    -0.5621    -0.0017   2.803529   2.803394  -0.000135    34.2843    34.2844     7.5377    27.5553    27.5555         11  0.000e+00
      17361 311.845455  -62.27334  -58.41954      0.143    1446.75     20.693     20.493    -0.5601    -0.5617    -0.0016    -0.5607    -0.5623    -0.0016   2.803563   2.803394  -0.000169    34.2851    34.2846     7.5384    27.5560    27.5556         11  0.000e+00
      17362 311.845456  -62.27334  -58.41954      0.151    1446.75     20.757     20.557    -0.5598    -0.5614    -0.0016    -0.5605    -0.5620    -0.0016   2.803586   2.803394  -0.000192    34.2850    34.2842     7.5378    27.5559    27.5553         11  0.000e+00
      17363 311.845456  -62.27334  -58.41954      0.150    1446.75     20.693     20.493    -0.5600    -0.5612    -0.0013    -0.5606    -0.5619    -0.0013   2.803557   2.803377  -0.000180    34.2848    34.2838     7.5373    27.5557    27.5550         11  0.000e+00
      17364 311.845457  -62.27334  -58.41954      0.149    1446.75     20.693     20.493    -0.5606    -0.5614    -0.0008    -0.5612    -0.5620    -0.0008   2.803546   2.803388  -0.000158    34.2854    34.2841     7.5369    27.5562    27.5552         11  0.000e+00
      17365 311.845457  -62.27334  -58.41954      0.143    1446.75     20.636     20.437    -0.5606    -0.5615    -0.0009    -0.5612    -0.5621    -0.0009   2.803546   2.803394  -0.000152    34.2854    34.2844     7.5363    27.5562    27.5555         11  0.000e+00
      17366 311.845458  -62.27334  -58.41954      0.148    1446.75     20.757     20.557    -0.5609    -0.5614    -0.0005    -0.5615    -0.5620    -0.0005   2.803523   2.803394  -0.000129    34.2854    34.2842     7.5360    27.5562    27.5553         11  0.000e+00
      17367 311.845458  -62.27334  -58.41954      0.145    1446.75     20.693     20.493    -0.5607    -0.5614    -0.0007    -0.5613    -0.5620    -0.0007   2.803574   2.803411  -0.000164    34.2859    34.2844     7.5364    27.5566    27.5555         11  0.000e+00
      17368 311.845459  -62.27334  -58.41954      0.148    1446.75     20.757     20.557    -0.5603    -0.5615    -0.0012    -0.5609    -0.5621    -0.0012   2.803574   2.803377  -0.000197    34.2854    34.2841     7.5370    27.5562    27.5553         11  0.000e+00
      17369 311.845459  -62.27334  -58.41954      0.147    1446.75     20.693     20.493    -0.5602    -0.5611    -0.0009    -0.5609    -0.5617    -0.0009   2.803569   2.803383  -0.000186    34.2853    34.2838     7.5365    27.5561    27.5550         11  0.000e+00
      17370 311.845460  -62.27334  -58.41954      0.146    1446.75     20.757     20.557    -0.5602    -0.5612    -0.0010    -0.5609    -0.5619    -0.0010   2.803552   2.803411  -0.000141    34.2850    34.2843     7.5373    27.5559    27.5553         11  0.000e+00
      17371 311.845460  -62.27334  -58.41954      0.147    1446.75     20.757     20.557    -0.5605    -0.5611    -0.0006    -0.5611    -0.5617    -0.0006   2.803603   2.803400  -0.000203    34.2860    34.2839     7.5379    27.5567    27.5550         11  0.000e+00
      17372 311.845461  -62.27334  -58.41952      0.144    1446.75     20.693     20.493    -0.5604    -0.5611    -0.0006    -0.5610    -0.5617    -0.0006   2.803580   2.803433  -0.000147    34.2856    34.2844     7.5386    27.5564    27.5554         11  0.000e+00
      17373 311.845461  -62.27334  -58.41952      0.144    1446.75     20.757     20.557    -0.5605    -0.5612    -0.0008    -0.5611    -0.5619    -0.0008   2.803552   2.803405  -0.000146    34.2853    34.2842     7.5384    27.5561    27.5553         11  0.000e+00
      17374 311.845462  -62.27334  -58.41952      0.143    1446.75     20.757     20.557    -0.5600    -0.5612    -0.0013    -0.5606    -0.5619    -0.0013   2.803643   2.803411  -0.000232    34.2859    34.2843     7.5390    27.5566    27.5553         11  0.000e+00
      17375 311.845462  -62.27334  -58.41952      0.138    1446.75     20.693     20.493    -0.5598    -0.5611    -0.0013    -0.5604    -0.5617    -0.0013   2.803614   2.803456  -0.000159    34.2854    34.2848     7.5387    27.5562    27.5558         11  0.000e+00
      17376 311.845462  -62.27334  -58.41952      0.139    1446.75     20.813     20.612    -0.5598    -0.5611    -0.0012    -0.5605    -0.5617    -0.0012   2.803632   2.803433  -0.000198    34.2856    34.2843     7.5385    27.5564    27.5554         11  0.000e+00
      17377 311.845463  -62.27334  -58.41952      0.136    1446.75     20.693     20.493    -0.5595    -0.5611    -0.0016    -0.5601    -0.5617    -0.0016   2.803649   2.803377  -0.000272    34.2855    34.2836     7.5392    27.5563    27.5548         11  0.000e+00
      17378 311.845463  -62.27334  -58.41952      0.133    1446.75     20.757     20.557    -0.5590    -0.5612    -0.0022    -0.5597    -0.5619    -0.0022   2.803649   2.803428  -0.000221    34.2850    34.2845     7.5325    27.5558    27.5555         11  0.000e+00
      17379 311.845464  -62.27334  -58.41952      0.132    1446.75     20.757     20.557    -0.5590    -0.5609    -0.0019    -0.5597    -0.5616    -0.0019   2.803689   2.803428  -0.000261    34.2855    34.2842     7.5388    27.5563    27.5552         11  0.000e+00
      17380 311.845464  -62.27334  -58.41952      0.134    1446.75     20.813     20.612    -0.5587    -0.5605    -0.0018    -0.5593    -0.5611    -0.0018   2.803723   2.803439  -0.000284    34.2856    34.2837     7.5386    27.5563    27.5549         11  0.000e+00
      17381 311.845465  -62.27334  -58.41952      0.125    1446.75     20.693     20.493    -0.5587    -0.5605    -0.0018    -0.5593    -0.5611    -0.0018   2.803746   2.803461  -0.000284    34.2859    34.2842     7.5394    27.5566    27.5552         11  0.000e+00
      17382 311.845465  -62.27334  -58.41952      0.127    1446.75     20.757     20.557    -0.5584    -0.5606    -0.0022    -0.5590    -0.5612    -0.0022   2.803774   2.803450  -0.000324    34.2860    34.2841     7.5393    27.5566    27.5551         11  0.000e+00
      17383 311.845466  -62.27334  -58.41952      0.124    1446.75     20.813     20.612    -0.5582    -0.5606    -0.0023    -0.5589    -0.5612    -0.0023   2.803763   2.803445  -0.000318    34.2856    34.2839     7.5393    27.5563    27.5551         11  0.000e+00
