Pos-Processados/process_op42/operantar42_007.ros
* Sea-Bird SBE 9 Data File:
* FileName = C:\Users\Hidrografia\Desktop\OPXLII\Brutos\OP42006.hdr
* Software Version Seasave V 7.26.7.107
* Temperature SN = 6502
* Conductivity SN = 4998
* Number of Bytes Per Scan = 31
* Number of Voltage Words = 2
* Number of Scans Averaged by the Deck Unit = 1
* NMEA Latitude = 41 49.29 S
* NMEA Longitude = 054 31.41 W
* NMEA UTC (Time) = Oct 18 2023 00:54:10
* NMEA baud rate = 4800
** H41
** NPOALTEMAXIMIANO
** NUMERO DA ESTACAO (XXX) 006
** LAT (XX XX.XX S/N) 41 49.31 S
** LONG (XXX XX.XX W/E) 054 31.42 W
** DATAHORA (dd/mm/aaaa hh:mm Z) 17/10/2023 0025Z
** PROFUNDIDADE (m) 5071
** OPERADOR CT FILIPE LOPES
# nquan = 24
# nvalues = 3662                                  
# units = specified
# name 0 = scan: Scan Count
# name 1 = timeJ: Julian Days
# name 2 = latitude: Latitude [deg]
# name 3 = longitude: Longitude [deg]
# name 4 = dz/dtM: Descent Rate [m/s]
# name 5 = avgsvCM: Average Sound Velocity [Chen-Millero, m/s]
# name 6 = prDM: Pressure, Digiquartz [db]
# name 7 = depSM: Depth [salt water, m]
# name 8 = t090C: Temperature [ITS-90, deg C]
# name 9 = t190C: Temperature, 2 [ITS-90, deg C]
# name 10 = T2-T190C: Temperature Difference, 2 - 1 [ITS-90, deg C]
# name 11 = potemp090C: Potential Temperature [ITS-90, deg C]
# name 12 = potemp190C: Potential Temperature, 2 [ITS-90, deg C]
# name 13 = potemp90Cdiff: Potential Temperature, Diff, 2 - 1 [ITS-90, deg C]
# name 14 = c0S/m: Conductivity [S/m]
# name 15 = c1S/m: Conductivity, 2 [S/m]
# name 16 = C2-C1S/m: Conductivity Difference, 2 - 1 [S/m]
# name 17 = sal00: Salinity, Practical [PSU]
# name 18 = sal11: Salinity, Practical, 2 [PSU]
# name 19 = sbeox0ML/L: Oxygen, SBE 43 [ml/l]
# name 20 = sigma-é00: Density [sigma-theta, kg/m^3]
# name 21 = sigma-é11: Density, 2 [sigma-theta, kg/m^3]
# name 22 = nbf: Bottles Fired
# name 23 = flag:  0.000e+00
# interval = seconds: 0.0416667
# start_time = Oct 18 2023 00:54:10 [NMEA time, header]
# bad_flag = -9.990e-29
*END*
[from data line 2234]
      61694 291.067367  -41.81256  -54.51794      0.288    1482.44     61.848     61.355    12.5100    12.5099    -0.0000    12.5017    12.5017    -0.0000   4.060590   4.060559  -0.000031    35.0847    35.0844     5.8408    26.5576    26.5574         15  0.000e+00
      61695 291.067368  -41.81256  -54.51794      0.293    1482.44     61.880     61.387    12.5100    12.5101     0.0001    12.5017    12.5018     0.0001   4.060459   4.060617   0.000159    35.0834    35.0848     5.8410    26.5566    26.5577         15  0.000e+00
      61696 291.067368  -41.81256  -54.51794      0.295    1482.44     61.848     61.355    12.5096    12.5101     0.0004    12.5014    12.5018     0.0004   4.060505   4.060643   0.000139    35.0841    35.0851     5.8412    26.5572    26.5579         15  0.000e+00
      61697 291.067369  -41.81256  -54.51794      0.297    1482.44     61.848     61.355    12.5096    12.5106     0.0010    12.5014    12.5023     0.0010   4.060551   4.060669   0.000118    35.0846    35.0848     5.8409    26.5576    26.5576         15  0.000e+00
      61698 291.067369  -41.81256  -54.51794      0.301    1482.44     61.912     61.419    12.5094    12.5103     0.0009    12.5012    12.5020     0.0009   4.060485   4.060650   0.000165    35.0841    35.0849     5.8450    26.5572    26.5577         15  0.000e+00
      61699 291.067370  -41.81256  -54.51794      0.305    1482.44     61.969     61.475    12.5094    12.5106     0.0011    12.5012    12.5023     0.0011   4.060406   4.060617   0.000211    35.0833    35.0843     5.8410    26.5566    26.5572         15  0.000e+00
      61700 291.067370  -41.81256  -54.51794      0.304    1482.44     61.880     61.387    12.5093    12.5102     0.0009    12.5010    12.5020     0.0009   4.060439   4.060630   0.000191    35.0838    35.0848     5.8449    26.5570    26.5576         15  0.000e+00
      61701 291.067371  -41.81256  -54.51794      0.310    1482.44     61.969     61.475    12.5090    12.5101     0.0011    12.5007    12.5018     0.0011   4.060511   4.060617   0.000106    35.0848    35.0848     5.8451    26.5579    26.5577         15  0.000e+00
      61702 291.067371  -41.81256  -54.51794      0.312    1482.44     61.913     61.419    12.5090    12.5103     0.0013    12.5007    12.5020     0.0013   4.060426   4.060591   0.000166    35.0840    35.0843     5.8456    26.5572    26.5573         15  0.000e+00
      61703 291.067372  -41.81256  -54.51794      0.312    1482.44     61.969     61.475    12.5090    12.5101     0.0011    12.5007    12.5018     0.0011   4.060386   4.060604   0.000218    35.0836    35.0846     5.8420    26.5569    26.5576         15  0.000e+00
      61704 291.067372  -41.81256  -54.51794      0.313    1482.44     61.993     61.499    12.5088    12.5101     0.0013    12.5005    12.5018     0.0013   4.060492   4.060611   0.000119    35.0847    35.0847     5.8422    26.5579    26.5576         15  0.000e+00
      61705 291.067373  -41.81256  -54.51794      0.310    1482.44     61.913     61.419    12.5090    12.5099     0.0009    12.5007    12.5016     0.0009   4.060479   4.060611   0.000132    35.0845    35.0849     5.8422    26.5576    26.5578         15  0.000e+00
      61706 291.067373  -41.81256  -54.51794      0.313    1482.44     62.033     61.539    12.5090    12.5099     0.0009    12.5007    12.5016     0.0009   4.060432   4.060585   0.000153    35.0840    35.0846     5.8425    26.5572    26.5575         15  0.000e+00
      61707 291.067374  -41.81256  -54.51794      0.318    1482.44     62.034     61.539    12.5090    12.5098     0.0008    12.5007    12.5015     0.0008   4.060505   4.060579   0.000074    35.0847    35.0846     5.8469    26.5578    26.5576         15  0.000e+00
      61708 291.067374  -41.81256  -54.51794      0.313    1482.44     61.937     61.443    12.5090    12.5099     0.0009    12.5008    12.5016     0.0009   4.060551   4.060578   0.000028    35.0851    35.0845     5.8475    26.5581    26.5575         15  0.000e+00
      61709 291.067375  -41.81256  -54.51794      0.312    1482.44     62.034     61.539    12.5090    12.5096     0.0006    12.5007    12.5013     0.0006   4.060459   4.060579   0.000120    35.0842    35.0848     5.8439    26.5574    26.5578         15  0.000e+00
      61710 291.067375  -41.81256  -54.51794      0.312    1482.44     62.034     61.539    12.5093    12.5096     0.0003    12.5010    12.5013     0.0003   4.060479   4.060579   0.000100    35.0841    35.0848     5.8483    26.5573    26.5578         15  0.000e+00
      61711 291.067376  -41.81256  -54.51794      0.312    1482.44     62.034     61.539    12.5093    12.5096     0.0003    12.5010    12.5013     0.0003   4.060544   4.060579   0.000034    35.0847    35.0848     5.8489    26.5578    26.5577         15  0.000e+00
      61712 291.067376  -41.81256  -54.51794      0.309    1482.44     62.034     61.539    12.5094    12.5101     0.0006    12.5012    12.5018     0.0006   4.060538   4.060598   0.000060    35.0846    35.0846     5.8491    26.5576    26.5575         15  0.000e+00
      61713 291.067377  -41.81256  -54.51794      0.301    1482.44     61.993     61.499    12.5096    12.5099     0.0003    12.5014    12.5016     0.0003   4.060505   4.060630   0.000126    35.0841    35.0850     5.8493    26.5572    26.5579         15  0.000e+00
      61714 291.067377  -41.81256  -54.51794      0.303    1482.44     62.090     61.595    12.5096    12.5102     0.0006    12.5013    12.5020     0.0006   4.060544   4.060643   0.000099    35.0844    35.0848     5.8495    26.5575    26.5576         15  0.000e+00
      61715 291.067378  -41.81256  -54.51794      0.296    1482.44     62.034     61.539    12.5098    12.5106     0.0008    12.5015    12.5023     0.0008   4.060538   4.060669   0.000132    35.0842    35.0848     5.8500    26.5573    26.5575         15  0.000e+00
      61716 291.067378  -41.81256  -54.51794      0.298    1482.44     62.090     61.595    12.5096    12.5108     0.0011    12.5013    12.5025     0.0011   4.060479   4.060624   0.000145    35.0838    35.0841     5.8502    26.5570    26.5570         15  0.000e+00
      61717 291.067378  -41.81256  -54.51794      0.286    1482.44     61.994     61.499    12.5096    12.5106     0.0010    12.5014    12.5023     0.0010   4.060538   4.060669   0.000132    35.0844    35.0848     5.8503    26.5574    26.5576         15  0.000e+00
      61718 291.067379  -41.81256  -54.51794      0.284    1482.44     62.090     61.595    12.5098    12.5107     0.0009    12.5015    12.5024     0.0009   4.060590   4.060682   0.000092    35.0847    35.0847     5.8504    26.5576    26.5575         15  0.000e+00
      61719 291.067379  -41.81256  -54.51794      0.282    1482.44     62.090     61.595    12.5103    12.5106     0.0003    12.5020    12.5023     0.0003   4.060577   4.060702   0.000125    35.0841    35.0850     5.8505    26.5571    26.5578         15  0.000e+00
      61720 291.067380  -41.81256  -54.51794      0.275    1482.44     62.034     61.539    12.5101    12.5109     0.0008    12.5019    12.5026     0.0008   4.060643   4.060715   0.000072    35.0849    35.0849     5.8505    26.5578    26.5576         15  0.000e+00
      61721 291.067380  -41.81256  -54.51794      0.272    1482.44     62.114     61.619    12.5103    12.5105     0.0002    12.5020    12.5022     0.0002   4.060670   4.060741   0.000071    35.0850    35.0855     5.8510    26.5578    26.5581         15  0.000e+00
      61722 291.067381  -41.81256  -54.51794      0.261    1482.44     62.034     61.539    12.5103    12.5106     0.0003    12.5020    12.5023     0.0003   4.060617   4.060695   0.000079    35.0845    35.0850     5.8515    26.5574    26.5577         15  0.000e+00
      61723 291.067381  -41.81256  -54.51794      0.258    1482.44     62.090     61.595    12.5100    12.5104     0.0003    12.5018    12.5021     0.0003   4.060577   4.060702   0.000125    35.0843    35.0852     5.8516    26.5573    26.5579         15  0.000e+00
      61724 291.067382  -41.81256  -54.51794      0.246    1482.44     62.034     61.539    12.5101    12.5106     0.0004    12.5019    12.5023     0.0004   4.060590   4.060689   0.000098    35.0844    35.0849     5.8516    26.5574    26.5577         15  0.000e+00
      61725 291.067382  -41.81256  -54.51794      0.241    1482.44     62.090     61.595    12.5101    12.5106     0.0005    12.5019    12.5023     0.0005   4.060623   4.060715   0.000091    35.0847    35.0851     5.8517    26.5576    26.5578         15  0.000e+00
      61726 291.067383  -41.81256  -54.51794      0.232    1482.44     62.058     61.563    12.5101    12.5104     0.0003    12.5019    12.5021     0.0003   4.060531   4.060715   0.000184    35.0838    35.0854     5.8517    26.5569    26.5580         15  0.000e+00
      61727 291.067383  -41.81256  -54.51794      0.226    1482.44     62.090     61.595    12.5101    12.5109     0.0008    12.5019    12.5026     0.0008   4.060518   4.060715   0.000197    35.0837    35.0849     5.8560    26.5568    26.5576         15  0.000e+00
      61728 291.067384  -41.81256  -54.51794      0.217    1482.44     62.091     61.595    12.5101    12.5109     0.0008    12.5019    12.5026     0.0008   4.060610   4.060715   0.000105    35.0846    35.0849     5.8563    26.5575    26.5576         15  0.000e+00
      61729 291.067384  -41.81256  -54.51794      0.215    1482.44     62.091     61.595    12.5100    12.5106     0.0006    12.5017    12.5023     0.0006   4.060577   4.060715   0.000138    35.0844    35.0852     5.8524    26.5574    26.5579         15  0.000e+00
      61730 291.067385  -41.81256  -54.51794      0.202    1482.44     62.058     61.563    12.5103    12.5108     0.0005    12.5020    12.5025     0.0005   4.060538   4.060715   0.000177    35.0837    35.0850     5.8523    26.5568    26.5577         15  0.000e+00
      61731 291.067385  -41.81256  -54.51794      0.192    1482.44     62.034     61.539    12.5100    12.5107     0.0008    12.5017    12.5024     0.0008   4.060393   4.060689   0.000296    35.0827    35.0848     5.8565    26.5560    26.5576         15  0.000e+00
      61732 291.067386  -41.81256  -54.51794      0.186    1482.44     62.091     61.595    12.5101    12.5107     0.0006    12.5019    12.5024     0.0006   4.060432   4.060682   0.000250    35.0829    35.0847     5.8568    26.5562    26.5575         15  0.000e+00
      61733 291.067386  -41.81256  -54.51794      0.176    1482.44     62.091     61.595    12.5100    12.5107     0.0008    12.5017    12.5024     0.0008   4.060511   4.060682   0.000171    35.0838    35.0847     5.8570    26.5569    26.5575         15  0.000e+00
      61734 291.067387  -41.81256  -54.51794      0.167    1482.44     62.058     61.564    12.5101    12.5108     0.0006    12.5019    12.5025     0.0006   4.060531   4.060682   0.000151    35.0838    35.0847     5.8529    26.5569    26.5575         15  0.000e+00
      61735 291.067387  -41.81256  -54.51794      0.157    1482.44     62.034     61.540    12.5100    12.5106     0.0006    12.5017    12.5023     0.0006   4.060610   4.060682   0.000072    35.0848    35.0849     5.8569    26.5577    26.5576         15  0.000e+00
      61736 291.067388  -41.81256  -54.51794      0.145    1482.44     62.034     61.540    12.5101    12.5106     0.0004    12.5019    12.5023     0.0004   4.060577   4.060682   0.000105    35.0843    35.0849     5.8571    26.5573    26.5576         15  0.000e+00
      61737 291.067388  -41.81256  -54.51794      0.139    1482.44     62.091     61.596    12.5101    12.5106     0.0004    12.5019    12.5023     0.0004   4.060485   4.060650   0.000165    35.0834    35.0845     5.8577    26.5565    26.5574         15  0.000e+00
      61738 291.067389  -41.81256  -54.51794      0.132    1482.44     62.091     61.596    12.5102    12.5106     0.0004    12.5019    12.5023     0.0004   4.060538   4.060669   0.000132    35.0838    35.0847     5.8577    26.5569    26.5575         15  0.000e+00
      61739 291.067389  -41.81256  -54.51794      0.119    1482.44     61.994     61.500    12.5101    12.5106     0.0005    12.5019    12.5024     0.0005   4.060617   4.060682   0.000066    35.0847    35.0849     5.8577    26.5576    26.5576         15  0.000e+00
      61740 291.067390  -41.81256  -54.51794      0.109    1482.44     62.034     61.540    12.5103    12.5106     0.0003    12.5020    12.5023     0.0003   4.060610   4.060682   0.000072    35.0844    35.0849     5.8578    26.5573    26.5576         15  0.000e+00
      61741 291.067390  -41.81256  -54.51794      0.101    1482.44     62.035     61.540    12.5101    12.5104     0.0003    12.5019    12.5021     0.0003   4.060544   4.060630   0.000086    35.0840    35.0846     5.8578    26.5570    26.5574         15  0.000e+00
      61742 291.067391  -41.81256  -54.51794      0.089    1482.44     62.035     61.540    12.5101    12.5106     0.0004    12.5019    12.5023     0.0004   4.060663   4.060663 1.3853e-08    35.0851    35.0847     5.8577    26.5579    26.5575         15  0.000e+00
      61743 291.067391  -41.81256  -54.51794      0.077    1482.44     61.994     61.500    12.5100    12.5105     0.0005    12.5017    12.5022     0.0005   4.060630   4.060650   0.000020    35.0850    35.0847     5.8577    26.5578    26.5575         15  0.000e+00
      61744 291.067391  -41.81256  -54.51794      0.065    1482.44     61.970     61.476    12.5100    12.5106     0.0006    12.5017    12.5023     0.0006   4.060544   4.060669   0.000125    35.0842    35.0848     5.8576    26.5572    26.5576         15  0.000e+00
      61745 291.067392  -41.81256  -54.51794      0.055    1482.44     62.035     61.540    12.5100    12.5107     0.0008    12.5017    12.5024     0.0008   4.060610   4.060702   0.000092    35.0848    35.0849     5.8575    26.5577    26.5576         15  0.000e+00
      61746 291.067392  -41.81256  -54.51794      0.045    1482.44     62.035     61.540    12.5100    12.5111     0.0011    12.5017    12.5028     0.0011   4.060610   4.060689   0.000079    35.0848    35.0845     5.8573    26.5577    26.5572         15  0.000e+00
      61747 291.067393  -41.81256  -54.51794      0.035    1482.44     61.994     61.500    12.5103    12.5107     0.0004    12.5021    12.5025     0.0004   4.060577   4.060702   0.000125    35.0841    35.0849     5.8575    26.5571    26.5577         15  0.000e+00
      61748 291.067393  -41.81254  -54.51794      0.028    1482.44     61.970     61.476    12.5098    12.5108     0.0010    12.5015    12.5025     0.0010   4.060538   4.060695   0.000158    35.0842    35.0849     5.8573    26.5573    26.5576         15  0.000e+00
      61749 291.067394  -41.81254  -54.51794      0.015    1482.44     61.970     61.476    12.5100    12.5111     0.0011    12.5017    12.5028     0.0011   4.060610   4.060708   0.000098    35.0848    35.0847     5.8574    26.5577    26.5574         15  0.000e+00
      61750 291.067394  -41.81254  -54.51794      0.007    1482.44     61.970     61.476    12.5101    12.5109     0.0008    12.5019    12.5026     0.0008   4.060637   4.060741   0.000104    35.0849    35.0852     5.8575    26.5577    26.5578         15  0.000e+00
      61751 291.067395  -41.81254  -54.51794 1.1211e-07    1482.44     62.035     61.540    12.5100    12.5109     0.0010    12.5017    12.5026     0.0010   4.060479   4.060721   0.000243    35.0835    35.0849     5.8578    26.5567    26.5576         15  0.000e+00
      61752 291.067395  -41.81254  -54.51794     -0.010    1482.44     61.938     61.444    12.5104    12.5109     0.0005    12.5021    12.5027     0.0005   4.060637   4.060715   0.000078    35.0847    35.0849     5.8615    26.5575    26.5576         15  0.000e+00
      61753 291.067396  -41.81254  -54.51794     -0.020    1482.44     61.914     61.420    12.5103    12.5110     0.0006    12.5021    12.5027     0.0006   4.060709   4.060715   0.000006    35.0854    35.0849     5.8573    26.5581    26.5576         15  0.000e+00
