Pos-Processados/process_op42/operantar42_035.cnv
* Sea-Bird SBE 9 Data File:
* FileName = C:\Users\Hidrografia\Desktop\OPXLII\Brutos\OP42035.hdr
* Software Version Seasave V 7.26.7.107
* Temperature SN = 6502
* Conductivity SN = 4998
* Number of Bytes Per Scan = 37
* Number of Voltage Words = 4
* Number of Scans Averaged by the Deck Unit = 1
* NMEA Latitude = 62 08.15 S
* NMEA Longitude = 058 26.56 W
* NMEA UTC (Time) = Nov 09 2023 10:06:19
* NMEA baud rate = 4800
** H41
** NPOALTEMAXIMIANO
** NUMERO DA ESTACAO (XXX) 035
** LAT (XX XX.XX S/N) 62 08.14 S
** LONG (XXX XX.XX W/E) 058 26.57 W
** DATAHORA (dd/mm/aaaa hh:mm Z) 09/11/2023 1005Z
** PROFUNDIDADE (m) 424
** OPERADOR CT FABIREZA
# nquan = 30
# nvalues = 793                         
# units = specified
# name 0 = scan: Scan Count
# name 1 = timeJ: Julian Days
# name 2 = latitude: Latitude [deg]
# name 3 = longitude: Longitude [deg]
# name 4 = dz/dtM: Descent Rate [m/s]
# name 5 = avgsvCM: Average Sound Velocity [Chen-Millero, m/s]
# name 6 = prDM: Pressure, Digiquartz [db]
# name 7 = depSM: Depth [salt water, m]
# name 8 = t090C: Temperature [ITS-90, deg C]
# name 9 = t190C: Temperature, 2 [ITS-90, deg C]
# name 10 = T2-T190C: Temperature Difference, 2 - 1 [ITS-90, deg C]
# name 11 = potemp090C: Potential Temperature [ITS-90, deg C]
# name 12 = potemp190C: Potential Temperature, 2 [ITS-90, deg C]
# name 13 = potemp90Cdiff: Potential Temperature, Diff, 2 - 1 [ITS-90, deg C]
# name 14 = c0S/m: Conductivity [S/m]
# name 15 = c1S/m: Conductivity, 2 [S/m]
# name 16 = C2-C1S/m: Conductivity Difference, 2 - 1 [S/m]
# name 17 = sal00: Salinity, Practical [PSU]
# name 18 = sal11: Salinity, Practical, 2 [PSU]
# name 19 = sbeox0ML/L: Oxygen, SBE 43 [ml/l]
# name 20 = sigma-é00: Density [sigma-theta, kg/m^3]
# name 21 = sigma-é11: Density, 2 [sigma-theta, kg/m^3]
# name 22 = sal00: Salinity, Practical [PSU]
# name 23 = sigma-é00: Density [sigma-theta, kg/m^3]
# name 24 = svCM: Sound Velocity [Chen-Millero, m/s]
# name 25 = svCM1: Sound Velocity, 2 [Chen-Millero, m/s]
# name 26 = gsw_ptA0: potential temperature [ITS-90, deg C]
# name 27 = gsw_densityA0: density, TEOS-10 [density, kg/m^3]
# name 28 = gsw_saA0: Absolute Salinity [g/kg]
# name 29 = flag:
# span 0 =       1917,      25779       
# span 1 = 313.421977, 313.433485       
# span 2 =  -62.14015,  -62.13608       
# span 3 =  -58.44282,  -58.44064       
# span 4 =     -1.204,      1.172       
# span 5 =       0.00,    1455.47       
# span 6 =      2.000,    398.000       
# span 7 =      1.982,    393.798       
# span 8 =    -0.8118,    -0.5498       
# span 9 =    -0.8120,    -0.5490       
# span 10 =    -0.0113,     0.0156      
# span 11 =    -0.8189,    -0.5500      
# span 12 =    -0.8189,    -0.5492      
# span 13 =    -0.0113,     0.0156      
# span 14 =   2.793609,   2.823585      
# span 15 =   2.793581,   2.823522      
# span 16 =  -0.000959,   0.001362      
# span 17 =    34.2780,    34.3927      
# span 18 =    34.2773,    34.3917      
# span 19 =     6.7875,     7.6635      
# span 20 =    27.5521,    27.6463      
# span 21 =    27.5517,    27.6455      
# span 22 =    34.2786,    34.3928      
# span 23 =    27.5526,    27.6464      
# span 24 =    1445.60,    1451.93      
# span 25 =    1445.60,    1451.93      
# span 26 =    -0.8187,    -0.5500      
# span 27 =  1027.5651,  1029.5484      
# span 28 =    34.4413,    34.5629      
# span 29 = 0.0000e+00, 0.0000e+00      
# interval = decibars: 1                
# start_time = Nov 09 2023 10:06:19 [NMEA time, header]
# bad_flag = -9.990e-29
*END*
[from data line 194]
       7392 313.424618 -9.990e-29 -9.990e-29      0.896    1446.77    196.000    194.027    -0.7765    -0.7758     0.0007    -0.7823    -0.7816     0.0007   2.794606   2.794597  -0.000006    34.3011    34.3002     7.4925    27.5784    27.5776    34.3010    27.5783    1447.78    1447.78    -0.7822  1028.5183    34.4642 0.0000e+00
       7417 313.424630 -9.990e-29 -9.990e-29      0.941    1446.77    197.000    195.017    -0.7758    -0.7750     0.0007    -0.7816    -0.7809     0.0007   2.794747   2.794764   0.000021    34.3015    34.3009     7.4871    27.5786    27.5781    34.3015    27.5786    1447.80    1447.81    -0.7815  1028.5234    34.4646 0.0000e+00
       7441 313.424641 -9.990e-29 -9.990e-29      0.988    1446.77    198.000    196.006    -0.7752    -0.7747     0.0005    -0.7810    -0.7805     0.0005   2.794951   2.794907  -0.000046    34.3029    34.3017     7.4846    27.5797    27.5787    34.3029    27.5797    1447.82    1447.82    -0.7809  1028.5293    34.4660 0.0000e+00
       7465 313.424653  -62.13704  -58.44270      0.998    1446.77    199.000    196.996    -0.7759    -0.7751     0.0008    -0.7818    -0.7810     0.0008   2.794965   2.794962  -0.000006    34.3036    34.3025     7.4825    27.5803    27.5795    34.3033    27.5801    1447.84    1447.84    -0.7817  1028.5373    34.4701 0.0000e+00
       7492 313.424666  -62.13704  -58.44270      0.946    1446.77    200.000    197.985    -0.7761    -0.7765    -0.0004    -0.7820    -0.7824    -0.0004   2.795041   2.794949  -0.000080    34.3036    34.3029     7.4795    27.5804    27.5798    34.3039    27.5806    1447.85    1447.85    -0.7819  1028.5429    34.4710 0.0000e+00
       7519 313.424679  -62.13704  -58.44270      0.884    1446.77    201.000    198.975    -0.7716    -0.7710     0.0006    -0.7776    -0.7770     0.0006   2.795484   2.795475  -0.000019    34.3041    34.3031     7.4745    27.5805    27.5797    34.3042    27.5807    1447.89    1447.89    -0.7774  1028.5477    34.4713 0.0000e+00
       7545 313.424691  -62.13704  -58.44270      0.899    1446.77    202.000    199.964    -0.7713    -0.7709     0.0004    -0.7773    -0.7770     0.0004   2.795610   2.795565  -0.000044    34.3047    34.3037     7.4842    27.5810    27.5802    34.3049    27.5813    1447.91    1447.91    -0.7772  1028.5530    34.4721 0.0000e+00
       7569 313.424703  -62.13706  -58.44270      0.970    1446.77    203.000    200.954    -0.7695    -0.7687     0.0008    -0.7755    -0.7747     0.0008   2.795801   2.795805   0.000003    34.3046    34.3038     7.4708    27.5809    27.5802    34.3048    27.5811    1447.93    1447.94    -0.7754  1028.5577    34.4720 0.0000e+00
       7591 313.424714  -62.13706  -58.44270      1.035    1446.77    204.000    201.943    -0.7686    -0.7680     0.0007    -0.7747    -0.7741     0.0007   2.795927   2.795934   0.000010    34.3046    34.3039     7.4622    27.5809    27.5803    34.3050    27.5812    1447.96    1447.96    -0.7745  1028.5625    34.4721 0.0000e+00
       7615 313.424725  -62.13706  -58.44270      1.037    1446.77    205.000    202.933    -0.7664    -0.7658     0.0006    -0.7725    -0.7719     0.0006   2.796193   2.796154  -0.000040    34.3052    34.3039     7.4610    27.5812    27.5802    34.3054    27.5814    1447.98    1447.98    -0.7724  1028.5675    34.4726 0.0000e+00
       7643 313.424738  -62.13706  -58.44270      0.930    1446.77    206.000    203.922    -0.7670    -0.7658     0.0012    -0.7731    -0.7719     0.0012   2.796197   2.796202   0.000001    34.3054    34.3040     7.4596    27.5814    27.5803    34.3055    27.5816    1447.99    1448.00    -0.7730  1028.5726    34.4730 0.0000e+00
       7672 313.424753  -62.13706 -9.990e-29      0.818    1446.77    207.000    204.911    -0.7664    -0.7657     0.0007    -0.7726    -0.7719     0.0007   2.796292   2.796264  -0.000028    34.3053    34.3041     7.4551    27.5813    27.5804    34.3056    27.5816    1448.01    1448.02    -0.7724  1028.5791    34.4751 0.0000e+00
       7699 313.424766  -62.13707 -9.990e-29      0.854    1446.77    208.000    205.901    -0.7643    -0.7631     0.0012    -0.7705    -0.7693     0.0011   2.796542   2.796570   0.000024    34.3055    34.3045     7.4502    27.5814    27.5806    34.3059    27.5817    1448.04    1448.04    -0.7703  1028.5840    34.4754 0.0000e+00
       7722 313.424777  -62.13708 -9.990e-29      0.968    1446.77    209.000    206.890    -0.7640    -0.7631     0.0009    -0.7702    -0.7694     0.0009   2.796632   2.796632   0.000004    34.3058    34.3049     7.4447    27.5817    27.5809    34.3061    27.5819    1448.06    1448.06    -0.7701  1028.5889    34.4757 0.0000e+00
       7743 313.424787  -62.13708 -9.990e-29      1.073    1446.77    210.000    207.879    -0.7646    -0.7637     0.0009    -0.7709    -0.7700     0.0009   2.796628   2.796634  -0.000001    34.3063    34.3053     7.4427    27.5821    27.5812    34.3062    27.5820    1448.07    1448.08    -0.7707  1028.5938    34.4757 0.0000e+00
       7766 313.424798  -62.13709  -58.44268      1.108    1446.77    211.000    208.869    -0.7683    -0.7668     0.0015    -0.7746    -0.7731     0.0015   2.796407   2.796446   0.000038    34.3070    34.3058     7.4427    27.5828    27.5818    34.3068    27.5827    1448.07    1448.08    -0.7745  1028.5975    34.4741 0.0000e+00
       7792 313.424811  -62.13710  -58.44268      0.985    1446.77    212.000    209.858    -0.7742    -0.7718     0.0024    -0.7806    -0.7782     0.0024   2.795995   2.796068   0.000073    34.3079    34.3062     7.4405    27.5838    27.5823    34.3073    27.5833    1448.06    1448.07    -0.7804  1028.6029    34.4746 0.0000e+00
       7826 313.424827  -62.13710  -58.44267      0.734    1446.77    213.000    210.848    -0.7794    -0.7778     0.0016    -0.7858    -0.7842     0.0016   2.795599   2.795627   0.000023    34.3078    34.3062     7.4434    27.5839    27.5826    34.3072    27.5835    1448.05    1448.06    -0.7856  1028.6078    34.4745 0.0000e+00
       7856 313.424842  -62.13710  -58.44266      0.743    1446.77    214.000    211.837    -0.7815    -0.7814     0.0001    -0.7879    -0.7877     0.0001   2.795423   2.795353  -0.000058    34.3074    34.3065     7.4472    27.5837    27.5829    34.3066    27.5830    1448.06    1448.06    -0.7877  1028.6103    34.4715 0.0000e+00
       7880 313.424853 -9.990e-29 -9.990e-29      0.926    1446.77    215.000    212.827    -0.7876    -0.7876    -0.0001    -0.7940    -0.7940    -0.0001   2.795002   2.794928  -0.000082    34.3078    34.3068     7.4484    27.5843    27.5835    34.3072    27.5838    1448.05    1448.05    -0.7938  1028.6145    34.4704 0.0000e+00
       7900 313.424863 -9.990e-29 -9.990e-29      1.087    1446.77    216.000    213.816    -0.7800    -0.7798     0.0002    -0.7864    -0.7862     0.0002   2.795682   2.795717   0.000036    34.3061    34.3063     7.4452    27.5825    27.5827    34.3071    27.5834    1448.10    1448.10    -0.7862  1028.6189    34.4704 0.0000e+00
       7921 313.424873 -9.990e-29 -9.990e-29      1.172    1446.77    217.000    214.805    -0.7730    -0.7735    -0.0005    -0.7795    -0.7800    -0.0005   2.796412   2.796285  -0.000105    34.3077    34.3069     7.4468    27.5836    27.5830    34.3085    27.5842    1448.15    1448.15    -0.7793  1028.6244    34.4718 0.0000e+00
       7942 313.424883  -62.13712 -9.990e-29      1.155    1446.77    218.000    215.795    -0.7661    -0.7669    -0.0008    -0.7726    -0.7734    -0.0008   2.796995   2.796890  -0.000117    34.3072    34.3065     7.4465    27.5829    27.5824    34.3079    27.5835    1448.20    1448.19    -0.7725  1028.6286    34.4715 0.0000e+00
       7971 313.424897  -62.13712 -9.990e-29      0.950    1446.77    219.000    216.784    -0.7672    -0.7674    -0.0003    -0.7737    -0.7740    -0.0003   2.797029   2.796897  -0.000118    34.3090    34.3077     7.4428    27.5844    27.5833    34.3090    27.5844    1448.21    1448.21    -0.7736  1028.6391    34.4785 0.0000e+00
       8002 313.424912  -62.13714 -9.990e-29      0.757    1446.77    220.000    217.773    -0.7666    -0.7683    -0.0018    -0.7732    -0.7749    -0.0018   2.797052   2.796887  -0.000170    34.3079    34.3076     7.4329    27.5835    27.5833    34.3080    27.5836    1448.23    1448.22    -0.7730  1028.6431    34.4777 0.0000e+00
       8030 313.424925  -62.13714 -9.990e-29      0.826    1446.77    221.000    218.763    -0.7697    -0.7686     0.0010    -0.7763    -0.7753     0.0010   2.796942   2.796952   0.000025    34.3090    34.3081     7.4270    27.5845    27.5837    34.3094    27.5849    1448.23    1448.24    -0.7762  1028.6492    34.4791 0.0000e+00
       8054 313.424937  -62.13714  -58.44266      0.951    1446.77    222.000    219.752    -0.7558    -0.7567    -0.0010    -0.7625    -0.7634    -0.0010   2.798141   2.798061  -0.000112    34.3077    34.3073     7.4243    27.5829    27.5826    34.3093    27.5842    1448.31    1448.31    -0.7623  1028.6523    34.4779 0.0000e+00
       8077 313.424948  -62.13715  -58.44266      1.012    1446.77    223.000    220.741    -0.7542    -0.7532     0.0010    -0.7610    -0.7599     0.0010   2.798412   2.798392  -0.000016    34.3101    34.3086     7.4312    27.5847    27.5836    34.3106    27.5851    1448.34    1448.34    -0.7608  1028.6570    34.4778 0.0000e+00
       8103 313.424960  -62.13716  -58.44266      0.979    1446.77    224.000    221.731    -0.7607    -0.7606     0.0002    -0.7675    -0.7673     0.0002   2.797946   2.797825  -0.000106    34.3109    34.3094     7.4385    27.5857    27.5844    34.3110    27.5858    1448.32    1448.32    -0.7673  1028.6625    34.4783 0.0000e+00
       8130 313.424974  -62.13716  -58.44266      0.894    1446.77    225.000    222.720    -0.7567    -0.7563     0.0004    -0.7635    -0.7631     0.0004   2.798292   2.798250  -0.000057    34.3101    34.3089     7.4266    27.5849    27.5839    34.3105    27.5852    1448.36    1448.36    -0.7633  1028.6667    34.4778 0.0000e+00
       8157 313.424986  -62.13716  -58.44266      0.879    1446.77    226.000    223.710    -0.7792    -0.7763     0.0029    -0.7860    -0.7830     0.0029   2.796489   2.796533   0.000036    34.3143    34.3115     7.4224    27.5892    27.5868    34.3110    27.5865    1448.27    1448.28    -0.7858  1028.6740    34.4797 0.0000e+00
       8181 313.424998  -62.13716 -9.990e-29      0.950    1446.77    227.000    224.699    -0.8003    -0.7991     0.0012    -0.8071    -0.8059     0.0012   2.794745   2.794753   0.000009    34.3124    34.3111     7.4281    27.5885    27.5874    34.3108    27.5872    1448.19    1448.19    -0.8069  1028.6804    34.4805 0.0000e+00
       8204 313.425009  -62.13717 -9.990e-29      1.025    1446.77    228.000    225.688    -0.8027    -0.8022     0.0005    -0.8095    -0.8090     0.0005   2.794528   2.794515  -0.000011    34.3111    34.3105     7.4209    27.5876    27.5870    34.3099    27.5866    1448.19    1448.19    -0.8093  1028.6847    34.4796 0.0000e+00
       8227 313.425020  -62.13718 -9.990e-29      1.051    1446.77    229.000    226.677    -0.8029    -0.8022     0.0007    -0.8097    -0.8090     0.0007   2.794577   2.794581   0.000011    34.3109    34.3102     7.4122    27.5873    27.5868    34.3102    27.5868    1448.21    1448.21    -0.8095  1028.6896    34.4799 0.0000e+00
       8252 313.425032  -62.13718  -58.44264      1.005    1446.77    230.000    227.667    -0.8021    -0.8018     0.0003    -0.8090    -0.8087     0.0003   2.794687   2.794664  -0.000026    34.3110    34.3103     7.4238    27.5875    27.5869    34.3102    27.5868    1448.23    1448.23    -0.8088  1028.6936    34.4789 0.0000e+00
       8279 313.425045  -62.13718  -58.44264      0.906    1446.77    231.000    228.656    -0.8042    -0.8036     0.0006    -0.8111    -0.8105     0.0006   2.794593   2.794593  -0.000005    34.3118    34.3111     7.4376    27.5882    27.5876    34.3106    27.5873    1448.24    1448.24    -0.8109  1028.6977    34.4780 0.0000e+00
       8307 313.425059  -62.13720  -58.44264      0.860    1446.77    232.000    229.645    -0.8118    -0.8120    -0.0003    -0.8187    -0.8189    -0.0003   2.794139   2.793956  -0.000142    34.3131    34.3115     7.4373    27.5896    27.5883    34.3125    27.5891    1448.22    1448.21    -0.8185  1028.7044    34.4799 0.0000e+00
       8332 313.425071  -62.13720  -58.44264      0.906    1446.77    233.000    230.634    -0.7990    -0.8000    -0.0010    -0.8059    -0.8069    -0.0010   2.795155   2.795117  -0.000097    34.3106    34.3104     7.4333    27.5870    27.5869    34.3111    27.5874    1448.29    1448.29    -0.8058  1028.7074    34.4785 0.0000e+00
       8356 313.425083  -62.13720  -58.44264      0.975    1446.77    234.000    231.624    -0.7895    -0.7880     0.0015    -0.7965    -0.7950     0.0015   2.796144   2.796207   0.000089    34.3118    34.3112     7.4317    27.5876    27.5871    34.3131    27.5887    1448.36    1448.36    -0.7963  1028.7133    34.4805 0.0000e+00
       8380 313.425094  -62.13720  -58.44264      1.007    1446.77    235.000    232.613    -0.7805    -0.7816    -0.0012    -0.7875    -0.7887    -0.0012   2.797072   2.796997  -0.000099    34.3144    34.3144     7.4343    27.5893    27.5894    34.3148    27.5897    1448.42    1448.41    -0.7874  1028.7190    34.4822 0.0000e+00
       8405 313.425106  -62.13722  -58.44264      0.994    1446.77    236.000    233.602    -0.7827    -0.7831    -0.0004    -0.7898    -0.7902    -0.0004   2.797153   2.797037  -0.000092    34.3176    34.3168     7.4291    27.5920    27.5914    34.3178    27.5922    1448.43    1448.42    -0.7896  1028.7263    34.4852 0.0000e+00
       8432 313.425119  -62.13722  -58.44264      0.926    1446.77    237.000    234.592    -0.7873    -0.7863     0.0010    -0.7944    -0.7934     0.0010   2.796852   2.796830  -0.000020    34.3183    34.3169     7.4198    27.5927    27.5916    34.3183    27.5928    1448.42    1448.43    -0.7942  1028.7317    34.4857 0.0000e+00
       8461 313.425133  -62.13722  -58.44264      0.843    1446.77    238.000    235.581    -0.7918    -0.7885     0.0034    -0.7989    -0.7956     0.0034   2.796567   2.796692   0.000125    34.3196    34.3175     7.3967    27.5940    27.5921    34.3190    27.5935    1448.42    1448.43    -0.7987  1028.7373    34.4864 0.0000e+00
       8490 313.425147  -62.13723  -58.44264      0.811    1446.77    239.000    236.570    -0.7915    -0.7915     0.0000    -0.7987    -0.7987     0.0000   2.796539   2.796489  -0.000069    34.3180    34.3170     7.3758    27.5927    27.5919    34.3177    27.5925    1448.44    1448.43    -0.7985  1028.7410    34.4851 0.0000e+00
       8518 313.425160  -62.13724  -58.44264      0.851    1446.77    240.000    237.559    -0.7980    -0.7966     0.0013    -0.8051    -0.8038     0.0013   2.796137   2.796114  -0.000012    34.3191    34.3174     7.3651    27.5938    27.5924    34.3189    27.5937    1448.42    1448.42    -0.8050  1028.7471    34.4864 0.0000e+00
       8542 313.425172  -62.13724  -58.44264      0.934    1446.77    241.000    238.548    -0.7991    -0.7973     0.0018    -0.8063    -0.8045     0.0018   2.795948   2.796043   0.000075    34.3182    34.3172     7.3667    27.5932    27.5923    34.3170    27.5923    1448.43    1448.44    -0.8061  1028.7504    34.4845 0.0000e+00
       8566 313.425184  -62.13724  -58.44264      0.991    1447.09    242.000    239.538    -0.8080    -0.8076     0.0005    -0.8153    -0.8148     0.0005   2.795262   2.795223  -0.000030    34.3183    34.3173     7.3630    27.5936    27.5928    34.3173    27.5928    1448.41    1448.41    -0.8150  1028.7558    34.4847 0.0000e+00
