Pos-Processados/process_op42/operantar42_042.cnv
* Sea-Bird SBE 9 Data File:
* FileName = C:\Users\Hidrografia\Desktop\OPXLII\Brutos\OP42042.hdr
* Software Version Seasave V 7.26.7.107
* Temperature SN = 6502
* Conductivity SN = 4998
* Number of Bytes Per Scan = 37
* Number of Voltage Words = 4
* Number of Scans Averaged by the Deck Unit = 1
* NMEA Latitude = 62 08.39 S
* NMEA Longitude = 058 26.43 W
* NMEA UTC (Time) = Nov 09 2023 17:06:28
* NMEA baud rate = 4800
** H41
** NPOALTEMAXIMIANO
** NUMERO DA ESTACAO (XXX) 042
** LAT (XX XX.XX S/N) 62 08.441S
** LONG (XXX XX.XX W/E) 058 26.341 W
** DATAHORA (dd/mm/aaaa hh:mm Z) 09/11/2023 1705Z
** PROFUNDIDADE (m) 425
** OPERADOR CT FILIPE LOPES
# nquan = 30
# nvalues = 744                         
# units = specified
# name 0 = scan: Scan Count
# name 1 = timeJ: Julian Days
# name 2 = latitude: Latitude [deg]
# name 3 = longitude: Longitude [deg]
# name 4 = dz/dtM: Descent Rate [m/s]
# name 5 = avgsvCM: Average Sound Velocity [Chen-Millero, m/s]
# name 6 = prDM: Pressure, Digiquartz [db]
# name 7 = depSM: Depth [salt water, m]
# name 8 = t090C: Temperature [ITS-90, deg C]
# name 9 = t190C: Temperature, 2 [ITS-90, deg C]
# name 10 = T2-T190C: Temperature Difference, 2 - 1 [ITS-90, deg C]
# name 11 = potemp090C: Potential Temperature [ITS-90, deg C]
# name 12 = potemp190C: Potential Temperature, 2 [ITS-90, deg C]
# name 13 = potemp90Cdiff: Potential Temperature, Diff, 2 - 1 [ITS-90, deg C]
# name 14 = c0S/m: Conductivity [S/m]
# name 15 = c1S/m: Conductivity, 2 [S/m]
# name 16 = C2-C1S/m: Conductivity Difference, 2 - 1 [S/m]
# name 17 = sal00: Salinity, Practical [PSU]
# name 18 = sal11: Salinity, Practical, 2 [PSU]
# name 19 = sbeox0ML/L: Oxygen, SBE 43 [ml/l]
# name 20 = sigma-é00: Density [sigma-theta, kg/m^3]
# name 21 = sigma-é11: Density, 2 [sigma-theta, kg/m^3]
# name 22 = sal00: Salinity, Practical [PSU]
# name 23 = sigma-é00: Density [sigma-theta, kg/m^3]
# name 24 = svCM: Sound Velocity [Chen-Millero, m/s]
# name 25 = svCM1: Sound Velocity, 2 [Chen-Millero, m/s]
# name 26 = gsw_ptA0: potential temperature [ITS-90, deg C]
# name 27 = gsw_densityA0: density, TEOS-10 [density, kg/m^3]
# name 28 = gsw_saA0: Absolute Salinity [g/kg]
# name 29 = flag:
# span 0 =       3971,      26946       
# span 1 = 313.714738, 313.725818       
# span 2 =  -62.14547,  -62.14070       
# span 3 =  -58.44012,  -58.43537       
# span 4 =     -1.066,      1.129       
# span 5 =       0.00,    1448.26       
# span 6 =      1.000,    373.000       
# span 7 =      1.018,    369.086       
# span 8 =    -0.8121,    -0.4218       
# span 9 =    -0.8107,    -0.4201       
# span 10 =    -0.0175,     0.0199      
# span 11 =    -0.8180,    -0.4342      
# span 12 =    -0.8166,    -0.4324      
# span 13 =    -0.0174,     0.0198      
# span 14 =   2.792009,   2.840680      
# span 15 =   2.792027,   2.840536      
# span 16 =  -0.001658,   0.001786      
# span 17 =    34.2732,    34.4232      
# span 18 =    34.2720,    34.4217      
# span 19 =     6.5122,     7.6924      
# span 20 =    27.5445,    27.6636      
# span 21 =    27.5435,    27.6621      
# span 22 =    34.2735,    34.4238      
# span 23 =    27.5444,    27.6640      
# span 24 =    1445.78,    1452.40      
# span 25 =    1445.79,    1452.34      
# span 26 =    -0.8179,    -0.4340      
# span 27 =  1027.5540,  1029.4441      
# span 28 =    34.4355,    34.5924      
# span 29 = 0.0000e+00, 0.0000e+00      
# interval = decibars: 1                
# start_time = Nov 09 2023 17:06:28 [NMEA time, header]
# bad_flag = -9.990e-29
*END*
       3971 313.714738  -62.14070  -58.44012      0.107       0.00      2.000      1.985    -0.5093    -0.5081     0.0012    -0.5093    -0.5081     0.0012   2.806119   2.806180   0.000046    34.2737    34.2730     7.6393    27.5445    27.5438    34.2735    27.5444    1445.84    1445.85    -0.5094  1027.5589    34.4395 0.0000e+00
       4218 313.714858  -62.14074  -58.44010      0.309       0.00      3.000      2.972    -0.5120    -0.5110     0.0011    -0.5121    -0.5111     0.0011   2.805961   2.805975   0.000013    34.2741    34.2731     7.6440    27.5449    27.5441    34.2739    27.5448    1445.85    1445.85    -0.5121  1027.5618    34.4369 0.0000e+00
       4262 313.714879 -9.990e-29  -58.44010      0.444       0.00      4.000      3.962    -0.5130    -0.5117     0.0013    -0.5131    -0.5118     0.0013   2.805926   2.805955   0.000029    34.2740    34.2729     7.6433    27.5449    27.5439    34.2739    27.5448    1445.86    1445.86    -0.5131  1027.5654    34.4355 0.0000e+00
       4311 313.714903 -9.990e-29  -58.44010      0.508       0.00      5.000      4.947    -0.5151    -0.5146     0.0005    -0.5153    -0.5147     0.0005   2.805832   2.805772  -0.000059    34.2748    34.2734     7.6517    27.5456    27.5444    34.2744    27.5454    1445.87    1445.87    -0.5153  1027.5711    34.4365 0.0000e+00
       4351 313.714922 -9.990e-29 -9.990e-29      0.610       0.00      6.000      5.944    -0.5161    -0.5168    -0.0007    -0.5162    -0.5170    -0.0007   2.805792   2.805675  -0.000118    34.2745    34.2737     7.6549    27.5454    27.5448    34.2743    27.5453    1445.88    1445.87    -0.5163  1027.5760    34.4365 0.0000e+00
       4397 313.714944 -9.990e-29  -58.44008      0.513 2.6579e-17      7.000      6.935    -0.5166    -0.5154     0.0012    -0.5168    -0.5156     0.0012   2.805804   2.805820   0.000014    34.2748    34.2736     7.6458    27.5457    27.5447    34.2745    27.5455    1445.89    1445.90    -0.5168  1027.5808    34.4365 0.0000e+00
       4440 313.714965 -9.990e-29  -58.44008      0.560       0.12      8.000      7.923    -0.5213    -0.5204     0.0009    -0.5215    -0.5206     0.0009   2.805484   2.805469  -0.000018    34.2752    34.2739     7.6621    27.5462    27.5451    34.2749    27.5459    1445.89    1445.89    -0.5215  1027.5857    34.4365 0.0000e+00
       4478 313.714983 -9.990e-29  -58.44008      0.618      -0.00      9.000      8.913    -0.5220    -0.5206     0.0014    -0.5223    -0.5209     0.0014   2.805466   2.805496   0.000035    34.2749    34.2738     7.6713    27.5461    27.5451    34.2748    27.5459    1445.90    1445.90    -0.5223  1027.5905    34.4364 0.0000e+00
       4514 313.715001  -62.14082  -58.44007      0.661 2.0280e-32     10.000      9.904    -0.5174    -0.5190    -0.0017    -0.5176    -0.5193    -0.0017   2.805813   2.805672  -0.000140    34.2734    34.2734     7.6639    27.5446    27.5447    34.2736    27.5448    1445.93    1445.93    -0.5177  1027.5965    34.4382 0.0000e+00
       4550 313.715018  -62.14082  -58.44006      0.666 1.3532e-08     11.000     10.894    -0.5200    -0.5181     0.0019    -0.5203    -0.5184     0.0019   2.805717   2.805780   0.000050    34.2752    34.2738     7.6641    27.5462    27.5450    34.2746    27.5457    1445.94    1445.95    -0.5203  1027.6028    34.4400 0.0000e+00
       4584 313.715034  -62.14082  -58.44006      0.701       0.07     12.000     11.884    -0.5266    -0.5250     0.0017    -0.5270    -0.5253     0.0017   2.805314   2.805309   0.000008    34.2757    34.2739     7.6711    27.5469    27.5454    34.2761    27.5472    1445.93    1445.93    -0.5270  1027.6091    34.4414 0.0000e+00
       4616 313.715049  -62.14084  -58.44006      0.756       0.00     13.000     12.873    -0.5198    -0.5178     0.0020    -0.5202    -0.5181     0.0020   2.805760   2.805879   0.000127    34.2741    34.2736     7.6720    27.5453    27.5447    34.2738    27.5450    1445.97    1445.98    -0.5202  1027.6116    34.4390 0.0000e+00
       4651 313.715067  -62.14084  -58.44006      0.694 1.6484e-30     14.000     13.866    -0.5234    -0.5226     0.0008    -0.5238    -0.5230     0.0008   2.805553   2.805574   0.000002    34.2751    34.2742     7.6730    27.5463    27.5455    34.2744    27.5457    1445.97    1445.98    -0.5238  1027.6172    34.4397 0.0000e+00
       4690 313.715085  -62.14084  -58.44006      0.623       0.03     15.000     14.855    -0.5351    -0.5342     0.0009    -0.5356    -0.5347     0.0009   2.804732   2.804675  -0.000048    34.2770    34.2754     7.6840    27.5483    27.5470    34.2761    27.5476    1445.94    1445.94    -0.5355  1027.6238    34.4413 0.0000e+00
       4724 313.715102  -62.14086  -58.44005      0.682       0.16     16.000     15.846    -0.5391    -0.5370     0.0021    -0.5396    -0.5374     0.0021   2.804517   2.804551   0.000033    34.2771    34.2751     7.6715    27.5486    27.5469    34.2770    27.5485    1445.94    1445.94    -0.5396  1027.6295    34.4423 0.0000e+00
       4754 313.715116  -62.14086  -58.44004      0.766      -0.00     17.000     16.836    -0.5333    -0.5321     0.0012    -0.5339    -0.5326     0.0012   2.804897   2.804930   0.000044    34.2752    34.2744     7.6616    27.5468    27.5461    34.2750    27.5466    1445.98    1445.98    -0.5338  1027.6324    34.4402 0.0000e+00
       4783 313.715130  -62.14086  -58.44004      0.824 3.5047e-35     18.000     17.826    -0.5391    -0.5376     0.0016    -0.5397    -0.5381     0.0016   2.804570   2.804577  -0.000011    34.2774    34.2756     7.6724    27.5488    27.5473    34.2765    27.5481    1445.97    1445.97    -0.5396  1027.6386    34.4417 0.0000e+00
       4813 313.715145  -62.14087  -58.44004      0.817 2.0054e-11     19.000     18.817    -0.5434    -0.5431     0.0003    -0.5440    -0.5437     0.0003   2.804191   2.804199   0.000014    34.2764    34.2762     7.6741    27.5482    27.5481    34.2757    27.5476    1445.96    1445.96    -0.5440  1027.6429    34.4409 0.0000e+00
       4846 313.715160  -62.14088  -58.44004      0.748     735.05     20.000     19.807    -0.5430    -0.5428     0.0002    -0.5436    -0.5434     0.0002   2.804322   2.804291  -0.000024    34.2761    34.2756     7.6759    27.5479    27.5475    34.2763    27.5481    1445.98    1445.98    -0.5436  1027.6482    34.4415 0.0000e+00
       4876 313.715175  -62.14088  -58.44004      0.759    1442.65     21.000     20.798    -0.5381    -0.5366     0.0015    -0.5387    -0.5372     0.0015   2.804675   2.804799   0.000102    34.2752    34.2748     7.6831    27.5470    27.5466    34.2749    27.5468    1446.02    1446.03    -0.5387  1027.6516    34.4401 0.0000e+00
       4904 313.715189  -62.14088  -58.44004      0.838    1445.98     22.000     21.788    -0.5459    -0.5425     0.0033    -0.5465    -0.5432     0.0033   2.804272   2.804378   0.000089    34.2786    34.2761     7.6924    27.5501    27.5479    34.2777    27.5494    1446.00    1446.01    -0.5465  1027.6577    34.4413 0.0000e+00
       4932 313.715202 -9.990e-29  -58.44002      0.868    1445.98     23.000     22.778    -0.5528    -0.5511     0.0017    -0.5535    -0.5518     0.0017   2.803847   2.803766  -0.000052    34.2799    34.2772     7.6860    27.5514    27.5492    34.2792    27.5509    1445.99    1445.99    -0.5535  1027.6624    34.4408 0.0000e+00
       4963 313.715217 -9.990e-29  -58.44002      0.807    1445.98     24.000     23.768    -0.5534    -0.5524     0.0010    -0.5541    -0.5531     0.0010   2.803730   2.803708  -0.000024    34.2783    34.2768     7.6740    27.5502    27.5490    34.2776    27.5496    1446.00    1446.00    -0.5541  1027.6660    34.4393 0.0000e+00
       4996 313.715233  -62.14090  -58.44002      0.730    1445.98     25.000     24.759    -0.5559    -0.5548     0.0012    -0.5567    -0.5555     0.0012   2.803524   2.803581   0.000050    34.2776    34.2770     7.6688    27.5498    27.5492    34.2772    27.5494    1446.00    1446.01    -0.5566  1027.6712    34.4397 0.0000e+00
       5026 313.715247  -62.14092  -58.44002      0.771    1445.98     26.000     25.749    -0.5564    -0.5556     0.0008    -0.5571    -0.5564     0.0008   2.803590   2.803567  -0.000011    34.2783    34.2772     7.6632    27.5503    27.5494    34.2779    27.5500    1446.02    1446.02    -0.5571  1027.6788    34.4431 0.0000e+00
       5053 313.715261  -62.14092  -58.44002      0.851    1445.98     27.000     26.739    -0.5560    -0.5554     0.0006    -0.5568    -0.5563     0.0006   2.803687   2.803626  -0.000059    34.2785    34.2770     7.6579    27.5504    27.5492    34.2782    27.5502    1446.04    1446.04    -0.5568  1027.6839    34.4435 0.0000e+00
       5080 313.715274  -62.14092  -58.44002      0.891    1445.98     28.000     27.730    -0.5556    -0.5548     0.0008    -0.5565    -0.5557     0.0008   2.803754   2.803713  -0.000044    34.2783    34.2768     7.6504    27.5503    27.5491    34.2781    27.5501    1446.05    1446.06    -0.5564  1027.6885    34.4433 0.0000e+00
       5110 313.715288  -62.14093  -58.44002      0.850    1445.98     29.000     28.720    -0.5553    -0.5544     0.0009    -0.5561    -0.5552     0.0009   2.803786   2.803803   0.000014    34.2776    34.2767     7.6436    27.5497    27.5490    34.2775    27.5496    1446.07    1446.08    -0.5562  1027.6928    34.4428 0.0000e+00
       5141 313.715303  -62.14094  -58.44002      0.774    1445.98     30.000     29.710    -0.5554    -0.5546     0.0008    -0.5563    -0.5555     0.0008   2.803802   2.803829   0.000027    34.2774    34.2769     7.6468    27.5496    27.5491    34.2772    27.5493    1446.09    1446.09    -0.5563  1027.6973    34.4424 0.0000e+00
       5172 313.715318  -62.14094  -58.44000      0.771    1445.98     31.000     30.700    -0.5577    -0.5569     0.0009    -0.5587    -0.5578     0.0009   2.803688   2.803701   0.000019    34.2779    34.2771     7.6599    27.5501    27.5494    34.2777    27.5499    1446.09    1446.10    -0.5586  1027.7027    34.4430 0.0000e+00
       5200 313.715332  -62.14094  -58.44000      0.818    1445.98     32.000     31.691    -0.5577    -0.5570     0.0008    -0.5587    -0.5580     0.0008   2.803751   2.803744  -0.000007    34.2780    34.2771     7.6572    27.5502    27.5494    34.2779    27.5501    1446.11    1446.11    -0.5586  1027.7076    34.4432 0.0000e+00
       5229 313.715345  -62.14095  -58.44000      0.847    1445.98     33.000     32.681    -0.5578    -0.5570     0.0008    -0.5588    -0.5580     0.0008   2.803824   2.803794  -0.000027    34.2785    34.2772     7.6530    27.5505    27.5495    34.2784    27.5504    1446.13    1446.13    -0.5588  1027.7128    34.4437 0.0000e+00
       5256 313.715358  -62.14096  -58.44000      0.861    1445.98     34.000     33.671    -0.5597    -0.5586     0.0011    -0.5607    -0.5596     0.0011   2.803762   2.803713  -0.000049    34.2794    34.2775     7.6554    27.5513    27.5498    34.2790    27.5510    1446.13    1446.14    -0.5607  1027.7182    34.4443 0.0000e+00
       5283 313.715371  -62.14096  -58.44000      0.881    1445.98     35.000     34.661    -0.5610    -0.5601     0.0008    -0.5620    -0.5612     0.0008   2.803703   2.803660  -0.000043    34.2792    34.2776     7.6496    27.5512    27.5500    34.2791    27.5511    1446.14    1446.15    -0.5620  1027.7231    34.4444 0.0000e+00
       5308 313.715383  -62.14096  -58.44000      0.932    1445.98     36.000     35.651    -0.5587    -0.5578     0.0009    -0.5598    -0.5589     0.0009   2.803900   2.803873  -0.000031    34.2784    34.2770     7.6536    27.5505    27.5494    34.2785    27.5506    1446.17    1446.17    -0.5598  1027.7274    34.4439 0.0000e+00
       5333 313.715395  -62.14096  -58.44000      0.976    1445.98     37.000     36.642    -0.5589    -0.5571     0.0017    -0.5600    -0.5582     0.0017   2.803924   2.803960   0.000036    34.2785    34.2770     7.6575    27.5506    27.5493    34.2784    27.5505    1446.19    1446.19    -0.5600  1027.7321    34.4438 0.0000e+00
       5359 313.715408  -62.14098  -58.44000      0.929    1445.98     38.000     37.632    -0.5590    -0.5581     0.0009    -0.5602    -0.5593     0.0009   2.803964   2.803947  -0.000019    34.2786    34.2773     7.6545    27.5507    27.5496    34.2785    27.5506    1446.20    1446.20    -0.5601  1027.7370    34.4439 0.0000e+00
       5387 313.715422  -62.14098  -58.44000      0.871    1445.98     39.000     38.622    -0.5591    -0.5584     0.0007    -0.5603    -0.5596     0.0007   2.803991   2.803968  -0.000019    34.2784    34.2773     7.6523    27.5505    27.5496    34.2784    27.5505    1446.22    1446.22    -0.5602  1027.7416    34.4438 0.0000e+00
       5416 313.715435  -62.14098  -58.44000      0.848    1445.98     40.000     39.612    -0.5586    -0.5579     0.0008    -0.5598    -0.5591     0.0008   2.804072   2.804057  -0.000014    34.2782    34.2772     7.6491    27.5504    27.5495    34.2783    27.5504    1446.24    1446.24    -0.5598  1027.7463    34.4437 0.0000e+00
       5443 313.715449  -62.14099  -58.44000      0.856    1445.98     41.000     40.603    -0.5576    -0.5566     0.0010    -0.5588    -0.5578     0.0010   2.804220   2.804189  -0.000027    34.2783    34.2768     7.6478    27.5504    27.5492    34.2784    27.5505    1446.26    1446.26    -0.5588  1027.7512    34.4439 0.0000e+00
       5469 313.715461  -62.14100  -58.43999      0.895    1445.98     42.000     41.593    -0.5589    -0.5575     0.0013    -0.5601    -0.5588     0.0013   2.804174   2.804168  -0.000003    34.2789    34.2773     7.6481    27.5509    27.5496    34.2787    27.5508    1446.27    1446.27    -0.5601  1027.7562    34.4441 0.0000e+00
       5495 313.715473  -62.14100  -58.43998      0.947    1445.98     43.000     42.583    -0.5592    -0.5585     0.0007    -0.5605    -0.5598     0.0007   2.804161   2.804156  -0.000019    34.2783    34.2773     7.6481    27.5505    27.5496    34.2783    27.5505    1446.28    1446.28    -0.5605  1027.7607    34.4437 0.0000e+00
       5520 313.715486  -62.14100  -58.43998      0.947    1445.98     44.000     43.573    -0.5595    -0.5594     0.0001    -0.5608    -0.5607     0.0001   2.804152   2.804117  -0.000031    34.2782    34.2777     7.6492    27.5504    27.5500    34.2778    27.5501    1446.29    1446.30    -0.5608  1027.7652    34.4433 0.0000e+00
       5547 313.715499  -62.14102  -58.43998      0.919    1445.98     45.000     44.563    -0.5667    -0.5655     0.0011    -0.5680    -0.5669     0.0011   2.803718   2.803711 8.0959e-07    34.2799    34.2786     7.6461    27.5520    27.5509    34.2795    27.5518    1446.28    1446.28    -0.5680  1027.7716    34.4450 0.0000e+00
       5574 313.715511  -62.14102  -58.43998      0.894    1445.98     46.000     45.554    -0.5655    -0.5649     0.0005    -0.5669    -0.5663     0.0005   2.803835   2.803804  -0.000031    34.2792    34.2781     7.6401    27.5515    27.5506    34.2791    27.5514    1446.30    1446.30    -0.5668  1027.7761    34.4446 0.0000e+00
       5600 313.715524  -62.14102  -58.43998      0.904    1445.98     47.000     46.544    -0.5646    -0.5639     0.0006    -0.5660    -0.5654     0.0006   2.803944   2.803925  -0.000021    34.2790    34.2780     7.6405    27.5513    27.5504    34.2789    27.5512    1446.32    1446.32    -0.5660  1027.7807    34.4444 0.0000e+00
       5625 313.715536  -62.14102  -58.43998      0.939    1445.98     48.000     47.534    -0.5642    -0.5636     0.0006    -0.5657    -0.5651     0.0006   2.803999   2.803993  -0.000005    34.2788    34.2779     7.6385    27.5510    27.5504    34.2787    27.5510    1446.34    1446.34    -0.5656  1027.7852    34.4442 0.0000e+00
       5649 313.715548  -62.14102  -58.43998      0.984    1445.98     49.000     48.524    -0.5677    -0.5663     0.0014    -0.5692    -0.5678     0.0014   2.803749   2.803783   0.000032    34.2798    34.2786     7.6414    27.5520    27.5510    34.2786    27.5511    1446.34    1446.35    -0.5691  1027.7902    34.4441 0.0000e+00
