Pos-Processados/process_op42/operantar42_015.ros
* Sea-Bird SBE 9 Data File:
* FileName = C:\Users\Hidrografia\Desktop\OPXLII\Brutos\OP42015.hdr
* Software Version Seasave V 7.26.7.107
* Temperature SN = 6502
* Conductivity SN = 4998
* Number of Bytes Per Scan = 31
* Number of Voltage Words = 2
* Number of Scans Averaged by the Deck Unit = 1
* NMEA Latitude = 46 45.52 S
* NMEA Longitude = 057 57.77 W
* NMEA UTC (Time) = Oct 20 2023 19:17:13
* NMEA baud rate = 4800
** H41
** NPOALTEMAXIMIANO
** NUMERO DA ESTACAO (XXX) 015
** LAT (XX XX.XX S/N) 46 45.93 S
** LONG (XXX XX.XX W/E) 057 54.24 W
** DATAHORA (dd/mm/aaaa hh:mm Z) 20/10/2023 1916Z
** PROFUNDIDADE (m) 3525
** OPERADOR CT FABIREZA
# nquan = 24
# nvalues = 3733                                  
# units = specified
# name 0 = scan: Scan Count
# name 1 = timeJ: Julian Days
# name 2 = latitude: Latitude [deg]
# name 3 = longitude: Longitude [deg]
# name 4 = dz/dtM: Descent Rate [m/s]
# name 5 = avgsvCM: Average Sound Velocity [Chen-Millero, m/s]
# name 6 = prDM: Pressure, Digiquartz [db]
# name 7 = depSM: Depth [salt water, m]
# name 8 = t090C: Temperature [ITS-90, deg C]
# name 9 = t190C: Temperature, 2 [ITS-90, deg C]
# name 10 = T2-T190C: Temperature Difference, 2 - 1 [ITS-90, deg C]
# name 11 = potemp090C: Potential Temperature [ITS-90, deg C]
# name 12 = potemp190C: Potential Temperature, 2 [ITS-90, deg C]
# name 13 = potemp90Cdiff: Potential Temperature, Diff, 2 - 1 [ITS-90, deg C]
# name 14 = c0S/m: Conductivity [S/m]
# name 15 = c1S/m: Conductivity, 2 [S/m]
# name 16 = C2-C1S/m: Conductivity Difference, 2 - 1 [S/m]
# name 17 = sal00: Salinity, Practical [PSU]
# name 18 = sal11: Salinity, Practical, 2 [PSU]
# name 19 = sbeox0ML/L: Oxygen, SBE 43 [ml/l]
# name 20 = sigma-é00: Density [sigma-theta, kg/m^3]
# name 21 = sigma-é11: Density, 2 [sigma-theta, kg/m^3]
# name 22 = nbf: Bottles Fired
# name 23 = flag:  0.000e+00
# interval = seconds: 0.0416667
# start_time = Oct 20 2023 19:17:13 [NMEA time, header]
# bad_flag = -9.990e-29
*END*
[from data line 2174]
      61627 293.833342  -46.77072  -57.96582     -0.132    1470.12     30.802     30.544     6.8633     6.8829     0.0196     6.8605     6.8802     0.0196   3.435859   3.437513   0.001654    34.1009    34.0996     7.2221    26.7295    26.7259         15  0.000e+00
      61628 293.833342  -46.77072  -57.96582     -0.132    1470.12     30.745     30.488     6.8638     6.8823     0.0186     6.8610     6.8795     0.0185   3.435884   3.437373   0.001490    34.1007    34.0987     7.2212    26.7293    26.7252         15  0.000e+00
      61629 293.833343  -46.77072  -57.96582     -0.124    1470.12     30.802     30.544     6.8639     6.8818     0.0179     6.8611     6.8791     0.0179   3.435939   3.437337   0.001398    34.1012    34.0988     7.2209    26.7297    26.7253         15  0.000e+00
      61630 293.833343  -46.77072  -57.96582     -0.123    1470.12     30.802     30.544     6.8651     6.8813     0.0162     6.8623     6.8785     0.0162   3.435958   3.437337   0.001379    34.1002    34.0993     7.2200    26.7288    26.7258         15  0.000e+00
      61631 293.833344  -46.77072  -57.96582     -0.114    1470.12     30.810     30.552     6.8654     6.8810     0.0156     6.8626     6.8782     0.0156   3.436100   3.437313   0.001213    34.1015    34.0993     7.2190    26.7297    26.7259         15  0.000e+00
      61632 293.833344  -46.77072  -57.96582     -0.111    1470.12     30.802     30.544     6.8652     6.8808     0.0156     6.8625     6.8781     0.0156   3.436050   3.437282   0.001232    34.1011    34.0992     7.2189    26.7294    26.7258         15  0.000e+00
      61633 293.833345  -46.77072  -57.96582     -0.104    1470.12     30.810     30.552     6.8662     6.8802     0.0140     6.8634     6.8774     0.0140   3.436020   3.437319   0.001299    34.0998    34.1002     7.2186    26.7283    26.7267         15  0.000e+00
      61634 293.833345  -46.77072  -57.96582     -0.104    1470.12     30.737     30.481     6.8680     6.8793     0.0113     6.8652     6.8765     0.0113   3.436186   3.437246   0.001060    34.0999    34.1003     7.2181    26.7281    26.7269         15  0.000e+00
      61635 293.833346  -46.77072  -57.96582     -0.097    1470.12     30.858     30.600     6.8694     6.8781     0.0087     6.8667     6.8753     0.0087   3.436303   3.437118   0.000815    34.0997    34.1000     7.2178    26.7277    26.7268         15  0.000e+00
      61636 293.833346  -46.77072  -57.96582     -0.093    1470.12     30.745     30.489     6.8706     6.8766     0.0060     6.8678     6.8739     0.0060   3.436328   3.437039   0.000712    34.0988    34.1007     7.2174    26.7269    26.7275         15  0.000e+00
      61637 293.833347  -46.77072  -57.96582     -0.087    1470.12     30.802     30.545     6.8708     6.8748     0.0040     6.8680     6.8720     0.0040   3.436402   3.436936   0.000535    34.0995    34.1014     7.2173    26.7274    26.7284         15  0.000e+00
      61638 293.833347  -46.77072  -57.96582     -0.082    1470.12     30.810     30.553     6.8716     6.8728     0.0013     6.8688     6.8700     0.0013   3.436371   3.436760   0.000389    34.0983    34.1014     7.2172    26.7264    26.7286         15  0.000e+00
      61639 293.833348  -46.77072  -57.96582     -0.079    1470.12     30.802     30.545     6.8724     6.8715    -0.0009     6.8696     6.8687    -0.0009   3.436315   3.436626   0.000311    34.0969    34.1012     7.2171    26.7252    26.7287         15  0.000e+00
      61640 293.833348  -46.77072  -57.96582     -0.072    1470.12     30.810     30.553     6.8697     6.8707     0.0010     6.8670     6.8679     0.0010   3.436303   3.436523   0.000220    34.0994    34.1008     7.2174    26.7275    26.7285         15  0.000e+00
      61641 293.833349  -46.77072  -57.96582     -0.070    1470.12     30.802     30.545     6.8675     6.8701     0.0026     6.8647     6.8673     0.0026   3.436020   3.436481   0.000461    34.0985    34.1010     7.2179    26.7271    26.7287         15  0.000e+00
      61642 293.833349  -46.77072  -57.96582     -0.062    1470.12     30.802     30.545     6.8667     6.8693     0.0026     6.8639     6.8665     0.0026   3.435927   3.436402   0.000475    34.0983    34.1010     7.2231    26.7270    26.7288         15  0.000e+00
      61643 293.833350  -46.77072  -57.96582     -0.059    1470.12     30.810     30.553     6.8654     6.8683     0.0029     6.8626     6.8655     0.0029   3.435952   3.436311   0.000359    34.0998    34.1009     7.2189    26.7284    26.7288         15  0.000e+00
      61644 293.833350  -46.77072  -57.96582     -0.051    1470.12     30.858     30.601     6.8643     6.8668     0.0026     6.8615     6.8641     0.0026   3.435865   3.436213   0.000348    34.1000    34.1012     7.2186    26.7287    26.7293         15  0.000e+00
      61645 293.833351  -46.77072  -57.96582     -0.047    1470.12     30.810     30.553     6.8633     6.8659     0.0027     6.8605     6.8631     0.0027   3.435792   3.436147   0.000355    34.1002    34.1015     7.2188    26.7290    26.7296         15  0.000e+00
      61646 293.833351  -46.77072  -57.96582     -0.042    1470.12     30.802     30.545     6.8622     6.8651     0.0029     6.8594     6.8623     0.0029   3.435822   3.436086   0.000263    34.1016    34.1016     7.2191    26.7302    26.7299         15  0.000e+00
      61647 293.833352  -46.77072  -57.96582     -0.037    1470.12     30.802     30.545     6.8623     6.8644     0.0021     6.8595     6.8617     0.0021   3.435767   3.436037   0.000270    34.1009    34.1017     7.2192    26.7297    26.7300         15  0.000e+00
      61648 293.833352  -46.77072  -57.96582     -0.032    1470.12     30.867     30.609     6.8629     6.8640     0.0010     6.8602     6.8612     0.0010   3.435742   3.436013   0.000271    34.0999    34.1019     7.2193    26.7288    26.7302         15  0.000e+00
      61649 293.833353  -46.77072  -57.96582     -0.027    1470.12     30.802     30.545     6.8635     6.8636     0.0002     6.8607     6.8609     0.0002   3.435748   3.435940   0.000192    34.0995    34.1014     7.2194    26.7284    26.7299         15  0.000e+00
      61650 293.833353  -46.77072  -57.96582     -0.025    1470.12     30.810     30.553     6.8639     6.8638    -0.0002     6.8611     6.8610    -0.0002   3.435767   3.435891   0.000125    34.0993    34.1008     7.2189    26.7282    26.7294         15  0.000e+00
      61651 293.833354  -46.77072  -57.96582     -0.020    1470.12     30.859     30.601     6.8618     6.8640     0.0021     6.8591     6.8612     0.0021   3.435637   3.435885   0.000248    34.0999    34.1005     7.2195    26.7289    26.7291         15  0.000e+00
      61652 293.833354  -46.77072  -57.96582     -0.011    1470.12     30.867     30.609     6.8597     6.8638     0.0041     6.8569     6.8610     0.0041   3.435545   3.435910   0.000365    34.1010    34.1009     7.2194    26.7301    26.7295         15  0.000e+00
      61653 293.833355  -46.77072  -57.96582     -0.013    1470.12     30.802     30.545     6.8601     6.8638     0.0037     6.8573     6.8610     0.0037   3.435477   3.435922   0.000445    34.0999    34.1011     7.2196    26.7292    26.7296         15  0.000e+00
      61654 293.833355  -46.77072  -57.96582     -0.003    1470.12     30.859     30.601     6.8599     6.8636     0.0038     6.8571     6.8609     0.0038   3.435323   3.435867   0.000544    34.0984    34.1006     7.2194    26.7280    26.7293         15  0.000e+00
      61655 293.833356  -46.77072  -57.96582     -0.001    1470.12     30.867     30.609     6.8577     6.8636     0.0059     6.8549     6.8609     0.0059   3.435163   3.435855   0.000692    34.0987    34.1005     7.2194    26.7286    26.7292         15  0.000e+00
      61656 293.833356  -46.77072  -57.96582      0.008    1470.12     30.859     30.601     6.8545     6.8635     0.0090     6.8517     6.8607     0.0090   3.435009   3.435831   0.000822    34.1003    34.1004     7.2201    26.7302    26.7291         15  0.000e+00
      61657 293.833356  -46.77072  -57.96582      0.007    1470.12     30.810     30.553     6.8542     6.8632     0.0090     6.8514     6.8604     0.0090   3.434972   3.435843   0.000871    34.1002    34.1008     7.2204    26.7302    26.7295         15  0.000e+00
      61658 293.833357  -46.77072  -57.96582      0.016    1470.12     30.915     30.657     6.8558     6.8635     0.0077     6.8530     6.8607     0.0077   3.435157   3.435904   0.000747    34.1005    34.1011     7.2205    26.7303    26.7297         15  0.000e+00
      61659 293.833357  -46.77072  -57.96582      0.018    1470.12     30.867     30.609     6.8566     6.8640     0.0074     6.8538     6.8612     0.0074   3.435218   3.435891   0.000673    34.1004    34.1006     7.2200    26.7301    26.7292         15  0.000e+00
      61660 293.833358  -46.77072  -57.96582      0.023    1470.12     30.859     30.601     6.8561     6.8656     0.0095     6.8533     6.8628     0.0095   3.435101   3.436001   0.000899    34.0997    34.1002     7.2198    26.7295    26.7286         15  0.000e+00
      61661 293.833358  -46.77072  -57.96582      0.025    1470.12     30.859     30.601     6.8535     6.8689     0.0155     6.8507     6.8662     0.0155   3.434923   3.436201   0.001279    34.1003    34.0990     7.2200    26.7304    26.7273         15  0.000e+00
      61662 293.833359  -46.77072  -57.96582      0.030    1470.12     30.867     30.609     6.8501     6.8728     0.0227     6.8473     6.8700     0.0227   3.434787   3.436487   0.001699    34.1021    34.0983     7.2208    26.7323    26.7262         15  0.000e+00
      61663 293.833359  -46.77072  -57.96582      0.032    1470.12     30.859     30.601     6.8480     6.8751     0.0271     6.8452     6.8723     0.0271   3.434565   3.436632   0.002067    34.1018    34.0977     7.2216    26.7323    26.7254         15  0.000e+00
      61664 293.833360  -46.77072  -57.96582      0.037    1470.12     30.867     30.609     6.8470     6.8741     0.0271     6.8442     6.8713     0.0271   3.434485   3.436632   0.002147    34.1019    34.0987     7.2221    26.7325    26.7263         15  0.000e+00
      61665 293.833360  -46.77072  -57.96582      0.042    1470.12     30.915     30.657     6.8465     6.8723     0.0258     6.8437     6.8696     0.0258   3.434498   3.436487   0.001989    34.1025    34.0988     7.2226    26.7331    26.7266         15  0.000e+00
      61666 293.833361  -46.77072  -57.96582      0.043    1470.12     30.859     30.601     6.8459     6.8710     0.0252     6.8431     6.8683     0.0252   3.434393   3.436444   0.002051    34.1020    34.0996     7.2231    26.7328    26.7275         15  0.000e+00
      61667 293.833361  -46.77072  -57.96582      0.048    1470.12     30.931     30.673     6.8450     6.8699     0.0249     6.8423     6.8672     0.0249   3.434331   3.436353   0.002022    34.1021    34.0997     7.2238    26.7330    26.7277         15  0.000e+00
      61668 293.833362  -46.77072  -57.96582      0.053    1470.12     30.915     30.657     6.8452     6.8694     0.0242     6.8425     6.8666     0.0242   3.434393   3.436311   0.001918    34.1026    34.0997     7.2242    26.7333    26.7278         15  0.000e+00
      61669 293.833362  -46.77072  -57.96582      0.057    1470.12     30.932     30.673     6.8449     6.8685     0.0236     6.8421     6.8657     0.0236   3.434368   3.436244   0.001876    34.1027    34.0999     7.2248    26.7334    26.7281         15  0.000e+00
      61670 293.833363  -46.77072  -57.96582      0.057    1470.12     30.859     30.601     6.8449     6.8678     0.0229     6.8421     6.8651     0.0229   3.434233   3.436226   0.001993    34.1012    34.1004     7.2203    26.7323    26.7285         15  0.000e+00
      61671 293.833363  -46.77072  -57.96582      0.061    1470.12     30.932     30.673     6.8444     6.8677     0.0232     6.8417     6.8649     0.0232   3.434239   3.436226   0.001987    34.1017    34.1005     7.2204    26.7327    26.7286         15  0.000e+00
      61672 293.833364  -46.77072  -57.96582      0.061    1470.12     30.859     30.601     6.8444     6.8678     0.0235     6.8416     6.8651     0.0235   3.434282   3.436244   0.001962    34.1023    34.1006     7.2203    26.7332    26.7287         15  0.000e+00
      61673 293.833364  -46.77072  -57.96582      0.064    1470.12     30.916     30.657     6.8444     6.8683     0.0239     6.8417     6.8655     0.0239   3.434196   3.436207   0.002012    34.1012    34.0997     7.2199    26.7324    26.7279         15  0.000e+00
      61674 293.833365  -46.77072  -57.96582      0.067    1470.12     30.932     30.673     6.8441     6.8675     0.0234     6.8413     6.8647     0.0234   3.434140   3.436195   0.002055    34.1010    34.1004     7.2195    26.7322    26.7286         15  0.000e+00
      61675 293.833365  -46.77072  -57.96582      0.070    1470.12     30.916     30.657     6.8441     6.8673     0.0232     6.8413     6.8645     0.0232   3.434202   3.436171   0.001969    34.1017    34.1003     7.2239    26.7327    26.7285         15  0.000e+00
      61676 293.833366  -46.77072  -57.96582      0.073    1470.12     30.932     30.673     6.8444     6.8673     0.0229     6.8417     6.8645     0.0229   3.434251   3.436141   0.001889    34.1018    34.0999     7.2239    26.7328    26.7282         15  0.000e+00
      61677 293.833366  -46.77072  -57.96582      0.071    1470.12     30.916     30.657     6.8444     6.8672     0.0227     6.8417     6.8644     0.0227   3.434140   3.436134   0.001994    34.1006    34.1000     7.2241    26.7319    26.7283         15  0.000e+00
      61678 293.833367  -46.77072  -57.96582      0.072    1470.12     30.916     30.657     6.8447     6.8662     0.0215     6.8420     6.8634     0.0215   3.434245   3.436086   0.001841    34.1015    34.1004     7.2241    26.7325    26.7288         15  0.000e+00
      61679 293.833367  -46.77072  -57.96582      0.073    1470.12     30.932     30.673     6.8449     6.8654     0.0205     6.8421     6.8626     0.0205   3.434270   3.435958   0.001689    34.1016    34.0998     7.2242    26.7326    26.7284         15  0.000e+00
      61680 293.833368  -46.77072  -57.96582      0.078    1470.12     30.980     30.721     6.8447     6.8640     0.0192     6.8420     6.8612     0.0192   3.434165   3.435892   0.001727    34.1006    34.1005     7.2244    26.7318    26.7291         15  0.000e+00
      61681 293.833368  -46.77072  -57.96582      0.079    1470.12     30.932     30.673     6.8446     6.8617     0.0171     6.8418     6.8589     0.0171   3.434134   3.435697   0.001563    34.1004    34.1006     7.2245    26.7317    26.7295         15  0.000e+00
      61682 293.833369  -46.77072  -57.96582      0.079    1470.12     30.916     30.657     6.8447     6.8588     0.0141     6.8420     6.8560     0.0141   3.434177   3.435521   0.001344    34.1007    34.1016     7.2245    26.7319    26.7307         15  0.000e+00
      61683 293.833369  -46.77072  -57.96582      0.079    1470.12     30.988     30.729     6.8449     6.8567     0.0118     6.8421     6.8539     0.0118   3.434196   3.435345   0.001149    34.1007    34.1017     7.2246    26.7319    26.7310         15  0.000e+00
      61684 293.833370  -46.77072  -57.96582      0.082    1470.12     30.916     30.658     6.8449     6.8563     0.0114     6.8421     6.8535     0.0114   3.434171   3.435278   0.001107    34.1005    34.1014     7.2247    26.7317    26.7309         15  0.000e+00
      61685 293.833370  -46.77072  -57.96582      0.073    1470.12     30.859     30.602     6.8450     6.8559     0.0109     6.8423     6.8532     0.0109   3.434165   3.435223   0.001059    34.1003    34.1012     7.2247    26.7316    26.7307         15  0.000e+00
