Pos-Processados/process_op42/operantar42_054.cnv
* Sea-Bird SBE 9 Data File:
* FileName = C:\Users\Hidrografia\Desktop\OPXLII\Brutos\OP42054.hdr
* Software Version Seasave V 7.26.7.107
* Temperature SN = 6502
* Conductivity SN = 4998
* Number of Bytes Per Scan = 37
* Number of Voltage Words = 4
* Number of Scans Averaged by the Deck Unit = 1
* NMEA Latitude = 62 18.63 S
* NMEA Longitude = 058 16.10 W
* NMEA UTC (Time) = Nov 17 2023 03:29:41
* NMEA baud rate = 4800
** H41
** NPOALTEMAXIMIANO
** NUMERO DA ESTACAO (XXX) 054
** LAT (XX XX.XX S/N) 62 18.649 S
** LONG (XXX XX.XX W/E) 058 16.1 W
** DATAHORA (dd/mm/aaaa hh:mm Z) 17/11/2023 0328Z
** PROFUNDIDADE (m) 1520 m
** OPERADOR CT FILIPE LOPES
# nquan = 30
# nvalues = 2867                        
# units = specified
# name 0 = scan: Scan Count
# name 1 = timeJ: Julian Days
# name 2 = latitude: Latitude [deg]
# name 3 = longitude: Longitude [deg]
# name 4 = dz/dtM: Descent Rate [m/s]
# name 5 = avgsvCM: Average Sound Velocity [Chen-Millero, m/s]
# name 6 = prDM: Pressure, Digiquartz [db]
# name 7 = depSM: Depth [salt water, m]
# name 8 = t090C: Temperature [ITS-90, deg C]
# name 9 = t190C: Temperature, 2 [ITS-90, deg C]
# name 10 = T2-T190C: Temperature Difference, 2 - 1 [ITS-90, deg C]
# name 11 = potemp090C: Potential Temperature [ITS-90, deg C]
# name 12 = potemp190C: Potential Temperature, 2 [ITS-90, deg C]
# name 13 = potemp90Cdiff: Potential Temperature, Diff, 2 - 1 [ITS-90, deg C]
# name 14 = c0S/m: Conductivity [S/m]
# name 15 = c1S/m: Conductivity, 2 [S/m]
# name 16 = C2-C1S/m: Conductivity Difference, 2 - 1 [S/m]
# name 17 = sal00: Salinity, Practical [PSU]
# name 18 = sal11: Salinity, Practical, 2 [PSU]
# name 19 = sbeox0ML/L: Oxygen, SBE 43 [ml/l]
# name 20 = sigma-é00: Density [sigma-theta, kg/m^3]
# name 21 = sigma-é11: Density, 2 [sigma-theta, kg/m^3]
# name 22 = sal00: Salinity, Practical [PSU]
# name 23 = sigma-é00: Density [sigma-theta, kg/m^3]
# name 24 = svCM: Sound Velocity [Chen-Millero, m/s]
# name 25 = svCM1: Sound Velocity, 2 [Chen-Millero, m/s]
# name 26 = gsw_ptA0: potential temperature [ITS-90, deg C]
# name 27 = gsw_densityA0: density, TEOS-10 [density, kg/m^3]
# name 28 = gsw_saA0: Absolute Salinity [g/kg]
# name 29 = flag:
# span 0 =       2370,      70863       
# span 1 = 321.146756, 321.179787       
# span 2 =  -62.31044,  -62.30930       
# span 3 =  -58.26840,  -58.25813       
# span 4 =     -1.346,      1.326       
# span 5 =       0.00,    1457.48       
# span 6 =      2.000,   1435.000       
# span 7 =      1.968,   1416.325       
# span 8 =    -1.3512,     0.6377       
# span 9 =    -1.3503,     0.6391       
# span 10 =    -0.0466,     0.0466      
# span 11 =    -1.3958,     0.6126      
# span 12 =    -1.3951,     0.6139      
# span 13 =    -0.0464,     0.0464      
# span 14 =   2.800594,   2.950958      
# span 15 =   2.800635,   2.951016      
# span 16 =  -0.004361,   0.003425      
# span 17 =    34.2383,    34.5711      
# span 18 =    34.2333,    34.5694      
# span 19 =     5.1272,     7.8716      
# span 20 =    27.5025,    27.7865      
# span 21 =    27.4984,    27.7857      
# span 22 =    34.2388,    34.5724      
# span 23 =    27.5030,    27.7866      
# span 24 =    1446.23,    1465.86      
# span 25 =    1446.22,    1465.86      
# span 26 =    -1.3947,     0.6128      
# span 27 =  1027.5217,  1034.5858      
# span 28 =    34.4041,    34.7424      
# span 29 = 0.0000e+00, 0.0000e+00      
# interval = decibars: 1                
# start_time = Nov 17 2023 03:29:41 [NMEA time, header]
# bad_flag = -9.990e-29
*END*
[from data line 97]
       5238 321.148139  -62.31036  -58.26834      0.800    1446.76     99.000     98.025    -0.5703    -0.5696     0.0007    -0.5733    -0.5726     0.0007   2.805620   2.805603  -0.000024    34.2767    34.2756     7.6421    27.5498    27.5488    34.2759    27.5491    1447.14    1447.14    -0.5733  1028.0276    34.4422 0.0000e+00
       5263 321.148151  -62.31036  -58.26834      0.899    1446.76    100.000     99.015    -0.5772    -0.5748     0.0024    -0.5802    -0.5778     0.0024   2.805041   2.805132   0.000104    34.2775    34.2762     7.6388    27.5507    27.5495    34.2752    27.5489    1447.12    1447.13    -0.5802  1028.0323    34.4416 0.0000e+00
       5285 321.148162  -62.31036  -58.26834      1.028    1446.76    101.000    100.005    -0.5944    -0.5928     0.0016    -0.5975    -0.5958     0.0016   2.803722   2.803750   0.000012    34.2783    34.2766     7.6415    27.5521    27.5506    34.2763    27.5504    1447.06    1447.06    -0.5974  1028.0387    34.4426 0.0000e+00
       5305 321.148171  -62.31036  -58.26834      1.131    1446.76    102.000    100.995    -0.5974    -0.5979    -0.0005    -0.6005    -0.6010    -0.0005   2.803391   2.803336  -0.000074    34.2770    34.2765     7.6400    27.5511    27.5508    34.2747    27.5493    1447.06    1447.05    -0.6004  1028.0425    34.4413 0.0000e+00
       5325 321.148181  -62.31036 -9.990e-29      1.188    1446.76    103.000    101.985    -0.6125    -0.6107     0.0019    -0.6156    -0.6138     0.0019   2.802236   2.802291   0.000072    34.2782    34.2770     7.6431    27.5528    27.5518    34.2756    27.5507    1447.00    1447.01    -0.6155  1028.0493    34.4429 0.0000e+00
       5345 321.148191  -62.31036 -9.990e-29      1.199    1446.76    104.000    102.975    -0.6186    -0.6177     0.0008    -0.6217    -0.6208     0.0008   2.801788   2.801797   0.000008    34.2778    34.2770     7.6386    27.5528    27.5520    34.2758    27.5511    1446.99    1446.99    -0.6216  1028.0546    34.4431 0.0000e+00
       5367 321.148201  -62.31036 -9.990e-29      1.160    1446.76    105.000    103.965    -0.6233    -0.6223     0.0011    -0.6265    -0.6254     0.0011   2.801474   2.801485   0.000019    34.2780    34.2771     7.6301    27.5531    27.5523    34.2763    27.5517    1446.99    1446.99    -0.6264  1028.0600    34.4437 0.0000e+00
       5390 321.148212  -62.31036 -9.990e-29      1.080    1446.76    106.000    104.955    -0.6249    -0.6241     0.0009    -0.6281    -0.6273     0.0009   2.801387   2.801402   0.000012    34.2778    34.2770     7.6227    27.5530    27.5523    34.2762    27.5517    1447.00    1447.00    -0.6280  1028.0649    34.4437 0.0000e+00
       5415 321.148224  -62.31036  -58.26832      0.988    1446.76    107.000    105.945    -0.6252    -0.6242     0.0010    -0.6284    -0.6274     0.0010   2.801400   2.801423   0.000022    34.2774    34.2766     7.6121    27.5527    27.5520    34.2762    27.5517    1447.01    1447.01    -0.6283  1028.0690    34.4429 0.0000e+00
       5443 321.148238  -62.31036  -58.26832      0.904    1446.76    108.000    106.934    -0.6254    -0.6246     0.0008    -0.6286    -0.6278     0.0008   2.801436   2.801452   0.000020    34.2773    34.2766     7.6023    27.5526    27.5520    34.2762    27.5518    1447.02    1447.03    -0.6286  1028.0736    34.4427 0.0000e+00
       5470 321.148251  -62.31036  -58.26832      0.873    1446.76    109.000    107.924    -0.6259    -0.6249     0.0010    -0.6292    -0.6282     0.0010   2.801473   2.801495   0.000026    34.2777    34.2769     7.5960    27.5529    27.5523    34.2767    27.5521    1447.04    1447.04    -0.6291  1028.0788    34.4431 0.0000e+00
       5497 321.148264  -62.31036  -58.26832      0.886    1446.76    110.000    108.914    -0.6277    -0.6270     0.0007    -0.6310    -0.6304     0.0007   2.801408   2.801406  -0.000003    34.2782    34.2773     7.6011    27.5534    27.5527    34.2773    27.5527    1447.05    1447.05    -0.6309  1028.0842    34.4437 0.0000e+00
       5523 321.148277  -62.31036  -58.26832      0.902    1446.76    111.000    109.904    -0.6272    -0.6266     0.0006    -0.6306    -0.6299     0.0006   2.801482   2.801488   0.000010    34.2777    34.2771     7.6009    27.5531    27.5525    34.2771    27.5525    1447.07    1447.07    -0.6305  1028.0888    34.4435 0.0000e+00
       5550 321.148289  -62.31036  -58.26832      0.907    1446.76    112.000    110.894    -0.6273    -0.6265     0.0008    -0.6306    -0.6299     0.0008   2.801531   2.801547   0.000014    34.2778    34.2771     7.6081    27.5531    27.5525    34.2772    27.5526    1447.08    1447.09    -0.6306  1028.0936    34.4436 0.0000e+00
       5575 321.148301  -62.31036  -58.26832      0.936    1446.76    113.000    111.884    -0.6283    -0.6274     0.0009    -0.6317    -0.6308     0.0009   2.801515   2.801532   0.000015    34.2781    34.2773     7.6044    27.5534    27.5527    34.2775    27.5529    1447.09    1447.10    -0.6316  1028.0987    34.4440 0.0000e+00
       5597 321.148312  -62.31036  -58.26832      1.010    1446.76    114.000    112.874    -0.6294    -0.6284     0.0010    -0.6328    -0.6318     0.0010   2.801502   2.801507   0.000008    34.2785    34.2775     7.5999    27.5538    27.5529    34.2779    27.5533    1447.11    1447.11    -0.6327  1028.1039    34.4444 0.0000e+00
       5619 321.148323  -62.31036  -58.26831      1.083    1446.76    115.000    113.863    -0.6311    -0.6302     0.0008    -0.6345    -0.6337     0.0008   2.801441   2.801444   0.000002    34.2790    34.2781     7.5975    27.5542    27.5535    34.2784    27.5538    1447.12    1447.12    -0.6345  1028.1100    34.4460 0.0000e+00
       5641 321.148333  -62.31036 -9.990e-29      1.111    1446.76    116.000    114.854    -0.6311    -0.6303     0.0008    -0.6346    -0.6338     0.0008   2.801490   2.801486 5.0736e-07    34.2788    34.2780     7.5903    27.5541    27.5534    34.2785    27.5538    1447.13    1447.13    -0.6345  1028.1150    34.4462 0.0000e+00
       5664 321.148345  -62.31036 -9.990e-29      1.059    1446.76    117.000    115.843    -0.6307    -0.6300     0.0008    -0.6343    -0.6335     0.0008   2.801558   2.801564   0.000006    34.2787    34.2779     7.5849    27.5540    27.5533    34.2784    27.5537    1447.15    1447.15    -0.6342  1028.1197    34.4461 0.0000e+00
       5690 321.148357  -62.31036 -9.990e-29      0.956    1446.76    118.000    116.833    -0.6294    -0.6288     0.0006    -0.6330    -0.6323     0.0006   2.801734   2.801733 2.1748e-08    34.2787    34.2780     7.5856    27.5539    27.5533    34.2786    27.5539    1447.17    1447.17    -0.6329  1028.1246    34.4464 0.0000e+00
       5717 321.148370  -62.31036  -58.26830      0.911    1446.76    119.000    117.823    -0.6284    -0.6276     0.0009    -0.6320    -0.6312     0.0009   2.801950   2.801940  -0.000003    34.2799    34.2788     7.5782    27.5549    27.5540    34.2799    27.5548    1447.19    1447.20    -0.6319  1028.1295    34.4467 0.0000e+00
       5742 321.148382  -62.31036  -58.26830      0.937    1446.76    120.000    118.813    -0.6154    -0.6204    -0.0050    -0.6190    -0.6240    -0.0050   2.803234   2.802776  -0.000470    34.2793    34.2786     7.5726    27.5538    27.5535    34.2818    27.5558    1447.27    1447.25    -0.6189  1028.1351    34.4484 0.0000e+00
       5766 321.148394  -62.31036  -58.26830      0.979    1446.76    121.000    119.802    -0.5911    -0.5961    -0.0050    -0.5948    -0.5998    -0.0050   2.805331   2.804855  -0.000389    34.2793    34.2797     7.5671    27.5528    27.5533    34.2820    27.5549    1447.40    1447.38    -0.5947  1028.1388    34.4486 0.0000e+00
       5790 321.148405  -62.31034  -58.26830      0.989    1446.76    122.000    120.792    -0.5793    -0.5805    -0.0012    -0.5830    -0.5842    -0.0012   2.806414   2.806364  -0.000106    34.2806    34.2806     7.5673    27.5533    27.5533    34.2825    27.5549    1447.48    1447.47    -0.5829  1028.1435    34.4491 0.0000e+00
       5816 321.148418  -62.31034  -58.26830      0.954    1446.76    123.000    121.782    -0.5764    -0.5771    -0.0008    -0.5801    -0.5809    -0.0008   2.806819   2.806648  -0.000155    34.2829    34.2817     7.5758    27.5550    27.5541    34.2840    27.5560    1447.51    1447.50    -0.5801  1028.1494    34.4507 0.0000e+00
       5844 321.148431  -62.31034  -58.26830      0.890    1446.76    124.000    122.772    -0.5779    -0.5815    -0.0037    -0.5817    -0.5853    -0.0036   2.806649   2.806354  -0.000306    34.2818    34.2818     7.6005    27.5542    27.5544    34.2829    27.5551    1447.52    1447.50    -0.5816  1028.1533    34.4495 0.0000e+00
       5872 321.148445  -62.31034  -58.26830      0.845    1446.76    125.000    123.762    -0.5767    -0.5742     0.0025    -0.5805    -0.5780     0.0025   2.806870   2.806984   0.000118    34.2830    34.2817     7.6073    27.5551    27.5540    34.2839    27.5559    1447.54    1447.55    -0.5804  1028.1588    34.4505 0.0000e+00
       5899 321.148458  -62.31034  -58.26830      0.865    1446.76    126.000    124.751    -0.5761    -0.5768    -0.0006    -0.5800    -0.5806    -0.0006   2.806941   2.806831  -0.000110    34.2830    34.2822     7.6096    27.5551    27.5545    34.2836    27.5556    1447.56    1447.55    -0.5799  1028.1634    34.4502 0.0000e+00
       5924 321.148470  -62.31034  -58.26830      0.926    1446.76    127.000    125.741    -0.5801    -0.5809    -0.0008    -0.5840    -0.5848    -0.0008   2.806601   2.806442  -0.000143    34.2836    34.2826     7.6045    27.5558    27.5550    34.2829    27.5552    1447.55    1447.55    -0.5839  1028.1677    34.4495 0.0000e+00
       5948 321.148481  -62.31034  -58.26830      0.988    1446.76    128.000    126.731    -0.5939    -0.5923     0.0015    -0.5978    -0.5962     0.0015   2.805752   2.805669  -0.000099    34.2853    34.2822     7.6045    27.5577    27.5552    34.2864    27.5587    1447.51    1447.51    -0.5977  1028.1761    34.4531 0.0000e+00
       5972 321.148493  -62.31034  -58.26830      1.017    1446.76    129.000    127.721    -0.5806    -0.5785     0.0022    -0.5846    -0.5824     0.0022   2.806760   2.806813   0.000055    34.2835    34.2817     7.6023    27.5557    27.5542    34.2844    27.5564    1447.59    1447.59    -0.5845  1028.1786    34.4511 0.0000e+00
       5996 321.148504  -62.31034  -58.26830      1.012    1446.76    130.000    128.710    -0.5782    -0.5820    -0.0039    -0.5821    -0.5860    -0.0039   2.806938   2.806594  -0.000342    34.2830    34.2828     7.6042    27.5552    27.5552    34.2834    27.5555    1447.61    1447.59    -0.5821  1028.1824    34.4501 0.0000e+00
       6018 321.148515  -62.31034  -58.26830      1.024    1446.76    131.000    129.700    -0.6040    -0.5958     0.0082    -0.6080    -0.5998     0.0082   2.804745   2.805207   0.000422    34.2873    34.2836     7.6042    27.5598    27.5565    34.2824    27.5559    1447.51    1447.54    -0.6079  1028.1887    34.4504 0.0000e+00
       6041 321.148526  -62.31034 -9.990e-29      1.053    1446.76    132.000    130.690    -0.6253    -0.6256    -0.0002    -0.6293    -0.6296    -0.0002   2.802974   2.802915  -0.000069    34.2827    34.2821     7.6055    27.5571    27.5566    34.2821    27.5566    1447.42    1447.42    -0.6292  1028.1944    34.4503 0.0000e+00
       6065 321.148538  -62.31034 -9.990e-29      1.041    1446.76    133.000    131.680    -0.6241    -0.6233     0.0008    -0.6281    -0.6274     0.0008   2.803093   2.803059  -0.000003    34.2825    34.2816     7.5982    27.5568    27.5560    34.2817    27.5562    1447.44    1447.45    -0.6280  1028.1988    34.4499 0.0000e+00
       6089 321.148550  -62.31034 -9.990e-29      0.997    1446.76    134.000    132.670    -0.6067    -0.6021     0.0046    -0.6108    -0.6062     0.0046   2.804689   2.805003   0.000240    34.2812    34.2793     7.5862    27.5550    27.5533    34.2829    27.5563    1447.54    1447.56    -0.6107  1028.2037    34.4511 0.0000e+00
       6115 321.148562  -62.31034  -58.26828      0.955    1446.76    135.000    133.659    -0.5873    -0.5837     0.0036    -0.5915    -0.5878     0.0036   2.806274   2.806635   0.000309    34.2809    34.2809     7.5707    27.5539    27.5538    34.2817    27.5546    1447.65    1447.67    -0.5914  1028.2058    34.4489 0.0000e+00
       6140 321.148574  -62.31034  -58.26828      0.956    1446.76    136.000    134.649    -0.6125    -0.6024     0.0101    -0.6166    -0.6065     0.0101   2.804460   2.804876   0.000503    34.2881    34.2833     7.5726    27.5608    27.5566    34.2852    27.5585    1447.55    1447.59    -0.6165  1028.2142    34.4519 0.0000e+00
       6164 321.148586  -62.31034  -58.26829      0.972    1446.76    137.000    135.639    -0.6238    -0.6229     0.0009    -0.6279    -0.6271     0.0009   2.803347   2.803349  -0.000012    34.2830    34.2818     7.5705    27.5572    27.5562    34.2823    27.5566    1447.51    1447.51    -0.6279  1028.2172    34.4491 0.0000e+00
       6189 321.148598  -62.31034  -58.26830      0.977    1446.76    138.000    136.629    -0.6203    -0.6200     0.0003    -0.6244    -0.6241     0.0003   2.803653   2.803621  -0.000012    34.2821    34.2816     7.5664    27.5563    27.5559    34.2818    27.5561    1447.54    1447.54    -0.6244  1028.2214    34.4486 0.0000e+00
       6214 321.148609  -62.31034  -58.26830      0.971    1446.76    139.000    137.618    -0.6169    -0.6175    -0.0006    -0.6211    -0.6217    -0.0006   2.803997   2.803926  -0.000077    34.2818    34.2814     7.5763    27.5559    27.5556    34.2820    27.5561    1447.58    1447.57    -0.6210  1028.2262    34.4488 0.0000e+00
       6238 321.148621  -62.31034  -58.26830      0.970    1446.76    140.000    138.608    -0.6125    -0.6133    -0.0009    -0.6167    -0.6176    -0.0009   2.804354   2.804251  -0.000092    34.2816    34.2813     7.5802    27.5555    27.5554    34.2812    27.5553    1447.61    1447.61    -0.6167  1028.2301    34.4480 0.0000e+00
       6262 321.148633  -62.31034  -58.26830      0.985    1446.76    141.000    139.598    -0.6029    -0.6024     0.0005    -0.6072    -0.6067     0.0005   2.805353   2.805361   0.000013    34.2812    34.2808     7.5742    27.5548    27.5545    34.2833    27.5565    1447.68    1447.68    -0.6071  1028.2361    34.4501 0.0000e+00
       6286 321.148645  -62.31034  -58.26830      0.994    1446.76    142.000    140.587    -0.5868    -0.5890    -0.0022    -0.5912    -0.5933    -0.0022   2.806818   2.806582  -0.000199    34.2823    34.2821     7.5692    27.5551    27.5550    34.2842    27.5566    1447.77    1447.76    -0.5911  1028.2408    34.4510 0.0000e+00
       6310 321.148656  -62.31034  -58.26830      1.008    1446.77    143.000    141.577    -0.5744    -0.5754    -0.0011    -0.5788    -0.5799    -0.0011   2.807985   2.807875  -0.000135    34.2834    34.2828     7.5711    27.5554    27.5550    34.2852    27.5568    1447.84    1447.84    -0.5787  1028.2458    34.4520 0.0000e+00
       6333 321.148667  -62.31034  -58.26829      1.025 -9.990e-29    144.000    142.567    -0.5747    -0.5722     0.0025    -0.5791    -0.5766     0.0025   2.808062   2.808169   0.000099    34.2851    34.2836     7.5780    27.5568    27.5554    34.2859    27.5575    1447.86    1447.87    -0.5790  1028.2512    34.4528 0.0000e+00
       6357 321.148679  -62.31034  -58.26828      1.024 -9.990e-29    145.000    143.556    -0.5737    -0.5724     0.0013    -0.5782    -0.5769     0.0013   2.808146   2.808193   0.000039    34.2847    34.2838     7.5813    27.5564    27.5556    34.2854    27.5570    1447.88    1447.89    -0.5781  1028.2555    34.4522 0.0000e+00
       6381 321.148690  -62.31034  -58.26828      1.007 -9.990e-29    146.000    144.546    -0.5779    -0.5755     0.0024    -0.5824    -0.5800     0.0024   2.807822   2.807949   0.000119    34.2849    34.2839     7.5848    27.5568    27.5558    34.2851    27.5569    1447.88    1447.89    -0.5823  1028.2603    34.4520 0.0000e+00
