Pos-Processados/process_op42/operantar42_011.ros
* Sea-Bird SBE 9 Data File:
* FileName = C:\Users\Hidrografia\Desktop\OPXLII\Brutos\OP42011.hdr
* Software Version Seasave V 7.26.7.107
* Temperature SN = 6502
* Conductivity SN = 4998
* Number of Bytes Per Scan = 31
* Number of Voltage Words = 2
* Number of Scans Averaged by the Deck Unit = 1
* NMEA Latitude = 45 08.67 S
* NMEA Longitude = 055 57.85 W
* NMEA UTC (Time) = Oct 19 2023 08:19:59
* NMEA baud rate = 4800
** H41
** NPOALTEMAXIMIANO
** NUMERO DA ESTACAO (XXX) 011
** LAT (XX XX.XX S/N) 45 5.419 S
** LONG (XXX XX.XX W/E) 055 57.980 W
** DATAHORA (dd/mm/aaaa hh:mm Z) 19/10/2023 0819Z
** PROFUNDIDADE (m) 5475
** OPERADOR CT FILIPE LOPES
# nquan = 24
# nvalues = 4146                                  
# units = specified
# name 0 = scan: Scan Count
# name 1 = timeJ: Julian Days
# name 2 = latitude: Latitude [deg]
# name 3 = longitude: Longitude [deg]
# name 4 = dz/dtM: Descent Rate [m/s]
# name 5 = avgsvCM: Average Sound Velocity [Chen-Millero, m/s]
# name 6 = prDM: Pressure, Digiquartz [db]
# name 7 = depSM: Depth [salt water, m]
# name 8 = t090C: Temperature [ITS-90, deg C]
# name 9 = t190C: Temperature, 2 [ITS-90, deg C]
# name 10 = T2-T190C: Temperature Difference, 2 - 1 [ITS-90, deg C]
# name 11 = potemp090C: Potential Temperature [ITS-90, deg C]
# name 12 = potemp190C: Potential Temperature, 2 [ITS-90, deg C]
# name 13 = potemp90Cdiff: Potential Temperature, Diff, 2 - 1 [ITS-90, deg C]
# name 14 = c0S/m: Conductivity [S/m]
# name 15 = c1S/m: Conductivity, 2 [S/m]
# name 16 = C2-C1S/m: Conductivity Difference, 2 - 1 [S/m]
# name 17 = sal00: Salinity, Practical [PSU]
# name 18 = sal11: Salinity, Practical, 2 [PSU]
# name 19 = sbeox0ML/L: Oxygen, SBE 43 [ml/l]
# name 20 = sigma-é00: Density [sigma-theta, kg/m^3]
# name 21 = sigma-é11: Density, 2 [sigma-theta, kg/m^3]
# name 22 = nbf: Bottles Fired
# name 23 = flag:  0.000e+00
# interval = seconds: 0.0416667
# start_time = Oct 19 2023 08:19:59 [NMEA time, header]
# bad_flag = -9.990e-29
*END*
[from data line 2174]
      60724 292.376495  -45.15032  -55.95296     -0.192    1474.96     42.402     42.052    12.2455    12.1887    -0.0568    12.2400    12.1832    -0.0568   4.030503   4.022196  -0.008307    35.0492    35.0217     5.9907    26.5812    26.5708         12  0.000e+00
      60725 292.376495  -45.15032  -55.95296     -0.196    1474.96     42.402     42.052    12.2459    12.1814    -0.0645    12.2403    12.1758    -0.0645   4.030300   4.021304  -0.008996    35.0469    35.0200     5.9950    26.5793    26.5708         12  0.000e+00
      60726 292.376495  -45.15032  -55.95296     -0.198    1474.96     42.458     42.108    12.2460    12.1732    -0.0727    12.2404    12.1677    -0.0727   4.030319   4.020088  -0.010231    35.0470    35.0157     5.9912    26.5793    26.5691         12  0.000e+00
      60727 292.376496  -45.15032  -55.95296     -0.204    1474.96     42.402     42.053    12.2467    12.1638    -0.0829    12.2411    12.1582    -0.0829   4.030247   4.018770  -0.011477    35.0457    35.0118     5.9954    26.5781    26.5679         12  0.000e+00
      60728 292.376496  -45.15032  -55.95296     -0.202    1474.96     42.402     42.053    12.2467    12.1548    -0.0919    12.2411    12.1492    -0.0919   4.030103   4.017710  -0.012393    35.0442    35.0099     5.9955    26.5771    26.5682         12  0.000e+00
      60729 292.376497  -45.15032  -55.95296     -0.208    1474.96     42.361     42.013    12.2463    12.1506    -0.0957    12.2408    12.1451    -0.0957   4.029912   4.017283  -0.012629    35.0428    35.0097     5.9918    26.5760    26.5688         12  0.000e+00
      60730 292.376497  -45.15032  -55.95296     -0.208    1474.96     42.402     42.053    12.2447    12.1526    -0.0920    12.2391    12.1471    -0.0920   4.029460   4.017716  -0.011743    35.0399    35.0120     5.9881    26.5741    26.5702         12  0.000e+00
      60731 292.376498  -45.15032  -55.95296     -0.213    1474.96     42.345     41.997    12.2336    12.1558    -0.0778    12.2280    12.1502    -0.0778   4.027963   4.018330  -0.009633    35.0358    35.0150     5.9937    26.5730    26.5719         12  0.000e+00
      60732 292.376498  -45.15032  -55.95296     -0.213    1474.96     42.402     42.053    12.2259    12.1584    -0.0674    12.2203    12.1529    -0.0674   4.026303   4.018557  -0.007747    35.0268    35.0147     5.9911    26.5676    26.5712         12  0.000e+00
      60733 292.376499  -45.15032  -55.95296     -0.216    1474.96     42.345     41.997    12.2173    12.1584    -0.0589    12.2118    12.1529    -0.0589   4.025444   4.018401  -0.007042    35.0265    35.0132     5.9922    26.5690    26.5700         12  0.000e+00
      60734 292.376499  -45.15032  -55.95296     -0.221    1474.96     42.305     41.957    12.2091    12.1601    -0.0490    12.2035    12.1546    -0.0490   4.025483   4.018182  -0.007302    35.0347    35.0096     5.9929    26.5769    26.5669         12  0.000e+00
      60735 292.376500  -45.15032  -55.95296     -0.215    1474.96     42.402     42.053    12.1994    12.1614    -0.0379    12.1938    12.1559    -0.0379   4.025280   4.018233  -0.007047    35.0418    35.0088     5.9941    26.5843    26.5660         12  0.000e+00
      60736 292.376500  -45.15032  -55.95296     -0.219    1474.96     42.345     41.997    12.1925    12.1603    -0.0322    12.1869    12.1547    -0.0322   4.024952   4.018291  -0.006661    35.0451    35.0104     5.9949    26.5882    26.5675         12  0.000e+00
      60737 292.376501  -45.15032  -55.95296     -0.222    1474.96     42.281     41.933    12.1943    12.1610    -0.0333    12.1888    12.1555    -0.0333   4.024860   4.018563  -0.006297    35.0424    35.0124     5.9949    26.5858    26.5689         12  0.000e+00
      60738 292.376501  -45.15032  -55.95296     -0.223    1474.96     42.345     41.997    12.1920    12.1641    -0.0279    12.1865    12.1586    -0.0279   4.024316   4.019099  -0.005216    35.0393    35.0147     5.9957    26.5838    26.5701         12  0.000e+00
      60739 292.376502  -45.15032  -55.95296     -0.220    1474.96     42.345     41.997    12.1880    12.1674    -0.0206    12.1824    12.1619    -0.0206   4.023804   4.019772  -0.004032    35.0381    35.0182     5.9966    26.5836    26.5721         12  0.000e+00
      60740 292.376502  -45.15034  -55.95296     -0.219    1474.96     42.305     41.957    12.1855    12.1707    -0.0147    12.1799    12.1652    -0.0147   4.023843   4.020392  -0.003451    35.0409    35.0211     5.9968    26.5863    26.5738         12  0.000e+00
      60741 292.376503  -45.15034  -55.95296     -0.218    1474.96     42.345     41.997    12.1828    12.1739    -0.0089    12.1772    12.1684    -0.0089   4.023870   4.020871  -0.002999    35.0436    35.0227     5.9928    26.5889    26.5744         12  0.000e+00
      60742 292.376503  -45.15034  -55.95296     -0.216    1474.96     42.281     41.933    12.1751    12.1776     0.0025    12.1695    12.1720     0.0025   4.023188   4.021304  -0.001884    35.0443    35.0236     5.9935    26.5909    26.5744         12  0.000e+00
      60743 292.376504  -45.15034  -55.95296     -0.212    1474.96     42.346     41.997    12.1685    12.1814     0.0129    12.1629    12.1758     0.0129   4.022584   4.021827  -0.000757    35.0445    35.0251     5.9945    26.5924    26.5748         12  0.000e+00
      60744 292.376504  -45.15034  -55.95296     -0.211    1474.96     42.281     41.933    12.1655    12.1872     0.0217    12.1600    12.1817     0.0217   4.022302   4.022597   0.000295    35.0446    35.0271     5.9947    26.5930    26.5752         12  0.000e+00
      60745 292.376505  -45.15034  -55.95296     -0.208    1474.96     42.305     41.957    12.1603    12.1965     0.0362    12.1548    12.1910     0.0362   4.021600   4.023515   0.001914    35.0426    35.0273     5.9950    26.5925    26.5736         12  0.000e+00
      60746 292.376505  -45.15034  -55.95296     -0.206    1474.96     42.281     41.933    12.1597    12.2043     0.0447    12.1541    12.1988     0.0447   4.020532   4.024627   0.004096    35.0329    35.0308     5.9950    26.5850    26.5748         12  0.000e+00
      60747 292.376506  -45.15034  -55.95296     -0.202    1474.96     42.346     41.997    12.1649    12.2104     0.0456    12.1593    12.2049     0.0456   4.019830   4.025410   0.005580    35.0211    35.0327     5.9905    26.5749    26.5751         12  0.000e+00
      60748 292.376506  -45.15034  -55.95296     -0.198    1474.96     42.281     41.933    12.1709    12.2128     0.0420    12.1654    12.2073     0.0419   4.019600   4.025571   0.005971    35.0133    35.0320     5.9850    26.5676    26.5741         12  0.000e+00
      60749 292.376507  -45.15034  -55.95296     -0.196    1474.96     42.281     41.933    12.1685    12.2107     0.0422    12.1630    12.2051     0.0422   4.019345   4.025229   0.005884    35.0130    35.0307     5.9843    26.5679    26.5735         12  0.000e+00
      60750 292.376507  -45.15034  -55.95296     -0.192    1474.96     42.281     41.933    12.1524    12.2103     0.0579    12.1469    12.2048     0.0579   4.018269   4.024983   0.006713    35.0176    35.0286     5.9848    26.5746    26.5720         12  0.000e+00
      60751 292.376508  -45.15034  -55.95296     -0.184    1474.96     42.305     41.957    12.1370    12.2111     0.0741    12.1315    12.2056     0.0741   4.016985   4.025080   0.008095    35.0195    35.0288     5.9859    26.5791    26.5720         12  0.000e+00
      60752 292.376508  -45.15034  -55.95296     -0.183    1474.96     42.225     41.877    12.1367    12.2072     0.0705    12.1312    12.2017     0.0705   4.016729   4.024776   0.008047    35.0174    35.0296     5.9809    26.5775    26.5733         12  0.000e+00
      60753 292.376508  -45.15034  -55.95296     -0.177    1474.96     42.346     41.997    12.1232    12.2019     0.0787    12.1176    12.1963     0.0787   4.016172   4.023981   0.007808    35.0246    35.0268     5.9813    26.5857    26.5722         12  0.000e+00
      60754 292.376509  -45.15034  -55.95296     -0.171    1474.96     42.281     41.933    12.1068    12.1930     0.0862    12.1013    12.1875     0.0862   4.015346   4.022939   0.007593    35.0320    35.0250     5.9821    26.5945    26.5725         12  0.000e+00
      60755 292.376509  -45.15034  -55.95296     -0.167    1474.96     42.281     41.933    12.1022    12.1802     0.0780    12.0967    12.1747     0.0780   4.015242   4.021517   0.006275    35.0353    35.0232     5.9774    26.5980    26.5735         12  0.000e+00
      60756 292.376510  -45.15034  -55.95296     -0.158    1474.96     42.362     42.013    12.1086    12.1719     0.0633    12.1031    12.1663     0.0633   4.015169   4.020308   0.005139    35.0285    35.0192     5.9757    26.5915    26.5721         12  0.000e+00
      60757 292.376510  -45.15034  -55.95296     -0.150    1474.96     42.281     41.933    12.1033    12.1732     0.0700    12.0977    12.1677     0.0700   4.014501   4.020489   0.005988    35.0271    35.0197     5.9753    26.5914    26.5722         12  0.000e+00
      60758 292.376511  -45.15034  -55.95296     -0.148    1474.96     42.225     41.877    12.1019    12.1817     0.0798    12.0964    12.1762     0.0798   4.014376   4.021743   0.007367    35.0272    35.0240     5.9744    26.5917    26.5739         12  0.000e+00
      60759 292.376511  -45.15034  -55.95296     -0.138    1474.96     42.346     41.997    12.1081    12.1917     0.0836    12.1026    12.1862     0.0836   4.014488   4.023004   0.008516    35.0224    35.0268     5.9730    26.5868    26.5742         12  0.000e+00
      60760 292.376512  -45.15034  -55.95296     -0.134    1474.96     42.281     41.933    12.1103    12.1952     0.0849    12.1048    12.1897     0.0848   4.014770   4.023586   0.008817    35.0230    35.0292     5.9677    26.5869    26.5754         12  0.000e+00
      60761 292.376512  -45.15034  -55.95296     -0.122    1474.96     42.346     41.997    12.1104    12.1985     0.0881    12.1049    12.1930     0.0881   4.014671   4.023942   0.009270    35.0220    35.0295     5.9710    26.5861    26.5750         12  0.000e+00
      60762 292.376513  -45.15034  -55.95296     -0.116    1474.96     42.306     41.957    12.1031    12.2022     0.0991    12.0975    12.1966     0.0991   4.013321   4.024330   0.011008    35.0157    35.0299     5.9670    26.5826    26.5746         12  0.000e+00
      60763 292.376513  -45.15034  -55.95296     -0.107    1474.96     42.346     41.997    12.1034    12.2058     0.1024    12.0979    12.2003     0.1024   4.012712   4.024394   0.011682    35.0094    35.0271     5.9618    26.5777    26.5716         12  0.000e+00
      60764 292.376514  -45.15034  -55.95296     -0.102    1474.96     42.282     41.933    12.1106    12.2108     0.1002    12.1051    12.2053     0.1002   4.012915   4.024854   0.011939    35.0047    35.0269     5.9642    26.5726    26.5705         12  0.000e+00
      60765 292.376514  -45.15034  -55.95296     -0.092    1474.96     42.346     41.997    12.1092    12.2108     0.1015    12.1037    12.2052     0.1015   4.012371   4.025035   0.012664    35.0007    35.0287     5.9594    26.5697    26.5719         12  0.000e+00
      60766 292.376515  -45.15034  -55.95296     -0.082    1474.96     42.346     41.997    12.1034    12.2055     0.1021    12.0979    12.1999     0.1020   4.011683   4.024401   0.012718    34.9994    35.0275     5.9552    26.5699    26.5720         12  0.000e+00
      60767 292.376515  -45.15034  -55.95296     -0.072    1474.96     42.362     42.013    12.1044    12.1949     0.0904    12.0989    12.1893     0.0904   4.012188   4.023179   0.010991    35.0034    35.0256     5.9539    26.5728    26.5726         12  0.000e+00
      60768 292.376516  -45.15034  -55.95296     -0.065    1474.96     42.346     41.997    12.1089    12.1820     0.0731    12.1034    12.1765     0.0731   4.013184   4.021692   0.008508    35.0089    35.0231     5.9518    26.5762    26.5732         12  0.000e+00
      60769 292.376516  -45.15034  -55.95296     -0.054    1474.96     42.346     41.997    12.1088    12.1734     0.0646    12.1033    12.1678     0.0645   4.013426   4.020884   0.007457    35.0113    35.0234     5.9511    26.5781    26.5750         12  0.000e+00
      60770 292.376517  -45.15034  -55.95296     -0.046    1474.96     42.346     41.997    12.1138    12.1717     0.0580    12.1083    12.1662     0.0579   4.013865   4.020825   0.006960    35.0109    35.0244     5.9495    26.5769    26.5761         12  0.000e+00
      60771 292.376517  -45.15034  -55.95296     -0.038    1474.96     42.402     42.053    12.1178    12.1691     0.0513    12.1122    12.1635     0.0513   4.015202   4.020541   0.005339    35.0202    35.0241     5.9479    26.5833    26.5764         12  0.000e+00
      60772 292.376518  -45.15034  -55.95296     -0.033    1474.96     42.282     41.934    12.1353    12.1681     0.0328    12.1297    12.1625     0.0328   4.017306   4.020043   0.002737    35.0244    35.0202     5.9409    26.5831    26.5736         12  0.000e+00
      60773 292.376518  -45.15034  -55.95296     -0.023    1474.96     42.419     42.069    12.1487    12.1679     0.0192    12.1432    12.1624     0.0192   4.018551   4.019752   0.001201    35.0238    35.0175     5.9385    26.5801    26.5715         12  0.000e+00
      60774 292.376519  -45.15034  -55.95296     -0.015    1474.96     42.403     42.053    12.1513    12.1737     0.0225    12.1457    12.1682     0.0225   4.018853   4.020224   0.001371    35.0243    35.0166     5.9379    26.5800    26.5697         12  0.000e+00
      60775 292.376519  -45.15034  -55.95296     -0.003    1474.96     42.403     42.053    12.1556    12.1849     0.0293    12.1501    12.1793     0.0293   4.019489   4.021608   0.002119    35.0264    35.0196     5.9367    26.5808    26.5699         12  0.000e+00
      60776 292.376520  -45.15034  -55.95296      0.005    1474.96     42.403     42.053    12.1762    12.1960     0.0198    12.1707    12.1905     0.0198   4.021797   4.023185   0.001388    35.0296    35.0245     5.9341    26.5793    26.5715         12  0.000e+00
      60777 292.376520  -45.15034  -55.95296      0.014    1474.96     42.403     42.053    12.2047    12.2042    -0.0005    12.1992    12.1986    -0.0005   4.025339   4.024550  -0.000789    35.0373    35.0301     5.9304    26.5798    26.5743         12  0.000e+00
      60869 292.376564  -45.15034  -55.95294     -0.051    1474.96     42.646     42.295    12.3144    12.3082    -0.0062    12.3088    12.3026    -0.0062   4.040301   4.039565  -0.000736    35.0796    35.0783     5.9028    26.5914    26.5916         13  0.000e+00
      60870 292.376565  -45.15034  -55.95294     -0.049    1474.96     42.662     42.311    12.3143    12.3096    -0.0047    12.3087    12.3040    -0.0047   4.040255   4.039487  -0.000768    35.0793    35.0762     5.8978    26.5911    26.5897         13  0.000e+00
      60871 292.376565  -45.15034  -55.95294     -0.051    1474.96     42.646     42.295    12.3139    12.3107    -0.0033    12.3083    12.3050    -0.0033   4.040314   4.039468  -0.000847    35.0803    35.0751     5.8968    26.5920    26.5886         13  0.000e+00
      60872 292.376566  -45.15034  -55.95294     -0.049    1474.96     42.646     42.295    12.3168    12.3115    -0.0053    12.3112    12.3059    -0.0053   4.040472   4.039526  -0.000946    35.0791    35.0749     5.8961    26.5905    26.5883         13  0.000e+00
      60873 292.376566  -45.15034  -55.95294     -0.053    1474.96     42.581     42.231    12.3200    12.3125    -0.0075    12.3144    12.3069    -0.0075   4.040597   4.039474  -0.001123    35.0773    35.0735     5.8951    26.5885    26.5870         13  0.000e+00
