Pos-Processados/process_op42/operantar42_002.ros
* Sea-Bird SBE 9 Data File:
* FileName = C:\Users\Hidrografia\Desktop\OPXLII\Brutos\OP42002.hdr
* Software Version Seasave V 7.26.7.107
* Temperature SN = 6502
* Conductivity SN = 4998
* Number of Bytes Per Scan = 37
* Number of Voltage Words = 4
* Number of Scans Averaged by the Deck Unit = 1
* NMEA Latitude = 37 53.44 S
* NMEA Longitude = 051 46.15 W
* NMEA UTC (Time) = Oct 16 2023 08:29:02
* NMEA baud rate = 4800
** H41
** NPOALTEMAXIMIANO
** NUMERO DA ESTACAO (XXX) 002
** LAT (XX XX.XX S/N) 37 53.431 S
** LONG (XXX XX.XX W/E) 51 48.140 W
** DATAHORA (dd/mm/aaaa hh:mm Z) 16/10/2023 0828Z
** PROFUNDIDADE (m) 4384
** OPERADOR CT FILIPE LOPES
# nquan = 24
# nvalues = 3841                                  
# units = specified
# name 0 = scan: Scan Count
# name 1 = timeJ: Julian Days
# name 2 = latitude: Latitude [deg]
# name 3 = longitude: Longitude [deg]
# name 4 = dz/dtM: Descent Rate [m/s]
# name 5 = avgsvCM: Average Sound Velocity [Chen-Millero, m/s]
# name 6 = prDM: Pressure, Digiquartz [db]
# name 7 = depSM: Depth [salt water, m]
# name 8 = t090C: Temperature [ITS-90, deg C]
# name 9 = t190C: Temperature, 2 [ITS-90, deg C]
# name 10 = T2-T190C: Temperature Difference, 2 - 1 [ITS-90, deg C]
# name 11 = potemp090C: Potential Temperature [ITS-90, deg C]
# name 12 = potemp190C: Potential Temperature, 2 [ITS-90, deg C]
# name 13 = potemp90Cdiff: Potential Temperature, Diff, 2 - 1 [ITS-90, deg C]
# name 14 = c0S/m: Conductivity [S/m]
# name 15 = c1S/m: Conductivity, 2 [S/m]
# name 16 = C2-C1S/m: Conductivity Difference, 2 - 1 [S/m]
# name 17 = sal00: Salinity, Practical [PSU]
# name 18 = sal11: Salinity, Practical, 2 [PSU]
# name 19 = sbeox0ML/L: Oxygen, SBE 43 [ml/l]
# name 20 = sigma-é00: Density [sigma-theta, kg/m^3]
# name 21 = sigma-é11: Density, 2 [sigma-theta, kg/m^3]
# name 22 = nbf: Bottles Fired
# name 23 = flag:  0.000e+00
# interval = seconds: 0.0416667
# start_time = Oct 16 2023 08:29:02 [NMEA time, header]
# bad_flag = -9.990e-29
*END*
[from data line 3201]
      69011 289.386776  -37.90502  -51.78388     -0.163    1502.92     44.887     44.547    18.1668    18.1678     0.0010    18.1590    18.1600     0.0010   4.751278   4.751525   0.000247    36.2184    36.2197     5.2466    26.1660    26.1667         18  0.000e+00
      69012 289.386776  -37.90502  -51.78388     -0.171    1502.92     44.887     44.547    18.1669    18.1683     0.0014    18.1591    18.1605     0.0014   4.751243   4.751580   0.000337    36.2180    36.2197     5.2470    26.1657    26.1666         18  0.000e+00
      69013 289.386777  -37.90502  -51.78388     -0.178    1502.92     44.887     44.547    18.1666    18.1674     0.0008    18.1588    18.1596     0.0008   4.751229   4.751511   0.000282    36.2181    36.2199     5.2472    26.1659    26.1670         18  0.000e+00
      69014 289.386777  -37.90502  -51.78388     -0.187    1502.92     44.831     44.491    18.1662    18.1671     0.0009    18.1584    18.1593     0.0009   4.751166   4.751483   0.000317    36.2180    36.2199     5.2476    26.1659    26.1671         18  0.000e+00
      69015 289.386778  -37.90502  -51.78388     -0.195    1502.92     44.831     44.491    18.1663    18.1672     0.0010    18.1585    18.1594     0.0010   4.751145   4.751449   0.000304    36.2178    36.2195     5.2514    26.1656    26.1668         18  0.000e+00
      69016 289.386778  -37.90502  -51.78388     -0.203    1502.92     44.831     44.491    18.1666    18.1674     0.0008    18.1588    18.1596     0.0008   4.751250   4.751497   0.000247    36.2184    36.2198     5.2518    26.1660    26.1669         18  0.000e+00
      69017 289.386779  -37.90502  -51.78388     -0.213    1502.92     44.766     44.427    18.1670    18.1672     0.0002    18.1593    18.1595     0.0002   4.751243   4.751518   0.000275    36.2179    36.2201     5.2518    26.1656    26.1672         18  0.000e+00
      69018 289.386779  -37.90502  -51.78388     -0.219    1502.92     44.831     44.491    18.1671    18.1671    -0.0000    18.1593    18.1593    -0.0000   4.751250   4.751490   0.000240    36.2179    36.2200     5.2521    26.1655    26.1671         18  0.000e+00
      69019 289.386780  -37.90502  -51.78388     -0.226    1502.92     44.766     44.427    18.1671    18.1671    -0.0000    18.1594    18.1593    -0.0000   4.751236   4.751483   0.000247    36.2178    36.2200     5.2487    26.1655    26.1671         18  0.000e+00
      69020 289.386780  -37.90502  -51.78388     -0.228    1502.92     44.847     44.507    18.1670    18.1672     0.0002    18.1593    18.1594     0.0002   4.751194   4.751476   0.000282    36.2175    36.2197     5.2488    26.1652    26.1669         18  0.000e+00
      69021 289.386780  -37.90502  -51.78388     -0.235    1502.92     44.710     44.371    18.1668    18.1671     0.0003    18.1590    18.1593     0.0003   4.751201   4.751504   0.000303    36.2178    36.2202     5.2488    26.1656    26.1673         18  0.000e+00
      69022 289.386781  -37.90502  -51.78388     -0.240    1502.92     44.766     44.427    18.1666    18.1674     0.0008    18.1588    18.1596     0.0008   4.751159   4.751490   0.000331    36.2176    36.2197     5.2525    26.1654    26.1669         18  0.000e+00
      69023 289.386781  -37.90502  -51.78388     -0.244    1502.92     44.766     44.427    18.1667    18.1674     0.0007    18.1589    18.1596     0.0007   4.751208   4.751504   0.000296    36.2179    36.2199     5.2488    26.1657    26.1670         18  0.000e+00
      69024 289.386782  -37.90502  -51.78388     -0.251    1502.92     44.710     44.371    18.1666    18.1676     0.0010    18.1589    18.1598     0.0010   4.751194   4.751518   0.000324    36.2179    36.2198     5.2484    26.1657    26.1669         18  0.000e+00
      69025 289.386782  -37.90502  -51.78388     -0.250    1502.92     44.766     44.427    18.1668    18.1678     0.0010    18.1590    18.1600     0.0010   4.751187   4.751518   0.000331    36.2177    36.2197     5.2481    26.1655    26.1667         18  0.000e+00
      69026 289.386783  -37.90502  -51.78388     -0.258    1502.92     44.646     44.307    18.1667    18.1676     0.0009    18.1590    18.1598     0.0009   4.751187   4.751580   0.000393    36.2178    36.2204     5.2476    26.1656    26.1673         18  0.000e+00
      69027 289.386783  -37.90502  -51.78388     -0.257    1502.92     44.766     44.427    18.1666    18.1678     0.0011    18.1588    18.1600     0.0011   4.751229   4.751566   0.000337    36.2182    36.2201     5.2473    26.1659    26.1670         18  0.000e+00
      69028 289.386784  -37.90502  -51.78388     -0.263    1502.92     44.646     44.307    18.1666    18.1674     0.0008    18.1589    18.1597     0.0008   4.751229   4.751559   0.000330    36.2182    36.2204     5.2471    26.1659    26.1674         18  0.000e+00
      69029 289.386784  -37.90502  -51.78388     -0.260    1502.92     44.710     44.371    18.1665    18.1676     0.0010    18.1588    18.1598     0.0010   4.751194   4.751559   0.000365    36.2180    36.2202     5.2507    26.1658    26.1672         18  0.000e+00
      69030 289.386785  -37.90502  -51.78388     -0.259    1502.92     44.710     44.371    18.1666    18.1679     0.0013    18.1589    18.1602     0.0013   4.751152   4.751553   0.000401    36.2176    36.2198     5.2468    26.1654    26.1668         18  0.000e+00
      69031 289.386785  -37.90502  -51.78388     -0.261    1502.92     44.646     44.307    18.1666    18.1676     0.0010    18.1589    18.1598     0.0010   4.751145   4.751525   0.000380    36.2175    36.2199     5.2463    26.1654    26.1670         18  0.000e+00
      69032 289.386786  -37.90502  -51.78388     -0.263    1502.92     44.670     44.331    18.1664    18.1676     0.0012    18.1586    18.1598     0.0012   4.751187   4.751490   0.000303    36.2181    36.2196     5.2459    26.1659    26.1667         18  0.000e+00
      69033 289.386786  -37.90502  -51.78388     -0.262    1502.92     44.646     44.307    18.1668    18.1672     0.0004    18.1590    18.1595     0.0004   4.751159   4.751539   0.000380    36.2175    36.2204     5.2456    26.1653    26.1674         18  0.000e+00
      69034 289.386787  -37.90502  -51.78388     -0.264    1502.92     44.646     44.307    18.1656    18.1671     0.0015    18.1578    18.1593     0.0015   4.751082   4.751469   0.000388    36.2179    36.2199     5.2454    26.1659    26.1671         18  0.000e+00
      69035 289.386787  -37.90502  -51.78388     -0.261    1502.92     44.646     44.307    18.1648    18.1671     0.0023    18.1570    18.1593     0.0023   4.751004   4.751407   0.000403    36.2180    36.2193     5.2453    26.1662    26.1666         18  0.000e+00
      69036 289.386788  -37.90502  -51.78388     -0.260    1502.92     44.646     44.307    18.1649    18.1671     0.0022    18.1571    18.1593     0.0022   4.750983   4.751428   0.000445    36.2177    36.2195     5.2450    26.1659    26.1668         18  0.000e+00
      69037 289.386788  -37.90502  -51.78388     -0.258    1502.92     44.646     44.307    18.1647    18.1674     0.0027    18.1569    18.1597     0.0027   4.751004   4.751497   0.000493    36.2180    36.2198     5.2447    26.1662    26.1670         18  0.000e+00
      69038 289.386789  -37.90502  -51.78388     -0.254    1502.92     44.646     44.307    18.1648    18.1674     0.0026    18.1570    18.1597     0.0026   4.750990   4.751580   0.000590    36.2178    36.2206     5.2444    26.1661    26.1675         18  0.000e+00
      69039 289.386789  -37.90502  -51.78388     -0.257    1502.92     44.589     44.251    18.1647    18.1676     0.0029    18.1569    18.1598     0.0029   4.751011   4.751601   0.000590    36.2181    36.2206     5.2441    26.1663    26.1675         18  0.000e+00
      69040 289.386790  -37.90502  -51.78388     -0.255    1502.92     44.589     44.251    18.1650    18.1679     0.0029    18.1573    18.1602     0.0029   4.751025   4.751559   0.000534    36.2179    36.2199     5.2437    26.1661    26.1669         18  0.000e+00
      69041 289.386790  -37.90502  -51.78388     -0.252    1502.92     44.646     44.307    18.1653    18.1674     0.0021    18.1575    18.1597     0.0021   4.751054   4.751525   0.000471    36.2179    36.2201     5.2434    26.1660    26.1671         18  0.000e+00
      69042 289.386791  -37.90502  -51.78388     -0.251    1502.92     44.589     44.251    18.1650    18.1676     0.0026    18.1573    18.1598     0.0025   4.751054   4.751490   0.000437    36.2182    36.2196     5.2431    26.1663    26.1668         18  0.000e+00
      69043 289.386791  -37.90502  -51.78388     -0.245    1502.92     44.589     44.251    18.1650    18.1669     0.0019    18.1573    18.1592     0.0019   4.750997   4.751449   0.000451    36.2177    36.2199     5.2430    26.1659    26.1671         18  0.000e+00
      69044 289.386792  -37.90504  -51.78390     -0.240    1502.92     44.614     44.275    18.1651    18.1664     0.0013    18.1574    18.1586     0.0013   4.751047   4.751352   0.000305    36.2180    36.2195     5.2466    26.1661    26.1670         18  0.000e+00
      69045 289.386792  -37.90504  -51.78390     -0.234    1502.92     44.589     44.251    18.1654    18.1662     0.0008    18.1577    18.1585     0.0008   4.751089   4.751345   0.000256    36.2181    36.2196     5.2431    26.1661    26.1671         18  0.000e+00
      69046 289.386793  -37.90504  -51.78390     -0.229    1502.92     44.646     44.307    18.1652    18.1666     0.0013    18.1575    18.1588     0.0013   4.751075   4.751386   0.000312    36.2181    36.2196     5.2467    26.1662    26.1670         18  0.000e+00
      69047 289.386793  -37.90504  -51.78390     -0.226    1502.92     44.590     44.251    18.1649    18.1669     0.0020    18.1572    18.1592     0.0020   4.750976   4.751428   0.000452    36.2176    36.2197     5.2430    26.1658    26.1670         18  0.000e+00
      69048 289.386793  -37.90504  -51.78390     -0.222    1502.92     44.590     44.251    18.1643    18.1674     0.0031    18.1566    18.1597     0.0031   4.750906   4.751497   0.000591    36.2175    36.2199     5.2429    26.1659    26.1670         18  0.000e+00
      69049 289.386794  -37.90504  -51.78390     -0.213    1502.92     44.590     44.251    18.1640    18.1674     0.0034    18.1563    18.1597     0.0034   4.750871   4.751518   0.000647    36.2175    36.2200     5.2429    26.1660    26.1671         18  0.000e+00
      69050 289.386794  -37.90504  -51.78390     -0.207    1502.92     44.590     44.251    18.1636    18.1678     0.0042    18.1558    18.1600     0.0042   4.750948   4.751539   0.000590    36.2186    36.2199     5.2428    26.1669    26.1669         18  0.000e+00
      69051 289.386795  -37.90504  -51.78390     -0.197    1502.92     44.646     44.307    18.1638    18.1678     0.0039    18.1561    18.1600     0.0039   4.750955   4.751587   0.000632    36.2184    36.2203     5.2427    26.1667    26.1672         18  0.000e+00
      69052 289.386795  -37.90504  -51.78390     -0.196    1502.92     44.533     44.196    18.1641    18.1678     0.0037    18.1564    18.1600     0.0037   4.750948   4.751539   0.000590    36.2181    36.2199     5.2425    26.1665    26.1669         18  0.000e+00
      69053 289.386796  -37.90504  -51.78390     -0.183    1502.92     44.646     44.307    18.1640    18.1674     0.0034    18.1562    18.1597     0.0034   4.750927   4.751546   0.000618    36.2180    36.2203     5.2461    26.1664    26.1673         18  0.000e+00
      69054 289.386796  -37.90504  -51.78390     -0.181    1502.92     44.590     44.252    18.1640    18.1674     0.0034    18.1563    18.1597     0.0034   4.750969   4.751497   0.000528    36.2184    36.2199     5.2462    26.1667    26.1670         18  0.000e+00
      69055 289.386797  -37.90504  -51.78390     -0.176    1502.92     44.549     44.212    18.1637    18.1674     0.0037    18.1560    18.1597     0.0037   4.750892   4.751504   0.000612    36.2179    36.2199     5.2464    26.1664    26.1670         18  0.000e+00
      69056 289.386797  -37.90504  -51.78390     -0.165    1502.92     44.646     44.307    18.1640    18.1672     0.0032    18.1562    18.1595     0.0032   4.750864   4.751490   0.000626    36.2174    36.2199     5.2429    26.1660    26.1671         18  0.000e+00
      69057 289.386798  -37.90504  -51.78390     -0.158    1502.92     44.590     44.252    18.1638    18.1667     0.0029    18.1561    18.1590     0.0029   4.750864   4.751386   0.000522    36.2176    36.2195     5.2464    26.1661    26.1669         18  0.000e+00
      69058 289.386798  -37.90504  -51.78390     -0.149    1502.92     44.590     44.252    18.1636    18.1650     0.0014    18.1558    18.1573     0.0014   4.750850   4.751179   0.000329    36.2177    36.2193     5.2466    26.1663    26.1671         18  0.000e+00
      69059 289.386799  -37.90504  -51.78390     -0.146    1502.92     44.590     44.252    18.1633    18.1636     0.0003    18.1556    18.1559     0.0003   4.750857   4.751054   0.000197    36.2180    36.2194     5.2470    26.1666    26.1676         18  0.000e+00
      69060 289.386799  -37.90504  -51.78390     -0.139    1502.92     44.590     44.252    18.1631    18.1635     0.0003    18.1554    18.1557     0.0003   4.750864   4.751033   0.000169    36.2182    36.2194     5.2471    26.1668    26.1676         18  0.000e+00
      69061 289.386800  -37.90504  -51.78390     -0.127    1502.92     44.646     44.308    18.1634    18.1638     0.0004    18.1556    18.1561     0.0004   4.750836   4.751123   0.000287    36.2177    36.2198     5.2509    26.1663    26.1678         18  0.000e+00
      69062 289.386800  -37.90504  -51.78390     -0.119    1502.92     44.590     44.252    18.1637    18.1648     0.0012    18.1559    18.1571     0.0012   4.750913   4.751248   0.000335    36.2182    36.2200     5.2475    26.1666    26.1677         18  0.000e+00
      69063 289.386801  -37.90504  -51.78390     -0.113    1502.92     44.590     44.252    18.1642    18.1654     0.0012    18.1564    18.1576     0.0012   4.750871   4.751282   0.000411    36.2174    36.2198     5.2475    26.1659    26.1675         18  0.000e+00
      69064 289.386801  -37.90504  -51.78390     -0.103    1502.92     44.646     44.308    18.1644    18.1657     0.0012    18.1567    18.1579     0.0012   4.750892   4.750978   0.000086    36.2173    36.2169     5.2479    26.1657    26.1652         18  0.000e+00
      69065 289.386802  -37.90504  -51.78390     -0.093    1502.92     44.646     44.308    18.1645    18.1657     0.0012    18.1568    18.1579     0.0012   4.750962   4.750943  -0.000019    36.2178    36.2166     5.2482    26.1661    26.1649         18  0.000e+00
      69066 289.386802  -37.90504  -51.78390     -0.084    1502.92     44.670     44.332    18.1645    18.1659     0.0013    18.1568    18.1581     0.0013   4.750955   4.751255   0.000300    36.2178    36.2191     5.2486    26.1661    26.1668         18  0.000e+00
      69067 289.386803  -37.90504  -51.78390     -0.077    1502.92     44.590     44.252    18.1648    18.1659     0.0011    18.1570    18.1581     0.0011   4.750913   4.751331   0.000418    36.2172    36.2198     5.2488    26.1656    26.1673         18  0.000e+00
      69068 289.386803  -37.90504  -51.78390     -0.069    1502.92     44.646     44.308    18.1643    18.1655     0.0012    18.1566    18.1578     0.0012   4.750906   4.751345   0.000439    36.2175    36.2202     5.2490    26.1659    26.1677         18  0.000e+00
      69069 289.386804  -37.90504  -51.78390     -0.056    1502.92     44.646     44.308    18.1640    18.1654     0.0014    18.1562    18.1576     0.0014   4.750892   4.751234   0.000342    36.2177    36.2194     5.2490    26.1661    26.1671         18  0.000e+00
