Pos-Processados/process_op42/operantar42_007.ros
* Sea-Bird SBE 9 Data File:
* FileName = C:\Users\Hidrografia\Desktop\OPXLII\Brutos\OP42006.hdr
* Software Version Seasave V 7.26.7.107
* Temperature SN = 6502
* Conductivity SN = 4998
* Number of Bytes Per Scan = 31
* Number of Voltage Words = 2
* Number of Scans Averaged by the Deck Unit = 1
* NMEA Latitude = 41 49.29 S
* NMEA Longitude = 054 31.41 W
* NMEA UTC (Time) = Oct 18 2023 00:54:10
* NMEA baud rate = 4800
** H41
** NPOALTEMAXIMIANO
** NUMERO DA ESTACAO (XXX) 006
** LAT (XX XX.XX S/N) 41 49.31 S
** LONG (XXX XX.XX W/E) 054 31.42 W
** DATAHORA (dd/mm/aaaa hh:mm Z) 17/10/2023 0025Z
** PROFUNDIDADE (m) 5071
** OPERADOR CT FILIPE LOPES
# nquan = 24
# nvalues = 3662                                  
# units = specified
# name 0 = scan: Scan Count
# name 1 = timeJ: Julian Days
# name 2 = latitude: Latitude [deg]
# name 3 = longitude: Longitude [deg]
# name 4 = dz/dtM: Descent Rate [m/s]
# name 5 = avgsvCM: Average Sound Velocity [Chen-Millero, m/s]
# name 6 = prDM: Pressure, Digiquartz [db]
# name 7 = depSM: Depth [salt water, m]
# name 8 = t090C: Temperature [ITS-90, deg C]
# name 9 = t190C: Temperature, 2 [ITS-90, deg C]
# name 10 = T2-T190C: Temperature Difference, 2 - 1 [ITS-90, deg C]
# name 11 = potemp090C: Potential Temperature [ITS-90, deg C]
# name 12 = potemp190C: Potential Temperature, 2 [ITS-90, deg C]
# name 13 = potemp90Cdiff: Potential Temperature, Diff, 2 - 1 [ITS-90, deg C]
# name 14 = c0S/m: Conductivity [S/m]
# name 15 = c1S/m: Conductivity, 2 [S/m]
# name 16 = C2-C1S/m: Conductivity Difference, 2 - 1 [S/m]
# name 17 = sal00: Salinity, Practical [PSU]
# name 18 = sal11: Salinity, Practical, 2 [PSU]
# name 19 = sbeox0ML/L: Oxygen, SBE 43 [ml/l]
# name 20 = sigma-é00: Density [sigma-theta, kg/m^3]
# name 21 = sigma-é11: Density, 2 [sigma-theta, kg/m^3]
# name 22 = nbf: Bottles Fired
# name 23 = flag:  0.000e+00
# interval = seconds: 0.0416667
# start_time = Oct 18 2023 00:54:10 [NMEA time, header]
# bad_flag = -9.990e-29
*END*
[from data line 2778]
      62265 291.067643  -41.81250  -54.51786      0.199    1482.44     61.924     61.430    12.4910    12.4919     0.0009    12.4827    12.4837     0.0009   4.058306   4.058521   0.000215    35.0803    35.0815     5.8445    26.5579    26.5587         18  0.000e+00
      62266 291.067643  -41.81250  -54.51786      0.201    1482.44     61.980     61.486    12.4908    12.4921     0.0012    12.4825    12.4838     0.0012   4.058359   4.058586   0.000227    35.0810    35.0820     5.8485    26.5585    26.5590         18  0.000e+00
      62267 291.067644  -41.81250  -54.51786      0.199    1482.44     61.924     61.430    12.4903    12.4919     0.0016    12.4820    12.4837     0.0016   4.058267   4.058573   0.000306    35.0806    35.0820     5.8441    26.5583    26.5591         18  0.000e+00
      62268 291.067644  -41.81250  -54.51786      0.199    1482.44     61.980     61.486    12.4900    12.4922     0.0023    12.4817    12.4840     0.0023   4.058208   4.058619   0.000411    35.0803    35.0821     5.8477    26.5581    26.5591         18  0.000e+00
      62269 291.067645  -41.81250  -54.51786      0.198    1482.44     61.948     61.454    12.4893    12.4924     0.0031    12.4811    12.4841     0.0031   4.058129   4.058664   0.000535    35.0801    35.0824     5.8479    26.5581    26.5593         18  0.000e+00
      62270 291.067645  -41.81250  -54.51786      0.192    1482.44     61.924     61.430    12.4891    12.4929     0.0038    12.4809    12.4847     0.0038   4.058122   4.058755   0.000633    35.0803    35.0828     5.8481    26.5583    26.5595         18  0.000e+00
      62271 291.067646  -41.81250  -54.51786      0.197    1482.44     62.045     61.550    12.4893    12.4929     0.0036    12.4810    12.4846     0.0036   4.058148   4.058722   0.000574    35.0803    35.0825     5.8440    26.5582    26.5592         18  0.000e+00
      62272 291.067646  -41.81250  -54.51786      0.193    1482.44     61.980     61.486    12.4895    12.4935     0.0041    12.4812    12.4853     0.0041   4.058162   4.058813   0.000652    35.0803    35.0828     5.8433    26.5582    26.5593         18  0.000e+00
      62273 291.067647  -41.81250  -54.51786      0.192    1482.44     61.948     61.454    12.4896    12.4944     0.0048    12.4814    12.4862     0.0048   4.058089   4.058872   0.000783    35.0794    35.0825     5.8430    26.5575    26.5590         18  0.000e+00
      62274 291.067647  -41.81250  -54.51786      0.190    1482.44     61.980     61.486    12.4895    12.4949     0.0054    12.4812    12.4866     0.0054   4.058109   4.058859   0.000750    35.0798    35.0820     5.8428    26.5578    26.5584         18  0.000e+00
      62275 291.067648  -41.81250  -54.51786      0.191    1482.44     62.045     61.550    12.4900    12.4946     0.0046    12.4817    12.4863     0.0046   4.058148   4.058852   0.000704    35.0797    35.0822     5.8426    26.5576    26.5587         18  0.000e+00
      62276 291.067648  -41.81248  -54.51784      0.184    1482.44     61.981     61.486    12.4903    12.4947     0.0045    12.4820    12.4865     0.0045   4.058188   4.058859   0.000671    35.0798    35.0821     5.8465    26.5577    26.5586         18  0.000e+00
      62277 291.067649  -41.81248  -54.51784      0.184    1482.44     62.005     61.510    12.4907    12.4937     0.0031    12.4824    12.4855     0.0031   4.058208   4.058748   0.000541    35.0796    35.0820     5.8467    26.5575    26.5587         18  0.000e+00
      62278 291.067649  -41.81248  -54.51784      0.184    1482.44     62.045     61.550    12.4910    12.4927     0.0017    12.4827    12.4845     0.0017   4.058201   4.058710   0.000508    35.0792    35.0825     5.8469    26.5571    26.5593         18  0.000e+00
      62279 291.067649  -41.81248  -54.51784      0.181    1482.44     61.981     61.486    12.4910    12.4927     0.0017    12.4827    12.4845     0.0017   4.058201   4.058709   0.000508    35.0793    35.0825     5.8428    26.5571    26.5593         18  0.000e+00
      62280 291.067650  -41.81248  -54.51784      0.177    1482.44     62.045     61.550    12.4902    12.4934     0.0033    12.4819    12.4851     0.0032   4.058201   4.058761   0.000560    35.0800    35.0824     5.8428    26.5579    26.5591         18  0.000e+00
      62281 291.067650  -41.81248  -54.51784      0.176    1482.44     62.045     61.550    12.4896    12.4944     0.0048    12.4814    12.4861     0.0048   4.058122   4.058781   0.000659    35.0797    35.0816     5.8469    26.5577    26.5583         18  0.000e+00
      62282 291.067651  -41.81248  -54.51784      0.167    1482.44     61.948     61.454    12.4891    12.4942     0.0051    12.4809    12.4860     0.0051   4.058102   4.058800   0.000698    35.0801    35.0820     5.8471    26.5581    26.5586         18  0.000e+00
      62283 291.067651  -41.81248  -54.51784      0.164    1482.44     62.045     61.550    12.4898    12.4946     0.0047    12.4816    12.4863     0.0047   4.058122   4.058813   0.000691    35.0795    35.0818     5.8431    26.5576    26.5584         18  0.000e+00
      62284 291.067652  -41.81248  -54.51784      0.165    1482.44     62.045     61.550    12.4903    12.4944     0.0041    12.4820    12.4861     0.0041   4.058260   4.058787   0.000527    35.0804    35.0817     5.8429    26.5582    26.5583         18  0.000e+00
      62285 291.067652  -41.81248  -54.51784      0.161    1482.44     62.045     61.550    12.4910    12.4935     0.0026    12.4827    12.4853     0.0026   4.058385   4.058722   0.000337    35.0810    35.0819     5.8426    26.5585    26.5586         18  0.000e+00
      62286 291.067653  -41.81248  -54.51784      0.157    1482.44     62.005     61.510    12.4913    12.4931     0.0017    12.4830    12.4848     0.0017   4.058366   4.058684   0.000318    35.0805    35.0820     5.8425    26.5580    26.5588         18  0.000e+00
      62287 291.067653  -41.81248  -54.51784      0.156    1482.44     62.101     61.606    12.4915    12.4932     0.0017    12.4832    12.4849     0.0017   4.058260   4.058684   0.000423    35.0793    35.0818     5.8425    26.5570    26.5586         18  0.000e+00
      62288 291.067654  -41.81248  -54.51784      0.154    1482.44     62.045     61.550    12.4913    12.4929     0.0016    12.4830    12.4846     0.0016   4.058366   4.058729   0.000363    35.0805    35.0825     5.8423    26.5580    26.5593         18  0.000e+00
      62289 291.067654  -41.81248  -54.51784      0.150    1482.44     62.045     61.550    12.4908    12.4926     0.0018    12.4825    12.4843     0.0018   4.058385   4.058664   0.000279    35.0812    35.0822     5.8423    26.5586    26.5591         18  0.000e+00
      62290 291.067655  -41.81248  -54.51784      0.147    1482.44     62.005     61.510    12.4911    12.4929     0.0018    12.4829    12.4847     0.0018   4.058293   4.058612   0.000319    35.0800    35.0814     5.8422    26.5577    26.5584         18  0.000e+00
      62291 291.067655  -41.81248  -54.51784      0.143    1482.44     62.102     61.606    12.4915    12.4931     0.0016    12.4832    12.4848     0.0016   4.058306   4.058625   0.000319    35.0797    35.0814     5.8426    26.5574    26.5583         18  0.000e+00
      62292 291.067656  -41.81248  -54.51784      0.141    1482.44     62.045     61.550    12.4923    12.4935     0.0012    12.4841    12.4853     0.0012   4.058385   4.058690   0.000305    35.0797    35.0816     5.8425    26.5572    26.5584         18  0.000e+00
      62293 291.067656  -41.81248  -54.51784      0.135    1482.44     62.045     61.550    12.4927    12.4946     0.0019    12.4844    12.4863     0.0019   4.058543   4.058735   0.000192    35.0810    35.0811     5.8467    26.5581    26.5578         18  0.000e+00
      62294 291.067657  -41.81248  -54.51784      0.135    1482.44     62.102     61.606    12.4928    12.4952     0.0024    12.4845    12.4869     0.0024   4.058530   4.058794   0.000264    35.0807    35.0810     5.8471    26.5579    26.5576         18  0.000e+00
      62295 291.067657  -41.81248  -54.51784      0.132    1482.44     62.069     61.574    12.4925    12.4957     0.0032    12.4842    12.4874     0.0032   4.058445   4.058865   0.000421    35.0802    35.0812     5.8433    26.5575    26.5577         18  0.000e+00
      62296 291.067658  -41.81248  -54.51784      0.125    1482.44     62.045     61.550    12.4923    12.4956     0.0032    12.4841    12.4873     0.0032   4.058412   4.058885   0.000473    35.0800    35.0815     5.8476    26.5574    26.5580         18  0.000e+00
      62297 291.067658  -41.81248  -54.51784      0.123    1482.44     62.045     61.550    12.4922    12.4956     0.0034    12.4839    12.4873     0.0034   4.058491   4.058885   0.000394    35.0809    35.0815     5.8438    26.5582    26.5580         18  0.000e+00
      62298 291.067659  -41.81248  -54.51784      0.120    1482.44     62.102     61.606    12.4922    12.4947     0.0026    12.4839    12.4865     0.0026   4.058458   4.058807   0.000349    35.0806    35.0815     5.8439    26.5579    26.5582         18  0.000e+00
      62299 291.067659  -41.81248  -54.51784      0.115    1482.44     62.069     61.574    12.4916    12.4941     0.0024    12.4834    12.4858     0.0024   4.058346   4.058742   0.000396    35.0800    35.0816     5.8440    26.5576    26.5583         18  0.000e+00
      62300 291.067660  -41.81248  -54.51784      0.116    1482.44     62.102     61.606    12.4915    12.4939     0.0024    12.4832    12.4856     0.0024   4.058333   4.058742   0.000409    35.0800    35.0817     5.8441    26.5576    26.5585         18  0.000e+00
      62301 291.067660  -41.81248  -54.51784      0.112    1482.44     62.102     61.606    12.4913    12.4934     0.0021    12.4830    12.4851     0.0021   4.058445   4.058664   0.000219    35.0812    35.0814     5.8442    26.5586    26.5583         18  0.000e+00
      62302 291.067661  -41.81248  -54.51784      0.107    1482.44     62.045     61.550    12.4913    12.4932     0.0019    12.4830    12.4849     0.0019   4.058405   4.058638   0.000233    35.0809    35.0814     5.8443    26.5583    26.5583         18  0.000e+00
      62303 291.067661  -41.81248  -54.51784      0.106    1482.44     62.126     61.630    12.4913    12.4926     0.0013    12.4830    12.4843     0.0013   4.058333   4.058560   0.000228    35.0802    35.0812     5.8445    26.5578    26.5583         18  0.000e+00
      62304 291.067662  -41.81248  -54.51784      0.101    1482.44     62.045     61.550    12.4916    12.4921     0.0004    12.4834    12.4838     0.0004   4.058333   4.058554   0.000221    35.0799    35.0816     5.8446    26.5575    26.5588         18  0.000e+00
      62305 291.067662  -41.81248  -54.51784      0.098    1482.44     62.102     61.606    12.4920    12.4919    -0.0001    12.4837    12.4836    -0.0001   4.058471   4.058515   0.000044    35.0809    35.0814     5.8447    26.5582    26.5586         18  0.000e+00
      62306 291.067663  -41.81248  -54.51784      0.098    1482.44     62.102     61.606    12.4923    12.4921    -0.0003    12.4841    12.4838    -0.0003   4.058517   4.058502  -0.000015    35.0810    35.0811     5.8449    26.5582    26.5583         18  0.000e+00
      62307 291.067663  -41.81248  -54.51784      0.092    1482.44     62.069     61.574    12.4927    12.4919    -0.0008    12.4844    12.4836    -0.0008   4.058517   4.058502  -0.000015    35.0807    35.0813     5.8446    26.5579    26.5585         18  0.000e+00
      62308 291.067663  -41.81248  -54.51784      0.094    1482.44     62.158     61.662    12.4928    12.4917    -0.0011    12.4845    12.4834    -0.0011   4.058471   4.058502   0.000031    35.0801    35.0814     5.8444    26.5574    26.5586         18  0.000e+00
      62309 291.067664  -41.81248  -54.51784      0.087    1482.44     62.045     61.550    12.4932    12.4916    -0.0016    12.4849    12.4833    -0.0016   4.058524   4.058469  -0.000054    35.0803    35.0813     5.8441    26.5575    26.5586         18  0.000e+00
      62310 291.067664  -41.81248  -54.51784      0.089    1482.44     62.158     61.662    12.4933    12.4916    -0.0017    12.4850    12.4833    -0.0017   4.058603   4.058437  -0.000166    35.0809    35.0809     5.8439    26.5579    26.5583         18  0.000e+00
      62311 291.067665  -41.81248  -54.51784      0.083    1482.44     62.045     61.550    12.4933    12.4916    -0.0017    12.4850    12.4833    -0.0017   4.058596   4.058450  -0.000146    35.0809    35.0811     5.8436    26.5579    26.5584         18  0.000e+00
      62312 291.067665  -41.81248  -54.51784      0.082    1482.44     62.126     61.630    12.4938    12.4916    -0.0023    12.4855    12.4833    -0.0023   4.058510   4.058424  -0.000086    35.0795    35.0808     5.8438    26.5568    26.5582         18  0.000e+00
      62313 291.067666  -41.81248  -54.51784      0.080    1482.44     62.102     61.606    12.4936    12.4914    -0.0022    12.4854    12.4831    -0.0022   4.058530   4.058450  -0.000080    35.0799    35.0812     5.8436    26.5571    26.5585         18  0.000e+00
      62314 291.067666  -41.81248  -54.51784      0.080    1482.44     62.158     61.662    12.4936    12.4914    -0.0023    12.4854    12.4831    -0.0023   4.058603   4.058437  -0.000166    35.0806    35.0811     5.8435    26.5576    26.5585         18  0.000e+00
      62315 291.067667  -41.81248  -54.51784      0.079    1482.44     62.102     61.606    12.4933    12.4917    -0.0016    12.4850    12.4834    -0.0016   4.058596   4.058450  -0.000146    35.0808    35.0809     5.8437    26.5579    26.5583         18  0.000e+00
      62316 291.067667  -41.81248  -54.51784      0.076    1482.44     62.126     61.630    12.4927    12.4922    -0.0004    12.4844    12.4840    -0.0004   4.058491   4.058463  -0.000028    35.0804    35.0805     5.8436    26.5577    26.5579         18  0.000e+00
      62317 291.067668  -41.81248  -54.51784      0.074    1482.44     62.102     61.606    12.4928    12.4921    -0.0008    12.4845    12.4838    -0.0008   4.058445   4.058515   0.000070    35.0799    35.0812     5.8438    26.5572    26.5584         18  0.000e+00
      62318 291.067668  -41.81248  -54.51784      0.074    1482.44     62.158     61.662    12.4927    12.4922    -0.0004    12.4844    12.4840    -0.0004   4.058524   4.058508  -0.000015    35.0807    35.0810     5.8483    26.5579    26.5582         18  0.000e+00
      62319 291.067669  -41.81248  -54.51784      0.068    1482.44     62.102     61.606    12.4928    12.4917    -0.0011    12.4845    12.4834    -0.0011   4.058524   4.058502  -0.000022    35.0806    35.0814     5.8489    26.5578    26.5587         18  0.000e+00
      62320 291.067669  -41.81248  -54.51784      0.071    1482.44     62.126     61.630    12.4927    12.4922    -0.0004    12.4844    12.4840    -0.0004   4.058471   4.058502   0.000031    35.0802    35.0809     5.8492    26.5575    26.5582         18  0.000e+00
      62321 291.067670  -41.81248  -54.51784      0.068    1482.44     62.102     61.606    12.4927    12.4921    -0.0006    12.4844    12.4838    -0.0006   4.058418   4.058521   0.000103    35.0797    35.0813     5.8494    26.5572    26.5585         18  0.000e+00
      62322 291.067670  -41.81248  -54.51784      0.066    1482.44     62.158     61.662    12.4922    12.4919    -0.0002    12.4839    12.4836    -0.0002   4.058412   4.058534   0.000123    35.0801    35.0815     5.8497    26.5576    26.5587         18  0.000e+00
      62323 291.067671  -41.81248  -54.51784      0.062    1482.44     62.102     61.606    12.4918    12.4921     0.0002    12.4835    12.4838     0.0002   4.058412   4.058508   0.000097    35.0804    35.0812     5.8499    26.5579    26.5584         18  0.000e+00
