Pos-Processados/process_op42/operantar42_024.cnv
* Sea-Bird SBE 9 Data File:
* FileName = C:\Users\Hidrografia\Desktop\OPXLII\Brutos\OP42024.hdr
* Software Version Seasave V 7.26.7.107
* Temperature SN = 6502
* Conductivity SN = 4998
* Number of Bytes Per Scan = 37
* Number of Voltage Words = 4
* Number of Scans Averaged by the Deck Unit = 1
* NMEA Latitude = 62 12.92 S
* NMEA Longitude = 058 19.80 W
* NMEA UTC (Time) = Nov 08 2023 11:02:46
* NMEA baud rate = 4800
** H41
** NPOALTEMAXIMIANO
** NUMERO DA ESTACAO (XXX) 024
** LAT (XX XX.XX S/N) 62 12.60 S
** LONG (XXX XX.XX W/E) 058 20.03 W
** DATAHORA (dd/mm/aaaa hh:mm Z) 08/11/2023 1056Z
** PROFUNDIDADE (m) 482
** OPERADOR CT FILIPE LOPES
# nquan = 30
# nvalues = 829                         
# units = specified
# name 0 = scan: Scan Count
# name 1 = timeJ: Julian Days
# name 2 = latitude: Latitude [deg]
# name 3 = longitude: Longitude [deg]
# name 4 = dz/dtM: Descent Rate [m/s]
# name 5 = avgsvCM: Average Sound Velocity [Chen-Millero, m/s]
# name 6 = prDM: Pressure, Digiquartz [db]
# name 7 = depSM: Depth [salt water, m]
# name 8 = t090C: Temperature [ITS-90, deg C]
# name 9 = t190C: Temperature, 2 [ITS-90, deg C]
# name 10 = T2-T190C: Temperature Difference, 2 - 1 [ITS-90, deg C]
# name 11 = potemp090C: Potential Temperature [ITS-90, deg C]
# name 12 = potemp190C: Potential Temperature, 2 [ITS-90, deg C]
# name 13 = potemp90Cdiff: Potential Temperature, Diff, 2 - 1 [ITS-90, deg C]
# name 14 = c0S/m: Conductivity [S/m]
# name 15 = c1S/m: Conductivity, 2 [S/m]
# name 16 = C2-C1S/m: Conductivity Difference, 2 - 1 [S/m]
# name 17 = sal00: Salinity, Practical [PSU]
# name 18 = sal11: Salinity, Practical, 2 [PSU]
# name 19 = sbeox0ML/L: Oxygen, SBE 43 [ml/l]
# name 20 = sigma-é00: Density [sigma-theta, kg/m^3]
# name 21 = sigma-é11: Density, 2 [sigma-theta, kg/m^3]
# name 22 = sal00: Salinity, Practical [PSU]
# name 23 = sigma-é00: Density [sigma-theta, kg/m^3]
# name 24 = svCM: Sound Velocity [Chen-Millero, m/s]
# name 25 = svCM1: Sound Velocity, 2 [Chen-Millero, m/s]
# name 26 = gsw_ptA0: potential temperature [ITS-90, deg C]
# name 27 = gsw_densityA0: density, TEOS-10 [density, kg/m^3]
# name 28 = gsw_saA0: Absolute Salinity [g/kg]
# name 29 = flag:
# span 0 =       2086,      32356       
# span 1 = 312.461260, 312.475858       
# span 2 =  -62.21503,  -62.21082       
# span 3 =  -58.32933,  -58.31820       
# span 4 =     -1.476,      1.227       
# span 5 =       0.00,    1482.81       
# span 6 =      3.000,    417.000       
# span 7 =      2.972,    412.566       
# span 8 =    -0.8445,    -0.3843       
# span 9 =    -0.8436,    -0.3826       
# span 10 =    -0.0097,     0.0142      
# span 11 =    -0.8533,    -0.3989      
# span 12 =    -0.8524,    -0.3973      
# span 13 =    -0.0097,     0.0141      
# span 14 =   2.793522,   2.848573      
# span 15 =   2.793642,   2.848675      
# span 16 =  -0.001018,   0.001392      
# span 17 =    34.2948,    34.4490      
# span 18 =    34.2939,    34.4473      
# span 19 =     6.2954,     7.5474      
# span 20 =    27.5649,    27.6813      
# span 21 =    27.5642,    27.6802      
# span 22 =    34.2951,    34.4494      
# span 23 =    27.5652,    27.6816      
# span 24 =    1445.47,    1453.40      
# span 25 =    1445.47,    1453.41      
# span 26 =    -0.8531,    -0.3987      
# span 27 =  1027.5841,  1029.6705      
# span 28 =    34.4572,    34.6180      
# span 29 = 0.0000e+00, 0.0000e+00      
# interval = decibars: 1                
# start_time = Nov 08 2023 11:02:46 [NMEA time, header]
# bad_flag = -9.990e-29
*END*
[from data line 146]
       6837 312.463551  -62.21437  -58.32757      0.815    1446.47    149.000    147.516    -0.6164    -0.6153     0.0011    -0.6209    -0.6198     0.0011   2.805618   2.805631   0.000013    34.2971    34.2960     7.4835    27.5683    27.5674    34.2971    27.5683    1447.76    1447.76    -0.6208  1028.2862    34.4640 0.0000e+00
       6860 312.463562  -62.21436  -58.32756      0.991    1446.47    150.000    148.506    -0.6160    -0.6151     0.0009    -0.6206    -0.6197     0.0009   2.805685   2.805685 3.4931e-07    34.2970    34.2959     7.4804    27.5682    27.5673    34.2970    27.5682    1447.78    1447.78    -0.6205  1028.2908    34.4639 0.0000e+00
       6887 312.463575  -62.21436  -58.32755      0.966    1446.47    151.000    149.496    -0.6158    -0.6151     0.0006    -0.6204    -0.6197     0.0006   2.805750   2.805731  -0.000014    34.2969    34.2960     7.4835    27.5681    27.5673    34.2970    27.5682    1447.80    1447.80    -0.6203  1028.2956    34.4639 0.0000e+00
       6916 312.463590  -62.21436  -58.32754      0.813    1446.47    152.000    150.485    -0.6162    -0.6153     0.0009    -0.6209    -0.6200     0.0009   2.805772   2.805760  -0.000017    34.2973    34.2960     7.4914    27.5684    27.5674    34.2972    27.5684    1447.81    1447.81    -0.6208  1028.3006    34.4642 0.0000e+00
       6941 312.463601  -62.21436  -58.32754      0.888    1446.47    153.000    151.475    -0.6167    -0.6152     0.0015    -0.6214    -0.6199     0.0015   2.805787   2.805823   0.000039    34.2974    34.2962     7.4957    27.5686    27.5675    34.2974    27.5686    1447.83    1447.83    -0.6213  1028.3055    34.4643 0.0000e+00
       6963 312.463612  -62.21436  -58.32752      1.041    1446.47    154.000    152.465    -0.6167    -0.6169    -0.0002    -0.6214    -0.6216    -0.0002   2.805815   2.805727  -0.000079    34.2972    34.2963     7.4943    27.5684    27.5677    34.2970    27.5683    1447.84    1447.84    -0.6213  1028.3100    34.4640 0.0000e+00
       6987 312.463624  -62.21436  -58.32752      1.052    1446.47    155.000    153.453    -0.6168    -0.6167     0.0001    -0.6216    -0.6214     0.0001   2.805839   2.805799  -0.000043    34.2969    34.2961     7.4907    27.5681    27.5676    34.2969    27.5682    1447.86    1447.86    -0.6214  1028.3147    34.4639 0.0000e+00
       7033 312.463646  -62.21434  -58.32750      0.538    1446.47    156.000    154.445    -0.6163    -0.6155     0.0008    -0.6211    -0.6203     0.0008   2.805926   2.805917  -0.000008    34.2969    34.2959     7.4833    27.5681    27.5673    34.2969    27.5682    1447.88    1447.88    -0.6210  1028.3194    34.4638 0.0000e+00
       7074 312.463666  -62.21433  -58.32747      0.545    1446.47    157.000    155.434    -0.6169    -0.6158     0.0010    -0.6217    -0.6207     0.0010   2.805935   2.805940   0.000003    34.2972    34.2961     7.4815    27.5684    27.5674    34.2971    27.5683    1447.89    1447.89    -0.6216  1028.3244    34.4641 0.0000e+00
       7099 312.463678  -62.21432  -58.32745      0.841    1446.47    158.000    156.424    -0.6205    -0.6189     0.0016    -0.6254    -0.6237     0.0016   2.805703   2.805757   0.000054    34.2979    34.2968     7.4865    27.5691    27.5682    34.2975    27.5688    1447.89    1447.90    -0.6252  1028.3296    34.4644 0.0000e+00
       7120 312.463688  -62.21432  -58.32744      1.049    1446.47    159.000    157.413    -0.6244    -0.6231     0.0013    -0.6292    -0.6280     0.0012   2.805474   2.805500   0.000025    34.2986    34.2975     7.4896    27.5698    27.5689    34.2981    27.5695    1447.89    1447.89    -0.6291  1028.3351    34.4651 0.0000e+00
       7144 312.463699  -62.21432  -58.32744      1.087    1446.47    160.000    158.403    -0.6248    -0.6238     0.0010    -0.6296    -0.6287     0.0010   2.805482   2.805502   0.000018    34.2983    34.2974     7.4864    27.5696    27.5689    34.2980    27.5694    1447.90    1447.91    -0.6296  1028.3399    34.4650 0.0000e+00
       7180 312.463717  -62.21432  -58.32744      0.732    1446.60    161.000    159.394    -0.6271    -0.6257     0.0014    -0.6320    -0.6306     0.0014   2.805342   2.805383   0.000037    34.2984    34.2974     7.4817    27.5699    27.5690    34.2981    27.5696    1447.91    1447.91    -0.6319  1028.3448    34.4651 0.0000e+00
       7214 312.463733  -62.21431  -58.32742      0.650    1446.84    162.000    160.382    -0.6281    -0.6274     0.0007    -0.6331    -0.6324     0.0007   2.805300   2.805284  -0.000007    34.2985    34.2976     7.4751    27.5700    27.5692    34.2982    27.5697    1447.92    1447.92    -0.6329  1028.3497    34.4651 0.0000e+00
       7242 312.463747  -62.21430  -58.32741      0.838    1446.84    163.000    161.372    -0.6295    -0.6292     0.0003    -0.6345    -0.6341     0.0003   2.805214   2.805211  -0.000006    34.2983    34.2979     7.4729    27.5699    27.5695    34.2979    27.5696    1447.93    1447.93    -0.6344  1028.3543    34.4649 0.0000e+00
       7279 312.463765  -62.21430  -58.32740      0.694    1446.84    164.000    162.361    -0.6301    -0.6297     0.0004    -0.6351    -0.6347     0.0004   2.805249   2.805211  -0.000032    34.2985    34.2976     7.4693    27.5701    27.5693    34.2985    27.5701    1447.94    1447.94    -0.6350  1028.3596    34.4655 0.0000e+00
       7320 312.463784  -62.21430  -58.32738      0.566    1446.84    165.000    163.351    -0.6273    -0.6264     0.0009    -0.6324    -0.6314     0.0009   2.805466   2.805513   0.000038    34.2978    34.2973     7.4797    27.5694    27.5689    34.2976    27.5692    1447.97    1447.98    -0.6322  1028.3635    34.4646 0.0000e+00
       7347 312.463797  -62.21430  -58.32736      0.774    1446.84    166.000    164.340    -0.6311    -0.6290     0.0021    -0.6362    -0.6341     0.0021   2.805270   2.805339   0.000064    34.2990    34.2975     7.4790    27.5705    27.5692    34.2987    27.5702    1447.97    1447.98    -0.6361  1028.3693    34.4657 0.0000e+00
       7371 312.463809  -62.21430  -58.32734      0.966    1446.84    167.000    165.330    -0.6329    -0.6308     0.0021    -0.6380    -0.6359     0.0021   2.805192   2.805268   0.000076    34.2994    34.2981     7.4744    27.5709    27.5697    34.2991    27.5706    1447.98    1447.99    -0.6379  1028.3745    34.4661 0.0000e+00
       7401 312.463823  -62.21429  -58.32734      0.890    1446.84    168.000    166.318    -0.6336    -0.6326     0.0010    -0.6388    -0.6377     0.0010   2.805156   2.805181   0.000022    34.2990    34.2981     7.4682    27.5706    27.5698    34.2987    27.5704    1447.99    1448.00    -0.6386  1028.3791    34.4658 0.0000e+00
       7462 312.463853  -62.21428  -58.32733      0.300    1446.84    169.000    167.311    -0.6346    -0.6329     0.0017    -0.6397    -0.6381     0.0017   2.805115   2.805179   0.000067    34.2989    34.2979     7.4678    27.5706    27.5697    34.2987    27.5704    1448.00    1448.01    -0.6396  1028.3838    34.4657 0.0000e+00
       7499 312.463871  -62.21428  -58.32730      0.605    1446.84    170.000    168.299    -0.6348    -0.6353    -0.0005    -0.6400    -0.6405    -0.0005   2.805201   2.805075  -0.000125    34.2994    34.2983     7.4690    27.5710    27.5701    34.2995    27.5711    1448.02    1448.02    -0.6399  1028.3893    34.4665 0.0000e+00
       7523 312.463882  -62.21428  -58.32728      0.885    1446.84    171.000    169.289    -0.6292    -0.6270     0.0022    -0.6344    -0.6322     0.0022   2.805692   2.805755   0.000063    34.2985    34.2968     7.4635    27.5700    27.5686    34.2991    27.5705    1448.06    1448.07    -0.6343  1028.3934    34.4661 0.0000e+00
       7556 312.463898  -62.21426  -58.32728      0.813    1446.84    172.000    170.274    -0.6318    -0.6298     0.0020    -0.6371    -0.6351     0.0020   2.805483   2.805570   0.000081    34.2989    34.2977     7.4625    27.5704    27.5694    34.2987    27.5703    1448.06    1448.07    -0.6370  1028.3980    34.4657 0.0000e+00
       7636 312.463937  -62.21425  -58.32727      0.221    1446.84    173.000    171.280    -0.6359    -0.6346     0.0013    -0.6412    -0.6399     0.0013   2.805217   2.805246   0.000029    34.2991    34.2980     7.4694    27.5708    27.5699    34.2991    27.5708    1448.06    1448.07    -0.6411  1028.4033    34.4661 0.0000e+00
       7669 312.463953  -62.21424  -58.32724      0.647    1446.84    174.000    172.257    -0.6351    -0.6337     0.0014    -0.6404    -0.6390     0.0014   2.805324   2.805365   0.000037    34.2990    34.2979     7.4633    27.5707    27.5698    34.2990    27.5707    1448.08    1448.09    -0.6403  1028.4082    34.4663 0.0000e+00
       7696 312.463965  -62.21424 -9.990e-29      0.851    1446.84    175.000    173.247    -0.6337    -0.6338    -0.0001    -0.6391    -0.6391    -0.0001   2.805458   2.805418  -0.000029    34.2984    34.2981     7.4650    27.5702    27.5699    34.2986    27.5703    1448.11    1448.11    -0.6390  1028.4140    34.4677 0.0000e+00
       7731 312.463983  -62.21424 -9.990e-29      0.741    1446.84    176.000    174.229    -0.6313    -0.6311     0.0002    -0.6367    -0.6365     0.0002   2.805685   2.805643  -0.000038    34.2982    34.2975     7.4585    27.5699    27.5693    34.2984    27.5700    1448.13    1448.13    -0.6366  1028.4185    34.4675 0.0000e+00
       7805 312.464018  -62.21423  -58.32720      0.249    1446.84    177.000    175.237    -0.6342    -0.6328     0.0014    -0.6397    -0.6383     0.0014   2.805511   2.805561   0.000042    34.2989    34.2979     7.4636    27.5706    27.5697    34.2987    27.5704    1448.14    1448.14    -0.6395  1028.4222    34.4659 0.0000e+00
       7846 312.464038  -62.21422  -58.32719      0.573    1446.84    178.000    176.215    -0.6348    -0.6334     0.0013    -0.6402    -0.6389     0.0013   2.805526   2.805564   0.000046    34.2988    34.2978     7.4664    27.5705    27.5697    34.2989    27.5706    1448.15    1448.15    -0.6401  1028.4270    34.4660 0.0000e+00
       7879 312.464054  -62.21422  -58.32716      0.707    1446.84    179.000    177.205    -0.6316    -0.6306     0.0009    -0.6371    -0.6361     0.0009   2.805816   2.805834   0.000012    34.2983    34.2975     7.4688    27.5700    27.5693    34.2986    27.5702    1448.18    1448.18    -0.6370  1028.4322    34.4667 0.0000e+00
       7914 312.464071  -62.21422 -9.990e-29      0.699    1446.84    180.000    178.194    -0.6305    -0.6299     0.0005    -0.6360    -0.6354     0.0005   2.805951   2.805926  -0.000024    34.2984    34.2974     7.4707    27.5700    27.5692    34.2985    27.5701    1448.20    1448.20    -0.6359  1028.4377    34.4677 0.0000e+00
       7951 312.464089  -62.21420 -9.990e-29      0.659    1446.84    181.000    179.184    -0.6307    -0.6298     0.0009    -0.6363    -0.6353     0.0009   2.805970   2.805982   0.000017    34.2984    34.2975     7.4642    27.5700    27.5693    34.2984    27.5700    1448.22    1448.22    -0.6361  1028.4424    34.4676 0.0000e+00
       7996 312.464110  -62.21420  -58.32712      0.532    1446.84    182.000    180.173    -0.6299    -0.6295     0.0004    -0.6355    -0.6351     0.0004   2.806075   2.806049  -0.000028    34.2982    34.2974     7.4633    27.5698    27.5692    34.2983    27.5699    1448.24    1448.24    -0.6354  1028.4456    34.4657 0.0000e+00
       8035 312.464129  -62.21420  -58.32711      0.586    1446.84    183.000    181.163    -0.6307    -0.6299     0.0008    -0.6363    -0.6355     0.0008   2.806081   2.806071  -0.000003    34.2985    34.2975     7.4630    27.5701    27.5692    34.2987    27.5703    1448.25    1448.25    -0.6362  1028.4505    34.4658 0.0000e+00
       8061 312.464142  -62.21420  -58.32710      0.813    1446.84    184.000    182.153    -0.6286    -0.6277     0.0009    -0.6343    -0.6333     0.0009   2.806277   2.806284   0.000003    34.2982    34.2972     7.4629    27.5698    27.5689    34.2983    27.5699    1448.28    1448.28    -0.6341  1028.4549    34.4655 0.0000e+00
       8087 312.464154  -62.21419  -58.32709      0.932    1446.84    185.000    183.142    -0.6295    -0.6291     0.0004    -0.6352    -0.6348     0.0004   2.806247   2.806227  -0.000021    34.2983    34.2976     7.4689    27.5699    27.5693    34.2983    27.5699    1448.29    1448.29    -0.6351  1028.4597    34.4654 0.0000e+00
       8120 312.464170  -62.21418  -58.32708      0.781    1446.84    186.000    184.131    -0.6316    -0.6308     0.0008    -0.6374    -0.6365     0.0008   2.806146   2.806128  -0.000016    34.2989    34.2978     7.4682    27.5705    27.5695    34.2988    27.5704    1448.29    1448.30    -0.6372  1028.4649    34.4659 0.0000e+00
       8156 312.464187  -62.21418  -58.32706      0.660    1446.84    187.000    185.121    -0.6312    -0.6306     0.0006    -0.6369    -0.6364     0.0006   2.806213   2.806195  -0.000014    34.2985    34.2977     7.4664    27.5701    27.5695    34.2985    27.5702    1448.31    1448.31    -0.6368  1028.4695    34.4657 0.0000e+00
       8186 312.464202  -62.21418  -58.32705      0.762    1446.84    188.000    186.111    -0.6340    -0.6332     0.0008    -0.6398    -0.6390     0.0008   2.806039   2.806041  -0.000009    34.2991    34.2981     7.4684    27.5707    27.5699    34.2988    27.5705    1448.32    1448.32    -0.6397  1028.4746    34.4659 0.0000e+00
       8217 312.464217  -62.21418  -58.32704      0.803    1446.84    189.000    187.100    -0.6368    -0.6359     0.0009    -0.6426    -0.6417     0.0009   2.805867   2.805872   0.000006    34.2993    34.2984     7.4629    27.5710    27.5702    34.2990    27.5708    1448.32    1448.32    -0.6425  1028.4797    34.4661 0.0000e+00
       8261 312.464238  -62.21417  -58.32703      0.539    1446.84    190.000    188.089    -0.6375    -0.6363     0.0011    -0.6433    -0.6422     0.0011   2.805860   2.805888   0.000027    34.2992    34.2983     7.4614    27.5710    27.5702    34.2991    27.5709    1448.33    1448.34    -0.6432  1028.4843    34.4659 0.0000e+00
       8296 312.464255 -9.990e-29  -58.32701      0.627    1446.84    191.000    189.079    -0.6395    -0.6386     0.0010    -0.6454    -0.6445     0.0010   2.805769   2.805751  -0.000018    34.2999    34.2986     7.4642    27.5716    27.5705    34.2996    27.5714    1448.34    1448.34    -0.6453  1028.4853    34.4611 0.0000e+00
       8320 312.464266 -9.990e-29  -58.32699      0.887    1446.84    192.000    190.069    -0.6416    -0.6405     0.0011    -0.6475    -0.6464     0.0011   2.805611   2.805650   0.000027    34.2996    34.2987     7.4558    27.5715    27.5707    34.2992    27.5711    1448.34    1448.35    -0.6474  1028.4900    34.4609 0.0000e+00
       8342 312.464277 -9.990e-29  -58.32698      1.063    1446.84    193.000    191.058    -0.6435    -0.6422     0.0014    -0.6495    -0.6481     0.0014   2.805557   2.805582   0.000030    34.3002    34.2990     7.4615    27.5720    27.5710    34.3000    27.5719    1448.35    1448.36    -0.6493  1028.4956    34.4618 0.0000e+00
       8369 312.464290  -62.21414  -58.32698      0.992    1446.84    194.000    192.047    -0.6464    -0.6449     0.0015    -0.6524    -0.6508     0.0015   2.805372   2.805427   0.000061    34.3006    34.2997     7.4625    27.5725    27.5717    34.3001    27.5721    1448.36    1448.36    -0.6522  1028.5016    34.4632 0.0000e+00
       8412 312.464311  -62.21414  -58.32696      0.530    1446.84    195.000    193.037    -0.6450    -0.6442     0.0008    -0.6510    -0.6502     0.0008   2.805504   2.805504  -0.000003    34.2999    34.2989     7.4540    27.5719    27.5710    34.2998    27.5718    1448.38    1448.38    -0.6509  1028.5096    34.4673 0.0000e+00
