Pos-Processados/process_op42/operantar42_024.cnv
* Sea-Bird SBE 9 Data File:
* FileName = C:\Users\Hidrografia\Desktop\OPXLII\Brutos\OP42024.hdr
* Software Version Seasave V 7.26.7.107
* Temperature SN = 6502
* Conductivity SN = 4998
* Number of Bytes Per Scan = 37
* Number of Voltage Words = 4
* Number of Scans Averaged by the Deck Unit = 1
* NMEA Latitude = 62 12.92 S
* NMEA Longitude = 058 19.80 W
* NMEA UTC (Time) = Nov 08 2023 11:02:46
* NMEA baud rate = 4800
** H41
** NPOALTEMAXIMIANO
** NUMERO DA ESTACAO (XXX) 024
** LAT (XX XX.XX S/N) 62 12.60 S
** LONG (XXX XX.XX W/E) 058 20.03 W
** DATAHORA (dd/mm/aaaa hh:mm Z) 08/11/2023 1056Z
** PROFUNDIDADE (m) 482
** OPERADOR CT FILIPE LOPES
# nquan = 30
# nvalues = 829                         
# units = specified
# name 0 = scan: Scan Count
# name 1 = timeJ: Julian Days
# name 2 = latitude: Latitude [deg]
# name 3 = longitude: Longitude [deg]
# name 4 = dz/dtM: Descent Rate [m/s]
# name 5 = avgsvCM: Average Sound Velocity [Chen-Millero, m/s]
# name 6 = prDM: Pressure, Digiquartz [db]
# name 7 = depSM: Depth [salt water, m]
# name 8 = t090C: Temperature [ITS-90, deg C]
# name 9 = t190C: Temperature, 2 [ITS-90, deg C]
# name 10 = T2-T190C: Temperature Difference, 2 - 1 [ITS-90, deg C]
# name 11 = potemp090C: Potential Temperature [ITS-90, deg C]
# name 12 = potemp190C: Potential Temperature, 2 [ITS-90, deg C]
# name 13 = potemp90Cdiff: Potential Temperature, Diff, 2 - 1 [ITS-90, deg C]
# name 14 = c0S/m: Conductivity [S/m]
# name 15 = c1S/m: Conductivity, 2 [S/m]
# name 16 = C2-C1S/m: Conductivity Difference, 2 - 1 [S/m]
# name 17 = sal00: Salinity, Practical [PSU]
# name 18 = sal11: Salinity, Practical, 2 [PSU]
# name 19 = sbeox0ML/L: Oxygen, SBE 43 [ml/l]
# name 20 = sigma-é00: Density [sigma-theta, kg/m^3]
# name 21 = sigma-é11: Density, 2 [sigma-theta, kg/m^3]
# name 22 = sal00: Salinity, Practical [PSU]
# name 23 = sigma-é00: Density [sigma-theta, kg/m^3]
# name 24 = svCM: Sound Velocity [Chen-Millero, m/s]
# name 25 = svCM1: Sound Velocity, 2 [Chen-Millero, m/s]
# name 26 = gsw_ptA0: potential temperature [ITS-90, deg C]
# name 27 = gsw_densityA0: density, TEOS-10 [density, kg/m^3]
# name 28 = gsw_saA0: Absolute Salinity [g/kg]
# name 29 = flag:
# span 0 =       2086,      32356       
# span 1 = 312.461260, 312.475858       
# span 2 =  -62.21503,  -62.21082       
# span 3 =  -58.32933,  -58.31820       
# span 4 =     -1.476,      1.227       
# span 5 =       0.00,    1482.81       
# span 6 =      3.000,    417.000       
# span 7 =      2.972,    412.566       
# span 8 =    -0.8445,    -0.3843       
# span 9 =    -0.8436,    -0.3826       
# span 10 =    -0.0097,     0.0142      
# span 11 =    -0.8533,    -0.3989      
# span 12 =    -0.8524,    -0.3973      
# span 13 =    -0.0097,     0.0141      
# span 14 =   2.793522,   2.848573      
# span 15 =   2.793642,   2.848675      
# span 16 =  -0.001018,   0.001392      
# span 17 =    34.2948,    34.4490      
# span 18 =    34.2939,    34.4473      
# span 19 =     6.2954,     7.5474      
# span 20 =    27.5649,    27.6813      
# span 21 =    27.5642,    27.6802      
# span 22 =    34.2951,    34.4494      
# span 23 =    27.5652,    27.6816      
# span 24 =    1445.47,    1453.40      
# span 25 =    1445.47,    1453.41      
# span 26 =    -0.8531,    -0.3987      
# span 27 =  1027.5841,  1029.6705      
# span 28 =    34.4572,    34.6180      
# span 29 = 0.0000e+00, 0.0000e+00      
# interval = decibars: 1                
# start_time = Nov 08 2023 11:02:46 [NMEA time, header]
# bad_flag = -9.990e-29
*END*
[from data line 387]
      14847 312.467414  -62.21326  -58.32439      0.614    1448.32    390.000    385.888    -0.6448    -0.6445     0.0004    -0.6576    -0.6573     0.0004   2.822325   2.822254  -0.000066    34.4066    34.4053     6.7249    27.6585    27.6574    34.4072    27.6590    1451.71    1451.71    -0.6573  1029.5243    34.5755 0.0000e+00
      14918 312.467448  -62.21325  -58.32436      0.295    1448.32    391.000    386.884    -0.6445    -0.6446    -0.0001    -0.6573    -0.6574    -0.0001   2.822416   2.822305  -0.000115    34.4070    34.4055     6.6974    27.6588    27.6576    34.4075    27.6592    1451.73    1451.72    -0.6571  1029.5293    34.5758 0.0000e+00
      14967 312.467472  -62.21324  -58.32433      0.499    1448.32    392.000    387.869    -0.6413    -0.6410     0.0003    -0.6541    -0.6538     0.0003   2.822808   2.822748  -0.000058    34.4078    34.4067     6.6977    27.6594    27.6584    34.4085    27.6599    1451.76    1451.76    -0.6539  1029.5347    34.5768 0.0000e+00
      15009 312.467492  -62.21324  -58.32431      0.581    1448.32    393.000    388.856    -0.6327    -0.6326     0.0000    -0.6456    -0.6456     0.0000   2.823685   2.823605  -0.000080    34.4088    34.4077     6.6906    27.6598    27.6589    34.4099    27.6607    1451.82    1451.81    -0.6454  1029.5401    34.5783 0.0000e+00
      15074 312.467523  -62.21322  -58.32429      0.344    1448.32    394.000    389.847    -0.6251    -0.6260    -0.0009    -0.6381    -0.6390    -0.0009   2.824480   2.824218  -0.000250    34.4104    34.4080     6.6845    27.6608    27.6589    34.4114    27.6616    1451.87    1451.86    -0.6378  1029.5456    34.5797 0.0000e+00
      15140 312.467556  -62.21322  -58.32427      0.382    1448.32    395.000    390.836    -0.6105    -0.6116    -0.0011    -0.6236    -0.6247    -0.0011   2.826006   2.825845  -0.000171    34.4134    34.4124     6.6613    27.6626    27.6618    34.4149    27.6637    1451.96    1451.95    -0.6234  1029.5523    34.5832 0.0000e+00
      15186 312.467578  -62.21322  -58.32425      0.522    1448.32    396.000    391.823    -0.5928    -0.5932    -0.0004    -0.6060    -0.6064    -0.0004   2.827821   2.827804  -0.000023    34.4163    34.4164     6.6476    27.6641    27.6643    34.4186    27.6660    1452.06    1452.06    -0.6057  1029.5559    34.5830 0.0000e+00
      15233 312.467600 -9.990e-29  -58.32423      0.514    1448.32    397.000    392.811    -0.5843    -0.5851    -0.0007    -0.5976    -0.5983    -0.0007   2.828783   2.828655  -0.000119    34.4199    34.4191     6.6252    27.6667    27.6661    34.4213    27.6678    1452.12    1452.12    -0.5973  1029.5608    34.5838 0.0000e+00
      15303 312.467634  -62.21319  -58.32420      0.325    1448.32    398.000    393.801    -0.5751    -0.5771    -0.0020    -0.5884    -0.5904    -0.0020   2.829649   2.829276  -0.000362    34.4204    34.4178     6.5838    27.6667    27.6647    34.4219    27.6679    1452.18    1452.17    -0.5882  1029.5693    34.5891 0.0000e+00
      15384 312.467673  -62.21318  -58.32417      0.286    1448.32    399.000    394.789    -0.5667    -0.5686    -0.0018    -0.5801    -0.5819    -0.0018   2.830508   2.830241  -0.000282    34.4222    34.4205     6.5659    27.6678    27.6665    34.4233    27.6687    1452.24    1452.23    -0.5799  1029.5757    34.5919 0.0000e+00
      15427 312.467694  -62.21316  -58.32415      0.550    1448.32    400.000    395.777    -0.5502    -0.5521    -0.0019    -0.5637    -0.5656    -0.0019   2.832155   2.831859  -0.000259    34.4234    34.4220     6.5527    27.6680    27.6670    34.4261    27.6702    1452.34    1452.33    -0.5634  1029.5817    34.5946 0.0000e+00
      15477 312.467718  -62.21316  -58.32414      0.471    1448.32    401.000    396.765    -0.5338    -0.5353    -0.0016    -0.5473    -0.5489    -0.0016   2.833615   2.833435  -0.000206    34.4250    34.4240     6.5515    27.6686    27.6678    34.4265    27.6698    1452.43    1452.42    -0.5471  1029.5858    34.5950 0.0000e+00
      15535 312.467746  -62.21315  -58.32412      0.436    1448.32    402.000    397.753    -0.5058    -0.5074    -0.0016    -0.5195    -0.5212    -0.0016   2.836387   2.836223  -0.000150    34.4279    34.4277     6.5133    27.6697    27.6696    34.4315    27.6726    1452.58    1452.58    -0.5193  1029.5930    34.5999 0.0000e+00
      15598 312.467776  -62.21314  -58.32408      0.360    1448.32    403.000    398.743    -0.4889    -0.4980    -0.0091    -0.5027    -0.5118    -0.0090   2.838067   2.837031  -0.001018    34.4322    34.4288     6.4869    27.6724    27.6701    34.4343    27.6741    1452.68    1452.64    -0.5025  1029.5990    34.6028 0.0000e+00
      15665 312.467809  -62.21312  -58.32406      0.377    1448.32    404.000    399.732    -0.4747    -0.4748    -0.0001    -0.4886    -0.4887    -0.0001   2.839449   2.839373  -0.000101    34.4342    34.4330     6.4506    27.6734    27.6724    34.4361    27.6749    1452.77    1452.77    -0.4884  1029.6044    34.6046 0.0000e+00
      15701 312.467826  -62.21312  -58.32404      0.624    1448.32    405.000    400.715    -0.4752    -0.4740     0.0012    -0.4891    -0.4879     0.0012   2.839535   2.839560   0.000006    34.4360    34.4347     6.4459    27.6748    27.6738    34.4372    27.6758    1452.78    1452.79    -0.4889  1029.6100    34.6057 0.0000e+00
      15772 312.467860  -62.21311  -58.32403      0.362    1448.32    406.000    401.709    -0.4756    -0.4760    -0.0004    -0.4896    -0.4900    -0.0004   2.839574   2.839423  -0.000144    34.4366    34.4352     6.4271    27.6754    27.6742    34.4377    27.6762    1452.80    1452.79    -0.4893  1029.6151    34.6062 0.0000e+00
      15845 312.467895  -62.21310  -58.32398      0.460    1448.55    407.000    402.696    -0.4720    -0.4716     0.0005    -0.4861    -0.4856     0.0005   2.839980   2.839931  -0.000027    34.4373    34.4364     6.4254    27.6758    27.6751    34.4384    27.6767    1452.83    1452.83    -0.4859  1029.6203    34.6069 0.0000e+00
      15872 312.467909  -62.21310  -58.32396      0.755    1448.57    408.000    403.685    -0.4567    -0.4578    -0.0011    -0.4708    -0.4719    -0.0011   2.841456   2.841337  -0.000131    34.4378    34.4372     6.4223    27.6754    27.6750    34.4402    27.6775    1452.92    1452.92    -0.4706  1029.6256    34.6088 0.0000e+00
      15897 312.467921  -62.21308  -58.32396      0.910    1448.57    409.000    404.674    -0.4461    -0.4456     0.0005    -0.4603    -0.4598     0.0005   2.842541   2.842534  -0.000040    34.4405    34.4394     6.4293    27.6772    27.6763    34.4422    27.6786    1452.99    1452.99    -0.4601  1029.6313    34.6107 0.0000e+00
      15923 312.467933  -62.21308  -58.32396      0.952    1448.57    410.000    405.659    -0.4295    -0.4330    -0.0035    -0.4438    -0.4473    -0.0035   2.844026   2.843725  -0.000283    34.4398    34.4400     6.4152    27.6759    27.6762    34.4427    27.6782    1453.09    1453.07    -0.4436  1029.6355    34.6112 0.0000e+00
      16026 312.467983  -62.21307  -58.32391      0.510    1448.57    411.000    406.671    -0.4370    -0.4398    -0.0028    -0.4513    -0.4541    -0.0028   2.843444   2.843036  -0.000360    34.4424    34.4408     6.3703    27.6783    27.6771    34.4428    27.6786    1453.07    1453.05    -0.4511  1029.6407    34.6113 0.0000e+00
      16086 312.468012  -62.21306  -58.32388      0.757    1448.57    412.000    407.639    -0.4459    -0.4442     0.0016    -0.4602    -0.4585     0.0016   2.842797   2.842783   0.000013    34.4430    34.4413     6.3817    27.6792    27.6778    34.4436    27.6796    1453.04    1453.05    -0.4600  1029.6466    34.6121 0.0000e+00
      16145 312.468040  -62.21304  -58.32388      0.398    1448.57    413.000    408.628    -0.4243    -0.4315    -0.0072    -0.4388    -0.4459    -0.0072   2.844691   2.844031  -0.000646    34.4417    34.4412     6.3793    27.6772    27.6771    34.4440    27.6790    1453.16    1453.13    -0.4385  1029.6504    34.6125 0.0000e+00
      16200 312.468067  -62.21304  -58.32386      0.482    1448.57    414.000    409.609    -0.3885    -0.3873     0.0012    -0.4031    -0.4019     0.0012   2.848034   2.848139   0.000076    34.4452    34.4449     6.3696    27.6783    27.6780    34.4476    27.6803    1453.35    1453.35    -0.4029  1029.6559    34.6162 0.0000e+00
      16274 312.468103  -62.21303  -58.32382      0.271    1448.57    415.000    410.608    -0.3843    -0.3918    -0.0075    -0.3989    -0.4064    -0.0075   2.848573   2.847730  -0.000832    34.4481    34.4455     6.3182    27.6805    27.6787    34.4494    27.6815    1453.39    1453.35    -0.3987  1029.6619    34.6180 0.0000e+00
      16319 312.468124  -62.21302  -58.32381      0.564    1448.57    416.000    411.592    -0.3860    -0.3826     0.0035    -0.4007    -0.3973     0.0035   2.848463   2.848675   0.000171    34.4490    34.4473     6.2996    27.6813    27.6798    34.4493    27.6816    1453.40    1453.41    -0.4005  1029.6667    34.6179 0.0000e+00
      16374 312.468151  -62.21301  -58.32379      0.395    1448.57    417.000    412.566    -0.3911    -0.3921    -0.0010    -0.4058    -0.4068    -0.0010   2.847971   2.847836  -0.000116    34.4477    34.4473     6.2954    27.6805    27.6802    34.4479    27.6806    1453.39    1453.38    -0.4056  1029.6705    34.6165 0.0000e+00
      16875 312.468392  -62.21294  -58.32361     -0.559    1448.57    416.000    411.581    -0.4352    -0.4371    -0.0019    -0.4497    -0.4516    -0.0019   2.843785   2.843607  -0.000220    34.4437    34.4429     6.3353    27.6793    27.6787    34.4423    27.6782    1453.16    1453.15    -0.4495  1029.6632    34.6099 0.0000e+00
      17371 312.468631  -62.21285  -58.32343     -0.517    1448.57    415.000    410.603    -0.4706    -0.4612     0.0094    -0.4849    -0.4756     0.0094   2.840437   2.841264   0.000793    34.4394    34.4394     6.3742    27.6774    27.6770    34.4381    27.6764    1452.97    1453.01    -0.4847  1029.6541    34.6020 0.0000e+00
      17468 312.468678  -62.21282  -58.32340     -0.346    1448.57    414.000    409.614    -0.4872    -0.4842     0.0031    -0.5015    -0.4984     0.0031   2.838922   2.839102   0.000219    34.4387    34.4382     6.4124    27.6776    27.6770    34.4372    27.6764    1452.88    1452.89    -0.5012  1029.6488    34.5999 0.0000e+00
      17495 312.468691  -62.21282  -58.32339     -0.753    1448.57    413.000    408.627    -0.4824    -0.4803     0.0021    -0.4967    -0.4945     0.0021   2.839307   2.839393   0.000089    34.4382    34.4369     6.4106    27.6769    27.6758    34.4376    27.6765    1452.88    1452.89    -0.4964  1029.6485    34.6059 0.0000e+00
      17548 312.468716  -62.21282  -58.32336     -0.466    1448.57    412.000    407.639    -0.4956    -0.4833     0.0124    -0.5098    -0.4974     0.0123   2.837927   2.839064   0.001099    34.4367    34.4375     6.4206    27.6764    27.6764    34.4346    27.6746    1452.80    1452.86    -0.5095  1029.6423    34.6030 0.0000e+00
      17597 312.468740  -62.21282  -58.32336     -0.485    1448.57    411.000    406.651    -0.5176    -0.5179    -0.0003    -0.5316    -0.5320    -0.0003   2.835844   2.835783 1.1215e-07    34.4331    34.4335     6.4259    27.6744    27.6748    34.4321    27.6736    1452.68    1452.67    -0.5314  1029.6368    34.6006 0.0000e+00
      17618 312.468750  -62.21282  -58.32336     -0.876    1448.57    410.000    405.662    -0.5282    -0.5278     0.0004    -0.5421    -0.5417     0.0004   2.834560   2.834642   0.000107    34.4309    34.4319     6.4239    27.6731    27.6739    34.4275    27.6703    1452.61    1452.61    -0.5419  1029.6289    34.5959 0.0000e+00
      17638 312.468760  -62.21281  -58.32335     -1.141    1448.57    409.000    404.673    -0.5408    -0.5449    -0.0041    -0.5547    -0.5588    -0.0041   2.833367   2.832921  -0.000242    34.4296    34.4310     6.4463    27.6726    27.6739    34.4264    27.6700    1452.53    1452.51    -0.5544  1029.6241    34.5948 0.0000e+00
      17675 312.468778  -62.21280  -58.32333     -0.813    1448.57    408.000    403.686    -0.5539    -0.5554    -0.0014    -0.5677    -0.5691    -0.0014   2.832328   2.832171  -0.000226    34.4307    34.4293     6.4743    27.6741    27.6730    34.4278    27.6718    1452.45    1452.45    -0.5674  1029.6212    34.5963 0.0000e+00
      17754 312.468816  -62.21278  -58.32330     -0.190    1448.57    407.000    402.694    -0.5787    -0.5735     0.0052    -0.5924    -0.5872     0.0052   2.829755   2.830219   0.000521    34.4241    34.4252     6.5338    27.6698    27.6705    34.4220    27.6681    1452.31    1452.34    -0.5921  1029.6132    34.5904 0.0000e+00
      17777 312.468827  -62.21278  -58.32330     -0.731    1448.57    406.000    401.708    -0.5801    -0.5773     0.0028    -0.5937    -0.5909     0.0028   2.829330   2.829713   0.000400    34.4225    34.4247     6.5231    27.6686    27.6702    34.4184    27.6653    1452.29    1452.30    -0.5934  1029.6056    34.5868 0.0000e+00
      17801 312.468839  -62.21278  -58.32329     -0.987    1448.57    405.000    400.720    -0.5956    -0.5938     0.0018    -0.6091    -0.6073     0.0018   2.827838   2.828042   0.000195    34.4193    34.4199     6.5341    27.6667    27.6671    34.4165    27.6645    1452.19    1452.20    -0.6089  1029.6003    34.5849 0.0000e+00
      17835 312.468855  -62.21278  -58.32328     -0.787    1448.57    404.000    399.732    -0.5990    -0.5916     0.0074    -0.6125    -0.6051     0.0073   2.827474   2.828269   0.000761    34.4181    34.4200     6.5567    27.6659    27.6671    34.4161    27.6642    1452.16    1452.20    -0.6122  1029.5954    34.5845 0.0000e+00
      17891 312.468882  -62.21276  -58.32324     -0.386    1448.57    403.000    398.741    -0.6202    -0.6060     0.0142    -0.6335    -0.6194     0.0141   2.825360   2.826752   0.001392    34.4151    34.4177     6.5965    27.6643    27.6659    34.4122    27.6621    1452.04    1452.11    -0.6333  1029.5887    34.5806 0.0000e+00
      17936 312.468904  -62.21276  -58.32324     -0.540    1448.57    402.000    397.756    -0.6253    -0.6203     0.0051    -0.6386    -0.6336     0.0051   2.824800   2.825265   0.000469    34.4131    34.4136     6.6120    27.6629    27.6632    34.4112    27.6614    1452.00    1452.02    -0.6384  1029.5834    34.5795 0.0000e+00
      17983 312.468927  -62.21276  -58.32324     -0.497    1448.57    401.000    396.764    -0.6278    -0.6229     0.0049    -0.6410    -0.6362     0.0049   2.824394   2.824950   0.000551    34.4111    34.4131     6.6381    27.6615    27.6628    34.4091    27.6598    1451.97    1451.99    -0.6408  1029.5771    34.5774 0.0000e+00
      18018 312.468943  -62.21275  -58.32323     -0.648    1448.57    400.000    395.777    -0.6403    -0.6365     0.0038    -0.6535    -0.6497     0.0038   2.823211   2.823575   0.000369    34.4099    34.4105     6.6435    27.6610    27.6614    34.4079    27.6594    1451.89    1451.91    -0.6532  1029.5721    34.5763 0.0000e+00
      18047 312.468957  -62.21274  -58.32321     -0.810    1448.57    399.000    394.791    -0.6451    -0.6424     0.0027    -0.6582    -0.6555     0.0027   2.822746   2.822958   0.000246    34.4091    34.4093     6.6564    27.6605    27.6606    34.4077    27.6594    1451.85    1451.87    -0.6579  1029.5675    34.5760 0.0000e+00
      18103 312.468984  -62.21274  -58.32319     -0.402    1448.57    398.000    393.800    -0.6500    -0.6463     0.0036    -0.6630    -0.6594     0.0036   2.822162   2.822469   0.000308    34.4078    34.4079     6.6805    27.6597    27.6596    34.4060    27.6583    1451.81    1451.83    -0.6628  1029.5616    34.5743 0.0000e+00
      18143 312.469004  -62.21273  -58.32318     -0.562    1448.57    397.000    392.802    -0.6568    -0.6553     0.0016    -0.6698    -0.6682     0.0016   2.821358   2.821504   0.000137    34.4052    34.4052     6.6814    27.6579    27.6579    34.4036    27.6566    1451.76    1451.77    -0.6696  1029.5553    34.5719 0.0000e+00
