Pos-Processados/process_op42/operantar42_054.cnv
* Sea-Bird SBE 9 Data File:
* FileName = C:\Users\Hidrografia\Desktop\OPXLII\Brutos\OP42054.hdr
* Software Version Seasave V 7.26.7.107
* Temperature SN = 6502
* Conductivity SN = 4998
* Number of Bytes Per Scan = 37
* Number of Voltage Words = 4
* Number of Scans Averaged by the Deck Unit = 1
* NMEA Latitude = 62 18.63 S
* NMEA Longitude = 058 16.10 W
* NMEA UTC (Time) = Nov 17 2023 03:29:41
* NMEA baud rate = 4800
** H41
** NPOALTEMAXIMIANO
** NUMERO DA ESTACAO (XXX) 054
** LAT (XX XX.XX S/N) 62 18.649 S
** LONG (XXX XX.XX W/E) 058 16.1 W
** DATAHORA (dd/mm/aaaa hh:mm Z) 17/11/2023 0328Z
** PROFUNDIDADE (m) 1520 m
** OPERADOR CT FILIPE LOPES
# nquan = 30
# nvalues = 2867                        
# units = specified
# name 0 = scan: Scan Count
# name 1 = timeJ: Julian Days
# name 2 = latitude: Latitude [deg]
# name 3 = longitude: Longitude [deg]
# name 4 = dz/dtM: Descent Rate [m/s]
# name 5 = avgsvCM: Average Sound Velocity [Chen-Millero, m/s]
# name 6 = prDM: Pressure, Digiquartz [db]
# name 7 = depSM: Depth [salt water, m]
# name 8 = t090C: Temperature [ITS-90, deg C]
# name 9 = t190C: Temperature, 2 [ITS-90, deg C]
# name 10 = T2-T190C: Temperature Difference, 2 - 1 [ITS-90, deg C]
# name 11 = potemp090C: Potential Temperature [ITS-90, deg C]
# name 12 = potemp190C: Potential Temperature, 2 [ITS-90, deg C]
# name 13 = potemp90Cdiff: Potential Temperature, Diff, 2 - 1 [ITS-90, deg C]
# name 14 = c0S/m: Conductivity [S/m]
# name 15 = c1S/m: Conductivity, 2 [S/m]
# name 16 = C2-C1S/m: Conductivity Difference, 2 - 1 [S/m]
# name 17 = sal00: Salinity, Practical [PSU]
# name 18 = sal11: Salinity, Practical, 2 [PSU]
# name 19 = sbeox0ML/L: Oxygen, SBE 43 [ml/l]
# name 20 = sigma-é00: Density [sigma-theta, kg/m^3]
# name 21 = sigma-é11: Density, 2 [sigma-theta, kg/m^3]
# name 22 = sal00: Salinity, Practical [PSU]
# name 23 = sigma-é00: Density [sigma-theta, kg/m^3]
# name 24 = svCM: Sound Velocity [Chen-Millero, m/s]
# name 25 = svCM1: Sound Velocity, 2 [Chen-Millero, m/s]
# name 26 = gsw_ptA0: potential temperature [ITS-90, deg C]
# name 27 = gsw_densityA0: density, TEOS-10 [density, kg/m^3]
# name 28 = gsw_saA0: Absolute Salinity [g/kg]
# name 29 = flag:
# span 0 =       2370,      70863       
# span 1 = 321.146756, 321.179787       
# span 2 =  -62.31044,  -62.30930       
# span 3 =  -58.26840,  -58.25813       
# span 4 =     -1.346,      1.326       
# span 5 =       0.00,    1457.48       
# span 6 =      2.000,   1435.000       
# span 7 =      1.968,   1416.325       
# span 8 =    -1.3512,     0.6377       
# span 9 =    -1.3503,     0.6391       
# span 10 =    -0.0466,     0.0466      
# span 11 =    -1.3958,     0.6126      
# span 12 =    -1.3951,     0.6139      
# span 13 =    -0.0464,     0.0464      
# span 14 =   2.800594,   2.950958      
# span 15 =   2.800635,   2.951016      
# span 16 =  -0.004361,   0.003425      
# span 17 =    34.2383,    34.5711      
# span 18 =    34.2333,    34.5694      
# span 19 =     5.1272,     7.8716      
# span 20 =    27.5025,    27.7865      
# span 21 =    27.4984,    27.7857      
# span 22 =    34.2388,    34.5724      
# span 23 =    27.5030,    27.7866      
# span 24 =    1446.23,    1465.86      
# span 25 =    1446.22,    1465.86      
# span 26 =    -1.3947,     0.6128      
# span 27 =  1027.5217,  1034.5858      
# span 28 =    34.4041,    34.7424      
# span 29 = 0.0000e+00, 0.0000e+00      
# interval = decibars: 1                
# start_time = Nov 17 2023 03:29:41 [NMEA time, header]
# bad_flag = -9.990e-29
*END*
[from data line 2321]
      57317 321.173254  -62.30962  -58.26074     -1.074    1457.48    547.000    541.030     0.6348     0.6358     0.0010     0.6101     0.6110     0.0009   2.950193   2.950161  -0.000029    34.5674    34.5660     5.1320    27.7224    27.7212    34.5675    27.7225    1460.39    1460.39     0.6102  1030.3110    34.7390 0.0000e+00
      57341 321.173266  -62.30962 -9.990e-29     -1.051    1457.48    546.000    540.042     0.6347     0.6356     0.0009     0.6100     0.6109     0.0009   2.950140   2.950108  -0.000031    34.5675    34.5661     5.1432    27.7225    27.7213    34.5676    27.7225    1460.37    1460.37     0.6101  1030.3067    34.7394 0.0000e+00
      57367 321.173278  -62.30962 -9.990e-29     -0.959    1457.48    545.000    539.054     0.6345     0.6354     0.0008     0.6099     0.6107     0.0008   2.950085   2.950065  -0.000018    34.5676    34.5664     5.1409    27.7225    27.7215    34.5676    27.7226    1460.35    1460.36     0.6100  1030.3020    34.7394 0.0000e+00
      57394 321.173291  -62.30962 -9.990e-29     -0.897    1457.48    544.000    538.067     0.6343     0.6350     0.0006     0.6097     0.6104     0.0006   2.950040   2.949983  -0.000048    34.5678    34.5665     5.1416    27.7228    27.7216    34.5678    27.7228    1460.34    1460.34     0.6098  1030.2976    34.7397 0.0000e+00
      57421 321.173304  -62.30962  -58.26071     -0.885    1457.48    543.000    537.079     0.6323     0.6314    -0.0009     0.6078     0.6069    -0.0009   2.949782   2.949588  -0.000186    34.5676    34.5662     5.1432    27.7226    27.7216    34.5673    27.7224    1460.31    1460.30     0.6079  1030.2908    34.7368 0.0000e+00
      57446 321.173317  -62.30962  -58.26070     -0.921    1457.48    542.000    536.091     0.6306     0.6304    -0.0002     0.6061     0.6059    -0.0002   2.949565   2.949441  -0.000127    34.5673    34.5658     5.1434    27.7225    27.7213    34.5670    27.7223    1460.29    1460.28     0.6063  1030.2859    34.7364 0.0000e+00
      57470 321.173328  -62.30962  -58.26070     -0.984    1457.48    541.000    535.103     0.6287     0.6290     0.0003     0.6043     0.6046     0.0003   2.949356   2.949275  -0.000075    34.5671    34.5658     5.1372    27.7225    27.7214    34.5669    27.7223    1460.26    1460.26     0.6044  1030.2813    34.7363 0.0000e+00
      57492 321.173339  -62.30962  -58.26070     -1.042    1457.48    540.000    534.116     0.6275     0.6266    -0.0008     0.6031     0.6022    -0.0008   2.949159   2.948977  -0.000178    34.5667    34.5654     5.1423    27.7223    27.7212    34.5663    27.7219    1460.24    1460.23     0.6033  1030.2762    34.7357 0.0000e+00
      57515 321.173350  -62.30962  -58.26070     -1.059    1457.48    539.000    533.128     0.6254     0.6251    -0.0003     0.6011     0.6008    -0.0003   2.948935   2.948771  -0.000157    34.5666    34.5648     5.1349    27.7223    27.7209    34.5663    27.7220    1460.21    1460.21     0.6012  1030.2730    34.7375 0.0000e+00
      57538 321.173361  -62.30962 -9.990e-29     -1.061    1457.48    538.000    532.140     0.6254     0.6258     0.0004     0.6012     0.6016     0.0004   2.948868   2.948798  -0.000092    34.5663    34.5647     5.1372    27.7220    27.7207    34.5660    27.7218    1460.20    1460.19     0.6013  1030.2685    34.7377 0.0000e+00
      57560 321.173372  -62.30962 -9.990e-29     -1.064    1457.48    537.000    531.152     0.6252     0.6267     0.0014     0.6010     0.6025     0.0014   2.948821   2.948825   0.000001    34.5664    34.5647     5.1411    27.7221    27.7207    34.5662    27.7219    1460.18    1460.18     0.6011  1030.2640    34.7380 0.0000e+00
      57583 321.173382  -62.30962 -9.990e-29     -1.060    1457.48    536.000    530.164     0.6253     0.6263     0.0010     0.6012     0.6022     0.0010   2.948744   2.948747   0.000006    34.5658    34.5648     5.1525    27.7216    27.7207    34.5656    27.7215    1460.16    1460.17     0.6013  1030.2589    34.7374 0.0000e+00
      57606 321.173394  -62.30962  -58.26068     -1.052    1457.48    535.000    529.176     0.6248     0.6250     0.0002     0.6007     0.6009     0.0002   2.948639   2.948527  -0.000093    34.5657    34.5644     5.1528    27.7216    27.7205    34.5654    27.7214    1460.14    1460.14     0.6008  1030.2534    34.7364 0.0000e+00
      57629 321.173405  -62.30962  -58.26066     -1.039    1457.48    534.000    528.188     0.6211     0.6179    -0.0032     0.5971     0.5939    -0.0032   2.948182   2.947787  -0.000374    34.5651    34.5638     5.1544    27.7213    27.7204    34.5642    27.7206    1460.11    1460.09     0.5972  1030.2468    34.7336 0.0000e+00
      57652 321.173416  -62.30962  -58.26066     -1.038    1457.48    533.000    527.201     0.6135     0.6102    -0.0033     0.5896     0.5863    -0.0033   2.947417   2.947005  -0.000391    34.5641    34.5628     5.1531    27.7210    27.7201    34.5633    27.7203    1460.06    1460.04     0.5897  1030.2419    34.7327 0.0000e+00
      57675 321.173427  -62.30962  -58.26066     -1.049    1457.48    532.000    526.213     0.6101     0.6043    -0.0057     0.5862     0.5805    -0.0057   2.947009   2.946378  -0.000619    34.5635    34.5619     5.1541    27.7207    27.7197    34.5624    27.7198    1460.02    1459.99     0.5864  1030.2368    34.7318 0.0000e+00
      57697 321.173438  -62.30962  -58.26066     -1.060    1457.48    531.000    525.225     0.6045     0.6014    -0.0031     0.5806     0.5776    -0.0031   2.946444   2.946035  -0.000437    34.5631    34.5609     5.1507    27.7207    27.7191    34.5619    27.7197    1459.98    1459.96     0.5808  1030.2321    34.7313 0.0000e+00
      57719 321.173448  -62.30962  -58.26066     -1.085    1457.48    530.000    524.237     0.6020     0.6001    -0.0018     0.5782     0.5764    -0.0018   2.946145   2.945837  -0.000286    34.5620    34.5603     5.1530    27.7200    27.7187    34.5614    27.7194    1459.95    1459.94     0.5784  1030.2272    34.7307 0.0000e+00
      57742 321.173459  -62.30962  -58.26066     -1.077    1457.48    529.000    523.249     0.6003     0.5981    -0.0021     0.5766     0.5745    -0.0021   2.945877   2.945595  -0.000289    34.5611    34.5598     5.1657    27.7193    27.7184    34.5603    27.7187    1459.93    1459.91     0.5768  1030.2218    34.7297 0.0000e+00
      57766 321.173471  -62.30962  -58.26065     -1.035    1457.48    528.000    522.261     0.5994     0.5968    -0.0027     0.5758     0.5731    -0.0026   2.945733   2.945392  -0.000336    34.5608    34.5594     5.1631    27.7192    27.7182    34.5600    27.7185    1459.90    1459.89     0.5759  1030.2169    34.7293 0.0000e+00
      57790 321.173482  -62.30962  -58.26064     -0.991    1457.48    527.000    521.273     0.5979     0.5964    -0.0015     0.5743     0.5728    -0.0015   2.945560   2.945303  -0.000266    34.5607    34.5589     5.1730    27.7191    27.7178    34.5600    27.7186    1459.88    1459.87     0.5745  1030.2124    34.7294 0.0000e+00
      57815 321.173494  -62.30962  -58.26064     -0.979    1457.48    526.000    520.285     0.5960     0.5967     0.0007     0.5725     0.5731     0.0007   2.945308   2.945267  -0.000059    34.5601    34.5586     5.1804    27.7187    27.7175    34.5594    27.7182    1459.86    1459.86     0.5726  1030.2073    34.7288 0.0000e+00
      57839 321.173506  -62.30962  -58.26064     -0.986    1457.48    525.000    519.298     0.5961     0.5965     0.0004     0.5726     0.5730     0.0004   2.945271   2.945197  -0.000074    34.5599    34.5584     5.1853    27.7186    27.7174    34.5594    27.7182    1459.84    1459.84     0.5728  1030.2026    34.7288 0.0000e+00
      57863 321.173518  -62.30962  -58.26063     -0.997    1457.48    524.000    518.310     0.5962     0.5966     0.0004     0.5728     0.5732     0.0004   2.945258   2.945163  -0.000088    34.5600    34.5584     5.1849    27.7187    27.7174    34.5597    27.7184    1459.82    1459.82     0.5729  1030.1981    34.7290 0.0000e+00
      57887 321.173529  -62.30962  -58.26062     -0.991    1457.48    523.000    517.322     0.5958     0.5957    -0.0001     0.5724     0.5723    -0.0001   2.945142   2.945019  -0.000135    34.5598    34.5582     5.1915    27.7186    27.7172    34.5593    27.7181    1459.81    1459.80     0.5726  1030.1931    34.7286 0.0000e+00
      57912 321.173541  -62.30962  -58.26062     -0.986    1457.48    522.000    516.334     0.5950     0.5954     0.0005     0.5717     0.5721     0.0005   2.944992   2.944949  -0.000048    34.5592    34.5581     5.1876    27.7181    27.7172    34.5588    27.7178    1459.79    1459.79     0.5718  1030.1881    34.7282 0.0000e+00
      57935 321.173552  -62.30962  -58.26062     -0.996    1457.48    521.000    515.346     0.5946     0.5954     0.0007     0.5714     0.5721     0.0007   2.944920   2.944903  -0.000022    34.5592    34.5580     5.1936    27.7181    27.7171    34.5588    27.7178    1459.77    1459.77     0.5715  1030.1834    34.7282 0.0000e+00
      57959 321.173564  -62.30962  -58.26061     -1.022    1457.48    520.000    514.358     0.5947     0.5954     0.0008     0.5714     0.5722     0.0008   2.944871   2.944858  -0.000013    34.5590    34.5579     5.1894    27.7180    27.7170    34.5587    27.7177    1459.75    1459.75     0.5716  1030.1787    34.7281 0.0000e+00
      57981 321.173575  -62.30962  -58.26060     -1.043    1457.48    519.000    513.370     0.5948     0.5959     0.0011     0.5716     0.5727     0.0011   2.944861   2.944856  -0.000007    34.5592    34.5580     5.1938    27.7181    27.7170    34.5590    27.7179    1459.74    1459.74     0.5718  1030.1742    34.7283 0.0000e+00
      58005 321.173586  -62.30962  -58.26060     -1.027    1457.48    518.000    512.382     0.5947     0.5953     0.0006     0.5716     0.5722     0.0006   2.944788   2.944758  -0.000032    34.5590    34.5579     5.1895    27.7180    27.7170    34.5587    27.7177    1459.72    1459.72     0.5717  1030.1693    34.7281 0.0000e+00
      58030 321.173598  -62.30962  -58.26060     -0.987    1457.48    517.000    511.394     0.5941     0.5947     0.0005     0.5711     0.5716     0.0005   2.944696   2.944651  -0.000042    34.5591    34.5579     5.1889    27.7180    27.7170    34.5588    27.7178    1459.70    1459.70     0.5712  1030.1647    34.7281 0.0000e+00
      58056 321.173611  -62.30962  -58.26060     -0.945    1457.48    516.000    510.406     0.5933     0.5909    -0.0024     0.5703     0.5679    -0.0023   2.944543   2.944208  -0.000315    34.5587    34.5573     5.1889    27.7178    27.7168    34.5583    27.7175    1459.68    1459.67     0.5704  1030.1596    34.7276 0.0000e+00
      58082 321.173623  -62.30962  -58.26058     -0.922    1457.48    515.000    509.418     0.5901     0.5866    -0.0035     0.5671     0.5636    -0.0035   2.944154   2.943701  -0.000433    34.5581    34.5563     5.1974    27.7174    27.7163    34.5574    27.7169    1459.65    1459.63     0.5673  1030.1545    34.7268 0.0000e+00
      58109 321.173636  -62.30962  -58.26058     -0.910    1457.48    514.000    508.431     0.5865     0.5831    -0.0034     0.5636     0.5602    -0.0034   2.943777   2.943315  -0.000447    34.5576    34.5557     5.1886    27.7173    27.7159    34.5571    27.7169    1459.61    1459.60     0.5638  1030.1498    34.7264 0.0000e+00
      58135 321.173649  -62.30962  -58.26058     -0.903    1457.48    513.000    507.443     0.5845     0.5795    -0.0050     0.5616     0.5567    -0.0049   2.943504   2.942893  -0.000604    34.5570    34.5547     5.1932    27.7170    27.7153    34.5564    27.7164    1459.59    1459.56     0.5618  1030.1447    34.7257 0.0000e+00
      58160 321.173661  -62.30962  -58.26058     -0.935    1457.48    512.000    506.455     0.5810     0.5755    -0.0055     0.5582     0.5528    -0.0054   2.943073   2.942415  -0.000646    34.5561    34.5537     5.2051    27.7164    27.7149    34.5552    27.7157    1459.55    1459.52     0.5584  1030.1393    34.7246 0.0000e+00
      58184 321.173672  -62.30962  -58.26056     -0.982    1457.48    511.000    505.466     0.5761     0.5728    -0.0033     0.5534     0.5501    -0.0033   2.942471   2.942072  -0.000406    34.5545    34.5529     5.2056    27.7154    27.7143    34.5534    27.7145    1459.51    1459.50     0.5536  1030.1335    34.7227 0.0000e+00
      58207 321.173683  -62.30962  -58.26056     -1.027    1457.48    510.000    504.479     0.5711     0.5677    -0.0033     0.5485     0.5451    -0.0033   2.941926   2.941487  -0.000411    34.5535    34.5519     5.2011    27.7149    27.7138    34.5525    27.7141    1459.47    1459.45     0.5486  1030.1292    34.7227 0.0000e+00
      58230 321.173694  -62.30962 -9.990e-29     -1.051    1457.48    509.000    503.491     0.5681     0.5612    -0.0069     0.5456     0.5387    -0.0069   2.941523   2.940763  -0.000790    34.5527    34.5502     5.2063    27.7145    27.7128    34.5511    27.7132    1459.44    1459.41     0.5457  1030.1248    34.7229 0.0000e+00
      58253 321.173706  -62.30962 -9.990e-29     -1.047    1457.48    508.000    502.503     0.5620     0.5582    -0.0038     0.5395     0.5357    -0.0038   2.940932   2.940422  -0.000489    34.5514    34.5493     5.2188    27.7137    27.7122    34.5509    27.7133    1459.39    1459.37     0.5396  1030.1203    34.7226 0.0000e+00
      58276 321.173717  -62.30962 -9.990e-29     -1.038    1457.48    507.000    501.515     0.5602     0.5551    -0.0051     0.5378     0.5327    -0.0051   2.940631   2.940025  -0.000613    34.5509    34.5487     5.2197    27.7135    27.7119    34.5495    27.7123    1459.37    1459.34     0.5380  1030.1147    34.7212 0.0000e+00
      58300 321.173728  -62.30962  -58.26054     -1.011    1457.48    506.000    500.527     0.5562     0.5513    -0.0049     0.5338     0.5290    -0.0048   2.940201   2.939595  -0.000589    34.5499    34.5477     5.2356    27.7129    27.7114    34.5490    27.7122    1459.33    1459.31     0.5340  1030.1096    34.7203 0.0000e+00
      58325 321.173740  -62.30962  -58.26054     -0.979    1457.48    505.000    499.539     0.5523     0.5479    -0.0044     0.5300     0.5257    -0.0044   2.939727   2.939221  -0.000524    34.5491    34.5472     5.2337    27.7125    27.7112    34.5477    27.7113    1459.30    1459.28     0.5302  1030.1025    34.7170 0.0000e+00
      58350 321.173752  -62.30962  -58.26054     -0.970    1457.48    504.000    498.551     0.5481     0.5453    -0.0028     0.5258     0.5231    -0.0027   2.939290   2.938927  -0.000365    34.5482    34.5465     5.2428    27.7120    27.7108    34.5473    27.7113    1459.26    1459.25     0.5260  1030.0978    34.7166 0.0000e+00
      58375 321.173765  -62.30962  -58.26054     -0.949    1457.48    503.000    497.563     0.5460     0.5446    -0.0014     0.5238     0.5225    -0.0014   2.939026   2.938781  -0.000247    34.5478    34.5462     5.2459    27.7118    27.7106    34.5468    27.7110    1459.24    1459.23     0.5240  1030.0929    34.7160 0.0000e+00
      58401 321.173777  -62.30962  -58.26054     -0.943    1457.48    502.000    496.575     0.5433     0.5415    -0.0018     0.5211     0.5194    -0.0018   2.938705   2.938435  -0.000267    34.5471    34.5457     5.2587    27.7114    27.7104    34.5462    27.7107    1459.21    1459.20     0.5213  1030.0879    34.7155 0.0000e+00
      58426 321.173789  -62.30962  -58.26052     -0.953    1457.48    501.000    495.587     0.5402     0.5376    -0.0027     0.5182     0.5155    -0.0027   2.938306   2.938001  -0.000307    34.5462    34.5452     5.2614    27.7109    27.7102    34.5450    27.7099    1459.17    1459.16     0.5183  1030.0825    34.7143 0.0000e+00
