Pos-Processados/process_op42/operantar42_025.cnv
* Sea-Bird SBE 9 Data File:
* FileName = C:\Users\Hidrografia\Desktop\OPXLII\Brutos\OP42025.hdr
* Software Version Seasave V 7.26.7.107
* Temperature SN = 6502
* Conductivity SN = 4998
* Number of Bytes Per Scan = 37
* Number of Voltage Words = 4
* Number of Scans Averaged by the Deck Unit = 1
* NMEA Latitude = 62 11.31 S
* NMEA Longitude = 058 02.91 W
* NMEA UTC (Time) = Nov 08 2023 13:45:45
* NMEA baud rate = 4800
** H41
** NPOALTEMAXIMIANO
** NUMERO DA ESTACAO (XXX) 025
** LAT (XX XX.XX S/N) 62  11.331 S
** LONG (XXX XX.XX W/E) 058  02.993 W
** DATAHORA (dd/mm/aaaa hh:mm Z) 08/11/2023 1345Z
** PROFUNDIDADE (m) 484
** OPERADOR CT FABIREZA
# nquan = 30
# nvalues = 874                         
# units = specified
# name 0 = scan: Scan Count
# name 1 = timeJ: Julian Days
# name 2 = latitude: Latitude [deg]
# name 3 = longitude: Longitude [deg]
# name 4 = dz/dtM: Descent Rate [m/s]
# name 5 = avgsvCM: Average Sound Velocity [Chen-Millero, m/s]
# name 6 = prDM: Pressure, Digiquartz [db]
# name 7 = depSM: Depth [salt water, m]
# name 8 = t090C: Temperature [ITS-90, deg C]
# name 9 = t190C: Temperature, 2 [ITS-90, deg C]
# name 10 = T2-T190C: Temperature Difference, 2 - 1 [ITS-90, deg C]
# name 11 = potemp090C: Potential Temperature [ITS-90, deg C]
# name 12 = potemp190C: Potential Temperature, 2 [ITS-90, deg C]
# name 13 = potemp90Cdiff: Potential Temperature, Diff, 2 - 1 [ITS-90, deg C]
# name 14 = c0S/m: Conductivity [S/m]
# name 15 = c1S/m: Conductivity, 2 [S/m]
# name 16 = C2-C1S/m: Conductivity Difference, 2 - 1 [S/m]
# name 17 = sal00: Salinity, Practical [PSU]
# name 18 = sal11: Salinity, Practical, 2 [PSU]
# name 19 = sbeox0ML/L: Oxygen, SBE 43 [ml/l]
# name 20 = sigma-é00: Density [sigma-theta, kg/m^3]
# name 21 = sigma-é11: Density, 2 [sigma-theta, kg/m^3]
# name 22 = sal00: Salinity, Practical [PSU]
# name 23 = sigma-é00: Density [sigma-theta, kg/m^3]
# name 24 = svCM: Sound Velocity [Chen-Millero, m/s]
# name 25 = svCM1: Sound Velocity, 2 [Chen-Millero, m/s]
# name 26 = gsw_ptA0: potential temperature [ITS-90, deg C]
# name 27 = gsw_densityA0: density, TEOS-10 [density, kg/m^3]
# name 28 = gsw_saA0: Absolute Salinity [g/kg]
# name 29 = flag:
# span 0 =       2048,      35543       
# span 1 = 312.574425, 312.590578       
# span 2 =  -62.18842,  -62.18610       
# span 3 =  -58.04745,  -58.02922       
# span 4 =     -1.404,      1.244       
# span 5 =      -0.01,    1449.50       
# span 6 =      3.000,    440.000       
# span 7 =      3.004,    435.295       
# span 8 =    -0.8645,    -0.0107       
# span 9 =    -0.8532,    -0.0118       
# span 10 =    -0.0196,     0.0404      
# span 11 =    -0.8725,    -0.0253      
# span 12 =    -0.8613,    -0.0263      
# span 13 =    -0.0195,     0.0403      
# span 14 =   2.792453,   2.881453      
# span 15 =   2.793364,   2.881075      
# span 16 =  -0.001831,   0.003645      
# span 17 =    34.2957,    34.4866      
# span 18 =    34.2943,    34.4851      
# span 19 =     5.8685,     7.5334      
# span 20 =    27.5669,    27.6985      
# span 21 =    27.5657,    27.6962      
# span 22 =    34.2956,    34.4890      
# span 23 =    27.5668,    27.6993      
# span 24 =    1445.42,    1455.11      
# span 25 =    1445.43,    1455.08      
# span 26 =    -0.8722,    -0.0251      
# span 27 =  1027.5867,  1029.7920      
# span 28 =    34.4590,    34.6578      
# span 29 = 0.0000e+00, 0.0000e+00      
# interval = decibars: 1                
# start_time = Nov 08 2023 13:45:45 [NMEA time, header]
# bad_flag = -9.990e-29
*END*
[from data line 242]
       9854 312.578189  -62.18777  -58.04313      0.858    1447.20    246.000    243.494    -0.6701    -0.6693     0.0008    -0.6777    -0.6769     0.0008   2.807484   2.807470  -0.000014    34.3234    34.3224     7.2688    27.5921    27.5912    34.3236    27.5922    1449.13    1449.13    -0.6776  1028.7731    34.4911 0.0000e+00
       9882 312.578203  -62.18776  -58.04312      0.795    1447.20    247.000    244.483    -0.6699    -0.6691     0.0008    -0.6776    -0.6768     0.0008   2.807554   2.807539  -0.000013    34.3237    34.3226     7.2702    27.5923    27.5914    34.3237    27.5923    1449.14    1449.15    -0.6774  1028.7780    34.4913 0.0000e+00
       9904 312.578213  -62.18776  -58.04311      0.990    1447.20    248.000    245.473    -0.6700    -0.6691     0.0008    -0.6777    -0.6769     0.0008   2.807602   2.807597  -0.000008    34.3237    34.3227     7.2679    27.5923    27.5914    34.3238    27.5924    1449.16    1449.16    -0.6775  1028.7828    34.4914 0.0000e+00
       9928 312.578225  -62.18776  -58.04310      1.051    1447.20    249.000    246.460    -0.6694    -0.6686     0.0008    -0.6771    -0.6764     0.0008   2.807665   2.807666   0.000003    34.3233    34.3225     7.2674    27.5919    27.5912    34.3234    27.5920    1449.18    1449.18    -0.6770  1028.7873    34.4910 0.0000e+00
       9981 312.578250  -62.18776  -58.04306      0.430    1447.20    250.000    247.451    -0.6695    -0.6687     0.0007    -0.6773    -0.6765     0.0007   2.807697   2.807691  -0.000004    34.3233    34.3224     7.2624    27.5919    27.5912    34.3233    27.5920    1449.19    1449.19    -0.6771  1028.7919    34.4909 0.0000e+00
      10022 312.578270  -62.18776  -58.04301      0.574    1447.20    251.000    248.440    -0.6724    -0.6707     0.0017    -0.6802    -0.6785     0.0017   2.807566   2.807601   0.000033    34.3245    34.3230     7.2600    27.5930    27.5917    34.3243    27.5929    1449.20    1449.20    -0.6800  1028.7977    34.4919 0.0000e+00
      10049 312.578283  -62.18775  -58.04300      0.835    1447.20    252.000    249.430    -0.6728    -0.6723     0.0005    -0.6806    -0.6801     0.0005   2.807564   2.807539  -0.000026    34.3242    34.3232     7.2699    27.5928    27.5920    34.3240    27.5927    1449.21    1449.21    -0.6805  1028.8025    34.4920 0.0000e+00
      10079 312.578298  -62.18774 -9.990e-29      0.838    1447.20    253.000    250.418    -0.6737    -0.6729     0.0008    -0.6816    -0.6808     0.0008   2.807536   2.807539   0.000004    34.3242    34.3233     7.2686    27.5928    27.5921    34.3241    27.5928    1449.22    1449.23    -0.6814  1028.8090    34.4940 0.0000e+00
      10110 312.578313  -62.18774 -9.990e-29      0.746    1447.43    254.000    251.408    -0.6736    -0.6734     0.0002    -0.6815    -0.6813     0.0002   2.807590   2.807549  -0.000038    34.3241    34.3234     7.2721    27.5928    27.5922    34.3241    27.5928    1449.24    1449.24    -0.6813  1028.8138    34.4941 0.0000e+00
      10134 312.578324  -62.18774 -9.990e-29      0.897    1447.57    255.000    252.397    -0.6750    -0.6739     0.0010    -0.6829    -0.6819     0.0010   2.807541   2.807567   0.000018    34.3245    34.3236     7.2689    27.5932    27.5924    34.3244    27.5930    1449.25    1449.25    -0.6827  1028.8188    34.4943 0.0000e+00
      10154 312.578334  -62.18774  -58.04298      1.077    1447.57    256.000    253.386    -0.6757    -0.6742     0.0015    -0.6837    -0.6822     0.0015   2.807535   2.807573   0.000046    34.3247    34.3235     7.2713    27.5933    27.5923    34.3245    27.5932    1449.26    1449.27    -0.6835  1028.8232    34.4938 0.0000e+00
      10174 312.578343  -62.18774  -58.04297      1.189    1447.57    257.000    254.375    -0.6789    -0.6773     0.0015    -0.6869    -0.6853     0.0015   2.807316   2.807368   0.000044    34.3253    34.3241     7.2747    27.5939    27.5929    34.3245    27.5933    1449.27    1449.27    -0.6867  1028.8268    34.4921 0.0000e+00
      10195 312.578354  -62.18774  -58.04296      1.197    1447.57    258.000    255.364    -0.6849    -0.6833     0.0016    -0.6929    -0.6913     0.0016   2.806959   2.806989   0.000029    34.3266    34.3252     7.2676    27.5953    27.5940    34.3259    27.5947    1449.25    1449.26    -0.6927  1028.8330    34.4935 0.0000e+00
      10232 312.578371  -62.18774  -58.04294      0.786    1447.57    259.000    256.353    -0.6880    -0.6866     0.0014    -0.6961    -0.6947     0.0014   2.806768   2.806805   0.000040    34.3267    34.3257     7.2578    27.5955    27.5946    34.3263    27.5951    1449.26    1449.26    -0.6959  1028.8382    34.4939 0.0000e+00
      10288 312.578398  -62.18772  -58.04288      0.368    1447.57    260.000    257.343    -0.6914    -0.6904     0.0011    -0.6995    -0.6984     0.0011   2.806533   2.806517  -0.000013    34.3272    34.3257     7.2603    27.5960    27.5948    34.3264    27.5954    1449.26    1449.26    -0.6993  1028.8432    34.4940 0.0000e+00
      10320 312.578414  -62.18772  -58.04285      0.664    1447.57    261.000    258.332    -0.7043    -0.7037     0.0006    -0.7124    -0.7117     0.0006   2.805499   2.805459  -0.000047    34.3281    34.3268     7.2589    27.5973    27.5962    34.3264    27.5959    1449.21    1449.22    -0.7122  1028.8486    34.4940 0.0000e+00
      10344 312.578425  -62.18772  -58.04284      0.912    1447.57    262.000    259.321    -0.7227    -0.7215     0.0011    -0.7308    -0.7296     0.0011   2.803956   2.803963  -0.000017    34.3291    34.3276     7.2615    27.5989    27.5976    34.3258    27.5962    1449.14    1449.15    -0.7306  1028.8538    34.4934 0.0000e+00
      10367 312.578437  -62.18772  -58.04283      1.030    1447.57    263.000    260.310    -0.7594    -0.7567     0.0026    -0.7674    -0.7648     0.0026   2.801037   2.800988  -0.000018    34.3324    34.3292     7.2648    27.6031    27.6004    34.3273    27.5990    1448.99    1449.00    -0.7672  1028.8617    34.4949 0.0000e+00
      10400 312.578453  -62.18772  -58.04282      0.814    1447.57    264.000    261.299    -0.7788    -0.7765     0.0023    -0.7868    -0.7845     0.0023   2.799396   2.799447   0.000037    34.3295    34.3274     7.2678    27.6016    27.5997    34.3265    27.5991    1448.91    1448.92    -0.7866  1028.8668    34.4942 0.0000e+00
      10441 312.578472  -62.18772  -58.04282      0.575    1447.57    265.000    262.288    -0.7796    -0.7787     0.0009    -0.7876    -0.7867     0.0009   2.799235   2.799258   0.000028    34.3267    34.3260     7.2868    27.5993    27.5987    34.3246    27.5976    1448.92    1448.93    -0.7874  1028.8701    34.4923 0.0000e+00
      10472 312.578487  -62.18770  -58.04280      0.712    1447.57    266.000    263.277    -0.7805    -0.7796     0.0008    -0.7885    -0.7877     0.0008   2.799224   2.799223  -0.000007    34.3267    34.3257     7.3119    27.5993    27.5984    34.3249    27.5979    1448.94    1448.94    -0.7884  1028.8751    34.4925 0.0000e+00
      10496 312.578499  -62.18770  -58.04278      0.911    1447.57    267.000    264.267    -0.7824    -0.7822     0.0003    -0.7905    -0.7903     0.0003   2.799122   2.799092  -0.000025    34.3265    34.3259     7.3233    27.5993    27.5987    34.3251    27.5982    1448.94    1448.94    -0.7903  1028.8802    34.4928 0.0000e+00
      10517 312.578509  -62.18770  -58.04276      1.064    1447.57    268.000    265.256    -0.7818    -0.7812     0.0006    -0.7899    -0.7893     0.0006   2.799206   2.799206   0.000004    34.3263    34.3257     7.3276    27.5991    27.5985    34.3249    27.5980    1448.96    1448.96    -0.7897  1028.8847    34.4926 0.0000e+00
      10546 312.578523  -62.18770  -58.04275      0.965    1447.57    269.000    266.245    -0.7843    -0.7833     0.0010    -0.7924    -0.7914     0.0010   2.799090   2.799140   0.000046    34.3269    34.3264     7.3136    27.5997    27.5992    34.3256    27.5986    1448.97    1448.97    -0.7923  1028.8901    34.4932 0.0000e+00
      10589 312.578543  -62.18770  -58.04272      0.521    1447.57    270.000    267.234    -0.7860    -0.7848     0.0012    -0.7942    -0.7930     0.0012   2.799074   2.799096   0.000033    34.3275    34.3266     7.3148    27.6003    27.5994    34.3267    27.5996    1448.98    1448.98    -0.7940  1028.8959    34.4944 0.0000e+00
      10618 312.578558  -62.18770  -58.04270      0.717    1447.57    271.000    268.223    -0.7789    -0.7779     0.0009    -0.7871    -0.7862     0.0009   2.799777   2.799891   0.000068    34.3281    34.3280     7.3131    27.6004    27.6003    34.3275    27.5999    1449.03    1449.03    -0.7869  1028.9009    34.4952 0.0000e+00
      10645 312.578571  -62.18770  -58.04268      0.888    1447.57    272.000    269.212    -0.7915    -0.7900     0.0015    -0.7997    -0.7982     0.0015   2.799020   2.799031   0.000029    34.3322    34.3309     7.3177    27.6043    27.6031    34.3310    27.6033    1448.99    1448.99    -0.7995  1028.9086    34.4980 0.0000e+00
      10691 312.578593  -62.18768  -58.04266      0.525    1447.57    273.000    270.201    -0.7947    -0.7923     0.0024    -0.8030    -0.8006     0.0024   2.798786   2.798892   0.000110    34.3318    34.3305     7.3020    27.6040    27.6029    34.3309    27.6033    1448.99    1449.00    -0.8028  1028.9128    34.4971 0.0000e+00
      10729 312.578611  -62.18768  -58.04264      0.587    1447.57    274.000    271.190    -0.8000    -0.7991     0.0009    -0.8083    -0.8073     0.0009   2.798469   2.798465  -0.000010    34.3331    34.3319     7.2888    27.6053    27.6043    34.3319    27.6044    1448.98    1448.99    -0.8081  1028.9199    34.4997 0.0000e+00
      10753 312.578623  -62.18768  -58.04262      0.891    1447.57    275.000    272.180    -0.8047    -0.8039     0.0008    -0.8130    -0.8122     0.0008   2.798183   2.798206   0.000015    34.3337    34.3330     7.2927    27.6060    27.6054    34.3328    27.6053    1448.98    1448.98    -0.8128  1028.9256    34.5006 0.0000e+00
      10774 312.578633  -62.18768  -58.04262      1.068    1447.57    276.000    273.169    -0.8112    -0.8101     0.0012    -0.8195    -0.8184     0.0012   2.797945   2.797969   0.000033    34.3375    34.3367     7.2883    27.6094    27.6087    34.3363    27.6084    1448.97    1448.97    -0.8193  1028.9335    34.5041 0.0000e+00
      10796 312.578644  -62.18768  -58.04261      1.113    1447.57    277.000    274.157    -0.8130    -0.8123     0.0007    -0.8213    -0.8206     0.0007   2.797921   2.797933   0.000013    34.3383    34.3377     7.2761    27.6101    27.6095    34.3374    27.6093    1448.98    1448.98    -0.8211  1028.9392    34.5051 0.0000e+00
      10830 312.578660  -62.18768  -58.04258      0.813    1447.57    278.000    275.147    -0.8136    -0.8128     0.0008    -0.8220    -0.8211     0.0008   2.797919   2.797940   0.000019    34.3383    34.3376     7.2728    27.6101    27.6095    34.3375    27.6095    1448.99    1449.00    -0.8218  1028.9433    34.5043 0.0000e+00
      10866 312.578677  -62.18766  -58.04256      0.629    1447.57    279.000    276.136    -0.8129    -0.8121     0.0008    -0.8213    -0.8205     0.0008   2.798052   2.798058   0.000010    34.3384    34.3376     7.2503    27.6101    27.6094    34.3379    27.6098    1449.01    1449.02    -0.8211  1028.9480    34.5042 0.0000e+00
      10894 312.578691  -62.18766  -58.04255      0.809    1447.57    280.000    277.125    -0.8127    -0.8119     0.0007    -0.8211    -0.8204     0.0007   2.798112   2.798115   0.000005    34.3383    34.3375     7.2409    27.6101    27.6094    34.3378    27.6097    1449.03    1449.03    -0.8209  1028.9539    34.5056 0.0000e+00
      10921 312.578704  -62.18766  -58.04254      0.906    1447.57    281.000    278.114    -0.8129    -0.8121     0.0008    -0.8214    -0.8206     0.0008   2.798146   2.798155   0.000007    34.3384    34.3375     7.2377    27.6101    27.6094    34.3379    27.6098    1449.05    1449.05    -0.8212  1028.9587    34.5057 0.0000e+00
      10953 312.578719  -62.18766  -58.04252      0.775    1447.57    282.000    279.103    -0.8160    -0.8149     0.0010    -0.8245    -0.8234     0.0010   2.797981   2.797995   0.000016    34.3392    34.3382     7.2361    27.6109    27.6101    34.3386    27.6104    1449.05    1449.05    -0.8243  1028.9642    34.5063 0.0000e+00
      10988 312.578736  -62.18766  -58.04250      0.684    1447.57    283.000    280.092    -0.8196    -0.8191     0.0006    -0.8282    -0.8276     0.0006   2.797747   2.797721  -0.000024    34.3396    34.3386     7.2348    27.6114    27.6105    34.3390    27.6109    1449.05    1449.05    -0.8279  1028.9694    34.5067 0.0000e+00
      11023 312.578753  -62.18766  -58.04248      0.690    1447.57    284.000    281.081    -0.8202    -0.8193     0.0009    -0.8287    -0.8278     0.0009   2.797745   2.797775   0.000022    34.3392    34.3385     7.2293    27.6111    27.6105    34.3389    27.6109    1449.06    1449.07    -0.8285  1028.9742    34.5067 0.0000e+00
      11055 312.578768  -62.18765  -58.04246      0.723    1447.57    285.000    282.070    -0.8187    -0.8176     0.0011    -0.8273    -0.8263     0.0011   2.797927   2.797976   0.000055    34.3394    34.3389     7.2298    27.6112    27.6107    34.3391    27.6110    1449.09    1449.09    -0.8271  1028.9791    34.5069 0.0000e+00
      11079 312.578780  -62.18764  -58.04245      0.888    1447.57    286.000    283.059    -0.8183    -0.8172     0.0012    -0.8270    -0.8258     0.0012   2.798032   2.798070   0.000042    34.3396    34.3388     7.2269    27.6114    27.6107    34.3395    27.6113    1449.10    1449.11    -0.8267  1028.9841    34.5073 0.0000e+00
      11100 312.578790  -62.18764  -58.04244      1.055    1447.57    287.000    284.048    -0.8131    -0.8134    -0.0002    -0.8218    -0.8220    -0.0002   2.798590   2.798512  -0.000072    34.3394    34.3387     7.2319    27.6110    27.6104    34.3405    27.6119    1449.15    1449.14    -0.8216  1028.9895    34.5083 0.0000e+00
      11122 312.578801  -62.18764  -58.04242      1.123    1447.57    288.000    285.037    -0.8025    -0.8024     0.0001    -0.8113    -0.8111     0.0001   2.799611   2.799588  -0.000025    34.3407    34.3402     7.2326    27.6116    27.6112    34.3417    27.6124    1449.21    1449.21    -0.8110  1028.9946    34.5095 0.0000e+00
      11148 312.578813  -62.18764  -58.04240      1.023    1447.57    289.000    286.026    -0.7989    -0.7989     0.0000    -0.8077    -0.8077     0.0000   2.800083   2.800001  -0.000077    34.3425    34.3414     7.2380    27.6129    27.6121    34.3434    27.6136    1449.25    1449.25    -0.8075  1028.9998    34.5102 0.0000e+00
      11183 312.578830 -9.990e-29  -58.04239      0.739    1447.57    290.000    287.015    -0.7960    -0.7955     0.0005    -0.8049    -0.8043     0.0005   2.800550   2.800564   0.000007    34.3453    34.3448     7.2234    27.6151    27.6147    34.3458    27.6155    1449.28    1449.28    -0.8046  1029.0025    34.5078 0.0000e+00
      11222 312.578849 -9.990e-29  -58.04236      0.612    1447.57    291.000    288.004    -0.7980    -0.7975     0.0006    -0.8069    -0.8063     0.0006   2.800603   2.800583  -0.000019    34.3479    34.3469     7.1942    27.6172    27.6164    34.3482    27.6175    1449.29    1449.29    -0.8067  1029.0092    34.5102 0.0000e+00
      11256 312.578865  -62.18762  -58.04235      0.664    1447.57    292.000    288.993    -0.7993    -0.7984     0.0009    -0.8082    -0.8073     0.0009   2.800681   2.800676  -0.000009    34.3499    34.3488     7.1756    27.6190    27.6180    34.3501    27.6191    1449.30    1449.31    -0.8080  1029.0175    34.5145 0.0000e+00
      11283 312.578878  -62.18762  -58.04234      0.830    1447.57    293.000    289.982    -0.8002    -0.7991     0.0011    -0.8091    -0.8080     0.0011   2.800689   2.800686 5.8494e-07    34.3504    34.3491     7.1629    27.6194    27.6183    34.3505    27.6195    1449.32    1449.32    -0.8089  1029.0255    34.5184 0.0000e+00
