Pos-Processados/process_op42/operantar42_020.cnv
* Sea-Bird SBE 9 Data File:
* FileName = C:\Users\Hidrografia\Desktop\OPXLII\Brutos\OP42020.hdr
* Software Version Seasave V 7.26.7.107
* Temperature SN = 6502
* Conductivity SN = 4998
* Number of Bytes Per Scan = 37
* Number of Voltage Words = 4
* Number of Scans Averaged by the Deck Unit = 1
* NMEA Latitude = 62 08.28 S
* NMEA Longitude = 058 26.46 W
* NMEA UTC (Time) = Nov 07 2023 17:35:19
* NMEA baud rate = 4800
** H41
** NPOALTEMAXIMIANO
** NUMERO DA ESTACAO (XXX) 020
** LAT (XX XX.XX S/N) 62 08.46 S
** LONG (XXX XX.XX W/E) 058 26.12 W
** DATAHORA (dd/mm/aaaa hh:mm Z) 07/11/2023 1734Z
** PROFUNDIDADE (m) 423
** OPERADOR CT FILIPE LOPES
# nquan = 30
# nvalues = 745                         
# units = specified
# name 0 = scan: Scan Count
# name 1 = timeJ: Julian Days
# name 2 = latitude: Latitude [deg]
# name 3 = longitude: Longitude [deg]
# name 4 = dz/dtM: Descent Rate [m/s]
# name 5 = avgsvCM: Average Sound Velocity [Chen-Millero, m/s]
# name 6 = prDM: Pressure, Digiquartz [db]
# name 7 = depSM: Depth [salt water, m]
# name 8 = t090C: Temperature [ITS-90, deg C]
# name 9 = t190C: Temperature, 2 [ITS-90, deg C]
# name 10 = T2-T190C: Temperature Difference, 2 - 1 [ITS-90, deg C]
# name 11 = potemp090C: Potential Temperature [ITS-90, deg C]
# name 12 = potemp190C: Potential Temperature, 2 [ITS-90, deg C]
# name 13 = potemp90Cdiff: Potential Temperature, Diff, 2 - 1 [ITS-90, deg C]
# name 14 = c0S/m: Conductivity [S/m]
# name 15 = c1S/m: Conductivity, 2 [S/m]
# name 16 = C2-C1S/m: Conductivity Difference, 2 - 1 [S/m]
# name 17 = sal00: Salinity, Practical [PSU]
# name 18 = sal11: Salinity, Practical, 2 [PSU]
# name 19 = sbeox0ML/L: Oxygen, SBE 43 [ml/l]
# name 20 = sigma-é00: Density [sigma-theta, kg/m^3]
# name 21 = sigma-é11: Density, 2 [sigma-theta, kg/m^3]
# name 22 = sal00: Salinity, Practical [PSU]
# name 23 = sigma-é00: Density [sigma-theta, kg/m^3]
# name 24 = svCM: Sound Velocity [Chen-Millero, m/s]
# name 25 = svCM1: Sound Velocity, 2 [Chen-Millero, m/s]
# name 26 = gsw_ptA0: potential temperature [ITS-90, deg C]
# name 27 = gsw_densityA0: density, TEOS-10 [density, kg/m^3]
# name 28 = gsw_saA0: Absolute Salinity [g/kg]
# name 29 = flag:
# span 0 =       7172,      29750       
# span 1 = 311.736317, 311.747206       
# span 2 =  -62.14048,  -62.13878       
# span 3 =  -58.44190,  -58.44100       
# span 4 =     -1.150,      1.167       
# span 5 =       0.00,    1448.49       
# span 6 =      3.000,    375.000       
# span 7 =      2.969,    371.064       
# span 8 =    -0.8345,    -0.4525       
# span 9 =    -0.8341,    -0.4542       
# span 10 =    -0.0282,     0.0126      
# span 11 =    -0.8390,    -0.4654      
# span 12 =    -0.8386,    -0.4670      
# span 13 =    -0.0282,     0.0126      
# span 14 =   2.788274,   2.839313      
# span 15 =   2.788274,   2.839083      
# span 16 =  -0.002443,   0.000941      
# span 17 =    34.2743,    34.4268      
# span 18 =    34.2778,    34.4258      
# span 19 =     6.5095,     7.7408      
# span 20 =    27.5447,    27.6663      
# span 21 =    27.5471,    27.6656      
# span 22 =    34.2761,    34.4274      
# span 23 =    27.5462,    27.6668      
# span 24 =    1445.53,    1452.37      
# span 25 =    1445.52,    1452.36      
# span 26 =    -0.8388,    -0.4651      
# span 27 =  1027.5669,  1029.4568      
# span 28 =    34.4414,    34.5957      
# span 29 = 0.0000e+00, 0.0000e+00      
# interval = decibars: 1                
# start_time = Nov 07 2023 17:35:19 [NMEA time, header]
# bad_flag = -9.990e-29
*END*
[from data line 484]
      21692 311.743319  -62.13982  -58.44160     -0.845    1448.48    263.000    260.311    -0.7062    -0.7057     0.0005    -0.7143    -0.7139     0.0005   2.807484   2.807441  -0.000041    34.3544    34.3533     7.0950    27.6187    27.6178    34.3541    27.6184    1449.27    1449.27    -0.7142  1028.8806    34.5218 0.0000e+00
      21716 311.743331  -62.13982  -58.44160     -0.950    1448.48    262.000    259.322    -0.7072    -0.7078    -0.0006    -0.7153    -0.7159    -0.0006   2.807273   2.807131  -0.000145    34.3536    34.3523     7.0913    27.6181    27.6171    34.3530    27.6176    1449.25    1449.25    -0.7151  1028.8750    34.5207 0.0000e+00
      21740 311.743343  -62.13982  -58.44160     -0.985    1448.48    261.000    258.333    -0.7091    -0.7088     0.0002    -0.7171    -0.7169     0.0002   2.807026   2.806954  -0.000072    34.3528    34.3516     7.0758    27.6175    27.6165    34.3524    27.6172    1449.23    1449.23    -0.7170  1028.8698    34.5201 0.0000e+00
      21766 311.743355  -62.13982  -58.44160     -0.950    1448.48    260.000    257.343    -0.7099    -0.7101    -0.0003    -0.7179    -0.7182    -0.0003   2.806885   2.806746  -0.000138    34.3525    34.3509     7.0781    27.6173    27.6160    34.3520    27.6169    1449.20    1449.20    -0.7177  1028.8648    34.5197 0.0000e+00
      21793 311.743368  -62.13983  -58.44160     -0.906    1448.48    259.000    256.355    -0.7109    -0.7112    -0.0004    -0.7189    -0.7192    -0.0004   2.806710   2.806567  -0.000147    34.3518    34.3502     7.0765    27.6167    27.6155    34.3514    27.6165    1449.18    1449.18    -0.7187  1028.8596    34.5191 0.0000e+00
      21819 311.743380  -62.13984  -58.44160     -0.915    1448.48    258.000    255.365    -0.7119    -0.7114     0.0005    -0.7199    -0.7194     0.0005   2.806548   2.806503  -0.000049    34.3513    34.3501     7.0730    27.6165    27.6154    34.3510    27.6162    1449.16    1449.16    -0.7197  1028.8545    34.5187 0.0000e+00
      21843 311.743392  -62.13984  -58.44160     -0.963    1448.48    257.000    254.376    -0.7117    -0.7110     0.0007    -0.7197    -0.7189     0.0007   2.806547   2.806530  -0.000026    34.3516    34.3505     7.0820    27.6167    27.6157    34.3514    27.6165    1449.15    1449.15    -0.7195  1028.8501    34.5191 0.0000e+00
      21869 311.743405  -62.13984  -58.44160     -0.957    1448.48    256.000    253.387    -0.7116    -0.7105     0.0011    -0.7195    -0.7184     0.0011   2.806525   2.806537   0.000014    34.3517    34.3507     7.0979    27.6167    27.6159    34.3516    27.6166    1449.13    1449.13    -0.7193  1028.8455    34.5193 0.0000e+00
      21896 311.743418  -62.13984  -58.44160     -0.905    1448.48    255.000    252.397    -0.7114    -0.7104     0.0010    -0.7193    -0.7183     0.0010   2.806497   2.806507   0.000008    34.3518    34.3508     7.1053    27.6168    27.6159    34.3516    27.6167    1449.12    1449.12    -0.7191  1028.8407    34.5193 0.0000e+00
      21924 311.743431  -62.13984  -58.44162     -0.859    1448.48    254.000    251.409    -0.7113    -0.7103     0.0010    -0.7192    -0.7182     0.0010   2.806470   2.806473 -6.301e-07    34.3519    34.3508     7.1136    27.6169    27.6159    34.3517    27.6167    1449.10    1449.10    -0.7190  1028.8360    34.5194 0.0000e+00
      21948 311.743443  -62.13984  -58.44162     -0.923    1448.48    253.000    250.419    -0.7110    -0.7100     0.0009    -0.7188    -0.7178     0.0009   2.806459   2.806463   0.000004    34.3519    34.3508     7.1081    27.6168    27.6159    34.3518    27.6168    1449.09    1449.09    -0.7186  1028.8313    34.5195 0.0000e+00
      21972 311.743454  -62.13984  -58.44162     -1.008    1448.48    252.000    249.430    -0.7109    -0.7100     0.0009    -0.7187    -0.7177     0.0009   2.806438   2.806431  -0.000011    34.3522    34.3510     7.1009    27.6171    27.6161    34.3521    27.6170    1449.07    1449.07    -0.7185  1028.8267    34.5197 0.0000e+00
      21995 311.743466  -62.13984  -58.44162     -1.035    1448.48    251.000    248.441    -0.7109    -0.7098     0.0010    -0.7186    -0.7176     0.0010   2.806410   2.806421   0.000007    34.3523    34.3513     7.1032    27.6172    27.6163    34.3523    27.6172    1449.05    1449.06    -0.7185  1028.8221    34.5199 0.0000e+00
      22028 311.743481  -62.13984  -58.44162     -0.816    1448.48    250.000    247.452    -0.7106    -0.7097     0.0009    -0.7183    -0.7175     0.0009   2.806375   2.806389   0.000015    34.3522    34.3514     7.1027    27.6171    27.6164    34.3521    27.6170    1449.04    1449.04    -0.7181  1028.8172    34.5198 0.0000e+00
      22063 311.743498  -62.13984  -58.44162     -0.671    1448.48    249.000    246.463    -0.7105    -0.7098     0.0007    -0.7182    -0.7175     0.0007   2.806346   2.806330  -0.000016    34.3523    34.3513     7.0977    27.6172    27.6163    34.3523    27.6171    1449.02    1449.03    -0.7180  1028.8125    34.5199 0.0000e+00
      22093 311.743513  -62.13984  -58.44162     -0.757    1448.48    248.000    245.473    -0.7107    -0.7099     0.0008    -0.7183    -0.7176     0.0008   2.806290   2.806276  -0.000015    34.3524    34.3513     7.1000    27.6173    27.6163    34.3523    27.6172    1449.01    1449.01    -0.7182  1028.8079    34.5200 0.0000e+00
      22119 311.743525  -62.13984  -58.44162     -0.891    1448.48    247.000    244.484    -0.7109    -0.7099     0.0009    -0.7185    -0.7175     0.0009   2.806226   2.806213  -0.000016    34.3523    34.3511     7.1035    27.6172    27.6161    34.3522    27.6171    1448.99    1448.99    -0.7183  1028.8030    34.5199 0.0000e+00
      22145 311.743538  -62.13984  -58.44163     -0.932    1448.48    246.000    243.495    -0.7109    -0.7099     0.0009    -0.7184    -0.7175     0.0009   2.806182   2.806194   0.000012    34.3523    34.3514     7.0977    27.6171    27.6164    34.3523    27.6171    1448.97    1448.98    -0.7183  1028.7983    34.5199 0.0000e+00
      22173 311.743552  -62.13985  -58.44164     -0.868    1448.48    245.000    242.506    -0.7107    -0.7097     0.0010    -0.7182    -0.7173     0.0010   2.806163   2.806188   0.000025    34.3524    34.3516     7.1023    27.6173    27.6166    34.3524    27.6172    1448.96    1448.96    -0.7181  1028.7936    34.5200 0.0000e+00
      22204 311.743566  -62.13986  -58.44164     -0.801    1448.48    244.000    241.516    -0.7105    -0.7096     0.0008    -0.7180    -0.7172     0.0008   2.806156   2.806145  -0.000009    34.3527    34.3516     7.0967    27.6175    27.6166    34.3527    27.6175    1448.94    1448.95    -0.7178  1028.7890    34.5203 0.0000e+00
      22233 311.743580  -62.13986  -58.44164     -0.805    1448.48    243.000    240.527    -0.7105    -0.7098     0.0007    -0.7180    -0.7173     0.0007   2.806109   2.806075  -0.000030    34.3527    34.3516     7.0952    27.6175    27.6165    34.3527    27.6175    1448.93    1448.93    -0.7178  1028.7843    34.5203 0.0000e+00
      22260 311.743593  -62.13986  -58.44164     -0.870    1448.48    242.000    239.538    -0.7109    -0.7106     0.0003    -0.7183    -0.7180     0.0003   2.805997   2.805911  -0.000083    34.3524    34.3509     7.0966    27.6172    27.6160    34.3522    27.6171    1448.91    1448.91    -0.7182  1028.7791    34.5198 0.0000e+00
      22286 311.743606  -62.13986  -58.44164     -0.903    1448.48    241.000    238.549    -0.7115    -0.7111     0.0005    -0.7189    -0.7185     0.0005   2.805839   2.805786  -0.000055    34.3516    34.3503     7.0910    27.6166    27.6156    34.3514    27.6165    1448.89    1448.89    -0.7187  1028.7738    34.5190 0.0000e+00
      22314 311.743619  -62.13986  -58.44165     -0.877    1448.48    240.000    237.560    -0.7120    -0.7113     0.0007    -0.7194    -0.7187     0.0007   2.805738   2.805707  -0.000027    34.3513    34.3502     7.0859    27.6164    27.6154    34.3512    27.6164    1448.87    1448.87    -0.7192  1028.7689    34.5188 0.0000e+00
      22343 311.743633  -62.13986  -58.44166     -0.843    1448.48    239.000    236.570    -0.7122    -0.7124    -0.0002    -0.7196    -0.7198    -0.0002   2.805649   2.805477  -0.000169    34.3511    34.3491     7.0983    27.6162    27.6146    34.3509    27.6161    1448.85    1448.85    -0.7194  1028.7638    34.5185 0.0000e+00
      22371 311.743647  -62.13986  -58.44166     -0.845    1448.48    238.000    235.581    -0.7130    -0.7128     0.0001    -0.7203    -0.7201     0.0001   2.805474   2.805362  -0.000114    34.3502    34.3485     7.1136    27.6155    27.6141    34.3500    27.6154    1448.83    1448.83    -0.7201  1028.7584    34.5175 0.0000e+00
      22398 311.743660  -62.13986  -58.44166     -0.879    1448.48    237.000    234.592    -0.7135    -0.7130     0.0005    -0.7208    -0.7203     0.0005   2.805351   2.805293  -0.000057    34.3497    34.3483     7.1159    27.6151    27.6140    34.3496    27.6151    1448.81    1448.81    -0.7206  1028.7533    34.5171 0.0000e+00
      22423 311.743672  -62.13986  -58.44166     -0.933    1448.48    236.000    233.602    -0.7136    -0.7129     0.0007    -0.7209    -0.7201     0.0007   2.805286   2.805263  -0.000024    34.3495    34.3484     7.1120    27.6150    27.6140    34.3494    27.6149    1448.79    1448.80    -0.7207  1028.7484    34.5170 0.0000e+00
      22446 311.743683  -62.13986  -58.44166     -0.993    1448.48    235.000    232.613    -0.7137    -0.7128     0.0009    -0.7209    -0.7200     0.0009   2.805230   2.805242   0.000007    34.3495    34.3486     7.1034    27.6150    27.6142    34.3494    27.6149    1448.78    1448.78    -0.7207  1028.7436    34.5169 0.0000e+00
      22470 311.743694  -62.13986  -58.44166     -1.027    1448.48    234.000    231.624    -0.7138    -0.7137     0.0002    -0.7210    -0.7208     0.0002   2.805164   2.805045  -0.000114    34.3494    34.3477     7.1118    27.6149    27.6135    34.3492    27.6148    1448.76    1448.76    -0.7208  1028.7387    34.5167 0.0000e+00
      22493 311.743706  -62.13986  -58.44166     -1.026    1448.48    233.000    230.635    -0.7146    -0.7144     0.0002    -0.7218    -0.7215     0.0002   2.805010   2.804907  -0.000106    34.3489    34.3472     7.1185    27.6146    27.6132    34.3487    27.6144    1448.74    1448.74    -0.7216  1028.7335    34.5162 0.0000e+00
      22519 311.743718  -62.13986  -58.44166     -0.968    1448.48    232.000    229.645    -0.7150    -0.7147     0.0003    -0.7221    -0.7218     0.0003   2.804895   2.804826  -0.000061    34.3482    34.3470     7.1162    27.6140    27.6130    34.3482    27.6140    1448.72    1448.72    -0.7219  1028.7284    34.5157 0.0000e+00
      22548 311.743732  -62.13986  -58.44168     -0.862    1448.48    231.000    228.656    -0.7156    -0.7151     0.0005    -0.7227    -0.7222     0.0005   2.804753   2.804706  -0.000056    34.3478    34.3465     7.1098    27.6137    27.6126    34.3476    27.6135    1448.70    1448.70    -0.7225  1028.7232    34.5151 0.0000e+00
      22581 311.743748  -62.13986  -58.44168     -0.764    1448.48    230.000    227.666    -0.7161    -0.7151     0.0009    -0.7231    -0.7222     0.0009   2.804642   2.804645   0.000004    34.3473    34.3463     7.1151    27.6133    27.6125    34.3472    27.6132    1448.68    1448.68    -0.7230  1028.7181    34.5147 0.0000e+00
      22615 311.743764  -62.13988  -58.44168     -0.661    1448.48    229.000    226.677    -0.7168    -0.7159     0.0008    -0.7238    -0.7229     0.0008   2.804472   2.804475   0.000001    34.3465    34.3456     7.1271    27.6127    27.6119    34.3463    27.6125    1448.66    1448.66    -0.7236  1028.7126    34.5138 0.0000e+00
      22639 311.743776  -62.13988  -58.44168     -0.886    1448.48    228.000    225.688    -0.7168    -0.7168     0.0000    -0.7238    -0.7238     0.0000   2.804445   2.804251  -0.000166    34.3468    34.3445     7.1317    27.6129    27.6110    34.3466    27.6128    1448.64    1448.64    -0.7236  1028.7081    34.5141 0.0000e+00
      22662 311.743787  -62.13988  -58.44168     -1.023    1448.48    227.000    224.699    -0.7186    -0.7191    -0.0005    -0.7255    -0.7261    -0.0005   2.804089   2.803907  -0.000198    34.3450    34.3430     7.1426    27.6116    27.6099    34.3444    27.6111    1448.62    1448.61    -0.7254  1028.7017    34.5119 0.0000e+00
      22689 311.743800  -62.13988  -58.44168     -0.955    1448.48    226.000    223.709    -0.7210    -0.7213    -0.0003    -0.7279    -0.7282    -0.0003   2.803741   2.803573  -0.000158    34.3434    34.3416     7.1483    27.6104    27.6089    34.3431    27.6101    1448.59    1448.58    -0.7277  1028.6960    34.5105 0.0000e+00
      22721 311.743816  -62.13988  -58.44168     -0.793    1448.48    225.000    222.720    -0.7206    -0.7215    -0.0009    -0.7275    -0.7283    -0.0009   2.803756   2.803534  -0.000235    34.3436    34.3414     7.1379    27.6105    27.6088    34.3434    27.6104    1448.57    1448.57    -0.7273  1028.6915    34.5109 0.0000e+00
      22755 311.743832  -62.13988  -58.44168     -0.664    1448.48    224.000    221.731    -0.7229    -0.7208     0.0022    -0.7298    -0.7276     0.0022   2.803352   2.803548   0.000199    34.3417    34.3420     7.1495    27.6091    27.6092    34.3412    27.6087    1448.54    1448.55    -0.7296  1028.6850    34.5087 0.0000e+00
      22780 311.743844  -62.13988  -58.44170     -0.880    1448.48    223.000    220.741    -0.7234    -0.7230     0.0004    -0.7302    -0.7298     0.0004   2.803271   2.803218  -0.000058    34.3415    34.3404     7.1587    27.6089    27.6080    34.3413    27.6087    1448.53    1448.52    -0.7300  1028.6803    34.5087 0.0000e+00
      22807 311.743857  -62.13988  -58.44170     -0.923    1448.48    222.000    219.752    -0.7241    -0.7232     0.0009    -0.7309    -0.7300     0.0009   2.803141   2.803146   0.000011    34.3412    34.3403     7.1605    27.6087    27.6079    34.3409    27.6085    1448.50    1448.51    -0.7307  1028.6753    34.5084 0.0000e+00
      22834 311.743870  -62.13988  -58.44170     -0.891    1448.48    221.000    218.763    -0.7242    -0.7237     0.0005    -0.7309    -0.7304     0.0005   2.803103   2.803046  -0.000059    34.3414    34.3400     7.1745    27.6088    27.6077    34.3412    27.6087    1448.49    1448.49    -0.7308  1028.6707    34.5086 0.0000e+00
      22865 311.743885  -62.13988  -58.44170     -0.814    1448.48    220.000    217.773    -0.7243    -0.7238     0.0005    -0.7310    -0.7305     0.0005   2.803042   2.802994  -0.000049    34.3412    34.3400     7.1706    27.6087    27.6077    34.3411    27.6086    1448.47    1448.47    -0.7308  1028.6658    34.5085 0.0000e+00
      22898 311.743901  -62.13988  -58.44170     -0.738    1448.48    219.000    216.784    -0.7247    -0.7239     0.0008    -0.7313    -0.7305     0.0008   2.802945   2.802945  -0.000002    34.3410    34.3400     7.1788    27.6085    27.6077    34.3408    27.6084    1448.45    1448.45    -0.7312  1028.6609    34.5082 0.0000e+00
      22931 311.743917  -62.13988  -58.44172     -0.710    1448.48    218.000    215.794    -0.7245    -0.7238     0.0008    -0.7312    -0.7304     0.0008   2.802919   2.802896  -0.000023    34.3410    34.3398     7.1870    27.6086    27.6076    34.3409    27.6085    1448.44    1448.44    -0.7310  1028.6562    34.5083 0.0000e+00
      22959 311.743930  -62.13989  -58.44172     -0.807    1448.48    217.000    214.805    -0.7245    -0.7236     0.0009    -0.7311    -0.7302     0.0009   2.802876   2.802849  -0.000028    34.3410    34.3396     7.1879    27.6086    27.6074    34.3409    27.6084    1448.42    1448.42    -0.7309  1028.6514    34.5083 0.0000e+00
