Pos-Processados/process_op42/operantar42_002.cnv
* Sea-Bird SBE 9 Data File:
* FileName = C:\Users\Hidrografia\Desktop\OPXLII\Brutos\OP42002.hdr
* Software Version Seasave V 7.26.7.107
* Temperature SN = 6502
* Conductivity SN = 4998
* Number of Bytes Per Scan = 37
* Number of Voltage Words = 4
* Number of Scans Averaged by the Deck Unit = 1
* NMEA Latitude = 37 53.44 S
* NMEA Longitude = 051 46.15 W
* NMEA UTC (Time) = Oct 16 2023 08:29:02
* NMEA baud rate = 4800
** H41
** NPOALTEMAXIMIANO
** NUMERO DA ESTACAO (XXX) 002
** LAT (XX XX.XX S/N) 37 53.431 S
** LONG (XXX XX.XX W/E) 51 48.140 W
** DATAHORA (dd/mm/aaaa hh:mm Z) 16/10/2023 0828Z
** PROFUNDIDADE (m) 4384
** OPERADOR CT FILIPE LOPES
# nquan = 30
# nvalues = 2017                        
# units = specified
# name 0 = scan: Scan Count
# name 1 = timeJ: Julian Days
# name 2 = latitude: Latitude [deg]
# name 3 = longitude: Longitude [deg]
# name 4 = dz/dtM: Descent Rate [m/s]
# name 5 = avgsvCM: Average Sound Velocity [Chen-Millero, m/s]
# name 6 = prDM: Pressure, Digiquartz [db]
# name 7 = depSM: Depth [salt water, m]
# name 8 = t090C: Temperature [ITS-90, deg C]
# name 9 = t190C: Temperature, 2 [ITS-90, deg C]
# name 10 = T2-T190C: Temperature Difference, 2 - 1 [ITS-90, deg C]
# name 11 = potemp090C: Potential Temperature [ITS-90, deg C]
# name 12 = potemp190C: Potential Temperature, 2 [ITS-90, deg C]
# name 13 = potemp90Cdiff: Potential Temperature, Diff, 2 - 1 [ITS-90, deg C]
# name 14 = c0S/m: Conductivity [S/m]
# name 15 = c1S/m: Conductivity, 2 [S/m]
# name 16 = C2-C1S/m: Conductivity Difference, 2 - 1 [S/m]
# name 17 = sal00: Salinity, Practical [PSU]
# name 18 = sal11: Salinity, Practical, 2 [PSU]
# name 19 = sbeox0ML/L: Oxygen, SBE 43 [ml/l]
# name 20 = sigma-é00: Density [sigma-theta, kg/m^3]
# name 21 = sigma-é11: Density, 2 [sigma-theta, kg/m^3]
# name 22 = sal00: Salinity, Practical [PSU]
# name 23 = sigma-é00: Density [sigma-theta, kg/m^3]
# name 24 = svCM: Sound Velocity [Chen-Millero, m/s]
# name 25 = svCM1: Sound Velocity, 2 [Chen-Millero, m/s]
# name 26 = gsw_ptA0: potential temperature [ITS-90, deg C]
# name 27 = gsw_densityA0: density, TEOS-10 [density, kg/m^3]
# name 28 = gsw_saA0: Absolute Salinity [g/kg]
# name 29 = flag:
# span 0 =       6219,      72823       
# span 1 = 289.356494, 289.388614       
# span 2 =  -37.90592,  -37.89182       
# span 3 =  -51.78457,  -51.77083       
# span 4 =     -1.691,      1.612       
# span 5 =       0.00,    1518.61       
# span 6 =      1.000,   1011.000       
# span 7 =      1.002,   1001.013       
# span 8 =     4.6510,    18.1866       
# span 9 =     4.6531,    18.1874       
# span 10 =    -0.1296,     0.0709      
# span 11 =     4.5699,    18.1744      
# span 12 =     4.5720,    18.1752      
# span 13 =    -0.1294,     0.0705      
# span 14 =   3.290534,   4.757839      
# span 15 =   3.290670,   4.758249      
# span 16 =  -0.018331,   0.007334      
# span 17 =    34.1260,    36.2478      
# span 18 =    34.1256,    36.2497      
# span 19 =     4.4790,     6.2401      
# span 20 =    26.0947,    27.1001      
# span 21 =    26.1342,    27.0935      
# span 22 =    34.1265,    36.2480      
# span 23 =    26.1250,    27.0937      
# span 24 =    1482.68,    1519.30      
# span 25 =    1482.68,    1519.30      
# span 26 =     4.5697,    18.1744      
# span 27 =  1026.1334,  1031.7355      
# span 28 =    34.2889,    36.4191      
# span 29 = 0.0000e+00, 0.0000e+00      
# interval = decibars: 1                
# start_time = Oct 16 2023 08:29:02 [NMEA time, header]
# bad_flag = -9.990e-29
*END*
[from data line 919]
      33974 289.369879  -37.89718  -51.77710      0.765    1505.35    924.000    915.057     5.1762     5.1761    -0.0001     5.0989     5.0988    -0.0001   3.334447   3.334258  -0.000182    34.2194    34.2175     5.7041    27.0450    27.0434    34.2179    27.0437    1485.65    1485.65     5.0987  1031.2772    34.3812 0.0000e+00
      33998 289.369891  -37.89718  -51.77710      0.886    1505.35    925.000    916.045     5.1520     5.1524     0.0004     5.0748     5.0752     0.0004   3.332072   3.331865  -0.000208    34.2184    34.2156     5.7085    27.0470    27.0447    34.2148    27.0441    1485.57    1485.57     5.0746  1031.2826    34.3781 0.0000e+00
      34018 289.369900  -37.89718  -51.77710      1.074    1505.35    926.000    917.033     5.1173     5.1178     0.0005     5.0403     5.0408     0.0005   3.328661   3.328459  -0.000204    34.2152    34.2124     5.7131    27.0484    27.0461    34.2106    27.0447    1485.44    1485.44     5.0401  1031.2886    34.3739 0.0000e+00
      34037 289.369909  -37.89720  -51.77712      1.221    1505.35    927.000    918.021     5.0901     5.0904     0.0003     5.0132     5.0135     0.0003   3.325963   3.325773  -0.000197    34.2117    34.2091     5.7091    27.0487    27.0467    34.2069    27.0449    1485.34    1485.34     5.0130  1031.2940    34.3701 0.0000e+00
      34057 289.369919  -37.89720  -51.77712      1.260    1505.35    928.000    919.010     5.0765     5.0766     0.0002     4.9996     4.9997     0.0002   3.324580   3.324515  -0.000063    34.2078    34.2070     5.7050    27.0473    27.0465    34.2044    27.0445    1485.30    1485.30     4.9994  1031.2985    34.3676 0.0000e+00
      34082 289.369931  -37.89721  -51.77712      1.071    1505.35    929.000    919.998     5.0629     5.0627    -0.0001     4.9859     4.9858    -0.0001   3.323472   3.323190  -0.000230    34.2079    34.2054     5.7257    27.0488    27.0469    34.2051    27.0466    1485.26    1485.25     4.9858  1031.3054    34.3683 0.0000e+00
      34119 289.369949  -37.89722  -51.77714      0.684    1505.35    930.000    920.986     5.0512     5.0516     0.0004     4.9742     4.9746     0.0004   3.322789   3.322221  -0.000618    34.2120    34.2045     5.7578    27.0535    27.0475    34.2086    27.0508    1485.23    1485.22     4.9741  1031.3144    34.3719 0.0000e+00
      34150 289.369964  -37.89723  -51.77714      0.719    1505.35    931.000    921.974     5.0458     5.0468     0.0011     4.9688     4.9699     0.0010   3.321745   3.321793   0.000035    34.2037    34.2030     5.7751    27.0475    27.0468    34.2017    27.0459    1485.22    1485.22     4.9686  1031.3142    34.3649 0.0000e+00
      34175 289.369976  -37.89724  -51.77714      0.887    1505.35    932.000    922.962     5.0470     5.0476     0.0006     4.9700     4.9705     0.0006   3.321872   3.321937   0.000070    34.2031    34.2034     5.7778    27.0469    27.0471    34.2013    27.0455    1485.24    1485.24     4.9698  1031.3183    34.3646 0.0000e+00
      34200 289.369988  -37.89724  -51.77714      0.977    1505.35    933.000    923.950     5.0445     5.0451     0.0006     4.9674     4.9680     0.0006   3.321681   3.321737   0.000061    34.2032    34.2032     5.7810    27.0472    27.0472    34.2012    27.0457    1485.25    1485.25     4.9672  1031.3231    34.3645 0.0000e+00
      34223 289.369999  -37.89724  -51.77715      0.998    1505.35    934.000    924.938     5.0393     5.0398     0.0006     4.9621     4.9626     0.0006   3.321260   3.321276   0.000013    34.2032    34.2028     5.7884    27.0479    27.0475    34.2012    27.0463    1485.24    1485.24     4.9619  1031.3284    34.3645 0.0000e+00
      34245 289.370010  -37.89724  -51.77716      1.036    1505.35    935.000    925.926     5.0315     5.0321     0.0006     4.9542     4.9549     0.0006   3.320526   3.320516  -0.000014    34.2027    34.2019     5.7944    27.0484    27.0477    34.2003    27.0464    1485.22    1485.23     4.9540  1031.3333    34.3636 0.0000e+00
      34265 289.370019  -37.89724  -51.77716      1.139    1505.35    936.000    926.914     5.0233     5.0242     0.0009     4.9461     4.9469     0.0009   3.319740   3.319784   0.000045    34.2015    34.2011     5.7951    27.0484    27.0480    34.1991    27.0464    1485.20    1485.21     4.9458  1031.3380    34.3624 0.0000e+00
      34283 289.370028  -37.89724  -51.77716      1.259    1505.35    937.000    927.902     5.0171     5.0179     0.0008     4.9398     4.9406     0.0008   3.319178   3.319224   0.000048    34.2007    34.2005     5.7897    27.0485    27.0482    34.1985    27.0467    1485.20    1485.20     4.9396  1031.3430    34.3618 0.0000e+00
      34302 289.370037  -37.89726  -51.77716      1.293    1505.35    938.000    928.890     5.0084     5.0097     0.0012     4.9311     4.9323     0.0012   3.318377   3.318453   0.000061    34.2005    34.2000     5.7888    27.0493    27.0487    34.1976    27.0470    1485.18    1485.18     4.9309  1031.3480    34.3609 0.0000e+00
      34331 289.370051  -37.89726  -51.77717      1.007    1505.35    939.000    929.879     5.0008     5.0020     0.0012     4.9235     4.9247     0.0012   3.317770   3.317895   0.000133    34.1990    34.1993     5.7929    27.0490    27.0491    34.1979    27.0481    1485.16    1485.17     4.9233  1031.3538    34.3612 0.0000e+00
      34375 289.370072  -37.89727  -51.77718      0.483    1505.31    940.000    930.867     4.9983     4.9973    -0.0009     4.9208     4.9199    -0.0009   3.317532   3.317368  -0.000171    34.2000    34.1990     5.8056    27.0500    27.0493    34.1973    27.0479    1485.17    1485.16     4.9206  1031.3596    34.3623 0.0000e+00
      34402 289.370086 -9.990e-29 -9.990e-29      0.744 -9.990e-29    941.000    931.855     4.9930     4.9941     0.0011     4.9155     4.9166     0.0011   3.317079   3.317196   0.000111    34.1981    34.1983     5.8131    27.0492    27.0492    34.1969    27.0482    1485.16    1485.17     4.9153  1031.3653    34.3629 0.0000e+00
      34424 289.370096 -9.990e-29 -9.990e-29      0.994 -9.990e-29    942.000    932.843     4.9935     4.9939     0.0004     4.9159     4.9163     0.0004   3.317281   3.317392   0.000117    34.1992    34.2001     5.8044    27.0500    27.0506    34.1983    27.0492    1485.18    1485.19     4.9157  1031.3709    34.3643 0.0000e+00
      34445 289.370106 -9.990e-29 -9.990e-29      1.121 -9.990e-29    943.000    933.831     4.9911     4.9918     0.0006     4.9135     4.9141     0.0006   3.317185   3.317236   0.000056    34.2004    34.2004     5.7956    27.0512    27.0511    34.1991    27.0501    1485.19    1485.19     4.9132  1031.3764    34.3651 0.0000e+00
      34469 289.370118 -9.990e-29  -51.77720      1.093    1504.07    944.000    934.819     4.9879     4.9885     0.0006     4.9102     4.9108     0.0006   3.316959   3.316995   0.000042    34.2004    34.2003     5.7954    27.0516    27.0514    34.1993    27.0507    1485.19    1485.20     4.9100  1031.3814    34.3651 0.0000e+00
      34495 289.370130 -9.990e-29  -51.77720      0.950    1504.03    945.000    935.807     4.9844     4.9851     0.0006     4.9067     4.9073     0.0006   3.316696   3.316713   0.000015    34.2006    34.2001     5.7994    27.0521    27.0517    34.1993    27.0511    1485.20    1485.20     4.9064  1031.3863    34.3650 0.0000e+00
      34518 289.370141 -9.990e-29  -51.77720      0.956    1504.03    946.000    936.795     4.9718     4.9723     0.0006     4.8940     4.8946     0.0006   3.315634   3.315585  -0.000046    34.2019    34.2007     5.7917    27.0546    27.0536    34.1995    27.0527    1485.16    1485.16     4.8938  1031.3928    34.3652 0.0000e+00
      34537 289.370151 -9.990e-29  -51.77722      1.100    1504.03    947.000    937.783     4.9648     4.9653     0.0005     4.8870     4.8875     0.0004   3.315135   3.315181   0.000040    34.2018    34.2018     5.7879    27.0553    27.0552    34.2004    27.0542    1485.15    1485.15     4.8868  1031.3989    34.3661 0.0000e+00
      34555 289.370159 -9.990e-29  -51.77722      1.264    1504.03    948.000    938.771     4.9646     4.9656     0.0009     4.8867     4.8877     0.0009   3.315198   3.315309   0.000109    34.2018    34.2020     5.7829    27.0553    27.0554    34.2008    27.0545    1485.17    1485.17     4.8865  1031.4038    34.3665 0.0000e+00
      34573 289.370168 -9.990e-29  -51.77722      1.358    1504.03    949.000    939.759     4.9688     4.9694     0.0006     4.8908     4.8914     0.0006   3.315682   3.315798   0.000116    34.2021    34.2029     5.7861    27.0551    27.0556    34.2016    27.0547    1485.20    1485.20     4.8906  1031.4085    34.3674 0.0000e+00
      34595 289.370178 -9.990e-29  -51.77722      1.257    1504.03    950.000    940.747     4.9714     4.9723     0.0009     4.8932     4.8941     0.0009   3.316029   3.316146   0.000116    34.2028    34.2032     5.7776    27.0554    27.0556    34.2025    27.0552    1485.23    1485.23     4.8930  1031.4134    34.3682 0.0000e+00
      34635 289.370198 -9.990e-29  -51.77723      0.667    1504.03    951.000    941.736     4.9766     4.9768     0.0001     4.8984     4.8985     0.0001   3.316531   3.316598   0.000055    34.2021    34.2026     5.7557    27.0542    27.0546    34.2024    27.0545    1485.27    1485.27     4.8981  1031.4171    34.3682 0.0000e+00
      34674 289.370217  -37.89734  -51.77724      0.561    1504.03    952.000    942.723     5.0058     5.0074     0.0016     4.9272     4.9288     0.0016   3.319641   3.320091   0.000484    34.2057    34.2097     5.7480    27.0539    27.0568    34.2080    27.0556    1485.41    1485.42     4.9270  1031.4208    34.3721 0.0000e+00
      34697 289.370228  -37.89734  -51.77724      0.885    1504.03    953.000    943.711     5.0107     5.0114     0.0007     4.9320     4.9327     0.0007   3.320491   3.320577   0.000094    34.2115    34.2119     5.7529    27.0579    27.0581    34.2122    27.0584    1485.45    1485.46     4.9318  1031.4274    34.3756 0.0000e+00
      34716 289.370237  -37.89734  -51.77724      1.112    1504.03    954.000    944.699     5.0097     5.0103     0.0007     4.9309     4.9316     0.0007   3.320521   3.320594   0.000067    34.2125    34.2125     5.7543    27.0588    27.0588    34.2131    27.0593    1485.47    1485.47     4.9307  1031.4328    34.3765 0.0000e+00
      34735 289.370246  -37.89734  -51.77724      1.238    1504.03    955.000    945.687     5.0099     5.0107     0.0008     4.9310     4.9318     0.0008   3.320609   3.320699   0.000094    34.2131    34.2134     5.7378    27.0593    27.0594    34.2134    27.0595    1485.48    1485.49     4.9308  1031.4376    34.3769 0.0000e+00
      34756 289.370256  -37.89734  -51.77726      1.223    1504.03    956.000    946.675     5.0031     5.0036     0.0005     4.9242     4.9247     0.0005   3.320044   3.320000  -0.000027    34.2141    34.2134     5.7113    27.0609    27.0602    34.2133    27.0602    1485.47    1485.47     4.9240  1031.4429    34.3768 0.0000e+00
      34784 289.370270  -37.89736  -51.77726      0.968    1504.03    957.000    947.663     4.9849     4.9854     0.0005     4.9060     4.9066     0.0005   3.318557   3.318379  -0.000173    34.2153    34.2128     5.6878    27.0638    27.0618    34.2143    27.0630    1485.42    1485.41     4.9058  1031.4507    34.3777 0.0000e+00
      34818 289.370286  -37.89737  -51.77728      0.731    1504.03    958.000    948.651     4.9751     4.9755     0.0004     4.8962     4.8966     0.0004   3.317630   3.317485  -0.000157    34.2144    34.2122     5.6800    27.0643    27.0625    34.2131    27.0632    1485.39    1485.39     4.8960  1031.4557    34.3766 0.0000e+00
      34847 289.370300  -37.89738  -51.77728      0.777    1504.03    959.000    949.639     4.9601     4.9596    -0.0004     4.8812     4.8808    -0.0004   3.316134   3.315903  -0.000207    34.2133    34.2113     5.6904    27.0651    27.0636    34.2108    27.0631    1485.34    1485.34     4.8810  1031.4605    34.3743 0.0000e+00
      34873 289.370313  -37.89738  -51.77728      0.879    1504.03    960.000    950.627     4.9414     4.9414     0.0001     4.8626     4.8626     0.0001   3.314441   3.314238  -0.000220    34.2120    34.2094     5.6971    27.0662    27.0641    34.2099    27.0645    1485.28    1485.28     4.8624  1031.4669    34.3734 0.0000e+00
      34896 289.370324  -37.89738  -51.77728      0.991    1504.03    961.000    951.615     4.9297     4.9311     0.0014     4.8509     4.8522     0.0014   3.313200   3.313188  -0.000017    34.2098    34.2082     5.7016    27.0657    27.0643    34.2070    27.0635    1485.25    1485.25     4.8507  1031.4708    34.3705 0.0000e+00
      34917 289.370334  -37.89738  -51.77728      1.096    1504.03    962.000    952.603     4.9165     4.9174     0.0010     4.8377     4.8386     0.0010   3.311840   3.311857   0.000020    34.2077    34.2069     5.7012    27.0655    27.0648    34.2044    27.0630    1485.21    1485.21     4.8375  1031.4751    34.3679 0.0000e+00
      34937 289.370343  -37.89739  -51.77729      1.165    1504.03    963.000    953.591     4.9018     4.9026     0.0008     4.8230     4.8238     0.0008   3.310569   3.310477  -0.000095    34.2075    34.2056     5.7094    27.0671    27.0655    34.2043    27.0645    1485.16    1485.16     4.8228  1031.4816    34.3678 0.0000e+00
      34961 289.370355  -37.89740  -51.77730      1.100    1504.03    964.000    954.579     4.8901     4.8906     0.0005     4.8113     4.8118     0.0005   3.309493   3.309423  -0.000064    34.2059    34.2046     5.7216    27.0671    27.0660    34.2033    27.0651    1485.13    1485.13     4.8111  1031.4869    34.3668 0.0000e+00
      34994 289.370371  -37.89740  -51.77730      0.798    1504.03    965.000    955.567     4.8859     4.8858    -0.0002     4.8071     4.8069    -0.0002   3.309336   3.309151  -0.000190    34.2073    34.2053     5.7336    27.0687    27.0671    34.2053    27.0671    1485.13    1485.13     4.8068  1031.4936    34.3688 0.0000e+00
      35029 289.370388  -37.89740  -51.77731      0.657    1504.03    966.000    956.555     4.8771     4.8778     0.0007     4.7982     4.7989     0.0007   3.308389   3.308381  -0.000004    34.2054    34.2046     5.7405    27.0682    27.0675    34.2029    27.0662    1485.11    1485.11     4.7980  1031.4975    34.3664 0.0000e+00
      35058 289.370402  -37.89741  -51.77732      0.799    1504.03    967.000    957.543     4.8581     4.8584     0.0004     4.7793     4.7796     0.0004   3.306688   3.306539  -0.000150    34.2055    34.2033     5.7468    27.0704    27.0686    34.2022    27.0678    1485.05    1485.05     4.7790  1031.5041    34.3657 0.0000e+00
      35085 289.370415  -37.89742 -9.990e-29      0.865    1504.03    968.000    958.531     4.8523     4.8528     0.0005     4.7735     4.7740     0.0005   3.306119   3.306144   0.000027    34.2029    34.2027     5.7317    27.0690    27.0687    34.2011    27.0675    1485.04    1485.04     4.7732  1031.5087    34.3648 0.0000e+00
      35116 289.370430  -37.89742 -9.990e-29      0.810    1504.03    969.000    959.518     4.8419     4.8407    -0.0011     4.7630     4.7619    -0.0011   3.305151   3.304872  -0.000248    34.2032    34.2015     5.7314    27.0704    27.0691    34.2001    27.0679    1485.01    1485.00     4.7628  1031.5139    34.3639 0.0000e+00
      35148 289.370445  -37.89743 -9.990e-29      0.767    1504.03    970.000    960.501     4.8217     4.8216    -0.0001     4.7428     4.7428    -0.0000   3.303404   3.303141  -0.000283    34.2030    34.1998     5.7392    27.0725    27.0699    34.2001    27.0702    1484.95    1484.94     4.7426  1031.5212    34.3639 0.0000e+00
