Pos-Processados/process_op42/operantar42_053.cnv
* Sea-Bird SBE 9 Data File:
* FileName = C:\Users\Hidrografia\Desktop\OPXLII\Brutos\OP42053.hdr
* Software Version Seasave V 7.26.7.107
* Temperature SN = 6502
* Conductivity SN = 4998
* Number of Bytes Per Scan = 37
* Number of Voltage Words = 4
* Number of Scans Averaged by the Deck Unit = 1
* NMEA Latitude = 62 18.18 S
* NMEA Longitude = 058 13.23 W
* NMEA UTC (Time) = Nov 17 2023 02:11:25
* NMEA baud rate = 4800
** H41
** NPOALTEMAXIMIANO
** NUMERO DA ESTACAO (XXX) 053
** LAT (XX XX.XX S/N) 62 18.18 S
** LONG (XXX XX.XX W/E) 058 13.43 W
** DATAHORA (dd/mm/aaaa hh:mm Z) 17/11/2023 0204Z
** PROFUNDIDADE (m) 1485 m
** OPERADOR CT FILIPE LOPES
# nquan = 30
# nvalues = 2754                        
# units = specified
# name 0 = scan: Scan Count
# name 1 = timeJ: Julian Days
# name 2 = latitude: Latitude [deg]
# name 3 = longitude: Longitude [deg]
# name 4 = dz/dtM: Descent Rate [m/s]
# name 5 = avgsvCM: Average Sound Velocity [Chen-Millero, m/s]
# name 6 = prDM: Pressure, Digiquartz [db]
# name 7 = depSM: Depth [salt water, m]
# name 8 = t090C: Temperature [ITS-90, deg C]
# name 9 = t190C: Temperature, 2 [ITS-90, deg C]
# name 10 = T2-T190C: Temperature Difference, 2 - 1 [ITS-90, deg C]
# name 11 = potemp090C: Potential Temperature [ITS-90, deg C]
# name 12 = potemp190C: Potential Temperature, 2 [ITS-90, deg C]
# name 13 = potemp90Cdiff: Potential Temperature, Diff, 2 - 1 [ITS-90, deg C]
# name 14 = c0S/m: Conductivity [S/m]
# name 15 = c1S/m: Conductivity, 2 [S/m]
# name 16 = C2-C1S/m: Conductivity Difference, 2 - 1 [S/m]
# name 17 = sal00: Salinity, Practical [PSU]
# name 18 = sal11: Salinity, Practical, 2 [PSU]
# name 19 = sbeox0ML/L: Oxygen, SBE 43 [ml/l]
# name 20 = sigma-é00: Density [sigma-theta, kg/m^3]
# name 21 = sigma-é11: Density, 2 [sigma-theta, kg/m^3]
# name 22 = sal00: Salinity, Practical [PSU]
# name 23 = sigma-é00: Density [sigma-theta, kg/m^3]
# name 24 = svCM: Sound Velocity [Chen-Millero, m/s]
# name 25 = svCM1: Sound Velocity, 2 [Chen-Millero, m/s]
# name 26 = gsw_ptA0: potential temperature [ITS-90, deg C]
# name 27 = gsw_densityA0: density, TEOS-10 [density, kg/m^3]
# name 28 = gsw_saA0: Absolute Salinity [g/kg]
# name 29 = flag:
# span 0 =        456,      69847       
# span 1 = 321.091481, 321.124945       
# span 2 =  -62.30464,  -62.30282       
# span 3 =  -58.22043,  -58.21132       
# span 4 =     -1.306,      1.238       
# span 5 =       0.00,    1457.04       
# span 6 =      2.000,   1379.000       
# span 7 =      1.985,   1361.244       
# span 8 =    -1.3466,     0.6242       
# span 9 =    -1.3457,     0.6249       
# span 10 =    -0.0265,     0.0543      
# span 11 =    -1.3909,     0.5980      
# span 12 =    -1.3903,     0.5988      
# span 13 =    -0.0265,     0.0539      
# span 14 =   2.797170,   2.950904      
# span 15 =   2.797164,   2.950888      
# span 16 =  -0.002105,   0.004159      
# span 17 =    34.2582,    34.5753      
# span 18 =    34.2554,    34.5727      
# span 19 =     5.1220,     8.0100      
# span 20 =    27.5219,    27.7797      
# span 21 =    27.5217,    27.7787      
# span 22 =    34.2574,    34.5732      
# span 23 =    27.5217,    27.7796      
# span 24 =    1446.72,    1464.95      
# span 25 =    1446.76,    1464.95      
# span 26 =    -1.3898,     0.5982      
# span 27 =  1027.5392,  1034.3154      
# span 28 =    34.4228,    34.7428      
# span 29 = 0.0000e+00, 0.0000e+00      
# interval = decibars: 1                
# start_time = Nov 17 2023 02:11:25 [NMEA time, header]
# bad_flag = -9.990e-29
*END*
[from data line 2611]
      66370 321.123268  -62.30462  -58.21134     -1.251    1457.04    144.000    142.567    -0.6789    -0.6758     0.0031    -0.6832    -0.6801     0.0031   2.798886   2.798925   0.000094    34.2785    34.2763     7.6062    27.5560    27.5540    34.2802    27.5573    1447.36    1447.38    -0.6831  1028.2516    34.4470 0.0000e+00
      66390 321.123278  -62.30462  -58.21134     -1.203    1457.04    143.000    141.577    -0.6707    -0.6714    -0.0007    -0.6750    -0.6757    -0.0007   2.799382   2.799212  -0.000157    34.2772    34.2759     7.6026    27.5546    27.5535    34.2782    27.5553    1447.38    1447.38    -0.6749  1028.2448    34.4450 0.0000e+00
      66412 321.123288  -62.30462  -58.21134     -1.146    1457.04    142.000    140.588    -0.6683    -0.6706    -0.0023    -0.6725    -0.6748    -0.0023   2.799541   2.799273  -0.000295    34.2775    34.2761     7.6120    27.5546    27.5536    34.2783    27.5553    1447.38    1447.37    -0.6725  1028.2400    34.4450 0.0000e+00
      66434 321.123299  -62.30462  -58.21134     -1.102    1457.04    141.000    139.598    -0.6654    -0.6653     0.0001    -0.6696    -0.6695     0.0001   2.799767   2.799632  -0.000132    34.2773    34.2754     7.6116    27.5544    27.5528    34.2786    27.5554    1447.38    1447.38    -0.6695  1028.2353    34.4454 0.0000e+00
      66455 321.123309  -62.30462  -58.21134     -1.101    1457.04    140.000    138.608    -0.6606    -0.6621    -0.0015    -0.6648    -0.6663    -0.0015   2.800032   2.799843  -0.000203    34.2763    34.2753     7.6025    27.5534    27.5526    34.2774    27.5542    1447.38    1447.37    -0.6647  1028.2293    34.4441 0.0000e+00
      66476 321.123319  -62.30462  -58.21134     -1.144    1457.04    139.000    137.618    -0.6572    -0.6528     0.0044    -0.6614    -0.6570     0.0044   2.800283   2.800469   0.000199    34.2762    34.2739     7.6050    27.5531    27.5511    34.2776    27.5543    1447.38    1447.40    -0.6613  1028.2246    34.4444 0.0000e+00
      66495 321.123329  -62.30462  -58.21134     -1.194    1457.04    138.000    136.629    -0.6511    -0.6504     0.0007    -0.6553    -0.6546     0.0007   2.800668   2.800638  -0.000042    34.2753    34.2739     7.6080    27.5521    27.5510    34.2765    27.5531    1447.39    1447.40    -0.6552  1028.2186    34.4433 0.0000e+00
      66516 321.123339  -62.30462  -58.21134     -1.202    1457.04    137.000    135.639    -0.6495    -0.6491     0.0004    -0.6537    -0.6532     0.0004   2.800761   2.800666  -0.000075    34.2755    34.2739     7.6048    27.5522    27.5510    34.2766    27.5531    1447.38    1447.38    -0.6535  1028.2138    34.4433 0.0000e+00
      66537 321.123349  -62.30462  -58.21134     -1.160    1457.04    136.000    134.649    -0.6475    -0.6468     0.0007    -0.6516    -0.6510     0.0007   2.800830   2.800800  -0.000048    34.2751    34.2737     7.6102    27.5518    27.5507    34.2758    27.5524    1447.38    1447.38    -0.6515  1028.2084    34.4426 0.0000e+00
      66559 321.123359  -62.30462  -58.21134     -1.103    1457.04    135.000    133.659    -0.6474    -0.6459     0.0015    -0.6515    -0.6500     0.0015   2.800813   2.800832   0.000022    34.2751    34.2737     7.6122    27.5519    27.5507    34.2761    27.5526    1447.36    1447.37    -0.6514  1028.2038    34.4428 0.0000e+00
      66581 321.123370  -62.30462  -58.21134     -1.092    1457.04    134.000    132.670    -0.6463    -0.6445     0.0017    -0.6503    -0.6486     0.0017   2.800851   2.800882   0.000022    34.2752    34.2735     7.6120    27.5519    27.5504    34.2760    27.5525    1447.35    1447.36    -0.6502  1028.1988    34.4427 0.0000e+00
      66601 321.123380  -62.30462  -58.21134     -1.133    1457.04    133.000    131.680    -0.6453    -0.6440     0.0013    -0.6493    -0.6480     0.0013   2.800888   2.800867  -0.000011    34.2752    34.2736     7.6126    27.5518    27.5504    34.2759    27.5524    1447.34    1447.34    -0.6492  1028.1940    34.4426 0.0000e+00
      66621 321.123389  -62.30462  -58.21134     -1.184    1457.04    132.000    130.690    -0.6445    -0.6434     0.0011    -0.6484    -0.6474     0.0011   2.800884   2.800867  -0.000026    34.2750    34.2735     7.6098    27.5516    27.5503    34.2756    27.5521    1447.32    1447.33    -0.6484  1028.1888    34.4423 0.0000e+00
      66640 321.123399  -62.30462  -58.21134     -1.224    1457.04    131.000    129.700    -0.6438    -0.6432     0.0006    -0.6478    -0.6472     0.0006   2.800904   2.800838  -0.000060    34.2751    34.2736     7.6103    27.5517    27.5505    34.2757    27.5522    1447.31    1447.31    -0.6477  1028.1842    34.4424 0.0000e+00
      66660 321.123408  -62.30462  -58.21134     -1.238    1457.04    130.000    128.711    -0.6430    -0.6425     0.0005    -0.6469    -0.6464     0.0005   2.800913   2.800839  -0.000071    34.2750    34.2734     7.6175    27.5515    27.5502    34.2755    27.5520    1447.30    1447.30    -0.6468  1028.1792    34.4422 0.0000e+00
      66680 321.123418  -62.30462  -58.21134     -1.214    1457.04    129.000    127.721    -0.6424    -0.6416     0.0008    -0.6462    -0.6455     0.0008   2.800915   2.800865  -0.000050    34.2749    34.2733     7.6204    27.5514    27.5501    34.2755    27.5519    1447.29    1447.29    -0.6462  1028.1743    34.4422 0.0000e+00
      66701 321.123428  -62.30464  -58.21134     -1.163    1457.04    128.000    126.731    -0.6412    -0.6403     0.0008    -0.6450    -0.6442     0.0008   2.800939   2.800896  -0.000048    34.2745    34.2730     7.6220    27.5511    27.5498    34.2750    27.5515    1447.27    1447.28    -0.6450  1028.1691    34.4417 0.0000e+00
      66723 321.123438  -62.30464  -58.21134     -1.127    1457.04    127.000    125.741    -0.6399    -0.6387     0.0012    -0.6437    -0.6425     0.0012   2.800979   2.800970  -0.000010    34.2742    34.2727     7.6190    27.5508    27.5495    34.2748    27.5512    1447.26    1447.27    -0.6436  1028.1641    34.4414 0.0000e+00
      66743 321.123448  -62.30464  -58.21134     -1.138    1457.04    126.000    124.751    -0.6344    -0.6363    -0.0019    -0.6382    -0.6401    -0.0019   2.801410   2.801141  -0.000247    34.2735    34.2723     7.6176    27.5500    27.5491    34.2750    27.5512    1447.27    1447.26    -0.6381  1028.1592    34.4416 0.0000e+00
      66763 321.123458  -62.30464  -58.21134     -1.188    1457.04    125.000    123.761    -0.6262    -0.6235     0.0026    -0.6300    -0.6273     0.0026   2.802023   2.802062   0.000016    34.2731    34.2702     7.6186    27.5492    27.5468    34.2745    27.5504    1447.30    1447.30    -0.6299  1028.1537    34.4412 0.0000e+00
      66783 321.123467  -62.30464  -58.21134     -1.219    1457.04    124.000    122.772    -0.6191    -0.6193    -0.0002    -0.6228    -0.6230    -0.0002   2.802488   2.802337  -0.000140    34.2721    34.2705     7.6231    27.5482    27.5469    34.2734    27.5492    1447.31    1447.31    -0.6228  1028.1476    34.4400 0.0000e+00
      66804 321.123478  -62.30464  -58.21134     -1.179    1457.04    123.000    121.782    -0.6157    -0.6146     0.0012    -0.6195    -0.6183     0.0012   2.802747   2.802685  -0.000069    34.2723    34.2701     7.6251    27.5482    27.5463    34.2738    27.5494    1447.31    1447.31    -0.6194  1028.1430    34.4403 0.0000e+00
      66826 321.123488  -62.30464  -58.21134     -1.108    1457.04    122.000    120.792    -0.6113    -0.6115    -0.0002    -0.6150    -0.6152    -0.0002   2.803032   2.802878  -0.000143    34.2720    34.2703     7.6181    27.5477    27.5464    34.2732    27.5487    1447.31    1447.31    -0.6149  1028.1375    34.4398 0.0000e+00
      66848 321.123499  -62.30464  -58.21134     -1.071    1457.04    121.000    119.803    -0.6083    -0.6077     0.0006    -0.6119    -0.6113     0.0006   2.803247   2.803140  -0.000105    34.2720    34.2699     7.6247    27.5476    27.5459    34.2732    27.5486    1447.31    1447.31    -0.6119  1028.1326    34.4398 0.0000e+00
      66869 321.123509  -62.30464  -58.21134     -1.121    1457.04    120.000    118.813    -0.6064    -0.6049     0.0015    -0.6100    -0.6085     0.0015   2.803280   2.803312   0.000015    34.2714    34.2699     7.6207    27.5470    27.5457    34.2722    27.5477    1447.30    1447.31    -0.6099  1028.1269    34.4387 0.0000e+00
      66888 321.123518  -62.30464  -58.21132     -1.206    1457.04    119.000    117.823    -0.6046    -0.6033     0.0013    -0.6082    -0.6069     0.0013   2.803393   2.803396   0.000021    34.2711    34.2699     7.6190    27.5467    27.5457    34.2723    27.5477    1447.30    1447.30    -0.6081  1028.1221    34.4389 0.0000e+00
      66906 321.123527  -62.30463  -58.21132     -1.264    1457.04    118.000    116.833    -0.6028    -0.6020     0.0008    -0.6064    -0.6056     0.0008   2.803538   2.803447  -0.000097    34.2719    34.2697     7.6204    27.5473    27.5455    34.2729    27.5481    1447.29    1447.29    -0.6063  1028.1177    34.4394 0.0000e+00
      66926 321.123536  -62.30462  -58.21132     -1.278    1457.04    117.000    115.843    -0.5983    -0.5979     0.0004    -0.6018    -0.6014     0.0004   2.803800   2.803680  -0.000112    34.2707    34.2687     7.6225    27.5461    27.5445    34.2719    27.5471    1447.29    1447.29    -0.6018  1028.1119    34.4384 0.0000e+00
      66946 321.123546  -62.30462  -58.21132     -1.227    1457.04    116.000    114.853    -0.5968    -0.5964     0.0004    -0.6003    -0.5999     0.0004   2.803795   2.803738  -0.000067    34.2700    34.2686     7.6256    27.5454    27.5443    34.2708    27.5461    1447.28    1447.28    -0.6002  1028.1062    34.4373 0.0000e+00
      66968 321.123557  -62.30464  -58.21132     -1.146    1457.04    115.000    113.864    -0.5957    -0.5948     0.0009    -0.5992    -0.5983     0.0009   2.803838   2.803810  -0.000033    34.2697    34.2683     7.6289    27.5452    27.5440    34.2707    27.5460    1447.27    1447.27    -0.5991  1028.1012    34.4372 0.0000e+00
      66990 321.123567  -62.30464  -58.21134     -1.097    1457.04    114.000    112.873    -0.5934    -0.5915     0.0019    -0.5969    -0.5950     0.0019   2.803954   2.803970   0.000024    34.2693    34.2675     7.6325    27.5448    27.5432    34.2703    27.5456    1447.26    1447.27    -0.5968  1028.0961    34.4368 0.0000e+00
      67011 321.123577  -62.30464  -58.21134     -1.100    1457.04    113.000    111.884    -0.5910    -0.5896     0.0014    -0.5944    -0.5930     0.0014   2.804034   2.804035  -0.000008    34.2685    34.2668     7.6357    27.5440    27.5426    34.2692    27.5446    1447.26    1447.26    -0.5944  1028.0903    34.4357 0.0000e+00
      67032 321.123588  -62.30464  -58.21134     -1.120    1457.04    112.000    110.894    -0.5901    -0.5879     0.0022    -0.5935    -0.5913     0.0022   2.804045   2.804068   0.000018    34.2682    34.2660     7.6381    27.5438    27.5419    34.2690    27.5444    1447.24    1447.25    -0.5934  1028.0853    34.4355 0.0000e+00
      67053 321.123598  -62.30464  -58.21134     -1.145    1457.04    111.000    109.904    -0.5877    -0.5866     0.0011    -0.5911    -0.5900     0.0011   2.804131   2.804084  -0.000040    34.2673    34.2655     7.6381    27.5429    27.5414    34.2681    27.5435    1447.24    1447.24    -0.5910  1028.0797    34.4345 0.0000e+00
      67074 321.123608  -62.30464  -58.21134     -1.166    1457.04    110.000    108.914    -0.5861    -0.5859     0.0003    -0.5895    -0.5892     0.0003   2.804148   2.804088  -0.000066    34.2665    34.2653     7.6453    27.5422    27.5412    34.2671    27.5427    1447.23    1447.23    -0.5894  1028.0740    34.4336 0.0000e+00
      67095 321.123618  -62.30464  -58.21134     -1.161    1457.04    109.000    107.924    -0.5837    -0.5831     0.0005    -0.5870    -0.5864     0.0005   2.804434   2.804308  -0.000131    34.2671    34.2647     7.6493    27.5426    27.5406    34.2689    27.5440    1447.23    1447.23    -0.5869  1028.0705    34.4353 0.0000e+00
      67116 321.123628  -62.30464  -58.21134     -1.131    1457.04    108.000    106.934    -0.5722    -0.5671     0.0051    -0.5755    -0.5704     0.0051   2.805355   2.805538   0.000178    34.2670    34.2636     7.6463    27.5420    27.5390    34.2689    27.5435    1447.26    1447.28    -0.5754  1028.0652    34.4353 0.0000e+00
      67138 321.123639  -62.30464  -58.21134     -1.092    1457.04    107.000    105.945    -0.5596    -0.5574     0.0021    -0.5628    -0.5607     0.0021   2.806310   2.806268  -0.000012    34.2658    34.2633     7.6506    27.5405    27.5383    34.2680    27.5423    1447.30    1447.31    -0.5628  1028.0591    34.4344 0.0000e+00
      67160 321.123649  -62.30464  -58.21134     -1.098    1457.04    106.000    104.955    -0.5517    -0.5522    -0.0004    -0.5550    -0.5554    -0.0004   2.806799   2.806678  -0.000159    34.2650    34.2634     7.6603    27.5395    27.5381    34.2664    27.5406    1447.32    1447.32    -0.5549  1028.0526    34.4328 0.0000e+00
      67182 321.123660  -62.30464  -58.21134     -1.094    1457.04    105.000    103.965    -0.5463    -0.5366     0.0097    -0.5495    -0.5398     0.0097   2.807471   2.807949   0.000467    34.2669    34.2622     7.6683    27.5407    27.5365    34.2699    27.5432    1447.34    1447.37    -0.5494  1028.0504    34.4363 0.0000e+00
      67206 321.123671  -62.30464  -58.21132     -1.050    1457.04    104.000    102.975    -0.5337    -0.5253     0.0083    -0.5369    -0.5285     0.0083   2.808332   2.808896   0.000553    34.2652    34.2632     7.6743    27.5388    27.5368    34.2678    27.5409    1447.38    1447.41    -0.5368  1028.0433    34.4342 0.0000e+00
      67233 321.123684  -62.30464  -58.21132     -0.939    1457.04    103.000    101.985    -0.5134    -0.5148    -0.0014    -0.5166    -0.5180    -0.0014   2.809978   2.809711  -0.000267    34.2654    34.2634     7.6881    27.5381    27.5365    34.2677    27.5400    1447.45    1447.45    -0.5165  1028.0375    34.4341 0.0000e+00
      67262 321.123699  -62.30464  -58.21132     -0.838    1457.04    102.000    100.995    -0.5165    -0.5090     0.0075    -0.5196    -0.5122     0.0075   2.809664   2.810131   0.000478    34.2656    34.2636     7.7093    27.5384    27.5364    34.2676    27.5400    1447.42    1447.46    -0.5196  1028.0327    34.4339 0.0000e+00
      67289 321.123712  -62.30464  -58.21133     -0.852    1457.04    101.000    100.005    -0.5112    -0.5103     0.0008    -0.5143    -0.5135     0.0008   2.809988   2.809997   0.000006    34.2651    34.2642     7.7129    27.5377    27.5370    34.2665    27.5389    1447.43    1447.43    -0.5143  1028.0269    34.4328 0.0000e+00
      67313 321.123723  -62.30464  -58.21134     -0.950    1457.04    100.000     99.016    -0.5056    -0.5056     0.0000    -0.5087    -0.5087     0.0000   2.810513   2.810394  -0.000110    34.2657    34.2642     7.7182    27.5379    27.5367    34.2680    27.5398    1447.44    1447.44    -0.5086  1028.0230    34.4343 0.0000e+00
      67333 321.123733  -62.30464  -58.21134     -1.089    1457.04     99.000     98.025    -0.5019    -0.4980     0.0039    -0.5050    -0.5011     0.0039   2.810719   2.810934   0.000217    34.2653    34.2638     7.7169    27.5375    27.5361    34.2672    27.5390    1447.44    1447.46    -0.5049  1028.0173    34.4334 0.0000e+00
      67354 321.123743  -62.30464  -58.21134     -1.163    1457.04     98.000     97.036    -0.4978    -0.4968     0.0010    -0.5008    -0.4999     0.0010   2.811039   2.810982  -0.000051    34.2659    34.2641     7.7150    27.5378    27.5363    34.2674    27.5390    1447.45    1447.45    -0.5008  1028.0126    34.4337 0.0000e+00
