Pos-Processados/process_op42/operantar42_021.ros
* Sea-Bird SBE 9 Data File:
* FileName = C:\Users\Hidrografia\Desktop\OPXLII\Brutos\OP42021.hdr
* Software Version Seasave V 7.26.7.107
* Temperature SN = 6502
* Conductivity SN = 4998
* Number of Bytes Per Scan = 37
* Number of Voltage Words = 4
* Number of Scans Averaged by the Deck Unit = 1
* NMEA Latitude = 62 16.32 S
* NMEA Longitude = 058 25.69 W
* NMEA UTC (Time) = Nov 07 2023 20:05:24
* NMEA baud rate = 4800
** H41
** NPOALTEMAXIMIANO
** NUMERO DA ESTACAO (XXX) 021
** LAT (XX XX.XX S/N) 62 16.30 S
** LONG (XXX XX.XX W/E) 058 25.70 W
** DATAHORA (dd/mm/aaaa hh:mm Z) 07/11/2023 2004Z
** PROFUNDIDADE (m) 145
** OPERADOR CT FABIREZA
# nquan = 24
# nvalues = 4104                                  
# units = specified
# name 0 = scan: Scan Count
# name 1 = timeJ: Julian Days
# name 2 = latitude: Latitude [deg]
# name 3 = longitude: Longitude [deg]
# name 4 = dz/dtM: Descent Rate [m/s]
# name 5 = avgsvCM: Average Sound Velocity [Chen-Millero, m/s]
# name 6 = prDM: Pressure, Digiquartz [db]
# name 7 = depSM: Depth [salt water, m]
# name 8 = t090C: Temperature [ITS-90, deg C]
# name 9 = t190C: Temperature, 2 [ITS-90, deg C]
# name 10 = T2-T190C: Temperature Difference, 2 - 1 [ITS-90, deg C]
# name 11 = potemp090C: Potential Temperature [ITS-90, deg C]
# name 12 = potemp190C: Potential Temperature, 2 [ITS-90, deg C]
# name 13 = potemp90Cdiff: Potential Temperature, Diff, 2 - 1 [ITS-90, deg C]
# name 14 = c0S/m: Conductivity [S/m]
# name 15 = c1S/m: Conductivity, 2 [S/m]
# name 16 = C2-C1S/m: Conductivity Difference, 2 - 1 [S/m]
# name 17 = sal00: Salinity, Practical [PSU]
# name 18 = sal11: Salinity, Practical, 2 [PSU]
# name 19 = sbeox0ML/L: Oxygen, SBE 43 [ml/l]
# name 20 = sigma-é00: Density [sigma-theta, kg/m^3]
# name 21 = sigma-é11: Density, 2 [sigma-theta, kg/m^3]
# name 22 = nbf: Bottles Fired
# name 23 = flag:  0.000e+00
# interval = seconds: 0.0416667
# start_time = Nov 07 2023 20:05:24 [NMEA time, header]
# bad_flag = -9.990e-29
*END*
[from data line 2355]
      19835 311.846648  -62.27346  -58.41826     -0.018    1446.75      2.782      2.755    -0.5403    -0.5393     0.0009    -0.5404    -0.5394     0.0009   2.804283   2.804339   0.000056    34.2835    34.2831     7.5628    27.5537    27.5535         14  0.000e+00
      19836 311.846649  -62.27346  -58.41826     -0.005    1446.75      2.838      2.811    -0.5402    -0.5392     0.0009    -0.5403    -0.5393     0.0009   2.804283   2.804339   0.000056    34.2833    34.2830     7.5632    27.5536    27.5533         14  0.000e+00
      19837 311.846649  -62.27346  -58.41826      0.004    1446.75      2.782      2.755    -0.5401    -0.5395     0.0007    -0.5402    -0.5395     0.0007   2.804260   2.804322   0.000062    34.2830    34.2831     7.5636    27.5533    27.5534         14  0.000e+00
      19838 311.846650  -62.27346  -58.41826      0.017    1446.75      2.838      2.811    -0.5400    -0.5391     0.0009    -0.5400    -0.5391     0.0009   2.804254   2.804311   0.000057    34.2826    34.2824     7.5640    27.5531    27.5528         14  0.000e+00
      19839 311.846650  -62.27346  -58.41826      0.026    1446.75      2.838      2.811    -0.5400    -0.5389     0.0011    -0.5401    -0.5390     0.0011   2.804254   2.804350   0.000096    34.2827    34.2827     7.5644    27.5531    27.5531         14  0.000e+00
      19840 311.846651  -62.27346  -58.41826      0.042    1446.75      2.903      2.875    -0.5401    -0.5389     0.0012    -0.5402    -0.5390     0.0012   2.804294   2.804345   0.000051    34.2833    34.2826     7.5574    27.5536    27.5530         14  0.000e+00
      19841 311.846651  -62.27346  -58.41826      0.051    1446.75      2.838      2.811    -0.5400    -0.5387     0.0013    -0.5400    -0.5388     0.0013   2.804288   2.804373   0.000084    34.2831    34.2828     7.5567    27.5534    27.5532         14  0.000e+00
      19842 311.846652  -62.27346  -58.41826      0.054    1446.75      2.782      2.755    -0.5398    -0.5388     0.0011    -0.5399    -0.5388     0.0011   2.804300   2.804373   0.000073    34.2832    34.2829     7.5560    27.5535    27.5533         14  0.000e+00
      19843 311.846652  -62.27346  -58.41826      0.069    1446.75      2.959      2.931    -0.5398    -0.5391     0.0008    -0.5399    -0.5391     0.0008   2.804311   2.804367   0.000056    34.2832    34.2831     7.5620    27.5535    27.5534         14  0.000e+00
      19844 311.846653  -62.27346  -58.41824      0.081    1446.75      2.903      2.875    -0.5397    -0.5388     0.0009    -0.5398    -0.5388     0.0009   2.804311   2.804367   0.000056    34.2831    34.2828     7.5560    27.5534    27.5531         14  0.000e+00
      19845 311.846653  -62.27346  -58.41824      0.093    1446.75      2.903      2.875    -0.5397    -0.5391     0.0006    -0.5398    -0.5391     0.0006   2.804346   2.804345 -8.274e-07    34.2835    34.2828     7.5618    27.5538    27.5532         14  0.000e+00
      19846 311.846654  -62.27346  -58.41824      0.097    1446.75      2.838      2.811    -0.5400    -0.5388     0.0012    -0.5401    -0.5389     0.0012   2.804340   2.804339 -7.482e-07    34.2839    34.2825     7.5623    27.5541    27.5529         14  0.000e+00
      19847 311.846654  -62.27346  -58.41824      0.105    1446.75      2.903      2.875    -0.5401    -0.5391     0.0011    -0.5402    -0.5391     0.0011   2.804317   2.804356   0.000039    34.2836    34.2830     7.5629    27.5539    27.5533         14  0.000e+00
      19848 311.846655  -62.27346  -58.41824      0.113    1446.75      2.903      2.875    -0.5401    -0.5389     0.0012    -0.5402    -0.5390     0.0012   2.804288   2.804345   0.000056    34.2833    34.2826     7.5571    27.5536    27.5530         14  0.000e+00
      19849 311.846655  -62.27346  -58.41824      0.119    1446.75      2.903      2.875    -0.5403    -0.5389     0.0014    -0.5404    -0.5390     0.0014   2.804260   2.804339   0.000079    34.2831    34.2825     7.5631    27.5534    27.5529         14  0.000e+00
      19850 311.846656  -62.27346  -58.41824      0.129    1446.75      2.959      2.931    -0.5403    -0.5388     0.0015    -0.5404    -0.5389     0.0015   2.804271   2.804339   0.000068    34.2832    34.2824     7.5562    27.5535    27.5529         14  0.000e+00
      19851 311.846656  -62.27346  -58.41824      0.133    1446.75      2.951      2.923    -0.5404    -0.5392     0.0012    -0.5405    -0.5393     0.0012   2.804260   2.804339   0.000079    34.2832    34.2829     7.5622    27.5535    27.5533         14  0.000e+00
      19852 311.846657  -62.27346  -58.41824      0.139    1446.75      2.903      2.875    -0.5403    -0.5393     0.0009    -0.5404    -0.5394     0.0009   2.804311   2.804322   0.000011    34.2838    34.2828     7.5615    27.5540    27.5532         14  0.000e+00
      19853 311.846657  -62.27346  -58.41824      0.147    1446.75      2.959      2.931    -0.5408    -0.5392     0.0016    -0.5409    -0.5393     0.0016   2.804317   2.804333   0.000016    34.2844    34.2828     7.5622    27.5545    27.5532         14  0.000e+00
      19854 311.846658  -62.27346  -58.41824      0.151    1446.75      2.903      2.875    -0.5404    -0.5392     0.0012    -0.5405    -0.5393     0.0012   2.804346   2.804339  -0.000006    34.2844    34.2829     7.5625    27.5545    27.5533         14  0.000e+00
      19855 311.846658  -62.27346  -58.41824      0.154    1446.75      2.959      2.931    -0.5406    -0.5391     0.0015    -0.5407    -0.5392     0.0015   2.804260   2.804339   0.000079    34.2834    34.2828     7.5632    27.5537    27.5531         14  0.000e+00
      19856 311.846658  -62.27346  -58.41824      0.160    1446.75      2.959      2.931    -0.5406    -0.5393     0.0013    -0.5407    -0.5394     0.0013   2.804249   2.804322   0.000074    34.2833    34.2828     7.5563    27.5536    27.5532         14  0.000e+00
      19857 311.846659  -62.27346  -58.41824      0.159    1446.75      2.903      2.875    -0.5404    -0.5398     0.0006    -0.5405    -0.5399     0.0006   2.804254   2.804333   0.000079    34.2831    34.2835     7.5557    27.5535    27.5538         14  0.000e+00
      19858 311.846659  -62.27346  -58.41824      0.160    1446.75      2.959      2.931    -0.5401    -0.5395     0.0006    -0.5402    -0.5396     0.0006   2.804271   2.804322   0.000051    34.2830    34.2830     7.5542    27.5534    27.5533         14  0.000e+00
      19859 311.846660  -62.27346  -58.41824      0.160    1446.75      2.959      2.931    -0.5401    -0.5396     0.0005    -0.5402    -0.5397     0.0005   2.804283   2.804294   0.000011    34.2832    34.2828     7.5537    27.5535    27.5532         14  0.000e+00
      19860 311.846660  -62.27346  -58.41824      0.164    1446.75      2.959      2.931    -0.5397    -0.5399    -0.0002    -0.5398    -0.5400    -0.0002   2.804363   2.804322  -0.000040    34.2837    34.2834     7.5531    27.5539    27.5537         14  0.000e+00
      19861 311.846661  -62.27346  -58.41824      0.163    1446.75      2.959      2.931    -0.5400    -0.5398     0.0001    -0.5400    -0.5399     0.0001   2.804306   2.804300  -0.000006    34.2833    34.2830     7.5592    27.5536    27.5534         14  0.000e+00
      19862 311.846661  -62.27346  -58.41824      0.158    1446.75      2.903      2.875    -0.5400    -0.5396     0.0003    -0.5400    -0.5397     0.0003   2.804340   2.804305  -0.000034    34.2838    34.2829     7.5587    27.5540    27.5533         14  0.000e+00
      19863 311.846662  -62.27346  -58.41824      0.156    1446.75      2.959      2.931    -0.5402    -0.5396     0.0005    -0.5403    -0.5397     0.0005   2.804323   2.804328   0.000005    34.2838    34.2832     7.5594    27.5540    27.5535         14  0.000e+00
      19864 311.846662  -62.27346  -58.41824      0.157    1446.75      2.959      2.931    -0.5398    -0.5393     0.0005    -0.5399    -0.5394     0.0005   2.804346   2.804339  -0.000006    34.2837    34.2830     7.5599    27.5539    27.5533         14  0.000e+00
      19865 311.846663  -62.27346  -58.41824      0.154    1446.75      2.959      2.931    -0.5400    -0.5392     0.0007    -0.5400    -0.5393     0.0007   2.804340   2.804339 -7.439e-07    34.2837    34.2829     7.5605    27.5539    27.5532         14  0.000e+00
      19866 311.846663  -62.27346  -58.41824      0.153    1446.75      2.959      2.931    -0.5398    -0.5392     0.0006    -0.5399    -0.5393     0.0006   2.804317   2.804356   0.000039    34.2833    34.2831     7.5611    27.5536    27.5534         14  0.000e+00
      19867 311.846664  -62.27346  -58.41824      0.148    1446.75      2.903      2.875    -0.5398    -0.5392     0.0006    -0.5399    -0.5393     0.0006   2.804346   2.804345 -8.273e-07    34.2837    34.2830     7.5616    27.5539    27.5533         14  0.000e+00
      19868 311.846664  -62.27346  -58.41824      0.146    1446.75      3.007      2.979    -0.5398    -0.5392     0.0006    -0.5399    -0.5393     0.0006   2.804380   2.804339  -0.000041    34.2841    34.2829     7.5623    27.5543    27.5532         14  0.000e+00
      19869 311.846665  -62.27346  -58.41824      0.144    1446.75      2.959      2.931    -0.5400    -0.5390     0.0010    -0.5400    -0.5391     0.0010   2.804391   2.804356  -0.000035    34.2844    34.2829     7.5629    27.5545    27.5532         14  0.000e+00
      19870 311.846665  -62.27346  -58.41824      0.134    1446.75      2.903      2.875    -0.5398    -0.5391     0.0008    -0.5399    -0.5391     0.0008   2.804368   2.804345  -0.000024    34.2840    34.2828     7.5634    27.5542    27.5532         14  0.000e+00
      19871 311.846666  -62.27346  -58.41824      0.130    1446.75      2.959      2.931    -0.5400    -0.5392     0.0007    -0.5400    -0.5393     0.0007   2.804397   2.804356  -0.000041    34.2845    34.2831     7.5513    27.5546    27.5534         14  0.000e+00
      19872 311.846666  -62.27346  -58.41824      0.123    1446.75      2.959      2.931    -0.5400    -0.5391     0.0009    -0.5400    -0.5391     0.0009   2.804397   2.804345  -0.000052    34.2845    34.2828     7.5436    27.5546    27.5531         14  0.000e+00
      19873 311.846667  -62.27346  -58.41824      0.118    1446.75      2.959      2.931    -0.5400    -0.5392     0.0008    -0.5401    -0.5393     0.0008   2.804368   2.804356  -0.000012    34.2842    34.2831     7.5541    27.5543    27.5534         14  0.000e+00
      19874 311.846667  -62.27346  -58.41824      0.116    1446.75      2.959      2.931    -0.5398    -0.5393     0.0005    -0.5399    -0.5394     0.0005   2.804443   2.804345  -0.000098    34.2850    34.2830     7.5602    27.5550    27.5534         14  0.000e+00
      19875 311.846668  -62.27346  -58.41824      0.111    1446.75      2.959      2.931    -0.5403    -0.5393     0.0009    -0.5404    -0.5394     0.0009   2.804448   2.804339  -0.000109    34.2856    34.2830     7.5612    27.5555    27.5534         14  0.000e+00
      19876 311.846668  -62.27346  -58.41824      0.104    1446.75      2.959      2.931    -0.5403    -0.5391     0.0012    -0.5404    -0.5391     0.0012   2.804443   2.804339  -0.000103    34.2855    34.2827     7.5620    27.5554    27.5531         14  0.000e+00
      19877 311.846669  -62.27346  -58.41824      0.098    1446.75      2.959      2.931    -0.5400    -0.5392     0.0008    -0.5401    -0.5393     0.0008   2.804403   2.804356  -0.000047    34.2846    34.2831     7.5628    27.5547    27.5534         14  0.000e+00
      19878 311.846669  -62.27346  -58.41824      0.090    1446.75      2.903      2.875    -0.5401    -0.5393     0.0008    -0.5402    -0.5394     0.0008   2.804346   2.804345 -8.294e-07    34.2840    34.2831     7.5637    27.5542    27.5534         14  0.000e+00
      19879 311.846670  -62.27346  -58.41824      0.083    1446.75      2.959      2.931    -0.5401    -0.5393     0.0008    -0.5402    -0.5394     0.0008   2.804374   2.804339  -0.000035    34.2844    34.2830     7.5646    27.5545    27.5534         14  0.000e+00
      19880 311.846670  -62.27346  -58.41824      0.078    1446.75      2.959      2.931    -0.5402    -0.5392     0.0009    -0.5403    -0.5393     0.0009   2.804391   2.804356  -0.000035    34.2847    34.2831     7.5644    27.5547    27.5534         14  0.000e+00
      19881 311.846671  -62.27346  -58.41824      0.077    1446.75      3.024      2.994    -0.5401    -0.5393     0.0008    -0.5402    -0.5394     0.0008   2.804346   2.804345 -8.288e-07    34.2840    34.2831     7.5642    27.5541    27.5534         14  0.000e+00
      19882 311.846671  -62.27346  -58.41824      0.071    1446.75      2.959      2.931    -0.5403    -0.5392     0.0011    -0.5404    -0.5393     0.0011   2.804391   2.804339  -0.000052    34.2848    34.2829     7.5638    27.5548    27.5532         14  0.000e+00
      19883 311.846671  -62.27346  -58.41824      0.064    1446.75      2.903      2.875    -0.5409    -0.5395     0.0015    -0.5410    -0.5396     0.0015   2.804397   2.804339  -0.000058    34.2856    34.2832     7.5646    27.5555    27.5535         14  0.000e+00
      19884 311.846672  -62.27346  -58.41824      0.062    1446.75      3.024      2.994    -0.5410    -0.5393     0.0017    -0.5411    -0.5394     0.0017   2.804306   2.804339   0.000033    34.2845    34.2830     7.5655    27.5546    27.5533         14  0.000e+00
      19885 311.846672  -62.27346  -58.41824      0.062    1446.75      3.024      2.994    -0.5407    -0.5393     0.0014    -0.5408    -0.5394     0.0014   2.804340   2.804356   0.000016    34.2846    34.2832     7.5662    27.5547    27.5535         14  0.000e+00
      19886 311.846673  -62.27346  -58.41824      0.054    1446.75      2.951      2.923    -0.5412    -0.5395     0.0017    -0.5413    -0.5396     0.0017   2.804323   2.804345   0.000022    34.2849    34.2833     7.5605    27.5550    27.5536         14  0.000e+00
      19887 311.846673  -62.27346  -58.41824      0.050    1446.75      2.959      2.931    -0.5413    -0.5393     0.0020    -0.5413    -0.5394     0.0020   2.804328   2.804356   0.000028    34.2851    34.2832     7.5667    27.5551    27.5535         14  0.000e+00
      19888 311.846674  -62.27346  -58.41824      0.049    1446.75      3.024      2.994    -0.5410    -0.5392     0.0018    -0.5411    -0.5393     0.0018   2.804374   2.804328  -0.000046    34.2854    34.2827     7.5610    27.5553    27.5531         14  0.000e+00
      19889 311.846674  -62.27346  -58.41824      0.051    1446.75      3.024      2.994    -0.5414    -0.5393     0.0020    -0.5415    -0.5394     0.0020   2.804346   2.804334  -0.000012    34.2854    34.2829     7.5662    27.5553    27.5533         14  0.000e+00
      19890 311.846675  -62.27346  -58.41824      0.046    1446.75      2.959      2.931    -0.5413    -0.5392     0.0020    -0.5413    -0.5393     0.0020   2.804334   2.804339   0.000005    34.2851    34.2829     7.5659    27.5551    27.5532         14  0.000e+00
      19891 311.846675  -62.27346  -58.41824      0.040    1446.75      3.024      2.994    -0.5412    -0.5395     0.0017    -0.5413    -0.5396     0.0017   2.804351   2.804322  -0.000029    34.2853    34.2830     7.5592    27.5552    27.5533         14  0.000e+00
      19892 311.846676  -62.27346  -58.41822      0.045    1446.75      3.024      2.994    -0.5412    -0.5393     0.0019    -0.5413    -0.5394     0.0019   2.804323   2.804334   0.000011    34.2849    34.2829     7.5589    27.5549    27.5532         14  0.000e+00
      19893 311.846676  -62.27346  -58.41822      0.047    1446.75      3.024      2.994    -0.5413    -0.5395     0.0017    -0.5414    -0.5396     0.0017   2.804386   2.804322  -0.000063    34.2858    34.2830     7.5576    27.5557    27.5533         14  0.000e+00
      19894 311.846677  -62.27346  -58.41822      0.047    1446.75      3.024      2.994    -0.5410    -0.5393     0.0017    -0.5411    -0.5394     0.0017   2.804334   2.804334 -6.683e-07    34.2848    34.2829     7.5573    27.5549    27.5533         14  0.000e+00
