Pos-Processados/process_op42/operantar42_052.ros
* Sea-Bird SBE 9 Data File:
* FileName = C:\Users\Hidrografia\Desktop\OPXLII\Brutos\OP42052.hdr
* Software Version Seasave V 7.26.7.107
* Temperature SN = 6502
* Conductivity SN = 4998
* Number of Bytes Per Scan = 37
* Number of Voltage Words = 4
* Number of Scans Averaged by the Deck Unit = 1
* NMEA Latitude = 62 08.45 S
* NMEA Longitude = 058 26.37 W
* NMEA UTC (Time) = Nov 10 2023 03:08:21
* NMEA baud rate = 4800
** H41
** NPOALTEMAXIMIANO
** NUMERO DA ESTACAO (XXX) 052
** LAT (XX XX.XX S/N) 62 08.443 S
** LONG (XXX XX.XX W/E) 058 26.408 W
** DATAHORA (dd/mm/aaaa hh:mm Z) 10/11/2023 0307Z
** PROFUNDIDADE (m) 424
** OPERADOR CT FABIREZA
# nquan = 24
# nvalues = 3908                                  
# units = specified
# name 0 = scan: Scan Count
# name 1 = timeJ: Julian Days
# name 2 = latitude: Latitude [deg]
# name 3 = longitude: Longitude [deg]
# name 4 = dz/dtM: Descent Rate [m/s]
# name 5 = avgsvCM: Average Sound Velocity [Chen-Millero, m/s]
# name 6 = prDM: Pressure, Digiquartz [db]
# name 7 = depSM: Depth [salt water, m]
# name 8 = t090C: Temperature [ITS-90, deg C]
# name 9 = t190C: Temperature, 2 [ITS-90, deg C]
# name 10 = T2-T190C: Temperature Difference, 2 - 1 [ITS-90, deg C]
# name 11 = potemp090C: Potential Temperature [ITS-90, deg C]
# name 12 = potemp190C: Potential Temperature, 2 [ITS-90, deg C]
# name 13 = potemp90Cdiff: Potential Temperature, Diff, 2 - 1 [ITS-90, deg C]
# name 14 = c0S/m: Conductivity [S/m]
# name 15 = c1S/m: Conductivity, 2 [S/m]
# name 16 = C2-C1S/m: Conductivity Difference, 2 - 1 [S/m]
# name 17 = sal00: Salinity, Practical [PSU]
# name 18 = sal11: Salinity, Practical, 2 [PSU]
# name 19 = sbeox0ML/L: Oxygen, SBE 43 [ml/l]
# name 20 = sigma-é00: Density [sigma-theta, kg/m^3]
# name 21 = sigma-é11: Density, 2 [sigma-theta, kg/m^3]
# name 22 = nbf: Bottles Fired
# name 23 = flag:  0.000e+00
# interval = seconds: 0.0416667
# start_time = Nov 10 2023 03:08:21 [NMEA time, header]
# bad_flag = -9.990e-29
*END*
[from data line 1087]
      27764 314.144187  -62.14550  -58.42762     -0.035    1448.28     55.578     55.037    -0.5836    -0.5838    -0.0002    -0.5853    -0.5855    -0.0002   2.802677   2.802645  -0.000032    34.2781    34.2779     7.6416    27.5514    27.5513          7  0.000e+00
      27765 314.144188  -62.14550  -58.42762     -0.035    1448.28     55.521     54.981    -0.5838    -0.5835     0.0003    -0.5855    -0.5852     0.0003   2.802694   2.802684  -0.000010    34.2786    34.2782     7.6424    27.5518    27.5514          7  0.000e+00
      27766 314.144188  -62.14550  -58.42762     -0.035    1448.28     55.578     55.037    -0.5838    -0.5835     0.0002    -0.5855    -0.5852     0.0002   2.802717   2.802667  -0.000050    34.2788    34.2779     7.6431    27.5520    27.5512          7  0.000e+00
      27767 314.144189  -62.14550  -58.42762     -0.032    1448.28     55.578     55.037    -0.5838    -0.5837     0.0001    -0.5855    -0.5854     0.0001   2.802728   2.802661  -0.000067    34.2791    34.2780     7.6428    27.5522    27.5513          7  0.000e+00
      27768 314.144189  -62.14550  -58.42762     -0.035    1448.28     55.521     54.981    -0.5833    -0.5834    -0.0000    -0.5850    -0.5850    -0.0000   2.802734   2.802661  -0.000072    34.2786    34.2777     7.6358    27.5518    27.5510          7  0.000e+00
      27769 314.144190  -62.14550  -58.42762     -0.039    1448.28     55.521     54.981    -0.5830    -0.5834    -0.0003    -0.5847    -0.5850    -0.0003   2.802734   2.802684  -0.000050    34.2783    34.2780     7.6418    27.5515    27.5513          7  0.000e+00
      27770 314.144190  -62.14550  -58.42762     -0.042    1448.28     55.521     54.981    -0.5832    -0.5834    -0.0002    -0.5848    -0.5850    -0.0002   2.802751   2.802667  -0.000084    34.2786    34.2777     7.6415    27.5518    27.5511          7  0.000e+00
      27771 314.144191  -62.14550  -58.42762     -0.038    1448.28     55.578     55.037    -0.5833    -0.5833     0.0001    -0.5850    -0.5849     0.0001   2.802739   2.802661  -0.000078    34.2786    34.2775     7.6358    27.5518    27.5509          7  0.000e+00
      27772 314.144191  -62.14550  -58.42762     -0.044    1448.28     55.521     54.981    -0.5837    -0.5837    -0.0000    -0.5853    -0.5854    -0.0000   2.802768   2.802639  -0.000129    34.2794    34.2777     7.6354    27.5525    27.5511          7  0.000e+00
      27773 314.144192  -62.14550  -58.42762     -0.036    1448.28     55.578     55.037    -0.5834    -0.5834     0.0001    -0.5851    -0.5850     0.0001   2.802762   2.802650  -0.000112    34.2791    34.2775     7.6416    27.5522    27.5509          7  0.000e+00
      27774 314.144192  -62.14550  -58.42762     -0.039    1448.28     55.521     54.981    -0.5834    -0.5835    -0.0002    -0.5851    -0.5852    -0.0002   2.802774   2.802639  -0.000135    34.2792    34.2775     7.6411    27.5523    27.5509          7  0.000e+00
      27775 314.144193  -62.14550  -58.42762     -0.038    1448.28     55.521     54.981    -0.5832    -0.5835    -0.0004    -0.5848    -0.5852    -0.0004   2.802842   2.802656  -0.000186    34.2799    34.2778     7.6407    27.5528    27.5511          7  0.000e+00
      27776 314.144193  -62.14550  -58.42762     -0.033    1448.28     55.578     55.037    -0.5830    -0.5835    -0.0006    -0.5847    -0.5852    -0.0006   2.802842   2.802639  -0.000203    34.2796    34.2775     7.6413    27.5526    27.5509          7  0.000e+00
      27777 314.144194  -62.14550  -58.42762     -0.031    1448.28     55.578     55.037    -0.5830    -0.5835    -0.0005    -0.5847    -0.5852    -0.0005   2.802819   2.802650  -0.000169    34.2794    34.2777     7.6420    27.5524    27.5510          7  0.000e+00
      27778 314.144194  -62.14550  -58.42762     -0.030    1448.28     55.578     55.037    -0.5834    -0.5837    -0.0003    -0.5851    -0.5854    -0.0003   2.802791   2.802661  -0.000129    34.2794    34.2780     7.6363    27.5525    27.5513          7  0.000e+00
      27779 314.144195  -62.14550  -58.42762     -0.028    1448.28     55.521     54.981    -0.5837    -0.5834     0.0003    -0.5853    -0.5850     0.0003   2.802842   2.802639  -0.000203    34.2804    34.2773     7.6348    27.5533    27.5508          7  0.000e+00
      27780 314.144195  -62.14550  -58.42762     -0.027    1448.28     55.578     55.037    -0.5839    -0.5837     0.0002    -0.5856    -0.5854     0.0002   2.802779   2.802633  -0.000146    34.2798    34.2776     7.6400    27.5528    27.5510          7  0.000e+00
      27781 314.144196  -62.14550  -58.42762     -0.028    1448.28     55.521     54.981    -0.5838    -0.5837     0.0001    -0.5855    -0.5854     0.0001   2.802774   2.802656  -0.000118    34.2797    34.2780     7.6341    27.5527    27.5513          7  0.000e+00
      27782 314.144196  -62.14550  -58.42762     -0.027    1448.28     55.578     55.037    -0.5833    -0.5834    -0.0000    -0.5850    -0.5850    -0.0000   2.802785   2.802661  -0.000124    34.2792    34.2776     7.6337    27.5523    27.5510          7  0.000e+00
      27783 314.144197  -62.14550  -58.42762     -0.021    1448.28     55.578     55.037    -0.5833    -0.5835    -0.0002    -0.5850    -0.5852    -0.0002   2.802785   2.802678  -0.000107    34.2792    34.2780     7.6399    27.5523    27.5513          7  0.000e+00
      27784 314.144197  -62.14550  -58.42762     -0.019    1448.28     55.578     55.037    -0.5832    -0.5837    -0.0005    -0.5849    -0.5854    -0.0005   2.802802   2.802650  -0.000152    34.2793    34.2779     7.6406    27.5524    27.5512          7  0.000e+00
      27785 314.144198  -62.14550  -58.42762     -0.019    1448.28     55.578     55.037    -0.5832    -0.5835    -0.0004    -0.5848    -0.5852    -0.0004   2.802791   2.802656  -0.000135    34.2791    34.2777     7.6413    27.5522    27.5511          7  0.000e+00
      27786 314.144198  -62.14550  -58.42762     -0.014    1448.28     55.521     54.981    -0.5832    -0.5834    -0.0002    -0.5849    -0.5850    -0.0002   2.802762   2.802661  -0.000101    34.2788    34.2777     7.6420    27.5520    27.5510          7  0.000e+00
      27787 314.144198  -62.14550  -58.42762     -0.015    1448.28     55.578     55.037    -0.5833    -0.5834    -0.0001    -0.5850    -0.5851    -0.0001   2.802717   2.802661  -0.000055    34.2783    34.2777     7.6364    27.5516    27.5510          7  0.000e+00
      27788 314.144199  -62.14552  -58.42760     -0.009    1448.28     55.578     55.037    -0.5834    -0.5831     0.0004    -0.5851    -0.5847     0.0004   2.802705   2.802684  -0.000021    34.2783    34.2776     7.6362    27.5515    27.5509          7  0.000e+00
      27789 314.144199  -62.14552  -58.42760     -0.007    1448.28     55.578     55.037    -0.5834    -0.5833     0.0001    -0.5851    -0.5849     0.0001   2.802682   2.802690   0.000007    34.2779    34.2779     7.6349    27.5512    27.5512          7  0.000e+00
      27790 314.144200  -62.14552  -58.42760     -0.001    1448.28     55.642     55.101    -0.5833    -0.5831     0.0003    -0.5850    -0.5847     0.0003   2.802734   2.802706  -0.000027    34.2785    34.2778     7.6347    27.5517    27.5512          7  0.000e+00
      27791 314.144200  -62.14552  -58.42760      0.001    1448.28     55.578     55.037    -0.5835    -0.5831     0.0004    -0.5852    -0.5847     0.0004   2.802694   2.802695   0.000001    34.2782    34.2777     7.6345    27.5515    27.5511          7  0.000e+00
      27792 314.144201  -62.14552  -58.42760      0.003    1448.28     55.578     55.037    -0.5836    -0.5831     0.0005    -0.5853    -0.5847     0.0005   2.802677   2.802706   0.000030    34.2781    34.2779     7.6344    27.5514    27.5512          7  0.000e+00
      27793 314.144201  -62.14552  -58.42760      0.006    1448.28     55.578     55.037    -0.5840    -0.5833     0.0008    -0.5857    -0.5849     0.0008   2.802677   2.802701   0.000024    34.2786    34.2780     7.6344    27.5518    27.5513          7  0.000e+00
      27794 314.144202  -62.14552  -58.42760      0.011    1448.28     55.642     55.101    -0.5839    -0.5830     0.0009    -0.5856    -0.5846     0.0009   2.802660   2.802712   0.000052    34.2782    34.2778     7.6333    27.5514    27.5511          7  0.000e+00
      27795 314.144202  -62.14552  -58.42760      0.015    1448.28     55.610     55.069    -0.5839    -0.5830     0.0009    -0.5856    -0.5846     0.0009   2.802705   2.802695  -0.000010    34.2788    34.2776     7.6321    27.5520    27.5509          7  0.000e+00
      27796 314.144203  -62.14552  -58.42760      0.021    1448.28     55.642     55.101    -0.5840    -0.5830     0.0011    -0.5857    -0.5846     0.0011   2.802671   2.802723   0.000052    34.2784    34.2779     7.6311    27.5517    27.5512          7  0.000e+00
      27797 314.144203  -62.14552  -58.42760      0.026    1448.28     55.642     55.101    -0.5839    -0.5830     0.0009    -0.5856    -0.5846     0.0009   2.802688   2.802706   0.000018    34.2785    34.2777     7.6299    27.5518    27.5510          8  0.000e+00
      27798 314.144204  -62.14552  -58.42760      0.028    1448.28     55.578     55.037    -0.5840    -0.5830     0.0011    -0.5857    -0.5846     0.0011   2.802682   2.802712   0.000030    34.2786    34.2778     7.6299    27.5518    27.5511          8  0.000e+00
      27799 314.144204  -62.14552  -58.42760      0.033    1448.28     55.642     55.101    -0.5842    -0.5831     0.0012    -0.5859    -0.5847     0.0012   2.802694   2.802695   0.000001    34.2790    34.2777     7.6300    27.5521    27.5510          8  0.000e+00
      27800 314.144205  -62.14552  -58.42760      0.034    1448.28     55.578     55.037    -0.5841    -0.5830     0.0012    -0.5858    -0.5846     0.0012   2.802722   2.802706  -0.000016    34.2793    34.2778     7.6299    27.5524    27.5511          8  0.000e+00
      27801 314.144205  -62.14552  -58.42760      0.043    1448.28     55.699     55.157    -0.5839    -0.5830     0.0009    -0.5856    -0.5846     0.0009   2.802751   2.802735  -0.000016    34.2794    34.2781     7.6290    27.5524    27.5513          8  0.000e+00
      27802 314.144206  -62.14552  -58.42760      0.044    1448.28     55.642     55.101    -0.5841    -0.5830     0.0011    -0.5857    -0.5846     0.0011   2.802717   2.802723   0.000007    34.2791    34.2779     7.6355    27.5522    27.5512          8  0.000e+00
      27803 314.144206  -62.14552  -58.42760      0.049    1448.28     55.699     55.157    -0.5843    -0.5830     0.0013    -0.5860    -0.5846     0.0013   2.802722   2.802701  -0.000022    34.2794    34.2776     7.6303    27.5525    27.5510          8  0.000e+00
      27804 314.144207  -62.14552  -58.42760      0.053    1448.28     55.642     55.101    -0.5844    -0.5831     0.0013    -0.5861    -0.5847     0.0013   2.802751   2.802729  -0.000022    34.2800    34.2782     7.6303    27.5529    27.5514          8  0.000e+00
      27805 314.144207  -62.14552  -58.42760      0.057    1448.28     55.642     55.101    -0.5845    -0.5830     0.0015    -0.5861    -0.5846     0.0015   2.802717   2.802740   0.000023    34.2796    34.2782     7.6295    27.5526    27.5514          8  0.000e+00
      27806 314.144208  -62.14552  -58.42760      0.060    1448.28     55.642     55.101    -0.5842    -0.5830     0.0013    -0.5859    -0.5846     0.0013   2.802740   2.802706  -0.000033    34.2796    34.2777     7.6285    27.5526    27.5510          8  0.000e+00
      27807 314.144208  -62.14552  -58.42760      0.064    1448.28     55.699     55.157    -0.5844    -0.5830     0.0015    -0.5861    -0.5846     0.0015   2.802757   2.802712  -0.000045    34.2800    34.2778     7.6277    27.5530    27.5511          8  0.000e+00
      27808 314.144209  -62.14552  -58.42760      0.067    1448.28     55.699     55.157    -0.5846    -0.5830     0.0017    -0.5863    -0.5846     0.0017   2.802717   2.802718 9.8586e-07    34.2797    34.2778     7.6268    27.5528    27.5511          8  0.000e+00
      27809 314.144209  -62.14552  -58.42760      0.073    1448.28     55.699     55.157    -0.5847    -0.5831     0.0016    -0.5864    -0.5847     0.0016   2.802682   2.802718   0.000035    34.2793    34.2780     7.6335    27.5524    27.5513          8  0.000e+00
      27810 314.144210  -62.14552  -58.42760      0.079    1448.28     55.699     55.157    -0.5849    -0.5831     0.0019    -0.5866    -0.5847     0.0019   2.802694   2.802695   0.000001    34.2797    34.2777     7.6283    27.5528    27.5510          8  0.000e+00
      27811 314.144210  -62.14552  -58.42760      0.078    1448.28     55.642     55.101    -0.5850    -0.5833     0.0017    -0.5867    -0.5849     0.0017   2.802682   2.802723   0.000041    34.2797    34.2783     7.6349    27.5527    27.5515          8  0.000e+00
      27812 314.144211  -62.14552  -58.42760      0.083    1448.28     55.763     55.221    -0.5851    -0.5831     0.0020    -0.5868    -0.5847     0.0020   2.802694   2.802706   0.000013    34.2799    34.2778     7.6298    27.5529    27.5511          8  0.000e+00
      27813 314.144211  -62.14552  -58.42760      0.088    1448.28     55.699     55.157    -0.5849    -0.5831     0.0018    -0.5865    -0.5847     0.0018   2.802682   2.802712   0.000030    34.2795    34.2779     7.6300    27.5526    27.5512          8  0.000e+00
      27814 314.144212  -62.14552  -58.42760      0.092    1448.28     55.763     55.221    -0.5850    -0.5835     0.0014    -0.5867    -0.5852     0.0014   2.802660   2.802718   0.000058    34.2793    34.2785     7.6304    27.5524    27.5517          8  0.000e+00
      27815 314.144212  -62.14552  -58.42760      0.096    1448.28     55.699     55.157    -0.5853    -0.5833     0.0020    -0.5869    -0.5849     0.0020   2.802654   2.802701   0.000047    34.2796    34.2779     7.6307    27.5527    27.5512          8  0.000e+00
      27816 314.144212  -62.14552  -58.42760      0.103    1448.28     55.763     55.221    -0.5852    -0.5834     0.0018    -0.5868    -0.5850     0.0018   2.802688   2.802690   0.000001    34.2799    34.2779     7.6312    27.5529    27.5512          8  0.000e+00
      27817 314.144213  -62.14552  -58.42760      0.103    1448.28     55.699     55.157    -0.5853    -0.5833     0.0020    -0.5869    -0.5849     0.0020   2.802643   2.802667   0.000025    34.2794    34.2775     7.6305    27.5525    27.5509          8  0.000e+00
      27818 314.144213  -62.14552  -58.42760      0.106    1448.28     55.763     55.221    -0.5850    -0.5833     0.0017    -0.5867    -0.5849     0.0017   2.802643   2.802684   0.000041    34.2791    34.2777     7.6309    27.5522    27.5510          8  0.000e+00
      27819 314.144214  -62.14552  -58.42760      0.108    1448.28     55.763     55.221    -0.5851    -0.5834     0.0017    -0.5868    -0.5850     0.0017   2.802631   2.802667   0.000036    34.2791    34.2776     7.6379    27.5522    27.5510          8  0.000e+00
      27820 314.144214  -62.14552  -58.42760      0.109    1448.28     55.699     55.157    -0.5852    -0.5835     0.0016    -0.5868    -0.5852     0.0016   2.802603   2.802678   0.000076    34.2788    34.2780     7.6318    27.5520    27.5513          8  0.000e+00
      27821 314.144215  -62.14552  -58.42760      0.111    1448.28     55.763     55.221    -0.5850    -0.5835     0.0014    -0.5867    -0.5852     0.0014   2.802597   2.802690   0.000093    34.2785    34.2781     7.6313    27.5517    27.5514          8  0.000e+00
      27822 314.144215  -62.14552  -58.42760      0.115    1448.28     55.763     55.221    -0.5851    -0.5837     0.0014    -0.5868    -0.5854     0.0014   2.802637   2.802673   0.000036    34.2791    34.2781     7.6317    27.5523    27.5514          8  0.000e+00
      27823 314.144216  -62.14552  -58.42760      0.118    1448.28     55.820     55.277    -0.5852    -0.5840     0.0011    -0.5868    -0.5857     0.0011   2.802643   2.802662   0.000019    34.2792    34.2782     7.6323    27.5524    27.5515          8  0.000e+00
