Pos-Processados/process_op42/operantar42_028.ros
* Sea-Bird SBE 9 Data File:
* FileName = C:\Users\Hidrografia\Desktop\OPXLII\Brutos\OP42028.hdr
* Software Version Seasave V 7.26.7.107
* Temperature SN = 6502
* Conductivity SN = 4998
* Number of Bytes Per Scan = 37
* Number of Voltage Words = 4
* Number of Scans Averaged by the Deck Unit = 1
* NMEA Latitude = 62 18.54 S
* NMEA Longitude = 058 32.92 W
* NMEA UTC (Time) = Nov 08 2023 22:59:21
* NMEA baud rate = 4800
** H41
** NPOALTEMAXIMIANO
** NUMERO DA ESTACAO (XXX) 028
** LAT (XX XX.XX S/N) 62 18.530 S
** LONG (XXX XX.XX W/E) 058 32.937 W
** DATAHORA (dd/mm/aaaa hh:mm Z) 08/11/2023 2258Z
** PROFUNDIDADE (m) 339
** OPERADOR CT FABIREZA
# nquan = 24
# nvalues = 4132                                  
# units = specified
# name 0 = scan: Scan Count
# name 1 = timeJ: Julian Days
# name 2 = latitude: Latitude [deg]
# name 3 = longitude: Longitude [deg]
# name 4 = dz/dtM: Descent Rate [m/s]
# name 5 = avgsvCM: Average Sound Velocity [Chen-Millero, m/s]
# name 6 = prDM: Pressure, Digiquartz [db]
# name 7 = depSM: Depth [salt water, m]
# name 8 = t090C: Temperature [ITS-90, deg C]
# name 9 = t190C: Temperature, 2 [ITS-90, deg C]
# name 10 = T2-T190C: Temperature Difference, 2 - 1 [ITS-90, deg C]
# name 11 = potemp090C: Potential Temperature [ITS-90, deg C]
# name 12 = potemp190C: Potential Temperature, 2 [ITS-90, deg C]
# name 13 = potemp90Cdiff: Potential Temperature, Diff, 2 - 1 [ITS-90, deg C]
# name 14 = c0S/m: Conductivity [S/m]
# name 15 = c1S/m: Conductivity, 2 [S/m]
# name 16 = C2-C1S/m: Conductivity Difference, 2 - 1 [S/m]
# name 17 = sal00: Salinity, Practical [PSU]
# name 18 = sal11: Salinity, Practical, 2 [PSU]
# name 19 = sbeox0ML/L: Oxygen, SBE 43 [ml/l]
# name 20 = sigma-é00: Density [sigma-theta, kg/m^3]
# name 21 = sigma-é11: Density, 2 [sigma-theta, kg/m^3]
# name 22 = nbf: Bottles Fired
# name 23 = flag:  0.000e+00
# interval = seconds: 0.0416667
# start_time = Nov 08 2023 22:59:21 [NMEA time, header]
# bad_flag = -9.990e-29
*END*
[from data line 2717]
      32427 312.973519  -62.31692  -58.54414     -0.130    1448.73      2.358      2.335    -0.5572    -0.5563     0.0009    -0.5572    -0.5563     0.0009   2.803895   2.803839  -0.000056    34.2976    34.2959     7.4623    27.5659    27.5645         17  0.000e+00
      32428 312.973520  -62.31692  -58.54414     -0.140    1448.73      2.358      2.335    -0.5572    -0.5565     0.0007    -0.5572    -0.5565     0.0007   2.803912   2.803816  -0.000096    34.2978    34.2957     7.4622    27.5661    27.5644         17  0.000e+00
      32429 312.973520  -62.31692  -58.54414     -0.157    1448.73      2.294      2.272    -0.5572    -0.5563     0.0009    -0.5572    -0.5563     0.0009   2.803889   2.803794  -0.000095    34.2976    34.2953     7.4622    27.5659    27.5640         17  0.000e+00
      32430 312.973521  -62.31692  -58.54414     -0.165    1448.73      2.358      2.335    -0.5572    -0.5566     0.0006    -0.5572    -0.5566     0.0006   2.803900   2.803788  -0.000112    34.2977    34.2955     7.4623    27.5660    27.5642         17  0.000e+00
      32431 312.973521  -62.31692  -58.54414     -0.174    1448.73      2.358      2.335    -0.5572    -0.5565     0.0007    -0.5572    -0.5565     0.0007   2.803912   2.803805  -0.000107    34.2978    34.2956     7.4622    27.5661    27.5643         17  0.000e+00
      32432 312.973522  -62.31692  -58.54414     -0.185    1448.73      2.294      2.272    -0.5573    -0.5565     0.0009    -0.5574    -0.5565     0.0009   2.803889   2.803811  -0.000078    34.2978    34.2957     7.4622    27.5661    27.5644         17  0.000e+00
      32433 312.973522  -62.31692  -58.54414     -0.192    1448.73      2.358      2.335    -0.5573    -0.5565     0.0009    -0.5574    -0.5565     0.0009   2.803866   2.803569  -0.000297    34.2974    34.2924     7.4623    27.5658    27.5617         17  0.000e+00
      32434 312.973523  -62.31692  -58.54414     -0.199    1448.73      2.358      2.335    -0.5573    -0.5565     0.0009    -0.5574    -0.5565     0.0009   2.803895   2.803496  -0.000399    34.2978    34.2914     7.4623    27.5661    27.5609         17  0.000e+00
      32435 312.973523  -62.31692  -58.54414     -0.204    1448.73      2.358      2.335    -0.5570    -0.5564     0.0006    -0.5571    -0.5565     0.0006   2.803889   2.803732  -0.000157    34.2973    34.2945     7.4622    27.5657    27.5634         17  0.000e+00
      32436 312.973524  -62.31692  -58.54414     -0.210    1448.73      2.358      2.335    -0.5572    -0.5563     0.0009    -0.5572    -0.5563     0.0009   2.803866   2.803794  -0.000072    34.2972    34.2952     7.4623    27.5656    27.5640         17  0.000e+00
      32437 312.973524  -62.31692  -58.54414     -0.211    1448.73      2.342      2.319    -0.5572    -0.5565     0.0007    -0.5572    -0.5565     0.0007   2.803878   2.803805  -0.000073    34.2974    34.2956     7.4623    27.5658    27.5643         17  0.000e+00
      32438 312.973525  -62.31692  -58.54414     -0.212    1448.73      2.358      2.335    -0.5570    -0.5563     0.0007    -0.5571    -0.5563     0.0007   2.803866   2.803811  -0.000056    34.2970    34.2955     7.4622    27.5655    27.5642         17  0.000e+00
      32439 312.973525  -62.31692  -58.54414     -0.216    1448.73      2.358      2.335    -0.5572    -0.5563     0.0009    -0.5572    -0.5563     0.0009   2.803878   2.803811  -0.000067    34.2974    34.2955     7.4623    27.5658    27.5642         17  0.000e+00
      32440 312.973526  -62.31692  -58.54414     -0.214    1448.73      2.358      2.335    -0.5572    -0.5566     0.0005    -0.5572    -0.5567     0.0005   2.803866   2.803827  -0.000039    34.2972    34.2961     7.4623    27.5656    27.5647         17  0.000e+00
      32441 312.973526  -62.31692  -58.54414     -0.216    1448.73      2.358      2.335    -0.5573    -0.5566     0.0008    -0.5574    -0.5566     0.0008   2.803918   2.803816  -0.000101    34.2981    34.2959     7.4623    27.5664    27.5645         17  0.000e+00
      32442 312.973527  -62.31692  -58.54414     -0.210    1448.73      2.414      2.391    -0.5572    -0.5563     0.0009    -0.5572    -0.5564     0.0009   2.803878   2.803811  -0.000067    34.2973    34.2954     7.4623    27.5657    27.5641         17  0.000e+00
      32443 312.973527  -62.31692  -58.54414     -0.207    1448.73      2.358      2.335    -0.5573    -0.5566     0.0007    -0.5574    -0.5567     0.0007   2.803838   2.803771  -0.000066    34.2970    34.2953     7.4623    27.5655    27.5641         17  0.000e+00
      32444 312.973528  -62.31692  -58.54414     -0.203    1448.73      2.358      2.335    -0.5573    -0.5565     0.0009    -0.5574    -0.5565     0.0009   2.803889   2.803794  -0.000095    34.2977    34.2954     7.4623    27.5660    27.5642         17  0.000e+00
      32445 312.973528  -62.31692  -58.54414     -0.195    1448.73      2.414      2.391    -0.5573    -0.5565     0.0009    -0.5574    -0.5565     0.0009   2.803849   2.803828  -0.000022    34.2972    34.2959     7.4624    27.5656    27.5645         17  0.000e+00
      32446 312.973529  -62.31692  -58.54414     -0.187    1448.73      2.358      2.335    -0.5572    -0.5565     0.0007    -0.5572    -0.5565     0.0007   2.803832   2.803816  -0.000016    34.2968    34.2957     7.4623    27.5653    27.5644         17  0.000e+00
      32447 312.973529  -62.31692  -58.54414     -0.174    1448.73      2.479      2.455    -0.5576    -0.5562     0.0014    -0.5577    -0.5563     0.0014   2.803849   2.803693  -0.000157    34.2974    34.2937     7.4625    27.5658    27.5628         17  0.000e+00
      32448 312.973530  -62.31692  -58.54414     -0.164    1448.73      2.406      2.383    -0.5570    -0.5566     0.0004    -0.5571    -0.5567     0.0004   2.803895   2.803709  -0.000185    34.2974    34.2945     7.4623    27.5658    27.5634         17  0.000e+00
      32449 312.973530  -62.31692  -58.54414     -0.154    1448.73      2.414      2.391    -0.5573    -0.5565     0.0009    -0.5574    -0.5565     0.0009   2.803912   2.803771  -0.000141    34.2980    34.2951     7.4623    27.5663    27.5639         17  0.000e+00
      32450 312.973531  -62.31692  -58.54414     -0.140    1448.73      2.414      2.391    -0.5574    -0.5565     0.0010    -0.5575    -0.5565     0.0010   2.803969   2.803822  -0.000147    34.2989    34.2958     7.4623    27.5670    27.5644         17  0.000e+00
      32451 312.973531  -62.31692  -58.54414     -0.128    1448.73      2.414      2.391    -0.5573    -0.5565     0.0009    -0.5574    -0.5565     0.0009   2.803872   2.803816  -0.000056    34.2975    34.2957     7.4624    27.5658    27.5644         17  0.000e+00
      32452 312.973532  -62.31692  -58.54414     -0.112    1448.73      2.479      2.455    -0.5573    -0.5563     0.0011    -0.5574    -0.5564     0.0011   2.803866   2.803811  -0.000056    34.2973    34.2954     7.4624    27.5657    27.5641         17  0.000e+00
      32453 312.973532  -62.31692  -58.54414     -0.099    1448.73      2.414      2.391    -0.5572    -0.5562     0.0009    -0.5572    -0.5563     0.0009   2.803883   2.803827  -0.000056    34.2974    34.2956     7.4623    27.5658    27.5643         17  0.000e+00
      32454 312.973533  -62.31692  -58.54414     -0.082    1448.73      2.479      2.455    -0.5573    -0.5565     0.0009    -0.5574    -0.5565     0.0009   2.803866   2.803799  -0.000067    34.2973    34.2954     7.4624    27.5657    27.5642         17  0.000e+00
      32455 312.973533  -62.31692  -58.54414     -0.064    1448.73      2.479      2.455    -0.5573    -0.5565     0.0009    -0.5574    -0.5565     0.0009   2.803878   2.803805  -0.000073    34.2975    34.2955     7.4624    27.5659    27.5642         17  0.000e+00
      32456 312.973533  -62.31692  -58.54414     -0.054    1448.73      2.414      2.391    -0.5573    -0.5563     0.0011    -0.5574    -0.5564     0.0011   2.803883   2.803811  -0.000073    34.2976    34.2954     7.4623    27.5660    27.5641         17  0.000e+00
      32457 312.973534  -62.31692  -58.54414     -0.040    1448.73      2.479      2.455    -0.5572    -0.5565     0.0007    -0.5572    -0.5565     0.0007   2.803866   2.803794  -0.000072    34.2971    34.2954     7.4624    27.5656    27.5641         17  0.000e+00
      32458 312.973534  -62.31692  -58.54414     -0.017    1448.73      2.535      2.511    -0.5573    -0.5565     0.0009    -0.5574    -0.5565     0.0009   2.803895   2.803805  -0.000090    34.2977    34.2955     7.4625    27.5660    27.5642         17  0.000e+00
      32459 312.973535  -62.31692  -58.54414     -0.006    1448.73      2.479      2.455    -0.5572    -0.5564     0.0008    -0.5572    -0.5565     0.0008   2.803912   2.803828  -0.000084    34.2978    34.2958     7.4624    27.5661    27.5644         17  0.000e+00
      32460 312.973535  -62.31692  -58.54414      0.012    1448.73      2.519      2.495    -0.5575    -0.5565     0.0010    -0.5576    -0.5565     0.0010   2.803912   2.803816  -0.000096    34.2981    34.2957     7.4625    27.5664    27.5643         17  0.000e+00
      32461 312.973536  -62.31692  -58.54414      0.027    1448.73      2.535      2.511    -0.5570    -0.5563     0.0007    -0.5571    -0.5564     0.0007   2.803872   2.803828  -0.000044    34.2970    34.2956     7.4624    27.5654    27.5643         17  0.000e+00
      32462 312.973536  -62.31692  -58.54414      0.042    1448.73      2.479      2.455    -0.5572    -0.5563     0.0009    -0.5572    -0.5564     0.0009   2.803861   2.803816  -0.000044    34.2971    34.2955     7.4624    27.5655    27.5642         17  0.000e+00
      32463 312.973537  -62.31692  -58.54414      0.054    1448.73      2.535      2.511    -0.5572    -0.5563     0.0009    -0.5572    -0.5564     0.0009   2.803935   2.803828  -0.000107    34.2980    34.2956     7.4624    27.5663    27.5643         17  0.000e+00
      32464 312.973537  -62.31692  -58.54414      0.066    1448.73      2.535      2.511    -0.5572    -0.5565     0.0007    -0.5572    -0.5565     0.0007   2.803900   2.803816  -0.000084    34.2976    34.2956     7.4624    27.5659    27.5643         17  0.000e+00
      32465 312.973538  -62.31692  -58.54414      0.074    1448.73      2.535      2.511    -0.5572    -0.5564     0.0008    -0.5572    -0.5565     0.0008   2.803900   2.803850  -0.000050    34.2976    34.2960     7.4624    27.5659    27.5646         17  0.000e+00
      32466 312.973538  -62.31692  -58.54414      0.089    1448.73      2.535      2.511    -0.5573    -0.5565     0.0009    -0.5574    -0.5565     0.0009   2.803929   2.803844  -0.000085    34.2982    34.2960     7.4624    27.5664    27.5646         17  0.000e+00
      32467 312.973539  -62.31692  -58.54414      0.096    1448.73      2.535      2.511    -0.5570    -0.5565     0.0005    -0.5571    -0.5565     0.0005   2.803895   2.803799  -0.000095    34.2973    34.2954     7.4624    27.5657    27.5641         17  0.000e+00
      32468 312.973539  -62.31694  -58.54414      0.107    1448.73      2.592      2.567    -0.5572    -0.5562     0.0010    -0.5572    -0.5562     0.0010   2.803923   2.803822  -0.000101    34.2978    34.2953     7.4625    27.5661    27.5641         17  0.000e+00
      32469 312.973540  -62.31694  -58.54414      0.114    1448.73      2.535      2.511    -0.5572    -0.5566     0.0005    -0.5572    -0.5567     0.0005   2.803895   2.803816  -0.000078    34.2975    34.2958     7.4624    27.5659    27.5645         17  0.000e+00
      32470 312.973540  -62.31694  -58.54414      0.120    1448.73      2.592      2.567    -0.5573    -0.5565     0.0009    -0.5574    -0.5565     0.0009   2.803901   2.803794  -0.000107    34.2977    34.2953     7.4625    27.5661    27.5640         17  0.000e+00
      32471 312.973541  -62.31694  -58.54414      0.126    1448.73      2.535      2.511    -0.5570    -0.5562     0.0008    -0.5571    -0.5563     0.0008   2.803912   2.803805  -0.000107    34.2975    34.2952     7.4624    27.5659    27.5640         17  0.000e+00
      32472 312.973541  -62.31694  -58.54414      0.131    1448.73      2.584      2.559    -0.5572    -0.5565     0.0007    -0.5572    -0.5565     0.0007   2.803929   2.803749  -0.000180    34.2979    34.2947     7.4625    27.5662    27.5636         17  0.000e+00
      32473 312.973542  -62.31694  -58.54414      0.136    1448.73      2.592      2.567    -0.5570    -0.5565     0.0005    -0.5571    -0.5565     0.0005   2.803895   2.803749  -0.000146    34.2973    34.2947     7.4625    27.5657    27.5636         17  0.000e+00
      32474 312.973542  -62.31694  -58.54414      0.139    1448.73      2.592      2.567    -0.5570    -0.5566     0.0004    -0.5571    -0.5567     0.0004   2.803900   2.803816  -0.000084    34.2973    34.2958     7.4688    27.5657    27.5645         17  0.000e+00
      32475 312.973543  -62.31694  -58.54414      0.140    1448.73      2.535      2.511    -0.5570    -0.5566     0.0004    -0.5571    -0.5567     0.0004   2.803912   2.803839  -0.000073    34.2975    34.2961     7.4698    27.5659    27.5647         17  0.000e+00
      32476 312.973543  -62.31694  -58.54414      0.143    1448.73      2.592      2.567    -0.5573    -0.5566     0.0007    -0.5574    -0.5567     0.0007   2.803912   2.803839  -0.000073    34.2979    34.2961     7.4644    27.5662    27.5647         17  0.000e+00
      32477 312.973544  -62.31694  -58.54414      0.150    1448.73      2.656      2.631    -0.5572    -0.5564     0.0008    -0.5572    -0.5565     0.0008   2.803872   2.803816  -0.000056    34.2971    34.2955     7.4644    27.5655    27.5642         17  0.000e+00
      32478 312.973544  -62.31694  -58.54414      0.148    1448.73      2.592      2.567    -0.5573    -0.5563     0.0011    -0.5574    -0.5564     0.0011   2.803935   2.803828  -0.000107    34.2982    34.2956     7.4642    27.5664    27.5642         17  0.000e+00
      32479 312.973545  -62.31694  -58.54414      0.149    1448.73      2.592      2.567    -0.5573    -0.5566     0.0007    -0.5574    -0.5567     0.0007   2.803861   2.803816  -0.000044    34.2972    34.2958     7.4642    27.5656    27.5645         17  0.000e+00
      32480 312.973545  -62.31694  -58.54414      0.150    1448.73      2.592      2.567    -0.5574    -0.5563     0.0012    -0.5575    -0.5564     0.0012   2.803889   2.803794  -0.000095    34.2977    34.2951     7.4641    27.5660    27.5639         17  0.000e+00
      32481 312.973546  -62.31694  -58.54414      0.146    1448.73      2.592      2.567    -0.5575    -0.5563     0.0012    -0.5576    -0.5564     0.0012   2.803889   2.803822  -0.000067    34.2978    34.2955     7.4704    27.5661    27.5642         17  0.000e+00
      32482 312.973546  -62.31694  -58.54414      0.146    1448.73      2.592      2.567    -0.5573    -0.5565     0.0009    -0.5574    -0.5565     0.0009   2.803901   2.803839  -0.000062    34.2977    34.2959     7.4713    27.5661    27.5645         17  0.000e+00
      32483 312.973546  -62.31694  -58.54414      0.148    1448.73      2.656      2.631    -0.5573    -0.5564     0.0009    -0.5574    -0.5565     0.0009   2.803872   2.803816  -0.000056    34.2973    34.2955     7.4658    27.5657    27.5642         17  0.000e+00
      32484 312.973547  -62.31694  -58.54414      0.146    1448.73      2.584      2.559    -0.5573    -0.5565     0.0009    -0.5574    -0.5565     0.0009   2.803895   2.803811  -0.000084    34.2977    34.2955     7.4656    27.5660    27.5642         17  0.000e+00
      32485 312.973547  -62.31694  -58.54414      0.144    1448.73      2.592      2.567    -0.5574    -0.5566     0.0008    -0.5575    -0.5567     0.0008   2.803849   2.803828  -0.000022    34.2972    34.2960     7.4655    27.5656    27.5646         17  0.000e+00
      32486 312.973548  -62.31694  -58.54414      0.143    1448.73      2.656      2.631    -0.5573    -0.5565     0.0009    -0.5574    -0.5565     0.0009   2.803849   2.803816  -0.000033    34.2970    34.2956     7.4653    27.5655    27.5643         17  0.000e+00
