Pos-Processados/process_op42/operantar42_039.cnv
* Sea-Bird SBE 9 Data File:
* FileName = C:\Users\Hidrografia\Desktop\OPXLII\Brutos\OP42039.hdr
* Software Version Seasave V 7.26.7.107
* Temperature SN = 6502
* Conductivity SN = 4998
* Number of Bytes Per Scan = 37
* Number of Voltage Words = 4
* Number of Scans Averaged by the Deck Unit = 1
* NMEA Latitude = 62 08.51 S
* NMEA Longitude = 058 26.65 W
* NMEA UTC (Time) = Nov 09 2023 14:12:29
* NMEA baud rate = 4800
** H41
** NPOALTEMAXIMIANO
** NUMERO DA ESTACAO (XXX) 039
** LAT (XX XX.XX S/N) 62 08.14 S
** LONG (XXX XX.XX W/E) 058 26.57 W
** DATAHORA (dd/mm/aaaa hh:mm Z) 09/11/2023 1405Z
** PROFUNDIDADE (m) 410
** OPERADOR 1T ZAMITH
# nquan = 30
# nvalues = 719                         
# units = specified
# name 0 = scan: Scan Count
# name 1 = timeJ: Julian Days
# name 2 = latitude: Latitude [deg]
# name 3 = longitude: Longitude [deg]
# name 4 = dz/dtM: Descent Rate [m/s]
# name 5 = avgsvCM: Average Sound Velocity [Chen-Millero, m/s]
# name 6 = prDM: Pressure, Digiquartz [db]
# name 7 = depSM: Depth [salt water, m]
# name 8 = t090C: Temperature [ITS-90, deg C]
# name 9 = t190C: Temperature, 2 [ITS-90, deg C]
# name 10 = T2-T190C: Temperature Difference, 2 - 1 [ITS-90, deg C]
# name 11 = potemp090C: Potential Temperature [ITS-90, deg C]
# name 12 = potemp190C: Potential Temperature, 2 [ITS-90, deg C]
# name 13 = potemp90Cdiff: Potential Temperature, Diff, 2 - 1 [ITS-90, deg C]
# name 14 = c0S/m: Conductivity [S/m]
# name 15 = c1S/m: Conductivity, 2 [S/m]
# name 16 = C2-C1S/m: Conductivity Difference, 2 - 1 [S/m]
# name 17 = sal00: Salinity, Practical [PSU]
# name 18 = sal11: Salinity, Practical, 2 [PSU]
# name 19 = sbeox0ML/L: Oxygen, SBE 43 [ml/l]
# name 20 = sigma-é00: Density [sigma-theta, kg/m^3]
# name 21 = sigma-é11: Density, 2 [sigma-theta, kg/m^3]
# name 22 = sal00: Salinity, Practical [PSU]
# name 23 = sigma-é00: Density [sigma-theta, kg/m^3]
# name 24 = svCM: Sound Velocity [Chen-Millero, m/s]
# name 25 = svCM1: Sound Velocity, 2 [Chen-Millero, m/s]
# name 26 = gsw_ptA0: potential temperature [ITS-90, deg C]
# name 27 = gsw_densityA0: density, TEOS-10 [density, kg/m^3]
# name 28 = gsw_saA0: Absolute Salinity [g/kg]
# name 29 = flag:
# span 0 =       3868,      21703       
# span 1 = 313.593867, 313.602468       
# span 2 =  -62.14486,  -62.14246       
# span 3 =  -58.44364,  -58.44086       
# span 4 =     -1.238,      1.231       
# span 5 =      -0.00,    1448.34       
# span 6 =      4.000,    363.000       
# span 7 =      3.977,    359.199       
# span 8 =    -0.8195,    -0.4022       
# span 9 =    -0.8189,    -0.4008       
# span 10 =    -0.0233,     0.0123      
# span 11 =    -0.8237,    -0.4146      
# span 12 =    -0.8231,    -0.4132      
# span 13 =    -0.0233,     0.0122      
# span 14 =   2.789281,   2.841631      
# span 15 =   2.789258,   2.841662      
# span 16 =  -0.002063,   0.001122      
# span 17 =    34.2734,    34.4113      
# span 18 =    34.2724,    34.4100      
# span 19 =     6.5537,     7.6764      
# span 20 =    27.5453,    27.6514      
# span 21 =    27.5441,    27.6504      
# span 22 =    34.2737,    34.4114      
# span 23 =    27.5453,    27.6529      
# span 24 =    1445.69,    1452.38      
# span 25 =    1445.68,    1452.36      
# span 26 =    -0.8236,    -0.4144      
# span 27 =  1027.5694,  1029.3836      
# span 28 =    34.4359,    34.5795      
# span 29 = 0.0000e+00, 0.0000e+00      
# interval = decibars: 1                
# start_time = Nov 09 2023 14:12:29 [NMEA time, header]
# bad_flag = -9.990e-29
*END*
[from data line 339]
      12296 313.597932  -62.14362  -58.44260      0.953    1447.80    343.000    339.427    -0.5473    -0.5476    -0.0003    -0.5587    -0.5589    -0.0003   2.827481   2.827419  -0.000068    34.3937    34.3931     6.7523    27.6438    27.6433    34.3946    27.6445    1451.38    1451.38    -0.5585  1029.2854    34.5627 0.0000e+00
      12318 313.597942  -62.14364  -58.44260      1.042    1447.80    344.000    340.416    -0.5471    -0.5461     0.0010    -0.5585    -0.5575     0.0010   2.827591   2.827608   0.000014    34.3952    34.3942     6.7460    27.6450    27.6441    34.3953    27.6450    1451.39    1451.40    -0.5583  1029.2907    34.5634 0.0000e+00
      12341 313.597953  -62.14364  -58.44260      1.077    1447.80    345.000    341.405    -0.5486    -0.5479     0.0007    -0.5600    -0.5593     0.0007   2.827570   2.827534  -0.000026    34.3955    34.3944     6.7569    27.6453    27.6444    34.3960    27.6457    1451.41    1451.41    -0.5598  1029.2961    34.5641 0.0000e+00
      12365 313.597965  -62.14364  -58.44260      1.034    1447.80    346.000    342.394    -0.5439    -0.5431     0.0009    -0.5554    -0.5546     0.0009   2.828027   2.828030   0.000002    34.3959    34.3949     6.7504    27.6454    27.6445    34.3963    27.6457    1451.44    1451.45    -0.5552  1029.3009    34.5644 0.0000e+00
      12392 313.597978  -62.14364  -58.44260      0.929    1447.80    347.000    343.383    -0.5419    -0.5408     0.0011    -0.5534    -0.5523     0.0011   2.828297   2.828342   0.000043    34.3964    34.3957     6.7418    27.6457    27.6451    34.3970    27.6462    1451.47    1451.47    -0.5532  1029.3061    34.5651 0.0000e+00
      12420 313.597991  -62.14364  -58.44260      0.860    1447.80    348.000    344.371    -0.5210    -0.5213    -0.0003    -0.5326    -0.5329    -0.0003   2.830238   2.830255   0.000019    34.3949    34.3955     6.7345    27.6436    27.6441    34.3988    27.6467    1451.59    1451.59    -0.5324  1029.3111    34.5669 0.0000e+00
      12445 313.598004  -62.14364  -58.44260      0.902    1447.80    349.000    345.360    -0.5079    -0.5104    -0.0025    -0.5196    -0.5221    -0.0025   2.831360   2.831172  -0.000218    34.3979    34.3979     6.7321    27.6454    27.6455    34.3984    27.6458    1451.66    1451.65    -0.5194  1029.3148    34.5665 0.0000e+00
      12469 313.598015  -62.14364  -58.44260      0.989    1447.80    350.000    346.348    -0.5171    -0.5160     0.0011    -0.5288    -0.5277     0.0011   2.830600   2.830754   0.000229    34.3970    34.3989     6.7406    27.6451    27.6466    34.3981    27.6460    1451.64    1451.64    -0.5286  1029.3198    34.5662 0.0000e+00
      12492 313.598026  -62.14366  -58.44258      1.026    1447.80    351.000    347.338    -0.5117    -0.5113     0.0004    -0.5235    -0.5231     0.0004   2.831303   2.831240  -0.000091    34.3994    34.3977     6.7191    27.6468    27.6454    34.4008    27.6479    1451.68    1451.68    -0.5233  1029.3265    34.5690 0.0000e+00
      12518 313.598039  -62.14366  -58.44258      0.980    1447.80    352.000    348.326    -0.4971    -0.4979    -0.0008    -0.5090    -0.5098    -0.0008   2.832847   2.832551  -0.000258    34.4010    34.3985     6.7056    27.6475    27.6455    34.4044    27.6502    1451.77    1451.76    -0.5088  1029.3333    34.5726 0.0000e+00
      12546 313.598052  -62.14366  -58.44258      0.881    1447.80    353.000    349.315    -0.4840    -0.4853    -0.0014    -0.4959    -0.4973    -0.0014   2.833953   2.833647  -0.000354    34.4033    34.4001     6.7014    27.6487    27.6462    34.4038    27.6491    1451.85    1451.84    -0.4957  1029.3368    34.5719 0.0000e+00
      12576 313.598067  -62.14366  -58.44258      0.816    1447.80    354.000    350.304    -0.4973    -0.4950     0.0023    -0.5093    -0.5070     0.0023   2.832757   2.832860   0.000092    34.4015    34.4001     6.6998    27.6479    27.6467    34.4022    27.6484    1451.80    1451.81    -0.5090  1029.3410    34.5703 0.0000e+00
      12603 313.598080  -62.14366  -58.44258      0.852    1447.80    355.000    351.292    -0.4973    -0.4990    -0.0016    -0.5093    -0.5109    -0.0016   2.833035   2.832672  -0.000307    34.4035    34.4012     6.6673    27.6495    27.6477    34.4054    27.6510    1451.82    1451.81    -0.5091  1029.3483    34.5735 0.0000e+00
      12628 313.598092  -62.14368  -58.44258      0.927    1447.80    356.000    352.281    -0.4780    -0.4788    -0.0008    -0.4900    -0.4908    -0.0008   2.834710   2.834756   0.000004    34.4029    34.4039     6.6571    27.6481    27.6489    34.4053    27.6501    1451.93    1451.93    -0.4898  1029.3519    34.5735 0.0000e+00
      12652 313.598103  -62.14368  -58.44258      0.981    1447.80    357.000    353.270    -0.4545    -0.4481     0.0064    -0.4667    -0.4603     0.0063   2.837096   2.837303   0.000200    34.4054    34.4010     6.6521    27.6491    27.6452    34.4101    27.6529    1452.06    1452.08    -0.4664  1029.3592    34.5783 0.0000e+00
      12674 313.598114  -62.14368  -58.44258      1.034    1447.80    358.000    354.258    -0.4378    -0.4357     0.0021    -0.4501    -0.4480     0.0021   2.838376   2.838414   0.000035    34.4055    34.4036     6.6561    27.6484    27.6468    34.4079    27.6503    1452.15    1452.16    -0.4499  1029.3612    34.5760 0.0000e+00
      12697 313.598125  -62.14368  -58.44258      1.073    1447.80    359.000    355.247    -0.4357    -0.4353     0.0004    -0.4480    -0.4476     0.0004   2.838654   2.838528  -0.000119    34.4061    34.4041     6.6624    27.6488    27.6472    34.4086    27.6508    1452.18    1452.18    -0.4478  1029.3663    34.5767 0.0000e+00
      12720 313.598136  -62.14368  -58.44258      1.052    1447.80    360.000    356.236    -0.4332    -0.4323     0.0009    -0.4456    -0.4447     0.0009   2.838889   2.838852  -0.000032    34.4065    34.4051     6.6529    27.6490    27.6478    34.4083    27.6505    1452.20    1452.21    -0.4454  1029.3708    34.5765 0.0000e+00
      12746 313.598149  -62.14368  -58.44258      0.974    1447.80    361.000    357.219    -0.4326    -0.4343    -0.0018    -0.4450    -0.4467    -0.0018   2.838954   2.838699  -0.000236    34.4062    34.4051     6.6225    27.6488    27.6480    34.4078    27.6501    1452.22    1452.21    -0.4448  1029.3751    34.5760 0.0000e+00
      12774 313.598162  -62.14370  -58.44258      0.881    1447.80    362.000    358.216    -0.4236    -0.4254    -0.0019    -0.4360    -0.4379    -0.0019   2.839805   2.839617  -0.000195    34.4053    34.4048     6.6058    27.6476    27.6473    34.4084    27.6501    1452.28    1452.27    -0.4358  1029.3798    34.5766 0.0000e+00
      13149 313.598343  -62.14374  -58.44255      0.033    1448.16    363.000    359.199    -0.4078    -0.4099    -0.0021    -0.4203    -0.4224    -0.0021   2.841323   2.841012  -0.000293    34.4099    34.4084     6.5792    27.6506    27.6495    34.4103    27.6509    1452.38    1452.36    -0.4201  1029.3836    34.5766 0.0000e+00
      13399 313.598464  -62.14376  -58.44254     -0.607    1448.34    362.000    358.213    -0.4130    -0.4114     0.0016    -0.4255    -0.4239     0.0016   2.840777   2.840841   0.000040    34.4099    34.4086     6.5745    27.6508    27.6497    34.4096    27.6505    1452.33    1452.34    -0.4253  1029.3801    34.5778 0.0000e+00
      13416 313.598472  -62.14377  -58.44254     -0.889    1448.33    361.000    357.225    -0.4069    -0.4059     0.0010    -0.4193    -0.4184     0.0010   2.841345   2.841290  -0.000057    34.4104    34.4086     6.5670    27.6509    27.6494    34.4108    27.6513    1452.35    1452.35    -0.4192  1029.3760    34.5790 0.0000e+00
      13437 313.598482  -62.14378  -58.44254     -1.068    1448.33    360.000    356.236    -0.4057    -0.4037     0.0020    -0.4181    -0.4161     0.0020   2.841357   2.841471   0.000084    34.4101    34.4090     6.5783    27.6507    27.6497    34.4102    27.6507    1452.33    1452.34    -0.4179  1029.3707    34.5784 0.0000e+00
      13458 313.598492  -62.14378  -58.44254     -1.141    1448.33    359.000    355.247    -0.4043    -0.4014     0.0029    -0.4167    -0.4138     0.0029   2.841469   2.841660   0.000190    34.4104    34.4097     6.5683    27.6508    27.6501    34.4108    27.6511    1452.33    1452.34    -0.4165  1029.3663    34.5790 0.0000e+00
      13481 313.598503  -62.14378  -58.44254     -1.101    1448.33    358.000    354.258    -0.4022    -0.4008     0.0014    -0.4146    -0.4132     0.0013   2.841631   2.841662   0.000036    34.4111    34.4100     6.5829    27.6513    27.6503    34.4112    27.6513    1452.32    1452.32    -0.4144  1029.3618    34.5793 0.0000e+00
      13508 313.598516  -62.14378  -58.44254     -0.937    1448.33    357.000    353.270    -0.4024    -0.4044    -0.0019    -0.4148    -0.4167    -0.0019   2.841579   2.841285  -0.000273    34.4112    34.4098     6.5720    27.6514    27.6503    34.4114    27.6515    1452.30    1452.29    -0.4145  1029.3572    34.5795 0.0000e+00
      13537 313.598530  -62.14378  -58.44253     -0.819    1448.33    356.000    352.281    -0.4025    -0.4029    -0.0004    -0.4148    -0.4152    -0.0004   2.841518   2.841400  -0.000143    34.4113    34.4099     6.5683    27.6514    27.6503    34.4112    27.6514    1452.29    1452.28    -0.4146  1029.3523    34.5794 0.0000e+00
      13561 313.598541  -62.14378  -58.44252     -0.928    1448.33    355.000    351.292    -0.4052    -0.4062    -0.0010    -0.4175    -0.4185    -0.0010   2.841131   2.840942  -0.000138    34.4105    34.4098     6.5554    27.6510    27.6504    34.4097    27.6503    1452.25    1452.25    -0.4173  1029.3466    34.5779 0.0000e+00
      13581 313.598551  -62.14379  -58.44252     -1.091    1448.33    354.000    350.303    -0.4139    -0.4202    -0.0062    -0.4261    -0.4324    -0.0062   2.840248   2.839604  -0.000631    34.4098    34.4084     6.5537    27.6508    27.6499    34.4083    27.6496    1452.20    1452.17    -0.4259  1029.3412    34.5765 0.0000e+00
      13600 313.598561  -62.14380  -58.44252     -1.196    1448.33    353.000    349.315    -0.4259    -0.4351    -0.0092    -0.4380    -0.4472    -0.0092   2.839048   2.838145  -0.000883    34.4088    34.4074     6.5661    27.6505    27.6498    34.4063    27.6485    1452.12    1452.08    -0.4378  1029.3355    34.5745 0.0000e+00
      13621 313.598571  -62.14380  -58.44252     -1.200    1448.33    352.000    348.326    -0.4434    -0.4435    -0.0001    -0.4554    -0.4555    -0.0001   2.837361   2.837410  -0.000093    34.4073    34.4062     6.5749    27.6501    27.6492    34.4042    27.6475    1452.02    1452.02    -0.4552  1029.3300    34.5723 0.0000e+00
      13645 313.598582  -62.14380  -58.44252     -1.095    1448.33    351.000    347.337    -0.4572    -0.4549     0.0023    -0.4692    -0.4668     0.0023   2.836234   2.836314   0.000190    34.4066    34.4065     6.5803    27.6501    27.6499    34.4053    27.6491    1451.94    1451.95    -0.4689  1029.3270    34.5735 0.0000e+00
      13670 313.598594  -62.14380  -58.44252     -0.967    1448.33    350.000    346.348    -0.4700    -0.4651     0.0050    -0.4819    -0.4770     0.0049   2.834876   2.835343   0.000364    34.4065    34.4058     6.5885    27.6507    27.6498    34.4022    27.6472    1451.86    1451.89    -0.4817  1029.3205    34.5703 0.0000e+00
      13693 313.598605  -62.14380  -58.44252     -0.987    1448.33    349.000    345.360    -0.4947    -0.4824     0.0123    -0.5065    -0.4942     0.0122   2.832556   2.833646   0.001038    34.4034    34.4034     6.6071    27.6492    27.6487    34.3996    27.6462    1451.73    1451.79    -0.5062  1029.3150    34.5677 0.0000e+00
      13715 313.598616  -62.14380  -58.44252     -1.069    1448.33    348.000    344.371    -0.5064    -0.5105    -0.0040    -0.5181    -0.5222    -0.0040   2.831339   2.831025  -0.000204    34.4013    34.4031     6.6344    27.6481    27.6497    34.3971    27.6447    1451.65    1451.63    -0.5179  1029.3089    34.5652 0.0000e+00
      13736 313.598626  -62.14382  -58.44252     -1.115    1448.33    347.000    343.382    -0.5138    -0.5190    -0.0053    -0.5254    -0.5306    -0.0052   2.830825   2.830324  -0.000493    34.4014    34.4007     6.6385    27.6485    27.6482    34.3991    27.6467    1451.60    1451.58    -0.5252  1029.3062    34.5672 0.0000e+00
      13759 313.598637  -62.14382  -58.44252     -1.098    1448.33    346.000    342.394    -0.5090    -0.5130    -0.0040    -0.5206    -0.5246    -0.0040   2.831254   2.830778  -0.000452    34.4014    34.3999     6.6521    27.6483    27.6472    34.4001    27.6473    1451.61    1451.59    -0.5204  1029.3020    34.5683 0.0000e+00
      13783 313.598649  -62.14382  -58.44252     -1.022    1448.33    345.000    341.405    -0.5037    -0.5052    -0.0016    -0.5153    -0.5168    -0.0016   2.831645   2.831452  -0.000225    34.4012    34.3999     6.6766    27.6478    27.6469    34.3999    27.6469    1451.62    1451.61    -0.5151  1029.2968    34.5680 0.0000e+00
      13808 313.598661  -62.14382  -58.44252     -0.958    1448.33    344.000    340.416    -0.4982    -0.5020    -0.0038    -0.5097    -0.5135    -0.0038   2.832112   2.831692  -0.000381    34.4012    34.4004     6.6983    27.6476    27.6472    34.4006    27.6471    1451.63    1451.61    -0.5095  1029.2923    34.5687 0.0000e+00
      13831 313.598672  -62.14382  -58.44252     -0.996    1448.33    343.000    339.427    -0.4995    -0.4990     0.0004    -0.5110    -0.5105     0.0005   2.831788   2.831872   0.000009    34.4006    34.4002     6.7077    27.6472    27.6468    34.3983    27.6453    1451.61    1451.61    -0.5108  1029.2869    34.5679 0.0000e+00
      13853 313.598683  -62.14382 -9.990e-29     -1.066    1448.33    342.000    338.439    -0.5102    -0.5086     0.0016    -0.5217    -0.5201     0.0016   2.830826   2.830893   0.000149    34.3999    34.4001     6.6975    27.6471    27.6472    34.3982    27.6457    1451.54    1451.55    -0.5215  1029.2835    34.5688 0.0000e+00
      13875 313.598693  -62.14382 -9.990e-29     -1.114    1448.33    341.000    337.450    -0.5156    -0.5201    -0.0045    -0.5270    -0.5315    -0.0045   2.830301   2.829875  -0.000408    34.3995    34.3992     6.6970    27.6471    27.6470    34.3979    27.6457    1451.50    1451.48    -0.5268  1029.2788    34.5685 0.0000e+00
      13897 313.598704  -62.14384 -9.990e-29     -1.100    1448.33    340.000    336.461    -0.5248    -0.5230     0.0019    -0.5362    -0.5343     0.0019   2.829419   2.829601   0.000082    34.3994    34.3983     6.6873    27.6474    27.6464    34.3970    27.6455    1451.44    1451.45    -0.5360  1029.2739    34.5677 0.0000e+00
      13921 313.598715  -62.14384  -58.44250     -1.029    1448.33    339.000    335.473    -0.5295    -0.5222     0.0072    -0.5408    -0.5335     0.0072   2.828998   2.829606   0.000576    34.3991    34.3986     6.6754    27.6473    27.6466    34.3973    27.6458    1451.40    1451.43    -0.5406  1029.2685    34.5665 0.0000e+00
      13945 313.598727 -9.990e-29  -58.44250     -0.988    1448.33    338.000    334.483    -0.5309    -0.5281     0.0029    -0.5422    -0.5393     0.0029   2.828843   2.829014   0.000226    34.3985    34.3982     6.6883    27.6469    27.6466    34.3974    27.6460    1451.38    1451.39    -0.5419  1029.2583    34.5596 0.0000e+00
      13968 313.598738 -9.990e-29  -58.44250     -1.018    1448.33    337.000    333.495    -0.5308    -0.5299     0.0009    -0.5420    -0.5411     0.0009   2.828743   2.828803   0.000038    34.3980    34.3975     6.6934    27.6465    27.6461    34.3965    27.6453    1451.36    1451.36    -0.5418  1029.2528    34.5587 0.0000e+00
