Pos-Processados/process_op42/operantar42_025.cnv
* Sea-Bird SBE 9 Data File:
* FileName = C:\Users\Hidrografia\Desktop\OPXLII\Brutos\OP42025.hdr
* Software Version Seasave V 7.26.7.107
* Temperature SN = 6502
* Conductivity SN = 4998
* Number of Bytes Per Scan = 37
* Number of Voltage Words = 4
* Number of Scans Averaged by the Deck Unit = 1
* NMEA Latitude = 62 11.31 S
* NMEA Longitude = 058 02.91 W
* NMEA UTC (Time) = Nov 08 2023 13:45:45
* NMEA baud rate = 4800
** H41
** NPOALTEMAXIMIANO
** NUMERO DA ESTACAO (XXX) 025
** LAT (XX XX.XX S/N) 62  11.331 S
** LONG (XXX XX.XX W/E) 058  02.993 W
** DATAHORA (dd/mm/aaaa hh:mm Z) 08/11/2023 1345Z
** PROFUNDIDADE (m) 484
** OPERADOR CT FABIREZA
# nquan = 30
# nvalues = 874                         
# units = specified
# name 0 = scan: Scan Count
# name 1 = timeJ: Julian Days
# name 2 = latitude: Latitude [deg]
# name 3 = longitude: Longitude [deg]
# name 4 = dz/dtM: Descent Rate [m/s]
# name 5 = avgsvCM: Average Sound Velocity [Chen-Millero, m/s]
# name 6 = prDM: Pressure, Digiquartz [db]
# name 7 = depSM: Depth [salt water, m]
# name 8 = t090C: Temperature [ITS-90, deg C]
# name 9 = t190C: Temperature, 2 [ITS-90, deg C]
# name 10 = T2-T190C: Temperature Difference, 2 - 1 [ITS-90, deg C]
# name 11 = potemp090C: Potential Temperature [ITS-90, deg C]
# name 12 = potemp190C: Potential Temperature, 2 [ITS-90, deg C]
# name 13 = potemp90Cdiff: Potential Temperature, Diff, 2 - 1 [ITS-90, deg C]
# name 14 = c0S/m: Conductivity [S/m]
# name 15 = c1S/m: Conductivity, 2 [S/m]
# name 16 = C2-C1S/m: Conductivity Difference, 2 - 1 [S/m]
# name 17 = sal00: Salinity, Practical [PSU]
# name 18 = sal11: Salinity, Practical, 2 [PSU]
# name 19 = sbeox0ML/L: Oxygen, SBE 43 [ml/l]
# name 20 = sigma-é00: Density [sigma-theta, kg/m^3]
# name 21 = sigma-é11: Density, 2 [sigma-theta, kg/m^3]
# name 22 = sal00: Salinity, Practical [PSU]
# name 23 = sigma-é00: Density [sigma-theta, kg/m^3]
# name 24 = svCM: Sound Velocity [Chen-Millero, m/s]
# name 25 = svCM1: Sound Velocity, 2 [Chen-Millero, m/s]
# name 26 = gsw_ptA0: potential temperature [ITS-90, deg C]
# name 27 = gsw_densityA0: density, TEOS-10 [density, kg/m^3]
# name 28 = gsw_saA0: Absolute Salinity [g/kg]
# name 29 = flag:
# span 0 =       2048,      35543       
# span 1 = 312.574425, 312.590578       
# span 2 =  -62.18842,  -62.18610       
# span 3 =  -58.04745,  -58.02922       
# span 4 =     -1.404,      1.244       
# span 5 =      -0.01,    1449.50       
# span 6 =      3.000,    440.000       
# span 7 =      3.004,    435.295       
# span 8 =    -0.8645,    -0.0107       
# span 9 =    -0.8532,    -0.0118       
# span 10 =    -0.0196,     0.0404      
# span 11 =    -0.8725,    -0.0253      
# span 12 =    -0.8613,    -0.0263      
# span 13 =    -0.0195,     0.0403      
# span 14 =   2.792453,   2.881453      
# span 15 =   2.793364,   2.881075      
# span 16 =  -0.001831,   0.003645      
# span 17 =    34.2957,    34.4866      
# span 18 =    34.2943,    34.4851      
# span 19 =     5.8685,     7.5334      
# span 20 =    27.5669,    27.6985      
# span 21 =    27.5657,    27.6962      
# span 22 =    34.2956,    34.4890      
# span 23 =    27.5668,    27.6993      
# span 24 =    1445.42,    1455.11      
# span 25 =    1445.43,    1455.08      
# span 26 =    -0.8722,    -0.0251      
# span 27 =  1027.5867,  1029.7920      
# span 28 =    34.4590,    34.6578      
# span 29 = 0.0000e+00, 0.0000e+00      
# interval = decibars: 1                
# start_time = Nov 08 2023 13:45:45 [NMEA time, header]
# bad_flag = -9.990e-29
*END*
[from data line 726]
      27284 312.586595  -62.18672  -58.03368     -1.035    1449.47    150.000    148.507    -0.6086    -0.6076     0.0010    -0.6131    -0.6122     0.0010   2.806480   2.806463  -0.000019    34.2994    34.2980     7.4754    27.5699    27.5687    34.2993    27.5697    1447.82    1447.82    -0.6131  1028.2923    34.4662 0.0000e+00
      27303 312.586604  -62.18672  -58.03367     -1.238    1449.47    149.000    147.517    -0.6091    -0.6082     0.0009    -0.6136    -0.6128     0.0009   2.806408   2.806382  -0.000022    34.2996    34.2983     7.4753    27.5700    27.5689    34.2995    27.5700    1447.80    1447.80    -0.6136  1028.2878    34.4665 0.0000e+00
      27324 312.586614  -62.18672  -58.03366     -1.239    1449.47    148.000    146.527    -0.6093    -0.6086     0.0007    -0.6138    -0.6132     0.0007   2.806352   2.806330  -0.000021    34.2997    34.2986     7.4786    27.5701    27.5692    34.2996    27.5701    1447.78    1447.78    -0.6137  1028.2831    34.4666 0.0000e+00
      27353 312.586628  -62.18671  -58.03364     -0.963    1449.47    147.000    145.539    -0.6095    -0.6085     0.0011    -0.6140    -0.6130     0.0011   2.806308   2.806291  -0.000018    34.3000    34.2986     7.4843    27.5704    27.5691    34.2999    27.5703    1447.77    1447.77    -0.6139  1028.2786    34.4669 0.0000e+00
      27396 312.586649  -62.18672  -58.03362     -0.579    1449.47    146.000    144.547    -0.6101    -0.6090     0.0011    -0.6145    -0.6135     0.0011   2.806216   2.806220   0.000004    34.3000    34.2988     7.4785    27.5704    27.5694    34.2999    27.5703    1447.75    1447.75    -0.6145  1028.2738    34.4668 0.0000e+00
      27446 312.586673  -62.18671  -58.03358     -0.446    1449.47    145.000    143.558    -0.6109    -0.6101     0.0008    -0.6154    -0.6146     0.0008   2.806139   2.806117  -0.000021    34.3005    34.2994     7.4736    27.5708    27.5699    34.3004    27.5708    1447.73    1447.73    -0.6152  1028.2695    34.4674 0.0000e+00
      27474 312.586687  -62.18670  -58.03357     -0.708    1449.47    144.000    142.568    -0.6114    -0.6106     0.0008    -0.6158    -0.6150     0.0008   2.806065   2.806047  -0.000019    34.3007    34.2995     7.4616    27.5710    27.5700    34.3006    27.5710    1447.71    1447.71    -0.6157  1028.2649    34.4676 0.0000e+00
      27493 312.586696  -62.18670  -58.03356     -1.021    1449.47    143.000    141.579    -0.6114    -0.6105     0.0008    -0.6157    -0.6149     0.0008   2.806017   2.805999  -0.000018    34.3007    34.2995     7.4644    27.5710    27.5700    34.3006    27.5709    1447.69    1447.69    -0.6157  1028.2601    34.4675 0.0000e+00
      27511 312.586704  -62.18670  -58.03356     -1.256    1449.47    142.000    140.589    -0.6113    -0.6104     0.0009    -0.6156    -0.6147     0.0009   2.805980   2.805961  -0.000021    34.3007    34.2994     7.4737    27.5710    27.5699    34.3006    27.5710    1447.68    1447.68    -0.6156  1028.2553    34.4675 0.0000e+00
      27531 312.586714  -62.18670  -58.03354     -1.313    1449.47    141.000    139.599    -0.6113    -0.6105     0.0007    -0.6156    -0.6148     0.0007   2.805942   2.805916  -0.000023    34.3008    34.2996     7.4810    27.5710    27.5701    34.3007    27.5710    1447.66    1447.66    -0.6155  1028.2506    34.4676 0.0000e+00
      27556 312.586726  -62.18670  -58.03352     -1.097    1449.47    140.000    138.621    -0.6114    -0.6107     0.0006    -0.6156    -0.6150     0.0006   2.805892   2.805865  -0.000027    34.3008    34.2997     7.4667    27.5710    27.5701    34.3008    27.5710    1447.64    1447.65    -0.6156  1028.2440    34.4654 0.0000e+00
      27613 312.586753 -9.990e-29  -58.03348     -0.382    1449.47    139.000    137.614    -0.6115    -0.6106     0.0008    -0.6157    -0.6149     0.0008   2.805831   2.805818  -0.000013    34.3006    34.2995     7.4633    27.5709    27.5700    34.3006    27.5709    1447.63    1447.63    -0.6156  1028.2367    34.4622 0.0000e+00
      27655 312.586774  -62.18668  -58.03348     -0.548    1449.47    138.000    136.630    -0.6109    -0.6101     0.0008    -0.6151    -0.6143     0.0008   2.805823   2.805795  -0.000028    34.3005    34.2992     7.4612    27.5708    27.5697    34.3005    27.5708    1447.61    1447.61    -0.6150  1028.2333    34.4639 0.0000e+00
      27680 312.586786  -62.18668  -58.03346     -0.864    1449.47    137.000    135.640    -0.6108    -0.6099     0.0009    -0.6150    -0.6141     0.0009   2.805723   2.805731   0.000008    34.2997    34.2989     7.4637    27.5702    27.5694    34.2997    27.5701    1447.60    1447.60    -0.6149  1028.2306    34.4665 0.0000e+00
      27707 312.586799  -62.18668  -58.03346     -0.922    1449.47    136.000    134.650    -0.6109    -0.6101     0.0008    -0.6151    -0.6142     0.0008   2.805680   2.805670  -0.000011    34.2999    34.2987     7.4630    27.5703    27.5694    34.2998    27.5703    1447.58    1447.58    -0.6150  1028.2260    34.4667 0.0000e+00
      27740 312.586815  -62.18668  -58.03343     -0.761    1449.47    135.000    133.661    -0.6109    -0.6102     0.0007    -0.6151    -0.6143     0.0007   2.805640   2.805621  -0.000016    34.3000    34.2989     7.4695    27.5704    27.5695    34.2999    27.5703    1447.56    1447.57    -0.6149  1028.2213    34.4667 0.0000e+00
      27775 312.586831  -62.18668  -58.03340     -0.689    1449.47    134.000    132.671    -0.6108    -0.6102     0.0006    -0.6149    -0.6143     0.0006   2.805586   2.805549  -0.000037    34.2996    34.2985     7.4698    27.5701    27.5691    34.2996    27.5701    1447.55    1447.55    -0.6148  1028.2162    34.4664 0.0000e+00
      27804 312.586845  -62.18668  -58.03339     -0.786    1449.47    133.000    131.681    -0.6100    -0.6092     0.0008    -0.6141    -0.6133     0.0008   2.805581   2.805562  -0.000020    34.2993    34.2981     7.4678    27.5698    27.5688    34.2993    27.5698    1447.53    1447.54    -0.6140  1028.2112    34.4661 0.0000e+00
      27835 312.586861  -62.18668  -58.03337     -0.796    1449.47    132.000    130.691    -0.6104    -0.6093     0.0011    -0.6144    -0.6133     0.0010   2.805522   2.805515  -0.000006    34.2995    34.2983     7.4796    27.5700    27.5689    34.2995    27.5700    1447.52    1447.52    -0.6143  1028.2066    34.4663 0.0000e+00
      27874 312.586880  -62.18668  -58.03335     -0.624    1449.47    131.000    129.701    -0.6111    -0.6097     0.0014    -0.6150    -0.6137     0.0014   2.805403   2.805432   0.000024    34.2995    34.2983     7.4841    27.5700    27.5689    34.2993    27.5699    1447.50    1447.50    -0.6150  1028.2017    34.4661 0.0000e+00
      27914 312.586899  -62.18668  -58.03333     -0.592    1449.47    130.000    128.712    -0.6124    -0.6115     0.0009    -0.6164    -0.6155     0.0009   2.805213   2.805199  -0.000012    34.2991    34.2979     7.4824    27.5697    27.5687    34.2989    27.5696    1447.47    1447.48    -0.6163  1028.1966    34.4657 0.0000e+00
      27947 312.586915  -62.18666  -58.03331     -0.710    1449.47    129.000    127.722    -0.6127    -0.6118     0.0009    -0.6167    -0.6158     0.0009   2.805100   2.805098  -0.000003    34.2985    34.2974     7.4865    27.5693    27.5683    34.2984    27.5692    1447.46    1447.46    -0.6165  1028.1914    34.4652 0.0000e+00
      27984 312.586932  -62.18666  -58.03330     -0.666    1449.47    128.000    126.732    -0.6129    -0.6119     0.0010    -0.6168    -0.6158     0.0010   2.805042   2.805054   0.000011    34.2984    34.2974     7.4841    27.5692    27.5684    34.2984    27.5691    1447.44    1447.44    -0.6167  1028.1866    34.4651 0.0000e+00
      28021 312.586950  -62.18666  -58.03328     -0.637    1449.47    127.000    125.742    -0.6127    -0.6120     0.0007    -0.6166    -0.6159     0.0007   2.805008   2.804978  -0.000022    34.2983    34.2973     7.4859    27.5691    27.5682    34.2983    27.5691    1447.42    1447.42    -0.6165  1028.1818    34.4651 0.0000e+00
      28058 312.586968  -62.18666  -58.03327     -0.648    1449.47    126.000    124.753    -0.6116    -0.6110     0.0006    -0.6154    -0.6148     0.0006   2.805052   2.805033  -0.000021    34.2982    34.2972     7.4858    27.5690    27.5682    34.2982    27.5690    1447.41    1447.41    -0.6153  1028.1769    34.4650 0.0000e+00
      28096 312.586987  -62.18666  -58.03323     -0.633    1449.47    125.000    123.763    -0.6103    -0.6097     0.0006    -0.6141    -0.6135     0.0006   2.805155   2.805108  -0.000043    34.2988    34.2975     7.4951    27.5694    27.5683    34.2989    27.5694    1447.40    1447.40    -0.6140  1028.1725    34.4656 0.0000e+00
      28132 312.587004  -62.18666  -58.03322     -0.654    1449.47    124.000    122.773    -0.6098    -0.6090     0.0008    -0.6135    -0.6127     0.0008   2.805168   2.805134  -0.000039    34.2990    34.2975     7.4952    27.5695    27.5683    34.2990    27.5696    1447.39    1447.39    -0.6135  1028.1679    34.4658 0.0000e+00
      28157 312.587016  -62.18666  -58.03320     -0.831    1449.47    123.000    121.783    -0.6089    -0.6082     0.0007    -0.6126    -0.6119     0.0007   2.805191   2.805158  -0.000031    34.2989    34.2976     7.4912    27.5694    27.5683    34.2990    27.5695    1447.38    1447.38    -0.6126  1028.1630    34.4657 0.0000e+00
      28180 312.587027  -62.18664  -58.03318     -1.016    1449.47    122.000    120.793    -0.6086    -0.6079     0.0007    -0.6123    -0.6116     0.0007   2.805157   2.805131  -0.000025    34.2988    34.2976     7.4918    27.5693    27.5684    34.2988    27.5693    1447.36    1447.36    -0.6122  1028.1581    34.4655 0.0000e+00
      28206 312.587039  -62.18664  -58.03316     -0.995    1449.47    121.000    119.803    -0.6089    -0.6081     0.0008    -0.6126    -0.6118     0.0008   2.805103   2.805077  -0.000028    34.2990    34.2977     7.4973    27.5695    27.5684    34.2990    27.5695    1447.34    1447.35    -0.6125  1028.1534    34.4657 0.0000e+00
      28243 312.587057  -62.18664  -58.03314     -0.683    1449.47    120.000    118.814    -0.6089    -0.6081     0.0008    -0.6125    -0.6117     0.0008   2.805048   2.805026  -0.000021    34.2988    34.2976     7.4842    27.5693    27.5684    34.2988    27.5694    1447.33    1447.33    -0.6124  1028.1485    34.4655 0.0000e+00
      28283 312.587076  -62.18664  -58.03312     -0.605    1449.47    119.000    117.824    -0.6089    -0.6081     0.0008    -0.6125    -0.6117     0.0008   2.805017   2.804982  -0.000035    34.2990    34.2976     7.4869    27.5695    27.5683    34.2990    27.5695    1447.31    1447.31    -0.6124  1028.1439    34.4657 0.0000e+00
      28331 312.587100  -62.18664  -58.03310     -0.492    1449.47    118.000    116.834    -0.6089    -0.6080     0.0010    -0.6125    -0.6115     0.0010   2.804953   2.804946  -0.000009    34.2989    34.2976     7.4840    27.5694    27.5684    34.2988    27.5694    1447.30    1447.30    -0.6124  1028.1390    34.4655 0.0000e+00
      28372 312.587120  -62.18664  -58.03308     -0.556    1449.47    117.000    115.844    -0.6091    -0.6084     0.0007    -0.6127    -0.6119     0.0007   2.804883   2.804861  -0.000014    34.2987    34.2976     7.4910    27.5692    27.5684    34.2988    27.5693    1447.28    1447.28    -0.6126  1028.1341    34.4654 0.0000e+00
      28396 312.587131  -62.18664  -58.03308     -0.848    1449.47    116.000    114.854    -0.6083    -0.6077     0.0005    -0.6118    -0.6112     0.0005   2.804902   2.804869  -0.000037    34.2987    34.2976     7.4916    27.5692    27.5683    34.2987    27.5692    1447.27    1447.27    -0.6117  1028.1292    34.4653 0.0000e+00
      28418 312.587142  -62.18664  -58.03306     -1.058    1449.47    115.000    113.865    -0.6087    -0.6078     0.0009    -0.6122    -0.6113     0.0009   2.804846   2.804817  -0.000031    34.2990    34.2976     7.4867    27.5695    27.5683    34.2990    27.5695    1447.25    1447.25    -0.6121  1028.1247    34.4656 0.0000e+00
      28444 312.587154  -62.18664  -58.03304     -1.020    1449.47    114.000    112.875    -0.6090    -0.6079     0.0011    -0.6125    -0.6113     0.0011   2.804776   2.804770  -0.000004    34.2990    34.2977     7.4833    27.5695    27.5683    34.2990    27.5695    1447.23    1447.23    -0.6124  1028.1200    34.4656 0.0000e+00
      28486 312.587174  -62.18663  -58.03301     -0.585    1449.47    113.000    111.885    -0.6085    -0.6079     0.0007    -0.6120    -0.6113     0.0007   2.804767   2.804731  -0.000034    34.2990    34.2977     7.4881    27.5694    27.5684    34.2990    27.5695    1447.21    1447.22    -0.6119  1028.1152    34.4656 0.0000e+00
      28523 312.587192  -62.18662  -58.03298     -0.600    1449.47    112.000    110.895    -0.6085    -0.6077     0.0008    -0.6119    -0.6111     0.0008   2.804699   2.804693  -0.000009    34.2987    34.2977     7.4968    27.5692    27.5684    34.2986    27.5692    1447.20    1447.20    -0.6118  1028.1101    34.4652 0.0000e+00
      28549 312.587205  -62.18662  -58.03298     -0.853    1449.47    111.000    109.905    -0.6087    -0.6078     0.0009    -0.6120    -0.6111     0.0009   2.804661   2.804625  -0.000031    34.2990    34.2975     7.4875    27.5694    27.5682    34.2990    27.5694    1447.18    1447.18    -0.6120  1028.1056    34.4655 0.0000e+00
      28574 312.587217  -62.18662  -58.03296     -0.951    1449.47    110.000    108.916    -0.6087    -0.6080     0.0008    -0.6120    -0.6113     0.0008   2.804601   2.804580  -0.000021    34.2988    34.2977     7.4866    27.5693    27.5684    34.2988    27.5693    1447.17    1447.17    -0.6120  1028.1007    34.4654 0.0000e+00
      28618 312.587238  -62.18662  -58.03294     -0.592    1449.47    109.000    107.926    -0.6090    -0.6081     0.0010    -0.6123    -0.6114     0.0010   2.804537   2.804532  -0.000006    34.2990    34.2978     7.4897    27.5695    27.5684    34.2989    27.5694    1447.15    1447.15    -0.6122  1028.0960    34.4655 0.0000e+00
      28670 312.587263  -62.18662  -58.03291     -0.438    1449.47    108.000    106.935    -0.6097    -0.6088     0.0009    -0.6129    -0.6120     0.0009   2.804438   2.804407  -0.000029    34.2990    34.2976     7.4823    27.5695    27.5683    34.2989    27.5694    1447.13    1447.13    -0.6129  1028.0912    34.4655 0.0000e+00
      28698 312.587277  -62.18662  -58.03290     -0.737    1449.47    107.000    105.946    -0.6102    -0.6092     0.0010    -0.6134    -0.6125     0.0010   2.804308   2.804314   0.000005    34.2985    34.2975     7.4866    27.5691    27.5683    34.2984    27.5690    1447.11    1447.11    -0.6134  1028.0860    34.4649 0.0000e+00
      28721 312.587288  -62.18661  -58.03289     -0.966    1449.47    106.000    104.955    -0.6106    -0.6096     0.0009    -0.6138    -0.6128     0.0009   2.804190   2.804226   0.000032    34.2981    34.2974     7.4954    27.5688    27.5682    34.2979    27.5686    1447.09    1447.09    -0.6137  1028.0808    34.4644 0.0000e+00
      28742 312.587298  -62.18660  -58.03288     -1.101    1449.47    105.000    103.965    -0.6103    -0.6098     0.0005    -0.6135    -0.6130     0.0005   2.804202   2.804182  -0.000012    34.2983    34.2975     7.4963    27.5689    27.5683    34.2983    27.5690    1447.08    1447.08    -0.6134  1028.0764    34.4648 0.0000e+00
      28767 312.587310  -62.18660  -58.03287     -1.033    1449.47    104.000    102.976    -0.6099    -0.6095     0.0004    -0.6131    -0.6126     0.0004   2.804236   2.804164  -0.000067    34.2989    34.2976     7.4983    27.5695    27.5683    34.2989    27.5695    1447.06    1447.06    -0.6130  1028.0721    34.4654 0.0000e+00
