Pos-Processados/process_op42/operantar42_014.ros
* Sea-Bird SBE 9 Data File:
* FileName = C:\Users\Hidrografia\Desktop\OPXLII\Brutos\OP42014.hdr
* Software Version Seasave V 7.26.7.107
* Temperature SN = 6502
* Conductivity SN = 4998
* Number of Bytes Per Scan = 31
* Number of Voltage Words = 2
* Number of Scans Averaged by the Deck Unit = 1
* NMEA Latitude = 47 05.79 S
* NMEA Longitude = 056 32.90 W
* NMEA UTC (Time) = Oct 20 2023 10:58:48
* NMEA baud rate = 4800
** H41
** NPOALTEMAXIMIANO
** NUMERO DA ESTACAO (XXX) 014
** LAT (XX XX.XX S/N) 47 05.592 S
** LONG (XXX XX.XX W/E) 056 32.757 W
** DATAHORA (dd/mm/aaaa hh:mm Z) 20/10/2023 1058Z
** PROFUNDIDADE (m) 4459
** OPERADOR CT FABIREZA
# nquan = 24
# nvalues = 4330                                  
# units = specified
# name 0 = scan: Scan Count
# name 1 = timeJ: Julian Days
# name 2 = latitude: Latitude [deg]
# name 3 = longitude: Longitude [deg]
# name 4 = dz/dtM: Descent Rate [m/s]
# name 5 = avgsvCM: Average Sound Velocity [Chen-Millero, m/s]
# name 6 = prDM: Pressure, Digiquartz [db]
# name 7 = depSM: Depth [salt water, m]
# name 8 = t090C: Temperature [ITS-90, deg C]
# name 9 = t190C: Temperature, 2 [ITS-90, deg C]
# name 10 = T2-T190C: Temperature Difference, 2 - 1 [ITS-90, deg C]
# name 11 = potemp090C: Potential Temperature [ITS-90, deg C]
# name 12 = potemp190C: Potential Temperature, 2 [ITS-90, deg C]
# name 13 = potemp90Cdiff: Potential Temperature, Diff, 2 - 1 [ITS-90, deg C]
# name 14 = c0S/m: Conductivity [S/m]
# name 15 = c1S/m: Conductivity, 2 [S/m]
# name 16 = C2-C1S/m: Conductivity Difference, 2 - 1 [S/m]
# name 17 = sal00: Salinity, Practical [PSU]
# name 18 = sal11: Salinity, Practical, 2 [PSU]
# name 19 = sbeox0ML/L: Oxygen, SBE 43 [ml/l]
# name 20 = sigma-é00: Density [sigma-theta, kg/m^3]
# name 21 = sigma-é11: Density, 2 [sigma-theta, kg/m^3]
# name 22 = nbf: Bottles Fired
# name 23 = flag:  0.000e+00
# interval = seconds: 0.0416667
# start_time = Oct 20 2023 10:58:48 [NMEA time, header]
# bad_flag = -9.990e-29
*END*
[from data line 785]
      62493 293.487637  -47.10710  -56.55256      0.018    1468.95     28.660     28.420     4.8684     4.8733     0.0050     4.8662     4.8712     0.0049   3.251000   3.251287   0.000287    34.0240    34.0223     7.4925    26.9167    26.9147          5  0.000e+00
      62494 293.487637  -47.10710  -56.55256      0.017    1468.95     28.596     28.356     4.8700     4.8731     0.0032     4.8678     4.8710     0.0032   3.251115   3.251311   0.000196    34.0237    34.0228     7.4917    26.9162    26.9151          5  0.000e+00
      62495 293.487638  -47.10710  -56.55256      0.018    1468.95     28.604     28.364     4.8724     4.8727     0.0003     4.8703     4.8706     0.0003   3.251187   3.251329   0.000142    34.0221    34.0234     7.4908    26.9147    26.9157          5  0.000e+00
      62496 293.487638  -47.10710  -56.55256      0.014    1468.95     28.596     28.357     4.8734     4.8730    -0.0003     4.8712     4.8709    -0.0003   3.251181   3.251329   0.000148    34.0210    34.0231     7.4901    26.9137    26.9154          5  0.000e+00
      62497 293.487639  -47.10710  -56.55256      0.015    1468.95     28.604     28.365     4.8737     4.8730    -0.0007     4.8716     4.8709    -0.0007   3.251103   3.251305   0.000202    34.0198    34.0228     7.4895    26.9127    26.9152          5  0.000e+00
      62498 293.487639  -47.10710  -56.55256      0.018    1468.95     28.653     28.412     4.8738     4.8728    -0.0011     4.8717     4.8706    -0.0011   3.251103   3.251276   0.000173    34.0196    34.0227     7.4889    26.9125    26.9151          5  0.000e+00
      62499 293.487640  -47.10710  -56.55256      0.014    1468.95     28.604     28.365     4.8745     4.8724    -0.0021     4.8723     4.8703    -0.0021   3.251133   3.251246   0.000113    34.0193    34.0228     7.4882    26.9122    26.9152          5  0.000e+00
      62500 293.487640  -47.10710  -56.55256      0.013    1468.95     28.596     28.357     4.8742     4.8702    -0.0040     4.8720     4.8680    -0.0040   3.251163   3.251127  -0.000036    34.0200    34.0237     7.4875    26.9128    26.9162          5  0.000e+00
      62501 293.487641  -47.10710  -56.55256      0.014    1468.95     28.604     28.365     4.8745     4.8684    -0.0061     4.8723     4.8663    -0.0061   3.251193   3.251002  -0.000191    34.0200    34.0240     7.4822    26.9128    26.9167          5  0.000e+00
      62502 293.487641  -47.10710  -56.55256      0.013    1468.95     28.596     28.357     4.8743     4.8675    -0.0069     4.8722     4.8653    -0.0068   3.251181   3.250919  -0.000262    34.0201    34.0240     7.4869    26.9128    26.9168          5  0.000e+00
      62503 293.487642  -47.10710  -56.55256      0.009    1468.95     28.604     28.365     4.8748     4.8667    -0.0081     4.8727     4.8645    -0.0081   3.251175   3.250883  -0.000292    34.0195    34.0244     7.4869    26.9123    26.9172          5  0.000e+00
      62504 293.487642  -47.10710  -56.55256      0.009    1468.95     28.596     28.357     4.8748     4.8663    -0.0085     4.8727     4.8642    -0.0085   3.251266   3.250859  -0.000406    34.0205    34.0245     7.4816    26.9132    26.9173          5  0.000e+00
      62505 293.487643  -47.10710  -56.55256      0.012    1468.95     28.661     28.421     4.8746     4.8660    -0.0086     4.8725     4.8639    -0.0086   3.251224   3.250806  -0.000418    34.0202    34.0242     7.4811    26.9129    26.9170          5  0.000e+00
      62506 293.487643  -47.10710  -56.55256      0.011    1468.95     28.596     28.357     4.8746     4.8662    -0.0085     4.8725     4.8640    -0.0085   3.251248   3.250794  -0.000454    34.0205    34.0239     7.4805    26.9132    26.9168          5  0.000e+00
      62507 293.487644  -47.10710  -56.55256      0.011    1468.95     28.604     28.365     4.8748     4.8678    -0.0070     4.8727     4.8657    -0.0070   3.251217   3.250794  -0.000424    34.0200    34.0222     7.4799    26.9127    26.9153          5  0.000e+00
      62508 293.487644  -47.10710  -56.55256      0.013    1468.95     28.653     28.413     4.8751     4.8686    -0.0065     4.8730     4.8665    -0.0065   3.251205   3.250705  -0.000501    34.0195    34.0203     7.4794    26.9123    26.9137          5  0.000e+00
      62509 293.487645  -47.10710  -56.55256      0.009    1468.95     28.604     28.365     4.8748     4.8673    -0.0075     4.8727     4.8652    -0.0075   3.251248   3.250521  -0.000727    34.0203    34.0196     7.4789    26.9130    26.9132          5  0.000e+00
      62510 293.487645  -47.10710  -56.55256      0.012    1468.95     28.596     28.357     4.8746     4.8649    -0.0097     4.8725     4.8628    -0.0097   3.251127   3.250271  -0.000856    34.0191    34.0191     7.4785    26.9120    26.9131          5  0.000e+00
      62511 293.487646  -47.10710  -56.55256      0.007    1468.95     28.604     28.365     4.8743     4.8614    -0.0129     4.8722     4.8593    -0.0129   3.251193   3.250158  -0.001035    34.0202    34.0214     7.4781    26.9129    26.9154          5  0.000e+00
      62512 293.487646  -47.10710  -56.55256      0.009    1468.95     28.653     28.413     4.8749     4.8602    -0.0148     4.8728     4.8580    -0.0148   3.251211   3.250099  -0.001113    34.0197    34.0220     7.4777    26.9125    26.9159          5  0.000e+00
      62513 293.487647  -47.10710  -56.55256      0.009    1468.95     28.604     28.365     4.8737     4.8591    -0.0146     4.8716     4.8570    -0.0145   3.251157   3.250104  -0.001053    34.0204    34.0231     7.4782    26.9132    26.9170          5  0.000e+00
      62514 293.487647  -47.10710  -56.55256      0.008    1468.95     28.596     28.357     4.8719     4.8585    -0.0134     4.8698     4.8564    -0.0134   3.251145   3.250069  -0.001076    34.0221    34.0233     7.4834    26.9147    26.9172          5  0.000e+00
      62515 293.487648  -47.10710  -56.55256      0.014    1468.95     28.661     28.421     4.8708     4.8583    -0.0125     4.8686     4.8561    -0.0125   3.251073   3.250021  -0.001052    34.0224    34.0230     7.4788    26.9151    26.9170          5  0.000e+00
      62516 293.487648  -47.10710  -56.55256      0.009    1468.95     28.596     28.357     4.8703     4.8576    -0.0127     4.8682     4.8555    -0.0127   3.251031   3.249997  -0.001033    34.0224    34.0234     7.4838    26.9152    26.9174          5  0.000e+00
      62517 293.487649  -47.10710  -56.55256      0.008    1468.95     28.605     28.365     4.8703     4.8566    -0.0136     4.8682     4.8545    -0.0136   3.250934   3.249950  -0.000984    34.0213    34.0239     7.4790    26.9143    26.9178          5  0.000e+00
      62518 293.487649  -47.10710  -56.55256      0.010    1468.95     28.653     28.413     4.8692     4.8553    -0.0139     4.8671     4.8532    -0.0139   3.250837   3.249849  -0.000989    34.0213    34.0240     7.4790    26.9144    26.9181          5  0.000e+00
      62519 293.487649  -47.10710  -56.55256      0.012    1468.95     28.661     28.421     4.8684     4.8541    -0.0143     4.8663     4.8520    -0.0143   3.250837   3.249706  -0.001131    34.0221    34.0236     7.4789    26.9151    26.9179          5  0.000e+00
      62520 293.487650  -47.10710  -56.55256      0.010    1468.95     28.597     28.357     4.8676     4.8538    -0.0138     4.8654     4.8517    -0.0138   3.250759   3.249647  -0.001112    34.0221    34.0233     7.4788    26.9152    26.9177          5  0.000e+00
      62521 293.487650  -47.10710  -56.55256      0.012    1468.95     28.661     28.421     4.8672     4.8533    -0.0139     4.8651     4.8512    -0.0139   3.250771   3.249534  -0.001237    34.0225    34.0224     7.4787    26.9156    26.9170          5  0.000e+00
      62522 293.487651  -47.10710  -56.55256      0.011    1468.95     28.597     28.357     4.8674     4.8521    -0.0153     4.8653     4.8500    -0.0153   3.250717   3.249451  -0.001266    34.0217    34.0227     7.4831    26.9149    26.9174          5  0.000e+00
      62523 293.487651  -47.10710  -56.55256      0.013    1468.95     28.661     28.421     4.8679     4.8512    -0.0166     4.8658     4.8491    -0.0166   3.250717   3.249391  -0.001326    34.0212    34.0229     7.4836    26.9145    26.9177          5  0.000e+00
      62524 293.487652  -47.10710  -56.55256      0.014    1468.95     28.653     28.413     4.8684     4.8505    -0.0179     4.8663     4.8484    -0.0179   3.250795   3.249332  -0.001463    34.0216    34.0230     7.4840    26.9147    26.9178          5  0.000e+00
      62525 293.487652  -47.10710  -56.55256      0.012    1468.95     28.605     28.365     4.8687     4.8498    -0.0189     4.8666     4.8477    -0.0189   3.250747   3.249302  -0.001445    34.0207    34.0233     7.4844    26.9140    26.9182          5  0.000e+00
      62526 293.487653  -47.10710  -56.55256      0.018    1468.95     28.717     28.477     4.8689     4.8499    -0.0190     4.8667     4.8478    -0.0190   3.250795   3.249266  -0.001529    34.0211    34.0228     7.4797    26.9143    26.9178          5  0.000e+00
      62527 293.487653  -47.10710  -56.55256      0.016    1468.95     28.605     28.365     4.8682     4.8511    -0.0171     4.8661     4.8490    -0.0171   3.250705   3.249391  -0.001314    34.0208    34.0231     7.4842    26.9141    26.9179          5  0.000e+00
      62528 293.487654  -47.10710  -56.55256      0.020    1468.95     28.653     28.413     4.8679     4.8516    -0.0163     4.8658     4.8494    -0.0163   3.250578   3.249480  -0.001098    34.0196    34.0236     7.4796    26.9132    26.9182          5  0.000e+00
      62529 293.487654  -47.10710  -56.55256      0.022    1468.95     28.661     28.421     4.8674     4.8533    -0.0141     4.8653     4.8512    -0.0141   3.250482   3.249623  -0.000859    34.0190    34.0234     7.4796    26.9128    26.9179          5  0.000e+00
      62530 293.487655  -47.10710  -56.55256      0.023    1468.95     28.653     28.413     4.8644     4.8553    -0.0091     4.8622     4.8532    -0.0091   3.250192   3.249736  -0.000456    34.0187    34.0227     7.4801    26.9129    26.9171          5  0.000e+00
      62531 293.487655  -47.10710  -56.55256      0.020    1468.95     28.605     28.365     4.8600     4.8575    -0.0026     4.8579     4.8553    -0.0026   3.249969   3.249867  -0.000102    34.0206    34.0221     7.4807    26.9149    26.9163          5  0.000e+00
      62532 293.487656  -47.10710  -56.55256      0.025    1468.95     28.717     28.477     4.8570     4.8593     0.0023     4.8549     4.8572     0.0023   3.249854   3.249926   0.000072    34.0223    34.0208     7.4813    26.9166    26.9151          5  0.000e+00
      62533 293.487656  -47.10710  -56.55256      0.026    1468.95     28.661     28.421     4.8553     4.8583     0.0030     4.8532     4.8561     0.0030   3.249794   3.249754  -0.000040    34.0234    34.0199     7.4815    26.9176    26.9145          5  0.000e+00
      62534 293.487657  -47.10710  -56.55256      0.030    1468.95     28.653     28.413     4.8537     4.8524    -0.0013     4.8515     4.8502    -0.0013   3.249782   3.249433  -0.000349    34.0249    34.0222     7.4817    26.9190    26.9170          5  0.000e+00
      62535 293.487657  -47.10710  -56.55256      0.030    1468.95     28.661     28.421     4.8504     4.8447    -0.0057     4.8483     4.8426    -0.0057   3.249643   3.248886  -0.000757    34.0267    34.0237     7.4823    26.9208    26.9190          5  0.000e+00
      62536 293.487658  -47.10710  -56.55256      0.034    1468.95     28.718     28.477     4.8480     4.8383    -0.0098     4.8459     4.8361    -0.0098   3.249474   3.248214  -0.001260    34.0271    34.0225     7.4829    26.9214    26.9188          5  0.000e+00
      62537 293.487658  -47.10710  -56.55256      0.034    1468.95     28.661     28.421     4.8480     4.8322    -0.0158     4.8459     4.8301    -0.0158   3.249486   3.247692  -0.001795    34.0273    34.0226     7.4776    26.9215    26.9196          5  0.000e+00
      62538 293.487659  -47.10710  -56.55256      0.034    1468.95     28.653     28.413     4.8488     4.8274    -0.0215     4.8467     4.8253    -0.0215   3.249450   3.247353  -0.002097    34.0260    34.0237     7.4823    26.9204    26.9210          5  0.000e+00
      62539 293.487659  -47.10710  -56.55256      0.034    1468.95     28.661     28.421     4.8492     4.8246    -0.0245     4.8470     4.8225    -0.0245   3.249444   3.247145  -0.002299    34.0256    34.0241     7.4824    26.9201    26.9216          5  0.000e+00
      62540 293.487660  -47.10710  -56.55256      0.038    1468.95     28.718     28.477     4.8488     4.8235    -0.0254     4.8467     4.8214    -0.0254   3.249468   3.247121  -0.002347    34.0262    34.0249     7.4827    26.9206    26.9224          5  0.000e+00
      62541 293.487660  -47.10710  -56.55256      0.037    1468.95     28.661     28.421     4.8495     4.8249    -0.0245     4.8473     4.8228    -0.0245   3.249420   3.247157  -0.002263    34.0250    34.0239     7.4828    26.9196    26.9214          5  0.000e+00
      62542 293.487661  -47.10710  -56.55256      0.047    1468.95     28.774     28.533     4.8496     4.8263    -0.0233     4.8475     4.8242    -0.0233   3.249456   3.247276  -0.002181    34.0252    34.0238     7.4831    26.9197    26.9212          5  0.000e+00
      62543 293.487661  -47.10710  -56.55256      0.046    1468.95     28.661     28.421     4.8485     4.8291    -0.0195     4.8464     4.8269    -0.0195   3.249390   3.247418  -0.001972    34.0256    34.0227     7.4835    26.9202    26.9200          5  0.000e+00
      62544 293.487662  -47.10710  -56.55256      0.048    1468.95     28.718     28.477     4.8469     4.8321    -0.0148     4.8448     4.8300    -0.0148   3.249143   3.247638  -0.001505    34.0244    34.0221     7.4842    26.9194    26.9192          5  0.000e+00
      62545 293.487662  -47.10710  -56.55256      0.050    1468.95     28.726     28.485     4.8458     4.8360    -0.0098     4.8437     4.8339    -0.0098   3.249004   3.247894  -0.001110    34.0239    34.0211     7.4848    26.9191    26.9180          5  0.000e+00
      62546 293.487663  -47.10710  -56.55256      0.049    1468.95     28.653     28.413     4.8414     4.8400    -0.0014     4.8393     4.8379    -0.0014   3.248733   3.248226  -0.000506    34.0253    34.0209     7.4859    26.9207    26.9174          5  0.000e+00
      62547 293.487663  -47.10710  -56.55256      0.054    1468.95     28.726     28.485     4.8359     4.8444     0.0085     4.8337     4.8423     0.0085   3.248190   3.248535   0.000346    34.0246    34.0199     7.4875    26.9208    26.9161          5  0.000e+00
      62548 293.487663  -47.10710  -56.55256      0.056    1468.95     28.718     28.477     4.8374     4.8459     0.0084     4.8353     4.8438     0.0084   3.247985   3.248773   0.000788    34.0207    34.0212     7.4879    26.9175    26.9169          5  0.000e+00
      62549 293.487664  -47.10710  -56.55256      0.060    1468.95     28.782     28.541     4.8394     4.8430     0.0036     4.8372     4.8409     0.0036   3.247985   3.248773   0.000788    34.0186    34.0241     7.4881    26.9156    26.9195          5  0.000e+00
      62550 293.487664  -47.10710  -56.55256      0.058    1468.95     28.653     28.413     4.8395     4.8373    -0.0022     4.8374     4.8352    -0.0022   3.248069   3.248399   0.000330    34.0196    34.0257     7.4877    26.9164    26.9215          5  0.000e+00
      62551 293.487665  -47.10710  -56.55256      0.058    1468.95     28.718     28.477     4.8402     4.8303    -0.0099     4.8380     4.8282    -0.0099   3.248202   3.247929  -0.000273    34.0204    34.0273     7.4880    26.9169    26.9236          5  0.000e+00
      62552 293.487665  -47.10710  -56.55256      0.059    1468.95     28.726     28.485     4.8413     4.8256    -0.0157     4.8392     4.8235    -0.0157   3.248413   3.247543  -0.000870    34.0217    34.0277     7.4883    26.9178    26.9244          5  0.000e+00
