Pos-Processados/process_op42/operantar42_047.cnv
* Sea-Bird SBE 9 Data File:
* FileName = C:\Users\Hidrografia\Desktop\OPXLII\Brutos\OP42047.hdr
* Software Version Seasave V 7.26.7.107
* Temperature SN = 6502
* Conductivity SN = 4998
* Number of Bytes Per Scan = 37
* Number of Voltage Words = 4
* Number of Scans Averaged by the Deck Unit = 1
* NMEA Latitude = 62 08.18 S
* NMEA Longitude = 058 26.60 W
* NMEA UTC (Time) = Nov 09 2023 22:04:48
* NMEA baud rate = 4800
** H41
** NPOALTEMAXIMIANO
** NUMERO DA ESTACAO (XXX) 047
** LAT (XX XX.XX S/N) 62 08. S
** LONG (XXX XX.XX W/E) 058 26. W
** DATAHORA (dd/mm/aaaa hh:mm Z) 09/11/2023 2205Z
** PROFUNDIDADE (m) 424
** OPERADOR 1T ZAMITH
# nquan = 30
# nvalues = 758                         
# units = specified
# name 0 = scan: Scan Count
# name 1 = timeJ: Julian Days
# name 2 = latitude: Latitude [deg]
# name 3 = longitude: Longitude [deg]
# name 4 = dz/dtM: Descent Rate [m/s]
# name 5 = avgsvCM: Average Sound Velocity [Chen-Millero, m/s]
# name 6 = prDM: Pressure, Digiquartz [db]
# name 7 = depSM: Depth [salt water, m]
# name 8 = t090C: Temperature [ITS-90, deg C]
# name 9 = t190C: Temperature, 2 [ITS-90, deg C]
# name 10 = T2-T190C: Temperature Difference, 2 - 1 [ITS-90, deg C]
# name 11 = potemp090C: Potential Temperature [ITS-90, deg C]
# name 12 = potemp190C: Potential Temperature, 2 [ITS-90, deg C]
# name 13 = potemp90Cdiff: Potential Temperature, Diff, 2 - 1 [ITS-90, deg C]
# name 14 = c0S/m: Conductivity [S/m]
# name 15 = c1S/m: Conductivity, 2 [S/m]
# name 16 = C2-C1S/m: Conductivity Difference, 2 - 1 [S/m]
# name 17 = sal00: Salinity, Practical [PSU]
# name 18 = sal11: Salinity, Practical, 2 [PSU]
# name 19 = sbeox0ML/L: Oxygen, SBE 43 [ml/l]
# name 20 = sigma-é00: Density [sigma-theta, kg/m^3]
# name 21 = sigma-é11: Density, 2 [sigma-theta, kg/m^3]
# name 22 = sal00: Salinity, Practical [PSU]
# name 23 = sigma-é00: Density [sigma-theta, kg/m^3]
# name 24 = svCM: Sound Velocity [Chen-Millero, m/s]
# name 25 = svCM1: Sound Velocity, 2 [Chen-Millero, m/s]
# name 26 = gsw_ptA0: potential temperature [ITS-90, deg C]
# name 27 = gsw_densityA0: density, TEOS-10 [density, kg/m^3]
# name 28 = gsw_saA0: Absolute Salinity [g/kg]
# name 29 = flag:
# span 0 =       3680,      24003       
# span 1 = 313.921774, 313.931575       
# span 2 =  -62.14044,  -62.13700       
# span 3 =  -58.44264,  -58.43722       
# span 4 =     -1.256,      1.101       
# span 5 =      -0.00,    1448.34       
# span 6 =      3.000,    382.000       
# span 7 =      3.000,    377.967       
# span 8 =    -0.7990,    -0.4888       
# span 9 =    -0.7986,    -0.4882       
# span 10 =    -0.0133,     0.0152      
# span 11 =    -0.8055,    -0.5018      
# span 12 =    -0.8051,    -0.5012      
# span 13 =    -0.0132,     0.0152      
# span 14 =   2.793571,   2.834954      
# span 15 =   2.793967,   2.834921      
# span 16 =  -0.001084,   0.001372      
# span 17 =    34.2747,    34.4052      
# span 18 =    34.2721,    34.4041      
# span 19 =     6.6502,     7.8420      
# span 20 =    27.5464,    27.6505      
# span 21 =    27.5438,    27.6496      
# span 22 =    34.2749,    34.4052      
# span 23 =    27.5466,    27.6505      
# span 24 =    1445.68,    1452.30      
# span 25 =    1445.68,    1452.30      
# span 26 =    -0.8053,    -0.5016      
# span 27 =  1027.5681,  1029.4716      
# span 28 =    34.4368,    34.5740      
# span 29 = 0.0000e+00, 0.0000e+00      
# interval = decibars: 1                
# start_time = Nov 09 2023 22:04:48 [NMEA time, header]
# bad_flag = -9.990e-29
*END*
[from data line 49]
       5089 313.922454  -62.13722  -58.44226      1.081    1446.03     53.000     52.485    -0.5483    -0.5472     0.0010    -0.5499    -0.5488     0.0010   2.805455   2.805471   0.000012    34.2771    34.2761     7.7241    27.5491    27.5482    34.2771    27.5490    1446.49    1446.50    -0.5499  1027.8072    34.4427 0.0000e+00
       5112 313.922465  -62.13723  -58.44225      1.071    1446.03     54.000     53.475    -0.5488    -0.5475     0.0012    -0.5504    -0.5492     0.0012   2.805466   2.805476   0.000009    34.2772    34.2760     7.7350    27.5492    27.5481    34.2772    27.5491    1446.51    1446.51    -0.5504  1027.8121    34.4428 0.0000e+00
       5135 313.922476  -62.13724  -58.44224      1.026    1446.03     55.000     54.465    -0.5517    -0.5499     0.0017    -0.5533    -0.5516     0.0017   2.805291   2.805327   0.000040    34.2779    34.2764     7.7401    27.5498    27.5485    34.2775    27.5495    1446.51    1446.52    -0.5533  1027.8174    34.4433 0.0000e+00
       5160 313.922488  -62.13724 -9.990e-29      0.996    1446.03     56.000     55.455    -0.5515    -0.5516    -0.0001    -0.5532    -0.5533    -0.0001   2.805327   2.805267  -0.000060    34.2770    34.2763     7.7439    27.5491    27.5485    34.2772    27.5492    1446.53    1446.53    -0.5531  1027.8225    34.4437 0.0000e+00
       5183 313.922499  -62.13724 -9.990e-29      1.000    1446.03     57.000     56.445    -0.5492    -0.5480     0.0012    -0.5510    -0.5497     0.0012   2.805548   2.805575   0.000025    34.2769    34.2759     7.7443    27.5489    27.5480    34.2770    27.5490    1446.55    1446.56    -0.5509  1027.8271    34.4436 0.0000e+00
       5207 313.922510  -62.13724 -9.990e-29      1.021    1446.03     58.000     57.435    -0.5489    -0.5481     0.0008    -0.5507    -0.5499     0.0008   2.805616   2.805617  -0.000002    34.2769    34.2760     7.7453    27.5489    27.5481    34.2769    27.5489    1446.57    1446.57    -0.5506  1027.8318    34.4435 0.0000e+00
       5229 313.922521  -62.13724 -9.990e-29      1.050    1446.03     59.000     58.426    -0.5506    -0.5494     0.0012    -0.5523    -0.5512     0.0012   2.805555   2.805566   0.000012    34.2774    34.2762     7.7414    27.5494    27.5484    34.2774    27.5493    1446.58    1446.58    -0.5523  1027.8370    34.4440 0.0000e+00
       5251 313.922532  -62.13724  -58.44222      1.072    1446.03     60.000     59.416    -0.5492    -0.5482     0.0010    -0.5510    -0.5500     0.0010   2.805697   2.805704   0.000022    34.2769    34.2760     7.7386    27.5489    27.5481    34.2771    27.5491    1446.60    1446.61    -0.5510  1027.8379    34.4392 0.0000e+00
       5274 313.922543 -9.990e-29  -58.44222      1.064    1446.03     61.000     60.406    -0.5489    -0.5483     0.0006    -0.5508    -0.5501     0.0006   2.805792   2.805747  -0.000038    34.2774    34.2762     7.7431    27.5493    27.5483    34.2774    27.5493    1446.62    1446.62    -0.5507  1027.8426    34.4391 0.0000e+00
       5300 313.922555 -9.990e-29  -58.44221      1.006    1446.03     62.000     61.396    -0.5521    -0.5516     0.0005    -0.5539    -0.5534     0.0005   2.805466   2.805514   0.000031    34.2765    34.2764     7.7489    27.5488    27.5487    34.2760    27.5483    1446.62    1446.62    -0.5539  1027.8463    34.4376 0.0000e+00
       5326 313.922568 -9.990e-29  -58.44220      0.902    1446.03     63.000     62.386    -0.5547    -0.5542     0.0004    -0.5566    -0.5562     0.0004   2.805387   2.805364  -0.000018    34.2772    34.2764     7.7585    27.5494    27.5488    34.2773    27.5495    1446.63    1446.63    -0.5566  1027.8523    34.4389 0.0000e+00
       5352 313.922580  -62.13728  -58.44220      0.930    1446.03     64.000     63.376    -0.5526    -0.5525    -0.0000    -0.5545    -0.5545    -0.0000   2.805611   2.805539  -0.000061    34.2771    34.2763     7.7688    27.5492    27.5486    34.2773    27.5494    1446.65    1446.65    -0.5545  1027.8597    34.4424 0.0000e+00
       5377 313.922593  -62.13728  -58.44219      0.937    1446.03     65.000     64.366    -0.5519    -0.5507     0.0012    -0.5539    -0.5527     0.0012   2.805722   2.805724  -0.000009    34.2775    34.2760     7.7673    27.5495    27.5482    34.2774    27.5494    1446.67    1446.68    -0.5538  1027.8650    34.4431 0.0000e+00
       5401 313.922604  -62.13728  -58.44218      0.980    1446.03     66.000     65.356    -0.5528    -0.5528    -0.0000    -0.5548    -0.5548    -0.0000   2.805691   2.805609  -0.000073    34.2775    34.2765     7.7647    27.5496    27.5488    34.2774    27.5495    1446.68    1446.68    -0.5548  1027.8699    34.4431 0.0000e+00
       5423 313.922615  -62.13728  -58.44218      1.047    1446.03     67.000     66.346    -0.5552    -0.5541     0.0011    -0.5572    -0.5561     0.0011   2.805519   2.805549   0.000028    34.2775    34.2766     7.7704    27.5497    27.5489    34.2772    27.5494    1446.69    1446.69    -0.5572  1027.8746    34.4429 0.0000e+00
       5444 313.922625  -62.13728  -58.44218      1.100    1446.03     68.000     67.337    -0.5560    -0.5556     0.0003    -0.5580    -0.5577     0.0003   2.805522   2.805492  -0.000030    34.2775    34.2767     7.7617    27.5497    27.5490    34.2775    27.5497    1446.70    1446.70    -0.5580  1027.8796    34.4432 0.0000e+00
       5467 313.922636  -62.13728  -58.44217      1.101    1446.03     69.000     68.326    -0.5547    -0.5541     0.0006    -0.5568    -0.5562     0.0006   2.805666   2.805652  -0.000017    34.2773    34.2764     7.7605    27.5495    27.5487    34.2774    27.5495    1446.72    1446.72    -0.5567  1027.8843    34.4431 0.0000e+00
       5490 313.922647  -62.13729  -58.44216      1.057    1446.03     70.000     69.317    -0.5550    -0.5535     0.0015    -0.5571    -0.5556     0.0015   2.805704   2.805741   0.000038    34.2776    34.2764     7.7595    27.5497    27.5487    34.2776    27.5497    1446.74    1446.74    -0.5571  1027.8893    34.4433 0.0000e+00
       5513 313.922658  -62.13730  -58.44216      1.021    1446.03     71.000     70.307    -0.5549    -0.5540     0.0009    -0.5571    -0.5562     0.0009   2.805739   2.805751   0.000006    34.2775    34.2765     7.7584    27.5497    27.5489    34.2774    27.5495    1446.76    1446.76    -0.5570  1027.8939    34.4431 0.0000e+00
       5537 313.922670  -62.13730  -58.44216      1.008    1446.03     72.000     71.297    -0.5562    -0.5556     0.0006    -0.5584    -0.5578     0.0006   2.805683   2.805669  -0.000015    34.2776    34.2767     7.7719    27.5498    27.5490    34.2774    27.5497    1446.76    1446.76    -0.5583  1027.8988    34.4432 0.0000e+00
       5561 313.922681  -62.13730  -58.44215      1.012    1446.03     73.000     72.287    -0.5569    -0.5561     0.0008    -0.5591    -0.5583     0.0008   2.805679   2.805670  -0.000010    34.2777    34.2766     7.7808    27.5499    27.5490    34.2776    27.5498    1446.78    1446.78    -0.5591  1027.9037    34.4433 0.0000e+00
       5584 313.922693  -62.13731  -58.44214      1.023    1446.03     74.000     73.277    -0.5591    -0.5587     0.0004    -0.5614    -0.5610     0.0004   2.805522   2.805492  -0.000014    34.2779    34.2773     7.7916    27.5502    27.5497    34.2773    27.5497    1446.78    1446.78    -0.5613  1027.9084    34.4431 0.0000e+00
       5608 313.922704  -62.13732  -58.44214      1.020    1446.03     75.000     74.267    -0.5672    -0.5658     0.0013    -0.5695    -0.5681     0.0013   2.804958   2.804990   0.000020    34.2790    34.2778     7.8008    27.5514    27.5504    34.2782    27.5508    1446.76    1446.77    -0.5694  1027.9143    34.4440 0.0000e+00
       5633 313.922716  -62.13732  -58.44213      0.994    1446.03     76.000     75.257    -0.5676    -0.5690    -0.0015    -0.5699    -0.5713    -0.0015   2.804948   2.804775  -0.000161    34.2785    34.2779     7.7979    27.5510    27.5506    34.2779    27.5506    1446.78    1446.77    -0.5698  1027.9189    34.4437 0.0000e+00
       5657 313.922728  -62.13732  -58.44212      0.985    1446.03     77.000     76.247    -0.5705    -0.5703     0.0002    -0.5728    -0.5726     0.0002   2.804769   2.804733  -0.000037    34.2784    34.2776     7.7891    27.5511    27.5505    34.2782    27.5509    1446.78    1446.78    -0.5728  1027.9240    34.4440 0.0000e+00
       5680 313.922739  -62.13732  -58.44212      1.011    1446.03     78.000     77.237    -0.5664    -0.5661     0.0002    -0.5687    -0.5685     0.0002   2.805074   2.805084  -0.000002    34.2772    34.2769     7.8012    27.5499    27.5497    34.2770    27.5498    1446.81    1446.81    -0.5687  1027.9276    34.4428 0.0000e+00
       5702 313.922749  -62.13732  -58.44212      1.056    1446.03     79.000     78.227    -0.5670    -0.5672    -0.0002    -0.5694    -0.5695    -0.0002   2.805074   2.805060  -0.000019    34.2771    34.2771     7.8119    27.5499    27.5499    34.2771    27.5499    1446.83    1446.83    -0.5693  1027.9325    34.4429 0.0000e+00
       5724 313.922760  -62.13732  -58.44212      1.084    1446.30     80.000     79.217    -0.5673    -0.5662     0.0011    -0.5697    -0.5686     0.0011   2.805146   2.805177   0.000045    34.2779    34.2772     7.8183    27.5505    27.5499    34.2778    27.5505    1446.84    1446.85    -0.5697  1027.9379    34.4436 0.0000e+00
       5747 313.922771  -62.13734  -58.44210      1.083    1446.43     81.000     80.207    -0.5656    -0.5649     0.0007    -0.5681    -0.5674     0.0007   2.805346   2.805336  -0.000014    34.2778    34.2768     7.8407    27.5504    27.5496    34.2780    27.5506    1446.87    1446.87    -0.5680  1027.9405    34.4410 0.0000e+00
       5770 313.922782 -9.990e-29  -58.44210      1.055    1446.43     82.000     81.197    -0.5642    -0.5634     0.0008    -0.5667    -0.5659     0.0008   2.805504   2.805501  -0.000002    34.2779    34.2769     7.8420    27.5504    27.5496    34.2779    27.5504    1446.89    1446.89    -0.5666  1027.9440    34.4396 0.0000e+00
       5794 313.922794 -9.990e-29  -58.44210      1.019    1446.43     83.000     82.187    -0.5647    -0.5631     0.0016    -0.5673    -0.5656     0.0016   2.805528   2.805565   0.000023    34.2784    34.2769     7.8134    27.5508    27.5495    34.2782    27.5507    1446.91    1446.91    -0.5672  1027.9490    34.4398 0.0000e+00
       5818 313.922805 -9.990e-29  -58.44208      1.000    1446.43     84.000     83.177    -0.5688    -0.5670     0.0018    -0.5714    -0.5696     0.0018   2.805261   2.805285   0.000029    34.2790    34.2774     7.7830    27.5515    27.5501    34.2786    27.5512    1446.90    1446.91    -0.5713  1027.9544    34.4402 0.0000e+00
       5841 313.922817  -62.13736  -58.44208      1.004    1446.43     85.000     84.167    -0.5695    -0.5689     0.0006    -0.5721    -0.5715     0.0006   2.805218   2.805190  -0.000033    34.2784    34.2773     7.7465    27.5511    27.5501    34.2782    27.5509    1446.91    1446.92    -0.5720  1027.9604    34.4418 0.0000e+00
       5864 313.922828  -62.13736  -58.44208      1.029    1446.43     86.000     85.157    -0.5706    -0.5695     0.0011    -0.5732    -0.5721     0.0011   2.805205   2.805175  -0.000029    34.2789    34.2772     7.7188    27.5515    27.5501    34.2786    27.5513    1446.93    1446.93    -0.5731  1027.9674    34.4445 0.0000e+00
       5887 313.922838  -62.13736  -58.44208      1.061    1446.43     87.000     86.147    -0.5712    -0.5705     0.0007    -0.5739    -0.5731     0.0007   2.805175   2.805140  -0.000032    34.2784    34.2771     7.7026    27.5511    27.5501    34.2783    27.5510    1446.94    1446.94    -0.5738  1027.9720    34.4443 0.0000e+00
       5909 313.922849  -62.13736  -58.44206      1.075    1446.43     88.000     87.137    -0.5736    -0.5725     0.0012    -0.5763    -0.5751     0.0012   2.805023   2.805027   0.000008    34.2789    34.2777     7.6780    27.5517    27.5506    34.2784    27.5512    1446.94    1446.95    -0.5762  1027.9770    34.4444 0.0000e+00
       5932 313.922860  -62.13736  -58.44206      1.058    1446.43     89.000     88.127    -0.5772    -0.5762     0.0010    -0.5799    -0.5789     0.0010   2.804788   2.804769  -0.000036    34.2795    34.2778     7.6776    27.5522    27.5509    34.2787    27.5516    1446.94    1446.95    -0.5798  1027.9821    34.4445 0.0000e+00
       5955 313.922871 -9.990e-29  -58.44206      1.040    1446.43     90.000     89.117    -0.5862    -0.5856     0.0006    -0.5889    -0.5883     0.0006   2.804072   2.804060  -0.000005    34.2794    34.2787     7.6764    27.5526    27.5520    34.2785    27.5519    1446.92    1446.92    -0.5889  1027.9838    34.4402 0.0000e+00
       5979 313.922883 -9.990e-29  -58.44206      1.022    1446.43     91.000     90.107    -0.5910    -0.5882     0.0028    -0.5938    -0.5910     0.0028   2.803714   2.803860   0.000147    34.2801    34.2789     7.6776    27.5533    27.5523    34.2785    27.5521    1446.91    1446.92    -0.5937  1027.9888    34.4402 0.0000e+00
       6003 313.922894 -9.990e-29  -58.44204      1.004    1446.43     92.000     91.097    -0.5956    -0.5996    -0.0040    -0.5984    -0.6024    -0.0040   2.803353   2.803024  -0.000307    34.2791    34.2794     7.6769    27.5527    27.5532    34.2783    27.5521    1446.91    1446.89    -0.5983  1027.9936    34.4399 0.0000e+00
       6026 313.922906 -9.990e-29  -58.44204      1.016    1446.43     93.000     92.087    -0.6025    -0.6017     0.0009    -0.6054    -0.6045     0.0009   2.802819   2.802857   0.000017    34.2799    34.2791     7.6742    27.5537    27.5531    34.2783    27.5524    1446.89    1446.89    -0.6052  1027.9987    34.4399 0.0000e+00
       6048 313.922916  -62.13738  -58.44204      1.055    1446.43     94.000     93.077    -0.6089    -0.6083     0.0006    -0.6117    -0.6111     0.0006   2.802345   2.802340  -0.000011    34.2800    34.2792     7.6773    27.5541    27.5534    34.2785    27.5529    1446.88    1446.88    -0.6117  1028.0067    34.4436 0.0000e+00
       6071 313.922927  -62.13739  -58.44204      1.075    1446.43     95.000     94.067    -0.6124    -0.6112     0.0012    -0.6153    -0.6141     0.0012   2.802115   2.802153   0.000038    34.2797    34.2789     7.6706    27.5540    27.5533    34.2787    27.5532    1446.88    1446.88    -0.6152  1028.0127    34.4449 0.0000e+00
       6096 313.922939  -62.13740  -58.44203      1.018    1446.43     96.000     95.057    -0.6143    -0.6125     0.0018    -0.6172    -0.6154     0.0018   2.802016   2.802096   0.000072    34.2800    34.2790     7.6544    27.5543    27.5534    34.2789    27.5534    1446.88    1446.89    -0.6171  1028.0177    34.4451 0.0000e+00
       6126 313.922954  -62.13740  -58.44202      0.826    1446.43     97.000     96.047    -0.6166    -0.6157     0.0009    -0.6195    -0.6186     0.0009   2.801860   2.801866   0.000016    34.2796    34.2788     7.6490    27.5541    27.5534    34.2788    27.5534    1446.89    1446.89    -0.6194  1028.0225    34.4449 0.0000e+00
       6156 313.922968  -62.13740  -58.44202      0.793    1446.43     98.000     97.037    -0.6174    -0.6164     0.0010    -0.6204    -0.6194     0.0010   2.801843   2.801835  -0.000012    34.2797    34.2784     7.6410    27.5542    27.5531    34.2789    27.5536    1446.90    1446.91    -0.6203  1028.0274    34.4451 0.0000e+00
       6182 313.922981  -62.13741  -58.44200      0.880    1446.43     99.000     98.027    -0.6183    -0.6175     0.0007    -0.6212    -0.6205     0.0007   2.801827   2.801796  -0.000031    34.2797    34.2784     7.6418    27.5542    27.5532    34.2790    27.5537    1446.91    1446.92    -0.6212  1028.0323    34.4452 0.0000e+00
