Pos-Processados/process_op42/operantar42_022.ros
* Sea-Bird SBE 9 Data File:
* FileName = C:\Users\Hidrografia\Desktop\OPXLII\Brutos\OP42022.hdr
* Software Version Seasave V 7.26.7.107
* Temperature SN = 6502
* Conductivity SN = 4998
* Number of Bytes Per Scan = 37
* Number of Voltage Words = 4
* Number of Scans Averaged by the Deck Unit = 1
* NMEA Latitude = 62 18.70 S
* NMEA Longitude = 058 31.66 W
* NMEA UTC (Time) = Nov 07 2023 22:53:42
* NMEA baud rate = 4800
** H41
** NPOALTEMAXIMIANO
** NUMERO DA ESTACAO (XXX) 022
** LAT (XX XX.XX S/N) 62 18.60 S
** LONG (XXX XX.XX W/E) 058 32.03 W
** DATAHORA (dd/mm/aaaa hh:mm Z) 07/11/2023 2251Z
** PROFUNDIDADE (m) 434
** OPERADOR 1T ZAMITH
# nquan = 24
# nvalues = 4172                                  
# units = specified
# name 0 = scan: Scan Count
# name 1 = timeJ: Julian Days
# name 2 = latitude: Latitude [deg]
# name 3 = longitude: Longitude [deg]
# name 4 = dz/dtM: Descent Rate [m/s]
# name 5 = avgsvCM: Average Sound Velocity [Chen-Millero, m/s]
# name 6 = prDM: Pressure, Digiquartz [db]
# name 7 = depSM: Depth [salt water, m]
# name 8 = t090C: Temperature [ITS-90, deg C]
# name 9 = t190C: Temperature, 2 [ITS-90, deg C]
# name 10 = T2-T190C: Temperature Difference, 2 - 1 [ITS-90, deg C]
# name 11 = potemp090C: Potential Temperature [ITS-90, deg C]
# name 12 = potemp190C: Potential Temperature, 2 [ITS-90, deg C]
# name 13 = potemp90Cdiff: Potential Temperature, Diff, 2 - 1 [ITS-90, deg C]
# name 14 = c0S/m: Conductivity [S/m]
# name 15 = c1S/m: Conductivity, 2 [S/m]
# name 16 = C2-C1S/m: Conductivity Difference, 2 - 1 [S/m]
# name 17 = sal00: Salinity, Practical [PSU]
# name 18 = sal11: Salinity, Practical, 2 [PSU]
# name 19 = sbeox0ML/L: Oxygen, SBE 43 [ml/l]
# name 20 = sigma-é00: Density [sigma-theta, kg/m^3]
# name 21 = sigma-é11: Density, 2 [sigma-theta, kg/m^3]
# name 22 = nbf: Bottles Fired
# name 23 = flag:  0.000e+00
# interval = seconds: 0.0416667
# start_time = Nov 07 2023 22:53:42 [NMEA time, header]
# bad_flag = -9.990e-29
*END*
[from data line 121]
      32188 311.969481  -62.31438  -58.50512     -0.017    1450.34     23.222     22.998    -0.6611    -0.6609     0.0002    -0.6618    -0.6615     0.0002   2.795244   2.795153  -0.000091    34.2857    34.2842     7.6452    27.5608    27.5596          1  0.000e+00
      32189 311.969481  -62.31438  -58.50512     -0.018    1450.34     23.158     22.934    -0.6609    -0.6609     0.0001    -0.6616    -0.6615     0.0001   2.795255   2.795153  -0.000102    34.2857    34.2842     7.6443    27.5608    27.5596          1  0.000e+00
      32190 311.969482  -62.31438  -58.50512     -0.016    1450.34     23.166     22.942    -0.6610    -0.6607     0.0004    -0.6617    -0.6614     0.0004   2.795158   2.795153  -0.000005    34.2845    34.2840     7.6447    27.5599    27.5595          1  0.000e+00
      32191 311.969482  -62.31438  -58.50512     -0.017    1450.34     23.222     22.998    -0.6611    -0.6609     0.0002    -0.6618    -0.6615     0.0002   2.795198   2.795130  -0.000068    34.2851    34.2839     7.6451    27.5603    27.5594          1  0.000e+00
      32192 311.969483  -62.31438  -58.50512     -0.018    1450.34     23.158     22.934    -0.6609    -0.6609     0.0001    -0.6616    -0.6615     0.0001   2.795323   2.795142  -0.000182    34.2866    34.2841     7.6442    27.5616    27.5595          1  0.000e+00
      32193 311.969483  -62.31438  -58.50512     -0.016    1450.34     23.222     22.998    -0.6606    -0.6607    -0.0001    -0.6613    -0.6614    -0.0001   2.795301   2.795153  -0.000148    34.2859    34.2840     7.6446    27.5610    27.5594          1  0.000e+00
      32194 311.969484  -62.31438  -58.50512     -0.020    1450.34     23.166     22.942    -0.6608    -0.6609    -0.0001    -0.6614    -0.6615    -0.0001   2.795147   2.795130  -0.000016    34.2840    34.2839     7.6441    27.5595    27.5594          1  0.000e+00
      32195 311.969484  -62.31438  -58.50512     -0.018    1450.34     23.158     22.934    -0.6609    -0.6607     0.0002    -0.6616    -0.6614     0.0002   2.795175   2.795130  -0.000045    34.2846    34.2837     7.6445    27.5600    27.5592          1  0.000e+00
      32196 311.969484  -62.31438  -58.50512     -0.022    1450.34     23.166     22.942    -0.6607    -0.6607     0.0000    -0.6614    -0.6614     0.0000   2.795278   2.795147  -0.000131    34.2857    34.2840     7.6449    27.5609    27.5594          1  0.000e+00
      32197 311.969485  -62.31438  -58.50512     -0.016    1450.34     23.222     22.998    -0.6608    -0.6604     0.0004    -0.6614    -0.6611     0.0004   2.795289   2.795170  -0.000120    34.2859    34.2839     7.6454    27.5610    27.5593          1  0.000e+00
      32198 311.969485  -62.31438  -58.50512     -0.020    1450.34     23.158     22.934    -0.6609    -0.6606     0.0004    -0.6616    -0.6612     0.0004   2.795147   2.795158   0.000012    34.2842    34.2840     7.6461    27.5596    27.5594          1  0.000e+00
      32199 311.969486  -62.31438  -58.50512     -0.017    1450.34     23.222     22.998    -0.6609    -0.6606     0.0003    -0.6615    -0.6612     0.0003   2.795192   2.795153  -0.000039    34.2847    34.2839     7.6403    27.5601    27.5593          1  0.000e+00
      32200 311.969486  -62.31438  -58.50512     -0.014    1450.34     23.222     22.998    -0.6609    -0.6606     0.0004    -0.6616    -0.6612     0.0004   2.795306   2.795170  -0.000137    34.2863    34.2841     7.6463    27.5614    27.5595          1  0.000e+00
      32201 311.969487  -62.31438  -58.50512     -0.015    1450.34     23.158     22.934    -0.6610    -0.6609     0.0002    -0.6617    -0.6615     0.0002   2.795232   2.795158  -0.000074    34.2855    34.2843     7.6470    27.5607    27.5597          1  0.000e+00
      32202 311.969487  -62.31438  -58.50512     -0.015    1450.34     23.166     22.942    -0.6611    -0.6604     0.0007    -0.6618    -0.6611     0.0007   2.795107   2.795170   0.000063    34.2839    34.2839     7.6479    27.5594    27.5594          1  0.000e+00
      32203 311.969488  -62.31438  -58.50512     -0.015    1450.34     23.166     22.942    -0.6609    -0.6606     0.0004    -0.6616    -0.6612     0.0004   2.795170   2.795175   0.000006    34.2845    34.2842     7.6486    27.5599    27.5596          1  0.000e+00
      32204 311.969488  -62.31438  -58.50510     -0.011    1450.34     23.278     23.054    -0.6610    -0.6607     0.0004    -0.6617    -0.6614     0.0004   2.795261   2.795175  -0.000085    34.2858    34.2843     7.6431    27.5609    27.5597          1  0.000e+00
      32205 311.969489  -62.31438  -58.50510     -0.011    1450.34     23.166     22.942    -0.6609    -0.6607     0.0002    -0.6616    -0.6614     0.0002   2.795238   2.795164  -0.000074    34.2855    34.2842     7.6429    27.5606    27.5596          1  0.000e+00
      32206 311.969489  -62.31438  -58.50510     -0.008    1450.34     23.222     22.998    -0.6608    -0.6604     0.0004    -0.6614    -0.6611     0.0004   2.795175   2.795153  -0.000022    34.2844    34.2837     7.6494    27.5598    27.5592          1  0.000e+00
      32207 311.969490  -62.31438  -58.50510     -0.008    1450.34     23.166     22.942    -0.6609    -0.6606     0.0003    -0.6615    -0.6612     0.0003   2.795227   2.795130  -0.000096    34.2852    34.2836     7.6504    27.5605    27.5591          1  0.000e+00
      32208 311.969490  -62.31438  -58.50510     -0.005    1450.34     23.222     22.998    -0.6606    -0.6606     0.0001    -0.6613    -0.6612     0.0001   2.795312   2.795159  -0.000154    34.2861    34.2839     7.6515    27.5611    27.5594          1  0.000e+00
      32209 311.969491  -62.31438  -58.50510     -0.008    1450.34     23.158     22.934    -0.6606    -0.6609    -0.0002    -0.6613    -0.6615    -0.0002   2.795295   2.795158  -0.000136    34.2859    34.2843     7.6462    27.5610    27.5597          1  0.000e+00
      32210 311.969491  -62.31438  -58.50510     -0.005    1450.34     23.166     22.942    -0.6604    -0.6607    -0.0003    -0.6611    -0.6614    -0.0003   2.795187   2.795153  -0.000034    34.2842    34.2840     7.6454    27.5596    27.5595          1  0.000e+00
      32211 311.969492  -62.31438  -58.50510     -0.005    1450.34     23.222     22.998    -0.6605    -0.6607    -0.0002    -0.6611    -0.6614    -0.0002   2.795227   2.795153  -0.000074    34.2848    34.2840     7.6510    27.5600    27.5594          1  0.000e+00
      32212 311.969492  -62.31438  -58.50510     -0.001    1450.34     23.222     22.998    -0.6607    -0.6607     0.0000    -0.6614    -0.6614     0.0000   2.795352   2.795130  -0.000222    34.2867    34.2837     7.6448    27.5616    27.5592          1  0.000e+00
      32213 311.969493  -62.31438  -58.50510     -0.005    1450.34     23.166     22.942    -0.6605    -0.6609    -0.0004    -0.6611    -0.6615    -0.0004   2.795323   2.795142  -0.000182    34.2861    34.2841     7.6503    27.5611    27.5595          1  0.000e+00
      32214 311.969493  -62.31438  -58.50510     -0.001    1450.34     23.222     22.998    -0.6605    -0.6604     0.0001    -0.6611    -0.6611     0.0001   2.795227   2.795153  -0.000074    34.2848    34.2837     7.6507    27.5600    27.5592          1  0.000e+00
      32215 311.969494  -62.31438  -58.50510     -0.001    1450.34     23.222     22.998    -0.6606    -0.6606     0.0000    -0.6613    -0.6612     0.0000   2.795249   2.795181  -0.000068    34.2852    34.2842     7.6510    27.5604    27.5596          1  0.000e+00
      32216 311.969494  -62.31438  -58.50510      0.003    1450.34     23.166     22.942    -0.6601    -0.6606    -0.0004    -0.6608    -0.6612    -0.0004   2.795335   2.795175  -0.000160    34.2859    34.2842     7.6446    27.5609    27.5596          1  0.000e+00
      32217 311.969495  -62.31438  -58.50510      0.003    1450.34     23.222     22.998    -0.6603    -0.6604    -0.0001    -0.6610    -0.6611    -0.0001   2.795318   2.795175  -0.000142    34.2858    34.2840     7.6504    27.5609    27.5594          1  0.000e+00
      32218 311.969495  -62.31438  -58.50510      0.003    1450.34     23.222     22.998    -0.6602    -0.6606    -0.0003    -0.6609    -0.6612    -0.0003   2.795204   2.795175  -0.000028    34.2842    34.2842     7.6508    27.5596    27.5596          1  0.000e+00
      32219 311.969496  -62.31438  -58.50510      0.006    1450.34     23.222     22.998    -0.6605    -0.6607    -0.0002    -0.6611    -0.6614    -0.0002   2.795221   2.795175  -0.000046    34.2847    34.2843     7.6511    27.5600    27.5597          1  0.000e+00
      32220 311.969496  -62.31438  -58.50510      0.006    1450.34     23.166     22.942    -0.6603    -0.6606    -0.0003    -0.6610    -0.6612    -0.0003   2.795323   2.795175  -0.000148    34.2859    34.2842     7.6513    27.5610    27.5596          1  0.000e+00
      32221 311.969497  -62.31438  -58.50510      0.007    1450.34     23.222     22.998    -0.6604    -0.6606    -0.0002    -0.6611    -0.6612    -0.0002   2.795318   2.795159  -0.000159    34.2859    34.2839     7.6516    27.5610    27.5594          1  0.000e+00
      32222 311.969497  -62.31438  -58.50510      0.010    1450.34     23.222     22.998    -0.6603    -0.6606    -0.0003    -0.6610    -0.6612    -0.0003   2.795244   2.795153  -0.000091    34.2848    34.2839     7.6455    27.5601    27.5593          1  0.000e+00
      32223 311.969497  -62.31438  -58.50510      0.010    1450.34     23.166     22.942    -0.6600    -0.6606    -0.0006    -0.6607    -0.6612    -0.0006   2.795272   2.795170  -0.000102    34.2849    34.2841     7.6512    27.5601    27.5595          1  0.000e+00
      32224 311.969498  -62.31438  -58.50510      0.010    1450.34     23.222     22.998    -0.6601    -0.6607    -0.0006    -0.6608    -0.6614    -0.0006   2.795301   2.795175  -0.000125    34.2854    34.2843     7.6516    27.5605    27.5597          1  0.000e+00
      32225 311.969498  -62.31438  -58.50510      0.010    1450.34     23.222     22.998    -0.6600    -0.6606    -0.0006    -0.6607    -0.6612    -0.0006   2.795323   2.795187  -0.000137    34.2855    34.2843     7.6454    27.5607    27.5597          1  0.000e+00
      32226 311.969499  -62.31438  -58.50510      0.010    1450.34     23.166     22.942    -0.6604    -0.6604     0.0000    -0.6611    -0.6611     0.0000   2.795249   2.795158  -0.000091    34.2850    34.2838     7.6513    27.5603    27.5592          2  0.000e+00
      32227 311.969499  -62.31438  -58.50510      0.010    1450.34     23.222     22.998    -0.6600    -0.6604    -0.0004    -0.6607    -0.6611    -0.0004   2.795272   2.795153  -0.000119    34.2848    34.2837     7.6516    27.5601    27.5592          2  0.000e+00
      32228 311.969500  -62.31438  -58.50508      0.014    1450.34     23.222     22.998    -0.6600    -0.6606    -0.0006    -0.6607    -0.6612    -0.0006   2.795301   2.795170  -0.000131    34.2852    34.2841     7.6456    27.5604    27.5595          2  0.000e+00
      32229 311.969500  -62.31438  -58.50508      0.010    1450.34     23.166     22.942    -0.6601    -0.6607    -0.0006    -0.6608    -0.6614    -0.0006   2.795266   2.795192  -0.000074    34.2849    34.2846     7.6514    27.5602    27.5599          2  0.000e+00
      32230 311.969501  -62.31438  -58.50508      0.013    1450.34     23.222     22.998    -0.6606    -0.6604     0.0003    -0.6613    -0.6611     0.0003   2.795113   2.795181   0.000068    34.2834    34.2840     7.6456    27.5590    27.5595          2  0.000e+00
      32231 311.969501  -62.31438  -58.50508      0.013    1450.34     23.222     22.998    -0.6611    -0.6607     0.0004    -0.6618    -0.6614     0.0004   2.795135   2.795175   0.000040    34.2842    34.2843     7.6516    27.5597    27.5597          2  0.000e+00
      32232 311.969502  -62.31438  -58.50508      0.016    1450.34     23.222     22.998    -0.6613    -0.6606     0.0008    -0.6620    -0.6612     0.0008   2.795227   2.795175  -0.000051    34.2857    34.2842     7.6456    27.5609    27.5596          2  0.000e+00
      32233 311.969502  -62.31438  -58.50508      0.012    1450.34     23.158     22.934    -0.6616    -0.6606     0.0010    -0.6622    -0.6612     0.0010   2.795215   2.795175  -0.000040    34.2859    34.2842     7.6515    27.5610    27.5596          2  0.000e+00
      32234 311.969503  -62.31438  -58.50508      0.008    1450.34     23.166     22.942    -0.6617    -0.6604     0.0013    -0.6624    -0.6611     0.0013   2.795118   2.795175   0.000057    34.2847    34.2840     7.6457    27.5601    27.5594          2  0.000e+00
      32235 311.969503  -62.31438  -58.50508      0.011    1450.34     23.222     22.998    -0.6613    -0.6603     0.0011    -0.6620    -0.6609     0.0011   2.795141   2.795187   0.000046    34.2846    34.2840     7.6516    27.5599    27.5594          2  0.000e+00
      32236 311.969504  -62.31438  -58.50508      0.011    1450.34     23.222     22.998    -0.6618    -0.6604     0.0015    -0.6625    -0.6611     0.0015   2.795192   2.795175  -0.000017    34.2858    34.2840     7.6458    27.5610    27.5594          2  0.000e+00
      32237 311.969504  -62.31438  -58.50508      0.014    1450.34     23.222     22.998    -0.6622    -0.6603     0.0020    -0.6629    -0.6609     0.0020   2.795181   2.795175  -0.000006    34.2861    34.2838     7.6454    27.5612    27.5593          2  0.000e+00
      32238 311.969505  -62.31438  -58.50508      0.010    1450.34     23.166     22.942    -0.6622    -0.6603     0.0019    -0.6629    -0.6609     0.0019   2.795090   2.795192   0.000102    34.2849    34.2841     7.6451    27.5602    27.5595          2  0.000e+00
      32239 311.969505  -62.31438  -58.50508      0.010    1450.34     23.222     22.998    -0.6622    -0.6603     0.0019    -0.6629    -0.6609     0.0019   2.795073   2.795181   0.000108    34.2846    34.2839     7.6448    27.5600    27.5594          2  0.000e+00
      32240 311.969506  -62.31438  -58.50508      0.009    1450.34     23.166     22.942    -0.6624    -0.6599     0.0025    -0.6631    -0.6606     0.0025   2.795130   2.795192   0.000063    34.2857    34.2837     7.6444    27.5609    27.5592          2  0.000e+00
      32241 311.969506  -62.31438  -58.50508      0.008    1450.34     23.222     22.998    -0.6625    -0.6604     0.0021    -0.6631    -0.6611     0.0021   2.795130   2.795203   0.000074    34.2857    34.2843     7.6442    27.5609    27.5597          2  0.000e+00
      32242 311.969507  -62.31438  -58.50508      0.011    1450.34     23.222     22.998    -0.6629    -0.6601     0.0028    -0.6636    -0.6608     0.0028   2.795021   2.795181   0.000160    34.2848    34.2837     7.6442    27.5602    27.5592          2  0.000e+00
      32243 311.969507  -62.31438  -58.50508      0.007    1450.34     23.166     22.942    -0.6629    -0.6601     0.0028    -0.6635    -0.6608     0.0028   2.794993   2.795192   0.000199    34.2843    34.2839     7.6440    27.5598    27.5593          2  0.000e+00
      32244 311.969508  -62.31438  -58.50508      0.006    1450.34     23.222     22.998    -0.6629    -0.6604     0.0025    -0.6636    -0.6611     0.0025   2.795067   2.795237   0.000170    34.2854    34.2848     7.6438    27.5607    27.5601          2  0.000e+00
      32245 311.969508  -62.31438  -58.50508      0.005    1450.34     23.222     22.998    -0.6626    -0.6599     0.0027    -0.6633    -0.6606     0.0027   2.795095   2.795220   0.000125    34.2854    34.2840     7.6437    27.5607    27.5594          2  0.000e+00
      32246 311.969509  -62.31438  -58.50508      0.008    1450.34     23.222     22.998    -0.6628    -0.6603     0.0025    -0.6634    -0.6609     0.0025   2.794993   2.795203   0.000211    34.2842    34.2842     7.6502    27.5597    27.5596          2  0.000e+00
      32247 311.969509  -62.31438  -58.50508      0.003    1450.34     23.166     22.942    -0.6631    -0.6601     0.0030    -0.6638    -0.6608     0.0030   2.794987   2.795220   0.000233    34.2845    34.2843     7.6447    27.5600    27.5596          2  0.000e+00
