Pos-Processados/process_op42/operantar42_017.ros
* Sea-Bird SBE 9 Data File:
* FileName = C:\Users\Hidrografia\Desktop\OPXLII\Brutos\OP42017.hdr
* Software Version Seasave V 7.26.7.107
* Temperature SN = 6502
* Conductivity SN = 4998
* Number of Bytes Per Scan = 37
* Number of Voltage Words = 4
* Number of Scans Averaged by the Deck Unit = 1
* NMEA Latitude = 62 11.60 S
* NMEA Longitude = 058 03.21 W
* NMEA UTC (Time) = Nov 07 2023 10:12:31
* NMEA baud rate = 4800
** H41
** NPOALTEMAXIMIANO
** NUMERO DA ESTACAO (XXX) 017
** LAT (XX XX.XX S/N) 62 11.58 S
** LONG (XXX XX.XX W/E) 058 03.19 W
** DATAHORA (dd/mm/aaaa hh:mm Z) 07/11/2023 1011Z
** PROFUNDIDADE (m) 523
** OPERADOR CT FABIREZA
# nquan = 24
# nvalues = 3893                                  
# units = specified
# name 0 = scan: Scan Count
# name 1 = timeJ: Julian Days
# name 2 = latitude: Latitude [deg]
# name 3 = longitude: Longitude [deg]
# name 4 = dz/dtM: Descent Rate [m/s]
# name 5 = avgsvCM: Average Sound Velocity [Chen-Millero, m/s]
# name 6 = prDM: Pressure, Digiquartz [db]
# name 7 = depSM: Depth [salt water, m]
# name 8 = t090C: Temperature [ITS-90, deg C]
# name 9 = t190C: Temperature, 2 [ITS-90, deg C]
# name 10 = T2-T190C: Temperature Difference, 2 - 1 [ITS-90, deg C]
# name 11 = potemp090C: Potential Temperature [ITS-90, deg C]
# name 12 = potemp190C: Potential Temperature, 2 [ITS-90, deg C]
# name 13 = potemp90Cdiff: Potential Temperature, Diff, 2 - 1 [ITS-90, deg C]
# name 14 = c0S/m: Conductivity [S/m]
# name 15 = c1S/m: Conductivity, 2 [S/m]
# name 16 = C2-C1S/m: Conductivity Difference, 2 - 1 [S/m]
# name 17 = sal00: Salinity, Practical [PSU]
# name 18 = sal11: Salinity, Practical, 2 [PSU]
# name 19 = sbeox0ML/L: Oxygen, SBE 43 [ml/l]
# name 20 = sigma-é00: Density [sigma-theta, kg/m^3]
# name 21 = sigma-é11: Density, 2 [sigma-theta, kg/m^3]
# name 22 = nbf: Bottles Fired
# name 23 = flag:  0.000e+00
# interval = seconds: 0.0416667
# start_time = Nov 07 2023 10:12:31 [NMEA time, header]
# bad_flag = -9.990e-29
*END*
[from data line 2717]
      38740 311.444041  -62.20116  -58.04884     -0.010    1449.99     15.393     15.244    -0.6346    -0.6346     0.0000    -0.6351    -0.6350     0.0000   2.796313   2.796246  -0.000067    34.2750    34.2740     7.5940    27.5510    27.5502         18  0.000e+00
      38741 311.444041  -62.20116  -58.04884     -0.010    1449.99     15.393     15.244    -0.6346    -0.6343     0.0003    -0.6351    -0.6347     0.0003   2.796450   2.796257  -0.000193    34.2768    34.2738     7.5939    27.5525    27.5501         18  0.000e+00
      38742 311.444042  -62.20116  -58.04884     -0.009    1449.99     15.393     15.244    -0.6346    -0.6343     0.0003    -0.6351    -0.6347     0.0003   2.796473   2.796274  -0.000199    34.2771    34.2741     7.5939    27.5528    27.5503         18  0.000e+00
      38743 311.444042  -62.20116  -58.04884     -0.008    1449.99     15.393     15.244    -0.6343    -0.6346    -0.0002    -0.6348    -0.6350    -0.0002   2.796427   2.796285  -0.000142    34.2762    34.2745     7.5938    27.5520    27.5507         18  0.000e+00
      38744 311.444043  -62.20116  -58.04884     -0.004    1449.99     15.393     15.244    -0.6348    -0.6345     0.0003    -0.6352    -0.6349     0.0003   2.796330   2.796263  -0.000068    34.2754    34.2741     7.5938    27.5514    27.5503         18  0.000e+00
      38745 311.444043  -62.20116  -58.04884      0.000    1449.99     15.393     15.244    -0.6350    -0.6347     0.0002    -0.6354    -0.6352     0.0002   2.796324   2.796274  -0.000051    34.2755    34.2746     7.5936    27.5515    27.5507         18  0.000e+00
      38746 311.444044  -62.20116  -58.04884      0.001    1449.99     15.449     15.300    -0.6356    -0.6345     0.0011    -0.6360    -0.6349     0.0011   2.796370   2.796285  -0.000085    34.2768    34.2744     7.5936    27.5525    27.5505         18  0.000e+00
      38747 311.444044  -62.20116  -58.04884      0.002    1449.99     15.393     15.244    -0.6354    -0.6342     0.0013    -0.6359    -0.6346     0.0013   2.796285   2.796285 4.8267e-07    34.2755    34.2741     7.5933    27.5515    27.5503         18  0.000e+00
      38748 311.444045  -62.20116  -58.04884      0.006    1449.99     15.393     15.244    -0.6357    -0.6343     0.0014    -0.6361    -0.6347     0.0014   2.796153   2.796319   0.000165    34.2740    34.2747     7.5931    27.5503    27.5507         18  0.000e+00
      38749 311.444045  -62.20116  -58.04884      0.010    1449.99     15.449     15.300    -0.6359    -0.6340     0.0019    -0.6363    -0.6344     0.0019   2.796074   2.796352   0.000279    34.2731    34.2747     7.5929    27.5496    27.5508         18  0.000e+00
      38750 311.444046  -62.20116  -58.04884      0.011    1449.99     15.393     15.244    -0.6359    -0.6338     0.0021    -0.6363    -0.6342     0.0021   2.796188   2.796386   0.000198    34.2747    34.2750     7.5924    27.5508    27.5510         18  0.000e+00
      38751 311.444046  -62.20116  -58.04884      0.015    1449.99     15.449     15.300    -0.6359    -0.6338     0.0021    -0.6363    -0.6343     0.0021   2.796267   2.796409   0.000141    34.2757    34.2753     7.5920    27.5517    27.5512         18  0.000e+00
      38752 311.444047  -62.20116  -58.04884      0.012    1449.99     15.393     15.245    -0.6357    -0.6342     0.0015    -0.6361    -0.6346     0.0015   2.796199   2.796392   0.000193    34.2747    34.2755     7.5915    27.5508    27.5514         18  0.000e+00
      38753 311.444047  -62.20116  -58.04884      0.019    1449.99     15.449     15.300    -0.6357    -0.6342     0.0015    -0.6362    -0.6346     0.0015   2.796091   2.796324   0.000234    34.2732    34.2746     7.5911    27.5496    27.5507         18  0.000e+00
      38754 311.444048  -62.20116  -58.04884      0.023    1449.99     15.457     15.308    -0.6357    -0.6345     0.0013    -0.6362    -0.6349     0.0013   2.796148   2.796246   0.000098    34.2739    34.2738     7.5905    27.5502    27.5501         18  0.000e+00
      38755 311.444048  -62.20116  -58.04884      0.023    1449.99     15.449     15.300    -0.6360    -0.6345     0.0016    -0.6365    -0.6349     0.0016   2.796256   2.796212  -0.000044    34.2758    34.2734     7.5834    27.5517    27.5497         18  0.000e+00
      38756 311.444049  -62.20116  -58.04882      0.027    1449.99     15.449     15.300    -0.6360    -0.6350     0.0010    -0.6365    -0.6355     0.0010   2.796245   2.796184  -0.000061    34.2756    34.2737     7.5818    27.5516    27.5500         18  0.000e+00
      38757 311.444049  -62.20116  -58.04882      0.030    1449.99     15.449     15.300    -0.6360    -0.6349     0.0011    -0.6365    -0.6354     0.0011   2.796131   2.796156   0.000025    34.2741    34.2732     7.5803    27.5504    27.5496         18  0.000e+00
      38758 311.444049  -62.20116  -58.04882      0.033    1449.99     15.449     15.300    -0.6359    -0.6347     0.0011    -0.6363    -0.6352     0.0011   2.796085   2.796117   0.000032    34.2733    34.2724     7.5851    27.5497    27.5490         18  0.000e+00
      38759 311.444050  -62.20116  -58.04882      0.040    1449.99     15.457     15.308    -0.6360    -0.6352     0.0008    -0.6365    -0.6357     0.0008   2.796210   2.796139  -0.000071    34.2752    34.2733     7.5780    27.5512    27.5497         18  0.000e+00
      38760 311.444050  -62.20116  -58.04882      0.039    1449.99     15.449     15.300    -0.6360    -0.6348     0.0012    -0.6365    -0.6353     0.0012   2.796273   2.796167  -0.000106    34.2760    34.2732     7.5762    27.5519    27.5496         18  0.000e+00
      38761 311.444051  -62.20116  -58.04882      0.046    1449.99     15.514     15.364    -0.6359    -0.6352     0.0007    -0.6363    -0.6357     0.0007   2.796222   2.796139  -0.000083    34.2751    34.2732     7.5811    27.5512    27.5496         18  0.000e+00
      38762 311.444051  -62.20116  -58.04882      0.048    1449.99     15.449     15.300    -0.6359    -0.6352     0.0007    -0.6363    -0.6357     0.0007   2.796114   2.796128   0.000014    34.2737    34.2731     7.5740    27.5500    27.5495         18  0.000e+00
      38763 311.444052  -62.20116  -58.04882      0.054    1449.99     15.514     15.364    -0.6357    -0.6352     0.0005    -0.6362    -0.6357     0.0005   2.796193   2.796083  -0.000110    34.2745    34.2725     7.5733    27.5507    27.5490         18  0.000e+00
      38764 311.444052  -62.20116  -58.04882      0.053    1449.99     15.457     15.308    -0.6359    -0.6352     0.0007    -0.6363    -0.6357     0.0007   2.796250   2.796088  -0.000162    34.2755    34.2726     7.5726    27.5515    27.5491         18  0.000e+00
      38765 311.444053  -62.20116  -58.04882      0.058    1449.99     15.514     15.364    -0.6360    -0.6355     0.0005    -0.6365    -0.6360     0.0005   2.796216   2.796100  -0.000116    34.2752    34.2730     7.5786    27.5513    27.5495         18  0.000e+00
      38766 311.444053  -62.20116  -58.04882      0.059    1449.99     15.449     15.301    -0.6362    -0.6352     0.0009    -0.6366    -0.6357     0.0009   2.796085   2.796100   0.000015    34.2736    34.2727     7.5727    27.5500    27.5492         18  0.000e+00
      38767 311.444054  -62.20116  -58.04882      0.061    1449.99     15.514     15.364    -0.6363    -0.6353     0.0010    -0.6368    -0.6358     0.0010   2.796034   2.796100   0.000066    34.2731    34.2728     7.5723    27.5495    27.5493         18  0.000e+00
      38768 311.444054  -62.20116  -58.04882      0.065    1449.99     15.514     15.364    -0.6363    -0.6352     0.0011    -0.6368    -0.6357     0.0011   2.796159   2.796100  -0.000059    34.2748    34.2727     7.5718    27.5509    27.5492         18  0.000e+00
      38769 311.444055  -62.20116  -58.04882      0.069    1449.99     15.514     15.364    -0.6363    -0.6352     0.0011    -0.6368    -0.6357     0.0011   2.796222   2.796117  -0.000105    34.2756    34.2729     7.5766    27.5516    27.5494         18  0.000e+00
      38770 311.444055  -62.20116  -58.04882      0.070    1449.99     15.514     15.364    -0.6363    -0.6353     0.0010    -0.6368    -0.6358     0.0010   2.796091   2.796083  -0.000008    34.2738    34.2726     7.5709    27.5502    27.5491         18  0.000e+00
      38771 311.444056  -62.20116  -58.04882      0.069    1449.99     15.449     15.301    -0.6359    -0.6353     0.0005    -0.6363    -0.6358     0.0005   2.795977   2.796111   0.000134    34.2718    34.2730     7.5704    27.5485    27.5495         18  0.000e+00
      38772 311.444056  -62.20116  -58.04882      0.073    1449.99     15.514     15.364    -0.6360    -0.6353     0.0007    -0.6365    -0.6358     0.0007   2.796079   2.796083   0.000004    34.2734    34.2726     7.5700    27.5498    27.5491         18  0.000e+00
      38773 311.444057  -62.20116  -58.04882      0.076    1449.99     15.514     15.364    -0.6362    -0.6355     0.0006    -0.6366    -0.6360     0.0006   2.796222   2.796077  -0.000145    34.2754    34.2727     7.5696    27.5514    27.5492         18  0.000e+00
      38774 311.444057  -62.20116  -58.04882      0.075    1449.99     15.514     15.364    -0.6362    -0.6352     0.0010    -0.6367    -0.6357     0.0010   2.796176   2.796117  -0.000060    34.2749    34.2729     7.5693    27.5510    27.5494         18  0.000e+00
      38775 311.444058  -62.20116  -58.04882      0.081    1449.99     15.578     15.428    -0.6363    -0.6352     0.0011    -0.6368    -0.6357     0.0011   2.796034   2.796083   0.000049    34.2730    34.2724     7.5757    27.5495    27.5490         18  0.000e+00
      38776 311.444058  -62.20116  -58.04882      0.083    1449.99     15.514     15.364    -0.6363    -0.6353     0.0010    -0.6368    -0.6358     0.0010   2.796022   2.796088   0.000066    34.2729    34.2727     7.5764    27.5494    27.5492         18  0.000e+00
      38777 311.444059  -62.20116  -58.04882      0.084    1449.99     15.514     15.364    -0.6363    -0.6352     0.0011    -0.6368    -0.6357     0.0011   2.796102   2.796100  -0.000002    34.2740    34.2727     7.5771    27.5503    27.5492         18  0.000e+00
      38778 311.444059  -62.20116  -58.04882      0.082    1449.99     15.514     15.364    -0.6363    -0.6352     0.0011    -0.6368    -0.6357     0.0011   2.796159   2.796077  -0.000082    34.2748    34.2724     7.5714    27.5509    27.5490         18  0.000e+00
      38779 311.444060  -62.20116  -58.04882      0.086    1449.99     15.570     15.420    -0.6362    -0.6353     0.0009    -0.6367    -0.6358     0.0009   2.796136   2.796049  -0.000087    34.2743    34.2721     7.5713    27.5505    27.5487         18  0.000e+00
      38780 311.444060  -62.20116  -58.04882      0.087    1449.99     15.514     15.365    -0.6363    -0.6355     0.0008    -0.6368    -0.6360     0.0008   2.796017   2.796060   0.000044    34.2728    34.2725     7.5711    27.5494    27.5491         18  0.000e+00
      38781 311.444061  -62.20116  -58.04882      0.087    1449.99     15.514     15.365    -0.6362    -0.6353     0.0009    -0.6367    -0.6357     0.0009   2.796085   2.796021  -0.000064    34.2736    34.2717     7.5774    27.5500    27.5484         18  0.000e+00
      38782 311.444061  -62.20116  -58.04882      0.090    1449.99     15.570     15.420    -0.6363    -0.6355     0.0008    -0.6368    -0.6360     0.0008   2.796205   2.796015  -0.000189    34.2753    34.2719     7.5718    27.5514    27.5485         18  0.000e+00
      38783 311.444062  -62.20116  -58.04882      0.086    1449.99     15.514     15.365    -0.6362    -0.6353     0.0009    -0.6367    -0.6358     0.0009   2.796171   2.796038  -0.000133    34.2748    34.2720     7.5717    27.5509    27.5486         18  0.000e+00
      38784 311.444062  -62.20116  -58.04882      0.088    1449.99     15.570     15.420    -0.6362    -0.6353     0.0009    -0.6367    -0.6358     0.0009   2.796034   2.796044   0.000010    34.2729    34.2720     7.5718    27.5494    27.5487         18  0.000e+00
      38785 311.444062  -62.20116  -58.04882      0.087    1449.99     15.514     15.365    -0.6363    -0.6357     0.0006    -0.6368    -0.6361     0.0006   2.796102   2.796044  -0.000059    34.2740    34.2725     7.5717    27.5503    27.5490         18  0.000e+00
      38786 311.444063  -62.20116  -58.04882      0.088    1449.99     15.570     15.420    -0.6360    -0.6353     0.0007    -0.6365    -0.6358     0.0007   2.796165   2.796044  -0.000121    34.2745    34.2720     7.5706    27.5507    27.5487         18  0.000e+00
      38787 311.444063  -62.20116  -58.04882      0.086    1449.99     15.514     15.365    -0.6362    -0.6357     0.0005    -0.6366    -0.6361     0.0005   2.796216   2.796027  -0.000189    34.2753    34.2722     7.5760    27.5514    27.5489         18  0.000e+00
      38788 311.444064  -62.20116  -58.04882      0.087    1449.99     15.571     15.420    -0.6363    -0.6353     0.0010    -0.6368    -0.6358     0.0010   2.796091   2.796038  -0.000053    34.2738    34.2720     7.5772    27.5501    27.5486         18  0.000e+00
      38789 311.444064  -62.20116  -58.04882      0.087    1449.99     15.571     15.420    -0.6360    -0.6353     0.0007    -0.6365    -0.6358     0.0007   2.796011   2.796010  -0.000001    34.2724    34.2716     7.5718    27.5490    27.5483         18  0.000e+00
      38790 311.444065  -62.20116  -58.04882      0.087    1449.99     15.571     15.421    -0.6360    -0.6353     0.0007    -0.6365    -0.6358     0.0007   2.796114   2.796032  -0.000081    34.2738    34.2719     7.5782    27.5501    27.5485         18  0.000e+00
      38791 311.444065  -62.20116  -58.04882      0.083    1449.99     15.514     15.365    -0.6360    -0.6353     0.0007    -0.6365    -0.6358     0.0007   2.796250   2.796027  -0.000224    34.2757    34.2718     7.5727    27.5516    27.5485         18  0.000e+00
      38792 311.444066  -62.20116  -58.04882      0.079    1449.99     15.514     15.365    -0.6362    -0.6355     0.0006    -0.6366    -0.6360     0.0006   2.796222   2.796038  -0.000184    34.2754    34.2722     7.5728    27.5514    27.5488         18  0.000e+00
      38793 311.444066  -62.20116  -58.04882      0.078    1449.99     15.571     15.421    -0.6359    -0.6352     0.0007    -0.6363    -0.6357     0.0007   2.796102   2.796044  -0.000059    34.2734    34.2719     7.5794    27.5498    27.5486         18  0.000e+00
      38794 311.444067  -62.20116  -58.04882      0.076    1449.99     15.571     15.421    -0.6355    -0.6353     0.0002    -0.6360    -0.6358     0.0002   2.796182   2.796083  -0.000099    34.2741    34.2726     7.5741    27.5504    27.5491         18  0.000e+00
      38795 311.444067  -62.20116  -58.04882      0.074    1449.99     15.514     15.365    -0.6357    -0.6352     0.0005    -0.6362    -0.6357     0.0005   2.796245   2.796077  -0.000167    34.2752    34.2724     7.5742    27.5512    27.5490         18  0.000e+00
      38796 311.444068  -62.20116  -58.04882      0.073    1449.99     15.579     15.429    -0.6357    -0.6352     0.0005    -0.6362    -0.6357     0.0005   2.796273   2.796049  -0.000224    34.2755    34.2720     7.5744    27.5515    27.5486         18  0.000e+00
      38797 311.444068  -62.20116  -58.04882      0.067    1449.99     15.514     15.365    -0.6356    -0.6352     0.0004    -0.6360    -0.6357     0.0004   2.796182   2.796072  -0.000110    34.2742    34.2723     7.5811    27.5505    27.5489         18  0.000e+00
      38798 311.444069  -62.20116  -58.04882      0.067    1449.99     15.571     15.421    -0.6357    -0.6349     0.0008    -0.6362    -0.6354     0.0008   2.796102   2.796094  -0.000008    34.2732    34.2722     7.5761    27.5497    27.5488         18  0.000e+00
      38799 311.444069  -62.20116  -58.04882      0.061    1449.99     15.514     15.365    -0.6357    -0.6352     0.0005    -0.6362    -0.6357     0.0005   2.796136   2.796117  -0.000020    34.2737    34.2729     7.5827    27.5501    27.5494         18  0.000e+00
