Pos-Processados/process_op42/operantar42_017.ros
* Sea-Bird SBE 9 Data File:
* FileName = C:\Users\Hidrografia\Desktop\OPXLII\Brutos\OP42017.hdr
* Software Version Seasave V 7.26.7.107
* Temperature SN = 6502
* Conductivity SN = 4998
* Number of Bytes Per Scan = 37
* Number of Voltage Words = 4
* Number of Scans Averaged by the Deck Unit = 1
* NMEA Latitude = 62 11.60 S
* NMEA Longitude = 058 03.21 W
* NMEA UTC (Time) = Nov 07 2023 10:12:31
* NMEA baud rate = 4800
** H41
** NPOALTEMAXIMIANO
** NUMERO DA ESTACAO (XXX) 017
** LAT (XX XX.XX S/N) 62 11.58 S
** LONG (XXX XX.XX W/E) 058 03.19 W
** DATAHORA (dd/mm/aaaa hh:mm Z) 07/11/2023 1011Z
** PROFUNDIDADE (m) 523
** OPERADOR CT FABIREZA
# nquan = 24
# nvalues = 3893                                  
# units = specified
# name 0 = scan: Scan Count
# name 1 = timeJ: Julian Days
# name 2 = latitude: Latitude [deg]
# name 3 = longitude: Longitude [deg]
# name 4 = dz/dtM: Descent Rate [m/s]
# name 5 = avgsvCM: Average Sound Velocity [Chen-Millero, m/s]
# name 6 = prDM: Pressure, Digiquartz [db]
# name 7 = depSM: Depth [salt water, m]
# name 8 = t090C: Temperature [ITS-90, deg C]
# name 9 = t190C: Temperature, 2 [ITS-90, deg C]
# name 10 = T2-T190C: Temperature Difference, 2 - 1 [ITS-90, deg C]
# name 11 = potemp090C: Potential Temperature [ITS-90, deg C]
# name 12 = potemp190C: Potential Temperature, 2 [ITS-90, deg C]
# name 13 = potemp90Cdiff: Potential Temperature, Diff, 2 - 1 [ITS-90, deg C]
# name 14 = c0S/m: Conductivity [S/m]
# name 15 = c1S/m: Conductivity, 2 [S/m]
# name 16 = C2-C1S/m: Conductivity Difference, 2 - 1 [S/m]
# name 17 = sal00: Salinity, Practical [PSU]
# name 18 = sal11: Salinity, Practical, 2 [PSU]
# name 19 = sbeox0ML/L: Oxygen, SBE 43 [ml/l]
# name 20 = sigma-é00: Density [sigma-theta, kg/m^3]
# name 21 = sigma-é11: Density, 2 [sigma-theta, kg/m^3]
# name 22 = nbf: Bottles Fired
# name 23 = flag:  0.000e+00
# interval = seconds: 0.0416667
# start_time = Nov 07 2023 10:12:31 [NMEA time, header]
# bad_flag = -9.990e-29
*END*
[from data line 1389]
      37412 311.443400  -62.20090  -58.04906      0.061    1449.99     15.381     15.233    -0.6390    -0.6375     0.0015    -0.6395    -0.6380     0.0015   2.795475   2.795532   0.000057    34.2686    34.2677     7.5954    27.5461    27.5453          9  0.000e+00
      37413 311.443401  -62.20090  -58.04906      0.065    1449.99     15.324     15.177    -0.6391    -0.6376     0.0015    -0.6396    -0.6381     0.0015   2.795469   2.795504   0.000035    34.2687    34.2675     7.5892    27.5462    27.5451          9  0.000e+00
      37414 311.443401  -62.20090  -58.04906      0.068    1449.99     15.324     15.177    -0.6390    -0.6376     0.0013    -0.6394    -0.6381     0.0013   2.795424   2.795471   0.000047    34.2679    34.2671     7.5960    27.5455    27.5447          9  0.000e+00
      37415 311.443402  -62.20090  -58.04906      0.071    1449.99     15.381     15.233    -0.6391    -0.6381     0.0010    -0.6396    -0.6386     0.0010   2.795361   2.795482   0.000121    34.2672    34.2677     7.5911    27.5449    27.5453          9  0.000e+00
      37416 311.443402  -62.20090  -58.04906      0.073    1449.99     15.324     15.177    -0.6392    -0.6380     0.0012    -0.6397    -0.6384     0.0012   2.795350   2.795448   0.000099    34.2672    34.2672     7.5968    27.5450    27.5448          9  0.000e+00
      37417 311.443403  -62.20090  -58.04906      0.076    1449.99     15.381     15.233    -0.6393    -0.6381     0.0012    -0.6397    -0.6386     0.0012   2.795435   2.795420  -0.000015    34.2684    34.2669     7.5971    27.5459    27.5446          9  0.000e+00
      37418 311.443403  -62.20090  -58.04906      0.077    1449.99     15.381     15.233    -0.6392    -0.6381     0.0011    -0.6397    -0.6386     0.0011   2.795441   2.795420  -0.000021    34.2684    34.2669     7.5973    27.5459    27.5446          9  0.000e+00
      37419 311.443404  -62.20090  -58.04906      0.082    1449.99     15.381     15.233    -0.6393    -0.6380     0.0013    -0.6397    -0.6384     0.0013   2.795321   2.795415   0.000093    34.2669    34.2667     7.5977    27.5447    27.5444          9  0.000e+00
      37420 311.443404  -62.20090  -58.04906      0.083    1449.99     15.381     15.233    -0.6391    -0.6381     0.0010    -0.6396    -0.6386     0.0010   2.795395   2.795415   0.000019    34.2677    34.2668     7.5977    27.5453    27.5445          9  0.000e+00
      37421 311.443405  -62.20090  -58.04906      0.088    1449.99     15.381     15.233    -0.6390    -0.6383     0.0007    -0.6394    -0.6387     0.0007   2.795538   2.795415  -0.000123    34.2694    34.2670     7.5988    27.5467    27.5447          9  0.000e+00
      37422 311.443405  -62.20090  -58.04906      0.088    1449.99     15.381     15.233    -0.6391    -0.6381     0.0010    -0.6396    -0.6386     0.0010   2.795486   2.795392  -0.000094    34.2689    34.2665     7.5990    27.5463    27.5443          9  0.000e+00
      37423 311.443406  -62.20090  -58.04906      0.091    1449.99     15.381     15.233    -0.6388    -0.6384     0.0004    -0.6392    -0.6389     0.0004   2.795412   2.795386  -0.000026    34.2675    34.2668     7.6002    27.5452    27.5445          9  0.000e+00
      37424 311.443406  -62.20090  -58.04906      0.094    1449.99     15.437     15.288    -0.6391    -0.6384     0.0007    -0.6396    -0.6389     0.0007   2.795424   2.795403  -0.000020    34.2680    34.2669     7.6004    27.5456    27.5447          9  0.000e+00
      37425 311.443407  -62.20090  -58.04906      0.093    1449.99     15.381     15.233    -0.6390    -0.6384     0.0005    -0.6394    -0.6389     0.0005   2.795538   2.795370  -0.000168    34.2694    34.2665     7.6013    27.5467    27.5443          9  0.000e+00
      37426 311.443407  -62.20090  -58.04906      0.092    1449.99     15.381     15.233    -0.6388    -0.6384     0.0004    -0.6393    -0.6389     0.0004   2.795526   2.795358  -0.000168    34.2691    34.2664     7.6024    27.5465    27.5442          9  0.000e+00
      37427 311.443408  -62.20090  -58.04906      0.097    1449.99     15.437     15.288    -0.6391    -0.6383     0.0008    -0.6396    -0.6387     0.0008   2.795355   2.795358   0.000003    34.2671    34.2662     7.6037    27.5448    27.5441          9  0.000e+00
      37428 311.443408  -62.20090  -58.04906      0.095    1449.99     15.381     15.233    -0.6388    -0.6383     0.0005    -0.6392    -0.6387     0.0005   2.795333   2.795364   0.000031    34.2665    34.2663     7.6037    27.5443    27.5442          9  0.000e+00
      37429 311.443409  -62.20090  -58.04906      0.100    1449.99     15.445     15.296    -0.6390    -0.6381     0.0009    -0.6395    -0.6386     0.0009   2.795492   2.795381  -0.000111    34.2688    34.2663     7.6112    27.5462    27.5441          9  0.000e+00
      37430 311.443409  -62.20090  -58.04906      0.100    1449.99     15.437     15.288    -0.6392    -0.6381     0.0011    -0.6397    -0.6386     0.0011   2.795504   2.795403  -0.000100    34.2692    34.2666     7.6058    27.5466    27.5444          9  0.000e+00
      37431 311.443410  -62.20090  -58.04906      0.103    1449.99     15.437     15.288    -0.6390    -0.6381     0.0009    -0.6395    -0.6386     0.0009   2.795390   2.795415   0.000025    34.2674    34.2668     7.6057    27.5451    27.5445          9  0.000e+00
      37432 311.443410  -62.20090  -58.04906      0.099    1449.99     15.381     15.233    -0.6390    -0.6382     0.0008    -0.6395    -0.6387     0.0008   2.795441   2.795431  -0.000009    34.2682    34.2672     7.6055    27.5457    27.5448          9  0.000e+00
      37433 311.443410  -62.20090  -58.04906      0.101    1449.99     15.437     15.288    -0.6390    -0.6381     0.0008    -0.6394    -0.6386     0.0008   2.795486   2.795454  -0.000033    34.2687    34.2673     7.6053    27.5461    27.5450          9  0.000e+00
      37434 311.443411  -62.20090  -58.04906      0.100    1449.99     15.445     15.296    -0.6391    -0.6380     0.0011    -0.6396    -0.6384     0.0011   2.795492   2.795443  -0.000050    34.2690    34.2670     7.6126    27.5463    27.5447          9  0.000e+00
      37435 311.443411  -62.20090  -58.04906      0.102    1449.99     15.437     15.288    -0.6391    -0.6380     0.0011    -0.6396    -0.6384     0.0011   2.795390   2.795454   0.000064    34.2676    34.2672     7.6071    27.5452    27.5448          9  0.000e+00
      37436 311.443412  -62.20090  -58.04904      0.099    1449.99     15.437     15.288    -0.6391    -0.6380     0.0011    -0.6396    -0.6384     0.0011   2.795304   2.795443   0.000139    34.2664    34.2670     7.6132    27.5443    27.5447          9  0.000e+00
      37437 311.443412  -62.20090  -58.04904      0.099    1449.99     15.437     15.288    -0.6391    -0.6380     0.0011    -0.6396    -0.6384     0.0011   2.795395   2.795488   0.000092    34.2677    34.2676     7.6074    27.5453    27.5452          9  0.000e+00
      37438 311.443413  -62.20090  -58.04904      0.099    1449.99     15.437     15.288    -0.6391    -0.6381     0.0010    -0.6396    -0.6386     0.0010   2.795452   2.795510   0.000058    34.2684    34.2681     7.6080    27.5459    27.5456          9  0.000e+00
      37439 311.443413  -62.20090  -58.04904      0.099    1449.99     15.445     15.296    -0.6391    -0.6378     0.0013    -0.6396    -0.6383     0.0013   2.795401   2.795516   0.000115    34.2677    34.2678     7.6087    27.5453    27.5453          9  0.000e+00
      37440 311.443414  -62.20090  -58.04904      0.098    1449.99     15.437     15.288    -0.6390    -0.6380     0.0010    -0.6394    -0.6384     0.0010   2.795310   2.795499   0.000189    34.2663    34.2678     7.6094    27.5442    27.5453          9  0.000e+00
      37441 311.443414  -62.20090  -58.04904      0.101    1449.99     15.502     15.352    -0.6393    -0.6380     0.0013    -0.6397    -0.6384     0.0013   2.795418   2.795510   0.000092    34.2681    34.2679     7.6154    27.5457    27.5454          9  0.000e+00
      37442 311.443415  -62.20090  -58.04904      0.098    1449.99     15.437     15.288    -0.6392    -0.6380     0.0012    -0.6397    -0.6384     0.0012   2.795464   2.795476   0.000013    34.2687    34.2675     7.6158    27.5461    27.5451          9  0.000e+00
      37443 311.443415  -62.20090  -58.04904      0.096    1449.99     15.437     15.288    -0.6391    -0.6380     0.0011    -0.6396    -0.6384     0.0011   2.795378   2.795426   0.000048    34.2674    34.2668     7.6163    27.5451    27.5445          9  0.000e+00
      37444 311.443416  -62.20090  -58.04904      0.093    1449.99     15.437     15.288    -0.6395    -0.6381     0.0014    -0.6399    -0.6386     0.0014   2.795344   2.795431   0.000087    34.2673    34.2670     7.6167    27.5451    27.5447          9  0.000e+00
      37445 311.443416  -62.20090  -58.04904      0.091    1449.99     15.445     15.296    -0.6388    -0.6381     0.0007    -0.6392    -0.6386     0.0007   2.795395   2.795375  -0.000020    34.2673    34.2662     7.6168    27.5450    27.5441          9  0.000e+00
      37446 311.443417  -62.20090  -58.04904      0.094    1449.99     15.502     15.352    -0.6390    -0.6383     0.0007    -0.6395    -0.6387     0.0007   2.795469   2.795409  -0.000060    34.2685    34.2669     7.6170    27.5460    27.5446          9  0.000e+00
      37447 311.443417  -62.20090  -58.04904      0.090    1449.99     15.437     15.288    -0.6390    -0.6380     0.0010    -0.6394    -0.6384     0.0010   2.795390   2.795392   0.000002    34.2674    34.2663     7.6171    27.5451    27.5442          9  0.000e+00
      37448 311.443418  -62.20090  -58.04904      0.089    1449.99     15.502     15.352    -0.6395    -0.6383     0.0012    -0.6399    -0.6387     0.0012   2.795304   2.795386   0.000082    34.2668    34.2665     7.6237    27.5446    27.5444          9  0.000e+00
      37449 311.443418  -62.20090  -58.04904      0.088    1449.99     15.437     15.288    -0.6391    -0.6380     0.0011    -0.6396    -0.6384     0.0011   2.795378   2.795386   0.000008    34.2674    34.2663     7.6180    27.5451    27.5441          9  0.000e+00
      37450 311.443419  -62.20090  -58.04904      0.087    1449.99     15.445     15.296    -0.6390    -0.6384     0.0006    -0.6395    -0.6389     0.0006   2.795447   2.795403  -0.000043    34.2682    34.2669     7.6178    27.5457    27.5447          9  0.000e+00
      37451 311.443419  -62.20090  -58.04904      0.085    1449.99     15.502     15.352    -0.6388    -0.6384     0.0004    -0.6393    -0.6389     0.0004   2.795378   2.795415   0.000036    34.2671    34.2671     7.6175    27.5448    27.5448          9  0.000e+00
      37452 311.443420  -62.20090  -58.04904      0.083    1449.99     15.437     15.288    -0.6383    -0.6381     0.0002    -0.6388    -0.6386     0.0002   2.795304   2.795370   0.000066    34.2655    34.2662     7.6170    27.5435    27.5440          9  0.000e+00
      37453 311.443420  -62.20090  -58.04904      0.076    1449.99     15.437     15.288    -0.6387    -0.6384     0.0003    -0.6391    -0.6389     0.0003   2.795378   2.795375  -0.000003    34.2669    34.2666     7.6230    27.5447    27.5444          9  0.000e+00
      37454 311.443421  -62.20090  -58.04904      0.076    1449.99     15.502     15.352    -0.6383    -0.6386    -0.0003    -0.6388    -0.6390    -0.0003   2.795469   2.795386  -0.000083    34.2677    34.2669     7.6234    27.5453    27.5446          9  0.000e+00
      37455 311.443421  -62.20090  -58.04904      0.073    1449.99     15.445     15.296    -0.6385    -0.6383     0.0002    -0.6389    -0.6387     0.0002   2.795429   2.795364  -0.000065    34.2674    34.2663     7.6172    27.5451    27.5441          9  0.000e+00
      37456 311.443422  -62.20090  -58.04904      0.073    1449.99     15.502     15.352    -0.6385    -0.6383     0.0002    -0.6389    -0.6387     0.0002   2.795315   2.795364   0.000049    34.2658    34.2662     7.6241    27.5438    27.5441          9  0.000e+00
      37457 311.443422  -62.20090  -58.04904      0.073    1449.99     15.502     15.352    -0.6385    -0.6383     0.0002    -0.6389    -0.6387     0.0002   2.795395   2.795381  -0.000014    34.2669    34.2665     7.6188    27.5446    27.5443         10  0.000e+00
      37458 311.443423  -62.20090  -58.04904      0.068    1449.99     15.437     15.288    -0.6384    -0.6383     0.0001    -0.6388    -0.6387     0.0001   2.795589   2.795364  -0.000225    34.2694    34.2663     7.6251    27.5467    27.5441         10  0.000e+00
      37459 311.443423  -62.20090  -58.04904      0.070    1449.99     15.502     15.352    -0.6383    -0.6380     0.0003    -0.6388    -0.6384     0.0003   2.795544   2.795375  -0.000168    34.2687    34.2661     7.6199    27.5461    27.5439         10  0.000e+00
      37460 311.443424  -62.20090  -58.04904      0.068    1449.99     15.502     15.352    -0.6384    -0.6378     0.0006    -0.6388    -0.6383     0.0006   2.795338   2.795403   0.000065    34.2660    34.2662     7.6189    27.5439    27.5441         10  0.000e+00
      37461 311.443424  -62.20090  -58.04904      0.066    1449.99     15.445     15.296    -0.6382    -0.6376     0.0006    -0.6387    -0.6381     0.0006   2.795441   2.795415  -0.000026    34.2672    34.2662     7.6187    27.5449    27.5441         10  0.000e+00
      37462 311.443424  -62.20090  -58.04904      0.060    1449.99     15.437     15.288    -0.6384    -0.6378     0.0006    -0.6388    -0.6383     0.0006   2.795566   2.795392  -0.000174    34.2691    34.2661     7.6174    27.5464    27.5440         10  0.000e+00
      37463 311.443425  -62.20090  -58.04904      0.054    1449.99     15.437     15.288    -0.6385    -0.6376     0.0009    -0.6389    -0.6381     0.0009   2.795555   2.795386  -0.000168    34.2691    34.2659     7.6172    27.5464    27.5438         10  0.000e+00
      37464 311.443425  -62.20090  -58.04904      0.055    1449.99     15.502     15.352    -0.6387    -0.6378     0.0009    -0.6391    -0.6383     0.0009   2.795344   2.795364   0.000020    34.2664    34.2657     7.6162    27.5443    27.5437         10  0.000e+00
      37465 311.443426  -62.20090  -58.04904      0.052    1449.99     15.502     15.352    -0.6385    -0.6378     0.0007    -0.6389    -0.6383     0.0007   2.795401   2.795364  -0.000037    34.2670    34.2657     7.6157    27.5447    27.5437         10  0.000e+00
      37466 311.443426  -62.20090  -58.04904      0.048    1449.99     15.445     15.296    -0.6387    -0.6378     0.0009    -0.6391    -0.6383     0.0009   2.795458   2.795403  -0.000055    34.2680    34.2663     7.6153    27.5455    27.5441         10  0.000e+00
      37467 311.443427  -62.20090  -58.04904      0.048    1449.99     15.502     15.352    -0.6387    -0.6378     0.0009    -0.6391    -0.6383     0.0009   2.795464   2.795370  -0.000094    34.2680    34.2658     7.6149    27.5456    27.5437         10  0.000e+00
      37468 311.443427  -62.20090  -58.04904      0.044    1449.99     15.437     15.288    -0.6385    -0.6378     0.0007    -0.6389    -0.6382     0.0007   2.795344   2.795375   0.000031    34.2662    34.2658     7.6144    27.5441    27.5438         10  0.000e+00
      37469 311.443428  -62.20090  -58.04904      0.040    1449.99     15.437     15.288    -0.6387    -0.6378     0.0009    -0.6391    -0.6383     0.0009   2.795310   2.795403   0.000094    34.2660    34.2663     7.6140    27.5439    27.5441         10  0.000e+00
      37470 311.443428  -62.20090  -58.04904      0.035    1449.99     15.437     15.288    -0.6385    -0.6373     0.0012    -0.6389    -0.6378     0.0012   2.795486   2.795415  -0.000072    34.2682    34.2659     7.6133    27.5457    27.5438         10  0.000e+00
      37471 311.443429  -62.20090  -58.04904      0.034    1449.99     15.502     15.352    -0.6385    -0.6378     0.0007    -0.6389    -0.6383     0.0007   2.795458   2.795392  -0.000066    34.2677    34.2661     7.6127    27.5453    27.5440         10  0.000e+00
