Pos-Processados/process_op42/operantar42_052.cnv
* Sea-Bird SBE 9 Data File:
* FileName = C:\Users\Hidrografia\Desktop\OPXLII\Brutos\OP42052.hdr
* Software Version Seasave V 7.26.7.107
* Temperature SN = 6502
* Conductivity SN = 4998
* Number of Bytes Per Scan = 37
* Number of Voltage Words = 4
* Number of Scans Averaged by the Deck Unit = 1
* NMEA Latitude = 62 08.45 S
* NMEA Longitude = 058 26.37 W
* NMEA UTC (Time) = Nov 10 2023 03:08:21
* NMEA baud rate = 4800
** H41
** NPOALTEMAXIMIANO
** NUMERO DA ESTACAO (XXX) 052
** LAT (XX XX.XX S/N) 62 08.443 S
** LONG (XXX XX.XX W/E) 058 26.408 W
** DATAHORA (dd/mm/aaaa hh:mm Z) 10/11/2023 0307Z
** PROFUNDIDADE (m) 424
** OPERADOR CT FABIREZA
# nquan = 30
# nvalues = 773                         
# units = specified
# name 0 = scan: Scan Count
# name 1 = timeJ: Julian Days
# name 2 = latitude: Latitude [deg]
# name 3 = longitude: Longitude [deg]
# name 4 = dz/dtM: Descent Rate [m/s]
# name 5 = avgsvCM: Average Sound Velocity [Chen-Millero, m/s]
# name 6 = prDM: Pressure, Digiquartz [db]
# name 7 = depSM: Depth [salt water, m]
# name 8 = t090C: Temperature [ITS-90, deg C]
# name 9 = t190C: Temperature, 2 [ITS-90, deg C]
# name 10 = T2-T190C: Temperature Difference, 2 - 1 [ITS-90, deg C]
# name 11 = potemp090C: Potential Temperature [ITS-90, deg C]
# name 12 = potemp190C: Potential Temperature, 2 [ITS-90, deg C]
# name 13 = potemp90Cdiff: Potential Temperature, Diff, 2 - 1 [ITS-90, deg C]
# name 14 = c0S/m: Conductivity [S/m]
# name 15 = c1S/m: Conductivity, 2 [S/m]
# name 16 = C2-C1S/m: Conductivity Difference, 2 - 1 [S/m]
# name 17 = sal00: Salinity, Practical [PSU]
# name 18 = sal11: Salinity, Practical, 2 [PSU]
# name 19 = sbeox0ML/L: Oxygen, SBE 43 [ml/l]
# name 20 = sigma-é00: Density [sigma-theta, kg/m^3]
# name 21 = sigma-é11: Density, 2 [sigma-theta, kg/m^3]
# name 22 = sal00: Salinity, Practical [PSU]
# name 23 = sigma-é00: Density [sigma-theta, kg/m^3]
# name 24 = svCM: Sound Velocity [Chen-Millero, m/s]
# name 25 = svCM1: Sound Velocity, 2 [Chen-Millero, m/s]
# name 26 = gsw_ptA0: potential temperature [ITS-90, deg C]
# name 27 = gsw_densityA0: density, TEOS-10 [density, kg/m^3]
# name 28 = gsw_saA0: Absolute Salinity [g/kg]
# name 29 = flag:
# span 0 =       4508,      32978       
# span 1 = 314.132972, 314.146702       
# span 2 =  -62.14634,  -62.14179       
# span 3 =  -58.43788,  -58.42565       
# span 4 =     -1.170,      1.014       
# span 5 =       0.00,    1448.28       
# span 6 =      2.000,    388.000       
# span 7 =      1.987,    383.914       
# span 8 =    -0.8166,    -0.5029       
# span 9 =    -0.8154,    -0.5026       
# span 10 =    -0.0121,     0.0073      
# span 11 =    -0.8233,    -0.5159      
# span 12 =    -0.8222,    -0.5157      
# span 13 =    -0.0121,     0.0073      
# span 14 =   2.792896,   2.835155      
# span 15 =   2.792886,   2.835168      
# span 16 =  -0.001147,   0.000846      
# span 17 =    34.2727,    34.4222      
# span 18 =    34.2724,    34.4205      
# span 19 =     6.5489,     7.6657      
# span 20 =    27.5463,    27.6649      
# span 21 =    27.5460,    27.6635      
# span 22 =    34.2729,    34.4225      
# span 23 =    27.5465,    27.6652      
# span 24 =    1445.55,    1452.35      
# span 25 =    1445.55,    1452.35      
# span 26 =    -0.8232,    -0.5157      
# span 27 =  1027.5599,  1029.5170      
# span 28 =    34.4345,    34.5882      
# span 29 = 0.0000e+00, 0.0000e+00      
# interval = decibars: 1                
# start_time = Nov 10 2023 03:08:21 [NMEA time, header]
# bad_flag = -9.990e-29
*END*
[from data line 339]
      14116 314.137606  -62.14358  -58.43410      0.880    1447.88    341.000    337.450    -0.5835    -0.5826     0.0009    -0.5947    -0.5938     0.0009   2.822180   2.822151  -0.000028    34.3645    34.3630     6.9857    27.6217    27.6205    34.3655    27.6226    1451.14    1451.14    -0.5945  1029.2545    34.5335 0.0000e+00
      14142 314.137618  -62.14358  -58.43410      0.923    1447.88    342.000    338.439    -0.5816    -0.5815     0.0001    -0.5928    -0.5927     0.0001   2.822430   2.822320  -0.000103    34.3647    34.3632     6.9911    27.6218    27.6206    34.3661    27.6230    1451.16    1451.16    -0.5926  1029.2596    34.5341 0.0000e+00
      14169 314.137631  -62.14358  -58.43408      0.905    1447.88    343.000    339.427    -0.5792    -0.5782     0.0010    -0.5905    -0.5895     0.0010   2.822700   2.822701  -0.000002    34.3655    34.3644     6.9963    27.6224    27.6214    34.3664    27.6231    1451.19    1451.19    -0.5902  1029.2645    34.5344 0.0000e+00
      14198 314.137645  -62.14358  -58.43406      0.846    1447.88    344.000    340.416    -0.5802    -0.5793     0.0009    -0.5915    -0.5906     0.0009   2.822645   2.822618  -0.000029    34.3656    34.3642     6.9920    27.6225    27.6213    34.3663    27.6230    1451.20    1451.20    -0.5913  1029.2692    34.5342 0.0000e+00
      14225 314.137658  -62.14358  -58.43405      0.859    1447.88    345.000    341.405    -0.5754    -0.5752     0.0002    -0.5867    -0.5865     0.0002   2.823279   2.823149  -0.000091    34.3667    34.3653     6.9854    27.6232    27.6220    34.3687    27.6247    1451.24    1451.24    -0.5865  1029.2756    34.5366 0.0000e+00
      14251 314.137671  -62.14359  -58.43404      0.914    1447.88    346.000    342.394    -0.5611    -0.5632    -0.0021    -0.5726    -0.5747    -0.0021   2.824731   2.824496  -0.000255    34.3695    34.3685     6.9792    27.6248    27.6241    34.3715    27.6264    1451.33    1451.32    -0.5723  1029.2818    34.5394 0.0000e+00
      14276 314.137683  -62.14360  -58.43403      0.951    1447.88    347.000    343.383    -0.5528    -0.5563    -0.0036    -0.5642    -0.5678    -0.0036   2.825818   2.825368  -0.000399    34.3724    34.3711     6.9774    27.6268    27.6259    34.3760    27.6297    1451.39    1451.37    -0.5640  1029.2898    34.5440 0.0000e+00
      14301 314.137695  -62.14360  -58.43402      0.963    1447.88    348.000    344.371    -0.5301    -0.5312    -0.0010    -0.5417    -0.5428    -0.0010   2.828236   2.828167  -0.000126    34.3794    34.3789     6.9729    27.6315    27.6311    34.3823    27.6338    1451.52    1451.52    -0.5415  1029.2983    34.5503 0.0000e+00
      14327 314.137707  -62.14360  -58.43401      0.941    1447.88    349.000    345.360    -0.5287    -0.5279     0.0008    -0.5403    -0.5395     0.0008   2.828746   2.828659  -0.000080    34.3849    34.3830     6.9541    27.6358    27.6342    34.3869    27.6374    1451.55    1451.55    -0.5401  1029.3067    34.5549 0.0000e+00
      14353 314.137720  -62.14360  -58.43400      0.924    1447.88    350.000    346.349    -0.5261    -0.5263    -0.0002    -0.5378    -0.5380    -0.0002   2.829127   2.828960  -0.000171    34.3867    34.3846     6.9198    27.6371    27.6354    34.3885    27.6386    1451.58    1451.58    -0.5376  1029.3126    34.5565 0.0000e+00
      14379 314.137733  -62.14362  -58.43398      0.913    1447.88    351.000    347.337    -0.5244    -0.5242     0.0002    -0.5361    -0.5359     0.0002   2.829394   2.829275  -0.000125    34.3881    34.3862     6.8727    27.6382    27.6367    34.3895    27.6394    1451.61    1451.61    -0.5359  1029.3181    34.5576 0.0000e+00
      14407 314.137746  -62.14362  -58.43398      0.879    1447.88    352.000    348.326    -0.5243    -0.5236     0.0007    -0.5361    -0.5354     0.0007   2.829468   2.829412  -0.000063    34.3887    34.3871     6.8311    27.6387    27.6373    34.3898    27.6396    1451.62    1451.63    -0.5359  1029.3231    34.5579 0.0000e+00
      14436 314.137760  -62.14362  -58.43395      0.850    1447.88    353.000    349.315    -0.5226    -0.5222     0.0004    -0.5344    -0.5341     0.0004   2.829843   2.829749  -0.000100    34.3909    34.3892     6.8127    27.6404    27.6390    34.3923    27.6415    1451.65    1451.65    -0.5342  1029.3297    34.5604 0.0000e+00
      14464 314.137774  -62.14362  -58.43394      0.835    1447.88    354.000    350.304    -0.5214    -0.5205     0.0009    -0.5332    -0.5324     0.0009   2.830113   2.830088  -0.000017    34.3928    34.3916     6.7926    27.6419    27.6409    34.3940    27.6429    1451.68    1451.68    -0.5330  1029.3357    34.5621 0.0000e+00
      14492 314.137787  -62.14363  -58.43393      0.860    1447.88    355.000    351.293    -0.5197    -0.5194     0.0003    -0.5316    -0.5313     0.0003   2.830465   2.830357  -0.000111    34.3951    34.3932     6.7888    27.6436    27.6421    34.3962    27.6445    1451.70    1451.70    -0.5314  1029.3422    34.5643 0.0000e+00
      14517 314.137799  -62.14364  -58.43392      0.911    1447.88    356.000    352.281    -0.5177    -0.5168     0.0010    -0.5297    -0.5287     0.0010   2.830963   2.830973   0.000019    34.3986    34.3978     6.7828    27.6464    27.6457    34.4000    27.6475    1451.73    1451.74    -0.5294  1029.3499    34.5681 0.0000e+00
      14549 314.137815  -62.14364  -58.43390      0.821    1447.88    357.000    353.270    -0.5146    -0.5153    -0.0007    -0.5266    -0.5273    -0.0007   2.831718   2.831387  -0.000338    34.4051    34.4013     6.7678    27.6515    27.6485    34.4060    27.6523    1451.77    1451.77    -0.5264  1029.3593    34.5742 0.0000e+00
      14595 314.137837  -62.14364  -58.43389      0.524    1447.88    358.000    354.258    -0.5143    -0.5138     0.0005    -0.5263    -0.5258     0.0005   2.831954   2.831912  -0.000043    34.4074    34.4063     6.7383    27.6534    27.6525    34.4082    27.6540    1451.79    1451.79    -0.5261  1029.3658    34.5764 0.0000e+00
      14651 314.137864  -62.14366  -58.43386      0.424    1447.88    359.000    355.244    -0.5142    -0.5137     0.0006    -0.5263    -0.5258     0.0006   2.832336   2.832274  -0.000063    34.4123    34.4108     6.6839    27.6573    27.6561    34.4127    27.6577    1451.82    1451.82    -0.5261  1029.3741    34.5809 0.0000e+00
      14713 314.137893  -62.14366  -58.43384      0.389    1447.88    360.000    356.239    -0.5136    -0.5131     0.0005    -0.5257    -0.5252     0.0005   2.832478   2.832441  -0.000039    34.4129    34.4117     6.6515    27.6578    27.6569    34.4133    27.6581    1451.84    1451.84    -0.5255  1029.3793    34.5815 0.0000e+00
      14767 314.137920  -62.14366  -58.43381      0.442    1447.88    361.000    357.224    -0.5143    -0.5129     0.0014    -0.5264    -0.5251     0.0014   2.832524   2.832528   0.000001    34.4139    34.4124     6.6363    27.6586    27.6574    34.4140    27.6588    1451.85    1451.85    -0.5262  1029.3824    34.5793 0.0000e+00
      14816 314.137943 -9.990e-29  -58.43378      0.496    1447.88    362.000    358.213    -0.5151    -0.5141     0.0010    -0.5273    -0.5263     0.0010   2.832512   2.832506  -0.000007    34.4140    34.4129     6.6319    27.6588    27.6578    34.4142    27.6589    1451.86    1451.87    -0.5271  1029.3850    34.5765 0.0000e+00
      14866 314.137967  -62.14368  -58.43376      0.475    1447.88    363.000    359.202    -0.5139    -0.5133     0.0007    -0.5262    -0.5255     0.0007   2.832629   2.832613  -0.000016    34.4137    34.4127     6.6336    27.6585    27.6577    34.4139    27.6586    1451.88    1451.89    -0.5259  1029.3915    34.5789 0.0000e+00
      14915 314.137991  -62.14370  -58.43374      0.496    1447.88    364.000    360.189    -0.5136    -0.5121     0.0016    -0.5259    -0.5243     0.0016   2.832681   2.832695   0.000010    34.4135    34.4118     6.6370    27.6583    27.6569    34.4136    27.6584    1451.90    1451.91    -0.5256  1029.3986    34.5818 0.0000e+00
      14962 314.138013  -62.14370  -58.43372      0.511    1447.88    365.000    361.181    -0.5147    -0.5134     0.0013    -0.5270    -0.5257     0.0013   2.832707   2.832709 -2.148e-07    34.4145    34.4131     6.6362    27.6592    27.6579    34.4145    27.6592    1451.92    1451.92    -0.5268  1029.4041    34.5828 0.0000e+00
      15010 314.138037  -62.14371  -58.43369      0.494    1447.88    366.000    362.168    -0.5162    -0.5153     0.0008    -0.5285    -0.5276     0.0008   2.832646   2.832633  -0.000010    34.4148    34.4136     6.6377    27.6595    27.6585    34.4148    27.6595    1451.92    1451.93    -0.5283  1029.4092    34.5830 0.0000e+00
      15059 314.138060  -62.14372  -58.43367      0.495    1447.88    367.000    363.156    -0.5163    -0.5157     0.0006    -0.5286    -0.5281     0.0006   2.832635   2.832615  -0.000018    34.4141    34.4132     6.6286    27.6590    27.6582    34.4141    27.6590    1451.94    1451.94    -0.5284  1029.4120    34.5805 0.0000e+00
      15108 314.138084 -9.990e-29  -58.43365      0.485    1447.88    368.000    364.145    -0.5159    -0.5152     0.0007    -0.5283    -0.5276     0.0007   2.832717   2.832698  -0.000019    34.4141    34.4131     6.6301    27.6589    27.6580    34.4142    27.6590    1451.96    1451.96    -0.5281  1029.4134    34.5764 0.0000e+00
      15156 314.138107  -62.14374  -58.43362      0.502    1447.88    369.000    365.134    -0.5151    -0.5145     0.0005    -0.5275    -0.5270     0.0005   2.832819   2.832794  -0.000026    34.4140    34.4130     6.6282    27.6588    27.6580    34.4140    27.6588    1451.98    1451.98    -0.5273  1029.4191    34.5777 0.0000e+00
      15202 314.138129  -62.14374  -58.43360      0.519    1447.88    370.000    366.121    -0.5150    -0.5142     0.0007    -0.5274    -0.5267     0.0007   2.832895   2.832867  -0.000022    34.4143    34.4131     6.6304    27.6590    27.6581    34.4143    27.6591    1451.99    1452.00    -0.5272  1029.4278    34.5826 0.0000e+00
      15251 314.138153  -62.14374  -58.43358      0.488    1447.88    371.000    367.113    -0.5166    -0.5159     0.0007    -0.5292    -0.5285     0.0007   2.832783   2.832765  -0.000020    34.4142    34.4132     6.6345    27.6590    27.6582    34.4141    27.6590    1452.00    1452.01    -0.5289  1029.4324    34.5824 0.0000e+00
      15297 314.138175  -62.14375  -58.43355      0.525    1447.88    372.000    368.100    -0.5168    -0.5165     0.0003    -0.5294    -0.5291     0.0003   2.832839   2.832774  -0.000066    34.4143    34.4131     6.6315    27.6591    27.6581    34.4145    27.6593    1452.02    1452.02    -0.5291  1029.4375    34.5827 0.0000e+00
      15339 314.138196  -62.14376  -58.43354      0.563    1448.24    373.000    369.083    -0.5120    -0.5114     0.0006    -0.5246    -0.5240     0.0006   2.833375   2.833366  -0.000005    34.4154    34.4147     6.6320    27.6598    27.6592    34.4156    27.6600    1452.06    1452.06    -0.5244  1029.4429    34.5839 0.0000e+00
      15383 314.138216  -62.14376  -58.43352      0.553    1448.28    374.000    370.082    -0.5130    -0.5117     0.0012    -0.5256    -0.5244     0.0012   2.833340   2.833379   0.000039    34.4154    34.4146     6.6273    27.6599    27.6591    34.4156    27.6600    1452.07    1452.08    -0.5254  1029.4477    34.5839 0.0000e+00
      15425 314.138237  -62.14377  -58.43350      0.564    1448.28    375.000    371.063    -0.5114    -0.5107     0.0008    -0.5241    -0.5233     0.0008   2.833514   2.833511  -0.000002    34.4155    34.4146     6.6146    27.6598    27.6591    34.4156    27.6599    1452.09    1452.10    -0.5238  1029.4523    34.5839 0.0000e+00
      15467 314.138257  -62.14378  -58.43348      0.577    1448.28    376.000    372.057    -0.5113    -0.5107     0.0006    -0.5240    -0.5234     0.0006   2.833578   2.833556  -0.000021    34.4156    34.4147     6.6154    27.6600    27.6592    34.4157    27.6601    1452.11    1452.11    -0.5238  1029.4572    34.5840 0.0000e+00
      15513 314.138279  -62.14378  -58.43346      0.521    1448.28    377.000    373.033    -0.5111    -0.5104     0.0006    -0.5239    -0.5232     0.0006   2.833652   2.833621  -0.000031    34.4157    34.4146     6.6078    27.6600    27.6591    34.4159    27.6602    1452.13    1452.13    -0.5236  1029.4620    34.5842 0.0000e+00
      15560 314.138302  -62.14380  -58.43343      0.505    1448.28    378.000    374.039    -0.5100    -0.5093     0.0006    -0.5228    -0.5221     0.0006   2.833820   2.833793  -0.000025    34.4161    34.4150     6.6210    27.6603    27.6594    34.4163    27.6604    1452.15    1452.15    -0.5226  1029.4670    34.5845 0.0000e+00
      15608 314.138325  -62.14380  -58.43340      0.500    1448.28    379.000    375.020    -0.5099    -0.5092     0.0007    -0.5228    -0.5220     0.0007   2.833875   2.833866  -0.000012    34.4162    34.4153     6.6121    27.6604    27.6596    34.4163    27.6604    1452.17    1452.17    -0.5225  1029.4718    34.5846 0.0000e+00
      15656 314.138348  -62.14380  -58.43338      0.506    1448.28    380.000    376.008    -0.5097    -0.5091     0.0007    -0.5226    -0.5219     0.0007   2.833949   2.833938  -0.000012    34.4165    34.4155     6.6139    27.6606    27.6598    34.4165    27.6606    1452.19    1452.19    -0.5224  1029.4767    34.5848 0.0000e+00
      15697 314.138368  -62.14382  -58.43336      0.577    1448.28    381.000    376.997    -0.5107    -0.5097     0.0009    -0.5236    -0.5227     0.0009   2.833896   2.833895   0.000004    34.4162    34.4152     6.6082    27.6604    27.6596    34.4162    27.6604    1452.20    1452.20    -0.5234  1029.4813    34.5845 0.0000e+00
      15737 314.138387  -62.14382  -58.43334      0.609    1448.28    382.000    377.986    -0.5081    -0.5080     0.0001    -0.5211    -0.5209     0.0001   2.834242   2.834192  -0.000056    34.4173    34.4164     6.6038    27.6612    27.6604    34.4174    27.6613    1452.23    1452.23    -0.5208  1029.4868    34.5857 0.0000e+00
      15783 314.138410  -62.14382  -58.43331      0.512    1448.28    383.000    378.974    -0.5107    -0.5098     0.0008    -0.5236    -0.5228     0.0008   2.834056   2.834051   0.000002    34.4171    34.4162     6.6034    27.6611    27.6604    34.4172    27.6612    1452.23    1452.23    -0.5234  1029.4915    34.5855 0.0000e+00
      15831 314.138433  -62.14383  -58.43329      0.504    1448.28    384.000    379.961    -0.5119    -0.5118     0.0000    -0.5249    -0.5248     0.0000   2.834094   2.834029  -0.000067    34.4186    34.4177     6.6002    27.6624    27.6616    34.4185    27.6623    1452.24    1452.24    -0.5247  1029.4974    34.5868 0.0000e+00
      15882 314.138457  -62.14384  -58.43327      0.472    1448.28    385.000    380.953    -0.5123    -0.5112     0.0011    -0.5253    -0.5242     0.0011   2.834098   2.834070  -0.000027    34.4183    34.4167     6.6083    27.6622    27.6608    34.4184    27.6622    1452.26    1452.26    -0.5251  1029.4983    34.5820 0.0000e+00
      15931 314.138481 -9.990e-29  -58.43325      0.487    1448.28    386.000    381.940    -0.5088    -0.5076     0.0012    -0.5219    -0.5207     0.0012   2.834575   2.834654   0.000077    34.4201    34.4199     6.6075    27.6635    27.6632    34.4202    27.6635    1452.29    1452.30    -0.5217  1029.5033    34.5825 0.0000e+00
      15979 314.138504  -62.14386  -58.43321      0.501    1448.28    387.000    382.926    -0.5080    -0.5076     0.0004    -0.5211    -0.5207     0.0004   2.834689   2.834668  -0.000033    34.4200    34.4192     6.5972    27.6634    27.6627    34.4202    27.6635    1452.31    1452.31    -0.5209  1029.5115    34.5869 0.0000e+00
