Pos-Processados/process_op42/operantar42_012.ros
* Sea-Bird SBE 9 Data File:
* FileName = C:\Users\Hidrografia\Desktop\OPXLII\Brutos\OP42012.hdr
* Software Version Seasave V 7.26.7.107
* Temperature SN = 6502
* Conductivity SN = 4998
* Number of Bytes Per Scan = 31
* Number of Voltage Words = 2
* Number of Scans Averaged by the Deck Unit = 1
* NMEA Latitude = 45 45.00 S
* NMEA Longitude = 055 01.26 W
* NMEA UTC (Time) = Oct 19 2023 15:31:14
* NMEA baud rate = 4800
** H41
** NPOALTEMAXIMIANO
** NUMERO DA ESTACAO (XXX) 012
** LAT (XX XX.XX S/N) 45 44.898 S
** LONG (XXX XX.XX W/E) 055 00.940 W
** DATAHORA (dd/mm/aaaa hh:mm Z) 19/10/2023 15:24 Z
** PROFUNDIDADE (m) 5690
** OPERADOR 1T ZAMITH
# nquan = 24
# nvalues = 4542                                  
# units = specified
# name 0 = scan: Scan Count
# name 1 = timeJ: Julian Days
# name 2 = latitude: Latitude [deg]
# name 3 = longitude: Longitude [deg]
# name 4 = dz/dtM: Descent Rate [m/s]
# name 5 = avgsvCM: Average Sound Velocity [Chen-Millero, m/s]
# name 6 = prDM: Pressure, Digiquartz [db]
# name 7 = depSM: Depth [salt water, m]
# name 8 = t090C: Temperature [ITS-90, deg C]
# name 9 = t190C: Temperature, 2 [ITS-90, deg C]
# name 10 = T2-T190C: Temperature Difference, 2 - 1 [ITS-90, deg C]
# name 11 = potemp090C: Potential Temperature [ITS-90, deg C]
# name 12 = potemp190C: Potential Temperature, 2 [ITS-90, deg C]
# name 13 = potemp90Cdiff: Potential Temperature, Diff, 2 - 1 [ITS-90, deg C]
# name 14 = c0S/m: Conductivity [S/m]
# name 15 = c1S/m: Conductivity, 2 [S/m]
# name 16 = C2-C1S/m: Conductivity Difference, 2 - 1 [S/m]
# name 17 = sal00: Salinity, Practical [PSU]
# name 18 = sal11: Salinity, Practical, 2 [PSU]
# name 19 = sbeox0ML/L: Oxygen, SBE 43 [ml/l]
# name 20 = sigma-é00: Density [sigma-theta, kg/m^3]
# name 21 = sigma-é11: Density, 2 [sigma-theta, kg/m^3]
# name 22 = nbf: Bottles Fired
# name 23 = flag:  0.000e+00
# interval = seconds: 0.0416667
# start_time = Oct 19 2023 15:31:14 [NMEA time, header]
# bad_flag = -9.990e-29
*END*
[from data line 1933]
      57773 292.674551  -45.76144  -55.02194     -0.027    1472.17     43.955     43.591     7.0682     7.0785     0.0104     7.0641     7.0745     0.0104   3.457712   3.458208   0.000496    34.1314    34.1266     6.8908    26.7257    26.7205         11  0.000e+00
      57774 292.674551  -45.76144  -55.02194     -0.032    1472.17     43.955     43.591     7.0691     7.0780     0.0089     7.0651     7.0740     0.0089   3.457650   3.458184   0.000534    34.1298    34.1268     6.8907    26.7243    26.7207         11  0.000e+00
      57775 292.674552  -45.76144  -55.02194     -0.037    1472.17     43.955     43.591     7.0694     7.0769     0.0075     7.0654     7.0729     0.0075   3.457730   3.458050   0.000319    34.1304    34.1264     6.8906    26.7247    26.7206         11  0.000e+00
      57776 292.674552  -45.76144  -55.02194     -0.046    1472.17     43.955     43.591     7.0692     7.0758     0.0066     7.0652     7.0717     0.0066   3.457736   3.457952   0.000216    34.1307    34.1265     6.8905    26.7250    26.7208         11  0.000e+00
      57777 292.674552  -45.76144  -55.02194     -0.043    1472.17     44.020     43.655     7.0708     7.0753     0.0045     7.0667     7.0713     0.0045   3.457841   3.457824  -0.000017    34.1302    34.1256     6.8903    26.7244    26.7201         11  0.000e+00
      57778 292.674553  -45.76144  -55.02194     -0.051    1472.17     43.915     43.551     7.0725     7.0748     0.0023     7.0685     7.0708     0.0023   3.457928   3.457800  -0.000128    34.1295    34.1258     6.8904    26.7236    26.7204         11  0.000e+00
      57779 292.674553  -45.76144  -55.02194     -0.054    1472.17     43.956     43.591     7.0748     7.0743    -0.0005     7.0708     7.0703    -0.0005   3.458107   3.457770  -0.000337    34.1292    34.1260     6.8900    26.7230    26.7206         11  0.000e+00
      57780 292.674554  -45.76144  -55.02194     -0.055    1472.17     43.956     43.591     7.0758     7.0740    -0.0018     7.0718     7.0700    -0.0018   3.458163   3.457727  -0.000436    34.1288    34.1258     6.8897    26.7226    26.7204         11  0.000e+00
      57781 292.674554  -45.76144  -55.02194     -0.059    1472.17     43.956     43.591     7.0764     7.0734    -0.0030     7.0723     7.0693    -0.0030   3.458088   3.457660  -0.000428    34.1274    34.1257     6.8895    26.7214    26.7205         11  0.000e+00
      57782 292.674555  -45.76144  -55.02194     -0.059    1472.17     43.956     43.591     7.0764     7.0723    -0.0041     7.0724     7.0682    -0.0041   3.457977   3.457556  -0.000421    34.1262    34.1256     6.8844    26.7204    26.7206         11  0.000e+00
      57783 292.674555  -45.76144  -55.02194     -0.066    1472.17     43.899     43.535     7.0771     7.0721    -0.0050     7.0730     7.0680    -0.0050   3.457878   3.457447  -0.000431    34.1244    34.1247     6.8842    26.7190    26.7199         11  0.000e+00
      57784 292.674556  -45.76144  -55.02194     -0.069    1472.17     43.956     43.591     7.0777     7.0711    -0.0066     7.0737     7.0671    -0.0066   3.457971   3.457459  -0.000512    34.1248    34.1257     6.8834    26.7192    26.7208         11  0.000e+00
      57785 292.674556  -45.76144  -55.02194     -0.067    1472.17     43.980     43.615     7.0782     7.0709    -0.0073     7.0742     7.0669    -0.0073   3.458027   3.457453  -0.000574    34.1249    34.1258     6.8832    26.7192    26.7209         11  0.000e+00
      57786 292.674557  -45.76144  -55.02194     -0.073    1472.17     43.899     43.535     7.0782     7.0708    -0.0074     7.0742     7.0668    -0.0074   3.457965   3.457489  -0.000475    34.1242    34.1264     6.8825    26.7187    26.7214         11  0.000e+00
      57787 292.674557  -45.76144  -55.02194     -0.068    1472.17     43.956     43.591     7.0775     7.0705    -0.0070     7.0735     7.0665    -0.0070   3.457965   3.457465  -0.000500    34.1249    34.1264     6.8819    26.7193    26.7214         11  0.000e+00
      57788 292.674558  -45.76144  -55.02196     -0.070    1472.17     43.956     43.591     7.0769     7.0698    -0.0072     7.0729     7.0657    -0.0072   3.458020   3.457508  -0.000513    34.1261    34.1276     6.8812    26.7203    26.7225         11  0.000e+00
      57789 292.674558  -45.76144  -55.02196     -0.076    1472.17     43.899     43.535     7.0764     7.0708    -0.0056     7.0724     7.0668    -0.0056   3.458107   3.457569  -0.000538    34.1276    34.1273     6.8805    26.7216    26.7221         11  0.000e+00
      57790 292.674559  -45.76144  -55.02196     -0.070    1472.17     43.956     43.591     7.0761     7.0721    -0.0041     7.0721     7.0680    -0.0040   3.458132   3.457636  -0.000496    34.1282    34.1267     6.8799    26.7220    26.7215         11  0.000e+00
      57791 292.674559  -45.76144  -55.02196     -0.074    1472.17     43.915     43.551     7.0766     7.0735    -0.0031     7.0726     7.0695    -0.0031   3.457965   3.457745  -0.000220    34.1258    34.1265     6.8791    26.7201    26.7211         11  0.000e+00
      57792 292.674560  -45.76144  -55.02196     -0.078    1472.17     43.899     43.535     7.0741     7.0748     0.0006     7.0701     7.0707     0.0006   3.457495   3.457812   0.000317    34.1232    34.1260     6.8796    26.7184    26.7205         11  0.000e+00
      57793 292.674560  -45.76144  -55.02196     -0.074    1472.17     43.956     43.591     7.0698     7.0756     0.0058     7.0658     7.0716     0.0058   3.457001   3.457879   0.000878    34.1220    34.1259     6.8748    26.7180    26.7203         11  0.000e+00
      57794 292.674561  -45.76144  -55.02196     -0.074    1472.17     43.899     43.535     7.0661     7.0764     0.0103     7.0620     7.0724     0.0103   3.456723   3.457958   0.001235    34.1227    34.1260     6.8747    26.7191    26.7203         11  0.000e+00
      57795 292.674561  -45.76144  -55.02196     -0.070    1472.17     43.956     43.591     7.0639     7.0766     0.0127     7.0599     7.0726     0.0127   3.456674   3.458013   0.001339    34.1242    34.1264     6.8745    26.7206    26.7206         11  0.000e+00
      57796 292.674562  -45.76144  -55.02196     -0.077    1472.17     43.899     43.535     7.0625     7.0771     0.0146     7.0584     7.0730     0.0146   3.456624   3.458013   0.001389    34.1252    34.1259     6.8741    26.7216    26.7201         11  0.000e+00
      57797 292.674562  -45.76144  -55.02196     -0.070    1472.17     43.956     43.591     7.0620     7.0751     0.0132     7.0579     7.0711     0.0132   3.456680   3.458019   0.001339    34.1263    34.1279     6.8737    26.7225    26.7220         11  0.000e+00
      57798 292.674563  -45.76144  -55.02196     -0.071    1472.17     43.916     43.551     7.0630     7.0734     0.0104     7.0589     7.0693     0.0104   3.456748   3.457897   0.001150    34.1260    34.1283     6.8731    26.7222    26.7225         11  0.000e+00
      57799 292.674563  -45.76144  -55.02196     -0.066    1472.17     43.956     43.591     7.0638     7.0737     0.0099     7.0597     7.0696     0.0099   3.456902   3.457916   0.001013    34.1269    34.1282     6.8719    26.7227    26.7224         11  0.000e+00
      57800 292.674564  -45.76144  -55.02196     -0.067    1472.17     43.899     43.535     7.0673     7.0755     0.0081     7.0633     7.0714     0.0081   3.457156   3.458013   0.000858    34.1262    34.1275     6.8709    26.7217    26.7216         11  0.000e+00
      57801 292.674564  -45.76144  -55.02196     -0.065    1472.17     43.956     43.591     7.0729     7.0771     0.0042     7.0688     7.0730     0.0042   3.457582   3.458165   0.000584    34.1253    34.1276     6.8691    26.7203    26.7214         11  0.000e+00
      57802 292.674565  -45.76144  -55.02196     -0.063    1472.17     43.899     43.535     7.0761     7.0780     0.0019     7.0721     7.0740     0.0019   3.457699   3.458269   0.000570    34.1234    34.1278     6.8683    26.7183    26.7215         11  0.000e+00
      57803 292.674565  -45.76144  -55.02196     -0.064    1472.17     43.899     43.535     7.0744     7.0787     0.0043     7.0704     7.0747     0.0043   3.457532   3.458275   0.000743    34.1233    34.1272     6.8684    26.7185    26.7209         11  0.000e+00
      57804 292.674565  -45.76144  -55.02196     -0.057    1472.17     44.020     43.655     7.0713     7.0792     0.0079     7.0672     7.0751     0.0079   3.457199   3.458342   0.001143    34.1227    34.1274     6.8682    26.7184    26.7210         11  0.000e+00
      57805 292.674566  -45.76144  -55.02196     -0.053    1472.17     43.916     43.551     7.0688     7.0801     0.0113     7.0648     7.0761     0.0113   3.456939   3.458427   0.001488    34.1224    34.1275     6.8684    26.7185    26.7209         11  0.000e+00
      57806 292.674566  -45.76144  -55.02196     -0.049    1472.17     43.956     43.591     7.0661     7.0805     0.0144     7.0620     7.0764     0.0144   3.456723   3.458500   0.001777    34.1227    34.1279     6.8638    26.7191    26.7212         11  0.000e+00
      57807 292.674567  -45.76144  -55.02196     -0.049    1472.17     43.900     43.535     7.0639     7.0805     0.0165     7.0599     7.0764     0.0165   3.456581   3.458488   0.001907    34.1232    34.1278     6.8635    26.7198    26.7211         11  0.000e+00
      57808 292.674567  -45.76144  -55.02196     -0.045    1472.17     43.956     43.591     7.0636     7.0806     0.0170     7.0596     7.0766     0.0170   3.456643   3.458531   0.001888    34.1242    34.1280     6.8630    26.7206    26.7213         11  0.000e+00
      57809 292.674568  -45.76144  -55.02196     -0.041    1472.17     43.956     43.591     7.0675     7.0805     0.0130     7.0635     7.0764     0.0129   3.456970   3.458567   0.001597    34.1239    34.1286     6.8612    26.7199    26.7218         11  0.000e+00
      57810 292.674568  -45.76144  -55.02196     -0.041    1472.17     43.900     43.536     7.0693     7.0817     0.0124     7.0653     7.0777     0.0124   3.457118   3.458695   0.001577    34.1238    34.1288     6.8598    26.7196    26.7218         11  0.000e+00
      57811 292.674569  -45.76144  -55.02196     -0.035    1472.17     43.980     43.615     7.0701     7.0845     0.0144     7.0661     7.0805     0.0144   3.457180   3.458890   0.001710    34.1237    34.1281     6.8588    26.7193    26.7209         11  0.000e+00
      57812 292.674569  -45.76146  -55.02196     -0.031    1472.17     43.956     43.591     7.0699     7.0864     0.0164     7.0659     7.0823     0.0164   3.457125   3.459182   0.002058    34.1232    34.1295     6.8578    26.7190    26.7217         11  0.000e+00
      57813 292.674570  -45.76146  -55.02196     -0.025    1472.17     43.956     43.591     7.0707     7.0877     0.0171     7.0666     7.0837     0.0171   3.457088   3.459401   0.002314    34.1221    34.1306     6.8569    26.7180    26.7223         11  0.000e+00
      57814 292.674570  -45.76146  -55.02196     -0.024    1472.17     43.956     43.592     7.0717     7.0882     0.0164     7.0677     7.0841     0.0164   3.457143   3.459535   0.002392    34.1217    34.1316     6.8565    26.7175    26.7231         11  0.000e+00
      57815 292.674571  -45.76146  -55.02196     -0.016    1472.17     44.020     43.655     7.0737     7.0885     0.0148     7.0696     7.0844     0.0148   3.457353   3.459566   0.002213    34.1220    34.1316     6.8560    26.7175    26.7230         11  0.000e+00
      57816 292.674571  -45.76146  -55.02196     -0.014    1472.17     43.900     43.536     7.0752     7.0882     0.0131     7.0711     7.0842     0.0130   3.457489   3.459517   0.002028    34.1221    34.1314     6.8555    26.7174    26.7229         11  0.000e+00
      57817 292.674572  -45.76146  -55.02196     -0.013    1472.17     43.956     43.592     7.0761     7.0871     0.0109     7.0721     7.0830     0.0109   3.457532   3.459438   0.001906    34.1216    34.1316     6.8554    26.7169    26.7233         11  0.000e+00
      57818 292.674572  -45.76146  -55.02196     -0.003    1472.17     44.037     43.671     7.0768     7.0856     0.0088     7.0727     7.0815     0.0088   3.457681   3.459225   0.001544    34.1225    34.1307     6.8554    26.7175    26.7227         11  0.000e+00
      57819 292.674573  -45.76146  -55.02196     -0.002    1472.17     43.956     43.592     7.0772     7.0843     0.0072     7.0731     7.0803     0.0072   3.457681   3.459000   0.001319    34.1222    34.1295     6.8548    26.7172    26.7220         11  0.000e+00
      57820 292.674573  -45.76146  -55.02196      0.004    1472.17     43.956     43.592     7.0769     7.0827     0.0058     7.0729     7.0787     0.0058   3.457619   3.458835   0.001216    34.1217    34.1293     6.8550    26.7169    26.7220         11  0.000e+00
      57821 292.674574  -45.76146  -55.02196      0.009    1472.17     44.021     43.656     7.0768     7.0818     0.0050     7.0727     7.0777     0.0050   3.457607   3.458719   0.001113    34.1217    34.1289     6.8553    26.7169    26.7219         11  0.000e+00
      57822 292.674574  -45.76146  -55.02196      0.010    1472.17     43.956     43.592     7.0755     7.0809     0.0055     7.0714     7.0769     0.0055   3.457464   3.458628   0.001164    34.1215    34.1288     6.8558    26.7169    26.7219         11  0.000e+00
      57823 292.674575  -45.76146  -55.02196      0.011    1472.17     43.956     43.592     7.0727     7.0800     0.0072     7.0687     7.0759     0.0072   3.457211   3.458537   0.001326    34.1214    34.1288     6.8567    26.7172    26.7220         11  0.000e+00
      57824 292.674575  -45.76146  -55.02196      0.019    1472.17     44.077     43.711     7.0693     7.0796     0.0103     7.0652     7.0756     0.0103   3.456952   3.458470   0.001518    34.1219    34.1283     6.8578    26.7181    26.7217         11  0.000e+00
      57825 292.674576  -45.76146  -55.02196      0.021    1472.17     43.980     43.616     7.0672     7.0803     0.0130     7.0632     7.0762     0.0130   3.456748   3.458543   0.001795    34.1218    34.1285     6.8586    26.7182    26.7218         11  0.000e+00
      57826 292.674576  -45.76146  -55.02196      0.026    1472.17     43.956     43.592     7.0661     7.0821     0.0160     7.0620     7.0781     0.0160   3.456680   3.458719   0.002040    34.1222    34.1287     6.8644    26.7187    26.7216         11  0.000e+00
      57827 292.674577  -45.76146  -55.02196      0.028    1472.17     44.021     43.656     7.0682     7.0832     0.0150     7.0641     7.0791     0.0150   3.456785   3.458896   0.002111    34.1212    34.1295     6.8653    26.7177    26.7221         11  0.000e+00
      57828 292.674577  -45.76146  -55.02196      0.033    1472.17     44.021     43.656     7.0741     7.0847     0.0105     7.0701     7.0806     0.0105   3.457298   3.459018   0.001720    34.1209    34.1294     6.8607    26.7166    26.7218         11  0.000e+00
      57829 292.674578  -45.76146  -55.02196      0.040    1472.17     44.077     43.712     7.0807     7.0856     0.0049     7.0766     7.0815     0.0049   3.457940   3.459140   0.001200    34.1215    34.1297     6.8604    26.7162    26.7220         11  0.000e+00
      57830 292.674578  -45.76146  -55.02196      0.041    1472.17     43.956     43.592     7.0864     7.0865     0.0002     7.0823     7.0825     0.0002   3.458453   3.459280   0.000827    34.1215    34.1304     6.8601    26.7154    26.7224         11  0.000e+00
      57831 292.674579  -45.76146  -55.02196      0.048    1472.17     44.077     43.712     7.0901     7.0871    -0.0030     7.0861     7.0831    -0.0030   3.458774   3.459316   0.000542    34.1213    34.1302     6.8599    26.7147    26.7221         11  0.000e+00
