Pos-Processados/process_op42/operantar42_052.ros
* Sea-Bird SBE 9 Data File:
* FileName = C:\Users\Hidrografia\Desktop\OPXLII\Brutos\OP42052.hdr
* Software Version Seasave V 7.26.7.107
* Temperature SN = 6502
* Conductivity SN = 4998
* Number of Bytes Per Scan = 37
* Number of Voltage Words = 4
* Number of Scans Averaged by the Deck Unit = 1
* NMEA Latitude = 62 08.45 S
* NMEA Longitude = 058 26.37 W
* NMEA UTC (Time) = Nov 10 2023 03:08:21
* NMEA baud rate = 4800
** H41
** NPOALTEMAXIMIANO
** NUMERO DA ESTACAO (XXX) 052
** LAT (XX XX.XX S/N) 62 08.443 S
** LONG (XXX XX.XX W/E) 058 26.408 W
** DATAHORA (dd/mm/aaaa hh:mm Z) 10/11/2023 0307Z
** PROFUNDIDADE (m) 424
** OPERADOR CT FABIREZA
# nquan = 24
# nvalues = 3908                                  
# units = specified
# name 0 = scan: Scan Count
# name 1 = timeJ: Julian Days
# name 2 = latitude: Latitude [deg]
# name 3 = longitude: Longitude [deg]
# name 4 = dz/dtM: Descent Rate [m/s]
# name 5 = avgsvCM: Average Sound Velocity [Chen-Millero, m/s]
# name 6 = prDM: Pressure, Digiquartz [db]
# name 7 = depSM: Depth [salt water, m]
# name 8 = t090C: Temperature [ITS-90, deg C]
# name 9 = t190C: Temperature, 2 [ITS-90, deg C]
# name 10 = T2-T190C: Temperature Difference, 2 - 1 [ITS-90, deg C]
# name 11 = potemp090C: Potential Temperature [ITS-90, deg C]
# name 12 = potemp190C: Potential Temperature, 2 [ITS-90, deg C]
# name 13 = potemp90Cdiff: Potential Temperature, Diff, 2 - 1 [ITS-90, deg C]
# name 14 = c0S/m: Conductivity [S/m]
# name 15 = c1S/m: Conductivity, 2 [S/m]
# name 16 = C2-C1S/m: Conductivity Difference, 2 - 1 [S/m]
# name 17 = sal00: Salinity, Practical [PSU]
# name 18 = sal11: Salinity, Practical, 2 [PSU]
# name 19 = sbeox0ML/L: Oxygen, SBE 43 [ml/l]
# name 20 = sigma-é00: Density [sigma-theta, kg/m^3]
# name 21 = sigma-é11: Density, 2 [sigma-theta, kg/m^3]
# name 22 = nbf: Bottles Fired
# name 23 = flag:  0.000e+00
# interval = seconds: 0.0416667
# start_time = Nov 10 2023 03:08:21 [NMEA time, header]
# bad_flag = -9.990e-29
*END*
[from data line 3744]
      30581 314.145546  -62.14598  -58.42650      0.056    1448.28     57.730     57.168    -0.5805    -0.5805     0.0001    -0.5823    -0.5822     0.0001   2.803042   2.802999  -0.000043    34.2782    34.2776     7.6305    27.5513    27.5508         24  0.000e+00
      30582 314.145546  -62.14598  -58.42650      0.056    1448.28     57.730     57.168    -0.5807    -0.5802     0.0005    -0.5824    -0.5819     0.0005   2.803065   2.803005  -0.000060    34.2787    34.2773     7.6243    27.5518    27.5506         24  0.000e+00
      30583 314.145547  -62.14598  -58.42650      0.059    1448.28     57.786     57.224    -0.5807    -0.5803     0.0004    -0.5824    -0.5820     0.0004   2.803054   2.802988  -0.000066    34.2785    34.2772     7.6300    27.5516    27.5505         24  0.000e+00
      30584 314.145547  -62.14598  -58.42650      0.055    1448.28     57.730     57.168    -0.5804    -0.5802     0.0002    -0.5821    -0.5819     0.0002   2.803048   2.802999  -0.000049    34.2781    34.2772     7.6301    27.5512    27.5505         24  0.000e+00
      30585 314.145548  -62.14598  -58.42650      0.058    1448.28     57.786     57.224    -0.5806    -0.5802     0.0004    -0.5823    -0.5819     0.0004   2.803048   2.802988  -0.000060    34.2783    34.2770     7.6304    27.5514    27.5504         24  0.000e+00
      30586 314.145548  -62.14598  -58.42650      0.056    1448.28     57.730     57.168    -0.5804    -0.5803     0.0001    -0.5821    -0.5820     0.0001   2.803031   2.802966  -0.000065    34.2779    34.2769     7.6305    27.5511    27.5503         24  0.000e+00
      30587 314.145549  -62.14598  -58.42650      0.055    1448.28     57.786     57.224    -0.5802    -0.5802     0.0000    -0.5819    -0.5819     0.0000   2.803042   2.802977  -0.000066    34.2778    34.2769     7.6308    27.5510    27.5503         24  0.000e+00
      30588 314.145549  -62.14598  -58.42650      0.053    1448.28     57.730     57.168    -0.5806    -0.5803     0.0003    -0.5823    -0.5820     0.0003   2.803088   2.802982  -0.000106    34.2789    34.2771     7.6310    27.5519    27.5505         24  0.000e+00
      30589 314.145550  -62.14598  -58.42650      0.055    1448.28     57.786     57.224    -0.5804    -0.5800     0.0004    -0.5821    -0.5817     0.0004   2.803082   2.802982  -0.000100    34.2785    34.2768     7.6312    27.5516    27.5502         24  0.000e+00
      30590 314.145550  -62.14598  -58.42650      0.053    1448.28     57.730     57.168    -0.5804    -0.5801     0.0004    -0.5822    -0.5818     0.0004   2.803111   2.802982  -0.000128    34.2790    34.2769     7.6313    27.5520    27.5502         24  0.000e+00
      30591 314.145551  -62.14598  -58.42650      0.054    1448.28     57.786     57.224    -0.5804    -0.5800     0.0004    -0.5821    -0.5817     0.0004   2.803111   2.802960  -0.000151    34.2789    34.2765     7.6252    27.5519    27.5499         24  0.000e+00
      30592 314.145551  -62.14598  -58.42650      0.051    1448.28     57.730     57.168    -0.5805    -0.5803     0.0002    -0.5823    -0.5820     0.0002   2.803105   2.802971  -0.000134    34.2791    34.2770     7.6308    27.5520    27.5503         24  0.000e+00
      30593 314.145552  -62.14598  -58.42650      0.052    1448.28     57.786     57.224    -0.5804    -0.5802     0.0002    -0.5822    -0.5819     0.0002   2.803060   2.802982  -0.000077    34.2783    34.2770     7.6311    27.5514    27.5503         24  0.000e+00
      30594 314.145552  -62.14598  -58.42650      0.052    1448.28     57.786     57.224    -0.5804    -0.5800     0.0004    -0.5821    -0.5817     0.0004   2.803088   2.802982  -0.000106    34.2786    34.2768     7.6314    27.5517    27.5502         24  0.000e+00
      30595 314.145553  -62.14598  -58.42650      0.049    1448.28     57.730     57.168    -0.5804    -0.5800     0.0004    -0.5822    -0.5817     0.0004   2.803082   2.802999  -0.000083    34.2786    34.2770     7.6316    27.5517    27.5504         24  0.000e+00
      30596 314.145553  -62.14598  -58.42648      0.045    1448.28     57.730     57.168    -0.5805    -0.5800     0.0005    -0.5823    -0.5817     0.0005   2.803037   2.802966  -0.000071    34.2781    34.2766     7.6319    27.5513    27.5500         24  0.000e+00
      30597 314.145554  -62.14598  -58.42648      0.045    1448.28     57.786     57.224    -0.5804    -0.5798     0.0006    -0.5822    -0.5816     0.0006   2.803025   2.802988  -0.000037    34.2778    34.2766     7.6322    27.5510    27.5500         24  0.000e+00
      30598 314.145554  -62.14598  -58.42648      0.041    1448.28     57.730     57.168    -0.5804    -0.5798     0.0005    -0.5821    -0.5816     0.0005   2.802985   2.803005   0.000020    34.2772    34.2769     7.6324    27.5506    27.5503         24  0.000e+00
      30599 314.145555  -62.14598  -58.42648      0.040    1448.28     57.786     57.224    -0.5804    -0.5796     0.0008    -0.5821    -0.5813     0.0008   2.803008   2.803005  -0.000003    34.2775    34.2766     7.6263    27.5508    27.5500         24  0.000e+00
      30600 314.145555  -62.14598  -58.42648      0.039    1448.28     57.730     57.168    -0.5803    -0.5798     0.0004    -0.5820    -0.5816     0.0004   2.803042   2.802988  -0.000054    34.2779    34.2767     7.6319    27.5511    27.5501         24  0.000e+00
      30601 314.145556  -62.14598  -58.42648      0.035    1448.28     57.730     57.168    -0.5804    -0.5795     0.0008    -0.5821    -0.5813     0.0008   2.803008   2.802982  -0.000026    34.2776    34.2763     7.6322    27.5508    27.5497         24  0.000e+00
      30602 314.145556  -62.14598  -58.42648      0.034    1448.28     57.786     57.224    -0.5803    -0.5798     0.0004    -0.5820    -0.5816     0.0004   2.803031   2.803016  -0.000015    34.2777    34.2770     7.6326    27.5509    27.5503         24  0.000e+00
      30603 314.145557  -62.14598  -58.42648      0.033    1448.28     57.730     57.168    -0.5804    -0.5795     0.0008    -0.5821    -0.5813     0.0008   2.803031   2.802994  -0.000037    34.2779    34.2764     7.6328    27.5511    27.5498         24  0.000e+00
      30604 314.145557  -62.14598  -58.42648      0.028    1448.28     57.730     57.168    -0.5799    -0.5795     0.0004    -0.5816    -0.5813     0.0004   2.803025   2.802999  -0.000026    34.2773    34.2765     7.6330    27.5506    27.5499         24  0.000e+00
      30605 314.145557  -62.14598  -58.42648      0.030    1448.28     57.786     57.224    -0.5803    -0.5795     0.0007    -0.5820    -0.5813     0.0007   2.802985   2.803005   0.000020    34.2771    34.2765     7.6335    27.5504    27.5499         24  0.000e+00
      30606 314.145558  -62.14598  -58.42648      0.025    1448.28     57.730     57.168    -0.5804    -0.5795     0.0008    -0.5821    -0.5813     0.0008   2.803008   2.802988  -0.000020    34.2776    34.2763     7.6337    27.5508    27.5498         24  0.000e+00
      30607 314.145558  -62.14598  -58.42648      0.024    1448.28     57.730     57.168    -0.5801    -0.5794     0.0007    -0.5818    -0.5811     0.0007   2.803042   2.802999  -0.000043    34.2777    34.2764     7.6340    27.5509    27.5498         24  0.000e+00
      30608 314.145559  -62.14598  -58.42648      0.020    1448.28     57.762     57.200    -0.5804    -0.5794     0.0010    -0.5821    -0.5811     0.0010   2.802968   2.803027   0.000059    34.2770    34.2767     7.6344    27.5504    27.5501         24  0.000e+00
      30609 314.145559  -62.14598  -58.42648      0.019    1448.28     57.730     57.168    -0.5804    -0.5790     0.0014    -0.5821    -0.5807     0.0014   2.802963   2.803011   0.000048    34.2769    34.2760     7.6347    27.5503    27.5495         24  0.000e+00
      30610 314.145560  -62.14598  -58.42648      0.013    1448.28     57.730     57.168    -0.5801    -0.5792     0.0008    -0.5818    -0.5810     0.0008   2.802985   2.803005   0.000020    34.2769    34.2762     7.6274    27.5503    27.5497         24  0.000e+00
      30611 314.145560  -62.14598  -58.42648      0.011    1448.28     57.730     57.168    -0.5802    -0.5791     0.0011    -0.5819    -0.5808     0.0011   2.802934   2.803027   0.000093    34.2764    34.2763     7.6321    27.5498    27.5498         24  0.000e+00
      30612 314.145561  -62.14598  -58.42648      0.013    1448.28     57.786     57.224    -0.5804    -0.5792     0.0012    -0.5822    -0.5810     0.0012   2.803014   2.803011  -0.000003    34.2777    34.2763     7.6324    27.5509    27.5497         24  0.000e+00
      30613 314.145561  -62.14598  -58.42648      0.011    1448.28     57.730     57.168    -0.5804    -0.5791     0.0013    -0.5821    -0.5808     0.0013   2.803031   2.803005  -0.000026    34.2779    34.2760     7.6326    27.5511    27.5495         24  0.000e+00
      30614 314.145562  -62.14598  -58.42648      0.005    1448.28     57.730     57.168    -0.5806    -0.5791     0.0015    -0.5823    -0.5808     0.0015   2.803042   2.803005  -0.000038    34.2783    34.2760     7.6264    27.5514    27.5495         24  0.000e+00
      30615 314.145562  -62.14598  -58.42648     -0.001    1448.28     57.666     57.104    -0.5805    -0.5792     0.0013    -0.5823    -0.5810     0.0013   2.803031   2.803022  -0.000009    34.2781    34.2765     7.6256    27.5513    27.5499         24  0.000e+00
      30616 314.145563  -62.14598  -58.42648     -0.003    1448.28     57.730     57.168    -0.5804    -0.5792     0.0011    -0.5821    -0.5810     0.0011   2.802985   2.803033   0.000048    34.2772    34.2766     7.6303    27.5506    27.5500         24  0.000e+00
      30617 314.145563  -62.14598  -58.42648     -0.001    1448.28     57.786     57.224    -0.5804    -0.5789     0.0015    -0.5822    -0.5807     0.0015   2.803025   2.803011  -0.000015    34.2778    34.2759     7.6307    27.5510    27.5494         24  0.000e+00
      30618 314.145564  -62.14598  -58.42648     -0.007    1448.28     57.666     57.104    -0.5805    -0.5790     0.0015    -0.5823    -0.5807     0.0015   2.803008   2.803022   0.000014    34.2778    34.2762     7.6309    27.5510    27.5497         24  0.000e+00
      30619 314.145564  -62.14598  -58.42648     -0.006    1448.28     57.730     57.168    -0.5806    -0.5789     0.0017    -0.5823    -0.5807     0.0017   2.803031   2.803033   0.000002    34.2781    34.2763     7.6313    27.5513    27.5497         24  0.000e+00
      30620 314.145565  -62.14598  -58.42648     -0.006    1448.28     57.786     57.224    -0.5805    -0.5788     0.0018    -0.5823    -0.5805     0.0018   2.803048   2.803033  -0.000015    34.2783    34.2760     7.6316    27.5514    27.5495         24  0.000e+00
      30621 314.145565  -62.14598  -58.42648     -0.012    1448.28     57.666     57.104    -0.5805    -0.5791     0.0015    -0.5823    -0.5808     0.0015   2.803065   2.802994  -0.000072    34.2786    34.2759     7.6307    27.5516    27.5494         24  0.000e+00
      30622 314.145566  -62.14598  -58.42648     -0.014    1448.28     57.730     57.168    -0.5803    -0.5792     0.0010    -0.5820    -0.5810     0.0010   2.803094   2.803022  -0.000072    34.2786    34.2765     7.6245    27.5516    27.5499         24  0.000e+00
      30623 314.145566  -62.14598  -58.42648     -0.019    1448.28     57.666     57.104    -0.5802    -0.5791     0.0011    -0.5819    -0.5808     0.0011   2.803060   2.803033  -0.000027    34.2781    34.2765     7.6301    27.5512    27.5499         24  0.000e+00
      30624 314.145567  -62.14598  -58.42648     -0.018    1448.28     57.786     57.224    -0.5804    -0.5792     0.0012    -0.5822    -0.5810     0.0012   2.803065   2.803033  -0.000032    34.2784    34.2766     7.6306    27.5515    27.5500         24  0.000e+00
      30625 314.145567  -62.14598  -58.42648     -0.023    1448.28     57.666     57.104    -0.5807    -0.5792     0.0015    -0.5824    -0.5810     0.0015   2.803111   2.803016  -0.000095    34.2794    34.2764     7.6308    27.5523    27.5498         24  0.000e+00
      30626 314.145568  -62.14598  -58.42648     -0.029    1448.28     57.666     57.104    -0.5804    -0.5794     0.0010    -0.5821    -0.5811     0.0010   2.803111   2.803027  -0.000084    34.2790    34.2768     7.6310    27.5520    27.5501         24  0.000e+00
      30627 314.145568  -62.14598  -58.42648     -0.027    1448.28     57.730     57.168    -0.5804    -0.5791     0.0014    -0.5822    -0.5808     0.0014   2.803105   2.803033  -0.000072    34.2789    34.2764     7.6314    27.5519    27.5498         24  0.000e+00
      30628 314.145569  -62.14598  -58.42648     -0.032    1448.28     57.666     57.104    -0.5802    -0.5791     0.0011    -0.5819    -0.5808     0.0011   2.803105   2.803011  -0.000095    34.2787    34.2762     7.6316    27.5517    27.5497         24  0.000e+00
      30629 314.145569  -62.14598  -58.42648     -0.030    1448.28     57.730     57.168    -0.5803    -0.5792     0.0010    -0.5820    -0.5810     0.0010   2.803060   2.803005  -0.000055    34.2781    34.2762     7.6320    27.5513    27.5497         24  0.000e+00
      30630 314.145570  -62.14598  -58.42648     -0.034    1448.28     57.666     57.104    -0.5804    -0.5792     0.0011    -0.5821    -0.5810     0.0011   2.803065   2.803005  -0.000060    34.2784    34.2763     7.6323    27.5515    27.5497         24  0.000e+00
      30631 314.145570  -62.14598  -58.42648     -0.035    1448.28     57.730     57.168    -0.5804    -0.5791     0.0014    -0.5822    -0.5808     0.0014   2.803054   2.803044  -0.000010    34.2782    34.2766     7.6316    27.5514    27.5499         24  0.000e+00
      30632 314.145571  -62.14598  -58.42648     -0.033    1448.28     57.730     57.168    -0.5804    -0.5794     0.0010    -0.5821    -0.5811     0.0010   2.803088   2.803044  -0.000044    34.2786    34.2770     7.6318    27.5517    27.5503         24  0.000e+00
      30633 314.145571  -62.14598  -58.42648     -0.037    1448.28     57.666     57.104    -0.5804    -0.5792     0.0011    -0.5821    -0.5810     0.0011   2.803082   2.803033  -0.000049    34.2786    34.2767     7.6320    27.5517    27.5500         24  0.000e+00
      30634 314.145571  -62.14598  -58.42648     -0.038    1448.28     57.666     57.104    -0.5800    -0.5792     0.0007    -0.5817    -0.5810     0.0007   2.803077   2.803033  -0.000044    34.2781    34.2767     7.6322    27.5512    27.5500         24  0.000e+00
      30635 314.145572  -62.14598  -58.42648     -0.042    1448.28     57.666     57.104    -0.5802    -0.5792     0.0010    -0.5819    -0.5810     0.0010   2.803077   2.803016  -0.000061    34.2783    34.2764     7.6325    27.5514    27.5498         24  0.000e+00
      30636 314.145572  -62.14598  -58.42648     -0.039    1448.28     57.730     57.168    -0.5801    -0.5794     0.0007    -0.5818    -0.5811     0.0007   2.803037   2.803005  -0.000032    34.2776    34.2764     7.6328    27.5508    27.5499         24  0.000e+00
      30637 314.145573  -62.14598  -58.42648     -0.043    1448.28     57.666     57.104    -0.5801    -0.5791     0.0010    -0.5818    -0.5808     0.0010   2.803025   2.803005  -0.000020    34.2775    34.2761     7.6330    27.5508    27.5496         24  0.000e+00
      30638 314.145573  -62.14598  -58.42648     -0.043    1448.28     57.666     57.104    -0.5801    -0.5792     0.0008    -0.5818    -0.5810     0.0008   2.803025   2.803027   0.000002    34.2775    34.2766     7.6333    27.5508    27.5500         24  0.000e+00
      30639 314.145574  -62.14598  -58.42648     -0.042    1448.28     57.730     57.168    -0.5800    -0.5791     0.0009    -0.5817    -0.5808     0.0009   2.802985   2.803011   0.000025    34.2768    34.2761     7.6336    27.5502    27.5496         24  0.000e+00
