Pos-Processados/process_op42/operantar42_031.cnv
* Sea-Bird SBE 9 Data File:
* FileName = C:\Users\Hidrografia\Desktop\OPXLII\Brutos\OP42031.hdr
* Software Version Seasave V 7.26.7.107
* Temperature SN = 6502
* Conductivity SN = 4998
* Number of Bytes Per Scan = 37
* Number of Voltage Words = 4
* Number of Scans Averaged by the Deck Unit = 1
* NMEA Latitude = 62 08.51 S
* NMEA Longitude = 058 26.69 W
* NMEA UTC (Time) = Nov 09 2023 06:07:33
* NMEA baud rate = 4800
** H41
** NPOALTEMAXIMIANO
** NUMERO DA ESTACAO (XXX) 031
** LAT (XX XX.XX S/N) 62 08.5 S
** LONG (XXX XX.XX W/E) 058 26.7 W
** DATAHORA (dd/mm/aaaa hh:mm Z) 09/11/2023 0606Z
** PROFUNDIDADE (m) 410
** OPERADOR CT FILIPE LOPES
# nquan = 30
# nvalues = 738                         
# units = specified
# name 0 = scan: Scan Count
# name 1 = timeJ: Julian Days
# name 2 = latitude: Latitude [deg]
# name 3 = longitude: Longitude [deg]
# name 4 = dz/dtM: Descent Rate [m/s]
# name 5 = avgsvCM: Average Sound Velocity [Chen-Millero, m/s]
# name 6 = prDM: Pressure, Digiquartz [db]
# name 7 = depSM: Depth [salt water, m]
# name 8 = t090C: Temperature [ITS-90, deg C]
# name 9 = t190C: Temperature, 2 [ITS-90, deg C]
# name 10 = T2-T190C: Temperature Difference, 2 - 1 [ITS-90, deg C]
# name 11 = potemp090C: Potential Temperature [ITS-90, deg C]
# name 12 = potemp190C: Potential Temperature, 2 [ITS-90, deg C]
# name 13 = potemp90Cdiff: Potential Temperature, Diff, 2 - 1 [ITS-90, deg C]
# name 14 = c0S/m: Conductivity [S/m]
# name 15 = c1S/m: Conductivity, 2 [S/m]
# name 16 = C2-C1S/m: Conductivity Difference, 2 - 1 [S/m]
# name 17 = sal00: Salinity, Practical [PSU]
# name 18 = sal11: Salinity, Practical, 2 [PSU]
# name 19 = sbeox0ML/L: Oxygen, SBE 43 [ml/l]
# name 20 = sigma-é00: Density [sigma-theta, kg/m^3]
# name 21 = sigma-é11: Density, 2 [sigma-theta, kg/m^3]
# name 22 = sal00: Salinity, Practical [PSU]
# name 23 = sigma-é00: Density [sigma-theta, kg/m^3]
# name 24 = svCM: Sound Velocity [Chen-Millero, m/s]
# name 25 = svCM1: Sound Velocity, 2 [Chen-Millero, m/s]
# name 26 = gsw_ptA0: potential temperature [ITS-90, deg C]
# name 27 = gsw_densityA0: density, TEOS-10 [density, kg/m^3]
# name 28 = gsw_saA0: Absolute Salinity [g/kg]
# name 29 = flag:
# span 0 =       6615,      29481       
# span 1 = 313.258433, 313.269460       
# span 2 =  -62.14393,  -62.14281       
# span 3 =  -58.44361,  -58.43559       
# span 4 =     -0.984,      1.082       
# span 5 =       0.00,    1448.56       
# span 6 =      3.000,    372.000       
# span 7 =      2.972,    368.104       
# span 8 =    -0.8357,    -0.5432       
# span 9 =    -0.8349,    -0.5425       
# span 10 =    -0.0134,     0.0096      
# span 11 =    -0.8432,    -0.5452      
# span 12 =    -0.8424,    -0.5445      
# span 13 =    -0.0134,     0.0096      
# span 14 =   2.792248,   2.825564      
# span 15 =   2.792227,   2.825246      
# span 16 =  -0.001104,   0.001010      
# span 17 =    34.2818,    34.4000      
# span 18 =    34.2821,    34.3945      
# span 19 =     6.7252,     7.6536      
# span 20 =    27.5533,    27.6508      
# span 21 =    27.5529,    27.6463      
# span 22 =    34.2825,    34.3998      
# span 23 =    27.5533,    27.6506      
# span 24 =    1445.68,    1451.65      
# span 25 =    1445.69,    1451.66      
# span 26 =    -0.8430,    -0.5452      
# span 27 =  1027.5737,  1029.4298      
# span 28 =    34.4442,    34.5680      
# span 29 = 0.0000e+00, 0.0000e+00      
# interval = decibars: 1                
# start_time = Nov 09 2023 06:07:33 [NMEA time, header]
# bad_flag = -9.990e-29
*END*
[from data line 629]
      26137 313.267847  -62.14382  -58.43676     -0.813    1448.14    111.000    109.905    -0.6737    -0.6729     0.0009    -0.6770    -0.6762     0.0009   2.798343   2.798333  -0.000010    34.2874    34.2863     7.5405    27.5628    27.5619    34.2874    27.5629    1446.86    1446.87    -0.6769  1028.0992    34.4538 0.0000e+00
      26165 313.267861  -62.14382  -58.43674     -0.850    1448.14    110.000    108.916    -0.6711    -0.6716    -0.0004    -0.6744    -0.6748    -0.0004   2.798540   2.798383  -0.000125    34.2872    34.2860     7.5380    27.5626    27.5616    34.2877    27.5630    1446.86    1446.86    -0.6743  1028.0946    34.4541 0.0000e+00
      26192 313.267874  -62.14382  -58.43674     -0.862    1448.14    109.000    107.926    -0.6631    -0.6673    -0.0042    -0.6664    -0.6705    -0.0042   2.799099   2.798655  -0.000426    34.2862    34.2852     7.5339    27.5614    27.5608    34.2868    27.5619    1446.88    1446.86    -0.6663  1028.0886    34.4532 0.0000e+00
      26220 313.267887  -62.14382  -58.43672     -0.864    1448.14    108.000    106.936    -0.6573    -0.6627    -0.0054    -0.6605    -0.6659    -0.0054   2.799563   2.799032  -0.000526    34.2858    34.2848     7.5323    27.5609    27.5603    34.2871    27.5619    1446.89    1446.86    -0.6604  1028.0838    34.4535 0.0000e+00
      26247 313.267900  -62.14382  -58.43671     -0.878    1448.14    107.000    105.946    -0.6422    -0.6483    -0.0061    -0.6454    -0.6515    -0.0061   2.800777   2.800139  -0.000617    34.2853    34.2839     7.5464    27.5598    27.5589    34.2870    27.5612    1446.94    1446.91    -0.6453  1028.0783    34.4534 0.0000e+00
      26274 313.267913  -62.14382  -58.43670     -0.887    1448.14    106.000    104.956    -0.6287    -0.6421    -0.0134    -0.6319    -0.6453    -0.0134   2.801801   2.800597  -0.001104    34.2838    34.2841     7.5578    27.5581    27.5589    34.2861    27.5599    1446.99    1446.93    -0.6318  1028.0721    34.4525 0.0000e+00
      26301 313.267926  -62.14382  -58.43670     -0.897    1448.14    105.000    103.966    -0.6188    -0.6285    -0.0097    -0.6219    -0.6317    -0.0097   2.802638   2.801725  -0.000966    34.2845    34.2825     7.5623    27.5582    27.5570    34.2868    27.5600    1447.02    1446.97    -0.6219  1028.0674    34.4532 0.0000e+00
      26329 313.267940  -62.14382  -58.43669     -0.878    1448.14    104.000    102.976    -0.6056    -0.6108    -0.0052    -0.6087    -0.6139    -0.0052   2.803584   2.803063  -0.000509    34.2835    34.2826     7.5709    27.5568    27.5563    34.2853    27.5582    1447.07    1447.04    -0.6087  1028.0608    34.4516 0.0000e+00
      26357 313.267953  -62.14382  -58.43668     -0.851    1448.14    103.000    101.986    -0.5981    -0.6061    -0.0080    -0.6012    -0.6092    -0.0080   2.804198   2.803488  -0.000722    34.2836    34.2829     7.5738    27.5565    27.5563    34.2857    27.5582    1447.08    1447.05    -0.6011  1028.0560    34.4520 0.0000e+00
      26385 313.267967  -62.14382  -58.43666     -0.850    1448.14    102.000    100.996    -0.5938    -0.6011    -0.0074    -0.5969    -0.6042    -0.0074   2.804587   2.803860  -0.000714    34.2848    34.2835     7.5782    27.5573    27.5566    34.2866    27.5588    1447.09    1447.05    -0.5968  1028.0517    34.4529 0.0000e+00
      26412 313.267980  -62.14382  -58.43666     -0.879    1448.14    101.000    100.006    -0.5850    -0.5924    -0.0075    -0.5880    -0.5955    -0.0075   2.805342   2.804610  -0.000750    34.2851    34.2835     7.5789    27.5572    27.5562    34.2874    27.5591    1447.11    1447.08    -0.5880  1028.0472    34.4537 0.0000e+00
      26438 313.267993  -62.14384  -58.43665     -0.904    1448.14    100.000     99.017    -0.5814    -0.5828    -0.0014    -0.5844    -0.5858    -0.0014   2.805560   2.805310  -0.000264    34.2855    34.2835     7.5903    27.5573    27.5558    34.2870    27.5585    1447.11    1447.11    -0.5844  1028.0418    34.4532 0.0000e+00
      26464 313.268005  -62.14384  -58.43664     -0.915    1448.14     99.000     98.027    -0.5783    -0.5804    -0.0020    -0.5813    -0.5834    -0.0020   2.805776   2.805473  -0.000295    34.2855    34.2838     7.5917    27.5572    27.5559    34.2870    27.5584    1447.11    1447.10    -0.5813  1028.0370    34.4533 0.0000e+00
      26490 313.268018  -62.14384  -58.43664     -0.925    1448.14     98.000     97.037    -0.5760    -0.5785    -0.0025    -0.5790    -0.5814    -0.0025   2.805893   2.805604  -0.000316    34.2854    34.2840     7.5908    27.5570    27.5560    34.2866    27.5580    1447.11    1447.09    -0.5789  1028.0317    34.4528 0.0000e+00
      26516 313.268030  -62.14384  -58.43663     -0.935    1448.14     97.000     96.047    -0.5755    -0.5756    -0.0001    -0.5784    -0.5785    -0.0001   2.805893   2.805784  -0.000121    34.2856    34.2840     7.6041    27.5571    27.5558    34.2866    27.5580    1447.09    1447.09    -0.5784  1028.0269    34.4528 0.0000e+00
      26541 313.268042  -62.14384  -58.43662     -0.952    1448.14     96.000     95.057    -0.5754    -0.5751     0.0003    -0.5784    -0.5780     0.0003   2.805847   2.805779  -0.000083    34.2857    34.2842     7.6069    27.5573    27.5560    34.2866    27.5579    1447.08    1447.08    -0.5783  1028.0221    34.4528 0.0000e+00
      26566 313.268054  -62.14384  -58.43661     -0.962    1448.14     95.000     94.067    -0.5786    -0.5757     0.0028    -0.5815    -0.5786     0.0028   2.805503   2.805668   0.000126    34.2859    34.2844     7.6039    27.5575    27.5562    34.2861    27.5577    1447.05    1447.06    -0.5814  1028.0170    34.4523 0.0000e+00
      26592 313.268067  -62.14384  -58.43660     -0.946    1448.14     94.000     93.077    -0.5829    -0.5804     0.0025    -0.5858    -0.5833     0.0025   2.805116   2.805231   0.000118    34.2861    34.2849     7.6012    27.5579    27.5568    34.2864    27.5582    1447.01    1447.02    -0.5857  1028.0127    34.4526 0.0000e+00
      26619 313.268079  -62.14384  -58.43658     -0.902    1448.14     93.000     92.087    -0.5815    -0.5804     0.0011    -0.5843    -0.5832     0.0011   2.805226   2.805191  -0.000026    34.2861    34.2845     7.5848    27.5578    27.5565    34.2869    27.5584    1447.00    1447.00    -0.5842  1028.0082    34.4530 0.0000e+00
      26646 313.268093  -62.14384  -58.43658     -0.879    1448.14     92.000     91.097    -0.5781    -0.5781     0.0001    -0.5809    -0.5809     0.0001   2.805449   2.805355  -0.000106    34.2863    34.2847     7.5858    27.5578    27.5566    34.2867    27.5582    1447.00    1447.00    -0.5808  1028.0032    34.4529 0.0000e+00
      26674 313.268106  -62.14384  -58.43656     -0.858    1448.14     91.000     90.107    -0.5765    -0.5767    -0.0003    -0.5792    -0.5795    -0.0003   2.805543   2.805411  -0.000132    34.2862    34.2848     7.5873    27.5577    27.5565    34.2868    27.5581    1446.99    1446.99    -0.5792  1027.9983    34.4529 0.0000e+00
      26703 313.268120  -62.14384  -58.43656     -0.844    1448.14     90.000     89.117    -0.5743    -0.5743     0.0000    -0.5770    -0.5770     0.0000   2.805703   2.805581  -0.000121    34.2863    34.2847     7.5904    27.5577    27.5563    34.2870    27.5582    1446.99    1446.98    -0.5770  1027.9936    34.4531 0.0000e+00
      26734 313.268135  -62.14384  -58.43655     -0.791    1448.14     89.000     88.127    -0.5720    -0.5726    -0.0007    -0.5747    -0.5753    -0.0007   2.805847   2.805676  -0.000166    34.2864    34.2850     7.5964    27.5577    27.5565    34.2870    27.5581    1446.98    1446.98    -0.5746  1027.9887    34.4530 0.0000e+00
      26765 313.268150  -62.14384  -58.43654     -0.774    1448.14     88.000     87.137    -0.5713    -0.5712     0.0001    -0.5739    -0.5739     0.0001   2.805875   2.805746  -0.000132    34.2867    34.2849     7.5931    27.5579    27.5564    34.2872    27.5583    1446.97    1446.97    -0.5739  1027.9840    34.4533 0.0000e+00
      26794 313.268164  -62.14384  -58.43654     -0.804    1448.14     87.000     86.147    -0.5697    -0.5699    -0.0001    -0.5724    -0.5725    -0.0001   2.805947   2.805814  -0.000134    34.2866    34.2849     7.6000    27.5577    27.5563    34.2870    27.5581    1446.96    1446.96    -0.5723  1027.9790    34.4531 0.0000e+00
      26822 313.268178  -62.14384  -58.43652     -0.835    1448.14     86.000     85.157    -0.5683    -0.5690    -0.0007    -0.5709    -0.5716    -0.0007   2.805994   2.805854  -0.000153    34.2864    34.2852     7.6088    27.5575    27.5565    34.2866    27.5577    1446.95    1446.94    -0.5709  1027.9739    34.4526 0.0000e+00
      26850 313.268191  -62.14384  -58.43651     -0.873    1448.14     85.000     84.167    -0.5695    -0.5690     0.0005    -0.5721    -0.5715     0.0006   2.805863   2.805801  -0.000054    34.2864    34.2851     7.5977    27.5576    27.5565    34.2869    27.5579    1446.93    1446.93    -0.5720  1027.9693    34.4529 0.0000e+00
      26877 313.268204  -62.14384  -58.43650     -0.879    1448.14     84.000     83.177    -0.5653    -0.5665    -0.0012    -0.5679    -0.5691    -0.0012   2.806171   2.805943  -0.000208    34.2862    34.2848     7.6013    27.5572    27.5561    34.2869    27.5578    1446.93    1446.92    -0.5678  1027.9644    34.4529 0.0000e+00
      26905 313.268218  -62.14384  -58.43649     -0.867    1448.14     83.000     82.187    -0.5616    -0.5640    -0.0024    -0.5641    -0.5665    -0.0024   2.806421   2.806113  -0.000310    34.2860    34.2846     7.6051    27.5569    27.5559    34.2866    27.5574    1446.93    1446.92    -0.5641  1027.9592    34.4526 0.0000e+00
      26933 313.268231  -62.14384  -58.43648     -0.850    1448.14     82.000     81.197    -0.5594    -0.5597    -0.0003    -0.5619    -0.5622    -0.0003   2.806551   2.806415  -0.000141    34.2860    34.2844     7.6017    27.5568    27.5555    34.2866    27.5572    1446.92    1446.92    -0.5618  1027.9542    34.4525 0.0000e+00
      26960 313.268244  -62.14384  -58.43646     -0.872    1448.14     81.000     80.207    -0.5532    -0.5554    -0.0022    -0.5557    -0.5579    -0.0021   2.806960   2.806692  -0.000275    34.2851    34.2838     7.5977    27.5558    27.5548    34.2857    27.5562    1446.94    1446.92    -0.5556  1027.9484    34.4516 0.0000e+00
      26988 313.268258  -62.14384  -58.43645     -0.883    1448.14     80.000     79.217    -0.5549    -0.5562    -0.0013    -0.5573    -0.5586    -0.0013   2.806790   2.806591  -0.000189    34.2855    34.2844     7.6059    27.5561    27.5553    34.2859    27.5565    1446.91    1446.90    -0.5573  1027.9439    34.4518 0.0000e+00
      27017 313.268272  -62.14384  -58.43644     -0.833    1448.14     79.000     78.227    -0.5526    -0.5539    -0.0014    -0.5550    -0.5563    -0.0014   2.806945   2.806741  -0.000213    34.2854    34.2840     7.6141    27.5559    27.5549    34.2860    27.5565    1446.91    1446.90    -0.5549  1027.9391    34.4519 0.0000e+00
      27048 313.268286  -62.14384  -58.43644     -0.796    1448.14     78.000     77.237    -0.5502    -0.5509    -0.0007    -0.5526    -0.5533    -0.0007   2.807083   2.806923  -0.000157    34.2852    34.2839     7.6093    27.5557    27.5547    34.2858    27.5562    1446.90    1446.90    -0.5525  1027.9340    34.4517 0.0000e+00
      27079 313.268301  -62.14384  -58.43642     -0.776    1448.14     77.000     76.247    -0.5492    -0.5492     0.0000    -0.5515    -0.5515     0.0000   2.807120   2.807013  -0.000110    34.2853    34.2839     7.6021    27.5558    27.5546    34.2857    27.5561    1446.89    1446.89    -0.5515  1027.9291    34.4516 0.0000e+00
      27107 313.268315  -62.14384  -58.43642     -0.816    1448.14     76.000     75.257    -0.5476    -0.5482    -0.0006    -0.5499    -0.5505    -0.0006   2.807189   2.807044  -0.000147    34.2851    34.2838     7.6022    27.5555    27.5545    34.2855    27.5558    1446.88    1446.88    -0.5499  1027.9240    34.4513 0.0000e+00
      27134 313.268328  -62.14384  -58.43640     -0.872    1448.14     75.000     74.267    -0.5469    -0.5470    -0.0001    -0.5492    -0.5493    -0.0001   2.807184   2.807082  -0.000104    34.2849    34.2836     7.6170    27.5553    27.5543    34.2852    27.5556    1446.87    1446.87    -0.5491  1027.9190    34.4510 0.0000e+00
      27159 313.268340  -62.14385  -58.43640     -0.924    1448.14     74.000     73.277    -0.5462    -0.5461     0.0001    -0.5484    -0.5483     0.0001   2.807192   2.807107  -0.000088    34.2848    34.2835     7.6254    27.5552    27.5541    34.2851    27.5555    1446.85    1446.85    -0.5484  1027.9141    34.4509 0.0000e+00
      27184 313.268352  -62.14386  -58.43639     -0.973    1448.14     73.000     72.287    -0.5454    -0.5451     0.0003    -0.5476    -0.5473     0.0003   2.807190   2.807114  -0.000079    34.2846    34.2832     7.6177    27.5550    27.5538    34.2849    27.5552    1446.84    1446.84    -0.5476  1027.9091    34.4507 0.0000e+00
      27208 313.268364  -62.14386  -58.43637     -0.984    1448.14     72.000     71.297    -0.5447    -0.5450    -0.0003    -0.5469    -0.5472    -0.0003   2.807187   2.807081  -0.000106    34.2843    34.2833     7.6204    27.5547    27.5539    34.2847    27.5550    1446.83    1446.83    -0.5468  1027.9041    34.4504 0.0000e+00
      27234 313.268376  -62.14386  -58.43636     -0.947    1448.14     71.000     70.307    -0.5440    -0.5439     0.0001    -0.5462    -0.5461     0.0001   2.807196   2.807107  -0.000092    34.2844    34.2830     7.6287    27.5547    27.5537    34.2847    27.5550    1446.82    1446.81    -0.5461  1027.8993    34.4504 0.0000e+00
      27261 313.268389  -62.14386  -58.43635     -0.903    1448.14     70.000     69.317    -0.5441    -0.5435     0.0005    -0.5462    -0.5457     0.0005   2.807150   2.807079  -0.000075    34.2845    34.2829     7.6350    27.5549    27.5535    34.2847    27.5550    1446.80    1446.80    -0.5462  1027.8945    34.4505 0.0000e+00
      27290 313.268403  -62.14386  -58.43634     -0.853    1448.14     69.000     68.327    -0.5439    -0.5433     0.0006    -0.5460    -0.5454     0.0006   2.807125   2.807069  -0.000057    34.2845    34.2831     7.6330    27.5549    27.5537    34.2847    27.5550    1446.78    1446.78    -0.5459  1027.8897    34.4505 0.0000e+00
      27320 313.268418  -62.14386  -58.43634     -0.808    1448.14     68.000     67.337    -0.5434    -0.5429     0.0005    -0.5455    -0.5450     0.0005   2.807117   2.807053  -0.000061    34.2845    34.2831     7.6332    27.5548    27.5537    34.2847    27.5550    1446.77    1446.77    -0.5454  1027.8849    34.4505 0.0000e+00
      27350 313.268432  -62.14386  -58.43632     -0.799    1448.14     67.000     66.346    -0.5434    -0.5427     0.0007    -0.5454    -0.5447     0.0007   2.807075   2.807020  -0.000061    34.2846    34.2830     7.6325    27.5549    27.5536    34.2848    27.5550    1446.75    1446.75    -0.5454  1027.8802    34.4505 0.0000e+00
      27379 313.268446  -62.14386  -58.43631     -0.816    1448.14     66.000     65.356    -0.5432    -0.5425     0.0007    -0.5452    -0.5445     0.0007   2.807031   2.806989  -0.000043    34.2845    34.2831     7.6299    27.5548    27.5536    34.2846    27.5549    1446.74    1446.74    -0.5452  1027.8752    34.4503 0.0000e+00
      27408 313.268460  -62.14386  -58.43630     -0.831    1448.14     65.000     64.366    -0.5433    -0.5425     0.0008    -0.5453    -0.5445     0.0008   2.806978   2.806945  -0.000035    34.2845    34.2832     7.6210    27.5549    27.5537    34.2846    27.5549    1446.72    1446.72    -0.5452  1027.8704    34.4503 0.0000e+00
