Pos-Processados/process_op42/operantar42_010.ros
* Sea-Bird SBE 9 Data File:
* FileName = C:\Users\Hidrografia\Desktop\OPXLII\Brutos\OP42010.hdr
* Software Version Seasave V 7.26.7.107
* Temperature SN = 6502
* Conductivity SN = 4998
* Number of Bytes Per Scan = 31
* Number of Voltage Words = 2
* Number of Scans Averaged by the Deck Unit = 1
* NMEA Latitude = 44 13.49 S
* NMEA Longitude = 056 00.10 W
* NMEA UTC (Time) = Oct 19 2023 00:22:47
* NMEA baud rate = 4800
** H41
** NPOALTEMAXIMIANO
** NUMERO DA ESTACAO (XXX) 010
** LAT (XX XX.XX S/N) 44 13.210 S
** LONG (XXX XX.XX W/E) 055 59.942 W
** DATAHORA (dd/mm/aaaa hh:mm Z) 18/10/2023 0022Z
** PROFUNDIDADE (m) 5179
** OPERADOR CT FABIREZA
# nquan = 24
# nvalues = 4053                                  
# units = specified
# name 0 = scan: Scan Count
# name 1 = timeJ: Julian Days
# name 2 = latitude: Latitude [deg]
# name 3 = longitude: Longitude [deg]
# name 4 = dz/dtM: Descent Rate [m/s]
# name 5 = avgsvCM: Average Sound Velocity [Chen-Millero, m/s]
# name 6 = prDM: Pressure, Digiquartz [db]
# name 7 = depSM: Depth [salt water, m]
# name 8 = t090C: Temperature [ITS-90, deg C]
# name 9 = t190C: Temperature, 2 [ITS-90, deg C]
# name 10 = T2-T190C: Temperature Difference, 2 - 1 [ITS-90, deg C]
# name 11 = potemp090C: Potential Temperature [ITS-90, deg C]
# name 12 = potemp190C: Potential Temperature, 2 [ITS-90, deg C]
# name 13 = potemp90Cdiff: Potential Temperature, Diff, 2 - 1 [ITS-90, deg C]
# name 14 = c0S/m: Conductivity [S/m]
# name 15 = c1S/m: Conductivity, 2 [S/m]
# name 16 = C2-C1S/m: Conductivity Difference, 2 - 1 [S/m]
# name 17 = sal00: Salinity, Practical [PSU]
# name 18 = sal11: Salinity, Practical, 2 [PSU]
# name 19 = sbeox0ML/L: Oxygen, SBE 43 [ml/l]
# name 20 = sigma-é00: Density [sigma-theta, kg/m^3]
# name 21 = sigma-é11: Density, 2 [sigma-theta, kg/m^3]
# name 22 = nbf: Bottles Fired
# name 23 = flag:  0.000e+00
# interval = seconds: 0.0416667
# start_time = Oct 19 2023 00:22:47 [NMEA time, header]
# bad_flag = -9.990e-29
*END*
[from data line 2959]
      61364 292.045414  -44.23658  -56.00890      0.025    1479.42     40.755     40.423    12.5399    12.5409     0.0010    12.5345    12.5355     0.0010   4.070410   4.070584   0.000174    35.1606    35.1613     5.8327    26.6101    26.6104         18  0.000e+00
      61365 292.045415  -44.23658  -56.00890      0.023    1479.42     40.690     40.359    12.5402    12.5411     0.0009    12.5348    12.5356     0.0009   4.070463   4.070558   0.000095    35.1608    35.1610     5.8327    26.6102    26.6101         18  0.000e+00
      61366 292.045415  -44.23658  -56.00890      0.026    1479.42     40.771     40.439    12.5402    12.5410     0.0008    12.5348    12.5355     0.0008   4.070423   4.070545   0.000122    35.1604    35.1609     5.8329    26.6099    26.6101         18  0.000e+00
      61367 292.045416  -44.23658  -56.00890      0.028    1479.42     40.755     40.423    12.5402    12.5411     0.0009    12.5348    12.5356     0.0009   4.070495   4.070571   0.000076    35.1611    35.1610     5.8330    26.6104    26.6102         18  0.000e+00
      61368 292.045416  -44.23658  -56.00890      0.030    1479.42     40.755     40.423    12.5404    12.5409     0.0005    12.5350    12.5355     0.0005   4.070351   4.070584   0.000233    35.1596    35.1613     5.8373    26.6092    26.6104         18  0.000e+00
      61369 292.045417  -44.23658  -56.00890      0.029    1479.42     40.690     40.359    12.5403    12.5408     0.0005    12.5349    12.5354     0.0005   4.070449   4.070584   0.000135    35.1606    35.1615     5.8335    26.6100    26.6106         18  0.000e+00
      61370 292.045417  -44.23658  -56.00890      0.034    1479.42     40.811     40.479    12.5401    12.5413     0.0012    12.5346    12.5358     0.0012   4.070390   4.070532   0.000142    35.1602    35.1605     5.8336    26.6097    26.6097         18  0.000e+00
      61371 292.045418  -44.23658  -56.00890      0.032    1479.42     40.715     40.383    12.5402    12.5411     0.0009    12.5348    12.5356     0.0009   4.070436   4.070564   0.000128    35.1606    35.1610     5.8378    26.6100    26.6101         18  0.000e+00
      61372 292.045418  -44.23658  -56.00890      0.034    1479.42     40.755     40.423    12.5402    12.5410     0.0008    12.5348    12.5355     0.0008   4.070410   4.070552   0.000142    35.1603    35.1610     5.8382    26.6098    26.6101         18  0.000e+00
      61373 292.045419  -44.23658  -56.00890      0.034    1479.42     40.755     40.423    12.5402    12.5408     0.0005    12.5348    12.5353     0.0005   4.070416   4.070545   0.000129    35.1604    35.1611     5.8385    26.6098    26.6103         18  0.000e+00
      61374 292.045419  -44.23658  -56.00890      0.037    1479.42     40.755     40.423    12.5404    12.5409     0.0005    12.5350    12.5355     0.0005   4.070430   4.070597   0.000167    35.1603    35.1614     5.8388    26.6097    26.6105         18  0.000e+00
      61375 292.045420  -44.23658  -56.00890      0.038    1479.42     40.755     40.423    12.5403    12.5410     0.0007    12.5349    12.5355     0.0007   4.070403   4.070590   0.000187    35.1601    35.1613     5.8391    26.6096    26.6104         18  0.000e+00
      61376 292.045420  -44.23658  -56.00890      0.036    1479.42     40.771     40.439    12.5404    12.5409     0.0005    12.5350    12.5355     0.0005   4.070476   4.070584   0.000108    35.1608    35.1613     5.8393    26.6101    26.6104         18  0.000e+00
      61377 292.045421  -44.23658  -56.00890      0.040    1479.42     40.755     40.423    12.5402    12.5409     0.0007    12.5348    12.5355     0.0007   4.070423   4.070552   0.000129    35.1604    35.1610     5.8396    26.6099    26.6102         18  0.000e+00
      61378 292.045421  -44.23658  -56.00890      0.037    1479.42     40.755     40.423    12.5404    12.5410     0.0006    12.5350    12.5355     0.0006   4.070476   4.070571   0.000095    35.1608    35.1611     5.8397    26.6101    26.6103         18  0.000e+00
      61379 292.045421  -44.23658  -56.00890      0.041    1479.42     40.811     40.479    12.5404    12.5409     0.0005    12.5350    12.5355     0.0005   4.070390   4.070584   0.000194    35.1599    35.1613     5.8399    26.6094    26.6104         18  0.000e+00
      61380 292.045422  -44.23658  -56.00890      0.041    1479.42     40.755     40.423    12.5402    12.5408     0.0005    12.5348    12.5353     0.0005   4.070515   4.070552   0.000036    35.1613    35.1612     5.8400    26.6106    26.6103         18  0.000e+00
      61381 292.045422  -44.23658  -56.00890      0.041    1479.42     40.771     40.439    12.5405    12.5410     0.0005    12.5350    12.5355     0.0005   4.070383   4.070545   0.000162    35.1598    35.1609     5.8401    26.6094    26.6101         18  0.000e+00
      61382 292.045423  -44.23658  -56.00890      0.041    1479.42     40.755     40.423    12.5402    12.5409     0.0007    12.5348    12.5355     0.0007   4.070509   4.070571   0.000062    35.1613    35.1612     5.8401    26.6105    26.6103         18  0.000e+00
      61383 292.045423  -44.23658  -56.00890      0.040    1479.42     40.755     40.423    12.5402    12.5409     0.0007    12.5348    12.5355     0.0007   4.070436   4.070584   0.000148    35.1606    35.1613     5.8406    26.6100    26.6104         18  0.000e+00
      61384 292.045424  -44.23658  -56.00890      0.041    1479.42     40.755     40.423    12.5404    12.5409     0.0005    12.5350    12.5355     0.0005   4.070495   4.070558   0.000063    35.1610    35.1611     5.8405    26.6102    26.6102         18  0.000e+00
      61385 292.045424  -44.23658  -56.00890      0.043    1479.42     40.812     40.479    12.5404    12.5408     0.0004    12.5350    12.5353     0.0004   4.070397   4.070545   0.000148    35.1600    35.1610     5.8406    26.6095    26.6102         18  0.000e+00
      61386 292.045425  -44.23658  -56.00890      0.042    1479.42     40.771     40.439    12.5403    12.5409     0.0006    12.5349    12.5355     0.0006   4.070489   4.070545   0.000056    35.1610    35.1609     5.8401    26.6103    26.6101         18  0.000e+00
      61387 292.045425  -44.23658  -56.00890      0.041    1479.42     40.755     40.423    12.5404    12.5409     0.0005    12.5350    12.5355     0.0005   4.070430   4.070571   0.000141    35.1603    35.1612     5.8399    26.6097    26.6103         18  0.000e+00
      61388 292.045426  -44.23660  -56.00890      0.042    1479.42     40.812     40.479    12.5402    12.5408     0.0006    12.5348    12.5353     0.0006   4.070443   4.070584   0.000141    35.1606    35.1614     5.8398    26.6100    26.6105         18  0.000e+00
      61389 292.045426  -44.23660  -56.00890      0.042    1479.42     40.755     40.423    12.5404    12.5411     0.0007    12.5350    12.5356     0.0007   4.070410   4.070584   0.000174    35.1601    35.1612     5.8400    26.6096    26.6103         18  0.000e+00
      61390 292.045427  -44.23660  -56.00890      0.043    1479.42     40.812     40.479    12.5402    12.5411     0.0009    12.5348    12.5356     0.0009   4.070397   4.070584   0.000187    35.1601    35.1612     5.8399    26.6097    26.6103         18  0.000e+00
      61391 292.045427  -44.23660  -56.00890      0.042    1479.42     40.771     40.439    12.5402    12.5408     0.0006    12.5348    12.5354     0.0006   4.070443   4.070584   0.000141    35.1606    35.1614     5.8396    26.6100    26.6105         18  0.000e+00
      61392 292.045428  -44.23660  -56.00890      0.039    1479.42     40.755     40.423    12.5403    12.5411     0.0008    12.5349    12.5356     0.0008   4.070383   4.070584   0.000201    35.1600    35.1612     5.8393    26.6095    26.6103         18  0.000e+00
      61393 292.045428  -44.23660  -56.00890      0.040    1479.42     40.812     40.479    12.5402    12.5409     0.0007    12.5348    12.5355     0.0007   4.070463   4.070584   0.000121    35.1608    35.1613     5.8391    26.6101    26.6104         18  0.000e+00
      61394 292.045429  -44.23660  -56.00890      0.038    1479.42     40.755     40.423    12.5402    12.5410     0.0008    12.5348    12.5355     0.0008   4.070364   4.070558   0.000194    35.1599    35.1610     5.8387    26.6094    26.6102         18  0.000e+00
      61395 292.045429  -44.23660  -56.00890      0.042    1479.42     40.812     40.479    12.5402    12.5409     0.0007    12.5348    12.5355     0.0007   4.070509   4.070545   0.000036    35.1612    35.1609     5.8384    26.6105    26.6101         18  0.000e+00
      61396 292.045430  -44.23660  -56.00890      0.040    1479.42     40.771     40.439    12.5401    12.5411     0.0010    12.5346    12.5356     0.0010   4.070383   4.070545   0.000162    35.1602    35.1608     5.8384    26.6097    26.6100         18  0.000e+00
      61397 292.045430  -44.23660  -56.00890      0.036    1479.42     40.755     40.423    12.5401    12.5408     0.0007    12.5346    12.5354     0.0007   4.070482   4.070571   0.000089    35.1611    35.1613     5.8384    26.6104    26.6104         18  0.000e+00
      61398 292.045431  -44.23660  -56.00890      0.040    1479.42     40.812     40.479    12.5403    12.5413     0.0010    12.5349    12.5358     0.0010   4.070397   4.070584   0.000187    35.1601    35.1610     5.8380    26.6096    26.6101         18  0.000e+00
      61399 292.045431  -44.23660  -56.00890      0.038    1479.42     40.755     40.423    12.5402    12.5409     0.0007    12.5348    12.5355     0.0007   4.070515   4.070584   0.000069    35.1613    35.1613     5.8374    26.6106    26.6104         18  0.000e+00
      61400 292.045432  -44.23660  -56.00890      0.034    1479.42     40.755     40.423    12.5401    12.5413     0.0012    12.5346    12.5359     0.0012   4.070436   4.070584   0.000148    35.1607    35.1609     5.8370    26.6101    26.6101         18  0.000e+00
      61401 292.045432  -44.23660  -56.00890      0.033    1479.42     40.812     40.479    12.5401    12.5411     0.0010    12.5346    12.5356     0.0010   4.070476   4.070552   0.000076    35.1610    35.1608     5.8365    26.6104    26.6100         19  0.000e+00
      61402 292.045433  -44.23660  -56.00890      0.033    1479.42     40.772     40.439    12.5401    12.5413     0.0012    12.5346    12.5358     0.0012   4.070423   4.070545   0.000122    35.1606    35.1606     5.8359    26.6100    26.6098         19  0.000e+00
      61403 292.045433  -44.23660  -56.00890      0.032    1479.42     40.812     40.479    12.5402    12.5410     0.0008    12.5348    12.5355     0.0008   4.070476   4.070571   0.000095    35.1609    35.1611     5.8357    26.6102    26.6103         19  0.000e+00
      61404 292.045434  -44.23660  -56.00890      0.029    1479.42     40.755     40.423    12.5403    12.5413     0.0010    12.5349    12.5358     0.0010   4.070443   4.070584   0.000141    35.1605    35.1610     5.8355    26.6099    26.6101         19  0.000e+00
      61405 292.045434  -44.23660  -56.00890      0.028    1479.42     40.755     40.423    12.5401    12.5409     0.0009    12.5346    12.5355     0.0009   4.070430   4.070558   0.000128    35.1606    35.1611     5.8311    26.6100    26.6102         19  0.000e+00
      61406 292.045435  -44.23660  -56.00890      0.031    1479.42     40.812     40.479    12.5402    12.5411     0.0009    12.5348    12.5357     0.0009   4.070449   4.070597   0.000148    35.1607    35.1612     5.8347    26.6100    26.6103         19  0.000e+00
      61407 292.045435  -44.23660  -56.00890      0.027    1479.42     40.772     40.439    12.5402    12.5411     0.0009    12.5348    12.5356     0.0009   4.070410   4.070539   0.000129    35.1603    35.1607     5.8345    26.6098    26.6099         19  0.000e+00
      61408 292.045435  -44.23660  -56.00890      0.029    1479.42     40.812     40.479    12.5402    12.5413     0.0011    12.5348    12.5358     0.0011   4.070528   4.070565   0.000036    35.1614    35.1608     5.8342    26.6106    26.6099         19  0.000e+00
      61409 292.045436  -44.23660  -56.00890      0.025    1479.42     40.756     40.424    12.5405    12.5411     0.0007    12.5350    12.5357     0.0007   4.070410   4.070584   0.000174    35.1601    35.1611     5.8339    26.6096    26.6102         19  0.000e+00
      61410 292.045436  -44.23660  -56.00890      0.024    1479.42     40.756     40.424    12.5404    12.5409     0.0005    12.5350    12.5355     0.0005   4.070489   4.070584   0.000095    35.1609    35.1613     5.8340    26.6102    26.6104         19  0.000e+00
      61411 292.045437  -44.23660  -56.00890      0.019    1479.42     40.756     40.424    12.5404    12.5413     0.0009    12.5350    12.5358     0.0009   4.070430   4.070526   0.000096    35.1603    35.1604     5.8342    26.6097    26.6097         19  0.000e+00
      61412 292.045437  -44.23660  -56.00890      0.022    1479.42     40.836     40.503    12.5402    12.5413     0.0011    12.5348    12.5358     0.0011   4.070528   4.070565   0.000036    35.1614    35.1608     5.8339    26.6106    26.6099         19  0.000e+00
      61413 292.045438  -44.23660  -56.00890      0.020    1479.42     40.756     40.424    12.5402    12.5410     0.0008    12.5348    12.5355     0.0008   4.070410   4.070584   0.000174    35.1603    35.1613     5.8336    26.6098    26.6104         19  0.000e+00
      61414 292.045438  -44.23660  -56.00890      0.014    1479.42     40.756     40.424    12.5401    12.5411     0.0010    12.5346    12.5356     0.0010   4.070515   4.070603   0.000088    35.1614    35.1614     5.8333    26.6107    26.6104         19  0.000e+00
      61415 292.045439  -44.23660  -56.00890      0.013    1479.42     40.756     40.424    12.5403    12.5411     0.0008    12.5349    12.5356     0.0008   4.070357   4.070590   0.000233    35.1597    35.1612     5.8330    26.6093    26.6103         19  0.000e+00
      61416 292.045439  -44.23660  -56.00890      0.015    1479.42     40.812     40.480    12.5402    12.5411     0.0009    12.5348    12.5357     0.0009   4.070449   4.070584   0.000135    35.1607    35.1611     5.8327    26.6100    26.6102         19  0.000e+00
      61417 292.045440  -44.23660  -56.00890      0.010    1479.42     40.715     40.384    12.5402    12.5411     0.0009    12.5348    12.5356     0.0009   4.070423   4.070526   0.000103    35.1604    35.1606     5.8326    26.6099    26.6099         19  0.000e+00
      61418 292.045440  -44.23660  -56.00890      0.008    1479.42     40.812     40.480    12.5402    12.5411     0.0009    12.5348    12.5356     0.0009   4.070476   4.070539   0.000063    35.1609    35.1607     5.8323    26.6102    26.6099         19  0.000e+00
      61419 292.045441  -44.23660  -56.00890      0.009    1479.42     40.756     40.424    12.5402    12.5411     0.0009    12.5348    12.5357     0.0009   4.070443   4.070571   0.000128    35.1606    35.1610     5.8277    26.6100    26.6101         19  0.000e+00
      61420 292.045441  -44.23660  -56.00890      0.005    1479.42     40.756     40.424    12.5402    12.5409     0.0007    12.5348    12.5355     0.0007   4.070482   4.070558   0.000076    35.1610    35.1611     5.8273    26.6103    26.6102         19  0.000e+00
      61421 292.045442  -44.23660  -56.00890      0.002    1479.42     40.756     40.424    12.5403    12.5409     0.0006    12.5349    12.5355     0.0006   4.070443   4.070571   0.000128    35.1605    35.1612     5.8270    26.6099    26.6103         19  0.000e+00
      61422 292.045442  -44.23660  -56.00890      0.001    1479.42     40.772     40.440    12.5404    12.5411     0.0007    12.5350    12.5357     0.0007   4.070449   4.070584   0.000135    35.1605    35.1611     5.8267    26.6099    26.6102         19  0.000e+00
