Pos-Processados/process_op42/operantar42_011.cnv
* Sea-Bird SBE 9 Data File:
* FileName = C:\Users\Hidrografia\Desktop\OPXLII\Brutos\OP42011.hdr
* Software Version Seasave V 7.26.7.107
* Temperature SN = 6502
* Conductivity SN = 4998
* Number of Bytes Per Scan = 31
* Number of Voltage Words = 2
* Number of Scans Averaged by the Deck Unit = 1
* NMEA Latitude = 45 08.67 S
* NMEA Longitude = 055 57.85 W
* NMEA UTC (Time) = Oct 19 2023 08:19:59
* NMEA baud rate = 4800
** H41
** NPOALTEMAXIMIANO
** NUMERO DA ESTACAO (XXX) 011
** LAT (XX XX.XX S/N) 45 5.419 S
** LONG (XXX XX.XX W/E) 055 57.980 W
** DATAHORA (dd/mm/aaaa hh:mm Z) 19/10/2023 0819Z
** PROFUNDIDADE (m) 5475
** OPERADOR CT FILIPE LOPES
# nquan = 30
# nvalues = 2027                        
# units = specified
# name 0 = scan: Scan Count
# name 1 = timeJ: Julian Days
# name 2 = latitude: Latitude [deg]
# name 3 = longitude: Longitude [deg]
# name 4 = dz/dtM: Descent Rate [m/s]
# name 5 = avgsvCM: Average Sound Velocity [Chen-Millero, m/s]
# name 6 = prDM: Pressure, Digiquartz [db]
# name 7 = depSM: Depth [salt water, m]
# name 8 = t090C: Temperature [ITS-90, deg C]
# name 9 = t190C: Temperature, 2 [ITS-90, deg C]
# name 10 = T2-T190C: Temperature Difference, 2 - 1 [ITS-90, deg C]
# name 11 = potemp090C: Potential Temperature [ITS-90, deg C]
# name 12 = potemp190C: Potential Temperature, 2 [ITS-90, deg C]
# name 13 = potemp90Cdiff: Potential Temperature, Diff, 2 - 1 [ITS-90, deg C]
# name 14 = c0S/m: Conductivity [S/m]
# name 15 = c1S/m: Conductivity, 2 [S/m]
# name 16 = C2-C1S/m: Conductivity Difference, 2 - 1 [S/m]
# name 17 = sal00: Salinity, Practical [PSU]
# name 18 = sal11: Salinity, Practical, 2 [PSU]
# name 19 = sbeox0ML/L: Oxygen, SBE 43 [ml/l]
# name 20 = sigma-é00: Density [sigma-theta, kg/m^3]
# name 21 = sigma-é11: Density, 2 [sigma-theta, kg/m^3]
# name 22 = sal00: Salinity, Practical [PSU]
# name 23 = sigma-é00: Density [sigma-theta, kg/m^3]
# name 24 = svCM: Sound Velocity [Chen-Millero, m/s]
# name 25 = svCM1: Sound Velocity, 2 [Chen-Millero, m/s]
# name 26 = gsw_ptA0: potential temperature [ITS-90, deg C]
# name 27 = gsw_densityA0: density, TEOS-10 [density, kg/m^3]
# name 28 = gsw_saA0: Absolute Salinity [g/kg]
# name 29 = flag:
# span 0 =       2691,      64842       
# span 1 = 292.348508, 292.378481       
# span 2 =  -45.15070,  -45.14486       
# span 3 =  -55.96379,  -55.95214       
# span 4 =     -1.502,      1.328       
# span 5 =       0.00,    1497.14       
# span 6 =      2.000,   1015.000       
# span 7 =      1.956,   1004.297       
# span 8 =     2.7695,    12.3872       
# span 9 =     2.7704,    12.3883       
# span 10 =    -0.9215,     0.3450      
# span 11 =     2.7025,    12.3814      
# span 12 =     2.7034,    12.3825      
# span 13 =    -0.9211,     0.3449      
# span 14 =   3.125101,   4.051385      
# span 15 =   3.125082,   4.051603      
# span 16 =  -0.094903,   0.038685      
# span 17 =    34.0772,    35.1181      
# span 18 =    34.0786,    35.1151      
# span 19 =     4.0865,     6.7359      
# span 20 =    26.5169,    27.4706      
# span 21 =    26.5179,    27.4702      
# span 22 =    34.0665,    35.1254      
# span 23 =    26.5170,    27.4707      
# span 24 =    1471.02,    1499.02      
# span 25 =    1471.02,    1499.02      
# span 26 =     2.7024,    12.3814      
# span 27 =  1026.5325,  1032.1792      
# span 28 =    34.2276,    35.2914      
# span 29 = 0.0000e+00, 0.0000e+00      
# interval = decibars: 1                
# start_time = Oct 19 2023 08:19:59 [NMEA time, header]
# bad_flag = -9.990e-29
*END*
[from data line 387]
      14441 292.354175  -45.14602 -9.990e-29      0.940    1477.27    389.000    385.474     4.1881     4.1888     0.0006     4.1601     4.1608     0.0006   3.219347   3.219383   0.000035    34.1666    34.1663     5.9033    27.1065    27.1063    34.1663    27.1063    1472.70    1472.71     4.1601  1028.9097    34.3289 0.0000e+00
      14466 292.354186  -45.14602  -55.96182      0.964    1477.27    390.000    386.464     4.1859     4.1865     0.0006     4.1578     4.1585     0.0006   3.219189   3.219196   0.000012    34.1668    34.1663     5.9018    27.1070    27.1065    34.1662    27.1065    1472.71    1472.71     4.1578  1028.9145    34.3288 0.0000e+00
      14490 292.354198  -45.14602  -55.96182      0.992    1477.27    391.000    387.455     4.1769     4.1771     0.0002     4.1488     4.1490     0.0002   3.218366   3.218282  -0.000078    34.1669    34.1658     5.9053    27.1081    27.1071    34.1654    27.1068    1472.69    1472.69     4.1487  1028.9195    34.3279 0.0000e+00
      14517 292.354211  -45.14602  -55.96181      0.948    1477.27    392.000    388.445     4.1620     4.1621     0.0000     4.1339     4.1339     0.0000   3.217039   3.216920  -0.000112    34.1663    34.1650     5.9133    27.1091    27.1080    34.1646    27.1077    1472.64    1472.64     4.1338  1028.9251    34.3271 0.0000e+00
      14551 292.354227  -45.14602  -55.96180      0.742    1477.27    393.000    389.434     4.1433     4.1425    -0.0008     4.1151     4.1143    -0.0008   3.215621   3.215167  -0.000444    34.1689    34.1646     5.9218    27.1131    27.1098    34.1667    27.1114    1472.58    1472.57     4.1151  1028.9336    34.3293 0.0000e+00
      14587 292.354245  -45.14602  -55.96180      0.661    1477.27    394.000    390.424     4.1307     4.1314     0.0007     4.1025     4.1033     0.0007   3.214253   3.214174  -0.000097    34.1649    34.1631     5.9309    27.1113    27.1097    34.1632    27.1098    1472.54    1472.54     4.1025  1028.9368    34.3257 0.0000e+00
      14626 292.354264  -45.14602  -55.96180      0.619    1477.27    395.000    391.414     4.1274     4.1279     0.0005     4.0991     4.0996     0.0005   3.213855   3.213852   0.000003    34.1629    34.1624     5.9384    27.1100    27.1096    34.1614    27.1088    1472.54    1472.54     4.0990  1028.9405    34.3240 0.0000e+00
      14657 292.354279  -45.14604  -55.96178      0.710    1477.27    396.000    392.404     4.1070     4.1072     0.0003     4.0787     4.0790     0.0003   3.212003   3.211791  -0.000203    34.1638    34.1611     5.9486    27.1128    27.1107    34.1602    27.1100    1472.47    1472.47     4.0787  1028.9464    34.3227 0.0000e+00
      14679 292.354289  -45.14604  -55.96178      0.938    1477.23    397.000    393.395     4.0870     4.0875     0.0005     4.0587     4.0592     0.0005   3.210232   3.210172  -0.000092    34.1623    34.1607     5.9476    27.1137    27.1124    34.1595    27.1115    1472.40    1472.40     4.0586  1028.9528    34.3221 0.0000e+00
      14698 292.354298  -45.14604  -55.96178      1.147 -9.990e-29    398.000    394.384     4.0881     4.0888     0.0008     4.0597     4.0605     0.0008   3.210339   3.210400   0.000068    34.1607    34.1607     5.9439    27.1124    27.1123    34.1591    27.1111    1472.43    1472.43     4.0597  1028.9570    34.3216 0.0000e+00
      14717 292.354308  -45.14604  -55.96178      1.246 -9.990e-29    399.000    395.374     4.0883     4.0888     0.0005     4.0599     4.0604     0.0005   3.210399   3.210447   0.000045    34.1606    34.1606     5.9462    27.1122    27.1122    34.1591    27.1110    1472.44    1472.44     4.0598  1028.9615    34.3216 0.0000e+00
      14741 292.354319  -45.14604  -55.96176      1.141 -9.990e-29    400.000    396.364     4.0897     4.0907     0.0010     4.0612     4.0622     0.0010   3.210607   3.210701   0.000086    34.1606    34.1606     5.9512    27.1121    27.1120    34.1596    27.1113    1472.46    1472.47     4.0611  1028.9664    34.3221 0.0000e+00
      14773 292.354334  -45.14604  -55.96176      0.826    1476.65    401.000    397.354     4.0992     4.1013     0.0021     4.0706     4.0727     0.0021   3.211600   3.211967   0.000337    34.1603    34.1621     5.9522    27.1109    27.1121    34.1609    27.1114    1472.52    1472.53     4.0705  1028.9710    34.3234 0.0000e+00
      14807 292.354351  -45.14604  -55.96176      0.678    1476.64    402.000    398.344     4.1248     4.1270     0.0021     4.0961     4.0982     0.0021   3.214204   3.214738   0.000550    34.1630    34.1673     5.9477    27.1104    27.1136    34.1645    27.1116    1472.65    1472.66     4.0960  1028.9755    34.3271 0.0000e+00
      14836 292.354365  -45.14604  -55.96176      0.797    1476.64    403.000    399.334     4.1547     4.1561     0.0014     4.1258     4.1272     0.0014   3.217642   3.218004   0.000385    34.1694    34.1725     5.9364    27.1124    27.1147    34.1735    27.1157    1472.80    1472.81     4.1257  1028.9839    34.3361 0.0000e+00
      14863 292.354378  -45.14604  -55.96174      0.886    1476.64    404.000    400.324     4.1760     4.1758    -0.0001     4.1469     4.1468    -0.0001   3.219834   3.219903   0.000071    34.1751    34.1761     5.9052    27.1148    27.1156    34.1768    27.1161    1472.91    1472.91     4.1468  1028.9887    34.3394 0.0000e+00
      14893 292.354392  -45.14605  -55.96174      0.822    1476.64    405.000    401.314     4.1776     4.1782     0.0006     4.1484     4.1491     0.0006   3.220170   3.220208   0.000039    34.1769    34.1767     5.8552    27.1160    27.1158    34.1785    27.1173    1472.94    1472.94     4.1484  1028.9945    34.3412 0.0000e+00
      14920 292.354406  -45.14606  -55.96174      0.822    1476.64    406.000    402.304     4.1810     4.1814     0.0005     4.1518     4.1522     0.0005   3.220538   3.220584   0.000041    34.1775    34.1775     5.8035    27.1161    27.1161    34.1788    27.1172    1472.97    1472.97     4.1517  1028.9990    34.3415 0.0000e+00
      14942 292.354416  -45.14606  -55.96174      0.981    1476.64    407.000    403.294     4.1813     4.1822     0.0009     4.1520     4.1528     0.0009   3.220661   3.220692   0.000035    34.1783    34.1778     5.7830    27.1168    27.1162    34.1795    27.1177    1472.99    1472.99     4.1519  1029.0040    34.3421 0.0000e+00
      14963 292.354426  -45.14606  -55.96174      1.133    1476.64    408.000    404.284     4.1802     4.1807     0.0005     4.1508     4.1514     0.0005   3.220591   3.220585   0.000004    34.1785    34.1779     5.7749    27.1170    27.1165    34.1793    27.1176    1473.00    1473.00     4.1507  1029.0087    34.3419 0.0000e+00
      14985 292.354437  -45.14606  -55.96172      1.140    1476.64    409.000    405.274     4.1776     4.1784     0.0007     4.1482     4.1489     0.0007   3.220372   3.220399   0.000015    34.1786    34.1780     5.7748    27.1174    27.1169    34.1788    27.1175    1473.00    1473.01     4.1481  1029.0124    34.3404 0.0000e+00
      15011 292.354449 -9.990e-29  -55.96172      1.000    1476.64    410.000    406.264     4.1594     4.1605     0.0011     4.1299     4.1310     0.0011   3.218812   3.218676  -0.000115    34.1801    34.1775     5.7758    27.1205    27.1183    34.1788    27.1195    1472.95    1472.95     4.1298  1029.0190    34.3404 0.0000e+00
      15038 292.354462 -9.990e-29  -55.96172      0.883    1476.64    411.000    407.253     4.1407     4.1403    -0.0003     4.1112     4.1109    -0.0003   3.217052   3.216780  -0.000263    34.1794    34.1766     5.7759    27.1219    27.1196    34.1770    27.1199    1472.88    1472.88     4.1111  1029.0243    34.3385 0.0000e+00
      15064 292.354475  -45.14608  -55.96171      0.890    1476.64    412.000    408.243     4.1183     4.1189     0.0007     4.0888     4.0894     0.0007   3.215049   3.214870  -0.000193    34.1780    34.1751     5.7829    27.1231    27.1207    34.1760    27.1215    1472.80    1472.80     4.0887  1029.0308    34.3376 0.0000e+00
      15090 292.354487  -45.14608  -55.96170      0.933    1476.64    413.000    409.234     4.1063     4.1069     0.0006     4.0768     4.0774     0.0006   3.213834   3.213714  -0.000115    34.1760    34.1740     5.7875    27.1228    27.1211    34.1736    27.1208    1472.77    1472.77     4.0767  1029.0357    34.3363 0.0000e+00
      15113 292.354499  -45.14608  -55.96170      0.982    1476.64    414.000    410.223     4.0983     4.0989     0.0006     4.0688     4.0693     0.0006   3.213065   3.213036  -0.000032    34.1742    34.1732     5.7912    27.1221    27.1213    34.1723    27.1206    1472.75    1472.75     4.0687  1029.0402    34.3349 0.0000e+00
      15136 292.354510  -45.14608  -55.96170      1.030    1476.64    415.000    411.213     4.0878     4.0882     0.0004     4.0582     4.0586     0.0004   3.212063   3.211989  -0.000075    34.1737    34.1724     5.8044    27.1228    27.1217    34.1709    27.1206    1472.72    1472.72     4.0581  1029.0449    34.3335 0.0000e+00
      15159 292.354520  -45.14608  -55.96170      1.062    1476.64    416.000    412.203     4.0726     4.0727     0.0002     4.0429     4.0431     0.0002   3.210668   3.210540  -0.000114    34.1731    34.1716     5.8166    27.1239    27.1227    34.1697    27.1212    1472.67    1472.67     4.0429  1029.0503    34.3323 0.0000e+00
      15182 292.354532  -45.14608  -55.96170      1.064    1476.64    417.000    413.193     4.0546     4.0550     0.0004     4.0249     4.0253     0.0004   3.209101   3.209007  -0.000109    34.1721    34.1705     5.8229    27.1250    27.1237    34.1693    27.1228    1472.61    1472.61     4.0249  1029.0574    34.3329 0.0000e+00
      15206 292.354543 -9.990e-29 -9.990e-29      1.017    1476.64    418.000    414.183     4.0512     4.0517     0.0006     4.0214     4.0220     0.0006   3.208778   3.208786   0.000003    34.1704    34.1699     5.8238    27.1240    27.1235    34.1685    27.1225    1472.61    1472.61     4.0214  1029.0621    34.3324 0.0000e+00
      15233 292.354556 -9.990e-29 -9.990e-29      0.932    1476.64    419.000    415.172     4.0511     4.0520     0.0009     4.0213     4.0223     0.0009   3.208779   3.208848   0.000067    34.1698    34.1696     5.8357    27.1235    27.1233    34.1681    27.1222    1472.63    1472.63     4.0212  1029.0664    34.3320 0.0000e+00
      15261 292.354570  -45.14610  -55.96168      0.865    1476.64    420.000    416.162     4.0495     4.0503     0.0007     4.0197     4.0204     0.0007   3.208670   3.208718   0.000045    34.1695    34.1693     5.8440    27.1235    27.1232    34.1679    27.1222    1472.64    1472.64     4.0196  1029.0710    34.3318 0.0000e+00
      15292 292.354585  -45.14610  -55.96168      0.791    1476.64    421.000    417.152     4.0406     4.0413     0.0006     4.0107     4.0114     0.0006   3.207969   3.207884  -0.000075    34.1703    34.1688     5.8435    27.1251    27.1237    34.1683    27.1235    1472.62    1472.62     4.0106  1029.0760    34.3310 0.0000e+00
      15321 292.354599  -45.14610  -55.96166      0.790    1476.64    422.000    418.142     4.0293     4.0296     0.0003     3.9994     3.9997     0.0003   3.206938   3.206819  -0.000120    34.1698    34.1681     5.8472    27.1258    27.1244    34.1674    27.1239    1472.58    1472.58     3.9993  1029.0812    34.3300 0.0000e+00
      15346 292.354611  -45.14610  -55.96166      0.908    1476.64    423.000    419.132     4.0216     4.0221     0.0005     3.9916     3.9922     0.0005   3.206243   3.206238  -0.000012    34.1686    34.1679     5.8459    27.1257    27.1250    34.1666    27.1241    1472.57    1472.57     3.9916  1029.0861    34.3293 0.0000e+00
      15367 292.354621  -45.14610  -55.96166      1.050    1476.64    424.000    420.122     4.0187     4.0195     0.0007     3.9887     3.9894     0.0007   3.206086   3.206125   0.000037    34.1687    34.1684     5.8461    27.1260    27.1257    34.1672    27.1248    1472.57    1472.57     3.9886  1029.0915    34.3299 0.0000e+00
      15388 292.354631  -45.14610  -55.96166      1.129    1476.64    425.000    421.112     4.0181     4.0187     0.0006     3.9879     3.9886     0.0006   3.206113   3.206151   0.000040    34.1690    34.1688     5.8519    27.1264    27.1262    34.1677    27.1253    1472.59    1472.59     3.9879  1029.0966    34.3304 0.0000e+00
      15411 292.354642  -45.14612  -55.96164      1.102    1476.64    426.000    422.102     4.0168     4.0174     0.0006     3.9866     3.9872     0.0006   3.206084   3.206113   0.000029    34.1695    34.1692     5.8482    27.1268    27.1265    34.1682    27.1258    1472.60    1472.60     3.9865  1029.1017    34.3309 0.0000e+00
      15436 292.354654  -45.14612  -55.96164      1.007    1476.64    427.000    423.091     4.0140     4.0144     0.0004     3.9837     3.9842     0.0004   3.205896   3.205893 -5.315e-08    34.1698    34.1693     5.8282    27.1274    27.1270    34.1684    27.1263    1472.60    1472.61     3.9837  1029.1068    34.3311 0.0000e+00
      15461 292.354666  -45.14610  -55.96164      0.964    1476.64    428.000    424.081     4.0091     4.0097     0.0006     3.9788     3.9794     0.0006   3.205583   3.205579  -0.000007    34.1704    34.1697     5.8186    27.1284    27.1278    34.1692    27.1274    1472.60    1472.60     3.9787  1029.1126    34.3319 0.0000e+00
      15485 292.354678  -45.14612  -55.96164      0.970    1476.64    429.000    425.071     4.0074     4.0080     0.0006     3.9770     3.9776     0.0006   3.205497   3.205526   0.000028    34.1705    34.1703     5.8233    27.1287    27.1284    34.1694    27.1278    1472.61    1472.61     3.9770  1029.1176    34.3321 0.0000e+00
      15512 292.354691  -45.14612  -55.96164      0.924    1476.64    430.000    426.061     4.0056     4.0062     0.0006     3.9752     3.9758     0.0006   3.205445   3.205473   0.000028    34.1711    34.1708     5.8257    27.1293    27.1290    34.1701    27.1286    1472.62    1472.62     3.9751  1029.1230    34.3329 0.0000e+00
      15542 292.354705  -45.14612  -55.96162      0.819    1476.64    431.000    427.050     4.0005     4.0012     0.0006     3.9700     3.9707     0.0006   3.205114   3.205090  -0.000020    34.1723    34.1714     5.8119    27.1308    27.1300    34.1710    27.1297    1472.62    1472.62     3.9699  1029.1289    34.3337 0.0000e+00
      15569 292.354719  -45.14612  -55.96162      0.847    1476.64    432.000    428.040     3.9931     3.9938     0.0007     3.9625     3.9633     0.0007   3.204455   3.204426  -0.000034    34.1721    34.1709     5.8089    27.1314    27.1304    34.1704    27.1301    1472.60    1472.60     3.9625  1029.1339    34.3331 0.0000e+00
      15596 292.354731  -45.14613  -55.96162      0.913    1476.64    433.000    429.030     3.9824     3.9833     0.0008     3.9519     3.9527     0.0008   3.203488   3.203433  -0.000044    34.1716    34.1703     5.7978    27.1321    27.1310    34.1695    27.1304    1472.57    1472.57     3.9517  1029.1390    34.3322 0.0000e+00
      15623 292.354744  -45.14614  -55.96162      0.898    1476.64    434.000    430.020     3.9681     3.9688     0.0007     3.9375     3.9381     0.0007   3.202315   3.202231  -0.000096    34.1718    34.1699     5.7918    27.1337    27.1322    34.1700    27.1323    1472.53    1472.53     3.9374  1029.1457    34.3328 0.0000e+00
      15649 292.354757  -45.14614  -55.96161      0.893    1476.64    435.000    431.010     3.9718     3.9725     0.0008     3.9411     3.9418     0.0008   3.202735   3.202841   0.000103    34.1713    34.1717     5.7947    27.1330    27.1332    34.1706    27.1324    1472.56    1472.57     3.9410  1029.1504    34.3334 0.0000e+00
      15671 292.354768  -45.14614  -55.96160      0.989    1476.64    436.000    431.999     3.9730     3.9738     0.0008     3.9422     3.9431     0.0008   3.202978   3.203040   0.000062    34.1726    34.1725     5.7936    27.1338    27.1337    34.1717    27.1332    1472.58    1472.59     3.9422  1029.1557    34.3344 0.0000e+00
