Pos-Processados/process_op42/operantar42_034.cnv
* Sea-Bird SBE 9 Data File:
* FileName = C:\Users\Hidrografia\Desktop\OPXLII\Brutos\OP42034.hdr
* Software Version Seasave V 7.26.7.107
* Temperature SN = 6502
* Conductivity SN = 4998
* Number of Bytes Per Scan = 37
* Number of Voltage Words = 4
* Number of Scans Averaged by the Deck Unit = 1
* NMEA Latitude = 62 08.19 S
* NMEA Longitude = 058 26.42 W
* NMEA UTC (Time) = Nov 09 2023 09:05:42
* NMEA baud rate = 4800
** H41
** NPOALTEMAXIMIANO
** NUMERO DA ESTACAO (XXX) 034
** LAT (XX XX.XX S/N) 62 08.17 S
** LONG (XXX XX.XX W/E) 058 26.44 W
** DATAHORA (dd/mm/aaaa hh:mm Z) 09/11/2023 0905Z
** PROFUNDIDADE (m) 424
** OPERADOR CT FABIREZA
# nquan = 30
# nvalues = 795                         
# units = specified
# name 0 = scan: Scan Count
# name 1 = timeJ: Julian Days
# name 2 = latitude: Latitude [deg]
# name 3 = longitude: Longitude [deg]
# name 4 = dz/dtM: Descent Rate [m/s]
# name 5 = avgsvCM: Average Sound Velocity [Chen-Millero, m/s]
# name 6 = prDM: Pressure, Digiquartz [db]
# name 7 = depSM: Depth [salt water, m]
# name 8 = t090C: Temperature [ITS-90, deg C]
# name 9 = t190C: Temperature, 2 [ITS-90, deg C]
# name 10 = T2-T190C: Temperature Difference, 2 - 1 [ITS-90, deg C]
# name 11 = potemp090C: Potential Temperature [ITS-90, deg C]
# name 12 = potemp190C: Potential Temperature, 2 [ITS-90, deg C]
# name 13 = potemp90Cdiff: Potential Temperature, Diff, 2 - 1 [ITS-90, deg C]
# name 14 = c0S/m: Conductivity [S/m]
# name 15 = c1S/m: Conductivity, 2 [S/m]
# name 16 = C2-C1S/m: Conductivity Difference, 2 - 1 [S/m]
# name 17 = sal00: Salinity, Practical [PSU]
# name 18 = sal11: Salinity, Practical, 2 [PSU]
# name 19 = sbeox0ML/L: Oxygen, SBE 43 [ml/l]
# name 20 = sigma-é00: Density [sigma-theta, kg/m^3]
# name 21 = sigma-é11: Density, 2 [sigma-theta, kg/m^3]
# name 22 = sal00: Salinity, Practical [PSU]
# name 23 = sigma-é00: Density [sigma-theta, kg/m^3]
# name 24 = svCM: Sound Velocity [Chen-Millero, m/s]
# name 25 = svCM1: Sound Velocity, 2 [Chen-Millero, m/s]
# name 26 = gsw_ptA0: potential temperature [ITS-90, deg C]
# name 27 = gsw_densityA0: density, TEOS-10 [density, kg/m^3]
# name 28 = gsw_saA0: Absolute Salinity [g/kg]
# name 29 = flag:
# span 0 =        549,      25108       
# span 1 = 313.379223, 313.391066       
# span 2 =  -62.14077,  -62.13661       
# span 3 =  -58.44044,  -58.43977       
# span 4 =     -1.221,      1.161       
# span 5 =       0.00,    1448.35       
# span 6 =      1.000,    398.000       
# span 7 =      0.994,    393.796       
# span 8 =    -0.8011,    -0.5476       
# span 9 =    -0.8003,    -0.5471       
# span 10 =    -0.0256,     0.0175      
# span 11 =    -0.8089,    -0.5486      
# span 12 =    -0.8080,    -0.5480      
# span 13 =    -0.0256,     0.0175      
# span 14 =   2.792793,   2.823262      
# span 15 =   2.792685,   2.823096      
# span 16 =  -0.002146,   0.001769      
# span 17 =    34.2760,    34.3910      
# span 18 =    34.2748,    34.3900      
# span 19 =     6.8084,     7.6553      
# span 20 =    27.5524,    27.6452      
# span 21 =    27.5513,    27.6444      
# span 22 =    34.2779,    34.3910      
# span 23 =    27.5525,    27.6452      
# span 24 =    1445.57,    1451.89      
# span 25 =    1445.56,    1451.89      
# span 26 =    -0.8087,    -0.5486      
# span 27 =  1027.5617,  1029.5451      
# span 28 =    34.4407,    34.5585      
# span 29 = 0.0000e+00, 0.0000e+00      
# interval = decibars: 1                
# start_time = Nov 09 2023 09:05:42 [NMEA time, header]
# bad_flag = -9.990e-29
*END*
[from data line 581]
      18407 313.387835  -62.13947  -58.44032     -1.032    1448.35    214.000    211.837    -0.7636    -0.7629     0.0006    -0.7700    -0.7693     0.0006   2.796886   2.796850  -0.000032    34.3061    34.3050     7.4427    27.5820    27.5810    34.3060    27.5818    1448.14    1448.14    -0.7698  1028.6109    34.4733 0.0000e+00
      18433 313.387847  -62.13948  -58.44032     -0.953    1448.35    213.000    210.848    -0.7634    -0.7627     0.0007    -0.7698    -0.7691     0.0007   2.796842   2.796829  -0.000015    34.3060    34.3051     7.4344    27.5818    27.5810    34.3059    27.5817    1448.13    1448.13    -0.7696  1028.6059    34.4731 0.0000e+00
      18459 313.387860  -62.13948  -58.44032     -0.920    1448.35    212.000    209.858    -0.7633    -0.7627     0.0007    -0.7697    -0.7691     0.0007   2.796804   2.796781  -0.000023    34.3060    34.3050     7.4287    27.5818    27.5810    34.3059    27.5817    1448.11    1448.11    -0.7695  1028.6012    34.4731 0.0000e+00
      18485 313.387872  -62.13948  -58.44032     -0.926    1448.35    211.000    208.869    -0.7634    -0.7627     0.0008    -0.7697    -0.7690     0.0008   2.796746   2.796741  -0.000007    34.3060    34.3050     7.4432    27.5818    27.5809    34.3058    27.5816    1448.09    1448.10    -0.7696  1028.5963    34.4730 0.0000e+00
      18511 313.387885  -62.13950  -58.44032     -0.929    1448.35    210.000    207.879    -0.7637    -0.7627     0.0010    -0.7700    -0.7690     0.0010   2.796688   2.796686  -0.000002    34.3061    34.3050     7.4362    27.5819    27.5809    34.3059    27.5818    1448.08    1448.08    -0.7698  1028.5917    34.4732 0.0000e+00
      18538 313.387898  -62.13950  -58.44032     -0.896    1448.35    209.000    206.890    -0.7647    -0.7631     0.0016    -0.7709    -0.7694     0.0016   2.796528   2.796592   0.000059    34.3058    34.3049     7.4392    27.5817    27.5809    34.3055    27.5815    1448.06    1448.06    -0.7708  1028.5866    34.4727 0.0000e+00
      18564 313.387910  -62.13950  -58.44030     -0.913    1448.35    208.000    205.901    -0.7659    -0.7646     0.0013    -0.7721    -0.7708     0.0013   2.796387   2.796418   0.000034    34.3058    34.3048     7.4388    27.5817    27.5809    34.3056    27.5816    1448.03    1448.04    -0.7719  1028.5797    34.4700 0.0000e+00
      18588 313.387922 -9.990e-29  -58.44030     -0.949    1448.35    207.000    204.911    -0.7666    -0.7654     0.0011    -0.7727    -0.7716     0.0011   2.796275   2.796271   0.000003    34.3057    34.3044     7.4495    27.5817    27.5806    34.3055    27.5815    1448.01    1448.02    -0.7726  1028.5728    34.4673 0.0000e+00
      18612 313.387934 -9.990e-29  -58.44030     -0.998    1448.35    206.000    203.922    -0.7668    -0.7659     0.0009    -0.7730    -0.7721     0.0009   2.796199   2.796180  -0.000023    34.3055    34.3042     7.4478    27.5816    27.5805    34.3054    27.5814    1448.00    1448.00    -0.7728  1028.5679    34.4671 0.0000e+00
      18635 313.387945 -9.990e-29  -58.44030     -1.032    1448.35    205.000    202.932    -0.7668    -0.7659     0.0009    -0.7729    -0.7720     0.0009   2.796146   2.796152   0.000007    34.3054    34.3045     7.4381    27.5815    27.5807    34.3052    27.5813    1447.98    1447.98    -0.7728  1028.5630    34.4670 0.0000e+00
      18658 313.387956  -62.13952  -58.44030     -1.035    1448.35    204.000    201.943    -0.7671    -0.7661     0.0009    -0.7731    -0.7722     0.0009   2.796094   2.796065  -0.000030    34.3056    34.3041     7.4419    27.5816    27.5804    34.3055    27.5815    1447.96    1447.97    -0.7730  1028.5597    34.4688 0.0000e+00
      18682 313.387967  -62.13952  -58.44030     -1.013    1448.35    203.000    200.953    -0.7676    -0.7664     0.0013    -0.7737    -0.7724     0.0013   2.795967   2.796013   0.000041    34.3052    34.3044     7.4544    27.5813    27.5806    34.3050    27.5811    1447.94    1447.95    -0.7735  1028.5577    34.4722 0.0000e+00
      18705 313.387978  -62.13954  -58.44030     -1.026    1448.35    202.000    199.964    -0.7688    -0.7670     0.0018    -0.7748    -0.7731     0.0018   2.795794   2.795882   0.000088    34.3049    34.3041     7.4658    27.5811    27.5804    34.3046    27.5809    1447.92    1447.93    -0.7747  1028.5527    34.4718 0.0000e+00
      18728 313.387990  -62.13954  -58.44030     -1.049    1448.35    201.000    198.975    -0.7705    -0.7688     0.0017    -0.7765    -0.7748     0.0017   2.795593   2.795661   0.000066    34.3050    34.3039     7.4573    27.5812    27.5803    34.3045    27.5808    1447.90    1447.90    -0.7763  1028.5479    34.4716 0.0000e+00
      18752 313.388001  -62.13954  -58.44030     -1.031    1448.35    200.000    197.985    -0.7724    -0.7705     0.0019    -0.7784    -0.7764     0.0019   2.795388   2.795479   0.000081    34.3047    34.3037     7.4480    27.5811    27.5802    34.3044    27.5809    1447.87    1447.88    -0.7782  1028.5432    34.4717 0.0000e+00
      18778 313.388013  -62.13954 -9.990e-29     -0.973    1448.35    199.000    196.996    -0.7740    -0.7719     0.0021    -0.7799    -0.7778     0.0021   2.795195   2.795304   0.000113    34.3046    34.3037     7.4405    27.5811    27.5803    34.3043    27.5808    1447.85    1447.86    -0.7798  1028.5402    34.4737 0.0000e+00
      18805 313.388027  -62.13956 -9.990e-29     -0.891    1448.35    198.000    196.006    -0.7745    -0.7725     0.0021    -0.7804    -0.7783     0.0021   2.795105   2.795201   0.000099    34.3045    34.3035     7.4567    27.5811    27.5801    34.3043    27.5808    1447.83    1447.84    -0.7802  1028.5354    34.4737 0.0000e+00
      18830 313.388039  -62.13956 -9.990e-29     -0.903    1448.35    197.000    195.017    -0.7743    -0.7735     0.0008    -0.7802    -0.7793     0.0008   2.795047   2.795047   0.000004    34.3040    34.3031     7.4637    27.5806    27.5799    34.3038    27.5804    1447.81    1447.82    -0.7800  1028.5302    34.4732 0.0000e+00
      18852 313.388049  -62.13956 -9.990e-29     -1.019    1448.35    196.000    194.027    -0.7741    -0.7733     0.0007    -0.7799    -0.7791     0.0007   2.795008   2.794986  -0.000021    34.3039    34.3028     7.4575    27.5805    27.5796    34.3036    27.5803    1447.80    1447.80    -0.7798  1028.5253    34.4730 0.0000e+00
      18872 313.388059  -62.13958  -58.44028     -1.129    1448.35    195.000    193.038    -0.7743    -0.7735     0.0008    -0.7801    -0.7793     0.0008   2.794949   2.794924  -0.000022    34.3039    34.3027     7.4587    27.5806    27.5795    34.3037    27.5804    1447.78    1447.78    -0.7799  1028.5189    34.4710 0.0000e+00
      18893 313.388069  -62.13958  -58.44028     -1.172    1448.35    194.000    192.048    -0.7746    -0.7736     0.0010    -0.7803    -0.7793     0.0010   2.794876   2.794887   0.000004    34.3039    34.3029     7.4552    27.5806    27.5796    34.3036    27.5803    1447.76    1447.77    -0.7802  1028.5140    34.4708 0.0000e+00
      18918 313.388081  -62.13958  -58.44028     -1.068    1448.35    193.000    191.059    -0.7753    -0.7733     0.0020    -0.7810    -0.7790     0.0020   2.794749   2.794867   0.000117    34.3036    34.3029     7.4647    27.5803    27.5797    34.3034    27.5802    1447.74    1447.75    -0.7809  1028.5090    34.4705 0.0000e+00
      18949 313.388096  -62.13958  -58.44028     -0.823    1448.35    192.000    190.070    -0.7763    -0.7743     0.0020    -0.7819    -0.7800     0.0020   2.794597   2.794718   0.000121    34.3033    34.3027     7.4670    27.5801    27.5796    34.3030    27.5799    1447.72    1447.73    -0.7818  1028.5036    34.4697 0.0000e+00
      18981 313.388111 -9.990e-29  -58.44028     -0.736    1448.35    191.000    189.080    -0.7774    -0.7762     0.0012    -0.7831    -0.7819     0.0012   2.794431   2.794451   0.000014    34.3031    34.3019     7.4557    27.5800    27.5790    34.3027    27.5797    1447.70    1447.70    -0.7829  1028.4946    34.4643 0.0000e+00
      19005 313.388123 -9.990e-29  -58.44028     -0.879    1448.35    190.000    188.090    -0.7789    -0.7770     0.0019    -0.7846    -0.7827     0.0019   2.794203   2.794293   0.000103    34.3023    34.3015     7.4530    27.5794    27.5787    34.3020    27.5791    1447.67    1447.68    -0.7844  1028.4894    34.4637 0.0000e+00
      19026 313.388133 -9.990e-29  -58.44028     -1.050    1448.35    189.000    187.101    -0.7796    -0.7788     0.0008    -0.7852    -0.7844     0.0008   2.794062   2.794050  -0.000010    34.3017    34.3007     7.4644    27.5790    27.5781    34.3014    27.5787    1447.65    1447.66    -0.7850  1028.4842    34.4632 0.0000e+00
      19048 313.388144 -9.990e-29  -58.44028     -1.125    1448.35    188.000    186.111    -0.7797    -0.7790     0.0008    -0.7853    -0.7845     0.0008   2.793961   2.793961   0.000001    34.3011    34.3002     7.4733    27.5785    27.5777    34.3008    27.5783    1447.64    1447.64    -0.7851  1028.4790    34.4626 0.0000e+00
      19073 313.388156  -62.13961  -58.44028     -1.051    1448.35    187.000    185.122    -0.7796    -0.7786     0.0010    -0.7851    -0.7842     0.0010   2.793918   2.793972   0.000049    34.3009    34.3005     7.4721    27.5783    27.5779    34.3007    27.5781    1447.62    1447.63    -0.7850  1028.4777    34.4669 0.0000e+00
      19102 313.388170  -62.13962  -58.44028     -0.864    1448.35    186.000    184.132    -0.7795    -0.7786     0.0009    -0.7850    -0.7841     0.0009   2.793863   2.793927   0.000068    34.3006    34.3005     7.4761    27.5780    27.5780    34.3004    27.5779    1447.60    1447.61    -0.7848  1028.4734    34.4675 0.0000e+00
      19131 313.388184  -62.13962  -58.44028     -0.810    1448.35    185.000    183.143    -0.7792    -0.7786     0.0006    -0.7847    -0.7841     0.0006   2.793809   2.793795  -0.000010    34.3002    34.2993     7.4796    27.5777    27.5770    34.3001    27.5776    1447.59    1447.59    -0.7845  1028.4683    34.4671 0.0000e+00
      19157 313.388196  -62.13962  -58.44026     -0.880    1448.35    184.000    182.153    -0.7794    -0.7786     0.0009    -0.7848    -0.7840     0.0009   2.793750   2.793744  -0.000007    34.3002    34.2992     7.4943    27.5777    27.5769    34.3000    27.5776    1447.57    1447.57    -0.7847  1028.4625    34.4658 0.0000e+00
      19182 313.388208 -9.990e-29  -58.44026     -0.950    1448.35    183.000    181.164    -0.7796    -0.7788     0.0008    -0.7850    -0.7842     0.0008   2.793687   2.793674  -0.000011    34.3002    34.2990     7.4923    27.5777    27.5768    34.3000    27.5776    1447.55    1447.56    -0.7849  1028.4545    34.4618 0.0000e+00
      19208 313.388221 -9.990e-29  -58.44026     -0.950    1448.35    182.000    180.174    -0.7796    -0.7788     0.0008    -0.7849    -0.7842     0.0008   2.793654   2.793634  -0.000021    34.3003    34.2992     7.4869    27.5778    27.5769    34.3002    27.5777    1447.54    1447.54    -0.7848  1028.4498    34.4619 0.0000e+00
      19234 313.388234 -9.990e-29  -58.44026     -0.911    1448.35    181.000    179.185    -0.7789    -0.7787     0.0002    -0.7842    -0.7840     0.0002   2.793637   2.793598  -0.000032    34.2998    34.2991     7.4903    27.5774    27.5768    34.2998    27.5774    1447.52    1447.52    -0.7841  1028.4447    34.4615 0.0000e+00
      19260 313.388246  -62.13965  -58.44026     -0.908    1448.35    180.000    178.195    -0.7774    -0.7777    -0.0004    -0.7827    -0.7831    -0.0004   2.793703   2.793607  -0.000094    34.2995    34.2987     7.4954    27.5771    27.5764    34.2996    27.5772    1447.52    1447.51    -0.7826  1028.4413    34.4634 0.0000e+00
      19286 313.388259  -62.13966  -58.44026     -0.928    1448.35    179.000    177.206    -0.7752    -0.7749     0.0003    -0.7805    -0.7802     0.0003   2.793797   2.793733  -0.000061    34.2989    34.2977     7.4988    27.5765    27.5755    34.2991    27.5766    1447.51    1447.51    -0.7804  1028.4387    34.4661 0.0000e+00
      19312 313.388271  -62.13966  -58.44026     -0.940    1448.35    178.000    176.216    -0.7731    -0.7736    -0.0004    -0.7784    -0.7788    -0.0004   2.793866   2.793772  -0.000093    34.2981    34.2973     7.4928    27.5758    27.5752    34.2982    27.5759    1447.50    1447.50    -0.7782  1028.4331    34.4653 0.0000e+00
      19337 313.388283  -62.13966  -58.44026     -0.943    1448.35    177.000    175.227    -0.7724    -0.7726    -0.0001    -0.7777    -0.7778    -0.0001   2.793858   2.793785  -0.000074    34.2978    34.2969     7.4909    27.5755    27.5748    34.2980    27.5756    1447.49    1447.49    -0.7775  1028.4281    34.4650 0.0000e+00
      19362 313.388295  -62.13967  -58.44026     -0.942    1448.35    176.000    174.237    -0.7716    -0.7712     0.0005    -0.7768    -0.7764     0.0005   2.793872   2.793824  -0.000050    34.2977    34.2965     7.4955    27.5753    27.5743    34.2978    27.5755    1447.47    1447.48    -0.7767  1028.4231    34.4648 0.0000e+00
      19387 313.388307  -62.13968  -58.44025     -0.968    1448.35    175.000    173.248    -0.7709    -0.7709     0.0000    -0.7760    -0.7761     0.0000   2.793859   2.793798  -0.000065    34.2974    34.2965     7.4921    27.5751    27.5744    34.2975    27.5752    1447.46    1447.46    -0.7759  1028.4181    34.4645 0.0000e+00
      19409 313.388318  -62.13968  -58.44024     -1.020    1448.35    174.000    172.258    -0.7685    -0.7694    -0.0008    -0.7736    -0.7745    -0.0008   2.794043   2.793861  -0.000154    34.2972    34.2961     7.4927    27.5748    27.5739    34.2978    27.5754    1447.46    1447.45    -0.7735  1028.4134    34.4649 0.0000e+00
      19432 313.388329  -62.13969  -58.44024     -1.053    1448.35    173.000    171.269    -0.7642    -0.7663    -0.0022    -0.7693    -0.7714    -0.0022   2.794281   2.794046  -0.000244    34.2964    34.2956     7.4971    27.5740    27.5734    34.2968    27.5743    1447.46    1447.45    -0.7692  1028.4076    34.4638 0.0000e+00
      19457 313.388341  -62.13970  -58.44024     -1.027    1448.35    172.000    170.279    -0.7636    -0.7648    -0.0012    -0.7687    -0.7699    -0.0012   2.794288   2.794107  -0.000177    34.2964    34.2954     7.4995    27.5740    27.5732    34.2968    27.5743    1447.45    1447.44    -0.7685  1028.4028    34.4638 0.0000e+00
      19484 313.388354  -62.13970  -58.44024     -0.919    1448.35    171.000    169.289    -0.7616    -0.7675    -0.0059    -0.7666    -0.7725    -0.0059   2.794385   2.793890  -0.000460    34.2960    34.2965     7.5015    27.5736    27.5742    34.2964    27.5739    1447.44    1447.41    -0.7665  1028.3976    34.4634 0.0000e+00
      19513 313.388368  -62.13970  -58.44024     -0.828    1448.35    170.000    168.300    -0.7597    -0.7603    -0.0006    -0.7647    -0.7653    -0.0006   2.794476   2.794355  -0.000153    34.2956    34.2943     7.4983    27.5732    27.5721    34.2962    27.5736    1447.43    1447.43    -0.7646  1028.3925    34.4631 0.0000e+00
      19541 313.388381  -62.13970  -58.44024     -0.847    1448.35    169.000    167.310    -0.7551    -0.7557    -0.0005    -0.7601    -0.7607    -0.0005   2.794772   2.794628  -0.000131    34.2951    34.2939     7.5043    27.5726    27.5716    34.2956    27.5730    1447.44    1447.43    -0.7600  1028.3871    34.4626 0.0000e+00
      19565 313.388393  -62.13972  -58.44024     -0.930    1448.35    168.000    166.321    -0.7549    -0.7559    -0.0010    -0.7599    -0.7609    -0.0010   2.794719   2.794575  -0.000157    34.2951    34.2941     7.4970    27.5725    27.5718    34.2953    27.5727    1447.42    1447.41    -0.7598  1028.3803    34.4600 0.0000e+00
