Pos-Processados/process_op41/Processamento_split/up/uoperantar41_016.cnv
* Sea-Bird SBE 9 Data File:
* FileName = C:\Users\Dell\Desktop\OperantarXLI\config\00_BRUTOS\OPE41016.hdr
* Software Version Seasave V 7.26.7.110
* Temperature SN = 6497
* Conductivity SN = 4954
* Number of Bytes Per Scan = 31
* Number of Voltage Words = 2
* Number of Scans Averaged by the Deck Unit = 1
* NMEA Latitude = 62 09.82 S
* NMEA Longitude = 058 22.39 W
* NMEA UTC (Time) = Nov 09 2022 14:38:16
* NMEA baud rate = 4800
** H41
** Navio Polar Almirante Maximiano
** LH-021/2022
** Operantar XLI
** Número da Estação 0016
** Latitude 62 9,860 S
** Longitude 58 22,350 W
** Data/Hora (Z) 09/11/22 1440Z
** Profundidade local 415 m
** 09-1439
** Nome do Operador CT GARLA
# nquan = 30
# nvalues = 387                         
# units = specified
# name 0 = scan: Scan Count
# name 1 = timeJ: Julian Days
# name 2 = latitude: Latitude [deg]
# name 3 = longitude: Longitude [deg]
# name 4 = dz/dtM: Descent Rate [m/s]
# name 5 = avgsvCM: Average Sound Velocity [Chen-Millero, m/s]
# name 6 = prDM: Pressure, Digiquartz [db]
# name 7 = depSM: Depth [salt water, m]
# name 8 = t090C: Temperature [ITS-90, deg C]
# name 9 = t190C: Temperature, 2 [ITS-90, deg C]
# name 10 = T2-T190C: Temperature Difference, 2 - 1 [ITS-90, deg C]
# name 11 = potemp090C: Potential Temperature [ITS-90, deg C]
# name 12 = potemp190C: Potential Temperature, 2 [ITS-90, deg C]
# name 13 = potemp90Cdiff: Potential Temperature, Diff, 2 - 1 [ITS-90, deg C]
# name 14 = c0S/m: Conductivity [S/m]
# name 15 = c1S/m: Conductivity, 2 [S/m]
# name 16 = C2-C1S/m: Conductivity Difference, 2 - 1 [S/m]
# name 17 = sal00: Salinity, Practical [PSU]
# name 18 = sal11: Salinity, Practical, 2 [PSU]
# name 19 = sbeox0ML/L: Oxygen, SBE 43 [ml/l]
# name 20 = sigma-é00: Density [sigma-theta, kg/m^3]
# name 21 = sigma-é11: Density, 2 [sigma-theta, kg/m^3]
# name 22 = sal00: Salinity, Practical [PSU]
# name 23 = sigma-é00: Density [sigma-theta, kg/m^3]
# name 24 = svCM: Sound Velocity [Chen-Millero, m/s]
# name 25 = svCM1: Sound Velocity, 2 [Chen-Millero, m/s]
# name 26 = gsw_ptA0: potential temperature [ITS-90, deg C]
# name 27 = gsw_densityA0: density, TEOS-10 [density, kg/m^3]
# name 28 = gsw_saA0: Absolute Salinity [g/kg]
# name 29 = flag:
# span 0 =      13241,      24327       
# span 1 = 313.616292, 313.621639       
# span 2 =  -62.16382,  -62.16376       
# span 3 =  -58.37318,  -58.37300       
# span 4 =     -1.390,     -0.239       
# span 5 =    1450.47,    1450.59       
# span 6 =      2.000,    388.000       
# span 7 =      1.987,    383.900       
# span 8 =    -0.2592,    -0.1033       
# span 9 =    -0.2594,    -0.1013       
# span 10 =    -0.0030,     0.0031      
# span 11 =    -0.2683,    -0.1034      
# span 12 =    -0.2685,    -0.1014      
# span 13 =    -0.0030,     0.0031      
# span 14 =   2.833390,   2.855643      
# span 15 =   2.833468,   2.855667      
# span 16 =  -0.000256,   0.000302      
# span 17 =    34.1810,    34.3778      
# span 18 =    34.1819,    34.3786      
# span 19 =     6.4241,     7.4868      
# span 20 =    27.4504,    27.6159      
# span 21 =    27.4510,    27.6165      
# span 22 =    34.1811,    34.3778      
# span 23 =    27.4504,    27.6159      
# span 24 =    1447.60,    1453.60      
# span 25 =    1447.61,    1453.60      
# span 26 =    -0.2682,    -0.1034      
# span 27 =  1027.4650,  1029.4658      
# span 28 =    34.3460,    34.5459      
# span 29 = 0.0000e+00, 0.0000e+00      
# interval = decibars: 1                
# start_time = Nov 09 2022 14:38:16 [NMEA time, header]
# bad_flag = -9.990e-29
*END*
[from data line 146]
      17462 313.618328  -62.16380  -58.37302     -0.756    1450.59    242.000    239.538    -0.2584    -0.2585    -0.0001    -0.2667    -0.2668    -0.0001   2.836102   2.836131   0.000029    34.2456    34.2460     7.1669    27.5105    27.5108    34.2454    27.5104    1450.87    1450.87    -0.2666  1028.6691    34.4125 0.0000e+00
      17487 313.618340  -62.16380  -58.37301     -0.879    1450.59    241.000    238.548    -0.2581    -0.2583    -0.0002    -0.2664    -0.2666    -0.0002   2.836002   2.836037   0.000034    34.2444    34.2452     7.1722    27.5096    27.5101    34.2444    27.5095    1450.85    1450.85    -0.2662  1028.6635    34.4115 0.0000e+00
      17509 313.618351  -62.16380  -58.37300     -1.029    1450.59    240.000    237.559    -0.2581    -0.2583    -0.0002    -0.2663    -0.2665    -0.0002   2.835948   2.835971   0.000026    34.2443    34.2449     7.1652    27.5094    27.5099    34.2443    27.5094    1450.84    1450.84    -0.2662  1028.6586    34.4114 0.0000e+00
      17531 313.618361  -62.16380  -58.37300     -1.082    1450.59    239.000    236.570    -0.2577    -0.2579    -0.0002    -0.2659    -0.2661    -0.0002   2.835875   2.835903   0.000028    34.2435    34.2441     7.1664    27.5088    27.5092    34.2435    27.5087    1450.82    1450.82    -0.2658  1028.6532    34.4105 0.0000e+00
      17557 313.618374  -62.16380  -58.37301     -0.992    1450.59    238.000    235.581    -0.2577    -0.2576     0.0001    -0.2659    -0.2658     0.0001   2.835835   2.835864   0.000026    34.2436    34.2438     7.1745    27.5088    27.5090    34.2435    27.5088    1450.81    1450.81    -0.2657  1028.6485    34.4106 0.0000e+00
      17585 313.618387  -62.16380  -58.37302     -0.884    1450.59    237.000    234.591    -0.2571    -0.2573    -0.0002    -0.2652    -0.2654    -0.0002   2.835775   2.835813   0.000041    34.2426    34.2434     7.1821    27.5080    27.5086    34.2426    27.5080    1450.79    1450.79    -0.2651  1028.6430    34.4097 0.0000e+00
      17609 313.618399  -62.16380  -58.37302     -0.930    1450.59    236.000    233.602    -0.2568    -0.2570    -0.0002    -0.2649    -0.2651    -0.0002   2.835724   2.835752   0.000031    34.2423    34.2430     7.1796    27.5077    27.5083    34.2423    27.5077    1450.78    1450.78    -0.2648  1028.6380    34.4094 0.0000e+00
      17631 313.618409  -62.16380  -58.37302     -1.042    1450.59    235.000    232.613    -0.2569    -0.2571    -0.0002    -0.2650    -0.2652    -0.0002   2.835671   2.835700   0.000028    34.2423    34.2429     7.1847    27.5077    27.5082    34.2423    27.5077    1450.76    1450.76    -0.2648  1028.6332    34.4093 0.0000e+00
      17653 313.618420  -62.16380  -58.37302     -1.087    1450.59    234.000    231.623    -0.2569    -0.2568     0.0001    -0.2650    -0.2648     0.0001   2.835633   2.835672   0.000037    34.2424    34.2427     7.1712    27.5078    27.5081    34.2424    27.5078    1450.74    1450.74    -0.2648  1028.6285    34.4094 0.0000e+00
      17681 313.618434  -62.16380  -58.37302     -0.945    1450.59    233.000    230.634    -0.2572    -0.2568     0.0003    -0.2652    -0.2648     0.0003   2.835587   2.835629   0.000040    34.2427    34.2428     7.1864    27.5081    27.5082    34.2426    27.5080    1450.73    1450.73    -0.2650  1028.6240    34.4097 0.0000e+00
      17713 313.618449  -62.16380  -58.37302     -0.767    1450.59    232.000    229.645    -0.2568    -0.2569    -0.0000    -0.2648    -0.2648    -0.0000   2.835544   2.835572   0.000028    34.2423    34.2427     7.1880    27.5078    27.5081    34.2423    27.5078    1450.71    1450.71    -0.2646  1028.6189    34.4093 0.0000e+00
      17739 313.618462  -62.16380  -58.37300     -0.827    1450.59    231.000    228.655    -0.2565    -0.2568    -0.0002    -0.2644    -0.2647    -0.0002   2.835502   2.835531   0.000031    34.2420    34.2427     7.1952    27.5075    27.5081    34.2420    27.5074    1450.70    1450.70    -0.2643  1028.6139    34.4090 0.0000e+00
      17761 313.618472  -62.16380  -58.37302     -1.002    1450.59    230.000    227.666    -0.2563    -0.2567    -0.0003    -0.2642    -0.2645    -0.0003   2.835464   2.835490   0.000026    34.2419    34.2426     7.1951    27.5073    27.5080    34.2419    27.5074    1450.68    1450.68    -0.2641  1028.6090    34.4089 0.0000e+00
      17781 313.618482  -62.16380  -58.37302     -1.144    1450.59    229.000    226.677    -0.2560    -0.2561    -0.0002    -0.2638    -0.2640    -0.0002   2.835429   2.835473   0.000045    34.2417    34.2424     7.2023    27.5072    27.5078    34.2416    27.5071    1450.66    1450.67    -0.2637  1028.6041    34.4086 0.0000e+00
      17802 313.618492  -62.16380  -58.37302     -1.191    1450.59    228.000    225.687    -0.2562    -0.2562    -0.0001    -0.2640    -0.2640    -0.0001   2.835368   2.835409   0.000037    34.2416    34.2422     7.1899    27.5072    27.5076    34.2416    27.5071    1450.65    1450.65    -0.2639  1028.5993    34.4086 0.0000e+00
      17826 313.618504  -62.16380  -58.37302     -1.082    1450.59    227.000    224.698    -0.2564    -0.2563     0.0002    -0.2642    -0.2641     0.0002   2.835320   2.835355   0.000038    34.2419    34.2423     7.1904    27.5074    27.5077    34.2419    27.5074    1450.63    1450.63    -0.2641  1028.5948    34.4089 0.0000e+00
      17858 313.618519  -62.16380  -58.37302     -0.804    1450.59    226.000    223.709    -0.2564    -0.2565    -0.0001    -0.2642    -0.2643    -0.0001   2.835275   2.835303   0.000026    34.2419    34.2424     7.1937    27.5074    27.5078    34.2419    27.5074    1450.61    1450.61    -0.2640  1028.5900    34.4089 0.0000e+00
      17892 313.618535  -62.16380  -58.37302     -0.692    1450.59    225.000    222.720    -0.2561    -0.2562    -0.0002    -0.2638    -0.2639    -0.0002   2.835228   2.835261   0.000035    34.2415    34.2421     7.1963    27.5070    27.5075    34.2415    27.5070    1450.60    1450.60    -0.2637  1028.5849    34.4085 0.0000e+00
      17918 313.618548  -62.16380  -58.37302     -0.836    1450.59    224.000    221.730    -0.2548    -0.2550    -0.0002    -0.2625    -0.2627    -0.0002   2.835212   2.835253   0.000043    34.2404    34.2412     7.1873    27.5061    27.5067    34.2405    27.5061    1450.59    1450.59    -0.2623  1028.5792    34.4074 0.0000e+00
      17939 313.618558  -62.16380  -58.37302     -1.020    1450.59    223.000    220.741    -0.2529    -0.2532    -0.0003    -0.2605    -0.2608    -0.0003   2.835253   2.835280   0.000027    34.2393    34.2400     7.1880    27.5051    27.5057    34.2394    27.5052    1450.58    1450.58    -0.2604  1028.5735    34.4064 0.0000e+00
      17960 313.618568  -62.16380  -58.37304     -1.139    1450.59    222.000    219.751    -0.2510    -0.2512    -0.0002    -0.2586    -0.2588    -0.0001   2.835268   2.835303   0.000035    34.2381    34.2387     7.1871    27.5040    27.5045    34.2382    27.5041    1450.57    1450.57    -0.2585  1028.5677    34.4051 0.0000e+00
      17983 313.618579  -62.16380  -58.37302     -1.103    1450.59    221.000    218.762    -0.2519    -0.2515     0.0004    -0.2595    -0.2591     0.0004   2.835176   2.835238   0.000057    34.2386    34.2389     7.2004    27.5045    27.5047    34.2385    27.5045    1450.55    1450.55    -0.2594  1028.5633    34.4055 0.0000e+00
      18014 313.618594  -62.16380  -58.37302     -0.854    1450.59    220.000    217.773    -0.2533    -0.2521     0.0011    -0.2608    -0.2597     0.0011   2.835100   2.835169   0.000067    34.2397    34.2393     7.2038    27.5054    27.5050    34.2397    27.5054    1450.53    1450.53    -0.2607  1028.5595    34.4066 0.0000e+00
      18047 313.618610  -62.16380  -58.37302     -0.711    1450.59    219.000    216.784    -0.2507    -0.2513    -0.0006    -0.2582    -0.2587    -0.0006   2.835156   2.835163   0.000012    34.2379    34.2387     7.2131    27.5038    27.5045    34.2381    27.5040    1450.52    1450.52    -0.2581  1028.5533    34.4050 0.0000e+00
      18072 313.618622  -62.16380  -58.37302     -0.850    1450.59    218.000    215.794    -0.2486    -0.2489    -0.0003    -0.2560    -0.2563    -0.0003   2.835179   2.835202   0.000025    34.2365    34.2371     7.2147    27.5026    27.5031    34.2366    27.5027    1450.51    1450.51    -0.2559  1028.5473    34.4036 0.0000e+00
      18094 313.618633  -62.16380  -58.37302     -1.015    1450.59    217.000    214.805    -0.2485    -0.2488    -0.0003    -0.2559    -0.2562    -0.0003   2.835129   2.835166   0.000039    34.2364    34.2372     7.2186    27.5025    27.5032    34.2365    27.5026    1450.50    1450.50    -0.2558  1028.5436    34.4049 0.0000e+00
      18117 313.618644  -62.16380  -58.37304     -1.071    1450.59    216.000    213.815    -0.2484    -0.2486    -0.0001    -0.2558    -0.2559    -0.0001   2.835077   2.835122   0.000042    34.2363    34.2370     7.2089    27.5024    27.5030    34.2363    27.5025    1450.48    1450.48    -0.2557  1028.5379    34.4037 0.0000e+00
      18145 313.618657  -62.16380  -58.37304     -0.950    1450.59    215.000    212.826    -0.2486    -0.2485     0.0001    -0.2559    -0.2558     0.0001   2.835033   2.835071   0.000040    34.2364    34.2368     7.2144    27.5026    27.5029    34.2366    27.5027    1450.46    1450.47    -0.2558  1028.5329    34.4035 0.0000e+00
      18174 313.618672  -62.16380  -58.37304     -0.813    1450.59    214.000    211.837    -0.2481    -0.2482    -0.0000    -0.2554    -0.2555    -0.0000   2.835002   2.835037   0.000033    34.2361    34.2366     7.2149    27.5023    27.5027    34.2362    27.5024    1450.45    1450.45    -0.2553  1028.5279    34.4031 0.0000e+00
      18201 313.618685  -62.16380  -58.37302     -0.848    1450.59    213.000    210.847    -0.2473    -0.2475    -0.0001    -0.2546    -0.2547    -0.0001   2.834972   2.835003   0.000033    34.2354    34.2360     7.2223    27.5017    27.5021    34.2355    27.5018    1450.44    1450.44    -0.2545  1028.5225    34.4024 0.0000e+00
      18225 313.618696  -62.16380  -58.37304     -0.967    1450.59    212.000    209.858    -0.2470    -0.2473    -0.0003    -0.2543    -0.2545    -0.0003   2.834926   2.834960   0.000033    34.2351    34.2358     7.2269    27.5014    27.5020    34.2351    27.5014    1450.42    1450.42    -0.2541  1028.5174    34.4020 0.0000e+00
      18247 313.618707  -62.16380  -58.37304     -1.046    1450.59    211.000    208.869    -0.2471    -0.2473    -0.0001    -0.2543    -0.2545    -0.0001   2.834882   2.834914   0.000034    34.2352    34.2358     7.2373    27.5015    27.5020    34.2353    27.5016    1450.40    1450.41    -0.2542  1028.5128    34.4022 0.0000e+00
      18273 313.618719  -62.16380  -58.37304     -1.000    1450.59    210.000    207.879    -0.2474    -0.2476    -0.0001    -0.2546    -0.2547    -0.0001   2.834826   2.834861   0.000036    34.2355    34.2361     7.2263    27.5018    27.5023    34.2355    27.5018    1450.39    1450.39    -0.2545  1028.5082    34.4024 0.0000e+00
      18301 313.618732  -62.16380  -58.37304     -0.887    1450.59    209.000    206.890    -0.2464    -0.2461     0.0004    -0.2536    -0.2532     0.0004   2.834823   2.834872   0.000046    34.2348    34.2350     7.2327    27.5011    27.5013    34.2350    27.5013    1450.38    1450.38    -0.2534  1028.5030    34.4018 0.0000e+00
      18327 313.618745  -62.16380  -58.37304     -0.884    1450.59    208.000    205.900    -0.2430    -0.2431    -0.0001    -0.2501    -0.2502    -0.0001   2.834892   2.834928   0.000034    34.2324    34.2330     7.2285    27.4991    27.4995    34.2326    27.4992    1450.37    1450.37    -0.2500  1028.4961    34.3994 0.0000e+00
      18351 313.618757  -62.16380  -58.37304     -0.967    1450.59    207.000    204.911    -0.2419    -0.2421    -0.0002    -0.2490    -0.2492    -0.0002   2.834884   2.834915   0.000035    34.2317    34.2324     7.2374    27.4984    27.4990    34.2319    27.4986    1450.36    1450.36    -0.2489  1028.4907    34.3987 0.0000e+00
      18375 313.618769  -62.16380  -58.37304     -0.995    1450.59    206.000    203.922    -0.2419    -0.2421    -0.0001    -0.2490    -0.2491    -0.0001   2.834838   2.834865   0.000026    34.2318    34.2323     7.2343    27.4985    27.4989    34.2319    27.4986    1450.34    1450.34    -0.2488  1028.4860    34.3987 0.0000e+00
      18403 313.618782  -62.16380  -58.37304     -0.904    1450.59    205.000    202.932    -0.2419    -0.2416     0.0003    -0.2489    -0.2486     0.0003   2.834794   2.834834   0.000042    34.2318    34.2320     7.2480    27.4985    27.4986    34.2319    27.4986    1450.32    1450.33    -0.2488  1028.4812    34.3987 0.0000e+00
      18432 313.618796  -62.16380  -58.37304     -0.835    1450.59    204.000    201.942    -0.2404    -0.2406    -0.0003    -0.2474    -0.2476    -0.0003   2.834805   2.834829   0.000022    34.2308    34.2314     7.2469    27.4976    27.4981    34.2310    27.4977    1450.31    1450.31    -0.2473  1028.4756    34.3978 0.0000e+00
      18459 313.618809  -62.16380  -58.37304     -0.856    1450.59    203.000    200.953    -0.2394    -0.2396    -0.0002    -0.2464    -0.2465    -0.0002   2.834810   2.834844   0.000036    34.2303    34.2310     7.2517    27.4972    27.4977    34.2305    27.4973    1450.30    1450.30    -0.2462  1028.4704    34.3973 0.0000e+00
      18486 313.618822  -62.16380  -58.37304     -0.894    1450.59    202.000    199.964    -0.2379    -0.2382    -0.0002    -0.2448    -0.2451    -0.0002   2.834829   2.834861   0.000034    34.2296    34.2303     7.2492    27.4965    27.4971    34.2297    27.4966    1450.29    1450.29    -0.2447  1028.4650    34.3966 0.0000e+00
      18514 313.618835  -62.16380  -58.37304     -0.876    1450.59    201.000    198.974    -0.2378    -0.2378    -0.0000    -0.2447    -0.2447    -0.0000   2.834790   2.834827   0.000036    34.2296    34.2300     7.2580    27.4965    27.4968    34.2297    27.4966    1450.28    1450.28    -0.2446  1028.4602    34.3965 0.0000e+00
      18542 313.618849  -62.16380  -58.37305     -0.862    1450.59    200.000    197.985    -0.2377    -0.2379    -0.0002    -0.2445    -0.2448    -0.0002   2.834744   2.834776   0.000032    34.2295    34.2302     7.2570    27.4964    27.4970    34.2295    27.4965    1450.26    1450.26    -0.2444  1028.4553    34.3963 0.0000e+00
      18568 313.618862  -62.16380  -58.37306     -0.891    1450.59    199.000    196.995    -0.2368    -0.2370    -0.0001    -0.2436    -0.2438    -0.0001   2.834740   2.834781   0.000040    34.2290    34.2296     7.2521    27.4959    27.4965    34.2291    27.4961    1450.25    1450.25    -0.2435  1028.4501    34.3959 0.0000e+00
      18595 313.618875  -62.16380  -58.37306     -0.895    1450.59    198.000    196.006    -0.2359    -0.2361    -0.0001    -0.2427    -0.2429    -0.0001   2.834750   2.834786   0.000038    34.2287    34.2294     7.2541    27.4957    27.4962    34.2289    27.4958    1450.24    1450.24    -0.2426  1028.4451    34.3957 0.0000e+00
      18623 313.618888  -62.16380  -58.37306     -0.862    1450.59    197.000    195.016    -0.2357    -0.2358    -0.0000    -0.2425    -0.2425    -0.0000   2.834722   2.834755   0.000036    34.2287    34.2292     7.2510    27.4957    27.4961    34.2289    27.4958    1450.22    1450.22    -0.2423  1028.4403    34.3956 0.0000e+00
      18650 313.618901  -62.16380  -58.37304     -0.876    1450.59    196.000    194.027    -0.2331    -0.2340    -0.0009    -0.2397    -0.2407    -0.0009   2.834826   2.834828   0.000004    34.2275    34.2286     7.2512    27.4946    27.4955    34.2278    27.4949    1450.21    1450.21    -0.2397  1028.4346    34.3946 0.0000e+00
