Pos-Processados/process_op41/Processamento_split/up/uoperantar41_009.cnv
* Sea-Bird SBE 9 Data File:
* FileName = C:\Users\Dell\Desktop\OperantarXLI\config\00_BRUTOS\OPE41009.hdr
* Software Version Seasave V 7.26.7.110
* Temperature SN = 6497
* Conductivity SN = 4954
* Number of Bytes Per Scan = 31
* Number of Voltage Words = 2
* Number of Scans Averaged by the Deck Unit = 1
* NMEA Latitude = 42 49.84 S
* NMEA Longitude = 052 15.44 W
* NMEA UTC (Time) = Oct 23 2022 04:30:44
* NMEA baud rate = 4800
** H41
** Navio Polar Almirante Maximiano
** LH-021/2022
** Operantar XLI
** Número da Estação 009
** Latitude 42 49.421' S
** Longitude 52 14.906' W
** Data/Hora (Z) 23/10/2022 0403Z
** Profundidade local 5745 m
** 09-1439
** Nome do Operador CT Garla
# nquan = 30
# nvalues = 1026                        
# units = specified
# name 0 = scan: Scan Count
# name 1 = timeJ: Julian Days
# name 2 = latitude: Latitude [deg]
# name 3 = longitude: Longitude [deg]
# name 4 = dz/dtM: Descent Rate [m/s]
# name 5 = avgsvCM: Average Sound Velocity [Chen-Millero, m/s]
# name 6 = prDM: Pressure, Digiquartz [db]
# name 7 = depSM: Depth [salt water, m]
# name 8 = t090C: Temperature [ITS-90, deg C]
# name 9 = t190C: Temperature, 2 [ITS-90, deg C]
# name 10 = T2-T190C: Temperature Difference, 2 - 1 [ITS-90, deg C]
# name 11 = potemp090C: Potential Temperature [ITS-90, deg C]
# name 12 = potemp190C: Potential Temperature, 2 [ITS-90, deg C]
# name 13 = potemp90Cdiff: Potential Temperature, Diff, 2 - 1 [ITS-90, deg C]
# name 14 = c0S/m: Conductivity [S/m]
# name 15 = c1S/m: Conductivity, 2 [S/m]
# name 16 = C2-C1S/m: Conductivity Difference, 2 - 1 [S/m]
# name 17 = sal00: Salinity, Practical [PSU]
# name 18 = sal11: Salinity, Practical, 2 [PSU]
# name 19 = sbeox0ML/L: Oxygen, SBE 43 [ml/l]
# name 20 = sigma-é00: Density [sigma-theta, kg/m^3]
# name 21 = sigma-é11: Density, 2 [sigma-theta, kg/m^3]
# name 22 = sal00: Salinity, Practical [PSU]
# name 23 = sigma-é00: Density [sigma-theta, kg/m^3]
# name 24 = svCM: Sound Velocity [Chen-Millero, m/s]
# name 25 = svCM1: Sound Velocity, 2 [Chen-Millero, m/s]
# name 26 = gsw_ptA0: potential temperature [ITS-90, deg C]
# name 27 = gsw_densityA0: density, TEOS-10 [density, kg/m^3]
# name 28 = gsw_saA0: Absolute Salinity [g/kg]
# name 29 = flag:
# span 0 =      28756,      61199       
# span 1 = 296.201877, 296.217522       
# span 2 =  -42.84097,  -42.83555       
# span 3 =  -52.27886,  -52.26879       
# span 4 =     -1.745,     -0.096       
# span 5 =    1493.17,    1493.57       
# span 6 =      3.000,   1028.000       
# span 7 =      2.983,   1017.340       
# span 8 =     3.5805,    14.5355       
# span 9 =     3.5837,    14.5357       
# span 10 =    -0.0683,     0.1485      
# span 11 =     3.5068,    14.5350      
# span 12 =     3.5100,    14.5353      
# span 13 =    -0.0681,     0.1480      
# span 14 =   3.196055,   4.301278      
# span 15 =   3.196236,   4.301260      
# span 16 =  -0.007079,   0.015118      
# span 17 =    34.1626,    35.6141      
# span 18 =    34.1631,    35.6133      
# span 19 =     4.9326,     6.0326      
# span 20 =    26.4617,    27.1984      
# span 21 =    26.4609,    27.1983      
# span 22 =    34.1636,    35.6142      
# span 23 =    26.4620,    27.1987      
# span 24 =    1480.60,    1510.52      
# span 25 =    1480.60,    1510.53      
# span 26 =     3.5067,    14.5350      
# span 27 =  1026.4798,  1031.9452      
# span 28 =    34.3250,    35.7828      
# span 29 = 0.0000e+00, 0.0000e+00      
# interval = decibars: 1                
# start_time = Oct 23 2022 04:30:44 [NMEA time, header]
# bad_flag = -9.990e-29
*END*
[from data line 97]
      31725 296.203308  -42.83599  -52.26952     -1.123    1493.18    931.000    921.560     4.0426     4.0418    -0.0007     3.9728     3.9720    -0.0007   3.231823   3.231690  -0.000098    34.1869    34.1865     5.3850    27.1421    27.1419    34.1860    27.1415    1481.06    1481.05     3.9726  1031.4345    34.3502 0.0000e+00
      31742 296.203316  -42.83600  -52.26952     -1.295    1493.18    930.000    920.572     4.0384     4.0367    -0.0017     3.9687     3.9671    -0.0016   3.231283   3.231118  -0.000185    34.1858    34.1853     5.3990    27.1417    27.1415    34.1845    27.1407    1481.02    1481.01     3.9685  1031.4292    34.3487 0.0000e+00
      31760 296.203325  -42.83600  -52.26952     -1.360    1493.18    929.000    919.584     4.0352     4.0354     0.0002     3.9656     3.9658     0.0002   3.230968   3.230990   0.000019    34.1849    34.1849     5.4084    27.1413    27.1413    34.1846    27.1410    1480.99    1480.99     3.9655  1031.4251    34.3488 0.0000e+00
      31784 296.203337  -42.83600  -52.26952     -1.173    1493.18    928.000    918.599     4.0410     4.0374    -0.0036     3.9715     3.9680    -0.0036   3.231455   3.231148  -0.000283    34.1847    34.1851     5.4198    27.1405    27.1412    34.1848    27.1406    1481.00    1480.98     3.9713  1031.4200    34.3490 0.0000e+00
      31839 296.203363  -42.83600  -52.26954     -0.395    1493.18    927.000    917.609     4.0488     4.0451    -0.0037     3.9793     3.9757    -0.0037   3.232148   3.231853  -0.000302    34.1852    34.1855     5.4375    27.1401    27.1407    34.1854    27.1403    1481.02    1481.00     3.9792  1031.4149    34.3495 0.0000e+00
      31879 296.203383 -9.990e-29  -52.26954     -0.570    1493.18    926.000    916.621     4.0520     4.0505    -0.0016     3.9826     3.9811    -0.0016   3.232531   3.232420  -0.000123    34.1859    34.1861     5.4431    27.1403    27.1406    34.1871    27.1413    1481.02    1481.01     3.9824  1031.4091    34.3486 0.0000e+00
      31901 296.203393 -9.990e-29  -52.26956     -0.910    1493.18    925.000    915.634     4.0675     4.0677     0.0003     3.9980     3.9983     0.0003   3.233962   3.234064   0.000069    34.1868    34.1874     5.4366    27.1395    27.1399    34.1885    27.1408    1481.06    1481.07     3.9979  1031.4038    34.3500 0.0000e+00
      31920 296.203402 -9.990e-29  -52.26956     -1.149    1493.18    924.000    914.646     4.0791     4.0808     0.0017     4.0097     4.0113     0.0017   3.234944   3.235185   0.000239    34.1866    34.1877     5.4332    27.1382    27.1388    34.1885    27.1396    1481.10    1481.11     4.0095  1031.3977    34.3501 0.0000e+00
      31939 296.203411 -9.990e-29  -52.26956     -1.265    1493.18    923.000    913.658     4.0860     4.0879     0.0019     4.0166     4.0184     0.0018   3.235496   3.235684   0.000194    34.1871    34.1875     5.4292    27.1378    27.1379    34.1884    27.1388    1481.11    1481.12     4.0164  1031.3922    34.3499 0.0000e+00
      31961 296.203422  -42.83602  -52.26956     -1.185    1493.18    922.000    912.671     4.0884     4.0876    -0.0008     4.0190     4.0183    -0.0008   3.235690   3.235635  -0.000035    34.1875    34.1879     5.4202    27.1379    27.1382    34.1887    27.1388    1481.10    1481.10     4.0189  1031.3882    34.3511 0.0000e+00
      31988 296.203435  -42.83603  -52.26956     -0.962    1493.18    921.000    911.683     4.0911     4.0886    -0.0025     4.0218     4.0194    -0.0024   3.235878   3.235658  -0.000203    34.1877    34.1878     5.4119    27.1377    27.1381    34.1886    27.1385    1481.10    1481.09     4.0216  1031.3847    34.3528 0.0000e+00
      32016 296.203449  -42.83604  -52.26956     -0.863    1493.18    920.000    910.695     4.0945     4.0898    -0.0047     4.0253     4.0206    -0.0047   3.236152   3.235729  -0.000419    34.1877    34.1876     5.4075    27.1374    27.1378    34.1888    27.1382    1481.10    1481.08     4.0251  1031.3797    34.3529 0.0000e+00
      32046 296.203463  -42.83604  -52.26958     -0.820    1493.18    919.000    909.708     4.0970     4.0927    -0.0043     4.0278     4.0236    -0.0042   3.236301   3.235959  -0.000346    34.1877    34.1881     5.4018    27.1371    27.1378    34.1885    27.1377    1481.09    1481.07     4.0277  1031.3746    34.3526 0.0000e+00
      32089 296.203484  -42.83604  -52.26958     -0.577    1493.18    918.000    908.720     4.0969     4.0878    -0.0091     4.0278     4.0187    -0.0090   3.236228   3.235463  -0.000753    34.1876    34.1882     5.4229    27.1371    27.1384    34.1883    27.1376    1481.07    1481.03     4.0276  1031.3699    34.3524 0.0000e+00
      32127 296.203502  -42.83605  -52.26959     -0.586    1493.18    917.000    907.732     4.0978     4.0984     0.0006     4.0287     4.0293     0.0005   3.236267   3.236381   0.000094    34.1878    34.1883     5.4258    27.1371    27.1374    34.1883    27.1375    1481.06    1481.06     4.0286  1031.3652    34.3524 0.0000e+00
      32147 296.203512  -42.83606  -52.26960     -0.890    1493.18    916.000    906.744     4.0988     4.0992     0.0004     4.0298     4.0302     0.0004   3.236208   3.236255   0.000049    34.1868    34.1870     5.4230    27.1362    27.1363    34.1871    27.1364    1481.04    1481.05     4.0296  1031.3596    34.3512 0.0000e+00
      32163 296.203520  -42.83606  -52.26960     -1.198    1493.18    915.000    905.756     4.0975     4.0976     0.0000     4.0287     4.0287     0.0000   3.235975   3.235981  -0.000004    34.1859    34.1859     5.4210    27.1356    27.1355    34.1861    27.1357    1481.02    1481.02     4.0285  1031.3544    34.3502 0.0000e+00
      32179 296.203527  -42.83606  -52.26960     -1.434    1493.18    914.000    904.769     4.0977     4.0979     0.0002     4.0290     4.0291     0.0002   3.235957   3.235999   0.000029    34.1855    34.1857     5.4198    27.1353    27.1354    34.1862    27.1358    1481.01    1481.01     4.0288  1031.3499    34.3503 0.0000e+00
      32195 296.203535  -42.83606  -52.26960     -1.539    1493.18    913.000    903.781     4.1022     4.1023     0.0001     4.0335     4.0336     0.0001   3.236312   3.236379   0.000055    34.1855    34.1861     5.4177    27.1348    27.1353    34.1862    27.1353    1481.01    1481.01     4.0333  1031.3448    34.3503 0.0000e+00
      32215 296.203545  -42.83606  -52.26960     -1.389    1493.18    912.000    902.793     4.1042     4.1038    -0.0004     4.0356     4.0352    -0.0004   3.236415   3.236440   0.000021    34.1854    34.1861     5.4191    27.1345    27.1351    34.1859    27.1349    1481.00    1481.00     4.0354  1031.3397    34.3500 0.0000e+00
      32264 296.203568  -42.83606  -52.26962     -0.556    1493.18    911.000    901.806     4.1134     4.1046    -0.0088     4.0448     4.0360    -0.0088   3.237257   3.236534  -0.000701    34.1854    34.1863     5.4358    27.1335    27.1351    34.1868    27.1346    1481.02    1480.99     4.0446  1031.3347    34.3509 0.0000e+00
      32315 296.203593  -42.83606 -9.990e-29     -0.440    1493.18    910.000    900.818     4.1236     4.1170    -0.0066     4.0549     4.0484    -0.0065   3.238259   3.237654  -0.000596    34.1869    34.1867     5.4457    27.1337    27.1342    34.1886    27.1350    1481.05    1481.02     4.0548  1031.3303    34.3528 0.0000e+00
      32335 296.203602  -42.83608 -9.990e-29     -0.864    1493.18    909.000    899.830     4.1469     4.1508     0.0038     4.0782     4.0820     0.0038   3.240379   3.240882   0.000442    34.1877    34.1890     5.4435    27.1319    27.1325    34.1898    27.1336    1481.13    1481.15     4.0780  1031.3238    34.3540 0.0000e+00
      32351 296.203610  -42.83608 -9.990e-29     -1.201    1493.18    908.000    898.843     4.1565     4.1574     0.0009     4.0878     4.0887     0.0009   3.241200   3.241328   0.000115    34.1880    34.1884     5.4403    27.1311    27.1313    34.1901    27.1328    1481.16    1481.16     4.0876  1031.3181    34.3542 0.0000e+00
      32365 296.203617  -42.83608  -52.26964     -1.462    1493.18    907.000    897.855     4.1611     4.1621     0.0011     4.0924     4.0935     0.0011   3.241534   3.241640   0.000098    34.1879    34.1879     5.4367    27.1306    27.1305    34.1898    27.1321    1481.16    1481.16     4.0922  1031.3118    34.3528 0.0000e+00
      32379 296.203624 -9.990e-29  -52.26964     -1.636    1493.18    906.000    896.867     4.1659     4.1657    -0.0001     4.0973     4.0972    -0.0001   3.241869   3.241894   0.000014    34.1874    34.1876     5.4403    27.1296    27.1299    34.1893    27.1312    1481.16    1481.16     4.0971  1031.3051    34.3508 0.0000e+00
      32394 296.203631 -9.990e-29  -52.26964     -1.690    1493.18    905.000    895.879     4.1683     4.1687     0.0004     4.0998     4.1001     0.0004   3.241971   3.242065   0.000071    34.1870    34.1874     5.4362    27.1291    27.1294    34.1885    27.1303    1481.15    1481.16     4.0996  1031.2996    34.3500 0.0000e+00
      32412 296.203640 -9.990e-29  -52.26964     -1.556    1493.18    904.000    894.892     4.1703     4.1716     0.0014     4.1018     4.1031     0.0014   3.242123   3.242279   0.000143    34.1871    34.1874     5.4312    27.1290    27.1291    34.1888    27.1303    1481.15    1481.15     4.1016  1031.2950    34.3503 0.0000e+00
      32460 296.203663  -42.83610  -52.26965     -0.674    1493.18    903.000    893.903     4.1716     4.1703    -0.0013     4.1032     4.1020    -0.0013   3.242166   3.242088  -0.000077    34.1872    34.1877     5.4348    27.1289    27.1294    34.1883    27.1298    1481.14    1481.13     4.1031  1031.2908    34.3509 0.0000e+00
      32523 296.203693  -42.83610  -52.26966     -0.367    1493.18    902.000    892.916     4.1770     4.1757    -0.0013     4.1086     4.1074    -0.0012   3.242594   3.242486  -0.000108    34.1875    34.1875     5.4470    27.1286    27.1287    34.1883    27.1292    1481.14    1481.14     4.1085  1031.2867    34.3525 0.0000e+00
      32542 296.203702  -42.83610  -52.26966     -0.857    1493.18    901.000    891.928     4.1793     4.1800     0.0007     4.1110     4.1118     0.0007   3.242748   3.242843   0.000095    34.1872    34.1876     5.4453    27.1281    27.1283    34.1883    27.1289    1481.13    1481.14     4.1108  1031.2817    34.3523 0.0000e+00
      32559 296.203710  -42.83610  -52.26966     -1.196    1493.18    900.000    890.940     4.1819     4.1822     0.0003     4.1137     4.1139     0.0003   3.242930   3.242991   0.000043    34.1871    34.1873     5.4401    27.1277    27.1279    34.1882    27.1286    1481.13    1481.13     4.1135  1031.2768    34.3523 0.0000e+00
      32575 296.203718  -42.83610  -52.26966     -1.395    1493.18    899.000    889.953     4.1852     4.1860     0.0009     4.1170     4.1179     0.0009   3.243167   3.243285   0.000105    34.1869    34.1873     5.4426    27.1272    27.1274    34.1881    27.1282    1481.13    1481.13     4.1168  1031.2717    34.3521 0.0000e+00
      32594 296.203727  -42.83612  -52.26966     -1.414    1493.18    898.000    888.965     4.1897     4.1896    -0.0001     4.1216     4.1215    -0.0001   3.243520   3.243531   0.000028    34.1868    34.1873     5.4487    27.1267    27.1271    34.1881    27.1277    1481.13    1481.13     4.1214  1031.2666    34.3522 0.0000e+00
      32618 296.203739  -42.83612  -52.26967     -1.157    1493.18    897.000    887.977     4.1926     4.1886    -0.0040     4.1245     4.1206    -0.0040   3.243660   3.243330  -0.000298    34.1864    34.1871     5.4542    27.1261    27.1270    34.1873    27.1267    1481.12    1481.11     4.1244  1031.2610    34.3513 0.0000e+00
      32656 296.203757  -42.83612  -52.26968     -0.676    1493.18    896.000    886.989     4.1960     4.1902    -0.0058     4.1281     4.1223    -0.0058   3.243921   3.243498  -0.000436    34.1862    34.1871     5.4481    27.1255    27.1268    34.1872    27.1263    1481.12    1481.10     4.1279  1031.2559    34.3513 0.0000e+00
      32690 296.203774  -42.83612  -52.26968     -0.651    1493.18    895.000    886.001     4.1980     4.1966    -0.0014     4.1301     4.1287    -0.0014   3.244069   3.243960  -0.000111    34.1866    34.1868     5.4557    27.1256    27.1259    34.1875    27.1263    1481.11    1481.11     4.1299  1031.2513    34.3515 0.0000e+00
      32714 296.203785  -42.83612  -52.26968     -0.884    1493.18    894.000    885.013     4.2021     4.2022     0.0000     4.1343     4.1343     0.0000   3.244336   3.244395   0.000040    34.1861    34.1865     5.4643    27.1248    27.1251    34.1869    27.1254    1481.11    1481.11     4.1341  1031.2457    34.3509 0.0000e+00
      32734 296.203795  -42.83612  -52.26969     -1.092    1493.18    893.000    884.026     4.2043     4.2048     0.0005     4.1365     4.1370     0.0005   3.244494   3.244579   0.000071    34.1860    34.1863     5.4590    27.1245    27.1247    34.1870    27.1252    1481.10    1481.11     4.1363  1031.2409    34.3510 0.0000e+00
      32754 296.203804  -42.83613  -52.26970     -1.189    1493.18    892.000    883.037     4.2079     4.2089     0.0010     4.1402     4.1411     0.0010   3.244772   3.244888   0.000124    34.1860    34.1864     5.4612    27.1240    27.1243    34.1870    27.1249    1481.10    1481.11     4.1400  1031.2360    34.3510 0.0000e+00
      32777 296.203816  -42.83614  -52.26970     -1.126    1493.18    891.000    882.050     4.2105     4.2094    -0.0011     4.1428     4.1418    -0.0011   3.244954   3.244865  -0.000077    34.1860    34.1863     5.4653    27.1239    27.1242    34.1869    27.1246    1481.10    1481.09     4.1427  1031.2310    34.3509 0.0000e+00
      32804 296.203829  -42.83614  -52.26970     -0.950    1493.18    890.000    881.062     4.2115     4.2089    -0.0026     4.1439     4.1414    -0.0025   3.245006   3.244726  -0.000267    34.1863    34.1858     5.4673    27.1239    27.1238    34.1870    27.1245    1481.08    1481.07     4.1438  1031.2263    34.3510 0.0000e+00
      32833 296.203843  -42.83614  -52.26970     -0.833    1493.18    889.000    880.074     4.2139     4.2105    -0.0033     4.1463     4.1430    -0.0033   3.245136   3.244871  -0.000278    34.1860    34.1862     5.4614    27.1234    27.1240    34.1866    27.1239    1481.08    1481.06     4.1462  1031.2212    34.3506 0.0000e+00
      32861 296.203856  -42.83614  -52.26972     -0.840    1493.18    888.000    879.086     4.2147     4.2146    -0.0000     4.1472     4.1472    -0.0000   3.245154   3.245196   0.000013    34.1860    34.1862     5.4673    27.1234    27.1235    34.1865    27.1238    1481.07    1481.06     4.1470  1031.2164    34.3505 0.0000e+00
      32889 296.203870  -42.83614  -52.26972     -0.859    1493.18    887.000    878.098     4.2159     4.2192     0.0033     4.1485     4.1518     0.0032   3.245216   3.245508   0.000303    34.1858    34.1860     5.4719    27.1230    27.1228    34.1865    27.1236    1481.05    1481.07     4.1483  1031.2117    34.3504 0.0000e+00
      32924 296.203886  -42.83614  -52.26972     -0.741    1493.18    886.000    877.110     4.2180     4.2150    -0.0030     4.1507     4.1477    -0.0030   3.245341   3.245108  -0.000208    34.1857    34.1864     5.4684    27.1227    27.1236    34.1862    27.1232    1481.04    1481.03     4.1505  1031.2066    34.3502 0.0000e+00
      32962 296.203905  -42.83614  -52.26972     -0.609    1493.18    885.000    876.123     4.2214     4.2183    -0.0031     4.1542     4.1511    -0.0031   3.245577   3.245383  -0.000215    34.1855    34.1862     5.4644    27.1223    27.1231    34.1860    27.1227    1481.04    1481.03     4.1540  1031.2015    34.3500 0.0000e+00
      32988 296.203917  -42.83616 -9.990e-29     -0.790    1493.18    884.000    875.134     4.2261     4.2273     0.0012     4.1589     4.1601     0.0012   3.245976   3.246123   0.000121    34.1851    34.1853     5.4714    27.1214    27.1215    34.1864    27.1224    1481.04    1481.05     4.1587  1031.1966    34.3504 0.0000e+00
