Pos-Processados/process_op41/Processamento_split/up/uoperantar41_009.cnv
* Sea-Bird SBE 9 Data File:
* FileName = C:\Users\Dell\Desktop\OperantarXLI\config\00_BRUTOS\OPE41009.hdr
* Software Version Seasave V 7.26.7.110
* Temperature SN = 6497
* Conductivity SN = 4954
* Number of Bytes Per Scan = 31
* Number of Voltage Words = 2
* Number of Scans Averaged by the Deck Unit = 1
* NMEA Latitude = 42 49.84 S
* NMEA Longitude = 052 15.44 W
* NMEA UTC (Time) = Oct 23 2022 04:30:44
* NMEA baud rate = 4800
** H41
** Navio Polar Almirante Maximiano
** LH-021/2022
** Operantar XLI
** Número da Estação 009
** Latitude 42 49.421' S
** Longitude 52 14.906' W
** Data/Hora (Z) 23/10/2022 0403Z
** Profundidade local 5745 m
** 09-1439
** Nome do Operador CT Garla
# nquan = 30
# nvalues = 1026                        
# units = specified
# name 0 = scan: Scan Count
# name 1 = timeJ: Julian Days
# name 2 = latitude: Latitude [deg]
# name 3 = longitude: Longitude [deg]
# name 4 = dz/dtM: Descent Rate [m/s]
# name 5 = avgsvCM: Average Sound Velocity [Chen-Millero, m/s]
# name 6 = prDM: Pressure, Digiquartz [db]
# name 7 = depSM: Depth [salt water, m]
# name 8 = t090C: Temperature [ITS-90, deg C]
# name 9 = t190C: Temperature, 2 [ITS-90, deg C]
# name 10 = T2-T190C: Temperature Difference, 2 - 1 [ITS-90, deg C]
# name 11 = potemp090C: Potential Temperature [ITS-90, deg C]
# name 12 = potemp190C: Potential Temperature, 2 [ITS-90, deg C]
# name 13 = potemp90Cdiff: Potential Temperature, Diff, 2 - 1 [ITS-90, deg C]
# name 14 = c0S/m: Conductivity [S/m]
# name 15 = c1S/m: Conductivity, 2 [S/m]
# name 16 = C2-C1S/m: Conductivity Difference, 2 - 1 [S/m]
# name 17 = sal00: Salinity, Practical [PSU]
# name 18 = sal11: Salinity, Practical, 2 [PSU]
# name 19 = sbeox0ML/L: Oxygen, SBE 43 [ml/l]
# name 20 = sigma-é00: Density [sigma-theta, kg/m^3]
# name 21 = sigma-é11: Density, 2 [sigma-theta, kg/m^3]
# name 22 = sal00: Salinity, Practical [PSU]
# name 23 = sigma-é00: Density [sigma-theta, kg/m^3]
# name 24 = svCM: Sound Velocity [Chen-Millero, m/s]
# name 25 = svCM1: Sound Velocity, 2 [Chen-Millero, m/s]
# name 26 = gsw_ptA0: potential temperature [ITS-90, deg C]
# name 27 = gsw_densityA0: density, TEOS-10 [density, kg/m^3]
# name 28 = gsw_saA0: Absolute Salinity [g/kg]
# name 29 = flag:
# span 0 =      28756,      61199       
# span 1 = 296.201877, 296.217522       
# span 2 =  -42.84097,  -42.83555       
# span 3 =  -52.27886,  -52.26879       
# span 4 =     -1.745,     -0.096       
# span 5 =    1493.17,    1493.57       
# span 6 =      3.000,   1028.000       
# span 7 =      2.983,   1017.340       
# span 8 =     3.5805,    14.5355       
# span 9 =     3.5837,    14.5357       
# span 10 =    -0.0683,     0.1485      
# span 11 =     3.5068,    14.5350      
# span 12 =     3.5100,    14.5353      
# span 13 =    -0.0681,     0.1480      
# span 14 =   3.196055,   4.301278      
# span 15 =   3.196236,   4.301260      
# span 16 =  -0.007079,   0.015118      
# span 17 =    34.1626,    35.6141      
# span 18 =    34.1631,    35.6133      
# span 19 =     4.9326,     6.0326      
# span 20 =    26.4617,    27.1984      
# span 21 =    26.4609,    27.1983      
# span 22 =    34.1636,    35.6142      
# span 23 =    26.4620,    27.1987      
# span 24 =    1480.60,    1510.52      
# span 25 =    1480.60,    1510.53      
# span 26 =     3.5067,    14.5350      
# span 27 =  1026.4798,  1031.9452      
# span 28 =    34.3250,    35.7828      
# span 29 = 0.0000e+00, 0.0000e+00      
# interval = decibars: 1                
# start_time = Oct 23 2022 04:30:44 [NMEA time, header]
# bad_flag = -9.990e-29
*END*
[from data line 387]
      39277 296.206950 -9.990e-29  -52.27133     -0.663    1493.18    641.000    634.941     5.2000     5.2042     0.0043     5.1476     5.1519     0.0042   3.319710   3.320067   0.000377    34.1638    34.1638     6.0119    26.9952    26.9947    34.1646    26.9959    1481.01    1481.02     5.1475  1029.9409    34.3260 0.0000e+00
      39316 296.206969 -9.990e-29  -52.27134     -0.613    1493.18    640.000    633.952     5.2086     5.2066    -0.0020     5.1562     5.1543    -0.0020   3.320341   3.320219  -0.000112    34.1629    34.1636     6.0171    26.9936    26.9943    34.1636    26.9941    1481.02    1481.02     5.1561  1029.9344    34.3250 0.0000e+00
      39348 296.206984 -9.990e-29  -52.27136     -0.698    1493.18    639.000    632.963     5.2109     5.2136     0.0027     5.1586     5.1613     0.0027   3.320542   3.320815   0.000272    34.1630    34.1633     6.0268    26.9933    26.9933    34.1640    26.9941    1481.02    1481.03     5.1585  1029.9299    34.3254 0.0000e+00
      39370 296.206995  -42.83712  -52.27136     -0.907    1493.18    638.000    631.974     5.2187     5.2180    -0.0007     5.1665     5.1658    -0.0007   3.321178   3.321140  -0.000026    34.1626    34.1631     6.0282    26.9921    26.9925    34.1638    26.9931    1481.03    1481.03     5.1664  1029.9250    34.3263 0.0000e+00
      39390 296.207005  -42.83712 -9.990e-29     -1.120    1493.18    637.000    630.985     5.2277     5.2254    -0.0024     5.1756     5.1732    -0.0024   3.322054   3.321890  -0.000150    34.1631    34.1638     6.0236    26.9914    26.9922    34.1652    26.9931    1481.05    1481.05     5.1754  1029.9206    34.3281 0.0000e+00
      39408 296.207014  -42.83714 -9.990e-29     -1.252    1493.18    636.000    629.996     5.2489     5.2430    -0.0060     5.1968     5.1908    -0.0060   3.324082   3.323496  -0.000497    34.1641    34.1645     6.0101    26.9897    26.9908    34.1673    26.9923    1481.13    1481.10     5.1966  1029.9149    34.3302 0.0000e+00
      39430 296.207024  -42.83714 -9.990e-29     -1.220    1493.18    635.000    629.007     5.2666     5.2575    -0.0091     5.2145     5.2054    -0.0091   3.325653   3.324956  -0.000759    34.1652    34.1658     6.0097    26.9886    26.9901    34.1678    26.9906    1481.18    1481.15     5.2143  1029.9084    34.3307 0.0000e+00
      39458 296.207038  -42.83714  -52.27138     -0.962    1493.18    634.000    628.018     5.2487     5.2630     0.0143     5.1967     5.2110     0.0142   3.323794   3.325122   0.001278    34.1655    34.1656     6.0326    26.9908    26.9892    34.1652    26.9906    1481.09    1481.15     5.1966  1029.9041    34.3281 0.0000e+00
      39497 296.207057  -42.83714  -52.27140     -0.629    1493.18    633.000    627.029     5.2515     5.2712     0.0197     5.1995     5.2192     0.0196   3.324228   3.326120   0.001870    34.1652    34.1666     6.0232    26.9903    26.9891    34.1679    26.9924    1481.09    1481.17     5.1994  1029.9012    34.3307 0.0000e+00
      39535 296.207075  -42.83716  -52.27142     -0.615    1493.18    632.000    626.036     5.2817     5.2764    -0.0053     5.2298     5.2245    -0.0053   3.326940   3.326540  -0.000335    34.1663    34.1679     6.0249    26.9876    26.9895    34.1687    26.9895    1481.19    1481.17     5.2296  1029.8932    34.3314 0.0000e+00
      39564 296.207088  -42.83716  -52.27142     -0.778    1493.18    631.000    625.051     5.2926     5.2900    -0.0026     5.2407     5.2381    -0.0026   3.327986   3.327800  -0.000215    34.1682    34.1685     6.0252    26.9879    26.9883    34.1700    26.9893    1481.22    1481.22     5.2405  1029.8883    34.3328 0.0000e+00
      39587 296.207100  -42.83716  -52.27142     -0.952    1493.18    630.000    624.062     5.2940     5.2932    -0.0008     5.2422     5.2414    -0.0008   3.328099   3.327951  -0.000133    34.1688    34.1681     6.0211    26.9881    26.9877    34.1704    26.9894    1481.21    1481.21     5.2420  1029.8838    34.3331 0.0000e+00
      39608 296.207110  -42.83716  -52.27144     -1.084    1493.18    629.000    623.072     5.2983     5.2956    -0.0027     5.2465     5.2438    -0.0027   3.328500   3.328286  -0.000199    34.1691    34.1696     6.0163    26.9879    26.9886    34.1711    26.9895    1481.22    1481.21     5.2464  1029.8792    34.3339 0.0000e+00
      39628 296.207119  -42.83716  -52.27144     -1.160    1493.18    628.000    622.083     5.3089     5.3071    -0.0018     5.2571     5.2553    -0.0018   3.329537   3.329377  -0.000118    34.1701    34.1705     6.0147    26.9874    26.9880    34.1727    26.9895    1481.24    1481.24     5.2570  1029.8745    34.3355 0.0000e+00
      39650 296.207130  -42.83716  -52.27146     -1.152    1493.18    627.000    621.094     5.3178     5.3148    -0.0030     5.2660     5.2630    -0.0030   3.330258   3.330084  -0.000180    34.1704    34.1714     6.0108    26.9866    26.9877    34.1725    26.9882    1481.26    1481.25     5.2659  1029.8686    34.3352 0.0000e+00
      39678 296.207144  -42.83718  -52.27146     -0.952    1493.18    626.000    620.105     5.3082     5.3093     0.0011     5.2566     5.2577     0.0011   3.329229   3.329378   0.000102    34.1708    34.1708     6.0095    26.9880    26.9879    34.1709    26.9881    1481.21    1481.21     5.2564  1029.8641    34.3336 0.0000e+00
      39722 296.207165  -42.83718  -52.27147     -0.565    1493.18    625.000    619.117     5.3226     5.3342     0.0115     5.2711     5.2825     0.0115   3.330803   3.331917   0.001085    34.1717    34.1724     5.9985    26.9870    26.9862    34.1747    26.9894    1481.25    1481.30     5.2709  1029.8605    34.3374 0.0000e+00
      39765 296.207185  -42.83718  -52.27148     -0.541    1493.18    624.000    618.127     5.3799     5.3849     0.0050     5.3281     5.3331     0.0050   3.336881   3.337578   0.000742    34.1764    34.1798     5.9968    26.9840    26.9861    34.1864    26.9920    1481.48    1481.51     5.3279  1029.8576    34.3492 0.0000e+00
      39792 296.207199  -42.83719  -52.27149     -0.765    1493.18    623.000    617.138     5.4875     5.4838    -0.0038     5.4353     5.4316    -0.0037   3.347105   3.346942  -0.000156    34.1860    34.1881     5.9853    26.9789    26.9809    34.1941    26.9853    1481.91    1481.90     5.4352  1029.8447    34.3570 0.0000e+00
      39814 296.207209  -42.83720  -52.27150     -0.995    1493.18    622.000    616.148     5.5176     5.5155    -0.0021     5.4653     5.4632    -0.0021   3.350006   3.349837  -0.000047    34.1894    34.1910     5.9846    26.9780    26.9795    34.1972    26.9841    1482.02    1482.01     5.4652  1029.8384    34.3600 0.0000e+00
      39833 296.207218  -42.83720  -52.27151     -1.160    1493.18    621.000    615.159     5.5392     5.5170    -0.0222     5.4869     5.4648    -0.0221   3.352179   3.349884  -0.002202    34.1930    34.1905     5.9694    26.9783    26.9789    34.2005    26.9841    1482.09    1482.00     5.4867  1029.8336    34.3633 0.0000e+00
      39853 296.207228  -42.83720  -52.27152     -1.214    1493.18    620.000    614.170     5.5529     5.5437    -0.0091     5.5006     5.4915    -0.0091   3.353451   3.352696  -0.000807    34.1948    34.1949     5.9310    26.9780    26.9792    34.2015    26.9833    1482.13    1482.10     5.5005  1029.8280    34.3644 0.0000e+00
      39875 296.207239  -42.83720  -52.27152     -1.155    1493.18    619.000    613.181     5.5571     5.5563    -0.0008     5.5049     5.5041    -0.0007   3.353706   3.353644  -0.000058    34.1960    34.1962     5.8866    26.9785    26.9787    34.2006    26.9821    1482.13    1482.13     5.5048  1029.8221    34.3635 0.0000e+00
      39902 296.207252  -42.83722  -52.27153     -0.988    1493.18    618.000    612.192     5.5573     5.5602     0.0029     5.5052     5.5080     0.0028   3.353558   3.354019   0.000341    34.1962    34.1972     5.8530    26.9785    26.9790    34.1992    26.9809    1482.12    1482.13     5.5051  1029.8164    34.3621 0.0000e+00
      39935 296.207267  -42.83722  -52.27154     -0.772    1493.18    617.000    611.203     5.5397     5.5534     0.0137     5.4878     5.5014     0.0136   3.352125   3.353252   0.001111    34.1979    34.1966     5.8421    26.9820    26.9794    34.2013    26.9847    1482.03    1482.08     5.4876  1029.8159    34.3641 0.0000e+00
      39972 296.207286  -42.83722  -52.27155     -0.646    1493.18    616.000    610.214     5.5572     5.5629     0.0056     5.5053     5.5109     0.0056   3.353745   3.354229   0.000489    34.1987    34.1986     5.8408    26.9805    26.9797    34.2024    26.9835    1482.09    1482.11     5.5051  1029.8098    34.3653 0.0000e+00
      40005 296.207301  -42.83722  -52.27156     -0.692    1493.18    615.000    609.225     5.5774     5.5822     0.0048     5.5254     5.5302     0.0047   3.355619   3.356112   0.000530    34.1997    34.2008     5.8484    26.9788    26.9792    34.2038    26.9821    1482.15    1482.17     5.5253  1029.8036    34.3666 0.0000e+00
      40031 296.207314  -42.83723  -52.27157     -0.855    1493.18    614.000    608.235     5.5916     5.5897    -0.0019     5.5397     5.5378    -0.0019   3.356909   3.356765  -0.000132    34.2010    34.2014     5.8538    26.9782    26.9787    34.2046    26.9810    1482.19    1482.19     5.5395  1029.7977    34.3674 0.0000e+00
      40051 296.207323  -42.83724  -52.27158     -1.040    1493.18    613.000    607.246     5.5972     5.5967    -0.0006     5.5453     5.5448    -0.0006   3.357387   3.357370  -0.000005    34.2017    34.2022     5.8523    26.9780    26.9785    34.2047    26.9805    1482.20    1482.20     5.5452  1029.7925    34.3676 0.0000e+00
      40069 296.207332  -42.83724  -52.27158     -1.214    1493.18    612.000    606.257     5.6019     5.6002    -0.0017     5.5501     5.5484    -0.0017   3.357928   3.357722  -0.000113    34.2024    34.2028     5.8457    26.9780    26.9786    34.2066    26.9814    1482.21    1482.20     5.5500  1029.7888    34.3695 0.0000e+00
      40086 296.207340  -42.83724  -52.27158     -1.354    1493.18    611.000    605.268     5.6220     5.6135    -0.0085     5.5702     5.5618    -0.0084   3.359833   3.359192  -0.000681    34.2041    34.2050     5.8343    26.9769    26.9786    34.2083    26.9803    1482.27    1482.24     5.5701  1029.7829    34.3712 0.0000e+00
      40103 296.207349  -42.83725  -52.27159     -1.401    1493.18    610.000    604.279     5.6304     5.6287    -0.0017     5.5786     5.5769    -0.0017   3.360628   3.360541  -0.000103    34.2054    34.2060     5.8254    26.9770    26.9776    34.2094    26.9801    1482.29    1482.29     5.5785  1029.7780    34.3723 0.0000e+00
      40125 296.207359  -42.83726  -52.27160     -1.273    1493.18    609.000    603.290     5.6330     5.6403     0.0073     5.5813     5.5886     0.0073   3.360557   3.361507   0.000782    34.2054    34.2068     5.8206    26.9766    26.9769    34.2065    26.9775    1482.28    1482.31     5.5811  1029.7708    34.3693 0.0000e+00
      40162 296.207377  -42.83725  -52.27162     -0.762    1493.18    608.000    602.302     5.6152     5.6300     0.0148     5.5637     5.5784     0.0147   3.358986   3.360425   0.001370    34.2053    34.2059     5.8116    26.9787    26.9774    34.2072    26.9801    1482.19    1482.26     5.5636  1029.7691    34.3700 0.0000e+00
      40218 296.207404  -42.83724  -52.27163     -0.362    1493.18    607.000    601.311     5.6530     5.6579     0.0049     5.6015     5.6063     0.0048   3.362668   3.363124   0.000561    34.2079    34.2093     5.8122    26.9761    26.9767    34.2111    26.9787    1482.33    1482.35     5.6013  1029.7625    34.3739 0.0000e+00
      40247 296.207418  -42.83725  -52.27164     -0.686    1493.18    606.000    600.322     5.6667     5.6658    -0.0009     5.6151     5.6142    -0.0009   3.364011   3.364002  -0.000002    34.2090    34.2099     5.8132    26.9753    26.9762    34.2130    26.9785    1482.38    1482.37     5.6150  1029.7576    34.3758 0.0000e+00
      40266 296.207427  -42.83726  -52.27164     -1.012    1493.18    605.000    599.333     5.6674     5.6772     0.0098     5.6159     5.6256     0.0097   3.364026   3.364887   0.000992    34.2090    34.2104     5.8120    26.9753    26.9752    34.2129    26.9784    1482.36    1482.40     5.6158  1029.7529    34.3758 0.0000e+00
      40283 296.207435  -42.83726  -52.27164     -1.256    1493.18    604.000    598.344     5.6860     5.6826    -0.0034     5.6345     5.6311    -0.0034   3.365611   3.365373  -0.000231    34.2094    34.2102     5.8072    26.9733    26.9744    34.2125    26.9758    1482.42    1482.41     5.6344  1029.7455    34.3754 0.0000e+00
      40300 296.207444  -42.83728  -52.27166     -1.381    1493.18    603.000    597.354     5.6926     5.6904    -0.0022     5.6412     5.6390    -0.0022   3.366132   3.365949  -0.000136    34.2094    34.2101     5.7960    26.9725    26.9733    34.2123    26.9747    1482.43    1482.42     5.6410  1029.7398    34.3751 0.0000e+00
      40320 296.207453  -42.83729  -52.27166     -1.331    1493.18    602.000    596.365     5.6939     5.6919    -0.0020     5.6425     5.6405    -0.0020   3.366135   3.366050  -0.000106    34.2095    34.2103     5.7847    26.9724    26.9733    34.2115    26.9740    1482.42    1482.41     5.6424  1029.7345    34.3744 0.0000e+00
      40343 296.207464  -42.83730  -52.27167     -1.143    1493.18    601.000    595.376     5.6944     5.6960     0.0016     5.6432     5.6447     0.0016   3.366139   3.366391   0.000235    34.2096    34.2106     5.7817    26.9724    26.9730    34.2115    26.9739    1482.40    1482.41     5.6430  1029.7298    34.3743 0.0000e+00
      40371 296.207478  -42.83730  -52.27168     -0.912    1493.18    600.000    594.387     5.6917     5.7049     0.0132     5.6405     5.6537     0.0132   3.365861   3.367204   0.001263    34.2103    34.2112     5.7911    26.9733    26.9724    34.2116    26.9743    1482.37    1482.43     5.6404  1029.7257    34.3745 0.0000e+00
      40399 296.207491  -42.83730  -52.27170     -0.846    1493.18    599.000    593.398     5.7020     5.7117     0.0096     5.6509     5.6605     0.0096   3.366867   3.367824   0.000944    34.2106    34.2115     5.7964    26.9722    26.9718    34.2130    26.9742    1482.40    1482.44     5.6508  1029.7208    34.3759 0.0000e+00
      40424 296.207503  -42.83730  -52.27170     -0.930    1493.18    598.000    592.408     5.7218     5.7218     0.0001     5.6707     5.6707     0.0001   3.368830   3.368781   0.000068    34.2119    34.2126     5.7933    26.9709    26.9714    34.2158    26.9739    1482.47    1482.47     5.6705  1029.7158    34.3786 0.0000e+00
      40447 296.207515  -42.83730  -52.27170     -1.006    1493.18    597.000    591.419     5.7395     5.7391    -0.0004     5.6884     5.6880    -0.0004   3.370473   3.370557   0.000071    34.2134    34.2146     5.7951    26.9699    26.9709    34.2169    26.9726    1482.52    1482.52     5.6883  1029.7097    34.3797 0.0000e+00
      40477 296.207529  -42.83730  -52.27171     -0.899    1493.18    596.000    590.430     5.7400     5.7441     0.0041     5.6890     5.6931     0.0041   3.370333   3.370843   0.000426    34.2147    34.2153     5.7949    26.9708    26.9709    34.2153    26.9713    1482.51    1482.53     5.6888  1029.7038    34.3782 0.0000e+00
      40518 296.207548  -42.83730  -52.27172     -0.592    1493.18    595.000    589.440     5.7447     5.7620     0.0173     5.6937     5.7109     0.0172   3.370809   3.372608   0.001816    34.2130    34.2160     5.7886    26.9689    26.9692    34.2165    26.9716    1482.51    1482.58     5.6936  1029.6995    34.3793 0.0000e+00
      40551 296.207565  -42.83732  -52.27174     -0.648    1493.18    594.000    588.451     5.7728     5.7780     0.0052     5.7218     5.7270     0.0052   3.373954   3.374532   0.000619    34.2185    34.2202     5.7796    26.9698    26.9705    34.2240    26.9742    1482.62    1482.64     5.7217  1029.6970    34.3869 0.0000e+00
