Pos-Processados/process_op41/Processamento_split/up/uoperantar41_008.cnv
* Sea-Bird SBE 9 Data File:
* FileName = C:\Users\Dell\Desktop\OperantarXLI\config\00_BRUTOS\OP41008.hdr
* Software Version Seasave V 7.26.7.110
* Temperature SN = 6497
* Conductivity SN = 4954
* Number of Bytes Per Scan = 31
* Number of Voltage Words = 2
* Number of Scans Averaged by the Deck Unit = 1
* NMEA Latitude = 42 30.30 S
* NMEA Longitude = 052 37.08 W
* NMEA UTC (Time) = Oct 22 2022 23:44:28
* NMEA baud rate = 4800
** H41
** Navio Polar Almirante Maximiano
** LH-021/2022
** Operantar XLI
** Número da Estação 008
** Latitude 42 30.175S
** Longitude 52 36.384
** Data/Hora (Z) 22/10/2022 2343Z
** Profundidade local 5665
** 09-1439
** Nome do Operador 1T FILIPE LOPES
# nquan = 30
# nvalues = 1021                        
# units = specified
# name 0 = scan: Scan Count
# name 1 = timeJ: Julian Days
# name 2 = latitude: Latitude [deg]
# name 3 = longitude: Longitude [deg]
# name 4 = dz/dtM: Descent Rate [m/s]
# name 5 = avgsvCM: Average Sound Velocity [Chen-Millero, m/s]
# name 6 = prDM: Pressure, Digiquartz [db]
# name 7 = depSM: Depth [salt water, m]
# name 8 = t090C: Temperature [ITS-90, deg C]
# name 9 = t190C: Temperature, 2 [ITS-90, deg C]
# name 10 = T2-T190C: Temperature Difference, 2 - 1 [ITS-90, deg C]
# name 11 = potemp090C: Potential Temperature [ITS-90, deg C]
# name 12 = potemp190C: Potential Temperature, 2 [ITS-90, deg C]
# name 13 = potemp90Cdiff: Potential Temperature, Diff, 2 - 1 [ITS-90, deg C]
# name 14 = c0S/m: Conductivity [S/m]
# name 15 = c1S/m: Conductivity, 2 [S/m]
# name 16 = C2-C1S/m: Conductivity Difference, 2 - 1 [S/m]
# name 17 = sal00: Salinity, Practical [PSU]
# name 18 = sal11: Salinity, Practical, 2 [PSU]
# name 19 = sbeox0ML/L: Oxygen, SBE 43 [ml/l]
# name 20 = sigma-é00: Density [sigma-theta, kg/m^3]
# name 21 = sigma-é11: Density, 2 [sigma-theta, kg/m^3]
# name 22 = sal00: Salinity, Practical [PSU]
# name 23 = sigma-é00: Density [sigma-theta, kg/m^3]
# name 24 = svCM: Sound Velocity [Chen-Millero, m/s]
# name 25 = svCM1: Sound Velocity, 2 [Chen-Millero, m/s]
# name 26 = gsw_ptA0: potential temperature [ITS-90, deg C]
# name 27 = gsw_densityA0: density, TEOS-10 [density, kg/m^3]
# name 28 = gsw_saA0: Absolute Salinity [g/kg]
# name 29 = flag:
# span 0 =      31017,      68183       
# span 1 = 296.004170, 296.022094       
# span 2 =  -42.50855,  -42.50696       
# span 3 =  -52.65680,  -52.63625       
# span 4 =     -1.861,     -0.050       
# span 5 =    1479.23,    1479.23       
# span 6 =      2.000,   1022.000       
# span 7 =      1.984,   1011.453       
# span 8 =     3.0798,    13.9098       
# span 9 =     3.0804,    13.8953       
# span 10 =    -1.1762,     0.0567      
# span 11 =     3.0098,    13.9093      
# span 12 =     3.0105,    13.8949      
# span 13 =    -1.1758,     0.0566      
# span 14 =   3.164762,   4.160909      
# span 15 =   3.164821,   4.160878      
# span 16 =  -0.019916,   0.006170      
# span 17 =    34.1350,    35.0116      
# span 18 =    34.1354,    36.0334      
# span 19 =     4.3688,     6.1815      
# span 20 =    26.0307,    27.3625      
# span 21 =    26.0434,    27.5744      
# span 22 =    34.1358,    35.0194      
# span 23 =    26.0312,    27.3624      
# span 24 =    1474.42,    1502.99      
# span 25 =    1474.43,    1502.94      
# span 26 =     3.0097,    13.9093      
# span 27 =  1026.0448,  1032.0952      
# span 28 =    34.2974,    35.1849      
# span 29 = 0.0000e+00, 0.0000e+00      
# interval = decibars: 1                
# start_time = Oct 22 2022 23:44:28 [NMEA time, header]
# bad_flag = -9.990e-29
*END*
[from data line 629]
      51729 296.014159  -42.50776  -52.64792     -0.674    1479.23    393.000    389.529     4.7708     4.7699    -0.0010     4.7408     4.7398    -0.0010   3.269786   3.269747  -0.000030    34.1513    34.1519     5.9604    27.0316    27.0323    34.1529    27.0330    1475.16    1475.16     4.7407  1028.8485    34.3149 0.0000e+00
      51745 296.014167  -42.50776  -52.64794     -1.117    1479.23    392.000    388.539     4.7747     4.7734    -0.0013     4.7447     4.7434    -0.0013   3.270081   3.270005  -0.000065    34.1514    34.1519     5.9613    27.0313    27.0319    34.1529    27.0325    1475.16    1475.15     4.7446  1028.8435    34.3149 0.0000e+00
      51759 296.014173  -42.50776  -52.64794     -1.443    1479.23    391.000    387.549     4.7781     4.7765    -0.0017     4.7482     4.7465    -0.0017   3.270325   3.270226  -0.000099    34.1515    34.1521     5.9621    27.0310    27.0316    34.1527    27.0319    1475.15    1475.15     4.7481  1028.8383    34.3147 0.0000e+00
      51774 296.014181  -42.50778  -52.64796     -1.620    1479.23    390.000    386.558     4.7798     4.7786    -0.0012     4.7500     4.7488    -0.0012   3.270424   3.270371  -0.000053    34.1515    34.1521     5.9695    27.0309    27.0315    34.1526    27.0317    1475.15    1475.14     4.7499  1028.8334    34.3146 0.0000e+00
      51790 296.014188  -42.50778  -52.64797     -1.624    1479.23    389.000    385.568     4.7807     4.7802    -0.0005     4.7509     4.7505    -0.0005   3.270473   3.270489   0.000023    34.1517    34.1524     5.9689    27.0309    27.0315    34.1528    27.0317    1475.13    1475.13     4.7508  1028.8288    34.3148 0.0000e+00
      51809 296.014198  -42.50778  -52.64798     -1.431    1479.23    388.000    384.578     4.7811     4.7820     0.0009     4.7514     4.7523     0.0009   3.270440   3.270587   0.000120    34.1519    34.1523     5.9648    27.0309    27.0312    34.1525    27.0315    1475.12    1475.12     4.7513  1028.8240    34.3145 0.0000e+00
      51859 296.014222  -42.50777  -52.64800     -0.619    1479.23    387.000    383.593     4.7850     4.7905     0.0055     4.7554     4.7609     0.0055   3.270775   3.271337   0.000543    34.1520    34.1526     5.9567    27.0306    27.0304    34.1529    27.0313    1475.12    1475.14     4.7553  1028.8192    34.3149 0.0000e+00
      51927 296.014254  -42.50776  -52.64803     -0.343    1479.23    386.000    382.590     4.8005     4.8033     0.0028     4.7709     4.7737     0.0028   3.272233   3.272509   0.000303    34.1527    34.1533     5.9578    27.0294    27.0296    34.1544    27.0308    1475.17    1475.18     4.7708  1028.8139    34.3164 0.0000e+00
      51951 296.014266  -42.50776  -52.64805     -0.770    1479.23    385.000    381.607     4.8075     4.8076     0.0000     4.7780     4.7780     0.0000   3.272783   3.272797   0.000037    34.1530    34.1534     5.9597    27.0288    27.0292    34.1541    27.0298    1475.18    1475.18     4.7779  1028.8082    34.3161 0.0000e+00
      51973 296.014277  -42.50776  -52.64806     -1.024    1479.23    384.000    380.617     4.8093     4.8088    -0.0005     4.7798     4.7793    -0.0005   3.272892   3.272887  -0.000010    34.1531    34.1535     5.9638    27.0288    27.0291    34.1541    27.0295    1475.17    1475.17     4.7797  1028.8034    34.3161 0.0000e+00
      51996 296.014288  -42.50776  -52.64808     -1.066    1479.23    383.000    379.627     4.8091     4.8105     0.0014     4.7797     4.7811     0.0014   3.272823   3.273022   0.000180    34.1532    34.1539     5.9652    27.0289    27.0292    34.1540    27.0295    1475.15    1475.16     4.7796  1028.7987    34.3160 0.0000e+00
      52024 296.014301  -42.50777  -52.64809     -0.921    1479.23    382.000    378.636     4.8097     4.8152     0.0055     4.7804     4.7859     0.0055   3.272827   3.273431   0.000554    34.1531    34.1539     5.9730    27.0287    27.0287    34.1539    27.0293    1475.14    1475.16     4.7803  1028.7939    34.3159 0.0000e+00
      52051 296.014314  -42.50778  -52.64810     -0.865    1479.23    381.000    377.646     4.8170     4.8218     0.0048     4.7878     4.7926     0.0048   3.273525   3.273979   0.000520    34.1533    34.1544     5.9739    27.0280    27.0284    34.1550    27.0294    1475.15    1475.17     4.7877  1028.7893    34.3170 0.0000e+00
      52075 296.014326  -42.50778  -52.64811     -0.958    1479.23    380.000    376.656     4.8270     4.8232    -0.0038     4.7978     4.7940    -0.0038   3.274409   3.274164  -0.000236    34.1538    34.1550     5.9769    27.0273    27.0286    34.1556    27.0287    1475.18    1475.16     4.7977  1028.7840    34.3176 0.0000e+00
      52101 296.014339  -42.50778  -52.64813     -0.964    1479.23    379.000    375.668     4.8314     4.8364     0.0050     4.8022     4.8073     0.0050   3.274681   3.275288   0.000538    34.1542    34.1553     5.9791    27.0271    27.0274    34.1547    27.0275    1475.18    1475.20     4.8022  1028.7781    34.3167 0.0000e+00
      52163 296.014368  -42.50778  -52.64816     -0.311    1479.23    378.000    374.672     4.8401     4.8481     0.0080     4.8111     4.8190     0.0080   3.275568   3.276287   0.000727    34.1550    34.1552     5.9752    27.0267    27.0260    34.1565    27.0280    1475.20    1475.23     4.8110  1028.7739    34.3185 0.0000e+00
      52201 296.014387  -42.50778  -52.64818     -0.587    1479.23    377.000    373.685     4.8549     4.8578     0.0029     4.8258     4.8287     0.0029   3.277002   3.277224   0.000294    34.1562    34.1567     5.9792    27.0260    27.0261    34.1585    27.0279    1475.25    1475.26     4.8258  1028.7691    34.3205 0.0000e+00
      52218 296.014395  -42.50778  -52.64819     -0.997    1479.23    376.000    372.695     4.8607     4.8596    -0.0012     4.8317     4.8306    -0.0012   3.277410   3.277309  -0.000073    34.1562    34.1566     5.9756    27.0254    27.0258    34.1577    27.0266    1475.25    1475.25     4.8316  1028.7632    34.3197 0.0000e+00
      52235 296.014403  -42.50778  -52.64820     -1.310    1479.23    375.000    371.704     4.8647     4.8630    -0.0016     4.8357     4.8341    -0.0016   3.277748   3.277626  -0.000102    34.1564    34.1569     5.9710    27.0251    27.0257    34.1582    27.0265    1475.25    1475.25     4.8357  1028.7584    34.3201 0.0000e+00
      52252 296.014411  -42.50778  -52.64820     -1.433    1479.23    374.000    370.714     4.8677     4.8659    -0.0018     4.8389     4.8370    -0.0018   3.277963   3.277847  -0.000120    34.1566    34.1571     5.9652    27.0249    27.0255    34.1581    27.0260    1475.25    1475.24     4.8388  1028.7533    34.3200 0.0000e+00
      52273 296.014421  -42.50778  -52.64821     -1.310    1479.23    373.000    369.723     4.8681     4.8694     0.0014     4.8393     4.8407     0.0014   3.277890   3.278115   0.000189    34.1565    34.1573     5.9623    27.0248    27.0253    34.1573    27.0254    1475.23    1475.24     4.8392  1028.7481    34.3193 0.0000e+00
      52304 296.014436  -42.50778  -52.64824     -0.904    1479.23    372.000    368.735     4.8643     4.8721     0.0078     4.8356     4.8434     0.0078   3.277534   3.278272   0.000723    34.1569    34.1572     5.9631    27.0255    27.0249    34.1576    27.0260    1475.20    1475.23     4.8355  1028.7442    34.3196 0.0000e+00
      52359 296.014463  -42.50778  -52.64826     -0.408    1479.23    371.000    367.744     4.8744     4.8780     0.0037     4.8457     4.8494     0.0036   3.278452   3.278810   0.000364    34.1572    34.1577     5.9679    27.0246    27.0246    34.1584    27.0256    1475.23    1475.24     4.8457  1028.7390    34.3204 0.0000e+00
      52408 296.014487  -42.50778  -52.64829     -0.484    1479.23    370.000    366.745     4.8818     4.8839     0.0021     4.8533     4.8553     0.0021   3.279107   3.279305   0.000236    34.1576    34.1582     5.9903    27.0240    27.0243    34.1588    27.0251    1475.24    1475.25     4.8532  1028.7338    34.3208 0.0000e+00
      52432 296.014498  -42.50779  -52.64831     -0.809    1479.23    369.000    365.762     4.8853     4.8849    -0.0003     4.8568     4.8564    -0.0003   3.279348   3.279340  -0.000001    34.1578    34.1581     5.9884    27.0239    27.0242    34.1586    27.0245    1475.24    1475.24     4.8567  1028.7286    34.3206 0.0000e+00
      52451 296.014507  -42.50780  -52.64832     -1.080    1479.23    368.000    364.772     4.8857     4.8856    -0.0002     4.8573     4.8571    -0.0002   3.279328   3.279349   0.000027    34.1577    34.1582     5.9822    27.0237    27.0241    34.1584    27.0242    1475.23    1475.23     4.8572  1028.7238    34.3204 0.0000e+00
      52471 296.014517  -42.50780  -52.64834     -1.234    1479.23    367.000    363.782     4.8864     4.8861    -0.0003     4.8580     4.8578    -0.0003   3.279348   3.279369   0.000028    34.1578    34.1584     5.9802    27.0237    27.0242    34.1585    27.0243    1475.21    1475.21     4.8580  1028.7192    34.3205 0.0000e+00
      52493 296.014527  -42.50780  -52.64834     -1.191    1479.23    366.000    362.791     4.8873     4.8874     0.0001     4.8590     4.8591     0.0001   3.279351   3.279407   0.000054    34.1575    34.1581     5.9792    27.0234    27.0238    34.1581    27.0238    1475.20    1475.20     4.8590  1028.7141    34.3201 0.0000e+00
      52523 296.014542  -42.50780  -52.64836     -0.902    1479.23    365.000    361.801     4.8858     4.8885     0.0027     4.8577     4.8603     0.0027   3.279187   3.279439   0.000244    34.1578    34.1579     5.9713    27.0237    27.0235    34.1582    27.0241    1475.18    1475.19     4.8576  1028.7098    34.3202 0.0000e+00
      52566 296.014562  -42.50780  -52.64837     -0.570    1479.23    364.000    360.810     4.8894     4.8903     0.0010     4.8613     4.8622     0.0010   3.279407   3.279526   0.000129    34.1571    34.1576     5.9791    27.0227    27.0230    34.1577    27.0232    1475.17    1475.18     4.8612  1028.7043    34.3196 0.0000e+00
      52607 296.014583  -42.50778  -52.64839     -0.558    1479.23    363.000    359.820     4.8917     4.8926     0.0008     4.8637     4.8645     0.0008   3.279556   3.279653   0.000103    34.1569    34.1573     5.9884    27.0223    27.0225    34.1575    27.0228    1475.17    1475.17     4.8636  1028.6993    34.3194 0.0000e+00
      52636 296.014596  -42.50778  -52.64842     -0.750    1479.23    362.000    358.830     4.8943     4.8941    -0.0002     4.8663     4.8661    -0.0002   3.279710   3.279727   0.000023    34.1567    34.1571     5.9890    27.0219    27.0222    34.1572    27.0223    1475.16    1475.16     4.8662  1028.6941    34.3191 0.0000e+00
      52660 296.014608  -42.50778  -52.64842     -0.937    1479.23    361.000    357.839     4.8954     4.8955     0.0001     4.8675     4.8676     0.0001   3.279756   3.279810   0.000054    34.1567    34.1572     5.9888    27.0217    27.0221    34.1571    27.0220    1475.15    1475.15     4.8674  1028.6893    34.3190 0.0000e+00
      52683 296.014619  -42.50780  -52.64844     -1.032    1479.23    360.000    356.849     4.8955     4.8956     0.0001     4.8677     4.8678     0.0001   3.279710   3.279764   0.000059    34.1566    34.1572     5.9891    27.0217    27.0221    34.1569    27.0219    1475.13    1475.13     4.8676  1028.6846    34.3189 0.0000e+00
      52708 296.014631  -42.50780  -52.64846     -1.008    1479.23    359.000    355.859     4.8955     4.8957     0.0002     4.8677     4.8679     0.0002   3.279662   3.279712   0.000052    34.1567    34.1570     5.9935    27.0217    27.0219    34.1569    27.0219    1475.11    1475.12     4.8677  1028.6800    34.3189 0.0000e+00
      52738 296.014646  -42.50780  -52.64848     -0.853    1479.23    358.000    354.868     4.8952     4.8960     0.0009     4.8675     4.8683     0.0009   3.279589   3.279680   0.000089    34.1567    34.1569     5.9977    27.0218    27.0218    34.1569    27.0219    1475.10    1475.10     4.8674  1028.6754    34.3189 0.0000e+00
      52778 296.014665  -42.50780  -52.64849     -0.624    1479.23    357.000    353.878     4.8957     4.8976     0.0019     4.8681     4.8700     0.0019   3.279580   3.279753   0.000167    34.1566    34.1566     5.9932    27.0216    27.0214    34.1568    27.0218    1475.08    1475.09     4.8680  1028.6706    34.3188 0.0000e+00
      52816 296.014683  -42.50780  -52.64852     -0.607    1479.23    356.000    352.887     4.8983     4.8990     0.0007     4.8708     4.8715     0.0007   3.279744   3.279840   0.000098    34.1561    34.1565     5.9981    27.0209    27.0211    34.1565    27.0212    1475.08    1475.08     4.8707  1028.6655    34.3184 0.0000e+00
      52847 296.014698  -42.50780  -52.64853     -0.745    1479.23    355.000    351.897     4.9012     4.9030     0.0018     4.8738     4.8756     0.0018   3.279914   3.280094   0.000172    34.1556    34.1558     5.9998    27.0202    27.0201    34.1560    27.0205    1475.07    1475.08     4.8737  1028.6601    34.3179 0.0000e+00
      52876 296.014712  -42.50780  -52.64854     -0.816    1479.23    354.000    350.906     4.9044     4.9066     0.0022     4.8770     4.8793     0.0022   3.280098   3.280306   0.000205    34.1550    34.1550     5.9991    27.0193    27.0191    34.1554    27.0196    1475.07    1475.08     4.8770  1028.6546    34.3173 0.0000e+00
      52905 296.014726  -42.50780  -52.64856     -0.824    1479.23    353.000    349.916     4.9069     4.9098     0.0028     4.8796     4.8825     0.0028   3.280241   3.280488   0.000253    34.1544    34.1545     6.0093    27.0186    27.0183    34.1550    27.0190    1475.06    1475.07     4.8796  1028.6494    34.3169 0.0000e+00
      52934 296.014740  -42.50780  -52.64857     -0.836    1479.23    352.000    348.926     4.9094     4.9109     0.0015     4.8822     4.8837     0.0015   3.280364   3.280536   0.000172    34.1539    34.1544     6.0215    27.0179    27.0181    34.1543    27.0182    1475.05    1475.06     4.8821  1028.6439    34.3162 0.0000e+00
      52964 296.014755  -42.50780  -52.64859     -0.815    1479.23    351.000    347.935     4.9106     4.9129     0.0023     4.8835     4.8858     0.0023   3.280409   3.280646   0.000227    34.1538    34.1541     6.0274    27.0176    27.0176    34.1542    27.0179    1475.04    1475.05     4.8834  1028.6391    34.3161 0.0000e+00
      52999 296.014772  -42.50780  -52.64862     -0.700    1479.23    350.000    346.945     4.9136     4.9150     0.0014     4.8866     4.8880     0.0014   3.280601   3.280774   0.000181    34.1533    34.1540     6.0207    27.0169    27.0173    34.1538    27.0173    1475.04    1475.04     4.8865  1028.6338    34.3157 0.0000e+00
      53032 296.014787  -42.50781  -52.64863     -0.686    1479.23    349.000    345.954     4.9146     4.9155     0.0009     4.8876     4.8885     0.0009   3.280645   3.280758   0.000119    34.1534    34.1539     6.0370    27.0169    27.0171    34.1538    27.0172    1475.02    1475.03     4.8876  1028.6291    34.3157 0.0000e+00
      53055 296.014799  -42.50782  -52.64865     -0.896    1479.23    348.000    344.964     4.9177     4.9176    -0.0001     4.8909     4.8907    -0.0001   3.280903   3.280926   0.000033    34.1535    34.1540     6.0470    27.0166    27.0170    34.1541    27.0171    1475.02    1475.02     4.8907  1028.6243    34.3160 0.0000e+00
      53075 296.014808  -42.50782  -52.64866     -1.101    1479.23    347.000    343.973     4.9194     4.9187    -0.0007     4.8925     4.8918    -0.0007   3.280991   3.280967  -0.000017    34.1536    34.1541     6.0471    27.0164    27.0169    34.1540    27.0167    1475.01    1475.01     4.8925  1028.6194    34.3159 0.0000e+00
