Pos-Processados/process_op41/Processamento_split/up/uoperantar41_019.cnv
* Sea-Bird SBE 9 Data File:
* FileName = C:\Users\Dell\Desktop\OperantarXLI\config\00_BRUTOS\OPE41019.hdr
* Software Version Seasave V 7.26.7.110
* Temperature SN = 6497
* Conductivity SN = 4954
* Number of Bytes Per Scan = 34
* Number of Voltage Words = 3
* Number of Scans Averaged by the Deck Unit = 1
* NMEA Latitude = 62 55.48 S
* NMEA Longitude = 060 08.48 W
* NMEA UTC (Time) = Nov 11 2022 01:08:15
* NMEA baud rate = 4800
** H41
** Navio Polar Almirante Maximiano
** LH-021/2022
** Operantar XLI
** Número da Estação 019
** Latitude 62 55.478'S
** Longitude 060 08.483' W
** Data/Hora (Z) 11/11/2022 0110Z
** Profundidade local 1020 m
** 09-1439
** Nome do Operador CT Garla
# nquan = 30
# nvalues = 934                         
# units = specified
# name 0 = scan: Scan Count
# name 1 = timeJ: Julian Days
# name 2 = latitude: Latitude [deg]
# name 3 = longitude: Longitude [deg]
# name 4 = dz/dtM: Descent Rate [m/s]
# name 5 = avgsvCM: Average Sound Velocity [Chen-Millero, m/s]
# name 6 = prDM: Pressure, Digiquartz [db]
# name 7 = depSM: Depth [salt water, m]
# name 8 = t090C: Temperature [ITS-90, deg C]
# name 9 = t190C: Temperature, 2 [ITS-90, deg C]
# name 10 = T2-T190C: Temperature Difference, 2 - 1 [ITS-90, deg C]
# name 11 = potemp090C: Potential Temperature [ITS-90, deg C]
# name 12 = potemp190C: Potential Temperature, 2 [ITS-90, deg C]
# name 13 = potemp90Cdiff: Potential Temperature, Diff, 2 - 1 [ITS-90, deg C]
# name 14 = c0S/m: Conductivity [S/m]
# name 15 = c1S/m: Conductivity, 2 [S/m]
# name 16 = C2-C1S/m: Conductivity Difference, 2 - 1 [S/m]
# name 17 = sal00: Salinity, Practical [PSU]
# name 18 = sal11: Salinity, Practical, 2 [PSU]
# name 19 = sbeox0ML/L: Oxygen, SBE 43 [ml/l]
# name 20 = sigma-é00: Density [sigma-theta, kg/m^3]
# name 21 = sigma-é11: Density, 2 [sigma-theta, kg/m^3]
# name 22 = sal00: Salinity, Practical [PSU]
# name 23 = sigma-é00: Density [sigma-theta, kg/m^3]
# name 24 = svCM: Sound Velocity [Chen-Millero, m/s]
# name 25 = svCM1: Sound Velocity, 2 [Chen-Millero, m/s]
# name 26 = gsw_ptA0: potential temperature [ITS-90, deg C]
# name 27 = gsw_densityA0: density, TEOS-10 [density, kg/m^3]
# name 28 = gsw_saA0: Absolute Salinity [g/kg]
# name 29 = flag:
# span 0 =      28446,      55295       
# span 1 = 315.061114, 315.074061       
# span 2 =  -62.92721,  -62.92622       
# span 3 =  -60.13928,  -60.13856       
# span 4 =     -1.367,     -0.140       
# span 5 =    1451.82,    1451.82       
# span 6 =      0.000,    933.000       
# span 7 =      0.001,    921.921       
# span 8 =    -1.2986,    -0.5153       
# span 9 =    -1.2988,    -0.5162       
# span 10 =    -0.0144,     0.0164      
# span 11 =    -1.3065,    -0.5291      
# span 12 =    -1.3066,    -0.5300      
# span 13 =    -0.0143,     0.0163      
# span 14 =   2.765179,   2.858227      
# span 15 =   2.765197,   2.858184      
# span 16 =  -0.001294,   0.001475      
# span 17 =    34.3011,    34.5517      
# span 18 =    34.3018,    34.5518      
# span 19 =     5.7519,     7.4899      
# span 20 =    27.5810,    27.7764      
# span 21 =    27.5815,    27.7765      
# span 22 =    34.3016,    34.5516      
# span 23 =    27.5812,    27.7763      
# span 24 =    1444.26,    1460.89      
# span 25 =    1444.25,    1460.89      
# span 26 =    -1.3062,    -0.5288      
# span 27 =  1027.5861,  1032.2023      
# span 28 =    34.4670,    34.7212      
# span 29 = 0.0000e+00, 0.0000e+00      
# interval = decibars: 1                
# start_time = Nov 11 2022 01:08:15 [NMEA time, header]
# bad_flag = -9.990e-29
*END*
[from data line 194]
      33149 315.063382  -62.92644 -9.990e-29     -0.818    1451.82    739.000    730.564    -0.9311    -0.9336    -0.0025    -0.9561    -0.9586    -0.0025   2.821930   2.821720  -0.000235    34.5188    34.5185     6.1123    27.7617    27.7616    34.5171    27.7604    1456.24    1456.23    -0.9556  1031.2839    34.6888 0.0000e+00
      33172 315.063393  -62.92644 -9.990e-29     -0.938    1451.82    738.000    729.577    -0.9348    -0.9358    -0.0010    -0.9597    -0.9607    -0.0010   2.821576   2.821522  -0.000074    34.5183    34.5184     6.1191    27.7615    27.7616    34.5172    27.7605    1456.20    1456.20    -0.9592  1031.2794    34.6888 0.0000e+00
      33193 315.063403  -62.92644 -9.990e-29     -1.085    1451.82    737.000    728.590    -0.9346    -0.9355    -0.0008    -0.9595    -0.9604    -0.0008   2.821574   2.821478  -0.000094    34.5185    34.5181     6.1183    27.7615    27.7613    34.5175    27.7608    1456.19    1456.18    -0.9590  1031.2750    34.6892 0.0000e+00
      33213 315.063413  -62.92644 -9.990e-29     -1.170    1451.82    736.000    727.603    -0.9334    -0.9345    -0.0011    -0.9583    -0.9593    -0.0011   2.821627   2.821563  -0.000078    34.5182    34.5184     6.1193    27.7613    27.7615    34.5175    27.7608    1456.18    1456.17    -0.9578  1031.2702    34.6892 0.0000e+00
      33234 315.063423  -62.92645 -9.990e-29     -1.170    1451.82    735.000    726.617    -0.9334    -0.9345    -0.0012    -0.9582    -0.9593    -0.0011   2.821595   2.821483  -0.000106    34.5183    34.5182     6.1225    27.7614    27.7613    34.5176    27.7608    1456.16    1456.16    -0.9577  1031.2655    34.6893 0.0000e+00
      33258 315.063434  -62.92646 -9.990e-29     -1.084    1451.82    734.000    725.630    -0.9360    -0.9386    -0.0026    -0.9607    -0.9634    -0.0026   2.821254   2.821042  -0.000227    34.5178    34.5177     6.1249    27.7610    27.7611    34.5165    27.7601    1456.13    1456.12    -0.9602  1031.2601    34.6882 0.0000e+00
      33282 315.063446  -62.92646 -9.990e-29     -0.999    1451.82    733.000    724.643    -0.9424    -0.9433    -0.0009    -0.9671    -0.9680    -0.0009   2.820635   2.820553  -0.000069    34.5173    34.5174     6.1267    27.7609    27.7610    34.5161    27.7600    1456.08    1456.08    -0.9666  1031.2554    34.6878 0.0000e+00
      33305 315.063457  -62.92646  -60.13856     -1.008    1451.82    732.000    723.656    -0.9467    -0.9486    -0.0019    -0.9713    -0.9732    -0.0019   2.820231   2.820054  -0.000178    34.5172    34.5170     6.1307    27.7610    27.7609    34.5161    27.7601    1456.05    1456.04    -0.9708  1031.2507    34.6875 0.0000e+00
      33328 315.063468  -62.92646  -60.13856     -1.052    1451.82    731.000    722.669    -0.9506    -0.9526    -0.0020    -0.9752    -0.9771    -0.0019   2.819763   2.819561  -0.000196    34.5168    34.5164     6.1256    27.7608    27.7606    34.5148    27.7593    1456.01    1456.00    -0.9747  1031.2434    34.6839 0.0000e+00
      33351 315.063479  -62.92646  -60.13856     -1.067    1451.82    730.000    721.682    -0.9601    -0.9649    -0.0048    -0.9845    -0.9893    -0.0048   2.818966   2.818431  -0.000480    34.5164    34.5154     6.1360    27.7609    27.7602    34.5154    27.7601    1455.95    1455.93    -0.9840  1031.2397    34.6845 0.0000e+00
      33376 315.063491  -62.92646  -60.13856     -1.001    1451.82    729.000    720.695    -0.9539    -0.9683    -0.0144    -0.9784    -0.9926    -0.0143   2.819453   2.818118  -0.001294    34.5164    34.5152     6.1418    27.7606    27.7602    34.5156    27.7600    1455.96    1455.89    -0.9778  1031.2348    34.6847 0.0000e+00
      33405 315.063505  -62.92646  -60.13856     -0.860    1451.82    728.000    719.708    -0.9682    -0.9728    -0.0046    -0.9925    -0.9971    -0.0046   2.817999   2.817638  -0.000436    34.5150    34.5144     6.1468    27.7601    27.7598    34.5127    27.7582    1455.88    1455.85    -0.9920  1031.2286    34.6818 0.0000e+00
      33432 315.063518  -62.92646  -60.13856     -0.839    1451.82    727.000    718.721    -0.9754    -0.9765    -0.0011    -0.9997    -1.0008    -0.0011   2.817339   2.817208  -0.000135    34.5143    34.5138     6.1609    27.7598    27.7594    34.5126    27.7584    1455.82    1455.82    -0.9991  1031.2243    34.6817 0.0000e+00
      33456 315.063530  -62.92646  -60.13856     -0.950    1451.82    726.000    717.735    -0.9803    -0.9806    -0.0003    -1.0044    -1.0048    -0.0003   2.816831   2.816817  -0.000029    34.5134    34.5134     6.1659    27.7592    27.7592    34.5119    27.7580    1455.78    1455.78    -1.0039  1031.2193    34.6810 0.0000e+00
      33477 315.063540  -62.92646  -60.13856     -1.073    1451.82    725.000    716.748    -0.9816    -0.9819    -0.0003    -1.0057    -1.0060    -0.0003   2.816668   2.816654  -0.000018    34.5129    34.5130     6.1689    27.7588    27.7590    34.5117    27.7579    1455.76    1455.76    -1.0052  1031.2145    34.6808 0.0000e+00
      33498 315.063550  -62.92646  -60.13856     -1.130    1451.82    724.000    715.761    -0.9796    -0.9818    -0.0022    -1.0037    -1.0059    -0.0022   2.816894   2.816612  -0.000253    34.5136    34.5127     6.1782    27.7594    27.7587    34.5132    27.7590    1455.76    1455.74    -1.0032  1031.2108    34.6822 0.0000e+00
      33522 315.063561  -62.92646  -60.13856     -1.079    1451.82    723.000    714.774    -0.9793    -0.9817    -0.0024    -1.0034    -1.0058    -0.0024   2.816789   2.816577  -0.000231    34.5131    34.5126     6.1833    27.7589    27.7587    34.5120    27.7581    1455.74    1455.73    -1.0029  1031.2052    34.6811 0.0000e+00
      33546 315.063573  -62.92646  -60.13856     -1.000    1451.82    722.000    713.787    -0.9808    -0.9818    -0.0010    -1.0048    -1.0058    -0.0010   2.816611   2.816532  -0.000097    34.5128    34.5126     6.1887    27.7588    27.7586    34.5119    27.7580    1455.72    1455.71    -1.0043  1031.2004    34.6810 0.0000e+00
      33571 315.063585  -62.92646  -60.13856     -0.967    1451.82    721.000    712.800    -0.9816    -0.9822    -0.0006    -1.0056    -1.0062    -0.0006   2.816490   2.816451  -0.000047    34.5125    34.5126     6.1969    27.7586    27.7586    34.5118    27.7579    1455.70    1455.69    -1.0050  1031.1957    34.6808 0.0000e+00
      33595 315.063597  -62.92646  -60.13856     -0.982    1451.82    720.000    711.813    -0.9826    -0.9833    -0.0007    -1.0065    -1.0072    -0.0007   2.816361   2.816285  -0.000068    34.5124    34.5123     6.1935    27.7585    27.7584    34.5117    27.7579    1455.67    1455.67    -1.0060  1031.1910    34.6808 0.0000e+00
      33620 315.063608  -62.92646  -60.13856     -0.995    1451.82    719.000    710.826    -0.9827    -0.9848    -0.0021    -1.0066    -1.0087    -0.0021   2.816299   2.816119  -0.000190    34.5123    34.5121     6.1941    27.7584    27.7583    34.5116    27.7579    1455.66    1455.65    -1.0061  1031.1862    34.6807 0.0000e+00
      33644 315.063620  -62.92646  -60.13856     -0.982    1451.82    718.000    709.839    -0.9846    -0.9848    -0.0002    -1.0085    -1.0087    -0.0002   2.816093   2.816067  -0.000029    34.5121    34.5120     6.1976    27.7584    27.7583    34.5116    27.7579    1455.63    1455.63    -1.0079  1031.1815    34.6807 0.0000e+00
      33669 315.063632  -62.92647  -60.13856     -0.972    1451.82    717.000    708.852    -0.9848    -0.9853    -0.0005    -1.0086    -1.0091    -0.0005   2.816039   2.815986  -0.000060    34.5122    34.5119     6.1957    27.7584    27.7582    34.5116    27.7580    1455.62    1455.61    -1.0080  1031.1769    34.6807 0.0000e+00
      33691 315.063643  -62.92648  -60.13856     -1.015    1451.82    716.000    707.865    -0.9850    -0.9854    -0.0004    -1.0087    -1.0091    -0.0004   2.815963   2.815943  -0.000024    34.5119    34.5120     6.1885    27.7581    27.7582    34.5114    27.7578    1455.60    1455.60    -1.0082  1031.1720    34.6805 0.0000e+00
      33712 315.063653  -62.92648  -60.13856     -1.093    1451.82    715.000    706.878    -0.9847    -0.9851    -0.0003    -1.0084    -1.0088    -0.0003   2.815946   2.815933  -0.000021    34.5119    34.5120     6.1976    27.7582    27.7583    34.5115    27.7578    1455.58    1455.58    -1.0079  1031.1673    34.6806 0.0000e+00
      33732 315.063663  -62.92648  -60.13856     -1.165    1451.82    714.000    705.891    -0.9850    -0.9851    -0.0001    -1.0087    -1.0088    -0.0001   2.815869   2.815874   0.000003    34.5117    34.5119     6.2012    27.7580    27.7582    34.5113    27.7577    1455.56    1455.56    -1.0081  1031.1625    34.6804 0.0000e+00
      33752 315.063672  -62.92648  -60.13856     -1.199    1451.82    713.000    704.905    -0.9849    -0.9852    -0.0003    -1.0086    -1.0089    -0.0003   2.815841   2.815818  -0.000024    34.5119    34.5119     6.1962    27.7581    27.7581    34.5115    27.7579    1455.55    1455.55    -1.0080  1031.1579    34.6806 0.0000e+00
      33773 315.063682  -62.92648  -60.13856     -1.187    1451.82    712.000    703.917    -0.9849    -0.9851    -0.0002    -1.0085    -1.0087    -0.0002   2.815799   2.815780  -0.000024    34.5118    34.5118     6.2032    27.7581    27.7581    34.5115    27.7579    1455.53    1455.53    -1.0080  1031.1532    34.6806 0.0000e+00
      33795 315.063693  -62.92648  -60.13856     -1.139    1451.82    711.000    702.931    -0.9850    -0.9852    -0.0002    -1.0085    -1.0087    -0.0002   2.815751   2.815739  -0.000013    34.5118    34.5118     6.2028    27.7581    27.7581    34.5115    27.7579    1455.51    1455.51    -1.0080  1031.1484    34.6806 0.0000e+00
      33819 315.063705  -62.92648  -60.13856     -1.041    1451.82    710.000    701.944    -0.9850    -0.9851    -0.0002    -1.0085    -1.0086    -0.0002   2.815697   2.815693  -0.000008    34.5117    34.5117     6.2093    27.7580    27.7580    34.5114    27.7578    1455.50    1455.50    -1.0080  1031.1436    34.6805 0.0000e+00
      33846 315.063718  -62.92648  -60.13856     -0.938    1451.82    709.000    700.957    -0.9850    -0.9852    -0.0001    -1.0085    -1.0086    -0.0001   2.815656   2.815642  -0.000015    34.5118    34.5117     6.2045    27.7581    27.7580    34.5115    27.7579    1455.48    1455.48    -1.0079  1031.1390    34.6806 0.0000e+00
      33874 315.063731  -62.92648  -60.13856     -0.876    1451.82    708.000    699.970    -0.9850    -0.9853    -0.0003    -1.0085    -1.0087    -0.0002   2.815609   2.815596  -0.000015    34.5117    34.5118     6.2034    27.7580    27.7580    34.5115    27.7578    1455.47    1455.47    -1.0079  1031.1342    34.6805 0.0000e+00
      33901 315.063744  -62.92648  -60.13856     -0.864    1451.82    707.000    698.983    -0.9852    -0.9854    -0.0002    -1.0086    -1.0088    -0.0002   2.815546   2.815529  -0.000018    34.5116    34.5116     6.2076    27.7579    27.7579    34.5114    27.7578    1455.45    1455.45    -1.0081  1031.1295    34.6805 0.0000e+00
      33925 315.063756  -62.92648  -60.13856     -0.940    1451.82    706.000    697.996    -0.9852    -0.9854    -0.0002    -1.0086    -1.0088    -0.0002   2.815492   2.815482  -0.000012    34.5115    34.5116     6.2063    27.7579    27.7579    34.5113    27.7577    1455.43    1455.43    -1.0080  1031.1246    34.6804 0.0000e+00
      33946 315.063766  -62.92648  -60.13856     -1.064    1451.82    705.000    697.009    -0.9852    -0.9854    -0.0001    -1.0086    -1.0087    -0.0001   2.815440   2.815437  -0.000003    34.5114    34.5115     6.2034    27.7577    27.7578    34.5112    27.7576    1455.41    1455.41    -1.0080  1031.1199    34.6803 0.0000e+00
      33965 315.063775  -62.92648  -60.13856     -1.167    1451.82    704.000    696.022    -0.9851    -0.9854    -0.0002    -1.0084    -1.0086    -0.0002   2.815399   2.815390  -0.000012    34.5113    34.5114     6.2038    27.7577    27.7578    34.5112    27.7575    1455.40    1455.40    -1.0079  1031.1151    34.6802 0.0000e+00
      33984 315.063784  -62.92648  -60.13856     -1.240    1451.82    703.000    695.035    -0.9852    -0.9855    -0.0002    -1.0084    -1.0087    -0.0002   2.815346   2.815348 2.1076e-07    34.5113    34.5116     6.2030    27.7577    27.7579    34.5111    27.7575    1455.38    1455.38    -1.0079  1031.1103    34.6802 0.0000e+00
      34003 315.063793  -62.92648  -60.13856     -1.275    1451.82    702.000    694.048    -0.9852    -0.9853    -0.0002    -1.0084    -1.0085    -0.0002   2.815307   2.815312 -2.662e-07    34.5113    34.5115     6.2091    27.7577    27.7578    34.5112    27.7576    1455.37    1455.36    -1.0079  1031.1056    34.6802 0.0000e+00
      34023 315.063803  -62.92648  -60.13856     -1.237    1451.82    701.000    693.061    -0.9846    -0.9840     0.0006    -1.0077    -1.0072     0.0006   2.815317   2.815364   0.000046    34.5113    34.5112     6.2084    27.7576    27.7575    34.5112    27.7576    1455.35    1455.36    -1.0072  1031.1009    34.6803 0.0000e+00
      34047 315.063815  -62.92648  -60.13856     -1.093    1451.82    700.000    692.074    -0.9844    -0.9838     0.0006    -1.0076    -1.0069     0.0006   2.815275   2.815324   0.000045    34.5112    34.5111     6.2020    27.7575    27.7574    34.5111    27.7575    1455.34    1455.34    -1.0070  1031.0961    34.6801 0.0000e+00
      34073 315.063827  -62.92648  -60.13856     -0.964    1451.82    699.000    691.087    -0.9841    -0.9833     0.0008    -1.0072    -1.0064     0.0008   2.815258   2.815316   0.000058    34.5110    34.5110     6.2018    27.7574    27.7573    34.5111    27.7574    1455.32    1455.33    -1.0067  1031.0913    34.6801 0.0000e+00
      34100 315.063840  -62.92648  -60.13856     -0.895    1451.82    698.000    690.100    -0.9838    -0.9830     0.0009    -1.0068    -1.0060     0.0009   2.815236   2.815297   0.000058    34.5111    34.5109     6.2086    27.7574    27.7573    34.5111    27.7574    1455.31    1455.31    -1.0063  1031.0865    34.6801 0.0000e+00
      34128 315.063854  -62.92648  -60.13856     -0.871    1451.82    697.000    689.113    -0.9825    -0.9822     0.0003    -1.0055    -1.0052     0.0002   2.815281   2.815316   0.000033    34.5106    34.5108     6.2013    27.7570    27.7571    34.5107    27.7571    1455.30    1455.30    -1.0050  1031.0814    34.6797 0.0000e+00
      34155 315.063867  -62.92648  -60.13856     -0.879    1451.82    696.000    688.126    -0.9819    -0.9809     0.0011    -1.0049    -1.0039     0.0011   2.815281   2.815372   0.000086    34.5107    34.5107     6.2115    27.7571    27.7570    34.5107    27.7571    1455.28    1455.29    -1.0044  1031.0767    34.6798 0.0000e+00
      34181 315.063879  -62.92648  -60.13856     -0.907    1451.82    695.000    687.138    -0.9805    -0.9799     0.0006    -1.0035    -1.0028     0.0006   2.815377   2.815427   0.000055    34.5108    34.5108     6.2157    27.7570    27.7570    34.5110    27.7573    1455.27    1455.27    -1.0029  1031.0721    34.6801 0.0000e+00
      34203 315.063890  -62.92648  -60.13856     -0.993    1451.82    694.000    686.151    -0.9789    -0.9790    -0.0000    -1.0018    -1.0019    -0.0000   2.815443   2.815458   0.000014    34.5106    34.5107     6.2169    27.7568    27.7570    34.5107    27.7569    1455.26    1455.26    -1.0013  1031.0670    34.6797 0.0000e+00
      34225 315.063900  -62.92648  -60.13856     -1.081    1451.82    693.000    685.164    -0.9784    -0.9782     0.0002    -1.0013    -1.0011     0.0002   2.815439   2.815471   0.000033    34.5105    34.5107     6.2100    27.7568    27.7569    34.5106    27.7568    1455.25    1455.25    -1.0008  1031.0622    34.6796 0.0000e+00
