Pos-Processados/process_op41/Processamento_split/up/uoperantar41_011.cnv
* Sea-Bird SBE 9 Data File:
* FileName = C:\Users\Dell\Desktop\OperantarXLI\config\00_BRUTOS\OPE41011.hdr
* Software Version Seasave V 7.26.7.110
* Temperature SN = 6497
* Conductivity SN = 4954
* Number of Bytes Per Scan = 31
* Number of Voltage Words = 2
* Number of Scans Averaged by the Deck Unit = 1
* NMEA Latitude = 43 40.98 S
* NMEA Longitude = 051 55.50 W
* NMEA UTC (Time) = Oct 23 2022 13:12:50
* NMEA baud rate = 4800
** H41
** Navio Polar Almirante Maximiano
** LH-021/2022
** Operantar XLI
** Número da Estação 011
** Latitude 43 40.933' S
** Longitude 51 55.205' W
** Data/Hora (Z) 23/10/2022 1313Z
** Profundidade local 5694 m
** 09-1439
** Nome do Operador 1T FILIPE LOPES
# nquan = 30
# nvalues = 57                          
# units = specified
# name 0 = scan: Scan Count
# name 1 = timeJ: Julian Days
# name 2 = latitude: Latitude [deg]
# name 3 = longitude: Longitude [deg]
# name 4 = dz/dtM: Descent Rate [m/s]
# name 5 = avgsvCM: Average Sound Velocity [Chen-Millero, m/s]
# name 6 = prDM: Pressure, Digiquartz [db]
# name 7 = depSM: Depth [salt water, m]
# name 8 = t090C: Temperature [ITS-90, deg C]
# name 9 = t190C: Temperature, 2 [ITS-90, deg C]
# name 10 = T2-T190C: Temperature Difference, 2 - 1 [ITS-90, deg C]
# name 11 = potemp090C: Potential Temperature [ITS-90, deg C]
# name 12 = potemp190C: Potential Temperature, 2 [ITS-90, deg C]
# name 13 = potemp90Cdiff: Potential Temperature, Diff, 2 - 1 [ITS-90, deg C]
# name 14 = c0S/m: Conductivity [S/m]
# name 15 = c1S/m: Conductivity, 2 [S/m]
# name 16 = C2-C1S/m: Conductivity Difference, 2 - 1 [S/m]
# name 17 = sal00: Salinity, Practical [PSU]
# name 18 = sal11: Salinity, Practical, 2 [PSU]
# name 19 = sbeox0ML/L: Oxygen, SBE 43 [ml/l]
# name 20 = sigma-é00: Density [sigma-theta, kg/m^3]
# name 21 = sigma-é11: Density, 2 [sigma-theta, kg/m^3]
# name 22 = sal00: Salinity, Practical [PSU]
# name 23 = sigma-é00: Density [sigma-theta, kg/m^3]
# name 24 = svCM: Sound Velocity [Chen-Millero, m/s]
# name 25 = svCM1: Sound Velocity, 2 [Chen-Millero, m/s]
# name 26 = gsw_ptA0: potential temperature [ITS-90, deg C]
# name 27 = gsw_densityA0: density, TEOS-10 [density, kg/m^3]
# name 28 = gsw_saA0: Absolute Salinity [g/kg]
# name 29 = flag:
# span 0 =       6437,      11514       
# span 1 = 296.553683, 296.556131       
# span 2 =  -43.68383,  -43.68354       
# span 3 =  -51.92584,  -51.92576       
# span 4 =     -1.265,     -0.138       
# span 5 =    1505.81,    1505.81       
# span 6 =      1.000,     57.000       
# span 7 =      1.117,     56.538       
# span 8 =    14.3216,    14.3404       
# span 9 =    14.3219,    14.3393       
# span 10 =    -0.0021,     0.0018      
# span 11 =    14.3168,    14.3400      
# span 12 =    14.3170,    14.3390      
# span 13 =    -0.0021,     0.0018      
# span 14 =   4.286653,   4.288885      
# span 15 =   4.286781,   4.288836      
# span 16 =  -0.000259,   0.000152      
# span 17 =    35.5628,    35.5639      
# span 18 =    35.5623,    35.5637      
# span 19 =     5.4546,     5.5027      
# span 20 =    26.5504,    26.5551      
# span 21 =    26.5502,    26.5545      
# span 22 =    35.5629,    35.5641      
# span 23 =    26.5503,    26.5551      
# span 24 =    1505.21,    1506.13      
# span 25 =    1505.22,    1506.13      
# span 26 =    14.3168,    14.3400      
# span 27 =  1026.5619,  1026.8102      
# span 28 =    35.7308,    35.7320      
# span 29 = 0.0000e+00, 0.0000e+00      
# interval = decibars: 1                
# start_time = Oct 23 2022 13:12:50 [NMEA time, header]
# bad_flag = -9.990e-29
*END*
[from data line 49]
      10645 296.555712  -43.68378  -51.92576     -0.484    1505.81      8.000      7.936    14.3313    14.3323     0.0010    14.3301    14.3311     0.0010   4.287323   4.287323   0.000019    35.5638    35.5631     5.4917    26.5526    26.5519    35.5640    26.5528    1505.34    1505.34    14.3301  1026.5922    35.7319 0.0000e+00
      10681 296.555729  -43.68378  -51.92576     -0.661    1505.81      7.000      6.947    14.3356    14.3350    -0.0006    14.3345    14.3339    -0.0006   4.287688   4.287572  -0.000116    35.5638    35.5632     5.4919    26.5517    26.5514    35.5639    26.5518    1505.34    1505.33    14.3345  1026.5868    35.7318 0.0000e+00
      10756 296.555765  -43.68380  -51.92576     -0.293    1505.81      6.000      5.951    14.3389    14.3389    -0.0000    14.3381    14.3381    -0.0000   4.287964   4.287922  -0.000048    35.5637    35.5632     5.4812    26.5508    26.5505    35.5637    26.5509    1505.33    1505.33    14.3381  1026.5815    35.7317 0.0000e+00
      10833 296.555803  -43.68379  -51.92576     -0.348    1505.81      5.000      4.960    14.3404    14.3383    -0.0021    14.3396    14.3376    -0.0021   4.288047   4.287790  -0.000259    35.5636    35.5631     5.4832    26.5504    26.5505    35.5636    26.5505    1505.32    1505.31    14.3396  1026.5766    35.7315 0.0000e+00
      10871 296.555821  -43.68378  -51.92576     -0.599    1505.81      4.000      3.972    14.3375    14.3378     0.0003    14.3369    14.3373     0.0003   4.287722   4.287706  -0.000023    35.5637    35.5632     5.4660    26.5511    26.5507    35.5637    26.5511    1505.29    1505.29    14.3369  1026.5729    35.7316 0.0000e+00
      10928 296.555848  -43.68379  -51.92576     -0.411    1505.81      3.000      2.976    14.3404    14.3393    -0.0011    14.3400    14.3389    -0.0011   4.287984   4.287827  -0.000140    35.5636    35.5633     5.4924    26.5504    26.5503    35.5639    26.5506    1505.28    1505.28    14.3400  1026.5679    35.7318 0.0000e+00
      11028 296.555896  -43.68380  -51.92576     -0.483    1505.81      2.000      1.972    14.3400    14.3393    -0.0007    14.3397    14.3390    -0.0007   4.287854   4.287741  -0.000118    35.5635    35.5631     5.4892    26.5504    26.5502    35.5635    26.5503    1505.27    1505.26    14.3397  1026.5632    35.7314 0.0000e+00
      11514 296.556131  -43.68383  -51.92576     -1.265    1505.81      1.000      1.117    14.3277    14.3294     0.0018    14.3275    14.3293     0.0018   4.286653   4.286781   0.000152    35.5639    35.5637     5.4803    26.5533    26.5527    35.5641    26.5534    1505.21    1505.22    14.3275  1026.5619    35.7320 0.0000e+00
