Pos-Processados/process_op41/Processamento_split/up/uoperantar41_021.cnv
* Sea-Bird SBE 9 Data File:
* FileName = C:\Users\Dell\Desktop\OperantarXLI\config\00_BRUTOS\OPE41021.hdr
* Software Version Seasave V 7.26.7.110
* Temperature SN = 6497
* Conductivity SN = 4954
* Number of Bytes Per Scan = 34
* Number of Voltage Words = 3
* Number of Scans Averaged by the Deck Unit = 1
* NMEA Latitude = 62 21.63 S
* NMEA Longitude = 057 56.66 W
* NMEA UTC (Time) = Nov 11 2022 10:57:30
* NMEA baud rate = 4800
** H41
** Navio Polar Almirante Maximiano
** LH-021/2022
** Operantar XLI
** Número da Estação 021
** Latitude 62 21.943S
** Longitude 057 58.115W
** Data/Hora (Z) 11/11/2022  1100Z
** Profundidade local 1900
** 09-1439
** Nome do Operador 1T FILIPE LOPES
# nquan = 30
# nvalues = 1810                        
# units = specified
# name 0 = scan: Scan Count
# name 1 = timeJ: Julian Days
# name 2 = latitude: Latitude [deg]
# name 3 = longitude: Longitude [deg]
# name 4 = dz/dtM: Descent Rate [m/s]
# name 5 = avgsvCM: Average Sound Velocity [Chen-Millero, m/s]
# name 6 = prDM: Pressure, Digiquartz [db]
# name 7 = depSM: Depth [salt water, m]
# name 8 = t090C: Temperature [ITS-90, deg C]
# name 9 = t190C: Temperature, 2 [ITS-90, deg C]
# name 10 = T2-T190C: Temperature Difference, 2 - 1 [ITS-90, deg C]
# name 11 = potemp090C: Potential Temperature [ITS-90, deg C]
# name 12 = potemp190C: Potential Temperature, 2 [ITS-90, deg C]
# name 13 = potemp90Cdiff: Potential Temperature, Diff, 2 - 1 [ITS-90, deg C]
# name 14 = c0S/m: Conductivity [S/m]
# name 15 = c1S/m: Conductivity, 2 [S/m]
# name 16 = C2-C1S/m: Conductivity Difference, 2 - 1 [S/m]
# name 17 = sal00: Salinity, Practical [PSU]
# name 18 = sal11: Salinity, Practical, 2 [PSU]
# name 19 = sbeox0ML/L: Oxygen, SBE 43 [ml/l]
# name 20 = sigma-é00: Density [sigma-theta, kg/m^3]
# name 21 = sigma-é11: Density, 2 [sigma-theta, kg/m^3]
# name 22 = sal00: Salinity, Practical [PSU]
# name 23 = sigma-é00: Density [sigma-theta, kg/m^3]
# name 24 = svCM: Sound Velocity [Chen-Millero, m/s]
# name 25 = svCM1: Sound Velocity, 2 [Chen-Millero, m/s]
# name 26 = gsw_ptA0: potential temperature [ITS-90, deg C]
# name 27 = gsw_densityA0: density, TEOS-10 [density, kg/m^3]
# name 28 = gsw_saA0: Absolute Salinity [g/kg]
# name 29 = flag:
# span 0 =      67753,     128328       
# span 1 = 315.489271, 315.518483       
# span 2 =  -62.35735,  -62.35185       
# span 3 =  -57.90589,  -57.87520       
# span 4 =     -1.893,      0.077       
# span 5 =    1459.49,    1459.49       
# span 6 =      0.000,   1809.000       
# span 7 =      0.189,   1783.889       
# span 8 =    -1.4295,     0.4501       
# span 9 =    -1.4297,     0.4497       
# span 10 =    -0.0176,     0.0138      
# span 11 =    -1.5011,     0.4400      
# span 12 =    -1.5013,     0.4396      
# span 13 =    -0.0176,     0.0138      
# span 14 =   2.776739,   2.919845      
# span 15 =   2.776569,   2.919851      
# span 16 =  -0.001412,   0.001165      
# span 17 =    34.3253,    34.5609      
# span 18 =    34.3256,    34.5609      
# span 19 =     5.1731,     7.6022      
# span 20 =    27.5917,    27.8152      
# span 21 =    27.5919,    27.8152      
# span 22 =    34.3259,    34.5609      
# span 23 =    27.5920,    27.8153      
# span 24 =    1445.27,    1471.75      
# span 25 =    1445.27,    1471.75      
# span 26 =    -1.4998,     0.4400      
# span 27 =  1027.5977,  1036.3542      
# span 28 =    34.4917,    34.7322      
# span 29 = 0.0000e+00, 0.0000e+00      
# interval = decibars: 1                
# start_time = Nov 11 2022 10:57:30 [NMEA time, header]
# bad_flag = -9.990e-29
*END*
[from data line 532]
      81987 315.496135  -62.35610  -57.89822     -1.118    1459.49   1277.000   1260.858    -1.0672    -1.0670     0.0002    -1.1154    -1.1152     0.0002   2.836496   2.836524   0.000026    34.5539    34.5541     6.1355    27.7963    27.7964    34.5542    27.7965    1464.56    1464.56    -1.1145  1033.8469    34.7245 0.0000e+00
      82007 315.496145  -62.35610  -57.89821     -1.246    1459.49   1276.000   1259.874    -1.0668    -1.0658     0.0010    -1.1149    -1.1139     0.0010   2.836479   2.836583   0.000094    34.5538    34.5539     6.1400    27.7962    27.7962    34.5541    27.7964    1464.54    1464.55    -1.1141  1033.8421    34.7244 0.0000e+00
      82045 315.496163  -62.35610  -57.89818     -0.780    1459.49   1275.000   1258.889    -1.0662    -1.0655     0.0006    -1.1143    -1.1136     0.0006   2.836503   2.836561   0.000060    34.5540    34.5541     6.1321    27.7963    27.7963    34.5542    27.7965    1464.53    1464.53    -1.1134  1033.8375    34.7246 0.0000e+00
      82095 315.496187  -62.35610  -57.89816     -0.376    1459.49   1274.000   1257.904    -1.0645    -1.0650    -0.0004    -1.1126    -1.1130    -0.0004   2.836584   2.836561  -0.000021    34.5539    34.5541     6.1201    27.7961    27.7963    34.5540    27.7963    1464.52    1464.52    -1.1117  1033.8325    34.7244 0.0000e+00
      82114 315.496197  -62.35610  -57.89816     -0.870    1459.49   1273.000   1256.920    -1.0645    -1.0646    -0.0002    -1.1125    -1.1126    -0.0002   2.836548   2.836549   0.000001    34.5539    34.5541     6.1141    27.7962    27.7964    34.5541    27.7963    1464.50    1464.50    -1.1116  1033.8279    34.7244 0.0000e+00
      82134 315.496206  -62.35610  -57.89814     -1.159    1459.49   1272.000   1255.937    -1.0646    -1.0647    -0.0001    -1.1126    -1.1127    -0.0001   2.836494   2.836495   0.000002    34.5540    34.5541     6.1279    27.7962    27.7963    34.5541    27.7963    1464.48    1464.48    -1.1117  1033.8232    34.7244 0.0000e+00
      82159 315.496218  -62.35610  -57.89812     -1.090    1459.49   1271.000   1254.957    -1.0648    -1.0647     0.0001    -1.1127    -1.1126     0.0001   2.836447   2.836464   0.000011    34.5541    34.5542     6.1300    27.7963    27.7964    34.5542    27.7964    1464.47    1464.47    -1.1118  1033.8187    34.7245 0.0000e+00
      82196 315.496236  -62.35608  -57.89810     -0.663    1459.49   1270.000   1253.962    -1.0633    -1.0634    -0.0002    -1.1112    -1.1113    -0.0002   2.836524   2.836530   0.000011    34.5539    34.5542     6.1242    27.7961    27.7964    34.5541    27.7963    1464.46    1464.46    -1.1103  1033.8139    34.7245 0.0000e+00
      82223 315.496249  -62.35608  -57.89809     -0.749    1459.49   1269.000   1252.983    -1.0622    -1.0626    -0.0004    -1.1100    -1.1104    -0.0004   2.836580   2.836545  -0.000028    34.5539    34.5540     6.1278    27.7961    27.7962    34.5542    27.7963    1464.45    1464.44    -1.1092  1033.8091    34.7245 0.0000e+00
      82243 315.496258  -62.35608  -57.89807     -1.048    1459.49   1268.000   1251.998    -1.0609    -1.0614    -0.0005    -1.1087    -1.1092    -0.0005   2.836645   2.836621  -0.000035    34.5539    34.5541     6.1209    27.7960    27.7962    34.5541    27.7962    1464.44    1464.43    -1.1078  1033.8043    34.7245 0.0000e+00
      82263 315.496268  -62.35608  -57.89805     -1.202    1459.49   1267.000   1251.014    -1.0605    -1.0596     0.0009    -1.1083    -1.1074     0.0009   2.836621   2.836718   0.000087    34.5539    34.5540     6.1134    27.7960    27.7961    34.5540    27.7961    1464.42    1464.43    -1.1074  1033.7995    34.7243 0.0000e+00
      82297 315.496285  -62.35608  -57.89803     -0.853    1459.49   1266.000   1250.034    -1.0601    -1.0592     0.0009    -1.1078    -1.1069     0.0009   2.836627   2.836715   0.000091    34.5540    34.5542     6.1229    27.7961    27.7962    34.5542    27.7962    1464.41    1464.41    -1.1069  1033.7950    34.7245 0.0000e+00
      82347 315.496309  -62.35608  -57.89801     -0.412    1459.49   1265.000   1249.042    -1.0583    -1.0586    -0.0004    -1.1060    -1.1063    -0.0004   2.836736   2.836717  -0.000017    34.5540    34.5542     6.1211    27.7960    27.7961    34.5541    27.7961    1464.40    1464.40    -1.1051  1033.7901    34.7245 0.0000e+00
      82377 315.496323  -62.35608  -57.89800     -0.727    1459.49   1264.000   1248.061    -1.0582    -1.0584    -0.0002    -1.1058    -1.1060    -0.0002   2.836696   2.836696   0.000001    34.5540    34.5542     6.1252    27.7960    27.7962    34.5541    27.7961    1464.38    1464.38    -1.1050  1033.7854    34.7244 0.0000e+00
      82405 315.496337  -62.35607  -57.89798     -0.841    1459.49   1263.000   1247.077    -1.0578    -1.0579    -0.0001    -1.1054    -1.1055    -0.0001   2.836695   2.836701   0.000007    34.5540    34.5542     6.1152    27.7960    27.7962    34.5542    27.7961    1464.37    1464.37    -1.1045  1033.7808    34.7246 0.0000e+00
      82431 315.496350  -62.35606  -57.89797     -0.875    1459.49   1262.000   1246.092    -1.0569    -1.0571    -0.0001    -1.1045    -1.1046    -0.0001   2.836719   2.836714  -0.000003    34.5540    34.5541     6.1011    27.7959    27.7961    34.5541    27.7960    1464.36    1464.36    -1.1036  1033.7760    34.7245 0.0000e+00
      82458 315.496362  -62.35606  -57.89796     -0.918    1459.49   1261.000   1245.108    -1.0569    -1.0568     0.0001    -1.1044    -1.1043     0.0001   2.836686   2.836702   0.000014    34.5541    34.5542     6.1242    27.7960    27.7961    34.5542    27.7961    1464.34    1464.34    -1.1035  1033.7714    34.7246 0.0000e+00
      82490 315.496378  -62.35606  -57.89795     -0.807    1459.49   1260.000   1244.125    -1.0559    -1.0557     0.0002    -1.1034    -1.1032     0.0002   2.836722   2.836749   0.000026    34.5540    34.5541     6.1174    27.7959    27.7960    34.5542    27.7960    1464.33    1464.33    -1.1025  1033.7666    34.7245 0.0000e+00
      82521 315.496393  -62.35606  -57.89792     -0.710    1459.49   1259.000   1243.139    -1.0550    -1.0552    -0.0002    -1.1024    -1.1026    -0.0002   2.836759   2.836760   0.000005    34.5540    34.5542     6.1221    27.7958    27.7961    34.5541    27.7960    1464.31    1464.31    -1.1015  1033.7619    34.7245 0.0000e+00
      82543 315.496403  -62.35606  -57.89790     -0.933    1459.49   1258.000   1242.154    -1.0544    -1.0546    -0.0001    -1.1018    -1.1019    -0.0001   2.836752   2.836753 2.7898e-07    34.5539    34.5540     6.1278    27.7958    27.7959    34.5541    27.7959    1464.30    1464.30    -1.1009  1033.7571    34.7244 0.0000e+00
      82564 315.496413  -62.35606  -57.89788     -1.108    1459.49   1257.000   1241.170    -1.0545    -1.0545     0.0000    -1.1018    -1.1018     0.0000   2.836709   2.836729   0.000015    34.5540    34.5542     6.1041    27.7959    27.7960    34.5541    27.7959    1464.28    1464.28    -1.1010  1033.7525    34.7245 0.0000e+00
      82597 315.496429  -62.35604  -57.89786     -0.862    1459.49   1256.000   1240.188    -1.0547    -1.0548    -0.0001    -1.1020    -1.1020    -0.0001   2.836655   2.836654   0.000001    34.5541    34.5542     6.1176    27.7959    27.7960    34.5542    27.7960    1464.27    1464.27    -1.1011  1033.7478    34.7245 0.0000e+00
      82648 315.496454  -62.35604  -57.89784     -0.330    1459.49   1255.000   1239.201    -1.0545    -1.0547    -0.0002    -1.1018    -1.1019    -0.0002   2.836622   2.836618  -0.000004    34.5540    34.5542     6.1204    27.7958    27.7960    34.5541    27.7959    1464.25    1464.25    -1.1009  1033.7431    34.7244 0.0000e+00
      82670 315.496465  -62.35604  -57.89783     -0.803    1459.49   1254.000   1238.217    -1.0542    -1.0544    -0.0002    -1.1014    -1.1016    -0.0002   2.836615   2.836606  -0.000007    34.5541    34.5542     6.1191    27.7959    27.7960    34.5542    27.7960    1464.23    1464.23    -1.1005  1033.7385    34.7245 0.0000e+00
      82697 315.496478  -62.35604  -57.89782     -0.960    1459.49   1253.000   1237.235    -1.0542    -1.0542    -0.0000    -1.1013    -1.1013    -0.0000   2.836569   2.836579   0.000008    34.5541    34.5542     6.1133    27.7959    27.7960    34.5542    27.7959    1464.22    1464.22    -1.1005  1033.7338    34.7245 0.0000e+00
      82749 315.496503  -62.35604  -57.89780     -0.362    1459.49   1252.000   1236.240    -1.0538    -1.0542    -0.0003    -1.1009    -1.1012    -0.0003   2.836547   2.836545   0.000001    34.5540    34.5543     6.1180    27.7958    27.7961    34.5540    27.7958    1464.20    1464.20    -1.1000  1033.7290    34.7243 0.0000e+00
      82773 315.496514  -62.35604  -57.89779     -0.694    1459.49   1251.000   1235.263    -1.0535    -1.0538    -0.0003    -1.1006    -1.1009    -0.0003   2.836528   2.836514  -0.000016    34.5540    34.5541     6.1170    27.7958    27.7959    34.5540    27.7958    1464.19    1464.19    -1.0997  1033.7242    34.7243 0.0000e+00
      82790 315.496523  -62.35604  -57.89778     -1.127    1459.49   1250.000   1234.279    -1.0529    -1.0532    -0.0002    -1.0999    -1.1002    -0.0002   2.836538   2.836521  -0.000014    34.5540    34.5541     6.1149    27.7957    27.7958    34.5540    27.7958    1464.17    1464.17    -1.0990  1033.7196    34.7243 0.0000e+00
      82806 315.496530  -62.35604  -57.89776     -1.399    1459.49   1249.000   1233.294    -1.0524    -1.0524    -0.0000    -1.0993    -1.0994    -0.0000   2.836545   2.836553   0.000005    34.5540    34.5541     6.1261    27.7957    27.7958    34.5541    27.7958    1464.16    1464.16    -1.0985  1033.7149    34.7244 0.0000e+00
      82822 315.496538  -62.35603  -57.89775     -1.491    1459.49   1248.000   1232.310    -1.0524    -1.0522     0.0003    -1.0994    -1.0991     0.0003   2.836502   2.836537   0.000031    34.5541    34.5542     6.1333    27.7958    27.7959    34.5541    27.7959    1464.14    1464.14    -1.0985  1033.7103    34.7245 0.0000e+00
      82857 315.496555  -62.35602  -57.89772     -0.946    1459.49   1247.000   1231.331    -1.0520    -1.0517     0.0002    -1.0988    -1.0986     0.0002   2.836504   2.836542   0.000037    34.5541    34.5543     6.1146    27.7958    27.7960    34.5542    27.7959    1464.13    1464.13    -1.0980  1033.7056    34.7245 0.0000e+00
      82921 315.496586  -62.35602  -57.89769     -0.230    1459.49   1246.000   1230.337    -1.0500    -1.0506    -0.0005    -1.0969    -1.0974    -0.0005   2.836617   2.836583  -0.000032    34.5540    34.5542     6.1203    27.7957    27.7958    34.5541    27.7957    1464.12    1464.12    -1.0960  1033.7008    34.7245 0.0000e+00
      82948 315.496599  -62.35602  -57.89768     -0.727    1459.49   1245.000   1229.356    -1.0492    -1.0493    -0.0000    -1.0960    -1.0961    -0.0000   2.836645   2.836640  -0.000004    34.5540    34.5540     6.1222    27.7956    27.7956    34.5542    27.7957    1464.11    1464.11    -1.0951  1033.6960    34.7245 0.0000e+00
      82974 315.496611  -62.35602  -57.89768     -0.902    1459.49   1244.000   1228.371    -1.0489    -1.0490    -0.0000    -1.0957    -1.0957    -0.0000   2.836627   2.836632   0.000003    34.5541    34.5542     6.1275    27.7957    27.7957    34.5541    27.7957    1464.09    1464.09    -1.0948  1033.6914    34.7245 0.0000e+00
      83001 315.496624  -62.35602  -57.89766     -0.900    1459.49   1243.000   1227.387    -1.0485    -1.0484     0.0001    -1.0952    -1.0951     0.0001   2.836622   2.836643   0.000016    34.5540    34.5541     6.1059    27.7956    27.7957    34.5541    27.7957    1464.08    1464.08    -1.0943  1033.6866    34.7245 0.0000e+00
      83025 315.496636  -62.35602  -57.89764     -0.944    1459.49   1242.000   1226.402    -1.0467    -1.0458     0.0010    -1.0934    -1.0924     0.0010   2.836733   2.836824   0.000091    34.5540    34.5541     6.1050    27.7955    27.7955    34.5542    27.7957    1464.07    1464.08    -1.0925  1033.6819    34.7246 0.0000e+00
      83045 315.496645  -62.35602  -57.89764     -1.072    1459.49   1241.000   1225.418    -1.0452    -1.0449     0.0003    -1.0918    -1.0915     0.0003   2.836818   2.836846   0.000028    34.5539    34.5540     6.1116    27.7954    27.7955    34.5542    27.7956    1464.06    1464.06    -1.0910  1033.6771    34.7245 0.0000e+00
      83062 315.496654  -62.35602  -57.89763     -1.238    1459.49   1240.000   1224.433    -1.0442    -1.0440     0.0002    -1.0908    -1.0906     0.0002   2.836843   2.836874   0.000028    34.5538    34.5539     6.1162    27.7953    27.7954    34.5540    27.7954    1464.05    1464.05    -1.0900  1033.6722    34.7243 0.0000e+00
      83080 315.496662  -62.35601  -57.89761     -1.353    1459.49   1239.000   1223.449    -1.0448    -1.0437     0.0010    -1.0913    -1.0903     0.0010   2.836768   2.836863   0.000089    34.5541    34.5541     6.1161    27.7955    27.7955    34.5542    27.7956    1464.03    1464.04    -1.0905  1033.6677    34.7245 0.0000e+00
      83106 315.496675  -62.35600  -57.89759     -1.124    1459.49   1238.000   1222.479    -1.0445    -1.0437     0.0007    -1.0910    -1.0902     0.0007   2.836758   2.836814   0.000056    34.5541    34.5541     6.1194    27.7955    27.7954    34.5543    27.7956    1464.01    1464.02    -1.0901  1033.6631    34.7246 0.0000e+00
      83171 315.496706  -62.35600  -57.89755     -0.184    1459.49   1237.000   1221.462    -1.0433    -1.0436    -0.0003    -1.0898    -1.0901    -0.0003   2.836797   2.836785  -0.000010    34.5539    34.5541     6.0978    27.7953    27.7955    34.5541    27.7955    1464.00    1464.00    -1.0889  1033.6582    34.7244 0.0000e+00
      83195 315.496718  -62.35600  -57.89754     -0.720    1459.49   1236.000   1220.488    -1.0430    -1.0432    -0.0002    -1.0894    -1.0896    -0.0002   2.836782   2.836768  -0.000016    34.5540    34.5540     6.1139    27.7954    27.7954    34.5541    27.7954    1463.99    1463.99    -1.0886  1033.6535    34.7244 0.0000e+00
      83217 315.496728  -62.35600  -57.89752     -1.041    1459.49   1235.000   1219.511    -1.0431    -1.0432    -0.0002    -1.0894    -1.0896    -0.0002   2.836736   2.836721  -0.000014    34.5541    34.5541     6.1191    27.7954    27.7955    34.5541    27.7955    1463.97    1463.97    -1.0886  1033.6489    34.7245 0.0000e+00
      83264 315.496751  -62.35599  -57.89751     -0.608    1459.49   1234.000   1218.523    -1.0431    -1.0433    -0.0002    -1.0894    -1.0896    -0.0002   2.836687   2.836692   0.000004    34.5540    34.5543     6.1021    27.7954    27.7956    34.5541    27.7954    1463.95    1463.95    -1.0886  1033.6441    34.7244 0.0000e+00
      83316 315.496776  -62.35598  -57.89750     -0.442    1459.49   1233.000   1217.541    -1.0427    -1.0430    -0.0002    -1.0890    -1.0893    -0.0002   2.836673   2.836663  -0.000010    34.5540    34.5541     6.1005    27.7953    27.7955    34.5540    27.7953    1463.94    1463.94    -1.0881  1033.6394    34.7243 0.0000e+00
      83334 315.496785  -62.35598  -57.89748     -1.018    1459.49   1232.000   1216.557    -1.0425    -1.0428    -0.0002    -1.0888    -1.0890    -0.0002   2.836633   2.836628  -0.000002    34.5539    34.5541     6.1112    27.7953    27.7955    34.5539    27.7952    1463.92    1463.92    -1.0879  1033.6346    34.7242 0.0000e+00
      83352 315.496794  -62.35598  -57.89746     -1.302    1459.49   1231.000   1215.573    -1.0427    -1.0428    -0.0001    -1.0889    -1.0890    -0.0001   2.836580   2.836587   0.000004    34.5540    34.5541     6.1215    27.7953    27.7954    34.5539    27.7953    1463.91    1463.91    -1.0880  1033.6300    34.7243 0.0000e+00
      83386 315.496810  -62.35598  -57.89744     -0.889    1459.49   1230.000   1214.588    -1.0429    -1.0431    -0.0002    -1.0890    -1.0892    -0.0002   2.836539   2.836532  -0.000006    34.5541    34.5542     6.1133    27.7954    27.7956    34.5541    27.7954    1463.89    1463.89    -1.0882  1033.6255    34.7244 0.0000e+00
