Pos-Processados/process_op41/Processamento_split/up/uoperantar41_003.cnv
* Sea-Bird SBE 9 Data File:
* FileName = C:\Users\Dell\Desktop\Operantar XLI\Raw\OP41003.hdr
* Software Version Seasave V 7.26.7.110
* Temperature SN = 6497
* Conductivity SN = 4954
* Number of Bytes Per Scan = 31
* Number of Voltage Words = 2
* Number of Scans Averaged by the Deck Unit = 1
* NMEA Latitude = 37 44.65 S
* NMEA Longitude = 048 37.45 W
* NMEA UTC (Time) = Oct 18 2022 02:57:07
* NMEA baud rate = 4800
** H41
** Navio Polar Almirante Maximiano
** LH-021/2022
** Operantar XLI
** Número da Estação 003
** Latitude 37ª44.632S
** Longitude 048ª37.496W
** Data/Hora (Z) 18/10/2022 0257Z
** Profundidade local 5500
** 09-1439
** Nome do Operador 1T FILIPE LOPES
# nquan = 30
# nvalues = 1014                        
# units = specified
# name 0 = scan: Scan Count
# name 1 = timeJ: Julian Days
# name 2 = latitude: Latitude [deg]
# name 3 = longitude: Longitude [deg]
# name 4 = dz/dtM: Descent Rate [m/s]
# name 5 = avgsvCM: Average Sound Velocity [Chen-Millero, m/s]
# name 6 = prDM: Pressure, Digiquartz [db]
# name 7 = depSM: Depth [salt water, m]
# name 8 = t090C: Temperature [ITS-90, deg C]
# name 9 = t190C: Temperature, 2 [ITS-90, deg C]
# name 10 = T2-T190C: Temperature Difference, 2 - 1 [ITS-90, deg C]
# name 11 = potemp090C: Potential Temperature [ITS-90, deg C]
# name 12 = potemp190C: Potential Temperature, 2 [ITS-90, deg C]
# name 13 = potemp90Cdiff: Potential Temperature, Diff, 2 - 1 [ITS-90, deg C]
# name 14 = c0S/m: Conductivity [S/m]
# name 15 = c1S/m: Conductivity, 2 [S/m]
# name 16 = C2-C1S/m: Conductivity Difference, 2 - 1 [S/m]
# name 17 = sal00: Salinity, Practical [PSU]
# name 18 = sal11: Salinity, Practical, 2 [PSU]
# name 19 = sbeox0ML/L: Oxygen, SBE 43 [ml/l]
# name 20 = sigma-é00: Density [sigma-theta, kg/m^3]
# name 21 = sigma-é11: Density, 2 [sigma-theta, kg/m^3]
# name 22 = sal00: Salinity, Practical [PSU]
# name 23 = sigma-é00: Density [sigma-theta, kg/m^3]
# name 24 = svCM: Sound Velocity [Chen-Millero, m/s]
# name 25 = svCM1: Sound Velocity, 2 [Chen-Millero, m/s]
# name 26 = gsw_ptA0: potential temperature [ITS-90, deg C]
# name 27 = gsw_densityA0: density, TEOS-10 [density, kg/m^3]
# name 28 = gsw_saA0: Absolute Salinity [g/kg]
# name 29 = flag:
# span 0 =      30788,      64521       
# span 1 = 291.137845, 291.154113       
# span 2 =  -37.74781,  -37.74582       
# span 3 =  -48.62114,  -48.61774       
# span 4 =     -2.057,     -0.092       
# span 5 =    1488.80,    1488.80       
# span 6 =      4.000,   1017.000       
# span 7 =      3.981,   1006.952       
# span 8 =     3.4388,    14.4770       
# span 9 =     3.4392,    14.4777       
# span 10 =    -0.1263,     0.0685      
# span 11 =     3.3666,    14.4543      
# span 12 =     3.3670,    14.4550      
# span 13 =    -0.1260,     0.0684      
# span 14 =   3.184053,   4.312232      
# span 15 =   3.184044,   4.312281      
# span 16 =  -0.013556,   0.008657      
# span 17 =    34.1464,    35.5982      
# span 18 =    34.1470,    35.5979      
# span 19 =     4.7707,     5.9366      
# span 20 =    26.3259,    27.2402      
# span 21 =    26.3259,    27.2403      
# span 22 =    34.1467,    35.6005      
# span 23 =    26.3262,    27.2403      
# span 24 =    1478.88,    1508.26      
# span 25 =    1478.88,    1508.26      
# span 26 =     3.3664,    14.4543      
# span 27 =  1026.3510,  1031.9405      
# span 28 =    34.3091,    35.7686      
# span 29 = 0.0000e+00, 0.0000e+00      
# interval = decibars: 1                
# start_time = Oct 18 2022 02:57:07 [NMEA time, header]
# bad_flag = -9.990e-29
*END*
[from data line 629]
      47442 291.145876  -37.74672 -9.990e-29     -0.542    1488.80    388.000    384.744     8.6555     8.6518    -0.0037     8.6141     8.6104    -0.0037   3.659014   3.658732  -0.000355    34.5683    34.5681     4.9654    26.8410    26.8415    34.5697    26.8421    1490.78    1490.77     8.6140  1028.5981    34.7332 0.0000e+00
      47477 291.145893  -37.74672 -9.990e-29     -0.625    1488.80    387.000    383.754     8.6560     8.6477    -0.0083     8.6147     8.6065    -0.0083   3.659658   3.658717  -0.000908    34.5704    34.5689     4.9247    26.8426    26.8427    34.5764    26.8473    1490.77    1490.74     8.6147  1028.5987    34.7399 0.0000e+00
      47498 291.145903  -37.74672 -9.990e-29     -0.923    1488.80    386.000    382.763     8.7711     8.7799     0.0088     8.7296     8.7384     0.0088   3.673237   3.675306   0.001611    34.5825    34.5908     4.9445    26.8341    26.8392    34.6075    26.8536    1491.22    1491.27     8.7295  1028.5995    34.7711 0.0000e+00
      47517 291.145912  -37.74672 -9.990e-29     -1.171    1488.80    385.000    381.772     8.9105     8.9333     0.0228     8.8687     8.8914     0.0227   3.687099   3.689362   0.002433    34.6022    34.6055     4.9630    26.8276    26.8266    34.6176    26.8396    1491.74    1491.82     8.8686  1028.5798    34.7813 0.0000e+00
      47536 291.145922  -37.74672 -9.990e-29     -1.285    1488.80    384.000    380.782     8.9525     8.9625     0.0100     8.9107     8.9207     0.0100   3.691099   3.692357   0.001242    34.6073    34.6106     4.9822    26.8249    26.8259    34.6191    26.8341    1491.88    1491.92     8.9106  1028.5695    34.7828 0.0000e+00
      47559 291.145933  -37.74672  -48.61937     -1.168    1488.80    383.000    379.791     8.9834     8.9745    -0.0089     8.9416     8.9327    -0.0089   3.694407   3.693311  -0.000826    34.6119    34.6119     4.9595    26.8236    26.8250    34.6241    26.8331    1491.98    1491.94     8.9415  1028.5637    34.7879 0.0000e+00
      47586 291.145946  -37.74672  -48.61936     -0.927    1488.80    382.000    378.800     9.0003     8.9898    -0.0105     8.9585     8.9481    -0.0105   3.695812   3.694674  -0.000983    34.6144    34.6144     4.8858    26.8228    26.8245    34.6229    26.8294    1492.03    1491.98     8.9585  1028.5554    34.7866 0.0000e+00
      47612 291.145958  -37.74672  -48.61936     -0.881    1488.80    381.000    377.809     8.9917     8.9938     0.0021     8.9502     8.9522     0.0020   3.694771   3.695484   0.000421    34.6149    34.6173     4.8445    26.8245    26.8261    34.6207    26.8291    1491.98    1491.99     8.9501  1028.5506    34.7844 0.0000e+00
      47633 291.145969  -37.74673  -48.61936     -1.011    1488.80    380.000    376.819     9.0142     9.0149     0.0007     8.9726     8.9733     0.0007   3.698096   3.698214   0.000217    34.6187    34.6203     4.8290    26.8239    26.8251    34.6341    26.8360    1492.06    1492.06     8.9726  1028.5528    34.7978 0.0000e+00
      47651 291.145977  -37.74674  -48.61936     -1.189    1488.80    379.000    375.828     9.0906     9.0808    -0.0098     9.0489     9.0392    -0.0098   3.705529   3.704999  -0.000831    34.6274    34.6283     4.8185    26.8186    26.8208    34.6380    26.8268    1492.33    1492.30     9.0489  1028.5385    34.8017 0.0000e+00
      47668 291.145985  -37.74672  -48.61936     -1.342    1488.80    378.000    374.837     9.1299     9.1294    -0.0005     9.0882     9.0877    -0.0005   3.710405   3.710178   0.000038    34.6356    34.6364     4.8222    26.8186    26.8194    34.6511    26.8308    1492.47    1492.47     9.0881  1028.5381    34.8156 0.0000e+00
      47685 291.145994 -9.990e-29  -48.61936     -1.414    1488.80    377.000    373.846     9.1732     9.1657    -0.0075     9.1315     9.1240    -0.0075   3.714460   3.713967  -0.000583    34.6407    34.6420     4.8208    26.8157    26.8178    34.6518    26.8243    1492.62    1492.59     9.1315  1028.5279    34.8177 0.0000e+00
      47705 291.146003 -9.990e-29  -48.61936     -1.338    1488.80    376.000    372.856     9.1889     9.1917     0.0029     9.1472     9.1501     0.0028   3.715989   3.716382   0.000448    34.6433    34.6452     4.8086    26.8151    26.8161    34.6530    26.8227    1492.66    1492.67     9.1472  1028.5217    34.8189 0.0000e+00
      47732 291.146016 -9.990e-29  -48.61936     -1.036    1488.80    375.000    371.865     9.2017     9.1939    -0.0078     9.1602     9.1524    -0.0078   3.717057   3.716401  -0.000750    34.6457    34.6455     4.7916    26.8149    26.8160    34.6521    26.8199    1492.69    1492.66     9.1601  1028.5143    34.8180 0.0000e+00
      47769 291.146034  -37.74674  -48.61936     -0.661    1488.80    374.000    370.874     9.1779     9.1980     0.0201     9.1365     9.1565     0.0200   3.714708   3.716825   0.002102    34.6454    34.6478     4.7787    26.8185    26.8171    34.6512    26.8231    1492.58    1492.66     9.1365  1028.5125    34.8163 0.0000e+00
      47798 291.146048  -37.74674  -48.61936     -0.743    1488.80    373.000    369.884     9.1950     9.1951     0.0001     9.1537     9.1539     0.0001   3.716168   3.716393   0.000185    34.6461    34.6479     4.7707    26.8163    26.8176    34.6502    26.8195    1492.63    1492.63     9.1537  1028.5033    34.8140 0.0000e+00
      47818 291.146058  -37.74674  -48.61934     -0.986    1488.80    372.000    368.893     9.2111     9.2062    -0.0049     9.1699     9.1650    -0.0049   3.717925   3.717662  -0.000252    34.6462    34.6483     4.7794    26.8137    26.8162    34.6534    26.8194    1492.67    1492.66     9.1698  1028.4986    34.8172 0.0000e+00
      47837 291.146067  -37.74674  -48.61934     -1.182    1488.80    371.000    367.902     9.2236     9.2272     0.0037     9.1825     9.1861     0.0037   3.718851   3.719163   0.000363    34.6458    34.6461     4.7881    26.8114    26.8110    34.6514    26.8157    1492.70    1492.71     9.1824  1028.4904    34.8152 0.0000e+00
      47858 291.146077  -37.74674  -48.61932     -1.230    1488.80    370.000    366.911     9.2285     9.2296     0.0011     9.1874     9.1885     0.0011   3.718990   3.719187   0.000195    34.6445    34.6455     4.7987    26.8096    26.8101    34.6485    26.8127    1492.70    1492.70     9.1874  1028.4829    34.8123 0.0000e+00
      47881 291.146088  -37.74674  -48.61932     -1.124    1488.80    369.000    365.920     9.2339     9.2311    -0.0028     9.1929     9.1902    -0.0028   3.719431   3.719259  -0.000147    34.6441    34.6453     4.8346    26.8084    26.8097    34.6483    26.8117    1492.70    1492.69     9.1929  1028.4773    34.8121 0.0000e+00
      47903 291.146099  -37.74674  -48.61932     -1.057    1488.80    368.000    364.930     9.2368     9.2343    -0.0025     9.1960     9.1935    -0.0025   3.719637   3.719469  -0.000164    34.6445    34.6453     4.8876    26.8082    26.8091    34.6481    26.8110    1492.69    1492.69     9.1959  1028.4721    34.8119 0.0000e+00
      47922 291.146108  -37.74674  -48.61932     -1.135    1488.80    367.000    363.939     9.2517     9.2448    -0.0068     9.2109     9.2041    -0.0068   3.721393   3.720756  -0.000568    34.6459    34.6466     4.9143    26.8068    26.8085    34.6524    26.8119    1492.74    1492.71     9.2109  1028.4684    34.8162 0.0000e+00
      47938 291.146115  -37.74674  -48.61932     -1.298    1488.80    366.000    362.948     9.2651     9.2628    -0.0022     9.2244     9.2222    -0.0022   3.722161   3.722175  -0.000056    34.6450    34.6466     4.9162    26.8039    26.8055    34.6479    26.8062    1492.77    1492.76     9.2243  1028.4581    34.8117 0.0000e+00
      47953 291.146123  -37.74676  -48.61934     -1.450    1488.80    365.000    361.958     9.2642     9.2649     0.0006     9.2237     9.2243     0.0006   3.721998   3.722079   0.000126    34.6436    34.6443     4.9073    26.8030    26.8034    34.6474    26.8060    1492.74    1492.75     9.2236  1028.4534    34.8112 0.0000e+00
      47969 291.146130  -37.74676  -48.61934     -1.529    1488.80    364.000    360.967     9.2777     9.2745    -0.0031     9.2372     9.2341    -0.0031   3.723227   3.723102  -0.000161    34.6437    34.6450     4.8918    26.8008    26.8024    34.6477    26.8040    1492.78    1492.77     9.2371  1028.4468    34.8115 0.0000e+00
      47988 291.146140  -37.74676  -48.61934     -1.454    1488.80    363.000    359.976     9.2726     9.2747     0.0022     9.2322     9.2344     0.0022   3.722072   3.722712   0.000539    34.6398    34.6433     4.8842    26.7986    26.8010    34.6411    26.7996    1492.73    1492.75     9.2321  1028.4380    34.8048 0.0000e+00
      48017 291.146154  -37.74676  -48.61933     -1.022    1488.80    362.000    358.985     9.2655     9.2665     0.0010     9.2253     9.2263     0.0010   3.721472   3.721911   0.000513    34.6395    34.6438     4.8969    26.7995    26.8027    34.6421    26.8015    1492.69    1492.70     9.2252  1028.4355    34.8059 0.0000e+00
      48062 291.146175  -37.74676  -48.61932     -0.520    1488.80    361.000    357.994     9.2685     9.2655    -0.0029     9.2283     9.2254    -0.0029   3.721971   3.721817  -0.000203    34.6437    34.6444     4.9313    26.8023    26.8033    34.6449    26.8032    1492.69    1492.68     9.2283  1028.4327    34.8087 0.0000e+00
      48098 291.146192  -37.74676  -48.61931     -0.618    1488.80    360.000    357.003     9.2613     9.2616     0.0003     9.2213     9.2216     0.0003   3.720764   3.720738   0.000062    34.6393    34.6397     4.9366    26.8000    26.8002    34.6398    26.8003    1492.64    1492.64     9.2212  1028.4254    34.8035 0.0000e+00
      48119 291.146203  -37.74676  -48.61930     -0.890    1488.80    359.000    356.013     9.2568     9.2541    -0.0027     9.2169     9.2143    -0.0027   3.719485   3.718484  -0.001018    34.6310    34.6231     4.9157    26.7942    26.7884    34.6313    26.7944    1492.60    1492.58     9.2169  1028.4150    34.7950 0.0000e+00
      48136 291.146211  -37.74677  -48.61930     -1.168    1488.80    358.000    355.022     9.2610     9.2654     0.0045     9.2212     9.2257     0.0045   3.719397   3.719500   0.000091    34.6249    34.6215     4.9104    26.7887    26.7854    34.6268    26.7902    1492.59    1492.60     9.2211  1028.4063    34.7905 0.0000e+00
      48150 291.146218  -37.74678  -48.61930     -1.421    1488.80    357.000    354.031     9.2725     9.2753     0.0029     9.2328     9.2357     0.0029   3.720203   3.720535   0.000276    34.6224    34.6225     4.9191    26.7849    26.7845    34.6245    26.7865    1492.62    1492.63     9.2327  1028.3981    34.7882 0.0000e+00
      48164 291.146225  -37.74678  -48.61930     -1.606    1488.80    356.000    353.040     9.2888     9.2858    -0.0029     9.2492     9.2462    -0.0029   3.721917   3.721677  -0.000229    34.6235    34.6240     4.9387    26.7831    26.7840    34.6270    26.7858    1492.66    1492.65     9.2491  1028.3927    34.7907 0.0000e+00
      48179 291.146232  -37.74678  -48.61930     -1.661    1488.80    355.000    352.049     9.2966     9.2934    -0.0032     9.2571     9.2539    -0.0032   3.722556   3.722214  -0.000288    34.6244    34.6245     4.9732    26.7825    26.7831    34.6265    26.7842    1492.67    1492.66     9.2570  1028.3865    34.7902 0.0000e+00
      48199 291.146242  -37.74678  -48.61930     -1.470    1488.80    354.000    351.063     9.3029     9.2957    -0.0071     9.2634     9.2563    -0.0071   3.723187   3.722455  -0.000670    34.6254    34.6253     5.0287    26.7823    26.7834    34.6275    26.7839    1492.68    1492.65     9.2634  1028.3817    34.7912 0.0000e+00
      48230 291.146256  -37.74678  -48.61930     -0.912    1488.80    353.000    350.064     9.3072     9.2951    -0.0121     9.2679     9.2558    -0.0120   3.723520   3.722376  -0.001209    34.6261    34.6252     5.0768    26.7821    26.7834    34.6272    26.7829    1492.68    1492.64     9.2678  1028.3762    34.7909 0.0000e+00
      48259 291.146270  -37.74678  -48.61930     -0.751    1488.80    352.000    349.077     9.3047     9.3216     0.0169     9.2655     9.2823     0.0168   3.723428   3.725296   0.001840    34.6265    34.6293     5.0743    26.7827    26.7822    34.6291    26.7848    1492.66    1492.72     9.2655  1028.3736    34.7928 0.0000e+00
      48277 291.146279  -37.74678  -48.61930     -1.010    1488.80    351.000    348.086     9.3445     9.3592     0.0146     9.3054     9.3199     0.0146   3.728603   3.730232   0.001663    34.6302    34.6333     5.0662    26.7792    26.7792    34.6447    26.7905    1492.81    1492.86     9.3053  1028.3745    34.8084 0.0000e+00
      48292 291.146286  -37.74678  -48.61928     -1.299    1488.80    350.000    347.095     9.4286     9.4318     0.0032     9.3894     9.3925     0.0032   3.736501   3.736826   0.000129    34.6385    34.6368     5.0616    26.7719    26.7700    34.6456    26.7775    1493.10    1493.11     9.3893  1028.3563    34.8094 0.0000e+00
      48307 291.146293  -37.74678  -48.61928     -1.524    1488.80    349.000    346.104     9.4573     9.4559    -0.0015     9.4181     9.4166    -0.0015   3.739587   3.739150  -0.000231    34.6423    34.6413     5.0638    26.7701    26.7696    34.6503    26.7764    1493.19    1493.18     9.4180  1028.3506    34.8141 0.0000e+00
      48324 291.146302  -37.74678  -48.61928     -1.560    1488.80    348.000    345.113     9.4709     9.4662    -0.0047     9.4317     9.4271    -0.0047   3.740578   3.740206  -0.000355    34.6430    34.6438     5.0663    26.7684    26.7699    34.6479    26.7723    1493.22    1493.20     9.4317  1028.3419    34.8117 0.0000e+00
      48365 291.146321  -37.74678  -48.61929     -0.771    1488.80    347.000    344.123     9.4490     9.4452    -0.0038     9.4100     9.4062    -0.0038   3.738129   3.737838  -0.000306    34.6421    34.6427     5.1372    26.7713    26.7724    34.6442    26.7729    1493.12    1493.11     9.4100  1028.3382    34.8079 0.0000e+00
      48416 291.146346  -37.74678  -48.61928     -0.395    1488.80    346.000    343.131     9.4314     9.4319     0.0005     9.3926     9.3930     0.0005   3.736374   3.736655   0.000107    34.6418    34.6424     4.9959    26.7739    26.7744    34.6435    26.7752    1493.04    1493.04     9.3926  1028.3362    34.8072 0.0000e+00
      48434 291.146355  -37.74678  -48.61928     -0.872    1488.80    345.000    342.141     9.4479     9.4520     0.0042     9.4091     9.4133     0.0042   3.738438   3.738993   0.000553    34.6433    34.6450     5.0093    26.7724    26.7731    34.6494    26.7772    1493.09    1493.11     9.4091  1028.3335    34.8132 0.0000e+00
      48450 291.146362  -37.74678  -48.61927     -1.236    1488.80    344.000    341.150     9.4804     9.4851     0.0048     9.4416     9.4464     0.0047   3.741783   3.742126   0.000544    34.6466    34.6476     5.0730    26.7696    26.7696    34.6530    26.7747    1493.20    1493.21     9.4416  1028.3263    34.8168 0.0000e+00
      48463 291.146369  -37.74678  -48.61926     -1.503    1488.80    343.000    340.159     9.5200     9.5097    -0.0103     9.4813     9.4710    -0.0103   3.746573   3.745529  -0.000913    34.6536    34.6541     5.0673    26.7686    26.7707    34.6647    26.7773    1493.34    1493.30     9.4812  1028.3240    34.8286 0.0000e+00
      48478 291.146376  -37.74679  -48.61926     -1.653    1488.80    342.000    339.168     9.5712     9.5499    -0.0213     9.5325     9.5112    -0.0213   3.752203   3.749508  -0.002119    34.6610    34.6597     5.0559    26.7659    26.7684    34.6738    26.7759    1493.52    1493.43     9.5324  1028.3178    34.8377 0.0000e+00
