Pos-Processados/process_op41/Processamento_split/up/uoperantar41_022.cnv
* Sea-Bird SBE 9 Data File:
* FileName = C:\Users\Dell\Desktop\OperantarXLI\config\00_BRUTOS\OPE41022.hdr
* Software Version Seasave V 7.26.7.110
* Temperature SN = 6497
* Conductivity SN = 4954
* Number of Bytes Per Scan = 34
* Number of Voltage Words = 3
* Number of Scans Averaged by the Deck Unit = 1
* NMEA Latitude = 59 45.37 S
* NMEA Longitude = 062 03.38 W
* NMEA UTC (Time) = Nov 14 2022 23:10:24
* NMEA baud rate = 4800
** H41
** Navio Polar Almirante Maximiano
** LH-021/2022
** Operantar XLI
** Número da Estação 022
** Latitude 59 45.358'S
** Longitude 062 03.362'W
** Data/Hora (Z) 14/11/2022 23:11
** Profundidade local 4103 m
** 09-1439
** Nome do Operador CT Garla
# nquan = 30
# nvalues = 2260                        
# units = specified
# name 0 = scan: Scan Count
# name 1 = timeJ: Julian Days
# name 2 = latitude: Latitude [deg]
# name 3 = longitude: Longitude [deg]
# name 4 = dz/dtM: Descent Rate [m/s]
# name 5 = avgsvCM: Average Sound Velocity [Chen-Millero, m/s]
# name 6 = prDM: Pressure, Digiquartz [db]
# name 7 = depSM: Depth [salt water, m]
# name 8 = t090C: Temperature [ITS-90, deg C]
# name 9 = t190C: Temperature, 2 [ITS-90, deg C]
# name 10 = T2-T190C: Temperature Difference, 2 - 1 [ITS-90, deg C]
# name 11 = potemp090C: Potential Temperature [ITS-90, deg C]
# name 12 = potemp190C: Potential Temperature, 2 [ITS-90, deg C]
# name 13 = potemp90Cdiff: Potential Temperature, Diff, 2 - 1 [ITS-90, deg C]
# name 14 = c0S/m: Conductivity [S/m]
# name 15 = c1S/m: Conductivity, 2 [S/m]
# name 16 = C2-C1S/m: Conductivity Difference, 2 - 1 [S/m]
# name 17 = sal00: Salinity, Practical [PSU]
# name 18 = sal11: Salinity, Practical, 2 [PSU]
# name 19 = sbeox0ML/L: Oxygen, SBE 43 [ml/l]
# name 20 = sigma-é00: Density [sigma-theta, kg/m^3]
# name 21 = sigma-é11: Density, 2 [sigma-theta, kg/m^3]
# name 22 = sal00: Salinity, Practical [PSU]
# name 23 = sigma-é00: Density [sigma-theta, kg/m^3]
# name 24 = svCM: Sound Velocity [Chen-Millero, m/s]
# name 25 = svCM1: Sound Velocity, 2 [Chen-Millero, m/s]
# name 26 = gsw_ptA0: potential temperature [ITS-90, deg C]
# name 27 = gsw_densityA0: density, TEOS-10 [density, kg/m^3]
# name 28 = gsw_saA0: Absolute Salinity [g/kg]
# name 29 = flag:
# span 0 =      60198,     133319       
# span 1 = 318.994586, 319.029849       
# span 2 =  -59.76978,  -59.76218       
# span 3 =  -62.06556,  -62.06017       
# span 4 =     -1.888,     -0.020       
# span 5 =    1474.40,    1474.40       
# span 6 =      0.000,   2259.000       
# span 7 =      0.000,   2225.748       
# span 8 =    -0.5862,     2.2187       
# span 9 =    -0.5845,     2.2184       
# span 10 =    -0.0207,     0.1637      
# span 11 =    -0.5894,     2.1985      
# span 12 =    -0.5877,     2.1982      
# span 13 =    -0.0207,     0.1635      
# span 14 =   2.767580,   3.095022      
# span 15 =   2.767637,   3.094995      
# span 16 =  -0.001706,   0.016465      
# span 17 =    33.7142,    34.7237      
# span 18 =    33.7145,    34.7237      
# span 19 =     3.8006,     8.0200      
# span 20 =    27.0360,    27.8238      
# span 21 =    27.0363,    27.8236      
# span 22 =    33.7144,    34.7239      
# span 23 =    27.0366,    27.8238      
# span 24 =    1446.46,    1490.82      
# span 25 =    1446.46,    1490.82      
# span 26 =    -0.5893,     2.1985      
# span 27 =  1027.0393,  1038.2673      
# span 28 =    33.8739,    34.8965      
# span 29 = 0.0000e+00, 0.0000e+00      
# interval = decibars: 1                
# start_time = Nov 14 2022 23:10:24 [NMEA time, header]
# bad_flag = -9.990e-29
*END*
[from data line 2127]
     120712 319.023769  -59.76845  -62.06502     -0.839    1474.40    132.000    130.716     0.2685     0.2692     0.0008     0.2635     0.2642     0.0008   2.859418   2.859534  -0.000030    34.0505    34.0493     6.2562    27.3258    27.3248    34.0328    27.3115    1451.22    1451.22     0.2636  1027.9428    34.1962 0.0000e+00
     120732 319.023778  -59.76846  -62.06502     -1.067    1474.40    131.000    129.726     0.1905     0.2062     0.0157     0.1857     0.2014     0.0157   2.851293   2.853809   0.001479    34.0366    34.0387     6.2733    27.3188    27.3196    34.0127    27.2995    1450.82    1450.91     0.1858  1027.9265    34.1760 0.0000e+00
     120794 319.023808  -59.76846  -62.06500     -0.741    1474.40    130.000    128.723     0.0423     0.2059     0.1637     0.0376     0.2011     0.1635   2.836014   2.852901   0.016465    33.9973    34.0328     6.4275    27.2948    27.3147    33.9762    27.2778    1450.07    1450.88     0.0377  1027.9012    34.1400 0.0000e+00
     120916 319.023867  -59.76846 -9.990e-29     -0.678    1474.40    129.000    127.743    -0.1090    -0.1208    -0.0118    -0.1134    -0.1252    -0.0118   2.820535   2.819598  -0.001192    33.9597    33.9570     6.7630    27.2721    27.2704    33.9396    27.2559    1449.31    1449.26    -0.1133  1027.8772    34.1057 0.0000e+00
     120940 319.023879  -59.76846 -9.990e-29     -0.953    1474.40    128.000    126.756    -0.1722    -0.1582     0.0140    -0.1764    -0.1625     0.0140   2.814172   2.815479   0.001356    33.9437    33.9462     6.7742    27.2622    27.2636    33.9259    27.2478    1448.99    1449.05    -0.1764  1027.8648    34.0919 0.0000e+00
     120962 319.023889  -59.76847  -62.06502     -1.087    1474.40    127.000    125.766    -0.2657    -0.2273     0.0383    -0.2698    -0.2315     0.0383   2.804445   2.808426   0.003822    33.9222    33.9304     6.7880    27.2493    27.2541    33.9010    27.2322    1448.50    1448.69    -0.2697  1027.8402    34.0612 0.0000e+00
     120989 319.023903 -9.990e-29  -62.06504     -0.980    1474.40    126.000    124.776    -0.3081    -0.2030     0.1052    -0.3122    -0.2071     0.1051   2.800169   2.811414   0.010304    33.9078    33.9281     6.8452    27.2396    27.2510    33.8918    27.2267    1448.28    1448.81    -0.3121  1027.8299    34.0516 0.0000e+00
     121023 319.023919 -9.990e-29  -62.06505     -0.749    1474.40    125.000    123.786    -0.3432    -0.2344     0.1088    -0.3472    -0.2385     0.1087   2.796496   2.807364   0.011005    33.8951    33.9207     6.9646    27.2309    27.2466    33.8824    27.2207    1448.09    1448.62    -0.3471  1027.8194    34.0422 0.0000e+00
     121063 319.023938  -59.76848  -62.06506     -0.609    1474.40    124.000    122.796    -0.3528    -0.3373     0.0155    -0.3567    -0.3412     0.0155   2.795424   2.796359   0.001318    33.8903    33.8906     7.0464    27.2275    27.2270    33.8794    27.2187    1448.02    1448.09    -0.3567  1027.8144    34.0413 0.0000e+00
     121101 319.023957  -59.76848  -62.06505     -0.608    1474.40    123.000    121.806    -0.3848    -0.3855    -0.0007    -0.3887    -0.3894    -0.0007   2.792012   2.791707  -0.000058    33.8796    33.8796     7.0586    27.2204    27.2204    33.8701    27.2126    1447.84    1447.84    -0.3886  1027.8042    34.0326 0.0000e+00
     121131 319.023971  -59.76848  -62.06504     -0.767    1474.40    122.000    120.816    -0.4188    -0.4253    -0.0065    -0.4226    -0.4292    -0.0065   2.788094   2.787447  -0.000646    33.8683    33.8670     7.1464    27.2127    27.2119    33.8561    27.2029    1447.65    1447.62    -0.4225  1027.7898    34.0186 0.0000e+00
     121157 319.023983  -59.76848  -62.06504     -0.882    1474.40    121.000    119.826    -0.4525    -0.4478     0.0047    -0.4562    -0.4515     0.0047   2.784619   2.785081   0.000476    33.8583    33.8594     7.2247    27.2061    27.2068    33.8477    27.1976    1447.46    1447.49    -0.4561  1027.7799    34.0101 0.0000e+00
     121184 319.023997  -59.76848  -62.06506     -0.897    1474.40    120.000    118.836    -0.4682    -0.4628     0.0054    -0.4719    -0.4665     0.0053   2.783036   2.783523   0.000584    33.8527    33.8545     7.2813    27.2023    27.2035    33.8446    27.1957    1447.37    1447.40    -0.4718  1027.7734    34.0070 0.0000e+00
     121213 319.024010  -59.76848  -62.06508     -0.844    1474.40    119.000    117.846    -0.4810    -0.4757     0.0053    -0.4847    -0.4794     0.0053   2.781472   2.781971   0.000541    33.8471    33.8484     7.3323    27.1983    27.1992    33.8386    27.1914    1447.29    1447.31    -0.4846  1027.7643    34.0009 0.0000e+00
     121237 319.024022  -59.76848  -62.06508     -0.916    1474.40    118.000    116.856    -0.5021    -0.4963     0.0058    -0.5057    -0.4999     0.0058   2.778927   2.779559   0.000621    33.8383    33.8402     7.3711    27.1921    27.1934    33.8285    27.1842    1447.16    1447.19    -0.5056  1027.7524    33.9908 0.0000e+00
     121256 319.024031  -59.76848  -62.06508     -1.082    1474.40    117.000    115.866    -0.5200    -0.5178     0.0023    -0.5236    -0.5213     0.0023   2.777000   2.777190   0.000279    33.8310    33.8322     7.3997    27.1870    27.1878    33.8233    27.1807    1447.05    1447.06    -0.5235  1027.7443    33.9855 0.0000e+00
     121275 319.024040  -59.76850  -62.06508     -1.229    1474.40    116.000    114.876    -0.5267    -0.5255     0.0012    -0.5302    -0.5290     0.0012   2.776224   2.776335   0.000143    33.8277    33.8283     7.4082    27.1846    27.1850    33.8209    27.1791    1447.00    1447.01    -0.5301  1027.7379    33.9831 0.0000e+00
     121294 319.024050  -59.76850  -62.06508     -1.274    1474.40    115.000    113.886    -0.5318    -0.5307     0.0011    -0.5353    -0.5342     0.0011   2.775607   2.775657   0.000075    33.8248    33.8245     7.4259    27.1825    27.1822    33.8190    27.1777    1446.96    1446.96    -0.5352  1027.7317    33.9811 0.0000e+00
     121319 319.024062  -59.76850  -62.06508     -1.107    1474.40    114.000    112.896    -0.5392    -0.5145     0.0247    -0.5426    -0.5179     0.0247   2.774504   2.777484   0.002877    33.8191    33.8302     7.4623    27.1782    27.1861    33.8129    27.1732    1446.90    1447.03    -0.5425  1027.7224    33.9750 0.0000e+00
     121351 319.024077  -59.76850  -62.06508     -0.791    1474.40    113.000    111.906    -0.5469    -0.5380     0.0089    -0.5503    -0.5414     0.0089   2.773478   2.774583   0.001150    33.8135    33.8189     7.5084    27.1739    27.1780    33.8084    27.1698    1446.84    1446.89    -0.5502  1027.7143    33.9705 0.0000e+00
     121384 319.024093  -59.76850  -62.06508     -0.718    1474.40    112.000    110.916    -0.5549    -0.5545     0.0004    -0.5583    -0.5579     0.0004   2.772487   2.772433   0.000049    33.8091    33.8093     7.5289    27.1707    27.1709    33.8046    27.1671    1446.78    1446.78    -0.5582  1027.7069    33.9667 0.0000e+00
     121414 319.024107  -59.76850  -62.06508     -0.796    1474.40    111.000    109.926    -0.5635    -0.5646    -0.0011    -0.5668    -0.5679    -0.0011   2.771490   2.771351  -0.000126    33.8058    33.8054     7.5367    27.1685    27.1681    33.8014    27.1648    1446.72    1446.72    -0.5667  1027.6999    33.9634 0.0000e+00
     121443 319.024121  -59.76850  -62.06508     -0.822    1474.40    110.000    108.936    -0.5758    -0.5749     0.0009    -0.5791    -0.5782     0.0009   2.769980   2.770026   0.000073    33.7997    33.7996     7.5633    27.1640    27.1639    33.7954    27.1606    1446.64    1446.64    -0.5790  1027.6908    33.9574 0.0000e+00
     121471 319.024135  -59.76850  -62.06510     -0.837    1474.40    109.000    107.946    -0.5809    -0.5802     0.0007    -0.5841    -0.5835     0.0007   2.769234   2.769281   0.000068    33.7953    33.7955     7.5936    27.1607    27.1608    33.7916    27.1577    1446.60    1446.60    -0.5840  1027.6832    33.9536 0.0000e+00
     121494 319.024146  -59.76852  -62.06510     -0.947    1474.40    108.000    106.956    -0.5862    -0.5845     0.0017    -0.5894    -0.5877     0.0017   2.768464   2.768686   0.000207    33.7913    33.7921     7.6089    27.1576    27.1582    33.7878    27.1548    1446.55    1446.56    -0.5893  1027.6756    33.9497 0.0000e+00
     121520 319.024159  -59.76852  -62.06510     -0.971    1474.40    107.000    105.966    -0.5835    -0.5789     0.0045    -0.5866    -0.5821     0.0045   2.768315   2.769042   0.000742    33.7856    33.7905     7.6294    27.1529    27.1567    33.7834    27.1511    1446.54    1446.57    -0.5866  1027.6671    33.9453 0.0000e+00
     121545 319.024171  -59.76852  -62.06510     -0.934    1474.40    106.000    104.976    -0.5802    -0.5799     0.0003    -0.5833    -0.5830     0.0003   2.768401   2.768483   0.000115    33.7834    33.7846     7.6583    27.1510    27.1519    33.7815    27.1495    1446.54    1446.54    -0.5833  1027.6607    33.9434 0.0000e+00
     121572 319.024184  -59.76852  -62.06510     -0.936    1474.40    105.000    103.985    -0.5784    -0.5770     0.0014    -0.5815    -0.5801     0.0014   2.768471   2.768704   0.000228    33.7826    33.7841     7.6792    27.1503    27.1514    33.7810    27.1490    1446.53    1446.54    -0.5814  1027.6554    33.9429 0.0000e+00
     121612 319.024203  -59.76852  -62.06510     -0.656    1474.40    104.000    102.995    -0.5776    -0.5772     0.0004    -0.5806    -0.5803     0.0004   2.768437   2.768761   0.000326    33.7816    33.7855     7.7008    27.1494    27.1526    33.7803    27.1484    1446.52    1446.52    -0.5806  1027.6500    33.9421 0.0000e+00
     121658 319.024225  -59.76852  -62.06511     -0.481    1474.40    103.000    102.005    -0.5813    -0.5802     0.0011    -0.5844    -0.5833     0.0011   2.767937   2.768020   0.000117    33.7800    33.7804     7.7116    27.1483    27.1485    33.7784    27.1470    1446.48    1446.48    -0.5843  1027.6438    33.9402 0.0000e+00
     121688 319.024240  -59.76852  -62.06510     -0.723    1474.40    102.000    101.015    -0.5812    -0.5798     0.0014    -0.5843    -0.5828     0.0014   2.767580   2.767637   0.000061    33.7743    33.7735     7.7087    27.1437    27.1430    33.7741    27.1435    1446.46    1446.46    -0.5841  1027.6355    33.9359 0.0000e+00
     121710 319.024250  -59.76852  -62.06510     -0.942    1474.40    101.000    100.025    -0.5720    -0.5737    -0.0017    -0.5749    -0.5767    -0.0017   2.768132   2.768017  -0.000102    33.7719    33.7724     7.7087    27.1413    27.1418    33.7718    27.1412    1446.48    1446.47    -0.5749  1027.6284    33.9335 0.0000e+00
     121730 319.024260  -59.76854  -62.06510     -1.134    1474.40    100.000     99.035    -0.5693    -0.5696    -0.0004    -0.5722    -0.5726    -0.0004   2.768283   2.768254  -0.000024    33.7715    33.7716     7.7205    27.1409    27.1410    33.7714    27.1408    1446.48    1446.48    -0.5722  1027.6232    33.9331 0.0000e+00
     121750 319.024269  -59.76854  -62.06510     -1.210    1474.40     99.000     98.045    -0.5654    -0.5666    -0.0012    -0.5683    -0.5695    -0.0012   2.768585   2.768500  -0.000079    33.7714    33.7716     7.7387    27.1407    27.1409    33.7718    27.1410    1446.48    1446.47    -0.5683  1027.6186    33.9335 0.0000e+00
     121776 319.024282  -59.76854  -62.06510     -1.055    1474.40     98.000     97.055    -0.5559    -0.5621    -0.0062    -0.5588    -0.5650    -0.0062   2.769334   2.768768  -0.000500    33.7711    33.7712     7.7492    27.1400    27.1404    33.7719    27.1406    1446.51    1446.48    -0.5587  1027.6134    33.9336 0.0000e+00
     121813 319.024300  -59.76854  -62.06512     -0.688    1474.40     97.000     96.065    -0.5490    -0.5627    -0.0136    -0.5519    -0.5655    -0.0136   2.769843   2.768800  -0.001027    33.7710    33.7724     7.7620    27.1397    27.1414    33.7716    27.1402    1446.52    1446.46    -0.5518  1027.6081    33.9333 0.0000e+00
     121848 319.024317  -59.76854  -62.06512     -0.658    1474.40     96.000     95.075    -0.5303    -0.5282     0.0021    -0.5331    -0.5310     0.0021   2.771255   2.771494   0.000205    33.7676    33.7680     7.7492    27.1361    27.1363    33.7703    27.1383    1446.59    1446.60    -0.5331  1027.6014    33.9320 0.0000e+00
     121879 319.024331  -59.76854  -62.06512     -0.764    1474.40     95.000     94.084    -0.4977    -0.5001    -0.0024    -0.5005    -0.5029    -0.0024   2.773498   2.773334  -0.000131    33.7617    33.7626     7.7488    27.1299    27.1308    33.7647    27.1324    1446.72    1446.71    -0.5005  1027.5905    33.9263 0.0000e+00
     121909 319.024346  -59.76854  -62.06511     -0.785    1474.40     94.000     93.094    -0.4842    -0.4905    -0.0064    -0.4870    -0.4933    -0.0064   2.774413   2.773967  -0.000448    33.7601    33.7612     7.7629    27.1281    27.1292    33.7626    27.1300    1446.77    1446.74    -0.4870  1027.5834    33.9241 0.0000e+00
     121939 319.024360  -59.76854  -62.06510     -0.794    1474.40     93.000     92.104    -0.4701    -0.4745    -0.0044    -0.4729    -0.4773    -0.0044   2.775487   2.775226  -0.000283    33.7587    33.7598     7.7705    27.1263    27.1274    33.7619    27.1289    1446.81    1446.79    -0.4729  1027.5774    33.9235 0.0000e+00
     121963 319.024372 -9.990e-29 -9.990e-29     -0.911    1474.40     92.000     91.114    -0.4573    -0.4590    -0.0017    -0.4601    -0.4618    -0.0017   2.776347   2.776235  -0.000113    33.7572    33.7575     7.7793    27.1245    27.1248    33.7599    27.1267    1446.85    1446.84    -0.4601  1027.5693    33.9201 0.0000e+00
     121992 319.024386 -9.990e-29 -9.990e-29     -0.887    1474.40     91.000     90.132    -0.4548    -0.4609    -0.0061    -0.4575    -0.4636    -0.0061   2.776442   2.775963  -0.000438    33.7571    33.7580     7.7932    27.1244    27.1254    33.7589    27.1258    1446.85    1446.82    -0.4575  1027.5636    33.9191 0.0000e+00
     122814 319.024782  -59.76864  -62.06515     -0.569    1474.40     90.000     89.099    -0.4101    -0.4107    -0.0006    -0.4128    -0.4134    -0.0006   2.779580   2.779530  -0.000048    33.7520    33.7521     7.8236    27.1182    27.1183    33.7518    27.1181    1447.03    1447.03    -0.4128  1027.5520    33.9133 0.0000e+00
     122841 319.024795  -59.76864  -62.06514     -0.749    1474.40     89.000     88.143    -0.4109    -0.4122    -0.0013    -0.4136    -0.4149    -0.0013   2.779521   2.779418  -0.000107    33.7526    33.7526     7.8136    27.1187    27.1188    33.7525    27.1187    1447.01    1447.01    -0.4136  1027.5478    33.9140 0.0000e+00
     122873 319.024811  -59.76864  -62.06514     -0.749    1474.40     88.000     87.153    -0.4107    -0.4103     0.0004    -0.4134    -0.4130     0.0004   2.779456   2.779498   0.000032    33.7521    33.7521     7.8205    27.1184    27.1183    33.7521    27.1183    1446.99    1447.00    -0.4133  1027.5427    33.9135 0.0000e+00
     122904 319.024826  -59.76864  -62.06514     -0.759    1474.40     87.000     86.163    -0.4095    -0.4092     0.0003    -0.4122    -0.4119     0.0003   2.779449   2.779461   0.000017    33.7511    33.7509     7.8228    27.1174    27.1173    33.7513    27.1176    1446.98    1446.98    -0.4121  1027.5372    33.9127 0.0000e+00
     122930 319.024838  -59.76864  -62.06516     -0.872    1474.40     86.000     85.173    -0.4040    -0.4037     0.0003    -0.4066    -0.4064     0.0003   2.779768   2.779805   0.000033    33.7496    33.7497     7.8269    27.1160    27.1161    33.7500    27.1164    1446.99    1446.99    -0.4066  1027.5311    33.9114 0.0000e+00
     122957 319.024851  -59.76866  -62.06516     -0.914    1474.40     85.000     84.183    -0.4062    -0.3956     0.0106    -0.4088    -0.3982     0.0106   2.779562   2.780394   0.000742    33.7503    33.7484     7.8325    27.1167    27.1147    33.7503    27.1167    1446.97    1447.01    -0.4087  1027.5266    33.9116 0.0000e+00
