Pos-Processados/process_op41/Processamento_split/up/uoperantar41_006.cnv
* Sea-Bird SBE 9 Data File:
* FileName = C:\Users\Dell\Desktop\OperantarXLI\config\00_BRUTOS\OP41006.hdr
* Software Version Seasave V 7.26.7.110
* Temperature SN = 6497
* Conductivity SN = 4954
* Number of Bytes Per Scan = 31
* Number of Voltage Words = 2
* Number of Scans Averaged by the Deck Unit = 1
* NMEA Latitude = 42 12.54 S
* NMEA Longitude = 053 27.22 W
* NMEA UTC (Time) = Oct 22 2022 00:21:34
* NMEA baud rate = 4800
** H41
** Navio Polar Almirante Maximiano
** LH-021/2022
** Operantar XLI
** Número da Estação 006
** Latitude 42 12.640'S
** Longitude 053 27.212W
** Data/Hora (Z) 22/10/2022 00:19
** Profundidade local 5571 m
** 09-1439
** Nome do Operador CT Garla
# nquan = 30
# nvalues = 1014                        
# units = specified
# name 0 = scan: Scan Count
# name 1 = timeJ: Julian Days
# name 2 = latitude: Latitude [deg]
# name 3 = longitude: Longitude [deg]
# name 4 = dz/dtM: Descent Rate [m/s]
# name 5 = avgsvCM: Average Sound Velocity [Chen-Millero, m/s]
# name 6 = prDM: Pressure, Digiquartz [db]
# name 7 = depSM: Depth [salt water, m]
# name 8 = t090C: Temperature [ITS-90, deg C]
# name 9 = t190C: Temperature, 2 [ITS-90, deg C]
# name 10 = T2-T190C: Temperature Difference, 2 - 1 [ITS-90, deg C]
# name 11 = potemp090C: Potential Temperature [ITS-90, deg C]
# name 12 = potemp190C: Potential Temperature, 2 [ITS-90, deg C]
# name 13 = potemp90Cdiff: Potential Temperature, Diff, 2 - 1 [ITS-90, deg C]
# name 14 = c0S/m: Conductivity [S/m]
# name 15 = c1S/m: Conductivity, 2 [S/m]
# name 16 = C2-C1S/m: Conductivity Difference, 2 - 1 [S/m]
# name 17 = sal00: Salinity, Practical [PSU]
# name 18 = sal11: Salinity, Practical, 2 [PSU]
# name 19 = sbeox0ML/L: Oxygen, SBE 43 [ml/l]
# name 20 = sigma-é00: Density [sigma-theta, kg/m^3]
# name 21 = sigma-é11: Density, 2 [sigma-theta, kg/m^3]
# name 22 = sal00: Salinity, Practical [PSU]
# name 23 = sigma-é00: Density [sigma-theta, kg/m^3]
# name 24 = svCM: Sound Velocity [Chen-Millero, m/s]
# name 25 = svCM1: Sound Velocity, 2 [Chen-Millero, m/s]
# name 26 = gsw_ptA0: potential temperature [ITS-90, deg C]
# name 27 = gsw_densityA0: density, TEOS-10 [density, kg/m^3]
# name 28 = gsw_saA0: Absolute Salinity [g/kg]
# name 29 = flag:
# span 0 =      37143,      70680       
# span 1 = 295.032889, 295.049062       
# span 2 =  -42.19764,  -42.18751       
# span 3 =  -53.45734,  -53.45594       
# span 4 =     -2.159,     -0.084       
# span 5 =    1478.74,    1478.74       
# span 6 =      7.000,   1020.000       
# span 7 =      7.026,   1009.502       
# span 8 =     3.0853,    12.3486       
# span 9 =     3.0860,    12.3481       
# span 10 =    -0.2245,     0.2769      
# span 11 =     3.0155,    12.3473      
# span 12 =     3.0161,    12.3464      
# span 13 =    -0.2244,     0.2768      
# span 14 =   3.158297,   4.033086      
# span 15 =   3.158374,   4.031827      
# span 16 =  -0.022496,   0.034770      
# span 17 =    34.1142,    35.0576      
# span 18 =    34.1148,    35.0587      
# span 19 =     4.3442,     6.4900      
# span 20 =    26.3857,    27.3775      
# span 21 =    26.3869,    27.3776      
# span 22 =    34.1141,    35.0697      
# span 23 =    26.3869,    27.3774      
# span 24 =    1473.85,    1498.70      
# span 25 =    1473.85,    1498.65      
# span 26 =     3.0153,    12.3473      
# span 27 =  1026.4224,  1032.1009      
# span 28 =    34.2760,    35.2354      
# span 29 = 0.0000e+00, 0.0000e+00      
# interval = decibars: 1                
# start_time = Oct 22 2022 00:21:34 [NMEA time, header]
# bad_flag = -9.990e-29
*END*
[from data line 242]
      45707 295.037019  -42.19502  -53.45634     -1.326    1478.74    778.000    770.438     3.4171     3.4183     0.0011     3.3635     3.3646     0.0011   3.173653   3.173760   0.000097    34.2235    34.2234     5.0267    27.2315    27.2313    34.2242    27.2321    1475.94    1475.95     3.3633  1030.8381    34.3881 0.0000e+00
      45723 295.037026  -42.19502  -53.45634     -1.461    1478.74    777.000    769.450     3.4198     3.4214     0.0016     3.3662     3.3678     0.0016   3.173765   3.173931   0.000168    34.2224    34.2227     5.0303    27.2303    27.2304    34.2233    27.2311    1475.94    1475.95     3.3661  1030.8325    34.3872 0.0000e+00
      45741 295.037035  -42.19501  -53.45634     -1.485    1478.74    776.000    768.461     3.4223     3.4228     0.0004     3.3688     3.3692     0.0004   3.173873   3.173955   0.000083    34.2217    34.2223     5.0272    27.2295    27.2299    34.2225    27.2301    1475.93    1475.94     3.3687  1030.8269    34.3863 0.0000e+00
      45767 295.037048  -42.19500  -53.45634     -1.141    1478.74    775.000    767.477     3.4238     3.4211    -0.0027     3.3703     3.3677    -0.0027   3.173925   3.173788  -0.000117    34.2214    34.2228     5.0324    27.2291    27.2305    34.2221    27.2297    1475.92    1475.91     3.3702  1030.8218    34.3859 0.0000e+00
      45824 295.037075  -42.19498  -53.45634     -0.308    1478.74    774.000    766.482     3.4286     3.4270    -0.0016     3.3752     3.3736    -0.0016   3.174240   3.174162  -0.000079    34.2206    34.2213     5.0588    27.2280    27.2287    34.2213    27.2286    1475.92    1475.92     3.3752  1030.8161    34.3852 0.0000e+00
      45855 295.037090  -42.19497  -53.45634     -0.636    1478.74    773.000    765.496     3.4310     3.4305    -0.0005     3.3776     3.3772    -0.0005   3.174396   3.174429   0.000024    34.2204    34.2212     5.0633    27.2276    27.2283    34.2212    27.2283    1475.92    1475.92     3.3775  1030.8111    34.3850 0.0000e+00
      45873 295.037099  -42.19496  -53.45634     -1.020    1478.74    772.000    764.508     3.4341     3.4345     0.0004     3.3808     3.3812     0.0004   3.174594   3.174682   0.000080    34.2202    34.2207     5.0656    27.2271    27.2275    34.2209    27.2278    1475.91    1475.92     3.3807  1030.8059    34.3847 0.0000e+00
      45888 295.037106  -42.19496  -53.45634     -1.320    1478.74    771.000    763.519     3.4353     3.4362     0.0009     3.3820     3.3830     0.0009   3.174645   3.174752   0.000112    34.2201    34.2205     5.0667    27.2270    27.2272    34.2208    27.2275    1475.90    1475.91     3.3819  1030.8011    34.3846 0.0000e+00
      45903 295.037113  -42.19496  -53.45634     -1.537    1478.74    770.000    762.531     3.4368     3.4369     0.0001     3.3836     3.3837     0.0001   3.174701   3.174787   0.000077    34.2198    34.2205     5.0615    27.2266    27.2272    34.2204    27.2271    1475.89    1475.89     3.3835  1030.7960    34.3842 0.0000e+00
      45919 295.037121  -42.19494  -53.45634     -1.589    1478.74    769.000    761.542     3.4374     3.4380     0.0006     3.3843     3.3849     0.0006   3.174694   3.174790   0.000096    34.2196    34.2201     5.0608    27.2264    27.2267    34.2202    27.2268    1475.88    1475.88     3.3842  1030.7912    34.3840 0.0000e+00
      45942 295.037132  -42.19494  -53.45634     -1.325    1478.74    768.000    760.554     3.4393     3.4382    -0.0011     3.3862     3.3852    -0.0011   3.174811   3.174756  -0.000033    34.2194    34.2202     5.0601    27.2261    27.2267    34.2201    27.2266    1475.87    1475.86     3.3861  1030.7863    34.3839 0.0000e+00
      45982 295.037151  -42.19492  -53.45634     -0.652    1478.74    767.000    759.564     3.4414     3.4405    -0.0009     3.3885     3.3876    -0.0009   3.174935   3.174926  -0.000018    34.2193    34.2200     5.0686    27.2257    27.2264    34.2199    27.2262    1475.86    1475.86     3.3883  1030.7810    34.3834 0.0000e+00
      46022 295.037171  -42.19492 -9.990e-29     -0.549    1478.74    766.000    758.577     3.4451     3.4439    -0.0012     3.3922     3.3910    -0.0012   3.175205   3.175184  -0.000026    34.2190    34.2200     5.0691    27.2252    27.2260    34.2197    27.2257    1475.86    1475.86     3.3921  1030.7758    34.3832 0.0000e+00
      46044 295.037181  -42.19492 -9.990e-29     -0.878    1478.74    765.000    757.588     3.4485     3.4486     0.0002     3.3956     3.3958     0.0002   3.175428   3.175498   0.000070    34.2188    34.2194     5.0729    27.2246    27.2251    34.2194    27.2252    1475.86    1475.86     3.3955  1030.7706    34.3829 0.0000e+00
      46063 295.037190  -42.19492  -53.45636     -1.142    1478.74    764.000    756.600     3.4501     3.4500    -0.0002     3.3973     3.3972    -0.0002   3.175503   3.175549   0.000051    34.2185    34.2193     5.0717    27.2243    27.2249    34.2191    27.2247    1475.85    1475.84     3.3972  1030.7657    34.3827 0.0000e+00
      46083 295.037200  -42.19490  -53.45636     -1.236    1478.74    763.000    755.611     3.4511     3.4509    -0.0002     3.3984     3.3982    -0.0002   3.175549   3.175569   0.000022    34.2186    34.2191     5.0755    27.2242    27.2247    34.2192    27.2247    1475.83    1475.83     3.3983  1030.7612    34.3830 0.0000e+00
      46109 295.037212  -42.19488  -53.45636     -1.055    1478.74    762.000    754.623     3.4526     3.4521    -0.0005     3.4000     3.3994    -0.0005   3.175603   3.175606   0.000003    34.2183    34.2189     5.0795    27.2238    27.2243    34.2188    27.2242    1475.82    1475.82     3.3998  1030.7560    34.3825 0.0000e+00
      46138 295.037226  -42.19488  -53.45636     -0.837    1478.74    761.000    753.634     3.4532     3.4525    -0.0007     3.4006     3.3999    -0.0007   3.175614   3.175593  -0.000019    34.2183    34.2188     5.0818    27.2238    27.2242    34.2188    27.2241    1475.81    1475.81     3.4005  1030.7514    34.3825 0.0000e+00
      46163 295.037238  -42.19488  -53.45636     -0.891    1478.74    760.000    752.646     3.4544     3.4532    -0.0012     3.4019     3.4007    -0.0012   3.175635   3.175607  -0.000032    34.2178    34.2188     5.0872    27.2233    27.2242    34.2183    27.2236    1475.80    1475.79     3.4018  1030.7462    34.3820 0.0000e+00
      46184 295.037249  -42.19486  -53.45636     -1.031    1478.74    759.000    751.657     3.4561     3.4559    -0.0002     3.4036     3.4034    -0.0002   3.175722   3.175733   0.000023    34.2175    34.2180     5.0896    27.2229    27.2233    34.2181    27.2233    1475.79    1475.79     3.4035  1030.7413    34.3819 0.0000e+00
      46208 295.037260  -42.19486  -53.45636     -1.073    1478.74    758.000    750.669     3.4590     3.4574    -0.0016     3.4066     3.4050    -0.0016   3.175883   3.175803  -0.000075    34.2169    34.2177     5.0953    27.2221    27.2229    34.2175    27.2225    1475.78    1475.78     3.4065  1030.7359    34.3812 0.0000e+00
      46239 295.037275  -42.19485  -53.45637     -0.858    1478.74    757.000    749.680     3.4619     3.4615    -0.0004     3.4096     3.4092    -0.0004   3.176022   3.176047   0.000020    34.2162    34.2169     5.0914    27.2212    27.2218    34.2166    27.2216    1475.78    1475.78     3.4095  1030.7303    34.3804 0.0000e+00
      46280 295.037295  -42.19484  -53.45638     -0.587    1478.74    756.000    748.692     3.4659     3.4636    -0.0023     3.4136     3.4113    -0.0022   3.176304   3.176177  -0.000117    34.2157    34.2166     5.1000    27.2204    27.2214    34.2164    27.2210    1475.78    1475.77     3.4135  1030.7250    34.3802 0.0000e+00
      46312 295.037311  -42.19483  -53.45638     -0.672    1478.74    755.000    747.703     3.4709     3.4699    -0.0010     3.4186     3.4177    -0.0010   3.176704   3.176724  -0.000009    34.2156    34.2165     5.1056    27.2199    27.2207    34.2165    27.2206    1475.78    1475.78     3.4185  1030.7199    34.3802 0.0000e+00
      46334 295.037321  -42.19482  -53.45638     -0.920    1478.74    754.000    746.714     3.4763     3.4768     0.0005     3.4241     3.4246     0.0005   3.177100   3.177179   0.000091    34.2151    34.2157     5.1086    27.2190    27.2194    34.2161    27.2197    1475.79    1475.79     3.4240  1030.7143    34.3798 0.0000e+00
      46354 295.037331  -42.19482  -53.45638     -1.129    1478.74    753.000    745.726     3.4788     3.4790     0.0003     3.4267     3.4269     0.0003   3.177221   3.177298   0.000068    34.2147    34.2152     5.1118    27.2184    27.2188    34.2154    27.2189    1475.78    1475.78     3.4266  1030.7089    34.3791 0.0000e+00
      46375 295.037341  -42.19480  -53.45638     -1.194    1478.74    752.000    744.737     3.4796     3.4800     0.0004     3.4276     3.4279     0.0004   3.177244   3.177300   0.000061    34.2147    34.2150     5.1164    27.2183    27.2186    34.2153    27.2188    1475.77    1475.77     3.4274  1030.7042    34.3790 0.0000e+00
      46400 295.037353  -42.19480  -53.45638     -1.060    1478.74    751.000    743.749     3.4806     3.4796    -0.0010     3.4286     3.4276    -0.0010   3.177242   3.177222  -0.000017    34.2143    34.2151     5.1163    27.2179    27.2187    34.2148    27.2183    1475.76    1475.75     3.4285  1030.6990    34.3785 0.0000e+00
      46431 295.037368  -42.19479  -53.45638     -0.809    1478.74    750.000    742.760     3.4815     3.4809    -0.0006     3.4296     3.4289    -0.0006   3.177241   3.177247   0.000006    34.2139    34.2146     5.1183    27.2175    27.2181    34.2144    27.2179    1475.74    1475.74     3.4295  1030.6940    34.3781 0.0000e+00
      46461 295.037382  -42.19478  -53.45638     -0.764    1478.74    749.000    741.772     3.4821     3.4816    -0.0005     3.4303     3.4298    -0.0005   3.177210   3.177222   0.000008    34.2135    34.2141     5.1224    27.2171    27.2177    34.2139    27.2174    1475.73    1475.73     3.4301  1030.6889    34.3776 0.0000e+00
      46486 295.037394  -42.19478  -53.45638     -0.897    1478.74    748.000    740.783     3.4832     3.4839     0.0007     3.4314     3.4321     0.0007   3.177173   3.177247   0.000074    34.2124    34.2126     5.1226    27.2161    27.2162    34.2128    27.2164    1475.71    1475.72     3.4313  1030.6833    34.3765 0.0000e+00
      46510 295.037406  -42.19477  -53.45639     -1.003    1478.74    747.000    739.794     3.4855     3.4852    -0.0003     3.4338     3.4335    -0.0003   3.177116   3.177162   0.000053    34.2098    34.2107     5.1256    27.2139    27.2146    34.2102    27.2142    1475.70    1475.70     3.4337  1030.6764    34.3739 0.0000e+00
      46539 295.037420  -42.19476  -53.45640     -0.905    1478.74    746.000    738.806     3.4865     3.4852    -0.0013     3.4348     3.4336    -0.0012   3.177144   3.177103  -0.000043    34.2098    34.2105     5.1248    27.2137    27.2144    34.2101    27.2139    1475.69    1475.69     3.4347  1030.6716    34.3737 0.0000e+00
      46579 295.037439  -42.19475  -53.45640     -0.590    1478.74    745.000    737.817     3.4904     3.4896    -0.0008     3.4388     3.4380    -0.0008   3.177425   3.177441   0.000004    34.2091    34.2100     5.1423    27.2128    27.2136    34.2098    27.2133    1475.69    1475.69     3.4387  1030.6663    34.3735 0.0000e+00
      46607 295.037453  -42.19474  -53.45640     -0.722    1478.74    744.000    736.829     3.4971     3.4963    -0.0008     3.4456     3.4448    -0.0008   3.178074   3.178076   0.000001    34.2090    34.2098     5.1530    27.2120    27.2128    34.2111    27.2137    1475.70    1475.70     3.4454  1030.6620    34.3748 0.0000e+00
      46628 295.037463  -42.19473  -53.45640     -0.999    1478.74    743.000    735.841     3.5204     3.5201    -0.0004     3.4688     3.4685    -0.0004   3.180237   3.180370   0.000115    34.2101    34.2118     5.1478    27.2107    27.2121    34.2131    27.2131    1475.79    1475.79     3.4687  1030.6563    34.3768 0.0000e+00
      46646 295.037471  -42.19472  -53.45640     -1.217    1478.74    742.000    734.851     3.5361     3.5399     0.0038     3.4844     3.4882     0.0037   3.181779   3.182223   0.000432    34.2123    34.2136     5.1456    27.2110    27.2116    34.2156    27.2136    1475.84    1475.86     3.4843  1030.6518    34.3793 0.0000e+00
      46665 295.037481  -42.19472  -53.45640     -1.298    1478.74    741.000    733.863     3.5528     3.5521    -0.0007     3.5011     3.5004    -0.0007   3.183226   3.183150  -0.000021    34.2130    34.2134     5.1463    27.2099    27.2103    34.2160    27.2123    1475.90    1475.89     3.5010  1030.6456    34.3797 0.0000e+00
      46691 295.037493  -42.19470  -53.45640     -1.090    1478.74    740.000    732.875     3.5551     3.5494    -0.0057     3.5035     3.4979    -0.0057   3.183217   3.182778  -0.000413    34.2128    34.2139     5.1533    27.2095    27.2109    34.2140    27.2104    1475.89    1475.87     3.5034  1030.6391    34.3776 0.0000e+00
      46723 295.037509  -42.19470  -53.45640     -0.784    1478.74    739.000    731.887     3.5526     3.5449    -0.0076     3.5010     3.4934    -0.0076   3.182898   3.182398  -0.000463    34.2116    34.2140     5.1494    27.2088    27.2115    34.2134    27.2102    1475.86    1475.83     3.5009  1030.6343    34.3770 0.0000e+00
      46777 295.037535  -42.19469  -53.45641     -0.445    1478.74    738.000    730.898     3.5620     3.5558    -0.0061     3.5105     3.5044    -0.0061   3.183812   3.183364  -0.000447    34.2134    34.2145     5.1428    27.2093    27.2107    34.2149    27.2105    1475.89    1475.86     3.5104  1030.6289    34.3774 0.0000e+00
      46841 295.037566 -9.990e-29  -53.45642     -0.353    1478.74    737.000    729.906     3.5727     3.5746     0.0020     3.5212     3.5231     0.0020   3.184789   3.184999   0.000189    34.2148    34.2150     5.1406    27.2094    27.2094    34.2160    27.2103    1475.92    1475.93     3.5211  1030.6232    34.3776 0.0000e+00
      46859 295.037574  -42.19466  -53.45642     -0.838    1478.74    736.000    728.920     3.5761     3.5763     0.0003     3.5247     3.5249     0.0003   3.185065   3.185144   0.000081    34.2149    34.2155     5.1412    27.2091    27.2096    34.2162    27.2102    1475.91    1475.91     3.5245  1030.6188    34.3783 0.0000e+00
      46874 295.037581  -42.19466  -53.45642     -1.216    1478.74    735.000    727.931     3.5772     3.5769    -0.0004     3.5259     3.5255    -0.0004   3.185049   3.185070   0.000007    34.2148    34.2153     5.1442    27.2089    27.2093    34.2153    27.2093    1475.90    1475.90     3.5258  1030.6146    34.3790 0.0000e+00
      46888 295.037588  -42.19465  -53.45642     -1.514    1478.74    734.000    726.943     3.5731     3.5740     0.0008     3.5219     3.5227     0.0008   3.184550   3.184660   0.000112    34.2139    34.2144     5.1425    27.2086    27.2089    34.2142    27.2088    1475.87    1475.87     3.5218  1030.6096    34.3778 0.0000e+00
      46901 295.037595  -42.19464  -53.45642     -1.697    1478.74    733.000    725.954     3.5819     3.5727    -0.0092     3.5307     3.5215    -0.0092   3.185729   3.184730  -0.000796    34.2145    34.2147     5.1410    27.2082    27.2092    34.2196    27.2122    1475.89    1475.85     3.5306  1030.6082    34.3832 0.0000e+00
      46916 295.037602  -42.19464  -53.45642     -1.730    1478.74    732.000    724.966     3.6135     3.6009    -0.0125     3.5622     3.5496    -0.0125   3.188425   3.187570  -0.001011    34.2159    34.2170     5.1336    27.2063    27.2083    34.2193    27.2090    1476.01    1475.96     3.5620  1030.5997    34.3830 0.0000e+00
      46934 295.037611  -42.19463  -53.45642     -1.559    1478.74    731.000    723.977     3.6158     3.6115    -0.0043     3.5645     3.5602    -0.0043   3.188393   3.187897  -0.000511    34.2163    34.2146     5.1326    27.2063    27.2055    34.2171    27.2070    1476.00    1475.98     3.5644  1030.5931    34.3807 0.0000e+00
