Pos-Processados/process_op41/Processamento_split/up/uoperantar41_014LR.cnv
* Sea-Bird SBE 9 Data File:
* FileName = C:\Users\Dell\Desktop\OperantarXLI\config\00_BRUTOS\OPE41014LR.hdr
* Software Version Seasave V 7.26.7.110
* Temperature SN = 6497
* Conductivity SN = 4954
* Number of Bytes Per Scan = 31
* Number of Voltage Words = 2
* Number of Scans Averaged by the Deck Unit = 1
* NMEA Latitude = 45 53.01 S
* NMEA Longitude = 058 29.32 W
* NMEA UTC (Time) = Oct 25 2022 11:27:01
* NMEA baud rate = 4800
** H41
** Navio Polar Almirante Maximiano
** LH-021/2022
** Operantar XLI
** Número da Estação 014
** Latitude 45 53.086 S
** Longitude 058 29.226 W
** Data/Hora (Z) 25/10/2022 1127Z
** Profundidade local 2647 m
** 09-1439
** Nome do Operador CT GARLA
# nquan = 30
# nvalues = 2041                        
# units = specified
# name 0 = scan: Scan Count
# name 1 = timeJ: Julian Days
# name 2 = latitude: Latitude [deg]
# name 3 = longitude: Longitude [deg]
# name 4 = dz/dtM: Descent Rate [m/s]
# name 5 = avgsvCM: Average Sound Velocity [Chen-Millero, m/s]
# name 6 = prDM: Pressure, Digiquartz [db]
# name 7 = depSM: Depth [salt water, m]
# name 8 = t090C: Temperature [ITS-90, deg C]
# name 9 = t190C: Temperature, 2 [ITS-90, deg C]
# name 10 = T2-T190C: Temperature Difference, 2 - 1 [ITS-90, deg C]
# name 11 = potemp090C: Potential Temperature [ITS-90, deg C]
# name 12 = potemp190C: Potential Temperature, 2 [ITS-90, deg C]
# name 13 = potemp90Cdiff: Potential Temperature, Diff, 2 - 1 [ITS-90, deg C]
# name 14 = c0S/m: Conductivity [S/m]
# name 15 = c1S/m: Conductivity, 2 [S/m]
# name 16 = C2-C1S/m: Conductivity Difference, 2 - 1 [S/m]
# name 17 = sal00: Salinity, Practical [PSU]
# name 18 = sal11: Salinity, Practical, 2 [PSU]
# name 19 = sbeox0ML/L: Oxygen, SBE 43 [ml/l]
# name 20 = sigma-é00: Density [sigma-theta, kg/m^3]
# name 21 = sigma-é11: Density, 2 [sigma-theta, kg/m^3]
# name 22 = sal00: Salinity, Practical [PSU]
# name 23 = sigma-é00: Density [sigma-theta, kg/m^3]
# name 24 = svCM: Sound Velocity [Chen-Millero, m/s]
# name 25 = svCM1: Sound Velocity, 2 [Chen-Millero, m/s]
# name 26 = gsw_ptA0: potential temperature [ITS-90, deg C]
# name 27 = gsw_densityA0: density, TEOS-10 [density, kg/m^3]
# name 28 = gsw_saA0: Absolute Salinity [g/kg]
# name 29 = flag:
# span 0 =      56237,     116492       
# span 1 = 298.504215, 298.533273       
# span 2 =  -45.87848,  -45.87286       
# span 3 =  -58.48979,  -58.48924       
# span 4 =     -2.142,      0.018       
# span 5 =    1479.42,    1479.42       
# span 6 =      3.000,   2043.000       
# span 7 =      2.977,   2016.393       
# span 8 =     2.1895,     7.1460       
# span 9 =     2.1891,     7.1460       
# span 10 =    -0.1446,     0.1010      
# span 11 =     2.0577,     7.1456      
# span 12 =     2.0573,     7.1456      
# span 13 =    -0.1446,     0.1010      
# span 14 =   3.144139,   3.460105      
# span 15 =   3.144207,   3.460149      
# span 16 =  -0.011990,   0.008196      
# span 17 =    34.0777,    34.7469      
# span 18 =    34.0750,    34.7473      
# span 19 =     3.7111,     7.0448      
# span 20 =    26.6899,    27.7521      
# span 21 =    26.6903,    27.7523      
# span 22 =    34.0984,    34.7474      
# span 23 =    26.6900,    27.7522      
# span 24 =    1470.17,    1493.14      
# span 25 =    1470.18,    1493.13      
# span 26 =     2.0575,     7.1456      
# span 27 =  1026.7061,  1037.1415      
# span 28 =    34.2595,    34.9167      
# span 29 = 0.0000e+00, 0.0000e+00      
# interval = decibars: 1                
# start_time = Oct 25 2022 11:27:01 [NMEA time, header]
# bad_flag = -9.990e-29
*END*
[from data line 1451]
      96555 298.523658  -45.87478  -58.48962     -0.619    1479.42    592.000    586.309     3.5991     3.6036     0.0044     3.5584     3.5628     0.0044   3.175647   3.176046   0.000395    34.1550    34.1551     5.7105    27.1581    27.1578    34.1547    27.1579    1473.56    1473.58     3.5583  1029.9054    34.3182 0.0000e+00
      96572 298.523667  -45.87477  -58.48962     -1.062    1479.42    591.000    585.320     3.6036     3.6074     0.0038     3.5629     3.5667     0.0038   3.176190   3.176590   0.000403    34.1546    34.1555     5.7122    27.1574    27.1577    34.1570    27.1593    1473.56    1473.58     3.5628  1029.9021    34.3205 0.0000e+00
      96588 298.523674  -45.87476  -58.48962     -1.344    1479.42    590.000    584.331     3.6192     3.6180    -0.0012     3.5786     3.5773    -0.0012   3.177462   3.177401  -0.000013    34.1544    34.1555     5.7086    27.1557    27.1567    34.1564    27.1573    1473.61    1473.61     3.5784  1029.8952    34.3199 0.0000e+00
      96604 298.523682  -45.87476  -58.48962     -1.475    1479.42    589.000    583.342     3.6218     3.6215    -0.0003     3.5812     3.5809    -0.0003   3.177581   3.177615   0.000034    34.1547    34.1554     5.7089    27.1557    27.1562    34.1557    27.1564    1473.60    1473.60     3.5811  1029.8898    34.3192 0.0000e+00
      96630 298.523695  -45.87476  -58.48962     -1.183    1479.42    588.000    582.357     3.6228     3.6206    -0.0022     3.5822     3.5801    -0.0022   3.177589   3.177461  -0.000140    34.1549    34.1555     5.7035    27.1557    27.1564    34.1553    27.1560    1473.59    1473.58     3.5821  1029.8847    34.3187 0.0000e+00
      96679 298.523718  -45.87476  -58.48962     -0.393    1479.42    587.000    581.357     3.6143     3.6191     0.0047     3.5739     3.5786     0.0047   3.176864   3.177333   0.000470    34.1551    34.1557     5.7116    27.1567    27.1567    34.1559    27.1574    1473.54    1473.56     3.5738  1029.8815    34.3194 0.0000e+00
      96707 298.523732  -45.87476  -58.48962     -0.714    1479.42    586.000    580.375     3.6216     3.6233     0.0017     3.5812     3.5829     0.0017   3.177473   3.177657   0.000206    34.1551    34.1557     5.7158    27.1560    27.1563    34.1562    27.1568    1473.56    1473.56     3.5811  1029.8747    34.3177 0.0000e+00
      96727 298.523741 -9.990e-29  -58.48962     -1.021    1479.42    585.000    579.386     3.6300     3.6303     0.0003     3.5896     3.5899     0.0003   3.178231   3.178297   0.000071    34.1555    34.1560     5.7155    27.1554    27.1559    34.1570    27.1566    1473.58    1473.58     3.5895  1029.8695    34.3180 0.0000e+00
      96746 298.523751 -9.990e-29  -58.48962     -1.208    1479.42    584.000    578.397     3.6349     3.6359     0.0010     3.5946     3.5956     0.0010   3.178624   3.178712   0.000116    34.1557    34.1561     5.7159    27.1551    27.1554    34.1570    27.1562    1473.58    1473.58     3.5945  1029.8643    34.3181 0.0000e+00
      96769 298.523762 -9.990e-29  -58.48962     -1.170    1479.42    583.000    577.408     3.6379     3.6368    -0.0011     3.5976     3.5965    -0.0011   3.178778   3.178747  -0.000050    34.1558    34.1564     5.7141    27.1549    27.1555    34.1563    27.1553    1473.58    1473.57     3.5975  1029.8588    34.3174 0.0000e+00
      96799 298.523776  -45.87474  -58.48962     -0.880    1479.42    582.000    576.419     3.6390     3.6397     0.0008     3.5988     3.5996     0.0007   3.178865   3.178993   0.000117    34.1557    34.1563     5.7102    27.1547    27.1551    34.1567    27.1555    1473.56    1473.57     3.5987  1029.8553    34.3189 0.0000e+00
      96832 298.523792  -45.87474  -58.48962     -0.722    1479.42    581.000    575.430     3.6494     3.6501     0.0007     3.6092     3.6099     0.0007   3.179839   3.180020   0.000160    34.1561    34.1573     5.7093    27.1540    27.1549    34.1580    27.1555    1473.59    1473.60     3.6091  1029.8515    34.3214 0.0000e+00
      96864 298.523807  -45.87474  -58.48962     -0.749    1479.42    580.000    574.441     3.6645     3.6685     0.0040     3.6243     3.6283     0.0040   3.181177   3.181552   0.000405    34.1569    34.1575     5.7097    27.1532    27.1533    34.1587    27.1546    1473.64    1473.66     3.6242  1029.8457    34.3222 0.0000e+00
      96894 298.523822  -45.87474  -58.48962     -0.774    1479.42    579.000    573.452     3.6665     3.6690     0.0025     3.6264     3.6289     0.0025   3.181238   3.181485   0.000235    34.1571    34.1572     5.7125    27.1531    27.1530    34.1579    27.1538    1473.63    1473.64     3.6263  1029.8403    34.3213 0.0000e+00
      96919 298.523834  -45.87474  -58.48962     -0.884    1479.42    578.000    572.463     3.6701     3.6712     0.0011     3.6301     3.6311     0.0011   3.181528   3.181635   0.000116    34.1564    34.1567     5.7074    27.1522    27.1523    34.1581    27.1535    1473.63    1473.64     3.6300  1029.8354    34.3215 0.0000e+00
      96939 298.523843  -45.87474  -58.48962     -1.065    1479.42    577.000    571.474     3.6775     3.6780     0.0005     3.6375     3.6380     0.0005   3.182044   3.182122   0.000100    34.1555    34.1561     5.7044    27.1508    27.1512    34.1571    27.1520    1473.64    1473.65     3.6374  1029.8291    34.3205 0.0000e+00
      96957 298.523852  -45.87473  -58.48962     -1.235    1479.42    576.000    570.484     3.6808     3.6815     0.0008     3.6408     3.6416     0.0008   3.182262   3.182373   0.000111    34.1555    34.1561     5.7077    27.1505    27.1508    34.1567    27.1514    1473.64    1473.65     3.6408  1029.8239    34.3202 0.0000e+00
      96976 298.523861  -45.87472  -58.48962     -1.306    1479.42    575.000    569.495     3.6833     3.6834     0.0001     3.6434     3.6435     0.0002   3.182431   3.182493   0.000055    34.1555    34.1560     5.7097    27.1502    27.1506    34.1567    27.1511    1473.64    1473.64     3.6433  1029.8189    34.3201 0.0000e+00
      97005 298.523876  -45.87472  -58.48962     -0.991    1479.42    574.000    568.507     3.6835     3.6848     0.0013     3.6437     3.6450     0.0012   3.182339   3.182469   0.000131    34.1550    34.1553     5.7116    27.1498    27.1499    34.1558    27.1504    1473.62    1473.62     3.6436  1029.8136    34.3192 0.0000e+00
      97054 298.523899  -45.87472  -58.48962     -0.422    1479.42    573.000    567.516     3.6819     3.6867     0.0048     3.6421     3.6469     0.0047   3.182208   3.182591   0.000382    34.1557    34.1553     5.7288    27.1504    27.1497    34.1565    27.1511    1473.60    1473.62     3.6421  1029.8097    34.3199 0.0000e+00
      97083 298.523913  -45.87472  -58.48962     -0.708    1479.42    572.000    566.528     3.6873     3.6876     0.0003     3.6477     3.6480     0.0003   3.182533   3.182621   0.000091    34.1544    34.1552     5.7470    27.1489    27.1495    34.1552    27.1496    1473.60    1473.60     3.6476  1029.8035    34.3186 0.0000e+00
      97106 298.523924  -45.87472  -58.48962     -0.942    1479.42    571.000    565.539     3.6932     3.6906    -0.0026     3.6535     3.6510    -0.0026   3.182970   3.182828  -0.000130    34.1535    34.1547     5.7367    27.1477    27.1488    34.1548    27.1487    1473.61    1473.60     3.6535  1029.7979    34.3182 0.0000e+00
      97128 298.523935  -45.87472  -58.48962     -1.062    1479.42    570.000    564.550     3.6976     3.6976    -0.0000     3.6580     3.6580    -0.0000   3.183236   3.183275   0.000036    34.1531    34.1535     5.7295    27.1469    27.1472    34.1540    27.1475    1473.61    1473.61     3.6579  1029.7921    34.3173 0.0000e+00
      97150 298.523945  -45.87471  -58.48962     -1.099    1479.42    569.000    563.561     3.7015     3.7035     0.0021     3.6619     3.6640     0.0021   3.183583   3.183812   0.000229    34.1530    34.1536     5.7376    27.1464    27.1467    34.1546    27.1476    1473.61    1473.62     3.6619  1029.7875    34.3179 0.0000e+00
      97169 298.523955  -45.87470  -58.48962     -1.151    1479.42    568.000    562.572     3.7076     3.7089     0.0013     3.6682     3.6694     0.0013   3.184019   3.184180   0.000159    34.1526    34.1532     5.7454    27.1455    27.1458    34.1538    27.1465    1473.62    1473.62     3.6681  1029.7816    34.3172 0.0000e+00
      97188 298.523964  -45.87470  -58.48962     -1.233    1479.42    567.000    561.583     3.7112     3.7117     0.0006     3.6718     3.6723     0.0006   3.184257   3.184360   0.000097    34.1524    34.1530     5.7593    27.1449    27.1453    34.1535    27.1458    1473.62    1473.62     3.6717  1029.7763    34.3168 0.0000e+00
      97208 298.523973  -45.87470  -58.48962     -1.261    1479.42    566.000    560.594     3.7154     3.7180     0.0027     3.6760     3.6786     0.0027   3.184595   3.184896   0.000292    34.1524    34.1531     5.7653    27.1445    27.1448    34.1537    27.1455    1473.62    1473.63     3.6759  1029.7714    34.3171 0.0000e+00
      97240 298.523989  -45.87470  -58.48962     -0.917    1479.42    565.000    559.606     3.7180     3.7179    -0.0001     3.6787     3.6786    -0.0001   3.184743   3.184785   0.000069    34.1523    34.1532     5.7693    27.1442    27.1449    34.1533    27.1450    1473.61    1473.61     3.6786  1029.7661    34.3166 0.0000e+00
      97290 298.524013  -45.87470  -58.48962     -0.373    1479.42    564.000    558.614     3.7205     3.7139    -0.0066     3.6813     3.6747    -0.0066   3.184859   3.184382  -0.000477    34.1520    34.1532     5.7612    27.1437    27.1453    34.1525    27.1441    1473.61    1473.58     3.6812  1029.7606    34.3158 0.0000e+00
      97313 298.524024  -45.87470  -58.48962     -0.766    1479.42    563.000    557.626     3.7169     3.7180     0.0011     3.6778     3.6789     0.0011   3.184359   3.184543   0.000168    34.1510    34.1518     5.7637    27.1432    27.1438    34.1508    27.1431    1473.57    1473.58     3.6777  1029.7551    34.3142 0.0000e+00
      97330 298.524032  -45.87470  -58.48962     -1.112    1479.42    562.000    556.637     3.7189     3.7190     0.0001     3.6798     3.6800     0.0001   3.184409   3.184497   0.000080    34.1485    34.1493     5.7616    27.1410    27.1416    34.1499    27.1421    1473.56    1473.57     3.6797  1029.7495    34.3132 0.0000e+00
      97346 298.524040  -45.87470  -58.48962     -1.369    1479.42    561.000    555.648     3.7285     3.7294     0.0008     3.6895     3.6903     0.0008   3.185173   3.185356   0.000144    34.1479    34.1487     5.7584    27.1395    27.1401    34.1495    27.1408    1473.58    1473.59     3.6895  1029.7434    34.3127 0.0000e+00
      97363 298.524048  -45.87469  -58.48962     -1.462    1479.42    560.000    554.659     3.7361     3.7384     0.0023     3.6971     3.6994     0.0023   3.185770   3.186013   0.000240    34.1480    34.1485     5.7605    27.1390    27.1391    34.1492    27.1399    1473.60    1473.61     3.6970  1029.7378    34.3125 0.0000e+00
      97390 298.524061  -45.87468  -58.48962     -1.140    1479.42    559.000    553.671     3.7359     3.7385     0.0026     3.6970     3.6996     0.0025   3.185729   3.185926   0.000234    34.1484    34.1485     5.7821    27.1393    27.1391    34.1494    27.1401    1473.58    1473.59     3.6969  1029.7333    34.3127 0.0000e+00
      97436 298.524083  -45.87468  -58.48962     -0.447    1479.42    558.000    552.678     3.7446     3.7344    -0.0102     3.7057     3.6956    -0.0101   3.186428   3.185656  -0.000779    34.1482    34.1496     5.8145    27.1383    27.1403    34.1492    27.1390    1473.60    1473.56     3.7056  1029.7276    34.3125 0.0000e+00
      97467 298.524098  -45.87468  -58.48962     -0.689    1479.42    557.000    551.692     3.7416     3.7422     0.0007     3.7027     3.7034     0.0007   3.186111   3.186194   0.000079    34.1485    34.1487     5.8080    27.1388    27.1389    34.1492    27.1393    1473.57    1473.58     3.7027  1029.7232    34.3124 0.0000e+00
      97488 298.524108  -45.87467  -58.48962     -0.967    1479.42    556.000    550.702     3.7437     3.7446     0.0010     3.7049     3.7058     0.0009   3.186240   3.186382   0.000121    34.1485    34.1489     5.8130    27.1385    27.1388    34.1490    27.1390    1473.57    1473.57     3.7048  1029.7183    34.3123 0.0000e+00
      97510 298.524119  -45.87466  -58.48962     -1.107    1479.42    555.000    549.713     3.7453     3.7461     0.0008     3.7066     3.7074     0.0008   3.186345   3.186446   0.000108    34.1485    34.1489     5.8162    27.1383    27.1386    34.1491    27.1389    1473.56    1473.56     3.7065  1029.7135    34.3124 0.0000e+00
      97539 298.524133  -45.87466  -58.48962     -0.938    1479.42    554.000    548.724     3.7460     3.7462     0.0002     3.7074     3.7076     0.0002   3.186347   3.186417   0.000065    34.1484    34.1489     5.8116    27.1383    27.1386    34.1489    27.1387    1473.54    1473.55     3.7073  1029.7087    34.3122 0.0000e+00
      97566 298.524146  -45.87466  -58.48962     -0.828    1479.42    553.000    547.735     3.7467     3.7469     0.0002     3.7082     3.7084     0.0002   3.186359   3.186436   0.000070    34.1483    34.1489     5.8022    27.1381    27.1386    34.1488    27.1385    1473.53    1473.53     3.7081  1029.7039    34.3121 0.0000e+00
      97585 298.524155  -45.87466  -58.48962     -1.019    1479.42    552.000    546.746     3.7481     3.7481     0.0000     3.7096     3.7096 5.9853e-07   3.186434   3.186457   0.000028    34.1482    34.1486     5.8064    27.1379    27.1381    34.1488    27.1383    1473.52    1473.52     3.7095  1029.6991    34.3121 0.0000e+00
      97603 298.524164  -45.87466  -58.48962     -1.230    1479.42    551.000    545.757     3.7494     3.7501     0.0007     3.7110     3.7117     0.0007   3.186486   3.186592   0.000099    34.1480    34.1485     5.8116    27.1376    27.1379    34.1485    27.1380    1473.51    1473.51     3.7109  1029.6942    34.3118 0.0000e+00
      97623 298.524174  -45.87466  -58.48962     -1.290    1479.42    550.000    544.768     3.7512     3.7524     0.0013     3.7129     3.7141     0.0013   3.186597   3.186782   0.000161    34.1480    34.1486     5.8115    27.1374    27.1378    34.1486    27.1378    1473.50    1473.51     3.7128  1029.6893    34.3118 0.0000e+00
      97659 298.524191  -45.87466  -58.48962     -0.820    1479.42    549.000    543.778     3.7531     3.7528    -0.0003     3.7148     3.7145    -0.0003   3.186707   3.186719   0.000026    34.1480    34.1486     5.8127    27.1372    27.1377    34.1484    27.1375    1473.49    1473.49     3.7147  1029.6844    34.3117 0.0000e+00
      97699 298.524210  -45.87466  -58.48962     -0.523    1479.42    548.000    542.789     3.7555     3.7542    -0.0014     3.7173     3.7159    -0.0014   3.186890   3.186784  -0.000112    34.1482    34.1483     5.8217    27.1371    27.1373    34.1486    27.1374    1473.48    1473.48     3.7172  1029.6796    34.3118 0.0000e+00
      97723 298.524222  -45.87465  -58.48962     -0.851    1479.42    547.000    541.800     3.7609     3.7645     0.0036     3.7227     3.7263     0.0036   3.187350   3.187831   0.000384    34.1473    34.1481     5.8212    27.1358    27.1361    34.1490    27.1372    1473.49    1473.51     3.7227  1029.6747    34.3122 0.0000e+00
      97742 298.524231  -45.87464  -58.48962     -1.105    1479.42    546.000    540.811     3.7758     3.7834     0.0076     3.7377     3.7452     0.0075   3.188523   3.189169   0.000686    34.1459    34.1462     5.8141    27.1332    27.1327    34.1479    27.1348    1473.54    1473.57     3.7376  1029.6676    34.3111 0.0000e+00
