Pos-Processados/process_op41/Processamento_split/up/uoperantar41_014LR.cnv
* Sea-Bird SBE 9 Data File:
* FileName = C:\Users\Dell\Desktop\OperantarXLI\config\00_BRUTOS\OPE41014LR.hdr
* Software Version Seasave V 7.26.7.110
* Temperature SN = 6497
* Conductivity SN = 4954
* Number of Bytes Per Scan = 31
* Number of Voltage Words = 2
* Number of Scans Averaged by the Deck Unit = 1
* NMEA Latitude = 45 53.01 S
* NMEA Longitude = 058 29.32 W
* NMEA UTC (Time) = Oct 25 2022 11:27:01
* NMEA baud rate = 4800
** H41
** Navio Polar Almirante Maximiano
** LH-021/2022
** Operantar XLI
** Número da Estação 014
** Latitude 45 53.086 S
** Longitude 058 29.226 W
** Data/Hora (Z) 25/10/2022 1127Z
** Profundidade local 2647 m
** 09-1439
** Nome do Operador CT GARLA
# nquan = 30
# nvalues = 2041                        
# units = specified
# name 0 = scan: Scan Count
# name 1 = timeJ: Julian Days
# name 2 = latitude: Latitude [deg]
# name 3 = longitude: Longitude [deg]
# name 4 = dz/dtM: Descent Rate [m/s]
# name 5 = avgsvCM: Average Sound Velocity [Chen-Millero, m/s]
# name 6 = prDM: Pressure, Digiquartz [db]
# name 7 = depSM: Depth [salt water, m]
# name 8 = t090C: Temperature [ITS-90, deg C]
# name 9 = t190C: Temperature, 2 [ITS-90, deg C]
# name 10 = T2-T190C: Temperature Difference, 2 - 1 [ITS-90, deg C]
# name 11 = potemp090C: Potential Temperature [ITS-90, deg C]
# name 12 = potemp190C: Potential Temperature, 2 [ITS-90, deg C]
# name 13 = potemp90Cdiff: Potential Temperature, Diff, 2 - 1 [ITS-90, deg C]
# name 14 = c0S/m: Conductivity [S/m]
# name 15 = c1S/m: Conductivity, 2 [S/m]
# name 16 = C2-C1S/m: Conductivity Difference, 2 - 1 [S/m]
# name 17 = sal00: Salinity, Practical [PSU]
# name 18 = sal11: Salinity, Practical, 2 [PSU]
# name 19 = sbeox0ML/L: Oxygen, SBE 43 [ml/l]
# name 20 = sigma-é00: Density [sigma-theta, kg/m^3]
# name 21 = sigma-é11: Density, 2 [sigma-theta, kg/m^3]
# name 22 = sal00: Salinity, Practical [PSU]
# name 23 = sigma-é00: Density [sigma-theta, kg/m^3]
# name 24 = svCM: Sound Velocity [Chen-Millero, m/s]
# name 25 = svCM1: Sound Velocity, 2 [Chen-Millero, m/s]
# name 26 = gsw_ptA0: potential temperature [ITS-90, deg C]
# name 27 = gsw_densityA0: density, TEOS-10 [density, kg/m^3]
# name 28 = gsw_saA0: Absolute Salinity [g/kg]
# name 29 = flag:
# span 0 =      56237,     116492       
# span 1 = 298.504215, 298.533273       
# span 2 =  -45.87848,  -45.87286       
# span 3 =  -58.48979,  -58.48924       
# span 4 =     -2.142,      0.018       
# span 5 =    1479.42,    1479.42       
# span 6 =      3.000,   2043.000       
# span 7 =      2.977,   2016.393       
# span 8 =     2.1895,     7.1460       
# span 9 =     2.1891,     7.1460       
# span 10 =    -0.1446,     0.1010      
# span 11 =     2.0577,     7.1456      
# span 12 =     2.0573,     7.1456      
# span 13 =    -0.1446,     0.1010      
# span 14 =   3.144139,   3.460105      
# span 15 =   3.144207,   3.460149      
# span 16 =  -0.011990,   0.008196      
# span 17 =    34.0777,    34.7469      
# span 18 =    34.0750,    34.7473      
# span 19 =     3.7111,     7.0448      
# span 20 =    26.6899,    27.7521      
# span 21 =    26.6903,    27.7523      
# span 22 =    34.0984,    34.7474      
# span 23 =    26.6900,    27.7522      
# span 24 =    1470.17,    1493.14      
# span 25 =    1470.18,    1493.13      
# span 26 =     2.0575,     7.1456      
# span 27 =  1026.7061,  1037.1415      
# span 28 =    34.2595,    34.9167      
# span 29 = 0.0000e+00, 0.0000e+00      
# interval = decibars: 1                
# start_time = Oct 25 2022 11:27:01 [NMEA time, header]
# bad_flag = -9.990e-29
*END*
[from data line 387]
      68877 298.510311  -45.87732  -58.48937     -1.175    1479.42   1656.000   1635.932     2.3030     2.3030     0.0000     2.1906     2.1906    -0.0000   3.147414   3.147459   0.000031    34.6356    34.6360     3.7340    27.6644    27.6647    34.6359    27.6646    1486.29    1486.29     2.1904  1035.3116    34.8047 0.0000e+00
      68893 298.510318  -45.87732  -58.48936     -1.341    1479.42   1655.000   1634.948     2.3039     2.3049     0.0010     2.1916     2.1926     0.0010   3.147498   3.147613   0.000116    34.6358    34.6362     3.7326    27.6644    27.6647    34.6363    27.6649    1486.28    1486.29     2.1914  1035.3073    34.8052 0.0000e+00
      68910 298.510326  -45.87732 -9.990e-29     -1.444    1479.42   1654.000   1633.964     2.3094     2.3085    -0.0009     2.1971     2.1962    -0.0009   3.147961   3.147909  -0.000048    34.6358    34.6362     3.7300    27.6641    27.6644    34.6367    27.6647    1486.29    1486.29     2.1969  1035.3019    34.8051 0.0000e+00
      68928 298.510335  -45.87732 -9.990e-29     -1.430    1479.42   1653.000   1632.980     2.3094     2.3098     0.0003     2.1972     2.1976     0.0003   3.147856   3.147915   0.000056    34.6356    34.6359     3.7301    27.6638    27.6641    34.6358    27.6641    1486.27    1486.27     2.1970  1035.2968    34.8042 0.0000e+00
      68974 298.510357  -45.87731  -58.48937     -0.764    1479.42   1652.000   1631.980     2.3074     2.3075     0.0001     2.1953     2.1954     0.0001   3.147627   3.147671   0.000044    34.6355    34.6360     3.7254    27.6640    27.6643    34.6357    27.6641    1486.24    1486.25     2.1952  1035.2924    34.8042 0.0000e+00
      69038 298.510388  -45.87730  -58.48938     -0.423    1479.42   1651.000   1631.013     2.3045     2.3044    -0.0001     2.1925     2.1924    -0.0001   3.147375   3.147388   0.000014    34.6359    34.6362     3.7294    27.6645    27.6647    34.6363    27.6648    1486.22    1486.22     2.1923  1035.2890    34.8051 0.0000e+00
      69052 298.510395  -45.87730  -58.48938     -1.012    1479.42   1650.000   1630.028     2.3068     2.3071     0.0003     2.1948     2.1952     0.0003   3.147503   3.147545   0.000045    34.6357    34.6359     3.7337    27.6642    27.6643    34.6359    27.6643    1486.21    1486.21     2.1947  1035.2839    34.8048 0.0000e+00
      69067 298.510402  -45.87729  -58.48938     -1.393    1479.42   1649.000   1629.043     2.3076     2.3076     0.0000     2.1957     2.1957     0.0000   3.147450   3.147491   0.000038    34.6348    34.6352     3.7280    27.6633    27.6637    34.6349    27.6634    1486.19    1486.19     2.1956  1035.2785    34.8037 0.0000e+00
      69080 298.510408  -45.87728  -58.48938     -1.608    1479.42   1648.000   1628.060     2.3091     2.3092     0.0001     2.1973     2.1974     0.0001   3.147518   3.147554   0.000047    34.6341    34.6346     3.7288    27.6627    27.6630    34.6345    27.6630    1486.18    1486.18     2.1971  1035.2735    34.8034 0.0000e+00
      69093 298.510415  -45.87728  -58.48938     -1.748    1479.42   1647.000   1627.075     2.3113     2.3108    -0.0005     2.1996     2.1991    -0.0005   3.147662   3.147671   0.000001    34.6340    34.6345     3.7304    27.6624    27.6629    34.6345    27.6628    1486.17    1486.17     2.1994  1035.2686    34.8034 0.0000e+00
      69107 298.510421 -9.990e-29  -58.48938     -1.807    1479.42   1646.000   1626.092     2.3126     2.3137     0.0011     2.2009     2.2020     0.0011   3.147727   3.147876   0.000138    34.6343    34.6348     3.7281    27.6625    27.6628    34.6344    27.6626    1486.16    1486.17     2.2008  1035.2595    34.7977 0.0000e+00
      69125 298.510430 -9.990e-29  -58.48938     -1.649    1479.42   1645.000   1625.117     2.3135     2.3138     0.0003     2.2019     2.2022     0.0002   3.147794   3.147816   0.000034    34.6344    34.6345     3.7277    27.6625    27.6626    34.6347    27.6628    1486.15    1486.15     2.2017  1035.2551    34.7981 0.0000e+00
      69194 298.510463 -9.990e-29  -58.48938     -0.542    1479.42   1644.000   1624.031     2.3113     2.3131     0.0018     2.1998     2.2016     0.0017   3.147536   3.147777   0.000222    34.6343    34.6352     3.7270    27.6626    27.6632    34.6344    27.6627    1486.12    1486.13     2.1997  1035.2506    34.7978 0.0000e+00
      69233 298.510482 -9.990e-29  -58.48938     -0.854    1479.42   1643.000   1623.141     2.3130     2.3138     0.0008     2.2015     2.2023     0.0008   3.147705   3.147787   0.000086    34.6347    34.6348     3.7222    27.6628    27.6628    34.6353    27.6633    1486.12    1486.12     2.2014  1035.2465    34.7986 0.0000e+00
      69245 298.510488 -9.990e-29  -58.48938     -1.430    1479.42   1642.000   1622.155     2.3177     2.3181     0.0004     2.2063     2.2067     0.0004   3.148135   3.148262   0.000098    34.6349    34.6358     3.7249    27.6626    27.6632    34.6360    27.6634    1486.12    1486.13     2.2061  1035.2419    34.7993 0.0000e+00
      69256 298.510493 -9.990e-29  -58.48938     -1.811    1479.42   1641.000   1621.172     2.3277     2.3283     0.0005     2.2162     2.2168     0.0005   3.149252   3.149438   0.000173    34.6360    34.6375     3.7214    27.6627    27.6638    34.6394    27.6654    1486.15    1486.16     2.2161  1035.2389    34.8028 0.0000e+00
      69266 298.510498 -9.990e-29  -58.48938     -2.046    1479.42   1640.000   1620.187     2.3399     2.3388    -0.0011     2.2284     2.2273    -0.0011   3.150183   3.150117  -0.000018    34.6364    34.6373     3.7219    27.6620    27.6627    34.6383    27.6635    1486.19    1486.18     2.2282  1035.2319    34.8017 0.0000e+00
      69278 298.510504 -9.990e-29  -58.48938     -2.142    1479.42   1639.000   1619.203     2.3405     2.3415     0.0010     2.2291     2.2301     0.0010   3.150091   3.150250   0.000140    34.6366    34.6372     3.7206    27.6620    27.6625    34.6371    27.6624    1486.17    1486.18     2.2289  1035.2263    34.8004 0.0000e+00
      69293 298.510511  -45.87728  -58.48938     -2.015    1479.42   1638.000   1618.225     2.3349     2.3389     0.0041     2.2236     2.2276     0.0040   3.149429   3.149920   0.000451    34.6355    34.6367     3.7284    27.6616    27.6623    34.6355    27.6616    1486.13    1486.15     2.2234  1035.2221    34.7999 0.0000e+00
      69361 298.510544  -45.87728  -58.48938     -0.802    1479.42   1637.000   1617.174     2.3350     2.3362     0.0012     2.2238     2.2250     0.0012   3.149567   3.149697   0.000155    34.6366    34.6372     3.7368    27.6625    27.6629    34.6375    27.6632    1486.12    1486.12     2.2236  1035.2229    34.8067 0.0000e+00
      69405 298.510565  -45.87727  -58.48938     -0.903    1479.42   1636.000   1616.252     2.3331     2.3338     0.0007     2.2220     2.2227     0.0007   3.149318   3.149373   0.000079    34.6367    34.6369     3.7345    27.6627    27.6629    34.6370    27.6629    1486.09    1486.09     2.2218  1035.2142    34.8011 0.0000e+00
      69418 298.510571 -9.990e-29  -58.48938     -1.426    1479.42   1635.000   1615.266     2.3333     2.3334     0.0001     2.2222     2.2224     0.0001   3.149236   3.149284   0.000050    34.6362    34.6367     3.7387    27.6623    27.6627    34.6363    27.6624    1486.07    1486.07     2.2221  1035.2084    34.7996 0.0000e+00
      69432 298.510578 -9.990e-29  -58.48938     -1.692    1479.42   1634.000   1614.282     2.3310     2.3318     0.0008     2.2200     2.2208     0.0008   3.148874   3.148977   0.000087    34.6355    34.6358     3.7429    27.6619    27.6621    34.6348    27.6614    1486.04    1486.05     2.2199  1035.2030    34.7982 0.0000e+00
      69447 298.510586 -9.990e-29  -58.48938     -1.702    1479.42   1633.000   1613.298     2.3258     2.3292     0.0034     2.2150     2.2184     0.0034   3.148269   3.148677   0.000384    34.6341    34.6351     3.7412    27.6612    27.6617    34.6335    27.6607    1486.00    1486.02     2.2148  1035.1981    34.7968 0.0000e+00
      69469 298.510596 -9.990e-29  -58.48938     -1.384    1479.42   1632.000   1612.314     2.3261     2.3275     0.0014     2.2154     2.2168     0.0014   3.148344   3.148519   0.000187    34.6341    34.6350     3.7414    27.6612    27.6617    34.6346    27.6615    1485.99    1486.00     2.2152  1035.1943    34.7979 0.0000e+00
      69510 298.510616  -45.87726  -58.48938     -0.588    1479.42   1631.000   1611.328     2.3294     2.3301     0.0007     2.2187     2.2194     0.0007   3.148614   3.148751   0.000117    34.6350    34.6357     3.7365    27.6617    27.6621    34.6349    27.6615    1485.99    1485.99     2.2185  1035.1928    34.8022 0.0000e+00
      69541 298.510631  -45.87726  -58.48938     -0.678    1479.42   1630.000   1610.346     2.3275     2.3306     0.0030     2.2170     2.2199     0.0030   3.148443   3.148740   0.000317    34.6351    34.6358     3.7368    27.6618    27.6621    34.6353    27.6620    1485.96    1485.98     2.2168  1035.1900    34.8042 0.0000e+00
      69565 298.510642  -45.87726  -58.48938     -0.951    1479.42   1629.000   1609.362     2.3257     2.3268     0.0011     2.2152     2.2163     0.0011   3.148086   3.148220   0.000132    34.6342    34.6346     3.7376    27.6613    27.6615    34.6334    27.6606    1485.94    1485.94     2.2150  1035.1842    34.8023 0.0000e+00
      69589 298.510654  -45.87726  -58.48938     -1.011    1479.42   1628.000   1608.377     2.3222     2.3226     0.0003     2.2118     2.2122     0.0003   3.147703   3.147753   0.000052    34.6332    34.6334     3.7340    27.6607    27.6609    34.6329    27.6605    1485.90    1485.91     2.2117  1035.1797    34.8018 0.0000e+00
      69616 298.510667  -45.87726  -58.48938     -0.923    1479.42   1627.000   1607.393     2.3219     2.3223     0.0004     2.2117     2.2121     0.0004   3.147639   3.147703   0.000070    34.6331    34.6335     3.7372    27.6606    27.6610    34.6329    27.6605    1485.89    1485.89     2.2115  1035.1752    34.8018 0.0000e+00
      69641 298.510679  -45.87725  -58.48938     -0.918    1479.42   1626.000   1606.409     2.3222     2.3222    -0.0000     2.2120     2.2120    -0.0000   3.147626   3.147638   0.000020    34.6331    34.6334     3.7381    27.6606    27.6608    34.6330    27.6606    1485.87    1485.87     2.2118  1035.1707    34.8019 0.0000e+00
      69660 298.510688  -45.87724  -58.48938     -1.071    1479.42   1625.000   1605.425     2.3248     2.3234    -0.0014     2.2147     2.2133    -0.0013   3.147764   3.147715  -0.000044    34.6324    34.6333     3.7270    27.6599    27.6607    34.6324    27.6599    1485.87    1485.86     2.2145  1035.1654    34.8013 0.0000e+00
      69678 298.510697  -45.87724  -58.48938     -1.241    1479.42   1624.000   1604.441     2.3253     2.3250    -0.0004     2.2152     2.2149    -0.0004   3.147760   3.147731  -0.000016    34.6321    34.6323     3.7257    27.6596    27.6598    34.6324    27.6598    1485.85    1485.85     2.2151  1035.1607    34.8012 0.0000e+00
      69697 298.510706  -45.87726  -58.48938     -1.317    1479.42   1623.000   1603.457     2.3288     2.3282    -0.0006     2.2188     2.2182    -0.0006   3.147971   3.147966  -0.000011    34.6315    34.6320     3.7344    27.6588    27.6593    34.6317    27.6590    1485.85    1485.85     2.2186  1035.1552    34.8006 0.0000e+00
      69731 298.510722  -45.87726  -58.48938     -0.888    1479.42   1622.000   1602.473     2.3277     2.3274    -0.0003     2.2178     2.2175    -0.0003   3.147845   3.147841  -0.000003    34.6318    34.6321     3.7288    27.6591    27.6594    34.6318    27.6591    1485.83    1485.83     2.2176  1035.1509    34.8006 0.0000e+00
      69783 298.510747  -45.87724  -58.48938     -0.306    1479.42   1621.000   1601.485     2.3249     2.3255     0.0006     2.2151     2.2157     0.0006   3.147586   3.147657   0.000068    34.6322    34.6324     3.7278    27.6597    27.6598    34.6322    27.6597    1485.80    1485.80     2.2149  1035.1470    34.8010 0.0000e+00
      69800 298.510756  -45.87724  -58.48938     -0.842    1479.42   1620.000   1600.505     2.3271     2.3270    -0.0000     2.2173     2.2172    -0.0000   3.147751   3.147771   0.000024    34.6320    34.6324     3.7258    27.6593    27.6596    34.6324    27.6596    1485.79    1485.79     2.2172  1035.1424    34.8012 0.0000e+00
      69816 298.510763  -45.87724  -58.48938     -1.254    1479.42   1619.000   1599.520     2.3296     2.3298     0.0002     2.2199     2.2201     0.0002   3.147869   3.147928   0.000055    34.6316    34.6320     3.7220    27.6588    27.6591    34.6317    27.6588    1485.78    1485.79     2.2197  1035.1369    34.8005 0.0000e+00
      69831 298.510771  -45.87724  -58.48938     -1.490    1479.42   1618.000   1598.536     2.3297     2.3297     0.0001     2.2200     2.2201     0.0001   3.147821   3.147853   0.000032    34.6315    34.6318     3.7219    27.6587    27.6589    34.6315    27.6587    1485.77    1485.77     2.2199  1035.1322    34.8003 0.0000e+00
      69847 298.510778  -45.87724  -58.48938     -1.582    1479.42   1617.000   1597.552     2.3301     2.3303     0.0002     2.2206     2.2207     0.0002   3.147851   3.147903   0.000058    34.6315    34.6320     3.7292    27.6586    27.6591    34.6318    27.6589    1485.75    1485.75     2.2204  1035.1279    34.8007 0.0000e+00
      69868 298.510789  -45.87724  -58.48938     -1.386    1479.42   1616.000   1596.568     2.3312     2.3313     0.0001     2.2217     2.2218     0.0001   3.147887   3.147931   0.000044    34.6316    34.6320     3.7256    27.6586    27.6590    34.6316    27.6587    1485.74    1485.74     2.2215  1035.1231    34.8005 0.0000e+00
      69924 298.510815  -45.87724  -58.48938     -0.276    1479.42   1615.000   1595.580     2.3293     2.3294     0.0002     2.2199     2.2200     0.0002   3.147676   3.147711   0.000040    34.6315    34.6319     3.7275    27.6588    27.6590    34.6316    27.6588    1485.71    1485.72     2.2197  1035.1188    34.8005 0.0000e+00
      69950 298.510828  -45.87724  -58.48940     -0.683    1479.42   1614.000   1594.599     2.3298     2.3300     0.0002     2.2205     2.2207     0.0002   3.147686   3.147729   0.000048    34.6316    34.6320     3.7286    27.6588    27.6591    34.6316    27.6588    1485.70    1485.70     2.2204  1035.1142    34.8005 0.0000e+00
      69967 298.510836  -45.87722  -58.48940     -1.125    1479.42   1613.000   1593.615     2.3340     2.3333    -0.0007     2.2247     2.2241    -0.0007   3.148269   3.148133  -0.000032    34.6320    34.6324     3.7316    27.6587    27.6591    34.6348    27.6610    1485.71    1485.70     2.2246  1035.1116    34.8037 0.0000e+00
      69984 298.510844  -45.87722  -58.48938     -1.366    1479.42   1612.000   1592.630     2.3593     2.3532    -0.0062     2.2498     2.2437    -0.0061   3.150515   3.150163  -0.000469    34.6336    34.6345     3.7239    27.6580    27.6591    34.6357    27.6597    1485.80    1485.78     2.2496  1035.1046    34.8046 0.0000e+00
      70000 298.510852  -45.87722  -58.48938     -1.458    1479.42   1611.000   1591.646     2.3705     2.3671    -0.0035     2.2610     2.2576    -0.0034   3.151534   3.151185  -0.000296    34.6344    34.6344     3.7249    27.6576    27.6580    34.6368    27.6595    1485.83    1485.82     2.2608  1035.0995    34.8056 0.0000e+00
      70020 298.510862  -45.87722  -58.48938     -1.372    1479.42   1610.000   1590.662     2.3747     2.3702    -0.0045     2.2652     2.2607    -0.0045   3.151777   3.151383  -0.000374    34.6344    34.6347     3.7343    27.6574    27.6579    34.6358    27.6584    1485.83    1485.82     2.2650  1035.0937    34.8046 0.0000e+00
      70052 298.510877  -45.87722  -58.48938     -0.902    1479.42   1609.000   1589.678     2.3697     2.3688    -0.0010     2.2603     2.2594    -0.0009   3.151219   3.151202  -0.000058    34.6344    34.6348     3.7299    27.6578    27.6581    34.6348    27.6580    1485.79    1485.79     2.2602  1035.0889    34.8036 0.0000e+00
