Pos-Processados/process_op41/Processamento_split/up/uoperantar41_015.cnv
* Sea-Bird SBE 9 Data File:
* FileName = C:\Users\Dell\Desktop\OperantarXLI\config\OP41015.hdr
* Software Version Seasave V 7.26.7.110
* Temperature SN = 6497
* Conductivity SN = 4954
* Number of Bytes Per Scan = 31
* Number of Voltage Words = 2
* Number of Scans Averaged by the Deck Unit = 1
* NMEA Latitude = 62 08.82 S
* NMEA Longitude = 058 24.51 W
* NMEA UTC (Time) = Nov 09 2022 12:07:14
* NMEA baud rate = 4800
** H41
** Navio Polar Almirante Maximiano
** LH-021/2022
** Operantar XLI
** Número da Estação 0015
** Latitude 62 8,825 S
** Longitude 58 24,511 W
** Data/Hora (Z) 09/11/22 1207Z
** Profundidade local 450
** 09-1439
** Nome do Operador CT GARLA
# nquan = 30
# nvalues = 411                         
# units = specified
# name 0 = scan: Scan Count
# name 1 = timeJ: Julian Days
# name 2 = latitude: Latitude [deg]
# name 3 = longitude: Longitude [deg]
# name 4 = dz/dtM: Descent Rate [m/s]
# name 5 = avgsvCM: Average Sound Velocity [Chen-Millero, m/s]
# name 6 = prDM: Pressure, Digiquartz [db]
# name 7 = depSM: Depth [salt water, m]
# name 8 = t090C: Temperature [ITS-90, deg C]
# name 9 = t190C: Temperature, 2 [ITS-90, deg C]
# name 10 = T2-T190C: Temperature Difference, 2 - 1 [ITS-90, deg C]
# name 11 = potemp090C: Potential Temperature [ITS-90, deg C]
# name 12 = potemp190C: Potential Temperature, 2 [ITS-90, deg C]
# name 13 = potemp90Cdiff: Potential Temperature, Diff, 2 - 1 [ITS-90, deg C]
# name 14 = c0S/m: Conductivity [S/m]
# name 15 = c1S/m: Conductivity, 2 [S/m]
# name 16 = C2-C1S/m: Conductivity Difference, 2 - 1 [S/m]
# name 17 = sal00: Salinity, Practical [PSU]
# name 18 = sal11: Salinity, Practical, 2 [PSU]
# name 19 = sbeox0ML/L: Oxygen, SBE 43 [ml/l]
# name 20 = sigma-é00: Density [sigma-theta, kg/m^3]
# name 21 = sigma-é11: Density, 2 [sigma-theta, kg/m^3]
# name 22 = sal00: Salinity, Practical [PSU]
# name 23 = sigma-é00: Density [sigma-theta, kg/m^3]
# name 24 = svCM: Sound Velocity [Chen-Millero, m/s]
# name 25 = svCM1: Sound Velocity, 2 [Chen-Millero, m/s]
# name 26 = gsw_ptA0: potential temperature [ITS-90, deg C]
# name 27 = gsw_densityA0: density, TEOS-10 [density, kg/m^3]
# name 28 = gsw_saA0: Absolute Salinity [g/kg]
# name 29 = flag:
# span 0 =      17615,      27959       
# span 1 = 313.513518, 313.518506       
# span 2 =  -62.14736,  -62.14722       
# span 3 =  -58.40840,  -58.40822       
# span 4 =     -1.305,     -0.454       
# span 5 =    1450.84,    1450.84       
# span 6 =      1.000,    411.000       
# span 7 =      0.997,    406.653       
# span 8 =    -0.2549,    -0.1037       
# span 9 =    -0.2551,    -0.1030       
# span 10 =    -0.0017,     0.0091      
# span 11 =    -0.2650,    -0.1040      
# span 12 =    -0.2652,    -0.1033      
# span 13 =    -0.0017,     0.0091      
# span 14 =   2.833744,   2.856306      
# span 15 =   2.833830,   2.856355      
# span 16 =  -0.000254,   0.000644      
# span 17 =    34.1930,    34.3643      
# span 18 =    34.1942,    34.3651      
# span 19 =     6.4937,     7.4924      
# span 20 =    27.4601,    27.6046      
# span 21 =    27.4610,    27.6053      
# span 22 =    34.1928,    34.3642      
# span 23 =    27.4600,    27.6046      
# span 24 =    1447.58,    1453.99      
# span 25 =    1447.58,    1453.99      
# span 26 =    -0.2648,    -0.1040      
# span 27 =  1027.4695,  1029.5641      
# span 28 =    34.3547,    34.5324      
# span 29 = 0.0000e+00, 0.0000e+00      
# interval = decibars: 1                
# start_time = Nov 09 2022 12:07:14 [NMEA time, header]
# bad_flag = -9.990e-29
*END*
[from data line 49]
      18848 313.514112  -62.14724  -58.40834     -1.026    1450.84    362.000    358.213    -0.2211    -0.2212    -0.0001    -0.2341    -0.2342    -0.0001   2.850437   2.850498   0.000080    34.3224    34.3237     6.6920    27.5710    27.5720    34.3223    27.5709    1453.11    1453.11    -0.2339  1029.2986    34.4901 0.0000e+00
      18875 313.514125  -62.14724  -58.40834     -0.922    1450.84    361.000    357.224    -0.2223    -0.2226    -0.0003    -0.2353    -0.2356    -0.0003   2.850049   2.850033  -0.000022    34.3197    34.3198     6.7100    27.5689    27.5690    34.3191    27.5684    1453.08    1453.08    -0.2351  1029.2913    34.4868 0.0000e+00
      18904 313.514139  -62.14724  -58.40834     -0.835    1450.84    360.000    356.235    -0.2233    -0.2235    -0.0001    -0.2363    -0.2364    -0.0001   2.849690   2.849707   0.000017    34.3163    34.3167     6.7240    27.5662    27.5665    34.3161    27.5660    1453.05    1453.05    -0.2361  1029.2842    34.4838 0.0000e+00
      18931 313.514152  -62.14724  -58.40834     -0.860    1450.84    359.000    355.247    -0.2238    -0.2240    -0.0003    -0.2366    -0.2369    -0.0003   2.849757   2.849792   0.000033    34.3181    34.3188     6.7342    27.5676    27.5682    34.3181    27.5676    1453.04    1453.04    -0.2365  1029.2811    34.4858 0.0000e+00
      18957 313.514165  -62.14724  -58.40834     -0.921    1450.84    358.000    354.258    -0.2245    -0.2246    -0.0002    -0.2373    -0.2375    -0.0002   2.849806   2.849834   0.000028    34.3203    34.3209     6.7663    27.5694    27.5699    34.3201    27.5693    1453.02    1453.02    -0.2371  1029.2780    34.4878 0.0000e+00
      18982 313.514177  -62.14724  -58.40834     -0.946    1450.84    357.000    353.269    -0.2250    -0.2253    -0.0002    -0.2378    -0.2381    -0.0002   2.849759   2.849808   0.000052    34.3209    34.3219     6.7714    27.5699    27.5707    34.3207    27.5698    1453.00    1453.00    -0.2376  1029.2738    34.4884 0.0000e+00
      19006 313.514188  -62.14724  -58.40834     -0.962    1450.84    356.000    352.281    -0.2251    -0.2255    -0.0004    -0.2379    -0.2383    -0.0004   2.849642   2.849696   0.000050    34.3201    34.3212     6.7621    27.5694    27.5702    34.3199    27.5691    1452.99    1452.99    -0.2377  1029.2684    34.4876 0.0000e+00
      19028 313.514199  -62.14724  -58.40834     -1.026    1450.84    355.000    351.292    -0.2269    -0.2272    -0.0004    -0.2396    -0.2399    -0.0004   2.849330   2.849339   0.000011    34.3189    34.3195     6.7527    27.5684    27.5689    34.3183    27.5679    1452.96    1452.96    -0.2394  1029.2625    34.4860 0.0000e+00
      19049 313.514209  -62.14724  -58.40834     -1.111    1450.84    354.000    350.303    -0.2284    -0.2287    -0.0003    -0.2411    -0.2414    -0.0003   2.849023   2.849066   0.000044    34.3170    34.3179     6.7527    27.5670    27.5677    34.3165    27.5666    1452.93    1452.93    -0.2409  1029.2564    34.4843 0.0000e+00
      19070 313.514219  -62.14724  -58.40834     -1.151    1450.84    353.000    349.315    -0.2290    -0.2293    -0.0003    -0.2417    -0.2419    -0.0003   2.848885   2.848921   0.000031    34.3163    34.3170     6.7568    27.5665    27.5670    34.3159    27.5661    1452.91    1452.91    -0.2414  1029.2512    34.4836 0.0000e+00
      19093 313.514230  -62.14724  -58.40834     -1.116    1450.84    352.000    348.326    -0.2296    -0.2302    -0.0006    -0.2422    -0.2428    -0.0006   2.848717   2.848652  -0.000051    34.3153    34.3153     6.7481    27.5656    27.5657    34.3150    27.5654    1452.89    1452.89    -0.2420  1029.2458    34.4827 0.0000e+00
      19120 313.514243  -62.14724  -58.40834     -0.961    1450.84    351.000    347.337    -0.2296    -0.2308    -0.0012    -0.2422    -0.2434    -0.0012   2.848673   2.848515  -0.000160    34.3153    34.3146     6.7534    27.5657    27.5651    34.3150    27.5654    1452.88    1452.87    -0.2420  1029.2410    34.4827 0.0000e+00
      19151 313.514259  -62.14724  -58.40834     -0.786    1450.84    350.000    346.348    -0.2311    -0.2316    -0.0004    -0.2436    -0.2441    -0.0004   2.848335   2.848313  -0.000025    34.3132    34.3133     6.7636    27.5640    27.5641    34.3128    27.5637    1452.85    1452.85    -0.2434  1029.2346    34.4805 0.0000e+00
      19182 313.514273  -62.14724  -58.40834     -0.768    1450.84    349.000    345.360    -0.2322    -0.2324    -0.0002    -0.2447    -0.2449    -0.0002   2.848042   2.848098   0.000051    34.3111    34.3120     6.7783    27.5624    27.5631    34.3107    27.5621    1452.83    1452.83    -0.2445  1029.2283    34.4784 0.0000e+00
      19208 313.514286  -62.14724  -58.40832     -0.869    1450.84    348.000    344.371    -0.2323    -0.2325    -0.0001    -0.2448    -0.2450    -0.0001   2.847970   2.848044   0.000075    34.3107    34.3119     6.7776    27.5621    27.5630    34.3105    27.5619    1452.81    1452.81    -0.2446  1029.2234    34.4782 0.0000e+00
      19230 313.514296  -62.14724  -58.40832     -1.000    1450.84    347.000    343.382    -0.2327    -0.2329    -0.0002    -0.2451    -0.2453    -0.0002   2.847805   2.847866   0.000058    34.3097    34.3107     6.7804    27.5613    27.5621    34.3093    27.5609    1452.79    1452.79    -0.2449  1029.2177    34.4770 0.0000e+00
      19251 313.514307  -62.14726  -58.40832     -1.102    1450.84    346.000    342.394    -0.2338    -0.2339    -0.0002    -0.2461    -0.2463    -0.0002   2.847463   2.847520   0.000060    34.3070    34.3080     6.7897    27.5591    27.5599    34.3066    27.5588    1452.76    1452.76    -0.2459  1029.2108    34.4742 0.0000e+00
      19273 313.514317  -62.14726  -58.40832     -1.110    1450.84    345.000    341.405    -0.2337    -0.2341    -0.0004    -0.2460    -0.2464    -0.0004   2.847449   2.847440   0.000007    34.3072    34.3077     6.8065    27.5593    27.5597    34.3069    27.5590    1452.75    1452.75    -0.2458  1029.2063    34.4746 0.0000e+00
      19298 313.514329  -62.14726  -58.40832     -1.029    1450.84    344.000    340.416    -0.2351    -0.2363    -0.0013    -0.2473    -0.2486    -0.0013   2.847057   2.846834  -0.000232    34.3046    34.3029     6.7976    27.5572    27.5559    34.3038    27.5566    1452.72    1452.71    -0.2472  1029.1992    34.4714 0.0000e+00
      19323 313.514341  -62.14726  -58.40832     -0.963    1450.84    343.000    339.427    -0.2365    -0.2374    -0.0009    -0.2488    -0.2496    -0.0009   2.846672   2.846547  -0.000131    34.3015    34.3008     6.7996    27.5548    27.5542    34.3009    27.5544    1452.70    1452.69    -0.2485  1029.1922    34.4686 0.0000e+00
      19351 313.514355  -62.14726  -58.40832     -0.890    1450.84    342.000    338.439    -0.2374    -0.2377    -0.0003    -0.2496    -0.2499    -0.0003   2.846299   2.846296  -0.000003    34.2979    34.2981     6.8181    27.5519    27.5521    34.2976    27.5517    1452.67    1452.67    -0.2494  1029.1848    34.4652 0.0000e+00
      19378 313.514368  -62.14724  -58.40832     -0.872    1450.84    341.000    337.449    -0.2383    -0.2388    -0.0005    -0.2504    -0.2509    -0.0005   2.845915   2.845818  -0.000095    34.2948    34.2941     6.8423    27.5495    27.5489    34.2941    27.5489    1452.65    1452.64    -0.2503  1029.1773    34.4617 0.0000e+00
      19403 313.514380  -62.14726  -58.40832     -0.923    1450.84    340.000    336.461    -0.2396    -0.2399    -0.0002    -0.2517    -0.2519    -0.0002   2.845455   2.845486   0.000023    34.2905    34.2910     6.8611    27.5460    27.5465    34.2900    27.5457    1452.62    1452.62    -0.2515  1029.1694    34.4576 0.0000e+00
      19427 313.514391  -62.14726  -58.40832     -0.984    1450.84    339.000    335.473    -0.2396    -0.2400    -0.0004    -0.2517    -0.2521    -0.0004   2.845388   2.845388   0.000006    34.2900    34.2904     6.8649    27.5457    27.5460    34.2897    27.5454    1452.60    1452.60    -0.2515  1029.1644    34.4573 0.0000e+00
      19450 313.514402  -62.14726  -58.40832     -1.030    1450.84    338.000    334.483    -0.2400    -0.2403    -0.0003    -0.2521    -0.2523    -0.0003   2.845253   2.845263   0.000006    34.2893    34.2897     6.8760    27.5451    27.5454    34.2890    27.5449    1452.58    1452.58    -0.2518  1029.1591    34.4566 0.0000e+00
      19474 313.514414  -62.14726  -58.40832     -1.037    1450.84    337.000    333.495    -0.2398    -0.2401    -0.0002    -0.2518    -0.2521    -0.0002   2.845289   2.845303   0.000017    34.2898    34.2903     6.8987    27.5455    27.5459    34.2898    27.5455    1452.57    1452.57    -0.2516  1029.1550    34.4574 0.0000e+00
      19502 313.514427  -62.14726  -58.40832     -0.922    1450.84    336.000    332.506    -0.2397    -0.2398    -0.0001    -0.2516    -0.2517    -0.0001   2.845287   2.845273  -0.000016    34.2904    34.2904     6.9238    27.5460    27.5460    34.2902    27.5458    1452.55    1452.55    -0.2514  1029.1506    34.4578 0.0000e+00
      19534 313.514443  -62.14726  -58.40832     -0.758    1450.84    335.000    331.517    -0.2398    -0.2399    -0.0001    -0.2517    -0.2518    -0.0001   2.845158   2.845203   0.000042    34.2895    34.2901     6.9213    27.5453    27.5457    34.2892    27.5450    1452.53    1452.53    -0.2515  1029.1450    34.4568 0.0000e+00
      19562 313.514456  -62.14726  -58.40832     -0.793    1450.84    334.000    330.528    -0.2398    -0.2401    -0.0002    -0.2517    -0.2519    -0.0002   2.845055   2.845086   0.000033    34.2886    34.2894     6.9155    27.5446    27.5452    34.2885    27.5444    1452.52    1452.52    -0.2515  1029.1397    34.4560 0.0000e+00
      19584 313.514467  -62.14726  -58.40832     -0.969    1450.84    333.000    329.539    -0.2396    -0.2400    -0.0003    -0.2515    -0.2518    -0.0003   2.845006   2.845029   0.000023    34.2884    34.2891     6.9154    27.5443    27.5449    34.2882    27.5442    1452.50    1452.50    -0.2512  1029.1348    34.4558 0.0000e+00
      19606 313.514478  -62.14726  -58.40832     -1.090    1450.84    332.000    328.550    -0.2393    -0.2395    -0.0002    -0.2511    -0.2513    -0.0002   2.844952   2.845012   0.000057    34.2878    34.2888     6.9306    27.5439    27.5446    34.2878    27.5438    1452.49    1452.49    -0.2509  1029.1296    34.4553 0.0000e+00
      19630 313.514489  -62.14726  -58.40832     -1.055    1450.84    331.000    327.562    -0.2395    -0.2394     0.0001    -0.2512    -0.2511     0.0001   2.844914   2.844947   0.000036    34.2881    34.2885     6.9244    27.5441    27.5444    34.2880    27.5440    1452.47    1452.47    -0.2510  1029.1251    34.4556 0.0000e+00
      19661 313.514504  -62.14726  -58.40832     -0.845    1450.84    330.000    326.573    -0.2397    -0.2396     0.0001    -0.2514    -0.2513     0.0001   2.844857   2.844878   0.000020    34.2882    34.2883     6.9218    27.5442    27.5443    34.2881    27.5441    1452.45    1452.45    -0.2512  1029.1204    34.4557 0.0000e+00
      19691 313.514519  -62.14726  -58.40832     -0.765    1450.84    329.000    325.584    -0.2394    -0.2395    -0.0001    -0.2511    -0.2512    -0.0001   2.844760   2.844814   0.000052    34.2872    34.2880     6.9226    27.5434    27.5440    34.2871    27.5433    1452.43    1452.43    -0.2509  1029.1149    34.4547 0.0000e+00
      19714 313.514530  -62.14726  -58.40832     -0.916    1450.84    328.000    324.595    -0.2389    -0.2390    -0.0001    -0.2505    -0.2506    -0.0001   2.844755   2.844823   0.000071    34.2871    34.2881     6.9314    27.5432    27.5441    34.2871    27.5433    1452.42    1452.42    -0.2504  1029.1101    34.4547 0.0000e+00
      19735 313.514540  -62.14726  -58.40832     -1.088    1450.84    327.000    323.607    -0.2385    -0.2387    -0.0002    -0.2501    -0.2503    -0.0002   2.844726   2.844771   0.000040    34.2869    34.2876     6.9328    27.5431    27.5437    34.2868    27.5430    1452.41    1452.41    -0.2499  1029.1051    34.4544 0.0000e+00
      19755 313.514550  -62.14726  -58.40832     -1.167    1450.84    326.000    322.617    -0.2383    -0.2385    -0.0002    -0.2498    -0.2500    -0.0002   2.844673   2.844728   0.000057    34.2865    34.2875     6.9275    27.5428    27.5436    34.2865    27.5427    1452.39    1452.39    -0.2497  1029.1001    34.4540 0.0000e+00
      19780 313.514561  -62.14726  -58.40832     -1.081    1450.84    325.000    321.629    -0.2386    -0.2384     0.0002    -0.2501    -0.2499     0.0002   2.844625   2.844680   0.000053    34.2869    34.2874     6.9325    27.5430    27.5435    34.2868    27.5430    1452.37    1452.37    -0.2499  1029.0956    34.4543 0.0000e+00
      19809 313.514576  -62.14726  -58.40832     -0.870    1450.84    324.000    320.640    -0.2387    -0.2384     0.0002    -0.2502    -0.2499     0.0002   2.844575   2.844640   0.000065    34.2868    34.2875     6.9316    27.5430    27.5435    34.2868    27.5430    1452.36    1452.36    -0.2500  1029.0909    34.4544 0.0000e+00
      19839 313.514590  -62.14726  -58.40832     -0.786    1450.84    323.000    319.651    -0.2381    -0.2381    -0.0000    -0.2495    -0.2496    -0.0000   2.844566   2.844618   0.000049    34.2867    34.2874     6.9388    27.5429    27.5434    34.2866    27.5428    1452.34    1452.34    -0.2493  1029.0859    34.4542 0.0000e+00
      19864 313.514602  -62.14726  -58.40832     -0.892    1450.84    322.000    318.662    -0.2378    -0.2378     0.0000    -0.2493    -0.2492     0.0000   2.844479   2.844528   0.000052    34.2859    34.2866     6.9319    27.5422    27.5428    34.2858    27.5421    1452.33    1452.33    -0.2490  1029.0805    34.4533 0.0000e+00
      19885 313.514612  -62.14726  -58.40832     -1.033    1450.84    321.000    317.673    -0.2379    -0.2383    -0.0005    -0.2492    -0.2497    -0.0005   2.844417   2.844420   0.000005    34.2857    34.2862     6.9303    27.5420    27.5425    34.2856    27.5420    1452.31    1452.31    -0.2491  1029.0756    34.4531 0.0000e+00
      19907 313.514623  -62.14726  -58.40832     -1.110    1450.84    320.000    316.685    -0.2381    -0.2384    -0.0003    -0.2495    -0.2497    -0.0003   2.844346   2.844361   0.000017    34.2856    34.2862     6.9359    27.5420    27.5424    34.2856    27.5420    1452.29    1452.29    -0.2492  1029.0708    34.4531 0.0000e+00
      19930 313.514634  -62.14726  -58.40832     -1.077    1450.84    319.000    315.696    -0.2384    -0.2384    -0.0000    -0.2497    -0.2497    -0.0000   2.844277   2.844330   0.000054    34.2856    34.2864     6.9385    27.5420    27.5426    34.2855    27.5419    1452.27    1452.27    -0.2495  1029.0661    34.4531 0.0000e+00
      19956 313.514646  -62.14726  -58.40830     -0.976    1450.84    318.000    314.707    -0.2385    -0.2386    -0.0001    -0.2497    -0.2498    -0.0001   2.844180   2.844194   0.000019    34.2851    34.2855     6.9528    27.5416    27.5419    34.2850    27.5415    1452.26    1452.26    -0.2496  1029.0609    34.4525 0.0000e+00
      19982 313.514659  -62.14726  -58.40830     -0.923    1450.84    317.000    313.718    -0.2393    -0.2395    -0.0002    -0.2505    -0.2507    -0.0002   2.843681   2.843687   0.000005    34.2806    34.2808     6.9404    27.5380    27.5382    34.2799    27.5374    1452.23    1452.23    -0.2503  1029.0521    34.4474 0.0000e+00
      20007 313.514671  -62.14726  -58.40830     -0.933    1450.84    316.000    312.729    -0.2419    -0.2427    -0.0008    -0.2531    -0.2538    -0.0008   2.843138   2.843029  -0.000111    34.2767    34.2760     6.9414    27.5349    27.5345    34.2762    27.5345    1452.19    1452.19    -0.2529  1029.0445    34.4437 0.0000e+00
