Pos-Processados/process_op41/Processamento_split/up/uoperantar41_001.cnv
* Sea-Bird SBE 9 Data File:
* FileName = C:\Users\Dell\Desktop\Operantar XLI\Raw\OP41001.hdr
* Software Version Seasave V 7.26.7.110
* Temperature SN = 6497
* Conductivity SN = 4954
* Number of Bytes Per Scan = 31
* Number of Voltage Words = 2
* Number of Scans Averaged by the Deck Unit = 1
* NMEA Latitude = 36 40.13 S
* NMEA Longitude = 048 37.58 W
* NMEA UTC (Time) = Oct 17 2022 11:05:04
* NMEA baud rate = 4800
** H41
** Navio Polar Almirante Maximiano
** LH-021/2022
** Operantar XLI
** Número da Estação 001 LR
** Latitude 36 40.147S
** Longitude 048 37.579W
** Data/Hora (Z) 1105Z
** Profundidade local 4900m
** 09-1439
** Nome do Operador CT Garla
# nquan = 30
# nvalues = 4841                        
# units = specified
# name 0 = scan: Scan Count
# name 1 = timeJ: Julian Days
# name 2 = latitude: Latitude [deg]
# name 3 = longitude: Longitude [deg]
# name 4 = dz/dtM: Descent Rate [m/s]
# name 5 = avgsvCM: Average Sound Velocity [Chen-Millero, m/s]
# name 6 = prDM: Pressure, Digiquartz [db]
# name 7 = depSM: Depth [salt water, m]
# name 8 = t090C: Temperature [ITS-90, deg C]
# name 9 = t190C: Temperature, 2 [ITS-90, deg C]
# name 10 = T2-T190C: Temperature Difference, 2 - 1 [ITS-90, deg C]
# name 11 = potemp090C: Potential Temperature [ITS-90, deg C]
# name 12 = potemp190C: Potential Temperature, 2 [ITS-90, deg C]
# name 13 = potemp90Cdiff: Potential Temperature, Diff, 2 - 1 [ITS-90, deg C]
# name 14 = c0S/m: Conductivity [S/m]
# name 15 = c1S/m: Conductivity, 2 [S/m]
# name 16 = C2-C1S/m: Conductivity Difference, 2 - 1 [S/m]
# name 17 = sal00: Salinity, Practical [PSU]
# name 18 = sal11: Salinity, Practical, 2 [PSU]
# name 19 = sbeox0ML/L: Oxygen, SBE 43 [ml/l]
# name 20 = sigma-é00: Density [sigma-theta, kg/m^3]
# name 21 = sigma-é11: Density, 2 [sigma-theta, kg/m^3]
# name 22 = sal00: Salinity, Practical [PSU]
# name 23 = sigma-é00: Density [sigma-theta, kg/m^3]
# name 24 = svCM: Sound Velocity [Chen-Millero, m/s]
# name 25 = svCM1: Sound Velocity, 2 [Chen-Millero, m/s]
# name 26 = gsw_ptA0: potential temperature [ITS-90, deg C]
# name 27 = gsw_densityA0: density, TEOS-10 [density, kg/m^3]
# name 28 = gsw_saA0: Absolute Salinity [g/kg]
# name 29 = flag:
# span 0 =     187536,     312573       
# span 1 = 290.552291, 290.612590       
# span 2 =  -36.66900,  -36.66882       
# span 3 =  -48.62664,  -48.62640       
# span 4 =     -1.927,     -0.055       
# span 5 =    1506.64,    1506.64       
# span 6 =      3.000,   4843.000       
# span 7 =      2.963,   4753.421       
# span 8 =     0.2582,    17.5527       
# span 9 =     0.2581,    17.5530       
# span 10 =    -0.1022,     0.0624      
# span 11 =    -0.1083,    17.5520      
# span 12 =    -0.1083,    17.5523      
# span 13 =    -0.1018,     0.0621      
# span 14 =   3.083500,   4.673440      
# span 15 =   3.083491,   4.673361      
# span 16 =  -0.010669,   0.006480      
# span 17 =    34.1886,    36.1095      
# span 18 =    34.1889,    36.1083      
# span 19 =     4.0405,     5.7734      
# span 20 =    26.2325,    27.8431      
# span 21 =    26.2316,    27.8434      
# span 22 =    34.1883,    36.1094      
# span 23 =    26.2325,    27.8430      
# span 24 =    1484.37,    1531.95      
# span 25 =    1484.37,    1531.95      
# span 26 =    -0.1085,    17.5520      
# span 27 =  1026.2501,  1049.7135      
# span 28 =    34.3516,    36.2799      
# span 29 = 0.0000e+00, 0.0000e+00      
# interval = decibars: 1                
# start_time = Oct 17 2022 11:05:04 [NMEA time, header]
# bad_flag = -9.990e-29
*END*
[from data line 2659]
     251023 290.582908  -36.66892  -48.62648     -1.178    1506.64   2184.000   2156.669     3.3058     3.3061     0.0003     3.1317     3.1320     0.0003   3.271965   3.272086   0.000145    34.8149    34.8162     4.6279    27.7251    27.7261    34.8176    27.7273    1499.70    1499.70     3.1312  1037.6910    34.9852 0.0000e+00
     251045 290.582919  -36.66892  -48.62648     -1.162    1506.64   2183.000   2155.687     3.3074     3.3082     0.0008     3.1334     3.1342     0.0008   3.272126   3.272216   0.000101    34.8162    34.8165     4.6274    27.7260    27.7262    34.8183    27.7277    1499.69    1499.70     3.1329  1037.6868    34.9859 0.0000e+00
     251074 290.582933  -36.66892  -48.62648     -0.902    1506.64   2182.000   2154.704     3.3111     3.3070    -0.0042     3.1371     3.1330    -0.0041   3.272458   3.272045  -0.000356    34.8169    34.8170     4.6316    27.7262    27.7267    34.8188    27.7277    1499.69    1499.67     3.1366  1037.6822    34.9864 0.0000e+00
     251103 290.582947  -36.66892  -48.62648     -0.783    1506.64   2181.000   2153.722     3.3116     3.3105    -0.0011     3.1377     3.1366    -0.0011   3.272429   3.272432  -0.000050    34.8171    34.8176     4.6479    27.7263    27.7268    34.8185    27.7274    1499.68    1499.67     3.1372  1037.6774    34.9861 0.0000e+00
     251125 290.582957  -36.66892  -48.62648     -0.961    1506.64   2180.000   2152.739     3.3096     3.3104     0.0008     3.1358     3.1366     0.0008   3.272122   3.272253   0.000104    34.8168    34.8172     4.6501    27.7262    27.7264    34.8174    27.7267    1499.65    1499.65     3.1353  1037.6724    34.9850 0.0000e+00
     251145 290.582967  -36.66892  -48.62648     -1.151    1506.64   2179.000   2151.757     3.3071     3.3094     0.0024     3.1334     3.1358     0.0023   3.271864   3.272117   0.000253    34.8163    34.8168     4.6574    27.7261    27.7263    34.8175    27.7270    1499.62    1499.63     3.1329  1037.6684    34.9850 0.0000e+00
     251169 290.582978  -36.66892  -48.62648     -1.125    1506.64   2178.000   2150.775     3.3073     3.3048    -0.0025     3.1337     3.1312    -0.0025   3.271818   3.271541  -0.000251    34.8163    34.8160     4.6630    27.7260    27.7260    34.8172    27.7267    1499.61    1499.59     3.1332  1037.6636    34.9847 0.0000e+00
     251223 290.583005  -36.66892  -48.62648     -0.353    1506.64   2177.000   2149.793     3.3069     3.3072     0.0002     3.1335     3.1337     0.0002   3.271768   3.271811   0.000039    34.8168    34.8170     4.6567    27.7264    27.7266    34.8174    27.7269    1499.59    1499.59     3.1330  1037.6594    34.9850 0.0000e+00
     251253 290.583019  -36.66892  -48.62648     -0.628    1506.64   2176.000   2148.809     3.3048     3.3052     0.0005     3.1314     3.1319     0.0004   3.271380   3.271435   0.000030    34.8164    34.8163     4.6518    27.7263    27.7262    34.8156    27.7257    1499.56    1499.56     3.1309  1037.6539    34.9831 0.0000e+00
     251269 290.583027  -36.66892  -48.62648     -1.116    1506.64   2175.000   2147.827     3.2889     3.2890     0.0001     3.1159     3.1160     0.0001   3.269533   3.269453  -0.000036    34.8126    34.8121     4.6613    27.7248    27.7243    34.8108    27.7233    1499.47    1499.47     3.1154  1037.6480    34.9784 0.0000e+00
     251284 290.583034  -36.66892  -48.62648     -1.424    1506.64   2174.000   2146.844     3.2837     3.2837     0.0000     3.1109     3.1109     0.0000   3.269042   3.269050  -0.000012    34.8117    34.8115     4.6570    27.7245    27.7244    34.8109    27.7238    1499.43    1499.43     3.1104  1037.6444    34.9784 0.0000e+00
     251299 290.583041  -36.66892  -48.62648     -1.573    1506.64   2173.000   2145.862     3.2818     3.2833     0.0015     3.1092     3.1106     0.0014   3.268864   3.269060   0.000150    34.8114    34.8117     4.6528    27.7244    27.7245    34.8112    27.7243    1499.41    1499.41     3.1087  1037.6405    34.9788 0.0000e+00
     251316 290.583049  -36.66892  -48.62648     -1.562    1506.64   2172.000   2144.879     3.2867     3.2873     0.0006     3.1140     3.1146     0.0006   3.269350   3.269426   0.000077    34.8118    34.8121     4.6528    27.7243    27.7244    34.8124    27.7247    1499.41    1499.42     3.1136  1037.6362    34.9799 0.0000e+00
     251342 290.583062  -36.66892  -48.62648     -1.190    1506.64   2171.000   2143.897     3.2932     3.2896    -0.0036     3.1206     3.1170    -0.0036   3.269891   3.269521  -0.000340    34.8123    34.8121     4.6469    27.7241    27.7243    34.8124    27.7241    1499.42    1499.41     3.1201  1037.6307    34.9799 0.0000e+00
     251381 290.583081  -36.66892  -48.62648     -0.585    1506.64   2170.000   2142.915     3.2932     3.2882    -0.0050     3.1207     3.1157    -0.0049   3.269951   3.269439  -0.000471    34.8124    34.8120     4.6352    27.7241    27.7243    34.8136    27.7251    1499.41    1499.38     3.1202  1037.6272    34.9811 0.0000e+00
     251406 290.583093  -36.66892  -48.62648     -0.770    1506.64   2169.000   2141.932     3.3065     3.3038    -0.0027     3.1338     3.1312    -0.0027   3.271242   3.271001  -0.000244    34.8141    34.8140     4.6280    27.7242    27.7244    34.8154    27.7253    1499.45    1499.44     3.1333  1037.6222    34.9830 0.0000e+00
     251426 290.583102  -36.66892  -48.62648     -1.065    1506.64   2168.000   2140.949     3.3209     3.3159    -0.0050     3.1481     3.1432    -0.0049   3.272719   3.272301  -0.000436    34.8156    34.8156     4.6283    27.7241    27.7246    34.8183    27.7263    1499.50    1499.48     3.1476  1037.6179    34.9859 0.0000e+00
     251445 290.583112  -36.66892  -48.62648     -1.220    1506.64   2167.000   2139.967     3.3320     3.3317    -0.0003     3.1591     3.1589    -0.0002   3.273645   3.273673  -0.000011    34.8168    34.8169     4.6256    27.7240    27.7241    34.8181    27.7251    1499.53    1499.53     3.1586  1037.6116    34.9857 0.0000e+00
     251467 290.583122  -36.66892  -48.62648     -1.194    1506.64   2166.000   2138.985     3.3331     3.3336     0.0005     3.1603     3.1608     0.0005   3.273709   3.273716   0.000025    34.8169    34.8167     4.6291    27.7240    27.7238    34.8181    27.7250    1499.51    1499.51     3.1598  1037.6070    34.9858 0.0000e+00
     251493 290.583135  -36.66892  -48.62648     -0.997    1506.64   2165.000   2138.002     3.3369     3.3379     0.0010     3.1641     3.1651     0.0010   3.274078   3.274177   0.000122    34.8173    34.8177     4.6400    27.7240    27.7242    34.8190    27.7253    1499.51    1499.52     3.1636  1037.6026    34.9866 0.0000e+00
     251521 290.583148  -36.66892  -48.62648     -0.860    1506.64   2164.000   2137.019     3.3462     3.3439    -0.0023     3.1734     3.1711    -0.0022   3.274894   3.274720  -0.000222    34.8182    34.8179     4.6512    27.7238    27.7238    34.8194    27.7248    1499.54    1499.53     3.1729  1037.5971    34.9870 0.0000e+00
     251543 290.583159  -36.66892  -48.62648     -0.951    1506.64   2163.000   2136.037     3.3506     3.3560     0.0053     3.1778     3.1831     0.0053   3.275444   3.275972   0.000562    34.8188    34.8199     4.6570    27.7239    27.7242    34.8217    27.7262    1499.54    1499.57     3.1773  1037.5938    34.9893 0.0000e+00
     251562 290.583168  -36.66892  -48.62648     -1.129    1506.64   2162.000   2135.054     3.3683     3.3606    -0.0076     3.1953     3.1877    -0.0075   3.277015   3.276362  -0.000667    34.8202    34.8204     4.6551    27.7234    27.7241    34.8223    27.7250    1499.60    1499.57     3.1948  1037.5871    34.9899 0.0000e+00
     251580 290.583177  -36.66892  -48.62648     -1.273    1506.64   2161.000   2134.072     3.3710     3.3718     0.0008     3.1981     3.1989     0.0008   3.277286   3.277409   0.000117    34.8211    34.8217     4.6583    27.7238    27.7242    34.8231    27.7254    1499.60    1499.60     3.1975  1037.5829    34.9907 0.0000e+00
     251599 290.583186  -36.66892  -48.62648     -1.320    1506.64   2160.000   2133.089     3.3733     3.3750     0.0017     3.2004     3.2021     0.0017   3.277441   3.277637   0.000173    34.8216    34.8219     4.6669    27.7240    27.7241    34.8230    27.7250    1499.59    1499.60     3.1999  1037.5780    34.9906 0.0000e+00
     251620 290.583196  -36.66892  -48.62648     -1.234    1506.64   2159.000   2132.106     3.3759     3.3760     0.0001     3.2031     3.2031     0.0001   3.277641   3.277658   0.000033    34.8217    34.8220     4.6640    27.7237    27.7240    34.8231    27.7249    1499.58    1499.59     3.2026  1037.5732    34.9907 0.0000e+00
     251644 290.583208  -36.66890  -48.62648     -1.060    1506.64   2158.000   2131.124     3.3779     3.3787     0.0008     3.2051     3.2059     0.0008   3.277777   3.277923   0.000117    34.8216    34.8222     4.6701    27.7235    27.7239    34.8231    27.7247    1499.58    1499.58     3.2046  1037.5685    34.9907 0.0000e+00
     251666 290.583218  -36.66890  -48.62648     -1.015    1506.64   2157.000   2130.142     3.3846     3.3876     0.0030     3.2118     3.2148     0.0030   3.278446   3.278755   0.000302    34.8224    34.8229     4.6805    27.7235    27.7236    34.8244    27.7251    1499.59    1499.60     3.2113  1037.5641    34.9921 0.0000e+00
     251685 290.583227  -36.66890  -48.62648     -1.143    1506.64   2156.000   2129.159     3.3920     3.3954     0.0034     3.2192     3.2225     0.0033   3.279122   3.279509   0.000411    34.8225    34.8238     4.6744    27.7229    27.7236    34.8251    27.7250    1499.60    1499.62     3.2187  1037.5590    34.9928 0.0000e+00
     251703 290.583236  -36.66890  -48.62648     -1.293    1506.64   2155.000   2128.176     3.4071     3.4059    -0.0012     3.2342     3.2329    -0.0012   3.280619   3.280605  -0.000008    34.8243    34.8255     4.6774    27.7229    27.7240    34.8275    27.7255    1499.65    1499.65     3.2336  1037.5542    34.9952 0.0000e+00
     251721 290.583245  -36.66892  -48.62648     -1.355    1506.64   2154.000   2127.194     3.4140     3.4214     0.0074     3.2410     3.2483     0.0073   3.281263   3.282017   0.000742    34.8253    34.8263     4.6884    27.7231    27.7232    34.8284    27.7255    1499.67    1499.70     3.2405  1037.5494    34.9960 0.0000e+00
     251745 290.583256  -36.66892  -48.62648     -1.186    1506.64   2153.000   2126.215     3.4300     3.4271    -0.0029     3.2568     3.2540    -0.0028   3.282670   3.282326  -0.000315    34.8269    34.8261     4.6889    27.7228    27.7225    34.8287    27.7243    1499.72    1499.71     3.2563  1037.5428    34.9964 0.0000e+00
     251787 290.583276  -36.66891  -48.62648     -0.570    1506.64   2152.000   2125.225     3.4106     3.4178     0.0071     3.2379     3.2449     0.0070   3.280685   3.281426   0.000685    34.8253    34.8259     4.6933    27.7234    27.7232    34.8260    27.7239    1499.62    1499.65     3.2374  1037.5391    34.9937 0.0000e+00
     251815 290.583290  -36.66890  -48.62648     -0.658    1506.64   2151.000   2124.246     3.4304     3.4271    -0.0033     3.2574     3.2542    -0.0032   3.282737   3.282381  -0.000281    34.8271    34.8272     4.6952    27.7229    27.7233    34.8300    27.7253    1499.69    1499.68     3.2569  1037.5348    34.9977 0.0000e+00
     251832 290.583298  -36.66890  -48.62648     -1.070    1506.64   2150.000   2123.263     3.4429     3.4465     0.0035     3.2699     3.2733     0.0035   3.284010   3.284589   0.000496    34.8282    34.8304     4.6986    27.7226    27.7240    34.8324    27.7260    1499.73    1499.75     3.2694  1037.5303    35.0001 0.0000e+00
     251846 290.583305  -36.66890  -48.62648     -1.388    1506.64   2149.000   2122.281     3.4570     3.4602     0.0033     3.2838     3.2870     0.0032   3.285295   3.285580   0.000358    34.8300    34.8308     4.7004    27.7227    27.7231    34.8334    27.7254    1499.77    1499.79     3.2833  1037.5245    35.0011 0.0000e+00
     251861 290.583312  -36.66890  -48.62648     -1.568    1506.64   2148.000   2121.298     3.4635     3.4637     0.0003     3.2903     3.2905     0.0003   3.285796   3.285839   0.000042    34.8309    34.8312     4.7093    27.7229    27.7230    34.8329    27.7244    1499.78    1499.78     3.2898  1037.5187    35.0006 0.0000e+00
     251877 290.583320  -36.66890  -48.62648     -1.605    1506.64   2147.000   2120.315     3.4646     3.4653     0.0008     3.2914     3.2922     0.0008   3.285904   3.286023   0.000131    34.8313    34.8321     4.7092    27.7230    27.7236    34.8335    27.7248    1499.77    1499.77     3.2909  1037.5146    35.0013 0.0000e+00
     251899 290.583330  -36.66890  -48.62648     -1.376    1506.64   2146.000   2119.333     3.4663     3.4672     0.0010     3.2932     3.2941     0.0009   3.285964   3.286091   0.000119    34.8316    34.8320     4.7026    27.7231    27.7233    34.8330    27.7242    1499.76    1499.76     3.2927  1037.5094    35.0007 0.0000e+00
     251936 290.583348  -36.66890  -48.62648     -0.681    1506.64   2145.000   2118.350     3.4615     3.4639     0.0024     3.2886     3.2909     0.0023   3.285483   3.285769   0.000270    34.8315    34.8322     4.7211    27.7235    27.7238    34.8327    27.7244    1499.72    1499.73     3.2881  1037.5055    35.0004 0.0000e+00
     251963 290.583361  -36.66892  -48.62648     -0.692    1506.64   2144.000   2117.368     3.4691     3.4697     0.0006     3.2962     3.2968     0.0006   3.286269   3.286260   0.000050    34.8324    34.8324     4.7181    27.7235    27.7234    34.8345    27.7251    1499.74    1499.74     3.2957  1037.5013    35.0022 0.0000e+00
     251980 290.583370  -36.66892  -48.62648     -1.078    1506.64   2143.000   2116.385     3.4719     3.4733     0.0014     3.2991     3.3004     0.0014   3.286517   3.286711   0.000196    34.8328    34.8336     4.7231    27.7235    27.7240    34.8350    27.7252    1499.73    1499.74     3.2985  1037.4967    35.0027 0.0000e+00
     251995 290.583377  -36.66892  -48.62648     -1.378    1506.64   2142.000   2115.402     3.4788     3.4789     0.0001     3.3059     3.3060     0.0001   3.287064   3.287106   0.000021    34.8333    34.8335     4.7289    27.7233    27.7234    34.8347    27.7243    1499.75    1499.75     3.3054  1037.4910    35.0024 0.0000e+00
     252011 290.583384  -36.66892  -48.62648     -1.535    1506.64   2141.000   2114.420     3.4794     3.4797     0.0003     3.3066     3.3069     0.0003   3.287079   3.287126   0.000050    34.8334    34.8337     4.7350    27.7233    27.7234    34.8347    27.7243    1499.73    1499.73     3.3061  1037.4865    35.0024 0.0000e+00
     252028 290.583393  -36.66892  -48.62648     -1.506    1506.64   2140.000   2113.437     3.4794     3.4801     0.0007     3.3067     3.3074     0.0007   3.287009   3.287081   0.000071    34.8333    34.8334     4.7331    27.7232    27.7232    34.8343    27.7240    1499.72    1499.72     3.3062  1037.4817    35.0021 0.0000e+00
     252053 290.583405  -36.66890  -48.62648     -1.201    1506.64   2139.000   2112.454     3.4795     3.4801     0.0006     3.3069     3.3075     0.0005   3.286960   3.287017   0.000061    34.8332    34.8333     4.7313    27.7230    27.7231    34.8341    27.7238    1499.70    1499.70     3.3064  1037.4771    35.0018 0.0000e+00
     252090 290.583423  -36.66890  -48.62648     -0.652    1506.64   2138.000   2111.472     3.4776     3.4785     0.0009     3.3051     3.3060     0.0009   3.286757   3.286853   0.000092    34.8336    34.8338     4.7369    27.7235    27.7236    34.8342    27.7240    1499.67    1499.68     3.3046  1037.4730    35.0019 0.0000e+00
