Pos-Processados/process_op41/Processamento_split/up/uoperantar41_022.cnv
* Sea-Bird SBE 9 Data File:
* FileName = C:\Users\Dell\Desktop\OperantarXLI\config\00_BRUTOS\OPE41022.hdr
* Software Version Seasave V 7.26.7.110
* Temperature SN = 6497
* Conductivity SN = 4954
* Number of Bytes Per Scan = 34
* Number of Voltage Words = 3
* Number of Scans Averaged by the Deck Unit = 1
* NMEA Latitude = 59 45.37 S
* NMEA Longitude = 062 03.38 W
* NMEA UTC (Time) = Nov 14 2022 23:10:24
* NMEA baud rate = 4800
** H41
** Navio Polar Almirante Maximiano
** LH-021/2022
** Operantar XLI
** Número da Estação 022
** Latitude 59 45.358'S
** Longitude 062 03.362'W
** Data/Hora (Z) 14/11/2022 23:11
** Profundidade local 4103 m
** 09-1439
** Nome do Operador CT Garla
# nquan = 30
# nvalues = 2260                        
# units = specified
# name 0 = scan: Scan Count
# name 1 = timeJ: Julian Days
# name 2 = latitude: Latitude [deg]
# name 3 = longitude: Longitude [deg]
# name 4 = dz/dtM: Descent Rate [m/s]
# name 5 = avgsvCM: Average Sound Velocity [Chen-Millero, m/s]
# name 6 = prDM: Pressure, Digiquartz [db]
# name 7 = depSM: Depth [salt water, m]
# name 8 = t090C: Temperature [ITS-90, deg C]
# name 9 = t190C: Temperature, 2 [ITS-90, deg C]
# name 10 = T2-T190C: Temperature Difference, 2 - 1 [ITS-90, deg C]
# name 11 = potemp090C: Potential Temperature [ITS-90, deg C]
# name 12 = potemp190C: Potential Temperature, 2 [ITS-90, deg C]
# name 13 = potemp90Cdiff: Potential Temperature, Diff, 2 - 1 [ITS-90, deg C]
# name 14 = c0S/m: Conductivity [S/m]
# name 15 = c1S/m: Conductivity, 2 [S/m]
# name 16 = C2-C1S/m: Conductivity Difference, 2 - 1 [S/m]
# name 17 = sal00: Salinity, Practical [PSU]
# name 18 = sal11: Salinity, Practical, 2 [PSU]
# name 19 = sbeox0ML/L: Oxygen, SBE 43 [ml/l]
# name 20 = sigma-é00: Density [sigma-theta, kg/m^3]
# name 21 = sigma-é11: Density, 2 [sigma-theta, kg/m^3]
# name 22 = sal00: Salinity, Practical [PSU]
# name 23 = sigma-é00: Density [sigma-theta, kg/m^3]
# name 24 = svCM: Sound Velocity [Chen-Millero, m/s]
# name 25 = svCM1: Sound Velocity, 2 [Chen-Millero, m/s]
# name 26 = gsw_ptA0: potential temperature [ITS-90, deg C]
# name 27 = gsw_densityA0: density, TEOS-10 [density, kg/m^3]
# name 28 = gsw_saA0: Absolute Salinity [g/kg]
# name 29 = flag:
# span 0 =      60198,     133319       
# span 1 = 318.994586, 319.029849       
# span 2 =  -59.76978,  -59.76218       
# span 3 =  -62.06556,  -62.06017       
# span 4 =     -1.888,     -0.020       
# span 5 =    1474.40,    1474.40       
# span 6 =      0.000,   2259.000       
# span 7 =      0.000,   2225.748       
# span 8 =    -0.5862,     2.2187       
# span 9 =    -0.5845,     2.2184       
# span 10 =    -0.0207,     0.1637      
# span 11 =    -0.5894,     2.1985      
# span 12 =    -0.5877,     2.1982      
# span 13 =    -0.0207,     0.1635      
# span 14 =   2.767580,   3.095022      
# span 15 =   2.767637,   3.094995      
# span 16 =  -0.001706,   0.016465      
# span 17 =    33.7142,    34.7237      
# span 18 =    33.7145,    34.7237      
# span 19 =     3.8006,     8.0200      
# span 20 =    27.0360,    27.8238      
# span 21 =    27.0363,    27.8236      
# span 22 =    33.7144,    34.7239      
# span 23 =    27.0366,    27.8238      
# span 24 =    1446.46,    1490.82      
# span 25 =    1446.46,    1490.82      
# span 26 =    -0.5893,     2.1985      
# span 27 =  1027.0393,  1038.2673      
# span 28 =    33.8739,    34.8965      
# span 29 = 0.0000e+00, 0.0000e+00      
# interval = decibars: 1                
# start_time = Nov 14 2022 23:10:24 [NMEA time, header]
# bad_flag = -9.990e-29
*END*
[from data line 49]
      61781 318.995349  -59.76234  -62.06024     -1.222    1474.40   2210.000   2177.718     1.0412     1.0408    -0.0004     0.9026     0.9022    -0.0004   3.066639   3.066602  -0.000039    34.7139    34.7139     4.3689    27.8219    27.8219    34.7144    27.8223    1490.14    1490.14     0.9027  1038.0428    34.8863 0.0000e+00
      61800 318.995358  -59.76234  -62.06025     -1.341    1474.40   2209.000   2176.738     1.0436     1.0430    -0.0006     0.9050     0.9045    -0.0006   3.066807   3.066748  -0.000055    34.7140    34.7139     4.3646    27.8218    27.8218    34.7144    27.8221    1490.14    1490.14     0.9051  1038.0380    34.8863 0.0000e+00
      61845 318.995380  -59.76234  -62.06025     -0.633    1474.40   2208.000   2175.758     1.0448     1.0439    -0.0009     0.9063     0.9054    -0.0009   3.066859   3.066752  -0.000109    34.7140    34.7136     4.3645    27.8217    27.8215    34.7142    27.8219    1490.13    1490.12     0.9064  1038.0301    34.8821 0.0000e+00
      61895 318.995404 -9.990e-29  -62.06024     -0.454    1474.40   2207.000   2174.777     1.0461     1.0459    -0.0002     0.9077     0.9075    -0.0002   3.066926   3.066900  -0.000025    34.7139    34.7138     4.3644    27.8215    27.8215    34.7141    27.8217    1490.12    1490.11     0.9078  1038.0219    34.8776 0.0000e+00
      61915 318.995414 -9.990e-29  -62.06024     -0.911    1474.40   2206.000   2173.797     1.0466     1.0462    -0.0004     0.9082     0.9078    -0.0004   3.066929   3.066900  -0.000033    34.7140    34.7141     4.3615    27.8216    27.8217    34.7141    27.8217    1490.10    1490.10     0.9083  1038.0175    34.8778 0.0000e+00
      61931 318.995422 -9.990e-29  -62.06024     -1.221    1474.40   2205.000   2172.816     1.0467     1.0463    -0.0004     0.9084     0.9080    -0.0004   3.066899   3.066861  -0.000038    34.7140    34.7140     4.3611    27.8216    27.8216    34.7141    27.8217    1490.08    1490.08     0.9085  1038.0129    34.8778 0.0000e+00
      61949 318.995430  -59.76236  -62.06026     -1.386    1474.40   2204.000   2171.837     1.0467     1.0464    -0.0004     0.9085     0.9081    -0.0004   3.066867   3.066823  -0.000044    34.7141    34.7140     4.3636    27.8217    27.8216    34.7142    27.8218    1490.07    1490.07     0.9086  1038.0107    34.8807 0.0000e+00
      61969 318.995440  -59.76236  -62.06026     -1.316    1474.40   2203.000   2170.856     1.0465     1.0463    -0.0003     0.9084     0.9082    -0.0003   3.066816   3.066784  -0.000033    34.7142    34.7141     4.3691    27.8217    27.8216    34.7143    27.8218    1490.05    1490.05     0.9085  1038.0104    34.8861 0.0000e+00
      62007 318.995458  -59.76236  -62.06026     -0.774    1474.40   2202.000   2169.876     1.0465     1.0463    -0.0002     0.9084     0.9082    -0.0002   3.066772   3.066735  -0.000037    34.7142    34.7140     4.3646    27.8218    27.8216    34.7143    27.8218    1490.03    1490.03     0.9085  1038.0060    34.8862 0.0000e+00
      62060 318.995484  -59.76236  -62.06026     -0.408    1474.40   2201.000   2168.895     1.0468     1.0466    -0.0002     0.9088     0.9087    -0.0002   3.066732   3.066705  -0.000031    34.7139    34.7137     4.3640    27.8215    27.8213    34.7140    27.8215    1490.02    1490.02     0.9089  1038.0011    34.8859 0.0000e+00
      62090 318.995498  -59.76238  -62.06026     -0.696    1474.40   2200.000   2167.915     1.0468     1.0466    -0.0001     0.9089     0.9087    -0.0001   3.066705   3.066688  -0.000014    34.7141    34.7141     4.3679    27.8216    27.8216    34.7141    27.8216    1490.00    1490.00     0.9090  1037.9967    34.8860 0.0000e+00
      62113 318.995509  -59.76238  -62.06026     -0.942    1474.40   2199.000   2166.934     1.0471     1.0468    -0.0003     0.9093     0.9089    -0.0003   3.066706   3.066667  -0.000039    34.7143    34.7141     4.3642    27.8217    27.8216    34.7144    27.8218    1489.99    1489.98     0.9093  1037.9924    34.8862 0.0000e+00
      62134 318.995519  -59.76238  -62.06027     -1.095    1474.40   2198.000   2165.954     1.0473     1.0469    -0.0004     0.9096     0.9091    -0.0004   3.066677   3.066642  -0.000034    34.7141    34.7142     4.3619    27.8216    27.8217    34.7142    27.8216    1489.97    1489.97     0.9097  1037.9877    34.8861 0.0000e+00
      62155 318.995529  -59.76238  -62.06028     -1.149    1474.40   2197.000   2164.974     1.0471     1.0468    -0.0004     0.9095     0.9091    -0.0004   3.066622   3.066595  -0.000027    34.7142    34.7143     4.3661    27.8217    27.8217    34.7142    27.8217    1489.95    1489.95     0.9096  1037.9832    34.8861 0.0000e+00
      62175 318.995539  -59.76238  -62.06028     -1.156    1474.40   2196.000   2163.993     1.0470     1.0467    -0.0003     0.9094     0.9091    -0.0003   3.066575   3.066541  -0.000030    34.7142    34.7142     4.3636    27.8217    27.8217    34.7143    27.8217    1489.93    1489.93     0.9095  1037.9788    34.8862 0.0000e+00
      62196 318.995549  -59.76238  -62.06028     -1.153    1474.40   2195.000   2163.013     1.0471     1.0468    -0.0003     0.9096     0.9093    -0.0003   3.066539   3.066512  -0.000030    34.7142    34.7141     4.3551    27.8217    27.8216    34.7142    27.8217    1489.92    1489.92     0.9097  1037.9742    34.8861 0.0000e+00
      62233 318.995567  -59.76238  -62.06028     -0.833    1474.40   2194.000   2162.035     1.0470     1.0468    -0.0002     0.9096     0.9094    -0.0002   3.066507   3.066472  -0.000035    34.7144    34.7141     4.3630    27.8218    27.8216    34.7144    27.8218    1489.90    1489.90     0.9097  1037.9689    34.8851 0.0000e+00
      62314 318.995606 -9.990e-29  -62.06028     -0.196    1474.40   2193.000   2161.049     1.0475     1.0474    -0.0002     0.9102     0.9101    -0.0001   3.066471   3.066447  -0.000025    34.7139    34.7137     4.3609    27.8214    27.8212    34.7139    27.8214    1489.88    1489.89     0.9103  1037.9580    34.8770 0.0000e+00
      62333 318.995615 -9.990e-29  -62.06028     -0.778    1474.40   2192.000   2160.072     1.0474     1.0470    -0.0004     0.9102     0.9098    -0.0004   3.066438   3.066402  -0.000029    34.7140    34.7141     4.3656    27.8215    27.8216    34.7140    27.8215    1489.87    1489.87     0.9103  1037.9540    34.8777 0.0000e+00
      62349 318.995623  -59.76240  -62.06028     -1.154    1474.40   2191.000   2159.091     1.0477     1.0473    -0.0004     0.9105     0.9101    -0.0004   3.066437   3.066384  -0.000053    34.7142    34.7140     4.3639    27.8216    27.8215    34.7142    27.8216    1489.85    1489.85     0.9106  1037.9517    34.8806 0.0000e+00
      62364 318.995630  -59.76240  -62.06028     -1.436    1474.40   2190.000   2158.111     1.0478     1.0474    -0.0003     0.9107     0.9103    -0.0003   3.066395   3.066359  -0.000044    34.7143    34.7140     4.3680    27.8216    27.8215    34.7141    27.8215    1489.84    1489.83     0.9107  1037.9515    34.8861 0.0000e+00
      62378 318.995637  -59.76240  -62.06028     -1.584    1474.40   2189.000   2157.131     1.0477     1.0473    -0.0003     0.9107     0.9103    -0.0003   3.066352   3.066305  -0.000038    34.7142    34.7141     4.3696    27.8216    27.8215    34.7142    27.8216    1489.82    1489.82     0.9107  1037.9470    34.8861 0.0000e+00
      62395 318.995645  -59.76240  -62.06028     -1.579    1474.40   2188.000   2156.150     1.0476     1.0472    -0.0004     0.9107     0.9103    -0.0004   3.066300   3.066272  -0.000031    34.7142    34.7142     4.3646    27.8216    27.8216    34.7141    27.8215    1489.80    1489.80     0.9108  1037.9424    34.8860 0.0000e+00
      62420 318.995657  -59.76240  -62.06029     -1.238    1474.40   2187.000   2155.170     1.0473     1.0471    -0.0002     0.9104     0.9102    -0.0002   3.066251   3.066216  -0.000035    34.7144    34.7142     4.3676    27.8218    27.8216    34.7144    27.8218    1489.78    1489.78     0.9105  1037.9382    34.8863 0.0000e+00
      62466 318.995680  -59.76242  -62.06030     -0.473    1474.40   2186.000   2154.189     1.0475     1.0470    -0.0004     0.9107     0.9103    -0.0004   3.066200   3.066153  -0.000046    34.7141    34.7139     4.3612    27.8215    27.8214    34.7140    27.8215    1489.77    1489.76     0.9108  1037.9333    34.8859 0.0000e+00
      62500 318.995696  -59.76240  -62.06028     -0.650    1474.40   2185.000   2153.209     1.0474     1.0469    -0.0005     0.9107     0.9102    -0.0005   3.066160   3.066109  -0.000050    34.7141    34.7141     4.3630    27.8215    27.8215    34.7141    27.8215    1489.75    1489.75     0.9108  1037.9289    34.8860 0.0000e+00
      62526 318.995708  -59.76240  -62.06028     -0.877    1474.40   2184.000   2152.228     1.0473     1.0469    -0.0004     0.9107     0.9103    -0.0004   3.066125   3.066084  -0.000044    34.7143    34.7142     4.3645    27.8217    27.8216    34.7143    27.8216    1489.73    1489.73     0.9108  1037.9245    34.8861 0.0000e+00
      62555 318.995722  -59.76241  -62.06030     -0.867    1474.40   2183.000   2151.248     1.0474     1.0469    -0.0005     0.9108     0.9104    -0.0004   3.066092   3.066046  -0.000044    34.7143    34.7142     4.3639    27.8217    27.8216    34.7143    27.8217    1489.72    1489.71     0.9109  1037.9200    34.8861 0.0000e+00
      62589 318.995739  -59.76242  -62.06031     -0.708    1474.40   2182.000   2150.268     1.0476     1.0471    -0.0005     0.9111     0.9107    -0.0005   3.066060   3.066026  -0.000037    34.7142    34.7142     4.3614    27.8215    27.8216    34.7141    27.8215    1489.70    1489.70     0.9112  1037.9153    34.8860 0.0000e+00
      62614 318.995751  -59.76242  -62.06031     -0.824    1474.40   2181.000   2149.288     1.0483     1.0478    -0.0005     0.9119     0.9114    -0.0005   3.066104   3.066065  -0.000032    34.7141    34.7143     4.3565    27.8215    27.8216    34.7144    27.8217    1489.69    1489.68     0.9120  1037.9109    34.8863 0.0000e+00
      62635 318.995761  -59.76243  -62.06030     -1.042    1474.40   2180.000   2148.307     1.0525     1.0519    -0.0006     0.9162     0.9155    -0.0006   3.066439   3.066388  -0.000059    34.7142    34.7141     4.3666    27.8213    27.8212    34.7145    27.8215    1489.69    1489.69     0.9162  1037.9060    34.8864 0.0000e+00
      62654 318.995770  -59.76244  -62.06029     -1.198    1474.40   2179.000   2147.326     1.0530     1.0526    -0.0004     0.9167     0.9163    -0.0004   3.066421   3.066389  -0.000031    34.7142    34.7143     4.3613    27.8212    27.8213    34.7143    27.8213    1489.67    1489.67     0.9168  1037.9012    34.8861 0.0000e+00
      62676 318.995781  -59.76244  -62.06029     -1.170    1474.40   2178.000   2146.346     1.0526     1.0523    -0.0003     0.9164     0.9161    -0.0003   3.066358   3.066330  -0.000029    34.7143    34.7143     4.3615    27.8213    27.8213    34.7144    27.8214    1489.66    1489.65     0.9165  1037.8968    34.8863 0.0000e+00
      62704 318.995794  -59.76244  -62.06030     -0.948    1474.40   2177.000   2145.365     1.0523     1.0519    -0.0005     0.9162     0.9158    -0.0004   3.066287   3.066248  -0.000037    34.7143    34.7143     4.3639    27.8213    27.8213    34.7143    27.8214    1489.64    1489.63     0.9163  1037.8923    34.8862 0.0000e+00
      62736 318.995810  -59.76244  -62.06031     -0.762    1474.40   2176.000   2144.385     1.0522     1.0517    -0.0006     0.9162     0.9157    -0.0006   3.066238   3.066192  -0.000045    34.7142    34.7143     4.3683    27.8212    27.8213    34.7143    27.8213    1489.62    1489.62     0.9162  1037.8878    34.8862 0.0000e+00
      62765 318.995824  -59.76244  -62.06032     -0.791    1474.40   2175.000   2143.404     1.0524     1.0520    -0.0003     0.9164     0.9161    -0.0003   3.066210   3.066184  -0.000029    34.7143    34.7143     4.3580    27.8213    27.8213    34.7143    27.8213    1489.60    1489.60     0.9165  1037.8832    34.8862 0.0000e+00
      62791 318.995836  -59.76244  -62.06030     -0.893    1474.40   2174.000   2142.424     1.0521     1.0518    -0.0004     0.9163     0.9159    -0.0004   3.066162   3.066126  -0.000033    34.7144    34.7144     4.3593    27.8214    27.8214    34.7145    27.8215    1489.59    1489.58     0.9163  1037.8788    34.8863 0.0000e+00
      62818 318.995849  -59.76244  -62.06030     -0.931    1474.40   2173.000   2141.444     1.0524     1.0520    -0.0004     0.9166     0.9162    -0.0004   3.066138   3.066109  -0.000030    34.7143    34.7144     4.3556    27.8213    27.8214    34.7144    27.8214    1489.57    1489.57     0.9166  1037.8743    34.8863 0.0000e+00
      62852 318.995866  -59.76245  -62.06030     -0.753    1474.40   2172.000   2140.463     1.0527     1.0522    -0.0005     0.9170     0.9165    -0.0005   3.066133   3.066083  -0.000051    34.7144    34.7143     4.3637    27.8214    27.8213    34.7145    27.8214    1489.55    1489.55     0.9170  1037.8697    34.8863 0.0000e+00
      62893 318.995885  -59.76246  -62.06032     -0.561    1474.40   2171.000   2139.481     1.0539     1.0535    -0.0004     0.9182     0.9178    -0.0004   3.066202   3.066152  -0.000050    34.7145    34.7143     4.3645    27.8213    27.8212    34.7146    27.8214    1489.54    1489.54     0.9183  1037.8651    34.8864 0.0000e+00
      62920 318.995899  -59.76246  -62.06032     -0.755    1474.40   2170.000   2138.502     1.0549     1.0544    -0.0005     0.9193     0.9187    -0.0005   3.066242   3.066187  -0.000054    34.7144    34.7143     4.3629    27.8212    27.8211    34.7145    27.8213    1489.53    1489.53     0.9193  1037.8604    34.8864 0.0000e+00
      62940 318.995908  -59.76246  -62.06032     -1.021    1474.40   2169.000   2137.521     1.0551     1.0547    -0.0004     0.9195     0.9191    -0.0004   3.066221   3.066177  -0.000044    34.7145    34.7144     4.3600    27.8212    27.8212    34.7145    27.8213    1489.52    1489.51     0.9196  1037.8559    34.8864 0.0000e+00
      62958 318.995917  -59.76246  -62.06032     -1.228    1474.40   2168.000   2136.541     1.0550     1.0546    -0.0004     0.9196     0.9191    -0.0004   3.066182   3.066136  -0.000047    34.7145    34.7144     4.3581    27.8213    27.8212    34.7146    27.8213    1489.50    1489.50     0.9196  1037.8514    34.8864 0.0000e+00
      62977 318.995926  -59.76246  -62.06032     -1.315    1474.40   2167.000   2135.560     1.0551     1.0548    -0.0004     0.9197     0.9194    -0.0004   3.066159   3.066098  -0.000057    34.7145    34.7143     4.3619    27.8213    27.8211    34.7147    27.8214    1489.48    1489.48     0.9198  1037.8470    34.8866 0.0000e+00
      62996 318.995935  -59.76246  -62.06031     -1.294    1474.40   2166.000   2134.581     1.0567     1.0560    -0.0006     0.9213     0.9207    -0.0006   3.066235   3.066180  -0.000059    34.7144    34.7143     4.3612    27.8211    27.8210    34.7145    27.8211    1489.47    1489.47     0.9214  1037.8421    34.8863 0.0000e+00
      63019 318.995946  -59.76247  -62.06030     -1.167    1474.40   2165.000   2133.600     1.0555     1.0552    -0.0002     0.9203     0.9200    -0.0002   3.066103   3.066073  -0.000031    34.7146    34.7145     4.3610    27.8213    27.8212    34.7146    27.8213    1489.45    1489.45     0.9204  1037.8378    34.8864 0.0000e+00
      63049 318.995960  -59.76248  -62.06031     -0.906    1474.40   2164.000   2132.619     1.0552     1.0551    -0.0001     0.9201     0.9200    -0.0001   3.066030   3.066016  -0.000015    34.7145    34.7144     4.3617    27.8212    27.8212    34.7145    27.8212    1489.43    1489.43     0.9202  1037.8304    34.8827 0.0000e+00
