Pos-Processados/process_op41/Processamento_split/up/uoperantar41_014LR.cnv
* Sea-Bird SBE 9 Data File:
* FileName = C:\Users\Dell\Desktop\OperantarXLI\config\00_BRUTOS\OPE41014LR.hdr
* Software Version Seasave V 7.26.7.110
* Temperature SN = 6497
* Conductivity SN = 4954
* Number of Bytes Per Scan = 31
* Number of Voltage Words = 2
* Number of Scans Averaged by the Deck Unit = 1
* NMEA Latitude = 45 53.01 S
* NMEA Longitude = 058 29.32 W
* NMEA UTC (Time) = Oct 25 2022 11:27:01
* NMEA baud rate = 4800
** H41
** Navio Polar Almirante Maximiano
** LH-021/2022
** Operantar XLI
** Número da Estação 014
** Latitude 45 53.086 S
** Longitude 058 29.226 W
** Data/Hora (Z) 25/10/2022 1127Z
** Profundidade local 2647 m
** 09-1439
** Nome do Operador CT GARLA
# nquan = 30
# nvalues = 2041                        
# units = specified
# name 0 = scan: Scan Count
# name 1 = timeJ: Julian Days
# name 2 = latitude: Latitude [deg]
# name 3 = longitude: Longitude [deg]
# name 4 = dz/dtM: Descent Rate [m/s]
# name 5 = avgsvCM: Average Sound Velocity [Chen-Millero, m/s]
# name 6 = prDM: Pressure, Digiquartz [db]
# name 7 = depSM: Depth [salt water, m]
# name 8 = t090C: Temperature [ITS-90, deg C]
# name 9 = t190C: Temperature, 2 [ITS-90, deg C]
# name 10 = T2-T190C: Temperature Difference, 2 - 1 [ITS-90, deg C]
# name 11 = potemp090C: Potential Temperature [ITS-90, deg C]
# name 12 = potemp190C: Potential Temperature, 2 [ITS-90, deg C]
# name 13 = potemp90Cdiff: Potential Temperature, Diff, 2 - 1 [ITS-90, deg C]
# name 14 = c0S/m: Conductivity [S/m]
# name 15 = c1S/m: Conductivity, 2 [S/m]
# name 16 = C2-C1S/m: Conductivity Difference, 2 - 1 [S/m]
# name 17 = sal00: Salinity, Practical [PSU]
# name 18 = sal11: Salinity, Practical, 2 [PSU]
# name 19 = sbeox0ML/L: Oxygen, SBE 43 [ml/l]
# name 20 = sigma-é00: Density [sigma-theta, kg/m^3]
# name 21 = sigma-é11: Density, 2 [sigma-theta, kg/m^3]
# name 22 = sal00: Salinity, Practical [PSU]
# name 23 = sigma-é00: Density [sigma-theta, kg/m^3]
# name 24 = svCM: Sound Velocity [Chen-Millero, m/s]
# name 25 = svCM1: Sound Velocity, 2 [Chen-Millero, m/s]
# name 26 = gsw_ptA0: potential temperature [ITS-90, deg C]
# name 27 = gsw_densityA0: density, TEOS-10 [density, kg/m^3]
# name 28 = gsw_saA0: Absolute Salinity [g/kg]
# name 29 = flag:
# span 0 =      56237,     116492       
# span 1 = 298.504215, 298.533273       
# span 2 =  -45.87848,  -45.87286       
# span 3 =  -58.48979,  -58.48924       
# span 4 =     -2.142,      0.018       
# span 5 =    1479.42,    1479.42       
# span 6 =      3.000,   2043.000       
# span 7 =      2.977,   2016.393       
# span 8 =     2.1895,     7.1460       
# span 9 =     2.1891,     7.1460       
# span 10 =    -0.1446,     0.1010      
# span 11 =     2.0577,     7.1456      
# span 12 =     2.0573,     7.1456      
# span 13 =    -0.1446,     0.1010      
# span 14 =   3.144139,   3.460105      
# span 15 =   3.144207,   3.460149      
# span 16 =  -0.011990,   0.008196      
# span 17 =    34.0777,    34.7469      
# span 18 =    34.0750,    34.7473      
# span 19 =     3.7111,     7.0448      
# span 20 =    26.6899,    27.7521      
# span 21 =    26.6903,    27.7523      
# span 22 =    34.0984,    34.7474      
# span 23 =    26.6900,    27.7522      
# span 24 =    1470.17,    1493.14      
# span 25 =    1470.18,    1493.13      
# span 26 =     2.0575,     7.1456      
# span 27 =  1026.7061,  1037.1415      
# span 28 =    34.2595,    34.9167      
# span 29 = 0.0000e+00, 0.0000e+00      
# interval = decibars: 1                
# start_time = Oct 25 2022 11:27:01 [NMEA time, header]
# bad_flag = -9.990e-29
*END*
[from data line 1837]
     106522 298.528465  -45.87382  -58.48970     -1.156    1479.42    206.000    204.210     4.7372     4.7384     0.0012     4.7218     4.7230     0.0012   3.256746   3.256897   0.000148    34.1323    34.1328     6.3826    27.0187    27.0190    34.1327    27.0190    1471.93    1471.93     4.7217  1027.9734    34.2945 0.0000e+00
     106557 298.528482  -45.87382  -58.48970     -0.753    1479.42    205.000    203.219     4.7381     4.7384     0.0003     4.7228     4.7231     0.0003   3.256785   3.256840   0.000057    34.1324    34.1327     6.3849    27.0187    27.0189    34.1327    27.0189    1471.91    1471.92     4.7227  1027.9687    34.2945 0.0000e+00
     106591 298.528498  -45.87382  -58.48970     -0.654    1479.42    204.000    202.228     4.7385     4.7387     0.0002     4.7232     4.7234     0.0002   3.256766   3.256819   0.000056    34.1324    34.1328     6.3942    27.0186    27.0190    34.1326    27.0188    1471.90    1471.90     4.7232  1027.9640    34.2944 0.0000e+00
     106615 298.528510  -45.87380  -58.48970     -0.872    1479.42    203.000    201.237     4.7383     4.7394     0.0010     4.7231     4.7242     0.0010   3.256710   3.256840   0.000116    34.1324    34.1327     6.4006    27.0186    27.0188    34.1326    27.0188    1471.88    1471.89     4.7231  1027.9594    34.2944 0.0000e+00
     106634 298.528519  -45.87380  -58.48970     -1.102    1479.42    202.000    200.246     4.7408     4.7422     0.0014     4.7257     4.7271     0.0014   3.256887   3.257103   0.000198    34.1321    34.1330     6.3996    27.0182    27.0187    34.1327    27.0186    1471.87    1471.88     4.7256  1027.9545    34.2945 0.0000e+00
     106653 298.528528  -45.87380  -58.48970     -1.241    1479.42    201.000    199.255     4.7432     4.7488     0.0056     4.7282     4.7337     0.0056   3.257061   3.257659   0.000550    34.1322    34.1329     6.4022    27.0180    27.0179    34.1328    27.0184    1471.87    1471.89     4.7281  1027.9497    34.2945 0.0000e+00
     106675 298.528539  -45.87380  -58.48970     -1.192    1479.42    200.000    198.265     4.7509     4.7546     0.0037     4.7359     4.7396     0.0036   3.257712   3.258041   0.000365    34.1319    34.1324     6.3999    27.0168    27.0168    34.1329    27.0176    1471.88    1471.90     4.7359  1027.9443    34.2947 0.0000e+00
     106706 298.528554  -45.87380  -58.48970     -0.884    1479.42    199.000    197.274     4.7578     4.7538    -0.0040     4.7429     4.7389    -0.0040   3.258274   3.257908  -0.000316    34.1320    34.1324     6.4037    27.0161    27.0169    34.1329    27.0168    1471.90    1471.88     4.7428  1027.9388    34.2947 0.0000e+00
     106741 298.528571  -45.87379  -58.48970     -0.675    1479.42    198.000    196.283     4.7608     4.7571    -0.0037     4.7460     4.7423    -0.0037   3.258476   3.258236  -0.000258    34.1320    34.1328     6.4020    27.0158    27.0168    34.1327    27.0163    1471.89    1471.88     4.7459  1027.9337    34.2944 0.0000e+00
     106771 298.528585  -45.87378  -58.48970     -0.763    1479.42    197.000    195.292     4.7624     4.7579    -0.0045     4.7476     4.7431    -0.0045   3.258560   3.258220  -0.000338    34.1319    34.1326     6.4029    27.0155    27.0166    34.1326    27.0161    1471.88    1471.86     4.7476  1027.9288    34.2943 0.0000e+00
     106794 298.528596  -45.87378  -58.48970     -0.928    1479.42    196.000    194.301     4.7681     4.7692     0.0012     4.7533     4.7546     0.0012   3.259062   3.259271   0.000194    34.1319    34.1329     6.4049    27.0149    27.0156    34.1331    27.0158    1471.89    1471.90     4.7533  1027.9239    34.2948 0.0000e+00
     106814 298.528606  -45.87378  -58.48970     -1.100    1479.42    195.000    193.311     4.7699     4.7719     0.0019     4.7553     4.7572     0.0019   3.259163   3.259347   0.000184    34.1321    34.1322     6.3994    27.0148    27.0147    34.1328    27.0154    1471.88    1471.89     4.7553  1027.9189    34.2946 0.0000e+00
     106833 298.528615  -45.87378  -58.48970     -1.222    1479.42    194.000    192.320     4.7722     4.7744     0.0022     4.7576     4.7598     0.0022   3.259285   3.259507   0.000202    34.1318    34.1320     6.3972    27.0144    27.0142    34.1325    27.0149    1471.87    1471.88     4.7576  1027.9137    34.2942 0.0000e+00
     106853 298.528625  -45.87378  -58.48970     -1.245    1479.42    193.000    191.328     4.7744     4.7783     0.0039     4.7599     4.7638     0.0039   3.259433   3.259861   0.000395    34.1315    34.1321     6.3998    27.0139    27.0139    34.1325    27.0146    1471.87    1471.88     4.7599  1027.9088    34.2942 0.0000e+00
     106878 298.528636  -45.87378  -58.48970     -1.087    1479.42    192.000    190.337     4.7782     4.7797     0.0015     4.7638     4.7653     0.0015   3.259706   3.259868   0.000183    34.1314    34.1320     6.3984    27.0133    27.0137    34.1322    27.0139    1471.86    1471.87     4.7638  1027.9035    34.2939 0.0000e+00
     106913 298.528654  -45.87378  -58.48970     -0.740    1479.42    191.000    189.347     4.7838     4.7775    -0.0062     4.7694     4.7632    -0.0062   3.260180   3.259624  -0.000484    34.1315    34.1323     6.4022    27.0128    27.0141    34.1325    27.0136    1471.87    1471.85     4.7694  1027.8985    34.2943 0.0000e+00
     106952 298.528673  -45.87378  -58.48970     -0.583    1479.42    190.000    188.356     4.7874     4.7831    -0.0043     4.7731     4.7688    -0.0043   3.260473   3.260199  -0.000322    34.1320    34.1327     6.4109    27.0127    27.0137    34.1327    27.0133    1471.87    1471.85     4.7731  1027.8936    34.2945 0.0000e+00
     106978 298.528685  -45.87378  -58.48970     -0.782    1479.42    189.000    187.365     4.7905     4.7892    -0.0013     4.7764     4.7750    -0.0013   3.260707   3.260663  -0.000069    34.1317    34.1323     6.4043    27.0122    27.0128    34.1327    27.0130    1471.87    1471.86     4.7763  1027.8886    34.2945 0.0000e+00
     106996 298.528694  -45.87376  -58.48970     -1.066    1479.42    188.000    186.374     4.7960     4.7976     0.0016     4.7819     4.7834     0.0016   3.261097   3.261264   0.000162    34.1314    34.1316     6.3984    27.0113    27.0113    34.1322    27.0119    1471.87    1471.88     4.7818  1027.8829    34.2939 0.0000e+00
     107012 298.528701  -45.87376  -58.48970     -1.320    1479.42    187.000    185.383     4.7973     4.7980     0.0007     4.7833     4.7839     0.0007   3.261171   3.261252   0.000088    34.1313    34.1317     6.3959    27.0111    27.0113    34.1322    27.0117    1471.86    1471.86     4.7832  1027.8781    34.2939 0.0000e+00
     107029 298.528709  -45.87376  -58.48970     -1.470    1479.42    186.000    184.392     4.7986     4.7989     0.0003     4.7846     4.7849     0.0003   3.261210   3.261307   0.000080    34.1312    34.1318     6.3916    27.0108    27.0113    34.1319    27.0114    1471.85    1471.85     4.7846  1027.8731    34.2936 0.0000e+00
     107055 298.528722  -45.87376  -58.48972     -1.175    1479.42    185.000    183.406     4.7982     4.7996     0.0014     4.7843     4.7857     0.0014   3.261133   3.261274   0.000139    34.1313    34.1315     6.3948    27.0110    27.0110    34.1319    27.0114    1471.83    1471.84     4.7843  1027.8685    34.2936 0.0000e+00
     107112 298.528750  -45.87376  -58.48970     -0.283    1479.42    184.000    182.404     4.7998     4.7982    -0.0016     4.7860     4.7843    -0.0016   3.261214   3.261133  -0.000073    34.1310    34.1318     6.4183    27.0105    27.0114    34.1317    27.0111    1471.82    1471.82     4.7859  1027.8636    34.2934 0.0000e+00
     107141 298.528764  -45.87376  -58.48970     -0.663    1479.42    183.000    181.419     4.8022     4.8007    -0.0015     4.7885     4.7869    -0.0015   3.261321   3.261243  -0.000083    34.1309    34.1315     6.4057    27.0102    27.0108    34.1310    27.0102    1471.81    1471.81     4.7884  1027.8581    34.2927 0.0000e+00
     107159 298.528772  -45.87375  -58.48970     -1.042    1479.42    182.000    180.429     4.8041     4.8063     0.0022     4.7904     4.7926     0.0022   3.261517   3.261785   0.000203    34.1307    34.1308     6.3972    27.0098    27.0096    34.1319    27.0107    1471.80    1471.82     4.7904  1027.8540    34.2936 0.0000e+00
     107175 298.528780  -45.87374  -58.48970     -1.323    1479.42    181.000    179.438     4.8134     4.8166     0.0033     4.7998     4.8030     0.0033   3.262179   3.262434   0.000282    34.1291    34.1291     6.4092    27.0075    27.0071    34.1305    27.0086    1471.82    1471.84     4.7997  1027.8472    34.2922 0.0000e+00
     107192 298.528788  -45.87374  -58.48970     -1.454    1479.42    180.000    178.446     4.8172     4.8178     0.0006     4.8036     4.8042     0.0006   3.262359   3.262440   0.000089    34.1285    34.1289     6.4174    27.0065    27.0068    34.1292    27.0071    1471.82    1471.82     4.8036  1027.8411    34.2909 0.0000e+00
     107213 298.528798  -45.87374  -58.48970     -1.313    1479.42    179.000    177.455     4.8171     4.8183     0.0012     4.8037     4.8048     0.0012   3.262298   3.262442   0.000133    34.1285    34.1288     6.4173    27.0065    27.0067    34.1291    27.0070    1471.81    1471.81     4.8036  1027.8364    34.2908 0.0000e+00
     107249 298.528816  -45.87374  -58.48970     -0.759    1479.42    178.000    176.465     4.8181     4.8169    -0.0012     4.8047     4.8035    -0.0012   3.262334   3.262278  -0.000045    34.1285    34.1292     6.4281    27.0064    27.0071    34.1290    27.0069    1471.79    1471.79     4.8047  1027.8316    34.2907 0.0000e+00
     107290 298.528835  -45.87374  -58.48970     -0.561    1479.42    177.000    175.474     4.8185     4.8181    -0.0004     4.8052     4.8048    -0.0004   3.262341   3.262336  -0.000001    34.1287    34.1291     6.4383    27.0066    27.0069    34.1292    27.0070    1471.78    1471.78     4.8051  1027.8271    34.2909 0.0000e+00
     107316 298.528848  -45.87374  -58.48970     -0.797    1479.42    176.000    174.483     4.8193     4.8199     0.0006     4.8061     4.8067     0.0006   3.262373   3.262483   0.000097    34.1286    34.1292     6.4330    27.0064    27.0068    34.1293    27.0069    1471.77    1471.77     4.8060  1027.8224    34.2910 0.0000e+00
     107337 298.528858  -45.87374  -58.48970     -1.009    1479.42    175.000    173.492     4.8232     4.8235     0.0003     4.8100     4.8103     0.0003   3.262627   3.262701   0.000076    34.1283    34.1288     6.4286    27.0057    27.0061    34.1288    27.0061    1471.76    1471.77     4.8100  1027.8169    34.2905 0.0000e+00
     107359 298.528869  -45.87372  -58.48970     -1.114    1479.42    174.000    172.501     4.8248     4.8257     0.0009     4.8118     4.8126     0.0009   3.262729   3.262855   0.000116    34.1282    34.1287     6.4268    27.0055    27.0057    34.1288    27.0059    1471.75    1471.76     4.8117  1027.8121    34.2905 0.0000e+00
     107382 298.528880  -45.87372  -58.48970     -1.090    1479.42    173.000    171.510     4.8258     4.8263     0.0006     4.8127     4.8133     0.0006   3.262753   3.262821   0.000078    34.1282    34.1285     6.4337    27.0053    27.0055    34.1286    27.0057    1471.74    1471.74     4.8127  1027.8072    34.2903 0.0000e+00
     107409 298.528893  -45.87372  -58.48970     -0.938    1479.42    172.000    170.520     4.8255     4.8258     0.0003     4.8125     4.8128     0.0003   3.262652   3.262706   0.000052    34.1280    34.1283     6.4437    27.0052    27.0054    34.1283    27.0054    1471.72    1471.73     4.8125  1027.8024    34.2899 0.0000e+00
     107437 298.528906  -45.87372 -9.990e-29     -0.858    1479.42    171.000    169.528     4.8253     4.8252    -0.0001     4.8124     4.8124    -0.0001   3.262530   3.262628   0.000097    34.1273    34.1285     6.4356    27.0046    27.0056    34.1276    27.0048    1471.71    1471.71     4.8124  1027.7972    34.2892 0.0000e+00
     107460 298.528917  -45.87372 -9.990e-29     -0.952    1479.42    170.000    168.537     4.8241     4.8243     0.0003     4.8113     4.8115     0.0003   3.262349   3.262386   0.000052    34.1274    34.1277     6.4268    27.0048    27.0051    34.1273    27.0047    1471.68    1471.69     4.8113  1027.7924    34.2889 0.0000e+00
     107483 298.528928  -45.87372 -9.990e-29     -1.053    1479.42    169.000    167.546     4.8211     4.8205    -0.0006     4.8084     4.8078    -0.0006   3.261885   3.261786  -0.000100    34.1257    34.1252     6.4353    27.0038    27.0035    34.1254    27.0036    1471.65    1471.65     4.8084  1027.7867    34.2871 0.0000e+00
     107508 298.528941  -45.87372  -58.48972     -1.004    1479.42    168.000    166.555     4.8195     4.8192    -0.0003     4.8069     4.8065    -0.0003   3.261616   3.261589  -0.000029    34.1245    34.1245     6.4466    27.0030    27.0031    34.1245    27.0030    1471.63    1471.63     4.8068  1027.7815    34.2861 0.0000e+00
     107538 298.528955  -45.87372  -58.48971     -0.826    1479.42    167.000    165.564     4.8190     4.8193     0.0003     4.8064     4.8068     0.0003   3.261465   3.261565   0.000093    34.1239    34.1246     6.4500    27.0026    27.0031    34.1238    27.0025    1471.61    1471.61     4.8064  1027.7764    34.2854 0.0000e+00
     107564 298.528968  -45.87372  -58.48970     -0.855    1479.42    166.000    164.573     4.8193     4.8194     0.0002     4.8068     4.8070     0.0002   3.261467   3.261527   0.000064    34.1239    34.1245     6.4668    27.0026    27.0030    34.1241    27.0027    1471.59    1471.60     4.8068  1027.7720    34.2857 0.0000e+00
     107587 298.528979  -45.87372  -58.48970     -0.998    1479.42    165.000    163.582     4.8196     4.8199     0.0003     4.8072     4.8075     0.0003   3.261309   3.261368   0.000055    34.1226    34.1230     6.4797    27.0015    27.0018    34.1223    27.0013    1471.58    1471.58     4.8072  1027.7660    34.2840 0.0000e+00
     107612 298.528990  -45.87372  -58.48970     -1.025    1479.42    164.000    162.591     4.8196     4.8199     0.0003     4.8073     4.8076     0.0003   3.261181   3.261230   0.000047    34.1215    34.1217     6.4864    27.0006    27.0007    34.1214    27.0005    1471.56    1471.56     4.8072  1027.7606    34.2830 0.0000e+00
     107643 298.529005  -45.87372  -58.48970     -0.821    1479.42    163.000    161.600     4.8195     4.8198     0.0002     4.8073     4.8075     0.0002   3.261111   3.261156   0.000047    34.1212    34.1215     6.4896    27.0004    27.0006    34.1212    27.0003    1471.54    1471.55     4.8073  1027.7558    34.2828 0.0000e+00
     107671 298.529019  -45.87370  -58.48972     -0.786    1479.42    162.000    160.609     4.8197     4.8197     0.0001     4.8075     4.8076     0.0001   3.261049   3.261100   0.000048    34.1209    34.1213     6.4980    27.0001    27.0004    34.1209    27.0001    1471.53    1471.53     4.8075  1027.7509    34.2825 0.0000e+00
     107691 298.529029  -45.87370  -58.48972     -0.995    1479.42    161.000    159.618     4.8199     4.8200     0.0001     4.8078     4.8079     0.0001   3.261012   3.261082   0.000069    34.1207    34.1214     6.5021    26.9999    27.0005    34.1207    26.9999    1471.51    1471.51     4.8078  1027.7461    34.2823 0.0000e+00
     107708 298.529037  -45.87370  -58.48972     -1.223    1479.42    160.000    158.627     4.8203     4.8209     0.0006     4.8083     4.8089     0.0006   3.260983   3.261067   0.000081    34.1205    34.1208     6.5020    26.9997    26.9999    34.1205    26.9997    1471.50    1471.50     4.8082  1027.7413    34.2821 0.0000e+00
     107727 298.529046  -45.87370  -58.48971     -1.344    1479.42    159.000    157.636     4.8207     4.8213     0.0007     4.8088     4.8094     0.0007   3.260959   3.261053   0.000091    34.1203    34.1207     6.5074    26.9995    26.9997    34.1203    26.9995    1471.48    1471.48     4.8087  1027.7364    34.2819 0.0000e+00
