Pos-Processados/process_op41/Processamento_split/up/uoperantar41_012.cnv
* Sea-Bird SBE 9 Data File:
* FileName = C:\Users\Dell\Desktop\OperantarXLI\config\00_BRUTOS\OPE41012.hdr
* Software Version Seasave V 7.26.7.110
* Temperature SN = 6497
* Conductivity SN = 4954
* Number of Bytes Per Scan = 31
* Number of Voltage Words = 2
* Number of Scans Averaged by the Deck Unit = 1
* NMEA Latitude = 44 01.70 S
* NMEA Longitude = 051 51.61 W
* NMEA UTC (Time) = Oct 23 2022 17:02:32
* NMEA baud rate = 4800
** H41
** Navio Polar Almirante Maximiano
** LH-021/2022
** Operantar XLI
** Número da Estação 012
** Latitude 44 1.216' S
** Longitude 51 51.952' W
** Data/Hora (Z) 23/10/2022 1702Z
** Profundidade local 5745 m
** 09-1439
** Nome do Operador 1T FILIPE LOPES
# nquan = 30
# nvalues = 54                          
# units = specified
# name 0 = scan: Scan Count
# name 1 = timeJ: Julian Days
# name 2 = latitude: Latitude [deg]
# name 3 = longitude: Longitude [deg]
# name 4 = dz/dtM: Descent Rate [m/s]
# name 5 = avgsvCM: Average Sound Velocity [Chen-Millero, m/s]
# name 6 = prDM: Pressure, Digiquartz [db]
# name 7 = depSM: Depth [salt water, m]
# name 8 = t090C: Temperature [ITS-90, deg C]
# name 9 = t190C: Temperature, 2 [ITS-90, deg C]
# name 10 = T2-T190C: Temperature Difference, 2 - 1 [ITS-90, deg C]
# name 11 = potemp090C: Potential Temperature [ITS-90, deg C]
# name 12 = potemp190C: Potential Temperature, 2 [ITS-90, deg C]
# name 13 = potemp90Cdiff: Potential Temperature, Diff, 2 - 1 [ITS-90, deg C]
# name 14 = c0S/m: Conductivity [S/m]
# name 15 = c1S/m: Conductivity, 2 [S/m]
# name 16 = C2-C1S/m: Conductivity Difference, 2 - 1 [S/m]
# name 17 = sal00: Salinity, Practical [PSU]
# name 18 = sal11: Salinity, Practical, 2 [PSU]
# name 19 = sbeox0ML/L: Oxygen, SBE 43 [ml/l]
# name 20 = sigma-é00: Density [sigma-theta, kg/m^3]
# name 21 = sigma-é11: Density, 2 [sigma-theta, kg/m^3]
# name 22 = sal00: Salinity, Practical [PSU]
# name 23 = sigma-é00: Density [sigma-theta, kg/m^3]
# name 24 = svCM: Sound Velocity [Chen-Millero, m/s]
# name 25 = svCM1: Sound Velocity, 2 [Chen-Millero, m/s]
# name 26 = gsw_ptA0: potential temperature [ITS-90, deg C]
# name 27 = gsw_densityA0: density, TEOS-10 [density, kg/m^3]
# name 28 = gsw_saA0: Absolute Salinity [g/kg]
# name 29 = flag:
# span 0 =       5434,       9224       
# span 1 = 296.712713, 296.714541       
# span 2 =  -44.02872,  -44.02864       
# span 3 =  -51.85797,  -51.85640       
# span 4 =     -1.362,     -0.224       
# span 5 =    1506.04,    1506.04       
# span 6 =      1.000,     54.000       
# span 7 =      1.171,     53.552       
# span 8 =    14.3687,    14.4433       
# span 9 =    14.3686,    14.4428       
# span 10 =    -0.0035,     0.0034      
# span 11 =    14.3607,    14.4422      
# span 12 =    14.3607,    14.4418      
# span 13 =    -0.0035,     0.0034      
# span 14 =   4.292369,   4.297895      
# span 15 =   4.292320,   4.297758      
# span 16 =  -0.000349,   0.000237      
# span 17 =    35.5586,    35.5676      
# span 18 =    35.5581,    35.5669      
# span 19 =     5.4651,     5.5524      
# span 20 =    26.5247,    26.5480      
# span 21 =    26.5243,    26.5475      
# span 22 =    35.5587,    35.5678      
# span 23 =    26.5251,    26.5481      
# span 24 =    1505.54,    1506.22      
# span 25 =    1505.54,    1506.22      
# span 26 =    14.3607,    14.4422      
# span 27 =  1026.5357,  1026.7894      
# span 28 =    35.7266,    35.7357      
# span 29 = 0.0000e+00, 0.0000e+00      
# interval = decibars: 1                
# start_time = Oct 23 2022 17:02:32 [NMEA time, header]
# bad_flag = -9.990e-29
*END*
       5434 296.712713  -44.02864  -51.85797     -0.349    1506.04     54.000     53.552    14.3687    14.3686    -0.0000    14.3607    14.3607    -0.0000   4.293241   4.293168  -0.000076    35.5652    35.5645     5.4723    26.5471    26.5467    35.5652    26.5472    1506.22    1506.22    14.3607  1026.7894    35.7331 0.0000e+00
       5498 296.712743  -44.02864  -51.85795     -0.439    1506.04     53.000     52.568    14.3694    14.3694     0.0000    14.3616    14.3616     0.0000   4.293307   4.293231  -0.000072    35.5656    35.5648     5.4807    26.5473    26.5467    35.5656    26.5473    1506.21    1506.21    14.3616  1026.7851    35.7335 0.0000e+00
       5543 296.712765  -44.02864  -51.85793     -0.518    1506.04     52.000     51.574    14.3693    14.3694     0.0001    14.3617    14.3618     0.0001   4.293294   4.293235  -0.000058    35.5658    35.5652     5.4800    26.5474    26.5469    35.5659    26.5475    1506.19    1506.19    14.3617  1026.7810    35.7338 0.0000e+00
       5576 296.712781  -44.02864  -51.85792     -0.681    1506.04     51.000     50.584    14.3719    14.3709    -0.0010    14.3643    14.3633    -0.0010   4.293635   4.293445  -0.000182    35.5670    35.5662     5.4774    26.5478    26.5474    35.5672    26.5479    1506.18    1506.18    14.3644  1026.7769    35.7351 0.0000e+00
       5602 296.712794  -44.02864  -51.85790     -0.854    1506.04     50.000     49.593    14.3729    14.3724    -0.0004    14.3655    14.3651    -0.0004   4.293757   4.293639  -0.000126    35.5676    35.5669     5.4736    26.5480    26.5475    35.5678    26.5481    1506.17    1506.17    14.3655  1026.7727    35.7357 0.0000e+00
       5625 296.712805  -44.02864  -51.85790     -0.994    1506.04     49.000     48.601    14.3739    14.3739    -0.0000    14.3667    14.3667    -0.0000   4.293763   4.293675  -0.000086    35.5673    35.5665     5.4818    26.5475    26.5469    35.5673    26.5475    1506.16    1506.16    14.3667  1026.7677    35.7352 0.0000e+00
       5646 296.712815  -44.02866  -51.85788     -1.104    1506.04     48.000     47.609    14.3738    14.3741     0.0003    14.3668    14.3671     0.0003   4.293424   4.293378  -0.000037    35.5648    35.5641     5.4763    26.5456    26.5450    35.5647    26.5455    1506.14    1506.14    14.3667  1026.7613    35.7326 0.0000e+00
       5668 296.712825  -44.02866  -51.85788     -1.115    1506.04     47.000     46.617    14.3728    14.3727    -0.0001    14.3659    14.3658    -0.0001   4.293178   4.293096  -0.000099    35.5638    35.5630     5.4651    26.5450    26.5444    35.5637    26.5449    1506.12    1506.11    14.3659  1026.7563    35.7316 0.0000e+00
       5693 296.712838  -44.02866  -51.85786     -1.016    1506.04     46.000     45.626    14.3734    14.3738     0.0004    14.3667    14.3670     0.0004   4.293172   4.293169  -0.000004    35.5634    35.5630     5.4798    26.5445    26.5441    35.5635    26.5446    1506.10    1506.10    14.3667  1026.7516    35.7314 0.0000e+00
       5724 296.712852  -44.02866  -51.85784     -0.843    1506.04     45.000     44.634    14.3738    14.3741     0.0003    14.3672    14.3675     0.0003   4.293188   4.293150  -0.000038    35.5637    35.5631     5.4910    26.5446    26.5441    35.5638    26.5446    1506.09    1506.09    14.3672  1026.7472    35.7316 0.0000e+00
       5762 296.712871  -44.02865  -51.85783     -0.650    1506.04     44.000     43.642    14.3739    14.3740     0.0001    14.3674    14.3675     0.0001   4.293208   4.293169  -0.000041    35.5642    35.5637     5.4991    26.5449    26.5446    35.5643    26.5450    1506.07    1506.07    14.3674  1026.7432    35.7322 0.0000e+00
       5809 296.712894  -44.02864  -51.85781     -0.497    1506.04     43.000     42.650    14.3779    14.3769    -0.0010    14.3716    14.3706    -0.0010   4.293520   4.293398  -0.000116    35.5636    35.5634     5.4881    26.5436    26.5437    35.5639    26.5438    1506.07    1506.06    14.3716  1026.7376    35.7318 0.0000e+00
       5848 296.712913  -44.02864  -51.85779     -0.597    1506.04     42.000     41.658    14.3819    14.3818    -0.0001    14.3757    14.3756    -0.0001   4.293704   4.293669  -0.000045    35.5622    35.5619     5.4755    26.5416    26.5414    35.5623    26.5417    1506.06    1506.06    14.3757  1026.7311    35.7303 0.0000e+00
       5879 296.712927  -44.02866  -51.85778     -0.741    1506.04     41.000     40.667    14.3765    14.3800     0.0034    14.3705    14.3739     0.0034   4.293083   4.293317   0.000237    35.5624    35.5615     5.4824    26.5429    26.5414    35.5620    26.5426    1506.03    1506.04    14.3705  1026.7275    35.7298 0.0000e+00
       5902 296.712938  -44.02866  -51.85777     -0.915    1506.04     40.000     39.675    14.3708    14.3709    -0.0000    14.3649    14.3649    -0.0000   4.292514   4.292465  -0.000052    35.5626    35.5622     5.5046    26.5443    26.5439    35.5623    26.5440    1505.99    1505.99    14.3649  1026.7246    35.7302 0.0000e+00
       5921 296.712948  -44.02866  -51.85776     -1.116    1506.04     39.000     38.683    14.3695    14.3698     0.0003    14.3637    14.3640     0.0003   4.292369   4.292320  -0.000044    35.5629    35.5621     5.5134    26.5447    26.5441    35.5627    26.5446    1505.97    1505.97    14.3637  1026.7207    35.7305 0.0000e+00
       5938 296.712956  -44.02866  -51.85776     -1.276    1506.04     38.000     37.692    14.3744    14.3751     0.0008    14.3688    14.3696     0.0008   4.292906   4.292970   0.000035    35.5625    35.5621     5.5133    26.5433    26.5429    35.5635    26.5441    1505.97    1505.97    14.3688  1026.7159    35.7314 0.0000e+00
       5956 296.712964  -44.02866  -51.85774     -1.362    1506.04     37.000     36.700    14.3852    14.3865     0.0013    14.3798    14.3811     0.0013   4.293760   4.293829   0.000070    35.5614    35.5608     5.5046    26.5401    26.5394    35.5619    26.5405    1505.99    1505.99    14.3798  1026.7078    35.7297 0.0000e+00
       5978 296.712975  -44.02866  -51.85774     -1.263    1506.04     36.000     35.708    14.3861    14.3870     0.0009    14.3808    14.3818     0.0009   4.293757   4.293784   0.000032    35.5612    35.5607     5.5025    26.5398    26.5391    35.5615    26.5400    1505.97    1505.98    14.3808  1026.7028    35.7293 0.0000e+00
       6021 296.712996  -44.02866  -51.85772     -0.621    1506.04     35.000     34.716    14.3867    14.3867     0.0000    14.3816    14.3816     0.0000   4.293775   4.293725  -0.000049    35.5612    35.5608     5.5094    26.5396    26.5393    35.5615    26.5398    1505.96    1505.96    14.3816  1026.6983    35.7293 0.0000e+00
       6068 296.713018  -44.02866  -51.85770     -0.469    1506.04     34.000     33.724    14.3918    14.3900    -0.0019    14.3868    14.3850    -0.0019   4.294265   4.294041  -0.000190    35.5607    35.5607     5.5238    26.5381    26.5384    35.5617    26.5389    1505.96    1505.95    14.3868  1026.6929    35.7296 0.0000e+00
       6091 296.713030  -44.02866  -51.85769     -0.840    1506.04     33.000     32.732    14.4033    14.4021    -0.0012    14.3984    14.3973    -0.0012   4.295195   4.295099  -0.000125    35.5595    35.5594     5.5119    26.5347    26.5348    35.5602    26.5352    1505.98    1505.98    14.3984  1026.6849    35.7281 0.0000e+00
       6112 296.713040  -44.02866  -51.85768     -1.060    1506.04     32.000     31.741    14.4043    14.4049     0.0006    14.3996    14.4002     0.0006   4.295228   4.295240   0.000004    35.5594    35.5589     5.5071    26.5344    26.5338    35.5600    26.5348    1505.96    1505.97    14.3996  1026.6800    35.7279 0.0000e+00
       6135 296.713051  -44.02866  -51.85767     -1.103    1506.04     31.000     30.749    14.4069    14.4069     0.0000    14.4023    14.4023     0.0000   4.295392   4.295348  -0.000046    35.5591    35.5586     5.5193    26.5335    26.5332    35.5596    26.5339    1505.96    1505.95    14.4023  1026.6747    35.7275 0.0000e+00
       6159 296.713062  -44.02866  -51.85766     -1.028    1506.04     30.000     29.757    14.4067    14.4075     0.0008    14.4023    14.4031     0.0008   4.295338   4.295349   0.000012    35.5592    35.5586     5.5332    26.5336    26.5329    35.5597    26.5340    1505.94    1505.94    14.4023  1026.6704    35.7275 0.0000e+00
       6185 296.713075  -44.02866  -51.85765     -0.949    1506.04     29.000     28.765    14.4079    14.4087     0.0008    14.4037    14.4044     0.0008   4.295413   4.295434   0.000021    35.5592    35.5587     5.5278    26.5333    26.5328    35.5597    26.5336    1505.93    1505.93    14.4037  1026.6657    35.7275 0.0000e+00
       6213 296.713089  -44.02866  -51.85764     -0.889    1506.04     28.000     27.773    14.4085    14.4088     0.0003    14.4044    14.4047     0.0003   4.295428   4.295402  -0.000021    35.5593    35.5588     5.5370    26.5332    26.5327    35.5597    26.5335    1505.91    1505.91    14.4044  1026.6611    35.7275 0.0000e+00
       6252 296.713107  -44.02866  -51.85762     -0.666    1506.04     27.000     26.781    14.4099    14.4102     0.0003    14.4060    14.4062     0.0003   4.295502   4.295490  -0.000016    35.5592    35.5588     5.5293    26.5328    26.5324    35.5595    26.5330    1505.90    1505.90    14.4060  1026.6562    35.7273 0.0000e+00
       6291 296.713126  -44.02866  -51.85761     -0.582    1506.04     26.000     25.790    14.4124    14.4126     0.0003    14.4086    14.4088     0.0003   4.295705   4.295670  -0.000037    35.5591    35.5585     5.5175    26.5321    26.5317    35.5595    26.5325    1505.89    1505.89    14.4085  1026.6513    35.7274 0.0000e+00
       6316 296.713138  -44.02866  -51.85760     -0.808    1506.04     25.000     24.798    14.4145    14.4150     0.0005    14.4108    14.4113     0.0005   4.295836   4.295827  -0.000002    35.5589    35.5584     5.5240    26.5315    26.5310    35.5593    26.5318    1505.88    1505.88    14.4108  1026.6462    35.7271 0.0000e+00
       6338 296.713149  -44.02866  -51.85758     -1.021    1506.04     24.000     23.806    14.4157    14.4159     0.0002    14.4122    14.4124     0.0002   4.295911   4.295860  -0.000048    35.5588    35.5582     5.5180    26.5312    26.5306    35.5592    26.5315    1505.87    1505.87    14.4122  1026.6414    35.7271 0.0000e+00
       6362 296.713160  -44.02866  -51.85758     -1.076    1506.04     23.000     22.814    14.4168    14.4169     0.0001    14.4134    14.4135     0.0001   4.295974   4.295933  -0.000039    35.5588    35.5584     5.5231    26.5309    26.5306    35.5592    26.5312    1505.85    1505.85    14.4134  1026.6368    35.7271 0.0000e+00
       6396 296.713177  -44.02866  -51.85756     -0.782    1506.04     22.000     21.823    14.4211    14.4201    -0.0010    14.4179    14.4169    -0.0010   4.296343   4.296210  -0.000131    35.5586    35.5583     5.5199    26.5297    26.5297    35.5591    26.5301    1505.85    1505.85    14.4179  1026.6313    35.7270 0.0000e+00
       7089 296.713511  -44.02868  -51.85728     -0.464    1506.04     21.000     20.833    14.4245    14.4258     0.0013    14.4214    14.4227     0.0013   4.296639   4.296719   0.000078    35.5588    35.5583     5.5373    26.5291    26.5285    35.5591    26.5294    1505.85    1505.85    14.4214  1026.6261    35.7270 0.0000e+00
       7676 296.713794  -44.02870  -51.85703     -0.457    1506.04     20.000     19.836    14.4258    14.4254    -0.0004    14.4229    14.4225    -0.0004   4.296707   4.296618  -0.000086    35.5589    35.5585     5.5224    26.5290    26.5287    35.5590    26.5290    1505.83    1505.83    14.4228  1026.6213    35.7269 0.0000e+00
       7696 296.713804  -44.02870  -51.85702     -0.579    1506.04     19.000     18.843    14.4271    14.4236    -0.0035    14.4243    14.4208    -0.0035   4.296812   4.296452  -0.000349    35.5589    35.5589     5.5306    26.5286    26.5293    35.5592    26.5289    1505.82    1505.81    14.4243  1026.6168    35.7271 0.0000e+00
       7738 296.713824  -44.02870  -51.85700     -0.583    1506.04     18.000     17.855    14.4288    14.4284    -0.0004    14.4262    14.4257    -0.0004   4.296911   4.296823  -0.000089    35.5587    35.5583     5.5350    26.5281    26.5279    35.5589    26.5282    1505.81    1505.81    14.4262  1026.6117    35.7268 0.0000e+00
       7776 296.713842  -44.02870  -51.85699     -0.614    1506.04     17.000     16.863    14.4287    14.4289     0.0002    14.4262    14.4264     0.0002   4.296852   4.296805  -0.000046    35.5588    35.5582     5.5375    26.5281    26.5276    35.5589    26.5282    1505.79    1505.79    14.4262  1026.6073    35.7268 0.0000e+00
       7809 296.713858  -44.02870  -51.85698     -0.713    1506.04     16.000     15.871    14.4285    14.4289     0.0004    14.4261    14.4265     0.0004   4.296779   4.296766  -0.000017    35.5588    35.5583     5.5469    26.5281    26.5277    35.5589    26.5282    1505.78    1505.78    14.4261  1026.6029    35.7268 0.0000e+00
       7856 296.713881  -44.02870  -51.85697     -0.530    1506.04     15.000     14.880    14.4325    14.4326     0.0002    14.4303    14.4304     0.0002   4.297127   4.297100  -0.000020    35.5586    35.5582     5.5445    26.5271    26.5267    35.5588    26.5273    1505.77    1505.77    14.4303  1026.5975    35.7267 0.0000e+00
       7907 296.713906  -44.02870  -51.85694     -0.440    1506.04     14.000     13.885    14.4336    14.4336     0.0001    14.4315    14.4315     0.0001   4.297203   4.297158  -0.000055    35.5588    35.5582     5.5504    26.5270    26.5265    35.5589    26.5271    1505.76    1505.76    14.4315  1026.5930    35.7268 0.0000e+00
       7936 296.713919  -44.02870  -51.85693     -0.746    1506.04     13.000     12.895    14.4343    14.4347     0.0003    14.4324    14.4327     0.0003   4.297227   4.297200  -0.000027    35.5587    35.5582     5.5422    26.5267    26.5262    35.5589    26.5269    1505.75    1505.75    14.4324  1026.5883    35.7268 0.0000e+00
       7963 296.713933  -44.02870  -51.85692     -0.880    1506.04     12.000     11.903    14.4347    14.4349     0.0002    14.4329    14.4331     0.0002   4.297191   4.297159  -0.000031    35.5586    35.5581     5.5324    26.5265    26.5261    35.5587    26.5266    1505.73    1505.73    14.4329  1026.5836    35.7266 0.0000e+00
       8011 296.713955  -44.02870  -51.85691     -0.534    1506.04     11.000     10.911    14.4352    14.4355     0.0003    14.4336    14.4339     0.0003   4.297208   4.297207  -0.000003    35.5586    35.5583     5.5366    26.5264    26.5261    35.5587    26.5265    1505.72    1505.72    14.4336  1026.5791    35.7266 0.0000e+00
       8062 296.713980  -44.02870  -51.85688     -0.437    1506.04     10.000      9.919    14.4352    14.4355     0.0003    14.4337    14.4340     0.0003   4.297162   4.297146  -0.000015    35.5587    35.5582     5.5197    26.5264    26.5260    35.5587    26.5265    1505.70    1505.70    14.4337  1026.5747    35.7266 0.0000e+00
       8088 296.713993  -44.02870  -51.85688     -0.793    1506.04      9.000      8.927    14.4354    14.4356     0.0002    14.4340    14.4343     0.0002   4.297150   4.297112  -0.000039    35.5589    35.5582     5.5233    26.5265    26.5260    35.5589    26.5265    1505.68    1505.68    14.4340  1026.5703    35.7268 0.0000e+00
       8144 296.714020  -44.02870  -51.85685     -0.420    1506.04      8.000      7.935    14.4380    14.4396     0.0016    14.4368    14.4384     0.0016   4.297360   4.297503   0.000123    35.5588    35.5585     5.5504    26.5258    26.5252    35.5589    26.5259    1505.67    1505.68    14.4368  1026.5653    35.7268 0.0000e+00
       8193 296.714043  -44.02870  -51.85684     -0.496    1506.04      7.000      6.944    14.4433    14.4428    -0.0004    14.4422    14.4418    -0.0004   4.297895   4.297758  -0.000098    35.5588    35.5583     5.5375    26.5247    26.5244    35.5594    26.5251    1505.67    1505.67    14.4422  1026.5601    35.7273 0.0000e+00
