Pos-Processados/process_op41/Processamento_split/up/uoperantar41_015.cnv
* Sea-Bird SBE 9 Data File:
* FileName = C:\Users\Dell\Desktop\OperantarXLI\config\OP41015.hdr
* Software Version Seasave V 7.26.7.110
* Temperature SN = 6497
* Conductivity SN = 4954
* Number of Bytes Per Scan = 31
* Number of Voltage Words = 2
* Number of Scans Averaged by the Deck Unit = 1
* NMEA Latitude = 62 08.82 S
* NMEA Longitude = 058 24.51 W
* NMEA UTC (Time) = Nov 09 2022 12:07:14
* NMEA baud rate = 4800
** H41
** Navio Polar Almirante Maximiano
** LH-021/2022
** Operantar XLI
** Número da Estação 0015
** Latitude 62 8,825 S
** Longitude 58 24,511 W
** Data/Hora (Z) 09/11/22 1207Z
** Profundidade local 450
** 09-1439
** Nome do Operador CT GARLA
# nquan = 30
# nvalues = 411                         
# units = specified
# name 0 = scan: Scan Count
# name 1 = timeJ: Julian Days
# name 2 = latitude: Latitude [deg]
# name 3 = longitude: Longitude [deg]
# name 4 = dz/dtM: Descent Rate [m/s]
# name 5 = avgsvCM: Average Sound Velocity [Chen-Millero, m/s]
# name 6 = prDM: Pressure, Digiquartz [db]
# name 7 = depSM: Depth [salt water, m]
# name 8 = t090C: Temperature [ITS-90, deg C]
# name 9 = t190C: Temperature, 2 [ITS-90, deg C]
# name 10 = T2-T190C: Temperature Difference, 2 - 1 [ITS-90, deg C]
# name 11 = potemp090C: Potential Temperature [ITS-90, deg C]
# name 12 = potemp190C: Potential Temperature, 2 [ITS-90, deg C]
# name 13 = potemp90Cdiff: Potential Temperature, Diff, 2 - 1 [ITS-90, deg C]
# name 14 = c0S/m: Conductivity [S/m]
# name 15 = c1S/m: Conductivity, 2 [S/m]
# name 16 = C2-C1S/m: Conductivity Difference, 2 - 1 [S/m]
# name 17 = sal00: Salinity, Practical [PSU]
# name 18 = sal11: Salinity, Practical, 2 [PSU]
# name 19 = sbeox0ML/L: Oxygen, SBE 43 [ml/l]
# name 20 = sigma-é00: Density [sigma-theta, kg/m^3]
# name 21 = sigma-é11: Density, 2 [sigma-theta, kg/m^3]
# name 22 = sal00: Salinity, Practical [PSU]
# name 23 = sigma-é00: Density [sigma-theta, kg/m^3]
# name 24 = svCM: Sound Velocity [Chen-Millero, m/s]
# name 25 = svCM1: Sound Velocity, 2 [Chen-Millero, m/s]
# name 26 = gsw_ptA0: potential temperature [ITS-90, deg C]
# name 27 = gsw_densityA0: density, TEOS-10 [density, kg/m^3]
# name 28 = gsw_saA0: Absolute Salinity [g/kg]
# name 29 = flag:
# span 0 =      17615,      27959       
# span 1 = 313.513518, 313.518506       
# span 2 =  -62.14736,  -62.14722       
# span 3 =  -58.40840,  -58.40822       
# span 4 =     -1.305,     -0.454       
# span 5 =    1450.84,    1450.84       
# span 6 =      1.000,    411.000       
# span 7 =      0.997,    406.653       
# span 8 =    -0.2549,    -0.1037       
# span 9 =    -0.2551,    -0.1030       
# span 10 =    -0.0017,     0.0091      
# span 11 =    -0.2650,    -0.1040      
# span 12 =    -0.2652,    -0.1033      
# span 13 =    -0.0017,     0.0091      
# span 14 =   2.833744,   2.856306      
# span 15 =   2.833830,   2.856355      
# span 16 =  -0.000254,   0.000644      
# span 17 =    34.1930,    34.3643      
# span 18 =    34.1942,    34.3651      
# span 19 =     6.4937,     7.4924      
# span 20 =    27.4601,    27.6046      
# span 21 =    27.4610,    27.6053      
# span 22 =    34.1928,    34.3642      
# span 23 =    27.4600,    27.6046      
# span 24 =    1447.58,    1453.99      
# span 25 =    1447.58,    1453.99      
# span 26 =    -0.2648,    -0.1040      
# span 27 =  1027.4695,  1029.5641      
# span 28 =    34.3547,    34.5324      
# span 29 = 0.0000e+00, 0.0000e+00      
# interval = decibars: 1                
# start_time = Nov 09 2022 12:07:14 [NMEA time, header]
# bad_flag = -9.990e-29
*END*
[from data line 291]
      24563 313.516868  -62.14732  -58.40826     -1.072    1450.84    120.000    118.814    -0.1183    -0.1182     0.0001    -0.1224    -0.1223     0.0001   2.838467   2.838548   0.000078    34.1936    34.1945     7.4620    27.4614    27.4622    34.1937    27.4615    1449.46    1449.46    -0.1224  1028.0387    34.3598 0.0000e+00
      24586 313.516879  -62.14732  -58.40826     -1.073    1450.84    119.000    117.824    -0.1181    -0.1178     0.0003    -0.1222    -0.1219     0.0003   2.838437   2.838538   0.000102    34.1937    34.1947     7.4615    27.4615    27.4623    34.1938    27.4615    1449.45    1449.45    -0.1221  1028.0340    34.3598 0.0000e+00
      24612 313.516892  -62.14732  -58.40826     -0.980    1450.84    118.000    116.834    -0.1181    -0.1180     0.0001    -0.1222    -0.1221     0.0001   2.838391   2.838453   0.000062    34.1937    34.1944     7.4507    27.4615    27.4621    34.1937    27.4615    1449.43    1449.43    -0.1221  1028.0292    34.3598 0.0000e+00
      24643 313.516907  -62.14732  -58.40826     -0.804    1450.84    117.000    115.845    -0.1184    -0.1183     0.0001    -0.1224    -0.1223     0.0001   2.838326   2.838399   0.000075    34.1937    34.1946     7.4510    27.4615    27.4622    34.1938    27.4616    1449.41    1449.42    -0.1224  1028.0245    34.3598 0.0000e+00
      24672 313.516921  -62.14732  -58.40826     -0.793    1450.84    116.000    114.855    -0.1182    -0.1184    -0.0002    -0.1222    -0.1223    -0.0002   2.838279   2.838347   0.000066    34.1935    34.1946     7.4557    27.4613    27.4622    34.1935    27.4614    1449.40    1449.40    -0.1221  1028.0195    34.3596 0.0000e+00
      24696 313.516932  -62.14732  -58.40826     -0.925    1450.84    115.000    113.865    -0.1180    -0.1182    -0.0003    -0.1219    -0.1222    -0.0003   2.838251   2.838304   0.000054    34.1935    34.1945     7.4568    27.4613    27.4621    34.1935    27.4614    1449.38    1449.38    -0.1219  1028.0147    34.3596 0.0000e+00
      24718 313.516943  -62.14732  -58.40826     -1.051    1450.84    114.000    112.875    -0.1180    -0.1182    -0.0002    -0.1219    -0.1221    -0.0002   2.838209   2.838270   0.000060    34.1935    34.1946     7.4531    27.4613    27.4622    34.1935    27.4614    1449.37    1449.37    -0.1218  1028.0099    34.3595 0.0000e+00
      24739 313.516953  -62.14732  -58.40826     -1.118    1450.84    113.000    111.885    -0.1178    -0.1180    -0.0001    -0.1217    -0.1219    -0.0001   2.838175   2.838220   0.000049    34.1936    34.1944     7.4525    27.4614    27.4621    34.1936    27.4614    1449.35    1449.35    -0.1216  1028.0052    34.3596 0.0000e+00
      24760 313.516963  -62.14732  -58.40826     -1.125    1450.84    112.000    110.895    -0.1181    -0.1182    -0.0001    -0.1220    -0.1220    -0.0001   2.838109   2.838180   0.000068    34.1936    34.1947     7.4550    27.4614    27.4623    34.1936    27.4615    1449.33    1449.33    -0.1219  1028.0005    34.3596 0.0000e+00
      24783 313.516974  -62.14732  -58.40826     -1.083    1450.84    111.000    109.905    -0.1182    -0.1185    -0.0002    -0.1220    -0.1223    -0.0002   2.838048   2.838102   0.000057    34.1936    34.1946     7.4510    27.4614    27.4622    34.1935    27.4614    1449.32    1449.32    -0.1220  1027.9956    34.3595 0.0000e+00
      24806 313.516985  -62.14732  -58.40826     -1.054    1450.84    110.000    108.916    -0.1184    -0.1186    -0.0001    -0.1222    -0.1223    -0.0001   2.837989   2.838050   0.000064    34.1936    34.1946     7.4552    27.4614    27.4623    34.1936    27.4614    1449.30    1449.30    -0.1221  1027.9909    34.3596 0.0000e+00
      24829 313.516996  -62.14732  -58.40826     -1.052    1450.84    109.000    107.926    -0.1186    -0.1187    -0.0001    -0.1223    -0.1224    -0.0001   2.837940   2.838008   0.000063    34.1938    34.1947     7.4598    27.4616    27.4624    34.1937    27.4615    1449.28    1449.28    -0.1223  1027.9862    34.3596 0.0000e+00
      24852 313.517007  -62.14732  -58.40826     -1.050    1450.84    108.000    106.936    -0.1185    -0.1186    -0.0001    -0.1222    -0.1223    -0.0001   2.837907   2.837957   0.000049    34.1938    34.1946     7.4543    27.4616    27.4622    34.1938    27.4616    1449.27    1449.27    -0.1221  1027.9815    34.3597 0.0000e+00
      24875 313.517019  -62.14732  -58.40826     -1.043    1450.84    107.000    105.946    -0.1183    -0.1185    -0.0002    -0.1219    -0.1221    -0.0002   2.837860   2.837925   0.000066    34.1936    34.1947     7.4535    27.4614    27.4623    34.1935    27.4613    1449.25    1449.25    -0.1219  1027.9765    34.3594 0.0000e+00
      24898 313.517030  -62.14732  -58.40826     -1.039    1450.84    106.000    104.956    -0.1182    -0.1185    -0.0003    -0.1219    -0.1221    -0.0003   2.837826   2.837888   0.000066    34.1936    34.1948     7.4563    27.4614    27.4624    34.1936    27.4614    1449.24    1449.24    -0.1218  1027.9719    34.3595 0.0000e+00
      24921 313.517041  -62.14732  -58.40826     -1.036    1450.84    105.000    103.966    -0.1181    -0.1182    -0.0001    -0.1217    -0.1218    -0.0001   2.837800   2.837860   0.000060    34.1938    34.1947     7.4594    27.4615    27.4623    34.1938    27.4616    1449.22    1449.22    -0.1217  1027.9672    34.3597 0.0000e+00
      24948 313.517054  -62.14732  -58.40826     -0.963    1450.84    104.000    102.976    -0.1183    -0.1184    -0.0000    -0.1219    -0.1219    -0.0000   2.837740   2.837805   0.000063    34.1938    34.1947     7.4528    27.4616    27.4623    34.1938    27.4616    1449.20    1449.20    -0.1218  1027.9624    34.3597 0.0000e+00
      24977 313.517068  -62.14732  -58.40826     -0.837    1450.84    103.000    101.987    -0.1186    -0.1187    -0.0001    -0.1222    -0.1223    -0.0001   2.837664   2.837725   0.000060    34.1938    34.1947     7.4577    27.4616    27.4623    34.1938    27.4615    1449.19    1449.19    -0.1221  1027.9576    34.3596 0.0000e+00
      25005 313.517082  -62.14732  -58.40826     -0.824    1450.84    102.000    100.996    -0.1187    -0.1188    -0.0000    -0.1222    -0.1223    -0.0000   2.837613   2.837684   0.000072    34.1938    34.1948     7.4637    27.4616    27.4624    34.1938    27.4616    1449.17    1449.17    -0.1221  1027.9503    34.3565 0.0000e+00
      25029 313.517093 -9.990e-29  -58.40826     -0.939    1450.84    101.000    100.007    -0.1181    -0.1184    -0.0003    -0.1216    -0.1218    -0.0003   2.837613   2.837671   0.000058    34.1937    34.1948     7.4566    27.4615    27.4624    34.1937    27.4615    1449.16    1449.16    -0.1215  1027.9443    34.3549 0.0000e+00
      25050 313.517103 -9.990e-29  -58.40826     -1.076    1450.84    100.000     99.017    -0.1181    -0.1182    -0.0001    -0.1215    -0.1216    -0.0001   2.837569   2.837648   0.000079    34.1937    34.1949     7.4541    27.4615    27.4624    34.1937    27.4614    1449.14    1449.14    -0.1215  1027.9395    34.3549 0.0000e+00
      25070 313.517113 -9.990e-29  -58.40826     -1.163    1450.84     99.000     98.026    -0.1180    -0.1181    -0.0001    -0.1214    -0.1215    -0.0001   2.837536   2.837602   0.000066    34.1938    34.1948     7.4543    27.4616    27.4623    34.1938    27.4615    1449.12    1449.12    -0.1213  1027.9349    34.3550 0.0000e+00
      25091 313.517123 -9.990e-29  -58.40826     -1.159    1450.84     98.000     97.037    -0.1181    -0.1181     0.0000    -0.1215    -0.1215     0.0000   2.837482   2.837545   0.000063    34.1938    34.1947     7.4582    27.4615    27.4622    34.1938    27.4615    1449.11    1449.11    -0.1214  1027.9301    34.3550 0.0000e+00
      25115 313.517134 -9.990e-29  -58.40826     -1.070    1450.84     97.000     96.047    -0.1179    -0.1179    -0.0000    -0.1212    -0.1212    -0.0000   2.837450   2.837521   0.000070    34.1937    34.1947     7.4585    27.4615    27.4623    34.1937    27.4615    1449.09    1449.09    -0.1212  1027.9253    34.3550 0.0000e+00
      25140 313.517146 -9.990e-29  -58.40826     -0.991    1450.84     96.000     95.057    -0.1180    -0.1181    -0.0001    -0.1212    -0.1213    -0.0001   2.837416   2.837470   0.000057    34.1939    34.1948     7.4559    27.4617    27.4624    34.1939    27.4616    1449.07    1449.08    -0.1212  1027.9207    34.3552 0.0000e+00
      25162 313.517157 -9.990e-29  -58.40826     -1.008    1450.84     95.000     94.067    -0.1180    -0.1181    -0.0002    -0.1212    -0.1213    -0.0002   2.837354   2.837413   0.000059    34.1937    34.1947     7.4615    27.4615    27.4623    34.1937    27.4615    1449.06    1449.06    -0.1212  1027.9157    34.3550 0.0000e+00
      25184 313.517168 -9.990e-29  -58.40826     -1.080    1450.84     94.000     93.077    -0.1180    -0.1182    -0.0001    -0.1212    -0.1214    -0.0001   2.837306   2.837377   0.000068    34.1938    34.1949     7.4663    27.4615    27.4624    34.1938    27.4615    1449.04    1449.04    -0.1212  1027.9110    34.3550 0.0000e+00
      25208 313.517179  -62.14732  -58.40826     -1.069    1450.84     93.000     92.087    -0.1182    -0.1183    -0.0001    -0.1213    -0.1215    -0.0001   2.837255   2.837309   0.000055    34.1939    34.1948     7.4612    27.4616    27.4623    34.1939    27.4616    1449.02    1449.03    -0.1213  1027.9092    34.3586 0.0000e+00
      25239 313.517194  -62.14732  -58.40826     -0.844    1450.84     92.000     91.097    -0.1182    -0.1182     0.0000    -0.1214    -0.1213     0.0000   2.837209   2.837266   0.000056    34.1940    34.1947     7.4575    27.4617    27.4623    34.1939    27.4617    1449.01    1449.01    -0.1213  1027.9052    34.3596 0.0000e+00
      25273 313.517211  -62.14732  -58.40826     -0.681    1450.84     91.000     90.107    -0.1182    -0.1184    -0.0002    -0.1213    -0.1215    -0.0002   2.837154   2.837224   0.000071    34.1938    34.1949     7.4560    27.4615    27.4625    34.1938    27.4615    1448.99    1448.99    -0.1213  1027.9003    34.3595 0.0000e+00
      25298 313.517223  -62.14732  -58.40826     -0.837    1450.84     90.000     89.117    -0.1180    -0.1183    -0.0003    -0.1211    -0.1213    -0.0003   2.837116   2.837181   0.000066    34.1937    34.1949     7.4546    27.4614    27.4624    34.1937    27.4614    1448.98    1448.98    -0.1210  1027.8940    34.3576 0.0000e+00
      25319 313.517233 -9.990e-29  -58.40826     -1.057    1450.84     89.000     88.127    -0.1181    -0.1183    -0.0001    -0.1211    -0.1213    -0.0001   2.837067   2.837126   0.000057    34.1938    34.1947     7.4560    27.4615    27.4623    34.1937    27.4615    1448.96    1448.96    -0.1211  1027.8872    34.3550 0.0000e+00
      25338 313.517242 -9.990e-29  -58.40826     -1.192    1450.84     88.000     87.137    -0.1182    -0.1185    -0.0003    -0.1212    -0.1215    -0.0003   2.837015   2.837060   0.000049    34.1938    34.1948     7.4626    27.4615    27.4624    34.1938    27.4615    1448.94    1448.94    -0.1212  1027.8824    34.3550 0.0000e+00
      25361 313.517253 -9.990e-29  -58.40826     -1.165    1450.84     87.000     86.147    -0.1184    -0.1187    -0.0004    -0.1213    -0.1217    -0.0004   2.836959   2.837000   0.000040    34.1939    34.1948     7.4620    27.4616    27.4623    34.1938    27.4615    1448.93    1448.93    -0.1213  1027.8777    34.3550 0.0000e+00
      25388 313.517266  -62.14734  -58.40826     -0.944    1450.84     86.000     85.157    -0.1187    -0.1188    -0.0001    -0.1216    -0.1217    -0.0001   2.836896   2.836951   0.000053    34.1939    34.1947     7.4611    27.4617    27.4623    34.1939    27.4616    1448.91    1448.91    -0.1216  1027.8734    34.3556 0.0000e+00
      25418 313.517281  -62.14734  -58.40826     -0.803    1450.84     85.000     84.167    -0.1184    -0.1185    -0.0001    -0.1213    -0.1214    -0.0001   2.836861   2.836926   0.000064    34.1938    34.1948     7.4656    27.4616    27.4623    34.1938    27.4615    1448.89    1448.89    -0.1213  1027.8717    34.3595 0.0000e+00
      25443 313.517293  -62.14734  -58.40826     -0.894    1450.84     84.000     83.177    -0.1178    -0.1181    -0.0003    -0.1207    -0.1209    -0.0003   2.836865   2.836930   0.000066    34.1938    34.1949     7.4611    27.4615    27.4624    34.1938    27.4615    1448.88    1448.88    -0.1206  1027.8668    34.3593 0.0000e+00
      25465 313.517303  -62.14734  -58.40826     -1.023    1450.84     83.000     82.187    -0.1177    -0.1179    -0.0002    -0.1205    -0.1208    -0.0002   2.836828   2.836882   0.000056    34.1938    34.1948     7.4603    27.4615    27.4623    34.1937    27.4614    1448.87    1448.87    -0.1205  1027.8620    34.3593 0.0000e+00
      25488 313.517314  -62.14734  -58.40826     -1.060    1450.84     82.000     81.197    -0.1180    -0.1180    -0.0001    -0.1207    -0.1208    -0.0001   2.836766   2.836842   0.000072    34.1939    34.1949     7.4579    27.4616    27.4624    34.1938    27.4615    1448.85    1448.85    -0.1207  1027.8573    34.3593 0.0000e+00
      25515 313.517327  -62.14734  -58.40826     -0.959    1450.84     81.000     80.207    -0.1180    -0.1181    -0.0001    -0.1208    -0.1208    -0.0001   2.836721   2.836788   0.000066    34.1939    34.1949     7.4614    27.4616    27.4624    34.1939    27.4616    1448.83    1448.83    -0.1207  1027.8526    34.3594 0.0000e+00
      25544 313.517341  -62.14734  -58.40826     -0.842    1450.84     80.000     79.217    -0.1181    -0.1182    -0.0001    -0.1208    -0.1209    -0.0001   2.836673   2.836732   0.000059    34.1939    34.1948     7.4645    27.4616    27.4623    34.1939    27.4616    1448.81    1448.82    -0.1208  1027.8478    34.3594 0.0000e+00
      25570 313.517354  -62.14734  -58.40826     -0.867    1450.84     79.000     78.227    -0.1180    -0.1183    -0.0003    -0.1207    -0.1210    -0.0003   2.836620   2.836681   0.000064    34.1938    34.1950     7.4694    27.4615    27.4625    34.1938    27.4615    1448.80    1448.80    -0.1207  1027.8429    34.3592 0.0000e+00
      25593 313.517365  -62.14734  -58.40826     -0.977    1450.84     78.000     77.237    -0.1181    -0.1183    -0.0002    -0.1207    -0.1209    -0.0002   2.836576   2.836638   0.000060    34.1938    34.1949     7.4623    27.4615    27.4624    34.1938    27.4615    1448.78    1448.78    -0.1207  1027.8382    34.3592 0.0000e+00
      25616 313.517376  -62.14734  -58.40826     -1.060    1450.84     77.000     76.247    -0.1182    -0.1185    -0.0003    -0.1209    -0.1211    -0.0003   2.836506   2.836566   0.000059    34.1938    34.1949     7.4661    27.4615    27.4624    34.1937    27.4614    1448.76    1448.77    -0.1208  1027.8333    34.3591 0.0000e+00
      25639 313.517387  -62.14734  -58.40826     -1.058    1450.84     76.000     75.257    -0.1185    -0.1187    -0.0002    -0.1211    -0.1213    -0.0002   2.836449   2.836505   0.000059    34.1939    34.1949     7.4706    27.4616    27.4624    34.1938    27.4615    1448.75    1448.75    -0.1210  1027.8286    34.3592 0.0000e+00
      25666 313.517400  -62.14734  -58.40826     -0.951    1450.84     75.000     74.267    -0.1189    -0.1191    -0.0001    -0.1215    -0.1216    -0.0001   2.836374   2.836425   0.000050    34.1940    34.1949     7.4627    27.4617    27.4624    34.1940    27.4617    1448.73    1448.73    -0.1214  1027.8240    34.3593 0.0000e+00
      25693 313.517413  -62.14734  -58.40826     -0.879    1450.84     74.000     73.277    -0.1186    -0.1188    -0.0002    -0.1212    -0.1213    -0.0002   2.836346   2.836414   0.000069    34.1939    34.1950     7.4587    27.4616    27.4625    34.1939    27.4616    1448.71    1448.72    -0.1211  1027.8191    34.3592 0.0000e+00
