Pos-Processados/process_op41/Processamento_split/up/uoperantar41_003.cnv
* Sea-Bird SBE 9 Data File:
* FileName = C:\Users\Dell\Desktop\Operantar XLI\Raw\OP41003.hdr
* Software Version Seasave V 7.26.7.110
* Temperature SN = 6497
* Conductivity SN = 4954
* Number of Bytes Per Scan = 31
* Number of Voltage Words = 2
* Number of Scans Averaged by the Deck Unit = 1
* NMEA Latitude = 37 44.65 S
* NMEA Longitude = 048 37.45 W
* NMEA UTC (Time) = Oct 18 2022 02:57:07
* NMEA baud rate = 4800
** H41
** Navio Polar Almirante Maximiano
** LH-021/2022
** Operantar XLI
** Número da Estação 003
** Latitude 37ª44.632S
** Longitude 048ª37.496W
** Data/Hora (Z) 18/10/2022 0257Z
** Profundidade local 5500
** 09-1439
** Nome do Operador 1T FILIPE LOPES
# nquan = 30
# nvalues = 1014                        
# units = specified
# name 0 = scan: Scan Count
# name 1 = timeJ: Julian Days
# name 2 = latitude: Latitude [deg]
# name 3 = longitude: Longitude [deg]
# name 4 = dz/dtM: Descent Rate [m/s]
# name 5 = avgsvCM: Average Sound Velocity [Chen-Millero, m/s]
# name 6 = prDM: Pressure, Digiquartz [db]
# name 7 = depSM: Depth [salt water, m]
# name 8 = t090C: Temperature [ITS-90, deg C]
# name 9 = t190C: Temperature, 2 [ITS-90, deg C]
# name 10 = T2-T190C: Temperature Difference, 2 - 1 [ITS-90, deg C]
# name 11 = potemp090C: Potential Temperature [ITS-90, deg C]
# name 12 = potemp190C: Potential Temperature, 2 [ITS-90, deg C]
# name 13 = potemp90Cdiff: Potential Temperature, Diff, 2 - 1 [ITS-90, deg C]
# name 14 = c0S/m: Conductivity [S/m]
# name 15 = c1S/m: Conductivity, 2 [S/m]
# name 16 = C2-C1S/m: Conductivity Difference, 2 - 1 [S/m]
# name 17 = sal00: Salinity, Practical [PSU]
# name 18 = sal11: Salinity, Practical, 2 [PSU]
# name 19 = sbeox0ML/L: Oxygen, SBE 43 [ml/l]
# name 20 = sigma-é00: Density [sigma-theta, kg/m^3]
# name 21 = sigma-é11: Density, 2 [sigma-theta, kg/m^3]
# name 22 = sal00: Salinity, Practical [PSU]
# name 23 = sigma-é00: Density [sigma-theta, kg/m^3]
# name 24 = svCM: Sound Velocity [Chen-Millero, m/s]
# name 25 = svCM1: Sound Velocity, 2 [Chen-Millero, m/s]
# name 26 = gsw_ptA0: potential temperature [ITS-90, deg C]
# name 27 = gsw_densityA0: density, TEOS-10 [density, kg/m^3]
# name 28 = gsw_saA0: Absolute Salinity [g/kg]
# name 29 = flag:
# span 0 =      30788,      64521       
# span 1 = 291.137845, 291.154113       
# span 2 =  -37.74781,  -37.74582       
# span 3 =  -48.62114,  -48.61774       
# span 4 =     -2.057,     -0.092       
# span 5 =    1488.80,    1488.80       
# span 6 =      4.000,   1017.000       
# span 7 =      3.981,   1006.952       
# span 8 =     3.4388,    14.4770       
# span 9 =     3.4392,    14.4777       
# span 10 =    -0.1263,     0.0685      
# span 11 =     3.3666,    14.4543      
# span 12 =     3.3670,    14.4550      
# span 13 =    -0.1260,     0.0684      
# span 14 =   3.184053,   4.312232      
# span 15 =   3.184044,   4.312281      
# span 16 =  -0.013556,   0.008657      
# span 17 =    34.1464,    35.5982      
# span 18 =    34.1470,    35.5979      
# span 19 =     4.7707,     5.9366      
# span 20 =    26.3259,    27.2402      
# span 21 =    26.3259,    27.2403      
# span 22 =    34.1467,    35.6005      
# span 23 =    26.3262,    27.2403      
# span 24 =    1478.88,    1508.26      
# span 25 =    1478.88,    1508.26      
# span 26 =     3.3664,    14.4543      
# span 27 =  1026.3510,  1031.9405      
# span 28 =    34.3091,    35.7686      
# span 29 = 0.0000e+00, 0.0000e+00      
# interval = decibars: 1                
# start_time = Oct 18 2022 02:57:07 [NMEA time, header]
# bad_flag = -9.990e-29
*END*
[from data line 242]
      37603 291.141131  -37.74617  -48.62048     -0.804    1488.80    775.000    767.783     4.1624     4.1557    -0.0066     4.1045     4.0979    -0.0066   3.232567   3.232000  -0.000526    34.1477    34.1483     5.8186    27.0973    27.0985    34.1499    27.0991    1478.93    1478.90     4.1044  1030.6758    34.3122 0.0000e+00
      37621 291.141140  -37.74618  -48.62048     -1.065    1488.80    774.000    766.794     4.1662     4.1662     0.0001     4.1084     4.1085     0.0001   3.232729   3.232769   0.000029    34.1477    34.1479     5.8136    27.0970    27.0971    34.1483    27.0975    1478.93    1478.93     4.1082  1030.6695    34.3107 0.0000e+00
      37638 291.141148  -37.74618  -48.62048     -1.295    1488.80    773.000    765.805     4.1681     4.1680    -0.0000     4.1104     4.1103    -0.0000   3.232889   3.232933   0.000042    34.1480    34.1485     5.8078    27.0970    27.0974    34.1488    27.0976    1478.92    1478.92     4.1102  1030.6651    34.3112 0.0000e+00
      37653 291.141156  -37.74618  -48.62047     -1.455    1488.80    772.000    764.817     4.1727     4.1723    -0.0004     4.1150     4.1147    -0.0004   3.233366   3.233364  -0.000005    34.1483    34.1486     5.8077    27.0967    27.0970    34.1501    27.0981    1478.93    1478.92     4.1149  1030.6609    34.3125 0.0000e+00
      37670 291.141164  -37.74618  -48.62046     -1.493    1488.80    771.000    763.828     4.1798     4.1831     0.0034     4.1221     4.1255     0.0033   3.233864   3.234256   0.000341    34.1481    34.1486     5.8057    27.0958    27.0959    34.1491    27.0967    1478.94    1478.95     4.1220  1030.6547    34.3115 0.0000e+00
      37691 291.141174  -37.74618  -48.62046     -1.335    1488.80    770.000    762.839     4.1869     4.1862    -0.0007     4.1293     4.1286    -0.0007   3.234432   3.234344  -0.000037    34.1475    34.1478     5.8024    27.0947    27.0950    34.1489    27.0958    1478.95    1478.95     4.1292  1030.6491    34.3113 0.0000e+00
      37722 291.141189  -37.74618  -48.62046     -0.917    1488.80    769.000    761.850     4.1885     4.1872    -0.0014     4.1310     4.1297    -0.0014   3.234413   3.234383  -0.000060    34.1470    34.1477     5.8053    27.0941    27.0947    34.1476    27.0945    1478.94    1478.93     4.1308  1030.6433    34.3100 0.0000e+00
      37764 291.141209  -37.74618  -48.62046     -0.552    1488.80    768.000    760.861     4.1893     4.1904     0.0011     4.1319     4.1330     0.0011   3.234522   3.234625   0.000124    34.1474    34.1478     5.8139    27.0943    27.0945    34.1485    27.0952    1478.93    1478.93     4.1317  1030.6393    34.3109 0.0000e+00
      37795 291.141224  -37.74618  -48.62046     -0.683    1488.80    767.000    759.872     4.2016     4.1951    -0.0065     4.1442     4.1377    -0.0065   3.235664   3.235185  -0.000463    34.1471    34.1484     5.8207    27.0927    27.0944    34.1497    27.0948    1478.96    1478.94     4.1441  1030.6342    34.3121 0.0000e+00
      37815 291.141233  -37.74618  -48.62046     -0.978    1488.80    766.000    758.883     4.2154     4.2208     0.0054     4.1580     4.1634     0.0054   3.236818   3.237493   0.000645    34.1470    34.1489     5.8174    27.0912    27.0922    34.1495    27.0933    1479.00    1479.03     4.1578  1030.6277    34.3119 0.0000e+00
      37831 291.141241  -37.74618  -48.62046     -1.247    1488.80    765.000    757.894     4.2286     4.2304     0.0018     4.1712     4.1729     0.0018   3.238055   3.238270   0.000233    34.1485    34.1495     5.8190    27.0911    27.0916    34.1510    27.0930    1479.04    1479.05     4.1710  1030.6226    34.3134 0.0000e+00
      37847 291.141249  -37.74618  -48.62046     -1.423    1488.80    764.000    756.906     4.2309     4.2308    -0.0000     4.1735     4.1735    -0.0001   3.238117   3.238158   0.000022    34.1488    34.1491     5.8245    27.0910    27.0912    34.1499    27.0919    1479.03    1479.04     4.1734  1030.6169    34.3122 0.0000e+00
      37865 291.141258  -37.74618  -48.62046     -1.453    1488.80    763.000    755.917     4.2285     4.2288     0.0002     4.1713     4.1715     0.0002   3.237833   3.237861   0.000031    34.1484    34.1485     5.8228    27.0910    27.0910    34.1495    27.0918    1479.01    1479.01     4.1711  1030.6123    34.3118 0.0000e+00
      37897 291.141273  -37.74618  -48.62046     -0.977    1488.80    762.000    754.928     4.2275     4.2270    -0.0005     4.1703     4.1698    -0.0005   3.237716   3.237693  -0.000024    34.1487    34.1489     5.8167    27.0913    27.0915    34.1497    27.0921    1478.99    1478.99     4.1701  1030.6080    34.3121 0.0000e+00
      37947 291.141297  -37.74620  -48.62044     -0.386    1488.80    761.000    753.939     4.2308     4.2319     0.0011     4.1737     4.1747     0.0011   3.237897   3.238007   0.000106    34.1479    34.1481     5.8250    27.0903    27.0903    34.1489    27.0911    1478.98    1478.99     4.1735  1030.6024    34.3113 0.0000e+00
      37975 291.141311  -37.74620  -48.62044     -0.728    1488.80    760.000    752.950     4.2290     4.2299     0.0009     4.1720     4.1729     0.0009   3.237708   3.237797   0.000083    34.1484    34.1485     5.8271    27.0909    27.0909    34.1490    27.0914    1478.96    1478.96     4.1718  1030.5981    34.3114 0.0000e+00
      38001 291.141323  -37.74620  -48.62044     -0.914    1488.80    759.000    751.961     4.2339     4.2348     0.0009     4.1769     4.1778     0.0009   3.238055   3.238152   0.000103    34.1474    34.1478     5.8255    27.0896    27.0898    34.1485    27.0905    1478.96    1478.97     4.1768  1030.5925    34.3109 0.0000e+00
      38028 291.141336  -37.74620  -48.62044     -0.903    1488.80    758.000    750.972     4.2394     4.2384    -0.0010     4.1825     4.1815    -0.0010   3.238448   3.238409  -0.000043    34.1470    34.1476     5.8257    27.0887    27.0893    34.1480    27.0894    1478.97    1478.97     4.1824  1030.5868    34.3103 0.0000e+00
      38054 291.141349  -37.74620  -48.62044     -0.892    1488.80    757.000    749.983     4.2408     4.2415     0.0008     4.1839     4.1847     0.0008   3.238495   3.238599   0.000099    34.1469    34.1473     5.8261    27.0884    27.0887    34.1476    27.0890    1478.96    1478.96     4.1838  1030.5818    34.3100 0.0000e+00
      38074 291.141358  -37.74620  -48.62044     -1.031    1488.80    756.000    748.994     4.2424     4.2433     0.0009     4.1856     4.1865     0.0009   3.238615   3.238754   0.000120    34.1469    34.1474     5.8326    27.0883    27.0886    34.1479    27.0891    1478.95    1478.95     4.1854  1030.5773    34.3103 0.0000e+00
      38090 291.141366  -37.74620  -48.62044     -1.240    1488.80    755.000    748.005     4.2486     4.2517     0.0031     4.1919     4.1949     0.0031   3.239164   3.239470   0.000328    34.1466    34.1472     5.8377    27.0873    27.0875    34.1484    27.0888    1478.96    1478.97     4.1917  1030.5723    34.3108 0.0000e+00
      38106 291.141374  -37.74620  -48.62044     -1.433    1488.80    754.000    747.016     4.2590     4.2580    -0.0010     4.2023     4.2012    -0.0011   3.240087   3.240020  -0.000035    34.1465    34.1472     5.8384    27.0862    27.0868    34.1490    27.0882    1478.99    1478.98     4.2021  1030.5669    34.3113 0.0000e+00
      38121 291.141381  -37.74620  -48.62044     -1.536    1488.80    753.000    746.027     4.2683     4.2702     0.0018     4.2116     4.2135     0.0018   3.240777   3.241090   0.000225    34.1464    34.1471     5.8379    27.0851    27.0855    34.1480    27.0864    1479.01    1479.02     4.2115  1030.5604    34.3103 0.0000e+00
      38140 291.141390  -37.74620  -48.62044     -1.474    1488.80    752.000    745.038     4.2777     4.2791     0.0015     4.2210     4.2225     0.0015   3.241640   3.241794   0.000183    34.1467    34.1473     5.8376    27.0844    27.0847    34.1490    27.0862    1479.03    1479.04     4.2209  1030.5554    34.3113 0.0000e+00
      38170 291.141405  -37.74621  -48.62044     -1.012    1488.80    751.000    744.051     4.2753     4.2765     0.0012     4.2187     4.2199     0.0012   3.241201   3.241354   0.000154    34.1466    34.1471     5.8477    27.0845    27.0848    34.1468    27.0847    1479.00    1479.01     4.2186  1030.5494    34.3091 0.0000e+00
      38219 291.141428  -37.74622  -48.62042     -0.426    1488.80    750.000    743.057     4.2654     4.2642    -0.0012     4.2090     4.2078    -0.0012   3.240434   3.240399  -0.000043    34.1472    34.1479     5.8582    27.0860    27.0867    34.1485    27.0871    1478.95    1478.94     4.2088  1030.5474    34.3108 0.0000e+00
      38251 291.141444  -37.74622  -48.62042     -0.674    1488.80    749.000    742.072     4.2851     4.2819    -0.0032     4.2286     4.2255    -0.0031   3.242183   3.241853  -0.000255    34.1472    34.1475     5.8593    27.0840    27.0845    34.1492    27.0856    1479.01    1479.00     4.2285  1030.5409    34.3115 0.0000e+00
      38274 291.141455  -37.74622  -48.62041     -0.917    1488.80    748.000    741.082     4.2895     4.2870    -0.0025     4.2331     4.2306    -0.0025   3.242457   3.242396  -0.000095    34.1466    34.1480     5.8610    27.0830    27.0844    34.1483    27.0844    1479.01    1479.00     4.2330  1030.5351    34.3107 0.0000e+00
      38299 291.141467  -37.74622  -48.62040     -0.997    1488.80    747.000    740.093     4.3022     4.2998    -0.0025     4.2458     4.2434    -0.0024   3.243580   3.243412  -0.000172    34.1475    34.1480     5.8535    27.0824    27.0831    34.1489    27.0835    1479.05    1479.04     4.2457  1030.5294    34.3112 0.0000e+00
      38342 291.141488  -37.74622  -48.62040     -0.581    1488.80    746.000    739.104     4.2913     4.2928     0.0014     4.2351     4.2365     0.0014   3.242546   3.242645   0.000139    34.1481    34.1482     5.8595    27.0840    27.0840    34.1486    27.0844    1478.99    1478.99     4.2349  1030.5258    34.3109 0.0000e+00
      38379 291.141506  -37.74622  -48.62040     -0.577    1488.80    745.000    738.115     4.3032     4.2950    -0.0082     4.2470     4.2388    -0.0082   3.243601   3.243053  -0.000620    34.1478    34.1490     5.8629    27.0825    27.0843    34.1492    27.0836    1479.02    1478.99     4.2468  1030.5203    34.3115 0.0000e+00
      38398 291.141515  -37.74622  -48.62040     -0.938    1488.80    744.000    737.127     4.3108     4.3132     0.0024     4.2546     4.2570     0.0024   3.244223   3.244559   0.000306    34.1471    34.1483     5.8644    27.0812    27.0818    34.1492    27.0828    1479.03    1479.05     4.2544  1030.5147    34.3115 0.0000e+00
      38413 291.141522  -37.74622  -48.62040     -1.268    1488.80    743.000    736.137     4.3184     4.3212     0.0029     4.2622     4.2651     0.0028   3.244825   3.245124   0.000298    34.1472    34.1477     5.8602    27.0804    27.0805    34.1489    27.0818    1479.05    1479.06     4.2621  1030.5090    34.3112 0.0000e+00
      38426 291.141528  -37.74622  -48.62040     -1.543    1488.80    742.000    735.149     4.3222     4.3233     0.0011     4.2661     4.2672     0.0011   3.245093   3.245216   0.000143    34.1471    34.1476     5.8548    27.0799    27.0802    34.1486    27.0811    1479.05    1479.05     4.2659  1030.5037    34.3109 0.0000e+00
      38439 291.141535  -37.74622  -48.62040     -1.726    1488.80    741.000    734.160     4.3235     4.3241     0.0007     4.2674     4.2681     0.0007   3.245152   3.245275   0.000118    34.1473    34.1479     5.8528    27.0799    27.0804    34.1485    27.0809    1479.04    1479.04     4.2673  1030.4989    34.3108 0.0000e+00
      38453 291.141541  -37.74622  -48.62040     -1.798    1488.80    740.000    733.170     4.3249     4.3252     0.0002     4.2689     4.2692     0.0002   3.245269   3.245325   0.000062    34.1476    34.1481     5.8487    27.0800    27.0804    34.1488    27.0810    1479.03    1479.03     4.2688  1030.4944    34.3111 0.0000e+00
      38470 291.141549  -37.74622  -48.62040     -1.681    1488.80    739.000    732.181     4.3256     4.3260     0.0005     4.2697     4.2701     0.0004   3.245271   3.245361   0.000082    34.1477    34.1482     5.8493    27.0800    27.0804    34.1487    27.0809    1479.01    1479.02     4.2695  1030.4896    34.3110 0.0000e+00
      38495 291.141562  -37.74622  -48.62040     -1.215    1488.80    738.000    731.192     4.3238     4.3278     0.0041     4.2680     4.2720     0.0040   3.245042   3.245488   0.000430    34.1478    34.1486     5.8563    27.0803    27.0805    34.1484    27.0808    1478.99    1479.01     4.2678  1030.4850    34.3107 0.0000e+00
      38534 291.141581  -37.74622  -48.62040     -0.655    1488.80    737.000    730.205     4.3249     4.3233    -0.0016     4.2691     4.2676    -0.0016   3.245125   3.245011  -0.000101    34.1479    34.1484     5.8660    27.0803    27.0808    34.1488    27.0809    1478.98    1478.97     4.2690  1030.4806    34.3110 0.0000e+00
      38582 291.141603  -37.74622  -48.62037     -0.496    1488.80    736.000    729.212     4.3306     4.3303    -0.0003     4.2749     4.2747    -0.0003   3.245602   3.245623   0.000013    34.1482    34.1487     5.8682    27.0799    27.0803    34.1489    27.0805    1478.99    1478.98     4.2748  1030.4754    34.3112 0.0000e+00
      38613 291.141619  -37.74622  -48.62036     -0.670    1488.80    735.000    728.225     4.3307     4.3290    -0.0018     4.2752     4.2734    -0.0018   3.245575   3.245458  -0.000097    34.1481    34.1488     5.8714    27.0798    27.0805    34.1490    27.0805    1478.97    1478.96     4.2750  1030.4708    34.3113 0.0000e+00
      38636 291.141629  -37.74622  -48.62036     -0.939    1488.80    734.000    727.236     4.3369     4.3371     0.0002     4.2814     4.2815     0.0001   3.246062   3.246177   0.000071    34.1479    34.1485     5.8651    27.0789    27.0794    34.1488    27.0797    1478.98    1478.98     4.2812  1030.4653    34.3111 0.0000e+00
      38656 291.141639  -37.74623  -48.62036     -1.118    1488.80    733.000    726.247     4.3418     4.3472     0.0054     4.2863     4.2917     0.0054   3.246506   3.247077   0.000533    34.1479    34.1485     5.8620    27.0784    27.0784    34.1495    27.0797    1478.98    1479.01     4.2862  1030.4607    34.3118 0.0000e+00
      38677 291.141649  -37.74624  -48.62036     -1.161    1488.80    732.000    725.258     4.3471     4.3571     0.0099     4.2917     4.3016     0.0099   3.246876   3.247837   0.000916    34.1478    34.1483     5.8622    27.0778    27.0771    34.1488    27.0786    1478.99    1479.03     4.2915  1030.4549    34.3111 0.0000e+00
      38701 291.141661  -37.74624  -48.62036     -1.061    1488.80    731.000    724.269     4.3564     4.3601     0.0037     4.3010     4.3047     0.0037   3.247706   3.248053   0.000365    34.1481    34.1486     5.8568    27.0770    27.0770    34.1495    27.0781    1479.01    1479.03     4.3008  1030.4497    34.3118 0.0000e+00
      38726 291.141673  -37.74624  -48.62036     -0.966    1488.80    730.000    723.280     4.3663     4.3712     0.0049     4.3109     4.3158     0.0049   3.248649   3.249179   0.000576    34.1484    34.1500     5.8595    27.0762    27.0770    34.1508    27.0781    1479.04    1479.06     4.3108  1030.4449    34.3131 0.0000e+00
      38747 291.141683  -37.74624  -48.62036     -1.035    1488.80    729.000    722.291     4.3813     4.3849     0.0035     4.3259     4.3295     0.0035   3.250145   3.250640   0.000438    34.1501    34.1515     5.8619    27.0759    27.0767    34.1533    27.0785    1479.09    1479.10     4.3258  1030.4405    34.3156 0.0000e+00
      38765 291.141692  -37.74624  -48.62036     -1.206    1488.80    728.000    721.302     4.3938     4.3995     0.0056     4.3384     4.3440     0.0056   3.251284   3.251888   0.000581    34.1517    34.1528     5.8651    27.0759    27.0762    34.1543    27.0780    1479.12    1479.15     4.3383  1030.4351    34.3166 0.0000e+00
