Pos-Processados/process_op41/Processamento_split/up/uoperantar41_003.cnv
* Sea-Bird SBE 9 Data File:
* FileName = C:\Users\Dell\Desktop\Operantar XLI\Raw\OP41003.hdr
* Software Version Seasave V 7.26.7.110
* Temperature SN = 6497
* Conductivity SN = 4954
* Number of Bytes Per Scan = 31
* Number of Voltage Words = 2
* Number of Scans Averaged by the Deck Unit = 1
* NMEA Latitude = 37 44.65 S
* NMEA Longitude = 048 37.45 W
* NMEA UTC (Time) = Oct 18 2022 02:57:07
* NMEA baud rate = 4800
** H41
** Navio Polar Almirante Maximiano
** LH-021/2022
** Operantar XLI
** Número da Estação 003
** Latitude 37ª44.632S
** Longitude 048ª37.496W
** Data/Hora (Z) 18/10/2022 0257Z
** Profundidade local 5500
** 09-1439
** Nome do Operador 1T FILIPE LOPES
# nquan = 30
# nvalues = 1014                        
# units = specified
# name 0 = scan: Scan Count
# name 1 = timeJ: Julian Days
# name 2 = latitude: Latitude [deg]
# name 3 = longitude: Longitude [deg]
# name 4 = dz/dtM: Descent Rate [m/s]
# name 5 = avgsvCM: Average Sound Velocity [Chen-Millero, m/s]
# name 6 = prDM: Pressure, Digiquartz [db]
# name 7 = depSM: Depth [salt water, m]
# name 8 = t090C: Temperature [ITS-90, deg C]
# name 9 = t190C: Temperature, 2 [ITS-90, deg C]
# name 10 = T2-T190C: Temperature Difference, 2 - 1 [ITS-90, deg C]
# name 11 = potemp090C: Potential Temperature [ITS-90, deg C]
# name 12 = potemp190C: Potential Temperature, 2 [ITS-90, deg C]
# name 13 = potemp90Cdiff: Potential Temperature, Diff, 2 - 1 [ITS-90, deg C]
# name 14 = c0S/m: Conductivity [S/m]
# name 15 = c1S/m: Conductivity, 2 [S/m]
# name 16 = C2-C1S/m: Conductivity Difference, 2 - 1 [S/m]
# name 17 = sal00: Salinity, Practical [PSU]
# name 18 = sal11: Salinity, Practical, 2 [PSU]
# name 19 = sbeox0ML/L: Oxygen, SBE 43 [ml/l]
# name 20 = sigma-é00: Density [sigma-theta, kg/m^3]
# name 21 = sigma-é11: Density, 2 [sigma-theta, kg/m^3]
# name 22 = sal00: Salinity, Practical [PSU]
# name 23 = sigma-é00: Density [sigma-theta, kg/m^3]
# name 24 = svCM: Sound Velocity [Chen-Millero, m/s]
# name 25 = svCM1: Sound Velocity, 2 [Chen-Millero, m/s]
# name 26 = gsw_ptA0: potential temperature [ITS-90, deg C]
# name 27 = gsw_densityA0: density, TEOS-10 [density, kg/m^3]
# name 28 = gsw_saA0: Absolute Salinity [g/kg]
# name 29 = flag:
# span 0 =      30788,      64521       
# span 1 = 291.137845, 291.154113       
# span 2 =  -37.74781,  -37.74582       
# span 3 =  -48.62114,  -48.61774       
# span 4 =     -2.057,     -0.092       
# span 5 =    1488.80,    1488.80       
# span 6 =      4.000,   1017.000       
# span 7 =      3.981,   1006.952       
# span 8 =     3.4388,    14.4770       
# span 9 =     3.4392,    14.4777       
# span 10 =    -0.1263,     0.0685      
# span 11 =     3.3666,    14.4543      
# span 12 =     3.3670,    14.4550      
# span 13 =    -0.1260,     0.0684      
# span 14 =   3.184053,   4.312232      
# span 15 =   3.184044,   4.312281      
# span 16 =  -0.013556,   0.008657      
# span 17 =    34.1464,    35.5982      
# span 18 =    34.1470,    35.5979      
# span 19 =     4.7707,     5.9366      
# span 20 =    26.3259,    27.2402      
# span 21 =    26.3259,    27.2403      
# span 22 =    34.1467,    35.6005      
# span 23 =    26.3262,    27.2403      
# span 24 =    1478.88,    1508.26      
# span 25 =    1478.88,    1508.26      
# span 26 =     3.3664,    14.4543      
# span 27 =  1026.3510,  1031.9405      
# span 28 =    34.3091,    35.7686      
# span 29 = 0.0000e+00, 0.0000e+00      
# interval = decibars: 1                
# start_time = Oct 18 2022 02:57:07 [NMEA time, header]
# bad_flag = -9.990e-29
*END*
[from data line 967]
      55259 291.149646  -37.74732  -48.61870     -0.513    1488.80     50.000     49.621    14.1777    14.1740    -0.0037    14.1704    14.1667    -0.0037   4.253436   4.252784  -0.000677    35.3742    35.3713     5.6353    26.4403    26.4388    35.3727    26.4391    1505.31    1505.30    14.1704  1026.6640    35.5396 0.0000e+00
      55306 291.149669  -37.74732  -48.61868     -0.501    1488.80     49.000     48.629    14.1795    14.1780    -0.0015    14.1724    14.1709    -0.0015   4.253396   4.253111  -0.000309    35.3715    35.3700     5.5824    26.4378    26.4369    35.3711    26.4375    1505.30    1505.30    14.1724  1026.6579    35.5380 0.0000e+00
      55341 291.149685  -37.74732  -48.61868     -0.680    1488.80     48.000     47.636    14.1829    14.1834     0.0005    14.1759    14.1764     0.0005   4.253690   4.253629  -0.000037    35.3711    35.3703     5.5566    26.4367    26.4360    35.3711    26.4367    1505.30    1505.30    14.1759  1026.6527    35.5380 0.0000e+00
      55379 291.149704  -37.74732  -48.61868     -0.640    1488.80     47.000     46.644    14.1882    14.1893     0.0010    14.1813    14.1824     0.0010   4.254150   4.254232   0.000051    35.3712    35.3707     5.5466    26.4356    26.4350    35.3710    26.4355    1505.30    1505.30    14.1813  1026.6471    35.5379 0.0000e+00
      55417 291.149722  -37.74733  -48.61868     -0.613    1488.80     46.000     45.652    14.1898    14.1887    -0.0011    14.1831    14.1820    -0.0011   4.254182   4.253890  -0.000274    35.3707    35.3692     5.5396    26.4349    26.4339    35.3702    26.4345    1505.28    1505.28    14.1831  1026.6417    35.5372 0.0000e+00
      55447 291.149737  -37.74734  -48.61866     -0.752    1488.80     45.000     44.660    14.1869    14.1846    -0.0023    14.1804    14.1781    -0.0023   4.253701   4.253188  -0.000507    35.3693    35.3667     5.5471    26.4344    26.4328    35.3688    26.4340    1505.26    1505.25    14.1804  1026.6367    35.5357 0.0000e+00
      55475 291.149750  -37.74734  -48.61866     -0.850    1488.80     44.000     43.667    14.1819    14.1775    -0.0044    14.1755    14.1711    -0.0044   4.252792   4.251986  -0.000760    35.3661    35.3631     5.5320    26.4329    26.4315    35.3653    26.4323    1505.22    1505.20    14.1755  1026.6307    35.5322 0.0000e+00
      55614 291.149817  -37.74735  -48.61865     -0.442    1488.80     43.000     42.673    14.1687    14.1660    -0.0027    14.1624    14.1598    -0.0027   4.250709   4.250219  -0.000482    35.3593    35.3573     5.5465    26.4304    26.4295    35.3585    26.4299    1505.15    1505.14    14.1624  1026.6238    35.5254 0.0000e+00
      56498 291.150244  -37.74742  -48.61857     -0.373    1488.80     42.000     41.676    14.1553    14.1533    -0.0020    14.1492    14.1472    -0.0020   4.248593   4.248231  -0.000374    35.3518    35.3502     5.5612    26.4275    26.4267    35.3515    26.4272    1505.09    1505.08    14.1492  1026.6168    35.5183 0.0000e+00
      57078 291.150523  -37.74746  -48.61851     -0.238    1488.80     41.000     40.690    14.1437    14.1453     0.0017    14.1377    14.1394     0.0017   4.246776   4.246927   0.000158    35.3461    35.3460     5.5768    26.4255    26.4251    35.3457    26.4252    1505.02    1505.03    14.1377  1026.6104    35.5125 0.0000e+00
      57156 291.150561  -37.74746  -48.61850     -0.221    1488.80     40.000     39.701    14.1343    14.1357     0.0013    14.1285    14.1299     0.0013   4.245286   4.245409   0.000111    35.3414    35.3412     5.5832    26.4239    26.4234    35.3408    26.4234    1504.97    1504.98    14.1285  1026.6041    35.5076 0.0000e+00
      58592 291.151253  -37.74752  -48.61836     -0.377    1488.80     39.000     38.684    14.1208    14.1217     0.0009    14.1151    14.1160     0.0009   4.243121   4.243184   0.000044    35.3337    35.3333     5.6157    26.4207    26.4202    35.3335    26.4206    1504.90    1504.91    14.1151  1026.5969    35.5003 0.0000e+00
      60238 291.152047  -37.74760  -48.61820     -0.636    1488.80     38.000     37.711    14.1240    14.1240    -0.0000    14.1185    14.1185    -0.0000   4.243436   4.243308  -0.000123    35.3346    35.3334     5.6207    26.4207    26.4198    35.3339    26.4202    1504.90    1504.90    14.1185  1026.5921    35.5007 0.0000e+00
      60245 291.152050  -37.74760  -48.61822     -0.867    1488.80     37.000     36.721    14.1153    14.1199     0.0046    14.1099    14.1145     0.0046   4.242059   4.242688   0.000588    35.3304    35.3317     5.6173    26.4192    26.4193    35.3295    26.4186    1504.85    1504.86    14.1099  1026.5861    35.4962 0.0000e+00
      60299 291.152077  -37.74760  -48.61821     -0.452    1488.80     36.000     35.729    14.1140    14.1143     0.0003    14.1088    14.1091     0.0003   4.241886   4.241845  -0.000051    35.3300    35.3292     5.6317    26.4192    26.4185    35.3295    26.4188    1504.83    1504.83    14.1088  1026.5819    35.4962 0.0000e+00
      60358 291.152105  -37.74760  -48.61820     -0.431    1488.80     35.000     34.736    14.1095    14.1107     0.0013    14.1044    14.1057     0.0013   4.241087   4.241131   0.000068    35.3273    35.3268     5.6467    26.4180    26.4174    35.3266    26.4175    1504.79    1504.80    14.1044  1026.5762    35.4933 0.0000e+00
      60397 291.152124  -37.74760  -48.61820     -0.594    1488.80     34.000     33.751    14.1076    14.1051    -0.0025    14.1027    14.1002    -0.0025   4.240668   4.240283  -0.000339    35.3248    35.3240     5.6427    26.4175    26.4164    35.3248    26.4165    1504.77    1504.76    14.1027  1026.5708    35.4915 0.0000e+00
      60496 291.152172  -37.74760  -48.61818     -0.170    1488.80     33.000     32.743    14.0963    14.0965     0.0002    14.0915    14.0917     0.0002   4.238768   4.238681  -0.000114    35.3189    35.3177     5.6473    26.4142    26.4134    35.3180    26.4136    1504.71    1504.71    14.0915  1026.5634    35.4846 0.0000e+00
      60560 291.152202  -37.74760  -48.61818     -0.348    1488.80     32.000     31.758    14.0924    14.0934     0.0010    14.0877    14.0888     0.0010   4.237851   4.237899   0.000050    35.3138    35.3133     5.6819    26.4112    26.4106    35.3134    26.4109    1504.67    1504.68    14.0877  1026.5563    35.4801 0.0000e+00
      60632 291.152237  -37.74762  -48.61818     -0.377    1488.80     31.000     30.767    14.0981    14.0968    -0.0013    14.0937    14.0923    -0.0013   4.237595   4.237503  -0.000076    35.3060    35.3065     5.6952    26.4039    26.4045    35.3062    26.4040    1504.66    1504.66    14.0937  1026.5450    35.4728 0.0000e+00
      60670 291.152255  -37.74762  -48.61818     -0.594    1488.80     30.000     29.775    14.1087    14.1041    -0.0046    14.1043    14.0998    -0.0046   4.238094   4.237791  -0.000303    35.3015    35.3029     5.7041    26.3981    26.4002    35.3016    26.3982    1504.68    1504.66    14.1043  1026.5348    35.4682 0.0000e+00
      61084 291.152455  -37.74763  -48.61811     -0.377    1488.80     29.000     28.771    14.1649    14.1654     0.0004    14.1607    14.1611     0.0004   4.241918   4.241934  -0.000006    35.2853    35.2849     5.7494    26.3736    26.3732    35.2860    26.3742    1504.82    1504.82    14.1607  1026.5064    35.4525 0.0000e+00
      61225 291.152523  -37.74764  -48.61810     -0.473    1488.80     28.000     27.794    14.1856    14.1857     0.0000    14.1816    14.1816     0.0000   4.243114   4.243033  -0.000106    35.2779    35.2769     5.7577    26.3635    26.3627    35.2786    26.3640    1504.87    1504.86    14.1816  1026.4918    35.4451 0.0000e+00
      61360 291.152588  -37.74764  -48.61808     -0.160    1488.80     27.000     26.789    14.2219    14.2211    -0.0008    14.2180    14.2172    -0.0008   4.244765   4.244716  -0.000032    35.2601    35.2605     5.7723    26.3420    26.3425    35.2612    26.3428    1504.95    1504.94    14.2180  1026.4661    35.4275 0.0000e+00
      61391 291.152603  -37.74764 -9.990e-29     -0.605    1488.80     26.000     25.806    14.2297    14.2301     0.0004    14.2259    14.2263     0.0004   4.244725   4.244706  -0.000021    35.2530    35.2524     5.7921    26.3348    26.3343    35.2541    26.3357    1504.95    1504.95    14.2259  1026.4546    35.4204 0.0000e+00
      61466 291.152639  -37.74764  -48.61806     -0.270    1488.80     25.000     24.810    14.2327    14.2344     0.0016    14.2291    14.2307     0.0016   4.244685   4.244627  -0.000057    35.2506    35.2485     5.8022    26.3323    26.3303    35.2514    26.3328    1504.94    1504.94    14.2291  1026.4474    35.4177 0.0000e+00
      61524 291.152667  -37.74764  -48.61806     -0.499    1488.80     24.000     23.819    14.2375    14.2389     0.0014    14.2340    14.2354     0.0014   4.244784   4.244798   0.000017    35.2475    35.2464     5.8016    26.3288    26.3277    35.2483    26.3295    1504.93    1504.94    14.2340  1026.4396    35.4147 0.0000e+00
      61548 291.152679  -37.74764  -48.61806     -0.851    1488.80     23.000     22.827    14.2406    14.2408     0.0003    14.2372    14.2375     0.0003   4.244917   4.244873  -0.000042    35.2465    35.2459     5.8010    26.3274    26.3268    35.2472    26.3279    1504.92    1504.92    14.2372  1026.4336    35.4135 0.0000e+00
      61587 291.152698  -37.74764  -48.61806     -0.683    1488.80     22.000     21.839    14.2402    14.2413     0.0012    14.2369    14.2381     0.0012   4.244836   4.244874   0.000036    35.2467    35.2460     5.8071    26.3276    26.3268    35.2472    26.3280    1504.91    1504.91    14.2369  1026.4294    35.4137 0.0000e+00
      61674 291.152740  -37.74766  -48.61804     -0.120    1488.80     21.000     20.831    14.2449    14.2446    -0.0003    14.2418    14.2415    -0.0003   4.245154   4.245132  -0.000016    35.2464    35.2460     5.8115    26.3259    26.3261    35.2463    26.3262    1504.90    1504.90    14.2418  1026.4232    35.4127 0.0000e+00
      61694 291.152749  -37.74766  -48.61804     -0.671    1488.80     20.000     19.850    14.2430    14.2434     0.0004    14.2400    14.2405     0.0004   4.244949   4.244922  -0.000029    35.2463    35.2456     5.8162    26.3266    26.3260    35.2466    26.3268    1504.88    1504.88    14.2401  1026.4193    35.4128 0.0000e+00
      61712 291.152758  -37.74766  -48.61804     -1.128    1488.80     19.000     18.867    14.2430    14.2434     0.0003    14.2403    14.2406     0.0003   4.244909   4.244876  -0.000029    35.2463    35.2457     5.8182    26.3265    26.3260    35.2465    26.3267    1504.86    1504.86    14.2403  1026.4148    35.4128 0.0000e+00
      61792 291.152796  -37.74766  -48.61804     -0.209    1488.80     18.000     17.860    14.2431    14.2432     0.0001    14.2404    14.2406     0.0001   4.244851   4.244795  -0.000056    35.2462    35.2456     5.8153    26.3265    26.3259    35.2464    26.3266    1504.85    1504.85    14.2404  1026.4102    35.4127 0.0000e+00
      61833 291.152817  -37.74766  -48.61802     -0.626    1488.80     17.000     16.873    14.2418    14.2417    -0.0001    14.2393    14.2392    -0.0001   4.244690   4.244611  -0.000082    35.2465    35.2458     5.8097    26.3269    26.3264    35.2464    26.3269    1504.83    1504.83    14.2394  1026.4061    35.4128 0.0000e+00
      61859 291.152829  -37.74766  -48.61802     -0.899    1488.80     16.000     15.880    14.2415    14.2418     0.0002    14.2392    14.2394     0.0002   4.244623   4.244573  -0.000050    35.2464    35.2457     5.7944    26.3269    26.3263    35.2465    26.3269    1504.81    1504.81    14.2392  1026.4018    35.4128 0.0000e+00
      61907 291.152852  -37.74766  -48.61802     -0.545    1488.80     15.000     14.888    14.2398    14.2400     0.0002    14.2376    14.2378     0.0002   4.244420   4.244370  -0.000049    35.2467    35.2461     5.7986    26.3275    26.3269    35.2466    26.3274    1504.79    1504.79    14.2376  1026.3978    35.4130 0.0000e+00
      61965 291.152880  -37.74766  -48.61802     -0.428    1488.80     14.000     13.895    14.2383    14.2382    -0.0001    14.2363    14.2361    -0.0001   4.244258   4.244172  -0.000087    35.2469    35.2463     5.8198    26.3279    26.3274    35.2469    26.3279    1504.77    1504.76    14.2363  1026.3938    35.4132 0.0000e+00
      62022 291.152908  -37.74766  -48.61801     -0.393    1488.80     13.000     12.904    14.2360    14.2362     0.0003    14.2341    14.2343     0.0003   4.244007   4.243963  -0.000045    35.2472    35.2466     5.8163    26.3286    26.3281    35.2471    26.3285    1504.74    1504.74    14.2341  1026.3901    35.4135 0.0000e+00
      62085 291.152938  -37.74768  -48.61800     -0.416    1488.80     12.000     11.907    14.2349    14.2351     0.0002    14.2332    14.2334     0.0002   4.243874   4.243831  -0.000041    35.2473    35.2468     5.8130    26.3289    26.3284    35.2472    26.3288    1504.72    1504.72    14.2332  1026.3860    35.4137 0.0000e+00
      62116 291.152953  -37.74768  -48.61800     -0.707    1488.80     11.000     10.918    14.2365    14.2365    -0.0000    14.2349    14.2349    -0.0000   4.243946   4.243901  -0.000052    35.2469    35.2465     5.8310    26.3282    26.3279    35.2469    26.3282    1504.71    1504.71    14.2349  1026.3809    35.4133 0.0000e+00
      62161 291.152974  -37.74768  -48.61800     -0.565    1488.80     10.000      9.928    14.2365    14.2370     0.0005    14.2350    14.2355     0.0005   4.243913   4.243901  -0.000011    35.2470    35.2464     5.8213    26.3282    26.3277    35.2470    26.3283    1504.70    1504.70    14.2350  1026.3766    35.4134 0.0000e+00
      62244 291.153015  -37.74768  -48.61799     -0.253    1488.80      9.000      8.930    14.2378    14.2383     0.0006    14.2365    14.2370     0.0006   4.244030   4.244024  -0.000009    35.2473    35.2467     5.8061    26.3282    26.3276    35.2473    26.3282    1504.68    1504.68    14.2365  1026.3721    35.4137 0.0000e+00
      62331 291.153057  -37.74768  -48.61798     -0.255    1488.80      8.000      7.941    14.2381    14.2388     0.0008    14.2369    14.2377     0.0008   4.244010   4.244016   0.000007    35.2473    35.2466     5.8070    26.3280    26.3274    35.2473    26.3281    1504.67    1504.67    14.2369  1026.3675    35.4136 0.0000e+00
      62706 291.153238  -37.74770  -48.61795     -0.376    1488.80      7.000      6.935    14.2385    14.2383    -0.0001    14.2374    14.2373    -0.0001   4.244013   4.243952  -0.000067    35.2476    35.2470     5.8129    26.3282    26.3277    35.2474    26.3280    1504.65    1504.65    14.2374  1026.3631    35.4138 0.0000e+00
      63305 291.153526  -37.74774  -48.61787     -0.510    1488.80      6.000      5.943    14.2339    14.2334    -0.0005    14.2330    14.2326    -0.0005   4.243550   4.243428  -0.000116    35.2477    35.2471     5.8145    26.3292    26.3288    35.2477    26.3292    1504.62    1504.62    14.2330  1026.3598    35.4140 0.0000e+00
      63493 291.153617  -37.74774  -48.61784     -0.519    1488.80      5.000      4.939    14.2325    14.2325     0.0000    14.2317    14.2317     0.0000   4.243354   4.243299  -0.000058    35.2477    35.2471     5.8158    26.3294    26.3290    35.2476    26.3294    1504.60    1504.60    14.2317  1026.3556    35.4139 0.0000e+00
      64521 291.154113  -37.74781  -48.61774     -0.563    1488.80      4.000      3.981    14.2336    14.2346     0.0009    14.2331    14.2340     0.0009   4.243437   4.243439   0.000011    35.2477    35.2469     5.8107    26.3292    26.3284    35.2477    26.3292    1504.59    1504.59    14.2331  1026.3510    35.4140 0.0000e+00
