Pos-Processados/process_op41/Processamento_split/up/uoperantar41_001.cnv
* Sea-Bird SBE 9 Data File:
* FileName = C:\Users\Dell\Desktop\Operantar XLI\Raw\OP41001.hdr
* Software Version Seasave V 7.26.7.110
* Temperature SN = 6497
* Conductivity SN = 4954
* Number of Bytes Per Scan = 31
* Number of Voltage Words = 2
* Number of Scans Averaged by the Deck Unit = 1
* NMEA Latitude = 36 40.13 S
* NMEA Longitude = 048 37.58 W
* NMEA UTC (Time) = Oct 17 2022 11:05:04
* NMEA baud rate = 4800
** H41
** Navio Polar Almirante Maximiano
** LH-021/2022
** Operantar XLI
** Número da Estação 001 LR
** Latitude 36 40.147S
** Longitude 048 37.579W
** Data/Hora (Z) 1105Z
** Profundidade local 4900m
** 09-1439
** Nome do Operador CT Garla
# nquan = 30
# nvalues = 4841                        
# units = specified
# name 0 = scan: Scan Count
# name 1 = timeJ: Julian Days
# name 2 = latitude: Latitude [deg]
# name 3 = longitude: Longitude [deg]
# name 4 = dz/dtM: Descent Rate [m/s]
# name 5 = avgsvCM: Average Sound Velocity [Chen-Millero, m/s]
# name 6 = prDM: Pressure, Digiquartz [db]
# name 7 = depSM: Depth [salt water, m]
# name 8 = t090C: Temperature [ITS-90, deg C]
# name 9 = t190C: Temperature, 2 [ITS-90, deg C]
# name 10 = T2-T190C: Temperature Difference, 2 - 1 [ITS-90, deg C]
# name 11 = potemp090C: Potential Temperature [ITS-90, deg C]
# name 12 = potemp190C: Potential Temperature, 2 [ITS-90, deg C]
# name 13 = potemp90Cdiff: Potential Temperature, Diff, 2 - 1 [ITS-90, deg C]
# name 14 = c0S/m: Conductivity [S/m]
# name 15 = c1S/m: Conductivity, 2 [S/m]
# name 16 = C2-C1S/m: Conductivity Difference, 2 - 1 [S/m]
# name 17 = sal00: Salinity, Practical [PSU]
# name 18 = sal11: Salinity, Practical, 2 [PSU]
# name 19 = sbeox0ML/L: Oxygen, SBE 43 [ml/l]
# name 20 = sigma-é00: Density [sigma-theta, kg/m^3]
# name 21 = sigma-é11: Density, 2 [sigma-theta, kg/m^3]
# name 22 = sal00: Salinity, Practical [PSU]
# name 23 = sigma-é00: Density [sigma-theta, kg/m^3]
# name 24 = svCM: Sound Velocity [Chen-Millero, m/s]
# name 25 = svCM1: Sound Velocity, 2 [Chen-Millero, m/s]
# name 26 = gsw_ptA0: potential temperature [ITS-90, deg C]
# name 27 = gsw_densityA0: density, TEOS-10 [density, kg/m^3]
# name 28 = gsw_saA0: Absolute Salinity [g/kg]
# name 29 = flag:
# span 0 =     187536,     312573       
# span 1 = 290.552291, 290.612590       
# span 2 =  -36.66900,  -36.66882       
# span 3 =  -48.62664,  -48.62640       
# span 4 =     -1.927,     -0.055       
# span 5 =    1506.64,    1506.64       
# span 6 =      3.000,   4843.000       
# span 7 =      2.963,   4753.421       
# span 8 =     0.2582,    17.5527       
# span 9 =     0.2581,    17.5530       
# span 10 =    -0.1022,     0.0624      
# span 11 =    -0.1083,    17.5520      
# span 12 =    -0.1083,    17.5523      
# span 13 =    -0.1018,     0.0621      
# span 14 =   3.083500,   4.673440      
# span 15 =   3.083491,   4.673361      
# span 16 =  -0.010669,   0.006480      
# span 17 =    34.1886,    36.1095      
# span 18 =    34.1889,    36.1083      
# span 19 =     4.0405,     5.7734      
# span 20 =    26.2325,    27.8431      
# span 21 =    26.2316,    27.8434      
# span 22 =    34.1883,    36.1094      
# span 23 =    26.2325,    27.8430      
# span 24 =    1484.37,    1531.95      
# span 25 =    1484.37,    1531.95      
# span 26 =    -0.1085,    17.5520      
# span 27 =  1026.2501,  1049.7135      
# span 28 =    34.3516,    36.2799      
# span 29 = 0.0000e+00, 0.0000e+00      
# interval = decibars: 1                
# start_time = Oct 17 2022 11:05:04 [NMEA time, header]
# bad_flag = -9.990e-29
*END*
[from data line 677]
     205597 290.561001  -36.66896  -48.62646     -1.300    1506.64   4166.000   4095.168     0.5625     0.5635     0.0010     0.2528     0.2539     0.0010   3.095142   3.095249   0.000110    34.6829    34.6832     4.7790    27.8364    27.8366    34.6836    27.8370    1521.49    1521.49     0.2527  1046.7533    34.8563 0.0000e+00
     205620 290.561012  -36.66896  -48.62646     -1.120    1506.64   4165.000   4094.194     0.5673     0.5659    -0.0013     0.2576     0.2563    -0.0013   3.095547   3.095445  -0.000105    34.6833    34.6833     4.7246    27.8364    27.8366    34.6839    27.8370    1521.49    1521.49     0.2574  1046.7485    34.8566 0.0000e+00
     205646 290.561025  -36.66896  -48.62646     -0.963    1506.64   4164.000   4093.220     0.5682     0.5692     0.0009     0.2586     0.2596     0.0009   3.095595   3.095685   0.000100    34.6832    34.6834     4.7561    27.8364    27.8365    34.6839    27.8369    1521.48    1521.48     0.2584  1046.7439    34.8566 0.0000e+00
     205668 290.561036  -36.66896  -48.62646     -0.989    1506.64   4163.000   4092.246     0.5709     0.5707    -0.0002     0.2614     0.2611    -0.0002   3.095800   3.095802 7.4414e-07    34.6834    34.6837     4.7583    27.8364    27.8366    34.6841    27.8369    1521.48    1521.47     0.2612  1046.7392    34.8567 0.0000e+00
     205688 290.561045  -36.66896  -48.62646     -1.124    1506.64   4162.000   4091.273     0.5718     0.5717    -0.0001     0.2623     0.2623    -0.0001   3.095835   3.095840   0.000006    34.6834    34.6836     4.7360    27.8364    27.8365    34.6840    27.8368    1521.46    1521.46     0.2621  1046.7347    34.8567 0.0000e+00
     205706 290.561054  -36.66894  -48.62646     -1.247    1506.64   4161.000   4090.299     0.5724     0.5725     0.0001     0.2630     0.2631     0.0001   3.095838   3.095871   0.000034    34.6834    34.6837     4.7459    27.8363    27.8365    34.6838    27.8366    1521.45    1521.45     0.2628  1046.7301    34.8565 0.0000e+00
     205724 290.561062  -36.66894  -48.62646     -1.320    1506.64   4160.000   4089.325     0.5727     0.5726    -0.0000     0.2634     0.2633    -0.0000   3.095843   3.095851   0.000008    34.6835    34.6837     4.7590    27.8364    27.8365    34.6840    27.8367    1521.43    1521.43     0.2632  1046.7259    34.8567 0.0000e+00
     205742 290.561071  -36.66894  -48.62646     -1.333    1506.64   4159.000   4088.351     0.5733     0.5729    -0.0003     0.2640     0.2637    -0.0003   3.095871   3.095842  -0.000030    34.6838    34.6837     4.7566    27.8365    27.8365    34.6841    27.8368    1521.41    1521.41     0.2638  1046.7216    34.8568 0.0000e+00
     205762 290.561081  -36.66894  -48.62644     -1.285    1506.64   4158.000   4087.378     0.5738     0.5737    -0.0000     0.2646     0.2646    -0.0000   3.095863   3.095888   0.000022    34.6836    34.6839     4.7223    27.8363    27.8366    34.6839    27.8366    1521.40    1521.40     0.2645  1046.7169    34.8566 0.0000e+00
     205785 290.561092  -36.66894  -48.62644     -1.149    1506.64   4157.000   4086.404     0.5739     0.5739     0.0000     0.2649     0.2649     0.0000   3.095842   3.095863   0.000023    34.6837    34.6840     4.7505    27.8364    27.8366    34.6840    27.8366    1521.38    1521.38     0.2646  1046.7126    34.8567 0.0000e+00
     205813 290.561105  -36.66894  -48.62644     -0.926    1506.64   4156.000   4085.430     0.5748     0.5747    -0.0001     0.2658     0.2658    -0.0001   3.095900   3.095899   0.000004    34.6837    34.6839     4.7521    27.8364    27.8365    34.6842    27.8367    1521.37    1521.37     0.2656  1046.7083    34.8568 0.0000e+00
     205842 290.561119  -36.66894  -48.62644     -0.801    1506.64   4155.000   4084.456     0.5758     0.5751    -0.0007     0.2669     0.2663    -0.0007   3.095934   3.095897  -0.000044    34.6837    34.6838     4.7270    27.8363    27.8364    34.6839    27.8364    1521.36    1521.35     0.2668  1046.7036    34.8566 0.0000e+00
     205865 290.561131  -36.66894  -48.62644     -0.917    1506.64   4154.000   4083.482     0.5756     0.5759     0.0003     0.2669     0.2671     0.0003   3.095904   3.095946   0.000041    34.6839    34.6840     4.7529    27.8364    27.8365    34.6842    27.8367    1521.34    1521.34     0.2666  1046.6995    34.8569 0.0000e+00
     205885 290.561140  -36.66894  -48.62644     -1.111    1506.64   4153.000   4082.509     0.5766     0.5779     0.0014     0.2679     0.2692     0.0014   3.095964   3.096094   0.000126    34.6840    34.6841     4.7519    27.8365    27.8365    34.6843    27.8367    1521.33    1521.33     0.2677  1046.6951    34.8570 0.0000e+00
     205902 290.561148  -36.66894  -48.62644     -1.270    1506.64   4152.000   4081.535     0.5783     0.5791     0.0008     0.2697     0.2704     0.0008   3.096090   3.096152   0.000065    34.6840    34.6840     4.7335    27.8364    27.8364    34.6845    27.8368    1521.32    1521.32     0.2695  1046.6905    34.8572 0.0000e+00
     205920 290.561157  -36.66896  -48.62644     -1.350    1506.64   4151.000   4080.561     0.5797     0.5803     0.0006     0.2711     0.2717     0.0006   3.096167   3.096235   0.000059    34.6841    34.6841     4.7181    27.8364    27.8364    34.6844    27.8366    1521.30    1521.31     0.2709  1046.6859    34.8570 0.0000e+00
     205939 290.561166  -36.66895  -48.62645     -1.336    1506.64   4150.000   4079.587     0.5808     0.5809     0.0002     0.2723     0.2724     0.0002   3.096227   3.096248   0.000027    34.6840    34.6842     4.7516    27.8363    27.8364    34.6844    27.8365    1521.29    1521.29     0.2721  1046.6814    34.8570 0.0000e+00
     205960 290.561176  -36.66894  -48.62646     -1.235    1506.64   4149.000   4078.613     0.5811     0.5812     0.0002     0.2726     0.2728     0.0002   3.096209   3.096243   0.000033    34.6841    34.6843     4.7568    27.8363    27.8364    34.6843    27.8364    1521.28    1521.28     0.2725  1046.6769    34.8569 0.0000e+00
     205983 290.561187  -36.66894  -48.62645     -1.089    1506.64   4148.000   4077.640     0.5814     0.5812    -0.0002     0.2731     0.2729    -0.0002   3.096204   3.096197  -0.000006    34.6840    34.6842     4.7280    27.8362    27.8363    34.6843    27.8364    1521.26    1521.26     0.2729  1046.6725    34.8570 0.0000e+00
     206008 290.561199  -36.66894  -48.62644     -0.991    1506.64   4147.000   4076.666     0.5818     0.5823     0.0005     0.2736     0.2741     0.0005   3.096220   3.096280   0.000053    34.6842    34.6843     4.7402    27.8363    27.8364    34.6845    27.8365    1521.24    1521.25     0.2734  1046.6682    34.8571 0.0000e+00
     206030 290.561210  -36.66894  -48.62644     -1.016    1506.64   4146.000   4075.692     0.5823     0.5828     0.0004     0.2742     0.2746     0.0004   3.096238   3.096280   0.000052    34.6842    34.6844     4.7517    27.8363    27.8364    34.6846    27.8366    1521.23    1521.23     0.2740  1046.6638    34.8572 0.0000e+00
     206050 290.561220  -36.66894  -48.62644     -1.115    1506.64   4145.000   4074.718     0.5846     0.5845    -0.0001     0.2765     0.2765    -0.0001   3.096401   3.096415   0.000006    34.6843    34.6844     4.7395    27.8362    27.8364    34.6846    27.8365    1521.22    1521.22     0.2763  1046.6592    34.8573 0.0000e+00
     206068 290.561228  -36.66894  -48.62644     -1.224    1506.64   4144.000   4073.745     0.5862     0.5869     0.0006     0.2782     0.2788     0.0006   3.096518   3.096602   0.000084    34.6843    34.6846     4.7239    27.8361    27.8364    34.6848    27.8365    1521.21    1521.22     0.2780  1046.6547    34.8574 0.0000e+00
     206087 290.561237  -36.66894  -48.62644     -1.302    1506.64   4143.000   4072.770     0.5877     0.5883     0.0006     0.2797     0.2803     0.0006   3.096615   3.096686   0.000068    34.6845    34.6846     4.7366    27.8362    27.8363    34.6849    27.8365    1521.20    1521.21     0.2795  1046.6502    34.8575 0.0000e+00
     206105 290.561246  -36.66894  -48.62644     -1.311    1506.64   4142.000   4071.797     0.5889     0.5892     0.0003     0.2810     0.2813     0.0003   3.096683   3.096728   0.000047    34.6844    34.6847     4.7499    27.8361    27.8363    34.6848    27.8364    1521.19    1521.19     0.2808  1046.6456    34.8575 0.0000e+00
     206126 290.561256  -36.66894  -48.62644     -1.239    1506.64   4141.000   4070.823     0.5899     0.5900     0.0001     0.2821     0.2822     0.0001   3.096741   3.096752   0.000019    34.6845    34.6846     4.7210    27.8361    27.8362    34.6849    27.8364    1521.18    1521.18     0.2819  1046.6411    34.8575 0.0000e+00
     206148 290.561267  -36.66894  -48.62644     -1.137    1506.64   4140.000   4069.849     0.5918     0.5917    -0.0001     0.2840     0.2839    -0.0001   3.096894   3.096899  -0.000002    34.6847    34.6848     4.7317    27.8361    27.8362    34.6852    27.8365    1521.17    1521.17     0.2838  1046.6367    34.8579 0.0000e+00
     206170 290.561277  -36.66894  -48.62644     -1.089    1506.64   4139.000   4068.875     0.5935     0.5938     0.0003     0.2858     0.2861     0.0003   3.097014   3.097052   0.000038    34.6847    34.6849     4.7637    27.8360    27.8361    34.6853    27.8366    1521.16    1521.16     0.2856  1046.6322    34.8580 0.0000e+00
     206190 290.561287  -36.66894  -48.62644     -1.133    1506.64   4138.000   4067.901     0.5964     0.5971     0.0007     0.2887     0.2894     0.0007   3.097226   3.097302   0.000070    34.6848    34.6848     4.7304    27.8359    27.8359    34.6852    27.8363    1521.15    1521.16     0.2885  1046.6272    34.8579 0.0000e+00
     206209 290.561296  -36.66894  -48.62644     -1.205    1506.64   4137.000   4066.928     0.5976     0.5981     0.0005     0.2900     0.2905     0.0005   3.097299   3.097348   0.000059    34.6848    34.6851     4.7113    27.8359    27.8360    34.6853    27.8363    1521.14    1521.15     0.2898  1046.6227    34.8579 0.0000e+00
     206230 290.561306  -36.66894  -48.62644     -1.219    1506.64   4136.000   4065.953     0.5980     0.5979    -0.0001     0.2905     0.2904    -0.0001   3.097292   3.097317   0.000020    34.6849    34.6852     4.7413    27.8359    27.8362    34.6852    27.8362    1521.13    1521.13     0.2903  1046.6183    34.8579 0.0000e+00
     206254 290.561318  -36.66894  -48.62644     -1.098    1506.64   4135.000   4064.980     0.5983     0.5983     0.0000     0.2909     0.2909     0.0000   3.097297   3.097319   0.000025    34.6850    34.6853     4.7484    27.8360    27.8362    34.6854    27.8363    1521.11    1521.11     0.2907  1046.6140    34.8580 0.0000e+00
     206282 290.561332  -36.66894  -48.62644     -0.885    1506.64   4134.000   4064.006     0.5983     0.5985     0.0002     0.2909     0.2911     0.0002   3.097251   3.097276   0.000024    34.6851    34.6852     4.7096    27.8360    27.8361    34.6853    27.8362    1521.09    1521.09     0.2907  1046.6096    34.8580 0.0000e+00
     206309 290.561345  -36.66894  -48.62644     -0.846    1506.64   4133.000   4063.032     0.5984     0.5987     0.0003     0.2912     0.2915     0.0003   3.097234   3.097277   0.000040    34.6851    34.6853     4.7497    27.8361    27.8362    34.6853    27.8362    1521.08    1521.08     0.2910  1046.6052    34.8580 0.0000e+00
     206330 290.561355  -36.66894  -48.62644     -1.002    1506.64   4132.000   4062.058     0.5992     0.5999     0.0006     0.2921     0.2927     0.0006   3.097287   3.097361   0.000073    34.6851    34.6853     4.7329    27.8360    27.8361    34.6855    27.8363    1521.06    1521.07     0.2919  1046.6009    34.8582 0.0000e+00
     206347 290.561363  -36.66893  -48.62644     -1.201    1506.64   4131.000   4061.084     0.6016     0.6026     0.0010     0.2945     0.2955     0.0010   3.097495   3.097596   0.000092    34.6854    34.6855     4.7058    27.8361    27.8361    34.6860    27.8366    1521.06    1521.06     0.2943  1046.5965    34.8587 0.0000e+00
     206364 290.561371  -36.66892  -48.62644     -1.364    1506.64   4130.000   4060.110     0.6046     0.6055     0.0009     0.2975     0.2984     0.0009   3.097706   3.097783   0.000100    34.6853    34.6856     4.7273    27.8358    27.8360    34.6859    27.8363    1521.05    1521.06     0.2973  1046.5916    34.8585 0.0000e+00
     206380 290.561379  -36.66892  -48.62644     -1.454    1506.64   4129.000   4059.136     0.6065     0.6065     0.0000     0.2995     0.2995    -0.0000   3.097835   3.097863   0.000009    34.6854    34.6856     4.7450    27.8359    27.8360    34.6859    27.8362    1521.05    1521.05     0.2993  1046.5869    34.8585 0.0000e+00
     206398 290.561387  -36.66892  -48.62643     -1.445    1506.64   4128.000   4058.162     0.6082     0.6087     0.0005     0.3012     0.3016     0.0004   3.097942   3.097994   0.000052    34.6854    34.6855     4.7375    27.8357    27.8358    34.6859    27.8361    1521.04    1521.04     0.3010  1046.5823    34.8585 0.0000e+00
     206418 290.561397  -36.66892  -48.62642     -1.317    1506.64   4127.000   4057.189     0.6096     0.6100     0.0003     0.3027     0.3030     0.0003   3.098052   3.098095   0.000042    34.6856    34.6857     4.7180    27.8358    27.8359    34.6861    27.8362    1521.02    1521.03     0.3025  1046.5779    34.8587 0.0000e+00
     206444 290.561410  -36.66893  -48.62642     -1.050    1506.64   4126.000   4056.215     0.6104     0.6108     0.0004     0.3035     0.3039     0.0004   3.098076   3.098107   0.000040    34.6857    34.6857     4.7352    27.8358    27.8358    34.6861    27.8361    1521.01    1521.01     0.3033  1046.5734    34.8587 0.0000e+00
     206474 290.561424  -36.66893  -48.62642     -0.813    1506.64   4125.000   4055.241     0.6112     0.6109    -0.0004     0.3045     0.3041    -0.0004   3.098115   3.098098  -0.000020    34.6857    34.6858     4.7295    27.8358    27.8359    34.6860    27.8360    1521.00    1520.99     0.3043  1046.5689    34.8587 0.0000e+00
     206500 290.561436  -36.66892  -48.62644     -0.857    1506.64   4124.000   4054.267     0.6119     0.6123     0.0004     0.3053     0.3056     0.0003   3.098133   3.098203   0.000058    34.6856    34.6860     4.7145    27.8356    27.8359    34.6859    27.8359    1520.98    1520.98     0.3051  1046.5643    34.8586 0.0000e+00
     206520 290.561446  -36.66892  -48.62644     -1.032    1506.64   4123.000   4053.293     0.6134     0.6144     0.0010     0.3068     0.3078     0.0009   3.098260   3.098342   0.000095    34.6857    34.6858     4.7489    27.8356    27.8357    34.6863    27.8362    1520.97    1520.98     0.3066  1046.5601    34.8590 0.0000e+00
     206539 290.561455  -36.66892  -48.62644     -1.190    1506.64   4122.000   4052.319     0.6157     0.6164     0.0006     0.3092     0.3098     0.0006   3.098420   3.098471   0.000047    34.6859    34.6858     4.7334    27.8357    27.8356    34.6863    27.8360    1520.96    1520.97     0.3089  1046.5553    34.8589 0.0000e+00
     206558 290.561464  -36.66892  -48.62644     -1.275    1506.64   4121.000   4051.345     0.6165     0.6173     0.0007     0.3100     0.3108     0.0007   3.098442   3.098526   0.000084    34.6858    34.6861     4.6921    27.8355    27.8357    34.6862    27.8358    1520.95    1520.95     0.3098  1046.5507    34.8588 0.0000e+00
     206576 290.561473  -36.66892  -48.62644     -1.290    1506.64   4120.000   4050.371     0.6175     0.6181     0.0006     0.3111     0.3117     0.0006   3.098514   3.098589   0.000069    34.6861    34.6863     4.7135    27.8357    27.8358    34.6864    27.8360    1520.94    1520.94     0.3109  1046.5464    34.8591 0.0000e+00
     206597 290.561483  -36.66892  -48.62642     -1.245    1506.64   4119.000   4049.397     0.6183     0.6189     0.0006     0.3120     0.3126     0.0006   3.098557   3.098610   0.000059    34.6861    34.6862     4.7461    27.8357    27.8357    34.6865    27.8360    1520.93    1520.93     0.3118  1046.5420    34.8592 0.0000e+00
