Pos-Processados/process_op41/Processamento_split/up/uoperantar41_009.cnv
* Sea-Bird SBE 9 Data File:
* FileName = C:\Users\Dell\Desktop\OperantarXLI\config\00_BRUTOS\OPE41009.hdr
* Software Version Seasave V 7.26.7.110
* Temperature SN = 6497
* Conductivity SN = 4954
* Number of Bytes Per Scan = 31
* Number of Voltage Words = 2
* Number of Scans Averaged by the Deck Unit = 1
* NMEA Latitude = 42 49.84 S
* NMEA Longitude = 052 15.44 W
* NMEA UTC (Time) = Oct 23 2022 04:30:44
* NMEA baud rate = 4800
** H41
** Navio Polar Almirante Maximiano
** LH-021/2022
** Operantar XLI
** Número da Estação 009
** Latitude 42 49.421' S
** Longitude 52 14.906' W
** Data/Hora (Z) 23/10/2022 0403Z
** Profundidade local 5745 m
** 09-1439
** Nome do Operador CT Garla
# nquan = 30
# nvalues = 1026                        
# units = specified
# name 0 = scan: Scan Count
# name 1 = timeJ: Julian Days
# name 2 = latitude: Latitude [deg]
# name 3 = longitude: Longitude [deg]
# name 4 = dz/dtM: Descent Rate [m/s]
# name 5 = avgsvCM: Average Sound Velocity [Chen-Millero, m/s]
# name 6 = prDM: Pressure, Digiquartz [db]
# name 7 = depSM: Depth [salt water, m]
# name 8 = t090C: Temperature [ITS-90, deg C]
# name 9 = t190C: Temperature, 2 [ITS-90, deg C]
# name 10 = T2-T190C: Temperature Difference, 2 - 1 [ITS-90, deg C]
# name 11 = potemp090C: Potential Temperature [ITS-90, deg C]
# name 12 = potemp190C: Potential Temperature, 2 [ITS-90, deg C]
# name 13 = potemp90Cdiff: Potential Temperature, Diff, 2 - 1 [ITS-90, deg C]
# name 14 = c0S/m: Conductivity [S/m]
# name 15 = c1S/m: Conductivity, 2 [S/m]
# name 16 = C2-C1S/m: Conductivity Difference, 2 - 1 [S/m]
# name 17 = sal00: Salinity, Practical [PSU]
# name 18 = sal11: Salinity, Practical, 2 [PSU]
# name 19 = sbeox0ML/L: Oxygen, SBE 43 [ml/l]
# name 20 = sigma-é00: Density [sigma-theta, kg/m^3]
# name 21 = sigma-é11: Density, 2 [sigma-theta, kg/m^3]
# name 22 = sal00: Salinity, Practical [PSU]
# name 23 = sigma-é00: Density [sigma-theta, kg/m^3]
# name 24 = svCM: Sound Velocity [Chen-Millero, m/s]
# name 25 = svCM1: Sound Velocity, 2 [Chen-Millero, m/s]
# name 26 = gsw_ptA0: potential temperature [ITS-90, deg C]
# name 27 = gsw_densityA0: density, TEOS-10 [density, kg/m^3]
# name 28 = gsw_saA0: Absolute Salinity [g/kg]
# name 29 = flag:
# span 0 =      28756,      61199       
# span 1 = 296.201877, 296.217522       
# span 2 =  -42.84097,  -42.83555       
# span 3 =  -52.27886,  -52.26879       
# span 4 =     -1.745,     -0.096       
# span 5 =    1493.17,    1493.57       
# span 6 =      3.000,   1028.000       
# span 7 =      2.983,   1017.340       
# span 8 =     3.5805,    14.5355       
# span 9 =     3.5837,    14.5357       
# span 10 =    -0.0683,     0.1485      
# span 11 =     3.5068,    14.5350      
# span 12 =     3.5100,    14.5353      
# span 13 =    -0.0681,     0.1480      
# span 14 =   3.196055,   4.301278      
# span 15 =   3.196236,   4.301260      
# span 16 =  -0.007079,   0.015118      
# span 17 =    34.1626,    35.6141      
# span 18 =    34.1631,    35.6133      
# span 19 =     4.9326,     6.0326      
# span 20 =    26.4617,    27.1984      
# span 21 =    26.4609,    27.1983      
# span 22 =    34.1636,    35.6142      
# span 23 =    26.4620,    27.1987      
# span 24 =    1480.60,    1510.52      
# span 25 =    1480.60,    1510.53      
# span 26 =     3.5067,    14.5350      
# span 27 =  1026.4798,  1031.9452      
# span 28 =    34.3250,    35.7828      
# span 29 = 0.0000e+00, 0.0000e+00      
# interval = decibars: 1                
# start_time = Oct 23 2022 04:30:44 [NMEA time, header]
# bad_flag = -9.990e-29
*END*
[from data line 532]
      43112 296.208800  -42.83774  -52.27256     -1.419    1493.18    496.000    491.483     7.8890     7.8656    -0.0234     7.8387     7.8154    -0.0233   3.582471   3.580102  -0.002005    34.4388    34.4403     5.2428    26.8570    26.8616    34.4564    26.8708    1489.54    1489.45     7.8386  1029.1216    34.6200 0.0000e+00
      43133 296.208810  -42.83776  -52.27258     -1.313    1493.18    495.000    490.493     7.9060     7.8899    -0.0161     7.8557     7.8397    -0.0160   3.583390   3.582112  -0.001564    34.4422    34.4412     5.2339    26.8572    26.8588    34.4500    26.8633    1489.58    1489.52     7.8556  1029.1094    34.6137 0.0000e+00
      43159 296.208822  -42.83776  -52.27258     -1.046    1493.18    494.000    489.503     7.8691     7.9552     0.0861     7.8190     7.9048     0.0858   3.579123   3.589306   0.009108    34.4379    34.4508     5.2450    26.8591    26.8567    34.4410    26.8616    1489.41    1489.77     7.8189  1029.1037    34.6046 0.0000e+00
      43196 296.208840  -42.83776  -52.27260     -0.676    1493.18    493.000    488.514     7.8575     8.0060     0.1485     7.8076     7.9556     0.1480   3.579431   3.593998   0.014763    34.4444    34.4566     5.2277    26.8660    26.8537    34.4561    26.8751    1489.37    1489.95     7.8075  1029.1128    34.6198 0.0000e+00
      43235 296.208859  -42.83776  -52.27261     -0.605    1493.18    492.000    487.524     7.9668     8.0169     0.0501     7.9166     7.9665     0.0499   3.589787   3.595340   0.005669    34.4497    34.4611     5.2201    26.8540    26.8556    34.4602    26.8623    1489.77    1489.98     7.9164  1029.0942    34.6239 0.0000e+00
      43267 296.208875  -42.83776  -52.27262     -0.715    1493.18    491.000    486.534     8.0633     8.0654     0.0021     8.0128     8.0149     0.0021   3.600121   3.600453   0.000579    34.4632    34.4673     5.2179    26.8503    26.8532    34.4764    26.8607    1490.14    1490.15     8.0127  1029.0870    34.6402 0.0000e+00
      43293 296.208887  -42.83776  -52.27262     -0.859    1493.18    490.000    485.544     8.1068     8.1006    -0.0062     8.0562     8.0500    -0.0062   3.604481   3.603897  -0.000431    34.4697    34.4712     5.2178    26.8489    26.8510    34.4808    26.8576    1490.30    1490.27     8.0561  1029.0789    34.6445 0.0000e+00
      43315 296.208898  -42.83777  -52.27263     -1.008    1493.18    489.000    484.555     8.1374     8.1363    -0.0011     8.0868     8.0857    -0.0011   3.607684   3.607555   0.000096    34.4734    34.4755     5.2063    26.8473    26.8491    34.4854    26.8567    1490.40    1490.40     8.0867  1029.0731    34.6492 0.0000e+00
      43335 296.208907  -42.83778  -52.27264     -1.135    1493.18    488.000    483.565     8.1874     8.1674    -0.0200     8.1368     8.1169    -0.0199   3.612966   3.611206  -0.001778    34.4800    34.4806     5.1878    26.8449    26.8484    34.4930    26.8552    1490.58    1490.51     8.1367  1029.0665    34.6568 0.0000e+00
      43356 296.208917  -42.83778  -52.27264     -1.180    1493.18    487.000    482.575     8.2123     8.2083    -0.0040     8.1617     8.1577    -0.0040   3.615208   3.614993  -0.000171    34.4838    34.4859     5.1765    26.8442    26.8464    34.4930    26.8513    1490.66    1490.65     8.1616  1029.0579    34.6568 0.0000e+00
      43381 296.208929  -42.83778  -52.27266     -1.066    1493.18    486.000    481.585     8.2262     8.2294     0.0032     8.1756     8.1789     0.0032   3.616379   3.617012   0.000477    34.4861    34.4880     5.1782    26.8438    26.8449    34.4923    26.8487    1490.70    1490.71     8.1755  1029.0507    34.6561 0.0000e+00
      43415 296.208946  -42.83779  -52.27267     -0.748    1493.18    485.000    480.596     8.1722     8.2092     0.0370     8.1219     8.1588     0.0369   3.611178   3.614750   0.003495    34.4857    34.4866     5.1743    26.8516    26.8468    34.4903    26.8553    1490.47    1490.61     8.1218  1029.0533    34.6542 0.0000e+00
      43446 296.208961  -42.83780  -52.27268     -0.704    1493.18    484.000    479.606     8.2144     8.2411     0.0266     8.1641     8.1907     0.0265   3.616164   3.618775   0.002881    34.4883    34.4928     5.1564    26.8473    26.8469    34.5025    26.8585    1490.63    1490.73     8.1640  1029.0515    34.6663 0.0000e+00
      43467 296.208971  -42.83780  -52.27268     -0.952    1493.18    483.000    478.616     8.3411     8.3321    -0.0090     8.2905     8.2815    -0.0089   3.628949   3.628396  -0.000512    34.5013    34.5046     5.1486    26.8384    26.8423    34.5148    26.8490    1491.11    1491.08     8.2903  1029.0357    34.6782 0.0000e+00
      43485 296.208979 -9.990e-29  -52.27268     -1.187    1493.18    482.000    477.626     8.3675     8.3642    -0.0034     8.3169     8.3136    -0.0034   3.631324   3.631153  -0.000118    34.5049    34.5070     5.1581    26.8372    26.8393    34.5146    26.8448    1491.19    1491.18     8.3168  1029.0265    34.6777 0.0000e+00
      43503 296.208988 -9.990e-29  -52.27269     -1.322    1493.18    481.000    476.637     8.3824     8.3754    -0.0070     8.3318     8.3248    -0.0070   3.632855   3.632137  -0.000539    34.5074    34.5085     5.1555    26.8368    26.8388    34.5168    26.8442    1491.23    1491.20     8.3317  1029.0212    34.6799 0.0000e+00
      43524 296.208999 -9.990e-29  -52.27270     -1.247    1493.18    480.000    475.647     8.3916     8.3969     0.0053     8.3411     8.3463     0.0053   3.633576   3.634726   0.000748    34.5097    34.5125     5.1371    26.8373    26.8386    34.5159    26.8421    1491.25    1491.27     8.3410  1029.0146    34.6790 0.0000e+00
      43563 296.209017 -9.990e-29  -52.27271     -0.737    1493.18    479.000    474.657     8.3726     8.4315     0.0589     8.3223     8.3810     0.0587   3.631777   3.637816   0.005800    34.5097    34.5135     5.1253    26.8401    26.8341    34.5158    26.8449    1491.16    1491.39     8.3222  1029.0131    34.6789 0.0000e+00
      43610 296.209040 -9.990e-29  -52.27272     -0.455    1493.18    478.000    473.667     8.4862     8.5007     0.0145     8.4356     8.4500     0.0144   3.643479   3.644734   0.001864    34.5177    34.5232     5.1234    26.8290    26.8311    34.5291    26.8380    1491.58    1491.64     8.4355  1029.0004    34.6923 0.0000e+00
      43636 296.209052 -9.990e-29  -52.27274     -0.772    1493.18    477.000    472.677     8.6856     8.6779    -0.0077     8.6344     8.6267    -0.0077   3.666300   3.666907   0.000176    34.5426    34.5519     5.1016    26.8177    26.8261    34.5759    26.8438    1492.37    1492.36     8.6342  1028.9995    34.7392 0.0000e+00
      43655 296.209062 -9.990e-29  -52.27274     -1.051    1493.18    476.000    471.688     8.7677     8.7837     0.0160     8.7163     8.7322     0.0159   3.673605   3.674653   0.001669    34.5521    34.5541     5.0988    26.8123    26.8114    34.5731    26.8288    1492.65    1492.71     8.7162  1028.9792    34.7365 0.0000e+00
      43674 296.209071  -42.83784  -52.27275     -1.230    1493.18    475.000    470.698     8.8225     8.8046    -0.0179     8.7710     8.7532    -0.0178   3.678817   3.676966  -0.001619    34.5579    34.5583     5.1037    26.8083    26.8114    34.5749    26.8216    1492.84    1492.77     8.7709  1028.9675    34.7391 0.0000e+00
      43696 296.209081  -42.83784  -52.27276     -1.208    1493.18    474.000    469.708     8.8449     8.8372    -0.0077     8.7935     8.7858    -0.0077   3.680692   3.680180  -0.000772    34.5629    34.5623     5.0844    26.8087    26.8094    34.5733    26.8168    1492.91    1492.88     8.7934  1028.9580    34.7374 0.0000e+00
      43723 296.209094  -42.83785  -52.27277     -0.975    1493.18    473.000    468.718     8.8283     8.8486     0.0203     8.7770     8.7973     0.0203   3.678891   3.681279   0.002251    34.5625    34.5663     5.0504    26.8109    26.8107    34.5710    26.8176    1492.83    1492.91     8.7769  1028.9545    34.7352 0.0000e+00
      43754 296.209109  -42.83786  -52.27278     -0.787    1493.18    472.000    467.728     8.8387     8.8747     0.0360     8.7875     8.8233     0.0358   3.680358   3.684071   0.003791    34.5653    34.5701     5.0248    26.8115    26.8096    34.5767    26.8205    1492.86    1492.99     8.7874  1028.9527    34.7409 0.0000e+00
      43782 296.209123  -42.83786  -52.27278     -0.831    1493.18    471.000    466.738     8.9018     8.9067     0.0049     8.8505     8.8553     0.0049   3.687555   3.687579   0.000548    34.5731    34.5741     5.0236    26.8076    26.8077    34.5912    26.8219    1493.09    1493.10     8.8504  1028.9490    34.7555 0.0000e+00
      43807 296.209135  -42.83786  -52.27280     -0.918    1493.18    470.000    465.749     9.0091     8.9969    -0.0122     8.9575     8.9454    -0.0121   3.698099   3.697463  -0.000894    34.5856    34.5882     5.0183    26.8005    26.8043    34.5978    26.8100    1493.48    1493.44     8.9574  1028.9315    34.7621 0.0000e+00
      43833 296.209147  -42.83786  -52.27280     -0.934    1493.18    469.000    464.759     9.0225     9.0268     0.0043     8.9710     8.9752     0.0043   3.699271   3.699876   0.000311    34.5893    34.5884     5.0331    26.8012    26.7998    34.5975    26.8076    1493.51    1493.53     8.9709  1028.9245    34.7618 0.0000e+00
      43863 296.209162  -42.83786  -52.27281     -0.847    1493.18    468.000    463.769     8.9945     9.0384     0.0439     8.9432     8.9869     0.0437   3.696248   3.700852   0.004452    34.5870    34.5909     5.0396    26.8038    26.7999    34.5935    26.8089    1493.39    1493.55     8.9431  1028.9216    34.7577 0.0000e+00
      43893 296.209176  -42.83787  -52.27282     -0.792    1493.18    467.000    462.779     9.0551     9.0631     0.0081     9.0036     9.0117     0.0080   3.703433   3.703913   0.001023    34.5945    34.5973     5.0187    26.8000    26.8010    34.6102    26.8123    1493.61    1493.64     9.0035  1028.9199    34.7746 0.0000e+00
      43920 296.209189  -42.83788  -52.27283     -0.851    1493.18    466.000    461.789     9.1353     9.1402     0.0048     9.0837     9.0886     0.0048   3.711747   3.712719   0.000855    34.6048    34.6090     5.0180    26.7952    26.7977    34.6195    26.8067    1493.90    1493.93     9.0836  1028.9090    34.7839 0.0000e+00
      43944 296.209201  -42.83788  -52.27284     -0.954    1493.18    465.000    460.800     9.2345     9.2067    -0.0278     9.1826     9.1549    -0.0277   3.722106   3.719193  -0.002564    34.6160    34.6163     5.0263    26.7880    26.7927    34.6317    26.8003    1494.27    1494.16     9.1825  1028.8970    34.7961 0.0000e+00
      43968 296.209213  -42.83789  -52.27284     -0.991    1493.18    464.000    459.810     9.2888     9.2717    -0.0172     9.2369     9.2198    -0.0171   3.727333   3.726456  -0.001294    34.6244    34.6276     5.0198    26.7858    26.7910    34.6338    26.7932    1494.45    1494.40     9.2368  1028.8849    34.7983 0.0000e+00
      43996 296.209226  -42.83790  -52.27286     -0.911    1493.18    463.000    458.820     9.2718     9.2899     0.0181     9.2200     9.2380     0.0180   3.725843   3.727631   0.002185    34.6234    34.6285     5.0079    26.7877    26.7888    34.6353    26.7971    1494.37    1494.44     9.2199  1028.8844    34.7997 0.0000e+00
      44025 296.209240  -42.83790  -52.27286     -0.827    1493.18    462.000    457.830     9.3028     9.3008    -0.0020     9.2511     9.2491    -0.0020   3.728775   3.728971  -0.000458    34.6290    34.6261     4.9895    26.7871    26.7852    34.6362    26.7927    1494.47    1494.47     9.2510  1028.8753    34.8006 0.0000e+00
      44052 296.209253  -42.83790  -52.27288     -0.863    1493.18    461.000    456.840     9.4059     9.4131     0.0073     9.3539     9.3611     0.0073   3.741290   3.741274   0.000988    34.6410    34.6442     4.9827    26.7796    26.7810    34.6666    26.7997    1494.87    1494.89     9.3538  1028.8767    34.8312 0.0000e+00
      44076 296.209264  -42.83792  -52.27288     -0.960    1493.18    460.000    455.850     9.5542     9.5120    -0.0422     9.5018     9.4598    -0.0421   3.755960   3.752325  -0.004209    34.6592    34.6565     4.9690    26.7695    26.7744    34.6754    26.7822    1495.41    1495.26     9.5018  1028.8532    34.8400 0.0000e+00
      44100 296.209276  -42.83792  -52.27288     -1.010    1493.18    459.000    454.860     9.6087     9.5991    -0.0096     9.5562     9.5466    -0.0096   3.762113   3.760477  -0.000915    34.6692    34.6690     4.9694    26.7683    26.7698    34.6867    26.7821    1495.60    1495.56     9.5561  1028.8481    34.8514 0.0000e+00
      44127 296.209289  -42.83792  -52.27290     -0.920    1493.18    458.000    453.870     9.6256     9.6072    -0.0184     9.5732     9.5548    -0.0183   3.763080   3.762120  -0.001487    34.6711    34.6735     4.9546    26.7670    26.7720    34.6809    26.7747    1495.64    1495.58     9.5731  1028.8361    34.8455 0.0000e+00
      44156 296.209303  -42.83792  -52.27291     -0.822    1493.18    457.000    452.880     9.6347     9.6750     0.0403     9.5823     9.6226     0.0402   3.764504   3.768117   0.003800    34.6748    34.6750     4.9476    26.7684    26.7619    34.6872    26.7781    1495.66    1495.81     9.5823  1028.8349    34.8519 0.0000e+00
      44182 296.209316  -42.83792  -52.27292     -0.886    1493.18    456.000    451.891     9.7314     9.6789    -0.0525     9.6789     9.6266    -0.0523   3.775766   3.770423  -0.005049    34.6897    34.6883     4.9326    26.7639    26.7716    34.7102    26.7800    1496.03    1495.83     9.6788  1028.8313    34.8750 0.0000e+00
      44206 296.209327  -42.83793  -52.27293     -0.972    1493.18    455.000    450.901     9.8136     9.8049    -0.0087     9.7609     9.7522    -0.0087   3.783512   3.783118  -0.000690    34.6980    34.6993     4.9372    26.7567    26.7591    34.7111    26.7669    1496.31    1496.28     9.7608  1028.8130    34.8759 0.0000e+00
      44232 296.209340  -42.83794  -52.27294     -0.970    1493.18    454.000    449.911     9.8339     9.8397     0.0057     9.7813     9.7870     0.0057   3.785389   3.786163   0.000898    34.7006    34.7043     4.9468    26.7553    26.7572    34.7112    26.7635    1496.36    1496.39     9.7812  1028.8050    34.8760 0.0000e+00
      44259 296.209353  -42.83794  -52.27294     -0.905    1493.18    453.000    448.921     9.8300     9.8432     0.0132     9.7775     9.7906     0.0131   3.784874   3.786937   0.001737    34.7024    34.7075     4.9642    26.7573    26.7591    34.7102    26.7634    1496.33    1496.39     9.7774  1028.8004    34.8750 0.0000e+00
      44287 296.209366  -42.83794  -52.27294     -0.867    1493.18    452.000    447.931     9.8511     9.8615     0.0104     9.7987     9.8090     0.0103   3.787368   3.788541   0.001352    34.7045    34.7084     4.9667    26.7554    26.7567    34.7159    26.7642    1496.40    1496.44     9.7986  1028.7966    34.8806 0.0000e+00
      44315 296.209380  -42.83796  -52.27296     -0.854    1493.18    451.000    446.941     9.8991     9.9338     0.0347     9.8467     9.8812     0.0345   3.793018   3.797000   0.003914    34.7146    34.7213     4.9614    26.7551    26.7546    34.7280    26.7656    1496.57    1496.70     9.8466  1028.7930    34.8928 0.0000e+00
      44348 296.209396  -42.83796  -52.27297     -0.767    1493.18    450.000    445.951     9.9261     9.9441     0.0180     9.8736     9.8916     0.0179   3.795495   3.797342   0.001359    34.7228    34.7194     4.9675    26.7570    26.7513    34.7279    26.7609    1496.65    1496.72     9.8736  1028.7836    34.8927 0.0000e+00
      44381 296.209412  -42.83796  -52.27298     -0.699    1493.18    449.000    444.961    10.0098    10.0344     0.0246     9.9571     9.9816     0.0245   3.805159   3.807422   0.002613    34.7303    34.7333     4.9514    26.7486    26.7469    34.7467    26.7615    1496.96    1497.05     9.9571  1028.7788    34.9116 0.0000e+00
