Pos-Processados/process_op41/Processamento_split/up/uoperantar41_008.cnv
* Sea-Bird SBE 9 Data File:
* FileName = C:\Users\Dell\Desktop\OperantarXLI\config\00_BRUTOS\OP41008.hdr
* Software Version Seasave V 7.26.7.110
* Temperature SN = 6497
* Conductivity SN = 4954
* Number of Bytes Per Scan = 31
* Number of Voltage Words = 2
* Number of Scans Averaged by the Deck Unit = 1
* NMEA Latitude = 42 30.30 S
* NMEA Longitude = 052 37.08 W
* NMEA UTC (Time) = Oct 22 2022 23:44:28
* NMEA baud rate = 4800
** H41
** Navio Polar Almirante Maximiano
** LH-021/2022
** Operantar XLI
** Número da Estação 008
** Latitude 42 30.175S
** Longitude 52 36.384
** Data/Hora (Z) 22/10/2022 2343Z
** Profundidade local 5665
** 09-1439
** Nome do Operador 1T FILIPE LOPES
# nquan = 30
# nvalues = 1021                        
# units = specified
# name 0 = scan: Scan Count
# name 1 = timeJ: Julian Days
# name 2 = latitude: Latitude [deg]
# name 3 = longitude: Longitude [deg]
# name 4 = dz/dtM: Descent Rate [m/s]
# name 5 = avgsvCM: Average Sound Velocity [Chen-Millero, m/s]
# name 6 = prDM: Pressure, Digiquartz [db]
# name 7 = depSM: Depth [salt water, m]
# name 8 = t090C: Temperature [ITS-90, deg C]
# name 9 = t190C: Temperature, 2 [ITS-90, deg C]
# name 10 = T2-T190C: Temperature Difference, 2 - 1 [ITS-90, deg C]
# name 11 = potemp090C: Potential Temperature [ITS-90, deg C]
# name 12 = potemp190C: Potential Temperature, 2 [ITS-90, deg C]
# name 13 = potemp90Cdiff: Potential Temperature, Diff, 2 - 1 [ITS-90, deg C]
# name 14 = c0S/m: Conductivity [S/m]
# name 15 = c1S/m: Conductivity, 2 [S/m]
# name 16 = C2-C1S/m: Conductivity Difference, 2 - 1 [S/m]
# name 17 = sal00: Salinity, Practical [PSU]
# name 18 = sal11: Salinity, Practical, 2 [PSU]
# name 19 = sbeox0ML/L: Oxygen, SBE 43 [ml/l]
# name 20 = sigma-é00: Density [sigma-theta, kg/m^3]
# name 21 = sigma-é11: Density, 2 [sigma-theta, kg/m^3]
# name 22 = sal00: Salinity, Practical [PSU]
# name 23 = sigma-é00: Density [sigma-theta, kg/m^3]
# name 24 = svCM: Sound Velocity [Chen-Millero, m/s]
# name 25 = svCM1: Sound Velocity, 2 [Chen-Millero, m/s]
# name 26 = gsw_ptA0: potential temperature [ITS-90, deg C]
# name 27 = gsw_densityA0: density, TEOS-10 [density, kg/m^3]
# name 28 = gsw_saA0: Absolute Salinity [g/kg]
# name 29 = flag:
# span 0 =      31017,      68183       
# span 1 = 296.004170, 296.022094       
# span 2 =  -42.50855,  -42.50696       
# span 3 =  -52.65680,  -52.63625       
# span 4 =     -1.861,     -0.050       
# span 5 =    1479.23,    1479.23       
# span 6 =      2.000,   1022.000       
# span 7 =      1.984,   1011.453       
# span 8 =     3.0798,    13.9098       
# span 9 =     3.0804,    13.8953       
# span 10 =    -1.1762,     0.0567      
# span 11 =     3.0098,    13.9093      
# span 12 =     3.0105,    13.8949      
# span 13 =    -1.1758,     0.0566      
# span 14 =   3.164762,   4.160909      
# span 15 =   3.164821,   4.160878      
# span 16 =  -0.019916,   0.006170      
# span 17 =    34.1350,    35.0116      
# span 18 =    34.1354,    36.0334      
# span 19 =     4.3688,     6.1815      
# span 20 =    26.0307,    27.3625      
# span 21 =    26.0434,    27.5744      
# span 22 =    34.1358,    35.0194      
# span 23 =    26.0312,    27.3624      
# span 24 =    1474.42,    1502.99      
# span 25 =    1474.43,    1502.94      
# span 26 =     3.0097,    13.9093      
# span 27 =  1026.0448,  1032.0952      
# span 28 =    34.2974,    35.1849      
# span 29 = 0.0000e+00, 0.0000e+00      
# interval = decibars: 1                
# start_time = Oct 22 2022 23:44:28 [NMEA time, header]
# bad_flag = -9.990e-29
*END*
[from data line 194]
      37804 296.007444  -42.50718  -52.64018     -0.939    1479.23    828.000    819.831     3.5261     3.5390     0.0129     3.4679     3.4808     0.0128   3.188597   3.189899   0.001197    34.2624    34.2632     4.8556    27.2525    27.2519    34.2630    27.2529    1477.28    1477.34     3.4678  1031.0859    34.4271 0.0000e+00
      37888 296.007484  -42.50718  -52.64023     -0.434    1479.23    827.000    818.827     3.5384     3.5495     0.0111     3.4802     3.4912     0.0110   3.189780   3.190873   0.001069    34.2637    34.2648     4.8558    27.2523    27.2522    34.2648    27.2532    1477.32    1477.37     3.4801  1031.0813    34.4290 0.0000e+00
      37959 296.007518  -42.50718  -52.64027     -0.691    1479.23    826.000    817.855     3.5589     3.5592     0.0003     3.5006     3.5009     0.0003   3.191744   3.191781   0.000066    34.2660    34.2664     4.8425    27.2521    27.2525    34.2673    27.2532    1477.39    1477.40     3.5005  1031.0763    34.4314 0.0000e+00
      37983 296.007530  -42.50718  -52.64029     -0.989    1479.23    825.000    816.866     3.5593     3.5589    -0.0004     3.5012     3.5008    -0.0004   3.191671   3.191689   0.000014    34.2658    34.2664     4.8359    27.2520    27.2525    34.2665    27.2525    1477.38    1477.38     3.5010  1031.0710    34.4306 0.0000e+00
      38014 296.007545  -42.50718  -52.64030     -0.854    1479.23    824.000    815.878     3.5585     3.5671     0.0086     3.5004     3.5090     0.0086   3.191560   3.192402   0.000780    34.2659    34.2662     4.8398    27.2521    27.2515    34.2666    27.2527    1477.36    1477.40     3.5003  1031.0665    34.4307 0.0000e+00
      38056 296.007565  -42.50719  -52.64033     -0.562    1479.23    823.000    814.890     3.5838     3.6048     0.0211     3.5256     3.5465     0.0209   3.194101   3.196425   0.002139    34.2676    34.2711     4.8275    27.2510    27.2517    34.2710    27.2537    1477.45    1477.55     3.5254  1031.0625    34.4351 0.0000e+00
      38088 296.007580  -42.50720  -52.64034     -0.678    1479.23    822.000    813.902     3.6559     3.6835     0.0277     3.5973     3.6248     0.0275   3.201982   3.204292   0.002734    34.2757    34.2793     4.8269    27.2504    27.2507    34.2900    27.2618    1477.77    1477.88     3.5971  1031.0643    34.4542 0.0000e+00
      38109 296.007591  -42.50719  -52.64035     -0.942    1479.23    821.000    812.914     3.7503     3.7276    -0.0226     3.6912     3.6686    -0.0225   3.210533   3.208575  -0.001942    34.2850    34.2856     4.8209    27.2487    27.2513    34.2937    27.2555    1478.15    1478.06     3.6910  1031.0513    34.4579 0.0000e+00
      38129 296.007600  -42.50718  -52.64036     -1.136    1479.23    820.000    811.926     3.7671     3.7514    -0.0156     3.7079     3.6924    -0.0155   3.211999   3.210606  -0.001343    34.2877    34.2881     4.8217    27.2491    27.2510    34.2941    27.2542    1478.20    1478.14     3.7078  1031.0450    34.4583 0.0000e+00
      38154 296.007612  -42.50718  -52.64037     -1.085    1479.23    819.000    810.937     3.7658     3.7678     0.0019     3.7067     3.7087     0.0019   3.211795   3.212184   0.000263    34.2894    34.2905     4.8005    27.2506    27.2513    34.2935    27.2538    1478.18    1478.20     3.7066  1031.0401    34.4577 0.0000e+00
      38205 296.007637  -42.50718  -52.64040     -0.495    1479.23    818.000    809.948     3.7639     3.7790     0.0151     3.7049     3.7200     0.0150   3.211602   3.213011   0.001402    34.2896    34.2904     4.7223    27.2509    27.2501    34.2937    27.2541    1478.16    1478.23     3.7048  1031.0346    34.4562 0.0000e+00
      38260 296.007663 -9.990e-29  -52.64044     -0.428    1479.23    817.000    808.961     3.8018     3.8056     0.0038     3.7426     3.7464     0.0038   3.215407   3.215885   0.000454    34.2930    34.2945     4.7043    27.2499    27.2506    34.2998    27.2553    1478.31    1478.33     3.7425  1031.0299    34.4619 0.0000e+00
      38279 296.007673  -42.50720  -52.64045     -0.851    1479.23    816.000    807.973     3.8291     3.8403     0.0111     3.7699     3.7809     0.0111   3.217873   3.218876   0.001078    34.2949    34.2961     4.7049    27.2487    27.2485    34.3011    27.2536    1478.41    1478.46     3.7698  1031.0233    34.4635 0.0000e+00
      38295 296.007680  -42.50720  -52.64046     -1.201    1479.23    815.000    806.984     3.8504     3.8461    -0.0044     3.7911     3.7868    -0.0044   3.219748   3.219342  -0.000311    34.2960    34.2968     4.7046    27.2473    27.2485    34.3016    27.2518    1478.49    1478.47     3.7910  1031.0179    34.4658 0.0000e+00
      38311 296.007688  -42.50720  -52.64048     -1.431    1479.23    814.000    805.996     3.8581     3.8521    -0.0060     3.7988     3.7929    -0.0060   3.220365   3.219893  -0.000463    34.2965    34.2973     4.7042    27.2471    27.2483    34.3014    27.2510    1478.50    1478.48     3.7987  1031.0123    34.4657 0.0000e+00
      38329 296.007697  -42.50720  -52.64048     -1.450    1479.23    813.000    805.008     3.8613     3.8653     0.0040     3.8021     3.8061     0.0040   3.220585   3.221204   0.000506    34.2971    34.2989     4.7016    27.2471    27.2482    34.3012    27.2505    1478.50    1478.52     3.8019  1031.0072    34.4655 0.0000e+00
      38354 296.007709  -42.50720  -52.64049     -1.172    1479.23    812.000    804.019     3.8656     3.8762     0.0106     3.8065     3.8170     0.0105   3.220821   3.221988   0.001112    34.2973    34.2994     4.6867    27.2469    27.2475    34.3000    27.2490    1478.50    1478.54     3.8063  1031.0010    34.4642 0.0000e+00
      38393 296.007728  -42.50720  -52.64051     -0.655    1479.23    811.000    803.031     3.8664     3.8817     0.0153     3.8074     3.8225     0.0151   3.221004   3.222426   0.001458    34.2980    34.2993     4.6664    27.2473    27.2469    34.3018    27.2504    1478.49    1478.55     3.8072  1030.9978    34.4660 0.0000e+00
      38434 296.007748  -42.50718  -52.64052     -0.566    1479.23    810.000    802.043     3.8775     3.8776     0.0001     3.8184     3.8185     0.0001   3.221771   3.221821   0.000071    34.2981    34.2988     4.6689    27.2463    27.2469    34.3000    27.2478    1478.51    1478.52     3.8182  1030.9904    34.4642 0.0000e+00
      38467 296.007763  -42.50718  -52.64055     -0.713    1479.23    809.000    801.055     3.8703     3.8695    -0.0008     3.8113     3.8105    -0.0008   3.220887   3.220828  -0.000018    34.2959    34.2966     4.6648    27.2453    27.2459    34.2975    27.2465    1478.46    1478.46     3.8112  1030.9847    34.4617 0.0000e+00
      38500 296.007779  -42.50719  -52.64058     -0.733    1479.23    808.000    800.066     3.8674     3.8647    -0.0026     3.8085     3.8059    -0.0026   3.220497   3.220211  -0.000262    34.2953    34.2949     4.6667    27.2450    27.2450    34.2964    27.2459    1478.43    1478.42     3.8084  1030.9780    34.4585 0.0000e+00
      38527 296.007792 -9.990e-29  -52.64058     -0.803    1479.23    807.000    799.078     3.8636     3.8635    -0.0001     3.8048     3.8047    -0.0001   3.219923   3.220012   0.000062    34.2935    34.2943     4.6816    27.2440    27.2447    34.2941    27.2445    1478.40    1478.40     3.8047  1030.9720    34.4561 0.0000e+00
      38548 296.007802 -9.990e-29  -52.64060     -0.999    1479.23    806.000    798.090     3.8604     3.8619     0.0015     3.8017     3.8033     0.0015   3.219460   3.219727   0.000273    34.2920    34.2937     4.6940    27.2432    27.2444    34.2924    27.2435    1478.37    1478.37     3.8016  1030.9665    34.4545 0.0000e+00
      38567 296.007811 -9.990e-29  -52.64061     -1.185    1479.23    805.000    797.102     3.8533     3.8578     0.0045     3.7948     3.7993     0.0044   3.218619   3.219112   0.000497    34.2909    34.2921     4.6995    27.2429    27.2435    34.2903    27.2425    1478.32    1478.34     3.7947  1030.9611    34.4524 0.0000e+00
      38588 296.007822  -42.50720  -52.64062     -1.218    1479.23    804.000    796.113     3.8460     3.8451    -0.0009     3.7876     3.7867    -0.0009   3.217846   3.217758  -0.000076    34.2895    34.2895     4.7053    27.2426    27.2427    34.2894    27.2425    1478.27    1478.26     3.7874  1030.9577    34.4528 0.0000e+00
      38619 296.007836  -42.50720  -52.64064     -0.912    1479.23    803.000    795.126     3.8520     3.8440    -0.0080     3.7937     3.7857    -0.0080   3.218495   3.217746  -0.000693    34.2906    34.2908     4.7163    27.2428    27.2438    34.2912    27.2433    1478.28    1478.25     3.7935  1030.9544    34.4553 0.0000e+00
      38666 296.007859  -42.50720  -52.64067     -0.487    1479.23    802.000    794.136     3.8387     3.8306    -0.0081     3.7805     3.7725    -0.0080   3.216915   3.216148  -0.000748    34.2876    34.2872     4.7300    27.2418    27.2422    34.2869    27.2412    1478.20    1478.17     3.7803  1030.9481    34.4510 0.0000e+00
      38706 296.007879  -42.50720  -52.64069     -0.578    1479.23    801.000    793.148     3.8239     3.8255     0.0016     3.7659     3.7675     0.0016   3.215289   3.215490   0.000159    34.2853    34.2855     4.7303    27.2414    27.2414    34.2836    27.2400    1478.12    1478.13     3.7658  1030.9426    34.4477 0.0000e+00
      38733 296.007891  -42.50720  -52.64070     -0.806    1479.23    800.000    792.160     3.8156     3.8165     0.0009     3.7577     3.7586     0.0009   3.214432   3.214515   0.000102    34.2836    34.2838     4.7369    27.2408    27.2410    34.2826    27.2400    1478.07    1478.07     3.7576  1030.9382    34.4466 0.0000e+00
      38756 296.007903  -42.50720  -52.64071     -0.977    1479.23    799.000    791.172     3.8124     3.8119    -0.0005     3.7547     3.7541    -0.0005   3.214050   3.213993  -0.000034    34.2827    34.2829     4.7404    27.2405    27.2406    34.2819    27.2398    1478.03    1478.03     3.7545  1030.9335    34.4460 0.0000e+00
      38779 296.007914  -42.50720  -52.64073     -1.040    1479.23    798.000    790.183     3.8117     3.8108    -0.0010     3.7540     3.7531    -0.0010   3.213925   3.213898  -0.000056    34.2824    34.2827     4.7528    27.2403    27.2407    34.2816    27.2396    1478.02    1478.01     3.7539  1030.9288    34.4457 0.0000e+00
      38807 296.007927  -42.50720  -52.64075     -0.938    1479.23    797.000    789.195     3.8100     3.8094    -0.0007     3.7524     3.7518    -0.0007   3.213682   3.213618  -0.000049    34.2816    34.2818     4.7626    27.2398    27.2400    34.2810    27.2393    1477.99    1477.99     3.7523  1030.9239    34.4451 0.0000e+00
      38846 296.007946  -42.50720  -52.64077     -0.643    1479.23    796.000    788.207     3.8093     3.8077    -0.0016     3.7518     3.7502    -0.0016   3.213525   3.213335  -0.000190    34.2812    34.2806     4.7724    27.2395    27.2392    34.2805    27.2390    1477.97    1477.96     3.7516  1030.9190    34.4445 0.0000e+00
      38888 296.007967  -42.50720  -52.64078     -0.545    1479.23    795.000    787.219     3.8074     3.8064    -0.0010     3.7500     3.7490    -0.0010   3.213233   3.213091  -0.000146    34.2800    34.2792     4.7844    27.2387    27.2383    34.2795    27.2383    1477.95    1477.94     3.7498  1030.9138    34.4435 0.0000e+00
      38914 296.007979  -42.50720  -52.64080     -0.776    1479.23    794.000    786.230     3.8084     3.8081    -0.0004     3.7511     3.7507    -0.0004   3.213118   3.213121  -0.000005    34.2779    34.2782     4.7827    27.2370    27.2373    34.2776    27.2367    1477.93    1477.93     3.7509  1030.9076    34.4416 0.0000e+00
      38934 296.007988  -42.50720  -52.64082     -1.048    1479.23    793.000    785.242     3.8097     3.8096    -0.0001     3.7524     3.7523    -0.0001   3.213134   3.213161   0.000020    34.2773    34.2776     4.7818    27.2364    27.2367    34.2769    27.2361    1477.92    1477.92     3.7523  1030.9024    34.4410 0.0000e+00
      38951 296.007997  -42.50721  -52.64083     -1.261    1479.23    792.000    784.254     3.8103     3.8098    -0.0005     3.7531     3.7526    -0.0005   3.213127   3.213117   0.000004    34.2769    34.2774     4.7829    27.2359    27.2365    34.2768    27.2359    1477.90    1477.90     3.7529  1030.8976    34.4408 0.0000e+00
      38969 296.008006  -42.50722  -52.64084     -1.349    1479.23    791.000    783.265     3.8138     3.8113    -0.0026     3.7567     3.7541    -0.0026   3.213365   3.213219  -0.000150    34.2763    34.2772     4.7895    27.2351    27.2361    34.2764    27.2353    1477.90    1477.89     3.7565  1030.8923    34.4404 0.0000e+00
      38992 296.008016  -42.50722  -52.64085     -1.220    1479.23    790.000    782.280     3.8135     3.8164     0.0029     3.7565     3.7593     0.0029   3.213262   3.213577   0.000275    34.2764    34.2766     4.7998    27.2353    27.2352    34.2760    27.2349    1477.88    1477.90     3.7563  1030.8874    34.4400 0.0000e+00
      39036 296.008038  -42.50721  -52.64088     -0.634    1479.23    789.000    781.290     3.8176     3.8228     0.0051     3.7606     3.7657     0.0051   3.213648   3.214109   0.000449    34.2765    34.2765     4.8009    27.2349    27.2344    34.2768    27.2352    1477.89    1477.91     3.7605  1030.8830    34.4408 0.0000e+00
      39104 296.008070  -42.50720  -52.64092     -0.299    1479.23    788.000    780.297     3.8269     3.8262    -0.0007     3.7699     3.7692    -0.0007   3.214370   3.214353  -0.000012    34.2760    34.2766     4.8037    27.2336    27.2342    34.2762    27.2338    1477.91    1477.90     3.7698  1030.8768    34.4402 0.0000e+00
      39131 296.008083  -42.50722  -52.64092     -0.694    1479.23    787.000    779.312     3.8277     3.8274    -0.0004     3.7708     3.7704    -0.0004   3.214315   3.214332   0.000028    34.2750    34.2757     4.8052    27.2327    27.2333    34.2753    27.2329    1477.89    1477.89     3.7706  1030.8713    34.4392 0.0000e+00
      39149 296.008092  -42.50722  -52.64094     -1.035    1479.23    786.000    778.323     3.8289     3.8291     0.0002     3.7721     3.7723     0.0002   3.214388   3.214452   0.000054    34.2749    34.2754     4.8067    27.2325    27.2328    34.2754    27.2329    1477.88    1477.88     3.7719  1030.8667    34.4394 0.0000e+00
      39164 296.008100  -42.50722  -52.64095     -1.309    1479.23    785.000    777.335     3.8333     3.8325    -0.0008     3.7765     3.7757    -0.0008   3.214737   3.214692  -0.000022    34.2747    34.2753     4.8110    27.2319    27.2324    34.2755    27.2325    1477.88    1477.88     3.7763  1030.8617    34.4395 0.0000e+00
      39180 296.008107  -42.50722  -52.64096     -1.486    1479.23    784.000    776.347     3.8365     3.8351    -0.0014     3.7798     3.7783    -0.0014   3.214977   3.214907  -0.000063    34.2747    34.2754     4.8078    27.2315    27.2323    34.2754    27.2322    1477.88    1477.87     3.7796  1030.8566    34.4394 0.0000e+00
      39197 296.008115  -42.50722  -52.64096     -1.508    1479.23    783.000    775.358     3.8393     3.8368    -0.0024     3.7826     3.7801    -0.0024   3.215111   3.214959  -0.000150    34.2743    34.2751     4.8062    27.2310    27.2319    34.2747    27.2313    1477.87    1477.86     3.7825  1030.8511    34.4387 0.0000e+00
      39227 296.008130  -42.50722  -52.64098     -1.071    1479.23    782.000    774.376     3.8367     3.8388     0.0021     3.7801     3.7822     0.0021   3.214864   3.215055   0.000181    34.2747    34.2747     4.8132    27.2315    27.2313    34.2750    27.2318    1477.85    1477.86     3.7799  1030.8471    34.4390 0.0000e+00
