Pos-Processados/process_op41/Processamento_split/up/uoperantar41_008.cnv
* Sea-Bird SBE 9 Data File:
* FileName = C:\Users\Dell\Desktop\OperantarXLI\config\00_BRUTOS\OP41008.hdr
* Software Version Seasave V 7.26.7.110
* Temperature SN = 6497
* Conductivity SN = 4954
* Number of Bytes Per Scan = 31
* Number of Voltage Words = 2
* Number of Scans Averaged by the Deck Unit = 1
* NMEA Latitude = 42 30.30 S
* NMEA Longitude = 052 37.08 W
* NMEA UTC (Time) = Oct 22 2022 23:44:28
* NMEA baud rate = 4800
** H41
** Navio Polar Almirante Maximiano
** LH-021/2022
** Operantar XLI
** Número da Estação 008
** Latitude 42 30.175S
** Longitude 52 36.384
** Data/Hora (Z) 22/10/2022 2343Z
** Profundidade local 5665
** 09-1439
** Nome do Operador 1T FILIPE LOPES
# nquan = 30
# nvalues = 1021                        
# units = specified
# name 0 = scan: Scan Count
# name 1 = timeJ: Julian Days
# name 2 = latitude: Latitude [deg]
# name 3 = longitude: Longitude [deg]
# name 4 = dz/dtM: Descent Rate [m/s]
# name 5 = avgsvCM: Average Sound Velocity [Chen-Millero, m/s]
# name 6 = prDM: Pressure, Digiquartz [db]
# name 7 = depSM: Depth [salt water, m]
# name 8 = t090C: Temperature [ITS-90, deg C]
# name 9 = t190C: Temperature, 2 [ITS-90, deg C]
# name 10 = T2-T190C: Temperature Difference, 2 - 1 [ITS-90, deg C]
# name 11 = potemp090C: Potential Temperature [ITS-90, deg C]
# name 12 = potemp190C: Potential Temperature, 2 [ITS-90, deg C]
# name 13 = potemp90Cdiff: Potential Temperature, Diff, 2 - 1 [ITS-90, deg C]
# name 14 = c0S/m: Conductivity [S/m]
# name 15 = c1S/m: Conductivity, 2 [S/m]
# name 16 = C2-C1S/m: Conductivity Difference, 2 - 1 [S/m]
# name 17 = sal00: Salinity, Practical [PSU]
# name 18 = sal11: Salinity, Practical, 2 [PSU]
# name 19 = sbeox0ML/L: Oxygen, SBE 43 [ml/l]
# name 20 = sigma-é00: Density [sigma-theta, kg/m^3]
# name 21 = sigma-é11: Density, 2 [sigma-theta, kg/m^3]
# name 22 = sal00: Salinity, Practical [PSU]
# name 23 = sigma-é00: Density [sigma-theta, kg/m^3]
# name 24 = svCM: Sound Velocity [Chen-Millero, m/s]
# name 25 = svCM1: Sound Velocity, 2 [Chen-Millero, m/s]
# name 26 = gsw_ptA0: potential temperature [ITS-90, deg C]
# name 27 = gsw_densityA0: density, TEOS-10 [density, kg/m^3]
# name 28 = gsw_saA0: Absolute Salinity [g/kg]
# name 29 = flag:
# span 0 =      31017,      68183       
# span 1 = 296.004170, 296.022094       
# span 2 =  -42.50855,  -42.50696       
# span 3 =  -52.65680,  -52.63625       
# span 4 =     -1.861,     -0.050       
# span 5 =    1479.23,    1479.23       
# span 6 =      2.000,   1022.000       
# span 7 =      1.984,   1011.453       
# span 8 =     3.0798,    13.9098       
# span 9 =     3.0804,    13.8953       
# span 10 =    -1.1762,     0.0567      
# span 11 =     3.0098,    13.9093      
# span 12 =     3.0105,    13.8949      
# span 13 =    -1.1758,     0.0566      
# span 14 =   3.164762,   4.160909      
# span 15 =   3.164821,   4.160878      
# span 16 =  -0.019916,   0.006170      
# span 17 =    34.1350,    35.0116      
# span 18 =    34.1354,    36.0334      
# span 19 =     4.3688,     6.1815      
# span 20 =    26.0307,    27.3625      
# span 21 =    26.0434,    27.5744      
# span 22 =    34.1358,    35.0194      
# span 23 =    26.0312,    27.3624      
# span 24 =    1474.42,    1502.99      
# span 25 =    1474.43,    1502.94      
# span 26 =     3.0097,    13.9093      
# span 27 =  1026.0448,  1032.0952      
# span 28 =    34.2974,    35.1849      
# span 29 = 0.0000e+00, 0.0000e+00      
# interval = decibars: 1                
# start_time = Oct 22 2022 23:44:28 [NMEA time, header]
# bad_flag = -9.990e-29
*END*
[from data line 387]
      43904 296.010385  -42.50744  -52.64358     -0.884    1479.23    635.000    629.026     3.7863     3.7844    -0.0019     3.7414     3.7395    -0.0019   3.194741   3.194527  -0.000209    34.1679    34.1674     5.4540    27.1504    27.1502    34.1646    27.1478    1475.07    1475.06     3.7413  1030.0895    34.3274 0.0000e+00
      43934 296.010400  -42.50744  -52.64361     -0.853    1479.23    634.000    628.037     3.7838     3.7827    -0.0011     3.7390     3.7379    -0.0011   3.194431   3.194343  -0.000114    34.1670    34.1667     5.4956    27.1499    27.1498    34.1641    27.1476    1475.04    1475.03     3.7389  1030.0847    34.3268 0.0000e+00
      43969 296.010417  -42.50744  -52.64362     -0.704    1479.23    633.000    627.048     3.7846     3.7852     0.0006     3.7399     3.7405     0.0006   3.194462   3.194514   0.000027    34.1662    34.1660     5.5293    27.1492    27.1489    34.1641    27.1475    1475.03    1475.03     3.7398  1030.0800    34.3269 0.0000e+00
      44014 296.010439  -42.50744  -52.64365     -0.535    1479.23    632.000    626.059     3.7897     3.7921     0.0023     3.7451     3.7474     0.0023   3.194850   3.195102   0.000225    34.1649    34.1652     5.5457    27.1476    27.1476    34.1639    27.1468    1475.03    1475.04     3.7450  1030.0747    34.3266 0.0000e+00
      44062 296.010462  -42.50744  -52.64366     -0.493    1479.23    631.000    625.069     3.8024     3.8116     0.0092     3.7577     3.7669     0.0092   3.195990   3.196930   0.000892    34.1651    34.1661     5.5452    27.1465    27.1464    34.1648    27.1463    1475.07    1475.11     3.7576  1030.0693    34.3276 0.0000e+00
      44098 296.010479  -42.50744  -52.64368     -0.647    1479.23    630.000    624.080     3.8114     3.8199     0.0085     3.7668     3.7753     0.0085   3.196787   3.197640   0.000844    34.1651    34.1663     5.5442    27.1457    27.1457    34.1653    27.1458    1475.09    1475.13     3.7667  1030.0641    34.3281 0.0000e+00
      44128 296.010493  -42.50744  -52.64370     -0.779    1479.23    629.000    623.091     3.8250     3.8285     0.0035     3.7804     3.7838     0.0034   3.198036   3.198414   0.000381    34.1659    34.1668     5.5452    27.1449    27.1453    34.1665    27.1454    1475.13    1475.15     3.7803  1030.0589    34.3293 0.0000e+00
      44159 296.010508  -42.50744  -52.64371     -0.787    1479.23    628.000    622.102     3.8291     3.8344     0.0054     3.7845     3.7899     0.0053   3.198365   3.198894   0.000528    34.1663    34.1669     5.5449    27.1448    27.1448    34.1667    27.1451    1475.13    1475.16     3.7844  1030.0539    34.3295 0.0000e+00
      44199 296.010528  -42.50744  -52.64375     -0.623    1479.23    627.000    621.113     3.8360     3.8382     0.0021     3.7915     3.7936     0.0021   3.198842   3.199087   0.000261    34.1653    34.1662     5.5356    27.1433    27.1438    34.1657    27.1436    1475.15    1475.16     3.7914  1030.0477    34.3284 0.0000e+00
      44256 296.010555  -42.50746  -52.64378     -0.403    1479.23    626.000    620.124     3.8324     3.8311    -0.0013     3.7880     3.7867    -0.0013   3.198310   3.198203  -0.000093    34.1637    34.1639     5.5363    27.1423    27.1426    34.1637    27.1423    1475.11    1475.11     3.7879  1030.0419    34.3264 0.0000e+00
      44300 296.010576  -42.50746  -52.64380     -0.536    1479.23    625.000    619.135     3.8311     3.8302    -0.0009     3.7868     3.7859    -0.0009   3.198059   3.197954  -0.000113    34.1629    34.1625     5.5465    27.1419    27.1417    34.1626    27.1416    1475.09    1475.08     3.7867  1030.0366    34.3253 0.0000e+00
      44333 296.010592  -42.50746  -52.64382     -0.706    1479.23    624.000    618.145     3.8263     3.8250    -0.0014     3.7821     3.7808    -0.0013   3.197437   3.197295  -0.000134    34.1610    34.1608     5.5584    27.1408    27.1408    34.1606    27.1405    1475.05    1475.04     3.7820  1030.0310    34.3234 0.0000e+00
      44369 296.010610  -42.50744  -52.64383     -0.690    1479.23    623.000    617.156     3.8249     3.8251     0.0002     3.7807     3.7809     0.0002   3.197183   3.197209   0.000022    34.1597    34.1598     5.5661    27.1399    27.1400    34.1597    27.1399    1475.03    1475.03     3.7806  1030.0258    34.3224 0.0000e+00
      44407 296.010628  -42.50744  -52.64386     -0.625    1479.23    622.000    616.167     3.8274     3.8288     0.0014     3.7833     3.7847     0.0014   3.197336   3.197488   0.000151    34.1593    34.1596     5.5795    27.1393    27.1395    34.1594    27.1394    1475.02    1475.03     3.7832  1030.0207    34.3221 0.0000e+00
      44444 296.010646  -42.50746  -52.64387     -0.656    1479.23    621.000    615.178     3.8302     3.8312     0.0009     3.7862     3.7871     0.0009   3.197539   3.197674   0.000111    34.1593    34.1597     5.5897    27.1391    27.1392    34.1594    27.1391    1475.01    1475.02     3.7861  1030.0157    34.3221 0.0000e+00
      44483 296.010664  -42.50746  -52.64390     -0.622    1479.23    620.000    614.189     3.8338     3.8372     0.0034     3.7898     3.7933     0.0034   3.197825   3.198197   0.000378    34.1591    34.1600     5.5920    27.1385    27.1389    34.1596    27.1389    1475.01    1475.03     3.7897  1030.0109    34.3223 0.0000e+00
      44524 296.010684  -42.50746  -52.64392     -0.575    1479.23    619.000    613.200     3.8386     3.8425     0.0039     3.7947     3.7986     0.0039   3.198225   3.198635   0.000396    34.1594    34.1600     5.5940    27.1383    27.1384    34.1598    27.1386    1475.02    1475.03     3.7946  1030.0059    34.3225 0.0000e+00
      44558 296.010701  -42.50746  -52.64394     -0.675    1479.23    618.000    612.211     3.8503     3.8508     0.0005     3.8064     3.8069     0.0005   3.199389   3.199484   0.000125    34.1604    34.1613     5.5859    27.1379    27.1386    34.1620    27.1392    1475.05    1475.05     3.8063  1030.0016    34.3247 0.0000e+00
      44586 296.010714  -42.50746  -52.64395     -0.811    1479.23    617.000    611.222     3.8593     3.8656     0.0063     3.8154     3.8217     0.0063   3.200174   3.200915   0.000658    34.1612    34.1624     5.5870    27.1377    27.1380    34.1625    27.1387    1475.07    1475.10     3.8153  1029.9964    34.3252 0.0000e+00
      44617 296.010729  -42.50746  -52.64397     -0.822    1479.23    616.000    610.239     3.8640     3.8803     0.0163     3.8202     3.8364     0.0163   3.200490   3.202125   0.001553    34.1615    34.1629     5.5831    27.1374    27.1369    34.1619    27.1377    1475.08    1475.15     3.8201  1029.9907    34.3246 0.0000e+00
      44692 296.010766  -42.50746  -52.64400     -0.243    1479.23    615.000    609.240     3.8854     3.8925     0.0071     3.8416     3.8487     0.0071   3.202555   3.203185   0.000644    34.1630    34.1632     5.5722    27.1364    27.1359    34.1646    27.1377    1475.15    1475.18     3.8415  1029.9858    34.3273 0.0000e+00
      44744 296.010791  -42.50746  -52.64404     -0.533    1479.23    614.000    608.253     3.8982     3.8988     0.0005     3.8544     3.8549     0.0005   3.203705   3.203789   0.000090    34.1642    34.1647     5.5679    27.1361    27.1364    34.1654    27.1371    1475.19    1475.19     3.8543  1029.9803    34.3281 0.0000e+00
      44763 296.010799  -42.50748  -52.64406     -0.939    1479.23    613.000    607.265     3.8994     3.8999     0.0006     3.8556     3.8562     0.0006   3.203747   3.203794   0.000075    34.1641    34.1644     5.5545    27.1359    27.1360    34.1652    27.1368    1475.18    1475.18     3.8555  1029.9755    34.3279 0.0000e+00
      44779 296.010807  -42.50748  -52.64406     -1.251    1479.23    612.000    606.276     3.9004     3.8999    -0.0005     3.8567     3.8562    -0.0005   3.203830   3.203766 -7.541e-07    34.1640    34.1645     5.5566    27.1357    27.1361    34.1657    27.1371    1475.17    1475.17     3.8566  1029.9711    34.3284 0.0000e+00
      44797 296.010816  -42.50748  -52.64406     -1.398    1479.23    611.000    605.286     3.9088     3.9066    -0.0022     3.8652     3.8630    -0.0021   3.204517   3.204411  -0.000120    34.1639    34.1647     5.5657    27.1348    27.1357    34.1656    27.1361    1475.19    1475.18     3.8650  1029.9654    34.3283 0.0000e+00
      44818 296.010826  -42.50748  -52.64408     -1.300    1479.23    610.000    604.297     3.9162     3.9142    -0.0020     3.8726     3.8706    -0.0020   3.205105   3.204980  -0.000124    34.1637    34.1644     5.5656    27.1339    27.1346    34.1653    27.1352    1475.20    1475.19     3.8725  1029.9598    34.3280 0.0000e+00
      44874 296.010853  -42.50747  -52.64411     -0.577    1479.23    609.000    603.306     3.9160     3.9226     0.0066     3.8725     3.8791     0.0066   3.204998   3.205610   0.000573    34.1643    34.1642     5.5745    27.1344    27.1336    34.1648    27.1348    1475.18    1475.21     3.8724  1029.9548    34.3275 0.0000e+00
      44953 296.010891  -42.50748  -52.64415     -0.400    1479.23    608.000    602.315     3.9303     3.9299    -0.0004     3.8868     3.8864    -0.0004   3.206335   3.206344   0.000017    34.1649    34.1655     5.5735    27.1334    27.1339    34.1663    27.1345    1475.23    1475.23     3.8867  1029.9497    34.3290 0.0000e+00
      44975 296.010902  -42.50748  -52.64417     -0.850    1479.23    607.000    601.330     3.9332     3.9330    -0.0001     3.8897     3.8896    -0.0001   3.206486   3.206512   0.000029    34.1649    34.1654     5.5723    27.1331    27.1335    34.1657    27.1337    1475.22    1475.22     3.8896  1029.9442    34.3284 0.0000e+00
      44999 296.010913  -42.50748  -52.64418     -1.015    1479.23    606.000    600.340     3.9329     3.9332     0.0003     3.8895     3.8898     0.0003   3.206428   3.206491   0.000074    34.1650    34.1656     5.5660    27.1331    27.1336    34.1658    27.1338    1475.21    1475.21     3.8894  1029.9397    34.3284 0.0000e+00
      45028 296.010927  -42.50748  -52.64420     -0.885    1479.23    605.000    599.351     3.9332     3.9336     0.0004     3.8899     3.8903     0.0004   3.206393   3.206470   0.000080    34.1650    34.1655     5.5696    27.1331    27.1335    34.1656    27.1336    1475.19    1475.19     3.8898  1029.9349    34.3283 0.0000e+00
      45058 296.010942  -42.50748  -52.64420     -0.780    1479.23    604.000    598.362     3.9332     3.9340     0.0007     3.8900     3.8907     0.0007   3.206350   3.206467   0.000109    34.1650    34.1656     5.5780    27.1332    27.1335    34.1655    27.1336    1475.17    1475.18     3.8899  1029.9303    34.3282 0.0000e+00
      45083 296.010954  -42.50748  -52.64422     -0.882    1479.23    603.000    597.373     3.9396     3.9405     0.0009     3.8964     3.8974     0.0009   3.206939   3.207042   0.000130    34.1649    34.1655     5.5771    27.1324    27.1328    34.1664    27.1336    1475.19    1475.19     3.8963  1029.9256    34.3290 0.0000e+00
      45110 296.010967  -42.50748  -52.64424     -0.940    1479.23    602.000    596.383     3.9461     3.9465     0.0005     3.9030     3.9034     0.0005   3.207372   3.207542   0.000117    34.1648    34.1657     5.5796    27.1317    27.1323    34.1653    27.1321    1475.19    1475.20     3.9028  1029.9194    34.3280 0.0000e+00
      45166 296.010994  -42.50748  -52.64427     -0.434    1479.23    601.000    595.393     3.9536     3.9618     0.0082     3.9105     3.9187     0.0081   3.208099   3.208814   0.000724    34.1653    34.1654     5.5716    27.1313    27.1305    34.1666    27.1323    1475.21    1475.25     3.9104  1029.9149    34.3292 0.0000e+00
      45222 296.011021  -42.50750  -52.64430     -0.447    1479.23    600.000    594.405     3.9733     3.9725    -0.0007     3.9302     3.9294    -0.0007   3.209947   3.209999   0.000032    34.1664    34.1676     5.5773    27.1302    27.1312    34.1686    27.1319    1475.28    1475.28     3.9301  1029.9096    34.3312 0.0000e+00
      45246 296.011032  -42.50750  -52.64432     -0.829    1479.23    599.000    593.416     3.9885     3.9877    -0.0008     3.9454     3.9446    -0.0008   3.211302   3.211230  -0.000014    34.1671    34.1677     5.5670    27.1292    27.1298    34.1693    27.1309    1475.33    1475.32     3.9453  1029.9038    34.3320 0.0000e+00
      45267 296.011043  -42.50750  -52.64434     -1.055    1479.23    598.000    592.427     3.9887     3.9885    -0.0001     3.9456     3.9455    -0.0001   3.211101   3.211098   0.000026    34.1661    34.1666     5.5580    27.1284    27.1287    34.1673    27.1293    1475.31    1475.31     3.9455  1029.8975    34.3300 0.0000e+00
      45291 296.011054  -42.50750  -52.64436     -1.056    1479.23    597.000    591.437     3.9883     3.9862    -0.0021     3.9453     3.9432    -0.0021   3.211028   3.210718  -0.000291    34.1665    34.1652     5.5555    27.1287    27.1279    34.1673    27.1294    1475.29    1475.28     3.9452  1029.8930    34.3300 0.0000e+00
      45326 296.011071  -42.50750  -52.64436     -0.783    1479.23    596.000    590.448     3.9866     3.9836    -0.0030     3.9437     3.9408    -0.0029   3.210800   3.210303  -0.000492    34.1664    34.1636     5.5586    27.1288    27.1269    34.1669    27.1292    1475.27    1475.25     3.9436  1029.8883    34.3296 0.0000e+00
      45382 296.011098  -42.50748  -52.64438     -0.380    1479.23    595.000    589.458     3.9824     3.9819    -0.0005     3.9396     3.9391    -0.0005   3.210080   3.210001  -0.000078    34.1629    34.1625     5.5667    27.1264    27.1261    34.1633    27.1267    1475.23    1475.23     3.9395  1029.8813    34.3259 0.0000e+00
      45421 296.011117  -42.50748  -52.64441     -0.568    1479.23    594.000    588.467     3.9824     3.9822    -0.0002     3.9397     3.9395    -0.0002   3.209914   3.209930   0.000004    34.1617    34.1619     5.5788    27.1254    27.1256    34.1619    27.1256    1475.21    1475.21     3.9396  1029.8755    34.3245 0.0000e+00
      45443 296.011128  -42.50750  -52.64442     -0.895    1479.23    593.000    587.480     3.9835     3.9827    -0.0008     3.9409     3.9401    -0.0008   3.209936   3.209922  -0.000013    34.1610    34.1617     5.6022    27.1248    27.1254    34.1614    27.1251    1475.20    1475.20     3.9408  1029.8705    34.3241 0.0000e+00
      45464 296.011138  -42.50750  -52.64444     -1.104    1479.23    592.000    586.491     3.9854     3.9853    -0.0001     3.9429     3.9428    -0.0001   3.209957   3.210027   0.000061    34.1600    34.1608     5.6174    27.1237    27.1244    34.1602    27.1240    1475.19    1475.19     3.9428  1029.8647    34.3228 0.0000e+00
      45490 296.011150  -42.50750  -52.64446     -1.039    1479.23    591.000    585.502     3.9851     3.9863     0.0012     3.9427     3.9438     0.0012   3.209878   3.209995   0.000106    34.1598    34.1599     5.6169    27.1237    27.1236    34.1601    27.1239    1475.17    1475.17     3.9425  1029.8600    34.3227 0.0000e+00
      45533 296.011171  -42.50750  -52.64447     -0.586    1479.23    590.000    584.512     3.9893     3.9937     0.0045     3.9469     3.9513     0.0045   3.210183   3.210543   0.000353    34.1593    34.1588     5.6256    27.1228    27.1219    34.1599    27.1233    1475.17    1475.19     3.9468  1029.8548    34.3225 0.0000e+00
      45577 296.011192  -42.50752  -52.64449     -0.522    1479.23    589.000    583.523     3.9965     3.9990     0.0025     3.9541     3.9566     0.0025   3.210706   3.210927   0.000228    34.1584    34.1586     5.6354    27.1214    27.1213    34.1591    27.1220    1475.18    1475.19     3.9540  1029.8487    34.3217 0.0000e+00
      45606 296.011206  -42.50752  -52.64452     -0.773    1479.23    588.000    582.534     4.0020     4.0019    -0.0001     3.9597     3.9596    -0.0001   3.211091   3.211116   0.000027    34.1578    34.1583     5.6392    27.1204    27.1207    34.1585    27.1208    1475.19    1475.19     3.9596  1029.8429    34.3210 0.0000e+00
