Pos-Processados/process_op41/Processamento_split/up/uoperantar41_019.cnv
* Sea-Bird SBE 9 Data File:
* FileName = C:\Users\Dell\Desktop\OperantarXLI\config\00_BRUTOS\OPE41019.hdr
* Software Version Seasave V 7.26.7.110
* Temperature SN = 6497
* Conductivity SN = 4954
* Number of Bytes Per Scan = 34
* Number of Voltage Words = 3
* Number of Scans Averaged by the Deck Unit = 1
* NMEA Latitude = 62 55.48 S
* NMEA Longitude = 060 08.48 W
* NMEA UTC (Time) = Nov 11 2022 01:08:15
* NMEA baud rate = 4800
** H41
** Navio Polar Almirante Maximiano
** LH-021/2022
** Operantar XLI
** Número da Estação 019
** Latitude 62 55.478'S
** Longitude 060 08.483' W
** Data/Hora (Z) 11/11/2022 0110Z
** Profundidade local 1020 m
** 09-1439
** Nome do Operador CT Garla
# nquan = 30
# nvalues = 934                         
# units = specified
# name 0 = scan: Scan Count
# name 1 = timeJ: Julian Days
# name 2 = latitude: Latitude [deg]
# name 3 = longitude: Longitude [deg]
# name 4 = dz/dtM: Descent Rate [m/s]
# name 5 = avgsvCM: Average Sound Velocity [Chen-Millero, m/s]
# name 6 = prDM: Pressure, Digiquartz [db]
# name 7 = depSM: Depth [salt water, m]
# name 8 = t090C: Temperature [ITS-90, deg C]
# name 9 = t190C: Temperature, 2 [ITS-90, deg C]
# name 10 = T2-T190C: Temperature Difference, 2 - 1 [ITS-90, deg C]
# name 11 = potemp090C: Potential Temperature [ITS-90, deg C]
# name 12 = potemp190C: Potential Temperature, 2 [ITS-90, deg C]
# name 13 = potemp90Cdiff: Potential Temperature, Diff, 2 - 1 [ITS-90, deg C]
# name 14 = c0S/m: Conductivity [S/m]
# name 15 = c1S/m: Conductivity, 2 [S/m]
# name 16 = C2-C1S/m: Conductivity Difference, 2 - 1 [S/m]
# name 17 = sal00: Salinity, Practical [PSU]
# name 18 = sal11: Salinity, Practical, 2 [PSU]
# name 19 = sbeox0ML/L: Oxygen, SBE 43 [ml/l]
# name 20 = sigma-é00: Density [sigma-theta, kg/m^3]
# name 21 = sigma-é11: Density, 2 [sigma-theta, kg/m^3]
# name 22 = sal00: Salinity, Practical [PSU]
# name 23 = sigma-é00: Density [sigma-theta, kg/m^3]
# name 24 = svCM: Sound Velocity [Chen-Millero, m/s]
# name 25 = svCM1: Sound Velocity, 2 [Chen-Millero, m/s]
# name 26 = gsw_ptA0: potential temperature [ITS-90, deg C]
# name 27 = gsw_densityA0: density, TEOS-10 [density, kg/m^3]
# name 28 = gsw_saA0: Absolute Salinity [g/kg]
# name 29 = flag:
# span 0 =      28446,      55295       
# span 1 = 315.061114, 315.074061       
# span 2 =  -62.92721,  -62.92622       
# span 3 =  -60.13928,  -60.13856       
# span 4 =     -1.367,     -0.140       
# span 5 =    1451.82,    1451.82       
# span 6 =      0.000,    933.000       
# span 7 =      0.001,    921.921       
# span 8 =    -1.2986,    -0.5153       
# span 9 =    -1.2988,    -0.5162       
# span 10 =    -0.0144,     0.0164      
# span 11 =    -1.3065,    -0.5291      
# span 12 =    -1.3066,    -0.5300      
# span 13 =    -0.0143,     0.0163      
# span 14 =   2.765179,   2.858227      
# span 15 =   2.765197,   2.858184      
# span 16 =  -0.001294,   0.001475      
# span 17 =    34.3011,    34.5517      
# span 18 =    34.3018,    34.5518      
# span 19 =     5.7519,     7.4899      
# span 20 =    27.5810,    27.7764      
# span 21 =    27.5815,    27.7765      
# span 22 =    34.3016,    34.5516      
# span 23 =    27.5812,    27.7763      
# span 24 =    1444.26,    1460.89      
# span 25 =    1444.25,    1460.89      
# span 26 =    -1.3062,    -0.5288      
# span 27 =  1027.5861,  1032.2023      
# span 28 =    34.4670,    34.7212      
# span 29 = 0.0000e+00, 0.0000e+00      
# interval = decibars: 1                
# start_time = Nov 11 2022 01:08:15 [NMEA time, header]
# bad_flag = -9.990e-29
*END*
[from data line 484]
      40288 315.066824  -62.92670  -60.13864     -1.113    1451.82    449.000    444.184    -0.8092    -0.8082     0.0010    -0.8237    -0.8227     0.0010   2.818120   2.818296   0.000132    34.5001    34.5008     6.1803    27.7413    27.7417    34.5014    27.7423    1452.03    1452.04    -0.8233  1029.8895    34.6703 0.0000e+00
      40317 315.066838  -62.92670  -60.13864     -0.920    1451.82    448.000    443.195    -0.8162    -0.8033     0.0129    -0.8305    -0.8177     0.0129   2.817510   2.818664   0.001087    34.5006    34.5006     6.1686    27.7420    27.7414    34.5017    27.7428    1451.98    1452.04    -0.8302  1029.8853    34.6706 0.0000e+00
      40348 315.066853  -62.92672  -60.13864     -0.754    1451.82    447.000    442.207    -0.8009    -0.7956     0.0052    -0.8152    -0.8100     0.0052   2.818955   2.819314   0.000440    34.5012    34.5012     6.1656    27.7418    27.7416    34.5044    27.7444    1452.04    1452.06    -0.8149  1029.8819    34.6733 0.0000e+00
      40375 315.066866  -62.92672  -60.13864     -0.847    1451.82    446.000    441.219    -0.7898    -0.7888     0.0010    -0.8042    -0.8032     0.0010   2.819738   2.819845   0.000115    34.5011    34.5015     6.1454    27.7412    27.7415    34.5030    27.7428    1452.07    1452.08    -0.8039  1029.8754    34.6719 0.0000e+00
      40398 315.066877  -62.92672  -60.13862     -0.965    1451.82    445.000    440.231    -0.7834    -0.7835    -0.0002    -0.7977    -0.7979    -0.0002   2.820280   2.820271   0.000007    34.5015    34.5018     6.1330    27.7413    27.7415    34.5036    27.7430    1452.09    1452.09    -0.7975  1029.8708    34.6725 0.0000e+00
      40422 315.066889  -62.92672  -60.13864     -1.028    1451.82    444.000    439.242    -0.7797    -0.7771     0.0026    -0.7941    -0.7915     0.0026   2.820506   2.820785   0.000264    34.5015    34.5021     6.1459    27.7411    27.7415    34.5031    27.7425    1452.09    1452.10    -0.7938  1029.8655    34.6720 0.0000e+00
      40447 315.066901  -62.92672  -60.13864     -0.987    1451.82    443.000    438.254    -0.7797    -0.7741     0.0056    -0.7940    -0.7884     0.0056   2.820492   2.821049   0.000536    34.5017    34.5026     6.1395    27.7413    27.7418    34.5035    27.7427    1452.07    1452.10    -0.7937  1029.8610    34.6723 0.0000e+00
      40475 315.066915  -62.92672  -60.13864     -0.882    1451.82    442.000    437.266    -0.7602    -0.7529     0.0073    -0.7746    -0.7673     0.0073   2.822294   2.822987   0.000695    34.5024    34.5035     6.1315    27.7411    27.7416    34.5063    27.7442    1452.15    1452.19    -0.7743  1029.8574    34.6752 0.0000e+00
      40502 315.066928  -62.92672  -60.13864     -0.859    1451.82    441.000    436.278    -0.7347    -0.7344     0.0003    -0.7491    -0.7488     0.0003   2.824413   2.824445   0.000064    34.5031    34.5036     6.1207    27.7405    27.7409    34.5065    27.7433    1452.26    1452.26    -0.7488  1029.8514    34.6753 0.0000e+00
      40528 315.066940  -62.92672  -60.13864     -0.921    1451.82    440.000    435.289    -0.7299    -0.7290     0.0009    -0.7443    -0.7434     0.0009   2.824705   2.824821   0.000124    34.5034    34.5040     6.1234    27.7406    27.7411    34.5056    27.7424    1452.26    1452.27    -0.7440  1029.8456    34.6744 0.0000e+00
      40553 315.066952  -62.92672  -60.13864     -0.962    1451.82    439.000    434.301    -0.7306    -0.7298     0.0008    -0.7449    -0.7442     0.0008   2.824643   2.824724   0.000088    34.5042    34.5046     6.1134    27.7413    27.7415    34.5061    27.7428    1452.24    1452.24    -0.7446  1029.8413    34.6749 0.0000e+00
      40579 315.066965  -62.92672  -60.13864     -0.925    1451.82    438.000    433.313    -0.7306    -0.7297     0.0009    -0.7449    -0.7440     0.0009   2.824587   2.824681   0.000100    34.5044    34.5047     6.1058    27.7415    27.7417    34.5059    27.7427    1452.22    1452.23    -0.7446  1029.8365    34.6748 0.0000e+00
      40607 315.066978  -62.92672  -60.13864     -0.880    1451.82    437.000    432.325    -0.7299    -0.7296     0.0003    -0.7441    -0.7438     0.0003   2.824597   2.824654   0.000060    34.5045    34.5049     6.0966    27.7414    27.7418    34.5059    27.7426    1452.21    1452.21    -0.7439  1029.8317    34.6747 0.0000e+00
      40632 315.066990  -62.92672  -60.13864     -0.917    1451.82    436.000    431.336    -0.7278    -0.7281    -0.0003    -0.7421    -0.7423    -0.0002   2.824731   2.824712  -0.000006    34.5047    34.5049     6.0899    27.7416    27.7417    34.5060    27.7426    1452.20    1452.20    -0.7418  1029.8269    34.6748 0.0000e+00
      40657 315.067002  -62.92672  -60.13864     -0.956    1451.82    435.000    430.348    -0.7288    -0.7288    -0.0000    -0.7430    -0.7430    -0.0000   2.824577   2.824615   0.000039    34.5047    34.5052     6.0857    27.7416    27.7420    34.5056    27.7423    1452.18    1452.18    -0.7427  1029.8219    34.6745 0.0000e+00
      40681 315.067014  -62.92672  -60.13864     -0.972    1451.82    434.000    429.360    -0.7275    -0.7272     0.0002    -0.7416    -0.7414     0.0002   2.824681   2.824722   0.000041    34.5049    34.5052     6.0861    27.7417    27.7420    34.5061    27.7427    1452.17    1452.17    -0.7414  1029.8175    34.6750 0.0000e+00
      40705 315.067026  -62.92672  -60.13864     -1.003    1451.82    433.000    428.372    -0.7229    -0.7233    -0.0003    -0.7371    -0.7374    -0.0003   2.825036   2.825010 5.0396e-07    34.5049    34.5053     6.0900    27.7415    27.7419    34.5063    27.7427    1452.18    1452.18    -0.7368  1029.8126    34.6752 0.0000e+00
      40730 315.067038  -62.92672  -60.13864     -0.984    1451.82    432.000    427.383    -0.7240    -0.7243    -0.0004    -0.7381    -0.7384    -0.0004   2.824864   2.824857  -0.000026    34.5053    34.5054     6.0918    27.7419    27.7420    34.5058    27.7423    1452.16    1452.15    -0.7378  1029.8075    34.6747 0.0000e+00
      40755 315.067050  -62.92672  -60.13864     -0.960    1451.82    431.000    426.395    -0.7258    -0.7242     0.0016    -0.7399    -0.7383     0.0016   2.824635   2.824821   0.000167    34.5052    34.5056     6.0929    27.7419    27.7421    34.5054    27.7420    1452.13    1452.14    -0.7396  1029.8026    34.6743 0.0000e+00
      40781 315.067062  -62.92674  -60.13864     -0.942    1451.82    430.000    425.407    -0.7220    -0.7186     0.0034    -0.7361    -0.7327     0.0034   2.825047   2.825344   0.000305    34.5056    34.5058     6.0854    27.7420    27.7421    34.5072    27.7434    1452.13    1452.15    -0.7358  1029.7991    34.6761 0.0000e+00
      40808 315.067075  -62.92674  -60.13864     -0.897    1451.82    429.000    424.419    -0.7137    -0.7127     0.0009    -0.7277    -0.7268     0.0009   2.825620   2.825722   0.000114    34.5052    34.5057     6.0877    27.7414    27.7417    34.5061    27.7421    1452.16    1452.16    -0.7275  1029.7930    34.6750 0.0000e+00
      40837 315.067089  -62.92674  -60.13864     -0.855    1451.82    428.000    423.430    -0.7143    -0.7139     0.0004    -0.7284    -0.7279     0.0004   2.825534   2.825614   0.000077    34.5056    34.5061     6.0892    27.7417    27.7421    34.5063    27.7423    1452.14    1452.14    -0.7280  1029.7884    34.6752 0.0000e+00
      40866 315.067103  -62.92674  -60.13865     -0.822    1451.82    427.000    422.442    -0.7119    -0.7103     0.0016    -0.7259    -0.7243     0.0016   2.825695   2.825890   0.000181    34.5057    34.5063     6.0899    27.7417    27.7421    34.5064    27.7422    1452.13    1452.14    -0.7256  1029.7836    34.6752 0.0000e+00
      40897 315.067118  -62.92674  -60.13866     -0.792    1451.82    426.000    421.454    -0.7143    -0.7156    -0.0013    -0.7283    -0.7295    -0.0013   2.825400   2.825287  -0.000087    34.5058    34.5061     6.0834    27.7419    27.7422    34.5057    27.7418    1452.10    1452.10    -0.7280  1029.7785    34.6746 0.0000e+00
      40925 315.067131  -62.92674  -60.13864     -0.828    1451.82    425.000    420.465    -0.7192    -0.7189     0.0003    -0.7331    -0.7328     0.0003   2.824976   2.825031   0.000049    34.5058    34.5062     6.0739    27.7421    27.7424    34.5062    27.7424    1452.07    1452.07    -0.7328  1029.7743    34.6750 0.0000e+00
      40949 315.067143  -62.92674  -60.13864     -0.933    1451.82    424.000    419.477    -0.7154    -0.7145     0.0009    -0.7293    -0.7284     0.0009   2.825261   2.825367   0.000101    34.5058    34.5061     6.0605    27.7419    27.7421    34.5063    27.7423    1452.07    1452.07    -0.7290  1029.7695    34.6752 0.0000e+00
      40972 315.067154  -62.92674  -60.13864     -1.023    1451.82    423.000    418.489    -0.7082    -0.7087    -0.0004    -0.7221    -0.7225    -0.0004   2.825849   2.825841   0.000006    34.5055    34.5061     6.0719    27.7414    27.7419    34.5067    27.7423    1452.09    1452.08    -0.7218  1029.7647    34.6755 0.0000e+00
      40994 315.067165  -62.92674  -60.13864     -1.057    1451.82    422.000    417.500    -0.7035    -0.7071    -0.0035    -0.7174    -0.7209    -0.0035   2.826148   2.825829  -0.000280    34.5056    34.5058     6.0782    27.7412    27.7416    34.5060    27.7415    1452.09    1452.07    -0.7171  1029.7591    34.6748 0.0000e+00
      41019 315.067177  -62.92674  -60.13864     -1.029    1451.82    421.000    416.512    -0.7092    -0.7111    -0.0019    -0.7230    -0.7248    -0.0019   2.825664   2.825515  -0.000159    34.5060    34.5060     6.0801    27.7418    27.7419    34.5065    27.7422    1452.05    1452.04    -0.7227  1029.7550    34.6753 0.0000e+00
      41045 315.067190  -62.92674  -60.13864     -0.935    1451.82    420.000    415.524    -0.7067    -0.7031     0.0035    -0.7204    -0.7169     0.0035   2.825828   2.826200   0.000328    34.5058    34.5062     6.0886    27.7415    27.7417    34.5064    27.7420    1452.04    1452.06    -0.7202  1029.7501    34.6753 0.0000e+00
      41074 315.067203  -62.92674  -60.13864     -0.860    1451.82    419.000    414.535    -0.6886    -0.6838     0.0048    -0.7024    -0.6976     0.0047   2.827499   2.827930   0.000432    34.5060    34.5064     6.0790    27.7409    27.7411    34.5090    27.7434    1452.11    1452.14    -0.7021  1029.7464    34.6779 0.0000e+00
      41100 315.067216  -62.92674  -60.13864     -0.883    1451.82    418.000    413.547    -0.6671    -0.6668     0.0002    -0.6809    -0.6807     0.0002   2.829183   2.829215   0.000051    34.5058    34.5062     6.0756    27.7398    27.7402    34.5078    27.7415    1452.20    1452.20    -0.6806  1029.7395    34.6767 0.0000e+00
      41124 315.067227  -62.92674  -60.13864     -0.961    1451.82    417.000    412.559    -0.6637    -0.6620     0.0017    -0.6775    -0.6758     0.0017   2.829462   2.829661   0.000169    34.5064    34.5068     6.0799    27.7402    27.7404    34.5083    27.7417    1452.20    1452.21    -0.6772  1029.7350    34.6772 0.0000e+00
      41148 315.067239  -62.92674  -60.13864     -1.003    1451.82    416.000    411.570    -0.6628    -0.6634    -0.0007    -0.6765    -0.6772    -0.0007   2.829400   2.829381  -0.000025    34.5064    34.5068     6.0788    27.7402    27.7405    34.5071    27.7407    1452.18    1452.18    -0.6763  1029.7292    34.6759 0.0000e+00
      41175 315.067252  -62.92674  -60.13866     -0.935    1451.82    415.000    410.582    -0.6547    -0.6449     0.0098    -0.6685    -0.6587     0.0098   2.830177   2.831092   0.000900    34.5065    34.5075     6.0658    27.7398    27.7402    34.5090    27.7419    1452.21    1452.25    -0.6682  1029.7256    34.6779 0.0000e+00
      41208 315.067268  -62.92674  -60.13866     -0.766    1451.82    414.000    409.594    -0.6453    -0.6436     0.0017    -0.6591    -0.6573     0.0017   2.830888   2.831062   0.000200    34.5069    34.5076     6.0408    27.7398    27.7403    34.5085    27.7411    1452.24    1452.24    -0.6588  1029.7199    34.6774 0.0000e+00
      41238 315.067283  -62.92674  -60.13866     -0.749    1451.82    413.000    408.605    -0.6430    -0.6451    -0.0021    -0.6567    -0.6588    -0.0021   2.831061   2.830913  -0.000133    34.5076    34.5081     6.0444    27.7402    27.7408    34.5088    27.7412    1452.23    1452.22    -0.6564  1029.7152    34.6776 0.0000e+00
      41262 315.067294  -62.92674  -60.13866     -0.908    1451.82    412.000    407.617    -0.6475    -0.6488    -0.0014    -0.6612    -0.6625    -0.0014   2.830565   2.830501  -0.000086    34.5076    34.5080     6.0418    27.7405    27.7408    34.5078    27.7406    1452.19    1452.18    -0.6609  1029.7099    34.6766 0.0000e+00
      41523 315.067420  -62.92676  -60.13866     -0.624    1451.82    411.000    406.620    -0.6405    -0.6390     0.0015    -0.6541    -0.6526     0.0015   2.831211   2.831364   0.000139    34.5084    34.5085     6.0404    27.7408    27.7408    34.5092    27.7414    1452.21    1452.22    -0.6539  1029.7062    34.6784 0.0000e+00
      42636 315.067957  -62.92680 -9.990e-29     -0.505    1451.82    410.000    405.639    -0.5971    -0.5941     0.0030    -0.6109    -0.6079     0.0030   2.834985   2.835343   0.000327    34.5103    34.5112     6.0284    27.7404    27.7410    34.5113    27.7412    1452.40    1452.41    -0.6106  1029.7024    34.6827 0.0000e+00
      42602 315.067940  -62.92680 -9.990e-29     -0.783    1451.82    409.000    404.652    -0.5891    -0.5835     0.0056    -0.6029    -0.5973     0.0056   2.835680   2.836120   0.000501    34.5100    34.5104     6.0174    27.7399    27.7399    34.5122    27.7416    1452.42    1452.45    -0.6026  1029.6978    34.6834 0.0000e+00
      42628 315.067953  -62.92680  -60.13868     -0.927    1451.82    408.000    403.663    -0.5706    -0.5719    -0.0013    -0.5844    -0.5857    -0.0013   2.837280   2.837272  -0.000053    34.5106    34.5113     6.0068    27.7395    27.7402    34.5133    27.7417    1452.49    1452.49    -0.5841  1029.6910    34.6821 0.0000e+00
      42660 315.067968  -62.92680  -60.13868     -0.803    1451.82    407.000    402.675    -0.5546    -0.5536     0.0010    -0.5684    -0.5674     0.0010   2.838557   2.838659   0.000126    34.5108    34.5114     5.9937    27.7389    27.7394    34.5128    27.7406    1452.55    1452.55    -0.5681  1029.6850    34.6817 0.0000e+00
      42698 315.067987  -62.92680  -60.13868     -0.636    1451.82    406.000    401.686    -0.5546    -0.5563    -0.0017    -0.5684    -0.5701    -0.0017   2.838494   2.838365  -0.000123    34.5115    34.5118     6.0051    27.7395    27.7398    34.5127    27.7405    1452.53    1452.53    -0.5681  1029.6801    34.6815 0.0000e+00
      42733 315.068004  -62.92680  -60.13868     -0.668    1451.82    405.000    400.698    -0.5584    -0.5576     0.0008    -0.5721    -0.5713     0.0008   2.838126   2.838240   0.000087    34.5117    34.5120     5.9898    27.7398    27.7401    34.5126    27.7405    1452.50    1452.50    -0.5719  1029.6755    34.6814 0.0000e+00
      42764 315.068018  -62.92680  -60.13869     -0.764    1451.82    404.000    399.710    -0.5466    -0.5450     0.0015    -0.5603    -0.5588     0.0015   2.839275   2.839356   0.000137    34.5122    34.5123     5.9760    27.7397    27.7398    34.5152    27.7422    1452.54    1452.55    -0.5600  1029.6722    34.6841 0.0000e+00
      42793 315.068032  -62.92681  -60.13870     -0.814    1451.82    403.000    398.721    -0.5247    -0.5251    -0.0004    -0.5385    -0.5389    -0.0004   2.841052   2.841100   0.000004    34.5121    34.5127     5.9825    27.7387    27.7391    34.5149    27.7409    1452.63    1452.62    -0.5382  1029.6659    34.6837 0.0000e+00
