Pos-Processados/process_op41/Processamento_split/up/uoperantar41_021.cnv
* Sea-Bird SBE 9 Data File:
* FileName = C:\Users\Dell\Desktop\OperantarXLI\config\00_BRUTOS\OPE41021.hdr
* Software Version Seasave V 7.26.7.110
* Temperature SN = 6497
* Conductivity SN = 4954
* Number of Bytes Per Scan = 34
* Number of Voltage Words = 3
* Number of Scans Averaged by the Deck Unit = 1
* NMEA Latitude = 62 21.63 S
* NMEA Longitude = 057 56.66 W
* NMEA UTC (Time) = Nov 11 2022 10:57:30
* NMEA baud rate = 4800
** H41
** Navio Polar Almirante Maximiano
** LH-021/2022
** Operantar XLI
** Número da Estação 021
** Latitude 62 21.943S
** Longitude 057 58.115W
** Data/Hora (Z) 11/11/2022  1100Z
** Profundidade local 1900
** 09-1439
** Nome do Operador 1T FILIPE LOPES
# nquan = 30
# nvalues = 1810                        
# units = specified
# name 0 = scan: Scan Count
# name 1 = timeJ: Julian Days
# name 2 = latitude: Latitude [deg]
# name 3 = longitude: Longitude [deg]
# name 4 = dz/dtM: Descent Rate [m/s]
# name 5 = avgsvCM: Average Sound Velocity [Chen-Millero, m/s]
# name 6 = prDM: Pressure, Digiquartz [db]
# name 7 = depSM: Depth [salt water, m]
# name 8 = t090C: Temperature [ITS-90, deg C]
# name 9 = t190C: Temperature, 2 [ITS-90, deg C]
# name 10 = T2-T190C: Temperature Difference, 2 - 1 [ITS-90, deg C]
# name 11 = potemp090C: Potential Temperature [ITS-90, deg C]
# name 12 = potemp190C: Potential Temperature, 2 [ITS-90, deg C]
# name 13 = potemp90Cdiff: Potential Temperature, Diff, 2 - 1 [ITS-90, deg C]
# name 14 = c0S/m: Conductivity [S/m]
# name 15 = c1S/m: Conductivity, 2 [S/m]
# name 16 = C2-C1S/m: Conductivity Difference, 2 - 1 [S/m]
# name 17 = sal00: Salinity, Practical [PSU]
# name 18 = sal11: Salinity, Practical, 2 [PSU]
# name 19 = sbeox0ML/L: Oxygen, SBE 43 [ml/l]
# name 20 = sigma-é00: Density [sigma-theta, kg/m^3]
# name 21 = sigma-é11: Density, 2 [sigma-theta, kg/m^3]
# name 22 = sal00: Salinity, Practical [PSU]
# name 23 = sigma-é00: Density [sigma-theta, kg/m^3]
# name 24 = svCM: Sound Velocity [Chen-Millero, m/s]
# name 25 = svCM1: Sound Velocity, 2 [Chen-Millero, m/s]
# name 26 = gsw_ptA0: potential temperature [ITS-90, deg C]
# name 27 = gsw_densityA0: density, TEOS-10 [density, kg/m^3]
# name 28 = gsw_saA0: Absolute Salinity [g/kg]
# name 29 = flag:
# span 0 =      67753,     128328       
# span 1 = 315.489271, 315.518483       
# span 2 =  -62.35735,  -62.35185       
# span 3 =  -57.90589,  -57.87520       
# span 4 =     -1.893,      0.077       
# span 5 =    1459.49,    1459.49       
# span 6 =      0.000,   1809.000       
# span 7 =      0.189,   1783.889       
# span 8 =    -1.4295,     0.4501       
# span 9 =    -1.4297,     0.4497       
# span 10 =    -0.0176,     0.0138      
# span 11 =    -1.5011,     0.4400      
# span 12 =    -1.5013,     0.4396      
# span 13 =    -0.0176,     0.0138      
# span 14 =   2.776739,   2.919845      
# span 15 =   2.776569,   2.919851      
# span 16 =  -0.001412,   0.001165      
# span 17 =    34.3253,    34.5609      
# span 18 =    34.3256,    34.5609      
# span 19 =     5.1731,     7.6022      
# span 20 =    27.5917,    27.8152      
# span 21 =    27.5919,    27.8152      
# span 22 =    34.3259,    34.5609      
# span 23 =    27.5920,    27.8153      
# span 24 =    1445.27,    1471.75      
# span 25 =    1445.27,    1471.75      
# span 26 =    -1.4998,     0.4400      
# span 27 =  1027.5977,  1036.3542      
# span 28 =    34.4917,    34.7322      
# span 29 = 0.0000e+00, 0.0000e+00      
# interval = decibars: 1                
# start_time = Nov 11 2022 10:57:30 [NMEA time, header]
# bad_flag = -9.990e-29
*END*
[from data line 629]
      84747 315.497466  -62.35584  -57.89671     -0.719    1459.49   1180.000   1165.352    -0.9822    -0.9807     0.0015    -1.0265    -1.0251     0.0015   2.839495   2.839630   0.000139    34.5535    34.5537     6.0604    27.7926    27.7927    34.5540    27.7930    1463.34    1463.35    -1.0257  1033.3871    34.7242 0.0000e+00
      84786 315.497485  -62.35584  -57.89670     -0.563    1459.49   1179.000   1164.368    -0.9775    -0.9780    -0.0005    -1.0218    -1.0223    -0.0005   2.839840   2.839813  -0.000023    34.5534    34.5536     6.0364    27.7923    27.7925    34.5538    27.7927    1463.35    1463.35    -1.0210  1033.3819    34.7241 0.0000e+00
      84810 315.497497  -62.35584  -57.89669     -0.862    1459.49   1178.000   1163.383    -0.9767    -0.9766     0.0000    -1.0209    -1.0209     0.0000   2.839863   2.839868   0.000008    34.5533    34.5534     6.0529    27.7922    27.7922    34.5538    27.7926    1463.34    1463.34    -1.0202  1033.3772    34.7241 0.0000e+00
      84833 315.497508  -62.35584  -57.89668     -1.022    1459.49   1177.000   1162.398    -0.9742    -0.9737     0.0005    -1.0184    -1.0179     0.0005   2.840035   2.840099   0.000053    34.5532    34.5534     6.0578    27.7921    27.7922    34.5538    27.7925    1463.33    1463.33    -1.0176  1033.3723    34.7241 0.0000e+00
      84856 315.497519  -62.35584  -57.89667     -1.038    1459.49   1176.000   1161.414    -0.9723    -0.9706     0.0016    -1.0165    -1.0149     0.0016   2.840162   2.840305   0.000137    34.5533    34.5533     6.0489    27.7920    27.7920    34.5540    27.7926    1463.32    1463.33    -1.0157  1033.3676    34.7242 0.0000e+00
      84882 315.497531  -62.35583  -57.89665     -0.984    1459.49   1175.000   1160.429    -0.9686    -0.9674     0.0011    -1.0128    -1.0116     0.0011   2.840408   2.840514   0.000115    34.5531    34.5534     6.0604    27.7917    27.7919    34.5537    27.7922    1463.32    1463.33    -1.0120  1033.3624    34.7239 0.0000e+00
      84911 315.497545  -62.35582  -57.89664     -0.858    1459.49   1174.000   1159.444    -0.9675    -0.9675    -0.0001    -1.0116    -1.0117    -0.0001   2.840467   2.840456  -0.000010    34.5534    34.5534     6.0420    27.7919    27.7919    34.5539    27.7923    1463.31    1463.31    -1.0109  1033.3578    34.7241 0.0000e+00
      84938 315.497558  -62.35582  -57.89662     -0.847    1459.49   1173.000   1158.459    -0.9674    -0.9673    -0.0000    -1.0115    -1.0114    -0.0000   2.840427   2.840435   0.000006    34.5533    34.5534     6.0439    27.7919    27.7919    34.5537    27.7922    1463.30    1463.30    -1.0107  1033.3530    34.7240 0.0000e+00
      84961 315.497569  -62.35582  -57.89660     -0.959    1459.49   1172.000   1157.474    -0.9663    -0.9660     0.0003    -1.0104    -1.0101     0.0003   2.840476   2.840510   0.000031    34.5534    34.5534     6.0455    27.7918    27.7919    34.5538    27.7922    1463.29    1463.29    -1.0096  1033.3483    34.7240 0.0000e+00
      84981 315.497579  -62.35582  -57.89659     -1.105    1459.49   1171.000   1156.490    -0.9654    -0.9643     0.0010    -1.0094    -1.0084     0.0010   2.840516   2.840602   0.000088    34.5533    34.5533     6.0482    27.7918    27.7917    34.5538    27.7922    1463.27    1463.28    -1.0086  1033.3436    34.7241 0.0000e+00
      85002 315.497589  -62.35582  -57.89657     -1.168    1459.49   1170.000   1155.504    -0.9645    -0.9628     0.0016    -1.0085    -1.0069     0.0016   2.840534   2.840694   0.000145    34.5533    34.5534     6.0521    27.7917    27.7917    34.5536    27.7920    1463.26    1463.27    -1.0077  1033.3387    34.7239 0.0000e+00
      85032 315.497603  -62.35582  -57.89655     -0.960    1459.49   1169.000   1154.524    -0.9621    -0.9604     0.0017    -1.0061    -1.0044     0.0017   2.840696   2.840861   0.000170    34.5531    34.5534     6.0418    27.7914    27.7917    34.5537    27.7919    1463.26    1463.26    -1.0053  1033.3339    34.7239 0.0000e+00
      85072 315.497623  -62.35580  -57.89654     -0.547    1459.49   1168.000   1153.531    -0.9552    -0.9556    -0.0004    -0.9992    -0.9996    -0.0004   2.841252   2.841230  -0.000017    34.5531    34.5533     6.0379    27.7912    27.7914    34.5539    27.7918    1463.27    1463.27    -0.9984  1033.3289    34.7241 0.0000e+00
      85094 315.497633  -62.35580  -57.89654     -0.809    1459.49   1167.000   1152.550    -0.9523    -0.9524    -0.0000    -0.9963    -0.9963    -0.0000   2.841449   2.841470   0.000016    34.5531    34.5533     6.0408    27.7911    27.7913    34.5539    27.7917    1463.27    1463.27    -0.9955  1033.3240    34.7241 0.0000e+00
      85111 315.497642  -62.35580  -57.89652     -1.151    1459.49   1166.000   1151.565    -0.9492    -0.9479     0.0014    -0.9932    -0.9919     0.0014   2.841633   2.841801   0.000136    34.5529    34.5532     6.0392    27.7908    27.7909    34.5535    27.7912    1463.27    1463.27    -0.9924  1033.3187    34.7237 0.0000e+00
      85130 315.497651  -62.35580  -57.89650     -1.309    1459.49   1165.000   1150.580    -0.9483    -0.9449     0.0034    -0.9922    -0.9888     0.0034   2.841688   2.842013   0.000307    34.5530    34.5533     6.0404    27.7909    27.7910    34.5537    27.7914    1463.26    1463.27    -0.9914  1033.3141    34.7239 0.0000e+00
      85171 315.497671  -62.35580  -57.89648     -0.738    1459.49   1164.000   1149.590    -0.9438    -0.9406     0.0032    -0.9877    -0.9845     0.0032   2.842052   2.842317   0.000275    34.5532    34.5532     6.0348    27.7908    27.7907    34.5541    27.7915    1463.26    1463.27    -0.9869  1033.3094    34.7243 0.0000e+00
      85216 315.497692  -62.35580  -57.89647     -0.441    1459.49   1163.000   1148.609    -0.9361    -0.9370    -0.0010    -0.9800    -0.9809    -0.0010   2.842656   2.842607  -0.000055    34.5530    34.5534     6.0331    27.7904    27.7907    34.5540    27.7912    1463.28    1463.27    -0.9793  1033.3041    34.7243 0.0000e+00
      85233 315.497701  -62.35580  -57.89646     -0.964    1459.49   1162.000   1147.625    -0.9317    -0.9314     0.0002    -0.9756    -0.9753     0.0002   2.842991   2.843002   0.000020    34.5530    34.5530     6.0315    27.7902    27.7901    34.5541    27.7911    1463.28    1463.28    -0.9749  1033.2992    34.7244 0.0000e+00
      85247 315.497707  -62.35578  -57.89646     -1.366    1459.49   1161.000   1146.640    -0.9299    -0.9297     0.0002    -0.9738    -0.9736     0.0002   2.843070   2.843088   0.000010    34.5530    34.5529     6.0288    27.7901    27.7901    34.5538    27.7908    1463.28    1463.28    -0.9730  1033.2941    34.7240 0.0000e+00
      85262 315.497715  -62.35578  -57.89645     -1.591    1459.49   1160.000   1145.656    -0.9290    -0.9284     0.0006    -0.9728    -0.9722     0.0006   2.843093   2.843161   0.000065    34.5528    34.5530     6.0248    27.7900    27.7901    34.5536    27.7906    1463.26    1463.27    -0.9721  1033.2893    34.7239 0.0000e+00
      85281 315.497724  -62.35578  -57.89642     -1.522    1459.49   1159.000   1144.689    -0.9294    -0.9278     0.0016    -0.9732    -0.9716     0.0016   2.843032   2.843162   0.000129    34.5532    34.5532     6.0067    27.7903    27.7902    34.5539    27.7908    1463.24    1463.25    -0.9724  1033.2848    34.7241 0.0000e+00
      85336 315.497751  -62.35578  -57.89638     -0.296    1459.49   1158.000   1143.680    -0.9278    -0.9278    -0.0000    -0.9716    -0.9716    -0.0000   2.843114   2.843126   0.000021    34.5531    34.5534     6.0167    27.7902    27.7904    34.5537    27.7906    1463.24    1463.24    -0.9708  1033.2799    34.7240 0.0000e+00
      85363 315.497763  -62.35578  -57.89637     -0.651    1459.49   1157.000   1142.701    -0.9270    -0.9271    -0.0001    -0.9707    -0.9708    -0.0001   2.843129   2.843130   0.000002    34.5532    34.5533     6.0112    27.7902    27.7903    34.5536    27.7905    1463.22    1463.22    -0.9700  1033.2751    34.7238 0.0000e+00
      85380 315.497771  -62.35578  -57.89636     -1.150    1459.49   1156.000   1141.716    -0.9270    -0.9272    -0.0002    -0.9707    -0.9709    -0.0002   2.843079   2.843068  -0.000010    34.5531    34.5533     6.0118    27.7901    27.7902    34.5535    27.7904    1463.20    1463.20    -0.9699  1033.2703    34.7237 0.0000e+00
      85396 315.497779  -62.35578  -57.89634     -1.413    1459.49   1155.000   1140.731    -0.9273    -0.9274    -0.0001    -0.9709    -0.9710    -0.0001   2.843019   2.843016  -0.000002    34.5533    34.5533     6.0087    27.7903    27.7903    34.5536    27.7905    1463.19    1463.19    -0.9702  1033.2657    34.7238 0.0000e+00
      85417 315.497789  -62.35578  -57.89633     -1.347    1459.49   1154.000   1139.746    -0.9275    -0.9276    -0.0001    -0.9711    -0.9712    -0.0001   2.842970   2.842957  -0.000009    34.5535    34.5535     6.0032    27.7904    27.7904    34.5537    27.7906    1463.17    1463.17    -0.9703  1033.2602    34.7227 0.0000e+00
      85476 315.497818 -9.990e-29  -57.89631     -0.318    1459.49   1153.000   1138.757    -0.9260    -0.9263    -0.0003    -0.9695    -0.9698    -0.0003   2.843049   2.843042  -0.000004    34.5532    34.5536     6.0212    27.7901    27.7904    34.5536    27.7905    1463.16    1463.16    -0.9688  1033.2497    34.7156 0.0000e+00
      85510 315.497834 -9.990e-29  -57.89630     -0.640    1459.49   1152.000   1137.776    -0.9233    -0.9236    -0.0002    -0.9668    -0.9671    -0.0002   2.843234   2.843227  -0.000011    34.5534    34.5534     6.0155    27.7902    27.7902    34.5537    27.7904    1463.16    1463.15    -0.9661  1033.2457    34.7166 0.0000e+00
      85530 315.497844  -62.35576  -57.89629     -1.057    1459.49   1151.000   1136.791    -0.9227    -0.9226     0.0002    -0.9662    -0.9661     0.0002   2.843225   2.843245   0.000017    34.5532    34.5533     6.0018    27.7900    27.7900    34.5535    27.7902    1463.14    1463.14    -0.9654  1033.2445    34.7210 0.0000e+00
      85551 315.497854  -62.35576  -57.89627     -1.175    1459.49   1150.000   1135.806    -0.9227    -0.9223     0.0005    -0.9662    -0.9657     0.0005   2.843186   2.843239   0.000049    34.5534    34.5535     5.9961    27.7901    27.7902    34.5536    27.7903    1463.13    1463.13    -0.9654  1033.2419    34.7237 0.0000e+00
      85582 315.497869  -62.35576  -57.89625     -0.896    1459.49   1149.000   1134.822    -0.9224    -0.9215     0.0008    -0.9658    -0.9649     0.0008   2.843185   2.843256   0.000076    34.5534    34.5535     6.0123    27.7901    27.7901    34.5537    27.7904    1463.11    1463.12    -0.9650  1033.2374    34.7239 0.0000e+00
      85616 315.497885  -62.35574  -57.89622     -0.649    1459.49   1148.000   1133.836    -0.9203    -0.9205    -0.0001    -0.9637    -0.9638    -0.0001   2.843305   2.843310 8.1395e-07    34.5533    34.5534     6.0100    27.7900    27.7901    34.5536    27.7902    1463.10    1463.10    -0.9629  1033.2325    34.7238 0.0000e+00
      85639 315.497897  -62.35574  -57.89620     -0.883    1459.49   1147.000   1132.851    -0.9198    -0.9196     0.0002    -0.9631    -0.9629     0.0002   2.843292   2.843329   0.000039    34.5532    34.5535     6.0070    27.7899    27.7901    34.5534    27.7900    1463.09    1463.09    -0.9624  1033.2276    34.7236 0.0000e+00
      85662 315.497908  -62.35574  -57.89620     -1.049    1459.49   1146.000   1131.866    -0.9198    -0.9199    -0.0001    -0.9631    -0.9632    -0.0001   2.843259   2.843261   0.000003    34.5534    34.5535     5.9947    27.7900    27.7901    34.5535    27.7901    1463.07    1463.07    -0.9623  1033.2230    34.7237 0.0000e+00
      85704 315.497928  -62.35574  -57.89618     -0.648    1459.49   1145.000   1130.882    -0.9198    -0.9199    -0.0000    -0.9631    -0.9631    -0.0000   2.843215   2.843226   0.000013    34.5534    34.5536     6.0052    27.7900    27.7902    34.5535    27.7901    1463.06    1463.05    -0.9623  1033.2183    34.7237 0.0000e+00
      85748 315.497949  -62.35573  -57.89616     -0.487    1459.49   1144.000   1129.896    -0.9193    -0.9195    -0.0003    -0.9624    -0.9627    -0.0002   2.843219   2.843210  -0.000009    34.5534    34.5535     6.0052    27.7900    27.7901    34.5535    27.7901    1463.04    1463.04    -0.9617  1033.2136    34.7237 0.0000e+00
      85771 315.497960  -62.35572  -57.89615     -0.879    1459.49   1143.000   1128.911    -0.9191    -0.9194    -0.0003    -0.9623    -0.9625    -0.0003   2.843178   2.843167  -0.000008    34.5533    34.5535     5.9983    27.7899    27.7901    34.5534    27.7900    1463.03    1463.03    -0.9615  1033.2088    34.7236 0.0000e+00
      85795 315.497971  -62.35572  -57.89613     -1.041    1459.49   1142.000   1127.926    -0.9196    -0.9197    -0.0001    -0.9626    -0.9628    -0.0001   2.843100   2.843096  -0.000003    34.5534    34.5535     5.9963    27.7900    27.7901    34.5534    27.7900    1463.01    1463.01    -0.9619  1033.2042    34.7236 0.0000e+00
      85828 315.497988  -62.35572  -57.89612     -0.786    1459.49   1141.000   1126.941    -0.9197    -0.9198    -0.0000    -0.9627    -0.9628    -0.0000   2.843053   2.843053 -4.477e-07    34.5535    34.5535     6.0092    27.7901    27.7901    34.5535    27.7901    1462.99    1462.99    -0.9620  1033.1996    34.7237 0.0000e+00
      85862 315.498004  -62.35572  -57.89609     -0.643    1459.49   1140.000   1125.957    -0.9196    -0.9197    -0.0001    -0.9626    -0.9627    -0.0001   2.843016   2.843017   0.000005    34.5534    34.5536     6.0018    27.7900    27.7902    34.5535    27.7901    1462.97    1462.97    -0.9618  1033.1949    34.7237 0.0000e+00
      85883 315.498014  -62.35572  -57.89608     -0.932    1459.49   1139.000   1124.972    -0.9191    -0.9190     0.0001    -0.9620    -0.9619     0.0001   2.843021   2.843040   0.000011    34.5534    34.5535     5.9932    27.7900    27.7900    34.5535    27.7901    1462.96    1462.96    -0.9613  1033.1902    34.7237 0.0000e+00
      85901 315.498023  -62.35572  -57.89606     -1.183    1459.49   1138.000   1123.986    -0.9184    -0.9176     0.0008    -0.9613    -0.9605     0.0008   2.843022   2.843107   0.000079    34.5533    34.5535     5.9912    27.7899    27.7900    34.5533    27.7899    1462.94    1462.95    -0.9605  1033.1853    34.7235 0.0000e+00
      85923 315.498033  -62.35572  -57.89604     -1.221    1459.49   1137.000   1123.004    -0.9184    -0.9170     0.0014    -0.9612    -0.9599     0.0014   2.842993   2.843119   0.000121    34.5535    34.5535     5.9985    27.7900    27.7900    34.5536    27.7901    1462.93    1462.94    -0.9605  1033.1808    34.7238 0.0000e+00
      85980 315.498061  -62.35571  -57.89603     -0.349    1459.49   1136.000   1122.008    -0.9165    -0.9161     0.0003    -0.9593    -0.9589     0.0003   2.843113   2.843151   0.000038    34.5534    34.5535     6.0074    27.7899    27.7900    34.5535    27.7900    1462.92    1462.92    -0.9586  1033.1760    34.7237 0.0000e+00
      86014 315.498077  -62.35570  -57.89602     -0.629    1459.49   1135.000   1121.031    -0.9152    -0.9154    -0.0003    -0.9580    -0.9582    -0.0003   2.843173   2.843165  -0.000007    34.5533    34.5535     5.9874    27.7897    27.7899    34.5534    27.7899    1462.91    1462.91    -0.9572  1033.1711    34.7236 0.0000e+00
      86032 315.498086  -62.35570  -57.89601     -1.098    1459.49   1134.000   1120.046    -0.9144    -0.9139     0.0005    -0.9571    -0.9566     0.0005   2.843210   2.843252   0.000038    34.5534    34.5534     5.9894    27.7898    27.7898    34.5536    27.7900    1462.90    1462.90    -0.9564  1033.1665    34.7238 0.0000e+00
