Pos-Processados/process_op41/Processamento_split/up/uoperantar41_021.cnv
* Sea-Bird SBE 9 Data File:
* FileName = C:\Users\Dell\Desktop\OperantarXLI\config\00_BRUTOS\OPE41021.hdr
* Software Version Seasave V 7.26.7.110
* Temperature SN = 6497
* Conductivity SN = 4954
* Number of Bytes Per Scan = 34
* Number of Voltage Words = 3
* Number of Scans Averaged by the Deck Unit = 1
* NMEA Latitude = 62 21.63 S
* NMEA Longitude = 057 56.66 W
* NMEA UTC (Time) = Nov 11 2022 10:57:30
* NMEA baud rate = 4800
** H41
** Navio Polar Almirante Maximiano
** LH-021/2022
** Operantar XLI
** Número da Estação 021
** Latitude 62 21.943S
** Longitude 057 58.115W
** Data/Hora (Z) 11/11/2022  1100Z
** Profundidade local 1900
** 09-1439
** Nome do Operador 1T FILIPE LOPES
# nquan = 30
# nvalues = 1810                        
# units = specified
# name 0 = scan: Scan Count
# name 1 = timeJ: Julian Days
# name 2 = latitude: Latitude [deg]
# name 3 = longitude: Longitude [deg]
# name 4 = dz/dtM: Descent Rate [m/s]
# name 5 = avgsvCM: Average Sound Velocity [Chen-Millero, m/s]
# name 6 = prDM: Pressure, Digiquartz [db]
# name 7 = depSM: Depth [salt water, m]
# name 8 = t090C: Temperature [ITS-90, deg C]
# name 9 = t190C: Temperature, 2 [ITS-90, deg C]
# name 10 = T2-T190C: Temperature Difference, 2 - 1 [ITS-90, deg C]
# name 11 = potemp090C: Potential Temperature [ITS-90, deg C]
# name 12 = potemp190C: Potential Temperature, 2 [ITS-90, deg C]
# name 13 = potemp90Cdiff: Potential Temperature, Diff, 2 - 1 [ITS-90, deg C]
# name 14 = c0S/m: Conductivity [S/m]
# name 15 = c1S/m: Conductivity, 2 [S/m]
# name 16 = C2-C1S/m: Conductivity Difference, 2 - 1 [S/m]
# name 17 = sal00: Salinity, Practical [PSU]
# name 18 = sal11: Salinity, Practical, 2 [PSU]
# name 19 = sbeox0ML/L: Oxygen, SBE 43 [ml/l]
# name 20 = sigma-é00: Density [sigma-theta, kg/m^3]
# name 21 = sigma-é11: Density, 2 [sigma-theta, kg/m^3]
# name 22 = sal00: Salinity, Practical [PSU]
# name 23 = sigma-é00: Density [sigma-theta, kg/m^3]
# name 24 = svCM: Sound Velocity [Chen-Millero, m/s]
# name 25 = svCM1: Sound Velocity, 2 [Chen-Millero, m/s]
# name 26 = gsw_ptA0: potential temperature [ITS-90, deg C]
# name 27 = gsw_densityA0: density, TEOS-10 [density, kg/m^3]
# name 28 = gsw_saA0: Absolute Salinity [g/kg]
# name 29 = flag:
# span 0 =      67753,     128328       
# span 1 = 315.489271, 315.518483       
# span 2 =  -62.35735,  -62.35185       
# span 3 =  -57.90589,  -57.87520       
# span 4 =     -1.893,      0.077       
# span 5 =    1459.49,    1459.49       
# span 6 =      0.000,   1809.000       
# span 7 =      0.189,   1783.889       
# span 8 =    -1.4295,     0.4501       
# span 9 =    -1.4297,     0.4497       
# span 10 =    -0.0176,     0.0138      
# span 11 =    -1.5011,     0.4400      
# span 12 =    -1.5013,     0.4396      
# span 13 =    -0.0176,     0.0138      
# span 14 =   2.776739,   2.919845      
# span 15 =   2.776569,   2.919851      
# span 16 =  -0.001412,   0.001165      
# span 17 =    34.3253,    34.5609      
# span 18 =    34.3256,    34.5609      
# span 19 =     5.1731,     7.6022      
# span 20 =    27.5917,    27.8152      
# span 21 =    27.5919,    27.8152      
# span 22 =    34.3259,    34.5609      
# span 23 =    27.5920,    27.8153      
# span 24 =    1445.27,    1471.75      
# span 25 =    1445.27,    1471.75      
# span 26 =    -1.4998,     0.4400      
# span 27 =  1027.5977,  1036.3542      
# span 28 =    34.4917,    34.7322      
# span 29 = 0.0000e+00, 0.0000e+00      
# interval = decibars: 1                
# start_time = Nov 11 2022 10:57:30 [NMEA time, header]
# bad_flag = -9.990e-29
*END*
[from data line 436]
      79640 315.495004  -62.35634  -57.89946     -0.571    1459.49   1373.000   1355.336    -1.1491    -1.1492    -0.0001    -1.2012    -1.2013    -0.0002   2.833719   2.833725   0.000008    34.5539    34.5542     6.1977    27.7994    27.7997    34.5547    27.8001    1465.77    1465.77    -1.2002  1034.2958    34.7181 0.0000e+00
      79663 315.495014 -9.990e-29  -57.89946     -0.875    1459.49   1372.000   1354.352    -1.1448    -1.1450    -0.0002    -1.1969    -1.1971    -0.0002   2.834002   2.834000  -0.000006    34.5538    34.5539     6.2030    27.7992    27.7993    34.5542    27.7995    1465.77    1465.77    -1.1959  1034.2901    34.7172 0.0000e+00
      79683 315.495024 -9.990e-29  -57.89946     -1.115    1459.49   1371.000   1353.368    -1.1445    -1.1439     0.0006    -1.1965    -1.1960     0.0006   2.833999   2.834054   0.000047    34.5540    34.5540     6.2064    27.7993    27.7993    34.5544    27.7996    1465.76    1465.76    -1.1955  1034.2856    34.7174 0.0000e+00
      79702 315.495033 -9.990e-29  -57.89945     -1.212    1459.49   1370.000   1352.384    -1.1428    -1.1412     0.0016    -1.1948    -1.1933     0.0015   2.834104   2.834256   0.000146    34.5538    34.5540     6.2074    27.7991    27.7992    34.5544    27.7996    1465.75    1465.76    -1.1938  1034.2808    34.7174 0.0000e+00
      79723 315.495043  -62.35632  -57.89943     -1.207    1459.49   1369.000   1351.401    -1.1404    -1.1382     0.0023    -1.1924    -1.1902     0.0022   2.834265   2.834464   0.000195    34.5539    34.5540     6.2024    27.7991    27.7991    34.5545    27.7996    1465.74    1465.75    -1.1914  1034.2777    34.7196 0.0000e+00
      79744 315.495054  -62.35632  -57.89942     -1.152    1459.49   1368.000   1350.416    -1.1379    -1.1362     0.0017    -1.1899    -1.1882     0.0017   2.834410   2.834570   0.000160    34.5537    34.5539     6.2023    27.7988    27.7989    34.5542    27.7993    1465.74    1465.75    -1.1889  1034.2769    34.7247 0.0000e+00
      79766 315.495064  -62.35632  -57.89941     -1.114    1459.49   1367.000   1349.433    -1.1364    -1.1357     0.0007    -1.1883    -1.1876     0.0007   2.834498   2.834574   0.000072    34.5537    34.5539     6.2007    27.7988    27.7989    34.5542    27.7992    1465.73    1465.73    -1.1874  1034.2721    34.7247 0.0000e+00
      79787 315.495074  -62.35632  -57.89940     -1.121    1459.49   1366.000   1348.448    -1.1344    -1.1339     0.0005    -1.1863    -1.1858     0.0005   2.834632   2.834684   0.000060    34.5537    34.5540     6.2026    27.7987    27.7989    34.5544    27.7993    1465.72    1465.72    -1.1853  1034.2674    34.7249 0.0000e+00
      79806 315.495084  -62.35632  -57.89938     -1.179    1459.49   1365.000   1347.465    -1.1331    -1.1320     0.0011    -1.1849    -1.1839     0.0010   2.834713   2.834815   0.000094    34.5539    34.5540     6.1928    27.7988    27.7989    34.5545    27.7993    1465.71    1465.72    -1.1840  1034.2628    34.7250 0.0000e+00
      79826 315.495093  -62.35632  -57.89936     -1.216    1459.49   1364.000   1346.481    -1.1322    -1.1312     0.0010    -1.1840    -1.1830     0.0010   2.834722   2.834808   0.000083    34.5539    34.5538     6.1811    27.7987    27.7987    34.5542    27.7990    1465.70    1465.70    -1.1831  1034.2578    34.7247 0.0000e+00
      79846 315.495103  -62.35632  -57.89935     -1.213    1459.49   1363.000   1345.497    -1.1321    -1.1313     0.0007    -1.1838    -1.1831     0.0007   2.834708   2.834760   0.000062    34.5540    34.5540     6.1898    27.7989    27.7988    34.5545    27.7992    1465.68    1465.69    -1.1829  1034.2534    34.7250 0.0000e+00
      79869 315.495114  -62.35632  -57.89934     -1.133    1459.49   1362.000   1344.513    -1.1318    -1.1314     0.0004    -1.1835    -1.1831     0.0004   2.834685   2.834722   0.000032    34.5540    34.5540     6.1884    27.7988    27.7988    34.5544    27.7992    1465.67    1465.67    -1.1826  1034.2486    34.7249 0.0000e+00
      79900 315.495129  -62.35631  -57.89934     -0.881    1459.49   1361.000   1343.529    -1.1308    -1.1303     0.0006    -1.1825    -1.1819     0.0006   2.834719   2.834780   0.000064    34.5540    34.5542     6.1925    27.7988    27.7990    34.5543    27.7991    1465.65    1465.66    -1.1815  1034.2438    34.7248 0.0000e+00
      79941 315.495148  -62.35630  -57.89933     -0.551    1459.49   1360.000   1342.544    -1.1274    -1.1277    -0.0003    -1.1791    -1.1794    -0.0003   2.834978   2.834972 9.0105e-08    34.5539    34.5542     6.1882    27.7986    27.7989    34.5545    27.7991    1465.66    1465.65    -1.1781  1034.2390    34.7250 0.0000e+00
      79965 315.495160  -62.35630  -57.89932     -0.770    1459.49   1359.000   1341.561    -1.1253    -1.1255    -0.0002    -1.1770    -1.1771    -0.0002   2.835087   2.835077  -0.000011    34.5539    34.5540     6.1910    27.7985    27.7986    34.5542    27.7988    1465.65    1465.65    -1.1760  1034.2340    34.7247 0.0000e+00
      79984 315.495169  -62.35630  -57.89931     -1.097    1459.49   1358.000   1340.577    -1.1249    -1.1249    -0.0000    -1.1765    -1.1765    -0.0000   2.835087   2.835099   0.000012    34.5539    34.5541     6.1851    27.7985    27.7987    34.5543    27.7988    1465.63    1465.63    -1.1755  1034.2293    34.7247 0.0000e+00
      80001 315.495178  -62.35630  -57.89930     -1.299    1459.49   1357.000   1339.593    -1.1249    -1.1249     0.0000    -1.1764    -1.1764     0.0000   2.835041   2.835046   0.000007    34.5539    34.5540     6.1754    27.7986    27.7986    34.5543    27.7988    1465.62    1465.62    -1.1755  1034.2246    34.7247 0.0000e+00
      80021 315.495187  -62.35630  -57.89928     -1.327    1459.49   1356.000   1338.609    -1.1251    -1.1249     0.0002    -1.1766    -1.1764     0.0002   2.834979   2.835001   0.000022    34.5540    34.5541     6.1683    27.7986    27.7986    34.5542    27.7988    1465.60    1465.60    -1.1756  1034.2199    34.7246 0.0000e+00
      80042 315.495197  -62.35630  -57.89926     -1.200    1459.49   1355.000   1337.625    -1.1248    -1.1250    -0.0001    -1.1763    -1.1764    -0.0001   2.834966   2.834960  -0.000006    34.5540    34.5541     6.1792    27.7986    27.7987    34.5543    27.7988    1465.58    1465.58    -1.1753  1034.2154    34.7248 0.0000e+00
      80065 315.495208  -62.35628  -57.89924     -1.086    1459.49   1354.000   1336.641    -1.1246    -1.1245     0.0001    -1.1760    -1.1759     0.0001   2.834944   2.834957   0.000014    34.5541    34.5542     6.1822    27.7986    27.7987    34.5543    27.7989    1465.57    1465.57    -1.1751  1034.2107    34.7248 0.0000e+00
      80085 315.495218  -62.35628  -57.89923     -1.105    1459.49   1353.000   1335.657    -1.1242    -1.1241     0.0001    -1.1755    -1.1754     0.0001   2.834928   2.834934   0.000006    34.5540    34.5540     6.1800    27.7986    27.7985    34.5542    27.7987    1465.55    1465.55    -1.1746  1034.2059    34.7247 0.0000e+00
      80104 315.495227  -62.35629  -57.89921     -1.211    1459.49   1352.000   1334.673    -1.1246    -1.1243     0.0002    -1.1759    -1.1756     0.0002   2.834862   2.834891   0.000029    34.5541    34.5542     6.1824    27.7986    27.7987    34.5543    27.7988    1465.53    1465.54    -1.1749  1034.2013    34.7248 0.0000e+00
      80123 315.495236  -62.35630  -57.89920     -1.269    1459.49   1351.000   1333.689    -1.1241    -1.1239     0.0002    -1.1754    -1.1751     0.0002   2.834867   2.834874   0.000008    34.5543    34.5541     6.1878    27.7988    27.7987    34.5544    27.7989    1465.52    1465.52    -1.1744  1034.1967    34.7249 0.0000e+00
      80149 315.495249  -62.35629  -57.89919     -1.083    1459.49   1350.000   1332.705    -1.1238    -1.1240    -0.0001    -1.1750    -1.1752    -0.0001   2.834844   2.834828  -0.000011    34.5541    34.5541     6.1828    27.7987    27.7987    34.5544    27.7988    1465.50    1465.50    -1.1741  1034.1920    34.7248 0.0000e+00
      80193 315.495270  -62.35628  -57.89918     -0.530    1459.49   1349.000   1331.719    -1.1196    -1.1201    -0.0005    -1.1708    -1.1713    -0.0005   2.835164   2.835126  -0.000042    34.5540    34.5541     6.1769    27.7984    27.7985    34.5545    27.7988    1465.51    1465.51    -1.1699  1034.1871    34.7249 0.0000e+00
      80225 315.495285  -62.35628  -57.89918     -0.662    1459.49   1348.000   1330.737    -1.1175    -1.1178    -0.0003    -1.1687    -1.1690    -0.0003   2.835275   2.835270  -0.000008    34.5539    34.5541     6.1723    27.7982    27.7984    34.5541    27.7984    1465.50    1465.50    -1.1677  1034.1797    34.7217 0.0000e+00
      80246 315.495296 -9.990e-29  -57.89918     -0.967    1459.49   1347.000   1329.753    -1.1174    -1.1175    -0.0001    -1.1685    -1.1686    -0.0001   2.835244   2.835242 2.8125e-07    34.5540    34.5541     6.1808    27.7983    27.7984    34.5541    27.7984    1465.49    1465.48    -1.1675  1034.1713    34.7170 0.0000e+00
      80264 315.495304 -9.990e-29  -57.89916     -1.180    1459.49   1346.000   1328.768    -1.1174    -1.1173     0.0002    -1.1685    -1.1683     0.0001   2.835216   2.835237   0.000014    34.5541    34.5542     6.1803    27.7984    27.7984    34.5544    27.7986    1465.47    1465.47    -1.1675  1034.1669    34.7173 0.0000e+00
      80282 315.495313 -9.990e-29  -57.89914     -1.296    1459.49   1345.000   1327.784    -1.1162    -1.1153     0.0010    -1.1673    -1.1663     0.0010   2.835257   2.835347   0.000083    34.5540    34.5540     6.1812    27.7982    27.7982    34.5542    27.7984    1465.46    1465.46    -1.1663  1034.1620    34.7171 0.0000e+00
      80301 315.495322 -9.990e-29  -57.89913     -1.330    1459.49   1344.000   1326.801    -1.1155    -1.1149     0.0006    -1.1665    -1.1659     0.0006   2.835284   2.835335   0.000054    34.5540    34.5540     6.1759    27.7982    27.7982    34.5543    27.7984    1465.44    1465.45    -1.1655  1034.1573    34.7172 0.0000e+00
      80321 315.495332  -62.35626  -57.89911     -1.272    1459.49   1343.000   1325.816    -1.1153    -1.1146     0.0007    -1.1663    -1.1656     0.0007   2.835255   2.835326   0.000069    34.5540    34.5542     6.1751    27.7982    27.7983    34.5542    27.7984    1465.43    1465.43    -1.1653  1034.1539    34.7188 0.0000e+00
      80345 315.495343  -62.35626  -57.89909     -1.106    1459.49   1342.000   1324.832    -1.1147    -1.1135     0.0013    -1.1656    -1.1644     0.0012   2.835276   2.835382   0.000105    34.5541    34.5541     6.1708    27.7983    27.7982    34.5544    27.7986    1465.41    1465.42    -1.1647  1034.1540    34.7248 0.0000e+00
      80371 315.495356  -62.35626  -57.89907     -0.944    1459.49   1341.000   1323.848    -1.1121    -1.1117     0.0004    -1.1630    -1.1626     0.0004   2.835446   2.835484   0.000037    34.5540    34.5540     6.1764    27.7981    27.7981    34.5543    27.7983    1465.41    1465.41    -1.1620  1034.1491    34.7247 0.0000e+00
      80394 315.495367  -62.35626  -57.89906     -0.972    1459.49   1340.000   1322.864    -1.1107    -1.1102     0.0005    -1.1616    -1.1611     0.0004   2.835524   2.835564   0.000042    34.5540    34.5541     6.1559    27.7981    27.7981    34.5544    27.7983    1465.40    1465.40    -1.1606  1034.1443    34.7248 0.0000e+00
      80416 315.495378  -62.35626  -57.89906     -1.055    1459.49   1339.000   1321.880    -1.1099    -1.1097     0.0002    -1.1607    -1.1605     0.0002   2.835534   2.835562   0.000032    34.5539    34.5541     6.1625    27.7979    27.7981    34.5541    27.7981    1465.39    1465.39    -1.1598  1034.1394    34.7246 0.0000e+00
      80441 315.495390  -62.35626  -57.89905     -1.030    1459.49   1338.000   1320.896    -1.1099    -1.1093     0.0005    -1.1607    -1.1601     0.0005   2.835492   2.835561   0.000063    34.5540    34.5542     6.1811    27.7980    27.7982    34.5541    27.7981    1465.37    1465.37    -1.1597  1034.1347    34.7245 0.0000e+00
      80475 315.495406  -62.35626  -57.89904     -0.772    1459.49   1337.000   1319.912    -1.1093    -1.1090     0.0003    -1.1600    -1.1597     0.0003   2.835517   2.835543   0.000029    34.5541    34.5542     6.1764    27.7981    27.7981    34.5543    27.7983    1465.36    1465.36    -1.1591  1034.1302    34.7248 0.0000e+00
      80513 315.495424  -62.35626  -57.89902     -0.600    1459.49   1336.000   1318.928    -1.1084    -1.1087    -0.0003    -1.1591    -1.1594    -0.0003   2.835542   2.835527  -0.000012    34.5541    34.5542     6.1703    27.7980    27.7981    34.5543    27.7982    1465.34    1465.34    -1.1581  1034.1254    34.7247 0.0000e+00
      80538 315.495437  -62.35626  -57.89901     -0.815    1459.49   1335.000   1317.944    -1.1081    -1.1083    -0.0001    -1.1587    -1.1589    -0.0001   2.835521   2.835519  -0.000001    34.5541    34.5542     6.1640    27.7980    27.7981    34.5543    27.7982    1465.33    1465.33    -1.1578  1034.1207    34.7247 0.0000e+00
      80559 315.495446  -62.35625  -57.89899     -1.053    1459.49   1334.000   1316.960    -1.1079    -1.1078     0.0000    -1.1585    -1.1584     0.0000   2.835501   2.835516   0.000015    34.5542    34.5543     6.1644    27.7981    27.7982    34.5543    27.7982    1465.31    1465.31    -1.1576  1034.1161    34.7247 0.0000e+00
      80577 315.495455  -62.35624  -57.89898     -1.209    1459.49   1333.000   1315.975    -1.1076    -1.1075     0.0001    -1.1581    -1.1580     0.0001   2.835489   2.835495   0.000005    34.5542    34.5542     6.1562    27.7981    27.7981    34.5543    27.7982    1465.30    1465.30    -1.1572  1034.1114    34.7247 0.0000e+00
      80596 315.495465  -62.35624  -57.89896     -1.274    1459.49   1332.000   1314.991    -1.1071    -1.1069     0.0002    -1.1576    -1.1574     0.0002   2.835489   2.835511   0.000018    34.5542    34.5542     6.1516    27.7981    27.7981    34.5544    27.7982    1465.28    1465.29    -1.1567  1034.1068    34.7248 0.0000e+00
      80616 315.495474  -62.35624  -57.89895     -1.253    1459.49   1331.000   1314.007    -1.1065    -1.1055     0.0010    -1.1570    -1.1559     0.0010   2.835485   2.835580   0.000094    34.5540    34.5542     6.1622    27.7979    27.7980    34.5542    27.7980    1465.27    1465.27    -1.1560  1034.1019    34.7246 0.0000e+00
      80640 315.495485  -62.35624  -57.89893     -1.129    1459.49   1330.000   1313.023    -1.1060    -1.1052     0.0009    -1.1564    -1.1556     0.0008   2.835474   2.835555   0.000079    34.5540    34.5541     6.1694    27.7979    27.7979    34.5541    27.7979    1465.25    1465.26    -1.1555  1034.0971    34.7245 0.0000e+00
      80669 315.495500  -62.35624  -57.89892     -0.865    1459.49   1329.000   1312.039    -1.1054    -1.1052     0.0003    -1.1558    -1.1555     0.0003   2.835493   2.835517   0.000024    34.5541    34.5541     6.1722    27.7979    27.7979    34.5543    27.7980    1465.24    1465.24    -1.1548  1034.0925    34.7247 0.0000e+00
      80697 315.495513  -62.35624  -57.89890     -0.816    1459.49   1328.000   1311.055    -1.1046    -1.1046    -0.0000    -1.1549    -1.1549    -0.0000   2.835524   2.835523 3.0961e-07    34.5540    34.5541     6.1688    27.7979    27.7979    34.5543    27.7980    1465.23    1465.23    -1.1540  1034.0878    34.7247 0.0000e+00
      80719 315.495524  -62.35624  -57.89890     -0.984    1459.49   1327.000   1310.071    -1.1040    -1.1039     0.0001    -1.1543    -1.1542     0.0000   2.835526   2.835537   0.000008    34.5541    34.5541     6.1695    27.7979    27.7979    34.5542    27.7980    1465.22    1465.22    -1.1534  1034.0831    34.7246 0.0000e+00
