Pos-Processados/process_op41/Processamento_split/up/uoperantar41_014LR.cnv
* Sea-Bird SBE 9 Data File:
* FileName = C:\Users\Dell\Desktop\OperantarXLI\config\00_BRUTOS\OPE41014LR.hdr
* Software Version Seasave V 7.26.7.110
* Temperature SN = 6497
* Conductivity SN = 4954
* Number of Bytes Per Scan = 31
* Number of Voltage Words = 2
* Number of Scans Averaged by the Deck Unit = 1
* NMEA Latitude = 45 53.01 S
* NMEA Longitude = 058 29.32 W
* NMEA UTC (Time) = Oct 25 2022 11:27:01
* NMEA baud rate = 4800
** H41
** Navio Polar Almirante Maximiano
** LH-021/2022
** Operantar XLI
** Número da Estação 014
** Latitude 45 53.086 S
** Longitude 058 29.226 W
** Data/Hora (Z) 25/10/2022 1127Z
** Profundidade local 2647 m
** 09-1439
** Nome do Operador CT GARLA
# nquan = 30
# nvalues = 2041                        
# units = specified
# name 0 = scan: Scan Count
# name 1 = timeJ: Julian Days
# name 2 = latitude: Latitude [deg]
# name 3 = longitude: Longitude [deg]
# name 4 = dz/dtM: Descent Rate [m/s]
# name 5 = avgsvCM: Average Sound Velocity [Chen-Millero, m/s]
# name 6 = prDM: Pressure, Digiquartz [db]
# name 7 = depSM: Depth [salt water, m]
# name 8 = t090C: Temperature [ITS-90, deg C]
# name 9 = t190C: Temperature, 2 [ITS-90, deg C]
# name 10 = T2-T190C: Temperature Difference, 2 - 1 [ITS-90, deg C]
# name 11 = potemp090C: Potential Temperature [ITS-90, deg C]
# name 12 = potemp190C: Potential Temperature, 2 [ITS-90, deg C]
# name 13 = potemp90Cdiff: Potential Temperature, Diff, 2 - 1 [ITS-90, deg C]
# name 14 = c0S/m: Conductivity [S/m]
# name 15 = c1S/m: Conductivity, 2 [S/m]
# name 16 = C2-C1S/m: Conductivity Difference, 2 - 1 [S/m]
# name 17 = sal00: Salinity, Practical [PSU]
# name 18 = sal11: Salinity, Practical, 2 [PSU]
# name 19 = sbeox0ML/L: Oxygen, SBE 43 [ml/l]
# name 20 = sigma-é00: Density [sigma-theta, kg/m^3]
# name 21 = sigma-é11: Density, 2 [sigma-theta, kg/m^3]
# name 22 = sal00: Salinity, Practical [PSU]
# name 23 = sigma-é00: Density [sigma-theta, kg/m^3]
# name 24 = svCM: Sound Velocity [Chen-Millero, m/s]
# name 25 = svCM1: Sound Velocity, 2 [Chen-Millero, m/s]
# name 26 = gsw_ptA0: potential temperature [ITS-90, deg C]
# name 27 = gsw_densityA0: density, TEOS-10 [density, kg/m^3]
# name 28 = gsw_saA0: Absolute Salinity [g/kg]
# name 29 = flag:
# span 0 =      56237,     116492       
# span 1 = 298.504215, 298.533273       
# span 2 =  -45.87848,  -45.87286       
# span 3 =  -58.48979,  -58.48924       
# span 4 =     -2.142,      0.018       
# span 5 =    1479.42,    1479.42       
# span 6 =      3.000,   2043.000       
# span 7 =      2.977,   2016.393       
# span 8 =     2.1895,     7.1460       
# span 9 =     2.1891,     7.1460       
# span 10 =    -0.1446,     0.1010      
# span 11 =     2.0577,     7.1456      
# span 12 =     2.0573,     7.1456      
# span 13 =    -0.1446,     0.1010      
# span 14 =   3.144139,   3.460105      
# span 15 =   3.144207,   3.460149      
# span 16 =  -0.011990,   0.008196      
# span 17 =    34.0777,    34.7469      
# span 18 =    34.0750,    34.7473      
# span 19 =     3.7111,     7.0448      
# span 20 =    26.6899,    27.7521      
# span 21 =    26.6903,    27.7523      
# span 22 =    34.0984,    34.7474      
# span 23 =    26.6900,    27.7522      
# span 24 =    1470.17,    1493.14      
# span 25 =    1470.18,    1493.13      
# span 26 =     2.0575,     7.1456      
# span 27 =  1026.7061,  1037.1415      
# span 28 =    34.2595,    34.9167      
# span 29 = 0.0000e+00, 0.0000e+00      
# interval = decibars: 1                
# start_time = Oct 25 2022 11:27:01 [NMEA time, header]
# bad_flag = -9.990e-29
*END*
[from data line 1596]
     100147 298.525391  -45.87444  -58.48964     -1.401    1479.42    447.000    442.857     4.1641     4.1643     0.0001     4.1319     4.1320     0.0001   3.217606   3.217665   0.000067    34.1397    34.1404     6.0368    27.0882    27.0887    34.1404    27.0887    1473.52    1473.52     4.1318  1029.1599    34.3031 0.0000e+00
     100166 298.525400  -45.87444  -58.48964     -1.355    1479.42    446.000    441.867     4.1644     4.1645     0.0001     4.1322     4.1323     0.0001   3.217547   3.217591   0.000047    34.1393    34.1398     6.0375    27.0878    27.0882    34.1400    27.0883    1473.51    1473.51     4.1322  1029.1549    34.3026 0.0000e+00
     100200 298.525416  -45.87444  -58.48964     -0.883    1479.42    445.000    440.878     4.1638     4.1642     0.0005     4.1316     4.1321     0.0005   3.217470   3.217539   0.000071    34.1397    34.1401     6.0512    27.0882    27.0884    34.1403    27.0886    1473.49    1473.49     4.1316  1029.1506    34.3029 0.0000e+00
     100243 298.525437  -45.87443  -58.48964     -0.497    1479.42    444.000    439.888     4.1633     4.1634     0.0002     4.1312     4.1314     0.0002   3.217403   3.217455   0.000057    34.1401    34.1406     6.0645    27.0885    27.0889    34.1405    27.0889    1473.47    1473.47     4.1312  1029.1463    34.3032 0.0000e+00
     100267 298.525448  -45.87442  -58.48964     -0.795    1479.42    443.000    438.898     4.1651     4.1653     0.0001     4.1332     4.1333     0.0001   3.217540   3.217607   0.000054    34.1397    34.1402     6.0639    27.0880    27.0884    34.1407    27.0888    1473.46    1473.46     4.1331  1029.1416    34.3033 0.0000e+00
     100284 298.525457  -45.87442  -58.48964     -1.102    1479.42    442.000    437.908     4.1780     4.1763    -0.0017     4.1461     4.1444    -0.0017   3.218482   3.218396  -0.000063    34.1373    34.1384     6.0579    27.0848    27.0858    34.1390    27.0861    1473.50    1473.49     4.1460  1029.1341    34.3016 0.0000e+00
     100300 298.525464  -45.87442  -58.48964     -1.349    1479.42    441.000    436.919     4.1819     4.1831     0.0012     4.1501     4.1513     0.0012   3.218685   3.218871   0.000166    34.1370    34.1376     6.0524    27.0841    27.0845    34.1379    27.0848    1473.49    1473.50     4.1500  1029.1282    34.3005 0.0000e+00
     100316 298.525472  -45.87442  -58.48964     -1.498    1479.42    440.000    435.929     4.1847     4.1858     0.0012     4.1529     4.1540     0.0012   3.218921   3.219074   0.000148    34.1369    34.1374     6.0535    27.0837    27.0840    34.1383    27.0848    1473.49    1473.50     4.1528  1029.1235    34.3009 0.0000e+00
     100335 298.525481  -45.87442  -58.48964     -1.439    1479.42    439.000    434.940     4.1912     4.1918     0.0006     4.1595     4.1601     0.0006   3.219405   3.219501   0.000102    34.1366    34.1371     6.0576    27.0828    27.0832    34.1378    27.0837    1473.50    1473.50     4.1594  1029.1178    34.3004 0.0000e+00
     100367 298.525496  -45.87442  -58.48964     -0.934    1479.42    438.000    433.950     4.1875     4.1888     0.0013     4.1559     4.1572     0.0013   3.219006   3.219147   0.000145    34.1370    34.1374     6.0788    27.0835    27.0837    34.1374    27.0838    1473.47    1473.48     4.1558  1029.1133    34.3000 0.0000e+00
     100406 298.525516  -45.87442  -58.48964     -0.576    1479.42    437.000    432.960     4.1851     4.1841    -0.0010     4.1535     4.1525    -0.0010   3.218778   3.218734  -0.000037    34.1373    34.1379     6.1016    27.0840    27.0845    34.1378    27.0844    1473.44    1473.44     4.1534  1029.1092    34.3004 0.0000e+00
     100433 298.525529  -45.87441  -58.48964     -0.774    1479.42    436.000    431.971     4.1870     4.1851    -0.0019     4.1555     4.1536    -0.0019   3.218926   3.218825  -0.000086    34.1371    34.1380     6.1092    27.0836    27.0846    34.1380    27.0843    1473.44    1473.43     4.1554  1029.1046    34.3006 0.0000e+00
     100455 298.525539  -45.87440  -58.48964     -0.993    1479.42    435.000    430.981     4.2006     4.2002    -0.0004     4.1691     4.1687    -0.0004   3.220054   3.220124   0.000045    34.1362    34.1372     6.1018    27.0815    27.0823    34.1377    27.0827    1473.47    1473.47     4.1691  1029.0982    34.3003 0.0000e+00
     100476 298.525549  -45.87440  -58.48964     -1.120    1479.42    434.000    429.991     4.2028     4.2025    -0.0003     4.1714     4.1711    -0.0003   3.220161   3.220177   0.000026    34.1364    34.1370     6.1000    27.0814    27.0819    34.1373    27.0821    1473.47    1473.47     4.1713  1029.0929    34.2998 0.0000e+00
     100501 298.525561  -45.87440  -58.48964     -1.067    1479.42    433.000    429.001     4.2037     4.2045     0.0008     4.1724     4.1731     0.0008   3.220187   3.220304   0.000107    34.1364    34.1369     6.1077    27.0813    27.0816    34.1371    27.0819    1473.45    1473.46     4.1723  1029.0881    34.2997 0.0000e+00
     100533 298.525577  -45.87440  -58.48964     -0.794    1479.42    432.000    428.012     4.2066     4.2070     0.0004     4.1754     4.1757     0.0004   3.220378   3.220478   0.000101    34.1361    34.1369     6.1138    27.0807    27.0813    34.1369    27.0814    1473.45    1473.45     4.1753  1029.0830    34.2995 0.0000e+00
     100563 298.525591  -45.87440  -58.48964     -0.741    1479.42    431.000    427.022     4.2103     4.2093    -0.0010     4.1791     4.1781    -0.0010   3.220651   3.220615  -0.000026    34.1362    34.1369     6.1190    27.0804    27.0811    34.1368    27.0809    1473.45    1473.44     4.1790  1029.0778    34.2994 0.0000e+00
     100585 298.525602  -45.87440  -58.48964     -0.940    1479.42    430.000    426.032     4.2149     4.2128    -0.0022     4.1838     4.1816    -0.0022   3.221187   3.221038  -0.000128    34.1365    34.1372     6.1186    27.0801    27.0810    34.1388    27.0820    1473.45    1473.44     4.1837  1029.0743    34.3014 0.0000e+00
     100603 298.525611  -45.87440  -58.48964     -1.163    1479.42    429.000    425.042     4.2269     4.2271     0.0001     4.1959     4.1960     0.0001   3.222114   3.222226   0.000084    34.1365    34.1374     6.1168    27.0790    27.0796    34.1378    27.0800    1473.48    1473.49     4.1958  1029.0675    34.3004 0.0000e+00
     100620 298.525619  -45.87440  -58.48964     -1.340    1479.42    428.000    424.052     4.2284     4.2289     0.0004     4.1974     4.1978     0.0004   3.222200   3.222288   0.000097    34.1368    34.1375     6.1187    27.0790    27.0795    34.1378    27.0798    1473.47    1473.48     4.1973  1029.0627    34.3004 0.0000e+00
     100638 298.525627  -45.87440  -58.48964     -1.406    1479.42    427.000    423.063     4.2298     4.2300     0.0002     4.1988     4.1990     0.0002   3.222254   3.222317   0.000062    34.1367    34.1372     6.1154    27.0788    27.0792    34.1376    27.0795    1473.46    1473.46     4.1987  1029.0578    34.3002 0.0000e+00
     100662 298.525639  -45.87440  -58.48964     -1.187    1479.42    426.000    422.073     4.2293     4.2298     0.0005     4.1984     4.1990     0.0005   3.222157   3.222248   0.000090    34.1368    34.1372     6.1147    27.0789    27.0792    34.1375    27.0794    1473.44    1473.45     4.1983  1029.0531    34.3000 0.0000e+00
     100706 298.525660  -45.87438  -58.48964     -0.546    1479.42    425.000    421.083     4.2281     4.2284     0.0002     4.1974     4.1976     0.0002   3.222020   3.222086   0.000067    34.1370    34.1376     6.1177    27.0792    27.0796    34.1376    27.0796    1473.42    1473.43     4.1973  1029.0487    34.3001 0.0000e+00
     100744 298.525678  -45.87438  -58.48964     -0.586    1479.42    424.000    420.094     4.2276     4.2276     0.0000     4.1969     4.1969     0.0000   3.221915   3.221964   0.000041    34.1371    34.1376     6.1221    27.0793    27.0797    34.1374    27.0795    1473.40    1473.41     4.1968  1029.0440    34.2999 0.0000e+00
     100764 298.525688  -45.87438  -58.48964     -0.906    1479.42    423.000    419.104     4.2287     4.2304     0.0017     4.1981     4.1998     0.0017   3.222009   3.222168   0.000165    34.1370    34.1371     6.1266    27.0791    27.0790    34.1379    27.0798    1473.39    1473.40     4.1980  1029.0396    34.3004 0.0000e+00
     100781 298.525696  -45.87438  -58.48964     -1.188    1479.42    422.000    418.114     4.2334     4.2339     0.0005     4.2028     4.2033     0.0005   3.222261   3.222365   0.000097    34.1360    34.1365     6.1250    27.0777    27.0782    34.1365    27.0782    1473.39    1473.40     4.2027  1029.0334    34.2991 0.0000e+00
     100797 298.525704  -45.87438  -58.48964     -1.383    1479.42    421.000    417.124     4.2357     4.2355    -0.0002     4.2052     4.2050    -0.0002   3.222442   3.222459   0.000045    34.1357    34.1365     6.1247    27.0773    27.0780    34.1368    27.0782    1473.39    1473.39     4.2051  1029.0287    34.2993 0.0000e+00
     100815 298.525713  -45.87438  -58.48965     -1.455    1479.42    420.000    416.134     4.2431     4.2397    -0.0034     4.2126     4.2092    -0.0034   3.223062   3.222832  -0.000240    34.1359    34.1366     6.1242    27.0767    27.0775    34.1370    27.0776    1473.40    1473.39     4.2125  1029.0234    34.2995 0.0000e+00
     100837 298.525723  -45.87438  -58.48966     -1.285    1479.42    419.000    415.146     4.2449     4.2444    -0.0004     4.2145     4.2140    -0.0004   3.223145   3.223170   0.000012    34.1361    34.1367     6.1199    27.0766    27.0771    34.1366    27.0770    1473.39    1473.39     4.2144  1029.0183    34.2991 0.0000e+00
     100875 298.525742  -45.87438  -58.48965     -0.713    1479.42    418.000    414.155     4.2382     4.2404     0.0021     4.2079     4.2101     0.0021   3.222490   3.222735   0.000240    34.1361    34.1367     6.1316    27.0773    27.0776    34.1363    27.0775    1473.35    1473.36     4.2079  1029.0141    34.2988 0.0000e+00
     100918 298.525763  -45.87437  -58.48964     -0.522    1479.42    417.000    413.165     4.2385     4.2386     0.0001     4.2083     4.2084     0.0001   3.222483   3.222556   0.000074    34.1361    34.1369     6.1403    27.0773    27.0779    34.1365    27.0776    1473.34    1473.33     4.2082  1029.0096    34.2990 0.0000e+00
     100945 298.525775  -45.87436  -58.48964     -0.775    1479.42    416.000    412.175     4.2422     4.2426     0.0003     4.2121     4.2124     0.0003   3.222896   3.222953   0.000082    34.1363    34.1369     6.1383    27.0770    27.0775    34.1380    27.0784    1473.33    1473.34     4.2120  1029.0058    34.3005 0.0000e+00
     100965 298.525785  -45.87436  -58.48964     -1.032    1479.42    415.000    411.186     4.2597     4.2589    -0.0007     4.2295     4.2288    -0.0007   3.224405   3.224398  -0.000020    34.1367    34.1372     6.1358    27.0755    27.0760    34.1382    27.0767    1473.39    1473.39     4.2295  1028.9993    34.3007 0.0000e+00
     100983 298.525794  -45.87436  -58.48965     -1.213    1479.42    414.000    410.196     4.2644     4.2631    -0.0012     4.2343     4.2330    -0.0012   3.224765   3.224675  -0.000074    34.1368    34.1372     6.1365    27.0751    27.0755    34.1381    27.0761    1473.39    1473.39     4.2342  1028.9941    34.3006 0.0000e+00
     101002 298.525803  -45.87436  -58.48966     -1.290    1479.42    413.000    409.206     4.2689     4.2670    -0.0018     4.2389     4.2370    -0.0018   3.225127   3.224996  -0.000140    34.1371    34.1373     6.1325    27.0748    27.0752    34.1382    27.0757    1473.40    1473.39     4.2388  1028.9890    34.3007 0.0000e+00
     101023 298.525813  -45.87436  -58.48966     -1.224    1479.42    412.000    408.216     4.2710     4.2706    -0.0005     4.2410     4.2406    -0.0005   3.225286   3.225269  -0.000002    34.1372    34.1377     6.1312    27.0748    27.0752    34.1384    27.0756    1473.39    1473.39     4.2410  1028.9843    34.3009 0.0000e+00
     101050 298.525826  -45.87436  -58.48966     -0.993    1479.42    411.000    407.226     4.2738     4.2717    -0.0021     4.2439     4.2418    -0.0021   3.225459   3.225301  -0.000157    34.1372    34.1376     6.1328    27.0744    27.0749    34.1381    27.0751    1473.38    1473.38     4.2438  1028.9791    34.3005 0.0000e+00
     101083 298.525842  -45.87436  -58.48964     -0.764    1479.42    410.000    406.236     4.2717     4.2732     0.0015     4.2419     4.2434     0.0015   3.225226   3.225417   0.000163    34.1376    34.1380     6.1337    27.0749    27.0751    34.1380    27.0753    1473.36    1473.36     4.2418  1028.9747    34.3004 0.0000e+00
     101112 298.525856  -45.87435  -58.48964     -0.773    1479.42    409.000    405.246     4.2706     4.2728     0.0021     4.2409     4.2430     0.0021   3.225102   3.225305   0.000219    34.1375    34.1379     6.1265    27.0750    27.0750    34.1382    27.0755    1473.34    1473.35     4.2408  1028.9692    34.2992 0.0000e+00
     101138 298.525869 -9.990e-29  -58.48964     -0.888    1479.42    408.000    404.257     4.2770     4.2770    -0.0000     4.2473     4.2473    -0.0000   3.225656   3.225700   0.000051    34.1375    34.1381     6.1296    27.0743    27.0748    34.1386    27.0752    1473.35    1473.35     4.2472  1028.9641    34.2996 0.0000e+00
     101162 298.525880 -9.990e-29  -58.48964     -0.965    1479.42    407.000    403.267     4.2812     4.2801    -0.0012     4.2516     4.2505    -0.0011   3.225963   3.225909  -0.000059    34.1377    34.1381     6.1342    27.0740    27.0745    34.1384    27.0746    1473.35    1473.35     4.2515  1028.9589    34.2994 0.0000e+00
     101186 298.525892 -9.990e-29  -58.48966     -0.991    1479.42    406.000    402.277     4.2839     4.2830    -0.0008     4.2543     4.2535    -0.0008   3.226166   3.226114  -0.000033    34.1377    34.1381     6.1368    27.0737    27.0741    34.1386    27.0744    1473.34    1473.34     4.2543  1028.9541    34.2995 0.0000e+00
     101210 298.525903  -45.87434  -58.48966     -1.010    1479.42    405.000    401.287     4.2880     4.2845    -0.0035     4.2585     4.2550    -0.0035   3.226488   3.226217  -0.000257    34.1375    34.1382     6.1379    27.0731    27.0740    34.1386    27.0740    1473.35    1473.33     4.2584  1028.9501    34.3010 0.0000e+00
     101234 298.525915  -45.87434  -58.48966     -1.019    1479.42    404.000    400.297     4.2898     4.2882    -0.0016     4.2604     4.2588    -0.0016   3.226610   3.226505  -0.000106    34.1379    34.1383     6.1358    27.0732    27.0737    34.1387    27.0739    1473.34    1473.33     4.2603  1028.9454    34.3011 0.0000e+00
     101260 298.525927  -45.87434  -58.48966     -0.955    1479.42    403.000    399.307     4.2906     4.2893    -0.0013     4.2612     4.2600    -0.0013   3.226613   3.226536  -0.000085    34.1380    34.1383     6.1323    27.0733    27.0736    34.1384    27.0736    1473.32    1473.32     4.2612  1028.9405    34.3009 0.0000e+00
     101291 298.525942  -45.87434  -58.48964     -0.812    1479.42    402.000    398.317     4.2908     4.2896    -0.0012     4.2615     4.2604    -0.0012   3.226605   3.226519  -0.000061    34.1379    34.1384     6.1313    27.0731    27.0737    34.1386    27.0737    1473.31    1473.30     4.2615  1028.9360    34.3011 0.0000e+00
     101322 298.525957  -45.87433  -58.48965     -0.764    1479.42    401.000    397.327     4.2958     4.2922    -0.0037     4.2666     4.2630    -0.0037   3.226963   3.226746  -0.000271    34.1378    34.1385     6.1281    27.0725    27.0734    34.1381    27.0728    1473.31    1473.30     4.2666  1028.9304    34.3006 0.0000e+00
