Pos-Processados/process_op41/Processamento_split/up/uoperantar41_019.cnv
* Sea-Bird SBE 9 Data File:
* FileName = C:\Users\Dell\Desktop\OperantarXLI\config\00_BRUTOS\OPE41019.hdr
* Software Version Seasave V 7.26.7.110
* Temperature SN = 6497
* Conductivity SN = 4954
* Number of Bytes Per Scan = 34
* Number of Voltage Words = 3
* Number of Scans Averaged by the Deck Unit = 1
* NMEA Latitude = 62 55.48 S
* NMEA Longitude = 060 08.48 W
* NMEA UTC (Time) = Nov 11 2022 01:08:15
* NMEA baud rate = 4800
** H41
** Navio Polar Almirante Maximiano
** LH-021/2022
** Operantar XLI
** Número da Estação 019
** Latitude 62 55.478'S
** Longitude 060 08.483' W
** Data/Hora (Z) 11/11/2022 0110Z
** Profundidade local 1020 m
** 09-1439
** Nome do Operador CT Garla
# nquan = 30
# nvalues = 934                         
# units = specified
# name 0 = scan: Scan Count
# name 1 = timeJ: Julian Days
# name 2 = latitude: Latitude [deg]
# name 3 = longitude: Longitude [deg]
# name 4 = dz/dtM: Descent Rate [m/s]
# name 5 = avgsvCM: Average Sound Velocity [Chen-Millero, m/s]
# name 6 = prDM: Pressure, Digiquartz [db]
# name 7 = depSM: Depth [salt water, m]
# name 8 = t090C: Temperature [ITS-90, deg C]
# name 9 = t190C: Temperature, 2 [ITS-90, deg C]
# name 10 = T2-T190C: Temperature Difference, 2 - 1 [ITS-90, deg C]
# name 11 = potemp090C: Potential Temperature [ITS-90, deg C]
# name 12 = potemp190C: Potential Temperature, 2 [ITS-90, deg C]
# name 13 = potemp90Cdiff: Potential Temperature, Diff, 2 - 1 [ITS-90, deg C]
# name 14 = c0S/m: Conductivity [S/m]
# name 15 = c1S/m: Conductivity, 2 [S/m]
# name 16 = C2-C1S/m: Conductivity Difference, 2 - 1 [S/m]
# name 17 = sal00: Salinity, Practical [PSU]
# name 18 = sal11: Salinity, Practical, 2 [PSU]
# name 19 = sbeox0ML/L: Oxygen, SBE 43 [ml/l]
# name 20 = sigma-é00: Density [sigma-theta, kg/m^3]
# name 21 = sigma-é11: Density, 2 [sigma-theta, kg/m^3]
# name 22 = sal00: Salinity, Practical [PSU]
# name 23 = sigma-é00: Density [sigma-theta, kg/m^3]
# name 24 = svCM: Sound Velocity [Chen-Millero, m/s]
# name 25 = svCM1: Sound Velocity, 2 [Chen-Millero, m/s]
# name 26 = gsw_ptA0: potential temperature [ITS-90, deg C]
# name 27 = gsw_densityA0: density, TEOS-10 [density, kg/m^3]
# name 28 = gsw_saA0: Absolute Salinity [g/kg]
# name 29 = flag:
# span 0 =      28446,      55295       
# span 1 = 315.061114, 315.074061       
# span 2 =  -62.92721,  -62.92622       
# span 3 =  -60.13928,  -60.13856       
# span 4 =     -1.367,     -0.140       
# span 5 =    1451.82,    1451.82       
# span 6 =      0.000,    933.000       
# span 7 =      0.001,    921.921       
# span 8 =    -1.2986,    -0.5153       
# span 9 =    -1.2988,    -0.5162       
# span 10 =    -0.0144,     0.0164      
# span 11 =    -1.3065,    -0.5291      
# span 12 =    -1.3066,    -0.5300      
# span 13 =    -0.0143,     0.0163      
# span 14 =   2.765179,   2.858227      
# span 15 =   2.765197,   2.858184      
# span 16 =  -0.001294,   0.001475      
# span 17 =    34.3011,    34.5517      
# span 18 =    34.3018,    34.5518      
# span 19 =     5.7519,     7.4899      
# span 20 =    27.5810,    27.7764      
# span 21 =    27.5815,    27.7765      
# span 22 =    34.3016,    34.5516      
# span 23 =    27.5812,    27.7763      
# span 24 =    1444.26,    1460.89      
# span 25 =    1444.25,    1460.89      
# span 26 =    -1.3062,    -0.5288      
# span 27 =  1027.5861,  1032.2023      
# span 28 =    34.4670,    34.7212      
# span 29 = 0.0000e+00, 0.0000e+00      
# interval = decibars: 1                
# start_time = Nov 11 2022 01:08:15 [NMEA time, header]
# bad_flag = -9.990e-29
*END*
[from data line 242]
      34269 315.063922  -62.92648  -60.13856     -1.082    1451.82    691.000    683.190    -0.9790    -0.9786     0.0005    -1.0018    -1.0014     0.0005   2.815305   2.815342   0.000040    34.5106    34.5106     6.2168    27.7569    27.7569    34.5107    27.7569    1455.21    1455.22    -1.0013  1031.0528    34.6797 0.0000e+00
      34293 315.063933  -62.92649  -60.13856     -1.031    1451.82    690.000    682.203    -0.9788    -0.9789    -0.0001    -1.0016    -1.0016    -0.0001   2.815276   2.815271  -0.000002    34.5106    34.5107     6.2173    27.7568    27.7569    34.5106    27.7569    1455.20    1455.20    -1.0010  1031.0481    34.6797 0.0000e+00
      34318 315.063945  -62.92650  -60.13856     -0.978    1451.82    689.000    681.216    -0.9784    -0.9784     0.0000    -1.0011    -1.0011     0.0000   2.815264   2.815280   0.000016    34.5106    34.5108     6.2106    27.7568    27.7570    34.5106    27.7568    1455.18    1455.18    -1.0006  1031.0433    34.6796 0.0000e+00
      34343 315.063957  -62.92650  -60.13856     -0.965    1451.82    688.000    680.229    -0.9782    -0.9781     0.0000    -1.0009    -1.0008     0.0000   2.815246   2.815259   0.000012    34.5107    34.5108     6.2091    27.7569    27.7570    34.5107    27.7569    1455.17    1455.17    -1.0003  1031.0387    34.6797 0.0000e+00
      34366 315.063968  -62.92650  -60.13856     -1.011    1451.82    687.000    679.242    -0.9780    -0.9783    -0.0003    -1.0006    -1.0009    -0.0003   2.815197   2.815083  -0.000044    34.5105    34.5106     6.2031    27.7567    27.7568    34.5105    27.7567    1455.15    1455.15    -1.0001  1031.0337    34.6795 0.0000e+00
      34388 315.063979  -62.92650  -60.13856     -1.064    1451.82    686.000    678.255    -0.9786    -0.9788    -0.0002    -1.0012    -1.0014    -0.0002   2.815119   2.815117  -0.000009    34.5107    34.5107     6.2070    27.7569    27.7569    34.5106    27.7569    1455.13    1455.13    -1.0007  1031.0292    34.6797 0.0000e+00
      34411 315.063990  -62.92650  -60.13856     -1.070    1451.82    685.000    677.268    -0.9784    -0.9785    -0.0001    -1.0010    -1.0011    -0.0001   2.815070   2.815070   0.000004    34.5105    34.5107     6.2094    27.7568    27.7569    34.5105    27.7567    1455.12    1455.12    -1.0005  1031.0243    34.6795 0.0000e+00
      34435 315.064002  -62.92650  -60.13856     -1.026    1451.82    684.000    676.281    -0.9790    -0.9792    -0.0001    -1.0016    -1.0017    -0.0001   2.814961   2.814957  -0.000004    34.5104    34.5104     6.2118    27.7566    27.7567    34.5103    27.7566    1455.10    1455.10    -1.0010  1031.0194    34.6793 0.0000e+00
      34460 315.064014  -62.92650  -60.13856     -0.975    1451.82    683.000    675.294    -0.9794    -0.9796    -0.0002    -1.0018    -1.0021    -0.0002   2.814881   2.814876  -0.000005    34.5102    34.5104     6.2210    27.7565    27.7567    34.5101    27.7565    1455.08    1455.08    -1.0013  1031.0146    34.6791 0.0000e+00
      34484 315.064026  -62.92650  -60.13856     -0.968    1451.82    682.000    674.307    -0.9795    -0.9796    -0.0001    -1.0019    -1.0020    -0.0001   2.814835   2.814820  -0.000014    34.5103    34.5102     6.2187    27.7566    27.7565    34.5102    27.7566    1455.06    1455.06    -1.0014  1031.0100    34.6792 0.0000e+00
      34509 315.064038  -62.92650  -60.13856     -0.965    1451.82    681.000    673.319    -0.9795    -0.9796    -0.0001    -1.0019    -1.0020    -0.0001   2.814783   2.814771  -0.000012    34.5102    34.5101     6.2137    27.7565    27.7565    34.5101    27.7565    1455.05    1455.05    -1.0014  1031.0052    34.6791 0.0000e+00
      34534 315.064049  -62.92650  -60.13856     -0.964    1451.82    680.000    672.332    -0.9795    -0.9797    -0.0002    -1.0018    -1.0021    -0.0002   2.814733   2.814717  -0.000016    34.5102    34.5102     6.2102    27.7565    27.7565    34.5101    27.7564    1455.03    1455.03    -1.0013  1031.0004    34.6791 0.0000e+00
      34557 315.064061  -62.92650  -60.13856     -1.000    1451.82    679.000    671.345    -0.9797    -0.9799    -0.0002    -1.0020    -1.0022    -0.0002   2.814617   2.814647   0.000035    34.5094    34.5101     6.2205    27.7559    27.7564    34.5094    27.7559    1455.01    1455.01    -1.0015  1030.9951    34.6784 0.0000e+00
      34579 315.064071  -62.92650  -60.13856     -1.063    1451.82    678.000    670.358    -0.9799    -0.9802    -0.0003    -1.0022    -1.0024    -0.0003   2.814585   2.814572  -0.000014    34.5098    34.5100     6.2191    27.7562    27.7564    34.5097    27.7562    1454.99    1454.99    -1.0017  1030.9907    34.6787 0.0000e+00
      34599 315.064081  -62.92650  -60.13856     -1.138    1451.82    677.000    669.371    -0.9802    -0.9805    -0.0003    -1.0024    -1.0027    -0.0003   2.814521   2.814508  -0.000013    34.5098    34.5100     6.2144    27.7563    27.7564    34.5098    27.7562    1454.98    1454.97    -1.0019  1030.9860    34.6788 0.0000e+00
      34618 315.064090  -62.92650  -60.13856     -1.203    1451.82    676.000    668.384    -0.9813    -0.9819    -0.0005    -1.0035    -1.0040    -0.0005   2.814366   2.814307  -0.000047    34.5098    34.5098     6.2108    27.7563    27.7563    34.5096    27.7561    1454.95    1454.95    -1.0030  1030.9812    34.6786 0.0000e+00
      34638 315.064100  -62.92650  -60.13856     -1.235    1451.82    675.000    667.397    -0.9817    -0.9829    -0.0012    -1.0039    -1.0051    -0.0012   2.814272   2.814175  -0.000099    34.5097    34.5097     6.2193    27.7562    27.7562    34.5094    27.7559    1454.93    1454.93    -1.0034  1030.9763    34.6784 0.0000e+00
      34659 315.064110  -62.92650  -60.13856     -1.202    1451.82    674.000    666.410    -0.9825    -0.9836    -0.0011    -1.0045    -1.0057    -0.0011   2.814168   2.814064  -0.000107    34.5097    34.5095     6.2255    27.7562    27.7561    34.5094    27.7560    1454.92    1454.91    -1.0041  1030.9717    34.6784 0.0000e+00
      34682 315.064121  -62.92650  -60.13856     -1.101    1451.82    673.000    665.423    -0.9836    -0.9848    -0.0012    -1.0056    -1.0069    -0.0012   2.814052   2.813906  -0.000129    34.5098    34.5094     6.2204    27.7563    27.7561    34.5097    27.7563    1454.89    1454.89    -1.0051  1030.9673    34.6787 0.0000e+00
      34709 315.064134  -62.92650  -60.13856     -0.944    1451.82    672.000    664.436    -0.9843    -0.9856    -0.0014    -1.0063    -1.0077    -0.0014   2.813902   2.813779  -0.000130    34.5094    34.5092     6.2239    27.7560    27.7559    34.5091    27.7558    1454.87    1454.87    -1.0058  1030.9620    34.6781 0.0000e+00
      34737 315.064147  -62.92650  -60.13856     -0.857    1451.82    671.000    663.448    -0.9849    -0.9861    -0.0012    -1.0068    -1.0080    -0.0012   2.813803   2.813706  -0.000100    34.5092    34.5092     6.2304    27.7559    27.7560    34.5090    27.7557    1454.85    1454.85    -1.0063  1030.9573    34.6780 0.0000e+00
      34761 315.064159  -62.92650  -60.13856     -0.925    1451.82    670.000    662.461    -0.9860    -0.9862    -0.0002    -1.0079    -1.0081    -0.0002   2.813651   2.813636  -0.000018    34.5090    34.5090     6.2284    27.7558    27.7558    34.5088    27.7557    1454.83    1454.83    -1.0074  1030.9525    34.6778 0.0000e+00
      34781 315.064169  -62.92650  -60.13856     -1.067    1451.82    669.000    661.474    -0.9861    -0.9863    -0.0002    -1.0080    -1.0082    -0.0002   2.813601   2.813593  -0.000010    34.5090    34.5091     6.2308    27.7558    27.7559    34.5088    27.7557    1454.82    1454.81    -1.0075  1030.9478    34.6778 0.0000e+00
      34802 315.064179  -62.92650  -60.13856     -1.170    1451.82    668.000    660.487    -0.9860    -0.9863    -0.0004    -1.0078    -1.0082    -0.0004   2.813564   2.813549  -0.000016    34.5090    34.5092     6.2368    27.7558    27.7560    34.5088    27.7556    1454.80    1454.80    -1.0073  1030.9430    34.6778 0.0000e+00
      34824 315.064189  -62.92650  -60.13856     -1.129    1451.82    667.000    659.500    -0.9863    -0.9864    -0.0002    -1.0081    -1.0082    -0.0002   2.813500   2.813498  -0.000003    34.5090    34.5092     6.2381    27.7558    27.7559    34.5089    27.7557    1454.78    1454.78    -1.0076  1030.9384    34.6778 0.0000e+00
      34847 315.064200  -62.92650  -60.13856     -1.073    1451.82    666.000    658.512    -0.9861    -0.9863    -0.0002    -1.0079    -1.0081    -0.0002   2.813466   2.813458  -0.000009    34.5090    34.5091     6.2355    27.7558    27.7559    34.5089    27.7557    1454.77    1454.76    -1.0074  1030.9336    34.6778 0.0000e+00
      34868 315.064210  -62.92650  -60.13856     -1.093    1451.82    665.000    657.525    -0.9862    -0.9864    -0.0002    -1.0079    -1.0081    -0.0002   2.813410   2.813410  -0.000001    34.5090    34.5091     6.2306    27.7558    27.7559    34.5088    27.7557    1454.75    1454.75    -1.0074  1030.9289    34.6778 0.0000e+00
      34887 315.064220  -62.92651  -60.13856     -1.180    1451.82    664.000    656.538    -0.9861    -0.9864    -0.0003    -1.0078    -1.0080    -0.0003   2.813375   2.813359  -0.000016    34.5089    34.5090     6.2245    27.7557    27.7558    34.5088    27.7556    1454.73    1454.73    -1.0073  1030.9241    34.6777 0.0000e+00
      34904 315.064228  -62.92652  -60.13856     -1.279    1451.82    663.000    655.551    -0.9862    -0.9864    -0.0002    -1.0078    -1.0080    -0.0002   2.813311   2.813322   0.000009    34.5088    34.5091     6.2198    27.7556    27.7559    34.5086    27.7555    1454.72    1454.72    -1.0073  1030.9192    34.6776 0.0000e+00
      34922 315.064237  -62.92652  -60.13856     -1.346    1451.82    662.000    654.564    -0.9856    -0.9856    -0.0000    -1.0072    -1.0072    -0.0000   2.813329   2.813351   0.000017    34.5089    34.5091     6.2164    27.7557    27.7559    34.5088    27.7556    1454.70    1454.70    -1.0067  1030.9146    34.6777 0.0000e+00
      34941 315.064246  -62.92652  -60.13856     -1.342    1451.82    661.000    653.577    -0.9859    -0.9859     0.0001    -1.0075    -1.0074     0.0001   2.813257   2.813269   0.000015    34.5090    34.5091     6.2250    27.7557    27.7559    34.5088    27.7556    1454.68    1454.68    -1.0070  1030.9099    34.6778 0.0000e+00
      34960 315.064255  -62.92652  -60.13856     -1.298    1451.82    660.000    652.590    -0.9872    -0.9879    -0.0008    -1.0087    -1.0094    -0.0008   2.813106   2.813022  -0.000066    34.5090    34.5089     6.2278    27.7558    27.7558    34.5088    27.7556    1454.66    1454.66    -1.0082  1030.9052    34.6777 0.0000e+00
      34981 315.064265  -62.92652  -60.13856     -1.201    1451.82    659.000    651.602    -0.9877    -0.9895    -0.0018    -1.0092    -1.0110    -0.0018   2.813023   2.812839  -0.000176    34.5090    34.5087     6.2250    27.7558    27.7556    34.5088    27.7557    1454.64    1454.63    -1.0087  1030.9006    34.6778 0.0000e+00
      35009 315.064279  -62.92652  -60.13856     -0.965    1451.82    658.000    650.615    -0.9876    -0.9892    -0.0015    -1.0091    -1.0106    -0.0015   2.812970   2.812840  -0.000130    34.5088    34.5089     6.2249    27.7557    27.7558    34.5087    27.7556    1454.63    1454.62    -1.0086  1030.8957    34.6776 0.0000e+00
      35039 315.064293  -62.92652  -60.13856     -0.800    1451.82    657.000    649.627    -0.9881    -0.9897    -0.0016    -1.0095    -1.0111    -0.0015   2.812859   2.812739  -0.000129    34.5086    34.5087     6.2322    27.7555    27.7556    34.5083    27.7553    1454.61    1454.60    -1.0090  1030.8907    34.6773 0.0000e+00
      35067 315.064307  -62.92652  -60.13856     -0.825    1451.82    656.000    648.640    -0.9903    -0.9904    -0.0001    -1.0116    -1.0117    -0.0001   2.812630   2.812631  -0.000002    34.5084    34.5085     6.2349    27.7555    27.7555    34.5083    27.7553    1454.58    1454.58    -1.0111  1030.8860    34.6772 0.0000e+00
      35091 315.064318  -62.92652  -60.13856     -0.936    1451.82    655.000    647.653    -0.9899    -0.9901    -0.0002    -1.0112    -1.0114    -0.0002   2.812619   2.812621 -2.747e-07    34.5084    34.5086     6.2425    27.7554    27.7556    34.5083    27.7553    1454.57    1454.57    -1.0107  1030.8813    34.6772 0.0000e+00
      35114 315.064329  -62.92652  -60.13856     -1.030    1451.82    654.000    646.665    -0.9900    -0.9902    -0.0002    -1.0112    -1.0115    -0.0002   2.812562   2.812554  -0.000008    34.5083    34.5085     6.2394    27.7554    27.7555    34.5082    27.7553    1454.55    1454.55    -1.0108  1030.8765    34.6771 0.0000e+00
      35136 315.064340  -62.92652  -60.13856     -1.070    1451.82    653.000    645.678    -0.9903    -0.9905    -0.0002    -1.0115    -1.0117    -0.0002   2.812494   2.812486  -0.000008    34.5084    34.5085     6.2316    27.7554    27.7556    34.5082    27.7553    1454.53    1454.53    -1.0110  1030.8719    34.6772 0.0000e+00
      35160 315.064351  -62.92652  -60.13856     -1.061    1451.82    652.000    644.691    -0.9906    -0.9912    -0.0006    -1.0117    -1.0124    -0.0006   2.812432   2.812374  -0.000052    34.5084    34.5084     6.2387    27.7554    27.7555    34.5083    27.7554    1454.51    1454.51    -1.0113  1030.8672    34.6772 0.0000e+00
      35190 315.064366  -62.92652  -60.13856     -0.862    1451.82    651.000    643.704    -0.9915    -0.9929    -0.0014    -1.0127    -1.0141    -0.0014   2.812271   2.812163  -0.000112    34.5083    34.5083     6.2373    27.7554    27.7555    34.5079    27.7550    1454.49    1454.49    -1.0122  1030.8621    34.6768 0.0000e+00
      35218 315.064379  -62.92652  -60.13856     -0.816    1451.82    650.000    642.717    -0.9950    -0.9958    -0.0007    -1.0162    -1.0169    -0.0007   2.811907   2.811841  -0.000064    34.5079    34.5079     6.2390    27.7552    27.7552    34.5075    27.7549    1454.46    1454.46    -1.0156  1030.8587    34.6781 0.0000e+00
      35242 315.064391  -62.92652 -9.990e-29     -0.933    1451.82    649.000    641.730    -0.9977    -0.9983    -0.0007    -1.0187    -1.0194    -0.0007   2.811586   2.811543  -0.000049    34.5075    34.5076     6.2368    27.7550    27.7551    34.5068    27.7544    1454.43    1454.43    -1.0183  1030.8543    34.6783 0.0000e+00
      35264 315.064401  -62.92652 -9.990e-29     -1.032    1451.82    648.000    640.743    -1.0017    -1.0022    -0.0005    -1.0226    -1.0232    -0.0005   2.811185   2.811126  -0.000055    34.5073    34.5072     6.2383    27.7550    27.7549    34.5065    27.7543    1454.39    1454.39    -1.0222  1030.8495    34.6780 0.0000e+00
      35284 315.064411  -62.92652 -9.990e-29     -1.145    1451.82    647.000    639.755    -1.0063    -1.0052     0.0011    -1.0272    -1.0261     0.0010   2.810699   2.810823   0.000122    34.5066    34.5070     6.2485    27.7546    27.7549    34.5057    27.7539    1454.35    1454.36    -1.0267  1030.8445    34.6773 0.0000e+00
      35304 315.064421  -62.92653  -60.13858     -1.198    1451.82    646.000    638.768    -1.0062    -1.0092    -0.0030    -1.0271    -1.0301    -0.0030   2.810742   2.810362  -0.000309    34.5071    34.5064     6.2464    27.7550    27.7545    34.5068    27.7548    1454.34    1454.32    -1.0266  1030.8405    34.6783 0.0000e+00
      35328 315.064432  -62.92654  -60.13858     -1.103    1451.82    645.000    637.780    -1.0050    -1.0128    -0.0078    -1.0259    -1.0337    -0.0078   2.810777   2.810064  -0.000708    34.5071    34.5064     6.2450    27.7550    27.7546    34.5066    27.7545    1454.33    1454.29    -1.0254  1030.8336    34.6755 0.0000e+00
      35356 315.064446  -62.92654  -60.13858     -0.902    1451.82    644.000    636.794    -1.0104    -1.0149    -0.0045    -1.0312    -1.0356    -0.0045   2.810182   2.809804  -0.000403    34.5064    34.5060     6.2530    27.7546    27.7544    34.5052    27.7536    1454.28    1454.26    -1.0306  1030.8280    34.6741 0.0000e+00
