Pos-Processados/process_op41/Processamento_split/up/uoperantar41_002.cnv
* Sea-Bird SBE 9 Data File:
* FileName = C:\Users\Dell\Desktop\Operantar XLI\Raw\OP41002.hdr
* Software Version Seasave V 7.26.7.110
* Temperature SN = 6497
* Conductivity SN = 4954
* Number of Bytes Per Scan = 31
* Number of Voltage Words = 2
* Number of Scans Averaged by the Deck Unit = 1
* NMEA Latitude = 37 16.72 S
* NMEA Longitude = 048 37.48 W
* NMEA UTC (Time) = Oct 17 2022 21:01:25
* NMEA baud rate = 4800
** H41
** Navio Polar Almirante Maximiano
** LH-021/2022
** Operantar XLI
** Número da Estação 002
** Latitude 37ª16.719
** Longitude 048ª37.474
** Data/Hora (Z) 17/10/2022 2100Z
** Profundidade local
** 09-1439
** Nome do Operador 1T FILIPE LOPES
# nquan = 30
# nvalues = 1054                        
# units = specified
# name 0 = scan: Scan Count
# name 1 = timeJ: Julian Days
# name 2 = latitude: Latitude [deg]
# name 3 = longitude: Longitude [deg]
# name 4 = dz/dtM: Descent Rate [m/s]
# name 5 = avgsvCM: Average Sound Velocity [Chen-Millero, m/s]
# name 6 = prDM: Pressure, Digiquartz [db]
# name 7 = depSM: Depth [salt water, m]
# name 8 = t090C: Temperature [ITS-90, deg C]
# name 9 = t190C: Temperature, 2 [ITS-90, deg C]
# name 10 = T2-T190C: Temperature Difference, 2 - 1 [ITS-90, deg C]
# name 11 = potemp090C: Potential Temperature [ITS-90, deg C]
# name 12 = potemp190C: Potential Temperature, 2 [ITS-90, deg C]
# name 13 = potemp90Cdiff: Potential Temperature, Diff, 2 - 1 [ITS-90, deg C]
# name 14 = c0S/m: Conductivity [S/m]
# name 15 = c1S/m: Conductivity, 2 [S/m]
# name 16 = C2-C1S/m: Conductivity Difference, 2 - 1 [S/m]
# name 17 = sal00: Salinity, Practical [PSU]
# name 18 = sal11: Salinity, Practical, 2 [PSU]
# name 19 = sbeox0ML/L: Oxygen, SBE 43 [ml/l]
# name 20 = sigma-é00: Density [sigma-theta, kg/m^3]
# name 21 = sigma-é11: Density, 2 [sigma-theta, kg/m^3]
# name 22 = sal00: Salinity, Practical [PSU]
# name 23 = sigma-é00: Density [sigma-theta, kg/m^3]
# name 24 = svCM: Sound Velocity [Chen-Millero, m/s]
# name 25 = svCM1: Sound Velocity, 2 [Chen-Millero, m/s]
# name 26 = gsw_ptA0: potential temperature [ITS-90, deg C]
# name 27 = gsw_densityA0: density, TEOS-10 [density, kg/m^3]
# name 28 = gsw_saA0: Absolute Salinity [g/kg]
# name 29 = flag:
# span 0 =      29145,      62774       
# span 1 = 290.890038, 290.906256       
# span 2 =  -37.28319,  -37.28076       
# span 3 =  -48.62793,  -48.62614       
# span 4 =     -1.947,     -0.124       
# span 5 =    1502.01,    1502.01       
# span 6 =      2.000,   1055.000       
# span 7 =      1.977,   1044.521       
# span 8 =     4.2860,    17.7443       
# span 9 =     4.2853,    17.7462       
# span 10 =    -0.0912,     0.0709      
# span 11 =     4.2045,    17.7437      
# span 12 =     4.2037,    17.7456      
# span 13 =    -0.0907,     0.0706      
# span 14 =   3.262942,   4.696127      
# span 15 =   3.262954,   4.696045      
# span 16 =  -0.009089,   0.007704      
# span 17 =    34.1710,    36.1276      
# span 18 =    34.1707,    36.1261      
# span 19 =     4.4484,     5.8142      
# span 20 =    26.1990,    27.1666      
# span 21 =    26.1973,    27.1665      
# span 22 =    34.1705,    36.1282      
# span 23 =    26.1991,    27.1673      
# span 24 =    1482.85,    1518.98      
# span 25 =    1482.85,    1518.98      
# span 26 =     4.2042,    17.7438      
# span 27 =  1026.2126,  1032.0176      
# span 28 =    34.3334,    36.2987      
# span 29 = 0.0000e+00, 0.0000e+00      
# interval = decibars: 1                
# start_time = Oct 17 2022 21:01:25 [NMEA time, header]
# bad_flag = -9.990e-29
*END*
[from data line 919]
      56125 290.903050  -37.28286  -48.62766     -0.800    1502.01    136.000    134.946    17.6187    17.6188     0.0000    17.5956    17.5957     0.0000   4.686816   4.686677  -0.000144    36.1150    36.1137     5.1220    26.2261    26.2251    36.1150    26.2261    1518.20    1518.20    17.5956  1026.8212    36.2854 0.0000e+00
      56148 290.903061  -37.28286  -48.62766     -0.964    1502.01    135.000    133.955    17.6187    17.6188     0.0001    17.5957    17.5958     0.0001   4.686760   4.686631  -0.000126    36.1149    36.1138     5.1171    26.2261    26.2251    36.1149    26.2260    1518.18    1518.18    17.5957  1026.8168    36.2854 0.0000e+00
      56169 290.903071  -37.28286  -48.62766     -1.074    1502.01    134.000    132.963    17.6187    17.6187     0.0000    17.5959    17.5959     0.0000   4.686720   4.686576  -0.000143    36.1150    36.1137     5.1195    26.2260    26.2251    36.1150    26.2260    1518.17    1518.17    17.5959  1026.8124    36.2855 0.0000e+00
      56187 290.903080  -37.28288  -48.62766     -1.197    1502.01    133.000    131.971    17.6186    17.6187     0.0000    17.5960    17.5960     0.0000   4.686666   4.686513  -0.000156    36.1150    36.1137     5.1196    26.2261    26.2249    36.1149    26.2260    1518.15    1518.15    17.5960  1026.8081    36.2854 0.0000e+00
      56206 290.903089  -37.28288  -48.62766     -1.311    1502.01    132.000    130.979    17.6182    17.6184     0.0002    17.5957    17.5959     0.0002   4.686589   4.686451  -0.000135    36.1150    36.1137     5.1186    26.2261    26.2251    36.1150    26.2261    1518.13    1518.13    17.5958  1026.8038    36.2855 0.0000e+00
      56225 290.903098  -37.28288  -48.62766     -1.287    1502.01    131.000    129.987    17.6181    17.6182     0.0001    17.5958    17.5959     0.0001   4.686538   4.686386  -0.000156    36.1151    36.1137     5.1174    26.2262    26.2251    36.1151    26.2261    1518.12    1518.12    17.5958  1026.7995    36.2855 0.0000e+00
      56249 290.903110  -37.28288  -48.62766     -1.136    1502.01    130.000    128.995    17.6178    17.6185     0.0007    17.5957    17.5964     0.0007   4.686455   4.686412  -0.000054    36.1150    36.1139     5.0983    26.2261    26.2251    36.1150    26.2261    1518.10    1518.10    17.5957  1026.7951    36.2854 0.0000e+00
      56283 290.903126  -37.28288  -48.62766     -0.781    1502.01    129.000    128.003    17.6182    17.6194     0.0012    17.5962    17.5974     0.0012   4.686470   4.686460  -0.000002    36.1151    36.1140     5.1072    26.2261    26.2249    36.1152    26.2261    1518.08    1518.08    17.5962  1026.7908    36.2857 0.0000e+00
      56319 290.903143  -37.28288  -48.62766     -0.660    1502.01    128.000    127.011    17.6192    17.6196     0.0004    17.5975    17.5978     0.0004   4.686558   4.686467  -0.000090    36.1153    36.1142     5.1325    26.2259    26.2250    36.1154    26.2260    1518.07    1518.07    17.5974  1026.7864    36.2859 0.0000e+00
      56356 290.903161  -37.28288  -48.62766     -0.651    1502.01    127.000    126.020    17.6198    17.6201     0.0003    17.5982    17.5984     0.0003   4.686585   4.686475  -0.000111    36.1155    36.1143     5.1273    26.2259    26.2249    36.1155    26.2259    1518.06    1518.06    17.5982  1026.7819    36.2860 0.0000e+00
      56404 290.903184  -37.28288  -48.62766     -0.489    1502.01    126.000    125.027    17.6197    17.6200     0.0003    17.5983    17.5986     0.0003   4.686537   4.686425  -0.000109    36.1155    36.1143     5.1308    26.2259    26.2248    36.1155    26.2259    1518.04    1518.04    17.5983  1026.7776    36.2860 0.0000e+00
      56436 290.903200  -37.28288  -48.62766     -0.661    1502.01    125.000    124.035    17.6198    17.6200     0.0002    17.5985    17.5987     0.0002   4.686506   4.686368  -0.000139    36.1156    36.1143     5.1282    26.2259    26.2248    36.1156    26.2258    1518.02    1518.02    17.5986  1026.7732    36.2861 0.0000e+00
      56457 290.903210  -37.28288  -48.62766     -0.955    1502.01    124.000    123.043    17.6198    17.6199     0.0001    17.5987    17.5988     0.0001   4.686471   4.686319  -0.000149    36.1156    36.1142     5.1262    26.2259    26.2248    36.1157    26.2259    1518.01    1518.00    17.5987  1026.7689    36.2861 0.0000e+00
      56476 290.903219  -37.28288  -48.62766     -1.177    1502.01    123.000    122.051    17.6198    17.6200     0.0002    17.5989    17.5991     0.0002   4.686409   4.686277  -0.000134    36.1155    36.1142     5.1157    26.2257    26.2247    36.1155    26.2257    1517.99    1517.99    17.5989  1026.7644    36.2860 0.0000e+00
      56496 290.903229  -37.28288  -48.62766     -1.235    1502.01    122.000    121.059    17.6197    17.6197     0.0001    17.5989    17.5990     0.0001   4.686355   4.686218  -0.000137    36.1156    36.1144     5.1058    26.2258    26.2248    36.1156    26.2258    1517.97    1517.97    17.5989  1026.7601    36.2861 0.0000e+00
      56521 290.903241  -37.28288  -48.62767     -1.073    1502.01    121.000    120.067    17.6195    17.6197     0.0002    17.5989    17.5992     0.0002   4.686293   4.686170  -0.000123    36.1156    36.1143     5.1293    26.2257    26.2247    36.1156    26.2257    1517.96    1517.95    17.5989  1026.7557    36.2860 0.0000e+00
      56554 290.903256  -37.28288  -48.62768     -0.794    1502.01    120.000    119.075    17.6194    17.6196     0.0002    17.5990    17.5992     0.0002   4.686235   4.686108  -0.000121    36.1155    36.1143     5.1413    26.2257    26.2248    36.1155    26.2257    1517.94    1517.94    17.5990  1026.7515    36.2862 0.0000e+00
      56589 290.903273 -9.990e-29  -48.62768     -0.683    1502.01    119.000    118.083    17.6191    17.6194     0.0003    17.5989    17.5992     0.0003   4.686167   4.686035  -0.000134    36.1156    36.1142     5.1103    26.2258    26.2246    36.1156    26.2258    1517.92    1517.92    17.5989  1026.7473    36.2864 0.0000e+00
      56624 290.903291 -9.990e-29  -48.62768     -0.681    1502.01    118.000    117.091    17.6192    17.6194     0.0002    17.5991    17.5993     0.0002   4.686124   4.685995  -0.000129    36.1156    36.1143     5.1027    26.2257    26.2247    36.1156    26.2257    1517.90    1517.90    17.5991  1026.7429    36.2863 0.0000e+00
      56657 290.903307  -37.28290  -48.62768     -0.690    1502.01    117.000    116.099    17.6191    17.6193     0.0002    17.5992    17.5995     0.0002   4.686071   4.685935  -0.000134    36.1155    36.1142     5.1068    26.2256    26.2246    36.1155    26.2257    1517.89    1517.89    17.5992  1026.7384    36.2861 0.0000e+00
      56681 290.903318  -37.28290  -48.62768     -0.872    1502.01    116.000    115.107    17.6191    17.6194     0.0003    17.5994    17.5997     0.0003   4.686036   4.685892  -0.000147    36.1157    36.1142     5.1309    26.2257    26.2245    36.1157    26.2257    1517.87    1517.87    17.5993  1026.7340    36.2862 0.0000e+00
      56699 290.903327  -37.28290  -48.62768     -1.110    1502.01    115.000    114.115    17.6191    17.6193     0.0002    17.5995    17.5998     0.0002   4.685970   4.685841  -0.000126    36.1155    36.1142     5.1354    26.2255    26.2245    36.1155    26.2256    1517.85    1517.85    17.5995  1026.7295    36.2860 0.0000e+00
      56717 290.903335  -37.28290  -48.62768     -1.298    1502.01    114.000    113.123    17.6190    17.6192     0.0002    17.5997    17.5998     0.0002   4.685934   4.685783  -0.000149    36.1156    36.1142     5.1245    26.2256    26.2245    36.1156    26.2256    1517.84    1517.84    17.5996  1026.7252    36.2861 0.0000e+00
      56735 290.903344  -37.28290  -48.62768     -1.367    1502.01    113.000    112.131    17.6189    17.6190     0.0001    17.5997    17.5998     0.0001   4.685876   4.685728  -0.000149    36.1156    36.1142     5.1192    26.2256    26.2245    36.1156    26.2256    1517.82    1517.82    17.5997  1026.7208    36.2861 0.0000e+00
      56758 290.903355  -37.28290  -48.62768     -1.193    1502.01    112.000    111.139    17.6188    17.6189     0.0001    17.5997    17.5999     0.0001   4.685810   4.685680  -0.000131    36.1156    36.1143     5.1242    26.2255    26.2246    36.1155    26.2255    1517.80    1517.80    17.5997  1026.7164    36.2860 0.0000e+00
      56798 290.903374  -37.28290  -48.62768     -0.677    1502.01    111.000    110.147    17.6186    17.6187     0.0001    17.5997    17.5998     0.0001   4.685738   4.685609  -0.000128    36.1155    36.1143     5.1257    26.2255    26.2245    36.1154    26.2255    1517.79    1517.79    17.5997  1026.7120    36.2859 0.0000e+00
      56840 290.903394  -37.28290  -48.62768     -0.542    1502.01    110.000    109.155    17.6185    17.6185     0.0001    17.5997    17.5998     0.0001   4.685685   4.685538  -0.000147    36.1156    36.1142     5.1413    26.2255    26.2245    36.1155    26.2255    1517.77    1517.77    17.5998  1026.7077    36.2860 0.0000e+00
      56869 290.903408 -9.990e-29  -48.62768     -0.762    1502.01    109.000    108.163    17.6182    17.6184     0.0002    17.5997    17.5999     0.0002   4.685616   4.685484  -0.000133    36.1156    36.1142     5.1311    26.2256    26.2245    36.1155    26.2255    1517.75    1517.75    17.5997  1026.7036    36.2862 0.0000e+00
      56896 290.903422 -9.990e-29  -48.62768     -0.869    1502.01    108.000    107.170    17.6181    17.6183     0.0001    17.5998    17.5999     0.0001   4.685554   4.685412  -0.000142    36.1155    36.1141     5.1099    26.2255    26.2244    36.1154    26.2254    1517.73    1517.73    17.5998  1026.6992    36.2861 0.0000e+00
      56920 290.903433 -9.990e-29  -48.62768     -0.927    1502.01    107.000    106.179    17.6180    17.6182     0.0002    17.5998    17.6000     0.0002   4.685494   4.685353  -0.000139    36.1154    36.1141     5.1233    26.2254    26.2243    36.1154    26.2254    1517.72    1517.72    17.5998  1026.6948    36.2861 0.0000e+00
      56940 290.903443 -9.990e-29  -48.62768     -1.066    1502.01    106.000    105.186    17.6179    17.6182     0.0003    17.5999    17.6001     0.0003   4.685430   4.685292  -0.000144    36.1155    36.1139     5.1444    26.2255    26.2242    36.1154    26.2254    1517.70    1517.70    17.5998  1026.6904    36.2861 0.0000e+00
      56959 290.903452  -37.28292  -48.62768     -1.212    1502.01    105.000    104.194    17.6179    17.6181     0.0002    17.6001    17.6002     0.0002   4.685386   4.685242  -0.000143    36.1154    36.1140     5.1511    26.2253    26.2242    36.1154    26.2253    1517.68    1517.68    17.6000  1026.6859    36.2859 0.0000e+00
      56978 290.903461  -37.28292  -48.62768     -1.292    1502.01    104.000    103.202    17.6177    17.6181     0.0003    17.6001    17.6004     0.0003   4.685328   4.685189  -0.000135    36.1154    36.1140     5.1428    26.2253    26.2242    36.1154    26.2253    1517.67    1517.67    17.6001  1026.6815    36.2858 0.0000e+00
      57000 290.903472  -37.28292  -48.62768     -1.196    1502.01    103.000    102.210    17.6177    17.6179     0.0002    17.6002    17.6004     0.0002   4.685267   4.685135  -0.000134    36.1153    36.1140     5.1291    26.2253    26.2242    36.1153    26.2252    1517.65    1517.65    17.6002  1026.6770    36.2857 0.0000e+00
      57030 290.903486  -37.28292  -48.62768     -0.886    1502.01    102.000    101.218    17.6176    17.6177     0.0001    17.6003    17.6004     0.0001   4.685205   4.685080  -0.000122    36.1153    36.1141     5.1307    26.2252    26.2243    36.1152    26.2252    1517.63    1517.63    17.6003  1026.6726    36.2857 0.0000e+00
      57059 290.903500  -37.28292  -48.62769     -0.789    1502.01    101.000    100.226    17.6174    17.6175     0.0002    17.6002    17.6004     0.0002   4.685143   4.685005  -0.000137    36.1154    36.1140     5.1320    26.2253    26.2242    36.1153    26.2252    1517.62    1517.61    17.6002  1026.6684    36.2858 0.0000e+00
      57081 290.903511  -37.28292  -48.62770     -0.942    1502.01    100.000     99.234    17.6172    17.6174     0.0001    17.6002    17.6004     0.0001   4.685080   4.684938  -0.000144    36.1153    36.1140     5.1255    26.2253    26.2242    36.1153    26.2252    1517.60    1517.60    17.6002  1026.6640    36.2857 0.0000e+00
      57102 290.903521  -37.28292  -48.62770     -1.103    1502.01     99.000     98.242    17.6171    17.6172     0.0002    17.6002    17.6004     0.0002   4.685018   4.684873  -0.000143    36.1153    36.1139     5.1326    26.2253    26.2241    36.1153    26.2252    1517.58    1517.58    17.6002  1026.6597    36.2857 0.0000e+00
      57124 290.903532  -37.28292  -48.62770     -1.123    1502.01     98.000     97.250    17.6170    17.6172     0.0003    17.6003    17.6005     0.0003   4.684960   4.684841  -0.000122    36.1153    36.1140     5.1267    26.2252    26.2242    36.1152    26.2252    1517.57    1517.56    17.6003  1026.6553    36.2857 0.0000e+00
      57149 290.903543  -37.28292  -48.62770     -1.037    1502.01     97.000     96.258    17.6169    17.6174     0.0005    17.6004    17.6009     0.0005   4.684915   4.684799  -0.000114    36.1153    36.1139     5.1286    26.2252    26.2240    36.1153    26.2252    1517.55    1517.55    17.6004  1026.6510    36.2858 0.0000e+00
      57174 290.903556  -37.28292  -48.62770     -0.965    1502.01     96.000     95.265    17.6170    17.6173     0.0003    17.6006    17.6010     0.0003   4.684869   4.684752  -0.000121    36.1153    36.1139     5.1337    26.2251    26.2240    36.1152    26.2251    1517.53    1517.53    17.6006  1026.6465    36.2857 0.0000e+00
      57199 290.903568  -37.28292  -48.62770     -0.953    1502.01     95.000     94.273    17.6171    17.6177     0.0006    17.6009    17.6015     0.0006   4.684836   4.684741  -0.000094    36.1152    36.1139     5.1206    26.2250    26.2238    36.1152    26.2250    1517.52    1517.52    17.6009  1026.6421    36.2857 0.0000e+00
      57228 290.903582  -37.28292  -48.62768     -0.874    1502.01     94.000     93.281    17.6174    17.6177     0.0004    17.6014    17.6018     0.0004   4.684818   4.684700  -0.000120    36.1152    36.1139     5.1164    26.2249    26.2238    36.1152    26.2249    1517.50    1517.50    17.6014  1026.6376    36.2856 0.0000e+00
      57262 290.903598  -37.28292  -48.62769     -0.703    1502.01     93.000     92.289    17.6175    17.6177     0.0002    17.6017    17.6019     0.0002   4.684776   4.684652  -0.000121    36.1151    36.1139     5.1170    26.2247    26.2238    36.1151    26.2247    1517.48    1517.48    17.6017  1026.6331    36.2856 0.0000e+00
      57286 290.903610  -37.28292  -48.62770     -0.846    1502.01     92.000     91.297    17.6173    17.6176     0.0002    17.6017    17.6019     0.0002   4.684728   4.684599  -0.000132    36.1153    36.1139     5.1242    26.2248    26.2237    36.1152    26.2248    1517.47    1517.47    17.6017  1026.6289    36.2857 0.0000e+00
      57304 290.903618  -37.28293  -48.62770     -1.109    1502.01     91.000     90.305    17.6174    17.6176     0.0002    17.6019    17.6021     0.0002   4.684687   4.684554  -0.000129    36.1153    36.1139     5.1351    26.2248    26.2237    36.1152    26.2247    1517.45    1517.45    17.6019  1026.6244    36.2856 0.0000e+00
      57320 290.903626  -37.28294  -48.62770     -1.327    1502.01     90.000     89.313    17.6172    17.6174     0.0002    17.6019    17.6021     0.0002   4.684627   4.684470  -0.000155    36.1153    36.1138     5.1321    26.2248    26.2236    36.1152    26.2248    1517.43    1517.43    17.6019  1026.6201    36.2857 0.0000e+00
