Pos-Processados/process_op41/Processamento_split/up/uoperantar41_001.cnv
* Sea-Bird SBE 9 Data File:
* FileName = C:\Users\Dell\Desktop\Operantar XLI\Raw\OP41001.hdr
* Software Version Seasave V 7.26.7.110
* Temperature SN = 6497
* Conductivity SN = 4954
* Number of Bytes Per Scan = 31
* Number of Voltage Words = 2
* Number of Scans Averaged by the Deck Unit = 1
* NMEA Latitude = 36 40.13 S
* NMEA Longitude = 048 37.58 W
* NMEA UTC (Time) = Oct 17 2022 11:05:04
* NMEA baud rate = 4800
** H41
** Navio Polar Almirante Maximiano
** LH-021/2022
** Operantar XLI
** Número da Estação 001 LR
** Latitude 36 40.147S
** Longitude 048 37.579W
** Data/Hora (Z) 1105Z
** Profundidade local 4900m
** 09-1439
** Nome do Operador CT Garla
# nquan = 30
# nvalues = 4841                        
# units = specified
# name 0 = scan: Scan Count
# name 1 = timeJ: Julian Days
# name 2 = latitude: Latitude [deg]
# name 3 = longitude: Longitude [deg]
# name 4 = dz/dtM: Descent Rate [m/s]
# name 5 = avgsvCM: Average Sound Velocity [Chen-Millero, m/s]
# name 6 = prDM: Pressure, Digiquartz [db]
# name 7 = depSM: Depth [salt water, m]
# name 8 = t090C: Temperature [ITS-90, deg C]
# name 9 = t190C: Temperature, 2 [ITS-90, deg C]
# name 10 = T2-T190C: Temperature Difference, 2 - 1 [ITS-90, deg C]
# name 11 = potemp090C: Potential Temperature [ITS-90, deg C]
# name 12 = potemp190C: Potential Temperature, 2 [ITS-90, deg C]
# name 13 = potemp90Cdiff: Potential Temperature, Diff, 2 - 1 [ITS-90, deg C]
# name 14 = c0S/m: Conductivity [S/m]
# name 15 = c1S/m: Conductivity, 2 [S/m]
# name 16 = C2-C1S/m: Conductivity Difference, 2 - 1 [S/m]
# name 17 = sal00: Salinity, Practical [PSU]
# name 18 = sal11: Salinity, Practical, 2 [PSU]
# name 19 = sbeox0ML/L: Oxygen, SBE 43 [ml/l]
# name 20 = sigma-é00: Density [sigma-theta, kg/m^3]
# name 21 = sigma-é11: Density, 2 [sigma-theta, kg/m^3]
# name 22 = sal00: Salinity, Practical [PSU]
# name 23 = sigma-é00: Density [sigma-theta, kg/m^3]
# name 24 = svCM: Sound Velocity [Chen-Millero, m/s]
# name 25 = svCM1: Sound Velocity, 2 [Chen-Millero, m/s]
# name 26 = gsw_ptA0: potential temperature [ITS-90, deg C]
# name 27 = gsw_densityA0: density, TEOS-10 [density, kg/m^3]
# name 28 = gsw_saA0: Absolute Salinity [g/kg]
# name 29 = flag:
# span 0 =     187536,     312573       
# span 1 = 290.552291, 290.612590       
# span 2 =  -36.66900,  -36.66882       
# span 3 =  -48.62664,  -48.62640       
# span 4 =     -1.927,     -0.055       
# span 5 =    1506.64,    1506.64       
# span 6 =      3.000,   4843.000       
# span 7 =      2.963,   4753.421       
# span 8 =     0.2582,    17.5527       
# span 9 =     0.2581,    17.5530       
# span 10 =    -0.1022,     0.0624      
# span 11 =    -0.1083,    17.5520      
# span 12 =    -0.1083,    17.5523      
# span 13 =    -0.1018,     0.0621      
# span 14 =   3.083500,   4.673440      
# span 15 =   3.083491,   4.673361      
# span 16 =  -0.010669,   0.006480      
# span 17 =    34.1886,    36.1095      
# span 18 =    34.1889,    36.1083      
# span 19 =     4.0405,     5.7734      
# span 20 =    26.2325,    27.8431      
# span 21 =    26.2316,    27.8434      
# span 22 =    34.1883,    36.1094      
# span 23 =    26.2325,    27.8430      
# span 24 =    1484.37,    1531.95      
# span 25 =    1484.37,    1531.95      
# span 26 =    -0.1085,    17.5520      
# span 27 =  1026.2501,  1049.7135      
# span 28 =    34.3516,    36.2799      
# span 29 = 0.0000e+00, 0.0000e+00      
# interval = decibars: 1                
# start_time = Oct 17 2022 11:05:04 [NMEA time, header]
# bad_flag = -9.990e-29
*END*
[from data line 3674]
     274040 290.594008  -36.66898  -48.62658     -1.738    1506.64   1169.000   1157.137     3.9121     3.9128     0.0006     3.8235     3.8241     0.0006   3.235781   3.235875   0.000093    34.2474    34.2478     5.0198    27.2055    27.2057    34.2486    27.2064    1484.54    1484.54     3.8232  1032.5858    34.4131 0.0000e+00
     274058 290.594017  -36.66898  -48.62656     -1.599    1506.64   1168.000   1156.149     3.9134     3.9140     0.0006     3.8248     3.8254     0.0006   3.235803   3.235868   0.000084    34.2471    34.2475     5.0210    27.2051    27.2053    34.2481    27.2058    1484.53    1484.53     3.8246  1032.5806    34.4125 0.0000e+00
     274095 290.594035  -36.66898  -48.62656     -0.826    1506.64   1167.000   1155.161     3.9120     3.9126     0.0006     3.8235     3.8241     0.0006   3.235660   3.235765   0.000081    34.2477    34.2480     5.0418    27.2057    27.2059    34.2484    27.2062    1484.50    1484.51     3.8233  1032.5765    34.4128 0.0000e+00
     274140 290.594056  -36.66898  -48.62656     -0.476    1506.64   1166.000   1154.175     3.9117     3.9163     0.0046     3.8233     3.8279     0.0046   3.235599   3.235957   0.000370    34.2477    34.2472     5.0522    27.2056    27.2048    34.2484    27.2063    1484.49    1484.50     3.8231  1032.5720    34.4129 0.0000e+00
     274163 290.594068  -36.66898  -48.62658     -0.864    1506.64   1165.000   1153.188     3.9139     3.9156     0.0017     3.8256     3.8273     0.0017   3.235724   3.235873   0.000140    34.2474    34.2473     5.0448    27.2052    27.2050    34.2481    27.2058    1484.48    1484.49     3.8254  1032.5669    34.4125 0.0000e+00
     274185 290.594078  -36.66898  -48.62658     -1.048    1506.64   1164.000   1152.201     3.9170     3.9187     0.0018     3.8287     3.8304     0.0018   3.235907   3.236107   0.000185    34.2470    34.2474     5.0462    27.2046    27.2047    34.2476    27.2051    1484.47    1484.48     3.8285  1032.5616    34.4120 0.0000e+00
     274208 290.594089  -36.66898  -48.62658     -1.088    1506.64   1163.000   1151.214     3.9203     3.9228     0.0025     3.8321     3.8346     0.0025   3.236220   3.236437   0.000239    34.2469    34.2471     5.0464    27.2042    27.2041    34.2483    27.2053    1484.47    1484.48     3.8319  1032.5571    34.4128 0.0000e+00
     274231 290.594100  -36.66898  -48.62658     -1.057    1506.64   1162.000   1150.227     3.9298     3.9309     0.0011     3.8416     3.8427     0.0011   3.236953   3.237079   0.000118    34.2465    34.2468     5.0410    27.2029    27.2030    34.2476    27.2038    1484.50    1484.50     3.8414  1032.5508    34.4120 0.0000e+00
     274252 290.594110  -36.66898  -48.62658     -1.084    1506.64   1161.000   1149.240     3.9335     3.9328    -0.0007     3.8453     3.8446    -0.0007   3.237216   3.237211 -2.851e-07    34.2463    34.2471     5.0462    27.2024    27.2030    34.2474    27.2033    1484.49    1484.49     3.8451  1032.5456    34.4119 0.0000e+00
     274274 290.594121  -36.66896  -48.62656     -1.125    1506.64   1160.000   1148.252     3.9348     3.9349     0.0001     3.8468     3.8468     0.0001   3.237257   3.237285   0.000031    34.2462    34.2465     5.0500    27.2022    27.2024    34.2470    27.2028    1484.48    1484.48     3.8465  1032.5406    34.4114 0.0000e+00
     274300 290.594134  -36.66898  -48.62656     -0.991    1506.64   1159.000   1147.267     3.9358     3.9353    -0.0005     3.8478     3.8473    -0.0005   3.237282   3.237281   0.000005    34.2461    34.2467     5.0522    27.2019    27.2024    34.2468    27.2025    1484.47    1484.47     3.8476  1032.5357    34.4112 0.0000e+00
     274404 290.594184  -36.66897  -48.62656     -0.531    1506.64   1158.000   1146.249     3.9327     3.9322    -0.0005     3.8448     3.8443    -0.0005   3.236980   3.236958  -0.000026    34.2465    34.2468     5.0531    27.2026    27.2028    34.2469    27.2029    1484.44    1484.44     3.8446  1032.5317    34.4113 0.0000e+00
     274449 290.594205  -36.66896  -48.62656     -0.808    1506.64   1157.000   1145.290     3.9342     3.9367     0.0025     3.8464     3.8489     0.0025   3.237075   3.237339   0.000250    34.2465    34.2469     5.0541    27.2024    27.2025    34.2470    27.2028    1484.43    1484.44     3.8462  1032.5270    34.4114 0.0000e+00
     274579 290.594268  -36.66896  -48.62656     -0.237    1506.64   1156.000   1144.288     3.9405     3.9402    -0.0003     3.8527     3.8524    -0.0003   3.237567   3.237527  -0.000005    34.2463    34.2465     5.0591    27.2016    27.2018    34.2468    27.2020    1484.44    1484.44     3.8525  1032.5214    34.4112 0.0000e+00
     274691 290.594322  -36.66896  -48.62656     -0.635    1506.64   1155.000   1143.317     3.9433     3.9425    -0.0008     3.8556     3.8548    -0.0007   3.237732   3.237676  -0.000043    34.2463    34.2466     5.0576    27.2014    27.2017    34.2463    27.2013    1484.43    1484.43     3.8553  1032.5162    34.4107 0.0000e+00
     274726 290.594339  -36.66896  -48.62656     -0.693    1506.64   1154.000   1142.334     3.9410     3.9438     0.0028     3.8534     3.8561     0.0028   3.237508   3.237776   0.000252    34.2465    34.2466     5.0581    27.2017    27.2015    34.2465    27.2017    1484.41    1484.42     3.8531  1032.5121    34.4109 0.0000e+00
     274817 290.594383  -36.66896  -48.62656     -0.209    1506.64   1153.000   1141.339     3.9397     3.9476     0.0079     3.8521     3.8600     0.0079   3.237377   3.238065   0.000688    34.2466    34.2465     5.0620    27.2019    27.2010    34.2469    27.2021    1484.39    1484.42     3.8519  1032.5080    34.4113 0.0000e+00
     274890 290.594418  -36.66896  -48.62655     -0.392    1506.64   1152.000   1140.346     3.9420     3.9468     0.0048     3.8546     3.8593     0.0047   3.237481   3.237902   0.000410    34.2464    34.2463     5.0604    27.2015    27.2010    34.2461    27.2013    1484.38    1484.40     3.8543  1032.5025    34.4105 0.0000e+00
     274979 290.594461  -36.66896  -48.62656     -0.568    1506.64   1151.000   1139.368     3.9435     3.9473     0.0039     3.8561     3.8599     0.0038   3.237651   3.237989   0.000341    34.2465    34.2465     5.0664    27.2014    27.2011    34.2472    27.2020    1484.37    1484.38     3.8559  1032.4986    34.4116 0.0000e+00
     275026 290.594484  -36.66896  -48.62656     -0.513    1506.64   1150.000   1138.383     3.9543     3.9558     0.0014     3.8669     3.8683     0.0014   3.238489   3.238622   0.000160    34.2457    34.2461     5.0634    27.1997    27.1999    34.2463    27.2002    1484.40    1484.40     3.8667  1032.4919    34.4107 0.0000e+00
     275108 290.594523  -36.66894  -48.62654     -0.284    1506.64   1149.000   1137.392     3.9565     3.9595     0.0030     3.8692     3.8722     0.0030   3.238570   3.238867   0.000247    34.2454    34.2452     5.0605    27.1992    27.1988    34.2455    27.1993    1484.39    1484.40     3.8690  1032.4864    34.4098 0.0000e+00
     275180 290.594558  -36.66894  -48.62654     -0.347    1506.64   1148.000   1136.399     3.9551     3.9606     0.0055     3.8679     3.8733     0.0055   3.238492   3.238908   0.000439    34.2461    34.2455     5.0699    27.1999    27.1989    34.2465    27.2002    1484.37    1484.39     3.8676  1032.4831    34.4111 0.0000e+00
     275266 290.594599 -9.990e-29  -48.62654     -0.504    1506.64   1147.000   1135.419     3.9631     3.9635     0.0003     3.8759     3.8762     0.0003   3.239085   3.239188   0.000078    34.2447    34.2452     5.0676    27.1980    27.1984    34.2457    27.1988    1484.38    1484.39     3.8757  1032.4773    34.4109 0.0000e+00
     275294 290.594613 -9.990e-29  -48.62654     -0.790    1506.64   1146.000   1134.434     3.9750     3.9783     0.0033     3.8878     3.8911     0.0033   3.239970   3.240255   0.000274    34.2434    34.2432     5.0702    27.1957    27.1952    34.2443    27.1965    1484.41    1484.43     3.8875  1032.4701    34.4095 0.0000e+00
     275386 290.594657  -36.66895  -48.62654     -0.302    1506.64   1145.000   1133.431     3.9790     3.9785    -0.0005     3.8918     3.8913    -0.0005   3.240218   3.240160  -0.000022    34.2429    34.2431     5.0836    27.1949    27.1952    34.2436    27.1955    1484.41    1484.41     3.8915  1032.4638    34.4079 0.0000e+00
     275429 290.594678  -36.66894  -48.62654     -0.667    1506.64   1144.000   1132.458     3.9842     3.9853     0.0010     3.8971     3.8981     0.0010   3.240603   3.240702   0.000105    34.2423    34.2425     5.0864    27.1939    27.1939    34.2432    27.1946    1484.42    1484.42     3.8968  1032.4583    34.4075 0.0000e+00
     275455 290.594690  -36.66894  -48.62654     -0.837    1506.64   1143.000   1131.471     3.9902     3.9907     0.0005     3.9031     3.9036     0.0005   3.241029   3.241143   0.000094    34.2416    34.2422     5.0865    27.1928    27.1932    34.2425    27.1935    1484.43    1484.43     3.9029  1032.4524    34.4068 0.0000e+00
     275480 290.594702  -36.66894  -48.62654     -0.954    1506.64   1142.000   1130.483     3.9971     3.9977     0.0006     3.9100     3.9106     0.0006   3.241591   3.241645   0.000082    34.2413    34.2417     5.0836    27.1919    27.1921    34.2426    27.1928    1484.44    1484.44     3.9098  1032.4470    34.4069 0.0000e+00
     275508 290.594716  -36.66894  -48.62654     -0.902    1506.64   1141.000   1129.499     4.0013     4.0014     0.0000     3.9143     3.9143     0.0000   3.241859   3.241891   0.000032    34.2410    34.2413     5.0940    27.1911    27.1914    34.2418    27.1918    1484.44    1484.44     3.9140  1032.4413    34.4061 0.0000e+00
     275563 290.594743  -36.66894  -48.62654     -0.418    1506.64   1140.000   1128.508     3.9990     4.0003     0.0013     3.9120     3.9134     0.0013   3.241610   3.241743   0.000125    34.2414    34.2415     5.1037    27.1917    27.1916    34.2418    27.1920    1484.41    1484.41     3.9118  1032.4370    34.4061 0.0000e+00
     275611 290.594766  -36.66894  -48.62654     -0.498    1506.64   1139.000   1127.522     4.0002     4.0009     0.0007     3.9133     3.9140     0.0007   3.241663   3.241725   0.000089    34.2411    34.2414     5.1098    27.1913    27.1915    34.2417    27.1918    1484.40    1484.40     3.9131  1032.4322    34.4060 0.0000e+00
     275632 290.594776  -36.66894  -48.62654     -0.863    1506.64   1138.000   1126.534     4.0081     4.0066    -0.0016     3.9213     3.9198    -0.0016   3.242330   3.242265  -0.000071    34.2400    34.2408     5.1100    27.1897    27.1904    34.2418    27.1911    1484.42    1484.41     3.9211  1032.4267    34.4061 0.0000e+00
     275650 290.594784  -36.66894  -48.62654     -1.148    1506.64   1137.000   1125.547     4.0193     4.0194     0.0000     3.9325     3.9325     0.0000   3.243149   3.243198   0.000039    34.2389    34.2394     5.1081    27.1876    27.1880    34.2403    27.1888    1484.44    1484.45     3.9322  1032.4196    34.4046 0.0000e+00
     275666 290.594792  -36.66894  -48.62654     -1.364    1506.64   1136.000   1124.560     4.0240     4.0252     0.0011     3.9372     3.9383     0.0011   3.243549   3.243656   0.000126    34.2389    34.2392     5.1101    27.1871    27.1873    34.2407    27.1885    1484.45    1484.45     3.9370  1032.4146    34.4050 0.0000e+00
     275681 290.594799  -36.66894  -48.62654     -1.501    1506.64   1135.000   1123.573     4.0314     4.0303    -0.0011     3.9446     3.9435    -0.0011   3.244064   3.244026  -0.000025    34.2382    34.2389     5.1031    27.1858    27.1865    34.2396    27.1870    1484.46    1484.46     3.9444  1032.4083    34.4039 0.0000e+00
     275699 290.594808  -36.66894  -48.62654     -1.500    1506.64   1134.000   1122.585     4.0341     4.0337    -0.0004     3.9474     3.9470    -0.0004   3.244222   3.244213  -0.000021    34.2381    34.2383     5.0989    27.1854    27.1856    34.2391    27.1863    1484.45    1484.45     3.9472  1032.4030    34.4034 0.0000e+00
     275722 290.594819  -36.66894  -48.62654     -1.235    1506.64   1133.000   1121.598     4.0358     4.0351    -0.0007     3.9492     3.9485    -0.0007   3.244241   3.244214  -0.000019    34.2372    34.2376     5.0984    27.1845    27.1850    34.2381    27.1853    1484.44    1484.44     3.9489  1032.3974    34.4024 0.0000e+00
     275764 290.594839  -36.66894  -48.62652     -0.616    1506.64   1132.000   1120.611     4.0303     4.0320     0.0018     3.9438     3.9455     0.0017   3.243787   3.243954   0.000157    34.2386    34.2386     5.1120    27.1862    27.1861    34.2390    27.1865    1484.41    1484.41     3.9435  1032.3943    34.4032 0.0000e+00
     275805 290.594859  -36.66894  -48.62652     -0.558    1506.64   1131.000   1119.624     4.0308     4.0312     0.0003     3.9444     3.9447     0.0003   3.243811   3.243873   0.000064    34.2385    34.2389     5.1286    27.1861    27.1864    34.2392    27.1866    1484.39    1484.39     3.9441  1032.3898    34.4035 0.0000e+00
     275833 290.594872  -36.66894  -48.62652     -0.786    1506.64   1130.000   1118.636     4.0363     4.0374     0.0011     3.9499     3.9510     0.0011   3.244172   3.244311   0.000136    34.2373    34.2377     5.1346    27.1846    27.1848    34.2383    27.1854    1484.40    1484.40     3.9497  1032.3839    34.4025 0.0000e+00
     275857 290.594884  -36.66894  -48.62652     -0.944    1506.64   1129.000   1117.649     4.0498     4.0454    -0.0044     3.9634     3.9590    -0.0043   3.245403   3.245013  -0.000349    34.2371    34.2375     5.1345    27.1830    27.1838    34.2393    27.1848    1484.44    1484.42     3.9631  1032.3783    34.4036 0.0000e+00
     275881 290.594896  -36.66894  -48.62652     -0.995    1506.64   1128.000   1116.662     4.0632     4.0590    -0.0042     3.9767     3.9725    -0.0042   3.246572   3.246199  -0.000356    34.2376    34.2378     5.1345    27.1820    27.1826    34.2397    27.1837    1484.48    1484.46     3.9765  1032.3723    34.4039 0.0000e+00
     275908 290.594909  -36.66894  -48.62652     -0.931    1506.64   1127.000   1115.674     4.0738     4.0724    -0.0014     3.9874     3.9859    -0.0014   3.247492   3.247424  -0.000084    34.2382    34.2387     5.1374    27.1815    27.1820    34.2400    27.1829    1484.51    1484.50     3.9871  1032.3666    34.4042 0.0000e+00
     275935 290.594922  -36.66894  -48.62652     -0.870    1506.64   1126.000   1114.687     4.0824     4.0785    -0.0038     3.9959     3.9921    -0.0038   3.248171   3.247879  -0.000273    34.2380    34.2387     5.1379    27.1804    27.1814    34.2396    27.1817    1484.52    1484.51     3.9957  1032.3607    34.4039 0.0000e+00
     275958 290.594933  -36.66894  -48.62652     -0.962    1506.64   1125.000   1113.700     4.0878     4.0815    -0.0063     4.0014     3.9951    -0.0063   3.248609   3.248098  -0.000515    34.2377    34.2382     5.1396    27.1797    27.1807    34.2396    27.1811    1484.53    1484.50     4.0011  1032.3554    34.4039 0.0000e+00
     275979 290.594943  -36.66894  -48.62652     -1.095    1506.64   1124.000   1112.712     4.1029     4.1018    -0.0011     4.0165     4.0153    -0.0011   3.250016   3.250026  -0.000010    34.2378    34.2389     5.1362    27.1782    27.1791    34.2411    27.1807    1484.58    1484.57     4.0162  1032.3500    34.4053 0.0000e+00
     276001 290.594954  -36.66894  -48.62654     -1.129    1506.64   1123.000   1111.725     4.1140     4.1121    -0.0018     4.0275     4.0257    -0.0018   3.250863   3.250685  -0.000128    34.2377    34.2381     5.1358    27.1769    27.1774    34.2401    27.1788    1484.61    1484.60     4.0273  1032.3432    34.4043 0.0000e+00
     276030 290.594968  -36.66894  -48.62654     -0.935    1506.64   1122.000   1110.738     4.1174     4.1171    -0.0003     4.0310     4.0306    -0.0003   3.251080   3.251104   0.000008    34.2381    34.2385     5.1337    27.1768    27.1772    34.2396    27.1780    1484.60    1484.60     4.0307  1032.3378    34.4038 0.0000e+00
