Pos-Processados/process_op41/Processamento_split/up/uoperantar41_016.cnv
* Sea-Bird SBE 9 Data File:
* FileName = C:\Users\Dell\Desktop\OperantarXLI\config\00_BRUTOS\OPE41016.hdr
* Software Version Seasave V 7.26.7.110
* Temperature SN = 6497
* Conductivity SN = 4954
* Number of Bytes Per Scan = 31
* Number of Voltage Words = 2
* Number of Scans Averaged by the Deck Unit = 1
* NMEA Latitude = 62 09.82 S
* NMEA Longitude = 058 22.39 W
* NMEA UTC (Time) = Nov 09 2022 14:38:16
* NMEA baud rate = 4800
** H41
** Navio Polar Almirante Maximiano
** LH-021/2022
** Operantar XLI
** Número da Estação 0016
** Latitude 62 9,860 S
** Longitude 58 22,350 W
** Data/Hora (Z) 09/11/22 1440Z
** Profundidade local 415 m
** 09-1439
** Nome do Operador CT GARLA
# nquan = 30
# nvalues = 387                         
# units = specified
# name 0 = scan: Scan Count
# name 1 = timeJ: Julian Days
# name 2 = latitude: Latitude [deg]
# name 3 = longitude: Longitude [deg]
# name 4 = dz/dtM: Descent Rate [m/s]
# name 5 = avgsvCM: Average Sound Velocity [Chen-Millero, m/s]
# name 6 = prDM: Pressure, Digiquartz [db]
# name 7 = depSM: Depth [salt water, m]
# name 8 = t090C: Temperature [ITS-90, deg C]
# name 9 = t190C: Temperature, 2 [ITS-90, deg C]
# name 10 = T2-T190C: Temperature Difference, 2 - 1 [ITS-90, deg C]
# name 11 = potemp090C: Potential Temperature [ITS-90, deg C]
# name 12 = potemp190C: Potential Temperature, 2 [ITS-90, deg C]
# name 13 = potemp90Cdiff: Potential Temperature, Diff, 2 - 1 [ITS-90, deg C]
# name 14 = c0S/m: Conductivity [S/m]
# name 15 = c1S/m: Conductivity, 2 [S/m]
# name 16 = C2-C1S/m: Conductivity Difference, 2 - 1 [S/m]
# name 17 = sal00: Salinity, Practical [PSU]
# name 18 = sal11: Salinity, Practical, 2 [PSU]
# name 19 = sbeox0ML/L: Oxygen, SBE 43 [ml/l]
# name 20 = sigma-é00: Density [sigma-theta, kg/m^3]
# name 21 = sigma-é11: Density, 2 [sigma-theta, kg/m^3]
# name 22 = sal00: Salinity, Practical [PSU]
# name 23 = sigma-é00: Density [sigma-theta, kg/m^3]
# name 24 = svCM: Sound Velocity [Chen-Millero, m/s]
# name 25 = svCM1: Sound Velocity, 2 [Chen-Millero, m/s]
# name 26 = gsw_ptA0: potential temperature [ITS-90, deg C]
# name 27 = gsw_densityA0: density, TEOS-10 [density, kg/m^3]
# name 28 = gsw_saA0: Absolute Salinity [g/kg]
# name 29 = flag:
# span 0 =      13241,      24327       
# span 1 = 313.616292, 313.621639       
# span 2 =  -62.16382,  -62.16376       
# span 3 =  -58.37318,  -58.37300       
# span 4 =     -1.390,     -0.239       
# span 5 =    1450.47,    1450.59       
# span 6 =      2.000,    388.000       
# span 7 =      1.987,    383.900       
# span 8 =    -0.2592,    -0.1033       
# span 9 =    -0.2594,    -0.1013       
# span 10 =    -0.0030,     0.0031      
# span 11 =    -0.2683,    -0.1034      
# span 12 =    -0.2685,    -0.1014      
# span 13 =    -0.0030,     0.0031      
# span 14 =   2.833390,   2.855643      
# span 15 =   2.833468,   2.855667      
# span 16 =  -0.000256,   0.000302      
# span 17 =    34.1810,    34.3778      
# span 18 =    34.1819,    34.3786      
# span 19 =     6.4241,     7.4868      
# span 20 =    27.4504,    27.6159      
# span 21 =    27.4510,    27.6165      
# span 22 =    34.1811,    34.3778      
# span 23 =    27.4504,    27.6159      
# span 24 =    1447.60,    1453.60      
# span 25 =    1447.61,    1453.60      
# span 26 =    -0.2682,    -0.1034      
# span 27 =  1027.4650,  1029.4658      
# span 28 =    34.3460,    34.5459      
# span 29 = 0.0000e+00, 0.0000e+00      
# interval = decibars: 1                
# start_time = Nov 09 2022 14:38:16 [NMEA time, header]
# bad_flag = -9.990e-29
*END*
[from data line 49]
      15020 313.617150  -62.16376  -58.37304     -0.939    1450.59    339.000    335.472    -0.2304    -0.2306    -0.0002    -0.2425    -0.2427    -0.0002   2.850732   2.850736   0.000002    34.3506    34.3509     6.5705    27.5942    27.5945    34.3505    27.5941    1452.72    1452.72    -0.2423  1029.2127    34.5184 0.0000e+00
      15043 313.617161  -62.16376  -58.37305     -1.007    1450.59    338.000    334.483    -0.2304    -0.2307    -0.0002    -0.2425    -0.2427    -0.0002   2.850644   2.850671   0.000028    34.3502    34.3508     6.5705    27.5938    27.5943    34.3499    27.5937    1452.71    1452.71    -0.2423  1029.2076    34.5178 0.0000e+00
      15063 313.617171  -62.16377  -58.37306     -1.112    1450.59    337.000    333.494    -0.2305    -0.2307    -0.0002    -0.2425    -0.2428    -0.0002   2.850626   2.850668   0.000038    34.3504    34.3511     6.5719    27.5940    27.5946    34.3504    27.5940    1452.69    1452.69    -0.2424  1029.2032    34.5183 0.0000e+00
      15083 313.617181  -62.16378  -58.37306     -1.188    1450.59    336.000    332.506    -0.2302    -0.2303    -0.0001    -0.2422    -0.2423    -0.0001   2.850739   2.850781   0.000044    34.3521    34.3529     6.5715    27.5954    27.5960    34.3522    27.5954    1452.68    1452.68    -0.2420  1029.1999    34.5201 0.0000e+00
      15106 313.617192  -62.16376  -58.37306     -1.128    1450.59    335.000    331.516    -0.2303    -0.2303    -0.0000    -0.2422    -0.2422    -0.0000   2.850697   2.850742   0.000048    34.3523    34.3530     6.5786    27.5956    27.5961    34.3523    27.5955    1452.66    1452.66    -0.2421  1029.1952    34.5202 0.0000e+00
      15136 313.617206  -62.16376  -58.37305     -0.878    1450.59    334.000    330.528    -0.2304    -0.2306    -0.0002    -0.2424    -0.2425    -0.0002   2.850577   2.850553  -0.000026    34.3516    34.3515     6.5788    27.5950    27.5949    34.3515    27.5949    1452.64    1452.64    -0.2422  1029.1898    34.5194 0.0000e+00
      15167 313.617221  -62.16376  -58.37304     -0.741    1450.59    333.000    329.539    -0.2309    -0.2308     0.0001    -0.2428    -0.2427     0.0001   2.850462   2.850498   0.000032    34.3512    34.3515     6.5739    27.5947    27.5949    34.3510    27.5946    1452.63    1452.63    -0.2426  1029.1848    34.5189 0.0000e+00
      15190 313.617232  -62.16376  -58.37304     -0.903    1450.59    332.000    328.550    -0.2312    -0.2314    -0.0002    -0.2430    -0.2432    -0.0002   2.850342   2.850373   0.000036    34.3504    34.3512     6.5685    27.5941    27.5947    34.3504    27.5940    1452.61    1452.61    -0.2428  1029.1795    34.5182 0.0000e+00
      15209 313.617242  -62.16376  -58.37304     -1.118    1450.59    331.000    327.561    -0.2315    -0.2317    -0.0002    -0.2433    -0.2435    -0.0002   2.850168   2.850182   0.000019    34.3497    34.3502     6.5732    27.5935    27.5939    34.3490    27.5929    1452.59    1452.59    -0.2431  1029.1724    34.5153 0.0000e+00
      15228 313.617251 -9.990e-29 -9.990e-29     -1.246    1450.59    330.000    326.573    -0.2343    -0.2344    -0.0002    -0.2460    -0.2462    -0.0002   2.849467   2.849492   0.000039    34.3441    34.3447     6.5761    27.5891    27.5896    34.3434    27.5886    1452.55    1452.55    -0.2459  1029.1618    34.5077 0.0000e+00
      15251 313.617262 -9.990e-29 -9.990e-29     -1.186    1450.59    329.000    325.583    -0.2351    -0.2362    -0.0011    -0.2468    -0.2479    -0.0011   2.849309   2.849077  -0.000256    34.3432    34.3410     6.5765    27.5884    27.5867    34.3428    27.5881    1452.53    1452.52    -0.2466  1029.1565    34.5070 0.0000e+00
      15281 313.617276 -9.990e-29 -9.990e-29     -0.884    1450.59    328.000    324.595    -0.2350    -0.2342     0.0008    -0.2467    -0.2458     0.0009   2.849240   2.849519   0.000302    34.3424    34.3455     6.5809    27.5878    27.5902    34.3424    27.5878    1452.51    1452.52    -0.2465  1029.1515    34.5066 0.0000e+00
      15312 313.617291  -62.16378  -58.37306     -0.735    1450.59    327.000    323.606    -0.2372    -0.2372    -0.0000    -0.2489    -0.2489    -0.0000   2.848235   2.848470   0.000206    34.3342    34.3370     6.6030    27.5812    27.5835    34.3321    27.5796    1452.47    1452.48    -0.2487  1029.1401    34.4983 0.0000e+00
      15336 313.617303  -62.16378  -58.37306     -0.896    1450.59    326.000    322.617    -0.2407    -0.2410    -0.0004    -0.2523    -0.2526    -0.0004   2.847059   2.847055  -0.000001    34.3215    34.3219     6.6208    27.5711    27.5715    34.3210    27.5707    1452.42    1452.42    -0.2521  1029.1280    34.4887 0.0000e+00
      15357 313.617313  -62.16378  -58.37306     -1.076    1450.59    325.000    321.628    -0.2408    -0.2410    -0.0002    -0.2523    -0.2525    -0.0002   2.846990   2.847012   0.000025    34.3210    34.3216     6.6214    27.5707    27.5712    34.3208    27.5706    1452.41    1452.41    -0.2522  1029.1231    34.4885 0.0000e+00
      15378 313.617323  -62.16378  -58.37306     -1.133    1450.59    324.000    320.639    -0.2410    -0.2411    -0.0002    -0.2524    -0.2526    -0.0002   2.846884   2.846907   0.000021    34.3206    34.3211     6.6346    27.5704    27.5708    34.3202    27.5701    1452.39    1452.39    -0.2523  1029.1178    34.4879 0.0000e+00
      15403 313.617335  -62.16377  -58.37306     -1.031    1450.59    323.000    319.651    -0.2411    -0.2414    -0.0003    -0.2525    -0.2529    -0.0003   2.846882   2.846774  -0.000088    34.3208    34.3201     6.6798    27.5706    27.5700    34.3208    27.5706    1452.38    1452.37    -0.2524  1029.1136    34.4885 0.0000e+00
      15430 313.617348  -62.16376  -58.37305     -0.910    1450.59    322.000    318.662    -0.2415    -0.2419    -0.0004    -0.2529    -0.2533    -0.0004   2.846614   2.846554  -0.000082    34.3189    34.3183     6.7279    27.5691    27.5686    34.3183    27.5686    1452.35    1452.35    -0.2527  1029.1069    34.4860 0.0000e+00
      15455 313.617360  -62.16376  -58.37304     -0.929    1450.59    321.000    317.673    -0.2420    -0.2422    -0.0002    -0.2534    -0.2536    -0.0002   2.846293   2.846330   0.000037    34.3157    34.3164     6.7514    27.5665    27.5671    34.3152    27.5661    1452.33    1452.33    -0.2532  1029.0997    34.4829 0.0000e+00
      15477 313.617371  -62.16376  -58.37304     -1.032    1450.59    320.000    316.684    -0.2419    -0.2422    -0.0002    -0.2533    -0.2535    -0.0002   2.846124   2.846134   0.000009    34.3138    34.3142     6.7517    27.5650    27.5653    34.3135    27.5647    1452.31    1452.31    -0.2531  1029.0936    34.4812 0.0000e+00
      15498 313.617381  -62.16376  -58.37304     -1.104    1450.59    319.000    315.695    -0.2416    -0.2419    -0.0003    -0.2529    -0.2532    -0.0003   2.846033   2.846041   0.000010    34.3127    34.3131     6.7539    27.5641    27.5644    34.3125    27.5639    1452.30    1452.29    -0.2527  1029.0880    34.4802 0.0000e+00
      15523 313.617393  -62.16376  -58.37304     -1.042    1450.59    318.000    314.707    -0.2416    -0.2416    -0.0001    -0.2528    -0.2529    -0.0001   2.846084   2.846014  -0.000064    34.3138    34.3130     6.7624    27.5649    27.5643    34.3137    27.5649    1452.28    1452.28    -0.2527  1029.0842    34.4814 0.0000e+00
      15553 313.617408  -62.16376  -58.37304     -0.847    1450.59    317.000    313.717    -0.2416    -0.2416     0.0000    -0.2529    -0.2528     0.0000   2.845966   2.845956  -0.000019    34.3132    34.3129     6.7770    27.5644    27.5642    34.3129    27.5642    1452.26    1452.26    -0.2527  1029.0788    34.4806 0.0000e+00
      15583 313.617422  -62.16376  -58.37304     -0.786    1450.59    316.000    312.728    -0.2415    -0.2416    -0.0002    -0.2527    -0.2528    -0.0002   2.845838   2.845859   0.000023    34.3117    34.3122     6.7855    27.5632    27.5637    34.3116    27.5631    1452.25    1452.25    -0.2525  1029.0730    34.4793 0.0000e+00
      15607 313.617433  -62.16378  -58.37304     -0.912    1450.59    315.000    311.740    -0.2414    -0.2416    -0.0002    -0.2525    -0.2527    -0.0002   2.845791   2.845815   0.000020    34.3116    34.3121     6.7826    27.5632    27.5636    34.3115    27.5631    1452.23    1452.23    -0.2524  1029.0682    34.4792 0.0000e+00
      15627 313.617443  -62.16378  -58.37304     -1.071    1450.59    314.000    310.751    -0.2407    -0.2409    -0.0001    -0.2518    -0.2519    -0.0001   2.845603   2.845608   0.000011    34.3091    34.3094     6.7911    27.5611    27.5614    34.3088    27.5609    1452.21    1452.21    -0.2516  1029.0613    34.4765 0.0000e+00
      15648 313.617453  -62.16378  -58.37304     -1.164    1450.59    313.000    309.762    -0.2397    -0.2400    -0.0002    -0.2508    -0.2511    -0.0002   2.845299   2.845309   0.000006    34.3046    34.3050     6.7909    27.5574    27.5577    34.3043    27.5572    1452.20    1452.19    -0.2506  1029.0528    34.4719 0.0000e+00
      15671 313.617464  -62.16378  -58.37304     -1.122    1450.59    312.000    308.773    -0.2400    -0.2401    -0.0001    -0.2510    -0.2511    -0.0001   2.845149   2.845148  -0.000001    34.3033    34.3034     6.7958    27.5564    27.5564    34.3031    27.5563    1452.17    1452.18    -0.2508  1029.0472    34.4708 0.0000e+00
      15697 313.617477  -62.16378  -58.37304     -0.962    1450.59    311.000    307.784    -0.2405    -0.2406    -0.0001    -0.2515    -0.2516    -0.0001   2.844955   2.844966   0.000023    34.3019    34.3023     6.8025    27.5553    27.5556    34.3018    27.5552    1452.15    1452.16    -0.2513  1029.0412    34.4692 0.0000e+00
      15725 313.617490 -9.990e-29  -58.37304     -0.879    1450.59    310.000    306.795    -0.2418    -0.2419    -0.0001    -0.2528    -0.2529    -0.0001   2.844451   2.844511   0.000046    34.2978    34.2985     6.8202    27.5520    27.5526    34.2971    27.5515    1452.13    1452.13    -0.2526  1029.0282    34.4589 0.0000e+00
      15750 313.617502 -9.990e-29  -58.37304     -0.922    1450.59    309.000    305.806    -0.2437    -0.2441    -0.0004    -0.2546    -0.2550    -0.0004   2.843939   2.843904  -0.000034    34.2938    34.2938     6.8381    27.5488    27.5489    34.2930    27.5482    1452.10    1452.09    -0.2544  1029.0203    34.4547 0.0000e+00
      15774 313.617514 -9.990e-29  -58.37304     -0.974    1450.59    308.000    304.817    -0.2463    -0.2466    -0.0003    -0.2572    -0.2574    -0.0003   2.843330   2.843365   0.000036    34.2890    34.2897     6.8457    27.5451    27.5457    34.2884    27.5446    1452.06    1452.06    -0.2570  1029.0120    34.4501 0.0000e+00
      15800 313.617526  -62.16376  -58.37304     -0.962    1450.59    307.000    303.829    -0.2475    -0.2477    -0.0002    -0.2583    -0.2585    -0.0002   2.843098   2.843117   0.000025    34.2876    34.2882     6.8565    27.5440    27.5445    34.2873    27.5438    1452.04    1452.04    -0.2581  1029.0069    34.4496 0.0000e+00
      15826 313.617539  -62.16376  -58.37304     -0.913    1450.59    306.000    302.839    -0.2478    -0.2482    -0.0004    -0.2585    -0.2589    -0.0004   2.842955   2.842956  -0.000003    34.2866    34.2870     6.8768    27.5433    27.5436    34.2863    27.5430    1452.02    1452.02    -0.2584  1029.0055    34.4538 0.0000e+00
      15851 313.617551  -62.16376  -58.37304     -0.922    1450.59    305.000    301.850    -0.2486    -0.2491    -0.0005    -0.2594    -0.2598    -0.0005   2.842724   2.842718  -0.000006    34.2852    34.2857     6.8991    27.5422    27.5425    34.2848    27.5418    1452.00    1452.00    -0.2592  1028.9996    34.4523 0.0000e+00
      15874 313.617562  -62.16378  -58.37304     -0.996    1450.59    304.000    300.861    -0.2495    -0.2498    -0.0003    -0.2602    -0.2605    -0.0003   2.842523   2.842550   0.000027    34.2839    34.2846     6.9133    27.5411    27.5418    34.2836    27.5409    1451.98    1451.97    -0.2600  1028.9940    34.4512 0.0000e+00
      15897 313.617573  -62.16378  -58.37304     -1.060    1450.59    303.000    299.873    -0.2498    -0.2502    -0.0004    -0.2604    -0.2609    -0.0004   2.842441   2.842457   0.000020    34.2837    34.2845     6.9254    27.5410    27.5416    34.2835    27.5408    1451.96    1451.96    -0.2603  1028.9891    34.4510 0.0000e+00
      15921 313.617585  -62.16378  -58.37304     -1.044    1450.59    302.000    298.884    -0.2501    -0.2504    -0.0004    -0.2607    -0.2610    -0.0004   2.842353   2.842354  -0.000001    34.2835    34.2839     6.9406    27.5408    27.5412    34.2833    27.5407    1451.94    1451.94    -0.2605  1028.9843    34.4508 0.0000e+00
      15948 313.617598  -62.16378  -58.37304     -0.938    1450.59    301.000    297.894    -0.2502    -0.2503    -0.0002    -0.2607    -0.2609    -0.0002   2.842307   2.842324   0.000017    34.2835    34.2839     6.9444    27.5408    27.5412    34.2834    27.5407    1451.92    1451.92    -0.2606  1028.9796    34.4509 0.0000e+00
      15976 313.617611  -62.16378  -58.37302     -0.854    1450.59    300.000    296.905    -0.2500    -0.2503    -0.0003    -0.2605    -0.2608    -0.0003   2.842222   2.842244   0.000021    34.2829    34.2835     6.9427    27.5404    27.5408    34.2827    27.5402    1451.91    1451.90    -0.2604  1028.9743    34.4502 0.0000e+00
      16001 313.617623  -62.16378  -58.37302     -0.900    1450.59    299.000    295.917    -0.2514    -0.2518    -0.0004    -0.2619    -0.2623    -0.0004   2.841884   2.841901   0.000022    34.2809    34.2816     6.9425    27.5388    27.5394    34.2803    27.5383    1451.88    1451.88    -0.2617  1028.9677    34.4478 0.0000e+00
      16023 313.617634  -62.16378  -58.37302     -1.013    1450.59    298.000    294.928    -0.2533    -0.2535    -0.0002    -0.2637    -0.2639    -0.0002   2.841497   2.841547   0.000045    34.2785    34.2793     6.9452    27.5370    27.5376    34.2779    27.5365    1451.85    1451.85    -0.2636  1028.9611    34.4454 0.0000e+00
      16045 313.617645  -62.16378  -58.37302     -1.091    1450.59    297.000    293.939    -0.2543    -0.2547    -0.0004    -0.2647    -0.2651    -0.0004   2.841221   2.841232   0.000009    34.2763    34.2768     6.9488    27.5352    27.5357    34.2759    27.5349    1451.83    1451.83    -0.2645  1028.9549    34.4434 0.0000e+00
      16069 313.617656  -62.16378  -58.37302     -1.064    1450.59    296.000    292.950    -0.2546    -0.2549    -0.0002    -0.2650    -0.2652    -0.0002   2.841140   2.841155   0.000024    34.2760    34.2766     6.9518    27.5350    27.5355    34.2758    27.5348    1451.81    1451.81    -0.2648  1028.9500    34.4433 0.0000e+00
      16097 313.617670  -62.16378  -58.37302     -0.920    1450.59    295.000    291.961    -0.2546    -0.2550    -0.0004    -0.2649    -0.2653    -0.0004   2.841134   2.841099  -0.000036    34.2765    34.2764     6.9607    27.5353    27.5353    34.2763    27.5352    1451.79    1451.79    -0.2647  1028.9457    34.4437 0.0000e+00
      16129 313.617685  -62.16378  -58.37302     -0.761    1450.59    294.000    290.972    -0.2551    -0.2552    -0.0001    -0.2654    -0.2655    -0.0001   2.840900   2.840941   0.000032    34.2751    34.2757     6.9789    27.5343    27.5347    34.2743    27.5337    1451.77    1451.77    -0.2652  1028.9394    34.4418 0.0000e+00
      16157 313.617699  -62.16378  -58.37302     -0.800    1450.59    293.000    289.983    -0.2575    -0.2578    -0.0003    -0.2677    -0.2680    -0.0003   2.840108   2.840134   0.000033    34.2676    34.2683     6.9892    27.5283    27.5289    34.2671    27.5279    1451.74    1451.74    -0.2676  1028.9289    34.4345 0.0000e+00
