Pos-Processados/process_op41/Processamento_split/up/uoperantar41_022.cnv
* Sea-Bird SBE 9 Data File:
* FileName = C:\Users\Dell\Desktop\OperantarXLI\config\00_BRUTOS\OPE41022.hdr
* Software Version Seasave V 7.26.7.110
* Temperature SN = 6497
* Conductivity SN = 4954
* Number of Bytes Per Scan = 34
* Number of Voltage Words = 3
* Number of Scans Averaged by the Deck Unit = 1
* NMEA Latitude = 59 45.37 S
* NMEA Longitude = 062 03.38 W
* NMEA UTC (Time) = Nov 14 2022 23:10:24
* NMEA baud rate = 4800
** H41
** Navio Polar Almirante Maximiano
** LH-021/2022
** Operantar XLI
** Número da Estação 022
** Latitude 59 45.358'S
** Longitude 062 03.362'W
** Data/Hora (Z) 14/11/2022 23:11
** Profundidade local 4103 m
** 09-1439
** Nome do Operador CT Garla
# nquan = 30
# nvalues = 2260                        
# units = specified
# name 0 = scan: Scan Count
# name 1 = timeJ: Julian Days
# name 2 = latitude: Latitude [deg]
# name 3 = longitude: Longitude [deg]
# name 4 = dz/dtM: Descent Rate [m/s]
# name 5 = avgsvCM: Average Sound Velocity [Chen-Millero, m/s]
# name 6 = prDM: Pressure, Digiquartz [db]
# name 7 = depSM: Depth [salt water, m]
# name 8 = t090C: Temperature [ITS-90, deg C]
# name 9 = t190C: Temperature, 2 [ITS-90, deg C]
# name 10 = T2-T190C: Temperature Difference, 2 - 1 [ITS-90, deg C]
# name 11 = potemp090C: Potential Temperature [ITS-90, deg C]
# name 12 = potemp190C: Potential Temperature, 2 [ITS-90, deg C]
# name 13 = potemp90Cdiff: Potential Temperature, Diff, 2 - 1 [ITS-90, deg C]
# name 14 = c0S/m: Conductivity [S/m]
# name 15 = c1S/m: Conductivity, 2 [S/m]
# name 16 = C2-C1S/m: Conductivity Difference, 2 - 1 [S/m]
# name 17 = sal00: Salinity, Practical [PSU]
# name 18 = sal11: Salinity, Practical, 2 [PSU]
# name 19 = sbeox0ML/L: Oxygen, SBE 43 [ml/l]
# name 20 = sigma-é00: Density [sigma-theta, kg/m^3]
# name 21 = sigma-é11: Density, 2 [sigma-theta, kg/m^3]
# name 22 = sal00: Salinity, Practical [PSU]
# name 23 = sigma-é00: Density [sigma-theta, kg/m^3]
# name 24 = svCM: Sound Velocity [Chen-Millero, m/s]
# name 25 = svCM1: Sound Velocity, 2 [Chen-Millero, m/s]
# name 26 = gsw_ptA0: potential temperature [ITS-90, deg C]
# name 27 = gsw_densityA0: density, TEOS-10 [density, kg/m^3]
# name 28 = gsw_saA0: Absolute Salinity [g/kg]
# name 29 = flag:
# span 0 =      60198,     133319       
# span 1 = 318.994586, 319.029849       
# span 2 =  -59.76978,  -59.76218       
# span 3 =  -62.06556,  -62.06017       
# span 4 =     -1.888,     -0.020       
# span 5 =    1474.40,    1474.40       
# span 6 =      0.000,   2259.000       
# span 7 =      0.000,   2225.748       
# span 8 =    -0.5862,     2.2187       
# span 9 =    -0.5845,     2.2184       
# span 10 =    -0.0207,     0.1637      
# span 11 =    -0.5894,     2.1985      
# span 12 =    -0.5877,     2.1982      
# span 13 =    -0.0207,     0.1635      
# span 14 =   2.767580,   3.095022      
# span 15 =   2.767637,   3.094995      
# span 16 =  -0.001706,   0.016465      
# span 17 =    33.7142,    34.7237      
# span 18 =    33.7145,    34.7237      
# span 19 =     3.8006,     8.0200      
# span 20 =    27.0360,    27.8238      
# span 21 =    27.0363,    27.8236      
# span 22 =    33.7144,    34.7239      
# span 23 =    27.0366,    27.8238      
# span 24 =    1446.46,    1490.82      
# span 25 =    1446.46,    1490.82      
# span 26 =    -0.5893,     2.1985      
# span 27 =  1027.0393,  1038.2673      
# span 28 =    33.8739,    34.8965      
# span 29 = 0.0000e+00, 0.0000e+00      
# interval = decibars: 1                
# start_time = Nov 14 2022 23:10:24 [NMEA time, header]
# bad_flag = -9.990e-29
*END*
[from data line 194]
      65975 318.997372  -59.76278  -62.06040     -1.175    1474.40   2065.000   2035.526     1.1213     1.1210    -0.0003     0.9929     0.9927    -0.0003   3.067938   3.067908  -0.000028    34.7165    34.7163     4.3330    27.8180    27.8179    34.7165    27.8180    1488.06    1488.06     0.9930  1037.3786    34.8882 0.0000e+00
      65998 318.997383  -59.76278  -62.06040     -1.117    1474.40   2064.000   2034.545     1.1214     1.1208    -0.0006     0.9932     0.9925    -0.0006   3.067918   3.067858  -0.000058    34.7165    34.7164     4.3372    27.8180    27.8180    34.7166    27.8181    1488.04    1488.04     0.9932  1037.3741    34.8883 0.0000e+00
      66025 318.997396  -59.76279  -62.06040     -0.960    1474.40   2063.000   2033.564     1.1218     1.1214    -0.0005     0.9936     0.9932    -0.0005   3.067923   3.067858  -0.000063    34.7166    34.7163     4.3388    27.8181    27.8178    34.7167    27.8182    1488.03    1488.02     0.9937  1037.3696    34.8885 0.0000e+00
      66073 318.997419  -59.76280  -62.06040     -0.542    1474.40   2062.000   2032.583     1.1241     1.1233    -0.0007     0.9959     0.9952    -0.0007   3.068085   3.067993  -0.000094    34.7167    34.7163     4.3352    27.8180    27.8177    34.7168    27.8181    1488.02    1488.02     0.9960  1037.3649    34.8886 0.0000e+00
      66139 318.997451  -59.76280  -62.06040     -0.344    1474.40   2061.000   2031.602     1.1253     1.1256     0.0003     0.9972     0.9975     0.0003   3.068150   3.068152  -0.000001    34.7166    34.7163     4.3329    27.8178    27.8175    34.7168    27.8180    1488.01    1488.01     0.9973  1037.3602    34.8885 0.0000e+00
      66169 318.997465  -59.76280  -62.06040     -0.684    1474.40   2060.000   2030.621     1.1262     1.1260    -0.0002     0.9981     0.9979    -0.0002   3.068180   3.068134  -0.000043    34.7166    34.7163     4.3318    27.8178    27.8176    34.7168    27.8179    1488.00    1487.99     0.9982  1037.3555    34.8885 0.0000e+00
      66192 318.997476  -59.76280  -62.06041     -0.933    1474.40   2059.000   2029.641     1.1264     1.1262    -0.0003     0.9985     0.9982    -0.0003   3.068163   3.068138  -0.000028    34.7166    34.7166     4.3327    27.8178    27.8178    34.7167    27.8179    1487.98    1487.98     0.9985  1037.3509    34.8885 0.0000e+00
      66214 318.997487  -59.76280  -62.06042     -1.065    1474.40   2058.000   2028.660     1.1269     1.1267    -0.0001     0.9990     0.9988    -0.0001   3.068157   3.068144  -0.000010    34.7166    34.7166     4.3367    27.8177    27.8177    34.7167    27.8178    1487.97    1487.97     0.9991  1037.3463    34.8884 0.0000e+00
      66240 318.997499  -59.76280  -62.06041     -1.008    1474.40   2057.000   2027.678     1.1273     1.1269    -0.0004     0.9994     0.9991    -0.0004   3.068160   3.068118  -0.000044    34.7167    34.7166     4.3276    27.8178    27.8177    34.7168    27.8178    1487.95    1487.95     0.9995  1037.3418    34.8885 0.0000e+00
      66268 318.997513  -59.76280  -62.06040     -0.872    1474.40   2056.000   2026.697     1.1277     1.1274    -0.0003     0.9999     0.9996    -0.0003   3.068157   3.068123  -0.000033    34.7167    34.7167     4.3298    27.8178    27.8177    34.7168    27.8178    1487.94    1487.93     1.0000  1037.3373    34.8885 0.0000e+00
      66292 318.997525  -59.76282  -62.06040     -0.904    1474.40   2055.000   2025.716     1.1279     1.1275    -0.0004     1.0002     0.9998    -0.0004   3.068122   3.068091  -0.000029    34.7166    34.7167     4.3309    27.8176    27.8177    34.7166    27.8177    1487.92    1487.92     1.0003  1037.3326    34.8884 0.0000e+00
      66315 318.997536  -59.76282  -62.06040     -1.036    1474.40   2054.000   2024.736     1.1281     1.1277    -0.0004     1.0005     1.0001    -0.0004   3.068099   3.068075  -0.000026    34.7166    34.7167     4.3351    27.8176    27.8177    34.7167    27.8176    1487.90    1487.90     1.0005  1037.3280    34.8884 0.0000e+00
      66336 318.997546  -59.76282  -62.06042     -1.087    1474.40   2053.000   2023.754     1.1284     1.1281    -0.0002     1.0008     1.0006    -0.0002   3.068089   3.068063  -0.000026    34.7167    34.7166     4.3307    27.8176    27.8176    34.7168    27.8177    1487.89    1487.89     1.0009  1037.3236    34.8885 0.0000e+00
      66359 318.997557  -59.76282  -62.06042     -1.092    1474.40   2052.000   2022.773     1.1287     1.1284    -0.0002     1.0012     1.0010    -0.0002   3.068072   3.068046  -0.000026    34.7167    34.7166     4.3332    27.8176    27.8176    34.7167    27.8176    1487.87    1487.87     1.0013  1037.3189    34.8884 0.0000e+00
      66395 318.997574  -59.76282  -62.06042     -0.786    1474.40   2051.000   2021.797     1.1287     1.1281    -0.0006     1.0013     1.0007    -0.0006   3.068039   3.067978  -0.000060    34.7167    34.7166     4.3349    27.8176    27.8176    34.7167    27.8177    1487.86    1487.85     1.0014  1037.3144    34.8885 0.0000e+00
      66460 318.997606  -59.76282  -62.06042     -0.271    1474.40   2050.000   2020.804     1.1291     1.1292     0.0001     1.0018     1.0019     0.0001   3.068039   3.068004  -0.000036    34.7168    34.7162     4.3254    27.8176    27.8172    34.7168    27.8177    1487.84    1487.84     1.0019  1037.3099    34.8885 0.0000e+00
      66492 318.997621  -59.76282  -62.06042     -0.651    1474.40   2049.000   2019.830     1.1292     1.1290    -0.0002     1.0020     1.0017    -0.0002   3.068002   3.067970  -0.000031    34.7167    34.7166     4.3318    27.8176    27.8175    34.7167    27.8176    1487.82    1487.82     1.0020  1037.3053    34.8885 0.0000e+00
      66516 318.997633  -59.76284  -62.06042     -0.909    1474.40   2048.000   2018.849     1.1296     1.1292    -0.0003     1.0024     1.0021    -0.0003   3.068001   3.067956  -0.000043    34.7168    34.7166     4.3254    27.8176    27.8174    34.7169    27.8177    1487.81    1487.81     1.0025  1037.3008    34.8886 0.0000e+00
      66540 318.997644  -59.76284  -62.06044     -1.002    1474.40   2047.000   2017.868     1.1302     1.1299    -0.0003     1.0031     1.0028    -0.0003   3.068013   3.067977  -0.000039    34.7168    34.7166     4.3305    27.8176    27.8175    34.7168    27.8176    1487.80    1487.79     1.0032  1037.2959    34.8882 0.0000e+00
      66567 318.997657 -9.990e-29  -62.06043     -0.957    1474.40   2046.000   2016.887     1.1302     1.1299    -0.0002     1.0032     1.0029    -0.0002   3.067970   3.067933  -0.000037    34.7168    34.7166     4.3329    27.8176    27.8175    34.7168    27.8176    1487.78    1487.78     1.0032  1037.2855    34.8807 0.0000e+00
      66600 318.997673 -9.990e-29  -62.06042     -0.761    1474.40   2045.000   2015.910     1.1296     1.1295    -0.0001     1.0027     1.0026    -0.0001   3.067894   3.067864  -0.000032    34.7170    34.7167     4.3349    27.8177    27.8176    34.7170    27.8177    1487.76    1487.76     1.0028  1037.2810    34.8807 0.0000e+00
      66640 318.997692  -59.76286  -62.06042     -0.601    1474.40   2044.000   2014.921     1.1295     1.1295    -0.0001     1.0027     1.0027    -0.0001   3.067848   3.067823  -0.000023    34.7169    34.7167     4.3329    27.8177    27.8176    34.7170    27.8178    1487.74    1487.74     1.0028  1037.2775    34.8820 0.0000e+00
      66670 318.997707  -59.76286 -9.990e-29     -0.722    1474.40   2043.000   2013.944     1.1297     1.1294    -0.0002     1.0029     1.0027    -0.0002   3.067804   3.067776  -0.000030    34.7168    34.7167     4.3280    27.8176    27.8175    34.7168    27.8176    1487.73    1487.72     1.0030  1037.2793    34.8900 0.0000e+00
      66694 318.997719  -59.76286 -9.990e-29     -0.910    1474.40   2042.000   2012.963     1.1301     1.1295    -0.0006     1.0034     1.0028    -0.0005   3.067799   3.067755  -0.000044    34.7167    34.7168     4.3372    27.8175    27.8176    34.7168    27.8176    1487.71    1487.71     1.0034  1037.2745    34.8897 0.0000e+00
      66717 318.997730  -59.76286 -9.990e-29     -1.035    1474.40   2041.000   2011.982     1.1303     1.1300    -0.0004     1.0037     1.0033    -0.0004   3.067779   3.067743  -0.000034    34.7168    34.7168     4.3313    27.8175    27.8175    34.7168    27.8176    1487.69    1487.69     1.0037  1037.2699    34.8897 0.0000e+00
      66742 318.997742  -59.76286  -62.06044     -1.018    1474.40   2040.000   2011.001     1.1304     1.1301    -0.0003     1.0039     1.0035    -0.0003   3.067757   3.067709  -0.000047    34.7169    34.7167     4.3331    27.8177    27.8175    34.7169    27.8177    1487.68    1487.68     1.0039  1037.2653    34.8897 0.0000e+00
      66780 318.997760  -59.76287  -62.06044     -0.701    1474.40   2039.000   2010.019     1.1306     1.1303    -0.0004     1.0042     1.0038    -0.0004   3.067743   3.067685  -0.000058    34.7169    34.7166     4.3321    27.8176    27.8174    34.7170    27.8177    1487.66    1487.66     1.0042  1037.2600    34.8887 0.0000e+00
      66822 318.997780  -59.76288  -62.06044     -0.527    1474.40   2038.000   2009.039     1.1311     1.1310    -0.0001     1.0047     1.0046    -0.0001   3.067742   3.067710  -0.000031    34.7169    34.7166     4.3293    27.8176    27.8174    34.7170    27.8176    1487.65    1487.65     1.0048  1037.2554    34.8887 0.0000e+00
      66849 318.997793  -59.76288  -62.06044     -0.784    1474.40   2037.000   2008.058     1.1317     1.1315    -0.0003     1.0054     1.0051    -0.0003   3.067742   3.067723  -0.000019    34.7167    34.7168     4.3325    27.8174    27.8175    34.7168    27.8175    1487.63    1487.63     1.0054  1037.2507    34.8885 0.0000e+00
      66871 318.997804  -59.76288  -62.06044     -1.004    1474.40   2036.000   2007.076     1.1322     1.1318    -0.0003     1.0059     1.0055    -0.0003   3.067742   3.067718  -0.000021    34.7168    34.7169     4.3353    27.8174    27.8175    34.7169    27.8175    1487.62    1487.62     1.0060  1037.2461    34.8885 0.0000e+00
      66897 318.997816  -59.76288  -62.06044     -1.002    1474.40   2035.000   2006.096     1.1320     1.1316    -0.0004     1.0058     1.0055    -0.0004   3.067694   3.067651  -0.000043    34.7169    34.7168     4.3351    27.8175    27.8174    34.7169    27.8175    1487.60    1487.60     1.0059  1037.2416    34.8886 0.0000e+00
      66940 318.997837  -59.76288  -62.06046     -0.614    1474.40   2034.000   2005.114     1.1324     1.1321    -0.0003     1.0063     1.0060    -0.0003   3.067707   3.067654  -0.000053    34.7171    34.7167     4.3317    27.8176    27.8174    34.7172    27.8177    1487.59    1487.58     1.0064  1037.2372    34.8888 0.0000e+00
      66988 318.997860  -59.76288  -62.06046     -0.466    1474.40   2033.000   2004.133     1.1333     1.1331    -0.0002     1.0073     1.0071    -0.0002   3.067738   3.067696  -0.000046    34.7170    34.7166     4.3332    27.8174    27.8172    34.7170    27.8175    1487.57    1487.57     1.0073  1037.2325    34.8887 0.0000e+00
      67014 318.997873  -59.76288  -62.06046     -0.752    1474.40   2032.000   2003.152     1.1338     1.1339     0.0000     1.0079     1.0079     0.0000   3.067727   3.067726 -1.817e-07    34.7169    34.7168     4.3293    27.8173    27.8173    34.7168    27.8173    1487.56    1487.56     1.0079  1037.2278    34.8885 0.0000e+00
      67034 318.997882  -59.76290  -62.06046     -1.036    1474.40   2031.000   2002.171     1.1335     1.1333    -0.0002     1.0077     1.0074    -0.0002   3.067663   3.067644  -0.000016    34.7168    34.7169     4.3273    27.8173    27.8174    34.7169    27.8174    1487.54    1487.54     1.0077  1037.2233    34.8886 0.0000e+00
      67052 318.997891  -59.76290  -62.06046     -1.231    1474.40   2030.000   2001.190     1.1334     1.1332    -0.0002     1.0075     1.0074    -0.0002   3.067611   3.067570  -0.000041    34.7170    34.7167     4.3267    27.8174    27.8172    34.7169    27.8174    1487.52    1487.52     1.0076  1037.2188    34.8886 0.0000e+00
      67073 318.997901  -59.76290  -62.06046     -1.257    1474.40   2029.000   2000.209     1.1338     1.1334    -0.0004     1.0081     1.0077    -0.0004   3.067619   3.067575  -0.000044    34.7170    34.7168     4.3264    27.8174    27.8173    34.7171    27.8175    1487.51    1487.51     1.0081  1037.2144    34.8888 0.0000e+00
      67101 318.997915  -59.76290  -62.06046     -0.990    1474.40   2028.000   1999.229     1.1346     1.1340    -0.0006     1.0089     1.0083    -0.0006   3.067650   3.067579  -0.000068    34.7170    34.7168     4.3308    27.8174    27.8172    34.7171    27.8174    1487.49    1487.49     1.0090  1037.2097    34.8888 0.0000e+00
      67152 318.997939  -59.76290  -62.06046     -0.490    1474.40   2027.000   1998.247     1.1370     1.1366    -0.0005     1.0114     1.0110    -0.0004   3.067838   3.067765  -0.000071    34.7171    34.7167     4.3326    27.8173    27.8170    34.7173    27.8175    1487.49    1487.49     1.0114  1037.2051    34.8890 0.0000e+00
      67213 318.997969  -59.76292  -62.06048     -0.383    1474.40   2026.000   1997.264     1.1379     1.1386     0.0006     1.0124     1.0130     0.0006   3.067871   3.067893   0.000016    34.7171    34.7166     4.3282    27.8172    27.8168    34.7172    27.8173    1487.48    1487.48     1.0125  1037.2004    34.8889 0.0000e+00
      67248 318.997986  -59.76292  -62.06048     -0.623    1474.40   2025.000   1996.284     1.1410     1.1413     0.0004     1.0154     1.0158     0.0004   3.068105   3.068132   0.000028    34.7170    34.7169     4.3194    27.8169    27.8168    34.7174    27.8172    1487.47    1487.47     1.0155  1037.1956    34.8891 0.0000e+00
      67271 318.997996  -59.76292  -62.06048     -0.905    1474.40   2024.000   1995.303     1.1432     1.1429    -0.0003     1.0177     1.0174    -0.0003   3.068242   3.068218  -0.000020    34.7169    34.7170     4.3228    27.8167    27.8168    34.7172    27.8169    1487.47    1487.46     1.0178  1037.1906    34.8889 0.0000e+00
      67291 318.998006  -59.76292  -62.06048     -1.102    1474.40   2023.000   1994.322     1.1436     1.1434    -0.0002     1.0182     1.0180    -0.0002   3.068237   3.068207  -0.000031    34.7171    34.7169     4.3274    27.8168    27.8167    34.7172    27.8169    1487.45    1487.45     1.0182  1037.1861    34.8889 0.0000e+00
      67311 318.998016  -59.76292  -62.06048     -1.181    1474.40   2022.000   1993.341     1.1438     1.1433    -0.0005     1.0185     1.0180    -0.0005   3.068218   3.068175  -0.000042    34.7171    34.7171     4.3296    27.8168    27.8168    34.7172    27.8169    1487.44    1487.43     1.0185  1037.1815    34.8889 0.0000e+00
      67332 318.998026  -59.76292  -62.06048     -1.170    1474.40   2021.000   1992.359     1.1441     1.1438    -0.0003     1.0188     1.0185    -0.0003   3.068202   3.068171  -0.000031    34.7170    34.7170     4.3248    27.8168    27.8168    34.7172    27.8169    1487.42    1487.42     1.0189  1037.1769    34.8889 0.0000e+00
      67354 318.998037  -59.76292  -62.06048     -1.120    1474.40   2020.000   1991.379     1.1443     1.1439    -0.0004     1.0191     1.0187    -0.0004   3.068172   3.068141  -0.000031    34.7170    34.7170     4.3357    27.8167    27.8167    34.7172    27.8168    1487.40    1487.40     1.0192  1037.1723    34.8888 0.0000e+00
      67377 318.998048  -59.76292  -62.06048     -1.079    1474.40   2019.000   1990.397     1.1445     1.1442    -0.0003     1.0194     1.0191    -0.0003   3.068149   3.068120  -0.000031    34.7171    34.7170     4.3370    27.8167    27.8167    34.7171    27.8168    1487.39    1487.39     1.0194  1037.1678    34.8888 0.0000e+00
