Pos-Processados/process_op41/Processamento_split/up/uoperantar41_015.cnv
* Sea-Bird SBE 9 Data File:
* FileName = C:\Users\Dell\Desktop\OperantarXLI\config\OP41015.hdr
* Software Version Seasave V 7.26.7.110
* Temperature SN = 6497
* Conductivity SN = 4954
* Number of Bytes Per Scan = 31
* Number of Voltage Words = 2
* Number of Scans Averaged by the Deck Unit = 1
* NMEA Latitude = 62 08.82 S
* NMEA Longitude = 058 24.51 W
* NMEA UTC (Time) = Nov 09 2022 12:07:14
* NMEA baud rate = 4800
** H41
** Navio Polar Almirante Maximiano
** LH-021/2022
** Operantar XLI
** Número da Estação 0015
** Latitude 62 8,825 S
** Longitude 58 24,511 W
** Data/Hora (Z) 09/11/22 1207Z
** Profundidade local 450
** 09-1439
** Nome do Operador CT GARLA
# nquan = 30
# nvalues = 411                         
# units = specified
# name 0 = scan: Scan Count
# name 1 = timeJ: Julian Days
# name 2 = latitude: Latitude [deg]
# name 3 = longitude: Longitude [deg]
# name 4 = dz/dtM: Descent Rate [m/s]
# name 5 = avgsvCM: Average Sound Velocity [Chen-Millero, m/s]
# name 6 = prDM: Pressure, Digiquartz [db]
# name 7 = depSM: Depth [salt water, m]
# name 8 = t090C: Temperature [ITS-90, deg C]
# name 9 = t190C: Temperature, 2 [ITS-90, deg C]
# name 10 = T2-T190C: Temperature Difference, 2 - 1 [ITS-90, deg C]
# name 11 = potemp090C: Potential Temperature [ITS-90, deg C]
# name 12 = potemp190C: Potential Temperature, 2 [ITS-90, deg C]
# name 13 = potemp90Cdiff: Potential Temperature, Diff, 2 - 1 [ITS-90, deg C]
# name 14 = c0S/m: Conductivity [S/m]
# name 15 = c1S/m: Conductivity, 2 [S/m]
# name 16 = C2-C1S/m: Conductivity Difference, 2 - 1 [S/m]
# name 17 = sal00: Salinity, Practical [PSU]
# name 18 = sal11: Salinity, Practical, 2 [PSU]
# name 19 = sbeox0ML/L: Oxygen, SBE 43 [ml/l]
# name 20 = sigma-é00: Density [sigma-theta, kg/m^3]
# name 21 = sigma-é11: Density, 2 [sigma-theta, kg/m^3]
# name 22 = sal00: Salinity, Practical [PSU]
# name 23 = sigma-é00: Density [sigma-theta, kg/m^3]
# name 24 = svCM: Sound Velocity [Chen-Millero, m/s]
# name 25 = svCM1: Sound Velocity, 2 [Chen-Millero, m/s]
# name 26 = gsw_ptA0: potential temperature [ITS-90, deg C]
# name 27 = gsw_densityA0: density, TEOS-10 [density, kg/m^3]
# name 28 = gsw_saA0: Absolute Salinity [g/kg]
# name 29 = flag:
# span 0 =      17615,      27959       
# span 1 = 313.513518, 313.518506       
# span 2 =  -62.14736,  -62.14722       
# span 3 =  -58.40840,  -58.40822       
# span 4 =     -1.305,     -0.454       
# span 5 =    1450.84,    1450.84       
# span 6 =      1.000,    411.000       
# span 7 =      0.997,    406.653       
# span 8 =    -0.2549,    -0.1037       
# span 9 =    -0.2551,    -0.1030       
# span 10 =    -0.0017,     0.0091      
# span 11 =    -0.2650,    -0.1040      
# span 12 =    -0.2652,    -0.1033      
# span 13 =    -0.0017,     0.0091      
# span 14 =   2.833744,   2.856306      
# span 15 =   2.833830,   2.856355      
# span 16 =  -0.000254,   0.000644      
# span 17 =    34.1930,    34.3643      
# span 18 =    34.1942,    34.3651      
# span 19 =     6.4937,     7.4924      
# span 20 =    27.4601,    27.6046      
# span 21 =    27.4610,    27.6053      
# span 22 =    34.1928,    34.3642      
# span 23 =    27.4600,    27.6046      
# span 24 =    1447.58,    1453.99      
# span 25 =    1447.58,    1453.99      
# span 26 =    -0.2648,    -0.1040      
# span 27 =  1027.4695,  1029.5641      
# span 28 =    34.3547,    34.5324      
# span 29 = 0.0000e+00, 0.0000e+00      
# interval = decibars: 1                
# start_time = Nov 09 2022 12:07:14 [NMEA time, header]
# bad_flag = -9.990e-29
*END*
[from data line 387]
      27091 313.518087  -62.14734  -58.40824     -0.876    1450.84     24.000     23.771    -0.1177    -0.1179    -0.0002    -0.1185    -0.1187    -0.0002   2.834124   2.834191   0.000066    34.1937    34.1949     7.4696    27.4613    27.4623    34.1937    27.4613    1447.91    1447.91    -0.1185  1027.5801    34.3586 0.0000e+00
      27125 313.518104  -62.14734  -58.40824     -0.740    1450.84     23.000     22.777    -0.1178    -0.1180    -0.0002    -0.1186    -0.1187    -0.0002   2.834072   2.834143   0.000074    34.1938    34.1950     7.4736    27.4614    27.4624    34.1938    27.4614    1447.89    1447.89    -0.1186  1027.5753    34.3586 0.0000e+00
      27159 313.518120  -62.14734  -58.40824     -0.677    1450.84     22.000     21.788    -0.1179    -0.1181    -0.0003    -0.1186    -0.1189    -0.0003   2.834015   2.834092   0.000076    34.1938    34.1951     7.4745    27.4614    27.4624    34.1937    27.4613    1447.87    1447.87    -0.1186  1027.5705    34.3585 0.0000e+00
      27187 313.518134  -62.14734  -58.40824     -0.809    1450.84     21.000     20.797    -0.1181    -0.1183    -0.0002    -0.1188    -0.1190    -0.0002   2.833944   2.834018   0.000073    34.1937    34.1949     7.4738    27.4613    27.4623    34.1936    27.4613    1447.86    1447.86    -0.1188  1027.5657    34.3584 0.0000e+00
      27211 313.518145  -62.14734  -58.40824     -0.948    1450.84     20.000     19.807    -0.1181    -0.1184    -0.0003    -0.1188    -0.1190    -0.0003   2.833898   2.833968   0.000072    34.1937    34.1949     7.4766    27.4613    27.4623    34.1937    27.4613    1447.84    1447.84    -0.1188  1027.5609    34.3585 0.0000e+00
      27240 313.518159  -62.14734  -58.40824     -0.901    1450.84     19.000     18.819    -0.1181    -0.1182    -0.0001    -0.1187    -0.1188    -0.0001   2.833856   2.833937   0.000080    34.1937    34.1949     7.4750    27.4614    27.4623    34.1937    27.4613    1447.82    1447.83    -0.1187  1027.5562    34.3585 0.0000e+00
      27279 313.518178  -62.14734  -58.40824     -0.650    1450.84     18.000     17.826    -0.1176    -0.1180    -0.0003    -0.1182    -0.1186    -0.0003   2.833855   2.833914   0.000061    34.1937    34.1948     7.4769    27.4613    27.4622    34.1938    27.4614    1447.81    1447.81    -0.1182  1027.5514    34.3585 0.0000e+00
      27320 313.518198 -9.990e-29  -58.40824     -0.565    1450.84     17.000     16.836    -0.1136    -0.1139    -0.0003    -0.1141    -0.1144    -0.0003   2.834134   2.834189   0.000059    34.1932    34.1944     7.4772    27.4607    27.4616    34.1936    27.4610    1447.81    1447.81    -0.1142  1027.5434    34.3547 0.0000e+00
      27350 313.518212 -9.990e-29  -58.40824     -0.735    1450.84     16.000     15.846    -0.1104    -0.1110    -0.0007    -0.1109    -0.1115    -0.0007   2.834359   2.834406   0.000043    34.1930    34.1943     7.4858    27.4604    27.4615    34.1935    27.4608    1447.81    1447.81    -0.1109  1027.5385    34.3548 0.0000e+00
      27376 313.518225 -9.990e-29  -58.40824     -0.877    1450.84     15.000     14.856    -0.1071    -0.1075    -0.0004    -0.1076    -0.1080    -0.0004   2.834578   2.834636   0.000059    34.1930    34.1942     7.4924    27.4602    27.4612    34.1934    27.4606    1447.81    1447.81    -0.1076  1027.5335    34.3547 0.0000e+00
      27405 313.518239  -62.14732  -58.40824     -0.867    1450.84     14.000     13.865    -0.1065    -0.1058     0.0007    -0.1070    -0.1063     0.0007   2.834561   2.834717   0.000142    34.1931    34.1942     7.4872    27.4603    27.4611    34.1932    27.4603    1447.80    1447.80    -0.1070  1027.5304    34.3568 0.0000e+00
      27442 313.518257  -62.14732  -58.40824     -0.680    1450.84     13.000     12.875    -0.1089    -0.1073     0.0017    -0.1094    -0.1077     0.0017   2.834322   2.834536   0.000217    34.1932    34.1942     7.4789    27.4605    27.4612    34.1933    27.4605    1447.77    1447.78    -0.1093  1027.5268    34.3582 0.0000e+00
      27482 313.518276  -62.14732  -58.40824     -0.590    1450.84     12.000     11.889    -0.1081    -0.1087    -0.0006    -0.1085    -0.1091    -0.0006   2.834361   2.834395   0.000036    34.1932    34.1944     7.4810    27.4604    27.4614    34.1935    27.4607    1447.76    1447.75    -0.1085  1027.5222    34.3585 0.0000e+00
      27515 313.518292  -62.14732  -58.40824     -0.700    1450.84     11.000     10.888    -0.1046    -0.1044     0.0002    -0.1050    -0.1048     0.0002   2.834594   2.834705   0.000106    34.1930    34.1942     7.4831    27.4601    27.4610    34.1933    27.4603    1447.76    1447.76    -0.1050  1027.5171    34.3582 0.0000e+00
      27544 313.518306  -62.14732  -58.40824     -0.805    1450.84     10.000      9.904    -0.1048    -0.1038     0.0009    -0.1051    -0.1041     0.0009   2.834545   2.834718   0.000166    34.1932    34.1944     7.4787    27.4602    27.4612    34.1934    27.4604    1447.74    1447.74    -0.1051  1027.5124    34.3584 0.0000e+00
      27575 313.518321  -62.14732  -58.40824     -0.801    1450.84      9.000      8.913    -0.1057    -0.1047     0.0010    -0.1060    -0.1049     0.0010   2.834412   2.834579   0.000172    34.1932    34.1944     7.4782    27.4603    27.4612    34.1933    27.4604    1447.72    1447.72    -0.1060  1027.5076    34.3583 0.0000e+00
      27610 313.518338  -62.14732  -58.40824     -0.695    1450.84      8.000      7.923    -0.1037    -0.1030     0.0006    -0.1040    -0.1033     0.0006   2.834556   2.834683   0.000132    34.1933    34.1943     7.4761    27.4603    27.4611    34.1936    27.4605    1447.71    1447.72    -0.1040  1027.5030    34.3585 0.0000e+00
      27647 313.518356  -62.14732  -58.40824     -0.647    1450.84      7.000      6.933    -0.1044    -0.1047    -0.0003    -0.1046    -0.1049    -0.0003   2.834406   2.834484   0.000072    34.1931    34.1944     7.4765    27.4602    27.4612    34.1930    27.4600    1447.69    1447.69    -0.1046  1027.4978    34.3579 0.0000e+00
      27683 313.518373  -62.14730  -58.40824     -0.667    1450.84      6.000      5.942    -0.1098    -0.1095     0.0004    -0.1100    -0.1097     0.0004   2.833890   2.834016   0.000128    34.1932    34.1945     7.4705    27.4605    27.4615    34.1928    27.4602    1447.65    1447.65    -0.1100  1027.4931    34.3578 0.0000e+00
      27716 313.518389  -62.14731  -58.40824     -0.726    1450.84      5.000      4.952    -0.1095    -0.1100    -0.0006    -0.1096    -0.1102    -0.0006   2.833887   2.833928   0.000045    34.1931    34.1944     7.4713    27.4604    27.4614    34.1930    27.4603    1447.64    1447.63    -0.1097  1027.4885    34.3580 0.0000e+00
      27749 313.518404  -62.14730  -58.40824     -0.725    1450.84      4.000      3.962    -0.1103    -0.1106    -0.0004    -0.1104    -0.1107    -0.0004   2.833768   2.833830   0.000064    34.1930    34.1942     7.4801    27.4603    27.4614    34.1929    27.4603    1447.62    1447.62    -0.1104  1027.4837    34.3579 0.0000e+00
      27777 313.518418  -62.14730  -58.40824     -0.802    1450.84      3.000      2.971    -0.1093    -0.1095    -0.0002    -0.1094    -0.1096    -0.0002   2.833808   2.833892   0.000083    34.1930    34.1943     7.4869    27.4603    27.4614    34.1930    27.4603    1447.60    1447.61    -0.1094  1027.4789    34.3580 0.0000e+00
      27814 313.518436  -62.14730  -58.40824     -0.705    1450.84      2.000      1.981    -0.1096    -0.1096    -0.0000    -0.1097    -0.1097    -0.0000   2.833744   2.833832   0.000087    34.1932    34.1943     7.4799    27.4604    27.4614    34.1931    27.4604    1447.59    1447.59    -0.1097  1027.4742    34.3580 0.0000e+00
      27959 313.518506  -62.14730  -58.40824     -0.454    1450.84      1.000      0.997    -0.1069    -0.1079    -0.0010    -0.1069    -0.1080    -0.0010   2.833945   2.833962   0.000015    34.1932    34.1946     7.4783    27.4603    27.4615    34.1934    27.4605    1447.58    1447.58    -0.1069  1027.4695    34.3583 0.0000e+00
