Pos-Processados/process_op41/Processamento_split/up/uoperantar41_001MEPHY.cnv
* Sea-Bird SBE 9 Data File:
* FileName = C:\Users\Dell\Desktop\Operantar XLI\Raw\OP41001MEPHY.hdr
* Software Version Seasave V 7.26.7.110
* Temperature SN = 6497
* Conductivity SN = 4954
* Number of Bytes Per Scan = 31
* Number of Voltage Words = 2
* Number of Scans Averaged by the Deck Unit = 1
* NMEA Latitude = 36 40.13 S
* NMEA Longitude = 048 37.58 W
* NMEA UTC (Time) = Oct 17 2022 15:39:23
* NMEA baud rate = 4800
** H41
** Navio Polar Almirante Maximiano
** LH-021/2022
** Operantar XLI
** Número da Estação 001 MEPHY
** Latitude 36 40.147S
** Longitude 048 37.579W
** Data/Hora (Z) 1539Z
** Profundidade local 4900m
** 09-1439
** Nome do Operador CT Garla
# nquan = 30
# nvalues = 44                          
# units = specified
# name 0 = scan: Scan Count
# name 1 = timeJ: Julian Days
# name 2 = latitude: Latitude [deg]
# name 3 = longitude: Longitude [deg]
# name 4 = dz/dtM: Descent Rate [m/s]
# name 5 = avgsvCM: Average Sound Velocity [Chen-Millero, m/s]
# name 6 = prDM: Pressure, Digiquartz [db]
# name 7 = depSM: Depth [salt water, m]
# name 8 = t090C: Temperature [ITS-90, deg C]
# name 9 = t190C: Temperature, 2 [ITS-90, deg C]
# name 10 = T2-T190C: Temperature Difference, 2 - 1 [ITS-90, deg C]
# name 11 = potemp090C: Potential Temperature [ITS-90, deg C]
# name 12 = potemp190C: Potential Temperature, 2 [ITS-90, deg C]
# name 13 = potemp90Cdiff: Potential Temperature, Diff, 2 - 1 [ITS-90, deg C]
# name 14 = c0S/m: Conductivity [S/m]
# name 15 = c1S/m: Conductivity, 2 [S/m]
# name 16 = C2-C1S/m: Conductivity Difference, 2 - 1 [S/m]
# name 17 = sal00: Salinity, Practical [PSU]
# name 18 = sal11: Salinity, Practical, 2 [PSU]
# name 19 = sbeox0ML/L: Oxygen, SBE 43 [ml/l]
# name 20 = sigma-é00: Density [sigma-theta, kg/m^3]
# name 21 = sigma-é11: Density, 2 [sigma-theta, kg/m^3]
# name 22 = sal00: Salinity, Practical [PSU]
# name 23 = sigma-é00: Density [sigma-theta, kg/m^3]
# name 24 = svCM: Sound Velocity [Chen-Millero, m/s]
# name 25 = svCM1: Sound Velocity, 2 [Chen-Millero, m/s]
# name 26 = gsw_ptA0: potential temperature [ITS-90, deg C]
# name 27 = gsw_densityA0: density, TEOS-10 [density, kg/m^3]
# name 28 = gsw_saA0: Absolute Salinity [g/kg]
# name 29 = flag:
# span 0 =       5593,      11616       
# span 1 = 290.655046, 290.657951       
# span 2 =  -36.66896,  -36.66886       
# span 3 =  -48.62658,  -48.62650       
# span 4 =     -0.972,     -0.105       
# span 5 =    1516.20,    1516.20       
# span 6 =      4.000,     47.000       
# span 7 =      3.966,     46.649       
# span 8 =    17.5087,    17.5828       
# span 9 =    17.5089,    17.5856       
# span 10 =    -0.0045,     0.0027      
# span 11 =    17.5010,    17.5822      
# span 12 =    17.5013,    17.5849      
# span 13 =    -0.0045,     0.0027      
# span 14 =   4.670373,   4.676742      
# span 15 =   4.670318,   4.676948      
# span 16 =  -0.000595,   0.000210      
# span 17 =    36.1079,    36.1104      
# span 18 =    36.1067,    36.1098      
# span 19 =     5.1234,     5.1839      
# span 20 =    26.2259,    26.2443      
# span 21 =    26.2247,    26.2431      
# span 22 =    36.1078,    36.1112      
# span 23 =    26.2265,    26.2443      
# span 24 =    1515.84,    1516.39      
# span 25 =    1515.84,    1516.39      
# span 26 =    17.5010,    17.5822      
# span 27 =  1026.2480,  1026.4528      
# span 28 =    36.2782,    36.2816      
# span 29 = 0.0000e+00, 0.0000e+00      
# interval = decibars: 1                
# start_time = Oct 17 2022 15:39:23 [NMEA time, header]
# bad_flag = -9.990e-29
*END*
       5593 290.655046  -36.66886  -48.62650     -0.259    1516.20     47.000     46.649    17.5092    17.5097     0.0005    17.5012    17.5018     0.0005   4.670803   4.670691  -0.000109    36.1084    36.1070     5.1752    26.2441    26.2429    36.1085    26.2442    1516.39    1516.39    17.5012  1026.4528    36.2789 0.0000e+00
       5645 290.655071  -36.66886  -48.62650     -0.450    1516.20     46.000     45.653    17.5093    17.5098     0.0005    17.5016    17.5021     0.0005   4.670763   4.670667  -0.000096    36.1084    36.1071     5.1649    26.2441    26.2429    36.1084    26.2441    1516.38    1516.38    17.5015  1026.4483    36.2788 0.0000e+00
       5744 290.655119  -36.66886  -48.62650     -0.335    1516.20     45.000     44.662    17.5087    17.5089     0.0003    17.5010    17.5013     0.0003   4.670663   4.670526  -0.000133    36.1085    36.1071     5.1567    26.2443    26.2431    36.1085    26.2443    1516.36    1516.36    17.5010  1026.4442    36.2789 0.0000e+00
       5771 290.655132  -36.66886  -48.62650     -0.731    1516.20     44.000     43.671    17.5090    17.5094     0.0004    17.5015    17.5020     0.0004   4.670643   4.670537  -0.000108    36.1084    36.1072     5.1667    26.2441    26.2430    36.1084    26.2441    1516.34    1516.34    17.5015  1026.4397    36.2788 0.0000e+00
       5821 290.655156  -36.66886  -48.62650     -0.532    1516.20     43.000     42.679    17.5090    17.5093     0.0003    17.5017    17.5021     0.0003   4.670600   4.670490  -0.000110    36.1084    36.1072     5.1573    26.2441    26.2430    36.1084    26.2440    1516.33    1516.32    17.5017  1026.4352    36.2788 0.0000e+00
       5902 290.655195  -36.66886  -48.62652     -0.301    1516.20     42.000     41.684    17.5098    17.5101     0.0003    17.5027    17.5030     0.0003   4.670625   4.670521  -0.000103    36.1083    36.1071     5.1731    26.2437    26.2427    36.1083    26.2437    1516.31    1516.31    17.5027  1026.4306    36.2787 0.0000e+00
       5939 290.655213  -36.66886  -48.62652     -0.591    1516.20     41.000     40.696    17.5100    17.5096    -0.0004    17.5031    17.5027    -0.0004   4.670637   4.670430  -0.000199    36.1085    36.1072     5.1684    26.2438    26.2428    36.1086    26.2438    1516.29    1516.29    17.5031  1026.4264    36.2790 0.0000e+00
       6012 290.655248  -36.66886  -48.62652     -0.246    1516.20     40.000     39.699    17.5123    17.5107    -0.0015    17.5055    17.5039    -0.0015   4.670801   4.670516  -0.000281    36.1084    36.1073     5.1773    26.2431    26.2426    36.1084    26.2431    1516.29    1516.28    17.5055  1026.4213    36.2788 0.0000e+00
       6048 290.655266  -36.66886  -48.62652     -0.621    1516.20     39.000     38.706    17.5115    17.5113    -0.0002    17.5049    17.5047    -0.0002   4.670708   4.670539  -0.000178    36.1086    36.1073     5.1839    26.2434    26.2424    36.1087    26.2435    1516.27    1516.26    17.5049  1026.4173    36.2791 0.0000e+00
       6076 290.655279  -36.66886  -48.62652     -0.837    1516.20     38.000     37.717    17.5126    17.5127     0.0001    17.5062    17.5063     0.0001   4.670780   4.670625  -0.000154    36.1087    36.1073     5.1699    26.2431    26.2420    36.1087    26.2432    1516.25    1516.25    17.5062  1026.4126    36.2791 0.0000e+00
       6163 290.655321  -36.66886  -48.62652     -0.276    1516.20     37.000     36.722    17.5127    17.5127     0.0001    17.5064    17.5065     0.0001   4.670740   4.670596  -0.000143    36.1087    36.1074     5.1611    26.2431    26.2421    36.1087    26.2431    1516.24    1516.24    17.5064  1026.4082    36.2791 0.0000e+00
       6218 290.655348  -36.66886  -48.62652     -0.589    1516.20     36.000     35.734    17.5126    17.5130     0.0003    17.5065    17.5069     0.0003   4.670682   4.670558  -0.000123    36.1086    36.1073     5.1762    26.2430    26.2419    36.1087    26.2430    1516.22    1516.22    17.5065  1026.4038    36.2791 0.0000e+00
       6300 290.655387  -36.66886  -48.62652     -0.308    1516.20     35.000     34.733    17.5129    17.5133     0.0004    17.5069    17.5073     0.0004   4.670654   4.670552  -0.000107    36.1086    36.1073     5.1678    26.2429    26.2418    36.1086    26.2429    1516.21    1516.21    17.5069  1026.3993    36.2790 0.0000e+00
       6353 290.655413  -36.66886  -48.62652     -0.623    1516.20     34.000     33.747    17.5131    17.5131    -0.0001    17.5074    17.5073    -0.0001   4.670612   4.670471  -0.000140    36.1084    36.1073     5.1758    26.2427    26.2418    36.1084    26.2426    1516.19    1516.19    17.5074  1026.3947    36.2787 0.0000e+00
       6375 290.655424  -36.66886  -48.62652     -0.972    1516.20     33.000     32.754    17.5132    17.5132    -0.0000    17.5076    17.5076    -0.0000   4.670565   4.670402  -0.000161    36.1083    36.1069     5.1705    26.2425    26.2414    36.1083    26.2425    1516.17    1516.17    17.5076  1026.3902    36.2787 0.0000e+00
       6444 290.655457  -36.66886  -48.62653     -0.568    1516.20     32.000     31.742    17.5130    17.5132     0.0002    17.5075    17.5078     0.0002   4.670482   4.670335  -0.000146    36.1082    36.1068     5.1731    26.2425    26.2413    36.1082    26.2424    1516.15    1516.15    17.5076  1026.3858    36.2786 0.0000e+00
       6514 290.655491  -36.66886  -48.62652     -0.680    1516.20     31.000     30.769    17.5127    17.5133     0.0006    17.5075    17.5080     0.0006   4.670373   4.670318  -0.000069    36.1079    36.1068     5.1575    26.2422    26.2412    36.1078    26.2422    1516.14    1516.14    17.5075  1026.3812    36.2782 0.0000e+00
       6547 290.655506  -36.66886  -48.62652     -0.782    1516.20     30.000     29.781    17.5133    17.5144     0.0012    17.5082    17.5093     0.0012   4.670405   4.670374  -0.000030    36.1080    36.1067     5.1471    26.2421    26.2409    36.1080    26.2422    1516.12    1516.12    17.5082  1026.3768    36.2784 0.0000e+00
       6640 290.655551  -36.66887  -48.62654     -0.142    1516.20     29.000     28.777    17.5160    17.5159    -0.0000    17.5111    17.5110    -0.0000   4.670661   4.670510  -0.000160    36.1082    36.1068     5.1743    26.2415    26.2405    36.1082    26.2416    1516.11    1516.11    17.5111  1026.3719    36.2786 0.0000e+00
       6676 290.655568  -36.66886  -48.62654     -0.635    1516.20     28.000     27.792    17.5162    17.5165     0.0003    17.5115    17.5117     0.0003   4.670658   4.670523  -0.000117    36.1081    36.1069     5.1626    26.2414    26.2404    36.1084    26.2416    1516.10    1516.10    17.5115  1026.3676    36.2788 0.0000e+00
       6703 290.655581  -36.66886  -48.62654     -0.866    1516.20     27.000     26.799    17.5183    17.5181    -0.0002    17.5137    17.5135    -0.0002   4.670836   4.670699  -0.000143    36.1084    36.1074     5.1464    26.2411    26.2403    36.1085    26.2411    1516.09    1516.08    17.5137  1026.3628    36.2789 0.0000e+00
       6778 290.655618  -36.66886  -48.62654     -0.451    1516.20     26.000     25.796    17.5182    17.5189     0.0006    17.5138    17.5144     0.0006   4.670812   4.670732  -0.000083    36.1087    36.1074     5.1656    26.2413    26.2401    36.1087    26.2413    1516.07    1516.07    17.5138  1026.3586    36.2792 0.0000e+00
       6850 290.655653  -36.66888  -48.62654     -0.626    1516.20     25.000     24.815    17.5186    17.5188     0.0002    17.5144    17.5145     0.0002   4.670789   4.670671  -0.000122    36.1085    36.1073     5.1583    26.2410    26.2401    36.1085    26.2410    1516.05    1516.05    17.5144  1026.3539    36.2790 0.0000e+00
       6875 290.655665  -36.66887  -48.62656     -0.898    1516.20     24.000     23.822    17.5186    17.5189     0.0003    17.5146    17.5148     0.0003   4.670765   4.670635  -0.000126    36.1087    36.1074     5.1602    26.2411    26.2400    36.1087    26.2411    1516.04    1516.04    17.5146  1026.3497    36.2791 0.0000e+00
       6945 290.655698  -36.66886  -48.62655     -0.335    1516.20     23.000     22.829    17.5237    17.5248     0.0011    17.5198    17.5209     0.0011   4.671273   4.671260  -0.000017    36.1088    36.1076     5.1646    26.2399    26.2387    36.1090    26.2401    1516.04    1516.04    17.5198  1026.3443    36.2794 0.0000e+00
       7007 290.655728  -36.66886  -48.62654     -0.486    1516.20     22.000     21.837    17.5241    17.5246     0.0005    17.5204    17.5209     0.0005   4.671265   4.671153  -0.000086    36.1088    36.1076     5.1526    26.2397    26.2387    36.1089    26.2399    1516.02    1516.02    17.5204  1026.3397    36.2793 0.0000e+00
       7060 290.655754  -36.66886  -48.62656     -0.447    1516.20     21.000     20.848    17.5287    17.5261    -0.0026    17.5252    17.5226    -0.0026   4.671718   4.671311  -0.000406    36.1090    36.1078     5.1588    26.2387    26.2384    36.1092    26.2389    1516.02    1516.01    17.5252  1026.3344    36.2796 0.0000e+00
       7148 290.655796  -36.66886  -48.62656     -0.232    1516.20     20.000     19.844    17.5400    17.5354    -0.0045    17.5366    17.5321    -0.0045   4.672856   4.672258  -0.000595    36.1091    36.1080     5.1527    26.2360    26.2363    36.1094    26.2362    1516.04    1516.02    17.5366  1026.3274    36.2798 0.0000e+00
       7179 290.655811  -36.66886  -48.62656     -0.648    1516.20     19.000     18.859    17.5409    17.5395    -0.0014    17.5377    17.5363    -0.0014   4.672992   4.672724  -0.000268    36.1092    36.1082     5.1536    26.2359    26.2354    36.1101    26.2365    1516.02    1516.02    17.5377  1026.3233    36.2805 0.0000e+00
       7222 290.655832  -36.66888  -48.62656     -0.651    1516.20     18.000     17.861    17.5438    17.5419    -0.0019    17.5408    17.5389    -0.0019   4.673176   4.672908  -0.000290    36.1093    36.1084     5.1436    26.2352    26.2350    36.1095    26.2353    1516.01    1516.01    17.5408  1026.3178    36.2799 0.0000e+00
       7330 290.655884  -36.66888  -48.62658     -0.348    1516.20     17.000     16.858    17.5476    17.5478     0.0002    17.5448    17.5450     0.0002   4.673545   4.673357  -0.000175    36.1096    36.1079     5.1621    26.2344    26.2331    36.1097    26.2345    1516.01    1516.01    17.5448  1026.3126    36.2801 0.0000e+00
       7351 290.655894  -36.66888  -48.62658     -0.862    1516.20     16.000     15.881    17.5479    17.5480     0.0002    17.5452    17.5453     0.0002   4.673525   4.673395  -0.000152    36.1095    36.1081     5.1368    26.2343    26.2331    36.1097    26.2344    1515.99    1515.99    17.5452  1026.3082    36.2801 0.0000e+00
       7418 290.655926  -36.66888  -48.62657     -0.462    1516.20     15.000     14.889    17.5491    17.5493     0.0002    17.5466    17.5467     0.0002   4.673609   4.673493  -0.000123    36.1096    36.1084     5.1462    26.2340    26.2330    36.1097    26.2341    1515.98    1515.98    17.5466  1026.3035    36.2801 0.0000e+00
       9617 290.656987  -36.66893  -48.62658     -0.489    1516.20     14.000     13.885    17.5472    17.5486     0.0014    17.5449    17.5462     0.0014   4.673363   4.673328  -0.000028    36.1097    36.1082     5.1448    26.2345    26.2330    36.1097    26.2345    1515.96    1515.96    17.5449  1026.2995    36.2801 0.0000e+00
      10527 290.657426  -36.66895 -9.990e-29     -0.238    1516.20     13.000     12.889    17.5493    17.5494     0.0001    17.5472    17.5472     0.0001   4.673532   4.673406  -0.000116    36.1097    36.1086     5.1378    26.2339    26.2331    36.1096    26.2339    1515.95    1515.95    17.5471  1026.2946    36.2801 0.0000e+00
      10497 290.657411  -36.66894 -9.990e-29     -0.788    1516.20     12.000     11.911    17.5480    17.5487     0.0007    17.5460    17.5467     0.0007   4.673340   4.673277  -0.000073    36.1097    36.1085     5.1609    26.2342    26.2331    36.1095    26.2341    1515.93    1515.93    17.5460  1026.2904    36.2799 0.0000e+00
      10543 290.657433  -36.66895  -48.62656     -0.583    1516.20     11.000     10.918    17.5465    17.5474     0.0009    17.5446    17.5455     0.0009   4.673154   4.673109  -0.000044    36.1098    36.1086     5.1589    26.2346    26.2335    36.1097    26.2346    1515.91    1515.91    17.5446  1026.2865    36.2801 0.0000e+00
      10625 290.657473  -36.66896  -48.62656     -0.284    1516.20     10.000      9.924    17.5454    17.5462     0.0009    17.5437    17.5445     0.0009   4.673003   4.672927  -0.000085    36.1098    36.1084     5.1234    26.2349    26.2335    36.1098    26.2348    1515.89    1515.89    17.5437  1026.2825    36.2802 0.0000e+00
      10665 290.657492  -36.66896  -48.62657     -0.532    1516.20      9.000      8.933    17.5503    17.5524     0.0021    17.5488    17.5509     0.0021   4.673504   4.673601   0.000082    36.1099    36.1087     5.1419    26.2336    26.2322    36.1101    26.2338    1515.88    1515.89    17.5488  1026.2771    36.2805 0.0000e+00
      10732 290.657525  -36.66896  -48.62656     -0.270    1516.20      8.000      7.939    17.5644    17.5645     0.0001    17.5631    17.5632     0.0001   4.674930   4.674688  -0.000163    36.1098    36.1083     5.1682    26.2301    26.2289    36.1103    26.2305    1515.91    1515.91    17.5631  1026.2694    36.2807 0.0000e+00
      10768 290.657542  -36.66896  -48.62656     -0.614    1516.20      7.000      6.952    17.5523    17.5494    -0.0028    17.5511    17.5482    -0.0028   4.673528   4.673143  -0.000422    36.1097    36.1086     5.1578    26.2330    26.2328    36.1093    26.2327    1515.86    1515.85    17.5511  1026.2672    36.2797 0.0000e+00
      10863 290.657588  -36.66896  -48.62656     -0.105    1516.20      6.000      5.958    17.5658    17.5657    -0.0001    17.5648    17.5647    -0.0001   4.674936   4.674782  -0.000154    36.1098    36.1085     5.1551    26.2296    26.2287    36.1099    26.2297    1515.88    1515.88    17.5648  1026.2600    36.2803 0.0000e+00
      10927 290.657618  -36.66896  -48.62656     -0.560    1516.20      5.000      4.967    17.5593    17.5599     0.0006    17.5585    17.5590     0.0006   4.674212   4.674125  -0.000094    36.1098    36.1085     5.1498    26.2312    26.2301    36.1098    26.2312    1515.84    1515.84    17.5585  1026.2571    36.2802 0.0000e+00
      11616 290.657951  -36.66896  -48.62652     -0.374    1516.20      4.000      3.966    17.5828    17.5856     0.0027    17.5822    17.5849     0.0027   4.676742   4.676948   0.000210    36.1104    36.1098     5.1400    26.2259    26.2247    36.1112    26.2265    1515.90    1515.90    17.5822  1026.2480    36.2816 0.0000e+00
