Pos-Processados/process_op41/Processamento_split/up/uoperantar41_015.cnv
* Sea-Bird SBE 9 Data File:
* FileName = C:\Users\Dell\Desktop\OperantarXLI\config\OP41015.hdr
* Software Version Seasave V 7.26.7.110
* Temperature SN = 6497
* Conductivity SN = 4954
* Number of Bytes Per Scan = 31
* Number of Voltage Words = 2
* Number of Scans Averaged by the Deck Unit = 1
* NMEA Latitude = 62 08.82 S
* NMEA Longitude = 058 24.51 W
* NMEA UTC (Time) = Nov 09 2022 12:07:14
* NMEA baud rate = 4800
** H41
** Navio Polar Almirante Maximiano
** LH-021/2022
** Operantar XLI
** Número da Estação 0015
** Latitude 62 8,825 S
** Longitude 58 24,511 W
** Data/Hora (Z) 09/11/22 1207Z
** Profundidade local 450
** 09-1439
** Nome do Operador CT GARLA
# nquan = 30
# nvalues = 411                         
# units = specified
# name 0 = scan: Scan Count
# name 1 = timeJ: Julian Days
# name 2 = latitude: Latitude [deg]
# name 3 = longitude: Longitude [deg]
# name 4 = dz/dtM: Descent Rate [m/s]
# name 5 = avgsvCM: Average Sound Velocity [Chen-Millero, m/s]
# name 6 = prDM: Pressure, Digiquartz [db]
# name 7 = depSM: Depth [salt water, m]
# name 8 = t090C: Temperature [ITS-90, deg C]
# name 9 = t190C: Temperature, 2 [ITS-90, deg C]
# name 10 = T2-T190C: Temperature Difference, 2 - 1 [ITS-90, deg C]
# name 11 = potemp090C: Potential Temperature [ITS-90, deg C]
# name 12 = potemp190C: Potential Temperature, 2 [ITS-90, deg C]
# name 13 = potemp90Cdiff: Potential Temperature, Diff, 2 - 1 [ITS-90, deg C]
# name 14 = c0S/m: Conductivity [S/m]
# name 15 = c1S/m: Conductivity, 2 [S/m]
# name 16 = C2-C1S/m: Conductivity Difference, 2 - 1 [S/m]
# name 17 = sal00: Salinity, Practical [PSU]
# name 18 = sal11: Salinity, Practical, 2 [PSU]
# name 19 = sbeox0ML/L: Oxygen, SBE 43 [ml/l]
# name 20 = sigma-é00: Density [sigma-theta, kg/m^3]
# name 21 = sigma-é11: Density, 2 [sigma-theta, kg/m^3]
# name 22 = sal00: Salinity, Practical [PSU]
# name 23 = sigma-é00: Density [sigma-theta, kg/m^3]
# name 24 = svCM: Sound Velocity [Chen-Millero, m/s]
# name 25 = svCM1: Sound Velocity, 2 [Chen-Millero, m/s]
# name 26 = gsw_ptA0: potential temperature [ITS-90, deg C]
# name 27 = gsw_densityA0: density, TEOS-10 [density, kg/m^3]
# name 28 = gsw_saA0: Absolute Salinity [g/kg]
# name 29 = flag:
# span 0 =      17615,      27959       
# span 1 = 313.513518, 313.518506       
# span 2 =  -62.14736,  -62.14722       
# span 3 =  -58.40840,  -58.40822       
# span 4 =     -1.305,     -0.454       
# span 5 =    1450.84,    1450.84       
# span 6 =      1.000,    411.000       
# span 7 =      0.997,    406.653       
# span 8 =    -0.2549,    -0.1037       
# span 9 =    -0.2551,    -0.1030       
# span 10 =    -0.0017,     0.0091      
# span 11 =    -0.2650,    -0.1040      
# span 12 =    -0.2652,    -0.1033      
# span 13 =    -0.0017,     0.0091      
# span 14 =   2.833744,   2.856306      
# span 15 =   2.833830,   2.856355      
# span 16 =  -0.000254,   0.000644      
# span 17 =    34.1930,    34.3643      
# span 18 =    34.1942,    34.3651      
# span 19 =     6.4937,     7.4924      
# span 20 =    27.4601,    27.6046      
# span 21 =    27.4610,    27.6053      
# span 22 =    34.1928,    34.3642      
# span 23 =    27.4600,    27.6046      
# span 24 =    1447.58,    1453.99      
# span 25 =    1447.58,    1453.99      
# span 26 =    -0.2648,    -0.1040      
# span 27 =  1027.4695,  1029.5641      
# span 28 =    34.3547,    34.5324      
# span 29 = 0.0000e+00, 0.0000e+00      
# interval = decibars: 1                
# start_time = Nov 09 2022 12:07:14 [NMEA time, header]
# bad_flag = -9.990e-29
*END*
[from data line 339]
      25739 313.517435  -62.14734  -58.40826     -1.040    1450.84     72.000     71.297    -0.1187    -0.1191    -0.0004    -0.1211    -0.1216    -0.0004   2.836241   2.836289   0.000046    34.1938    34.1949     7.4601    27.4615    27.4624    34.1937    27.4615    1448.68    1448.68    -0.1211  1027.8095    34.3591 0.0000e+00
      25760 313.517446  -62.14734  -58.40826     -1.097    1450.84     71.000     70.307    -0.1189    -0.1192    -0.0003    -0.1213    -0.1216    -0.0003   2.836178   2.836232   0.000052    34.1938    34.1948     7.4552    27.4616    27.4624    34.1937    27.4615    1448.66    1448.67    -0.1213  1027.8047    34.3591 0.0000e+00
      25784 313.517457  -62.14734  -58.40826     -1.082    1450.84     70.000     69.317    -0.1192    -0.1194    -0.0002    -0.1216    -0.1218    -0.0002   2.836111   2.836170   0.000058    34.1939    34.1949     7.4557    27.4616    27.4624    34.1938    27.4616    1448.65    1448.65    -0.1215  1027.8000    34.3592 0.0000e+00
      25811 313.517470  -62.14734  -58.40826     -0.945    1450.84     69.000     68.327    -0.1192    -0.1193    -0.0001    -0.1215    -0.1216    -0.0001   2.836082   2.836140   0.000061    34.1940    34.1949     7.4645    27.4617    27.4625    34.1940    27.4617    1448.63    1448.63    -0.1215  1027.7954    34.3593 0.0000e+00
      25840 313.517484  -62.14734  -58.40826     -0.828    1450.84     68.000     67.337    -0.1194    -0.1195    -0.0000    -0.1217    -0.1218    -0.0000   2.836009   2.836073   0.000061    34.1940    34.1948     7.4656    27.4617    27.4624    34.1939    27.4616    1448.61    1448.61    -0.1217  1027.7906    34.3592 0.0000e+00
      25869 313.517498  -62.14734  -58.40826     -0.821    1450.84     67.000     66.346    -0.1194    -0.1194    -0.0000    -0.1216    -0.1217    -0.0000   2.835964   2.836032   0.000070    34.1939    34.1948     7.4548    27.4616    27.4624    34.1939    27.4616    1448.60    1448.60    -0.1216  1027.7857    34.3592 0.0000e+00
      25893 313.517510  -62.14734  -58.40826     -0.913    1450.84     66.000     65.356    -0.1192    -0.1194    -0.0003    -0.1214    -0.1217    -0.0003   2.835915   2.835973   0.000056    34.1937    34.1948     7.4577    27.4615    27.4624    34.1936    27.4614    1448.58    1448.58    -0.1214  1027.7808    34.3589 0.0000e+00
      25916 313.517521  -62.14734  -58.40826     -1.021    1450.84     65.000     64.366    -0.1194    -0.1196    -0.0002    -0.1216    -0.1218    -0.0002   2.835849   2.835914   0.000066    34.1937    34.1948     7.4549    27.4614    27.4624    34.1936    27.4614    1448.56    1448.56    -0.1216  1027.7760    34.3589 0.0000e+00
      25939 313.517532  -62.14734  -58.40826     -1.060    1450.84     64.000     63.376    -0.1195    -0.1196    -0.0001    -0.1216    -0.1218    -0.0001   2.835803   2.835865   0.000063    34.1937    34.1947     7.4582    27.4615    27.4623    34.1937    27.4615    1448.55    1448.55    -0.1216  1027.7713    34.3590 0.0000e+00
      25965 313.517544  -62.14734  -58.40826     -0.976    1450.84     63.000     62.386    -0.1194    -0.1195    -0.0000    -0.1216    -0.1216    -0.0000   2.835770   2.835839   0.000065    34.1939    34.1948     7.4607    27.4616    27.4623    34.1938    27.4616    1448.53    1448.53    -0.1215  1027.7666    34.3591 0.0000e+00
      25994 313.517558  -62.14734  -58.40826     -0.856    1450.84     62.000     61.396    -0.1192    -0.1193    -0.0001    -0.1213    -0.1214    -0.0001   2.835743   2.835803   0.000063    34.1938    34.1947     7.4692    27.4615    27.4623    34.1938    27.4615    1448.52    1448.52    -0.1213  1027.7618    34.3590 0.0000e+00
      26020 313.517571  -62.14736  -58.40826     -0.874    1450.84     61.000     60.406    -0.1192    -0.1194    -0.0002    -0.1212    -0.1214    -0.0002   2.835688   2.835751   0.000062    34.1936    34.1948     7.4717    27.4614    27.4623    34.1936    27.4614    1448.50    1448.50    -0.1212  1027.7569    34.3589 0.0000e+00
      26043 313.517582  -62.14736  -58.40826     -0.986    1450.84     60.000     59.416    -0.1191    -0.1193    -0.0002    -0.1211    -0.1213    -0.0002   2.835654   2.835713   0.000060    34.1937    34.1947     7.4664    27.4615    27.4623    34.1937    27.4615    1448.48    1448.48    -0.1211  1027.7522    34.3590 0.0000e+00
      26065 313.517593  -62.14736  -58.40826     -1.070    1450.84     59.000     58.425    -0.1190    -0.1192    -0.0002    -0.1210    -0.1211    -0.0002   2.835619   2.835678   0.000058    34.1938    34.1947     7.4689    27.4615    27.4623    34.1937    27.4615    1448.47    1448.47    -0.1210  1027.7474    34.3590 0.0000e+00
      26090 313.517604  -62.14736  -58.40826     -1.030    1450.84     58.000     57.435    -0.1193    -0.1194    -0.0001    -0.1212    -0.1213    -0.0001   2.835552   2.835615   0.000063    34.1938    34.1947     7.4694    27.4615    27.4623    34.1938    27.4615    1448.45    1448.45    -0.1212  1027.7427    34.3590 0.0000e+00
      26120 313.517619  -62.14736  -58.40826     -0.851    1450.84     57.000     56.445    -0.1195    -0.1195    -0.0000    -0.1214    -0.1214    -0.0000   2.835489   2.835557   0.000065    34.1938    34.1948     7.4704    27.4616    27.4623    34.1937    27.4615    1448.43    1448.44    -0.1214  1027.7379    34.3589 0.0000e+00
      26149 313.517633  -62.14736  -58.40826     -0.781    1450.84     56.000     55.455    -0.1196    -0.1197    -0.0000    -0.1215    -0.1216    -0.0000   2.835423   2.835487   0.000066    34.1937    34.1946     7.4706    27.4614    27.4622    34.1937    27.4614    1448.42    1448.42    -0.1215  1027.7331    34.3589 0.0000e+00
      26174 313.517645  -62.14736  -58.40826     -0.901    1450.84     55.000     54.465    -0.1192    -0.1195    -0.0003    -0.1210    -0.1213    -0.0003   2.835411   2.835470   0.000057    34.1937    34.1948     7.4692    27.4614    27.4623    34.1936    27.4614    1448.40    1448.40    -0.1210  1027.7282    34.3588 0.0000e+00
      26196 313.517656  -62.14736  -58.40826     -1.036    1450.84     54.000     53.475    -0.1193    -0.1195    -0.0002    -0.1211    -0.1214    -0.0002   2.835353   2.835416   0.000066    34.1936    34.1948     7.4696    27.4614    27.4624    34.1936    27.4614    1448.39    1448.39    -0.1211  1027.7235    34.3588 0.0000e+00
      26219 313.517667  -62.14736  -58.40826     -1.080    1450.84     53.000     52.485    -0.1194    -0.1196    -0.0002    -0.1212    -0.1214    -0.0002   2.835310   2.835373   0.000060    34.1937    34.1948     7.4701    27.4615    27.4623    34.1937    27.4615    1448.37    1448.37    -0.1212  1027.7188    34.3589 0.0000e+00
      26246 313.517680  -62.14736  -58.40826     -0.960    1450.84     52.000     51.494    -0.1195    -0.1196    -0.0001    -0.1213    -0.1214    -0.0001   2.835256   2.835319   0.000065    34.1938    34.1948     7.4707    27.4615    27.4623    34.1938    27.4615    1448.35    1448.35    -0.1212  1027.7140    34.3590 0.0000e+00
      26279 313.517696  -62.14736  -58.40826     -0.753    1450.84     51.000     50.504    -0.1198    -0.1200    -0.0001    -0.1216    -0.1217    -0.0001   2.835182   2.835244   0.000060    34.1938    34.1947     7.4655    27.4616    27.4623    34.1938    27.4615    1448.33    1448.34    -0.1215  1027.7093    34.3589 0.0000e+00
      26311 313.517711  -62.14736  -58.40826     -0.718    1450.84     50.000     49.514    -0.1194    -0.1195    -0.0001    -0.1211    -0.1212    -0.0001   2.835174   2.835241   0.000068    34.1937    34.1947     7.4605    27.4615    27.4623    34.1937    27.4615    1448.32    1448.32    -0.1211  1027.7044    34.3589 0.0000e+00
      26337 313.517724  -62.14736  -58.40826     -0.857    1450.84     49.000     48.524    -0.1199    -0.1201    -0.0002    -0.1215    -0.1218    -0.0002   2.835057   2.835122   0.000065    34.1935    34.1946     7.4617    27.4613    27.4622    34.1934    27.4612    1448.30    1448.30    -0.1215  1027.6994    34.3585 0.0000e+00
      26359 313.517734  -62.14736  -58.40826     -1.018    1450.84     48.000     47.534    -0.1202    -0.1206    -0.0003    -0.1218    -0.1222    -0.0003   2.834981   2.835055   0.000075    34.1934    34.1948     7.4665    27.4612    27.4624    34.1933    27.4612    1448.28    1448.28    -0.1218  1027.6946    34.3584 0.0000e+00
      26381 313.517745  -62.14736  -58.40826     -1.082    1450.84     47.000     46.544    -0.1202    -0.1205    -0.0002    -0.1218    -0.1221    -0.0002   2.834950   2.835013   0.000065    34.1936    34.1947     7.4736    27.4614    27.4623    34.1935    27.4614    1448.27    1448.27    -0.1218  1027.6900    34.3586 0.0000e+00
      26409 313.517758  -62.14736  -58.40826     -0.960    1450.84     46.000     45.554    -0.1202    -0.1202    -0.0001    -0.1217    -0.1218    -0.0001   2.834923   2.835007   0.000083    34.1937    34.1949     7.4681    27.4615    27.4624    34.1937    27.4615    1448.25    1448.25    -0.1217  1027.6853    34.3588 0.0000e+00
      26442 313.517774  -62.14736  -58.40826     -0.754    1450.84     45.000     44.563    -0.1203    -0.1203    -0.0000    -0.1218    -0.1218    -0.0000   2.834870   2.834934   0.000068    34.1938    34.1947     7.4636    27.4615    27.4623    34.1937    27.4615    1448.24    1448.24    -0.1218  1027.6806    34.3588 0.0000e+00
      26473 313.517789  -62.14736  -58.40826     -0.736    1450.84     44.000     43.573    -0.1203    -0.1205    -0.0001    -0.1218    -0.1220    -0.0001   2.834800   2.834873   0.000071    34.1936    34.1947     7.4620    27.4614    27.4623    34.1935    27.4613    1448.22    1448.22    -0.1218  1027.6756    34.3586 0.0000e+00
      26500 313.517802  -62.14736  -58.40826     -0.853    1450.84     43.000     42.583    -0.1203    -0.1206    -0.0002    -0.1218    -0.1220    -0.0002   2.834760   2.834827   0.000068    34.1936    34.1948     7.4637    27.4614    27.4624    34.1935    27.4613    1448.20    1448.20    -0.1217  1027.6709    34.3586 0.0000e+00
      26525 313.517815  -62.14736  -58.40824     -0.932    1450.84     42.000     41.593    -0.1202    -0.1205    -0.0002    -0.1217    -0.1219    -0.0002   2.834714   2.834788   0.000075    34.1935    34.1947     7.4744    27.4613    27.4623    34.1934    27.4613    1448.19    1448.19    -0.1216  1027.6660    34.3585 0.0000e+00
      26555 313.517829  -62.14736  -58.40825     -0.857    1450.84     41.000     40.607    -0.1198    -0.1197     0.0000    -0.1212    -0.1211     0.0000   2.834728   2.834808   0.000081    34.1937    34.1948     7.4784    27.4614    27.4623    34.1937    27.4615    1448.17    1448.17    -0.1211  1027.6615    34.3588 0.0000e+00
      26588 313.517845  -62.14736  -58.40826     -0.726    1450.84     40.000     39.609    -0.1192    -0.1197    -0.0006    -0.1205    -0.1211    -0.0006   2.834719   2.834756   0.000036    34.1936    34.1947     7.4774    27.4614    27.4623    34.1936    27.4613    1448.16    1448.16    -0.1205  1027.6566    34.3587 0.0000e+00
      26618 313.517859  -62.14736 -9.990e-29     -0.766    1450.84     39.000     38.623    -0.1194    -0.1196    -0.0002    -0.1207    -0.1209    -0.0002   2.834657   2.834728   0.000074    34.1936    34.1948     7.4729    27.4613    27.4623    34.1936    27.4613    1448.14    1448.14    -0.1207  1027.6524    34.3594 0.0000e+00
      26642 313.517871  -62.14736 -9.990e-29     -0.928    1450.84     38.000     37.632    -0.1191    -0.1194    -0.0003    -0.1204    -0.1207    -0.0003   2.834641   2.834695   0.000058    34.1936    34.1948     7.4683    27.4613    27.4623    34.1936    27.4613    1448.13    1448.13    -0.1204  1027.6476    34.3594 0.0000e+00
      26665 313.517882  -62.14736 -9.990e-29     -1.005    1450.84     37.000     36.642    -0.1197    -0.1200    -0.0004    -0.1209    -0.1213    -0.0004   2.834532   2.834586   0.000051    34.1935    34.1947     7.4729    27.4613    27.4622    34.1934    27.4612    1448.11    1448.11    -0.1209  1027.6427    34.3592 0.0000e+00
      26691 313.517894  -62.14736  -58.40824     -0.993    1450.84     36.000     35.652    -0.1202    -0.1204    -0.0002    -0.1214    -0.1216    -0.0002   2.834456   2.834518   0.000064    34.1936    34.1948     7.4680    27.4614    27.4623    34.1936    27.4614    1448.09    1448.09    -0.1214  1027.6380    34.3592 0.0000e+00
      26723 313.517910  -62.14736  -58.40824     -0.803    1450.84     35.000     34.661    -0.1199    -0.1199    -0.0001    -0.1210    -0.1211    -0.0001   2.834460   2.834528   0.000065    34.1939    34.1949     7.4717    27.4617    27.4624    34.1939    27.4616    1448.08    1448.08    -0.1210  1027.6329    34.3589 0.0000e+00
      26760 313.517928  -62.14736  -58.40824     -0.645    1450.84     34.000     33.671    -0.1197    -0.1198    -0.0001    -0.1208    -0.1209    -0.0001   2.834430   2.834501   0.000069    34.1939    34.1950     7.4701    27.4616    27.4625    34.1940    27.4616    1448.06    1448.06    -0.1208  1027.6282    34.3589 0.0000e+00
      26794 313.517944  -62.14736  -58.40824     -0.692    1450.84     33.000     32.681    -0.1187    -0.1188    -0.0000    -0.1198    -0.1199    -0.0000   2.834457   2.834541   0.000082    34.1939    34.1950     7.4690    27.4615    27.4624    34.1938    27.4615    1448.05    1448.05    -0.1198  1027.6232    34.3588 0.0000e+00
      26823 313.517958  -62.14736  -58.40824     -0.783    1450.84     32.000     31.690    -0.1184    -0.1185    -0.0001    -0.1195    -0.1196    -0.0001   2.834442   2.834517   0.000077    34.1938    34.1950     7.4794    27.4615    27.4624    34.1939    27.4615    1448.03    1448.03    -0.1195  1027.6185    34.3588 0.0000e+00
      26852 313.517972  -62.14736  -58.40824     -0.829    1450.84     31.000     30.700    -0.1182    -0.1184    -0.0002    -0.1192    -0.1194    -0.0002   2.834405   2.834481   0.000071    34.1938    34.1950     7.4750    27.4615    27.4624    34.1938    27.4614    1448.02    1448.02    -0.1192  1027.6136    34.3587 0.0000e+00
      26882 313.517987  -62.14736  -58.40824     -0.811    1450.84     30.000     29.710    -0.1187    -0.1188    -0.0001    -0.1197    -0.1198    -0.0001   2.834321   2.834403   0.000086    34.1938    34.1950     7.4777    27.4615    27.4625    34.1938    27.4615    1448.00    1448.00    -0.1197  1027.6089    34.3587 0.0000e+00
      26912 313.518001  -62.14736  -58.40824     -0.798    1450.84     29.000     28.720    -0.1190    -0.1192    -0.0003    -0.1199    -0.1202    -0.0003   2.834255   2.834318   0.000064    34.1939    34.1951     7.4783    27.4616    27.4625    34.1939    27.4615    1447.98    1447.98    -0.1199  1027.6041    34.3587 0.0000e+00
      26947 313.518018  -62.14736  -58.40824     -0.727    1450.84     28.000     27.730    -0.1192    -0.1193    -0.0001    -0.1201    -0.1203    -0.0001   2.834202   2.834262   0.000058    34.1940    34.1949     7.4855    27.4617    27.4624    34.1941    27.4617    1447.96    1447.97    -0.1201  1027.5995    34.3589 0.0000e+00
      26994 313.518041  -62.14734  -58.40824     -0.505    1450.84     27.000     26.739    -0.1183    -0.1184    -0.0001    -0.1192    -0.1192    -0.0001   2.834222   2.834293   0.000070    34.1939    34.1949     7.4794    27.4615    27.4623    34.1939    27.4615    1447.95    1447.95    -0.1192  1027.5946    34.3587 0.0000e+00
      27035 313.518060  -62.14734  -58.40824     -0.563    1450.84     26.000     25.749    -0.1182    -0.1184    -0.0002    -0.1191    -0.1193    -0.0002   2.834155   2.834232   0.000078    34.1935    34.1948     7.4754    27.4612    27.4623    34.1935    27.4612    1447.94    1447.94    -0.1191  1027.5895    34.3584 0.0000e+00
