Pos-Processados/process_op41/Processamento_split/up/uoperantar41_001.cnv
* Sea-Bird SBE 9 Data File:
* FileName = C:\Users\Dell\Desktop\Operantar XLI\Raw\OP41001.hdr
* Software Version Seasave V 7.26.7.110
* Temperature SN = 6497
* Conductivity SN = 4954
* Number of Bytes Per Scan = 31
* Number of Voltage Words = 2
* Number of Scans Averaged by the Deck Unit = 1
* NMEA Latitude = 36 40.13 S
* NMEA Longitude = 048 37.58 W
* NMEA UTC (Time) = Oct 17 2022 11:05:04
* NMEA baud rate = 4800
** H41
** Navio Polar Almirante Maximiano
** LH-021/2022
** Operantar XLI
** Número da Estação 001 LR
** Latitude 36 40.147S
** Longitude 048 37.579W
** Data/Hora (Z) 1105Z
** Profundidade local 4900m
** 09-1439
** Nome do Operador CT Garla
# nquan = 30
# nvalues = 4841                        
# units = specified
# name 0 = scan: Scan Count
# name 1 = timeJ: Julian Days
# name 2 = latitude: Latitude [deg]
# name 3 = longitude: Longitude [deg]
# name 4 = dz/dtM: Descent Rate [m/s]
# name 5 = avgsvCM: Average Sound Velocity [Chen-Millero, m/s]
# name 6 = prDM: Pressure, Digiquartz [db]
# name 7 = depSM: Depth [salt water, m]
# name 8 = t090C: Temperature [ITS-90, deg C]
# name 9 = t190C: Temperature, 2 [ITS-90, deg C]
# name 10 = T2-T190C: Temperature Difference, 2 - 1 [ITS-90, deg C]
# name 11 = potemp090C: Potential Temperature [ITS-90, deg C]
# name 12 = potemp190C: Potential Temperature, 2 [ITS-90, deg C]
# name 13 = potemp90Cdiff: Potential Temperature, Diff, 2 - 1 [ITS-90, deg C]
# name 14 = c0S/m: Conductivity [S/m]
# name 15 = c1S/m: Conductivity, 2 [S/m]
# name 16 = C2-C1S/m: Conductivity Difference, 2 - 1 [S/m]
# name 17 = sal00: Salinity, Practical [PSU]
# name 18 = sal11: Salinity, Practical, 2 [PSU]
# name 19 = sbeox0ML/L: Oxygen, SBE 43 [ml/l]
# name 20 = sigma-é00: Density [sigma-theta, kg/m^3]
# name 21 = sigma-é11: Density, 2 [sigma-theta, kg/m^3]
# name 22 = sal00: Salinity, Practical [PSU]
# name 23 = sigma-é00: Density [sigma-theta, kg/m^3]
# name 24 = svCM: Sound Velocity [Chen-Millero, m/s]
# name 25 = svCM1: Sound Velocity, 2 [Chen-Millero, m/s]
# name 26 = gsw_ptA0: potential temperature [ITS-90, deg C]
# name 27 = gsw_densityA0: density, TEOS-10 [density, kg/m^3]
# name 28 = gsw_saA0: Absolute Salinity [g/kg]
# name 29 = flag:
# span 0 =     187536,     312573       
# span 1 = 290.552291, 290.612590       
# span 2 =  -36.66900,  -36.66882       
# span 3 =  -48.62664,  -48.62640       
# span 4 =     -1.927,     -0.055       
# span 5 =    1506.64,    1506.64       
# span 6 =      3.000,   4843.000       
# span 7 =      2.963,   4753.421       
# span 8 =     0.2582,    17.5527       
# span 9 =     0.2581,    17.5530       
# span 10 =    -0.1022,     0.0624      
# span 11 =    -0.1083,    17.5520      
# span 12 =    -0.1083,    17.5523      
# span 13 =    -0.1018,     0.0621      
# span 14 =   3.083500,   4.673440      
# span 15 =   3.083491,   4.673361      
# span 16 =  -0.010669,   0.006480      
# span 17 =    34.1886,    36.1095      
# span 18 =    34.1889,    36.1083      
# span 19 =     4.0405,     5.7734      
# span 20 =    26.2325,    27.8431      
# span 21 =    26.2316,    27.8434      
# span 22 =    34.1883,    36.1094      
# span 23 =    26.2325,    27.8430      
# span 24 =    1484.37,    1531.95      
# span 25 =    1484.37,    1531.95      
# span 26 =    -0.1085,    17.5520      
# span 27 =  1026.2501,  1049.7135      
# span 28 =    34.3516,    36.2799      
# span 29 = 0.0000e+00, 0.0000e+00      
# interval = decibars: 1                
# start_time = Oct 17 2022 11:05:04 [NMEA time, header]
# bad_flag = -9.990e-29
*END*
[from data line 4834]
     310545 290.611613  -36.66890  -48.62658     -0.229    1506.64      9.000      8.933    17.5371    17.5360    -0.0011    17.5356    17.5344    -0.0011   4.672006   4.671765  -0.000252    36.1087    36.1076     5.1999    26.2360    26.2354    36.1089    26.2361    1515.84    1515.84    17.5356  1026.2794    36.2793 0.0000e+00
     310635 290.611656  -36.66890  -48.62658     -0.339    1506.64      8.000      7.942    17.5406    17.5440     0.0034    17.5392    17.5427     0.0034   4.672342   4.672573   0.000214    36.1090    36.1078     5.1975    26.2353    26.2336    36.1091    26.2354    1515.84    1515.85    17.5393  1026.2743    36.2795 0.0000e+00
     310748 290.611710  -36.66890  -48.62658     -0.321    1506.64      7.000      6.942    17.5449    17.5461     0.0011    17.5437    17.5449     0.0011   4.672741   4.672742  -0.000006    36.1092    36.1081     5.1985    26.2343    26.2333    36.1091    26.2343    1515.83    1515.84    17.5437  1026.2689    36.2795 0.0000e+00
     310982 290.611823  -36.66890  -48.62657     -0.477    1506.64      6.000      5.958    17.5461    17.5455    -0.0007    17.5451    17.5445    -0.0007   4.672824   4.672616  -0.000190    36.1092    36.1081     5.1908    26.2340    26.2334    36.1091    26.2340    1515.82    1515.82    17.5451  1026.2642    36.2795 0.0000e+00
     311809 290.612222  -36.66890  -48.62654     -0.215    1506.64      5.000      4.959    17.5494    17.5500     0.0006    17.5486    17.5492     0.0006   4.673154   4.673087  -0.000056    36.1093    36.1082     5.1918    26.2332    26.2323    36.1094    26.2334    1515.81    1515.82    17.5486  1026.2593    36.2799 0.0000e+00
     312086 290.612356  -36.66892  -48.62654     -0.183    1506.64      4.000      3.969    17.5527    17.5530     0.0004    17.5520    17.5523     0.0004   4.673440   4.673361  -0.000087    36.1094    36.1083     5.2053    26.2325    26.2316    36.1094    26.2325    1515.81    1515.81    17.5520  1026.2540    36.2798 0.0000e+00
     312573 290.612590  -36.66893  -48.62654     -0.457    1506.64      3.000      2.963    17.5505    17.5489    -0.0016    17.5500    17.5484    -0.0016   4.673166   4.672825  -0.000310    36.1095    36.1082     5.1893    26.2331    26.2325    36.1094    26.2330    1515.78    1515.78    17.5500  1026.2501    36.2798 0.0000e+00
