Pos-Processados/process_op41/Processamento_split/up/uoperantar41_013.cnv
* Sea-Bird SBE 9 Data File:
* FileName = C:\Users\Dell\Desktop\OperantarXLI\config\00_BRUTOS\OPE41013.hdr
* Software Version Seasave V 7.26.7.110
* Temperature SN = 6497
* Conductivity SN = 4954
* Number of Bytes Per Scan = 31
* Number of Voltage Words = 2
* Number of Scans Averaged by the Deck Unit = 1
* NMEA Latitude = 44 23.34 S
* NMEA Longitude = 051 50.60 W
* NMEA UTC (Time) = Oct 23 2022 20:53:51
* NMEA baud rate = 4800
** H41
** Navio Polar Almirante Maximiano
** LH-021/2022
** Operantar XLI
** Número da Estação 013
** Latitude 44 23.224' S
** Longitude 051 51.256' W
** Data/Hora (Z) 23/10/2022 2044Z
** Profundidade local 5823 m
** 09-1439
** Nome do Operador CT Garla
# nquan = 30
# nvalues = 32                          
# units = specified
# name 0 = scan: Scan Count
# name 1 = timeJ: Julian Days
# name 2 = latitude: Latitude [deg]
# name 3 = longitude: Longitude [deg]
# name 4 = dz/dtM: Descent Rate [m/s]
# name 5 = avgsvCM: Average Sound Velocity [Chen-Millero, m/s]
# name 6 = prDM: Pressure, Digiquartz [db]
# name 7 = depSM: Depth [salt water, m]
# name 8 = t090C: Temperature [ITS-90, deg C]
# name 9 = t190C: Temperature, 2 [ITS-90, deg C]
# name 10 = T2-T190C: Temperature Difference, 2 - 1 [ITS-90, deg C]
# name 11 = potemp090C: Potential Temperature [ITS-90, deg C]
# name 12 = potemp190C: Potential Temperature, 2 [ITS-90, deg C]
# name 13 = potemp90Cdiff: Potential Temperature, Diff, 2 - 1 [ITS-90, deg C]
# name 14 = c0S/m: Conductivity [S/m]
# name 15 = c1S/m: Conductivity, 2 [S/m]
# name 16 = C2-C1S/m: Conductivity Difference, 2 - 1 [S/m]
# name 17 = sal00: Salinity, Practical [PSU]
# name 18 = sal11: Salinity, Practical, 2 [PSU]
# name 19 = sbeox0ML/L: Oxygen, SBE 43 [ml/l]
# name 20 = sigma-é00: Density [sigma-theta, kg/m^3]
# name 21 = sigma-é11: Density, 2 [sigma-theta, kg/m^3]
# name 22 = sal00: Salinity, Practical [PSU]
# name 23 = sigma-é00: Density [sigma-theta, kg/m^3]
# name 24 = svCM: Sound Velocity [Chen-Millero, m/s]
# name 25 = svCM1: Sound Velocity, 2 [Chen-Millero, m/s]
# name 26 = gsw_ptA0: potential temperature [ITS-90, deg C]
# name 27 = gsw_densityA0: density, TEOS-10 [density, kg/m^3]
# name 28 = gsw_saA0: Absolute Salinity [g/kg]
# name 29 = flag:
# span 0 =       5097,       9806       
# span 1 = 296.873187, 296.875458       
# span 2 =  -44.39042,  -44.38978       
# span 3 =  -51.83960,  -51.83623       
# span 4 =     -1.787,     -0.134       
# span 5 =    1504.08,    1504.08       
# span 6 =      0.000,     31.000       
# span 7 =      0.069,     30.728       
# span 8 =    13.9564,    14.0148       
# span 9 =    13.9610,    14.0159       
# span 10 =    -0.0078,     0.0082      
# span 11 =    13.9519,    14.0148      
# span 12 =    13.9565,    14.0159      
# span 13 =    -0.0078,     0.0082      
# span 14 =   4.216554,   4.221513      
# span 15 =   4.216959,   4.221548      
# span 16 =  -0.000945,   0.000809      
# span 17 =    35.2398,    35.2461      
# span 18 =    35.2394,    35.2455      
# span 19 =     5.7214,     5.7512      
# span 20 =    26.3716,    26.3826      
# span 21 =    26.3714,    26.3814      
# span 22 =    35.2374,    35.2462      
# span 23 =    26.3675,    26.3827      
# span 24 =    1503.80,    1504.17      
# span 25 =    1503.81,    1504.17      
# span 26 =    13.9519,    14.0148      
# span 27 =  1026.3716,  1026.5239      
# span 28 =    35.4037,    35.4127      
# span 29 = 0.0000e+00, 0.0000e+00      
# interval = decibars: 1                
# start_time = Oct 23 2022 20:53:51 [NMEA time, header]
# bad_flag = -9.990e-29
*END*
       5097 296.873187  -44.38978  -51.83960     -0.354    1504.08     31.000     30.728    13.9564    13.9610     0.0046    13.9519    13.9565     0.0046   4.216554   4.216959   0.000416    35.2398    35.2394     5.7432    26.3826    26.3814    35.2399    26.3827    1504.13    1504.14    13.9519  1026.5239    35.4062 0.0000e+00
       5146 296.873211  -44.38979  -51.83956     -0.582    1504.08     30.000     29.757    13.9601    13.9615     0.0014    13.9558    13.9572     0.0014   4.216902   4.216960   0.000074    35.2400    35.2394     5.7345    26.3820    26.3812    35.2402    26.3821    1504.12    1504.13    13.9558  1026.5188    35.4065 0.0000e+00
       5298 296.873284  -44.38981  -51.83945     -0.292    1504.08     29.000     28.763    13.9626    13.9621    -0.0005    13.9584    13.9580    -0.0005   4.217127   4.217017  -0.000116    35.2403    35.2397     5.7470    26.3817    26.3812    35.2403    26.3817    1504.12    1504.12    13.9585  1026.5140    35.4067 0.0000e+00
       5390 296.873328  -44.38982  -51.83939     -0.363    1504.08     28.000     27.774    13.9719    13.9641    -0.0078    13.9679    13.9601    -0.0078   4.218203   4.217216  -0.000945    35.2415    35.2398     5.7436    26.3806    26.3809    35.2423    26.3812    1504.13    1504.10    13.9679  1026.5091    35.4087 0.0000e+00
       5488 296.873375  -44.38984  -51.83933     -0.295    1504.08     27.000     26.766    13.9887    13.9868    -0.0019    13.9848    13.9829    -0.0019   4.219972   4.219726  -0.000262    35.2428    35.2421     5.7501    26.3780    26.3779    35.2438    26.3788    1504.17    1504.17    13.9848  1026.5023    35.4102 0.0000e+00
       5549 296.873404  -44.38984  -51.83928     -0.657    1504.08     26.000     25.794    13.9917    13.9921     0.0004    13.9880    13.9884     0.0004   4.220163   4.220161  -0.000024    35.2430    35.2424     5.7399    26.3775    26.3769    35.2433    26.3777    1504.17    1504.17    13.9880  1026.4968    35.4097 0.0000e+00
       5633 296.873445  -44.38986  -51.83922     -0.360    1504.08     25.000     24.795    13.9936    13.9933    -0.0003    13.9900    13.9897    -0.0003   4.220350   4.220239  -0.000110    35.2435    35.2427     5.7419    26.3775    26.3769    35.2437    26.3777    1504.15    1504.15    13.9900  1026.4923    35.4101 0.0000e+00
       5754 296.873503  -44.38987  -51.83914     -0.211    1504.08     24.000     23.805    13.9932    13.9932     0.0001    13.9897    13.9898     0.0001   4.220272   4.220196  -0.000061    35.2437    35.2430     5.7370    26.3777    26.3772    35.2438    26.3778    1504.14    1504.14    13.9897  1026.4880    35.4102 0.0000e+00
       5831 296.873541  -44.38988  -51.83908     -0.331    1504.08     23.000     22.816    13.9933    13.9929    -0.0005    13.9900    13.9896    -0.0005   4.220219   4.220108  -0.000130    35.2438    35.2430     5.7399    26.3777    26.3772    35.2436    26.3775    1504.12    1504.12    13.9900  1026.4833    35.4099 0.0000e+00
       5936 296.873591  -44.38990  -51.83900     -0.277    1504.08     22.000     21.816    13.9834    13.9916     0.0082    13.9802    13.9884     0.0082   4.219066   4.219908   0.000809    35.2428    35.2428     5.7450    26.3790    26.3773    35.2424    26.3787    1504.07    1504.10    13.9802  1026.4801    35.4088 0.0000e+00
       6077 296.873659  -44.38992  -51.83891     -0.235    1504.08     21.000     20.824    13.9811    13.9828     0.0017    13.9781    13.9798     0.0017   4.218821   4.218928   0.000127    35.2426    35.2422     5.7379    26.3793    26.3786    35.2426    26.3793    1504.05    1504.05    13.9780  1026.4764    35.4091 0.0000e+00
       7222 296.874212  -44.39007  -51.83809     -0.327    1504.08     20.000     19.835    14.0052    14.0051    -0.0001    14.0023    14.0022    -0.0001   4.221497   4.221426  -0.000070    35.2457    35.2452     5.7415    26.3766    26.3762    35.2459    26.3768    1504.11    1504.11    14.0023  1026.4693    35.4123 0.0000e+00
       7641 296.874414 -9.990e-29  -51.83778     -0.395    1504.08     19.000     18.842    14.0047    14.0051     0.0004    14.0020    14.0024     0.0004   4.221419   4.221389  -0.000028    35.2461    35.2454     5.7458    26.3769    26.3764    35.2460    26.3769    1504.09    1504.10    14.0020  1026.4652    35.4127 0.0000e+00
       7739 296.874461  -44.39014  -51.83772     -0.296    1504.08     18.000     17.853    14.0048    14.0052     0.0004    14.0022    14.0027     0.0004   4.221400   4.221386  -0.000017    35.2461    35.2455     5.7322    26.3769    26.3764    35.2462    26.3770    1504.08    1504.08    14.0022  1026.4608    35.4127 0.0000e+00
       7846 296.874513  -44.39016  -51.83765     -0.410    1504.08     17.000     16.862    14.0044    14.0050     0.0006    14.0020    14.0026     0.0006   4.221304   4.221300  -0.000005    35.2461    35.2455     5.7373    26.3769    26.3763    35.2460    26.3769    1504.06    1504.06    14.0020  1026.4562    35.4124 0.0000e+00
       7902 296.874540  -44.39017  -51.83760     -0.395    1504.08     16.000     15.873    14.0052    14.0054     0.0002    14.0029    14.0031     0.0002   4.221307   4.221274  -0.000035    35.2458    35.2453     5.7512    26.3765    26.3761    35.2458    26.3765    1504.05    1504.05    14.0029  1026.4514    35.4122 0.0000e+00
       8022 296.874597  -44.39018  -51.83752     -0.213    1504.08     15.000     14.874    14.0049    14.0043    -0.0006    14.0027    14.0021    -0.0006   4.221212   4.221088  -0.000120    35.2456    35.2451     5.7318    26.3765    26.3761    35.2456    26.3764    1504.03    1504.03    14.0027  1026.4469    35.4120 0.0000e+00
       8071 296.874621  -44.39018  -51.83748     -0.443    1504.08     14.000     13.893    14.0024    14.0022    -0.0003    14.0004    14.0002    -0.0003   4.220913   4.220840  -0.000082    35.2457    35.2452     5.7476    26.3770    26.3766    35.2455    26.3768    1504.00    1504.00    14.0004  1026.4428    35.4119 0.0000e+00
       8185 296.874676  -44.39020  -51.83741     -0.134    1504.08     13.000     12.880    14.0012    14.0017     0.0005    13.9993    13.9998     0.0005   4.220779   4.220758  -0.000015    35.2458    35.2452     5.7372    26.3773    26.3767    35.2458    26.3773    1503.98    1503.98    13.9993  1026.4389    35.4122 0.0000e+00
       8207 296.874686  -44.39020  -51.83739     -0.721    1504.08     12.000     11.903    14.0007    14.0015     0.0008    13.9990    13.9998     0.0008   4.220676   4.220691   0.000016    35.2458    35.2452     5.7356    26.3773    26.3767    35.2457    26.3773    1503.96    1503.97    13.9990  1026.4345    35.4121 0.0000e+00
       8256 296.874710  -44.39021  -51.83735     -0.548    1504.08     11.000     10.915    14.0014    14.0016     0.0002    13.9998    14.0000     0.0002   4.220702   4.220670  -0.000033    35.2458    35.2453     5.7386    26.3771    26.3767    35.2457    26.3771    1503.95    1503.95    13.9998  1026.4299    35.4121 0.0000e+00
       8349 296.874755  -44.39022  -51.83729     -0.289    1504.08     10.000      9.917    14.0016    14.0021     0.0005    14.0002    14.0006     0.0005   4.220692   4.220681  -0.000014    35.2459    35.2453     5.7446    26.3772    26.3767    35.2459    26.3771    1503.93    1503.94    14.0002  1026.4255    35.4123 0.0000e+00
       8416 296.874787  -44.39022  -51.83724     -0.334    1504.08      9.000      8.925    14.0033    14.0042     0.0009    14.0020    14.0029     0.0009   4.220788   4.220848   0.000055    35.2456    35.2453     5.7485    26.3766    26.3761    35.2456    26.3766    1503.92    1503.93    14.0020  1026.4205    35.4121 0.0000e+00
       8473 296.874815  -44.39023  -51.83721     -0.470    1504.08      8.000      7.934    14.0029    14.0032     0.0003    14.0017    14.0020     0.0003   4.220715   4.220691  -0.000024    35.2458    35.2453     5.7324    26.3768    26.3763    35.2458    26.3768    1503.91    1503.91    14.0017  1026.4163    35.4122 0.0000e+00
       8523 296.874839  -44.39024  -51.83717     -0.577    1504.08      7.000      6.948    14.0025    14.0031     0.0005    14.0015    14.0020     0.0005   4.220640   4.220627  -0.000012    35.2458    35.2452     5.7419    26.3768    26.3762    35.2458    26.3768    1503.89    1503.89    14.0015  1026.4119    35.4122 0.0000e+00
       8966 296.875053  -44.39030  -51.83685     -0.446    1504.08      6.000      5.909    14.0026    14.0029     0.0003    14.0017    14.0020     0.0003   4.220581   4.220555  -0.000022    35.2456    35.2452     5.7462    26.3766    26.3762    35.2456    26.3766    1503.87    1503.87    14.0017  1026.4073    35.4120 0.0000e+00
       9495 296.875308  -44.39037  -51.83647     -0.888    1504.08      5.000      4.899    14.0069    14.0070     0.0001    14.0062    14.0063     0.0001   4.220968   4.220925  -0.000044    35.2455    35.2450     5.7214    26.3757    26.3752    35.2457    26.3757    1503.87    1503.87    14.0062  1026.4020    35.4121 0.0000e+00
       9750 296.875431  -44.39042  -51.83628     -1.249    1504.08      4.000      3.969    14.0114    14.0116     0.0002    14.0108    14.0111     0.0002   4.221375   4.221337  -0.000045    35.2455    35.2448     5.7216    26.3746    26.3740    35.2457    26.3748    1503.87    1503.87    14.0109  1026.3966    35.4122 0.0000e+00
       9758 296.875434  -44.39042  -51.83628     -1.505    1504.08      3.000      2.976    14.0123    14.0125     0.0002    14.0119    14.0121     0.0002   4.221422   4.221338  -0.000077    35.2455    35.2446     5.7252    26.3744    26.3736    35.2458    26.3746    1503.85    1503.85    14.0119  1026.3921    35.4122 0.0000e+00
       9770 296.875440  -44.39042  -51.83626     -1.597    1504.08      2.000      1.984    14.0139    14.0143     0.0005    14.0136    14.0140     0.0005   4.221513   4.221501  -0.000021    35.2454    35.2448     5.7343    26.3740    26.3734    35.2456    26.3741    1503.84    1503.84    14.0136  1026.3871    35.4120 0.0000e+00
       9783 296.875446  -44.39042  -51.83626     -1.787    1504.08      1.000      0.992    14.0141    14.0154     0.0013    14.0139    14.0152     0.0013   4.221466   4.221548   0.000063    35.2454    35.2448     5.7443    26.3739    26.3731    35.2454    26.3739    1503.83    1503.83    14.0139  1026.3825    35.4118 0.0000e+00
       9806 296.875458  -44.39042  -51.83623     -1.625    1504.08      0.000      0.069    14.0148    14.0159     0.0012    14.0148    14.0159     0.0012   4.220626   4.221288   0.000120    35.2427    35.2427     5.7512    26.3716    26.3714    35.2374    26.3675    1503.80    1503.81    14.0148  1026.3716    35.4037 0.0000e+00
