Pos-Processados/process_op41/Processamento_split/up/uoperantar41_020.cnv
* Sea-Bird SBE 9 Data File:
* FileName = C:\Users\Dell\Desktop\OperantarXLI\config\00_BRUTOS\OPE41020.hdr
* Software Version Seasave V 7.26.7.110
* Temperature SN = 6497
* Conductivity SN = 4954
* Number of Bytes Per Scan = 34
* Number of Voltage Words = 3
* Number of Scans Averaged by the Deck Unit = 1
* NMEA Latitude = 62 42.00 S
* NMEA Longitude = 058 53.83 W
* NMEA UTC (Time) = Nov 11 2022 06:25:21
* NMEA baud rate = 4800
** H41
** Navio Polar Almirante Maximiano
** LH-021/2022
** Operantar XLI
** Número da Estação 020
** Latitude 62´41.887S
** Longitude 058 53.875W
** Data/Hora (Z) 11/11/2022  0620
** Profundidade local 1497
** 09-1439
** Nome do Operador 1T FILIPE LOPES
# nquan = 30
# nvalues = 1500                        
# units = specified
# name 0 = scan: Scan Count
# name 1 = timeJ: Julian Days
# name 2 = latitude: Latitude [deg]
# name 3 = longitude: Longitude [deg]
# name 4 = dz/dtM: Descent Rate [m/s]
# name 5 = avgsvCM: Average Sound Velocity [Chen-Millero, m/s]
# name 6 = prDM: Pressure, Digiquartz [db]
# name 7 = depSM: Depth [salt water, m]
# name 8 = t090C: Temperature [ITS-90, deg C]
# name 9 = t190C: Temperature, 2 [ITS-90, deg C]
# name 10 = T2-T190C: Temperature Difference, 2 - 1 [ITS-90, deg C]
# name 11 = potemp090C: Potential Temperature [ITS-90, deg C]
# name 12 = potemp190C: Potential Temperature, 2 [ITS-90, deg C]
# name 13 = potemp90Cdiff: Potential Temperature, Diff, 2 - 1 [ITS-90, deg C]
# name 14 = c0S/m: Conductivity [S/m]
# name 15 = c1S/m: Conductivity, 2 [S/m]
# name 16 = C2-C1S/m: Conductivity Difference, 2 - 1 [S/m]
# name 17 = sal00: Salinity, Practical [PSU]
# name 18 = sal11: Salinity, Practical, 2 [PSU]
# name 19 = sbeox0ML/L: Oxygen, SBE 43 [ml/l]
# name 20 = sigma-é00: Density [sigma-theta, kg/m^3]
# name 21 = sigma-é11: Density, 2 [sigma-theta, kg/m^3]
# name 22 = sal00: Salinity, Practical [PSU]
# name 23 = sigma-é00: Density [sigma-theta, kg/m^3]
# name 24 = svCM: Sound Velocity [Chen-Millero, m/s]
# name 25 = svCM1: Sound Velocity, 2 [Chen-Millero, m/s]
# name 26 = gsw_ptA0: potential temperature [ITS-90, deg C]
# name 27 = gsw_densityA0: density, TEOS-10 [density, kg/m^3]
# name 28 = gsw_saA0: Absolute Salinity [g/kg]
# name 29 = flag:
# span 0 =      43115,      82912       
# span 1 = 315.288396, 315.307588       
# span 2 =  -62.71099,  -62.70611       
# span 3 =  -58.88985,  -58.88298       
# span 4 =     -1.522,     -0.176       
# span 5 =    1456.51,    1456.51       
# span 6 =      2.000,   1501.000       
# span 7 =      1.973,   1481.199       
# span 8 =    -1.3119,    -0.6299       
# span 9 =    -1.3122,    -0.6299       
# span 10 =    -0.0353,     0.0068      
# span 11 =    -1.3686,    -0.6577      
# span 12 =    -1.3689,    -0.6578      
# span 13 =    -0.0352,     0.0067      
# span 14 =   2.769351,   2.851938      
# span 15 =   2.769351,   2.851945      
# span 16 =  -0.003228,   0.000597      
# span 17 =    34.3491,    34.5567      
# span 18 =    34.3496,    34.5567      
# span 19 =     5.7524,     7.6917      
# span 20 =    27.6235,    27.8075      
# span 21 =    27.6240,    27.8075      
# span 22 =    34.3491,    34.5567      
# span 23 =    27.6235,    27.8075      
# span 24 =    1443.93,    1467.14      
# span 25 =    1443.93,    1467.14      
# span 26 =    -1.3675,    -0.6573      
# span 27 =  1027.6372,  1034.9127      
# span 28 =    34.5124,    34.7287      
# span 29 = 0.0000e+00, 0.0000e+00      
# interval = decibars: 1                
# start_time = Nov 11 2022 06:25:21 [NMEA time, header]
# bad_flag = -9.990e-29
*END*
[from data line 726]
      60531 315.296795 -9.990e-29  -58.88732     -1.074    1456.51    775.000    766.099    -0.6327    -0.6325     0.0001    -0.6611    -0.6610     0.0001   2.851341   2.851348   0.000007    34.5531    34.5531     5.7634    27.7773    27.7772    34.5531    27.7773    1458.28    1458.28    -0.6607  1031.4559    34.7160 0.0000e+00
      60559 315.296808  -62.70806  -58.88730     -0.906    1456.51    774.000    765.112    -0.6325    -0.6325    -0.0000    -0.6610    -0.6610    -0.0000   2.851297   2.851301   0.000005    34.5529    34.5530     5.7543    27.7771    27.7772    34.5529    27.7771    1458.27    1458.27    -0.6605  1031.4543    34.7200 0.0000e+00
      60585 315.296821  -62.70806  -58.88730     -0.875    1456.51    773.000    764.126    -0.6324    -0.6324    -0.0000    -0.6608    -0.6608    -0.0000   2.851250   2.851255   0.000003    34.5528    34.5529     5.7654    27.7770    27.7771    34.5528    27.7770    1458.25    1458.25    -0.6603  1031.4516    34.7224 0.0000e+00
      60609 315.296832  -62.70806  -58.88730     -0.959    1456.51    772.000    763.140    -0.6321    -0.6319     0.0002    -0.6604    -0.6602     0.0002   2.851242   2.851273   0.000027    34.5528    34.5529     5.7749    27.7770    27.7771    34.5529    27.7771    1458.23    1458.24    -0.6600  1031.4469    34.7226 0.0000e+00
      60629 315.296842  -62.70806  -58.88730     -1.085    1456.51    771.000    762.153    -0.6313    -0.6306     0.0006    -0.6596    -0.6589     0.0006   2.851250   2.851303   0.000056    34.5526    34.5526     5.7657    27.7768    27.7768    34.5526    27.7768    1458.22    1458.23    -0.6591  1031.4420    34.7223 0.0000e+00
      60648 315.296851  -62.70806  -58.88730     -1.205    1456.51    770.000    761.166    -0.6308    -0.6306     0.0003    -0.6591    -0.6589     0.0003   2.851227   2.851255   0.000026    34.5524    34.5525     5.7653    27.7766    27.7767    34.5525    27.7767    1458.21    1458.21    -0.6586  1031.4371    34.7221 0.0000e+00
      60667 315.296861  -62.70806  -58.88729     -1.261    1456.51    769.000    760.179    -0.6308    -0.6304     0.0005    -0.6590    -0.6586     0.0005   2.851195   2.851232   0.000038    34.5525    34.5525     5.7710    27.7767    27.7767    34.5526    27.7767    1458.19    1458.19    -0.6586  1031.4325    34.7223 0.0000e+00
      60690 315.296872  -62.70806  -58.88728     -1.156    1456.51    768.000    759.192    -0.6309    -0.6306     0.0004    -0.6591    -0.6587     0.0004   2.851141   2.851174   0.000034    34.5525    34.5526     5.7646    27.7767    27.7768    34.5525    27.7767    1458.17    1458.18    -0.6586  1031.4278    34.7222 0.0000e+00
      60719 315.296886  -62.70806  -58.88728     -0.895    1456.51    767.000    758.206    -0.6308    -0.6311    -0.0002    -0.6590    -0.6592    -0.0002   2.851088   2.851082  -0.000004    34.5524    34.5526     5.7720    27.7766    27.7767    34.5524    27.7766    1458.16    1458.16    -0.6585  1031.4229    34.7220 0.0000e+00
      60745 315.296898  -62.70808  -58.88728     -0.866    1456.51    766.000    757.219    -0.6311    -0.6313    -0.0003    -0.6592    -0.6594    -0.0003   2.851008   2.850998  -0.000010    34.5521    34.5523     5.7691    27.7764    27.7765    34.5522    27.7764    1458.14    1458.14    -0.6587  1031.4180    34.7218 0.0000e+00
      60768 315.296909  -62.70808  -58.88728     -0.988    1456.51    765.000    756.232    -0.6311    -0.6311    -0.0000    -0.6591    -0.6591    -0.0000   2.850965   2.850961  -0.000003    34.5522    34.5522     5.7717    27.7764    27.7764    34.5522    27.7764    1458.12    1458.12    -0.6587  1031.4133    34.7218 0.0000e+00
      60791 315.296920  -62.70808  -58.88727     -1.055    1456.51    764.000    755.246    -0.6309    -0.6304     0.0005    -0.6589    -0.6584     0.0005   2.850938   2.850996   0.000051    34.5521    34.5522     5.7774    27.7764    27.7765    34.5521    27.7764    1458.11    1458.11    -0.6584  1031.4086    34.7218 0.0000e+00
      60815 315.296932  -62.70808  -58.88726     -1.024    1456.51    763.000    754.259    -0.6301    -0.6299     0.0002    -0.6581    -0.6579     0.0002   2.850953   2.850975   0.000023    34.5520    34.5522     5.7617    27.7763    27.7764    34.5521    27.7763    1458.09    1458.09    -0.6576  1031.4038    34.7217 0.0000e+00
      60841 315.296944  -62.70808  -58.88726     -0.960    1456.51    762.000    753.272    -0.6300    -0.6299     0.0002    -0.6580    -0.6578     0.0002   2.850912   2.850945   0.000033    34.5520    34.5523     5.7681    27.7763    27.7764    34.5520    27.7763    1458.08    1458.08    -0.6575  1031.3990    34.7217 0.0000e+00
      60865 315.296956  -62.70808  -58.88726     -0.958    1456.51    761.000    752.285    -0.6299    -0.6300    -0.0001    -0.6577    -0.6579    -0.0001   2.850890   2.850885  -0.000003    34.5521    34.5522     5.7746    27.7763    27.7764    34.5521    27.7763    1458.06    1458.06    -0.6573  1031.3944    34.7218 0.0000e+00
      60888 315.296967  -62.70808  -58.88724     -1.001    1456.51    760.000    751.299    -0.6302    -0.6302     0.0000    -0.6581    -0.6580     0.0000   2.850808   2.850822   0.000012    34.5521    34.5522     5.7832    27.7763    27.7764    34.5520    27.7763    1458.04    1458.04    -0.6576  1031.3896    34.7217 0.0000e+00
      60911 315.296978  -62.70809  -58.88724     -1.058    1456.51    759.000    750.312    -0.6308    -0.6308     0.0000    -0.6586    -0.6586     0.0000   2.850715   2.850708  -0.000001    34.5521    34.5521     5.7803    27.7764    27.7763    34.5520    27.7763    1458.03    1458.02    -0.6581  1031.3849    34.7217 0.0000e+00
      60933 315.296989  -62.70810  -58.88724     -1.087    1456.51    758.000    749.325    -0.6316    -0.6320    -0.0004    -0.6593    -0.6597    -0.0004   2.850589   2.850551  -0.000040    34.5520    34.5519     5.7656    27.7763    27.7763    34.5518    27.7762    1458.00    1458.00    -0.6589  1031.3801    34.7215 0.0000e+00
      60955 315.296999  -62.70810  -58.88724     -1.088    1456.51    757.000    748.338    -0.6326    -0.6331    -0.0005    -0.6603    -0.6608    -0.0005   2.850441   2.850388  -0.000051    34.5518    34.5517     5.7670    27.7762    27.7761    34.5516    27.7760    1457.98    1457.98    -0.6598  1031.3753    34.7213 0.0000e+00
      60978 315.297011  -62.70810  -58.88724     -1.060    1456.51    756.000    747.351    -0.6331    -0.6330    -0.0000    -0.6607    -0.6607    -0.0000   2.850349   2.850358   0.000006    34.5515    34.5516     5.7763    27.7760    27.7761    34.5514    27.7759    1457.96    1457.96    -0.6603  1031.3705    34.7211 0.0000e+00
      61002 315.297022  -62.70810  -58.88724     -1.012    1456.51    755.000    746.365    -0.6328    -0.6327     0.0001    -0.6604    -0.6603     0.0001   2.850320   2.850318 -6.899e-07    34.5515    34.5513     5.7815    27.7759    27.7758    34.5514    27.7758    1457.95    1457.95    -0.6599  1031.3657    34.7210 0.0000e+00
      61026 315.297034  -62.70810  -58.88723     -0.998    1456.51    754.000    745.378    -0.6329    -0.6329     0.0000    -0.6605    -0.6605     0.0000   2.850238   2.850237  -0.000002    34.5511    34.5510     5.7830    27.7756    27.7755    34.5510    27.7755    1457.93    1457.93    -0.6600  1031.3607    34.7206 0.0000e+00
      61050 315.297045  -62.70810  -58.88722     -1.007    1456.51    753.000    744.391    -0.6326    -0.6325     0.0002    -0.6601    -0.6600     0.0002   2.850215   2.850229   0.000014    34.5510    34.5510     5.7740    27.7755    27.7755    34.5509    27.7755    1457.92    1457.92    -0.6597  1031.3559    34.7206 0.0000e+00
      61081 315.297060  -62.70811  -58.88722     -0.849    1456.51    752.000    743.405    -0.6325    -0.6325    -0.0001    -0.6600    -0.6600    -0.0001   2.850179   2.850182   0.000003    34.5509    34.5510     5.7704    27.7755    27.7755    34.5509    27.7754    1457.90    1457.90    -0.6595  1031.3512    34.7205 0.0000e+00
      61119 315.297078  -62.70812  -58.88722     -0.612    1456.51    751.000    742.418    -0.6321    -0.6322    -0.0001    -0.6595    -0.6597    -0.0001   2.850156   2.850157   0.000003    34.5507    34.5509     5.7717    27.7752    27.7754    34.5507    27.7753    1457.89    1457.89    -0.6591  1031.3463    34.7203 0.0000e+00
      61142 315.297090  -62.70812  -58.88722     -0.824    1456.51    750.000    741.431    -0.6312    -0.6313    -0.0001    -0.6586    -0.6587    -0.0001   2.850160   2.850162   0.000002    34.5503    34.5505     5.7754    27.7749    27.7750    34.5503    27.7749    1457.87    1457.87    -0.6581  1031.3413    34.7200 0.0000e+00
      61160 315.297098  -62.70812  -58.88722     -1.117    1456.51    749.000    740.444    -0.6311    -0.6313    -0.0003    -0.6584    -0.6586    -0.0003   2.850124   2.850122  -0.000001    34.5503    34.5506     5.7850    27.7749    27.7751    34.5503    27.7749    1457.86    1457.86    -0.6580  1031.3365    34.7199 0.0000e+00
      61176 315.297106  -62.70812  -58.88720     -1.349    1456.51    748.000    739.457    -0.6312    -0.6314    -0.0003    -0.6585    -0.6587    -0.0003   2.850061   2.850045  -0.000016    34.5503    34.5503     5.7899    27.7749    27.7749    34.5502    27.7748    1457.84    1457.84    -0.6580  1031.3317    34.7198 0.0000e+00
      61192 315.297114  -62.70813  -58.88720     -1.472    1456.51    747.000    738.470    -0.6315    -0.6316    -0.0002    -0.6588    -0.6589    -0.0002   2.850003   2.849989  -0.000011    34.5504    34.5504     5.7776    27.7750    27.7750    34.5504    27.7750    1457.82    1457.82    -0.6583  1031.3272    34.7200 0.0000e+00
      61212 315.297123  -62.70814  -58.88720     -1.375    1456.51    746.000    737.484    -0.6316    -0.6316    -0.0001    -0.6588    -0.6589    -0.0001   2.849963   2.849944  -0.000019    34.5505    34.5504     5.7750    27.7751    27.7750    34.5505    27.7751    1457.81    1457.80    -0.6583  1031.3226    34.7201 0.0000e+00
      61242 315.297138  -62.70814  -58.88718     -0.968    1456.51    745.000    736.497    -0.6316    -0.6316    -0.0001    -0.6587    -0.6588    -0.0001   2.849910   2.849910 9.7963e-07    34.5504    34.5505     5.7898    27.7750    27.7751    34.5504    27.7750    1457.79    1457.79    -0.6583  1031.3178    34.7200 0.0000e+00
      61279 315.297156  -62.70814  -58.88718     -0.622    1456.51    744.000    735.510    -0.6316    -0.6317    -0.0001    -0.6587    -0.6588    -0.0001   2.849846   2.849845  -0.000001    34.5502    34.5503     5.7847    27.7748    27.7749    34.5502    27.7748    1457.77    1457.77    -0.6583  1031.3129    34.7198 0.0000e+00
      61309 315.297170  -62.70814  -58.88718     -0.747    1456.51    743.000    734.523    -0.6316    -0.6317    -0.0001    -0.6587    -0.6588    -0.0001   2.849793   2.849788  -0.000004    34.5501    34.5501     5.7888    27.7747    27.7748    34.5500    27.7747    1457.76    1457.75    -0.6582  1031.3080    34.7197 0.0000e+00
      61332 315.297181  -62.70814  -58.88718     -0.941    1456.51    742.000    733.536    -0.6316    -0.6317    -0.0001    -0.6586    -0.6588    -0.0001   2.849745   2.849733  -0.000011    34.5500    34.5500     5.7784    27.7747    27.7747    34.5500    27.7747    1457.74    1457.74    -0.6582  1031.3033    34.7196 0.0000e+00
      61354 315.297192  -62.70814  -58.88718     -1.061    1456.51    741.000    732.549    -0.6320    -0.6323    -0.0004    -0.6590    -0.6593    -0.0004   2.849648   2.849609  -0.000038    34.5499    34.5497     5.7892    27.7746    27.7745    34.5497    27.7744    1457.72    1457.72    -0.6585  1031.2961    34.7165 0.0000e+00
      61374 315.297202 -9.990e-29  -58.88718     -1.136    1456.51    740.000    731.563    -0.6324    -0.6330    -0.0005    -0.6594    -0.6599    -0.0005   2.849557   2.849491  -0.000059    34.5497    34.5495     5.7841    27.7745    27.7743    34.5496    27.7744    1457.70    1457.70    -0.6589  1031.2883    34.7125 0.0000e+00
      61396 315.297212 -9.990e-29  -58.88716     -1.138    1456.51    739.000    730.576    -0.6328    -0.6335    -0.0006    -0.6598    -0.6604    -0.0006   2.849454   2.849378  -0.000082    34.5495    34.5491     5.7886    27.7743    27.7740    34.5492    27.7741    1457.68    1457.68    -0.6593  1031.2833    34.7121 0.0000e+00
      61420 315.297224 -9.990e-29  -58.88716     -1.062    1456.51    738.000    729.589    -0.6337    -0.6343    -0.0006    -0.6605    -0.6611    -0.0006   2.849319   2.849252  -0.000065    34.5491    34.5489     5.7918    27.7740    27.7739    34.5489    27.7739    1457.66    1457.66    -0.6601  1031.2784    34.7119 0.0000e+00
      61448 315.297237  -62.70816  -58.88716     -0.902    1456.51    737.000    728.602    -0.6343    -0.6344    -0.0002    -0.6610    -0.6612    -0.0002   2.849208   2.849196  -0.000014    34.5488    34.5489     5.7785    27.7738    27.7739    34.5487    27.7738    1457.64    1457.64    -0.6606  1031.2750    34.7134 0.0000e+00
      61477 315.297251  -62.70816  -58.88716     -0.801    1456.51    736.000    727.615    -0.6344    -0.6345    -0.0002    -0.6611    -0.6613    -0.0002   2.849139   2.849136 -3.895e-07    34.5486    34.5487     5.7900    27.7736    27.7738    34.5485    27.7736    1457.62    1457.62    -0.6607  1031.2743    34.7184 0.0000e+00
      61499 315.297262  -62.70816  -58.88716     -0.951    1456.51    735.000    726.628    -0.6344    -0.6345    -0.0001    -0.6611    -0.6612    -0.0001   2.849081   2.849075  -0.000008    34.5485    34.5485     5.7894    27.7735    27.7736    34.5484    27.7735    1457.61    1457.61    -0.6607  1031.2692    34.7180 0.0000e+00
      61517 315.297270  -62.70816  -58.88716     -1.170    1456.51    734.000    725.642    -0.6345    -0.6346    -0.0001    -0.6611    -0.6612    -0.0001   2.849026   2.849032   0.000005    34.5484    34.5486     5.7943    27.7734    27.7736    34.5483    27.7734    1457.59    1457.59    -0.6607  1031.2644    34.7179 0.0000e+00
      61534 315.297279  -62.70816  -58.88715     -1.327    1456.51    733.000    724.655    -0.6346    -0.6346    -0.0001    -0.6612    -0.6613    -0.0001   2.848984   2.848983  -0.000002    34.5485    34.5486     5.7977    27.7736    27.7736    34.5484    27.7735    1457.57    1457.57    -0.6608  1031.2598    34.7180 0.0000e+00
      61555 315.297289  -62.70817  -58.88714     -1.315    1456.51    732.000    723.668    -0.6346    -0.6348    -0.0002    -0.6612    -0.6614    -0.0002   2.848942   2.848928  -0.000015    34.5486    34.5486     5.7910    27.7737    27.7737    34.5485    27.7736    1457.56    1457.56    -0.6607  1031.2552    34.7181 0.0000e+00
      61585 315.297303  -62.70818  -58.88714     -0.926    1456.51    731.000    722.681    -0.6347    -0.6350    -0.0002    -0.6613    -0.6615    -0.0002   2.848879   2.848853  -0.000026    34.5485    34.5484     5.7875    27.7736    27.7735    34.5484    27.7735    1457.54    1457.54    -0.6608  1031.2504    34.7180 0.0000e+00
      61622 315.297321  -62.70818  -58.88714     -0.625    1456.51    730.000    721.694    -0.6349    -0.6352    -0.0002    -0.6614    -0.6617    -0.0002   2.848765   2.848772   0.000008    34.5478    34.5481     5.8007    27.7730    27.7733    34.5477    27.7729    1457.52    1457.52    -0.6610  1031.2451    34.7173 0.0000e+00
      61652 315.297335  -62.70818  -58.88714     -0.754    1456.51    729.000    720.707    -0.6353    -0.6354    -0.0001    -0.6618    -0.6619    -0.0001   2.848679   2.848681 5.3242e-09    34.5477    34.5478     5.7986    27.7730    27.7730    34.5476    27.7728    1457.50    1457.50    -0.6613  1031.2410    34.7180 0.0000e+00
