Pos-Processados/process_op41/Processamento_split/up/uoperantar41_002.cnv
* Sea-Bird SBE 9 Data File:
* FileName = C:\Users\Dell\Desktop\Operantar XLI\Raw\OP41002.hdr
* Software Version Seasave V 7.26.7.110
* Temperature SN = 6497
* Conductivity SN = 4954
* Number of Bytes Per Scan = 31
* Number of Voltage Words = 2
* Number of Scans Averaged by the Deck Unit = 1
* NMEA Latitude = 37 16.72 S
* NMEA Longitude = 048 37.48 W
* NMEA UTC (Time) = Oct 17 2022 21:01:25
* NMEA baud rate = 4800
** H41
** Navio Polar Almirante Maximiano
** LH-021/2022
** Operantar XLI
** Número da Estação 002
** Latitude 37ª16.719
** Longitude 048ª37.474
** Data/Hora (Z) 17/10/2022 2100Z
** Profundidade local
** 09-1439
** Nome do Operador 1T FILIPE LOPES
# nquan = 30
# nvalues = 1054                        
# units = specified
# name 0 = scan: Scan Count
# name 1 = timeJ: Julian Days
# name 2 = latitude: Latitude [deg]
# name 3 = longitude: Longitude [deg]
# name 4 = dz/dtM: Descent Rate [m/s]
# name 5 = avgsvCM: Average Sound Velocity [Chen-Millero, m/s]
# name 6 = prDM: Pressure, Digiquartz [db]
# name 7 = depSM: Depth [salt water, m]
# name 8 = t090C: Temperature [ITS-90, deg C]
# name 9 = t190C: Temperature, 2 [ITS-90, deg C]
# name 10 = T2-T190C: Temperature Difference, 2 - 1 [ITS-90, deg C]
# name 11 = potemp090C: Potential Temperature [ITS-90, deg C]
# name 12 = potemp190C: Potential Temperature, 2 [ITS-90, deg C]
# name 13 = potemp90Cdiff: Potential Temperature, Diff, 2 - 1 [ITS-90, deg C]
# name 14 = c0S/m: Conductivity [S/m]
# name 15 = c1S/m: Conductivity, 2 [S/m]
# name 16 = C2-C1S/m: Conductivity Difference, 2 - 1 [S/m]
# name 17 = sal00: Salinity, Practical [PSU]
# name 18 = sal11: Salinity, Practical, 2 [PSU]
# name 19 = sbeox0ML/L: Oxygen, SBE 43 [ml/l]
# name 20 = sigma-é00: Density [sigma-theta, kg/m^3]
# name 21 = sigma-é11: Density, 2 [sigma-theta, kg/m^3]
# name 22 = sal00: Salinity, Practical [PSU]
# name 23 = sigma-é00: Density [sigma-theta, kg/m^3]
# name 24 = svCM: Sound Velocity [Chen-Millero, m/s]
# name 25 = svCM1: Sound Velocity, 2 [Chen-Millero, m/s]
# name 26 = gsw_ptA0: potential temperature [ITS-90, deg C]
# name 27 = gsw_densityA0: density, TEOS-10 [density, kg/m^3]
# name 28 = gsw_saA0: Absolute Salinity [g/kg]
# name 29 = flag:
# span 0 =      29145,      62774       
# span 1 = 290.890038, 290.906256       
# span 2 =  -37.28319,  -37.28076       
# span 3 =  -48.62793,  -48.62614       
# span 4 =     -1.947,     -0.124       
# span 5 =    1502.01,    1502.01       
# span 6 =      2.000,   1055.000       
# span 7 =      1.977,   1044.521       
# span 8 =     4.2860,    17.7443       
# span 9 =     4.2853,    17.7462       
# span 10 =    -0.0912,     0.0709      
# span 11 =     4.2045,    17.7437      
# span 12 =     4.2037,    17.7456      
# span 13 =    -0.0907,     0.0706      
# span 14 =   3.262942,   4.696127      
# span 15 =   3.262954,   4.696045      
# span 16 =  -0.009089,   0.007704      
# span 17 =    34.1710,    36.1276      
# span 18 =    34.1707,    36.1261      
# span 19 =     4.4484,     5.8142      
# span 20 =    26.1990,    27.1666      
# span 21 =    26.1973,    27.1665      
# span 22 =    34.1705,    36.1282      
# span 23 =    26.1991,    27.1673      
# span 24 =    1482.85,    1518.98      
# span 25 =    1482.85,    1518.98      
# span 26 =     4.2042,    17.7438      
# span 27 =  1026.2126,  1032.0176      
# span 28 =    34.3334,    36.2987      
# span 29 = 0.0000e+00, 0.0000e+00      
# interval = decibars: 1                
# start_time = Oct 17 2022 21:01:25 [NMEA time, header]
# bad_flag = -9.990e-29
*END*
[from data line 629]
      48514 290.899379  -37.28238  -48.62730     -1.110    1502.01    426.000    422.404    14.6090    14.6097     0.0007    14.5448    14.5456     0.0007   4.332949   4.333051   0.000069    35.5533    35.5533     4.8272    26.4983    26.4981    35.5584    26.5022    1513.14    1513.14    14.5449  1028.3761    35.7266 0.0000e+00
      48539 290.899392  -37.28238  -48.62730     -0.953    1502.01    425.000    421.414    14.6068    14.6080     0.0011    14.5429    14.5440     0.0011   4.332514   4.332636   0.000104    35.5525    35.5524     4.8120    26.4981    26.4978    35.5568    26.5014    1513.12    1513.12    14.5429  1028.3710    35.7250 0.0000e+00
      48563 290.899403  -37.28238  -48.62731     -0.962    1502.01    424.000    420.423    14.6046    14.6049     0.0003    14.5408    14.5410     0.0003   4.332109   4.332074  -0.000049    35.5520    35.5513     4.8020    26.4981    26.4975    35.5556    26.5009    1513.09    1513.09    14.5408  1028.3661    35.7238 0.0000e+00
      48583 290.899413  -37.28238 -9.990e-29     -1.086    1502.01    423.000    419.433    14.6001    14.5982    -0.0018    14.5364    14.5346    -0.0018   4.331196   4.330776  -0.000422    35.5498    35.5476     4.7877    26.4974    26.4961    35.5517    26.4988    1513.06    1513.05    14.5364  1028.3598    35.7199 0.0000e+00
      48601 290.899421  -37.28238 -9.990e-29     -1.233    1502.01    422.000    418.442    14.5941    14.5941     0.0000    14.5306    14.5306     0.0000   4.330314   4.330095  -0.000248    35.5468    35.5445     4.7821    26.4963    26.4945    35.5494    26.4983    1513.02    1513.01    14.5306  1028.3550    35.7176 0.0000e+00
      48625 290.899433  -37.28238 -9.990e-29     -1.169    1502.01    421.000    417.452    14.5973    14.5950    -0.0023    14.5340    14.5317    -0.0023   4.330305   4.330115  -0.000185    35.5441    35.5445     4.7893    26.4935    26.4943    35.5468    26.4956    1513.01    1513.00    14.5340  1028.3478    35.7150 0.0000e+00
      48662 290.899451  -37.28238  -48.62732     -0.710    1502.01    420.000    416.461    14.6097    14.6003    -0.0094    14.5465    14.5371    -0.0094   4.331533   4.330546  -0.000927    35.5440    35.5441     4.7700    26.4907    26.4928    35.5472    26.4932    1513.03    1513.00    14.5465  1028.3409    35.7154 0.0000e+00
      48693 290.899466  -37.28238  -48.62732     -0.659    1502.01    419.000    415.470    14.6210    14.6175    -0.0035    14.5579    14.5544    -0.0035   4.332573   4.332392  -0.000393    35.5450    35.5446     4.7444    26.4890    26.4894    35.5468    26.4904    1513.05    1513.04    14.5580  1028.3337    35.7149 0.0000e+00
      48712 290.899475  -37.28238  -48.62732     -0.990    1502.01    418.000    414.480    14.6238    14.6309     0.0070    14.5609    14.5679     0.0070   4.333022   4.333821   0.000734    35.5456    35.5460     4.7373    26.4889    26.4876    35.5488    26.4913    1513.05    1513.07    14.5609  1028.3301    35.7169 0.0000e+00
      48730 290.899483  -37.28238  -48.62732     -1.256    1502.01    417.000    413.489    14.6366    14.6446     0.0079    14.5738    14.5817     0.0079   4.334430   4.335309   0.000905    35.5472    35.5483     4.7356    26.4872    26.4864    35.5504    26.4897    1513.07    1513.10    14.5738  1028.3241    35.7185 0.0000e+00
      48781 290.899508  -37.28238  -48.62732     -0.681    1502.01    416.000    412.503    14.6514    14.6518     0.0004    14.5887    14.5890     0.0004   4.335993   4.335996   0.000019    35.5493    35.5491     4.7376    26.4857    26.4854    35.5518    26.4876    1513.10    1513.10    14.5887  1028.3187    35.7215 0.0000e+00
      48872 290.899552  -37.28240  -48.62732     -0.236    1502.01    415.000    411.505    14.6574    14.6565    -0.0009    14.5948    14.5939    -0.0009   4.336553   4.336394  -0.000151    35.5507    35.5502     4.7444    26.4854    26.4852    35.5517    26.4862    1513.11    1513.10    14.5949  1028.3119    35.7202 0.0000e+00
      48893 290.899562  -37.28240  -48.62732     -0.780    1502.01    414.000    410.517    14.6556    14.6556    -0.0001    14.5932    14.5931    -0.0001   4.336322   4.336269  -0.000068    35.5507    35.5501     4.7218    26.4857    26.4853    35.5517    26.4865    1513.08    1513.09    14.5932  1028.3076    35.7198 0.0000e+00
      48926 290.899578  -37.28240  -48.62732     -0.798    1502.01    413.000    409.527    14.6553    14.6551    -0.0002    14.5930    14.5928    -0.0002   4.336201   4.336126  -0.000076    35.5505    35.5500     4.7153    26.4856    26.4853    35.5513    26.4862    1513.07    1513.07    14.5931  1028.3030    35.7194 0.0000e+00
      48974 290.899601  -37.28240  -48.62732     -0.440    1502.01    412.000    408.536    14.6562    14.6548    -0.0014    14.5941    14.5927    -0.0014   4.336287   4.336001  -0.000260    35.5507    35.5496     4.7182    26.4856    26.4850    35.5517    26.4863    1513.05    1513.05    14.5941  1028.2987    35.7198 0.0000e+00
      49002 290.899615  -37.28240 -9.990e-29     -0.676    1502.01    411.000    407.545    14.6611    14.6581    -0.0030    14.5991    14.5962    -0.0030   4.336694   4.336415  -0.000374    35.5508    35.5501     4.7132    26.4845    26.4846    35.5513    26.4849    1513.05    1513.04    14.5992  1028.2930    35.7195 0.0000e+00
      49020 290.899623  -37.28240 -9.990e-29     -1.067    1502.01    410.000    406.555    14.6632    14.6685     0.0052    14.6014    14.6066     0.0052   4.337015   4.337623   0.000542    35.5516    35.5518     4.7171    26.4847    26.4837    35.5527    26.4855    1513.04    1513.06    14.6014  1028.2892    35.7209 0.0000e+00
      49036 290.899631  -37.28240 -9.990e-29     -1.336    1502.01    409.000    405.564    14.6688    14.6786     0.0097    14.6071    14.6169     0.0097   4.337633   4.339016   0.001165    35.5522    35.5540     4.7137    26.4839    26.4832    35.5537    26.4850    1513.05    1513.08    14.6071  1028.2843    35.7219 0.0000e+00
      49053 290.899639  -37.28240  -48.62734     -1.441    1502.01    408.000    404.574    14.6863    14.7052     0.0188    14.6247    14.6435     0.0188   4.339936   4.342154   0.002243    35.5553    35.5587     4.7180    26.4824    26.4810    35.5593    26.4855    1513.09    1513.15    14.6247  1028.2802    35.7275 0.0000e+00
      49071 290.899648  -37.28241  -48.62734     -1.412    1502.01    407.000    403.583    14.6989    14.7155     0.0166    14.6374    14.6540     0.0166   4.341155   4.342949   0.001877    35.5572    35.5593     4.7282    26.4812    26.4792    35.5594    26.4828    1513.11    1513.17    14.6375  1028.2730    35.7275 0.0000e+00
      49091 290.899657  -37.28242  -48.62734     -1.289    1502.01    406.000    402.592    14.7178    14.7262     0.0084    14.6564    14.6648     0.0084   4.343454   4.344550   0.001063    35.5603    35.5624     4.7264    26.4794    26.4792    35.5636    26.4820    1513.16    1513.19    14.6564  1028.2677    35.7318 0.0000e+00
      49111 290.899667  -37.28242  -48.62734     -1.209    1502.01    405.000    401.602    14.7295    14.7348     0.0053    14.6682    14.6736     0.0053   4.344709   4.345362   0.000636    35.5623    35.5632     4.7210    26.4784    26.4780    35.5649    26.4804    1513.19    1513.20    14.6683  1028.2616    35.7331 0.0000e+00
      49132 290.899678  -37.28242  -48.62734     -1.165    1502.01    404.000    400.611    14.7418    14.7486     0.0068    14.6807    14.6874     0.0068   4.346310   4.347058   0.000778    35.5651    35.5661     4.7267    26.4779    26.4771    35.5687    26.4807    1513.21    1513.24    14.6807  1028.2574    35.7369 0.0000e+00
      49164 290.899693  -37.28242  -48.62734     -0.890    1502.01    403.000    399.622    14.7972    14.7881    -0.0090    14.7360    14.7270    -0.0090   4.352976   4.351997  -0.000920    35.5738    35.5736     4.7302    26.4725    26.4743    35.5797    26.4771    1513.38    1513.36    14.7361  1028.2490    35.7480 0.0000e+00
      49208 290.899714  -37.28242  -48.62734     -0.500    1502.01    402.000    398.627    14.8473    14.8492     0.0019    14.7861    14.7881     0.0019   4.358651   4.358746   0.000123    35.5820    35.5814     4.7372    26.4679    26.4670    35.5864    26.4713    1513.53    1513.54    14.7862  1028.2385    35.7547 0.0000e+00
      49236 290.899727  -37.28242  -48.62734     -0.736    1502.01    401.000    397.639    14.8555    14.8508    -0.0047    14.7945    14.7899    -0.0047   4.359560   4.359060  -0.000465    35.5834    35.5834     4.7475    26.4671    26.4681    35.5876    26.4704    1513.55    1513.53    14.7945  1028.2331    35.7559 0.0000e+00
      49256 290.899737  -37.28242  -48.62734     -1.009    1502.01    400.000    396.649    14.8742    14.8676    -0.0067    14.8134    14.8067    -0.0067   4.361989   4.360904  -0.001057    35.5881    35.5845     4.7367    26.4666    26.4653    35.5932    26.4705    1513.59    1513.57    14.8134  1028.2288    35.7615 0.0000e+00
      49274 290.899746  -37.28242  -48.62734     -1.216    1502.01    399.000    395.658    14.8829    14.8849     0.0020    14.8221    14.8241     0.0020   4.362815   4.363015   0.000159    35.5898    35.5895     4.7209    26.4660    26.4653    35.5932    26.4687    1513.61    1513.61    14.8222  1028.2225    35.7615 0.0000e+00
      49292 290.899754  -37.28243  -48.62734     -1.322    1502.01    398.000    394.667    14.8869    14.8894     0.0025    14.8263    14.8288     0.0025   4.363280   4.363553   0.000251    35.5909    35.5909     4.7142    26.4659    26.4654    35.5942    26.4685    1513.60    1513.61    14.8263  1028.2179    35.7625 0.0000e+00
      49310 290.899763  -37.28244  -48.62734     -1.333    1502.01    397.000    393.676    14.8912    14.8950     0.0038    14.8307    14.8345     0.0038   4.363793   4.364165   0.000380    35.5920    35.5920     4.7216    26.4658    26.4650    35.5954    26.4685    1513.60    1513.61    14.8308  1028.2135    35.7637 0.0000e+00
      49329 290.899772  -37.28244  -48.62734     -1.304    1502.01    396.000    392.686    14.8980    14.9014     0.0034    14.8376    14.8410     0.0034   4.364507   4.364848   0.000340    35.5930    35.5930     4.7339    26.4651    26.4644    35.5962    26.4675    1513.61    1513.62    14.8377  1028.2081    35.7645 0.0000e+00
      49349 290.899782  -37.28244  -48.62734     -1.267    1502.01    395.000    391.695    14.9059    14.9054    -0.0005    14.8457    14.8452    -0.0005   4.365321   4.365127  -0.000130    35.5938    35.5931     4.7484    26.4639    26.4634    35.5968    26.4662    1513.62    1513.62    14.8457  1028.2024    35.7651 0.0000e+00
      49371 290.899793  -37.28244  -48.62734     -1.153    1502.01    394.000    390.704    14.9152    14.9098    -0.0053    14.8551    14.8497    -0.0053   4.366395   4.365685  -0.000662    35.5953    35.5942     4.7428    26.4630    26.4633    35.5986    26.4655    1513.63    1513.61    14.8551  1028.1973    35.7669 0.0000e+00
      49400 290.899806  -37.28244  -48.62734     -0.926    1502.01    393.000    389.714    14.9295    14.9173    -0.0123    14.8695    14.8573    -0.0122   4.368034   4.366638  -0.001367    35.5977    35.5964     4.7337    26.4617    26.4634    35.6009    26.4642    1513.66    1513.62    14.8696  1028.1914    35.7692 0.0000e+00
      49445 290.899828  -37.28244  -48.62736     -0.576    1502.01    392.000    388.725    14.9433    14.9364    -0.0070    14.8834    14.8765    -0.0069   4.369613   4.368807  -0.000811    35.6005    35.5995     4.7373    26.4608    26.4615    35.6032    26.4628    1513.69    1513.67    14.8835  1028.1856    35.7715 0.0000e+00
      49505 290.899857  -37.28244  -48.62736     -0.351    1502.01    391.000    387.729    14.9503    14.9490    -0.0013    14.8906    14.8893    -0.0013   4.370272   4.370010  -0.000251    35.6016    35.6005     4.7371    26.4601    26.4595    35.6032    26.4613    1513.70    1513.69    14.8906  1028.1797    35.7715 0.0000e+00
      49530 290.899869  -37.28245  -48.62735     -0.738    1502.01    390.000    386.742    14.9513    14.9502    -0.0011    14.8917    14.8907    -0.0011   4.370328   4.370171  -0.000181    35.6016    35.6009     4.7445    26.4598    26.4595    35.6032    26.4611    1513.69    1513.68    14.8917  1028.1751    35.7716 0.0000e+00
      49547 290.899877  -37.28246  -48.62734     -1.084    1502.01    389.000    385.751    14.9528    14.9536     0.0007    14.8934    14.8941     0.0007   4.370455   4.370471  -0.000009    35.6020    35.6012     4.7351    26.4598    26.4591    35.6034    26.4608    1513.67    1513.67    14.8934  1028.1704    35.7717 0.0000e+00
      49562 290.899885  -37.28246  -48.62734     -1.366    1502.01    388.000    384.760    14.9553    14.9566     0.0013    14.8960    14.8974     0.0013   4.370760   4.370885   0.000092    35.6025    35.6022     4.7220    26.4596    26.4590    35.6043    26.4610    1513.67    1513.67    14.8961  1028.1662    35.7727 0.0000e+00
      49578 290.899892  -37.28246  -48.62735     -1.522    1502.01    387.000    383.770    14.9588    14.9627     0.0039    14.8997    14.9035     0.0039   4.371132   4.371590   0.000412    35.6033    35.6035     4.7145    26.4594    26.4587    35.6049    26.4606    1513.66    1513.67    14.8997  1028.1615    35.7733 0.0000e+00
      49598 290.899902  -37.28246  -48.62736     -1.406    1502.01    386.000    382.779    14.9696    14.9690    -0.0006    14.9106    14.9100    -0.0006   4.372505   4.372172  -0.000178    35.6055    35.6044     4.7153    26.4587    26.4580    35.6080    26.4606    1513.68    1513.68    14.9106  1028.1570    35.7764 0.0000e+00
      49627 290.899916  -37.28246  -48.62736     -0.953    1502.01    385.000    381.788    14.9820    14.9719    -0.0101    14.9231    14.9131    -0.0101   4.373987   4.372868  -0.001150    35.6084    35.6071     4.7203    26.4582    26.4594    35.6107    26.4599    1513.71    1513.68    14.9231  1028.1518    35.7790 0.0000e+00
      49658 290.899931  -37.28246  -48.62737     -0.749    1502.01    384.000    380.797    15.0026    14.9914    -0.0112    14.9438    14.9326    -0.0112   4.376363   4.375219  -0.001258    35.6115    35.6102     4.7318    26.4560    26.4575    35.6140    26.4579    1513.76    1513.73    14.9438  1028.1454    35.7824 0.0000e+00
      49678 290.899941  -37.28246  -48.62738     -0.941    1502.01    383.000    379.806    15.0119    15.0213     0.0094    14.9533    14.9626     0.0093   4.377773   4.378745   0.001118    35.6133    35.6150     4.7459    26.4553    26.4545    35.6188    26.4595    1513.78    1513.81    14.9533  1028.1425    35.7872 0.0000e+00
      49696 290.899949  -37.28246  -48.62738     -1.197    1502.01    382.000    378.816    15.0423    15.0405    -0.0018    14.9837    14.9819    -0.0018   4.381149   4.381066  -0.000214    35.6189    35.6186     4.7466    26.4529    26.4531    35.6223    26.4555    1513.86    1513.86    14.9837  1028.1339    35.7907 0.0000e+00
      49714 290.899958  -37.28246  -48.62738     -1.330    1502.01    381.000    377.825    15.0499    15.0513     0.0015    14.9914    14.9929     0.0015   4.381944   4.382018   0.000110    35.6205    35.6202     4.7376    26.4524    26.4518    35.6231    26.4544    1513.87    1513.87    14.9914  1028.1284    35.7915 0.0000e+00
      49738 290.899969  -37.28246  -48.62738     -1.191    1502.01    380.000    376.834    15.0567    15.0517    -0.0049    14.9984    14.9934    -0.0049   4.382737   4.382119  -0.000577    35.6216    35.6208     4.7428    26.4517    26.4522    35.6245    26.4540    1513.88    1513.86    14.9984  1028.1236    35.7929 0.0000e+00
