Pos-Processados/process_op41/Processamento_split/up/uoperantar41_020.cnv
* Sea-Bird SBE 9 Data File:
* FileName = C:\Users\Dell\Desktop\OperantarXLI\config\00_BRUTOS\OPE41020.hdr
* Software Version Seasave V 7.26.7.110
* Temperature SN = 6497
* Conductivity SN = 4954
* Number of Bytes Per Scan = 34
* Number of Voltage Words = 3
* Number of Scans Averaged by the Deck Unit = 1
* NMEA Latitude = 62 42.00 S
* NMEA Longitude = 058 53.83 W
* NMEA UTC (Time) = Nov 11 2022 06:25:21
* NMEA baud rate = 4800
** H41
** Navio Polar Almirante Maximiano
** LH-021/2022
** Operantar XLI
** Número da Estação 020
** Latitude 62´41.887S
** Longitude 058 53.875W
** Data/Hora (Z) 11/11/2022  0620
** Profundidade local 1497
** 09-1439
** Nome do Operador 1T FILIPE LOPES
# nquan = 30
# nvalues = 1500                        
# units = specified
# name 0 = scan: Scan Count
# name 1 = timeJ: Julian Days
# name 2 = latitude: Latitude [deg]
# name 3 = longitude: Longitude [deg]
# name 4 = dz/dtM: Descent Rate [m/s]
# name 5 = avgsvCM: Average Sound Velocity [Chen-Millero, m/s]
# name 6 = prDM: Pressure, Digiquartz [db]
# name 7 = depSM: Depth [salt water, m]
# name 8 = t090C: Temperature [ITS-90, deg C]
# name 9 = t190C: Temperature, 2 [ITS-90, deg C]
# name 10 = T2-T190C: Temperature Difference, 2 - 1 [ITS-90, deg C]
# name 11 = potemp090C: Potential Temperature [ITS-90, deg C]
# name 12 = potemp190C: Potential Temperature, 2 [ITS-90, deg C]
# name 13 = potemp90Cdiff: Potential Temperature, Diff, 2 - 1 [ITS-90, deg C]
# name 14 = c0S/m: Conductivity [S/m]
# name 15 = c1S/m: Conductivity, 2 [S/m]
# name 16 = C2-C1S/m: Conductivity Difference, 2 - 1 [S/m]
# name 17 = sal00: Salinity, Practical [PSU]
# name 18 = sal11: Salinity, Practical, 2 [PSU]
# name 19 = sbeox0ML/L: Oxygen, SBE 43 [ml/l]
# name 20 = sigma-é00: Density [sigma-theta, kg/m^3]
# name 21 = sigma-é11: Density, 2 [sigma-theta, kg/m^3]
# name 22 = sal00: Salinity, Practical [PSU]
# name 23 = sigma-é00: Density [sigma-theta, kg/m^3]
# name 24 = svCM: Sound Velocity [Chen-Millero, m/s]
# name 25 = svCM1: Sound Velocity, 2 [Chen-Millero, m/s]
# name 26 = gsw_ptA0: potential temperature [ITS-90, deg C]
# name 27 = gsw_densityA0: density, TEOS-10 [density, kg/m^3]
# name 28 = gsw_saA0: Absolute Salinity [g/kg]
# name 29 = flag:
# span 0 =      43115,      82912       
# span 1 = 315.288396, 315.307588       
# span 2 =  -62.71099,  -62.70611       
# span 3 =  -58.88985,  -58.88298       
# span 4 =     -1.522,     -0.176       
# span 5 =    1456.51,    1456.51       
# span 6 =      2.000,   1501.000       
# span 7 =      1.973,   1481.199       
# span 8 =    -1.3119,    -0.6299       
# span 9 =    -1.3122,    -0.6299       
# span 10 =    -0.0353,     0.0068      
# span 11 =    -1.3686,    -0.6577      
# span 12 =    -1.3689,    -0.6578      
# span 13 =    -0.0352,     0.0067      
# span 14 =   2.769351,   2.851938      
# span 15 =   2.769351,   2.851945      
# span 16 =  -0.003228,   0.000597      
# span 17 =    34.3491,    34.5567      
# span 18 =    34.3496,    34.5567      
# span 19 =     5.7524,     7.6917      
# span 20 =    27.6235,    27.8075      
# span 21 =    27.6240,    27.8075      
# span 22 =    34.3491,    34.5567      
# span 23 =    27.6235,    27.8075      
# span 24 =    1443.93,    1467.14      
# span 25 =    1443.93,    1467.14      
# span 26 =    -1.3675,    -0.6573      
# span 27 =  1027.6372,  1034.9127      
# span 28 =    34.5124,    34.7287      
# span 29 = 0.0000e+00, 0.0000e+00      
# interval = decibars: 1                
# start_time = Nov 11 2022 06:25:21 [NMEA time, header]
# bad_flag = -9.990e-29
*END*
[from data line 1161]
      71946 315.302300  -62.70946  -58.88536     -1.154    1456.51    340.000    336.447    -0.9285    -0.9284     0.0001    -0.9387    -0.9386     0.0001   2.801184   2.801185   0.000003    34.4745    34.4744     6.3133    27.7251    27.7251    34.4745    27.7252    1449.65    1449.65    -0.9384  1029.3575    34.6451 0.0000e+00
      71973 315.302313  -62.70946  -58.88536     -0.943    1456.51    339.000    335.458    -0.9284    -0.9284    -0.0001    -0.9385    -0.9386    -0.0001   2.801129   2.801136   0.000007    34.4743    34.4744     6.3178    27.7249    27.7250    34.4743    27.7249    1449.63    1449.63    -0.9383  1029.3509    34.6429 0.0000e+00
      72001 315.302326  -62.70946  -58.88536     -0.861    1456.51    338.000    334.469    -0.9284    -0.9286    -0.0001    -0.9386    -0.9387    -0.0001   2.801061   2.801063   0.000003    34.4741    34.4743     6.3054    27.7248    27.7250    34.4740    27.7248    1449.62    1449.62    -0.9383  1029.3460    34.6426 0.0000e+00
      72028 315.302340  -62.70948  -58.88534     -0.879    1456.51    337.000    333.481    -0.9290    -0.9292    -0.0002    -0.9392    -0.9393    -0.0002   2.800931   2.800933   0.000003    34.4737    34.4739     6.3164    27.7245    27.7246    34.4736    27.7244    1449.60    1449.60    -0.9389  1029.3409    34.6422 0.0000e+00
      72056 315.302353  -62.70948  -58.88534     -0.871    1456.51    336.000    332.492    -0.9289    -0.9291    -0.0002    -0.9390    -0.9392    -0.0002   2.800899   2.800895  -0.000004    34.4736    34.4738     6.3276    27.7244    27.7246    34.4736    27.7244    1449.58    1449.58    -0.9387  1029.3361    34.6422 0.0000e+00
      72080 315.302364  -62.70948  -58.88534     -0.930    1456.51    335.000    331.503    -0.9289    -0.9291    -0.0002    -0.9390    -0.9391    -0.0002   2.800846   2.800846  -0.000001    34.4736    34.4737     6.3256    27.7244    27.7245    34.4735    27.7243    1449.57    1449.56    -0.9387  1029.3313    34.6421 0.0000e+00
      72102 315.302375  -62.70948  -58.88534     -1.037    1456.51    334.000    330.514    -0.9288    -0.9288    -0.0000    -0.9388    -0.9388    -0.0000   2.800812   2.800809  -0.000006    34.4736    34.4735     6.3172    27.7243    27.7243    34.4735    27.7243    1449.55    1449.55    -0.9385  1029.3265    34.6421 0.0000e+00
      72123 315.302385  -62.70948  -58.88534     -1.105    1456.51    333.000    329.525    -0.9281    -0.9280     0.0001    -0.9381    -0.9380     0.0001   2.800812   2.800799  -0.000008    34.4733    34.4731     6.3305    27.7242    27.7240    34.4734    27.7242    1449.54    1449.54    -0.9378  1029.3216    34.6420 0.0000e+00
      72147 315.302397  -62.70948  -58.88532     -1.061    1456.51    332.000    328.537    -0.9281    -0.9286    -0.0006    -0.9380    -0.9386    -0.0005   2.800754   2.800722  -0.000033    34.4732    34.4734     6.3385    27.7240    27.7242    34.4732    27.7241    1449.52    1449.52    -0.9378  1029.3167    34.6418 0.0000e+00
      72172 315.302409  -62.70948  -58.88532     -0.982    1456.51    331.000    327.548    -0.9285    -0.9286    -0.0001    -0.9385    -0.9385    -0.0001   2.800677   2.800683  -0.000001    34.4733    34.4733     6.3405    27.7241    27.7242    34.4732    27.7241    1449.50    1449.50    -0.9382  1029.3120    34.6418 0.0000e+00
      72194 315.302419  -62.70950  -58.88530     -1.014    1456.51    330.000    326.559    -0.9275    -0.9270     0.0005    -0.9374    -0.9369     0.0005   2.800700   2.800745   0.000045    34.4729    34.4730     6.3253    27.7238    27.7238    34.4730    27.7239    1449.49    1449.49    -0.9371  1029.3070    34.6416 0.0000e+00
      72214 315.302429  -62.70950  -58.88530     -1.123    1456.51    329.000    325.570    -0.9270    -0.9272    -0.0002    -0.9369    -0.9371    -0.0002   2.800683   2.800676  -0.000006    34.4728    34.4729     6.3307    27.7236    27.7238    34.4728    27.7237    1449.48    1449.47    -0.9366  1029.3021    34.6414 0.0000e+00
      72234 315.302439  -62.70950  -58.88530     -1.192    1456.51    328.000    324.581    -0.9269    -0.9269    -0.0000    -0.9367    -0.9368    -0.0000   2.800659   2.800671   0.000007    34.4729    34.4731     6.3351    27.7238    27.7239    34.4730    27.7238    1449.46    1449.46    -0.9365  1029.2974    34.6416 0.0000e+00
      72258 315.302450  -62.70950  -58.88530     -1.102    1456.51    327.000    323.593    -0.9266    -0.9262     0.0005    -0.9364    -0.9359     0.0005   2.800645   2.800687   0.000043    34.4730    34.4730     6.3340    27.7238    27.7238    34.4731    27.7239    1449.44    1449.45    -0.9361  1029.2927    34.6417 0.0000e+00
      72289 315.302465  -62.70950  -58.88530     -0.859    1456.51    326.000    322.607    -0.9231    -0.9218     0.0013    -0.9329    -0.9315     0.0013   2.800891   2.801030   0.000133    34.4726    34.4729     6.3217    27.7234    27.7236    34.4730    27.7237    1449.45    1449.45    -0.9326  1029.2878    34.6416 0.0000e+00
      72322 315.302481  -62.70950  -58.88528     -0.721    1456.51    325.000    321.611    -0.9197    -0.9199    -0.0001    -0.9295    -0.9296    -0.0001   2.801111   2.801119   0.000013    34.4725    34.4728     6.3297    27.7231    27.7234    34.4728    27.7234    1449.45    1449.45    -0.9292  1029.2826    34.6414 0.0000e+00
      72351 315.302495  -62.70952  -58.88528     -0.789    1456.51    324.000    320.626    -0.9199    -0.9201    -0.0002    -0.9297    -0.9298    -0.0002   2.801040   2.801041   0.000002    34.4727    34.4729     6.3359    27.7233    27.7235    34.4727    27.7233    1449.43    1449.43    -0.9294  1029.2764    34.6396 0.0000e+00
      72373 315.302506 -9.990e-29  -58.88528     -0.941    1456.51    323.000    319.637    -0.9208    -0.9209    -0.0000    -0.9305    -0.9306    -0.0000   2.800937   2.800939   0.000002    34.4728    34.4729     6.3242    27.7235    27.7235    34.4729    27.7235    1449.41    1449.40    -0.9302  1029.2684    34.6354 0.0000e+00
      72393 315.302515 -9.990e-29  -58.88528     -1.103    1456.51    322.000    318.649    -0.9213    -0.9217    -0.0004    -0.9309    -0.9313    -0.0004   2.800844   2.800814  -0.000030    34.4728    34.4728     6.3197    27.7234    27.7235    34.4728    27.7235    1449.39    1449.39    -0.9307  1029.2636    34.6354 0.0000e+00
      72411 315.302524 -9.990e-29  -58.88528     -1.239    1456.51    321.000    317.660    -0.9210    -0.9211    -0.0001    -0.9306    -0.9306    -0.0001   2.800832   2.800834   0.000007    34.4727    34.4729     6.3266    27.7234    27.7235    34.4729    27.7235    1449.37    1449.37    -0.9303  1029.2589    34.6354 0.0000e+00
      72430 315.302533 -9.990e-29  -58.88527     -1.303    1456.51    320.000    316.671    -0.9203    -0.9198     0.0005    -0.9299    -0.9293     0.0005   2.800857   2.800914   0.000051    34.4728    34.4729     6.3356    27.7234    27.7234    34.4730    27.7236    1449.36    1449.36    -0.9296  1029.2542    34.6356 0.0000e+00
      72457 315.302546  -62.70954  -58.88526     -1.079    1456.51    319.000    315.682    -0.9184    -0.9181     0.0003    -0.9279    -0.9276     0.0003   2.800951   2.801005   0.000055    34.4726    34.4729     6.3361    27.7231    27.7234    34.4728    27.7233    1449.35    1449.35    -0.9277  1029.2517    34.6386 0.0000e+00
      72490 315.302562  -62.70954  -58.88524     -0.728    1456.51    318.000    314.693    -0.9175    -0.9176    -0.0001    -0.9270    -0.9271    -0.0001   2.800978   2.800989   0.000013    34.4726    34.4729     6.3245    27.7232    27.7234    34.4727    27.7232    1449.34    1449.34    -0.9268  1029.2492    34.6414 0.0000e+00
      72518 315.302576  -62.70954  -58.88524     -0.787    1456.51    317.000    313.704    -0.9180    -0.9184    -0.0004    -0.9275    -0.9278    -0.0004   2.800894   2.800873  -0.000018    34.4727    34.4729     6.3322    27.7232    27.7234    34.4727    27.7233    1449.32    1449.32    -0.9272  1029.2444    34.6413 0.0000e+00
      72541 315.302587  -62.70954  -58.88524     -0.956    1456.51    316.000    312.716    -0.9181    -0.9181     0.0000    -0.9276    -0.9276     0.0000   2.800821   2.800849   0.000019    34.4725    34.4728     6.3333    27.7231    27.7233    34.4725    27.7231    1449.30    1449.30    -0.9273  1029.2395    34.6411 0.0000e+00
      72565 315.302599  -62.70954  -58.88524     -1.027    1456.51    315.000    311.727    -0.9174    -0.9164     0.0011    -0.9268    -0.9258     0.0011   2.800851   2.800956   0.000101    34.4725    34.4727     6.3199    27.7231    27.7232    34.4728    27.7232    1449.29    1449.30    -0.9266  1029.2348    34.6413 0.0000e+00
      72591 315.302611  -62.70954  -58.88523     -0.954    1456.51    314.000    310.738    -0.9158    -0.9154     0.0003    -0.9252    -0.9248     0.0003   2.800949   2.800986   0.000041    34.4726    34.4728     6.3183    27.7231    27.7232    34.4728    27.7232    1449.28    1449.28    -0.9249  1029.2301    34.6414 0.0000e+00
      72617 315.302624  -62.70954  -58.88522     -0.919    1456.51    313.000    309.749    -0.9146    -0.9146    -0.0000    -0.9240    -0.9240    -0.0000   2.801005   2.801016   0.000013    34.4728    34.4730     6.3265    27.7231    27.7233    34.4729    27.7232    1449.27    1449.27    -0.9237  1029.2253    34.6415 0.0000e+00
      72640 315.302635  -62.70955  -58.88522     -0.981    1456.51    312.000    308.760    -0.9146    -0.9147    -0.0001    -0.9239    -0.9240    -0.0001   2.800966   2.800953  -0.000010    34.4729    34.4728     6.3312    27.7232    27.7232    34.4730    27.7233    1449.26    1449.26    -0.9237  1029.2206    34.6415 0.0000e+00
      72661 315.302645  -62.70956  -58.88522     -1.084    1456.51    311.000    307.772    -0.9146    -0.9146     0.0000    -0.9239    -0.9239     0.0000   2.800915   2.800923   0.000004    34.4729    34.4729     6.3156    27.7232    27.7232    34.4729    27.7233    1449.24    1449.24    -0.9237  1029.2172    34.6433 0.0000e+00
      72682 315.302655  -62.70956 -9.990e-29     -1.154    1456.51    310.000    306.782    -0.9139    -0.9137     0.0002    -0.9232    -0.9230     0.0002   2.800933   2.800948   0.000018    34.4729    34.4729     6.3225    27.7232    27.7232    34.4730    27.7233    1449.23    1449.23    -0.9229  1029.2129    34.6438 0.0000e+00
      72704 315.302665  -62.70956 -9.990e-29     -1.127    1456.51    309.000    305.793    -0.9137    -0.9137     0.0001    -0.9230    -0.9229     0.0001   2.800904   2.800932   0.000021    34.4728    34.4730     6.3364    27.7231    27.7233    34.4730    27.7233    1449.21    1449.21    -0.9227  1029.2081    34.6438 0.0000e+00
      72727 315.302677  -62.70956 -9.990e-29     -1.066    1456.51    308.000    304.804    -0.9104    -0.9091     0.0013    -0.9196    -0.9183     0.0013   2.801168   2.801277   0.000110    34.4728    34.4728     6.3305    27.7230    27.7230    34.4733    27.7234    1449.21    1449.22    -0.9194  1029.2034    34.6442 0.0000e+00
      72752 315.302689  -62.70956  -58.88520     -0.999    1456.51    307.000    303.819    -0.9054    -0.9033     0.0021    -0.9146    -0.9125     0.0021   2.801536   2.801733   0.000188    34.4725    34.4726     6.3218    27.7226    27.7226    34.4733    27.7232    1449.22    1449.23    -0.9144  1029.1962    34.6413 0.0000e+00
      72777 315.302701 -9.990e-29  -58.88520     -0.959    1456.51    306.000    302.822    -0.8995    -0.8988     0.0007    -0.9087    -0.9080     0.0007   2.801920   2.801982   0.000065    34.4718    34.4719     6.3266    27.7218    27.7218    34.4724    27.7222    1449.23    1449.23    -0.9084  1029.1860    34.6350 0.0000e+00
      72801 315.302712 -9.990e-29  -58.88520     -0.985    1456.51    305.000    301.838    -0.8994    -0.8997    -0.0002    -0.9086    -0.9089    -0.0002   2.801836   2.801797  -0.000034    34.4716    34.4714     6.3325    27.7215    27.7214    34.4718    27.7217    1449.21    1449.21    -0.9083  1029.1807    34.6343 0.0000e+00
      72823 315.302723 -9.990e-29  -58.88518     -1.045    1456.51    304.000    300.849    -0.9004    -0.9006    -0.0002    -0.9095    -0.9097    -0.0002   2.801671   2.801642  -0.000027    34.4711    34.4710     6.3290    27.7212    27.7211    34.4712    27.7213    1449.19    1449.19    -0.9092  1029.1755    34.6338 0.0000e+00
      72844 315.302733 -9.990e-29  -58.88518     -1.115    1456.51    303.000    299.860    -0.9018    -0.9023    -0.0005    -0.9109    -0.9113    -0.0005   2.801459   2.801412  -0.000041    34.4705    34.4705     6.3252    27.7208    27.7208    34.4706    27.7208    1449.17    1449.16    -0.9106  1029.1703    34.6331 0.0000e+00
      72866 315.302744  -62.70958  -58.88518     -1.108    1456.51    302.000    298.871    -0.9031    -0.9042    -0.0011    -0.9121    -0.9132    -0.0011   2.801292   2.801167  -0.000110    34.4705    34.4702     6.3173    27.7208    27.7206    34.4704    27.7207    1449.14    1449.14    -0.9119  1029.1702    34.6388 0.0000e+00
      72890 315.302755  -62.70958  -58.88518     -1.023    1456.51    301.000    297.882    -0.9055    -0.9066    -0.0012    -0.9145    -0.9156    -0.0011   2.801005   2.800919  -0.000096    34.4700    34.4700     6.3257    27.7205    27.7206    34.4698    27.7204    1449.12    1449.11    -0.9142  1029.1652    34.6384 0.0000e+00
      72914 315.302767  -62.70958  -58.88518     -1.007    1456.51    300.000    296.893    -0.9072    -0.9074    -0.0001    -0.9161    -0.9163    -0.0001   2.800805   2.800790  -0.000012    34.4699    34.4698     6.3306    27.7205    27.7205    34.4697    27.7204    1449.09    1449.09    -0.9159  1029.1604    34.6383 0.0000e+00
      72936 315.302777  -62.70958  -58.88517     -1.049    1456.51    299.000    295.904    -0.9081    -0.9091    -0.0009    -0.9171    -0.9180    -0.0009   2.800621   2.800569  -0.000066    34.4694    34.4696     6.3303    27.7201    27.7203    34.4689    27.7197    1449.07    1449.07    -0.9168  1029.1550    34.6374 0.0000e+00
      72956 315.302787  -62.70959  -58.88516     -1.122    1456.51    298.000    294.915    -0.9135    -0.9144    -0.0009    -0.9224    -0.9232    -0.0009   2.800039   2.799946  -0.000068    34.4687    34.4688     6.3387    27.7198    27.7198    34.4678    27.7190    1449.03    1449.02    -0.9222  1029.1496    34.6363 0.0000e+00
      72979 315.302798  -62.70960  -58.88516     -1.129    1456.51    297.000    293.926    -0.9185    -0.9203    -0.0018    -0.9273    -0.9291    -0.0018   2.799589   2.799413  -0.000162    34.4686    34.4684     6.3503    27.7199    27.7198    34.4680    27.7194    1448.99    1448.98    -0.9271  1029.1452    34.6365 0.0000e+00
      73005 315.302811  -62.70960  -58.88516     -0.980    1456.51    296.000    292.938    -0.9233    -0.9256    -0.0023    -0.9321    -0.9344    -0.0023   2.799047   2.798847  -0.000206    34.4677    34.4676     6.3550    27.7194    27.7193    34.4667    27.7186    1448.95    1448.93    -0.9319  1029.1397    34.6352 0.0000e+00
      73033 315.302824  -62.70960  -58.88516     -0.864    1456.51    295.000    291.949    -0.9284    -0.9294    -0.0010    -0.9372    -0.9381    -0.0010   2.798528   2.798461  -0.000071    34.4670    34.4671     6.3554    27.7189    27.7191    34.4661    27.7183    1448.90    1448.90    -0.9369  1029.1347    34.6346 0.0000e+00
      73056 315.302835  -62.70960  -58.88515     -0.939    1456.51    294.000    290.960    -0.9304    -0.9311    -0.0008    -0.9390    -0.9398    -0.0008   2.798309   2.798254  -0.000054    34.4667    34.4669     6.3604    27.7188    27.7190    34.4660    27.7182    1448.88    1448.88    -0.9388  1029.1299    34.6344 0.0000e+00
