Pos-Processados/process_op41/Processamento_split/up/uoperantar41_008.cnv
* Sea-Bird SBE 9 Data File:
* FileName = C:\Users\Dell\Desktop\OperantarXLI\config\00_BRUTOS\OP41008.hdr
* Software Version Seasave V 7.26.7.110
* Temperature SN = 6497
* Conductivity SN = 4954
* Number of Bytes Per Scan = 31
* Number of Voltage Words = 2
* Number of Scans Averaged by the Deck Unit = 1
* NMEA Latitude = 42 30.30 S
* NMEA Longitude = 052 37.08 W
* NMEA UTC (Time) = Oct 22 2022 23:44:28
* NMEA baud rate = 4800
** H41
** Navio Polar Almirante Maximiano
** LH-021/2022
** Operantar XLI
** Número da Estação 008
** Latitude 42 30.175S
** Longitude 52 36.384
** Data/Hora (Z) 22/10/2022 2343Z
** Profundidade local 5665
** 09-1439
** Nome do Operador 1T FILIPE LOPES
# nquan = 30
# nvalues = 1021                        
# units = specified
# name 0 = scan: Scan Count
# name 1 = timeJ: Julian Days
# name 2 = latitude: Latitude [deg]
# name 3 = longitude: Longitude [deg]
# name 4 = dz/dtM: Descent Rate [m/s]
# name 5 = avgsvCM: Average Sound Velocity [Chen-Millero, m/s]
# name 6 = prDM: Pressure, Digiquartz [db]
# name 7 = depSM: Depth [salt water, m]
# name 8 = t090C: Temperature [ITS-90, deg C]
# name 9 = t190C: Temperature, 2 [ITS-90, deg C]
# name 10 = T2-T190C: Temperature Difference, 2 - 1 [ITS-90, deg C]
# name 11 = potemp090C: Potential Temperature [ITS-90, deg C]
# name 12 = potemp190C: Potential Temperature, 2 [ITS-90, deg C]
# name 13 = potemp90Cdiff: Potential Temperature, Diff, 2 - 1 [ITS-90, deg C]
# name 14 = c0S/m: Conductivity [S/m]
# name 15 = c1S/m: Conductivity, 2 [S/m]
# name 16 = C2-C1S/m: Conductivity Difference, 2 - 1 [S/m]
# name 17 = sal00: Salinity, Practical [PSU]
# name 18 = sal11: Salinity, Practical, 2 [PSU]
# name 19 = sbeox0ML/L: Oxygen, SBE 43 [ml/l]
# name 20 = sigma-é00: Density [sigma-theta, kg/m^3]
# name 21 = sigma-é11: Density, 2 [sigma-theta, kg/m^3]
# name 22 = sal00: Salinity, Practical [PSU]
# name 23 = sigma-é00: Density [sigma-theta, kg/m^3]
# name 24 = svCM: Sound Velocity [Chen-Millero, m/s]
# name 25 = svCM1: Sound Velocity, 2 [Chen-Millero, m/s]
# name 26 = gsw_ptA0: potential temperature [ITS-90, deg C]
# name 27 = gsw_densityA0: density, TEOS-10 [density, kg/m^3]
# name 28 = gsw_saA0: Absolute Salinity [g/kg]
# name 29 = flag:
# span 0 =      31017,      68183       
# span 1 = 296.004170, 296.022094       
# span 2 =  -42.50855,  -42.50696       
# span 3 =  -52.65680,  -52.63625       
# span 4 =     -1.861,     -0.050       
# span 5 =    1479.23,    1479.23       
# span 6 =      2.000,   1022.000       
# span 7 =      1.984,   1011.453       
# span 8 =     3.0798,    13.9098       
# span 9 =     3.0804,    13.8953       
# span 10 =    -1.1762,     0.0567      
# span 11 =     3.0098,    13.9093      
# span 12 =     3.0105,    13.8949      
# span 13 =    -1.1758,     0.0566      
# span 14 =   3.164762,   4.160909      
# span 15 =   3.164821,   4.160878      
# span 16 =  -0.019916,   0.006170      
# span 17 =    34.1350,    35.0116      
# span 18 =    34.1354,    36.0334      
# span 19 =     4.3688,     6.1815      
# span 20 =    26.0307,    27.3625      
# span 21 =    26.0434,    27.5744      
# span 22 =    34.1358,    35.0194      
# span 23 =    26.0312,    27.3624      
# span 24 =    1474.42,    1502.99      
# span 25 =    1474.43,    1502.94      
# span 26 =     3.0097,    13.9093      
# span 27 =  1026.0448,  1032.0952      
# span 28 =    34.2974,    35.1849      
# span 29 = 0.0000e+00, 0.0000e+00      
# interval = decibars: 1                
# start_time = Oct 22 2022 23:44:28 [NMEA time, header]
# bad_flag = -9.990e-29
*END*
[from data line 484]
      47423 296.012083  -42.50760  -52.64554     -1.105    1479.23    538.000    533.062     4.1509     4.1505    -0.0004     4.1117     4.1114    -0.0004   3.221330   3.221322   0.000006    34.1504    34.1508     5.7356    27.0987    27.0991    34.1508    27.0991    1474.98    1474.97     4.1117  1029.5890    34.3132 0.0000e+00
      47444 296.012092  -42.50760  -52.64555     -1.205    1479.23    537.000    532.073     4.1518     4.1522     0.0003     4.1128     4.1131     0.0003   3.221349   3.221449   0.000077    34.1503    34.1509     5.7363    27.0986    27.0990    34.1506    27.0988    1474.97    1474.97     4.1127  1029.5841    34.3130 0.0000e+00
      47468 296.012104  -42.50760  -52.64556     -1.097    1479.23    536.000    531.083     4.1512     4.1540     0.0028     4.1122     4.1150     0.0028   3.221243   3.221530   0.000275    34.1503    34.1506     5.7399    27.0986    27.0986    34.1505    27.0988    1474.95    1474.96     4.1121  1029.5795    34.3129 0.0000e+00
      47497 296.012118  -42.50759  -52.64557     -0.889    1479.23    535.000    530.094     4.1519     4.1552     0.0032     4.1130     4.1162     0.0032   3.221293   3.221587   0.000300    34.1504    34.1506     5.7499    27.0986    27.0984    34.1509    27.0990    1474.93    1474.95     4.1129  1029.5751    34.3132 0.0000e+00
      47528 296.012133  -42.50758  -52.64560     -0.781    1479.23    534.000    529.104     4.1549     4.1567     0.0019     4.1160     4.1179     0.0019   3.221453   3.221654   0.000194    34.1499    34.1502     5.7470    27.0979    27.0980    34.1503    27.0982    1474.93    1474.94     4.1159  1029.5697    34.3126 0.0000e+00
      47558 296.012148  -42.50760  -52.64561     -0.779    1479.23    533.000    528.115     4.1579     4.1603     0.0024     4.1191     4.1215     0.0024   3.221649   3.221896   0.000237    34.1495    34.1498     5.7562    27.0973    27.0973    34.1500    27.0976    1474.92    1474.93     4.1190  1029.5645    34.3123 0.0000e+00
      47590 296.012163  -42.50760  -52.64563     -0.776    1479.23    532.000    527.125     4.1604     4.1627     0.0023     4.1217     4.1240     0.0023   3.221788   3.222025   0.000245    34.1489    34.1495     5.7552    27.0965    27.0967    34.1495    27.0970    1474.92    1474.93     4.1216  1029.5592    34.3118 0.0000e+00
      47619 296.012177  -42.50760  -52.64566     -0.792    1479.23    531.000    526.136     4.1632     4.1641     0.0010     4.1245     4.1255     0.0010   3.221942   3.222046   0.000114    34.1486    34.1489     5.7567    27.0960    27.0961    34.1490    27.0963    1474.91    1474.92     4.1244  1029.5538    34.3113 0.0000e+00
      47645 296.012189  -42.50760  -52.64566     -0.881    1479.23    530.000    525.146     4.1633     4.1633     0.0000     4.1247     4.1247     0.0000   3.221836   3.221860   0.000039    34.1479    34.1484     5.7483    27.0954    27.0958    34.1481    27.0956    1474.89    1474.89     4.1246  1029.5485    34.3104 0.0000e+00
      47670 296.012201  -42.50760  -52.64568     -0.959    1479.23    529.000    524.156     4.1624     4.1609    -0.0015     4.1239     4.1224    -0.0015   3.221683   3.221530  -0.000144    34.1476    34.1475     5.7534    27.0953    27.0953    34.1478    27.0954    1474.87    1474.87     4.1238  1029.5438    34.3101 0.0000e+00
      47700 296.012216  -42.50760  -52.64570     -0.859    1479.23    528.000    523.167     4.1618     4.1597    -0.0021     4.1233     4.1213    -0.0020   3.221581   3.221353  -0.000219    34.1477    34.1472     5.7715    27.0954    27.0952    34.1477    27.0954    1474.85    1474.85     4.1233  1029.5392    34.3100 0.0000e+00
      47738 296.012234  -42.50760  -52.64571     -0.641    1479.23    527.000    522.177     4.1593     4.1588    -0.0005     4.1210     4.1205    -0.0005   3.221227   3.221187  -0.000047    34.1466    34.1466     5.7809    27.0948    27.0948    34.1466    27.0947    1474.83    1474.82     4.1209  1029.5340    34.3089 0.0000e+00
      47776 296.012252  -42.50760  -52.64573     -0.629    1479.23    526.000    521.188     4.1601     4.1612     0.0011     4.1218     4.1229     0.0011   3.221190   3.221295   0.000099    34.1458    34.1458     5.7759    27.0940    27.0940    34.1459    27.0941    1474.81    1474.82     4.1217  1029.5287    34.3082 0.0000e+00
      47809 296.012268  -42.50760  -52.64575     -0.718    1479.23    525.000    520.198     4.1615     4.1621     0.0005     4.1233     4.1239     0.0005   3.221217   3.221271   0.000056    34.1451    34.1452     5.7759    27.0933    27.0934    34.1452    27.0934    1474.80    1474.80     4.1232  1029.5234    34.3075 0.0000e+00
      47838 296.012282  -42.50760  -52.64578     -0.785    1479.23    524.000    519.208     4.1619     4.1611    -0.0008     4.1237     4.1230    -0.0008   3.221131   3.221070  -0.000054    34.1445    34.1446     5.7818    27.0928    27.0930    34.1444    27.0927    1474.78    1474.78     4.1237  1029.5181    34.3067 0.0000e+00
      47861 296.012294  -42.50760  -52.64578     -0.920    1479.23    523.000    518.219     4.1605     4.1603    -0.0002     4.1225     4.1223    -0.0002   3.220882   3.220868  -0.000017    34.1435    34.1435     5.7858    27.0921    27.0922    34.1434    27.0920    1474.76    1474.76     4.1224  1029.5128    34.3057 0.0000e+00
      47882 296.012304  -42.50760  -52.64580     -1.067    1479.23    522.000    517.229     4.1606     4.1604    -0.0001     4.1226     4.1225    -0.0001   3.220788   3.220818   0.000036    34.1426    34.1432     5.7907    27.0914    27.0919    34.1427    27.0915    1474.74    1474.74     4.1225  1029.5077    34.3050 0.0000e+00
      47904 296.012314  -42.50760  -52.64580     -1.143    1479.23    521.000    516.239     4.1614     4.1619     0.0005     4.1235     4.1240     0.0005   3.220794   3.220888   0.000081    34.1425    34.1429     5.7929    27.0912    27.0915    34.1424    27.0912    1474.73    1474.73     4.1234  1029.5028    34.3047 0.0000e+00
      47929 296.012326  -42.50760  -52.64581     -1.038    1479.23    520.000    515.250     4.1614     4.1632     0.0017     4.1236     4.1254     0.0017   3.220756   3.220947   0.000174    34.1425    34.1427     5.7937    27.0912    27.0912    34.1425    27.0912    1474.72    1474.72     4.1235  1029.4982    34.3048 0.0000e+00
      47961 296.012342  -42.50760  -52.64584     -0.795    1479.23    519.000    514.260     4.1624     4.1641     0.0018     4.1246     4.1264     0.0018   3.220789   3.220941   0.000163    34.1423    34.1423     5.8022    27.0910    27.0908    34.1424    27.0911    1474.70    1474.71     4.1246  1029.4934    34.3047 0.0000e+00
      47995 296.012358  -42.50762  -52.64586     -0.694    1479.23    518.000    513.271     4.1640     4.1642     0.0001     4.1264     4.1265     0.0001   3.220845   3.220897   0.000051    34.1417    34.1422     5.8010    27.0903    27.0907    34.1418    27.0904    1474.69    1474.69     4.1263  1029.4882    34.3041 0.0000e+00
      48026 296.012373  -42.50762  -52.64587     -0.765    1479.23    517.000    512.281     4.1641     4.1642     0.0001     4.1266     4.1267     0.0001   3.220801   3.220844   0.000046    34.1417    34.1421     5.8011    27.0903    27.0906    34.1418    27.0903    1474.68    1474.68     4.1265  1029.4835    34.3040 0.0000e+00
      48053 296.012386  -42.50762  -52.64590     -0.856    1479.23    516.000    511.291     4.1643     4.1647     0.0004     4.1268     4.1272     0.0004   3.220746   3.220823   0.000073    34.1414    34.1418     5.7995    27.0900    27.0904    34.1414    27.0900    1474.66    1474.66     4.1267  1029.4786    34.3037 0.0000e+00
      48078 296.012398  -42.50762  -52.64590     -0.933    1479.23    515.000    510.302     4.1649     4.1655     0.0006     4.1275     4.1281     0.0006   3.220727   3.220825   0.000093    34.1411    34.1415     5.8084    27.0897    27.0900    34.1412    27.0898    1474.65    1474.65     4.1274  1029.4737    34.3034 0.0000e+00
      48104 296.012411  -42.50762  -52.64592     -0.935    1479.23    514.000    509.312     4.1656     4.1661     0.0005     4.1283     4.1288     0.0005   3.220725   3.220790   0.000071    34.1408    34.1411     5.8001    27.0894    27.0896    34.1409    27.0895    1474.63    1474.63     4.1282  1029.4688    34.3032 0.0000e+00
      48139 296.012427  -42.50762  -52.64594     -0.747    1479.23    513.000    508.323     4.1657     4.1668     0.0011     4.1285     4.1295     0.0010   3.220668   3.220772   0.000103    34.1405    34.1406     5.7957    27.0891    27.0891    34.1406    27.0892    1474.61    1474.62     4.1284  1029.4639    34.3028 0.0000e+00
      48175 296.012445  -42.50762  -52.64596     -0.632    1479.23    512.000    507.333     4.1672     4.1675     0.0004     4.1299     4.1303     0.0004   3.220688   3.220767   0.000083    34.1397    34.1403     5.8072    27.0884    27.0888    34.1399    27.0885    1474.60    1474.61     4.1299  1029.4586    34.3021 0.0000e+00
      48202 296.012458  -42.50762  -52.64598     -0.797    1479.23    511.000    506.343     4.1694     4.1693    -0.0001     4.1323     4.1321    -0.0001   3.220783   3.220830   0.000048    34.1390    34.1397     5.8160    27.0875    27.0881    34.1392    27.0877    1474.60    1474.60     4.1322  1029.4532    34.3014 0.0000e+00
      48225 296.012469  -42.50762  -52.64598     -0.989    1479.23    510.000    505.353     4.1704     4.1700    -0.0003     4.1333     4.1330    -0.0003   3.220793   3.220821   0.000029    34.1387    34.1394     5.8218    27.0872    27.0878    34.1388    27.0873    1474.58    1474.58     4.1332  1029.4482    34.3011 0.0000e+00
      48248 296.012480  -42.50762  -52.64600     -1.056    1479.23    509.000    504.364     4.1708     4.1710     0.0002     4.1338     4.1340     0.0002   3.220766   3.220840   0.000069    34.1385    34.1391     5.8193    27.0870    27.0874    34.1386    27.0871    1474.57    1474.57     4.1337  1029.4434    34.3009 0.0000e+00
      48279 296.012495  -42.50762  -52.64602     -0.875    1479.23    508.000    503.374     4.1703     4.1717     0.0014     4.1334     4.1348     0.0014   3.220694   3.220838   0.000139    34.1386    34.1388     5.8259    27.0871    27.0872    34.1387    27.0872    1474.55    1474.55     4.1333  1029.4389    34.3010 0.0000e+00
      48318 296.012514  -42.50762  -52.64604     -0.603    1479.23    507.000    502.384     4.1727     4.1736     0.0008     4.1359     4.1367     0.0008   3.220809   3.220928   0.000119    34.1379    34.1385     5.8357    27.0863    27.0867    34.1381    27.0865    1474.54    1474.55     4.1358  1029.4335    34.3004 0.0000e+00
      48347 296.012528  -42.50762  -52.64606     -0.723    1479.23    506.000    501.395     4.1759     4.1769     0.0009     4.1392     4.1401     0.0009   3.220998   3.221113   0.000118    34.1372    34.1376     5.8320    27.0854    27.0856    34.1376    27.0857    1474.54    1474.54     4.1391  1029.4281    34.2998 0.0000e+00
      48368 296.012538  -42.50762  -52.64606     -0.981    1479.23    505.000    500.405     4.1781     4.1782     0.0001     4.1414     4.1415     0.0001   3.221110   3.221159   0.000057    34.1367    34.1373     5.8339    27.0848    27.0852    34.1372    27.0852    1474.53    1474.53     4.1413  1029.4229    34.2994 0.0000e+00
      48386 296.012547  -42.50764  -52.64608     -1.198    1479.23    504.000    499.415     4.1794     4.1793    -0.0001     4.1427     4.1426    -0.0001   3.221169   3.221201   0.000030    34.1367    34.1371     5.8356    27.0846    27.0850    34.1370    27.0849    1474.52    1474.52     4.1427  1029.4180    34.2992 0.0000e+00
      48405 296.012556  -42.50764  -52.64609     -1.280    1479.23    503.000    498.426     4.1817     4.1807    -0.0010     4.1451     4.1441    -0.0010   3.221343   3.221277  -0.000035    34.1365    34.1371     5.8345    27.0842    27.0848    34.1372    27.0848    1474.51    1474.51     4.1450  1029.4133    34.2994 0.0000e+00
      48430 296.012568  -42.50764  -52.64611     -1.127    1479.23    502.000    497.436     4.1837     4.1863     0.0026     4.1472     4.1498     0.0026   3.221406   3.221730   0.000281    34.1364    34.1370     5.8342    27.0839    27.0841    34.1364    27.0839    1474.50    1474.52     4.1471  1029.4078    34.2986 0.0000e+00
      48470 296.012587  -42.50763  -52.64613     -0.660    1479.23    501.000    496.446     4.1881     4.1937     0.0055     4.1517     4.1572     0.0055   3.221810   3.222312   0.000494    34.1361    34.1362     5.8435    27.0833    27.0828    34.1371    27.0840    1474.51    1474.53     4.1516  1029.4032    34.2993 0.0000e+00
      48519 296.012611  -42.50762  -52.64615     -0.473    1479.23    500.000    495.456     4.1998     4.2016     0.0017     4.1634     4.1651     0.0017   3.222822   3.223075   0.000247    34.1364    34.1375     5.8496    27.0822    27.0830    34.1374    27.0830    1474.54    1474.55     4.1633  1029.3975    34.2996 0.0000e+00
      48551 296.012627  -42.50762  -52.64617     -0.680    1479.23    499.000    494.467     4.2110     4.2119     0.0009     4.1746     4.1755     0.0009   3.223839   3.223980   0.000167    34.1369    34.1379     5.8455    27.0815    27.0822    34.1383    27.0826    1474.57    1474.57     4.1745  1029.3923    34.3005 0.0000e+00
      48578 296.012639  -42.50764  -52.64618     -0.857    1479.23    498.000    493.477     4.2163     4.2180     0.0017     4.1800     4.1817     0.0017   3.224269   3.224551   0.000243    34.1375    34.1386     5.8532    27.0813    27.0821    34.1384    27.0821    1474.58    1474.59     4.1799  1029.3871    34.3006 0.0000e+00
      48603 296.012651  -42.50764  -52.64620     -0.947    1479.23    497.000    492.487     4.2194     4.2224     0.0030     4.1831     4.1861     0.0030   3.224541   3.224860   0.000331    34.1377    34.1386     5.8504    27.0812    27.0816    34.1389    27.0822    1474.57    1474.59     4.1830  1029.3826    34.3011 0.0000e+00
      48627 296.012663  -42.50764  -52.64622     -0.975    1479.23    496.000    491.497     4.2230     4.2248     0.0018     4.1868     4.1886     0.0018   3.224782   3.224981   0.000219    34.1376    34.1383     5.8479    27.0807    27.0811    34.1386    27.0815    1474.57    1474.58     4.1867  1029.3773    34.3008 0.0000e+00
      48650 296.012674  -42.50764  -52.64624     -1.010    1479.23    495.000    490.508     4.2243     4.2252     0.0009     4.1882     4.1891     0.0009   3.224857   3.224967   0.000118    34.1378    34.1382     5.8512    27.0807    27.0810    34.1386    27.0814    1474.56    1474.57     4.1881  1029.3725    34.3008 0.0000e+00
      48674 296.012686  -42.50764  -52.64624     -1.021    1479.23    494.000    489.518     4.2249     4.2248    -0.0001     4.1888     4.1887    -0.0001   3.224830   3.224847   0.000023    34.1376    34.1379     5.8517    27.0805    27.0808    34.1382    27.0810    1474.55    1474.55     4.1888  1029.3675    34.3004 0.0000e+00
      48704 296.012700  -42.50764  -52.64626     -0.886    1479.23    493.000    488.529     4.2225     4.2241     0.0016     4.1865     4.1882     0.0016   3.224584   3.224702   0.000116    34.1379    34.1376     5.8582    27.0810    27.0806    34.1383    27.0813    1474.52    1474.53     4.1865  1029.3633    34.3005 0.0000e+00
      48742 296.012719  -42.50764  -52.64628     -0.630    1479.23    492.000    487.539     4.2236     4.2241     0.0005     4.1877     4.1882     0.0005   3.224569   3.224607   0.000042    34.1370    34.1370     5.8564    27.0802    27.0801    34.1375    27.0805    1474.51    1474.51     4.1876  1029.3579    34.2997 0.0000e+00
