Pos-Processados/process_op41/Processamento_split/up/uoperantar41_020.cnv
* Sea-Bird SBE 9 Data File:
* FileName = C:\Users\Dell\Desktop\OperantarXLI\config\00_BRUTOS\OPE41020.hdr
* Software Version Seasave V 7.26.7.110
* Temperature SN = 6497
* Conductivity SN = 4954
* Number of Bytes Per Scan = 34
* Number of Voltage Words = 3
* Number of Scans Averaged by the Deck Unit = 1
* NMEA Latitude = 62 42.00 S
* NMEA Longitude = 058 53.83 W
* NMEA UTC (Time) = Nov 11 2022 06:25:21
* NMEA baud rate = 4800
** H41
** Navio Polar Almirante Maximiano
** LH-021/2022
** Operantar XLI
** Número da Estação 020
** Latitude 62´41.887S
** Longitude 058 53.875W
** Data/Hora (Z) 11/11/2022  0620
** Profundidade local 1497
** 09-1439
** Nome do Operador 1T FILIPE LOPES
# nquan = 30
# nvalues = 1500                        
# units = specified
# name 0 = scan: Scan Count
# name 1 = timeJ: Julian Days
# name 2 = latitude: Latitude [deg]
# name 3 = longitude: Longitude [deg]
# name 4 = dz/dtM: Descent Rate [m/s]
# name 5 = avgsvCM: Average Sound Velocity [Chen-Millero, m/s]
# name 6 = prDM: Pressure, Digiquartz [db]
# name 7 = depSM: Depth [salt water, m]
# name 8 = t090C: Temperature [ITS-90, deg C]
# name 9 = t190C: Temperature, 2 [ITS-90, deg C]
# name 10 = T2-T190C: Temperature Difference, 2 - 1 [ITS-90, deg C]
# name 11 = potemp090C: Potential Temperature [ITS-90, deg C]
# name 12 = potemp190C: Potential Temperature, 2 [ITS-90, deg C]
# name 13 = potemp90Cdiff: Potential Temperature, Diff, 2 - 1 [ITS-90, deg C]
# name 14 = c0S/m: Conductivity [S/m]
# name 15 = c1S/m: Conductivity, 2 [S/m]
# name 16 = C2-C1S/m: Conductivity Difference, 2 - 1 [S/m]
# name 17 = sal00: Salinity, Practical [PSU]
# name 18 = sal11: Salinity, Practical, 2 [PSU]
# name 19 = sbeox0ML/L: Oxygen, SBE 43 [ml/l]
# name 20 = sigma-é00: Density [sigma-theta, kg/m^3]
# name 21 = sigma-é11: Density, 2 [sigma-theta, kg/m^3]
# name 22 = sal00: Salinity, Practical [PSU]
# name 23 = sigma-é00: Density [sigma-theta, kg/m^3]
# name 24 = svCM: Sound Velocity [Chen-Millero, m/s]
# name 25 = svCM1: Sound Velocity, 2 [Chen-Millero, m/s]
# name 26 = gsw_ptA0: potential temperature [ITS-90, deg C]
# name 27 = gsw_densityA0: density, TEOS-10 [density, kg/m^3]
# name 28 = gsw_saA0: Absolute Salinity [g/kg]
# name 29 = flag:
# span 0 =      43115,      82912       
# span 1 = 315.288396, 315.307588       
# span 2 =  -62.71099,  -62.70611       
# span 3 =  -58.88985,  -58.88298       
# span 4 =     -1.522,     -0.176       
# span 5 =    1456.51,    1456.51       
# span 6 =      2.000,   1501.000       
# span 7 =      1.973,   1481.199       
# span 8 =    -1.3119,    -0.6299       
# span 9 =    -1.3122,    -0.6299       
# span 10 =    -0.0353,     0.0068      
# span 11 =    -1.3686,    -0.6577      
# span 12 =    -1.3689,    -0.6578      
# span 13 =    -0.0352,     0.0067      
# span 14 =   2.769351,   2.851938      
# span 15 =   2.769351,   2.851945      
# span 16 =  -0.003228,   0.000597      
# span 17 =    34.3491,    34.5567      
# span 18 =    34.3496,    34.5567      
# span 19 =     5.7524,     7.6917      
# span 20 =    27.6235,    27.8075      
# span 21 =    27.6240,    27.8075      
# span 22 =    34.3491,    34.5567      
# span 23 =    27.6235,    27.8075      
# span 24 =    1443.93,    1467.14      
# span 25 =    1443.93,    1467.14      
# span 26 =    -1.3675,    -0.6573      
# span 27 =  1027.6372,  1034.9127      
# span 28 =    34.5124,    34.7287      
# span 29 = 0.0000e+00, 0.0000e+00      
# interval = decibars: 1                
# start_time = Nov 11 2022 06:25:21 [NMEA time, header]
# bad_flag = -9.990e-29
*END*
[from data line 49]
      45071 315.289339  -62.70632  -58.88966     -1.304    1456.51   1452.000   1433.014    -1.2794    -1.2792     0.0003    -1.3340    -1.3337     0.0003   2.826193   2.826206   0.000017    34.5558    34.5557     6.3121    27.8056    27.8055    34.5559    27.8057    1466.47    1466.47    -1.3329  1034.6808    34.7266 0.0000e+00
      45090 315.289348  -62.70632  -58.88966     -1.316    1456.51   1451.000   1432.030    -1.2791    -1.2790     0.0001    -1.3336    -1.3335     0.0001   2.826163   2.826175   0.000007    34.5557    34.5557     6.3053    27.8055    27.8055    34.5556    27.8055    1466.46    1466.46    -1.3325  1034.6759    34.7263 0.0000e+00
      45111 315.289358  -62.70632  -58.88965     -1.230    1456.51   1450.000   1431.047    -1.2792    -1.2789     0.0003    -1.3337    -1.3334     0.0003   2.826106   2.826146   0.000039    34.5556    34.5557     6.3006    27.8054    27.8055    34.5556    27.8054    1466.44    1466.44    -1.3326  1034.6712    34.7262 0.0000e+00
      45135 315.289370  -62.70632  -58.88964     -1.078    1456.51   1449.000   1430.063    -1.2792    -1.2788     0.0005    -1.3337    -1.3332     0.0005   2.826084   2.826109   0.000024    34.5559    34.5557     6.3036    27.8057    27.8055    34.5559    27.8057    1466.42    1466.42    -1.3326  1034.6668    34.7265 0.0000e+00
      45161 315.289383  -62.70632  -58.88964     -0.942    1456.51   1448.000   1429.080    -1.2792    -1.2787     0.0005    -1.3336    -1.3331     0.0005   2.826034   2.826073   0.000039    34.5557    34.5556     6.3043    27.8055    27.8054    34.5557    27.8055    1466.41    1466.41    -1.3325  1034.6620    34.7264 0.0000e+00
      45186 315.289395  -62.70632  -58.88964     -0.927    1456.51   1447.000   1428.096    -1.2786    -1.2785     0.0001    -1.3330    -1.3328     0.0001   2.826041   2.826051   0.000012    34.5557    34.5557     6.3022    27.8055    27.8055    34.5558    27.8055    1466.39    1466.39    -1.3319  1034.6574    34.7264 0.0000e+00
      45207 315.289405  -62.70632  -58.88964     -1.038    1456.51   1446.000   1427.113    -1.2784    -1.2783    -0.0000    -1.3326    -1.3326    -0.0000   2.826016   2.826015  -0.000002    34.5556    34.5556     6.3053    27.8054    27.8054    34.5557    27.8055    1466.38    1466.38    -1.3316  1034.6526    34.7263 0.0000e+00
      45225 315.289414  -62.70632  -58.88964     -1.188    1456.51   1445.000   1426.129    -1.2781    -1.2782    -0.0001    -1.3324    -1.3325    -0.0001   2.825973   2.825994   0.000021    34.5554    34.5557     6.3091    27.8052    27.8055    34.5554    27.8052    1466.36    1466.36    -1.3313  1034.6477    34.7261 0.0000e+00
      45244 315.289423  -62.70634  -58.88964     -1.276    1456.51   1444.000   1425.145    -1.2781    -1.2776     0.0005    -1.3323    -1.3318     0.0005   2.825971   2.825993   0.000024    34.5558    34.5555     6.3076    27.8055    27.8053    34.5559    27.8056    1466.34    1466.35    -1.3312  1034.6434    34.7265 0.0000e+00
      45264 315.289432  -62.70634  -58.88963     -1.252    1456.51   1443.000   1424.162    -1.2778    -1.2774     0.0005    -1.3320    -1.3315     0.0004   2.825933   2.825970   0.000032    34.5557    34.5556     6.3058    27.8054    27.8054    34.5557    27.8054    1466.33    1466.33    -1.3309  1034.6386    34.7263 0.0000e+00
      45286 315.289443  -62.70634  -58.88962     -1.146    1456.51   1442.000   1423.178    -1.2777    -1.2775     0.0003    -1.3318    -1.3316     0.0003   2.825902   2.825919   0.000021    34.5557    34.5556     6.3016    27.8054    27.8054    34.5557    27.8055    1466.31    1466.31    -1.3307  1034.6340    34.7263 0.0000e+00
      45309 315.289454  -62.70634  -58.88962     -1.081    1456.51   1441.000   1422.195    -1.2777    -1.2777     0.0001    -1.3317    -1.3317     0.0001   2.825859   2.825870   0.000007    34.5557    34.5557     6.3005    27.8055    27.8054    34.5557    27.8054    1466.29    1466.30    -1.3307  1034.6293    34.7263 0.0000e+00
      45332 315.289465  -62.70634  -58.88962     -1.045    1456.51   1440.000   1421.211    -1.2778    -1.2778    -0.0000    -1.3318    -1.3318    -0.0000   2.825819   2.825813 8.2020e-07    34.5557    34.5557     6.3035    27.8055    27.8055    34.5558    27.8055    1466.28    1466.28    -1.3307  1034.6247    34.7264 0.0000e+00
      45358 315.289478  -62.70634  -58.88962     -0.962    1456.51   1439.000   1420.227    -1.2778    -1.2777     0.0001    -1.3318    -1.3316     0.0001   2.825770   2.825771 8.1815e-07    34.5557    34.5556     6.3099    27.8055    27.8054    34.5557    27.8055    1466.26    1466.26    -1.3307  1034.6200    34.7264 0.0000e+00
      45383 315.289490  -62.70634  -58.88962     -0.922    1456.51   1438.000   1419.244    -1.2776    -1.2776     0.0000    -1.3315    -1.3315     0.0000   2.825754   2.825738  -0.000017    34.5558    34.5556     6.3120    27.8055    27.8053    34.5559    27.8056    1466.24    1466.25    -1.3304  1034.6154    34.7265 0.0000e+00
      45404 315.289500  -62.70634  -58.88961     -1.048    1456.51   1437.000   1418.260    -1.2771    -1.2773    -0.0002    -1.3309    -1.3311    -0.0002   2.825731   2.825728   0.000001    34.5554    34.5557     6.2999    27.8052    27.8054    34.5555    27.8052    1466.23    1466.23    -1.3299  1034.6104    34.7261 0.0000e+00
      45421 315.289508  -62.70634  -58.88960     -1.228    1456.51   1436.000   1417.277    -1.2768    -1.2771    -0.0003    -1.3306    -1.3309    -0.0003   2.825726   2.825702  -0.000027    34.5557    34.5557     6.2912    27.8054    27.8054    34.5557    27.8054    1466.22    1466.21    -1.3295  1034.6059    34.7263 0.0000e+00
      45436 315.289515  -62.70636  -58.88960     -1.394    1456.51   1435.000   1416.293    -1.2755    -1.2757    -0.0001    -1.3293    -1.3294    -0.0001   2.825780   2.825794   0.000011    34.5553    34.5556     6.2925    27.8050    27.8053    34.5555    27.8052    1466.21    1466.21    -1.3282  1034.6010    34.7261 0.0000e+00
      45453 315.289523  -62.70636  -58.88960     -1.482    1456.51   1434.000   1415.310    -1.2753    -1.2740     0.0014    -1.3291    -1.3277     0.0014   2.825745   2.825886   0.000114    34.5555    34.5555     6.3032    27.8052    27.8051    34.5554    27.8051    1466.19    1466.20    -1.3280  1034.5962    34.7260 0.0000e+00
      45472 315.289533  -62.70636  -58.88960     -1.421    1456.51   1433.000   1414.326    -1.2752    -1.2732     0.0021    -1.3289    -1.3268     0.0020   2.825732   2.825895   0.000175    34.5554    34.5554     6.3070    27.8051    27.8051    34.5556    27.8053    1466.17    1466.18    -1.3278  1034.5917    34.7262 0.0000e+00
      45496 315.289544  -62.70636  -58.88960     -1.141    1456.51   1432.000   1413.342    -1.2744    -1.2726     0.0018    -1.3280    -1.3263     0.0018   2.825754   2.825899   0.000134    34.5555    34.5553     6.3026    27.8052    27.8050    34.5556    27.8052    1466.16    1466.17    -1.3269  1034.5870    34.7262 0.0000e+00
      45523 315.289557  -62.70636  -58.88959     -0.888    1456.51   1431.000   1412.359    -1.2733    -1.2712     0.0021    -1.3269    -1.3248     0.0021   2.825820   2.825963   0.000146    34.5556    34.5551     6.3052    27.8052    27.8048    34.5559    27.8054    1466.15    1466.16    -1.3258  1034.5824    34.7265 0.0000e+00
      45547 315.289569  -62.70636  -58.88958     -0.955    1456.51   1430.000   1411.375    -1.2709    -1.2704     0.0005    -1.3245    -1.3240     0.0005   2.825951   2.825995   0.000050    34.5553    34.5554     6.3032    27.8049    27.8049    34.5555    27.8050    1466.14    1466.15    -1.3234  1034.5774    34.7262 0.0000e+00
      45568 315.289579  -62.70636 -9.990e-29     -1.067    1456.51   1429.000   1410.391    -1.2708    -1.2706     0.0002    -1.3243    -1.3241     0.0002   2.825920   2.825934   0.000010    34.5554    34.5553     6.3098    27.8049    27.8048    34.5554    27.8050    1466.13    1466.13    -1.3232  1034.5738    34.7276 0.0000e+00
      45592 315.289590  -62.70636 -9.990e-29     -1.071    1456.51   1428.000   1409.408    -1.2712    -1.2699     0.0013    -1.3246    -1.3233     0.0013   2.825846   2.825967   0.000119    34.5553    34.5554     6.3049    27.8049    27.8049    34.5554    27.8050    1466.11    1466.12    -1.3236  1034.5692    34.7276 0.0000e+00
      45617 315.289603  -62.70637 -9.990e-29     -0.979    1456.51   1427.000   1408.424    -1.2700    -1.2693     0.0007    -1.3234    -1.3227     0.0007   2.825918   2.825972   0.000058    34.5554    34.5554     6.3034    27.8050    27.8049    34.5556    27.8051    1466.10    1466.10    -1.3224  1034.5646    34.7278 0.0000e+00
      45641 315.289614  -62.70638 -9.990e-29     -0.968    1456.51   1426.000   1407.441    -1.2692    -1.2689     0.0003    -1.3226    -1.3222     0.0003   2.825928   2.825964   0.000037    34.5552    34.5554     6.3012    27.8047    27.8048    34.5555    27.8050    1466.08    1466.09    -1.3215  1034.5598    34.7276 0.0000e+00
      45661 315.289624  -62.70638  -58.88956     -1.082    1456.51   1425.000   1406.457    -1.2681    -1.2682    -0.0001    -1.3215    -1.3216    -0.0001   2.825972   2.825969  -0.000002    34.5553    34.5554     6.2968    27.8048    27.8048    34.5554    27.8049    1466.07    1466.07    -1.3204  1034.5540    34.7264 0.0000e+00
      45680 315.289633  -62.70638  -58.88956     -1.200    1456.51   1424.000   1405.473    -1.2679    -1.2677     0.0002    -1.3212    -1.3210     0.0002   2.825953   2.825976   0.000024    34.5553    34.5554     6.2979    27.8047    27.8048    34.5554    27.8049    1466.06    1466.06    -1.3201  1034.5491    34.7260 0.0000e+00
      45698 315.289642  -62.70638  -58.88956     -1.277    1456.51   1423.000   1404.489    -1.2678    -1.2675     0.0004    -1.3211    -1.3207     0.0004   2.825929   2.825952   0.000026    34.5554    34.5553     6.2996    27.8048    27.8048    34.5556    27.8050    1466.04    1466.04    -1.3200  1034.5446    34.7262 0.0000e+00
      45717 315.289651  -62.70638  -58.88956     -1.304    1456.51   1422.000   1403.506    -1.2667    -1.2667     0.0000    -1.3199    -1.3199     0.0000   2.825956   2.825967   0.000011    34.5552    34.5553     6.3030    27.8046    27.8047    34.5553    27.8047    1466.03    1466.03    -1.3189  1034.5396    34.7259 0.0000e+00
      45735 315.289660  -62.70638  -58.88956     -1.307    1456.51   1421.000   1402.522    -1.2666    -1.2663     0.0003    -1.3197    -1.3195     0.0003   2.825926   2.825963   0.000031    34.5552    34.5553     6.3040    27.8046    27.8047    34.5553    27.8047    1466.01    1466.01    -1.3187  1034.5349    34.7259 0.0000e+00
      45753 315.289668  -62.70638  -58.88956     -1.313    1456.51   1420.000   1401.538    -1.2658    -1.2651     0.0006    -1.3189    -1.3183     0.0006   2.825976   2.826029   0.000049    34.5553    34.5553     6.2989    27.8047    27.8046    34.5556    27.8049    1466.00    1466.00    -1.3179  1034.5304    34.7262 0.0000e+00
      45774 315.289678  -62.70638  -58.88956     -1.267    1456.51   1419.000   1400.555    -1.2658    -1.2631     0.0027    -1.3189    -1.3162     0.0027   2.825924   2.826153   0.000219    34.5554    34.5553     6.3092    27.8048    27.8046    34.5556    27.8049    1465.98    1466.00    -1.3178  1034.5257    34.7262 0.0000e+00
      45798 315.289690  -62.70640  -58.88954     -1.099    1456.51   1418.000   1399.571    -1.2627    -1.2615     0.0012    -1.3158    -1.3146     0.0012   2.826124   2.826240   0.000115    34.5551    34.5553     6.2997    27.8044    27.8045    34.5553    27.8046    1465.98    1465.99    -1.3147  1034.5206    34.7259 0.0000e+00
      45826 315.289704  -62.70640  -58.88954     -0.884    1456.51   1417.000   1398.587    -1.2633    -1.2608     0.0025    -1.3163    -1.3138     0.0025   2.826066   2.826242   0.000182    34.5554    34.5551     6.2787    27.8047    27.8043    34.5557    27.8049    1465.96    1465.97    -1.3152  1034.5163    34.7263 0.0000e+00
      45852 315.289716  -62.70640  -58.88954     -0.880    1456.51   1416.000   1397.604    -1.2609    -1.2605     0.0004    -1.3139    -1.3135     0.0004   2.826195   2.826219   0.000029    34.5551    34.5551     6.2883    27.8044    27.8043    34.5553    27.8046    1465.96    1465.96    -1.3128  1034.5112    34.7259 0.0000e+00
      45874 315.289726  -62.70640  -58.88954     -1.016    1456.51   1415.000   1396.620    -1.2606    -1.2604     0.0002    -1.3135    -1.3133     0.0002   2.826174   2.826202   0.000023    34.5551    34.5552     6.2896    27.8044    27.8044    34.5553    27.8045    1465.94    1465.94    -1.3125  1034.5065    34.7259 0.0000e+00
      45895 315.289737  -62.70640  -58.88954     -1.113    1456.51   1414.000   1395.636    -1.2604    -1.2599     0.0005    -1.3132    -1.3127     0.0005   2.826155   2.826194   0.000044    34.5552    34.5551     6.2879    27.8044    27.8043    34.5554    27.8045    1465.93    1465.93    -1.3122  1034.5018    34.7259 0.0000e+00
      45915 315.289746  -62.70640  -58.88954     -1.153    1456.51   1413.000   1394.653    -1.2598    -1.2593     0.0005    -1.3126    -1.3121     0.0005   2.826156   2.826220   0.000059    34.5550    34.5552     6.2856    27.8042    27.8043    34.5553    27.8044    1465.91    1465.91    -1.3116  1034.4970    34.7258 0.0000e+00
      45936 315.289756  -62.70640  -58.88954     -1.173    1456.51   1412.000   1393.669    -1.2561    -1.2553     0.0008    -1.3089    -1.3082     0.0007   2.826440   2.826511   0.000078    34.5548    34.5550     6.2856    27.8039    27.8041    34.5555    27.8045    1465.91    1465.92    -1.3079  1034.4923    34.7260 0.0000e+00
      45956 315.289766  -62.70640  -58.88953     -1.179    1456.51   1411.000   1392.685    -1.2548    -1.2535     0.0014    -1.3076    -1.3063     0.0014   2.826482   2.826598   0.000102    34.5550    34.5549     6.2852    27.8041    27.8039    34.5552    27.8042    1465.90    1465.91    -1.3066  1034.4872    34.7257 0.0000e+00
      45976 315.289776  -62.70640  -58.88952     -1.184    1456.51   1410.000   1391.701    -1.2546    -1.2533     0.0013    -1.3074    -1.3061     0.0013   2.826481   2.826563   0.000094    34.5551    34.5549     6.2965    27.8041    27.8039    34.5555    27.8045    1465.89    1465.89    -1.3063  1034.4829    34.7261 0.0000e+00
      45996 315.289785  -62.70640  -58.88952     -1.186    1456.51   1409.000   1390.718    -1.2530    -1.2532    -0.0001    -1.3057    -1.3059    -0.0001   2.826552   2.826542  -0.000008    34.5550    34.5550     6.2954    27.8039    27.8040    34.5552    27.8041    1465.88    1465.88    -1.3047  1034.4778    34.7258 0.0000e+00
      46017 315.289795  -62.70642  -58.88952     -1.180    1456.51   1408.000   1389.734    -1.2529    -1.2527     0.0002    -1.3056    -1.3054     0.0002   2.826530   2.826537   0.000006    34.5551    34.5550     6.2887    27.8041    27.8039    34.5553    27.8043    1465.86    1465.86    -1.3045  1034.4733    34.7259 0.0000e+00
      46038 315.289806  -62.70642  -58.88952     -1.158    1456.51   1407.000   1388.750    -1.2525    -1.2522     0.0003    -1.3051    -1.3048     0.0003   2.826524   2.826534   0.000015    34.5551    34.5550     6.2895    27.8040    27.8039    34.5554    27.8043    1465.85    1465.85    -1.3041  1034.4686    34.7259 0.0000e+00
      46058 315.289815  -62.70642  -58.88952     -1.164    1456.51   1406.000   1387.766    -1.2521    -1.2519     0.0002    -1.3047    -1.3045     0.0002   2.826506   2.826521   0.000014    34.5550    34.5551     6.2854    27.8040    27.8040    34.5553    27.8042    1465.83    1465.83    -1.3036  1034.4646    34.7268 0.0000e+00
