Pos-Processados/process_op41/Processamento_split/up/uoperantar41_006.cnv
* Sea-Bird SBE 9 Data File:
* FileName = C:\Users\Dell\Desktop\OperantarXLI\config\00_BRUTOS\OP41006.hdr
* Software Version Seasave V 7.26.7.110
* Temperature SN = 6497
* Conductivity SN = 4954
* Number of Bytes Per Scan = 31
* Number of Voltage Words = 2
* Number of Scans Averaged by the Deck Unit = 1
* NMEA Latitude = 42 12.54 S
* NMEA Longitude = 053 27.22 W
* NMEA UTC (Time) = Oct 22 2022 00:21:34
* NMEA baud rate = 4800
** H41
** Navio Polar Almirante Maximiano
** LH-021/2022
** Operantar XLI
** Número da Estação 006
** Latitude 42 12.640'S
** Longitude 053 27.212W
** Data/Hora (Z) 22/10/2022 00:19
** Profundidade local 5571 m
** 09-1439
** Nome do Operador CT Garla
# nquan = 30
# nvalues = 1014                        
# units = specified
# name 0 = scan: Scan Count
# name 1 = timeJ: Julian Days
# name 2 = latitude: Latitude [deg]
# name 3 = longitude: Longitude [deg]
# name 4 = dz/dtM: Descent Rate [m/s]
# name 5 = avgsvCM: Average Sound Velocity [Chen-Millero, m/s]
# name 6 = prDM: Pressure, Digiquartz [db]
# name 7 = depSM: Depth [salt water, m]
# name 8 = t090C: Temperature [ITS-90, deg C]
# name 9 = t190C: Temperature, 2 [ITS-90, deg C]
# name 10 = T2-T190C: Temperature Difference, 2 - 1 [ITS-90, deg C]
# name 11 = potemp090C: Potential Temperature [ITS-90, deg C]
# name 12 = potemp190C: Potential Temperature, 2 [ITS-90, deg C]
# name 13 = potemp90Cdiff: Potential Temperature, Diff, 2 - 1 [ITS-90, deg C]
# name 14 = c0S/m: Conductivity [S/m]
# name 15 = c1S/m: Conductivity, 2 [S/m]
# name 16 = C2-C1S/m: Conductivity Difference, 2 - 1 [S/m]
# name 17 = sal00: Salinity, Practical [PSU]
# name 18 = sal11: Salinity, Practical, 2 [PSU]
# name 19 = sbeox0ML/L: Oxygen, SBE 43 [ml/l]
# name 20 = sigma-é00: Density [sigma-theta, kg/m^3]
# name 21 = sigma-é11: Density, 2 [sigma-theta, kg/m^3]
# name 22 = sal00: Salinity, Practical [PSU]
# name 23 = sigma-é00: Density [sigma-theta, kg/m^3]
# name 24 = svCM: Sound Velocity [Chen-Millero, m/s]
# name 25 = svCM1: Sound Velocity, 2 [Chen-Millero, m/s]
# name 26 = gsw_ptA0: potential temperature [ITS-90, deg C]
# name 27 = gsw_densityA0: density, TEOS-10 [density, kg/m^3]
# name 28 = gsw_saA0: Absolute Salinity [g/kg]
# name 29 = flag:
# span 0 =      37143,      70680       
# span 1 = 295.032889, 295.049062       
# span 2 =  -42.19764,  -42.18751       
# span 3 =  -53.45734,  -53.45594       
# span 4 =     -2.159,     -0.084       
# span 5 =    1478.74,    1478.74       
# span 6 =      7.000,   1020.000       
# span 7 =      7.026,   1009.502       
# span 8 =     3.0853,    12.3486       
# span 9 =     3.0860,    12.3481       
# span 10 =    -0.2245,     0.2769      
# span 11 =     3.0155,    12.3473      
# span 12 =     3.0161,    12.3464      
# span 13 =    -0.2244,     0.2768      
# span 14 =   3.158297,   4.033086      
# span 15 =   3.158374,   4.031827      
# span 16 =  -0.022496,   0.034770      
# span 17 =    34.1142,    35.0576      
# span 18 =    34.1148,    35.0587      
# span 19 =     4.3442,     6.4900      
# span 20 =    26.3857,    27.3775      
# span 21 =    26.3869,    27.3776      
# span 22 =    34.1141,    35.0697      
# span 23 =    26.3869,    27.3774      
# span 24 =    1473.85,    1498.70      
# span 25 =    1473.85,    1498.65      
# span 26 =     3.0153,    12.3473      
# span 27 =  1026.4224,  1032.1009      
# span 28 =    34.2760,    35.2354      
# span 29 = 0.0000e+00, 0.0000e+00      
# interval = decibars: 1                
# start_time = Oct 22 2022 00:21:34 [NMEA time, header]
# bad_flag = -9.990e-29
*END*
[from data line 387]
      49294 295.038749  -42.19390  -53.45662     -1.005    1478.74    633.000    627.066     3.8493     3.8491    -0.0001     3.8042     3.8041    -0.0001   3.201529   3.201578   0.000037    34.1807    34.1813     5.4474    27.1543    27.1548    34.1807    27.1542    1475.32    1475.32     3.8041  1030.0858    34.3437 0.0000e+00
      49324 295.038763  -42.19388  -53.45662     -0.835    1478.74    632.000    626.077     3.8519     3.8523     0.0004     3.8069     3.8073     0.0004   3.201717   3.201813   0.000094    34.1807    34.1813     5.4541    27.1540    27.1544    34.1807    27.1540    1475.31    1475.32     3.8068  1030.0809    34.3437 0.0000e+00
      49356 295.038778  -42.19388  -53.45662     -0.753    1478.74    631.000    625.088     3.8535     3.8543     0.0008     3.8086     3.8094     0.0008   3.201825   3.201949   0.000128    34.1807    34.1814     5.4619    27.1538    27.1543    34.1808    27.1539    1475.31    1475.31     3.8085  1030.0762    34.3438 0.0000e+00
      49380 295.038790  -42.19388  -53.45664     -0.863    1478.74    630.000    624.098     3.8561     3.8553    -0.0008     3.8112     3.8104    -0.0008   3.202053   3.201982  -0.000047    34.1809    34.1812     5.4716    27.1537    27.1541    34.1813    27.1541    1475.30    1475.30     3.8111  1030.0717    34.3443 0.0000e+00
      49399 295.038799  -42.19388  -53.45664     -1.084    1478.74    629.000    623.109     3.8590     3.8561    -0.0029     3.8142     3.8113    -0.0029   3.202281   3.202043  -0.000211    34.1809    34.1815     5.4695    27.1535    27.1542    34.1815    27.1539    1475.30    1475.28     3.8141  1030.0669    34.3446 0.0000e+00
      49416 295.038807  -42.19386  -53.45664     -1.285    1478.74    628.000    622.120     3.8689     3.8615    -0.0073     3.8241     3.8168    -0.0073   3.203321   3.202660  -0.000606    34.1819    34.1824     5.4633    27.1533    27.1544    34.1841    27.1550    1475.32    1475.29     3.8240  1030.0632    34.3471 0.0000e+00
      49435 295.038817  -42.19386  -53.45663     -1.348    1478.74    627.000    621.131     3.8801     3.8701    -0.0101     3.8354     3.8254    -0.0100   3.204171   3.203331  -0.000847    34.1822    34.1826     5.4557    27.1523    27.1537    34.1830    27.1530    1475.35    1475.31     3.8353  1030.0564    34.3460 0.0000e+00
      49473 295.038835  -42.19385  -53.45663     -0.782    1478.74    626.000    620.146     3.8776     3.8757    -0.0019     3.8329     3.8310    -0.0019   3.203751   3.203663  -0.000101    34.1807    34.1815     5.4538    27.1514    27.1522    34.1812    27.1518    1475.32    1475.32     3.8329  1030.0506    34.3442 0.0000e+00
      49515 295.038855  -42.19384  -53.45664     -0.430    1478.74    625.000    619.153     3.8777     3.8776    -0.0001     3.8331     3.8331    -0.0001   3.203704   3.203747   0.000049    34.1804    34.1810     5.4488    27.1511    27.1517    34.1810    27.1516    1475.31    1475.31     3.8330  1030.0459    34.3440 0.0000e+00
      49530 295.038862  -42.19383  -53.45664     -0.912    1478.74    624.000    618.164     3.8820     3.8806    -0.0014     3.8375     3.8361    -0.0014   3.204020   3.203944  -0.000072    34.1800    34.1805     5.4478    27.1504    27.1509    34.1808    27.1510    1475.31    1475.30     3.8374  1030.0406    34.3438 0.0000e+00
      49542 295.038868  -42.19382  -53.45664     -1.375    1478.74    623.000    617.174     3.8844     3.8830    -0.0014     3.8399     3.8386    -0.0014   3.204150   3.204101  -0.000062    34.1798    34.1805     5.4476    27.1500    27.1507    34.1804    27.1504    1475.30    1475.30     3.8398  1030.0354    34.3434 0.0000e+00
      49553 295.038873  -42.19382  -53.45664     -1.748    1478.74    622.000    616.185     3.8817     3.8824     0.0007     3.8373     3.8381     0.0007   3.203686   3.203862   0.000122    34.1791    34.1798     5.4490    27.1497    27.1501    34.1782    27.1490    1475.27    1475.28     3.8372  1030.0294    34.3412 0.0000e+00
      49563 295.038878  -42.19382  -53.45664     -2.013    1478.74    621.000    615.196     3.8773     3.8785     0.0012     3.8330     3.8342     0.0012   3.203248   3.203329   0.000136    34.1784    34.1787     5.4500    27.1495    27.1497    34.1781    27.1493    1475.24    1475.24     3.8329  1030.0252    34.3411 0.0000e+00
      49575 295.038884  -42.19382  -53.45664     -2.159    1478.74    620.000    614.207     3.8741     3.8732    -0.0009     3.8299     3.8290    -0.0009   3.202847   3.202791  -0.000072    34.1776    34.1777     5.4459    27.1493    27.1494    34.1772    27.1490    1475.21    1475.20     3.8298  1030.0203    34.3402 0.0000e+00
      49591 295.038892  -42.19380  -53.45664     -2.019    1478.74    619.000    613.218     3.8738     3.8742     0.0003     3.8298     3.8301     0.0003   3.202781   3.202873   0.000084    34.1771    34.1777     5.4381    27.1488    27.1493    34.1772    27.1489    1475.19    1475.19     3.8296  1030.0157    34.3401 0.0000e+00
      49643 295.038917  -42.19379  -53.45664     -0.597    1478.74    618.000    612.225     3.9230     3.9200    -0.0029     3.8787     3.8758    -0.0029   3.207494   3.207093  -0.000315    34.1810    34.1803     5.4494    27.1470    27.1468    34.1825    27.1482    1475.38    1475.37     3.8786  1030.0095    34.3455 0.0000e+00
      49685 295.038937  -42.19378  -53.45664     -0.570    1478.74    617.000    611.239     3.9856     3.9718    -0.0139     3.9412     3.9273    -0.0138   3.213581   3.212631  -0.001013    34.1840    34.1864     5.4621    27.1431    27.1464    34.1899    27.1478    1475.64    1475.59     3.9410  1030.0034    34.3529 0.0000e+00
      49704 295.038946  -42.19376  -53.45664     -1.063    1478.74    616.000    610.250     4.0043     4.0022    -0.0020     3.9597     3.9577    -0.0020   3.215393   3.215435  -0.000039    34.1878    34.1895     5.4491    27.1442    27.1457    34.1925    27.1479    1475.70    1475.70     3.9597  1029.9987    34.3555 0.0000e+00
      49726 295.038957  -42.19376  -53.45665     -1.168    1478.74    615.000    609.261     4.0169     4.0215     0.0046     3.9724     3.9770     0.0046   3.216568   3.217203   0.000558    34.1899    34.1917     5.4314    27.1445    27.1455    34.1938    27.1477    1475.74    1475.76     3.9723  1029.9936    34.3568 0.0000e+00
      49759 295.038973  -42.19376  -53.45666     -0.832    1478.74    614.000    608.271     4.0288     4.0276    -0.0012     3.9843     3.9832    -0.0012   3.217813   3.217591  -0.000124    34.1927    34.1924     5.4074    27.1455    27.1454    34.1966    27.1487    1475.78    1475.77     3.9842  1029.9898    34.3596 0.0000e+00
      49790 295.038988  -42.19375  -53.45666     -0.711    1478.74    613.000    607.282     4.0488     4.0448    -0.0040     4.0043     4.0003    -0.0040   3.219539   3.219347  -0.000271    34.1932    34.1942     5.3943    27.1439    27.1451    34.1968    27.1468    1475.85    1475.83     4.0042  1029.9830    34.3598 0.0000e+00
      49812 295.038998  -42.19374  -53.45666     -0.930    1478.74    612.000    606.293     4.0508     4.0505    -0.0003     4.0063     4.0061    -0.0003   3.219629   3.219671   0.000040    34.1936    34.1944     5.4011    27.1440    27.1447    34.1963    27.1461    1475.84    1475.84     4.0063  1029.9777    34.3593 0.0000e+00
      49830 295.039007  -42.19374  -53.45666     -1.154    1478.74    611.000    605.304     4.0503     4.0503    -0.0001     4.0060     4.0059    -0.0001   3.219521   3.219563   0.000044    34.1938    34.1944     5.4012    27.1442    27.1447    34.1960    27.1460    1475.82    1475.82     4.0059  1029.9730    34.3590 0.0000e+00
      49847 295.039015  -42.19373  -53.45666     -1.317    1478.74    610.000    604.315     4.0476     4.0476     0.0001     4.0033     4.0034     0.0001   3.219172   3.219209   0.000028    34.1936    34.1939     5.3939    27.1443    27.1446    34.1952    27.1457    1475.79    1475.79     4.0032  1029.9681    34.3582 0.0000e+00
      49864 295.039023  -42.19372  -53.45666     -1.406    1478.74    609.000    603.325     4.0461     4.0465     0.0004     4.0019     4.0023     0.0004   3.219011   3.219100   0.000084    34.1935    34.1941     5.3825    27.1444    27.1448    34.1954    27.1459    1475.77    1475.77     4.0018  1029.9638    34.3584 0.0000e+00
      49880 295.039031  -42.19372  -53.45666     -1.447    1478.74    608.000    602.336     4.0482     4.0488     0.0006     4.0041     4.0047     0.0006   3.219138   3.219292   0.000147    34.1934    34.1944     5.3736    27.1441    27.1449    34.1952    27.1455    1475.76    1475.76     4.0040  1029.9588    34.3582 0.0000e+00
      49897 295.039039  -42.19370  -53.45666     -1.454    1478.74    607.000    601.347     4.0491     4.0494     0.0004     4.0051     4.0054     0.0004   3.219146   3.219205   0.000060    34.1934    34.1937     5.3756    27.1440    27.1442    34.1949    27.1452    1475.75    1475.75     4.0049  1029.9539    34.3579 0.0000e+00
      49916 295.039049  -42.19370  -53.45666     -1.365    1478.74    606.000    600.357     4.0488     4.0487    -0.0001     4.0048     4.0048    -0.0001   3.219017   3.219026   0.000016    34.1930    34.1933     5.3878    27.1437    27.1439    34.1943    27.1447    1475.73    1475.73     4.0047  1029.9488    34.3572 0.0000e+00
      49946 295.039063  -42.19369  -53.45666     -1.005    1478.74    605.000    599.372     4.0457     4.0462     0.0005     4.0018     4.0024     0.0005   3.218582   3.218690   0.000104    34.1919    34.1926     5.4048    27.1432    27.1436    34.1928    27.1439    1475.70    1475.70     4.0017  1029.9434    34.3558 0.0000e+00
      50057 295.039117  -42.19366  -53.45666     -0.319    1478.74    604.000    598.370     4.0571     4.0553    -0.0018     4.0132     4.0115    -0.0018   3.219472   3.219380  -0.000086    34.1910    34.1918     5.4314    27.1412    27.1420    34.1921    27.1421    1475.73    1475.72     4.0131  1029.9368    34.3550 0.0000e+00
      50169 295.039171  -42.19364  -53.45668     -0.321    1478.74    603.000    597.383     4.0653     4.0649    -0.0004     4.0215     4.0211    -0.0004   3.220165   3.220160  -0.000002    34.1916    34.1921     5.4257    27.1409    27.1413    34.1922    27.1413    1475.74    1475.74     4.0214  1029.9313    34.3551 0.0000e+00
      50244 295.039207  -42.19360  -53.45668     -0.425    1478.74    602.000    596.389     4.0668     4.0657    -0.0012     4.0231     4.0220    -0.0011   3.220260   3.220212  -0.000049    34.1918    34.1924     5.4225    27.1408    27.1414    34.1922    27.1412    1475.73    1475.73     4.0230  1029.9266    34.3552 0.0000e+00
      50323 295.039245  -42.19358  -53.45668     -0.633    1478.74    601.000    595.412     4.0659     4.0657    -0.0002     4.0223     4.0220    -0.0002   3.220088   3.220130   0.000032    34.1918    34.1924     5.4211    27.1409    27.1415    34.1917    27.1408    1475.71    1475.71     4.0222  1029.9217    34.3546 0.0000e+00
      50350 295.039258  -42.19357  -53.45668     -0.861    1478.74    600.000    594.425     4.0649     4.0646    -0.0003     4.0213     4.0211    -0.0003   3.219992   3.219984   0.000033    34.1915    34.1921     5.4225    27.1408    27.1413    34.1921    27.1413    1475.69    1475.69     4.0212  1029.9175    34.3550 0.0000e+00
      50408 295.039286  -42.19355 -9.990e-29     -0.386    1478.74    599.000    593.433     4.0593     4.0568    -0.0025     4.0158     4.0133    -0.0025   3.219114   3.218942  -0.000199    34.1889    34.1892     5.4181    27.1393    27.1397    34.1881    27.1387    1475.65    1475.64     4.0157  1029.9102    34.3507 0.0000e+00
      50472 295.039317  -42.19353  -53.45669     -0.436    1478.74    598.000    592.430     4.0285     4.0373     0.0089     3.9852     3.9941     0.0088   3.215796   3.216777   0.000907    34.1841    34.1856     5.4437    27.1386    27.1389    34.1814    27.1365    1475.49    1475.53     3.9851  1029.9041    34.3442 0.0000e+00
      50573 295.039365  -42.19350  -53.45670     -0.557    1478.74    597.000    591.424     3.9885     3.9944     0.0059     3.9455     3.9514     0.0059   3.211893   3.212341   0.000566    34.1787    34.1793     5.4879    27.1385    27.1383    34.1773    27.1373    1475.31    1475.33     3.9454  1029.9010    34.3402 0.0000e+00
      50590 295.039374  -42.19350  -53.45670     -1.068    1478.74    596.000    590.465     3.9991     3.9989    -0.0003     3.9562     3.9559    -0.0003   3.212955   3.213203   0.000086    34.1790    34.1803     5.4871    27.1375    27.1386    34.1793    27.1378    1475.33    1475.34     3.9561  1029.8968    34.3422 0.0000e+00
      50612 295.039384  -42.19350  -53.45670     -1.197    1478.74    595.000    589.475     4.0322     4.0378     0.0056     3.9892     3.9948     0.0056   3.216207   3.216686   0.000632    34.1804    34.1820     5.4818    27.1353    27.1360    34.1840    27.1381    1475.46    1475.49     3.9891  1029.8919    34.3468 0.0000e+00
      50658 295.039407  -42.19348  -53.45670     -0.596    1478.74    594.000    588.487     4.0604     4.0585    -0.0019     4.0173     4.0154    -0.0019   3.218650   3.218537  -0.000108    34.1825    34.1832     5.5047    27.1340    27.1348    34.1840    27.1353    1475.57    1475.56     4.0172  1029.8839    34.3468 0.0000e+00
      50720 295.039436  -42.19346 -9.990e-29     -0.390    1478.74    593.000    587.497     4.0723     4.0713    -0.0011     4.0293     4.0282    -0.0011   3.219723   3.219681  -0.000056    34.1839    34.1844     5.5041    27.1340    27.1344    34.1848    27.1347    1475.60    1475.60     4.0292  1029.8784    34.3474 0.0000e+00
      50756 295.039454  -42.19344  -53.45672     -0.632    1478.74    592.000    586.508     4.0714     4.0721     0.0007     4.0284     4.0291     0.0007   3.219524   3.219653   0.000121    34.1836    34.1843     5.4912    27.1338    27.1342    34.1840    27.1341    1475.58    1475.58     4.0283  1029.8734    34.3467 0.0000e+00
      50805 295.039477  -42.19344  -53.45672     -0.491    1478.74    591.000    585.520     4.0695     4.0700     0.0005     4.0266     4.0271     0.0005   3.219238   3.219312   0.000080    34.1826    34.1830     5.4868    27.1331    27.1335    34.1831    27.1336    1475.55    1475.55     4.0265  1029.8684    34.3460 0.0000e+00
      50853 295.039501  -42.19342  -53.45672     -0.481    1478.74    590.000    584.525     4.0710     4.0711     0.0001     4.0282     4.0283     0.0001   3.219242   3.219303   0.000060    34.1819    34.1824     5.4997    27.1324    27.1329    34.1821    27.1326    1475.54    1475.54     4.0281  1029.8629    34.3450 0.0000e+00
      50881 295.039514  -42.19341  -53.45672     -0.764    1478.74    589.000    583.540     4.0695     4.0692    -0.0003     4.0268     4.0265    -0.0003   3.219022   3.219032   0.000015    34.1814    34.1820     5.4999    27.1322    27.1327    34.1816    27.1323    1475.52    1475.52     4.0267  1029.8580    34.3444 0.0000e+00
      50904 295.039525  -42.19340  -53.45672     -0.968    1478.74    588.000    582.550     4.0676     4.0675    -0.0001     4.0250     4.0249    -0.0001   3.218777   3.218792   0.000024    34.1812    34.1816     5.5065    27.1322    27.1326    34.1812    27.1322    1475.49    1475.49     4.0249  1029.8533    34.3440 0.0000e+00
      50926 295.039536  -42.19340  -53.45672     -1.069    1478.74    587.000    581.561     4.0605     4.0623     0.0018     4.0180     4.0198     0.0018   3.217906   3.218163   0.000199    34.1798    34.1803     5.5127    27.1318    27.1321    34.1788    27.1310    1475.44    1475.45     4.0179  1029.8476    34.3416 0.0000e+00
      50956 295.039550  -42.19339  -53.45672     -0.921    1478.74    586.000    580.572     4.0531     4.0548     0.0017     4.0107     4.0124     0.0017   3.217066   3.217259   0.000212    34.1777    34.1785     5.5235    27.1309    27.1314    34.1771    27.1304    1475.39    1475.40     4.0106  1029.8426    34.3399 0.0000e+00
