Pos-Processados/process_op41/Processamento_split/up/uoperantar41_021.cnv
* Sea-Bird SBE 9 Data File:
* FileName = C:\Users\Dell\Desktop\OperantarXLI\config\00_BRUTOS\OPE41021.hdr
* Software Version Seasave V 7.26.7.110
* Temperature SN = 6497
* Conductivity SN = 4954
* Number of Bytes Per Scan = 34
* Number of Voltage Words = 3
* Number of Scans Averaged by the Deck Unit = 1
* NMEA Latitude = 62 21.63 S
* NMEA Longitude = 057 56.66 W
* NMEA UTC (Time) = Nov 11 2022 10:57:30
* NMEA baud rate = 4800
** H41
** Navio Polar Almirante Maximiano
** LH-021/2022
** Operantar XLI
** Número da Estação 021
** Latitude 62 21.943S
** Longitude 057 58.115W
** Data/Hora (Z) 11/11/2022  1100Z
** Profundidade local 1900
** 09-1439
** Nome do Operador 1T FILIPE LOPES
# nquan = 30
# nvalues = 1810                        
# units = specified
# name 0 = scan: Scan Count
# name 1 = timeJ: Julian Days
# name 2 = latitude: Latitude [deg]
# name 3 = longitude: Longitude [deg]
# name 4 = dz/dtM: Descent Rate [m/s]
# name 5 = avgsvCM: Average Sound Velocity [Chen-Millero, m/s]
# name 6 = prDM: Pressure, Digiquartz [db]
# name 7 = depSM: Depth [salt water, m]
# name 8 = t090C: Temperature [ITS-90, deg C]
# name 9 = t190C: Temperature, 2 [ITS-90, deg C]
# name 10 = T2-T190C: Temperature Difference, 2 - 1 [ITS-90, deg C]
# name 11 = potemp090C: Potential Temperature [ITS-90, deg C]
# name 12 = potemp190C: Potential Temperature, 2 [ITS-90, deg C]
# name 13 = potemp90Cdiff: Potential Temperature, Diff, 2 - 1 [ITS-90, deg C]
# name 14 = c0S/m: Conductivity [S/m]
# name 15 = c1S/m: Conductivity, 2 [S/m]
# name 16 = C2-C1S/m: Conductivity Difference, 2 - 1 [S/m]
# name 17 = sal00: Salinity, Practical [PSU]
# name 18 = sal11: Salinity, Practical, 2 [PSU]
# name 19 = sbeox0ML/L: Oxygen, SBE 43 [ml/l]
# name 20 = sigma-é00: Density [sigma-theta, kg/m^3]
# name 21 = sigma-é11: Density, 2 [sigma-theta, kg/m^3]
# name 22 = sal00: Salinity, Practical [PSU]
# name 23 = sigma-é00: Density [sigma-theta, kg/m^3]
# name 24 = svCM: Sound Velocity [Chen-Millero, m/s]
# name 25 = svCM1: Sound Velocity, 2 [Chen-Millero, m/s]
# name 26 = gsw_ptA0: potential temperature [ITS-90, deg C]
# name 27 = gsw_densityA0: density, TEOS-10 [density, kg/m^3]
# name 28 = gsw_saA0: Absolute Salinity [g/kg]
# name 29 = flag:
# span 0 =      67753,     128328       
# span 1 = 315.489271, 315.518483       
# span 2 =  -62.35735,  -62.35185       
# span 3 =  -57.90589,  -57.87520       
# span 4 =     -1.893,      0.077       
# span 5 =    1459.49,    1459.49       
# span 6 =      0.000,   1809.000       
# span 7 =      0.189,   1783.889       
# span 8 =    -1.4295,     0.4501       
# span 9 =    -1.4297,     0.4497       
# span 10 =    -0.0176,     0.0138      
# span 11 =    -1.5011,     0.4400      
# span 12 =    -1.5013,     0.4396      
# span 13 =    -0.0176,     0.0138      
# span 14 =   2.776739,   2.919845      
# span 15 =   2.776569,   2.919851      
# span 16 =  -0.001412,   0.001165      
# span 17 =    34.3253,    34.5609      
# span 18 =    34.3256,    34.5609      
# span 19 =     5.1731,     7.6022      
# span 20 =    27.5917,    27.8152      
# span 21 =    27.5919,    27.8152      
# span 22 =    34.3259,    34.5609      
# span 23 =    27.5920,    27.8153      
# span 24 =    1445.27,    1471.75      
# span 25 =    1445.27,    1471.75      
# span 26 =    -1.4998,     0.4400      
# span 27 =  1027.5977,  1036.3542      
# span 28 =    34.4917,    34.7322      
# span 29 = 0.0000e+00, 0.0000e+00      
# interval = decibars: 1                
# start_time = Nov 11 2022 10:57:30 [NMEA time, header]
# bad_flag = -9.990e-29
*END*
[from data line 1547]
     116806 315.512927  -62.35284  -57.88063     -0.668    1459.49    262.000    259.324     0.4297     0.4300     0.0003     0.4190     0.4193     0.0003   2.918873   2.918891   0.000026    34.5532    34.5532     5.1879    27.7224    27.7224    34.5555    27.7242    1454.77    1454.77     0.4190  1028.9714    34.7243 0.0000e+00
     116849 315.512947  -62.35284  -57.88062     -0.526    1459.49    261.000    258.318     0.4324     0.4328     0.0004     0.4218     0.4221     0.0004   2.919083   2.919095   0.000018    34.5537    34.5536     5.1944    27.7226    27.7224    34.5557    27.7242    1454.77    1454.77     0.4218  1028.9667    34.7245 0.0000e+00
     116877 315.512961  -62.35284  -57.88061     -0.783    1459.49    260.000    257.340     0.4357     0.4363     0.0006     0.4251     0.4256     0.0006   2.919287   2.919334   0.000045    34.5537    34.5537     5.1921    27.7224    27.7223    34.5553    27.7237    1454.77    1454.77     0.4251  1028.9614    34.7241 0.0000e+00
     116905 315.512975  -62.35284  -57.88060     -0.854    1459.49    259.000    256.359     0.4368     0.4376     0.0008     0.4262     0.4270     0.0008   2.919350   2.919396   0.000048    34.5540    34.5538     5.1981    27.7226    27.7224    34.5555    27.7237    1454.76    1454.76     0.4263  1028.9568    34.7243 0.0000e+00
     116941 315.512992  -62.35284  -57.88058     -0.691    1459.49    258.000    255.354     0.4400     0.4408     0.0009     0.4294     0.4303     0.0009   2.919572   2.919632   0.000065    34.5541    34.5539     5.1882    27.7224    27.7223    34.5555    27.7235    1454.75    1454.76     0.4295  1028.9477    34.7190 0.0000e+00
     116973 315.513007 -9.990e-29  -57.88057     -0.710    1459.49    257.000    254.372     0.4422     0.4424     0.0001     0.4317     0.4318     0.0001   2.919698   2.919694  -0.000002    34.5542    34.5540     5.1917    27.7224    27.7222    34.5552    27.7232    1454.75    1454.75     0.4318  1028.9420    34.7181 0.0000e+00
     116996 315.513019 -9.990e-29  -57.88056     -0.905    1459.49    256.000    253.383     0.4423     0.4427     0.0004     0.4318     0.4322     0.0004   2.919650   2.919670   0.000024    34.5542    34.5540     5.1819    27.7224    27.7222    34.5551    27.7231    1454.73    1454.73     0.4319  1028.9372    34.7180 0.0000e+00
     117021 315.513031  -62.35282  -57.88055     -1.009    1459.49    255.000    252.396     0.4424     0.4428     0.0004     0.4319     0.4323     0.0004   2.919599   2.919621   0.000024    34.5542    34.5540     5.1883    27.7224    27.7222    34.5549    27.7230    1454.72    1454.72     0.4320  1028.9338    34.7197 0.0000e+00
     117071 315.513055  -62.35282  -57.88051     -0.493    1459.49    254.000    251.407     0.4423     0.4424     0.0001     0.4319     0.4320     0.0001   2.919521   2.919537   0.000016    34.5540    34.5541     5.1823    27.7223    27.7223    34.5546    27.7227    1454.70    1454.70     0.4320  1028.9320    34.7234 0.0000e+00
     117117 315.513077  -62.35282  -57.88050     -0.491    1459.49    253.000    250.415     0.4419     0.4420     0.0001     0.4315     0.4316     0.0001   2.919429   2.919434   0.000011    34.5540    34.5540     5.1772    27.7222    27.7223    34.5544    27.7225    1454.68    1454.68     0.4316  1028.9272    34.7232 0.0000e+00
     117138 315.513087  -62.35282  -57.88049     -0.912    1459.49    252.000    249.426     0.4423     0.4425     0.0003     0.4319     0.4321     0.0003   2.919412   2.919419   0.000007    34.5540    34.5539     5.1806    27.7222    27.7221    34.5544    27.7225    1454.67    1454.67     0.4320  1028.9224    34.7231 0.0000e+00
     117157 315.513096  -62.35282  -57.88048     -1.169    1459.49    251.000    248.437     0.4433     0.4438     0.0005     0.4330     0.4335     0.0005   2.919464   2.919486   0.000020    34.5540    34.5537     5.1731    27.7221    27.7219    34.5545    27.7225    1454.65    1454.66     0.4331  1028.9177    34.7233 0.0000e+00
     117181 315.513108  -62.35282  -57.88046     -1.125    1459.49    250.000    247.448     0.4426     0.4421    -0.0004     0.4323     0.4319    -0.0004   2.919291   2.919220  -0.000066    34.5536    34.5532     5.1830    27.7218    27.7215    34.5536    27.7219    1454.63    1454.63     0.4324  1028.9123    34.7224 0.0000e+00
     117224 315.513129  -62.35282  -57.88044     -0.555    1459.49    249.000    246.457     0.4427     0.4425    -0.0002     0.4325     0.4323    -0.0002   2.919239   2.919223  -0.000014    34.5531    34.5531     5.1874    27.7214    27.7215    34.5534    27.7217    1454.62    1454.62     0.4326  1028.9055    34.7198 0.0000e+00
     117258 315.513145 -9.990e-29  -57.88043     -0.649    1459.49    248.000    245.469     0.4495     0.4497     0.0003     0.4393     0.4396     0.0003   2.919845   2.919851  -0.000001    34.5533    34.5530     5.1891    27.7212    27.7210    34.5543    27.7221    1454.63    1454.63     0.4394  1028.8983    34.7173 0.0000e+00
     117282 315.513156 -9.990e-29  -57.88041     -0.907    1459.49    247.000    244.480     0.4501     0.4488    -0.0013     0.4400     0.4387    -0.0013   2.919676   2.919434  -0.000179    34.5528    34.5519     5.1859    27.7208    27.7201    34.5521    27.7202    1454.62    1454.61     0.4400  1028.8917    34.7150 0.0000e+00
     117322 315.513176  -62.35280  -57.88039     -0.676    1459.49    246.000    243.494     0.3738     0.3638    -0.0100     0.3638     0.3539    -0.0100   2.912167   2.911212  -0.000872    34.5473    34.5470     5.1925    27.7207    27.7211    34.5397    27.7146    1454.24    1454.19     0.3639  1028.8840    34.7050 0.0000e+00
     117371 315.513199  -62.35280  -57.88038     -0.409    1459.49    245.000    242.490     0.1859     0.1682    -0.0176     0.1764     0.1588    -0.0176   2.894369   2.893116  -0.001333    34.5339    34.5361     5.1997    27.7205    27.7232    34.5171    27.7070    1453.33    1453.26     0.1765  1028.8759    34.6859 0.0000e+00
     117394 315.513210  -62.35280  -57.88036     -0.863    1459.49    244.000    241.513     0.1328     0.1252    -0.0075     0.1235     0.1159    -0.0075   2.890132   2.889480  -0.000693    34.5310    34.5303     5.2299    27.7210    27.7209    34.5214    27.7133    1453.08    1453.04     0.1236  1028.8779    34.6900 0.0000e+00
     117415 315.513220  -62.35278  -57.88034     -1.094    1459.49    243.000    240.523     0.1335     0.1304    -0.0031     0.1242     0.1211    -0.0031   2.890261   2.889970  -0.000258    34.5294    34.5295     5.2864    27.7197    27.7199    34.5230    27.7145    1453.07    1453.05     0.1243  1028.8743    34.6915 0.0000e+00
     117440 315.513232  -62.35278  -57.88034     -1.054    1459.49    242.000    239.534     0.1210     0.1113    -0.0097     0.1118     0.1021    -0.0097   2.888781   2.887729  -0.000925    34.5277    34.5264     5.3875    27.7190    27.7185    34.5181    27.7113    1452.99    1452.94     0.1119  1028.8664    34.6867 0.0000e+00
     117479 315.513251  -62.35278  -57.88032     -0.663    1459.49    241.000    238.545     0.0104    -0.0008    -0.0112     0.0015    -0.0097    -0.0112   2.878223   2.877350  -0.000937    34.5203    34.5206     5.5206    27.7189    27.7197    34.5035    27.7053    1452.44    1452.39     0.0016  1028.8566    34.6719 0.0000e+00
     117517 315.513270  -62.35278  -57.88029     -0.577    1459.49    240.000    237.556    -0.1078    -0.1141    -0.0062    -0.1165    -0.1227    -0.0062   2.867643   2.867162  -0.000501    34.5119    34.5123     5.5631    27.7182    27.7189    34.4970    27.7062    1451.87    1451.85    -0.1164  1028.8537    34.6654 0.0000e+00
     117543 315.513282  -62.35278  -57.88027     -0.838    1459.49    239.000    236.566    -0.1449    -0.1495    -0.0047    -0.1534    -0.1581    -0.0047   2.864506   2.864107  -0.000429    34.5085    34.5081     5.5963    27.7174    27.7173    34.4977    27.7086    1451.69    1451.66    -0.1533  1028.8516    34.6661 0.0000e+00
     117573 315.513296  -62.35278  -57.88026     -0.863    1459.49    238.000    235.582    -0.1501    -0.1515    -0.0013    -0.1586    -0.1600    -0.0013   2.863905   2.863840  -0.000092    34.5057    34.5060     5.6716    27.7153    27.7157    34.4963    27.7077    1451.64    1451.64    -0.1585  1028.8460    34.6647 0.0000e+00
     117622 315.513320  -62.35278  -57.88024     -0.459    1459.49    237.000    234.582    -0.1581    -0.1571     0.0009    -0.1665    -0.1656     0.0009   2.863237   2.863343   0.000098    34.5037    34.5040     5.7954    27.7141    27.7143    34.4970    27.7087    1451.59    1451.60    -0.1664  1028.8423    34.6654 0.0000e+00
     117658 315.513337  -62.35276  -57.88024     -0.620    1459.49    236.000    233.598    -0.1475    -0.1448     0.0027    -0.1560    -0.1533     0.0027   2.864154   2.864431   0.000240    34.5031    34.5033     5.8223    27.7131    27.7131    34.4979    27.7089    1451.63    1451.64    -0.1558  1028.8377    34.6663 0.0000e+00
     117684 315.513350  -62.35276  -57.88022     -0.872    1459.49    235.000    232.609    -0.1672    -0.1755    -0.0083    -0.1756    -0.1839    -0.0083   2.861940   2.860871  -0.000810    34.5012    34.4998     5.8233    27.7126    27.7119    34.4912    27.7045    1451.51    1451.46    -0.1754  1028.8287    34.6596 0.0000e+00
     117708 315.513362  -62.35276  -57.88022     -0.951    1459.49    234.000    231.620    -0.2398    -0.2551    -0.0153    -0.2480    -0.2632    -0.0152   2.855356   2.854100  -0.001366    34.4971    34.4961     5.8269    27.7128    27.7128    34.4861    27.7040    1451.15    1451.08    -0.2478  1028.8240    34.6545 0.0000e+00
     117733 315.513374  -62.35276  -57.88019     -0.974    1459.49    233.000    230.631    -0.2634    -0.2652    -0.0018    -0.2715    -0.2733    -0.0018   2.853417   2.853278  -0.000160    34.4949    34.4949     5.8021    27.7122    27.7123    34.4875    27.7062    1451.03    1451.02    -0.2713  1028.8216    34.6558 0.0000e+00
     117762 315.513388  -62.35276  -57.88017     -0.897    1459.49    232.000    229.647    -0.2860    -0.3013    -0.0153    -0.2940    -0.3093    -0.0153   2.851115   2.849585  -0.001412    34.4931    34.4915     5.8296    27.7118    27.7113    34.4830    27.7037    1450.90    1450.82    -0.2939  1028.8145    34.6513 0.0000e+00
     117807 315.513409  -62.35276  -57.88014     -0.548    1459.49    231.000    228.651    -0.3760    -0.3883    -0.0123    -0.3838    -0.3961    -0.0123   2.842936   2.841991  -0.001006    34.4872    34.4876     5.9172    27.7114    27.7123    34.4761    27.7024    1450.46    1450.40    -0.3837  1028.8087    34.6437 0.0000e+00
     117851 315.513431 -9.990e-29  -57.88014     -0.531    1459.49    230.000    227.662    -0.4380    -0.4426    -0.0046    -0.4456    -0.4502    -0.0046   2.837216   2.836834  -0.000353    34.4820    34.4825     5.9782    27.7101    27.7106    34.4703    27.7006    1450.14    1450.12    -0.4455  1028.7984    34.6327 0.0000e+00
     117883 315.513446 -9.990e-29  -57.88012     -0.713    1459.49    229.000    226.674    -0.4914    -0.4959    -0.0045    -0.4989    -0.5034    -0.0045   2.832452   2.832102  -0.000404    34.4782    34.4779     6.0398    27.7094    27.7094    34.4675    27.7008    1449.88    1449.86    -0.4987  1028.7944    34.6300 0.0000e+00
     117914 315.513461  -62.35274  -57.88011     -0.779    1459.49    228.000    225.681    -0.5200    -0.5241    -0.0040    -0.5274    -0.5315    -0.0040   2.829776   2.829454  -0.000311    34.4749    34.4753     6.0874    27.7081    27.7086    34.4646    27.6997    1449.72    1449.71    -0.5273  1028.7891    34.6275 0.0000e+00
     117946 315.513476  -62.35274  -57.88010     -0.761    1459.49    227.000    224.695    -0.5550    -0.5594    -0.0044    -0.5623    -0.5667    -0.0044   2.826673   2.826308  -0.000380    34.4721    34.4720     6.1401    27.7073    27.7075    34.4632    27.7002    1449.54    1449.52    -0.5621  1028.7893    34.6314 0.0000e+00
     117979 315.513493  -62.35274  -57.88007     -0.727    1459.49    226.000    223.706    -0.5669    -0.5687    -0.0018    -0.5741    -0.5760    -0.0018   2.825629   2.825470  -0.000158    34.4702    34.4702     6.1905    27.7064    27.7064    34.4633    27.7008    1449.47    1449.46    -0.5740  1028.7852    34.6315 0.0000e+00
     118015 315.513510  -62.35274  -57.88006     -0.672    1459.49    225.000    222.720    -0.5752    -0.5763    -0.0011    -0.5824    -0.5835    -0.0011   2.824853   2.824792  -0.000083    34.4688    34.4690     6.2314    27.7056    27.7057    34.4629    27.7008    1449.41    1449.41    -0.5822  1028.7806    34.6311 0.0000e+00
     118055 315.513529  -62.35274  -57.88004     -0.606    1459.49    224.000    221.729    -0.5710    -0.5688     0.0022    -0.5782    -0.5759     0.0022   2.825310   2.825506   0.000179    34.4684    34.4683     6.2503    27.7051    27.7049    34.4649    27.7023    1449.42    1449.43    -0.5780  1028.7772    34.6331 0.0000e+00
     118095 315.513548  -62.35272  -57.88002     -0.588    1459.49    223.000    220.730    -0.5529    -0.5518     0.0010    -0.5601    -0.5590     0.0010   2.826834   2.826851   0.000061    34.4685    34.4681     6.2591    27.7043    27.7040    34.4654    27.7019    1449.49    1449.49    -0.5599  1028.7720    34.6336 0.0000e+00
     118123 315.513562  -62.35272  -57.88001     -0.784    1459.49    222.000    219.749    -0.5776    -0.5803    -0.0028    -0.5847    -0.5874    -0.0028   2.824469   2.824271  -0.000270    34.4672    34.4667     6.2652    27.7044    27.7041    34.4623    27.7004    1449.35    1449.34    -0.5845  1028.7659    34.6305 0.0000e+00
     118156 315.513578  -62.35272  -57.87999     -0.770    1459.49    221.000    218.761    -0.5831    -0.5839    -0.0008    -0.5902    -0.5909    -0.0008   2.824018   2.823935  -0.000080    34.4662    34.4660     6.2430    27.7038    27.7037    34.4631    27.7013    1449.31    1449.31    -0.5900  1028.7621    34.6313 0.0000e+00
     118208 315.513603  -62.35272  -57.87996     -0.420    1459.49    220.000    217.768    -0.6064    -0.6062     0.0001    -0.6133    -0.6132     0.0001   2.821859   2.821839  -0.000006    34.4642    34.4640     6.2488    27.7033    27.7030    34.4611    27.7007    1449.18    1449.18    -0.6132  1028.7569    34.6292 0.0000e+00
     118241 315.513619  -62.35272  -57.87995     -0.654    1459.49    219.000    216.783    -0.5934    -0.5926     0.0008    -0.6004    -0.5996     0.0008   2.823024   2.823090   0.000052    34.4634    34.4632     6.2584    27.7020    27.7018    34.4626    27.7014    1449.23    1449.24    -0.6002  1028.7527    34.6308 0.0000e+00
     118269 315.513632  -62.35272  -57.87993     -0.862    1459.49    218.000    215.788    -0.5726    -0.5656     0.0071    -0.5796    -0.5726     0.0071   2.824844   2.825492   0.000598    34.4627    34.4627     6.2686    27.7005    27.7002    34.4642    27.7017    1449.31    1449.35    -0.5794  1028.7481    34.6323 0.0000e+00
     118300 315.513647  -62.35272  -57.87992     -0.799    1459.49    217.000    214.805    -0.5430    -0.5397     0.0033    -0.5500    -0.5467     0.0033   2.827095   2.827335   0.000273    34.4611    34.4610     6.2870    27.6979    27.6976    34.4615    27.6982    1449.43    1449.45    -0.5499  1028.7396    34.6296 0.0000e+00
     118803 315.513890  -62.35267  -57.87968     -0.685    1459.49    216.000    213.786    -0.5806    -0.5821    -0.0015    -0.5875    -0.5890    -0.0015   2.823455   2.823324  -0.000133    34.4572    34.4571     6.2774    27.6964    27.6964    34.4557    27.6952    1449.23    1449.23    -0.5873  1028.7322    34.6238 0.0000e+00
     119746 315.514345  -62.35260  -57.87924     -0.832    1459.49    215.000    212.823    -0.6531    -0.6533    -0.0002    -0.6598    -0.6600    -0.0002   2.816620   2.816601  -0.000052    34.4515    34.4509     6.2928    27.6949    27.6945    34.4467    27.6911    1448.87    1448.86    -0.6597  1028.7238    34.6147 0.0000e+00
