Pos-Processados/process_op41/Processamento_split/up/uoperantar41_006.cnv
* Sea-Bird SBE 9 Data File:
* FileName = C:\Users\Dell\Desktop\OperantarXLI\config\00_BRUTOS\OP41006.hdr
* Software Version Seasave V 7.26.7.110
* Temperature SN = 6497
* Conductivity SN = 4954
* Number of Bytes Per Scan = 31
* Number of Voltage Words = 2
* Number of Scans Averaged by the Deck Unit = 1
* NMEA Latitude = 42 12.54 S
* NMEA Longitude = 053 27.22 W
* NMEA UTC (Time) = Oct 22 2022 00:21:34
* NMEA baud rate = 4800
** H41
** Navio Polar Almirante Maximiano
** LH-021/2022
** Operantar XLI
** Número da Estação 006
** Latitude 42 12.640'S
** Longitude 053 27.212W
** Data/Hora (Z) 22/10/2022 00:19
** Profundidade local 5571 m
** 09-1439
** Nome do Operador CT Garla
# nquan = 30
# nvalues = 1014                        
# units = specified
# name 0 = scan: Scan Count
# name 1 = timeJ: Julian Days
# name 2 = latitude: Latitude [deg]
# name 3 = longitude: Longitude [deg]
# name 4 = dz/dtM: Descent Rate [m/s]
# name 5 = avgsvCM: Average Sound Velocity [Chen-Millero, m/s]
# name 6 = prDM: Pressure, Digiquartz [db]
# name 7 = depSM: Depth [salt water, m]
# name 8 = t090C: Temperature [ITS-90, deg C]
# name 9 = t190C: Temperature, 2 [ITS-90, deg C]
# name 10 = T2-T190C: Temperature Difference, 2 - 1 [ITS-90, deg C]
# name 11 = potemp090C: Potential Temperature [ITS-90, deg C]
# name 12 = potemp190C: Potential Temperature, 2 [ITS-90, deg C]
# name 13 = potemp90Cdiff: Potential Temperature, Diff, 2 - 1 [ITS-90, deg C]
# name 14 = c0S/m: Conductivity [S/m]
# name 15 = c1S/m: Conductivity, 2 [S/m]
# name 16 = C2-C1S/m: Conductivity Difference, 2 - 1 [S/m]
# name 17 = sal00: Salinity, Practical [PSU]
# name 18 = sal11: Salinity, Practical, 2 [PSU]
# name 19 = sbeox0ML/L: Oxygen, SBE 43 [ml/l]
# name 20 = sigma-é00: Density [sigma-theta, kg/m^3]
# name 21 = sigma-é11: Density, 2 [sigma-theta, kg/m^3]
# name 22 = sal00: Salinity, Practical [PSU]
# name 23 = sigma-é00: Density [sigma-theta, kg/m^3]
# name 24 = svCM: Sound Velocity [Chen-Millero, m/s]
# name 25 = svCM1: Sound Velocity, 2 [Chen-Millero, m/s]
# name 26 = gsw_ptA0: potential temperature [ITS-90, deg C]
# name 27 = gsw_densityA0: density, TEOS-10 [density, kg/m^3]
# name 28 = gsw_saA0: Absolute Salinity [g/kg]
# name 29 = flag:
# span 0 =      37143,      70680       
# span 1 = 295.032889, 295.049062       
# span 2 =  -42.19764,  -42.18751       
# span 3 =  -53.45734,  -53.45594       
# span 4 =     -2.159,     -0.084       
# span 5 =    1478.74,    1478.74       
# span 6 =      7.000,   1020.000       
# span 7 =      7.026,   1009.502       
# span 8 =     3.0853,    12.3486       
# span 9 =     3.0860,    12.3481       
# span 10 =    -0.2245,     0.2769      
# span 11 =     3.0155,    12.3473      
# span 12 =     3.0161,    12.3464      
# span 13 =    -0.2244,     0.2768      
# span 14 =   3.158297,   4.033086      
# span 15 =   3.158374,   4.031827      
# span 16 =  -0.022496,   0.034770      
# span 17 =    34.1142,    35.0576      
# span 18 =    34.1148,    35.0587      
# span 19 =     4.3442,     6.4900      
# span 20 =    26.3857,    27.3775      
# span 21 =    26.3869,    27.3776      
# span 22 =    34.1141,    35.0697      
# span 23 =    26.3869,    27.3774      
# span 24 =    1473.85,    1498.70      
# span 25 =    1473.85,    1498.65      
# span 26 =     3.0153,    12.3473      
# span 27 =  1026.4224,  1032.1009      
# span 28 =    34.2760,    35.2354      
# span 29 = 0.0000e+00, 0.0000e+00      
# interval = decibars: 1                
# start_time = Oct 22 2022 00:21:34 [NMEA time, header]
# bad_flag = -9.990e-29
*END*
[from data line 677]
      58230 295.043058  -42.19118  -53.45708     -0.696    1478.74    343.000    340.021     5.2942     5.2979     0.0037     5.2667     5.2704     0.0037   3.319433   3.320027   0.000700    34.2087    34.2129     5.8285    27.0168    27.0198    34.2152    27.0221    1476.55    1476.57     5.2666  1028.6030    34.3775 0.0000e+00
      58253 295.043069  -42.19116  -53.45710     -0.934    1478.74    342.000    339.031     5.3194     5.3153    -0.0041     5.2919     5.2877    -0.0042   3.321856   3.321627  -0.000239    34.2124    34.2139     5.8111    27.0169    27.0185    34.2178    27.0211    1476.64    1476.62     5.2918  1028.5973    34.3801 0.0000e+00
      58277 295.043081  -42.19116  -53.45710     -1.032    1478.74    341.000    338.040     5.3218     5.3238     0.0020     5.2944     5.2964     0.0020   3.321984   3.322243   0.000276    34.2130    34.2141     5.8008    27.0171    27.0177    34.2173    27.0204    1476.63    1476.64     5.2943  1028.5920    34.3795 0.0000e+00
      58303 295.043093  -42.19116  -53.45710     -0.955    1478.74    340.000    337.050     5.3248     5.3255     0.0006     5.2975     5.2981     0.0006   3.322140   3.322228   0.000130    34.2130    34.2138     5.7840    27.0166    27.0172    34.2165    27.0194    1476.63    1476.63     5.2974  1028.5864    34.3788 0.0000e+00
      58331 295.043107  -42.19114  -53.45708     -0.861    1478.74    339.000    336.059     5.3225     5.3210    -0.0015     5.2952     5.2937    -0.0015   3.321865   3.321718  -0.000125    34.2132    34.2133     5.7718    27.0171    27.0173    34.2163    27.0195    1476.60    1476.59     5.2951  1028.5819    34.3785 0.0000e+00
      58357 295.043119  -42.19113  -53.45708     -0.903    1478.74    338.000    335.069     5.3228     5.3319     0.0091     5.2956     5.3047     0.0091   3.321802   3.322904   0.000961    34.2132    34.2149     5.7669    27.0170    27.0173    34.2157    27.0190    1476.58    1476.62     5.2955  1028.5768    34.3780 0.0000e+00
      58391 295.043135  -42.19112  -53.45708     -0.784    1478.74    337.000    334.078     5.3348     5.3511     0.0163     5.3076     5.3239     0.0163   3.322909   3.324670   0.001736    34.2135    34.2168     5.7657    27.0159    27.0165    34.2167    27.0184    1476.62    1476.69     5.3076  1028.5715    34.3790 0.0000e+00
      58432 295.043155  -42.19111  -53.45710     -0.548    1478.74    336.000    333.088     5.3571     5.3618     0.0047     5.3300     5.3347     0.0047   3.325203   3.325645   0.000575    34.2163    34.2180     5.7833    27.0154    27.0162    34.2207    27.0189    1476.69    1476.71     5.3299  1028.5672    34.3830 0.0000e+00
      58457 295.043168  -42.19110  -53.45710     -0.774    1478.74    335.000    332.098     5.3775     5.3687    -0.0088     5.3504     5.3416    -0.0088   3.327121   3.326301  -0.000779    34.2184    34.2185     5.7835    27.0146    27.0158    34.2223    27.0178    1476.76    1476.73     5.3503  1028.5613    34.3846 0.0000e+00
      58476 295.043177  -42.19110  -53.45710     -1.070    1478.74    334.000    331.107     5.3837     5.3851     0.0014     5.3567     5.3581     0.0014   3.327680   3.327981   0.000280    34.2198    34.2216     5.7763    27.0150    27.0163    34.2229    27.0175    1476.77    1476.78     5.3566  1028.5564    34.3852 0.0000e+00
      58494 295.043185  -42.19110  -53.45710     -1.269    1478.74    333.000    330.116     5.3867     5.3889     0.0022     5.3598     5.3620     0.0022   3.327946   3.328248   0.000291    34.2209    34.2220     5.7685    27.0155    27.0161    34.2234    27.0175    1476.77    1476.78     5.3597  1028.5518    34.3857 0.0000e+00
      58524 295.043200  -42.19108  -53.45710     -1.009    1478.74    332.000    329.127     5.3907     5.3947     0.0040     5.3638     5.3678     0.0040   3.328289   3.328738   0.000468    34.2214    34.2227     5.7604    27.0154    27.0160    34.2238    27.0173    1476.77    1476.79     5.3637  1028.5470    34.3861 0.0000e+00
      58575 295.043225  -42.19106  -53.45710     -0.346    1478.74    331.000    328.133     5.3938     5.3922    -0.0016     5.3670     5.3654    -0.0016   3.328462   3.328389  -0.000072    34.2215    34.2223     5.7478    27.0151    27.0160    34.2231    27.0164    1476.76    1476.76     5.3669  1028.5414    34.3854 0.0000e+00
      58600 295.043236  -42.19106  -53.45710     -0.726    1478.74    330.000    327.145     5.3922     5.3921    -0.0001     5.3655     5.3653    -0.0001   3.328230   3.328288   0.000067    34.2214    34.2223     5.7458    27.0152    27.0160    34.2226    27.0162    1476.74    1476.74     5.3654  1028.5367    34.3848 0.0000e+00
      58617 295.043245  -42.19106  -53.45710     -1.104    1478.74    329.000    326.154     5.3913     5.3914     0.0001     5.3647     5.3647     0.0001   3.328086   3.328146   0.000064    34.2213    34.2220     5.7457    27.0153    27.0158    34.2224    27.0161    1476.72    1476.72     5.3646  1028.5320    34.3846 0.0000e+00
      58634 295.043253  -42.19104  -53.45712     -1.342    1478.74    328.000    325.164     5.3859     5.3879     0.0021     5.3593     5.3614     0.0021   3.327362   3.327697   0.000281    34.2204    34.2215     5.7438    27.0152    27.0158    34.2202    27.0150    1476.68    1476.69     5.3592  1028.5264    34.3824 0.0000e+00
      58657 295.043264  -42.19104  -53.45712     -1.264    1478.74    327.000    324.173     5.3831     5.3784    -0.0047     5.3567     5.3520    -0.0047   3.327151   3.326547  -0.000463    34.2202    34.2197     5.7430    27.0153    27.0155    34.2210    27.0160    1476.65    1476.63     5.3566  1028.5228    34.3833 0.0000e+00
      58704 295.043287  -42.19103  -53.45712     -0.585    1478.74    326.000    323.185     5.3679     5.3638    -0.0041     5.3415     5.3374    -0.0041   3.325378   3.325000  -0.000386    34.2173    34.2170     5.7717    27.0148    27.0151    34.2168    27.0145    1476.57    1476.55     5.3415  1028.5168    34.3790 0.0000e+00
      58766 295.043316  -42.19100  -53.45712     -0.334    1478.74    325.000    322.185     5.3604     5.3576    -0.0028     5.3342     5.3314    -0.0028   3.324571   3.324321  -0.000244    34.2157    34.2158     5.7950    27.0145    27.0148    34.2157    27.0145    1476.52    1476.51     5.3341  1028.5123    34.3779 0.0000e+00
      58785 295.043325  -42.19100  -53.45712     -0.809    1478.74    324.000    321.202     5.3570     5.3567    -0.0003     5.3309     5.3306    -0.0003   3.324139   3.324179   0.000031    34.2151    34.2157     5.7992    27.0144    27.0149    34.2148    27.0141    1476.49    1476.49     5.3308  1028.5073    34.3770 0.0000e+00
      58800 295.043333  -42.19100  -53.45712     -1.194    1478.74    323.000    320.211     5.3562     5.3563     0.0001     5.3302     5.3302     0.0001   3.324011   3.324081   0.000070    34.2149    34.2156     5.7942    27.0143    27.0149    34.2146    27.0141    1476.47    1476.47     5.3301  1028.5027    34.3768 0.0000e+00
      58815 295.043340  -42.19100  -53.45712     -1.462    1478.74    322.000    319.220     5.3560     5.3561 -1.400e-08     5.3301     5.3301 -1.400e-08   3.323940   3.324005   0.000060    34.2147    34.2154     5.7889    27.0142    27.0147    34.2145    27.0139    1476.45    1476.45     5.3300  1028.4980    34.3766 0.0000e+00
      58831 295.043348  -42.19100  -53.45712     -1.576    1478.74    321.000    318.229     5.3564     5.3562    -0.0002     5.3305     5.3303    -0.0002   3.323927   3.323977   0.000061    34.2145    34.2153     5.7846    27.0139    27.0146    34.2145    27.0139    1476.44    1476.44     5.3304  1028.4934    34.3766 0.0000e+00
      58850 295.043357  -42.19098  -53.45712     -1.443    1478.74    320.000    317.239     5.3589     5.3582    -0.0008     5.3331     5.3324    -0.0008   3.324105   3.324106  -0.000005    34.2144    34.2151     5.7799    27.0136    27.0142    34.2144    27.0136    1476.43    1476.43     5.3330  1028.4884    34.3766 0.0000e+00
      58877 295.043370  -42.19098  -53.45712     -1.061    1478.74    319.000    316.248     5.3629     5.3652     0.0024     5.3371     5.3395     0.0024   3.324449   3.324803   0.000322    34.2145    34.2157     5.7827    27.0131    27.0138    34.2149    27.0135    1476.43    1476.44     5.3370  1028.4837    34.3770 0.0000e+00
      58924 295.043393  -42.19095  -53.45712     -0.545    1478.74    318.000    315.259     5.3754     5.3800     0.0046     5.3498     5.3543     0.0046   3.325688   3.326250   0.000549    34.2155    34.2171     5.7896    27.0124    27.0131    34.2167    27.0134    1476.47    1476.49     5.3497  1028.4789    34.3789 0.0000e+00
      58978 295.043418  -42.19094  -53.45712     -0.428    1478.74    317.000    314.267     5.3979     5.3995     0.0017     5.3722     5.3739     0.0017   3.327855   3.328117   0.000280    34.2176    34.2191     5.7737    27.0115    27.0124    34.2191    27.0127    1476.55    1476.55     5.3722  1028.4734    34.3813 0.0000e+00
      59007 295.043432  -42.19092  -53.45713     -0.723    1478.74    316.000    313.276     5.4071     5.4084     0.0012     5.3815     5.3827     0.0012   3.328717   3.328914   0.000204    34.2188    34.2199     5.7702    27.0113    27.0120    34.2201    27.0123    1476.57    1476.57     5.3814  1028.4684    34.3823 0.0000e+00
      59029 295.043443  -42.19092  -53.45714     -0.951    1478.74    315.000    312.286     5.4088     5.4094     0.0006     5.3833     5.3839     0.0006   3.328837   3.328952   0.000129    34.2192    34.2200     5.7680    27.0113    27.0120    34.2202    27.0122    1476.56    1476.56     5.3832  1028.4637    34.3824 0.0000e+00
      59048 295.043453  -42.19092  -53.45714     -1.130    1478.74    314.000    311.295     5.4121     5.4146     0.0025     5.3867     5.3891     0.0025   3.329214   3.329603   0.000348    34.2196    34.2211     5.7552    27.0113    27.0122    34.2217    27.0129    1476.56    1476.57     5.3866  1028.4598    34.3839 0.0000e+00
      59067 295.043462  -42.19092  -53.45714     -1.249    1478.74    313.000    310.305     5.4356     5.4325    -0.0031     5.4102     5.4070    -0.0031   3.331608   3.331399  -0.000190    34.2220    34.2230     5.7423    27.0104    27.0116    34.2256    27.0132    1476.64    1476.63     5.4101  1028.4554    34.3878 0.0000e+00
      59088 295.043472  -42.19091  -53.45714     -1.230    1478.74    312.000    309.314     5.4435     5.4505     0.0071     5.4181     5.4251     0.0071   3.332237   3.333109   0.000788    34.2230    34.2248     5.7452    27.0103    27.0109    34.2253    27.0120    1476.66    1476.69     5.4180  1028.4495    34.3875 0.0000e+00
      59116 295.043485  -42.19090  -53.45714     -0.985    1478.74    311.000    308.323     5.4599     5.4665     0.0066     5.4346     5.4411     0.0066   3.333900   3.334623   0.000753    34.2252    34.2270     5.7401    27.0099    27.0107    34.2281    27.0122    1476.71    1476.74     5.4345  1028.4450    34.3903 0.0000e+00
      59151 295.043502  -42.19088  -53.45714     -0.712    1478.74    310.000    307.333     5.4691     5.4747     0.0056     5.4438     5.4495     0.0056   3.334695   3.335350   0.000624    34.2264    34.2278     5.7150    27.0099    27.0103    34.2283    27.0113    1476.73    1476.75     5.4438  1028.4394    34.3905 0.0000e+00
      59185 295.043518  -42.19087  -53.45714     -0.688    1478.74    309.000    306.342     5.4766     5.4800     0.0034     5.4514     5.4548     0.0034   3.335404   3.335812   0.000431    34.2271    34.2285     5.7063    27.0094    27.0102    34.2293    27.0112    1476.74    1476.76     5.4513  1028.4346    34.3915 0.0000e+00
      59217 295.043534  -42.19086  -53.45714     -0.735    1478.74    308.000    305.351     5.4893     5.4941     0.0049     5.4641     5.4690     0.0049   3.336654   3.337228   0.000573    34.2282    34.2298     5.6937    27.0088    27.0095    34.2311    27.0111    1476.78    1476.80     5.4641  1028.4299    34.3933 0.0000e+00
      59246 295.043548  -42.19084  -53.45714     -0.793    1478.74    307.000    304.361     5.5046     5.5078     0.0032     5.4795     5.4827     0.0032   3.338112   3.338501   0.000410    34.2299    34.2313     5.6842    27.0083    27.0090    34.2326    27.0105    1476.83    1476.84     5.4794  1028.4245    34.3948 0.0000e+00
      59269 295.043559  -42.19084  -53.45714     -0.946    1478.74    306.000    303.370     5.5135     5.5141     0.0006     5.4884     5.4891     0.0006   3.338909   3.339026   0.000140    34.2308    34.2318     5.6816    27.0079    27.0086    34.2332    27.0099    1476.85    1476.85     5.4884  1028.4190    34.3951 0.0000e+00
      59292 295.043570 -9.990e-29  -53.45714     -1.053    1478.74    305.000    302.380     5.5219     5.5215    -0.0004     5.4970     5.4965    -0.0004   3.339727   3.339794   0.000056    34.2318    34.2328     5.6770    27.0077    27.0086    34.2344    27.0098    1476.87    1476.87     5.4969  1028.4141    34.3962 0.0000e+00
      59334 295.043590  -42.19082  -53.45714     -0.651    1478.74    304.000    301.391     5.5414     5.5451     0.0037     5.5164     5.5201     0.0037   3.341543   3.341988   0.000440    34.2332    34.2344     5.6773    27.0065    27.0070    34.2358    27.0086    1476.93    1476.95     5.5164  1028.4082    34.3976 0.0000e+00
      59386 295.043616  -42.19082  -53.45714     -0.387    1478.74    303.000    300.398     5.5424     5.5408    -0.0017     5.5176     5.5159    -0.0017   3.341334   3.341123  -0.000170    34.2319    34.2317     5.6700    27.0053    27.0053    34.2329    27.0061    1476.92    1476.91     5.5175  1028.4015    34.3951 0.0000e+00
      59407 295.043626  -42.19080  -53.45716     -0.814    1478.74    302.000    299.407     5.5419     5.5415    -0.0004     5.5171     5.5167    -0.0004   3.341230   3.341253   0.000028    34.2314    34.2321     5.6618    27.0049    27.0056    34.2328    27.0061    1476.90    1476.90     5.5170  1028.3969    34.3950 0.0000e+00
      59424 295.043634  -42.19080  -53.45714     -1.149    1478.74    301.000    298.416     5.5419     5.5425     0.0005     5.5173     5.5178     0.0005   3.341074   3.341219   0.000120    34.2309    34.2317     5.6681    27.0045    27.0051    34.2314    27.0050    1476.88    1476.88     5.5172  1028.3912    34.3936 0.0000e+00
      59440 295.043641  -42.19079  -53.45714     -1.381    1478.74    300.000    297.426     5.5388     5.5403     0.0014     5.5142     5.5157     0.0014   3.340693   3.340902   0.000213    34.2302    34.2311     5.6749    27.0043    27.0049    34.2308    27.0048    1476.85    1476.86     5.5142  1028.3865    34.3930 0.0000e+00
      59456 295.043649  -42.19078  -53.45714     -1.512    1478.74    299.000    296.435     5.5381     5.5382     0.0001     5.5136     5.5137     0.0001   3.340632   3.340665   0.000088    34.2301    34.2310     5.6803    27.0043    27.0050    34.2313    27.0053    1476.83    1476.83     5.5135  1028.3824    34.3935 0.0000e+00
      59473 295.043657  -42.19078  -53.45714     -1.508    1478.74    298.000    295.444     5.5422     5.5386    -0.0036     5.5178     5.5142    -0.0036   3.340952   3.340676  -0.000264    34.2303    34.2310     5.6807    27.0040    27.0050    34.2313    27.0048    1476.83    1476.82     5.5177  1028.3773    34.3935 0.0000e+00
      59495 295.043668  -42.19078  -53.45715     -1.275    1478.74    297.000    294.454     5.5446     5.5441    -0.0005     5.5203     5.5197    -0.0005   3.341160   3.341259   0.000054    34.2306    34.2317     5.6797    27.0039    27.0049    34.2317    27.0049    1476.83    1476.82     5.5202  1028.3727    34.3939 0.0000e+00
      59553 295.043696  -42.19076  -53.45716     -0.435    1478.74    296.000    293.462     5.5982     5.6086     0.0104     5.5738     5.5842     0.0104   3.346603   3.347895   0.001129    34.2366    34.2388     5.6756    27.0022    27.0027    34.2397    27.0047    1477.03    1477.08     5.5737  1028.3675    34.4019 0.0000e+00
