Pos-Processados/process_op41/Processamento_split/up/uoperantar41_019.cnv
* Sea-Bird SBE 9 Data File:
* FileName = C:\Users\Dell\Desktop\OperantarXLI\config\00_BRUTOS\OPE41019.hdr
* Software Version Seasave V 7.26.7.110
* Temperature SN = 6497
* Conductivity SN = 4954
* Number of Bytes Per Scan = 34
* Number of Voltage Words = 3
* Number of Scans Averaged by the Deck Unit = 1
* NMEA Latitude = 62 55.48 S
* NMEA Longitude = 060 08.48 W
* NMEA UTC (Time) = Nov 11 2022 01:08:15
* NMEA baud rate = 4800
** H41
** Navio Polar Almirante Maximiano
** LH-021/2022
** Operantar XLI
** Número da Estação 019
** Latitude 62 55.478'S
** Longitude 060 08.483' W
** Data/Hora (Z) 11/11/2022 0110Z
** Profundidade local 1020 m
** 09-1439
** Nome do Operador CT Garla
# nquan = 30
# nvalues = 934                         
# units = specified
# name 0 = scan: Scan Count
# name 1 = timeJ: Julian Days
# name 2 = latitude: Latitude [deg]
# name 3 = longitude: Longitude [deg]
# name 4 = dz/dtM: Descent Rate [m/s]
# name 5 = avgsvCM: Average Sound Velocity [Chen-Millero, m/s]
# name 6 = prDM: Pressure, Digiquartz [db]
# name 7 = depSM: Depth [salt water, m]
# name 8 = t090C: Temperature [ITS-90, deg C]
# name 9 = t190C: Temperature, 2 [ITS-90, deg C]
# name 10 = T2-T190C: Temperature Difference, 2 - 1 [ITS-90, deg C]
# name 11 = potemp090C: Potential Temperature [ITS-90, deg C]
# name 12 = potemp190C: Potential Temperature, 2 [ITS-90, deg C]
# name 13 = potemp90Cdiff: Potential Temperature, Diff, 2 - 1 [ITS-90, deg C]
# name 14 = c0S/m: Conductivity [S/m]
# name 15 = c1S/m: Conductivity, 2 [S/m]
# name 16 = C2-C1S/m: Conductivity Difference, 2 - 1 [S/m]
# name 17 = sal00: Salinity, Practical [PSU]
# name 18 = sal11: Salinity, Practical, 2 [PSU]
# name 19 = sbeox0ML/L: Oxygen, SBE 43 [ml/l]
# name 20 = sigma-é00: Density [sigma-theta, kg/m^3]
# name 21 = sigma-é11: Density, 2 [sigma-theta, kg/m^3]
# name 22 = sal00: Salinity, Practical [PSU]
# name 23 = sigma-é00: Density [sigma-theta, kg/m^3]
# name 24 = svCM: Sound Velocity [Chen-Millero, m/s]
# name 25 = svCM1: Sound Velocity, 2 [Chen-Millero, m/s]
# name 26 = gsw_ptA0: potential temperature [ITS-90, deg C]
# name 27 = gsw_densityA0: density, TEOS-10 [density, kg/m^3]
# name 28 = gsw_saA0: Absolute Salinity [g/kg]
# name 29 = flag:
# span 0 =      28446,      55295       
# span 1 = 315.061114, 315.074061       
# span 2 =  -62.92721,  -62.92622       
# span 3 =  -60.13928,  -60.13856       
# span 4 =     -1.367,     -0.140       
# span 5 =    1451.82,    1451.82       
# span 6 =      0.000,    933.000       
# span 7 =      0.001,    921.921       
# span 8 =    -1.2986,    -0.5153       
# span 9 =    -1.2988,    -0.5162       
# span 10 =    -0.0144,     0.0164      
# span 11 =    -1.3065,    -0.5291      
# span 12 =    -1.3066,    -0.5300      
# span 13 =    -0.0143,     0.0163      
# span 14 =   2.765179,   2.858227      
# span 15 =   2.765197,   2.858184      
# span 16 =  -0.001294,   0.001475      
# span 17 =    34.3011,    34.5517      
# span 18 =    34.3018,    34.5518      
# span 19 =     5.7519,     7.4899      
# span 20 =    27.5810,    27.7764      
# span 21 =    27.5815,    27.7765      
# span 22 =    34.3016,    34.5516      
# span 23 =    27.5812,    27.7763      
# span 24 =    1444.26,    1460.89      
# span 25 =    1444.25,    1460.89      
# span 26 =    -1.3062,    -0.5288      
# span 27 =  1027.5861,  1032.2023      
# span 28 =    34.4670,    34.7212      
# span 29 = 0.0000e+00, 0.0000e+00      
# interval = decibars: 1                
# start_time = Nov 11 2022 01:08:15 [NMEA time, header]
# bad_flag = -9.990e-29
*END*
[from data line 291]
      35408 315.064471  -62.92654  -60.13858     -0.933    1451.82    642.000    634.819    -1.0274    -1.0284    -0.0010    -1.0480    -1.0490    -0.0010   2.808531   2.808475  -0.000081    34.5046    34.5046     6.2529    27.7537    27.7538    34.5034    27.7528    1454.17    1454.17    -1.0475  1030.8181    34.6723 0.0000e+00
      35430 315.064481  -62.92654  -60.13858     -1.051    1451.82    641.000    633.831    -1.0305    -1.0317    -0.0012    -1.0510    -1.0522    -0.0012   2.808190   2.808075  -0.000109    34.5042    34.5041     6.2696    27.7536    27.7535    34.5029    27.7525    1454.14    1454.13    -1.0505  1030.8131    34.6718 0.0000e+00
      35451 315.064492  -62.92654  -60.13858     -1.123    1451.82    640.000    632.844    -1.0348    -1.0387    -0.0038    -1.0553    -1.0591    -0.0038   2.807789   2.807377  -0.000390    34.5043    34.5034     6.2767    27.7538    27.7532    34.5030    27.7527    1454.10    1454.08    -1.0548  1030.8087    34.6718 0.0000e+00
      35475 315.064503  -62.92654  -60.13858     -1.066    1451.82    639.000    631.857    -1.0369    -1.0412    -0.0042    -1.0574    -1.0616    -0.0042   2.807530   2.807158  -0.000389    34.5039    34.5035     6.2845    27.7535    27.7534    34.5025    27.7524    1454.07    1454.05    -1.0569  1030.8037    34.6713 0.0000e+00
      35501 315.064516  -62.92654  -60.13858     -0.953    1451.82    638.000    630.869    -1.0420    -1.0434    -0.0014    -1.0624    -1.0637    -0.0014   2.807043   2.806895  -0.000139    34.5033    34.5030     6.2909    27.7532    27.7530    34.5023    27.7524    1454.03    1454.03    -1.0619  1030.7991    34.6711 0.0000e+00
      35525 315.064527  -62.92654  -60.13858     -0.947    1451.82    637.000    629.882    -1.0437    -1.0452    -0.0015    -1.0640    -1.0655    -0.0015   2.806831   2.806686  -0.000149    34.5029    34.5026     6.2923    27.7530    27.7529    34.5019    27.7522    1454.01    1454.00    -1.0635  1030.7941    34.6708 0.0000e+00
      35547 315.064538  -62.92654  -60.13858     -1.029    1451.82    636.000    628.895    -1.0475    -1.0478    -0.0003    -1.0678    -1.0681    -0.0003   2.806386   2.806378  -0.000026    34.5022    34.5023     6.2988    27.7526    27.7526    34.5009    27.7515    1453.97    1453.97    -1.0673  1030.7888    34.6697 0.0000e+00
      35569 315.064549  -62.92654  -60.13858     -1.102    1451.82    635.000    627.907    -1.0503    -1.0504    -0.0000    -1.0706    -1.0706    -0.0000   2.806119   2.806126   0.000012    34.5020    34.5022     6.3005    27.7525    27.7526    34.5010    27.7517    1453.94    1453.94    -1.0700  1030.7843    34.6699 0.0000e+00
      35590 315.064559  -62.92654  -60.13858     -1.118    1451.82    634.000    626.920    -1.0505    -1.0521    -0.0016    -1.0706    -1.0722    -0.0016   2.806096   2.805913  -0.000160    34.5022    34.5018     6.3073    27.7527    27.7524    34.5015    27.7521    1453.93    1453.92    -1.0702  1030.7800    34.6703 0.0000e+00
      35613 315.064570  -62.92654  -60.13858     -1.082    1451.82    633.000    625.933    -1.0517    -1.0529    -0.0012    -1.0718    -1.0730    -0.0012   2.805896   2.805818  -0.000107    34.5019    34.5018     6.3117    27.7524    27.7524    34.5008    27.7516    1453.90    1453.90    -1.0713  1030.7748    34.6696 0.0000e+00
      35637 315.064581  -62.92654  -60.13858     -1.029    1451.82    632.000    624.945    -1.0525    -1.0543    -0.0019    -1.0726    -1.0744    -0.0019   2.805816   2.805628  -0.000176    34.5019    34.5016     6.3108    27.7525    27.7523    34.5011    27.7519    1453.88    1453.87    -1.0721  1030.7704    34.6700 0.0000e+00
      35661 315.064593  -62.92654  -60.13858     -1.014    1451.82    631.000    623.958    -1.0529    -1.0549    -0.0019    -1.0730    -1.0749    -0.0019   2.805730   2.805548  -0.000190    34.5018    34.5014     6.3243    27.7524    27.7522    34.5011    27.7519    1453.87    1453.86    -1.0725  1030.7656    34.6700 0.0000e+00
      35684 315.064604  -62.92654  -60.13858     -1.028    1451.82    630.000    622.971    -1.0538    -1.0542    -0.0004    -1.0738    -1.0742    -0.0004   2.805598   2.805567  -0.000035    34.5015    34.5015     6.3253    27.7522    27.7522    34.5010    27.7518    1453.84    1453.84    -1.0733  1030.7608    34.6698 0.0000e+00
      35708 315.064616  -62.92654  -60.13858     -1.019    1451.82    629.000    621.983    -1.0533    -1.0544    -0.0011    -1.0733    -1.0744    -0.0011   2.805591   2.805500  -0.000091    34.5014    34.5014     6.3233    27.7521    27.7522    34.5008    27.7516    1453.83    1453.82    -1.0728  1030.7559    34.6696 0.0000e+00
      35734 315.064628  -62.92654  -60.13858     -0.950    1451.82    628.000    620.996    -1.0540    -1.0554    -0.0014    -1.0739    -1.0753    -0.0014   2.805504   2.805374  -0.000129    34.5015    34.5013     6.3223    27.7522    27.7521    34.5011    27.7519    1453.81    1453.80    -1.0734  1030.7515    34.6699 0.0000e+00
      35761 315.064641  -62.92654  -60.13858     -0.886    1451.82    627.000    620.009    -1.0543    -1.0545    -0.0002    -1.0742    -1.0744    -0.0002   2.805413   2.805409  -0.000016    34.5012    34.5013     6.3182    27.7520    27.7521    34.5008    27.7517    1453.79    1453.79    -1.0737  1030.7465    34.6696 0.0000e+00
      35787 315.064654  -62.92654  -60.13858     -0.908    1451.82    626.000    619.021    -1.0547    -1.0552    -0.0006    -1.0745    -1.0751    -0.0006   2.805315   2.805288  -0.000028    34.5010    34.5013     6.3231    27.7518    27.7521    34.5005    27.7514    1453.77    1453.77    -1.0740  1030.7415    34.6693 0.0000e+00
      35809 315.064664  -62.92654  -60.13858     -1.009    1451.82    625.000    618.034    -1.0571    -1.0574    -0.0003    -1.0769    -1.0772    -0.0003   2.805057   2.805044  -0.000019    34.5009    34.5010     6.3277    27.7519    27.7519    34.5004    27.7514    1453.74    1453.74    -1.0764  1030.7368    34.6692 0.0000e+00
      35828 315.064674  -62.92654  -60.13858     -1.133    1451.82    624.000    617.047    -1.0570    -1.0571    -0.0001    -1.0768    -1.0769    -0.0001   2.805028   2.805064   0.000037    34.5007    34.5013     6.3250    27.7517    27.7521    34.5005    27.7515    1453.73    1453.73    -1.0763  1030.7322    34.6693 0.0000e+00
      35847 315.064683  -62.92654  -60.13858     -1.233    1451.82    623.000    616.059    -1.0557    -1.0556     0.0000    -1.0754    -1.0754     0.0000   2.805110   2.805123   0.000012    34.5008    34.5010     6.3154    27.7517    27.7519    34.5006    27.7516    1453.72    1453.72    -1.0749  1030.7275    34.6695 0.0000e+00
      35868 315.064693  -62.92654  -60.13858     -1.238    1451.82    622.000    615.072    -1.0560    -1.0562    -0.0003    -1.0757    -1.0759    -0.0003   2.805039   2.805014  -0.000023    34.5010    34.5010     6.3094    27.7518    27.7519    34.5006    27.7516    1453.70    1453.70    -1.0752  1030.7228    34.6694 0.0000e+00
      35891 315.064704  -62.92654  -60.13858     -1.111    1451.82    621.000    614.085    -1.0567    -1.0570    -0.0003    -1.0763    -1.0767    -0.0003   2.804933   2.804923  -0.000014    34.5009    34.5010     6.3202    27.7518    27.7520    34.5006    27.7516    1453.68    1453.68    -1.0758  1030.7180    34.6694 0.0000e+00
      35917 315.064716  -62.92655  -60.13858     -0.973    1451.82    620.000    613.097    -1.0566    -1.0572    -0.0006    -1.0763    -1.0768    -0.0006   2.804900   2.804839  -0.000054    34.5009    34.5008     6.3239    27.7518    27.7517    34.5007    27.7517    1453.67    1453.66    -1.0757  1030.7134    34.6695 0.0000e+00
      35943 315.064729  -62.92656  -60.13858     -0.906    1451.82    619.000    612.110    -1.0569    -1.0578    -0.0009    -1.0765    -1.0773    -0.0009   2.804816   2.804778  -0.000045    34.5007    34.5011     6.3198    27.7517    27.7520    34.5004    27.7514    1453.65    1453.65    -1.0760  1030.7085    34.6692 0.0000e+00
      35968 315.064741  -62.92656  -60.13858     -0.942    1451.82    618.000    611.123    -1.0578    -1.0583    -0.0005    -1.0774    -1.0779    -0.0005   2.804678   2.804636  -0.000041    34.5006    34.5006     6.3185    27.7516    27.7517    34.5002    27.7513    1453.63    1453.62    -1.0769  1030.7036    34.6691 0.0000e+00
      35990 315.064752  -62.92656  -60.13858     -1.036    1451.82    617.000    610.135    -1.0589    -1.0596    -0.0007    -1.0784    -1.0790    -0.0007   2.804558   2.804509  -0.000047    34.5007    34.5008     6.3273    27.7517    27.7519    34.5004    27.7515    1453.60    1453.60    -1.0779  1030.6991    34.6692 0.0000e+00
      36013 315.064763  -62.92656  -60.13858     -1.060    1451.82    616.000    609.147    -1.0590    -1.0600    -0.0010    -1.0784    -1.0794    -0.0010   2.804500   2.804441  -0.000068    34.5006    34.5009     6.3266    27.7517    27.7519    34.5004    27.7515    1453.59    1453.58    -1.0780  1030.6943    34.6692 0.0000e+00
      36038 315.064775  -62.92656  -60.13858     -1.005    1451.82    615.000    608.160    -1.0595    -1.0594     0.0001    -1.0789    -1.0788     0.0001   2.804425   2.804444   0.000018    34.5007    34.5008     6.3230    27.7517    27.7518    34.5005    27.7516    1453.57    1453.57    -1.0784  1030.6898    34.6693 0.0000e+00
      36067 315.064789  -62.92656  -60.13858     -0.877    1451.82    614.000    607.173    -1.0595    -1.0603    -0.0008    -1.0789    -1.0796    -0.0008   2.804365   2.804281  -0.000079    34.5006    34.5004     6.3327    27.7516    27.7515    34.5003    27.7515    1453.55    1453.55    -1.0784  1030.6848    34.6691 0.0000e+00
      36097 315.064803  -62.92656  -60.13858     -0.804    1451.82    613.000    606.185    -1.0601    -1.0608    -0.0007    -1.0795    -1.0801    -0.0007   2.804270   2.804201  -0.000072    34.5006    34.5003     6.3301    27.7517    27.7515    34.5003    27.7515    1453.53    1453.53    -1.0790  1030.6801    34.6691 0.0000e+00
      36124 315.064816  -62.92656  -60.13858     -0.839    1451.82    612.000    605.198    -1.0606    -1.0608    -0.0003    -1.0799    -1.0801    -0.0003   2.804169   2.804168  -0.000003    34.5002    34.5005     6.3305    27.7515    27.7517    34.5001    27.7513    1453.51    1453.51    -1.0794  1030.6753    34.6689 0.0000e+00
      36148 315.064828  -62.92656  -60.13858     -0.946    1451.82    611.000    604.210    -1.0607    -1.0610    -0.0003    -1.0800    -1.0803    -0.0003   2.804107   2.804085  -0.000021    34.5003    34.5004     6.3401    27.7515    27.7516    34.5000    27.7512    1453.50    1453.50    -1.0795  1030.6704    34.6688 0.0000e+00
      36169 315.064838  -62.92656  -60.13858     -1.066    1451.82    610.000    603.223    -1.0617    -1.0620    -0.0003    -1.0809    -1.0812    -0.0003   2.803972   2.803940  -0.000033    34.5002    34.5001     6.3380    27.7514    27.7513    34.5000    27.7512    1453.48    1453.48    -1.0804  1030.6657    34.6687 0.0000e+00
      36190 315.064848  -62.92656  -60.13858     -1.141    1451.82    609.000    602.236    -1.0622    -1.0624    -0.0003    -1.0813    -1.0816    -0.0003   2.803898   2.803862  -0.000037    34.5002    34.5001     6.3357    27.7514    27.7513    34.5000    27.7513    1453.46    1453.46    -1.0809  1030.6611    34.6688 0.0000e+00
      36212 315.064859  -62.92656  -60.13858     -1.137    1451.82    608.000    601.248    -1.0626    -1.0637    -0.0011    -1.0817    -1.0828    -0.0011   2.803823   2.803705  -0.000103    34.5004    34.5002     6.3378    27.7516    27.7515    34.5002    27.7514    1453.44    1453.43    -1.0813  1030.6565    34.6689 0.0000e+00
      36236 315.064870  -62.92656  -60.13858     -1.048    1451.82    607.000    600.260    -1.0639    -1.0663    -0.0024    -1.0830    -1.0853    -0.0024   2.803663   2.803442  -0.000211    34.5003    34.5002     6.3326    27.7516    27.7516    34.5000    27.7513    1453.42    1453.40    -1.0825  1030.6517    34.6688 0.0000e+00
      36263 315.064883  -62.92656  -60.13858     -0.928    1451.82    606.000    599.273    -1.0676    -1.0702    -0.0026    -1.0866    -1.0892    -0.0026   2.803209   2.803004  -0.000222    34.4997    34.4996     6.3320    27.7512    27.7513    34.4986    27.7504    1453.38    1453.37    -1.0861  1030.6460    34.6674 0.0000e+00
      36290 315.064896  -62.92656  -60.13858     -0.885    1451.82    605.000    598.286    -1.0739    -1.0758    -0.0019    -1.0928    -1.0948    -0.0019   2.802663   2.802449  -0.000201    34.4996    34.4991     6.3184    27.7514    27.7511    34.4990    27.7509    1453.34    1453.33    -1.0924  1030.6420    34.6678 0.0000e+00
      36315 315.064908  -62.92656  -60.13858     -0.925    1451.82    604.000    597.298    -1.0764    -1.0776    -0.0011    -1.0954    -1.0965    -0.0011   2.802352   2.802251  -0.000116    34.4992    34.4989     6.3264    27.7511    27.7509    34.4983    27.7504    1453.31    1453.30    -1.0949  1030.6368    34.6671 0.0000e+00
      36338 315.064919  -62.92656  -60.13858     -0.995    1451.82    603.000    596.311    -1.0776    -1.0778    -0.0002    -1.0965    -1.0967    -0.0002   2.802193   2.802190  -0.000004    34.4986    34.4988     6.3445    27.7507    27.7509    34.4982    27.7503    1453.28    1453.28    -1.0960  1030.6320    34.6669 0.0000e+00
      36359 315.064930  -62.92656  -60.13858     -1.071    1451.82    602.000    595.323    -1.0777    -1.0781    -0.0005    -1.0965    -1.0970    -0.0005   2.802150   2.802133  -0.000019    34.4986    34.4989     6.3461    27.7507    27.7510    34.4982    27.7504    1453.27    1453.26    -1.0960  1030.6273    34.6670 0.0000e+00
      36382 315.064941  -62.92656  -60.13858     -1.103    1451.82    601.000    594.336    -1.0769    -1.0774    -0.0005    -1.0957    -1.0962    -0.0005   2.802195   2.802156  -0.000040    34.4988    34.4988     6.3491    27.7509    27.7509    34.4986    27.7507    1453.26    1453.25    -1.0952  1030.6228    34.6673 0.0000e+00
      36405 315.064952  -62.92656  -60.13858     -1.051    1451.82    600.000    593.348    -1.0767    -1.0771    -0.0003    -1.0955    -1.0958    -0.0003   2.802160   2.802132  -0.000031    34.4988    34.4988     6.3534    27.7508    27.7508    34.4985    27.7506    1453.24    1453.24    -1.0950  1030.6180    34.6672 0.0000e+00
      36432 315.064965  -62.92656  -60.13858     -0.948    1451.82    599.000    592.361    -1.0770    -1.0775    -0.0005    -1.0957    -1.0962    -0.0005   2.802086   2.802060  -0.000027    34.4987    34.4989     6.3531    27.7508    27.7509    34.4984    27.7505    1453.22    1453.22    -1.0952  1030.6132    34.6672 0.0000e+00
      36458 315.064977  -62.92656  -60.13858     -0.904    1451.82    598.000    591.373    -1.0774    -1.0782    -0.0008    -1.0961    -1.0969    -0.0008   2.802009   2.801939  -0.000070    34.4987    34.4987     6.3560    27.7508    27.7508    34.4984    27.7505    1453.20    1453.20    -1.0956  1030.6085    34.6672 0.0000e+00
      36485 315.064990  -62.92658  -60.13858     -0.911    1451.82    597.000    590.386    -1.0779    -1.0784    -0.0005    -1.0965    -1.0970    -0.0005   2.801915   2.801883  -0.000028    34.4985    34.4987     6.3478    27.7506    27.7508    34.4983    27.7505    1453.18    1453.18    -1.0961  1030.6037    34.6671 0.0000e+00
      36511 315.065003  -62.92658  -60.13858     -0.906    1451.82    596.000    589.398    -1.0779    -1.0789    -0.0010    -1.0965    -1.0975    -0.0010   2.801860   2.801797  -0.000068    34.4985    34.4987     6.3483    27.7506    27.7508    34.4982    27.7504    1453.17    1453.16    -1.0961  1030.5989    34.6670 0.0000e+00
