Pos-Processados/process_op41/Processamento_split/up/uoperantar41_006.cnv
* Sea-Bird SBE 9 Data File:
* FileName = C:\Users\Dell\Desktop\OperantarXLI\config\00_BRUTOS\OP41006.hdr
* Software Version Seasave V 7.26.7.110
* Temperature SN = 6497
* Conductivity SN = 4954
* Number of Bytes Per Scan = 31
* Number of Voltage Words = 2
* Number of Scans Averaged by the Deck Unit = 1
* NMEA Latitude = 42 12.54 S
* NMEA Longitude = 053 27.22 W
* NMEA UTC (Time) = Oct 22 2022 00:21:34
* NMEA baud rate = 4800
** H41
** Navio Polar Almirante Maximiano
** LH-021/2022
** Operantar XLI
** Número da Estação 006
** Latitude 42 12.640'S
** Longitude 053 27.212W
** Data/Hora (Z) 22/10/2022 00:19
** Profundidade local 5571 m
** 09-1439
** Nome do Operador CT Garla
# nquan = 30
# nvalues = 1014                        
# units = specified
# name 0 = scan: Scan Count
# name 1 = timeJ: Julian Days
# name 2 = latitude: Latitude [deg]
# name 3 = longitude: Longitude [deg]
# name 4 = dz/dtM: Descent Rate [m/s]
# name 5 = avgsvCM: Average Sound Velocity [Chen-Millero, m/s]
# name 6 = prDM: Pressure, Digiquartz [db]
# name 7 = depSM: Depth [salt water, m]
# name 8 = t090C: Temperature [ITS-90, deg C]
# name 9 = t190C: Temperature, 2 [ITS-90, deg C]
# name 10 = T2-T190C: Temperature Difference, 2 - 1 [ITS-90, deg C]
# name 11 = potemp090C: Potential Temperature [ITS-90, deg C]
# name 12 = potemp190C: Potential Temperature, 2 [ITS-90, deg C]
# name 13 = potemp90Cdiff: Potential Temperature, Diff, 2 - 1 [ITS-90, deg C]
# name 14 = c0S/m: Conductivity [S/m]
# name 15 = c1S/m: Conductivity, 2 [S/m]
# name 16 = C2-C1S/m: Conductivity Difference, 2 - 1 [S/m]
# name 17 = sal00: Salinity, Practical [PSU]
# name 18 = sal11: Salinity, Practical, 2 [PSU]
# name 19 = sbeox0ML/L: Oxygen, SBE 43 [ml/l]
# name 20 = sigma-é00: Density [sigma-theta, kg/m^3]
# name 21 = sigma-é11: Density, 2 [sigma-theta, kg/m^3]
# name 22 = sal00: Salinity, Practical [PSU]
# name 23 = sigma-é00: Density [sigma-theta, kg/m^3]
# name 24 = svCM: Sound Velocity [Chen-Millero, m/s]
# name 25 = svCM1: Sound Velocity, 2 [Chen-Millero, m/s]
# name 26 = gsw_ptA0: potential temperature [ITS-90, deg C]
# name 27 = gsw_densityA0: density, TEOS-10 [density, kg/m^3]
# name 28 = gsw_saA0: Absolute Salinity [g/kg]
# name 29 = flag:
# span 0 =      37143,      70680       
# span 1 = 295.032889, 295.049062       
# span 2 =  -42.19764,  -42.18751       
# span 3 =  -53.45734,  -53.45594       
# span 4 =     -2.159,     -0.084       
# span 5 =    1478.74,    1478.74       
# span 6 =      7.000,   1020.000       
# span 7 =      7.026,   1009.502       
# span 8 =     3.0853,    12.3486       
# span 9 =     3.0860,    12.3481       
# span 10 =    -0.2245,     0.2769      
# span 11 =     3.0155,    12.3473      
# span 12 =     3.0161,    12.3464      
# span 13 =    -0.2244,     0.2768      
# span 14 =   3.158297,   4.033086      
# span 15 =   3.158374,   4.031827      
# span 16 =  -0.022496,   0.034770      
# span 17 =    34.1142,    35.0576      
# span 18 =    34.1148,    35.0587      
# span 19 =     4.3442,     6.4900      
# span 20 =    26.3857,    27.3775      
# span 21 =    26.3869,    27.3776      
# span 22 =    34.1141,    35.0697      
# span 23 =    26.3869,    27.3774      
# span 24 =    1473.85,    1498.70      
# span 25 =    1473.85,    1498.65      
# span 26 =     3.0153,    12.3473      
# span 27 =  1026.4224,  1032.1009      
# span 28 =    34.2760,    35.2354      
# span 29 = 0.0000e+00, 0.0000e+00      
# interval = decibars: 1                
# start_time = Oct 22 2022 00:21:34 [NMEA time, header]
# bad_flag = -9.990e-29
*END*
[from data line 436]
      51044 295.039593  -42.19336  -53.45673     -0.520    1478.74    584.000    578.593     4.0505     4.0503    -0.0002     4.0082     4.0080    -0.0002   3.216718   3.216744   0.000032    34.1766    34.1772     5.5562    27.1303    27.1308    34.1767    27.1304    1475.35    1475.35     4.0081  1029.8334    34.3395 0.0000e+00
      51086 295.039613  -42.19334  -53.45673     -0.573    1478.74    583.000    577.607     4.0639     4.0627    -0.0012     4.0217     4.0205    -0.0012   3.217987   3.217948  -0.000042    34.1775    34.1782     5.5660    27.1296    27.1303    34.1783    27.1303    1475.39    1475.39     4.0215  1029.8284    34.3411 0.0000e+00
      51122 295.039630  -42.19334  -53.45674     -0.638    1478.74    582.000    576.609     4.0725     4.0707    -0.0018     4.0303     4.0285    -0.0018   3.218767   3.218647  -0.000101    34.1780    34.1787     5.5719    27.1292    27.1299    34.1791    27.1300    1475.41    1475.40     4.0302  1029.8234    34.3419 0.0000e+00
      51148 295.039643  -42.19332  -53.45674     -0.813    1478.74    581.000    575.625     4.0827     4.0806    -0.0021     4.0405     4.0384    -0.0021   3.219770   3.219634  -0.000154    34.1791    34.1795     5.5675    27.1290    27.1295    34.1809    27.1304    1475.44    1475.43     4.0404  1029.8191    34.3437 0.0000e+00
      51169 295.039653  -42.19332  -53.45674     -1.030    1478.74    580.000    574.636     4.1021     4.1032     0.0011     4.0599     4.0610     0.0011   3.221655   3.221862   0.000185    34.1802    34.1812     5.5526    27.1278    27.1285    34.1835    27.1305    1475.51    1475.51     4.0598  1029.8142    34.3463 0.0000e+00
      51187 295.039662  -42.19331  -53.45674     -1.204    1478.74    579.000    573.646     4.1209     4.1236     0.0027     4.0787     4.0814     0.0027   3.223363   3.223723   0.000360    34.1813    34.1827     5.5443    27.1267    27.1276    34.1846    27.1294    1475.57    1475.58     4.0786  1029.8083    34.3474 0.0000e+00
      51208 295.039672  -42.19330  -53.45674     -1.234    1478.74    578.000    572.657     4.1310     4.1321     0.0011     4.0889     4.0900     0.0011   3.224159   3.224306   0.000167    34.1818    34.1826     5.5471    27.1261    27.1266    34.1841    27.1279    1475.60    1475.60     4.0887  1029.8020    34.3469 0.0000e+00
      51250 295.039692  -42.19329  -53.45674     -0.693    1478.74    577.000    571.669     4.1387     4.1372    -0.0015     4.0966     4.0951    -0.0015   3.224814   3.224726  -0.000085    34.1825    34.1831     5.5441    27.1259    27.1265    34.1843    27.1273    1475.61    1475.61     4.0965  1029.7967    34.3471 0.0000e+00
      51315 295.039723  -42.19328 -9.990e-29     -0.299    1478.74    576.000    570.675     4.1441     4.1433    -0.0008     4.1020     4.1012    -0.0008   3.225264   3.225230  -0.000031    34.1833    34.1838     5.5297    27.1259    27.1264    34.1846    27.1269    1475.62    1475.62     4.1019  1029.7914    34.3471 0.0000e+00
      51341 295.039736  -42.19326 -9.990e-29     -0.736    1478.74    575.000    569.689     4.1498     4.1500     0.0002     4.1078     4.1079     0.0002   3.225809   3.225859   0.000063    34.1836    34.1841     5.5313    27.1255    27.1259    34.1856    27.1271    1475.63    1475.63     4.1077  1029.7870    34.3482 0.0000e+00
      51363 295.039746  -42.19326  -53.45676     -0.989    1478.74    574.000    568.699     4.1607     4.1573    -0.0034     4.1187     4.1153    -0.0034   3.226717   3.226503  -0.000214    34.1833    34.1843     5.5246    27.1242    27.1253    34.1855    27.1260    1475.66    1475.64     4.1186  1029.7811    34.3482 0.0000e+00
      51385 295.039757  -42.19324  -53.45676     -1.086    1478.74    573.000    567.710     4.1711     4.1680    -0.0031     4.1292     4.1261    -0.0031   3.227577   3.227396  -0.000181    34.1832    34.1843     5.5328    27.1230    27.1242    34.1853    27.1247    1475.68    1475.67     4.1290  1029.7753    34.3481 0.0000e+00
      51410 295.039769  -42.19324  -53.45674     -1.042    1478.74    572.000    566.721     4.1784     4.1737    -0.0047     4.1365     4.1318    -0.0047   3.228186   3.227774  -0.000368    34.1834    34.1839     5.5313    27.1224    27.1233    34.1855    27.1240    1475.70    1475.68     4.1364  1029.7699    34.3483 0.0000e+00
      51439 295.039783  -42.19324  -53.45676     -0.881    1478.74    571.000    565.731     4.1857     4.1813    -0.0043     4.1438     4.1395    -0.0043   3.228779   3.228472  -0.000320    34.1838    34.1844     5.5306    27.1219    27.1229    34.1855    27.1233    1475.71    1475.69     4.1437  1029.7644    34.3483 0.0000e+00
      51473 295.039799  -42.19322  -53.45676     -0.735    1478.74    570.000    564.742     4.1923     4.1865    -0.0057     4.1504     4.1447    -0.0057   3.229364   3.228878  -0.000467    34.1840    34.1845     5.5367    27.1215    27.1224    34.1860    27.1231    1475.72    1475.70     4.1504  1029.7587    34.3479 0.0000e+00
      51524 295.039824 -9.990e-29  -53.45676     -0.460    1478.74    569.000    563.752     4.2045     4.2018    -0.0028     4.1628     4.1600    -0.0028   3.230442   3.230247  -0.000207    34.1849    34.1853     5.5355    27.1208    27.1215    34.1865    27.1221    1475.76    1475.75     4.1626  1029.7528    34.3480 0.0000e+00
      51569 295.039846  -42.19320  -53.45676     -0.507    1478.74    568.000    562.763     4.2079     4.2060    -0.0018     4.1662     4.1643    -0.0018   3.230679   3.230564  -0.000128    34.1852    34.1856     5.5204    27.1207    27.1213    34.1863    27.1216    1475.75    1475.75     4.1661  1029.7483    34.3487 0.0000e+00
      51594 295.039858  -42.19319  -53.45676     -0.826    1478.74    567.000    561.773     4.2095     4.2089    -0.0006     4.1678     4.1672    -0.0006   3.230713   3.230721   0.000006    34.1845    34.1852     5.5223    27.1200    27.1206    34.1855    27.1208    1475.74    1475.74     4.1677  1029.7432    34.3484 0.0000e+00
      51615 295.039868  -42.19318  -53.45676     -1.048    1478.74    566.000    560.784     4.2108     4.2098    -0.0010     4.1692     4.1682    -0.0010   3.230725   3.230730   0.000005    34.1839    34.1850     5.5173    27.1194    27.1204    34.1848    27.1201    1475.73    1475.73     4.1691  1029.7379    34.3476 0.0000e+00
      51634 295.039877  -42.19318  -53.45676     -1.178    1478.74    565.000    559.795     4.2119     4.2112    -0.0007     4.1704     4.1697    -0.0007   3.230727   3.230745   0.000016    34.1833    34.1843     5.5224    27.1188    27.1197    34.1843    27.1196    1475.72    1475.72     4.1703  1029.7328    34.3471 0.0000e+00
      51654 295.039887  -42.19318  -53.45676     -1.227    1478.74    564.000    558.805     4.2141     4.2130    -0.0012     4.1727     4.1715    -0.0012   3.230863   3.230808  -0.000042    34.1831    34.1838     5.5286    27.1184    27.1191    34.1841    27.1192    1475.71    1475.71     4.1726  1029.7277    34.3469 0.0000e+00
      51678 295.039898  -42.19316  -53.45676     -1.108    1478.74    563.000    557.816     4.2189     4.2148    -0.0041     4.1775     4.1734    -0.0041   3.231238   3.230922  -0.000294    34.1829    34.1836     5.5321    27.1177    27.1187    34.1841    27.1187    1475.71    1475.70     4.1774  1029.7226    34.3469 0.0000e+00
      51734 295.039925  -42.19315  -53.45677     -0.436    1478.74    562.000    556.826     4.2319     4.2248    -0.0071     4.1905     4.1835    -0.0070   3.232357   3.231796  -0.000558    34.1832    34.1840     5.5432    27.1166    27.1180    34.1843    27.1175    1475.75    1475.72     4.1904  1029.7166    34.3471 0.0000e+00
      51785 295.039950  -42.19313  -53.45678     -0.486    1478.74    561.000    555.837     4.2431     4.2437     0.0006     4.2017     4.2024     0.0006   3.233622   3.233761   0.000146    34.1845    34.1855     5.5354    27.1165    27.1172    34.1881    27.1193    1475.79    1475.79     4.2016  1029.7136    34.3509 0.0000e+00
      51813 295.039963  -42.19312  -53.45678     -0.793    1478.74    560.000    554.847     4.2708     4.2688    -0.0020     4.2295     4.2274    -0.0020   3.235977   3.235966  -0.000074    34.1856    34.1869     5.5371    27.1144    27.1156    34.1876    27.1160    1475.89    1475.88     4.2293  1029.7053    34.3503 0.0000e+00
      51840 295.039976  -42.19312  -53.45678     -0.877    1478.74    559.000    553.858     4.2817     4.2778    -0.0039     4.2403     4.2364    -0.0039   3.237039   3.236621  -0.000315    34.1866    34.1869     5.5448    27.1140    27.1147    34.1893    27.1162    1475.92    1475.90     4.2402  1029.7008    34.3521 0.0000e+00
      51863 295.039988  -42.19311  -53.45678     -0.955    1478.74    558.000    552.868     4.2917     4.2842    -0.0075     4.2504     4.2429    -0.0075   3.237890   3.237317  -0.000617    34.1870    34.1875     5.5369    27.1133    27.1145    34.1895    27.1153    1475.94    1475.91     4.2503  1029.6951    34.3522 0.0000e+00
      51884 295.039998  -42.19310  -53.45678     -1.074    1478.74    557.000    551.879     4.2965     4.2968     0.0003     4.2553     4.2556     0.0003   3.238226   3.238352   0.000081    34.1869    34.1876     5.5302    27.1128    27.1132    34.1889    27.1143    1475.94    1475.95     4.2551  1029.6895    34.3517 0.0000e+00
      51904 295.040007  -42.19310  -53.45678     -1.170    1478.74    556.000    550.889     4.3017     4.3019     0.0001     4.2605     4.2606     0.0001   3.238607   3.238640   0.000046    34.1865    34.1870     5.5288    27.1119    27.1122    34.1885    27.1134    1475.95    1475.95     4.2604  1029.6839    34.3513 0.0000e+00
      51927 295.040018  -42.19309  -53.45678     -1.147    1478.74    555.000    549.900     4.3057     4.3025    -0.0032     4.2646     4.2613    -0.0032   3.238924   3.238659  -0.000256    34.1867    34.1871     5.5256    27.1116    27.1122    34.1886    27.1131    1475.95    1475.94     4.2645  1029.6789    34.3514 0.0000e+00
      51967 295.040038  -42.19308  -53.45678     -0.684    1478.74    554.000    548.913     4.3104     4.3003    -0.0102     4.2693     4.2592    -0.0101   3.239278   3.238444  -0.000818    34.1868    34.1877     5.5281    27.1111    27.1129    34.1885    27.1125    1475.95    1475.91     4.2692  1029.6736    34.3512 0.0000e+00
      52028 295.040067  -42.19306  -53.45679     -0.326    1478.74    553.000    547.918     4.3155     4.3156     0.0002     4.2744     4.2745     0.0002   3.239737   3.239784   0.000032    34.1880    34.1882     5.5405    27.1115    27.1117    34.1891    27.1125    1475.96    1475.96     4.2743  1029.6690    34.3519 0.0000e+00
      52052 295.040079  -42.19305  -53.45680     -0.719    1478.74    552.000    546.931     4.3187     4.3186    -0.0001     4.2777     4.2776    -0.0001   3.239995   3.240035   0.000033    34.1882    34.1886     5.5430    27.1113    27.1117    34.1893    27.1122    1475.96    1475.96     4.2776  1029.6641    34.3521 0.0000e+00
      52070 295.040087  -42.19304  -53.45680     -1.072    1478.74    551.000    545.942     4.3194     4.3195     0.0001     4.2785     4.2786     0.0001   3.240010   3.240092   0.000063    34.1883    34.1889     5.5339    27.1113    27.1119    34.1893    27.1121    1475.94    1475.94     4.2784  1029.6594    34.3520 0.0000e+00
      52086 295.040095  -42.19304  -53.45680     -1.341    1478.74    550.000    544.953     4.3200     4.3202     0.0002     4.2792     4.2794     0.0002   3.240018   3.240061   0.000044    34.1884    34.1887     5.5294    27.1113    27.1116    34.1893    27.1121    1475.93    1475.93     4.2791  1029.6547    34.3520 0.0000e+00
      52102 295.040103  -42.19304  -53.45680     -1.479    1478.74    549.000    543.963     4.3206     4.3203    -0.0003     4.2798     4.2795    -0.0003   3.240009   3.240048   0.000028    34.1883    34.1889     5.5268    27.1112    27.1117    34.1891    27.1118    1475.91    1475.91     4.2798  1029.6499    34.3518 0.0000e+00
      52122 295.040112  -42.19303  -53.45680     -1.392    1478.74    548.000    542.973     4.3209     4.3207    -0.0002     4.2803     4.2801    -0.0002   3.239990   3.240042   0.000042    34.1883    34.1890     5.5234    27.1112    27.1118    34.1890    27.1118    1475.90    1475.90     4.2801  1029.6452    34.3518 0.0000e+00
      52156 295.040129  -42.19302  -53.45680     -0.871    1478.74    547.000    541.984     4.3206     4.3197    -0.0009     4.2800     4.2791    -0.0009   3.239913   3.239885  -0.000029    34.1884    34.1890     5.5291    27.1113    27.1119    34.1890    27.1117    1475.88    1475.88     4.2799  1029.6406    34.3517 0.0000e+00
      52206 295.040153  -42.19301  -53.45680     -0.420    1478.74    546.000    540.994     4.3224     4.3217    -0.0007     4.2819     4.2812    -0.0007   3.239981   3.240004   0.000012    34.1880    34.1888     5.5321    27.1107    27.1115    34.1885    27.1111    1475.87    1475.87     4.2817  1029.6354    34.3512 0.0000e+00
      52234 295.040166  -42.19300  -53.45680     -0.717    1478.74    545.000    540.005     4.3050     4.3016    -0.0033     4.2646     4.2613    -0.0033   3.237697   3.237270  -0.000378    34.1827    34.1817     5.5363    27.1084    27.1079    34.1802    27.1064    1475.77    1475.76     4.2645  1029.6263    34.3429 0.0000e+00
      52255 295.040176  -42.19300  -53.45680     -0.999    1478.74    544.000    539.015     4.2852     4.2849    -0.0002     4.2450     4.2447    -0.0002   3.235388   3.235380  -0.000031    34.1779    34.1777     5.5369    27.1066    27.1065    34.1741    27.1036    1475.66    1475.66     4.2449  1029.6193    34.3367 0.0000e+00
      52277 295.040187  -42.19298  -53.45680     -1.117    1478.74    543.000    538.026     4.2622     4.2586    -0.0036     4.2222     4.2186    -0.0036   3.233047   3.232669  -0.000364    34.1730    34.1725     5.5357    27.1052    27.1051    34.1709    27.1034    1475.55    1475.53     4.2221  1029.6148    34.3335 0.0000e+00
      52304 295.040200  -42.19298  -53.45680     -0.970    1478.74    542.000    537.036     4.2642     4.2622    -0.0020     4.2243     4.2223    -0.0020   3.233298   3.233146  -0.000173    34.1730    34.1731     5.5578    27.1049    27.1052    34.1722    27.1043    1475.54    1475.53     4.2242  1029.6111    34.3349 0.0000e+00
      52337 295.040216  -42.19297  -53.45680     -0.751    1478.74    541.000    536.047     4.2539     4.2578     0.0039     4.2140     4.2179     0.0039   3.232089   3.232465   0.000359    34.1715    34.1716     5.6043    27.1048    27.1045    34.1693    27.1031    1475.48    1475.50     4.2139  1029.6054    34.3319 0.0000e+00
      52370 295.040232  -42.19296  -53.45680     -0.714    1478.74    540.000    535.057     4.2501     4.2517     0.0017     4.2103     4.2120     0.0016   3.231708   3.231944   0.000208    34.1696    34.1703     5.6330    27.1037    27.1041    34.1692    27.1034    1475.45    1475.45     4.2103  1029.6012    34.3319 0.0000e+00
      52397 295.040245  -42.19294  -53.45680     -0.821    1478.74    539.000    534.068     4.2687     4.2688     0.0001     4.2290     4.2291     0.0001   3.233456   3.233508   0.000078    34.1700    34.1708     5.6387    27.1021    27.1027    34.1710    27.1029    1475.51    1475.51     4.2289  1029.5957    34.3336 0.0000e+00
      52421 295.040256  -42.19294  -53.45682     -0.969    1478.74    538.000    533.078     4.2831     4.2815    -0.0016     4.2434     4.2418    -0.0016   3.234810   3.234711  -0.000080    34.1713    34.1720     5.6564    27.1016    27.1023    34.1726    27.1026    1475.56    1475.55     4.2433  1029.5907    34.3352 0.0000e+00
