Pos-Processados/process_op41/Processamento_split/up/uoperantar41_022.cnv
* Sea-Bird SBE 9 Data File:
* FileName = C:\Users\Dell\Desktop\OperantarXLI\config\00_BRUTOS\OPE41022.hdr
* Software Version Seasave V 7.26.7.110
* Temperature SN = 6497
* Conductivity SN = 4954
* Number of Bytes Per Scan = 34
* Number of Voltage Words = 3
* Number of Scans Averaged by the Deck Unit = 1
* NMEA Latitude = 59 45.37 S
* NMEA Longitude = 062 03.38 W
* NMEA UTC (Time) = Nov 14 2022 23:10:24
* NMEA baud rate = 4800
** H41
** Navio Polar Almirante Maximiano
** LH-021/2022
** Operantar XLI
** Número da Estação 022
** Latitude 59 45.358'S
** Longitude 062 03.362'W
** Data/Hora (Z) 14/11/2022 23:11
** Profundidade local 4103 m
** 09-1439
** Nome do Operador CT Garla
# nquan = 30
# nvalues = 2260                        
# units = specified
# name 0 = scan: Scan Count
# name 1 = timeJ: Julian Days
# name 2 = latitude: Latitude [deg]
# name 3 = longitude: Longitude [deg]
# name 4 = dz/dtM: Descent Rate [m/s]
# name 5 = avgsvCM: Average Sound Velocity [Chen-Millero, m/s]
# name 6 = prDM: Pressure, Digiquartz [db]
# name 7 = depSM: Depth [salt water, m]
# name 8 = t090C: Temperature [ITS-90, deg C]
# name 9 = t190C: Temperature, 2 [ITS-90, deg C]
# name 10 = T2-T190C: Temperature Difference, 2 - 1 [ITS-90, deg C]
# name 11 = potemp090C: Potential Temperature [ITS-90, deg C]
# name 12 = potemp190C: Potential Temperature, 2 [ITS-90, deg C]
# name 13 = potemp90Cdiff: Potential Temperature, Diff, 2 - 1 [ITS-90, deg C]
# name 14 = c0S/m: Conductivity [S/m]
# name 15 = c1S/m: Conductivity, 2 [S/m]
# name 16 = C2-C1S/m: Conductivity Difference, 2 - 1 [S/m]
# name 17 = sal00: Salinity, Practical [PSU]
# name 18 = sal11: Salinity, Practical, 2 [PSU]
# name 19 = sbeox0ML/L: Oxygen, SBE 43 [ml/l]
# name 20 = sigma-é00: Density [sigma-theta, kg/m^3]
# name 21 = sigma-é11: Density, 2 [sigma-theta, kg/m^3]
# name 22 = sal00: Salinity, Practical [PSU]
# name 23 = sigma-é00: Density [sigma-theta, kg/m^3]
# name 24 = svCM: Sound Velocity [Chen-Millero, m/s]
# name 25 = svCM1: Sound Velocity, 2 [Chen-Millero, m/s]
# name 26 = gsw_ptA0: potential temperature [ITS-90, deg C]
# name 27 = gsw_densityA0: density, TEOS-10 [density, kg/m^3]
# name 28 = gsw_saA0: Absolute Salinity [g/kg]
# name 29 = flag:
# span 0 =      60198,     133319       
# span 1 = 318.994586, 319.029849       
# span 2 =  -59.76978,  -59.76218       
# span 3 =  -62.06556,  -62.06017       
# span 4 =     -1.888,     -0.020       
# span 5 =    1474.40,    1474.40       
# span 6 =      0.000,   2259.000       
# span 7 =      0.000,   2225.748       
# span 8 =    -0.5862,     2.2187       
# span 9 =    -0.5845,     2.2184       
# span 10 =    -0.0207,     0.1637      
# span 11 =    -0.5894,     2.1985      
# span 12 =    -0.5877,     2.1982      
# span 13 =    -0.0207,     0.1635      
# span 14 =   2.767580,   3.095022      
# span 15 =   2.767637,   3.094995      
# span 16 =  -0.001706,   0.016465      
# span 17 =    33.7142,    34.7237      
# span 18 =    33.7145,    34.7237      
# span 19 =     3.8006,     8.0200      
# span 20 =    27.0360,    27.8238      
# span 21 =    27.0363,    27.8236      
# span 22 =    33.7144,    34.7239      
# span 23 =    27.0366,    27.8238      
# span 24 =    1446.46,    1490.82      
# span 25 =    1446.46,    1490.82      
# span 26 =    -0.5893,     2.1985      
# span 27 =  1027.0393,  1038.2673      
# span 28 =    33.8739,    34.8965      
# span 29 = 0.0000e+00, 0.0000e+00      
# interval = decibars: 1                
# start_time = Nov 14 2022 23:10:24 [NMEA time, header]
# bad_flag = -9.990e-29
*END*
[from data line 2224]
     124338 319.025517  -59.76880  -62.06520     -0.368    1474.40     35.000     34.668     0.4581     0.4555    -0.0026     0.4567     0.4542    -0.0026   2.847655   2.847451  -0.000209    33.7270    33.7271     8.0127    27.0543    27.0546    33.7276    27.0548    1450.10    1450.09     0.4568  1027.2238    33.8882 0.0000e+00
     124369 319.025532  -59.76880  -62.06520     -0.653    1474.40     34.000     33.678     0.4639     0.4633    -0.0006     0.4626     0.4620    -0.0006   2.848099   2.848097  -0.000003    33.7265    33.7272     8.0051    27.0536    27.0541    33.7276    27.0545    1450.11    1450.11     0.4626  1027.2188    33.8882 0.0000e+00
     124388 319.025542  -59.76880  -62.06520     -0.998    1474.40     33.000     32.687     0.4683     0.4678    -0.0005     0.4670     0.4666    -0.0005   2.848412   2.848419   0.000004    33.7264    33.7270     8.0062    27.0533    27.0538    33.7275    27.0541    1450.11    1450.11     0.4671  1027.2136    33.8880 0.0000e+00
     124408 319.025551  -59.76880  -62.06520     -1.193    1474.40     32.000     31.696     0.4707     0.4704    -0.0003     0.4695     0.4692    -0.0003   2.848552   2.848508  -0.000019    33.7267    33.7267     8.0116    27.0533    27.0534    33.7273    27.0538    1450.11    1450.11     0.4695  1027.2086    33.8878 0.0000e+00
     124435 319.025564  -59.76880  -62.06520     -1.042    1474.40     31.000     30.706     0.4684     0.4651    -0.0033     0.4672     0.4639    -0.0033   2.848341   2.848061  -0.000270    33.7272    33.7273     8.0142    27.0539    27.0541    33.7277    27.0543    1450.08    1450.07     0.4672  1027.2042    33.8882 0.0000e+00
     124475 319.025583  -59.76881  -62.06520     -0.621    1474.40     30.000     29.716     0.4704     0.4673    -0.0032     0.4693     0.4661    -0.0032   2.848474   2.848146  -0.000342    33.7272    33.7268     8.0131    27.0537    27.0531    33.7277    27.0542    1450.08    1450.06     0.4693  1027.1994    33.8883 0.0000e+00
     124509 319.025600  -59.76882  -62.06520     -0.643    1474.40     29.000     28.725     0.4821     0.4813    -0.0008     0.4810     0.4802    -0.0008   2.849487   2.849442  -0.000034    33.7268    33.7272     8.0150    27.0528    27.0532    33.7288    27.0544    1450.12    1450.11     0.4810  1027.1948    33.8893 0.0000e+00
     124533 319.025612  -59.76882  -62.06520     -0.877    1474.40     28.000     27.735     0.4916     0.4915    -0.0002     0.4906     0.4904    -0.0002   2.850158   2.850176   0.000001    33.7266    33.7268     8.0082    27.0521    27.0522    33.7277    27.0530    1450.14    1450.14     0.4906  1027.1887    33.8883 0.0000e+00
     124556 319.025623  -59.76882  -62.06520     -1.041    1474.40     27.000     26.744     0.4944     0.4967     0.0024     0.4934     0.4957     0.0024   2.850417   2.850583   0.000178    33.7271    33.7268     8.0126    27.0523    27.0520    33.7287    27.0536    1450.14    1450.15     0.4934  1027.1845    33.8892 0.0000e+00
     124580 319.025634  -59.76882  -62.06520     -1.036    1474.40     26.000     25.754     0.5002     0.4977    -0.0024     0.4992     0.4967    -0.0024   2.850777   2.850577  -0.000223    33.7267    33.7264     8.0096    27.0517    27.0516    33.7276    27.0524    1450.15    1450.14     0.4992  1027.1786    33.8882 0.0000e+00
     124606 319.025647  -59.76882  -62.06520     -0.959    1474.40     25.000     24.763     0.4970     0.4981     0.0011     0.4960     0.4972     0.0011   2.850407   2.850532   0.000109    33.7266    33.7268     8.0108    27.0518    27.0518    33.7269    27.0520    1450.11    1450.12     0.4961  1027.1734    33.8875 0.0000e+00
     124639 319.025663  -59.76882  -62.06520     -0.778    1474.40     24.000     23.774     0.4981     0.5075     0.0094     0.4972     0.5066     0.0094   2.850554   2.851333   0.000743    33.7273    33.7267     8.0118    27.0523    27.0513    33.7282    27.0530    1450.11    1450.15     0.4972  1027.1695    33.8886 0.0000e+00
     124687 319.025686 -9.990e-29 -9.990e-29     -0.481    1474.40     23.000     22.781     0.5084     0.5155     0.0070     0.5076     0.5146     0.0070   2.851449   2.851991   0.000557    33.7271    33.7267     8.0153    27.0515    27.0507    33.7291    27.0532    1450.14    1450.17     0.5075  1027.1642    33.8886 0.0000e+00
     124717 319.025700 -9.990e-29 -9.990e-29     -0.671    1474.40     22.000     21.792     0.5358     0.5376     0.0018     0.5349     0.5368     0.0018   2.853685   2.853892   0.000205    33.7264    33.7270     8.0105    27.0494    27.0498    33.7290    27.0515    1450.25    1450.26     0.5350  1027.1578    33.8885 0.0000e+00
     124737 319.025710 -9.990e-29 -9.990e-29     -0.995    1474.40     21.000     20.801     0.5436     0.5442     0.0006     0.5428     0.5434     0.0006   2.854209   2.854289   0.000087    33.7261    33.7266     8.0162    27.0487    27.0490    33.7279    27.0502    1450.26    1450.27     0.5428  1027.1517    33.8875 0.0000e+00
     124754 319.025718  -59.76884  -62.06522     -1.234    1474.40     20.000     19.811     0.5435     0.5442     0.0008     0.5427     0.5435     0.0008   2.854101   2.854223   0.000113    33.7261    33.7267     8.0200    27.0487    27.0492    33.7272    27.0496    1450.25    1450.25     0.5427  1027.1469    33.8875 0.0000e+00
     124773 319.025727  -59.76884  -62.06522     -1.328    1474.40     19.000     18.820     0.5412     0.5441     0.0029     0.5405     0.5434     0.0029   2.853912   2.854195   0.000274    33.7266    33.7270     8.0120    27.0492    27.0494    33.7278    27.0502    1450.22    1450.23     0.5405  1027.1431    33.8885 0.0000e+00
     124804 319.025742  -59.76884  -62.06522     -0.972    1474.40     18.000     17.834     0.5419     0.5439     0.0020     0.5412     0.5432     0.0020   2.853946   2.854116   0.000177    33.7270    33.7271     8.0119    27.0495    27.0495    33.7281    27.0504    1450.21    1450.22     0.5412  1027.1386    33.8888 0.0000e+00
     124862 319.025770  -59.76884  -62.06522     -0.302    1474.40     17.000     16.833     0.5471     0.5480     0.0009     0.5465     0.5474     0.0009   2.854345   2.854452   0.000115    33.7270    33.7275     8.0115    27.0492    27.0496    33.7282    27.0502    1450.22    1450.22     0.5465  1027.1336    33.8889 0.0000e+00
     124897 319.025787  -59.76884  -62.06522     -0.638    1474.40     16.000     15.849     0.5528     0.5516    -0.0012     0.5522     0.5510    -0.0012   2.854766   2.854688  -0.000080    33.7270    33.7273     8.0046    27.0489    27.0492    33.7280    27.0497    1450.22    1450.22     0.5522  1027.1284    33.8887 0.0000e+00
     124950 319.025813  -59.76884  -62.06522     -0.451    1474.40     15.000     14.859     0.5539     0.5544     0.0006     0.5533     0.5538     0.0006   2.854787   2.854849   0.000068    33.7270    33.7273     8.0092    27.0488    27.0490    33.7278    27.0494    1450.21    1450.22     0.5533  1027.1227    33.8877 0.0000e+00
     125013 319.025843 -9.990e-29  -62.06522     -0.416    1474.40     14.000     13.868     0.5555     0.5555    -0.0000     0.5550     0.5550    -0.0000   2.854868   2.854876   0.000009    33.7271    33.7273     8.0146    27.0488    27.0489    33.7276    27.0492    1450.20    1450.20     0.5550  1027.1171    33.8867 0.0000e+00
     125058 319.025865  -59.76888  -62.06522     -0.529    1474.40     13.000     12.877     0.5577     0.5578     0.0000     0.5572     0.5573     0.0000   2.855034   2.855040   0.000012    33.7273    33.7274     8.0139    27.0488    27.0489    33.7279    27.0493    1450.20    1450.20     0.5572  1027.1133    33.8880 0.0000e+00
     125149 319.025908  -59.76888  -62.06523     -0.383    1474.40     12.000     11.868     0.5607     0.5597    -0.0010     0.5603     0.5592    -0.0010   2.855124   2.855056  -0.000054    33.7261    33.7266     8.0124    27.0477    27.0481    33.7264    27.0479    1450.19    1450.19     0.5603  1027.1077    33.8872 0.0000e+00
     125222 319.025944  -59.76888  -62.06524     -0.737    1474.40     11.000     10.896     0.5658     0.5623    -0.0036     0.5654     0.5619    -0.0036   2.855432   2.855258  -0.000181    33.7244    33.7259     8.0148    27.0460    27.0475    33.7254    27.0469    1450.20    1450.18     0.5654  1027.1018    33.8862 0.0000e+00
     125250 319.025957  -59.76889  -62.06524     -0.893    1474.40     10.000      9.906     0.5773     0.5772    -0.0001     0.5769     0.5768    -0.0001   2.856039   2.856056   0.000014    33.7205    33.7207     8.0147    27.0422    27.0424    33.7214    27.0430    1450.23    1450.23     0.5769  1027.0931    33.8822 0.0000e+00
     125351 319.026006  -59.76890  -62.06525     -0.235    1474.40      9.000      8.916     0.5744     0.5751     0.0007     0.5741     0.5748     0.0007   2.855824   2.855896   0.000062    33.7222    33.7222     8.0100    27.0437    27.0438    33.7223    27.0439    1450.20    1450.20     0.5741  1027.0893    33.8831 0.0000e+00
     127454 319.027020  -59.76912  -62.06533     -0.146    1474.40      8.000      7.918     0.5748     0.5759     0.0011     0.5745     0.5756     0.0011   2.855601   2.855666   0.000090    33.7194    33.7192     8.0054    27.0415    27.0413    33.7196    27.0417    1450.18    1450.19     0.5745  1027.0823    33.8803 0.0000e+00
     133115 319.029750  -59.76975  -62.06554     -0.427    1474.40      7.000      6.934     0.5712     0.5713     0.0001     0.5709     0.5710     0.0001   2.854851   2.854902   0.000033    33.7143    33.7146     7.9964    27.0375    27.0378    33.7144    27.0376    1450.14    1450.14     0.5709  1027.0735    33.8751 0.0000e+00
     132916 319.029654  -59.76974  -62.06554     -0.674    1474.40      6.000      5.945     0.5717     0.5738     0.0021     0.5714     0.5736     0.0021   2.854917   2.855143   0.000226    33.7153    33.7159     7.9989    27.0383    27.0387    33.7153    27.0384    1450.13    1450.14     0.5715  1027.0695    33.8760 0.0000e+00
     132980 319.029685  -59.76974  -62.06554     -0.370    1474.40      5.000      4.952     0.5789     0.5847     0.0059     0.5787     0.5845     0.0059   2.855440   2.855995   0.000494    33.7144    33.7145     8.0042    27.0372    27.0369    33.7148    27.0376    1450.15    1450.17     0.5787  1027.0640    33.8755 0.0000e+00
     133062 319.029725  -59.76974  -62.06555     -0.289    1474.40      4.000      3.962     0.5882     0.5950     0.0068     0.5880     0.5948     0.0068   2.856196   2.856706   0.000586    33.7144    33.7146     8.0017    27.0367    27.0364    33.7151    27.0372    1450.17    1450.20     0.5880  1027.0580    33.8748 0.0000e+00
     133110 319.029748 -9.990e-29  -62.06556     -0.493    1474.40      3.000      2.972     0.5921     0.5927     0.0006     0.5920     0.5926     0.0006   2.856466   2.856571   0.000107    33.7142    33.7149     7.9954    27.0363    27.0368    33.7150    27.0369    1450.17    1450.18     0.5920  1027.0524    33.8739 0.0000e+00
     133136 319.029760  -59.76977  -62.06556     -0.788    1474.40      2.000      1.981     0.5979     0.5993     0.0014     0.5978     0.5992     0.0014   2.856966   2.857103   0.000149    33.7150    33.7154     7.9978    27.0366    27.0368    33.7157    27.0372    1450.18    1450.19     0.5978  1027.0480    33.8748 0.0000e+00
     133224 319.029803  -59.76978  -62.06555     -0.264    1474.40      1.000      0.989     0.6142     0.6128    -0.0014     0.6142     0.6128    -0.0014   2.858336   2.858288  -0.000098    33.7155    33.7157     8.0087    27.0360    27.0363    33.7164    27.0367    1450.24    1450.24     0.6142  1027.0442    33.8772 0.0000e+00
     133319 319.029849  -59.76978  -62.06556     -0.382    1474.40      0.000      0.000     0.6155     0.6161     0.0006     0.6155     0.6161     0.0006   2.858398   2.858400   0.000086    33.7160    33.7164     7.9909    27.0364    27.0367    33.7164    27.0366    1450.23    1450.23     0.6155  1027.0393    33.8771 0.0000e+00
