Pos-Processados/process_op41/Processamento_split/up/uoperantar41_010.cnv
* Sea-Bird SBE 9 Data File:
* FileName = C:\Users\Dell\Desktop\OperantarXLI\config\00_BRUTOS\OPE41010.hdr
* Software Version Seasave V 7.26.7.110
* Temperature SN = 6497
* Conductivity SN = 4954
* Number of Bytes Per Scan = 31
* Number of Voltage Words = 2
* Number of Scans Averaged by the Deck Unit = 1
* NMEA Latitude = 43 21.18 S
* NMEA Longitude = 052 01.61 W
* NMEA UTC (Time) = Oct 23 2022 09:44:46
* NMEA baud rate = 4800
** H41
** Navio Polar Almirante Maximiano
** LH-021/2022
** Operantar XLI
** Número da Estação 010
** Latitude 43 21.101' S
** Longitude 52 01.366' W
** Data/Hora (Z) 23/10/2022 0903Z
** Profundidade local 5718 m
** 09-1439
** Nome do Operador CT Garla
# nquan = 30
# nvalues = 42                          
# units = specified
# name 0 = scan: Scan Count
# name 1 = timeJ: Julian Days
# name 2 = latitude: Latitude [deg]
# name 3 = longitude: Longitude [deg]
# name 4 = dz/dtM: Descent Rate [m/s]
# name 5 = avgsvCM: Average Sound Velocity [Chen-Millero, m/s]
# name 6 = prDM: Pressure, Digiquartz [db]
# name 7 = depSM: Depth [salt water, m]
# name 8 = t090C: Temperature [ITS-90, deg C]
# name 9 = t190C: Temperature, 2 [ITS-90, deg C]
# name 10 = T2-T190C: Temperature Difference, 2 - 1 [ITS-90, deg C]
# name 11 = potemp090C: Potential Temperature [ITS-90, deg C]
# name 12 = potemp190C: Potential Temperature, 2 [ITS-90, deg C]
# name 13 = potemp90Cdiff: Potential Temperature, Diff, 2 - 1 [ITS-90, deg C]
# name 14 = c0S/m: Conductivity [S/m]
# name 15 = c1S/m: Conductivity, 2 [S/m]
# name 16 = C2-C1S/m: Conductivity Difference, 2 - 1 [S/m]
# name 17 = sal00: Salinity, Practical [PSU]
# name 18 = sal11: Salinity, Practical, 2 [PSU]
# name 19 = sbeox0ML/L: Oxygen, SBE 43 [ml/l]
# name 20 = sigma-é00: Density [sigma-theta, kg/m^3]
# name 21 = sigma-é11: Density, 2 [sigma-theta, kg/m^3]
# name 22 = sal00: Salinity, Practical [PSU]
# name 23 = sigma-é00: Density [sigma-theta, kg/m^3]
# name 24 = svCM: Sound Velocity [Chen-Millero, m/s]
# name 25 = svCM1: Sound Velocity, 2 [Chen-Millero, m/s]
# name 26 = gsw_ptA0: potential temperature [ITS-90, deg C]
# name 27 = gsw_densityA0: density, TEOS-10 [density, kg/m^3]
# name 28 = gsw_saA0: Absolute Salinity [g/kg]
# name 29 = flag:
# span 0 =       4423,       8529       
# span 1 = 296.408220, 296.410201       
# span 2 =  -43.35330,  -43.35314       
# span 3 =  -52.02775,  -52.02740       
# span 4 =     -1.011,     -0.103       
# span 5 =    1505.89,    1506.09       
# span 6 =      5.000,     46.000       
# span 7 =      4.966,     45.612       
# span 8 =    14.4282,    14.4381       
# span 9 =    14.4285,    14.4382       
# span 10 =    -0.0007,     0.0011      
# span 11 =    14.4215,    14.4346      
# span 12 =    14.4217,    14.4349      
# span 13 =    -0.0007,     0.0011      
# span 14 =   4.298640,   4.300550      
# span 15 =   4.298598,   4.300458      
# span 16 =  -0.000153,   0.000020      
# span 17 =    35.5771,    35.5780      
# span 18 =    35.5763,    35.5772      
# span 19 =     5.4650,     5.5191      
# span 20 =    26.5409,    26.5437      
# span 21 =    26.5402,    26.5430      
# span 22 =    35.5772,    35.5780      
# span 23 =    26.5408,    26.5436      
# span 24 =    1505.63,    1506.29      
# span 25 =    1505.63,    1506.29      
# span 26 =    14.4214,    14.4347      
# span 27 =  1026.5674,  1026.7506      
# span 28 =    35.7452,    35.7459      
# span 29 = 0.0000e+00, 0.0000e+00      
# interval = decibars: 1                
# start_time = Oct 23 2022 09:44:46 [NMEA time, header]
# bad_flag = -9.990e-29
*END*
       4423 296.408220  -43.35314  -52.02740     -0.473    1505.89     46.000     45.612    14.4282    14.4285     0.0003    14.4215    14.4217     0.0003   4.300127   4.300074  -0.000053    35.5776    35.5768     5.4660    26.5437    26.5430    35.5776    26.5436    1506.29    1506.29    14.4214  1026.7506    35.7455 0.0000e+00
       4516 296.408265  -43.35316  -52.02741     -0.265    1506.09     45.000     44.638    14.4284    14.4286     0.0001    14.4218    14.4219     0.0001   4.300096   4.300021  -0.000076    35.5775    35.5767     5.4712    26.5435    26.5429    35.5775    26.5435    1506.28    1506.28    14.4218  1026.7461    35.7455 0.0000e+00
       4622 296.408316  -43.35316  -52.02742     -0.306    1506.09     44.000     43.644    14.4289    14.4292     0.0003    14.4224    14.4227     0.0003   4.300077   4.300016  -0.000061    35.5773    35.5765     5.4858    26.5432    26.5425    35.5773    26.5432    1506.26    1506.26    14.4224  1026.7414    35.7453 0.0000e+00
       4700 296.408354  -43.35316  -52.02743     -0.280    1506.09     43.000     42.656    14.4291    14.4293     0.0003    14.4227    14.4230     0.0003   4.300061   4.300007  -0.000055    35.5774    35.5766     5.4769    26.5433    26.5426    35.5774    26.5433    1506.25    1506.25    14.4227  1026.7370    35.7454 0.0000e+00
       4846 296.408425  -43.35316  -52.02744     -0.179    1506.09     42.000     41.653    14.4306    14.4309     0.0003    14.4244    14.4247     0.0003   4.300223   4.300171  -0.000055    35.5780    35.5772     5.4789    26.5433    26.5427    35.5780    26.5433    1506.24    1506.23    14.4244  1026.7326    35.7459 0.0000e+00
       4870 296.408436  -43.35317  -52.02744     -0.650    1506.09     41.000     40.670    14.4300    14.4311     0.0011    14.4240    14.4251     0.0011   4.300114   4.300134   0.000020    35.5778    35.5770     5.4885    26.5433    26.5424    35.5779    26.5433    1506.22    1506.22    14.4240  1026.7282    35.7458 0.0000e+00
       4891 296.408446  -43.35318  -52.02744     -0.973    1506.09     40.000     39.678    14.4315    14.4323     0.0008    14.4256    14.4264     0.0008   4.300215   4.300193  -0.000016    35.5777    35.5768     5.4977    26.5428    26.5420    35.5778    26.5429    1506.20    1506.21    14.4257  1026.7234    35.7458 0.0000e+00
       4917 296.408459  -43.35318  -52.02744     -1.011    1506.09     39.000     38.686    14.4328    14.4328    -0.0000    14.4271    14.4270    -0.0000   4.300259   4.300181  -0.000078    35.5774    35.5767     5.4769    26.5423    26.5418    35.5775    26.5424    1506.19    1506.19    14.4271  1026.7184    35.7454 0.0000e+00
       4956 296.408478  -43.35318  -52.02744     -0.648    1506.09     38.000     37.697    14.4327    14.4324    -0.0002    14.4271    14.4269    -0.0002   4.300195   4.300102  -0.000092    35.5774    35.5767     5.4676    26.5423    26.5418    35.5774    26.5423    1506.18    1506.17    14.4271  1026.7140    35.7454 0.0000e+00
       5002 296.408500  -43.35317  -52.02746     -0.521    1506.09     37.000     36.699    14.4326    14.4324    -0.0001    14.4271    14.4270    -0.0001   4.300137   4.300053  -0.000083    35.5774    35.5767     5.4816    26.5423    26.5418    35.5774    26.5423    1506.16    1506.16    14.4271  1026.7096    35.7454 0.0000e+00
       5049 296.408522  -43.35316  -52.02746     -0.515    1506.09     36.000     35.710    14.4346    14.4338    -0.0007    14.4292    14.4286    -0.0007   4.300311   4.300155  -0.000153    35.5774    35.5766     5.4763    26.5418    26.5414    35.5776    26.5420    1506.15    1506.15    14.4292  1026.7049    35.7456 0.0000e+00
       5095 296.408545 -9.990e-29  -52.02746     -0.509    1506.09     35.000     34.718    14.4378    14.4377    -0.0001    14.4327    14.4326    -0.0001   4.300550   4.300458  -0.000092    35.5771    35.5764     5.4998    26.5409    26.5403    35.5772    26.5410    1506.14    1506.14    14.4327  1026.6995    35.7453 0.0000e+00
       5131 296.408562 -9.990e-29  -52.02746     -0.644    1506.09     34.000     33.726    14.4381    14.4380    -0.0001    14.4331    14.4329    -0.0001   4.300537   4.300439  -0.000097    35.5772    35.5764     5.4827    26.5409    26.5403    35.5773    26.5409    1506.13    1506.12    14.4330  1026.6951    35.7454 0.0000e+00
       5161 296.408577 -9.990e-29  -52.02746     -0.770    1506.09     33.000     32.735    14.4377    14.4381     0.0004    14.4328    14.4332     0.0004   4.300455   4.300398  -0.000060    35.5773    35.5763     5.4995    26.5410    26.5402    35.5773    26.5410    1506.11    1506.11    14.4328  1026.6907    35.7454 0.0000e+00
       5195 296.408593 -9.990e-29  -52.02746     -0.750    1506.09     32.000     31.755    14.4377    14.4379     0.0002    14.4329    14.4332     0.0002   4.300421   4.300340  -0.000080    35.5774    35.5765     5.4890    26.5410    26.5403    35.5774    26.5411    1506.09    1506.09    14.4329  1026.6864    35.7456 0.0000e+00
       5655 296.408814  -43.35321  -52.02750     -0.304    1506.09     31.000     30.742    14.4377    14.4379     0.0002    14.4332    14.4334     0.0002   4.300373   4.300302  -0.000071    35.5774    35.5765     5.4772    26.5410    26.5403    35.5774    26.5410    1506.08    1506.07    14.4332  1026.6818    35.7453 0.0000e+00
       6985 296.409456  -43.35324  -52.02760     -0.223    1506.09     30.000     29.753    14.4369    14.4372     0.0004    14.4325    14.4328     0.0004   4.300305   4.300246  -0.000059    35.5779    35.5771     5.4946    26.5416    26.5408    35.5779    26.5416    1506.06    1506.06    14.4325  1026.6779    35.7458 0.0000e+00
       7222 296.409571  -43.35326  -52.02762     -0.635    1506.09     29.000     28.767    14.4367    14.4370     0.0003    14.4324    14.4327     0.0003   4.300247   4.300177  -0.000069    35.5780    35.5771     5.4789    26.5416    26.5409    35.5780    26.5416    1506.04    1506.04    14.4324  1026.6735    35.7459 0.0000e+00
       7249 296.409583  -43.35326  -52.02762     -0.859    1506.09     28.000     27.775    14.4366    14.4367     0.0001    14.4325    14.4326     0.0001   4.300181   4.300112  -0.000069    35.5779    35.5772     5.4650    26.5415    26.5410    35.5779    26.5415    1506.02    1506.02    14.4324  1026.6691    35.7458 0.0000e+00
       7278 296.409597  -43.35326  -52.02762     -0.858    1506.09     27.000     26.785    14.4370    14.4371     0.0001    14.4330    14.4331     0.0001   4.300185   4.300097  -0.000087    35.5780    35.5771     5.4741    26.5415    26.5408    35.5780    26.5415    1506.01    1506.01    14.4330  1026.6646    35.7459 0.0000e+00
       7321 296.409618  -43.35326  -52.02763     -0.578    1506.09     26.000     25.791    14.4370    14.4374     0.0004    14.4331    14.4335     0.0004   4.300131   4.300086  -0.000048    35.5779    35.5771     5.4889    26.5414    26.5407    35.5779    26.5414    1505.99    1505.99    14.4331  1026.6601    35.7459 0.0000e+00
       7365 296.409639  -43.35326  -52.02764     -0.530    1506.09     25.000     24.799    14.4370    14.4373     0.0003    14.4334    14.4337     0.0003   4.300095   4.300023  -0.000068    35.5779    35.5770     5.5011    26.5414    26.5406    35.5779    26.5414    1505.97    1505.97    14.4334  1026.6557    35.7459 0.0000e+00
       7397 296.409655  -43.35326  -52.02764     -0.716    1506.09     24.000     23.808    14.4374    14.4378     0.0004    14.4338    14.4342     0.0004   4.300085   4.300037  -0.000051    35.5779    35.5771     5.4903    26.5413    26.5405    35.5779    26.5412    1505.96    1505.96    14.4338  1026.6512    35.7459 0.0000e+00
       7427 296.409669  -43.35326  -52.02764     -0.785    1506.09     23.000     22.815    14.4378    14.4381     0.0003    14.4344    14.4347     0.0003   4.300074   4.300013  -0.000058    35.5779    35.5771     5.4887    26.5411    26.5404    35.5779    26.5411    1505.94    1505.94    14.4344  1026.6466    35.7458 0.0000e+00
       7456 296.409683  -43.35326  -52.02764     -0.815    1506.09     22.000     21.824    14.4377    14.4382     0.0004    14.4345    14.4349     0.0004   4.300019   4.299959  -0.000065    35.5779    35.5769     5.4842    26.5411    26.5402    35.5778    26.5410    1505.93    1505.93    14.4345  1026.6422    35.7458 0.0000e+00
       7482 296.409696  -43.35326 -9.990e-29     -0.891    1506.09     21.000     20.832    14.4375    14.4379     0.0004    14.4344    14.4348     0.0004   4.299951   4.299895  -0.000054    35.5779    35.5770     5.4843    26.5411    26.5403    35.5778    26.5410    1505.91    1505.91    14.4344  1026.6378    35.7458 0.0000e+00
       7507 296.409708  -43.35326 -9.990e-29     -0.950    1506.09     20.000     19.840    14.4376    14.4378     0.0002    14.4346    14.4348     0.0002   4.299908   4.299830  -0.000078    35.5778    35.5769     5.4888    26.5410    26.5403    35.5778    26.5410    1505.89    1505.89    14.4347  1026.6333    35.7458 0.0000e+00
       7534 296.409721  -43.35326  -52.02766     -0.919    1506.09     19.000     18.848    14.4371    14.4376     0.0005    14.4343    14.4347     0.0005   4.299812   4.299760  -0.000054    35.5778    35.5769     5.4864    26.5411    26.5403    35.5778    26.5410    1505.88    1505.88    14.4343  1026.6289    35.7458 0.0000e+00
       7567 296.409737  -43.35326  -52.02766     -0.772    1506.09     18.000     17.856    14.4370    14.4373     0.0003    14.4343    14.4346     0.0003   4.299757   4.299696  -0.000062    35.5778    35.5769     5.4835    26.5411    26.5403    35.5778    26.5411    1505.86    1505.86    14.4343  1026.6245    35.7458 0.0000e+00
       7613 296.409759  -43.35326  -52.02766     -0.525    1506.09     17.000     16.863    14.4365    14.4370     0.0004    14.4340    14.4344     0.0004   4.299665   4.299623  -0.000039    35.5778    35.5771     5.4825    26.5412    26.5404    35.5778    26.5411    1505.84    1505.84    14.4340  1026.6202    35.7457 0.0000e+00
       7656 296.409779  -43.35326  -52.02766     -0.551    1506.09     16.000     15.872    14.4357    14.4360     0.0003    14.4333    14.4336     0.0003   4.299544   4.299469  -0.000073    35.5779    35.5770     5.4842    26.5413    26.5406    35.5778    26.5413    1505.82    1505.82    14.4334  1026.6159    35.7458 0.0000e+00
       7691 296.409796  -43.35326  -52.02768     -0.673    1506.09     15.000     14.880    14.4345    14.4346     0.0001    14.4323    14.4324     0.0001   4.299374   4.299304  -0.000073    35.5779    35.5771     5.4912    26.5416    26.5409    35.5778    26.5415    1505.80    1505.80    14.4323  1026.6117    35.7457 0.0000e+00
       7729 296.409815  -43.35327  -52.02768     -0.637    1506.09     14.000     13.888    14.4339    14.4341     0.0001    14.4319    14.4320     0.0001   4.299235   4.299183  -0.000050    35.5775    35.5769     5.5015    26.5413    26.5409    35.5774    26.5413    1505.78    1505.78    14.4319  1026.6071    35.7454 0.0000e+00
       7767 296.409833  -43.35328  -52.02768     -0.622    1506.09     13.000     12.895    14.4341    14.4342     0.0001    14.4322    14.4323     0.0001   4.299221   4.299133  -0.000088    35.5776    35.5767     5.5191    26.5413    26.5406    35.5775    26.5413    1505.77    1505.76    14.4322  1026.6027    35.7455 0.0000e+00
       7796 296.409847  -43.35328  -52.02768     -0.752    1506.09     12.000     11.904    14.4352    14.4358     0.0006    14.4334    14.4340     0.0006   4.299279   4.299251  -0.000027    35.5775    35.5767     5.5061    26.5410    26.5403    35.5775    26.5410    1505.75    1505.75    14.4334  1026.5981    35.7455 0.0000e+00
       7824 296.409860  -43.35328  -52.02768     -0.881    1506.09     11.000     10.912    14.4353    14.4357     0.0004    14.4337    14.4341     0.0004   4.299228   4.299185  -0.000044    35.5774    35.5766     5.5038    26.5409    26.5402    35.5773    26.5408    1505.74    1505.74    14.4337  1026.5935    35.7453 0.0000e+00
       7895 296.409895  -43.35328  -52.02769     -0.367    1506.09     10.000      9.924    14.4346    14.4349     0.0003    14.4332    14.4334     0.0003   4.299123   4.299067  -0.000056    35.5774    35.5767     5.4924    26.5410    26.5404    35.5774    26.5410    1505.72    1505.72    14.4332  1026.5893    35.7454 0.0000e+00
       8092 296.409990  -43.35328  -52.02771     -0.103    1506.09      9.000      8.928    14.4330    14.4333     0.0003    14.4316    14.4320     0.0003   4.298913   4.298858  -0.000052    35.5775    35.5767     5.4864    26.5414    26.5407    35.5774    26.5413    1505.70    1505.70    14.4316  1026.5852    35.7455 0.0000e+00
       8234 296.410059  -43.35329  -52.02772     -0.272    1506.09      8.000      7.932    14.4314    14.4320     0.0006    14.4302    14.4308     0.0006   4.298701   4.298679  -0.000022    35.5773    35.5765     5.5079    26.5415    26.5408    35.5773    26.5416    1505.68    1505.68    14.4302  1026.5810    35.7453 0.0000e+00
       8308 296.410094  -43.35330  -52.02772     -0.290    1506.09      7.000      6.945    14.4315    14.4317     0.0003    14.4304    14.4307     0.0003   4.298664   4.298605  -0.000057    35.5774    35.5766     5.4938    26.5416    26.5409    35.5774    26.5415    1505.66    1505.66    14.4304  1026.5766    35.7453 0.0000e+00
       8404 296.410140  -43.35330 -9.990e-29     -0.253    1506.09      6.000      5.951    14.4318    14.4323     0.0005    14.4309    14.4314     0.0005   4.298640   4.298599  -0.000042    35.5773    35.5765     5.5008    26.5414    26.5407    35.5773    26.5414    1505.64    1505.64    14.4309  1026.5721    35.7454 0.0000e+00
       8529 296.410201  -43.35330  -52.02775     -0.230    1506.09      5.000      4.966    14.4324    14.4326     0.0002    14.4317    14.4319     0.0002   4.298655   4.298598  -0.000057    35.5772    35.5765     5.4936    26.5412    26.5406    35.5773    26.5412    1505.63    1505.63    14.4316  1026.5674    35.7452 0.0000e+00
