Pos-Processados/process_op41/Processamento_split/up/uoperantar41_016.cnv
* Sea-Bird SBE 9 Data File:
* FileName = C:\Users\Dell\Desktop\OperantarXLI\config\00_BRUTOS\OPE41016.hdr
* Software Version Seasave V 7.26.7.110
* Temperature SN = 6497
* Conductivity SN = 4954
* Number of Bytes Per Scan = 31
* Number of Voltage Words = 2
* Number of Scans Averaged by the Deck Unit = 1
* NMEA Latitude = 62 09.82 S
* NMEA Longitude = 058 22.39 W
* NMEA UTC (Time) = Nov 09 2022 14:38:16
* NMEA baud rate = 4800
** H41
** Navio Polar Almirante Maximiano
** LH-021/2022
** Operantar XLI
** Número da Estação 0016
** Latitude 62 9,860 S
** Longitude 58 22,350 W
** Data/Hora (Z) 09/11/22 1440Z
** Profundidade local 415 m
** 09-1439
** Nome do Operador CT GARLA
# nquan = 30
# nvalues = 387                         
# units = specified
# name 0 = scan: Scan Count
# name 1 = timeJ: Julian Days
# name 2 = latitude: Latitude [deg]
# name 3 = longitude: Longitude [deg]
# name 4 = dz/dtM: Descent Rate [m/s]
# name 5 = avgsvCM: Average Sound Velocity [Chen-Millero, m/s]
# name 6 = prDM: Pressure, Digiquartz [db]
# name 7 = depSM: Depth [salt water, m]
# name 8 = t090C: Temperature [ITS-90, deg C]
# name 9 = t190C: Temperature, 2 [ITS-90, deg C]
# name 10 = T2-T190C: Temperature Difference, 2 - 1 [ITS-90, deg C]
# name 11 = potemp090C: Potential Temperature [ITS-90, deg C]
# name 12 = potemp190C: Potential Temperature, 2 [ITS-90, deg C]
# name 13 = potemp90Cdiff: Potential Temperature, Diff, 2 - 1 [ITS-90, deg C]
# name 14 = c0S/m: Conductivity [S/m]
# name 15 = c1S/m: Conductivity, 2 [S/m]
# name 16 = C2-C1S/m: Conductivity Difference, 2 - 1 [S/m]
# name 17 = sal00: Salinity, Practical [PSU]
# name 18 = sal11: Salinity, Practical, 2 [PSU]
# name 19 = sbeox0ML/L: Oxygen, SBE 43 [ml/l]
# name 20 = sigma-é00: Density [sigma-theta, kg/m^3]
# name 21 = sigma-é11: Density, 2 [sigma-theta, kg/m^3]
# name 22 = sal00: Salinity, Practical [PSU]
# name 23 = sigma-é00: Density [sigma-theta, kg/m^3]
# name 24 = svCM: Sound Velocity [Chen-Millero, m/s]
# name 25 = svCM1: Sound Velocity, 2 [Chen-Millero, m/s]
# name 26 = gsw_ptA0: potential temperature [ITS-90, deg C]
# name 27 = gsw_densityA0: density, TEOS-10 [density, kg/m^3]
# name 28 = gsw_saA0: Absolute Salinity [g/kg]
# name 29 = flag:
# span 0 =      13241,      24327       
# span 1 = 313.616292, 313.621639       
# span 2 =  -62.16382,  -62.16376       
# span 3 =  -58.37318,  -58.37300       
# span 4 =     -1.390,     -0.239       
# span 5 =    1450.47,    1450.59       
# span 6 =      2.000,    388.000       
# span 7 =      1.987,    383.900       
# span 8 =    -0.2592,    -0.1033       
# span 9 =    -0.2594,    -0.1013       
# span 10 =    -0.0030,     0.0031      
# span 11 =    -0.2683,    -0.1034      
# span 12 =    -0.2685,    -0.1014      
# span 13 =    -0.0030,     0.0031      
# span 14 =   2.833390,   2.855643      
# span 15 =   2.833468,   2.855667      
# span 16 =  -0.000256,   0.000302      
# span 17 =    34.1810,    34.3778      
# span 18 =    34.1819,    34.3786      
# span 19 =     6.4241,     7.4868      
# span 20 =    27.4504,    27.6159      
# span 21 =    27.4510,    27.6165      
# span 22 =    34.1811,    34.3778      
# span 23 =    27.4504,    27.6159      
# span 24 =    1447.60,    1453.60      
# span 25 =    1447.61,    1453.60      
# span 26 =    -0.2682,    -0.1034      
# span 27 =  1027.4650,  1029.4658      
# span 28 =    34.3460,    34.5459      
# span 29 = 0.0000e+00, 0.0000e+00      
# interval = decibars: 1                
# start_time = Nov 09 2022 14:38:16 [NMEA time, header]
# bad_flag = -9.990e-29
*END*
[from data line 97]
      16198 313.617719  -62.16378  -58.37302     -1.139    1450.59    291.000    288.004    -0.2577    -0.2580    -0.0003    -0.2679    -0.2681    -0.0003   2.839871   2.839896   0.000029    34.2656    34.2663     6.9973    27.5267    27.5273    34.2654    27.5266    1451.70    1451.70    -0.2677  1028.9181    34.4328 0.0000e+00
      16220 313.617729  -62.16378  -58.37302     -1.172    1450.59    290.000    287.015    -0.2576    -0.2579    -0.0003    -0.2678    -0.2680    -0.0003   2.839817   2.839837   0.000016    34.2654    34.2659     6.9998    27.5265    27.5269    34.2652    27.5264    1451.68    1451.68    -0.2676  1028.9131    34.4326 0.0000e+00
      16244 313.617741  -62.16378  -58.37302     -1.068    1450.59    289.000    286.026    -0.2577    -0.2580    -0.0003    -0.2678    -0.2681    -0.0003   2.839797   2.839781  -0.000013    34.2658    34.2659     7.0262    27.5268    27.5270    34.2656    27.5267    1451.67    1451.67    -0.2676  1028.9087    34.4330 0.0000e+00
      16271 313.617753  -62.16378  -58.37302     -0.921    1450.59    288.000    285.038    -0.2580    -0.2581    -0.0001    -0.2680    -0.2681    -0.0001   2.839711   2.839729   0.000013    34.2655    34.2658     7.0398    27.5267    27.5269    34.2653    27.5265    1451.65    1451.65    -0.2679  1028.9038    34.4327 0.0000e+00
      16295 313.617765  -62.16378  -58.37302     -0.936    1450.59    287.000    284.048    -0.2578    -0.2581    -0.0002    -0.2679    -0.2681    -0.0002   2.839656   2.839694   0.000040    34.2652    34.2660     7.0506    27.5264    27.5271    34.2651    27.5263    1451.63    1451.63    -0.2677  1028.8988    34.4324 0.0000e+00
      16318 313.617776  -62.16378  -58.37301     -1.027    1450.59    286.000    283.059    -0.2578    -0.2580    -0.0003    -0.2677    -0.2680    -0.0003   2.839576   2.839606   0.000031    34.2647    34.2654     7.0464    27.5260    27.5266    34.2645    27.5258    1451.62    1451.62    -0.2676  1028.8936    34.4319 0.0000e+00
      16342 313.617788  -62.16378  -58.37300     -1.037    1450.59    285.000    282.070    -0.2578    -0.2580    -0.0002    -0.2677    -0.2679    -0.0002   2.839517   2.839545   0.000027    34.2644    34.2650     7.0491    27.5258    27.5262    34.2644    27.5257    1451.60    1451.60    -0.2676  1028.8888    34.4318 0.0000e+00
      16373 313.617803  -62.16378  -58.37300     -0.842    1450.59    284.000    281.082    -0.2579    -0.2580    -0.0000    -0.2678    -0.2679    -0.0000   2.839510   2.839545   0.000034    34.2651    34.2656     7.0543    27.5263    27.5268    34.2650    27.5263    1451.58    1451.58    -0.2676  1028.8846    34.4324 0.0000e+00
      16406 313.617819  -62.16378  -58.37300     -0.686    1450.59    283.000    280.093    -0.2580    -0.2581    -0.0001    -0.2678    -0.2679    -0.0001   2.839452   2.839478   0.000023    34.2651    34.2655     7.0476    27.5263    27.5267    34.2649    27.5261    1451.57    1451.57    -0.2677  1028.8797    34.4323 0.0000e+00
      16430 313.617830  -62.16378  -58.37300     -0.869    1450.59    282.000    279.104    -0.2577    -0.2579    -0.0002    -0.2675    -0.2677    -0.0002   2.839304   2.839320   0.000021    34.2634    34.2639     7.0526    27.5249    27.5253    34.2632    27.5248    1451.55    1451.55    -0.2674  1028.8736    34.4306 0.0000e+00
      16449 313.617839  -62.16378  -58.37300     -1.105    1450.59    281.000    278.115    -0.2575    -0.2578    -0.0003    -0.2673    -0.2676    -0.0003   2.839233   2.839262   0.000029    34.2628    34.2635     7.0523    27.5244    27.5250    34.2627    27.5243    1451.53    1451.53    -0.2671  1028.8683    34.4300 0.0000e+00
      16467 313.617848  -62.16378  -58.37300     -1.259    1450.59    280.000    277.125    -0.2575    -0.2578    -0.0003    -0.2672    -0.2676    -0.0003   2.839172   2.839187   0.000013    34.2626    34.2631     7.0516    27.5243    27.5247    34.2625    27.5242    1451.52    1451.52    -0.2671  1028.8634    34.4298 0.0000e+00
      16489 313.617859  -62.16378  -58.37300     -1.230    1450.59    279.000    276.136    -0.2576    -0.2577    -0.0001    -0.2673    -0.2674    -0.0001   2.839131   2.839125  -0.000003    34.2626    34.2627     7.0468    27.5243    27.5243    34.2626    27.5243    1451.50    1451.50    -0.2671  1028.8588    34.4300 0.0000e+00
      16517 313.617872  -62.16378  -58.37300     -0.958    1450.59    278.000    275.147    -0.2578    -0.2577     0.0001    -0.2675    -0.2673     0.0001   2.839100   2.839086  -0.000015    34.2631    34.2628     7.0559    27.5247    27.5244    34.2631    27.5246    1451.48    1451.48    -0.2673  1028.8544    34.4304 0.0000e+00
      16549 313.617888  -62.16378  -58.37300     -0.755    1450.59    277.000    274.158    -0.2577    -0.2576     0.0001    -0.2673    -0.2672     0.0001   2.839001   2.838999  -0.000003    34.2623    34.2622     7.0592    27.5240    27.5239    34.2622    27.5239    1451.47    1451.47    -0.2672  1028.8489    34.4295 0.0000e+00
      16575 313.617900  -62.16378  -58.37300     -0.834    1450.59    276.000    273.169    -0.2574    -0.2576    -0.0002    -0.2670    -0.2672    -0.0002   2.838908   2.838924   0.000016    34.2613    34.2617     7.0584    27.5232    27.5236    34.2612    27.5231    1451.45    1451.45    -0.2668  1028.8434    34.4285 0.0000e+00
      16598 313.617911  -62.16378  -58.37300     -0.980    1450.59    275.000    272.179    -0.2574    -0.2577    -0.0003    -0.2670    -0.2673    -0.0003   2.838833   2.838860   0.000024    34.2610    34.2616     7.0639    27.5229    27.5235    34.2609    27.5229    1451.43    1451.43    -0.2668  1028.8384    34.4282 0.0000e+00
      16621 313.617922  -62.16378  -58.37300     -1.065    1450.59    274.000    271.191    -0.2577    -0.2579    -0.0002    -0.2672    -0.2674    -0.0002   2.838746   2.838777   0.000032    34.2607    34.2613     7.0636    27.5227    27.5232    34.2606    27.5226    1451.42    1451.42    -0.2670  1028.8334    34.4279 0.0000e+00
      16645 313.617934  -62.16378  -58.37300     -1.040    1450.59    273.000    270.202    -0.2579    -0.2580    -0.0001    -0.2674    -0.2675    -0.0001   2.838662   2.838693   0.000033    34.2604    34.2610     7.0691    27.5225    27.5229    34.2603    27.5224    1451.40    1451.40    -0.2672  1028.8285    34.4276 0.0000e+00
      16674 313.617948  -62.16378  -58.37300     -0.895    1450.59    272.000    269.213    -0.2580    -0.2581    -0.0001    -0.2675    -0.2675    -0.0001   2.838618   2.838622   0.000006    34.2605    34.2606     7.0799    27.5226    27.5227    34.2604    27.5225    1451.38    1451.38    -0.2673  1028.8238    34.4277 0.0000e+00
      16705 313.617963  -62.16378  -58.37300     -0.771    1450.59    271.000    268.223    -0.2580    -0.2582    -0.0002    -0.2674    -0.2676    -0.0002   2.838551   2.838551   0.000001    34.2604    34.2606     7.0799    27.5225    27.5227    34.2602    27.5223    1451.36    1451.36    -0.2673  1028.8189    34.4275 0.0000e+00
      16732 313.617976  -62.16378  -58.37300     -0.829    1450.59    270.000    267.234    -0.2584    -0.2587    -0.0002    -0.2678    -0.2680    -0.0002   2.838294   2.838302   0.000002    34.2581    34.2584     7.0744    27.5206    27.5209    34.2578    27.5204    1451.34    1451.34    -0.2676  1028.8122    34.4251 0.0000e+00
      16754 313.617987  -62.16378  -58.37300     -0.983    1450.59    269.000    266.245    -0.2587    -0.2590    -0.0003    -0.2680    -0.2683    -0.0003   2.838122   2.838157   0.000039    34.2567    34.2575     7.0663    27.5195    27.5202    34.2565    27.5193    1451.32    1451.32    -0.2679  1028.8064    34.4237 0.0000e+00
      16776 313.617997  -62.16378  -58.37300     -1.089    1450.59    268.000    265.256    -0.2590    -0.2592    -0.0002    -0.2683    -0.2685    -0.0002   2.838035   2.838033   0.000005    34.2562    34.2565     7.0747    27.5191    27.5194    34.2562    27.5192    1451.31    1451.31    -0.2681  1028.8015    34.4235 0.0000e+00
      16804 313.618011  -62.16378  -58.37300     -0.954    1450.59    267.000    264.267    -0.2589    -0.2591    -0.0001    -0.2682    -0.2683    -0.0001   2.838047   2.838041  -0.000014    34.2570    34.2570     7.0811    27.5198    27.5198    34.2569    27.5197    1451.29    1451.29    -0.2680  1028.7972    34.4242 0.0000e+00
      16844 313.618030  -62.16378  -58.37300     -0.602    1450.59    266.000    263.278    -0.2590    -0.2590    -0.0000    -0.2682    -0.2682    -0.0000   2.837982   2.838029   0.000048    34.2568    34.2575     7.0969    27.5196    27.5202    34.2567    27.5195    1451.27    1451.28    -0.2681  1028.7923    34.4240 0.0000e+00
      16874 313.618045  -62.16378  -58.37300     -0.705    1450.59    265.000    262.289    -0.2592    -0.2594    -0.0002    -0.2683    -0.2685    -0.0002   2.837744   2.837805   0.000061    34.2546    34.2556     7.1052    27.5178    27.5187    34.2544    27.5177    1451.25    1451.25    -0.2682  1028.7857    34.4216 0.0000e+00
      16895 313.618055  -62.16378  -58.37300     -0.972    1450.59    264.000    261.300    -0.2590    -0.2594    -0.0004    -0.2681    -0.2685    -0.0004   2.837572   2.837634   0.000064    34.2526    34.2539     7.0966    27.5162    27.5173    34.2524    27.5161    1451.24    1451.24    -0.2680  1028.7794    34.4197 0.0000e+00
      16914 313.618064  -62.16378  -58.37300     -1.175    1450.59    263.000    260.311    -0.2590    -0.2592    -0.0003    -0.2681    -0.2683    -0.0003   2.837475   2.837524   0.000045    34.2519    34.2527     7.0988    27.5157    27.5164    34.2518    27.5156    1451.22    1451.22    -0.2680  1028.7741    34.4190 0.0000e+00
      16935 313.618074  -62.16378  -58.37300     -1.229    1450.59    262.000    259.321    -0.2589    -0.2591    -0.0002    -0.2680    -0.2682    -0.0002   2.837430   2.837414  -0.000002    34.2516    34.2518     7.1032    27.5154    27.5156    34.2517    27.5155    1451.20    1451.20    -0.2678  1028.7693    34.4189 0.0000e+00
      16961 313.618086  -62.16378  -58.37300     -1.039    1450.59    261.000    258.332    -0.2592    -0.2592    -0.0000    -0.2682    -0.2682    -0.0000   2.837427   2.837424  -0.000009    34.2525    34.2524     7.1187    27.5162    27.5161    34.2525    27.5162    1451.19    1451.19    -0.2681  1028.7652    34.4197 0.0000e+00
      17001 313.618106  -62.16378  -58.37300     -0.619    1450.59    260.000    257.343    -0.2592    -0.2592    -0.0000    -0.2682    -0.2682    -0.0000   2.837368   2.837414   0.000044    34.2524    34.2531     7.1346    27.5161    27.5166    34.2524    27.5160    1451.17    1451.17    -0.2680  1028.7603    34.4196 0.0000e+00
      17038 313.618123  -62.16378  -58.37300     -0.613    1450.59    259.000    256.354    -0.2590    -0.2590    -0.0000    -0.2679    -0.2679    -0.0000   2.837220   2.837227   0.000009    34.2509    34.2511     7.1243    27.5149    27.5150    34.2508    27.5147    1451.15    1451.15    -0.2678  1028.7543    34.4180 0.0000e+00
      17062 313.618135  -62.16378  -58.37300     -0.861    1450.59    258.000    255.365    -0.2582    -0.2585    -0.0002    -0.2671    -0.2674    -0.0002   2.837013   2.837036   0.000023    34.2478    34.2484     7.1300    27.5123    27.5128    34.2477    27.5122    1451.14    1451.14    -0.2670  1028.7470    34.4149 0.0000e+00
      17083 313.618145  -62.16379  -58.37300     -1.065    1450.59    257.000    254.375    -0.2583    -0.2585    -0.0002    -0.2672    -0.2674    -0.0002   2.836979   2.837009   0.000028    34.2480    34.2486     7.1317    27.5124    27.5129    34.2479    27.5124    1451.12    1451.12    -0.2670  1028.7424    34.4151 0.0000e+00
      17104 313.618155  -62.16379  -58.37300     -1.144    1450.59    256.000    253.386    -0.2584    -0.2586    -0.0001    -0.2673    -0.2675    -0.0001   2.836953   2.836985   0.000037    34.2485    34.2491     7.1388    27.5128    27.5134    34.2484    27.5128    1451.10    1451.10    -0.2671  1028.7381    34.4156 0.0000e+00
      17131 313.618169  -62.16378  -58.37300     -0.989    1450.59    255.000    252.397    -0.2586    -0.2587    -0.0001    -0.2674    -0.2675    -0.0001   2.836913   2.836944   0.000030    34.2487    34.2492     7.1459    27.5131    27.5135    34.2487    27.5130    1451.09    1451.09    -0.2673  1028.7336    34.4159 0.0000e+00
      17164 313.618184  -62.16378  -58.37300     -0.742    1450.59    254.000    251.408    -0.2586    -0.2586    -0.0001    -0.2674    -0.2674    -0.0001   2.836822   2.836862   0.000038    34.2481    34.2487     7.1551    27.5125    27.5130    34.2480    27.5125    1451.07    1451.07    -0.2672  1028.7283    34.4152 0.0000e+00
      17190 313.618197  -62.16378  -58.37300     -0.810    1450.59    253.000    250.419    -0.2584    -0.2587    -0.0002    -0.2672    -0.2674    -0.0002   2.836756   2.836773   0.000015    34.2477    34.2481     7.1569    27.5122    27.5126    34.2476    27.5121    1451.05    1451.05    -0.2670  1028.7232    34.4148 0.0000e+00
      17211 313.618207  -62.16380  -58.37300     -1.029    1450.59    252.000    249.430    -0.2583    -0.2586    -0.0003    -0.2670    -0.2673    -0.0003   2.836693   2.836733   0.000038    34.2472    34.2481     7.1563    27.5119    27.5125    34.2472    27.5118    1451.04    1451.04    -0.2668  1028.7181    34.4143 0.0000e+00
      17230 313.618216  -62.16379  -58.37300     -1.195    1450.59    251.000    248.440    -0.2583    -0.2586    -0.0003    -0.2670    -0.2673    -0.0003   2.836637   2.836674   0.000039    34.2472    34.2479     7.1541    27.5118    27.5124    34.2471    27.5117    1451.02    1451.02    -0.2668  1028.7132    34.4142 0.0000e+00
      17251 313.618227  -62.16378  -58.37300     -1.204    1450.59    250.000    247.451    -0.2585    -0.2586    -0.0001    -0.2671    -0.2672    -0.0001   2.836595   2.836620   0.000025    34.2474    34.2478     7.1577    27.5120    27.5123    34.2473    27.5119    1451.00    1451.00    -0.2670  1028.7087    34.4145 0.0000e+00
      17283 313.618242  -62.16378  -58.37300     -0.883    1450.59    249.000    246.462    -0.2586    -0.2586    -0.0000    -0.2672    -0.2672    -0.0000   2.836541   2.836588   0.000045    34.2474    34.2480     7.1563    27.5120    27.5125    34.2473    27.5119    1450.99    1450.99    -0.2670  1028.7039    34.4144 0.0000e+00
      17319 313.618259  -62.16380  -58.37302     -0.638    1450.59    248.000    245.473    -0.2586    -0.2587    -0.0001    -0.2672    -0.2672    -0.0001   2.836495   2.836532   0.000039    34.2474    34.2480     7.1588    27.5120    27.5125    34.2473    27.5119    1450.97    1450.97    -0.2670  1028.6991    34.4144 0.0000e+00
      17343 313.618271  -62.16380  -58.37302     -0.827    1450.59    247.000    244.483    -0.2583    -0.2586    -0.0003    -0.2668    -0.2671    -0.0003   2.836394   2.836427   0.000030    34.2464    34.2470     7.1599    27.5111    27.5117    34.2463    27.5110    1450.95    1450.95    -0.2667  1028.6936    34.4134 0.0000e+00
      17363 313.618280  -62.16380  -58.37302     -1.078    1450.59    246.000    243.495    -0.2581    -0.2585    -0.0003    -0.2666    -0.2669    -0.0003   2.836340   2.836376   0.000041    34.2460    34.2469     7.1482    27.5108    27.5115    34.2459    27.5108    1450.94    1450.94    -0.2664  1028.6885    34.4131 0.0000e+00
      17381 313.618289  -62.16380  -58.37302     -1.243    1450.59    245.000    242.505    -0.2582    -0.2584    -0.0002    -0.2667    -0.2668    -0.0002   2.836287   2.836316   0.000027    34.2460    34.2465     7.1581    27.5108    27.5113    34.2459    27.5107    1450.92    1450.92    -0.2665  1028.6837    34.4130 0.0000e+00
      17403 313.618299  -62.16380  -58.37301     -1.227    1450.59    244.000    241.516    -0.2583    -0.2584    -0.0000    -0.2668    -0.2668    -0.0000   2.836242   2.836247   0.000006    34.2461    34.2463     7.1599    27.5109    27.5110    34.2461    27.5109    1450.91    1450.91    -0.2666  1028.6803    34.4146 0.0000e+00
