Pos-Processados/process_op41/Processamento_split/up/uoperantar41_002.cnv
* Sea-Bird SBE 9 Data File:
* FileName = C:\Users\Dell\Desktop\Operantar XLI\Raw\OP41002.hdr
* Software Version Seasave V 7.26.7.110
* Temperature SN = 6497
* Conductivity SN = 4954
* Number of Bytes Per Scan = 31
* Number of Voltage Words = 2
* Number of Scans Averaged by the Deck Unit = 1
* NMEA Latitude = 37 16.72 S
* NMEA Longitude = 048 37.48 W
* NMEA UTC (Time) = Oct 17 2022 21:01:25
* NMEA baud rate = 4800
** H41
** Navio Polar Almirante Maximiano
** LH-021/2022
** Operantar XLI
** Número da Estação 002
** Latitude 37ª16.719
** Longitude 048ª37.474
** Data/Hora (Z) 17/10/2022 2100Z
** Profundidade local
** 09-1439
** Nome do Operador 1T FILIPE LOPES
# nquan = 30
# nvalues = 1054                        
# units = specified
# name 0 = scan: Scan Count
# name 1 = timeJ: Julian Days
# name 2 = latitude: Latitude [deg]
# name 3 = longitude: Longitude [deg]
# name 4 = dz/dtM: Descent Rate [m/s]
# name 5 = avgsvCM: Average Sound Velocity [Chen-Millero, m/s]
# name 6 = prDM: Pressure, Digiquartz [db]
# name 7 = depSM: Depth [salt water, m]
# name 8 = t090C: Temperature [ITS-90, deg C]
# name 9 = t190C: Temperature, 2 [ITS-90, deg C]
# name 10 = T2-T190C: Temperature Difference, 2 - 1 [ITS-90, deg C]
# name 11 = potemp090C: Potential Temperature [ITS-90, deg C]
# name 12 = potemp190C: Potential Temperature, 2 [ITS-90, deg C]
# name 13 = potemp90Cdiff: Potential Temperature, Diff, 2 - 1 [ITS-90, deg C]
# name 14 = c0S/m: Conductivity [S/m]
# name 15 = c1S/m: Conductivity, 2 [S/m]
# name 16 = C2-C1S/m: Conductivity Difference, 2 - 1 [S/m]
# name 17 = sal00: Salinity, Practical [PSU]
# name 18 = sal11: Salinity, Practical, 2 [PSU]
# name 19 = sbeox0ML/L: Oxygen, SBE 43 [ml/l]
# name 20 = sigma-é00: Density [sigma-theta, kg/m^3]
# name 21 = sigma-é11: Density, 2 [sigma-theta, kg/m^3]
# name 22 = sal00: Salinity, Practical [PSU]
# name 23 = sigma-é00: Density [sigma-theta, kg/m^3]
# name 24 = svCM: Sound Velocity [Chen-Millero, m/s]
# name 25 = svCM1: Sound Velocity, 2 [Chen-Millero, m/s]
# name 26 = gsw_ptA0: potential temperature [ITS-90, deg C]
# name 27 = gsw_densityA0: density, TEOS-10 [density, kg/m^3]
# name 28 = gsw_saA0: Absolute Salinity [g/kg]
# name 29 = flag:
# span 0 =      29145,      62774       
# span 1 = 290.890038, 290.906256       
# span 2 =  -37.28319,  -37.28076       
# span 3 =  -48.62793,  -48.62614       
# span 4 =     -1.947,     -0.124       
# span 5 =    1502.01,    1502.01       
# span 6 =      2.000,   1055.000       
# span 7 =      1.977,   1044.521       
# span 8 =     4.2860,    17.7443       
# span 9 =     4.2853,    17.7462       
# span 10 =    -0.0912,     0.0709      
# span 11 =     4.2045,    17.7437      
# span 12 =     4.2037,    17.7456      
# span 13 =    -0.0907,     0.0706      
# span 14 =   3.262942,   4.696127      
# span 15 =   3.262954,   4.696045      
# span 16 =  -0.009089,   0.007704      
# span 17 =    34.1710,    36.1276      
# span 18 =    34.1707,    36.1261      
# span 19 =     4.4484,     5.8142      
# span 20 =    26.1990,    27.1666      
# span 21 =    26.1973,    27.1665      
# span 22 =    34.1705,    36.1282      
# span 23 =    26.1991,    27.1673      
# span 24 =    1482.85,    1518.98      
# span 25 =    1482.85,    1518.98      
# span 26 =     4.2042,    17.7438      
# span 27 =  1026.2126,  1032.0176      
# span 28 =    34.3334,    36.2987      
# span 29 = 0.0000e+00, 0.0000e+00      
# interval = decibars: 1                
# start_time = Oct 17 2022 21:01:25 [NMEA time, header]
# bad_flag = -9.990e-29
*END*
[from data line 291]
      40520 290.895524  -37.28174  -48.62684     -1.106    1502.01    764.000    756.937     6.4324     6.4301    -0.0023     6.3619     6.3596    -0.0023   3.454093   3.454049  -0.000055    34.3693    34.3709     5.0118    27.0077    27.0093    34.3749    27.0121    1488.23    1488.23     6.3617  1030.4941    34.5383 0.0000e+00
      40544 290.895536  -37.28176  -48.62684     -1.027    1502.01    763.000    755.948     6.4538     6.4463    -0.0075     6.3832     6.3758    -0.0075   3.456271   3.455723  -0.000484    34.3713    34.3734     5.0133    27.0064    27.0091    34.3781    27.0118    1488.30    1488.28     6.3831  1030.4889    34.5416 0.0000e+00
      40565 290.895546  -37.28176  -48.62684     -1.068    1502.01    762.000    754.959     6.4882     6.4649    -0.0234     6.4176     6.3944    -0.0233   3.459480   3.457508  -0.001983    34.3735    34.3749     4.9951    27.0036    27.0078    34.3797    27.0085    1488.42    1488.33     6.4174  1030.4805    34.5431 0.0000e+00
      40586 290.895556  -37.28176  -48.62684     -1.134    1502.01    761.000    753.970     6.5029     6.4929    -0.0100     6.4323     6.4223    -0.0099   3.460772   3.459871  -0.000857    34.3747    34.3752     4.9944    27.0028    27.0044    34.3798    27.0067    1488.46    1488.43     6.4321  1030.4739    34.5432 0.0000e+00
      40610 290.895567  -37.28176  -48.62684     -1.090    1502.01    760.000    752.981     6.5085     6.5030    -0.0055     6.4379     6.4325    -0.0055   3.461286   3.460917  -0.000395    34.3758    34.3769     5.0054    27.0028    27.0044    34.3804    27.0064    1488.47    1488.45     6.4377  1030.4689    34.5438 0.0000e+00
      40641 290.895583  -37.28176  -48.62686     -0.821    1502.01    759.000    751.992     6.5094     6.5115     0.0021     6.4389     6.4411     0.0021   3.461275   3.461596   0.000288    34.3765    34.3775     5.0050    27.0032    27.0037    34.3798    27.0059    1488.46    1488.47     6.4388  1030.4638    34.5432 0.0000e+00
      40670 290.895597  -37.28176  -48.62686     -0.770    1502.01    758.000    751.003     6.5092     6.5107     0.0014     6.4389     6.4403     0.0014   3.461202   3.461277   0.000162    34.3767    34.3771     5.0043    27.0034    27.0035    34.3797    27.0057    1488.44    1488.45     6.4387  1030.4592    34.5431 0.0000e+00
      40692 290.895607  -37.28176  -48.62686     -0.973    1502.01    757.000    750.014     6.5196     6.5100    -0.0096     6.4492     6.4398    -0.0095   3.462248   3.461468  -0.000810    34.3776    34.3783     4.9996    27.0028    27.0045    34.3814    27.0057    1488.47    1488.43     6.4491  1030.4545    34.5448 0.0000e+00
      40712 290.895617  -37.28178  -48.62686     -1.119    1502.01    756.000    749.025     6.5225     6.5209    -0.0016     6.4522     6.4507    -0.0016   3.462454   3.462328  -0.000125    34.3783    34.3785     5.0005    27.0029    27.0033    34.3812    27.0052    1488.46    1488.46     6.4521  1030.4494    34.5446 0.0000e+00
      40734 290.895627  -37.28178  -48.62684     -1.153    1502.01    755.000    748.036     6.5280     6.5243    -0.0037     6.4578     6.4541    -0.0036   3.462997   3.462615  -0.000305    34.3789    34.3792     4.9941    27.0026    27.0034    34.3822    27.0052    1488.47    1488.45     6.4576  1030.4448    34.5456 0.0000e+00
      40766 290.895643  -37.28178  -48.62686     -0.868    1502.01    754.000    747.047     6.5298     6.5299     0.0002     6.4597     6.4599     0.0002   3.462987   3.463101   0.000039    34.3793    34.3796     4.9910    27.0027    27.0029    34.3808    27.0039    1488.46    1488.46     6.4595  1030.4389    34.5442 0.0000e+00
      40800 290.895659  -37.28178  -48.62686     -0.679    1502.01    753.000    746.058     6.5267     6.5498     0.0231     6.4567     6.4797     0.0230   3.462849   3.465430   0.002372    34.3798    34.3829     4.9917    27.0035    27.0029    34.3828    27.0059    1488.43    1488.53     6.4566  1030.4364    34.5462 0.0000e+00
      40824 290.895671  -37.28178  -48.62686     -0.862    1502.01    752.000    745.069     6.6133     6.6285     0.0153     6.5429     6.5581     0.0152   3.472355   3.473909   0.001916    34.3862    34.3921     4.9832    26.9971    26.9998    34.4017    27.0094    1488.78    1488.84     6.5427  1030.4338    34.5653 0.0000e+00
      40844 290.895680  -37.28178  -48.62686     -1.068    1502.01    751.000    744.080     6.6877     6.6663    -0.0213     6.6169     6.5958    -0.0211   3.478989   3.476906  -0.001945    34.3928    34.3926     4.9798    26.9925    26.9952    34.4011    26.9991    1489.05    1488.97     6.6168  1030.4176    34.5646 0.0000e+00
      40860 290.895688  -37.28178  -48.62686     -1.266    1502.01    750.000    743.091     6.7256     6.6982    -0.0274     6.6548     6.6276    -0.0272   3.482959   3.480569  -0.002518    34.3965    34.3961     4.9872    26.9904    26.9937    34.4075    26.9990    1489.19    1489.09     6.6546  1030.4123    34.5710 0.0000e+00
      40877 290.895696  -37.28178  -48.62686     -1.399    1502.01    749.000    742.102     6.7621     6.7421    -0.0200     6.6912     6.6714    -0.0198   3.486656   3.484733  -0.001699    34.4014    34.4026     4.9900    26.9893    26.9929    34.4122    26.9978    1489.33    1489.24     6.6910  1030.4060    34.5758 0.0000e+00
      40895 290.895705  -37.28179  -48.62686     -1.412    1502.01    748.000    741.113     6.7839     6.7652    -0.0187     6.7130     6.6943    -0.0186   3.488582   3.486763  -0.001695    34.4036    34.4037     4.9782    26.9882    26.9907    34.4121    26.9948    1489.39    1489.32     6.7128  1030.3981    34.5756 0.0000e+00
      40912 290.895713  -37.28180  -48.62687     -1.393    1502.01    747.000    740.124     6.8166     6.7892    -0.0274     6.7456     6.7183    -0.0272   3.492097   3.489522  -0.002480    34.4074    34.4074     4.9576    26.9866    26.9904    34.4186    26.9956    1489.51    1489.40     6.7454  1030.3937    34.5822 0.0000e+00
      40930 290.895722  -37.28180  -48.62688     -1.382    1502.01    746.000    739.135     6.8352     6.8092    -0.0261     6.7642     6.7383    -0.0259   3.493509   3.491246  -0.002402    34.4092    34.4088     4.9387    26.9856    26.9888    34.4160    26.9910    1489.57    1489.47     6.7640  1030.3843    34.5796 0.0000e+00
      40952 290.895733  -37.28180  -48.62688     -1.238    1502.01    745.000    738.146     6.8320     6.8249    -0.0072     6.7611     6.7540    -0.0071   3.493125   3.492575  -0.000650    34.4103    34.4104     4.9253    26.9869    26.9879    34.4155    26.9910    1489.54    1489.51     6.7609  1030.3798    34.5791 0.0000e+00
      40984 290.895748  -37.28180  -48.62688     -0.847    1502.01    744.000    737.157     6.8140     6.8360     0.0220     6.7432     6.7651     0.0218   3.491427   3.493687   0.002147    34.4106    34.4123     4.9214    26.9895    26.9879    34.4153    26.9933    1489.45    1489.54     6.7431  1030.3779    34.5789 0.0000e+00
      41014 290.895762  -37.28180  -48.62688     -0.744    1502.01    743.000    736.168     6.8372     6.8391     0.0019     6.7664     6.7684     0.0020   3.493649   3.493622   0.000168    34.4118    34.4117     4.9140    26.9874    26.9870    34.4171    26.9915    1489.52    1489.53     6.7662  1030.3713    34.5806 0.0000e+00
      41037 290.895774  -37.28180  -48.62688     -0.921    1502.01    742.000    735.179     6.8572     6.8464    -0.0107     6.7864     6.7757    -0.0107   3.495538   3.494710  -0.000875    34.4128    34.4139     4.9160    26.9854    26.9878    34.4184    26.9898    1489.59    1489.55     6.7862  1030.3647    34.5820 0.0000e+00
      41057 290.895783  -37.28180  -48.62688     -1.106    1502.01    741.000    734.190     6.8657     6.8559    -0.0098     6.7950     6.7853    -0.0097   3.496275   3.495559  -0.000792    34.4141    34.4152     4.9148    26.9853    26.9874    34.4185    26.9887    1489.60    1489.57     6.7948  1030.3589    34.5820 0.0000e+00
      41077 290.895793  -37.28180  -48.62688     -1.196    1502.01    740.000    733.201     6.8677     6.8645    -0.0032     6.7971     6.7939    -0.0031   3.496428   3.496188  -0.000266    34.4149    34.4151     4.9150    26.9857    26.9862    34.4186    26.9886    1489.60    1489.58     6.7969  1030.3542    34.5821 0.0000e+00
      41101 290.895804  -37.28180  -48.62688     -1.107    1502.01    739.000    732.212     6.8684     6.8678    -0.0006     6.7979     6.7973    -0.0006   3.496448   3.496462  -0.000018    34.4154    34.4158     4.9148    26.9859    26.9863    34.4186    26.9884    1489.58    1489.58     6.7977  1030.3496    34.5821 0.0000e+00
      41130 290.895818  -37.28180  -48.62688     -0.899    1502.01    738.000    731.223     6.8690     6.8718     0.0028     6.7986     6.8014     0.0028   3.496447   3.496753   0.000307    34.4156    34.4161     4.9120    26.9860    26.9860    34.4184    26.9882    1489.57    1489.58     6.7984  1030.3448    34.5820 0.0000e+00
      41163 290.895835  -37.28180  -48.62688     -0.722    1502.01    737.000    730.234     6.8714     6.8725     0.0011     6.8011     6.8022     0.0011   3.496539   3.496636   0.000090    34.4153    34.4152     4.9166    26.9854    26.9852    34.4175    26.9872    1489.56    1489.56     6.8009  1030.3392    34.5811 0.0000e+00
      41191 290.895848  -37.28182  -48.62690     -0.779    1502.01    736.000    729.245     6.8695     6.8694    -0.0000     6.7993     6.7992    -0.0000   3.496212   3.496289   0.000076    34.4147    34.4156     4.9235    26.9851    26.9859    34.4164    26.9865    1489.53    1489.53     6.7991  1030.3341    34.5799 0.0000e+00
      41212 290.895858  -37.28182  -48.62690     -0.992    1502.01    735.000    728.256     6.8691     6.8703     0.0011     6.7990     6.8001     0.0011   3.495473   3.495875   0.000270    34.4095    34.4113     4.9239    26.9811    26.9824    34.4091    26.9808    1489.51    1489.52     6.7989  1030.3239    34.5725 0.0000e+00
      41230 290.895867  -37.28182  -48.62690     -1.201    1502.01    734.000    727.267     6.8605     6.8664     0.0059     6.7905     6.7964     0.0058   3.494336   3.495161   0.000924    34.4039    34.4082     4.9235    26.9779    26.9805    34.4056    26.9792    1489.45    1489.48     6.7904  1030.3180    34.5691 0.0000e+00
      41247 290.895875  -37.28183  -48.62690     -1.345    1502.01    733.000    726.277     6.8673     6.8657    -0.0016     6.7974     6.7959    -0.0016   3.494704   3.494746   0.000094    34.4018    34.4043     4.9224    26.9752    26.9775    34.4034    26.9765    1489.46    1489.46     6.7973  1030.3107    34.5668 0.0000e+00
      41264 290.895883  -37.28184  -48.62690     -1.394    1502.01    732.000    725.288     6.8722     6.8684    -0.0038     6.8024     6.7986    -0.0037   3.494986   3.494847  -0.000140    34.4006    34.4028     4.9300    26.9737    26.9759    34.4021    26.9748    1489.46    1489.45     6.8022  1030.3044    34.5655 0.0000e+00
      41282 290.895892  -37.28184  -48.62690     -1.386    1502.01    731.000    724.299     6.8741     6.8712    -0.0029     6.8043     6.8014    -0.0029   3.495036   3.494933  -0.000087    34.3999    34.4018     4.9542    26.9728    26.9747    34.4013    26.9739    1489.45    1489.44     6.8042  1030.2989    34.5647 0.0000e+00
      41299 290.895900  -37.28184  -48.62690     -1.379    1502.01    730.000    723.310     6.8800     6.8757    -0.0042     6.8103     6.8061    -0.0042   3.495647   3.495294  -0.000308    34.4001    34.4010     4.9850    26.9722    26.9734    34.4026    26.9741    1489.46    1489.44     6.8102  1030.2945    34.5660 0.0000e+00
      41317 290.895909  -37.28184  -48.62690     -1.369    1502.01    729.000    722.321     6.8967     6.8832    -0.0135     6.8270     6.8136    -0.0134   3.497342   3.495907  -0.001302    34.4019    34.4010     5.0050    26.9713    26.9724    34.4050    26.9737    1489.51    1489.45     6.8269  1030.2893    34.5684 0.0000e+00
      41336 290.895918  -37.28184  -48.62690     -1.331    1502.01    728.000    721.331     6.9053     6.8852    -0.0202     6.8357     6.8157    -0.0201   3.498187   3.496087  -0.001982    34.4032    34.4015     5.0207    26.9711    26.9725    34.4061    26.9735    1489.53    1489.45     6.8355  1030.2844    34.5696 0.0000e+00
      41356 290.895927  -37.28184  -48.62690     -1.244    1502.01    727.000    720.343     6.9137     6.8987    -0.0149     6.8441     6.8293    -0.0149   3.498953   3.497714  -0.001341    34.4042    34.4044     5.0397    26.9708    26.9729    34.4067    26.9728    1489.54    1489.49     6.8439  1030.2791    34.5702 0.0000e+00
      41378 290.895938  -37.28184  -48.62690     -1.139    1502.01    726.000    719.353     6.9209     6.9191    -0.0018     6.8514     6.8496    -0.0018   3.499579   3.499544  -0.000118    34.4052    34.4057     5.0425    26.9706    26.9713    34.4068    26.9719    1489.56    1489.55     6.8512  1030.2735    34.5703 0.0000e+00
      41402 290.895949  -37.28184  -48.62690     -1.065    1502.01    725.000    718.364     6.9241     6.9272     0.0031     6.8547     6.8578     0.0031   3.499969   3.500343   0.000367    34.4060    34.4069     5.0396    26.9708    26.9711    34.4084    26.9727    1489.55    1489.57     6.8545  1030.2698    34.5719 0.0000e+00
      41432 290.895964  -37.28184  -48.62692     -0.888    1502.01    724.000    717.375     6.9283     6.9383     0.0100     6.8590     6.8689     0.0099   3.500171   3.501525   0.001144    34.4065    34.4091     5.0336    26.9706    26.9713    34.4069    26.9709    1489.55    1489.60     6.8588  1030.2634    34.5703 0.0000e+00
      41475 290.895985  -37.28184  -48.62692     -0.529    1502.01    723.000    716.386     6.9293     6.9500     0.0207     6.8601     6.8807     0.0206   3.500566   3.502511   0.002068    34.4078    34.4098     5.0193    26.9714    26.9702    34.4107    26.9737    1489.54    1489.63     6.8599  1030.2617    34.5741 0.0000e+00
      41504 290.895999  -37.28184  -48.62690     -0.714    1502.01    722.000    715.397     6.9587     6.9707     0.0120     6.8894     6.9014     0.0120   3.504074   3.505303   0.001406    34.4112    34.4146     5.0172    26.9701    26.9712    34.4203    26.9774    1489.65    1489.70     6.8892  1030.2602    34.5839 0.0000e+00
      41524 290.896008  -37.28186  -48.62690     -0.993    1502.01    721.000    714.408     7.0420     7.0145    -0.0274     6.9723     6.9450    -0.0273   3.511736   3.509456  -0.002422    34.4176    34.4183     5.0098    26.9638    26.9681    34.4219    26.9672    1489.96    1489.86     6.9721  1030.2442    34.5854 0.0000e+00
      41542 290.896017  -37.28186  -48.62690     -1.210    1502.01    720.000    713.419     7.0594     7.0435    -0.0159     6.9897     6.9739    -0.0158   3.514181   3.512461  -0.001501    34.4220    34.4214     5.0082    26.9648    26.9666    34.4317    26.9725    1490.03    1489.96     6.9896  1030.2446    34.5953 0.0000e+00
      41559 290.896025  -37.28186  -48.62690     -1.350    1502.01    719.000    712.430     7.0951     7.0783    -0.0167     7.0253     7.0087    -0.0166   3.517598   3.515963  -0.001455    34.4262    34.4269     5.0049    26.9632    26.9661    34.4341    26.9695    1490.15    1490.08     7.0251  1030.2365    34.5977 0.0000e+00
      41577 290.896034  -37.28186  -48.62690     -1.386    1502.01    718.000    711.440     7.1054     7.0898    -0.0156     7.0357     7.0202    -0.0156   3.518500   3.517051  -0.001497    34.4286    34.4278     4.9938    26.9637    26.9652    34.4341    26.9681    1490.17    1490.11     7.0355  1030.2304    34.5977 0.0000e+00
