Pos-Processados/process_op41/Processamento_split/up/uoperantar41_020.cnv
* Sea-Bird SBE 9 Data File:
* FileName = C:\Users\Dell\Desktop\OperantarXLI\config\00_BRUTOS\OPE41020.hdr
* Software Version Seasave V 7.26.7.110
* Temperature SN = 6497
* Conductivity SN = 4954
* Number of Bytes Per Scan = 34
* Number of Voltage Words = 3
* Number of Scans Averaged by the Deck Unit = 1
* NMEA Latitude = 62 42.00 S
* NMEA Longitude = 058 53.83 W
* NMEA UTC (Time) = Nov 11 2022 06:25:21
* NMEA baud rate = 4800
** H41
** Navio Polar Almirante Maximiano
** LH-021/2022
** Operantar XLI
** Número da Estação 020
** Latitude 62´41.887S
** Longitude 058 53.875W
** Data/Hora (Z) 11/11/2022  0620
** Profundidade local 1497
** 09-1439
** Nome do Operador 1T FILIPE LOPES
# nquan = 30
# nvalues = 1500                        
# units = specified
# name 0 = scan: Scan Count
# name 1 = timeJ: Julian Days
# name 2 = latitude: Latitude [deg]
# name 3 = longitude: Longitude [deg]
# name 4 = dz/dtM: Descent Rate [m/s]
# name 5 = avgsvCM: Average Sound Velocity [Chen-Millero, m/s]
# name 6 = prDM: Pressure, Digiquartz [db]
# name 7 = depSM: Depth [salt water, m]
# name 8 = t090C: Temperature [ITS-90, deg C]
# name 9 = t190C: Temperature, 2 [ITS-90, deg C]
# name 10 = T2-T190C: Temperature Difference, 2 - 1 [ITS-90, deg C]
# name 11 = potemp090C: Potential Temperature [ITS-90, deg C]
# name 12 = potemp190C: Potential Temperature, 2 [ITS-90, deg C]
# name 13 = potemp90Cdiff: Potential Temperature, Diff, 2 - 1 [ITS-90, deg C]
# name 14 = c0S/m: Conductivity [S/m]
# name 15 = c1S/m: Conductivity, 2 [S/m]
# name 16 = C2-C1S/m: Conductivity Difference, 2 - 1 [S/m]
# name 17 = sal00: Salinity, Practical [PSU]
# name 18 = sal11: Salinity, Practical, 2 [PSU]
# name 19 = sbeox0ML/L: Oxygen, SBE 43 [ml/l]
# name 20 = sigma-é00: Density [sigma-theta, kg/m^3]
# name 21 = sigma-é11: Density, 2 [sigma-theta, kg/m^3]
# name 22 = sal00: Salinity, Practical [PSU]
# name 23 = sigma-é00: Density [sigma-theta, kg/m^3]
# name 24 = svCM: Sound Velocity [Chen-Millero, m/s]
# name 25 = svCM1: Sound Velocity, 2 [Chen-Millero, m/s]
# name 26 = gsw_ptA0: potential temperature [ITS-90, deg C]
# name 27 = gsw_densityA0: density, TEOS-10 [density, kg/m^3]
# name 28 = gsw_saA0: Absolute Salinity [g/kg]
# name 29 = flag:
# span 0 =      43115,      82912       
# span 1 = 315.288396, 315.307588       
# span 2 =  -62.71099,  -62.70611       
# span 3 =  -58.88985,  -58.88298       
# span 4 =     -1.522,     -0.176       
# span 5 =    1456.51,    1456.51       
# span 6 =      2.000,   1501.000       
# span 7 =      1.973,   1481.199       
# span 8 =    -1.3119,    -0.6299       
# span 9 =    -1.3122,    -0.6299       
# span 10 =    -0.0353,     0.0068      
# span 11 =    -1.3686,    -0.6577      
# span 12 =    -1.3689,    -0.6578      
# span 13 =    -0.0352,     0.0067      
# span 14 =   2.769351,   2.851938      
# span 15 =   2.769351,   2.851945      
# span 16 =  -0.003228,   0.000597      
# span 17 =    34.3491,    34.5567      
# span 18 =    34.3496,    34.5567      
# span 19 =     5.7524,     7.6917      
# span 20 =    27.6235,    27.8075      
# span 21 =    27.6240,    27.8075      
# span 22 =    34.3491,    34.5567      
# span 23 =    27.6235,    27.8075      
# span 24 =    1443.93,    1467.14      
# span 25 =    1443.93,    1467.14      
# span 26 =    -1.3675,    -0.6573      
# span 27 =  1027.6372,  1034.9127      
# span 28 =    34.5124,    34.7287      
# span 29 = 0.0000e+00, 0.0000e+00      
# interval = decibars: 1                
# start_time = Nov 11 2022 06:25:21 [NMEA time, header]
# bad_flag = -9.990e-29
*END*
[from data line 1257]
      74212 315.303393  -62.70976  -58.88492     -0.819    1456.51    244.000    241.506    -1.0492    -1.0461     0.0031    -1.0561    -1.0530     0.0031   2.784291   2.784570   0.000258    34.4396    34.4396     6.6769    27.7014    27.7012    34.4419    27.7032    1447.47    1447.49    -1.0558  1028.8775    34.6101 0.0000e+00
      74235 315.303404  -62.70976  -58.88490     -0.964    1456.51    243.000    240.517    -1.0360    -1.0323     0.0036    -1.0428    -1.0392     0.0036   2.785294   2.785605   0.000309    34.4391    34.4391     6.6686    27.7004    27.7004    34.4411    27.7020    1447.52    1447.53    -1.0426  1028.8714    34.6092 0.0000e+00
      74257 315.303414  -62.70976  -58.88490     -1.068    1456.51    242.000    239.527    -1.0311    -1.0293     0.0018    -1.0379    -1.0361     0.0018   2.785640   2.785789   0.000157    34.4392    34.4392     6.6686    27.7003    27.7003    34.4409    27.7017    1447.52    1447.53    -1.0377  1028.8662    34.6090 0.0000e+00
      74283 315.303427  -62.70976  -58.88490     -1.003    1456.51    241.000    238.538    -1.0288    -1.0272     0.0016    -1.0356    -1.0340     0.0016   2.785795   2.785925   0.000137    34.4394    34.4394     6.6664    27.7004    27.7004    34.4409    27.7017    1447.52    1447.53    -1.0354  1028.8614    34.6091 0.0000e+00
      74316 315.303443  -62.70976  -58.88489     -0.781    1456.51    240.000    237.549    -1.0265    -1.0266    -0.0000    -1.0333    -1.0333    -0.0000   2.785910   2.785929   0.000024    34.4394    34.4397     6.6540    27.7003    27.7006    34.4405    27.7013    1447.51    1447.51    -1.0331  1028.8562    34.6087 0.0000e+00
      74350 315.303459  -62.70976  -58.88488     -0.669    1456.51    239.000    236.560    -1.0263    -1.0265    -0.0002    -1.0330    -1.0332    -0.0002   2.785861   2.785872   0.000010    34.4393    34.4396     6.6421    27.7003    27.7005    34.4402    27.7010    1447.50    1447.50    -1.0328  1028.8498    34.6067 0.0000e+00
      74376 315.303472 -9.990e-29  -58.88488     -0.850    1456.51    238.000    235.571    -1.0268    -1.0267     0.0001    -1.0334    -1.0334     0.0001   2.785773   2.785781   0.000015    34.4394    34.4395     6.6467    27.7004    27.7004    34.4402    27.7010    1447.48    1447.48    -1.0333  1028.8417    34.6025 0.0000e+00
      74401 315.303484 -9.990e-29  -58.88488     -0.961    1456.51    237.000    234.581    -1.0274    -1.0274    -0.0001    -1.0340    -1.0341    -0.0001   2.785676   2.785670  -0.000003    34.4395    34.4396     6.6462    27.7004    27.7005    34.4401    27.7010    1447.46    1447.46    -1.0339  1028.8370    34.6025 0.0000e+00
      74448 315.303506  -62.70978  -58.88488     -0.541    1456.51    236.000    233.592    -1.0289    -1.0295    -0.0006    -1.0355    -1.0361    -0.0006   2.785471   2.785451  -0.000019    34.4394    34.4398     6.6408    27.7004    27.7008    34.4397    27.7007    1447.43    1447.43    -1.0353  1028.8337    34.6044 0.0000e+00
      74496 315.303530  -62.70978  -58.88486     -0.501    1456.51    235.000    232.603    -1.0301    -1.0305    -0.0004    -1.0367    -1.0371    -0.0004   2.785300   2.785318   0.000016    34.4392    34.4399     6.6434    27.7003    27.7009    34.4394    27.7005    1447.41    1447.41    -1.0365  1028.8316    34.6075 0.0000e+00
      74532 315.303547  -62.70980  -58.88484     -0.670    1456.51    234.000    231.614    -1.0338    -1.0344    -0.0006    -1.0403    -1.0409    -0.0006   2.784904   2.784883  -0.000015    34.4391    34.4396     6.6404    27.7004    27.7008    34.4389    27.7002    1447.38    1447.37    -1.0402  1028.8265    34.6070 0.0000e+00
      74572 315.303566  -62.70980  -58.88484     -0.609    1456.51    233.000    230.624    -1.0416    -1.0428    -0.0012    -1.0482    -1.0493    -0.0012   2.784128   2.784052  -0.000070    34.4383    34.4387     6.6465    27.7000    27.7004    34.4379    27.6997    1447.32    1447.32    -1.0479  1028.8228    34.6079 0.0000e+00
      74615 315.303587  -62.70980 -9.990e-29     -0.551    1456.51    232.000    229.635    -1.0428    -1.0433    -0.0005    -1.0493    -1.0498    -0.0005   2.783968   2.783952  -0.000019    34.4378    34.4381     6.6487    27.6997    27.6999    34.4377    27.6995    1447.30    1447.30    -1.0491  1028.8182    34.6080 0.0000e+00
      74649 315.303603  -62.70980  -58.88482     -0.674    1456.51    231.000    228.646    -1.0424    -1.0427    -0.0002    -1.0489    -1.0491    -0.0002   2.783927   2.783933   0.000005    34.4375    34.4378     6.6699    27.6994    27.6997    34.4373    27.6992    1447.29    1447.28    -1.0487  1028.8126    34.6070 0.0000e+00
      74674 315.303615  -62.70980  -58.88482     -0.853    1456.51    230.000    227.657    -1.0430    -1.0431    -0.0001    -1.0494    -1.0495    -0.0001   2.783799   2.783791  -0.000003    34.4371    34.4371     6.6834    27.6990    27.6991    34.4368    27.6988    1447.27    1447.27    -1.0492  1028.8061    34.6049 0.0000e+00
      74695 315.303626  -62.70982  -58.88482     -1.031    1456.51    229.000    226.667    -1.0445    -1.0452    -0.0008    -1.0509    -1.0516    -0.0008   2.783580   2.783508  -0.000069    34.4366    34.4365     6.6803    27.6987    27.6987    34.4361    27.6983    1447.24    1447.24    -1.0507  1028.8009    34.6042 0.0000e+00
      74717 315.303636  -62.70982  -58.88482     -1.115    1456.51    228.000    225.678    -1.0474    -1.0484    -0.0010    -1.0537    -1.0547    -0.0010   2.783266   2.783169  -0.000100    34.4364    34.4361     6.6753    27.6986    27.6985    34.4358    27.6982    1447.21    1447.21    -1.0536  1028.7960    34.6038 0.0000e+00
      74747 315.303651  -62.70982  -58.88480     -0.916    1456.51    227.000    224.689    -1.0496    -1.0503    -0.0006    -1.0560    -1.0566    -0.0006   2.782991   2.782957  -0.000034    34.4357    34.4359     6.6764    27.6981    27.6984    34.4352    27.6978    1447.18    1447.18    -1.0557  1028.7908    34.6033 0.0000e+00
      74787 315.303670  -62.70982  -58.88480     -0.590    1456.51    226.000    223.700    -1.0527    -1.0533    -0.0006    -1.0590    -1.0596    -0.0006   2.782590   2.782567  -0.000021    34.4346    34.4350     6.6766    27.6974    27.6978    34.4339    27.6968    1447.15    1447.15    -1.0588  1028.7851    34.6019 0.0000e+00
      74819 315.303685  -62.70982  -58.88480     -0.709    1456.51    225.000    222.710    -1.0575    -1.0581    -0.0006    -1.0637    -1.0643    -0.0006   2.782078   2.782048  -0.000031    34.4338    34.4340     6.6908    27.6969    27.6972    34.4330    27.6963    1447.11    1447.11    -1.0636  1028.7798    34.6010 0.0000e+00
      74846 315.303698  -62.70984  -58.88478     -0.859    1456.51    224.000    221.721    -1.0595    -1.0599    -0.0003    -1.0657    -1.0661    -0.0003   2.781847   2.781829  -0.000022    34.4333    34.4333     6.7008    27.6966    27.6966    34.4328    27.6962    1447.08    1447.08    -1.0655  1028.7750    34.6008 0.0000e+00
      74873 315.303711  -62.70984  -58.88478     -0.886    1456.51    223.000    220.732    -1.0589    -1.0590    -0.0001    -1.0651    -1.0652    -0.0001   2.781835   2.781820  -0.000011    34.4329    34.4329     6.7029    27.6963    27.6963    34.4326    27.6960    1447.07    1447.07    -1.0649  1028.7700    34.6006 0.0000e+00
      74898 315.303724  -62.70984  -58.88478     -0.913    1456.51    222.000    219.742    -1.0593    -1.0595    -0.0002    -1.0654    -1.0656    -0.0002   2.781695   2.781676  -0.000024    34.4322    34.4320     6.7111    27.6957    27.6956    34.4318    27.6954    1447.05    1447.05    -1.0653  1028.7646    34.5998 0.0000e+00
      74922 315.303735  -62.70984  -58.88477     -0.975    1456.51    221.000    218.753    -1.0592    -1.0591     0.0001    -1.0653    -1.0652     0.0001   2.781643   2.781655   0.000011    34.4318    34.4318     6.7233    27.6954    27.6954    34.4316    27.6952    1447.04    1447.04    -1.0651  1028.7596    34.5995 0.0000e+00
      74946 315.303747  -62.70984  -58.88476     -1.019    1456.51    220.000    217.764    -1.0589    -1.0589    -0.0001    -1.0650    -1.0650    -0.0001   2.781604   2.781598  -0.000009    34.4315    34.4315     6.7331    27.6952    27.6951    34.4312    27.6949    1447.02    1447.02    -1.0648  1028.7545    34.5992 0.0000e+00
      74971 315.303759  -62.70985  -58.88476     -0.976    1456.51    219.000    216.774    -1.0591    -1.0595    -0.0003    -1.0652    -1.0655    -0.0003   2.781506   2.781466  -0.000032    34.4312    34.4311     6.7303    27.6949    27.6949    34.4308    27.6946    1447.00    1447.00    -1.0650  1028.7494    34.5988 0.0000e+00
      74998 315.303772  -62.70986  -58.88476     -0.910    1456.51    218.000    215.785    -1.0625    -1.0633    -0.0008    -1.0685    -1.0693    -0.0008   2.781107   2.781048  -0.000062    34.4305    34.4305     6.7282    27.6944    27.6945    34.4298    27.6939    1446.97    1446.97    -1.0683  1028.7440    34.5978 0.0000e+00
      75023 315.303784  -62.70986  -58.88476     -0.931    1456.51    217.000    214.796    -1.0640    -1.0642    -0.0002    -1.0699    -1.0702    -0.0002   2.780934   2.780916  -0.000017    34.4301    34.4302     6.7379    27.6942    27.6942    34.4298    27.6939    1446.95    1446.95    -1.0698  1028.7393    34.5978 0.0000e+00
      75051 315.303797  -62.70986  -58.88475     -0.903    1456.51    216.000    213.806    -1.0654    -1.0663    -0.0009    -1.0714    -1.0723    -0.0009   2.780737   2.780648  -0.000082    34.4299    34.4298     6.7415    27.6941    27.6940    34.4294    27.6937    1446.92    1446.92    -1.0712  1028.7348    34.5981 0.0000e+00
      75079 315.303811  -62.70986 -9.990e-29     -0.855    1456.51    215.000    212.817    -1.0675    -1.0679    -0.0004    -1.0735    -1.0738    -0.0004   2.780485   2.780475  -0.000014    34.4295    34.4297     6.7412    27.6938    27.6940    34.4289    27.6934    1446.90    1446.89    -1.0732  1028.7309    34.5991 0.0000e+00
      75106 315.303824  -62.70986 -9.990e-29     -0.860    1456.51    214.000    211.828    -1.0709    -1.0713    -0.0004    -1.0768    -1.0772    -0.0004   2.780063   2.780029  -0.000035    34.4286    34.4285     6.7543    27.6932    27.6932    34.4277    27.6925    1446.86    1446.86    -1.0766  1028.7253    34.5978 0.0000e+00
      75131 315.303836  -62.70986 -9.990e-29     -0.933    1456.51    213.000    210.839    -1.0723    -1.0721     0.0002    -1.0782    -1.0780     0.0002   2.779882   2.779902   0.000014    34.4278    34.4278     6.7575    27.6926    27.6926    34.4275    27.6924    1446.84    1446.84    -1.0780  1028.7204    34.5976 0.0000e+00
      75157 315.303848  -62.70988  -58.88472     -0.957    1456.51    212.000    209.856    -1.0706    -1.0708    -0.0001    -1.0765    -1.0766    -0.0001   2.779895   2.779842  -0.000017    34.4269    34.4268     6.7519    27.6918    27.6918    34.4264    27.6914    1446.83    1446.83    -1.0763  1028.7137    34.5953 0.0000e+00
      75184 315.303861  -62.70988  -58.88472     -0.897    1456.51    211.000    208.853    -1.0867    -1.0907    -0.0039    -1.0925    -1.0965    -0.0039   2.778253   2.777927  -0.000344    34.4252    34.4250     6.7664    27.6910    27.6910    34.4230    27.6893    1446.73    1446.71    -1.0923  1028.7061    34.5909 0.0000e+00
      75366 315.303949  -62.70990  -58.88469     -0.654    1456.51    210.000    207.870    -1.0960    -1.0984    -0.0025    -1.1017    -1.1042    -0.0025   2.777430   2.777219  -0.000209    34.4241    34.4240     6.7942    27.6905    27.6905    34.4229    27.6895    1446.67    1446.66    -1.1015  1028.7016    34.5908 0.0000e+00
      75986 315.304248  -62.70998  -58.88458     -0.436    1456.51    209.000    206.881    -1.1006    -1.1013    -0.0007    -1.1062    -1.1070    -0.0007   2.776985   2.776968  -0.000018    34.4231    34.4238     6.8387    27.6899    27.6904    34.4227    27.6896    1446.63    1446.63    -1.1061  1028.6969    34.5906 0.0000e+00
      76017 315.304263  -62.70999  -58.88456     -0.525    1456.51    208.000    205.892    -1.1018    -1.1027    -0.0009    -1.1074    -1.1083    -0.0009   2.776824   2.776785  -0.000040    34.4230    34.4235     6.8379    27.6898    27.6902    34.4226    27.6895    1446.61    1446.61    -1.1073  1028.6920    34.5904 0.0000e+00
      76073 315.304290  -62.71000  -58.88455     -0.416    1456.51    207.000    204.902    -1.1048    -1.1054    -0.0007    -1.1104    -1.1111    -0.0007   2.776503   2.776488  -0.000014    34.4225    34.4231     6.8317    27.6895    27.6900    34.4222    27.6893    1446.58    1446.58    -1.1102  1028.6871    34.5901 0.0000e+00
      76119 315.304312  -62.71001  -58.88454     -0.520    1456.51    206.000    203.913    -1.1028    -1.1032    -0.0004    -1.1084    -1.1088    -0.0004   2.776606   2.776608   0.000001    34.4222    34.4226     6.8393    27.6892    27.6896    34.4220    27.6890    1446.57    1446.57    -1.1082  1028.6821    34.5899 0.0000e+00
      76159 315.304332  -62.71002  -58.88452     -0.600    1456.51    205.000    202.924    -1.1027    -1.1030    -0.0003    -1.1083    -1.1086    -0.0003   2.776537   2.776542   0.000003    34.4217    34.4221     6.8404    27.6888    27.6891    34.4216    27.6887    1446.56    1446.55    -1.1081  1028.6769    34.5894 0.0000e+00
      76203 315.304353  -62.71002  -58.88452     -0.515    1456.51    204.000    201.934    -1.1013    -1.1018    -0.0004    -1.1069    -1.1073    -0.0004   2.776601   2.776597  -0.000007    34.4213    34.4217     6.8391    27.6884    27.6888    34.4215    27.6886    1446.55    1446.54    -1.1067  1028.6720    34.5893 0.0000e+00
      76230 315.304366  -62.71002  -58.88452     -0.769    1456.51    203.000    200.945    -1.0965    -1.0962     0.0003    -1.1021    -1.1018     0.0003   2.776939   2.776985   0.000045    34.4210    34.4213     6.8482    27.6880    27.6882    34.4212    27.6882    1446.55    1446.55    -1.1019  1028.6668    34.5891 0.0000e+00
      76254 315.304377  -62.71002  -58.88452     -0.960    1456.51    202.000    199.955    -1.0960    -1.0960     0.0000    -1.1015    -1.1014     0.0000   2.776924   2.776944   0.000022    34.4209    34.4212     6.8522    27.6879    27.6881    34.4211    27.6880    1446.54    1446.54    -1.1013  1028.6600    34.5865 0.0000e+00
      76278 315.304389 -9.990e-29  -58.88452     -1.012    1456.51    201.000    198.966    -1.0939    -1.0933     0.0007    -1.0994    -1.0987     0.0007   2.777072   2.777127   0.000049    34.4210    34.4208     6.8423    27.6879    27.6877    34.4213    27.6881    1446.53    1446.54    -1.0992  1028.6528    34.5837 0.0000e+00
      76314 315.304406 -9.990e-29  -58.88450     -0.748    1456.51    200.000    197.977    -1.0906    -1.0899     0.0007    -1.0960    -1.0953     0.0007   2.777213   2.777271   0.000055    34.4197    34.4197     6.8544    27.6867    27.6867    34.4200    27.6870    1446.53    1446.53    -1.0959  1028.6468    34.5823 0.0000e+00
      76353 315.304425  -62.71004  -58.88450     -0.590    1456.51    199.000    196.992    -1.0878    -1.0878 -8.873e-07    -1.0932    -1.0932 -8.873e-07   2.777324   2.777345   0.000026    34.4187    34.4190     6.8497    27.6858    27.6860    34.4190    27.6860    1446.53    1446.53    -1.0930  1028.6428    34.5835 0.0000e+00
      76384 315.304440  -62.71004  -58.88449     -0.731    1456.51    198.000    195.993    -1.0879    -1.0883    -0.0004    -1.0933    -1.0937    -0.0004   2.777241   2.777224  -0.000014    34.4185    34.4187     6.8440    27.6856    27.6858    34.4186    27.6857    1446.51    1446.51    -1.0931  1028.6403    34.5863 0.0000e+00
      76415 315.304455  -62.71004  -58.88448     -0.789    1456.51    197.000    195.008    -1.0892    -1.0895    -0.0003    -1.0945    -1.0949    -0.0003   2.777016   2.776994  -0.000020    34.4176    34.4177     6.8614    27.6850    27.6850    34.4176    27.6850    1446.48    1446.48    -1.0944  1028.6349    34.5854 0.0000e+00
