Pos-Processados/process_op41/Processamento_split/up/uoperantar41_009.cnv
* Sea-Bird SBE 9 Data File:
* FileName = C:\Users\Dell\Desktop\OperantarXLI\config\00_BRUTOS\OPE41009.hdr
* Software Version Seasave V 7.26.7.110
* Temperature SN = 6497
* Conductivity SN = 4954
* Number of Bytes Per Scan = 31
* Number of Voltage Words = 2
* Number of Scans Averaged by the Deck Unit = 1
* NMEA Latitude = 42 49.84 S
* NMEA Longitude = 052 15.44 W
* NMEA UTC (Time) = Oct 23 2022 04:30:44
* NMEA baud rate = 4800
** H41
** Navio Polar Almirante Maximiano
** LH-021/2022
** Operantar XLI
** Número da Estação 009
** Latitude 42 49.421' S
** Longitude 52 14.906' W
** Data/Hora (Z) 23/10/2022 0403Z
** Profundidade local 5745 m
** 09-1439
** Nome do Operador CT Garla
# nquan = 30
# nvalues = 1026                        
# units = specified
# name 0 = scan: Scan Count
# name 1 = timeJ: Julian Days
# name 2 = latitude: Latitude [deg]
# name 3 = longitude: Longitude [deg]
# name 4 = dz/dtM: Descent Rate [m/s]
# name 5 = avgsvCM: Average Sound Velocity [Chen-Millero, m/s]
# name 6 = prDM: Pressure, Digiquartz [db]
# name 7 = depSM: Depth [salt water, m]
# name 8 = t090C: Temperature [ITS-90, deg C]
# name 9 = t190C: Temperature, 2 [ITS-90, deg C]
# name 10 = T2-T190C: Temperature Difference, 2 - 1 [ITS-90, deg C]
# name 11 = potemp090C: Potential Temperature [ITS-90, deg C]
# name 12 = potemp190C: Potential Temperature, 2 [ITS-90, deg C]
# name 13 = potemp90Cdiff: Potential Temperature, Diff, 2 - 1 [ITS-90, deg C]
# name 14 = c0S/m: Conductivity [S/m]
# name 15 = c1S/m: Conductivity, 2 [S/m]
# name 16 = C2-C1S/m: Conductivity Difference, 2 - 1 [S/m]
# name 17 = sal00: Salinity, Practical [PSU]
# name 18 = sal11: Salinity, Practical, 2 [PSU]
# name 19 = sbeox0ML/L: Oxygen, SBE 43 [ml/l]
# name 20 = sigma-é00: Density [sigma-theta, kg/m^3]
# name 21 = sigma-é11: Density, 2 [sigma-theta, kg/m^3]
# name 22 = sal00: Salinity, Practical [PSU]
# name 23 = sigma-é00: Density [sigma-theta, kg/m^3]
# name 24 = svCM: Sound Velocity [Chen-Millero, m/s]
# name 25 = svCM1: Sound Velocity, 2 [Chen-Millero, m/s]
# name 26 = gsw_ptA0: potential temperature [ITS-90, deg C]
# name 27 = gsw_densityA0: density, TEOS-10 [density, kg/m^3]
# name 28 = gsw_saA0: Absolute Salinity [g/kg]
# name 29 = flag:
# span 0 =      28756,      61199       
# span 1 = 296.201877, 296.217522       
# span 2 =  -42.84097,  -42.83555       
# span 3 =  -52.27886,  -52.26879       
# span 4 =     -1.745,     -0.096       
# span 5 =    1493.17,    1493.57       
# span 6 =      3.000,   1028.000       
# span 7 =      2.983,   1017.340       
# span 8 =     3.5805,    14.5355       
# span 9 =     3.5837,    14.5357       
# span 10 =    -0.0683,     0.1485      
# span 11 =     3.5068,    14.5350      
# span 12 =     3.5100,    14.5353      
# span 13 =    -0.0681,     0.1480      
# span 14 =   3.196055,   4.301278      
# span 15 =   3.196236,   4.301260      
# span 16 =  -0.007079,   0.015118      
# span 17 =    34.1626,    35.6141      
# span 18 =    34.1631,    35.6133      
# span 19 =     4.9326,     6.0326      
# span 20 =    26.4617,    27.1984      
# span 21 =    26.4609,    27.1983      
# span 22 =    34.1636,    35.6142      
# span 23 =    26.4620,    27.1987      
# span 24 =    1480.60,    1510.52      
# span 25 =    1480.60,    1510.53      
# span 26 =     3.5067,    14.5350      
# span 27 =  1026.4798,  1031.9452      
# span 28 =    34.3250,    35.7828      
# span 29 = 0.0000e+00, 0.0000e+00      
# interval = decibars: 1                
# start_time = Oct 23 2022 04:30:44 [NMEA time, header]
# bad_flag = -9.990e-29
*END*
[from data line 822]
      51102 296.212653  -42.83912  -52.27530     -0.986    1493.18    206.000    204.267    14.2878    14.2878     0.0001    14.2574    14.2575     0.0001   4.297035   4.296974  -0.000057    35.6117    35.6111     5.3017    26.6053    26.6048    35.6116    26.6052    1508.53    1508.53    14.2574  1027.5168    35.7801 0.0000e+00
      51127 296.212665  -42.83912  -52.27532     -0.976    1493.18    205.000    203.276    14.2875    14.2877     0.0002    14.2573    14.2575     0.0002   4.296960   4.296900  -0.000065    35.6117    35.6109     5.3050    26.6052    26.6046    35.6115    26.6051    1508.51    1508.51    14.2573  1027.5124    35.7800 0.0000e+00
      51153 296.212677  -42.83914  -52.27532     -0.944    1493.18    204.000    202.284    14.2871    14.2874     0.0003    14.2570    14.2573     0.0003   4.296880   4.296823  -0.000053    35.6117    35.6109     5.3170    26.6054    26.6047    35.6116    26.6052    1508.50    1508.50    14.2570  1027.5081    35.7801 0.0000e+00
      51182 296.212692  -42.83914  -52.27533     -0.852    1493.18    203.000    201.293    14.2870    14.2871     0.0002    14.2570    14.2572     0.0002   4.296815   4.296755  -0.000060    35.6116    35.6109     5.3245    26.6053    26.6047    35.6115    26.6052    1508.48    1508.48    14.2571  1027.5036    35.7800 0.0000e+00
      51223 296.212711  -42.83915  -52.27535     -0.623    1493.18    202.000    200.305    14.2869    14.2869     0.0000    14.2571    14.2572     0.0000   4.296773   4.296698  -0.000072    35.6117    35.6110     5.3309    26.6053    26.6047    35.6116    26.6052    1508.46    1508.46    14.2571  1027.4993    35.7801 0.0000e+00
      51282 296.212740  -42.83916  -52.27537     -0.367    1493.18    201.000    199.308    14.2856    14.2850    -0.0006    14.2560    14.2554    -0.0006   4.296545   4.296376  -0.000163    35.6113    35.6104     5.3150    26.6052    26.6047    35.6111    26.6051    1508.44    1508.44    14.2560  1027.4948    35.7796 0.0000e+00
      51317 296.212757  -42.83916  -52.27538     -0.622    1493.18    200.000    198.320    14.2797    14.2797     0.0000    14.2503    14.2503     0.0000   4.295723   4.295581  -0.000132    35.6099    35.6087     5.3250    26.6054    26.6044    35.6093    26.6049    1508.40    1508.40    14.2503  1027.4902    35.7778 0.0000e+00
      51339 296.212767  -42.83916  -52.27538     -0.918    1493.18    199.000    197.329    14.2786    14.2771    -0.0015    14.2493    14.2478    -0.0015   4.295464   4.295234  -0.000270    35.6092    35.6081     5.3226    26.6050    26.6045    35.6084    26.6044    1508.38    1508.38    14.2493  1027.4853    35.7769 0.0000e+00
      51358 296.212776  -42.83917  -52.27539     -1.140    1493.18    198.000    196.338    14.2739    14.2751     0.0012    14.2448    14.2459     0.0012   4.294831   4.294888   0.000047    35.6078    35.6072     5.3152    26.6050    26.6042    35.6072    26.6045    1508.35    1508.35    14.2447  1027.4809    35.7756 0.0000e+00
      51378 296.212786  -42.83918  -52.27540     -1.235    1493.18    197.000    195.347    14.2728    14.2721    -0.0007    14.2438    14.2431    -0.0007   4.294649   4.294456  -0.000172    35.6075    35.6066     5.3070    26.6049    26.6044    35.6069    26.6045    1508.33    1508.33    14.2438  1027.4766    35.7754 0.0000e+00
      51400 296.212797  -42.83918  -52.27540     -1.151    1493.18    196.000    194.362    14.2685    14.2689     0.0004    14.2396    14.2400     0.0004   4.294037   4.294068   0.000018    35.6062    35.6061     5.3039    26.6048    26.6046    35.6057    26.6044    1508.30    1508.30    14.2397  1027.4721    35.7741 0.0000e+00
      51431 296.212811  -42.83918  -52.27541     -0.884    1493.18    195.000    193.364    14.2701    14.2664    -0.0037    14.2414    14.2377    -0.0037   4.294238   4.293613  -0.000574    35.6067    35.6048     5.3170    26.6048    26.6041    35.6065    26.6046    1508.29    1508.27    14.2414  1027.4680    35.7749 0.0000e+00
      51474 296.212832  -42.83919  -52.27543     -0.563    1493.18    194.000    192.371    14.2660    14.2613    -0.0048    14.2375    14.2327    -0.0048   4.293611   4.292929  -0.000701    35.6055    35.6033     5.3177    26.6047    26.6041    35.6048    26.6042    1508.26    1508.24    14.2375  1027.4631    35.7732 0.0000e+00
      51515 296.212852  -42.83920  -52.27545     -0.564    1493.18    193.000    191.382    14.2599    14.2589    -0.0009    14.2315    14.2306    -0.0009   4.292727   4.292483  -0.000242    35.6036    35.6022     5.3256    26.6046    26.6037    35.6027    26.6038    1508.22    1508.21    14.2315  1027.4584    35.7711 0.0000e+00
      51544 296.212866  -42.83920  -52.27546     -0.764    1493.18    192.000    190.391    14.2482    14.2499     0.0018    14.2200    14.2217     0.0018   4.291149   4.291272   0.000099    35.6003    35.5996     5.3163    26.6045    26.6036    35.5992    26.6036    1508.16    1508.16    14.2200  1027.4539    35.7676 0.0000e+00
      51569 296.212878  -42.83921  -52.27546     -0.910    1493.18    191.000    189.400    14.2481    14.2484     0.0002    14.2201    14.2203     0.0002   4.291127   4.291081  -0.000053    35.5999    35.5992     5.3006    26.6041    26.6035    35.5995    26.6038    1508.14    1508.14    14.2201  1027.4496    35.7679 0.0000e+00
      51593 296.212890  -42.83922  -52.27547     -0.984    1493.18    190.000    188.409    14.2488    14.2496     0.0008    14.2209    14.2217     0.0008   4.291171   4.291176   0.000010    35.6000    35.5994     5.2984    26.6041    26.6034    35.5997    26.6038    1508.13    1508.13    14.2209  1027.4452    35.7681 0.0000e+00
      51621 296.212903  -42.83922  -52.27548     -0.928    1493.18    189.000    187.417    14.2495    14.2501     0.0006    14.2217    14.2223     0.0006   4.291195   4.291199  -0.000006    35.6001    35.5995     5.3119    26.6039    26.6033    35.5997    26.6035    1508.11    1508.12    14.2218  1027.4406    35.7681 0.0000e+00
      51650 296.212917  -42.83922  -52.27549     -0.823    1493.18    188.000    186.426    14.2497    14.2502     0.0004    14.2221    14.2225     0.0004   4.291191   4.291164  -0.000022    35.6001    35.5995     5.3046    26.6039    26.6033    35.5998    26.6036    1508.10    1508.10    14.2221  1027.4363    35.7683 0.0000e+00
      51681 296.212932  -42.83922  -52.27550     -0.783    1493.18    187.000    185.435    14.2508    14.2503    -0.0006    14.2233    14.2227    -0.0006   4.291295   4.291136  -0.000157    35.6004    35.5994     5.3212    26.6038    26.6032    35.6002    26.6037    1508.08    1508.08    14.2234  1027.4319    35.7686 0.0000e+00
      51710 296.212946  -42.83922  -52.27551     -0.811    1493.18    186.000    184.444    14.2521    14.2530     0.0009    14.2248    14.2257     0.0009   4.291403   4.291443   0.000038    35.6005    35.6000     5.3296    26.6036    26.6030    35.6004    26.6035    1508.07    1508.08    14.2248  1027.4274    35.7689 0.0000e+00
      51737 296.212959  -42.83923  -52.27552     -0.870    1493.18    185.000    183.452    14.2533    14.2533    -0.0001    14.2262    14.2261    -0.0001   4.291488   4.291413  -0.000083    35.6006    35.5999     5.3292    26.6034    26.6028    35.6005    26.6033    1508.06    1508.06    14.2262  1027.4227    35.7690 0.0000e+00
      51766 296.212973  -42.83924  -52.27553     -0.860    1493.18    184.000    182.462    14.2528    14.2528 -8.281e-07    14.2258    14.2257 -8.741e-07   4.291382   4.291267  -0.000107    35.6006    35.5996     5.3217    26.6034    26.6026    35.6005    26.6033    1508.04    1508.04    14.2257  1027.4184    35.7689 0.0000e+00
      51796 296.212987  -42.83924  -52.27554     -0.809    1493.18    183.000    181.470    14.2526    14.2520    -0.0005    14.2257    14.2251    -0.0005   4.291291   4.291128  -0.000161    35.6004    35.5995     5.3225    26.6033    26.6027    35.6002    26.6032    1508.02    1508.02    14.2257  1027.4138    35.7686 0.0000e+00
      51824 296.213001  -42.83926  -52.27554     -0.825    1493.18    182.000    180.479    14.2515    14.2512    -0.0003    14.2247    14.2245    -0.0003   4.291088   4.290991  -0.000110    35.6001    35.5993     5.3303    26.6033    26.6027    35.5998    26.6030    1508.00    1508.00    14.2247  1027.4093    35.7682 0.0000e+00
      51849 296.213013  -42.83926  -52.27556     -0.904    1493.18    181.000    179.488    14.2502    14.2506     0.0004    14.2237    14.2240     0.0004   4.290914   4.290838  -0.000060    35.5998    35.5989     5.3390    26.6032    26.6025    35.5997    26.6032    1507.98    1507.98    14.2237  1027.4051    35.7681 0.0000e+00
      51874 296.213025  -42.83926  -52.27556     -0.962    1493.18    180.000    178.496    14.2513    14.2506    -0.0007    14.2249    14.2241    -0.0007   4.290994   4.290824  -0.000181    35.6000    35.5990     5.3442    26.6032    26.6026    35.5999    26.6031    1507.97    1507.97    14.2249  1027.4004    35.7681 0.0000e+00
      51899 296.213037 -9.990e-29  -52.27558     -0.976    1493.18    179.000    177.505    14.2512    14.2516     0.0004    14.2249    14.2253     0.0004   4.290934   4.290913  -0.000029    35.6000    35.5993     5.3358    26.6031    26.6026    35.5999    26.6031    1507.95    1507.95    14.2249  1027.3960    35.7681 0.0000e+00
      51923 296.213049 -9.990e-29  -52.27558     -0.973    1493.18    178.000    176.514    14.2514    14.2520     0.0007    14.2252    14.2259     0.0007   4.290928   4.290915  -0.000010    35.6000    35.5994     5.3229    26.6031    26.6025    35.6001    26.6031    1507.94    1507.94    14.2252  1027.3916    35.7683 0.0000e+00
      51948 296.213061 -9.990e-29  -52.27558     -0.964    1493.18    177.000    175.523    14.2521    14.2525     0.0004    14.2261    14.2265     0.0004   4.290963   4.290934  -0.000030    35.6002    35.5995     5.3219    26.6030    26.6024    35.6001    26.6030    1507.92    1507.92    14.2261  1027.3871    35.7683 0.0000e+00
      51973 296.213073  -42.83928  -52.27560     -0.963    1493.18    176.000    174.532    14.2531    14.2528    -0.0002    14.2272    14.2270    -0.0002   4.291073   4.290928  -0.000136    35.6006    35.5995     5.3265    26.6031    26.6023    35.6007    26.6032    1507.91    1507.91    14.2272  1027.3830    35.7690 0.0000e+00
      51998 296.213085  -42.83929  -52.27561     -0.957    1493.18    175.000    173.540    14.2535    14.2535    -0.0001    14.2278    14.2278    -0.0001   4.291076   4.290993  -0.000087    35.6007    35.5999     5.3257    26.6031    26.6025    35.6007    26.6030    1507.90    1507.90    14.2278  1027.3785    35.7691 0.0000e+00
      52025 296.213098  -42.83930  -52.27562     -0.933    1493.18    174.000    172.549    14.2534    14.2535     0.0001    14.2278    14.2279     0.0001   4.291009   4.290947  -0.000070    35.6007    35.5999     5.3161    26.6031    26.6025    35.6006    26.6030    1507.88    1507.88    14.2278  1027.3741    35.7690 0.0000e+00
      52053 296.213111  -42.83930  -52.27562     -0.874    1493.18    173.000    171.558    14.2526    14.2547     0.0021    14.2272    14.2293     0.0021   4.290869   4.291055   0.000175    35.6005    35.6002     5.3033    26.6031    26.6024    35.6004    26.6030    1507.86    1507.87    14.2272  1027.3696    35.7688 0.0000e+00
      52083 296.213126 -9.990e-29  -52.27564     -0.809    1493.18    172.000    170.567    14.2542    14.2577     0.0035    14.2289    14.2325     0.0035   4.291086   4.291414   0.000302    35.6010    35.6006     5.3114    26.6031    26.6020    35.6014    26.6034    1507.85    1507.86    14.2289  1027.3655    35.7696 0.0000e+00
      52116 296.213142 -9.990e-29  -52.27565     -0.743    1493.18    171.000    169.576    14.2603    14.2614     0.0012    14.2351    14.2363     0.0012   4.291776   4.291752   0.000003    35.6023    35.6012     5.3279    26.6028    26.6017    35.6026    26.6030    1507.85    1507.86    14.2351  1027.3607    35.7709 0.0000e+00
      52146 296.213156 -9.990e-29  -52.27566     -0.760    1493.18    170.000    168.584    14.2691    14.2710     0.0019    14.2441    14.2460     0.0019   4.292960   4.293161   0.000187    35.6044    35.6044     5.3345    26.6025    26.6020    35.6059    26.6036    1507.87    1507.88    14.2441  1027.3569    35.7742 0.0000e+00
      52170 296.213168  -42.83932  -52.27566     -0.906    1493.18    169.000    167.592    14.2800    14.2801     0.0000    14.2552    14.2552     0.0000   4.294230   4.294144  -0.000068    35.6073    35.6066     5.3230    26.6023    26.6018    35.6080    26.6029    1507.89    1507.89    14.2552  1027.3518    35.7764 0.0000e+00
      52188 296.213177  -42.83932  -52.27566     -1.107    1493.18    168.000    166.601    14.2795    14.2798     0.0003    14.2548    14.2551     0.0003   4.294081   4.294013  -0.000065    35.6072    35.6064     5.3176    26.6023    26.6016    35.6075    26.6026    1507.87    1507.87    14.2548  1027.3471    35.7759 0.0000e+00
      52204 296.213184  -42.83932  -52.27568     -1.307    1493.18    167.000    165.610    14.2782    14.2787     0.0005    14.2536    14.2541     0.0005   4.293844   4.293812  -0.000036    35.6069    35.6060     5.3140    26.6024    26.6016    35.6070    26.6024    1507.85    1507.85    14.2536  1027.3426    35.7754 0.0000e+00
      52220 296.213192  -42.83933  -52.27568     -1.461    1493.18    166.000    164.619    14.2766    14.2774     0.0007    14.2522    14.2529     0.0007   4.293597   4.293580  -0.000019    35.6065    35.6056     5.3052    26.6023    26.6015    35.6066    26.6024    1507.83    1507.83    14.2522  1027.3382    35.7750 0.0000e+00
      52237 296.213200  -42.83934  -52.27568     -1.504    1493.18    165.000    163.628    14.2758    14.2762     0.0004    14.2515    14.2519     0.0004   4.293459   4.293435  -0.000025    35.6063    35.6057     5.2947    26.6023    26.6018    35.6065    26.6025    1507.81    1507.81    14.2515  1027.3338    35.7749 0.0000e+00
      52261 296.213212  -42.83934  -52.27570     -1.254    1493.18    164.000    162.646    14.2753    14.2759     0.0007    14.2511    14.2518     0.0007   4.293368   4.293376   0.000015    35.6062    35.6057     5.3028    26.6023    26.6018    35.6065    26.6026    1507.79    1507.79    14.2511  1027.3295    35.7749 0.0000e+00
      52341 296.213250  -42.83934  -52.27572     -0.096    1493.18    163.000    161.642    14.2734    14.2733    -0.0001    14.2495    14.2494    -0.0001   4.293075   4.292988  -0.000093    35.6057    35.6050     5.3065    26.6023    26.6018    35.6059    26.6025    1507.77    1507.76    14.2495  1027.3250    35.7743 0.0000e+00
      52376 296.213267  -42.83934  -52.27574     -0.630    1493.18    162.000    160.654    14.2724    14.2721    -0.0004    14.2486    14.2482    -0.0004   4.292805   4.292629  -0.000173    35.6053    35.6040     5.3205    26.6022    26.6013    35.6047    26.6017    1507.75    1507.74    14.2486  1027.3199    35.7731 0.0000e+00
      52391 296.213274  -42.83935  -52.27574     -1.067    1493.18    161.000    159.663    14.2704    14.2705     0.0001    14.2468    14.2468     0.0001   4.292558   4.292468  -0.000091    35.6046    35.6038     5.3235    26.6021    26.6014    35.6047    26.6021    1507.72    1507.72    14.2468  1027.3159    35.7731 0.0000e+00
      52405 296.213281  -42.83936  -52.27574     -1.403    1493.18    160.000    158.671    14.2724    14.2718    -0.0005    14.2488    14.2483    -0.0005   4.292748   4.292618  -0.000124    35.6048    35.6042     5.3125    26.6017    26.6014    35.6051    26.6020    1507.71    1507.71    14.2488  1027.3113    35.7735 0.0000e+00
      52418 296.213288  -42.83936  -52.27574     -1.648    1493.18    159.000    157.680    14.2738    14.2734    -0.0004    14.2504    14.2501    -0.0004   4.292910   4.292742  -0.000145    35.6053    35.6043     5.2981    26.6018    26.6011    35.6057    26.6021    1507.70    1507.70    14.2505  1027.3070    35.7741 0.0000e+00
