Pos-Processados/process_op41/Processamento_split/up/uoperantar41_002.cnv
* Sea-Bird SBE 9 Data File:
* FileName = C:\Users\Dell\Desktop\Operantar XLI\Raw\OP41002.hdr
* Software Version Seasave V 7.26.7.110
* Temperature SN = 6497
* Conductivity SN = 4954
* Number of Bytes Per Scan = 31
* Number of Voltage Words = 2
* Number of Scans Averaged by the Deck Unit = 1
* NMEA Latitude = 37 16.72 S
* NMEA Longitude = 048 37.48 W
* NMEA UTC (Time) = Oct 17 2022 21:01:25
* NMEA baud rate = 4800
** H41
** Navio Polar Almirante Maximiano
** LH-021/2022
** Operantar XLI
** Número da Estação 002
** Latitude 37ª16.719
** Longitude 048ª37.474
** Data/Hora (Z) 17/10/2022 2100Z
** Profundidade local
** 09-1439
** Nome do Operador 1T FILIPE LOPES
# nquan = 30
# nvalues = 1054                        
# units = specified
# name 0 = scan: Scan Count
# name 1 = timeJ: Julian Days
# name 2 = latitude: Latitude [deg]
# name 3 = longitude: Longitude [deg]
# name 4 = dz/dtM: Descent Rate [m/s]
# name 5 = avgsvCM: Average Sound Velocity [Chen-Millero, m/s]
# name 6 = prDM: Pressure, Digiquartz [db]
# name 7 = depSM: Depth [salt water, m]
# name 8 = t090C: Temperature [ITS-90, deg C]
# name 9 = t190C: Temperature, 2 [ITS-90, deg C]
# name 10 = T2-T190C: Temperature Difference, 2 - 1 [ITS-90, deg C]
# name 11 = potemp090C: Potential Temperature [ITS-90, deg C]
# name 12 = potemp190C: Potential Temperature, 2 [ITS-90, deg C]
# name 13 = potemp90Cdiff: Potential Temperature, Diff, 2 - 1 [ITS-90, deg C]
# name 14 = c0S/m: Conductivity [S/m]
# name 15 = c1S/m: Conductivity, 2 [S/m]
# name 16 = C2-C1S/m: Conductivity Difference, 2 - 1 [S/m]
# name 17 = sal00: Salinity, Practical [PSU]
# name 18 = sal11: Salinity, Practical, 2 [PSU]
# name 19 = sbeox0ML/L: Oxygen, SBE 43 [ml/l]
# name 20 = sigma-é00: Density [sigma-theta, kg/m^3]
# name 21 = sigma-é11: Density, 2 [sigma-theta, kg/m^3]
# name 22 = sal00: Salinity, Practical [PSU]
# name 23 = sigma-é00: Density [sigma-theta, kg/m^3]
# name 24 = svCM: Sound Velocity [Chen-Millero, m/s]
# name 25 = svCM1: Sound Velocity, 2 [Chen-Millero, m/s]
# name 26 = gsw_ptA0: potential temperature [ITS-90, deg C]
# name 27 = gsw_densityA0: density, TEOS-10 [density, kg/m^3]
# name 28 = gsw_saA0: Absolute Salinity [g/kg]
# name 29 = flag:
# span 0 =      29145,      62774       
# span 1 = 290.890038, 290.906256       
# span 2 =  -37.28319,  -37.28076       
# span 3 =  -48.62793,  -48.62614       
# span 4 =     -1.947,     -0.124       
# span 5 =    1502.01,    1502.01       
# span 6 =      2.000,   1055.000       
# span 7 =      1.977,   1044.521       
# span 8 =     4.2860,    17.7443       
# span 9 =     4.2853,    17.7462       
# span 10 =    -0.0912,     0.0709      
# span 11 =     4.2045,    17.7437      
# span 12 =     4.2037,    17.7456      
# span 13 =    -0.0907,     0.0706      
# span 14 =   3.262942,   4.696127      
# span 15 =   3.262954,   4.696045      
# span 16 =  -0.009089,   0.007704      
# span 17 =    34.1710,    36.1276      
# span 18 =    34.1707,    36.1261      
# span 19 =     4.4484,     5.8142      
# span 20 =    26.1990,    27.1666      
# span 21 =    26.1973,    27.1665      
# span 22 =    34.1705,    36.1282      
# span 23 =    26.1991,    27.1673      
# span 24 =    1482.85,    1518.98      
# span 25 =    1482.85,    1518.98      
# span 26 =     4.2042,    17.7438      
# span 27 =  1026.2126,  1032.0176      
# span 28 =    34.3334,    36.2987      
# span 29 = 0.0000e+00, 0.0000e+00      
# interval = decibars: 1                
# start_time = Oct 17 2022 21:01:25 [NMEA time, header]
# bad_flag = -9.990e-29
*END*
[from data line 194]
      36059 290.893373  -37.28132  -48.62652     -0.703    1502.01    861.000    852.842     4.8598     4.8486    -0.0112     4.7903     4.7792    -0.0111   3.301358   3.300116  -0.001067    34.1848    34.1840     5.7720    27.0528    27.0533    34.1912    27.0578    1483.29    1483.24     4.7901  1031.0122    34.3541 0.0000e+00
      36084 290.893385  -37.28132  -48.62654     -0.900    1502.01    860.000    851.853     4.8752     4.8709    -0.0043     4.8057     4.8015    -0.0043   3.302573   3.302281  -0.000343    34.1869    34.1873     5.7707    27.0527    27.0535    34.1900    27.0551    1483.33    1483.32     4.8055  1031.0046    34.3529 0.0000e+00
      36106 290.893396  -37.28132  -48.62654     -1.022    1502.01    859.000    850.865     4.8787     4.8772    -0.0016     4.8093     4.8077    -0.0016   3.302868   3.302694  -0.000113    34.1876    34.1878     5.7684    27.0528    27.0532    34.1903    27.0550    1483.33    1483.32     4.8091  1030.9998    34.3532 0.0000e+00
      36129 290.893407  -37.28132  -48.62656     -1.079    1502.01    858.000    849.877     4.8810     4.8817     0.0007     4.8116     4.8123     0.0007   3.303045   3.303232   0.000149    34.1882    34.1892     5.7573    27.0530    27.0537    34.1905    27.0548    1483.32    1483.33     4.8114  1030.9951    34.3534 0.0000e+00
      36157 290.893420  -37.28132  -48.62656     -0.944    1502.01    857.000    848.888     4.8838     4.8901     0.0063     4.8145     4.8208     0.0063   3.303295   3.303988   0.000685    34.1887    34.1901     5.7376    27.0531    27.0535    34.1910    27.0549    1483.32    1483.35     4.8143  1030.9906    34.3539 0.0000e+00
      36195 290.893439  -37.28132  -48.62656     -0.647    1502.01    856.000    847.900     4.8943     4.8963     0.0020     4.8250     4.8270     0.0020   3.304286   3.304550   0.000285    34.1900    34.1913     5.7224    27.0530    27.0537    34.1923    27.0548    1483.35    1483.36     4.8248  1030.9856    34.3551 0.0000e+00
      36232 290.893456  -37.28134  -48.62655     -0.632    1502.01    855.000    846.911     4.8993     4.9061     0.0068     4.8300     4.8368     0.0067   3.304925   3.305717   0.000721    34.1916    34.1930     5.7199    27.0537    27.0540    34.1950    27.0563    1483.35    1483.38     4.8298  1030.9825    34.3579 0.0000e+00
      36260 290.893470  -37.28134  -48.62656     -0.790    1502.01    854.000    845.923     4.9621     4.9496    -0.0126     4.8926     4.8801    -0.0125   3.311369   3.309714  -0.001321    34.1983    34.1959     5.7101    27.0519    27.0514    34.2055    27.0576    1483.61    1483.55     4.8923  1030.9778    34.3685 0.0000e+00
      36296 290.893487  -37.28134  -48.62656     -0.726    1502.01    853.000    844.937     4.9740     4.9714    -0.0025     4.9044     4.9019    -0.0025   3.312118   3.311976  -0.000209    34.2002    34.2004     5.7132    27.0521    27.0525    34.2026    27.0539    1483.64    1483.63     4.9042  1030.9694    34.3655 0.0000e+00
      36397 290.893536  -37.28134  -48.62656     -0.124    1502.01    852.000    843.941     5.0048     5.0264     0.0216     4.9352     4.9566     0.0214   3.315122   3.317589   0.002342    34.2042    34.2091     5.6640    27.0517    27.0531    34.2061    27.0532    1483.75    1483.85     4.9350  1030.9634    34.3690 0.0000e+00
      36449 290.893561  -37.28136  -48.62656     -0.559    1502.01    851.000    842.957     5.0138     5.0193     0.0055     4.9441     4.9496     0.0055   3.316367   3.317017   0.000620    34.2078    34.2093     5.6563    27.0536    27.0541    34.2118    27.0567    1483.78    1483.80     4.9439  1030.9622    34.3748 0.0000e+00
      36483 290.893578  -37.28136  -48.62656     -0.697    1502.01    850.000    841.968     5.0514     5.0543     0.0029     4.9816     4.9845     0.0029   3.319942   3.320308   0.000378    34.2113    34.2127     5.6112    27.0521    27.0529    34.2149    27.0549    1483.92    1483.93     4.9814  1030.9550    34.3779 0.0000e+00
      36515 290.893593  -37.28136  -48.62658     -0.733    1502.01    849.000    840.980     5.0673     5.0899     0.0226     4.9975     5.0199     0.0224   3.321618   3.323971   0.002280    34.2136    34.2168     5.6100    27.0520    27.0520    34.2184    27.0559    1483.97    1484.07     4.9973  1030.9510    34.3814 0.0000e+00
      36543 290.893606  -37.28136  -48.62658     -0.829    1502.01    848.000    839.991     5.0909     5.1127     0.0218     5.0210     5.0426     0.0216   3.323805   3.326092   0.002350    34.2146    34.2193     5.6065    27.0501    27.0514    34.2201    27.0545    1484.05    1484.15     5.0208  1030.9446    34.3831 0.0000e+00
      36567 290.893618  -37.28136  -48.62658     -0.938    1502.01    847.000    839.003     5.1331     5.1230    -0.0102     5.0630     5.0530    -0.0101   3.328060   3.326983  -0.000955    34.2210    34.2204     5.5947    27.0504    27.0511    34.2263    27.0546    1484.22    1484.17     5.0628  1030.9392    34.3893 0.0000e+00
      36595 290.893631  -37.28136  -48.62658     -0.923    1502.01    846.000    838.014     5.1337     5.1410     0.0073     5.0637     5.0710     0.0073   3.327830   3.328808   0.000860    34.2210    34.2234     5.5811    27.0503    27.0514    34.2235    27.0523    1484.20    1484.23     5.0635  1030.9324    34.3865 0.0000e+00
      36649 290.893657  -37.28137  -48.62658     -0.424    1502.01    845.000    837.026     5.1403     5.1794     0.0391     5.0703     5.1092     0.0388   3.328781   3.332727   0.003948    34.2232    34.2286     5.5463    27.0513    27.0510    34.2282    27.0552    1484.21    1484.38     5.0701  1030.9306    34.3912 0.0000e+00
      36703 290.893683  -37.28138  -48.62658     -0.473    1502.01    844.000    836.038     5.1646     5.1807     0.0162     5.0945     5.1106     0.0161   3.331047   3.332599   0.001561    34.2271    34.2285     5.5449    27.0516    27.0509    34.2299    27.0538    1484.30    1484.37     5.0943  1030.9241    34.3929 0.0000e+00
      36758 290.893710  -37.28138  -48.62658     -0.427    1502.01    843.000    835.048     5.2063     5.2227     0.0163     5.1361     5.1523     0.0162   3.335145   3.336812   0.001664    34.2315    34.2339     5.5112    27.0502    27.0502    34.2348    27.0528    1484.46    1484.53     5.1359  1030.9177    34.3978 0.0000e+00
      36801 290.893731  -37.28138  -48.62658     -0.554    1502.01    842.000    834.060     5.2249     5.2290     0.0041     5.1546     5.1587     0.0041   3.336939   3.337454   0.000490    34.2337    34.2351     5.5083    27.0498    27.0505    34.2369    27.0524    1484.52    1484.54     5.1544  1030.9123    34.4000 0.0000e+00
      36840 290.893749  -37.28139  -48.62660     -0.624    1502.01    841.000    833.071     5.2373     5.2409     0.0036     5.1670     5.1706     0.0036   3.338113   3.338535   0.000454    34.2355    34.2369     5.4918    27.0498    27.0505    34.2382    27.0519    1484.56    1484.57     5.1668  1030.9070    34.4013 0.0000e+00
      36887 290.893772  -37.28140  -48.62660     -0.505    1502.01    840.000    832.083     5.2420     5.2480     0.0060     5.1718     5.1777     0.0059   3.338571   3.339138   0.000633    34.2364    34.2376     5.4835    27.0499    27.0502    34.2392    27.0521    1484.56    1484.58     5.1716  1030.9026    34.4022 0.0000e+00
      36928 290.893792  -37.28140  -48.62660     -0.561    1502.01    839.000    831.094     5.2495     5.2508     0.0013     5.1793     5.1806     0.0013   3.339132   3.339169   0.000051    34.2370    34.2363     5.4793    27.0495    27.0488    34.2384    27.0507    1484.57    1484.58     5.1791  1030.8964    34.4015 0.0000e+00
      36956 290.893805  -37.28140  -48.62660     -0.781    1502.01    838.000    830.106     5.2551     5.2536    -0.0014     5.1849     5.1835    -0.0014   3.339639   3.339503  -0.000050    34.2355    34.2364     5.4778    27.0477    27.0486    34.2391    27.0505    1484.58    1484.57     5.1848  1030.8916    34.4021 0.0000e+00
      36980 290.893817  -37.28140  -48.62660     -0.954    1502.01    837.000    829.117     5.2723     5.2680    -0.0043     5.2022     5.1979    -0.0043   3.340937   3.340674  -0.000316    34.2357    34.2364     5.4686    27.0458    27.0469    34.2369    27.0468    1484.63    1484.62     5.2020  1030.8829    34.3999 0.0000e+00
      37006 290.893829  -37.28140  -48.62660     -0.974    1502.01    836.000    828.128     5.2659     5.2653    -0.0006     5.1959     5.1953    -0.0006   3.340255   3.340115  -0.000043    34.2346    34.2347     5.4795    27.0457    27.0459    34.2361    27.0469    1484.58    1484.58     5.1957  1030.8787    34.3991 0.0000e+00
      37127 290.893888  -37.28141  -48.62660     -0.507    1502.01    835.000    827.131     5.2567     5.2540    -0.0027     5.1869     5.1841    -0.0027   3.339102   3.338759  -0.000347    34.2320    34.2308     5.5006    27.0447    27.0441    34.2327    27.0453    1484.53    1484.51     5.1867  1030.8727    34.3957 0.0000e+00
      37250 290.893947  -37.28142  -48.62660     -0.251    1502.01    834.000    826.142     5.2591     5.2582    -0.0009     5.1894     5.1885    -0.0009   3.339120   3.339038  -0.000053    34.2299    34.2302     5.5319    27.0427    27.0431    34.2310    27.0436    1484.52    1484.51     5.1892  1030.8665    34.3939 0.0000e+00
      37288 290.893966  -37.28143  -48.62660     -0.667    1502.01    833.000    825.163     5.2601     5.2664     0.0063     5.1904     5.1967     0.0062   3.339197   3.340023   0.000646    34.2311    34.2321     5.5316    27.0436    27.0437    34.2313    27.0438    1484.51    1484.53     5.1903  1030.8621    34.3943 0.0000e+00
      37305 290.893974  -37.28144  -48.62660     -1.054    1502.01    832.000    824.174     5.2959     5.2934    -0.0025     5.2261     5.2236    -0.0025   3.343187   3.342842  -0.000151    34.2349    34.2357     5.5337    27.0424    27.0433    34.2410    27.0472    1484.65    1484.64     5.2259  1030.8602    34.4040 0.0000e+00
      37323 290.893983  -37.28144  -48.62662     -1.290    1502.01    831.000    823.185     5.3181     5.3083    -0.0098     5.2482     5.2385    -0.0097   3.345114   3.344065  -0.000961    34.2372    34.2361     5.5350    27.0416    27.0420    34.2410    27.0446    1484.72    1484.68     5.2480  1030.8526    34.4040 0.0000e+00
      37408 290.894023  -37.28144  -48.62662     -0.903    1502.01    830.000    822.186     5.3301     5.3262    -0.0040     5.2602     5.2563    -0.0039   3.346137   3.345891  -0.000287    34.2397    34.2404     5.5251    27.0422    27.0432    34.2409    27.0431    1484.75    1484.74     5.2601  1030.8463    34.4039 0.0000e+00
      37506 290.894071  -37.28145  -48.62662     -0.625    1502.01    829.000    821.209     5.3449     5.3550     0.0101     5.2751     5.2851     0.0100   3.347708   3.348789   0.001008    34.2429    34.2441     5.5021    27.0430    27.0428    34.2442    27.0440    1484.80    1484.84     5.2749  1030.8423    34.4072 0.0000e+00
      37643 290.894137  -37.28146  -48.62662     -0.465    1502.01    828.000    820.186     5.3783     5.3823     0.0040     5.3083     5.3123     0.0040   3.350989   3.351488   0.000429    34.2477    34.2485     5.4864    27.0429    27.0430    34.2482    27.0433    1484.92    1484.94     5.3081  1030.8363    34.4113 0.0000e+00
      37662 290.894146  -37.28146  -48.62662     -0.861    1502.01    827.000    819.231     5.3799     5.3849     0.0050     5.3100     5.3150     0.0050   3.351331   3.351754   0.000516    34.2485    34.2492     5.4770    27.0433    27.0433    34.2510    27.0452    1484.92    1484.94     5.3098  1030.8337    34.4140 0.0000e+00
      37684 290.894156  -37.28148  -48.62662     -1.057    1502.01    826.000    818.242     5.3896     5.3887    -0.0009     5.3197     5.3188    -0.0009   3.352181   3.352092  -0.000036    34.2494    34.2499     5.4597    27.0428    27.0433    34.2513    27.0443    1484.94    1484.94     5.3195  1030.8281    34.4143 0.0000e+00
      37710 290.894169  -37.28148  -48.62664     -0.997    1502.01    825.000    817.253     5.3945     5.3926    -0.0019     5.3247     5.3228    -0.0019   3.352570   3.352479  -0.000116    34.2501    34.2506     5.4623    27.0428    27.0435    34.2512    27.0437    1484.94    1484.94     5.3245  1030.8228    34.4143 0.0000e+00
      37863 290.894243  -37.28148  -48.62664     -0.426    1502.01    824.000    816.263     5.4316     5.4317     0.0001     5.3616     5.3617     0.0001   3.356348   3.356479   0.000109    34.2552    34.2563     5.4452    27.0425    27.0433    34.2570    27.0439    1485.08    1485.09     5.3614  1030.8192    34.4220 0.0000e+00
      37964 290.894292  -37.28150  -48.62664     -0.536    1502.01    823.000    815.276     5.4739     5.4700    -0.0038     5.4037     5.3999    -0.0038   3.360721   3.360419  -0.000263    34.2608    34.2617     5.4175    27.0419    27.0430    34.2644    27.0447    1485.25    1485.23     5.4035  1030.8135    34.4281 0.0000e+00
      37991 290.894305  -37.28150  -48.62664     -0.792    1502.01    822.000    814.288     5.4976     5.4913    -0.0063     5.4273     5.4211    -0.0063   3.363002   3.362396  -0.000600    34.2641    34.2637     5.4121    27.0417    27.0421    34.2667    27.0438    1485.33    1485.31     5.4271  1030.8070    34.4299 0.0000e+00
      38036 290.894326  -37.28150  -48.62665     -0.572    1502.01    821.000    813.299     5.4910     5.4949     0.0039     5.4209     5.4248     0.0039   3.362261   3.362688   0.000386    34.2644    34.2648     5.3974    27.0426    27.0425    34.2654    27.0435    1485.29    1485.30     5.4207  1030.8024    34.4285 0.0000e+00
      38136 290.894374  -37.28151  -48.62666     -0.249    1502.01    820.000    812.308     5.6039     5.6300     0.0261     5.5332     5.5591     0.0259   3.373549   3.376698   0.002989    34.2747    34.2821     5.3670    27.0372    27.0400    34.2795    27.0410    1485.74    1485.86     5.5329  1030.7930    34.4427 0.0000e+00
      38246 290.894427  -37.28152  -48.62666     -0.327    1502.01    819.000    811.319     5.6228     5.6693     0.0464     5.5521     5.5982     0.0461   3.375305   3.380550   0.004847    34.2815    34.2894     5.2782    27.0404    27.0410    34.2808    27.0398    1485.80    1486.00     5.5519  1030.7868    34.4439 0.0000e+00
      38317 290.894462  -37.28152  -48.62667     -0.363    1502.01    818.000    810.332     5.6962     5.7559     0.0597     5.6250     5.6844     0.0594   3.383491   3.389031   0.005935    34.2909    34.2975     5.2850    27.0389    27.0369    34.2996    27.0458    1486.10    1486.35     5.6248  1030.7867    34.4628 0.0000e+00
      38348 290.894477  -37.28152  -48.62668     -0.685    1502.01    817.000    809.344     5.7704     5.7685    -0.0019     5.6989     5.6970    -0.0019   3.390702   3.390482  -0.000074    34.2989    34.3000     5.2972    27.0362    27.0373    34.3065    27.0422    1486.39    1486.39     5.6987  1030.7771    34.4697 0.0000e+00
      38376 290.894490  -37.28152  -48.62668     -0.843    1502.01    816.000    808.355     5.7890     5.7843    -0.0047     5.7174     5.7128    -0.0046   3.392418   3.392079  -0.000307    34.3021    34.3033     5.2747    27.0365    27.0380    34.3075    27.0407    1486.45    1486.43     5.7172  1030.7707    34.4708 0.0000e+00
      38505 290.894552  -37.28155  -48.62668     -0.531    1502.01    815.000    807.356     5.8192     5.8296     0.0104     5.7476     5.7579     0.0103   3.395235   3.396278   0.000944    34.3087    34.3088     5.2067    27.0379    27.0368    34.3092    27.0383    1486.56    1486.60     5.7474  1030.7631    34.4724 0.0000e+00
