Pos-Processados/process_op41/Processamento_split/up/uoperantar41_003.cnv
* Sea-Bird SBE 9 Data File:
* FileName = C:\Users\Dell\Desktop\Operantar XLI\Raw\OP41003.hdr
* Software Version Seasave V 7.26.7.110
* Temperature SN = 6497
* Conductivity SN = 4954
* Number of Bytes Per Scan = 31
* Number of Voltage Words = 2
* Number of Scans Averaged by the Deck Unit = 1
* NMEA Latitude = 37 44.65 S
* NMEA Longitude = 048 37.45 W
* NMEA UTC (Time) = Oct 18 2022 02:57:07
* NMEA baud rate = 4800
** H41
** Navio Polar Almirante Maximiano
** LH-021/2022
** Operantar XLI
** Número da Estação 003
** Latitude 37ª44.632S
** Longitude 048ª37.496W
** Data/Hora (Z) 18/10/2022 0257Z
** Profundidade local 5500
** 09-1439
** Nome do Operador 1T FILIPE LOPES
# nquan = 30
# nvalues = 1014                        
# units = specified
# name 0 = scan: Scan Count
# name 1 = timeJ: Julian Days
# name 2 = latitude: Latitude [deg]
# name 3 = longitude: Longitude [deg]
# name 4 = dz/dtM: Descent Rate [m/s]
# name 5 = avgsvCM: Average Sound Velocity [Chen-Millero, m/s]
# name 6 = prDM: Pressure, Digiquartz [db]
# name 7 = depSM: Depth [salt water, m]
# name 8 = t090C: Temperature [ITS-90, deg C]
# name 9 = t190C: Temperature, 2 [ITS-90, deg C]
# name 10 = T2-T190C: Temperature Difference, 2 - 1 [ITS-90, deg C]
# name 11 = potemp090C: Potential Temperature [ITS-90, deg C]
# name 12 = potemp190C: Potential Temperature, 2 [ITS-90, deg C]
# name 13 = potemp90Cdiff: Potential Temperature, Diff, 2 - 1 [ITS-90, deg C]
# name 14 = c0S/m: Conductivity [S/m]
# name 15 = c1S/m: Conductivity, 2 [S/m]
# name 16 = C2-C1S/m: Conductivity Difference, 2 - 1 [S/m]
# name 17 = sal00: Salinity, Practical [PSU]
# name 18 = sal11: Salinity, Practical, 2 [PSU]
# name 19 = sbeox0ML/L: Oxygen, SBE 43 [ml/l]
# name 20 = sigma-é00: Density [sigma-theta, kg/m^3]
# name 21 = sigma-é11: Density, 2 [sigma-theta, kg/m^3]
# name 22 = sal00: Salinity, Practical [PSU]
# name 23 = sigma-é00: Density [sigma-theta, kg/m^3]
# name 24 = svCM: Sound Velocity [Chen-Millero, m/s]
# name 25 = svCM1: Sound Velocity, 2 [Chen-Millero, m/s]
# name 26 = gsw_ptA0: potential temperature [ITS-90, deg C]
# name 27 = gsw_densityA0: density, TEOS-10 [density, kg/m^3]
# name 28 = gsw_saA0: Absolute Salinity [g/kg]
# name 29 = flag:
# span 0 =      30788,      64521       
# span 1 = 291.137845, 291.154113       
# span 2 =  -37.74781,  -37.74582       
# span 3 =  -48.62114,  -48.61774       
# span 4 =     -2.057,     -0.092       
# span 5 =    1488.80,    1488.80       
# span 6 =      4.000,   1017.000       
# span 7 =      3.981,   1006.952       
# span 8 =     3.4388,    14.4770       
# span 9 =     3.4392,    14.4777       
# span 10 =    -0.1263,     0.0685      
# span 11 =     3.3666,    14.4543      
# span 12 =     3.3670,    14.4550      
# span 13 =    -0.1260,     0.0684      
# span 14 =   3.184053,   4.312232      
# span 15 =   3.184044,   4.312281      
# span 16 =  -0.013556,   0.008657      
# span 17 =    34.1464,    35.5982      
# span 18 =    34.1470,    35.5979      
# span 19 =     4.7707,     5.9366      
# span 20 =    26.3259,    27.2402      
# span 21 =    26.3259,    27.2403      
# span 22 =    34.1467,    35.6005      
# span 23 =    26.3262,    27.2403      
# span 24 =    1478.88,    1508.26      
# span 25 =    1478.88,    1508.26      
# span 26 =     3.3664,    14.4543      
# span 27 =  1026.3510,  1031.9405      
# span 28 =    34.3091,    35.7686      
# span 29 = 0.0000e+00, 0.0000e+00      
# interval = decibars: 1                
# start_time = Oct 18 2022 02:57:07 [NMEA time, header]
# bad_flag = -9.990e-29
*END*
[from data line 822]
      51801 291.147978  -37.74706 -9.990e-29     -1.573    1488.80    195.000    193.454    13.8012    13.8194     0.0182    13.7732    13.7914     0.0182   4.231908   4.233863   0.002221    35.4450    35.4490     5.1144    26.5788    26.5781    35.4577    26.5887    1506.59    1506.66    13.7732  1027.4536    35.6251 0.0000e+00
      51813 291.147984  -37.74707 -9.990e-29     -1.730    1488.80    194.000    192.462    13.8279    13.8339     0.0060    13.8000    13.8060     0.0060   4.234989   4.236046   0.000916    35.4504    35.4534     5.1138    26.5774    26.5784    35.4624    26.5867    1506.67    1506.69    13.8000  1027.4471    35.6298 0.0000e+00
      51825 291.147990  -37.74708 -9.990e-29     -1.857    1488.80    193.000    191.471    13.8544    13.8880     0.0336    13.8266    13.8601     0.0336   4.238485   4.243169   0.004332    35.4579    35.4674     5.1032    26.5777    26.5779    35.4711    26.5878    1506.75    1506.88    13.8266  1027.4438    35.6386 0.0000e+00
      51838 291.147996  -37.74708 -9.990e-29     -1.933    1488.80    192.000    190.479    13.8973    13.9209     0.0236    13.8696    13.8932     0.0235   4.243639   4.246621   0.002987    35.4659    35.4720     5.0864    26.5748    26.5746    35.4800    26.5857    1506.89    1506.97    13.8696  1027.4371    35.6476 0.0000e+00
      51851 291.148002  -37.74708 -9.990e-29     -1.943    1488.80    191.000    189.487    13.9234    13.9432     0.0198    13.8957    13.9155     0.0198   4.246796   4.248911   0.002498    35.4723    35.4773     5.0763    26.5742    26.5740    35.4860    26.5848    1506.96    1507.03    13.8957  1027.4317    35.6535 0.0000e+00
      51866 291.148010  -37.74706  -48.61896     -1.832    1488.80    190.000    188.496    13.9418    13.9535     0.0117    13.9143    13.9260     0.0117   4.248617   4.250152   0.001487    35.4770    35.4801     5.0834    26.5740    26.5739    35.4864    26.5812    1507.00    1507.04    13.9143  1027.4236    35.6539 0.0000e+00
      51885 291.148019  -37.74706  -48.61896     -1.519    1488.80    189.000    187.504    13.9476    13.9663     0.0187    13.9202    13.9389     0.0187   4.249124   4.251715   0.002437    35.4785    35.4840     5.0991    26.5739    26.5742    35.4862    26.5799    1507.00    1507.07    13.9202  1027.4179    35.6538 0.0000e+00
      51919 291.148035  -37.74708  -48.61896     -0.872    1488.80    188.000    186.512    13.9611    13.9668     0.0056    13.9339    13.9395     0.0056   4.250876   4.251527   0.000864    35.4822    35.4851     5.0999    26.5739    26.5750    35.4905    26.5803    1507.04    1507.06    13.9339  1027.4138    35.6581 0.0000e+00
      51965 291.148057  -37.74708  -48.61896     -0.493    1488.80    187.000    185.521    14.0052    13.9946    -0.0106    13.9780    13.9674    -0.0106   4.256178   4.254975  -0.001201    35.4926    35.4912     5.0785    26.5726    26.5737    35.4998    26.5781    1507.17    1507.14    13.9780  1027.4071    35.6674 0.0000e+00
      51998 291.148073  -37.74708  -48.61896     -0.674    1488.80    186.000    184.529    14.0207    14.0161    -0.0046    13.9936    13.9891    -0.0046   4.258108   4.257722  -0.000506    35.4967    35.4962     5.0794    26.5725    26.5730    35.5039    26.5781    1507.21    1507.20    13.9936  1027.4026    35.6716 0.0000e+00
      52024 291.148086  -37.74708  -48.61896     -0.858    1488.80    185.000    183.538    14.0560    14.0585     0.0024    14.0291    14.0315     0.0024   4.262398   4.262596   0.000289    35.5036    35.5041     5.0945    26.5703    26.5702    35.5117    26.5766    1507.32    1507.33    14.0291  1027.3966    35.6794 0.0000e+00
      52047 291.148097  -37.74708  -48.61896     -0.978    1488.80    184.000    182.545    14.0818    14.0832     0.0014    14.0550    14.0564     0.0014   4.265291   4.265603   0.000237    35.5086    35.5095     5.1097    26.5686    26.5690    35.5154    26.5739    1507.39    1507.40    14.0550  1027.3894    35.6831 0.0000e+00
      52068 291.148107  -37.74708  -48.61896     -1.091    1488.80    183.000    181.554    14.1044    14.1095     0.0052    14.0777    14.0828     0.0052   4.268159   4.268914   0.000788    35.5133    35.5159     5.1196    26.5675    26.5684    35.5217    26.5740    1507.45    1507.47    14.0777  1027.3850    35.6894 0.0000e+00
      52086 291.148116  -37.74708  -48.61896     -1.210    1488.80    182.000    180.562    14.1296    14.1318     0.0022    14.1030    14.1052     0.0022   4.271234   4.271732   0.000409    35.5192    35.5209     5.1103    26.5667    26.5675    35.5275    26.5731    1507.53    1507.54    14.1030  1027.3796    35.6953 0.0000e+00
      52103 291.148124  -37.74709  -48.61896     -1.323    1488.80    181.000    179.571    14.1552    14.1595     0.0043    14.1288    14.1330     0.0043   4.274244   4.274676   0.000540    35.5244    35.5255     5.1021    26.5652    26.5652    35.5323    26.5713    1507.60    1507.61    14.1288  1027.3734    35.7001 0.0000e+00
      52118 291.148131  -37.74710  -48.61896     -1.432    1488.80    180.000    178.579    14.1650    14.1701     0.0051    14.1387    14.1438     0.0051   4.275202   4.275951   0.000668    35.5267    35.5282     5.1098    26.5649    26.5650    35.5326    26.5695    1507.61    1507.63    14.1387  1027.3671    35.7004 0.0000e+00
      52132 291.148138  -37.74710  -48.61894     -1.547    1488.80    179.000    177.587    14.1726    14.1849     0.0123    14.1464    14.1587     0.0123   4.276249   4.278198   0.001639    35.5290    35.5328     5.1173    26.5650    26.5654    35.5358    26.5703    1507.62    1507.67    14.1464  1027.3634    35.7036 0.0000e+00
      52146 291.148145  -37.74710  -48.61894     -1.658    1488.80    178.000    176.596    14.1884    14.2177     0.0293    14.1623    14.1916     0.0293   4.278587   4.282184   0.003612    35.5329    35.5396     5.1210    26.5647    26.5636    35.5434    26.5728    1507.67    1507.77    14.1623  1027.3615    35.7113 0.0000e+00
      52159 291.148151  -37.74710  -48.61894     -1.734    1488.80    177.000    175.604    14.2181    14.2414     0.0233    14.1921    14.2154     0.0233   4.282077   4.285056   0.003001    35.5393    35.5457     5.1195    26.5632    26.5632    35.5489    26.5707    1507.75    1507.84    14.1921  1027.3549    35.7168 0.0000e+00
      52174 291.148158  -37.74710  -48.61894     -1.737    1488.80    176.000    174.612    14.2588    14.2648     0.0060    14.2329    14.2389     0.0060   4.287087   4.287754   0.000889    35.5489    35.5516     5.1210    26.5619    26.5627    35.5584    26.5693    1507.88    1507.90    14.2329  1027.3489    35.7263 0.0000e+00
      52192 291.148167  -37.74710  -48.61894     -1.581    1488.80    175.000    173.620    14.2713    14.2709    -0.0003    14.2455    14.2452    -0.0003   4.288216   4.288198   0.000052    35.5518    35.5526     5.1259    26.5615    26.5622    35.5578    26.5661    1507.90    1507.90    14.2455  1027.3413    35.7257 0.0000e+00
      52226 291.148183  -37.74710  -48.61894     -0.938    1488.80    174.000    172.631    14.2700    14.2403    -0.0297    14.2444    14.2148    -0.0297   4.288051   4.284375  -0.003564    35.5530    35.5472     5.1211    26.5626    26.5645    35.5578    26.5664    1507.88    1507.78    14.2444  1027.3372    35.7257 0.0000e+00
      52280 291.148210  -37.74710  -48.61894     -0.326    1488.80    173.000    171.631    14.2794    14.2801     0.0007    14.2539    14.2546     0.0007   4.289105   4.289186   0.000105    35.5556    35.5559     5.1182    26.5626    26.5627    35.5594    26.5656    1507.90    1507.90    14.2540  1027.3320    35.7273 0.0000e+00
      52304 291.148221  -37.74710  -48.61894     -0.727    1488.80    172.000    170.646    14.2826    14.2743    -0.0083    14.2573    14.2490    -0.0083   4.289506   4.288663  -0.000949    35.5568    35.5556     5.1174    26.5628    26.5637    35.5606    26.5658    1507.89    1507.87    14.2573  1027.3278    35.7285 0.0000e+00
      52320 291.148229  -37.74710  -48.61892     -1.109    1488.80    171.000    169.654    14.2868    14.2879     0.0011    14.2616    14.2628     0.0011   4.289943   4.290127   0.000145    35.5578    35.5581     5.1118    26.5627    26.5626    35.5612    26.5653    1507.89    1507.89    14.2616  1027.3229    35.7291 0.0000e+00
      52333 291.148235  -37.74710  -48.61892     -1.427    1488.80    170.000    168.662    14.2904    14.2998     0.0094    14.2653    14.2748     0.0094   4.290566   4.291895   0.001184    35.5589    35.5612     5.1110    26.5628    26.5625    35.5641    26.5668    1507.89    1507.92    14.2654  1027.3199    35.7320 0.0000e+00
      52346 291.148241  -37.74710  -48.61892     -1.675    1488.80    169.000    167.671    14.3095    14.3150     0.0055    14.2846    14.2901     0.0055   4.292808   4.293457   0.000686    35.5628    35.5640     5.1103    26.5616    26.5614    35.5677    26.5655    1507.94    1507.95    14.2846  1027.3142    35.7357 0.0000e+00
      52358 291.148247  -37.74710  -48.61892     -1.838    1488.80    168.000    166.679    14.3207    14.3236     0.0029    14.2959    14.2988     0.0029   4.294186   4.294601   0.000416    35.5649    35.5661     5.1162    26.5609    26.5611    35.5706    26.5652    1507.96    1507.97    14.2959  1027.3095    35.7386 0.0000e+00
      52372 291.148254  -37.74710  -48.61892     -1.885    1488.80    167.000    165.687    14.3370    14.3421     0.0051    14.3123    14.3174     0.0051   4.296035   4.296954   0.000771    35.5684    35.5709     5.1167    26.5600    26.5608    35.5732    26.5637    1508.00    1508.02    14.3123  1027.3035    35.7412 0.0000e+00
      52388 291.148261  -37.74710  -48.61893     -1.759    1488.80    166.000    164.696    14.3425    14.3543     0.0118    14.3180    14.3298     0.0118   4.296588   4.297994   0.001473    35.5693    35.5720     5.1192    26.5595    26.5591    35.5736    26.5629    1508.00    1508.04    14.3180  1027.2983    35.7416 0.0000e+00
      52421 291.148278  -37.74711  -48.61894     -1.010    1488.80    165.000    163.707    14.3489    14.3342    -0.0147    14.3246    14.3099    -0.0147   4.297368   4.295415  -0.001738    35.5714    35.5689     5.1117    26.5597    26.5609    35.5753    26.5628    1508.01    1507.95    14.3246  1027.2938    35.7433 0.0000e+00
      52474 291.148303  -37.74712  -48.61892     -0.315    1488.80    164.000    162.711    14.3764    14.3712    -0.0053    14.3522    14.3470    -0.0053   4.300568   4.300165  -0.000612    35.5776    35.5767     5.1243    26.5585    26.5590    35.5801    26.5605    1508.08    1508.07    14.3522  1027.2870    35.7481 0.0000e+00
      52494 291.148313  -37.74712  -48.61892     -0.781    1488.80    163.000    161.720    14.3875    14.3704    -0.0171    14.3634    14.3463    -0.0171   4.302112   4.300334  -0.001996    35.5801    35.5773     5.1223    26.5580    26.5596    35.5847    26.5616    1508.11    1508.05    14.3634  1027.2837    35.7527 0.0000e+00
      52510 291.148320  -37.74712  -48.61892     -1.160    1488.80    162.000    160.728    14.3983    14.4000     0.0017    14.3743    14.3760     0.0017   4.303269   4.303503   0.000225    35.5821    35.5826     5.1171    26.5573    26.5573    35.5858    26.5602    1508.13    1508.13    14.3744  1027.2778    35.7539 0.0000e+00
      52524 291.148327  -37.74712  -48.61892     -1.460    1488.80    161.000    159.737    14.4086    14.4122     0.0036    14.3848    14.3884     0.0036   4.304521   4.305014   0.000411    35.5842    35.5846     5.1132    26.5566    26.5562    35.5884    26.5599    1508.15    1508.16    14.3848  1027.2731    35.7564 0.0000e+00
      52538 291.148334  -37.74712  -48.61892     -1.648    1488.80    160.000    158.745    14.4189    14.4242     0.0053    14.3952    14.4006     0.0053   4.305724   4.306362   0.000671    35.5858    35.5871     5.1086    26.5556    26.5555    35.5905    26.5592    1508.17    1508.18    14.3952  1027.2680    35.7585 0.0000e+00
      52554 291.148341  -37.74712  -48.61892     -1.666    1488.80    159.000    157.753    14.4318    14.4331     0.0012    14.4083    14.4095     0.0012   4.307116   4.307303   0.000160    35.5884    35.5887     5.1126    26.5548    26.5548    35.5919    26.5576    1508.19    1508.20    14.4083  1027.2619    35.7600 0.0000e+00
      52574 291.148351  -37.74712  -48.61892     -1.431    1488.80    158.000    156.761    14.4454    14.4460     0.0006    14.4220    14.4226     0.0006   4.308753   4.308822   0.000107    35.5905    35.5909     5.1226    26.5535    26.5537    35.5949    26.5569    1508.22    1508.22    14.4220  1027.2568    35.7630 0.0000e+00
      52603 291.148365  -37.74712  -48.61892     -0.975    1488.80    157.000    155.769    14.4510    14.4437    -0.0073    14.4277    14.4205    -0.0073   4.309310   4.308423  -0.000812    35.5920    35.5912     5.1327    26.5535    26.5544    35.5954    26.5560    1508.22    1508.20    14.4277  1027.2515    35.7634 0.0000e+00
      52633 291.148380  -37.74712  -48.61891     -0.758    1488.80    156.000    154.778    14.4624    14.4581    -0.0044    14.4393    14.4350    -0.0044   4.310577   4.310043  -0.000549    35.5947    35.5936     5.1267    26.5530    26.5532    35.5970    26.5548    1508.25    1508.23    14.4393  1027.2459    35.7651 0.0000e+00
      52655 291.148390  -37.74712  -48.61890     -0.922    1488.80    155.000    153.786    14.4706    14.4682    -0.0023    14.4476    14.4452    -0.0023   4.311582   4.311565  -0.000146    35.5960    35.5968     5.1224    26.5523    26.5534    35.5992    26.5548    1508.26    1508.25    14.4476  1027.2414    35.7673 0.0000e+00
      52673 291.148399  -37.74713  -48.61890     -1.168    1488.80    154.000    152.794    14.4745    14.4757     0.0013    14.4516    14.4529     0.0013   4.312065   4.312156   0.000110    35.5977    35.5976     5.1174    26.5527    26.5523    35.6005    26.5549    1508.26    1508.26    14.4516  1027.2371    35.7686 0.0000e+00
      52689 291.148407  -37.74714  -48.61890     -1.351    1488.80    153.000    151.802    14.4770    14.4777     0.0006    14.4543    14.4550     0.0006   4.312232   4.312281   0.000030    35.5982    35.5979     5.1212    26.5525    26.5521    35.6001    26.5540    1508.25    1508.25    14.4543  1027.2318    35.7682 0.0000e+00
      52709 291.148416  -37.74714  -48.61890     -1.351    1488.80    152.000    150.810    14.4759    14.4762     0.0003    14.4534    14.4536     0.0003   4.312029   4.312027  -0.000007    35.5980    35.5977     5.1257    26.5526    26.5523    35.5997    26.5539    1508.23    1508.23    14.4533  1027.2273    35.7678 0.0000e+00
      52742 291.148432  -37.74714  -48.61890     -0.887    1488.80    151.000    149.819    14.4747    14.4744    -0.0003    14.4523    14.4520    -0.0003   4.311821   4.311798  -0.000023    35.5979    35.5979     5.1222    26.5527    26.5528    35.5993    26.5538    1508.21    1508.21    14.4523  1027.2228    35.7674 0.0000e+00
      52777 291.148449  -37.74714  -48.61890     -0.615    1488.80    150.000    148.826    14.4736    14.4735    -0.0001    14.4513    14.4513    -0.0001   4.311645   4.311621  -0.000034    35.5980    35.5977     5.1010    26.5530    26.5528    35.5991    26.5538    1508.19    1508.19    14.4513  1027.2185    35.7672 0.0000e+00
      52799 291.148460  -37.74714  -48.61889     -0.881    1488.80    149.000    147.835    14.4720    14.4723     0.0003    14.4499    14.4502     0.0003   4.311335   4.311338  -0.000001    35.5975    35.5973     5.1070    26.5529    26.5527    35.5981    26.5533    1508.16    1508.16    14.4500  1027.2136    35.7661 0.0000e+00
      52815 291.148467  -37.74714  -48.61888     -1.184    1488.80    148.000    146.843    14.4700    14.4699    -0.0001    14.4481    14.4479    -0.0001   4.311030   4.310919  -0.000084    35.5970    35.5963     5.1128    26.5529    26.5524    35.5975    26.5533    1508.14    1508.14    14.4481  1027.2092    35.7656 0.0000e+00
