Pos-Processados/process_op41/operantar41_020.cnv
* Sea-Bird SBE 9 Data File:
* FileName = C:\Users\Dell\Desktop\OperantarXLI\config\00_BRUTOS\OPE41020.hdr
* Software Version Seasave V 7.26.7.110
* Temperature SN = 6497
* Conductivity SN = 4954
* Number of Bytes Per Scan = 34
* Number of Voltage Words = 3
* Number of Scans Averaged by the Deck Unit = 1
* NMEA Latitude = 62 42.00 S
* NMEA Longitude = 058 53.83 W
* NMEA UTC (Time) = Nov 11 2022 06:25:21
* NMEA baud rate = 4800
** H41
** Navio Polar Almirante Maximiano
** LH-021/2022
** Operantar XLI
** Número da Estação 020
** Latitude 62´41.887S
** Longitude 058 53.875W
** Data/Hora (Z) 11/11/2022  0620
** Profundidade local 1497
** 09-1439
** Nome do Operador 1T FILIPE LOPES
# nquan = 30
# nvalues = 3001                        
# units = specified
# name 0 = scan: Scan Count
# name 1 = timeJ: Julian Days
# name 2 = latitude: Latitude [deg]
# name 3 = longitude: Longitude [deg]
# name 4 = dz/dtM: Descent Rate [m/s]
# name 5 = avgsvCM: Average Sound Velocity [Chen-Millero, m/s]
# name 6 = prDM: Pressure, Digiquartz [db]
# name 7 = depSM: Depth [salt water, m]
# name 8 = t090C: Temperature [ITS-90, deg C]
# name 9 = t190C: Temperature, 2 [ITS-90, deg C]
# name 10 = T2-T190C: Temperature Difference, 2 - 1 [ITS-90, deg C]
# name 11 = potemp090C: Potential Temperature [ITS-90, deg C]
# name 12 = potemp190C: Potential Temperature, 2 [ITS-90, deg C]
# name 13 = potemp90Cdiff: Potential Temperature, Diff, 2 - 1 [ITS-90, deg C]
# name 14 = c0S/m: Conductivity [S/m]
# name 15 = c1S/m: Conductivity, 2 [S/m]
# name 16 = C2-C1S/m: Conductivity Difference, 2 - 1 [S/m]
# name 17 = sal00: Salinity, Practical [PSU]
# name 18 = sal11: Salinity, Practical, 2 [PSU]
# name 19 = sbeox0ML/L: Oxygen, SBE 43 [ml/l]
# name 20 = sigma-é00: Density [sigma-theta, kg/m^3]
# name 21 = sigma-é11: Density, 2 [sigma-theta, kg/m^3]
# name 22 = sal00: Salinity, Practical [PSU]
# name 23 = sigma-é00: Density [sigma-theta, kg/m^3]
# name 24 = svCM: Sound Velocity [Chen-Millero, m/s]
# name 25 = svCM1: Sound Velocity, 2 [Chen-Millero, m/s]
# name 26 = gsw_ptA0: potential temperature [ITS-90, deg C]
# name 27 = gsw_densityA0: density, TEOS-10 [density, kg/m^3]
# name 28 = gsw_saA0: Absolute Salinity [g/kg]
# name 29 = flag:
# span 0 =       2274,      82912       
# span 1 = 315.268700, 315.307588       
# span 2 =  -62.71099,  -62.70052       
# span 3 =  -58.89692,  -58.88298       
# span 4 =     -1.522,      1.337       
# span 5 =       0.00,    1456.51       
# span 6 =      2.000,   1502.000       
# span 7 =      1.973,   1482.185       
# span 8 =    -1.3126,    -0.6244       
# span 9 =    -1.3129,    -0.6245       
# span 10 =    -0.0353,     0.0071      
# span 11 =    -1.3690,    -0.6522      
# span 12 =    -1.3694,    -0.6524      
# span 13 =    -0.0352,     0.0071      
# span 14 =   2.765459,   2.852063      
# span 15 =   2.765537,   2.852099      
# span 16 =  -0.003228,   0.000597      
# span 17 =    34.3455,    34.5569      
# span 18 =    34.3457,    34.5568      
# span 19 =     5.7352,     7.6954      
# span 20 =    27.6209,    27.8076      
# span 21 =    27.6211,    27.8076      
# span 22 =    34.3455,    34.5568      
# span 23 =    27.6209,    27.8076      
# span 24 =    1443.89,    1467.15      
# span 25 =    1443.89,    1467.15      
# span 26 =    -1.3679,    -0.6518      
# span 27 =  1027.6349,  1034.9154      
# span 28 =    34.5074,    34.7288      
# span 29 = 0.0000e+00, 0.0000e+00      
# interval = decibars: 1                
# start_time = Nov 11 2022 06:25:21 [NMEA time, header]
# bad_flag = -9.990e-29
*END*
[from data line 2079]
      56959 315.295072  -62.70760  -58.88788     -1.137    1456.51    923.000    912.077    -0.7767    -0.7764     0.0003    -0.8108    -0.8105     0.0003   2.845714   2.845742   0.000027    34.5539    34.5539     5.8774    27.7843    27.7843    34.5539    27.7843    1460.05    1460.05    -0.8102  1032.1678    34.7238 0.0000e+00
      56988 315.295087  -62.70760  -58.88786     -0.894    1456.51    922.000    911.091    -0.7768    -0.7767     0.0000    -0.8108    -0.8108     0.0000   2.845665   2.845668   0.000004    34.5538    34.5539     5.8769    27.7842    27.7842    34.5539    27.7843    1460.04    1460.03    -0.8102  1032.1630    34.7238 0.0000e+00
      57015 315.295099  -62.70760  -58.88786     -0.827    1456.51    921.000    910.105    -0.7765    -0.7767    -0.0002    -0.8105    -0.8107    -0.0002   2.845634   2.845623  -0.000009    34.5537    34.5538     5.8707    27.7841    27.7842    34.5538    27.7842    1460.02    1460.02    -0.8099  1032.1582    34.7237 0.0000e+00
      57037 315.295110  -62.70760  -58.88786     -1.000    1456.51    920.000    909.119    -0.7761    -0.7761    -0.0001    -0.8100    -0.8100    -0.0001   2.845629   2.845640   0.000010    34.5537    34.5539     5.8716    27.7841    27.7842    34.5537    27.7841    1460.00    1460.00    -0.8094  1032.1535    34.7237 0.0000e+00
      57056 315.295119  -62.70762  -58.88786     -1.154    1456.51    919.000    908.133    -0.7755    -0.7746     0.0009    -0.8094    -0.8085     0.0009   2.845640   2.845736   0.000091    34.5538    34.5539     5.8823    27.7841    27.7842    34.5539    27.7842    1459.99    1460.00    -0.8088  1032.1498    34.7249 0.0000e+00
      57077 315.295129  -62.70762 -9.990e-29     -1.211    1456.51    918.000    907.147    -0.7746    -0.7729     0.0016    -0.8084    -0.8068     0.0016   2.845672   2.845835   0.000137    34.5539    34.5538     5.8785    27.7842    27.7840    34.5539    27.7842    1459.98    1459.99    -0.8079  1032.1458    34.7259 0.0000e+00
      57099 315.295140  -62.70762 -9.990e-29     -1.128    1456.51    917.000    906.161    -0.7728    -0.7710     0.0018    -0.8067    -0.8048     0.0018   2.845793   2.845958   0.000175    34.5537    34.5540     5.8776    27.7840    27.7841    34.5541    27.7842    1459.97    1459.98    -0.8060  1032.1411    34.7261 0.0000e+00
      57125 315.295152  -62.70762 -9.990e-29     -0.979    1456.51    916.000    905.175    -0.7715    -0.7703     0.0012    -0.8053    -0.8041     0.0012   2.845848   2.845960   0.000118    34.5537    34.5539     5.8811    27.7839    27.7840    34.5539    27.7841    1459.96    1459.97    -0.8047  1032.1362    34.7259 0.0000e+00
      57151 315.295165  -62.70762  -58.88784     -0.925    1456.51    915.000    904.189    -0.7703    -0.7700     0.0004    -0.8041    -0.8037     0.0004   2.845926   2.845950   0.000031    34.5540    34.5540     5.8691    27.7840    27.7840    34.5542    27.7842    1459.95    1459.95    -0.8035  1032.1311    34.7255 0.0000e+00
      57175 315.295177  -62.70762  -58.88784     -0.965    1456.51    914.000    903.203    -0.7695    -0.7696    -0.0001    -0.8032    -0.8033    -0.0002   2.845949   2.845942  -0.000010    34.5539    34.5540     5.8559    27.7840    27.7840    34.5541    27.7841    1459.94    1459.94    -0.8026  1032.1251    34.7240 0.0000e+00
      57202 315.295189  -62.70764  -58.88782     -0.943    1456.51    913.000    902.217    -0.7690    -0.7684     0.0006    -0.8026    -0.8020     0.0006   2.845953   2.846009   0.000057    34.5539    34.5540     5.8752    27.7839    27.7840    34.5541    27.7841    1459.92    1459.93    -0.8021  1032.1204    34.7241 0.0000e+00
      57232 315.295204  -62.70764  -58.88782     -0.823    1456.51    912.000    901.231    -0.7680    -0.7675     0.0005    -0.8016    -0.8012     0.0005   2.845997   2.846042   0.000040    34.5540    34.5540     5.8733    27.7840    27.7840    34.5542    27.7842    1459.91    1459.91    -0.8010  1032.1157    34.7241 0.0000e+00
      57257 315.295216  -62.70764  -58.88782     -0.856    1456.51    911.000    900.245    -0.7659    -0.7657     0.0002    -0.7995    -0.7993     0.0002   2.846131   2.846162   0.000037    34.5539    34.5542     5.8697    27.7838    27.7840    34.5542    27.7841    1459.91    1459.91    -0.7989  1032.1109    34.7241 0.0000e+00
      57277 315.295226  -62.70764  -58.88782     -1.055    1456.51    910.000    899.259    -0.7651    -0.7649     0.0001    -0.7986    -0.7985     0.0001   2.846148   2.846162   0.000014    34.5539    34.5539     5.8711    27.7837    27.7838    34.5541    27.7840    1459.89    1459.89    -0.7981  1032.1061    34.7241 0.0000e+00
      57295 315.295234  -62.70764  -58.88782     -1.223    1456.51    909.000    898.273    -0.7644    -0.7641     0.0003    -0.7979    -0.7976     0.0003   2.846158   2.846204   0.000043    34.5539    34.5540     5.8701    27.7837    27.7839    34.5541    27.7839    1459.88    1459.88    -0.7973  1032.1012    34.7240 0.0000e+00
      57314 315.295244  -62.70764  -58.88782     -1.295    1456.51    908.000    897.287    -0.7644    -0.7635     0.0009    -0.7979    -0.7970     0.0009   2.846122   2.846203   0.000080    34.5540    34.5541     5.8592    27.7838    27.7839    34.5542    27.7840    1459.86    1459.87    -0.7973  1032.0966    34.7241 0.0000e+00
      57336 315.295254  -62.70764  -58.88781     -1.210    1456.51    907.000    896.301    -0.7641    -0.7634     0.0007    -0.7975    -0.7969     0.0006   2.846095   2.846162   0.000064    34.5539    34.5541     5.8574    27.7837    27.7838    34.5541    27.7839    1459.85    1459.85    -0.7970  1032.0918    34.7240 0.0000e+00
      57365 315.295268  -62.70766  -58.88780     -0.919    1456.51    906.000    895.314    -0.7640    -0.7637     0.0003    -0.7974    -0.7971     0.0003   2.846072   2.846092   0.000024    34.5541    34.5541     5.8720    27.7839    27.7839    34.5543    27.7840    1459.83    1459.83    -0.7968  1032.0873    34.7242 0.0000e+00
      57395 315.295283  -62.70766  -58.88780     -0.784    1456.51    905.000    894.328    -0.7635    -0.7636    -0.0001    -0.7969    -0.7969    -0.0001   2.846054   2.846057   0.000005    34.5539    34.5540     5.8670    27.7837    27.7838    34.5540    27.7838    1459.82    1459.82    -0.7963  1032.0824    34.7239 0.0000e+00
      57421 315.295295  -62.70766  -58.88780     -0.870    1456.51    904.000    893.342    -0.7638    -0.7640    -0.0003    -0.7970    -0.7973    -0.0003   2.845990   2.845982  -0.000008    34.5540    34.5542     5.8659    27.7838    27.7839    34.5540    27.7838    1459.80    1459.80    -0.7965  1032.0777    34.7239 0.0000e+00
      57443 315.295306  -62.70766  -58.88778     -1.007    1456.51    903.000    892.356    -0.7644    -0.7647    -0.0002    -0.7977    -0.7979    -0.0002   2.845878   2.845855  -0.000018    34.5539    34.5540     5.8658    27.7838    27.7838    34.5539    27.7837    1459.78    1459.78    -0.7971  1032.0729    34.7238 0.0000e+00
      57464 315.295316  -62.70766  -58.88780     -1.127    1456.51    902.000    891.370    -0.7654    -0.7660    -0.0006    -0.7986    -0.7991    -0.0006   2.845763   2.845721  -0.000044    34.5541    34.5541     5.8615    27.7839    27.7840    34.5540    27.7839    1459.76    1459.75    -0.7980  1032.0699    34.7258 0.0000e+00
      57486 315.295326  -62.70766 -9.990e-29     -1.140    1456.51    901.000    890.384    -0.7655    -0.7660    -0.0004    -0.7987    -0.7991    -0.0004   2.845703   2.845679  -0.000026    34.5539    34.5541     5.8608    27.7838    27.7840    34.5539    27.7838    1459.74    1459.74    -0.7981  1032.0653    34.7259 0.0000e+00
      57514 315.295340  -62.70766 -9.990e-29     -0.932    1456.51    900.000    889.398    -0.7656    -0.7655     0.0001    -0.7987    -0.7986     0.0001   2.845655   2.845667   0.000016    34.5540    34.5540     5.8704    27.7838    27.7839    34.5539    27.7838    1459.72    1459.72    -0.7981  1032.0606    34.7259 0.0000e+00
      57545 315.295355  -62.70768  -58.88778     -0.766    1456.51    899.000    888.412    -0.7640    -0.7630     0.0009    -0.7970    -0.7961     0.0009   2.845792   2.845879   0.000082    34.5541    34.5542     5.8738    27.7839    27.7839    34.5545    27.7842    1459.71    1459.72    -0.7965  1032.0561    34.7263 0.0000e+00
      57570 315.295367  -62.70768  -58.88778     -0.873    1456.51    898.000    887.426    -0.7599    -0.7602    -0.0003    -0.7930    -0.7933    -0.0003   2.846037   2.846011  -0.000013    34.5537    34.5539     5.8683    27.7834    27.7835    34.5538    27.7835    1459.72    1459.71    -0.7924  1032.0491    34.7237 0.0000e+00
      57592 315.295377  -62.70768  -58.88778     -1.034    1456.51    897.000    886.440    -0.7607    -0.7614    -0.0007    -0.7937    -0.7943    -0.0006   2.845941   2.845908  -0.000047    34.5539    34.5540     5.8722    27.7836    27.7837    34.5540    27.7836    1459.70    1459.69    -0.7931  1032.0446    34.7239 0.0000e+00
      57612 315.295387  -62.70768  -58.88778     -1.130    1456.51    896.000    885.454    -0.7610    -0.7607     0.0003    -0.7940    -0.7937     0.0003   2.845868   2.845902   0.000040    34.5539    34.5541     5.8648    27.7836    27.7837    34.5540    27.7837    1459.68    1459.68    -0.7934  1032.0399    34.7239 0.0000e+00
      57636 315.295399  -62.70768  -58.88776     -1.104    1456.51    895.000    884.468    -0.7607    -0.7564     0.0043    -0.7936    -0.7893     0.0042   2.845886   2.846286   0.000357    34.5541    34.5541     5.8554    27.7837    27.7835    34.5544    27.7840    1459.66    1459.69    -0.7930  1032.0355    34.7243 0.0000e+00
      57666 315.295413  -62.70768  -58.88776     -0.869    1456.51    894.000    883.481    -0.7552    -0.7523     0.0029    -0.7881    -0.7852     0.0029   2.846302   2.846547   0.000267    34.5537    34.5540     5.8628    27.7832    27.7833    34.5543    27.7837    1459.67    1459.69    -0.7875  1032.0258    34.7185 0.0000e+00
      57697 315.295428 -9.990e-29  -58.88775     -0.744    1456.51    893.000    882.495    -0.7500    -0.7499     0.0001    -0.7829    -0.7828     0.0001   2.846696   2.846719   0.000026    34.5537    34.5540     5.8670    27.7830    27.7832    34.5544    27.7835    1459.68    1459.68    -0.7823  1032.0198    34.7173 0.0000e+00
      57720 315.295439 -9.990e-29  -58.88774     -0.906    1456.51    892.000    881.509    -0.7478    -0.7481    -0.0003    -0.7807    -0.7809    -0.0003   2.846835   2.846818  -0.000020    34.5538    34.5539     5.8622    27.7830    27.7830    34.5543    27.7834    1459.68    1459.67    -0.7801  1032.0149    34.7173 0.0000e+00
      57741 315.295449 -9.990e-29  -58.88774     -1.082    1456.51    891.000    880.523    -0.7471    -0.7468     0.0004    -0.7800    -0.7796     0.0004   2.846845   2.846916   0.000055    34.5539    34.5542     5.8618    27.7830    27.7833    34.5543    27.7833    1459.66    1459.66    -0.7794  1032.0101    34.7172 0.0000e+00
      57760 315.295459  -62.70770  -58.88774     -1.201    1456.51    890.000    879.537    -0.7457    -0.7437     0.0020    -0.7785    -0.7765     0.0020   2.846911   2.847114   0.000195    34.5538    34.5540     5.8508    27.7828    27.7830    34.5541    27.7831    1459.65    1459.66    -0.7779  1032.0093    34.7222 0.0000e+00
      57783 315.295470  -62.70771  -58.88774     -1.165    1456.51    889.000    878.551    -0.7466    -0.7430     0.0036    -0.7793    -0.7758     0.0036   2.846818   2.847123   0.000302    34.5540    34.5540     5.8440    27.7831    27.7829    34.5544    27.7834    1459.63    1459.65    -0.7788  1032.0063    34.7243 0.0000e+00
      57820 315.295488  -62.70772  -58.88773     -0.727    1456.51    888.000    877.565    -0.7426    -0.7414     0.0013    -0.7754    -0.7741     0.0012   2.847112   2.847214   0.000114    34.5539    34.5541     5.8486    27.7829    27.7829    34.5545    27.7833    1459.63    1459.64    -0.7748  1032.0014    34.7244 0.0000e+00
      57860 315.295507  -62.70772  -58.88772     -0.542    1456.51    887.000    876.578    -0.7391    -0.7398    -0.0007    -0.7718    -0.7725    -0.0007   2.847347   2.847314  -0.000032    34.5539    34.5542     5.8495    27.7826    27.7829    34.5543    27.7830    1459.63    1459.63    -0.7713  1031.9963    34.7242 0.0000e+00
      57883 315.295518  -62.70772  -58.88772     -0.847    1456.51    886.000    875.592    -0.7390    -0.7392    -0.0002    -0.7716    -0.7719    -0.0002   2.847318   2.847307  -0.000012    34.5540    34.5541     5.8466    27.7827    27.7828    34.5543    27.7830    1459.62    1459.61    -0.7711  1031.9916    34.7242 0.0000e+00
      57903 315.295528  -62.70772  -58.88772     -1.091    1456.51    885.000    874.606    -0.7388    -0.7386     0.0002    -0.7714    -0.7712     0.0002   2.847286   2.847317   0.000031    34.5540    34.5542     5.8479    27.7827    27.7829    34.5543    27.7829    1459.60    1459.60    -0.7709  1031.9869    34.7241 0.0000e+00
      57923 315.295537  -62.70772  -58.88772     -1.208    1456.51    884.000    873.620    -0.7386    -0.7385     0.0001    -0.7712    -0.7711     0.0001   2.847267   2.847276   0.000015    34.5541    34.5542     5.8442    27.7828    27.7829    34.5544    27.7831    1459.59    1459.59    -0.7706  1031.9823    34.7243 0.0000e+00
      57943 315.295547  -62.70772  -58.88772     -1.218    1456.51    883.000    872.634    -0.7386    -0.7385     0.0001    -0.7711    -0.7710     0.0001   2.847221   2.847242   0.000018    34.5541    34.5543     5.8446    27.7829    27.7829    34.5543    27.7830    1459.57    1459.57    -0.7706  1031.9775    34.7242 0.0000e+00
      57965 315.295557  -62.70774  -58.88772     -1.151    1456.51    882.000    871.648    -0.7386    -0.7386    -0.0000    -0.7710    -0.7711    -0.0000   2.847174   2.847180   0.000014    34.5540    34.5542     5.8526    27.7827    27.7829    34.5543    27.7829    1459.55    1459.55    -0.7705  1031.9728    34.7241 0.0000e+00
      57986 315.295568  -62.70774  -58.88770     -1.108    1456.51    881.000    870.661    -0.7386    -0.7386     0.0000    -0.7710    -0.7710     0.0000   2.847135   2.847138   0.000003    34.5542    34.5542     5.8472    27.7829    27.7829    34.5544    27.7830    1459.54    1459.54    -0.7705  1031.9682    34.7242 0.0000e+00
      58009 315.295579  -62.70774  -58.88770     -1.097    1456.51    880.000    869.675    -0.7387    -0.7386     0.0000    -0.7711    -0.7710     0.0000   2.847078   2.847094   0.000015    34.5541    34.5543     5.8454    27.7828    27.7829    34.5543    27.7830    1459.52    1459.52    -0.7705  1031.9634    34.7242 0.0000e+00
      58035 315.295591  -62.70774  -58.88770     -1.000    1456.51    879.000    868.689    -0.7387    -0.7383     0.0004    -0.7710    -0.7706     0.0004   2.847041   2.847083   0.000042    34.5542    34.5543     5.8474    27.7829    27.7830    34.5544    27.7830    1459.50    1459.51    -0.7705  1031.9587    34.7242 0.0000e+00
      58067 315.295607  -62.70774  -58.88770     -0.787    1456.51    878.000    867.703    -0.7380    -0.7377     0.0003    -0.7703    -0.7701     0.0003   2.847056   2.847082   0.000029    34.5542    34.5543     5.8390    27.7828    27.7829    34.5544    27.7830    1459.49    1459.49    -0.7698  1031.9555    34.7261 0.0000e+00
      58100 315.295623  -62.70774 -9.990e-29     -0.704    1456.51    877.000    866.716    -0.7361    -0.7362    -0.0001    -0.7684    -0.7685    -0.0001   2.847167   2.847162  -0.000002    34.5541    34.5542     5.8446    27.7827    27.7828    34.5543    27.7829    1459.48    1459.48    -0.7678  1031.9508    34.7263 0.0000e+00
