Pos-Processados/process_op41/operantar41_005MEPHY.cnv
* Sea-Bird SBE 9 Data File:
* FileName = C:\Users\Dell\Desktop\Operantar XLI\Raw\OP41005MEPHY.hdr
* Software Version Seasave V 7.26.7.110
* Temperature SN = 6497
* Conductivity SN = 4954
* Number of Bytes Per Scan = 31
* Number of Voltage Words = 2
* Number of Scans Averaged by the Deck Unit = 1
* NMEA Latitude = 38 39.42 S
* NMEA Longitude = 048 59.20 W
* NMEA UTC (Time) = Oct 18 2022 15:56:17
* NMEA baud rate = 4800
** H41
** Navio Polar Almirante Maximiano
** LH-021/2022
** Operantar XLI
** Número da Estação
** Latitude
** Longitude
** Data/Hora (Z)
** Profundidade local
** 09-1439
** Nome do Operador
# nquan = 30
# nvalues = 64                          
# units = specified
# name 0 = scan: Scan Count
# name 1 = timeJ: Julian Days
# name 2 = latitude: Latitude [deg]
# name 3 = longitude: Longitude [deg]
# name 4 = dz/dtM: Descent Rate [m/s]
# name 5 = avgsvCM: Average Sound Velocity [Chen-Millero, m/s]
# name 6 = prDM: Pressure, Digiquartz [db]
# name 7 = depSM: Depth [salt water, m]
# name 8 = t090C: Temperature [ITS-90, deg C]
# name 9 = t190C: Temperature, 2 [ITS-90, deg C]
# name 10 = T2-T190C: Temperature Difference, 2 - 1 [ITS-90, deg C]
# name 11 = potemp090C: Potential Temperature [ITS-90, deg C]
# name 12 = potemp190C: Potential Temperature, 2 [ITS-90, deg C]
# name 13 = potemp90Cdiff: Potential Temperature, Diff, 2 - 1 [ITS-90, deg C]
# name 14 = c0S/m: Conductivity [S/m]
# name 15 = c1S/m: Conductivity, 2 [S/m]
# name 16 = C2-C1S/m: Conductivity Difference, 2 - 1 [S/m]
# name 17 = sal00: Salinity, Practical [PSU]
# name 18 = sal11: Salinity, Practical, 2 [PSU]
# name 19 = sbeox0ML/L: Oxygen, SBE 43 [ml/l]
# name 20 = sigma-é00: Density [sigma-theta, kg/m^3]
# name 21 = sigma-é11: Density, 2 [sigma-theta, kg/m^3]
# name 22 = sal00: Salinity, Practical [PSU]
# name 23 = sigma-é00: Density [sigma-theta, kg/m^3]
# name 24 = svCM: Sound Velocity [Chen-Millero, m/s]
# name 25 = svCM1: Sound Velocity, 2 [Chen-Millero, m/s]
# name 26 = gsw_ptA0: potential temperature [ITS-90, deg C]
# name 27 = gsw_densityA0: density, TEOS-10 [density, kg/m^3]
# name 28 = gsw_saA0: Absolute Salinity [g/kg]
# name 29 = flag:
# span 0 =        567,       6242       
# span 1 = 291.664358, 291.667095       
# span 2 =  -38.65699,  -38.65688       
# span 3 =  -48.98798,  -48.98691       
# span 4 =     -0.991,      0.897       
# span 5 =       0.00,    1538.47       
# span 6 =      4.000,     36.000       
# span 7 =      3.993,     35.702       
# span 8 =    14.2193,    14.8119       
# span 9 =    14.2151,    14.8135       
# span 10 =    -0.0073,     0.0258      
# span 11 =    14.2140,    14.8112      
# span 12 =    14.2099,    14.8128      
# span 13 =    -0.0073,     0.0258      
# span 14 =   4.251604,   4.299498      
# span 15 =   4.251233,   4.299544      
# span 16 =  -0.000713,   0.002433      
# span 17 =    35.1874,    35.3239      
# span 18 =    35.1970,    35.3245      
# span 19 =     5.3671,     5.7981      
# span 20 =    26.1658,    26.3922      
# span 21 =    26.1731,    26.3935      
# span 22 =    35.1873,    35.3233      
# span 23 =    26.1657,    26.3917      
# span 24 =    1505.16,    1506.44      
# span 25 =    1505.15,    1506.44      
# span 26 =    14.2140,    14.8112      
# span 27 =  1026.1876,  1026.5548      
# span 28 =    35.3534,    35.4900      
# span 29 = 0.0000e+00, 0.0000e+00      
# interval = decibars: 1                
# start_time = Oct 18 2022 15:56:17 [NMEA time, header]
# bad_flag = -9.990e-29
*END*
[from data line 49]
       4444 291.666228  -38.65690  -48.98762     -0.484    1505.56     19.000     18.857    14.4668    14.4655    -0.0013    14.4640    14.4627    -0.0013   4.265612   4.265513  -0.000028    35.2319    35.2328     5.7848    26.2675    26.2685    35.2342    26.2693    1505.57    1505.56    14.4640  1026.3573    35.4004 0.0000e+00
       4525 291.666268  -38.65690  -48.98764     -0.310    1505.56     18.000     17.863    14.5046    14.5025    -0.0021    14.5019    14.4998    -0.0021   4.269195   4.269136  -0.000116    35.2330    35.2327     5.7698    26.2593    26.2604    35.2333    26.2604    1505.67    1505.67    14.5019  1026.3440    35.3996 0.0000e+00
       4565 291.666287  -38.65690  -48.98765     -0.563    1505.56     17.000     16.871    14.5069    14.5056    -0.0013    14.5044    14.5031    -0.0013   4.269671   4.269516  -0.000176    35.2338    35.2333     5.7752    26.2602    26.2602    35.2360    26.2620    1505.67    1505.66    14.5044  1026.3412    35.4023 0.0000e+00
       4657 291.666331  -38.65690  -48.98767     -0.231    1505.56     16.000     15.880    14.5234    14.5343     0.0108    14.5211    14.5319     0.0108   4.271144   4.272102   0.000953    35.2333    35.2323     5.7630    26.2563    26.2532    35.2349    26.2576    1505.70    1505.73    14.5211  1026.3324    35.4012 0.0000e+00
       4765 291.666383  -38.65690  -48.98768     -0.295    1505.56     15.000     14.883    14.5473    14.5482     0.0008    14.5451    14.5460     0.0008   4.273540   4.273531   0.000021    35.2345    35.2340     5.7444    26.2521    26.2514    35.2358    26.2530    1505.76    1505.76    14.5451  1026.3234    35.4020 0.0000e+00
       4817 291.666408  -38.65690  -48.98770     -0.458    1505.56     14.000     13.894    14.5648    14.5614    -0.0034    14.5627    14.5594    -0.0034   4.275239   4.274852  -0.000367    35.2342    35.2338     5.7405    26.2480    26.2485    35.2359    26.2493    1505.80    1505.79    14.5627  1026.3153    35.4022 0.0000e+00
       4871 291.666434  -38.65690  -48.98771     -0.448    1505.56     13.000     12.904    14.5745    14.5784     0.0039    14.5726    14.5765     0.0039   4.276112   4.276295   0.000115    35.2345    35.2320     5.7496    26.2461    26.2433    35.2355    26.2469    1505.81    1505.82    14.5726  1026.3085    35.4018 0.0000e+00
       4955 291.666475  -38.65690  -48.98773     -0.241    1505.56     12.000     11.908    14.6182    14.6269     0.0087    14.6164    14.6251     0.0087   4.280416   4.281113   0.000741    35.2330    35.2319     5.7383    26.2355    26.2327    35.2359    26.2377    1505.94    1505.96    14.6164  1026.2949    35.4022 0.0000e+00
       5023 291.666508  -38.65690  -48.98774     -0.437    1505.56     11.000     10.917    14.6732    14.6708    -0.0024    14.6716    14.6691    -0.0024   4.286146   4.285905  -0.000194    35.2347    35.2352     5.7332    26.2248    26.2257    35.2391    26.2282    1506.10    1506.09    14.6716  1026.2809    35.4054 0.0000e+00
       5083 291.666537  -38.65690  -48.98776     -0.413    1505.56     10.000      9.925    14.7086    14.7048    -0.0038    14.7071    14.7033    -0.0038   4.289438   4.288993  -0.000501    35.2354    35.2342     5.7203    26.2176    26.2175    35.2376    26.2193    1506.19    1506.18    14.7071  1026.2677    35.4040 0.0000e+00
       5185 291.666585  -38.65690  -48.98776     -0.306    1505.56      9.000      8.929    14.7330    14.7257    -0.0073    14.7317    14.7244    -0.0073   4.291763   4.291081  -0.000713    35.2353    35.2354     5.7248    26.2122    26.2138    35.2373    26.2137    1506.25    1506.23    14.7317  1026.2577    35.4036 0.0000e+00
       5216 291.666600  -38.65688  -48.98778     -0.679    1505.56      8.000      7.949    14.7646    14.7634    -0.0012    14.7634    14.7622    -0.0012   4.295009   4.294962  -0.000071    35.2355    35.2359     5.7279    26.2054    26.2060    35.2389    26.2080    1506.34    1506.34    14.7634  1026.2476    35.4052 0.0000e+00
       5313 291.666647  -38.65689  -48.98780     -0.214    1505.56      7.000      6.937    14.7829    14.7950     0.0121    14.7818    14.7939     0.0121   4.296860   4.298015   0.001143    35.2370    35.2364     5.7141    26.2025    26.1995    35.2397    26.2047    1506.38    1506.42    14.7818  1026.2398    35.4060 0.0000e+00
       5393 291.666686  -38.65688  -48.98781     -0.324    1505.56      6.000      5.962    14.7951    14.7977     0.0026    14.7942    14.7968     0.0026   4.297916   4.298108   0.000197    35.2372    35.2366     5.7087    26.2000    26.1990    35.2387    26.2012    1506.40    1506.41    14.7942  1026.2320    35.4051 0.0000e+00
       6242 291.667095  -38.65688  -48.98798     -0.040    1505.56      5.000      4.947    14.8119    14.8135     0.0016    14.8112    14.8128     0.0016   4.299498   4.299544   0.000067    35.2392    35.2384     5.7060    26.1979    26.1969    35.2384    26.1972    1506.44    1506.44    14.8112  1026.2235    35.4046 0.0000e+00
