Pos-Processados/process_op41/operantar41_020.ros
* Sea-Bird SBE 9 Data File:
* FileName = C:\Users\Dell\Desktop\OperantarXLI\config\00_BRUTOS\OPE41020.hdr
* Software Version Seasave V 7.26.7.110
* Temperature SN = 6497
* Conductivity SN = 4954
* Number of Bytes Per Scan = 34
* Number of Voltage Words = 3
* Number of Scans Averaged by the Deck Unit = 1
* NMEA Latitude = 62 42.00 S
* NMEA Longitude = 058 53.83 W
* NMEA UTC (Time) = Nov 11 2022 06:25:21
* NMEA baud rate = 4800
** H41
** Navio Polar Almirante Maximiano
** LH-021/2022
** Operantar XLI
** Número da Estação 020
** Latitude 62´41.887S
** Longitude 058 53.875W
** Data/Hora (Z) 11/11/2022  0620
** Profundidade local 1497
** 09-1439
** Nome do Operador 1T FILIPE LOPES
# nquan = 24
# nvalues = 1134                                  
# units = specified
# name 0 = scan: Scan Count
# name 1 = timeJ: Julian Days
# name 2 = latitude: Latitude [deg]
# name 3 = longitude: Longitude [deg]
# name 4 = dz/dtM: Descent Rate [m/s]
# name 5 = avgsvCM: Average Sound Velocity [Chen-Millero, m/s]
# name 6 = prDM: Pressure, Digiquartz [db]
# name 7 = depSM: Depth [salt water, m]
# name 8 = t090C: Temperature [ITS-90, deg C]
# name 9 = t190C: Temperature, 2 [ITS-90, deg C]
# name 10 = T2-T190C: Temperature Difference, 2 - 1 [ITS-90, deg C]
# name 11 = potemp090C: Potential Temperature [ITS-90, deg C]
# name 12 = potemp190C: Potential Temperature, 2 [ITS-90, deg C]
# name 13 = potemp90Cdiff: Potential Temperature, Diff, 2 - 1 [ITS-90, deg C]
# name 14 = c0S/m: Conductivity [S/m]
# name 15 = c1S/m: Conductivity, 2 [S/m]
# name 16 = C2-C1S/m: Conductivity Difference, 2 - 1 [S/m]
# name 17 = sal00: Salinity, Practical [PSU]
# name 18 = sal11: Salinity, Practical, 2 [PSU]
# name 19 = sbeox0ML/L: Oxygen, SBE 43 [ml/l]
# name 20 = sigma-é00: Density [sigma-theta, kg/m^3]
# name 21 = sigma-é11: Density, 2 [sigma-theta, kg/m^3]
# name 22 = nbf: Bottles Fired
# name 23 = flag:  0.000e+00
# interval = seconds: 0.0416667
# start_time = Nov 11 2022 06:25:21 [NMEA time, header]
# bad_flag = -9.990e-29
*END*
[from data line 121]
      43160 315.288418  -62.70612  -58.88990      0.018    1456.51   1501.204   1481.402    -1.3123    -1.3126    -0.0003    -1.3690    -1.3693    -0.0003   2.825583   2.825536  -0.000047    34.5571    34.5568     6.3076    27.8078    27.8076          3  0.000e+00
      43161 315.288418  -62.70612  -58.88990      0.029    1456.51   1501.204   1481.402    -1.3123    -1.3125    -0.0002    -1.3690    -1.3692    -0.0002   2.825577   2.825531  -0.000047    34.5570    34.5565     6.3081    27.8077    27.8074          3  0.000e+00
      43162 315.288419  -62.70612  -58.88990      0.040    1456.51   1501.163   1481.361    -1.3121    -1.3126    -0.0005    -1.3688    -1.3693    -0.0005   2.825560   2.825531  -0.000030    34.5566    34.5567     6.3103    27.8074    27.8076          3  0.000e+00
      43163 315.288419  -62.70612  -58.88990      0.051    1456.51   1501.204   1481.402    -1.3121    -1.3129    -0.0008    -1.3688    -1.3696    -0.0008   2.825555   2.825525  -0.000030    34.5565    34.5570     6.3109    27.8073    27.8078          3  0.000e+00
      43164 315.288420  -62.70612  -58.88990      0.061    1456.51   1501.204   1481.402    -1.3121    -1.3126    -0.0005    -1.3688    -1.3693    -0.0005   2.825555   2.825491  -0.000064    34.5565    34.5562     6.3114    27.8073    27.8071          3  0.000e+00
      43165 315.288420  -62.70612  -58.88990      0.072    1456.51   1501.270   1481.467    -1.3121    -1.3129    -0.0008    -1.3688    -1.3696    -0.0008   2.825572   2.825531  -0.000041    34.5567    34.5570     6.3119    27.8075    27.8078          3  0.000e+00
      43166 315.288421  -62.70612  -58.88990      0.078    1456.51   1501.204   1481.402    -1.3125    -1.3130    -0.0005    -1.3692    -1.3697    -0.0005   2.825561   2.825485  -0.000076    34.5570    34.5565     6.3143    27.8077    27.8074          3  0.000e+00
      43167 315.288421  -62.70612  -58.88990      0.084    1456.51   1501.204   1481.402    -1.3123    -1.3128    -0.0004    -1.3690    -1.3695    -0.0004   2.825566   2.825553  -0.000013    34.5568    34.5572     6.3167    27.8076    27.8079          3  0.000e+00
      43168 315.288422  -62.70612  -58.88990      0.097    1456.51   1501.270   1481.467    -1.3125    -1.3131    -0.0006    -1.3692    -1.3698    -0.0006   2.825555   2.825519  -0.000036    34.5568    34.5571     6.3175    27.8076    27.8078          3  0.000e+00
      43169 315.288422  -62.70612  -58.88990      0.107    1456.51   1501.295   1481.491    -1.3123    -1.3130    -0.0007    -1.3690    -1.3697    -0.0007   2.825555   2.825502  -0.000053    34.5566    34.5567     6.3181    27.8075    27.8075          3  0.000e+00
      43170 315.288423  -62.70612  -58.88990      0.115    1456.51   1501.270   1481.467    -1.3123    -1.3130    -0.0007    -1.3690    -1.3697    -0.0007   2.825555   2.825559   0.000004    34.5566    34.5575     6.3188    27.8075    27.8082          3  0.000e+00
      43171 315.288423  -62.70612  -58.88990      0.121    1456.51   1501.204   1481.402    -1.3121    -1.3130    -0.0009    -1.3688    -1.3697    -0.0008   2.825555   2.825536  -0.000019    34.5565    34.5572     6.3194    27.8073    27.8079          3  0.000e+00
      43172 315.288424  -62.70612  -58.88990      0.128    1456.51   1501.328   1481.523    -1.3120    -1.3130    -0.0010    -1.3687    -1.3697    -0.0010   2.825555   2.825508  -0.000047    34.5563    34.5568     6.3220    27.8072    27.8076          3  0.000e+00
      43173 315.288424  -62.70612  -58.88990      0.135    1456.51   1501.270   1481.467    -1.3125    -1.3130    -0.0005    -1.3692    -1.3697    -0.0005   2.825555   2.825519  -0.000036    34.5568    34.5569     6.3227    27.8076    27.8077          3  0.000e+00
      43174 315.288424  -62.70612  -58.88990      0.137    1456.51   1501.270   1481.467    -1.3126    -1.3129    -0.0003    -1.3693    -1.3696    -0.0003   2.825532   2.825491  -0.000042    34.5567    34.5565     6.3235    27.8075    27.8074          3  0.000e+00
      43175 315.288425  -62.70612  -58.88990      0.146    1456.51   1501.328   1481.523    -1.3123    -1.3130    -0.0007    -1.3690    -1.3697    -0.0007   2.825561   2.825513  -0.000047    34.5567    34.5568     6.3242    27.8075    27.8076          3  0.000e+00
      43176 315.288425  -62.70612  -58.88990      0.149    1456.51   1501.295   1481.491    -1.3126    -1.3130    -0.0004    -1.3693    -1.3697    -0.0004   2.825538   2.825502  -0.000036    34.5567    34.5567     6.3250    27.8076    27.8076          3  0.000e+00
      43177 315.288426  -62.70612  -58.88990      0.154    1456.51   1501.328   1481.523    -1.3125    -1.3131    -0.0006    -1.3692    -1.3698    -0.0006   2.825561   2.825525  -0.000036    34.5569    34.5571     6.3257    27.8077    27.8079          3  0.000e+00
      43178 315.288426  -62.70612  -58.88990      0.158    1456.51   1501.328   1481.523    -1.3125    -1.3128    -0.0003    -1.3692    -1.3695    -0.0003   2.825538   2.825502  -0.000036    34.5566    34.5564     6.3247    27.8074    27.8073          3  0.000e+00
      43179 315.288427  -62.70612  -58.88990      0.161    1456.51   1501.328   1481.523    -1.3123    -1.3131    -0.0008    -1.3690    -1.3698    -0.0008   2.825544   2.825502  -0.000042    34.5565    34.5568     6.3234    27.8073    27.8076          3  0.000e+00
      43180 315.288427  -62.70612  -58.88990      0.167    1456.51   1501.328   1481.523    -1.3126    -1.3129    -0.0003    -1.3693    -1.3696    -0.0003   2.825572   2.825536  -0.000035    34.5572    34.5571     6.3241    27.8079    27.8078          3  0.000e+00
      43181 315.288428  -62.70612  -58.88990      0.168    1456.51   1501.328   1481.523    -1.3128    -1.3130    -0.0002    -1.3695    -1.3697    -0.0002   2.825561   2.825531  -0.000030    34.5572    34.5571     6.3247    27.8080    27.8078          3  0.000e+00
      43182 315.288428  -62.70612  -58.88990      0.178    1456.51   1501.418   1481.613    -1.3126    -1.3128    -0.0001    -1.3693    -1.3695    -0.0001   2.825555   2.825531  -0.000024    34.5569    34.5567     6.3253    27.8077    27.8076          3  0.000e+00
      43183 315.288429  -62.70612  -58.88990      0.174    1456.51   1501.270   1481.467    -1.3126    -1.3128    -0.0002    -1.3693    -1.3695    -0.0002   2.825532   2.825525  -0.000007    34.5567    34.5568     6.3258    27.8075    27.8076          3  0.000e+00
      43184 315.288429  -62.70612  -58.88990      0.177    1456.51   1501.394   1481.588    -1.3126    -1.3126     0.0000    -1.3693    -1.3693     0.0000   2.825544   2.825491  -0.000053    34.5568    34.5560     6.3265    27.8076    27.8070          3  0.000e+00
      43185 315.288430  -62.70612  -58.88990      0.177    1456.51   1501.328   1481.523    -1.3129    -1.3125     0.0004    -1.3696    -1.3692     0.0004   2.825532   2.825531  -0.000002    34.5570    34.5565     6.3271    27.8078    27.8074          3  0.000e+00
      43186 315.288430  -62.70612  -58.88990      0.178    1456.51   1501.394   1481.588    -1.3128    -1.3129    -0.0001    -1.3695    -1.3696    -0.0001   2.825527   2.825531   0.000004    34.5567    34.5569     6.3173    27.8076    27.8077          3  0.000e+00
      43187 315.288431  -62.70612  -58.88990      0.175    1456.51   1501.328   1481.523    -1.3128    -1.3128    -0.0000    -1.3695    -1.3695    -0.0000   2.825527   2.825531   0.000004    34.5568    34.5569     6.3246    27.8076    27.8077          3  0.000e+00
      43188 315.288431  -62.70612  -58.88990      0.178    1456.51   1501.394   1481.588    -1.3126    -1.3123     0.0003    -1.3693    -1.3690     0.0003   2.825561   2.825565   0.000004    34.5570    34.5567     6.3252    27.8078    27.8075          3  0.000e+00
      43189 315.288432  -62.70612  -58.88990      0.175    1456.51   1501.352   1481.548    -1.3129    -1.3119     0.0010    -1.3696    -1.3686     0.0010   2.825538   2.825525  -0.000013    34.5570    34.5557     6.3259    27.8078    27.8067          3  0.000e+00
      43190 315.288432  -62.70612  -58.88990      0.173    1456.51   1501.394   1481.588    -1.3127    -1.3118     0.0009    -1.3694    -1.3686     0.0009   2.825544   2.825594   0.000050    34.5569    34.5566     6.3265    27.8077    27.8074          3  0.000e+00
      43191 315.288433  -62.70612  -58.88990      0.176    1456.51   1501.394   1481.588    -1.3126    -1.3119     0.0007    -1.3693    -1.3686     0.0007   2.825555   2.825588   0.000033    34.5569    34.5565     6.3270    27.8077    27.8074          3  0.000e+00
      43192 315.288433  -62.70612  -58.88990      0.172    1456.51   1501.394   1481.588    -1.3125    -1.3117     0.0008    -1.3692    -1.3684     0.0008   2.825555   2.825582   0.000027    34.5568    34.5562     6.3258    27.8076    27.8071          3  0.000e+00
      43193 315.288434  -62.70612  -58.88990      0.168    1456.51   1501.328   1481.523    -1.3128    -1.3113     0.0015    -1.3695    -1.3680     0.0015   2.825572   2.825639   0.000068    34.5574    34.5566     6.3263    27.8081    27.8074          3  0.000e+00
      43194 315.288434  -62.70612  -58.88990      0.167    1456.51   1501.394   1481.588    -1.3128    -1.3115     0.0012    -1.3695    -1.3683     0.0012   2.825561   2.825605   0.000044    34.5572    34.5564     6.3268    27.8079    27.8072          3  0.000e+00
      43195 315.288435  -62.70612  -58.88990      0.161    1456.51   1501.394   1481.588    -1.3126    -1.3114     0.0012    -1.3693    -1.3682     0.0012   2.825555   2.825639   0.000084    34.5569    34.5567     6.3273    27.8077    27.8075          3  0.000e+00
      43196 315.288435  -62.70612  -58.88990      0.164    1456.51   1501.418   1481.613    -1.3123    -1.3114     0.0009    -1.3690    -1.3681     0.0009   2.825532   2.825616   0.000084    34.5563    34.5563     6.3278    27.8072    27.8072          3  0.000e+00
      43197 315.288436  -62.70612  -58.88990      0.160    1456.51   1501.394   1481.588    -1.3126    -1.3117     0.0009    -1.3693    -1.3684     0.0009   2.825544   2.825611   0.000067    34.5568    34.5567     6.3284    27.8076    27.8075          3  0.000e+00
      43198 315.288436  -62.70612  -58.88990      0.157    1456.51   1501.394   1481.588    -1.3128    -1.3115     0.0012    -1.3695    -1.3683     0.0012   2.825544   2.825645   0.000101    34.5570    34.5569     6.3271    27.8077    27.8077          3  0.000e+00
      43199 315.288437  -62.70612  -58.88990      0.152    1456.51   1501.394   1481.588    -1.3125    -1.3116     0.0009    -1.3692    -1.3683     0.0009   2.825527   2.825594   0.000067    34.5564    34.5563     6.3275    27.8073    27.8072          3  0.000e+00
      43200 315.288437  -62.70612  -58.88990      0.150    1456.51   1501.460   1481.653    -1.3126    -1.3114     0.0012    -1.3693    -1.3681     0.0012   2.825544   2.825628   0.000084    34.5567    34.5565     6.3261    27.8075    27.8073          3  0.000e+00
      43201 315.288437  -62.70612  -58.88990      0.147    1456.51   1501.394   1481.588    -1.3126    -1.3113     0.0014    -1.3693    -1.3680     0.0013   2.825555   2.825651   0.000096    34.5569    34.5567     6.3246    27.8077    27.8075          3  0.000e+00
      43202 315.288438  -62.70612  -58.88990      0.140    1456.51   1501.394   1481.588    -1.3126    -1.3115     0.0011    -1.3693    -1.3683     0.0011   2.825555   2.825622   0.000067    34.5569    34.5566     6.3249    27.8077    27.8074          3  0.000e+00
      43203 315.288438  -62.70612  -58.88990      0.141    1456.51   1501.418   1481.613    -1.3125    -1.3114     0.0011    -1.3692    -1.3682     0.0010   2.825555   2.825645   0.000090    34.5568    34.5568     6.3233    27.8076    27.8076          3  0.000e+00
      43204 315.288439  -62.70612  -58.88990      0.133    1456.51   1501.394   1481.588    -1.3126    -1.3112     0.0014    -1.3693    -1.3679     0.0014   2.825555   2.825634   0.000079    34.5569    34.5564     6.3236    27.8077    27.8072          3  0.000e+00
      43205 315.288439  -62.70612  -58.88990      0.132    1456.51   1501.460   1481.653    -1.3125    -1.3116     0.0009    -1.3692    -1.3683     0.0009   2.825555   2.825617   0.000062    34.5567    34.5566     6.3220    27.8076    27.8074          3  0.000e+00
      43206 315.288440  -62.70612  -58.88990      0.122    1456.51   1501.328   1481.523    -1.3128    -1.3114     0.0014    -1.3695    -1.3681     0.0014   2.825532   2.825622   0.000090    34.5568    34.5565     6.3202    27.8077    27.8073          3  0.000e+00
      43207 315.288440  -62.70612  -58.88990      0.119    1456.51   1501.394   1481.588    -1.3125    -1.3116     0.0009    -1.3692    -1.3683     0.0009   2.825544   2.825616   0.000073    34.5566    34.5566     6.3203    27.8075    27.8074          3  0.000e+00
      43208 315.288441  -62.70612  -58.88990      0.116    1456.51   1501.460   1481.653    -1.3125    -1.3115     0.0009    -1.3692    -1.3683     0.0009   2.825532   2.825645   0.000113    34.5564    34.5569     6.3204    27.8073    27.8076          3  0.000e+00
      43209 315.288441  -62.70612  -58.88990      0.111    1456.51   1501.394   1481.588    -1.3125    -1.3113     0.0012    -1.3692    -1.3680     0.0012   2.825544   2.825616   0.000073    34.5566    34.5562     6.3290    27.8075    27.8071          3  0.000e+00
      43210 315.288442  -62.70612  -58.88990      0.108    1456.51   1501.418   1481.613    -1.3124    -1.3115     0.0009    -1.3691    -1.3683     0.0009   2.825555   2.825651   0.000096    34.5567    34.5570     6.3308    27.8075    27.8077          3  0.000e+00
      43211 315.288442  -62.70612  -58.88990      0.100    1456.51   1501.394   1481.588    -1.3125    -1.3114     0.0011    -1.3692    -1.3682     0.0010   2.825555   2.825657   0.000102    34.5568    34.5569     6.3239    27.8076    27.8077          3  0.000e+00
      43212 315.288443  -62.70612  -58.88990      0.098    1456.51   1501.460   1481.653    -1.3126    -1.3114     0.0012    -1.3693    -1.3682     0.0012   2.825572   2.825622   0.000050    34.5571    34.5564     6.3239    27.8079    27.8073          3  0.000e+00
      43213 315.288443  -62.70612  -58.88990      0.092    1456.51   1501.394   1481.588    -1.3123    -1.3114     0.0009    -1.3690    -1.3681     0.0009   2.825561   2.825685   0.000125    34.5566    34.5573     6.3238    27.8075    27.8080          3  0.000e+00
      43214 315.288444  -62.70612  -58.88990      0.089    1456.51   1501.394   1481.588    -1.3125    -1.3111     0.0013    -1.3692    -1.3679     0.0013   2.825589   2.825645   0.000056    34.5572    34.5565     6.3237    27.8080    27.8073          3  0.000e+00
      43215 315.288444  -62.70612  -58.88990      0.086    1456.51   1501.460   1481.653    -1.3128    -1.3114     0.0014    -1.3695    -1.3681     0.0014   2.825583   2.825639   0.000056    34.5575    34.5566     6.3237    27.8082    27.8074          3  0.000e+00
      43216 315.288445  -62.70612  -58.88990      0.082    1456.51   1501.460   1481.653    -1.3126    -1.3116     0.0010    -1.3693    -1.3683     0.0010   2.825577   2.825651   0.000073    34.5572    34.5570     6.3236    27.8079    27.8078          3  0.000e+00
      43217 315.288445  -62.70612  -58.88990      0.075    1456.51   1501.352   1481.548    -1.3125    -1.3114     0.0011    -1.3692    -1.3681     0.0011   2.825577   2.825588   0.000010    34.5571    34.5560     6.3149    27.8079    27.8069          3  0.000e+00
      43218 315.288446  -62.70612  -58.88990      0.075    1456.51   1501.460   1481.653    -1.3126    -1.3121     0.0005    -1.3693    -1.3688     0.0005   2.825538   2.825594   0.000056    34.5566    34.5568     6.3218    27.8075    27.8076          3  0.000e+00
      43219 315.288446  -62.70612  -58.88990      0.074    1456.51   1501.460   1481.653    -1.3126    -1.3121     0.0005    -1.3693    -1.3688     0.0005   2.825561   2.825559  -0.000001    34.5569    34.5564     6.3218    27.8077    27.8073          3  0.000e+00
