Pos-Processados/process_op41/operantar41_016.cnv
* Sea-Bird SBE 9 Data File:
* FileName = C:\Users\Dell\Desktop\OperantarXLI\config\00_BRUTOS\OPE41016.hdr
* Software Version Seasave V 7.26.7.110
* Temperature SN = 6497
* Conductivity SN = 4954
* Number of Bytes Per Scan = 31
* Number of Voltage Words = 2
* Number of Scans Averaged by the Deck Unit = 1
* NMEA Latitude = 62 09.82 S
* NMEA Longitude = 058 22.39 W
* NMEA UTC (Time) = Nov 09 2022 14:38:16
* NMEA baud rate = 4800
** H41
** Navio Polar Almirante Maximiano
** LH-021/2022
** Operantar XLI
** Número da Estação 0016
** Latitude 62 9,860 S
** Longitude 58 22,350 W
** Data/Hora (Z) 09/11/22 1440Z
** Profundidade local 415 m
** 09-1439
** Nome do Operador CT GARLA
# nquan = 30
# nvalues = 775                         
# units = specified
# name 0 = scan: Scan Count
# name 1 = timeJ: Julian Days
# name 2 = latitude: Latitude [deg]
# name 3 = longitude: Longitude [deg]
# name 4 = dz/dtM: Descent Rate [m/s]
# name 5 = avgsvCM: Average Sound Velocity [Chen-Millero, m/s]
# name 6 = prDM: Pressure, Digiquartz [db]
# name 7 = depSM: Depth [salt water, m]
# name 8 = t090C: Temperature [ITS-90, deg C]
# name 9 = t190C: Temperature, 2 [ITS-90, deg C]
# name 10 = T2-T190C: Temperature Difference, 2 - 1 [ITS-90, deg C]
# name 11 = potemp090C: Potential Temperature [ITS-90, deg C]
# name 12 = potemp190C: Potential Temperature, 2 [ITS-90, deg C]
# name 13 = potemp90Cdiff: Potential Temperature, Diff, 2 - 1 [ITS-90, deg C]
# name 14 = c0S/m: Conductivity [S/m]
# name 15 = c1S/m: Conductivity, 2 [S/m]
# name 16 = C2-C1S/m: Conductivity Difference, 2 - 1 [S/m]
# name 17 = sal00: Salinity, Practical [PSU]
# name 18 = sal11: Salinity, Practical, 2 [PSU]
# name 19 = sbeox0ML/L: Oxygen, SBE 43 [ml/l]
# name 20 = sigma-é00: Density [sigma-theta, kg/m^3]
# name 21 = sigma-é11: Density, 2 [sigma-theta, kg/m^3]
# name 22 = sal00: Salinity, Practical [PSU]
# name 23 = sigma-é00: Density [sigma-theta, kg/m^3]
# name 24 = svCM: Sound Velocity [Chen-Millero, m/s]
# name 25 = svCM1: Sound Velocity, 2 [Chen-Millero, m/s]
# name 26 = gsw_ptA0: potential temperature [ITS-90, deg C]
# name 27 = gsw_densityA0: density, TEOS-10 [density, kg/m^3]
# name 28 = gsw_saA0: Absolute Salinity [g/kg]
# name 29 = flag:
# span 0 =       2633,      24327       
# span 1 = 313.611177, 313.621639       
# span 2 =  -62.16384,  -62.16372       
# span 3 =  -58.37318,  -58.37284       
# span 4 =     -1.390,      1.366       
# span 5 =      -0.01,    1450.59       
# span 6 =      2.000,    389.000       
# span 7 =      1.982,    384.910       
# span 8 =    -0.2594,    -0.0694       
# span 9 =    -0.2594,    -0.0685       
# span 10 =    -0.0076,     0.0031      
# span 11 =    -0.2688,    -0.0696      
# span 12 =    -0.2688,    -0.0686      
# span 13 =    -0.0076,     0.0031      
# span 14 =   2.833390,   2.855643      
# span 15 =   2.833468,   2.855667      
# span 16 =  -0.000573,   0.000302      
# span 17 =    34.1810,    34.3778      
# span 18 =    34.1819,    34.3786      
# span 19 =     6.4241,     7.4868      
# span 20 =    27.4502,    27.6159      
# span 21 =    27.4507,    27.6165      
# span 22 =    34.1808,    34.3778      
# span 23 =    27.4494,    27.6159      
# span 24 =    1447.60,    1453.61      
# span 25 =    1447.61,    1453.61      
# span 26 =    -0.2686,    -0.0695      
# span 27 =  1027.4649,  1029.4702      
# span 28 =    34.3457,    34.5459      
# span 29 = 0.0000e+00, 0.0000e+00      
# interval = decibars: 1                
# start_time = Nov 09 2022 14:38:16 [NMEA time, header]
# bad_flag = -9.990e-29
*END*
[from data line 581]
      18674 313.618913  -62.16380  -58.37306     -0.951    1450.59    195.000    193.038    -0.2296    -0.2301    -0.0005    -0.2363    -0.2368    -0.0005   2.834997   2.835021   0.000022    34.2264    34.2272     7.2598    27.4935    27.4942    34.2269    27.4939    1450.21    1450.21    -0.2362  1028.4289    34.3937 0.0000e+00
      18697 313.618924  -62.16380  -58.37306     -1.027    1450.59    194.000    192.048    -0.2252    -0.2255    -0.0003    -0.2318    -0.2322    -0.0003   2.835242   2.835266   0.000024    34.2251    34.2258     7.2530    27.4923    27.4928    34.2258    27.4928    1450.22    1450.22    -0.2317  1028.4230    34.3925 0.0000e+00
      18723 313.618936  -62.16378  -58.37306     -0.989    1450.59    193.000    191.059    -0.2211    -0.2205     0.0005    -0.2277    -0.2272     0.0005   2.835417   2.835520   0.000091    34.2235    34.2241     7.2639    27.4907    27.4912    34.2241    27.4912    1450.22    1450.22    -0.2276  1028.4166    34.3908 0.0000e+00
      18754 313.618951  -62.16378  -58.37306     -0.804    1450.59    192.000    190.069    -0.2150    -0.2145     0.0005    -0.2216    -0.2211     0.0005   2.835733   2.835826   0.000094    34.2213    34.2220     7.2702    27.4887    27.4892    34.2221    27.4893    1450.23    1450.23    -0.2215  1028.4100    34.3889 0.0000e+00
      18781 313.618964  -62.16378  -58.37306     -0.829    1450.59    191.000    189.080    -0.2020    -0.2005     0.0015    -0.2086    -0.2071     0.0015   2.836476   2.836620   0.000146    34.2167    34.2170     7.2761    27.4844    27.4845    34.2180    27.4854    1450.26    1450.27    -0.2085  1028.4012    34.3847 0.0000e+00
      18804 313.618975  -62.16378  -58.37306     -0.959    1450.59    190.000    188.090    -0.2022    -0.2024    -0.0003    -0.2087    -0.2089    -0.0003   2.836436   2.836475   0.000034    34.2170    34.2177     7.2818    27.4846    27.4852    34.2183    27.4856    1450.25    1450.25    -0.2086  1028.3966    34.3850 0.0000e+00
      18827 313.618986  -62.16378  -58.37306     -1.051    1450.59    189.000    187.101    -0.1944    -0.1932     0.0012    -0.2009    -0.1997     0.0012   2.836813   2.836936   0.000128    34.2140    34.2144     7.3011    27.4817    27.4820    34.2152    27.4827    1450.26    1450.27    -0.2008  1028.3890    34.3819 0.0000e+00
      18849 313.618997  -62.16378  -58.37306     -1.082    1450.59    188.000    186.111    -0.1907    -0.1897     0.0010    -0.1972    -0.1962     0.0010   2.836979   2.837116   0.000127    34.2128    34.2133     7.3014    27.4806    27.4810    34.2139    27.4815    1450.26    1450.27    -0.1971  1028.3829    34.3806 0.0000e+00
      18873 313.619008  -62.16378  -58.37306     -1.051    1450.59    187.000    185.122    -0.1875    -0.1861     0.0015    -0.1939    -0.1925     0.0015   2.837130   2.837258   0.000133    34.2118    34.2120     7.3158    27.4797    27.4798    34.2129    27.4805    1450.26    1450.27    -0.1938  1028.3772    34.3796 0.0000e+00
      18900 313.619022  -62.16378  -58.37306     -0.934    1450.59    186.000    184.132    -0.1869    -0.1863     0.0005    -0.1933    -0.1927     0.0005   2.837118   2.837193   0.000073    34.2119    34.2122     7.3208    27.4797    27.4800    34.2126    27.4803    1450.25    1450.25    -0.1932  1028.3722    34.3793 0.0000e+00
      18931 313.619036  -62.16378  -58.37306     -0.799    1450.59    185.000    183.143    -0.1876    -0.1844     0.0031    -0.1939    -0.1908     0.0031   2.837068   2.837270   0.000200    34.2125    34.2117     7.3291    27.4802    27.4794    34.2133    27.4809    1450.23    1450.24    -0.1939  1028.3680    34.3800 0.0000e+00
      18961 313.619051  -62.16378  -58.37306     -0.783    1450.59    184.000    182.153    -0.1823    -0.1825    -0.0001    -0.1887    -0.1888    -0.0001   2.837318   2.837345   0.000033    34.2106    34.2112     7.3262    27.4785    27.4790    34.2114    27.4791    1450.23    1450.23    -0.1886  1028.3615    34.3781 0.0000e+00
      18987 313.619063  -62.16378  -58.37306     -0.870    1450.59    183.000    181.164    -0.1817    -0.1819    -0.0002    -0.1880    -0.1882    -0.0002   2.837305   2.837333   0.000028    34.2105    34.2111     7.3326    27.4783    27.4788    34.2111    27.4788    1450.22    1450.22    -0.1879  1028.3564    34.3778 0.0000e+00
      19011 313.619075  -62.16378  -58.37306     -0.959    1450.59    182.000    180.174    -0.1811    -0.1813    -0.0001    -0.1874    -0.1875    -0.0001   2.837284   2.837331   0.000048    34.2103    34.2110     7.3344    27.4781    27.4787    34.2108    27.4785    1450.20    1450.20    -0.1873  1028.3514    34.3775 0.0000e+00
      19037 313.619088  -62.16378  -58.37306     -0.961    1450.59    181.000    179.188    -0.1813    -0.1813    -0.0000    -0.1875    -0.1875    -0.0000   2.837227   2.837266   0.000041    34.2104    34.2110     7.3330    27.4782    27.4787    34.2108    27.4785    1450.19    1450.19    -0.1874  1028.3466    34.3774 0.0000e+00
      19069 313.619103  -62.16378  -58.37306     -0.803    1450.59    180.000    178.193    -0.1822    -0.1814     0.0008    -0.1884    -0.1876     0.0008   2.837120   2.837214   0.000093    34.2107    34.2111     7.3369    27.4785    27.4788    34.2111    27.4788    1450.17    1450.17    -0.1883  1028.3421    34.3777 0.0000e+00
      19106 313.619121  -62.16378  -58.37306     -0.638    1450.59    179.000    177.205    -0.1813    -0.1813     0.0000    -0.1875    -0.1875     0.0000   2.837134   2.837182   0.000052    34.2105    34.2112     7.3443    27.4783    27.4788    34.2108    27.4786    1450.16    1450.16    -0.1874  1028.3371    34.3775 0.0000e+00
      19134 313.619134  -62.16378  -58.37306     -0.767    1450.59    178.000    176.216    -0.1801    -0.1806    -0.0005    -0.1862    -0.1867    -0.0005   2.837150   2.837169   0.000021    34.2100    34.2108     7.3375    27.4778    27.4785    34.2103    27.4781    1450.14    1450.14    -0.1861  1028.3319    34.3769 0.0000e+00
      19155 313.619144  -62.16378  -58.37306     -1.001    1450.59    177.000    175.226    -0.1791    -0.1797    -0.0006    -0.1852    -0.1858    -0.0006   2.837153   2.837174   0.000022    34.2095    34.2105     7.3425    27.4774    27.4782    34.2099    27.4777    1450.13    1450.13    -0.1851  1028.3267    34.3765 0.0000e+00
      19175 313.619154  -62.16378  -58.37306     -1.149    1450.59    176.000    174.237    -0.1792    -0.1790     0.0001    -0.1852    -0.1851     0.0001   2.837112   2.837160   0.000046    34.2097    34.2102     7.3329    27.4776    27.4779    34.2100    27.4777    1450.12    1450.12    -0.1851  1028.3220    34.3766 0.0000e+00
      19199 313.619166  -62.16378  -58.37306     -1.108    1450.59    175.000    173.247    -0.1792    -0.1789     0.0003    -0.1853    -0.1849     0.0003   2.837059   2.837124   0.000066    34.2097    34.2102     7.3342    27.4776    27.4779    34.2099    27.4777    1450.10    1450.10    -0.1851  1028.3173    34.3766 0.0000e+00
      19230 313.619181  -62.16378  -58.37306     -0.846    1450.59    174.000    172.258    -0.1791    -0.1790     0.0001    -0.1851    -0.1850     0.0001   2.837027   2.837056   0.000032    34.2098    34.2101     7.3415    27.4776    27.4778    34.2100    27.4778    1450.08    1450.08    -0.1850  1028.3125    34.3766 0.0000e+00
      19263 313.619197  -62.16378  -58.37306     -0.713    1450.59    173.000    171.268    -0.1766    -0.1771    -0.0004    -0.1826    -0.1830    -0.0004   2.837090   2.837114   0.000022    34.2084    34.2092     7.3426    27.4763    27.4770    34.2086    27.4766    1450.08    1450.08    -0.1825  1028.3066    34.3752 0.0000e+00
      19293 313.619211  -62.16378  -58.37306     -0.767    1450.59    172.000    170.278    -0.1729    -0.1731    -0.0002    -0.1788    -0.1790    -0.0002   2.837250   2.837297   0.000047    34.2065    34.2074     7.3398    27.4746    27.4754    34.2071    27.4752    1450.08    1450.08    -0.1787  1028.3004    34.3737 0.0000e+00
      19320 313.619224  -62.16378  -58.37306     -0.873    1450.59    171.000    169.289    -0.1555    -0.1563    -0.0008    -0.1614    -0.1622    -0.0008   2.838299   2.838287  -0.000002    34.2004    34.2013     7.3386    27.4689    27.4696    34.2023    27.4704    1450.13    1450.13    -0.1613  1028.2907    34.3688 0.0000e+00
      19344 313.619236  -62.16378  -58.37306     -0.949    1450.59    170.000    168.299    -0.1461    -0.1462    -0.0001    -0.1520    -0.1521    -0.0001   2.838765   2.838808   0.000036    34.1972    34.1978     7.3424    27.4658    27.4662    34.1985    27.4669    1450.15    1450.16    -0.1519  1028.2824    34.3651 0.0000e+00
      19369 313.619248  -62.16378  -58.37306     -0.975    1450.59    169.000    167.310    -0.1409    -0.1407     0.0002    -0.1468    -0.1466     0.0002   2.839006   2.839073   0.000065    34.1954    34.1960     7.3451    27.4641    27.4646    34.1966    27.4650    1450.16    1450.16    -0.1467  1028.2758    34.3631 0.0000e+00
      19395 313.619260  -62.16378  -58.37306     -0.959    1450.59    168.000    166.320    -0.1393    -0.1392     0.0001    -0.1452    -0.1450     0.0001   2.839060   2.839132   0.000069    34.1951    34.1958     7.3643    27.4637    27.4644    34.1961    27.4646    1450.15    1450.15    -0.1450  1028.2706    34.3626 0.0000e+00
      19422 313.619273  -62.16378  -58.37306     -0.906    1450.59    167.000    165.331    -0.1365    -0.1367    -0.0001    -0.1423    -0.1424    -0.0001   2.839172   2.839238   0.000066    34.1940    34.1950     7.3769    27.4628    27.4636    34.1951    27.4636    1450.15    1450.15    -0.1422  1028.2648    34.3616 0.0000e+00
      19448 313.619286  -62.16378  -58.37306     -0.882    1450.59    166.000    164.341    -0.1349    -0.1345     0.0004    -0.1407    -0.1403     0.0004   2.839221   2.839300   0.000080    34.1936    34.1943     7.4020    27.4624    27.4628    34.1945    27.4631    1450.14    1450.14    -0.1406  1028.2595    34.3610 0.0000e+00
      19474 313.619298  -62.16378  -58.37306     -0.926    1450.59    165.000    163.351    -0.1334    -0.1336    -0.0002    -0.1391    -0.1393    -0.0002   2.839268   2.839303   0.000039    34.1932    34.1940     7.4060    27.4619    27.4626    34.1940    27.4626    1450.13    1450.13    -0.1390  1028.2543    34.3605 0.0000e+00
      19499 313.619310  -62.16378  -58.37306     -0.953    1450.59    164.000    162.362    -0.1323    -0.1319     0.0003    -0.1380    -0.1376     0.0003   2.839275   2.839340   0.000058    34.1928    34.1932     7.4143    27.4616    27.4619    34.1935    27.4621    1450.11    1450.12    -0.1379  1028.2490    34.3599 0.0000e+00
      19527 313.619324  -62.16378  -58.37306     -0.906    1450.59    163.000    161.372    -0.1331    -0.1315     0.0017    -0.1388    -0.1371     0.0017   2.839182   2.839312   0.000132    34.1932    34.1930     7.4127    27.4619    27.4617    34.1938    27.4624    1450.09    1450.10    -0.1387  1028.2446    34.3603 0.0000e+00
      19555 313.619338  -62.16378  -58.37306     -0.843    1450.59    162.000    160.382    -0.1309    -0.1310    -0.0001    -0.1365    -0.1366    -0.0001   2.839266   2.839286   0.000019    34.1925    34.1929     7.4131    27.4613    27.4616    34.1931    27.4617    1450.09    1450.09    -0.1364  1028.2391    34.3595 0.0000e+00
      19584 313.619351  -62.16378  -58.37306     -0.829    1450.59    161.000    159.393    -0.1305    -0.1305    -0.0000    -0.1361    -0.1361    -0.0000   2.839238   2.839282   0.000044    34.1923    34.1929     7.4103    27.4611    27.4616    34.1928    27.4614    1450.07    1450.07    -0.1360  1028.2341    34.3592 0.0000e+00
      19612 313.619365  -62.16378  -58.37308     -0.855    1450.59    160.000    158.403    -0.1291    -0.1291     0.0000    -0.1347    -0.1347     0.0000   2.839287   2.839339   0.000052    34.1920    34.1926     7.4217    27.4607    27.4612    34.1925    27.4612    1450.06    1450.06    -0.1346  1028.2290    34.3590 0.0000e+00
      19639 313.619378  -62.16378  -58.37306     -0.878    1450.59    159.000    157.413    -0.1262    -0.1264    -0.0003    -0.1317    -0.1319    -0.0003   2.839401   2.839462   0.000061    34.1908    34.1919     7.4188    27.4596    27.4606    34.1913    27.4601    1450.06    1450.06    -0.1316  1028.2231    34.3577 0.0000e+00
      19666 313.619391  -62.16378  -58.37306     -0.889    1450.59    158.000    156.424    -0.1260    -0.1259     0.0001    -0.1315    -0.1314     0.0001   2.839345   2.839395   0.000054    34.1907    34.1913     7.4184    27.4596    27.4600    34.1910    27.4598    1450.04    1450.04    -0.1314  1028.2181    34.3574 0.0000e+00
      19691 313.619403  -62.16378  -58.37306     -0.927    1450.59    157.000    155.434    -0.1258    -0.1260    -0.0002    -0.1312    -0.1315    -0.0002   2.839304   2.839328   0.000023    34.1905    34.1911     7.4299    27.4594    27.4598    34.1908    27.4596    1450.03    1450.03    -0.1311  1028.2132    34.3572 0.0000e+00
      19717 313.619416  -62.16378  -58.37307     -0.944    1450.59    156.000    154.445    -0.1260    -0.1261    -0.0001    -0.1314    -0.1315    -0.0001   2.839254   2.839272   0.000018    34.1907    34.1911     7.4231    27.4595    27.4598    34.1909    27.4597    1450.01    1450.01    -0.1313  1028.2085    34.3573 0.0000e+00
      19746 313.619430  -62.16378  -58.37306     -0.857    1450.59    155.000    153.455    -0.1263    -0.1260     0.0004    -0.1317    -0.1313     0.0004   2.839183   2.839231   0.000046    34.1908    34.1910     7.4287    27.4597    27.4598    34.1910    27.4598    1449.99    1449.99    -0.1316  1028.2039    34.3574 0.0000e+00
      19777 313.619444  -62.16378  -58.37306     -0.790    1450.59    154.000    152.465    -0.1259    -0.1259    -0.0001    -0.1312    -0.1312    -0.0001   2.839161   2.839192   0.000033    34.1906    34.1911     7.4204    27.4594    27.4599    34.1908    27.4596    1449.98    1449.98    -0.1311  1028.1989    34.3572 0.0000e+00
      19805 313.619458  -62.16378  -58.37306     -0.833    1450.59    153.000    151.476    -0.1253    -0.1254    -0.0001    -0.1306    -0.1307    -0.0001   2.839143   2.839180   0.000036    34.1903    34.1910     7.4324    27.4592    27.4597    34.1905    27.4594    1449.96    1449.96    -0.1305  1028.1939    34.3569 0.0000e+00
      19833 313.619471  -62.16378  -58.37306     -0.866    1450.59    152.000    150.486    -0.1236    -0.1237     0.0000    -0.1289    -0.1289     0.0000   2.839183   2.839234   0.000049    34.1896    34.1903     7.4244    27.4586    27.4591    34.1898    27.4587    1449.95    1449.95    -0.1288  1028.1885    34.3562 0.0000e+00
      19863 313.619486  -62.16378  -58.37307     -0.814    1450.59    151.000    149.496    -0.1235    -0.1228     0.0007    -0.1287    -0.1280     0.0007   2.839156   2.839247   0.000089    34.1896    34.1901     7.4335    27.4585    27.4589    34.1899    27.4587    1449.94    1449.94    -0.1286  1028.1837    34.3563 0.0000e+00
      19889 313.619499  -62.16378  -58.37308     -0.845    1450.59    150.000    148.507    -0.1206    -0.1207    -0.0001    -0.1258    -0.1258    -0.0001   2.839298   2.839361   0.000066    34.1888    34.1898     7.4245    27.4577    27.4585    34.1892    27.4581    1449.94    1449.94    -0.1257  1028.1783    34.3556 0.0000e+00
      19912 313.619510  -62.16378  -58.37308     -0.976    1450.59    149.000    147.517    -0.1197    -0.1200    -0.0003    -0.1249    -0.1252    -0.0003   2.839300   2.839356   0.000057    34.1886    34.1897     7.4287    27.4575    27.4584    34.1888    27.4577    1449.92    1449.92    -0.1248  1028.1731    34.3552 0.0000e+00
