Pos-Processados/process_op41/operantar41_007.cnv
* Sea-Bird SBE 9 Data File:
* FileName = C:\Users\Dell\Desktop\OperantarXLI\config\00_BRUTOS\OP41007.hdr
* Software Version Seasave V 7.26.7.110
* Temperature SN = 6497
* Conductivity SN = 4954
* Number of Bytes Per Scan = 31
* Number of Voltage Words = 2
* Number of Scans Averaged by the Deck Unit = 1
* NMEA Latitude = 42 10.83 S
* NMEA Longitude = 052 56.87 W
* NMEA UTC (Time) = Oct 22 2022 04:55:15
* NMEA baud rate = 4800
** H41
** Navio Polar Almirante Maximiano
** LH-021/2022
** Operantar XLI
** Número da Estação 007
** Latitude 42 10.857'S
** Longitude 052 56.879W
** Data/Hora (Z) 22/10/2022 0455Z
** Profundidade local 5627 m
** 09-1439
** Nome do Operador 1T FILIPE LOPES
# nquan = 30
# nvalues = 2034                        
# units = specified
# name 0 = scan: Scan Count
# name 1 = timeJ: Julian Days
# name 2 = latitude: Latitude [deg]
# name 3 = longitude: Longitude [deg]
# name 4 = dz/dtM: Descent Rate [m/s]
# name 5 = avgsvCM: Average Sound Velocity [Chen-Millero, m/s]
# name 6 = prDM: Pressure, Digiquartz [db]
# name 7 = depSM: Depth [salt water, m]
# name 8 = t090C: Temperature [ITS-90, deg C]
# name 9 = t190C: Temperature, 2 [ITS-90, deg C]
# name 10 = T2-T190C: Temperature Difference, 2 - 1 [ITS-90, deg C]
# name 11 = potemp090C: Potential Temperature [ITS-90, deg C]
# name 12 = potemp190C: Potential Temperature, 2 [ITS-90, deg C]
# name 13 = potemp90Cdiff: Potential Temperature, Diff, 2 - 1 [ITS-90, deg C]
# name 14 = c0S/m: Conductivity [S/m]
# name 15 = c1S/m: Conductivity, 2 [S/m]
# name 16 = C2-C1S/m: Conductivity Difference, 2 - 1 [S/m]
# name 17 = sal00: Salinity, Practical [PSU]
# name 18 = sal11: Salinity, Practical, 2 [PSU]
# name 19 = sbeox0ML/L: Oxygen, SBE 43 [ml/l]
# name 20 = sigma-é00: Density [sigma-theta, kg/m^3]
# name 21 = sigma-é11: Density, 2 [sigma-theta, kg/m^3]
# name 22 = sal00: Salinity, Practical [PSU]
# name 23 = sigma-é00: Density [sigma-theta, kg/m^3]
# name 24 = svCM: Sound Velocity [Chen-Millero, m/s]
# name 25 = svCM1: Sound Velocity, 2 [Chen-Millero, m/s]
# name 26 = gsw_ptA0: potential temperature [ITS-90, deg C]
# name 27 = gsw_densityA0: density, TEOS-10 [density, kg/m^3]
# name 28 = gsw_saA0: Absolute Salinity [g/kg]
# name 29 = flag:
# span 0 =       1898,      60844       
# span 1 = 295.205950, 295.234376       
# span 2 =  -42.18026,  -42.16831       
# span 3 =  -52.94752,  -52.66724       
# span 4 =     -2.233,      1.475       
# span 5 =       0.00,    1496.18       
# span 6 =      1.000,   1018.000       
# span 7 =      0.992,   1007.533       
# span 8 =     2.9212,    11.8539       
# span 9 =     2.9223,    11.8537       
# span 10 =    -0.1060,     0.2198      
# span 11 =     2.8527,    11.8515      
# span 12 =     2.8538,    11.8512      
# span 13 =    -0.1060,     0.2197      
# span 14 =   3.154958,   3.948582      
# span 15 =   3.155005,   3.947118      
# span 16 =  -0.011127,   0.021322      
# span 17 =    34.1287,    34.6983      
# span 18 =    34.1291,    34.6989      
# span 19 =     4.1472,     6.2863      
# span 20 =    26.3079,    27.4245      
# span 21 =    26.3085,    27.4242      
# span 22 =    33.8549,    34.6954      
# span 23 =    25.7297,    27.4244      
# span 24 =    1472.68,    1496.20      
# span 25 =    1472.69,    1496.20      
# span 26 =     2.8526,    11.8515      
# span 27 =  1021.7887,  1032.1427      
# span 28 =    28.8851,    34.9834      
# span 29 = 0.0000e+00, 0.0000e+00      
# interval = decibars: 1                
# start_time = Oct 22 2022 04:55:15 [NMEA time, header]
# bad_flag = -9.990e-29
*END*
[from data line 1451]
      39998 295.224323  -42.17260 -9.990e-29     -0.747    1475.52    583.000    577.605     3.6375     3.6375    -0.0000     3.5972     3.5972    -0.0000   3.181393   3.181447   0.000054    34.1877    34.1884     5.3329    27.1804    27.1809    34.1879    27.1805    1473.61    1473.61     3.5971  1029.8849    34.3505 0.0000e+00
      40030 295.224339  -42.17260 -9.990e-29     -0.715    1475.52    582.000    576.616     3.6384     3.6376    -0.0008     3.5982     3.5974    -0.0008   3.181394   3.181423   0.000039    34.1873    34.1886     5.3348    27.1799    27.1810    34.1875    27.1801    1473.60    1473.60     3.5981  1029.8799    34.3500 0.0000e+00
      40060 295.224353  -42.17260 -9.990e-29     -0.800    1475.52    581.000    575.626     3.6404     3.6388    -0.0016     3.6003     3.5987    -0.0016   3.181496   3.181439  -0.000054    34.1868    34.1878     5.3367    27.1794    27.1803    34.1871    27.1796    1473.59    1473.59     3.6002  1029.8748    34.3497 0.0000e+00
      40087 295.224366  -42.17260 -9.990e-29     -0.859    1475.52    580.000    574.637     3.6425     3.6417    -0.0008     3.6024     3.6016    -0.0008   3.181546   3.181548   0.000005    34.1858    34.1867     5.3382    27.1784    27.1792    34.1861    27.1786    1473.58    1473.58     3.6023  1029.8691    34.3486 0.0000e+00
      40114 295.224380  -42.17258  -52.94140     -0.880    1475.52    579.000    573.647     3.6442     3.6433    -0.0009     3.6041     3.6033    -0.0009   3.181577   3.181563  -0.000011    34.1849    34.1857     5.3433    27.1775    27.1782    34.1852    27.1777    1473.57    1473.57     3.6041  1029.8637    34.3479 0.0000e+00
      40143 295.224393  -42.17257  -52.94140     -0.851    1475.52    578.000    572.658     3.6457     3.6441    -0.0016     3.6058     3.6041    -0.0016   3.181596   3.181566  -0.000029    34.1840    34.1854     5.3481    27.1766    27.1779    34.1843    27.1768    1473.56    1473.56     3.6057  1029.8582    34.3470 0.0000e+00
      40171 295.224407  -42.17256  -52.94139     -0.846    1475.52    577.000    571.669     3.6471     3.6459    -0.0012     3.6072     3.6060    -0.0012   3.181596   3.181598   0.000003    34.1832    34.1845     5.3577    27.1758    27.1770    34.1834    27.1760    1473.55    1473.54     3.6071  1029.8527    34.3461 0.0000e+00
      40198 295.224420  -42.17256  -52.94138     -0.883    1475.52    576.000    570.679     3.6481     3.6474    -0.0007     3.6083     3.6076    -0.0007   3.181583   3.181596   0.000010    34.1825    34.1834     5.3693    27.1752    27.1759    34.1827    27.1753    1473.54    1473.53     3.6082  1029.8475    34.3454 0.0000e+00
      40226 295.224433  -42.17256  -52.94138     -0.874    1475.52    575.000    569.690     3.6490     3.6482    -0.0007     3.6093     3.6085    -0.0007   3.181575   3.181589   0.000018    34.1819    34.1829     5.3730    27.1746    27.1755    34.1822    27.1748    1473.52    1473.52     3.6092  1029.8423    34.3449 0.0000e+00
      40255 295.224447  -42.17256  -52.94138     -0.826    1475.52    574.000    568.700     3.6503     3.6492    -0.0011     3.6106     3.6095    -0.0011   3.181577   3.181577   0.000002    34.1812    34.1824     5.3751    27.1739    27.1749    34.1815    27.1741    1473.51    1473.51     3.6105  1029.8370    34.3441 0.0000e+00
      40280 295.224459  -42.17256  -52.94136     -0.882    1475.52    573.000    567.711     3.6508     3.6500    -0.0008     3.6112     3.6104    -0.0008   3.181563   3.181563  -0.000004    34.1810    34.1818     5.3789    27.1737    27.1744    34.1813    27.1739    1473.50    1473.49     3.6111  1029.8321    34.3439 0.0000e+00
      40301 295.224470  -42.17254  -52.94136     -1.032    1475.52    572.000    566.722     3.6520     3.6514    -0.0006     3.6125     3.6119    -0.0006   3.181540   3.181564   0.000026    34.1801    34.1810     5.3830    27.1728    27.1736    34.1802    27.1729    1473.48    1473.48     3.6124  1029.8266    34.3429 0.0000e+00
      40322 295.224480  -42.17254  -52.94136     -1.141    1475.52    571.000    565.732     3.6527     3.6520    -0.0007     3.6132     3.6125    -0.0007   3.181490   3.181511   0.000015    34.1794    34.1802     5.3876    27.1722    27.1729    34.1795    27.1723    1473.47    1473.47     3.6131  1029.8213    34.3422 0.0000e+00
      40347 295.224492  -42.17254  -52.94136     -1.070    1475.52    570.000    564.743     3.6533     3.6528    -0.0004     3.6139     3.6134    -0.0004   3.181421   3.181468   0.000048    34.1784    34.1794     5.3956    27.1713    27.1722    34.1786    27.1715    1473.45    1473.45     3.6137  1029.8159    34.3412 0.0000e+00
      40393 295.224514  -42.17252  -52.94136     -0.537    1475.52    569.000    563.754     3.6545     3.6536    -0.0009     3.6152     3.6143    -0.0009   3.181393   3.181422   0.000029    34.1773    34.1785     5.4097    27.1703    27.1714    34.1775    27.1705    1473.44    1473.44     3.6151  1029.8100    34.3398 0.0000e+00
      40433 295.224533 -9.990e-29  -52.94134     -0.526    1475.52    568.000    562.764     3.6559     3.6555    -0.0004     3.6167     3.6162    -0.0004   3.181450   3.181472   0.000018    34.1768    34.1775     5.4243    27.1698    27.1704    34.1772    27.1701    1473.43    1473.43     3.6166  1029.8043    34.3386 0.0000e+00
      40451 295.224542 -9.990e-29  -52.94134     -0.932    1475.52    567.000    561.774     3.6595     3.6598     0.0003     3.6203     3.6206     0.0003   3.181592   3.181645   0.000051    34.1753    34.1755     5.4187    27.1682    27.1684    34.1757    27.1685    1473.43    1473.43     3.6202  1029.7981    34.3372 0.0000e+00
      40464 295.224548 -9.990e-29  -52.94134     -1.314    1475.52    566.000    560.785     3.6613     3.6624     0.0011     3.6222     3.6233     0.0011   3.181648   3.181773   0.000112    34.1746    34.1748     5.4179    27.1675    27.1675    34.1749    27.1678    1473.42    1473.42     3.6221  1029.7928    34.3364 0.0000e+00
      40478 295.224555 -9.990e-29  -52.94134     -1.615    1475.52    565.000    559.796     3.6640     3.6652     0.0012     3.6249     3.6261     0.0012   3.181841   3.181972   0.000125    34.1741    34.1743     5.4219    27.1668    27.1669    34.1750    27.1676    1473.41    1473.42     3.6248  1029.7879    34.3365 0.0000e+00
      40492 295.224562 -9.990e-29  -52.94134     -1.747    1475.52    564.000    558.806     3.6694     3.6709     0.0015     3.6304     3.6319     0.0015   3.182156   3.182320   0.000188    34.1729    34.1736     5.4216    27.1654    27.1657    34.1736    27.1659    1473.42    1473.42     3.6303  1029.7816    34.3351 0.0000e+00
      40510 295.224570  -42.17250  -52.94134     -1.592    1475.52    563.000    557.817     3.6739     3.6769     0.0030     3.6350     3.6379     0.0030   3.182509   3.182830   0.000311    34.1725    34.1731     5.4225    27.1646    27.1647    34.1736    27.1654    1473.42    1473.43     3.6349  1029.7771    34.3360 0.0000e+00
      40574 295.224601  -42.17248  -52.94132     -0.504    1475.52    562.000    556.821     3.6849     3.6813    -0.0036     3.6459     3.6424    -0.0036   3.183289   3.183042  -0.000245    34.1719    34.1727     5.4466    27.1630    27.1640    34.1720    27.1631    1473.45    1473.43     3.6458  1029.7702    34.3346 0.0000e+00
      40631 295.224629  -42.17248  -52.94132     -0.552    1475.52    561.000    555.838     3.6896     3.6910     0.0014     3.6507     3.6521     0.0014   3.183816   3.183977   0.000156    34.1722    34.1725     5.4605    27.1628    27.1629    34.1739    27.1642    1473.45    1473.46     3.6506  1029.7666    34.3365 0.0000e+00
      40647 295.224636  -42.17248  -52.94132     -1.020    1475.52    560.000    554.848     3.6998     3.7013     0.0016     3.6609     3.6624     0.0016   3.184556   3.184732   0.000175    34.1713    34.1718     5.4575    27.1611    27.1613    34.1726    27.1621    1473.48    1473.49     3.6608  1029.7598    34.3352 0.0000e+00
      40662 295.224644  -42.17248  -52.94130     -1.328    1475.52    559.000    553.859     3.7035     3.7050     0.0015     3.6647     3.6662     0.0015   3.184815   3.184982   0.000180    34.1710    34.1716     5.4601    27.1605    27.1608    34.1724    27.1615    1473.48    1473.49     3.6646  1029.7545    34.3350 0.0000e+00
      40676 295.224650  -42.17248  -52.94130     -1.546    1475.52    558.000    552.869     3.7059     3.7061     0.0002     3.6672     3.6674     0.0002   3.184941   3.185016   0.000060    34.1710    34.1715     5.4634    27.1601    27.1606    34.1718    27.1609    1473.47    1473.47     3.6671  1029.7492    34.3344 0.0000e+00
      40690 295.224657  -42.17248  -52.94130     -1.684    1475.52    557.000    551.880     3.7072     3.7080     0.0007     3.6686     3.6693     0.0007   3.185029   3.185120   0.000102    34.1710    34.1714     5.4608    27.1600    27.1603    34.1721    27.1609    1473.46    1473.46     3.6684  1029.7446    34.3346 0.0000e+00
      40704 295.224664  -42.17248  -52.94130     -1.728    1475.52    556.000    550.891     3.7086     3.7090     0.0004     3.6700     3.6704     0.0004   3.185108   3.185193   0.000079    34.1710    34.1716     5.4595    27.1599    27.1604    34.1721    27.1608    1473.45    1473.45     3.6699  1029.7398    34.3346 0.0000e+00
      40720 295.224672  -42.17247  -52.94130     -1.672    1475.52    555.000    549.901     3.7103     3.7108     0.0006     3.6717     3.6723     0.0006   3.185201   3.185292   0.000092    34.1711    34.1716     5.4622    27.1598    27.1601    34.1720    27.1605    1473.44    1473.44     3.6716  1029.7350    34.3345 0.0000e+00
      40738 295.224680  -42.17246  -52.94130     -1.512    1475.52    554.000    548.912     3.7109     3.7113     0.0003     3.6725     3.6728     0.0003   3.185213   3.185278   0.000059    34.1712    34.1715     5.4665    27.1598    27.1600    34.1719    27.1604    1473.43    1473.43     3.6724  1029.7303    34.3345 0.0000e+00
      40767 295.224694  -42.17244  -52.94128     -1.052    1475.52    553.000    547.929     3.7133     3.7096    -0.0037     3.6749     3.6712    -0.0037   3.185373   3.185075  -0.000277    34.1712    34.1717     5.4684    27.1596    27.1604    34.1719    27.1602    1473.42    1473.40     3.6748  1029.7254    34.3345 0.0000e+00
      40860 295.224739  -42.17241  -52.94128      0.022    1475.52    552.000    546.925     3.7192     3.7188    -0.0004     3.6809     3.6805    -0.0004   3.185840   3.185833  -0.000009    34.1712    34.1715     5.4726    27.1590    27.1593    34.1718    27.1595    1473.43    1473.43     3.6808  1029.7200    34.3344 0.0000e+00
      40879 295.224748  -42.17242  -52.94126     -0.692    1475.52    551.000    545.943     3.7211     3.7215     0.0004     3.6828     3.6832     0.0004   3.185962   3.186057   0.000093    34.1711    34.1718     5.4727    27.1587    27.1592    34.1718    27.1593    1473.42    1473.42     3.6827  1029.7152    34.3344 0.0000e+00
      40894 295.224755  -42.17243  -52.94126     -1.133    1475.52    550.000    544.953     3.7227     3.7234     0.0006     3.6845     3.6851     0.0006   3.186067   3.186156   0.000081    34.1711    34.1714     5.4695    27.1586    27.1588    34.1719    27.1592    1473.41    1473.41     3.6844  1029.7104    34.3344 0.0000e+00
      40907 295.224762  -42.17244  -52.94126     -1.490    1475.52    549.000    543.964     3.7250     3.7256     0.0006     3.6869     3.6874     0.0006   3.186228   3.186301   0.000069    34.1711    34.1713     5.4646    27.1583    27.1585    34.1719    27.1590    1473.40    1473.41     3.6868  1029.7055    34.3343 0.0000e+00
      40920 295.224768  -42.17242 -9.990e-29     -1.737    1475.52    548.000    542.974     3.7279     3.7282     0.0002     3.6898     3.6901     0.0002   3.186422   3.186491   0.000071    34.1708    34.1713     5.4626    27.1578    27.1582    34.1718    27.1586    1473.40    1473.40     3.6897  1029.7004    34.3342 0.0000e+00
      40934 295.224775  -42.17242 -9.990e-29     -1.816    1475.52    547.000    541.985     3.7311     3.7308    -0.0003     3.6930     3.6927    -0.0003   3.186636   3.186644  -0.000001    34.1707    34.1710     5.4542    27.1574    27.1577    34.1715    27.1581    1473.40    1473.39     3.6930  1029.6952    34.3339 0.0000e+00
      40955 295.224785  -42.17241 -9.990e-29     -1.511    1475.52    546.000    541.006     3.7314     3.7294    -0.0020     3.6934     3.6914    -0.0020   3.186590   3.186449  -0.000126    34.1707    34.1713     5.4474    27.1574    27.1580    34.1712    27.1578    1473.38    1473.37     3.6933  1029.6903    34.3336 0.0000e+00
      41036 295.224824  -42.17239  -52.94124     -0.088    1475.52    545.000    539.969     3.7373     3.7376     0.0003     3.6994     3.6997     0.0003   3.186986   3.187083   0.000059    34.1701    34.1705     5.4647    27.1563    27.1566    34.1702    27.1564    1473.39    1473.39     3.6993  1029.6843    34.3327 0.0000e+00
      41056 295.224834  -42.17238  -52.94124     -0.766    1475.52    544.000    539.017     3.7341     3.7370     0.0029     3.6963     3.6992     0.0029   3.186778   3.187004   0.000233    34.1706    34.1704     5.4699    27.1570    27.1566    34.1716    27.1578    1473.36    1473.37     3.6962  1029.6812    34.3341 0.0000e+00
      41070 295.224840  -42.17238  -52.94124     -1.278    1475.52    543.000    538.026     3.7391     3.7392     0.0002     3.7013     3.7014     0.0002   3.186998   3.187038   0.000040    34.1692    34.1695     5.4669    27.1554    27.1557    34.1696    27.1557    1473.36    1473.36     3.7012  1029.6744    34.3321 0.0000e+00
      41084 295.224847  -42.17238  -52.94124     -1.586    1475.52    542.000    537.037     3.7401     3.7401    -0.0000     3.7024     3.7023    -0.0000   3.187028   3.187044   0.000022    34.1687    34.1690     5.4668    27.1549    27.1551    34.1694    27.1555    1473.35    1473.35     3.7023  1029.6696    34.3320 0.0000e+00
      41102 295.224856  -42.17238  -52.94123     -1.594    1475.52    541.000    536.048     3.7427     3.7416    -0.0010     3.7050     3.7040    -0.0010   3.187172   3.187124  -0.000046    34.1684    34.1689     5.4678    27.1544    27.1549    34.1689    27.1548    1473.34    1473.34     3.7050  1029.6639    34.3310 0.0000e+00
      41164 295.224886  -42.17236  -52.94122     -0.610    1475.52    540.000    535.027     3.7475     3.7460    -0.0015     3.7099     3.7084    -0.0015   3.187541   3.187471  -0.000081    34.1685    34.1691     5.4819    27.1540    27.1546    34.1688    27.1542    1473.35    1473.34     3.7098  1029.6582    34.3303 0.0000e+00
      41215 295.224910  -42.17236  -52.94122     -0.684    1475.52    539.000    534.068     3.7464     3.7491     0.0026     3.7089     3.7115     0.0026   3.187468   3.187721   0.000228    34.1691    34.1691     5.4940    27.1546    27.1543    34.1696    27.1550    1473.32    1473.34     3.7088  1029.6551    34.3321 0.0000e+00
      41230 295.224918  -42.17236  -52.94122     -1.174    1475.52    538.000    533.079     3.7549     3.7567     0.0018     3.7174     3.7192     0.0017   3.188163   3.188333   0.000210    34.1683    34.1690     5.4924    27.1531    27.1534    34.1696    27.1541    1473.34    1473.35     3.7173  1029.6495    34.3321 0.0000e+00
      41243 295.224924  -42.17236  -52.94122     -1.512    1475.52    537.000    532.089     3.7559     3.7556    -0.0003     3.7186     3.7182    -0.0003   3.188041   3.188030  -0.000016    34.1674    34.1675     5.4928    27.1522    27.1524    34.1676    27.1524    1473.33    1473.33     3.7184  1029.6432    34.3301 0.0000e+00
