Pos-Processados/process_op41/operantar41_015.ros
* Sea-Bird SBE 9 Data File:
* FileName = C:\Users\Dell\Desktop\OperantarXLI\config\OP41015.hdr
* Software Version Seasave V 7.26.7.110
* Temperature SN = 6497
* Conductivity SN = 4954
* Number of Bytes Per Scan = 31
* Number of Voltage Words = 2
* Number of Scans Averaged by the Deck Unit = 1
* NMEA Latitude = 62 08.82 S
* NMEA Longitude = 058 24.51 W
* NMEA UTC (Time) = Nov 09 2022 12:07:14
* NMEA baud rate = 4800
** H41
** Navio Polar Almirante Maximiano
** LH-021/2022
** Operantar XLI
** Número da Estação 0015
** Latitude 62 8,825 S
** Longitude 58 24,511 W
** Data/Hora (Z) 09/11/22 1207Z
** Profundidade local 450
** 09-1439
** Nome do Operador CT GARLA
# nquan = 24
# nvalues = 1006                                  
# units = specified
# name 0 = scan: Scan Count
# name 1 = timeJ: Julian Days
# name 2 = latitude: Latitude [deg]
# name 3 = longitude: Longitude [deg]
# name 4 = dz/dtM: Descent Rate [m/s]
# name 5 = avgsvCM: Average Sound Velocity [Chen-Millero, m/s]
# name 6 = prDM: Pressure, Digiquartz [db]
# name 7 = depSM: Depth [salt water, m]
# name 8 = t090C: Temperature [ITS-90, deg C]
# name 9 = t190C: Temperature, 2 [ITS-90, deg C]
# name 10 = T2-T190C: Temperature Difference, 2 - 1 [ITS-90, deg C]
# name 11 = potemp090C: Potential Temperature [ITS-90, deg C]
# name 12 = potemp190C: Potential Temperature, 2 [ITS-90, deg C]
# name 13 = potemp90Cdiff: Potential Temperature, Diff, 2 - 1 [ITS-90, deg C]
# name 14 = c0S/m: Conductivity [S/m]
# name 15 = c1S/m: Conductivity, 2 [S/m]
# name 16 = C2-C1S/m: Conductivity Difference, 2 - 1 [S/m]
# name 17 = sal00: Salinity, Practical [PSU]
# name 18 = sal11: Salinity, Practical, 2 [PSU]
# name 19 = sbeox0ML/L: Oxygen, SBE 43 [ml/l]
# name 20 = sigma-é00: Density [sigma-theta, kg/m^3]
# name 21 = sigma-é11: Density, 2 [sigma-theta, kg/m^3]
# name 22 = nbf: Bottles Fired
# name 23 = flag:  0.000e+00
# interval = seconds: 0.0416667
# start_time = Nov 09 2022 12:07:14 [NMEA time, header]
# bad_flag = -9.990e-29
*END*
[from data line 182]
      28644 313.518836  -62.14728  -58.40822      0.059    1450.84      0.935      0.926    -0.1064    -0.1078    -0.0013    -0.1065    -0.1078    -0.0013   2.833933   2.833972   0.000039    34.1927    34.1947     7.4703    27.4599    27.4616          3  0.000e+00
      28645 313.518837  -62.14728  -58.40822      0.062    1450.84      0.919      0.910    -0.1066    -0.1079    -0.0013    -0.1067    -0.1079    -0.0013   2.833955   2.833966   0.000011    34.1932    34.1948     7.4700    27.4603    27.4616          3  0.000e+00
      28646 313.518837  -62.14728  -58.40822      0.068    1450.84      0.935      0.926    -0.1067    -0.1079    -0.0011    -0.1068    -0.1079    -0.0011   2.833972   2.833926  -0.000046    34.1936    34.1942     7.4697    27.4606    27.4612          3  0.000e+00
      28647 313.518838  -62.14728  -58.40822      0.071    1450.84      0.878      0.870    -0.1066    -0.1080    -0.0014    -0.1066    -0.1081    -0.0014   2.833933   2.833966   0.000033    34.1929    34.1950     7.4694    27.4601    27.4618          3  0.000e+00
      28648 313.518838  -62.14728  -58.40822      0.077    1450.84      0.991      0.982    -0.1069    -0.1080    -0.0011    -0.1069    -0.1081    -0.0011   2.833938   2.833972   0.000033    34.1933    34.1950     7.4703    27.4604    27.4618          3  0.000e+00
      28649 313.518839  -62.14728  -58.40822      0.079    1450.84      0.878      0.870    -0.1073    -0.1079    -0.0006    -0.1074    -0.1079    -0.0006   2.833882   2.833983   0.000101    34.1930    34.1950     7.4700    27.4602    27.4618          3  0.000e+00
      28650 313.518839  -62.14728  -58.40822      0.087    1450.84      0.991      0.982    -0.1074    -0.1076    -0.0002    -0.1074    -0.1076    -0.0002   2.833899   2.833989   0.000090    34.1933    34.1947     7.4699    27.4604    27.4616          3  0.000e+00
      28651 313.518840  -62.14728  -58.40822      0.088    1450.84      0.935      0.926    -0.1077    -0.1077     0.0000    -0.1077    -0.1077     0.0000   2.833899   2.833989   0.000090    34.1936    34.1948     7.4696    27.4607    27.4617          3  0.000e+00
      28652 313.518840  -62.14728  -58.40822      0.093    1450.84      0.935      0.926    -0.1074    -0.1078    -0.0004    -0.1074    -0.1078    -0.0004   2.833871   2.833926   0.000055    34.1929    34.1941     7.4694    27.4601    27.4611          3  0.000e+00
      28653 313.518841  -62.14728  -58.40822      0.093    1450.84      0.935      0.926    -0.1075    -0.1079    -0.0004    -0.1075    -0.1079    -0.0004   2.833882   2.833909   0.000027    34.1932    34.1940     7.4691    27.4604    27.4610          3  0.000e+00
      28654 313.518841  -62.14728  -58.40822      0.097    1450.84      0.935      0.926    -0.1076    -0.1080    -0.0005    -0.1076    -0.1081    -0.0005   2.833888   2.833932   0.000044    34.1933    34.1945     7.4689    27.4605    27.4614          3  0.000e+00
      28655 313.518842  -62.14728  -58.40822      0.097    1450.84      0.935      0.926    -0.1077    -0.1078    -0.0001    -0.1077    -0.1078    -0.0001   2.833888   2.833954   0.000067    34.1935    34.1945     7.4687    27.4606    27.4614          3  0.000e+00
      28656 313.518842  -62.14728  -58.40822      0.106    1450.84      1.039      1.029    -0.1073    -0.1082    -0.0009    -0.1074    -0.1083    -0.0009   2.833910   2.833943   0.000033    34.1933    34.1948     7.4684    27.4605    27.4617          3  0.000e+00
      28657 313.518843  -62.14728  -58.40822      0.105    1450.84      0.935      0.926    -0.1066    -0.1079    -0.0013    -0.1067    -0.1079    -0.0013   2.833978   2.833954  -0.000023    34.1935    34.1946     7.4679    27.4606    27.4615          4  0.000e+00
      28658 313.518843  -62.14728  -58.40822      0.103    1450.84      0.935      0.926    -0.1063    -0.1079    -0.0016    -0.1063    -0.1079    -0.0016   2.834034   2.833943  -0.000091    34.1939    34.1944     7.4676    27.4608    27.4614          4  0.000e+00
      28659 313.518844  -62.14728  -58.40822      0.105    1450.84      0.935      0.926    -0.1059    -0.1082    -0.0024    -0.1059    -0.1082    -0.0024   2.834051   2.833937  -0.000114    34.1936    34.1947     7.4735    27.4606    27.4616          4  0.000e+00
      28660 313.518844  -62.14728  -58.40822      0.106    1450.84      0.991      0.982    -0.1052    -0.1080    -0.0029    -0.1052    -0.1081    -0.0029   2.834068   2.833937  -0.000131    34.1930    34.1945     7.4679    27.4601    27.4615          4  0.000e+00
      28661 313.518845  -62.14728  -58.40822      0.103    1450.84      0.878      0.870    -0.1039    -0.1082    -0.0043    -0.1040    -0.1082    -0.0043   2.834136   2.833937  -0.000199    34.1926    34.1948     7.4672    27.4597    27.4617          4  0.000e+00
      28662 313.518845  -62.14728  -58.40822      0.100    1450.84      0.935      0.926    -0.1029    -0.1080    -0.0051    -0.1030    -0.1081    -0.0051   2.834198   2.833937  -0.000261    34.1923    34.1946     7.4668    27.4594    27.4615          4  0.000e+00
      28663 313.518845  -62.14728  -58.40822      0.103    1450.84      0.991      0.982    -0.1016    -0.1082    -0.0066    -0.1017    -0.1083    -0.0066   2.834249   2.833937  -0.000311    34.1915    34.1947     7.4663    27.4587    27.4616          4  0.000e+00
      28664 313.518846  -62.14728  -58.40822      0.099    1450.84      0.935      0.926    -0.1013    -0.1080    -0.0068    -0.1013    -0.1081    -0.0068   2.834305   2.833897  -0.000408    34.1919    34.1940     7.4669    27.4590    27.4611          4  0.000e+00
      28665 313.518846  -62.14728  -58.40822      0.098    1450.84      0.935      0.926    -0.1027    -0.1080    -0.0054    -0.1027    -0.1081    -0.0054   2.834254   2.833903  -0.000352    34.1928    34.1941     7.4669    27.4598    27.4611          4  0.000e+00
      28666 313.518847  -62.14728  -58.40822      0.097    1450.84      0.935      0.926    -0.1049    -0.1079    -0.0030    -0.1050    -0.1079    -0.0030   2.834237   2.833909  -0.000329    34.1950    34.1940     7.4670    27.4617    27.4610          4  0.000e+00
      28667 313.518847  -62.14728  -58.40822      0.092    1450.84      0.935      0.926    -0.1064    -0.1079    -0.0014    -0.1065    -0.1079    -0.0014   2.834198   2.833926  -0.000272    34.1962    34.1942     7.4671    27.4628    27.4612          4  0.000e+00
      28668 313.518848  -62.14728  -58.40822      0.093    1450.84      0.983      0.974    -0.1072    -0.1077    -0.0004    -0.1072    -0.1077    -0.0004   2.834181   2.833972  -0.000209    34.1968    34.1945     7.4670    27.4633    27.4615          4  0.000e+00
      28669 313.518848  -62.14728  -58.40822      0.087    1450.84      0.935      0.926    -0.1077    -0.1065     0.0012    -0.1078    -0.1066     0.0012   2.834164   2.834092  -0.000072    34.1972    34.1949     7.4668    27.4636    27.4617          4  0.000e+00
      28670 313.518849  -62.14728  -58.40822      0.085    1450.84      0.935      0.926    -0.1072    -0.1056     0.0016    -0.1072    -0.1056     0.0016   2.834158   2.834161   0.000002    34.1966    34.1947     7.4665    27.4631    27.4615          4  0.000e+00
      28671 313.518849  -62.14728  -58.40822      0.082    1450.84      0.935      0.926    -0.1068    -0.1054     0.0014    -0.1068    -0.1054     0.0014   2.834119   2.834138   0.000019    34.1956    34.1942     7.4672    27.4622    27.4611          4  0.000e+00
      28672 313.518850  -62.14728  -58.40822      0.081    1450.84      0.935      0.926    -0.1055    -0.1056    -0.0000    -0.1055    -0.1056    -0.0000   2.834079   2.834080   0.000001    34.1936    34.1937     7.4668    27.4606    27.4606          4  0.000e+00
      28673 313.518850  -62.14728  -58.40822      0.071    1450.84      0.878      0.870    -0.1050    -0.1057    -0.0007    -0.1051    -0.1058    -0.0007   2.834074   2.834086   0.000012    34.1930    34.1940     7.4665    27.4601    27.4609          4  0.000e+00
      28674 313.518851  -62.14728  -58.40822      0.067    1450.84      0.935      0.926    -0.1045    -0.1059    -0.0014    -0.1045    -0.1059    -0.0014   2.834079   2.834080   0.000001    34.1925    34.1941     7.4725    27.4596    27.4610          4  0.000e+00
      28675 313.518851  -62.14728  -58.40822      0.060    1450.84      0.878      0.870    -0.1046    -0.1037     0.0009    -0.1046    -0.1037     0.0009   2.834079   2.834172   0.000093    34.1926    34.1928     7.4743    27.4597    27.4599          4  0.000e+00
      28676 313.518852  -62.14728  -58.40822      0.056    1450.84      0.935      0.926    -0.1046    -0.1023     0.0024    -0.1047    -0.1023     0.0024   2.834096   2.834224   0.000127    34.1928    34.1919     7.4688    27.4599    27.4590          4  0.000e+00
      28677 313.518852  -62.14728  -58.40822      0.051    1450.84      0.935      0.926    -0.1046    -0.1039     0.0007    -0.1046    -0.1039     0.0007   2.834062   2.834149   0.000087    34.1923    34.1927     7.4696    27.4595    27.4598          4  0.000e+00
      28678 313.518853  -62.14728  -58.40822      0.043    1450.84      0.935      0.926    -0.1046    -0.1054    -0.0008    -0.1047    -0.1054    -0.0008   2.834012   2.834126   0.000115    34.1917    34.1941     7.4704    27.4590    27.4610          4  0.000e+00
      28679 313.518853  -62.14728  -58.40822      0.041    1450.84      0.919      0.910    -0.1049    -0.1060    -0.0011    -0.1049    -0.1060    -0.0011   2.834000   2.834063   0.000063    34.1918    34.1940     7.4703    27.4591    27.4609          4  0.000e+00
      28680 313.518854  -62.14728  -58.40822      0.032    1450.84      0.878      0.870    -0.1056    -0.1060    -0.0004    -0.1057    -0.1060    -0.0004   2.834017   2.834046   0.000029    34.1929    34.1938     7.4702    27.4601    27.4607          4  0.000e+00
      28681 313.518854  -62.14728  -58.40822      0.026    1450.84      0.935      0.926    -0.1059    -0.1063    -0.0005    -0.1059    -0.1064    -0.0005   2.834023   2.834046   0.000023    34.1932    34.1941     7.4701    27.4603    27.4610          4  0.000e+00
      28682 313.518855  -62.14728  -58.40822      0.021    1450.84      0.935      0.926    -0.1060    -0.1040     0.0019    -0.1060    -0.1041     0.0019   2.834006   2.834143   0.000137    34.1931    34.1928     7.4700    27.4602    27.4599          4  0.000e+00
      28683 313.518855  -62.14728  -58.40822      0.014    1450.84      0.878      0.870    -0.1059    -0.0978     0.0081    -0.1059    -0.0978     0.0081   2.834034   2.834258   0.000224    34.1934    34.1874     7.4770    27.4605    27.4552          4  0.000e+00
      28684 313.518856  -62.14728  -58.40822      0.012    1450.84      0.935      0.926    -0.1061    -0.0981     0.0080    -0.1061    -0.0981     0.0080   2.834051   2.834287   0.000235    34.1939    34.1880     7.4717    27.4608    27.4557          4  0.000e+00
      28685 313.518856  -62.14728  -58.40822      0.006    1450.84      0.935      0.926    -0.1061    -0.1012     0.0049    -0.1061    -0.1012     0.0049   2.834029   2.834224   0.000195    34.1936    34.1907     7.4715    27.4606    27.4580          4  0.000e+00
      28686 313.518857  -62.14728  -58.40822     -0.000    1450.84      0.878      0.870    -0.1063    -0.1032     0.0031    -0.1064    -0.1033     0.0031   2.834006   2.834121   0.000114    34.1936    34.1916     7.4714    27.4606    27.4589          4  0.000e+00
      28687 313.518857  -62.14728  -58.40822      0.000    1450.84      0.991      0.982    -0.1061    -0.1045     0.0016    -0.1061    -0.1045     0.0016   2.834017   2.834075   0.000057    34.1934    34.1924     7.4713    27.4605    27.4595          4  0.000e+00
      28688 313.518858  -62.14728  -58.40822     -0.006    1450.84      0.878      0.870    -0.1063    -0.1054     0.0009    -0.1064    -0.1054     0.0009   2.834046   2.834069   0.000023    34.1941    34.1934     7.4710    27.4610    27.4604          4  0.000e+00
      28689 313.518858  -62.14728  -58.40822     -0.009    1450.84      0.935      0.926    -0.1060    -0.1056     0.0004    -0.1060    -0.1056     0.0004   2.834068   2.834092   0.000024    34.1940    34.1939     7.4708    27.4609    27.4608          4  0.000e+00
      28690 313.518859  -62.14728  -58.40822     -0.009    1450.84      0.919      0.910    -0.1051    -0.1063    -0.0013    -0.1051    -0.1064    -0.0013   2.834074   2.834115   0.000041    34.1931    34.1950     7.4705    27.4601    27.4618          4  0.000e+00
      28691 313.518859  -62.14728  -58.40822     -0.016    1450.84      0.878      0.870    -0.1049    -0.1063    -0.0015    -0.1049    -0.1064    -0.0015   2.834057   2.834143   0.000087    34.1926    34.1954     7.4765    27.4598    27.4621          4  0.000e+00
      28692 313.518859  -62.14728  -58.40822     -0.015    1450.84      0.935      0.926    -0.1047    -0.1060    -0.0013    -0.1048    -0.1060    -0.0013   2.834051   2.834109   0.000058    34.1924    34.1946     7.4774    27.4596    27.4614          4  0.000e+00
      28693 313.518860  -62.14728  -58.40822     -0.015    1450.84      0.935      0.926    -0.1049    -0.1062    -0.0013    -0.1050    -0.1062    -0.0013   2.834091   2.834075  -0.000016    34.1931    34.1943     7.4781    27.4601    27.4612          4  0.000e+00
      28694 313.518860  -62.14728  -58.40822     -0.015    1450.84      0.935      0.926    -0.1049    -0.1060    -0.0011    -0.1049    -0.1060    -0.0011   2.834102   2.834069  -0.000033    34.1932    34.1940     7.4788    27.4602    27.4610          4  0.000e+00
      28695 313.518861  -62.14728  -58.40822     -0.015    1450.84      0.935      0.926    -0.1048    -0.1062    -0.0014    -0.1048    -0.1062    -0.0014   2.834085   2.834052  -0.000033    34.1929    34.1940     7.4731    27.4600    27.4609          4  0.000e+00
      28696 313.518861  -62.14728  -58.40822     -0.018    1450.84      0.935      0.926    -0.1047    -0.1060    -0.0013    -0.1048    -0.1060    -0.0013   2.834096   2.834103   0.000007    34.1930    34.1945     7.4791    27.4600    27.4613          4  0.000e+00
      28697 313.518862  -62.14728  -58.40822     -0.014    1450.84      0.935      0.926    -0.1046    -0.1059    -0.0013    -0.1047    -0.1059    -0.0013   2.834108   2.834143   0.000036    34.1930    34.1949     7.4797    27.4601    27.4616          4  0.000e+00
      28698 313.518862  -62.14728  -58.40822     -0.017    1450.84      0.935      0.926    -0.1046    -0.1056    -0.0010    -0.1046    -0.1056    -0.0010   2.834125   2.834149   0.000025    34.1931    34.1946     7.4802    27.4602    27.4614          4  0.000e+00
      28699 313.518863  -62.14728  -58.40822     -0.014    1450.84      0.935      0.926    -0.1046    -0.1054    -0.0008    -0.1046    -0.1054    -0.0008   2.834147   2.834166   0.000019    34.1934    34.1946     7.4807    27.4604    27.4614          4  0.000e+00
      28700 313.518863  -62.14728  -58.40822     -0.013    1450.84      0.935      0.926    -0.1043    -0.1053    -0.0009    -0.1044    -0.1053    -0.0009   2.834136   2.834138   0.000002    34.1930    34.1941     7.4812    27.4601    27.4610          4  0.000e+00
      28701 313.518864  -62.14728  -58.40822     -0.014    1450.84      0.919      0.910    -0.1046    -0.1048    -0.0002    -0.1046    -0.1048    -0.0002   2.834136   2.834143   0.000008    34.1933    34.1936     7.4817    27.4603    27.4606          4  0.000e+00
      28702 313.518864  -62.14728  -58.40822     -0.013    1450.84      0.935      0.926    -0.1043    -0.1048    -0.0004    -0.1044    -0.1048    -0.0004   2.834170   2.834132  -0.000038    34.1935    34.1935     7.4758    27.4604    27.4604          4  0.000e+00
