Pos-Processados/process_op41/operantar41_005.cnv
* Sea-Bird SBE 9 Data File:
* FileName = C:\Users\Dell\Desktop\Operantar XLI\Raw\OP41005.hdr
* Software Version Seasave V 7.26.7.110
* Temperature SN = 6497
* Conductivity SN = 4954
* Number of Bytes Per Scan = 31
* Number of Voltage Words = 2
* Number of Scans Averaged by the Deck Unit = 1
* NMEA Latitude = 38 39.38 S
* NMEA Longitude = 048 59.66 W
* NMEA UTC (Time) = Oct 18 2022 16:26:34
* NMEA baud rate = 4800
** H41
** Navio Polar Almirante Maximiano
** LH-021/2022
** Operantar XLI
** Número da Estação 005
** Latitude 38 39,4'S
** Longitude 048 59,6'W
** Data/Hora (Z) 18/10/2022 16:26Z
** Profundidade local 5340m
** 09-1439
** Nome do Operador CT Garla
# nquan = 30
# nvalues = 10036                       
# units = specified
# name 0 = scan: Scan Count
# name 1 = timeJ: Julian Days
# name 2 = latitude: Latitude [deg]
# name 3 = longitude: Longitude [deg]
# name 4 = dz/dtM: Descent Rate [m/s]
# name 5 = avgsvCM: Average Sound Velocity [Chen-Millero, m/s]
# name 6 = prDM: Pressure, Digiquartz [db]
# name 7 = depSM: Depth [salt water, m]
# name 8 = t090C: Temperature [ITS-90, deg C]
# name 9 = t190C: Temperature, 2 [ITS-90, deg C]
# name 10 = T2-T190C: Temperature Difference, 2 - 1 [ITS-90, deg C]
# name 11 = potemp090C: Potential Temperature [ITS-90, deg C]
# name 12 = potemp190C: Potential Temperature, 2 [ITS-90, deg C]
# name 13 = potemp90Cdiff: Potential Temperature, Diff, 2 - 1 [ITS-90, deg C]
# name 14 = c0S/m: Conductivity [S/m]
# name 15 = c1S/m: Conductivity, 2 [S/m]
# name 16 = C2-C1S/m: Conductivity Difference, 2 - 1 [S/m]
# name 17 = sal00: Salinity, Practical [PSU]
# name 18 = sal11: Salinity, Practical, 2 [PSU]
# name 19 = sbeox0ML/L: Oxygen, SBE 43 [ml/l]
# name 20 = sigma-é00: Density [sigma-theta, kg/m^3]
# name 21 = sigma-é11: Density, 2 [sigma-theta, kg/m^3]
# name 22 = sal00: Salinity, Practical [PSU]
# name 23 = sigma-é00: Density [sigma-theta, kg/m^3]
# name 24 = svCM: Sound Velocity [Chen-Millero, m/s]
# name 25 = svCM1: Sound Velocity, 2 [Chen-Millero, m/s]
# name 26 = gsw_ptA0: potential temperature [ITS-90, deg C]
# name 27 = gsw_densityA0: density, TEOS-10 [density, kg/m^3]
# name 28 = gsw_saA0: Absolute Salinity [g/kg]
# name 29 = flag:
# span 0 =        489,     285233       
# span 1 = 291.685351, 291.822670       
# span 2 =  -38.65644,  -38.65148       
# span 3 =  -49.03358,  -48.99446       
# span 4 =     -1.833,      1.764       
# span 5 =      -0.01,    1510.79       
# span 6 =      2.000,   5020.000       
# span 7 =      1.980,   4924.323       
# span 8 =     0.3083,    14.8029       
# span 9 =     0.3084,    14.8029       
# span 10 =    -0.2354,     0.1068      
# span 11 =    -0.0867,    14.8020      
# span 12 =    -0.0867,    14.8020      
# span 13 =    -0.2352,     0.1067      
# span 14 =   3.090175,   4.294028      
# span 15 =   3.090141,   4.294007      
# span 16 =  -0.027526,   0.012235      
# span 17 =    34.1439,    35.4762      
# span 18 =    34.1435,    35.4774      
# span 19 =     3.9135,     6.1957      
# span 20 =    26.1657,    27.8430      
# span 21 =    26.1658,    27.8430      
# span 22 =    34.1428,    35.4767      
# span 23 =    26.1665,    27.8430      
# span 24 =    1477.21,    1535.25      
# span 25 =    1477.21,    1535.25      
# span 26 =    -0.0870,    14.8020      
# span 27 =  1026.1880,  1050.4624      
# span 28 =    34.3046,    35.6441      
# span 29 = 0.0000e+00, 0.0000e+00      
# interval = decibars: 1                
# start_time = Oct 18 2022 16:26:34 [NMEA time, header]
# bad_flag = -9.990e-29
*END*
[from data line 9281]
     262824 291.811863  -38.65316  -49.03078     -0.895    1502.27    756.000    748.933     3.9680     3.9683     0.0003     3.9128     3.9131     0.0003   3.219132   3.219158   0.000046    34.2009    34.2012     5.3381    27.1594    27.1596    34.2024    27.1606    1477.87    1477.87     3.9126  1030.6539    34.3651 0.0000e+00
     262845 291.811873  -38.65316  -49.03078     -1.020    1502.27    755.000    747.944     3.9767     3.9768     0.0001     3.9216     3.9216     0.0001   3.220077   3.220171   0.000050    34.2024    34.2029     5.3428    27.1597    27.1601    34.2050    27.1617    1477.90    1477.90     3.9214  1030.6503    34.3677 0.0000e+00
     262862 291.811881  -38.65316  -49.03078     -1.199    1502.27    754.000    746.955     3.9916     3.9935     0.0020     3.9363     3.9383     0.0020   3.221378   3.221585   0.000223    34.2032    34.2037     5.3413    27.1588    27.1590    34.2055    27.1606    1477.94    1477.95     3.9362  1030.6443    34.3682 0.0000e+00
     262878 291.811889  -38.65316  -49.03078     -1.384    1502.27    753.000    745.966     3.9931     3.9946     0.0014     3.9380     3.9394     0.0014   3.221412   3.221560   0.000126    34.2032    34.2032     5.3411    27.1587    27.1585    34.2048    27.1599    1477.93    1477.94     3.9378  1030.6390    34.3675 0.0000e+00
     262894 291.811897  -38.65316  -49.03079     -1.502    1502.27    752.000    744.978     3.9981     4.0013     0.0032     3.9430     3.9462     0.0032   3.221861   3.222152   0.000305    34.2032    34.2035     5.3369    27.1581    27.1580    34.2054    27.1599    1477.94    1477.95     3.9429  1030.6343    34.3681 0.0000e+00
     262910 291.811905  -38.65316  -49.03080     -1.505    1502.27    751.000    743.989     4.0031     4.0073     0.0042     3.9480     3.9522     0.0042   3.222221   3.222690   0.000455    34.2030    34.2040     5.3290    27.1575    27.1578    34.2050    27.1591    1477.94    1477.96     3.9479  1030.6288    34.3677 0.0000e+00
     262931 291.811914  -38.65316  -49.03080     -1.358    1502.27    750.000    743.000     4.0075     4.0089     0.0014     3.9525     3.9539     0.0014   3.222553   3.222710   0.000170    34.2033    34.2039     5.3210    27.1572    27.1575    34.2048    27.1585    1477.94    1477.95     3.9524  1030.6235    34.3675 0.0000e+00
     262958 291.811927  -38.65314  -49.03080     -1.024    1502.27    749.000    742.011     4.0109     4.0108    -0.0001     3.9560     3.9559    -0.0001   3.222838   3.222851   0.000019    34.2037    34.2040     5.3169    27.1572    27.1575    34.2052    27.1584    1477.94    1477.94     3.9558  1030.6188    34.3679 0.0000e+00
     262989 291.811942  -38.65314  -49.03080     -0.775    1502.27    748.000    741.022     4.0103     4.0104     0.0000     3.9555     3.9556     0.0000   3.222694   3.222707   0.000019    34.2038    34.2039     5.3153    27.1573    27.1574    34.2046    27.1580    1477.92    1477.92     3.9554  1030.6138    34.3673 0.0000e+00
     263016 291.811955  -38.65314  -49.03080     -0.842    1502.27    747.000    740.033     4.0081     4.0080    -0.0001     3.9534     3.9532    -0.0001   3.222395   3.222424   0.000015    34.2034    34.2037     5.3186    27.1572    27.1575    34.2039    27.1576    1477.89    1477.89     3.9532  1030.6089    34.3666 0.0000e+00
     263040 291.811967  -38.65314  -49.03080     -0.945    1502.27    746.000    739.044     4.0037     4.0036    -0.0000     3.9490     3.9490    -0.0000   3.221897   3.221841 2.6840e-07    34.2027    34.2027     5.3126    27.1571    27.1571    34.2031    27.1574    1477.86    1477.86     3.9489  1030.6042    34.3658 0.0000e+00
     263065 291.811979  -38.65314  -49.03080     -0.979    1502.27    745.000    738.055     3.9968     3.9972     0.0004     3.9422     3.9426     0.0004   3.221017   3.221140   0.000067    34.2013    34.2016     5.3215    27.1567    27.1570    34.2004    27.1560    1477.81    1477.81     3.9421  1030.5983    34.3631 0.0000e+00
     263089 291.811991  -38.65314  -49.03080     -0.981    1502.27    744.000    737.066     3.9892     3.9896     0.0003     3.9348     3.9352     0.0003   3.220267   3.220280   0.000021    34.2004    34.2002     5.3271    27.1567    27.1566    34.1999    27.1563    1477.76    1477.76     3.9347  1030.5943    34.3625 0.0000e+00
     263109 291.812000  -38.65314  -49.03081     -1.069    1502.27    743.000    736.078     3.9843     3.9859     0.0016     3.9300     3.9316     0.0016   3.219676   3.219872   0.000188    34.1992    34.1997     5.3287    27.1562    27.1565    34.1985    27.1558    1477.72    1477.73     3.9298  1030.5892    34.3612 0.0000e+00
     263128 291.812010  -38.65313  -49.03082     -1.184    1502.27    742.000    735.089     3.9806     3.9821     0.0014     3.9264     3.9279     0.0014   3.219268   3.219404   0.000145    34.1985    34.1987     5.3360    27.1561    27.1561    34.1980    27.1557    1477.69    1477.70     3.9263  1030.5846    34.3607 0.0000e+00
     263147 291.812019  -38.65312  -49.03082     -1.255    1502.27    741.000    734.100     3.9880     3.9942     0.0062     3.9339     3.9400     0.0062   3.220093   3.220814   0.000644    34.1993    34.2005     5.3380    27.1560    27.1563    34.2006    27.1570    1477.71    1477.74     3.9337  1030.5812    34.3633 0.0000e+00
     263169 291.812029  -38.65312  -49.03082     -1.216    1502.27    740.000    733.111     4.0232     4.0224    -0.0007     3.9689     3.9681    -0.0007   3.223591   3.223507   0.000015    34.2012    34.2021     5.3405    27.1539    27.1547    34.2060    27.1577    1477.85    1477.84     3.9687  1030.5766    34.3686 0.0000e+00
     263194 291.812041  -38.65312  -49.03082     -1.029    1502.27    739.000    732.122     4.0420     4.0408    -0.0012     3.9877     3.9865    -0.0012   3.225015   3.225000  -0.000054    34.2020    34.2026     5.3577    27.1526    27.1532    34.2037    27.1540    1477.90    1477.90     3.9876  1030.5679    34.3664 0.0000e+00
     263222 291.812055  -38.65312  -49.03084     -0.876    1502.27    738.000    731.133     4.0472     4.0495     0.0023     3.9930     3.9953     0.0023   3.225492   3.225739   0.000234    34.2026    34.2030     5.3655    27.1525    27.1526    34.2045    27.1540    1477.91    1477.92     3.9928  1030.5633    34.3671 0.0000e+00
     263245 291.812066  -38.65312  -49.03084     -0.953    1502.27    737.000    730.144     4.0562     4.0578     0.0016     4.0020     4.0036     0.0016   3.226413   3.226567   0.000181    34.2035    34.2041     5.3492    27.1524    27.1526    34.2065    27.1547    1477.93    1477.94     4.0018  1030.5592    34.3692 0.0000e+00
     263265 291.812076  -38.65312  -49.03084     -1.101    1502.27    736.000    729.155     4.0677     4.0676    -0.0000     4.0134     4.0134    -0.0000   3.227280   3.227378   0.000080    34.2034    34.2044     5.3410    27.1511    27.1519    34.2053    27.1526    1477.96    1477.97     4.0133  1030.5523    34.3680 0.0000e+00
     263284 291.812085  -38.65312  -49.03084     -1.203    1502.27    735.000    728.166     4.0728     4.0754     0.0026     4.0186     4.0212     0.0026   3.227769   3.228061   0.000293    34.2040    34.2048     5.3428    27.1510    27.1514    34.2063    27.1529    1477.97    1477.98     4.0185  1030.5479    34.3690 0.0000e+00
     263305 291.812095  -38.65312  -49.03084     -1.212    1502.27    734.000    727.177     4.0788     4.0788     0.0001     4.0246     4.0247     0.0001   3.228247   3.228275   0.000042    34.2044    34.2048     5.3389    27.1507    27.1510    34.2063    27.1522    1477.98    1477.98     4.0245  1030.5425    34.3689 0.0000e+00
     263327 291.812106  -38.65312  -49.03084     -1.122    1502.27    733.000    726.188     4.0815     4.0813    -0.0002     4.0274     4.0272    -0.0002   3.228399   3.228450   0.000049    34.2043    34.2050     5.3293    27.1503    27.1510    34.2057    27.1515    1477.97    1477.97     4.0273  1030.5372    34.3684 0.0000e+00
     263352 291.812118  -38.65311  -49.03084     -1.010    1502.27    732.000    725.208     4.0803     4.0801    -0.0002     4.0263     4.0261    -0.0002   3.228141   3.228092  -0.000030    34.2036    34.2034     5.3246    27.1499    27.1498    34.2045    27.1506    1477.95    1477.95     4.0261  1030.5318    34.3672 0.0000e+00
     263377 291.812129  -38.65310  -49.03084     -0.963    1502.27    731.000    724.200     4.0758     4.0758     0.0001     4.0219     4.0220     0.0001   3.227583   3.227629   0.000038    34.2023    34.2026     5.3296    27.1493    27.1496    34.2031    27.1500    1477.91    1477.91     4.0217  1030.5266    34.3657 0.0000e+00
     263399 291.812140  -38.65310  -49.03084     -1.019    1502.27    730.000    723.221     4.0808     4.0818     0.0010     4.0270     4.0280     0.0009   3.228002   3.228123   0.000113    34.2017    34.2020     5.3304    27.1483    27.1485    34.2033    27.1496    1477.92    1477.92     4.0268  1030.5216    34.3659 0.0000e+00
     263421 291.812151  -38.65310  -49.03085     -1.073    1502.27    729.000    722.232     4.0882     4.0921     0.0038     4.0344     4.0382     0.0038   3.228529   3.228878   0.000342    34.2007    34.2008     5.3319    27.1468    27.1464    34.2023    27.1481    1477.93    1477.95     4.0343  1030.5153    34.3650 0.0000e+00
     263446 291.812163  -38.65310  -49.03086     -1.034    1502.27    728.000    721.243     4.0940     4.0945     0.0004     4.0403     4.0407     0.0004   3.228760   3.228809   0.000067    34.1981    34.1985     5.3411    27.1441    27.1444    34.1996    27.1453    1477.93    1477.94     4.0401  1030.5078    34.3622 0.0000e+00
     263471 291.812175  -38.65310  -49.03086     -0.948    1502.27    727.000    720.254     4.1032     4.1037     0.0004     4.0495     4.0500     0.0004   3.229584   3.229656   0.000081    34.1981    34.1986     5.3509    27.1431    27.1435    34.2002    27.1449    1477.96    1477.96     4.0494  1030.5027    34.3629 0.0000e+00
     263493 291.812186  -38.65310  -49.03086     -0.995    1502.27    726.000    719.265     4.1188     4.1117    -0.0071     4.0651     4.0580    -0.0071   3.231050   3.230405  -0.000590    34.1989    34.1993     5.3589    27.1422    27.1433    34.2018    27.1445    1478.01    1477.98     4.0649  1030.4975    34.3645 0.0000e+00
     263512 291.812195  -38.65310  -49.03087     -1.154    1502.27    725.000    718.276     4.1266     4.1241    -0.0025     4.0728     4.0704    -0.0024   3.231633   3.231492  -0.000181    34.1994    34.1998     5.3727    27.1418    27.1424    34.2012    27.1432    1478.02    1478.01     4.0727  1030.4914    34.3639 0.0000e+00
     263529 291.812203  -38.65310  -49.03088     -1.298    1502.27    724.000    717.287     4.1277     4.1277     0.0000     4.0741     4.0741     0.0000   3.231671   3.231708   0.000028    34.1995    34.1997     5.3766    27.1417    27.1419    34.2010    27.1429    1478.01    1478.01     4.0739  1030.4865    34.3636 0.0000e+00
     263548 291.812212  -38.65310  -49.03088     -1.329    1502.27    723.000    716.298     4.1301     4.1304     0.0003     4.0765     4.0768     0.0003   3.231863   3.231917   0.000059    34.1998    34.2001     5.3755    27.1417    27.1419    34.2013    27.1429    1478.01    1478.01     4.0764  1030.4819    34.3640 0.0000e+00
     263571 291.812223  -38.65308  -49.03088     -1.180    1502.27    722.000    715.309     4.1381     4.1363    -0.0018     4.0846     4.0828    -0.0018   3.232656   3.232519  -0.000107    34.2000    34.2006     5.3752    27.1410    27.1417    34.2029    27.1433    1478.02    1478.02     4.0844  1030.4775    34.3655 0.0000e+00
     263599 291.812237  -38.65308  -49.03088     -0.932    1502.27    721.000    714.320     4.1525     4.1510    -0.0015     4.0989     4.0975    -0.0015   3.233816   3.233764  -0.000072    34.2002    34.2009     5.3719    27.1397    27.1404    34.2021    27.1412    1478.07    1478.06     4.0988  1030.4706    34.3647 0.0000e+00
     263625 291.812249  -38.65308  -49.03088     -0.880    1502.27    720.000    713.331     4.1571     4.1590     0.0019     4.1036     4.1055     0.0019   3.234238   3.234440   0.000192    34.2009    34.2011     5.3678    27.1397    27.1398    34.2028    27.1413    1478.07    1478.08     4.1035  1030.4660    34.3654 0.0000e+00
     263647 291.812260  -38.65308  -49.03088     -0.996    1502.27    719.000    712.342     4.1620     4.1628     0.0008     4.1086     4.1094     0.0008   3.234616   3.234734   0.000115    34.2010    34.2015     5.3682    27.1393    27.1396    34.2027    27.1406    1478.07    1478.08     4.1085  1030.4607    34.3653 0.0000e+00
     263667 291.812270  -38.65308  -49.03088     -1.116    1502.27    718.000    711.353     4.1641     4.1643     0.0002     4.1108     4.1109     0.0002   3.234730   3.234773   0.000043    34.2009    34.2012     5.3754    27.1390    27.1393    34.2024    27.1402    1478.06    1478.07     4.1106  1030.4556    34.3650 0.0000e+00
     263687 291.812279  -38.65308  -49.03088     -1.195    1502.27    717.000    710.364     4.1649     4.1657     0.0007     4.1116     4.1124     0.0007   3.234735   3.234831   0.000091    34.2008    34.2012     5.3782    27.1389    27.1390    34.2021    27.1399    1478.05    1478.06     4.1115  1030.4507    34.3647 0.0000e+00
     263707 291.812289  -38.65308  -49.03089     -1.224    1502.27    716.000    709.375     4.1664     4.1665     0.0001     4.1132     4.1133     0.0001   3.234833   3.234868   0.000046    34.2009    34.2013     5.3764    27.1387    27.1391    34.2023    27.1398    1478.04    1478.04     4.1131  1030.4460    34.3648 0.0000e+00
     263729 291.812300  -38.65308  -49.03090     -1.144    1502.27    715.000    708.386     4.1709     4.1703    -0.0006     4.1177     4.1171    -0.0006   3.235210   3.235221   0.000004    34.2008    34.2014     5.3777    27.1382    27.1388    34.2026    27.1396    1478.05    1478.04     4.1176  1030.4412    34.3651 0.0000e+00
     263756 291.812312 -9.990e-29  -49.03090     -0.984    1502.27    714.000    707.397     4.1807     4.1823     0.0016     4.1276     4.1291     0.0016   3.236079   3.236262   0.000194    34.2012    34.2019     5.3768    27.1375    27.1379    34.2031    27.1390    1478.07    1478.08     4.1274  1030.4382    34.3687 0.0000e+00
     263783 291.812325 -9.990e-29  -49.03090     -0.882    1502.27    713.000    706.408     4.1859     4.1861     0.0002     4.1328     4.1330     0.0003   3.236383   3.236440   0.000045    34.2010    34.2012     5.3800    27.1368    27.1370    34.2019    27.1375    1478.07    1478.08     4.1327  1030.4320    34.3675 0.0000e+00
     263807 291.812337 -9.990e-29  -49.03091     -0.937    1502.27    712.000    705.419     4.1814     4.1817     0.0003     4.1284     4.1288     0.0003   3.235791   3.235827   0.000042    34.1995    34.1996     5.3802    27.1361    27.1361    34.2000    27.1365    1478.04    1478.04     4.1283  1030.4265    34.3656 0.0000e+00
     263828 291.812347 -9.990e-29  -49.03092     -1.060    1502.27    711.000    704.430     4.1772     4.1764    -0.0008     4.1244     4.1236    -0.0008   3.235292   3.235180  -0.000067    34.1986    34.1987     5.3793    27.1358    27.1359    34.1990    27.1361    1478.00    1478.00     4.1242  1030.4216    34.3646 0.0000e+00
     263847 291.812356  -38.65306  -49.03092     -1.180    1502.27    710.000    703.441     4.1694     4.1688    -0.0006     4.1166     4.1160    -0.0006   3.234218   3.234250  -0.000047    34.1966    34.1967     5.3802    27.1350    27.1351    34.1950    27.1337    1477.95    1477.94     4.1165  1030.4129    34.3582 0.0000e+00
     263865 291.812365  -38.65306  -49.03092     -1.271    1502.27    709.000    702.452     4.1591     4.1587    -0.0004     4.1065     4.1061    -0.0004   3.233186   3.233137  -0.000043    34.1949    34.1947     5.3848    27.1347    27.1346    34.1941    27.1340    1477.89    1477.88     4.1063  1030.4083    34.3566 0.0000e+00
