Pos-Processados/process_op41/operantar41_017.ros
* Sea-Bird SBE 9 Data File:
* FileName = C:\Users\Dell\Desktop\OperantarXLI\config\00_BRUTOS\OPE41017.hdr
* Software Version Seasave V 7.26.7.110
* Temperature SN = 6497
* Conductivity SN = 4954
* Number of Bytes Per Scan = 34
* Number of Voltage Words = 3
* Number of Scans Averaged by the Deck Unit = 1
* NMEA Latitude = 62 13.33 S
* NMEA Longitude = 058 12.09 W
* NMEA UTC (Time) = Nov 09 2022 17:12:58
* NMEA baud rate = 4800
** H41
** Navio Polar Almirante Maximiano
** LH-021/2022
** Operantar XLI
** Número da Estação 017
** Latitude 62 13.278'S
** Longitude 058 12.242'W
** Data/Hora (Z) 09/11/2022 1710Z
** Profundidade local 350 m
** 09-1439
** Nome do Operador CT Garla
# nquan = 24
# nvalues = 839                                   
# units = specified
# name 0 = scan: Scan Count
# name 1 = timeJ: Julian Days
# name 2 = latitude: Latitude [deg]
# name 3 = longitude: Longitude [deg]
# name 4 = dz/dtM: Descent Rate [m/s]
# name 5 = avgsvCM: Average Sound Velocity [Chen-Millero, m/s]
# name 6 = prDM: Pressure, Digiquartz [db]
# name 7 = depSM: Depth [salt water, m]
# name 8 = t090C: Temperature [ITS-90, deg C]
# name 9 = t190C: Temperature, 2 [ITS-90, deg C]
# name 10 = T2-T190C: Temperature Difference, 2 - 1 [ITS-90, deg C]
# name 11 = potemp090C: Potential Temperature [ITS-90, deg C]
# name 12 = potemp190C: Potential Temperature, 2 [ITS-90, deg C]
# name 13 = potemp90Cdiff: Potential Temperature, Diff, 2 - 1 [ITS-90, deg C]
# name 14 = c0S/m: Conductivity [S/m]
# name 15 = c1S/m: Conductivity, 2 [S/m]
# name 16 = C2-C1S/m: Conductivity Difference, 2 - 1 [S/m]
# name 17 = sal00: Salinity, Practical [PSU]
# name 18 = sal11: Salinity, Practical, 2 [PSU]
# name 19 = sbeox0ML/L: Oxygen, SBE 43 [ml/l]
# name 20 = sigma-é00: Density [sigma-theta, kg/m^3]
# name 21 = sigma-é11: Density, 2 [sigma-theta, kg/m^3]
# name 22 = nbf: Bottles Fired
# name 23 = flag:  0.000e+00
# interval = seconds: 0.0416667
# start_time = Nov 09 2022 17:12:58 [NMEA time, header]
# bad_flag = -9.990e-29
*END*
[from data line 785]
      30458 313.732026  -62.22286  -58.18422     -0.096    1451.72      1.083      1.073    -0.1494    -0.1466     0.0028    -0.1494    -0.1466     0.0028   2.829780   2.830020   0.000240    34.1855    34.1855     7.4755    27.4562    27.4561         12  0.000e+00
      30459 313.732026  -62.22286  -58.18422     -0.091    1451.72      1.083      1.073    -0.1483    -0.1466     0.0017    -0.1484    -0.1466     0.0017   2.829853   2.830054   0.000201    34.1853    34.1860     7.4740    27.4560    27.4565         12  0.000e+00
      30460 313.732027  -62.22286  -58.18422     -0.083    1451.72      1.140      1.129    -0.1473    -0.1463     0.0010    -0.1473    -0.1463     0.0010   2.829870   2.830031   0.000161    34.1843    34.1853     7.4790    27.4551    27.4559         12  0.000e+00
      30461 313.732027  -62.22286  -58.18422     -0.077    1451.72      1.083      1.073    -0.1477    -0.1463     0.0014    -0.1477    -0.1463     0.0014   2.829870   2.829991   0.000121    34.1848    34.1848     7.4726    27.4556    27.4555         12  0.000e+00
      30462 313.732028  -62.22286  -58.18422     -0.067    1451.72      1.083      1.073    -0.1468    -0.1468    -0.0000    -0.1468    -0.1468    -0.0000   2.829949   2.830003   0.000054    34.1848    34.1855     7.4714    27.4555    27.4561         12  0.000e+00
      30463 313.732028  -62.22286  -58.18422     -0.058    1451.72      1.140      1.129    -0.1465    -0.1465    -0.0001    -0.1465    -0.1466    -0.0001   2.829955   2.829991   0.000037    34.1845    34.1851     7.4704    27.4553    27.4557         12  0.000e+00
      30464 313.732029  -62.22286  -58.18422     -0.055    1451.72      1.083      1.073    -0.1471    -0.1460     0.0011    -0.1471    -0.1460     0.0011   2.829848   2.830009   0.000161    34.1838    34.1847     7.4760    27.4548    27.4554         12  0.000e+00
      30465 313.732029  -62.22286  -58.18422     -0.045    1451.72      1.132      1.121    -0.1482    -0.1463     0.0018    -0.1482    -0.1463     0.0018   2.829836   2.830031   0.000195    34.1848    34.1853     7.4764    27.4556    27.4559         12  0.000e+00
      30466 313.732030  -62.22286  -58.18422     -0.038    1451.72      1.140      1.129    -0.1485    -0.1463     0.0021    -0.1485    -0.1463     0.0021   2.829881   2.830037   0.000156    34.1857    34.1854     7.4703    27.4564    27.4560         12  0.000e+00
      30467 313.732030  -62.22286  -58.18422     -0.030    1451.72      1.140      1.129    -0.1478    -0.1469     0.0008    -0.1478    -0.1470     0.0008   2.829915   2.829923   0.000007    34.1854    34.1846     7.4695    27.4561    27.4554         12  0.000e+00
      30468 313.732031  -62.22286  -58.18422     -0.026    1451.72      1.083      1.073    -0.1476    -0.1476     0.0000    -0.1476    -0.1476     0.0000   2.829870   2.829860  -0.000011    34.1846    34.1845     7.4688    27.4554    27.4553         12  0.000e+00
      30469 313.732031  -62.22286  -58.18422     -0.019    1451.72      1.140      1.129    -0.1477    -0.1478    -0.0001    -0.1477    -0.1478    -0.0001   2.829865   2.829888   0.000024    34.1847    34.1851     7.4747    27.4555    27.4558         12  0.000e+00
      30470 313.732032  -62.22286  -58.18422     -0.011    1451.72      1.140      1.129    -0.1480    -0.1483    -0.0003    -0.1481    -0.1484    -0.0003   2.829831   2.829820  -0.000011    34.1846    34.1848     7.4690    27.4554    27.4556         12  0.000e+00
      30471 313.732032  -62.22286  -58.18422     -0.007    1451.72      1.140      1.129    -0.1480    -0.1488    -0.0008    -0.1481    -0.1488    -0.0008   2.829836   2.829802  -0.000034    34.1847    34.1851     7.4685    27.4555    27.4559         12  0.000e+00
      30472 313.732033  -62.22286  -58.18422      0.001    1451.72      1.140      1.129    -0.1479    -0.1488    -0.0009    -0.1479    -0.1488    -0.0009   2.829803   2.829820   0.000017    34.1840    34.1853     7.4745    27.4550    27.4560         12  0.000e+00
      30473 313.732033  -62.22286  -58.18422      0.005    1451.72      1.140      1.129    -0.1482    -0.1490    -0.0008    -0.1482    -0.1490    -0.0008   2.829791   2.829802   0.000011    34.1842    34.1853     7.4679    27.4551    27.4560         12  0.000e+00
      30474 313.732034  -62.22286  -58.18422      0.013    1451.72      1.204      1.193    -0.1487    -0.1491    -0.0004    -0.1487    -0.1491    -0.0004   2.829746   2.829814   0.000068    34.1842    34.1855     7.4679    27.4551    27.4562         12  0.000e+00
      30475 313.732034  -62.22286  -58.18422      0.017    1451.72      1.140      1.129    -0.1489    -0.1490    -0.0001    -0.1490    -0.1491    -0.0001   2.829774   2.829871   0.000097    34.1848    34.1863     7.4739    27.4557    27.4568         12  0.000e+00
      30476 313.732035  -62.22286  -58.18422      0.021    1451.72      1.132      1.121    -0.1489    -0.1478     0.0011    -0.1490    -0.1479     0.0011   2.829791   2.830238   0.000446    34.1851    34.1898     7.4685    27.4559    27.4596         12  0.000e+00
      30477 313.732035  -62.22286  -58.18422      0.025    1451.72      1.140      1.129    -0.1488    -0.1446     0.0042    -0.1488    -0.1447     0.0042   2.829808   2.830799   0.000991    34.1852    34.1937     7.4747    27.4559    27.4626         12  0.000e+00
      30478 313.732036  -62.22286  -58.18422      0.033    1451.72      1.204      1.193    -0.1466    -0.1409     0.0058    -0.1467    -0.1409     0.0058   2.830068   2.830948   0.000880    34.1861    34.1914     7.4752    27.4566    27.4606         12  0.000e+00
      30479 313.732036  -62.22286  -58.18422      0.037    1451.72      1.140      1.129    -0.1437    -0.1392     0.0045    -0.1437    -0.1392     0.0045   2.830338   2.830833   0.000495    34.1865    34.1880     7.4692    27.4568    27.4578         12  0.000e+00
      30480 313.732037  -62.22286  -58.18422      0.040    1451.72      1.204      1.193    -0.1430    -0.1378     0.0052    -0.1430    -0.1378     0.0052   2.830384   2.830867   0.000484    34.1863    34.1868     7.4682    27.4565    27.4567         12  0.000e+00
      30481 313.732037  -62.22286  -58.18422      0.044    1451.72      1.140      1.129    -0.1434    -0.1363     0.0070    -0.1434    -0.1364     0.0070   2.830395   2.830873   0.000478    34.1869    34.1854     7.4684    27.4570    27.4555         12  0.000e+00
      30482 313.732038  -62.22286  -58.18422      0.048    1451.72      1.204      1.193    -0.1426    -0.1373     0.0053    -0.1426    -0.1373     0.0053   2.830463   2.830701   0.000239    34.1869    34.1841     7.4675    27.4570    27.4545         12  0.000e+00
      30483 313.732038  -62.22286  -58.18422      0.055    1451.72      1.204      1.193    -0.1418    -0.1396     0.0022    -0.1419    -0.1397     0.0022   2.830463   2.830512   0.000050    34.1860    34.1842     7.4739    27.4563    27.4547         12  0.000e+00
      30484 313.732038  -62.22286  -58.18422      0.054    1451.72      1.140      1.129    -0.1418    -0.1417     0.0001    -0.1418    -0.1417     0.0001   2.830412   2.830432   0.000020    34.1853    34.1855     7.4752    27.4557    27.4558         12  0.000e+00
      30485 313.732039  -62.22286  -58.18422      0.058    1451.72      1.204      1.193    -0.1418    -0.1422    -0.0004    -0.1419    -0.1423    -0.0004   2.830361   2.830478   0.000117    34.1847    34.1867     7.4767    27.4552    27.4568         12  0.000e+00
      30486 313.732039  -62.22286  -58.18422      0.061    1451.72      1.204      1.193    -0.1418    -0.1403     0.0016    -0.1419    -0.1403     0.0016   2.830378   2.830770   0.000392    34.1849    34.1883     7.4781    27.4554    27.4581         12  0.000e+00
      30487 313.732040  -62.22286  -58.18422      0.064    1451.72      1.204      1.193    -0.1421    -0.1261     0.0160    -0.1421    -0.1261     0.0160   2.830321   2.832288   0.001966    34.1844    34.1927     7.4796    27.4550    27.4609         12  0.000e+00
      30488 313.732040  -62.22286  -58.18422      0.065    1451.72      1.188      1.177    -0.1421    -0.1233     0.0188    -0.1422    -0.1234     0.0188   2.830299   2.833748   0.003449    34.1842    34.2090     7.4811    27.4548    27.4739         12  0.000e+00
      30489 313.732041  -62.22286  -58.18422      0.067    1451.72      1.204      1.193    -0.1421    -0.1080     0.0341    -0.1422    -0.1081     0.0341   2.830316   2.835639   0.005323    34.1844    34.2170     7.4763    27.4550    27.4797         12  0.000e+00
      30490 313.732041  -62.22286  -58.18422      0.069    1451.72      1.204      1.193    -0.1422    -0.0809     0.0613    -0.1423    -0.0810     0.0613   2.830259   2.837306   0.007047    34.1838    34.2088     7.4833    27.4545    27.4717         12  0.000e+00
      30491 313.732042  -62.22286  -58.18422      0.071    1451.72      1.204      1.193    -0.1428    -0.0580     0.0847    -0.1428    -0.0581     0.0847   2.830220   2.838080   0.007860    34.1838    34.1934     7.4787    27.4546    27.4581         12  0.000e+00
      30492 313.732042  -62.22286  -58.18422      0.071    1451.72      1.204      1.193    -0.1437    -0.0580     0.0857    -0.1437    -0.0581     0.0857   2.830152   2.837713   0.007561    34.1840    34.1886     7.4860    27.4547    27.4541         12  0.000e+00
      30493 313.732043  -62.22286  -58.18422      0.072    1451.72      1.204      1.193    -0.1448    -0.0598     0.0850    -0.1449    -0.0598     0.0850   2.830254   2.837627   0.007373    34.1866    34.1894     7.4805    27.4569    27.4549         12  0.000e+00
      30494 313.732043  -62.22286  -58.18422      0.073    1451.72      1.204      1.193    -0.1445    -0.0479     0.0965    -0.1445    -0.0480     0.0965   2.830694   2.838521   0.007827    34.1921    34.1880     7.4800    27.4613    27.4531         12  0.000e+00
      30495 313.732044  -62.22286  -58.18422      0.077    1451.72      1.260      1.248    -0.1423    -0.0363     0.1060    -0.1423    -0.0363     0.1060   2.831354   2.839450   0.008096    34.1984    34.1872     7.4853    27.4663    27.4519         12  0.000e+00
      30496 313.732044  -62.22286  -58.18422      0.077    1451.72      1.204      1.193    -0.1306    -0.0267     0.1039    -0.1306    -0.0268     0.1039   2.832827   2.840167   0.007340    34.2049    34.1861     7.4830    27.4710    27.4505         12  0.000e+00
      30497 313.732045  -62.22286  -58.18422      0.080    1451.72      1.260      1.248    -0.0995    -0.0172     0.0822    -0.0995    -0.0173     0.0822   2.835096   2.840814   0.005719    34.2002    34.1840     7.4770    27.4656    27.4484         12  0.000e+00
      30498 313.732045  -62.22286  -58.18422      0.079    1451.72      1.204      1.193    -0.0772    -0.0135     0.0637    -0.0772    -0.0135     0.0637   2.836388   2.840992   0.004604    34.1924    34.1822     7.4668    27.4582    27.4468         12  0.000e+00
      30499 313.732046  -62.22286  -58.18422      0.078    1451.72      1.204      1.193    -0.0734    -0.0157     0.0578    -0.0735    -0.0157     0.0578   2.836258   2.840860   0.004602    34.1864    34.1829     7.4662    27.4532    27.4474         12  0.000e+00
      30500 313.732046  -62.22286  -58.18420      0.080    1451.72      1.252      1.240    -0.0738    -0.0169     0.0569    -0.0738    -0.0169     0.0569   2.836377   2.840734   0.004357    34.1884    34.1826     7.4734    27.4548    27.4472         12  0.000e+00
      30501 313.732047  -62.22286  -58.18420      0.081    1451.72      1.260      1.248    -0.0677    -0.0166     0.0511    -0.0678    -0.0167     0.0511   2.836953   2.840763   0.003810    34.1893    34.1826     7.4729    27.4552    27.4472         12  0.000e+00
      30502 313.732047  -62.22286  -58.18420      0.082    1451.72      1.260      1.248    -0.0604    -0.0147     0.0457    -0.0605    -0.0148     0.0457   2.837342   2.840866   0.003524    34.1863    34.1819     7.4723    27.4524    27.4466         12  0.000e+00
      30503 313.732048  -62.22286  -58.18420      0.083    1451.72      1.204      1.193    -0.0556    -0.0143     0.0413    -0.0557    -0.0143     0.0413   2.837975   2.840877   0.002903    34.1893    34.1816     7.4720    27.4546    27.4463         12  0.000e+00
      30504 313.732048  -62.22286  -58.18420      0.083    1451.72      1.325      1.312    -0.0457    -0.0144     0.0313    -0.0457    -0.0145     0.0313   2.838822   2.840969   0.002147    34.1894    34.1829     7.4707    27.4542    27.4473         12  0.000e+00
      30505 313.732049  -62.22286  -58.18420      0.080    1451.72      1.204      1.193    -0.0394    -0.0122     0.0272    -0.0394    -0.0122     0.0272   2.839121   2.841084   0.001963    34.1863    34.1820     7.4703    27.4514    27.4465         12  0.000e+00
      30506 313.732049  -62.22286  -58.18420      0.083    1451.72      1.260      1.248    -0.0395    -0.0162     0.0233    -0.0395    -0.0162     0.0233   2.838703   2.840763   0.002060    34.1809    34.1821     7.4716    27.4470    27.4468         12  0.000e+00
      30507 313.732050  -62.22286  -58.18420      0.082    1451.72      1.260      1.248    -0.0532    -0.0188     0.0344    -0.0532    -0.0188     0.0344   2.837777   2.840430   0.002653    34.1839    34.1806     7.4745    27.4501    27.4457         12  0.000e+00
      30508 313.732050  -62.22286  -58.18420      0.081    1451.72      1.260      1.248    -0.0567    -0.0206     0.0361    -0.0568    -0.0207     0.0361   2.837365   2.840178   0.002813    34.1824    34.1794     7.4752    27.4491    27.4448         12  0.000e+00
      30509 313.732051  -62.22286  -58.18420      0.083    1451.72      1.260      1.248    -0.0587    -0.0225     0.0362    -0.0588    -0.0226     0.0362   2.837207   2.840155   0.002948    34.1826    34.1812     7.4765    27.4493    27.4464         12  0.000e+00
      30510 313.732051  -62.22286  -58.18420      0.081    1451.72      1.260      1.248    -0.0542    -0.0218     0.0325    -0.0543    -0.0218     0.0325   2.837212   2.840310   0.003097    34.1776    34.1824     7.4756    27.4451    27.4473         12  0.000e+00
      30511 313.732052  -62.22286  -58.18420      0.081    1451.72      1.309      1.296    -0.0581    -0.0219     0.0362    -0.0581    -0.0220     0.0362   2.836970   2.840258   0.003289    34.1787    34.1819     7.4763    27.4461    27.4469         12  0.000e+00
