Pos-Processados/process_op41/operantar41_002.ros
* Sea-Bird SBE 9 Data File:
* FileName = C:\Users\Dell\Desktop\Operantar XLI\Raw\OP41002.hdr
* Software Version Seasave V 7.26.7.110
* Temperature SN = 6497
* Conductivity SN = 4954
* Number of Bytes Per Scan = 31
* Number of Voltage Words = 2
* Number of Scans Averaged by the Deck Unit = 1
* NMEA Latitude = 37 16.72 S
* NMEA Longitude = 048 37.48 W
* NMEA UTC (Time) = Oct 17 2022 21:01:25
* NMEA baud rate = 4800
** H41
** Navio Polar Almirante Maximiano
** LH-021/2022
** Operantar XLI
** Número da Estação 002
** Latitude 37ª16.719
** Longitude 048ª37.474
** Data/Hora (Z) 17/10/2022 2100Z
** Profundidade local
** 09-1439
** Nome do Operador 1T FILIPE LOPES
# nquan = 24
# nvalues = 1960                                  
# units = specified
# name 0 = scan: Scan Count
# name 1 = timeJ: Julian Days
# name 2 = latitude: Latitude [deg]
# name 3 = longitude: Longitude [deg]
# name 4 = dz/dtM: Descent Rate [m/s]
# name 5 = avgsvCM: Average Sound Velocity [Chen-Millero, m/s]
# name 6 = prDM: Pressure, Digiquartz [db]
# name 7 = depSM: Depth [salt water, m]
# name 8 = t090C: Temperature [ITS-90, deg C]
# name 9 = t190C: Temperature, 2 [ITS-90, deg C]
# name 10 = T2-T190C: Temperature Difference, 2 - 1 [ITS-90, deg C]
# name 11 = potemp090C: Potential Temperature [ITS-90, deg C]
# name 12 = potemp190C: Potential Temperature, 2 [ITS-90, deg C]
# name 13 = potemp90Cdiff: Potential Temperature, Diff, 2 - 1 [ITS-90, deg C]
# name 14 = c0S/m: Conductivity [S/m]
# name 15 = c1S/m: Conductivity, 2 [S/m]
# name 16 = C2-C1S/m: Conductivity Difference, 2 - 1 [S/m]
# name 17 = sal00: Salinity, Practical [PSU]
# name 18 = sal11: Salinity, Practical, 2 [PSU]
# name 19 = sbeox0ML/L: Oxygen, SBE 43 [ml/l]
# name 20 = sigma-é00: Density [sigma-theta, kg/m^3]
# name 21 = sigma-é11: Density, 2 [sigma-theta, kg/m^3]
# name 22 = nbf: Bottles Fired
# name 23 = flag:  0.000e+00
# interval = seconds: 0.0416667
# start_time = Oct 17 2022 21:01:25 [NMEA time, header]
# bad_flag = -9.990e-29
*END*
[from data line 1148]
      60775 290.905292  -37.28310  -48.62784     -0.237    1502.01     22.587     22.418    17.7284    17.7285     0.0001    17.7246    17.7247     0.0001   4.694303   4.694109  -0.000194    36.1262    36.1244     5.1913    26.2031    26.2017         15  0.000e+00
      60776 290.905293  -37.28310  -48.62784     -0.239    1502.01     22.522     22.354    17.7288    17.7285    -0.0003    17.7249    17.7247    -0.0003   4.694254   4.694164  -0.000090    36.1255    36.1249     5.1918    26.2024    26.2021         15  0.000e+00
      60777 290.905293  -37.28310  -48.62784     -0.233    1502.01     22.587     22.418    17.7286    17.7289     0.0003    17.7248    17.7250     0.0003   4.694248   4.694150  -0.000097    36.1256    36.1245     5.1885    26.2025    26.2016         15  0.000e+00
      60778 290.905294  -37.28310  -48.62784     -0.234    1502.01     22.523     22.354    17.7288    17.7287    -0.0001    17.7249    17.7249    -0.0001   4.694282   4.694143  -0.000139    36.1257    36.1246     5.1884    26.2026    26.2018         15  0.000e+00
      60779 290.905294  -37.28310  -48.62784     -0.229    1502.01     22.587     22.418    17.7288    17.7285    -0.0003    17.7249    17.7247    -0.0003   4.694275   4.694109  -0.000167    36.1256    36.1244     5.1885    26.2025    26.2017         15  0.000e+00
      60780 290.905295  -37.28310  -48.62784     -0.231    1502.01     22.466     22.298    17.7290    17.7287    -0.0003    17.7251    17.7249    -0.0003   4.694289   4.694164  -0.000124    36.1257    36.1248     5.1884    26.2025    26.2019         15  0.000e+00
      60781 290.905295  -37.28310  -48.62784     -0.227    1502.01     22.531     22.362    17.7288    17.7287    -0.0001    17.7249    17.7249    -0.0001   4.694275   4.694178  -0.000097    36.1257    36.1249     5.1885    26.2026    26.2020         15  0.000e+00
      60782 290.905296  -37.28310  -48.62784     -0.222    1502.01     22.587     22.418    17.7288    17.7289     0.0001    17.7249    17.7250     0.0001   4.694316   4.694157  -0.000159    36.1260    36.1246     5.1886    26.2028    26.2017         15  0.000e+00
      60783 290.905296  -37.28310  -48.62784     -0.220    1502.01     22.474     22.306    17.7286    17.7290     0.0004    17.7248    17.7252     0.0004   4.694289   4.694171  -0.000118    36.1260    36.1246     5.1925    26.2028    26.2017         15  0.000e+00
      60784 290.905297  -37.28310  -48.62784     -0.217    1502.01     22.523     22.354    17.7288    17.7289     0.0001    17.7249    17.7250     0.0001   4.694227   4.694157  -0.000069    36.1253    36.1246     5.1891    26.2022    26.2017         15  0.000e+00
      60785 290.905297  -37.28310  -48.62784     -0.213    1502.01     22.531     22.362    17.7286    17.7290     0.0004    17.7248    17.7252     0.0004   4.694227   4.694143  -0.000083    36.1254    36.1243     5.1892    26.2024    26.2015         15  0.000e+00
      60786 290.905298  -37.28310  -48.62784     -0.211    1502.01     22.474     22.306    17.7284    17.7294     0.0010    17.7246    17.7256     0.0010   4.694213   4.694143  -0.000070    36.1255    36.1240     5.1892    26.2025    26.2011         15  0.000e+00
      60787 290.905298  -37.28310  -48.62784     -0.211    1502.01     22.466     22.298    17.7283    17.7289     0.0006    17.7244    17.7250     0.0006   4.694199   4.694171  -0.000028    36.1255    36.1247     5.1892    26.2026    26.2018         15  0.000e+00
      60788 290.905299  -37.28310  -48.62784     -0.204    1502.01     22.531     22.362    17.7281    17.7290     0.0009    17.7243    17.7252     0.0009   4.694206   4.694129  -0.000077    36.1257    36.1242     5.1856    26.2027    26.2014         15  0.000e+00
      60789 290.905299  -37.28310  -48.62784     -0.202    1502.01     22.466     22.299    17.7279    17.7289     0.0009    17.7241    17.7250     0.0009   4.694213   4.694101  -0.000112    36.1259    36.1241     5.1890    26.2030    26.2014         15  0.000e+00
      60790 290.905299  -37.28310  -48.62784     -0.196    1502.01     22.531     22.362    17.7281    17.7290     0.0009    17.7243    17.7252     0.0009   4.694172   4.694199   0.000028    36.1254    36.1248     5.1891    26.2025    26.2018         15  0.000e+00
      60791 290.905300  -37.28310  -48.62784     -0.197    1502.01     22.466     22.299    17.7281    17.7290     0.0010    17.7242    17.7252     0.0010   4.694199   4.694164  -0.000035    36.1257    36.1245     5.1854    26.2027    26.2016         15  0.000e+00
      60792 290.905300  -37.28310  -48.62784     -0.193    1502.01     22.475     22.307    17.7283    17.7289     0.0006    17.7245    17.7250     0.0006   4.694199   4.694206   0.000007    36.1255    36.1250     5.1849    26.2025    26.2020         15  0.000e+00
      60793 290.905301  -37.28310  -48.62784     -0.191    1502.01     22.467     22.299    17.7283    17.7292     0.0010    17.7244    17.7254     0.0010   4.694206   4.694220   0.000014    36.1256    36.1248     5.1846    26.2026    26.2018         15  0.000e+00
      60794 290.905301  -37.28310  -48.62784     -0.185    1502.01     22.475     22.307    17.7284    17.7294     0.0010    17.7246    17.7256     0.0010   4.694289   4.694164  -0.000124    36.1261    36.1242     5.1844    26.2030    26.2013         15  0.000e+00
      60795 290.905302  -37.28310  -48.62784     -0.178    1502.01     22.467     22.299    17.7286    17.7292     0.0006    17.7248    17.7254     0.0006   4.694323   4.694199  -0.000124    36.1263    36.1247     5.1878    26.2031    26.2017         15  0.000e+00
      60796 290.905302  -37.28310  -48.62784     -0.177    1502.01     22.475     22.307    17.7288    17.7294     0.0006    17.7250    17.7256     0.0006   4.694316   4.694199  -0.000117    36.1260    36.1245     5.1879    26.2029    26.2015         15  0.000e+00
      60797 290.905303  -37.28310  -48.62784     -0.172    1502.01     22.467     22.299    17.7286    17.7290     0.0004    17.7248    17.7252     0.0004   4.694268   4.694213  -0.000055    36.1258    36.1249     5.1880    26.2027    26.2019         15  0.000e+00
      60798 290.905303  -37.28310  -48.62784     -0.170    1502.01     22.410     22.243    17.7286    17.7294     0.0008    17.7248    17.7256     0.0008   4.694282   4.694199  -0.000083    36.1259    36.1245     5.1877    26.2028    26.2015         15  0.000e+00
      60799 290.905304  -37.28310  -48.62784     -0.166    1502.01     22.467     22.299    17.7286    17.7296     0.0010    17.7248    17.7257     0.0010   4.694247   4.694178  -0.000069    36.1256    36.1242     5.1875    26.2026    26.2012         15  0.000e+00
      60800 290.905304  -37.28310  -48.62784     -0.162    1502.01     22.475     22.307    17.7290    17.7294     0.0004    17.7251    17.7256     0.0004   4.694303   4.694094  -0.000208    36.1258    36.1236     5.1873    26.2026    26.2008         15  0.000e+00
      60801 290.905305  -37.28310  -48.62784     -0.160    1502.01     22.402     22.235    17.7291    17.7290    -0.0001    17.7253    17.7252    -0.0001   4.694316   4.694213  -0.000103    36.1258    36.1250     5.1869    26.2025    26.2019         15  0.000e+00
      60802 290.905305  -37.28310  -48.62784     -0.155    1502.01     22.475     22.307    17.7291    17.7292     0.0000    17.7253    17.7253     0.0000   4.694296   4.694150  -0.000145    36.1256    36.1243     5.1870    26.2024    26.2014         15  0.000e+00
      60803 290.905306  -37.28310  -48.62784     -0.147    1502.01     22.475     22.307    17.7290    17.7290     0.0001    17.7251    17.7252     0.0001   4.694309   4.694199  -0.000110    36.1258    36.1248     5.1871    26.2026    26.2018         15  0.000e+00
      60804 290.905306  -37.28310  -48.62784     -0.144    1502.01     22.402     22.235    17.7293    17.7290    -0.0003    17.7255    17.7252    -0.0003   4.694268   4.694192  -0.000076    36.1252    36.1248     5.1870    26.2021    26.2018         15  0.000e+00
      60805 290.905307  -37.28310  -48.62784     -0.143    1502.01     22.410     22.243    17.7288    17.7294     0.0006    17.7250    17.7256     0.0006   4.694213   4.694276   0.000063    36.1252    36.1252     5.1871    26.2022    26.2020         15  0.000e+00
      60806 290.905307  -37.28310  -48.62784     -0.142    1502.01     22.402     22.235    17.7281    17.7296     0.0014    17.7243    17.7257     0.0014   4.694179   4.694206   0.000028    36.1255    36.1244     5.1872    26.2026    26.2014         15  0.000e+00
      60807 290.905308  -37.28310  -48.62784     -0.140    1502.01     22.410     22.243    17.7281    17.7297     0.0017    17.7243    17.7259     0.0017   4.694158   4.694332   0.000174    36.1253    36.1254     5.1872    26.2025    26.2021         15  0.000e+00
      60808 290.905308  -37.28310  -48.62784     -0.130    1502.01     22.467     22.299    17.7278    17.7297     0.0020    17.7239    17.7259     0.0020   4.694137   4.694262   0.000125    36.1254    36.1247     5.1873    26.2026    26.2016         15  0.000e+00
      60809 290.905309  -37.28310  -48.62784     -0.126    1502.01     22.475     22.307    17.7281    17.7299     0.0018    17.7242    17.7261     0.0018   4.694158   4.694255   0.000097    36.1253    36.1245     5.1873    26.2025    26.2014         15  0.000e+00
      60810 290.905309  -37.28310  -48.62784     -0.122    1502.01     22.402     22.235    17.7279    17.7297     0.0018    17.7241    17.7259     0.0018   4.694158   4.694227   0.000069    36.1255    36.1245     5.1910    26.2026    26.2014         15  0.000e+00
      60811 290.905310  -37.28310  -48.62784     -0.121    1502.01     22.411     22.243    17.7279    17.7297     0.0018    17.7241    17.7259     0.0018   4.694199   4.694199 -2.452e-08    36.1258    36.1242     5.1912    26.2029    26.2012         15  0.000e+00
      60812 290.905310  -37.28310  -48.62784     -0.112    1502.01     22.467     22.299    17.7279    17.7296     0.0016    17.7241    17.7257     0.0016   4.694172   4.694213   0.000042    36.1256    36.1245     5.1916    26.2027    26.2014         15  0.000e+00
      60813 290.905311  -37.28310  -48.62784     -0.109    1502.01     22.411     22.243    17.7283    17.7296     0.0013    17.7245    17.7257     0.0013   4.694199   4.694255   0.000056    36.1255    36.1249     5.1918    26.2025    26.2017         15  0.000e+00
      60814 290.905311  -37.28310  -48.62784     -0.107    1502.01     22.403     22.235    17.7276    17.7299     0.0023    17.7238    17.7261     0.0023   4.694137   4.694199   0.000062    36.1256    36.1241     5.1921    26.2028    26.2011         15  0.000e+00
      60815 290.905312  -37.28310  -48.62784     -0.103    1502.01     22.411     22.243    17.7279    17.7296     0.0016    17.7241    17.7257     0.0016   4.694158   4.694220   0.000062    36.1255    36.1246     5.1923    26.2026    26.2015         15  0.000e+00
      60816 290.905312  -37.28310  -48.62784     -0.099    1502.01     22.467     22.299    17.7276    17.7294     0.0018    17.7238    17.7256     0.0018   4.694158   4.694129  -0.000029    36.1258    36.1239     5.1926    26.2029    26.2011         15  0.000e+00
      60817 290.905312  -37.28310  -48.62784     -0.098    1502.01     22.354     22.187    17.7276    17.7297     0.0022    17.7238    17.7259     0.0022   4.694110   4.694199   0.000090    36.1254    36.1242     5.1927    26.2026    26.2012         15  0.000e+00
      60818 290.905313  -37.28310  -48.62784     -0.100    1502.01     22.403     22.235    17.7276    17.7294     0.0018    17.7238    17.7256     0.0018   4.694172   4.694129  -0.000042    36.1259    36.1239     5.1930    26.2030    26.2011         15  0.000e+00
      60819 290.905313  -37.28310  -48.62784     -0.087    1502.01     22.475     22.307    17.7276    17.7294     0.0018    17.7237    17.7256     0.0018   4.694089   4.694081  -0.000009    36.1252    36.1235     5.1932    26.2025    26.2007         15  0.000e+00
      60820 290.905314  -37.28310  -48.62784     -0.085    1502.01     22.411     22.243    17.7274    17.7289     0.0015    17.7236    17.7251     0.0015   4.694082   4.694004  -0.000079    36.1253    36.1233     5.1934    26.2026    26.2007         15  0.000e+00
      60821 290.905314  -37.28310  -48.62784     -0.082    1502.01     22.403     22.235    17.7276    17.7287     0.0011    17.7238    17.7249     0.0011   4.694075   4.694046  -0.000030    36.1251    36.1238     5.1972    26.2024    26.2012         15  0.000e+00
      60822 290.905315  -37.28310  -48.62784     -0.075    1502.01     22.475     22.307    17.7274    17.7285     0.0011    17.7236    17.7247     0.0011   4.694055   4.694032  -0.000023    36.1250    36.1238     5.1940    26.2024    26.2012         15  0.000e+00
      60823 290.905315  -37.28310  -48.62784     -0.072    1502.01     22.403     22.235    17.7274    17.7282     0.0008    17.7236    17.7244     0.0008   4.694034   4.694060   0.000026    36.1249    36.1244     5.1941    26.2023    26.2017         15  0.000e+00
      60824 290.905316  -37.28310  -48.62784     -0.068    1502.01     22.411     22.243    17.7274    17.7282     0.0008    17.7236    17.7244     0.0008   4.694075   4.694004  -0.000072    36.1252    36.1239     5.1945    26.2026    26.2014         15  0.000e+00
      60825 290.905316  -37.28310  -48.62784     -0.064    1502.01     22.467     22.299    17.7274    17.7282     0.0008    17.7236    17.7243     0.0008   4.694137   4.694018  -0.000120    36.1257    36.1240     5.1950    26.2030    26.2014         15  0.000e+00
      60826 290.905317  -37.28310  -48.62784     -0.059    1502.01     22.411     22.243    17.7276    17.7282     0.0006    17.7238    17.7244     0.0006   4.694165   4.694025  -0.000140    36.1258    36.1241     5.1950    26.2030    26.2015         15  0.000e+00
      60827 290.905317  -37.28310  -48.62784     -0.059    1502.01     22.403     22.235    17.7276    17.7280     0.0004    17.7238    17.7242     0.0004   4.694096   4.694025  -0.000071    36.1252    36.1242     5.1952    26.2025    26.2017         15  0.000e+00
      60828 290.905318  -37.28310  -48.62784     -0.053    1502.01     22.411     22.243    17.7271    17.7280     0.0009    17.7233    17.7242     0.0009   4.694027   4.694025  -0.000002    36.1251    36.1242     5.1953    26.2025    26.2017         15  0.000e+00
      60829 290.905318  -37.28310  -48.62784     -0.051    1502.01     22.467     22.299    17.7264    17.7280     0.0016    17.7225    17.7242     0.0016   4.693938   4.694025   0.000087    36.1249    36.1242     5.1955    26.2026    26.2016         15  0.000e+00
      60830 290.905319  -37.28310  -48.62784     -0.049    1502.01     22.411     22.243    17.7259    17.7282     0.0023    17.7221    17.7244     0.0023   4.693869   4.694025   0.000156    36.1248    36.1241     5.1956    26.2026    26.2015         15  0.000e+00
      60831 290.905319  -37.28310  -48.62784     -0.039    1502.01     22.467     22.299    17.7257    17.7280     0.0023    17.7219    17.7242     0.0023   4.693855   4.694025   0.000170    36.1248    36.1242     5.1958    26.2027    26.2016         15  0.000e+00
      60832 290.905320  -37.28310  -48.62784     -0.040    1502.01     22.411     22.244    17.7255    17.7277     0.0022    17.7217    17.7238     0.0022   4.693841   4.693871   0.000030    36.1249    36.1232     5.1961    26.2028    26.2010         15  0.000e+00
      60833 290.905320  -37.28310  -48.62784     -0.034    1502.01     22.467     22.299    17.7259    17.7270     0.0011    17.7221    17.7231     0.0011   4.693848   4.693738  -0.000110    36.1246    36.1227     5.1962    26.2024    26.2007         15  0.000e+00
