Pos-Processados/process_op41/operantar41_019.cnv
* Sea-Bird SBE 9 Data File:
* FileName = C:\Users\Dell\Desktop\OperantarXLI\config\00_BRUTOS\OPE41019.hdr
* Software Version Seasave V 7.26.7.110
* Temperature SN = 6497
* Conductivity SN = 4954
* Number of Bytes Per Scan = 34
* Number of Voltage Words = 3
* Number of Scans Averaged by the Deck Unit = 1
* NMEA Latitude = 62 55.48 S
* NMEA Longitude = 060 08.48 W
* NMEA UTC (Time) = Nov 11 2022 01:08:15
* NMEA baud rate = 4800
** H41
** Navio Polar Almirante Maximiano
** LH-021/2022
** Operantar XLI
** Número da Estação 019
** Latitude 62 55.478'S
** Longitude 060 08.483' W
** Data/Hora (Z) 11/11/2022 0110Z
** Profundidade local 1020 m
** 09-1439
** Nome do Operador CT Garla
# nquan = 30
# nvalues = 1868                        
# units = specified
# name 0 = scan: Scan Count
# name 1 = timeJ: Julian Days
# name 2 = latitude: Latitude [deg]
# name 3 = longitude: Longitude [deg]
# name 4 = dz/dtM: Descent Rate [m/s]
# name 5 = avgsvCM: Average Sound Velocity [Chen-Millero, m/s]
# name 6 = prDM: Pressure, Digiquartz [db]
# name 7 = depSM: Depth [salt water, m]
# name 8 = t090C: Temperature [ITS-90, deg C]
# name 9 = t190C: Temperature, 2 [ITS-90, deg C]
# name 10 = T2-T190C: Temperature Difference, 2 - 1 [ITS-90, deg C]
# name 11 = potemp090C: Potential Temperature [ITS-90, deg C]
# name 12 = potemp190C: Potential Temperature, 2 [ITS-90, deg C]
# name 13 = potemp90Cdiff: Potential Temperature, Diff, 2 - 1 [ITS-90, deg C]
# name 14 = c0S/m: Conductivity [S/m]
# name 15 = c1S/m: Conductivity, 2 [S/m]
# name 16 = C2-C1S/m: Conductivity Difference, 2 - 1 [S/m]
# name 17 = sal00: Salinity, Practical [PSU]
# name 18 = sal11: Salinity, Practical, 2 [PSU]
# name 19 = sbeox0ML/L: Oxygen, SBE 43 [ml/l]
# name 20 = sigma-é00: Density [sigma-theta, kg/m^3]
# name 21 = sigma-é11: Density, 2 [sigma-theta, kg/m^3]
# name 22 = sal00: Salinity, Practical [PSU]
# name 23 = sigma-é00: Density [sigma-theta, kg/m^3]
# name 24 = svCM: Sound Velocity [Chen-Millero, m/s]
# name 25 = svCM1: Sound Velocity, 2 [Chen-Millero, m/s]
# name 26 = gsw_ptA0: potential temperature [ITS-90, deg C]
# name 27 = gsw_densityA0: density, TEOS-10 [density, kg/m^3]
# name 28 = gsw_saA0: Absolute Salinity [g/kg]
# name 29 = flag:
# span 0 =       2662,      55295       
# span 1 = 315.048679, 315.074061       
# span 2 =  -62.92721,  -62.92494       
# span 3 =  -60.14096,  -60.13856       
# span 4 =     -1.367,      1.293       
# span 5 =       0.00,    1476.63       
# span 6 =      0.000,    934.000       
# span 7 =      0.001,    922.906       
# span 8 =    -1.3032,    -0.3734       
# span 9 =    -1.3031,    -0.3745       
# span 10 =    -0.0195,     0.0270      
# span 11 =    -1.3111,    -0.3874      
# span 12 =    -1.3111,    -0.3885      
# span 13 =    -0.0194,     0.0269      
# span 14 =   2.764801,   2.858773      
# span 15 =   2.764816,   2.858667      
# span 16 =  -0.001470,   0.002262      
# span 17 =    34.2901,    34.5525      
# span 18 =    34.2910,    34.5524      
# span 19 =     5.7476,     7.4899      
# span 20 =    27.5648,    27.7768      
# span 21 =    27.5656,    27.7768      
# span 22 =    34.2900,    34.5528      
# span 23 =    27.5647,    27.7772      
# span 24 =    1444.26,    1460.94      
# span 25 =    1444.25,    1460.93      
# span 26 =    -1.3109,    -0.3872      
# span 27 =  1027.5740,  1032.2072      
# span 28 =    34.4553,    34.7220      
# span 29 = 0.0000e+00, 0.0000e+00      
# interval = decibars: 1                
# start_time = Nov 11 2022 01:08:15 [NMEA time, header]
# bad_flag = -9.990e-29
*END*
[from data line 1064]
      31702 315.062684  -62.92638  -60.13860     -0.979    1451.82    803.000    793.712    -0.7588    -0.7601    -0.0014    -0.7876    -0.7889    -0.0014   2.840587   2.840466  -0.000111    34.5366    34.5366     5.9033    27.7693    27.7694    34.5351    27.7681    1458.13    1458.12    -0.7871  1031.5869    34.7044 0.0000e+00
      31724 315.062694  -62.92638  -60.13859     -1.054    1451.82    802.000    792.725    -0.7681    -0.7717    -0.0035    -0.7969    -0.8004    -0.0035   2.839704   2.839391  -0.000321    34.5362    34.5359     5.9104    27.7693    27.7692    34.5344    27.7680    1458.07    1458.05    -0.7964  1031.5841    34.7061 0.0000e+00
      31748 315.062706  -62.92638 -9.990e-29     -1.043    1451.82    801.000    791.739    -0.7698    -0.7782    -0.0083    -0.7985    -0.8068    -0.0083   2.839627   2.838806  -0.000728    34.5360    34.5357     5.9160    27.7693    27.7693    34.5359    27.7692    1458.04    1458.00    -0.7980  1031.5808    34.7078 0.0000e+00
      31772 315.062718  -62.92639 -9.990e-29     -0.993    1451.82    800.000    790.752    -0.7800    -0.7846    -0.0046    -0.8085    -0.8131    -0.0046   2.838423   2.838106  -0.000391    34.5346    34.5346     5.9120    27.7686    27.7687    34.5318    27.7663    1457.97    1457.95    -0.8080  1031.5735    34.7036 0.0000e+00
      31796 315.062729  -62.92640 -9.990e-29     -1.002    1451.82    799.000    789.765    -0.7938    -0.8004    -0.0066    -0.8223    -0.8288    -0.0066   2.837123   2.836516  -0.000574    34.5337    34.5335     5.9212    27.7684    27.7685    34.5306    27.7659    1457.89    1457.86    -0.8217  1031.5688    34.7024 0.0000e+00
      31817 315.062739  -62.92640  -60.13858     -1.060    1451.82    798.000    788.779    -0.8139    -0.8156    -0.0017    -0.8422    -0.8438    -0.0017   2.835303   2.835156  -0.000170    34.5326    34.5322     5.9209    27.7683    27.7681    34.5295    27.7658    1457.78    1457.77    -0.8416  1031.5632    34.6997 0.0000e+00
      31837 315.062749  -62.92640  -60.13858     -1.149    1451.82    797.000    787.792    -0.8204    -0.8230    -0.0026    -0.8485    -0.8511    -0.0026   2.834735   2.834440  -0.000251    34.5316    34.5313     5.9206    27.7678    27.7676    34.5297    27.7662    1457.73    1457.72    -0.8480  1031.5583    34.6990 0.0000e+00
      31855 315.062758  -62.92640  -60.13858     -1.240    1451.82    796.000    786.806    -0.8224    -0.8253    -0.0029    -0.8505    -0.8534    -0.0029   2.834450   2.834237  -0.000256    34.5311    34.5310     5.9329    27.7675    27.7675    34.5288    27.7656    1457.70    1457.69    -0.8499  1031.5530    34.6980 0.0000e+00
      31873 315.062766  -62.92640  -60.13858     -1.301    1451.82    795.000    785.819    -0.8252    -0.8267    -0.0015    -0.8533    -0.8548    -0.0015   2.834188   2.834045  -0.000165    34.5312    34.5307     5.9469    27.7676    27.7673    34.5291    27.7659    1457.68    1457.67    -0.8527  1031.5487    34.6983 0.0000e+00
      31892 315.062775  -62.92640  -60.13858     -1.322    1451.82    794.000    784.833    -0.8248    -0.8272    -0.0025    -0.8528    -0.8552    -0.0024   2.834261   2.833972  -0.000261    34.5311    34.5304     5.9586    27.7676    27.7670    34.5301    27.7667    1457.66    1457.65    -0.8523  1031.5448    34.6994 0.0000e+00
      31913 315.062785  -62.92640  -60.13858     -1.246    1451.82    793.000    783.846    -0.8234    -0.8270    -0.0036    -0.8514    -0.8549    -0.0036   2.834258   2.833947  -0.000327    34.5306    34.5302     5.9713    27.7671    27.7669    34.5291    27.7659    1457.65    1457.63    -0.8508  1031.5392    34.6984 0.0000e+00
      31937 315.062797  -62.92640  -60.13858     -1.070    1451.82    792.000    782.859    -0.8244    -0.8254    -0.0010    -0.8523    -0.8533    -0.0010   2.834135   2.834016  -0.000097    34.5303    34.5301     5.9870    27.7669    27.7668    34.5292    27.7660    1457.63    1457.63    -0.8518  1031.5347    34.6985 0.0000e+00
      31964 315.062810  -62.92640  -60.13859     -0.914    1451.82    791.000    781.873    -0.8277    -0.8312    -0.0036    -0.8555    -0.8591    -0.0035   2.833736   2.833456  -0.000310    34.5298    34.5297     5.9961    27.7666    27.7666    34.5281    27.7653    1457.60    1457.58    -0.8550  1031.5293    34.6974 0.0000e+00
      31991 315.062823  -62.92640  -60.13860     -0.881    1451.82    790.000    780.886    -0.8333    -0.8345    -0.0012    -0.8611    -0.8622    -0.0012   2.833201   2.833070  -0.000130    34.5293    34.5289     5.9993    27.7664    27.7661    34.5279    27.7653    1457.55    1457.55    -0.8605  1031.5247    34.6971 0.0000e+00
      32017 315.062836  -62.92640  -60.13859     -0.911    1451.82    789.000    779.900    -0.8331    -0.8364    -0.0034    -0.8608    -0.8641    -0.0034   2.833178   2.832864  -0.000313    34.5290    34.5286     5.9994    27.7661    27.7660    34.5279    27.7653    1457.54    1457.52    -0.8603  1031.5201    34.6972 0.0000e+00
      32042 315.062848  -62.92640  -60.13858     -0.941    1451.82    788.000    778.913    -0.8356    -0.8373    -0.0017    -0.8633    -0.8650    -0.0016   2.832898   2.832738  -0.000167    34.5287    34.5284     6.0021    27.7660    27.7658    34.5276    27.7652    1457.51    1457.50    -0.8627  1031.5153    34.6969 0.0000e+00
      32065 315.062859  -62.92640  -60.13858     -1.009    1451.82    787.000    777.927    -0.8369    -0.8378    -0.0008    -0.8646    -0.8654    -0.0008   2.832733   2.832658  -0.000079    34.5284    34.5283     6.0013    27.7658    27.7658    34.5275    27.7651    1457.49    1457.48    -0.8640  1031.5105    34.6967 0.0000e+00
      32085 315.062869  -62.92640  -60.13858     -1.102    1451.82    786.000    776.940    -0.8374    -0.8379    -0.0005    -0.8650    -0.8655    -0.0005   2.832629   2.832598  -0.000039    34.5280    34.5281     6.0071    27.7656    27.7656    34.5272    27.7649    1457.47    1457.46    -0.8644  1031.5056    34.6965 0.0000e+00
      32104 315.062878  -62.92640  -60.13858     -1.193    1451.82    785.000    775.953    -0.8376    -0.8380    -0.0004    -0.8651    -0.8655    -0.0004   2.832561   2.832543  -0.000026    34.5279    34.5280     6.0088    27.7655    27.7656    34.5271    27.7648    1457.45    1457.45    -0.8646  1031.5009    34.6964 0.0000e+00
      32123 315.062887  -62.92640  -60.13858     -1.265    1451.82    784.000    774.967    -0.8382    -0.8385    -0.0004    -0.8656    -0.8660    -0.0004   2.832468   2.832455  -0.000011    34.5277    34.5280     6.0117    27.7653    27.7655    34.5271    27.7648    1457.43    1457.43    -0.8651  1031.4962    34.6964 0.0000e+00
      32141 315.062896  -62.92640  -60.13858     -1.302    1451.82    783.000    773.980    -0.8380    -0.8388    -0.0008    -0.8654    -0.8663    -0.0008   2.832448   2.832383  -0.000064    34.5278    34.5279     6.0177    27.7654    27.7655    34.5272    27.7649    1457.42    1457.41    -0.8649  1031.4915    34.6964 0.0000e+00
      32161 315.062905  -62.92640  -60.13858     -1.269    1451.82    782.000    772.994    -0.8386    -0.8389    -0.0003    -0.8660    -0.8663    -0.0003   2.832351   2.832339  -0.000020    34.5278    34.5279     6.0121    27.7654    27.7655    34.5272    27.7649    1457.40    1457.39    -0.8655  1031.4868    34.6964 0.0000e+00
      32184 315.062916  -62.92640  -60.13858     -1.139    1451.82    781.000    772.007    -0.8381    -0.8390    -0.0009    -0.8655    -0.8663    -0.0009   2.832360   2.832284  -0.000074    34.5278    34.5278     6.0107    27.7654    27.7654    34.5274    27.7650    1457.38    1457.38    -0.8649  1031.4822    34.6966 0.0000e+00
      32209 315.062928  -62.92640  -60.13858     -0.991    1451.82    780.000    771.020    -0.8387    -0.8390    -0.0003    -0.8660    -0.8664    -0.0003   2.832246   2.832231  -0.000022    34.5276    34.5277     6.0111    27.7652    27.7653    34.5271    27.7648    1457.36    1457.36    -0.8655  1031.4773    34.6963 0.0000e+00
      32234 315.062940  -62.92642  -60.13858     -0.965    1451.82    779.000    770.033    -0.8390    -0.8394    -0.0004    -0.8663    -0.8666    -0.0004   2.832026   2.832163   0.000034    34.5269    34.5277     6.0125    27.7647    27.7654    34.5251    27.7632    1457.34    1457.34    -0.8657  1031.4710    34.6943 0.0000e+00
      32256 315.062951  -62.92642  -60.13858     -1.026    1451.82    778.000    769.047    -0.8394    -0.8396    -0.0002    -0.8666    -0.8668    -0.0002   2.831991   2.832090   0.000055    34.5266    34.5276     6.0082    27.7644    27.7652    34.5256    27.7637    1457.32    1457.33    -0.8661  1031.4668    34.6948 0.0000e+00
      32278 315.062962  -62.92642  -60.13858     -1.071    1451.82    777.000    768.060    -0.8396    -0.8402    -0.0007    -0.8667    -0.8674    -0.0007   2.832027   2.831986  -0.000031    34.5271    34.5274     6.0137    27.7649    27.7652    34.5269    27.7647    1457.31    1457.31    -0.8662  1031.4631    34.6961 0.0000e+00
      32302 315.062973  -62.92642  -60.13858     -1.039    1451.82    776.000    767.074    -0.8398    -0.8404    -0.0006    -0.8669    -0.8675    -0.0006   2.831978   2.831930  -0.000049    34.5274    34.5274     6.0180    27.7651    27.7651    34.5271    27.7649    1457.29    1457.29    -0.8664  1031.4586    34.6963 0.0000e+00
      32328 315.062986  -62.92642  -60.13858     -0.956    1451.82    775.000    766.087    -0.8403    -0.8405    -0.0003    -0.8673    -0.8676    -0.0003   2.831895   2.831872  -0.000028    34.5274    34.5273     6.0193    27.7651    27.7651    34.5271    27.7649    1457.27    1457.27    -0.8668  1031.4539    34.6963 0.0000e+00
      32353 315.062998  -62.92642  -60.13858     -0.939    1451.82    774.000    765.100    -0.8405    -0.8408    -0.0004    -0.8675    -0.8679    -0.0004   2.831816   2.831795  -0.000022    34.5271    34.5273     6.0095    27.7649    27.7651    34.5269    27.7647    1457.25    1457.25    -0.8670  1031.4490    34.6961 0.0000e+00
      32374 315.063008  -62.92642  -60.13858     -1.036    1451.82    773.000    764.113    -0.8408    -0.8411    -0.0003    -0.8678    -0.8681    -0.0003   2.831738   2.831719  -0.000020    34.5271    34.5272     6.0101    27.7649    27.7650    34.5268    27.7647    1457.24    1457.24    -0.8673  1031.4442    34.6960 0.0000e+00
      32393 315.063017  -62.92642  -60.13858     -1.175    1451.82    772.000    763.127    -0.8413    -0.8421    -0.0007    -0.8683    -0.8690    -0.0007   2.831624   2.831587  -0.000036    34.5268    34.5272     6.0109    27.7647    27.7650    34.5264    27.7644    1457.22    1457.21    -0.8677  1031.4392    34.6956 0.0000e+00
      32411 315.063026  -62.92642  -60.13858     -1.291    1451.82    771.000    762.140    -0.8419    -0.8425    -0.0006    -0.8688    -0.8694    -0.0006   2.831547   2.831508  -0.000038    34.5268    34.5270     6.0079    27.7647    27.7649    34.5266    27.7645    1457.20    1457.20    -0.8683  1031.4347    34.6958 0.0000e+00
      32428 315.063034  -62.92642  -60.13858     -1.356    1451.82    770.000    761.153    -0.8424    -0.8429    -0.0004    -0.8693    -0.8697    -0.0004   2.831439   2.831428  -0.000014    34.5268    34.5270     6.0184    27.7647    27.7649    34.5264    27.7644    1457.18    1457.18    -0.8688  1031.4299    34.6956 0.0000e+00
      32446 315.063043  -62.92642  -60.13858     -1.357    1451.82    769.000    760.167    -0.8428    -0.8431    -0.0003    -0.8696    -0.8700    -0.0003   2.831383   2.831367  -0.000019    34.5269    34.5270     6.0213    27.7648    27.7649    34.5266    27.7646    1457.16    1457.16    -0.8691  1031.4254    34.6959 0.0000e+00
      32467 315.063053  -62.92642  -60.13858     -1.252    1451.82    768.000    759.180    -0.8423    -0.8431    -0.0008    -0.8691    -0.8699    -0.0008   2.831378   2.831310  -0.000063    34.5268    34.5269     6.0151    27.7647    27.7648    34.5266    27.7646    1457.15    1457.14    -0.8686  1031.4206    34.6958 0.0000e+00
      32493 315.063065  -62.92642  -60.13858     -1.038    1451.82    767.000    758.193    -0.8430    -0.8432    -0.0003    -0.8697    -0.8700    -0.0003   2.831279   2.831272  -0.000017    34.5268    34.5269     6.0177    27.7648    27.7648    34.5266    27.7646    1457.13    1457.13    -0.8692  1031.4159    34.6958 0.0000e+00
      32522 315.063079  -62.92642  -60.13858     -0.861    1451.82    766.000    757.207    -0.8441    -0.8437     0.0004    -0.8708    -0.8704     0.0004   2.831125   2.831174   0.000049    34.5267    34.5269     6.0204    27.7647    27.7648    34.5264    27.7645    1457.11    1457.11    -0.8703  1031.4111    34.6956 0.0000e+00
      32548 315.063092  -62.92642  -60.13858     -0.862    1451.82    765.000    756.220    -0.8447    -0.8451    -0.0004    -0.8714    -0.8718    -0.0004   2.831023   2.830991  -0.000029    34.5266    34.5266     6.0261    27.7646    27.7647    34.5263    27.7644    1457.09    1457.08    -0.8708  1031.4064    34.6955 0.0000e+00
      32571 315.063103  -62.92642  -60.13858     -0.974    1451.82    764.000    755.234    -0.8456    -0.8459    -0.0003    -0.8721    -0.8725    -0.0003   2.830906   2.830890  -0.000016    34.5266    34.5267     6.0299    27.7646    27.7648    34.5263    27.7644    1457.07    1457.06    -0.8717  1031.4017    34.6955 0.0000e+00
      32592 315.063113  -62.92642  -60.13858     -1.097    1451.82    763.000    754.247    -0.8460    -0.8465    -0.0005    -0.8725    -0.8730    -0.0005   2.830826   2.830784  -0.000038    34.5265    34.5265     6.0280    27.7646    27.7647    34.5263    27.7644    1457.05    1457.04    -0.8720  1031.3970    34.6955 0.0000e+00
      32613 315.063123  -62.92642  -60.13858     -1.147    1451.82    762.000    753.260    -0.8459    -0.8471    -0.0011    -0.8724    -0.8736    -0.0011   2.830778   2.830690  -0.000090    34.5264    34.5265     6.0208    27.7646    27.7647    34.5261    27.7643    1457.03    1457.02    -0.8719  1031.3922    34.6953 0.0000e+00
      32636 315.063134  -62.92642  -60.13858     -1.097    1451.82    761.000    752.273    -0.8471    -0.8480    -0.0008    -0.8736    -0.8744    -0.0008   2.830643   2.830559  -0.000075    34.5265    34.5265     6.0218    27.7647    27.7647    34.5263    27.7645    1457.01    1457.00    -0.8730  1031.3876    34.6955 0.0000e+00
      32662 315.063146  -62.92642  -60.13858     -0.979    1451.82    760.000    751.286    -0.8487    -0.8493    -0.0007    -0.8751    -0.8757    -0.0007   2.830458   2.830382  -0.000074    34.5264    34.5262     6.0190    27.7646    27.7645    34.5261    27.7644    1456.98    1456.98    -0.8746  1031.3829    34.6953 0.0000e+00
      32687 315.063159  -62.92642  -60.13858     -0.932    1451.82    759.000    750.300    -0.8506    -0.8521    -0.0014    -0.8770    -0.8784    -0.0014   2.830193   2.830059  -0.000137    34.5260    34.5258     6.0170    27.7644    27.7643    34.5254    27.7639    1456.96    1456.95    -0.8764  1031.3777    34.6946 0.0000e+00
      32709 315.063169  -62.92643  -60.13858     -1.008    1451.82    758.000    749.313    -0.8534    -0.8542    -0.0008    -0.8797    -0.8805    -0.0008   2.829893   2.829841  -0.000058    34.5257    34.5258     6.0235    27.7642    27.7644    34.5251    27.7638    1456.93    1456.92    -0.8792  1031.3730    34.6943 0.0000e+00
      32728 315.063179  -62.92644  -60.13858     -1.131    1451.82    757.000    748.326    -0.8557    -0.8564    -0.0008    -0.8819    -0.8827    -0.0008   2.829640   2.829558  -0.000073    34.5255    34.5255     6.0244    27.7642    27.7642    34.5249    27.7637    1456.90    1456.90    -0.8814  1031.3682    34.6940 0.0000e+00
