Pos-Processados/process_op41/operantar41_016.ros
* Sea-Bird SBE 9 Data File:
* FileName = C:\Users\Dell\Desktop\OperantarXLI\config\00_BRUTOS\OPE41016.hdr
* Software Version Seasave V 7.26.7.110
* Temperature SN = 6497
* Conductivity SN = 4954
* Number of Bytes Per Scan = 31
* Number of Voltage Words = 2
* Number of Scans Averaged by the Deck Unit = 1
* NMEA Latitude = 62 09.82 S
* NMEA Longitude = 058 22.39 W
* NMEA UTC (Time) = Nov 09 2022 14:38:16
* NMEA baud rate = 4800
** H41
** Navio Polar Almirante Maximiano
** LH-021/2022
** Operantar XLI
** Número da Estação 0016
** Latitude 62 9,860 S
** Longitude 58 22,350 W
** Data/Hora (Z) 09/11/22 1440Z
** Profundidade local 415 m
** 09-1439
** Nome do Operador CT GARLA
# nquan = 24
# nvalues = 758                                   
# units = specified
# name 0 = scan: Scan Count
# name 1 = timeJ: Julian Days
# name 2 = latitude: Latitude [deg]
# name 3 = longitude: Longitude [deg]
# name 4 = dz/dtM: Descent Rate [m/s]
# name 5 = avgsvCM: Average Sound Velocity [Chen-Millero, m/s]
# name 6 = prDM: Pressure, Digiquartz [db]
# name 7 = depSM: Depth [salt water, m]
# name 8 = t090C: Temperature [ITS-90, deg C]
# name 9 = t190C: Temperature, 2 [ITS-90, deg C]
# name 10 = T2-T190C: Temperature Difference, 2 - 1 [ITS-90, deg C]
# name 11 = potemp090C: Potential Temperature [ITS-90, deg C]
# name 12 = potemp190C: Potential Temperature, 2 [ITS-90, deg C]
# name 13 = potemp90Cdiff: Potential Temperature, Diff, 2 - 1 [ITS-90, deg C]
# name 14 = c0S/m: Conductivity [S/m]
# name 15 = c1S/m: Conductivity, 2 [S/m]
# name 16 = C2-C1S/m: Conductivity Difference, 2 - 1 [S/m]
# name 17 = sal00: Salinity, Practical [PSU]
# name 18 = sal11: Salinity, Practical, 2 [PSU]
# name 19 = sbeox0ML/L: Oxygen, SBE 43 [ml/l]
# name 20 = sigma-é00: Density [sigma-theta, kg/m^3]
# name 21 = sigma-é11: Density, 2 [sigma-theta, kg/m^3]
# name 22 = nbf: Bottles Fired
# name 23 = flag:  0.000e+00
# interval = seconds: 0.0416667
# start_time = Nov 09 2022 14:38:16 [NMEA time, header]
# bad_flag = -9.990e-29
*END*
[from data line 363]
      24701 313.621819  -62.16382  -58.37320     -0.004    1450.59      2.151      2.130    -0.0976    -0.0991    -0.0014    -0.0977    -0.0991    -0.0014   2.833939   2.833926  -0.000013    34.1821    34.1836     7.4845    27.4509    27.4522          7  0.000e+00
      24702 313.621820  -62.16382  -58.37320     -0.005    1450.59      2.094      2.074    -0.0978    -0.0989    -0.0011    -0.0978    -0.0990    -0.0011   2.833899   2.833955   0.000056    34.1818    34.1838     7.4847    27.4507    27.4523          7  0.000e+00
      24703 313.621820  -62.16382  -58.37320     -0.002    1450.59      2.151      2.130    -0.0981    -0.0987    -0.0006    -0.0981    -0.0988    -0.0006   2.833871   2.833943   0.000072    34.1817    34.1834     7.4850    27.4506    27.4520          7  0.000e+00
      24704 313.621821  -62.16382  -58.37320     -0.002    1450.59      2.094      2.074    -0.0982    -0.0987    -0.0005    -0.0983    -0.0988    -0.0005   2.833882   2.833874  -0.000008    34.1821    34.1825     7.4850    27.4510    27.4513          7  0.000e+00
      24705 313.621821  -62.16382  -58.37320     -0.003    1450.59      2.151      2.130    -0.0984    -0.0989    -0.0005    -0.0984    -0.0990    -0.0005   2.833893   2.833857  -0.000036    34.1824    34.1825     7.4788    27.4512    27.4513          7  0.000e+00
      24706 313.621821  -62.16382  -58.37320     -0.003    1450.59      2.094      2.074    -0.0987    -0.0991    -0.0004    -0.0987    -0.0991    -0.0004   2.833888   2.833874  -0.000013    34.1827    34.1829     7.4842    27.4514    27.4516          7  0.000e+00
      24707 313.621822  -62.16382  -58.37320     -0.000    1450.59      2.151      2.130    -0.0987    -0.0989    -0.0002    -0.0987    -0.0990    -0.0002   2.833871   2.833903   0.000032    34.1824    34.1831     7.4780    27.4512    27.4518          7  0.000e+00
      24708 313.621822  -62.16382  -58.37320     -0.001    1450.59      2.078      2.058    -0.0985    -0.0989    -0.0004    -0.0985    -0.0990    -0.0004   2.833865   2.833909   0.000044    34.1822    34.1832     7.4842    27.4510    27.4519          7  0.000e+00
      24709 313.621823  -62.16382  -58.37320     -0.006    1450.59      2.094      2.074    -0.0984    -0.0989    -0.0005    -0.0984    -0.0990    -0.0005   2.833905   2.833949   0.000044    34.1826    34.1837     7.4842    27.4513    27.4523          7  0.000e+00
      24710 313.621823  -62.16382  -58.37320     -0.003    1450.59      2.151      2.130    -0.0977    -0.0987    -0.0010    -0.0978    -0.0988    -0.0010   2.833922   2.833943   0.000022    34.1820    34.1834     7.4840    27.4508    27.4520          8  0.000e+00
      24711 313.621824  -62.16382  -58.37320     -0.003    1450.59      2.094      2.074    -0.0976    -0.0989    -0.0013    -0.0977    -0.0990    -0.0013   2.833893   2.833897   0.000004    34.1815    34.1830     7.4839    27.4505    27.4517          8  0.000e+00
      24712 313.621824  -62.16382  -58.37320     -0.003    1450.59      2.151      2.130    -0.0976    -0.0991    -0.0014    -0.0977    -0.0991    -0.0014   2.833927   2.833823  -0.000104    34.1820    34.1822     7.4838    27.4508    27.4511          8  0.000e+00
      24713 313.621825  -62.16382  -58.37320     -0.000    1450.59      2.151      2.130    -0.0974    -0.0991    -0.0016    -0.0975    -0.0991    -0.0016   2.833944   2.833840  -0.000104    34.1820    34.1824     7.4836    27.4508    27.4512          8  0.000e+00
      24714 313.621825  -62.16382  -58.37320     -0.004    1450.59      2.038      2.019    -0.0973    -0.0992    -0.0019    -0.0974    -0.0992    -0.0019   2.833944   2.833874  -0.000070    34.1819    34.1831     7.4770    27.4508    27.4518          8  0.000e+00
      24715 313.621826  -62.16382  -58.37320     -0.007    1450.59      2.094      2.074    -0.0970    -0.0991    -0.0021    -0.0970    -0.0991    -0.0021   2.834001   2.833920  -0.000080    34.1823    34.1835     7.4758    27.4510    27.4521          8  0.000e+00
      24716 313.621826  -62.16382  -58.37320     -0.003    1450.59      2.151      2.130    -0.0971    -0.0992    -0.0020    -0.0972    -0.0992    -0.0020   2.833961   2.833915  -0.000047    34.1819    34.1835     7.4810    27.4507    27.4522          8  0.000e+00
      24717 313.621827  -62.16382  -58.37320     -0.007    1450.59      2.094      2.074    -0.0970    -0.0989    -0.0019    -0.0970    -0.0990    -0.0019   2.833944   2.833869  -0.000075    34.1815    34.1827     7.4817    27.4504    27.4514          8  0.000e+00
      24718 313.621827  -62.16382  -58.37320     -0.007    1450.59      2.094      2.074    -0.0979    -0.0987    -0.0008    -0.0980    -0.0988    -0.0008   2.833927   2.833892  -0.000036    34.1823    34.1828     7.4816    27.4511    27.4515          8  0.000e+00
      24719 313.621828  -62.16382  -58.37320     -0.010    1450.59      2.094      2.074    -0.0984    -0.0989    -0.0005    -0.0984    -0.0990    -0.0005   2.833899   2.833892  -0.000007    34.1825    34.1830     7.4814    27.4512    27.4517          8  0.000e+00
      24720 313.621828  -62.16382  -58.37320     -0.011    1450.59      2.078      2.058    -0.0990    -0.0989     0.0001    -0.0991    -0.0990     0.0001   2.833848   2.833903   0.000055    34.1825    34.1831     7.4812    27.4513    27.4518          8  0.000e+00
      24721 313.621829  -62.16382  -58.37320     -0.011    1450.59      2.094      2.074    -0.0987    -0.0993    -0.0007    -0.0987    -0.0994    -0.0007   2.833820   2.833909   0.000089    34.1818    34.1837     7.4808    27.4507    27.4523          8  0.000e+00
      24722 313.621829  -62.16382  -58.37320     -0.014    1450.59      2.094      2.074    -0.0985    -0.0991    -0.0006    -0.0985    -0.0991    -0.0006   2.833831   2.833926   0.000095    34.1817    34.1836     7.4804    27.4506    27.4522          8  0.000e+00
      24723 313.621830  -62.16382  -58.37320     -0.017    1450.59      2.094      2.074    -0.0987    -0.0992    -0.0005    -0.0987    -0.0992    -0.0005   2.833843   2.833937   0.000095    34.1821    34.1839     7.4799    27.4509    27.4524          8  0.000e+00
      24724 313.621830  -62.16382  -58.37320     -0.013    1450.59      2.151      2.130    -0.0989    -0.0991    -0.0001    -0.0990    -0.0991    -0.0001   2.833837   2.833897   0.000060    34.1823    34.1832     7.4858    27.4511    27.4519          8  0.000e+00
      24725 313.621831  -62.16382  -58.37320     -0.019    1450.59      2.038      2.019    -0.0988    -0.0995    -0.0007    -0.0989    -0.0996    -0.0007   2.833820   2.833840   0.000020    34.1820    34.1830     7.4799    27.4509    27.4517          8  0.000e+00
      24726 313.621831  -62.16382  -58.37320     -0.018    1450.59      2.094      2.074    -0.0988    -0.0992    -0.0003    -0.0989    -0.0992    -0.0003   2.833814   2.833869   0.000054    34.1819    34.1830     7.4793    27.4508    27.4517          8  0.000e+00
      24727 313.621832  -62.16382  -58.37320     -0.021    1450.59      2.094      2.074    -0.0993    -0.0992     0.0001    -0.0994    -0.0992     0.0001   2.833831   2.833886   0.000055    34.1826    34.1832     7.4787    27.4514    27.4519          8  0.000e+00
      24728 313.621832  -62.16382  -58.37320     -0.020    1450.59      2.094      2.074    -0.0996    -0.0993     0.0003    -0.0997    -0.0994     0.0003   2.833820   2.833903   0.000083    34.1828    34.1836     7.4781    27.4516    27.4522          8  0.000e+00
      24729 313.621833  -62.16382  -58.37320     -0.019    1450.59      2.094      2.074    -0.0995    -0.0992     0.0003    -0.0995    -0.0992     0.0003   2.833809   2.833909   0.000100    34.1825    34.1835     7.4773    27.4513    27.4521          8  0.000e+00
      24730 313.621833  -62.16382  -58.37320     -0.022    1450.59      2.094      2.074    -0.0996    -0.0992     0.0004    -0.0997    -0.0992     0.0004   2.833831   2.833869   0.000037    34.1830    34.1830     7.4766    27.4517    27.4517          8  0.000e+00
      24731 313.621834  -62.16382  -58.37320     -0.028    1450.59      1.974      1.955    -0.0994    -0.0993     0.0001    -0.0995    -0.0994     0.0001   2.833860   2.833834  -0.000025    34.1832    34.1828     7.4766    27.4519    27.4515          8  0.000e+00
      24732 313.621834  -62.16382  -58.37320     -0.023    1450.59      2.199      2.178    -0.0991    -0.0993    -0.0002    -0.0992    -0.0994    -0.0002   2.833826   2.833829   0.000003    34.1823    34.1826     7.4697    27.4511    27.4514          8  0.000e+00
      24733 313.621834  -62.16382  -58.37320     -0.026    1450.59      2.038      2.019    -0.0991    -0.0997    -0.0005    -0.0992    -0.0997    -0.0005   2.833831   2.833811  -0.000020    34.1825    34.1828     7.4750    27.4513    27.4516          8  0.000e+00
      24734 313.621835  -62.16382  -58.37320     -0.028    1450.59      2.094      2.074    -0.0991    -0.0998    -0.0007    -0.0992    -0.0999    -0.0007   2.833814   2.833806  -0.000009    34.1822    34.1828     7.4690    27.4511    27.4516          8  0.000e+00
      24735 313.621835  -62.16382  -58.37320     -0.026    1450.59      2.094      2.074    -0.0994    -0.1000    -0.0005    -0.0995    -0.1000    -0.0005   2.833792   2.833840   0.000048    34.1822    34.1835     7.4746    27.4511    27.4521          8  0.000e+00
      24736 313.621836  -62.16382  -58.37320     -0.025    1450.59      2.094      2.074    -0.0993    -0.1003    -0.0010    -0.0994    -0.1004    -0.0010   2.833843   2.833817  -0.000025    34.1828    34.1836     7.4748    27.4515    27.4522          8  0.000e+00
      24737 313.621836  -62.16382  -58.37320     -0.030    1450.59      2.038      2.019    -0.0987    -0.1001    -0.0015    -0.0987    -0.1002    -0.0015   2.833865   2.833823  -0.000042    34.1824    34.1835     7.4749    27.4512    27.4521          8  0.000e+00
      24738 313.621837  -62.16382  -58.37320     -0.028    1450.59      2.151      2.130    -0.0981    -0.1006    -0.0025    -0.0981    -0.1007    -0.0025   2.833882   2.833726  -0.000157    34.1819    34.1826     7.4741    27.4508    27.4515          8  0.000e+00
      24739 313.621837  -62.16382  -58.37320     -0.029    1450.59      2.038      2.019    -0.0981    -0.1009    -0.0028    -0.0981    -0.1010    -0.0028   2.833854   2.833731  -0.000123    34.1816    34.1831     7.4732    27.4505    27.4519          8  0.000e+00
      24740 313.621838  -62.16382  -58.37320     -0.031    1450.59      2.038      2.019    -0.0985    -0.1007    -0.0023    -0.0985    -0.1008    -0.0023   2.833843   2.833731  -0.000111    34.1819    34.1830     7.4734    27.4508    27.4518          8  0.000e+00
      24741 313.621838  -62.16382  -58.37320     -0.032    1450.59      2.094      2.074    -0.0988    -0.1010    -0.0022    -0.0989    -0.1011    -0.0022   2.833843   2.833783  -0.000060    34.1823    34.1839     7.4737    27.4511    27.4525          8  0.000e+00
      24742 313.621839  -62.16382  -58.37320     -0.029    1450.59      2.094      2.074    -0.0989    -0.1007    -0.0018    -0.0990    -0.1008    -0.0018   2.833860   2.833806  -0.000054    34.1826    34.1839     7.4739    27.4514    27.4525          8  0.000e+00
      24743 313.621839  -62.16382  -58.37320     -0.030    1450.59      2.094      2.074    -0.0988    -0.1009    -0.0021    -0.0989    -0.1010    -0.0021   2.833820   2.833840   0.000020    34.1820    34.1846     7.4741    27.4508    27.4531          8  0.000e+00
      24744 313.621840  -62.16382  -58.37320     -0.029    1450.59      2.078      2.058    -0.0989    -0.1006    -0.0016    -0.0990    -0.1006    -0.0016   2.833831   2.833794  -0.000037    34.1822    34.1836     7.4742    27.4511    27.4522          8  0.000e+00
      24745 313.621840  -62.16382  -58.37320     -0.027    1450.59      2.094      2.074    -0.0987    -0.1006    -0.0019    -0.0987    -0.1006    -0.0019   2.833860   2.833794  -0.000065    34.1823    34.1836     7.4806    27.4511    27.4522          8  0.000e+00
      24746 313.621841  -62.16382  -58.37320     -0.027    1450.59      2.038      2.019    -0.0990    -0.1004    -0.0014    -0.0991    -0.1005    -0.0014   2.833882   2.833783  -0.000099    34.1830    34.1833     7.4754    27.4517    27.4520          8  0.000e+00
      24747 313.621841  -62.16382  -58.37320     -0.027    1450.59      2.094      2.074    -0.0993    -0.1004    -0.0011    -0.0994    -0.1005    -0.0011   2.833848   2.833794  -0.000054    34.1829    34.1834     7.4757    27.4516    27.4521          8  0.000e+00
      24748 313.621842  -62.16382  -58.37320     -0.024    1450.59      2.094      2.074    -0.0993    -0.1006    -0.0013    -0.0994    -0.1006    -0.0013   2.833837   2.833806  -0.000031    34.1827    34.1837     7.4768    27.4515    27.4524          8  0.000e+00
      24749 313.621842  -62.16382  -58.37320     -0.028    1450.59      2.038      2.019    -0.0989    -0.1009    -0.0020    -0.0990    -0.1010    -0.0020   2.833843   2.833823  -0.000020    34.1824    34.1844     7.4769    27.4512    27.4529          8  0.000e+00
      24750 313.621843  -62.16382  -58.37320     -0.025    1450.59      2.094      2.074    -0.0991    -0.1012    -0.0021    -0.0992    -0.1013    -0.0021   2.833843   2.833811  -0.000031    34.1826    34.1845     7.4771    27.4514    27.4530          8  0.000e+00
      24751 313.621843  -62.16382  -58.37320     -0.025    1450.59      2.094      2.074    -0.0988    -0.1010    -0.0022    -0.0989    -0.1011    -0.0022   2.833843   2.833760  -0.000083    34.1823    34.1836     7.4772    27.4511    27.4523          8  0.000e+00
      24752 313.621844  -62.16382  -58.37320     -0.024    1450.59      2.038      2.019    -0.0988    -0.1010    -0.0022    -0.0989    -0.1011    -0.0022   2.833860   2.833731  -0.000128    34.1825    34.1833     7.4773    27.4513    27.4520          8  0.000e+00
      24753 313.621844  -62.16382  -58.37320     -0.024    1450.59      2.094      2.074    -0.0988    -0.1010    -0.0022    -0.0989    -0.1011    -0.0022   2.833848   2.833743  -0.000106    34.1823    34.1834     7.4776    27.4512    27.4521          8  0.000e+00
      24754 313.621845  -62.16382  -58.37320     -0.024    1450.59      2.038      2.019    -0.0988    -0.1014    -0.0025    -0.0989    -0.1014    -0.0025   2.833860   2.833748  -0.000111    34.1825    34.1839     7.4766    27.4513    27.4525          8  0.000e+00
      24755 313.621845  -62.16382  -58.37320     -0.023    1450.59      2.094      2.074    -0.0987    -0.1010    -0.0024    -0.0987    -0.1011    -0.0024   2.833882   2.833789  -0.000094    34.1826    34.1840     7.4768    27.4513    27.4526          9  0.000e+00
      24756 313.621846  -62.16382  -58.37320     -0.023    1450.59      2.022      2.003    -0.0988    -0.1010    -0.0022    -0.0989    -0.1011    -0.0022   2.833848   2.833806  -0.000043    34.1824    34.1843     7.4758    27.4512    27.4528          9  0.000e+00
      24757 313.621846  -62.16382  -58.37320     -0.020    1450.59      2.151      2.130    -0.0987    -0.1009    -0.0023    -0.0987    -0.1010    -0.0023   2.833837   2.833743  -0.000094    34.1819    34.1832     7.4760    27.4508    27.4520          9  0.000e+00
      24758 313.621847  -62.16382  -58.37320     -0.027    1450.59      1.974      1.955    -0.0989    -0.1006    -0.0016    -0.0990    -0.1006    -0.0016   2.833843   2.833783  -0.000060    34.1825    34.1835     7.4760    27.4513    27.4522          9  0.000e+00
      24759 313.621847  -62.16382  -58.37320     -0.019    1450.59      2.151      2.130    -0.0987    -0.1000    -0.0014    -0.0987    -0.1001    -0.0014   2.833843   2.833783  -0.000060    34.1820    34.1827     7.4762    27.4509    27.4515          9  0.000e+00
