Pos-Processados/process_op41/operantar41_003.ros
* Sea-Bird SBE 9 Data File:
* FileName = C:\Users\Dell\Desktop\Operantar XLI\Raw\OP41003.hdr
* Software Version Seasave V 7.26.7.110
* Temperature SN = 6497
* Conductivity SN = 4954
* Number of Bytes Per Scan = 31
* Number of Voltage Words = 2
* Number of Scans Averaged by the Deck Unit = 1
* NMEA Latitude = 37 44.65 S
* NMEA Longitude = 048 37.45 W
* NMEA UTC (Time) = Oct 18 2022 02:57:07
* NMEA baud rate = 4800
** H41
** Navio Polar Almirante Maximiano
** LH-021/2022
** Operantar XLI
** Número da Estação 003
** Latitude 37ª44.632S
** Longitude 048ª37.496W
** Data/Hora (Z) 18/10/2022 0257Z
** Profundidade local 5500
** 09-1439
** Nome do Operador 1T FILIPE LOPES
# nquan = 24
# nvalues = 1765                                  
# units = specified
# name 0 = scan: Scan Count
# name 1 = timeJ: Julian Days
# name 2 = latitude: Latitude [deg]
# name 3 = longitude: Longitude [deg]
# name 4 = dz/dtM: Descent Rate [m/s]
# name 5 = avgsvCM: Average Sound Velocity [Chen-Millero, m/s]
# name 6 = prDM: Pressure, Digiquartz [db]
# name 7 = depSM: Depth [salt water, m]
# name 8 = t090C: Temperature [ITS-90, deg C]
# name 9 = t190C: Temperature, 2 [ITS-90, deg C]
# name 10 = T2-T190C: Temperature Difference, 2 - 1 [ITS-90, deg C]
# name 11 = potemp090C: Potential Temperature [ITS-90, deg C]
# name 12 = potemp190C: Potential Temperature, 2 [ITS-90, deg C]
# name 13 = potemp90Cdiff: Potential Temperature, Diff, 2 - 1 [ITS-90, deg C]
# name 14 = c0S/m: Conductivity [S/m]
# name 15 = c1S/m: Conductivity, 2 [S/m]
# name 16 = C2-C1S/m: Conductivity Difference, 2 - 1 [S/m]
# name 17 = sal00: Salinity, Practical [PSU]
# name 18 = sal11: Salinity, Practical, 2 [PSU]
# name 19 = sbeox0ML/L: Oxygen, SBE 43 [ml/l]
# name 20 = sigma-é00: Density [sigma-theta, kg/m^3]
# name 21 = sigma-é11: Density, 2 [sigma-theta, kg/m^3]
# name 22 = nbf: Bottles Fired
# name 23 = flag:  0.000e+00
# interval = seconds: 0.0416667
# start_time = Oct 18 2022 02:57:07 [NMEA time, header]
# bad_flag = -9.990e-29
*END*
[from data line 1631]
      65365 291.154520  -37.74786  -48.61764      0.170    1488.80      4.958      4.921    14.2397    14.2396    -0.0001    14.2390    14.2389    -0.0001   4.244078   4.243978  -0.000100    35.2477    35.2469     5.8202    26.3279    26.3273         24  0.000e+00
      65366 291.154520  -37.74786  -48.61764      0.200    1488.80      5.022      4.985    14.2396    14.2393    -0.0003    14.2389    14.2385    -0.0003   4.244065   4.243938  -0.000127    35.2477    35.2468     5.8205    26.3279    26.3273         24  0.000e+00
      65367 291.154521  -37.74786  -48.61764      0.221    1488.80      4.958      4.921    14.2395    14.2384    -0.0011    14.2387    14.2377    -0.0011   4.244078   4.243898  -0.000180    35.2479    35.2472     5.8208    26.3282    26.3278         24  0.000e+00
      65368 291.154521  -37.74786  -48.61764      0.241    1488.80      4.958      4.921    14.2393    14.2379    -0.0014    14.2386    14.2372    -0.0014   4.244025   4.243864  -0.000161    35.2476    35.2474     5.8212    26.3279    26.3281         24  0.000e+00
      65369 291.154522  -37.74786  -48.61764      0.267    1488.80      5.079      5.041    14.2388    14.2371    -0.0017    14.2380    14.2363    -0.0017   4.243999   4.243858  -0.000141    35.2478    35.2480     5.8217    26.3282    26.3287         24  0.000e+00
      65370 291.154522  -37.74786  -48.61764      0.295    1488.80      5.135      5.097    14.2386    14.2371    -0.0015    14.2379    14.2363    -0.0015   4.243979   4.243777  -0.000202    35.2477    35.2472     5.8218    26.3282    26.3281         24  0.000e+00
      65371 291.154523  -37.74786  -48.61764      0.318    1488.80      5.135      5.097    14.2386    14.2367    -0.0019    14.2379    14.2360    -0.0019   4.243999   4.243771  -0.000228    35.2479    35.2475     5.8218    26.3283    26.3284         24  0.000e+00
      65372 291.154523  -37.74786  -48.61762      0.340    1488.80      5.087      5.049    14.2386    14.2367    -0.0019    14.2378    14.2360    -0.0019   4.243986   4.243804  -0.000181    35.2478    35.2479     5.8178    26.3283    26.3287         24  0.000e+00
      65373 291.154524  -37.74786  -48.61762      0.360    1488.80      5.135      5.097    14.2388    14.2371    -0.0017    14.2380    14.2363    -0.0017   4.243992   4.243844  -0.000148    35.2477    35.2479     5.8215    26.3281    26.3286         24  0.000e+00
      65374 291.154524  -37.74786  -48.61762      0.378    1488.80      5.135      5.097    14.2384    14.2372    -0.0012    14.2377    14.2365    -0.0012   4.244005   4.243824  -0.000181    35.2481    35.2476     5.8215    26.3285    26.3283         24  0.000e+00
      65375 291.154524  -37.74786  -48.61762      0.406    1488.80      5.256      5.216    14.2386    14.2378    -0.0009    14.2379    14.2370    -0.0009   4.243953   4.243871  -0.000081    35.2474    35.2474     5.8217    26.3279    26.3281         24  0.000e+00
      65376 291.154525  -37.74786  -48.61762      0.418    1488.80      5.135      5.097    14.2384    14.2379    -0.0005    14.2377    14.2372    -0.0005   4.244012   4.243945  -0.000067    35.2482    35.2481     5.8216    26.3286    26.3286         24  0.000e+00
      65377 291.154525  -37.74786  -48.61762      0.439    1488.80      5.256      5.216    14.2386    14.2379    -0.0007    14.2379    14.2371    -0.0007   4.244019   4.243938  -0.000080    35.2480    35.2479     5.8217    26.3284    26.3285         24  0.000e+00
      65378 291.154526  -37.74786  -48.61762      0.447    1488.80      5.199      5.161    14.2386    14.2381    -0.0005    14.2379    14.2373    -0.0005   4.244012   4.243871  -0.000141    35.2480    35.2472     5.8213    26.3284    26.3279         24  0.000e+00
      65379 291.154526  -37.74786  -48.61762      0.467    1488.80      5.256      5.217    14.2388    14.2376    -0.0012    14.2380    14.2368    -0.0012   4.243999   4.243777  -0.000221    35.2477    35.2467     5.8214    26.3281    26.3276         24  0.000e+00
      65380 291.154527  -37.74786  -48.61762      0.478    1488.80      5.256      5.217    14.2384    14.2376    -0.0009    14.2377    14.2368    -0.0009   4.244005   4.243771  -0.000235    35.2481    35.2467     5.8214    26.3285    26.3276         24  0.000e+00
      65381 291.154527  -37.74786  -48.61762      0.491    1488.80      5.264      5.225    14.2388    14.2372    -0.0015    14.2380    14.2365    -0.0015   4.244038   4.243804  -0.000234    35.2481    35.2473     5.8214    26.3284    26.3282         24  0.000e+00
      65382 291.154528  -37.74786  -48.61762      0.503    1488.80      5.320      5.280    14.2391    14.2369    -0.0022    14.2383    14.2361    -0.0022   4.244091   4.243818  -0.000274    35.2483    35.2477     5.8214    26.3285    26.3285         24  0.000e+00
      65383 291.154528  -37.74786  -48.61762      0.512    1488.80      5.320      5.281    14.2391    14.2369    -0.0022    14.2383    14.2361    -0.0022   4.244091   4.243791  -0.000301    35.2483    35.2475     5.8214    26.3285    26.3283         24  0.000e+00
      65384 291.154529  -37.74786  -48.61762      0.522    1488.80      5.377      5.336    14.2391    14.2367    -0.0024    14.2383    14.2359    -0.0024   4.244138   4.243724  -0.000414    35.2487    35.2470     5.8215    26.3288    26.3280         24  0.000e+00
      65385 291.154529  -37.74786  -48.61762      0.533    1488.80      5.377      5.336    14.2393    14.2364    -0.0029    14.2385    14.2356    -0.0029   4.244091   4.243764  -0.000327    35.2481    35.2476     5.8215    26.3283    26.3286         24  0.000e+00
      65386 291.154530  -37.74786  -48.61762      0.536    1488.80      5.320      5.281    14.2392    14.2365    -0.0027    14.2385    14.2358    -0.0027   4.244111   4.243838  -0.000273    35.2483    35.2482     5.8214    26.3285    26.3290         24  0.000e+00
      65387 291.154530  -37.74786  -48.61762      0.539    1488.80      5.377      5.336    14.2396    14.2367    -0.0029    14.2388    14.2359    -0.0029   4.244124   4.243744  -0.000380    35.2481    35.2472     5.8211    26.3282    26.3282         24  0.000e+00
      65388 291.154531  -37.74786  -48.61762      0.544    1488.80      5.377      5.337    14.2393    14.2365    -0.0027    14.2385    14.2358    -0.0027   4.244065   4.243710  -0.000354    35.2478    35.2470     5.8171    26.3281    26.3281         24  0.000e+00
      65389 291.154531  -37.74786  -48.61762      0.543    1488.80      5.377      5.337    14.2395    14.2365    -0.0029    14.2387    14.2358    -0.0029   4.244091   4.243710  -0.000381    35.2479    35.2470     5.8168    26.3281    26.3281         24  0.000e+00
      65390 291.154532  -37.74786  -48.61762      0.550    1488.80      5.497      5.456    14.2393    14.2365    -0.0027    14.2385    14.2357    -0.0027   4.244091   4.243764  -0.000327    35.2480    35.2475     5.8166    26.3283    26.3284         24  0.000e+00
      65391 291.154532  -37.74786  -48.61762      0.541    1488.80      5.320      5.281    14.2395    14.2366    -0.0029    14.2387    14.2358    -0.0029   4.244058   4.243804  -0.000254    35.2476    35.2479     5.8161    26.3279    26.3287         24  0.000e+00
      65392 291.154533  -37.74786  -48.61762      0.540    1488.80      5.433      5.393    14.2390    14.2365    -0.0024    14.2382    14.2357    -0.0024   4.244039   4.243764  -0.000274    35.2478    35.2475     5.8200    26.3282    26.3285         24  0.000e+00
      65393 291.154533  -37.74786  -48.61762      0.533    1488.80      5.377      5.337    14.2382    14.2365    -0.0017    14.2375    14.2358    -0.0017   4.244019   4.243751  -0.000268    35.2483    35.2474     5.8201    26.3287    26.3284         24  0.000e+00
      65394 291.154534  -37.74786  -48.61762      0.527    1488.80      5.433      5.393    14.2384    14.2365    -0.0019    14.2376    14.2357    -0.0019   4.243986   4.243798  -0.000188    35.2478    35.2478     5.8205    26.3283    26.3287         24  0.000e+00
      65395 291.154534  -37.74786  -48.61762      0.519    1488.80      5.433      5.393    14.2381    14.2371    -0.0010    14.2373    14.2363    -0.0010   4.243966   4.243818  -0.000148    35.2479    35.2475     5.8206    26.3285    26.3283         24  0.000e+00
      65396 291.154535  -37.74786  -48.61762      0.513    1488.80      5.498      5.457    14.2384    14.2372    -0.0012    14.2376    14.2364    -0.0012   4.243999   4.243764  -0.000235    35.2479    35.2468     5.8167    26.3284    26.3278         24  0.000e+00
      65397 291.154535  -37.74786  -48.61762      0.500    1488.80      5.433      5.393    14.2384    14.2372    -0.0012    14.2376    14.2364    -0.0012   4.244012   4.243751  -0.000261    35.2481    35.2468     5.8164    26.3285    26.3277         24  0.000e+00
      65398 291.154536  -37.74786  -48.61762      0.488    1488.80      5.433      5.393    14.2386    14.2376    -0.0010    14.2378    14.2368    -0.0010   4.244052   4.243831  -0.000221    35.2483    35.2472     5.8161    26.3286    26.3280         24  0.000e+00
      65399 291.154536  -37.74786  -48.61762      0.474    1488.80      5.498      5.457    14.2386    14.2374    -0.0012    14.2378    14.2366    -0.0012   4.244025   4.243878  -0.000147    35.2480    35.2477     5.8159    26.3284    26.3285         24  0.000e+00
      65400 291.154537  -37.74786  -48.61762      0.459    1488.80      5.441      5.401    14.2388    14.2372    -0.0015    14.2380    14.2364    -0.0015   4.243986   4.243811  -0.000175    35.2475    35.2473     5.8157    26.3280    26.3282         24  0.000e+00
      65401 291.154537  -37.74786  -48.61762      0.448    1488.80      5.498      5.457    14.2386    14.2371    -0.0015    14.2378    14.2363    -0.0015   4.244032   4.243784  -0.000248    35.2481    35.2472     5.8159    26.3285    26.3281         24  0.000e+00
      65402 291.154538  -37.74786  -48.61762      0.427    1488.80      5.433      5.393    14.2384    14.2372    -0.0012    14.2376    14.2364    -0.0012   4.244039   4.243757  -0.000281    35.2483    35.2468     5.8157    26.3287    26.3278         24  0.000e+00
      65403 291.154538  -37.74786  -48.61762      0.412    1488.80      5.498      5.457    14.2382    14.2371    -0.0012    14.2374    14.2363    -0.0012   4.243992   4.243751  -0.000242    35.2480    35.2468     5.8196    26.3285    26.3278         24  0.000e+00
      65404 291.154538  -37.74786  -48.61762      0.398    1488.80      5.498      5.457    14.2381    14.2372    -0.0009    14.2373    14.2364    -0.0009   4.243946   4.243831  -0.000115    35.2477    35.2475     5.8198    26.3283    26.3283         24  0.000e+00
      65405 291.154539  -37.74786  -48.61762      0.382    1488.80      5.498      5.457    14.2379    14.2372    -0.0007    14.2371    14.2364    -0.0007   4.243926   4.243824  -0.000102    35.2477    35.2474     5.8160    26.3283    26.3282         24  0.000e+00
      65406 291.154539  -37.74786  -48.61762      0.364    1488.80      5.498      5.457    14.2376    14.2372    -0.0004    14.2368    14.2364    -0.0004   4.243906   4.243791  -0.000115    35.2478    35.2471     5.8159    26.3285    26.3280         24  0.000e+00
      65407 291.154540  -37.74786  -48.61762      0.348    1488.80      5.498      5.457    14.2375    14.2372    -0.0002    14.2367    14.2364    -0.0002   4.243847   4.243784  -0.000063    35.2474    35.2470     5.8158    26.3282    26.3280         24  0.000e+00
      65408 291.154540  -37.74786  -48.61762      0.333    1488.80      5.498      5.457    14.2374    14.2372    -0.0002    14.2366    14.2364    -0.0002   4.243873   4.243804  -0.000069    35.2477    35.2472     5.8197    26.3284    26.3281         24  0.000e+00
      65409 291.154541  -37.74786  -48.61762      0.320    1488.80      5.498      5.457    14.2373    14.2372    -0.0000    14.2365    14.2364    -0.0000   4.243873   4.243818  -0.000056    35.2478    35.2473     5.8199    26.3286    26.3282         24  0.000e+00
      65410 291.154541  -37.74786  -48.61762      0.302    1488.80      5.498      5.457    14.2373    14.2369    -0.0004    14.2365    14.2361    -0.0004   4.243840   4.243764  -0.000076    35.2475    35.2471     5.8202    26.3283    26.3281         24  0.000e+00
      65411 291.154542  -37.74786  -48.61762      0.293    1488.80      5.554      5.513    14.2371    14.2371     0.0000    14.2363    14.2363     0.0000   4.243847   4.243751  -0.000096    35.2477    35.2468     5.8205    26.3285    26.3278         24  0.000e+00
      65412 291.154542  -37.74786  -48.61762      0.279    1488.80      5.498      5.457    14.2373    14.2369    -0.0004    14.2365    14.2361    -0.0004   4.243860   4.243771  -0.000089    35.2477    35.2472     5.8203    26.3285    26.3282         24  0.000e+00
      65413 291.154543  -37.74786  -48.61762      0.267    1488.80      5.498      5.457    14.2375    14.2369    -0.0005    14.2367    14.2361    -0.0005   4.243867   4.243757  -0.000109    35.2476    35.2471     5.8165    26.3283    26.3281         24  0.000e+00
      65414 291.154543  -37.74786  -48.61762      0.257    1488.80      5.554      5.513    14.2376    14.2367    -0.0009    14.2368    14.2359    -0.0009   4.243887   4.243771  -0.000116    35.2476    35.2473     5.8164    26.3283    26.3283         24  0.000e+00
      65415 291.154544  -37.74786  -48.61762      0.247    1488.80      5.498      5.457    14.2376    14.2369    -0.0007    14.2368    14.2361    -0.0007   4.243900   4.243724  -0.000176    35.2478    35.2468     5.8202    26.3284    26.3278         24  0.000e+00
      65416 291.154544  -37.74786  -48.61762      0.234    1488.80      5.554      5.513    14.2376    14.2367    -0.0009    14.2368    14.2359    -0.0009   4.243906   4.243764  -0.000142    35.2478    35.2473     5.8205    26.3285    26.3283         24  0.000e+00
      65417 291.154545  -37.74786  -48.61762      0.220    1488.80      5.554      5.513    14.2375    14.2367    -0.0007    14.2366    14.2359    -0.0007   4.243893   4.243804  -0.000089    35.2478    35.2477     5.8208    26.3285    26.3285         24  0.000e+00
      65418 291.154545  -37.74786  -48.61762      0.208    1488.80      5.498      5.457    14.2378    14.2371    -0.0007    14.2370    14.2363    -0.0007   4.243900   4.243818  -0.000082    35.2476    35.2475     5.8209    26.3283    26.3283         24  0.000e+00
      65419 291.154546  -37.74786  -48.61762      0.199    1488.80      5.498      5.457    14.2376    14.2372    -0.0004    14.2368    14.2364    -0.0004   4.243873   4.243791  -0.000082    35.2475    35.2471     5.8212    26.3283    26.3280         24  0.000e+00
      65420 291.154546  -37.74786  -48.61762      0.193    1488.80      5.554      5.513    14.2378    14.2372    -0.0006    14.2370    14.2364    -0.0006   4.243867   4.243838  -0.000029    35.2473    35.2475     5.8215    26.3280    26.3283         24  0.000e+00
      65421 291.154547  -37.74786  -48.61762      0.182    1488.80      5.554      5.513    14.2375    14.2374    -0.0000    14.2366    14.2366    -0.0000   4.243854   4.243824  -0.000029    35.2474    35.2472     5.8214    26.3282    26.3281         24  0.000e+00
      65422 291.154547  -37.74786  -48.61762      0.173    1488.80      5.554      5.513    14.2373    14.2374     0.0001    14.2365    14.2366     0.0001   4.243834   4.243737  -0.000096    35.2474    35.2464     5.8217    26.3283    26.3274         24  0.000e+00
      65423 291.154548  -37.74786  -48.61762      0.160    1488.80      5.498      5.457    14.2369    14.2369    -0.0000    14.2361    14.2361    -0.0000   4.243834   4.243710  -0.000123    35.2478    35.2466     5.8219    26.3286    26.3277         24  0.000e+00
