Pos-Processados/process_op41/operantar41_001MEPHY.ros
* Sea-Bird SBE 9 Data File:
* FileName = C:\Users\Dell\Desktop\Operantar XLI\Raw\OP41001MEPHY.hdr
* Software Version Seasave V 7.26.7.110
* Temperature SN = 6497
* Conductivity SN = 4954
* Number of Bytes Per Scan = 31
* Number of Voltage Words = 2
* Number of Scans Averaged by the Deck Unit = 1
* NMEA Latitude = 36 40.13 S
* NMEA Longitude = 048 37.58 W
* NMEA UTC (Time) = Oct 17 2022 15:39:23
* NMEA baud rate = 4800
** H41
** Navio Polar Almirante Maximiano
** LH-021/2022
** Operantar XLI
** Número da Estação 001 MEPHY
** Latitude 36 40.147S
** Longitude 048 37.579W
** Data/Hora (Z) 1539Z
** Profundidade local 4900m
** 09-1439
** Nome do Operador CT Garla
# nquan = 24
# nvalues = 1600                                  
# units = specified
# name 0 = scan: Scan Count
# name 1 = timeJ: Julian Days
# name 2 = latitude: Latitude [deg]
# name 3 = longitude: Longitude [deg]
# name 4 = dz/dtM: Descent Rate [m/s]
# name 5 = avgsvCM: Average Sound Velocity [Chen-Millero, m/s]
# name 6 = prDM: Pressure, Digiquartz [db]
# name 7 = depSM: Depth [salt water, m]
# name 8 = t090C: Temperature [ITS-90, deg C]
# name 9 = t190C: Temperature, 2 [ITS-90, deg C]
# name 10 = T2-T190C: Temperature Difference, 2 - 1 [ITS-90, deg C]
# name 11 = potemp090C: Potential Temperature [ITS-90, deg C]
# name 12 = potemp190C: Potential Temperature, 2 [ITS-90, deg C]
# name 13 = potemp90Cdiff: Potential Temperature, Diff, 2 - 1 [ITS-90, deg C]
# name 14 = c0S/m: Conductivity [S/m]
# name 15 = c1S/m: Conductivity, 2 [S/m]
# name 16 = C2-C1S/m: Conductivity Difference, 2 - 1 [S/m]
# name 17 = sal00: Salinity, Practical [PSU]
# name 18 = sal11: Salinity, Practical, 2 [PSU]
# name 19 = sbeox0ML/L: Oxygen, SBE 43 [ml/l]
# name 20 = sigma-é00: Density [sigma-theta, kg/m^3]
# name 21 = sigma-é11: Density, 2 [sigma-theta, kg/m^3]
# name 22 = nbf: Bottles Fired
# name 23 = flag:  0.000e+00
# interval = seconds: 0.0416667
# start_time = Oct 17 2022 15:39:23 [NMEA time, header]
# bad_flag = -9.990e-29
*END*
[from data line 967]
       9337 290.656852  -36.66892  -48.62660     -0.082    1516.20     14.959     14.848    17.5547    17.5544    -0.0004    17.5522    17.5518    -0.0004   4.674211   4.673938  -0.000274    36.1100    36.1079     5.1480    26.2329    26.2314         15  0.000e+00
       9338 290.656852  -36.66892  -48.62660     -0.084    1516.20     14.959     14.848    17.5549    17.5545    -0.0004    17.5524    17.5520    -0.0004   4.674232   4.673979  -0.000252    36.1100    36.1082     5.1511    26.2329    26.2316         15  0.000e+00
       9339 290.656853  -36.66892  -48.62660     -0.085    1516.20     15.015     14.904    17.5554    17.5541    -0.0013    17.5529    17.5516    -0.0013   4.674266   4.673958  -0.000308    36.1098    36.1083     5.1470    26.2326    26.2317         15  0.000e+00
       9340 290.656853  -36.66892  -48.62660     -0.089    1516.20     14.959     14.848    17.5556    17.5544    -0.0012    17.5531    17.5518    -0.0012   4.674252   4.673979  -0.000273    36.1095    36.1083     5.1427    26.2324    26.2317         15  0.000e+00
       9341 290.656854  -36.66892  -48.62660     -0.090    1516.20     15.015     14.904    17.5552    17.5541    -0.0011    17.5527    17.5516    -0.0011   4.674245   4.673993  -0.000252    36.1098    36.1086     5.1456    26.2326    26.2320         15  0.000e+00
       9342 290.656854  -36.66892  -48.62660     -0.094    1516.20     14.959     14.848    17.5552    17.5541    -0.0011    17.5527    17.5516    -0.0011   4.674149   4.673958  -0.000191    36.1090    36.1083     5.1451    26.2320    26.2318         15  0.000e+00
       9343 290.656855  -36.66892  -48.62660     -0.097    1516.20     14.959     14.848    17.5549    17.5544    -0.0005    17.5524    17.5518    -0.0005   4.674149   4.674070  -0.000079    36.1093    36.1091     5.1449    26.2323    26.2323         15  0.000e+00
      11676 290.657980  -36.66896  -48.62654     -0.110    1516.20      5.141      5.103    17.5808    17.5791    -0.0017    17.5800    17.5783    -0.0017   4.676531   4.676262  -0.000269    36.1107    36.1098     5.1595    26.2266    26.2264         16  0.000e+00
      11677 290.657980  -36.66896  -48.62654     -0.118    1516.20      5.205      5.166    17.5806    17.5803    -0.0004    17.5798    17.5794    -0.0004   4.676531   4.676367  -0.000164    36.1108    36.1097     5.1599    26.2268    26.2260         16  0.000e+00
      11678 290.657981  -36.66896  -48.62654     -0.132    1516.20      5.084      5.047    17.5806    17.5798    -0.0008    17.5798    17.5790    -0.0008   4.676496   4.676339  -0.000158    36.1105    36.1099     5.1639    26.2266    26.2263         16  0.000e+00
      11679 290.657981  -36.66896  -48.62654     -0.143    1516.20      5.205      5.166    17.5805    17.5792    -0.0012    17.5796    17.5783    -0.0012   4.676455   4.676262  -0.000193    36.1103    36.1097     5.1647    26.2264    26.2263         16  0.000e+00
      11680 290.657982  -36.66896  -48.62654     -0.156    1516.20      5.084      5.047    17.5800    17.5795    -0.0005    17.5791    17.5786    -0.0005   4.676414   4.676304  -0.000110    36.1104    36.1099     5.1653    26.2267    26.2264         16  0.000e+00
      11681 290.657982  -36.66896  -48.62654     -0.169    1516.20      5.084      5.047    17.5794    17.5801     0.0007    17.5786    17.5792     0.0007   4.676380   4.676353  -0.000027    36.1106    36.1098     5.1660    26.2269    26.2261         16  0.000e+00
      11682 290.657983  -36.66896  -48.62654     -0.177    1516.20      5.084      5.047    17.5793    17.5805     0.0013    17.5784    17.5797     0.0013   4.676338   4.676374   0.000035    36.1104    36.1096     5.1630    26.2268    26.2259         16  0.000e+00
      11683 290.657983  -36.66896  -48.62654     -0.188    1516.20      5.084      5.046    17.5789    17.5810     0.0021    17.5781    17.5802     0.0021   4.676331   4.676367   0.000035    36.1106    36.1091     5.1668    26.2271    26.2254         16  0.000e+00
      11684 290.657984  -36.66898  -48.62654     -0.195    1516.20      5.084      5.046    17.5784    17.5816     0.0032    17.5775    17.5807     0.0032   4.676242   4.676422   0.000180    36.1103    36.1091     5.1675    26.2270    26.2252         16  0.000e+00
      11685 290.657984  -36.66898  -48.62654     -0.204    1516.20      5.084      5.046    17.5777    17.5819     0.0042    17.5769    17.5810     0.0042   4.676180   4.676443   0.000263    36.1104    36.1090     5.1678    26.2272    26.2251         16  0.000e+00
      11686 290.657985  -36.66898  -48.62654     -0.216    1516.20      5.020      4.982    17.5777    17.5816     0.0039    17.5769    17.5808     0.0039   4.676201   4.676471   0.000270    36.1106    36.1095     5.1684    26.2273    26.2255         16  0.000e+00
      11687 290.657985  -36.66898  -48.62654     -0.220    1516.20      5.028      4.990    17.5777    17.5817     0.0040    17.5769    17.5809     0.0040   4.676214   4.676450   0.000236    36.1107    36.1092     5.1689    26.2274    26.2253         16  0.000e+00
      11688 290.657986  -36.66898  -48.62654     -0.230    1516.20      5.019      4.982    17.5781    17.5816     0.0036    17.5772    17.5808     0.0036   4.676214   4.676443   0.000229    36.1104    36.1093     5.1695    26.2271    26.2254         16  0.000e+00
      11689 290.657986  -36.66898  -48.62654     -0.237    1516.20      5.019      4.982    17.5782    17.5817     0.0035    17.5774    17.5809     0.0035   4.676214   4.676443   0.000229    36.1103    36.1091     5.1697    26.2270    26.2252         16  0.000e+00
      11690 290.657987  -36.66898  -48.62654     -0.242    1516.20      5.019      4.982    17.5782    17.5820     0.0037    17.5774    17.5811     0.0037   4.676235   4.676499   0.000264    36.1105    36.1094     5.1663    26.2271    26.2254         16  0.000e+00
      11691 290.657987  -36.66898  -48.62654     -0.249    1516.20      4.963      4.926    17.5782    17.5816     0.0033    17.5774    17.5807     0.0033   4.676221   4.676457   0.000236    36.1104    36.1094     5.1662    26.2270    26.2255         16  0.000e+00
      11692 290.657988  -36.66898  -48.62654     -0.255    1516.20      4.963      4.926    17.5782    17.5814     0.0032    17.5774    17.5806     0.0032   4.676297   4.676443   0.000146    36.1110    36.1094     5.1661    26.2275    26.2255         16  0.000e+00
      11693 290.657988  -36.66898  -48.62654     -0.257    1516.20      5.019      4.982    17.5784    17.5814     0.0030    17.5776    17.5805     0.0030   4.676269   4.676380   0.000111    36.1106    36.1089     5.1660    26.2272    26.2251         16  0.000e+00
      11694 290.657989  -36.66898  -48.62654     -0.261    1516.20      4.963      4.926    17.5789    17.5810     0.0021    17.5781    17.5802     0.0021   4.676338   4.676332  -0.000007    36.1107    36.1088     5.1658    26.2271    26.2252         16  0.000e+00
      11695 290.657989  -36.66898  -48.62654     -0.263    1516.20      4.963      4.926    17.5788    17.5803     0.0015    17.5779    17.5794     0.0015   4.676311   4.676199  -0.000112    36.1107    36.1084     5.1658    26.2271    26.2250         16  0.000e+00
      11696 290.657989  -36.66898  -48.62654     -0.265    1516.20      4.963      4.926    17.5793    17.5795     0.0002    17.5784    17.5786     0.0002   4.676318   4.676088  -0.000230    36.1103    36.1081     5.1656    26.2267    26.2250         16  0.000e+00
      11697 290.657990  -36.66898  -48.62654     -0.269    1516.20      4.906      4.870    17.5794    17.5784    -0.0011    17.5786    17.5775    -0.0011   4.676359   4.676025  -0.000334    36.1105    36.1086     5.1651    26.2268    26.2256         16  0.000e+00
      11698 290.657990  -36.66898  -48.62654     -0.268    1516.20      4.963      4.926    17.5798    17.5774    -0.0024    17.5790    17.5766    -0.0024   4.676373   4.675920  -0.000452    36.1103    36.1085     5.1610    26.2266    26.2258         16  0.000e+00
      11699 290.657991  -36.66898  -48.62654     -0.269    1516.20      4.963      4.926    17.5798    17.5770    -0.0028    17.5790    17.5761    -0.0028   4.676393   4.675892  -0.000501    36.1105    36.1086     5.1603    26.2267    26.2260         16  0.000e+00
      11700 290.657991  -36.66898  -48.62654     -0.269    1516.20      4.906      4.870    17.5800    17.5760    -0.0040    17.5791    17.5752    -0.0040   4.676379   4.675830  -0.000550    36.1102    36.1090     5.1595    26.2265    26.2265         16  0.000e+00
      11701 290.657992  -36.66898  -48.62654     -0.271    1516.20      4.906      4.870    17.5800    17.5758    -0.0041    17.5791    17.5750    -0.0041   4.676393   4.675809  -0.000585    36.1103    36.1089     5.1587    26.2266    26.2265         16  0.000e+00
      11702 290.657992  -36.66898  -48.62654     -0.266    1516.20      4.963      4.926    17.5798    17.5756    -0.0042    17.5790    17.5747    -0.0042   4.676407   4.675837  -0.000570    36.1106    36.1094     5.1583    26.2268    26.2269         16  0.000e+00
      11703 290.657993  -36.66898  -48.62654     -0.263    1516.20      4.906      4.870    17.5798    17.5753    -0.0045    17.5790    17.5745    -0.0045   4.676407   4.675788  -0.000619    36.1106    36.1092     5.1575    26.2268    26.2269         16  0.000e+00
      11704 290.657993  -36.66898  -48.62654     -0.261    1516.20      4.906      4.870    17.5796    17.5756    -0.0040    17.5788    17.5748    -0.0040   4.676345   4.675830  -0.000516    36.1102    36.1093     5.1534    26.2266    26.2269         16  0.000e+00
      11705 290.657994  -36.66898  -48.62654     -0.259    1516.20      4.906      4.870    17.5788    17.5753    -0.0034    17.5779    17.5745    -0.0034   4.676331   4.675816  -0.000516    36.1109    36.1095     5.1527    26.2273    26.2270         16  0.000e+00
      11706 290.657994  -36.66898  -48.62654     -0.255    1516.20      4.906      4.870    17.5779    17.5754    -0.0025    17.5771    17.5746    -0.0025   4.676180   4.675871  -0.000309    36.1103    36.1099     5.1518    26.2271    26.2273         16  0.000e+00
      11707 290.657995  -36.66898  -48.62654     -0.251    1516.20      4.906      4.870    17.5770    17.5753    -0.0017    17.5762    17.5745    -0.0017   4.676097   4.675857  -0.000240    36.1104    36.1098     5.1511    26.2273    26.2273         16  0.000e+00
      11708 290.657995  -36.66898  -48.62654     -0.245    1516.20      4.906      4.870    17.5764    17.5755    -0.0009    17.5755    17.5747    -0.0009   4.676063   4.675760  -0.000303    36.1107    36.1088     5.1504    26.2277    26.2265         16  0.000e+00
      11709 290.657996  -36.66898  -48.62654     -0.238    1516.20      4.906      4.870    17.5759    17.5752    -0.0006    17.5750    17.5744    -0.0006   4.676022   4.675753  -0.000269    36.1108    36.1090     5.1498    26.2279    26.2267         16  0.000e+00
      11710 290.657996  -36.66898  -48.62654     -0.230    1516.20      4.906      4.870    17.5762    17.5750    -0.0012    17.5753    17.5741    -0.0012   4.676070   4.675767  -0.000303    36.1109    36.1093     5.1490    26.2279    26.2270         16  0.000e+00
      11711 290.657997  -36.66898  -48.62654     -0.224    1516.20      4.906      4.870    17.5772    17.5749    -0.0023    17.5764    17.5741    -0.0023   4.676118   4.675704  -0.000414    36.1104    36.1089     5.1445    26.2273    26.2267         16  0.000e+00
      11712 290.657997  -36.66898  -48.62654     -0.221    1516.20      4.842      4.806    17.5762    17.5748    -0.0014    17.5754    17.5740    -0.0014   4.676070   4.675732  -0.000338    36.1109    36.1092     5.1476    26.2280    26.2270         16  0.000e+00
      11713 290.657998  -36.66898  -48.62654     -0.213    1516.20      4.906      4.870    17.5750    17.5742    -0.0008    17.5741    17.5734    -0.0008   4.675932   4.675669  -0.000263    36.1108    36.1092     5.1471    26.2282    26.2271         16  0.000e+00
      11714 290.657998  -36.66898  -48.62654     -0.208    1516.20      4.906      4.870    17.5738    17.5741     0.0004    17.5729    17.5733     0.0004   4.675781   4.675648  -0.000133    36.1106    36.1091     5.1466    26.2283    26.2271         16  0.000e+00
      11715 290.657999  -36.66898  -48.62654     -0.199    1516.20      4.906      4.870    17.5736    17.5738     0.0001    17.5728    17.5729     0.0001   4.675740   4.675711  -0.000029    36.1103    36.1099     5.1423    26.2281    26.2278         16  0.000e+00
      11716 290.657999  -36.66898  -48.62654     -0.196    1516.20      4.842      4.806    17.5734    17.5742     0.0008    17.5726    17.5734     0.0008   4.675795   4.675697  -0.000098    36.1110    36.1095     5.1417    26.2287    26.2273         16  0.000e+00
      11717 290.658000  -36.66898  -48.62654     -0.187    1516.20      4.906      4.870    17.5738    17.5746     0.0009    17.5729    17.5738     0.0009   4.675816   4.675774  -0.000042    36.1109    36.1097     5.1412    26.2285    26.2274         16  0.000e+00
      11718 290.658000  -36.66898  -48.62654     -0.179    1516.20      4.906      4.870    17.5739    17.5749     0.0010    17.5731    17.5741     0.0010   4.675843   4.675809  -0.000034    36.1109    36.1098     5.1406    26.2285    26.2274         16  0.000e+00
      11719 290.658001  -36.66898  -48.62654     -0.169    1516.20      4.906      4.870    17.5741    17.5755     0.0014    17.5733    17.5747     0.0014   4.675822   4.675837   0.000014    36.1106    36.1095     5.1401    26.2282    26.2270         16  0.000e+00
      11720 290.658001  -36.66898  -48.62654     -0.162    1516.20      4.906      4.870    17.5743    17.5756     0.0013    17.5735    17.5748     0.0013   4.675843   4.675850   0.000007    36.1106    36.1095     5.1397    26.2282    26.2270         16  0.000e+00
      11721 290.658002  -36.66898  -48.62654     -0.154    1516.20      4.906      4.870    17.5747    17.5760     0.0014    17.5738    17.5752     0.0014   4.675884   4.675934   0.000050    36.1107    36.1099     5.1392    26.2281    26.2272         16  0.000e+00
      11722 290.658002  -36.66898  -48.62654     -0.145    1516.20      4.906      4.870    17.5748    17.5762     0.0014    17.5740    17.5754     0.0014   4.675864   4.675906   0.000043    36.1103    36.1095     5.1388    26.2278    26.2268         16  0.000e+00
      11723 290.658003  -36.66898  -48.62654     -0.136    1516.20      4.906      4.870    17.5747    17.5763     0.0016    17.5738    17.5754     0.0016   4.675857   4.675892   0.000035    36.1104    36.1093     5.1385    26.2279    26.2267         16  0.000e+00
      11724 290.658003  -36.66898  -48.62654     -0.129    1516.20      4.906      4.869    17.5748    17.5760     0.0012    17.5740    17.5752     0.0012   4.675884   4.675857  -0.000027    36.1105    36.1092     5.1381    26.2280    26.2267         16  0.000e+00
      11725 290.658003  -36.66898  -48.62654     -0.119    1516.20      4.962      4.925    17.5748    17.5761     0.0013    17.5740    17.5753     0.0013   4.675919   4.675850  -0.000068    36.1108    36.1090     5.1379    26.2282    26.2265         16  0.000e+00
      11726 290.658004  -36.66898  -48.62654     -0.108    1516.20      4.906      4.869    17.5757    17.5757    -0.0000    17.5749    17.5748    -0.0000   4.675994   4.675878  -0.000116    36.1107    36.1097     5.1375    26.2279    26.2271         16  0.000e+00
      11727 290.658004  -36.66898  -48.62654     -0.100    1516.20      4.962      4.925    17.5759    17.5759     0.0001    17.5750    17.5751     0.0001   4.676015   4.675830  -0.000185    36.1107    36.1090     5.1376    26.2279    26.2266         16  0.000e+00
