Pos-Processados/process_op41/operantar41_009.ros
* Sea-Bird SBE 9 Data File:
* FileName = C:\Users\Dell\Desktop\OperantarXLI\config\00_BRUTOS\OPE41009.hdr
* Software Version Seasave V 7.26.7.110
* Temperature SN = 6497
* Conductivity SN = 4954
* Number of Bytes Per Scan = 31
* Number of Voltage Words = 2
* Number of Scans Averaged by the Deck Unit = 1
* NMEA Latitude = 42 49.84 S
* NMEA Longitude = 052 15.44 W
* NMEA UTC (Time) = Oct 23 2022 04:30:44
* NMEA baud rate = 4800
** H41
** Navio Polar Almirante Maximiano
** LH-021/2022
** Operantar XLI
** Número da Estação 009
** Latitude 42 49.421' S
** Longitude 52 14.906' W
** Data/Hora (Z) 23/10/2022 0403Z
** Profundidade local 5745 m
** 09-1439
** Nome do Operador CT Garla
# nquan = 24
# nvalues = 1528                                  
# units = specified
# name 0 = scan: Scan Count
# name 1 = timeJ: Julian Days
# name 2 = latitude: Latitude [deg]
# name 3 = longitude: Longitude [deg]
# name 4 = dz/dtM: Descent Rate [m/s]
# name 5 = avgsvCM: Average Sound Velocity [Chen-Millero, m/s]
# name 6 = prDM: Pressure, Digiquartz [db]
# name 7 = depSM: Depth [salt water, m]
# name 8 = t090C: Temperature [ITS-90, deg C]
# name 9 = t190C: Temperature, 2 [ITS-90, deg C]
# name 10 = T2-T190C: Temperature Difference, 2 - 1 [ITS-90, deg C]
# name 11 = potemp090C: Potential Temperature [ITS-90, deg C]
# name 12 = potemp190C: Potential Temperature, 2 [ITS-90, deg C]
# name 13 = potemp90Cdiff: Potential Temperature, Diff, 2 - 1 [ITS-90, deg C]
# name 14 = c0S/m: Conductivity [S/m]
# name 15 = c1S/m: Conductivity, 2 [S/m]
# name 16 = C2-C1S/m: Conductivity Difference, 2 - 1 [S/m]
# name 17 = sal00: Salinity, Practical [PSU]
# name 18 = sal11: Salinity, Practical, 2 [PSU]
# name 19 = sbeox0ML/L: Oxygen, SBE 43 [ml/l]
# name 20 = sigma-é00: Density [sigma-theta, kg/m^3]
# name 21 = sigma-é11: Density, 2 [sigma-theta, kg/m^3]
# name 22 = nbf: Bottles Fired
# name 23 = flag:  0.000e+00
# interval = seconds: 0.0416667
# start_time = Oct 23 2022 04:30:44 [NMEA time, header]
# bad_flag = -9.990e-29
*END*
[from data line 1389]
      61603 296.217717  -42.84104  -52.27900      0.081    1493.18      3.562      3.534    14.5380    14.5385     0.0006    14.5374    14.5380     0.0006   4.301249   4.301195  -0.000053    35.5049    35.5038     5.6588    26.4624    26.4615         24  0.000e+00
      61604 296.217717  -42.84104  -52.27902      0.082    1493.18      3.562      3.534    14.5380    14.5385     0.0006    14.5374    14.5380     0.0006   4.301242   4.301175  -0.000067    35.5048    35.5037     5.6587    26.4624    26.4614         24  0.000e+00
      61605 296.217718  -42.84104  -52.27902      0.083    1493.18      3.562      3.534    14.5378    14.5385     0.0007    14.5373    14.5380     0.0007   4.301209   4.301222   0.000014    35.5046    35.5041     5.6586    26.4623    26.4617         24  0.000e+00
      61606 296.217718  -42.84104  -52.27902      0.081    1493.18      3.562      3.534    14.5379    14.5384     0.0005    14.5373    14.5379     0.0005   4.301202   4.301216   0.000013    35.5045    35.5042     5.6586    26.4622    26.4618         24  0.000e+00
      61607 296.217719  -42.84104  -52.27902      0.081    1493.18      3.563      3.534    14.5380    14.5384     0.0004    14.5374    14.5379     0.0004   4.301202   4.301175  -0.000027    35.5044    35.5038     5.6585    26.4621    26.4615         24  0.000e+00
      61608 296.217719  -42.84104  -52.27902      0.082    1493.18      3.563      3.534    14.5378    14.5385     0.0007    14.5373    14.5380     0.0007   4.301222   4.301141  -0.000081    35.5047    35.5033     5.6585    26.4624    26.4612         24  0.000e+00
      61609 296.217720  -42.84104  -52.27902      0.082    1493.18      3.563      3.534    14.5378    14.5382     0.0004    14.5373    14.5377     0.0004   4.301209   4.301135  -0.000074    35.5046    35.5036     5.6586    26.4623    26.4614         24  0.000e+00
      61610 296.217720  -42.84104  -52.27902      0.082    1493.18      3.571      3.542    14.5378    14.5382     0.0004    14.5373    14.5377     0.0004   4.301202   4.301189  -0.000014    35.5046    35.5041     5.6586    26.4622    26.4618         24  0.000e+00
      61611 296.217721  -42.84104  -52.27902      0.081    1493.18      3.563      3.534    14.5380    14.5384     0.0004    14.5374    14.5379     0.0004   4.301202   4.301209   0.000007    35.5044    35.5041     5.6587    26.4621    26.4618         24  0.000e+00
      61612 296.217721  -42.84104  -52.27902      0.077    1493.18      3.563      3.534    14.5379    14.5380     0.0002    14.5373    14.5375     0.0002   4.301202   4.301175  -0.000027    35.5045    35.5041     5.6588    26.4622    26.4619         24  0.000e+00
      61613 296.217722  -42.84104  -52.27902      0.075    1493.18      3.563      3.534    14.5378    14.5383     0.0005    14.5373    14.5378     0.0005   4.301262   4.301168  -0.000094    35.5051    35.5038     5.6629    26.4627    26.4615         24  0.000e+00
      61614 296.217722  -42.84104  -52.27902      0.070    1493.18      3.563      3.534    14.5378    14.5382     0.0004    14.5373    14.5377     0.0004   4.301222   4.301195  -0.000027    35.5047    35.5041     5.6598    26.4624    26.4618         24  0.000e+00
      61615 296.217723  -42.84104  -52.27902      0.068    1493.18      3.563      3.534    14.5376    14.5384     0.0008    14.5371    14.5379     0.0008   4.301202   4.301128  -0.000074    35.5047    35.5033     5.6604    26.4624    26.4612         24  0.000e+00
      61616 296.217723  -42.84104  -52.27902      0.066    1493.18      3.563      3.534    14.5376    14.5382     0.0006    14.5371    14.5377     0.0006   4.301222   4.301148  -0.000074    35.5049    35.5037     5.6606    26.4626    26.4615         24  0.000e+00
      61617 296.217724  -42.84104  -52.27902      0.067    1493.18      3.563      3.534    14.5380    14.5383     0.0004    14.5374    14.5378     0.0004   4.301209   4.301168  -0.000040    35.5045    35.5038     5.6612    26.4622    26.4615         24  0.000e+00
      61618 296.217724  -42.84104  -52.27902      0.061    1493.18      3.563      3.534    14.5379    14.5384     0.0005    14.5373    14.5379     0.0005   4.301202   4.301168  -0.000034    35.5045    35.5037     5.6616    26.4622    26.4615         24  0.000e+00
      61619 296.217725  -42.84104  -52.27902      0.058    1493.18      3.506      3.479    14.5378    14.5382     0.0004    14.5373    14.5377     0.0004   4.301169   4.301108  -0.000061    35.5043    35.5034     5.6619    26.4620    26.4612         24  0.000e+00
      61620 296.217725  -42.84104  -52.27902      0.055    1493.18      3.563      3.534    14.5380    14.5385     0.0006    14.5374    14.5380     0.0006   4.301215   4.301121  -0.000094    35.5046    35.5032     5.6662    26.4622    26.4610         24  0.000e+00
      61621 296.217726  -42.84104  -52.27902      0.051    1493.18      3.563      3.534    14.5378    14.5382     0.0004    14.5373    14.5377     0.0004   4.301156   4.301155 -6.901e-07    35.5041    35.5038     5.6630    26.4619    26.4615         24  0.000e+00
      61622 296.217726  -42.84104  -52.27902      0.047    1493.18      3.563      3.534    14.5378    14.5382     0.0004    14.5373    14.5377     0.0004   4.301182   4.301195   0.000013    35.5044    35.5041     5.6674    26.4621    26.4618         24  0.000e+00
      61623 296.217727  -42.84104  -52.27902      0.040    1493.18      3.506      3.479    14.5382    14.5382     0.0000    14.5377    14.5377     0.0000   4.301202   4.301175  -0.000027    35.5042    35.5040     5.6684    26.4619    26.4617         24  0.000e+00
      61624 296.217727  -42.84104  -52.27902      0.036    1493.18      3.506      3.479    14.5378    14.5380     0.0002    14.5373    14.5375     0.0002   4.301229   4.301141  -0.000087    35.5048    35.5038     5.6653    26.4624    26.4616         24  0.000e+00
      61625 296.217728  -42.84104  -52.27902      0.032    1493.18      3.563      3.535    14.5378    14.5384     0.0006    14.5373    14.5379     0.0006   4.301209   4.301128  -0.000081    35.5046    35.5033     5.6658    26.4623    26.4612         24  0.000e+00
      61626 296.217728  -42.84104  -52.27902      0.024    1493.18      3.506      3.479    14.5378    14.5384     0.0006    14.5373    14.5379     0.0006   4.301202   4.301108  -0.000094    35.5046    35.5032     5.6663    26.4623    26.4611         24  0.000e+00
      61627 296.217729  -42.84104  -52.27902      0.020    1493.18      3.506      3.479    14.5380    14.5384     0.0004    14.5374    14.5379     0.0004   4.301202   4.301121  -0.000081    35.5045    35.5033     5.6665    26.4621    26.4611         24  0.000e+00
      61628 296.217729  -42.84104  -52.27902      0.012    1493.18      3.506      3.479    14.5376    14.5383     0.0007    14.5371    14.5378     0.0007   4.301169   4.301189   0.000020    35.5044    35.5040     5.6667    26.4622    26.4617         24  0.000e+00
      61629 296.217730  -42.84104  -52.27902      0.007    1493.18      3.506      3.479    14.5381    14.5382     0.0002    14.5375    14.5377     0.0002   4.301162   4.301175   0.000013    35.5040    35.5040     5.6708    26.4618    26.4617         24  0.000e+00
      61630 296.217730  -42.84104  -52.27902     -0.001    1493.18      3.442      3.415    14.5380    14.5384     0.0004    14.5374    14.5379     0.0004   4.301162   4.301141  -0.000021    35.5041    35.5035     5.6714    26.4619    26.4613         24  0.000e+00
      61631 296.217731  -42.84104  -52.27902     -0.005    1493.18      3.506      3.479    14.5380    14.5385     0.0006    14.5374    14.5380     0.0006   4.301162   4.301155  -0.000007    35.5041    35.5035     5.6720    26.4618    26.4613         24  0.000e+00
      61632 296.217731  -42.84104  -52.27902     -0.016    1493.18      3.386      3.359    14.5380    14.5383     0.0004    14.5375    14.5378     0.0004   4.301162   4.301168   0.000006    35.5041    35.5038     5.6724    26.4619    26.4616         24  0.000e+00
      61633 296.217731  -42.84104  -52.27902     -0.019    1493.18      3.515      3.487    14.5378    14.5384     0.0006    14.5373    14.5379     0.0006   4.301215   4.301114  -0.000101    35.5047    35.5032     5.6731    26.4623    26.4611         24  0.000e+00
      61634 296.217732  -42.84104  -52.27902     -0.027    1493.18      3.442      3.415    14.5381    14.5384     0.0003    14.5375    14.5379     0.0003   4.301215   4.301236   0.000020    35.5045    35.5044     5.6736    26.4622    26.4620         24  0.000e+00
      61635 296.217732  -42.84104  -52.27902     -0.038    1493.18      3.386      3.359    14.5380    14.5384     0.0004    14.5375    14.5379     0.0004   4.301202   4.301195  -0.000007    35.5045    35.5040     5.6737    26.4622    26.4617         24  0.000e+00
      61636 296.217733  -42.84104  -52.27902     -0.042    1493.18      3.442      3.415    14.5378    14.5383     0.0005    14.5373    14.5378     0.0005   4.301222   4.301141  -0.000081    35.5048    35.5036     5.6740    26.4624    26.4614         24  0.000e+00
      61637 296.217733  -42.84104  -52.27902     -0.051    1493.18      3.386      3.359    14.5380    14.5385     0.0006    14.5375    14.5380     0.0006   4.301262   4.301182  -0.000080    35.5051    35.5038     5.6741    26.4626    26.4615         24  0.000e+00
      61638 296.217734  -42.84104  -52.27902     -0.065    1493.18      3.321      3.295    14.5381    14.5385     0.0004    14.5377    14.5380     0.0004   4.301215   4.301175  -0.000040    35.5045    35.5038     5.6742    26.4621    26.4615         24  0.000e+00
      61639 296.217734  -42.84104  -52.27902     -0.071    1493.18      3.386      3.359    14.5378    14.5387     0.0009    14.5373    14.5382     0.0009   4.301169   4.301168 -5.083e-07    35.5043    35.5035     5.6744    26.4621    26.4612         24  0.000e+00
      61640 296.217735  -42.84104  -52.27902     -0.080    1493.18      3.386      3.359    14.5381    14.5387     0.0007    14.5376    14.5382     0.0007   4.301162   4.301222   0.000060    35.5040    35.5040     5.6709    26.4618    26.4616         24  0.000e+00
      61641 296.217735  -42.84104  -52.27902     -0.089    1493.18      3.321      3.295    14.5381    14.5389     0.0007    14.5377    14.5384     0.0007   4.301215   4.301182  -0.000034    35.5045    35.5035     5.6706    26.4621    26.4612         24  0.000e+00
      61642 296.217736  -42.84104  -52.27902     -0.101    1493.18      3.321      3.295    14.5380    14.5389     0.0009    14.5375    14.5384     0.0009   4.301235   4.301141  -0.000094    35.5048    35.5031     5.6701    26.4624    26.4609         24  0.000e+00
      61643 296.217736  -42.84104  -52.27902     -0.113    1493.18      3.265      3.239    14.5380    14.5387     0.0008    14.5375    14.5382     0.0008   4.301155   4.301155 -6.951e-07    35.5041    35.5034     5.6738    26.4619    26.4612         24  0.000e+00
      61644 296.217737  -42.84104  -52.27902     -0.123    1493.18      3.265      3.239    14.5378    14.5385     0.0007    14.5373    14.5380     0.0007   4.301209   4.301141  -0.000067    35.5047    35.5035     5.6739    26.4624    26.4612         24  0.000e+00
      61645 296.217737  -42.84104  -52.27902     -0.136    1493.18      3.209      3.183    14.5380    14.5385     0.0006    14.5375    14.5381     0.0006   4.301189   4.301155  -0.000034    35.5045    35.5036     5.6700    26.4621    26.4613         24  0.000e+00
      61646 296.217738  -42.84104  -52.27902     -0.145    1493.18      3.265      3.239    14.5379    14.5384     0.0005    14.5374    14.5379     0.0005   4.301195   4.301168  -0.000027    35.5046    35.5038     5.6738    26.4622    26.4616         24  0.000e+00
      61647 296.217738  -42.84104  -52.27902     -0.157    1493.18      3.265      3.239    14.5378    14.5385     0.0007    14.5373    14.5380     0.0007   4.301222   4.301141  -0.000081    35.5049    35.5035     5.6739    26.4625    26.4612         24  0.000e+00
      61648 296.217739  -42.84104  -52.27902     -0.168    1493.18      3.145      3.120    14.5380    14.5384     0.0004    14.5375    14.5379     0.0004   4.301209   4.301108  -0.000101    35.5047    35.5033     5.6699    26.4623    26.4612         24  0.000e+00
      61649 296.217739  -42.84104  -52.27902     -0.182    1493.18      3.209      3.184    14.5380    14.5385     0.0006    14.5375    14.5381     0.0006   4.301202   4.301121  -0.000081    35.5046    35.5033     5.6697    26.4622    26.4611         24  0.000e+00
      61650 296.217740  -42.84104  -52.27902     -0.191    1493.18      3.209      3.184    14.5378    14.5384     0.0006    14.5373    14.5379     0.0006   4.301202   4.301128  -0.000074    35.5047    35.5035     5.6694    26.4623    26.4613         24  0.000e+00
      61651 296.217740  -42.84104  -52.27902     -0.203    1493.18      3.145      3.120    14.5382    14.5385     0.0003    14.5377    14.5381     0.0003   4.301169   4.301108  -0.000061    35.5041    35.5032     5.6691    26.4618    26.4610         24  0.000e+00
      61652 296.217741  -42.84106  -52.27904     -0.214    1493.18      3.145      3.120    14.5378    14.5384     0.0006    14.5374    14.5379     0.0006   4.301135   4.301148   0.000013    35.5041    35.5037     5.6688    26.4619    26.4614         24  0.000e+00
      61653 296.217741  -42.84106  -52.27904     -0.224    1493.18      3.145      3.120    14.5381    14.5382     0.0001    14.5377    14.5377     0.0001   4.301182   4.301168  -0.000014    35.5042    35.5041     5.6725    26.4619    26.4618         24  0.000e+00
      61654 296.217742  -42.84106  -52.27904     -0.236    1493.18      3.088      3.064    14.5383    14.5380    -0.0003    14.5379    14.5376    -0.0003   4.301202   4.301168  -0.000034    35.5043    35.5042     5.6685    26.4619    26.4619         24  0.000e+00
      61655 296.217742  -42.84106  -52.27904     -0.244    1493.18      3.145      3.120    14.5381    14.5382     0.0001    14.5377    14.5377     0.0001   4.301235   4.301134  -0.000101    35.5047    35.5037     5.6683    26.4623    26.4615         24  0.000e+00
      61656 296.217743  -42.84106  -52.27904     -0.254    1493.18      3.088      3.064    14.5381    14.5384     0.0002    14.5377    14.5379     0.0002   4.301209   4.301107  -0.000101    35.5045    35.5034     5.6680    26.4621    26.4612         24  0.000e+00
      61657 296.217743  -42.84106  -52.27904     -0.263    1493.18      3.088      3.064    14.5381    14.5380    -0.0000    14.5376    14.5376    -0.0000   4.301255   4.301121  -0.000134    35.5050    35.5038     5.6677    26.4625    26.4616         24  0.000e+00
      61658 296.217744  -42.84106  -52.27904     -0.270    1493.18      3.096      3.072    14.5381    14.5384     0.0002    14.5377    14.5379     0.0002   4.301242   4.301134  -0.000107    35.5048    35.5036     5.6674    26.4624    26.4614         24  0.000e+00
      61659 296.217744  -42.84106  -52.27904     -0.280    1493.18      3.024      3.000    14.5380    14.5383     0.0004    14.5375    14.5379     0.0004   4.301208   4.301155  -0.000054    35.5047    35.5039     5.6671    26.4623    26.4616         24  0.000e+00
      61660 296.217745  -42.84106  -52.27904     -0.285    1493.18      3.088      3.064    14.5381    14.5380    -0.0001    14.5377    14.5376    -0.0001   4.301202   4.301114  -0.000088    35.5045    35.5038     5.6668    26.4621    26.4616         24  0.000e+00
      61661 296.217745  -42.84106  -52.27904     -0.289    1493.18      3.088      3.064    14.5380    14.5382     0.0003    14.5375    14.5378     0.0003   4.301202   4.301121  -0.000081    35.5046    35.5036     5.6665    26.4622    26.4614         24  0.000e+00
      61662 296.217745  -42.84106  -52.27904     -0.292    1493.18      3.088      3.064    14.5379    14.5384     0.0005    14.5374    14.5379     0.0005   4.301202   4.301128  -0.000074    35.5047    35.5035     5.6666    26.4623    26.4613         24  0.000e+00
