Pos-Processados/process_op41/operantar41_006.ros
* Sea-Bird SBE 9 Data File:
* FileName = C:\Users\Dell\Desktop\OperantarXLI\config\00_BRUTOS\OP41006.hdr
* Software Version Seasave V 7.26.7.110
* Temperature SN = 6497
* Conductivity SN = 4954
* Number of Bytes Per Scan = 31
* Number of Voltage Words = 2
* Number of Scans Averaged by the Deck Unit = 1
* NMEA Latitude = 42 12.54 S
* NMEA Longitude = 053 27.22 W
* NMEA UTC (Time) = Oct 22 2022 00:21:34
* NMEA baud rate = 4800
** H41
** Navio Polar Almirante Maximiano
** LH-021/2022
** Operantar XLI
** Número da Estação 006
** Latitude 42 12.640'S
** Longitude 053 27.212W
** Data/Hora (Z) 22/10/2022 00:19
** Profundidade local 5571 m
** 09-1439
** Nome do Operador CT Garla
# nquan = 24
# nvalues = 1183                                  
# units = specified
# name 0 = scan: Scan Count
# name 1 = timeJ: Julian Days
# name 2 = latitude: Latitude [deg]
# name 3 = longitude: Longitude [deg]
# name 4 = dz/dtM: Descent Rate [m/s]
# name 5 = avgsvCM: Average Sound Velocity [Chen-Millero, m/s]
# name 6 = prDM: Pressure, Digiquartz [db]
# name 7 = depSM: Depth [salt water, m]
# name 8 = t090C: Temperature [ITS-90, deg C]
# name 9 = t190C: Temperature, 2 [ITS-90, deg C]
# name 10 = T2-T190C: Temperature Difference, 2 - 1 [ITS-90, deg C]
# name 11 = potemp090C: Potential Temperature [ITS-90, deg C]
# name 12 = potemp190C: Potential Temperature, 2 [ITS-90, deg C]
# name 13 = potemp90Cdiff: Potential Temperature, Diff, 2 - 1 [ITS-90, deg C]
# name 14 = c0S/m: Conductivity [S/m]
# name 15 = c1S/m: Conductivity, 2 [S/m]
# name 16 = C2-C1S/m: Conductivity Difference, 2 - 1 [S/m]
# name 17 = sal00: Salinity, Practical [PSU]
# name 18 = sal11: Salinity, Practical, 2 [PSU]
# name 19 = sbeox0ML/L: Oxygen, SBE 43 [ml/l]
# name 20 = sigma-é00: Density [sigma-theta, kg/m^3]
# name 21 = sigma-é11: Density, 2 [sigma-theta, kg/m^3]
# name 22 = nbf: Bottles Fired
# name 23 = flag:  0.000e+00
# interval = seconds: 0.0416667
# start_time = Oct 22 2022 00:21:34 [NMEA time, header]
# bad_flag = -9.990e-29
*END*
[from data line 423]
      67379 295.047470  -42.18852  -53.45696     -0.252    1478.74     33.687     33.420    11.7012    11.7327     0.0315    11.6969    11.7284     0.0315   3.950484   3.953803   0.003319    34.7817    34.7848     5.9667    26.4769    26.4734         12  0.000e+00
      67380 295.047471  -42.18852  -53.45696     -0.259    1478.74     33.647     33.380    11.7006    11.7345     0.0340    11.6963    11.7303     0.0339   3.950355   3.953966   0.003611    34.7810    34.7847     5.9673    26.4766    26.4730         12  0.000e+00
      67381 295.047471  -42.18852  -53.45696     -0.262    1478.74     33.687     33.420    11.7007    11.7357     0.0350    11.6964    11.7314     0.0350   3.950323   3.953946   0.003623    34.7806    34.7834     5.9680    26.4762    26.4717         12  0.000e+00
      67382 295.047472  -42.18852  -53.45696     -0.271    1478.74     33.574     33.308    11.7019    11.7366     0.0346    11.6977    11.7323     0.0346   3.950554   3.954233   0.003679    34.7818    34.7854     5.9683    26.4769    26.4732         12  0.000e+00
      67383 295.047472  -42.18852  -53.45696     -0.274    1478.74     33.647     33.380    11.7094    11.7374     0.0279    11.7052    11.7331     0.0279   3.951671   3.954533   0.002861    34.7857    34.7876     5.9680    26.4785    26.4747         12  0.000e+00
      67384 295.047473  -42.18852  -53.45696     -0.283    1478.74     33.574     33.308    11.7325    11.7407     0.0082    11.7283    11.7364     0.0082   3.954098   3.954989   0.000890    34.7879    34.7890     5.9651    26.4759    26.4752         12  0.000e+00
      67385 295.047473  -42.18852  -53.45696     -0.284    1478.74     33.631     33.364    11.7695    11.7515    -0.0181    11.7652    11.7472    -0.0181   3.957663   3.955614  -0.002049    34.7882    34.7850     5.9611    26.4691    26.4701         12  0.000e+00
      67386 295.047473  -42.18852  -53.45696     -0.291    1478.74     33.526     33.260    11.8008    11.7584    -0.0424    11.7965    11.7541    -0.0424   3.960496   3.956037  -0.004458    34.7867    34.7827     5.9621    26.4621    26.4670         12  0.000e+00
      67387 295.047474  -42.18852  -53.45696     -0.296    1478.74     33.574     33.308    11.8179    11.7585    -0.0594    11.8136    11.7542    -0.0593   3.962102   3.955835  -0.006267    34.7864    34.7806     5.9564    26.4586    26.4653         12  0.000e+00
      67388 295.047474  -42.18850  -53.45696     -0.296    1478.74     33.574     33.308    11.8292    11.7560    -0.0731    11.8249    11.7517    -0.0731   3.962912   3.955327  -0.007585    34.7838    34.7779     5.9555    26.4545    26.4637         12  0.000e+00
      67389 295.047475  -42.18850  -53.45696     -0.302    1478.74     33.526     33.260    11.8344    11.7532    -0.0813    11.8302    11.7489    -0.0813   3.963182   3.954617  -0.008564    34.7815    34.7737     5.9554    26.4517    26.4609         12  0.000e+00
      67390 295.047475  -42.18850  -53.45696     -0.306    1478.74     33.510     33.244    11.8389    11.7436    -0.0953    11.8346    11.7393    -0.0953   3.963529   3.953855  -0.009674    34.7807    34.7752     5.9597    26.4502    26.4639         12  0.000e+00
      67391 295.047476  -42.18850  -53.45696     -0.313    1478.74     33.462     33.196    11.8426    11.7369    -0.1057    11.8383    11.7326    -0.1056   3.963856   3.953777  -0.010079    34.7805    34.7807     5.9554    26.4494    26.4694         12  0.000e+00
      67392 295.047476  -42.18850  -53.45696     -0.315    1478.74     33.510     33.244    11.8425    11.7342    -0.1083    11.8382    11.7299    -0.1083   3.963811   3.954064  -0.009748    34.7801    34.7860     5.9513    26.4491    26.4741         12  0.000e+00
      67393 295.047477  -42.18850  -53.45696     -0.319    1478.74     33.454     33.188    11.8416    11.7327    -0.1089    11.8373    11.7284    -0.1089   3.963792   3.953946  -0.009846    34.7808    34.7863     5.9555    26.4498    26.4746         12  0.000e+00
      67394 295.047477  -42.18850  -53.45696     -0.324    1478.74     33.462     33.196    11.8409    11.7324    -0.1085    11.8366    11.7281    -0.1085   3.963876   3.953725  -0.010151    34.7823    34.7844     5.9514    26.4511    26.4732         12  0.000e+00
      67395 295.047478  -42.18850  -53.45696     -0.325    1478.74     33.454     33.188    11.8389    11.7305    -0.1084    11.8346    11.7263    -0.1084   3.963721   3.953451  -0.010270    34.7826    34.7835     5.9558    26.4517    26.4728         12  0.000e+00
      67396 295.047478  -42.18850  -53.45696     -0.328    1478.74     33.454     33.188    11.8368    11.7284    -0.1084    11.8325    11.7241    -0.1084   3.963304   3.953184  -0.010119    34.7805    34.7829     5.9521    26.4505    26.4727         12  0.000e+00
      67397 295.047479  -42.18850  -53.45696     -0.332    1478.74     33.405     33.140    11.8353    11.7302    -0.1051    11.8310    11.7259    -0.1051   3.963265   3.953093  -0.010172    34.7816    34.7803     5.9564    26.4516    26.4704         12  0.000e+00
      67398 295.047479  -42.18850  -53.45696     -0.331    1478.74     33.389     33.124    11.8344    11.7313    -0.1031    11.8302    11.7271    -0.1031   3.963226   3.953028  -0.010199    34.7820    34.7786     5.9525    26.4521    26.4689         12  0.000e+00
      67399 295.047480  -42.18850  -53.45696     -0.329    1478.74     33.462     33.196    11.8340    11.7322    -0.1017    11.8297    11.7280    -0.1017   3.962982   3.953145  -0.009837    34.7800    34.7789     5.9569    26.4506    26.4689         13  0.000e+00
      67400 295.047480  -42.18850  -53.45696     -0.337    1478.74     33.333     33.068    11.8300    11.7327    -0.0973    11.8257    11.7285    -0.0973   3.962777   3.953334  -0.009443    34.7818    34.7803     5.9534    26.4528    26.4700         13  0.000e+00
      67401 295.047481  -42.18850  -53.45696     -0.335    1478.74     33.389     33.124    11.8202    11.7322    -0.0880    11.8159    11.7280    -0.0880   3.962462   3.953471  -0.008991    34.7878    34.7821     5.9587    26.4593    26.4714         13  0.000e+00
      67402 295.047481  -42.18850  -53.45696     -0.338    1478.74     33.349     33.084    11.8122    11.7322    -0.0800    11.8080    11.7279    -0.0800   3.962076   3.953627  -0.008449    34.7916    34.7837     5.9557    26.4637    26.4727         13  0.000e+00
      67403 295.047482  -42.18850  -53.45696     -0.334    1478.74     33.389     33.124    11.8124    11.7320    -0.0803    11.8081    11.7278    -0.0803   3.961524   3.953972  -0.007551    34.7860    34.7872     5.9556    26.4593    26.4754         13  0.000e+00
      67404 295.047482  -42.18850  -53.45696     -0.334    1478.74     33.333     33.068    11.8121    11.7351    -0.0770    11.8078    11.7308    -0.0770   3.960791   3.954865  -0.005926    34.7791    34.7931     5.9554    26.4540    26.4795         13  0.000e+00
      67405 295.047483  -42.18850  -53.45696     -0.333    1478.74     33.349     33.084    11.8058    11.7523    -0.0535    11.8015    11.7480    -0.0535   3.960187   3.955900  -0.004287    34.7790    34.7871     5.9559    26.4552    26.4716         13  0.000e+00
      67406 295.047483  -42.18850  -53.45696     -0.335    1478.74     33.333     33.068    11.7987    11.7687    -0.0300    11.7944    11.7644    -0.0300   3.959795   3.956389  -0.003406    34.7819    34.7766     5.9564    26.4587    26.4603         13  0.000e+00
      67407 295.047484  -42.18850  -53.45696     -0.330    1478.74     33.333     33.068    11.7940    11.7778    -0.0162    11.7897    11.7736    -0.0162   3.959422   3.956571  -0.002851    34.7826    34.7698     5.9566    26.4602    26.4533         13  0.000e+00
      67408 295.047484  -42.18850  -53.45696     -0.328    1478.74     33.349     33.084    11.7930    11.7791    -0.0140    11.7888    11.7748    -0.0140   3.959564   3.956734  -0.002830    34.7849    34.7703     5.9564    26.4622    26.4534         13  0.000e+00
      67409 295.047485  -42.18850  -53.45696     -0.325    1478.74     33.277     33.013    11.7963    11.7788    -0.0175    11.7921    11.7746    -0.0175   3.959840   3.956858  -0.002982    34.7846    34.7717     5.9556    26.4613    26.4546         13  0.000e+00
      67410 295.047485  -42.18850  -53.45696     -0.326    1478.74     33.285     33.020    11.7975    11.7742    -0.0233    11.7932    11.7700    -0.0233   3.960168   3.956780  -0.003388    34.7867    34.7753     5.9598    26.4627    26.4582         13  0.000e+00
      67411 295.047486  -42.18850  -53.45696     -0.320    1478.74     33.333     33.068    11.7940    11.7702    -0.0237    11.7897    11.7660    -0.0237   3.960161   3.956643  -0.003518    34.7899    34.7776     5.9604    26.4658    26.4608         13  0.000e+00
      67412 295.047486  -42.18848  -53.45694     -0.315    1478.74     33.277     33.013    11.7905    11.7677    -0.0228    11.7863    11.7635    -0.0228   3.959757   3.956552  -0.003205    34.7892    34.7791     5.9614    26.4659    26.4624         13  0.000e+00
      67413 295.047486  -42.18848  -53.45694     -0.312    1478.74     33.285     33.021    11.7903    11.7655    -0.0248    11.7861    11.7613    -0.0248   3.959622   3.956617  -0.003005    34.7880    34.7818     5.9617    26.4651    26.4649         13  0.000e+00
      67414 295.047487  -42.18848  -53.45694     -0.308    1478.74     33.277     33.013    11.7894    11.7655    -0.0238    11.7851    11.7613    -0.0238   3.959268   3.956897  -0.002371    34.7855    34.7845     5.9625    26.4633    26.4670         13  0.000e+00
      67415 295.047487  -42.18848  -53.45694     -0.299    1478.74     33.333     33.068    11.7818    11.7679    -0.0139    11.7776    11.7636    -0.0139   3.958632   3.957301  -0.001331    34.7863    34.7863     5.9680    26.4653    26.4680         13  0.000e+00
      67416 295.047488  -42.18848  -53.45694     -0.292    1478.74     33.285     33.021    11.7702    11.7719     0.0017    11.7659    11.7676     0.0017   3.957662   3.957686   0.000023    34.7877    34.7863     5.9657    26.4686    26.4672         13  0.000e+00
      67417 295.047488  -42.18848  -53.45694     -0.288    1478.74     33.277     33.013    11.7591    11.7713     0.0122    11.7548    11.7670     0.0122   3.956930   3.957314   0.000384    34.7909    34.7833     5.9715    26.4732    26.4650         13  0.000e+00
      67418 295.047489  -42.18848  -53.45694     -0.281    1478.74     33.285     33.021    11.7541    11.7677     0.0136    11.7499    11.7635     0.0136   3.956648   3.956382  -0.000265    34.7928    34.7775     5.9727    26.4756    26.4611         13  0.000e+00
      67419 295.047489  -42.18848  -53.45694     -0.274    1478.74     33.277     33.013    11.7596    11.7600     0.0004    11.7554    11.7558     0.0004   3.956712   3.955575  -0.001137    34.7883    34.7767     5.9727    26.4710    26.4620         13  0.000e+00
      67420 295.047490  -42.18848  -53.45694     -0.266    1478.74     33.277     33.013    11.7619    11.7528    -0.0091    11.7576    11.7486    -0.0091   3.956770   3.955080  -0.001690    34.7867    34.7786     5.9730    26.4694    26.4648         13  0.000e+00
      67421 295.047490  -42.18848  -53.45694     -0.255    1478.74     33.349     33.085    11.7582    11.7489    -0.0094    11.7540    11.7446    -0.0094   3.956648   3.954852  -0.001796    34.7889    34.7801     5.9740    26.4718    26.4667         13  0.000e+00
      67422 295.047491  -42.18848  -53.45694     -0.245    1478.74     33.277     33.013    11.7542    11.7458    -0.0084    11.7499    11.7415    -0.0084   3.956217   3.954708  -0.001509    34.7885    34.7816     5.9750    26.4723    26.4685         13  0.000e+00
      67423 295.047491  -42.18848  -53.45694     -0.240    1478.74     33.277     33.013    11.7493    11.7435    -0.0058    11.7451    11.7393    -0.0058   3.955466   3.954617  -0.000849    34.7857    34.7828     5.9762    26.4710    26.4698         13  0.000e+00
      67424 295.047492  -42.18848  -53.45694     -0.230    1478.74     33.285     33.021    11.7435    11.7433    -0.0003    11.7393    11.7390    -0.0003   3.954817   3.954754  -0.000063    34.7848    34.7844     5.9818    26.4714    26.4711         13  0.000e+00
      67425 295.047492  -42.18848  -53.45694     -0.216    1478.74     33.333     33.069    11.7437    11.7435    -0.0001    11.7394    11.7393    -0.0001   3.954804   3.954832   0.000028    34.7845    34.7849     5.9784    26.4711    26.4714         13  0.000e+00
      67426 295.047493  -42.18848  -53.45694     -0.211    1478.74     33.212     32.949    11.7462    11.7434    -0.0027    11.7419    11.7392    -0.0027   3.955113   3.954760  -0.000352    34.7852    34.7843     5.9827    26.4712    26.4710         13  0.000e+00
      67427 295.047493  -42.18848  -53.45694     -0.198    1478.74     33.349     33.085    11.7483    11.7427    -0.0056    11.7441    11.7385    -0.0056   3.955395   3.954715  -0.000680    34.7859    34.7845     5.9833    26.4714    26.4713         13  0.000e+00
      67428 295.047494  -42.18848  -53.45694     -0.186    1478.74     33.333     33.069    11.7473    11.7427    -0.0046    11.7431    11.7384    -0.0046   3.955235   3.954682  -0.000552    34.7853    34.7842     5.9799    26.4710    26.4711         13  0.000e+00
      67429 295.047494  -42.18848  -53.45694     -0.177    1478.74     33.285     33.021    11.7457    11.7411    -0.0046    11.7414    11.7368    -0.0046   3.955106   3.954376  -0.000730    34.7856    34.7827     5.9847    26.4716    26.4702         13  0.000e+00
      67430 295.047495  -42.18848  -53.45694     -0.163    1478.74     33.333     33.069    11.7458    11.7366    -0.0093    11.7416    11.7323    -0.0093   3.955093   3.953901  -0.001193    34.7853    34.7823     5.9854    26.4714    26.4707         13  0.000e+00
      67431 295.047495  -42.18848  -53.45694     -0.154    1478.74     33.333     33.069    11.7465    11.7336    -0.0130    11.7423    11.7293    -0.0129   3.955215   3.953660  -0.001556    34.7859    34.7827     5.9860    26.4717    26.4717         13  0.000e+00
      67432 295.047496  -42.18848  -53.45694     -0.139    1478.74     33.349     33.085    11.7458    11.7322    -0.0136    11.7416    11.7279    -0.0136   3.955003   3.953634  -0.001370    34.7844    34.7837     5.9911    26.4707    26.4727         13  0.000e+00
      67433 295.047496  -42.18848  -53.45694     -0.133    1478.74     33.277     33.013    11.7422    11.7319    -0.0103    11.7379    11.7277    -0.0103   3.954496   3.953770  -0.000726    34.7829    34.7854     5.9926    26.4702    26.4740         13  0.000e+00
      67434 295.047497  -42.18848  -53.45694     -0.115    1478.74     33.390     33.125    11.7319    11.7334     0.0014    11.7277    11.7291     0.0014   3.953308   3.953959   0.000651    34.7808    34.7858     5.9908    26.4704    26.4741         13  0.000e+00
      67435 295.047497  -42.18848  -53.45694     -0.103    1478.74     33.406     33.141    11.7195    11.7369     0.0174    11.7153    11.7326     0.0174   3.952095   3.954507   0.002412    34.7805    34.7879     5.9977    26.4725    26.4750         14  0.000e+00
      67436 295.047498  -42.18848  -53.45694     -0.091    1478.74     33.333     33.069    11.7089    11.7439     0.0350    11.7047    11.7396     0.0349   3.951267   3.955295   0.004028    34.7823    34.7891     5.9999    26.4760    26.4747         14  0.000e+00
      67437 295.047498  -42.18848  -53.45694     -0.075    1478.74     33.406     33.141    11.7037    11.7495     0.0458    11.6995    11.7452     0.0458   3.950869   3.955575   0.004706    34.7833    34.7866     6.0014    26.4777    26.4716         14  0.000e+00
      67438 295.047499  -42.18848  -53.45694     -0.065    1478.74     33.333     33.069    11.7031    11.7502     0.0472    11.6988    11.7460     0.0471   3.951016   3.955184   0.004167    34.7853    34.7821     6.0022    26.4794    26.4680         14  0.000e+00
