Pos-Processados/process_op41/operantar41_005.cnv
* Sea-Bird SBE 9 Data File:
* FileName = C:\Users\Dell\Desktop\Operantar XLI\Raw\OP41005.hdr
* Software Version Seasave V 7.26.7.110
* Temperature SN = 6497
* Conductivity SN = 4954
* Number of Bytes Per Scan = 31
* Number of Voltage Words = 2
* Number of Scans Averaged by the Deck Unit = 1
* NMEA Latitude = 38 39.38 S
* NMEA Longitude = 048 59.66 W
* NMEA UTC (Time) = Oct 18 2022 16:26:34
* NMEA baud rate = 4800
** H41
** Navio Polar Almirante Maximiano
** LH-021/2022
** Operantar XLI
** Número da Estação 005
** Latitude 38 39,4'S
** Longitude 048 59,6'W
** Data/Hora (Z) 18/10/2022 16:26Z
** Profundidade local 5340m
** 09-1439
** Nome do Operador CT Garla
# nquan = 30
# nvalues = 10036                       
# units = specified
# name 0 = scan: Scan Count
# name 1 = timeJ: Julian Days
# name 2 = latitude: Latitude [deg]
# name 3 = longitude: Longitude [deg]
# name 4 = dz/dtM: Descent Rate [m/s]
# name 5 = avgsvCM: Average Sound Velocity [Chen-Millero, m/s]
# name 6 = prDM: Pressure, Digiquartz [db]
# name 7 = depSM: Depth [salt water, m]
# name 8 = t090C: Temperature [ITS-90, deg C]
# name 9 = t190C: Temperature, 2 [ITS-90, deg C]
# name 10 = T2-T190C: Temperature Difference, 2 - 1 [ITS-90, deg C]
# name 11 = potemp090C: Potential Temperature [ITS-90, deg C]
# name 12 = potemp190C: Potential Temperature, 2 [ITS-90, deg C]
# name 13 = potemp90Cdiff: Potential Temperature, Diff, 2 - 1 [ITS-90, deg C]
# name 14 = c0S/m: Conductivity [S/m]
# name 15 = c1S/m: Conductivity, 2 [S/m]
# name 16 = C2-C1S/m: Conductivity Difference, 2 - 1 [S/m]
# name 17 = sal00: Salinity, Practical [PSU]
# name 18 = sal11: Salinity, Practical, 2 [PSU]
# name 19 = sbeox0ML/L: Oxygen, SBE 43 [ml/l]
# name 20 = sigma-é00: Density [sigma-theta, kg/m^3]
# name 21 = sigma-é11: Density, 2 [sigma-theta, kg/m^3]
# name 22 = sal00: Salinity, Practical [PSU]
# name 23 = sigma-é00: Density [sigma-theta, kg/m^3]
# name 24 = svCM: Sound Velocity [Chen-Millero, m/s]
# name 25 = svCM1: Sound Velocity, 2 [Chen-Millero, m/s]
# name 26 = gsw_ptA0: potential temperature [ITS-90, deg C]
# name 27 = gsw_densityA0: density, TEOS-10 [density, kg/m^3]
# name 28 = gsw_saA0: Absolute Salinity [g/kg]
# name 29 = flag:
# span 0 =        489,     285233       
# span 1 = 291.685351, 291.822670       
# span 2 =  -38.65644,  -38.65148       
# span 3 =  -49.03358,  -48.99446       
# span 4 =     -1.833,      1.764       
# span 5 =      -0.01,    1510.79       
# span 6 =      2.000,   5020.000       
# span 7 =      1.980,   4924.323       
# span 8 =     0.3083,    14.8029       
# span 9 =     0.3084,    14.8029       
# span 10 =    -0.2354,     0.1068      
# span 11 =    -0.0867,    14.8020      
# span 12 =    -0.0867,    14.8020      
# span 13 =    -0.2352,     0.1067      
# span 14 =   3.090175,   4.294028      
# span 15 =   3.090141,   4.294007      
# span 16 =  -0.027526,   0.012235      
# span 17 =    34.1439,    35.4762      
# span 18 =    34.1435,    35.4774      
# span 19 =     3.9135,     6.1957      
# span 20 =    26.1657,    27.8430      
# span 21 =    26.1658,    27.8430      
# span 22 =    34.1428,    35.4767      
# span 23 =    26.1665,    27.8430      
# span 24 =    1477.21,    1535.25      
# span 25 =    1477.21,    1535.25      
# span 26 =    -0.0870,    14.8020      
# span 27 =  1026.1880,  1050.4624      
# span 28 =    34.3046,    35.6441      
# span 29 = 0.0000e+00, 0.0000e+00      
# interval = decibars: 1                
# start_time = Oct 18 2022 16:26:34 [NMEA time, header]
# bad_flag = -9.990e-29
*END*
[from data line 9571]
     269566 291.815114  -38.65252  -49.03162     -1.296    1502.27    466.000    461.965     5.1875     5.1865    -0.0010     5.1501     5.1491    -0.0010   3.312604   3.312600  -0.000046    34.1824    34.1829     5.9079    27.0097    27.0102    34.1835    27.0106    1478.10    1478.09     5.1499  1029.1563    34.3454 0.0000e+00
     269585 291.815123  -38.65252  -49.03162     -1.340    1502.27    465.000    460.975     5.1997     5.2009     0.0012     5.1623     5.1635     0.0012   3.313863   3.314064   0.000201    34.1835    34.1846     5.9098    27.0092    27.0099    34.1860    27.0111    1478.13    1478.14     5.1622  1029.1521    34.3479 0.0000e+00
     269610 291.815135  -38.65252  -49.03162     -1.126    1502.27    464.000    459.985     5.2120     5.2116    -0.0004     5.1746     5.1743    -0.0004   3.314981   3.314946  -0.000021    34.1849    34.1851     5.9083    27.0088    27.0090    34.1868    27.0103    1478.17    1478.17     5.1745  1029.1465    34.3487 0.0000e+00
     269643 291.815151  -38.65252  -49.03162     -0.777    1502.27    463.000    458.995     5.2173     5.2178     0.0005     5.1800     5.1804     0.0005   3.315400   3.315487   0.000077    34.1857    34.1861     5.8921    27.0088    27.0090    34.1867    27.0096    1478.17    1478.18     5.1799  1029.1413    34.3486 0.0000e+00
     269674 291.815166  -38.65252 -9.990e-29     -0.743    1502.27    462.000    458.005     5.2174     5.2178     0.0004     5.1802     5.1806     0.0004   3.315363   3.315422   0.000067    34.1858    34.1862     5.8780    27.0089    27.0091    34.1866    27.0095    1478.16    1478.16     5.1801  1029.1366    34.3486 0.0000e+00
     269699 291.815179  -38.65252 -9.990e-29     -0.866    1502.27    461.000    457.014     5.2180     5.2177    -0.0003     5.1809     5.1806    -0.0003   3.315420   3.315394  -0.000023    34.1862    34.1862     5.8684    27.0091    27.0091    34.1872    27.0099    1478.14    1478.14     5.1808  1029.1324    34.3492 0.0000e+00
     269721 291.815189  -38.65250 -9.990e-29     -1.008    1502.27    460.000    456.024     5.2242     5.2215    -0.0027     5.1871     5.1844    -0.0027   3.316038   3.315779  -0.000253    34.1871    34.1869     5.8699    27.0091    27.0092    34.1885    27.0102    1478.15    1478.14     5.1870  1029.1280    34.3504 0.0000e+00
     269740 291.815198  -38.65250  -49.03164     -1.155    1502.27    459.000    455.034     5.2351     5.2310    -0.0040     5.1980     5.1940    -0.0040   3.317295   3.316827  -0.000438    34.1890    34.1881     5.8752    27.0094    27.0091    34.1923    27.0120    1478.19    1478.17     5.1980  1029.1251    34.3543 0.0000e+00
     269758 291.815207  -38.65250  -49.03164     -1.269    1502.27    458.000    454.044     5.2542     5.2499    -0.0043     5.2172     5.2129    -0.0043   3.319011   3.318641  -0.000373    34.1903    34.1904     5.8705    27.0081    27.0087    34.1930    27.0103    1478.25    1478.23     5.2171  1029.1185    34.3549 0.0000e+00
     269778 291.815217  -38.65250  -49.03164     -1.285    1502.27    457.000    453.053     5.2608     5.2601    -0.0008     5.2239     5.2231    -0.0008   3.319542   3.319494  -0.000045    34.1907    34.1910     5.8713    27.0077    27.0080    34.1928    27.0093    1478.26    1478.26     5.2238  1029.1129    34.3547 0.0000e+00
     269804 291.815229  -38.65250  -49.03165     -1.078    1502.27    456.000    452.068     5.2656     5.2651    -0.0005     5.2287     5.2283    -0.0005   3.319947   3.319948  -0.000009    34.1913    34.1917     5.8710    27.0076    27.0080    34.1931    27.0090    1478.26    1478.26     5.2286  1029.1080    34.3550 0.0000e+00
     269845 291.815249  -38.65250  -49.03166     -0.606    1502.27    455.000    451.070     5.2694     5.2697     0.0003     5.2326     5.2329     0.0003   3.320245   3.320309   0.000060    34.1918    34.1922     5.8499    27.0075    27.0078    34.1932    27.0086    1478.26    1478.26     5.2325  1029.1029    34.3550 0.0000e+00
     269885 291.815268  -38.65250  -49.03166     -0.573    1502.27    454.000    450.082     5.2700     5.2701     0.0001     5.2332     5.2334     0.0001   3.320245   3.320297   0.000050    34.1921    34.1925     5.8327    27.0076    27.0080    34.1931    27.0084    1478.25    1478.25     5.2331  1029.0982    34.3550 0.0000e+00
     269912 291.815281  -38.65250  -49.03164     -0.797    1502.27    453.000    449.092     5.2703     5.2704     0.0001     5.2337     5.2338     0.0001   3.320239   3.320278   0.000030    34.1922    34.1924     5.8376    27.0077    27.0079    34.1931    27.0084    1478.23    1478.23     5.2336  1029.0936    34.3550 0.0000e+00
     269935 291.815292  -38.65250  -49.03166     -0.983    1502.27    452.000    448.102     5.2799     5.2753    -0.0046     5.2433     5.2387    -0.0046   3.321323   3.320780  -0.000458    34.1937    34.1932     5.8370    27.0078    27.0079    34.1963    27.0098    1478.26    1478.24     5.2432  1029.0902    34.3582 0.0000e+00
     269954 291.815301  -38.65250  -49.03166     -1.129    1502.27    451.000    447.111     5.2941     5.2867    -0.0074     5.2575     5.2502    -0.0074   3.322662   3.321904  -0.000717    34.1946    34.1938     5.8288    27.0067    27.0071    34.1977    27.0092    1478.30    1478.27     5.2574  1029.0850    34.3596 0.0000e+00
     269972 291.815310  -38.65250  -49.03166     -1.254    1502.27    450.000    446.121     5.3109     5.3074    -0.0035     5.2743     5.2708    -0.0035   3.324125   3.323975  -0.000278    34.1951    34.1955     5.8315    27.0052    27.0059    34.1978    27.0074    1478.35    1478.34     5.2742  1029.0783    34.3597 0.0000e+00
     269989 291.815318  -38.65250  -49.03166     -1.350    1502.27    449.000    445.131     5.3240     5.3266     0.0026     5.2875     5.2901     0.0026   3.325602   3.325792   0.000263    34.1972    34.1976     5.8410    27.0053    27.0053    34.2019    27.0090    1478.39    1478.41     5.2874  1029.0752    34.3638 0.0000e+00
     270006 291.815327  -38.65248  -49.03166     -1.396    1502.27    448.000    444.141     5.3427     5.3457     0.0030     5.3062     5.3092     0.0030   3.327193   3.327740   0.000384    34.1981    34.1994     5.8368    27.0038    27.0045    34.2016    27.0066    1478.45    1478.47     5.3061  1029.0680    34.3635 0.0000e+00
     270026 291.815336  -38.65248  -49.03166     -1.336    1502.27    447.000    443.150     5.3710     5.3657    -0.0052     5.3345     5.3292    -0.0052   3.330146   3.329583  -0.000453    34.2011    34.2013     5.8283    27.0029    27.0036    34.2070    27.0075    1478.56    1478.54     5.3344  1029.0640    34.3689 0.0000e+00
     270052 291.815349  -38.65248  -49.03166     -1.077    1502.27    446.000    442.163     5.4012     5.3960    -0.0052     5.3647     5.3595    -0.0052   3.332969   3.332530  -0.000443    34.2038    34.2040     5.8270    27.0014    27.0022    34.2090    27.0055    1478.67    1478.65     5.3646  1029.0571    34.3709 0.0000e+00
     270094 291.815369  -38.65248  -49.03168     -0.593    1502.27    445.000    441.168     5.4233     5.4256     0.0023     5.3868     5.3891     0.0023   3.334968   3.335270   0.000286    34.2061    34.2071     5.8272    27.0006    27.0011    34.2098    27.0035    1478.74    1478.75     5.3867  1029.0503    34.3717 0.0000e+00
     270132 291.815387  -38.65248  -49.03169     -0.596    1502.27    444.000    440.179     5.4291     5.4304     0.0013     5.3926     5.3939     0.0013   3.335458   3.335611   0.000163    34.2070    34.2075     5.8093    27.0006    27.0009    34.2100    27.0030    1478.75    1478.75     5.3925  1029.0452    34.3720 0.0000e+00
     270162 291.815402  -38.65248  -49.03170     -0.782    1502.27    443.000    439.189     5.4336     5.4336    -0.0000     5.3972     5.3972    -0.0000   3.335824   3.335856   0.000016    34.2077    34.2079     5.7866    27.0006    27.0007    34.2101    27.0025    1478.75    1478.75     5.3971  1029.0400    34.3720 0.0000e+00
     270191 291.815416  -38.65248  -49.03170     -0.822    1502.27    442.000    438.199     5.4352     5.4351    -0.0001     5.3989     5.3988    -0.0001   3.335943   3.335932  -0.000001    34.2081    34.2082     5.7828    27.0007    27.0008    34.2104    27.0025    1478.74    1478.74     5.3988  1029.0354    34.3723 0.0000e+00
     270217 291.815428  -38.65248  -49.03170     -0.858    1502.27    441.000    437.208     5.4406     5.4384    -0.0022     5.4044     5.4022    -0.0022   3.336434   3.336206  -0.000202    34.2086    34.2085     5.7914    27.0004    27.0007    34.2110    27.0023    1478.75    1478.74     5.4043  1029.0307    34.3729 0.0000e+00
     270238 291.815438  -38.65248  -49.03170     -1.014    1502.27    440.000    436.218     5.4426     5.4413    -0.0013     5.4065     5.4052    -0.0013   3.336422   3.336412  -0.000064    34.2081    34.2086     5.7908    26.9998    27.0004    34.2093    27.0007    1478.74    1478.73     5.4064  1029.0250    34.3719 0.0000e+00
     270256 291.815447 -9.990e-29  -49.03170     -1.195    1502.27    439.000    435.227     5.4391     5.4402     0.0011     5.4031     5.4041     0.0011   3.335947   3.336076   0.000140    34.2068    34.2073     5.7859    26.9992    26.9995    34.2079    27.0001    1478.70    1478.71     5.4030  1029.0210    34.3721 0.0000e+00
     270273 291.815455 -9.990e-29  -49.03170     -1.336    1502.27    438.000    434.237     5.4374     5.4378     0.0003     5.4015     5.4018     0.0003   3.335604   3.335673   0.000058    34.2054    34.2057     5.7792    26.9983    26.9985    34.2063    26.9989    1478.68    1478.68     5.4013  1029.0153    34.3704 0.0000e+00
     270291 291.815464 -9.990e-29  -49.03170     -1.383    1502.27    437.000    433.247     5.4358     5.4362     0.0005     5.3999     5.4004     0.0005   3.335332   3.335402   0.000073    34.2044    34.2047     5.7669    26.9976    26.9979    34.2053    26.9984    1478.65    1478.66     5.3998  1029.0103    34.3695 0.0000e+00
     270310 291.815473 -9.990e-29  -49.03170     -1.323    1502.27    436.000    432.256     5.4361     5.4361     0.0000     5.4003     5.4004     0.0000   3.335301   3.335319   0.000036    34.2040    34.2043     5.7593    26.9973    26.9976    34.2052    26.9983    1478.64    1478.64     5.4002  1029.0055    34.3693 0.0000e+00
     270334 291.815485  -38.65246  -49.03170     -1.139    1502.27    435.000    431.266     5.4404     5.4393    -0.0010     5.4046     5.4036    -0.0010   3.335592   3.335561  -0.000043    34.2034    34.2039     5.7743    26.9963    26.9969    34.2046    26.9973    1478.64    1478.63     5.4045  1028.9995    34.3682 0.0000e+00
     270364 291.815499  -38.65246  -49.03172     -0.857    1502.27    434.000    430.276     5.4464     5.4474     0.0010     5.4107     5.4118     0.0010   3.336085   3.336234   0.000140    34.2032    34.2038     5.7892    26.9954    26.9958    34.2046    26.9966    1478.65    1478.65     5.4106  1028.9928    34.3666 0.0000e+00
     270396 291.815514  -38.65246  -49.03172     -0.750    1502.27    433.000    429.285     5.4528     5.4535     0.0007     5.4172     5.4179     0.0007   3.336624   3.336691   0.000073    34.2036    34.2037     5.8060    26.9950    26.9950    34.2048    26.9959    1478.66    1478.66     5.4171  1028.9875    34.3667 0.0000e+00
     270423 291.815528  -38.65246  -49.03172     -0.840    1502.27    432.000    428.295     5.4577     5.4569    -0.0008     5.4222     5.4214    -0.0008   3.337095   3.337044  -0.000040    34.2040    34.2044     5.8186    26.9947    26.9951    34.2057    26.9960    1478.66    1478.66     5.4221  1028.9830    34.3676 0.0000e+00
     270456 291.815544  -38.65246  -49.03172     -0.777    1502.27    431.000    427.304     5.4695     5.4707     0.0011     5.4340     5.4352     0.0011   3.338150   3.338309   0.000149    34.2044    34.2050     5.8106    26.9936    26.9939    34.2062    26.9950    1478.69    1478.70     5.4339  1028.9772    34.3681 0.0000e+00
     270495 291.815562  -38.65246  -49.03172     -0.602    1502.27    430.000    426.314     5.4803     5.4784    -0.0019     5.4448     5.4430    -0.0018   3.339126   3.338951  -0.000153    34.2053    34.2054     5.7956    26.9930    26.9933    34.2069    26.9943    1478.72    1478.71     5.4448  1028.9718    34.3688 0.0000e+00
     270522 291.815575  -38.65246  -49.03173     -0.768    1502.27    429.000    425.324     5.4868     5.4840    -0.0028     5.4514     5.4486    -0.0028   3.339757   3.339484  -0.000258    34.2062    34.2061     5.8033    26.9929    26.9932    34.2079    26.9943    1478.73    1478.72     5.4513  1028.9672    34.3698 0.0000e+00
     270542 291.815585  -38.65246  -49.03174     -1.016    1502.27    428.000    424.333     5.4930     5.4887    -0.0043     5.4577     5.4534    -0.0043   3.340325   3.339913  -0.000402    34.2067    34.2065     5.8031    26.9925    26.9929    34.2086    26.9941    1478.74    1478.72     5.4576  1028.9623    34.3705 0.0000e+00
     270560 291.815594  -38.65246  -49.03174     -1.223    1502.27    427.000    423.343     5.4987     5.4965    -0.0023     5.4635     5.4613    -0.0023   3.340814   3.340683  -0.000184    34.2072    34.2074     5.7990    26.9923    26.9927    34.2088    26.9936    1478.75    1478.74     5.4634  1028.9572    34.3708 0.0000e+00
     270577 291.815602  -38.65246  -49.03174     -1.360    1502.27    426.000    422.352     5.5071     5.5085     0.0014     5.4719     5.4733     0.0014   3.341759   3.341930   0.000160    34.2084    34.2088     5.7945    26.9922    26.9924    34.2116    26.9947    1478.77    1478.77     5.4718  1028.9537    34.3735 0.0000e+00
     270594 291.815610  -38.65246  -49.03174     -1.403    1502.27    425.000    421.362     5.5300     5.5361     0.0062     5.4948     5.5009     0.0062   3.344239   3.344861   0.000616    34.2113    34.2120     5.7910    26.9917    26.9916    34.2171    26.9963    1478.85    1478.88     5.4947  1028.9505    34.3791 0.0000e+00
     270613 291.815619  -38.65246  -49.03174     -1.349    1502.27    424.000    420.372     5.5686     5.5632    -0.0054     5.5333     5.5280    -0.0053   3.347718   3.347176  -0.000457    34.2131    34.2133     5.7840    26.9885    26.9893    34.2180    26.9924    1478.99    1478.97     5.5333  1028.9416    34.3800 0.0000e+00
     270635 291.815630  -38.65246  -49.03174     -1.206    1502.27    423.000    419.381     5.5939     5.5889    -0.0050     5.5586     5.5537    -0.0050   3.350315   3.349864  -0.000444    34.2161    34.2161     5.7861    26.9878    26.9884    34.2224    26.9928    1479.08    1479.06     5.5586  1028.9371    34.3843 0.0000e+00
     270659 291.815642  -38.65246  -49.03174     -1.042    1502.27    422.000    418.391     5.6174     5.6172    -0.0003     5.5822     5.5820    -0.0003   3.352419   3.352510   0.000037    34.2181    34.2188     5.7828    26.9866    26.9872    34.2228    26.9903    1479.16    1479.16     5.5821  1028.9298    34.3848 0.0000e+00
     270685 291.815654  -38.65244  -49.03176     -0.952    1502.27    421.000    417.400     5.6316     5.6323     0.0007     5.5964     5.5971     0.0007   3.353758   3.353849   0.000100    34.2198    34.2203     5.7716    26.9862    26.9864    34.2242    26.9896    1479.20    1479.20     5.5963  1028.9244    34.3861 0.0000e+00
     270713 291.815667  -38.65244  -49.03176     -0.891    1502.27    420.000    416.410     5.6398     5.6398    -0.0000     5.6047     5.6047    -0.0000   3.354448   3.354516   0.000053    34.2209    34.2214     5.7546    26.9860    26.9865    34.2242    26.9887    1479.22    1479.22     5.6046  1028.9187    34.3862 0.0000e+00
     270744 291.815683  -38.65244  -49.03176     -0.788    1502.27    419.000    415.420     5.6446     5.6454     0.0009     5.6095     5.6104     0.0009   3.354856   3.354997   0.000139    34.2216    34.2223     5.7352    26.9860    26.9864    34.2245    26.9883    1479.22    1479.23     5.6094  1028.9138    34.3865 0.0000e+00
