Pos-Processados/process_op41/operantar41_017.cnv
* Sea-Bird SBE 9 Data File:
* FileName = C:\Users\Dell\Desktop\OperantarXLI\config\00_BRUTOS\OPE41017.hdr
* Software Version Seasave V 7.26.7.110
* Temperature SN = 6497
* Conductivity SN = 4954
* Number of Bytes Per Scan = 34
* Number of Voltage Words = 3
* Number of Scans Averaged by the Deck Unit = 1
* NMEA Latitude = 62 13.33 S
* NMEA Longitude = 058 12.09 W
* NMEA UTC (Time) = Nov 09 2022 17:12:58
* NMEA baud rate = 4800
** H41
** Navio Polar Almirante Maximiano
** LH-021/2022
** Operantar XLI
** Número da Estação 017
** Latitude 62 13.278'S
** Longitude 058 12.242'W
** Data/Hora (Z) 09/11/2022 1710Z
** Profundidade local 350 m
** 09-1439
** Nome do Operador CT Garla
# nquan = 30
# nvalues = 900                         
# units = specified
# name 0 = scan: Scan Count
# name 1 = timeJ: Julian Days
# name 2 = latitude: Latitude [deg]
# name 3 = longitude: Longitude [deg]
# name 4 = dz/dtM: Descent Rate [m/s]
# name 5 = avgsvCM: Average Sound Velocity [Chen-Millero, m/s]
# name 6 = prDM: Pressure, Digiquartz [db]
# name 7 = depSM: Depth [salt water, m]
# name 8 = t090C: Temperature [ITS-90, deg C]
# name 9 = t190C: Temperature, 2 [ITS-90, deg C]
# name 10 = T2-T190C: Temperature Difference, 2 - 1 [ITS-90, deg C]
# name 11 = potemp090C: Potential Temperature [ITS-90, deg C]
# name 12 = potemp190C: Potential Temperature, 2 [ITS-90, deg C]
# name 13 = potemp90Cdiff: Potential Temperature, Diff, 2 - 1 [ITS-90, deg C]
# name 14 = c0S/m: Conductivity [S/m]
# name 15 = c1S/m: Conductivity, 2 [S/m]
# name 16 = C2-C1S/m: Conductivity Difference, 2 - 1 [S/m]
# name 17 = sal00: Salinity, Practical [PSU]
# name 18 = sal11: Salinity, Practical, 2 [PSU]
# name 19 = sbeox0ML/L: Oxygen, SBE 43 [ml/l]
# name 20 = sigma-é00: Density [sigma-theta, kg/m^3]
# name 21 = sigma-é11: Density, 2 [sigma-theta, kg/m^3]
# name 22 = sal00: Salinity, Practical [PSU]
# name 23 = sigma-é00: Density [sigma-theta, kg/m^3]
# name 24 = svCM: Sound Velocity [Chen-Millero, m/s]
# name 25 = svCM1: Sound Velocity, 2 [Chen-Millero, m/s]
# name 26 = gsw_ptA0: potential temperature [ITS-90, deg C]
# name 27 = gsw_densityA0: density, TEOS-10 [density, kg/m^3]
# name 28 = gsw_saA0: Absolute Salinity [g/kg]
# name 29 = flag:
# span 0 =       2288,      31908       
# span 1 = 313.718441, 313.732725       
# span 2 =  -62.22294,  -62.22247       
# span 3 =  -58.20056,  -58.18324       
# span 4 =     -1.518,      1.248       
# span 5 =      -0.01,    1451.72       
# span 6 =      0.000,    450.000       
# span 7 =     -0.053,    445.188       
# span 8 =    -0.2768,     0.1004       
# span 9 =    -0.2758,     0.1020       
# span 10 =    -0.0143,     0.0662      
# span 11 =    -0.2932,     0.0848      
# span 12 =    -0.2923,     0.0863      
# span 13 =    -0.0143,     0.0660      
# span 14 =   2.829134,   2.890011      
# span 15 =   2.829162,   2.890197      
# span 16 =  -0.001434,   0.005521      
# span 17 =    34.1836,    34.4626      
# span 18 =    34.1841,    34.4632      
# span 19 =     5.6855,     7.4952      
# span 20 =    27.4545,    27.6867      
# span 21 =    27.4552,    27.6869      
# span 22 =    34.1832,    34.4670      
# span 23 =    27.4536,    27.6865      
# span 24 =    1447.39,    1455.39      
# span 25 =    1447.39,    1455.40      
# span 26 =    -0.2930,     0.0849      
# span 27 =  1027.4580,  1029.8304      
# span 28 =    34.3457,    34.6356      
# span 29 = 0.0000e+00, 0.0000e+00      
# interval = decibars: 1                
# start_time = Nov 09 2022 17:12:58 [NMEA time, header]
# bad_flag = -9.990e-29
*END*
[from data line 871]
      28151 313.730914  -62.22290  -58.18575     -0.836    1451.72     28.000     27.729    -0.1574    -0.1582    -0.0008    -0.1583    -0.1591    -0.0008   2.830213   2.830196  -0.000011    34.1836    34.1843     7.4770    27.4551    27.4558    34.1837    27.4552    1447.78    1447.77    -0.1583  1027.5932    34.3486 0.0000e+00
      28185 313.730930  -62.22290  -58.18572     -0.712    1451.72     27.000     26.739    -0.1571    -0.1588    -0.0016    -0.1580    -0.1597    -0.0016   2.830184   2.830099  -0.000079    34.1836    34.1844     7.4727    27.4551    27.4559    34.1837    27.4552    1447.76    1447.75    -0.1580  1027.5884    34.3486 0.0000e+00
      28215 313.730944  -62.22290  -58.18571     -0.761    1451.72     26.000     25.749    -0.1583    -0.1596    -0.0012    -0.1592    -0.1604    -0.0012   2.830046   2.830007  -0.000047    34.1838    34.1845     7.4820    27.4553    27.4560    34.1838    27.4553    1447.74    1447.73    -0.1592  1027.5838    34.3487 0.0000e+00
      28242 313.730957  -62.22290  -58.18569     -0.868    1451.72     25.000     24.759    -0.1585    -0.1588    -0.0003    -0.1594    -0.1596    -0.0003   2.829959   2.829977   0.000018    34.1836    34.1842     7.4895    27.4552    27.4557    34.1835    27.4551    1447.72    1447.72    -0.1593  1027.5787    34.3484 0.0000e+00
      28267 313.730969  -62.22290  -58.18568     -0.924    1451.72     24.000     23.768    -0.1598    -0.1596     0.0002    -0.1606    -0.1604     0.0002   2.829829   2.829885   0.000054    34.1837    34.1842     7.4884    27.4554    27.4557    34.1838    27.4554    1447.70    1447.70    -0.1606  1027.5742    34.3486 0.0000e+00
      28292 313.730981  -62.22290  -58.18567     -0.969    1451.72     23.000     22.778    -0.1596    -0.1593     0.0003    -0.1604    -0.1601     0.0003   2.829797   2.829868   0.000066    34.1837    34.1843     7.4925    27.4554    27.4558    34.1838    27.4554    1447.68    1447.68    -0.1604  1027.5695    34.3486 0.0000e+00
      28318 313.730994  -62.22290  -58.18565     -0.950    1451.72     22.000     21.788    -0.1586    -0.1584     0.0002    -0.1593    -0.1591     0.0002   2.829825   2.829893   0.000070    34.1836    34.1842     7.4902    27.4552    27.4557    34.1836    27.4552    1447.67    1447.67    -0.1593  1027.5645    34.3485 0.0000e+00
      28345 313.731007  -62.22290  -58.18563     -0.901    1451.72     21.000     20.797    -0.1589    -0.1591    -0.0002    -0.1596    -0.1598    -0.0002   2.829751   2.829784   0.000032    34.1836    34.1843     7.4845    27.4552    27.4558    34.1836    27.4552    1447.65    1447.65    -0.1596  1027.5597    34.3484 0.0000e+00
      28372 313.731020  -62.22290  -58.18560     -0.884    1451.72     20.000     19.807    -0.1595    -0.1598    -0.0003    -0.1601    -0.1604    -0.0003   2.829655   2.829680   0.000029    34.1836    34.1843     7.4871    27.4552    27.4558    34.1835    27.4552    1447.64    1447.64    -0.1601  1027.5549    34.3484 0.0000e+00
      28396 313.731032  -62.22290  -58.18560     -0.941    1451.72     19.000     18.817    -0.1598    -0.1600    -0.0002    -0.1604    -0.1606    -0.0002   2.829579   2.829616   0.000036    34.1836    34.1843     7.4827    27.4552    27.4558    34.1835    27.4552    1447.62    1447.62    -0.1604  1027.5501    34.3483 0.0000e+00
      28422 313.731044  -62.22290  -58.18558     -0.950    1451.72     18.000     17.826    -0.1599    -0.1600    -0.0001    -0.1605    -0.1606    -0.0001   2.829538   2.829581   0.000041    34.1837    34.1843     7.4802    27.4553    27.4558    34.1837    27.4553    1447.60    1447.60    -0.1605  1027.5455    34.3485 0.0000e+00
      28459 313.731062  -62.22290  -58.18556     -0.718    1451.72     17.000     16.836    -0.1592    -0.1596    -0.0004    -0.1598    -0.1601    -0.0004   2.829539   2.829568   0.000031    34.1836    34.1844     7.4771    27.4552    27.4559    34.1835    27.4551    1447.59    1447.59    -0.1597  1027.5406    34.3484 0.0000e+00
      28498 313.731081  -62.22290  -58.18552     -0.579    1451.72     16.000     15.846    -0.1617    -0.1614     0.0003    -0.1622    -0.1619     0.0003   2.829281   2.829360   0.000075    34.1837    34.1843     7.4768    27.4554    27.4559    34.1835    27.4552    1447.56    1447.56    -0.1622  1027.5359    34.3484 0.0000e+00
      28523 313.731093  -62.22290  -58.18550     -0.813    1451.72     15.000     14.855    -0.1621    -0.1620     0.0001    -0.1626    -0.1625     0.0001   2.829205   2.829268   0.000063    34.1836    34.1844     7.4883    27.4554    27.4560    34.1835    27.4553    1447.54    1447.54    -0.1626  1027.5313    34.3485 0.0000e+00
      28544 313.731103  -62.22290  -58.18548     -1.042    1451.72     14.000     13.865    -0.1614    -0.1614     0.0000    -0.1619    -0.1618     0.0000   2.829218   2.829258   0.000042    34.1836    34.1842     7.4849    27.4553    27.4558    34.1836    27.4553    1447.53    1447.53    -0.1619  1027.5265    34.3485 0.0000e+00
      28569 313.731115  -62.22290  -58.18548     -1.062    1451.72     13.000     12.875    -0.1618    -0.1623    -0.0004    -0.1623    -0.1627    -0.0004   2.829134   2.829162   0.000028    34.1836    34.1845     7.4824    27.4554    27.4560    34.1835    27.4553    1447.51    1447.51    -0.1622  1027.5217    34.3485 0.0000e+00
      28613 313.731136  -62.22290  -58.18545     -0.602    1451.72     12.000     11.885    -0.1586    -0.1583     0.0003    -0.1590    -0.1587     0.0003   2.829389   2.829482   0.000094    34.1837    34.1846     7.4817    27.4553    27.4560    34.1839    27.4554    1447.51    1447.51    -0.1590  1027.5171    34.3489 0.0000e+00
      28666 313.731162  -62.22288  -58.18544     -0.417    1451.72     11.000     10.894    -0.1584    -0.1586    -0.0002    -0.1588    -0.1589    -0.0002   2.829326   2.829395   0.000062    34.1836    34.1846     7.4892    27.4551    27.4560    34.1835    27.4551    1447.49    1447.49    -0.1588  1027.5120    34.3485 0.0000e+00
      28691 313.731174  -62.22288  -58.18542     -0.776    1451.72     10.000      9.904    -0.1541    -0.1541     0.0000    -0.1544    -0.1544     0.0000   2.829738   2.829826   0.000072    34.1839    34.1848     7.4849    27.4552    27.4559    34.1847    27.4559    1447.50    1447.50    -0.1544  1027.5080    34.3497 0.0000e+00
      28715 313.731185  -62.22288  -58.18540     -0.998    1451.72      9.000      8.913    -0.1484    -0.1473     0.0011    -0.1487    -0.1476     0.0011   2.830129   2.830269   0.000149    34.1838    34.1845     7.4900    27.4548    27.4553    34.1842    27.4551    1447.51    1447.51    -0.1487  1027.5025    34.3492 0.0000e+00
      28741 313.731198  -62.22289  -58.18537     -0.977    1451.72      8.000      7.923    -0.1476    -0.1469     0.0007    -0.1478    -0.1471     0.0007   2.830157   2.830280   0.000123    34.1838    34.1847     7.4886    27.4548    27.4554    34.1842    27.4551    1447.50    1447.50    -0.1478  1027.4977    34.3492 0.0000e+00
      28797 313.731225  -62.22290  -58.18533     -0.428    1451.72      7.000      6.933    -0.1472    -0.1473    -0.0001    -0.1474    -0.1475    -0.0001   2.830149   2.830201   0.000057    34.1840    34.1849     7.4861    27.4549    27.4556    34.1843    27.4551    1447.48    1447.48    -0.1474  1027.4917    34.3477 0.0000e+00
      28857 313.731254 -9.990e-29  -58.18529     -0.453    1451.72      6.000      5.945    -0.1408    -0.1410    -0.0002    -0.1410    -0.1412    -0.0002   2.830658   2.830702   0.000040    34.1840    34.1848     7.4792    27.4546    27.4553    34.1845    27.4550    1447.50    1447.50    -0.1410  1027.4850    34.3457 0.0000e+00
      28939 313.731294  -62.22288  -58.18525     -0.281    1451.72      5.000      4.957    -0.1428    -0.1441    -0.0013    -0.1430    -0.1443    -0.0013   2.830413   2.830370  -0.000040    34.1841    34.1849     7.4840    27.4547    27.4555    34.1841    27.4548    1447.47    1447.46    -0.1430  1027.4820    34.3477 0.0000e+00
      29030 313.731337  -62.22288  -58.18519     -0.372    1451.72      4.000      3.960    -0.1450    -0.1451    -0.0001    -0.1451    -0.1453    -0.0001   2.830184   2.830235   0.000045    34.1843    34.1850     7.4824    27.4550    27.4556    34.1842    27.4549    1447.44    1447.44    -0.1451  1027.4785    34.3492 0.0000e+00
      29069 313.731356  -62.22288  -58.18516     -0.585    1451.72      3.000      2.977    -0.1460    -0.1461    -0.0001    -0.1461    -0.1462    -0.0001   2.830086   2.830129   0.000048    34.1845    34.1853     7.4910    27.4553    27.4559    34.1846    27.4553    1447.42    1447.42    -0.1461  1027.4740    34.3495 0.0000e+00
      29179 313.731409  -62.22288  -58.18509     -0.405    1451.72      2.000      1.959    -0.1464    -0.1466    -0.0002    -0.1465    -0.1466    -0.0002   2.829991   2.830030   0.000036    34.1844    34.1851     7.4903    27.4552    27.4557    34.1844    27.4552    1447.40    1447.40    -0.1465  1027.4691    34.3494 0.0000e+00
      29351 313.731492  -62.22288  -58.18498     -0.491    1451.72      1.000      0.985    -0.1469    -0.1467     0.0002    -0.1469    -0.1468     0.0002   2.829908   2.829986   0.000076    34.1844    34.1852     7.4853    27.4552    27.4559    34.1845    27.4553    1447.39    1447.39    -0.1469  1027.4644    34.3494 0.0000e+00
      31908 313.732725  -62.22280  -58.18324     -0.481    1451.72      0.000     -0.053    -0.1335    -0.1351    -0.0016    -0.1335    -0.1351    -0.0016   2.830895   2.830833  -0.000080    34.1844    34.1851     7.4884    27.4545    27.4552    34.1832    27.4536    1447.43    1447.42    -0.1335  1027.4580    34.3482 0.0000e+00
