Pos-Processados/process_op41/operantar41_008.cnv
* Sea-Bird SBE 9 Data File:
* FileName = C:\Users\Dell\Desktop\OperantarXLI\config\00_BRUTOS\OP41008.hdr
* Software Version Seasave V 7.26.7.110
* Temperature SN = 6497
* Conductivity SN = 4954
* Number of Bytes Per Scan = 31
* Number of Voltage Words = 2
* Number of Scans Averaged by the Deck Unit = 1
* NMEA Latitude = 42 30.30 S
* NMEA Longitude = 052 37.08 W
* NMEA UTC (Time) = Oct 22 2022 23:44:28
* NMEA baud rate = 4800
** H41
** Navio Polar Almirante Maximiano
** LH-021/2022
** Operantar XLI
** Número da Estação 008
** Latitude 42 30.175S
** Longitude 52 36.384
** Data/Hora (Z) 22/10/2022 2343Z
** Profundidade local 5665
** 09-1439
** Nome do Operador 1T FILIPE LOPES
# nquan = 30
# nvalues = 2041                        
# units = specified
# name 0 = scan: Scan Count
# name 1 = timeJ: Julian Days
# name 2 = latitude: Latitude [deg]
# name 3 = longitude: Longitude [deg]
# name 4 = dz/dtM: Descent Rate [m/s]
# name 5 = avgsvCM: Average Sound Velocity [Chen-Millero, m/s]
# name 6 = prDM: Pressure, Digiquartz [db]
# name 7 = depSM: Depth [salt water, m]
# name 8 = t090C: Temperature [ITS-90, deg C]
# name 9 = t190C: Temperature, 2 [ITS-90, deg C]
# name 10 = T2-T190C: Temperature Difference, 2 - 1 [ITS-90, deg C]
# name 11 = potemp090C: Potential Temperature [ITS-90, deg C]
# name 12 = potemp190C: Potential Temperature, 2 [ITS-90, deg C]
# name 13 = potemp90Cdiff: Potential Temperature, Diff, 2 - 1 [ITS-90, deg C]
# name 14 = c0S/m: Conductivity [S/m]
# name 15 = c1S/m: Conductivity, 2 [S/m]
# name 16 = C2-C1S/m: Conductivity Difference, 2 - 1 [S/m]
# name 17 = sal00: Salinity, Practical [PSU]
# name 18 = sal11: Salinity, Practical, 2 [PSU]
# name 19 = sbeox0ML/L: Oxygen, SBE 43 [ml/l]
# name 20 = sigma-é00: Density [sigma-theta, kg/m^3]
# name 21 = sigma-é11: Density, 2 [sigma-theta, kg/m^3]
# name 22 = sal00: Salinity, Practical [PSU]
# name 23 = sigma-é00: Density [sigma-theta, kg/m^3]
# name 24 = svCM: Sound Velocity [Chen-Millero, m/s]
# name 25 = svCM1: Sound Velocity, 2 [Chen-Millero, m/s]
# name 26 = gsw_ptA0: potential temperature [ITS-90, deg C]
# name 27 = gsw_densityA0: density, TEOS-10 [density, kg/m^3]
# name 28 = gsw_saA0: Absolute Salinity [g/kg]
# name 29 = flag:
# span 0 =        685,      68183       
# span 1 = 295.989543, 296.022094       
# span 2 =  -42.50855,  -42.50512       
# span 3 =  -52.65680,  -52.61845       
# span 4 =     -1.861,      1.598       
# span 5 =       0.00,    1505.49       
# span 6 =      2.000,   1023.000       
# span 7 =      1.984,   1012.426       
# span 8 =     3.0793,    14.0842       
# span 9 =     3.0797,    14.0836       
# span 10 =    -1.1762,     0.0808      
# span 11 =     3.0093,    14.0836      
# span 12 =     3.0098,    14.0828      
# span 13 =    -1.1758,     0.0803      
# span 14 =   3.164762,   4.176686      
# span 15 =   3.164821,   4.176675      
# span 16 =  -0.019916,   0.007203      
# span 17 =    34.1350,    35.0501      
# span 18 =    34.1354,    36.0334      
# span 19 =     4.3688,     6.1822      
# span 20 =    25.9859,    27.3631      
# span 21 =    25.9861,    27.5744      
# span 22 =    34.1358,    35.0462      
# span 23 =    25.9858,    27.3629      
# span 24 =    1474.42,    1503.61      
# span 25 =    1474.43,    1503.61      
# span 26 =     3.0092,    14.0836      
# span 27 =  1026.0083,  1032.1001      
# span 28 =    34.2974,    35.2117      
# span 29 = 0.0000e+00, 0.0000e+00      
# interval = decibars: 1                
# start_time = Oct 22 2022 23:44:28 [NMEA time, header]
# bad_flag = -9.990e-29
*END*
[from data line 1789]
      56042 296.016239  -42.50796  -52.65024     -1.450    1479.23    253.000    250.851     5.5830     5.5813    -0.0017     5.5623     5.5605    -0.0017   3.339376   3.339318  -0.000075    34.1923    34.1932     5.9279    26.9685    26.9694    34.1948    26.9705    1476.21    1476.20     5.5622  1028.1363    34.3566 0.0000e+00
      56066 296.016251  -42.50796  -52.65024     -1.206    1479.23    252.000    249.861     5.5772     5.5815     0.0043     5.5565     5.5608     0.0043   3.338806   3.339227   0.000408    34.1928    34.1931     5.9195    26.9697    26.9694    34.1947    26.9712    1476.17    1476.19     5.5565  1028.1323    34.3566 0.0000e+00
      56129 296.016281  -42.50796  -52.65027     -0.292    1479.23    251.000    248.866     5.5897     5.5929     0.0032     5.5691     5.5723     0.0032   3.339970   3.340300   0.000330    34.1930    34.1935     5.9178    26.9683    26.9683    34.1957    26.9704    1476.20    1476.22     5.5691  1028.1269    34.3576 0.0000e+00
      56175 296.016303  -42.50796  -52.65031     -0.536    1479.23    250.000    247.877     5.6100     5.6119     0.0020     5.5895     5.5914     0.0020   3.341653   3.341907   0.000231    34.1923    34.1929     5.9120    26.9653    26.9655    34.1948    26.9672    1476.27    1476.28     5.5894  1028.1190    34.3566 0.0000e+00
      56196 296.016313  -42.50796  -52.65032     -0.880    1479.23    249.000    246.887     5.6107     5.6154     0.0047     5.5903     5.5950     0.0047   3.341585   3.341959   0.000417    34.1917    34.1917     5.9140    26.9647    26.9641    34.1938    26.9663    1476.25    1476.27     5.5902  1028.1135    34.3556 0.0000e+00
      56215 296.016322  -42.50798  -52.65032     -1.131    1479.23    248.000    245.896     5.6079     5.6096     0.0017     5.5876     5.5892     0.0017   3.340911   3.341166   0.000231    34.1893    34.1902     5.9180    26.9631    26.9636    34.1895    26.9633    1476.22    1476.23     5.5875  1028.1059    34.3513 0.0000e+00
      56234 296.016332  -42.50798  -52.65034     -1.259    1479.23    247.000    244.905     5.6003     5.6038     0.0034     5.5801     5.5835     0.0034   3.339953   3.340479   0.000503    34.1862    34.1884     5.9265    26.9615    26.9629    34.1867    26.9620    1476.17    1476.19     5.5800  1028.1001    34.3486 0.0000e+00
      56257 296.016343  -42.50798  -52.65035     -1.184    1479.23    246.000    243.914     5.5970     5.6023     0.0053     5.5769     5.5821     0.0052   3.339462   3.340188   0.000752    34.1841    34.1873     5.9298    26.9603    26.9622    34.1851    26.9611    1476.14    1476.16     5.5768  1028.0946    34.3469 0.0000e+00
      56304 296.016365  -42.50798  -52.65038     -0.570    1479.23    245.000    242.925     5.6069     5.6094     0.0025     5.5868     5.5893     0.0025   3.340437   3.340671   0.000247    34.1852    34.1855     5.9670    26.9600    26.9599    34.1866    26.9611    1476.16    1476.17     5.5868  1028.0899    34.3484 0.0000e+00
      56358 296.016391  -42.50798  -52.65040     -0.435    1479.23    244.000    241.928     5.6226     5.6255     0.0029     5.6025     5.6055     0.0029   3.341843   3.342167   0.000317    34.1845    34.1851     5.9777    26.9575    26.9576    34.1872    26.9596    1476.21    1476.22     5.6025  1028.0838    34.3490 0.0000e+00
      56384 296.016404  -42.50798  -52.65042     -0.769    1479.23    243.000    240.941     5.6484     5.6503     0.0019     5.6284     5.6303     0.0019   3.344294   3.344546   0.000275    34.1862    34.1874     5.9654    26.9557    26.9564    34.1894    26.9582    1476.30    1476.31     5.6283  1028.0777    34.3512 0.0000e+00
      56411 296.016417  -42.50798  -52.65044     -0.919    1479.23    242.000    239.950     5.6626     5.6620    -0.0005     5.6426     5.6421    -0.0005   3.345551   3.345579   0.000026    34.1876    34.1884     5.9804    26.9550    26.9557    34.1898    26.9568    1476.34    1476.34     5.6426  1028.0716    34.3516 0.0000e+00
      56445 296.016433  -42.50798  -52.65045     -0.753    1479.23    241.000    238.959     5.6619     5.6689     0.0070     5.6420     5.6490     0.0070   3.345439   3.346174   0.000694    34.1882    34.1890     5.9818    26.9556    26.9554    34.1897    26.9568    1476.32    1476.35     5.6419  1028.0670    34.3516 0.0000e+00
      56477 296.016449  -42.50798  -52.65046     -0.698    1479.23    240.000    237.969     5.6681     5.6709     0.0028     5.6483     5.6511     0.0028   3.346042   3.346389   0.000368    34.1886    34.1899     5.9666    26.9551    26.9559    34.1907    26.9568    1476.33    1476.34     5.6483  1028.0624    34.3526 0.0000e+00
      56501 296.016460  -42.50798  -52.65048     -0.881    1479.23    239.000    236.977     5.6851     5.6826    -0.0025     5.6654     5.6629    -0.0025   3.347738   3.347573  -0.000123    34.1899    34.1910     5.9559    26.9541    26.9553    34.1933    26.9568    1476.39    1476.38     5.6653  1028.0576    34.3551 0.0000e+00
      56523 296.016471  -42.50798  -52.65050     -1.048    1479.23    238.000    235.986     5.6954     5.6946    -0.0008     5.6757     5.6749    -0.0008   3.348541   3.348604   0.000024    34.1906    34.1917     5.9555    26.9534    26.9544    34.1925    26.9549    1476.41    1476.41     5.6756  1028.0511    34.3543 0.0000e+00
      56547 296.016483  -42.50798  -52.65050     -1.057    1479.23    237.000    234.995     5.6973     5.7015     0.0042     5.6777     5.6819     0.0041   3.348777   3.349218   0.000448    34.1917    34.1926     5.9576    26.9540    26.9542    34.1937    26.9556    1476.40    1476.42     5.6777  1028.0472    34.3555 0.0000e+00
      56579 296.016498  -42.50799  -52.65052     -0.832    1479.23    236.000    234.004     5.6918     5.7114     0.0196     5.6723     5.6919     0.0196   3.348149   3.350105   0.001839    34.1916    34.1926     5.9531    26.9546    26.9530    34.1927    26.9554    1476.36    1476.44     5.6723  1028.0425    34.3545 0.0000e+00
      56618 296.016516  -42.50800  -52.65054     -0.622    1479.23    235.000    233.013     5.7188     5.7263     0.0076     5.6993     5.7069     0.0075   3.350710   3.351592   0.000974    34.1918    34.1952     5.9449    26.9515    26.9532    34.1949    26.9539    1476.46    1476.49     5.6993  1028.0362    34.3567 0.0000e+00
      56653 296.016534  -42.50800  -52.65057     -0.659    1479.23    234.000    232.022     5.7588     5.7462    -0.0125     5.7393     5.7268    -0.0125   3.354936   3.353926  -0.000960    34.1975    34.1993     5.9496    26.9511    26.9540    34.2028    26.9552    1476.61    1476.56     5.7393  1028.0327    34.3647 0.0000e+00
      56688 296.016550  -42.50800  -52.65059     -0.695    1479.23    233.000    231.032     5.7804     5.8058     0.0254     5.7610     5.7863     0.0253   3.357077   3.359711   0.002459    34.2009    34.2030     5.9439    26.9510    26.9496    34.2056    26.9548    1476.69    1476.79     5.7609  1028.0276    34.3675 0.0000e+00
      56724 296.016568  -42.50800  -52.65061     -0.671    1479.23    232.000    230.041     5.8068     5.8314     0.0246     5.7875     5.8120     0.0245   3.359424   3.362165   0.002558    34.2022    34.2062     5.9351    26.9488    26.9489    34.2059    26.9517    1476.77    1476.88     5.7874  1028.0198    34.3678 0.0000e+00
      56754 296.016582  -42.50800  -52.65063     -0.735    1479.23    231.000    229.049     5.8546     5.8779     0.0233     5.8353     5.8585     0.0232   3.364560   3.366408   0.002324    34.2080    34.2107     5.9165    26.9475    26.9467    34.2161    26.9539    1476.96    1477.05     5.8352  1028.0171    34.3781 0.0000e+00
      56779 296.016594  -42.50800  -52.65064     -0.894    1479.23    230.000    228.058     5.9000     5.8914    -0.0086     5.8807     5.8721    -0.0086   3.368958   3.368432  -0.000556    34.2127    34.2152     5.8979    26.9455    26.9485    34.2204    26.9516    1477.13    1477.10     5.8806  1028.0099    34.3823 0.0000e+00
      56801 296.016605  -42.50800  -52.65065     -1.030    1479.23    229.000    227.068     5.9295     5.9193    -0.0102     5.9101     5.8999    -0.0102   3.371723   3.370736  -0.000915    34.2163    34.2163     5.8908    26.9447    26.9459    34.2223    26.9494    1477.24    1477.19     5.9101  1028.0031    34.3843 0.0000e+00
      56825 296.016616  -42.50800  -52.65066     -1.065    1479.23    228.000    226.076     5.9384     5.9395     0.0011     5.9191     5.9202     0.0010   3.372540   3.372754   0.000132    34.2177    34.2181     5.8851    26.9447    26.9448    34.2230    26.9488    1477.26    1477.26     5.9191  1027.9978    34.3850 0.0000e+00
      56855 296.016631  -42.50800  -52.65066     -0.875    1479.23    227.000    225.085     5.9179     5.9719     0.0540     5.8987     5.9526     0.0539   3.370236   3.375914   0.005155    34.2170    34.2206     5.8729    26.9467    26.9427    34.2183    26.9477    1477.15    1477.38     5.8986  1027.9922    34.3802 0.0000e+00
      56890 296.016648  -42.50800  -52.65068     -0.680    1479.23    226.000    224.094     5.9485     5.9843     0.0359     5.9293     5.9651     0.0358   3.373801   3.376919   0.003333    34.2199    34.2213     5.8387    26.9451    26.9417    34.2281    26.9516    1477.27    1477.41     5.9293  1027.9913    34.3901 0.0000e+00
      56918 296.016662  -42.50801  -52.65071     -0.773    1479.23    225.000    223.103     6.0382     6.0478     0.0095     6.0191     6.0286     0.0095   3.382702   3.383649   0.001170    34.2276    34.2312     5.8318    26.9399    26.9415    34.2381    26.9482    1477.62    1477.66     6.0190  1027.9829    34.4002 0.0000e+00
      56941 296.016673  -42.50802  -52.65072     -0.953    1479.23    224.000    222.112     6.0653     6.0644    -0.0009     6.0461     6.0452    -0.0009   3.385123   3.385059   0.000074    34.2312    34.2329     5.8406    26.9392    26.9407    34.2386    26.9451    1477.71    1477.71     6.0461  1027.9751    34.4006 0.0000e+00
      56963 296.016683  -42.50802  -52.65074     -1.087    1479.23    223.000    221.121     6.0771     6.0730    -0.0041     6.0580     6.0539    -0.0041   3.386157   3.385868  -0.000299    34.2330    34.2338     5.8352    26.9392    26.9404    34.2388    26.9438    1477.75    1477.73     6.0580  1027.9691    34.4008 0.0000e+00
      56983 296.016693  -42.50802  -52.65074     -1.140    1479.23    222.000    220.130     6.0856     6.0842    -0.0014     6.0666     6.0652    -0.0014   3.387219   3.387104  -0.000014    34.2350    34.2363     5.8193    26.9397    26.9409    34.2426    26.9457    1477.77    1477.76     6.0666  1027.9664    34.4046 0.0000e+00
      57004 296.016703  -42.50802  -52.65076     -1.149    1479.23    221.000    219.139     6.1069     6.1097     0.0028     6.0879     6.0907     0.0028   3.389040   3.389466   0.000364    34.2376    34.2388     5.8018    26.9390    26.9397    34.2421    26.9426    1477.83    1477.85     6.0879  1027.9586    34.4042 0.0000e+00
      57027 296.016714  -42.50802  -52.65078     -1.108    1479.23    220.000    218.148     6.0945     6.1128     0.0182     6.0757     6.0939     0.0182   3.387748   3.389645   0.001765    34.2372    34.2386     5.7967    26.9403    26.9391    34.2406    26.9430    1477.77    1477.84     6.0756  1027.9544    34.4026 0.0000e+00
      57055 296.016727  -42.50802  -52.65078     -0.954    1479.23    219.000    217.159     6.0984     6.1330     0.0346     6.0796     6.1141     0.0345   3.388074   3.391350   0.003345    34.2376    34.2403     5.7853    26.9401    26.9378    34.2408    26.9426    1477.77    1477.91     6.0796  1027.9495    34.4029 0.0000e+00
      57109 296.016754  -42.50802  -52.65082     -0.388    1479.23    218.000    216.165     6.1460     6.1628     0.0168     6.1273     6.1440     0.0168   3.392988   3.394819   0.001756    34.2417    34.2445     5.7825    26.9373    26.9373    34.2485    26.9426    1477.95    1478.02     6.1272  1027.9447    34.4106 0.0000e+00
      57146 296.016771  -42.50802  -52.65084     -0.585    1479.23    217.000    215.175     6.2038     6.2113     0.0074     6.1851     6.1925     0.0074   3.399140   3.399850   0.000892    34.2500    34.2525     5.7929    26.9364    26.9375    34.2597    26.9441    1478.18    1478.21     6.1850  1027.9412    34.4218 0.0000e+00
      57164 296.016780  -42.50802  -52.65084     -0.957    1479.23    216.000    214.184     6.2322     6.2275    -0.0047     6.2135     6.2088    -0.0047   3.401632   3.401315  -0.000294    34.2530    34.2545     5.7791    26.9351    26.9369    34.2595    26.9402    1478.27    1478.25     6.2134  1027.9327    34.4216 0.0000e+00
      57180 296.016788  -42.50802  -52.65084     -1.285    1479.23    215.000    213.193     6.2525     6.2416    -0.0109     6.2338     6.2229    -0.0109   3.403944   3.402826  -0.000902    34.2557    34.2565     5.7657    26.9346    26.9367    34.2655    26.9424    1478.34    1478.30     6.2338  1027.9301    34.4277 0.0000e+00
      57196 296.016795  -42.50802  -52.65086     -1.480    1479.23    214.000    212.202     6.2752     6.2686    -0.0065     6.2565     6.2500    -0.0065   3.405842   3.405389  -0.000460    34.2584    34.2598     5.7524    26.9338    26.9358    34.2644    26.9386    1478.41    1478.39     6.2565  1027.9216    34.4266 0.0000e+00
      57213 296.016804  -42.50802  -52.65087     -1.480    1479.23    213.000    211.210     6.2921     6.2863    -0.0058     6.2735     6.2677    -0.0058   3.407645   3.407271  -0.000403    34.2613    34.2626     5.7400    26.9339    26.9357    34.2680    26.9392    1478.47    1478.45     6.2735  1027.9176    34.4302 0.0000e+00
      57236 296.016815  -42.50802  -52.65088     -1.249    1479.23    212.000    210.219     6.2852     6.3030     0.0178     6.2667     6.2845     0.0178   3.406574   3.408898   0.001893    34.2617    34.2649     5.7298    26.9351    26.9353    34.2635    26.9365    1478.42    1478.50     6.2666  1027.9104    34.4257 0.0000e+00
      57269 296.016831  -42.50804  -52.65090     -0.800    1479.23    211.000    209.228     6.2725     6.3292     0.0567     6.2541     6.3107     0.0566   3.405637   3.411368   0.005844    34.2593    34.2676     5.7071    26.9349    26.9341    34.2663    26.9404    1478.35    1478.59     6.2541  1027.9097    34.4285 0.0000e+00
      57303 296.016847  -42.50804  -52.65093     -0.677    1479.23    210.000    208.237     6.3411     6.3593     0.0182     6.3227     6.3409     0.0181   3.412626   3.414822   0.002039    34.2679    34.2724     5.6823    26.9327    26.9339    34.2758    26.9390    1478.62    1478.70     6.3227  1027.9034    34.4380 0.0000e+00
      57328 296.016859  -42.50804  -52.65094     -0.853    1479.23    209.000    207.246     6.4800     6.4751    -0.0049     6.4614     6.4566    -0.0049   3.427773   3.427343  -0.000061    34.2845    34.2887     5.6894    26.9276    26.9316    34.3056    26.9444    1479.19    1479.17     6.4614  1027.9035    34.4680 0.0000e+00
      57350 296.016870  -42.50804  -52.65095     -1.030    1479.23    208.000    206.255     6.5566     6.5532    -0.0034     6.5380     6.5346    -0.0034   3.434604   3.434509  -0.000192    34.2935    34.2948     5.6895    26.9246    26.9261    34.3052    26.9339    1479.47    1479.46     6.5380  1027.8880    34.4675 0.0000e+00
      57372 296.016880  -42.50804  -52.65096     -1.102    1479.23    207.000    205.264     6.5934     6.5995     0.0060     6.5749     6.5809     0.0060   3.438670   3.439230   0.000540    34.3002    34.3002     5.6680    26.9250    26.9242    34.3138    26.9358    1479.61    1479.64     6.5749  1027.8852    34.4762 0.0000e+00
