Pos-Processados/process_op41/operantar41_015.ros
* Sea-Bird SBE 9 Data File:
* FileName = C:\Users\Dell\Desktop\OperantarXLI\config\OP41015.hdr
* Software Version Seasave V 7.26.7.110
* Temperature SN = 6497
* Conductivity SN = 4954
* Number of Bytes Per Scan = 31
* Number of Voltage Words = 2
* Number of Scans Averaged by the Deck Unit = 1
* NMEA Latitude = 62 08.82 S
* NMEA Longitude = 058 24.51 W
* NMEA UTC (Time) = Nov 09 2022 12:07:14
* NMEA baud rate = 4800
** H41
** Navio Polar Almirante Maximiano
** LH-021/2022
** Operantar XLI
** Número da Estação 0015
** Latitude 62 8,825 S
** Longitude 58 24,511 W
** Data/Hora (Z) 09/11/22 1207Z
** Profundidade local 450
** 09-1439
** Nome do Operador CT GARLA
# nquan = 24
# nvalues = 1006                                  
# units = specified
# name 0 = scan: Scan Count
# name 1 = timeJ: Julian Days
# name 2 = latitude: Latitude [deg]
# name 3 = longitude: Longitude [deg]
# name 4 = dz/dtM: Descent Rate [m/s]
# name 5 = avgsvCM: Average Sound Velocity [Chen-Millero, m/s]
# name 6 = prDM: Pressure, Digiquartz [db]
# name 7 = depSM: Depth [salt water, m]
# name 8 = t090C: Temperature [ITS-90, deg C]
# name 9 = t190C: Temperature, 2 [ITS-90, deg C]
# name 10 = T2-T190C: Temperature Difference, 2 - 1 [ITS-90, deg C]
# name 11 = potemp090C: Potential Temperature [ITS-90, deg C]
# name 12 = potemp190C: Potential Temperature, 2 [ITS-90, deg C]
# name 13 = potemp90Cdiff: Potential Temperature, Diff, 2 - 1 [ITS-90, deg C]
# name 14 = c0S/m: Conductivity [S/m]
# name 15 = c1S/m: Conductivity, 2 [S/m]
# name 16 = C2-C1S/m: Conductivity Difference, 2 - 1 [S/m]
# name 17 = sal00: Salinity, Practical [PSU]
# name 18 = sal11: Salinity, Practical, 2 [PSU]
# name 19 = sbeox0ML/L: Oxygen, SBE 43 [ml/l]
# name 20 = sigma-é00: Density [sigma-theta, kg/m^3]
# name 21 = sigma-é11: Density, 2 [sigma-theta, kg/m^3]
# name 22 = nbf: Bottles Fired
# name 23 = flag:  0.000e+00
# interval = seconds: 0.0416667
# start_time = Nov 09 2022 12:07:14 [NMEA time, header]
# bad_flag = -9.990e-29
*END*
[from data line 484]
      28946 313.518982  -62.14728  -58.40822      0.010    1450.84      0.878      0.870    -0.1077    -0.1014     0.0063    -0.1077    -0.1014     0.0063   2.833938   2.834602   0.000663    34.1942    34.1959     7.4778    27.4612    27.4623          9  0.000e+00
      28947 313.518982  -62.14728  -58.40822      0.010    1450.84      0.814      0.806    -0.1078    -0.1006     0.0072    -0.1078    -0.1006     0.0072   2.833927   2.834665   0.000738    34.1942    34.1959     7.4772    27.4612    27.4622          9  0.000e+00
      28948 313.518983  -62.14728  -58.40822      0.011    1450.84      0.878      0.870    -0.1080    -0.0991     0.0090    -0.1081    -0.0991     0.0090   2.833916   2.834688   0.000772    34.1943    34.1945     7.4768    27.4613    27.4610          9  0.000e+00
      28949 313.518983  -62.14728  -58.40822      0.018    1450.84      0.878      0.870    -0.1073    -0.0989     0.0084    -0.1074    -0.0989     0.0084   2.833933   2.834705   0.000772    34.1937    34.1945     7.4825    27.4608    27.4610          9  0.000e+00
      28950 313.518984  -62.14728  -58.40822      0.014    1450.84      0.878      0.870    -0.1066    -0.0992     0.0075    -0.1066    -0.0992     0.0075   2.834006   2.834670   0.000664    34.1939    34.1944     7.4828    27.4609    27.4609          9  0.000e+00
      28951 313.518984  -62.14728  -58.40822      0.022    1450.84      0.878      0.870    -0.1063    -0.0997     0.0066    -0.1063    -0.0997     0.0066   2.834006   2.834636   0.000630    34.1935    34.1945     7.4769    27.4606    27.4610          9  0.000e+00
      28952 313.518985  -62.14728  -58.40822      0.032    1450.84      0.935      0.926    -0.1061    -0.0995     0.0066    -0.1061    -0.0995     0.0066   2.834034   2.834590   0.000556    34.1937    34.1937     7.4763    27.4607    27.4603          9  0.000e+00
      28953 313.518985  -62.14728  -58.40822      0.036    1450.84      0.935      0.926    -0.1060    -0.0991     0.0070    -0.1061    -0.0991     0.0070   2.833989   2.834602   0.000613    34.1930    34.1933     7.4757    27.4601    27.4600          9  0.000e+00
      28954 313.518986  -62.14728  -58.40822      0.037    1450.84      0.919      0.910    -0.1061    -0.0993     0.0068    -0.1061    -0.0994     0.0068   2.834012   2.834625   0.000613    34.1934    34.1939     7.4814    27.4604    27.4606          9  0.000e+00
      28955 313.518986  -62.14728  -58.40822      0.044    1450.84      0.878      0.870    -0.1062    -0.0993     0.0068    -0.1062    -0.0994     0.0068   2.834029   2.834670   0.000642    34.1937    34.1946     7.4817    27.4607    27.4611          9  0.000e+00
      28956 313.518987  -62.14728  -58.40822      0.050    1450.84      0.935      0.926    -0.1061    -0.0993     0.0068    -0.1061    -0.0994     0.0068   2.834046   2.834665   0.000619    34.1938    34.1945     7.4821    27.4608    27.4610          9  0.000e+00
      28957 313.518987  -62.14728  -58.40822      0.055    1450.84      0.935      0.926    -0.1056    -0.1004     0.0052    -0.1056    -0.1004     0.0052   2.834051   2.834596   0.000545    34.1933    34.1948     7.4760    27.4603    27.4613          9  0.000e+00
      28958 313.518988  -62.14728  -58.40822      0.060    1450.84      0.991      0.982    -0.1058    -0.1009     0.0049    -0.1058    -0.1010     0.0049   2.834034   2.834556   0.000522    34.1933    34.1948     7.4827    27.4604    27.4613          9  0.000e+00
      28959 313.518988  -62.14728  -58.40822      0.068    1450.84      0.935      0.926    -0.1052    -0.1010     0.0041    -0.1052    -0.1011     0.0041   2.834029   2.834567   0.000539    34.1925    34.1951     7.4776    27.4597    27.4616          9  0.000e+00
      28960 313.518989  -62.14728  -58.40822      0.072    1450.84      0.935      0.926    -0.1054    -0.1004     0.0050    -0.1054    -0.1004     0.0050   2.834062   2.834556   0.000493    34.1932    34.1942     7.4832    27.4603    27.4608          9  0.000e+00
      28961 313.518989  -62.14728  -58.40822      0.076    1450.84      0.935      0.926    -0.1049    -0.1007     0.0041    -0.1049    -0.1008     0.0041   2.834096   2.834493   0.000397    34.1931    34.1938     7.4834    27.4602    27.4605          9  0.000e+00
      28962 313.518990  -62.14728  -58.40822      0.083    1450.84      0.991      0.982    -0.1051    -0.1010     0.0041    -0.1051    -0.1011     0.0041   2.834102   2.834453   0.000351    34.1934    34.1935     7.4775    27.4604    27.4603          9  0.000e+00
      28963 313.518990  -62.14728  -58.40822      0.090    1450.84      0.991      0.982    -0.1046    -0.1017     0.0029    -0.1046    -0.1017     0.0029   2.834108   2.834464   0.000357    34.1929    34.1944     7.4777    27.4600    27.4610          9  0.000e+00
      28964 313.518991  -62.14728  -58.40822      0.093    1450.84      0.991      0.982    -0.1047    -0.1020     0.0027    -0.1048    -0.1021     0.0027   2.834108   2.834430   0.000322    34.1931    34.1944     7.4770    27.4601    27.4610          9  0.000e+00
      28965 313.518991  -62.14728  -58.40822      0.098    1450.84      0.991      0.982    -0.1049    -0.1029     0.0020    -0.1050    -0.1029     0.0020   2.834108   2.834436   0.000328    34.1933    34.1954     7.4763    27.4603    27.4619          9  0.000e+00
      28966 313.518992  -62.14728  -58.40822      0.103    1450.84      0.983      0.974    -0.1041    -0.1028     0.0013    -0.1041    -0.1028     0.0013   2.834102   2.834401   0.000299    34.1923    34.1948     7.4755    27.4595    27.4614          9  0.000e+00
      28967 313.518992  -62.14728  -58.40822      0.112    1450.84      1.055      1.045    -0.1036    -0.1024     0.0011    -0.1036    -0.1025     0.0011   2.834102   2.834373   0.000271    34.1917    34.1940     7.4811    27.4589    27.4608          9  0.000e+00
      28968 313.518993  -62.14728  -58.40822      0.113    1450.84      0.935      0.926    -0.1039    -0.1026     0.0013    -0.1040    -0.1026     0.0013   2.834108   2.834281   0.000173    34.1922    34.1930     7.4812    27.4594    27.4600          9  0.000e+00
      28969 313.518993  -62.14728  -58.40822      0.121    1450.84      1.055      1.045    -0.1051    -0.1028     0.0023    -0.1051    -0.1028     0.0023   2.834046   2.834275   0.000230    34.1926    34.1931     7.4755    27.4598    27.4600          9  0.000e+00
      28970 313.518994  -62.14728  -58.40822      0.123    1450.84      0.991      0.982    -0.1060    -0.1024     0.0035    -0.1060    -0.1025     0.0035   2.834046   2.834304   0.000258    34.1936    34.1931     7.4811    27.4606    27.4600          9  0.000e+00
      28971 313.518994  -62.14728  -58.40822      0.126    1450.84      0.991      0.982    -0.1060    -0.1026     0.0034    -0.1060    -0.1026     0.0034   2.834012   2.834310   0.000298    34.1932    34.1934     7.4750    27.4603    27.4603          9  0.000e+00
      28972 313.518995  -62.14728  -58.40822      0.133    1450.84      1.055      1.045    -0.1071    -0.1028     0.0043    -0.1071    -0.1028     0.0043   2.833978   2.834310   0.000332    34.1939    34.1935     7.4808    27.4609    27.4604          9  0.000e+00
      28973 313.518995  -62.14728  -58.40822      0.131    1450.84      0.991      0.982    -0.1072    -0.1029     0.0043    -0.1072    -0.1029     0.0043   2.834012   2.834292   0.000281    34.1946    34.1935     7.4808    27.4615    27.4604          9  0.000e+00
      28974 313.518995  -62.14728  -58.40822      0.132    1450.84      0.991      0.982    -0.1070    -0.1028     0.0042    -0.1070    -0.1028     0.0042   2.834023   2.834264   0.000241    34.1945    34.1930     7.4819    27.4614    27.4599          9  0.000e+00
      28975 313.518996  -62.14728  -58.40822      0.134    1450.84      1.055      1.045    -0.1069    -0.1037     0.0032    -0.1069    -0.1037     0.0032   2.834040   2.834258   0.000218    34.1946    34.1939     7.4830    27.4614    27.4607          9  0.000e+00
      28976 313.518996  -62.14728  -58.40822      0.138    1450.84      1.055      1.045    -0.1065    -0.1035     0.0030    -0.1065    -0.1036     0.0030   2.834091   2.834338   0.000248    34.1948    34.1947     7.4767    27.4616    27.4614          9  0.000e+00
      28977 313.518997  -62.14728  -58.40822      0.137    1450.84      0.983      0.974    -0.1061    -0.1032     0.0029    -0.1061    -0.1033     0.0029   2.834125   2.834464   0.000340    34.1948    34.1961     7.4767    27.4616    27.4625          9  0.000e+00
      28978 313.518997  -62.14728  -58.40822      0.136    1450.84      0.991      0.982    -0.1061    -0.1018     0.0043    -0.1061    -0.1019     0.0043   2.834153   2.834556   0.000403    34.1952    34.1958     7.4768    27.4619    27.4622          9  0.000e+00
      28979 313.518998  -62.14728  -58.40822      0.138    1450.84      1.055      1.045    -0.1059    -0.1007     0.0051    -0.1059    -0.1008     0.0051   2.834113   2.834636   0.000523    34.1944    34.1956     7.4771    27.4612    27.4620          9  0.000e+00
      28980 313.518998  -62.14728  -58.40822      0.137    1450.84      1.055      1.045    -0.1060    -0.1001     0.0059    -0.1060    -0.1002     0.0059   2.834125   2.834693   0.000569    34.1947    34.1957     7.4773    27.4615    27.4620          9  0.000e+00
      28981 313.518999  -62.14728  -58.40822      0.137    1450.84      0.991      0.982    -0.1051    -0.0993     0.0058    -0.1051    -0.0994     0.0058   2.834113   2.834671   0.000557    34.1936    34.1945     7.4827    27.4605    27.4610          9  0.000e+00
      28982 313.518999  -62.14728  -58.40822      0.131    1450.84      0.991      0.982    -0.1050    -0.0992     0.0059    -0.1051    -0.0992     0.0059   2.834142   2.834676   0.000535    34.1939    34.1944     7.4829    27.4608    27.4609          9  0.000e+00
      28983 313.519000  -62.14728  -58.40822      0.131    1450.84      1.055      1.045    -0.1043    -0.0991     0.0052    -0.1043    -0.0991     0.0052   2.834215   2.834665   0.000450    34.1939    34.1941     7.4829    27.4608    27.4606          9  0.000e+00
      28984 313.519000  -62.14728  -58.40822      0.127    1450.84      0.991      0.982    -0.1034    -0.0993     0.0041    -0.1034    -0.0994     0.0041   2.834237   2.834625   0.000387    34.1933    34.1939     7.4828    27.4602    27.4605         10  0.000e+00
      28985 313.519001  -62.14728  -58.40822      0.119    1450.84      0.991      0.982    -0.1032    -0.0998     0.0034    -0.1032    -0.0998     0.0034   2.834254   2.834562   0.000307    34.1933    34.1936     7.4828    27.4602    27.4603         10  0.000e+00
      28986 313.519001  -62.14728  -58.40822      0.114    1450.84      0.991      0.982    -0.1028    -0.1007     0.0021    -0.1028    -0.1008     0.0021   2.834283   2.834510   0.000228    34.1932    34.1940     7.4765    27.4602    27.4606         10  0.000e+00
      28987 313.519002  -62.14728  -58.40822      0.108    1450.84      0.991      0.982    -0.1029    -0.1020     0.0009    -0.1029    -0.1020     0.0009   2.834249   2.834459   0.000210    34.1929    34.1947     7.4819    27.4599    27.4613         10  0.000e+00
      28988 313.519002  -62.14728  -58.40822      0.102    1450.84      0.983      0.974    -0.1034    -0.1028     0.0006    -0.1034    -0.1028     0.0006   2.834170   2.834361   0.000191    34.1924    34.1943     7.4757    27.4595    27.4610         10  0.000e+00
      28989 313.519003  -62.14728  -58.40822      0.096    1450.84      0.991      0.982    -0.1036    -0.1033     0.0003    -0.1037    -0.1033     0.0003   2.834153   2.834298   0.000145    34.1924    34.1940     7.4748    27.4596    27.4608         10  0.000e+00
      28990 313.519003  -62.14728  -58.40822      0.089    1450.84      0.991      0.982    -0.1041    -0.1037     0.0004    -0.1041    -0.1037     0.0004   2.834142   2.834287   0.000145    34.1928    34.1943     7.4812    27.4599    27.4611         10  0.000e+00
      28991 313.519004  -62.14728  -58.40822      0.082    1450.84      0.935      0.926    -0.1048    -0.1031     0.0017    -0.1048    -0.1031     0.0017   2.834113   2.834321   0.000208    34.1933    34.1941     7.4760    27.4603    27.4609         10  0.000e+00
      28992 313.519004  -62.14728  -58.40822      0.074    1450.84      0.991      0.982    -0.1049    -0.1029     0.0020    -0.1049    -0.1029     0.0020   2.834062   2.834321   0.000259    34.1926    34.1939     7.4825    27.4598    27.4607         10  0.000e+00
      28993 313.519005  -62.14728  -58.40822      0.067    1450.84      0.935      0.926    -0.1049    -0.1029     0.0020    -0.1050    -0.1029     0.0020   2.834051   2.834333   0.000281    34.1926    34.1940     7.4762    27.4597    27.4608         10  0.000e+00
      28994 313.519005  -62.14728  -58.40822      0.056    1450.84      0.935      0.926    -0.1052    -0.1031     0.0021    -0.1052    -0.1031     0.0021   2.834051   2.834355   0.000304    34.1928    34.1945     7.4753    27.4599    27.4612         10  0.000e+00
      28995 313.519006  -62.14728  -58.40822      0.045    1450.84      0.878      0.870    -0.1052    -0.1037     0.0015    -0.1052    -0.1037     0.0015   2.834051   2.834304   0.000253    34.1929    34.1946     7.4743    27.4600    27.4613         10  0.000e+00
      28996 313.519006  -62.14728  -58.40822      0.033    1450.84      0.935      0.926    -0.1053    -0.1039     0.0014    -0.1053    -0.1039     0.0014   2.834085   2.834264   0.000179    34.1934    34.1942     7.4734    27.4604    27.4610         10  0.000e+00
      28997 313.519007  -62.14728  -58.40822      0.025    1450.84      0.935      0.926    -0.1049    -0.1039     0.0010    -0.1049    -0.1039     0.0010   2.834125   2.834258   0.000133    34.1935    34.1941     7.4724    27.4605    27.4609         10  0.000e+00
      28998 313.519007  -62.14728  -58.40822      0.014    1450.84      0.878      0.870    -0.1048    -0.1039     0.0009    -0.1048    -0.1039     0.0009   2.834113   2.834258   0.000145    34.1933    34.1942     7.4724    27.4603    27.4610         10  0.000e+00
      28999 313.519008  -62.14728  -58.40822      0.003    1450.84      0.878      0.870    -0.1043    -0.1035     0.0008    -0.1043    -0.1035     0.0008   2.834164   2.834298   0.000134    34.1934    34.1943     7.4724    27.4603    27.4611         10  0.000e+00
      29000 313.519008  -62.14728  -58.40822     -0.013    1450.84      0.806      0.798    -0.1042    -0.1034     0.0008    -0.1042    -0.1034     0.0008   2.834187   2.834310   0.000123    34.1936    34.1944     7.4715    27.4605    27.4611         10  0.000e+00
      29001 313.519008  -62.14728  -58.40822     -0.021    1450.84      0.878      0.870    -0.1035    -0.1034     0.0001    -0.1035    -0.1034     0.0001   2.834220   2.834292   0.000072    34.1932    34.1941     7.4705    27.4602    27.4609         10  0.000e+00
      29002 313.519009  -62.14728  -58.40822     -0.032    1450.84      0.814      0.806    -0.1032    -0.1035    -0.0004    -0.1032    -0.1035    -0.0004   2.834237   2.834287   0.000049    34.1931    34.1942     7.4695    27.4601    27.4610         10  0.000e+00
      29003 313.519009  -62.14728  -58.40822     -0.044    1450.84      0.814      0.806    -0.1028    -0.1034    -0.0006    -0.1028    -0.1034    -0.0006   2.834237   2.834304   0.000066    34.1928    34.1943     7.4696    27.4598    27.4611         10  0.000e+00
      29004 313.519010  -62.14728  -58.40822     -0.055    1450.84      0.878      0.870    -0.1029    -0.1034    -0.0005    -0.1029    -0.1034    -0.0005   2.834237   2.834310   0.000072    34.1928    34.1943     7.4699    27.4598    27.4611         10  0.000e+00
