Pos-Processados/process_op41/operantar41_016.ros
* Sea-Bird SBE 9 Data File:
* FileName = C:\Users\Dell\Desktop\OperantarXLI\config\00_BRUTOS\OPE41016.hdr
* Software Version Seasave V 7.26.7.110
* Temperature SN = 6497
* Conductivity SN = 4954
* Number of Bytes Per Scan = 31
* Number of Voltage Words = 2
* Number of Scans Averaged by the Deck Unit = 1
* NMEA Latitude = 62 09.82 S
* NMEA Longitude = 058 22.39 W
* NMEA UTC (Time) = Nov 09 2022 14:38:16
* NMEA baud rate = 4800
** H41
** Navio Polar Almirante Maximiano
** LH-021/2022
** Operantar XLI
** Número da Estação 0016
** Latitude 62 9,860 S
** Longitude 58 22,350 W
** Data/Hora (Z) 09/11/22 1440Z
** Profundidade local 415 m
** 09-1439
** Nome do Operador CT GARLA
# nquan = 24
# nvalues = 758                                   
# units = specified
# name 0 = scan: Scan Count
# name 1 = timeJ: Julian Days
# name 2 = latitude: Latitude [deg]
# name 3 = longitude: Longitude [deg]
# name 4 = dz/dtM: Descent Rate [m/s]
# name 5 = avgsvCM: Average Sound Velocity [Chen-Millero, m/s]
# name 6 = prDM: Pressure, Digiquartz [db]
# name 7 = depSM: Depth [salt water, m]
# name 8 = t090C: Temperature [ITS-90, deg C]
# name 9 = t190C: Temperature, 2 [ITS-90, deg C]
# name 10 = T2-T190C: Temperature Difference, 2 - 1 [ITS-90, deg C]
# name 11 = potemp090C: Potential Temperature [ITS-90, deg C]
# name 12 = potemp190C: Potential Temperature, 2 [ITS-90, deg C]
# name 13 = potemp90Cdiff: Potential Temperature, Diff, 2 - 1 [ITS-90, deg C]
# name 14 = c0S/m: Conductivity [S/m]
# name 15 = c1S/m: Conductivity, 2 [S/m]
# name 16 = C2-C1S/m: Conductivity Difference, 2 - 1 [S/m]
# name 17 = sal00: Salinity, Practical [PSU]
# name 18 = sal11: Salinity, Practical, 2 [PSU]
# name 19 = sbeox0ML/L: Oxygen, SBE 43 [ml/l]
# name 20 = sigma-é00: Density [sigma-theta, kg/m^3]
# name 21 = sigma-é11: Density, 2 [sigma-theta, kg/m^3]
# name 22 = nbf: Bottles Fired
# name 23 = flag:  0.000e+00
# interval = seconds: 0.0416667
# start_time = Nov 09 2022 14:38:16 [NMEA time, header]
# bad_flag = -9.990e-29
*END*
[from data line 423]
      24761 313.621848  -62.16382  -58.37320     -0.017    1450.59      2.038      2.019    -0.0987    -0.0995    -0.0008    -0.0987    -0.0996    -0.0008   2.833860   2.833834  -0.000025    34.1823    34.1829     7.4762    27.4511    27.4517          9  0.000e+00
      24762 313.621848  -62.16382  -58.37320     -0.012    1450.59      2.094      2.074    -0.0988    -0.0997    -0.0008    -0.0989    -0.0997    -0.0008   2.833848   2.833874   0.000026    34.1823    34.1836     7.4764    27.4512    27.4522          9  0.000e+00
      24763 313.621849  -62.16382  -58.37320     -0.011    1450.59      2.151      2.130    -0.0989    -0.0995    -0.0006    -0.0990    -0.0996    -0.0006   2.833843   2.833823  -0.000020    34.1823    34.1827     7.4755    27.4512    27.4515          9  0.000e+00
      24764 313.621849  -62.16382  -58.37320     -0.013    1450.59      2.038      2.019    -0.0988    -0.1000    -0.0011    -0.0989    -0.1000    -0.0011   2.833860   2.833823  -0.000037    34.1825    34.1833     7.4744    27.4513    27.4520          9  0.000e+00
      24765 313.621850  -62.16382  -58.37320     -0.011    1450.59      2.038      2.019    -0.0985    -0.0997    -0.0012    -0.0985    -0.0997    -0.0012   2.833865   2.833789  -0.000077    34.1822    34.1825     7.4681    27.4510    27.4513          9  0.000e+00
      24766 313.621850  -62.16382  -58.37320     -0.010    1450.59      2.095      2.074    -0.0985    -0.0993    -0.0008    -0.0986    -0.0994    -0.0008   2.833865   2.833794  -0.000071    34.1822    34.1822     7.4735    27.4511    27.4511          9  0.000e+00
      24767 313.621851  -62.16382  -58.37320     -0.008    1450.59      2.095      2.074    -0.0984    -0.0987    -0.0003    -0.0984    -0.0988    -0.0003   2.833848   2.833840  -0.000008    34.1818    34.1821     7.4735    27.4507    27.4509          9  0.000e+00
      24768 313.621851  -62.16382  -58.37320     -0.008    1450.59      2.078      2.058    -0.0987    -0.0987    -0.0001    -0.0987    -0.0988    -0.0001   2.833843   2.833874   0.000032    34.1821    34.1826     7.4736    27.4509    27.4513          9  0.000e+00
      24769 313.621852  -62.16382  -58.37320     -0.007    1450.59      2.095      2.074    -0.0993    -0.0987     0.0006    -0.0994    -0.0988     0.0006   2.833820   2.833886   0.000066    34.1825    34.1827     7.4738    27.4513    27.4514          9  0.000e+00
      24770 313.621852  -62.16382  -58.37320     -0.006    1450.59      2.095      2.074    -0.0996    -0.0992     0.0004    -0.0997    -0.0992     0.0004   2.833809   2.833886   0.000077    34.1827    34.1832     7.4739    27.4515    27.4519          9  0.000e+00
      24771 313.621853  -62.16382  -58.37320     -0.004    1450.59      2.095      2.074    -0.0998    -0.0992     0.0006    -0.0998    -0.0992     0.0006   2.833769   2.833840   0.000071    34.1823    34.1826     7.4740    27.4512    27.4514          9  0.000e+00
      24772 313.621853  -62.16382  -58.37320     -0.006    1450.59      2.038      2.019    -0.0996    -0.0997    -0.0001    -0.0997    -0.0997    -0.0001   2.833797   2.833869   0.000071    34.1825    34.1836     7.4739    27.4514    27.4522          9  0.000e+00
      24773 313.621854  -62.16382  -58.37320     -0.001    1450.59      2.095      2.074    -0.0995    -0.0993     0.0001    -0.0995    -0.0994     0.0001   2.833814   2.833846   0.000031    34.1826    34.1829     7.4750    27.4514    27.4516          9  0.000e+00
      24774 313.621854  -62.16382  -58.37320     -0.002    1450.59      2.095      2.074    -0.0993    -0.0993    -0.0000    -0.0994    -0.0994    -0.0000   2.833831   2.833852   0.000020    34.1826    34.1829     7.4750    27.4514    27.4517          9  0.000e+00
      24775 313.621855  -62.16382  -58.37320     -0.000    1450.59      2.095      2.074    -0.0998    -0.0998    -0.0000    -0.0998    -0.0999    -0.0000   2.833775   2.833874   0.000100    34.1824    34.1837     7.4752    27.4513    27.4523          9  0.000e+00
      24776 313.621855  -62.16382  -58.37320     -0.002    1450.59      2.038      2.019    -0.1002    -0.0993     0.0009    -0.1003    -0.0994     0.0009   2.833758   2.833886   0.000128    34.1827    34.1834     7.4753    27.4516    27.4521          9  0.000e+00
      24777 313.621856  -62.16382  -58.37320     -0.000    1450.59      2.095      2.074    -0.1004    -0.0995     0.0009    -0.1004    -0.0996     0.0009   2.833820   2.833863   0.000043    34.1837    34.1833     7.4755    27.4523    27.4520          9  0.000e+00
      24778 313.621856  -62.16382  -58.37320      0.002    1450.59      2.095      2.074    -0.0996    -0.0993     0.0003    -0.0997    -0.0994     0.0003   2.833843   2.833834  -0.000008    34.1831    34.1827     7.4754    27.4518    27.4515          9  0.000e+00
      24779 313.621857  -62.16382  -58.37320      0.003    1450.59      2.095      2.074    -0.0991    -0.0992    -0.0000    -0.0992    -0.0992    -0.0000   2.833860   2.833846  -0.000014    34.1828    34.1827     7.4754    27.4516    27.4514          9  0.000e+00
      24780 313.621857  -62.16382  -58.37320     -0.006    1450.59      2.022      2.003    -0.0987    -0.0989    -0.0002    -0.0987    -0.0989    -0.0002   2.833882   2.833874  -0.000008    34.1826    34.1828     7.4753    27.4514    27.4515          9  0.000e+00
      24781 313.621858  -62.16382  -58.37320      0.002    1450.59      2.095      2.074    -0.0982    -0.0985    -0.0004    -0.0983    -0.0986    -0.0004   2.833893   2.833920   0.000027    34.1822    34.1830     7.4681    27.4510    27.4516          9  0.000e+00
      24782 313.621858  -62.16382  -58.37320      0.000    1450.59      2.095      2.074    -0.0982    -0.0984    -0.0002    -0.0983    -0.0985    -0.0002   2.833910   2.833972   0.000062    34.1825    34.1835     7.4672    27.4513    27.4521          9  0.000e+00
      24783 313.621859  -62.16382  -58.37320      0.002    1450.59      2.095      2.074    -0.0979    -0.0983    -0.0004    -0.0980    -0.0983    -0.0004   2.833955   2.833989   0.000034    34.1827    34.1836     7.4715    27.4514    27.4521          9  0.000e+00
      24784 313.621859  -62.16382  -58.37320      0.001    1450.59      2.038      2.019    -0.0978    -0.0981    -0.0003    -0.0978    -0.0982    -0.0003   2.833972   2.833926  -0.000046    34.1828    34.1826     7.4715    27.4515    27.4513          9  0.000e+00
      24785 313.621860  -62.16382  -58.37320      0.006    1450.59      2.151      2.130    -0.0976    -0.0984    -0.0008    -0.0977    -0.0985    -0.0008   2.833933   2.833909  -0.000024    34.1820    34.1826     7.4716    27.4509    27.4514          9  0.000e+00
      24786 313.621860  -62.16382  -58.37320      0.001    1450.59      2.038      2.019    -0.0974    -0.0984    -0.0010    -0.0975    -0.0985    -0.0010   2.833939   2.833926  -0.000013    34.1820    34.1829     7.4716    27.4508    27.4516          9  0.000e+00
      24787 313.621861  -62.16382  -58.37320      0.006    1450.59      2.095      2.074    -0.0974    -0.0984    -0.0010    -0.0975    -0.0985    -0.0010   2.833944   2.833920  -0.000024    34.1820    34.1828     7.4717    27.4508    27.4515          9  0.000e+00
      24788 313.621861  -62.16382  -58.37320      0.005    1450.59      2.095      2.074    -0.0976    -0.0985    -0.0009    -0.0977    -0.0986    -0.0009   2.833978   2.833949  -0.000029    34.1827    34.1833     7.4718    27.4514    27.4520          9  0.000e+00
      24789 313.621861  -62.16382  -58.37320     -0.000    1450.59      2.038      2.019    -0.0973    -0.0989    -0.0016    -0.0974    -0.0989    -0.0016   2.833978   2.833943  -0.000035    34.1824    34.1837     7.4718    27.4511    27.4522          9  0.000e+00
      24790 313.621862  -62.16382  -58.37320      0.002    1450.59      2.095      2.074    -0.0972    -0.0992    -0.0020    -0.0973    -0.0993    -0.0020   2.833989   2.833937  -0.000052    34.1824    34.1840     7.4719    27.4512    27.4525          9  0.000e+00
      24791 313.621862  -62.16382  -58.37320      0.000    1450.59      2.038      2.019    -0.0973    -0.0987    -0.0014    -0.0974    -0.0988    -0.0014   2.833978   2.833897  -0.000081    34.1824    34.1829     7.4719    27.4511    27.4516          9  0.000e+00
      24792 313.621863  -62.16382  -58.37320      0.001    1450.59      2.078      2.058    -0.0971    -0.0987    -0.0016    -0.0972    -0.0988    -0.0016   2.833950   2.833920  -0.000030    34.1818    34.1832     7.4721    27.4506    27.4518          9  0.000e+00
      24793 313.621863  -62.16382  -58.37320      0.002    1450.59      2.095      2.074    -0.0973    -0.0985    -0.0012    -0.0974    -0.0986    -0.0012   2.833961   2.833897  -0.000064    34.1821    34.1827     7.4722    27.4509    27.4514          9  0.000e+00
      24794 313.621864  -62.16382  -58.37320      0.001    1450.59      2.038      2.019    -0.0973    -0.0984    -0.0011    -0.0974    -0.0985    -0.0011   2.833950   2.833903  -0.000047    34.1820    34.1826     7.4732    27.4508    27.4514          9  0.000e+00
      24795 313.621864  -62.16382  -58.37320     -0.000    1450.59      2.095      2.074    -0.0974    -0.0984    -0.0010    -0.0975    -0.0985    -0.0010   2.833944   2.833926  -0.000018    34.1820    34.1829     7.4734    27.4508    27.4516          9  0.000e+00
      24796 313.621865  -62.16382  -58.37320      0.001    1450.59      2.095      2.074    -0.0976    -0.0985    -0.0009    -0.0977    -0.0986    -0.0009   2.833927   2.833915  -0.000013    34.1820    34.1829     7.4736    27.4508    27.4516          9  0.000e+00
      24797 313.621865  -62.16382  -58.37320      0.000    1450.59      2.038      2.019    -0.0976    -0.0985    -0.0009    -0.0977    -0.0986    -0.0009   2.833955   2.833949  -0.000007    34.1824    34.1834     7.4736    27.4512    27.4520          9  0.000e+00
      24798 313.621866  -62.16382  -58.37320     -0.004    1450.59      2.038      2.019    -0.0978    -0.0987    -0.0009    -0.0978    -0.0988    -0.0009   2.833933   2.833920  -0.000013    34.1823    34.1832     7.4738    27.4511    27.4518          9  0.000e+00
      24799 313.621866  -62.16382  -58.37320     -0.002    1450.59      2.095      2.074    -0.0976    -0.0987    -0.0011    -0.0977    -0.0988    -0.0011   2.833955   2.833909  -0.000047    34.1824    34.1830     7.4802    27.4511    27.4517          9  0.000e+00
      24800 313.621867  -62.16382  -58.37320     -0.004    1450.59      2.038      2.019    -0.0976    -0.0987    -0.0011    -0.0977    -0.0988    -0.0011   2.833972   2.833909  -0.000064    34.1826    34.1830     7.4812    27.4513    27.4517          9  0.000e+00
      24801 313.621867  -62.16382  -58.37320     -0.008    1450.59      2.038      2.019    -0.0976    -0.0983    -0.0007    -0.0977    -0.0983    -0.0007   2.833950   2.833949 -9.132e-07    34.1823    34.1831     7.4823    27.4511    27.4517          9  0.000e+00
      24802 313.621868  -62.16382  -58.37320     -0.006    1450.59      2.095      2.074    -0.0977    -0.0985    -0.0008    -0.0978    -0.0986    -0.0008   2.833961   2.833943  -0.000018    34.1826    34.1833     7.4833    27.4513    27.4519          9  0.000e+00
      24803 313.621868  -62.16382  -58.37320     -0.014    1450.59      1.974      1.955    -0.0978    -0.0984    -0.0007    -0.0978    -0.0985    -0.0007   2.833933   2.833955   0.000022    34.1823    34.1834     7.4842    27.4511    27.4520          9  0.000e+00
      24804 313.621869  -62.16382  -58.37320     -0.016    1450.59      2.022      2.003    -0.0977    -0.0983    -0.0005    -0.0978    -0.0983    -0.0005   2.833939   2.833966   0.000028    34.1823    34.1833     7.4851    27.4511    27.4519          9  0.000e+00
      24805 313.621869  -62.16382  -58.37320     -0.021    1450.59      2.038      2.019    -0.0976    -0.0981    -0.0005    -0.0977    -0.0982    -0.0005   2.833984   2.833943  -0.000041    34.1828    34.1828     7.4859    27.4515    27.4515          9  0.000e+00
      24806 313.621870  -62.16382  -58.37320     -0.018    1450.59      2.038      2.019    -0.0974    -0.0983    -0.0008    -0.0975    -0.0983    -0.0008   2.833978   2.833915  -0.000064    34.1825    34.1826     7.4804    27.4512    27.4513          9  0.000e+00
      24807 313.621870  -62.16382  -58.37320     -0.023    1450.59      2.095      2.074    -0.0973    -0.0979    -0.0006    -0.0974    -0.0980    -0.0006   2.833972   2.833909  -0.000064    34.1823    34.1821     7.4866    27.4510    27.4509          9  0.000e+00
      24808 313.621871  -62.16382  -58.37320     -0.020    1450.59      2.038      2.019    -0.0974    -0.0981    -0.0007    -0.0975    -0.0982    -0.0007   2.833950   2.833966   0.000016    34.1821    34.1831     7.4811    27.4509    27.4517          9  0.000e+00
      24809 313.621871  -62.16382  -58.37320     -0.025    1450.59      1.974      1.955    -0.0973    -0.0979    -0.0006    -0.0974    -0.0980    -0.0006   2.833961   2.833972   0.000011    34.1822    34.1830     7.4870    27.4510    27.4517         10  0.000e+00
      24810 313.621872  -62.16382  -58.37320     -0.025    1450.59      2.095      2.074    -0.0976    -0.0979    -0.0003    -0.0977    -0.0980    -0.0003   2.833972   2.833983   0.000011    34.1826    34.1831     7.4942    27.4513    27.4517         10  0.000e+00
      24811 313.621872  -62.16382  -58.37320     -0.025    1450.59      2.038      2.019    -0.0979    -0.0983    -0.0004    -0.0980    -0.0983    -0.0004   2.833972   2.833989   0.000017    34.1830    34.1836     7.4896    27.4516    27.4521         10  0.000e+00
      24812 313.621873  -62.16382  -58.37320     -0.022    1450.59      2.038      2.019    -0.0978    -0.0981    -0.0003    -0.0978    -0.0982    -0.0003   2.833933   2.833972   0.000039    34.1823    34.1832     7.4902    27.4511    27.4518         10  0.000e+00
      24813 313.621873  -62.16382  -58.37320     -0.026    1450.59      2.038      2.019    -0.0981    -0.0979     0.0002    -0.0981    -0.0980     0.0002   2.833876   2.833920   0.000044    34.1819    34.1823     7.4909    27.4508    27.4511         10  0.000e+00
      24814 313.621874  -62.16382  -58.37320     -0.029    1450.59      2.038      2.019    -0.0981    -0.0978     0.0003    -0.0981    -0.0979     0.0003   2.833905   2.833949   0.000044    34.1823    34.1826     7.4904    27.4511    27.4513         10  0.000e+00
      24815 313.621874  -62.16382  -58.37320     -0.029    1450.59      2.038      2.019    -0.0981    -0.0978     0.0003    -0.0981    -0.0979     0.0003   2.833893   2.834000   0.000107    34.1821    34.1832     7.4908    27.4509    27.4518         10  0.000e+00
      24816 313.621875  -62.16382  -58.37320     -0.030    1450.59      2.022      2.003    -0.0982    -0.0978     0.0004    -0.0983    -0.0979     0.0004   2.833871   2.834018   0.000147    34.1820    34.1835     7.4912    27.4509    27.4520         10  0.000e+00
      24817 313.621875  -62.16382  -58.37320     -0.030    1450.59      2.038      2.019    -0.0982    -0.0976     0.0006    -0.0983    -0.0977     0.0006   2.833905   2.834018   0.000113    34.1824    34.1833     7.4916    27.4512    27.4519         10  0.000e+00
      24818 313.621875  -62.16382  -58.37320     -0.034    1450.59      1.974      1.955    -0.0982    -0.0975     0.0008    -0.0983    -0.0975     0.0008   2.833939   2.834018   0.000079    34.1829    34.1831     7.4918    27.4516    27.4517         10  0.000e+00
      24819 313.621876  -62.16382  -58.37320     -0.033    1450.59      2.038      2.019    -0.0981    -0.0973     0.0008    -0.0981    -0.0974     0.0008   2.833944   2.834018   0.000073    34.1828    34.1829     7.4859    27.4515    27.4515         10  0.000e+00
      24820 313.621876  -62.16382  -58.37320     -0.029    1450.59      2.095      2.074    -0.0979    -0.0975     0.0004    -0.0980    -0.0975     0.0004   2.833978   2.833995   0.000017    34.1830    34.1827     7.4852    27.4517    27.4514         10  0.000e+00
