Pos-Processados/process_op41/operantar41_003.ros
* Sea-Bird SBE 9 Data File:
* FileName = C:\Users\Dell\Desktop\Operantar XLI\Raw\OP41003.hdr
* Software Version Seasave V 7.26.7.110
* Temperature SN = 6497
* Conductivity SN = 4954
* Number of Bytes Per Scan = 31
* Number of Voltage Words = 2
* Number of Scans Averaged by the Deck Unit = 1
* NMEA Latitude = 37 44.65 S
* NMEA Longitude = 048 37.45 W
* NMEA UTC (Time) = Oct 18 2022 02:57:07
* NMEA baud rate = 4800
** H41
** Navio Polar Almirante Maximiano
** LH-021/2022
** Operantar XLI
** Número da Estação 003
** Latitude 37ª44.632S
** Longitude 048ª37.496W
** Data/Hora (Z) 18/10/2022 0257Z
** Profundidade local 5500
** 09-1439
** Nome do Operador 1T FILIPE LOPES
# nquan = 24
# nvalues = 1765                                  
# units = specified
# name 0 = scan: Scan Count
# name 1 = timeJ: Julian Days
# name 2 = latitude: Latitude [deg]
# name 3 = longitude: Longitude [deg]
# name 4 = dz/dtM: Descent Rate [m/s]
# name 5 = avgsvCM: Average Sound Velocity [Chen-Millero, m/s]
# name 6 = prDM: Pressure, Digiquartz [db]
# name 7 = depSM: Depth [salt water, m]
# name 8 = t090C: Temperature [ITS-90, deg C]
# name 9 = t190C: Temperature, 2 [ITS-90, deg C]
# name 10 = T2-T190C: Temperature Difference, 2 - 1 [ITS-90, deg C]
# name 11 = potemp090C: Potential Temperature [ITS-90, deg C]
# name 12 = potemp190C: Potential Temperature, 2 [ITS-90, deg C]
# name 13 = potemp90Cdiff: Potential Temperature, Diff, 2 - 1 [ITS-90, deg C]
# name 14 = c0S/m: Conductivity [S/m]
# name 15 = c1S/m: Conductivity, 2 [S/m]
# name 16 = C2-C1S/m: Conductivity Difference, 2 - 1 [S/m]
# name 17 = sal00: Salinity, Practical [PSU]
# name 18 = sal11: Salinity, Practical, 2 [PSU]
# name 19 = sbeox0ML/L: Oxygen, SBE 43 [ml/l]
# name 20 = sigma-é00: Density [sigma-theta, kg/m^3]
# name 21 = sigma-é11: Density, 2 [sigma-theta, kg/m^3]
# name 22 = nbf: Bottles Fired
# name 23 = flag:  0.000e+00
# interval = seconds: 0.0416667
# start_time = Oct 18 2022 02:57:07 [NMEA time, header]
# bad_flag = -9.990e-29
*END*
[from data line 61]
      58259 291.151093  -37.74752  -48.61840      0.194    1488.80     40.009     39.707    14.1229    14.1261     0.0032    14.1171    14.1203     0.0032   4.243473   4.243780   0.000307    35.3344    35.3344     5.6152    26.4209    26.4201          1  0.000e+00
      58260 291.151093  -37.74752  -48.61840      0.196    1488.80     40.009     39.707    14.1229    14.1257     0.0028    14.1171    14.1199     0.0028   4.243532   4.243800   0.000268    35.3350    35.3349     5.6115    26.4213    26.4206          1  0.000e+00
      58261 291.151094  -37.74752  -48.61840      0.200    1488.80     40.073     39.770    14.1229    14.1261     0.0032    14.1171    14.1203     0.0032   4.243539   4.243880   0.000341    35.3350    35.3353     5.6116    26.4213    26.4208          1  0.000e+00
      58262 291.151094  -37.74752  -48.61840      0.201    1488.80     39.969     39.667    14.1231    14.1265     0.0034    14.1173    14.1207     0.0034   4.243519   4.243880   0.000361    35.3347    35.3350     5.6116    26.4211    26.4205          1  0.000e+00
      58263 291.151095  -37.74752  -48.61840      0.203    1488.80     40.130     39.826    14.1232    14.1266     0.0034    14.1174    14.1208     0.0034   4.243572   4.243954   0.000382    35.3350    35.3355     5.6115    26.4212    26.4209          1  0.000e+00
      58264 291.151095  -37.74752  -48.61840      0.207    1488.80     40.073     39.771    14.1234    14.1267     0.0034    14.1176    14.1209     0.0034   4.243578   4.243920   0.000342    35.3349    35.3351     5.6115    26.4212    26.4205          1  0.000e+00
      58265 291.151096  -37.74752  -48.61840      0.208    1488.80     40.073     39.771    14.1236    14.1266     0.0030    14.1178    14.1208     0.0030   4.243638   4.243907   0.000269    35.3353    35.3351     5.6156    26.4214    26.4206          1  0.000e+00
      58266 291.151096  -37.74752  -48.61840      0.211    1488.80     40.073     39.771    14.1242    14.1267     0.0024    14.1184    14.1208     0.0024   4.243684   4.243934   0.000250    35.3352    35.3353     5.6120    26.4211    26.4207          1  0.000e+00
      58267 291.151097  -37.74752  -48.61840      0.209    1488.80     40.073     39.771    14.1248    14.1269     0.0022    14.1189    14.1211     0.0022   4.243717   4.243967   0.000250    35.3350    35.3353     5.6161    26.4209    26.4207          1  0.000e+00
      58268 291.151097  -37.74752  -48.61840      0.211    1488.80     40.089     39.787    14.1248    14.1269     0.0022    14.1189    14.1211     0.0022   4.243783   4.243981   0.000198    35.3356    35.3354     5.6126    26.4214    26.4208          1  0.000e+00
      58269 291.151098  -37.74752  -48.61840      0.211    1488.80     40.073     39.771    14.1249    14.1269     0.0020    14.1191    14.1211     0.0020   4.243783   4.243954   0.000171    35.3354    35.3352     5.6086    26.4212    26.4206          1  0.000e+00
      58270 291.151098  -37.74752  -48.61840      0.210    1488.80     40.130     39.826    14.1254    14.1269     0.0015    14.1196    14.1211     0.0015   4.243856   4.243914   0.000058    35.3356    35.3348     5.6125    26.4213    26.4203          2  0.000e+00
      58271 291.151099  -37.74752  -48.61840      0.208    1488.80     40.073     39.771    14.1259    14.1268     0.0009    14.1201    14.1210     0.0009   4.243869   4.243934   0.000065    35.3353    35.3351     5.6126    26.4209    26.4206          2  0.000e+00
      58272 291.151099  -37.74752  -48.61840      0.208    1488.80     40.130     39.826    14.1261    14.1267     0.0006    14.1203    14.1209     0.0006   4.243909   4.243947   0.000038    35.3355    35.3353     5.6084    26.4210    26.4207          2  0.000e+00
      58273 291.151100  -37.74752  -48.61840      0.205    1488.80     40.089     39.787    14.1264    14.1266     0.0002    14.1206    14.1208     0.0002   4.243942   4.243887  -0.000055    35.3355    35.3349     5.6082    26.4210    26.4204          2  0.000e+00
      58274 291.151100  -37.74752  -48.61840      0.200    1488.80     40.073     39.771    14.1266    14.1264    -0.0002    14.1208    14.1206    -0.0002   4.243942   4.243894  -0.000048    35.3354    35.3351     5.6117    26.4208    26.4206          2  0.000e+00
      58275 291.151101  -37.74752  -48.61840      0.199    1488.80     40.130     39.826    14.1263    14.1262    -0.0000    14.1204    14.1204    -0.0000   4.244001   4.243847  -0.000155    35.3362    35.3348     5.6080    26.4216    26.4205          2  0.000e+00
      58276 291.151101  -37.74752  -48.61840      0.196    1488.80     40.073     39.771    14.1266    14.1263    -0.0003    14.1208    14.1205    -0.0003   4.243968   4.243860  -0.000108    35.3356    35.3349     5.6115    26.4210    26.4205          2  0.000e+00
      58277 291.151101  -37.74752  -48.61840      0.192    1488.80     40.130     39.826    14.1264    14.1262    -0.0002    14.1206    14.1204    -0.0002   4.243975   4.243874  -0.000101    35.3358    35.3351     5.6119    26.4212    26.4206          2  0.000e+00
      58278 291.151102  -37.74752  -48.61840      0.188    1488.80     40.089     39.787    14.1266    14.1261    -0.0005    14.1208    14.1203    -0.0005   4.243988   4.243894  -0.000094    35.3358    35.3354     5.6081    26.4212    26.4209          2  0.000e+00
      58279 291.151102  -37.74752  -48.61840      0.186    1488.80     40.130     39.826    14.1263    14.1261    -0.0002    14.1204    14.1203    -0.0002   4.243995   4.243880  -0.000114    35.3362    35.3352     5.6077    26.4215    26.4208          2  0.000e+00
      58280 291.151103  -37.74752  -48.61840      0.180    1488.80     40.073     39.771    14.1268    14.1265    -0.0003    14.1210    14.1207    -0.0003   4.244008   4.243894  -0.000114    35.3358    35.3351     5.6076    26.4211    26.4206          2  0.000e+00
      58281 291.151103  -37.74752  -48.61840      0.173    1488.80     40.073     39.771    14.1266    14.1262    -0.0004    14.1208    14.1204    -0.0004   4.244074   4.243880  -0.000194    35.3366    35.3351     5.6072    26.4217    26.4207          2  0.000e+00
      58282 291.151104  -37.74752  -48.61840      0.165    1488.80     40.073     39.771    14.1269    14.1262    -0.0007    14.1211    14.1204    -0.0007   4.244100   4.243874  -0.000227    35.3366    35.3351     5.6109    26.4217    26.4207          2  0.000e+00
      58283 291.151104  -37.74752  -48.61840      0.160    1488.80     40.130     39.827    14.1268    14.1262    -0.0005    14.1210    14.1204    -0.0005   4.244087   4.243927  -0.000160    35.3366    35.3356     5.6069    26.4217    26.4210          2  0.000e+00
      58284 291.151105  -37.74752  -48.61840      0.155    1488.80     40.090     39.787    14.1268    14.1264    -0.0004    14.1210    14.1206    -0.0004   4.244067   4.243947  -0.000120    35.3364    35.3356     5.6106    26.4216    26.4210          2  0.000e+00
      58285 291.151105  -37.74752  -48.61840      0.146    1488.80     40.073     39.771    14.1268    14.1263    -0.0005    14.1210    14.1205    -0.0005   4.244067   4.243947  -0.000120    35.3364    35.3357     5.6107    26.4216    26.4212          2  0.000e+00
      58286 291.151106  -37.74752  -48.61840      0.139    1488.80     40.073     39.771    14.1266    14.1267     0.0002    14.1208    14.1209     0.0002   4.244067   4.243967  -0.000100    35.3366    35.3355     5.6107    26.4217    26.4209          2  0.000e+00
      58287 291.151106  -37.74752  -48.61840      0.128    1488.80     40.073     39.771    14.1263    14.1269     0.0007    14.1204    14.1211     0.0007   4.244001   4.244008   0.000006    35.3363    35.3357     5.6108    26.4216    26.4210          2  0.000e+00
      58288 291.151107  -37.74752  -48.61840      0.123    1488.80     40.073     39.771    14.1261    14.1267     0.0006    14.1203    14.1209     0.0006   4.243935   4.243987   0.000052    35.3358    35.3357     5.6108    26.4212    26.4210          2  0.000e+00
      58289 291.151107  -37.74752  -48.61840      0.115    1488.80     40.090     39.787    14.1256    14.1263     0.0007    14.1198    14.1205     0.0007   4.243863   4.243867   0.000004    35.3356    35.3350     5.6113    26.4212    26.4206          2  0.000e+00
      58290 291.151108  -37.74752  -48.61840      0.101    1488.80     40.009     39.707    14.1249    14.1261     0.0012    14.1191    14.1203     0.0012   4.243783   4.243780  -0.000004    35.3355    35.3344     5.6110    26.4212    26.4201          2  0.000e+00
      58291 291.151108  -37.74752  -48.61840      0.096    1488.80     40.073     39.771    14.1246    14.1254     0.0009    14.1188    14.1196     0.0009   4.243684   4.243733   0.000049    35.3348    35.3345     5.6112    26.4208    26.4204          2  0.000e+00
      58292 291.151109  -37.74752  -48.61840      0.086    1488.80     40.009     39.707    14.1239    14.1252     0.0013    14.1181    14.1194     0.0013   4.243631   4.243666   0.000035    35.3350    35.3341     5.6112    26.4211    26.4201          2  0.000e+00
      58293 291.151109  -37.74752  -48.61840      0.071    1488.80     40.009     39.707    14.1238    14.1247     0.0010    14.1180    14.1189     0.0010   4.243559   4.243706   0.000147    35.3344    35.3349     5.6113    26.4207    26.4209          2  0.000e+00
      58294 291.151110  -37.74752  -48.61840      0.065    1488.80     40.033     39.731    14.1234    14.1244     0.0010    14.1176    14.1186     0.0010   4.243519   4.243646   0.000127    35.3344    35.3346     5.6154    26.4207    26.4207          2  0.000e+00
      58295 291.151110  -37.74752  -48.61840      0.054    1488.80     40.009     39.707    14.1234    14.1246     0.0012    14.1176    14.1188     0.0012   4.243519   4.243558   0.000040    35.3344    35.3337     5.6117    26.4208    26.4200          2  0.000e+00
      58296 291.151111  -37.74752  -48.61840      0.040    1488.80     39.953     39.651    14.1232    14.1237     0.0004    14.1175    14.1179     0.0004   4.243479   4.243485   0.000006    35.3342    35.3338     5.6117    26.4206    26.4202          2  0.000e+00
      58297 291.151111  -37.74752  -48.61840      0.032    1488.80     40.009     39.707    14.1232    14.1234     0.0001    14.1174    14.1176     0.0001   4.243506   4.243391  -0.000115    35.3344    35.3332     5.6118    26.4208    26.4198          2  0.000e+00
      58298 291.151112  -37.74752  -48.61840      0.017    1488.80     39.953     39.651    14.1232    14.1229    -0.0004    14.1175    14.1171    -0.0004   4.243486   4.243331  -0.000155    35.3343    35.3332     5.6118    26.4207    26.4199          2  0.000e+00
      58299 291.151112  -37.74752  -48.61840      0.003    1488.80     39.912     39.611    14.1226    14.1227     0.0001    14.1168    14.1169     0.0001   4.243413   4.243297  -0.000116    35.3342    35.3330     5.6162    26.4208    26.4198          2  0.000e+00
      58300 291.151113  -37.74752  -48.61840     -0.005    1488.80     40.009     39.707    14.1224    14.1225     0.0001    14.1166    14.1167     0.0001   4.243347   4.243230  -0.000117    35.3337    35.3325     5.6167    26.4204    26.4195          2  0.000e+00
      58301 291.151113  -37.74752  -48.61840     -0.016    1488.80     39.953     39.651    14.1221    14.1220    -0.0001    14.1163    14.1162    -0.0001   4.243334   4.243270  -0.000064    35.3339    35.3334     5.6171    26.4207    26.4203          2  0.000e+00
      58302 291.151114  -37.74752  -48.61840     -0.031    1488.80     39.896     39.595    14.1222    14.1224     0.0002    14.1164    14.1166     0.0002   4.243294   4.243203  -0.000091    35.3334    35.3325     5.6174    26.4203    26.4195          2  0.000e+00
      58303 291.151114  -37.74752  -48.61840     -0.039    1488.80     39.953     39.651    14.1219    14.1220     0.0001    14.1161    14.1162     0.0001   4.243268   4.243176  -0.000091    35.3335    35.3325     5.6137    26.4204    26.4196          2  0.000e+00
      58304 291.151114  -37.74752  -48.61840     -0.051    1488.80     39.896     39.595    14.1214    14.1220     0.0006    14.1156    14.1162     0.0006   4.243182   4.243230   0.000048    35.3332    35.3330     5.6178    26.4202    26.4200          2  0.000e+00
      58305 291.151115  -37.74752  -48.61840     -0.064    1488.80     39.856     39.555    14.1210    14.1222     0.0012    14.1153    14.1164     0.0012   4.243142   4.243223   0.000081    35.3331    35.3328     5.6144    26.4203    26.4198          2  0.000e+00
      58306 291.151115  -37.74752  -48.61840     -0.077    1488.80     39.896     39.595    14.1212    14.1222     0.0010    14.1154    14.1164     0.0010   4.243175   4.243237   0.000062    35.3332    35.3329     5.6188    26.4203    26.4199          2  0.000e+00
      58307 291.151116  -37.74752  -48.61840     -0.088    1488.80     39.832     39.531    14.1210    14.1224     0.0013    14.1153    14.1166     0.0013   4.243188   4.243277   0.000089    35.3336    35.3332     5.6154    26.4206    26.4200          2  0.000e+00
      58308 291.151116  -37.74752  -48.61840     -0.098    1488.80     39.896     39.595    14.1216    14.1227     0.0011    14.1158    14.1169     0.0011   4.243149   4.243257   0.000108    35.3327    35.3327     5.6198    26.4198    26.4195          2  0.000e+00
      58309 291.151117  -37.74752  -48.61840     -0.114    1488.80     39.776     39.475    14.1210    14.1227     0.0017    14.1153    14.1169     0.0017   4.243149   4.243277   0.000128    35.3332    35.3329     5.6201    26.4203    26.4197          2  0.000e+00
      58310 291.151117  -37.74752  -48.61840     -0.122    1488.80     39.856     39.555    14.1209    14.1227     0.0018    14.1151    14.1169     0.0018   4.243070   4.243257   0.000187    35.3326    35.3327     5.6205    26.4199    26.4196          2  0.000e+00
      58311 291.151118  -37.74752  -48.61840     -0.140    1488.80     39.776     39.475    14.1209    14.1220     0.0011    14.1151    14.1162     0.0011   4.243116   4.243223   0.000108    35.3330    35.3330     5.6208    26.4202    26.4200          2  0.000e+00
      58312 291.151118  -37.74752  -48.61840     -0.144    1488.80     39.832     39.531    14.1209    14.1218     0.0009    14.1151    14.1161     0.0009   4.243122   4.243130   0.000007    35.3331    35.3323     5.6211    26.4202    26.4194          2  0.000e+00
      58313 291.151119  -37.74752  -48.61840     -0.158    1488.80     39.711     39.411    14.1212    14.1212    -0.0000    14.1155    14.1154    -0.0000   4.243116   4.243042  -0.000073    35.3328    35.3321     5.6213    26.4199    26.4194          2  0.000e+00
      58314 291.151119  -37.74752  -48.61840     -0.168    1488.80     39.776     39.475    14.1209    14.1208    -0.0001    14.1151    14.1151    -0.0001   4.243103   4.243029  -0.000074    35.3329    35.3323     5.6180    26.4201    26.4197          2  0.000e+00
      58315 291.151120  -37.74752  -48.61840     -0.179    1488.80     39.735     39.435    14.1210    14.1207    -0.0004    14.1153    14.1149    -0.0004   4.243109   4.242975  -0.000134    35.3329    35.3319     5.6219    26.4201    26.4194          2  0.000e+00
      58316 291.151120  -37.74752  -48.61840     -0.191    1488.80     39.711     39.411    14.1207    14.1205    -0.0002    14.1150    14.1147    -0.0002   4.243116   4.242928  -0.000187    35.3332    35.3317     5.6225    26.4204    26.4192          2  0.000e+00
      58317 291.151121  -37.74752  -48.61840     -0.201    1488.80     39.711     39.411    14.1210    14.1203    -0.0007    14.1153    14.1146    -0.0007   4.243102   4.242942  -0.000161    35.3328    35.3320     5.6228    26.4200    26.4195          2  0.000e+00
