Pos-Processados/process_op41/operantar41_015.ros
* Sea-Bird SBE 9 Data File:
* FileName = C:\Users\Dell\Desktop\OperantarXLI\config\OP41015.hdr
* Software Version Seasave V 7.26.7.110
* Temperature SN = 6497
* Conductivity SN = 4954
* Number of Bytes Per Scan = 31
* Number of Voltage Words = 2
* Number of Scans Averaged by the Deck Unit = 1
* NMEA Latitude = 62 08.82 S
* NMEA Longitude = 058 24.51 W
* NMEA UTC (Time) = Nov 09 2022 12:07:14
* NMEA baud rate = 4800
** H41
** Navio Polar Almirante Maximiano
** LH-021/2022
** Operantar XLI
** Número da Estação 0015
** Latitude 62 8,825 S
** Longitude 58 24,511 W
** Data/Hora (Z) 09/11/22 1207Z
** Profundidade local 450
** 09-1439
** Nome do Operador CT GARLA
# nquan = 24
# nvalues = 1006                                  
# units = specified
# name 0 = scan: Scan Count
# name 1 = timeJ: Julian Days
# name 2 = latitude: Latitude [deg]
# name 3 = longitude: Longitude [deg]
# name 4 = dz/dtM: Descent Rate [m/s]
# name 5 = avgsvCM: Average Sound Velocity [Chen-Millero, m/s]
# name 6 = prDM: Pressure, Digiquartz [db]
# name 7 = depSM: Depth [salt water, m]
# name 8 = t090C: Temperature [ITS-90, deg C]
# name 9 = t190C: Temperature, 2 [ITS-90, deg C]
# name 10 = T2-T190C: Temperature Difference, 2 - 1 [ITS-90, deg C]
# name 11 = potemp090C: Potential Temperature [ITS-90, deg C]
# name 12 = potemp190C: Potential Temperature, 2 [ITS-90, deg C]
# name 13 = potemp90Cdiff: Potential Temperature, Diff, 2 - 1 [ITS-90, deg C]
# name 14 = c0S/m: Conductivity [S/m]
# name 15 = c1S/m: Conductivity, 2 [S/m]
# name 16 = C2-C1S/m: Conductivity Difference, 2 - 1 [S/m]
# name 17 = sal00: Salinity, Practical [PSU]
# name 18 = sal11: Salinity, Practical, 2 [PSU]
# name 19 = sbeox0ML/L: Oxygen, SBE 43 [ml/l]
# name 20 = sigma-é00: Density [sigma-theta, kg/m^3]
# name 21 = sigma-é11: Density, 2 [sigma-theta, kg/m^3]
# name 22 = nbf: Bottles Fired
# name 23 = flag:  0.000e+00
# interval = seconds: 0.0416667
# start_time = Nov 09 2022 12:07:14 [NMEA time, header]
# bad_flag = -9.990e-29
*END*
[from data line 967]
      29469 313.519234  -62.14728  -58.40822      0.112    1450.84      0.936      0.927    -0.1076    -0.1077    -0.0001    -0.1076    -0.1077    -0.0001   2.833910   2.833943   0.000033    34.1936    34.1942     7.4828    27.4607    27.4612         12  0.000e+00
      29470 313.519235  -62.14728  -58.40822      0.111    1450.84      0.880      0.871    -0.1070    -0.1076    -0.0006    -0.1071    -0.1076    -0.0006   2.833933   2.833972   0.000039    34.1934    34.1945     7.4820    27.4605    27.4615         12  0.000e+00
      29471 313.519235  -62.14728  -58.40822      0.108    1450.84      0.864      0.855    -0.1066    -0.1076    -0.0010    -0.1066    -0.1076    -0.0010   2.834006   2.834029   0.000023    34.1939    34.1953     7.4823    27.4609    27.4621         12  0.000e+00
      29472 313.519236  -62.14728  -58.40822      0.108    1450.84      0.936      0.927    -0.1064    -0.1079    -0.0014    -0.1065    -0.1079    -0.0014   2.833983   2.834000   0.000017    34.1934    34.1952     7.4765    27.4605    27.4620         12  0.000e+00
      29473 313.519236  -62.14728  -58.40822      0.105    1450.84      0.880      0.871    -0.1064    -0.1079    -0.0014    -0.1065    -0.1079    -0.0014   2.833989   2.833989 -3.137e-07    34.1935    34.1951     7.4811    27.4605    27.4619         12  0.000e+00
      29474 313.519237  -62.14728  -58.40822      0.105    1450.84      0.936      0.927    -0.1059    -0.1080    -0.0022    -0.1059    -0.1081    -0.0022   2.833995   2.833972  -0.000023    34.1929    34.1950     7.4805    27.4600    27.4619         12  0.000e+00
      29475 313.519237  -62.14728  -58.40822      0.101    1450.84      0.880      0.871    -0.1060    -0.1076    -0.0016    -0.1060    -0.1076    -0.0016   2.833978   2.833983   0.000005    34.1928    34.1947     7.4808    27.4600    27.4616         12  0.000e+00
      29476 313.519238  -62.14728  -58.40822      0.103    1450.84      0.936      0.927    -0.1060    -0.1079    -0.0018    -0.1061    -0.1079    -0.0018   2.834029   2.833989  -0.000040    34.1935    34.1951     7.4749    27.4605    27.4619         12  0.000e+00
      29477 313.519238  -62.14728  -58.40822      0.098    1450.84      0.880      0.871    -0.1060    -0.1076    -0.0016    -0.1060    -0.1076    -0.0016   2.834034   2.834029  -0.000005    34.1936    34.1953     7.4733    27.4606    27.4621         12  0.000e+00
      29478 313.519239  -62.14728  -58.40822      0.095    1450.84      0.936      0.927    -0.1062    -0.1078    -0.0016    -0.1062    -0.1078    -0.0016   2.834000   2.834023   0.000023    34.1933    34.1954     7.4718    27.4604    27.4621         12  0.000e+00
      29479 313.519239  -62.14728  -58.40822      0.096    1450.84      0.936      0.927    -0.1060    -0.1076    -0.0016    -0.1060    -0.1076    -0.0016   2.834017   2.833995  -0.000023    34.1933    34.1948     7.4764    27.4604    27.4617         12  0.000e+00
      29480 313.519239  -62.14728  -58.40822      0.097    1450.84      0.936      0.927    -0.1063    -0.1078    -0.0015    -0.1063    -0.1078    -0.0015   2.834006   2.834029   0.000023    34.1935    34.1955     7.4769    27.4605    27.4622         12  0.000e+00
      29481 313.519240  -62.14728  -58.40822      0.094    1450.84      0.936      0.927    -0.1060    -0.1074    -0.0014    -0.1061    -0.1075    -0.0014   2.834017   2.833983  -0.000034    34.1934    34.1945     7.4772    27.4604    27.4614         12  0.000e+00
      29482 313.519240  -62.14728  -58.40822      0.089    1450.84      0.864      0.855    -0.1060    -0.1074    -0.0014    -0.1060    -0.1075    -0.0014   2.834023   2.833966  -0.000057    34.1934    34.1943     7.4712    27.4605    27.4612         12  0.000e+00
      29483 313.519241  -62.14728  -58.40822      0.088    1450.84      0.992      0.983    -0.1060    -0.1076    -0.0016    -0.1061    -0.1076    -0.0016   2.834023   2.834000  -0.000023    34.1934    34.1949     7.4770    27.4605    27.4617         12  0.000e+00
      29484 313.519241  -62.14728  -58.40822      0.090    1450.84      0.936      0.927    -0.1061    -0.1071    -0.0010    -0.1061    -0.1072    -0.0010   2.834029   2.834035   0.000006    34.1936    34.1948     7.4774    27.4606    27.4617         12  0.000e+00
      29485 313.519242  -62.14728  -58.40822      0.084    1450.84      0.936      0.927    -0.1061    -0.1068    -0.0007    -0.1061    -0.1068    -0.0007   2.834006   2.834063   0.000057    34.1933    34.1948     7.4778    27.4604    27.4617         12  0.000e+00
      29486 313.519242  -62.14728  -58.40822      0.082    1450.84      0.936      0.927    -0.1059    -0.1070    -0.0011    -0.1059    -0.1070    -0.0011   2.834017   2.834052   0.000034    34.1932    34.1949     7.4782    27.4603    27.4617         12  0.000e+00
      29487 313.519243  -62.14728  -58.40822      0.079    1450.84      0.880      0.871    -0.1060    -0.1069    -0.0009    -0.1060    -0.1069    -0.0009   2.834023   2.834063   0.000040    34.1934    34.1949     7.4785    27.4605    27.4617         12  0.000e+00
      29488 313.519243  -62.14728  -58.40822      0.080    1450.84      0.992      0.983    -0.1059    -0.1070    -0.0011    -0.1059    -0.1070    -0.0011   2.834023   2.834006  -0.000017    34.1932    34.1942     7.4790    27.4603    27.4612         12  0.000e+00
      29489 313.519244  -62.14728  -58.40822      0.076    1450.84      0.936      0.927    -0.1060    -0.1068    -0.0008    -0.1060    -0.1068    -0.0008   2.834006   2.834006 -6.536e-08    34.1931    34.1941     7.4794    27.4602    27.4610         12  0.000e+00
      29490 313.519244  -62.14728  -58.40822      0.073    1450.84      0.936      0.927    -0.1060    -0.1066    -0.0006    -0.1061    -0.1067    -0.0006   2.833978   2.834035   0.000057    34.1928    34.1943     7.4799    27.4600    27.4612         12  0.000e+00
      29491 313.519245  -62.14728  -58.40822      0.072    1450.84      0.936      0.927    -0.1061    -0.1066    -0.0005    -0.1061    -0.1067    -0.0005   2.833989   2.834046   0.000057    34.1931    34.1944     7.4803    27.4602    27.4613         12  0.000e+00
      29492 313.519245  -62.14728  -58.40822      0.067    1450.84      0.936      0.927    -0.1060    -0.1065    -0.0005    -0.1060    -0.1066    -0.0005   2.834017   2.834046   0.000029    34.1933    34.1943     7.4806    27.4604    27.4612         12  0.000e+00
      29493 313.519246  -62.14728  -58.40822      0.072    1450.84      1.041      1.031    -0.1059    -0.1066    -0.0008    -0.1059    -0.1067    -0.0008   2.833983   2.834063   0.000080    34.1927    34.1946     7.4812    27.4598    27.4614         12  0.000e+00
      29494 313.519246  -62.14728  -58.40822      0.066    1450.84      0.880      0.871    -0.1061    -0.1066    -0.0005    -0.1061    -0.1067    -0.0005   2.834029   2.834052   0.000023    34.1936    34.1945     7.4804    27.4606    27.4614         12  0.000e+00
      29495 313.519247  -62.14728  -58.40822      0.064    1450.84      0.936      0.927    -0.1059    -0.1065    -0.0007    -0.1059    -0.1066    -0.0007   2.834034   2.834080   0.000046    34.1934    34.1947     7.4808    27.4604    27.4616         12  0.000e+00
      29496 313.519247  -62.14728  -58.40822      0.062    1450.84      0.936      0.927    -0.1058    -0.1065    -0.0007    -0.1058    -0.1066    -0.0007   2.834046   2.834058   0.000012    34.1935    34.1944     7.4748    27.4605    27.4613         12  0.000e+00
      29497 313.519248  -62.14728  -58.40822      0.059    1450.84      0.936      0.927    -0.1056    -0.1065    -0.0010    -0.1056    -0.1066    -0.0010   2.833989   2.834080   0.000091    34.1925    34.1947     7.4806    27.4597    27.4616         12  0.000e+00
      29498 313.519248  -62.14728  -58.40822      0.059    1450.84      0.936      0.927    -0.1055    -0.1062    -0.0007    -0.1055    -0.1062    -0.0007   2.834051   2.834058   0.000006    34.1932    34.1941     7.4746    27.4603    27.4610         12  0.000e+00
      29499 313.519249  -62.14728  -58.40822      0.055    1450.84      0.936      0.927    -0.1053    -0.1063    -0.0010    -0.1054    -0.1064    -0.0010   2.834040   2.834103   0.000063    34.1929    34.1949     7.4741    27.4600    27.4616         12  0.000e+00
      29500 313.519249  -62.14728  -58.40822      0.052    1450.84      0.936      0.927    -0.1054    -0.1062    -0.0008    -0.1054    -0.1062    -0.0008   2.834046   2.834080   0.000035    34.1930    34.1944     7.4799    27.4601    27.4612         12  0.000e+00
      29501 313.519250  -62.14728  -58.40822      0.052    1450.84      0.936      0.927    -0.1058    -0.1063    -0.0005    -0.1058    -0.1064    -0.0005   2.834034   2.834069   0.000035    34.1933    34.1944     7.4731    27.4604    27.4613         12  0.000e+00
      29502 313.519250  -62.14728  -58.40822      0.048    1450.84      0.936      0.927    -0.1059    -0.1063    -0.0005    -0.1059    -0.1064    -0.0005   2.834029   2.834069   0.000040    34.1933    34.1944     7.4789    27.4604    27.4613         12  0.000e+00
      29503 313.519251  -62.14728  -58.40822      0.048    1450.84      0.936      0.927    -0.1058    -0.1062    -0.0004    -0.1058    -0.1062    -0.0004   2.834029   2.834052   0.000023    34.1933    34.1940     7.4794    27.4603    27.4609         12  0.000e+00
      29504 313.519251  -62.14728  -58.40822      0.047    1450.84      0.936      0.927    -0.1058    -0.1060    -0.0002    -0.1058    -0.1060    -0.0002   2.834046   2.834046 5.2139e-07    34.1935    34.1937     7.4799    27.4605    27.4607         12  0.000e+00
      29505 313.519252  -62.14728  -58.40822      0.041    1450.84      0.920      0.911    -0.1059    -0.1062    -0.0003    -0.1059    -0.1062    -0.0003   2.833989   2.834080   0.000091    34.1928    34.1944     7.4741    27.4600    27.4612         12  0.000e+00
      29506 313.519252  -62.14728  -58.40822      0.041    1450.84      0.936      0.927    -0.1060    -0.1062    -0.0003    -0.1060    -0.1063    -0.0003   2.834012   2.834115   0.000103    34.1932    34.1949     7.4737    27.4603    27.4617         12  0.000e+00
      29507 313.519253  -62.14728  -58.40822      0.036    1450.84      0.880      0.871    -0.1060    -0.1063    -0.0003    -0.1061    -0.1064    -0.0003   2.834006   2.834080   0.000074    34.1932    34.1946     7.4785    27.4603    27.4614         12  0.000e+00
