Pos-Processados/process_op41/operantar41_020.ros
* Sea-Bird SBE 9 Data File:
* FileName = C:\Users\Dell\Desktop\OperantarXLI\config\00_BRUTOS\OPE41020.hdr
* Software Version Seasave V 7.26.7.110
* Temperature SN = 6497
* Conductivity SN = 4954
* Number of Bytes Per Scan = 34
* Number of Voltage Words = 3
* Number of Scans Averaged by the Deck Unit = 1
* NMEA Latitude = 62 42.00 S
* NMEA Longitude = 058 53.83 W
* NMEA UTC (Time) = Nov 11 2022 06:25:21
* NMEA baud rate = 4800
** H41
** Navio Polar Almirante Maximiano
** LH-021/2022
** Operantar XLI
** Número da Estação 020
** Latitude 62´41.887S
** Longitude 058 53.875W
** Data/Hora (Z) 11/11/2022  0620
** Profundidade local 1497
** 09-1439
** Nome do Operador 1T FILIPE LOPES
# nquan = 24
# nvalues = 1134                                  
# units = specified
# name 0 = scan: Scan Count
# name 1 = timeJ: Julian Days
# name 2 = latitude: Latitude [deg]
# name 3 = longitude: Longitude [deg]
# name 4 = dz/dtM: Descent Rate [m/s]
# name 5 = avgsvCM: Average Sound Velocity [Chen-Millero, m/s]
# name 6 = prDM: Pressure, Digiquartz [db]
# name 7 = depSM: Depth [salt water, m]
# name 8 = t090C: Temperature [ITS-90, deg C]
# name 9 = t190C: Temperature, 2 [ITS-90, deg C]
# name 10 = T2-T190C: Temperature Difference, 2 - 1 [ITS-90, deg C]
# name 11 = potemp090C: Potential Temperature [ITS-90, deg C]
# name 12 = potemp190C: Potential Temperature, 2 [ITS-90, deg C]
# name 13 = potemp90Cdiff: Potential Temperature, Diff, 2 - 1 [ITS-90, deg C]
# name 14 = c0S/m: Conductivity [S/m]
# name 15 = c1S/m: Conductivity, 2 [S/m]
# name 16 = C2-C1S/m: Conductivity Difference, 2 - 1 [S/m]
# name 17 = sal00: Salinity, Practical [PSU]
# name 18 = sal11: Salinity, Practical, 2 [PSU]
# name 19 = sbeox0ML/L: Oxygen, SBE 43 [ml/l]
# name 20 = sigma-é00: Density [sigma-theta, kg/m^3]
# name 21 = sigma-é11: Density, 2 [sigma-theta, kg/m^3]
# name 22 = nbf: Bottles Fired
# name 23 = flag:  0.000e+00
# interval = seconds: 0.0416667
# start_time = Nov 11 2022 06:25:21 [NMEA time, header]
# bad_flag = -9.990e-29
*END*
[from data line 302]
      64513 315.298715  -62.70850  -58.88666     -0.099    1456.51    614.078    607.260    -0.7325    -0.7319     0.0005    -0.7536    -0.7531     0.0005   2.834020   2.834046   0.000026    34.5292    34.5289     5.9312    27.7618    27.7616          4  0.000e+00
      64514 315.298716  -62.70850  -58.88666     -0.098    1456.51    614.021    607.204    -0.7324    -0.7321     0.0003    -0.7535    -0.7532     0.0003   2.834031   2.834075   0.000044    34.5293    34.5295     5.9302    27.7619    27.7621          4  0.000e+00
      64515 315.298716  -62.70850  -58.88666     -0.094    1456.51    614.021    607.204    -0.7323    -0.7323     0.0000    -0.7534    -0.7534     0.0000   2.834054   2.834081   0.000027    34.5294    34.5298     5.9306    27.7621    27.7623          4  0.000e+00
      64516 315.298717  -62.70850  -58.88666     -0.088    1456.51    614.086    607.268    -0.7327    -0.7321     0.0005    -0.7538    -0.7532     0.0005   2.834043   2.834098   0.000055    34.5297    34.5298     5.9310    27.7623    27.7623          4  0.000e+00
      64517 315.298717  -62.70850  -58.88666     -0.087    1456.51    614.021    607.204    -0.7324    -0.7315     0.0009    -0.7535    -0.7526     0.0009   2.834037   2.834109   0.000072    34.5293    34.5293     5.9313    27.7620    27.7619          4  0.000e+00
      64518 315.298718  -62.70850  -58.88666     -0.078    1456.51    614.135    607.316    -0.7325    -0.7317     0.0008    -0.7536    -0.7528     0.0008   2.834054   2.834069   0.000015    34.5296    34.5288     5.9318    27.7622    27.7616          4  0.000e+00
      64519 315.298718  -62.70850  -58.88666     -0.072    1456.51    614.021    607.204    -0.7323    -0.7318     0.0005    -0.7534    -0.7529     0.0005   2.834020   2.834092   0.000072    34.5290    34.5293     5.9320    27.7617    27.7620          5  0.000e+00
      64520 315.298719  -62.70850  -58.88666     -0.069    1456.51    614.086    607.268    -0.7324    -0.7313     0.0011    -0.7535    -0.7524     0.0011   2.834009   2.834149   0.000141    34.5289    34.5296     5.9312    27.7617    27.7621          5  0.000e+00
      64521 315.298719  -62.70850  -58.88666     -0.063    1456.51    614.086    607.268    -0.7322    -0.7304     0.0018    -0.7533    -0.7515     0.0018   2.834048   2.834218   0.000170    34.5292    34.5294     5.9301    27.7619    27.7620          5  0.000e+00
      64522 315.298720  -62.70850  -58.88666     -0.060    1456.51    614.013    607.196    -0.7323    -0.7302     0.0021    -0.7534    -0.7513     0.0021   2.834026   2.834224   0.000198    34.5291    34.5294     5.9290    27.7618    27.7619          5  0.000e+00
      64523 315.298720  -62.70850  -58.88666     -0.052    1456.51    614.086    607.268    -0.7323    -0.7299     0.0024    -0.7534    -0.7511     0.0024   2.834031   2.834252   0.000221    34.5291    34.5294     5.9280    27.7618    27.7619          5  0.000e+00
      64524 315.298721  -62.70850  -58.88666     -0.044    1456.51    614.143    607.324    -0.7320    -0.7298     0.0022    -0.7531    -0.7509     0.0022   2.834054   2.834270   0.000216    34.5290    34.5294     5.9268    27.7617    27.7619          5  0.000e+00
      64525 315.298721  -62.70850  -58.88666     -0.036    1456.51    614.086    607.268    -0.7320    -0.7299     0.0021    -0.7531    -0.7511     0.0021   2.834043   2.834207   0.000164    34.5289    34.5288     5.9269    27.7616    27.7614          5  0.000e+00
      64526 315.298722  -62.70850  -58.88666     -0.032    1456.51    614.086    607.268    -0.7320    -0.7301     0.0019    -0.7531    -0.7512     0.0019   2.834054   2.834189   0.000136    34.5291    34.5287     5.9270    27.7618    27.7614          5  0.000e+00
      64527 315.298722  -62.70850  -58.88666     -0.028    1456.51    614.078    607.260    -0.7322    -0.7301     0.0021    -0.7533    -0.7512     0.0021   2.834043   2.834189   0.000147    34.5291    34.5287     5.9271    27.7618    27.7614          5  0.000e+00
      64528 315.298723  -62.70850  -58.88666     -0.020    1456.51    614.143    607.324    -0.7322    -0.7306     0.0016    -0.7533    -0.7517     0.0016   2.834071   2.834189   0.000119    34.5295    34.5292     5.9259    27.7621    27.7618          5  0.000e+00
      64529 315.298723  -62.70850  -58.88666     -0.016    1456.51    614.086    607.268    -0.7319    -0.7307     0.0012    -0.7530    -0.7518     0.0012   2.834088   2.834167   0.000079    34.5294    34.5291     5.9259    27.7620    27.7617          5  0.000e+00
      64530 315.298723  -62.70850  -58.88666     -0.000    1456.51    614.208    607.388    -0.7318    -0.7309     0.0010    -0.7530    -0.7520     0.0010   2.834093   2.834144   0.000050    34.5293    34.5289     5.9260    27.7620    27.7616          5  0.000e+00
      64531 315.298724  -62.70850  -58.88666      0.001    1456.51    614.078    607.260    -0.7314    -0.7312     0.0002    -0.7525    -0.7523     0.0002   2.834110   2.834155   0.000045    34.5292    34.5295     5.9259    27.7618    27.7621          5  0.000e+00
      64532 315.298724  -62.70850  -58.88664      0.009    1456.51    614.143    607.324    -0.7316    -0.7310     0.0006    -0.7527    -0.7521     0.0006   2.834099   2.834144   0.000045    34.5292    34.5291     5.9261    27.7618    27.7618          5  0.000e+00
      64533 315.298725  -62.70850  -58.88664      0.017    1456.51    614.208    607.389    -0.7314    -0.7307     0.0006    -0.7525    -0.7519     0.0006   2.834127   2.834138   0.000011    34.5292    34.5287     5.9261    27.7619    27.7614          5  0.000e+00
      64534 315.298725  -62.70850  -58.88664      0.025    1456.51    614.143    607.324    -0.7312    -0.7310     0.0002    -0.7524    -0.7521     0.0002   2.834184   2.834138  -0.000046    34.5299    34.5290     5.9261    27.7624    27.7617          5  0.000e+00
      64535 315.298726  -62.70850  -58.88664      0.029    1456.51    614.135    607.316    -0.7309    -0.7310    -0.0001    -0.7521    -0.7521    -0.0001   2.834116   2.834155   0.000039    34.5287    34.5293     5.9261    27.7614    27.7619          5  0.000e+00
      64536 315.298726  -62.70850  -58.88664      0.036    1456.51    614.143    607.324    -0.7308    -0.7312    -0.0004    -0.7519    -0.7523    -0.0004   2.834110   2.834144   0.000033    34.5284    34.5293     5.9261    27.7612    27.7619          5  0.000e+00
      64537 315.298727  -62.70850  -58.88664      0.044    1456.51    614.209    607.389    -0.7311    -0.7313    -0.0002    -0.7522    -0.7524    -0.0002   2.834133   2.834138   0.000005    34.5290    34.5293     5.9263    27.7617    27.7619          5  0.000e+00
      64538 315.298727  -62.70850  -58.88664      0.048    1456.51    614.143    607.324    -0.7311    -0.7312    -0.0001    -0.7522    -0.7523    -0.0001   2.834122   2.834195   0.000074    34.5289    34.5300     5.9263    27.7616    27.7625          5  0.000e+00
      64539 315.298728  -62.70850  -58.88664      0.059    1456.51    614.265    607.445    -0.7314    -0.7309     0.0005    -0.7525    -0.7520     0.0005   2.834116   2.834195   0.000079    34.5291    34.5296     5.9265    27.7617    27.7621          5  0.000e+00
      64540 315.298728  -62.70850  -58.88664      0.062    1456.51    614.135    607.316    -0.7312    -0.7303     0.0010    -0.7524    -0.7514     0.0009   2.834133   2.834207   0.000074    34.5292    34.5291     5.9264    27.7619    27.7617          5  0.000e+00
      64541 315.298729  -62.70850  -58.88664      0.072    1456.51    614.265    607.445    -0.7312    -0.7304     0.0008    -0.7524    -0.7515     0.0008   2.834105   2.834195   0.000090    34.5288    34.5290     5.9266    27.7615    27.7617          5  0.000e+00
      64542 315.298729  -62.70850  -58.88664      0.079    1456.51    614.209    607.389    -0.7311    -0.7301     0.0009    -0.7522    -0.7512     0.0009   2.834110   2.834207   0.000096    34.5287    34.5289     5.9265    27.7614    27.7615          5  0.000e+00
      64543 315.298730  -62.70850  -58.88664      0.088    1456.51    614.266    607.445    -0.7314    -0.7302     0.0012    -0.7525    -0.7514     0.0012   2.834133   2.834235   0.000102    34.5294    34.5294     5.9267    27.7620    27.7619          5  0.000e+00
      64544 315.298730  -62.70850  -58.88664      0.093    1456.51    614.200    607.381    -0.7311    -0.7301     0.0010    -0.7522    -0.7512     0.0010   2.834122   2.834201   0.000079    34.5289    34.5288     5.9266    27.7616    27.7615          5  0.000e+00
      64545 315.298731  -62.70850  -58.88664      0.098    1456.51    614.266    607.445    -0.7309    -0.7299     0.0010    -0.7521    -0.7511     0.0010   2.834156   2.834207   0.000051    34.5291    34.5287     5.9267    27.7618    27.7614          5  0.000e+00
      64546 315.298731  -62.70850  -58.88664      0.110    1456.51    614.323    607.501    -0.7312    -0.7303     0.0010    -0.7524    -0.7514     0.0010   2.834150   2.834172   0.000022    34.5293    34.5286     5.9269    27.7620    27.7613          5  0.000e+00
      64547 315.298732  -62.70850  -58.88664      0.114    1456.51    614.266    607.445    -0.7314    -0.7302     0.0012    -0.7525    -0.7514     0.0012   2.834161   2.834161 -3.378e-07    34.5297    34.5284     5.9269    27.7623    27.7611          5  0.000e+00
      64548 315.298732  -62.70850  -58.88664      0.120    1456.51    614.266    607.445    -0.7312    -0.7309     0.0004    -0.7524    -0.7520     0.0004   2.834150   2.834121  -0.000029    34.5294    34.5286     5.9256    27.7620    27.7613          5  0.000e+00
      64549 315.298733  -62.70850  -58.88664      0.130    1456.51    614.323    607.501    -0.7312    -0.7312     0.0000    -0.7524    -0.7523     0.0000   2.834184   2.834127  -0.000057    34.5298    34.5290     5.9256    27.7623    27.7617          5  0.000e+00
      64550 315.298733  -62.70850  -58.88664      0.136    1456.51    614.323    607.501    -0.7312    -0.7317    -0.0004    -0.7524    -0.7528    -0.0004   2.834156   2.834115  -0.000041    34.5294    34.5293     5.9256    27.7620    27.7620          5  0.000e+00
      64551 315.298734  -62.70850  -58.88664      0.141    1456.51    614.323    607.501    -0.7312    -0.7317    -0.0004    -0.7524    -0.7528    -0.0004   2.834178   2.834144  -0.000034    34.5297    34.5297     5.9256    27.7623    27.7623          5  0.000e+00
      64552 315.298734  -62.70850  -58.88664      0.145    1456.51    614.323    607.501    -0.7309    -0.7314    -0.0005    -0.7520    -0.7525    -0.0005   2.834156   2.834121  -0.000035    34.5290    34.5291     5.9256    27.7617    27.7618          5  0.000e+00
      64553 315.298735  -62.70850  -58.88664      0.155    1456.51    614.323    607.501    -0.7309    -0.7315    -0.0005    -0.7521    -0.7526    -0.0005   2.834184   2.834069  -0.000115    34.5295    34.5285     5.9256    27.7620    27.7613          5  0.000e+00
      64554 315.298735  -62.70850  -58.88664      0.161    1456.51    614.388    607.565    -0.7306    -0.7318    -0.0011    -0.7518    -0.7529    -0.0011   2.834178   2.834092  -0.000086    34.5290    34.5291     5.9327    27.7617    27.7618          5  0.000e+00
      64555 315.298736  -62.70850  -58.88664      0.167    1456.51    614.388    607.566    -0.7309    -0.7318    -0.0009    -0.7520    -0.7529    -0.0009   2.834189   2.834109  -0.000080    34.5294    34.5294     5.9268    27.7620    27.7620          5  0.000e+00
      64556 315.298736  -62.70852  -58.88664      0.172    1456.51    614.388    607.566    -0.7308    -0.7317    -0.0008    -0.7520    -0.7528    -0.0008   2.834178   2.834144  -0.000034    34.5292    34.5297     5.9268    27.7618    27.7623          5  0.000e+00
      64557 315.298736  -62.70852  -58.88664      0.183    1456.51    614.445    607.622    -0.7309    -0.7312    -0.0003    -0.7521    -0.7523    -0.0003   2.834127   2.834201   0.000074    34.5286    34.5299     5.9268    27.7614    27.7624          5  0.000e+00
      64558 315.298737  -62.70852  -58.88664      0.189    1456.51    614.380    607.557    -0.7308    -0.7306     0.0002    -0.7519    -0.7517     0.0002   2.834156   2.834172   0.000017    34.5288    34.5289     5.9267    27.7615    27.7615          5  0.000e+00
      64559 315.298737  -62.70852  -58.88664      0.195    1456.51    614.445    607.622    -0.7309    -0.7302     0.0007    -0.7521    -0.7514     0.0007   2.834110   2.834201   0.000091    34.5284    34.5288     5.9267    27.7612    27.7615          5  0.000e+00
      64560 315.298738  -62.70852  -58.88664      0.196    1456.51    614.388    607.566    -0.7314    -0.7302     0.0012    -0.7525    -0.7514     0.0012   2.834127   2.834195   0.000068    34.5292    34.5288     5.9267    27.7618    27.7614          6  0.000e+00
      64561 315.298738  -62.70852  -58.88664      0.208    1456.51    614.510    607.686    -0.7311    -0.7304     0.0007    -0.7523    -0.7515     0.0007   2.834161   2.834190   0.000028    34.5293    34.5288     5.9267    27.7619    27.7615          6  0.000e+00
      64562 315.298739  -62.70852  -58.88664      0.214    1456.51    614.445    607.622    -0.7314    -0.7309     0.0005    -0.7525    -0.7520     0.0005   2.834110   2.834149   0.000039    34.5289    34.5288     5.9337    27.7616    27.7615          6  0.000e+00
      64563 315.298739  -62.70852  -58.88664      0.220    1456.51    614.510    607.686    -0.7312    -0.7317    -0.0004    -0.7524    -0.7528    -0.0004   2.834127   2.834092  -0.000035    34.5289    34.5289     5.9278    27.7616    27.7616          6  0.000e+00
      64564 315.298740  -62.70852  -58.88664      0.224    1456.51    614.510    607.686    -0.7314    -0.7319    -0.0005    -0.7526    -0.7531    -0.0005   2.834144   2.834041  -0.000104    34.5294    34.5286     5.9277    27.7620    27.7613          6  0.000e+00
      64565 315.298740  -62.70852  -58.88664      0.231    1456.51    614.510    607.686    -0.7312    -0.7326    -0.0013    -0.7524    -0.7537    -0.0013   2.834144   2.834064  -0.000081    34.5292    34.5296     5.9276    27.7618    27.7622          6  0.000e+00
      64566 315.298741  -62.70852  -58.88664      0.233    1456.51    614.502    607.678    -0.7308    -0.7329    -0.0020    -0.7520    -0.7540    -0.0020   2.834161   2.834001  -0.000161    34.5289    34.5291     5.9274    27.7616    27.7618          6  0.000e+00
      64567 315.298741  -62.70852  -58.88664      0.244    1456.51    614.567    607.742    -0.7308    -0.7329    -0.0020    -0.7520    -0.7540    -0.0020   2.834173   2.834012  -0.000161    34.5290    34.5292     5.9273    27.7617    27.7619          6  0.000e+00
      64568 315.298742  -62.70852  -58.88664      0.248    1456.51    614.567    607.742    -0.7311    -0.7330    -0.0020    -0.7522    -0.7542    -0.0020   2.834127   2.834029  -0.000098    34.5287    34.5296     5.9273    27.7614    27.7622          6  0.000e+00
      64569 315.298742  -62.70852  -58.88664      0.254    1456.51    614.567    607.742    -0.7312    -0.7327    -0.0015    -0.7524    -0.7539    -0.0015   2.834116   2.834012  -0.000104    34.5287    34.5290     5.9272    27.7615    27.7618          6  0.000e+00
      64570 315.298743  -62.70852  -58.88664      0.262    1456.51    614.632    607.807    -0.7319    -0.7329    -0.0010    -0.7530    -0.7540    -0.0010   2.834054   2.834041  -0.000013    34.5286    34.5295     5.9273    27.7614    27.7622          6  0.000e+00
      64571 315.298743  -62.70852  -58.88664      0.261    1456.51    614.567    607.742    -0.7321    -0.7323    -0.0002    -0.7533    -0.7534    -0.0002   2.834077   2.834058  -0.000019    34.5292    34.5291     5.9272    27.7619    27.7618          6  0.000e+00
      64572 315.298744  -62.70852  -58.88664      0.267    1456.51    614.632    607.807    -0.7322    -0.7319     0.0002    -0.7533    -0.7531     0.0002   2.834048   2.834092   0.000044    34.5289    34.5292     5.9271    27.7616    27.7619          6  0.000e+00
