Pos-Processados/process_op41/operantar41_020.cnv
* Sea-Bird SBE 9 Data File:
* FileName = C:\Users\Dell\Desktop\OperantarXLI\config\00_BRUTOS\OPE41020.hdr
* Software Version Seasave V 7.26.7.110
* Temperature SN = 6497
* Conductivity SN = 4954
* Number of Bytes Per Scan = 34
* Number of Voltage Words = 3
* Number of Scans Averaged by the Deck Unit = 1
* NMEA Latitude = 62 42.00 S
* NMEA Longitude = 058 53.83 W
* NMEA UTC (Time) = Nov 11 2022 06:25:21
* NMEA baud rate = 4800
** H41
** Navio Polar Almirante Maximiano
** LH-021/2022
** Operantar XLI
** Número da Estação 020
** Latitude 62´41.887S
** Longitude 058 53.875W
** Data/Hora (Z) 11/11/2022  0620
** Profundidade local 1497
** 09-1439
** Nome do Operador 1T FILIPE LOPES
# nquan = 30
# nvalues = 3001                        
# units = specified
# name 0 = scan: Scan Count
# name 1 = timeJ: Julian Days
# name 2 = latitude: Latitude [deg]
# name 3 = longitude: Longitude [deg]
# name 4 = dz/dtM: Descent Rate [m/s]
# name 5 = avgsvCM: Average Sound Velocity [Chen-Millero, m/s]
# name 6 = prDM: Pressure, Digiquartz [db]
# name 7 = depSM: Depth [salt water, m]
# name 8 = t090C: Temperature [ITS-90, deg C]
# name 9 = t190C: Temperature, 2 [ITS-90, deg C]
# name 10 = T2-T190C: Temperature Difference, 2 - 1 [ITS-90, deg C]
# name 11 = potemp090C: Potential Temperature [ITS-90, deg C]
# name 12 = potemp190C: Potential Temperature, 2 [ITS-90, deg C]
# name 13 = potemp90Cdiff: Potential Temperature, Diff, 2 - 1 [ITS-90, deg C]
# name 14 = c0S/m: Conductivity [S/m]
# name 15 = c1S/m: Conductivity, 2 [S/m]
# name 16 = C2-C1S/m: Conductivity Difference, 2 - 1 [S/m]
# name 17 = sal00: Salinity, Practical [PSU]
# name 18 = sal11: Salinity, Practical, 2 [PSU]
# name 19 = sbeox0ML/L: Oxygen, SBE 43 [ml/l]
# name 20 = sigma-é00: Density [sigma-theta, kg/m^3]
# name 21 = sigma-é11: Density, 2 [sigma-theta, kg/m^3]
# name 22 = sal00: Salinity, Practical [PSU]
# name 23 = sigma-é00: Density [sigma-theta, kg/m^3]
# name 24 = svCM: Sound Velocity [Chen-Millero, m/s]
# name 25 = svCM1: Sound Velocity, 2 [Chen-Millero, m/s]
# name 26 = gsw_ptA0: potential temperature [ITS-90, deg C]
# name 27 = gsw_densityA0: density, TEOS-10 [density, kg/m^3]
# name 28 = gsw_saA0: Absolute Salinity [g/kg]
# name 29 = flag:
# span 0 =       2274,      82912       
# span 1 = 315.268700, 315.307588       
# span 2 =  -62.71099,  -62.70052       
# span 3 =  -58.89692,  -58.88298       
# span 4 =     -1.522,      1.337       
# span 5 =       0.00,    1456.51       
# span 6 =      2.000,   1502.000       
# span 7 =      1.973,   1482.185       
# span 8 =    -1.3126,    -0.6244       
# span 9 =    -1.3129,    -0.6245       
# span 10 =    -0.0353,     0.0071      
# span 11 =    -1.3690,    -0.6522      
# span 12 =    -1.3694,    -0.6524      
# span 13 =    -0.0352,     0.0071      
# span 14 =   2.765459,   2.852063      
# span 15 =   2.765537,   2.852099      
# span 16 =  -0.003228,   0.000597      
# span 17 =    34.3455,    34.5569      
# span 18 =    34.3457,    34.5568      
# span 19 =     5.7352,     7.6954      
# span 20 =    27.6209,    27.8076      
# span 21 =    27.6211,    27.8076      
# span 22 =    34.3455,    34.5568      
# span 23 =    27.6209,    27.8076      
# span 24 =    1443.89,    1467.15      
# span 25 =    1443.89,    1467.15      
# span 26 =    -1.3679,    -0.6518      
# span 27 =  1027.6349,  1034.9154      
# span 28 =    34.5074,    34.7288      
# span 29 = 0.0000e+00, 0.0000e+00      
# interval = decibars: 1                
# start_time = Nov 11 2022 06:25:21 [NMEA time, header]
# bad_flag = -9.990e-29
*END*
[from data line 1402]
      37792 315.285829  -62.70554  -58.89069      0.906    1455.65   1404.000   1385.799    -1.2602    -1.2605    -0.0003    -1.3125    -1.3129    -0.0003   2.825780   2.825755  -0.000027    34.5557    34.5558     6.2817    27.8048    27.8048    34.5557    27.8048    1465.76    1465.76    -1.3115  1034.4555    34.7263 0.0000e+00
      37816 315.285841  -62.70554  -58.89068      0.954    1455.86   1405.000   1386.783    -1.2606    -1.2608    -0.0002    -1.3130    -1.3132    -0.0002   2.825775   2.825768  -0.000007    34.5557    34.5558     6.2826    27.8048    27.8049    34.5556    27.8047    1465.77    1465.77    -1.3120  1034.4600    34.7261 0.0000e+00
      37837 315.285851  -62.70554  -58.89068      1.069    1455.86   1406.000   1387.766    -1.2605    -1.2609    -0.0004    -1.3130    -1.3133    -0.0004   2.825846   2.825804  -0.000039    34.5559    34.5558     6.2819    27.8050    27.8049    34.5558    27.8049    1465.79    1465.79    -1.3119  1034.4649    34.7264 0.0000e+00
      37858 315.285861  -62.70554  -58.89068      1.138    1455.86   1407.000   1388.750    -1.2624    -1.2628    -0.0003    -1.3149    -1.3153    -0.0003   2.825712   2.825673  -0.000038    34.5560    34.5558     6.2820    27.8051    27.8050    34.5557    27.8048    1465.80    1465.80    -1.3139  1034.4704    34.7272 0.0000e+00
      37881 315.285872  -62.70554 -9.990e-29      1.105    1455.86   1408.000   1389.734    -1.2635    -1.2637    -0.0002    -1.3161    -1.3162    -0.0002   2.825664   2.825650  -0.000016    34.5559    34.5559     6.2868    27.8051    27.8051    34.5557    27.8049    1465.81    1465.81    -1.3150  1034.4756    34.7278 0.0000e+00
      37904 315.285883  -62.70556 -9.990e-29      1.054    1455.86   1409.000   1390.718    -1.2635    -1.2638    -0.0002    -1.3161    -1.3164    -0.0002   2.825721   2.825691  -0.000026    34.5560    34.5559     6.2851    27.8051    27.8051    34.5559    27.8051    1465.83    1465.83    -1.3151  1034.4805    34.7281 0.0000e+00
      37925 315.285893  -62.70556 -9.990e-29      1.082    1455.86   1410.000   1391.701    -1.2648    -1.2651    -0.0003    -1.3174    -1.3177    -0.0003   2.825628   2.825610  -0.000021    34.5558    34.5558     6.2862    27.8051    27.8051    34.5556    27.8048    1465.84    1465.84    -1.3164  1034.4849    34.7277 0.0000e+00
      37946 315.285903  -62.70556  -58.89066      1.133    1455.86   1411.000   1392.685    -1.2661    -1.2663    -0.0002    -1.3188    -1.3190    -0.0002   2.825567   2.825549  -0.000017    34.5560    34.5559     6.2890    27.8052    27.8052    34.5556    27.8050    1465.85    1465.85    -1.3177  1034.4891    34.7270 0.0000e+00
      37970 315.285915 -9.990e-29  -58.89066      1.081    1455.86   1412.000   1393.669    -1.2671    -1.2672    -0.0000    -1.3198    -1.3199    -0.0000   2.825529   2.825532   0.000003    34.5559    34.5559     6.2771    27.8052    27.8052    34.5557    27.8050    1465.86    1465.86    -1.3188  1034.4874    34.7189 0.0000e+00
      37997 315.285928 -9.990e-29  -58.89066      0.926    1455.86   1413.000   1394.652    -1.2677    -1.2678    -0.0001    -1.3205    -1.3205    -0.0000   2.825511   2.825510  -0.000004    34.5558    34.5558     6.2833    27.8052    27.8051    34.5556    27.8049    1465.87    1465.88    -1.3194  1034.4918    34.7185 0.0000e+00
      38024 315.285941 -9.990e-29  -58.89066      0.871    1455.86   1414.000   1395.636    -1.2682    -1.2686    -0.0004    -1.3210    -1.3214    -0.0004   2.825530   2.825504  -0.000024    34.5558    34.5560     6.2966    27.8052    27.8053    34.5557    27.8051    1465.89    1465.89    -1.3199  1034.4967    34.7187 0.0000e+00
      38048 315.285953  -62.70558  -58.89066      0.934    1455.86   1415.000   1396.620    -1.2678    -1.2677     0.0001    -1.3207    -1.3205     0.0001   2.825601   2.825614   0.000013    34.5558    34.5558     6.2950    27.8052    27.8052    34.5557    27.8051    1465.91    1465.91    -1.3196  1034.5023    34.7200 0.0000e+00
      38070 315.285963  -62.70558  -58.89064      1.041    1455.86   1416.000   1397.603    -1.2694    -1.2688     0.0006    -1.3223    -1.3217     0.0006   2.825518   2.825552   0.000029    34.5562    34.5559     6.2973    27.8055    27.8052    34.5559    27.8053    1465.92    1465.92    -1.3212  1034.5123    34.7265 0.0000e+00
      38092 315.285974  -62.70558  -58.89064      1.112    1455.86   1417.000   1398.588    -1.2698    -1.2700    -0.0002    -1.3227    -1.3229    -0.0002   2.825522   2.825501  -0.000020    34.5560    34.5560     6.2917    27.8054    27.8053    34.5557    27.8052    1465.93    1465.93    -1.3217  1034.5168    34.7263 0.0000e+00
      38115 315.285985  -62.70558  -58.89064      1.083    1455.86   1418.000   1399.571    -1.2708    -1.2710    -0.0002    -1.3237    -1.3240    -0.0002   2.825482   2.825470  -0.000012    34.5560    34.5560     6.2882    27.8054    27.8054    34.5557    27.8052    1465.94    1465.94    -1.3227  1034.5216    34.7263 0.0000e+00
      38137 315.285995  -62.70558  -58.89064      1.050    1455.86   1419.000   1400.555    -1.2711    -1.2711    -0.0001    -1.3241    -1.3242    -0.0001   2.825509   2.825509  -0.000003    34.5560    34.5561     6.2897    27.8055    27.8055    34.5559    27.8053    1465.96    1465.96    -1.3230  1034.5264    34.7265 0.0000e+00
      38158 315.286005  -62.70558  -58.89064      1.093    1455.86   1420.000   1401.538    -1.2707    -1.2708    -0.0000    -1.3238    -1.3238    -0.0000   2.825580   2.825580   0.000002    34.5560    34.5560     6.2944    27.8054    27.8054    34.5559    27.8054    1465.98    1465.98    -1.3227  1034.5310    34.7265 0.0000e+00
      38178 315.286015  -62.70558  -58.89064      1.179    1455.86   1421.000   1402.522    -1.2706    -1.2708    -0.0001    -1.3238    -1.3239    -0.0001   2.825625   2.825613  -0.000008    34.5559    34.5560     6.2900    27.8053    27.8054    34.5558    27.8053    1466.00    1466.00    -1.3227  1034.5356    34.7264 0.0000e+00
      38198 315.286025  -62.70558  -58.89064      1.213    1455.86   1422.000   1403.506    -1.2708    -1.2711    -0.0003    -1.3240    -1.3243    -0.0003   2.825657   2.825637  -0.000025    34.5560    34.5560     6.2992    27.8054    27.8054    34.5559    27.8053    1466.01    1466.01    -1.3229  1034.5403    34.7265 0.0000e+00
      38221 315.286036  -62.70558  -58.89063      1.111    1455.86   1423.000   1404.489    -1.2707    -1.2708    -0.0001    -1.3240    -1.3240    -0.0001   2.825706   2.825699  -0.000002    34.5559    34.5560     6.2950    27.8054    27.8054    34.5559    27.8053    1466.03    1466.03    -1.3229  1034.5450    34.7265 0.0000e+00
      38247 315.286048  -62.70558  -58.89062      0.967    1455.86   1424.000   1405.473    -1.2719    -1.2723    -0.0004    -1.3251    -1.3256    -0.0004   2.825632   2.825610  -0.000023    34.5558    34.5560     6.2939    27.8053    27.8055    34.5556    27.8052    1466.04    1466.04    -1.3241  1034.5496    34.7262 0.0000e+00
      38271 315.286060  -62.70558  -58.89062      0.969    1455.86   1425.000   1406.457    -1.2728    -1.2727     0.0001    -1.3261    -1.3260     0.0001   2.825602   2.825630   0.000024    34.5559    34.5561     6.2964    27.8054    27.8056    34.5557    27.8053    1466.05    1466.05    -1.3250  1034.5543    34.7263 0.0000e+00
      38293 315.286071  -62.70558  -58.89062      1.042    1455.86   1426.000   1407.440    -1.2745    -1.2745    -0.0000    -1.3279    -1.3279    -0.0000   2.825500   2.825502   0.000003    34.5560    34.5561     6.2763    27.8056    27.8056    34.5557    27.8053    1466.06    1466.06    -1.3268  1034.5591    34.7263 0.0000e+00
      38317 315.286082  -62.70560  -58.89060      1.042    1455.86   1427.000   1408.424    -1.2754    -1.2756    -0.0001    -1.3288    -1.3289    -0.0001   2.825473   2.825471  -0.000002    34.5560    34.5561     6.2761    27.8056    27.8057    34.5558    27.8055    1466.07    1466.07    -1.3277  1034.5640    34.7264 0.0000e+00
      38343 315.286095  -62.70560  -58.89060      0.952    1455.86   1428.000   1409.408    -1.2758    -1.2760    -0.0001    -1.3293    -1.3294    -0.0001   2.825484   2.825470  -0.000012    34.5560    34.5560     6.2867    27.8057    27.8056    34.5559    27.8055    1466.09    1466.09    -1.3282  1034.5687    34.7265 0.0000e+00
      38368 315.286107  -62.70560  -58.89060      0.934    1455.86   1429.000   1410.391    -1.2763    -1.2764    -0.0000    -1.3298    -1.3298    -0.0000   2.825494   2.825484  -0.000013    34.5562    34.5560     6.2907    27.8057    27.8057    34.5559    27.8056    1466.10    1466.10    -1.3287  1034.5735    34.7266 0.0000e+00
      38390 315.286117  -62.70561  -58.89060      1.014    1455.86   1430.000   1411.375    -1.2768    -1.2767     0.0000    -1.3303    -1.3303     0.0000   2.825514   2.825506  -0.000010    34.5563    34.5561     6.2938    27.8058    27.8057    34.5562    27.8058    1466.12    1466.12    -1.3292  1034.5783    34.7268 0.0000e+00
      38412 315.286128  -62.70562  -58.89060      1.096    1455.86   1431.000   1412.359    -1.2769    -1.2768     0.0001    -1.3304    -1.3303     0.0001   2.825539   2.825554   0.000014    34.5562    34.5563     6.2956    27.8058    27.8059    34.5561    27.8057    1466.13    1466.13    -1.3294  1034.5829    34.7267 0.0000e+00
      38433 315.286138  -62.70562  -58.89060      1.123    1455.86   1432.000   1413.342    -1.2769    -1.2769    -0.0000    -1.3305    -1.3305    -0.0000   2.825575   2.825567  -0.000004    34.5561    34.5560     6.2950    27.8057    27.8057    34.5560    27.8057    1466.15    1466.15    -1.3294  1034.5875    34.7266 0.0000e+00
      38455 315.286149  -62.70562  -58.89058      1.102    1455.86   1433.000   1414.326    -1.2769    -1.2771    -0.0002    -1.3305    -1.3308    -0.0002   2.825618   2.825606  -0.000013    34.5561    34.5562     6.2962    27.8057    27.8058    34.5560    27.8057    1466.17    1466.16    -1.3295  1034.5929    34.7275 0.0000e+00
      38477 315.286159  -62.70562  -58.89058      1.090    1455.86   1434.000   1415.309    -1.2768    -1.2769    -0.0002    -1.3305    -1.3306    -0.0002   2.825686   2.825667  -0.000017    34.5562    34.5561     6.2949    27.8058    27.8058    34.5562    27.8058    1466.18    1466.18    -1.3294  1034.5970    34.7268 0.0000e+00
      38498 315.286169  -62.70562  -58.89058      1.118    1455.86   1435.000   1416.293    -1.2767    -1.2767    -0.0001    -1.3304    -1.3305    -0.0000   2.825718   2.825711  -0.000011    34.5561    34.5560     6.2940    27.8057    27.8056    34.5560    27.8057    1466.20    1466.20    -1.3294  1034.6015    34.7266 0.0000e+00
      38519 315.286180  -62.70562  -58.89058      1.141    1455.86   1436.000   1417.277    -1.2765    -1.2766    -0.0001    -1.3303    -1.3304    -0.0001   2.825787   2.825784 4.1413e-07    34.5561    34.5562     6.2938    27.8057    27.8058    34.5561    27.8057    1466.22    1466.22    -1.3292  1034.6062    34.7267 0.0000e+00
      38542 315.286191  -62.70562  -58.89058      1.092    1455.86   1437.000   1418.260    -1.2766    -1.2767    -0.0001    -1.3305    -1.3305    -0.0001   2.825801   2.825795  -0.000006    34.5560    34.5560     6.2968    27.8056    27.8057    34.5559    27.8055    1466.23    1466.23    -1.3294  1034.6107    34.7265 0.0000e+00
      38566 315.286202  -62.70562  -58.89058      1.027    1455.86   1438.000   1419.244    -1.2766    -1.2768    -0.0002    -1.3305    -1.3307    -0.0002   2.825865   2.825847  -0.000018    34.5562    34.5561     6.2908    27.8058    27.8057    34.5562    27.8058    1466.25    1466.25    -1.3294  1034.6156    34.7268 0.0000e+00
      38588 315.286213  -62.70563  -58.89058      1.041    1455.86   1439.000   1420.228    -1.2766    -1.2766    -0.0001    -1.3305    -1.3306    -0.0001   2.825900   2.825903   0.000002    34.5560    34.5562     6.2873    27.8056    27.8058    34.5560    27.8057    1466.27    1466.27    -1.3295  1034.6201    34.7267 0.0000e+00
      38610 315.286224  -62.70564  -58.89057      1.077    1455.86   1440.000   1421.211    -1.2763    -1.2764    -0.0000    -1.3303    -1.3304    -0.0000   2.825972   2.825964  -0.000006    34.5561    34.5561     6.2932    27.8058    27.8057    34.5562    27.8058    1466.29    1466.29    -1.3293  1034.6249    34.7268 0.0000e+00
      38634 315.286235  -62.70564  -58.89056      1.047    1455.86   1441.000   1422.195    -1.2766    -1.2765     0.0000    -1.3306    -1.3306     0.0000   2.825965   2.825975   0.000008    34.5559    34.5560     6.2949    27.8056    27.8056    34.5558    27.8055    1466.30    1466.30    -1.3296  1034.6293    34.7264 0.0000e+00
      38660 315.286248  -62.70564  -58.89056      0.963    1455.86   1442.000   1423.178    -1.2781    -1.2781     0.0000    -1.3323    -1.3322     0.0000   2.825895   2.825889  -0.000005    34.5562    34.5561     6.2947    27.8059    27.8058    34.5561    27.8058    1466.31    1466.31    -1.3311  1034.6351    34.7277 0.0000e+00
      38684 315.286259  -62.70564 -9.990e-29      0.958    1455.86   1443.000   1424.162    -1.2786    -1.2789    -0.0003    -1.3327    -1.3330    -0.0003   2.825901   2.825881  -0.000017    34.5561    34.5562     6.2984    27.8058    27.8059    34.5560    27.8058    1466.33    1466.32    -1.3316  1034.6401    34.7282 0.0000e+00
      38705 315.286269  -62.70564 -9.990e-29      1.060    1455.86   1444.000   1425.145    -1.2788    -1.2787     0.0001    -1.3330    -1.3329     0.0001   2.825936   2.825939   0.000004    34.5563    34.5562     6.2950    27.8060    27.8059    34.5562    27.8059    1466.34    1466.34    -1.3319  1034.6450    34.7284 0.0000e+00
      38725 315.286279  -62.70564 -9.990e-29      1.156    1455.86   1445.000   1426.129    -1.2790    -1.2791    -0.0001    -1.3333    -1.3333    -0.0001   2.825960   2.825931  -0.000031    34.5564    34.5560     6.3036    27.8060    27.8058    34.5562    27.8059    1466.36    1466.36    -1.3322  1034.6496    34.7284 0.0000e+00
      38748 315.286290  -62.70564  -58.89054      1.130    1455.86   1446.000   1427.113    -1.2791    -1.2793    -0.0001    -1.3334    -1.3335    -0.0001   2.825977   2.825969  -0.000006    34.5561    34.5561     6.3021    27.8058    27.8058    34.5560    27.8058    1466.37    1466.37    -1.3323  1034.6539    34.7279 0.0000e+00
      38774 315.286303  -62.70565  -58.89054      0.971    1455.86   1447.000   1428.096    -1.2793    -1.2795    -0.0002    -1.3337    -1.3338    -0.0002   2.826017   2.825993  -0.000025    34.5563    34.5561     6.3011    27.8060    27.8058    34.5562    27.8059    1466.39    1466.39    -1.3325  1034.6577    34.7268 0.0000e+00
      38799 315.286315  -62.70566  -58.89054      0.928    1455.86   1448.000   1429.080    -1.2792    -1.2793    -0.0001    -1.3336    -1.3337    -0.0001   2.826062   2.826057 -7.288e-07    34.5561    34.5563     6.2962    27.8059    27.8060    34.5561    27.8059    1466.41    1466.41    -1.3325  1034.6623    34.7268 0.0000e+00
      38820 315.286325  -62.70566  -58.89054      1.046    1455.86   1449.000   1430.063    -1.2792    -1.2794    -0.0002    -1.3337    -1.3338    -0.0002   2.826123   2.826091  -0.000035    34.5565    34.5561     6.3011    27.8061    27.8059    34.5564    27.8061    1466.42    1466.42    -1.3326  1034.6672    34.7271 0.0000e+00
      38839 315.286334  -62.70566  -58.89052      1.181    1455.86   1450.000   1431.047    -1.2794    -1.2794    -0.0001    -1.3338    -1.3339    -0.0000   2.826146   2.826137  -0.000013    34.5563    34.5562     6.3030    27.8060    27.8059    34.5563    27.8060    1466.44    1466.44    -1.3328  1034.6718    34.7270 0.0000e+00
      38857 315.286343  -62.70566  -58.89052      1.262    1455.86   1451.000   1432.030    -1.2792    -1.2793    -0.0001    -1.3338    -1.3339    -0.0001   2.826170   2.826180   0.000009    34.5560    34.5562     6.2964    27.8057    27.8059    34.5559    27.8057    1466.46    1466.46    -1.3327  1034.6762    34.7266 0.0000e+00
