Pos-Processados/process_op41/operantar41_001.cnv
* Sea-Bird SBE 9 Data File:
* FileName = C:\Users\Dell\Desktop\Operantar XLI\Raw\OP41001.hdr
* Software Version Seasave V 7.26.7.110
* Temperature SN = 6497
* Conductivity SN = 4954
* Number of Bytes Per Scan = 31
* Number of Voltage Words = 2
* Number of Scans Averaged by the Deck Unit = 1
* NMEA Latitude = 36 40.13 S
* NMEA Longitude = 048 37.58 W
* NMEA UTC (Time) = Oct 17 2022 11:05:04
* NMEA baud rate = 4800
** H41
** Navio Polar Almirante Maximiano
** LH-021/2022
** Operantar XLI
** Número da Estação 001 LR
** Latitude 36 40.147S
** Longitude 048 37.579W
** Data/Hora (Z) 1105Z
** Profundidade local 4900m
** 09-1439
** Nome do Operador CT Garla
# nquan = 30
# nvalues = 9682                        
# units = specified
# name 0 = scan: Scan Count
# name 1 = timeJ: Julian Days
# name 2 = latitude: Latitude [deg]
# name 3 = longitude: Longitude [deg]
# name 4 = dz/dtM: Descent Rate [m/s]
# name 5 = avgsvCM: Average Sound Velocity [Chen-Millero, m/s]
# name 6 = prDM: Pressure, Digiquartz [db]
# name 7 = depSM: Depth [salt water, m]
# name 8 = t090C: Temperature [ITS-90, deg C]
# name 9 = t190C: Temperature, 2 [ITS-90, deg C]
# name 10 = T2-T190C: Temperature Difference, 2 - 1 [ITS-90, deg C]
# name 11 = potemp090C: Potential Temperature [ITS-90, deg C]
# name 12 = potemp190C: Potential Temperature, 2 [ITS-90, deg C]
# name 13 = potemp90Cdiff: Potential Temperature, Diff, 2 - 1 [ITS-90, deg C]
# name 14 = c0S/m: Conductivity [S/m]
# name 15 = c1S/m: Conductivity, 2 [S/m]
# name 16 = C2-C1S/m: Conductivity Difference, 2 - 1 [S/m]
# name 17 = sal00: Salinity, Practical [PSU]
# name 18 = sal11: Salinity, Practical, 2 [PSU]
# name 19 = sbeox0ML/L: Oxygen, SBE 43 [ml/l]
# name 20 = sigma-é00: Density [sigma-theta, kg/m^3]
# name 21 = sigma-é11: Density, 2 [sigma-theta, kg/m^3]
# name 22 = sal00: Salinity, Practical [PSU]
# name 23 = sigma-é00: Density [sigma-theta, kg/m^3]
# name 24 = svCM: Sound Velocity [Chen-Millero, m/s]
# name 25 = svCM1: Sound Velocity, 2 [Chen-Millero, m/s]
# name 26 = gsw_ptA0: potential temperature [ITS-90, deg C]
# name 27 = gsw_densityA0: density, TEOS-10 [density, kg/m^3]
# name 28 = gsw_saA0: Absolute Salinity [g/kg]
# name 29 = flag:
# span 0 =       5947,     312573       
# span 1 = 290.464719, 290.612590       
# span 2 =  -36.66900,  -36.66876       
# span 3 =  -48.62668,  -48.62640       
# span 4 =     -1.927,      1.632       
# span 5 =       0.00,    1517.75       
# span 6 =      3.000,   4844.000       
# span 7 =      2.963,   4754.360       
# span 8 =     0.2582,    17.5527       
# span 9 =     0.2581,    17.5530       
# span 10 =    -0.1022,     0.0747      
# span 11 =    -0.1083,    17.5520      
# span 12 =    -0.1083,    17.5523      
# span 13 =    -0.1018,     0.0744      
# span 14 =   3.083500,   4.678779      
# span 15 =   3.083491,   4.678660      
# span 16 =  -0.010669,   0.008178      
# span 17 =    34.1885,    36.1095      
# span 18 =    34.1883,    36.1083      
# span 19 =     4.0255,     5.8161      
# span 20 =    26.2325,    27.8431      
# span 21 =    26.2316,    27.8434      
# span 22 =    34.1849,    36.1094      
# span 23 =    26.2325,    27.8430      
# span 24 =    1484.37,    1531.97      
# span 25 =    1484.37,    1531.97      
# span 26 =    -0.1085,    17.5520      
# span 27 =  1026.2501,  1049.7178      
# span 28 =    34.3481,    36.2799      
# span 29 = 0.0000e+00, 0.0000e+00      
# interval = decibars: 1                
# start_time = Oct 17 2022 11:05:04 [NMEA time, header]
# bad_flag = -9.990e-29
*END*
[from data line 146]
      13480 290.468352  -36.66890  -48.62666      0.380    1516.99    150.000    148.844    17.5265    17.5268     0.0004    17.5010    17.5014     0.0004   4.676933   4.676827  -0.000104    36.1060    36.1048     5.1327    26.2424    26.2413    36.1061    26.2424    1518.15    1518.15    17.5010  1026.8985    36.2765 0.0000e+00
      13509 290.468366  -36.66890  -48.62666      0.712    1516.99    151.000    149.833    17.5266    17.5275     0.0009    17.5010    17.5018     0.0009   4.676986   4.676929  -0.000062    36.1060    36.1047     5.1265    26.2424    26.2412    36.1060    26.2424    1518.17    1518.17    17.5010  1026.9028    36.2765 0.0000e+00
      13542 290.468382  -36.66890  -48.62664      0.760    1516.99    152.000    150.824    17.5267    17.5272     0.0005    17.5009    17.5014     0.0005   4.677035   4.676951  -0.000085    36.1059    36.1048     5.1299    26.2423    26.2413    36.1060    26.2424    1518.18    1518.19    17.5009  1026.9071    36.2765 0.0000e+00
      13611 290.468415  -36.66890  -48.62665      0.296    1516.99    153.000    151.819    17.5269    17.5273     0.0004    17.5009    17.5013     0.0004   4.677078   4.676990  -0.000089    36.1058    36.1047     5.1451    26.2422    26.2412    36.1058    26.2422    1518.20    1518.20    17.5009  1026.9113    36.2763 0.0000e+00
      13674 290.468446  -36.66890  -48.62666      0.459    1516.99    154.000    152.809    17.5270    17.5274     0.0003    17.5009    17.5012     0.0003   4.677149   4.677058  -0.000090    36.1058    36.1048     5.1403    26.2422    26.2413    36.1059    26.2423    1518.22    1518.22    17.5009  1026.9157    36.2763 0.0000e+00
      13800 290.468507  -36.66890  -48.62665      0.295    1516.99    155.000    153.805    17.5272    17.5275     0.0004    17.5009    17.5013     0.0004   4.677202   4.677120  -0.000083    36.1059    36.1048     5.1305    26.2423    26.2414    36.1059    26.2423    1518.24    1518.24    17.5009  1026.9200    36.2763 0.0000e+00
      13925 290.468567  -36.66890  -48.62664      0.222    1516.99    156.000    154.791    17.5277    17.5278     0.0001    17.5012    17.5013     0.0001   4.677318   4.677193  -0.000125    36.1059    36.1047     5.1397    26.2423    26.2413    36.1060    26.2423    1518.25    1518.25    17.5012  1026.9244    36.2765 0.0000e+00
      13977 290.468592  -36.66890  -48.62666      0.527    1516.99    157.000    155.784    17.5268    17.5274     0.0007    17.5001    17.5008     0.0007   4.677243   4.677163  -0.000084    36.1059    36.1046     5.1389    26.2425    26.2413    36.1058    26.2424    1518.27    1518.27    17.5001  1026.9289    36.2763 0.0000e+00
      14105 290.468653  -36.66890  -48.62665      0.266    1516.99    158.000    156.780    17.5254    17.5260     0.0007    17.4986    17.4992     0.0007   4.677074   4.677018  -0.000055    36.1052    36.1041     5.1418    26.2423    26.2413    36.1052    26.2423    1518.28    1518.28    17.4986  1026.9331    36.2756 0.0000e+00
      14223 290.468711  -36.66890  -48.62664      0.500    1516.99    159.000    157.768    17.5248    17.5251     0.0003    17.4978    17.4981     0.0003   4.677045   4.676918  -0.000123    36.1050    36.1036     5.1460    26.2424    26.2413    36.1050    26.2424    1518.29    1518.29    17.4978  1026.9375    36.2755 0.0000e+00
      14254 290.468725  -36.66890  -48.62664      0.762    1516.99    160.000    158.760    17.5251    17.5254     0.0003    17.4980    17.4983     0.0003   4.677123   4.677005  -0.000120    36.1051    36.1037     5.1407    26.2424    26.2413    36.1050    26.2423    1518.31    1518.31    17.4980  1026.9418    36.2755 0.0000e+00
      14355 290.468774  -36.66890  -48.62665      0.488    1516.99    161.000    159.760    17.5252    17.5258     0.0006    17.4979    17.4984     0.0006   4.677149   4.677088  -0.000064    36.1049    36.1038     5.1440    26.2422    26.2413    36.1048    26.2422    1518.33    1518.33    17.4979  1026.9460    36.2753 0.0000e+00
      14478 290.468833  -36.66890  -48.62664      0.342    1516.99    162.000    160.742    17.5251    17.5258     0.0006    17.4976    17.4983     0.0006   4.677185   4.677127  -0.000056    36.1048    36.1037     5.1412    26.2422    26.2413    36.1048    26.2422    1518.35    1518.35    17.4977  1026.9504    36.2752 0.0000e+00
      14580 290.468883  -36.66890  -48.62666      0.313    1516.99    163.000    161.745    17.5260    17.5262     0.0001    17.4984    17.4985     0.0001   4.677364   4.677236  -0.000130    36.1051    36.1038     5.1511    26.2423    26.2413    36.1052    26.2424    1518.37    1518.36    17.4984  1026.9549    36.2756 0.0000e+00
      14614 290.468899  -36.66890  -48.62666      0.637    1516.99    164.000    162.728    17.5267    17.5269     0.0002    17.4989    17.4991     0.0002   4.677491   4.677350  -0.000135    36.1052    36.1038     5.1458    26.2422    26.2412    36.1052    26.2423    1518.38    1518.38    17.4989  1026.9591    36.2757 0.0000e+00
      14729 290.468955  -36.66890  -48.62666      0.372    1516.99    165.000    163.731    17.5284    17.5281    -0.0004    17.5004    17.5001    -0.0004   4.677753   4.677579  -0.000173    36.1055    36.1043     5.1331    26.2421    26.2413    36.1056    26.2422    1518.41    1518.40    17.5004  1026.9634    36.2761 0.0000e+00
      14821 290.468999  -36.66890  -48.62666      0.371    1517.14    166.000    164.713    17.5291    17.5291    -0.0001    17.5010    17.5009    -0.0001   4.677877   4.677730  -0.000148    36.1056    36.1044     5.1449    26.2421    26.2412    36.1057    26.2421    1518.43    1518.42    17.5010  1026.9676    36.2761 0.0000e+00
      14919 290.469046  -36.66890  -48.62666      0.298    1517.16    167.000    165.701    17.5292    17.5294     0.0001    17.5009    17.5010     0.0001   4.677963   4.677832  -0.000130    36.1059    36.1046     5.1342    26.2423    26.2413    36.1060    26.2424    1518.44    1518.44    17.5009  1026.9722    36.2764 0.0000e+00
      15004 290.469087  -36.66890  -48.62666      0.261    1517.16    168.000    166.699    17.5300    17.5301     0.0002    17.5015    17.5016     0.0002   4.678095   4.677977  -0.000120    36.1060    36.1048     5.1430    26.2422    26.2413    36.1060    26.2423    1518.46    1518.46    17.5015  1026.9764    36.2765 0.0000e+00
      15048 290.469108  -36.66890  -48.62666      0.553    1517.16    169.000    167.681    17.5301    17.5306     0.0005    17.5015    17.5019     0.0005   4.678157   4.678070  -0.000091    36.1060    36.1048     5.1528    26.2423    26.2412    36.1061    26.2423    1518.48    1518.48    17.5015  1026.9808    36.2765 0.0000e+00
      15200 290.469181  -36.66890  -48.62666      0.608    1517.16    170.000    168.702    17.5294    17.5301     0.0007    17.5005    17.5012     0.0007   4.678117   4.678055  -0.000066    36.1060    36.1048     5.1445    26.2425    26.2414    36.1060    26.2425    1518.49    1518.49    17.5005  1026.9853    36.2765 0.0000e+00
      15273 290.469217  -36.66890  -48.62666      0.341    1517.16    171.000    169.670    17.5261    17.5278     0.0017    17.4971    17.4988     0.0017   4.677731   4.677795   0.000068    36.1053    36.1044     5.1409    26.2427    26.2417    36.1051    26.2426    1518.50    1518.50    17.4971  1026.9898    36.2756 0.0000e+00
      15371 290.469264  -36.66890  -48.62666      0.395    1517.16    172.000    170.685    17.5239    17.5244     0.0005    17.4947    17.4952     0.0005   4.677516   4.677434  -0.000087    36.1049    36.1037     5.1347    26.2431    26.2420    36.1049    26.2430    1518.51    1518.51    17.4947  1026.9945    36.2753 0.0000e+00
      15472 290.469313  -36.66890  -48.62666      0.764    1517.16    173.000    171.654    17.5247    17.5250     0.0003    17.4953    17.4956     0.0003   4.677646   4.677536  -0.000105    36.1049    36.1037     5.1399    26.2429    26.2419    36.1049    26.2429    1518.53    1518.53    17.4953  1026.9988    36.2754 0.0000e+00
      15490 290.469321  -36.66890  -48.62666      1.078    1517.16    174.000    172.646    17.5249    17.5252     0.0003    17.4954    17.4957     0.0003   4.677711   4.677594  -0.000119    36.1048    36.1035     5.1528    26.2428    26.2418    36.1049    26.2429    1518.55    1518.54    17.4954  1027.0031    36.2753 0.0000e+00
      15511 290.469332  -36.66890  -48.62666      1.197    1517.16    175.000    173.638    17.5251    17.5254     0.0003    17.4954    17.4957     0.0003   4.677770   4.677663  -0.000104    36.1048    36.1036     5.1624    26.2428    26.2418    36.1049    26.2429    1518.56    1518.56    17.4954  1027.0074    36.2753 0.0000e+00
      15571 290.469361  -36.66890  -48.62667      0.463    1517.16    176.000    174.628    17.5249    17.5254     0.0006    17.4950    17.4956     0.0006   4.677783   4.677707  -0.000078    36.1048    36.1036     5.1513    26.2429    26.2419    36.1048    26.2429    1518.58    1518.58    17.4950  1027.0118    36.2752 0.0000e+00
      15639 290.469394  -36.66890  -48.62668      0.440    1517.16    177.000    175.621    17.5250    17.5254     0.0004    17.4950    17.4953     0.0004   4.677875   4.677768  -0.000106    36.1050    36.1037     5.1390    26.2430    26.2420    36.1050    26.2431    1518.59    1518.59    17.4950  1027.0163    36.2755 0.0000e+00
      15672 290.469409  -36.66890  -48.62668      0.702    1517.16    178.000    176.613    17.5255    17.5258     0.0003    17.4953    17.4956     0.0003   4.677976   4.677817  -0.000143    36.1051    36.1035     5.1496    26.2431    26.2418    36.1051    26.2431    1518.61    1518.61    17.4953  1027.0206    36.2756 0.0000e+00
      15713 290.469429  -36.66890  -48.62666      0.601    1517.16    179.000    177.605    17.5256    17.5260     0.0004    17.4952    17.4956     0.0004   4.678021   4.677916  -0.000105    36.1050    36.1038     5.1474    26.2430    26.2419    36.1050    26.2430    1518.63    1518.63    17.4952  1027.0249    36.2755 0.0000e+00
      15756 290.469450  -36.66890  -48.62666      0.543    1517.16    180.000    178.596    17.5256    17.5260     0.0004    17.4951    17.4954     0.0004   4.678064   4.677955  -0.000111    36.1050    36.1037     5.1507    26.2430    26.2419    36.1050    26.2430    1518.65    1518.65    17.4951  1027.0293    36.2755 0.0000e+00
      15791 290.469467  -36.66890  -48.62666      0.672    1517.16    181.000    179.588    17.5255    17.5261     0.0006    17.4948    17.4954     0.0006   4.678095   4.678013  -0.000083    36.1049    36.1037     5.1515    26.2430    26.2420    36.1050    26.2431    1518.66    1518.66    17.4948  1027.0336    36.2754 0.0000e+00
      15840 290.469490  -36.66890  -48.62667      0.500    1517.16    182.000    180.577    17.5258    17.5262     0.0004    17.4950    17.4953     0.0004   4.678156   4.678067  -0.000092    36.1048    36.1037     5.1368    26.2429    26.2419    36.1048    26.2429    1518.68    1518.68    17.4950  1027.0378    36.2753 0.0000e+00
      15886 290.469512  -36.66890  -48.62668      0.512    1517.16    183.000    181.576    17.5258    17.5263     0.0005    17.4948    17.4952     0.0005   4.678218   4.678104  -0.000115    36.1050    36.1035     5.1512    26.2431    26.2419    36.1050    26.2431    1518.70    1518.70    17.4948  1027.0424    36.2755 0.0000e+00
      15917 290.469527  -36.66890  -48.62666      0.736    1517.16    184.000    182.565    17.5261    17.5265     0.0004    17.4949    17.4953     0.0004   4.678276   4.678183  -0.000094    36.1048    36.1037     5.1474    26.2429    26.2420    36.1048    26.2429    1518.71    1518.71    17.4949  1027.0465    36.2753 0.0000e+00
      15959 290.469548  -36.66890  -48.62667      0.605    1517.16    185.000    183.553    17.5264    17.5267     0.0003    17.4950    17.4953     0.0003   4.678340   4.678242  -0.000099    36.1047    36.1036     5.1389    26.2429    26.2419    36.1048    26.2429    1518.73    1518.73    17.4950  1027.0508    36.2753 0.0000e+00
      16018 290.469576  -36.66890  -48.62666      0.348    1517.16    186.000    184.551    17.5264    17.5268     0.0004    17.4948    17.4952     0.0004   4.678394   4.678289  -0.000103    36.1048    36.1036     5.1315    26.2429    26.2419    36.1048    26.2430    1518.75    1518.75    17.4948  1027.0552    36.2753 0.0000e+00
      16060 290.469596  -36.66890  -48.62666      0.551    1517.16    187.000    185.537    17.5267    17.5270     0.0003    17.4950    17.4953     0.0003   4.678473   4.678366  -0.000108    36.1048    36.1036     5.1548    26.2429    26.2419    36.1048    26.2429    1518.77    1518.76    17.4950  1027.0595    36.2753 0.0000e+00
      16134 290.469632  -36.66890  -48.62666      0.243    1517.16    188.000    186.535    17.5268    17.5272     0.0004    17.4949    17.4953     0.0004   4.678512   4.678423  -0.000094    36.1047    36.1035     5.1450    26.2429    26.2419    36.1047    26.2429    1518.78    1518.78    17.4949  1027.0638    36.2752 0.0000e+00
      16170 290.469650  -36.66890  -48.62667      0.606    1517.16    189.000    187.522    17.5266    17.5271     0.0005    17.4946    17.4950     0.0005   4.678564   4.678462  -0.000102    36.1049    36.1036     5.1377    26.2431    26.2419    36.1049    26.2431    1518.80    1518.80    17.4946  1027.0684    36.2754 0.0000e+00
      16198 290.469663  -36.66890  -48.62667      0.827    1517.16    190.000    188.514    17.5268    17.5272     0.0004    17.4946    17.4950     0.0004   4.678622   4.678514  -0.000106    36.1048    36.1035     5.1448    26.2430    26.2419    36.1049    26.2431    1518.82    1518.82    17.4946  1027.0727    36.2754 0.0000e+00
      16246 290.469686  -36.66890  -48.62666      0.525 -9.990e-29    191.000    189.505    17.5272    17.5275     0.0003    17.4948    17.4951     0.0003   4.678692   4.678585  -0.000109    36.1047    36.1035     5.1259    26.2429    26.2419    36.1047    26.2429    1518.83    1518.83    17.4948  1027.0768    36.2752 0.0000e+00
      16297 290.469711  -36.66890  -48.62666      0.469    1517.32    192.000    190.498    17.5275    17.5278     0.0003    17.4949    17.4952     0.0003   4.678779   4.678660  -0.000114    36.1048    36.1036     5.1273    26.2429    26.2419    36.1049    26.2430    1518.85    1518.85    17.4949  1027.0813    36.2754 0.0000e+00
      17558 290.470319  -36.66889  -48.62665      0.523    1517.38    193.000    191.488    17.5143    17.5152     0.0010    17.4815    17.4824     0.0010   4.677136   4.677122  -0.000029    36.1022    36.1011     5.1304    26.2442    26.2431    36.1020    26.2441    1518.83    1518.83    17.4815  1027.0867    36.2725 0.0000e+00
      19849 290.471423  -36.66888  -48.62662      0.417    1517.38    194.000    192.485    17.4907    17.4913     0.0005    17.4578    17.4584     0.0005   4.674244   4.674177  -0.000065    36.0976    36.0965     5.1021    26.2464    26.2455    36.0975    26.2464    1518.77    1518.77    17.4579  1027.0935    36.2680 0.0000e+00
      19808 290.471404  -36.66888  -48.62664      0.629    1517.38    195.000    193.472    17.4906    17.4914     0.0008    17.4575    17.4583     0.0008   4.674290   4.674217  -0.000072    36.0978    36.0964     5.1066    26.2466    26.2454    36.0976    26.2465    1518.78    1518.79    17.4576  1027.0979    36.2681 0.0000e+00
      19836 290.471418  -36.66888  -48.62664      0.806    1517.38    196.000    194.464    17.4873    17.4887     0.0014    17.4540    17.4554     0.0014   4.673929   4.673885  -0.000041    36.0975    36.0958     5.1106    26.2473    26.2457    36.0971    26.2470    1518.79    1518.79    17.4540  1027.1028    36.2676 0.0000e+00
