Pos-Processados/process_op41/operantar41_007.ros
* Sea-Bird SBE 9 Data File:
* FileName = C:\Users\Dell\Desktop\OperantarXLI\config\00_BRUTOS\OP41007.hdr
* Software Version Seasave V 7.26.7.110
* Temperature SN = 6497
* Conductivity SN = 4954
* Number of Bytes Per Scan = 31
* Number of Voltage Words = 2
* Number of Scans Averaged by the Deck Unit = 1
* NMEA Latitude = 42 10.83 S
* NMEA Longitude = 052 56.87 W
* NMEA UTC (Time) = Oct 22 2022 04:55:15
* NMEA baud rate = 4800
** H41
** Navio Polar Almirante Maximiano
** LH-021/2022
** Operantar XLI
** Número da Estação 007
** Latitude 42 10.857'S
** Longitude 052 56.879W
** Data/Hora (Z) 22/10/2022 0455Z
** Profundidade local 5627 m
** 09-1439
** Nome do Operador 1T FILIPE LOPES
# nquan = 24
# nvalues = 1404                                  
# units = specified
# name 0 = scan: Scan Count
# name 1 = timeJ: Julian Days
# name 2 = latitude: Latitude [deg]
# name 3 = longitude: Longitude [deg]
# name 4 = dz/dtM: Descent Rate [m/s]
# name 5 = avgsvCM: Average Sound Velocity [Chen-Millero, m/s]
# name 6 = prDM: Pressure, Digiquartz [db]
# name 7 = depSM: Depth [salt water, m]
# name 8 = t090C: Temperature [ITS-90, deg C]
# name 9 = t190C: Temperature, 2 [ITS-90, deg C]
# name 10 = T2-T190C: Temperature Difference, 2 - 1 [ITS-90, deg C]
# name 11 = potemp090C: Potential Temperature [ITS-90, deg C]
# name 12 = potemp190C: Potential Temperature, 2 [ITS-90, deg C]
# name 13 = potemp90Cdiff: Potential Temperature, Diff, 2 - 1 [ITS-90, deg C]
# name 14 = c0S/m: Conductivity [S/m]
# name 15 = c1S/m: Conductivity, 2 [S/m]
# name 16 = C2-C1S/m: Conductivity Difference, 2 - 1 [S/m]
# name 17 = sal00: Salinity, Practical [PSU]
# name 18 = sal11: Salinity, Practical, 2 [PSU]
# name 19 = sbeox0ML/L: Oxygen, SBE 43 [ml/l]
# name 20 = sigma-é00: Density [sigma-theta, kg/m^3]
# name 21 = sigma-é11: Density, 2 [sigma-theta, kg/m^3]
# name 22 = nbf: Bottles Fired
# name 23 = flag:  0.000e+00
# interval = seconds: 0.0416667
# start_time = Oct 22 2022 04:55:15 [NMEA time, header]
# bad_flag = -9.990e-29
*END*
[from data line 182]
      56338 295.232203  -42.16924  -52.93910     -0.083    1475.52     45.129     44.769    10.8900    10.8896    -0.0004    10.8845    10.8841    -0.0004   3.862697   3.862670  -0.000027    34.6705    34.6706     6.0499    26.5397    26.5399          3  0.000e+00
      56339 295.232204  -42.16924  -52.93910     -0.074    1475.52     45.129     44.769    10.8899    10.8897    -0.0001    10.8844    10.8843    -0.0001   3.862640   3.862716   0.000076    34.6700    34.6709     6.0500    26.5394    26.5401          3  0.000e+00
      56340 295.232204  -42.16924  -52.93910     -0.069    1475.52     45.089     44.729    10.8897    10.8898     0.0001    10.8842    10.8843     0.0001   3.862595   3.862761   0.000166    34.6697    34.6713     6.0545    26.5392    26.5404          3  0.000e+00
      56341 295.232205  -42.16924  -52.93910     -0.063    1475.52     45.129     44.769    10.8896    10.8901     0.0005    10.8841    10.8846     0.0005   3.862538   3.862716   0.000178    34.6693    34.6706     6.0506    26.5389    26.5398          3  0.000e+00
      56342 295.232205  -42.16924  -52.93910     -0.050    1475.52     45.193     44.833    10.8887    10.8898     0.0010    10.8832    10.8843     0.0010   3.862525   3.862625   0.000100    34.6699    34.6699     6.0508    26.5395    26.5393          3  0.000e+00
      56343 295.232206  -42.16924  -52.93910     -0.043    1475.52     45.129     44.769    10.8885    10.8894     0.0009    10.8831    10.8839     0.0009   3.862449   3.862625   0.000176    34.6694    34.6703     6.0508    26.5391    26.5397          3  0.000e+00
      56344 295.232206  -42.16924  -52.93910     -0.040    1475.52     45.129     44.769    10.8874    10.8892     0.0019    10.8819    10.8838     0.0019   3.862290   3.862606   0.000316    34.6689    34.6703     6.0510    26.5389    26.5397          3  0.000e+00
      56345 295.232207  -42.16924  -52.93910     -0.029    1475.52     45.193     44.833    10.8856    10.8891     0.0035    10.8801    10.8836     0.0035   3.862150   3.862548   0.000398    34.6692    34.6698     6.0513    26.5395    26.5394          3  0.000e+00
      56346 295.232207  -42.16924  -52.93910     -0.025    1475.52     45.072     44.713    10.8844    10.8891     0.0047    10.8790    10.8836     0.0047   3.861991   3.862612   0.000621    34.6687    34.6705     6.0510    26.5393    26.5399          3  0.000e+00
      56347 295.232208  -42.16924  -52.93910     -0.012    1475.52     45.274     44.913    10.8828    10.8905     0.0078    10.8773    10.8850     0.0078   3.861819   3.862909   0.001090    34.6685    34.6720     6.0514    26.5394    26.5408          3  0.000e+00
      56348 295.232208  -42.16922  -52.93908     -0.008    1475.52     45.129     44.769    10.8816    10.8928     0.0112    10.8762    10.8873     0.0111   3.861749   3.863161   0.001412    34.6689    34.6725     6.0515    26.5400    26.5408          3  0.000e+00
      56349 295.232209  -42.16922  -52.93908      0.000    1475.52     45.193     44.833    10.8811    10.8943     0.0132    10.8757    10.8889     0.0132   3.861667   3.863290   0.001623    34.6685    34.6722     6.0516    26.5398    26.5403          3  0.000e+00
      56350 295.232209  -42.16922  -52.93908      0.004    1475.52     45.129     44.769    10.8811    10.8957     0.0146    10.8757    10.8903     0.0146   3.861590   3.863393   0.001803    34.6678    34.6720     6.0516    26.5392    26.5399          3  0.000e+00
      56351 295.232210  -42.16922  -52.93908      0.016    1475.52     45.250     44.889    10.8803    10.8962     0.0159    10.8748    10.8907     0.0159   3.861520   3.863342   0.001821    34.6678    34.6710     6.0518    26.5394    26.5390          3  0.000e+00
      56352 295.232210  -42.16922  -52.93908      0.016    1475.52     45.129     44.769    10.8798    10.8956     0.0158    10.8743    10.8901     0.0158   3.861482   3.863316   0.001834    34.6680    34.6714     6.0518    26.5396    26.5394          3  0.000e+00
      56353 295.232211  -42.16922  -52.93908      0.027    1475.52     45.250     44.889    10.8800    10.8962     0.0162    10.8745    10.8907     0.0162   3.861571   3.863335   0.001764    34.6686    34.6710     6.0475    26.5401    26.5390          3  0.000e+00
      56354 295.232211  -42.16922  -52.93908      0.030    1475.52     45.153     44.793    10.8810    10.8967     0.0158    10.8755    10.8913     0.0157   3.861686   3.863445   0.001759    34.6689    34.6716     6.0508    26.5401    26.5393          3  0.000e+00
      56355 295.232212  -42.16922  -52.93908      0.041    1475.52     45.250     44.889    10.8823    10.8978     0.0156    10.8768    10.8923     0.0156   3.861864   3.863580   0.001717    34.6694    34.6718     6.0507    26.5403    26.5394          3  0.000e+00
      56356 295.232212  -42.16922  -52.93908      0.048    1475.52     45.250     44.889    10.8836    10.8983     0.0147    10.8781    10.8928     0.0147   3.861934   3.863638   0.001705    34.6688    34.6720     6.0505    26.5396    26.5394          3  0.000e+00
      56357 295.232213  -42.16922  -52.93908      0.052    1475.52     45.193     44.833    10.8842    10.8986     0.0144    10.8788    10.8932     0.0144   3.861978   3.863574   0.001596    34.6687    34.6710     6.0500    26.5394    26.5386          3  0.000e+00
      56358 295.232213  -42.16922  -52.93908      0.058    1475.52     45.250     44.889    10.8841    10.8986     0.0145    10.8786    10.8931     0.0145   3.861953   3.863574   0.001621    34.6686    34.6710     6.0496    26.5393    26.5386          3  0.000e+00
      56359 295.232214  -42.16922  -52.93908      0.065    1475.52     45.250     44.889    10.8838    10.8983     0.0145    10.8783    10.8928     0.0145   3.861946   3.863555   0.001608    34.6688    34.6711     6.0491    26.5395    26.5387          3  0.000e+00
      56360 295.232214  -42.16922  -52.93908      0.071    1475.52     45.250     44.889    10.8844    10.8984     0.0140    10.8789    10.8929     0.0140   3.862023   3.863626   0.001603    34.6689    34.6717     6.0485    26.5395    26.5392          3  0.000e+00
      56361 295.232215  -42.16922  -52.93908      0.077    1475.52     45.306     44.945    10.8857    10.8990     0.0133    10.8802    10.8935     0.0133   3.862074   3.863651   0.001578    34.6682    34.6714     6.0439    26.5387    26.5388          3  0.000e+00
      56362 295.232215  -42.16922  -52.93908      0.088    1475.52     45.274     44.913    10.8862    10.8994     0.0132    10.8807    10.8939     0.0132   3.862163   3.863671   0.001508    34.6686    34.6712     6.0433    26.5390    26.5386          3  0.000e+00
      56363 295.232215  -42.16922  -52.93908      0.089    1475.52     45.306     44.945    10.8880    10.9002     0.0121    10.8825    10.8947     0.0121   3.862334   3.863735   0.001401    34.6686    34.6711     6.0427    26.5386    26.5384          3  0.000e+00
      56364 295.232216  -42.16922  -52.93908      0.093    1475.52     45.250     44.889    10.8902    10.8999     0.0097    10.8848    10.8944     0.0097   3.862589   3.863755   0.001166    34.6691    34.6716     6.0418    26.5386    26.5388          3  0.000e+00
      56365 295.232216  -42.16922  -52.93908      0.100    1475.52     45.306     44.945    10.8918    10.8998     0.0080    10.8863    10.8943     0.0080   3.862786   3.863677   0.000891    34.6695    34.6709     6.0412    26.5387    26.5383          3  0.000e+00
      56366 295.232217  -42.16922  -52.93908      0.111    1475.52     45.371     45.009    10.8933    10.8991     0.0058    10.8878    10.8936     0.0058   3.862951   3.863600   0.000648    34.6698    34.6708     6.0407    26.5386    26.5383          3  0.000e+00
      56367 295.232217  -42.16922  -52.93908      0.114    1475.52     45.306     44.945    10.8941    10.8982     0.0040    10.8887    10.8927     0.0040   3.863072   3.863509   0.000437    34.6702    34.6708     6.0357    26.5388    26.5385          3  0.000e+00
      56368 295.232218  -42.16922  -52.93908      0.121    1475.52     45.371     45.009    10.8951    10.8973     0.0021    10.8896    10.8918     0.0021   3.863174   3.863380   0.000206    34.6703    34.6703     6.0348    26.5386    26.5383          3  0.000e+00
      56369 295.232218  -42.16922  -52.93908      0.127    1475.52     45.330     44.969    10.8953    10.8967     0.0014    10.8898    10.8912     0.0014   3.863174   3.863290   0.000116    34.6701    34.6700     6.0384    26.5385    26.5381          3  0.000e+00
      56370 295.232219  -42.16922  -52.93908      0.135    1475.52     45.371     45.009    10.8954    10.8953    -0.0001    10.8899    10.8898    -0.0001   3.863187   3.863225   0.000039    34.6702    34.6707     6.0337    26.5385    26.5389          3  0.000e+00
      56371 295.232219  -42.16922  -52.93908      0.139    1475.52     45.371     45.009    10.8956    10.8943    -0.0013    10.8901    10.8888    -0.0013   3.863174   3.863213   0.000038    34.6698    34.6714     6.0330    26.5382    26.5396          3  0.000e+00
      56372 295.232220  -42.16922  -52.93908      0.146    1475.52     45.427     45.065    10.8958    10.8943    -0.0015    10.8903    10.8887    -0.0015   3.863187   3.863232   0.000045    34.6698    34.6717     6.0323    26.5381    26.5399          3  0.000e+00
      56373 295.232220  -42.16922  -52.93908      0.152    1475.52     45.371     45.009    10.8953    10.8945    -0.0008    10.8898    10.8890    -0.0008   3.863098   3.863296   0.000199    34.6694    34.6721     6.0317    26.5379    26.5402          3  0.000e+00
      56374 295.232221  -42.16922  -52.93908      0.158    1475.52     45.427     45.065    10.8943    10.8949     0.0006    10.8888    10.8894     0.0006   3.863009   3.863284   0.000275    34.6694    34.6715     6.0313    26.5381    26.5397          3  0.000e+00
      56375 295.232221  -42.16922  -52.93908      0.163    1475.52     45.427     45.065    10.8932    10.8958     0.0026    10.8877    10.8903     0.0026   3.862920   3.863355   0.000435    34.6695    34.6714     6.0309    26.5384    26.5394          3  0.000e+00
      56376 295.232222  -42.16922  -52.93908      0.172    1475.52     45.451     45.089    10.8925    10.8969     0.0045    10.8870    10.8914     0.0045   3.862894   3.863432   0.000538    34.6700    34.6711     6.0305    26.5389    26.5390          3  0.000e+00
      56377 295.232222  -42.16922  -52.93908      0.178    1475.52     45.492     45.129    10.8944    10.8970     0.0026    10.8889    10.8915     0.0026   3.863098   3.863497   0.000399    34.6701    34.6717     6.0297    26.5386    26.5394          3  0.000e+00
      56378 295.232223  -42.16922  -52.93908      0.187    1475.52     45.492     45.129    10.8974    10.8966    -0.0009    10.8919    10.8911    -0.0009   3.863397   3.863516   0.000119    34.6702    34.6723     6.0294    26.5382    26.5399          3  0.000e+00
      56379 295.232223  -42.16922  -52.93908      0.188    1475.52     45.427     45.065    10.8987    10.8972    -0.0016    10.8932    10.8917    -0.0016   3.863626   3.863516  -0.000110    34.6714    34.6717     6.0287    26.5388    26.5394          3  0.000e+00
      56380 295.232224  -42.16922  -52.93908      0.199    1475.52     45.548     45.185    10.9002    10.8977    -0.0025    10.8947    10.8922    -0.0025   3.863772   3.863542  -0.000230    34.6714    34.6714     6.0282    26.5386    26.5390          3  0.000e+00
      56381 295.232224  -42.16922  -52.93908      0.205    1475.52     45.548     45.185    10.9010    10.8977    -0.0033    10.8955    10.8922    -0.0033   3.863906   3.863497  -0.000409    34.6720    34.6710     6.0278    26.5389    26.5387          3  0.000e+00
      56382 295.232225  -42.16922  -52.93908      0.208    1475.52     45.427     45.065    10.9022    10.8963    -0.0060    10.8967    10.8908    -0.0060   3.863944   3.863484  -0.000460    34.6712    34.6723     6.0277    26.5381    26.5400          3  0.000e+00
      56383 295.232225  -42.16922  -52.93908      0.219    1475.52     45.605     45.241    10.9027    10.8955    -0.0072    10.8972    10.8900    -0.0072   3.863887   3.863380  -0.000506    34.6701    34.6719     6.0276    26.5371    26.5398          3  0.000e+00
      56384 295.232226  -42.16922  -52.93908      0.224    1475.52     45.572     45.209    10.9029    10.8947    -0.0081    10.8973    10.8892    -0.0081   3.863899   3.863297  -0.000603    34.6701    34.6718     6.0323    26.5371    26.5399          3  0.000e+00
      56385 295.232226  -42.16922  -52.93908      0.229    1475.52     45.548     45.185    10.9032    10.8941    -0.0092    10.8977    10.8885    -0.0091   3.863931   3.863329  -0.000602    34.6701    34.6727     6.0281    26.5371    26.5408          3  0.000e+00
      56386 295.232227  -42.16922  -52.93908      0.237    1475.52     45.605     45.241    10.9035    10.8948    -0.0087    10.8980    10.8893    -0.0087   3.864020   3.863471  -0.000550    34.6707    34.6734     6.0280    26.5375    26.5411          3  0.000e+00
      56387 295.232227  -42.16922  -52.93908      0.243    1475.52     45.605     45.241    10.9029    10.8973    -0.0056    10.8973    10.8917    -0.0056   3.864020   3.863690  -0.000330    34.6713    34.6733     6.0279    26.5381    26.5406          3  0.000e+00
      56388 295.232228  -42.16922  -52.93908      0.248    1475.52     45.605     45.241    10.9023    10.8993    -0.0030    10.8968    10.8938    -0.0030   3.863982   3.863755  -0.000227    34.6714    34.6720     6.0280    26.5383    26.5392          3  0.000e+00
      56389 295.232228  -42.16922  -52.93908      0.254    1475.52     45.669     45.305    10.9024    10.8996    -0.0028    10.8968    10.8941    -0.0028   3.863899   3.863729  -0.000171    34.6705    34.6715     6.0329    26.5375    26.5388          3  0.000e+00
      56390 295.232228  -42.16922  -52.93908      0.261    1475.52     45.669     45.305    10.9025    10.8993    -0.0032    10.8970    10.8938    -0.0032   3.863925   3.863619  -0.000306    34.6706    34.6706     6.0334    26.5376    26.5382          3  0.000e+00
      56391 295.232229  -42.16922  -52.93908      0.271    1475.52     45.685     45.321    10.9034    10.8981    -0.0053    10.8978    10.8925    -0.0053   3.863995   3.863510  -0.000485    34.6705    34.6707     6.0294    26.5374    26.5384          3  0.000e+00
      56392 295.232229  -42.16922  -52.93908      0.275    1475.52     45.669     45.305    10.9039    10.8975    -0.0064    10.8983    10.8920    -0.0064   3.864033   3.863329  -0.000704    34.6705    34.6694     6.0338    26.5372    26.5376          3  0.000e+00
      56393 295.232230  -42.16922  -52.93908      0.281    1475.52     45.725     45.361    10.9035    10.8969    -0.0066    10.8980    10.8914    -0.0066   3.864065   3.863174  -0.000891    34.6711    34.6684     6.0344    26.5378    26.5369          3  0.000e+00
      56394 295.232230  -42.16922  -52.93908      0.289    1475.52     45.725     45.361    10.9027    10.8958    -0.0068    10.8971    10.8903    -0.0068   3.864020   3.863142  -0.000879    34.6714    34.6691     6.0351    26.5382    26.5376          3  0.000e+00
      56395 295.232231  -42.16922  -52.93908      0.293    1475.52     45.790     45.425    10.9024    10.8947    -0.0076    10.8968    10.8892    -0.0076   3.863931   3.863090  -0.000841    34.6708    34.6696     6.0358    26.5378    26.5382          3  0.000e+00
      56396 295.232231  -42.16920  -52.93908      0.307    1475.52     45.790     45.425    10.9019    10.8935    -0.0083    10.8963    10.8880    -0.0083   3.863836   3.863077  -0.000759    34.6703    34.6706     6.0365    26.5375    26.5392          3  0.000e+00
