Pos-Processados/process_op41/operantar41_009.cnv
* Sea-Bird SBE 9 Data File:
* FileName = C:\Users\Dell\Desktop\OperantarXLI\config\00_BRUTOS\OPE41009.hdr
* Software Version Seasave V 7.26.7.110
* Temperature SN = 6497
* Conductivity SN = 4954
* Number of Bytes Per Scan = 31
* Number of Voltage Words = 2
* Number of Scans Averaged by the Deck Unit = 1
* NMEA Latitude = 42 49.84 S
* NMEA Longitude = 052 15.44 W
* NMEA UTC (Time) = Oct 23 2022 04:30:44
* NMEA baud rate = 4800
** H41
** Navio Polar Almirante Maximiano
** LH-021/2022
** Operantar XLI
** Número da Estação 009
** Latitude 42 49.421' S
** Longitude 52 14.906' W
** Data/Hora (Z) 23/10/2022 0403Z
** Profundidade local 5745 m
** 09-1439
** Nome do Operador CT Garla
# nquan = 30
# nvalues = 2047                        
# units = specified
# name 0 = scan: Scan Count
# name 1 = timeJ: Julian Days
# name 2 = latitude: Latitude [deg]
# name 3 = longitude: Longitude [deg]
# name 4 = dz/dtM: Descent Rate [m/s]
# name 5 = avgsvCM: Average Sound Velocity [Chen-Millero, m/s]
# name 6 = prDM: Pressure, Digiquartz [db]
# name 7 = depSM: Depth [salt water, m]
# name 8 = t090C: Temperature [ITS-90, deg C]
# name 9 = t190C: Temperature, 2 [ITS-90, deg C]
# name 10 = T2-T190C: Temperature Difference, 2 - 1 [ITS-90, deg C]
# name 11 = potemp090C: Potential Temperature [ITS-90, deg C]
# name 12 = potemp190C: Potential Temperature, 2 [ITS-90, deg C]
# name 13 = potemp90Cdiff: Potential Temperature, Diff, 2 - 1 [ITS-90, deg C]
# name 14 = c0S/m: Conductivity [S/m]
# name 15 = c1S/m: Conductivity, 2 [S/m]
# name 16 = C2-C1S/m: Conductivity Difference, 2 - 1 [S/m]
# name 17 = sal00: Salinity, Practical [PSU]
# name 18 = sal11: Salinity, Practical, 2 [PSU]
# name 19 = sbeox0ML/L: Oxygen, SBE 43 [ml/l]
# name 20 = sigma-é00: Density [sigma-theta, kg/m^3]
# name 21 = sigma-é11: Density, 2 [sigma-theta, kg/m^3]
# name 22 = sal00: Salinity, Practical [PSU]
# name 23 = sigma-é00: Density [sigma-theta, kg/m^3]
# name 24 = svCM: Sound Velocity [Chen-Millero, m/s]
# name 25 = svCM1: Sound Velocity, 2 [Chen-Millero, m/s]
# name 26 = gsw_ptA0: potential temperature [ITS-90, deg C]
# name 27 = gsw_densityA0: density, TEOS-10 [density, kg/m^3]
# name 28 = gsw_saA0: Absolute Salinity [g/kg]
# name 29 = flag:
# span 0 =        612,      61199       
# span 1 = 296.188304, 296.217522       
# span 2 =  -42.84097,  -42.83078       
# span 3 =  -52.27886,  -52.25768       
# span 4 =     -1.745,      1.512       
# span 5 =       0.00,    1564.87       
# span 6 =      3.000,   1029.000       
# span 7 =      2.983,   1018.320       
# span 8 =     3.5795,    14.6320       
# span 9 =     3.5794,    14.6321       
# span 10 =    -0.0683,     0.1746      
# span 11 =     3.5059,    14.6298      
# span 12 =     3.5060,    14.6299      
# span 13 =    -0.0681,     0.1741      
# span 14 =   3.195866,   4.311765      
# span 15 =   3.195667,   4.311702      
# span 16 =  -0.007079,   0.018727      
# span 17 =    34.1626,    35.6141      
# span 18 =    34.1631,    35.6133      
# span 19 =     4.9326,     6.0449      
# span 20 =    26.4469,    27.1996      
# span 21 =    26.4464,    27.1989      
# span 22 =    34.1609,    35.6142      
# span 23 =    26.4471,    27.1997      
# span 24 =    1480.60,    1510.81      
# span 25 =    1480.60,    1510.81      
# span 26 =     3.5058,    14.6298      
# span 27 =  1026.4798,  1031.9514      
# span 28 =    34.3236,    35.7828      
# span 29 = 0.0000e+00, 0.0000e+00      
# interval = decibars: 1                
# start_time = Oct 23 2022 04:30:44 [NMEA time, header]
# bad_flag = -9.990e-29
*END*
[from data line 1741]
      48223 296.211265  -42.83864  -52.27430     -0.595    1493.18    308.000    305.333    14.1847    14.1847    -0.0000    14.1394    14.1394    -0.0000   4.288452   4.288413  -0.000058    35.5837    35.5832     5.2737    26.6088    26.6084    35.5847    26.6095    1509.86    1509.86    14.1394  1027.9697    35.7532 0.0000e+00
      48242 296.211274  -42.83864  -52.27432     -0.966    1493.18    307.000    304.342    14.1870    14.1870     0.0001    14.1418    14.1419     0.0001   4.288678   4.288631  -0.000035    35.5842    35.5838     5.2760    26.6087    26.6084    35.5851    26.6093    1509.85    1509.85    14.1418  1027.9651    35.7536 0.0000e+00
      48258 296.211281  -42.83864  -52.27432     -1.274    1493.18    306.000    303.352    14.1883    14.1884     0.0001    14.1433    14.1434     0.0001   4.288779   4.288734  -0.000031    35.5845    35.5841     5.2782    26.6086    26.6083    35.5852    26.6091    1509.84    1509.84    14.1433  1027.9605    35.7537 0.0000e+00
      48274 296.211289  -42.83864  -52.27432     -1.462    1493.18    305.000    302.361    14.1892    14.1891    -0.0001    14.1443    14.1442    -0.0001   4.288848   4.288774  -0.000072    35.5849    35.5843     5.2716    26.6087    26.6083    35.5854    26.6091    1509.82    1509.82    14.1443  1027.9561    35.7540 0.0000e+00
      48292 296.211298  -42.83866  -52.27434     -1.452    1493.18    304.000    301.371    14.1894    14.1893    -0.0001    14.1447    14.1446    -0.0001   4.288820   4.288766  -0.000053    35.5849    35.5845     5.2685    26.6086    26.6083    35.5854    26.6090    1509.81    1509.81    14.1447  1027.9516    35.7539 0.0000e+00
      48319 296.211311  -42.83866  -52.27434     -1.090    1493.18    303.000    300.383    14.1885    14.1892     0.0007    14.1439    14.1446     0.0007   4.288659   4.288694   0.000029    35.5849    35.5845     5.2729    26.6087    26.6083    35.5851    26.6089    1509.79    1509.79    14.1439  1027.9471    35.7536 0.0000e+00
      48363 296.211332  -42.83866  -52.27435     -0.517    1493.18    302.000    299.386    14.1881    14.1890     0.0009    14.1437    14.1446     0.0009   4.288604   4.288640   0.000043    35.5850    35.5846     5.2778    26.6089    26.6084    35.5854    26.6092    1509.77    1509.77    14.1437  1027.9430    35.7539 0.0000e+00
      48394 296.211347  -42.83866  -52.27436     -0.683    1493.18    301.000    298.399    14.1900    14.1901     0.0002    14.1457    14.1459     0.0002   4.288803   4.288781  -0.000023    35.5854    35.5851     5.2599    26.6088    26.6085    35.5859    26.6092    1509.76    1509.76    14.1457  1027.9386    35.7544 0.0000e+00
      48416 296.211357  -42.83868  -52.27438     -0.952    1493.18    300.000    297.408    14.1943    14.1936    -0.0008    14.1502    14.1494    -0.0008   4.289330   4.289179  -0.000141    35.5865    35.5859     5.2736    26.6087    26.6083    35.5872    26.6092    1509.76    1509.76    14.1502  1027.9342    35.7558 0.0000e+00
      48435 296.211367  -42.83868  -52.27438     -1.152    1493.18    299.000    296.417    14.1972    14.1968    -0.0003    14.1532    14.1528    -0.0003   4.289621   4.289528  -0.000086    35.5870    35.5866     5.2831    26.6085    26.6082    35.5877    26.6089    1509.75    1509.75    14.1532  1027.9295    35.7562 0.0000e+00
      48455 296.211376  -42.83868  -52.27438     -1.225    1493.18    298.000    295.427    14.1984    14.1980    -0.0004    14.1546    14.1542    -0.0004   4.289708   4.289599  -0.000100    35.5874    35.5868     5.2763    26.6084    26.6081    35.5878    26.6087    1509.74    1509.74    14.1546  1027.9249    35.7563 0.0000e+00
      48480 296.211388  -42.83868  -52.27439     -1.086    1493.18    297.000    294.436    14.1991    14.1984    -0.0007    14.1554    14.1547    -0.0007   4.289744   4.289593  -0.000161    35.5876    35.5868     5.2618    26.6084    26.6080    35.5878    26.6086    1509.72    1509.72    14.1555  1027.9204    35.7564 0.0000e+00
      48516 296.211406  -42.83869  -52.27441     -0.722    1493.18    296.000    293.445    14.1963    14.1984     0.0021    14.1527    14.1549     0.0021   4.289378   4.289576   0.000184    35.5873    35.5870     5.2759    26.6087    26.6081    35.5875    26.6089    1509.70    1509.71    14.1528  1027.9163    35.7560 0.0000e+00
      48554 296.211424  -42.83870  -52.27442     -0.608    1493.18    295.000    292.455    14.2004    14.2006     0.0002    14.1570    14.1572     0.0002   4.289861   4.289812  -0.000027    35.5881    35.5876     5.2848    26.6084    26.6081    35.5886    26.6088    1509.70    1509.70    14.1570  1027.9119    35.7571 0.0000e+00
      48580 296.211437  -42.83870  -52.27442     -0.799    1493.18    294.000    291.464    14.2059    14.2044    -0.0014    14.1626    14.1612    -0.0014   4.290360   4.290322 -5.030e-07    35.5886    35.5887     5.2829    26.6083    26.6080    35.5886    26.6077    1509.70    1509.69    14.1626  1027.9063    35.7571 0.0000e+00
      48601 296.211447  -42.83870  -52.27444     -1.020    1493.18    293.000    290.473    14.2100    14.2095    -0.0005    14.1668    14.1663    -0.0005   4.290981   4.290876  -0.000106    35.5904    35.5899     5.2835    26.6082    26.6079    35.5910    26.6086    1509.70    1509.70    14.1668  1027.9028    35.7596 0.0000e+00
      48622 296.211457  -42.83871  -52.27444     -1.143    1493.18    292.000    289.483    14.2117    14.2108    -0.0009    14.1687    14.1679    -0.0009   4.291151   4.290989  -0.000156    35.5907    35.5901     5.2708    26.6080    26.6077    35.5914    26.6085    1509.69    1509.68    14.1688  1027.8983    35.7599 0.0000e+00
      48647 296.211469  -42.83872  -52.27445     -1.055    1493.18    291.000    288.492    14.2141    14.2142     0.0001    14.1712    14.1714     0.0001   4.291341   4.291365  -0.000041    35.5913    35.5908     5.2743    26.6079    26.6075    35.5914    26.6080    1509.68    1509.68    14.1712  1027.8934    35.7600 0.0000e+00
      48682 296.211486  -42.83872  -52.27447     -0.730    1493.18    290.000    287.502    14.2084    14.2152     0.0068    14.1657    14.1725     0.0068   4.290725   4.291405   0.000694    35.5909    35.5910     5.2909    26.6087    26.6074    35.5913    26.6091    1509.64    1509.66    14.1657  1027.8902    35.7599 0.0000e+00
      48715 296.211502  -42.83872  -52.27448     -0.686    1493.18    289.000    286.511    14.2180    14.2181     0.0001    14.1754    14.1756     0.0002   4.291852   4.291839  -0.000020    35.5925    35.5922     5.2806    26.6080    26.6077    35.5934    26.6086    1509.66    1509.66    14.1755  1027.8852    35.7619 0.0000e+00
      48738 296.211513  -42.83873  -52.27449     -0.892    1493.18    288.000    285.520    14.2259    14.2258    -0.0001    14.1835    14.1834    -0.0001   4.292871   4.292716  -0.000084    35.5946    35.5939     5.2824    26.6078    26.6073    35.5959    26.6088    1509.67    1509.67    14.1835  1027.8810    35.7645 0.0000e+00
      48757 296.211522  -42.83874  -52.27450     -1.115    1493.18    287.000    284.529    14.2314    14.2288    -0.0026    14.1891    14.1865    -0.0026   4.293466   4.293067  -0.000370    35.5957    35.5947     5.2808    26.6075    26.6072    35.5969    26.6084    1509.67    1509.66    14.1891  1027.8761    35.7654 0.0000e+00
      48775 296.211531  -42.83874  -52.27450     -1.279    1493.18    286.000    283.539    14.2355    14.2336    -0.0019    14.1934    14.1914    -0.0019   4.293903   4.293659  -0.000270    35.5967    35.5960     5.2764    26.6074    26.6072    35.5975    26.6080    1509.67    1509.67    14.1934  1027.8713    35.7661 0.0000e+00
      48795 296.211540  -42.83874  -52.27450     -1.290    1493.18    285.000    282.548    14.2365    14.2362    -0.0003    14.1945    14.1942    -0.0003   4.294005   4.293897  -0.000090    35.5971    35.5966     5.2703    26.6074    26.6071    35.5979    26.6080    1509.66    1509.66    14.1946  1027.8670    35.7665 0.0000e+00
      48827 296.211556  -42.83874  -52.27452     -0.915    1493.18    284.000    281.557    14.2338    14.2336    -0.0001    14.1919    14.1918    -0.0001   4.293567   4.293521  -0.000073    35.5967    35.5961     5.2682    26.6076    26.6072    35.5968    26.6078    1509.63    1509.63    14.1919  1027.8623    35.7654 0.0000e+00
      48878 296.211580  -42.83875  -52.27454     -0.404    1493.18    283.000    280.567    14.2367    14.2380     0.0013    14.1950    14.1963     0.0013   4.293946   4.294036   0.000103    35.5974    35.5971     5.2873    26.6075    26.6071    35.5981    26.6081    1509.63    1509.63    14.1950  1027.8582    35.7666 0.0000e+00
      48908 296.211595  -42.83876  -52.27455     -0.679    1493.18    282.000    279.576    14.2421    14.2437     0.0015    14.2006    14.2021     0.0015   4.294613   4.294747   0.000132    35.5987    35.5985     5.2930    26.6073    26.6068    35.5997    26.6081    1509.63    1509.63    14.2006  1027.8538    35.7682 0.0000e+00
      48928 296.211604  -42.83876  -52.27456     -0.982    1493.18    281.000    278.585    14.2451    14.2455     0.0004    14.2037    14.2041     0.0004   4.294920   4.294896  -0.000010    35.5994    35.5990     5.2857    26.6072    26.6068    35.6002    26.6078    1509.62    1509.62    14.2037  1027.8491    35.7687 0.0000e+00
      48947 296.211614  -42.83876  -52.27456     -1.197    1493.18    280.000    277.595    14.2465    14.2463    -0.0002    14.2052    14.2050    -0.0002   4.295013   4.294936  -0.000076    35.5997    35.5992     5.2816    26.6071    26.6068    35.6001    26.6075    1509.61    1509.61    14.2053  1027.8444    35.7687 0.0000e+00
      48976 296.211628  -42.83878  -52.27457     -1.004    1493.18    279.000    276.605    14.2459    14.2458    -0.0001    14.2047    14.2047    -0.0001   4.294893   4.294817  -0.000078    35.5997    35.5991     5.2778    26.6073    26.6068    35.6001    26.6075    1509.59    1509.59    14.2047  1027.8401    35.7686 0.0000e+00
      49031 296.211654  -42.83878  -52.27459     -0.313    1493.18    278.000    275.611    14.2464    14.2475     0.0011    14.2054    14.2065     0.0011   4.294921   4.294985   0.000067    35.5999    35.5995     5.2868    26.6072    26.6067    35.6003    26.6075    1509.58    1509.58    14.2054  1027.8357    35.7688 0.0000e+00
      49057 296.211667  -42.83878  -52.27460     -0.691    1493.18    277.000    274.622    14.2493    14.2506     0.0013    14.2084    14.2098     0.0013   4.295334   4.295507   0.000088    35.6010    35.6006     5.2949    26.6075    26.6068    35.6019    26.6081    1509.57    1509.58    14.2084  1027.8318    35.7704 0.0000e+00
      49073 296.211674  -42.83878  -52.27460     -1.067    1493.18    276.000    273.631    14.2593    14.2611     0.0018    14.2186    14.2204     0.0018   4.296736   4.296785   0.000168    35.6035    35.6034     5.3034    26.6072    26.6067    35.6060    26.6091    1509.59    1509.60    14.2187  1027.8284    35.7746 0.0000e+00
      49087 296.211681  -42.83878  -52.27460     -1.403    1493.18    275.000    272.640    14.2666    14.2669     0.0003    14.2260    14.2264     0.0003   4.297422   4.297436  -0.000008    35.6050    35.6046     5.3043    26.6067    26.6064    35.6061    26.6076    1509.60    1509.60    14.2260  1027.8225    35.7746 0.0000e+00
      49102 296.211688  -42.83878  -52.27461     -1.610    1493.18    274.000    271.650    14.2693    14.2702     0.0009    14.2288    14.2297     0.0009   4.297667   4.297700   0.000053    35.6056    35.6053     5.2951    26.6067    26.6062    35.6063    26.6072    1509.59    1509.59    14.2288  1027.8177    35.7749 0.0000e+00
      49121 296.211697  -42.83879  -52.27462     -1.536    1493.18    273.000    270.663    14.2696    14.2694    -0.0002    14.2293    14.2291    -0.0002   4.297666   4.297564  -0.000128    35.6059    35.6050     5.2885    26.6068    26.6061    35.6064    26.6072    1509.58    1509.57    14.2293  1027.8132    35.7750 0.0000e+00
      49195 296.211733  -42.83881  -52.27465     -0.387    1493.18    272.000    269.653    14.2764    14.2768     0.0005    14.2362    14.2367     0.0005   4.298436   4.298395   0.000003    35.6074    35.6070     5.2989    26.6065    26.6061    35.6078    26.6067    1509.58    1509.58    14.2362  1027.8084    35.7763 0.0000e+00
      49236 296.211753  -42.83882  -52.27466     -0.695    1493.18    271.000    268.678    14.2736    14.2756     0.0020    14.2336    14.2356     0.0020   4.298167   4.298367   0.000159    35.6075    35.6071     5.3057    26.6071    26.6064    35.6082    26.6077    1509.56    1509.57    14.2336  1027.8049    35.7768 0.0000e+00
      49252 296.211761  -42.83882  -52.27466     -1.119    1493.18    270.000    267.687    14.2794    14.2802     0.0008    14.2395    14.2403     0.0008   4.298784   4.298816   0.000047    35.6085    35.6082     5.3045    26.6066    26.6062    35.6090    26.6070    1509.56    1509.56    14.2395  1027.7998    35.7776 0.0000e+00
      49267 296.211768  -42.83882  -52.27467     -1.419    1493.18    269.000    266.696    14.2777    14.2786     0.0009    14.2380    14.2389     0.0009   4.298475   4.298520   0.000030    35.6081    35.6076     5.3026    26.6066    26.6060    35.6081    26.6066    1509.54    1509.54    14.2380  1027.7951    35.7767 0.0000e+00
      49283 296.211776  -42.83882  -52.27468     -1.561    1493.18    268.000    265.705    14.2752    14.2765     0.0013    14.2357    14.2370     0.0013   4.298099   4.298189   0.000098    35.6073    35.6070     5.2993    26.6065    26.6060    35.6073    26.6065    1509.51    1509.52    14.2357  1027.7906    35.7759 0.0000e+00
      49304 296.211786  -42.83882  -52.27468     -1.385    1493.18    267.000    264.714    14.2747    14.2750     0.0004    14.2353    14.2356     0.0004   4.298051   4.298014  -0.000012    35.6073    35.6069     5.3028    26.6066    26.6062    35.6078    26.6070    1509.49    1509.50    14.2353  1027.7866    35.7764 0.0000e+00
      49348 296.211807  -42.83882  -52.27470     -0.619    1493.18    266.000    263.725    14.2762    14.2750    -0.0012    14.2369    14.2357    -0.0012   4.298195   4.297971  -0.000222    35.6080    35.6070     5.3090    26.6068    26.6063    35.6082    26.6069    1509.48    1509.48    14.2369  1027.7822    35.7767 0.0000e+00
      49402 296.211833  -42.83883  -52.27472     -0.434    1493.18    265.000    262.731    14.2746    14.2746    -0.0000    14.2355    14.2355    -0.0000   4.297951   4.297889  -0.000065    35.6075    35.6069     5.3143    26.6067    26.6063    35.6077    26.6069    1509.46    1509.46    14.2355  1027.7778    35.7763 0.0000e+00
      49437 296.211850  -42.83884  -52.27473     -0.646    1493.18    264.000    261.742    14.2752    14.2764     0.0012    14.2362    14.2375     0.0012   4.297952   4.298044   0.000085    35.6077    35.6074     5.3099    26.6067    26.6062    35.6076    26.6066    1509.45    1509.45    14.2362  1027.7731    35.7762 0.0000e+00
      49466 296.211864  -42.83884  -52.27474     -0.796    1493.18    263.000    260.751    14.2714    14.2727     0.0013    14.2326    14.2339     0.0013   4.297413   4.297507   0.000084    35.6069    35.6065     5.3068    26.6068    26.6063    35.6065    26.6066    1509.42    1509.42    14.2326  1027.7687    35.7751 0.0000e+00
      49490 296.211875  -42.83884  -52.27474     -0.935    1493.18    262.000    259.760    14.2683    14.2686     0.0003    14.2296    14.2300     0.0003   4.296952   4.296937  -0.000034    35.6059    35.6053     5.3094    26.6067    26.6062    35.6055    26.6064    1509.39    1509.39    14.2297  1027.7642    35.7741 0.0000e+00
