Pos-Processados/process_op41/operantar41_017.ros
* Sea-Bird SBE 9 Data File:
* FileName = C:\Users\Dell\Desktop\OperantarXLI\config\00_BRUTOS\OPE41017.hdr
* Software Version Seasave V 7.26.7.110
* Temperature SN = 6497
* Conductivity SN = 4954
* Number of Bytes Per Scan = 34
* Number of Voltage Words = 3
* Number of Scans Averaged by the Deck Unit = 1
* NMEA Latitude = 62 13.33 S
* NMEA Longitude = 058 12.09 W
* NMEA UTC (Time) = Nov 09 2022 17:12:58
* NMEA baud rate = 4800
** H41
** Navio Polar Almirante Maximiano
** LH-021/2022
** Operantar XLI
** Número da Estação 017
** Latitude 62 13.278'S
** Longitude 058 12.242'W
** Data/Hora (Z) 09/11/2022 1710Z
** Profundidade local 350 m
** 09-1439
** Nome do Operador CT Garla
# nquan = 24
# nvalues = 839                                   
# units = specified
# name 0 = scan: Scan Count
# name 1 = timeJ: Julian Days
# name 2 = latitude: Latitude [deg]
# name 3 = longitude: Longitude [deg]
# name 4 = dz/dtM: Descent Rate [m/s]
# name 5 = avgsvCM: Average Sound Velocity [Chen-Millero, m/s]
# name 6 = prDM: Pressure, Digiquartz [db]
# name 7 = depSM: Depth [salt water, m]
# name 8 = t090C: Temperature [ITS-90, deg C]
# name 9 = t190C: Temperature, 2 [ITS-90, deg C]
# name 10 = T2-T190C: Temperature Difference, 2 - 1 [ITS-90, deg C]
# name 11 = potemp090C: Potential Temperature [ITS-90, deg C]
# name 12 = potemp190C: Potential Temperature, 2 [ITS-90, deg C]
# name 13 = potemp90Cdiff: Potential Temperature, Diff, 2 - 1 [ITS-90, deg C]
# name 14 = c0S/m: Conductivity [S/m]
# name 15 = c1S/m: Conductivity, 2 [S/m]
# name 16 = C2-C1S/m: Conductivity Difference, 2 - 1 [S/m]
# name 17 = sal00: Salinity, Practical [PSU]
# name 18 = sal11: Salinity, Practical, 2 [PSU]
# name 19 = sbeox0ML/L: Oxygen, SBE 43 [ml/l]
# name 20 = sigma-é00: Density [sigma-theta, kg/m^3]
# name 21 = sigma-é11: Density, 2 [sigma-theta, kg/m^3]
# name 22 = nbf: Bottles Fired
# name 23 = flag:  0.000e+00
# interval = seconds: 0.0416667
# start_time = Nov 09 2022 17:12:58 [NMEA time, header]
# bad_flag = -9.990e-29
*END*
[from data line 665]
      30338 313.731968  -62.22286  -58.18432     -0.041    1451.72      1.502      1.487    -0.1237    -0.1238    -0.0001    -0.1238    -0.1238    -0.0001   2.831975   2.832007   0.000032    34.1857    34.1862     7.4998    27.4551    27.4555         12  0.000e+00
      30339 313.731969  -62.22286  -58.18432     -0.043    1451.72      1.558      1.543    -0.1234    -0.1241    -0.0006    -0.1235    -0.1241    -0.0006   2.831992   2.832007   0.000016    34.1855    34.1864     7.4999    27.4550    27.4557         12  0.000e+00
      30340 313.731969  -62.22286  -58.18432     -0.049    1451.72      1.558      1.543    -0.1235    -0.1242    -0.0007    -0.1235    -0.1243    -0.0007   2.832003   2.831984  -0.000019    34.1857    34.1863     7.5000    27.4551    27.4556         12  0.000e+00
      30341 313.731970  -62.22286  -58.18432     -0.050    1451.72      1.558      1.543    -0.1241    -0.1238     0.0002    -0.1241    -0.1239     0.0002   2.831980   2.832001   0.000021    34.1861    34.1861     7.5002    27.4555    27.4555         12  0.000e+00
      30342 313.731970  -62.22286  -58.18432     -0.059    1451.72      1.502      1.487    -0.1244    -0.1239     0.0005    -0.1244    -0.1239     0.0005   2.831958   2.832013   0.000055    34.1862    34.1864     7.4939    27.4555    27.4557         12  0.000e+00
      30343 313.731970  -62.22286  -58.18432     -0.060    1451.72      1.558      1.543    -0.1243    -0.1238     0.0005    -0.1244    -0.1238     0.0005   2.831946   2.832030   0.000084    34.1859    34.1864     7.4930    27.4553    27.4557         12  0.000e+00
      30344 313.731971  -62.22286  -58.18432     -0.058    1451.72      1.558      1.543    -0.1241    -0.1238     0.0003    -0.1241    -0.1238     0.0003   2.832003   2.832019   0.000016    34.1864    34.1863     7.4992    27.4557    27.4556         12  0.000e+00
      30345 313.731971  -62.22286  -58.18432     -0.066    1451.72      1.502      1.487    -0.1237    -0.1238    -0.0001    -0.1237    -0.1238    -0.0001   2.832008   2.832007  -0.000001    34.1860    34.1862     7.4991    27.4554    27.4555         12  0.000e+00
      30346 313.731972  -62.22286  -58.18432     -0.063    1451.72      1.558      1.543    -0.1237    -0.1234     0.0003    -0.1238    -0.1235     0.0003   2.832020   2.832053   0.000033    34.1862    34.1864     7.4991    27.4555    27.4556         12  0.000e+00
      30347 313.731972  -62.22286  -58.18432     -0.064    1451.72      1.550      1.535    -0.1234    -0.1233     0.0002    -0.1235    -0.1233     0.0002   2.832025   2.832047   0.000022    34.1860    34.1861     7.4990    27.4553    27.4554         12  0.000e+00
      30348 313.731973  -62.22286  -58.18432     -0.068    1451.72      1.502      1.487    -0.1234    -0.1230     0.0004    -0.1234    -0.1230     0.0004   2.831992   2.832099   0.000107    34.1855    34.1865     7.4998    27.4549    27.4557         12  0.000e+00
      30349 313.731973  -62.22286  -58.18432     -0.068    1451.72      1.558      1.543    -0.1236    -0.1226     0.0010    -0.1237    -0.1227     0.0010   2.832014   2.832099   0.000085    34.1860    34.1861     7.4998    27.4554    27.4554         12  0.000e+00
      30350 313.731974  -62.22286  -58.18432     -0.067    1451.72      1.502      1.487    -0.1236    -0.1228     0.0008    -0.1237    -0.1229     0.0008   2.832025   2.832127   0.000102    34.1862    34.1867     7.4933    27.4555    27.4559         12  0.000e+00
      30351 313.731974  -62.22286  -58.18432     -0.067    1451.72      1.558      1.543    -0.1235    -0.1227     0.0008    -0.1235    -0.1228     0.0008   2.832025   2.832064   0.000039    34.1860    34.1857     7.4985    27.4554    27.4550         12  0.000e+00
      30352 313.731975  -62.22286  -58.18432     -0.069    1451.72      1.502      1.487    -0.1234    -0.1228     0.0006    -0.1235    -0.1229     0.0006   2.832042   2.832059   0.000016    34.1862    34.1858     7.4982    27.4555    27.4551         12  0.000e+00
      30353 313.731975  -62.22286  -58.18432     -0.068    1451.72      1.558      1.543    -0.1232    -0.1234    -0.0002    -0.1232    -0.1235    -0.0002   2.832054   2.832007  -0.000047    34.1861    34.1857     7.4990    27.4554    27.4551         12  0.000e+00
      30354 313.731976  -62.22286  -58.18432     -0.067    1451.72      1.502      1.487    -0.1227    -0.1245    -0.0018    -0.1227    -0.1246    -0.0018   2.832054   2.831904  -0.000150    34.1855    34.1856     7.4986    27.4549    27.4551         12  0.000e+00
      30355 313.731976  -62.22286  -58.18432     -0.065    1451.72      1.558      1.543    -0.1227    -0.1259    -0.0033    -0.1227    -0.1260    -0.0033   2.832076   2.831830  -0.000247    34.1858    34.1862     7.4983    27.4551    27.4556         12  0.000e+00
      30356 313.731977  -62.22286  -58.18430     -0.063    1451.72      1.502      1.487    -0.1224    -0.1267    -0.0043    -0.1225    -0.1268    -0.0043   2.832059   2.831784  -0.000276    34.1853    34.1865     7.4979    27.4548    27.4559         12  0.000e+00
      30357 313.731977  -62.22286  -58.18430     -0.060    1451.72      1.558      1.543    -0.1228    -0.1275    -0.0047    -0.1229    -0.1276    -0.0047   2.832071   2.831789  -0.000281    34.1859    34.1874     7.4977    27.4553    27.4567         12  0.000e+00
      30358 313.731978  -62.22286  -58.18430     -0.059    1451.72      1.502      1.487    -0.1227    -0.1276    -0.0050    -0.1227    -0.1277    -0.0050   2.832082   2.831818  -0.000264    34.1859    34.1880     7.4971    27.4552    27.4571         12  0.000e+00
      30359 313.731978  -62.22286  -58.18430     -0.056    1451.72      1.550      1.535    -0.1229    -0.1273    -0.0044    -0.1230    -0.1274    -0.0044   2.832059   2.831818  -0.000241    34.1858    34.1876     7.4968    27.4552    27.4568         12  0.000e+00
      30360 313.731979  -62.22286  -58.18430     -0.057    1451.72      1.502      1.487    -0.1231    -0.1273    -0.0042    -0.1232    -0.1273    -0.0042   2.832020   2.831864  -0.000156    34.1856    34.1882     7.4963    27.4550    27.4573         12  0.000e+00
      30361 313.731979  -62.22286  -58.18430     -0.053    1451.72      1.558      1.543    -0.1231    -0.1261    -0.0030    -0.1232    -0.1262    -0.0030   2.832020   2.831881  -0.000139    34.1856    34.1870     7.4959    27.4550    27.4563         12  0.000e+00
      30362 313.731980  -62.22286  -58.18430     -0.053    1451.72      1.502      1.487    -0.1235    -0.1258    -0.0023    -0.1235    -0.1258    -0.0023   2.831986   2.831881  -0.000105    34.1856    34.1867     7.4953    27.4550    27.4560         12  0.000e+00
      30363 313.731980  -62.22286  -58.18430     -0.053    1451.72      1.502      1.487    -0.1237    -0.1253    -0.0016    -0.1238    -0.1254    -0.0016   2.831992   2.831898  -0.000093    34.1859    34.1864     7.4947    27.4553    27.4558         12  0.000e+00
      30364 313.731981  -62.22286  -58.18430     -0.048    1451.72      1.502      1.487    -0.1235    -0.1253    -0.0018    -0.1235    -0.1254    -0.0018   2.832020   2.831858  -0.000162    34.1860    34.1859     7.4950    27.4553    27.4553         12  0.000e+00
      30365 313.731981  -62.22286  -58.18430     -0.044    1451.72      1.558      1.543    -0.1241    -0.1256    -0.0016    -0.1241    -0.1257    -0.0016   2.831986   2.831830  -0.000156    34.1862    34.1859     7.4946    27.4555    27.4553         12  0.000e+00
      30366 313.731982  -62.22286  -58.18430     -0.039    1451.72      1.558      1.543    -0.1241    -0.1253    -0.0012    -0.1241    -0.1254    -0.0012   2.831935   2.831864  -0.000071    34.1855    34.1859     7.4939    27.4550    27.4554         12  0.000e+00
      30367 313.731982  -62.22286  -58.18430     -0.042    1451.72      1.502      1.487    -0.1244    -0.1251    -0.0007    -0.1245    -0.1252    -0.0007   2.831941   2.831898  -0.000042    34.1860    34.1862     7.4942    27.4554    27.4556         12  0.000e+00
      30368 313.731983  -62.22286  -58.18430     -0.044    1451.72      1.437      1.424    -0.1244    -0.1250    -0.0007    -0.1244    -0.1251    -0.0007   2.831946   2.831910  -0.000037    34.1860    34.1863     7.4944    27.4554    27.4557         12  0.000e+00
      30369 313.731983  -62.22286  -58.18430     -0.042    1451.72      1.502      1.487    -0.1244    -0.1249    -0.0005    -0.1244    -0.1250    -0.0005   2.831929   2.831961   0.000032    34.1858    34.1868     7.4937    27.4552    27.4561         12  0.000e+00
      30370 313.731984  -62.22286  -58.18430     -0.039    1451.72      1.502      1.487    -0.1243    -0.1245    -0.0002    -0.1244    -0.1246    -0.0002   2.831958   2.831984   0.000026    34.1861    34.1867     7.4929    27.4555    27.4559         12  0.000e+00
      30371 313.731984  -62.22286  -58.18430     -0.038    1451.72      1.558      1.543    -0.1241    -0.1242    -0.0002    -0.1241    -0.1243    -0.0002   2.831975   2.832024   0.000050    34.1860    34.1869     7.4931    27.4554    27.4561         12  0.000e+00
      30372 313.731984  -62.22286  -58.18430     -0.036    1451.72      1.486      1.471    -0.1234    -0.1236    -0.0002    -0.1235    -0.1237    -0.0002   2.832037   2.832076   0.000039    34.1862    34.1869     7.4921    27.4555    27.4561         12  0.000e+00
      30373 313.731985  -62.22286  -58.18430     -0.033    1451.72      1.502      1.487    -0.1231    -0.1232    -0.0001    -0.1231    -0.1232    -0.0001   2.832054   2.832093   0.000039    34.1860    34.1866     7.4922    27.4553    27.4558         12  0.000e+00
      30374 313.731985  -62.22286  -58.18430     -0.033    1451.72      1.502      1.487    -0.1227    -0.1233    -0.0006    -0.1227    -0.1233    -0.0006   2.832054   2.832064   0.000011    34.1855    34.1863     7.4860    27.4549    27.4556         12  0.000e+00
      30375 313.731986  -62.22286  -58.18430     -0.034    1451.72      1.502      1.487    -0.1224    -0.1226    -0.0002    -0.1225    -0.1227    -0.0002   2.832071   2.832082   0.000011    34.1855    34.1859     7.4904    27.4549    27.4552         12  0.000e+00
      30376 313.731986  -62.22286  -58.18430     -0.034    1451.72      1.437      1.424    -0.1224    -0.1225    -0.0002    -0.1224    -0.1226    -0.0002   2.832099   2.832110   0.000011    34.1858    34.1862     7.4905    27.4552    27.4554         12  0.000e+00
      30377 313.731987  -62.22286  -58.18430     -0.034    1451.72      1.502      1.487    -0.1222    -0.1226    -0.0004    -0.1223    -0.1227    -0.0004   2.832127   2.832099  -0.000028    34.1860    34.1861     7.4907    27.4553    27.4554         12  0.000e+00
      30378 313.731987  -62.22286  -58.18430     -0.034    1451.72      1.502      1.487    -0.1220    -0.1228    -0.0009    -0.1220    -0.1229    -0.0009   2.832116   2.832093  -0.000023    34.1856    34.1862     7.4898    27.4549    27.4555         12  0.000e+00
      30379 313.731988  -62.22286  -58.18430     -0.033    1451.72      1.437      1.424    -0.1219    -0.1225    -0.0006    -0.1220    -0.1226    -0.0006   2.832110   2.832087  -0.000023    34.1855    34.1859     7.4898    27.4548    27.4552         12  0.000e+00
      30380 313.731988  -62.22286  -58.18428     -0.036    1451.72      1.502      1.487    -0.1222    -0.1228    -0.0006    -0.1223    -0.1229    -0.0006   2.832087   2.832087 -1.979e-07    34.1855    34.1861     7.4901    27.4548    27.4554         12  0.000e+00
      30381 313.731989  -62.22286  -58.18428     -0.039    1451.72      1.437      1.424    -0.1220    -0.1233    -0.0013    -0.1220    -0.1233    -0.0013   2.832099   2.832030  -0.000069    34.1854    34.1859     7.4911    27.4548    27.4553         12  0.000e+00
      30382 313.731989  -62.22286  -58.18428     -0.037    1451.72      1.502      1.487    -0.1222    -0.1239    -0.0017    -0.1223    -0.1239    -0.0017   2.832110   2.832013  -0.000097    34.1858    34.1864     7.4914    27.4551    27.4557         12  0.000e+00
      30383 313.731990  -62.22286  -58.18428     -0.037    1451.72      1.437      1.424    -0.1220    -0.1242    -0.0023    -0.1220    -0.1243    -0.0023   2.832110   2.831933  -0.000177    34.1855    34.1857     7.4852    27.4549    27.4552         12  0.000e+00
      30384 313.731990  -62.22286  -58.18428     -0.043    1451.72      1.429      1.416    -0.1225    -0.1244    -0.0019    -0.1225    -0.1245    -0.0019   2.832093   2.831944  -0.000149    34.1859    34.1861     7.4908    27.4552    27.4554         12  0.000e+00
      30385 313.731991  -62.22286  -58.18428     -0.041    1451.72      1.502      1.487    -0.1228    -0.1239    -0.0010    -0.1229    -0.1239    -0.0010   2.832020   2.831996  -0.000024    34.1853    34.1861     7.4911    27.4547    27.4555         12  0.000e+00
      30386 313.731991  -62.22286  -58.18428     -0.043    1451.72      1.437      1.424    -0.1231    -0.1238    -0.0007    -0.1231    -0.1238    -0.0007   2.831980   2.832030   0.000050    34.1851    34.1865     7.4914    27.4546    27.4558         12  0.000e+00
      30387 313.731992  -62.22286  -58.18428     -0.051    1451.72      1.381      1.368    -0.1237    -0.1236     0.0001    -0.1238    -0.1237     0.0001   2.831975   2.832059   0.000084    34.1857    34.1867     7.4916    27.4551    27.4559         12  0.000e+00
      30388 313.731992  -62.22286  -58.18428     -0.052    1451.72      1.437      1.424    -0.1237    -0.1233     0.0005    -0.1238    -0.1233     0.0005   2.831952   2.832047   0.000095    34.1854    34.1862     7.4919    27.4549    27.4555         12  0.000e+00
      30389 313.731993  -62.22286  -58.18428     -0.053    1451.72      1.437      1.424    -0.1240    -0.1235     0.0005    -0.1240    -0.1235     0.0005   2.831986   2.832013   0.000027    34.1861    34.1860     7.4921    27.4555    27.4553         12  0.000e+00
      30390 313.731993  -62.22286  -58.18428     -0.054    1451.72      1.437      1.424    -0.1242    -0.1232     0.0010    -0.1242    -0.1232     0.0010   2.831963   2.832030   0.000067    34.1861    34.1858     7.4924    27.4554    27.4552         12  0.000e+00
      30391 313.731994  -62.22286  -58.18428     -0.061    1451.72      1.381      1.368    -0.1241    -0.1234     0.0007    -0.1242    -0.1235     0.0007   2.831929   2.832099   0.000169    34.1856    34.1871     7.4915    27.4551    27.4562         12  0.000e+00
      30392 313.731994  -62.22286  -58.18428     -0.064    1451.72      1.381      1.368    -0.1244    -0.1232     0.0012    -0.1244    -0.1232     0.0012   2.831901   2.832099   0.000197    34.1855    34.1868     7.4907    27.4550    27.4559         12  0.000e+00
      30393 313.731995  -62.22286  -58.18428     -0.064    1451.72      1.437      1.424    -0.1241    -0.1226     0.0014    -0.1241    -0.1227     0.0014   2.831913   2.832110   0.000198    34.1853    34.1863     7.4908    27.4548    27.4555         12  0.000e+00
      30394 313.731995  -62.22286  -58.18428     -0.073    1451.72      1.325      1.312    -0.1238    -0.1222     0.0016    -0.1239    -0.1222     0.0016   2.831980   2.832173   0.000193    34.1860    34.1867     7.4908    27.4553    27.4558         12  0.000e+00
      30395 313.731996  -62.22286  -58.18428     -0.075    1451.72      1.381      1.368    -0.1239    -0.1219     0.0020    -0.1239    -0.1220     0.0020   2.831980   2.832196   0.000216    34.1860    34.1867     7.4909    27.4554    27.4558         12  0.000e+00
      30396 313.731996  -62.22286  -58.18428     -0.075    1451.72      1.429      1.416    -0.1236    -0.1217     0.0019    -0.1237    -0.1218     0.0019   2.831975   2.832219   0.000244    34.1856    34.1867     7.4911    27.4550    27.4559         12  0.000e+00
