Pos-Processados/process_op41/operantar41_008.ros
* Sea-Bird SBE 9 Data File:
* FileName = C:\Users\Dell\Desktop\OperantarXLI\config\00_BRUTOS\OP41008.hdr
* Software Version Seasave V 7.26.7.110
* Temperature SN = 6497
* Conductivity SN = 4954
* Number of Bytes Per Scan = 31
* Number of Voltage Words = 2
* Number of Scans Averaged by the Deck Unit = 1
* NMEA Latitude = 42 30.30 S
* NMEA Longitude = 052 37.08 W
* NMEA UTC (Time) = Oct 22 2022 23:44:28
* NMEA baud rate = 4800
** H41
** Navio Polar Almirante Maximiano
** LH-021/2022
** Operantar XLI
** Número da Estação 008
** Latitude 42 30.175S
** Longitude 52 36.384
** Data/Hora (Z) 22/10/2022 2343Z
** Profundidade local 5665
** 09-1439
** Nome do Operador 1T FILIPE LOPES
# nquan = 24
# nvalues = 1375                                  
# units = specified
# name 0 = scan: Scan Count
# name 1 = timeJ: Julian Days
# name 2 = latitude: Latitude [deg]
# name 3 = longitude: Longitude [deg]
# name 4 = dz/dtM: Descent Rate [m/s]
# name 5 = avgsvCM: Average Sound Velocity [Chen-Millero, m/s]
# name 6 = prDM: Pressure, Digiquartz [db]
# name 7 = depSM: Depth [salt water, m]
# name 8 = t090C: Temperature [ITS-90, deg C]
# name 9 = t190C: Temperature, 2 [ITS-90, deg C]
# name 10 = T2-T190C: Temperature Difference, 2 - 1 [ITS-90, deg C]
# name 11 = potemp090C: Potential Temperature [ITS-90, deg C]
# name 12 = potemp190C: Potential Temperature, 2 [ITS-90, deg C]
# name 13 = potemp90Cdiff: Potential Temperature, Diff, 2 - 1 [ITS-90, deg C]
# name 14 = c0S/m: Conductivity [S/m]
# name 15 = c1S/m: Conductivity, 2 [S/m]
# name 16 = C2-C1S/m: Conductivity Difference, 2 - 1 [S/m]
# name 17 = sal00: Salinity, Practical [PSU]
# name 18 = sal11: Salinity, Practical, 2 [PSU]
# name 19 = sbeox0ML/L: Oxygen, SBE 43 [ml/l]
# name 20 = sigma-é00: Density [sigma-theta, kg/m^3]
# name 21 = sigma-é11: Density, 2 [sigma-theta, kg/m^3]
# name 22 = nbf: Bottles Fired
# name 23 = flag:  0.000e+00
# interval = seconds: 0.0416667
# start_time = Oct 22 2022 23:44:28 [NMEA time, header]
# bad_flag = -9.990e-29
*END*
[from data line 1087]
      66715 296.021386  -42.50846  -52.65600      0.196    1479.23      6.263      6.213    13.9104    13.6828    -0.2276    13.9095    13.6819    -0.2276   4.160886   4.158605  -0.002280    34.7720    34.9579     5.8910    26.0299    26.2210         21  0.000e+00
      66716 296.021386  -42.50846  -52.65600      0.194    1479.23      6.263      6.213    13.9102    13.6831    -0.2271    13.9093    13.6822    -0.2271   4.160886   4.158612  -0.002274    34.7722    34.9576     5.8908    26.0301    26.2208         21  0.000e+00
      66717 296.021387  -42.50846  -52.65600      0.188    1479.23      6.206      6.157    13.9102    13.6836    -0.2266    13.9093    13.6827    -0.2266   4.160892   4.158678  -0.002214    34.7723    34.9578     5.8902    26.0301    26.2208         21  0.000e+00
      66718 296.021387  -42.50846  -52.65600      0.188    1479.23      6.263      6.213    13.9100    13.6836    -0.2264    13.9091    13.6827    -0.2264   4.160886   4.158672  -0.002214    34.7723    34.9577     5.8897    26.0302    26.2208         21  0.000e+00
      66719 296.021388  -42.50846  -52.65600      0.183    1479.23      6.263      6.213    13.9102    13.6843    -0.2259    13.9093    13.6834    -0.2259   4.160833   4.158605  -0.002228    34.7717    34.9565     5.8892    26.0297    26.2196         21  0.000e+00
      66720 296.021388  -42.50846  -52.65600      0.181    1479.23      6.263      6.213    13.9097    13.6845    -0.2252    13.9088    13.6836    -0.2252   4.160820   4.158698  -0.002122    34.7720    34.9572     5.8891    26.0300    26.2201         21  0.000e+00
      66721 296.021389  -42.50846  -52.65600      0.178    1479.23      6.263      6.213    13.9092    13.6850    -0.2242    13.9083    13.6841    -0.2242   4.160787   4.158678  -0.002109    34.7722    34.9565     5.8930    26.0303    26.2195         21  0.000e+00
      66722 296.021389  -42.50846  -52.65600      0.171    1479.23      6.206      6.157    13.9093    13.6853    -0.2240    13.9084    13.6844    -0.2240   4.160840   4.158572  -0.002268    34.7726    34.9553     5.8931    26.0305    26.2185         21  0.000e+00
      66723 296.021390  -42.50846  -52.65600      0.167    1479.23      6.263      6.213    13.9090    13.6858    -0.2232    13.9081    13.6849    -0.2232   4.160859   4.158632  -0.002228    34.7730    34.9554     5.8853    26.0310    26.2185         21  0.000e+00
      66724 296.021390  -42.50846  -52.65600      0.165    1479.23      6.263      6.213    13.9093    13.6862    -0.2232    13.9084    13.6853    -0.2231   4.160820   4.158685  -0.002135    34.7724    34.9555     5.8888    26.0304    26.2185         21  0.000e+00
      66725 296.021391  -42.50846  -52.65600      0.159    1479.23      6.263      6.213    13.9095    13.6865    -0.2230    13.9086    13.6856    -0.2230   4.160873   4.158638  -0.002234    34.7727    34.9548     5.8887    26.0306    26.2179         21  0.000e+00
      66726 296.021391  -42.50846  -52.65600      0.155    1479.23      6.263      6.213    13.9097    13.6868    -0.2228    13.9088    13.6860    -0.2228   4.160833   4.158619  -0.002215    34.7721    34.9543     5.8886    26.0301    26.2174         21  0.000e+00
      66727 296.021392  -42.50846  -52.65600      0.151    1479.23      6.263      6.213    13.9098    13.6872    -0.2227    13.9089    13.6863    -0.2227   4.160846   4.158705  -0.002141    34.7721    34.9548     5.8884    26.0301    26.2177         21  0.000e+00
      66728 296.021392  -42.50846  -52.65600      0.146    1479.23      6.263      6.213    13.9100    13.6876    -0.2224    13.9091    13.6867    -0.2224   4.160859   4.158678  -0.002181    34.7721    34.9541     5.8883    26.0300    26.2171         22  0.000e+00
      66729 296.021393  -42.50846  -52.65600      0.141    1479.23      6.263      6.213    13.9100    13.6879    -0.2222    13.9091    13.6870    -0.2222   4.160853   4.158605  -0.002248    34.7720    34.9532     5.8883    26.0300    26.2164         22  0.000e+00
      66730 296.021393  -42.50846  -52.65600      0.138    1479.23      6.263      6.213    13.9100    13.6882    -0.2218    13.9091    13.6873    -0.2218   4.160853   4.158725  -0.002128    34.7720    34.9541     5.8882    26.0300    26.2169         22  0.000e+00
      66731 296.021394  -42.50846  -52.65600      0.128    1479.23      6.207      6.157    13.9100    13.6887    -0.2213    13.9091    13.6878    -0.2213   4.160879   4.158712  -0.002167    34.7723    34.9535     5.8922    26.0302    26.2164         22  0.000e+00
      66732 296.021394  -42.50846  -52.65600      0.128    1479.23      6.327      6.277    13.9097    13.6891    -0.2206    13.9088    13.6882    -0.2205   4.160807   4.158665  -0.002142    34.7719    34.9526     5.8927    26.0299    26.2156         22  0.000e+00
      66733 296.021395  -42.50846  -52.65600      0.123    1479.23      6.263      6.213    13.9097    13.6894    -0.2203    13.9088    13.6885    -0.2203   4.160807   4.158718  -0.002089    34.7719    34.9529     5.8889    26.0299    26.2158         22  0.000e+00
      66734 296.021395  -42.50846  -52.65600      0.114    1479.23      6.207      6.158    13.9095    13.6897    -0.2198    13.9086    13.6889    -0.2198   4.160813   4.158738  -0.002075    34.7722    34.9528     5.8852    26.0302    26.2156         22  0.000e+00
      66735 296.021396  -42.50846  -52.65600      0.108    1479.23      6.263      6.213    13.9093    13.6904    -0.2189    13.9084    13.6895    -0.2189   4.160814   4.158678  -0.002135    34.7723    34.9516     5.8853    26.0303    26.2146         22  0.000e+00
      66736 296.021396  -42.50846  -52.65600      0.103    1479.23      6.207      6.158    13.9095    13.6904    -0.2191    13.9086    13.6895    -0.2191   4.160820   4.158625  -0.002195    34.7722    34.9511     5.8890    26.0302    26.2142         22  0.000e+00
      66737 296.021397  -42.50846  -52.65600      0.096    1479.23      6.263      6.213    13.9092    13.6910    -0.2182    13.9083    13.6901    -0.2182   4.160787   4.158758  -0.002029    34.7722    34.9518     5.8896    26.0303    26.2146         22  0.000e+00
      66738 296.021397  -42.50846  -52.65600      0.092    1479.23      6.263      6.214    13.9093    13.6912    -0.2181    13.9084    13.6904    -0.2181   4.160781   4.158751  -0.002029    34.7720    34.9515     5.8897    26.0301    26.2143         22  0.000e+00
      66739 296.021398  -42.50846  -52.65600      0.085    1479.23      6.207      6.158    13.9092    13.6916    -0.2176    13.9083    13.6907    -0.2176   4.160807   4.158645  -0.002162    34.7724    34.9502     5.8938    26.0304    26.2133         22  0.000e+00
      66740 296.021398  -42.50846  -52.65602      0.081    1479.23      6.263      6.214    13.9092    13.6919    -0.2172    13.9083    13.6910    -0.2172   4.160787   4.158731  -0.002056    34.7722    34.9507     5.8944    26.0303    26.2136         22  0.000e+00
      66741 296.021399  -42.50846  -52.65602      0.070    1479.23      6.207      6.158    13.9092    13.6923    -0.2168    13.9083    13.6915    -0.2168   4.160807   4.158771  -0.002036    34.7724    34.9507     5.8948    26.0304    26.2135         22  0.000e+00
      66742 296.021399  -42.50846  -52.65602      0.065    1479.23      6.207      6.158    13.9092    13.6928    -0.2164    13.9083    13.6919    -0.2164   4.160794   4.158652  -0.002142    34.7723    34.9492     5.8912    26.0303    26.2122         22  0.000e+00
      66743 296.021399  -42.50846  -52.65602      0.053    1479.23      6.142      6.094    13.9088    13.6933    -0.2156    13.9080    13.6924    -0.2156   4.160781   4.158705  -0.002076    34.7725    34.9493     5.8954    26.0305    26.2122         22  0.000e+00
      66744 296.021400  -42.50846  -52.65602      0.044    1479.23      6.207      6.158    13.9087    13.6934    -0.2152    13.9078    13.6926    -0.2152   4.160702   4.158785  -0.001917    34.7719    34.9498     5.8960    26.0301    26.2126         22  0.000e+00
      66745 296.021400  -42.50846  -52.65602      0.039    1479.23      6.207      6.158    13.9081    13.6937    -0.2145    13.9073    13.6928    -0.2145   4.160702   4.158751  -0.001951    34.7724    34.9493     5.8966    26.0306    26.2121         22  0.000e+00
      66746 296.021401  -42.50846  -52.65602      0.026    1479.23      6.142      6.094    13.9081    13.6943    -0.2138    13.9073    13.6934    -0.2138   4.160709   4.158698  -0.002010    34.7724    34.9482     5.8930    26.0307    26.2112         22  0.000e+00
      66747 296.021401  -42.50846  -52.65602      0.016    1479.23      6.142      6.094    13.9081    13.6944    -0.2137    13.9073    13.6936    -0.2137   4.160689   4.158751  -0.001938    34.7723    34.9486     5.8932    26.0305    26.2114         22  0.000e+00
      66748 296.021402  -42.50846  -52.65602      0.011    1479.23      6.207      6.158    13.9083    13.6948    -0.2135    13.9074    13.6939    -0.2135   4.160781   4.158825  -0.001956    34.7729    34.9489     5.8933    26.0310    26.2116         22  0.000e+00
      66749 296.021402  -42.50846  -52.65602     -0.002    1479.23      6.086      6.038    13.9085    13.6952    -0.2133    13.9076    13.6944    -0.2133   4.160768   4.158705  -0.002063    34.7727    34.9475     5.8971    26.0308    26.2104         22  0.000e+00
      66750 296.021403  -42.50846  -52.65602     -0.008    1479.23      6.143      6.094    13.9087    13.6956    -0.2130    13.9078    13.6948    -0.2130   4.160774   4.158798  -0.001976    34.7726    34.9480     5.8977    26.0307    26.2107         22  0.000e+00
      66751 296.021403  -42.50846  -52.65602     -0.017    1479.23      6.143      6.094    13.9087    13.6958    -0.2128    13.9078    13.6950    -0.2128   4.160748   4.158811  -0.001937    34.7723    34.9479     5.8982    26.0305    26.2106         22  0.000e+00
      66752 296.021404  -42.50846  -52.65602     -0.029    1479.23      6.094      6.046    13.9083    13.6963    -0.2120    13.9075    13.6955    -0.2120   4.160748   4.158718  -0.002030    34.7727    34.9466     5.8987    26.0308    26.2095         22  0.000e+00
      66753 296.021404  -42.50846  -52.65602     -0.038    1479.23      6.086      6.038    13.9081    13.6967    -0.2114    13.9073    13.6959    -0.2114   4.160794   4.158751  -0.002043    34.7733    34.9465     5.8948    26.0313    26.2094         22  0.000e+00
      66754 296.021405  -42.50846  -52.65602     -0.050    1479.23      6.022      5.974    13.9085    13.6973    -0.2112    13.9077    13.6965    -0.2112   4.160735   4.158878  -0.001857    34.7724    34.9472     5.8986    26.0306    26.2098         22  0.000e+00
      66755 296.021405  -42.50846  -52.65602     -0.062    1479.23      6.086      6.038    13.9085    13.6975    -0.2110    13.9076    13.6967    -0.2110   4.160741   4.158804  -0.001937    34.7724    34.9463     5.8992    26.0306    26.2090         22  0.000e+00
      66756 296.021406  -42.50846  -52.65602     -0.066    1479.23      6.086      6.038    13.9087    13.6978    -0.2108    13.9078    13.6970    -0.2108   4.160794   4.158765  -0.002029    34.7728    34.9457     5.8993    26.0308    26.2085         22  0.000e+00
      66757 296.021406  -42.50846  -52.65602     -0.081    1479.23      6.022      5.974    13.9090    13.6984    -0.2106    13.9081    13.6975    -0.2106   4.160846   4.158844  -0.002002    34.7730    34.9459     5.8953    26.0309    26.2085         22  0.000e+00
      66758 296.021407  -42.50846  -52.65602     -0.092    1479.23      6.022      5.974    13.9095    13.6987    -0.2108    13.9086    13.6979    -0.2108   4.160859   4.158878  -0.001982    34.7727    34.9460     5.8954    26.0306    26.2085         22  0.000e+00
      66759 296.021407  -42.50846  -52.65602     -0.099    1479.23      6.022      5.974    13.9097    13.6990    -0.2107    13.9088    13.6982    -0.2107   4.160879   4.158765  -0.002114    34.7727    34.9446     5.8992    26.0305    26.2074         22  0.000e+00
      66760 296.021408  -42.50846  -52.65602     -0.112    1479.23      5.966      5.919    13.9098    13.6994    -0.2104    13.9090    13.6985    -0.2104   4.160886   4.158838  -0.002048    34.7726    34.9450     5.8997    26.0305    26.2076         22  0.000e+00
      66761 296.021408  -42.50846  -52.65602     -0.121    1479.23      6.022      5.974    13.9100    13.6998    -0.2103    13.9092    13.6989    -0.2103   4.160945   4.158904  -0.002040    34.7730    34.9452     5.8994    26.0307    26.2077         22  0.000e+00
      66762 296.021409  -42.50846  -52.65602     -0.133    1479.23      5.966      5.919    13.9102    13.7000    -0.2101    13.9093    13.6992    -0.2101   4.160879   4.158831  -0.002048    34.7723    34.9443     5.8995    26.0301    26.2070         22  0.000e+00
      66763 296.021409  -42.50846  -52.65602     -0.144    1479.23      5.974      5.927    13.9102    13.7006    -0.2096    13.9093    13.6997    -0.2096   4.160931   4.158824  -0.002107    34.7728    34.9438     5.8996    26.0305    26.2064         22  0.000e+00
      66764 296.021410  -42.50846  -52.65604     -0.154    1479.23      5.909      5.863    13.9105    13.7009    -0.2096    13.9096    13.7001    -0.2096   4.160931   4.158917  -0.002014    34.7725    34.9444     5.8996    26.0302    26.2068         22  0.000e+00
      66765 296.021410  -42.50846  -52.65604     -0.161    1479.23      5.966      5.919    13.9102    13.7011    -0.2091    13.9093    13.7002    -0.2091   4.160872   4.158891  -0.001982    34.7722    34.9439     5.8997    26.0301    26.2064         23  0.000e+00
      66766 296.021411  -42.50846  -52.65604     -0.173    1479.23      5.909      5.863    13.9093    13.7017    -0.2076    13.9085    13.7009    -0.2076   4.160826   4.158871  -0.001956    34.7726    34.9432     5.8998    26.0305    26.2057         23  0.000e+00
      66767 296.021411  -42.50846  -52.65604     -0.182    1479.23      5.910      5.863    13.9087    13.7021    -0.2066    13.9078    13.7013    -0.2066   4.160761   4.158931  -0.001830    34.7726    34.9434     5.9000    26.0306    26.2058         23  0.000e+00
      66768 296.021412  -42.50846  -52.65604     -0.193    1479.23      5.845      5.799    13.9077    13.7024    -0.2053    13.9068    13.7016    -0.2052   4.160663   4.158971  -0.001692    34.7726    34.9435     5.9000    26.0309    26.2058         23  0.000e+00
      66769 296.021412  -42.50846  -52.65604     -0.203    1479.23      5.845      5.799    13.9073    13.7026    -0.2047    13.9065    13.7018    -0.2047   4.160617   4.158871  -0.001746    34.7724    34.9424     5.9001    26.0308    26.2049         23  0.000e+00
      66770 296.021413  -42.50846  -52.65604     -0.209    1479.23      5.910      5.863    13.9068    13.7033    -0.2035    13.9060    13.7024    -0.2035   4.160571   4.158944  -0.001627    34.7724    34.9424     5.9006    26.0309    26.2048         23  0.000e+00
      66771 296.021413  -42.50846  -52.65604     -0.224    1479.23      5.789      5.743    13.9065    13.7034    -0.2031    13.9057    13.7026    -0.2031   4.160597   4.158984  -0.001613    34.7730    34.9427     5.9008    26.0315    26.2050         23  0.000e+00
      66772 296.021413  -42.50846  -52.65604     -0.235    1479.23      5.789      5.743    13.9065    13.7038    -0.2027    13.9057    13.7030    -0.2027   4.160545   4.159010  -0.001534    34.7726    34.9427     5.9005    26.0311    26.2049         23  0.000e+00
      66773 296.021414  -42.50846  -52.65604     -0.244    1479.23      5.797      5.751    13.9060    13.7043    -0.2017    13.9051    13.7035    -0.2017   4.160558   4.158937  -0.001621    34.7731    34.9415     5.9005    26.0317    26.2039         23  0.000e+00
      66774 296.021414  -42.50846  -52.65604     -0.252    1479.23      5.789      5.743    13.9060    13.7046    -0.2014    13.9051    13.7038    -0.2014   4.160512   4.158964  -0.001548    34.7727    34.9415     5.9004    26.0313    26.2038         23  0.000e+00
