Pos-Processados/process_op41/operantar41_012.ros
* Sea-Bird SBE 9 Data File:
* FileName = C:\Users\Dell\Desktop\OperantarXLI\config\00_BRUTOS\OPE41012.hdr
* Software Version Seasave V 7.26.7.110
* Temperature SN = 6497
* Conductivity SN = 4954
* Number of Bytes Per Scan = 31
* Number of Voltage Words = 2
* Number of Scans Averaged by the Deck Unit = 1
* NMEA Latitude = 44 01.70 S
* NMEA Longitude = 051 51.61 W
* NMEA UTC (Time) = Oct 23 2022 17:02:32
* NMEA baud rate = 4800
** H41
** Navio Polar Almirante Maximiano
** LH-021/2022
** Operantar XLI
** Número da Estação 012
** Latitude 44 1.216' S
** Longitude 51 51.952' W
** Data/Hora (Z) 23/10/2022 1702Z
** Profundidade local 5745 m
** 09-1439
** Nome do Operador 1T FILIPE LOPES
# nquan = 24
# nvalues = 1038                                  
# units = specified
# name 0 = scan: Scan Count
# name 1 = timeJ: Julian Days
# name 2 = latitude: Latitude [deg]
# name 3 = longitude: Longitude [deg]
# name 4 = dz/dtM: Descent Rate [m/s]
# name 5 = avgsvCM: Average Sound Velocity [Chen-Millero, m/s]
# name 6 = prDM: Pressure, Digiquartz [db]
# name 7 = depSM: Depth [salt water, m]
# name 8 = t090C: Temperature [ITS-90, deg C]
# name 9 = t190C: Temperature, 2 [ITS-90, deg C]
# name 10 = T2-T190C: Temperature Difference, 2 - 1 [ITS-90, deg C]
# name 11 = potemp090C: Potential Temperature [ITS-90, deg C]
# name 12 = potemp190C: Potential Temperature, 2 [ITS-90, deg C]
# name 13 = potemp90Cdiff: Potential Temperature, Diff, 2 - 1 [ITS-90, deg C]
# name 14 = c0S/m: Conductivity [S/m]
# name 15 = c1S/m: Conductivity, 2 [S/m]
# name 16 = C2-C1S/m: Conductivity Difference, 2 - 1 [S/m]
# name 17 = sal00: Salinity, Practical [PSU]
# name 18 = sal11: Salinity, Practical, 2 [PSU]
# name 19 = sbeox0ML/L: Oxygen, SBE 43 [ml/l]
# name 20 = sigma-é00: Density [sigma-theta, kg/m^3]
# name 21 = sigma-é11: Density, 2 [sigma-theta, kg/m^3]
# name 22 = nbf: Bottles Fired
# name 23 = flag:  0.000e+00
# interval = seconds: 0.0416667
# start_time = Oct 23 2022 17:02:32 [NMEA time, header]
# bad_flag = -9.990e-29
*END*
[from data line 544]
       7146 296.713538  -44.02868  -51.85724      0.036    1506.04     22.451     22.269    14.4257    14.4268     0.0011    14.4224    14.4235     0.0011   4.296807   4.296839   0.000032    35.5590    35.5583     5.5481    26.5291    26.5283         17  0.000e+00
       7147 296.713539  -44.02868  -51.85724      0.032    1506.04     22.459     22.277    14.4259    14.4270     0.0011    14.4226    14.4237     0.0011   4.296820   4.296852   0.000032    35.5589    35.5582     5.5479    26.5290    26.5282         17  0.000e+00
       7148 296.713539  -44.02868  -51.85724      0.017    1506.04     22.338     22.157    14.4266    14.4273     0.0007    14.4233    14.4240     0.0007   4.296847   4.296879   0.000032    35.5586    35.5582     5.5475    26.5286    26.5281         17  0.000e+00
       7149 296.713540  -44.02868  -51.85724      0.012    1506.04     22.451     22.269    14.4261    14.4277     0.0016    14.4228    14.4244     0.0016   4.296827   4.296973   0.000147    35.5588    35.5587     5.5474    26.5289    26.5284         17  0.000e+00
       7150 296.713540  -44.02868  -51.85724      0.004    1506.04     22.402     22.221    14.4258    14.4282     0.0024    14.4225    14.4249     0.0024   4.296794   4.296973   0.000180    35.5588    35.5583     5.5512    26.5289    26.5280         17  0.000e+00
       7151 296.713541  -44.02868  -51.85724     -0.004    1506.04     22.394     22.213    14.4255    14.4280     0.0025    14.4222    14.4247     0.0025   4.296807   4.296966   0.000160    35.5592    35.5584     5.5470    26.5293    26.5281         17  0.000e+00
       7152 296.713541  -44.02868  -51.85724     -0.012    1506.04     22.402     22.221    14.4252    14.4271     0.0019    14.4219    14.4238     0.0019   4.296740   4.296852   0.000112    35.5588    35.5581     5.5505    26.5290    26.5281         17  0.000e+00
       7153 296.713542  -44.02868  -51.85724     -0.020    1506.04     22.338     22.157    14.4254    14.4263     0.0009    14.4221    14.4230     0.0009   4.296767   4.296785   0.000018    35.5589    35.5583     5.5462    26.5291    26.5284         17  0.000e+00
       7154 296.713542  -44.02868  -51.85724     -0.028    1506.04     22.402     22.221    14.4262    14.4259    -0.0003    14.4229    14.4226    -0.0003   4.296893   4.296778  -0.000115    35.5593    35.5585     5.5455    26.5292    26.5287         17  0.000e+00
       7155 296.713543  -44.02868  -51.85724     -0.035    1506.04     22.402     22.221    14.4269    14.4259    -0.0009    14.4236    14.4226    -0.0009   4.296960   4.296805  -0.000155    35.5593    35.5588     5.5447    26.5291    26.5289         17  0.000e+00
       7156 296.713543  -44.02868  -51.85724     -0.039    1506.04     22.338     22.157    14.4279    14.4266    -0.0013    14.4246    14.4233    -0.0013   4.297026   4.296838  -0.000187    35.5590    35.5585     5.5443    26.5286    26.5285         17  0.000e+00
       7157 296.713544  -44.02868  -51.85724     -0.050    1506.04     22.338     22.157    14.4286    14.4267    -0.0019    14.4253    14.4234    -0.0019   4.297046   4.296906  -0.000140    35.5586    35.5590     5.5435    26.5281    26.5289         17  0.000e+00
       7158 296.713544  -44.02868  -51.85724     -0.057    1506.04     22.338     22.157    14.4289    14.4277    -0.0013    14.4256    14.4244    -0.0013   4.297066   4.296926  -0.000140    35.5584    35.5583     5.5428    26.5280    26.5281         17  0.000e+00
       7159 296.713545  -44.02868  -51.85724     -0.064    1506.04     22.338     22.157    14.4289    14.4282    -0.0008    14.4256    14.4249    -0.0008   4.297079   4.296933  -0.000146    35.5586    35.5579     5.5425    26.5281    26.5277         17  0.000e+00
       7160 296.713545  -44.02868  -51.85724     -0.071    1506.04     22.338     22.157    14.4284    14.4288     0.0004    14.4251    14.4256     0.0004   4.296999   4.297014   0.000014    35.5583    35.5580     5.5422    26.5280    26.5277         17  0.000e+00
       7161 296.713546  -44.02868  -51.85724     -0.078    1506.04     22.338     22.157    14.4273    14.4293     0.0021    14.4240    14.4261     0.0021   4.296886   4.297041   0.000154    35.5583    35.5578     5.5420    26.5282    26.5274         17  0.000e+00
       7162 296.713546  -44.02868  -51.85724     -0.084    1506.04     22.338     22.157    14.4269    14.4295     0.0026    14.4236    14.4262     0.0026   4.296860   4.297041   0.000181    35.5584    35.5577     5.5417    26.5284    26.5272         17  0.000e+00
       7163 296.713546  -44.02868  -51.85724     -0.093    1506.04     22.282     22.101    14.4264    14.4293     0.0029    14.4231    14.4261     0.0029   4.296913   4.297061   0.000148    35.5594    35.5580     5.5414    26.5292    26.5276         17  0.000e+00
       7164 296.713547  -44.02868  -51.85724     -0.098    1506.04     22.282     22.101    14.4269    14.4293     0.0023    14.4236    14.4260     0.0023   4.296847   4.297074   0.000228    35.5583    35.5583     5.5450    26.5283    26.5278         17  0.000e+00
       7165 296.713547  -44.02868  -51.85724     -0.102    1506.04     22.338     22.157    14.4269    14.4292     0.0023    14.4236    14.4259     0.0023   4.296873   4.297014   0.000140    35.5586    35.5578     5.5447    26.5285    26.5274         17  0.000e+00
       7166 296.713548  -44.02868  -51.85724     -0.114    1506.04     22.225     22.046    14.4269    14.4288     0.0019    14.4237    14.4256     0.0019   4.296893   4.297000   0.000107    35.5587    35.5580     5.5446    26.5286    26.5276         17  0.000e+00
       7167 296.713548  -44.02868  -51.85724     -0.117    1506.04     22.273     22.093    14.4269    14.4292     0.0022    14.4236    14.4259     0.0022   4.296893   4.297027   0.000134    35.5587    35.5579     5.5442    26.5286    26.5275         17  0.000e+00
       7168 296.713549  -44.02868  -51.85724     -0.124    1506.04     22.282     22.101    14.4273    14.4288     0.0016    14.4240    14.4256     0.0016   4.296866   4.297061   0.000194    35.5582    35.5585     5.5401    26.5281    26.5280         17  0.000e+00
       7169 296.713549  -44.02868  -51.85724     -0.130    1506.04     22.217     22.038    14.4276    14.4292     0.0016    14.4243    14.4259     0.0016   4.296880   4.297047   0.000167    35.5580    35.5581     5.5436    26.5279    26.5277         17  0.000e+00
       7170 296.713550  -44.02868  -51.85724     -0.136    1506.04     22.282     22.101    14.4277    14.4290     0.0013    14.4244    14.4257     0.0013   4.296953   4.297061   0.000108    35.5585    35.5583     5.5396    26.5283    26.5279         17  0.000e+00
       7171 296.713550  -44.02868  -51.85724     -0.137    1506.04     22.282     22.101    14.4273    14.4290     0.0018    14.4240    14.4257     0.0018   4.296853   4.296993   0.000140    35.5580    35.5577     5.5352    26.5280    26.5274         17  0.000e+00
       7172 296.713551  -44.02868  -51.85722     -0.141    1506.04     22.217     22.038    14.4267    14.4286     0.0018    14.4235    14.4253     0.0018   4.296820   4.296987   0.000167    35.5582    35.5581     5.5348    26.5283    26.5278         17  0.000e+00
       7173 296.713551  -44.02868  -51.85722     -0.149    1506.04     22.225     22.046    14.4262    14.4278     0.0016    14.4229    14.4245     0.0016   4.296820   4.296886   0.000066    35.5587    35.5579     5.5345    26.5288    26.5278         17  0.000e+00
       7174 296.713552  -44.02868  -51.85722     -0.151    1506.04     22.217     22.038    14.4261    14.4275     0.0014    14.4228    14.4242     0.0014   4.296793   4.296892   0.000099    35.5586    35.5582     5.5342    26.5287    26.5281         17  0.000e+00
       7175 296.713552  -44.02868  -51.85722     -0.154    1506.04     22.225     22.046    14.4257    14.4273     0.0016    14.4224    14.4240     0.0016   4.296807   4.296865   0.000059    35.5591    35.5581     5.5339    26.5291    26.5281         17  0.000e+00
       7176 296.713553  -44.02868  -51.85722     -0.155    1506.04     22.217     22.038    14.4256    14.4273     0.0017    14.4223    14.4240     0.0017   4.296820   4.296852   0.000032    35.5593    35.5580     5.5336    26.5294    26.5280         17  0.000e+00
       7177 296.713553  -44.02868  -51.85722     -0.163    1506.04     22.161     21.982    14.4256    14.4266     0.0011    14.4223    14.4234     0.0011   4.296740   4.296852   0.000112    35.5586    35.5587     5.5333    26.5288    26.5286         17  0.000e+00
       7178 296.713554  -44.02868  -51.85722     -0.167    1506.04     22.161     21.982    14.4254    14.4268     0.0014    14.4221    14.4235     0.0014   4.296734   4.296825   0.000091    35.5587    35.5582     5.5331    26.5289    26.5283         17  0.000e+00
       7179 296.713554  -44.02868  -51.85722     -0.170    1506.04     22.217     22.038    14.4255    14.4262     0.0007    14.4222    14.4229     0.0007   4.296827   4.296785  -0.000042    35.5594    35.5584     5.5329    26.5295    26.5286         17  0.000e+00
       7180 296.713555  -44.02868  -51.85722     -0.172    1506.04     22.161     21.982    14.4269    14.4263    -0.0006    14.4237    14.4230    -0.0006   4.296940   4.296724  -0.000216    35.5592    35.5578     5.5325    26.5290    26.5280         17  0.000e+00
       7181 296.713555  -44.02868  -51.85722     -0.170    1506.04     22.217     22.038    14.4278    14.4256    -0.0021    14.4245    14.4224    -0.0021   4.297026   4.296677  -0.000349    35.5592    35.5579     5.5323    26.5288    26.5283         17  0.000e+00
       7182 296.713556  -44.02868  -51.85722     -0.170    1506.04     22.161     21.982    14.4281    14.4250    -0.0031    14.4248    14.4217    -0.0031   4.296986   4.296643  -0.000343    35.5586    35.5583     5.5282    26.5282    26.5287         17  0.000e+00
       7183 296.713556  -44.02868  -51.85722     -0.177    1506.04     22.153     21.974    14.4281    14.4244    -0.0037    14.4248    14.4211    -0.0037   4.296993   4.296690  -0.000302    35.5586    35.5592     5.5317    26.5283    26.5295         17  0.000e+00
       7184 296.713557  -44.02868  -51.85722     -0.176    1506.04     22.104     21.926    14.4282    14.4251    -0.0031    14.4250    14.4218    -0.0031   4.297006   4.296758  -0.000248    35.5586    35.5592     5.5277    26.5283    26.5294         17  0.000e+00
       7185 296.713557  -44.02868  -51.85722     -0.178    1506.04     22.161     21.982    14.4286    14.4253    -0.0033    14.4253    14.4220    -0.0033   4.297006   4.296751  -0.000255    35.5583    35.5590     5.5233    26.5279    26.5292         17  0.000e+00
       7186 296.713558  -44.02868  -51.85722     -0.183    1506.04     22.096     21.918    14.4288    14.4260    -0.0028    14.4255    14.4227    -0.0028   4.297006   4.296798  -0.000208    35.5582    35.5588     5.5226    26.5278    26.5289         17  0.000e+00
       7187 296.713558  -44.02868  -51.85722     -0.179    1506.04     22.161     21.982    14.4284    14.4268    -0.0016    14.4252    14.4235    -0.0016   4.297006   4.296899  -0.000107    35.5584    35.5589     5.5221    26.5281    26.5288         17  0.000e+00
       7188 296.713559  -44.02868  -51.85722     -0.178    1506.04     22.153     21.974    14.4283    14.4277    -0.0006    14.4250    14.4244    -0.0006   4.297032   4.296926  -0.000107    35.5588    35.5584     5.5216    26.5284    26.5282         17  0.000e+00
       7189 296.713559  -44.02868  -51.85722     -0.184    1506.04     22.040     21.862    14.4280    14.4280    -0.0001    14.4248    14.4247    -0.0001   4.296986   4.296926  -0.000060    35.5586    35.5581     5.5211    26.5283    26.5279         17  0.000e+00
       7190 296.713560  -44.02868  -51.85722     -0.185    1506.04     22.153     21.974    14.4281    14.4282     0.0001    14.4248    14.4249     0.0001   4.296993   4.296926  -0.000067    35.5586    35.5579     5.5211    26.5283    26.5277         17  0.000e+00
       7191 296.713560  -44.02868  -51.85722     -0.182    1506.04     22.104     21.926    14.4279    14.4280     0.0001    14.4247    14.4247     0.0001   4.297032   4.296933  -0.000100    35.5592    35.5582     5.5208    26.5288    26.5280         17  0.000e+00
       7192 296.713560  -44.02868  -51.85722     -0.181    1506.04     22.104     21.926    14.4281    14.4280    -0.0001    14.4248    14.4247    -0.0001   4.297013   4.296899  -0.000114    35.5588    35.5579     5.5205    26.5284    26.5277         17  0.000e+00
       7193 296.713561  -44.02868  -51.85722     -0.180    1506.04     22.096     21.918    14.4279    14.4279    -0.0000    14.4247    14.4246    -0.0000   4.296979   4.296946  -0.000033    35.5587    35.5584     5.5203    26.5284    26.5282         17  0.000e+00
       7194 296.713561  -44.02868  -51.85722     -0.181    1506.04     22.040     21.862    14.4277    14.4280     0.0003    14.4245    14.4247     0.0003   4.296973   4.296906  -0.000067    35.5588    35.5580     5.5197    26.5285    26.5278         17  0.000e+00
       7195 296.713562  -44.02868  -51.85722     -0.178    1506.04     22.096     21.918    14.4279    14.4282     0.0003    14.4247    14.4249     0.0003   4.296993   4.296946  -0.000046    35.5588    35.5581     5.5193    26.5285    26.5279         17  0.000e+00
       7196 296.713562  -44.02870  -51.85722     -0.173    1506.04     22.104     21.926    14.4276    14.4278     0.0002    14.4243    14.4245     0.0002   4.296979   4.296906  -0.000074    35.5590    35.5581     5.5189    26.5287    26.5279         17  0.000e+00
       7197 296.713563  -44.02870  -51.85722     -0.179    1506.04     22.040     21.862    14.4278    14.4280     0.0002    14.4245    14.4247     0.0002   4.296973   4.296946  -0.000027    35.5588    35.5583     5.5184    26.5285    26.5281         17  0.000e+00
       7198 296.713563  -44.02870  -51.85722     -0.173    1506.04     22.104     21.926    14.4276    14.4278     0.0002    14.4243    14.4245     0.0002   4.296973   4.296933  -0.000040    35.5589    35.5584     5.5182    26.5286    26.5281         17  0.000e+00
       7199 296.713564  -44.02870  -51.85722     -0.176    1506.04     21.984     21.806    14.4277    14.4278     0.0001    14.4245    14.4246     0.0001   4.296973   4.296926  -0.000047    35.5588    35.5583     5.5181    26.5285    26.5281         17  0.000e+00
       7200 296.713564  -44.02870  -51.85722     -0.173    1506.04     22.096     21.918    14.4278    14.4275    -0.0002    14.4245    14.4243    -0.0002   4.296993   4.296953  -0.000040    35.5589    35.5588     5.5179    26.5286    26.5285         17  0.000e+00
       7201 296.713565  -44.02870  -51.85722     -0.174    1506.04     21.984     21.806    14.4278    14.4277    -0.0001    14.4245    14.4244    -0.0001   4.297006   4.296933  -0.000073    35.5591    35.5585     5.5180    26.5287    26.5283         17  0.000e+00
       7202 296.713565  -44.02870  -51.85722     -0.172    1506.04     22.096     21.918    14.4278    14.4277    -0.0001    14.4245    14.4244    -0.0001   4.296946   4.296926  -0.000020    35.5585    35.5584     5.5180    26.5283    26.5282         17  0.000e+00
       7203 296.713566  -44.02870  -51.85722     -0.172    1506.04     21.984     21.806    14.4278    14.4277    -0.0001    14.4245    14.4244    -0.0001   4.296959   4.296953  -0.000007    35.5587    35.5587     5.5178    26.5284    26.5284         17  0.000e+00
       7204 296.713566  -44.02870  -51.85722     -0.168    1506.04     22.040     21.862    14.4277    14.4277    -0.0001    14.4245    14.4244    -0.0001   4.296973   4.296906  -0.000067    35.5588    35.5583     5.5178    26.5285    26.5281         17  0.000e+00
