Pos-Processados/process_op41/operantar41_002.ros
* Sea-Bird SBE 9 Data File:
* FileName = C:\Users\Dell\Desktop\Operantar XLI\Raw\OP41002.hdr
* Software Version Seasave V 7.26.7.110
* Temperature SN = 6497
* Conductivity SN = 4954
* Number of Bytes Per Scan = 31
* Number of Voltage Words = 2
* Number of Scans Averaged by the Deck Unit = 1
* NMEA Latitude = 37 16.72 S
* NMEA Longitude = 048 37.48 W
* NMEA UTC (Time) = Oct 17 2022 21:01:25
* NMEA baud rate = 4800
** H41
** Navio Polar Almirante Maximiano
** LH-021/2022
** Operantar XLI
** Número da Estação 002
** Latitude 37ª16.719
** Longitude 048ª37.474
** Data/Hora (Z) 17/10/2022 2100Z
** Profundidade local
** 09-1439
** Nome do Operador 1T FILIPE LOPES
# nquan = 24
# nvalues = 1960                                  
# units = specified
# name 0 = scan: Scan Count
# name 1 = timeJ: Julian Days
# name 2 = latitude: Latitude [deg]
# name 3 = longitude: Longitude [deg]
# name 4 = dz/dtM: Descent Rate [m/s]
# name 5 = avgsvCM: Average Sound Velocity [Chen-Millero, m/s]
# name 6 = prDM: Pressure, Digiquartz [db]
# name 7 = depSM: Depth [salt water, m]
# name 8 = t090C: Temperature [ITS-90, deg C]
# name 9 = t190C: Temperature, 2 [ITS-90, deg C]
# name 10 = T2-T190C: Temperature Difference, 2 - 1 [ITS-90, deg C]
# name 11 = potemp090C: Potential Temperature [ITS-90, deg C]
# name 12 = potemp190C: Potential Temperature, 2 [ITS-90, deg C]
# name 13 = potemp90Cdiff: Potential Temperature, Diff, 2 - 1 [ITS-90, deg C]
# name 14 = c0S/m: Conductivity [S/m]
# name 15 = c1S/m: Conductivity, 2 [S/m]
# name 16 = C2-C1S/m: Conductivity Difference, 2 - 1 [S/m]
# name 17 = sal00: Salinity, Practical [PSU]
# name 18 = sal11: Salinity, Practical, 2 [PSU]
# name 19 = sbeox0ML/L: Oxygen, SBE 43 [ml/l]
# name 20 = sigma-é00: Density [sigma-theta, kg/m^3]
# name 21 = sigma-é11: Density, 2 [sigma-theta, kg/m^3]
# name 22 = nbf: Bottles Fired
# name 23 = flag:  0.000e+00
# interval = seconds: 0.0416667
# start_time = Oct 17 2022 21:01:25 [NMEA time, header]
# bad_flag = -9.990e-29
*END*
[from data line 121]
      59653 290.904751  -37.28304  -48.62780      0.280    1502.01     22.867     22.696    17.7369    17.7386     0.0017    17.7330    17.7347     0.0017   4.695377   4.695380   0.000003    36.1279    36.1264     5.2026    26.2023    26.2007          3  0.000e+00
      59654 290.904752  -37.28304  -48.62780      0.284    1502.01     22.867     22.696    17.7370    17.7383     0.0013    17.7331    17.7344     0.0013   4.695336   4.695359   0.000023    36.1274    36.1264     5.2023    26.2018    26.2008          3  0.000e+00
      59655 290.904752  -37.28304  -48.62780      0.286    1502.01     22.867     22.696    17.7372    17.7387     0.0016    17.7333    17.7348     0.0016   4.695398   4.695387  -0.000011    36.1278    36.1263     5.1982    26.2021    26.2006          3  0.000e+00
      59656 290.904753  -37.28304  -48.62780      0.294    1502.01     22.931     22.760    17.7374    17.7387     0.0014    17.7334    17.7348     0.0014   4.695405   4.695324  -0.000081    36.1277    36.1257     5.1977    26.2020    26.2002          3  0.000e+00
      59657 290.904753  -37.28304  -48.62780      0.297    1502.01     22.923     22.752    17.7367    17.7382     0.0015    17.7328    17.7343     0.0015   4.695336   4.695233  -0.000103    36.1276    36.1254     5.1971    26.2021    26.2001          3  0.000e+00
      59658 290.904754  -37.28304  -48.62780      0.299    1502.01     22.931     22.760    17.7370    17.7379     0.0008    17.7331    17.7339     0.0008   4.695364   4.695219  -0.000144    36.1276    36.1256     5.1968    26.2020    26.2003          3  0.000e+00
      59659 290.904754  -37.28304  -48.62780      0.296    1502.01     22.867     22.696    17.7378    17.7377    -0.0001    17.7339    17.7338    -0.0001   4.695453   4.695247  -0.000206    36.1277    36.1260     5.1963    26.2020    26.2007          3  0.000e+00
      59660 290.904755  -37.28304  -48.62780      0.302    1502.01     22.988     22.816    17.7386    17.7377    -0.0009    17.7346    17.7338    -0.0009   4.695522   4.695317  -0.000205    36.1276    36.1266     5.1960    26.2016    26.2011          3  0.000e+00
      59661 290.904755  -37.28304  -48.62780      0.303    1502.01     22.980     22.808    17.7388    17.7380    -0.0007    17.7349    17.7341    -0.0007   4.695550   4.695303  -0.000247    36.1276    36.1262     5.1993    26.2016    26.2007          3  0.000e+00
      59662 290.904755  -37.28304  -48.62780      0.306    1502.01     22.931     22.760    17.7393    17.7380    -0.0012    17.7354    17.7341    -0.0012   4.695584   4.695296  -0.000288    36.1275    36.1261     5.1955    26.2014    26.2006          3  0.000e+00
      59663 290.904756  -37.28304  -48.62780      0.304    1502.01     22.980     22.808    17.7393    17.7380    -0.0012    17.7353    17.7341    -0.0012   4.695557   4.695261  -0.000295    36.1272    36.1258     5.1952    26.2012    26.2004          3  0.000e+00
      59664 290.904756  -37.28304  -48.62780      0.304    1502.01     22.988     22.816    17.7386    17.7379    -0.0007    17.7347    17.7339    -0.0007   4.695495   4.695233  -0.000261    36.1273    36.1257     5.1949    26.2014    26.2004          3  0.000e+00
      59665 290.904757  -37.28304  -48.62780      0.303    1502.01     22.923     22.752    17.7381    17.7375    -0.0006    17.7342    17.7336    -0.0006   4.695405   4.695212  -0.000193    36.1270    36.1258     5.1946    26.2013    26.2006          3  0.000e+00
      59666 290.904757  -37.28304  -48.62780      0.304    1502.01     23.052     22.880    17.7376    17.7372    -0.0004    17.7336    17.7332    -0.0004   4.695391   4.695129  -0.000263    36.1273    36.1254     5.1943    26.2017    26.2003          3  0.000e+00
      59667 290.904758  -37.28304  -48.62780      0.304    1502.01     23.052     22.880    17.7374    17.7370    -0.0004    17.7334    17.7331    -0.0004   4.695357   4.695184  -0.000172    36.1272    36.1260     5.1940    26.2016    26.2008          3  0.000e+00
      59668 290.904758  -37.28304  -48.62780      0.302    1502.01     22.980     22.808    17.7369    17.7373     0.0005    17.7329    17.7334     0.0005   4.695267   4.695163  -0.000104    36.1269    36.1256     5.1900    26.2015    26.2004          3  0.000e+00
      59669 290.904759  -37.28304  -48.62780      0.303    1502.01     23.052     22.880    17.7364    17.7372     0.0008    17.7324    17.7332     0.0008   4.695212   4.695163  -0.000049    36.1268    36.1257     5.1858    26.2016    26.2005          3  0.000e+00
      59670 290.904759  -37.28304  -48.62780      0.298    1502.01     22.980     22.808    17.7365    17.7370     0.0005    17.7326    17.7331     0.0005   4.695281   4.695212  -0.000069    36.1273    36.1263     5.1849    26.2019    26.2010          3  0.000e+00
      59671 290.904760  -37.28304  -48.62780      0.296    1502.01     23.052     22.880    17.7365    17.7370     0.0004    17.7326    17.7331     0.0004   4.695253   4.695156  -0.000097    36.1270    36.1258     5.1878    26.2017    26.2006          3  0.000e+00
      59672 290.904760  -37.28304  -48.62780      0.296    1502.01     23.044     22.872    17.7363    17.7370     0.0007    17.7324    17.7331     0.0007   4.695226   4.695233   0.000007    36.1270    36.1264     5.1836    26.2017    26.2012          3  0.000e+00
      59673 290.904761  -37.28304  -48.62780      0.291    1502.01     23.052     22.880    17.7369    17.7372     0.0003    17.7329    17.7332     0.0003   4.695267   4.695191  -0.000076    36.1269    36.1259     5.1830    26.2015    26.2007          3  0.000e+00
      59674 290.904761  -37.28304  -48.62780      0.288    1502.01     23.044     22.872    17.7369    17.7375     0.0006    17.7330    17.7336     0.0006   4.695329   4.695240  -0.000089    36.1274    36.1260     5.1822    26.2019    26.2007          3  0.000e+00
      59675 290.904762  -37.28304  -48.62780      0.283    1502.01     23.052     22.880    17.7370    17.7373     0.0003    17.7331    17.7334     0.0003   4.695329   4.695254  -0.000075    36.1272    36.1263     5.1814    26.2018    26.2010          3  0.000e+00
      59676 290.904762  -37.28304  -48.62780      0.277    1502.01     23.044     22.872    17.7372    17.7375     0.0003    17.7333    17.7336     0.0003   4.695322   4.695261  -0.000061    36.1270    36.1262     5.1770    26.2015    26.2009          3  0.000e+00
      59677 290.904763  -37.28304  -48.62780      0.270    1502.01     23.052     22.880    17.7370    17.7375     0.0005    17.7331    17.7336     0.0005   4.695309   4.695226  -0.000082    36.1271    36.1259     5.1761    26.2016    26.2006          3  0.000e+00
      59678 290.904763  -37.28304  -48.62780      0.262    1502.01     22.980     22.808    17.7370    17.7375     0.0005    17.7331    17.7336     0.0005   4.695315   4.695254  -0.000061    36.1271    36.1262     5.1754    26.2017    26.2008          3  0.000e+00
      59679 290.904764  -37.28304  -48.62780      0.260    1502.01     23.109     22.936    17.7370    17.7375     0.0004    17.7331    17.7335     0.0004   4.695364   4.695254  -0.000109    36.1275    36.1262     5.1712    26.2020    26.2008          3  0.000e+00
      59680 290.904764  -37.28304  -48.62780      0.253    1502.01     23.044     22.872    17.7372    17.7373     0.0002    17.7332    17.7334     0.0002   4.695302   4.695233  -0.000068    36.1269    36.1261     5.1703    26.2014    26.2008          3  0.000e+00
      59681 290.904765  -37.28304  -48.62780      0.245    1502.01     23.053     22.880    17.7367    17.7375     0.0008    17.7328    17.7336     0.0008   4.695267   4.695212  -0.000055    36.1270    36.1258     5.1696    26.2016    26.2005          3  0.000e+00
      59682 290.904765  -37.28304  -48.62780      0.239    1502.01     23.045     22.872    17.7369    17.7373     0.0005    17.7329    17.7334     0.0005   4.695309   4.695219  -0.000089    36.1272    36.1260     5.1652    26.2018    26.2007          3  0.000e+00
      59683 290.904766  -37.28304  -48.62780      0.229    1502.01     23.053     22.880    17.7369    17.7373     0.0004    17.7330    17.7334     0.0004   4.695322   4.695156  -0.000166    36.1273    36.1255     5.1680    26.2018    26.2003          3  0.000e+00
      59684 290.904766  -37.28304  -48.62778      0.224    1502.01     23.101     22.928    17.7370    17.7372     0.0001    17.7331    17.7332     0.0001   4.695343   4.695198  -0.000145    36.1273    36.1260     5.1637    26.2018    26.2008          3  0.000e+00
      59685 290.904767  -37.28304  -48.62778      0.208    1502.01     22.988     22.816    17.7370    17.7370    -0.0000    17.7331    17.7331    -0.0000   4.695357   4.695268  -0.000089    36.1275    36.1268     5.1629    26.2020    26.2014          3  0.000e+00
      59686 290.904767  -37.28304  -48.62778      0.209    1502.01     23.101     22.928    17.7370    17.7375     0.0005    17.7331    17.7336     0.0005   4.695350   4.695289  -0.000061    36.1274    36.1264     5.1622    26.2019    26.2010          3  0.000e+00
      59687 290.904768  -37.28304  -48.62778      0.194    1502.01     22.988     22.816    17.7370    17.7379     0.0008    17.7331    17.7339     0.0008   4.695357   4.695415   0.000058    36.1275    36.1273     5.1615    26.2020    26.2016          3  0.000e+00
      59688 290.904768  -37.28304  -48.62778      0.190    1502.01     23.101     22.928    17.7370    17.7384     0.0013    17.7331    17.7344     0.0013   4.695350   4.695450   0.000100    36.1274    36.1271     5.1613    26.2019    26.2013          3  0.000e+00
      59689 290.904769  -37.28304  -48.62778      0.180    1502.01     23.053     22.880    17.7369    17.7389     0.0020    17.7329    17.7350     0.0020   4.695295   4.695457   0.000162    36.1271    36.1267     5.1608    26.2017    26.2009          3  0.000e+00
      59690 290.904769  -37.28304  -48.62778      0.166    1502.01     22.980     22.809    17.7372    17.7389     0.0017    17.7333    17.7350     0.0017   4.695343   4.695506   0.000163    36.1273    36.1271     5.1603    26.2017    26.2012          3  0.000e+00
      59691 290.904769  -37.28304  -48.62778      0.160    1502.01     23.053     22.880    17.7370    17.7392     0.0022    17.7331    17.7353     0.0022   4.695350   4.695422   0.000072    36.1274    36.1261     5.1600    26.2019    26.2003          3  0.000e+00
      59692 290.904770  -37.28304  -48.62778      0.148    1502.01     23.045     22.872    17.7381    17.7396     0.0015    17.7341    17.7357     0.0015   4.695412   4.695429   0.000017    36.1270    36.1258     5.1596    26.2014    26.2000          3  0.000e+00
      59693 290.904770  -37.28304  -48.62778      0.140    1502.01     23.053     22.880    17.7384    17.7394     0.0010    17.7345    17.7355     0.0010   4.695515   4.695401  -0.000114    36.1276    36.1257     5.1593    26.2017    26.2000          3  0.000e+00
      59694 290.904771  -37.28304  -48.62778      0.126    1502.01     22.980     22.809    17.7393    17.7394     0.0001    17.7353    17.7355     0.0001   4.695550   4.695464  -0.000086    36.1272    36.1263     5.1627    26.2012    26.2005          3  0.000e+00
      59695 290.904771  -37.28304  -48.62778      0.116    1502.01     22.988     22.817    17.7394    17.7396     0.0002    17.7355    17.7357     0.0002   4.695577   4.695471  -0.000106    36.1273    36.1262     5.1632    26.2012    26.2003          3  0.000e+00
      59696 290.904772  -37.28304  -48.62778      0.106    1502.01     23.045     22.873    17.7393    17.7396     0.0003    17.7354    17.7357     0.0003   4.695591   4.695394  -0.000197    36.1275    36.1255     5.1635    26.2014    26.1998          3  0.000e+00
      59697 290.904772  -37.28304  -48.62778      0.095    1502.01     22.988     22.817    17.7396    17.7392    -0.0003    17.7357    17.7353    -0.0003   4.695660   4.695415  -0.000245    36.1279    36.1260     5.1637    26.2016    26.2003          3  0.000e+00
      59698 290.904773  -37.28304  -48.62778      0.083    1502.01     22.989     22.817    17.7398    17.7392    -0.0006    17.7359    17.7353    -0.0006   4.695639   4.695408  -0.000231    36.1275    36.1260     5.1641    26.2013    26.2002          3  0.000e+00
      59699 290.904773  -37.28304  -48.62778      0.071    1502.01     22.980     22.809    17.7396    17.7391    -0.0005    17.7357    17.7352    -0.0005   4.695605   4.695422  -0.000183    36.1274    36.1263     5.1645    26.2012    26.2005          3  0.000e+00
      59700 290.904774  -37.28304  -48.62778      0.059    1502.01     22.932     22.761    17.7393    17.7389    -0.0004    17.7354    17.7350    -0.0004   4.695619   4.695408  -0.000211    36.1278    36.1263     5.1650    26.2016    26.2006          3  0.000e+00
      59701 290.904774  -37.28304  -48.62778      0.049    1502.01     22.981     22.809    17.7394    17.7392    -0.0002    17.7355    17.7353    -0.0002   4.695632   4.695478  -0.000155    36.1278    36.1266     5.1656    26.2016    26.2007          3  0.000e+00
      59702 290.904775  -37.28304  -48.62778      0.040    1502.01     22.989     22.817    17.7393    17.7397     0.0004    17.7353    17.7358     0.0004   4.695577   4.695492  -0.000085    36.1274    36.1263     5.1662    26.2013    26.2004          3  0.000e+00
      59703 290.904775  -37.28304  -48.62778      0.027    1502.01     22.924     22.753    17.7391    17.7394     0.0003    17.7352    17.7355     0.0003   4.695515   4.695471  -0.000044    36.1270    36.1264     5.1705    26.2011    26.2005          3  0.000e+00
      59704 290.904776  -37.28304  -48.62778      0.014    1502.01     22.932     22.761    17.7389    17.7396     0.0007    17.7350    17.7357     0.0007   4.695543   4.695422  -0.000121    36.1275    36.1258     5.1712    26.2015    26.2000          3  0.000e+00
      59705 290.904776  -37.28304  -48.62778      0.005    1502.01     22.924     22.753    17.7386    17.7391     0.0005    17.7347    17.7352     0.0005   4.695515   4.695387  -0.000128    36.1275    36.1260     5.1683    26.2016    26.2003          3  0.000e+00
      59706 290.904777  -37.28304  -48.62778     -0.009    1502.01     22.868     22.697    17.7386    17.7389     0.0003    17.7347    17.7350     0.0003   4.695515   4.695345  -0.000170    36.1276    36.1258     5.1724    26.2016    26.2002          3  0.000e+00
      59707 290.904777  -37.28304  -48.62778     -0.022    1502.01     22.868     22.697    17.7386    17.7387     0.0002    17.7347    17.7348     0.0002   4.695508   4.695373  -0.000135    36.1275    36.1262     5.1732    26.2016    26.2005          3  0.000e+00
      59708 290.904778  -37.28304  -48.62778     -0.038    1502.01     22.868     22.697    17.7386    17.7387     0.0001    17.7347    17.7348     0.0001   4.695543   4.695373  -0.000170    36.1278    36.1262     5.1741    26.2018    26.2005          3  0.000e+00
      59709 290.904778  -37.28304  -48.62778     -0.047    1502.01     22.868     22.697    17.7384    17.7387     0.0003    17.7345    17.7348     0.0003   4.695556   4.695436  -0.000121    36.1281    36.1267     5.1786    26.2021    26.2009          3  0.000e+00
      59710 290.904779  -37.28304  -48.62778     -0.056    1502.01     22.868     22.697    17.7382    17.7387     0.0005    17.7343    17.7348     0.0005   4.695543   4.695394  -0.000149    36.1281    36.1264     5.1801    26.2021    26.2007          3  0.000e+00
      59711 290.904779  -37.28304  -48.62778     -0.072    1502.01     22.804     22.633    17.7387    17.7387    -0.0000    17.7348    17.7348    -0.0000   4.695522   4.695352  -0.000170    36.1275    36.1260     5.1812    26.2015    26.2004          4  0.000e+00
      59712 290.904780  -37.28304  -48.62778     -0.081    1502.01     22.868     22.697    17.7384    17.7386     0.0002    17.7345    17.7347     0.0002   4.695508   4.695331  -0.000177    36.1277    36.1260     5.1825    26.2017    26.2004          4  0.000e+00
