Pos-Processados/process_op41/operantar41_006.ros
* Sea-Bird SBE 9 Data File:
* FileName = C:\Users\Dell\Desktop\OperantarXLI\config\00_BRUTOS\OP41006.hdr
* Software Version Seasave V 7.26.7.110
* Temperature SN = 6497
* Conductivity SN = 4954
* Number of Bytes Per Scan = 31
* Number of Voltage Words = 2
* Number of Scans Averaged by the Deck Unit = 1
* NMEA Latitude = 42 12.54 S
* NMEA Longitude = 053 27.22 W
* NMEA UTC (Time) = Oct 22 2022 00:21:34
* NMEA baud rate = 4800
** H41
** Navio Polar Almirante Maximiano
** LH-021/2022
** Operantar XLI
** Número da Estação 006
** Latitude 42 12.640'S
** Longitude 053 27.212W
** Data/Hora (Z) 22/10/2022 00:19
** Profundidade local 5571 m
** 09-1439
** Nome do Operador CT Garla
# nquan = 24
# nvalues = 1183                                  
# units = specified
# name 0 = scan: Scan Count
# name 1 = timeJ: Julian Days
# name 2 = latitude: Latitude [deg]
# name 3 = longitude: Longitude [deg]
# name 4 = dz/dtM: Descent Rate [m/s]
# name 5 = avgsvCM: Average Sound Velocity [Chen-Millero, m/s]
# name 6 = prDM: Pressure, Digiquartz [db]
# name 7 = depSM: Depth [salt water, m]
# name 8 = t090C: Temperature [ITS-90, deg C]
# name 9 = t190C: Temperature, 2 [ITS-90, deg C]
# name 10 = T2-T190C: Temperature Difference, 2 - 1 [ITS-90, deg C]
# name 11 = potemp090C: Potential Temperature [ITS-90, deg C]
# name 12 = potemp190C: Potential Temperature, 2 [ITS-90, deg C]
# name 13 = potemp90Cdiff: Potential Temperature, Diff, 2 - 1 [ITS-90, deg C]
# name 14 = c0S/m: Conductivity [S/m]
# name 15 = c1S/m: Conductivity, 2 [S/m]
# name 16 = C2-C1S/m: Conductivity Difference, 2 - 1 [S/m]
# name 17 = sal00: Salinity, Practical [PSU]
# name 18 = sal11: Salinity, Practical, 2 [PSU]
# name 19 = sbeox0ML/L: Oxygen, SBE 43 [ml/l]
# name 20 = sigma-é00: Density [sigma-theta, kg/m^3]
# name 21 = sigma-é11: Density, 2 [sigma-theta, kg/m^3]
# name 22 = nbf: Bottles Fired
# name 23 = flag:  0.000e+00
# interval = seconds: 0.0416667
# start_time = Oct 22 2022 00:21:34 [NMEA time, header]
# bad_flag = -9.990e-29
*END*
[from data line 906]
      70456 295.048954  -42.18758  -53.45702     -0.513    1478.74      7.542      7.483    12.3458    12.3457    -0.0001    12.3448    12.3447    -0.0001   4.015613   4.015631   0.000018    34.8264    34.8267     6.0587    26.3878    26.3880         21  0.000e+00
      70457 295.048954  -42.18758  -53.45702     -0.506    1478.74      7.478      7.419    12.3461    12.3456    -0.0005    12.3451    12.3446    -0.0005   4.015639   4.015645   0.000006    34.8264    34.8269     6.0589    26.3878    26.3883         21  0.000e+00
      70458 295.048955  -42.18758  -53.45702     -0.497    1478.74      7.478      7.419    12.3465    12.3461    -0.0005    12.3455    12.3451    -0.0005   4.015613   4.015644   0.000032    34.8258    34.8265     6.0590    26.3872    26.3879         21  0.000e+00
      70459 295.048955  -42.18758  -53.45702     -0.485    1478.74      7.486      7.427    12.3467    12.3461    -0.0006    12.3457    12.3451    -0.0006   4.015684   4.015671  -0.000013    34.8263    34.8267     6.0592    26.3876    26.3880         21  0.000e+00
      70460 295.048956  -42.18756  -53.45702     -0.471    1478.74      7.542      7.483    12.3468    12.3459    -0.0008    12.3458    12.3449    -0.0008   4.015678   4.015625  -0.000053    34.8261    34.8264     6.0593    26.3874    26.3878         21  0.000e+00
      70461 295.048956  -42.18756  -53.45702     -0.459    1478.74      7.478      7.419    12.3470    12.3461    -0.0009    12.3460    12.3451    -0.0009   4.015697   4.015612  -0.000085    34.8261    34.8261     6.0555    26.3874    26.3876         21  0.000e+00
      70462 295.048957  -42.18756  -53.45702     -0.445    1478.74      7.542      7.483    12.3468    12.3459    -0.0009    12.3458    12.3449    -0.0009   4.015710   4.015631  -0.000078    34.8264    34.8265     6.0553    26.3876    26.3879         21  0.000e+00
      70463 295.048957  -42.18756  -53.45702     -0.432    1478.74      7.478      7.419    12.3471    12.3458    -0.0013    12.3461    12.3448    -0.0013   4.015710   4.015697  -0.000013    34.8262    34.8273     6.0591    26.3874    26.3885         21  0.000e+00
      70464 295.048958  -42.18756  -53.45702     -0.417    1478.74      7.542      7.483    12.3468    12.3461    -0.0008    12.3458    12.3451    -0.0008   4.015729   4.015697  -0.000032    34.8266    34.8270     6.0546    26.3878    26.3882         21  0.000e+00
      70465 295.048958  -42.18756  -53.45702     -0.400    1478.74      7.478      7.419    12.3468    12.3459    -0.0009    12.3458    12.3449    -0.0009   4.015684   4.015605  -0.000079    34.8262    34.8263     6.0542    26.3875    26.3877         21  0.000e+00
      70466 295.048959  -42.18756  -53.45702     -0.386    1478.74      7.478      7.419    12.3472    12.3459    -0.0013    12.3463    12.3449    -0.0013   4.015749   4.015625  -0.000124    34.8264    34.8264     6.0537    26.3875    26.3878         21  0.000e+00
      70467 295.048959  -42.18756  -53.45702     -0.365    1478.74      7.542      7.483    12.3477    12.3461    -0.0016    12.3467    12.3451    -0.0016   4.015749   4.015645  -0.000104    34.8260    34.8264     6.0576    26.3871    26.3878         21  0.000e+00
      70468 295.048960  -42.18756  -53.45702     -0.347    1478.74      7.542      7.483    12.3480    12.3459    -0.0021    12.3470    12.3449    -0.0021   4.015768   4.015671  -0.000097    34.8259    34.8269     6.0575    26.3870    26.3882         21  0.000e+00
      70469 295.048960  -42.18756  -53.45702     -0.327    1478.74      7.542      7.483    12.3478    12.3463    -0.0015    12.3468    12.3453    -0.0015   4.015800   4.015736  -0.000064    34.8263    34.8271     6.0532    26.3874    26.3883         21  0.000e+00
      70470 295.048961  -42.18756  -53.45702     -0.308    1478.74      7.542      7.483    12.3483    12.3468    -0.0015    12.3473    12.3458    -0.0015   4.015865   4.015802  -0.000063    34.8266    34.8273     6.0568    26.3875    26.3884         21  0.000e+00
      70471 295.048961  -42.18756  -53.45702     -0.289    1478.74      7.542      7.483    12.3482    12.3468    -0.0014    12.3472    12.3458    -0.0014   4.015852   4.015762  -0.000090    34.8265    34.8270     6.0567    26.3875    26.3881         21  0.000e+00
      70472 295.048962  -42.18756  -53.45702     -0.268    1478.74      7.542      7.483    12.3485    12.3466    -0.0019    12.3475    12.3456    -0.0019   4.015871   4.015749  -0.000122    34.8264    34.8270     6.0523    26.3873    26.3882         21  0.000e+00
      70473 295.048962  -42.18756  -53.45702     -0.248    1478.74      7.599      7.539    12.3481    12.3471    -0.0010    12.3471    12.3461    -0.0010   4.015826   4.015723  -0.000103    34.8263    34.8262     6.0518    26.3873    26.3874         21  0.000e+00
      70474 295.048963  -42.18756  -53.45702     -0.229    1478.74      7.542      7.483    12.3480    12.3469    -0.0011    12.3470    12.3459    -0.0011   4.015813   4.015769  -0.000044    34.8263    34.8269     6.0512    26.3873    26.3880         22  0.000e+00
      70475 295.048963  -42.18756  -53.45702     -0.208    1478.74      7.599      7.539    12.3480    12.3466    -0.0014    12.3470    12.3456    -0.0014   4.015865   4.015763  -0.000102    34.8268    34.8271     6.0506    26.3877    26.3882         22  0.000e+00
      70476 295.048964  -42.18756  -53.45702     -0.186    1478.74      7.599      7.539    12.3481    12.3466    -0.0015    12.3471    12.3456    -0.0015   4.015807   4.015749  -0.000057    34.8261    34.8270     6.0500    26.3872    26.3881         22  0.000e+00
      70477 295.048964  -42.18756  -53.45702     -0.162    1478.74      7.607      7.547    12.3480    12.3466    -0.0014    12.3470    12.3456    -0.0014   4.015826   4.015749  -0.000077    34.8264    34.8269     6.0493    26.3874    26.3881         22  0.000e+00
      70478 295.048965  -42.18756  -53.45702     -0.149    1478.74      7.599      7.539    12.3478    12.3468    -0.0011    12.3468    12.3458    -0.0011   4.015871   4.015776  -0.000096    34.8270    34.8271     6.0487    26.3879    26.3882         22  0.000e+00
      70479 295.048965  -42.18756  -53.45702     -0.125    1478.74      7.599      7.539    12.3478    12.3469    -0.0008    12.3468    12.3459    -0.0008   4.015852   4.015808  -0.000044    34.8269    34.8272     6.0480    26.3878    26.3882         22  0.000e+00
      70480 295.048966  -42.18756  -53.45702     -0.103    1478.74      7.663      7.603    12.3478    12.3468    -0.0011    12.3468    12.3457    -0.0011   4.015820   4.015881   0.000061    34.8265    34.8281     6.0473    26.3875    26.3889         22  0.000e+00
      70481 295.048966  -42.18756  -53.45702     -0.083    1478.74      7.663      7.603    12.3477    12.3471    -0.0005    12.3467    12.3461    -0.0005   4.015833   4.015861   0.000028    34.8267    34.8275     6.0466    26.3877    26.3884         22  0.000e+00
      70482 295.048967  -42.18756  -53.45702     -0.060    1478.74      7.663      7.603    12.3479    12.3474    -0.0005    12.3469    12.3464    -0.0005   4.015897   4.015854  -0.000043    34.8271    34.8272     6.0463    26.3880    26.3881         22  0.000e+00
      70483 295.048967  -42.18756  -53.45702     -0.041    1478.74      7.720      7.659    12.3478    12.3475    -0.0004    12.3468    12.3464    -0.0004   4.015891   4.015854  -0.000037    34.8271    34.8271     6.0460    26.3880    26.3881         22  0.000e+00
      70484 295.048967  -42.18756  -53.45702     -0.025    1478.74      7.663      7.603    12.3478    12.3477    -0.0001    12.3468    12.3467    -0.0001   4.015852   4.015881   0.000028    34.8268    34.8271     6.0415    26.3877    26.3880         22  0.000e+00
      70485 295.048968  -42.18756  -53.45702     -0.005    1478.74      7.720      7.659    12.3479    12.3473    -0.0007    12.3469    12.3462    -0.0007   4.015846   4.015861   0.000015    34.8266    34.8274     6.0408    26.3876    26.3883         22  0.000e+00
      70486 295.048968  -42.18756  -53.45702      0.019    1478.74      7.784      7.723    12.3478    12.3474    -0.0004    12.3468    12.3464    -0.0004   4.015872   4.015854  -0.000017    34.8269    34.8271     6.0402    26.3878    26.3881         22  0.000e+00
      70487 295.048969  -42.18756  -53.45702      0.036    1478.74      7.720      7.659    12.3478    12.3475    -0.0004    12.3468    12.3464    -0.0004   4.015884   4.015828  -0.000056    34.8271    34.8269     6.0433    26.3880    26.3879         22  0.000e+00
      70488 295.048969  -42.18756  -53.45702      0.056    1478.74      7.776      7.715    12.3478    12.3471    -0.0007    12.3467    12.3461    -0.0007   4.015852   4.015795  -0.000057    34.8268    34.8269     6.0430    26.3877    26.3880         22  0.000e+00
      70489 295.048970  -42.18756  -53.45702      0.079    1478.74      7.841      7.779    12.3477    12.3471    -0.0005    12.3466    12.3461    -0.0005   4.015872   4.015835  -0.000037    34.8270    34.8272     6.0428    26.3880    26.3882         22  0.000e+00
      70490 295.048970  -42.18756  -53.45702      0.095    1478.74      7.776      7.715    12.3475    12.3472    -0.0003    12.3465    12.3462    -0.0003   4.015884   4.015854  -0.000030    34.8274    34.8273     6.0425    26.3883    26.3883         22  0.000e+00
      70491 295.048971  -42.18756  -53.45702      0.111    1478.74      7.841      7.779    12.3479    12.3471    -0.0008    12.3469    12.3461    -0.0008   4.015884   4.015881  -0.000004    34.8269    34.8276     6.0422    26.3878    26.3885         22  0.000e+00
      70492 295.048971  -42.18756  -53.45702      0.133    1478.74      7.897      7.835    12.3482    12.3477    -0.0004    12.3471    12.3467    -0.0004   4.015904   4.015867  -0.000036    34.8269    34.8269     6.0419    26.3877    26.3879         22  0.000e+00
      70493 295.048972  -42.18756  -53.45702      0.151    1478.74      7.897      7.835    12.3483    12.3478    -0.0005    12.3473    12.3467    -0.0005   4.015891   4.015907   0.000016    34.8266    34.8273     6.0463    26.3875    26.3881         22  0.000e+00
      70494 295.048972  -42.18756  -53.45702      0.168    1478.74      7.897      7.835    12.3481    12.3477    -0.0004    12.3471    12.3467    -0.0004   4.015936   4.015867  -0.000069    34.8272    34.8269     6.0426    26.3880    26.3879         22  0.000e+00
      70495 295.048973  -42.18756  -53.45702      0.188    1478.74      7.961      7.899    12.3482    12.3476    -0.0006    12.3471    12.3465    -0.0006   4.015956   4.015854  -0.000101    34.8273    34.8269     6.0428    26.3881    26.3879         22  0.000e+00
      70496 295.048973  -42.18756  -53.45702      0.206    1478.74      7.953      7.891    12.3482    12.3477    -0.0004    12.3471    12.3467    -0.0004   4.015923   4.015881  -0.000043    34.8270    34.8270     6.0430    26.3879    26.3879         22  0.000e+00
      70497 295.048974  -42.18756  -53.45702      0.225    1478.74      8.018      7.955    12.3479    12.3476    -0.0003    12.3469    12.3465    -0.0003   4.015891   4.015841  -0.000050    34.8269    34.8267     6.0432    26.3878    26.3878         22  0.000e+00
      70498 295.048974  -42.18756  -53.45702      0.238    1478.74      7.953      7.891    12.3480    12.3471    -0.0009    12.3470    12.3460    -0.0009   4.015904   4.015822  -0.000082    34.8270    34.8271     6.0434    26.3879    26.3881         22  0.000e+00
      70499 295.048975  -42.18756  -53.45702      0.254    1478.74      8.018      7.955    12.3480    12.3469    -0.0011    12.3470    12.3459    -0.0011   4.015917   4.015822  -0.000095    34.8271    34.8272     6.0432    26.3879    26.3882         22  0.000e+00
      70500 295.048975  -42.18756  -53.45702      0.272    1478.74      8.074      8.011    12.3481    12.3471    -0.0010    12.3470    12.3460    -0.0010   4.015891   4.015743  -0.000148    34.8267    34.8262     6.0430    26.3876    26.3875         22  0.000e+00
      70501 295.048976  -42.18756  -53.45702      0.285    1478.74      8.074      8.011    12.3480    12.3469    -0.0011    12.3469    12.3459    -0.0011   4.015852   4.015769  -0.000083    34.8264    34.8266     6.0433    26.3874    26.3878         22  0.000e+00
      70502 295.048976  -42.18756  -53.45702      0.307    1478.74      8.195      8.130    12.3475    12.3468    -0.0007    12.3464    12.3457    -0.0007   4.015872   4.015809  -0.000063    34.8271    34.8271     6.0437    26.3880    26.3882         22  0.000e+00
      70503 295.048977  -42.18756  -53.45702      0.322    1478.74      8.082      8.019    12.3478    12.3468    -0.0010    12.3467    12.3457    -0.0010   4.015904   4.015822  -0.000082    34.8272    34.8273     6.0438    26.3880    26.3884         22  0.000e+00
      70504 295.048977  -42.18756  -53.45702      0.334    1478.74      8.139      8.075    12.3473    12.3471    -0.0003    12.3463    12.3460    -0.0003   4.015917   4.015795  -0.000121    34.8277    34.8267     6.0441    26.3885    26.3878         22  0.000e+00
      70505 295.048978  -42.18756  -53.45702      0.348    1478.74      8.139      8.075    12.3473    12.3469    -0.0004    12.3463    12.3459    -0.0004   4.015891   4.015789  -0.000102    34.8274    34.8268     6.0444    26.3883    26.3879         22  0.000e+00
      70506 295.048978  -42.18756  -53.45702      0.364    1478.74      8.251      8.186    12.3476    12.3469    -0.0007    12.3465    12.3458    -0.0007   4.015885   4.015756  -0.000128    34.8271    34.8265     6.0448    26.3880    26.3877         23  0.000e+00
      70507 295.048979  -42.18756  -53.45702      0.375    1478.74      8.195      8.131    12.3475    12.3471    -0.0004    12.3464    12.3460    -0.0004   4.015852   4.015776  -0.000076    34.8269    34.8265     6.0451    26.3879    26.3876         23  0.000e+00
      70508 295.048979  -42.18756  -53.45702      0.388    1478.74      8.252      8.187    12.3478    12.3472    -0.0006    12.3467    12.3461    -0.0006   4.015898   4.015868  -0.000030    34.8270    34.8272     6.0454    26.3879    26.3882         23  0.000e+00
      70509 295.048980  -42.18756  -53.45702      0.402    1478.74      8.252      8.187    12.3479    12.3475    -0.0005    12.3468    12.3464    -0.0005   4.015891   4.015894   0.000003    34.8268    34.8273     6.0457    26.3878    26.3882         23  0.000e+00
      70510 295.048980  -42.18756  -53.45702      0.411    1478.74      8.252      8.187    12.3478    12.3471    -0.0007    12.3467    12.3460    -0.0007   4.015885   4.015861  -0.000024    34.8269    34.8273     6.0457    26.3878    26.3883         23  0.000e+00
      70511 295.048981  -42.18756  -53.45702      0.425    1478.74      8.324      8.258    12.3480    12.3473    -0.0007    12.3469    12.3462    -0.0007   4.015904   4.015828  -0.000076    34.8268    34.8268     6.0457    26.3877    26.3879         23  0.000e+00
      70512 295.048981  -42.18756  -53.45702      0.434    1478.74      8.316      8.250    12.3481    12.3472    -0.0009    12.3470    12.3461    -0.0009   4.015949   4.015822  -0.000127    34.8272    34.8268     6.0460    26.3880    26.3879         23  0.000e+00
      70513 295.048981  -42.18756  -53.45702      0.444    1478.74      8.316      8.251    12.3485    12.3471    -0.0014    12.3474    12.3460    -0.0014   4.015982   4.015900  -0.000081    34.8271    34.8276     6.0459    26.3879    26.3885         23  0.000e+00
      70514 295.048982  -42.18756  -53.45702      0.452    1478.74      8.372      8.306    12.3486    12.3472    -0.0014    12.3475    12.3461    -0.0014   4.016040   4.015907  -0.000133    34.8275    34.8276     6.0459    26.3882    26.3885         23  0.000e+00
      70515 295.048982  -42.18756  -53.45702      0.462    1478.74      8.437      8.370    12.3486    12.3475    -0.0011    12.3475    12.3463    -0.0011   4.016001   4.015894  -0.000107    34.8272    34.8272     6.0459    26.3879    26.3881         23  0.000e+00
