Pos-Processados/process_op41/operantar41_010.ros
* Sea-Bird SBE 9 Data File:
* FileName = C:\Users\Dell\Desktop\OperantarXLI\config\00_BRUTOS\OPE41010.hdr
* Software Version Seasave V 7.26.7.110
* Temperature SN = 6497
* Conductivity SN = 4954
* Number of Bytes Per Scan = 31
* Number of Voltage Words = 2
* Number of Scans Averaged by the Deck Unit = 1
* NMEA Latitude = 43 21.18 S
* NMEA Longitude = 052 01.61 W
* NMEA UTC (Time) = Oct 23 2022 09:44:46
* NMEA baud rate = 4800
** H41
** Navio Polar Almirante Maximiano
** LH-021/2022
** Operantar XLI
** Número da Estação 010
** Latitude 43 21.101' S
** Longitude 52 01.366' W
** Data/Hora (Z) 23/10/2022 0903Z
** Profundidade local 5718 m
** 09-1439
** Nome do Operador CT Garla
# nquan = 24
# nvalues = 1533                                  
# units = specified
# name 0 = scan: Scan Count
# name 1 = timeJ: Julian Days
# name 2 = latitude: Latitude [deg]
# name 3 = longitude: Longitude [deg]
# name 4 = dz/dtM: Descent Rate [m/s]
# name 5 = avgsvCM: Average Sound Velocity [Chen-Millero, m/s]
# name 6 = prDM: Pressure, Digiquartz [db]
# name 7 = depSM: Depth [salt water, m]
# name 8 = t090C: Temperature [ITS-90, deg C]
# name 9 = t190C: Temperature, 2 [ITS-90, deg C]
# name 10 = T2-T190C: Temperature Difference, 2 - 1 [ITS-90, deg C]
# name 11 = potemp090C: Potential Temperature [ITS-90, deg C]
# name 12 = potemp190C: Potential Temperature, 2 [ITS-90, deg C]
# name 13 = potemp90Cdiff: Potential Temperature, Diff, 2 - 1 [ITS-90, deg C]
# name 14 = c0S/m: Conductivity [S/m]
# name 15 = c1S/m: Conductivity, 2 [S/m]
# name 16 = C2-C1S/m: Conductivity Difference, 2 - 1 [S/m]
# name 17 = sal00: Salinity, Practical [PSU]
# name 18 = sal11: Salinity, Practical, 2 [PSU]
# name 19 = sbeox0ML/L: Oxygen, SBE 43 [ml/l]
# name 20 = sigma-é00: Density [sigma-theta, kg/m^3]
# name 21 = sigma-é11: Density, 2 [sigma-theta, kg/m^3]
# name 22 = nbf: Bottles Fired
# name 23 = flag:  0.000e+00
# interval = seconds: 0.0416667
# start_time = Oct 23 2022 09:44:46 [NMEA time, header]
# bad_flag = -9.990e-29
*END*
[from data line 1148]
       8765 296.410314  -43.35330  -52.02778      0.080    1506.09      4.851      4.812    14.4317    14.4327     0.0011    14.4309    14.4320     0.0011   4.298606   4.298610   0.000003    35.5775    35.5766     5.5001    26.5416    26.5406         20  0.000e+00
       8766 296.410315  -43.35330  -52.02778      0.076    1506.09      4.786      4.748    14.4318    14.4324     0.0006    14.4311    14.4317     0.0006   4.298593   4.298590  -0.000003    35.5773    35.5767     5.5005    26.5414    26.5408         20  0.000e+00
       8767 296.410315  -43.35330  -52.02778      0.075    1506.09      4.851      4.812    14.4320    14.4326     0.0006    14.4313    14.4318     0.0006   4.298586   4.298522  -0.000064    35.5771    35.5759     5.5010    26.5411    26.5401         20  0.000e+00
       8768 296.410316  -43.35330  -52.02778      0.070    1506.09      4.786      4.748    14.4318    14.4324     0.0006    14.4311    14.4317     0.0006   4.298606   4.298569  -0.000037    35.5774    35.5765     5.5014    26.5415    26.5406         20  0.000e+00
       8769 296.410316  -43.35330  -52.02778      0.069    1506.09      4.851      4.812    14.4315    14.4324     0.0010    14.4307    14.4317     0.0010   4.298620   4.298583  -0.000037    35.5778    35.5766     5.5018    26.5419    26.5407         20  0.000e+00
       8770 296.410317  -43.35330  -52.02778      0.061    1506.09      4.738      4.700    14.4317    14.4324     0.0008    14.4310    14.4317     0.0008   4.298633   4.298556  -0.000077    35.5778    35.5764     5.5021    26.5418    26.5405         20  0.000e+00
       8771 296.410317  -43.35330  -52.02778      0.059    1506.09      4.851      4.812    14.4320    14.4325     0.0005    14.4313    14.4318     0.0005   4.298653   4.298549  -0.000104    35.5777    35.5762     5.5026    26.5416    26.5404         20  0.000e+00
       8772 296.410318  -43.35330  -52.02778      0.057    1506.09      4.786      4.748    14.4321    14.4326     0.0004    14.4314    14.4319     0.0004   4.298600   4.298515  -0.000084    35.5771    35.5759     5.5069    26.5411    26.5401         20  0.000e+00
       8773 296.410318  -43.35330  -52.02778      0.051    1506.09      4.786      4.748    14.4320    14.4324     0.0004    14.4313    14.4317     0.0004   4.298639   4.298590  -0.000050    35.5776    35.5767     5.5036    26.5415    26.5408         20  0.000e+00
       8774 296.410319  -43.35330  -52.02778      0.044    1506.09      4.786      4.748    14.4323    14.4327     0.0004    14.4316    14.4320     0.0004   4.298679   4.298623  -0.000056    35.5776    35.5767     5.5039    26.5415    26.5407         20  0.000e+00
       8775 296.410319  -43.35330  -52.02778      0.048    1506.09      4.851      4.812    14.4321    14.4326     0.0004    14.4314    14.4318     0.0004   4.298613   4.298623   0.000010    35.5772    35.5769     5.5043    26.5412    26.5409         20  0.000e+00
       8776 296.410320  -43.35330  -52.02778      0.041    1506.09      4.786      4.748    14.4324    14.4327     0.0003    14.4317    14.4320     0.0003   4.298639   4.298590  -0.000050    35.5771    35.5764     5.5045    26.5411    26.5405         20  0.000e+00
       8777 296.410320  -43.35330  -52.02778      0.037    1506.09      4.786      4.748    14.4323    14.4327     0.0004    14.4316    14.4320     0.0004   4.298626   4.298583  -0.000043    35.5772    35.5764     5.5048    26.5411    26.5404         20  0.000e+00
       8778 296.410321  -43.35330  -52.02778      0.034    1506.09      4.786      4.748    14.4325    14.4326     0.0001    14.4318    14.4319     0.0001   4.298646   4.298563  -0.000084    35.5772    35.5763     5.5047    26.5411    26.5404         20  0.000e+00
       8779 296.410321  -43.35330  -52.02778      0.029    1506.09      4.786      4.748    14.4323    14.4327     0.0004    14.4316    14.4320     0.0004   4.298659   4.298576  -0.000083    35.5775    35.5763     5.5046    26.5414    26.5404         21  0.000e+00
       8780 296.410322  -43.35330  -52.02778      0.029    1506.09      4.851      4.812    14.4323    14.4327     0.0003    14.4316    14.4319     0.0003   4.298659   4.298583  -0.000077    35.5774    35.5764     5.5085    26.5414    26.5405         21  0.000e+00
       8781 296.410322  -43.35330  -52.02778      0.025    1506.09      4.786      4.748    14.4323    14.4326     0.0003    14.4316    14.4319     0.0003   4.298626   4.298556  -0.000070    35.5772    35.5763     5.5043    26.5411    26.5404         21  0.000e+00
       8782 296.410323  -43.35330  -52.02778      0.020    1506.09      4.730      4.692    14.4325    14.4326     0.0001    14.4318    14.4319     0.0001   4.298646   4.298549  -0.000097    35.5772    35.5762     5.4996    26.5411    26.5404         21  0.000e+00
       8783 296.410323  -43.35330  -52.02778      0.016    1506.09      4.851      4.812    14.4325    14.4324    -0.0001    14.4318    14.4317    -0.0001   4.298659   4.298549  -0.000110    35.5773    35.5763     5.5027    26.5412    26.5405         21  0.000e+00
       8784 296.410324  -43.35330  -52.02778      0.015    1506.09      4.786      4.748    14.4325    14.4324    -0.0001    14.4318    14.4317    -0.0001   4.298626   4.298603  -0.000023    35.5770    35.5768     5.5024    26.5410    26.5409         21  0.000e+00
       8785 296.410324  -43.35330  -52.02778      0.006    1506.09      4.730      4.692    14.4323    14.4326     0.0003    14.4316    14.4319     0.0003   4.298620   4.298563  -0.000057    35.5771    35.5764     5.5020    26.5411    26.5405         21  0.000e+00
       8786 296.410325  -43.35330  -52.02778      0.005    1506.09      4.794      4.756    14.4325    14.4326     0.0001    14.4318    14.4319     0.0001   4.298646   4.298549  -0.000097    35.5772    35.5762     5.4977    26.5411    26.5403         21  0.000e+00
       8787 296.410325  -43.35330  -52.02778      0.001    1506.09      4.786      4.748    14.4324    14.4326     0.0001    14.4317    14.4319     0.0001   4.298600   4.298522  -0.000077    35.5768    35.5760     5.5006    26.5408    26.5402         21  0.000e+00
       8788 296.410326  -43.35330  -52.02778     -0.001    1506.09      4.786      4.748    14.4323    14.4327     0.0003    14.4316    14.4319     0.0003   4.298639   4.298536  -0.000104    35.5773    35.5760     5.5002    26.5412    26.5402         21  0.000e+00
       8789 296.410326  -43.35330  -52.02778     -0.002    1506.09      4.786      4.748    14.4325    14.4326     0.0001    14.4318    14.4319     0.0001   4.298626   4.298569  -0.000057    35.5770    35.5764     5.4998    26.5410    26.5405         21  0.000e+00
       8790 296.410326  -43.35330  -52.02778     -0.007    1506.09      4.786      4.748    14.4323    14.4327     0.0004    14.4316    14.4320     0.0004   4.298620   4.298610  -0.000010    35.5771    35.5766     5.4997    26.5411    26.5406         21  0.000e+00
       8791 296.410327  -43.35330  -52.02778     -0.009    1506.09      4.786      4.748    14.4321    14.4326     0.0004    14.4314    14.4319     0.0004   4.298620   4.298590  -0.000030    35.5773    35.5766     5.4996    26.5413    26.5406         21  0.000e+00
       8792 296.410327  -43.35330  -52.02778     -0.014    1506.09      4.730      4.692    14.4323    14.4324     0.0001    14.4316    14.4317     0.0001   4.298646   4.298583  -0.000063    35.5774    35.5767     5.4990    26.5413    26.5407         21  0.000e+00
       8793 296.410328  -43.35330  -52.02778     -0.015    1506.09      4.786      4.748    14.4323    14.4326     0.0003    14.4316    14.4319     0.0003   4.298626   4.298583  -0.000043    35.5772    35.5765     5.4989    26.5411    26.5406         21  0.000e+00
       8794 296.410328  -43.35330  -52.02778     -0.017    1506.09      4.786      4.748    14.4325    14.4326     0.0001    14.4318    14.4319     0.0001   4.298646   4.298583  -0.000063    35.5772    35.5765     5.4987    26.5411    26.5406         21  0.000e+00
       8795 296.410329  -43.35330  -52.02778     -0.019    1506.09      4.786      4.748    14.4321    14.4324     0.0003    14.4314    14.4317     0.0003   4.298626   4.298583  -0.000043    35.5773    35.5766     5.4985    26.5413    26.5407         21  0.000e+00
       8796 296.410329  -43.35330  -52.02778     -0.023    1506.09      4.730      4.692    14.4323    14.4325     0.0002    14.4316    14.4318     0.0002   4.298620   4.298583  -0.000037    35.5771    35.5766     5.4982    26.5411    26.5406         21  0.000e+00
       8797 296.410330  -43.35330  -52.02778     -0.021    1506.09      4.786      4.748    14.4323    14.4326     0.0003    14.4316    14.4319     0.0003   4.298646   4.298563  -0.000084    35.5773    35.5763     5.4941    26.5413    26.5404         21  0.000e+00
       8798 296.410330  -43.35330  -52.02778     -0.022    1506.09      4.786      4.748    14.4323    14.4324     0.0001    14.4316    14.4317     0.0001   4.298626   4.298576  -0.000050    35.5772    35.5766     5.4935    26.5411    26.5407         21  0.000e+00
       8799 296.410331  -43.35330  -52.02778     -0.024    1506.09      4.786      4.748    14.4321    14.4326     0.0004    14.4314    14.4319     0.0004   4.298593   4.298556  -0.000037    35.5770    35.5763     5.4929    26.5411    26.5404         21  0.000e+00
       8800 296.410331  -43.35330  -52.02778     -0.025    1506.09      4.786      4.748    14.4320    14.4324     0.0004    14.4313    14.4317     0.0004   4.298606   4.298603  -0.000003    35.5773    35.5768     5.4924    26.5413    26.5409         21  0.000e+00
       8801 296.410332  -43.35330  -52.02778     -0.025    1506.09      4.730      4.692    14.4323    14.4324     0.0001    14.4316    14.4317     0.0001   4.298646   4.298623  -0.000023    35.5774    35.5770     5.4917    26.5413    26.5410         21  0.000e+00
       8802 296.410332  -43.35330  -52.02778     -0.025    1506.09      4.738      4.700    14.4323    14.4326     0.0003    14.4316    14.4319     0.0003   4.298659   4.298563  -0.000097    35.5775    35.5764     5.4911    26.5414    26.5405         21  0.000e+00
       8803 296.410333  -43.35330  -52.02778     -0.029    1506.09      4.786      4.748    14.4321    14.4324     0.0003    14.4314    14.4317     0.0003   4.298620   4.298603  -0.000017    35.5773    35.5768     5.4906    26.5413    26.5409         21  0.000e+00
       8804 296.410333  -43.35330  -52.02778     -0.030    1506.09      4.786      4.748    14.4321    14.4324     0.0003    14.4314    14.4317     0.0003   4.298613   4.298563  -0.000050    35.5772    35.5765     5.4901    26.5412    26.5406         21  0.000e+00
       8805 296.410334  -43.35330  -52.02778     -0.027    1506.09      4.786      4.748    14.4320    14.4327     0.0007    14.4313    14.4319     0.0007   4.298620   4.298603  -0.000017    35.5774    35.5766     5.4895    26.5414    26.5407         21  0.000e+00
       8806 296.410334  -43.35330  -52.02778     -0.031    1506.09      4.730      4.692    14.4321    14.4326     0.0004    14.4314    14.4319     0.0004   4.298620   4.298596  -0.000023    35.5773    35.5767     5.4892    26.5413    26.5407         21  0.000e+00
       8807 296.410335  -43.35330  -52.02778     -0.027    1506.09      4.786      4.748    14.4321    14.4324     0.0003    14.4314    14.4317     0.0003   4.298593   4.298583  -0.000010    35.5770    35.5766     5.4891    26.5411    26.5407         21  0.000e+00
       8808 296.410335  -43.35330  -52.02778     -0.028    1506.09      4.786      4.748    14.4323    14.4324     0.0001    14.4316    14.4317     0.0001   4.298639   4.298556  -0.000084    35.5773    35.5764     5.4929    26.5412    26.5405         21  0.000e+00
       8809 296.410336  -43.35330  -52.02778     -0.031    1506.09      4.730      4.692    14.4323    14.4327     0.0004    14.4316    14.4320     0.0004   4.298626   4.298515  -0.000111    35.5772    35.5757     5.4890    26.5412    26.5400         21  0.000e+00
       8810 296.410336  -43.35330  -52.02778     -0.028    1506.09      4.786      4.748    14.4323    14.4324     0.0001    14.4316    14.4317     0.0001   4.298646   4.298536  -0.000110    35.5773    35.5762     5.4928    26.5413    26.5404         21  0.000e+00
       8811 296.410337  -43.35330  -52.02778     -0.028    1506.09      4.786      4.748    14.4323    14.4324     0.0001    14.4316    14.4317     0.0001   4.298626   4.298569  -0.000057    35.5772    35.5765     5.4930    26.5411    26.5406         21  0.000e+00
       8812 296.410337  -43.35330  -52.02778     -0.027    1506.09      4.730      4.692    14.4323    14.4326     0.0003    14.4316    14.4319     0.0003   4.298620   4.298583  -0.000037    35.5771    35.5765     5.4892    26.5411    26.5406         21  0.000e+00
       8813 296.410338  -43.35330  -52.02778     -0.027    1506.09      4.786      4.748    14.4321    14.4325     0.0004    14.4314    14.4318     0.0004   4.298620   4.298556  -0.000064    35.5773    35.5763     5.4891    26.5413    26.5404         21  0.000e+00
       8814 296.410338  -43.35330  -52.02778     -0.026    1506.09      4.730      4.692    14.4325    14.4324    -0.0001    14.4318    14.4317    -0.0001   4.298619   4.298569  -0.000050    35.5769    35.5765     5.4888    26.5409    26.5406         21  0.000e+00
       8815 296.410339  -43.35330  -52.02778     -0.026    1506.09      4.786      4.748    14.4321    14.4324     0.0003    14.4314    14.4317     0.0003   4.298646   4.298583  -0.000063    35.5775    35.5766     5.4888    26.5415    26.5407         21  0.000e+00
       8816 296.410339  -43.35330  -52.02778     -0.021    1506.09      4.786      4.748    14.4325    14.4324    -0.0001    14.4318    14.4317    -0.0001   4.298659   4.298583  -0.000077    35.5773    35.5766     5.4886    26.5412    26.5407         21  0.000e+00
       8817 296.410340  -43.35330  -52.02778     -0.020    1506.09      4.786      4.748    14.4321    14.4326     0.0004    14.4314    14.4319     0.0004   4.298659   4.298583  -0.000077    35.5776    35.5765     5.4886    26.5415    26.5406         21  0.000e+00
       8818 296.410340  -43.35330  -52.02778     -0.022    1506.09      4.681      4.644    14.4321    14.4322     0.0001    14.4314    14.4316     0.0001   4.298626   4.298522  -0.000104    35.5774    35.5763     5.4884    26.5413    26.5405         21  0.000e+00
       8819 296.410340  -43.35330  -52.02778     -0.024    1506.09      4.786      4.748    14.4320    14.4324     0.0004    14.4313    14.4317     0.0004   4.298593   4.298563  -0.000030    35.5771    35.5765     5.4884    26.5412    26.5406         21  0.000e+00
       8820 296.410341  -43.35330  -52.02778     -0.022    1506.09      4.730      4.692    14.4321    14.4326     0.0004    14.4314    14.4319     0.0004   4.298606   4.298522  -0.000084    35.5772    35.5760     5.4883    26.5412    26.5402         21  0.000e+00
       8821 296.410341  -43.35330  -52.02778     -0.021    1506.09      4.786      4.748    14.4325    14.4325     0.0000    14.4318    14.4318     0.0000   4.298620   4.298563  -0.000057    35.5769    35.5764     5.4886    26.5409    26.5405         21  0.000e+00
       8822 296.410342  -43.35330  -52.02778     -0.020    1506.09      4.786      4.748    14.4321    14.4324     0.0003    14.4314    14.4317     0.0003   4.298593   4.298556  -0.000037    35.5770    35.5764     5.4887    26.5411    26.5405         21  0.000e+00
       8823 296.410342  -43.35330  -52.02778     -0.022    1506.09      4.730      4.692    14.4323    14.4326     0.0003    14.4316    14.4319     0.0003   4.298586   4.298603   0.000017    35.5768    35.5767     5.4886    26.5409    26.5408         21  0.000e+00
