Pos-Processados/process_op41/operantar41_016.cnv
* Sea-Bird SBE 9 Data File:
* FileName = C:\Users\Dell\Desktop\OperantarXLI\config\00_BRUTOS\OPE41016.hdr
* Software Version Seasave V 7.26.7.110
* Temperature SN = 6497
* Conductivity SN = 4954
* Number of Bytes Per Scan = 31
* Number of Voltage Words = 2
* Number of Scans Averaged by the Deck Unit = 1
* NMEA Latitude = 62 09.82 S
* NMEA Longitude = 058 22.39 W
* NMEA UTC (Time) = Nov 09 2022 14:38:16
* NMEA baud rate = 4800
** H41
** Navio Polar Almirante Maximiano
** LH-021/2022
** Operantar XLI
** Número da Estação 0016
** Latitude 62 9,860 S
** Longitude 58 22,350 W
** Data/Hora (Z) 09/11/22 1440Z
** Profundidade local 415 m
** 09-1439
** Nome do Operador CT GARLA
# nquan = 30
# nvalues = 775                         
# units = specified
# name 0 = scan: Scan Count
# name 1 = timeJ: Julian Days
# name 2 = latitude: Latitude [deg]
# name 3 = longitude: Longitude [deg]
# name 4 = dz/dtM: Descent Rate [m/s]
# name 5 = avgsvCM: Average Sound Velocity [Chen-Millero, m/s]
# name 6 = prDM: Pressure, Digiquartz [db]
# name 7 = depSM: Depth [salt water, m]
# name 8 = t090C: Temperature [ITS-90, deg C]
# name 9 = t190C: Temperature, 2 [ITS-90, deg C]
# name 10 = T2-T190C: Temperature Difference, 2 - 1 [ITS-90, deg C]
# name 11 = potemp090C: Potential Temperature [ITS-90, deg C]
# name 12 = potemp190C: Potential Temperature, 2 [ITS-90, deg C]
# name 13 = potemp90Cdiff: Potential Temperature, Diff, 2 - 1 [ITS-90, deg C]
# name 14 = c0S/m: Conductivity [S/m]
# name 15 = c1S/m: Conductivity, 2 [S/m]
# name 16 = C2-C1S/m: Conductivity Difference, 2 - 1 [S/m]
# name 17 = sal00: Salinity, Practical [PSU]
# name 18 = sal11: Salinity, Practical, 2 [PSU]
# name 19 = sbeox0ML/L: Oxygen, SBE 43 [ml/l]
# name 20 = sigma-é00: Density [sigma-theta, kg/m^3]
# name 21 = sigma-é11: Density, 2 [sigma-theta, kg/m^3]
# name 22 = sal00: Salinity, Practical [PSU]
# name 23 = sigma-é00: Density [sigma-theta, kg/m^3]
# name 24 = svCM: Sound Velocity [Chen-Millero, m/s]
# name 25 = svCM1: Sound Velocity, 2 [Chen-Millero, m/s]
# name 26 = gsw_ptA0: potential temperature [ITS-90, deg C]
# name 27 = gsw_densityA0: density, TEOS-10 [density, kg/m^3]
# name 28 = gsw_saA0: Absolute Salinity [g/kg]
# name 29 = flag:
# span 0 =       2633,      24327       
# span 1 = 313.611177, 313.621639       
# span 2 =  -62.16384,  -62.16372       
# span 3 =  -58.37318,  -58.37284       
# span 4 =     -1.390,      1.366       
# span 5 =      -0.01,    1450.59       
# span 6 =      2.000,    389.000       
# span 7 =      1.982,    384.910       
# span 8 =    -0.2594,    -0.0694       
# span 9 =    -0.2594,    -0.0685       
# span 10 =    -0.0076,     0.0031      
# span 11 =    -0.2688,    -0.0696      
# span 12 =    -0.2688,    -0.0686      
# span 13 =    -0.0076,     0.0031      
# span 14 =   2.833390,   2.855643      
# span 15 =   2.833468,   2.855667      
# span 16 =  -0.000573,   0.000302      
# span 17 =    34.1810,    34.3778      
# span 18 =    34.1819,    34.3786      
# span 19 =     6.4241,     7.4868      
# span 20 =    27.4502,    27.6159      
# span 21 =    27.4507,    27.6165      
# span 22 =    34.1808,    34.3778      
# span 23 =    27.4494,    27.6159      
# span 24 =    1447.60,    1453.61      
# span 25 =    1447.61,    1453.61      
# span 26 =    -0.2686,    -0.0695      
# span 27 =  1027.4649,  1029.4702      
# span 28 =    34.3457,    34.5459      
# span 29 = 0.0000e+00, 0.0000e+00      
# interval = decibars: 1                
# start_time = Nov 09 2022 14:38:16 [NMEA time, header]
# bad_flag = -9.990e-29
*END*
[from data line 194]
       7639 313.613591  -62.16374 -9.990e-29      0.892    1449.18    196.000    194.027    -0.2113    -0.2111     0.0002    -0.2181    -0.2179     0.0002   2.836139   2.836185   0.000040    34.2221    34.2224     7.3174    27.4892    27.4894    34.2209    27.4882    1450.31    1450.31    -0.2179  1028.4297    34.3899 0.0000e+00
       7660 313.613601  -62.16372 -9.990e-29      1.064    1449.18    197.000    195.017    -0.2224    -0.2213     0.0012    -0.2292    -0.2280     0.0012   2.835496   2.835592   0.000096    34.2258    34.2258     7.3146    27.4927    27.4926    34.2242    27.4915    1450.28    1450.28    -0.2290  1028.4377    34.3933 0.0000e+00
       7681 313.613611  -62.16374 -9.990e-29      1.132    1449.18    198.000    196.006    -0.2272    -0.2275    -0.0003    -0.2340    -0.2343    -0.0003   2.835284   2.835303   0.000020    34.2274    34.2280     7.3117    27.4943    27.4947    34.2262    27.4933    1450.27    1450.27    -0.2339  1028.4443    34.3952 0.0000e+00
       7707 313.613624  -62.16374  -58.37286      1.015    1449.18    199.000    196.996    -0.2317    -0.2317    -0.0000    -0.2385    -0.2385    -0.0000   2.835055   2.835092   0.000038    34.2287    34.2293     7.2965    27.4955    27.4960    34.2275    27.4945    1450.27    1450.27    -0.2384  1028.4497    34.3957 0.0000e+00
       7736 313.613638  -62.16374  -58.37286      0.855    1449.18    200.000    197.985    -0.2345    -0.2344     0.0000    -0.2413    -0.2413     0.0000   2.834942   2.834989   0.000046    34.2295    34.2301     7.2811    27.4963    27.4968    34.2285    27.4955    1450.27    1450.27    -0.2412  1028.4543    34.3953 0.0000e+00
       7764 313.613651  -62.16374  -58.37288      0.844    1449.18    201.000    198.974    -0.2358    -0.2357     0.0001    -0.2427    -0.2426     0.0001   2.834916   2.834960   0.000045    34.2299    34.2304     7.2749    27.4967    27.4971    34.2291    27.4960    1450.29    1450.29    -0.2426  1028.4596    34.3959 0.0000e+00
       7793 313.613665  -62.16374  -58.37287      0.841    1449.18    202.000    199.964    -0.2362    -0.2362    -0.0000    -0.2431    -0.2431    -0.0000   2.834937   2.834980   0.000043    34.2300    34.2305     7.2728    27.4967    27.4972    34.2292    27.4961    1450.30    1450.30    -0.2430  1028.4645    34.3960 0.0000e+00
       7825 313.613680  -62.16374  -58.37286      0.773    1449.18    203.000    200.953    -0.2374    -0.2375    -0.0001    -0.2443    -0.2444    -0.0001   2.834923   2.834948   0.000028    34.2304    34.2309     7.2630    27.4971    27.4976    34.2297    27.4966    1450.31    1450.31    -0.2442  1028.4714    34.3987 0.0000e+00
       7853 313.613694  -62.16374 -9.990e-29      0.808    1449.18    204.000    201.943    -0.2377    -0.2380    -0.0003    -0.2446    -0.2450    -0.0003   2.834959   2.834989   0.000029    34.2305    34.2312     7.2595    27.4973    27.4979    34.2300    27.4968    1450.33    1450.33    -0.2446  1028.4765    34.3991 0.0000e+00
       7876 313.613705  -62.16374 -9.990e-29      0.944    1449.18    205.000    202.932    -0.2390    -0.2390    -0.0001    -0.2460    -0.2460    -0.0001   2.834947   2.834984   0.000038    34.2311    34.2317     7.2619    27.4978    27.4983    34.2307    27.4974    1450.34    1450.34    -0.2459  1028.4819    34.3998 0.0000e+00
       7898 313.613716  -62.16374 -9.990e-29      1.048    1449.18    206.000    203.921    -0.2394    -0.2393     0.0000    -0.2464    -0.2463     0.0000   2.834978   2.835019   0.000041    34.2313    34.2318     7.2603    27.4980    27.4984    34.2309    27.4976    1450.35    1450.35    -0.2463  1028.4868    34.4000 0.0000e+00
       7921 313.613727  -62.16374  -58.37288      1.070    1449.18    207.000    204.911    -0.2394    -0.2393     0.0000    -0.2465    -0.2464     0.0000   2.835024   2.835059   0.000036    34.2313    34.2318     7.2531    27.4980    27.4983    34.2309    27.4977    1450.37    1450.37    -0.2464  1028.4899    34.3979 0.0000e+00
       7948 313.613740  -62.16374  -58.37288      0.972    1449.18    208.000    205.900    -0.2398    -0.2398    -0.0001    -0.2469    -0.2469    -0.0001   2.835042   2.835081   0.000037    34.2314    34.2319     7.2544    27.4980    27.4985    34.2310    27.4978    1450.38    1450.38    -0.2468  1028.4947    34.3979 0.0000e+00
       7977 313.613754  -62.16374  -58.37288      0.849    1449.18    209.000    206.890    -0.2401    -0.2402    -0.0000    -0.2473    -0.2474    -0.0000   2.835079   2.835111   0.000033    34.2316    34.2321     7.2550    27.4982    27.4986    34.2313    27.4980    1450.40    1450.40    -0.2471  1028.4997    34.3981 0.0000e+00
       8007 313.613768  -62.16374  -58.37288      0.801    1449.18    210.000    207.879    -0.2408    -0.2409    -0.0001    -0.2480    -0.2481    -0.0001   2.835087   2.835138   0.000050    34.2319    34.2326     7.2542    27.4985    27.4991    34.2316    27.4983    1450.41    1450.41    -0.2479  1028.5047    34.3984 0.0000e+00
       8035 313.613782  -62.16374  -58.37289      0.836    1449.18    211.000    208.869    -0.2412    -0.2414    -0.0002    -0.2484    -0.2486    -0.0002   2.835129   2.835164   0.000038    34.2322    34.2329     7.2543    27.4988    27.4994    34.2320    27.4986    1450.43    1450.43    -0.2483  1028.5098    34.3988 0.0000e+00
       8059 313.613793  -62.16374  -58.37290      0.927    1449.18    212.000    209.858    -0.2423    -0.2426    -0.0003    -0.2495    -0.2498    -0.0003   2.835137   2.835159   0.000021    34.2329    34.2335     7.2576    27.4994    27.4999    34.2326    27.4992    1450.44    1450.44    -0.2494  1028.5151    34.3995 0.0000e+00
       8083 313.613805  -62.16374  -58.37290      0.999    1449.18    213.000    210.847    -0.2430    -0.2431     0.0000    -0.2503    -0.2504     0.0000   2.835153   2.835192   0.000038    34.2334    34.2339     7.2533    27.4998    27.5003    34.2331    27.4996    1450.45    1450.45    -0.2502  1028.5203    34.4000 0.0000e+00
       8109 313.613818  -62.16374  -58.37290      0.962    1449.18    214.000    211.837    -0.2442    -0.2442     0.0000    -0.2515    -0.2515     0.0000   2.835151   2.835198   0.000045    34.2340    34.2346     7.2463    27.5004    27.5009    34.2338    27.5002    1450.46    1450.47    -0.2514  1028.5257    34.4007 0.0000e+00
       8141 313.613833  -62.16376  -58.37290      0.791    1449.18    215.000    212.826    -0.2448    -0.2449    -0.0001    -0.2522    -0.2523    -0.0001   2.835172   2.835208   0.000036    34.2344    34.2350     7.2450    27.5008    27.5013    34.2342    27.5006    1450.48    1450.48    -0.2521  1028.5308    34.4011 0.0000e+00
       8171 313.613847  -62.16376  -58.37290      0.761    1449.18    216.000    213.815    -0.2459    -0.2459    -0.0000    -0.2533    -0.2533    -0.0000   2.835188   2.835228   0.000042    34.2351    34.2357     7.2477    27.5014    27.5019    34.2350    27.5012    1450.49    1450.49    -0.2532  1028.5362    34.4019 0.0000e+00
       8195 313.613859  -62.16374  -58.37290      0.905    1449.18    217.000    214.805    -0.2469    -0.2469    -0.0000    -0.2543    -0.2544    -0.0000   2.835209   2.835245   0.000033    34.2360    34.2364     7.2429    27.5021    27.5025    34.2358    27.5020    1450.50    1450.50    -0.2542  1028.5417    34.4027 0.0000e+00
       8216 313.613869  -62.16374  -58.37290      1.061    1449.18    218.000    215.794    -0.2472    -0.2476    -0.0003    -0.2547    -0.2550    -0.0003   2.835244   2.835282   0.000039    34.2362    34.2371     7.2427    27.5023    27.5031    34.2360    27.5022    1450.52    1450.52    -0.2545  1028.5467    34.4029 0.0000e+00
       8237 313.613879  -62.16374  -58.37288      1.157    1449.18    219.000    216.783    -0.2474    -0.2475    -0.0001    -0.2549    -0.2550    -0.0001   2.835281   2.835322   0.000041    34.2363    34.2369     7.2411    27.5024    27.5029    34.2361    27.5023    1450.53    1450.54    -0.2548  1028.5516    34.4031 0.0000e+00
       8258 313.613890  -62.16374  -58.37290      1.130    1449.18    220.000    217.773    -0.2477    -0.2476     0.0001    -0.2552    -0.2552     0.0001   2.835324   2.835362   0.000038    34.2366    34.2370     7.2370    27.5026    27.5030    34.2364    27.5025    1450.55    1450.55    -0.2551  1028.5566    34.4034 0.0000e+00
       8279 313.613900  -62.16374  -58.37290      1.128    1449.18    221.000    218.762    -0.2482    -0.2481     0.0001    -0.2557    -0.2556     0.0001   2.835359   2.835404   0.000042    34.2369    34.2374     7.2317    27.5029    27.5033    34.2368    27.5028    1450.56    1450.57    -0.2556  1028.5616    34.4037 0.0000e+00
       8299 313.613909  -62.16374  -58.37289      1.161    1449.18    222.000    219.752    -0.2491    -0.2490     0.0001    -0.2567    -0.2567     0.0001   2.835373   2.835409   0.000034    34.2376    34.2380     7.2304    27.5036    27.5039    34.2374    27.5034    1450.58    1450.58    -0.2566  1028.5670    34.4044 0.0000e+00
       8320 313.613919  -62.16374  -58.37288      1.205    1449.18    223.000    220.741    -0.2495    -0.2495     0.0000    -0.2572    -0.2571     0.0000   2.835403   2.835444   0.000043    34.2378    34.2384     7.2256    27.5037    27.5042    34.2377    27.5036    1450.59    1450.59    -0.2570  1028.5719    34.4046 0.0000e+00
       8344 313.613931  -62.16374  -58.37288      1.065    1449.18    224.000    221.730    -0.2499    -0.2498     0.0001    -0.2576    -0.2575     0.0001   2.835442   2.835466   0.000027    34.2381    34.2384     7.2238    27.5040    27.5042    34.2380    27.5039    1450.61    1450.61    -0.2574  1028.5770    34.4049 0.0000e+00
       8368 313.613943  -62.16374  -58.37289      0.968    1449.18    225.000    222.720    -0.2499    -0.2499    -0.0000    -0.2576    -0.2577    -0.0000   2.835489   2.835528   0.000037    34.2381    34.2387     7.2235    27.5040    27.5045    34.2380    27.5040    1450.62    1450.62    -0.2575  1028.5818    34.4050 0.0000e+00
       8389 313.613952  -62.16374  -58.37290      1.068    1449.18    226.000    223.709    -0.2499    -0.2503    -0.0003    -0.2577    -0.2581    -0.0003   2.835532   2.835552   0.000023    34.2382    34.2388     7.2190    27.5040    27.5046    34.2380    27.5040    1450.64    1450.64    -0.2575  1028.5866    34.4050 0.0000e+00
       8410 313.613963  -62.16374  -58.37290      1.162    1449.18    227.000    224.698    -0.2509    -0.2516    -0.0007    -0.2587    -0.2594    -0.0007   2.835545   2.835550   0.000007    34.2389    34.2397     7.2181    27.5047    27.5054    34.2387    27.5045    1450.65    1450.65    -0.2586  1028.5919    34.4057 0.0000e+00
       8437 313.613976  -62.16376  -58.37290      0.977    1449.18    228.000    225.688    -0.2517    -0.2520    -0.0003    -0.2596    -0.2598    -0.0003   2.835555   2.835583   0.000031    34.2393    34.2400     7.2140    27.5051    27.5057    34.2392    27.5049    1450.67    1450.67    -0.2594  1028.5971    34.4062 0.0000e+00
       8469 313.613991  -62.16376  -58.37290      0.770    1449.18    229.000    226.677    -0.2541    -0.2544    -0.0003    -0.2620    -0.2622    -0.0003   2.835521   2.835546   0.000022    34.2410    34.2416     7.2059    27.5065    27.5071    34.2408    27.5064    1450.67    1450.67    -0.2618  1028.6032    34.4078 0.0000e+00
       8498 313.614005  -62.16376  -58.37290      0.800    1449.18    230.000    227.666    -0.2556    -0.2556     0.0000    -0.2635    -0.2635     0.0000   2.835515   2.835551   0.000037    34.2419    34.2424     7.2181    27.5074    27.5078    34.2417    27.5072    1450.68    1450.68    -0.2633  1028.6088    34.4087 0.0000e+00
       8522 313.614017  -62.16376  -58.37290      0.931    1449.18    231.000    228.656    -0.2557    -0.2557    -0.0000    -0.2636    -0.2637    -0.0000   2.835573   2.835612   0.000036    34.2422    34.2427     7.2130    27.5076    27.5080    34.2420    27.5075    1450.70    1450.70    -0.2635  1028.6139    34.4090 0.0000e+00
       8545 313.614028  -62.16376  -58.37290      1.008    1449.18    232.000    229.645    -0.2563    -0.2563    -0.0000    -0.2643    -0.2643    -0.0000   2.835594   2.835645   0.000050    34.2426    34.2432     7.2078    27.5079    27.5085    34.2423    27.5077    1450.71    1450.71    -0.2641  1028.6189    34.4094 0.0000e+00
       8569 313.614039  -62.16376  -58.37290      1.035    1449.18    233.000    230.634    -0.2565    -0.2566    -0.0001    -0.2645    -0.2646    -0.0001   2.835636   2.835668   0.000035    34.2428    34.2433     7.1996    27.5081    27.5086    34.2426    27.5080    1450.73    1450.73    -0.2644  1028.6239    34.4097 0.0000e+00
       8593 313.614051  -62.16376  -58.37291      1.016    1449.18    234.000    231.623    -0.2564    -0.2566    -0.0001    -0.2645    -0.2646    -0.0001   2.835682   2.835705   0.000023    34.2427    34.2430     7.1952    27.5080    27.5083    34.2425    27.5079    1450.75    1450.75    -0.2643  1028.6286    34.4095 0.0000e+00
       8617 313.614062  -62.16376  -58.37292      0.998    1449.18    235.000    232.613    -0.2565    -0.2565    -0.0000    -0.2646    -0.2646    -0.0000   2.835730   2.835768   0.000035    34.2427    34.2432     7.1905    27.5080    27.5084    34.2426    27.5079    1450.76    1450.76    -0.2644  1028.6348    34.4114 0.0000e+00
       8640 313.614074  -62.16376 -9.990e-29      1.011    1449.18    236.000    233.602    -0.2563    -0.2564    -0.0001    -0.2645    -0.2645    -0.0001   2.835785   2.835821   0.000038    34.2427    34.2433     7.1910    27.5080    27.5085    34.2426    27.5079    1450.78    1450.78    -0.2643  1028.6400    34.4120 0.0000e+00
       8663 313.614085  -62.16376 -9.990e-29      1.039    1449.18    237.000    234.591    -0.2564    -0.2564     0.0000    -0.2646    -0.2645     0.0000   2.835827   2.835865   0.000039    34.2427    34.2431     7.1906    27.5080    27.5084    34.2426    27.5080    1450.80    1450.80    -0.2644  1028.6448    34.4120 0.0000e+00
       8688 313.614097  -62.16376 -9.990e-29      1.006    1449.18    238.000    235.580    -0.2570    -0.2568     0.0002    -0.2652    -0.2650     0.0002   2.835870   2.835901   0.000027    34.2433    34.2435     7.1872    27.5086    27.5087    34.2433    27.5085    1450.81    1450.81    -0.2651  1028.6502    34.4127 0.0000e+00
       8716 313.614110  -62.16376  -58.37292      0.879    1449.18    239.000    236.570    -0.2578    -0.2577     0.0001    -0.2660    -0.2659     0.0001   2.835913   2.835942   0.000033    34.2441    34.2445     7.1951    27.5093    27.5096    34.2441    27.5092    1450.82    1450.82    -0.2659  1028.6543    34.4119 0.0000e+00
       8744 313.614124  -62.16376  -58.37292      0.853    1449.18    240.000    237.559    -0.2581    -0.2581    -0.0000    -0.2664    -0.2664    -0.0000   2.835954   2.835983   0.000027    34.2445    34.2449     7.1907    27.5096    27.5099    34.2444    27.5095    1450.84    1450.84    -0.2662  1028.6587    34.4114 0.0000e+00
       8768 313.614135  -62.16376  -58.37292      0.940    1449.18    241.000    238.548    -0.2581    -0.2581    -0.0000    -0.2664    -0.2664    -0.0000   2.836006   2.836034   0.000028    34.2445    34.2449     7.1881    27.5096    27.5099    34.2444    27.5095    1450.85    1450.85    -0.2662  1028.6635    34.4115 0.0000e+00
       8790 313.614146  -62.16376  -58.37292      1.032    1449.18    242.000    239.538    -0.2581    -0.2580     0.0000    -0.2664    -0.2663     0.0000   2.836063   2.836101   0.000037    34.2446    34.2450     7.1859    27.5097    27.5100    34.2445    27.5096    1450.87    1450.87    -0.2662  1028.6684    34.4116 0.0000e+00
