Pos-Processados/process_op41/operantar41_011.cnv
* Sea-Bird SBE 9 Data File:
* FileName = C:\Users\Dell\Desktop\OperantarXLI\config\00_BRUTOS\OPE41011.hdr
* Software Version Seasave V 7.26.7.110
* Temperature SN = 6497
* Conductivity SN = 4954
* Number of Bytes Per Scan = 31
* Number of Voltage Words = 2
* Number of Scans Averaged by the Deck Unit = 1
* NMEA Latitude = 43 40.98 S
* NMEA Longitude = 051 55.50 W
* NMEA UTC (Time) = Oct 23 2022 13:12:50
* NMEA baud rate = 4800
** H41
** Navio Polar Almirante Maximiano
** LH-021/2022
** Operantar XLI
** Número da Estação 011
** Latitude 43 40.933' S
** Longitude 51 55.205' W
** Data/Hora (Z) 23/10/2022 1313Z
** Profundidade local 5694 m
** 09-1439
** Nome do Operador 1T FILIPE LOPES
# nquan = 30
# nvalues = 113                         
# units = specified
# name 0 = scan: Scan Count
# name 1 = timeJ: Julian Days
# name 2 = latitude: Latitude [deg]
# name 3 = longitude: Longitude [deg]
# name 4 = dz/dtM: Descent Rate [m/s]
# name 5 = avgsvCM: Average Sound Velocity [Chen-Millero, m/s]
# name 6 = prDM: Pressure, Digiquartz [db]
# name 7 = depSM: Depth [salt water, m]
# name 8 = t090C: Temperature [ITS-90, deg C]
# name 9 = t190C: Temperature, 2 [ITS-90, deg C]
# name 10 = T2-T190C: Temperature Difference, 2 - 1 [ITS-90, deg C]
# name 11 = potemp090C: Potential Temperature [ITS-90, deg C]
# name 12 = potemp190C: Potential Temperature, 2 [ITS-90, deg C]
# name 13 = potemp90Cdiff: Potential Temperature, Diff, 2 - 1 [ITS-90, deg C]
# name 14 = c0S/m: Conductivity [S/m]
# name 15 = c1S/m: Conductivity, 2 [S/m]
# name 16 = C2-C1S/m: Conductivity Difference, 2 - 1 [S/m]
# name 17 = sal00: Salinity, Practical [PSU]
# name 18 = sal11: Salinity, Practical, 2 [PSU]
# name 19 = sbeox0ML/L: Oxygen, SBE 43 [ml/l]
# name 20 = sigma-é00: Density [sigma-theta, kg/m^3]
# name 21 = sigma-é11: Density, 2 [sigma-theta, kg/m^3]
# name 22 = sal00: Salinity, Practical [PSU]
# name 23 = sigma-é00: Density [sigma-theta, kg/m^3]
# name 24 = svCM: Sound Velocity [Chen-Millero, m/s]
# name 25 = svCM1: Sound Velocity, 2 [Chen-Millero, m/s]
# name 26 = gsw_ptA0: potential temperature [ITS-90, deg C]
# name 27 = gsw_densityA0: density, TEOS-10 [density, kg/m^3]
# name 28 = gsw_saA0: Absolute Salinity [g/kg]
# name 29 = flag:
# span 0 =        674,      11514       
# span 1 = 296.550903, 296.556131       
# span 2 =  -43.68383,  -43.68315       
# span 3 =  -51.92584,  -51.92530       
# span 4 =     -1.265,      1.293       
# span 5 =       0.00,    1505.82       
# span 6 =      1.000,     58.000       
# span 7 =      1.117,     57.493       
# span 8 =    14.3132,    14.3404       
# span 9 =    14.3213,    14.3393       
# span 10 =    -0.0021,     0.0081      
# span 11 =    14.3127,    14.3400      
# span 12 =    14.3152,    14.3390      
# span 13 =    -0.0021,     0.0081      
# span 14 =   4.266239,   4.288994      
# span 15 =   4.222234,   4.289506      
# span 16 =  -0.045462,   0.001746      
# span 17 =    35.3828,    35.5696      
# span 18 =    34.9626,    35.5856      
# span 19 =     4.0282,     5.7485      
# span 20 =    26.4144,    26.5578      
# span 21 =    26.0901,    26.5702      
# span 22 =    35.3828,    35.5698      
# span 23 =    26.4144,    26.5579      
# span 24 =    1504.99,    1506.15      
# span 25 =    1504.59,    1506.15      
# span 26 =    14.3127,    14.3400      
# span 27 =  1026.4372,  1026.8147      
# span 28 =    35.5498,    35.7377      
# span 29 = 0.0000e+00, 0.0000e+00      
# interval = decibars: 1                
# start_time = Oct 23 2022 13:12:50 [NMEA time, header]
# bad_flag = -9.990e-29
*END*
        674 296.550903  -43.68315  -51.92530      0.123       0.00      3.000      2.979    14.3132    14.3213     0.0081    14.3127    14.3209     0.0081   4.266239   4.231913  -0.034224    35.3872    35.0624     4.2648    26.4199    26.1673    35.3871    26.4198    1504.99    1504.63    14.3127  1026.4372    35.5541 0.0000e+00
        749 296.550940  -43.68317  -51.92532      0.358       0.00      4.000      3.968    14.3284    14.3279    -0.0005    14.3278    14.3273    -0.0005   4.268221   4.235722  -0.032470    35.3903    35.0896     4.1928    26.4191    26.1870    35.3911    26.4197    1505.06    1504.70    14.3278  1026.4416    35.5582 0.0000e+00
        784 296.550956  -43.68318  -51.92532      0.629       0.00      5.000      4.960    14.3274    14.3275     0.0001    14.3267    14.3267     0.0001   4.269738   4.232264  -0.037241    35.4045    35.0592     4.2294    26.4303    26.1635    35.4057    26.4312    1505.09    1504.68    14.3266  1026.4574    35.5728 0.0000e+00
        813 296.550970  -43.68318  -51.92533      0.795       0.00      6.000      5.952    14.3270    14.3250    -0.0019    14.3261    14.3241    -0.0019   4.267726   4.223668  -0.043592    35.3886    34.9863     4.3098    26.4182    26.1078    35.3869    26.4169    1505.08    1504.60    14.3261  1026.4475    35.5540 0.0000e+00
        833 296.550980  -43.68318  -51.92534      0.959       0.00      7.000      6.944    14.3237    14.3223    -0.0014    14.3227    14.3213    -0.0014   4.267000   4.222234  -0.045462    35.3828    34.9626     4.3238    26.4144    26.0901    35.3828    26.4144    1505.08    1504.59    14.3226  1026.4495    35.5498 0.0000e+00
        846 296.550986  -43.68318  -51.92534      1.293       0.00      8.000      7.936    14.3213    14.3246     0.0033    14.3201    14.3234     0.0033   4.267138   4.225622  -0.041618    35.3857    34.9968     4.2455    26.4172    26.1161    35.3858    26.4173    1505.10    1504.65    14.3201  1026.4568    35.5529 0.0000e+00
        876 296.551001  -43.68318  -51.92534      1.075       0.00      9.000      8.928    14.3265    14.3269     0.0004    14.3252    14.3256     0.0004   4.267874   4.225776  -0.042150    35.3871    34.9960     4.0845    26.4172    26.1150    35.3874    26.4174    1505.13    1504.68    14.3252  1026.4613    35.5545 0.0000e+00
        942 296.551033  -43.68318  -51.92535      0.409       0.00     10.000      9.919    14.3248    14.3267     0.0019    14.3234    14.3253     0.0019   4.271783   4.241738  -0.030699    35.4231    35.1368     4.0282    26.4454    26.2238    35.4249    26.4468    1505.19    1504.87    14.3234  1026.4951    35.5921 0.0000e+00
       1043 296.551081  -43.68318  -51.92536      0.321       0.00     11.000     10.915    14.3287    14.3288     0.0001    14.3270    14.3272     0.0001   4.287819   4.289506   0.001746    35.5696    35.5856     4.7775    26.5578    26.5702    35.5698    26.5579    1505.39    1505.40    14.3270  1026.6106    35.7377 0.0000e+00
       1076 296.551097  -43.68318  -51.92537      0.655       0.00     12.000     11.902    14.3282    14.3280    -0.0002    14.3265    14.3262    -0.0002   4.286988   4.287064   0.000079    35.5622    35.5629     5.7485    26.5522    26.5528    35.5620    26.5521    1505.39    1505.39    14.3265  1026.6091    35.7299 0.0000e+00
       1219 296.551166  -43.68325  -51.92534      0.174       0.00     13.000     12.893    14.3269    14.3268    -0.0001    14.3250    14.3249    -0.0001   4.286982   4.286957  -0.000022    35.5628    35.5627     5.5084    26.5530    26.5529    35.5628    26.5530    1505.40    1505.40    14.3250  1026.6145    35.7308 0.0000e+00
       2109 296.551595  -43.68328  -51.92556      0.272 1.5202e-25     14.000     13.901    14.3267    14.3272     0.0005    14.3246    14.3251     0.0005   4.287008   4.287020   0.000014    35.5628    35.5625     5.4851    26.5530    26.5527    35.5628    26.5531    1505.42    1505.42    14.3246  1026.6190    35.7308 0.0000e+00
       4222 296.552615  -43.68342  -51.92570      0.630       0.04     15.000     14.879    14.3262    14.3261    -0.0000    14.3239    14.3239    -0.0000   4.287015   4.286976  -0.000039    35.5630    35.5627     5.4712    26.5533    26.5531    35.5630    26.5533    1505.44    1505.44    14.3240  1026.6236    35.7308 0.0000e+00
       4214 296.552611  -43.68340  -51.92571      0.804       0.21     16.000     15.872    14.3265    14.3264    -0.0000    14.3241    14.3241    -0.0000   4.287102   4.287069  -0.000031    35.5630    35.5628     5.4523    26.5534    26.5532    35.5631    26.5533    1505.45    1505.45    14.3241  1026.6280    35.7309 0.0000e+00
       4238 296.552622  -43.68340  -51.92572      0.950       0.00     17.000     16.863    14.3265    14.3265     0.0000    14.3240    14.3240     0.0000   4.287154   4.287130  -0.000024    35.5631    35.5629     5.4505    26.5534    26.5533    35.5630    26.5534    1505.47    1505.47    14.3240  1026.6324    35.7309 0.0000e+00
       4264 296.552635  -43.68341  -51.92572      0.966 2.2087e-43     18.000     17.855    14.3259    14.3261     0.0002    14.3233    14.3235     0.0002   4.287141   4.287113  -0.000027    35.5631    35.5627     5.4615    26.5536    26.5532    35.5631    26.5535    1505.48    1505.48    14.3233  1026.6370    35.7309 0.0000e+00
       4306 296.552655  -43.68342  -51.92572      0.628       0.00     19.000     18.847    14.3268    14.3271     0.0003    14.3240    14.3243     0.0003   4.287279   4.287261  -0.000015    35.5631    35.5627     5.4837    26.5534    26.5530    35.5631    26.5534    1505.50    1505.50    14.3240  1026.6413    35.7310 0.0000e+00
       4355 296.552678  -43.68342  -51.92572      0.452     115.07     20.000     19.839    14.3264    14.3266     0.0002    14.3234    14.3237     0.0002   4.287243   4.287208  -0.000043    35.5629    35.5623     5.4910    26.5534    26.5529    35.5628    26.5533    1505.52    1505.52    14.3234  1026.6456    35.7306 0.0000e+00
       4382 296.552691  -43.68344  -51.92572      0.762 -9.990e-29     21.000     20.831    14.3259    14.3261     0.0001    14.3228    14.3230     0.0001   4.287260   4.287218  -0.000041    35.5629    35.5623     5.4863    26.5535    26.5530    35.5629    26.5535    1505.53    1505.53    14.3229  1026.6503    35.7308 0.0000e+00
       4403 296.552702  -43.68344  -51.92572      0.992 -9.990e-29     22.000     21.823    14.3263    14.3263    -0.0000    14.3231    14.3230    -0.0000   4.287331   4.287297  -0.000037    35.5628    35.5625     5.4732    26.5534    26.5532    35.5628    26.5534    1505.55    1505.55    14.3230  1026.6546    35.7307 0.0000e+00
       4426 296.552713  -43.68344  -51.92574      1.098    1061.27     23.000     22.815    14.3259    14.3264     0.0005    14.3225    14.3230     0.0005   4.287321   4.287338   0.000016    35.5628    35.5624     5.4715    26.5535    26.5531    35.5627    26.5534    1505.57    1505.57    14.3225  1026.6590    35.7306 0.0000e+00
       4463 296.552730  -43.68342  -51.92574      0.742    1488.53     24.000     23.807    14.3257    14.3262     0.0005    14.3222    14.3227     0.0005   4.287388   4.287367  -0.000023    35.5630    35.5623     5.4704    26.5537    26.5531    35.5630    26.5537    1505.58    1505.58    14.3222  1026.6637    35.7309 0.0000e+00
       4508 296.552752  -43.68342  -51.92574      0.490    1505.67     25.000     24.799    14.3264    14.3269     0.0005    14.3227    14.3232     0.0005   4.287492   4.287458  -0.000030    35.5629    35.5622     5.4710    26.5536    26.5529    35.5629    26.5536    1505.60    1505.60    14.3228  1026.6679    35.7308 0.0000e+00
       4536 296.552766  -43.68342  -51.92574      0.740    1505.52     26.000     25.791    14.3261    14.3264     0.0004    14.3222    14.3226     0.0004   4.287490   4.287454  -0.000041    35.5630    35.5622     5.4698    26.5537    26.5530    35.5628    26.5536    1505.62    1505.62    14.3222  1026.6724    35.7307 0.0000e+00
       4560 296.552777  -43.68342  -51.92574      0.942    1505.52     27.000     26.782    14.3250    14.3254     0.0004    14.3211    14.3215     0.0004   4.287434   4.287428  -0.000002    35.5628    35.5624     5.4784    26.5538    26.5534    35.5628    26.5538    1505.63    1505.63    14.3211  1026.6770    35.7307 0.0000e+00
       4586 296.552790  -43.68342  -51.92574      0.978    1505.52     28.000     27.774    14.3258    14.3259     0.0001    14.3217    14.3218     0.0001   4.287570   4.287540  -0.000032    35.5629    35.5625     5.4794    26.5538    26.5535    35.5630    26.5538    1505.65    1505.65    14.3217  1026.6814    35.7308 0.0000e+00
       4615 296.552804  -43.68344  -51.92574      0.855    1505.52     29.000     28.766    14.3248    14.3251     0.0003    14.3206    14.3209     0.0003   4.287520   4.287467  -0.000051    35.5630    35.5623     5.4810    26.5541    26.5535    35.5630    26.5541    1505.66    1505.66    14.3206  1026.6861    35.7308 0.0000e+00
       4650 296.552821  -43.68344  -51.92574      0.725    1505.52     30.000     29.758    14.3256    14.3261     0.0005    14.3212    14.3217     0.0005   4.287656   4.287628  -0.000031    35.5630    35.5623     5.4762    26.5540    26.5533    35.5631    26.5540    1505.68    1505.68    14.3212  1026.6905    35.7310 0.0000e+00
       4690 296.552840  -43.68344 -9.990e-29      0.601    1505.52     31.000     30.750    14.3259    14.3266     0.0006    14.3214    14.3220     0.0006   4.287724   4.287699  -0.000026    35.5630    35.5622     5.4785    26.5539    26.5531    35.5630    26.5539    1505.70    1505.70    14.3214  1026.6948    35.7310 0.0000e+00
       4725 296.552857  -43.68345 -9.990e-29      0.647    1505.52     32.000     31.742    14.3265    14.3269     0.0003    14.3218    14.3222     0.0003   4.287838   4.287770  -0.000061    35.5630    35.5621     5.4864    26.5538    26.5531    35.5631    26.5539    1505.72    1505.72    14.3218  1026.6992    35.7311 0.0000e+00
       4751 296.552869 -9.990e-29  -51.92576      0.835    1505.52     33.000     32.733    14.3268    14.3268     0.0000    14.3220    14.3220     0.0000   4.287901   4.287844  -0.000066    35.5630    35.5624     5.4859    26.5538    26.5533    35.5630    26.5538    1505.74    1505.74    14.3220  1026.7036    35.7310 0.0000e+00
       4773 296.552880 -9.990e-29  -51.92576      1.008    1505.52     34.000     33.725    14.3271    14.3274     0.0003    14.3221    14.3225     0.0003   4.287978   4.287964  -0.000014    35.5629    35.5625     5.4804    26.5537    26.5533    35.5630    26.5538    1505.75    1505.75    14.3221  1026.7079    35.7310 0.0000e+00
       4799 296.552893 -9.990e-29  -51.92576      0.993    1505.52     35.000     34.717    14.3271    14.3274     0.0003    14.3220    14.3223     0.0003   4.288020   4.287988  -0.000033    35.5629    35.5623     5.4693    26.5537    26.5532    35.5630    26.5538    1505.77    1505.77    14.3220  1026.7124    35.7310 0.0000e+00
       4832 296.552909  -43.68344  -51.92576      0.775    1505.52     36.000     35.709    14.3274    14.3277     0.0003    14.3222    14.3225     0.0003   4.288124   4.288073  -0.000044    35.5631    35.5624     5.4831    26.5538    26.5532    35.5632    26.5539    1505.79    1505.79    14.3222  1026.7169    35.7312 0.0000e+00
       4865 296.552925  -43.68344  -51.92576      0.698    1505.52     37.000     36.701    14.3275    14.3277     0.0002    14.3221    14.3223     0.0002   4.288181   4.288111  -0.000076    35.5632    35.5623     5.4848    26.5539    26.5532    35.5633    26.5540    1505.80    1505.80    14.3221  1026.7213    35.7311 0.0000e+00
       4892 296.552937  -43.68344  -51.92576      0.846    1505.52     38.000     37.693    14.3278    14.3281     0.0003    14.3223    14.3225     0.0003   4.288230   4.288180  -0.000047    35.5630    35.5623     5.4907    26.5537    26.5531    35.5630    26.5538    1505.82    1505.82    14.3223  1026.7255    35.7309 0.0000e+00
       4920 296.552951  -43.68344  -51.92576      0.882    1505.52     39.000     38.684    14.3280    14.3282     0.0003    14.3222    14.3225     0.0003   4.288313   4.288264  -0.000047    35.5631    35.5624     5.4891    26.5538    26.5532    35.5633    26.5539    1505.84    1505.84    14.3222  1026.7301    35.7311 0.0000e+00
       4958 296.552969  -43.68346  -51.92576      0.657    1505.52     40.000     39.676    14.3269    14.3277     0.0008    14.3211    14.3218     0.0008   4.288222   4.288192  -0.000025    35.5630    35.5620     5.4946    26.5540    26.5531    35.5629    26.5539    1505.85    1505.85    14.3211  1026.7345    35.7308 0.0000e+00
       4994 296.552987  -43.68346  -51.92576      0.637    1505.52     41.000     40.668    14.3287    14.3285    -0.0002    14.3227    14.3225    -0.0002   4.288474   4.288355  -0.000128    35.5631    35.5622     5.4896    26.5537    26.5530    35.5632    26.5538    1505.87    1505.87    14.3227  1026.7388    35.7311 0.0000e+00
       5023 296.553000  -43.68346  -51.92576      0.791    1505.52     42.000     41.660    14.3280    14.3286     0.0007    14.3218    14.3225     0.0007   4.288409   4.288408  -0.000003    35.5629    35.5623     5.4768    26.5537    26.5531    35.5628    26.5537    1505.89    1505.89    14.3218  1026.7431    35.7307 0.0000e+00
       5046 296.553012  -43.68346  -51.92576      0.937    1505.52     43.000     42.651    14.3261    14.3272     0.0011    14.3198    14.3209     0.0011   4.288280   4.288320   0.000042    35.5629    35.5623     5.4696    26.5541    26.5535    35.5630    26.5542    1505.90    1505.90    14.3198  1026.7480    35.7309 0.0000e+00
       5070 296.553023  -43.68346  -51.92578      1.019    1505.52     44.000     43.644    14.3276    14.3276     0.0000    14.3211    14.3211     0.0000   4.288426   4.288357  -0.000074    35.5628    35.5621     5.4871    26.5538    26.5533    35.5626    26.5536    1505.92    1505.92    14.3211  1026.7518    35.7305 0.0000e+00
       5098 296.553037  -43.68346  -51.92578      0.922    1505.52     45.000     44.635    14.3232    14.3237     0.0005    14.3166    14.3171     0.0005   4.288062   4.288027  -0.000036    35.5629    35.5621     5.4869    26.5548    26.5542    35.5628    26.5547    1505.92    1505.92    14.3166  1026.7573    35.7306 0.0000e+00
       5141 296.553058  -43.68346  -51.92577      0.579    1505.52     46.000     45.625    14.3233    14.3244     0.0011    14.3166    14.3176     0.0011   4.288101   4.288122   0.000022    35.5627    35.5619     5.4660    26.5547    26.5539    35.5626    26.5546    1505.94    1505.94    14.3166  1026.7617    35.7305 0.0000e+00
       5181 296.553077 -9.990e-29  -51.92576      0.569    1505.52     47.000     46.624    14.3232    14.3238     0.0006    14.3163    14.3169     0.0006   4.288161   4.288114  -0.000047    35.5629    35.5619     5.4601    26.5549    26.5540    35.5629    26.5549    1505.96    1505.96    14.3163  1026.7664    35.7308 0.0000e+00
       5207 296.553089 -9.990e-29  -51.92577      0.812    1505.52     48.000     47.610    14.3237    14.3243     0.0006    14.3167    14.3173     0.0006   4.288259   4.288245  -0.000017    35.5629    35.5622     5.4579    26.5548    26.5541    35.5629    26.5548    1505.97    1505.98    14.3167  1026.7707    35.7308 0.0000e+00
       5228 296.553099 -9.990e-29  -51.92578      1.025    1505.52     49.000     48.602    14.3239    14.3240     0.0002    14.3167    14.3169     0.0002   4.288311   4.288267  -0.000047    35.5629    35.5622     5.4666    26.5548    26.5543    35.5628    26.5548    1505.99    1505.99    14.3167  1026.7751    35.7308 0.0000e+00
       5249 296.553110  -43.68348  -51.92578      1.129    1505.52     50.000     49.594    14.3238    14.3239     0.0002    14.3164    14.3166     0.0002   4.288339   4.288308  -0.000029    35.5628    35.5623     5.4742    26.5548    26.5544    35.5627    26.5548    1506.01    1506.01    14.3164  1026.7794    35.7306 0.0000e+00
