Pos-Processados/process_op41/operantar41_001.ros
* Sea-Bird SBE 9 Data File:
* FileName = C:\Users\Dell\Desktop\Operantar XLI\Raw\OP41001.hdr
* Software Version Seasave V 7.26.7.110
* Temperature SN = 6497
* Conductivity SN = 4954
* Number of Bytes Per Scan = 31
* Number of Voltage Words = 2
* Number of Scans Averaged by the Deck Unit = 1
* NMEA Latitude = 36 40.13 S
* NMEA Longitude = 048 37.58 W
* NMEA UTC (Time) = Oct 17 2022 11:05:04
* NMEA baud rate = 4800
** H41
** Navio Polar Almirante Maximiano
** LH-021/2022
** Operantar XLI
** Número da Estação 001 LR
** Latitude 36 40.147S
** Longitude 048 37.579W
** Data/Hora (Z) 1105Z
** Profundidade local 4900m
** 09-1439
** Nome do Operador CT Garla
# nquan = 24
# nvalues = 1940                                  
# units = specified
# name 0 = scan: Scan Count
# name 1 = timeJ: Julian Days
# name 2 = latitude: Latitude [deg]
# name 3 = longitude: Longitude [deg]
# name 4 = dz/dtM: Descent Rate [m/s]
# name 5 = avgsvCM: Average Sound Velocity [Chen-Millero, m/s]
# name 6 = prDM: Pressure, Digiquartz [db]
# name 7 = depSM: Depth [salt water, m]
# name 8 = t090C: Temperature [ITS-90, deg C]
# name 9 = t190C: Temperature, 2 [ITS-90, deg C]
# name 10 = T2-T190C: Temperature Difference, 2 - 1 [ITS-90, deg C]
# name 11 = potemp090C: Potential Temperature [ITS-90, deg C]
# name 12 = potemp190C: Potential Temperature, 2 [ITS-90, deg C]
# name 13 = potemp90Cdiff: Potential Temperature, Diff, 2 - 1 [ITS-90, deg C]
# name 14 = c0S/m: Conductivity [S/m]
# name 15 = c1S/m: Conductivity, 2 [S/m]
# name 16 = C2-C1S/m: Conductivity Difference, 2 - 1 [S/m]
# name 17 = sal00: Salinity, Practical [PSU]
# name 18 = sal11: Salinity, Practical, 2 [PSU]
# name 19 = sbeox0ML/L: Oxygen, SBE 43 [ml/l]
# name 20 = sigma-é00: Density [sigma-theta, kg/m^3]
# name 21 = sigma-é11: Density, 2 [sigma-theta, kg/m^3]
# name 22 = nbf: Bottles Fired
# name 23 = flag:  0.000e+00
# interval = seconds: 0.0416667
# start_time = Oct 17 2022 11:05:04 [NMEA time, header]
# bad_flag = -9.990e-29
*END*
[from data line 1268]
     291217 290.602292  -36.66900  -48.62652     -0.674    1506.64    506.208    501.866    14.4800    14.4689    -0.0110    14.4040    14.3930    -0.0110   4.323568   4.322175  -0.001393    35.5576    35.5549     4.9064    26.5320    26.5322         15  0.000e+00
     291218 290.602292  -36.66900  -48.62652     -0.678    1506.64    506.208    501.866    14.4810    14.4689    -0.0121    14.4050    14.3930    -0.0120   4.323734   4.322181  -0.001553    35.5582    35.5550     4.9110    26.5322    26.5323         15  0.000e+00
     291219 290.602293  -36.66900  -48.62652     -0.672    1506.64    506.330    501.987    14.4823    14.4691    -0.0132    14.4063    14.3932    -0.0131   4.323874   4.322208  -0.001666    35.5583    35.5550     4.9074    26.5320    26.5323         15  0.000e+00
     291220 290.602293  -36.66900  -48.62652     -0.674    1506.64    506.208    501.866    14.4828    14.4696    -0.0132    14.4069    14.3937    -0.0132   4.323928   4.322229  -0.001699    35.5583    35.5548     4.9118    26.5319    26.5320         15  0.000e+00
     291221 290.602294  -36.66900  -48.62652     -0.669    1506.64    506.208    501.866    14.4831    14.4700    -0.0132    14.4072    14.3941    -0.0131   4.323941   4.322337  -0.001604    35.5582    35.5554     4.9125    26.5317    26.5324         15  0.000e+00
     291222 290.602294  -36.66900  -48.62652     -0.668    1506.64    506.208    501.866    14.4837    14.4698    -0.0139    14.4077    14.3939    -0.0138   4.323994   4.322397  -0.001597    35.5582    35.5562     4.9131    26.5316    26.5330         15  0.000e+00
     291223 290.602295  -36.66900  -48.62652     -0.660    1506.64    506.160    501.818    14.4840    14.4702    -0.0138    14.4080    14.3943    -0.0138   4.324014   4.322411  -0.001603    35.5581    35.5560     4.9137    26.5315    26.5328         15  0.000e+00
     291224 290.602295  -36.66900  -48.62652     -0.652    1506.64    506.208    501.866    14.4833    14.4705    -0.0129    14.4074    14.3946    -0.0128   4.323901   4.322438  -0.001463    35.5576    35.5559     4.9101    26.5313    26.5327         15  0.000e+00
     291225 290.602296  -36.66900  -48.62652     -0.646    1506.64    506.152    501.810    14.4827    14.4710    -0.0117    14.4067    14.3951    -0.0117   4.323834   4.322384  -0.001450    35.5576    35.5550     4.9146    26.5314    26.5319         15  0.000e+00
     291226 290.602296  -36.66900  -48.62652     -0.636    1506.64    506.152    501.810    14.4820    14.4703    -0.0117    14.4060    14.3944    -0.0116   4.323748   4.322289  -0.001458    35.5575    35.5547     4.9147    26.5314    26.5318         15  0.000e+00
     291227 290.602296  -36.66900  -48.62652     -0.634    1506.64    506.087    501.745    14.4816    14.4698    -0.0119    14.4057    14.3939    -0.0118   4.323661   4.322262  -0.001399    35.5570    35.5550     4.9148    26.5312    26.5321         15  0.000e+00
     291228 290.602297  -36.66900  -48.62652     -0.626    1506.64    506.087    501.745    14.4810    14.4693    -0.0117    14.4051    14.3934    -0.0117   4.323615   4.322229  -0.001386    35.5572    35.5551     4.9149    26.5314    26.5323         15  0.000e+00
     291229 290.602297  -36.66900  -48.62652     -0.614    1506.64    506.152    501.810    14.4806    14.4696    -0.0110    14.4047    14.3937    -0.0110   4.323575   4.322343  -0.001231    35.5571    35.5558     4.9149    26.5315    26.5328         15  0.000e+00
     291230 290.602298  -36.66900  -48.62652     -0.607    1506.64    506.087    501.745    14.4796    14.4710    -0.0087    14.4037    14.3951    -0.0086   4.323488   4.322539  -0.000949    35.5572    35.5564     4.9149    26.5318    26.5330         15  0.000e+00
     291231 290.602298  -36.66900  -48.62652     -0.590    1506.64    506.152    501.810    14.4793    14.4722    -0.0071    14.4034    14.3963    -0.0071   4.323461   4.322674  -0.000787    35.5573    35.5565     4.9149    26.5319    26.5328         15  0.000e+00
     291232 290.602299  -36.66900  -48.62652     -0.577    1506.64    506.087    501.745    14.4789    14.4730    -0.0059    14.4030    14.3971    -0.0059   4.323401   4.322708  -0.000694    35.5571    35.5561     4.9190    26.5318    26.5323         15  0.000e+00
     291233 290.602299  -36.66900  -48.62652     -0.565    1506.64    506.095    501.753    14.4788    14.4737    -0.0051    14.4029    14.3978    -0.0050   4.323388   4.322789  -0.000599    35.5571    35.5562     4.9191    26.5318    26.5322         15  0.000e+00
     291234 290.602300  -36.66900  -48.62652     -0.551    1506.64    506.087    501.745    14.4786    14.4740    -0.0046    14.4027    14.3981    -0.0045   4.323388   4.322816  -0.000572    35.5573    35.5562     4.9192    26.5320    26.5321         15  0.000e+00
     291235 290.602300  -36.66900  -48.62652     -0.537    1506.64    506.087    501.745    14.4783    14.4739    -0.0044    14.4024    14.3980    -0.0044   4.323355   4.322715  -0.000640    35.5573    35.5554     4.9197    26.5321    26.5316         15  0.000e+00
     291236 290.602301  -36.66898  -48.62652     -0.521    1506.64    506.087    501.745    14.4778    14.4732    -0.0046    14.4019    14.3973    -0.0046   4.323235   4.322559  -0.000676    35.5566    35.5546     4.9197    26.5317    26.5311         15  0.000e+00
     291237 290.602301  -36.66898  -48.62652     -0.510    1506.64    506.030    501.689    14.4771    14.4724    -0.0047    14.4012    14.3965    -0.0047   4.323142   4.322519  -0.000623    35.5564    35.5550     4.9197    26.5316    26.5316         15  0.000e+00
     291238 290.602302  -36.66898  -48.62652     -0.489    1506.64    506.152    501.810    14.4754    14.4724    -0.0031    14.3995    14.3965    -0.0030   4.322955   4.322553  -0.000403    35.5562    35.5552     4.9202    26.5318    26.5318         15  0.000e+00
     291239 290.602302  -36.66898  -48.62652     -0.473    1506.64    506.087    501.745    14.4739    14.4725    -0.0014    14.3980    14.3966    -0.0014   4.322762   4.322526  -0.000237    35.5558    35.5549     4.9248    26.5319    26.5315         15  0.000e+00
     291240 290.602303  -36.66898  -48.62652     -0.455    1506.64    506.087    501.745    14.4729    14.4720    -0.0009    14.3970    14.3961    -0.0009   4.322636   4.322573  -0.000063    35.5556    35.5558     4.9212    26.5319    26.5323         15  0.000e+00
     291241 290.602303  -36.66898  -48.62652     -0.439    1506.64    506.087    501.745    14.4719    14.4724     0.0005    14.3960    14.3965     0.0005   4.322576   4.322600   0.000024    35.5559    35.5557     4.9213    26.5324    26.5321         15  0.000e+00
     291242 290.602304  -36.66898  -48.62652     -0.413    1506.64    506.152    501.810    14.4712    14.4725     0.0013    14.3953    14.3966     0.0013   4.322489   4.322647   0.000158    35.5557    35.5560     4.9211    26.5324    26.5323         15  0.000e+00
     291243 290.602304  -36.66898  -48.62652     -0.399    1506.64    506.095    501.753    14.4708    14.4735     0.0027    14.3950    14.3976     0.0027   4.322429   4.322944   0.000515    35.5555    35.5578     4.9206    26.5323    26.5335         15  0.000e+00
     291244 290.602305  -36.66898  -48.62652     -0.373    1506.64    506.152    501.810    14.4707    14.4785     0.0078    14.3948    14.4026     0.0077   4.322449   4.323593   0.001143    35.5558    35.5592     4.9206    26.5326    26.5336         15  0.000e+00
     291245 290.602305  -36.66898  -48.62652     -0.352    1506.64    506.152    501.810    14.4708    14.4817     0.0109    14.3949    14.4058     0.0109   4.322456   4.323822   0.001366    35.5558    35.5584     4.9247    26.5326    26.5322         15  0.000e+00
     291246 290.602306  -36.66898  -48.62652     -0.330    1506.64    506.208    501.866    14.4712    14.4814     0.0102    14.3953    14.4054     0.0101   4.322536   4.323511   0.000976    35.5561    35.5558     4.9248    26.5327    26.5303         15  0.000e+00
     291247 290.602306  -36.66898  -48.62652     -0.303    1506.64    506.152    501.810    14.4712    14.4785     0.0073    14.3953    14.4026     0.0072   4.322543   4.323181   0.000638    35.5562    35.5554     4.9249    26.5328    26.5306         15  0.000e+00
     291248 290.602307  -36.66898  -48.62652     -0.285    1506.64    506.152    501.810    14.4714    14.4766     0.0052    14.3955    14.4007     0.0052   4.322556   4.323316   0.000760    35.5562    35.5584     4.9250    26.5327    26.5333         15  0.000e+00
     291249 290.602307  -36.66898  -48.62652     -0.259    1506.64    506.208    501.866    14.4712    14.4810     0.0098    14.3953    14.4051     0.0098   4.322569   4.323849   0.001280    35.5564    35.5593     4.9250    26.5329    26.5330         15  0.000e+00
     291250 290.602308  -36.66898  -48.62652     -0.238    1506.64    506.208    501.866    14.4715    14.4827     0.0112    14.3956    14.4068     0.0111   4.322536   4.323944   0.001408    35.5558    35.5586     4.9253    26.5324    26.5321         15  0.000e+00
     291251 290.602308  -36.66898  -48.62652     -0.213    1506.64    506.208    501.866    14.4717    14.4832     0.0115    14.3958    14.4073     0.0115   4.322529   4.323883   0.001354    35.5556    35.5575     4.9256    26.5322    26.5312         15  0.000e+00
     291252 290.602309  -36.66898  -48.62652     -0.187    1506.64    506.265    501.922    14.4715    14.4837     0.0122    14.3956    14.4078     0.0121   4.322536   4.324025   0.001489    35.5558    35.5584     4.9259    26.5324    26.5318         15  0.000e+00
     291253 290.602309  -36.66898  -48.62652     -0.163    1506.64    506.217    501.874    14.4721    14.4846     0.0125    14.3961    14.4086     0.0125   4.322589   4.323991   0.001402    35.5558    35.5573     4.9260    26.5323    26.5307         15  0.000e+00
     291254 290.602310  -36.66898  -48.62652     -0.143    1506.64    506.265    501.922    14.4721    14.4837     0.0117    14.3961    14.4078     0.0116   4.322609   4.323768   0.001159    35.5560    35.5560     4.9261    26.5324    26.5299         15  0.000e+00
     291255 290.602310  -36.66898  -48.62652     -0.118    1506.64    506.265    501.922    14.4722    14.4822     0.0100    14.3963    14.4062     0.0100   4.322636   4.323437   0.000801    35.5561    35.5544     4.9305    26.5325    26.5290         15  0.000e+00
     291256 290.602310  -36.66898  -48.62652     -0.097    1506.64    506.265    501.922    14.4724    14.4807     0.0083    14.3965    14.4047     0.0083   4.322669   4.323140   0.000471    35.5563    35.5530     4.9223    26.5326    26.5283         15  0.000e+00
     291257 290.602311  -36.66898  -48.62652     -0.071    1506.64    506.330    501.987    14.4732    14.4790     0.0057    14.3973    14.4030     0.0057   4.322762   4.323100   0.000337    35.5563    35.5542     4.9261    26.5324    26.5295         15  0.000e+00
     291258 290.602311  -36.66898  -48.62652     -0.048    1506.64    506.330    501.987    14.4741    14.4785     0.0044    14.3981    14.4025     0.0044   4.322816   4.323154   0.000338    35.5560    35.5551     4.9255    26.5320    26.5304         15  0.000e+00
     291259 290.602312  -36.66898  -48.62652     -0.024    1506.64    506.330    501.987    14.4741    14.4783     0.0042    14.3981    14.4023     0.0042   4.322829   4.323039   0.000210    35.5562    35.5542     4.9250    26.5321    26.5297         15  0.000e+00
     291260 290.602312  -36.66898  -48.62652      0.002    1506.64    506.387    502.043    14.4732    14.4761     0.0029    14.3973    14.4001     0.0028   4.322663   4.322803   0.000140    35.5554    35.5541     4.9249    26.5317    26.5301         15  0.000e+00
     291261 290.602313  -36.66898  -48.62652      0.019    1506.64    506.330    501.987    14.4724    14.4739     0.0015    14.3965    14.3979     0.0015   4.322549   4.322492  -0.000057    35.5551    35.5533     4.9247    26.5317    26.5299         15  0.000e+00
     291262 290.602313  -36.66898  -48.62652      0.046    1506.64    506.452    502.107    14.4722    14.4727     0.0005    14.3963    14.3967     0.0005   4.322589   4.322377  -0.000212    35.5556    35.5532     4.9245    26.5321    26.5302         15  0.000e+00
     291263 290.602314  -36.66898  -48.62652      0.066    1506.64    506.395    502.051    14.4727    14.4706    -0.0021    14.3968    14.3947    -0.0021   4.322663   4.322121  -0.000542    35.5558    35.5527     4.9241    26.5322    26.5302         15  0.000e+00
     291264 290.602314  -36.66898  -48.62652      0.089    1506.64    506.452    502.107    14.4742    14.4686    -0.0056    14.3983    14.3927    -0.0056   4.322789   4.321790  -0.000999    35.5556    35.5515     4.9235    26.5317    26.5297         15  0.000e+00
     291265 290.602315  -36.66898  -48.62652      0.112    1506.64    506.452    502.107    14.4724    14.4666    -0.0059    14.3965    14.3906    -0.0058   4.322629   4.321594  -0.001035    35.5558    35.5516     4.9233    26.5322    26.5302         15  0.000e+00
     291266 290.602315  -36.66898  -48.62652      0.130    1506.64    506.509    502.163    14.4724    14.4650    -0.0074    14.3964    14.3891    -0.0073   4.322596   4.321439  -0.001157    35.5555    35.5515     4.9228    26.5320    26.5305         15  0.000e+00
     291267 290.602316  -36.66898  -48.62652      0.148    1506.64    506.509    502.163    14.4737    14.4637    -0.0101    14.3978    14.3877    -0.0100   4.322829   4.321412  -0.001417    35.5564    35.5525     4.9225    26.5324    26.5316         15  0.000e+00
     291268 290.602316  -36.66898  -48.62652      0.176    1506.64    506.574    502.228    14.4741    14.4635    -0.0106    14.3981    14.3876    -0.0105   4.322789   4.321351  -0.001438    35.5557    35.5521     4.9262    26.5318    26.5313         15  0.000e+00
     291269 290.602317  -36.66898  -48.62652      0.192    1506.64    506.509    502.163    14.4714    14.4626    -0.0087    14.3954    14.3867    -0.0087   4.322390   4.321331  -0.001059    35.5545    35.5527     4.9267    26.5315    26.5320         15  0.000e+00
     291270 290.602317  -36.66898  -48.62652      0.212    1506.64    506.574    502.228    14.4682    14.4623    -0.0059    14.3922    14.3864    -0.0058   4.322023   4.321250  -0.000774    35.5540    35.5523     4.9272    26.5318    26.5317         15  0.000e+00
     291271 290.602318  -36.66898  -48.62652      0.230    1506.64    506.574    502.228    14.4663    14.4623    -0.0040    14.3904    14.3864    -0.0040   4.321771   4.321277  -0.000494    35.5534    35.5525     4.9232    26.5317    26.5318         15  0.000e+00
     291272 290.602318  -36.66898  -48.62652      0.249    1506.64    506.639    502.292    14.4640    14.4621    -0.0018    14.3880    14.3862    -0.0018   4.321551   4.321297  -0.000254    35.5535    35.5528     4.9231    26.5323    26.5321         15  0.000e+00
     291273 290.602319  -36.66898  -48.62652      0.269    1506.64    506.631    502.284    14.4631    14.4621    -0.0010    14.3872    14.3862    -0.0010   4.321471   4.321277  -0.000194    35.5535    35.5527     4.9223    26.5325    26.5320         15  0.000e+00
     291274 290.602319  -36.66898  -48.62652      0.288    1506.64    506.695    502.348    14.4624    14.4618    -0.0006    14.3865    14.3859    -0.0006   4.321371   4.321229  -0.000142    35.5532    35.5525     4.9220    26.5324    26.5319         15  0.000e+00
     291275 290.602320  -36.66898  -48.62652      0.305    1506.64    506.695    502.348    14.4619    14.4623     0.0004    14.3860    14.3864     0.0004   4.321378   4.321385   0.000007    35.5538    35.5535     4.9215    26.5329    26.5326         15  0.000e+00
     291276 290.602320  -36.66898  -48.62652      0.318    1506.64    506.695    502.348    14.4619    14.4625     0.0006    14.3860    14.3865     0.0006   4.321325   4.321446   0.000121    35.5533    35.5539     4.9210    26.5325    26.5328         15  0.000e+00
