Pos-Processados/process_op41/operantar41_005.cnv
* Sea-Bird SBE 9 Data File:
* FileName = C:\Users\Dell\Desktop\Operantar XLI\Raw\OP41005.hdr
* Software Version Seasave V 7.26.7.110
* Temperature SN = 6497
* Conductivity SN = 4954
* Number of Bytes Per Scan = 31
* Number of Voltage Words = 2
* Number of Scans Averaged by the Deck Unit = 1
* NMEA Latitude = 38 39.38 S
* NMEA Longitude = 048 59.66 W
* NMEA UTC (Time) = Oct 18 2022 16:26:34
* NMEA baud rate = 4800
** H41
** Navio Polar Almirante Maximiano
** LH-021/2022
** Operantar XLI
** Número da Estação 005
** Latitude 38 39,4'S
** Longitude 048 59,6'W
** Data/Hora (Z) 18/10/2022 16:26Z
** Profundidade local 5340m
** 09-1439
** Nome do Operador CT Garla
# nquan = 30
# nvalues = 10036                       
# units = specified
# name 0 = scan: Scan Count
# name 1 = timeJ: Julian Days
# name 2 = latitude: Latitude [deg]
# name 3 = longitude: Longitude [deg]
# name 4 = dz/dtM: Descent Rate [m/s]
# name 5 = avgsvCM: Average Sound Velocity [Chen-Millero, m/s]
# name 6 = prDM: Pressure, Digiquartz [db]
# name 7 = depSM: Depth [salt water, m]
# name 8 = t090C: Temperature [ITS-90, deg C]
# name 9 = t190C: Temperature, 2 [ITS-90, deg C]
# name 10 = T2-T190C: Temperature Difference, 2 - 1 [ITS-90, deg C]
# name 11 = potemp090C: Potential Temperature [ITS-90, deg C]
# name 12 = potemp190C: Potential Temperature, 2 [ITS-90, deg C]
# name 13 = potemp90Cdiff: Potential Temperature, Diff, 2 - 1 [ITS-90, deg C]
# name 14 = c0S/m: Conductivity [S/m]
# name 15 = c1S/m: Conductivity, 2 [S/m]
# name 16 = C2-C1S/m: Conductivity Difference, 2 - 1 [S/m]
# name 17 = sal00: Salinity, Practical [PSU]
# name 18 = sal11: Salinity, Practical, 2 [PSU]
# name 19 = sbeox0ML/L: Oxygen, SBE 43 [ml/l]
# name 20 = sigma-é00: Density [sigma-theta, kg/m^3]
# name 21 = sigma-é11: Density, 2 [sigma-theta, kg/m^3]
# name 22 = sal00: Salinity, Practical [PSU]
# name 23 = sigma-é00: Density [sigma-theta, kg/m^3]
# name 24 = svCM: Sound Velocity [Chen-Millero, m/s]
# name 25 = svCM1: Sound Velocity, 2 [Chen-Millero, m/s]
# name 26 = gsw_ptA0: potential temperature [ITS-90, deg C]
# name 27 = gsw_densityA0: density, TEOS-10 [density, kg/m^3]
# name 28 = gsw_saA0: Absolute Salinity [g/kg]
# name 29 = flag:
# span 0 =        489,     285233       
# span 1 = 291.685351, 291.822670       
# span 2 =  -38.65644,  -38.65148       
# span 3 =  -49.03358,  -48.99446       
# span 4 =     -1.833,      1.764       
# span 5 =      -0.01,    1510.79       
# span 6 =      2.000,   5020.000       
# span 7 =      1.980,   4924.323       
# span 8 =     0.3083,    14.8029       
# span 9 =     0.3084,    14.8029       
# span 10 =    -0.2354,     0.1068      
# span 11 =    -0.0867,    14.8020      
# span 12 =    -0.0867,    14.8020      
# span 13 =    -0.2352,     0.1067      
# span 14 =   3.090175,   4.294028      
# span 15 =   3.090141,   4.294007      
# span 16 =  -0.027526,   0.012235      
# span 17 =    34.1439,    35.4762      
# span 18 =    34.1435,    35.4774      
# span 19 =     3.9135,     6.1957      
# span 20 =    26.1657,    27.8430      
# span 21 =    26.1658,    27.8430      
# span 22 =    34.1428,    35.4767      
# span 23 =    26.1665,    27.8430      
# span 24 =    1477.21,    1535.25      
# span 25 =    1477.21,    1535.25      
# span 26 =    -0.0870,    14.8020      
# span 27 =  1026.1880,  1050.4624      
# span 28 =    34.3046,    35.6441      
# span 29 = 0.0000e+00, 0.0000e+00      
# interval = decibars: 1                
# start_time = Oct 18 2022 16:26:34 [NMEA time, header]
# bad_flag = -9.990e-29
*END*
[from data line 1402]
      34846 291.701920  -38.65522  -49.00013      1.708    1483.52   1405.000   1389.717     2.8440     2.8440    -0.0000     2.7458     2.7458    -0.0000   3.175105   3.175124   0.000020    34.5241    34.5244     3.9488    27.5281    27.5283    34.5240    27.5280    1484.29    1484.29     2.7456  1034.0138    34.6909 0.0000e+00
      34862 291.701927  -38.65522  -49.00014      1.679    1483.52   1406.000   1390.703     2.8438     2.8438     0.0000     2.7455     2.7456     0.0000   3.175131   3.175163   0.000030    34.5242    34.5245     3.9454    27.5281    27.5284    34.5241    27.5280    1484.31    1484.31     2.7453  1034.0183    34.6910 0.0000e+00
      34884 291.701938  -38.65522  -49.00014      1.360    1483.52   1407.000   1391.688     2.8442     2.8444     0.0002     2.7458     2.7461     0.0002   3.175166   3.175222   0.000053    34.5236    34.5240     3.9446    27.5277    27.5280    34.5236    27.5276    1484.32    1484.33     2.7456  1034.0225    34.6905 0.0000e+00
      34931 291.701961  -38.65522  -49.00016      0.516    1483.52   1408.000   1392.675     2.8440     2.8443     0.0003     2.7456     2.7459     0.0003   3.175219   3.175258   0.000038    34.5239    34.5241     3.9407    27.5279    27.5280    34.5239    27.5279    1484.34    1484.34     2.7454  1034.0272    34.6908 0.0000e+00
      34973 291.701981  -38.65520  -49.00016      0.551    1483.52   1409.000   1393.660     2.8422     2.8425     0.0003     2.7437     2.7440     0.0002   3.175173   3.175197   0.000028    34.5249    34.5249     3.9435    27.5288    27.5289    34.5247    27.5287    1484.35    1484.35     2.7435  1034.0327    34.6916 0.0000e+00
      34998 291.701993  -38.65520  -49.00016      0.831    1483.52   1410.000   1394.646     2.8419     2.8413    -0.0006     2.7433     2.7428    -0.0006   3.175186   3.175193   0.000008    34.5248    34.5255     3.9454    27.5288    27.5294    34.5247    27.5288    1484.37    1484.37     2.7431  1034.0373    34.6916 0.0000e+00
      35020 291.702004  -38.65520  -49.00018      1.013    1483.52   1411.000   1395.632     2.8416     2.8413    -0.0003     2.7430     2.7427    -0.0003   3.175221   3.175258   0.000034    34.5251    34.5257     3.9453    27.5291    27.5296    34.5250    27.5290    1484.38    1484.38     2.7428  1034.0421    34.6919 0.0000e+00
      35039 291.702013  -38.65521  -49.00018      1.162    1483.52   1412.000   1396.617     2.8414     2.8412    -0.0002     2.7427     2.7425    -0.0002   3.175255   3.175287   0.000035    34.5252    34.5258     3.9439    27.5291    27.5297    34.5251    27.5291    1484.40    1484.40     2.7425  1034.0465    34.6916 0.0000e+00
      35057 291.702021 -9.990e-29  -49.00018      1.273    1483.52   1413.000   1397.603     2.8411     2.8410    -0.0001     2.7423     2.7422    -0.0001   3.175292   3.175317   0.000030    34.5254    34.5259     3.9373    27.5294    27.5298    34.5254    27.5293    1484.41    1484.41     2.7421  1034.0506    34.6911 0.0000e+00
      35075 291.702030 -9.990e-29  -49.00018      1.331    1483.52   1414.000   1398.589     2.8411     2.8410    -0.0001     2.7422     2.7421    -0.0001   3.175347   3.175374   0.000023    34.5256    34.5259     3.9377    27.5295    27.5298    34.5255    27.5294    1484.43    1484.43     2.7420  1034.0553    34.6912 0.0000e+00
      35093 291.702039 -9.990e-29  -49.00018      1.325    1483.52   1415.000   1399.575     2.8406     2.8405    -0.0001     2.7416     2.7415    -0.0001   3.175362   3.175386   0.000026    34.5259    34.5263     3.9425    27.5298    27.5301    34.5257    27.5297    1484.45    1484.45     2.7414  1034.0601    34.6914 0.0000e+00
      35114 291.702049 -9.990e-29  -49.00018      1.252    1483.52   1416.000   1400.560     2.8374     2.8371    -0.0003     2.7384     2.7381    -0.0003   3.175162   3.175156 8.8548e-08    34.5267    34.5269     3.9402    27.5307    27.5310    34.5262    27.5304    1484.45    1484.45     2.7382  1034.0654    34.6919 0.0000e+00
      35135 291.702059  -38.65520  -49.00018      1.163    1483.52   1417.000   1401.546     2.8330     2.8317    -0.0013     2.7340     2.7327    -0.0013   3.174899   3.174804  -0.000085    34.5276    34.5280     3.9360    27.5319    27.5323    34.5272    27.5315    1484.45    1484.44     2.7338  1034.0715    34.6932 0.0000e+00
      35158 291.702070  -38.65520 -9.990e-29      1.080    1483.52   1418.000   1402.532     2.8311     2.8309    -0.0002     2.7320     2.7318    -0.0002   3.174798   3.174848   0.000029    34.5277    34.5282     3.9370    27.5322    27.5326    34.5274    27.5319    1484.46    1484.46     2.7318  1034.0774    34.6946 0.0000e+00
      35187 291.702084  -38.65520 -9.990e-29      0.924    1483.52   1419.000   1403.518     2.8321     2.8341     0.0020     2.7329     2.7349     0.0020   3.174913   3.175091   0.000167    34.5275    34.5274     3.9394    27.5319    27.5316    34.5272    27.5317    1484.48    1484.49     2.7327  1034.0817    34.6944 0.0000e+00
      35221 291.702101  -38.65520 -9.990e-29      0.713    1483.52   1420.000   1404.503     2.8309     2.8293    -0.0016     2.7316     2.7300    -0.0016   3.174850   3.174713  -0.000109    34.5275    34.5279     3.9343    27.5320    27.5325    34.5272    27.5318    1484.49    1484.48     2.7314  1034.0864    34.6945 0.0000e+00
      35256 291.702118  -38.65520  -49.00020      0.679    1483.52   1421.000   1405.489     2.8290     2.8253    -0.0037     2.7297     2.7260    -0.0037   3.174712   3.174459  -0.000242    34.5273    34.5283     3.9324    27.5320    27.5332    34.5271    27.5318    1484.50    1484.48     2.7295  1034.0908    34.6940 0.0000e+00
      35288 291.702133  -38.65520  -49.00020      0.734    1483.52   1422.000   1406.475     2.8263     2.8234    -0.0029     2.7269     2.7241    -0.0029   3.174557   3.174329  -0.000218    34.5280    34.5284     3.9322    27.5328    27.5334    34.5276    27.5325    1484.50    1484.49     2.7267  1034.0961    34.6945 0.0000e+00
      35316 291.702146  -38.65520  -49.00022      0.820    1483.52   1423.000   1407.461     2.8229     2.8200    -0.0030     2.7235     2.7206    -0.0029   3.174334   3.174142  -0.000202    34.5285    34.5292     3.9270    27.5335    27.5343    34.5279    27.5331    1484.51    1484.50     2.7233  1034.1014    34.6949 0.0000e+00
      35337 291.702157  -38.65520  -49.00022      0.973    1483.52   1424.000   1408.447     2.8206     2.8195    -0.0010     2.7211     2.7201    -0.0010   3.174274   3.174256  -0.000035    34.5295    34.5302     3.9321    27.5345    27.5352    34.5292    27.5343    1484.51    1484.51     2.7209  1034.1072    34.6962 0.0000e+00
      35355 291.702165  -38.65520  -49.00022      1.175    1483.52   1425.000   1409.432     2.8198     2.8197    -0.0002     2.7203     2.7201    -0.0002   3.174294   3.174301   0.000001    34.5303    34.5305     3.9324    27.5352    27.5354    34.5297    27.5348    1484.53    1484.53     2.7201  1034.1123    34.6967 0.0000e+00
      35371 291.702173  -38.65520  -49.00023      1.361    1483.52   1426.000   1410.418     2.8164     2.8161    -0.0002     2.7168     2.7166    -0.0002   3.173998   3.173996 -6.899e-07    34.5303    34.5306     3.9278    27.5356    27.5358    34.5293    27.5347    1484.53    1484.53     2.7166  1034.1169    34.6963 0.0000e+00
      35386 291.702180  -38.65520  -49.00024      1.495    1483.52   1427.000   1411.404     2.8114     2.8114     0.0000     2.7117     2.7118     0.0000   3.173636   3.173653   0.000011    34.5305    34.5306     3.9264    27.5361    27.5363    34.5297    27.5355    1484.53    1484.53     2.7116  1034.1224    34.6967 0.0000e+00
      35402 291.702188  -38.65518  -49.00024      1.546    1483.52   1428.000   1412.389     2.8102     2.8099    -0.0003     2.7106     2.7102    -0.0003   3.173635   3.173620  -0.000006    34.5307    34.5310     3.9240    27.5364    27.5367    34.5304    27.5362    1484.54    1484.54     2.7103  1034.1277    34.6974 0.0000e+00
      35421 291.702197  -38.65518  -49.00024      1.430    1483.52   1429.000   1413.375     2.8109     2.8116     0.0006     2.7112     2.7118     0.0006   3.173749   3.173834   0.000073    34.5308    34.5310     3.9231    27.5364    27.5366    34.5305    27.5362    1484.56    1484.56     2.7110  1034.1322    34.6975 0.0000e+00
      35450 291.702211  -38.65518  -49.00024      1.010    1483.52   1430.000   1414.361     2.8134     2.8135     0.0001     2.7135     2.7136     0.0001   3.173965   3.174005   0.000035    34.5303    34.5306     3.9204    27.5358    27.5361    34.5300    27.5356    1484.58    1484.59     2.7133  1034.1361    34.6970 0.0000e+00
      35488 291.702229  -38.65518  -49.00024      0.626    1483.52   1431.000   1415.347     2.8136     2.8142     0.0006     2.7136     2.7142     0.0006   3.174156   3.174233   0.000065    34.5314    34.5316     3.9152    27.5367    27.5368    34.5316    27.5369    1484.60    1484.61     2.7134  1034.1419    34.6986 0.0000e+00
      35518 291.702244  -38.65518  -49.00024      0.738    1483.52   1432.000   1416.332     2.8195     2.8223     0.0028     2.7194     2.7221     0.0027   3.174858   3.175304   0.000421    34.5332    34.5354     3.9167    27.5377    27.5391    34.5334    27.5378    1484.65    1484.66     2.7192  1034.1470    34.7004 0.0000e+00
      35545 291.702257  -38.65518  -49.00024      0.869    1483.52   1433.000   1417.318     2.8218     2.8259     0.0041     2.7216     2.7256     0.0040   3.175202   3.175720   0.000520    34.5340    34.5360     3.9175    27.5381    27.5394    34.5346    27.5385    1484.68    1484.70     2.7214  1034.1523    34.7016 0.0000e+00
      35571 291.702270  -38.65518  -49.00026      0.903    1483.52   1434.000   1418.304     2.8272     2.8323     0.0051     2.7268     2.7319     0.0051   3.175836   3.176498   0.000636    34.5354    34.5376     3.9209    27.5387    27.5401    34.5360    27.5393    1484.72    1484.74     2.7266  1034.1573    34.7031 0.0000e+00
      35598 291.702282  -38.65518  -49.00026      0.913    1483.52   1435.000   1419.289     2.8315     2.8368     0.0054     2.7310     2.7363     0.0053   3.176344   3.176973   0.000626    34.5365    34.5384     3.9215    27.5393    27.5403    34.5371    27.5398    1484.76    1484.78     2.7308  1034.1622    34.7041 0.0000e+00
      35621 291.702294  -38.65518  -49.00026      0.963    1483.52   1436.000   1420.276     2.8379     2.8396     0.0017     2.7372     2.7390     0.0017   3.177101   3.177348   0.000285    34.5374    34.5390     3.9214    27.5394    27.5406    34.5390    27.5407    1484.80    1484.81     2.7370  1034.1674    34.7061 0.0000e+00
      35642 291.702304  -38.65518  -49.00028      1.069    1483.52   1437.000   1421.261     2.8475     2.8485     0.0010     2.7466     2.7476     0.0010   3.178225   3.178454   0.000204    34.5401    34.5414     3.9224    27.5407    27.5417    34.5420    27.5422    1484.86    1484.87     2.7464  1034.1730    34.7090 0.0000e+00
      35661 291.702313  -38.65518  -49.00028      1.186    1483.54   1438.000   1422.246     2.8591     2.8614     0.0023     2.7580     2.7603     0.0023   3.179497   3.179841   0.000327    34.5427    34.5442     3.9230    27.5418    27.5428    34.5446    27.5433    1484.93    1484.95     2.7578  1034.1782    34.7116 0.0000e+00
      35681 291.702322  -38.65518  -49.00028      1.247    1483.56   1439.000   1423.232     2.8616     2.8656     0.0040     2.7604     2.7644     0.0040   3.179710   3.180262   0.000542    34.5430    34.5453     3.9205    27.5419    27.5433    34.5440    27.5426    1484.96    1484.98     2.7602  1034.1819    34.7110 0.0000e+00
      35704 291.702334  -38.65518  -49.00028      1.147    1483.56   1440.000   1424.218     2.8580     2.8631     0.0051     2.7568     2.7619     0.0050   3.179383   3.179891   0.000524    34.5428    34.5437     3.9276    27.5420    27.5423    34.5432    27.5424    1484.96    1484.98     2.7566  1034.1864    34.7103 0.0000e+00
      35734 291.702348  -38.65518  -49.00028      0.880    1483.56   1441.000   1425.204     2.8604     2.8608     0.0004     2.7591     2.7594     0.0004   3.179797   3.179861   0.000058    34.5438    34.5441     3.9322    27.5426    27.5428    34.5453    27.5438    1484.99    1484.99     2.7589  1034.1923    34.7124 0.0000e+00
      35764 291.702363  -38.65518 -9.990e-29      0.755    1483.56   1442.000   1426.189     2.8713     2.8748     0.0036     2.7697     2.7733     0.0035   3.181024   3.181494   0.000466    34.5462    34.5481     3.9343    27.5436    27.5448    34.5481    27.5451    1485.06    1485.07     2.7695  1034.1978    34.7155 0.0000e+00
      35789 291.702375  -38.65518 -9.990e-29      0.881    1483.56   1443.000   1427.175     2.8829     2.8867     0.0038     2.7811     2.7849     0.0038   3.182314   3.182821   0.000508    34.5487    34.5508     3.9366    27.5445    27.5459    34.5509    27.5463    1485.13    1485.15     2.7809  1034.2031    34.7182 0.0000e+00
      35810 291.702385  -38.65518 -9.990e-29      1.050    1483.56   1444.000   1428.160     2.8907     2.8929     0.0022     2.7888     2.7909     0.0021   3.183126   3.183485   0.000375    34.5499    34.5522     3.9422    27.5449    27.5465    34.5518    27.5464    1485.18    1485.19     2.7886  1034.2074    34.7192 0.0000e+00
      35829 291.702394  -38.65518 -9.990e-29      1.178    1483.56   1445.000   1429.146     2.8943     2.8958     0.0015     2.7922     2.7937     0.0015   3.183594   3.183839   0.000239    34.5518    34.5531     3.9400    27.5460    27.5469    34.5533    27.5472    1485.21    1485.22     2.7920  1034.2127    34.7207 0.0000e+00
      35850 291.702404  -38.65518 -9.990e-29      1.196    1483.56   1446.000   1430.132     2.8943     2.8969     0.0026     2.7921     2.7947     0.0026   3.183625   3.183889   0.000291    34.5523    34.5531     3.9486    27.5465    27.5469    34.5531    27.5471    1485.23    1485.24     2.7919  1034.2163    34.7195 0.0000e+00
      35882 291.702420 -9.990e-29 -9.990e-29      0.890    1483.56   1447.000   1431.118     2.8918     2.8907    -0.0011     2.7896     2.7886    -0.0011   3.183431   3.183344  -0.000089    34.5521    34.5522     3.9511    27.5465    27.5467    34.5529    27.5471    1485.24    1485.23     2.7894  1034.2208    34.7191 0.0000e+00
      35924 291.702440 -9.990e-29 -9.990e-29      0.533    1483.56   1448.000   1432.103     2.8948     2.8952     0.0005     2.7925     2.7929     0.0005   3.183907   3.183964   0.000069    34.5540    34.5543     3.9560    27.5478    27.5480    34.5550    27.5486    1485.27    1485.27     2.7923  1034.2267    34.7213 0.0000e+00
      35952 291.702453  -38.65516  -49.00032      0.756    1483.56   1449.000   1433.088     2.8921     2.8916    -0.0005     2.7897     2.7893    -0.0005   3.183744   3.183723  -0.000005    34.5549    34.5554     3.9516    27.5488    27.5492    34.5553    27.5491    1485.27    1485.27     2.7895  1034.2325    34.7224 0.0000e+00
      35975 291.702464  -38.65516  -49.00033      0.949    1483.56   1450.000   1434.074     2.8932     2.8928    -0.0004     2.7907     2.7903    -0.0004   3.184064   3.184130   0.000052    34.5558    34.5569     3.9531    27.5494    27.5503    34.5576    27.5508    1485.30    1485.30     2.7905  1034.2387    34.7247 0.0000e+00
      35998 291.702476  -38.65516  -49.00034      1.034    1483.56   1451.000   1435.060     2.9054     2.9088     0.0034     2.8027     2.8060     0.0033   3.185428   3.185904   0.000454    34.5592    34.5611     3.9478    27.5510    27.5522    34.5606    27.5522    1485.37    1485.39     2.8025  1034.2441    34.7278 0.0000e+00
      36021 291.702487  -38.65516  -49.00034      1.047    1483.56   1452.000   1436.045     2.9108     2.9120     0.0012     2.8080     2.8092     0.0011   3.186162   3.186302   0.000163    34.5617    34.5625     3.9489    27.5526    27.5531    34.5633    27.5538    1485.41    1485.42     2.8078  1034.2500    34.7304 0.0000e+00
