Pos-Processados/process_op41/operantar41_016.cnv
* Sea-Bird SBE 9 Data File:
* FileName = C:\Users\Dell\Desktop\OperantarXLI\config\00_BRUTOS\OPE41016.hdr
* Software Version Seasave V 7.26.7.110
* Temperature SN = 6497
* Conductivity SN = 4954
* Number of Bytes Per Scan = 31
* Number of Voltage Words = 2
* Number of Scans Averaged by the Deck Unit = 1
* NMEA Latitude = 62 09.82 S
* NMEA Longitude = 058 22.39 W
* NMEA UTC (Time) = Nov 09 2022 14:38:16
* NMEA baud rate = 4800
** H41
** Navio Polar Almirante Maximiano
** LH-021/2022
** Operantar XLI
** Número da Estação 0016
** Latitude 62 9,860 S
** Longitude 58 22,350 W
** Data/Hora (Z) 09/11/22 1440Z
** Profundidade local 415 m
** 09-1439
** Nome do Operador CT GARLA
# nquan = 30
# nvalues = 775                         
# units = specified
# name 0 = scan: Scan Count
# name 1 = timeJ: Julian Days
# name 2 = latitude: Latitude [deg]
# name 3 = longitude: Longitude [deg]
# name 4 = dz/dtM: Descent Rate [m/s]
# name 5 = avgsvCM: Average Sound Velocity [Chen-Millero, m/s]
# name 6 = prDM: Pressure, Digiquartz [db]
# name 7 = depSM: Depth [salt water, m]
# name 8 = t090C: Temperature [ITS-90, deg C]
# name 9 = t190C: Temperature, 2 [ITS-90, deg C]
# name 10 = T2-T190C: Temperature Difference, 2 - 1 [ITS-90, deg C]
# name 11 = potemp090C: Potential Temperature [ITS-90, deg C]
# name 12 = potemp190C: Potential Temperature, 2 [ITS-90, deg C]
# name 13 = potemp90Cdiff: Potential Temperature, Diff, 2 - 1 [ITS-90, deg C]
# name 14 = c0S/m: Conductivity [S/m]
# name 15 = c1S/m: Conductivity, 2 [S/m]
# name 16 = C2-C1S/m: Conductivity Difference, 2 - 1 [S/m]
# name 17 = sal00: Salinity, Practical [PSU]
# name 18 = sal11: Salinity, Practical, 2 [PSU]
# name 19 = sbeox0ML/L: Oxygen, SBE 43 [ml/l]
# name 20 = sigma-é00: Density [sigma-theta, kg/m^3]
# name 21 = sigma-é11: Density, 2 [sigma-theta, kg/m^3]
# name 22 = sal00: Salinity, Practical [PSU]
# name 23 = sigma-é00: Density [sigma-theta, kg/m^3]
# name 24 = svCM: Sound Velocity [Chen-Millero, m/s]
# name 25 = svCM1: Sound Velocity, 2 [Chen-Millero, m/s]
# name 26 = gsw_ptA0: potential temperature [ITS-90, deg C]
# name 27 = gsw_densityA0: density, TEOS-10 [density, kg/m^3]
# name 28 = gsw_saA0: Absolute Salinity [g/kg]
# name 29 = flag:
# span 0 =       2633,      24327       
# span 1 = 313.611177, 313.621639       
# span 2 =  -62.16384,  -62.16372       
# span 3 =  -58.37318,  -58.37284       
# span 4 =     -1.390,      1.366       
# span 5 =      -0.01,    1450.59       
# span 6 =      2.000,    389.000       
# span 7 =      1.982,    384.910       
# span 8 =    -0.2594,    -0.0694       
# span 9 =    -0.2594,    -0.0685       
# span 10 =    -0.0076,     0.0031      
# span 11 =    -0.2688,    -0.0696      
# span 12 =    -0.2688,    -0.0686      
# span 13 =    -0.0076,     0.0031      
# span 14 =   2.833390,   2.855643      
# span 15 =   2.833468,   2.855667      
# span 16 =  -0.000573,   0.000302      
# span 17 =    34.1810,    34.3778      
# span 18 =    34.1819,    34.3786      
# span 19 =     6.4241,     7.4868      
# span 20 =    27.4502,    27.6159      
# span 21 =    27.4507,    27.6165      
# span 22 =    34.1808,    34.3778      
# span 23 =    27.4494,    27.6159      
# span 24 =    1447.60,    1453.61      
# span 25 =    1447.61,    1453.61      
# span 26 =    -0.2686,    -0.0695      
# span 27 =  1027.4649,  1029.4702      
# span 28 =    34.3457,    34.5459      
# span 29 = 0.0000e+00, 0.0000e+00      
# interval = decibars: 1                
# start_time = Nov 09 2022 14:38:16 [NMEA time, header]
# bad_flag = -9.990e-29
*END*
[from data line 726]
      22735 313.620871  -62.16380  -58.37312     -0.658    1450.59     50.000     49.514    -0.1136    -0.1139    -0.0003    -0.1153    -0.1156    -0.0003   2.834934   2.834959   0.000018    34.1841    34.1847     7.4702    27.4534    27.4539    34.1841    27.4534    1448.33    1448.34    -0.1153  1027.6964    34.3492 0.0000e+00
      22762 313.620884  -62.16380  -58.37314     -0.812    1450.59     49.000     48.524    -0.1152    -0.1153    -0.0001    -0.1169    -0.1169    -0.0001   2.834715   2.834764   0.000053    34.1837    34.1845     7.4599    27.4532    27.4538    34.1835    27.4530    1448.31    1448.31    -0.1168  1027.6913    34.3487 0.0000e+00
      22787 313.620896  -62.16380  -58.37314     -0.942    1450.59     48.000     47.534    -0.1148    -0.1147     0.0000    -0.1164    -0.1163     0.0001   2.834722   2.834795   0.000072    34.1837    34.1846     7.4803    27.4532    27.4539    34.1838    27.4532    1448.30    1448.30    -0.1164  1027.6867    34.3489 0.0000e+00
      22813 313.620908  -62.16380  -58.37314     -0.957    1450.59     47.000     46.544    -0.1144    -0.1150    -0.0006    -0.1160    -0.1166    -0.0006   2.834690   2.834694   0.000004    34.1837    34.1845     7.4821    27.4531    27.4538    34.1836    27.4530    1448.28    1448.28    -0.1160  1027.6817    34.3487 0.0000e+00
      22845 313.620924  -62.16380  -58.37314     -0.810    1450.59     46.000     45.553    -0.1151    -0.1150     0.0001    -0.1166    -0.1166     0.0001   2.834622   2.834675   0.000052    34.1840    34.1846     7.4658    27.4534    27.4539    34.1840    27.4534    1448.26    1448.26    -0.1166  1027.6773    34.3491 0.0000e+00
      22882 313.620942  -62.16380  -58.37314     -0.633    1450.59     45.000     44.563    -0.1152    -0.1153    -0.0001    -0.1168    -0.1169    -0.0001   2.834528   2.834571   0.000044    34.1837    34.1844     7.4743    27.4531    27.4537    34.1835    27.4530    1448.25    1448.25    -0.1167  1027.6721    34.3486 0.0000e+00
      22915 313.620958  -62.16380  -58.37314     -0.711    1450.59     44.000     43.573    -0.1162    -0.1166    -0.0004    -0.1177    -0.1181    -0.0004   2.834405   2.834426   0.000024    34.1836    34.1844     7.4688    27.4531    27.4538    34.1836    27.4531    1448.23    1448.22    -0.1176  1027.6674    34.3486 0.0000e+00
      22941 313.620970  -62.16380  -58.37314     -0.846    1450.59     43.000     42.583    -0.1156    -0.1158    -0.0002    -0.1170    -0.1172    -0.0002   2.834408   2.834445   0.000036    34.1836    34.1843     7.4637    27.4531    27.4536    34.1836    27.4530    1448.21    1448.21    -0.1170  1027.6626    34.3486 0.0000e+00
      22967 313.620983  -62.16380  -58.37314     -0.935    1450.59     42.000     41.593    -0.1156    -0.1159    -0.0002    -0.1170    -0.1173    -0.0002   2.834352   2.834391   0.000038    34.1836    34.1843     7.4787    27.4531    27.4536    34.1835    27.4530    1448.19    1448.19    -0.1170  1027.6578    34.3485 0.0000e+00
      22993 313.620995  -62.16380  -58.37314     -0.938    1450.59     41.000     40.603    -0.1157    -0.1159    -0.0002    -0.1171    -0.1172    -0.0002   2.834311   2.834348   0.000037    34.1837    34.1843     7.4743    27.4531    27.4537    34.1836    27.4531    1448.18    1448.18    -0.1170  1027.6531    34.3486 0.0000e+00
      23021 313.621009  -62.16380  -58.37314     -0.884    1450.59     40.000     39.612    -0.1158    -0.1158    -0.0001    -0.1171    -0.1172    -0.0001   2.834263   2.834303   0.000040    34.1837    34.1843     7.4667    27.4532    27.4537    34.1837    27.4531    1448.16    1448.16    -0.1171  1027.6484    34.3487 0.0000e+00
      23050 313.621023  -62.16380  -58.37314     -0.817    1450.59     39.000     38.622    -0.1156    -0.1157    -0.0001    -0.1169    -0.1170    -0.0001   2.834220   2.834270   0.000050    34.1835    34.1843     7.4800    27.4530    27.4536    34.1835    27.4530    1448.15    1448.15    -0.1169  1027.6435    34.3485 0.0000e+00
      23080 313.621037  -62.16380  -58.37314     -0.801    1450.59     38.000     37.632    -0.1151    -0.1154    -0.0003    -0.1164    -0.1167    -0.0003   2.834228   2.834255   0.000027    34.1837    34.1844     7.4752    27.4531    27.4537    34.1837    27.4531    1448.13    1448.13    -0.1164  1027.6388    34.3487 0.0000e+00
      23108 313.621051  -62.16380  -58.37314     -0.840    1450.59     37.000     36.642    -0.1145    -0.1145    -0.0000    -0.1158    -0.1158    -0.0000   2.834229   2.834289   0.000062    34.1836    34.1845     7.4705    27.4530    27.4537    34.1837    27.4531    1448.12    1448.12    -0.1157  1027.6342    34.3489 0.0000e+00
      23136 313.621064  -62.16380 -9.990e-29     -0.866    1450.59     36.000     35.651    -0.1145    -0.1146    -0.0002    -0.1157    -0.1158    -0.0002   2.834186   2.834231   0.000045    34.1836    34.1844     7.4742    27.4530    27.4537    34.1836    27.4530    1448.10    1448.10    -0.1157  1027.6297    34.3493 0.0000e+00
      23164 313.621078  -62.16380 -9.990e-29     -0.864    1450.59     35.000     34.661    -0.1144    -0.1145    -0.0001    -0.1156    -0.1156    -0.0001   2.834148   2.834198   0.000050    34.1836    34.1844     7.4730    27.4530    27.4537    34.1836    27.4530    1448.09    1448.09    -0.1155  1027.6250    34.3493 0.0000e+00
      23193 313.621092  -62.16380 -9.990e-29     -0.826    1450.59     34.000     33.671    -0.1144    -0.1144    -0.0001    -0.1155    -0.1156    -0.0001   2.834095   2.834144   0.000051    34.1835    34.1843     7.4677    27.4529    27.4535    34.1835    27.4529    1448.07    1448.07    -0.1155  1027.6201    34.3492 0.0000e+00
      23224 313.621107  -62.16380  -58.37316     -0.790    1450.59     33.000     32.681    -0.1143    -0.1143    -0.0001    -0.1154    -0.1154    -0.0001   2.834065   2.834100   0.000032    34.1836    34.1841     7.4753    27.4530    27.4534    34.1836    27.4530    1448.06    1448.06    -0.1154  1027.6148    34.3485 0.0000e+00
      23251 313.621120  -62.16380  -58.37316     -0.836    1450.59     32.000     31.691    -0.1141    -0.1142    -0.0001    -0.1152    -0.1152    -0.0001   2.834023   2.834070   0.000050    34.1834    34.1842     7.4755    27.4529    27.4535    34.1835    27.4529    1448.04    1448.04    -0.1152  1027.6099    34.3484 0.0000e+00
      23277 313.621133  -62.16380  -58.37316     -0.910    1450.59     31.000     30.700    -0.1136    -0.1139    -0.0002    -0.1147    -0.1149    -0.0002   2.834008   2.834055   0.000042    34.1834    34.1842     7.4692    27.4528    27.4535    34.1834    27.4528    1448.02    1448.02    -0.1146  1027.6050    34.3483 0.0000e+00
      23305 313.621146  -62.16380  -58.37316     -0.893    1450.59     30.000     29.710    -0.1130    -0.1126     0.0003    -0.1140    -0.1136     0.0003   2.834015   2.834090   0.000073    34.1833    34.1839     7.4732    27.4527    27.4531    34.1833    27.4527    1448.01    1448.01    -0.1140  1027.6001    34.3482 0.0000e+00
      23337 313.621161  -62.16380  -58.37316     -0.783    1450.59     29.000     28.720    -0.1136    -0.1133     0.0003    -0.1146    -0.1143     0.0003   2.833927   2.833995   0.000068    34.1835    34.1841     7.4807    27.4529    27.4533    34.1835    27.4529    1447.99    1447.99    -0.1146  1027.5955    34.3483 0.0000e+00
      23366 313.621175  -62.16380  -58.37316     -0.788    1450.59     28.000     27.730    -0.1135    -0.1136    -0.0001    -0.1145    -0.1145    -0.0001   2.833879   2.833924   0.000048    34.1834    34.1841     7.4668    27.4528    27.4534    34.1833    27.4527    1447.98    1447.98    -0.1144  1027.5906    34.3482 0.0000e+00
      23392 313.621188  -62.16380  -58.37316     -0.891    1450.59     27.000     26.739    -0.1123    -0.1131    -0.0008    -0.1132    -0.1140    -0.0008   2.833940   2.833937   0.000002    34.1832    34.1841     7.4708    27.4526    27.4533    34.1835    27.4528    1447.97    1447.96    -0.1132  1027.5859    34.3483 0.0000e+00
      23417 313.621200  -62.16380  -58.37316     -0.949    1450.59     26.000     25.749    -0.1104    -0.1107    -0.0003    -0.1113    -0.1115    -0.0003   2.834019   2.834065   0.000036    34.1830    34.1837     7.4774    27.4523    27.4529    34.1830    27.4523    1447.96    1447.96    -0.1113  1027.5806    34.3478 0.0000e+00
      23446 313.621214  -62.16380  -58.37316     -0.871    1450.59     25.000     24.759    -0.1110    -0.1097     0.0013    -0.1118    -0.1105     0.0013   2.833950   2.834089   0.000142    34.1831    34.1836     7.4663    27.4524    27.4527    34.1833    27.4525    1447.94    1447.95    -0.1118  1027.5761    34.3481 0.0000e+00
      23478 313.621229  -62.16380  -58.37316     -0.752    1450.59     24.000     23.768    -0.1081    -0.1080     0.0001    -0.1089    -0.1088     0.0001   2.834115   2.834180   0.000066    34.1827    34.1835     7.4677    27.4519    27.4526    34.1829    27.4521    1447.94    1447.94    -0.1089  1027.5709    34.3477 0.0000e+00
      23509 313.621244  -62.16380  -58.37316     -0.767    1450.59     23.000     22.778    -0.1066    -0.1068    -0.0002    -0.1074    -0.1076    -0.0002   2.834196   2.834236   0.000043    34.1826    34.1834     7.4795    27.4518    27.4525    34.1829    27.4520    1447.93    1447.93    -0.1074  1027.5660    34.3476 0.0000e+00
      23536 313.621257  -62.16380  -58.37316     -0.849    1450.59     22.000     21.788    -0.1061    -0.1062    -0.0000    -0.1069    -0.1069    -0.0000   2.834171   2.834232   0.000054    34.1825    34.1833     7.4722    27.4517    27.4523    34.1826    27.4518    1447.91    1447.91    -0.1068  1027.5610    34.3474 0.0000e+00
      23562 313.621270  -62.16380  -58.37316     -0.915    1450.59     21.000     20.797    -0.1049    -0.1054    -0.0005    -0.1056    -0.1061    -0.0005   2.834234   2.834241   0.000013    34.1825    34.1833     7.4704    27.4516    27.4523    34.1827    27.4518    1447.90    1447.90    -0.1056  1027.5562    34.3474 0.0000e+00
      23586 313.621281  -62.16380  -58.37316     -0.952    1450.59     20.000     19.807    -0.1054    -0.1060    -0.0006    -0.1061    -0.1066    -0.0006   2.834135   2.834144   0.000009    34.1825    34.1833     7.4794    27.4517    27.4523    34.1826    27.4517    1447.88    1447.88    -0.1061  1027.5513    34.3473 0.0000e+00
      23612 313.621294  -62.16380  -58.37316     -0.974    1450.59     19.000     18.817    -0.1059    -0.1067    -0.0008    -0.1066    -0.1073    -0.0008   2.834057   2.834048  -0.000007    34.1827    34.1834     7.4779    27.4518    27.4525    34.1827    27.4519    1447.86    1447.86    -0.1065  1027.5468    34.3476 0.0000e+00
      23640 313.621307  -62.16380 -9.990e-29     -0.877    1450.59     18.000     17.826    -0.1058    -0.1061    -0.0003    -0.1065    -0.1067    -0.0003   2.834017   2.834040   0.000020    34.1827    34.1833     7.4685    27.4518    27.4523    34.1827    27.4518    1447.85    1447.85    -0.1064  1027.5420    34.3476 0.0000e+00
      23669 313.621322  -62.16380 -9.990e-29     -0.826    1450.59     17.000     16.836    -0.1057    -0.1058    -0.0002    -0.1062    -0.1064    -0.0002   2.833988   2.834033   0.000045    34.1827    34.1834     7.4753    27.4518    27.4524    34.1828    27.4519    1447.83    1447.83    -0.1063  1027.5372    34.3475 0.0000e+00
      23699 313.621336  -62.16380  -58.37318     -0.805    1450.59     16.000     15.846    -0.1055    -0.1055     0.0001    -0.1061    -0.1060     0.0001   2.833949   2.834002   0.000052    34.1827    34.1833     7.4849    27.4518    27.4523    34.1826    27.4518    1447.82    1447.82    -0.1060  1027.5323    34.3473 0.0000e+00
      23728 313.621350  -62.16380  -58.37318     -0.818    1450.59     15.000     14.855    -0.1058    -0.1058    -0.0001    -0.1063    -0.1063    -0.0001   2.833879   2.833914   0.000037    34.1826    34.1832     7.4785    27.4518    27.4522    34.1827    27.4518    1447.80    1447.80    -0.1063  1027.5276    34.3475 0.0000e+00
      23755 313.621363  -62.16381  -58.37318     -0.864    1450.59     14.000     13.865    -0.1057    -0.1056     0.0001    -0.1062    -0.1061     0.0001   2.833830   2.833890   0.000060    34.1825    34.1832     7.4759    27.4517    27.4522    34.1825    27.4517    1447.78    1447.79    -0.1062  1027.5228    34.3474 0.0000e+00
      23781 313.621375  -62.16382  -58.37318     -0.916    1450.59     13.000     12.875    -0.1056    -0.1056     0.0000    -0.1060    -0.1060     0.0000   2.833792   2.833848   0.000054    34.1825    34.1832     7.4774    27.4516    27.4522    34.1825    27.4516    1447.77    1447.77    -0.1060  1027.5180    34.3474 0.0000e+00
      23807 313.621388  -62.16382  -58.37318     -0.938    1450.59     12.000     11.884    -0.1054    -0.1054     0.0000    -0.1058    -0.1058     0.0000   2.833750   2.833802   0.000051    34.1824    34.1830     7.4762    27.4515    27.4520    34.1824    27.4515    1447.75    1447.75    -0.1058  1027.5131    34.3473 0.0000e+00
      23835 313.621401  -62.16382  -58.37318     -0.890    1450.59     11.000     10.894    -0.1054    -0.1054    -0.0000    -0.1058    -0.1058    -0.0000   2.833700   2.833748   0.000049    34.1823    34.1829     7.4692    27.4515    27.4520    34.1823    27.4514    1447.74    1447.74    -0.1058  1027.5083    34.3472 0.0000e+00
      23867 313.621417  -62.16381  -58.37318     -0.775    1450.59     10.000      9.907    -0.1053    -0.1051     0.0002    -0.1056    -0.1054     0.0002   2.833664   2.833717   0.000051    34.1822    34.1827     7.4807    27.4514    27.4518    34.1823    27.4514    1447.72    1447.72    -0.1056  1027.5035    34.3472 0.0000e+00
      23903 313.621434  -62.16380  -58.37318     -0.667    1450.59      9.000      8.910    -0.1052    -0.1049     0.0003    -0.1055    -0.1052     0.0003   2.833610   2.833673   0.000065    34.1820    34.1826     7.4833    27.4513    27.4517    34.1821    27.4513    1447.70    1447.71    -0.1055  1027.4986    34.3470 0.0000e+00
      23936 313.621450  -62.16380  -58.37318     -0.699    1450.59      8.000      7.923    -0.1051    -0.1049     0.0001    -0.1053    -0.1052     0.0001   2.833564   2.833618   0.000050    34.1819    34.1825     7.4742    27.4512    27.4516    34.1819    27.4512    1447.69    1447.69    -0.1053  1027.4936    34.3468 0.0000e+00
      23965 313.621464  -62.16382  -58.37318     -0.817    1450.59      7.000      6.933    -0.1048    -0.1047     0.0001    -0.1050    -0.1049     0.0001   2.833527   2.833572   0.000050    34.1818    34.1822     7.4736    27.4510    27.4514    34.1817    27.4510    1447.67    1447.67    -0.1050  1027.4887    34.3467 0.0000e+00
      23996 313.621479  -62.16382  -58.37318     -0.802    1450.59      6.000      5.942    -0.1046    -0.1042     0.0004    -0.1048    -0.1044     0.0004   2.833474   2.833548   0.000071    34.1814    34.1819     7.4818    27.4507    27.4511    34.1814    27.4507    1447.66    1447.66    -0.1048  1027.4837    34.3463 0.0000e+00
      24046 313.621503  -62.16382  -58.37318     -0.493    1450.59      5.000      4.953    -0.1045    -0.1042     0.0003    -0.1046    -0.1044     0.0003   2.833428   2.833495   0.000066    34.1813    34.1819     7.4778    27.4506    27.4510    34.1813    27.4506    1447.64    1447.64    -0.1047  1027.4788    34.3462 0.0000e+00
      24112 313.621535  -62.16382  -58.37318     -0.351    1450.59      4.000      3.959    -0.1041    -0.1040     0.0001    -0.1042    -0.1042     0.0001   2.833399   2.833468   0.000070    34.1810    34.1819     7.4703    27.4504    27.4511    34.1811    27.4504    1447.63    1447.63    -0.1042  1027.4738    34.3460 0.0000e+00
