Pos-Processados/process_op41/operantar41_007.cnv
* Sea-Bird SBE 9 Data File:
* FileName = C:\Users\Dell\Desktop\OperantarXLI\config\00_BRUTOS\OP41007.hdr
* Software Version Seasave V 7.26.7.110
* Temperature SN = 6497
* Conductivity SN = 4954
* Number of Bytes Per Scan = 31
* Number of Voltage Words = 2
* Number of Scans Averaged by the Deck Unit = 1
* NMEA Latitude = 42 10.83 S
* NMEA Longitude = 052 56.87 W
* NMEA UTC (Time) = Oct 22 2022 04:55:15
* NMEA baud rate = 4800
** H41
** Navio Polar Almirante Maximiano
** LH-021/2022
** Operantar XLI
** Número da Estação 007
** Latitude 42 10.857'S
** Longitude 052 56.879W
** Data/Hora (Z) 22/10/2022 0455Z
** Profundidade local 5627 m
** 09-1439
** Nome do Operador 1T FILIPE LOPES
# nquan = 30
# nvalues = 2034                        
# units = specified
# name 0 = scan: Scan Count
# name 1 = timeJ: Julian Days
# name 2 = latitude: Latitude [deg]
# name 3 = longitude: Longitude [deg]
# name 4 = dz/dtM: Descent Rate [m/s]
# name 5 = avgsvCM: Average Sound Velocity [Chen-Millero, m/s]
# name 6 = prDM: Pressure, Digiquartz [db]
# name 7 = depSM: Depth [salt water, m]
# name 8 = t090C: Temperature [ITS-90, deg C]
# name 9 = t190C: Temperature, 2 [ITS-90, deg C]
# name 10 = T2-T190C: Temperature Difference, 2 - 1 [ITS-90, deg C]
# name 11 = potemp090C: Potential Temperature [ITS-90, deg C]
# name 12 = potemp190C: Potential Temperature, 2 [ITS-90, deg C]
# name 13 = potemp90Cdiff: Potential Temperature, Diff, 2 - 1 [ITS-90, deg C]
# name 14 = c0S/m: Conductivity [S/m]
# name 15 = c1S/m: Conductivity, 2 [S/m]
# name 16 = C2-C1S/m: Conductivity Difference, 2 - 1 [S/m]
# name 17 = sal00: Salinity, Practical [PSU]
# name 18 = sal11: Salinity, Practical, 2 [PSU]
# name 19 = sbeox0ML/L: Oxygen, SBE 43 [ml/l]
# name 20 = sigma-é00: Density [sigma-theta, kg/m^3]
# name 21 = sigma-é11: Density, 2 [sigma-theta, kg/m^3]
# name 22 = sal00: Salinity, Practical [PSU]
# name 23 = sigma-é00: Density [sigma-theta, kg/m^3]
# name 24 = svCM: Sound Velocity [Chen-Millero, m/s]
# name 25 = svCM1: Sound Velocity, 2 [Chen-Millero, m/s]
# name 26 = gsw_ptA0: potential temperature [ITS-90, deg C]
# name 27 = gsw_densityA0: density, TEOS-10 [density, kg/m^3]
# name 28 = gsw_saA0: Absolute Salinity [g/kg]
# name 29 = flag:
# span 0 =       1898,      60844       
# span 1 = 295.205950, 295.234376       
# span 2 =  -42.18026,  -42.16831       
# span 3 =  -52.94752,  -52.66724       
# span 4 =     -2.233,      1.475       
# span 5 =       0.00,    1496.18       
# span 6 =      1.000,   1018.000       
# span 7 =      0.992,   1007.533       
# span 8 =     2.9212,    11.8539       
# span 9 =     2.9223,    11.8537       
# span 10 =    -0.1060,     0.2198      
# span 11 =     2.8527,    11.8515      
# span 12 =     2.8538,    11.8512      
# span 13 =    -0.1060,     0.2197      
# span 14 =   3.154958,   3.948582      
# span 15 =   3.155005,   3.947118      
# span 16 =  -0.011127,   0.021322      
# span 17 =    34.1287,    34.6983      
# span 18 =    34.1291,    34.6989      
# span 19 =     4.1472,     6.2863      
# span 20 =    26.3079,    27.4245      
# span 21 =    26.3085,    27.4242      
# span 22 =    33.8549,    34.6954      
# span 23 =    25.7297,    27.4244      
# span 24 =    1472.68,    1496.20      
# span 25 =    1472.69,    1496.20      
# span 26 =     2.8526,    11.8515      
# span 27 =  1021.7887,  1032.1427      
# span 28 =    28.8851,    34.9834      
# span 29 = 0.0000e+00, 0.0000e+00      
# interval = decibars: 1                
# start_time = Oct 22 2022 04:55:15 [NMEA time, header]
# bad_flag = -9.990e-29
*END*
[from data line 1064]
      30332 295.219662  -42.17454  -52.94310     -1.082    1475.52    970.000    960.134     2.9607     2.9617     0.0010     2.8955     2.8965     0.0010   3.155303   3.155383   0.000075    34.3836    34.3834     4.2209    27.4024    27.4022    34.3839    27.4027    1477.38    1477.39     2.8954  1031.8999    34.5492 0.0000e+00
      30351 295.219671  -42.17454  -52.94309     -1.212    1475.52    969.000    959.146     2.9633     2.9636     0.0003     2.8982     2.8985     0.0003   3.155383   3.155439   0.000053    34.3822    34.3826     4.2223    27.4011    27.4014    34.3825    27.4013    1477.37    1477.38     2.8981  1031.8940    34.5479 0.0000e+00
      30370 295.219680  -42.17454  -52.94308     -1.273    1475.52    968.000    958.158     2.9640     2.9656     0.0016     2.8989     2.9006     0.0016   3.155371   3.155481   0.000103    34.3819    34.3814     4.2184    27.4008    27.4003    34.3822    27.4011    1477.36    1477.37     2.8989  1031.8891    34.5476 0.0000e+00
      30393 295.219692  -42.17454  -52.94308     -1.157    1475.52    967.000    957.171     2.9675     2.9676     0.0001     2.9025     2.9026     0.0001   3.155479   3.155525   0.000045    34.3800    34.3804     4.2225    27.3989    27.3993    34.3803    27.3992    1477.36    1477.36     2.9024  1031.8826    34.5457 0.0000e+00
      30426 295.219708  -42.17452  -52.94308     -0.807    1475.52    966.000    956.184     2.9682     2.9660    -0.0022     2.9033     2.9012    -0.0022   3.155448   3.155376  -0.000059    34.3794    34.3810     4.2273    27.3984    27.3999    34.3797    27.3987    1477.34    1477.33     2.9032  1031.8774    34.5451 0.0000e+00
      30463 295.219725  -42.17452  -52.94308     -0.622    1475.52    965.000    955.196     2.9693     2.9683    -0.0010     2.9045     2.9035    -0.0010   3.155474   3.155464  -0.000016    34.3791    34.3799     4.2303    27.3980    27.3988    34.3794    27.3983    1477.33    1477.33     2.9044  1031.8724    34.5447 0.0000e+00
      30488 295.219737  -42.17452  -52.94306     -0.823    1475.52    964.000    954.208     2.9716     2.9718     0.0002     2.9068     2.9070     0.0002   3.155561   3.155607   0.000039    34.3781    34.3784     4.2377    27.3971    27.3973    34.3786    27.3974    1477.32    1477.32     2.9067  1031.8669    34.5439 0.0000e+00
      30506 295.219746  -42.17452  -52.94306     -1.080    1475.52    963.000    953.221     2.9747     2.9752     0.0005     2.9100     2.9105     0.0005   3.155683   3.155737   0.000059    34.3768    34.3770     4.2454    27.3957    27.3959    34.3772    27.3961    1477.32    1477.32     2.9099  1031.8609    34.5425 0.0000e+00
      30522 295.219754  -42.17451  -52.94306     -1.312    1475.52    962.000    952.233     2.9757     2.9761     0.0004     2.9110     2.9115     0.0004   3.155698   3.155744   0.000041    34.3765    34.3765     4.2497    27.3954    27.3954    34.3769    27.3957    1477.30    1477.31     2.9109  1031.8559    34.5422 0.0000e+00
      30537 295.219761  -42.17450  -52.94306     -1.476    1475.52    961.000    951.246     2.9766     2.9768     0.0002     2.9120     2.9123     0.0002   3.155673   3.155718   0.000044    34.3759    34.3761     4.2471    27.3948    27.3950    34.3762    27.3951    1477.29    1477.29     2.9119  1031.8507    34.5415 0.0000e+00
      30553 295.219769  -42.17450  -52.94306     -1.547    1475.52    960.000    950.258     2.9771     2.9773     0.0001     2.9126     2.9128     0.0001   3.155646   3.155682   0.000042    34.3754    34.3758     4.2431    27.3944    27.3947    34.3758    27.3947    1477.28    1477.28     2.9125  1031.8457    34.5411 0.0000e+00
      30570 295.219777  -42.17450  -52.94306     -1.519    1475.52    959.000    949.270     2.9787     2.9781    -0.0006     2.9143     2.9137    -0.0006   3.155661   3.155672   0.000013    34.3744    34.3752     4.2423    27.3934    27.3941    34.3748    27.3938    1477.26    1477.26     2.9141  1031.8402    34.5401 0.0000e+00
      30591 295.219787  -42.17449  -52.94305     -1.327    1475.52    958.000    948.283     2.9791     2.9789    -0.0002     2.9147     2.9145    -0.0002   3.155623   3.155648   0.000021    34.3742    34.3747     4.2484    27.3933    27.3936    34.3745    27.3935    1477.25    1477.25     2.9146  1031.8352    34.5397 0.0000e+00
      30630 295.219806 -9.990e-29  -52.94304     -0.722    1475.52    957.000    947.295     2.9768     2.9773     0.0004     2.9126     2.9130     0.0004   3.155482   3.155541   0.000056    34.3755    34.3757     4.2574    27.3945    27.3946    34.3757    27.3946    1477.22    1477.23     2.9124  1031.8296    34.5381 0.0000e+00
      30671 295.219826 -9.990e-29  -52.94304     -0.502    1475.52    956.000    946.307     2.9798     2.9796    -0.0002     2.9155     2.9154    -0.0002   3.155584   3.155594   0.000015    34.3740    34.3744     4.2561    27.3930    27.3933    34.3743    27.3933    1477.22    1477.22     2.9155  1031.8236    34.5367 0.0000e+00
      30691 295.219835 -9.990e-29  -52.94304     -0.879    1475.52    955.000    945.320     2.9819     2.9829     0.0010     2.9178     2.9187     0.0010   3.155689   3.155824   0.000109    34.3732    34.3735     4.2529    27.3922    27.3923    34.3738    27.3927    1477.21    1477.22     2.9176  1031.8184    34.5362 0.0000e+00
      30707 295.219843  -42.17446  -52.94304     -1.229    1475.52    954.000    944.332     2.9876     2.9885     0.0009     2.9235     2.9244     0.0009   3.156040   3.156104   0.000085    34.3718    34.3718     4.2531    27.3905    27.3905    34.3726    27.3912    1477.22    1477.22     2.9234  1031.8138    34.5371 0.0000e+00
      30721 295.219850  -42.17446  -52.94304     -1.483    1475.52    953.000    943.344     2.9899     2.9899     0.0000     2.9259     2.9259     0.0000   3.156117   3.156171   0.000054    34.3711    34.3717     4.2571    27.3898    27.3902    34.3716    27.3901    1477.21    1477.21     2.9257  1031.8087    34.5368 0.0000e+00
      30737 295.219857  -42.17446  -52.94303     -1.580    1475.52    952.000    942.357     2.9907     2.9906    -0.0001     2.9267     2.9265    -0.0001   3.156119   3.156147   0.000031    34.3709    34.3714     4.2596    27.3895    27.3899    34.3713    27.3899    1477.19    1477.19     2.9266  1031.8038    34.5366 0.0000e+00
      30756 295.219866  -42.17446  -52.94302     -1.469    1475.52    951.000    941.369     2.9909     2.9906    -0.0003     2.9270     2.9267    -0.0003   3.156071   3.156088   0.000019    34.3707    34.3712     4.2573    27.3893    27.3898    34.3711    27.3896    1477.18    1477.18     2.9269  1031.7990    34.5363 0.0000e+00
      30779 295.219877  -42.17446  -52.94302     -1.182    1475.52    950.000    940.382     2.9910     2.9905    -0.0005     2.9271     2.9267    -0.0005   3.156029   3.156039   0.000007    34.3707    34.3712     4.2630    27.3893    27.3898    34.3710    27.3895    1477.16    1477.16     2.9270  1031.7943    34.5362 0.0000e+00
      30804 295.219890  -42.17446  -52.94302     -0.968    1475.52    949.000    939.394     2.9906     2.9911     0.0005     2.9268     2.9273     0.0005   3.155963   3.156033   0.000073    34.3708    34.3711     4.2686    27.3894    27.3896    34.3711    27.3897    1477.14    1477.15     2.9267  1031.7898    34.5363 0.0000e+00
      30829 295.219901  -42.17444 -9.990e-29     -0.967    1475.52    948.000    938.406     2.9926     2.9927     0.0001     2.9289     2.9290     0.0001   3.156043   3.156095   0.000050    34.3701    34.3706     4.2742    27.3887    27.3891    34.3705    27.3890    1477.14    1477.14     2.9288  1031.7844    34.5355 0.0000e+00
      30852 295.219913  -42.17444 -9.990e-29     -1.010    1475.52    947.000    937.419     2.9937     2.9939     0.0002     2.9301     2.9302     0.0002   3.155976   3.156016   0.000040    34.3688    34.3691     4.2759    27.3876    27.3878    34.3690    27.3877    1477.12    1477.12     2.9299  1031.7785    34.5340 0.0000e+00
      30879 295.219926  -42.17444 -9.990e-29     -0.954    1475.52    946.000    936.431     2.9927     2.9931     0.0004     2.9292     2.9296     0.0004   3.155788   3.155873   0.000080    34.3682    34.3687     4.2769    27.3871    27.3875    34.3683    27.3872    1477.10    1477.10     2.9290  1031.7735    34.5333 0.0000e+00
      30906 295.219939  -42.17443  -52.94300     -0.862    1475.52    945.000    935.444     2.9930     2.9931     0.0001     2.9295     2.9296     0.0001   3.155788   3.155827   0.000045    34.3683    34.3687     4.2821    27.3872    27.3875    34.3685    27.3873    1477.09    1477.09     2.9294  1031.7691    34.5336 0.0000e+00
      30927 295.219949  -42.17442  -52.94300     -0.980    1475.52    944.000    934.456     2.9930     2.9933     0.0003     2.9296     2.9299     0.0003   3.155601   3.155693   0.000085    34.3670    34.3678     4.2804    27.3862    27.3867    34.3668    27.3859    1477.07    1477.07     2.9295  1031.7632    34.5320 0.0000e+00
      30942 295.219956  -42.17442  -52.94300     -1.229    1475.52    943.000    933.468     2.9916     2.9917     0.0001     2.9282     2.9283     0.0001   3.155279   3.155311   0.000029    34.3652    34.3654     4.2773    27.3848    27.3850    34.3649    27.3846    1477.04    1477.04     2.9281  1031.7573    34.5301 0.0000e+00
      30956 295.219963  -42.17442  -52.94300     -1.472    1475.52    942.000    932.481     2.9906     2.9909     0.0003     2.9274     2.9277     0.0003   3.155122   3.155186   0.000074    34.3646    34.3652     4.2766    27.3844    27.3849    34.3645    27.3844    1477.02    1477.02     2.9273  1031.7525    34.5297 0.0000e+00
      30970 295.219970  -42.17442  -52.94300     -1.660    1475.52    941.000    931.493     2.9903     2.9904     0.0000     2.9272     2.9272     0.0000   3.155035   3.155064   0.000034    34.3643    34.3647     4.2758    27.3842    27.3845    34.3643    27.3842    1477.00    1477.00     2.9270  1031.7478    34.5295 0.0000e+00
      30984 295.219976  -42.17442  -52.94300     -1.730    1475.52    940.000    930.505     2.9909     2.9907    -0.0002     2.9278     2.9276    -0.0002   3.155049   3.155053   0.000012    34.3642    34.3646     4.2774    27.3841    27.3844    34.3644    27.3842    1476.99    1476.99     2.9277  1031.7432    34.5296 0.0000e+00
      31003 295.219986  -42.17441  -52.94299     -1.556    1475.52    939.000    929.517     2.9926     2.9913    -0.0013     2.9295     2.9283    -0.0013   3.155135   3.155059  -0.000076    34.3641    34.3645     4.2831    27.3838    27.3843    34.3642    27.3839    1476.98    1476.97     2.9294  1031.7382    34.5293 0.0000e+00
      31044 295.220005  -42.17440  -52.94298     -0.731    1475.52    938.000    928.528     2.9909     2.9911     0.0001     2.9280     2.9281     0.0001   3.154958   3.155005   0.000042    34.3643    34.3647     4.2936    27.3842    27.3844    34.3644    27.3842    1476.95    1476.96     2.9278  1031.7340    34.5295 0.0000e+00
      31091 295.220028  -42.17438  -52.94298     -0.433    1475.52    937.000    927.541     2.9935     2.9933    -0.0002     2.9306     2.9304    -0.0002   3.155092   3.155108   0.000021    34.3637    34.3642     4.2928    27.3834    27.3838    34.3637    27.3835    1476.95    1476.95     2.9305  1031.7286    34.5289 0.0000e+00
      31112 295.220038  -42.17438  -52.94297     -0.869    1475.52    936.000    926.555     2.9934     2.9971     0.0037     2.9306     2.9343     0.0037   3.155201   3.155576   0.000351    34.3645    34.3648     4.2896    27.3841    27.3840    34.3656    27.3849    1476.93    1476.95     2.9305  1031.7253    34.5306 0.0000e+00
      31128 295.220046  -42.17438 -9.990e-29     -1.188    1475.52    935.000    925.567     3.0059     3.0063     0.0004     2.9431     2.9434     0.0004   3.156133   3.156195   0.000082    34.3633    34.3639     4.2827    27.3820    27.3824    34.3643    27.3828    1476.97    1476.97     2.9429  1031.7182    34.5292 0.0000e+00
      31145 295.220054  -42.17438 -9.990e-29     -1.384    1475.52    934.000    924.579     3.0109     3.0093    -0.0016     2.9481     2.9465    -0.0016   3.156515   3.156404  -0.000095    34.3632    34.3637     4.2855    27.3814    27.3820    34.3641    27.3822    1476.97    1476.97     2.9480  1031.7129    34.5290 0.0000e+00
      31163 295.220063  -42.17438 -9.990e-29     -1.420    1475.52    933.000    923.591     3.0134     3.0123    -0.0011     2.9507     2.9495    -0.0011   3.156691   3.156645  -0.000054    34.3634    34.3639     4.2929    27.3813    27.3819    34.3641    27.3819    1476.97    1476.97     2.9506  1031.7080    34.5290 0.0000e+00
      31184 295.220073  -42.17438 -9.990e-29     -1.287    1475.52    932.000    922.604     3.0133     3.0142     0.0009     2.9507     2.9515     0.0009   3.156620   3.156752   0.000121    34.3634    34.3640     4.2919    27.3814    27.3817    34.3639    27.3817    1476.95    1476.96     2.9506  1031.7033    34.5288 0.0000e+00
      31210 295.220085  -42.17438  -52.94296     -1.020    1475.52    931.000    921.616     3.0120     3.0148     0.0028     2.9494     2.9522     0.0028   3.156440   3.156719   0.000267    34.3634    34.3636     4.2963    27.3815    27.3814    34.3637    27.3817    1476.93    1476.94     2.9493  1031.6988    34.5287 0.0000e+00
      31241 295.220101  -42.17436  -52.94296     -0.788    1475.52    930.000    920.628     3.0133     3.0147     0.0015     2.9507     2.9522     0.0015   3.156506   3.156669   0.000170    34.3631    34.3636     4.3032    27.3811    27.3814    34.3636    27.3815    1476.92    1476.92     2.9507  1031.6940    34.5287 0.0000e+00
      31269 295.220114  -42.17436  -52.94295     -0.808    1475.52    929.000    919.640     3.0179     3.0163    -0.0016     2.9554     2.9539    -0.0016   3.156889   3.156750  -0.000089    34.3626    34.3633     4.2995    27.3803    27.3810    34.3638    27.3813    1476.92    1476.92     2.9553  1031.6890    34.5289 0.0000e+00
      31289 295.220124  -42.17435  -52.94294     -0.998    1475.52    928.000    918.653     3.0289     3.0253    -0.0036     2.9664     2.9629    -0.0036   3.157770   3.157571  -0.000240    34.3621    34.3630     4.3004    27.3789    27.3799    34.3634    27.3800    1476.95    1476.94     2.9663  1031.6829    34.5285 0.0000e+00
      31307 295.220132  -42.17434  -52.94294     -1.200    1475.52    927.000    917.665     3.0331     3.0323    -0.0008     2.9707     2.9699    -0.0008   3.158045   3.158013  -0.000020    34.3618    34.3624     4.3047    27.3783    27.3788    34.3628    27.3791    1476.95    1476.95     2.9705  1031.6773    34.5279 0.0000e+00
      31325 295.220141  -42.17434  -52.94294     -1.335    1475.52    926.000    916.677     3.0353     3.0340    -0.0014     2.9730     2.9716    -0.0014   3.158135   3.158101  -0.000040    34.3612    34.3622     4.3077    27.3776    27.3785    34.3621    27.3783    1476.94    1476.94     2.9728  1031.6719    34.5272 0.0000e+00
      31343 295.220150  -42.17434  -52.94293     -1.358    1475.52    925.000    915.690     3.0363     3.0357    -0.0006     2.9740     2.9734    -0.0006   3.158134   3.158133   0.000007    34.3608    34.3615     4.3092    27.3772    27.3778    34.3616    27.3778    1476.93    1476.93     2.9739  1031.6668    34.5267 0.0000e+00
      31365 295.220160  -42.17433  -52.94292     -1.241    1475.52    924.000    914.702     3.0367     3.0361    -0.0006     2.9745     2.9738    -0.0006   3.158102   3.158113   0.000007    34.3607    34.3614     4.3108    27.3770    27.3777    34.3613    27.3775    1476.92    1476.91     2.9743  1031.6619    34.5264 0.0000e+00
