Pos-Processados/process_op41/operantar41_013.ros
* Sea-Bird SBE 9 Data File:
* FileName = C:\Users\Dell\Desktop\OperantarXLI\config\00_BRUTOS\OPE41013.hdr
* Software Version Seasave V 7.26.7.110
* Temperature SN = 6497
* Conductivity SN = 4954
* Number of Bytes Per Scan = 31
* Number of Voltage Words = 2
* Number of Scans Averaged by the Deck Unit = 1
* NMEA Latitude = 44 23.34 S
* NMEA Longitude = 051 50.60 W
* NMEA UTC (Time) = Oct 23 2022 20:53:51
* NMEA baud rate = 4800
** H41
** Navio Polar Almirante Maximiano
** LH-021/2022
** Operantar XLI
** Número da Estação 013
** Latitude 44 23.224' S
** Longitude 051 51.256' W
** Data/Hora (Z) 23/10/2022 2044Z
** Profundidade local 5823 m
** 09-1439
** Nome do Operador CT Garla
# nquan = 24
# nvalues = 1248                                  
# units = specified
# name 0 = scan: Scan Count
# name 1 = timeJ: Julian Days
# name 2 = latitude: Latitude [deg]
# name 3 = longitude: Longitude [deg]
# name 4 = dz/dtM: Descent Rate [m/s]
# name 5 = avgsvCM: Average Sound Velocity [Chen-Millero, m/s]
# name 6 = prDM: Pressure, Digiquartz [db]
# name 7 = depSM: Depth [salt water, m]
# name 8 = t090C: Temperature [ITS-90, deg C]
# name 9 = t190C: Temperature, 2 [ITS-90, deg C]
# name 10 = T2-T190C: Temperature Difference, 2 - 1 [ITS-90, deg C]
# name 11 = potemp090C: Potential Temperature [ITS-90, deg C]
# name 12 = potemp190C: Potential Temperature, 2 [ITS-90, deg C]
# name 13 = potemp90Cdiff: Potential Temperature, Diff, 2 - 1 [ITS-90, deg C]
# name 14 = c0S/m: Conductivity [S/m]
# name 15 = c1S/m: Conductivity, 2 [S/m]
# name 16 = C2-C1S/m: Conductivity Difference, 2 - 1 [S/m]
# name 17 = sal00: Salinity, Practical [PSU]
# name 18 = sal11: Salinity, Practical, 2 [PSU]
# name 19 = sbeox0ML/L: Oxygen, SBE 43 [ml/l]
# name 20 = sigma-é00: Density [sigma-theta, kg/m^3]
# name 21 = sigma-é11: Density, 2 [sigma-theta, kg/m^3]
# name 22 = nbf: Bottles Fired
# name 23 = flag:  0.000e+00
# interval = seconds: 0.0416667
# start_time = Oct 23 2022 20:53:51 [NMEA time, header]
# bad_flag = -9.990e-29
*END*
       6087 296.873664  -44.38992  -51.83890     -0.197    1504.08     20.746     20.578    13.9909    13.9902    -0.0007    13.9879    13.9872    -0.0007   4.219968   4.219699  -0.000269    35.2444    35.2425     5.7375    26.3786    26.3773          1  0.000e+00
       6088 296.873665  -44.38992  -51.83890     -0.194    1504.08     20.738     20.570    13.9915    13.9906    -0.0009    13.9885    13.9876    -0.0009   4.219994   4.219900  -0.000094    35.2441    35.2440     5.7378    26.3783    26.3784          1  0.000e+00
       6089 296.873665  -44.38992  -51.83890     -0.190    1504.08     20.746     20.578    13.9912    13.9916     0.0004    13.9882    13.9886     0.0004   4.219968   4.219980   0.000012    35.2441    35.2439     5.7381    26.3783    26.3781          1  0.000e+00
       6090 296.873666  -44.38992  -51.83890     -0.184    1504.08     20.738     20.570    13.9914    13.9926     0.0012    13.9884    13.9896     0.0012   4.219902   4.220101   0.000199    35.2433    35.2441     5.7384    26.3777    26.3780          1  0.000e+00
       6091 296.873666  -44.38992  -51.83890     -0.182    1504.08     20.746     20.578    13.9920    13.9938     0.0018    13.9890    13.9908     0.0018   4.219994   4.220248   0.000253    35.2436    35.2444     5.7383    26.3778    26.3780          1  0.000e+00
       6092 296.873667  -44.38992  -51.83888     -0.178    1504.08     20.690     20.522    13.9929    13.9948     0.0019    13.9899    13.9918     0.0019   4.220113   4.220295   0.000182    35.2440    35.2439     5.7381    26.3778    26.3774          1  0.000e+00
       6093 296.873667  -44.38992  -51.83888     -0.174    1504.08     20.738     20.570    13.9931    13.9949     0.0018    13.9901    13.9919     0.0018   4.220080   4.220341   0.000261    35.2435    35.2442     5.7380    26.3774    26.3776          1  0.000e+00
       6094 296.873668  -44.38992  -51.83888     -0.169    1504.08     20.746     20.578    13.9920    13.9952     0.0031    13.9891    13.9922     0.0031   4.220034   4.220274   0.000241    35.2440    35.2434     5.7380    26.3780    26.3769          1  0.000e+00
       6095 296.873668  -44.38992  -51.83888     -0.159    1504.08     20.738     20.570    13.9925    13.9951     0.0026    13.9895    13.9921     0.0026   4.220087   4.220274   0.000188    35.2440    35.2434     5.7423    26.3780    26.3769          1  0.000e+00
       6096 296.873668  -44.38992  -51.83888     -0.156    1504.08     20.690     20.522    13.9929    13.9951     0.0022    13.9899    13.9921     0.0022   4.220126   4.220341   0.000215    35.2441    35.2440     5.7387    26.3779    26.3774          1  0.000e+00
       6097 296.873669  -44.38992  -51.83888     -0.149    1504.08     20.738     20.570    13.9929    13.9955     0.0026    13.9899    13.9925     0.0026   4.220166   4.220368   0.000202    35.2444    35.2439     5.7390    26.3782    26.3773          1  0.000e+00
       6098 296.873669  -44.38992  -51.83888     -0.144    1504.08     20.746     20.578    13.9935    13.9955     0.0020    13.9905    13.9925     0.0020   4.220179   4.220388   0.000209    35.2440    35.2441     5.7392    26.3777    26.3774          1  0.000e+00
       6099 296.873670  -44.38992  -51.83888     -0.138    1504.08     20.690     20.522    13.9937    13.9958     0.0021    13.9908    13.9928     0.0021   4.220199   4.220415   0.000216    35.2440    35.2441     5.7393    26.3777    26.3773          1  0.000e+00
       6100 296.873670  -44.38992  -51.83888     -0.129    1504.08     20.738     20.570    13.9939    13.9961     0.0022    13.9909    13.9931     0.0022   4.220212   4.220402   0.000190    35.2439    35.2437     5.7392    26.3776    26.3769          1  0.000e+00
       6101 296.873671  -44.38992  -51.83888     -0.128    1504.08     20.690     20.522    13.9944    13.9965     0.0021    13.9914    13.9935     0.0021   4.220265   4.220368   0.000103    35.2440    35.2430     5.7390    26.3775    26.3764          1  0.000e+00
       6102 296.873671  -44.38992  -51.83888     -0.118    1504.08     20.738     20.570    13.9947    13.9963     0.0016    13.9917    13.9933     0.0016   4.220258   4.220455   0.000197    35.2436    35.2440     5.7429    26.3772    26.3772          1  0.000e+00
       6103 296.873672  -44.38992  -51.83888     -0.113    1504.08     20.746     20.578    13.9949    13.9967     0.0017    13.9919    13.9937     0.0017   4.220271   4.220529   0.000257    35.2435    35.2444     5.7430    26.3771    26.3774          1  0.000e+00
       6104 296.873672  -44.38992  -51.83888     -0.108    1504.08     20.682     20.514    13.9951    13.9970     0.0019    13.9921    13.9941     0.0019   4.220363   4.220455   0.000091    35.2443    35.2434     5.7430    26.3776    26.3765          1  0.000e+00
       6105 296.873673  -44.38992  -51.83888     -0.099    1504.08     20.746     20.578    13.9953    13.9958     0.0005    13.9924    13.9928     0.0005   4.220390   4.220268  -0.000122    35.2443    35.2427     5.7432    26.3776    26.3763          1  0.000e+00
       6106 296.873673  -44.38992  -51.83888     -0.096    1504.08     20.746     20.578    13.9954    13.9956     0.0002    13.9925    13.9926     0.0002   4.220364   4.220268  -0.000096    35.2439    35.2429     5.7432    26.3773    26.3764          1  0.000e+00
       6107 296.873674  -44.38992  -51.83888     -0.089    1504.08     20.682     20.514    13.9956    13.9957     0.0001    13.9926    13.9927     0.0001   4.220383   4.220294  -0.000089    35.2440    35.2431     5.7432    26.3773    26.3766          1  0.000e+00
       6108 296.873674  -44.38992  -51.83888     -0.085    1504.08     20.746     20.578    13.9955    13.9953    -0.0002    13.9925    13.9923    -0.0002   4.220416   4.220341  -0.000075    35.2444    35.2439     5.7392    26.3776    26.3773          1  0.000e+00
       6109 296.873675  -44.38992  -51.83888     -0.082    1504.08     20.682     20.514    13.9956    13.9958     0.0002    13.9926    13.9928     0.0002   4.220403   4.220442   0.000039    35.2442    35.2444     5.7388    26.3775    26.3775          1  0.000e+00
       6110 296.873675  -44.38992  -51.83888     -0.070    1504.08     20.802     20.634    13.9958    13.9965     0.0007    13.9928    13.9935     0.0007   4.220416   4.220488   0.000072    35.2441    35.2441     5.7389    26.3773    26.3772          1  0.000e+00
       6111 296.873676  -44.38992  -51.83888     -0.072    1504.08     20.625     20.458    13.9961    13.9961     0.0000    13.9931    13.9932     0.0000   4.220429   4.220381  -0.000048    35.2440    35.2435     5.7424    26.3772    26.3768          1  0.000e+00
       6112 296.873676  -44.38992  -51.83888     -0.066    1504.08     20.746     20.578    13.9957    13.9948    -0.0009    13.9927    13.9918    -0.0009   4.220370   4.220188  -0.000183    35.2438    35.2429     5.7381    26.3771    26.3766          1  0.000e+00
       6113 296.873677  -44.38992  -51.83888     -0.060    1504.08     20.746     20.578    13.9939    13.9940     0.0000    13.9909    13.9910     0.0000   4.220133   4.220141   0.000008    35.2432    35.2432     5.7379    26.3770    26.3770          1  0.000e+00
       6114 296.873677  -44.38992  -51.83888     -0.055    1504.08     20.738     20.570    13.9920    13.9936     0.0016    13.9891    13.9906     0.0016   4.219948   4.220081   0.000132    35.2432    35.2430     5.7377    26.3774    26.3769          1  0.000e+00
       6115 296.873678  -44.38992  -51.83888     -0.048    1504.08     20.746     20.578    13.9918    13.9934     0.0016    13.9888    13.9904     0.0016   4.220001   4.220087   0.000086    35.2439    35.2432     5.7372    26.3780    26.3771          1  0.000e+00
       6116 296.873678  -44.38992  -51.83888     -0.046    1504.08     20.738     20.570    13.9919    13.9933     0.0014    13.9889    13.9903     0.0014   4.220001   4.220114   0.000113    35.2438    35.2436     5.7371    26.3779    26.3775          1  0.000e+00
       6117 296.873679  -44.38992  -51.83888     -0.042    1504.08     20.690     20.522    13.9919    13.9932     0.0013    13.9889    13.9903     0.0013   4.219968   4.220101   0.000133    35.2435    35.2435     5.7406    26.3777    26.3774          1  0.000e+00
       6118 296.873679  -44.38992  -51.83888     -0.039    1504.08     20.738     20.570    13.9914    13.9934     0.0020    13.9884    13.9904     0.0020   4.219928   4.220101   0.000172    35.2436    35.2433     5.7369    26.3779    26.3772          1  0.000e+00
       6119 296.873680  -44.38992  -51.83888     -0.035    1504.08     20.746     20.578    13.9917    13.9932     0.0016    13.9887    13.9903     0.0016   4.220001   4.220127   0.000126    35.2440    35.2437     5.7327    26.3781    26.3776          1  0.000e+00
       6120 296.873680  -44.38992  -51.83888     -0.031    1504.08     20.746     20.578    13.9920    13.9933     0.0012    13.9891    13.9903     0.0012   4.220054   4.220081   0.000027    35.2442    35.2433     5.7362    26.3782    26.3772          1  0.000e+00
       6121 296.873681  -44.38992  -51.83888     -0.024    1504.08     20.738     20.570    13.9937    13.9936    -0.0001    13.9908    13.9906    -0.0001   4.220225   4.220081  -0.000145    35.2442    35.2430     5.7359    26.3779    26.3769          1  0.000e+00
       6122 296.873681  -44.38992  -51.83888     -0.023    1504.08     20.746     20.578    13.9950    13.9937    -0.0013    13.9920    13.9908    -0.0013   4.220284   4.220234  -0.000050    35.2436    35.2443     5.7316    26.3771    26.3779          1  0.000e+00
       6123 296.873682  -44.38992  -51.83888     -0.022    1504.08     20.682     20.514    13.9944    13.9952     0.0008    13.9914    13.9922     0.0008   4.220258   4.220448   0.000190    35.2439    35.2450     5.7308    26.3775    26.3782          1  0.000e+00
       6124 296.873682  -44.38992  -51.83888     -0.018    1504.08     20.746     20.578    13.9937    13.9963     0.0026    13.9908    13.9933     0.0026   4.220212   4.220475   0.000263    35.2441    35.2442     5.7345    26.3778    26.3773          1  0.000e+00
       6125 296.873682  -44.38992  -51.83888     -0.017    1504.08     20.738     20.570    13.9939    13.9970     0.0031    13.9909    13.9940     0.0031   4.220265   4.220488   0.000224    35.2444    35.2437     5.7343    26.3780    26.3768          1  0.000e+00
       6126 296.873683  -44.38992  -51.83888     -0.013    1504.08     20.746     20.578    13.9947    13.9965     0.0018    13.9917    13.9935     0.0018   4.220337   4.220402   0.000064    35.2444    35.2433     5.7342    26.3778    26.3766          1  0.000e+00
       6127 296.873683  -44.38992  -51.83888     -0.011    1504.08     20.746     20.578    13.9953    13.9968     0.0016    13.9923    13.9938     0.0016   4.220436   4.220442   0.000006    35.2448    35.2434     5.7299    26.3780    26.3766          1  0.000e+00
       6128 296.873684  -44.38992  -51.83888     -0.010    1504.08     20.682     20.514    13.9964    13.9972     0.0007    13.9935    13.9942     0.0007   4.220489   4.220522   0.000033    35.2442    35.2439     5.7333    26.3773    26.3769          1  0.000e+00
       6129 296.873684  -44.38992  -51.83888     -0.005    1504.08     20.802     20.634    13.9963    13.9972     0.0008    13.9933    13.9942     0.0008   4.220476   4.220509   0.000033    35.2441    35.2437     5.7334    26.3773    26.3767          1  0.000e+00
       6130 296.873685  -44.38992  -51.83888     -0.000    1504.08     20.738     20.570    13.9956    13.9972     0.0016    13.9926    13.9942     0.0016   4.220383   4.220502   0.000119    35.2440    35.2436     5.7293    26.3773    26.3767          1  0.000e+00
       6131 296.873685  -44.38992  -51.83888      0.002    1504.08     20.746     20.578    13.9958    13.9974     0.0016    13.9928    13.9944     0.0016   4.220436   4.220569   0.000133    35.2443    35.2441     5.7292    26.3775    26.3770          1  0.000e+00
       6132 296.873686  -44.38992  -51.83888      0.002    1504.08     20.738     20.570    13.9962    13.9977     0.0015    13.9932    13.9947     0.0015   4.220489   4.220609   0.000120    35.2444    35.2442     5.7328    26.3775    26.3770          1  0.000e+00
       6133 296.873686  -44.38992  -51.83888      0.004    1504.08     20.746     20.578    13.9968    13.9979     0.0011    13.9938    13.9949     0.0011   4.220548   4.220615   0.000067    35.2444    35.2441     5.7327    26.3774    26.3769          1  0.000e+00
       6134 296.873687  -44.38992  -51.83888      0.009    1504.08     20.746     20.578    13.9971    13.9979     0.0008    13.9941    13.9949     0.0008   4.220548   4.220615   0.000067    35.2441    35.2441     5.7326    26.3771    26.3769          2  0.000e+00
       6135 296.873687  -44.38992  -51.83888      0.007    1504.08     20.738     20.570    13.9968    13.9979     0.0011    13.9938    13.9949     0.0011   4.220509   4.220582   0.000074    35.2441    35.2438     5.7326    26.3771    26.3766          2  0.000e+00
       6136 296.873688  -44.38992  -51.83888      0.005    1504.08     20.690     20.522    13.9960    13.9979     0.0018    13.9930    13.9949     0.0018   4.220443   4.220589   0.000146    35.2442    35.2438     5.7326    26.3774    26.3767          2  0.000e+00
       6137 296.873688  -44.38992  -51.83888      0.010    1504.08     20.802     20.634    13.9961    13.9977     0.0016    13.9931    13.9947     0.0016   4.220403   4.220575   0.000172    35.2437    35.2438     5.7326    26.3770    26.3767          2  0.000e+00
       6138 296.873689  -44.38992  -51.83888      0.012    1504.08     20.746     20.578    13.9956    13.9979     0.0023    13.9926    13.9949     0.0023   4.220363   4.220602   0.000239    35.2438    35.2440     5.7326    26.3772    26.3768          2  0.000e+00
       6139 296.873689  -44.38992  -51.83888      0.010    1504.08     20.690     20.522    13.9952    13.9977     0.0025    13.9922    13.9947     0.0025   4.220298   4.220529   0.000231    35.2436    35.2435     5.7326    26.3771    26.3764          2  0.000e+00
       6140 296.873690  -44.38992  -51.83886      0.015    1504.08     20.802     20.634    13.9954    13.9977     0.0022    13.9924    13.9947     0.0022   4.220337   4.220515   0.000178    35.2437    35.2433     5.7326    26.3771    26.3763          2  0.000e+00
       6141 296.873690  -44.38992  -51.83886      0.013    1504.08     20.746     20.578    13.9947    13.9979     0.0031    13.9917    13.9949     0.0031   4.220357   4.220589   0.000232    35.2445    35.2438     5.7366    26.3779    26.3767          2  0.000e+00
       6142 296.873691  -44.38992  -51.83886      0.014    1504.08     20.738     20.570    13.9950    13.9970     0.0020    13.9920    13.9940     0.0020   4.220331   4.220448   0.000118    35.2440    35.2433     5.7328    26.3774    26.3764          2  0.000e+00
       6143 296.873691  -44.38992  -51.83886      0.016    1504.08     20.746     20.578    13.9958    13.9963     0.0005    13.9928    13.9933     0.0005   4.220423   4.220368  -0.000055    35.2442    35.2432     5.7327    26.3774    26.3765          2  0.000e+00
       6144 296.873692  -44.38992  -51.83886      0.016    1504.08     20.738     20.570    13.9964    13.9963    -0.0001    13.9934    13.9933    -0.0001   4.220522   4.220361  -0.000160    35.2445    35.2431     5.7329    26.3775    26.3765          2  0.000e+00
       6145 296.873692  -44.38992  -51.83886      0.018    1504.08     20.802     20.634    13.9964    13.9958    -0.0006    13.9934    13.9929    -0.0006   4.220482   4.220402  -0.000081    35.2441    35.2439     5.7369    26.3772    26.3772          2  0.000e+00
       6146 296.873693  -44.38992  -51.83886      0.019    1504.08     20.746     20.578    13.9955    13.9960     0.0005    13.9925    13.9930     0.0005   4.220331   4.220422   0.000091    35.2436    35.2440     5.7373    26.3770    26.3772          2  0.000e+00
