Pos-Processados/process_op41/operantar41_011.ros
* Sea-Bird SBE 9 Data File:
* FileName = C:\Users\Dell\Desktop\OperantarXLI\config\00_BRUTOS\OPE41011.hdr
* Software Version Seasave V 7.26.7.110
* Temperature SN = 6497
* Conductivity SN = 4954
* Number of Bytes Per Scan = 31
* Number of Voltage Words = 2
* Number of Scans Averaged by the Deck Unit = 1
* NMEA Latitude = 43 40.98 S
* NMEA Longitude = 051 55.50 W
* NMEA UTC (Time) = Oct 23 2022 13:12:50
* NMEA baud rate = 4800
** H41
** Navio Polar Almirante Maximiano
** LH-021/2022
** Operantar XLI
** Número da Estação 011
** Latitude 43 40.933' S
** Longitude 51 55.205' W
** Data/Hora (Z) 23/10/2022 1313Z
** Profundidade local 5694 m
** 09-1439
** Nome do Operador 1T FILIPE LOPES
# nquan = 24
# nvalues = 1368                                  
# units = specified
# name 0 = scan: Scan Count
# name 1 = timeJ: Julian Days
# name 2 = latitude: Latitude [deg]
# name 3 = longitude: Longitude [deg]
# name 4 = dz/dtM: Descent Rate [m/s]
# name 5 = avgsvCM: Average Sound Velocity [Chen-Millero, m/s]
# name 6 = prDM: Pressure, Digiquartz [db]
# name 7 = depSM: Depth [salt water, m]
# name 8 = t090C: Temperature [ITS-90, deg C]
# name 9 = t190C: Temperature, 2 [ITS-90, deg C]
# name 10 = T2-T190C: Temperature Difference, 2 - 1 [ITS-90, deg C]
# name 11 = potemp090C: Potential Temperature [ITS-90, deg C]
# name 12 = potemp190C: Potential Temperature, 2 [ITS-90, deg C]
# name 13 = potemp90Cdiff: Potential Temperature, Diff, 2 - 1 [ITS-90, deg C]
# name 14 = c0S/m: Conductivity [S/m]
# name 15 = c1S/m: Conductivity, 2 [S/m]
# name 16 = C2-C1S/m: Conductivity Difference, 2 - 1 [S/m]
# name 17 = sal00: Salinity, Practical [PSU]
# name 18 = sal11: Salinity, Practical, 2 [PSU]
# name 19 = sbeox0ML/L: Oxygen, SBE 43 [ml/l]
# name 20 = sigma-é00: Density [sigma-theta, kg/m^3]
# name 21 = sigma-é11: Density, 2 [sigma-theta, kg/m^3]
# name 22 = nbf: Bottles Fired
# name 23 = flag:  0.000e+00
# interval = seconds: 0.0416667
# start_time = Oct 23 2022 13:12:50 [NMEA time, header]
# bad_flag = -9.990e-29
*END*
[from data line 1027]
      11312 296.556033  -43.68382  -51.92576     -0.848    1505.81      1.619      1.606    14.3323    14.3331     0.0007    14.3321    14.3328     0.0007   4.287107   4.287081  -0.000025    35.5637    35.5628     5.4866    26.5522    26.5513         19  0.000e+00
      11313 296.556034  -43.68382  -51.92576     -0.874    1505.81      1.490      1.478    14.3326    14.3330     0.0004    14.3324    14.3328     0.0004   4.287133   4.287149   0.000016    35.5638    35.5635     5.4863    26.5521    26.5519         19  0.000e+00
      11314 296.556034  -43.68382  -51.92576     -0.895    1505.81      1.490      1.478    14.3325    14.3331     0.0005    14.3323    14.3328     0.0005   4.287113   4.287169   0.000056    35.5637    35.5637     5.4861    26.5521    26.5520         19  0.000e+00
      11315 296.556035  -43.68382  -51.92576     -0.916    1505.81      1.490      1.478    14.3325    14.3332     0.0007    14.3323    14.3330     0.0007   4.287127   4.287176   0.000049    35.5638    35.5636     5.4860    26.5522    26.5519         19  0.000e+00
      11316 296.556035  -43.68382  -51.92576     -0.929    1505.81      1.490      1.478    14.3325    14.3334     0.0008    14.3323    14.3332     0.0008   4.287140   4.287095  -0.000045    35.5639    35.5627     5.4858    26.5523    26.5512         19  0.000e+00
      11317 296.556036  -43.68382  -51.92576     -0.949    1505.81      1.369      1.358    14.3323    14.3333     0.0010    14.3321    14.3331     0.0010   4.287120   4.287176   0.000056    35.5640    35.5636     5.4852    26.5524    26.5518         19  0.000e+00
      11318 296.556036  -43.68382  -51.92576     -0.961    1505.81      1.425      1.414    14.3323    14.3336     0.0012    14.3321    14.3333     0.0012   4.287107   4.287189   0.000082    35.5638    35.5634     5.4848    26.5522    26.5517         19  0.000e+00
      11319 296.556037  -43.68382  -51.92576     -0.973    1505.81      1.369      1.358    14.3325    14.3335     0.0010    14.3323    14.3333     0.0010   4.287107   4.287202   0.000096    35.5637    35.5636     5.4846    26.5521    26.5518         19  0.000e+00
      11320 296.556037  -43.68382  -51.92576     -0.984    1505.81      1.313      1.302    14.3327    14.3336     0.0008    14.3325    14.3334     0.0008   4.287160   4.287176   0.000016    35.5640    35.5634     5.4804    26.5523    26.5516         19  0.000e+00
      11321 296.556038  -43.68382  -51.92576     -0.983    1505.81      1.369      1.358    14.3328    14.3335     0.0007    14.3326    14.3333     0.0007   4.287153   4.287176   0.000023    35.5638    35.5634     5.4840    26.5521    26.5516         19  0.000e+00
      11322 296.556038  -43.68382  -51.92576     -0.982    1505.81      1.369      1.358    14.3329    14.3336     0.0007    14.3327    14.3334     0.0007   4.287140   4.287182   0.000043    35.5636    35.5634     5.4799    26.5520    26.5517         19  0.000e+00
      11323 296.556039  -43.68382  -51.92576     -0.984    1505.81      1.313      1.302    14.3331    14.3337     0.0006    14.3329    14.3335     0.0006   4.287140   4.287202   0.000063    35.5635    35.5635     5.4794    26.5518    26.5517         19  0.000e+00
      11324 296.556039  -43.68382  -51.92576     -0.977    1505.81      1.313      1.302    14.3330    14.3334     0.0004    14.3328    14.3332     0.0004   4.287140   4.287216   0.000076    35.5636    35.5639     5.4830    26.5519    26.5521         19  0.000e+00
      11325 296.556040  -43.68382  -51.92576     -0.970    1505.81      1.313      1.302    14.3334    14.3335     0.0001    14.3332    14.3333     0.0001   4.287173   4.287155  -0.000018    35.5635    35.5632     5.4790    26.5518    26.5515         19  0.000e+00
      11326 296.556040  -43.68382  -51.92576     -0.955    1505.81      1.369      1.358    14.3333    14.3337     0.0004    14.3331    14.3335     0.0004   4.287206   4.287128  -0.000078    35.5639    35.5628     5.4747    26.5521    26.5511         19  0.000e+00
      11327 296.556041  -43.68382  -51.92576     -0.939    1505.81      1.313      1.302    14.3334    14.3337     0.0004    14.3332    14.3335     0.0004   4.287186   4.287189   0.000003    35.5636    35.5633     5.4740    26.5519    26.5515         19  0.000e+00
      11328 296.556041  -43.68382  -51.92576     -0.924    1505.81      1.369      1.358    14.3333    14.3337     0.0004    14.3331    14.3335     0.0004   4.287180   4.287189   0.000009    35.5636    35.5633     5.4735    26.5519    26.5516         19  0.000e+00
      11329 296.556042  -43.68382  -51.92576     -0.904    1505.81      1.312      1.302    14.3334    14.3336     0.0002    14.3332    14.3334     0.0002   4.287180   4.287182   0.000003    35.5636    35.5634     5.4765    26.5518    26.5517         20  0.000e+00
      11330 296.556042  -43.68382  -51.92576     -0.880    1505.81      1.369      1.358    14.3333    14.3337     0.0004    14.3331    14.3335     0.0004   4.287206   4.287149  -0.000057    35.5639    35.5630     5.4724    26.5521    26.5513         20  0.000e+00
      11331 296.556043  -43.68382  -51.92576     -0.856    1505.81      1.312      1.302    14.3337    14.3334    -0.0003    14.3335    14.3332    -0.0003   4.287213   4.287142  -0.000071    35.5636    35.5632     5.4758    26.5517    26.5515         20  0.000e+00
      11332 296.556043  -43.68382  -51.92576     -0.825    1505.81      1.425      1.414    14.3337    14.3333    -0.0003    14.3335    14.3331    -0.0003   4.287239   4.287128  -0.000111    35.5638    35.5631     5.4758    26.5519    26.5515         20  0.000e+00
      11333 296.556044  -43.68382  -51.92576     -0.804    1505.81      1.312      1.302    14.3334    14.3329    -0.0005    14.3332    14.3327    -0.0005   4.287233   4.287135  -0.000097    35.5641    35.5636     5.4756    26.5522    26.5520         20  0.000e+00
      11334 296.556044  -43.68382  -51.92576     -0.770    1505.81      1.425      1.414    14.3337    14.3332    -0.0005    14.3335    14.3330    -0.0005   4.287213   4.287081  -0.000131    35.5636    35.5628     5.4716    26.5518    26.5512         20  0.000e+00
      11335 296.556045  -43.68382  -51.92576     -0.736    1505.81      1.369      1.358    14.3334    14.3329    -0.0005    14.3332    14.3327    -0.0005   4.287213   4.287068  -0.000145    35.5639    35.5630     5.4713    26.5520    26.5515         20  0.000e+00
      11336 296.556045  -43.68382  -51.92576     -0.706    1505.81      1.425      1.414    14.3337    14.3330    -0.0006    14.3335    14.3328    -0.0006   4.287153   4.287095  -0.000058    35.5630    35.5631     5.4710    26.5513    26.5515         20  0.000e+00
      11337 296.556046  -43.68382  -51.92576     -0.669    1505.81      1.369      1.358    14.3332    14.3327    -0.0005    14.3330    14.3325    -0.0005   4.287199   4.287095  -0.000105    35.5639    35.5634     5.4707    26.5521    26.5518         20  0.000e+00
      11338 296.556046  -43.68382  -51.92576     -0.632    1505.81      1.425      1.414    14.3334    14.3328    -0.0005    14.3332    14.3326    -0.0005   4.287186   4.287155  -0.000031    35.5636    35.5638     5.4705    26.5518    26.5521         20  0.000e+00
      11339 296.556046  -43.68382  -51.92576     -0.597    1505.81      1.425      1.414    14.3333    14.3329    -0.0004    14.3331    14.3327    -0.0004   4.287180   4.287122  -0.000058    35.5636    35.5634     5.4707    26.5519    26.5518         20  0.000e+00
      11340 296.556047  -43.68382  -51.92576     -0.554    1505.81      1.489      1.478    14.3336    14.3330    -0.0006    14.3333    14.3328    -0.0006   4.287180   4.287129  -0.000051    35.5633    35.5634     5.4702    26.5516    26.5517         20  0.000e+00
      11341 296.556047  -43.68382  -51.92576     -0.513    1505.81      1.489      1.478    14.3337    14.3329    -0.0008    14.3334    14.3327    -0.0008   4.287213   4.287061  -0.000152    35.5635    35.5629     5.4701    26.5517    26.5514         20  0.000e+00
      11342 296.556048  -43.68382  -51.92576     -0.469    1505.81      1.489      1.478    14.3332    14.3332    -0.0000    14.3330    14.3330    -0.0000   4.287186   4.287088  -0.000098    35.5637    35.5628     5.4697    26.5519    26.5513         20  0.000e+00
      11343 296.556048  -43.68382  -51.92576     -0.430    1505.81      1.489      1.478    14.3335    14.3331    -0.0004    14.3333    14.3328    -0.0004   4.287180   4.287041  -0.000139    35.5634    35.5625     5.4697    26.5517    26.5511         20  0.000e+00
      11344 296.556049  -43.68382  -51.92576     -0.389    1505.81      1.489      1.478    14.3334    14.3330    -0.0004    14.3332    14.3328    -0.0004   4.287146   4.287081  -0.000065    35.5632    35.5629     5.4697    26.5515    26.5514         20  0.000e+00
      11345 296.556049  -43.68382  -51.92576     -0.346    1505.81      1.546      1.533    14.3335    14.3329    -0.0006    14.3332    14.3326    -0.0006   4.287173   4.287129  -0.000044    35.5633    35.5635     5.4698    26.5516    26.5518         20  0.000e+00
      11346 296.556050  -43.68382  -51.92576     -0.308    1505.81      1.489      1.477    14.3332    14.3330    -0.0002    14.3330    14.3328    -0.0002   4.287206   4.287081  -0.000125    35.5639    35.5629     5.4738    26.5521    26.5514         20  0.000e+00
      11347 296.556050  -43.68382  -51.92576     -0.269    1505.81      1.546      1.533    14.3330    14.3327    -0.0003    14.3327    14.3325    -0.0003   4.287153   4.287068  -0.000085    35.5636    35.5631     5.4704    26.5519    26.5516         20  0.000e+00
      11348 296.556051  -43.68382  -51.92576     -0.224    1505.81      1.610      1.597    14.3329    14.3330     0.0001    14.3326    14.3328     0.0001   4.287140   4.287122  -0.000018    35.5635    35.5632     5.4666    26.5519    26.5517         20  0.000e+00
      11349 296.556051  -43.68382  -51.92576     -0.185    1505.81      1.610      1.597    14.3326    14.3330     0.0004    14.3324    14.3328     0.0004   4.287140   4.287102  -0.000038    35.5638    35.5631     5.4705    26.5521    26.5515         20  0.000e+00
      11350 296.556052  -43.68382  -51.92576     -0.149    1505.81      1.610      1.597    14.3329    14.3329     0.0000    14.3326    14.3326     0.0000   4.287113   4.287075  -0.000039    35.5633    35.5629     5.4708    26.5517    26.5514         20  0.000e+00
      11351 296.556052  -43.68382  -51.92576     -0.108    1505.81      1.666      1.653    14.3326    14.3328     0.0002    14.3324    14.3326     0.0002   4.287127   4.287176   0.000049    35.5636    35.5639     5.4708    26.5520    26.5522         20  0.000e+00
      11352 296.556053  -43.68382  -51.92576     -0.066    1505.81      1.723      1.709    14.3329    14.3329     0.0000    14.3326    14.3326     0.0000   4.287140   4.287135  -0.000005    35.5635    35.5634     5.4708    26.5519    26.5518         20  0.000e+00
      11353 296.556053  -43.68382  -51.92576     -0.028    1505.81      1.723      1.709    14.3323    14.3328     0.0005    14.3321    14.3326     0.0005   4.287140   4.287129  -0.000011    35.5640    35.5634     5.4709    26.5524    26.5518         20  0.000e+00
      11354 296.556054  -43.68382  -51.92576      0.010    1505.81      1.723      1.709    14.3328    14.3329     0.0001    14.3326    14.3326     0.0001   4.287166   4.287115  -0.000051    35.5638    35.5633     5.4709    26.5521    26.5517         20  0.000e+00
      11355 296.556054  -43.68382  -51.92576      0.046    1505.81      1.723      1.709    14.3325    14.3328     0.0003    14.3323    14.3326     0.0003   4.287147   4.287095  -0.000052    35.5639    35.5631     5.4713    26.5522    26.5516         20  0.000e+00
      11356 296.556055  -43.68382  -51.92576      0.082    1505.81      1.787      1.773    14.3328    14.3329     0.0001    14.3326    14.3326     0.0001   4.287193   4.287102  -0.000091    35.5640    35.5631     5.4718    26.5523    26.5516         20  0.000e+00
      11357 296.556055  -43.68382  -51.92576      0.118    1505.81      1.843      1.829    14.3329    14.3328    -0.0000    14.3326    14.3326    -0.0000   4.287160   4.287129  -0.000031    35.5636    35.5634     5.4724    26.5520    26.5518         20  0.000e+00
      11358 296.556056  -43.68382  -51.92576      0.149    1505.81      1.843      1.829    14.3328    14.3329     0.0001    14.3325    14.3326     0.0001   4.287226   4.287142  -0.000084    35.5643    35.5635     5.4726    26.5525    26.5519         20  0.000e+00
      11359 296.556056  -43.68382  -51.92576      0.184    1505.81      1.843      1.829    14.3329    14.3326    -0.0002    14.3326    14.3324    -0.0002   4.287193   4.287115  -0.000078    35.5639    35.5634     5.4732    26.5522    26.5519         20  0.000e+00
      11360 296.556057  -43.68382  -51.92576      0.215    1505.81      1.964      1.948    14.3330    14.3329    -0.0001    14.3327    14.3326    -0.0001   4.287180   4.287129  -0.000051    35.5637    35.5633     5.4739    26.5520    26.5517         21  0.000e+00
      11361 296.556057  -43.68382  -51.92576      0.249    1505.81      1.964      1.948    14.3327    14.3326    -0.0001    14.3324    14.3324    -0.0001   4.287180   4.287162  -0.000017    35.5639    35.5638     5.4742    26.5522    26.5522         21  0.000e+00
      11362 296.556058  -43.68382  -51.92576      0.278    1505.81      2.021      2.004    14.3331    14.3327    -0.0005    14.3328    14.3324    -0.0005   4.287206   4.287122  -0.000084    35.5637    35.5634     5.4706    26.5520    26.5518         21  0.000e+00
      11363 296.556058  -43.68382  -51.92576      0.309    1505.81      2.085      2.068    14.3331    14.3325    -0.0005    14.3327    14.3322    -0.0005   4.287186   4.287109  -0.000078    35.5636    35.5634     5.4747    26.5519    26.5519         21  0.000e+00
      11364 296.556059  -43.68382  -51.92576      0.339    1505.81      2.085      2.068    14.3330    14.3325    -0.0004    14.3327    14.3322    -0.0004   4.287147   4.287109  -0.000038    35.5633    35.5634     5.4751    26.5517    26.5519         21  0.000e+00
      11365 296.556059  -43.68382  -51.92576      0.367    1505.81      2.085      2.068    14.3334    14.3328    -0.0005    14.3331    14.3325    -0.0005   4.287226   4.287162  -0.000064    35.5637    35.5636     5.4755    26.5519    26.5520         21  0.000e+00
      11366 296.556060  -43.68382  -51.92576      0.390    1505.81      2.141      2.124    14.3333    14.3327    -0.0006    14.3330    14.3324    -0.0006   4.287253   4.287169  -0.000084    35.5640    35.5638     5.4760    26.5522    26.5521         21  0.000e+00
      11367 296.556060  -43.68382  -51.92576      0.422    1505.81      2.262      2.244    14.3334    14.3328    -0.0005    14.3330    14.3325    -0.0005   4.287253   4.287176  -0.000077    35.5638    35.5636     5.4766    26.5521    26.5520         21  0.000e+00
      11368 296.556060  -43.68382  -51.92576      0.448    1505.81      2.262      2.244    14.3336    14.3334    -0.0002    14.3332    14.3330    -0.0002   4.287306   4.287263  -0.000043    35.5642    35.5639     5.4771    26.5523    26.5521         21  0.000e+00
      11369 296.556061  -43.68382  -51.92576      0.471    1505.81      2.318      2.300    14.3340    14.3337    -0.0003    14.3336    14.3334    -0.0003   4.287306   4.287311   0.000005    35.5638    35.5641     5.4773    26.5519    26.5522         21  0.000e+00
      11370 296.556061  -43.68382  -51.92576      0.506    1505.81      2.495      2.475    14.3342    14.3339    -0.0003    14.3339    14.3335    -0.0003   4.287399   4.287351  -0.000048    35.5643    35.5642     5.4779    26.5523    26.5522         21  0.000e+00
