Pos-Processados/process_op41/operantar41_013lr.ros
* Sea-Bird SBE 9 Data File:
* FileName = C:\Users\Dell\Desktop\OperantarXLI\config\00_BRUTOS\OPE41013LR.hdr
* Software Version Seasave V 7.26.7.110
* Temperature SN = 6497
* Conductivity SN = 4954
* Number of Bytes Per Scan = 31
* Number of Voltage Words = 2
* Number of Scans Averaged by the Deck Unit = 1
* NMEA Latitude = 44 24.07 S
* NMEA Longitude = 051 46.92 W
* NMEA UTC (Time) = Oct 23 2022 21:56:09
* NMEA baud rate = 4800
** H41
** Navio Polar Almirante Maximiano
** LH-021/2022
** Operantar XLI
** Número da Estação 013LR
** Latitude 44 24.027' S
** Longitude 051 47.160' W
** Data/Hora (Z) 23/10/2022 2152Z
** Profundidade local 5823 m
** 09-1439
** Nome do Operador CT Garla
# nquan = 24
# nvalues = 1747                                  
# units = specified
# name 0 = scan: Scan Count
# name 1 = timeJ: Julian Days
# name 2 = latitude: Latitude [deg]
# name 3 = longitude: Longitude [deg]
# name 4 = dz/dtM: Descent Rate [m/s]
# name 5 = avgsvCM: Average Sound Velocity [Chen-Millero, m/s]
# name 6 = prDM: Pressure, Digiquartz [db]
# name 7 = depSM: Depth [salt water, m]
# name 8 = t090C: Temperature [ITS-90, deg C]
# name 9 = t190C: Temperature, 2 [ITS-90, deg C]
# name 10 = T2-T190C: Temperature Difference, 2 - 1 [ITS-90, deg C]
# name 11 = potemp090C: Potential Temperature [ITS-90, deg C]
# name 12 = potemp190C: Potential Temperature, 2 [ITS-90, deg C]
# name 13 = potemp90Cdiff: Potential Temperature, Diff, 2 - 1 [ITS-90, deg C]
# name 14 = c0S/m: Conductivity [S/m]
# name 15 = c1S/m: Conductivity, 2 [S/m]
# name 16 = C2-C1S/m: Conductivity Difference, 2 - 1 [S/m]
# name 17 = sal00: Salinity, Practical [PSU]
# name 18 = sal11: Salinity, Practical, 2 [PSU]
# name 19 = sbeox0ML/L: Oxygen, SBE 43 [ml/l]
# name 20 = sigma-é00: Density [sigma-theta, kg/m^3]
# name 21 = sigma-é11: Density, 2 [sigma-theta, kg/m^3]
# name 22 = nbf: Bottles Fired
# name 23 = flag:  0.000e+00
# interval = seconds: 0.0416667
# start_time = Oct 23 2022 21:56:09 [NMEA time, header]
# bad_flag = -9.990e-29
*END*
[from data line 182]
      59853 296.942857  -44.41004  -51.75104      0.140    1485.00   2048.748   2022.327     3.0703     3.0711     0.0008     2.9127     2.9135     0.0008   3.243430   3.243560   0.000130    34.7898    34.7905     4.3905    27.7254    27.7258          5  0.000e+00
      59854 296.942857  -44.41004  -51.75104      0.162    1485.00   2048.748   2022.327     3.0697     3.0710     0.0013     2.9121     2.9134     0.0012   3.243418   3.243572   0.000154    34.7903    34.7909     4.3916    27.7258    27.7261          5  0.000e+00
      59855 296.942858  -44.41004  -51.75104      0.192    1485.00   2048.840   2022.417     3.0699     3.0708     0.0009     2.9123     2.9132     0.0009   3.243424   3.243506   0.000082    34.7902    34.7902     4.4007    27.7257    27.7256          5  0.000e+00
      59856 296.942858  -44.41004  -51.75104      0.213    1485.00   2048.806   2022.384     3.0699     3.0705     0.0006     2.9123     2.9129     0.0006   3.243441   3.243415  -0.000026    34.7904    34.7895     4.4033    27.7259    27.7250          5  0.000e+00
      59857 296.942859  -44.41004  -51.75104      0.237    1485.00   2048.873   2022.450     3.0700     3.0703     0.0003     2.9124     2.9127     0.0003   3.243447   3.243464   0.000016    34.7903    34.7902     4.4044    27.7258    27.7256          5  0.000e+00
      59858 296.942859  -44.41004  -51.75104      0.262    1485.00   2048.873   2022.450     3.0700     3.0698    -0.0002     2.9124     2.9122    -0.0002   3.243477   3.243445  -0.000032    34.7907    34.7905     4.4070    27.7261    27.7259          5  0.000e+00
      59859 296.942860  -44.41004  -51.75104      0.282    1485.00   2048.840   2022.417     3.0703     3.0698    -0.0005     2.9127     2.9122    -0.0005   3.243501   3.243451  -0.000049    34.7906    34.7906     4.4080    27.7260    27.7260          5  0.000e+00
      59860 296.942860  -44.41004  -51.75104      0.302    1485.00   2048.931   2022.507     3.0708     3.0698    -0.0010     2.9132     2.9122    -0.0010   3.243525   3.243476  -0.000049    34.7904    34.7908     4.4105    27.7257    27.7262          5  0.000e+00
      59861 296.942861  -44.41004  -51.75104      0.321    1485.00   2048.931   2022.507     3.0708     3.0698    -0.0010     2.9132     2.9122    -0.0010   3.243578   3.243506  -0.000072    34.7910    34.7912     4.4114    27.7262    27.7265          5  0.000e+00
      59862 296.942861  -44.41004  -51.75104      0.345    1485.00   2048.998   2022.573     3.0709     3.0702    -0.0008     2.9133     2.9125    -0.0008   3.243602   3.243470  -0.000132    34.7911    34.7904     4.4123    27.7263    27.7258          5  0.000e+00
      59863 296.942862  -44.41004  -51.75104      0.363    1485.00   2048.973   2022.548     3.0709     3.0703    -0.0006     2.9133     2.9127    -0.0006   3.243531   3.243458  -0.000073    34.7903    34.7901     4.4132    27.7257    27.7255          5  0.000e+00
      59864 296.942862  -44.41004  -51.75104      0.378    1485.00   2048.998   2022.573     3.0714     3.0703    -0.0011     2.9138     2.9127    -0.0011   3.243548   3.243482  -0.000067    34.7900    34.7903     4.4139    27.7254    27.7258          5  0.000e+00
      59865 296.942863  -44.41004  -51.75104      0.404    1485.00   2049.123   2022.695     3.0711     3.0703    -0.0008     2.9135     2.9127    -0.0008   3.243572   3.243530  -0.000042    34.7905    34.7909     4.4147    27.7258    27.7262          5  0.000e+00
      59866 296.942863  -44.41004  -51.75104      0.417    1485.00   2049.031   2022.605     3.0711     3.0700    -0.0011     2.9135     2.9124    -0.0011   3.243525   3.243476  -0.000049    34.7900    34.7906     4.4153    27.7254    27.7260          5  0.000e+00
      59867 296.942864  -44.41004  -51.75104      0.430    1485.00   2049.123   2022.695     3.0708     3.0697    -0.0012     2.9132     2.9121    -0.0011   3.243525   3.243433  -0.000091    34.7903    34.7904     4.4159    27.7257    27.7259          5  0.000e+00
      59868 296.942864  -44.41004  -51.75104      0.448    1485.00   2049.123   2022.695     3.0707     3.0698    -0.0008     2.9130     2.9122    -0.0008   3.243537   3.243379  -0.000157    34.7906    34.7896     4.4164    27.7259    27.7252          5  0.000e+00
      59869 296.942865  -44.41004  -51.75104      0.459    1485.00   2049.123   2022.695     3.0707     3.0693    -0.0013     2.9130     2.9117    -0.0013   3.243501   3.243367  -0.000134    34.7902    34.7899     4.4169    27.7256    27.7255          5  0.000e+00
      59870 296.942865  -44.41004  -51.75104      0.471    1485.00   2049.156   2022.728     3.0702     3.0693    -0.0008     2.9125     2.9117    -0.0008   3.243453   3.243391  -0.000062    34.7901    34.7902     4.4174    27.7256    27.7257          5  0.000e+00
      59871 296.942866  -44.41004  -51.75104      0.480    1485.00   2049.189   2022.761     3.0703     3.0689    -0.0014     2.9127     2.9113    -0.0014   3.243447   3.243415  -0.000032    34.7898    34.7909     4.4177    27.7254    27.7264          5  0.000e+00
      59872 296.942866  -44.41004  -51.75104      0.499    1485.00   2049.248   2022.818     3.0702     3.0690    -0.0011     2.9125     2.9114    -0.0011   3.243501   3.243428  -0.000073    34.7906    34.7909     4.4259    27.7260    27.7264          5  0.000e+00
      59873 296.942867  -44.41004  -51.75104      0.507    1485.00   2049.248   2022.818     3.0702     3.0692    -0.0010     2.9125     2.9116    -0.0010   3.243507   3.243446  -0.000061    34.7907    34.7910     4.4275    27.7261    27.7264          5  0.000e+00
      59874 296.942867  -44.41004  -51.75104      0.514    1485.00   2049.223   2022.794     3.0699     3.0700     0.0001     2.9122     2.9124     0.0001   3.243436   3.243500   0.000064    34.7901    34.7908     4.4291    27.7256    27.7261          5  0.000e+00
      59875 296.942867  -44.41004  -51.75104      0.521    1485.00   2049.314   2022.884     3.0695     3.0703     0.0008     2.9119     2.9127     0.0008   3.243418   3.243536   0.000118    34.7902    34.7908     4.4306    27.7258    27.7262          5  0.000e+00
      59876 296.942868  -44.41004  -51.75102      0.527    1485.00   2049.314   2022.884     3.0695     3.0708     0.0013     2.9119     2.9131     0.0012   3.243424   3.243584   0.000160    34.7903    34.7909     4.4318    27.7258    27.7262          5  0.000e+00
      59877 296.942868  -44.41004  -51.75102      0.539    1485.00   2049.348   2022.916     3.0697     3.0708     0.0011     2.9121     2.9131     0.0011   3.243418   3.243645   0.000227    34.7901    34.7916     4.4409    27.7256    27.7267          5  0.000e+00
      59878 296.942869  -44.41004  -51.75102      0.541    1485.00   2049.315   2022.884     3.0697     3.0711     0.0014     2.9121     2.9135     0.0014   3.243436   3.243590   0.000155    34.7903    34.7906     4.4354    27.7258    27.7259          5  0.000e+00
      59879 296.942869  -44.41004  -51.75102      0.552    1485.00   2049.381   2022.949     3.0700     3.0710     0.0010     2.9123     2.9133     0.0010   3.243501   3.243554   0.000053    34.7907    34.7903     4.4441    27.7261    27.7257          5  0.000e+00
      59880 296.942870  -44.41004  -51.75102      0.554    1485.00   2049.381   2022.949     3.0700     3.0710     0.0010     2.9123     2.9133     0.0010   3.243531   3.243548   0.000017    34.7911    34.7903     4.4384    27.7264    27.7256          5  0.000e+00
      59881 296.942870  -44.41004  -51.75102      0.555    1485.00   2049.414   2022.982     3.0703     3.0711     0.0008     2.9127     2.9135     0.0008   3.243537   3.243608   0.000072    34.7908    34.7908     4.4388    27.7261    27.7261          5  0.000e+00
      59882 296.942871  -44.41004  -51.75102      0.559    1485.00   2049.439   2023.006     3.0703     3.0711     0.0007     2.9127     2.9134     0.0007   3.243543   3.243651   0.000108    34.7909    34.7914     4.4392    27.7262    27.7265          6  0.000e+00
      59883 296.942871  -44.41004  -51.75102      0.562    1485.00   2049.439   2023.006     3.0709     3.0711     0.0001     2.9133     2.9134     0.0001   3.243584   3.243663   0.000078    34.7907    34.7915     4.4394    27.7260    27.7266          6  0.000e+00
      59884 296.942872  -44.41004  -51.75102      0.561    1485.00   2049.440   2023.006     3.0709     3.0710     0.0000     2.9133     2.9133     0.0000   3.243638   3.243554  -0.000084    34.7913    34.7903     4.4395    27.7265    27.7257          6  0.000e+00
      59885 296.942872  -44.41004  -51.75102      0.560    1485.00   2049.481   2023.047     3.0713     3.0711    -0.0002     2.9136     2.9134    -0.0002   3.243632   3.243518  -0.000114    34.7909    34.7898     4.4395    27.7261    27.7252          6  0.000e+00
      59886 296.942873  -44.41004  -51.75102      0.563    1485.00   2049.506   2023.072     3.0716     3.0710    -0.0006     2.9139     2.9133    -0.0006   3.243632   3.243560  -0.000072    34.7905    34.7904     4.4394    27.7258    27.7257          6  0.000e+00
      59887 296.942873  -44.41004  -51.75102      0.558    1485.00   2049.506   2023.072     3.0716     3.0713    -0.0003     2.9139     2.9136    -0.0003   3.243584   3.243687   0.000103    34.7900    34.7915     4.4391    27.7254    27.7266          6  0.000e+00
      59888 296.942874  -44.41004  -51.75102      0.558    1485.00   2049.506   2023.072     3.0709     3.0720     0.0011     2.9133     2.9143     0.0011   3.243495   3.243723   0.000228    34.7896    34.7912     4.4389    27.7251    27.7263          6  0.000e+00
      59889 296.942874  -44.41004  -51.75102      0.557    1485.00   2049.606   2023.170     3.0709     3.0719     0.0009     2.9133     2.9142     0.0009   3.243495   3.243699   0.000204    34.7896    34.7910     4.4463    27.7251    27.7262          6  0.000e+00
      59890 296.942875  -44.41004  -51.75102      0.550    1485.00   2049.506   2023.072     3.0709     3.0720     0.0011     2.9133     2.9143     0.0011   3.243578   3.243693   0.000115    34.7906    34.7908     4.4392    27.7259    27.7260          6  0.000e+00
      59891 296.942875  -44.41004  -51.75102      0.549    1485.00   2049.565   2023.129     3.0714     3.0722     0.0008     2.9137     2.9145     0.0008   3.243596   3.243693   0.000097    34.7903    34.7906     4.4399    27.7256    27.7258          6  0.000e+00
      59892 296.942876  -44.41004  -51.75102      0.538    1485.00   2049.506   2023.072     3.0717     3.0722     0.0005     2.9140     2.9145     0.0005   3.243685   3.243759   0.000074    34.7911    34.7914     4.4484    27.7262    27.7265          6  0.000e+00
      59893 296.942876  -44.41004  -51.75102      0.531    1485.00   2049.540   2023.105     3.0718     3.0720     0.0003     2.9141     2.9143     0.0003   3.243697   3.243759   0.000062    34.7911    34.7916     4.4505    27.7263    27.7266          6  0.000e+00
      59894 296.942877  -44.41004  -51.75102      0.529    1485.00   2049.631   2023.195     3.0725     3.0717    -0.0008     2.9148     2.9140    -0.0008   3.243751   3.243753   0.000003    34.7909    34.7918     4.4508    27.7260    27.7268          6  0.000e+00
      59895 296.942877  -44.41004  -51.75102      0.518    1485.00   2049.565   2023.129     3.0730     3.0717    -0.0013     2.9153     2.9140    -0.0013   3.243774   3.243705  -0.000069    34.7907    34.7913     4.4509    27.7258    27.7264          6  0.000e+00
      59896 296.942878  -44.41004  -51.75102      0.504    1485.00   2049.540   2023.105     3.0730     3.0724    -0.0006     2.9153     2.9147    -0.0006   3.243792   3.243669  -0.000123    34.7910    34.7902     4.4509    27.7260    27.7254          6  0.000e+00
      59897 296.942878  -44.41004  -51.75102      0.498    1485.00   2049.631   2023.195     3.0732     3.0722    -0.0010     2.9154     2.9145    -0.0009   3.243810   3.243735  -0.000075    34.7910    34.7911     4.4507    27.7260    27.7262          6  0.000e+00
      59898 296.942879  -44.41004  -51.75102      0.492    1485.00   2049.631   2023.195     3.0736     3.0727    -0.0009     2.9159     2.9150    -0.0009   3.243869   3.243753  -0.000116    34.7912    34.7908     4.4503    27.7262    27.7259          6  0.000e+00
      59899 296.942879  -44.41004  -51.75102      0.479    1485.00   2049.565   2023.129     3.0749     3.0728    -0.0020     2.9171     2.9151    -0.0020   3.243976   3.243819  -0.000157    34.7912    34.7914     4.4495    27.7260    27.7264          6  0.000e+00
      59900 296.942880  -44.41006  -51.75102      0.467    1485.00   2049.606   2023.170     3.0753     3.0728    -0.0025     2.9176     2.9151    -0.0024   3.244018   3.243753  -0.000265    34.7912    34.7906     4.4487    27.7260    27.7258          6  0.000e+00
      59901 296.942880  -44.41006  -51.75102      0.452    1485.00   2049.565   2023.130     3.0754     3.0728    -0.0025     2.9176     2.9151    -0.0025   3.244030   3.243723  -0.000307    34.7913    34.7903     4.4478    27.7261    27.7255          6  0.000e+00
      59902 296.942880  -44.41006  -51.75102      0.441    1485.00   2049.631   2023.195     3.0759     3.0727    -0.0033     2.9182     2.9150    -0.0032   3.244077   3.243705  -0.000372    34.7912    34.7902     4.4466    27.7260    27.7254          6  0.000e+00
      59903 296.942881  -44.41006  -51.75102      0.424    1485.00   2049.565   2023.130     3.0758     3.0724    -0.0035     2.9181     2.9147    -0.0034   3.244024   3.243783  -0.000241    34.7907    34.7915     4.4453    27.7256    27.7265          6  0.000e+00
      59904 296.942881  -44.41006  -51.75102      0.413    1485.00   2049.607   2023.170     3.0751     3.0724    -0.0027     2.9173     2.9147    -0.0027   3.243929   3.243789  -0.000139    34.7904    34.7916     4.4534    27.7254    27.7266          6  0.000e+00
      59905 296.942882  -44.41006  -51.75102      0.399    1485.00   2049.631   2023.195     3.0737     3.0727    -0.0010     2.9159     2.9150    -0.0010   3.243804   3.243711  -0.000093    34.7904    34.7903     4.4549    27.7255    27.7255          6  0.000e+00
      59906 296.942882  -44.41006  -51.75102      0.387    1485.00   2049.632   2023.195     3.0728     3.0727    -0.0001     2.9151     2.9150    -0.0001   3.243751   3.243759   0.000009    34.7906    34.7909     4.4562    27.7258    27.7260          6  0.000e+00
      59907 296.942883  -44.41006  -51.75102      0.370    1485.00   2049.565   2023.130     3.0720     3.0728     0.0008     2.9144     2.9151     0.0008   3.243673   3.243783   0.000110    34.7905    34.7910     4.4573    27.7258    27.7261          6  0.000e+00
      59908 296.942883  -44.41006  -51.75102      0.352    1485.00   2049.607   2023.171     3.0713     3.0725     0.0013     2.9136     2.9148     0.0012   3.243596   3.243765   0.000169    34.7904    34.7911     4.4583    27.7257    27.7262          6  0.000e+00
      59909 296.942884  -44.41006  -51.75102      0.334    1485.00   2049.565   2023.130     3.0707     3.0727     0.0020     2.9130     2.9150     0.0020   3.243543   3.243753   0.000210    34.7904    34.7908     4.4590    27.7258    27.7259          6  0.000e+00
      59910 296.942884  -44.41006  -51.75102      0.319    1485.00   2049.632   2023.195     3.0697     3.0716     0.0018     2.9120     2.9139     0.0018   3.243465   3.243639   0.000173    34.7905    34.7906     4.4596    27.7259    27.7259          6  0.000e+00
      59911 296.942885  -44.41006  -51.75102      0.303    1485.00   2049.565   2023.130     3.0694     3.0714     0.0021     2.9117     2.9138     0.0020   3.243454   3.243578   0.000125    34.7907    34.7900     4.4677    27.7262    27.7254          6  0.000e+00
