Pos-Processados/process_op41/operantar41_005mephy.ros
* Sea-Bird SBE 9 Data File:
* FileName = C:\Users\Dell\Desktop\Operantar XLI\Raw\OP41005MEPHY.hdr
* Software Version Seasave V 7.26.7.110
* Temperature SN = 6497
* Conductivity SN = 4954
* Number of Bytes Per Scan = 31
* Number of Voltage Words = 2
* Number of Scans Averaged by the Deck Unit = 1
* NMEA Latitude = 38 39.42 S
* NMEA Longitude = 048 59.20 W
* NMEA UTC (Time) = Oct 18 2022 15:56:17
* NMEA baud rate = 4800
** H41
** Navio Polar Almirante Maximiano
** LH-021/2022
** Operantar XLI
** Número da Estação
** Latitude
** Longitude
** Data/Hora (Z)
** Profundidade local
** 09-1439
** Nome do Operador
# nquan = 24
# nvalues = 946                                   
# units = specified
# name 0 = scan: Scan Count
# name 1 = timeJ: Julian Days
# name 2 = latitude: Latitude [deg]
# name 3 = longitude: Longitude [deg]
# name 4 = dz/dtM: Descent Rate [m/s]
# name 5 = avgsvCM: Average Sound Velocity [Chen-Millero, m/s]
# name 6 = prDM: Pressure, Digiquartz [db]
# name 7 = depSM: Depth [salt water, m]
# name 8 = t090C: Temperature [ITS-90, deg C]
# name 9 = t190C: Temperature, 2 [ITS-90, deg C]
# name 10 = T2-T190C: Temperature Difference, 2 - 1 [ITS-90, deg C]
# name 11 = potemp090C: Potential Temperature [ITS-90, deg C]
# name 12 = potemp190C: Potential Temperature, 2 [ITS-90, deg C]
# name 13 = potemp90Cdiff: Potential Temperature, Diff, 2 - 1 [ITS-90, deg C]
# name 14 = c0S/m: Conductivity [S/m]
# name 15 = c1S/m: Conductivity, 2 [S/m]
# name 16 = C2-C1S/m: Conductivity Difference, 2 - 1 [S/m]
# name 17 = sal00: Salinity, Practical [PSU]
# name 18 = sal11: Salinity, Practical, 2 [PSU]
# name 19 = sbeox0ML/L: Oxygen, SBE 43 [ml/l]
# name 20 = sigma-é00: Density [sigma-theta, kg/m^3]
# name 21 = sigma-é11: Density, 2 [sigma-theta, kg/m^3]
# name 22 = nbf: Bottles Fired
# name 23 = flag:  0.000e+00
# interval = seconds: 0.0416667
# start_time = Oct 18 2022 15:56:17 [NMEA time, header]
# bad_flag = -9.990e-29
*END*
       2487 291.665285  -38.65696  -48.98726      0.193    1505.56     35.148     34.880    14.2853    14.2933     0.0081    14.2802    14.2882     0.0081   4.254894   4.255142   0.000249    35.2939    35.2888     5.5741    26.3548    26.3492          1  0.000e+00
       2488 291.665285  -38.65696  -48.98726      0.203    1505.56     35.269     35.000    14.2851    14.2936     0.0084    14.2800    14.2884     0.0084   4.254867   4.255142   0.000275    35.2937    35.2885     5.5747    26.3547    26.3489          1  0.000e+00
       2489 291.665285  -38.65696  -48.98726      0.212    1505.56     35.269     35.000    14.2853    14.2928     0.0076    14.2801    14.2877     0.0076   4.254914   4.255136   0.000222    35.2940    35.2891     5.5748    26.3549    26.3495          1  0.000e+00
       2490 291.665286  -38.65696  -48.98726      0.217    1505.56     35.229     34.960    14.2851    14.2919     0.0067    14.2800    14.2867     0.0067   4.254874   4.255136   0.000262    35.2938    35.2901     5.5753    26.3548    26.3505          1  0.000e+00
       2491 291.665286  -38.65696  -48.98726      0.224    1505.56     35.333     35.064    14.2859    14.2911     0.0053    14.2807    14.2860     0.0053   4.254881   4.255109   0.000228    35.2931    35.2904     5.5755    26.3541    26.3509          1  0.000e+00
       2492 291.665287  -38.65696  -48.98728      0.229    1505.56     35.269     35.000    14.2855    14.2883     0.0028    14.2803    14.2831     0.0028   4.254867   4.254995   0.000127    35.2934    35.2920     5.5761    26.3544    26.3527          1  0.000e+00
       2493 291.665287  -38.65696  -48.98728      0.241    1505.56     35.333     35.064    14.2853    14.2846    -0.0007    14.2801    14.2794    -0.0007   4.254881   4.254874  -0.000007    35.2937    35.2942     5.5768    26.3546    26.3552          1  0.000e+00
       2494 291.665288  -38.65696  -48.98728      0.249    1505.56     35.349     35.080    14.2847    14.2835    -0.0012    14.2795    14.2783    -0.0012   4.254867   4.254847  -0.000020    35.2941    35.2950     5.5816    26.3551    26.3561          1  0.000e+00
       2495 291.665288  -38.65696  -48.98728      0.248    1505.56     35.269     35.000    14.2844    14.2837    -0.0008    14.2793    14.2785    -0.0008   4.254861   4.254847  -0.000013    35.2943    35.2948     5.5782    26.3553    26.3559          1  0.000e+00
       2496 291.665289  -38.65696  -48.98728      0.256    1505.56     35.389     35.120    14.2841    14.2827    -0.0014    14.2789    14.2776    -0.0014   4.254801   4.254874   0.000073    35.2940    35.2959     5.5791    26.3551    26.3569          1  0.000e+00
       2497 291.665289  -38.65696  -48.98728      0.263    1505.56     35.389     35.120    14.2843    14.2820    -0.0023    14.2791    14.2768    -0.0023   4.254808   4.254941   0.000133    35.2939    35.2972     5.5795    26.3551    26.3581          1  0.000e+00
       2498 291.665290  -38.65696  -48.98728      0.269    1505.56     35.349     35.080    14.2838    14.2826    -0.0012    14.2787    14.2775    -0.0012   4.254821   4.254961   0.000140    35.2944    35.2968     5.5800    26.3556    26.3577          1  0.000e+00
       2499 291.665290  -38.65696  -48.98728      0.274    1505.56     35.446     35.176    14.2834    14.2844     0.0010    14.2782    14.2792     0.0010   4.254848   4.254961   0.000114    35.2950    35.2952     5.5806    26.3561    26.3560          1  0.000e+00
       2500 291.665291  -38.65696  -48.98728      0.281    1505.56     35.389     35.120    14.2833    14.2855     0.0023    14.2781    14.2804     0.0023   4.254801   4.255042   0.000241    35.2947    35.2949     5.5811    26.3559    26.3556          1  0.000e+00
       2501 291.665291  -38.65696  -48.98728      0.283    1505.56     35.406     35.136    14.2831    14.2867     0.0036    14.2780    14.2815     0.0036   4.254755   4.254988   0.000233    35.2944    35.2933     5.5817    26.3557    26.3541          1  0.000e+00
       2502 291.665292  -38.65696  -48.98728      0.287    1505.56     35.446     35.175    14.2833    14.2858     0.0025    14.2781    14.2806     0.0025   4.254801   4.254847   0.000046    35.2947    35.2929     5.5862    26.3559    26.3539          1  0.000e+00
       2503 291.665292  -38.65696  -48.98728      0.293    1505.56     35.446     35.175    14.2831    14.2830    -0.0001    14.2779    14.2778    -0.0001   4.254848   4.254814  -0.000034    35.2953    35.2951     5.5868    26.3564    26.3562          1  0.000e+00
       2504 291.665293  -38.65696  -48.98728      0.298    1505.56     35.510     35.239    14.2836    14.2821    -0.0015    14.2785    14.2769    -0.0015   4.254861   4.254834  -0.000027    35.2949    35.2960     5.5877    26.3560    26.3572          1  0.000e+00
       2505 291.665293  -38.65696  -48.98728      0.297    1505.56     35.462     35.191    14.2836    14.2830    -0.0006    14.2784    14.2779    -0.0006   4.254828   4.254847   0.000020    35.2947    35.2953     5.5883    26.3558    26.3564          1  0.000e+00
       2506 291.665294  -38.65696  -48.98728      0.303    1505.56     35.446     35.175    14.2836    14.2838     0.0002    14.2784    14.2786     0.0002   4.254848   4.254874   0.000027    35.2948    35.2949     5.5889    26.3559    26.3559          1  0.000e+00
       2507 291.665294  -38.65696  -48.98728      0.303    1505.56     35.510     35.239    14.2833    14.2842     0.0009    14.2781    14.2790     0.0009   4.254861   4.254854  -0.000007    35.2952    35.2944     5.5895    26.3563    26.3554          1  0.000e+00
       2508 291.665295  -38.65696  -48.98728      0.306    1505.56     35.510     35.239    14.2838    14.2846     0.0008    14.2786    14.2794     0.0008   4.254828   4.254820  -0.000007    35.2944    35.2937     5.5941    26.3556    26.3548          1  0.000e+00
       2509 291.665295  -38.65696  -48.98728      0.311    1505.56     35.526     35.255    14.2841    14.2844     0.0002    14.2789    14.2792     0.0002   4.254874   4.254834  -0.000040    35.2946    35.2940     5.5906    26.3556    26.3551          1  0.000e+00
       2510 291.665296  -38.65696  -48.98728      0.311    1505.56     35.567     35.295    14.2841    14.2846     0.0005    14.2789    14.2794     0.0005   4.254894   4.254820  -0.000073    35.2948    35.2936     5.5868    26.3558    26.3548          1  0.000e+00
       2511 291.665296  -38.65696  -48.98728      0.316    1505.56     35.567     35.295    14.2836    14.2849     0.0012    14.2785    14.2797     0.0012   4.254834   4.254834 -4.798e-07    35.2946    35.2935     5.5907    26.3558    26.3546          1  0.000e+00
       2512 291.665297  -38.65696  -48.98728      0.316    1505.56     35.510     35.239    14.2821    14.2850     0.0029    14.2769    14.2799     0.0029   4.254795   4.254760  -0.000035    35.2957    35.2927     5.5910    26.3569    26.3540          1  0.000e+00
       2513 291.665297  -38.65696  -48.98728      0.316    1505.56     35.583     35.311    14.2811    14.2846     0.0035    14.2759    14.2794     0.0035   4.254702   4.254740   0.000038    35.2958    35.2929     5.5913    26.3572    26.3542          1  0.000e+00
       2514 291.665298  -38.65696  -48.98728      0.317    1505.56     35.567     35.295    14.2796    14.2838     0.0042    14.2744    14.2786     0.0042   4.254702   4.254740   0.000038    35.2971    35.2936     5.5916    26.3586    26.3549          1  0.000e+00
       2515 291.665298  -38.65696  -48.98728      0.315    1505.56     35.623     35.351    14.2795    14.2823     0.0028    14.2743    14.2771     0.0028   4.254656   4.254653  -0.000003    35.2968    35.2941     5.5918    26.3583    26.3557          1  0.000e+00
       2516 291.665299  -38.65696  -48.98728      0.313    1505.56     35.567     35.295    14.2787    14.2805     0.0018    14.2735    14.2754     0.0018   4.254583   4.254566  -0.000017    35.2968    35.2950     5.5920    26.3585    26.3567          1  0.000e+00
       2517 291.665299  -38.65696  -48.98728      0.314    1505.56     35.583     35.311    14.2748    14.2790     0.0042    14.2696    14.2739     0.0042   4.254431   4.254411  -0.000020    35.2989    35.2949     5.5965    26.3610    26.3570          1  0.000e+00
       2518 291.665299  -38.65696  -48.98728      0.312    1505.56     35.623     35.351    14.2711    14.2750     0.0039    14.2659    14.2698     0.0039   4.254299   4.254230  -0.000069    35.3011    35.2969     5.5973    26.3635    26.3594          1  0.000e+00
       2519 291.665300  -38.65696  -48.98728      0.312    1505.56     35.623     35.351    14.2688    14.2707     0.0019    14.2636    14.2655     0.0019   4.254213   4.254156  -0.000056    35.3024    35.3002     5.5979    26.3650    26.3628          1  0.000e+00
       2520 291.665300  -38.65696  -48.98728      0.312    1505.56     35.647     35.375    14.2676    14.2663    -0.0013    14.2624    14.2611    -0.0013   4.254140   4.254009  -0.000131    35.3029    35.3028     5.5984    26.3656    26.3658          1  0.000e+00
       2521 291.665301  -38.65696  -48.98728      0.306    1505.56     35.566     35.295    14.2666    14.2627    -0.0038    14.2614    14.2576    -0.0038   4.254127   4.253888  -0.000239    35.3037    35.3050     5.5988    26.3664    26.3682          1  0.000e+00
       2522 291.665301  -38.65696  -48.98728      0.302    1505.56     35.623     35.351    14.2666    14.2617    -0.0049    14.2614    14.2565    -0.0049   4.254067   4.253828  -0.000239    35.3031    35.3053     5.5951    26.3660    26.3687          1  0.000e+00
       2523 291.665302  -38.65696  -48.98728      0.297    1505.56     35.623     35.351    14.2667    14.2609    -0.0058    14.2615    14.2557    -0.0058   4.254080   4.253794  -0.000286    35.3031    35.3058     5.5951    26.3659    26.3692          1  0.000e+00
       2524 291.665302  -38.65696  -48.98728      0.299    1505.56     35.703     35.431    14.2657    14.2598    -0.0059    14.2605    14.2546    -0.0059   4.254034   4.253788  -0.000247    35.3035    35.3066     5.5951    26.3665    26.3701          1  0.000e+00
       2525 291.665303  -38.65696  -48.98728      0.290    1505.56     35.623     35.351    14.2640    14.2585    -0.0056    14.2588    14.2533    -0.0056   4.253935   4.253788  -0.000147    35.3042    35.3079     5.5952    26.3673    26.3714          1  0.000e+00
       2526 291.665303  -38.65696  -48.98728      0.284    1505.56     35.623     35.351    14.2630    14.2578    -0.0052    14.2578    14.2526    -0.0052   4.253909   4.253700  -0.000208    35.3049    35.3077     5.5952    26.3681    26.3714          1  0.000e+00
       2527 291.665304  -38.65696  -48.98728      0.283    1505.56     35.687     35.415    14.2640    14.2580    -0.0060    14.2588    14.2528    -0.0060   4.253961   4.253674  -0.000288    35.3044    35.3073     5.5950    26.3675    26.3710          1  0.000e+00
       2528 291.665304  -38.65696  -48.98728      0.276    1505.56     35.647     35.375    14.2652    14.2590    -0.0062    14.2600    14.2538    -0.0062   4.254008   4.253700  -0.000307    35.3038    35.3066     5.5947    26.3668    26.3703          1  0.000e+00
       2529 291.665305  -38.65696  -48.98728      0.269    1505.56     35.623     35.351    14.2649    14.2587    -0.0062    14.2597    14.2535    -0.0062   4.253988   4.253653  -0.000334    35.3039    35.3065     5.5946    26.3669    26.3703          1  0.000e+00
       2530 291.665305  -38.65696  -48.98728      0.265    1505.56     35.687     35.415    14.2639    14.2582    -0.0057    14.2587    14.2530    -0.0057   4.253902   4.253640  -0.000262    35.3040    35.3068     5.5946    26.3672    26.3706          1  0.000e+00
       2531 291.665306  -38.65696  -48.98728      0.252    1505.56     35.566     35.295    14.2614    14.2577    -0.0037    14.2562    14.2525    -0.0037   4.253783   4.253580  -0.000203    35.3053    35.3067     5.5946    26.3687    26.3706          1  0.000e+00
       2532 291.665306  -38.65696  -48.98728      0.251    1505.56     35.760     35.487    14.2597    14.2573    -0.0024    14.2545    14.2521    -0.0024   4.253704   4.253533  -0.000171    35.3060    35.3066     5.5947    26.3696    26.3706          1  0.000e+00
       2533 291.665307  -38.65696  -48.98728      0.243    1505.56     35.623     35.351    14.2587    14.2566    -0.0020    14.2535    14.2514    -0.0020   4.253664   4.253526  -0.000138    35.3066    35.3072     5.5908    26.3704    26.3712          1  0.000e+00
       2534 291.665307  -38.65696  -48.98728      0.238    1505.56     35.687     35.415    14.2578    14.2564    -0.0014    14.2526    14.2512    -0.0014   4.253624   4.253472  -0.000152    35.3070    35.3068     5.5904    26.3708    26.3710          1  0.000e+00
       2535 291.665308  -38.65696  -48.98728      0.228    1505.56     35.623     35.351    14.2573    14.2560    -0.0013    14.2521    14.2508    -0.0013   4.253618   4.253479  -0.000139    35.3074    35.3073     5.5899    26.3713    26.3715          1  0.000e+00
       2536 291.665308  -38.65696  -48.98728      0.215    1505.56     35.647     35.375    14.2573    14.2566    -0.0007    14.2521    14.2514    -0.0007   4.253591   4.253432  -0.000159    35.3071    35.3063     5.5894    26.3710    26.3706          1  0.000e+00
       2537 291.665309  -38.65696  -48.98728      0.206    1505.56     35.623     35.351    14.2576    14.2558    -0.0019    14.2524    14.2506    -0.0019   4.253604   4.253419  -0.000186    35.3070    35.3070     5.5847    26.3709    26.3713          1  0.000e+00
       2538 291.665309  -38.65696  -48.98728      0.200    1505.56     35.687     35.415    14.2572    14.2558    -0.0014    14.2519    14.2505    -0.0014   4.253618   4.253419  -0.000199    35.3075    35.3070     5.5840    26.3714    26.3712          1  0.000e+00
       2539 291.665310  -38.65696  -48.98728      0.186    1505.56     35.623     35.351    14.2570    14.2563    -0.0006    14.2518    14.2511    -0.0006   4.253558   4.253446  -0.000113    35.3072    35.3067     5.5831    26.3711    26.3709          1  0.000e+00
       2540 291.665310  -38.65696  -48.98728      0.180    1505.56     35.647     35.375    14.2561    14.2561    -0.0000    14.2509    14.2509    -0.0000   4.253518   4.253399  -0.000120    35.3076    35.3065     5.5864    26.3716    26.3708          1  0.000e+00
       2541 291.665311  -38.65696  -48.98728      0.164    1505.56     35.566     35.295    14.2558    14.2556    -0.0003    14.2506    14.2504    -0.0003   4.253479   4.253385  -0.000094    35.3075    35.3069     5.5818    26.3716    26.3712          1  0.000e+00
       2542 291.665311  -38.65696  -48.98728      0.159    1505.56     35.687     35.415    14.2558    14.2559     0.0001    14.2506    14.2507     0.0001   4.253439   4.253439 -1.952e-07    35.3071    35.3070     5.5811    26.3714    26.3712          1  0.000e+00
       2543 291.665312  -38.65696  -48.98728      0.146    1505.56     35.566     35.295    14.2558    14.2572     0.0014    14.2506    14.2520     0.0014   4.253459   4.253506   0.000047    35.3074    35.3065     5.5805    26.3715    26.3706          1  0.000e+00
       2544 291.665312  -38.65696  -48.98728      0.133    1505.56     35.647     35.375    14.2561    14.2583     0.0022    14.2509    14.2531     0.0022   4.253432   4.253553   0.000120    35.3068    35.3059     5.5798    26.3710    26.3699          1  0.000e+00
       2545 291.665313  -38.65696  -48.98728      0.125    1505.56     35.623     35.351    14.2570    14.2587     0.0017    14.2518    14.2535     0.0017   4.253459   4.253566   0.000107    35.3063    35.3057     5.5789    26.3704    26.3696          1  0.000e+00
       2546 291.665313  -38.65696  -48.98728      0.112    1505.56     35.566     35.295    14.2577    14.2585     0.0008    14.2525    14.2533     0.0008   4.253498   4.253486  -0.000013    35.3060    35.3051     5.5740    26.3701    26.3693          1  0.000e+00
