Pos-Processados/process_op41/operantar41_007.cnv
* Sea-Bird SBE 9 Data File:
* FileName = C:\Users\Dell\Desktop\OperantarXLI\config\00_BRUTOS\OP41007.hdr
* Software Version Seasave V 7.26.7.110
* Temperature SN = 6497
* Conductivity SN = 4954
* Number of Bytes Per Scan = 31
* Number of Voltage Words = 2
* Number of Scans Averaged by the Deck Unit = 1
* NMEA Latitude = 42 10.83 S
* NMEA Longitude = 052 56.87 W
* NMEA UTC (Time) = Oct 22 2022 04:55:15
* NMEA baud rate = 4800
** H41
** Navio Polar Almirante Maximiano
** LH-021/2022
** Operantar XLI
** Número da Estação 007
** Latitude 42 10.857'S
** Longitude 052 56.879W
** Data/Hora (Z) 22/10/2022 0455Z
** Profundidade local 5627 m
** 09-1439
** Nome do Operador 1T FILIPE LOPES
# nquan = 30
# nvalues = 2034                        
# units = specified
# name 0 = scan: Scan Count
# name 1 = timeJ: Julian Days
# name 2 = latitude: Latitude [deg]
# name 3 = longitude: Longitude [deg]
# name 4 = dz/dtM: Descent Rate [m/s]
# name 5 = avgsvCM: Average Sound Velocity [Chen-Millero, m/s]
# name 6 = prDM: Pressure, Digiquartz [db]
# name 7 = depSM: Depth [salt water, m]
# name 8 = t090C: Temperature [ITS-90, deg C]
# name 9 = t190C: Temperature, 2 [ITS-90, deg C]
# name 10 = T2-T190C: Temperature Difference, 2 - 1 [ITS-90, deg C]
# name 11 = potemp090C: Potential Temperature [ITS-90, deg C]
# name 12 = potemp190C: Potential Temperature, 2 [ITS-90, deg C]
# name 13 = potemp90Cdiff: Potential Temperature, Diff, 2 - 1 [ITS-90, deg C]
# name 14 = c0S/m: Conductivity [S/m]
# name 15 = c1S/m: Conductivity, 2 [S/m]
# name 16 = C2-C1S/m: Conductivity Difference, 2 - 1 [S/m]
# name 17 = sal00: Salinity, Practical [PSU]
# name 18 = sal11: Salinity, Practical, 2 [PSU]
# name 19 = sbeox0ML/L: Oxygen, SBE 43 [ml/l]
# name 20 = sigma-é00: Density [sigma-theta, kg/m^3]
# name 21 = sigma-é11: Density, 2 [sigma-theta, kg/m^3]
# name 22 = sal00: Salinity, Practical [PSU]
# name 23 = sigma-é00: Density [sigma-theta, kg/m^3]
# name 24 = svCM: Sound Velocity [Chen-Millero, m/s]
# name 25 = svCM1: Sound Velocity, 2 [Chen-Millero, m/s]
# name 26 = gsw_ptA0: potential temperature [ITS-90, deg C]
# name 27 = gsw_densityA0: density, TEOS-10 [density, kg/m^3]
# name 28 = gsw_saA0: Absolute Salinity [g/kg]
# name 29 = flag:
# span 0 =       1898,      60844       
# span 1 = 295.205950, 295.234376       
# span 2 =  -42.18026,  -42.16831       
# span 3 =  -52.94752,  -52.66724       
# span 4 =     -2.233,      1.475       
# span 5 =       0.00,    1496.18       
# span 6 =      1.000,   1018.000       
# span 7 =      0.992,   1007.533       
# span 8 =     2.9212,    11.8539       
# span 9 =     2.9223,    11.8537       
# span 10 =    -0.1060,     0.2198      
# span 11 =     2.8527,    11.8515      
# span 12 =     2.8538,    11.8512      
# span 13 =    -0.1060,     0.2197      
# span 14 =   3.154958,   3.948582      
# span 15 =   3.155005,   3.947118      
# span 16 =  -0.011127,   0.021322      
# span 17 =    34.1287,    34.6983      
# span 18 =    34.1291,    34.6989      
# span 19 =     4.1472,     6.2863      
# span 20 =    26.3079,    27.4245      
# span 21 =    26.3085,    27.4242      
# span 22 =    33.8549,    34.6954      
# span 23 =    25.7297,    27.4244      
# span 24 =    1472.68,    1496.20      
# span 25 =    1472.69,    1496.20      
# span 26 =     2.8526,    11.8515      
# span 27 =  1021.7887,  1032.1427      
# span 28 =    28.8851,    34.9834      
# span 29 = 0.0000e+00, 0.0000e+00      
# interval = decibars: 1                
# start_time = Oct 22 2022 04:55:15 [NMEA time, header]
# bad_flag = -9.990e-29
*END*
[from data line 532]
      16106 295.212801  -42.17746  -52.94520      0.852    1475.70    534.000    529.120     3.7458     3.7459     0.0001     3.7086     3.7087     0.0001   3.187043   3.187126   0.000082    34.1671    34.1679     5.5569    27.1530    27.1537    34.1679    27.1536    1473.24    1473.24     3.7085  1029.6307    34.3303 0.0000e+00
      16126 295.212811  -42.17746  -52.94520      1.075    1475.70    535.000    530.110     3.7531     3.7532     0.0001     3.7159     3.7159     0.0001   3.187841   3.187888   0.000051    34.1692    34.1697     5.5504    27.1540    27.1544    34.1692    27.1539    1473.29    1473.29     3.7158  1029.6356    34.3317 0.0000e+00
      16145 295.212820  -42.17746  -52.94520      1.209    1475.70    536.000    531.100     3.7527     3.7527     0.0000     3.7154     3.7154     0.0000   3.187858   3.187889   0.000028    34.1694    34.1696     5.5409    27.1541    27.1544    34.1693    27.1541    1473.30    1473.30     3.7153  1029.6403    34.3318 0.0000e+00
      16167 295.212831  -42.17745  -52.94520      1.178    1475.70    537.000    532.089     3.7542     3.7542    -0.0000     3.7168     3.7168    -0.0000   3.188088   3.188129   0.000041    34.1698    34.1703     5.5292    27.1544    27.1548    34.1699    27.1544    1473.33    1473.33     3.7167  1029.6453    34.3324 0.0000e+00
      16197 295.212845  -42.17744  -52.94520      0.906    1475.70    538.000    533.079     3.7540     3.7541     0.0001     3.7165     3.7166     0.0001   3.188153   3.188181   0.000029    34.1706    34.1709     5.5116    27.1550    27.1552    34.1704    27.1549    1473.34    1473.34     3.7164  1029.6503    34.3329 0.0000e+00
      16228 295.212860  -42.17744 -9.990e-29      0.753    1475.70    539.000    534.068     3.7508     3.7509     0.0001     3.7133     3.7133     0.0001   3.187916   3.187938   0.000023    34.1707    34.1709     5.4868    27.1554    27.1556    34.1704    27.1551    1473.34    1473.34     3.7132  1029.6551    34.3327 0.0000e+00
      16259 295.212875  -42.17742 -9.990e-29      0.785    1475.70    540.000    535.058     3.7468     3.7468    -0.0000     3.7092     3.7092    -0.0000   3.187607   3.187639   0.000028    34.1708    34.1712     5.4811    27.1559    27.1562    34.1704    27.1555    1473.34    1473.34     3.7091  1029.6602    34.3327 0.0000e+00
      16289 295.212889  -42.17742 -9.990e-29      0.791    1475.70    541.000    536.047     3.7442     3.7441    -0.0000     3.7065     3.7065    -0.0000   3.187443   3.187479   0.000038    34.1710    34.1715     5.4797    27.1563    27.1567    34.1706    27.1560    1473.35    1473.35     3.7064  1029.6653    34.3330 0.0000e+00
      16314 295.212902  -42.17742  -52.94518      0.873    1475.70    542.000    537.037     3.7424     3.7423    -0.0001     3.7047     3.7046    -0.0001   3.187342   3.187369   0.000027    34.1712    34.1716     5.4752    27.1566    27.1570    34.1707    27.1563    1473.36    1473.36     3.7046  1029.6703    34.3332 0.0000e+00
      16335 295.212912  -42.17742  -52.94518      1.034    1475.70    543.000    538.027     3.7391     3.7391     0.0001     3.7013     3.7014     0.0001   3.187100   3.187112   0.000013    34.1714    34.1715     5.4798    27.1572    27.1572    34.1708    27.1567    1473.36    1473.36     3.7012  1029.6754    34.3334 0.0000e+00
      16353 295.212921  -42.17742  -52.94518      1.195    1475.70    544.000    539.016     3.7302     3.7302     0.0000     3.6924     3.6924     0.0000   3.186249   3.186243   0.000009    34.1714    34.1715     5.4837    27.1580    27.1581    34.1694    27.1564    1473.34    1473.34     3.6923  1029.6799    34.3319 0.0000e+00
      16370 295.212929  -42.17742  -52.94516      1.321    1475.70    545.000    540.006     3.7214     3.7209    -0.0005     3.6836     3.6831    -0.0005   3.185637   3.185634  -0.000020    34.1719    34.1722     5.4779    27.1593    27.1595    34.1707    27.1584    1473.32    1473.32     3.6835  1029.6865    34.3333 0.0000e+00
      16388 295.212937  -42.17741  -52.94516      1.380    1475.70    546.000    540.995     3.7196     3.7197     0.0001     3.6817     3.6818     0.0001   3.185546   3.185588   0.000041    34.1719    34.1722     5.4784    27.1594    27.1597    34.1711    27.1588    1473.33    1473.33     3.6816  1029.6917    34.3336 0.0000e+00
      16408 295.212947  -42.17740  -52.94516      1.296    1475.70    547.000    541.981     3.7194     3.7194     0.0001     3.6814     3.6814     0.0001   3.185565   3.185593   0.000027    34.1717    34.1720     5.4786    27.1594    27.1596    34.1710    27.1588    1473.35    1473.35     3.6813  1029.6956    34.3328 0.0000e+00
      16438 295.212962 -9.990e-29  -52.94516      0.956    1475.70    548.000    542.975     3.7170     3.7167    -0.0003     3.6789     3.6786    -0.0003   3.185382   3.185381  -0.000002    34.1717    34.1720     5.4726    27.1596    27.1599    34.1708    27.1589    1473.35    1473.35     3.6788  1029.7001    34.3323 0.0000e+00
      16499 295.212991  -42.17738  -52.94516      0.312    1475.70    549.000    543.964     3.7088     3.7087    -0.0001     3.6707     3.6706    -0.0001   3.184728   3.184725  -0.000001    34.1720    34.1721     5.4635    27.1606    27.1607    34.1710    27.1599    1473.33    1473.33     3.6706  1029.7062    34.3329 0.0000e+00
      16538 295.213010  -42.17738  -52.94514      0.572    1475.70    550.000    544.953     3.6993     3.6992    -0.0000     3.6611     3.6611    -0.0000   3.183901   3.183931   0.000024    34.1717    34.1720     5.4665    27.1613    27.1616    34.1706    27.1604    1473.31    1473.31     3.6611  1029.7120    34.3332 0.0000e+00
      16557 295.213019  -42.17737  -52.94514      0.939    1475.70    551.000    545.943     3.6974     3.6976     0.0001     3.6592     3.6594     0.0001   3.183835   3.183879   0.000043    34.1720    34.1723     5.4690    27.1618    27.1620    34.1712    27.1611    1473.32    1473.32     3.6591  1029.7173    34.3337 0.0000e+00
      16574 295.213027  -42.17736  -52.94514      1.235    1475.70    552.000    546.932     3.6940     3.6938    -0.0001     3.6557     3.6556    -0.0001   3.183528   3.183512  -0.000011    34.1722    34.1722     5.4762    27.1623    27.1623    34.1706    27.1610    1473.32    1473.32     3.6557  1029.7219    34.3332 0.0000e+00
      16591 295.213035  -42.17736  -52.94512      1.382    1475.70    553.000    547.922     3.6869     3.6870     0.0001     3.6486     3.6487     0.0001   3.183072   3.183081   0.000009    34.1732    34.1732     5.4828    27.1638    27.1637    34.1720    27.1629    1473.31    1473.31     3.6485  1029.7284    34.3346 0.0000e+00
      16608 295.213044  -42.17736  -52.94512      1.415    1475.70    554.000    548.911     3.6840     3.6841     0.0001     3.6457     3.6458     0.0001   3.182882   3.182906   0.000021    34.1734    34.1736     5.4791    27.1642    27.1644    34.1722    27.1633    1473.31    1473.31     3.6456  1029.7335    34.3348 0.0000e+00
      16625 295.213052  -42.17736  -52.94513      1.409    1475.70    555.000    549.901     3.6778     3.6777    -0.0001     3.6394     3.6393    -0.0001   3.182354   3.182365   0.000013    34.1738    34.1740     5.4742    27.1652    27.1653    34.1720    27.1637    1473.30    1473.30     3.6393  1029.7386    34.3345 0.0000e+00
      16656 295.213066  -42.17735  -52.94513      1.022    1475.70    556.000    550.890     3.6716     3.6715    -0.0000     3.6331     3.6331    -0.0000   3.182025   3.182039   0.000016    34.1751    34.1754     5.4738    27.1669    27.1670    34.1740    27.1659    1473.30    1473.29     3.6331  1029.7455    34.3366 0.0000e+00
      16693 295.213084  -42.17734  -52.94512      0.532    1475.70    557.000    551.880     3.6679     3.6679     0.0000     3.6294     3.6294     0.0000   3.181800   3.181841   0.000033    34.1757    34.1760     5.4585    27.1677    27.1679    34.1746    27.1668    1473.30    1473.30     3.6293  1029.7511    34.3372 0.0000e+00
      16713 295.213094 -9.990e-29 -9.990e-29      0.928    1475.70    558.000    552.869     3.6667     3.6668     0.0002     3.6281     3.6282     0.0002   3.181770   3.181702   0.000048    34.1759    34.1763     5.4409    27.1679    27.1682    34.1750    27.1673    1473.31    1473.31     3.6280  1029.7578    34.3397 0.0000e+00
      16730 295.213102 -9.990e-29 -9.990e-29      1.211    1475.70    559.000    553.859     3.6658     3.6660     0.0001     3.6272     3.6273     0.0001   3.181749   3.181194   0.000003    34.1759    34.1758     5.4354    27.1681    27.1679    34.1751    27.1674    1473.32    1473.31     3.6271  1029.7626    34.3398 0.0000e+00
      16746 295.213110 -9.990e-29 -9.990e-29      1.381    1475.70    560.000    554.848     3.6623     3.6620    -0.0003     3.6236     3.6233    -0.0003   3.181481   3.181466  -0.000011    34.1766    34.1768     5.4394    27.1690    27.1691    34.1751    27.1678    1473.32    1473.32     3.6235  1029.7676    34.3398 0.0000e+00
      16763 295.213118 -9.990e-29 -9.990e-29      1.445    1475.70    561.000    555.838     3.6568     3.6569     0.0001     3.6181     3.6182     0.0001   3.181181   3.181210   0.000028    34.1778    34.1781     5.4454    27.1704    27.1707    34.1767    27.1695    1473.32    1473.32     3.6180  1029.7741    34.3414 0.0000e+00
      16786 295.213130  -42.17732  -52.94510      1.272    1475.70    562.000    556.819     3.6545     3.6546     0.0001     3.6157     3.6158     0.0001   3.181043   3.181086   0.000041    34.1779    34.1783     5.4414    27.1707    27.1711    34.1769    27.1700    1473.33    1473.33     3.6157  1029.7790    34.3414 0.0000e+00
      16850 295.213160  -42.17732  -52.94510      0.234    1475.70    563.000    557.826     3.6545     3.6546     0.0000     3.6157     3.6157     0.0000   3.181120   3.181139   0.000018    34.1780    34.1782     5.4174    27.1708    27.1710    34.1773    27.1703    1473.34    1473.34     3.6155  1029.7822    34.3397 0.0000e+00
      16884 295.213176  -42.17730  -52.94510      0.632    1475.70    564.000    558.805     3.6512     3.6511    -0.0001     3.6123     3.6122    -0.0001   3.180906   3.180963   0.000054    34.1783    34.1790     5.4102    27.1714    27.1720    34.1777    27.1709    1473.35    1473.35     3.6122  1029.7877    34.3403 0.0000e+00
      16904 295.213186  -42.17730  -52.94510      0.972    1475.70    565.000    559.795     3.6510     3.6510     0.0000     3.6120     3.6120     0.0000   3.181043   3.181081   0.000044    34.1793    34.1798     5.4157    27.1722    27.1726    34.1790    27.1720    1473.36    1473.37     3.6119  1029.7929    34.3410 0.0000e+00
      16925 295.213196 -9.990e-29  -52.94510      1.147    1475.70    566.000    560.785     3.6510     3.6511     0.0001     3.6119     3.6120     0.0001   3.181204   3.181221   0.000015    34.1808    34.1809     5.4166    27.1735    27.1735    34.1804    27.1732    1473.38    1473.38     3.6118  1029.7982    34.3419 0.0000e+00
      16949 295.213208 -9.990e-29  -52.94508      1.071    1475.70    567.000    561.774     3.6508     3.6509     0.0001     3.6116     3.6118     0.0001   3.181240   3.181196   0.000028    34.1809    34.1803     5.4172    27.1736    27.1730    34.1805    27.1733    1473.40    1473.40     3.6115  1029.8030    34.3420 0.0000e+00
      16976 295.213221 -9.990e-29  -52.94508      0.914    1475.70    568.000    562.763     3.6504     3.6506     0.0001     3.6112     3.6113     0.0001   3.181284   3.181334   0.000047    34.1812    34.1817     5.4120    27.1738    27.1742    34.1809    27.1736    1473.41    1473.41     3.6111  1029.8079    34.3424 0.0000e+00
      16996 295.213231  -42.17728  -52.94508      1.003    1475.70    569.000    563.753     3.6500     3.6500     0.0000     3.6107     3.6107     0.0000   3.181359   3.181393   0.000033    34.1820    34.1824     5.4008    27.1746    27.1748    34.1817    27.1743    1473.43    1473.43     3.6106  1029.8134    34.3434 0.0000e+00
      17013 295.213239  -42.17728  -52.94508      1.209    1475.70    570.000    564.742     3.6485     3.6486     0.0001     3.6091     3.6092     0.0001   3.181376   3.181412   0.000036    34.1833    34.1836     5.3962    27.1757    27.1759    34.1830    27.1754    1473.44    1473.44     3.6090  1029.8199    34.3457 0.0000e+00
      17029 295.213247  -42.17728  -52.94508      1.388    1475.70    571.000    565.732     3.6477     3.6478     0.0001     3.6082     3.6083     0.0001   3.181403   3.181441   0.000041    34.1840    34.1843     5.3937    27.1763    27.1766    34.1836    27.1761    1473.45    1473.45     3.6081  1029.8252    34.3463 0.0000e+00
      17046 295.213255  -42.17726  -52.94508      1.473    1475.70    572.000    566.721     3.6463     3.6463    -0.0000     3.6068     3.6068    -0.0000   3.181399   3.181434   0.000034    34.1848    34.1853     5.3945    27.1771    27.1775    34.1845    27.1769    1473.47    1473.47     3.6067  1029.8306    34.3472 0.0000e+00
      17062 295.213263  -42.17727  -52.94508      1.475    1475.70    573.000    567.711     3.6450     3.6452     0.0002     3.6054     3.6056     0.0002   3.181392   3.181445   0.000050    34.1856    34.1860     5.3966    27.1779    27.1782    34.1853    27.1776    1473.48    1473.48     3.6053  1029.8360    34.3480 0.0000e+00
      17079 295.213271  -42.17727  -52.94507      1.450    1475.70    574.000    568.700     3.6450     3.6450    -0.0000     3.6053     3.6053    -0.0000   3.181419   3.181454   0.000039    34.1854    34.1858     5.3902    27.1777    27.1781    34.1851    27.1775    1473.49    1473.49     3.6052  1029.8405    34.3478 0.0000e+00
      17141 295.213300  -42.17725  -52.94506      0.805    1475.70    575.000    569.702     3.6450     3.6450     0.0001     3.6052     3.6053     0.0001   3.181452   3.181488   0.000035    34.1853    34.1856     5.3587    27.1777    27.1779    34.1850    27.1774    1473.51    1473.51     3.6051  1029.8450    34.3477 0.0000e+00
      17202 295.213330  -42.17724  -52.94506      0.700    1475.70    576.000    570.679     3.6438     3.6437    -0.0001     3.6040     3.6039    -0.0001   3.181446   3.181468   0.000021    34.1860    34.1864     5.3563    27.1784    27.1787    34.1856    27.1781    1473.52    1473.52     3.6039  1029.8499    34.3479 0.0000e+00
      17220 295.213339 -9.990e-29  -52.94506      1.082    1475.70    577.000    571.668     3.6393     3.6392    -0.0001     3.5994     3.5993    -0.0001   3.181217   3.181236   0.000017    34.1875    34.1878     5.3684    27.1800    27.1802    34.1871    27.1797    1473.52    1473.52     3.5993  1029.8556    34.3486 0.0000e+00
      17237 295.213347 -9.990e-29  -52.94504      1.290    1475.70    578.000    572.658     3.6380     3.6380    -0.0000     3.5981     3.5980    -0.0000   3.181184   3.181206   0.000026    34.1878    34.1882     5.3712    27.1804    27.1807    34.1875    27.1801    1473.53    1473.53     3.5980  1029.8607    34.3490 0.0000e+00
      17255 295.213355 -9.990e-29  -52.94504      1.376    1475.68    579.000    573.647     3.6366     3.6365    -0.0001     3.5966     3.5965    -0.0001   3.181106   3.181130   0.000021    34.1879    34.1883     5.3683    27.1806    27.1809    34.1874    27.1802    1473.54    1473.54     3.5965  1029.8654    34.3490 0.0000e+00
      17274 295.213365 -9.990e-29  -52.94504      1.346    1475.48    580.000    574.637     3.6351     3.6352     0.0001     3.5950     3.5951     0.0001   3.181022   3.181059   0.000039    34.1880    34.1884     5.3667    27.1809    27.1811    34.1876    27.1805    1473.55    1473.56     3.5949  1029.8703    34.3491 0.0000e+00
      17295 295.213375  -42.17720  -52.94504      1.227    1475.47    581.000    575.626     3.6362     3.6364     0.0002     3.5960     3.5962     0.0002   3.181513   3.181609   0.000099    34.1908    34.1918     5.3640    27.1830    27.1838    34.1917    27.1837    1473.58    1473.58     3.5959  1029.8782    34.3534 0.0000e+00
