Pos-Processados/process_op41/operantar41_011.ros
* Sea-Bird SBE 9 Data File:
* FileName = C:\Users\Dell\Desktop\OperantarXLI\config\00_BRUTOS\OPE41011.hdr
* Software Version Seasave V 7.26.7.110
* Temperature SN = 6497
* Conductivity SN = 4954
* Number of Bytes Per Scan = 31
* Number of Voltage Words = 2
* Number of Scans Averaged by the Deck Unit = 1
* NMEA Latitude = 43 40.98 S
* NMEA Longitude = 051 55.50 W
* NMEA UTC (Time) = Oct 23 2022 13:12:50
* NMEA baud rate = 4800
** H41
** Navio Polar Almirante Maximiano
** LH-021/2022
** Operantar XLI
** Número da Estação 011
** Latitude 43 40.933' S
** Longitude 51 55.205' W
** Data/Hora (Z) 23/10/2022 1313Z
** Profundidade local 5694 m
** 09-1439
** Nome do Operador 1T FILIPE LOPES
# nquan = 24
# nvalues = 1368                                  
# units = specified
# name 0 = scan: Scan Count
# name 1 = timeJ: Julian Days
# name 2 = latitude: Latitude [deg]
# name 3 = longitude: Longitude [deg]
# name 4 = dz/dtM: Descent Rate [m/s]
# name 5 = avgsvCM: Average Sound Velocity [Chen-Millero, m/s]
# name 6 = prDM: Pressure, Digiquartz [db]
# name 7 = depSM: Depth [salt water, m]
# name 8 = t090C: Temperature [ITS-90, deg C]
# name 9 = t190C: Temperature, 2 [ITS-90, deg C]
# name 10 = T2-T190C: Temperature Difference, 2 - 1 [ITS-90, deg C]
# name 11 = potemp090C: Potential Temperature [ITS-90, deg C]
# name 12 = potemp190C: Potential Temperature, 2 [ITS-90, deg C]
# name 13 = potemp90Cdiff: Potential Temperature, Diff, 2 - 1 [ITS-90, deg C]
# name 14 = c0S/m: Conductivity [S/m]
# name 15 = c1S/m: Conductivity, 2 [S/m]
# name 16 = C2-C1S/m: Conductivity Difference, 2 - 1 [S/m]
# name 17 = sal00: Salinity, Practical [PSU]
# name 18 = sal11: Salinity, Practical, 2 [PSU]
# name 19 = sbeox0ML/L: Oxygen, SBE 43 [ml/l]
# name 20 = sigma-é00: Density [sigma-theta, kg/m^3]
# name 21 = sigma-é11: Density, 2 [sigma-theta, kg/m^3]
# name 22 = nbf: Bottles Fired
# name 23 = flag:  0.000e+00
# interval = seconds: 0.0416667
# start_time = Oct 23 2022 13:12:50 [NMEA time, header]
# bad_flag = -9.990e-29
*END*
[from data line 1148]
      11433 296.556092  -43.68382  -51.92576      0.074    1505.81      2.793      2.770    14.3342    14.3337    -0.0005    14.3338    14.3333    -0.0005   4.287333   4.287203  -0.000130    35.5636    35.5629     5.4626    26.5517    26.5513         23  0.000e+00
      11434 296.556092  -43.68382  -51.92576      0.069    1505.81      2.913      2.890    14.3345    14.3333    -0.0012    14.3341    14.3329    -0.0012   4.287379   4.287210  -0.000169    35.5637    35.5632     5.4627    26.5517    26.5516         23  0.000e+00
      11435 296.556093  -43.68382  -51.92576      0.063    1505.81      2.857      2.834    14.3342    14.3334    -0.0008    14.3338    14.3330    -0.0008   4.287379   4.287217  -0.000163    35.5640    35.5633     5.4628    26.5520    26.5516         23  0.000e+00
      11436 296.556093  -43.68382  -51.92576      0.053    1505.81      2.793      2.770    14.3343    14.3337    -0.0006    14.3339    14.3333    -0.0006   4.287359   4.287270  -0.000089    35.5637    35.5635     5.4633    26.5518    26.5517         23  0.000e+00
      11437 296.556094  -43.68382  -51.92576      0.046    1505.81      2.857      2.834    14.3344    14.3336    -0.0009    14.3340    14.3331    -0.0009   4.287333   4.287230  -0.000103    35.5634    35.5632     5.4639    26.5515    26.5516         23  0.000e+00
      11438 296.556094  -43.68382  -51.92576      0.040    1505.81      2.801      2.778    14.3343    14.3333    -0.0010    14.3339    14.3329    -0.0010   4.287346   4.287190  -0.000156    35.5636    35.5631     5.4645    26.5517    26.5515         23  0.000e+00
      11439 296.556095  -43.68382  -51.92576      0.029    1505.81      2.793      2.770    14.3344    14.3334    -0.0010    14.3340    14.3330    -0.0010   4.287366   4.287223  -0.000143    35.5637    35.5634     5.4651    26.5518    26.5517         23  0.000e+00
      11440 296.556095  -43.68382  -51.92576      0.026    1505.81      2.857      2.834    14.3342    14.3332    -0.0010    14.3338    14.3328    -0.0010   4.287359   4.287223  -0.000136    35.5638    35.5635     5.4698    26.5519    26.5518         23  0.000e+00
      11441 296.556096  -43.68382  -51.92576      0.018    1505.81      2.793      2.770    14.3338    14.3334    -0.0004    14.3334    14.3330    -0.0004   4.287300   4.287217  -0.000083    35.5637    35.5633     5.4709    26.5518    26.5516         23  0.000e+00
      11442 296.556096  -43.68382  -51.92576      0.004    1505.81      2.736      2.714    14.3339    14.3335    -0.0004    14.3335    14.3331    -0.0004   4.287339   4.287190  -0.000150    35.5640    35.5629     5.4676    26.5521    26.5513         23  0.000e+00
      11443 296.556097  -43.68382  -51.92576      0.001    1505.81      2.857      2.834    14.3337    14.3332    -0.0005    14.3332    14.3328    -0.0005   4.287339   4.287203  -0.000136    35.5641    35.5633     5.4681    26.5522    26.5517         23  0.000e+00
      11444 296.556097  -43.68382  -51.92574     -0.006    1505.81      2.736      2.714    14.3337    14.3332    -0.0005    14.3333    14.3328    -0.0005   4.287326   4.287217  -0.000110    35.5640    35.5635     5.4725    26.5521    26.5518         23  0.000e+00
      11445 296.556098  -43.68382  -51.92574     -0.013    1505.81      2.792      2.770    14.3338    14.3336    -0.0002    14.3334    14.3331    -0.0002   4.287293   4.287237  -0.000056    35.5636    35.5633     5.4773    26.5518    26.5516         23  0.000e+00
      11446 296.556098  -43.68382  -51.92574     -0.024    1505.81      2.736      2.714    14.3337    14.3332    -0.0005    14.3333    14.3328    -0.0005   4.287313   4.287277  -0.000036    35.5639    35.5640     5.4744    26.5520    26.5523         23  0.000e+00
      11447 296.556099  -43.68382  -51.92574     -0.034    1505.81      2.736      2.714    14.3337    14.3334    -0.0003    14.3333    14.3330    -0.0003   4.287306   4.287264  -0.000043    35.5639    35.5638     5.4793    26.5520    26.5520         23  0.000e+00
      11448 296.556099  -43.68382  -51.92574     -0.037    1505.81      2.792      2.770    14.3336    14.3332    -0.0004    14.3332    14.3328    -0.0004   4.287319   4.287223  -0.000096    35.5641    35.5635     5.4765    26.5522    26.5519         23  0.000e+00
      11449 296.556100  -43.68382  -51.92574     -0.047    1505.81      2.736      2.714    14.3337    14.3334    -0.0003    14.3333    14.3330    -0.0003   4.287266   4.287243  -0.000023    35.5635    35.5636     5.4733    26.5518    26.5519         23  0.000e+00
      11450 296.556100  -43.68382  -51.92574     -0.053    1505.81      2.736      2.714    14.3334    14.3335     0.0001    14.3330    14.3331     0.0001   4.287273   4.287257  -0.000016    35.5638    35.5636     5.4778    26.5521    26.5518         23  0.000e+00
      11451 296.556101  -43.68382  -51.92574     -0.063    1505.81      2.736      2.714    14.3338    14.3332    -0.0006    14.3334    14.3328    -0.0006   4.287293   4.287243  -0.000049    35.5636    35.5637     5.4787    26.5518    26.5520         23  0.000e+00
      11452 296.556101  -43.68382  -51.92574     -0.069    1505.81      2.736      2.714    14.3337    14.3335    -0.0002    14.3333    14.3331    -0.0002   4.287260   4.287223  -0.000037    35.5634    35.5633     5.4752    26.5517    26.5516         23  0.000e+00
      11453 296.556101  -43.68382  -51.92574     -0.081    1505.81      2.680      2.658    14.3333    14.3334     0.0001    14.3329    14.3330     0.0001   4.287306   4.287190  -0.000117    35.5643    35.5631     5.4754    26.5524    26.5515         23  0.000e+00
      11454 296.556102  -43.68382  -51.92574     -0.083    1505.81      2.736      2.714    14.3336    14.3333    -0.0002    14.3332    14.3329    -0.0002   4.287326   4.287203  -0.000123    35.5642    35.5632     5.4833    26.5523    26.5516         23  0.000e+00
      11455 296.556102  -43.68382  -51.92574     -0.091    1505.81      2.736      2.714    14.3337    14.3332    -0.0005    14.3333    14.3328    -0.0005   4.287306   4.287156  -0.000150    35.5639    35.5629     5.4798    26.5520    26.5514         23  0.000e+00
      11456 296.556103  -43.68382  -51.92574     -0.095    1505.81      2.680      2.658    14.3339    14.3332    -0.0007    14.3335    14.3328    -0.0007   4.287260   4.287196  -0.000063    35.5633    35.5633     5.4766    26.5515    26.5517         23  0.000e+00
      11457 296.556103  -43.68382  -51.92574     -0.102    1505.81      2.680      2.658    14.3336    14.3333    -0.0002    14.3332    14.3329    -0.0002   4.287306   4.287203  -0.000103    35.5640    35.5633     5.4765    26.5521    26.5516         23  0.000e+00
      11458 296.556104  -43.68382  -51.92574     -0.109    1505.81      2.680      2.658    14.3338    14.3332    -0.0006    14.3334    14.3328    -0.0006   4.287326   4.287243  -0.000083    35.5640    35.5638     5.4843    26.5521    26.5520         23  0.000e+00
      11459 296.556104  -43.68382  -51.92574     -0.112    1505.81      2.736      2.714    14.3336    14.3333    -0.0002    14.3332    14.3329    -0.0002   4.287306   4.287223  -0.000083    35.5640    35.5634     5.4848    26.5521    26.5518         23  0.000e+00
      11460 296.556105  -43.68382  -51.92574     -0.114    1505.81      2.736      2.714    14.3338    14.3331    -0.0007    14.3334    14.3327    -0.0007   4.287319   4.287190  -0.000130    35.5639    35.5634     5.4780    26.5520    26.5518         24  0.000e+00
      11461 296.556105  -43.68382  -51.92574     -0.120    1505.81      2.680      2.658    14.3337    14.3333    -0.0004    14.3333    14.3329    -0.0004   4.287346   4.287203  -0.000143    35.5642    35.5633     5.4782    26.5523    26.5516         24  0.000e+00
      11462 296.556106  -43.68382  -51.92574     -0.122    1505.81      2.680      2.658    14.3340    14.3331    -0.0009    14.3336    14.3327    -0.0009   4.287359   4.287203  -0.000156    35.5641    35.5635     5.4780    26.5521    26.5519         24  0.000e+00
      11463 296.556106  -43.68382  -51.92574     -0.126    1505.81      2.680      2.658    14.3339    14.3333    -0.0006    14.3335    14.3329    -0.0006   4.287339   4.287210  -0.000130    35.5640    35.5633     5.4782    26.5521    26.5517         24  0.000e+00
      11464 296.556107  -43.68382  -51.92574     -0.127    1505.81      2.680      2.658    14.3341    14.3331    -0.0011    14.3337    14.3327    -0.0011   4.287353   4.287243  -0.000109    35.5639    35.5639     5.4740    26.5520    26.5522         24  0.000e+00
      11465 296.556107  -43.68382  -51.92574     -0.124    1505.81      2.736      2.714    14.3339    14.3332    -0.0007    14.3335    14.3328    -0.0007   4.287333   4.287196  -0.000136    35.5639    35.5633     5.4772    26.5520    26.5517         24  0.000e+00
      11466 296.556108  -43.68382  -51.92574     -0.131    1505.81      2.615      2.594    14.3341    14.3332    -0.0009    14.3337    14.3328    -0.0009   4.287379   4.287149  -0.000230    35.5642    35.5629     5.4769    26.5522    26.5514         24  0.000e+00
      11467 296.556108  -43.68382  -51.92574     -0.127    1505.81      2.736      2.714    14.3342    14.3333    -0.0009    14.3338    14.3329    -0.0009   4.287379   4.287250  -0.000129    35.5640    35.5637     5.4768    26.5520    26.5519         24  0.000e+00
      11468 296.556109  -43.68382  -51.92574     -0.125    1505.81      2.688      2.666    14.3340    14.3332    -0.0008    14.3336    14.3328    -0.0008   4.287333   4.287223  -0.000110    35.5638    35.5636     5.4763    26.5519    26.5519         24  0.000e+00
      11469 296.556109  -43.68382  -51.92574     -0.131    1505.81      2.615      2.594    14.3342    14.3332    -0.0010    14.3338    14.3328    -0.0010   4.287326   4.287243  -0.000083    35.5636    35.5638     5.4794    26.5517    26.5521         24  0.000e+00
      11470 296.556110  -43.68382  -51.92574     -0.128    1505.81      2.680      2.658    14.3340    14.3334    -0.0006    14.3336    14.3330    -0.0006   4.287326   4.287257  -0.000069    35.5638    35.5637     5.4792    26.5519    26.5520         24  0.000e+00
      11471 296.556110  -43.68382  -51.92574     -0.129    1505.81      2.680      2.658    14.3341    14.3332    -0.0009    14.3337    14.3328    -0.0009   4.287306   4.287196  -0.000110    35.5635    35.5633     5.4713    26.5517    26.5517         24  0.000e+00
      11472 296.556111  -43.68382  -51.92574     -0.122    1505.81      2.736      2.714    14.3342    14.3336    -0.0007    14.3338    14.3332    -0.0007   4.287339   4.287203  -0.000136    35.5637    35.5630     5.4707    26.5518    26.5514         24  0.000e+00
      11473 296.556111  -43.68382  -51.92574     -0.118    1505.81      2.679      2.658    14.3340    14.3337    -0.0003    14.3336    14.3333    -0.0003   4.287359   4.287216  -0.000143    35.5641    35.5630     5.4745    26.5521    26.5514         24  0.000e+00
      11474 296.556112  -43.68382  -51.92574     -0.114    1505.81      2.679      2.658    14.3339    14.3334    -0.0005    14.3335    14.3330    -0.0005   4.287333   4.287237  -0.000096    35.5639    35.5635     5.4743    26.5520    26.5518         24  0.000e+00
      11475 296.556112  -43.68382  -51.92574     -0.112    1505.81      2.679      2.658    14.3338    14.3335    -0.0003    14.3334    14.3331    -0.0003   4.287326   4.287250  -0.000076    35.5640    35.5635     5.4734    26.5521    26.5518         24  0.000e+00
      11476 296.556113  -43.68382  -51.92574     -0.111    1505.81      2.679      2.658    14.3336    14.3332    -0.0004    14.3332    14.3328    -0.0004   4.287353   4.287277  -0.000076    35.5644    35.5641     5.4728    26.5525    26.5523         24  0.000e+00
      11477 296.556113  -43.68382  -51.92574     -0.105    1505.81      2.679      2.658    14.3338    14.3335    -0.0003    14.3334    14.3331    -0.0003   4.287300   4.287210  -0.000090    35.5637    35.5632     5.4726    26.5519    26.5515         24  0.000e+00
      11478 296.556114  -43.68382  -51.92574     -0.102    1505.81      2.679      2.658    14.3336    14.3333    -0.0002    14.3332    14.3329    -0.0002   4.287286   4.287203  -0.000083    35.5638    35.5633     5.4724    26.5520    26.5516         24  0.000e+00
      11479 296.556114  -43.68382  -51.92574     -0.095    1505.81      2.679      2.658    14.3340    14.3334    -0.0006    14.3336    14.3330    -0.0006   4.287319   4.287243  -0.000076    35.5637    35.5636     5.4721    26.5519    26.5519         24  0.000e+00
      11480 296.556114  -43.68382  -51.92574     -0.095    1505.81      2.679      2.658    14.3337    14.3335    -0.0002    14.3333    14.3331    -0.0002   4.287326   4.287243  -0.000083    35.5640    35.5635     5.4718    26.5522    26.5517         24  0.000e+00
      11481 296.556115  -43.68382  -51.92574     -0.084    1505.81      2.736      2.714    14.3338    14.3334    -0.0004    14.3334    14.3330    -0.0004   4.287293   4.287223  -0.000070    35.5636    35.5634     5.4716    26.5518    26.5517         24  0.000e+00
      11482 296.556115  -43.68382  -51.92574     -0.083    1505.81      2.679      2.658    14.3339    14.3335    -0.0004    14.3335    14.3331    -0.0004   4.287339   4.287216  -0.000123    35.5640    35.5632     5.4673    26.5521    26.5516         24  0.000e+00
      11483 296.556116  -43.68382  -51.92574     -0.075    1505.81      2.679      2.658    14.3341    14.3334    -0.0008    14.3337    14.3330    -0.0008   4.287339   4.287216  -0.000123    35.5638    35.5633     5.4707    26.5519    26.5517         24  0.000e+00
      11484 296.556116  -43.68382  -51.92574     -0.066    1505.81      2.736      2.714    14.3339    14.3335    -0.0004    14.3335    14.3331    -0.0004   4.287353   4.287216  -0.000136    35.5641    35.5632     5.4706    26.5522    26.5515         24  0.000e+00
      11485 296.556117  -43.68382  -51.92574     -0.064    1505.81      2.679      2.658    14.3341    14.3336    -0.0006    14.3337    14.3332    -0.0006   4.287359   4.287243  -0.000116    35.5640    35.5634     5.4783    26.5520    26.5517         24  0.000e+00
      11486 296.556117  -43.68382  -51.92574     -0.058    1505.81      2.679      2.658    14.3341    14.3335    -0.0006    14.3337    14.3331    -0.0006   4.287359   4.287243  -0.000116    35.5640    35.5635     5.4707    26.5521    26.5517         24  0.000e+00
      11487 296.556118  -43.68382  -51.92574     -0.052    1505.81      2.736      2.714    14.3341    14.3336    -0.0006    14.3337    14.3332    -0.0006   4.287359   4.287223  -0.000136    35.5639    35.5632     5.4705    26.5520    26.5515         24  0.000e+00
      11488 296.556118  -43.68382  -51.92574     -0.049    1505.81      2.679      2.658    14.3339    14.3335    -0.0004    14.3335    14.3331    -0.0004   4.287339   4.287243  -0.000096    35.5640    35.5635     5.4702    26.5521    26.5517         24  0.000e+00
      11489 296.556119  -43.68382  -51.92574     -0.042    1505.81      2.679      2.658    14.3341    14.3337    -0.0003    14.3337    14.3333    -0.0003   4.287326   4.287257  -0.000069    35.5637    35.5634     5.4783    26.5518    26.5516         24  0.000e+00
      11490 296.556119  -43.68382  -51.92574     -0.035    1505.81      2.736      2.714    14.3340    14.3335    -0.0005    14.3336    14.3331    -0.0005   4.287326   4.287257  -0.000069    35.5638    35.5636     5.4751    26.5519    26.5518         24  0.000e+00
      11491 296.556120  -43.68382  -51.92574     -0.032    1505.81      2.736      2.714    14.3341    14.3337    -0.0003    14.3337    14.3333    -0.0003   4.287346   4.287277  -0.000069    35.5639    35.5635     5.4792    26.5519    26.5518         24  0.000e+00
