Pos-Processados/process_op41/operantar41_001MEPHY.ros
* Sea-Bird SBE 9 Data File:
* FileName = C:\Users\Dell\Desktop\Operantar XLI\Raw\OP41001MEPHY.hdr
* Software Version Seasave V 7.26.7.110
* Temperature SN = 6497
* Conductivity SN = 4954
* Number of Bytes Per Scan = 31
* Number of Voltage Words = 2
* Number of Scans Averaged by the Deck Unit = 1
* NMEA Latitude = 36 40.13 S
* NMEA Longitude = 048 37.58 W
* NMEA UTC (Time) = Oct 17 2022 15:39:23
* NMEA baud rate = 4800
** H41
** Navio Polar Almirante Maximiano
** LH-021/2022
** Operantar XLI
** Número da Estação 001 MEPHY
** Latitude 36 40.147S
** Longitude 048 37.579W
** Data/Hora (Z) 1539Z
** Profundidade local 4900m
** 09-1439
** Nome do Operador CT Garla
# nquan = 24
# nvalues = 1600                                  
# units = specified
# name 0 = scan: Scan Count
# name 1 = timeJ: Julian Days
# name 2 = latitude: Latitude [deg]
# name 3 = longitude: Longitude [deg]
# name 4 = dz/dtM: Descent Rate [m/s]
# name 5 = avgsvCM: Average Sound Velocity [Chen-Millero, m/s]
# name 6 = prDM: Pressure, Digiquartz [db]
# name 7 = depSM: Depth [salt water, m]
# name 8 = t090C: Temperature [ITS-90, deg C]
# name 9 = t190C: Temperature, 2 [ITS-90, deg C]
# name 10 = T2-T190C: Temperature Difference, 2 - 1 [ITS-90, deg C]
# name 11 = potemp090C: Potential Temperature [ITS-90, deg C]
# name 12 = potemp190C: Potential Temperature, 2 [ITS-90, deg C]
# name 13 = potemp90Cdiff: Potential Temperature, Diff, 2 - 1 [ITS-90, deg C]
# name 14 = c0S/m: Conductivity [S/m]
# name 15 = c1S/m: Conductivity, 2 [S/m]
# name 16 = C2-C1S/m: Conductivity Difference, 2 - 1 [S/m]
# name 17 = sal00: Salinity, Practical [PSU]
# name 18 = sal11: Salinity, Practical, 2 [PSU]
# name 19 = sbeox0ML/L: Oxygen, SBE 43 [ml/l]
# name 20 = sigma-é00: Density [sigma-theta, kg/m^3]
# name 21 = sigma-é11: Density, 2 [sigma-theta, kg/m^3]
# name 22 = nbf: Bottles Fired
# name 23 = flag:  0.000e+00
# interval = seconds: 0.0416667
# start_time = Oct 17 2022 15:39:23 [NMEA time, header]
# bad_flag = -9.990e-29
*END*
[from data line 1570]
      12272 290.658267  -36.66898  -48.62654     -0.004    1516.20      5.191      5.153    17.5760    17.5836     0.0076    17.5751    17.5828     0.0076   4.675884   4.676841   0.000956    36.1093    36.1108     5.1394    26.2268    26.2261         24  0.000e+00
      12273 290.658268  -36.66898  -48.62654     -0.010    1516.20      5.191      5.152    17.5757    17.5847     0.0090    17.5748    17.5838     0.0090   4.676063   4.676862   0.000799    36.1112    36.1100     5.1399    26.2283    26.2252         24  0.000e+00
      12274 290.658268  -36.66898  -48.62654     -0.015    1516.20      5.191      5.152    17.5806    17.5855     0.0049    17.5798    17.5847     0.0049   4.676607   4.676938   0.000332    36.1115    36.1100     5.1399    26.2273    26.2249         24  0.000e+00
      12275 290.658269  -36.66898  -48.62654     -0.021    1516.20      5.191      5.152    17.5844    17.5859     0.0015    17.5836    17.5851     0.0015   4.676909   4.676959   0.000050    36.1107    36.1098     5.1399    26.2258    26.2247         24  0.000e+00
      12276 290.658269  -36.66898  -48.62654     -0.030    1516.20      5.126      5.089    17.5855    17.5864     0.0009    17.5846    17.5855     0.0009   4.677019   4.676959  -0.000060    36.1108    36.1094     5.1401    26.2256    26.2243         24  0.000e+00
      12277 290.658270  -36.66898  -48.62654     -0.036    1516.20      5.191      5.152    17.5861    17.5865     0.0003    17.5853    17.5856     0.0003   4.677067   4.676959  -0.000108    36.1106    36.1093     5.1404    26.2252    26.2242         24  0.000e+00
      12278 290.658270  -36.66898  -48.62654     -0.037    1516.20      5.191      5.152    17.5860    17.5859    -0.0001    17.5851    17.5850    -0.0001   4.677143   4.676848  -0.000295    36.1114    36.1089     5.1408    26.2259    26.2240         24  0.000e+00
      12279 290.658271  -36.66898  -48.62654     -0.043    1516.20      5.191      5.152    17.5863    17.5850    -0.0013    17.5854    17.5841    -0.0013   4.677067   4.676680  -0.000387    36.1104    36.1082     5.1412    26.2251    26.2237         24  0.000e+00
      12280 290.658271  -36.66898  -48.62654     -0.048    1516.20      5.134      5.096    17.5851    17.5842    -0.0009    17.5842    17.5833    -0.0009   4.676916   4.676576  -0.000340    36.1102    36.1080     5.1417    26.2252    26.2238         24  0.000e+00
      12281 290.658272  -36.66898  -48.62654     -0.053    1516.20      5.126      5.088    17.5848    17.5833    -0.0015    17.5839    17.5824    -0.0015   4.676820   4.676618  -0.000202    36.1097    36.1092     5.1422    26.2249    26.2249         24  0.000e+00
      12282 290.658272  -36.66898  -48.62654     -0.058    1516.20      5.191      5.152    17.5843    17.5835    -0.0008    17.5834    17.5826    -0.0008   4.676778   4.676666  -0.000112    36.1097    36.1094     5.1428    26.2251    26.2250         24  0.000e+00
      12283 290.658273  -36.66898  -48.62654     -0.056    1516.20      5.191      5.152    17.5836    17.5836     0.0001    17.5827    17.5828     0.0001   4.676730   4.676646  -0.000085    36.1099    36.1091     5.1433    26.2254    26.2248         24  0.000e+00
      12284 290.658273  -36.66898  -48.62654     -0.064    1516.20      5.126      5.088    17.5829    17.5837     0.0008    17.5820    17.5828     0.0008   4.676696   4.676701   0.000005    36.1103    36.1096     5.1436    26.2258    26.2251         24  0.000e+00
      12285 290.658274  -36.66898  -48.62654     -0.065    1516.20      5.126      5.088    17.5825    17.5840     0.0015    17.5817    17.5831     0.0015   4.676655   4.676687   0.000033    36.1102    36.1092     5.1439    26.2259    26.2247         24  0.000e+00
      12286 290.658274  -36.66898  -48.62654     -0.065    1516.20      5.191      5.152    17.5824    17.5839     0.0015    17.5815    17.5830     0.0015   4.676648   4.676680   0.000033    36.1103    36.1092     5.1442    26.2259    26.2248         24  0.000e+00
      12287 290.658274  -36.66898  -48.62654     -0.069    1516.20      5.126      5.088    17.5825    17.5835     0.0009    17.5817    17.5826     0.0009   4.676675   4.676680   0.000005    36.1104    36.1096     5.1444    26.2260    26.2252         24  0.000e+00
      12288 290.658275  -36.66898  -48.62654     -0.066    1516.20      5.191      5.152    17.5820    17.5839     0.0018    17.5812    17.5830     0.0018   4.676627   4.676764   0.000137    36.1104    36.1100     5.1448    26.2261    26.2254         24  0.000e+00
      12289 290.658275  -36.66898  -48.62654     -0.069    1516.20      5.126      5.088    17.5827    17.5849     0.0022    17.5818    17.5840     0.0022   4.676689   4.676827   0.000138    36.1104    36.1096     5.1449    26.2259    26.2249         24  0.000e+00
      12290 290.658276  -36.66898  -48.62654     -0.069    1516.20      5.191      5.152    17.5825    17.5852     0.0027    17.5816    17.5844     0.0027   4.676723   4.676862   0.000138    36.1108    36.1096     5.1490    26.2263    26.2247         24  0.000e+00
      12291 290.658276  -36.66898  -48.62654     -0.067    1516.20      5.191      5.152    17.5825    17.5861     0.0035    17.5816    17.5852     0.0035   4.676668   4.676945   0.000277    36.1103    36.1096     5.1456    26.2260    26.2245         24  0.000e+00
      12292 290.658277  -36.66898  -48.62654     -0.070    1516.20      5.126      5.088    17.5825    17.5868     0.0042    17.5817    17.5859     0.0042   4.676675   4.677015   0.000340    36.1104    36.1096     5.1456    26.2260    26.2243         24  0.000e+00
      12293 290.658277  -36.66898  -48.62654     -0.065    1516.20      5.190      5.152    17.5824    17.5871     0.0048    17.5815    17.5863     0.0048   4.676655   4.677099   0.000444    36.1103    36.1099     5.1493    26.2260    26.2245         24  0.000e+00
      12294 290.658278  -36.66898  -48.62654     -0.068    1516.20      5.126      5.088    17.5813    17.5875     0.0061    17.5804    17.5866     0.0061   4.676586   4.677120   0.000534    36.1107    36.1099     5.1496    26.2265    26.2244         24  0.000e+00
      12295 290.658278  -36.66898  -48.62654     -0.063    1516.20      5.190      5.152    17.5812    17.5882     0.0070    17.5803    17.5873     0.0070   4.676476   4.677141   0.000665    36.1098    36.1094     5.1500    26.2259    26.2238         24  0.000e+00
      12296 290.658279  -36.66898  -48.62654     -0.060    1516.20      5.190      5.152    17.5800    17.5876     0.0076    17.5791    17.5867     0.0076   4.676325   4.677064   0.000739    36.1096    36.1092     5.1507    26.2260    26.2239         24  0.000e+00
      12297 290.658279  -36.66898  -48.62654     -0.062    1516.20      5.126      5.088    17.5796    17.5868     0.0072    17.5787    17.5859     0.0072   4.676380   4.676945   0.000566    36.1104    36.1089     5.1509    26.2268    26.2238         24  0.000e+00
      12298 290.658280  -36.66898  -48.62654     -0.056    1516.20      5.190      5.152    17.5806    17.5869     0.0063    17.5798    17.5861     0.0063   4.676558   4.676980   0.000422    36.1110    36.1091     5.1547    26.2270    26.2239         24  0.000e+00
      12299 290.658280  -36.66898  -48.62654     -0.057    1516.20      5.126      5.088    17.5829    17.5873     0.0044    17.5820    17.5865     0.0044   4.676751   4.677085   0.000334    36.1107    36.1097     5.1550    26.2262    26.2243         24  0.000e+00
      12300 290.658281  -36.66898  -48.62654     -0.054    1516.20      5.247      5.208    17.5855    17.5878     0.0023    17.5846    17.5869     0.0023   4.677040   4.677204   0.000164    36.1109    36.1102     5.1516    26.2257    26.2246         24  0.000e+00
      12301 290.658281  -36.66898  -48.62654     -0.048    1516.20      5.190      5.152    17.5878    17.5891     0.0012    17.5870    17.5882     0.0012   4.677329   4.677294  -0.000034    36.1113    36.1099     5.1552    26.2254    26.2241         24  0.000e+00
