Pos-Processados/process_op41/operantar41_007.ros
* Sea-Bird SBE 9 Data File:
* FileName = C:\Users\Dell\Desktop\OperantarXLI\config\00_BRUTOS\OP41007.hdr
* Software Version Seasave V 7.26.7.110
* Temperature SN = 6497
* Conductivity SN = 4954
* Number of Bytes Per Scan = 31
* Number of Voltage Words = 2
* Number of Scans Averaged by the Deck Unit = 1
* NMEA Latitude = 42 10.83 S
* NMEA Longitude = 052 56.87 W
* NMEA UTC (Time) = Oct 22 2022 04:55:15
* NMEA baud rate = 4800
** H41
** Navio Polar Almirante Maximiano
** LH-021/2022
** Operantar XLI
** Número da Estação 007
** Latitude 42 10.857'S
** Longitude 052 56.879W
** Data/Hora (Z) 22/10/2022 0455Z
** Profundidade local 5627 m
** 09-1439
** Nome do Operador 1T FILIPE LOPES
# nquan = 24
# nvalues = 1404                                  
# units = specified
# name 0 = scan: Scan Count
# name 1 = timeJ: Julian Days
# name 2 = latitude: Latitude [deg]
# name 3 = longitude: Longitude [deg]
# name 4 = dz/dtM: Descent Rate [m/s]
# name 5 = avgsvCM: Average Sound Velocity [Chen-Millero, m/s]
# name 6 = prDM: Pressure, Digiquartz [db]
# name 7 = depSM: Depth [salt water, m]
# name 8 = t090C: Temperature [ITS-90, deg C]
# name 9 = t190C: Temperature, 2 [ITS-90, deg C]
# name 10 = T2-T190C: Temperature Difference, 2 - 1 [ITS-90, deg C]
# name 11 = potemp090C: Potential Temperature [ITS-90, deg C]
# name 12 = potemp190C: Potential Temperature, 2 [ITS-90, deg C]
# name 13 = potemp90Cdiff: Potential Temperature, Diff, 2 - 1 [ITS-90, deg C]
# name 14 = c0S/m: Conductivity [S/m]
# name 15 = c1S/m: Conductivity, 2 [S/m]
# name 16 = C2-C1S/m: Conductivity Difference, 2 - 1 [S/m]
# name 17 = sal00: Salinity, Practical [PSU]
# name 18 = sal11: Salinity, Practical, 2 [PSU]
# name 19 = sbeox0ML/L: Oxygen, SBE 43 [ml/l]
# name 20 = sigma-é00: Density [sigma-theta, kg/m^3]
# name 21 = sigma-é11: Density, 2 [sigma-theta, kg/m^3]
# name 22 = nbf: Bottles Fired
# name 23 = flag:  0.000e+00
# interval = seconds: 0.0416667
# start_time = Oct 22 2022 04:55:15 [NMEA time, header]
# bad_flag = -9.990e-29
*END*
[from data line 906]
      57062 295.232553  -42.16908  -52.93898     -0.404    1475.52     45.611     45.248    10.9386    10.9437     0.0051    10.9331    10.9382     0.0051   3.868169   3.868725   0.000556    34.6789    34.6797     6.0468    26.5376    26.5373         18  0.000e+00
      57063 295.232553  -42.16908  -52.93898     -0.403    1475.52     45.611     45.248    10.9393    10.9438     0.0045    10.9337    10.9383     0.0045   3.868201   3.868674   0.000472    34.6787    34.6791     6.0466    26.5372    26.5368         18  0.000e+00
      57064 295.232554  -42.16908  -52.93898     -0.405    1475.52     45.555     45.192    10.9395    10.9435     0.0040    10.9339    10.9379     0.0040   3.868214   3.868609   0.000395    34.6786    34.6788     6.0419    26.5372    26.5366         18  0.000e+00
      57065 295.232554  -42.16908  -52.93898     -0.408    1475.52     45.498     45.136    10.9396    10.9430     0.0034    10.9341    10.9375     0.0034   3.868246   3.868583   0.000337    34.6788    34.6790     6.0457    26.5373    26.5368         18  0.000e+00
      57066 295.232554  -42.16908  -52.93898     -0.403    1475.52     45.579     45.216    10.9396    10.9425     0.0028    10.9341    10.9369     0.0028   3.868195   3.868615   0.000421    34.6783    34.6798     6.0461    26.5369    26.5375         18  0.000e+00
      57067 295.232555  -42.16908  -52.93898     -0.402    1475.52     45.498     45.136    10.9396    10.9427     0.0030    10.9341    10.9371     0.0030   3.868227   3.868570   0.000344    34.6786    34.6792     6.0463    26.5371    26.5370         18  0.000e+00
      57068 295.232555  -42.16908  -52.93898     -0.398    1475.52     45.555     45.192    10.9395    10.9430     0.0036    10.9339    10.9375     0.0036   3.868220   3.868609   0.000389    34.6787    34.6792     6.0463    26.5372    26.5370         18  0.000e+00
      57069 295.232556  -42.16908  -52.93898     -0.397    1475.52     45.498     45.136    10.9396    10.9430     0.0034    10.9341    10.9375     0.0034   3.868297   3.868590   0.000293    34.6793    34.6791     6.0461    26.5377    26.5369         18  0.000e+00
      57070 295.232556  -42.16908  -52.93898     -0.393    1475.52     45.498     45.136    10.9396    10.9428     0.0032    10.9341    10.9373     0.0032   3.868290   3.868590   0.000299    34.6793    34.6793     6.0464    26.5376    26.5371         18  0.000e+00
      57071 295.232557  -42.16908  -52.93898     -0.388    1475.52     45.498     45.136    10.9395    10.9425     0.0030    10.9340    10.9370     0.0030   3.868277   3.868583   0.000306    34.6793    34.6795     6.0468    26.5377    26.5373         18  0.000e+00
      57072 295.232557  -42.16908  -52.93898     -0.389    1475.52     45.434     45.072    10.9396    10.9425     0.0028    10.9341    10.9369     0.0028   3.868284   3.868564   0.000280    34.6792    34.6793     6.0467    26.5376    26.5372         18  0.000e+00
      57073 295.232558  -42.16908  -52.93898     -0.376    1475.52     45.555     45.192    10.9396    10.9427     0.0030    10.9341    10.9371     0.0030   3.868303   3.868551   0.000248    34.6794    34.6790     6.0467    26.5377    26.5369         18  0.000e+00
      57074 295.232558  -42.16908  -52.93898     -0.375    1475.52     45.458     45.096    10.9401    10.9425     0.0024    10.9346    10.9370     0.0024   3.868284   3.868583   0.000299    34.6788    34.6795     6.0465    26.5372    26.5373         18  0.000e+00
      57075 295.232559  -42.16908  -52.93898     -0.370    1475.52     45.434     45.072    10.9401    10.9425     0.0023    10.9346    10.9369     0.0023   3.868297   3.868583   0.000287    34.6789    34.6795     6.0464    26.5373    26.5373         18  0.000e+00
      57076 295.232559  -42.16908  -52.93898     -0.366    1475.52     45.434     45.072    10.9405    10.9423     0.0019    10.9349    10.9368     0.0019   3.868367   3.868512   0.000146    34.6793    34.6790     6.0463    26.5375    26.5369         18  0.000e+00
      57077 295.232560  -42.16908  -52.93898     -0.357    1475.52     45.498     45.136    10.9406    10.9423     0.0017    10.9351    10.9368     0.0017   3.868328   3.868531   0.000203    34.6787    34.6791     6.0463    26.5370    26.5370         18  0.000e+00
      57078 295.232560  -42.16908  -52.93898     -0.350    1475.52     45.434     45.072    10.9406    10.9421     0.0015    10.9351    10.9366     0.0015   3.868335   3.868506   0.000171    34.6788    34.6791     6.0461    26.5371    26.5370         18  0.000e+00
      57079 295.232561  -42.16908  -52.93898     -0.345    1475.52     45.434     45.072    10.9406    10.9420     0.0014    10.9351    10.9365     0.0014   3.868316   3.868480   0.000164    34.6786    34.6790     6.0465    26.5370    26.5370         18  0.000e+00
      57080 295.232561  -42.16908  -52.93898     -0.335    1475.52     45.498     45.136    10.9403    10.9419     0.0016    10.9347    10.9363     0.0016   3.868271   3.868486   0.000215    34.6785    34.6791     6.0470    26.5369    26.5371         18  0.000e+00
      57081 295.232562  -42.16908  -52.93898     -0.329    1475.52     45.394     45.032    10.9392    10.9418     0.0026    10.9337    10.9363     0.0026   3.868195   3.868480   0.000285    34.6788    34.6792     6.0475    26.5373    26.5372         18  0.000e+00
      57082 295.232562  -42.16908  -52.93898     -0.323    1475.52     45.434     45.072    10.9378    10.9419     0.0040    10.9323    10.9363     0.0040   3.868099   3.868486   0.000387    34.6791    34.6792     6.0482    26.5378    26.5372         18  0.000e+00
      57083 295.232563  -42.16908  -52.93898     -0.312    1475.52     45.434     45.072    10.9372    10.9418     0.0046    10.9316    10.9363     0.0046   3.868125   3.868454   0.000329    34.6800    34.6789     6.0487    26.5386    26.5369         18  0.000e+00
      57084 295.232563  -42.16908  -52.93898     -0.302    1475.52     45.434     45.072    10.9378    10.9417     0.0039    10.9323    10.9361     0.0039   3.868150   3.868409   0.000259    34.6796    34.6786     6.0491    26.5382    26.5367         18  0.000e+00
      57085 295.232564  -42.16908  -52.93898     -0.294    1475.52     45.378     45.016    10.9383    10.9415     0.0032    10.9328    10.9360     0.0032   3.868195   3.868409   0.000214    34.6796    34.6787     6.0490    26.5382    26.5369         18  0.000e+00
      57086 295.232564  -42.16908  -52.93898     -0.286    1475.52     45.434     45.072    10.9390    10.9411     0.0021    10.9335    10.9356     0.0021   3.868214   3.868344   0.000130    34.6791    34.6784     6.0534    26.5377    26.5367         18  0.000e+00
      57087 295.232565  -42.16908  -52.93898     -0.276    1475.52     45.434     45.072    10.9398    10.9403     0.0005    10.9343    10.9348     0.0005   3.868284   3.868286   0.000002    34.6791    34.6786     6.0538    26.5375    26.5370         18  0.000e+00
      57088 295.232565  -42.16908  -52.93898     -0.267    1475.52     45.394     45.032    10.9400    10.9395    -0.0005    10.9345    10.9340    -0.0005   3.868290   3.868209  -0.000082    34.6790    34.6786     6.0542    26.5374    26.5371         18  0.000e+00
      57089 295.232566  -42.16908  -52.93898     -0.255    1475.52     45.434     45.072    10.9401    10.9392    -0.0009    10.9346    10.9337    -0.0009   3.868252   3.868151  -0.000101    34.6784    34.6783     6.0502    26.5369    26.5370         18  0.000e+00
      57090 295.232566  -42.16908  -52.93898     -0.248    1475.52     45.378     45.016    10.9401    10.9378    -0.0023    10.9346    10.9323    -0.0023   3.868220   3.867944  -0.000276    34.6782    34.6775     6.0546    26.5367    26.5366         18  0.000e+00
      57091 295.232567  -42.16908  -52.93898     -0.240    1475.52     45.434     45.072    10.9401    10.9353    -0.0048    10.9346    10.9298    -0.0048   3.868258   3.867563  -0.000695    34.6785    34.6761     6.0506    26.5370    26.5360         18  0.000e+00
      57092 295.232567  -42.16908  -52.93898     -0.226    1475.52     45.434     45.072    10.9398    10.9318    -0.0079    10.9343    10.9263    -0.0079   3.868207   3.867214  -0.000993    34.6783    34.6759     6.0506    26.5369    26.5364         18  0.000e+00
      57093 295.232568  -42.16908  -52.93898     -0.223    1475.52     45.378     45.016    10.9391    10.9302    -0.0089    10.9336    10.9247    -0.0089   3.868023   3.867046  -0.000976    34.6771    34.6758     6.0507    26.5361    26.5366         18  0.000e+00
      57094 295.232568  -42.16908  -52.93898     -0.208    1475.52     45.434     45.072    10.9377    10.9292    -0.0085    10.9321    10.9236    -0.0085   3.867794   3.866988  -0.000805    34.6762    34.6762     6.0509    26.5356    26.5371         18  0.000e+00
      57095 295.232568  -42.16908  -52.93898     -0.199    1475.52     45.434     45.072    10.9352    10.9290    -0.0062    10.9297    10.9235    -0.0062   3.867584   3.867021  -0.000563    34.6764    34.6766     6.0512    26.5362    26.5375         18  0.000e+00
      57096 295.232569  -42.16908  -52.93898     -0.189    1475.52     45.394     45.032    10.9332    10.9288    -0.0043    10.9277    10.9233    -0.0043   3.867418   3.866943  -0.000475    34.6767    34.6761     6.0514    26.5368    26.5371         18  0.000e+00
      57097 295.232569  -42.16908  -52.93898     -0.181    1475.52     45.378     45.016    10.9324    10.9282    -0.0042    10.9269    10.9227    -0.0042   3.867361   3.866930  -0.000431    34.6769    34.6765     6.0559    26.5371    26.5376         18  0.000e+00
      57098 295.232570  -42.16908  -52.93898     -0.169    1475.52     45.434     45.072    10.9309    10.9279    -0.0030    10.9254    10.9224    -0.0030   3.867259   3.866898  -0.000361    34.6772    34.6765     6.0565    26.5376    26.5376         18  0.000e+00
      57099 295.232570  -42.16908  -52.93898     -0.160    1475.52     45.434     45.072    10.9299    10.9275    -0.0024    10.9244    10.9220    -0.0024   3.867202   3.866821  -0.000381    34.6776    34.6761     6.0570    26.5381    26.5373         18  0.000e+00
      57100 295.232571  -42.16908  -52.93898     -0.153    1475.52     45.378     45.016    10.9296    10.9270    -0.0026    10.9241    10.9215    -0.0026   3.867176   3.866808  -0.000369    34.6777    34.6764     6.0573    26.5382    26.5377         18  0.000e+00
      57101 295.232571  -42.16908  -52.93898     -0.142    1475.52     45.434     45.072    10.9291    10.9268    -0.0023    10.9236    10.9213    -0.0023   3.867113   3.866801  -0.000312    34.6775    34.6765     6.0578    26.5382    26.5378         18  0.000e+00
      57102 295.232572  -42.16908  -52.93898     -0.134    1475.52     45.434     45.072    10.9287    10.9264    -0.0023    10.9232    10.9209    -0.0023   3.867068   3.866808  -0.000261    34.6774    34.6770     6.0582    26.5381    26.5382         18  0.000e+00
      57103 295.232572  -42.16908  -52.93898     -0.129    1475.52     45.394     45.032    10.9287    10.9265    -0.0021    10.9232    10.9210    -0.0021   3.867030   3.866827  -0.000203    34.6771    34.6771     6.0584    26.5379    26.5383         18  0.000e+00
      57104 295.232573  -42.16908  -52.93898     -0.112    1475.52     45.499     45.136    10.9284    10.9266    -0.0018    10.9229    10.9211    -0.0018   3.867011   3.866769  -0.000242    34.6771    34.6763     6.0588    26.5380    26.5377         18  0.000e+00
      57105 295.232573  -42.16908  -52.93898     -0.106    1475.52     45.378     45.016    10.9286    10.9262    -0.0024    10.9231    10.9207    -0.0024   3.866973   3.866821  -0.000152    34.6766    34.6773     6.0541    26.5375    26.5385         18  0.000e+00
      57106 295.232574  -42.16908  -52.93898     -0.096    1475.52     45.434     45.072    10.9286    10.9263    -0.0023    10.9231    10.9208    -0.0023   3.866979   3.866808  -0.000171    34.6766    34.6771     6.0540    26.5376    26.5383         18  0.000e+00
      57107 295.232574  -42.16908  -52.93898     -0.089    1475.52     45.434     45.072    10.9291    10.9264    -0.0027    10.9236    10.9209    -0.0027   3.867043   3.866782  -0.000261    34.6768    34.6767     6.0537    26.5376    26.5380         18  0.000e+00
      57108 295.232575  -42.16908  -52.93898     -0.080    1475.52     45.434     45.072    10.9299    10.9265    -0.0033    10.9244    10.9210    -0.0033   3.867062   3.866795  -0.000267    34.6762    34.6767     6.0534    26.5370    26.5380         18  0.000e+00
      57109 295.232575  -42.16908  -52.93898     -0.072    1475.52     45.434     45.072    10.9304    10.9262    -0.0043    10.9249    10.9206    -0.0043   3.867119   3.866808  -0.000311    34.6763    34.6772     6.0531    26.5370    26.5385         18  0.000e+00
      57110 295.232576  -42.16908  -52.93898     -0.069    1475.52     45.394     45.032    10.9297    10.9262    -0.0035    10.9242    10.9207    -0.0035   3.867125   3.866775  -0.000350    34.6770    34.6769     6.0574    26.5377    26.5382         18  0.000e+00
      57111 295.232576  -42.16908  -52.93898     -0.057    1475.52     45.499     45.136    10.9301    10.9263    -0.0038    10.9245    10.9208    -0.0038   3.867221   3.866801  -0.000420    34.6776    34.6770     6.0576    26.5381    26.5383         18  0.000e+00
      57112 295.232577  -42.16908  -52.93898     -0.048    1475.52     45.434     45.072    10.9304    10.9267    -0.0037    10.9249    10.9212    -0.0037   3.867259   3.866879  -0.000380    34.6777    34.6774     6.0577    26.5381    26.5385         18  0.000e+00
      57113 295.232577  -42.16908  -52.93898     -0.042    1475.52     45.434     45.072    10.9307    10.9267    -0.0040    10.9252    10.9212    -0.0040   3.867297   3.866911  -0.000386    34.6778    34.6778     6.0574    26.5381    26.5388         18  0.000e+00
      57114 295.232578  -42.16908  -52.93898     -0.039    1475.52     45.434     45.072    10.9314    10.9275    -0.0039    10.9259    10.9220    -0.0039   3.867323   3.866963  -0.000360    34.6774    34.6775     6.0574    26.5377    26.5384         18  0.000e+00
      57115 295.232578  -42.16908  -52.93898     -0.031    1475.52     45.434     45.072    10.9324    10.9275    -0.0048    10.9269    10.9220    -0.0048   3.867272   3.866995  -0.000277    34.6760    34.6778     6.0575    26.5364    26.5387         18  0.000e+00
      57116 295.232579  -42.16908  -52.93898     -0.028    1475.52     45.434     45.072    10.9324    10.9276    -0.0047    10.9269    10.9221    -0.0047   3.867285   3.867040  -0.000244    34.6761    34.6781     6.0576    26.5365    26.5389         18  0.000e+00
      57117 295.232579  -42.16908  -52.93898     -0.017    1475.52     45.499     45.136    10.9316    10.9279    -0.0037    10.9260    10.9224    -0.0037   3.867310   3.867092  -0.000218    34.6771    34.6784     6.0578    26.5374    26.5391         18  0.000e+00
      57118 295.232580  -42.16908  -52.93898     -0.012    1475.52     45.459     45.096    10.9314    10.9280    -0.0034    10.9259    10.9225    -0.0034   3.867323   3.867143  -0.000179    34.6774    34.6788     6.0579    26.5377    26.5394         18  0.000e+00
      57119 295.232580  -42.16908  -52.93898     -0.008    1475.52     45.434     45.072    10.9312    10.9285    -0.0027    10.9257    10.9230    -0.0027   3.867348   3.867240  -0.000108    34.6779    34.6793     6.0579    26.5381    26.5397         18  0.000e+00
      57120 295.232581  -42.16908  -52.93898     -0.004    1475.52     45.434     45.072    10.9319    10.9299    -0.0020    10.9264    10.9244    -0.0020   3.867463   3.867389  -0.000074    34.6783    34.6795     6.0578    26.5383    26.5396         18  0.000e+00
      57121 295.232581  -42.16908  -52.93898     -0.000    1475.52     45.499     45.136    10.9325    10.9310    -0.0016    10.9270    10.9255    -0.0016   3.867558   3.867440  -0.000118    34.6787    34.6790     6.0578    26.5384    26.5390         18  0.000e+00
