Pos-Processados/process_op41/operantar41_014lr.ros
* Sea-Bird SBE 9 Data File:
* FileName = C:\Users\Dell\Desktop\OperantarXLI\config\00_BRUTOS\OPE41014LR.hdr
* Software Version Seasave V 7.26.7.110
* Temperature SN = 6497
* Conductivity SN = 4954
* Number of Bytes Per Scan = 31
* Number of Voltage Words = 2
* Number of Scans Averaged by the Deck Unit = 1
* NMEA Latitude = 45 53.01 S
* NMEA Longitude = 058 29.32 W
* NMEA UTC (Time) = Oct 25 2022 11:27:01
* NMEA baud rate = 4800
** H41
** Navio Polar Almirante Maximiano
** LH-021/2022
** Operantar XLI
** Número da Estação 014
** Latitude 45 53.086 S
** Longitude 058 29.226 W
** Data/Hora (Z) 25/10/2022 1127Z
** Profundidade local 2647 m
** 09-1439
** Nome do Operador CT GARLA
# nquan = 24
# nvalues = 1813                                  
# units = specified
# name 0 = scan: Scan Count
# name 1 = timeJ: Julian Days
# name 2 = latitude: Latitude [deg]
# name 3 = longitude: Longitude [deg]
# name 4 = dz/dtM: Descent Rate [m/s]
# name 5 = avgsvCM: Average Sound Velocity [Chen-Millero, m/s]
# name 6 = prDM: Pressure, Digiquartz [db]
# name 7 = depSM: Depth [salt water, m]
# name 8 = t090C: Temperature [ITS-90, deg C]
# name 9 = t190C: Temperature, 2 [ITS-90, deg C]
# name 10 = T2-T190C: Temperature Difference, 2 - 1 [ITS-90, deg C]
# name 11 = potemp090C: Potential Temperature [ITS-90, deg C]
# name 12 = potemp190C: Potential Temperature, 2 [ITS-90, deg C]
# name 13 = potemp90Cdiff: Potential Temperature, Diff, 2 - 1 [ITS-90, deg C]
# name 14 = c0S/m: Conductivity [S/m]
# name 15 = c1S/m: Conductivity, 2 [S/m]
# name 16 = C2-C1S/m: Conductivity Difference, 2 - 1 [S/m]
# name 17 = sal00: Salinity, Practical [PSU]
# name 18 = sal11: Salinity, Practical, 2 [PSU]
# name 19 = sbeox0ML/L: Oxygen, SBE 43 [ml/l]
# name 20 = sigma-é00: Density [sigma-theta, kg/m^3]
# name 21 = sigma-é11: Density, 2 [sigma-theta, kg/m^3]
# name 22 = nbf: Bottles Fired
# name 23 = flag:  0.000e+00
# interval = seconds: 0.0416667
# start_time = Oct 25 2022 11:27:01 [NMEA time, header]
# bad_flag = -9.990e-29
*END*
[from data line 906]
     111217 298.530729  -45.87336  -58.48974      0.221    1479.42     52.030     51.597     5.0543     5.0551     0.0008     5.0503     5.0512     0.0008   3.275097   3.275281   0.000184    34.1003    34.1016     6.8032    26.9562    26.9571         14  0.000e+00
     111218 298.530730  -45.87336  -58.48974      0.219    1479.42     52.030     51.597     5.0568     5.0550    -0.0018     5.0528     5.0510    -0.0018   3.275395   3.275269  -0.000126    34.1012    34.1016     6.8076    26.9566    26.9572         14  0.000e+00
     111219 298.530730  -45.87336  -58.48974      0.223    1479.42     52.095     51.661     5.0619     5.0546    -0.0073     5.0579     5.0506    -0.0073   3.275586   3.275245  -0.000341    34.0982    34.1017     6.8072    26.9536    26.9572         14  0.000e+00
     111220 298.530731  -45.87336  -58.48974      0.226    1479.42     52.095     51.661     5.0639     5.0547    -0.0093     5.0599     5.0507    -0.0093   3.275663   3.275190  -0.000473    34.0970    34.1010     6.8071    26.9525    26.9567         14  0.000e+00
     111221 298.530731  -45.87336  -58.48974      0.223    1479.42     52.030     51.597     5.0655     5.0548    -0.0108     5.0616     5.0508    -0.0108   3.275699   3.275166  -0.000533    34.0958    34.1007     6.8069    26.9513    26.9564         14  0.000e+00
     111222 298.530732  -45.87336  -58.48974      0.224    1479.42     52.095     51.661     5.0662     5.0547    -0.0115     5.0622     5.0507    -0.0115   3.275711   3.275106  -0.000605    34.0952    34.1000     6.8069    26.9508    26.9559         14  0.000e+00
     111223 298.530732  -45.87336  -58.48974      0.227    1479.42     52.095     51.661     5.0666     5.0541    -0.0125     5.0626     5.0502    -0.0125   3.275663   3.275045  -0.000618    34.0943    34.0999     6.8069    26.9500    26.9559         14  0.000e+00
     111224 298.530733  -45.87336  -58.48974      0.229    1479.42     52.151     51.717     5.0658     5.0543    -0.0116     5.0619     5.0503    -0.0116   3.275699   3.275051  -0.000648    34.0954    34.0998     6.8078    26.9510    26.9557         14  0.000e+00
     111225 298.530733  -45.87336  -58.48974      0.230    1479.42     52.095     51.661     5.0644     5.0539    -0.0105     5.0604     5.0499    -0.0105   3.275645   3.275063  -0.000582    34.0963    34.1004     6.8079    26.9518    26.9563         14  0.000e+00
     111226 298.530734  -45.87336  -58.48974      0.223    1479.42     52.055     51.621     5.0625     5.0537    -0.0088     5.0585     5.0497    -0.0088   3.275514   3.275081  -0.000433    34.0968    34.1008     6.8080    26.9525    26.9566         14  0.000e+00
     111227 298.530734  -45.87336  -58.48974      0.236    1479.42     52.272     51.837     5.0606     5.0532    -0.0074     5.0566     5.0492    -0.0074   3.275407   3.275069  -0.000338    34.0974    34.1010     6.8084    26.9531    26.9569         14  0.000e+00
     111228 298.530734  -45.87336  -58.48974      0.230    1479.42     52.095     51.661     5.0606     5.0532    -0.0074     5.0566     5.0492    -0.0074   3.275365   3.275039  -0.000326    34.0970    34.1008     6.8133    26.9528    26.9567         14  0.000e+00
     111229 298.530735  -45.87336  -58.48974      0.233    1479.42     52.151     51.717     5.0601     5.0532    -0.0069     5.0561     5.0492    -0.0069   3.275359   3.274985  -0.000375    34.0974    34.1001     6.8085    26.9532    26.9561         14  0.000e+00
     111230 298.530735  -45.87336  -58.48974      0.231    1479.42     52.151     51.717     5.0593     5.0537    -0.0056     5.0553     5.0497    -0.0056   3.275377   3.275081  -0.000296    34.0984    34.1007     6.8082    26.9541    26.9566         14  0.000e+00
     111231 298.530736  -45.87336  -58.48974      0.236    1479.42     52.208     51.773     5.0575     5.0540    -0.0036     5.0536     5.0500    -0.0036   3.275276   3.275051  -0.000225    34.0990    34.1000     6.8081    26.9548    26.9560         14  0.000e+00
     111232 298.530736  -45.87336  -58.48974      0.237    1479.42     52.208     51.773     5.0569     5.0542    -0.0027     5.0529     5.0502    -0.0027   3.275258   3.275051  -0.000207    34.0994    34.0998     6.8078    26.9552    26.9558         14  0.000e+00
     111233 298.530737  -45.87336  -58.48974      0.238    1479.42     52.208     51.773     5.0575     5.0540    -0.0036     5.0536     5.0500    -0.0036   3.275270   3.275081  -0.000188    34.0989    34.1004     6.8071    26.9547    26.9563         14  0.000e+00
     111234 298.530737  -45.87336  -58.48974      0.239    1479.42     52.208     51.773     5.0585     5.0543    -0.0041     5.0545     5.0504    -0.0041   3.275270   3.275087  -0.000182    34.0980    34.1001     6.8064    26.9539    26.9560         14  0.000e+00
     111235 298.530738  -45.87336  -58.48974      0.239    1479.42     52.208     51.773     5.0585     5.0544    -0.0040     5.0545     5.0505    -0.0040   3.275270   3.275087  -0.000182    34.0980    34.1000     6.8065    26.9539    26.9559         14  0.000e+00
     111236 298.530738  -45.87336  -58.48974      0.241    1479.42     52.272     51.837     5.0588     5.0544    -0.0044     5.0549     5.0505    -0.0044   3.275270   3.275130  -0.000140    34.0976    34.1004     6.8065    26.9535    26.9563         14  0.000e+00
     111237 298.530739  -45.87336  -58.48974      0.245    1479.42     52.272     51.837     5.0585     5.0551    -0.0033     5.0545     5.0511    -0.0033   3.275270   3.275148  -0.000122    34.0979    34.1000     6.8118    26.9538    26.9558         14  0.000e+00
     111238 298.530739  -45.87336  -58.48974      0.241    1479.42     52.208     51.773     5.0592     5.0553    -0.0039     5.0552     5.0513    -0.0039   3.275270   3.275190  -0.000080    34.0973    34.1003     6.8123    26.9532    26.9561         15  0.000e+00
     111239 298.530740  -45.87336  -58.48974      0.244    1479.42     52.272     51.837     5.0594     5.0548    -0.0046     5.0555     5.0508    -0.0046   3.275312   3.275100  -0.000212    34.0974    34.0997     6.8129    26.9533    26.9557         15  0.000e+00
     111240 298.530740  -45.87336  -58.48974      0.248    1479.42     52.329     51.893     5.0598     5.0544    -0.0053     5.0558     5.0505    -0.0053   3.275282   3.275081  -0.000200    34.0967    34.0999     6.8134    26.9527    26.9558         15  0.000e+00
     111241 298.530741  -45.87336  -58.48974      0.248    1479.42     52.272     51.837     5.0598     5.0544    -0.0053     5.0558     5.0505    -0.0053   3.275312   3.275106  -0.000206    34.0971    34.1002     6.8138    26.9530    26.9560         15  0.000e+00
     111242 298.530741  -45.87336  -58.48974      0.250    1479.42     52.329     51.893     5.0602     5.0564    -0.0038     5.0563     5.0524    -0.0038   3.275329   3.275215  -0.000115    34.0968    34.0994     6.8142    26.9527    26.9552         15  0.000e+00
     111243 298.530742  -45.87336  -58.48974      0.251    1479.42     52.329     51.893     5.0594     5.0572    -0.0022     5.0554     5.0532    -0.0022   3.275347   3.275239  -0.000109    34.0978    34.0988     6.8146    26.9536    26.9547         15  0.000e+00
     111244 298.530742  -45.87336  -58.48974      0.251    1479.42     52.329     51.893     5.0588     5.0563    -0.0026     5.0549     5.0523    -0.0026   3.275288   3.275190  -0.000097    34.0977    34.0992     6.8143    26.9536    26.9551         15  0.000e+00
     111245 298.530743  -45.87336  -58.48974      0.252    1479.42     52.329     51.893     5.0585     5.0569    -0.0016     5.0545     5.0529    -0.0016   3.275312   3.275221  -0.000091    34.0984    34.0990     6.8138    26.9542    26.9548         15  0.000e+00
     111246 298.530743  -45.87336  -58.48974      0.256    1479.42     52.393     51.957     5.0579     5.0574    -0.0005     5.0539     5.0534    -0.0005   3.275282   3.275281 -7.543e-07    34.0986    34.0991     6.8134    26.9544    26.9549         15  0.000e+00
     111247 298.530744  -45.87336  -58.48974      0.256    1479.42     52.329     51.893     5.0575     5.0569    -0.0007     5.0536     5.0529    -0.0006   3.275246   3.275275   0.000029    34.0986    34.0996     6.8134    26.9544    26.9553         15  0.000e+00
     111248 298.530744  -45.87336  -58.48974      0.257    1479.42     52.393     51.957     5.0567     5.0571     0.0003     5.0527     5.0531     0.0003   3.275240   3.275245   0.000005    34.0993    34.0990     6.8128    26.9551    26.9549         15  0.000e+00
     111249 298.530745  -45.87336  -58.48974      0.261    1479.42     52.450     52.013     5.0566     5.0574     0.0007     5.0526     5.0534     0.0007   3.275192   3.275330   0.000137    34.0988    34.0997     6.8121    26.9547    26.9553         15  0.000e+00
     111250 298.530745  -45.87336  -58.48974      0.264    1479.42     52.393     51.957     5.0572     5.0577     0.0005     5.0532     5.0537     0.0005   3.275246   3.275311   0.000065    34.0989    34.0992     6.8117    26.9547    26.9549         15  0.000e+00
     111251 298.530746  -45.87336  -58.48974      0.261    1479.42     52.393     51.957     5.0577     5.0577    -0.0000     5.0537     5.0537    -0.0000   3.275270   3.275366   0.000096    34.0987    34.0998     6.8114    26.9545    26.9554         15  0.000e+00
     111252 298.530746  -45.87336  -58.48974      0.265    1479.42     52.450     52.013     5.0580     5.0577    -0.0004     5.0540     5.0537    -0.0004   3.275222   3.275342   0.000119    34.0977    34.0995     6.8111    26.9537    26.9551         15  0.000e+00
     111253 298.530747  -45.87336  -58.48974      0.263    1479.42     52.393     51.957     5.0577     5.0567    -0.0010     5.0537     5.0527    -0.0010   3.275228   3.275348   0.000119    34.0982    34.1005     6.8115    26.9541    26.9561         15  0.000e+00
     111254 298.530747  -45.87336  -58.48974      0.267    1479.42     52.506     52.069     5.0571     5.0567    -0.0003     5.0531     5.0527    -0.0003   3.275216   3.275378   0.000162    34.0986    34.1008     6.8120    26.9545    26.9563         15  0.000e+00
     111255 298.530747  -45.87336  -58.48974      0.271    1479.42     52.450     52.013     5.0554     5.0565     0.0011     5.0514     5.0525     0.0011   3.275252   3.275408   0.000156    34.1007    34.1014     6.8124    26.9564    26.9568         15  0.000e+00
     111256 298.530748  -45.87336  -58.48974      0.265    1479.42     52.450     52.013     5.0545     5.0574     0.0029     5.0505     5.0534     0.0029   3.275198   3.275420   0.000222    34.1011    34.1007     6.8181    26.9568    26.9562         15  0.000e+00
     111257 298.530748  -45.87336  -58.48974      0.269    1479.42     52.506     52.069     5.0536     5.0574     0.0038     5.0496     5.0534     0.0038   3.275109   3.275396   0.000287    34.1009    34.1004     6.8192    26.9568    26.9559         15  0.000e+00
     111258 298.530749  -45.87336  -58.48974      0.269    1479.42     52.450     52.013     5.0534     5.0575     0.0041     5.0494     5.0535     0.0041   3.275109   3.275390   0.000281    34.1012    34.1002     6.8200    26.9570    26.9557         15  0.000e+00
     111259 298.530749  -45.87336  -58.48974      0.270    1479.42     52.506     52.069     5.0541     5.0580     0.0039     5.0501     5.0540     0.0039   3.275121   3.275432   0.000311    34.1006    34.1002     6.8207    26.9564    26.9557         15  0.000e+00
     111260 298.530750  -45.87336  -58.48974      0.266    1479.42     52.506     52.069     5.0548     5.0580     0.0032     5.0508     5.0540     0.0032   3.275121   3.275426   0.000305    34.0999    34.1001     6.8206    26.9558    26.9556         15  0.000e+00
     111261 298.530750  -45.87336  -58.48974      0.265    1479.42     52.506     52.069     5.0554     5.0575     0.0021     5.0514     5.0535     0.0021   3.275139   3.275360   0.000221    34.0994    34.0998     6.8204    26.9553    26.9554         15  0.000e+00
     111262 298.530751  -45.87336  -58.48974      0.266    1479.42     52.506     52.069     5.0553     5.0578     0.0025     5.0513     5.0538     0.0025   3.275169   3.275378   0.000209    34.0999    34.0997     6.8202    26.9557    26.9553         15  0.000e+00
     111263 298.530751  -45.87336  -58.48974      0.265    1479.42     52.506     52.069     5.0556     5.0580     0.0024     5.0516     5.0540     0.0024   3.275181   3.275366   0.000185    34.0997    34.0994     6.8252    26.9556    26.9551         15  0.000e+00
     111264 298.530752  -45.87336  -58.48974      0.264    1479.42     52.571     52.133     5.0559     5.0580     0.0021     5.0519     5.0540     0.0021   3.275157   3.275336   0.000179    34.0991    34.0990     6.8210    26.9550    26.9547         15  0.000e+00
     111265 298.530752  -45.87336  -58.48974      0.265    1479.42     52.571     52.133     5.0558     5.0574     0.0015     5.0518     5.0534     0.0015   3.275151   3.275281   0.000130    34.0991    34.0990     6.8213    26.9551    26.9548         15  0.000e+00
     111266 298.530753  -45.87336  -58.48974      0.261    1479.42     52.506     52.069     5.0563     5.0572     0.0010     5.0523     5.0532     0.0010   3.275169   3.275311   0.000143    34.0989    34.0996     6.8207    26.9549    26.9553         15  0.000e+00
     111267 298.530753  -45.87336  -58.48974      0.259    1479.42     52.571     52.133     5.0559     5.0567     0.0008     5.0519     5.0527     0.0008   3.275198   3.275281   0.000083    34.0996    34.0997     6.8209    26.9554    26.9554         15  0.000e+00
     111268 298.530754  -45.87336  -58.48974      0.260    1479.42     52.571     52.133     5.0558     5.0561     0.0002     5.0518     5.0521     0.0002   3.275210   3.275196  -0.000014    34.0998    34.0994     6.8210    26.9556    26.9553         15  0.000e+00
     111269 298.530754  -45.87336  -58.48974      0.260    1479.42     52.571     52.133     5.0559     5.0562     0.0003     5.0519     5.0522     0.0003   3.275210   3.275221   0.000010    34.0997    34.0995     6.8210    26.9555    26.9553         15  0.000e+00
     111270 298.530755  -45.87336  -58.48974      0.258    1479.42     52.627     52.189     5.0561     5.0556    -0.0006     5.0521     5.0516    -0.0006   3.275187   3.275190   0.000004    34.0992    34.0998     6.8263    26.9551    26.9556         15  0.000e+00
     111271 298.530755  -45.87336  -58.48974      0.255    1479.42     52.571     52.133     5.0559     5.0546    -0.0013     5.0519     5.0506    -0.0013   3.275198   3.275130  -0.000069    34.0996    34.1001     6.8268    26.9554    26.9560         15  0.000e+00
     111272 298.530756  -45.87336  -58.48974      0.251    1479.42     52.571     52.133     5.0559     5.0540    -0.0019     5.0519     5.0500    -0.0019   3.275187   3.275075  -0.000111    34.0994    34.1001     6.8221    26.9553    26.9560         15  0.000e+00
     111273 298.530756  -45.87336  -58.48974      0.250    1479.42     52.571     52.133     5.0561     5.0533    -0.0028     5.0521     5.0493    -0.0028   3.275246   3.275063  -0.000183    34.0999    34.1006     6.8217    26.9556    26.9566         15  0.000e+00
     111274 298.530757  -45.87336  -58.48974      0.247    1479.42     52.627     52.189     5.0559     5.0533    -0.0026     5.0519     5.0493    -0.0026   3.275222   3.275063  -0.000159    34.0998    34.1006     6.8268    26.9556    26.9565         15  0.000e+00
     111275 298.530757  -45.87336  -58.48974      0.240    1479.42     52.627     52.189     5.0560     5.0532    -0.0028     5.0520     5.0492    -0.0028   3.275228   3.275082  -0.000147    34.0998    34.1010     6.8324    26.9556    26.9568         15  0.000e+00
     111276 298.530758  -45.87336  -58.48974      0.242    1479.42     52.571     52.133     5.0554     5.0532    -0.0022     5.0514     5.0492    -0.0022   3.275192   3.275045  -0.000147    34.1000    34.1006     6.8280    26.9558    26.9565         16  0.000e+00
