Pos-Processados/process_op41/operantar41_019.ros
* Sea-Bird SBE 9 Data File:
* FileName = C:\Users\Dell\Desktop\OperantarXLI\config\00_BRUTOS\OPE41019.hdr
* Software Version Seasave V 7.26.7.110
* Temperature SN = 6497
* Conductivity SN = 4954
* Number of Bytes Per Scan = 34
* Number of Voltage Words = 3
* Number of Scans Averaged by the Deck Unit = 1
* NMEA Latitude = 62 55.48 S
* NMEA Longitude = 060 08.48 W
* NMEA UTC (Time) = Nov 11 2022 01:08:15
* NMEA baud rate = 4800
** H41
** Navio Polar Almirante Maximiano
** LH-021/2022
** Operantar XLI
** Número da Estação 019
** Latitude 62 55.478'S
** Longitude 060 08.483' W
** Data/Hora (Z) 11/11/2022 0110Z
** Profundidade local 1020 m
** 09-1439
** Nome do Operador CT Garla
# nquan = 24
# nvalues = 1198                                  
# units = specified
# name 0 = scan: Scan Count
# name 1 = timeJ: Julian Days
# name 2 = latitude: Latitude [deg]
# name 3 = longitude: Longitude [deg]
# name 4 = dz/dtM: Descent Rate [m/s]
# name 5 = avgsvCM: Average Sound Velocity [Chen-Millero, m/s]
# name 6 = prDM: Pressure, Digiquartz [db]
# name 7 = depSM: Depth [salt water, m]
# name 8 = t090C: Temperature [ITS-90, deg C]
# name 9 = t190C: Temperature, 2 [ITS-90, deg C]
# name 10 = T2-T190C: Temperature Difference, 2 - 1 [ITS-90, deg C]
# name 11 = potemp090C: Potential Temperature [ITS-90, deg C]
# name 12 = potemp190C: Potential Temperature, 2 [ITS-90, deg C]
# name 13 = potemp90Cdiff: Potential Temperature, Diff, 2 - 1 [ITS-90, deg C]
# name 14 = c0S/m: Conductivity [S/m]
# name 15 = c1S/m: Conductivity, 2 [S/m]
# name 16 = C2-C1S/m: Conductivity Difference, 2 - 1 [S/m]
# name 17 = sal00: Salinity, Practical [PSU]
# name 18 = sal11: Salinity, Practical, 2 [PSU]
# name 19 = sbeox0ML/L: Oxygen, SBE 43 [ml/l]
# name 20 = sigma-é00: Density [sigma-theta, kg/m^3]
# name 21 = sigma-é11: Density, 2 [sigma-theta, kg/m^3]
# name 22 = nbf: Bottles Fired
# name 23 = flag:  0.000e+00
# interval = seconds: 0.0416667
# start_time = Nov 11 2022 01:08:15 [NMEA time, header]
# bad_flag = -9.990e-29
*END*
[from data line 665]
      48155 315.070618  -62.92696  -60.13892     -0.040    1451.82    206.693    204.595    -0.9948    -0.9905     0.0044    -1.0006    -0.9963     0.0044   2.784335   2.784769   0.000434    34.4035    34.4044     6.7749    27.6700    27.6706          7  0.000e+00
      48156 315.070619  -62.92696  -60.13892     -0.039    1451.82    206.693    204.595    -0.9953    -0.9901     0.0052    -1.0011    -0.9959     0.0052   2.784346   2.784809   0.000463    34.4042    34.4046     6.7737    27.6706    27.6707          7  0.000e+00
      48157 315.070619  -62.92696  -60.13892     -0.037    1451.82    206.693    204.595    -0.9948    -0.9901     0.0047    -1.0006    -0.9959     0.0047   2.784436   2.784695   0.000259    34.4049    34.4030     6.7723    27.6711    27.6694          7  0.000e+00
      48158 315.070620  -62.92696  -60.13892     -0.036    1451.82    206.693    204.595    -0.9945    -0.9910     0.0035    -1.0003    -0.9968     0.0035   2.784616   2.784644   0.000028    34.4070    34.4034     6.7709    27.6728    27.6697          7  0.000e+00
      48159 315.070620  -62.92696  -60.13892     -0.034    1451.82    206.693    204.595    -0.9924    -0.9918     0.0006    -0.9982    -0.9976     0.0006   2.784829   2.784576  -0.000253    34.4075    34.4034     6.7691    27.6731    27.6698          7  0.000e+00
      48160 315.070621  -62.92696  -60.13892     -0.033    1451.82    206.693    204.595    -0.9906    -0.9918    -0.0013    -0.9964    -0.9976    -0.0013   2.785036   2.784598  -0.000438    34.4082    34.4037     6.7674    27.6736    27.6700          7  0.000e+00
      48161 315.070621  -62.92696  -60.13892     -0.035    1451.82    206.620    204.523    -0.9885    -0.9917    -0.0031    -0.9943    -0.9975    -0.0031   2.785075   2.784604  -0.000471    34.4065    34.4036     6.7657    27.6721    27.6700          8  0.000e+00
      48162 315.070622  -62.92696  -60.13892     -0.029    1451.82    206.757    204.659    -0.9884    -0.9918    -0.0034    -0.9942    -0.9976    -0.0034   2.784930   2.784633  -0.000297    34.4042    34.4041     6.7658    27.6703    27.6704          8  0.000e+00
      48163 315.070622  -62.92696  -60.13892     -0.030    1451.82    206.636    204.539    -0.9885    -0.9924    -0.0039    -0.9943    -0.9982    -0.0039   2.784817   2.784553  -0.000265    34.4029    34.4038     6.7646    27.6693    27.6701          8  0.000e+00
      48164 315.070623  -62.92696  -60.13892     -0.027    1451.82    206.693    204.595    -0.9893    -0.9936    -0.0042    -0.9951    -0.9994    -0.0042   2.784744   2.784473  -0.000271    34.4028    34.4039     6.7648    27.6692    27.6703          8  0.000e+00
      48165 315.070623  -62.92696  -60.13892     -0.029    1451.82    206.693    204.595    -0.9900    -0.9935    -0.0035    -0.9958    -0.9993    -0.0035   2.784728   2.784468  -0.000260    34.4033    34.4038     6.7649    27.6696    27.6702          8  0.000e+00
      48166 315.070624  -62.92696  -60.13892     -0.026    1451.82    206.693    204.595    -0.9903    -0.9942    -0.0039    -0.9961    -1.0000    -0.0039   2.784666   2.784411  -0.000255    34.4028    34.4038     6.7639    27.6692    27.6702          8  0.000e+00
      48167 315.070624  -62.92696  -60.13892     -0.023    1451.82    206.693    204.595    -0.9909    -0.9949    -0.0041    -0.9967    -1.0007    -0.0041   2.784649   2.784359  -0.000290    34.4033    34.4040     6.7640    27.6696    27.6704          8  0.000e+00
      48168 315.070625  -62.92696  -60.13892     -0.020    1451.82    206.693    204.595    -0.9910    -0.9960    -0.0049    -0.9968    -1.0018    -0.0049   2.784638   2.784200  -0.000438    34.4033    34.4030     6.7630    27.6697    27.6696          8  0.000e+00
      48169 315.070625  -62.92696  -60.13892     -0.021    1451.82    206.693    204.595    -0.9912    -0.9969    -0.0058    -0.9970    -1.0027    -0.0058   2.784660   2.784223  -0.000438    34.4037    34.4044     6.7619    27.6700    27.6708          8  0.000e+00
      48170 315.070625  -62.92696  -60.13892     -0.017    1451.82    206.693    204.595    -0.9910    -0.9969    -0.0059    -0.9968    -1.0027    -0.0058   2.784672   2.784257  -0.000415    34.4038    34.4048     6.7620    27.6701    27.6711          8  0.000e+00
      48171 315.070626  -62.92696  -60.13892     -0.018    1451.82    206.693    204.595    -0.9913    -0.9965    -0.0052    -0.9971    -1.0023    -0.0051   2.784610   2.784291  -0.000319    34.4033    34.4048     6.7622    27.6697    27.6711          8  0.000e+00
      48172 315.070626  -62.92696  -60.13892     -0.016    1451.82    206.693    204.595    -0.9921    -0.9967    -0.0046    -0.9979    -1.0025    -0.0045   2.784593   2.784308  -0.000285    34.4039    34.4052     6.7625    27.6702    27.6715          8  0.000e+00
      48173 315.070627  -62.92696  -60.13892     -0.016    1451.82    206.636    204.539    -0.9919    -0.9958    -0.0039    -0.9977    -1.0016    -0.0039   2.784627   2.784348  -0.000279    34.4042    34.4048     6.7626    27.6704    27.6711          8  0.000e+00
      48174 315.070627  -62.92696  -60.13892     -0.016    1451.82    206.693    204.595    -0.9922    -0.9954    -0.0032    -0.9980    -1.0012    -0.0032   2.784604   2.784416  -0.000188    34.4042    34.4053     6.7630    27.6705    27.6714          8  0.000e+00
      48175 315.070628  -62.92696  -60.13892     -0.016    1451.82    206.693    204.595    -0.9922    -0.9951    -0.0028    -0.9980    -1.0009    -0.0028   2.784571   2.784365  -0.000206    34.4037    34.4042     6.7634    27.6701    27.6705          8  0.000e+00
      48176 315.070628  -62.92696  -60.13892     -0.012    1451.82    206.693    204.595    -0.9923    -0.9951    -0.0028    -0.9981    -1.0009    -0.0028   2.784503   2.784371  -0.000133    34.4030    34.4043     6.7638    27.6695    27.6707          8  0.000e+00
      48177 315.070629  -62.92696  -60.13892     -0.012    1451.82    206.693    204.595    -0.9922    -0.9949    -0.0027    -0.9980    -1.0007    -0.0027   2.784419   2.784411  -0.000009    34.4017    34.4046     6.7631    27.6684    27.6709          8  0.000e+00
      48178 315.070629  -62.92696  -60.13892     -0.008    1451.82    206.693    204.595    -0.9933    -0.9938    -0.0006    -0.9991    -0.9996    -0.0006   2.784330   2.784564   0.000235    34.4017    34.4055     6.7638    27.6685    27.6716          8  0.000e+00
      48179 315.070630  -62.92696  -60.13892     -0.008    1451.82    206.693    204.595    -0.9941    -0.9925     0.0016    -0.9999    -0.9983     0.0016   2.784341   2.784644   0.000303    34.4027    34.4050     6.7643    27.6693    27.6711          8  0.000e+00
      48180 315.070630  -62.92696  -60.13892     -0.005    1451.82    206.741    204.643    -0.9944    -0.9915     0.0029    -1.0002    -0.9973     0.0029   2.784335   2.784667   0.000332    34.4030    34.4042     6.7649    27.6695    27.6704          8  0.000e+00
      48181 315.070631  -62.92696  -60.13892     -0.005    1451.82    206.693    204.595    -0.9951    -0.9912     0.0039    -1.0009    -0.9970     0.0039   2.784313   2.784718   0.000405    34.4036    34.4046     6.7644    27.6700    27.6707          8  0.000e+00
      48182 315.070631  -62.92696  -60.13892     -0.001    1451.82    206.693    204.595    -0.9950    -0.9907     0.0043    -1.0008    -0.9966     0.0043   2.784358   2.784718   0.000360    34.4040    34.4041     6.7638    27.6704    27.6703          8  0.000e+00
      48183 315.070632  -62.92696  -60.13892     -0.001    1451.82    206.693    204.595    -0.9947    -0.9906     0.0041    -1.0005    -0.9964     0.0041   2.784380   2.784781   0.000401    34.4040    34.4047     6.7643    27.6704    27.6708          8  0.000e+00
      48184 315.070632  -62.92696  -60.13892     -0.001    1451.82    206.693    204.595    -0.9944    -0.9890     0.0053    -1.0002    -0.9948     0.0053   2.784402   2.784832   0.000429    34.4039    34.4036     6.7648    27.6703    27.6699          8  0.000e+00
      48185 315.070633  -62.92696  -60.13892     -0.001    1451.82    206.693    204.595    -0.9948    -0.9884     0.0064    -1.0006    -0.9943     0.0064   2.784369   2.784911   0.000543    34.4040    34.4041     6.7656    27.6704    27.6702          8  0.000e+00
      48186 315.070633  -62.92696  -60.13892     -0.000    1451.82    206.693    204.595    -0.9951    -0.9884     0.0067    -1.0009    -0.9942     0.0067   2.784358   2.784883   0.000525    34.4042    34.4036     6.7663    27.6705    27.6698          8  0.000e+00
      48187 315.070634  -62.92696  -60.13892     -0.000    1451.82    206.693    204.595    -0.9951    -0.9884     0.0067    -1.0009    -0.9943     0.0067   2.784408   2.784917   0.000509    34.4049    34.4042     6.7670    27.6711    27.6703          8  0.000e+00
      48188 315.070634  -62.92696  -60.13892     -0.000    1451.82    206.693    204.595    -0.9936    -0.9886     0.0051    -0.9995    -0.9944     0.0051   2.784492   2.784883   0.000391    34.4043    34.4038     6.7675    27.6706    27.6700          8  0.000e+00
      48189 315.070635  -62.92696  -60.13892      0.000    1451.82    206.693    204.595    -0.9927    -0.9884     0.0042    -0.9985    -0.9943     0.0042   2.784571   2.784917   0.000346    34.4043    34.4042     6.7682    27.6705    27.6703          8  0.000e+00
      48190 315.070635  -62.92696  -60.13892      0.008    1451.82    206.757    204.659    -0.9929    -0.9876     0.0052    -0.9987    -0.9935     0.0052   2.784554   2.784946   0.000392    34.4042    34.4036     6.7680    27.6705    27.6698          8  0.000e+00
      48191 315.070636  -62.92696  -60.13892      0.007    1451.82    206.693    204.595    -0.9929    -0.9870     0.0059    -0.9987    -0.9928     0.0059   2.784576   2.784997   0.000421    34.4046    34.4036     6.7677    27.6708    27.6698          8  0.000e+00
      48192 315.070636  -62.92696  -60.13892      0.011    1451.82    206.757    204.659    -0.9922    -0.9867     0.0055    -0.9980    -0.9925     0.0055   2.784649   2.785042   0.000393    34.4048    34.4039     6.7684    27.6709    27.6700          8  0.000e+00
      48193 315.070637  -62.92696  -60.13892      0.011    1451.82    206.693    204.595    -0.9913    -0.9859     0.0054    -0.9971    -0.9917     0.0054   2.784655   2.785111   0.000456    34.4039    34.4039     6.7680    27.6702    27.6700          8  0.000e+00
      48194 315.070637  -62.92696  -60.13892      0.011    1451.82    206.693    204.595    -0.9912    -0.9847     0.0064    -0.9970    -0.9905     0.0064   2.784627   2.785202   0.000575    34.4033    34.4038     6.7689    27.6697    27.6698          8  0.000e+00
      48195 315.070638  -62.92696  -60.13892      0.015    1451.82    206.757    204.659    -0.9914    -0.9858     0.0057    -0.9973    -0.9916     0.0057   2.784599   2.785077   0.000478    34.4032    34.4032     6.7700    27.6696    27.6694          8  0.000e+00
      48196 315.070638  -62.92696  -60.13892      0.015    1451.82    206.757    204.659    -0.9919    -0.9867     0.0052    -0.9977    -0.9925     0.0052   2.784604   2.784997   0.000393    34.4038    34.4032     6.7712    27.6701    27.6695          8  0.000e+00
      48197 315.070639  -62.92696  -60.13892      0.019    1451.82    206.693    204.595    -0.9922    -0.9875     0.0047    -0.9980    -0.9933     0.0047   2.784616   2.784917   0.000302    34.4044    34.4030     6.7722    27.6706    27.6693          8  0.000e+00
      48198 315.070639  -62.92696  -60.13892      0.021    1451.82    206.741    204.643    -0.9926    -0.9875     0.0051    -0.9984    -0.9933     0.0051   2.784655   2.784963   0.000308    34.4053    34.4036     6.7722    27.6713    27.6698          8  0.000e+00
      48199 315.070639  -62.92696  -60.13892      0.024    1451.82    206.757    204.659    -0.9922    -0.9875     0.0047    -0.9980    -0.9933     0.0047   2.784711   2.784934   0.000223    34.4056    34.4032     6.7733    27.6716    27.6695          8  0.000e+00
      48200 315.070640  -62.92696  -60.13892      0.024    1451.82    206.757    204.659    -0.9913    -0.9875     0.0039    -0.9971    -0.9933     0.0039   2.784784   2.784968   0.000185    34.4056    34.4037     6.7731    27.6715    27.6699          8  0.000e+00
      48201 315.070640  -62.92696  -60.13892      0.023    1451.82    206.693    204.595    -0.9901    -0.9875     0.0026    -0.9959    -0.9933     0.0026   2.784857   2.784934   0.000078    34.4052    34.4033     6.7728    27.6712    27.6695          8  0.000e+00
      48202 315.070641  -62.92696  -60.13892      0.026    1451.82    206.757    204.659    -0.9887    -0.9875     0.0012    -0.9945    -0.9933     0.0012   2.784997   2.785008   0.000011    34.4055    34.4042     6.7725    27.6714    27.6703          8  0.000e+00
      48203 315.070641  -62.92696  -60.13892      0.029    1451.82    206.757    204.659    -0.9873    -0.9867     0.0006    -0.9932    -0.9925     0.0006   2.785075   2.785088   0.000013    34.4050    34.4045     6.7723    27.6709    27.6705          8  0.000e+00
      48204 315.070642  -62.92696  -60.13892      0.032    1451.82    206.757    204.659    -0.9869    -0.9859     0.0010    -0.9927    -0.9917     0.0009   2.785092   2.785190   0.000098    34.4047    34.4050     6.7722    27.6707    27.6708          8  0.000e+00
      48205 315.070642  -62.92696  -60.13892      0.030    1451.82    206.693    204.595    -0.9860    -0.9855     0.0005    -0.9918    -0.9913     0.0005   2.785092   2.785253   0.000161    34.4037    34.4053     6.7653    27.6698    27.6711          8  0.000e+00
      48206 315.070643  -62.92696  -60.13892      0.036    1451.82    206.814    204.715    -0.9856    -0.9852     0.0004    -0.9914    -0.9910     0.0004   2.785143   2.785225   0.000082    34.4039    34.4045     6.7709    27.6700    27.6704          8  0.000e+00
      48207 315.070643  -62.92696  -60.13892      0.041    1451.82    206.814    204.715    -0.9846    -0.9844     0.0002    -0.9904    -0.9902     0.0002   2.785165   2.785299   0.000133    34.4030    34.4046     6.7708    27.6692    27.6705          8  0.000e+00
      48208 315.070644  -62.92696  -60.13892      0.043    1451.82    206.757    204.659    -0.9847    -0.9841     0.0006    -0.9906    -0.9899     0.0006   2.785171   2.785259   0.000088    34.4033    34.4038     6.7708    27.6695    27.6698          8  0.000e+00
      48209 315.070644  -62.92696  -60.13892      0.041    1451.82    206.693    204.595    -0.9843    -0.9839     0.0003    -0.9901    -0.9897     0.0003   2.785154   2.785327   0.000173    34.4026    34.4046     6.7707    27.6688    27.6704          8  0.000e+00
      48210 315.070645  -62.92696  -60.13892      0.042    1451.82    206.814    204.715    -0.9846    -0.9838     0.0008    -0.9904    -0.9896     0.0008   2.785182   2.785247   0.000065    34.4032    34.4033     6.7709    27.6694    27.6694          8  0.000e+00
      48211 315.070645  -62.92696  -60.13892      0.050    1451.82    206.814    204.715    -0.9840    -0.9841    -0.0001    -0.9898    -0.9899    -0.0001   2.785216   2.785196  -0.000019    34.4030    34.4029     6.7708    27.6692    27.6691          8  0.000e+00
      48212 315.070646  -62.92696  -60.13892      0.048    1451.82    206.757    204.659    -0.9831    -0.9850    -0.0019    -0.9889    -0.9908    -0.0019   2.785277   2.785088  -0.000189    34.4029    34.4025     6.7707    27.6690    27.6688          9  0.000e+00
      48213 315.070646  -62.92696  -60.13892      0.052    1451.82    206.814    204.715    -0.9826    -0.9856    -0.0030    -0.9884    -0.9915    -0.0030   2.785339   2.785037  -0.000302    34.4031    34.4025     6.7706    27.6692    27.6688          9  0.000e+00
