Pos-Processados/process_op41/operantar41_022.ros
* Sea-Bird SBE 9 Data File:
* FileName = C:\Users\Dell\Desktop\OperantarXLI\config\00_BRUTOS\OPE41022.hdr
* Software Version Seasave V 7.26.7.110
* Temperature SN = 6497
* Conductivity SN = 4954
* Number of Bytes Per Scan = 34
* Number of Voltage Words = 3
* Number of Scans Averaged by the Deck Unit = 1
* NMEA Latitude = 59 45.37 S
* NMEA Longitude = 062 03.38 W
* NMEA UTC (Time) = Nov 14 2022 23:10:24
* NMEA baud rate = 4800
** H41
** Navio Polar Almirante Maximiano
** LH-021/2022
** Operantar XLI
** Número da Estação 022
** Latitude 59 45.358'S
** Longitude 062 03.362'W
** Data/Hora (Z) 14/11/2022 23:11
** Profundidade local 4103 m
** 09-1439
** Nome do Operador CT Garla
# nquan = 24
# nvalues = 1141                                  
# units = specified
# name 0 = scan: Scan Count
# name 1 = timeJ: Julian Days
# name 2 = latitude: Latitude [deg]
# name 3 = longitude: Longitude [deg]
# name 4 = dz/dtM: Descent Rate [m/s]
# name 5 = avgsvCM: Average Sound Velocity [Chen-Millero, m/s]
# name 6 = prDM: Pressure, Digiquartz [db]
# name 7 = depSM: Depth [salt water, m]
# name 8 = t090C: Temperature [ITS-90, deg C]
# name 9 = t190C: Temperature, 2 [ITS-90, deg C]
# name 10 = T2-T190C: Temperature Difference, 2 - 1 [ITS-90, deg C]
# name 11 = potemp090C: Potential Temperature [ITS-90, deg C]
# name 12 = potemp190C: Potential Temperature, 2 [ITS-90, deg C]
# name 13 = potemp90Cdiff: Potential Temperature, Diff, 2 - 1 [ITS-90, deg C]
# name 14 = c0S/m: Conductivity [S/m]
# name 15 = c1S/m: Conductivity, 2 [S/m]
# name 16 = C2-C1S/m: Conductivity Difference, 2 - 1 [S/m]
# name 17 = sal00: Salinity, Practical [PSU]
# name 18 = sal11: Salinity, Practical, 2 [PSU]
# name 19 = sbeox0ML/L: Oxygen, SBE 43 [ml/l]
# name 20 = sigma-é00: Density [sigma-theta, kg/m^3]
# name 21 = sigma-é11: Density, 2 [sigma-theta, kg/m^3]
# name 22 = nbf: Bottles Fired
# name 23 = flag:  0.000e+00
# interval = seconds: 0.0416667
# start_time = Nov 14 2022 23:10:24 [NMEA time, header]
# bad_flag = -9.990e-29
*END*
[from data line 785]
     129211 319.027867  -59.76932  -62.06544     -0.142    1474.40     93.500     92.599    -0.4746    -0.4710     0.0036    -0.4774    -0.4738     0.0036   2.775210   2.775433   0.000223    33.7629    33.7619     7.8111    27.1299    27.1289          9  0.000e+00
     129212 319.027868  -59.76932  -62.06544     -0.145    1474.40     93.500     92.599    -0.4732    -0.4706     0.0026    -0.4760    -0.4735     0.0026   2.775300   2.775490   0.000190    33.7626    33.7623     7.8104    27.1296    27.1292          9  0.000e+00
     129213 319.027868  -59.76932  -62.06544     -0.155    1474.40     93.443     92.543    -0.4729    -0.4705     0.0024    -0.4757    -0.4734     0.0024   2.775328   2.775428   0.000100    33.7626    33.7613     7.8099    27.1296    27.1284          9  0.000e+00
     129214 319.027869  -59.76932  -62.06544     -0.160    1474.40     93.443     92.543    -0.4723    -0.4706     0.0016    -0.4751    -0.4735     0.0016   2.775328   2.775439   0.000111    33.7619    33.7616     7.8095    27.1290    27.1287          9  0.000e+00
     129215 319.027869  -59.76932  -62.06544     -0.171    1474.40     93.387     92.487    -0.4723    -0.4699     0.0024    -0.4751    -0.4727     0.0024   2.775345   2.775536   0.000191    33.7622    33.7621     7.8093    27.1292    27.1291          9  0.000e+00
     129216 319.027870  -59.76932  -62.06544     -0.175    1474.40     93.435     92.535    -0.4717    -0.4688     0.0028    -0.4745    -0.4717     0.0028   2.775356   2.775621   0.000265    33.7617    33.7620     7.8091    27.1288    27.1289          9  0.000e+00
     129217 319.027870  -59.76932  -62.06544     -0.181    1474.40     93.443     92.543    -0.4710    -0.4680     0.0030    -0.4738    -0.4709     0.0030   2.775490   2.775678   0.000187    33.7627    33.7619     7.8089    27.1296    27.1288          9  0.000e+00
     129218 319.027871  -59.76932  -62.06544     -0.190    1474.40     93.387     92.487    -0.4695    -0.4672     0.0023    -0.4724    -0.4701     0.0023   2.775597   2.775774   0.000178    33.7626    33.7623     7.8151    27.1294    27.1291          9  0.000e+00
     129219 319.027871  -59.76932  -62.06544     -0.195    1474.40     93.387     92.487    -0.4685    -0.4664     0.0021    -0.4714    -0.4693     0.0021   2.775597   2.775780   0.000183    33.7614    33.7615     7.8161    27.1284    27.1284          9  0.000e+00
     129220 319.027872  -59.76932  -62.06544     -0.202    1474.40     93.379     92.479    -0.4681    -0.4665     0.0016    -0.4709    -0.4693     0.0016   2.775574   2.775735   0.000160    33.7606    33.7610     7.8172    27.1278    27.1280          9  0.000e+00
     129221 319.027872  -59.76932  -62.06544     -0.208    1474.40     93.322     92.423    -0.4681    -0.4671     0.0010    -0.4710    -0.4699     0.0010   2.775602   2.775683   0.000081    33.7611    33.7610     7.8184    27.1281    27.1281          9  0.000e+00
     129222 319.027873  -59.76932  -62.06544     -0.217    1474.40     93.322     92.423    -0.4681    -0.4671     0.0010    -0.4709    -0.4699     0.0010   2.775580   2.775723   0.000143    33.7607    33.7616     7.8197    27.1278    27.1285          9  0.000e+00
     129223 319.027873  -59.76932  -62.06544     -0.225    1474.40     93.322     92.423    -0.4680    -0.4663     0.0017    -0.4708    -0.4691     0.0017   2.775619   2.775786   0.000167    33.7612    33.7615     7.8134    27.1282    27.1284          9  0.000e+00
     129224 319.027874  -59.76932  -62.06544     -0.235    1474.40     93.266     92.367    -0.4678    -0.4661     0.0016    -0.4706    -0.4690     0.0016   2.775625   2.775757   0.000133    33.7610    33.7610     7.8126    27.1281    27.1280          9  0.000e+00
     129225 319.027874  -59.76932  -62.06544     -0.237    1474.40     93.314     92.415    -0.4680    -0.4659     0.0021    -0.4708    -0.4687     0.0021   2.775653   2.775786   0.000133    33.7616    33.7610     7.8185    27.1285    27.1280          9  0.000e+00
     129226 319.027875  -59.76932  -62.06544     -0.241    1474.40     93.322     92.423    -0.4674    -0.4657     0.0017    -0.4702    -0.4685     0.0017   2.775686   2.775860   0.000173    33.7614    33.7618     7.8198    27.1283    27.1286          9  0.000e+00
     129227 319.027875  -59.76932  -62.06544     -0.248    1474.40     93.201     92.304    -0.4672    -0.4651     0.0021    -0.4700    -0.4679     0.0021   2.775697   2.775860   0.000162    33.7614    33.7612     7.8200    27.1283    27.1281          9  0.000e+00
     129228 319.027876  -59.76932  -62.06544     -0.257    1474.40     93.201     92.304    -0.4666    -0.4655     0.0011    -0.4694    -0.4683     0.0011   2.775697   2.775791   0.000094    33.7607    33.7608     7.8138    27.1278    27.1278          9  0.000e+00
     129229 319.027876  -59.76932  -62.06544     -0.262    1474.40     93.258     92.359    -0.4669    -0.4655     0.0014    -0.4697    -0.4683     0.0014   2.775675   2.775752   0.000077    33.7607    33.7602     7.8198    27.1278    27.1273          9  0.000e+00
     129230 319.027877  -59.76932  -62.06544     -0.268    1474.40     93.201     92.304    -0.4668    -0.4659     0.0009    -0.4696    -0.4687     0.0009   2.775669   2.775706   0.000037    33.7606    33.7600     7.8137    27.1277    27.1272          9  0.000e+00
     129231 319.027877  -59.76932  -62.06544     -0.273    1474.40     93.201     92.304    -0.4667    -0.4663     0.0005    -0.4695    -0.4691     0.0005   2.775709   2.775695  -0.000014    33.7610    33.7603     7.8195    27.1280    27.1274          9  0.000e+00
     129232 319.027878  -59.76932  -62.06544     -0.277    1474.40     93.201     92.304    -0.4669    -0.4661     0.0008    -0.4697    -0.4690     0.0008   2.775720   2.775712  -0.000008    33.7614    33.7604     7.8200    27.1283    27.1275          9  0.000e+00
     129233 319.027878  -59.76932  -62.06544     -0.283    1474.40     93.145     92.248    -0.4665    -0.4661     0.0003    -0.4693    -0.4690     0.0003   2.775686   2.775757   0.000071    33.7605    33.7611     7.8204    27.1276    27.1280          9  0.000e+00
     129234 319.027879  -59.76932  -62.06544     -0.291    1474.40     93.137     92.240    -0.4662    -0.4646     0.0016    -0.4691    -0.4674     0.0016   2.775765   2.775871   0.000106    33.7613    33.7609     7.8143    27.1282    27.1278          9  0.000e+00
     129235 319.027879  -59.76932  -62.06544     -0.297    1474.40     93.089     92.192    -0.4662    -0.4642     0.0020    -0.4690    -0.4670     0.0020   2.775703   2.775888   0.000185    33.7604    33.7606     7.8202    27.1275    27.1276          9  0.000e+00
     129236 319.027880  -59.76932  -62.06544     -0.302    1474.40     93.145     92.248    -0.4661    -0.4643     0.0017    -0.4689    -0.4671     0.0017   2.775748   2.775860   0.000112    33.7609    33.7604     7.8208    27.1279    27.1274          9  0.000e+00
     129237 319.027880  -59.76932  -62.06544     -0.306    1474.40     93.089     92.192    -0.4662    -0.4648     0.0014    -0.4690    -0.4676     0.0014   2.775714   2.775871   0.000157    33.7606    33.7611     7.8213    27.1276    27.1280          9  0.000e+00
     129238 319.027880  -59.76932  -62.06544     -0.308    1474.40     93.137     92.240    -0.4664    -0.4649     0.0015    -0.4692    -0.4678     0.0015   2.775770   2.775837   0.000067    33.7616    33.7608     7.8219    27.1284    27.1278          9  0.000e+00
     129239 319.027881  -59.76932  -62.06544     -0.316    1474.40     93.024     92.128    -0.4661    -0.4648     0.0013    -0.4689    -0.4676     0.0013   2.775765   2.775825   0.000061    33.7612    33.7605     7.8222    27.1281    27.1275          9  0.000e+00
     129240 319.027881  -59.76932  -62.06544     -0.318    1474.40     93.089     92.192    -0.4660    -0.4649     0.0011    -0.4688    -0.4678     0.0011   2.775770   2.775786   0.000015    33.7611    33.7601     7.8228    27.1281    27.1272          9  0.000e+00
     129241 319.027882  -59.76932  -62.06544     -0.322    1474.40     93.024     92.128    -0.4657    -0.4655     0.0001    -0.4685    -0.4683     0.0001   2.775759   2.775734  -0.000025    33.7606    33.7601     7.8232    27.1277    27.1273          9  0.000e+00
     129242 319.027882  -59.76932  -62.06544     -0.326    1474.40     93.024     92.128    -0.4657    -0.4667    -0.0009    -0.4685    -0.4695    -0.0009   2.775748   2.775683  -0.000064    33.7605    33.7607     7.8237    27.1276    27.1278          9  0.000e+00
     129243 319.027883  -59.76932  -62.06544     -0.327    1474.40     93.016     92.120    -0.4660    -0.4669    -0.0009    -0.4688    -0.4697    -0.0009   2.775731   2.775723  -0.000008    33.7606    33.7615     7.8178    27.1276    27.1284          9  0.000e+00
     129244 319.027883  -59.76932  -62.06544     -0.334    1474.40     92.968     92.072    -0.4660    -0.4663    -0.0004    -0.4688    -0.4691    -0.0004   2.775759   2.775729  -0.000030    33.7610    33.7610     7.8183    27.1280    27.1280          9  0.000e+00
     129245 319.027884  -59.76932  -62.06544     -0.340    1474.40     92.968     92.072    -0.4655    -0.4661    -0.0006    -0.4684    -0.4690    -0.0006   2.775809   2.775723  -0.000086    33.7612    33.7607     7.8189    27.1281    27.1278          9  0.000e+00
     129246 319.027884  -59.76932  -62.06544     -0.344    1474.40     92.968     92.072    -0.4657    -0.4654     0.0003    -0.4685    -0.4682     0.0003   2.775787   2.775757  -0.000030    33.7610    33.7603     7.8186    27.1280    27.1274          9  0.000e+00
     129247 319.027885  -59.76932  -62.06544     -0.343    1474.40     92.960     92.064    -0.4657    -0.4649     0.0008    -0.4685    -0.4678     0.0008   2.775793   2.775808   0.000016    33.7612    33.7605     7.8249    27.1281    27.1276          9  0.000e+00
     129248 319.027885  -59.76932  -62.06544     -0.343    1474.40     92.968     92.072    -0.4655    -0.4651     0.0004    -0.4683    -0.4679     0.0004   2.775781   2.775825   0.000044    33.7608    33.7609     7.8191    27.1278    27.1278          9  0.000e+00
     129249 319.027886  -59.76932  -62.06544     -0.349    1474.40     92.903     92.008    -0.4652    -0.4651     0.0002    -0.4681    -0.4679     0.0002   2.775832   2.775808  -0.000023    33.7612    33.7607     7.8188    27.1281    27.1277          9  0.000e+00
     129250 319.027886  -59.76932  -62.06544     -0.350    1474.40     92.903     92.008    -0.4650    -0.4648     0.0002    -0.4678    -0.4676     0.0002   2.775793   2.775740  -0.000052    33.7604    33.7595     7.8251    27.1275    27.1267          9  0.000e+00
     129251 319.027887  -59.76932  -62.06544     -0.353    1474.40     92.903     92.008    -0.4648    -0.4652    -0.0004    -0.4677    -0.4681    -0.0004   2.775776   2.775740  -0.000036    33.7600    33.7600     7.8259    27.1271    27.1271          9  0.000e+00
     129252 319.027887  -59.76932  -62.06544     -0.351    1474.40     92.903     92.008    -0.4650    -0.4660    -0.0011    -0.4678    -0.4688    -0.0011   2.775759   2.775729  -0.000030    33.7599    33.7607     7.8268    27.1270    27.1277          9  0.000e+00
     129253 319.027888  -59.76932  -62.06544     -0.353    1474.40     92.847     91.952    -0.4648    -0.4663    -0.0015    -0.4676    -0.4691    -0.0015   2.775725   2.775678  -0.000048    33.7594    33.7604     7.8212    27.1266    27.1275          9  0.000e+00
     129254 319.027888  -59.76932  -62.06544     -0.355    1474.40     92.903     92.008    -0.4650    -0.4661    -0.0012    -0.4678    -0.4690    -0.0012   2.775759   2.775723  -0.000036    33.7599    33.7608     7.8211    27.1270    27.1278          9  0.000e+00
     129255 319.027889  -59.76932  -62.06544     -0.354    1474.40     92.847     91.952    -0.4647    -0.4664    -0.0017    -0.4675    -0.4692    -0.0017   2.775832   2.775763  -0.000069    33.7607    33.7616     7.8208    27.1276    27.1285          9  0.000e+00
     129256 319.027889  -59.76932  -62.06544     -0.356    1474.40     92.839     91.944    -0.4642    -0.4661    -0.0020    -0.4670    -0.4690    -0.0020   2.775871   2.775791  -0.000080    33.7606    33.7617     7.8207    27.1276    27.1286          9  0.000e+00
     129257 319.027890  -59.76932  -62.06544     -0.356    1474.40     92.790     91.897    -0.4642    -0.4657    -0.0014    -0.4671    -0.4685    -0.0014   2.775837   2.775837 -6.037e-07    33.7602    33.7618     7.8195    27.1273    27.1286          9  0.000e+00
     129258 319.027890  -59.76932  -62.06544     -0.354    1474.40     92.847     91.952    -0.4636    -0.4654    -0.0018    -0.4664    -0.4682    -0.0018   2.775882   2.775831  -0.000051    33.7601    33.7614     7.8184    27.1271    27.1283          9  0.000e+00
     129259 319.027891  -59.76932  -62.06544     -0.350    1474.40     92.847     91.952    -0.4634    -0.4655    -0.0021    -0.4662    -0.4683    -0.0021   2.775888   2.775825  -0.000062    33.7600    33.7615     7.8183    27.1270    27.1283          9  0.000e+00
     129260 319.027891  -59.76932  -62.06546     -0.349    1474.40     92.782     91.889    -0.4636    -0.4654    -0.0018    -0.4664    -0.4682    -0.0018   2.775899   2.775808  -0.000091    33.7603    33.7611     7.8172    27.1273    27.1281          9  0.000e+00
     129261 319.027892  -59.76932  -62.06546     -0.345    1474.40     92.790     91.897    -0.4640    -0.4655    -0.0015    -0.4668    -0.4683    -0.0015   2.775849   2.775803  -0.000046    33.7601    33.7612     7.8163    27.1272    27.1281          9  0.000e+00
     129262 319.027892  -59.76932  -62.06546     -0.347    1474.40     92.726     91.833    -0.4638    -0.4648    -0.0010    -0.4666    -0.4676    -0.0010   2.775905   2.775780  -0.000125    33.7607    33.7601     7.8151    27.1276    27.1272          9  0.000e+00
     129263 319.027893  -59.76932  -62.06546     -0.343    1474.40     92.790     91.897    -0.4638    -0.4646    -0.0008    -0.4666    -0.4674    -0.0008   2.775832   2.775871   0.000039    33.7596    33.7611     7.8142    27.1268    27.1280          9  0.000e+00
     129264 319.027893  -59.76932  -62.06546     -0.342    1474.40     92.782     91.889    -0.4647    -0.4638     0.0008    -0.4675    -0.4666     0.0008   2.775837   2.775865   0.000028    33.7607    33.7601     7.8133    27.1277    27.1272          9  0.000e+00
     129265 319.027894  -59.76932  -62.06546     -0.340    1474.40     92.726     91.833    -0.4650    -0.4640     0.0010    -0.4678    -0.4668     0.0010   2.775837   2.775871   0.000033    33.7611    33.7604     7.8187    27.1280    27.1274          9  0.000e+00
     129266 319.027894  -59.76932  -62.06546     -0.335    1474.40     92.726     91.833    -0.4650    -0.4637     0.0013    -0.4678    -0.4665     0.0013   2.775849   2.775916   0.000068    33.7612    33.7607     7.8122    27.1281    27.1277          9  0.000e+00
     129267 319.027894  -59.76932  -62.06546     -0.332    1474.40     92.726     91.833    -0.4650    -0.4625     0.0025    -0.4678    -0.4653     0.0025   2.775893   2.776070   0.000176    33.7619    33.7615     7.8122    27.1286    27.1282          9  0.000e+00
     129268 319.027895  -59.76932  -62.06546     -0.328    1474.40     92.726     91.833    -0.4648    -0.4601     0.0047    -0.4676    -0.4629     0.0047   2.775882   2.776252   0.000370    33.7615    33.7612     7.8122    27.1283    27.1279          9  0.000e+00
     129269 319.027895  -59.76932  -62.06546     -0.322    1474.40     92.718     91.825    -0.4644    -0.4589     0.0056    -0.4672    -0.4617     0.0056   2.775899   2.776240   0.000341    33.7613    33.7597     7.8122    27.1282    27.1266          9  0.000e+00
     129270 319.027896  -59.76932  -62.06546     -0.319    1474.40     92.726     91.833    -0.4639    -0.4593     0.0046    -0.4668    -0.4621     0.0046   2.775905   2.776184   0.000279    33.7609    33.7594     7.8187    27.1278    27.1264          9  0.000e+00
