Pos-Processados/process_op41/operantar41_005.ros
* Sea-Bird SBE 9 Data File:
* FileName = C:\Users\Dell\Desktop\Operantar XLI\Raw\OP41005.hdr
* Software Version Seasave V 7.26.7.110
* Temperature SN = 6497
* Conductivity SN = 4954
* Number of Bytes Per Scan = 31
* Number of Voltage Words = 2
* Number of Scans Averaged by the Deck Unit = 1
* NMEA Latitude = 38 39.38 S
* NMEA Longitude = 048 59.66 W
* NMEA UTC (Time) = Oct 18 2022 16:26:34
* NMEA baud rate = 4800
** H41
** Navio Polar Almirante Maximiano
** LH-021/2022
** Operantar XLI
** Número da Estação 005
** Latitude 38 39,4'S
** Longitude 048 59,6'W
** Data/Hora (Z) 18/10/2022 16:26Z
** Profundidade local 5340m
** 09-1439
** Nome do Operador CT Garla
# nquan = 24
# nvalues = 1750                                  
# units = specified
# name 0 = scan: Scan Count
# name 1 = timeJ: Julian Days
# name 2 = latitude: Latitude [deg]
# name 3 = longitude: Longitude [deg]
# name 4 = dz/dtM: Descent Rate [m/s]
# name 5 = avgsvCM: Average Sound Velocity [Chen-Millero, m/s]
# name 6 = prDM: Pressure, Digiquartz [db]
# name 7 = depSM: Depth [salt water, m]
# name 8 = t090C: Temperature [ITS-90, deg C]
# name 9 = t190C: Temperature, 2 [ITS-90, deg C]
# name 10 = T2-T190C: Temperature Difference, 2 - 1 [ITS-90, deg C]
# name 11 = potemp090C: Potential Temperature [ITS-90, deg C]
# name 12 = potemp190C: Potential Temperature, 2 [ITS-90, deg C]
# name 13 = potemp90Cdiff: Potential Temperature, Diff, 2 - 1 [ITS-90, deg C]
# name 14 = c0S/m: Conductivity [S/m]
# name 15 = c1S/m: Conductivity, 2 [S/m]
# name 16 = C2-C1S/m: Conductivity Difference, 2 - 1 [S/m]
# name 17 = sal00: Salinity, Practical [PSU]
# name 18 = sal11: Salinity, Practical, 2 [PSU]
# name 19 = sbeox0ML/L: Oxygen, SBE 43 [ml/l]
# name 20 = sigma-é00: Density [sigma-theta, kg/m^3]
# name 21 = sigma-é11: Density, 2 [sigma-theta, kg/m^3]
# name 22 = nbf: Bottles Fired
# name 23 = flag:  0.000e+00
# interval = seconds: 0.0416667
# start_time = Oct 18 2022 16:26:34 [NMEA time, header]
# bad_flag = -9.990e-29
*END*
[from data line 725]
     222122 291.792234  -38.65466  -49.02542     -0.239    1502.27   2539.353   2505.056     2.4158     2.4169     0.0010     2.2236     2.2246     0.0010   3.205048   3.205187   0.000139    34.7882    34.7888     4.4759    27.7839    27.7843         10  0.000e+00
     222123 291.792235  -38.65466  -49.02542     -0.233    1502.27   2539.412   2505.113     2.4155     2.4168     0.0012     2.2232     2.2245     0.0012   3.205007   3.205121   0.000114    34.7880    34.7881     4.4757    27.7838    27.7837         10  0.000e+00
     222124 291.792235  -38.65466  -49.02542     -0.227    1502.27   2539.412   2505.113     2.4151     2.4166     0.0015     2.2228     2.2243     0.0015   3.205007   3.205121   0.000114    34.7885    34.7883     4.4754    27.7841    27.7839         10  0.000e+00
     222125 291.792236  -38.65466  -49.02542     -0.216    1502.27   2539.412   2505.113     2.4154     2.4166     0.0012     2.2231     2.2243     0.0012   3.204989   3.205043   0.000054    34.7879    34.7873     4.4751    27.7837    27.7831         10  0.000e+00
     222126 291.792236  -38.65466  -49.02542     -0.212    1502.27   2539.345   2505.048     2.4153     2.4166     0.0013     2.2230     2.2243     0.0013   3.204953   3.205031   0.000078    34.7877    34.7872     4.4747    27.7835    27.7830         10  0.000e+00
     222127 291.792237  -38.65466  -49.02542     -0.202    1502.27   2539.420   2505.122     2.4152     2.4166     0.0014     2.2230     2.2243     0.0013   3.204971   3.205085   0.000114    34.7879    34.7878     4.4745    27.7837    27.7835         10  0.000e+00
     222128 291.792237  -38.65466  -49.02542     -0.195    1502.27   2539.412   2505.114     2.4151     2.4164     0.0013     2.2228     2.2241     0.0013   3.204983   3.205121   0.000138    34.7882    34.7884     4.4742    27.7839    27.7840         10  0.000e+00
     222129 291.792238  -38.65466  -49.02542     -0.184    1502.27   2539.412   2505.114     2.4154     2.4166     0.0012     2.2231     2.2243     0.0012   3.204953   3.205169   0.000216    34.7875    34.7889     4.4738    27.7834    27.7843         10  0.000e+00
     222130 291.792238  -38.65466  -49.02542     -0.177    1502.27   2539.412   2505.114     2.4152     2.4164     0.0012     2.2230     2.2241     0.0012   3.204971   3.205139   0.000168    34.7879    34.7887     4.4735    27.7837    27.7842         10  0.000e+00
     222131 291.792239  -38.65466  -49.02542     -0.168    1502.27   2539.412   2505.114     2.4151     2.4168     0.0016     2.2228     2.2245     0.0016   3.205001   3.205127   0.000126    34.7884    34.7882     4.4732    27.7841    27.7838         10  0.000e+00
     222132 291.792239  -38.65466  -49.02542     -0.158    1502.27   2539.420   2505.122     2.4154     2.4166     0.0012     2.2231     2.2243     0.0012   3.205001   3.205085   0.000084    34.7881    34.7878     4.4729    27.7838    27.7835         10  0.000e+00
     222133 291.792240  -38.65466  -49.02542     -0.143    1502.27   2539.479   2505.179     2.4156     2.4166     0.0010     2.2233     2.2243     0.0010   3.205054   3.205049  -0.000005    34.7885    34.7874     4.4726    27.7842    27.7832         10  0.000e+00
     222134 291.792240  -38.65466  -49.02542     -0.133    1502.27   2539.412   2505.114     2.4157     2.4163     0.0006     2.2234     2.2240     0.0006   3.205060   3.205085   0.000025    34.7885    34.7882     4.4722    27.7841    27.7838         10  0.000e+00
     222135 291.792241  -38.65466  -49.02542     -0.121    1502.27   2539.479   2505.179     2.4157     2.4163     0.0005     2.2234     2.2240     0.0005   3.205001   3.205121   0.000120    34.7877    34.7886     4.4719    27.7835    27.7842         10  0.000e+00
     222136 291.792241  -38.65466  -49.02542     -0.108    1502.27   2539.479   2505.179     2.4157     2.4164     0.0008     2.2234     2.2241     0.0007   3.205048   3.205109   0.000061    34.7883    34.7883     4.4716    27.7840    27.7839         10  0.000e+00
     222137 291.792242  -38.65466  -49.02542     -0.102    1502.27   2539.420   2505.122     2.4157     2.4164     0.0008     2.2234     2.2241     0.0007   3.205036   3.205187   0.000151    34.7882    34.7892     4.4713    27.7839    27.7847         10  0.000e+00
     222138 291.792242  -38.65466  -49.02542     -0.086    1502.27   2539.538   2505.237     2.4157     2.4164     0.0007     2.2234     2.2241     0.0007   3.205060   3.205085   0.000025    34.7884    34.7879     4.4710    27.7840    27.7836         10  0.000e+00
     222139 291.792242  -38.65466  -49.02542     -0.072    1502.27   2539.479   2505.180     2.4157     2.4168     0.0011     2.2234     2.2244     0.0011   3.205089   3.205109   0.000020    34.7888    34.7879     4.4707    27.7844    27.7836         10  0.000e+00
     222140 291.792243  -38.65466  -49.02542     -0.062    1502.27   2539.479   2505.180     2.4156     2.4168     0.0012     2.2233     2.2244     0.0012   3.205042   3.205085   0.000043    34.7884    34.7876     4.4704    27.7840    27.7834         10  0.000e+00
     222141 291.792243  -38.65466  -49.02542     -0.048    1502.27   2539.538   2505.237     2.4158     2.4169     0.0011     2.2235     2.2246     0.0011   3.205013   3.205115   0.000102    34.7877    34.7878     4.4701    27.7835    27.7835         10  0.000e+00
     222142 291.792244  -38.65466  -49.02542     -0.033    1502.27   2539.546   2505.245     2.4156     2.4169     0.0013     2.2233     2.2245     0.0013   3.205095   3.205133   0.000038    34.7890    34.7881     4.4698    27.7845    27.7837         10  0.000e+00
     222143 291.792244  -38.65466  -49.02542     -0.019    1502.27   2539.538   2505.237     2.4157     2.4170     0.0014     2.2234     2.2247     0.0013   3.205030   3.205193   0.000163    34.7881    34.7886     4.4695    27.7838    27.7841         10  0.000e+00
     222144 291.792245  -38.65466  -49.02542     -0.009    1502.27   2539.538   2505.237     2.4157     2.4166     0.0009     2.2234     2.2243     0.0009   3.205054   3.205151   0.000097    34.7884    34.7886     4.4691    27.7840    27.7841         10  0.000e+00
     222145 291.792245  -38.65466  -49.02542      0.001    1502.27   2539.538   2505.237     2.4156     2.4169     0.0013     2.2233     2.2245     0.0013   3.205072   3.205151   0.000079    34.7887    34.7883     4.4688    27.7843    27.7839         10  0.000e+00
     222146 291.792246  -38.65466  -49.02542      0.020    1502.27   2539.605   2505.303     2.4157     2.4164     0.0008     2.2234     2.2241     0.0007   3.205036   3.205091   0.000055    34.7881    34.7880     4.4774    27.7838    27.7837         10  0.000e+00
     222147 291.792246  -38.65466  -49.02542      0.035    1502.27   2539.613   2505.311     2.4156     2.4164     0.0009     2.2233     2.2241     0.0009   3.205060   3.205073   0.000013    34.7885    34.7878     4.4700    27.7842    27.7835         10  0.000e+00
     222148 291.792247  -38.65466  -49.02542      0.045    1502.27   2539.605   2505.303     2.4157     2.4163     0.0006     2.2234     2.2240     0.0006   3.205107   3.205073  -0.000034    34.7890    34.7879     4.4696    27.7845    27.7836         10  0.000e+00
     222149 291.792247  -38.65466  -49.02542      0.059    1502.27   2539.605   2505.303     2.4156     2.4163     0.0007     2.2233     2.2240     0.0007   3.205013   3.205073   0.000060    34.7880    34.7879     4.4693    27.7837    27.7836         10  0.000e+00
     222150 291.792248  -38.65466  -49.02542      0.076    1502.27   2539.672   2505.369     2.4157     2.4161     0.0004     2.2234     2.2238     0.0004   3.205048   3.205115   0.000067    34.7882    34.7886     4.4777    27.7839    27.7842         10  0.000e+00
     222151 291.792248  -38.65466  -49.02542      0.090    1502.27   2539.672   2505.369     2.4158     2.4159     0.0001     2.2235     2.2236     0.0001   3.205072   3.205169   0.000097    34.7883    34.7894     4.4703    27.7840    27.7849         10  0.000e+00
     222152 291.792249  -38.65466  -49.02542      0.103    1502.27   2539.672   2505.369     2.4157     2.4161     0.0004     2.2234     2.2238     0.0004   3.205036   3.205139   0.000103    34.7880    34.7889     4.4698    27.7838    27.7844         10  0.000e+00
     222153 291.792249  -38.65466  -49.02542      0.115    1502.27   2539.672   2505.369     2.4155     2.4161     0.0006     2.2232     2.2238     0.0006   3.205060   3.205109   0.000049    34.7886    34.7885     4.4694    27.7842    27.7841         10  0.000e+00
     222154 291.792250  -38.65466  -49.02542      0.131    1502.27   2539.731   2505.427     2.4157     2.4161     0.0004     2.2234     2.2238     0.0004   3.205025   3.205121   0.000097    34.7879    34.7886     4.4689    27.7836    27.7842         10  0.000e+00
     222155 291.792250  -38.65466  -49.02542      0.138    1502.27   2539.672   2505.369     2.4155     2.4163     0.0008     2.2232     2.2240     0.0007   3.205025   3.205061   0.000037    34.7881    34.7878     4.4773    27.7839    27.7835         10  0.000e+00
     222156 291.792251  -38.65466  -49.02542      0.153    1502.27   2539.731   2505.427     2.4154     2.4163     0.0009     2.2231     2.2239     0.0009   3.205078   3.205019  -0.000059    34.7889    34.7872     4.4698    27.7845    27.7831         10  0.000e+00
     222157 291.792251  -38.65466  -49.02542      0.167    1502.27   2539.807   2505.501     2.4157     2.4163     0.0006     2.2234     2.2239     0.0006   3.205078   3.205079   0.000001    34.7885    34.7879     4.4781    27.7842    27.7836         10  0.000e+00
     222158 291.792252  -38.65466  -49.02542      0.184    1502.27   2539.798   2505.492     2.4157     2.4163     0.0006     2.2234     2.2239     0.0006   3.205019   3.205121   0.000102    34.7878    34.7884     4.4794    27.7836    27.7840         10  0.000e+00
     222159 291.792252  -38.65466  -49.02542      0.196    1502.27   2539.798   2505.492     2.4157     2.4164     0.0007     2.2234     2.2241     0.0007   3.205072   3.205169   0.000097    34.7884    34.7888     4.4805    27.7841    27.7844         10  0.000e+00
     222160 291.792253  -38.65466  -49.02542      0.206    1502.27   2539.798   2505.492     2.4157     2.4163     0.0006     2.2234     2.2239     0.0006   3.205066   3.205163   0.000097    34.7884    34.7889     4.4816    27.7841    27.7844         10  0.000e+00
     222161 291.792253  -38.65466  -49.02542      0.217    1502.27   2539.807   2505.501     2.4156     2.4161     0.0005     2.2232     2.2238     0.0005   3.205066   3.205115   0.000049    34.7885    34.7885     4.4738    27.7842    27.7841         10  0.000e+00
     222162 291.792254  -38.65466  -49.02542      0.230    1502.27   2539.865   2505.558     2.4158     2.4163     0.0004     2.2235     2.2239     0.0004   3.205090   3.205031  -0.000058    34.7885    34.7873     4.4729    27.7841    27.7831         10  0.000e+00
     222163 291.792254  -38.65466  -49.02542      0.246    1502.27   2539.924   2505.616     2.4156     2.4161     0.0005     2.2232     2.2238     0.0005   3.205042   3.205055   0.000013    34.7882    34.7878     4.4810    27.7839    27.7835         10  0.000e+00
     222164 291.792255  -38.65466  -49.02542      0.256    1502.27   2539.865   2505.558     2.4158     2.4163     0.0004     2.2235     2.2239     0.0004   3.205036   3.205073   0.000037    34.7878    34.7878     4.4838    27.7836    27.7836         10  0.000e+00
     222165 291.792255  -38.65466  -49.02542      0.269    1502.27   2539.924   2505.616     2.4156     2.4164     0.0009     2.2232     2.2241     0.0009   3.205060   3.205115   0.000055    34.7884    34.7881     4.4760    27.7841    27.7838         10  0.000e+00
     222166 291.792255  -38.65466  -49.02542      0.278    1502.27   2539.865   2505.558     2.4155     2.4163     0.0008     2.2232     2.2239     0.0007   3.205060   3.205133   0.000073    34.7885    34.7886     4.4770    27.7841    27.7841         10  0.000e+00
     222167 291.792256  -38.65466  -49.02542      0.292    1502.27   2539.991   2505.682     2.4157     2.4163     0.0006     2.2233     2.2239     0.0006   3.205066   3.205169   0.000103    34.7883    34.7889     4.4781    27.7840    27.7844         10  0.000e+00
     222168 291.792256  -38.65466  -49.02542      0.297    1502.27   2539.924   2505.616     2.4157     2.4163     0.0005     2.2234     2.2239     0.0005   3.205090   3.205163   0.000074    34.7886    34.7889     4.4773    27.7842    27.7844         10  0.000e+00
     222169 291.792257  -38.65466  -49.02542      0.309    1502.27   2539.991   2505.682     2.4157     2.4163     0.0006     2.2233     2.2239     0.0006   3.205042   3.205067   0.000025    34.7880    34.7877     4.4785    27.7838    27.7834         10  0.000e+00
     222170 291.792257  -38.65466  -49.02542      0.319    1502.27   2539.991   2505.682     2.4157     2.4159     0.0002     2.2234     2.2236     0.0002   3.205060   3.205061   0.000001    34.7882    34.7880     4.4778    27.7839    27.7837         10  0.000e+00
     222171 291.792258  -38.65466  -49.02542      0.325    1502.27   2540.000   2505.690     2.4157     2.4159     0.0003     2.2233     2.2236     0.0003   3.205090   3.205025  -0.000064    34.7886    34.7875     4.4771    27.7842    27.7833         10  0.000e+00
     222172 291.792258  -38.65466  -49.02542      0.332    1502.27   2539.991   2505.682     2.4157     2.4157    -0.0001     2.2234     2.2233    -0.0001   3.205042   3.205031  -0.000011    34.7880    34.7879     4.4764    27.7837    27.7837         10  0.000e+00
     222173 291.792259  -38.65466  -49.02542      0.341    1502.27   2540.050   2505.740     2.4155     2.4156     0.0001     2.2232     2.2233     0.0001   3.205060   3.205085   0.000025    34.7884    34.7886     4.4757    27.7841    27.7842         10  0.000e+00
     222174 291.792259  -38.65466  -49.02542      0.349    1502.27   2540.050   2505.740     2.4158     2.4158    -0.0001     2.2235     2.2234    -0.0001   3.205090   3.205139   0.000050    34.7884    34.7891     4.4750    27.7840    27.7846         10  0.000e+00
     222175 291.792260  -38.65466  -49.02542      0.355    1502.27   2540.117   2505.805     2.4156     2.4157     0.0001     2.2232     2.2233     0.0001   3.205042   3.205115   0.000073    34.7881    34.7888     4.4744    27.7838    27.7844         10  0.000e+00
     222176 291.792260  -38.65466  -49.02542      0.360    1502.27   2540.059   2505.748     2.4157     2.4154    -0.0002     2.2233     2.2231    -0.0002   3.205078   3.205079   0.000001    34.7884    34.7887     4.4736    27.7841    27.7843         10  0.000e+00
     222177 291.792261  -38.65466  -49.02542      0.363    1502.27   2540.050   2505.740     2.4156     2.4153    -0.0003     2.2232     2.2230    -0.0003   3.205096   3.205049  -0.000046    34.7888    34.7885     4.4729    27.7844    27.7842         10  0.000e+00
     222178 291.792261  -38.65466  -49.02542      0.368    1502.27   2540.117   2505.805     2.4158     2.4153    -0.0005     2.2235     2.2230    -0.0005   3.205066   3.205019  -0.000047    34.7881    34.7880     4.4722    27.7838    27.7838         10  0.000e+00
     222179 291.792262  -38.65466  -49.02542      0.371    1502.27   2540.117   2505.805     2.4156     2.4153    -0.0003     2.2232     2.2229    -0.0003   3.205084   3.205031  -0.000053    34.7886    34.7882     4.4715    27.7842    27.7840         10  0.000e+00
     222180 291.792262  -38.65466  -49.02542      0.373    1502.27   2540.126   2505.814     2.4158     2.4154    -0.0004     2.2235     2.2231    -0.0004   3.205096   3.205061  -0.000034    34.7884    34.7884     4.4708    27.7841    27.7841         10  0.000e+00
