Pos-Processados/process_op41/operantar41_006.cnv
* Sea-Bird SBE 9 Data File:
* FileName = C:\Users\Dell\Desktop\OperantarXLI\config\00_BRUTOS\OP41006.hdr
* Software Version Seasave V 7.26.7.110
* Temperature SN = 6497
* Conductivity SN = 4954
* Number of Bytes Per Scan = 31
* Number of Voltage Words = 2
* Number of Scans Averaged by the Deck Unit = 1
* NMEA Latitude = 42 12.54 S
* NMEA Longitude = 053 27.22 W
* NMEA UTC (Time) = Oct 22 2022 00:21:34
* NMEA baud rate = 4800
** H41
** Navio Polar Almirante Maximiano
** LH-021/2022
** Operantar XLI
** Número da Estação 006
** Latitude 42 12.640'S
** Longitude 053 27.212W
** Data/Hora (Z) 22/10/2022 00:19
** Profundidade local 5571 m
** 09-1439
** Nome do Operador CT Garla
# nquan = 30
# nvalues = 2034                        
# units = specified
# name 0 = scan: Scan Count
# name 1 = timeJ: Julian Days
# name 2 = latitude: Latitude [deg]
# name 3 = longitude: Longitude [deg]
# name 4 = dz/dtM: Descent Rate [m/s]
# name 5 = avgsvCM: Average Sound Velocity [Chen-Millero, m/s]
# name 6 = prDM: Pressure, Digiquartz [db]
# name 7 = depSM: Depth [salt water, m]
# name 8 = t090C: Temperature [ITS-90, deg C]
# name 9 = t190C: Temperature, 2 [ITS-90, deg C]
# name 10 = T2-T190C: Temperature Difference, 2 - 1 [ITS-90, deg C]
# name 11 = potemp090C: Potential Temperature [ITS-90, deg C]
# name 12 = potemp190C: Potential Temperature, 2 [ITS-90, deg C]
# name 13 = potemp90Cdiff: Potential Temperature, Diff, 2 - 1 [ITS-90, deg C]
# name 14 = c0S/m: Conductivity [S/m]
# name 15 = c1S/m: Conductivity, 2 [S/m]
# name 16 = C2-C1S/m: Conductivity Difference, 2 - 1 [S/m]
# name 17 = sal00: Salinity, Practical [PSU]
# name 18 = sal11: Salinity, Practical, 2 [PSU]
# name 19 = sbeox0ML/L: Oxygen, SBE 43 [ml/l]
# name 20 = sigma-é00: Density [sigma-theta, kg/m^3]
# name 21 = sigma-é11: Density, 2 [sigma-theta, kg/m^3]
# name 22 = sal00: Salinity, Practical [PSU]
# name 23 = sigma-é00: Density [sigma-theta, kg/m^3]
# name 24 = svCM: Sound Velocity [Chen-Millero, m/s]
# name 25 = svCM1: Sound Velocity, 2 [Chen-Millero, m/s]
# name 26 = gsw_ptA0: potential temperature [ITS-90, deg C]
# name 27 = gsw_densityA0: density, TEOS-10 [density, kg/m^3]
# name 28 = gsw_saA0: Absolute Salinity [g/kg]
# name 29 = flag:
# span 0 =       9360,      70680       
# span 1 = 295.019490, 295.049062       
# span 2 =  -42.20603,  -42.18751       
# span 3 =  -53.45734,  -53.45446       
# span 4 =     -2.159,      1.606       
# span 5 =      -0.01,    1498.23       
# span 6 =      2.000,   1021.000       
# span 7 =      2.014,   1010.465       
# span 8 =     3.0839,    12.3926       
# span 9 =     3.0834,    12.3932       
# span 10 =    -0.2245,     0.2769      
# span 11 =     3.0140,    12.3919      
# span 12 =     3.0135,    12.3926      
# span 13 =    -0.2244,     0.2768      
# span 14 =   3.158297,   4.044301      
# span 15 =   3.158374,   4.044363      
# span 16 =  -0.022496,   0.034770      
# span 17 =    34.1142,    35.0691      
# span 18 =    34.1148,    35.0684      
# span 19 =     4.3442,     6.4900      
# span 20 =    26.3784,    27.3779      
# span 21 =    26.3791,    27.3782      
# span 22 =    34.1141,    35.0789      
# span 23 =    26.3785,    27.3779      
# span 24 =    1473.85,    1499.07      
# span 25 =    1473.85,    1499.07      
# span 26 =     3.0139,    12.3919      
# span 27 =  1026.3977,  1032.1067      
# span 28 =    34.2757,    35.2446      
# span 29 = 0.0000e+00, 0.0000e+00      
# interval = decibars: 1                
# start_time = Oct 22 2022 00:21:34 [NMEA time, header]
# bad_flag = -9.990e-29
*END*
[from data line 1886]
      63542 295.045620  -42.18956  -53.45730     -0.668    1478.74    154.000    152.725     7.6869     7.6594    -0.0275     7.6719     7.6444    -0.0275   3.546093   3.542690  -0.003225    34.4364    34.4287     5.2449    26.8794    26.8774    34.4271    26.8722    1483.11    1482.99     7.6719  1027.5756    34.5900 0.0000e+00
      63630 295.045662  -42.18954  -53.45730     -0.474    1478.74    153.000    151.741     7.5888     7.5800    -0.0089     7.5740     7.5652    -0.0089   3.535237   3.534472  -0.000871    34.4105    34.4098     5.6398    26.8734    26.8741    34.4073    26.8708    1482.69    1482.66     7.5740  1027.5700    34.5701 0.0000e+00
      63648 295.045671  -42.18954  -53.45730     -0.899    1478.74    152.000    150.750     7.5799     7.5846     0.0047     7.5652     7.5699     0.0047   3.534130   3.534616   0.000541    34.4079    34.4091     5.6381    26.8726    26.8728    34.4047    26.8700    1482.64    1482.66     7.5651  1027.5647    34.5674 0.0000e+00
      63664 295.045678  -42.18954  -53.45731     -1.213    1478.74    151.000    149.759     7.5886     7.5792    -0.0095     7.5740     7.5646    -0.0094   3.535206   3.534089  -0.000859    34.4071    34.4071     5.6236    26.8707    26.8721    34.4081    26.8715    1482.66    1482.62     7.5740  1027.5615    34.5709 0.0000e+00
      63678 295.045685  -42.18954  -53.45732     -1.462    1478.74    150.000    148.767     7.6183     7.5932    -0.0251     7.6038     7.5787    -0.0251   3.538269   3.535864  -0.002341    34.4093    34.4088     5.6008    26.8681    26.8713    34.4124    26.8705    1482.76    1482.66     7.6037  1027.5559    34.5752 0.0000e+00
      63692 295.045692  -42.18954  -53.45732     -1.625    1478.74    149.000    147.775     7.6668     7.6270    -0.0398     7.6523     7.6125    -0.0397   3.543475   3.539305  -0.003713    34.4135    34.4126     5.5832    26.8643    26.8694    34.4212    26.8704    1482.94    1482.78     7.6522  1027.5511    34.5840 0.0000e+00
      63707 295.045699  -42.18954  -53.45732     -1.675    1478.74    148.000    146.784     7.7408     7.6633    -0.0774     7.7262     7.6489    -0.0773   3.551940   3.543418  -0.007515    34.4231    34.4185     5.5855    26.8611    26.8688    34.4400    26.8744    1483.23    1482.92     7.7262  1027.5503    34.6029 0.0000e+00
      63725 295.045708  -42.18952  -53.45730     -1.547    1478.74    147.000    145.793     7.8651     7.7417    -0.1234     7.8505     7.7273    -0.1232   3.564371   3.552651  -0.011862    34.4375    34.4314     5.6066    26.8542    26.8676    34.4516    26.8653    1483.70    1483.22     7.8505  1027.5363    34.6146 0.0000e+00
      63752 295.045721  -42.18952  -53.45730     -1.119    1478.74    146.000    144.803     7.8915     7.8659    -0.0256     7.8770     7.8514    -0.0256   3.566358   3.564177  -0.002600    34.4420    34.4393     5.6665    26.8538    26.8555    34.4474    26.8581    1483.78    1483.68     7.8770  1027.5245    34.6104 0.0000e+00
      63800 295.045744  -42.18949  -53.45729     -0.527    1478.74    145.000    143.810     7.9219     7.9209    -0.0010     7.9074     7.9064    -0.0010   3.569423   3.569192  -0.000258    34.4454    34.4436     5.6819    26.8520    26.8508    34.4510    26.8564    1483.88    1483.87     7.9074  1027.5181    34.6139 0.0000e+00
      63862 295.045774  -42.18948  -53.45728     -0.367    1478.74    144.000    142.818     7.9242     7.9412     0.0170     7.9099     7.9268     0.0169   3.569044   3.570739   0.001550    34.4412    34.4411     5.6851    26.8484    26.8458    34.4451    26.8514    1483.87    1483.93     7.9099  1027.5086    34.6080 0.0000e+00
      63901 295.045793  -42.18948  -53.45728     -0.570    1478.74    143.000    141.827     7.9578     7.9508    -0.0071     7.9436     7.9365    -0.0070   3.572542   3.571960  -0.000364    34.4416    34.4446     5.7083    26.8437    26.8471    34.4500    26.8502    1483.98    1483.96     7.9435  1027.5028    34.6129 0.0000e+00
      63923 295.045803  -42.18948  -53.45728     -0.880    1478.74    142.000    140.835     8.0270     8.0075    -0.0195     8.0127     7.9933    -0.0195   3.580229   3.578368  -0.001719    34.4519    34.4526     5.7252    26.8414    26.8449    34.4648    26.8516    1484.25    1484.17     8.0127  1027.4994    34.6278 0.0000e+00
      63941 295.045812  -42.18948  -53.45728     -1.159    1478.74    141.000    139.844     8.0937     8.0633    -0.0305     8.0795     8.0491    -0.0304   3.586740   3.584212  -0.002646    34.4592    34.4608     5.7351    26.8372    26.8431    34.4693    26.8451    1484.49    1484.38     8.0795  1027.4882    34.6323 0.0000e+00
      63957 295.045820  -42.18947  -53.45728     -1.357    1478.74    140.000    138.852     8.1446     8.1092    -0.0355     8.1304     8.0950    -0.0354   3.593181   3.589266  -0.003500    34.4700    34.4674     5.7422    26.8380    26.8414    34.4886    26.8526    1484.69    1484.55     8.1304  1027.4909    34.6516 0.0000e+00
      63975 295.045828  -42.18946  -53.45728     -1.414    1478.74    139.000    137.861     8.2013     8.1802    -0.0211     8.1872     8.1661    -0.0211   3.598362   3.596611  -0.001832    34.4775    34.4787     5.7354    26.8353    26.8395    34.4886    26.8441    1484.88    1484.81     8.1872  1027.4777    34.6517 0.0000e+00
      64000 295.045840  -42.18945  -53.45727     -1.183    1478.74    138.000    136.871     8.2490     8.2128    -0.0362     8.2349     8.1988    -0.0361   3.603385   3.599852  -0.003703    34.4858    34.4818     5.7162    26.8346    26.8370    34.4959    26.8425    1485.06    1484.92     8.2349  1027.4715    34.6590 0.0000e+00
      64062 295.045871  -42.18943  -53.45725     -0.295    1478.74    137.000    135.875     8.4655     8.4727     0.0072     8.4513     8.4584     0.0072   3.626976   3.627609   0.000728    34.5157    34.5164     5.6564    26.8250    26.8245    34.5348    26.8400    1485.90    1485.92     8.4512  1027.4638    34.6982 0.0000e+00
      64104 295.045891  -42.18942  -53.45724     -0.557    1478.74    136.000    134.887     8.5960     8.5479    -0.0481     8.5818     8.5337    -0.0481   3.640560   3.636278  -0.004380    34.5293    34.5301     5.6279    26.8155    26.8235    34.5514    26.8328    1486.39    1486.21     8.5817  1027.4517    34.7148 0.0000e+00
      64121 295.045899  -42.18942  -53.45725     -0.987    1478.74    135.000    133.895     8.6683     8.6467    -0.0216     8.6541     8.6325    -0.0215   3.648298   3.646775  -0.001607    34.5395    34.5436     5.5947    26.8122    26.8188    34.5629    26.8306    1486.65    1486.58     8.6541  1027.4447    34.7264 0.0000e+00
      64135 295.045906  -42.18942  -53.45726     -1.345    1478.74    134.000    132.903     8.7191     8.7141    -0.0049     8.7049     8.7000    -0.0049   3.653111   3.653118  -0.000302    34.5489    34.5505     5.5907    26.8116    26.8137    34.5645    26.8238    1486.83    1486.82     8.7049  1027.4333    34.7279 0.0000e+00
      64148 295.045912  -42.18942  -53.45726     -1.602    1478.74    133.000    131.912     8.7410     8.7443     0.0033     8.7269     8.7302     0.0033   3.655483   3.655947   0.000544    34.5528    34.5553     5.6060    26.8112    26.8127    34.5686    26.8236    1486.90    1486.91     8.7269  1027.4285    34.7320 0.0000e+00
      64163 295.045919  -42.18942  -53.45726     -1.735    1478.74    132.000    130.920     8.7511     8.7512     0.0001     8.7371     8.7372     0.0001   3.656554   3.656719   0.000168    34.5564    34.5581     5.6135    26.8124    26.8138    34.5704    26.8235    1486.92    1486.92     8.7371  1027.4238    34.7339 0.0000e+00
      64183 295.045929  -42.18940  -53.45724     -1.548    1478.74    131.000    129.939     8.7553     8.7621     0.0068     8.7415     8.7483     0.0068   3.656729   3.657735   0.000839    34.5585    34.5607     5.6008    26.8134    26.8140    34.5686    26.8214    1486.92    1486.95     8.7414  1027.4172    34.7321 0.0000e+00
      64270 295.045971  -42.18938  -53.45722     -0.280    1478.74    130.000    128.913     8.9165     8.8752    -0.0413     8.9026     8.8613    -0.0413   3.675536   3.671471  -0.003843    34.5857    34.5857     5.5844    26.8092    26.8157    34.6095    26.8279    1487.55    1487.39     8.9026  1027.4187    34.7732 0.0000e+00
      64301 295.045986  -42.18938  -53.45722     -0.775    1478.74    129.000    127.947     9.0834     9.0717    -0.0117     9.0694     9.0577    -0.0117   3.693131   3.691591  -0.001431    34.6100    34.6065     5.5600    26.8016    26.8007    34.6317    26.8186    1488.17    1488.13     9.0694  1027.4045    34.7955 0.0000e+00
      64319 295.045994  -42.18938  -53.45722     -1.109    1478.74    128.000    126.954     9.1228     9.1308     0.0080     9.1089     9.1169     0.0080   3.697094   3.698105   0.000901    34.6184    34.6200     5.5581    26.8018    26.8018    34.6352    26.8150    1488.31    1488.34     9.1089  1027.3962    34.7990 0.0000e+00
      64337 295.046003  -42.18937  -53.45722     -1.292    1478.74    127.000    125.963     9.1547     9.1577     0.0029     9.1409     9.1438     0.0029   3.700344   3.700805   0.000447    34.6243    34.6261     5.5902    26.8012    26.8022    34.6386    26.8125    1488.41    1488.43     9.1409  1027.3892    34.8024 0.0000e+00
      64356 295.046012  -42.18936  -53.45722     -1.311    1478.74    126.000    124.971     9.1668     9.1681     0.0013     9.1531     9.1544     0.0013   3.701418   3.701731   0.000295    34.6266    34.6284     5.6344    26.8011    26.8023    34.6385    26.8104    1488.44    1488.45     9.1531  1027.3826    34.8023 0.0000e+00
      64376 295.046022  -42.18936  -53.45722     -1.227    1478.74    125.000    123.980     9.1747     9.1715    -0.0032     9.1611     9.1579    -0.0032   3.702318   3.702064  -0.000235    34.6295    34.6302     5.6712    26.8021    26.8031    34.6407    26.8108    1488.46    1488.45     9.1611  1027.3784    34.8045 0.0000e+00
      64400 295.046034  -42.18936  -53.45722     -1.091    1478.74    124.000    122.988     9.1760     9.1769     0.0009     9.1625     9.1634     0.0009   3.702297   3.702520   0.000192    34.6308    34.6319     5.6867    26.8029    26.8036    34.6397    26.8098    1488.44    1488.45     9.1625  1027.3729    34.8035 0.0000e+00
      64438 295.046052  -42.18934  -53.45721     -0.731    1478.74    123.000    121.997     9.1695     9.1723     0.0028     9.1560     9.1589     0.0028   3.701089   3.701644   0.000529    34.6273    34.6300     5.6791    26.8011    26.8029    34.6339    26.8064    1488.39    1488.41     9.1560  1027.3650    34.7977 0.0000e+00
      64486 295.046075  -42.18933  -53.45719     -0.435    1478.74    122.000    121.005     9.1716     9.1721     0.0004     9.1583     9.1588     0.0004   3.700781   3.700982   0.000176    34.6236    34.6250     5.6780    26.7979    26.7989    34.6291    26.8022    1488.38    1488.38     9.1583  1027.3562    34.7928 0.0000e+00
      64510 295.046087  -42.18932  -53.45718     -0.770    1478.74    121.000    120.014     9.1848     9.1857     0.0009     9.1716     9.1725     0.0009   3.702064   3.702268   0.000234    34.6239    34.6255     5.6870    26.7960    26.7971    34.6301    26.8009    1488.41    1488.42     9.1716  1027.3504    34.7938 0.0000e+00
      64530 295.046096  -42.18931  -53.45718     -1.063    1478.74    120.000    119.022     9.1933     9.1943     0.0010     9.1802     9.1812     0.0010   3.702808   3.702979   0.000153    34.6253    34.6259     5.6848    26.7957    26.7960    34.6301    26.7994    1488.43    1488.43     9.1802  1027.3444    34.7938 0.0000e+00
      64549 295.046105  -42.18930  -53.45718     -1.225    1478.74    119.000    118.030     9.1817     9.1790    -0.0027     9.1687     9.1660    -0.0027   3.700772   3.700370  -0.000428    34.6210    34.6192     5.6773    26.7942    26.7932    34.6206    26.7939    1488.36    1488.35     9.1687  1027.3344    34.7843 0.0000e+00
      64572 295.046116  -42.18930  -53.45718     -1.174    1478.74    118.000    117.039     9.1409     9.1421     0.0012     9.1280     9.1292     0.0012   3.695932   3.696126   0.000154    34.6105    34.6109     5.6779    26.7925    26.7927    34.6102    26.7923    1488.18    1488.18     9.1280  1027.3284    34.7739 0.0000e+00
      64607 295.046133  -42.18930  -53.45718     -0.769    1478.74    117.000    116.047     9.1167     9.1250     0.0084     9.1040     9.1123     0.0084   3.692837   3.693955   0.001058    34.6020    34.6049     5.6737    26.7898    26.7907    34.6019    26.7897    1488.06    1488.10     9.1039  1027.3214    34.7655 0.0000e+00
      64643 295.046151  -42.18930  -53.45718     -0.631    1478.74    116.000    115.056     9.1095     9.1112     0.0017     9.0970     9.0986     0.0017   3.691775   3.692046   0.000362    34.5974    34.5995     5.6573    26.7872    26.7887    34.5983    26.7880    1488.02    1488.02     9.0969  1027.3151    34.7618 0.0000e+00
      64672 295.046165  -42.18929  -53.45717     -0.793    1478.74    115.000    114.064     9.1093     9.1084    -0.0009     9.0968     9.0960    -0.0009   3.691480   3.691379  -0.000051    34.5957    34.5960     5.6524    26.7859    26.7864    34.5959    26.7861    1488.00    1487.99     9.0968  1027.3087    34.7594 0.0000e+00
      64703 295.046180  -42.18928  -53.45716     -0.786    1478.74    114.000    113.072     9.0874     9.0812    -0.0062     9.0751     9.0689    -0.0062   3.688356   3.687635  -0.000903    34.5888    34.5853     5.6655    26.7841    26.7824    34.5850    26.7811    1487.89    1487.86     9.0751  1027.2992    34.7484 0.0000e+00
      64734 295.046194  -42.18926  -53.45716     -0.761    1478.74    113.000    112.081     9.0429     9.0576     0.0147     9.0308     9.0454     0.0147   3.682967   3.684424   0.001566    34.5749    34.5770     5.6785    26.7803    26.7796    34.5723    26.7783    1487.69    1487.75     9.0307  1027.2921    34.7358 0.0000e+00
      64758 295.046206  -42.18926  -53.45716     -0.895    1478.74    112.000    111.090     9.0558     9.0659     0.0101     9.0437     9.0538     0.0101   3.684519   3.685782   0.001212    34.5738    34.5768     5.6718    26.7774    26.7781    34.5765    26.7795    1487.73    1487.77     9.0437  1027.2887    34.7400 0.0000e+00
      64780 295.046217  -42.18926  -53.45716     -1.038    1478.74    111.000    110.098     9.0865     9.0957     0.0091     9.0745     9.0837     0.0091   3.687375   3.688445   0.001037    34.5760    34.5779     5.6691    26.7742    26.7742    34.5770    26.7749    1487.82    1487.86     9.0745  1027.2795    34.7404 0.0000e+00
      64804 295.046228  -42.18924  -53.45714     -1.064    1478.74    110.000    109.106     9.0963     9.1009     0.0046     9.0844     9.0889     0.0046   3.688388   3.688828   0.000511    34.5773    34.5782     5.6657    26.7736    26.7735    34.5786    26.7746    1487.84    1487.86     9.0844  1027.2747    34.7420 0.0000e+00
      64831 295.046241  -42.18924  -53.45714     -0.946    1478.74    109.000    108.115     9.0594     9.0619     0.0025     9.0477     9.0502     0.0025   3.682941   3.682816  -0.000020    34.5638    34.5612     5.6430    26.7689    26.7664    34.5579    26.7643    1487.67    1487.67     9.0477  1027.2599    34.7213 0.0000e+00
      64860 295.046255  -42.18924  -53.45714     -0.835    1478.74    108.000    107.123     9.0375     9.0241    -0.0135     9.0259     9.0125    -0.0134   3.679886   3.678489  -0.001415    34.5481    34.5464     5.6290    26.7601    26.7609    34.5477    26.7598    1487.56    1487.51     9.0259  1027.2510    34.7110 0.0000e+00
