Pos-Processados/process_op41/operantar41_022.ros
* Sea-Bird SBE 9 Data File:
* FileName = C:\Users\Dell\Desktop\OperantarXLI\config\00_BRUTOS\OPE41022.hdr
* Software Version Seasave V 7.26.7.110
* Temperature SN = 6497
* Conductivity SN = 4954
* Number of Bytes Per Scan = 34
* Number of Voltage Words = 3
* Number of Scans Averaged by the Deck Unit = 1
* NMEA Latitude = 59 45.37 S
* NMEA Longitude = 062 03.38 W
* NMEA UTC (Time) = Nov 14 2022 23:10:24
* NMEA baud rate = 4800
** H41
** Navio Polar Almirante Maximiano
** LH-021/2022
** Operantar XLI
** Número da Estação 022
** Latitude 59 45.358'S
** Longitude 062 03.362'W
** Data/Hora (Z) 14/11/2022 23:11
** Profundidade local 4103 m
** 09-1439
** Nome do Operador CT Garla
# nquan = 24
# nvalues = 1141                                  
# units = specified
# name 0 = scan: Scan Count
# name 1 = timeJ: Julian Days
# name 2 = latitude: Latitude [deg]
# name 3 = longitude: Longitude [deg]
# name 4 = dz/dtM: Descent Rate [m/s]
# name 5 = avgsvCM: Average Sound Velocity [Chen-Millero, m/s]
# name 6 = prDM: Pressure, Digiquartz [db]
# name 7 = depSM: Depth [salt water, m]
# name 8 = t090C: Temperature [ITS-90, deg C]
# name 9 = t190C: Temperature, 2 [ITS-90, deg C]
# name 10 = T2-T190C: Temperature Difference, 2 - 1 [ITS-90, deg C]
# name 11 = potemp090C: Potential Temperature [ITS-90, deg C]
# name 12 = potemp190C: Potential Temperature, 2 [ITS-90, deg C]
# name 13 = potemp90Cdiff: Potential Temperature, Diff, 2 - 1 [ITS-90, deg C]
# name 14 = c0S/m: Conductivity [S/m]
# name 15 = c1S/m: Conductivity, 2 [S/m]
# name 16 = C2-C1S/m: Conductivity Difference, 2 - 1 [S/m]
# name 17 = sal00: Salinity, Practical [PSU]
# name 18 = sal11: Salinity, Practical, 2 [PSU]
# name 19 = sbeox0ML/L: Oxygen, SBE 43 [ml/l]
# name 20 = sigma-é00: Density [sigma-theta, kg/m^3]
# name 21 = sigma-é11: Density, 2 [sigma-theta, kg/m^3]
# name 22 = nbf: Bottles Fired
# name 23 = flag:  0.000e+00
# interval = seconds: 0.0416667
# start_time = Nov 14 2022 23:10:24 [NMEA time, header]
# bad_flag = -9.990e-29
*END*
[from data line 182]
      59379 318.994191  -59.76208  -62.06014     -0.251    1474.40   2259.186   2225.930     1.0079     1.0076    -0.0002     0.8659     0.8657    -0.0002   3.065595   3.065621   0.000027    34.7129    34.7135     4.3732    27.8235    27.8239          3  0.000e+00
      59380 318.994191  -59.76208  -62.06014     -0.274    1474.40   2259.111   2225.856     1.0080     1.0078    -0.0003     0.8661     0.8658    -0.0003   3.065571   3.065598   0.000026    34.7124    34.7131     4.3749    27.8231    27.8236          3  0.000e+00
      59381 318.994192  -59.76208  -62.06014     -0.290    1474.40   2259.061   2225.807     1.0077     1.0078     0.0001     0.8657     0.8658     0.0001   3.065583   3.065609   0.000026    34.7130    34.7132     4.3679    27.8235    27.8237          3  0.000e+00
      59382 318.994192  -59.76208  -62.06014     -0.317    1474.40   2259.061   2225.807     1.0079     1.0080     0.0001     0.8659     0.8660     0.0001   3.065635   3.065604  -0.000032    34.7135    34.7130     4.3767    27.8239    27.8235          3  0.000e+00
      59383 318.994193  -59.76208  -62.06014     -0.331    1474.40   2259.061   2225.807     1.0077     1.0078     0.0001     0.8657     0.8658     0.0001   3.065618   3.065592  -0.000026    34.7134    34.7130     4.3787    27.8239    27.8235          3  0.000e+00
      59384 318.994193  -59.76208  -62.06014     -0.348    1474.40   2259.044   2225.791     1.0080     1.0076    -0.0004     0.8661     0.8657    -0.0004   3.065595   3.065592  -0.000003    34.7128    34.7132     4.3805    27.8233    27.8237          3  0.000e+00
      59385 318.994194  -59.76208  -62.06014     -0.371    1474.40   2258.927   2225.676     1.0079     1.0080     0.0001     0.8659     0.8660     0.0001   3.065595   3.065615   0.000021    34.7130    34.7132     4.3824    27.8236    27.8237          3  0.000e+00
      59386 318.994194  -59.76208  -62.06014     -0.385    1474.40   2258.927   2225.676     1.0080     1.0078    -0.0003     0.8661     0.8658    -0.0003   3.065595   3.065556  -0.000038    34.7128    34.7127     4.3823    27.8234    27.8233          3  0.000e+00
      59387 318.994195  -59.76208  -62.06014     -0.396    1474.40   2258.994   2225.742     1.0080     1.0078    -0.0002     0.8661     0.8658    -0.0002   3.065630   3.065574  -0.000056    34.7132    34.7128     4.3733    27.8237    27.8234          3  0.000e+00
      59388 318.994195  -59.76208  -62.06014     -0.413    1474.40   2258.919   2225.668     1.0080     1.0078    -0.0002     0.8661     0.8658    -0.0002   3.065624   3.065615  -0.000008    34.7132    34.7134     4.3712    27.8237    27.8238          3  0.000e+00
      59389 318.994196  -59.76208  -62.06014     -0.425    1474.40   2258.869   2225.619     1.0080     1.0076    -0.0004     0.8661     0.8657    -0.0004   3.065600   3.065580  -0.000021    34.7129    34.7131     4.3691    27.8235    27.8236          3  0.000e+00
      59390 318.994196  -59.76208  -62.06014     -0.446    1474.40   2258.802   2225.554     1.0080     1.0076    -0.0004     0.8661     0.8657    -0.0004   3.065635   3.065586  -0.000050    34.7134    34.7132     4.3689    27.8239    27.8237          3  0.000e+00
      59391 318.994197  -59.76208  -62.06014     -0.461    1474.40   2258.869   2225.619     1.0080     1.0078    -0.0003     0.8661     0.8658    -0.0003   3.065630   3.065574  -0.000056    34.7133    34.7129     4.3690    27.8238    27.8235          3  0.000e+00
      59392 318.994197  -59.76208  -62.06014     -0.470    1474.40   2258.794   2225.545     1.0080     1.0075    -0.0006     0.8661     0.8655    -0.0006   3.065589   3.065568  -0.000021    34.7128    34.7132     4.3690    27.8234    27.8237          3  0.000e+00
      59393 318.994198  -59.76208  -62.06014     -0.485    1474.40   2258.735   2225.488     1.0080     1.0078    -0.0002     0.8661     0.8659    -0.0002   3.065589   3.065586  -0.000003    34.7129    34.7131     4.3692    27.8234    27.8236          3  0.000e+00
      59394 318.994198  -59.76208  -62.06014     -0.497    1474.40   2258.735   2225.488     1.0077     1.0078     0.0001     0.8657     0.8659     0.0001   3.065571   3.065592   0.000020    34.7130    34.7131     4.3694    27.8236    27.8237          3  0.000e+00
      59395 318.994198  -59.76208  -62.06014     -0.503    1474.40   2258.794   2225.545     1.0080     1.0076    -0.0004     0.8661     0.8657    -0.0004   3.065606   3.065550  -0.000056    34.7130    34.7128     4.3678    27.8236    27.8234          3  0.000e+00
      59396 318.994199  -59.76208  -62.06014     -0.514    1474.40   2258.677   2225.431     1.0077     1.0076    -0.0001     0.8658     0.8657    -0.0001   3.065577   3.065556  -0.000021    34.7131    34.7129     4.3681    27.8236    27.8235          3  0.000e+00
      59397 318.994199  -59.76208  -62.06014     -0.523    1474.40   2258.677   2225.431     1.0079     1.0079     0.0000     0.8659     0.8660     0.0000   3.065600   3.065609   0.000009    34.7132    34.7133     4.3684    27.8237    27.8238          3  0.000e+00
      59398 318.994200  -59.76208  -62.06014     -0.537    1474.40   2258.610   2225.365     1.0077     1.0076    -0.0001     0.8658     0.8657    -0.0001   3.065618   3.065556  -0.000062    34.7137    34.7129     4.3689    27.8241    27.8235          3  0.000e+00
      59399 318.994200  -59.76208  -62.06014     -0.541    1474.40   2258.602   2225.357     1.0077     1.0078     0.0001     0.8658     0.8659     0.0001   3.065641   3.065556  -0.000085    34.7140    34.7128     4.3694    27.8243    27.8234          3  0.000e+00
      59400 318.994201  -59.76208  -62.06014     -0.550    1474.40   2258.610   2225.365     1.0079     1.0078    -0.0001     0.8659     0.8659    -0.0001   3.065629   3.065586  -0.000044    34.7136    34.7131     4.3770    27.8240    27.8237          3  0.000e+00
      59401 318.994201  -59.76208  -62.06014     -0.559    1474.40   2258.552   2225.308     1.0079     1.0078    -0.0001     0.8659     0.8659    -0.0001   3.065612   3.065574  -0.000038    34.7134    34.7130     4.3685    27.8239    27.8236          3  0.000e+00
      59402 318.994202  -59.76208  -62.06014     -0.563    1474.40   2258.552   2225.308     1.0077     1.0078     0.0001     0.8658     0.8659     0.0001   3.065595   3.065568  -0.000027    34.7134    34.7129     4.3671    27.8239    27.8235          3  0.000e+00
      59403 318.994202  -59.76208  -62.06014     -0.568    1474.40   2258.535   2225.292     1.0079     1.0078    -0.0001     0.8659     0.8658    -0.0001   3.065635   3.065544  -0.000091    34.7137    34.7127     4.3676    27.8241    27.8233          3  0.000e+00
      59404 318.994203  -59.76208  -62.06014     -0.573    1474.40   2258.485   2225.243     1.0077     1.0078     0.0001     0.8658     0.8659     0.0001   3.065629   3.065580  -0.000050    34.7139    34.7131     4.3663    27.8242    27.8236          3  0.000e+00
      59405 318.994203  -59.76208  -62.06014     -0.579    1474.40   2258.485   2225.243     1.0080     1.0078    -0.0002     0.8661     0.8659    -0.0002   3.065624   3.065574  -0.000050    34.7134    34.7130     4.3649    27.8239    27.8236          3  0.000e+00
      59406 318.994204  -59.76208  -62.06014     -0.584    1474.40   2258.410   2225.169     1.0077     1.0080     0.0003     0.8658     0.8660     0.0003   3.065635   3.065586  -0.000050    34.7140    34.7131     4.3635    27.8243    27.8236          3  0.000e+00
      59407 318.994204  -59.76208  -62.06014     -0.589    1474.40   2258.418   2225.177     1.0079     1.0076    -0.0002     0.8659     0.8657    -0.0002   3.065583   3.065574  -0.000009    34.7131    34.7133     4.3642    27.8236    27.8238          3  0.000e+00
      59408 318.994205  -59.76208  -62.06014     -0.590    1474.40   2258.418   2225.177     1.0079     1.0078    -0.0001     0.8659     0.8658    -0.0001   3.065542   3.065544   0.000002    34.7126    34.7128     4.3718    27.8232    27.8234          3  0.000e+00
      59409 318.994205  -59.76208  -62.06014     -0.597    1474.40   2258.360   2225.120     1.0077     1.0078     0.0001     0.8658     0.8659     0.0001   3.065577   3.065556  -0.000021    34.7133    34.7129     4.3723    27.8238    27.8234          3  0.000e+00
      59410 318.994206  -59.76208  -62.06014     -0.594    1474.40   2258.410   2225.169     1.0079     1.0078    -0.0001     0.8659     0.8659    -0.0001   3.065595   3.065568  -0.000027    34.7133    34.7130     4.3639    27.8238    27.8235          3  0.000e+00
      59411 318.994206  -59.76208  -62.06014     -0.599    1474.40   2258.293   2225.055     1.0079     1.0075    -0.0004     0.8660     0.8656    -0.0004   3.065606   3.065544  -0.000062    34.7135    34.7131     4.3644    27.8239    27.8237          3  0.000e+00
      59412 318.994207  -59.76208  -62.06014     -0.597    1474.40   2258.360   2225.120     1.0076     1.0076     0.0001     0.8657     0.8657     0.0001   3.065595   3.065556  -0.000038    34.7136    34.7131     4.3720    27.8240    27.8236          3  0.000e+00
      59413 318.994207  -59.76208  -62.06014     -0.600    1474.40   2258.293   2225.055     1.0077     1.0076    -0.0001     0.8658     0.8657    -0.0001   3.065571   3.065550  -0.000021    34.7132    34.7130     4.3745    27.8237    27.8236          3  0.000e+00
      59414 318.994208  -59.76208  -62.06014     -0.601    1474.40   2258.284   2225.046     1.0079     1.0078    -0.0001     0.8660     0.8658    -0.0001   3.065606   3.065538  -0.000068    34.7135    34.7128     4.3749    27.8239    27.8234          3  0.000e+00
      59415 318.994208  -59.76208  -62.06014     -0.598    1474.40   2258.293   2225.055     1.0077     1.0076    -0.0001     0.8658     0.8657    -0.0001   3.065612   3.065556  -0.000056    34.7137    34.7131     4.3684    27.8241    27.8236          3  0.000e+00
      59416 318.994209  -59.76208  -62.06014     -0.597    1474.40   2258.226   2224.989     1.0077     1.0076    -0.0001     0.8658     0.8657    -0.0001   3.065594   3.065568  -0.000027    34.7136    34.7133     4.3758    27.8240    27.8238          3  0.000e+00
      59417 318.994209  -59.76208  -62.06014     -0.589    1474.40   2258.284   2225.046     1.0079     1.0076    -0.0002     0.8660     0.8657    -0.0002   3.065571   3.065544  -0.000027    34.7130    34.7130     4.3871    27.8236    27.8235          3  0.000e+00
      59418 318.994210  -59.76208  -62.06014     -0.586    1474.40   2258.226   2224.989     1.0077     1.0075    -0.0002     0.8658     0.8656    -0.0002   3.065583   3.065556  -0.000027    34.7134    34.7133     4.3716    27.8239    27.8238          3  0.000e+00
      59419 318.994210  -59.76208  -62.06014     -0.583    1474.40   2258.168   2224.932     1.0077     1.0076    -0.0001     0.8658     0.8657    -0.0001   3.065594   3.065550  -0.000044    34.7136    34.7131     4.3808    27.8240    27.8237          3  0.000e+00
      59420 318.994211  -59.76208  -62.06014     -0.581    1474.40   2258.226   2224.989     1.0079     1.0078    -0.0001     0.8660     0.8659    -0.0001   3.065629   3.065562  -0.000067    34.7138    34.7130     4.3811    27.8242    27.8236          3  0.000e+00
      59421 318.994211  -59.76208  -62.06014     -0.575    1474.40   2258.218   2224.981     1.0076     1.0076     0.0001     0.8657     0.8657     0.0001   3.065583   3.065521  -0.000062    34.7135    34.7127     4.3725    27.8240    27.8233          3  0.000e+00
      59422 318.994212  -59.76208  -62.06014     -0.567    1474.40   2258.168   2224.932     1.0080     1.0076    -0.0004     0.8661     0.8657    -0.0004   3.065583   3.065550  -0.000033    34.7131    34.7131     4.3797    27.8236    27.8236          3  0.000e+00
      59423 318.994212  -59.76208  -62.06014     -0.558    1474.40   2258.168   2224.932     1.0077     1.0078     0.0001     0.8658     0.8659     0.0001   3.065571   3.065544  -0.000027    34.7133    34.7128     4.3730    27.8238    27.8234          3  0.000e+00
      59424 318.994212  -59.76208  -62.06014     -0.557    1474.40   2258.092   2224.858     1.0079     1.0080     0.0001     0.8660     0.8661     0.0001   3.065565   3.065538  -0.000027    34.7131    34.7126     4.3732    27.8236    27.8232          3  0.000e+00
      59425 318.994213  -59.76208  -62.06014     -0.546    1474.40   2258.168   2224.932     1.0076     1.0078     0.0002     0.8657     0.8658     0.0002   3.065618   3.065574  -0.000044    34.7140    34.7133     4.3737    27.8244    27.8238          3  0.000e+00
      59426 318.994213  -59.76208  -62.06014     -0.540    1474.40   2258.101   2224.866     1.0080     1.0076    -0.0004     0.8661     0.8657    -0.0004   3.065606   3.065574  -0.000032    34.7134    34.7134     4.3810    27.8238    27.8239          3  0.000e+00
      59427 318.994214  -59.76208  -62.06014     -0.531    1474.40   2258.168   2224.932     1.0076     1.0078     0.0002     0.8657     0.8659     0.0002   3.065612   3.065544  -0.000068    34.7139    34.7128     4.3725    27.8243    27.8234          3  0.000e+00
      59428 318.994214  -59.76208  -62.06014     -0.517    1474.40   2258.151   2224.915     1.0079     1.0076    -0.0002     0.8660     0.8657    -0.0002   3.065577   3.065538  -0.000039    34.7132    34.7129     4.3729    27.8237    27.8235          3  0.000e+00
      59429 318.994215  -59.76208  -62.06014     -0.511    1474.40   2258.042   2224.809     1.0077     1.0078     0.0001     0.8658     0.8659     0.0001   3.065577   3.065580   0.000003    34.7134    34.7133     4.3733    27.8239    27.8238          3  0.000e+00
      59430 318.994215  -59.76208  -62.06014     -0.498    1474.40   2258.168   2224.932     1.0077     1.0078     0.0001     0.8658     0.8658     0.0001   3.065589   3.065527  -0.000062    34.7135    34.7127     4.3719    27.8240    27.8233          3  0.000e+00
      59431 318.994216  -59.76208  -62.06014     -0.487    1474.40   2258.101   2224.866     1.0077     1.0076    -0.0001     0.8658     0.8657    -0.0001   3.065548   3.065550   0.000002    34.7130    34.7131     4.3725    27.8236    27.8236          3  0.000e+00
      59432 318.994216  -59.76208  -62.06014     -0.474    1474.40   2258.092   2224.858     1.0077     1.0078     0.0001     0.8658     0.8659     0.0001   3.065554   3.065568   0.000014    34.7131    34.7132     4.3731    27.8236    27.8237          3  0.000e+00
      59433 318.994217  -59.76208  -62.06014     -0.459    1474.40   2258.101   2224.866     1.0077     1.0076    -0.0001     0.8658     0.8657    -0.0001   3.065583   3.065568  -0.000015    34.7135    34.7133     4.3738    27.8239    27.8238          3  0.000e+00
      59434 318.994217  -59.76208  -62.06014     -0.449    1474.40   2258.101   2224.866     1.0077     1.0076    -0.0001     0.8658     0.8657    -0.0001   3.065606   3.065568  -0.000038    34.7138    34.7133     4.3746    27.8242    27.8238          3  0.000e+00
      59435 318.994218  -59.76208  -62.06014     -0.434    1474.40   2258.151   2224.915     1.0075     1.0078     0.0003     0.8656     0.8659     0.0003   3.065577   3.065568  -0.000009    34.7136    34.7131     4.3755    27.8240    27.8237          3  0.000e+00
      59436 318.994218  -59.76208  -62.06014     -0.420    1474.40   2258.042   2224.809     1.0079     1.0076    -0.0003     0.8660     0.8657    -0.0003   3.065565   3.065521  -0.000045    34.7131    34.7128     4.3833    27.8236    27.8234          3  0.000e+00
      59437 318.994219  -59.76208  -62.06014     -0.404    1474.40   2258.101   2224.866     1.0079     1.0076    -0.0002     0.8660     0.8657    -0.0002   3.065606   3.065550  -0.000056    34.7136    34.7131     4.3841    27.8240    27.8236          3  0.000e+00
