Pos-Processados/process_op41/operantar41_017.cnv
* Sea-Bird SBE 9 Data File:
* FileName = C:\Users\Dell\Desktop\OperantarXLI\config\00_BRUTOS\OPE41017.hdr
* Software Version Seasave V 7.26.7.110
* Temperature SN = 6497
* Conductivity SN = 4954
* Number of Bytes Per Scan = 34
* Number of Voltage Words = 3
* Number of Scans Averaged by the Deck Unit = 1
* NMEA Latitude = 62 13.33 S
* NMEA Longitude = 058 12.09 W
* NMEA UTC (Time) = Nov 09 2022 17:12:58
* NMEA baud rate = 4800
** H41
** Navio Polar Almirante Maximiano
** LH-021/2022
** Operantar XLI
** Número da Estação 017
** Latitude 62 13.278'S
** Longitude 058 12.242'W
** Data/Hora (Z) 09/11/2022 1710Z
** Profundidade local 350 m
** 09-1439
** Nome do Operador CT Garla
# nquan = 30
# nvalues = 900                         
# units = specified
# name 0 = scan: Scan Count
# name 1 = timeJ: Julian Days
# name 2 = latitude: Latitude [deg]
# name 3 = longitude: Longitude [deg]
# name 4 = dz/dtM: Descent Rate [m/s]
# name 5 = avgsvCM: Average Sound Velocity [Chen-Millero, m/s]
# name 6 = prDM: Pressure, Digiquartz [db]
# name 7 = depSM: Depth [salt water, m]
# name 8 = t090C: Temperature [ITS-90, deg C]
# name 9 = t190C: Temperature, 2 [ITS-90, deg C]
# name 10 = T2-T190C: Temperature Difference, 2 - 1 [ITS-90, deg C]
# name 11 = potemp090C: Potential Temperature [ITS-90, deg C]
# name 12 = potemp190C: Potential Temperature, 2 [ITS-90, deg C]
# name 13 = potemp90Cdiff: Potential Temperature, Diff, 2 - 1 [ITS-90, deg C]
# name 14 = c0S/m: Conductivity [S/m]
# name 15 = c1S/m: Conductivity, 2 [S/m]
# name 16 = C2-C1S/m: Conductivity Difference, 2 - 1 [S/m]
# name 17 = sal00: Salinity, Practical [PSU]
# name 18 = sal11: Salinity, Practical, 2 [PSU]
# name 19 = sbeox0ML/L: Oxygen, SBE 43 [ml/l]
# name 20 = sigma-é00: Density [sigma-theta, kg/m^3]
# name 21 = sigma-é11: Density, 2 [sigma-theta, kg/m^3]
# name 22 = sal00: Salinity, Practical [PSU]
# name 23 = sigma-é00: Density [sigma-theta, kg/m^3]
# name 24 = svCM: Sound Velocity [Chen-Millero, m/s]
# name 25 = svCM1: Sound Velocity, 2 [Chen-Millero, m/s]
# name 26 = gsw_ptA0: potential temperature [ITS-90, deg C]
# name 27 = gsw_densityA0: density, TEOS-10 [density, kg/m^3]
# name 28 = gsw_saA0: Absolute Salinity [g/kg]
# name 29 = flag:
# span 0 =       2288,      31908       
# span 1 = 313.718441, 313.732725       
# span 2 =  -62.22294,  -62.22247       
# span 3 =  -58.20056,  -58.18324       
# span 4 =     -1.518,      1.248       
# span 5 =      -0.01,    1451.72       
# span 6 =      0.000,    450.000       
# span 7 =     -0.053,    445.188       
# span 8 =    -0.2768,     0.1004       
# span 9 =    -0.2758,     0.1020       
# span 10 =    -0.0143,     0.0662      
# span 11 =    -0.2932,     0.0848      
# span 12 =    -0.2923,     0.0863      
# span 13 =    -0.0143,     0.0660      
# span 14 =   2.829134,   2.890011      
# span 15 =   2.829162,   2.890197      
# span 16 =  -0.001434,   0.005521      
# span 17 =    34.1836,    34.4626      
# span 18 =    34.1841,    34.4632      
# span 19 =     5.6855,     7.4952      
# span 20 =    27.4545,    27.6867      
# span 21 =    27.4552,    27.6869      
# span 22 =    34.1832,    34.4670      
# span 23 =    27.4536,    27.6865      
# span 24 =    1447.39,    1455.39      
# span 25 =    1447.39,    1455.40      
# span 26 =    -0.2930,     0.0849      
# span 27 =  1027.4580,  1029.8304      
# span 28 =    34.3457,    34.6356      
# span 29 = 0.0000e+00, 0.0000e+00      
# interval = decibars: 1                
# start_time = Nov 09 2022 17:12:58 [NMEA time, header]
# bad_flag = -9.990e-29
*END*
[from data line 146]
       6272 313.720362  -62.22270  -58.19862      0.881    1448.54    147.000    145.537    -0.1880    -0.1880    -0.0000    -0.1930    -0.1930    -0.0000   2.835923   2.835955   0.000031    34.2216    34.2221     7.2909    27.4875    27.4879    34.2216    27.4875    1449.62    1449.62    -0.1929  1028.1937    34.3881 0.0000e+00
       6301 313.720376  -62.22270  -58.19860      0.853    1448.54    148.000    146.527    -0.1888    -0.1890    -0.0001    -0.1939    -0.1940    -0.0001   2.836030   2.836078   0.000050    34.2233    34.2241     7.2779    27.4890    27.4896    34.2234    27.4890    1449.63    1449.63    -0.1938  1028.2000    34.3899 0.0000e+00
       6333 313.720391  -62.22270  -58.19859      0.784    1448.54    149.000    147.516    -0.1898    -0.1898    -0.0000    -0.1949    -0.1949    -0.0000   2.836359   2.836433   0.000072    34.2281    34.2292     7.2584    27.4929    27.4937    34.2282    27.4930    1449.65    1449.65    -0.1948  1028.2087    34.3948 0.0000e+00
       6365 313.720407  -62.22270  -58.19858      0.736    1448.54    150.000    148.506    -0.1905    -0.1904     0.0000    -0.1956    -0.1956     0.0000   2.836659   2.836703   0.000044    34.2324    34.2329     7.2380    27.4964    27.4968    34.2324    27.4964    1449.67    1449.67    -0.1955  1028.2169    34.3990 0.0000e+00
       6396 313.720422  -62.22270  -58.19856      0.767    1448.54    151.000    149.496    -0.1907    -0.1906     0.0001    -0.1958    -0.1957     0.0001   2.836915   2.836975   0.000060    34.2351    34.2358     7.2298    27.4986    27.4992    34.2354    27.4988    1449.69    1449.69    -0.1958  1028.2241    34.4020 0.0000e+00
       6423 313.720435  -62.22270  -58.19855      0.853    1448.54    152.000    150.485    -0.1905    -0.1904     0.0000    -0.1957    -0.1956     0.0000   2.837505   2.837575   0.000067    34.2421    34.2429     7.2114    27.5042    27.5049    34.2424    27.5045    1449.72    1449.72    -0.1956  1028.2345    34.4091 0.0000e+00
       6448 313.720447  -62.22270  -58.19854      0.923    1448.54    153.000    151.470    -0.1901    -0.1901     0.0000    -0.1954    -0.1953     0.0000   2.837999   2.838023   0.000031    34.2475    34.2479     7.1896    27.5086    27.5089    34.2480    27.5090    1449.74    1449.74    -0.1953  1028.2438    34.4147 0.0000e+00
       6476 313.720460  -62.22270  -58.19853      0.913    1448.54    154.000    152.468    -0.1897    -0.1897    -0.0000    -0.1949    -0.1949    -0.0000   2.838782   2.838796   0.000013    34.2568    34.2569     7.1761    27.5160    27.5162    34.2573    27.5165    1449.77    1449.77    -0.1949  1028.2560    34.4241 0.0000e+00
       6507 313.720475  -62.22270  -58.19852      0.793    1448.54    155.000    153.454    -0.1890    -0.1892    -0.0002    -0.1943    -0.1945    -0.0002   2.839296   2.839316   0.000020    34.2626    34.2631     7.1377    27.5207    27.5211    34.2629    27.5209    1449.80    1449.80    -0.1942  1028.2652    34.4297 0.0000e+00
       6537 313.720490  -62.22270  -58.19850      0.773    1448.54    156.000    154.444    -0.1866    -0.1865     0.0001    -0.1919    -0.1918     0.0001   2.839750   2.839801   0.000050    34.2648    34.2654     7.0954    27.5224    27.5229    34.2655    27.5230    1449.83    1449.83    -0.1918  1028.2720    34.4323 0.0000e+00
       6564 313.720503  -62.22272  -58.19848      0.863    1448.54    157.000    155.433    -0.1810    -0.1807     0.0004    -0.1864    -0.1860     0.0003   2.840639   2.840725   0.000091    34.2698    34.2706     7.0520    27.5261    27.5268    34.2705    27.5267    1449.88    1449.88    -0.1863  1028.2805    34.4374 0.0000e+00
       6591 313.720516  -62.22272  -58.19845      0.898    1448.54    158.000    156.423    -0.1803    -0.1803    -0.0001    -0.1857    -0.1857    -0.0001   2.840767   2.840800   0.000026    34.2705    34.2709     7.0162    27.5267    27.5270    34.2708    27.5269    1449.90    1449.90    -0.1856  1028.2854    34.4376 0.0000e+00
       6619 313.720529  -62.22272  -58.19843      0.872    1448.54    159.000    157.413    -0.1774    -0.1773     0.0001    -0.1829    -0.1828     0.0001   2.841309   2.841326   0.000024    34.2728    34.2730     6.9916    27.5283    27.5286    34.2742    27.5295    1449.93    1449.93    -0.1828  1028.2928    34.4410 0.0000e+00
       6648 313.720544  -62.22272  -58.19842      0.822    1448.54    160.000    158.403    -0.1667    -0.1671    -0.0004    -0.1722    -0.1726    -0.0004   2.842633   2.842610  -0.000022    34.2782    34.2784     6.9673    27.5322    27.5324    34.2791    27.5330    1450.00    1450.00    -0.1721  1028.3009    34.4460 0.0000e+00
       6680 313.720559  -62.22272  -58.19840      0.777    1448.54    161.000    159.392    -0.1647    -0.1651    -0.0004    -0.1703    -0.1706    -0.0004   2.842886   2.842874  -0.000010    34.2790    34.2792     6.9524    27.5328    27.5330    34.2797    27.5333    1450.03    1450.03    -0.1702  1028.3060    34.4466 0.0000e+00
       6713 313.720575  -62.22272  -58.19840      0.733    1448.54    162.000    160.382    -0.1636    -0.1636     0.0000    -0.1692    -0.1692     0.0000   2.843051   2.843081   0.000027    34.2794    34.2798     6.9239    27.5331    27.5334    34.2800    27.5336    1450.05    1450.05    -0.1691  1028.3110    34.4470 0.0000e+00
       6743 313.720589  -62.22272  -58.19839      0.770    1448.54    163.000    161.371    -0.1619    -0.1617     0.0001    -0.1675    -0.1674     0.0001   2.843317   2.843350   0.000037    34.2800    34.2804     6.8917    27.5335    27.5338    34.2811    27.5343    1450.08    1450.08    -0.1674  1028.3165    34.4480 0.0000e+00
       6774 313.720604  -62.22272  -58.19838      0.798    1448.54    164.000    162.361    -0.1437    -0.1448    -0.0010    -0.1494    -0.1504    -0.0010   2.845299   2.845227  -0.000072    34.2839    34.2841     6.8723    27.5357    27.5359    34.2864    27.5378    1450.19    1450.18    -0.1493  1028.3246    34.4534 0.0000e+00
       6813 313.720623  -62.22272  -58.19835      0.642    1448.54    165.000    163.351    -0.1314    -0.1319    -0.0005    -0.1371    -0.1376    -0.0005   2.846589   2.846557  -0.000031    34.2874    34.2875     6.8710    27.5379    27.5380    34.2891    27.5393    1450.26    1450.26    -0.1371  1028.3308    34.4561 0.0000e+00
       6857 313.720644  -62.22272  -58.19833      0.532    1448.54    166.000    164.340    -0.1199    -0.1199     0.0000    -0.1257    -0.1257     0.0000   2.848106   2.848131   0.000018    34.2933    34.2935     6.8178    27.5421    27.5423    34.2958    27.5441    1450.34    1450.34    -0.1256  1028.3403    34.4628 0.0000e+00
       6892 313.720661  -62.22274  -58.19830      0.659    1448.54    167.000    165.330    -0.1019    -0.1017     0.0003    -0.1078    -0.1075     0.0003   2.850220   2.850258   0.000042    34.3006    34.3008     6.7643    27.5471    27.5473    34.3031    27.5491    1450.45    1450.45    -0.1077  1028.3500    34.4701 0.0000e+00
       6922 313.720676  -62.22274  -58.19828      0.766    1448.54    168.000    166.320    -0.0959    -0.0959     0.0000    -0.1018    -0.1018     0.0000   2.850923   2.850956   0.000032    34.3032    34.3036     6.7328    27.5489    27.5493    34.3050    27.5504    1450.50    1450.50    -0.1017  1028.3560    34.4721 0.0000e+00
       6955 313.720691  -62.22274  -58.19825      0.760    1448.54    169.000    167.309    -0.0935    -0.0934     0.0001    -0.0995    -0.0994     0.0001   2.851243   2.851271   0.000028    34.3045    34.3048     6.6940    27.5498    27.5501    34.3060    27.5510    1450.53    1450.53    -0.0994  1028.3614    34.4731 0.0000e+00
       6989 313.720708  -62.22274  -58.19824      0.707    1448.54    170.000    168.299    -0.0904    -0.0903     0.0001    -0.0964    -0.0963     0.0001   2.851761   2.851787   0.000025    34.3073    34.3076     6.6517    27.5520    27.5522    34.3088    27.5532    1450.56    1450.56    -0.0963  1028.3682    34.4759 0.0000e+00
       7021 313.720723  -62.22274  -58.19823      0.732    1448.54    171.000    169.288    -0.0908    -0.0909    -0.0001    -0.0968    -0.0969    -0.0001   2.851998   2.851979  -0.000014    34.3104    34.3104     6.6391    27.5545    27.5545    34.3118    27.5556    1450.58    1450.58    -0.0967  1028.3754    34.4789 0.0000e+00
       7050 313.720737  -62.22274  -58.19822      0.800    1448.54    172.000    170.278    -0.0859    -0.0863    -0.0004    -0.0920    -0.0924    -0.0004   2.852727   2.852713  -0.000010    34.3136    34.3140     6.6294    27.5569    27.5571    34.3154    27.5583    1450.62    1450.62    -0.0919  1028.3828    34.4825 0.0000e+00
       7076 313.720750  -62.22274  -58.19821      0.881    1448.54    173.000    171.267    -0.0762    -0.0771    -0.0009    -0.0823    -0.0832    -0.0009   2.853847   2.853775  -0.000077    34.3168    34.3169     6.6150    27.5590    27.5590    34.3187    27.5605    1450.69    1450.68    -0.0822  1028.3897    34.4859 0.0000e+00
       7102 313.720763  -62.22274  -58.19820      0.922    1448.54    174.000    172.257    -0.0744    -0.0741     0.0003    -0.0806    -0.0803     0.0003   2.854026   2.854083   0.000053    34.3175    34.3179     6.6064    27.5593    27.5597    34.3185    27.5602    1450.71    1450.71    -0.0805  1028.3942    34.4857 0.0000e+00
       7129 313.720775  -62.22274  -58.19819      0.909    1448.54    175.000    173.246    -0.0740    -0.0740    -0.0001    -0.0802    -0.0802    -0.0001   2.854125   2.854150   0.000022    34.3177    34.3181     6.5920    27.5595    27.5598    34.3188    27.5604    1450.73    1450.73    -0.0801  1028.3991    34.4860 0.0000e+00
       7156 313.720788  -62.22274  -58.19816      0.892    1448.54    176.000    174.236    -0.0733    -0.0732     0.0001    -0.0796    -0.0794     0.0001   2.854276   2.854324   0.000049    34.3184    34.3189     6.5724    27.5601    27.5604    34.3194    27.5608    1450.75    1450.75    -0.0795  1028.4043    34.4866 0.0000e+00
       7182 313.720801  -62.22274  -58.19816      0.901    1448.54    177.000    175.226    -0.0721    -0.0720     0.0000    -0.0784    -0.0783     0.0000   2.854455   2.854487   0.000031    34.3189    34.3193     6.5609    27.5604    27.5607    34.3198    27.5611    1450.77    1450.77    -0.0783  1028.4094    34.4870 0.0000e+00
       7207 313.720813  -62.22274  -58.19814      0.943    1448.54    178.000    176.215    -0.0718    -0.0717     0.0001    -0.0781    -0.0780     0.0001   2.854514   2.854549   0.000036    34.3190    34.3194     6.5493    27.5604    27.5608    34.3197    27.5610    1450.79    1450.79    -0.0780  1028.4140    34.4869 0.0000e+00
       7232 313.720825  -62.22274  -58.19812      0.974    1448.71    179.000    177.205    -0.0717    -0.0715     0.0001    -0.0781    -0.0779     0.0001   2.854561   2.854599   0.000036    34.3189    34.3193     6.5436    27.5604    27.5607    34.3195    27.5609    1450.81    1450.81    -0.0780  1028.4186    34.4867 0.0000e+00
       7257 313.720837  -62.22276  -58.19810      0.955    1449.02    180.000    178.194    -0.0712    -0.0712    -0.0000    -0.0776    -0.0776    -0.0000   2.854670   2.854676   0.000014    34.3191    34.3194     6.5385    27.5606    27.5607    34.3198    27.5611    1450.83    1450.83    -0.0775  1028.4236    34.4870 0.0000e+00
       7287 313.720852  -62.22276  -58.19809      0.865    1449.02    181.000    179.184    -0.0698    -0.0702    -0.0004    -0.0762    -0.0766    -0.0004   2.854884   2.854858  -0.000024    34.3198    34.3199     6.5431    27.5611    27.5612    34.3205    27.5616    1450.85    1450.85    -0.0761  1028.4288    34.4877 0.0000e+00
       7323 313.720869  -62.22276  -58.19807      0.682    1449.02    182.000    180.173    -0.0679    -0.0682    -0.0002    -0.0744    -0.0747    -0.0002   2.855162   2.855159  -0.000007    34.3208    34.3210     6.5464    27.5618    27.5619    34.3215    27.5623    1450.88    1450.87    -0.0743  1028.4304    34.4839 0.0000e+00
       7356 313.720885 -9.990e-29  -58.19805      0.684    1449.02    183.000    181.163    -0.0661    -0.0661    -0.0001    -0.0726    -0.0727    -0.0001   2.855466   2.855485   0.000021    34.3223    34.3226     6.5473    27.5629    27.5631    34.3228    27.5633    1450.90    1450.90    -0.0725  1028.4357    34.4846 0.0000e+00
       7382 313.720897 -9.990e-29  -58.19804      0.850    1449.02    184.000    182.152    -0.0642    -0.0644    -0.0002    -0.0707    -0.0709    -0.0002   2.855815   2.855804  -0.000008    34.3237    34.3239     6.5406    27.5639    27.5641    34.3247    27.5647    1450.93    1450.93    -0.0706  1028.4418    34.4865 0.0000e+00
       7403 313.720908  -62.22274  -58.19804      1.022    1449.02    185.000    183.142    -0.0588    -0.0597    -0.0009    -0.0654    -0.0663    -0.0009   2.856473   2.856392  -0.000069    34.3254    34.3255     6.5382    27.5650    27.5651    34.3268    27.5661    1450.97    1450.97    -0.0653  1028.4490    34.4900 0.0000e+00
       7423 313.720917  -62.22274  -58.19804      1.145    1449.02    186.000    184.132    -0.0522    -0.0528    -0.0006    -0.0588    -0.0595    -0.0006   2.857194   2.857184  -0.000025    34.3267    34.3271     6.5308    27.5657    27.5660    34.3284    27.5671    1451.02    1451.02    -0.0588  1028.4580    34.4957 0.0000e+00
       7443 313.720927  -62.22276  -58.19804      1.217    1449.02    187.000    185.121    -0.0464    -0.0465    -0.0001    -0.0531    -0.0532    -0.0001   2.857850   2.857853   0.000007    34.3286    34.3288     6.5219    27.5670    27.5671    34.3299    27.5681    1451.07    1451.07    -0.0530  1028.4636    34.4972 0.0000e+00
       7465 313.720937  -62.22276  -58.19803      1.176    1449.02    188.000    186.110    -0.0430    -0.0431    -0.0001    -0.0498    -0.0499    -0.0001   2.858286   2.858305   0.000017    34.3301    34.3305     6.5163    27.5680    27.5683    34.3313    27.5690    1451.10    1451.10    -0.0497  1028.4693    34.4986 0.0000e+00
       7497 313.720953  -62.22276  -58.19800      0.847    1449.02    189.000    187.098    -0.0372    -0.0374    -0.0002    -0.0440    -0.0442    -0.0002   2.858999   2.858994  -0.000006    34.3323    34.3324     6.4921    27.5695    27.5696    34.3337    27.5706    1451.15    1451.15    -0.0439  1028.4756    34.5010 0.0000e+00
       7539 313.720973  -62.22276  -58.19796      0.564    1449.02    190.000    188.091    -0.0373    -0.0373     0.0001    -0.0442    -0.0441     0.0001   2.859138   2.859168   0.000033    34.3344    34.3347     6.4606    27.5712    27.5714    34.3350    27.5717    1451.17    1451.17    -0.0440  1028.4815    34.5024 0.0000e+00
       7570 313.720988  -62.22276  -58.19794      0.699    1449.02    191.000    189.079    -0.0394    -0.0399    -0.0005    -0.0462    -0.0467    -0.0005   2.858969   2.858954  -0.000012    34.3350    34.3354     6.4407    27.5718    27.5721    34.3345    27.5714    1451.17    1451.17    -0.0462  1028.4859    34.5018 0.0000e+00
       7594 313.721000  -62.22276  -58.19792      0.905    1449.02    192.000    190.068    -0.0567    -0.0523     0.0044    -0.0636    -0.0592     0.0044   2.857526   2.857947   0.000372    34.3362    34.3363     6.4307    27.5737    27.5734    34.3342    27.5720    1451.11    1451.13    -0.0635  1028.4914    34.5015 0.0000e+00
       7616 313.721010  -62.22276  -58.19792      1.045    1449.02    193.000    191.058    -0.0715    -0.0716    -0.0001    -0.0784    -0.0785    -0.0001   2.856550   2.856505  -0.000004    34.3379    34.3379     6.4240    27.5758    27.5758    34.3373    27.5753    1451.06    1451.06    -0.0783  1028.4995    34.5046 0.0000e+00
