Pos-Processados/process_op41/operantar41_022.cnv
* Sea-Bird SBE 9 Data File:
* FileName = C:\Users\Dell\Desktop\OperantarXLI\config\00_BRUTOS\OPE41022.hdr
* Software Version Seasave V 7.26.7.110
* Temperature SN = 6497
* Conductivity SN = 4954
* Number of Bytes Per Scan = 34
* Number of Voltage Words = 3
* Number of Scans Averaged by the Deck Unit = 1
* NMEA Latitude = 59 45.37 S
* NMEA Longitude = 062 03.38 W
* NMEA UTC (Time) = Nov 14 2022 23:10:24
* NMEA baud rate = 4800
** H41
** Navio Polar Almirante Maximiano
** LH-021/2022
** Operantar XLI
** Número da Estação 022
** Latitude 59 45.358'S
** Longitude 062 03.362'W
** Data/Hora (Z) 14/11/2022 23:11
** Profundidade local 4103 m
** 09-1439
** Nome do Operador CT Garla
# nquan = 30
# nvalues = 4519                        
# units = specified
# name 0 = scan: Scan Count
# name 1 = timeJ: Julian Days
# name 2 = latitude: Latitude [deg]
# name 3 = longitude: Longitude [deg]
# name 4 = dz/dtM: Descent Rate [m/s]
# name 5 = avgsvCM: Average Sound Velocity [Chen-Millero, m/s]
# name 6 = prDM: Pressure, Digiquartz [db]
# name 7 = depSM: Depth [salt water, m]
# name 8 = t090C: Temperature [ITS-90, deg C]
# name 9 = t190C: Temperature, 2 [ITS-90, deg C]
# name 10 = T2-T190C: Temperature Difference, 2 - 1 [ITS-90, deg C]
# name 11 = potemp090C: Potential Temperature [ITS-90, deg C]
# name 12 = potemp190C: Potential Temperature, 2 [ITS-90, deg C]
# name 13 = potemp90Cdiff: Potential Temperature, Diff, 2 - 1 [ITS-90, deg C]
# name 14 = c0S/m: Conductivity [S/m]
# name 15 = c1S/m: Conductivity, 2 [S/m]
# name 16 = C2-C1S/m: Conductivity Difference, 2 - 1 [S/m]
# name 17 = sal00: Salinity, Practical [PSU]
# name 18 = sal11: Salinity, Practical, 2 [PSU]
# name 19 = sbeox0ML/L: Oxygen, SBE 43 [ml/l]
# name 20 = sigma-é00: Density [sigma-theta, kg/m^3]
# name 21 = sigma-é11: Density, 2 [sigma-theta, kg/m^3]
# name 22 = sal00: Salinity, Practical [PSU]
# name 23 = sigma-é00: Density [sigma-theta, kg/m^3]
# name 24 = svCM: Sound Velocity [Chen-Millero, m/s]
# name 25 = svCM1: Sound Velocity, 2 [Chen-Millero, m/s]
# name 26 = gsw_ptA0: potential temperature [ITS-90, deg C]
# name 27 = gsw_densityA0: density, TEOS-10 [density, kg/m^3]
# name 28 = gsw_saA0: Absolute Salinity [g/kg]
# name 29 = flag:
# span 0 =       2526,     133319       
# span 1 = 318.966773, 319.029849       
# span 2 =  -59.76978,  -59.75652       
# span 3 =  -62.06556,  -62.05671       
# span 4 =     -1.888,      1.574       
# span 5 =      -0.01,    1474.45       
# span 6 =      0.000,   2260.000       
# span 7 =      0.000,   2226.719       
# span 8 =    -0.6128,     2.2187       
# span 9 =    -0.6126,     2.2184       
# span 10 =    -0.0207,     0.1637      
# span 11 =    -0.6163,     2.1985      
# span 12 =    -0.6161,     2.1982      
# span 13 =    -0.0207,     0.1635      
# span 14 =   2.765907,   3.095961      
# span 15 =   2.765957,   3.095949      
# span 16 =  -0.001706,   0.016465      
# span 17 =    33.7142,    34.7244      
# span 18 =    33.7145,    34.7241      
# span 19 =     3.7800,     8.0254      
# span 20 =    27.0360,    27.8242      
# span 21 =    27.0363,    27.8240      
# span 22 =    33.7144,    34.7243      
# span 23 =    27.0366,    27.8240      
# span 24 =    1446.46,    1490.84      
# span 25 =    1446.46,    1490.84      
# span 26 =    -0.6162,     2.1985      
# span 27 =  1027.0393,  1038.2720      
# span 28 =    33.8739,    34.8971      
# span 29 = 0.0000e+00, 0.0000e+00      
# interval = decibars: 1                
# start_time = Nov 14 2022 23:10:24 [NMEA time, header]
# bad_flag = -9.990e-29
*END*
[from data line 3674]
     101230 319.014374  -59.76664  -62.06279     -0.926    1474.40    844.000    834.360     2.0294     2.0290    -0.0004     1.9793     1.9789    -0.0004   3.093888   3.093856  -0.000033    34.6945    34.6945     3.9435    27.7286    27.7286    34.6946    27.7287    1471.67    1471.67     1.9793  1031.6686    34.8638 0.0000e+00
     101265 319.014390  -59.76664  -62.06280     -0.680    1474.40    843.000    833.374     2.0298     2.0298    -0.0001     1.9798     1.9797    -0.0001   3.093874   3.093861  -0.000012    34.6944    34.6943     3.9435    27.7285    27.7284    34.6945    27.7286    1471.65    1471.65     1.9798  1031.6639    34.8637 0.0000e+00
     101295 319.014405  -59.76664  -62.06280     -0.773    1474.40    842.000    832.387     2.0302     2.0301    -0.0001     1.9802     1.9801    -0.0001   3.093852   3.093831  -0.000020    34.6943    34.6942     3.9439    27.7283    27.7282    34.6944    27.7284    1471.64    1471.64     1.9802  1031.6591    34.8635 0.0000e+00
     101325 319.014420  -59.76664  -62.06280     -0.800    1474.40    841.000    831.401     2.0310     2.0310    -0.0000     1.9812     1.9811    -0.0000   3.093878   3.093869  -0.000011    34.6942    34.6941     3.9408    27.7282    27.7281    34.6943    27.7283    1471.63    1471.63     1.9811  1031.6543    34.8635 0.0000e+00
     101356 319.014434  -59.76664  -62.06280     -0.768    1474.40    840.000    830.414     2.0316     2.0315    -0.0001     1.9818     1.9817    -0.0001   3.093876   3.093854  -0.000021    34.6941    34.6940     3.9426    27.7280    27.7279    34.6942    27.7281    1471.61    1471.61     1.9818  1031.6496    34.8634 0.0000e+00
     101382 319.014447  -59.76664  -62.06280     -0.866    1474.40    839.000    829.428     2.0323     2.0320    -0.0003     1.9825     1.9823    -0.0002   3.093871   3.093853  -0.000021    34.6939    34.6939     3.9416    27.7278    27.7279    34.6940    27.7279    1471.60    1471.60     1.9825  1031.6447    34.8631 0.0000e+00
     101405 319.014458  -59.76664  -62.06280     -0.975    1474.40    838.000    828.441     2.0325     2.0322    -0.0003     1.9828     1.9826    -0.0003   3.093845   3.093818  -0.000025    34.6938    34.6938     3.9354    27.7277    27.7278    34.6939    27.7278    1471.58    1471.58     1.9828  1031.6400    34.8631 0.0000e+00
     101428 319.014469  -59.76666  -62.06282     -1.051    1474.40    837.000    827.454     2.0331     2.0328    -0.0003     1.9835     1.9832    -0.0003   3.093837   3.093811  -0.000027    34.6936    34.6936     3.9362    27.7275    27.7276    34.6937    27.7276    1471.57    1471.57     1.9835  1031.6351    34.8629 0.0000e+00
     101478 319.014493  -59.76666  -62.06282     -0.567    1474.40    836.000    826.467     2.0344     2.0339    -0.0005     1.9849     1.9844    -0.0005   3.093898   3.093840  -0.000055    34.6934    34.6933     3.9346    27.7273    27.7272    34.6936    27.7274    1471.56    1471.56     1.9848  1031.6303    34.8627 0.0000e+00
     101546 319.014526  -59.76666  -62.06282     -0.351    1474.40    835.000    825.481     2.0359     2.0360     0.0001     1.9864     1.9865     0.0001   3.093961   3.093939  -0.000024    34.6931    34.6928     3.9319    27.7269    27.7266    34.6933    27.7270    1471.55    1471.55     1.9864  1031.6249    34.8620 0.0000e+00
     101562 319.014534 -9.990e-29  -62.06282     -0.865    1474.40    834.000    824.494     2.0373     2.0368    -0.0005     1.9879     1.9874    -0.0005   3.093973   3.093951  -0.000023    34.6924    34.6926     3.9355    27.7262    27.7264    34.6925    27.7263    1471.54    1471.53     1.9878  1031.6154    34.8560 0.0000e+00
     101577 319.014541 -9.990e-29  -62.06282     -1.256    1474.40    833.000    823.508     2.0375     2.0372    -0.0003     1.9881     1.9878    -0.0003   3.093957   3.093922  -0.000032    34.6925    34.6925     3.9350    27.7263    27.7263    34.6926    27.7264    1471.52    1471.52     1.9881  1031.6109    34.8562 0.0000e+00
     101593 319.014549 -9.990e-29  -62.06282     -1.490    1474.40    832.000    822.521     2.0379     2.0376    -0.0003     1.9886     1.9883    -0.0003   3.093939   3.093911  -0.000029    34.6923    34.6923     3.9364    27.7261    27.7261    34.6924    27.7262    1471.50    1471.50     1.9886  1031.6061    34.8560 0.0000e+00
     101615 319.014559 -9.990e-29  -62.06282     -1.368    1474.40    831.000    821.545     2.0384     2.0377    -0.0007     1.9892     1.9885    -0.0007   3.093926   3.093860  -0.000060    34.6922    34.6922     3.9391    27.7259    27.7260    34.6923    27.7260    1471.49    1471.49     1.9892  1031.6013    34.8559 0.0000e+00
     101687 319.014594  -59.76668  -62.06282     -0.122    1474.40    830.000    820.537     2.0396     2.0394    -0.0002     1.9904     1.9902    -0.0002   3.093930   3.093896  -0.000036    34.6916    34.6913     3.9351    27.7254    27.7252    34.6916    27.7254    1471.48    1471.48     1.9904  1031.6004    34.8607 0.0000e+00
     101717 319.014608  -59.76668  -62.06284     -0.673    1474.40    829.000    819.561     2.0395     2.0393    -0.0002     1.9904     1.9902    -0.0002   3.093876   3.093864  -0.000017    34.6916    34.6916     3.9325    27.7254    27.7254    34.6916    27.7254    1471.46    1471.46     1.9904  1031.5958    34.8607 0.0000e+00
     101736 319.014618  -59.76668  -62.06284     -1.043    1474.40    828.000    818.575     2.0396     2.0393    -0.0003     1.9906     1.9902    -0.0003   3.093830   3.093813  -0.000017    34.6914    34.6916     3.9318    27.7252    27.7253    34.6914    27.7252    1471.44    1471.44     1.9905  1031.5910    34.8605 0.0000e+00
     101755 319.014627  -59.76668  -62.06284     -1.237    1474.40    827.000    817.588     2.0397     2.0395    -0.0003     1.9907     1.9905    -0.0003   3.093816   3.093786  -0.000027    34.6916    34.6915     3.9282    27.7253    27.7253    34.6917    27.7254    1471.43    1471.43     1.9907  1031.5866    34.8608 0.0000e+00
     101779 319.014638  -59.76669  -62.06284     -1.152    1474.40    826.000    816.601     2.0418     2.0411    -0.0008     1.9929     1.9921    -0.0008   3.093929   3.093870  -0.000063    34.6912    34.6912     3.9245    27.7248    27.7249    34.6914    27.7250    1471.42    1471.42     1.9928  1031.5815    34.8605 0.0000e+00
     101813 319.014655  -59.76670  -62.06282     -0.761    1474.40    825.000    815.614     2.0423     2.0427     0.0004     1.9934     1.9938     0.0004   3.093915   3.093933   0.000017    34.6912    34.6909     3.9269    27.7248    27.7245    34.6913    27.7249    1471.41    1471.41     1.9934  1031.5767    34.8604 0.0000e+00
     101849 319.014672  -59.76670  -62.06283     -0.646    1474.40    824.000    814.628     2.0424     2.0424    -0.0001     1.9936     1.9935    -0.0001   3.093882   3.093867  -0.000017    34.6912    34.6910     3.9304    27.7248    27.7246    34.6912    27.7248    1471.39    1471.39     1.9936  1031.5721    34.8603 0.0000e+00
     101876 319.014685  -59.76670  -62.06284     -0.809    1474.40    823.000    813.641     2.0436     2.0434    -0.0001     1.9948     1.9947    -0.0001   3.093941   3.093922  -0.000019    34.6910    34.6909     3.9318    27.7245    27.7245    34.6912    27.7247    1471.38    1471.38     1.9948  1031.5673    34.8603 0.0000e+00
     101901 319.014697  -59.76670  -62.06284     -0.942    1474.40    822.000    812.655     2.0458     2.0456    -0.0003     1.9971     1.9969    -0.0003   3.094062   3.094042  -0.000020    34.6906    34.6907     3.9307    27.7240    27.7241    34.6909    27.7243    1471.37    1471.37     1.9971  1031.5622    34.8600 0.0000e+00
     101934 319.014713  -59.76670  -62.06284     -0.810    1474.40    821.000    811.669     2.0471     2.0472     0.0001     1.9985     1.9986     0.0001   3.094135   3.094129  -0.000006    34.6906    34.6904     3.9296    27.7239    27.7238    34.6909    27.7242    1471.36    1471.36     1.9985  1031.5574    34.8600 0.0000e+00
     101982 319.014736  -59.76670  -62.06284     -0.444    1474.40    820.000    810.680     2.0499     2.0499    -0.0000     2.0013     2.0013    -0.0000   3.094296   3.094283  -0.000016    34.6903    34.6901     3.9286    27.7235    27.7233    34.6905    27.7236    1471.36    1471.36     2.0013  1031.5522    34.8595 0.0000e+00
     102011 319.014750  -59.76672  -62.06286     -0.705    1474.40    819.000    809.694     2.0490     2.0488    -0.0001     2.0005     2.0003    -0.0001   3.094182   3.094160  -0.000020    34.6904    34.6903     3.9266    27.7237    27.7236    34.6906    27.7238    1471.34    1471.34     2.0004  1031.5477    34.8597 0.0000e+00
     102031 319.014760  -59.76672  -62.06286     -1.009    1474.40    818.000    808.708     2.0499     2.0498    -0.0001     2.0014     2.0013    -0.0001   3.094222   3.094212  -0.000008    34.6903    34.6904     3.9314    27.7235    27.7235    34.6906    27.7237    1471.32    1471.32     2.0014  1031.5430    34.8597 0.0000e+00
     102051 319.014770  -59.76672  -62.06286     -1.174    1474.40    817.000    807.721     2.0515     2.0511    -0.0004     2.0031     2.0027    -0.0004   3.094293   3.094258  -0.000034    34.6901    34.6901     3.9287    27.7232    27.7232    34.6903    27.7233    1471.31    1471.31     2.0031  1031.5380    34.8594 0.0000e+00
     102075 319.014781  -59.76672  -62.06286     -1.102    1474.40    816.000    806.734     2.0517     2.0514    -0.0003     2.0034     2.0031    -0.0003   3.094270   3.094238  -0.000032    34.6901    34.6901     3.9264    27.7232    27.7231    34.6903    27.7233    1471.30    1471.30     2.0033  1031.5333    34.8594 0.0000e+00
     102107 319.014796  -59.76672  -62.06286     -0.827    1474.40    815.000    805.748     2.0516     2.0514    -0.0001     2.0033     2.0032    -0.0001   3.094220   3.094194  -0.000028    34.6903    34.6901     3.9264    27.7233    27.7232    34.6904    27.7234    1471.28    1471.28     2.0033  1031.5288    34.8595 0.0000e+00
     102141 319.014813  -59.76672  -62.06286     -0.703    1474.40    814.000    804.761     2.0515     2.0514    -0.0001     2.0033     2.0032    -0.0001   3.094172   3.094148  -0.000025    34.6903    34.6901     3.9322    27.7233    27.7231    34.6904    27.7234    1471.26    1471.26     2.0033  1031.5242    34.8595 0.0000e+00
     102177 319.014830  -59.76672  -62.06286     -0.673    1474.40    813.000    803.777     2.0525     2.0530     0.0004     2.0044     2.0048     0.0004   3.094213   3.094229   0.000015    34.6902    34.6899     3.9282    27.7231    27.7229    34.6904    27.7233    1471.25    1471.25     2.0043  1031.5194    34.8594 0.0000e+00
     102212 319.014847  -59.76673  -62.06286     -0.671    1474.40    812.000    802.784     2.0537     2.0541     0.0004     2.0056     2.0060     0.0004   3.094252   3.094260   0.000008    34.6900    34.6897     3.9336    27.7229    27.7226    34.6901    27.7230    1471.24    1471.24     2.0056  1031.5145    34.8592 0.0000e+00
     102241 319.014861  -59.76674  -62.06286     -0.782    1474.40    811.000    801.801     2.0548     2.0548     0.0000     2.0067     2.0068     0.0000   3.094291   3.094279  -0.000011    34.6898    34.6896     3.9296    27.7226    27.7224    34.6899    27.7227    1471.23    1471.23     2.0068  1031.5096    34.8590 0.0000e+00
     102264 319.014872  -59.76674  -62.06286     -0.937    1474.40    810.000    800.814     2.0563     2.0564     0.0000     2.0084     2.0084     0.0000   3.094358   3.094357  -0.000004    34.6894    34.6894     3.9263    27.7222    27.7221    34.6897    27.7224    1471.22    1471.22     2.0083  1031.5046    34.8588 0.0000e+00
     102286 319.014883  -59.76674  -62.06286     -1.051    1474.40    809.000    799.827     2.0590     2.0585    -0.0006     2.0111     2.0105    -0.0006   3.094512   3.094463  -0.000041    34.6888    34.6889     3.9284    27.7215    27.7216    34.6893    27.7219    1471.21    1471.21     2.0110  1031.4993    34.8583 0.0000e+00
     102311 319.014895  -59.76674  -62.06287     -1.040    1474.40    808.000    798.841     2.0617     2.0612    -0.0005     2.0138     2.0133    -0.0005   3.094646   3.094599  -0.000044    34.6882    34.6882     3.9275    27.7208    27.7208    34.6886    27.7211    1471.21    1471.21     2.0138  1031.4939    34.8576 0.0000e+00
     102353 319.014915  -59.76674  -62.06288     -0.625    1474.40    807.000    797.854     2.0634     2.0629    -0.0005     2.0156     2.0150    -0.0005   3.094736   3.094672  -0.000065    34.6881    34.6878     3.9260    27.7205    27.7204    34.6884    27.7208    1471.20    1471.19     2.0155  1031.4889    34.8574 0.0000e+00
     102403 319.014939  -59.76675  -62.06288     -0.439    1474.40    806.000    796.867     2.0645     2.0648     0.0004     2.0167     2.0171     0.0004   3.094765   3.094765  -0.000003    34.6878    34.6874     3.9244    27.7202    27.7199    34.6881    27.7204    1471.19    1471.19     2.0167  1031.4839    34.8571 0.0000e+00
     102428 319.014951  -59.76676  -62.06288     -0.787    1474.40    805.000    795.880     2.0654     2.0653    -0.0001     2.0177     2.0176    -0.0001   3.094773   3.094760  -0.000010    34.6875    34.6875     3.9220    27.7199    27.7199    34.6877    27.7201    1471.17    1471.17     2.0177  1031.4790    34.8567 0.0000e+00
     102447 319.014961  -59.76676  -62.06288     -1.067    1474.40    804.000    794.893     2.0667     2.0664    -0.0003     2.0191     2.0188    -0.0003   3.094837   3.094812  -0.000019    34.6872    34.6873     3.9230    27.7195    27.7196    34.6876    27.7199    1471.16    1471.16     2.0190  1031.4741    34.8567 0.0000e+00
     102466 319.014970  -59.76676  -62.06288     -1.229    1474.40    803.000    793.906     2.0688     2.0684    -0.0004     2.0212     2.0208    -0.0004   3.094929   3.094889  -0.000046    34.6868    34.6867     3.9197    27.7191    27.7190    34.6870    27.7192    1471.16    1471.15     2.0212  1031.4688    34.8560 0.0000e+00
     102486 319.014979  -59.76676  -62.06288     -1.254    1474.40    802.000    792.920     2.0689     2.0685    -0.0004     2.0213     2.0210    -0.0004   3.094877   3.094851  -0.000026    34.6867    34.6868     3.9192    27.7190    27.7191    34.6869    27.7191    1471.14    1471.14     2.0213  1031.4641    34.8559 0.0000e+00
     102509 319.014991  -59.76676  -62.06288     -1.130    1474.40    801.000    791.933     2.0691     2.0687    -0.0004     2.0216     2.0213    -0.0004   3.094854   3.094837  -0.000016    34.6867    34.6869     3.9175    27.7189    27.7191    34.6869    27.7191    1471.12    1471.12     2.0216  1031.4594    34.8559 0.0000e+00
     102543 319.015007  -59.76676  -62.06288     -0.808    1474.40    800.000    790.948     2.0695     2.0695    -0.0000     2.0221     2.0221    -0.0000   3.094859   3.094839  -0.000021    34.6869    34.6867     3.9173    27.7191    27.7189    34.6871    27.7192    1471.11    1471.11     2.0221  1031.4536    34.8544 0.0000e+00
     102587 319.015028 -9.990e-29  -62.06289     -0.524    1474.40    799.000    789.957     2.0698     2.0699     0.0001     2.0225     2.0226     0.0001   3.094830   3.094814  -0.000018    34.6868    34.6864     3.9206    27.7190    27.7187    34.6869    27.7191    1471.09    1471.09     2.0224  1031.4457    34.8504 0.0000e+00
     102619 319.015043 -9.990e-29  -62.06290     -0.690    1474.40    798.000    788.972     2.0698     2.0698    -0.0001     2.0226     2.0225    -0.0001   3.094791   3.094777  -0.000010    34.6868    34.6868     3.9234    27.7190    27.7189    34.6869    27.7191    1471.08    1471.08     2.0225  1031.4412    34.8505 0.0000e+00
     102644 319.015055  -59.76678  -62.06290     -0.886    1474.40    797.000    787.986     2.0703     2.0699    -0.0004     2.0231     2.0227    -0.0004   3.094768   3.094746  -0.000023    34.6866    34.6867     3.9188    27.7188    27.7189    34.6867    27.7189    1471.06    1471.06     2.0231  1031.4371    34.8512 0.0000e+00
