Pos-Processados/process_op41/operantar41_003.cnv
* Sea-Bird SBE 9 Data File:
* FileName = C:\Users\Dell\Desktop\Operantar XLI\Raw\OP41003.hdr
* Software Version Seasave V 7.26.7.110
* Temperature SN = 6497
* Conductivity SN = 4954
* Number of Bytes Per Scan = 31
* Number of Voltage Words = 2
* Number of Scans Averaged by the Deck Unit = 1
* NMEA Latitude = 37 44.65 S
* NMEA Longitude = 048 37.45 W
* NMEA UTC (Time) = Oct 18 2022 02:57:07
* NMEA baud rate = 4800
** H41
** Navio Polar Almirante Maximiano
** LH-021/2022
** Operantar XLI
** Número da Estação 003
** Latitude 37ª44.632S
** Longitude 048ª37.496W
** Data/Hora (Z) 18/10/2022 0257Z
** Profundidade local 5500
** 09-1439
** Nome do Operador 1T FILIPE LOPES
# nquan = 30
# nvalues = 2029                        
# units = specified
# name 0 = scan: Scan Count
# name 1 = timeJ: Julian Days
# name 2 = latitude: Latitude [deg]
# name 3 = longitude: Longitude [deg]
# name 4 = dz/dtM: Descent Rate [m/s]
# name 5 = avgsvCM: Average Sound Velocity [Chen-Millero, m/s]
# name 6 = prDM: Pressure, Digiquartz [db]
# name 7 = depSM: Depth [salt water, m]
# name 8 = t090C: Temperature [ITS-90, deg C]
# name 9 = t190C: Temperature, 2 [ITS-90, deg C]
# name 10 = T2-T190C: Temperature Difference, 2 - 1 [ITS-90, deg C]
# name 11 = potemp090C: Potential Temperature [ITS-90, deg C]
# name 12 = potemp190C: Potential Temperature, 2 [ITS-90, deg C]
# name 13 = potemp90Cdiff: Potential Temperature, Diff, 2 - 1 [ITS-90, deg C]
# name 14 = c0S/m: Conductivity [S/m]
# name 15 = c1S/m: Conductivity, 2 [S/m]
# name 16 = C2-C1S/m: Conductivity Difference, 2 - 1 [S/m]
# name 17 = sal00: Salinity, Practical [PSU]
# name 18 = sal11: Salinity, Practical, 2 [PSU]
# name 19 = sbeox0ML/L: Oxygen, SBE 43 [ml/l]
# name 20 = sigma-é00: Density [sigma-theta, kg/m^3]
# name 21 = sigma-é11: Density, 2 [sigma-theta, kg/m^3]
# name 22 = sal00: Salinity, Practical [PSU]
# name 23 = sigma-é00: Density [sigma-theta, kg/m^3]
# name 24 = svCM: Sound Velocity [Chen-Millero, m/s]
# name 25 = svCM1: Sound Velocity, 2 [Chen-Millero, m/s]
# name 26 = gsw_ptA0: potential temperature [ITS-90, deg C]
# name 27 = gsw_densityA0: density, TEOS-10 [density, kg/m^3]
# name 28 = gsw_saA0: Absolute Salinity [g/kg]
# name 29 = flag:
# span 0 =       4712,      64521       
# span 1 = 291.125269, 291.154113       
# span 2 =  -37.74781,  -37.74434       
# span 3 =  -48.62373,  -48.61774       
# span 4 =     -2.057,      1.650       
# span 5 =       0.00,    1529.66       
# span 6 =      4.000,   1018.000       
# span 7 =      3.981,   1007.909       
# span 8 =     3.4357,    14.5218       
# span 9 =     3.4358,    14.5221       
# span 10 =    -0.1263,     0.1010      
# span 11 =     3.3635,    14.5004      
# span 12 =     3.3636,    14.5007      
# span 13 =    -0.1260,     0.1007      
# span 14 =   3.184004,   4.317189      
# span 15 =   3.184013,   4.317172      
# span 16 =  -0.013556,   0.009986      
# span 17 =    34.1464,    35.6075      
# span 18 =    34.1470,    35.6068      
# span 19 =     4.7707,     6.2812      
# span 20 =    26.3194,    27.2407      
# span 21 =    26.3188,    27.2408      
# span 22 =    34.1461,    35.6081      
# span 23 =    26.3194,    27.2407      
# span 24 =    1478.88,    1508.31      
# span 25 =    1478.88,    1508.31      
# span 26 =     3.3633,    14.5004      
# span 27 =  1026.3421,  1031.9455      
# span 28 =    34.3084,    35.7762      
# span 29 = 0.0000e+00, 0.0000e+00      
# interval = decibars: 1                
# start_time = Oct 18 2022 02:57:07 [NMEA time, header]
# bad_flag = -9.990e-29
*END*
[from data line 1596]
      46342 291.145346  -37.74666  -48.61952     -0.870    1488.80    436.000    432.291     7.2872     7.2527    -0.0345     7.2451     7.2107    -0.0344   3.521837   3.518850  -0.003049    34.4013    34.4023     5.1772    26.9130    26.9186    34.4242    26.9310    1486.21    1486.08     7.2450  1028.9166    34.5871 0.0000e+00
      46367 291.145358  -37.74665  -48.61952     -0.974    1488.80    435.000    431.301     7.4040     7.3884    -0.0156     7.3616     7.3461    -0.0155   3.533562   3.532464  -0.001237    34.4214    34.4234     5.2000    26.9123    26.9161    34.4363    26.9240    1486.66    1486.60     7.3615  1028.9039    34.5992 0.0000e+00
      46403 291.145375  -37.74666 -9.990e-29     -0.734    1488.80    434.000    430.311     7.4259     7.4401     0.0142     7.3835     7.3977     0.0141   3.535786   3.537108   0.001483    34.4269    34.4290     5.2021    26.9135    26.9131    34.4393    26.9232    1486.73    1486.79     7.3834  1028.8984    34.6022 0.0000e+00
      46435 291.145391  -37.74666 -9.990e-29     -0.688    1488.80    433.000    429.320     7.4413     7.4319    -0.0094     7.3990     7.3896    -0.0093   3.536911   3.536393  -0.000659    34.4290    34.4311     5.1276    26.9130    26.9160    34.4367    26.9190    1486.77    1486.74     7.3989  1028.8896    34.5997 0.0000e+00
      46456 291.145401  -37.74666 -9.990e-29     -0.925    1488.80    432.000    428.330     7.4356     7.4419     0.0062     7.3935     7.3997     0.0062   3.536733   3.537457   0.000867    34.4283    34.4315     5.1118    26.9132    26.9148    34.4408    26.9231    1486.74    1486.76     7.3933  1028.8891    34.6038 0.0000e+00
      46472 291.145409  -37.74666  -48.61950     -1.194    1488.80    431.000    427.339     7.4537     7.4470    -0.0068     7.4116     7.4048    -0.0068   3.537815   3.536756  -0.000865    34.4303    34.4277     5.1054    26.9122    26.9111    34.4351    26.9160    1486.78    1486.75     7.4115  1028.8773    34.5980 0.0000e+00
      46487 291.145416  -37.74666  -48.61950     -1.424    1488.80    430.000    426.349     7.4158     7.4081    -0.0076     7.3738     7.3662    -0.0076   3.533104   3.531611  -0.001027    34.4224    34.4189     5.1085    26.9114    26.9097    34.4221    26.9111    1486.60    1486.56     7.3738  1028.8683    34.5849 0.0000e+00
      46501 291.145422  -37.74666  -48.61950     -1.601    1488.80    429.000    425.358     7.3509     7.3243    -0.0266     7.3093     7.2828    -0.0265   3.524842   3.522011  -0.003111    34.4063    34.3988     5.1145    26.9079    26.9057    34.3971    26.9006    1486.31    1486.20     7.3092  1028.8540    34.5598 0.0000e+00
      46515 291.145429  -37.74666  -48.61950     -1.709    1488.80    428.000    424.367     7.3043     7.2943    -0.0100     7.2629     7.2530    -0.0099   3.520384   3.519408  -0.001099    34.3958    34.3938     5.1204    26.9062    26.9060    34.3953    26.9057    1486.11    1486.07     7.2629  1028.8550    34.5580 0.0000e+00
      46531 291.145437  -37.74666  -48.61950     -1.675    1488.80    427.000    423.377     7.3004     7.2915    -0.0089     7.2591     7.2503    -0.0088   3.519997   3.519041  -0.001007    34.3934    34.3913     5.1222    26.9048    26.9044    34.3954    26.9064    1486.08    1486.04     7.2590  1028.8512    34.5581 0.0000e+00
      46552 291.145447  -37.74666  -48.61950     -1.377    1488.80    426.000    422.387     7.3085     7.3145     0.0060     7.2673     7.2733     0.0060   3.520795   3.521735   0.000777    34.3939    34.3964     5.1730    26.9040    26.9051    34.3966    26.9061    1486.09    1486.12     7.2672  1028.8463    34.5593 0.0000e+00
      46583 291.145462  -37.74666  -48.61949     -0.879    1488.80    425.000    421.396     7.3270     7.3326     0.0056     7.2859     7.2915     0.0056   3.523085   3.523806   0.001107    34.3970    34.4035     5.3464    26.9039    26.9082    34.4036    26.9090    1486.16    1486.18     7.2858  1028.8445    34.5663 0.0000e+00
      46612 291.145476  -37.74666  -48.61948     -0.774    1488.80    424.000    420.406     7.4247     7.3904    -0.0343     7.3834     7.3492    -0.0342   3.532532   3.530600  -0.002905    34.4062    34.4086     5.4363    26.8973    26.9040    34.4099    26.9002    1486.52    1486.41     7.3833  1028.8301    34.5726 0.0000e+00
      46636 291.145487  -37.74666  -48.61948     -0.929    1488.80    423.000    419.415     7.4344     7.4980     0.0636     7.3931     7.4565     0.0633   3.536357   3.542444   0.006707    34.4144    34.4242     5.4403    26.9023    26.9010    34.4422    26.9242    1486.59    1486.83     7.3930  1028.8494    34.6051 0.0000e+00
      46661 291.145499  -37.74666  -48.61948     -0.998    1488.80    422.000    418.425     7.7176     7.7011    -0.0166     7.6755     7.6590    -0.0165   3.564740   3.563260  -0.001455    34.4510    34.4517     5.3508    26.8905    26.8934    34.4696    26.9050    1487.69    1487.62     7.6754  1028.8230    34.6326 0.0000e+00
      46690 291.145514  -37.74666  -48.61948     -0.864    1488.80    421.000    417.434     7.7599     7.7496    -0.0103     7.7178     7.7075    -0.0103   3.568565   3.567720  -0.000813    34.4577    34.4591     5.3208    26.8896    26.8921    34.4695    26.8988    1487.83    1487.79     7.7177  1028.8119    34.6325 0.0000e+00
      46716 291.145526  -37.74668  -48.61948     -0.841    1488.80    420.000    416.444     7.8120     7.7877    -0.0243     7.7698     7.7456    -0.0243   3.574211   3.571746  -0.002157    34.4645    34.4653     5.2221    26.8872    26.8914    34.4793    26.8989    1488.03    1487.93     7.7698  1028.8069    34.6424 0.0000e+00
      46737 291.145536  -37.74668  -48.61948     -1.020    1488.80    419.000    415.453     7.8580     7.8586     0.0006     7.8157     7.8164     0.0006   3.579615   3.580497   0.000693    34.4699    34.4767     5.1126    26.8848    26.8900    34.4925    26.9026    1488.20    1488.21     7.8156  1028.8056    34.6557 0.0000e+00
      46755 291.145545  -37.74668  -48.61948     -1.215    1488.80    418.000    414.463     7.9282     7.9414     0.0132     7.8858     7.8990     0.0132   3.586474   3.588052   0.001536    34.4823    34.4857     5.0642    26.8842    26.8849    34.4975    26.8961    1488.46    1488.51     7.8857  1028.7939    34.6606 0.0000e+00
      46772 291.145553  -37.74668  -48.61947     -1.335    1488.80    417.000    413.472     7.9605     7.9663     0.0059     7.9181     7.9239     0.0058   3.589656   3.590458   0.000741    34.4874    34.4896     5.0566    26.8834    26.8843    34.5002    26.8935    1488.56    1488.59     7.9180  1028.7865    34.6634 0.0000e+00
      46790 291.145562  -37.74668  -48.61946     -1.361    1488.80    416.000    412.482     7.9723     7.9797     0.0074     7.9300     7.9374     0.0074   3.590967   3.591769   0.000861    34.4907    34.4927     5.0561    26.8843    26.8847    34.5031    26.8940    1488.60    1488.63     7.9299  1028.7823    34.6663 0.0000e+00
      46811 291.145572  -37.74668  -48.61946     -1.261    1488.80    415.000    411.491     7.9903     7.9889    -0.0015     7.9481     7.9466    -0.0015   3.592649   3.592725   0.000039    34.4936    34.4955     5.0521    26.8839    26.8856    34.5039    26.8919    1488.65    1488.65     7.9480  1028.7756    34.6671 0.0000e+00
      46835 291.145583  -37.74668  -48.61946     -1.081    1488.80    414.000    410.501     7.9917     7.9952     0.0035     7.9496     7.9531     0.0035   3.592714   3.593102   0.000441    34.4949    34.4962     5.0366    26.8846    26.8851    34.5037    26.8915    1488.64    1488.65     7.9495  1028.7707    34.6668 0.0000e+00
      46858 291.145595  -37.74668  -48.61946     -1.001    1488.80    413.000    409.510     7.9887     7.9853    -0.0035     7.9467     7.9432    -0.0035   3.592353   3.591819  -0.000356    34.4956    34.4952     5.0164    26.8856    26.8858    34.5032    26.8916    1488.61    1488.59     7.9466  1028.7663    34.6664 0.0000e+00
      46878 291.145604  -37.74668  -48.61944     -1.086    1488.80    412.000    408.519     8.0337     8.0103    -0.0234     7.9916     7.9682    -0.0233   3.597499   3.595745  -0.001942    34.4996    34.5018     5.0003    26.8821    26.8873    34.5145    26.8938    1488.78    1488.69     7.9915  1028.7635    34.6778 0.0000e+00
      46897 291.145613  -37.74668  -48.61944     -1.216    1488.80    411.000    407.529     8.0858     8.0875     0.0017     8.0437     8.0454     0.0017   3.602257   3.602801   0.000467    34.5030    34.5062     4.9950    26.8769    26.8793    34.5146    26.8861    1488.96    1488.97     8.0436  1028.7508    34.6778 0.0000e+00
      46917 291.145623  -37.74668  -48.61944     -1.259    1488.80    410.000    406.538     8.1319     8.1340     0.0021     8.0897     8.0918     0.0021   3.606952   3.607410   0.000518    34.5066    34.5101     5.0059    26.8729    26.8754    34.5199    26.8833    1489.12    1489.13     8.0897  1028.7431    34.6831 0.0000e+00
      46944 291.145636  -37.74668  -48.61944     -1.041    1488.80    409.000    405.548     8.1551     8.1609     0.0058     8.1130     8.1187     0.0058   3.608899   3.609402   0.000475    34.5106    34.5100     5.0120    26.8726    26.8712    34.5184    26.8786    1489.19    1489.21     8.1129  1028.7337    34.6816 0.0000e+00
      46979 291.145653  -37.74668  -48.61944     -0.691    1488.80    408.000    404.557     8.1117     8.1549     0.0433     8.0698     8.1129     0.0432   3.604572   3.608672   0.004061    34.5101    34.5109     5.0164    26.8786    26.8728    34.5153    26.8827    1489.01    1489.17     8.0697  1028.7349    34.6802 0.0000e+00
      47006 291.145666 -9.990e-29  -48.61944     -0.781    1488.80    407.000    403.567     8.1406     8.1389    -0.0017     8.0987     8.0970    -0.0017   3.607321   3.607424  -0.000068    34.5122    34.5131     5.0078    26.8760    26.8769    34.5167    26.8795    1489.10    1489.10     8.0986  1028.7274    34.6822 0.0000e+00
      47027 291.145676 -9.990e-29  -48.61944     -1.002    1488.80    406.000    402.576     8.1880     8.2060     0.0181     8.1460     8.1640     0.0180   3.612909   3.615085   0.002270    34.5140    34.5205     5.0020    26.8702    26.8726    34.5302    26.8830    1489.28    1489.35     8.1460  1028.7259    34.6958 0.0000e+00
      47047 291.145686 -9.990e-29  -48.61944     -1.169    1488.80    405.000    401.585     8.2499     8.2540     0.0041     8.2079     8.2120     0.0041   3.618441   3.619121   0.000616    34.5197    34.5222     4.9940    26.8654    26.8667    34.5288    26.8725    1489.49    1489.51     8.2078  1028.7104    34.6944 0.0000e+00
      47071 291.145697  -37.74670  -48.61944     -1.128    1488.80    404.000    400.595     8.2651     8.2736     0.0085     8.2232     8.2317     0.0085   3.619919   3.620779   0.000966    34.5222    34.5241     4.9968    26.8650    26.8652    34.5301    26.8712    1489.54    1489.57     8.2231  1028.7036    34.6946 0.0000e+00
      47098 291.145710  -37.74670  -48.61944     -0.920    1488.80    403.000    399.604     8.2832     8.2761    -0.0071     8.2413     8.2342    -0.0071   3.621467   3.620948  -0.000509    34.5233    34.5248     5.0032    26.8631    26.8654    34.5294    26.8679    1489.59    1489.56     8.2412  1028.6947    34.6927 0.0000e+00
      47123 291.145723  -37.74670  -48.61942     -0.892    1488.80    402.000    398.613     8.2767     8.2753    -0.0014     8.2350     8.2336    -0.0014   3.620674   3.620668  -0.000034    34.5235    34.5245     5.0027    26.8642    26.8652    34.5277    26.8675    1489.54    1489.54     8.2349  1028.6899    34.6910 0.0000e+00
      47144 291.145733  -37.74670  -48.61942     -1.031    1488.80    401.000    397.623     8.2783     8.2879     0.0095     8.2367     8.2462     0.0095   3.620903   3.621871   0.000969    34.5225    34.5234     5.0014    26.8632    26.8625    34.5291    26.8683    1489.54    1489.57     8.2366  1028.6862    34.6924 0.0000e+00
      47163 291.145742  -37.74670  -48.61942     -1.199    1488.80    400.000    396.632     8.3192     8.3138    -0.0054     8.2775     8.2721    -0.0054   3.625153   3.624852  -0.000286    34.5242    34.5264     5.0041    26.8583    26.8609    34.5346    26.8665    1489.68    1489.66     8.2774  1028.6795    34.6980 0.0000e+00
      47183 291.145751  -37.74670  -48.61942     -1.252    1488.80    399.000    395.642     8.3662     8.3646    -0.0016     8.3245     8.3229    -0.0016   3.629981   3.629851   0.000067    34.5298    34.5320     5.0095    26.8556    26.8575    34.5403    26.8638    1489.85    1489.84     8.3244  1028.6718    34.7037 0.0000e+00
      47210 291.145764  -37.74670  -48.61942     -1.029    1488.80    398.000    394.651     8.4095     8.3981    -0.0114     8.3678     8.3564    -0.0114   3.633864   3.632791  -0.001034    34.5339    34.5341     5.0278    26.8521    26.8540    34.5396    26.8566    1489.99    1489.95     8.3677  1028.6597    34.7029 0.0000e+00
      47248 291.145782  -37.74670  -48.61940     -0.648    1488.80    397.000    393.660     8.3619     8.3523    -0.0095     8.3204     8.3109    -0.0095   3.629163   3.628116  -0.001062    34.5334    34.5315     5.0750    26.8590    26.8590    34.5368    26.8617    1489.79    1489.75     8.3203  1028.6607    34.7001 0.0000e+00
      47277 291.145797  -37.74670  -48.61940     -0.715    1488.80    396.000    392.670     8.3876     8.3902     0.0026     8.3461     8.3487     0.0026   3.631634   3.632283   0.000841    34.5322    34.5386     5.0869    26.8541    26.8587    34.5383    26.8589    1489.87    1489.89     8.3461  1028.6532    34.7016 0.0000e+00
      47297 291.145806  -37.74671  -48.61940     -0.987    1488.80    395.000    391.679     8.5272     8.4422    -0.0850     8.4854     8.4007    -0.0847   3.647666   3.640455  -0.007401    34.5456    34.5504     5.0644    26.8432    26.8600    34.5720    26.8639    1490.42    1490.11     8.4853  1028.6524    34.7355 0.0000e+00
      47313 291.145814  -37.74672  -48.61940     -1.250    1488.80    394.000    390.688     8.5966     8.5984     0.0018     8.5548     8.5565     0.0018   3.653801   3.653953   0.000247    34.5555    34.5564     5.0489    26.8402    26.8407    34.5694    26.8511    1490.66    1490.67     8.5547  1028.6345    34.7328 0.0000e+00
      47327 291.145821  -37.74672  -48.61940     -1.469    1488.80    393.000    389.698     8.6243     8.6290     0.0047     8.5825     8.5871     0.0047   3.656237   3.656958   0.000624    34.5583    34.5603     5.0554    26.8381    26.8389    34.5685    26.8461    1490.75    1490.77     8.5824  1028.6248    34.7320 0.0000e+00
      47342 291.145828  -37.74672  -48.61940     -1.604    1488.80    392.000    388.707     8.6399     8.6414     0.0015     8.5981     8.5996     0.0015   3.657915   3.658278   0.000315    34.5607    34.5626     5.0632    26.8376    26.8388    34.5715    26.8460    1490.79    1490.80     8.5980  1028.6201    34.7350 0.0000e+00
      47357 291.145835  -37.74672  -48.61940     -1.638    1488.80    391.000    387.716     8.6795     8.6730    -0.0065     8.6377     8.6312    -0.0065   3.662895   3.661998  -0.000491    34.5671    34.5682     5.0567    26.8364    26.8383    34.5858    26.8510    1490.94    1490.91     8.6376  1028.6202    34.7493 0.0000e+00
      47374 291.145843  -37.74672  -48.61940     -1.568    1488.80    390.000    386.726     8.7638     8.7403    -0.0235     8.7219     8.6985    -0.0234   3.671240   3.669521  -0.002025    34.5764    34.5779     5.0272    26.8305    26.8354    34.5918    26.8426    1491.24    1491.16     8.7218  1028.6066    34.7554 0.0000e+00
