Pos-Processados/process_op41/operantar41_013LR.cnv
* Sea-Bird SBE 9 Data File:
* FileName = C:\Users\Dell\Desktop\OperantarXLI\config\00_BRUTOS\OPE41013LR.hdr
* Software Version Seasave V 7.26.7.110
* Temperature SN = 6497
* Conductivity SN = 4954
* Number of Bytes Per Scan = 31
* Number of Voltage Words = 2
* Number of Scans Averaged by the Deck Unit = 1
* NMEA Latitude = 44 24.07 S
* NMEA Longitude = 051 46.92 W
* NMEA UTC (Time) = Oct 23 2022 21:56:09
* NMEA baud rate = 4800
** H41
** Navio Polar Almirante Maximiano
** LH-021/2022
** Operantar XLI
** Número da Estação 013LR
** Latitude 44 24.027' S
** Longitude 051 47.160' W
** Data/Hora (Z) 23/10/2022 2152Z
** Profundidade local 5823 m
** 09-1439
** Nome do Operador CT Garla
# nquan = 30
# nvalues = 4091                        
# units = specified
# name 0 = scan: Scan Count
# name 1 = timeJ: Julian Days
# name 2 = latitude: Latitude [deg]
# name 3 = longitude: Longitude [deg]
# name 4 = dz/dtM: Descent Rate [m/s]
# name 5 = avgsvCM: Average Sound Velocity [Chen-Millero, m/s]
# name 6 = prDM: Pressure, Digiquartz [db]
# name 7 = depSM: Depth [salt water, m]
# name 8 = t090C: Temperature [ITS-90, deg C]
# name 9 = t190C: Temperature, 2 [ITS-90, deg C]
# name 10 = T2-T190C: Temperature Difference, 2 - 1 [ITS-90, deg C]
# name 11 = potemp090C: Potential Temperature [ITS-90, deg C]
# name 12 = potemp190C: Potential Temperature, 2 [ITS-90, deg C]
# name 13 = potemp90Cdiff: Potential Temperature, Diff, 2 - 1 [ITS-90, deg C]
# name 14 = c0S/m: Conductivity [S/m]
# name 15 = c1S/m: Conductivity, 2 [S/m]
# name 16 = C2-C1S/m: Conductivity Difference, 2 - 1 [S/m]
# name 17 = sal00: Salinity, Practical [PSU]
# name 18 = sal11: Salinity, Practical, 2 [PSU]
# name 19 = sbeox0ML/L: Oxygen, SBE 43 [ml/l]
# name 20 = sigma-é00: Density [sigma-theta, kg/m^3]
# name 21 = sigma-é11: Density, 2 [sigma-theta, kg/m^3]
# name 22 = sal00: Salinity, Practical [PSU]
# name 23 = sigma-é00: Density [sigma-theta, kg/m^3]
# name 24 = svCM: Sound Velocity [Chen-Millero, m/s]
# name 25 = svCM1: Sound Velocity, 2 [Chen-Millero, m/s]
# name 26 = gsw_ptA0: potential temperature [ITS-90, deg C]
# name 27 = gsw_densityA0: density, TEOS-10 [density, kg/m^3]
# name 28 = gsw_saA0: Absolute Salinity [g/kg]
# name 29 = flag:
# span 0 =        502,     123172       
# span 1 = 296.914235, 296.973393       
# span 2 =  -44.41926,  -44.40136       
# span 3 =  -51.78181,  -51.71055       
# span 4 =     -1.753,      1.454       
# span 5 =       0.00,    1504.64       
# span 6 =      6.000,   2051.000       
# span 7 =      5.954,   2024.521       
# span 8 =     2.7196,    14.4231       
# span 9 =     2.7203,    14.4230       
# span 10 =    -0.0927,     0.1018      
# span 11 =     2.6136,    14.4079      
# span 12 =     2.6143,    14.4079      
# span 13 =    -0.0926,     0.1015      
# span 14 =   3.159740,   4.291672      
# span 15 =   3.159754,   4.291634      
# span 16 =  -0.052748,   0.009689      
# span 17 =    34.1278,    35.4773      
# span 18 =    34.0855,    35.4770      
# span 19 =     3.8349,     6.3012      
# span 20 =    25.7496,    27.7268      
# span 21 =    25.4955,    27.7277      
# span 22 =    34.1246,    35.4802      
# span 23 =    25.7602,    27.7292      
# span 24 =    1476.09,    1507.12      
# span 25 =    1476.09,    1507.12      
# span 26 =     2.6134,    14.4079      
# span 27 =  1025.7911,  1037.1200      
# span 28 =    34.2869,    35.6479      
# span 29 = 0.0000e+00, 0.0000e+00      
# interval = decibars: 1                
# start_time = Oct 23 2022 21:56:09 [NMEA time, header]
# bad_flag = -9.990e-29
*END*
[from data line 1789]
      52677 296.939396  -44.40892  -51.75294      0.946    1483.71   1795.000   1772.908     2.9161     2.9111    -0.0050     2.7838     2.7789    -0.0049   3.211089   3.210975  -0.000166    34.6838    34.6871     3.9913    27.6523    27.6553    34.6878    27.6555    1491.34    1491.32     2.7835  1035.9008    34.8564 0.0000e+00
      52697 296.939406  -44.40892  -51.75294      1.097    1483.71   1796.000   1773.891     2.9217     2.9212    -0.0005     2.7892     2.7888    -0.0005   3.211746   3.211792   0.000038    34.6875    34.6884     3.9937    27.6547    27.6555    34.6893    27.6562    1491.38    1491.38     2.7889  1035.9058    34.8580 0.0000e+00
      52717 296.939415  -44.40892  -51.75294      1.196    1483.71   1797.000   1774.875     2.9217     2.9214    -0.0002     2.7892     2.7889    -0.0002   3.211835   3.211877   0.000047    34.6881    34.6890     3.9975    27.6552    27.6560    34.6898    27.6566    1491.40    1491.40     2.7889  1035.9107    34.8585 0.0000e+00
      52738 296.939426  -44.40892  -51.75292      1.177    1483.71   1798.000   1775.858     2.9223     2.9215    -0.0008     2.7897     2.7889    -0.0007   3.211946   3.211911  -0.000035    34.6886    34.6890     4.0188    27.6556    27.6559    34.6901    27.6568    1491.41    1491.41     2.7893  1035.9153    34.8587 0.0000e+00
      52763 296.939438  -44.40894  -51.75292      1.036    1483.71   1799.000   1776.842     2.9224     2.9212    -0.0012     2.7897     2.7885    -0.0012   3.212069   3.211968  -0.000085    34.6891    34.6894     4.0447    27.6560    27.6564    34.6909    27.6574    1491.43    1491.43     2.7894  1035.9204    34.8596 0.0000e+00
      52788 296.939450  -44.40894  -51.75290      0.949    1483.71   1800.000   1777.825     2.9336     2.9317    -0.0019     2.8006     2.7988    -0.0018   3.213333   3.213248  -0.000109    34.6918    34.6924     4.0623    27.6571    27.6578    34.6939    27.6588    1491.50    1491.50     2.8003  1035.9257    34.8625 0.0000e+00
      52810 296.939460  -44.40894  -51.75290      1.021    1483.71   1801.000   1778.809     2.9377     2.9369    -0.0007     2.8046     2.8038    -0.0007   3.213806   3.213805   0.000002    34.6929    34.6937     4.0669    27.6577    27.6584    34.6947    27.6591    1491.54    1491.54     2.8042  1035.9303    34.8634 0.0000e+00
      52832 296.939471  -44.40894  -51.75290      1.106    1483.71   1802.000   1779.792     2.9409     2.9393    -0.0016     2.8077     2.8061    -0.0016   3.214203   3.214081  -0.000115    34.6940    34.6943     4.0685    27.6583    27.6587    34.6956    27.6596    1491.57    1491.56     2.8073  1035.9351    34.8642 0.0000e+00
      52859 296.939484  -44.40896  -51.75289      0.981    1483.71   1803.000   1780.775     2.9350     2.9364     0.0015     2.8017     2.8032     0.0015   3.213632   3.213731   0.000083    34.6942    34.6937     4.0772    27.6590    27.6584    34.6945    27.6592    1491.56    1491.57     2.8014  1035.9396    34.8632 0.0000e+00
      52904 296.939506  -44.40896  -51.75287      0.516    1483.71   1804.000   1781.758     2.9284     2.9303     0.0019     2.7951     2.7971     0.0019   3.213136   3.213241   0.000106    34.6944    34.6936     4.0896    27.6597    27.6590    34.6950    27.6602    1491.55    1491.56     2.7948  1035.9454    34.8637 0.0000e+00
      52937 296.939522  -44.40898  -51.75286      0.647    1483.71   1805.000   1782.745     2.9281     2.9284     0.0003     2.7948     2.7951     0.0003   3.213183   3.213221   0.000039    34.6949    34.6951     4.0868    27.6602    27.6603    34.6954    27.6606    1491.57    1491.57     2.7944  1035.9502    34.8641 0.0000e+00
      52960 296.939533  -44.40898  -51.75285      0.921    1483.71   1806.000   1783.726     2.9277     2.9278     0.0001     2.7943     2.7944     0.0001   3.213222   3.213242   0.000020    34.6952    34.6954     4.0857    27.6604    27.6606    34.6958    27.6609    1491.58    1491.58     2.7940  1035.9551    34.8644 0.0000e+00
      52981 296.939543  -44.40898  -51.75284      1.084    1483.71   1807.000   1784.709     2.9325     2.9319    -0.0005     2.7989     2.7984    -0.0005   3.213789   3.213795 9.6771e-07    34.6963    34.6968     4.0783    27.6609    27.6614    34.6971    27.6615    1491.62    1491.62     2.7986  1035.9600    34.8657 0.0000e+00
      53003 296.939553  -44.40898  -51.75284      1.128    1483.71   1808.000   1785.693     2.9324     2.9325     0.0000     2.7988     2.7988     0.0000   3.213804   3.213855   0.000051    34.6965    34.6970     4.0731    27.6611    27.6615    34.6968    27.6613    1491.64    1491.64     2.7984  1035.9643    34.8655 0.0000e+00
      53026 296.939564  -44.40898  -51.75284      1.087    1483.71   1809.000   1786.676     2.9274     2.9285     0.0010     2.7937     2.7948     0.0010   3.213303   3.213410   0.000103    34.6963    34.6965     4.0750    27.6614    27.6614    34.6956    27.6608    1491.63    1491.63     2.7934  1035.9685    34.8643 0.0000e+00
      53047 296.939575  -44.40898  -51.75284      1.076    1483.71   1810.000   1787.660     2.9173     2.9179     0.0006     2.7837     2.7843     0.0006   3.212433   3.212519   0.000086    34.6959    34.6964     4.0850    27.6620    27.6623    34.6953    27.6615    1491.60    1491.60     2.7834  1035.9742    34.8640 0.0000e+00
      53067 296.939584  -44.40898  -51.75282      1.141    1483.71   1811.000   1788.643     2.9143     2.9140    -0.0003     2.7807     2.7804    -0.0003   3.212240   3.212255   0.000023    34.6958    34.6964     4.0859    27.6622    27.6626    34.6957    27.6621    1491.61    1491.61     2.7803  1035.9794    34.8643 0.0000e+00
      53086 296.939594  -44.40898  -51.75281      1.221    1483.71   1812.000   1789.627     2.9164     2.9162    -0.0002     2.7826     2.7824    -0.0002   3.212550   3.212592   0.000037    34.6964    34.6970     4.0864    27.6624    27.6629    34.6967    27.6627    1491.63    1491.63     2.7823  1035.9844    34.8653 0.0000e+00
      53106 296.939603  -44.40898 -9.990e-29      1.236    1483.71   1813.000   1790.610     2.9121     2.9146     0.0025     2.7783     2.7808     0.0024   3.212069   3.212337   0.000245    34.6964    34.6967     4.0878    27.6629    27.6629    34.6950    27.6617    1491.63    1491.64     2.7780  1035.9881    34.8636 0.0000e+00
      53131 296.939615  -44.40899 -9.990e-29      1.086    1483.71   1814.000   1791.593     2.9057     2.9074     0.0017     2.7719     2.7735     0.0017   3.211615   3.211788   0.000170    34.6961    34.6964     4.0858    27.6632    27.6632    34.6958    27.6629    1491.62    1491.63     2.7716  1035.9942    34.8645 0.0000e+00
      53162 296.939630  -44.40900 -9.990e-29      0.822    1483.71   1815.000   1792.577     2.9084     2.9090     0.0007     2.7744     2.7751     0.0006   3.212022   3.212018   0.000012    34.6972    34.6967     4.0830    27.6638    27.6633    34.6974    27.6640    1491.65    1491.65     2.7741  1035.9996    34.8661 0.0000e+00
      53189 296.939643  -44.40900  -51.75278      0.819    1483.71   1816.000   1793.560     2.9130     2.9128    -0.0003     2.7789     2.7787    -0.0002   3.212493   3.212478  -0.000018    34.6975    34.6976     4.0762    27.6637    27.6637    34.6976    27.6638    1491.69    1491.69     2.7786  1036.0027    34.8651 0.0000e+00
      53211 296.939654 -9.990e-29  -51.75278      0.992    1483.71   1817.000   1794.544     2.9144     2.9143    -0.0001     2.7802     2.7801    -0.0001   3.212665   3.212701   0.000034    34.6978    34.6983     4.0671    27.6638    27.6642    34.6978    27.6637    1491.71    1491.71     2.7799  1036.0062    34.8640 0.0000e+00
      53230 296.939663 -9.990e-29  -51.75277      1.144    1483.71   1818.000   1795.527     2.9139     2.9139    -0.0000     2.7796     2.7796    -0.0000   3.212669   3.212701   0.000041    34.6978    34.6983     4.0741    27.6638    27.6642    34.6979    27.6639    1491.72    1491.73     2.7793  1036.0109    34.8642 0.0000e+00
      53251 296.939673 -9.990e-29  -51.75276      1.202    1483.71   1819.000   1796.511     2.9195     2.9183    -0.0012     2.7851     2.7839    -0.0012   3.213360   3.213279  -0.000082    34.6989    34.6992     4.0794    27.6642    27.6646    34.6997    27.6649    1491.77    1491.76     2.7848  1036.0161    34.8660 0.0000e+00
      53272 296.939683 -9.990e-29  -51.75276      1.156    1483.71   1820.000   1797.494     2.9324     2.9271    -0.0053     2.7977     2.7924    -0.0052   3.214901   3.214401  -0.000444    34.7011    34.7013     4.0790    27.6648    27.6655    34.7042    27.6673    1491.85    1491.82     2.7973  1036.0223    34.8705 0.0000e+00
      53296 296.939695  -44.40904  -51.75275      1.072    1483.71   1821.000   1798.478     2.9494     2.9465    -0.0029     2.8143     2.8115    -0.0028   3.216580   3.216381  -0.000218    34.7045    34.7050     4.0821    27.6661    27.6667    34.7059    27.6672    1491.94    1491.93     2.8140  1036.0264    34.8730 0.0000e+00
      53320 296.939706  -44.40904  -51.75274      1.013    1483.71   1822.000   1799.461     2.9558     2.9515    -0.0043     2.8205     2.8163    -0.0042   3.217488   3.217017  -0.000405    34.7064    34.7061     4.0801    27.6670    27.6672    34.7096    27.6696    1491.99    1491.97     2.8202  1036.0342    34.8783 0.0000e+00
      53343 296.939718  -44.40904  -51.75274      1.003    1483.71   1823.000   1800.444     2.9770     2.9733    -0.0037     2.8413     2.8377    -0.0036   3.219551   3.219365  -0.000251    34.7096    34.7105     4.0863    27.6677    27.6687    34.7115    27.6692    1492.10    1492.08     2.8410  1036.0373    34.8802 0.0000e+00
      53366 296.939729  -44.40904  -51.75274      1.027    1483.71   1824.000   1801.428     2.9768     2.9763    -0.0005     2.8411     2.8406    -0.0005   3.219666   3.219657   0.000019    34.7110    34.7117     4.1022    27.6689    27.6695    34.7125    27.6701    1492.11    1492.11     2.8407  1036.0427    34.8813 0.0000e+00
      53390 296.939740  -44.40904  -51.75273      1.035    1483.71   1825.000   1802.411     2.9794     2.9776    -0.0018     2.8435     2.8418    -0.0017   3.219982   3.219935  -0.000081    34.7118    34.7127     4.1124    27.6693    27.6701    34.7131    27.6703    1492.14    1492.14     2.8432  1036.0473    34.8818 0.0000e+00
      53413 296.939751  -44.40904  -51.75272      1.025    1483.71   1826.000   1803.395     2.9800     2.9799    -0.0001     2.8440     2.8440    -0.0001   3.220069   3.220175   0.000106    34.7118    34.7131     4.1257    27.6692    27.6703    34.7130    27.6702    1492.16    1492.16     2.8437  1036.0516    34.8818 0.0000e+00
      53435 296.939762  -44.40904  -51.75272      1.052    1483.71   1827.000   1804.378     2.9807     2.9807    -0.0001     2.8447     2.8446    -0.0001   3.220223   3.220283   0.000063    34.7125    34.7134     4.1344    27.6698    27.6704    34.7136    27.6706    1492.18    1492.18     2.8444  1036.0565    34.8823 0.0000e+00
      53456 296.939772  -44.40904  -51.75270      1.119    1483.71   1828.000   1805.361     2.9812     2.9809    -0.0003     2.8450     2.8448    -0.0003   3.220337   3.220354   0.000014    34.7130    34.7135     4.1387    27.6701    27.6705    34.7140    27.6709    1492.20    1492.20     2.8447  1036.0612    34.8827 0.0000e+00
      53477 296.939782  -44.40906  -51.75270      1.161    1483.71   1829.000   1806.345     2.9826     2.9817    -0.0009     2.8464     2.8455    -0.0009   3.220539   3.220487  -0.000053    34.7134    34.7137     4.1390    27.6703    27.6706    34.7144    27.6711    1492.22    1492.22     2.8461  1036.0658    34.8831 0.0000e+00
      53499 296.939793  -44.40907  -51.75270      1.117    1483.71   1830.000   1807.328     2.9830     2.9826    -0.0003     2.8466     2.8463    -0.0003   3.220591   3.220608   0.000017    34.7134    34.7140     4.1493    27.6703    27.6708    34.7142    27.6709    1492.24    1492.24     2.8463  1036.0684    34.8807 0.0000e+00
      53524 296.939805 -9.990e-29  -51.75268      1.002    1483.71   1831.000   1808.311     2.9830     2.9825    -0.0005     2.8466     2.8461    -0.0005   3.220653   3.220620  -0.000033    34.7138    34.7138     4.1483    27.6706    27.6707    34.7144    27.6711    1492.26    1492.26     2.8462  1036.0730    34.8808 0.0000e+00
      53549 296.939817 -9.990e-29  -51.75268      0.947    1483.71   1832.000   1809.295     2.9807     2.9811     0.0004     2.8442     2.8446     0.0004   3.220460   3.220534   0.000066    34.7138    34.7141     4.1418    27.6708    27.6711    34.7140    27.6710    1492.27    1492.27     2.8439  1036.0775    34.8804 0.0000e+00
      53572 296.939828 -9.990e-29  -51.75268      1.007    1483.71   1833.000   1810.278     2.9800     2.9799    -0.0001     2.8434     2.8433    -0.0001   3.220457   3.220491   0.000029    34.7138    34.7143     4.1475    27.6709    27.6713    34.7142    27.6712    1492.28    1492.28     2.8431  1036.0822    34.8806 0.0000e+00
      53591 296.939837  -44.40908  -51.75267      1.123    1483.71   1834.000   1811.261     2.9798     2.9799     0.0001     2.8431     2.8432     0.0001   3.220478   3.220520   0.000043    34.7139    34.7143     4.1444    27.6709    27.6713    34.7142    27.6713    1492.30    1492.30     2.8428  1036.0880    34.8821 0.0000e+00
      53610 296.939846  -44.40908  -51.75266      1.231    1483.71   1835.000   1812.245     2.9797     2.9800     0.0003     2.8429     2.8433     0.0003   3.220470   3.220546   0.000073    34.7137    34.7143     4.1418    27.6708    27.6713    34.7138    27.6709    1492.31    1492.32     2.8426  1036.0928    34.8825 0.0000e+00
      53630 296.939856  -44.40908  -51.75265      1.250    1483.71   1836.000   1813.228     2.9742     2.9764     0.0022     2.8374     2.8396     0.0022   3.219877   3.220203   0.000248    34.7131    34.7137     4.1423    27.6708    27.6711    34.7120    27.6700    1492.30    1492.32     2.8371  1036.0966    34.8807 0.0000e+00
      53654 296.939867  -44.40909  -51.75264      1.120    1483.71   1837.000   1814.211     2.9640     2.9698     0.0058     2.8273     2.8330     0.0057   3.219040   3.219616   0.000604    34.7125    34.7136     4.1398    27.6713    27.6717    34.7122    27.6711    1492.27    1492.30     2.8270  1036.1027    34.8809 0.0000e+00
      53683 296.939882  -44.40910  -51.75264      0.876    1483.71   1838.000   1815.195     2.9638     2.9665     0.0028     2.8270     2.8297     0.0027   3.219125   3.219332   0.000215    34.7131    34.7128     4.1385    27.6718    27.6713    34.7130    27.6717    1492.29    1492.30     2.8266  1036.1079    34.8817 0.0000e+00
      53712 296.939895  -44.40910 -9.990e-29      0.803    1483.71   1839.000   1816.178     2.9612     2.9624     0.0011     2.8244     2.8255     0.0011   3.218938   3.218898  -0.000032    34.7134    34.7119     4.1304    27.6723    27.6710    34.7129    27.6719    1492.30    1492.30     2.8240  1036.1127    34.8816 0.0000e+00
      53735 296.939907  -44.40910 -9.990e-29      0.929    1483.71   1840.000   1817.161     2.9633     2.9628    -0.0006     2.8264     2.8258    -0.0006   3.219221   3.219174  -0.000053    34.7130    34.7130     4.1227    27.6718    27.6718    34.7136    27.6723    1492.33    1492.32     2.8260  1036.1174    34.8823 0.0000e+00
      53755 296.939916  -44.40910 -9.990e-29      1.105    1483.71   1841.000   1818.145     2.9682     2.9680    -0.0001     2.8311     2.8309    -0.0001   3.219655   3.219697   0.000036    34.7132    34.7138     4.1252    27.6715    27.6720    34.7132    27.6716    1492.36    1492.36     2.8307  1036.1210    34.8820 0.0000e+00
