Pos-Processados/process_op41/operantar41_005.ros
* Sea-Bird SBE 9 Data File:
* FileName = C:\Users\Dell\Desktop\Operantar XLI\Raw\OP41005.hdr
* Software Version Seasave V 7.26.7.110
* Temperature SN = 6497
* Conductivity SN = 4954
* Number of Bytes Per Scan = 31
* Number of Voltage Words = 2
* Number of Scans Averaged by the Deck Unit = 1
* NMEA Latitude = 38 39.38 S
* NMEA Longitude = 048 59.66 W
* NMEA UTC (Time) = Oct 18 2022 16:26:34
* NMEA baud rate = 4800
** H41
** Navio Polar Almirante Maximiano
** LH-021/2022
** Operantar XLI
** Número da Estação 005
** Latitude 38 39,4'S
** Longitude 048 59,6'W
** Data/Hora (Z) 18/10/2022 16:26Z
** Profundidade local 5340m
** 09-1439
** Nome do Operador CT Garla
# nquan = 24
# nvalues = 1750                                  
# units = specified
# name 0 = scan: Scan Count
# name 1 = timeJ: Julian Days
# name 2 = latitude: Latitude [deg]
# name 3 = longitude: Longitude [deg]
# name 4 = dz/dtM: Descent Rate [m/s]
# name 5 = avgsvCM: Average Sound Velocity [Chen-Millero, m/s]
# name 6 = prDM: Pressure, Digiquartz [db]
# name 7 = depSM: Depth [salt water, m]
# name 8 = t090C: Temperature [ITS-90, deg C]
# name 9 = t190C: Temperature, 2 [ITS-90, deg C]
# name 10 = T2-T190C: Temperature Difference, 2 - 1 [ITS-90, deg C]
# name 11 = potemp090C: Potential Temperature [ITS-90, deg C]
# name 12 = potemp190C: Potential Temperature, 2 [ITS-90, deg C]
# name 13 = potemp90Cdiff: Potential Temperature, Diff, 2 - 1 [ITS-90, deg C]
# name 14 = c0S/m: Conductivity [S/m]
# name 15 = c1S/m: Conductivity, 2 [S/m]
# name 16 = C2-C1S/m: Conductivity Difference, 2 - 1 [S/m]
# name 17 = sal00: Salinity, Practical [PSU]
# name 18 = sal11: Salinity, Practical, 2 [PSU]
# name 19 = sbeox0ML/L: Oxygen, SBE 43 [ml/l]
# name 20 = sigma-é00: Density [sigma-theta, kg/m^3]
# name 21 = sigma-é11: Density, 2 [sigma-theta, kg/m^3]
# name 22 = nbf: Bottles Fired
# name 23 = flag:  0.000e+00
# interval = seconds: 0.0416667
# start_time = Oct 18 2022 16:26:34 [NMEA time, header]
# bad_flag = -9.990e-29
*END*
[from data line 242]
     146098 291.755571  -38.65528  -49.01536     -0.408    1502.27   5017.556   4921.956     0.3093     0.3092    -0.0001    -0.0862    -0.0863    -0.0001   3.100348   3.100340  -0.000008    34.6684    34.6684     4.8510    27.8431    27.8431          5  0.000e+00
     146099 291.755572  -38.65528  -49.01536     -0.407    1502.27   5017.591   4921.990     0.3092     0.3093     0.0002    -0.0863    -0.0862     0.0002   3.100319   3.100245  -0.000074    34.6681    34.6670     4.8504    27.8429    27.8420          5  0.000e+00
     146100 291.755572  -38.65528  -49.01536     -0.413    1502.27   5017.556   4921.956     0.3091     0.3089    -0.0002    -0.0864    -0.0866    -0.0002   3.100307   3.100269  -0.000038    34.6680    34.6678     4.8498    27.8428    27.8426          5  0.000e+00
     146101 291.755573  -38.65528  -49.01536     -0.413    1502.27   5017.591   4921.990     0.3092     0.3092     0.0000    -0.0863    -0.0863 -1.251e-07   3.100325   3.100369   0.000045    34.6682    34.6687     4.8545    27.8429    27.8434          5  0.000e+00
     146102 291.755573  -38.65528  -49.01536     -0.413    1502.27   5017.521   4921.923     0.3091     0.3092     0.0001    -0.0864    -0.0863     0.0001   3.100336   3.100334  -0.000003    34.6684    34.6683     4.8593    27.8431    27.8430          5  0.000e+00
     146103 291.755574  -38.65528  -49.01536     -0.415    1502.27   5017.556   4921.956     0.3093     0.3092    -0.0001    -0.0862    -0.0863    -0.0001   3.100290   3.100245  -0.000045    34.6676    34.6672     4.8591    27.8425    27.8421          5  0.000e+00
     146104 291.755574  -38.65528  -49.01536     -0.415    1502.27   5017.521   4921.923     0.3092     0.3092     0.0000    -0.0863    -0.0863     0.0000   3.100278   3.100310   0.000032    34.6676    34.6680     4.8484    27.8425    27.8428          5  0.000e+00
     146105 291.755575  -38.65528  -49.01536     -0.414    1502.27   5017.495   4921.897     0.3093     0.3092    -0.0001    -0.0862    -0.0863    -0.0001   3.100295   3.100340   0.000044    34.6677    34.6684     4.8593    27.8426    27.8431          5  0.000e+00
     146106 291.755575  -38.65528  -49.01536     -0.416    1502.27   5017.452   4921.855     0.3093     0.3092    -0.0001    -0.0862    -0.0863    -0.0001   3.100348   3.100357   0.000010    34.6684    34.6687     4.8595    27.8431    27.8433          5  0.000e+00
     146107 291.755576  -38.65528  -49.01536     -0.414    1502.27   5017.521   4921.923     0.3093     0.3092    -0.0001    -0.0862    -0.0863    -0.0001   3.100319   3.100263  -0.000056    34.6680    34.6674     4.8544    27.8428    27.8423          5  0.000e+00
     146108 291.755576  -38.65528  -49.01536     -0.414    1502.27   5017.426   4921.830     0.3092     0.3091    -0.0001    -0.0863    -0.0864    -0.0001   3.100307   3.100269  -0.000038    34.6680    34.6677     4.8702    27.8428    27.8425          5  0.000e+00
     146109 291.755577  -38.65528  -49.01536     -0.412    1502.27   5017.452   4921.855     0.3091     0.3091    -0.0000    -0.0864    -0.0864    -0.0001   3.100325   3.100387   0.000063    34.6683    34.6691     4.8751    27.8430    27.8437          5  0.000e+00
     146110 291.755577  -38.65528  -49.01536     -0.415    1502.27   5017.356   4921.762     0.3091     0.3089    -0.0002    -0.0864    -0.0866    -0.0002   3.100354   3.100316  -0.000038    34.6687    34.6685     4.8639    27.8434    27.8432          5  0.000e+00
     146111 291.755578  -38.65528  -49.01536     -0.413    1502.27   5017.452   4921.855     0.3093     0.3093     0.0001    -0.0862    -0.0861     0.0001   3.100295   3.100239  -0.000056    34.6678    34.6670     4.8794    27.8426    27.8419          5  0.000e+00
     146112 291.755578  -38.65528  -49.01536     -0.412    1502.27   5017.356   4921.762     0.3091     0.3092     0.0001    -0.0864    -0.0863     0.0001   3.100319   3.100269  -0.000050    34.6683    34.6676     4.8838    27.8430    27.8424          5  0.000e+00
     146113 291.755579  -38.65528  -49.01536     -0.410    1502.27   5017.382   4921.788     0.3092     0.3093     0.0002    -0.0863    -0.0861     0.0002   3.100336   3.100369   0.000033    34.6684    34.6687     4.8723    27.8431    27.8433          5  0.000e+00
     146114 291.755579  -38.65528  -49.01536     -0.415    1502.27   5017.312   4921.720     0.3093     0.3091    -0.0002    -0.0862    -0.0864    -0.0002   3.100354   3.100310  -0.000044    34.6685    34.6682     4.8713    27.8432    27.8430          5  0.000e+00
     146115 291.755580  -38.65528  -49.01536     -0.412    1502.27   5017.356   4921.762     0.3090     0.3091     0.0001    -0.0865    -0.0864     0.0001   3.100295   3.100304   0.000009    34.6681    34.6681     4.8706    27.8429    27.8429          5  0.000e+00
     146116 291.755580  -38.65528  -49.01536     -0.413    1502.27   5017.312   4921.720     0.3091     0.3092     0.0001    -0.0864    -0.0863     0.0001   3.100295   3.100316   0.000021    34.6680    34.6682     4.8855    27.8428    27.8429          5  0.000e+00
     146117 291.755581  -38.65528  -49.01536     -0.410    1502.27   5017.286   4921.695     0.3091     0.3092     0.0001    -0.0864    -0.0863     0.0001   3.100324   3.100375   0.000051    34.6684    34.6689     4.8579    27.8431    27.8435          5  0.000e+00
     146118 291.755581  -38.65528  -49.01536     -0.410    1502.27   5017.313   4921.720     0.3090     0.3092     0.0002    -0.0865    -0.0863     0.0002   3.100313   3.100292  -0.000021    34.6683    34.6679     4.8678    27.8431    27.8427          5  0.000e+00
     146119 291.755582  -38.65528  -49.01536     -0.412    1502.27   5017.217   4921.627     0.3091     0.3089    -0.0002    -0.0863    -0.0866    -0.0002   3.100284   3.100233  -0.000051    34.6679    34.6675     4.8669    27.8427    27.8424          5  0.000e+00
     146120 291.755582  -38.65528  -49.01536     -0.408    1502.27   5017.313   4921.720     0.3092     0.3092     0.0000    -0.0863    -0.0863     0.0000   3.100295   3.100268  -0.000027    34.6679    34.6676     4.8661    27.8427    27.8424          5  0.000e+00
     146121 291.755583  -38.65528  -49.01536     -0.407    1502.27   5017.243   4921.653     0.3090     0.3089    -0.0001    -0.0865    -0.0866    -0.0001   3.100307   3.100387   0.000080    34.6683    34.6694     4.8652    27.8430    27.8439          5  0.000e+00
     146122 291.755583  -38.65528  -49.01536     -0.411    1502.27   5017.147   4921.560     0.3092     0.3092     0.0000    -0.0863    -0.0863     0.0000   3.100307   3.100298  -0.000009    34.6681    34.6680     4.8642    27.8429    27.8428          5  0.000e+00
     146123 291.755584  -38.65528  -49.01536     -0.405    1502.27   5017.243   4921.653     0.3091     0.3091    -0.0000    -0.0864    -0.0864    -0.0000   3.100324   3.100274  -0.000050    34.6684    34.6678     4.8635    27.8431    27.8426          5  0.000e+00
     146124 291.755584  -38.65528  -49.01536     -0.405    1502.27   5017.217   4921.627     0.3090     0.3092     0.0002    -0.0865    -0.0863     0.0002   3.100313   3.100286  -0.000027    34.6684    34.6679     4.8626    27.8431    27.8427          5  0.000e+00
     146125 291.755584  -38.65528  -49.01536     -0.400    1502.27   5017.173   4921.585     0.3093     0.3089    -0.0004    -0.0862    -0.0866    -0.0004   3.100324   3.100369   0.000045    34.6682    34.6692     4.8617    27.8430    27.8438          5  0.000e+00
     146126 291.755585  -38.65528  -49.01536     -0.398    1502.27   5017.243   4921.653     0.3090     0.3092     0.0002    -0.0865    -0.0863     0.0002   3.100313   3.100334   0.000021    34.6684    34.6684     4.8609    27.8431    27.8431          5  0.000e+00
     146127 291.755585  -38.65528  -49.01536     -0.395    1502.27   5017.147   4921.560     0.3092     0.3089    -0.0003    -0.0863    -0.0865    -0.0003   3.100307   3.100268  -0.000038    34.6681    34.6680     4.8600    27.8429    27.8428          5  0.000e+00
     146128 291.755586  -38.65528  -49.01536     -0.389    1502.27   5017.173   4921.585     0.3090     0.3091     0.0001    -0.0865    -0.0864     0.0001   3.100324   3.100257  -0.000068    34.6685    34.6676     4.8592    27.8432    27.8425          5  0.000e+00
     146129 291.755586  -38.65528  -49.01536     -0.391    1502.27   5017.147   4921.560     0.3090     0.3092     0.0002    -0.0865    -0.0863     0.0002   3.100313   3.100363   0.000050    34.6684    34.6688     4.8583    27.8431    27.8435          5  0.000e+00
     146130 291.755587  -38.65528  -49.01536     -0.388    1502.27   5017.104   4921.518     0.3091     0.3092     0.0001    -0.0863    -0.0863     0.0001   3.100324   3.100292  -0.000032    34.6684    34.6680     4.8574    27.8431    27.8428          5  0.000e+00
     146131 291.755587  -38.65528  -49.01536     -0.383    1502.27   5017.147   4921.560     0.3090     0.3090     0.0000    -0.0865    -0.0864     0.0000   3.100313   3.100274  -0.000038    34.6684    34.6679     4.8566    27.8431    27.8427          5  0.000e+00
     146132 291.755588  -38.65528  -49.01538     -0.385    1502.27   5017.034   4921.450     0.3092     0.3091    -0.0001    -0.0863    -0.0864    -0.0001   3.100307   3.100345   0.000039    34.6682    34.6688     4.8557    27.8429    27.8434          5  0.000e+00
     146133 291.755588  -38.65528  -49.01538     -0.378    1502.27   5017.104   4921.518     0.3090     0.3091     0.0001    -0.0864    -0.0864     0.0001   3.100307   3.100369   0.000062    34.6684    34.6691     4.8549    27.8431    27.8436          5  0.000e+00
     146134 291.755589  -38.65528  -49.01538     -0.378    1502.27   5017.078   4921.493     0.3087     0.3089     0.0002    -0.0867    -0.0865     0.0002   3.100307   3.100280  -0.000027    34.6687    34.6681     4.8540    27.8433    27.8429          5  0.000e+00
     146135 291.755589  -38.65528  -49.01538     -0.372    1502.27   5017.104   4921.518     0.3091     0.3092     0.0001    -0.0863    -0.0863     0.0001   3.100348   3.100257  -0.000091    34.6687    34.6675     4.8531    27.8434    27.8424          5  0.000e+00
     146136 291.755590  -38.65528  -49.01538     -0.368    1502.27   5017.078   4921.493     0.3092     0.3092     0.0000    -0.0863    -0.0863     0.0000   3.100319   3.100298  -0.000021    34.6683    34.6681     4.8523    27.8430    27.8428          5  0.000e+00
     146137 291.755590  -38.65528  -49.01538     -0.357    1502.27   5017.104   4921.518     0.3090     0.3091     0.0001    -0.0864    -0.0864     0.0001   3.100307   3.100375   0.000068    34.6684    34.6691     4.8515    27.8431    27.8437          5  0.000e+00
     146138 291.755591  -38.65528  -49.01538     -0.358    1502.27   5017.034   4921.450     0.3091     0.3092     0.0001    -0.0863    -0.0863     0.0001   3.100284   3.100310   0.000026    34.6680    34.6682     4.8559    27.8427    27.8430          5  0.000e+00
     146139 291.755591  -38.65528  -49.01538     -0.349    1502.27   5017.078   4921.493     0.3090     0.3091     0.0001    -0.0864    -0.0864     0.0001   3.100295   3.100262  -0.000033    34.6682    34.6677     4.8553    27.8430    27.8426          5  0.000e+00
     146140 291.755592  -38.65528  -49.01538     -0.347    1502.27   5017.034   4921.450     0.3093     0.3091    -0.0002    -0.0862    -0.0864    -0.0002   3.100324   3.100316  -0.000009    34.6683    34.6684     4.8546    27.8430    27.8431          5  0.000e+00
     146141 291.755592  -38.65528  -49.01538     -0.343    1502.27   5017.008   4921.425     0.3090     0.3089    -0.0001    -0.0864    -0.0865    -0.0001   3.100313   3.100381   0.000068    34.6685    34.6694     4.8540    27.8432    27.8439          5  0.000e+00
     146142 291.755593  -38.65528  -49.01538     -0.337    1502.27   5017.035   4921.451     0.3093     0.3091    -0.0002    -0.0862    -0.0864    -0.0002   3.100284   3.100310   0.000026    34.6678    34.6683     4.8533    27.8426    27.8431          5  0.000e+00
     146143 291.755593  -38.65528  -49.01538     -0.329    1502.27   5017.078   4921.493     0.3093     0.3092    -0.0001    -0.0862    -0.0863    -0.0001   3.100319   3.100239  -0.000080    34.6682    34.6673     4.8527    27.8429    27.8422          5  0.000e+00
     146144 291.755594  -38.65528  -49.01538     -0.319    1502.27   5017.035   4921.451     0.3091     0.3092     0.0001    -0.0863    -0.0863     0.0001   3.100313   3.100310  -0.000003    34.6683    34.6682     4.8521    27.8430    27.8430          5  0.000e+00
     146145 291.755594  -38.65528  -49.01538     -0.316    1502.27   5016.974   4921.392     0.3090     0.3089    -0.0001    -0.0864    -0.0865    -0.0001   3.100284   3.100357   0.000074    34.6681    34.6691     4.8514    27.8429    27.8437          5  0.000e+00
     146146 291.755595  -38.65528  -49.01538     -0.308    1502.27   5017.009   4921.425     0.3090     0.3089    -0.0001    -0.0864    -0.0865    -0.0001   3.100295   3.100239  -0.000056    34.6682    34.6676     4.8508    27.8430    27.8425          5  0.000e+00
     146147 291.755595  -38.65528  -49.01538     -0.303    1502.27   5017.035   4921.451     0.3091     0.3092     0.0001    -0.0863    -0.0863     0.0001   3.100324   3.100262  -0.000062    34.6685    34.6676     4.8501    27.8432    27.8425          5  0.000e+00
     146148 291.755596  -38.65528  -49.01538     -0.296    1502.27   5017.009   4921.425     0.3092     0.3091    -0.0001    -0.0863    -0.0864    -0.0001   3.100313   3.100322   0.000009    34.6683    34.6685     4.8495    27.8430    27.8432          5  0.000e+00
     146149 291.755596  -38.65528  -49.01538     -0.288    1502.27   5017.035   4921.451     0.3093     0.3091    -0.0002    -0.0862    -0.0864    -0.0002   3.100307   3.100357   0.000050    34.6681    34.6689     4.8489    27.8428    27.8435          5  0.000e+00
     146150 291.755597  -38.65528  -49.01538     -0.277    1502.27   5017.035   4921.451     0.3091     0.3091    -0.0000    -0.0863    -0.0864    -0.0000   3.100324   3.100304  -0.000020    34.6685    34.6683     4.8482    27.8432    27.8430          5  0.000e+00
     146151 291.755597  -38.65528  -49.01538     -0.270    1502.27   5017.009   4921.425     0.3090     0.3092     0.0002    -0.0864    -0.0863     0.0002   3.100354   3.100262  -0.000091    34.6690    34.6676     4.8476    27.8436    27.8425          5  0.000e+00
     146152 291.755598  -38.65528  -49.01538     -0.262    1502.27   5016.974   4921.392     0.3095     0.3093    -0.0001    -0.0860    -0.0861    -0.0001   3.100342   3.100340  -0.000002    34.6683    34.6684     4.8469    27.8430    27.8431          5  0.000e+00
     146153 291.755598  -38.65528  -49.01538     -0.252    1502.27   5017.009   4921.426     0.3092     0.3089    -0.0003    -0.0863    -0.0865    -0.0003   3.100313   3.100322   0.000009    34.6683    34.6687     4.8410    27.8430    27.8433          5  0.000e+00
     146154 291.755598  -38.65528  -49.01538     -0.242    1502.27   5017.035   4921.451     0.3093     0.3091    -0.0002    -0.0862    -0.0864    -0.0002   3.100307   3.100221  -0.000086    34.6681    34.6672     4.8401    27.8428    27.8422          5  0.000e+00
     146155 291.755599  -38.65528  -49.01538     -0.230    1502.27   5017.078   4921.493     0.3092     0.3092     0.0000    -0.0863    -0.0863     0.0000   3.100284   3.100239  -0.000045    34.6679    34.6673     4.8393    27.8427    27.8422          5  0.000e+00
     146156 291.755599  -38.65528  -49.01538     -0.219    1502.27   5016.974   4921.392     0.3091     0.3091    -0.0000    -0.0863    -0.0864    -0.0001   3.100319   3.100363   0.000045    34.6684    34.6690     4.8384    27.8431    27.8436          5  0.000e+00
