Pos-Processados/process_op41/operantar41_018.cnv
* Sea-Bird SBE 9 Data File:
* FileName = C:\Users\Dell\Desktop\OperantarXLI\config\00_BRUTOS\OPE41018.hdr
* Software Version Seasave V 7.26.7.110
* Temperature SN = 6497
* Conductivity SN = 4954
* Number of Bytes Per Scan = 34
* Number of Voltage Words = 3
* Number of Scans Averaged by the Deck Unit = 1
* NMEA Latitude = 62 11.15 S
* NMEA Longitude = 058 03.26 W
* NMEA UTC (Time) = Nov 09 2022 19:30:02
* NMEA baud rate = 4800
** H41
** Navio Polar Almirante Maximiano
** LH-021/2022
** Operantar XLI
** Número da Estação 018
** Latitude 62.11.171'S
** Longitude 058 03.25'W
** Data/Hora (Z) 09/11/2022 1930Z
** Profundidade local 421 m
** 09-1439
** Nome do Operador 1T Filipe Lopes
# nquan = 30
# nvalues = 352                         
# units = specified
# name 0 = scan: Scan Count
# name 1 = timeJ: Julian Days
# name 2 = latitude: Latitude [deg]
# name 3 = longitude: Longitude [deg]
# name 4 = dz/dtM: Descent Rate [m/s]
# name 5 = avgsvCM: Average Sound Velocity [Chen-Millero, m/s]
# name 6 = prDM: Pressure, Digiquartz [db]
# name 7 = depSM: Depth [salt water, m]
# name 8 = t090C: Temperature [ITS-90, deg C]
# name 9 = t190C: Temperature, 2 [ITS-90, deg C]
# name 10 = T2-T190C: Temperature Difference, 2 - 1 [ITS-90, deg C]
# name 11 = potemp090C: Potential Temperature [ITS-90, deg C]
# name 12 = potemp190C: Potential Temperature, 2 [ITS-90, deg C]
# name 13 = potemp90Cdiff: Potential Temperature, Diff, 2 - 1 [ITS-90, deg C]
# name 14 = c0S/m: Conductivity [S/m]
# name 15 = c1S/m: Conductivity, 2 [S/m]
# name 16 = C2-C1S/m: Conductivity Difference, 2 - 1 [S/m]
# name 17 = sal00: Salinity, Practical [PSU]
# name 18 = sal11: Salinity, Practical, 2 [PSU]
# name 19 = sbeox0ML/L: Oxygen, SBE 43 [ml/l]
# name 20 = sigma-é00: Density [sigma-theta, kg/m^3]
# name 21 = sigma-é11: Density, 2 [sigma-theta, kg/m^3]
# name 22 = sal00: Salinity, Practical [PSU]
# name 23 = sigma-é00: Density [sigma-theta, kg/m^3]
# name 24 = svCM: Sound Velocity [Chen-Millero, m/s]
# name 25 = svCM1: Sound Velocity, 2 [Chen-Millero, m/s]
# name 26 = gsw_ptA0: potential temperature [ITS-90, deg C]
# name 27 = gsw_densityA0: density, TEOS-10 [density, kg/m^3]
# name 28 = gsw_saA0: Absolute Salinity [g/kg]
# name 29 = flag:
# span 0 =        434,       8956       
# span 1 = 313.812732, 313.816842       
# span 2 =  -62.18585,  -62.18506       
# span 3 =  -58.05448,  -58.05442       
# span 4 =      0.061,      1.419       
# span 5 =       0.00,    1451.90       
# span 6 =      1.000,    352.000       
# span 7 =      0.997,    348.325       
# span 8 =    -0.3607,    -0.0353       
# span 9 =    -0.3618,    -0.0348       
# span 10 =    -0.0043,     4.2496      
# span 11 =    -0.3696,    -0.0454      
# span 12 =    -0.3706,    -0.0449      
# span 13 =    -0.0043,     4.2350      
# span 14 =   0.319454,   2.868532      
# span 15 =   2.825007,   2.868519      
# span 16 =  -0.246810,   0.001443      
# span 17 =    14.3734,    34.4386      
# span 18 =    33.5393,    34.4389      
# span 19 =     5.1663,    90.2556      
# span 20 =     4.1725,    27.6657      
# span 21 =    26.0524,    27.6659      
# span 22 =    33.1970,    34.4381      
# span 23 =    26.6636,    27.6654      
# span 24 =    1447.20,    1452.98      
# span 25 =    1447.20,    1452.99      
# span 26 =    -0.3694,    -0.0453      
# span 27 =  1024.9807,  1029.3360      
# span 28 =    29.1640,    34.6065      
# span 29 = 0.0000e+00, 0.0000e+00      
# interval = decibars: 1                
# start_time = Nov 09 2022 19:30:02 [NMEA time, header]
# bad_flag = -9.990e-29
*END*
[from data line 97]
       3103 313.814019  -62.18546  -58.05446      1.241    1447.86     98.000     97.037    -0.2308    -0.2304     0.0004    -0.2340    -0.2337     0.0004   2.827362   2.827405   0.000046    34.1852    34.1854     7.4344    27.4601    27.4603    34.1853    27.4602    1448.57    1448.58    -0.2340  1027.9329    34.3512 0.0000e+00
       3122 313.814028  -62.18546  -58.05446      1.282    1447.86     99.000     98.026    -0.2319    -0.2315     0.0004    -0.2352    -0.2348     0.0004   2.827301   2.827372   0.000064    34.1853    34.1857     7.4316    27.4603    27.4606    34.1852    27.4601    1448.58    1448.59    -0.2351  1027.9376    34.3510 0.0000e+00
       3146 313.814040  -62.18546  -58.05444      1.123    1447.86    100.000     99.016    -0.2321    -0.2323    -0.0002    -0.2354    -0.2356    -0.0002   2.827343   2.827371   0.000030    34.1853    34.1859     7.4232    27.4603    27.4608    34.1853    27.4603    1448.60    1448.60    -0.2354  1027.9425    34.3512 0.0000e+00
       3177 313.814055  -62.18544  -58.05444      0.831    1447.86    101.000    100.006    -0.2316    -0.2324    -0.0008    -0.2350    -0.2358    -0.0008   2.827409   2.827404  -0.000004    34.1851    34.1859     7.4208    27.4601    27.4608    34.1851    27.4601    1448.62    1448.62    -0.2349  1027.9471    34.3510 0.0000e+00
       3204 313.814068  -62.18544  -58.05444      0.817    1447.86    102.000    100.996    -0.2327    -0.2329    -0.0002    -0.2361    -0.2363    -0.0002   2.827417   2.827462   0.000044    34.1859    34.1867     7.4216    27.4607    27.4615    34.1857    27.4606    1448.63    1448.63    -0.2360  1027.9525    34.3517 0.0000e+00
       3225 313.814078  -62.18544  -58.05444      1.000    1447.86    103.000    101.986    -0.2345    -0.2347    -0.0002    -0.2379    -0.2381    -0.0002   2.827425   2.827451   0.000027    34.1872    34.1878     7.4192    27.4619    27.4624    34.1872    27.4620    1448.64    1448.64    -0.2378  1027.9586    34.3532 0.0000e+00
       3244 313.814087  -62.18542  -58.05444      1.169    1447.86    104.000    102.976    -0.2332    -0.2332     0.0000    -0.2367    -0.2367     0.0000   2.827563   2.827584   0.000023    34.1869    34.1872     7.4207    27.4616    27.4619    34.1871    27.4618    1448.66    1448.66    -0.2366  1027.9632    34.3531 0.0000e+00
       3263 313.814096  -62.18542  -58.05444      1.256    1447.86    105.000    103.966    -0.2331    -0.2331    -0.0000    -0.2366    -0.2366    -0.0000   2.827609   2.827629   0.000017    34.1870    34.1873     7.4231    27.4617    27.4619    34.1869    27.4616    1448.68    1448.68    -0.2365  1027.9678    34.3529 0.0000e+00
       3287 313.814108  -62.18542  -58.05444      1.144    1447.86    106.000    104.956    -0.2339    -0.2339    -0.0000    -0.2374    -0.2374    -0.0000   2.827643   2.827677   0.000035    34.1877    34.1882     7.4174    27.4623    27.4627    34.1877    27.4623    1448.69    1448.69    -0.2374  1027.9732    34.3537 0.0000e+00
       3325 313.814126  -62.18542  -58.05444      0.704    1447.86    107.000    105.946    -0.2340    -0.2342    -0.0001    -0.2376    -0.2377    -0.0001   2.827644   2.827678   0.000031    34.1873    34.1878     7.4104    27.4620    27.4624    34.1873    27.4619    1448.71    1448.71    -0.2375  1027.9777    34.3532 0.0000e+00
       3363 313.814144  -62.18542  -58.05444      0.591    1447.86    108.000    106.935    -0.2343    -0.2343     0.0000    -0.2379    -0.2378     0.0000   2.827744   2.827793   0.000058    34.1883    34.1890     7.4062    27.4628    27.4634    34.1883    27.4628    1448.72    1448.72    -0.2378  1027.9833    34.3543 0.0000e+00
       3388 313.814157  -62.18542  -58.05444      0.819    1447.86    109.000    107.925    -0.2334    -0.2338    -0.0004    -0.2370    -0.2374    -0.0004   2.827961   2.827942  -0.000022    34.1893    34.1895     7.4138    27.4636    27.4637    34.1895    27.4637    1448.75    1448.74    -0.2369  1027.9890    34.3555 0.0000e+00
       3408 313.814166  -62.18540  -58.05444      1.058    1447.86    110.000    108.915    -0.2332    -0.2333    -0.0002    -0.2368    -0.2370    -0.0002   2.828028   2.828047   0.000017    34.1894    34.1899     7.4120    27.4637    27.4640    34.1896    27.4638    1448.77    1448.76    -0.2368  1027.9938    34.3556 0.0000e+00
       3426 313.814175  -62.18540  -58.05444      1.234    1447.86    111.000    109.905    -0.2327    -0.2330    -0.0002    -0.2364    -0.2366    -0.0002   2.828114   2.828130   0.000013    34.1896    34.1900     7.4075    27.4638    27.4641    34.1896    27.4638    1448.78    1448.78    -0.2363  1027.9986    34.3556 0.0000e+00
       3444 313.814183  -62.18540  -58.05444      1.321    1447.86    112.000    110.895    -0.2328    -0.2328    -0.0001    -0.2365    -0.2365    -0.0001   2.828158   2.828198   0.000040    34.1896    34.1902     7.4055    27.4637    27.4642    34.1896    27.4638    1448.80    1448.80    -0.2365  1028.0034    34.3557 0.0000e+00
       3461 313.814192  -62.18540  -58.05444      1.357    1447.86    113.000    111.885    -0.2324    -0.2327    -0.0003    -0.2362    -0.2364    -0.0003   2.828257   2.828264   0.000010    34.1898    34.1903     7.4019    27.4640    27.4643    34.1899    27.4640    1448.82    1448.82    -0.2361  1028.0083    34.3560 0.0000e+00
       3479 313.814200  -62.18540  -58.05443      1.368    1447.86    114.000    112.875    -0.2326    -0.2328    -0.0002    -0.2364    -0.2366    -0.0002   2.828265   2.828281   0.000015    34.1896    34.1900     7.3965    27.4638    27.4641    34.1897    27.4638    1448.83    1448.83    -0.2363  1028.0129    34.3557 0.0000e+00
       3509 313.814215  -62.18540  -58.05442      1.016    1447.86    115.000    113.863    -0.2327    -0.2327    -0.0000    -0.2365    -0.2365    -0.0000   2.828300   2.828338   0.000036    34.1896    34.1901     7.3949    27.4638    27.4642    34.1896    27.4638    1448.85    1448.85    -0.2365  1028.0177    34.3557 0.0000e+00
       3548 313.814234  -62.18540  -58.05443      0.573    1447.86    116.000    114.856    -0.2321    -0.2323    -0.0001    -0.2360    -0.2362    -0.0001   2.828412   2.828444   0.000029    34.1898    34.1904     7.3891    27.4640    27.4644    34.1899    27.4640    1448.87    1448.87    -0.2359  1028.0226    34.3560 0.0000e+00
       3575 313.814247  -62.18539  -58.05444      0.775    1447.86    117.000    115.844    -0.2321    -0.2318     0.0002    -0.2360    -0.2357     0.0002   2.828497   2.828556   0.000063    34.1902    34.1907     7.3967    27.4642    27.4647    34.1903    27.4643    1448.88    1448.89    -0.2359  1028.0278    34.3564 0.0000e+00
       3598 313.814258  -62.18538  -58.05444      0.980    1447.86    118.000    116.834    -0.2316    -0.2318    -0.0001    -0.2356    -0.2357    -0.0001   2.828595   2.828618   0.000019    34.1905    34.1909     7.4037    27.4645    27.4648    34.1905    27.4645    1448.90    1448.90    -0.2355  1028.0327    34.3567 0.0000e+00
       3620 313.814268  -62.18538  -58.05443      1.079    1447.86    119.000    117.824    -0.2319    -0.2320    -0.0001    -0.2358    -0.2359    -0.0001   2.828604   2.828627   0.000025    34.1902    34.1907     7.3936    27.4642    27.4646    34.1903    27.4643    1448.92    1448.92    -0.2358  1028.0373    34.3564 0.0000e+00
       3643 313.814280  -62.18538  -58.05442      1.056    1447.86    120.000    118.814    -0.2319    -0.2319     0.0000    -0.2359    -0.2359     0.0000   2.828651   2.828691   0.000040    34.1903    34.1908     7.3861    27.4643    27.4647    34.1904    27.4644    1448.93    1448.94    -0.2358  1028.0421    34.3565 0.0000e+00
       3668 313.814292  -62.18538  -58.05442      0.996    1447.86    121.000    119.803    -0.2300    -0.2306    -0.0006    -0.2341    -0.2347    -0.0006   2.829033   2.828975  -0.000049    34.1922    34.1923     7.3958    27.4658    27.4658    34.1927    27.4662    1448.96    1448.96    -0.2340  1028.0487    34.3589 0.0000e+00
       3692 313.814303  -62.18538  -58.05442      0.986    1447.86    122.000    120.793    -0.2299    -0.2301    -0.0003    -0.2340    -0.2342    -0.0003   2.829044   2.829067   0.000011    34.1922    34.1927     7.3968    27.4658    27.4662    34.1921    27.4657    1448.98    1448.98    -0.2339  1028.0530    34.3583 0.0000e+00
       3715 313.814314  -62.18538  -58.05443      1.018    1447.86    123.000    121.783    -0.2303    -0.2303    -0.0001    -0.2344    -0.2344    -0.0001   2.829057   2.829080   0.000035    34.1917    34.1922     7.3978    27.4654    27.4658    34.1921    27.4657    1448.99    1448.99    -0.2343  1028.0578    34.3583 0.0000e+00
       3739 313.814326  -62.18537  -58.05444      1.033    1447.86    124.000    122.773    -0.2291    -0.2292    -0.0000    -0.2333    -0.2333    -0.0000   2.829232   2.829290   0.000046    34.1924    34.1931     7.3989    27.4659    27.4664    34.1926    27.4660    1449.01    1449.02    -0.2332  1028.0629    34.3588 0.0000e+00
       3763 313.814338  -62.18536  -58.05443      0.993    1447.86    125.000    123.763    -0.2276    -0.2281    -0.0005    -0.2318    -0.2323    -0.0005   2.829521   2.829474  -0.000041    34.1939    34.1940     7.3898    27.4670    27.4671    34.1941    27.4672    1449.04    1449.04    -0.2317  1028.0688    34.3603 0.0000e+00
       3789 313.814350  -62.18536  -58.05442      0.947    1447.86    126.000    124.753    -0.2284    -0.2287    -0.0003    -0.2326    -0.2330    -0.0003   2.829434   2.829467   0.000008    34.1932    34.1937     7.3867    27.4665    27.4669    34.1933    27.4665    1449.05    1449.05    -0.2326  1028.0729    34.3595 0.0000e+00
       3813 313.814362  -62.18536  -58.05442      0.959    1447.86    127.000    125.742    -0.2244    -0.2237     0.0007    -0.2286    -0.2280     0.0007   2.830424   2.830598   0.000195    34.1997    34.2015     7.3853    27.4715    27.4730    34.2013    27.4729    1449.10    1449.10    -0.2286  1028.0840    34.3676 0.0000e+00
       3837 313.814373  -62.18536  -58.05442      1.005    1447.86    128.000    126.732    -0.2204    -0.2205    -0.0001    -0.2247    -0.2248    -0.0001   2.831181   2.831276   0.000075    34.2056    34.2066     7.3825    27.4761    27.4770    34.2063    27.4767    1449.14    1449.14    -0.2246  1028.0926    34.3726 0.0000e+00
       3859 313.814384  -62.18536  -58.05442      1.049    1447.86    129.000    127.722    -0.2181    -0.2179     0.0001    -0.2224    -0.2223     0.0001   2.831813   2.831881   0.000078    34.2107    34.2116     7.3816    27.4801    27.4809    34.2115    27.4808    1449.17    1449.17    -0.2224  1028.1014    34.3779 0.0000e+00
       3881 313.814394  -62.18535  -58.05442      1.077    1447.86    130.000    128.712    -0.2168    -0.2170    -0.0002    -0.2212    -0.2213    -0.0002   2.832154   2.832150   0.000002    34.2133    34.2135     7.3670    27.4822    27.4824    34.2141    27.4828    1449.20    1449.20    -0.2211  1028.1082    34.3804 0.0000e+00
       3905 313.814406  -62.18534  -58.05442      1.043    1447.86    131.000    129.702    -0.2148    -0.2151    -0.0002    -0.2192    -0.2195    -0.0002   2.832658   2.832648   0.000007    34.2170    34.2173     7.3426    27.4851    27.4854    34.2180    27.4859    1449.23    1449.23    -0.2192  1028.1160    34.3843 0.0000e+00
       3934 313.814420  -62.18534  -58.05442      0.901    1447.86    132.000    130.691    -0.2117    -0.2114     0.0002    -0.2161    -0.2159     0.0002   2.833448   2.833574   0.000111    34.2233    34.2245     7.3140    27.4900    27.4910    34.2243    27.4908    1449.27    1449.27    -0.2161  1028.1257    34.3907 0.0000e+00
       3963 313.814434  -62.18534  -58.05444      0.813    1447.86    133.000    131.681    -0.2098    -0.2096     0.0002    -0.2143    -0.2141     0.0002   2.833880   2.833964   0.000086    34.2268    34.2278     7.2929    27.4928    27.4936    34.2274    27.4932    1449.30    1449.30    -0.2142  1028.1328    34.3938 0.0000e+00
       3987 313.814445  -62.18534  -58.05444      0.917    1447.86    134.000    132.671    -0.2093    -0.2094    -0.0001    -0.2139    -0.2139    -0.0001   2.834022   2.834055   0.000033    34.2277    34.2282     7.2733    27.4935    27.4939    34.2281    27.4938    1449.32    1449.32    -0.2138  1028.1382    34.3946 0.0000e+00
       4008 313.814455  -62.18534  -58.05444      1.064    1447.86    135.000    133.660    -0.2083    -0.2084    -0.0001    -0.2129    -0.2129    -0.0001   2.834343   2.834366   0.000026    34.2297    34.2301     7.2500    27.4950    27.4954    34.2306    27.4958    1449.34    1449.34    -0.2128  1028.1449    34.3971 0.0000e+00
       4028 313.814465  -62.18534  -58.05444      1.160    1447.86    136.000    134.650    -0.2071    -0.2069     0.0002    -0.2117    -0.2115     0.0002   2.834576   2.834669   0.000087    34.2313    34.2323     7.2327    27.4963    27.4971    34.2318    27.4967    1449.36    1449.37    -0.2116  1028.1487    34.3959 0.0000e+00
       4050 313.814476  -62.18532  -58.05444      1.157    1447.86    137.000    135.640    -0.2066    -0.2064     0.0002    -0.2112    -0.2111     0.0002   2.834742   2.834813   0.000074    34.2323    34.2331     7.2247    27.4971    27.4977    34.2328    27.4975    1449.38    1449.39    -0.2112  1028.1561    34.3993 0.0000e+00
       4076 313.814488  -62.18532  -58.05444      0.989    1448.13    138.000    136.630    -0.2057    -0.2057    -0.0000    -0.2104    -0.2104    -0.0000   2.834956   2.834998   0.000041    34.2336    34.2342     7.2149    27.4981    27.4985    34.2341    27.4985    1449.41    1449.41    -0.2103  1028.1619    34.4006 0.0000e+00
       4104 313.814502  -62.18532  -58.05443      0.854    1448.35    139.000    137.620    -0.2041    -0.2040     0.0002    -0.2088    -0.2087     0.0002   2.835466   2.835556   0.000094    34.2374    34.2385     7.2042    27.5011    27.5019    34.2385    27.5019    1449.44    1449.44    -0.2087  1028.1701    34.4051 0.0000e+00
       4130 313.814514  -62.18532  -58.05442      0.892    1448.35    140.000    138.609    -0.2023    -0.2026    -0.0003    -0.2070    -0.2073    -0.0003   2.836015   2.835963  -0.000046    34.2426    34.2423     7.2008    27.5052    27.5050    34.2431    27.5056    1449.47    1449.46    -0.2070  1028.1785    34.4097 0.0000e+00
       4154 313.814526  -62.18532  -58.05442      0.979    1448.35    141.000    139.599    -0.2015    -0.2018    -0.0003    -0.2063    -0.2066    -0.0003   2.836277   2.836269  -0.000013    34.2447    34.2448     7.1965    27.5068    27.5069    34.2452    27.5072    1449.49    1449.49    -0.2062  1028.1849    34.4118 0.0000e+00
       4176 313.814537  -62.18532  -58.05443      1.047    1448.35    142.000    140.589    -0.2014    -0.2016    -0.0002    -0.2063    -0.2064    -0.0002   2.836352   2.836342  -0.000008    34.2451    34.2452     7.1851    27.5072    27.5072    34.2455    27.5075    1449.51    1449.51    -0.2062  1028.1899    34.4121 0.0000e+00
       4197 313.814547  -62.18532  -58.05444      1.096    1448.35    143.000    141.578    -0.2011    -0.2012    -0.0001    -0.2059    -0.2060    -0.0001   2.836448   2.836488   0.000042    34.2452    34.2459     7.1623    27.5073    27.5078    34.2457    27.5076    1449.52    1449.53    -0.2059  1028.1949    34.4124 0.0000e+00
       4218 313.814557  -62.18532  -58.05444      1.133    1448.35    144.000    142.568    -0.2000    -0.2001    -0.0001    -0.2049    -0.2050    -0.0001   2.836669   2.836697   0.000025    34.2465    34.2469     7.1436    27.5082    27.5085    34.2468    27.5085    1449.55    1449.55    -0.2048  1028.2005    34.4135 0.0000e+00
       4241 313.814568  -62.18532  -58.05444      1.099    1448.35    145.000    143.558    -0.2003    -0.2003    -0.0001    -0.2052    -0.2053    -0.0001   2.836673   2.836707   0.000034    34.2462    34.2467     7.1374    27.5080    27.5084    34.2466    27.5083    1449.56    1449.56    -0.2051  1028.2023    34.4098 0.0000e+00
