Pos-Processados/process_op41/operantar41_015.cnv
* Sea-Bird SBE 9 Data File:
* FileName = C:\Users\Dell\Desktop\OperantarXLI\config\OP41015.hdr
* Software Version Seasave V 7.26.7.110
* Temperature SN = 6497
* Conductivity SN = 4954
* Number of Bytes Per Scan = 31
* Number of Voltage Words = 2
* Number of Scans Averaged by the Deck Unit = 1
* NMEA Latitude = 62 08.82 S
* NMEA Longitude = 058 24.51 W
* NMEA UTC (Time) = Nov 09 2022 12:07:14
* NMEA baud rate = 4800
** H41
** Navio Polar Almirante Maximiano
** LH-021/2022
** Operantar XLI
** Número da Estação 0015
** Latitude 62 8,825 S
** Longitude 58 24,511 W
** Data/Hora (Z) 09/11/22 1207Z
** Profundidade local 450
** 09-1439
** Nome do Operador CT GARLA
# nquan = 30
# nvalues = 824                         
# units = specified
# name 0 = scan: Scan Count
# name 1 = timeJ: Julian Days
# name 2 = latitude: Latitude [deg]
# name 3 = longitude: Longitude [deg]
# name 4 = dz/dtM: Descent Rate [m/s]
# name 5 = avgsvCM: Average Sound Velocity [Chen-Millero, m/s]
# name 6 = prDM: Pressure, Digiquartz [db]
# name 7 = depSM: Depth [salt water, m]
# name 8 = t090C: Temperature [ITS-90, deg C]
# name 9 = t190C: Temperature, 2 [ITS-90, deg C]
# name 10 = T2-T190C: Temperature Difference, 2 - 1 [ITS-90, deg C]
# name 11 = potemp090C: Potential Temperature [ITS-90, deg C]
# name 12 = potemp190C: Potential Temperature, 2 [ITS-90, deg C]
# name 13 = potemp90Cdiff: Potential Temperature, Diff, 2 - 1 [ITS-90, deg C]
# name 14 = c0S/m: Conductivity [S/m]
# name 15 = c1S/m: Conductivity, 2 [S/m]
# name 16 = C2-C1S/m: Conductivity Difference, 2 - 1 [S/m]
# name 17 = sal00: Salinity, Practical [PSU]
# name 18 = sal11: Salinity, Practical, 2 [PSU]
# name 19 = sbeox0ML/L: Oxygen, SBE 43 [ml/l]
# name 20 = sigma-é00: Density [sigma-theta, kg/m^3]
# name 21 = sigma-é11: Density, 2 [sigma-theta, kg/m^3]
# name 22 = sal00: Salinity, Practical [PSU]
# name 23 = sigma-é00: Density [sigma-theta, kg/m^3]
# name 24 = svCM: Sound Velocity [Chen-Millero, m/s]
# name 25 = svCM1: Sound Velocity, 2 [Chen-Millero, m/s]
# name 26 = gsw_ptA0: potential temperature [ITS-90, deg C]
# name 27 = gsw_densityA0: density, TEOS-10 [density, kg/m^3]
# name 28 = gsw_saA0: Absolute Salinity [g/kg]
# name 29 = flag:
# span 0 =       2702,      27959       
# span 1 = 313.506326, 313.518506       
# span 2 =  -62.14736,  -62.14710       
# span 3 =  -58.40860,  -58.40822       
# span 4 =     -1.305,      1.213       
# span 5 =       0.00,    1450.84       
# span 6 =      0.000,    412.000       
# span 7 =     -0.017,    407.632       
# span 8 =    -0.2550,    -0.0538       
# span 9 =    -0.2551,    -0.0573       
# span 10 =    -0.0094,     0.0196      
# span 11 =    -0.2654,    -0.0539      
# span 12 =    -0.2654,    -0.0573      
# span 13 =    -0.0094,     0.0196      
# span 14 =   2.799464,   2.856376      
# span 15 =   2.737882,   2.856426      
# span 16 =  -0.060320,   0.003990      
# span 17 =    33.7190,    34.3646      
# span 18 =    32.8992,    34.3653      
# span 19 =     6.4937,     8.4323      
# span 20 =    27.0764,    27.6049      
# span 21 =    26.4137,    27.6055      
# span 22 =    33.7133,    34.3647      
# span 23 =    27.0719,    27.6050      
# span 24 =    1447.03,    1454.01      
# span 25 =    1446.00,    1454.01      
# span 26 =    -0.2652,    -0.0539      
# span 27 =  1027.0812,  1029.5673      
# span 28 =    33.8760,    34.5324      
# span 29 = 0.0000e+00, 0.0000e+00      
# interval = decibars: 1                
# start_time = Nov 09 2022 12:07:14 [NMEA time, header]
# bad_flag = -9.990e-29
*END*
[from data line 146]
       8653 313.509195  -62.14712  -58.40860      0.872    1448.74    146.000    144.548    -0.1299    -0.1297     0.0002    -0.1350    -0.1348     0.0002   2.839293   2.839348   0.000053    34.2017    34.2022     7.4385    27.4686    27.4690    34.2020    27.4688    1449.84    1449.84    -0.1349  1028.1700    34.3683 0.0000e+00
       8680 313.509209  -62.14712  -58.40860      0.878    1448.74    147.000    145.538    -0.1284    -0.1287    -0.0002    -0.1335    -0.1337    -0.0002   2.839461   2.839523   0.000061    34.2018    34.2028     7.4402    27.4686    27.4694    34.2019    27.4687    1449.87    1449.87    -0.1334  1028.1746    34.3683 0.0000e+00
       8706 313.509221  -62.14712  -58.40860      0.904    1448.74    148.000    146.527    -0.1279    -0.1279     0.0000    -0.1330    -0.1330     0.0000   2.839566   2.839639   0.000080    34.2019    34.2029     7.4337    27.4686    27.4695    34.2021    27.4688    1449.89    1449.89    -0.1329  1028.1795    34.3685 0.0000e+00
       8729 313.509232  -62.14712  -58.40860      0.985    1448.74    149.000    147.517    -0.1267    -0.1269    -0.0001    -0.1319    -0.1320    -0.0001   2.839720   2.839756   0.000034    34.2020    34.2026     7.4351    27.4687    27.4692    34.2022    27.4689    1449.91    1449.91    -0.1318  1028.1843    34.3686 0.0000e+00
       8751 313.509243  -62.14712  -58.40860      1.068    1448.74    150.000    148.507    -0.1264    -0.1266    -0.0002    -0.1316    -0.1318    -0.0002   2.839813   2.839876   0.000061    34.2023    34.2033     7.4396    27.4689    27.4697    34.2025    27.4691    1449.93    1449.93    -0.1315  1028.1893    34.3689 0.0000e+00
       8774 313.509254  -62.14712  -58.40860      1.069    1448.74    151.000    149.496    -0.1273    -0.1278    -0.0005    -0.1325    -0.1330    -0.0005   2.839800   2.839828   0.000026    34.2027    34.2036     7.4362    27.4693    27.4700    34.2027    27.4693    1449.94    1449.94    -0.1324  1028.1943    34.3691 0.0000e+00
       8802 313.509267  -62.14712  -58.40860      0.928    1448.74    152.000    150.486    -0.1274    -0.1282    -0.0008    -0.1327    -0.1335    -0.0008   2.839843   2.839857   0.000026    34.2027    34.2039     7.4335    27.4693    27.4703    34.2029    27.4694    1449.95    1449.95    -0.1326  1028.1992    34.3693 0.0000e+00
       8833 313.509283  -62.14712  -58.40860      0.773    1448.74    153.000    151.476    -0.1292    -0.1293    -0.0001    -0.1345    -0.1346    -0.0001   2.839770   2.839821   0.000038    34.2034    34.2041     7.4353    27.4700    27.4705    34.2032    27.4698    1449.96    1449.96    -0.1344  1028.2043    34.3697 0.0000e+00
       8862 313.509296  -62.14712  -58.40858      0.796    1448.74    154.000    152.466    -0.1317    -0.1316     0.0001    -0.1370    -0.1370     0.0001   2.839696   2.839770   0.000077    34.2044    34.2054     7.4435    27.4709    27.4717    34.2044    27.4709    1449.97    1449.97    -0.1369  1028.2102    34.3709 0.0000e+00
       8887 313.509308  -62.14712  -58.40858      0.915    1448.74    155.000    153.455    -0.1313    -0.1311     0.0002    -0.1367    -0.1365     0.0002   2.839756   2.839822   0.000060    34.2044    34.2050     7.4373    27.4709    27.4713    34.2042    27.4707    1449.99    1449.99    -0.1366  1028.2148    34.3707 0.0000e+00
       8909 313.509319  -62.14712  -58.40860      1.029    1448.74    156.000    154.445    -0.1340    -0.1338     0.0001    -0.1394    -0.1392     0.0001   2.839666   2.839739   0.000075    34.2055    34.2063     7.4328    27.4719    27.4725    34.2054    27.4718    1449.99    1449.99    -0.1393  1028.2206    34.3719 0.0000e+00
       8932 313.509330  -62.14712  -58.40860      1.072    1448.74    157.000    155.435    -0.1330    -0.1334    -0.0003    -0.1385    -0.1388    -0.0003   2.839745   2.839771   0.000026    34.2049    34.2056     7.4248    27.4713    27.4720    34.2048    27.4713    1450.01    1450.01    -0.1384  1028.2248    34.3713 0.0000e+00
       8957 313.509342  -62.14712  -58.40858      1.016    1448.74    158.000    156.424    -0.1326    -0.1324     0.0002    -0.1381    -0.1379     0.0002   2.839827   2.839902   0.000074    34.2048    34.2055     7.4231    27.4712    27.4718    34.2048    27.4713    1450.03    1450.03    -0.1380  1028.2296    34.3713 0.0000e+00
       8985 313.509356  -62.14712  -58.40858      0.880    1448.74    159.000    157.414    -0.1319    -0.1319     0.0000    -0.1374    -0.1374     0.0000   2.839898   2.839964   0.000064    34.2044    34.2052     7.4216    27.4709    27.4716    34.2044    27.4709    1450.05    1450.05    -0.1373  1028.2340    34.3709 0.0000e+00
       9014 313.509370  -62.14712  -58.40858      0.811    1448.74    160.000    158.403    -0.1323    -0.1324    -0.0001    -0.1379    -0.1379    -0.0001   2.839926   2.839977   0.000052    34.2045    34.2054     7.4172    27.4711    27.4717    34.2046    27.4711    1450.06    1450.06    -0.1378  1028.2389    34.3711 0.0000e+00
       9040 313.509382  -62.14712  -58.40858      0.876    1448.74    161.000    159.393    -0.1310    -0.1311    -0.0001    -0.1366    -0.1367    -0.0001   2.840045   2.840103   0.000062    34.2040    34.2049     7.4170    27.4705    27.4713    34.2041    27.4706    1450.08    1450.08    -0.1365  1028.2433    34.3706 0.0000e+00
       9064 313.509394  -62.14712  -58.40858      0.979    1448.74    162.000    160.383    -0.1304    -0.1309    -0.0006    -0.1360    -0.1365    -0.0006   2.840125   2.840148   0.000023    34.2038    34.2047     7.4237    27.4703    27.4711    34.2038    27.4704    1450.10    1450.10    -0.1359  1028.2477    34.3703 0.0000e+00
       9089 313.509406  -62.14712  -58.40858      1.000    1448.74    163.000    161.372    -0.1303    -0.1305    -0.0002    -0.1360    -0.1362    -0.0002   2.840164   2.840230   0.000063    34.2037    34.2047     7.4203    27.4702    27.4711    34.2037    27.4703    1450.12    1450.12    -0.1359  1028.2524    34.3702 0.0000e+00
       9116 313.509419  -62.14712  -58.40858      0.918    1448.74    164.000    162.362    -0.1304    -0.1305    -0.0001    -0.1361    -0.1362    -0.0001   2.840208   2.840263   0.000057    34.2037    34.2046     7.4198    27.4703    27.4710    34.2038    27.4704    1450.14    1450.14    -0.1360  1028.2573    34.3703 0.0000e+00
       9145 313.509433  -62.14712  -58.40858      0.834    1448.74    165.000    163.351    -0.1307    -0.1308    -0.0001    -0.1364    -0.1365    -0.0001   2.840242   2.840303   0.000060    34.2040    34.2049     7.4212    27.4705    27.4713    34.2040    27.4705    1450.15    1450.15    -0.1363  1028.2622    34.3705 0.0000e+00
       9172 313.509446  -62.14712  -58.40858      0.850    1448.74    166.000    164.341    -0.1324    -0.1325    -0.0001    -0.1382    -0.1383    -0.0001   2.840235   2.840297   0.000064    34.2052    34.2061     7.4181    27.4716    27.4723    34.2052    27.4716    1450.16    1450.16    -0.1381  1028.2680    34.3717 0.0000e+00
       9196 313.509457  -62.14712  -58.40858      0.956    1448.74    167.000    165.331    -0.1325    -0.1325     0.0000    -0.1383    -0.1383     0.0000   2.840286   2.840352   0.000067    34.2053    34.2062     7.4237    27.4717    27.4723    34.2053    27.4717    1450.18    1450.18    -0.1382  1028.2729    34.3719 0.0000e+00
       9218 313.509468  -62.14712  -58.40858      1.054    1448.74    168.000    166.320    -0.1316    -0.1313     0.0003    -0.1374    -0.1371     0.0003   2.840371   2.840454   0.000078    34.2048    34.2055     7.4224    27.4712    27.4718    34.2048    27.4712    1450.20    1450.20    -0.1373  1028.2772    34.3714 0.0000e+00
       9240 313.509479  -62.14712  -58.40858      1.092    1448.74    169.000    167.310    -0.1324    -0.1321     0.0003    -0.1382    -0.1380     0.0003   2.840380   2.840455   0.000078    34.2053    34.2060     7.4244    27.4717    27.4722    34.2053    27.4716    1450.21    1450.21    -0.1382  1028.2823    34.3718 0.0000e+00
       9266 313.509491  -62.14712  -58.40858      1.004    1448.74    170.000    168.300    -0.1329    -0.1330    -0.0001    -0.1388    -0.1389    -0.0001   2.840395   2.840458   0.000062    34.2054    34.2064     7.4206    27.4718    27.4726    34.2054    27.4718    1450.22    1450.23    -0.1387  1028.2872    34.3719 0.0000e+00
       9298 313.509507  -62.14712  -58.40858      0.794    1448.74    171.000    169.289    -0.1330    -0.1330     0.0000    -0.1389    -0.1389     0.0000   2.840435   2.840494   0.000059    34.2054    34.2062     7.4174    27.4718    27.4724    34.2054    27.4718    1450.24    1450.24    -0.1388  1028.2920    34.3720 0.0000e+00
       9330 313.509522  -62.14712  -58.40858      0.721    1448.74    172.000    170.279    -0.1331    -0.1331    -0.0000    -0.1390    -0.1391    -0.0000   2.840478   2.840536   0.000058    34.2055    34.2063     7.4219    27.4719    27.4725    34.2055    27.4719    1450.26    1450.26    -0.1390  1028.2969    34.3721 0.0000e+00
       9357 313.509535  -62.14712  -58.40858      0.829    1448.74    173.000    171.268    -0.1330    -0.1331    -0.0000    -0.1391    -0.1391    -0.0000   2.840535   2.840584   0.000050    34.2056    34.2063     7.4254    27.4719    27.4725    34.2056    27.4720    1450.27    1450.27    -0.1389  1028.3017    34.3722 0.0000e+00
       9380 313.509546  -62.14712  -58.40858      0.974    1448.74    174.000    172.258    -0.1327    -0.1327     0.0000    -0.1387    -0.1387     0.0000   2.840614   2.840666   0.000049    34.2056    34.2063     7.4236    27.4719    27.4725    34.2057    27.4720    1450.29    1450.29    -0.1386  1028.3065    34.3722 0.0000e+00
       9402 313.509557  -62.14712  -58.40858      1.065    1448.74    175.000    173.248    -0.1326    -0.1326    -0.0000    -0.1387    -0.1387    -0.0000   2.840668   2.840722   0.000056    34.2056    34.2064     7.4265    27.4719    27.4726    34.2057    27.4720    1450.31    1450.31    -0.1386  1028.3113    34.3723 0.0000e+00
       9425 313.509568  -62.14712  -58.40858      1.085    1448.74    176.000    174.237    -0.1326    -0.1326     0.0000    -0.1387    -0.1387     0.0000   2.840717   2.840767   0.000048    34.2057    34.2063     7.4242    27.4720    27.4725    34.2057    27.4720    1450.32    1450.32    -0.1386  1028.3160    34.3723 0.0000e+00
       9448 313.509579  -62.14712  -58.40858      1.056    1448.74    177.000    175.227    -0.1326    -0.1326     0.0000    -0.1388    -0.1388     0.0000   2.840752   2.840823   0.000069    34.2056    34.2065     7.4171    27.4719    27.4727    34.2056    27.4720    1450.34    1450.34    -0.1387  1028.3207    34.3722 0.0000e+00
       9472 313.509591  -62.14712  -58.40858      1.012    1448.74    178.000    176.216    -0.1330    -0.1330    -0.0000    -0.1392    -0.1392    -0.0000   2.840792   2.840863   0.000074    34.2060    34.2070     7.4127    27.4723    27.4731    34.2060    27.4723    1450.36    1450.36    -0.1391  1028.3258    34.3726 0.0000e+00
       9498 313.509603  -62.14712  -58.40858      0.968    1448.74    179.000    177.206    -0.1331    -0.1331    -0.0000    -0.1393    -0.1393    -0.0000   2.840843   2.840901   0.000056    34.2061    34.2069     7.4132    27.4723    27.4730    34.2061    27.4724    1450.37    1450.37    -0.1392  1028.3307    34.3727 0.0000e+00
       9527 313.509617  -62.14712  -58.40858      0.863    1448.74    180.000    178.195    -0.1331    -0.1331    -0.0000    -0.1393    -0.1393    -0.0000   2.840892   2.840950   0.000058    34.2062    34.2069     7.4191    27.4724    27.4730    34.2062    27.4724    1450.39    1450.39    -0.1393  1028.3355    34.3728 0.0000e+00
       9558 313.509632  -62.14712  -58.40858      0.763    1448.74    181.000    179.185    -0.1331    -0.1331     0.0000    -0.1394    -0.1394     0.0000   2.840931   2.840994   0.000062    34.2061    34.2069     7.4224    27.4724    27.4730    34.2062    27.4724    1450.40    1450.41    -0.1393  1028.3402    34.3728 0.0000e+00
       9586 313.509645  -62.14712  -58.40858      0.822    1448.74    182.000    180.174    -0.1334    -0.1333     0.0001    -0.1397    -0.1397     0.0001   2.840988   2.841058   0.000068    34.2066    34.2074     7.4246    27.4728    27.4734    34.2066    27.4728    1450.42    1450.42    -0.1396  1028.3455    34.3734 0.0000e+00
       9608 313.509656  -62.14712  -58.40856      0.969    1448.74    183.000    181.164    -0.1334    -0.1334    -0.0000    -0.1398    -0.1398    -0.0000   2.841037   2.841092   0.000053    34.2067    34.2074     7.4284    27.4729    27.4735    34.2067    27.4728    1450.44    1450.44    -0.1397  1028.3504    34.3736 0.0000e+00
       9629 313.509666  -62.14712  -58.40856      1.096    1448.74    184.000    182.154    -0.1337    -0.1337     0.0001    -0.1401    -0.1401     0.0001   2.841063   2.841126   0.000065    34.2068    34.2075     7.4235    27.4730    27.4735    34.2068    27.4730    1450.45    1450.45    -0.1400  1028.3551    34.3734 0.0000e+00
       9651 313.509677  -62.14712  -58.40856      1.142    1448.74    185.000    183.143    -0.1339    -0.1340    -0.0001    -0.1404    -0.1405    -0.0001   2.841099   2.841156   0.000058    34.2069    34.2077     7.4199    27.4730    27.4737    34.2069    27.4730    1450.47    1450.47    -0.1403  1028.3599    34.3735 0.0000e+00
       9676 313.509689  -62.14712  -58.40858      1.035    1448.74    186.000    184.133    -0.1340    -0.1340    -0.0000    -0.1405    -0.1405    -0.0000   2.841132   2.841193   0.000062    34.2068    34.2076     7.4050    27.4730    27.4737    34.2068    27.4730    1450.48    1450.48    -0.1404  1028.3646    34.3734 0.0000e+00
       9705 313.509703  -62.14712  -58.40858      0.849    1448.74    187.000    185.122    -0.1340    -0.1340    -0.0000    -0.1405    -0.1405    -0.0000   2.841179   2.841240   0.000059    34.2068    34.2076     7.4073    27.4730    27.4737    34.2068    27.4730    1450.50    1450.50    -0.1404  1028.3693    34.3734 0.0000e+00
       9734 313.509717  -62.14712  -58.40858      0.817    1448.74    188.000    186.112    -0.1346    -0.1345     0.0002    -0.1412    -0.1410     0.0002   2.841191   2.841261   0.000069    34.2071    34.2079     7.4168    27.4732    27.4739    34.2070    27.4732    1450.51    1450.51    -0.1411  1028.3743    34.3737 0.0000e+00
       9758 313.509728  -62.14712  -58.40858      0.925    1449.10    189.000    187.101    -0.1351    -0.1352    -0.0001    -0.1417    -0.1418    -0.0001   2.841200   2.841251   0.000052    34.2072    34.2080     7.4183    27.4734    27.4740    34.2071    27.4733    1450.53    1450.53    -0.1416  1028.3792    34.3738 0.0000e+00
       9780 313.509739  -62.14712  -58.40858      1.045    1449.18    190.000    188.091    -0.1364    -0.1363    -0.0000    -0.1430    -0.1430    -0.0000   2.841159   2.841214   0.000054    34.2074    34.2081     7.4188    27.4736    27.4742    34.2074    27.4736    1450.54    1450.54    -0.1429  1028.3842    34.3740 0.0000e+00
       9803 313.509750  -62.14712  -58.40858      1.080    1449.18    191.000    189.080    -0.1363    -0.1364    -0.0002    -0.1430    -0.1431    -0.0002   2.841217   2.841258   0.000042    34.2075    34.2082     7.4143    27.4736    27.4742    34.2075    27.4737    1450.55    1450.55    -0.1429  1028.3891    34.3741 0.0000e+00
       9829 313.509763  -62.14712  -58.40858      0.987    1449.18    192.000    190.069    -0.1361    -0.1361     0.0000    -0.1428    -0.1428     0.0000   2.841262   2.841331   0.000070    34.2072    34.2081     7.4245    27.4734    27.4742    34.2072    27.4735    1450.57    1450.57    -0.1427  1028.3936    34.3739 0.0000e+00
