Pos-Processados/process_op41/operantar41_003.ros
* Sea-Bird SBE 9 Data File:
* FileName = C:\Users\Dell\Desktop\Operantar XLI\Raw\OP41003.hdr
* Software Version Seasave V 7.26.7.110
* Temperature SN = 6497
* Conductivity SN = 4954
* Number of Bytes Per Scan = 31
* Number of Voltage Words = 2
* Number of Scans Averaged by the Deck Unit = 1
* NMEA Latitude = 37 44.65 S
* NMEA Longitude = 048 37.45 W
* NMEA UTC (Time) = Oct 18 2022 02:57:07
* NMEA baud rate = 4800
** H41
** Navio Polar Almirante Maximiano
** LH-021/2022
** Operantar XLI
** Número da Estação 003
** Latitude 37ª44.632S
** Longitude 048ª37.496W
** Data/Hora (Z) 18/10/2022 0257Z
** Profundidade local 5500
** 09-1439
** Nome do Operador 1T FILIPE LOPES
# nquan = 24
# nvalues = 1765                                  
# units = specified
# name 0 = scan: Scan Count
# name 1 = timeJ: Julian Days
# name 2 = latitude: Latitude [deg]
# name 3 = longitude: Longitude [deg]
# name 4 = dz/dtM: Descent Rate [m/s]
# name 5 = avgsvCM: Average Sound Velocity [Chen-Millero, m/s]
# name 6 = prDM: Pressure, Digiquartz [db]
# name 7 = depSM: Depth [salt water, m]
# name 8 = t090C: Temperature [ITS-90, deg C]
# name 9 = t190C: Temperature, 2 [ITS-90, deg C]
# name 10 = T2-T190C: Temperature Difference, 2 - 1 [ITS-90, deg C]
# name 11 = potemp090C: Potential Temperature [ITS-90, deg C]
# name 12 = potemp190C: Potential Temperature, 2 [ITS-90, deg C]
# name 13 = potemp90Cdiff: Potential Temperature, Diff, 2 - 1 [ITS-90, deg C]
# name 14 = c0S/m: Conductivity [S/m]
# name 15 = c1S/m: Conductivity, 2 [S/m]
# name 16 = C2-C1S/m: Conductivity Difference, 2 - 1 [S/m]
# name 17 = sal00: Salinity, Practical [PSU]
# name 18 = sal11: Salinity, Practical, 2 [PSU]
# name 19 = sbeox0ML/L: Oxygen, SBE 43 [ml/l]
# name 20 = sigma-é00: Density [sigma-theta, kg/m^3]
# name 21 = sigma-é11: Density, 2 [sigma-theta, kg/m^3]
# name 22 = nbf: Bottles Fired
# name 23 = flag:  0.000e+00
# interval = seconds: 0.0416667
# start_time = Oct 18 2022 02:57:07 [NMEA time, header]
# bad_flag = -9.990e-29
*END*
[from data line 846]
      59044 291.151471  -37.74756  -48.61832      0.043    1488.80     39.210     38.913    14.1217    14.1217    -0.0001    14.1161    14.1160    -0.0001   4.243267   4.243109  -0.000158    35.3339    35.3325     5.6340    26.4207    26.4196         14  0.000e+00
      59045 291.151472  -37.74756  -48.61832      0.047    1488.80     39.194     38.897    14.1219    14.1217    -0.0002    14.1162    14.1160    -0.0002   4.243267   4.243156  -0.000111    35.3338    35.3329     5.6345    26.4206    26.4199         14  0.000e+00
      59046 291.151472  -37.74756  -48.61832      0.046    1488.80     39.194     38.897    14.1219    14.1215    -0.0004    14.1162    14.1158    -0.0004   4.243234   4.243096  -0.000139    35.3335    35.3325     5.6348    26.4203    26.4197         14  0.000e+00
      59047 291.151473  -37.74756  -48.61832      0.048    1488.80     39.194     38.897    14.1219    14.1217    -0.0002    14.1162    14.1160    -0.0002   4.243241   4.243089  -0.000152    35.3335    35.3323     5.6353    26.4204    26.4195         14  0.000e+00
      59048 291.151473  -37.74756  -48.61832      0.050    1488.80     39.194     38.898    14.1217    14.1217    -0.0001    14.1161    14.1160    -0.0001   4.243254   4.243129  -0.000125    35.3338    35.3327     5.6355    26.4206    26.4198         14  0.000e+00
      59049 291.151474  -37.74756  -48.61832      0.049    1488.80     39.210     38.913    14.1217    14.1213    -0.0004    14.1161    14.1156    -0.0004   4.243261   4.243143  -0.000118    35.3339    35.3331     5.6356    26.4206    26.4202         14  0.000e+00
      59050 291.151474  -37.74756  -48.61832      0.045    1488.80     39.129     38.834    14.1219    14.1213    -0.0006    14.1162    14.1157    -0.0006   4.243248   4.243082  -0.000165    35.3336    35.3326     5.6356    26.4204    26.4198         14  0.000e+00
      59051 291.151475  -37.74756  -48.61832      0.053    1488.80     39.314     39.017    14.1219    14.1215    -0.0004    14.1162    14.1158    -0.0004   4.243254   4.243149  -0.000105    35.3336    35.3330     5.6359    26.4204    26.4200         14  0.000e+00
      59052 291.151475  -37.74756  -48.61832      0.051    1488.80     39.194     38.898    14.1219    14.1215    -0.0004    14.1162    14.1158    -0.0004   4.243261   4.243176  -0.000085    35.3337    35.3333     5.6358    26.4205    26.4203         14  0.000e+00
      59053 291.151476  -37.74756  -48.61832      0.055    1488.80     39.250     38.954    14.1219    14.1217    -0.0002    14.1162    14.1160    -0.0002   4.243281   4.243176  -0.000105    35.3339    35.3331     5.6359    26.4207    26.4201         14  0.000e+00
      59054 291.151476  -37.74756  -48.61832      0.058    1488.80     39.210     38.914    14.1217    14.1218     0.0001    14.1161    14.1161     0.0001   4.243294   4.243176  -0.000118    35.3342    35.3330     5.6358    26.4209    26.4200         14  0.000e+00
      59055 291.151477  -37.74756  -48.61832      0.058    1488.80     39.194     38.898    14.1219    14.1215    -0.0004    14.1162    14.1158    -0.0004   4.243267   4.243116  -0.000152    35.3338    35.3327     5.6398    26.4206    26.4198         14  0.000e+00
      59056 291.151477  -37.74756  -48.61832      0.061    1488.80     39.250     38.954    14.1221    14.1219    -0.0002    14.1164    14.1162    -0.0002   4.243221   4.243243   0.000022    35.3332    35.3336     5.6401    26.4200    26.4204         14  0.000e+00
      59057 291.151478  -37.74756  -48.61832      0.057    1488.80     39.250     38.954    14.1221    14.1220    -0.0001    14.1164    14.1163    -0.0001   4.243301   4.243230  -0.000071    35.3339    35.3333     5.6403    26.4206    26.4202         14  0.000e+00
      59058 291.151478  -37.74756  -48.61832      0.062    1488.80     39.210     38.914    14.1222    14.1218    -0.0004    14.1165    14.1161    -0.0004   4.243307   4.243183  -0.000124    35.3339    35.3331     5.6401    26.4205    26.4200         14  0.000e+00
      59059 291.151479  -37.74756  -48.61832      0.062    1488.80     39.250     38.954    14.1224    14.1218    -0.0006    14.1167    14.1161    -0.0006   4.243314   4.243149  -0.000164    35.3337    35.3327     5.6402    26.4204    26.4198         14  0.000e+00
      59060 291.151479  -37.74756  -48.61832      0.060    1488.80     39.194     38.898    14.1226    14.1222    -0.0004    14.1169    14.1165    -0.0004   4.243360   4.243196  -0.000164    35.3340    35.3329     5.6402    26.4206    26.4198         14  0.000e+00
      59061 291.151480  -37.74756  -48.61832      0.066    1488.80     39.315     39.018    14.1226    14.1222    -0.0004    14.1169    14.1165    -0.0004   4.243340   4.243270  -0.000070    35.3338    35.3335     5.6363    26.4204    26.4203         14  0.000e+00
      59062 291.151480  -37.74756  -48.61832      0.064    1488.80     39.194     38.898    14.1229    14.1222    -0.0007    14.1172    14.1165    -0.0007   4.243353   4.243176  -0.000177    35.3336    35.3327     5.6358    26.4202    26.4196         14  0.000e+00
      59063 291.151481  -37.74756  -48.61832      0.064    1488.80     39.274     38.978    14.1229    14.1224    -0.0005    14.1172    14.1167    -0.0005   4.243419   4.243223  -0.000196    35.3342    35.3329     5.6355    26.4207    26.4198         14  0.000e+00
      59064 291.151481  -37.74756  -48.61832      0.066    1488.80     39.250     38.954    14.1231    14.1220    -0.0011    14.1174    14.1163    -0.0011   4.243386   4.243223  -0.000163    35.3338    35.3332     5.6350    26.4203    26.4201         14  0.000e+00
      59065 291.151481  -37.74756  -48.61832      0.070    1488.80     39.315     39.018    14.1231    14.1224    -0.0007    14.1174    14.1167    -0.0007   4.243413   4.243270  -0.000143    35.3340    35.3333     5.6346    26.4205    26.4201         14  0.000e+00
      59066 291.151482  -37.74756  -48.61832      0.067    1488.80     39.250     38.954    14.1234    14.1224    -0.0010    14.1177    14.1167    -0.0010   4.243439   4.243230  -0.000209    35.3340    35.3330     5.6341    26.4204    26.4198         14  0.000e+00
      59067 291.151482  -37.74756  -48.61832      0.071    1488.80     39.250     38.954    14.1234    14.1224    -0.0011    14.1177    14.1167    -0.0011   4.243466   4.243237  -0.000229    35.3342    35.3330     5.6335    26.4206    26.4199         14  0.000e+00
      59068 291.151483  -37.74756  -48.61832      0.072    1488.80     39.275     38.978    14.1234    14.1224    -0.0010    14.1177    14.1167    -0.0010   4.243466   4.243250  -0.000216    35.3342    35.3332     5.6330    26.4206    26.4200         14  0.000e+00
      59069 291.151483  -37.74756  -48.61832      0.069    1488.80     39.250     38.954    14.1234    14.1226    -0.0008    14.1177    14.1169    -0.0008   4.243446   4.243277  -0.000169    35.3341    35.3332     5.6365    26.4205    26.4200         14  0.000e+00
      59070 291.151484  -37.74756  -48.61832      0.071    1488.80     39.315     39.018    14.1232    14.1224    -0.0009    14.1175    14.1167    -0.0009   4.243466   4.243257  -0.000209    35.3343    35.3332     5.6323    26.4207    26.4200         14  0.000e+00
      59071 291.151484  -37.74756  -48.61832      0.073    1488.80     39.250     38.954    14.1236    14.1225    -0.0011    14.1179    14.1168    -0.0011   4.243439   4.243250  -0.000189    35.3338    35.3330     5.6319    26.4202    26.4199         14  0.000e+00
      59072 291.151485  -37.74756  -48.61832      0.075    1488.80     39.315     39.018    14.1232    14.1225    -0.0007    14.1175    14.1168    -0.0007   4.243466   4.243304  -0.000162    35.3343    35.3335     5.6317    26.4207    26.4202         14  0.000e+00
      59073 291.151485  -37.74756  -48.61832      0.078    1488.80     39.331     39.034    14.1234    14.1231    -0.0003    14.1177    14.1174    -0.0003   4.243479   4.243350  -0.000128    35.3343    35.3334     5.6314    26.4207    26.4201         14  0.000e+00
      59074 291.151486  -37.74756  -48.61832      0.077    1488.80     39.250     38.954    14.1234    14.1230    -0.0004    14.1177    14.1173    -0.0004   4.243439   4.243364  -0.000075    35.3339    35.3336     5.6310    26.4204    26.4202         14  0.000e+00
      59075 291.151486  -37.74756  -48.61832      0.078    1488.80     39.315     39.018    14.1236    14.1232    -0.0004    14.1179    14.1175    -0.0004   4.243466   4.243330  -0.000135    35.3340    35.3331     5.6348    26.4204    26.4198         14  0.000e+00
      59076 291.151487  -37.74756  -48.61832      0.078    1488.80     39.315     39.018    14.1234    14.1232    -0.0002    14.1177    14.1175    -0.0002   4.243479   4.243324  -0.000155    35.3343    35.3331     5.6308    26.4207    26.4197         14  0.000e+00
      59077 291.151487  -37.74756  -48.61832      0.078    1488.80     39.251     38.954    14.1236    14.1230    -0.0006    14.1179    14.1173    -0.0006   4.243466   4.243324  -0.000142    35.3341    35.3333     5.6303    26.4204    26.4199         15  0.000e+00
      59078 291.151488  -37.74756  -48.61832      0.084    1488.80     39.387     39.090    14.1236    14.1232    -0.0003    14.1179    14.1175    -0.0003   4.243472   4.243350  -0.000122    35.3341    35.3332     5.6341    26.4204    26.4199         15  0.000e+00
      59079 291.151488  -37.74756  -48.61832      0.083    1488.80     39.315     39.018    14.1234    14.1232    -0.0002    14.1177    14.1175    -0.0002   4.243453   4.243364  -0.000089    35.3341    35.3334     5.6299    26.4205    26.4200         15  0.000e+00
      59080 291.151489  -37.74756  -48.61832      0.082    1488.80     39.315     39.018    14.1232    14.1232    -0.0001    14.1175    14.1175    -0.0001   4.243446   4.243330  -0.000116    35.3342    35.3331     5.6299    26.4206    26.4198         15  0.000e+00
      59081 291.151489  -37.74756  -48.61832      0.087    1488.80     39.371     39.074    14.1231    14.1230    -0.0001    14.1174    14.1173    -0.0001   4.243459   4.243350  -0.000109    35.3344    35.3335     5.6299    26.4208    26.4201         15  0.000e+00
      59082 291.151490  -37.74756  -48.61832      0.085    1488.80     39.315     39.018    14.1234    14.1231    -0.0004    14.1177    14.1174    -0.0004   4.243446   4.243364  -0.000082    35.3340    35.3336     5.6294    26.4204    26.4202         15  0.000e+00
      59083 291.151490  -37.74756  -48.61832      0.088    1488.80     39.331     39.034    14.1232    14.1232    -0.0001    14.1175    14.1175    -0.0001   4.243446   4.243330  -0.000116    35.3341    35.3331     5.6330    26.4206    26.4198         15  0.000e+00
      59084 291.151491  -37.74754  -48.61832      0.096    1488.80     39.428     39.130    14.1232    14.1230    -0.0002    14.1175    14.1173    -0.0002   4.243459   4.243344  -0.000115    35.3342    35.3334     5.6330    26.4206    26.4200         15  0.000e+00
      59085 291.151491  -37.74754  -48.61832      0.089    1488.80     39.315     39.018    14.1231    14.1232     0.0001    14.1174    14.1175     0.0001   4.243419   4.243357  -0.000062    35.3341    35.3334     5.6328    26.4205    26.4200         15  0.000e+00
      59086 291.151492  -37.74754  -48.61832      0.096    1488.80     39.372     39.074    14.1232    14.1231    -0.0002    14.1175    14.1173    -0.0002   4.243433   4.243364  -0.000069    35.3340    35.3335     5.6330    26.4205    26.4201         15  0.000e+00
      59087 291.151492  -37.74754  -48.61832      0.095    1488.80     39.372     39.074    14.1232    14.1232    -0.0001    14.1175    14.1175    -0.0001   4.243486   4.243384  -0.000102    35.3345    35.3336     5.6328    26.4208    26.4202         15  0.000e+00
      59088 291.151493  -37.74754  -48.61832      0.099    1488.80     39.388     39.090    14.1232    14.1236     0.0003    14.1175    14.1178     0.0003   4.243459   4.243397  -0.000062    35.3342    35.3334     5.6289    26.4206    26.4199         15  0.000e+00
      59089 291.151493  -37.74754  -48.61832      0.097    1488.80     39.372     39.074    14.1232    14.1236     0.0003    14.1175    14.1178     0.0003   4.243413   4.243371  -0.000042    35.3338    35.3331     5.6287    26.4203    26.4197         15  0.000e+00
      59090 291.151494  -37.74754  -48.61832      0.099    1488.80     39.372     39.074    14.1232    14.1237     0.0004    14.1175    14.1180     0.0004   4.243479   4.243411  -0.000068    35.3344    35.3334     5.6285    26.4208    26.4199         15  0.000e+00
      59091 291.151494  -37.74754  -48.61832      0.103    1488.80     39.428     39.130    14.1234    14.1234    -0.0000    14.1177    14.1177    -0.0000   4.243486   4.243458  -0.000028    35.3343    35.3341     5.6283    26.4207    26.4205         15  0.000e+00
      59092 291.151495  -37.74754  -48.61832      0.103    1488.80     39.372     39.074    14.1234    14.1236     0.0002    14.1177    14.1178     0.0002   4.243479   4.243391  -0.000088    35.3343    35.3333     5.6321    26.4207    26.4199         15  0.000e+00
      59093 291.151495  -37.74754  -48.61832      0.109    1488.80     39.452     39.154    14.1231    14.1236     0.0005    14.1173    14.1178     0.0005   4.243499   4.243384  -0.000115    35.3348    35.3332     5.6323    26.4211    26.4198         15  0.000e+00
      59094 291.151495  -37.74754  -48.61832      0.111    1488.80     39.428     39.130    14.1232    14.1236     0.0003    14.1175    14.1178     0.0003   4.243486   4.243397  -0.000088    35.3345    35.3334     5.6324    26.4208    26.4199         15  0.000e+00
      59095 291.151496  -37.74754  -48.61832      0.110    1488.80     39.372     39.074    14.1234    14.1234    -0.0000    14.1177    14.1177    -0.0000   4.243479   4.243451  -0.000028    35.3343    35.3341     5.6324    26.4207    26.4205         15  0.000e+00
      59096 291.151496  -37.74754  -48.61832      0.115    1488.80     39.493     39.194    14.1238    14.1237    -0.0001    14.1180    14.1180    -0.0001   4.243466   4.243552   0.000086    35.3338    35.3347     5.6326    26.4202    26.4209         15  0.000e+00
      59097 291.151497  -37.74754  -48.61832      0.113    1488.80     39.372     39.074    14.1236    14.1241     0.0005    14.1179    14.1183     0.0005   4.243505   4.243578   0.000073    35.3344    35.3346     5.6285    26.4207    26.4208         15  0.000e+00
      59098 291.151497  -37.74754  -48.61832      0.119    1488.80     39.509     39.210    14.1236    14.1246     0.0010    14.1178    14.1188     0.0010   4.243486   4.243605   0.000120    35.3341    35.3344     5.6284    26.4205    26.4204         15  0.000e+00
      59099 291.151498  -37.74754  -48.61832      0.115    1488.80     39.428     39.130    14.1236    14.1246     0.0010    14.1179    14.1189     0.0010   4.243466   4.243619   0.000153    35.3340    35.3345     5.6280    26.4204    26.4205         15  0.000e+00
      59100 291.151498  -37.74754  -48.61832      0.125    1488.80     39.493     39.194    14.1236    14.1246     0.0010    14.1178    14.1188     0.0010   4.243472   4.243619   0.000146    35.3340    35.3345     5.6278    26.4204    26.4205         15  0.000e+00
      59101 291.151499  -37.74754  -48.61832      0.127    1488.80     39.493     39.194    14.1238    14.1247     0.0010    14.1180    14.1190     0.0010   4.243479   4.243558   0.000079    35.3339    35.3338     5.6315    26.4203    26.4199         15  0.000e+00
      59102 291.151499  -37.74754  -48.61832      0.132    1488.80     39.493     39.194    14.1236    14.1246     0.0010    14.1178    14.1188     0.0010   4.243499   4.243511   0.000013    35.3343    35.3335     5.6275    26.4206    26.4198         15  0.000e+00
