Pos-Processados/process_op41/operantar41_002.ros
* Sea-Bird SBE 9 Data File:
* FileName = C:\Users\Dell\Desktop\Operantar XLI\Raw\OP41002.hdr
* Software Version Seasave V 7.26.7.110
* Temperature SN = 6497
* Conductivity SN = 4954
* Number of Bytes Per Scan = 31
* Number of Voltage Words = 2
* Number of Scans Averaged by the Deck Unit = 1
* NMEA Latitude = 37 16.72 S
* NMEA Longitude = 048 37.48 W
* NMEA UTC (Time) = Oct 17 2022 21:01:25
* NMEA baud rate = 4800
** H41
** Navio Polar Almirante Maximiano
** LH-021/2022
** Operantar XLI
** Número da Estação 002
** Latitude 37ª16.719
** Longitude 048ª37.474
** Data/Hora (Z) 17/10/2022 2100Z
** Profundidade local
** 09-1439
** Nome do Operador 1T FILIPE LOPES
# nquan = 24
# nvalues = 1960                                  
# units = specified
# name 0 = scan: Scan Count
# name 1 = timeJ: Julian Days
# name 2 = latitude: Latitude [deg]
# name 3 = longitude: Longitude [deg]
# name 4 = dz/dtM: Descent Rate [m/s]
# name 5 = avgsvCM: Average Sound Velocity [Chen-Millero, m/s]
# name 6 = prDM: Pressure, Digiquartz [db]
# name 7 = depSM: Depth [salt water, m]
# name 8 = t090C: Temperature [ITS-90, deg C]
# name 9 = t190C: Temperature, 2 [ITS-90, deg C]
# name 10 = T2-T190C: Temperature Difference, 2 - 1 [ITS-90, deg C]
# name 11 = potemp090C: Potential Temperature [ITS-90, deg C]
# name 12 = potemp190C: Potential Temperature, 2 [ITS-90, deg C]
# name 13 = potemp90Cdiff: Potential Temperature, Diff, 2 - 1 [ITS-90, deg C]
# name 14 = c0S/m: Conductivity [S/m]
# name 15 = c1S/m: Conductivity, 2 [S/m]
# name 16 = C2-C1S/m: Conductivity Difference, 2 - 1 [S/m]
# name 17 = sal00: Salinity, Practical [PSU]
# name 18 = sal11: Salinity, Practical, 2 [PSU]
# name 19 = sbeox0ML/L: Oxygen, SBE 43 [ml/l]
# name 20 = sigma-é00: Density [sigma-theta, kg/m^3]
# name 21 = sigma-é11: Density, 2 [sigma-theta, kg/m^3]
# name 22 = nbf: Bottles Fired
# name 23 = flag:  0.000e+00
# interval = seconds: 0.0416667
# start_time = Oct 17 2022 21:01:25 [NMEA time, header]
# bad_flag = -9.990e-29
*END*
[from data line 1268]
      60895 290.905350  -37.28310  -48.62784      0.217    1502.01     22.952     22.780    17.7258    17.7254    -0.0005    17.7219    17.7215    -0.0005   4.693910   4.693725  -0.000186    36.1250    36.1238     5.2016    26.2028    26.2020         16  0.000e+00
      60896 290.905351  -37.28310  -48.62784      0.218    1502.01     22.887     22.716    17.7261    17.7254    -0.0007    17.7222    17.7215    -0.0007   4.693896   4.693711  -0.000186    36.1247    36.1237     5.2016    26.2025    26.2019         16  0.000e+00
      60897 290.905351  -37.28310  -48.62784      0.224    1502.01     22.952     22.780    17.7259    17.7250    -0.0009    17.7220    17.7211    -0.0009   4.693910   4.693613  -0.000297    36.1249    36.1231     5.1981    26.2027    26.2016         16  0.000e+00
      60898 290.905352  -37.28310  -48.62784      0.227    1502.01     22.952     22.780    17.7257    17.7252    -0.0005    17.7217    17.7213    -0.0005   4.693896   4.693648  -0.000249    36.1250    36.1233     5.1979    26.2028    26.2016         16  0.000e+00
      60899 290.905352  -37.28310  -48.62784      0.234    1502.01     23.000     22.828    17.7259    17.7250    -0.0009    17.7220    17.7211    -0.0009   4.693910   4.693697  -0.000214    36.1249    36.1238     5.1977    26.2027    26.2021         16  0.000e+00
      60900 290.905353  -37.28310  -48.62784      0.240    1502.01     23.008     22.836    17.7258    17.7249    -0.0010    17.7219    17.7209    -0.0010   4.693896   4.693648  -0.000249    36.1248    36.1236     5.1975    26.2027    26.2019         16  0.000e+00
      60901 290.905353  -37.28310  -48.62784      0.242    1502.01     23.000     22.828    17.7254    17.7250    -0.0003    17.7214    17.7211    -0.0003   4.693821   4.693655  -0.000166    36.1246    36.1235     5.1973    26.2026    26.2018         16  0.000e+00
      60902 290.905353  -37.28310  -48.62784      0.250    1502.01     23.073     22.900    17.7252    17.7250    -0.0001    17.7212    17.7211    -0.0001   4.693779   4.693669  -0.000111    36.1244    36.1236     5.1974    26.2025    26.2019         16  0.000e+00
      60903 290.905354  -37.28310  -48.62784      0.252    1502.01     23.000     22.828    17.7249    17.7250     0.0002    17.7209    17.7211     0.0002   4.693821   4.693669  -0.000152    36.1251    36.1236     5.1971    26.2031    26.2019         16  0.000e+00
      60904 290.905354  -37.28310  -48.62784      0.258    1502.01     23.073     22.900    17.7248    17.7249     0.0000    17.7209    17.7209     0.0000   4.693793   4.693669  -0.000124    36.1248    36.1237     5.1969    26.2029    26.2021         16  0.000e+00
      60905 290.905355  -37.28310  -48.62784      0.261    1502.01     23.065     22.892    17.7252    17.7249    -0.0003    17.7212    17.7209    -0.0003   4.693807   4.693725  -0.000082    36.1246    36.1242     5.1966    26.2027    26.2024         16  0.000e+00
      60906 290.905355  -37.28310  -48.62784      0.267    1502.01     23.129     22.956    17.7250    17.7252     0.0002    17.7211    17.7213     0.0002   4.693800   4.693780  -0.000020    36.1247    36.1244     5.1963    26.2028    26.2025         16  0.000e+00
      60907 290.905356  -37.28310  -48.62784      0.272    1502.01     23.065     22.892    17.7250    17.7252     0.0002    17.7211    17.7213     0.0002   4.693841   4.693753  -0.000089    36.1250    36.1241     5.1960    26.2030    26.2023         16  0.000e+00
      60908 290.905356  -37.28310  -48.62784      0.279    1502.01     23.129     22.956    17.7252    17.7255     0.0004    17.7212    17.7216     0.0004   4.693814   4.693725  -0.000089    36.1247    36.1236     5.1960    26.2027    26.2018         16  0.000e+00
      60909 290.905357  -37.28310  -48.62784      0.281    1502.01     23.121     22.948    17.7250    17.7254     0.0004    17.7211    17.7214     0.0004   4.693814   4.693739  -0.000075    36.1248    36.1238     5.1957    26.2029    26.2020         16  0.000e+00
      60910 290.905357  -37.28310  -48.62784      0.285    1502.01     23.129     22.956    17.7250    17.7255     0.0005    17.7211    17.7216     0.0005   4.693835   4.693690  -0.000145    36.1250    36.1233     5.1957    26.2030    26.2015         16  0.000e+00
      60911 290.905358  -37.28310  -48.62784      0.291    1502.01     23.186     23.012    17.7254    17.7257     0.0004    17.7214    17.7218     0.0004   4.693821   4.693732  -0.000089    36.1245    36.1234     5.1917    26.2026    26.2016         16  0.000e+00
      60912 290.905358  -37.28310  -48.62784      0.296    1502.01     23.186     23.012    17.7254    17.7254     0.0000    17.7214    17.7214     0.0000   4.693862   4.693774  -0.000089    36.1249    36.1241     5.1913    26.2028    26.2022         16  0.000e+00
      60913 290.905359  -37.28310  -48.62784      0.300    1502.01     23.186     23.012    17.7254    17.7257     0.0004    17.7214    17.7218     0.0004   4.693855   4.693760  -0.000096    36.1248    36.1237     5.1910    26.2028    26.2018         16  0.000e+00
      60914 290.905359  -37.28310  -48.62784      0.302    1502.01     23.186     23.012    17.7254    17.7254     0.0000    17.7214    17.7214     0.0000   4.693897   4.693711  -0.000186    36.1252    36.1236     5.1907    26.2031    26.2018         16  0.000e+00
      60915 290.905360  -37.28310  -48.62784      0.310    1502.01     23.242     23.068    17.7257    17.7255    -0.0001    17.7217    17.7216    -0.0001   4.693869   4.693739  -0.000130    36.1247    36.1236     5.1905    26.2026    26.2018         16  0.000e+00
      60916 290.905360  -37.28310  -48.62784      0.312    1502.01     23.250     23.076    17.7257    17.7255    -0.0002    17.7217    17.7216    -0.0002   4.693897   4.693746  -0.000151    36.1249    36.1237     5.1902    26.2027    26.2019         16  0.000e+00
      60917 290.905361  -37.28310  -48.62784      0.310    1502.01     23.186     23.012    17.7257    17.7254    -0.0003    17.7217    17.7214    -0.0003   4.693897   4.693746  -0.000151    36.1249    36.1239     5.1899    26.2028    26.2021         16  0.000e+00
      60918 290.905361  -37.28310  -48.62784      0.317    1502.01     23.307     23.132    17.7257    17.7255    -0.0002    17.7217    17.7216    -0.0002   4.693924   4.693690  -0.000234    36.1251    36.1232     5.1898    26.2029    26.2015         16  0.000e+00
      60919 290.905362  -37.28310  -48.62784      0.318    1502.01     23.242     23.068    17.7257    17.7254    -0.0003    17.7217    17.7214    -0.0003   4.693917   4.693760  -0.000158    36.1250    36.1240     5.1895    26.2029    26.2021         16  0.000e+00
      60920 290.905362  -37.28310  -48.62784      0.322    1502.01     23.307     23.132    17.7257    17.7254    -0.0003    17.7217    17.7214    -0.0003   4.693897   4.693753  -0.000144    36.1249    36.1239     5.1893    26.2028    26.2021         16  0.000e+00
      60921 290.905363  -37.28310  -48.62784      0.327    1502.01     23.299     23.124    17.7259    17.7257    -0.0002    17.7219    17.7217    -0.0002   4.693876   4.693836  -0.000039    36.1245    36.1243     5.1891    26.2024    26.2023         16  0.000e+00
      60922 290.905363  -37.28310  -48.62784      0.324    1502.01     23.250     23.077    17.7257    17.7257     0.0001    17.7217    17.7218     0.0001   4.693917   4.693774  -0.000144    36.1251    36.1238     5.1889    26.2029    26.2019         16  0.000e+00
      60923 290.905364  -37.28310  -48.62784      0.330    1502.01     23.363     23.188    17.7259    17.7261     0.0002    17.7219    17.7221     0.0002   4.693979   4.693781  -0.000199    36.1254    36.1235     5.1890    26.2031    26.2016         16  0.000e+00
      60924 290.905364  -37.28310  -48.62784      0.332    1502.01     23.307     23.132    17.7260    17.7259    -0.0001    17.7220    17.7219    -0.0001   4.693952   4.693753  -0.000199    36.1250    36.1234     5.1891    26.2028    26.2016         16  0.000e+00
      60925 290.905365  -37.28310  -48.62784      0.331    1502.01     23.363     23.188    17.7262    17.7259    -0.0003    17.7222    17.7219    -0.0003   4.693979   4.693781  -0.000199    36.1251    36.1236     5.1890    26.2028    26.2018         16  0.000e+00
      60926 290.905365  -37.28310  -48.62784      0.329    1502.01     23.307     23.133    17.7262    17.7257    -0.0005    17.7222    17.7217    -0.0005   4.693952   4.693753  -0.000199    36.1249    36.1236     5.1851    26.2026    26.2018         16  0.000e+00
      60927 290.905366  -37.28310  -48.62784      0.329    1502.01     23.363     23.188    17.7261    17.7257    -0.0003    17.7221    17.7217    -0.0003   4.693979   4.693746  -0.000234    36.1252    36.1235     5.1848    26.2029    26.2017         16  0.000e+00
      60928 290.905366  -37.28310  -48.62784      0.328    1502.01     23.307     23.133    17.7260    17.7257    -0.0003    17.7220    17.7217    -0.0003   4.693979   4.693802  -0.000178    36.1253    36.1240     5.1844    26.2030    26.2021         16  0.000e+00
      60929 290.905367  -37.28310  -48.62784      0.324    1502.01     23.363     23.189    17.7262    17.7255    -0.0007    17.7222    17.7216    -0.0007   4.694021   4.693767  -0.000254    36.1254    36.1238     5.1841    26.2031    26.2020         16  0.000e+00
      60930 290.905367  -37.28310  -48.62784      0.327    1502.01     23.428     23.252    17.7262    17.7257    -0.0005    17.7222    17.7217    -0.0005   4.693993   4.693746  -0.000247    36.1252    36.1235     5.1875    26.2029    26.2017         16  0.000e+00
      60931 290.905367  -37.28310  -48.62784      0.325    1502.01     23.363     23.189    17.7260    17.7259    -0.0001    17.7220    17.7219    -0.0001   4.693979   4.693781  -0.000199    36.1252    36.1236     5.1875    26.2030    26.2018         16  0.000e+00
      60932 290.905368  -37.28310  -48.62784      0.317    1502.01     23.371     23.197    17.7261    17.7257    -0.0003    17.7221    17.7217    -0.0003   4.693931   4.693788  -0.000143    36.1248    36.1239     5.1838    26.2026    26.2020         16  0.000e+00
      60933 290.905368  -37.28310  -48.62784      0.318    1502.01     23.420     23.245    17.7258    17.7255    -0.0003    17.7218    17.7216    -0.0003   4.693959   4.693732  -0.000227    36.1252    36.1235     5.1836    26.2030    26.2017         16  0.000e+00
      60934 290.905369  -37.28310  -48.62784      0.312    1502.01     23.371     23.197    17.7264    17.7255    -0.0008    17.7224    17.7216    -0.0008   4.693993   4.693802  -0.000191    36.1250    36.1241     5.1832    26.2027    26.2022         16  0.000e+00
      60935 290.905369  -37.28310  -48.62784      0.310    1502.01     23.420     23.245    17.7260    17.7257    -0.0003    17.7220    17.7217    -0.0003   4.694007   4.693767  -0.000240    36.1255    36.1237     5.1867    26.2031    26.2018         16  0.000e+00
      60936 290.905370  -37.28310  -48.62784      0.308    1502.01     23.428     23.253    17.7262    17.7255    -0.0007    17.7222    17.7215    -0.0007   4.693972   4.693809  -0.000164    36.1250    36.1242     5.1831    26.2027    26.2023         16  0.000e+00
      60937 290.905370  -37.28310  -48.62784      0.296    1502.01     23.307     23.133    17.7264    17.7257    -0.0007    17.7224    17.7217    -0.0007   4.693972   4.693767  -0.000206    36.1249    36.1237     5.1865    26.2026    26.2018         16  0.000e+00
      60938 290.905371  -37.28310  -48.62784      0.294    1502.01     23.476     23.301    17.7259    17.7257    -0.0002    17.7219    17.7217    -0.0002   4.693993   4.693781  -0.000212    36.1254    36.1238     5.1868    26.2031    26.2019         16  0.000e+00
      60939 290.905371  -37.28310  -48.62784      0.291    1502.01     23.428     23.253    17.7262    17.7255    -0.0007    17.7222    17.7215    -0.0007   4.693917   4.693753  -0.000165    36.1245    36.1237     5.1869    26.2024    26.2019         16  0.000e+00
      60940 290.905372  -37.28310  -48.62784      0.279    1502.01     23.363     23.189    17.7257    17.7259     0.0002    17.7217    17.7219     0.0002   4.693938   4.693781  -0.000157    36.1252    36.1236     5.1833    26.2030    26.2018         16  0.000e+00
      60941 290.905372  -37.28310  -48.62784      0.273    1502.01     23.428     23.253    17.7257    17.7255    -0.0002    17.7217    17.7215    -0.0002   4.693876   4.693725  -0.000151    36.1246    36.1234     5.1869    26.2025    26.2017         16  0.000e+00
      60942 290.905373  -37.28310  -48.62784      0.266    1502.01     23.363     23.189    17.7257    17.7257     0.0001    17.7217    17.7217     0.0001   4.693883   4.693802  -0.000081    36.1247    36.1240     5.1834    26.2026    26.2021         16  0.000e+00
      60943 290.905373  -37.28310  -48.62784      0.258    1502.01     23.428     23.253    17.7255    17.7255     0.0000    17.7215    17.7215     0.0000   4.693876   4.693767  -0.000109    36.1248    36.1238     5.1870    26.2027    26.2020         16  0.000e+00
      60944 290.905374  -37.28310  -48.62784      0.252    1502.01     23.420     23.245    17.7255    17.7257     0.0002    17.7215    17.7217     0.0002   4.693890   4.693781  -0.000109    36.1249    36.1238     5.1875    26.2028    26.2019         16  0.000e+00
      60945 290.905374  -37.28310  -48.62784      0.241    1502.01     23.428     23.253    17.7257    17.7257     0.0000    17.7217    17.7217     0.0000   4.693876   4.693788  -0.000088    36.1246    36.1238     5.1880    26.2025    26.2020         16  0.000e+00
      60946 290.905375  -37.28310  -48.62784      0.229    1502.01     23.364     23.189    17.7255    17.7257     0.0002    17.7215    17.7217     0.0002   4.693890   4.693760  -0.000130    36.1250    36.1236     5.1882    26.2029    26.2018         16  0.000e+00
      60947 290.905375  -37.28310  -48.62784      0.217    1502.01     23.372     23.197    17.7254    17.7257     0.0004    17.7214    17.7217     0.0004   4.693876   4.693711  -0.000165    36.1249    36.1232     5.1885    26.2029    26.2015         16  0.000e+00
      60948 290.905376  -37.28310  -48.62784      0.210    1502.01     23.420     23.245    17.7254    17.7257     0.0004    17.7214    17.7217     0.0004   4.693855   4.693739  -0.000117    36.1248    36.1234     5.1851    26.2027    26.2016         16  0.000e+00
      60949 290.905376  -37.28310  -48.62784      0.199    1502.01     23.372     23.197    17.7255    17.7257     0.0002    17.7215    17.7217     0.0002   4.693931   4.693746  -0.000185    36.1253    36.1235     5.1887    26.2031    26.2017         16  0.000e+00
      60950 290.905377  -37.28310  -48.62784      0.186    1502.01     23.364     23.189    17.7255    17.7257     0.0002    17.7215    17.7217     0.0002   4.693876   4.693725  -0.000151    36.1248    36.1233     5.1853    26.2027    26.2016         16  0.000e+00
      60951 290.905377  -37.28310  -48.62784      0.177    1502.01     23.372     23.197    17.7254    17.7255     0.0002    17.7214    17.7216     0.0002   4.693897   4.693739  -0.000158    36.1251    36.1236     5.1891    26.2030    26.2018         16  0.000e+00
      60952 290.905378  -37.28310  -48.62784      0.166    1502.01     23.420     23.245    17.7254    17.7255     0.0002    17.7214    17.7216     0.0002   4.693897   4.693690  -0.000207    36.1251    36.1232     5.1894    26.2030    26.2015         16  0.000e+00
      60953 290.905378  -37.28310  -48.62784      0.152    1502.01     23.307     23.133    17.7255    17.7252    -0.0003    17.7215    17.7212    -0.0003   4.693876   4.693697  -0.000179    36.1249    36.1236     5.1897    26.2028    26.2019         16  0.000e+00
      60954 290.905379  -37.28310  -48.62784      0.140    1502.01     23.364     23.189    17.7257    17.7252    -0.0005    17.7217    17.7212    -0.0005   4.693855   4.693683  -0.000172    36.1245    36.1234     5.1864    26.2024    26.2018         16  0.000e+00
