Pos-Processados/process_op41/operantar41_013lr.ros
* Sea-Bird SBE 9 Data File:
* FileName = C:\Users\Dell\Desktop\OperantarXLI\config\00_BRUTOS\OPE41013LR.hdr
* Software Version Seasave V 7.26.7.110
* Temperature SN = 6497
* Conductivity SN = 4954
* Number of Bytes Per Scan = 31
* Number of Voltage Words = 2
* Number of Scans Averaged by the Deck Unit = 1
* NMEA Latitude = 44 24.07 S
* NMEA Longitude = 051 46.92 W
* NMEA UTC (Time) = Oct 23 2022 21:56:09
* NMEA baud rate = 4800
** H41
** Navio Polar Almirante Maximiano
** LH-021/2022
** Operantar XLI
** Número da Estação 013LR
** Latitude 44 24.027' S
** Longitude 051 47.160' W
** Data/Hora (Z) 23/10/2022 2152Z
** Profundidade local 5823 m
** 09-1439
** Nome do Operador CT Garla
# nquan = 24
# nvalues = 1747                                  
# units = specified
# name 0 = scan: Scan Count
# name 1 = timeJ: Julian Days
# name 2 = latitude: Latitude [deg]
# name 3 = longitude: Longitude [deg]
# name 4 = dz/dtM: Descent Rate [m/s]
# name 5 = avgsvCM: Average Sound Velocity [Chen-Millero, m/s]
# name 6 = prDM: Pressure, Digiquartz [db]
# name 7 = depSM: Depth [salt water, m]
# name 8 = t090C: Temperature [ITS-90, deg C]
# name 9 = t190C: Temperature, 2 [ITS-90, deg C]
# name 10 = T2-T190C: Temperature Difference, 2 - 1 [ITS-90, deg C]
# name 11 = potemp090C: Potential Temperature [ITS-90, deg C]
# name 12 = potemp190C: Potential Temperature, 2 [ITS-90, deg C]
# name 13 = potemp90Cdiff: Potential Temperature, Diff, 2 - 1 [ITS-90, deg C]
# name 14 = c0S/m: Conductivity [S/m]
# name 15 = c1S/m: Conductivity, 2 [S/m]
# name 16 = C2-C1S/m: Conductivity Difference, 2 - 1 [S/m]
# name 17 = sal00: Salinity, Practical [PSU]
# name 18 = sal11: Salinity, Practical, 2 [PSU]
# name 19 = sbeox0ML/L: Oxygen, SBE 43 [ml/l]
# name 20 = sigma-é00: Density [sigma-theta, kg/m^3]
# name 21 = sigma-é11: Density, 2 [sigma-theta, kg/m^3]
# name 22 = nbf: Bottles Fired
# name 23 = flag:  0.000e+00
# interval = seconds: 0.0416667
# start_time = Oct 23 2022 21:56:09 [NMEA time, header]
# bad_flag = -9.990e-29
*END*
[from data line 846]
     101045 296.962722  -44.41648  -51.72664      0.130    1485.00    509.173    504.446     4.7433     4.7442     0.0009     4.7040     4.7049     0.0009   3.273151   3.273244   0.000093    34.1607    34.1609     6.0239    27.0433    27.0433         13  0.000e+00
     101046 296.962722  -44.41648  -51.72664      0.120    1485.00    509.230    504.502     4.7433     4.7443     0.0010     4.7040     4.7050     0.0010   3.273133   3.273238   0.000105    34.1606    34.1607     6.0236    27.0431    27.0431         13  0.000e+00
     101047 296.962723  -44.41648  -51.72664      0.110    1485.00    509.173    504.446     4.7435     4.7440     0.0005     4.7042     4.7047     0.0005   3.273127   3.273238   0.000111    34.1603    34.1610     6.0239    27.0429    27.0434         13  0.000e+00
     101048 296.962723  -44.41648  -51.72664      0.103    1485.00    509.238    504.510     4.7431     4.7438     0.0007     4.7038     4.7045     0.0007   3.273103   3.273256   0.000153    34.1604    34.1615     6.0245    27.0430    27.0438         13  0.000e+00
     101049 296.962724  -44.41648  -51.72664      0.095    1485.00    509.230    504.502     4.7430     4.7437     0.0008     4.7037     4.7044     0.0008   3.273145   3.273159   0.000014    34.1610    34.1604     6.0250    27.0435    27.0430         13  0.000e+00
     101050 296.962724  -44.41648  -51.72664      0.086    1485.00    509.173    504.446     4.7437     4.7433    -0.0003     4.7044     4.7040    -0.0003   3.273157   3.273159   0.000002    34.1605    34.1609     6.0254    27.0430    27.0434         13  0.000e+00
     101051 296.962725  -44.41648  -51.72664      0.078    1485.00    509.173    504.446     4.7437     4.7431    -0.0006     4.7044     4.7038    -0.0006   3.273181   3.273153  -0.000028    34.1607    34.1610     6.0260    27.0432    27.0435         13  0.000e+00
     101052 296.962725  -44.41648  -51.72664      0.065    1485.00    509.173    504.446     4.7435     4.7432    -0.0003     4.7042     4.7039    -0.0003   3.273187   3.273129  -0.000058    34.1610    34.1607     6.0266    27.0434    27.0432         13  0.000e+00
     101053 296.962726  -44.41648  -51.72664      0.056    1485.00    509.181    504.454     4.7437     4.7430    -0.0007     4.7044     4.7037    -0.0007   3.273169   3.273123  -0.000046    34.1606    34.1608     6.0272    27.0431    27.0433         13  0.000e+00
     101054 296.962726  -44.41648  -51.72664      0.049    1485.00    509.230    504.502     4.7438     4.7426    -0.0012     4.7045     4.7033    -0.0012   3.273139   3.273098  -0.000040    34.1601    34.1608     6.0279    27.0427    27.0434         13  0.000e+00
     101055 296.962727  -44.41648  -51.72664      0.040    1485.00    509.116    504.390     4.7437     4.7427    -0.0010     4.7044     4.7034    -0.0010   3.273151   3.273092  -0.000058    34.1604    34.1608     6.0277    27.0429    27.0434         13  0.000e+00
     101056 296.962727  -44.41648  -51.72664      0.033    1485.00    509.173    504.446     4.7437     4.7429    -0.0008     4.7044     4.7036    -0.0008   3.273139   3.273092  -0.000047    34.1602    34.1605     6.0285    27.0428    27.0431         13  0.000e+00
     101057 296.962728  -44.41648  -51.72664      0.023    1485.00    509.173    504.446     4.7435     4.7428    -0.0007     4.7042     4.7035    -0.0007   3.273103   3.273111   0.000007    34.1600    34.1608     6.0235    27.0427    27.0434         13  0.000e+00
     101058 296.962728  -44.41648  -51.72664      0.013    1485.00    509.116    504.390     4.7434     4.7433    -0.0002     4.7041     4.7040    -0.0002   3.273145   3.273141  -0.000004    34.1606    34.1607     6.0292    27.0431    27.0433         13  0.000e+00
     101059 296.962729  -44.41648  -51.72664      0.002    1485.00    509.173    504.446     4.7433     4.7433    -0.0000     4.7040     4.7040    -0.0000   3.273091   3.273165   0.000074    34.1601    34.1609     6.0293    27.0427    27.0434         13  0.000e+00
     101060 296.962729  -44.41648  -51.72662     -0.009    1485.00    509.116    504.390     4.7434     4.7434    -0.0000     4.7041     4.7041    -0.0000   3.273139   3.273153   0.000014    34.1605    34.1607     6.0292    27.0431    27.0432         13  0.000e+00
     101061 296.962730  -44.41648  -51.72662     -0.012    1485.00    509.116    504.390     4.7435     4.7436     0.0001     4.7042     4.7043     0.0001   3.273109   3.273147   0.000038    34.1601    34.1604     6.0235    27.0428    27.0430         13  0.000e+00
     101062 296.962730  -44.41648  -51.72662     -0.026    1485.00    509.059    504.334     4.7434     4.7436     0.0001     4.7042     4.7043     0.0001   3.273145   3.273165   0.000020    34.1606    34.1607     6.0284    27.0432    27.0432         13  0.000e+00
     101063 296.962731  -44.41648  -51.72662     -0.036    1485.00    509.116    504.390     4.7437     4.7438     0.0001     4.7044     4.7045     0.0001   3.273133   3.273153   0.000020    34.1602    34.1603     6.0284    27.0428    27.0429         13  0.000e+00
     101064 296.962731  -44.41648  -51.72662     -0.046    1485.00    509.051    504.326     4.7438     4.7436    -0.0002     4.7045     4.7043    -0.0002   3.273151   3.273189   0.000038    34.1603    34.1610     6.0284    27.0429    27.0434         13  0.000e+00
     101065 296.962731  -44.41648  -51.72662     -0.052    1485.00    509.116    504.390     4.7437     4.7436    -0.0001     4.7044     4.7043    -0.0001   3.273133   3.273207   0.000074    34.1602    34.1612     6.0285    27.0428    27.0436         13  0.000e+00
     101066 296.962732  -44.41648  -51.72662     -0.062    1485.00    509.051    504.326     4.7435     4.7435    -0.0000     4.7042     4.7042    -0.0000   3.273127   3.273183   0.000056    34.1604    34.1610     6.0285    27.0429    27.0435         13  0.000e+00
     101067 296.962732  -44.41648  -51.72662     -0.075    1485.00    508.995    504.270     4.7436     4.7439     0.0003     4.7043     4.7046     0.0003   3.273109   3.273135   0.000026    34.1601    34.1601     6.0285    27.0427    27.0427         13  0.000e+00
     101068 296.962733  -44.41648  -51.72662     -0.080    1485.00    509.116    504.390     4.7433     4.7436     0.0003     4.7040     4.7043     0.0003   3.273097   3.273123   0.000025    34.1602    34.1601     6.0287    27.0428    27.0428         13  0.000e+00
     101069 296.962733  -44.41648  -51.72662     -0.092    1485.00    508.995    504.270     4.7434     4.7437     0.0003     4.7042     4.7044     0.0003   3.273097   3.273159   0.000062    34.1601    34.1605     6.0286    27.0427    27.0430         13  0.000e+00
     101070 296.962734  -44.41648  -51.72662     -0.097    1485.00    509.052    504.326     4.7437     4.7436    -0.0000     4.7044     4.7043    -0.0000   3.273121   3.273153   0.000032    34.1601    34.1605     6.0286    27.0427    27.0431         13  0.000e+00
     101071 296.962734  -44.41648  -51.72662     -0.109    1485.00    508.995    504.270     4.7437     4.7433    -0.0005     4.7044     4.7040    -0.0005   3.273151   3.273080  -0.000071    34.1604    34.1601     6.0294    27.0430    27.0428         13  0.000e+00
     101072 296.962735  -44.41648  -51.72662     -0.112    1485.00    508.995    504.270     4.7436     4.7433    -0.0003     4.7043     4.7040    -0.0003   3.273157   3.273104  -0.000052    34.1606    34.1603     6.0295    27.0431    27.0429         13  0.000e+00
     101073 296.962735  -44.41648  -51.72662     -0.119    1485.00    508.995    504.270     4.7437     4.7433    -0.0003     4.7044     4.7040    -0.0003   3.273157   3.273074  -0.000083    34.1606    34.1600     6.0304    27.0431    27.0427         13  0.000e+00
     101074 296.962736  -44.41648  -51.72662     -0.125    1485.00    509.052    504.326     4.7434     4.7431    -0.0003     4.7042     4.7038    -0.0003   3.273091   3.273123   0.000031    34.1600    34.1607     6.0306    27.0427    27.0433         13  0.000e+00
     101075 296.962736  -44.41648  -51.72662     -0.138    1485.00    508.930    504.206     4.7437     4.7430    -0.0007     4.7044     4.7037    -0.0007   3.273139   3.273080  -0.000059    34.1604    34.1604     6.0314    27.0430    27.0430         13  0.000e+00
     101076 296.962737  -44.41648  -51.72662     -0.147    1485.00    508.930    504.206     4.7439     4.7431    -0.0008     4.7046     4.7038    -0.0008   3.273133   3.273062  -0.000071    34.1601    34.1601     6.0315    27.0427    27.0428         13  0.000e+00
     101077 296.962737  -44.41648  -51.72662     -0.151    1485.00    508.938    504.214     4.7438     4.7428    -0.0010     4.7045     4.7036    -0.0010   3.273151   3.273104  -0.000046    34.1604    34.1608     6.0317    27.0429    27.0434         13  0.000e+00
     101078 296.962738  -44.41648  -51.72662     -0.155    1485.00    508.930    504.206     4.7437     4.7429    -0.0008     4.7044     4.7037    -0.0008   3.273157   3.273074  -0.000083    34.1605    34.1604     6.0318    27.0431    27.0430         13  0.000e+00
     101079 296.962738  -44.41648  -51.72662     -0.164    1485.00    508.930    504.206     4.7434     4.7432    -0.0003     4.7042     4.7039    -0.0003   3.273139   3.273080  -0.000059    34.1606    34.1602     6.0320    27.0432    27.0429         13  0.000e+00
     101080 296.962739  -44.41648  -51.72662     -0.174    1485.00    508.930    504.206     4.7432     4.7433     0.0001     4.7039     4.7040     0.0001   3.273133   3.273110  -0.000022    34.1608    34.1605     6.0321    27.0433    27.0431         13  0.000e+00
     101081 296.962739  -44.41648  -51.72662     -0.179    1485.00    508.938    504.214     4.7431     4.7433     0.0002     4.7038     4.7040     0.0002   3.273079   3.273098   0.000019    34.1603    34.1603     6.0274    27.0429    27.0429         13  0.000e+00
     101082 296.962740  -44.41648  -51.72662     -0.180    1485.00    508.930    504.206     4.7433     4.7436     0.0002     4.7041     4.7043     0.0002   3.273115   3.273153   0.000038    34.1605    34.1606     6.0333    27.0430    27.0432         13  0.000e+00
     101083 296.962740  -44.41648  -51.72662     -0.183    1485.00    508.873    504.150     4.7434     4.7438     0.0003     4.7042     4.7045     0.0003   3.273127   3.273153   0.000026    34.1605    34.1605     6.0269    27.0431    27.0430         14  0.000e+00
     101084 296.962741  -44.41648  -51.72660     -0.189    1485.00    508.930    504.206     4.7433     4.7438     0.0004     4.7041     4.7045     0.0004   3.273151   3.273147  -0.000004    34.1609    34.1604     6.0264    27.0434    27.0429         14  0.000e+00
     101085 296.962741  -44.41648  -51.72660     -0.194    1485.00    508.873    504.150     4.7436     4.7439     0.0003     4.7043     4.7046     0.0003   3.273133   3.273147   0.000014    34.1604    34.1603     6.0249    27.0430    27.0428         14  0.000e+00
     101086 296.962742  -44.41648  -51.72660     -0.199    1485.00    508.873    504.150     4.7439     4.7439     0.0001     4.7046     4.7047     0.0001   3.273038   3.273129   0.000091    34.1590    34.1600     6.0236    27.0418    27.0426         14  0.000e+00
     101087 296.962742  -44.41648  -51.72660     -0.195    1485.00    508.930    504.206     4.7441     4.7439    -0.0003     4.7049     4.7046    -0.0003   3.272424   3.273141   0.000717    34.1516    34.1602     6.0291    27.0359    27.0428         14  0.000e+00
     101088 296.962743  -44.41648  -51.72660     -0.198    1485.00    508.873    504.150     4.7440     4.7439    -0.0001     4.7048     4.7047    -0.0001   3.272954   3.273147   0.000193    34.1579    34.1602     6.0282    27.0409    27.0428         14  0.000e+00
     101089 296.962743  -44.41648  -51.72660     -0.200    1485.00    508.873    504.150     4.7440     4.7437    -0.0003     4.7047     4.7045    -0.0003   3.273163   3.273080  -0.000082    34.1604    34.1597     6.0226    27.0429    27.0424         14  0.000e+00
     101090 296.962744  -44.41648  -51.72660     -0.201    1485.00    508.873    504.150     4.7440     4.7438    -0.0003     4.7048     4.7045    -0.0003   3.273204   3.273123  -0.000082    34.1608    34.1601     6.0278    27.0432    27.0427         14  0.000e+00
     101091 296.962744  -44.41648  -51.72660     -0.204    1485.00    508.817    504.094     4.7441     4.7437    -0.0004     4.7049     4.7045    -0.0004   3.273193   3.273165  -0.000028    34.1606    34.1607     6.0280    27.0430    27.0432         14  0.000e+00
     101092 296.962745  -44.41648  -51.72660     -0.200    1485.00    508.930    504.206     4.7440     4.7439    -0.0001     4.7048     4.7047    -0.0001   3.273169   3.273153  -0.000016    34.1604    34.1603     6.0284    27.0429    27.0428         14  0.000e+00
     101093 296.962745  -44.41648  -51.72660     -0.198    1485.00    508.874    504.150     4.7440     4.7439    -0.0000     4.7047     4.7047    -0.0000   3.273157   3.273147  -0.000010    34.1603    34.1602     6.0229    27.0428    27.0428         14  0.000e+00
     101094 296.962745  -44.41648  -51.72660     -0.199    1485.00    508.874    504.150     4.7437     4.7440     0.0003     4.7044     4.7048     0.0003   3.273139   3.273165   0.000026    34.1604    34.1603     6.0282    27.0429    27.0429         14  0.000e+00
     101095 296.962746  -44.41648  -51.72660     -0.196    1485.00    508.874    504.150     4.7436     4.7441     0.0005     4.7043     4.7048     0.0005   3.273151   3.273195   0.000044    34.1606    34.1606     6.0285    27.0431    27.0431         14  0.000e+00
     101096 296.962746  -44.41648  -51.72660     -0.199    1485.00    508.817    504.094     4.7438     4.7440     0.0002     4.7045     4.7048     0.0002   3.273133   3.273207   0.000074    34.1602    34.1609     6.0287    27.0428    27.0433         14  0.000e+00
     101097 296.962747  -44.41648  -51.72660     -0.190    1485.00    508.930    504.206     4.7436     4.7443     0.0007     4.7043     4.7050     0.0007   3.273175   3.273159  -0.000016    34.1609    34.1600     6.0291    27.0433    27.0425         14  0.000e+00
     101098 296.962747  -44.41648  -51.72660     -0.185    1485.00    508.874    504.150     4.7435     4.7440     0.0005     4.7042     4.7048     0.0005   3.273139   3.273189   0.000050    34.1606    34.1606     6.0294    27.0431    27.0431         14  0.000e+00
     101099 296.962748  -44.41648  -51.72660     -0.182    1485.00    508.874    504.150     4.7436     4.7439     0.0003     4.7043     4.7047     0.0003   3.273151   3.273183   0.000032    34.1606    34.1607     6.0297    27.0431    27.0431         14  0.000e+00
     101100 296.962748  -44.41648  -51.72660     -0.178    1485.00    508.874    504.150     4.7437     4.7439     0.0002     4.7044     4.7046     0.0002   3.273133   3.273219   0.000086    34.1604    34.1611     6.0300    27.0429    27.0435         14  0.000e+00
     101101 296.962749  -44.41648  -51.72660     -0.173    1485.00    508.874    504.150     4.7437     4.7439     0.0002     4.7044     4.7047     0.0002   3.273175   3.273213   0.000039    34.1608    34.1610     6.0303    27.0433    27.0434         14  0.000e+00
     101102 296.962749  -44.41648  -51.72660     -0.168    1485.00    508.874    504.150     4.7442     4.7442     0.0000     4.7049     4.7049 7.0518e-07   3.273139   3.273207   0.000068    34.1599    34.1607     6.0305    27.0425    27.0431         14  0.000e+00
     101103 296.962750  -44.41648  -51.72660     -0.155    1485.00    508.931    504.206     4.7446     4.7445    -0.0002     4.7054     4.7052    -0.0002   3.273240   3.273207  -0.000033    34.1606    34.1604     6.0308    27.0430    27.0428         14  0.000e+00
