Pos-Processados/process_op41/operantar41_021.ros
* Sea-Bird SBE 9 Data File:
* FileName = C:\Users\Dell\Desktop\OperantarXLI\config\00_BRUTOS\OPE41021.hdr
* Software Version Seasave V 7.26.7.110
* Temperature SN = 6497
* Conductivity SN = 4954
* Number of Bytes Per Scan = 34
* Number of Voltage Words = 3
* Number of Scans Averaged by the Deck Unit = 1
* NMEA Latitude = 62 21.63 S
* NMEA Longitude = 057 56.66 W
* NMEA UTC (Time) = Nov 11 2022 10:57:30
* NMEA baud rate = 4800
** H41
** Navio Polar Almirante Maximiano
** LH-021/2022
** Operantar XLI
** Número da Estação 021
** Latitude 62 21.943S
** Longitude 057 58.115W
** Data/Hora (Z) 11/11/2022  1100Z
** Profundidade local 1900
** 09-1439
** Nome do Operador 1T FILIPE LOPES
# nquan = 24
# nvalues = 1142                                  
# units = specified
# name 0 = scan: Scan Count
# name 1 = timeJ: Julian Days
# name 2 = latitude: Latitude [deg]
# name 3 = longitude: Longitude [deg]
# name 4 = dz/dtM: Descent Rate [m/s]
# name 5 = avgsvCM: Average Sound Velocity [Chen-Millero, m/s]
# name 6 = prDM: Pressure, Digiquartz [db]
# name 7 = depSM: Depth [salt water, m]
# name 8 = t090C: Temperature [ITS-90, deg C]
# name 9 = t190C: Temperature, 2 [ITS-90, deg C]
# name 10 = T2-T190C: Temperature Difference, 2 - 1 [ITS-90, deg C]
# name 11 = potemp090C: Potential Temperature [ITS-90, deg C]
# name 12 = potemp190C: Potential Temperature, 2 [ITS-90, deg C]
# name 13 = potemp90Cdiff: Potential Temperature, Diff, 2 - 1 [ITS-90, deg C]
# name 14 = c0S/m: Conductivity [S/m]
# name 15 = c1S/m: Conductivity, 2 [S/m]
# name 16 = C2-C1S/m: Conductivity Difference, 2 - 1 [S/m]
# name 17 = sal00: Salinity, Practical [PSU]
# name 18 = sal11: Salinity, Practical, 2 [PSU]
# name 19 = sbeox0ML/L: Oxygen, SBE 43 [ml/l]
# name 20 = sigma-é00: Density [sigma-theta, kg/m^3]
# name 21 = sigma-é11: Density, 2 [sigma-theta, kg/m^3]
# name 22 = nbf: Bottles Fired
# name 23 = flag:  0.000e+00
# interval = seconds: 0.0416667
# start_time = Nov 11 2022 10:57:30 [NMEA time, header]
# bad_flag = -9.990e-29
*END*
[from data line 906]
     126130 315.517423  -62.35204  -57.87624      0.796    1459.49     12.964     12.839    -0.6281    -0.6276     0.0005    -0.6285    -0.6280     0.0005   2.800554   2.800606   0.000052    34.3264    34.3265     7.5691    27.5924    27.5924         10  0.000e+00
     126131 315.517424  -62.35204  -57.87624      0.807    1459.49     12.965     12.840    -0.6283    -0.6280     0.0003    -0.6287    -0.6284     0.0003   2.800577   2.800601   0.000024    34.3269    34.3269     7.5631    27.5928    27.5928         10  0.000e+00
     126132 315.517424  -62.35204  -57.87624      0.822    1459.49     13.085     12.959    -0.6280    -0.6278     0.0002    -0.6284    -0.6282     0.0002   2.800588   2.800601   0.000013    34.3267    34.3266     7.5690    27.5926    27.5925         10  0.000e+00
     126133 315.517425  -62.35204  -57.87624      0.829    1459.49     13.029     12.903    -0.6278    -0.6277     0.0002    -0.6282    -0.6280     0.0002   2.800599   2.800583  -0.000016    34.3267    34.3263     7.5630    27.5926    27.5922         10  0.000e+00
     126134 315.517425  -62.35204  -57.87624      0.839    1459.49     13.085     12.959    -0.6277    -0.6276     0.0001    -0.6281    -0.6280     0.0001   2.800610   2.800612   0.000002    34.3267    34.3265     7.5614    27.5925    27.5925         10  0.000e+00
     126135 315.517426  -62.35204  -57.87624      0.849    1459.49     13.142     13.015    -0.6277    -0.6278    -0.0001    -0.6280    -0.6282    -0.0001   2.800571   2.800623   0.000052    34.3260    34.3269     7.5664    27.5920    27.5927         11  0.000e+00
     126136 315.517426  -62.35204  -57.87624      0.854    1459.49     13.142     13.015    -0.6277    -0.6275     0.0001    -0.6280    -0.6279     0.0001   2.800616   2.800623   0.000008    34.3266    34.3266     7.5593    27.5925    27.5925         11  0.000e+00
     126137 315.517427  -62.35204  -57.87624      0.863    1459.49     13.206     13.079    -0.6277    -0.6276     0.0001    -0.6280    -0.6280     0.0001   2.800627   2.800623  -0.000004    34.3267    34.3266     7.5652    27.5926    27.5925         11  0.000e+00
     126138 315.517427  -62.35204  -57.87624      0.872    1459.49     13.262     13.135    -0.6277    -0.6277     0.0000    -0.6280    -0.6280     0.0000   2.800633   2.800623  -0.000009    34.3268    34.3267     7.5593    27.5926    27.5925         11  0.000e+00
     126139 315.517428  -62.35204  -57.87624      0.876    1459.49     13.262     13.135    -0.6277    -0.6275     0.0002    -0.6280    -0.6279     0.0002   2.800638   2.800641   0.000002    34.3269    34.3267     7.5588    27.5927    27.5926         11  0.000e+00
     126140 315.517428  -62.35204  -57.87624      0.879    1459.49     13.271     13.143    -0.6278    -0.6277     0.0002    -0.6282    -0.6280     0.0002   2.800650   2.800652   0.000002    34.3272    34.3270     7.5584    27.5930    27.5928         11  0.000e+00
     126141 315.517429  -62.35204  -57.87624      0.886    1459.49     13.327     13.198    -0.6275    -0.6273     0.0002    -0.6279    -0.6277     0.0002   2.800638   2.800652   0.000014    34.3267    34.3266     7.5516    27.5926    27.5925         11  0.000e+00
     126142 315.517429  -62.35204  -57.87624      0.889    1459.49     13.327     13.198    -0.6274    -0.6274    -0.0000    -0.6278    -0.6278    -0.0000   2.800655   2.800652  -0.000003    34.3267    34.3267     7.5566    27.5926    27.5925         11  0.000e+00
     126143 315.517430  -62.35204  -57.87624      0.891    1459.49     13.383     13.254    -0.6274    -0.6273     0.0000    -0.6278    -0.6277     0.0000   2.800667   2.800686   0.000020    34.3268    34.3270     7.5563    27.5927    27.5928         11  0.000e+00
     126144 315.517430  -62.35204  -57.87624      0.889    1459.49     13.383     13.254    -0.6271    -0.6274    -0.0003    -0.6275    -0.6278    -0.0003   2.800678   2.800652  -0.000026    34.3266    34.3266     7.5485    27.5925    27.5925         11  0.000e+00
     126145 315.517431  -62.35204  -57.87624      0.889    1459.49     13.440     13.310    -0.6272    -0.6276    -0.0004    -0.6276    -0.6280    -0.0004   2.800650   2.800686   0.000037    34.3264    34.3273     7.5527    27.5923    27.5931         11  0.000e+00
     126146 315.517431  -62.35204  -57.87624      0.882    1459.49     13.383     13.254    -0.6272    -0.6273    -0.0001    -0.6276    -0.6277    -0.0001   2.800638   2.800686   0.000048    34.3263    34.3270     7.5460    27.5922    27.5928         11  0.000e+00
     126147 315.517432  -62.35204  -57.87624      0.878    1459.49     13.504     13.374    -0.6271    -0.6272    -0.0001    -0.6275    -0.6276    -0.0001   2.800638   2.800658   0.000019    34.3260    34.3264     7.5503    27.5920    27.5924         11  0.000e+00
     126148 315.517432  -62.35204  -57.87624      0.874    1459.49     13.448     13.318    -0.6272    -0.6275    -0.0002    -0.6276    -0.6279    -0.0002   2.800650   2.800686   0.000037    34.3264    34.3272     7.5491    27.5923    27.5930         11  0.000e+00
     126149 315.517432  -62.35204  -57.87624      0.872    1459.49     13.560     13.430    -0.6274    -0.6274    -0.0000    -0.6278    -0.6278    -0.0000   2.800661   2.800663   0.000003    34.3266    34.3267     7.5491    27.5925    27.5926         11  0.000e+00
     126150 315.517433  -62.35204  -57.87624      0.862    1459.49     13.504     13.374    -0.6272    -0.6275    -0.0002    -0.6276    -0.6279    -0.0002   2.800644   2.800686   0.000042    34.3263    34.3272     7.5489    27.5922    27.5929         11  0.000e+00
     126151 315.517433  -62.35204  -57.87624      0.856    1459.49     13.625     13.493    -0.6271    -0.6275    -0.0005    -0.6275    -0.6279    -0.0005   2.800655   2.800663   0.000008    34.3262    34.3268     7.5490    27.5921    27.5927         11  0.000e+00
     126152 315.517434  -62.35204  -57.87624      0.849    1459.49     13.560     13.430    -0.6271    -0.6275    -0.0004    -0.6275    -0.6279    -0.0004   2.800695   2.800686  -0.000008    34.3268    34.3271     7.5489    27.5926    27.5929         11  0.000e+00
     126153 315.517434  -62.35204  -57.87624      0.838    1459.49     13.625     13.493    -0.6271    -0.6272    -0.0001    -0.6275    -0.6276    -0.0001   2.800672   2.800663  -0.000009    34.3264    34.3265     7.5490    27.5923    27.5924         11  0.000e+00
     126154 315.517435  -62.35204  -57.87624      0.826    1459.49     13.560     13.430    -0.6271    -0.6275    -0.0004    -0.6275    -0.6279    -0.0004   2.800667   2.800652  -0.000015    34.3264    34.3267     7.5490    27.5923    27.5925         11  0.000e+00
     126155 315.517435  -62.35204  -57.87624      0.814    1459.49     13.625     13.493    -0.6269    -0.6275    -0.0007    -0.6273    -0.6279    -0.0007   2.800644   2.800635  -0.000009    34.3258    34.3265     7.5492    27.5918    27.5924         11  0.000e+00
     126156 315.517436  -62.35204  -57.87624      0.803    1459.49     13.625     13.493    -0.6271    -0.6276    -0.0005    -0.6275    -0.6280    -0.0005   2.800650   2.800669   0.000019    34.3261    34.3270     7.5494    27.5921    27.5928         11  0.000e+00
     126157 315.517436  -62.35204  -57.87624      0.790    1459.49     13.681     13.549    -0.6272    -0.6275    -0.0002    -0.6276    -0.6279    -0.0002   2.800638   2.800658   0.000019    34.3261    34.3267     7.5497    27.5921    27.5925         11  0.000e+00
     126158 315.517437  -62.35204  -57.87624      0.774    1459.49     13.625     13.493    -0.6271    -0.6280    -0.0009    -0.6275    -0.6284    -0.0009   2.800638   2.800612  -0.000026    34.3260    34.3267     7.5435    27.5920    27.5926         11  0.000e+00
     126159 315.517437  -62.35204  -57.87624      0.761    1459.49     13.681     13.549    -0.6275    -0.6282    -0.0007    -0.6279    -0.6286    -0.0007   2.800622   2.800618  -0.000004    34.3262    34.3270     7.5429    27.5922    27.5928         11  0.000e+00
     126160 315.517438  -62.35204  -57.87624      0.741    1459.49     13.625     13.493    -0.6280    -0.6283    -0.0003    -0.6284    -0.6287    -0.0003   2.800622   2.800584  -0.000038    34.3268    34.3266     7.5424    27.5927    27.5925         11  0.000e+00
     126161 315.517438  -62.35204  -57.87624      0.728    1459.49     13.738     13.605    -0.6280    -0.6284    -0.0004    -0.6284    -0.6288    -0.0004   2.800633   2.800589  -0.000044    34.3269    34.3267     7.5419    27.5927    27.5926         11  0.000e+00
     126162 315.517439  -62.35204  -57.87624      0.712    1459.49     13.689     13.557    -0.6281    -0.6283    -0.0002    -0.6285    -0.6287    -0.0002   2.800577   2.800618   0.000041    34.3263    34.3270     7.5415    27.5923    27.5929         11  0.000e+00
     126163 315.517439  -62.35204  -57.87624      0.692    1459.49     13.681     13.549    -0.6283    -0.6279     0.0004    -0.6287    -0.6283     0.0004   2.800577   2.800606   0.000030    34.3265    34.3265     7.5476    27.5924    27.5924         11  0.000e+00
     126164 315.517440  -62.35204  -57.87624      0.673    1459.49     13.681     13.549    -0.6281    -0.6280     0.0001    -0.6285    -0.6284     0.0001   2.800639   2.800601  -0.000038    34.3271    34.3265     7.5483    27.5930    27.5924         11  0.000e+00
     126165 315.517440  -62.35204  -57.87624      0.657    1459.49     13.738     13.605    -0.6280    -0.6279     0.0001    -0.6284    -0.6283     0.0001   2.800605   2.800601  -0.000004    34.3265    34.3264     7.5491    27.5924    27.5923         11  0.000e+00
     126166 315.517441  -62.35204  -57.87624      0.638    1459.49     13.738     13.605    -0.6280    -0.6279     0.0001    -0.6284    -0.6283     0.0001   2.800622   2.800658   0.000036    34.3267    34.3271     7.5499    27.5926    27.5930         11  0.000e+00
     126167 315.517441  -62.35204  -57.87624      0.617    1459.49     13.681     13.549    -0.6280    -0.6278     0.0002    -0.6284    -0.6282     0.0002   2.800588   2.800635   0.000047    34.3263    34.3267     7.5507    27.5923    27.5926         11  0.000e+00
     126168 315.517442  -62.35204  -57.87624      0.592    1459.49     13.681     13.549    -0.6281    -0.6279     0.0002    -0.6285    -0.6283     0.0002   2.800560   2.800624   0.000064    34.3261    34.3267     7.5453    27.5921    27.5926         11  0.000e+00
     126169 315.517442  -62.35204  -57.87624      0.571    1459.49     13.746     13.613    -0.6281    -0.6280     0.0001    -0.6285    -0.6284     0.0001   2.800599   2.800641   0.000042    34.3266    34.3270     7.5452    27.5925    27.5928         11  0.000e+00
     126170 315.517443  -62.35204  -57.87624      0.552    1459.49     13.738     13.605    -0.6283    -0.6279     0.0004    -0.6287    -0.6283     0.0004   2.800594   2.800589  -0.000004    34.3267    34.3262     7.5517    27.5926    27.5922         11  0.000e+00
     126171 315.517443  -62.35204  -57.87624      0.529    1459.49     13.738     13.605    -0.6280    -0.6282    -0.0002    -0.6284    -0.6286    -0.0002   2.800599   2.800629   0.000030    34.3264    34.3270     7.5528    27.5924    27.5929         11  0.000e+00
     126172 315.517444  -62.35204  -57.87624      0.508    1459.49     13.681     13.549    -0.6278    -0.6279    -0.0001    -0.6282    -0.6283    -0.0001   2.800627   2.800612  -0.000015    34.3266    34.3266     7.5474    27.5925    27.5925         11  0.000e+00
     126173 315.517444  -62.35204  -57.87624      0.487    1459.49     13.738     13.605    -0.6281    -0.6280     0.0001    -0.6285    -0.6284     0.0001   2.800639   2.800658   0.000019    34.3271    34.3272     7.5467    27.5929    27.5930         12  0.000e+00
     126174 315.517445  -62.35204  -57.87624      0.464    1459.49     13.738     13.605    -0.6277    -0.6279    -0.0003    -0.6281    -0.6283    -0.0003   2.800622   2.800658   0.000036    34.3263    34.3271     7.5458    27.5923    27.5930         12  0.000e+00
     126175 315.517445  -62.35204  -57.87624      0.439    1459.49     13.681     13.549    -0.6274    -0.6282    -0.0008    -0.6278    -0.6286    -0.0008   2.800644   2.800629  -0.000015    34.3263    34.3271     7.5524    27.5923    27.5929         12  0.000e+00
     126176 315.517446  -62.35204  -57.87624      0.409    1459.49     13.625     13.494    -0.6274    -0.6278    -0.0004    -0.6278    -0.6282    -0.0004   2.800638   2.800606  -0.000032    34.3263    34.3263     7.5537    27.5922    27.5923         12  0.000e+00
     126177 315.517446  -62.35204  -57.87624      0.390    1459.49     13.738     13.605    -0.6275    -0.6279    -0.0004    -0.6279    -0.6283    -0.0004   2.800639   2.800601  -0.000038    34.3264    34.3264     7.5542    27.5924    27.5923         12  0.000e+00
     126178 315.517446  -62.35204  -57.87624      0.363    1459.49     13.625     13.494    -0.6274    -0.6278    -0.0005    -0.6278    -0.6282    -0.0005   2.800638   2.800635  -0.000004    34.3263    34.3268     7.5554    27.5922    27.5927         12  0.000e+00
     126179 315.517447  -62.35204  -57.87624      0.340    1459.49     13.681     13.549    -0.6272    -0.6276    -0.0004    -0.6276    -0.6280    -0.0004   2.800650   2.800652   0.000002    34.3263    34.3267     7.5569    27.5922    27.5926         12  0.000e+00
     126180 315.517447  -62.35204  -57.87624      0.316    1459.49     13.681     13.549    -0.6275    -0.6278    -0.0003    -0.6279    -0.6282    -0.0003   2.800683   2.800669  -0.000014    34.3271    34.3272     7.5574    27.5929    27.5930         12  0.000e+00
     126181 315.517448  -62.35204  -57.87624      0.294    1459.49     13.625     13.494    -0.6274    -0.6278    -0.0004    -0.6278    -0.6282    -0.0004   2.800650   2.800681   0.000031    34.3265    34.3273     7.5588    27.5924    27.5931         12  0.000e+00
     126182 315.517448  -62.35204  -57.87624      0.264    1459.49     13.561     13.430    -0.6274    -0.6278    -0.0005    -0.6278    -0.6282    -0.0005   2.800638   2.800635  -0.000004    34.3263    34.3268     7.5592    27.5923    27.5927         12  0.000e+00
     126183 315.517449  -62.35204  -57.87624      0.240    1459.49     13.625     13.494    -0.6277    -0.6275     0.0002    -0.6281    -0.6279     0.0002   2.800627   2.800663   0.000036    34.3265    34.3268     7.5662    27.5924    27.5926         12  0.000e+00
     126184 315.517449  -62.35204  -57.87624      0.217    1459.49     13.625     13.494    -0.6275    -0.6274     0.0002    -0.6279    -0.6278     0.0002   2.800616   2.800658   0.000042    34.3262    34.3266     7.5623    27.5922    27.5925         12  0.000e+00
     126185 315.517450  -62.35204  -57.87624      0.190    1459.49     13.561     13.430    -0.6274    -0.6273     0.0000    -0.6278    -0.6277     0.0000   2.800633   2.800652   0.000019    34.3263    34.3265     7.5627    27.5922    27.5924         12  0.000e+00
     126186 315.517450  -62.35204  -57.87624      0.166    1459.49     13.561     13.430    -0.6277    -0.6275     0.0001    -0.6281    -0.6279     0.0001   2.800638   2.800629  -0.000009    34.3267    34.3264     7.5643    27.5926    27.5923         12  0.000e+00
     126187 315.517451  -62.35204  -57.87624      0.141    1459.49     13.504     13.374    -0.6275    -0.6276    -0.0001    -0.6279    -0.6280    -0.0001   2.800650   2.800589  -0.000060    34.3267    34.3260     7.5647    27.5926    27.5920         12  0.000e+00
     126188 315.517451  -62.35204  -57.87622      0.119    1459.49     13.561     13.430    -0.6274    -0.6276    -0.0002    -0.6278    -0.6280    -0.0002   2.800661   2.800635  -0.000026    34.3266    34.3266     7.5652    27.5925    27.5925         12  0.000e+00
     126189 315.517452  -62.35204  -57.87622      0.093    1459.49     13.504     13.374    -0.6274    -0.6277    -0.0003    -0.6278    -0.6280    -0.0003   2.800644   2.800629  -0.000015    34.3264    34.3266     7.5657    27.5924    27.5925         12  0.000e+00
