Pos-Processados/process_op41/operantar41_001.cnv
* Sea-Bird SBE 9 Data File:
* FileName = C:\Users\Dell\Desktop\Operantar XLI\Raw\OP41001.hdr
* Software Version Seasave V 7.26.7.110
* Temperature SN = 6497
* Conductivity SN = 4954
* Number of Bytes Per Scan = 31
* Number of Voltage Words = 2
* Number of Scans Averaged by the Deck Unit = 1
* NMEA Latitude = 36 40.13 S
* NMEA Longitude = 048 37.58 W
* NMEA UTC (Time) = Oct 17 2022 11:05:04
* NMEA baud rate = 4800
** H41
** Navio Polar Almirante Maximiano
** LH-021/2022
** Operantar XLI
** Número da Estação 001 LR
** Latitude 36 40.147S
** Longitude 048 37.579W
** Data/Hora (Z) 1105Z
** Profundidade local 4900m
** 09-1439
** Nome do Operador CT Garla
# nquan = 30
# nvalues = 9682                        
# units = specified
# name 0 = scan: Scan Count
# name 1 = timeJ: Julian Days
# name 2 = latitude: Latitude [deg]
# name 3 = longitude: Longitude [deg]
# name 4 = dz/dtM: Descent Rate [m/s]
# name 5 = avgsvCM: Average Sound Velocity [Chen-Millero, m/s]
# name 6 = prDM: Pressure, Digiquartz [db]
# name 7 = depSM: Depth [salt water, m]
# name 8 = t090C: Temperature [ITS-90, deg C]
# name 9 = t190C: Temperature, 2 [ITS-90, deg C]
# name 10 = T2-T190C: Temperature Difference, 2 - 1 [ITS-90, deg C]
# name 11 = potemp090C: Potential Temperature [ITS-90, deg C]
# name 12 = potemp190C: Potential Temperature, 2 [ITS-90, deg C]
# name 13 = potemp90Cdiff: Potential Temperature, Diff, 2 - 1 [ITS-90, deg C]
# name 14 = c0S/m: Conductivity [S/m]
# name 15 = c1S/m: Conductivity, 2 [S/m]
# name 16 = C2-C1S/m: Conductivity Difference, 2 - 1 [S/m]
# name 17 = sal00: Salinity, Practical [PSU]
# name 18 = sal11: Salinity, Practical, 2 [PSU]
# name 19 = sbeox0ML/L: Oxygen, SBE 43 [ml/l]
# name 20 = sigma-é00: Density [sigma-theta, kg/m^3]
# name 21 = sigma-é11: Density, 2 [sigma-theta, kg/m^3]
# name 22 = sal00: Salinity, Practical [PSU]
# name 23 = sigma-é00: Density [sigma-theta, kg/m^3]
# name 24 = svCM: Sound Velocity [Chen-Millero, m/s]
# name 25 = svCM1: Sound Velocity, 2 [Chen-Millero, m/s]
# name 26 = gsw_ptA0: potential temperature [ITS-90, deg C]
# name 27 = gsw_densityA0: density, TEOS-10 [density, kg/m^3]
# name 28 = gsw_saA0: Absolute Salinity [g/kg]
# name 29 = flag:
# span 0 =       5947,     312573       
# span 1 = 290.464719, 290.612590       
# span 2 =  -36.66900,  -36.66876       
# span 3 =  -48.62668,  -48.62640       
# span 4 =     -1.927,      1.632       
# span 5 =       0.00,    1517.75       
# span 6 =      3.000,   4844.000       
# span 7 =      2.963,   4754.360       
# span 8 =     0.2582,    17.5527       
# span 9 =     0.2581,    17.5530       
# span 10 =    -0.1022,     0.0747      
# span 11 =    -0.1083,    17.5520      
# span 12 =    -0.1083,    17.5523      
# span 13 =    -0.1018,     0.0744      
# span 14 =   3.083500,   4.678779      
# span 15 =   3.083491,   4.678660      
# span 16 =  -0.010669,   0.008178      
# span 17 =    34.1885,    36.1095      
# span 18 =    34.1883,    36.1083      
# span 19 =     4.0255,     5.8161      
# span 20 =    26.2325,    27.8431      
# span 21 =    26.2316,    27.8434      
# span 22 =    34.1849,    36.1094      
# span 23 =    26.2325,    27.8430      
# span 24 =    1484.37,    1531.97      
# span 25 =    1484.37,    1531.97      
# span 26 =    -0.1085,    17.5520      
# span 27 =  1026.2501,  1049.7178      
# span 28 =    34.3481,    36.2799      
# span 29 = 0.0000e+00, 0.0000e+00      
# interval = decibars: 1                
# start_time = Oct 17 2022 11:05:04 [NMEA time, header]
# bad_flag = -9.990e-29
*END*
[from data line 3384]
     129315 290.524214  -36.66892 -9.990e-29      1.015    1500.39   3388.000   3336.296     1.6310     1.6311     0.0001     1.3726     1.3727     0.0001   3.165051   3.165091   0.000034    34.7478    34.7481     4.5060    27.8170    27.8173    34.7474    27.8167    1512.86    1512.86     1.3722  1043.2265    34.9162 0.0000e+00
     129337 290.524224  -36.66892 -9.990e-29      1.079    1500.39   3389.000   3337.273     1.6305     1.6305     0.0001     1.3721     1.3721     0.0000   3.165049   3.165073   0.000027    34.7477    34.7480     4.5021    27.8169    27.8172    34.7475    27.8168    1512.88    1512.88     1.3716  1043.2311    34.9163 0.0000e+00
     129358 290.524235  -36.66892 -9.990e-29      1.133    1500.39   3390.000   3338.250     1.6297     1.6298     0.0001     1.3712     1.3713     0.0001   3.164982   3.165019   0.000037    34.7476    34.7479     4.5133    27.8169    27.8172    34.7471    27.8165    1512.89    1512.89     1.3707  1043.2352    34.9159 0.0000e+00
     129381 290.524246  -36.66892 -9.990e-29      1.095    1500.39   3391.000   3339.227     1.6276     1.6277     0.0001     1.3690     1.3691     0.0001   3.164842   3.164877   0.000040    34.7475    34.7478     4.5131    27.8170    27.8173    34.7472    27.8168    1512.90    1512.90     1.3685  1043.2400    34.9159 0.0000e+00
     129406 290.524258  -36.66892 -9.990e-29      0.984    1500.39   3392.000   3340.204     1.6270     1.6271     0.0001     1.3684     1.3685     0.0001   3.164834   3.164873   0.000040    34.7474    34.7478     4.5161    27.8170    27.8173    34.7472    27.8168    1512.91    1512.91     1.3679  1043.2445    34.9160 0.0000e+00
     129429 290.524269  -36.66892 -9.990e-29      0.976    1500.39   3393.000   3341.181     1.6271     1.6271    -0.0000     1.3683     1.3683    -0.0000   3.164871   3.164899   0.000029    34.7473    34.7477     4.5110    27.8169    27.8172    34.7471    27.8168    1512.93    1512.93     1.3679  1043.2489    34.9159 0.0000e+00
     129449 290.524279  -36.66892 -9.990e-29      1.091    1500.39   3394.000   3342.158     1.6276     1.6274    -0.0002     1.3688     1.3686    -0.0002   3.164978   3.164967  -0.000012    34.7475    34.7476     4.5145    27.8170    27.8171    34.7474    27.8170    1512.95    1512.95     1.3683  1043.2534    34.9162 0.0000e+00
     129469 290.524288  -36.66892 -9.990e-29      1.209    1500.39   3395.000   3343.135     1.6280     1.6279    -0.0000     1.3690     1.3689    -0.0000   3.165055   3.165063   0.000015    34.7477    34.7479     4.5017    27.8172    27.8173    34.7476    27.8171    1512.97    1512.97     1.3685  1043.2579    34.9164 0.0000e+00
     129489 290.524298  -36.66892 -9.990e-29      1.233    1500.39   3396.000   3344.113     1.6278     1.6278    -0.0000     1.3687     1.3687    -0.0000   3.165106   3.165115   0.000007    34.7481    34.7482     4.4942    27.8175    27.8176    34.7479    27.8174    1512.99    1512.98     1.3683  1043.2625    34.9167 0.0000e+00
     129512 290.524309  -36.66892 -9.990e-29      1.126    1500.39   3397.000   3345.089     1.6265     1.6265     0.0001     1.3673     1.3674     0.0001   3.165012   3.165033   0.000021    34.7481    34.7483     4.5048    27.8176    27.8178    34.7478    27.8174    1513.00    1513.00     1.3669  1043.2670    34.9165 0.0000e+00
     129536 290.524321  -36.66892 -9.990e-29      0.991    1500.39   3398.000   3346.067     1.6246     1.6246     0.0001     1.3653     1.3654     0.0001   3.164912   3.164943   0.000028    34.7483    34.7486     4.5067    27.8180    27.8182    34.7481    27.8178    1513.01    1513.01     1.3649  1043.2720    34.9169 0.0000e+00
     129558 290.524331  -36.66892 -9.990e-29      1.036    1500.39   3399.000   3347.044     1.6240     1.6240    -0.0000     1.3647     1.3647    -0.0000   3.164903   3.164930   0.000026    34.7483    34.7487     4.4946    27.8180    27.8183    34.7481    27.8178    1513.02    1513.02     1.3643  1043.2765    34.9169 0.0000e+00
     129575 290.524339  -36.66892 -9.990e-29      1.187    1500.39   3400.000   3348.021     1.6218     1.6220     0.0002     1.3624     1.3626     0.0002   3.164689   3.164717   0.000028    34.7483    34.7484     4.5080    27.8181    27.8182    34.7475    27.8175    1513.03    1513.03     1.3620  1043.2807    34.9163 0.0000e+00
     129592 290.524347  -36.66892 -9.990e-29      1.343    1500.39   3401.000   3348.998     1.6176     1.6178     0.0002     1.3582     1.3585     0.0002   3.164372   3.164427   0.000051    34.7482    34.7486     4.5138    27.8184    27.8187    34.7476    27.8178    1513.03    1513.03     1.3578  1043.2859    34.9164 0.0000e+00
     129608 290.524355  -36.66892  -48.62656      1.445    1500.39   3402.000   3349.975     1.6160     1.6160     0.0000     1.3566     1.3566     0.0000   3.164302   3.164336   0.000044    34.7483    34.7488     4.5007    27.8185    27.8190    34.7480    27.8183    1513.04    1513.04     1.3561  1043.2909    34.9169 0.0000e+00
     129626 290.524364  -36.66892  -48.62656      1.426    1500.39   3403.000   3350.952     1.6156     1.6157     0.0001     1.3561     1.3562     0.0001   3.164325   3.164332   0.000004    34.7486    34.7485     4.5024    27.8188    27.8188    34.7483    27.8185    1513.05    1513.05     1.3556  1043.2970    34.9190 0.0000e+00
     129649 290.524375  -36.66892  -48.62656      1.228    1500.39   3404.000   3351.929     1.6155     1.6154    -0.0001     1.3558     1.3558    -0.0001   3.164339   3.164385   0.000046    34.7484    34.7490     4.5218    27.8187    27.8192    34.7481    27.8185    1513.07    1513.07     1.3554  1043.3013    34.9188 0.0000e+00
     129679 290.524389  -36.66892  -48.62656      0.889    1500.39   3405.000   3352.906     1.6153     1.6157     0.0004     1.3556     1.3560     0.0004   3.164387   3.164438   0.000052    34.7486    34.7488     4.5243    27.8189    27.8191    34.7484    27.8187    1513.09    1513.09     1.3551  1043.3059    34.9191 0.0000e+00
     129722 290.524410  -36.66892  -48.62654      0.581    1500.39   3406.000   3353.883     1.6160     1.6162     0.0002     1.3562     1.3564     0.0002   3.164483   3.164510   0.000032    34.7485    34.7487     4.5239    27.8187    27.8189    34.7484    27.8186    1513.11    1513.11     1.3557  1043.3102    34.9191 0.0000e+00
     129770 290.524433  -36.66892  -48.62654      0.469    1500.39   3407.000   3354.860     1.6140     1.6137    -0.0003     1.3541     1.3539    -0.0003   3.164313   3.164304  -0.000014    34.7484    34.7485     4.5381    27.8188    27.8189    34.7480    27.8185    1513.11    1513.11     1.3536  1043.3146    34.9188 0.0000e+00
     129799 290.524447  -36.66890  -48.62654      0.768    1500.39   3408.000   3355.837     1.6121     1.6122     0.0001     1.3522     1.3523     0.0001   3.164198   3.164241   0.000043    34.7484    34.7489     4.5294    27.8190    27.8193    34.7482    27.8188    1513.12    1513.12     1.3517  1043.3194    34.9189 0.0000e+00
     129857 290.524475  -36.66892  -48.62654      0.447    1500.39   3409.000   3356.811     1.6118     1.6117    -0.0002     1.3518     1.3516    -0.0001   3.164215   3.164214 2.8042e-07    34.7484    34.7485     4.5331    27.8189    27.8191    34.7483    27.8189    1513.14    1513.14     1.3513  1043.3226    34.9173 0.0000e+00
     129925 290.524508  -36.66892  -48.62656      0.424    1500.39   3410.000   3357.791     1.6092     1.6090    -0.0002     1.3492     1.3490    -0.0002   3.163986   3.163984 -6.163e-07    34.7482    34.7484     4.5311    27.8190    27.8192    34.7478    27.8186    1513.14    1513.14     1.3487  1043.3280    34.9181 0.0000e+00
     129948 290.524519  -36.66892  -48.62656      0.836    1500.39   3411.000   3358.768     1.6069     1.6069     0.0000     1.3468     1.3468     0.0000   3.163831   3.163852   0.000020    34.7482    34.7484     4.5360    27.8192    27.8193    34.7479    27.8189    1513.15    1513.15     1.3463  1043.3333    34.9187 0.0000e+00
     129971 290.524530  -36.66892  -48.62654      1.016    1500.39   3412.000   3359.745     1.6063     1.6063     0.0000     1.3461     1.3461     0.0000   3.163849   3.163843  -0.000001    34.7485    34.7485     4.5416    27.8195    27.8194    34.7483    27.8194    1513.17    1513.17     1.3456  1043.3381    34.9191 0.0000e+00
     129994 290.524542  -36.66892  -48.62654      1.051    1500.39   3413.000   3360.722     1.6063     1.6063    -0.0000     1.3460     1.3460    -0.0000   3.163922   3.163914  -0.000010    34.7488    34.7487     4.5344    27.8197    27.8196    34.7487    27.8196    1513.18    1513.18     1.3455  1043.3428    34.9195 0.0000e+00
     130021 290.524554  -36.66892  -48.62654      0.972    1500.39   3414.000   3361.699     1.6066     1.6066    -0.0001     1.3462     1.3462    -0.0001   3.164010   3.164037   0.000024    34.7492    34.7496     4.5301    27.8200    27.8203    34.7491    27.8199    1513.20    1513.20     1.3457  1043.3474    34.9198 0.0000e+00
     130052 290.524569  -36.66892  -48.62654      0.802    1500.39   3415.000   3362.676     1.6037     1.6039     0.0001     1.3433     1.3434     0.0001   3.163807   3.163860   0.000052    34.7495    34.7500     4.5368    27.8205    27.8209    34.7492    27.8202    1513.21    1513.21     1.3428  1043.3523    34.9200 0.0000e+00
     130083 290.524584  -36.66892  -48.62654      0.756    1500.39   3416.000   3363.653     1.6031     1.6031     0.0000     1.3425     1.3426     0.0000   3.163808   3.163823   0.000016    34.7496    34.7498     4.5375    27.8206    27.8208    34.7495    27.8205    1513.22    1513.22     1.3421  1043.3570    34.9202 0.0000e+00
     130106 290.524596  -36.66892  -48.62654      0.897    1500.39   3417.000   3364.630     1.6016     1.6017     0.0001     1.3410     1.3411     0.0001   3.163688   3.163706   0.000018    34.7495    34.7497     4.5379    27.8206    27.8207    34.7491    27.8203    1513.23    1513.23     1.3405  1043.3614    34.9199 0.0000e+00
     130127 290.524606  -36.66892  -48.62654      1.076    1500.39   3418.000   3365.607     1.5987     1.5989     0.0001     1.3381     1.3382     0.0001   3.163454   3.163466   0.000011    34.7494    34.7494     4.5393    27.8208    27.8208    34.7488    27.8203    1513.24    1513.24     1.3376  1043.3660    34.9196 0.0000e+00
     130148 290.524616  -36.66892  -48.62654      1.153    1500.39   3419.000   3366.584     1.5952     1.5955     0.0002     1.3346     1.3348     0.0002   3.163165   3.163220   0.000054    34.7491    34.7495     4.5455    27.8207    27.8211    34.7486    27.8204    1513.24    1513.24     1.3341  1043.3708    34.9194 0.0000e+00
     130175 290.524629  -36.66892  -48.62654      0.998    1500.39   3420.000   3367.561     1.5948     1.5945    -0.0003     1.3340     1.3338    -0.0003   3.163174   3.163186   0.000017    34.7490    34.7495     4.5469    27.8208    27.8211    34.7488    27.8205    1513.25    1513.25     1.3335  1043.3754    34.9196 0.0000e+00
     130208 290.524645  -36.66892  -48.62654      0.738    1500.39   3421.000   3368.538     1.5938     1.5937    -0.0001     1.3330     1.3329    -0.0001   3.163140   3.163139  -0.000004    34.7492    34.7492     4.5420    27.8210    27.8210    34.7489    27.8207    1513.27    1513.27     1.3325  1043.3800    34.9197 0.0000e+00
     130233 290.524657  -36.66892  -48.62656      0.832    1500.39   3422.000   3369.515     1.5934     1.5933    -0.0000     1.3324     1.3324    -0.0000   3.163149   3.163187   0.000031    34.7494    34.7498     4.5469    27.8211    27.8215    34.7491    27.8209    1513.28    1513.28     1.3320  1043.3847    34.9199 0.0000e+00
     130253 290.524666  -36.66892  -48.62654      1.057    1500.39   3423.000   3370.491     1.5927     1.5928     0.0000     1.3318     1.3318     0.0000   3.163147   3.163206   0.000067    34.7494    34.7502     4.5594    27.8213    27.8219    34.7492    27.8211    1513.30    1513.30     1.3313  1043.3893    34.9201 0.0000e+00
     130272 290.524675  -36.66892  -48.62654      1.228    1500.39   3424.000   3371.468     1.5907     1.5906    -0.0001     1.3297     1.3296    -0.0001   3.162982   3.162982   0.000005    34.7494    34.7496     4.5501    27.8214    27.8215    34.7489    27.8210    1513.30    1513.30     1.3292  1043.3938    34.9198 0.0000e+00
     130293 290.524686  -36.66892  -48.62654      1.224    1500.39   3425.000   3372.445     1.5899     1.5896    -0.0003     1.3287     1.3285    -0.0002   3.163004   3.163002  -0.000008    34.7499    34.7501     4.5598    27.8218    27.8220    34.7497    27.8216    1513.32    1513.32     1.3283  1043.3988    34.9205 0.0000e+00
     130326 290.524701  -36.66892  -48.62654      0.852    1500.39   3426.000   3373.422     1.5898     1.5886    -0.0012     1.3286     1.3274    -0.0012   3.163039   3.162912  -0.000110    34.7500    34.7500     4.5529    27.8219    27.8220    34.7497    27.8217    1513.34    1513.33     1.3281  1043.4033    34.9206 0.0000e+00
     130360 290.524718  -36.66892  -48.62654      0.653    1500.39   3427.000   3374.399     1.5862     1.5855    -0.0007     1.3250     1.3243    -0.0007   3.162715   3.162676  -0.000048    34.7493    34.7495     4.5596    27.8216    27.8218    34.7491    27.8215    1513.34    1513.33     1.3245  1043.4078    34.9200 0.0000e+00
     130383 290.524729  -36.66892  -48.62654      0.886    1500.39   3428.000   3375.376     1.5902     1.5901    -0.0001     1.3288     1.3287    -0.0001   3.163173   3.163180 -5.631e-08    34.7500    34.7501     4.5497    27.8219    27.8220    34.7501    27.8220    1513.37    1513.37     1.3283  1043.4123    34.9209 0.0000e+00
     130403 290.524739  -36.66892  -48.62654      1.096    1500.39   3429.000   3376.353     1.5912     1.5911    -0.0000     1.3296     1.3296    -0.0000   3.163309   3.163321   0.000009    34.7503    34.7504     4.5612    27.8221    27.8222    34.7502    27.8220    1513.39    1513.39     1.3291  1043.4166    34.9211 0.0000e+00
     130423 290.524748  -36.66892  -48.62654      1.190    1500.39   3430.000   3377.330     1.5906     1.5907     0.0001     1.3290     1.3291     0.0001   3.163322   3.163357   0.000035    34.7506    34.7509     4.5581    27.8224    27.8227    34.7505    27.8223    1513.41    1513.41     1.3285  1043.4214    34.9214 0.0000e+00
     130445 290.524759  -36.66892  -48.62654      1.156    1500.39   3431.000   3378.307     1.5908     1.5907    -0.0001     1.3290     1.3290    -0.0001   3.163394   3.163422   0.000028    34.7508    34.7512     4.5637    27.8226    27.8229    34.7508    27.8225    1513.43    1513.43     1.3285  1043.4259    34.9217 0.0000e+00
     130469 290.524770  -36.66892  -48.62654      1.050    1500.39   3432.000   3379.284     1.5909     1.5909    -0.0000     1.3290     1.3290    -0.0000   3.163436   3.163463   0.000028    34.7508    34.7511     4.5575    27.8225    27.8228    34.7508    27.8225    1513.45    1513.45     1.3285  1043.4303    34.9217 0.0000e+00
     130494 290.524782  -36.66892  -48.62654      0.983    1500.39   3433.000   3380.261     1.5907     1.5904    -0.0004     1.3288     1.3285    -0.0004   3.163459   3.163408  -0.000047    34.7508    34.7506     4.5654    27.8226    27.8224    34.7508    27.8225    1513.46    1513.46     1.3283  1043.4347    34.9216 0.0000e+00
     130518 290.524794  -36.66892  -48.62654      0.987    1500.39   3434.000   3381.238     1.5902     1.5900    -0.0002     1.3282     1.3280    -0.0002   3.163450   3.163431  -0.000022    34.7508    34.7507     4.5673    27.8225    27.8225    34.7507    27.8225    1513.48    1513.48     1.3277  1043.4391    34.9216 0.0000e+00
     130541 290.524805  -36.66892  -48.62654      1.016    1500.39   3435.000   3382.215     1.5904     1.5904    -0.0000     1.3283     1.3282    -0.0000   3.163508   3.163516 9.3829e-07    34.7509    34.7509     4.5825    27.8226    27.8227    34.7508    27.8226    1513.49    1513.49     1.3278  1043.4436    34.9217 0.0000e+00
