Pos-Processados/process_op41/operantar41_005mephy.ros
* Sea-Bird SBE 9 Data File:
* FileName = C:\Users\Dell\Desktop\Operantar XLI\Raw\OP41005MEPHY.hdr
* Software Version Seasave V 7.26.7.110
* Temperature SN = 6497
* Conductivity SN = 4954
* Number of Bytes Per Scan = 31
* Number of Voltage Words = 2
* Number of Scans Averaged by the Deck Unit = 1
* NMEA Latitude = 38 39.42 S
* NMEA Longitude = 048 59.20 W
* NMEA UTC (Time) = Oct 18 2022 15:56:17
* NMEA baud rate = 4800
** H41
** Navio Polar Almirante Maximiano
** LH-021/2022
** Operantar XLI
** Número da Estação
** Latitude
** Longitude
** Data/Hora (Z)
** Profundidade local
** 09-1439
** Nome do Operador
# nquan = 24
# nvalues = 946                                   
# units = specified
# name 0 = scan: Scan Count
# name 1 = timeJ: Julian Days
# name 2 = latitude: Latitude [deg]
# name 3 = longitude: Longitude [deg]
# name 4 = dz/dtM: Descent Rate [m/s]
# name 5 = avgsvCM: Average Sound Velocity [Chen-Millero, m/s]
# name 6 = prDM: Pressure, Digiquartz [db]
# name 7 = depSM: Depth [salt water, m]
# name 8 = t090C: Temperature [ITS-90, deg C]
# name 9 = t190C: Temperature, 2 [ITS-90, deg C]
# name 10 = T2-T190C: Temperature Difference, 2 - 1 [ITS-90, deg C]
# name 11 = potemp090C: Potential Temperature [ITS-90, deg C]
# name 12 = potemp190C: Potential Temperature, 2 [ITS-90, deg C]
# name 13 = potemp90Cdiff: Potential Temperature, Diff, 2 - 1 [ITS-90, deg C]
# name 14 = c0S/m: Conductivity [S/m]
# name 15 = c1S/m: Conductivity, 2 [S/m]
# name 16 = C2-C1S/m: Conductivity Difference, 2 - 1 [S/m]
# name 17 = sal00: Salinity, Practical [PSU]
# name 18 = sal11: Salinity, Practical, 2 [PSU]
# name 19 = sbeox0ML/L: Oxygen, SBE 43 [ml/l]
# name 20 = sigma-é00: Density [sigma-theta, kg/m^3]
# name 21 = sigma-é11: Density, 2 [sigma-theta, kg/m^3]
# name 22 = nbf: Bottles Fired
# name 23 = flag:  0.000e+00
# interval = seconds: 0.0416667
# start_time = Oct 18 2022 15:56:17 [NMEA time, header]
# bad_flag = -9.990e-29
*END*
[from data line 725]
       3212 291.665634  -38.65694  -48.98740      0.087    1505.56     35.579     35.308    14.2325    14.2328     0.0003    14.2273    14.2276     0.0003   4.251508   4.251460  -0.000048    35.3105    35.3098     5.6282    26.3790    26.3783         16  0.000e+00
       3213 291.665635  -38.65694  -48.98740      0.079    1505.56     35.563     35.292    14.2321    14.2326     0.0006    14.2269    14.2274     0.0006   4.251482   4.251393  -0.000088    35.3107    35.3094     5.6281    26.3792    26.3780         16  0.000e+00
       3214 291.665635  -38.65694  -48.98740      0.074    1505.56     35.563     35.292    14.2319    14.2324     0.0005    14.2267    14.2272     0.0005   4.251462   4.251366  -0.000095    35.3107    35.3094     5.6279    26.3792    26.3781         16  0.000e+00
       3215 291.665636  -38.65694  -48.98740      0.063    1505.56     35.507     35.236    14.2312    14.2318     0.0006    14.2260    14.2266     0.0006   4.251435   4.251393  -0.000042    35.3111    35.3101     5.6277    26.3797    26.3788         16  0.000e+00
       3216 291.665636  -38.65694  -48.98740      0.055    1505.56     35.523     35.252    14.2312    14.2313     0.0001    14.2260    14.2261     0.0001   4.251449   4.251346  -0.000102    35.3112    35.3102     5.6277    26.3798    26.3790         16  0.000e+00
       3217 291.665637  -38.65694  -48.98740      0.046    1505.56     35.507     35.236    14.2307    14.2306    -0.0001    14.2255    14.2254    -0.0001   4.251402   4.251353  -0.000049    35.3113    35.3109     5.6275    26.3799    26.3796         16  0.000e+00
       3218 291.665637  -38.65694  -48.98740      0.040    1505.56     35.563     35.292    14.2305    14.2301    -0.0004    14.2253    14.2249    -0.0004   4.251415   4.251366  -0.000049    35.3115    35.3115     5.6271    26.3802    26.3802         16  0.000e+00
       3219 291.665638  -38.65694  -48.98740      0.025    1505.56     35.442     35.172    14.2304    14.2296    -0.0008    14.2252    14.2244    -0.0008   4.251396   4.251306  -0.000090    35.3115    35.3114     5.6270    26.3802    26.3802         16  0.000e+00
       3220 291.665638  -38.65694  -48.98740      0.016    1505.56     35.458     35.188    14.2297    14.2296    -0.0000    14.2245    14.2245    -0.0000   4.251389   4.251373  -0.000016    35.3121    35.3120     5.6270    26.3808    26.3807         16  0.000e+00
       3221 291.665639  -38.65694  -48.98740      0.007    1505.56     35.507     35.236    14.2297    14.2298     0.0001    14.2245    14.2246     0.0001   4.251369   4.251346  -0.000023    35.3119    35.3116     5.6270    26.3806    26.3803         16  0.000e+00
       3222 291.665639  -38.65694  -48.98740      0.001    1505.56     35.507     35.236    14.2298    14.2298    -0.0001    14.2247    14.2246    -0.0001   4.251382   4.251333  -0.000050    35.3118    35.3115     5.6228    26.3805    26.3802         16  0.000e+00
       3223 291.665639  -38.65694  -48.98740     -0.011    1505.56     35.442     35.172    14.2304    14.2303    -0.0001    14.2252    14.2251    -0.0001   4.251468   4.251386  -0.000082    35.3122    35.3115     5.6222    26.3807    26.3802         16  0.000e+00
       3224 291.665640  -38.65694  -48.98740     -0.016    1505.56     35.458     35.188    14.2307    14.2308     0.0001    14.2255    14.2256     0.0001   4.251415   4.251427   0.000011    35.3114    35.3114     5.6217    26.3800    26.3800         16  0.000e+00
       3225 291.665640  -38.65694  -48.98740     -0.032    1505.56     35.386     35.116    14.2309    14.2311     0.0003    14.2257    14.2260     0.0003   4.251468   4.251380  -0.000089    35.3117    35.3107     5.6210    26.3802    26.3794         16  0.000e+00
       3226 291.665641  -38.65694  -48.98740     -0.044    1505.56     35.386     35.116    14.2310    14.2310    -0.0001    14.2259    14.2258    -0.0001   4.251442   4.251420  -0.000022    35.3114    35.3112     5.6205    26.3799    26.3798         16  0.000e+00
       3227 291.665641  -38.65694  -48.98740     -0.052    1505.56     35.442     35.172    14.2312    14.2313     0.0001    14.2260    14.2261     0.0001   4.251448   4.251467   0.000018    35.3112    35.3113     5.6200    26.3798    26.3798         16  0.000e+00
       3228 291.665642  -38.65694  -48.98740     -0.063    1505.56     35.402     35.132    14.2314    14.2320     0.0006    14.2262    14.2268     0.0006   4.251462   4.251480   0.000019    35.3112    35.3109     5.6234    26.3798    26.3793         16  0.000e+00
       3229 291.665642  -38.65694  -48.98740     -0.071    1505.56     35.386     35.116    14.2314    14.2323     0.0010    14.2262    14.2272     0.0010   4.251422   4.251480   0.000058    35.3109    35.3105     5.6231    26.3795    26.3790         16  0.000e+00
       3230 291.665643  -38.65694  -48.98740     -0.082    1505.56     35.386     35.116    14.2317    14.2330     0.0013    14.2265    14.2278     0.0013   4.251501   4.251561   0.000059    35.3113    35.3107     5.6228    26.3797    26.3790         16  0.000e+00
       3231 291.665643  -38.65694  -48.98740     -0.094    1505.56     35.346     35.076    14.2321    14.2332     0.0011    14.2269    14.2280     0.0011   4.251475   4.251507   0.000032    35.3107    35.3100     5.6224    26.3792    26.3784         16  0.000e+00
       3232 291.665644  -38.65694  -48.98740     -0.104    1505.56     35.330     35.060    14.2324    14.2335     0.0011    14.2272    14.2283     0.0011   4.251515   4.251500  -0.000014    35.3108    35.3097     5.6224    26.3792    26.3781         16  0.000e+00
       3233 291.665644  -38.65694  -48.98740     -0.114    1505.56     35.330     35.060    14.2330    14.2342     0.0011    14.2279    14.2290     0.0011   4.251561   4.251514  -0.000047    35.3107    35.3092     5.6220    26.3789    26.3775         16  0.000e+00
       3234 291.665645  -38.65694  -48.98740     -0.126    1505.56     35.330     35.060    14.2339    14.2340     0.0001    14.2287    14.2288     0.0001   4.251653   4.251567  -0.000086    35.3107    35.3098     5.6219    26.3788    26.3781         16  0.000e+00
       3235 291.665645  -38.65694  -48.98740     -0.137    1505.56     35.281     35.012    14.2373    14.2347    -0.0026    14.2321    14.2295    -0.0026   4.251792   4.251561  -0.000232    35.3090    35.3092     5.6211    26.3767    26.3774         16  0.000e+00
       3236 291.665646  -38.65694  -48.98740     -0.149    1505.56     35.265     34.996    14.2386    14.2365    -0.0021    14.2335    14.2314    -0.0021   4.251911   4.251688  -0.000223    35.3088    35.3087     5.6205    26.3763    26.3766         16  0.000e+00
       3237 291.665646  -38.65694  -48.98740     -0.160    1505.56     35.265     34.996    14.2398    14.2383    -0.0015    14.2347    14.2331    -0.0015   4.251977   4.251816  -0.000162    35.3084    35.3083     5.6199    26.3757    26.3760         16  0.000e+00
       3238 291.665647  -38.65694  -48.98740     -0.169    1505.56     35.265     34.996    14.2408    14.2396    -0.0012    14.2356    14.2345    -0.0012   4.252057   4.251923  -0.000134    35.3082    35.3080     5.6157    26.3754    26.3755         16  0.000e+00
       3239 291.665647  -38.65694  -48.98740     -0.174    1505.56     35.281     35.012    14.2409    14.2420     0.0011    14.2358    14.2368     0.0011   4.252024   4.252010  -0.000014    35.3078    35.3066     5.6192    26.3750    26.3739         16  0.000e+00
       3240 291.665648  -38.65694  -48.98740     -0.193    1505.56     35.144     34.876    14.2390    14.2439     0.0049    14.2338    14.2387     0.0049   4.251872   4.252131   0.000259    35.3082    35.3061     5.6192    26.3758    26.3731         17  0.000e+00
       3241 291.665648  -38.65694  -48.98740     -0.201    1505.56     35.209     34.940    14.2378    14.2452     0.0074    14.2326    14.2401     0.0074   4.251772   4.252251   0.000479    35.3083    35.3060     5.6193    26.3761    26.3727         17  0.000e+00
       3242 291.665649  -38.65694  -48.98740     -0.210    1505.56     35.209     34.940    14.2384    14.2471     0.0086    14.2333    14.2419     0.0086   4.251838   4.252339   0.000500    35.3083    35.3051     5.6150    26.3760    26.3716         17  0.000e+00
       3243 291.665649  -38.65694  -48.98740     -0.218    1505.56     35.160     34.892    14.2399    14.2478     0.0078    14.2348    14.2426     0.0078   4.251944   4.252379   0.000435    35.3080    35.3048     5.6187    26.3754    26.3713         17  0.000e+00
       3244 291.665650  -38.65694  -48.98740     -0.230    1505.56     35.144     34.876    14.2423    14.2493     0.0069    14.2372    14.2441     0.0069   4.252162   4.252526   0.000364    35.3078    35.3048     5.6182    26.3747    26.3710         17  0.000e+00
       3245 291.665650  -38.65694  -48.98740     -0.241    1505.56     35.088     34.820    14.2453    14.2510     0.0057    14.2402    14.2459     0.0057   4.252334   4.252654   0.000319    35.3067    35.3045     5.6177    26.3732    26.3703         17  0.000e+00
       3246 291.665651  -38.65694  -48.98740     -0.248    1505.56     35.160     34.892    14.2483    14.2525     0.0042    14.2432    14.2474     0.0042   4.252473   4.252795   0.000321    35.3052    35.3043     5.6136    26.3715    26.3699         17  0.000e+00
       3247 291.665651  -38.65694  -48.98740     -0.256    1505.56     35.088     34.820    14.2502    14.2539     0.0037    14.2451    14.2488     0.0037   4.252599   4.252855   0.000256    35.3047    35.3037     5.6128    26.3706    26.3691         17  0.000e+00
       3248 291.665652  -38.65694  -48.98740     -0.270    1505.56     35.032     34.764    14.2512    14.2552     0.0039    14.2461    14.2501     0.0039   4.252685   4.252949   0.000264    35.3046    35.3034     5.6121    26.3703    26.3686         17  0.000e+00
       3249 291.665652  -38.65694  -48.98740     -0.276    1505.56     35.088     34.820    14.2514    14.2559     0.0045    14.2463    14.2508     0.0045   4.252678   4.252895   0.000217    35.3043    35.3022     5.6116    26.3701    26.3675         17  0.000e+00
       3250 291.665652  -38.65694  -48.98740     -0.282    1505.56     35.104     34.836    14.2516    14.2543     0.0027    14.2465    14.2491     0.0027   4.252691   4.252788   0.000096    35.3043    35.3027     5.6111    26.3700    26.3683         17  0.000e+00
       3251 291.665653  -38.65694  -48.98740     -0.292    1505.56     35.032     34.764    14.2523    14.2527     0.0004    14.2472    14.2476     0.0004   4.252784   4.252701  -0.000083    35.3045    35.3034     5.6108    26.3701    26.3691         17  0.000e+00
       3252 291.665653  -38.65694  -48.98740     -0.301    1505.56     34.967     34.700    14.2552    14.2528    -0.0024    14.2501    14.2477    -0.0024   4.252949   4.252687  -0.000262    35.3034    35.3032     5.6103    26.3686    26.3689         17  0.000e+00
       3253 291.665654  -38.65694  -48.98740     -0.308    1505.56     35.032     34.764    14.2593    14.2536    -0.0057    14.2542    14.2485    -0.0057   4.253187   4.252795  -0.000393    35.3018    35.3034     5.6098    26.3665    26.3690         17  0.000e+00
       3254 291.665654  -38.65694  -48.98740     -0.315    1505.56     34.927     34.661    14.2635    14.2558    -0.0078    14.2584    14.2507    -0.0078   4.253412   4.252942  -0.000470    35.3001    35.3029     5.6092    26.3643    26.3680         17  0.000e+00
       3255 291.665655  -38.65694  -48.98740     -0.319    1505.56     35.032     34.764    14.2693    14.2578    -0.0115    14.2641    14.2527    -0.0115   4.253716   4.253143  -0.000573    35.2976    35.3028     5.6086    26.3611    26.3676         17  0.000e+00
       3256 291.665655  -38.65694  -48.98740     -0.329    1505.56     34.911     34.645    14.2744    14.2597    -0.0147    14.2693    14.2546    -0.0147   4.253961   4.253251  -0.000710    35.2952    35.3021     5.6079    26.3582    26.3666         17  0.000e+00
       3257 291.665656  -38.65694  -48.98740     -0.336    1505.56     34.927     34.661    14.2774    14.2616    -0.0158    14.2723    14.2565    -0.0158   4.254126   4.253298  -0.000829    35.2941    35.3008     5.6075    26.3566    26.3652         17  0.000e+00
       3258 291.665656  -38.65694  -48.98740     -0.335    1505.56     34.967     34.700    14.2780    14.2622    -0.0158    14.2729    14.2571    -0.0158   4.254186   4.253224  -0.000962    35.2940    35.2996     5.6034    26.3565    26.3641         17  0.000e+00
       3259 291.665657  -38.65694  -48.98740     -0.347    1505.56     34.846     34.581    14.2779    14.2616    -0.0163    14.2728    14.2565    -0.0163   4.254173   4.253197  -0.000976    35.2941    35.2999     5.6029    26.3565    26.3645         17  0.000e+00
       3260 291.665657  -38.65694  -48.98740     -0.350    1505.56     34.911     34.645    14.2771    14.2621    -0.0151    14.2720    14.2570    -0.0151   4.254107   4.253277  -0.000829    35.2941    35.3002     5.6067    26.3567    26.3646         17  0.000e+00
       3261 291.665658  -38.65694  -48.98740     -0.354    1505.56     34.862     34.597    14.2760    14.2637    -0.0123    14.2709    14.2587    -0.0123   4.254093   4.253445  -0.000648    35.2950    35.3002     5.6028    26.3577    26.3643         17  0.000e+00
       3262 291.665658  -38.65694  -48.98740     -0.358    1505.56     34.846     34.581    14.2759    14.2656    -0.0103    14.2708    14.2605    -0.0103   4.254093   4.253573  -0.000521    35.2952    35.2997     5.6025    26.3578    26.3635         17  0.000e+00
       3263 291.665659  -38.65694  -48.98740     -0.356    1505.56     34.911     34.645    14.2783    14.2672    -0.0112    14.2732    14.2621    -0.0111   4.254226   4.253707  -0.000519    35.2941    35.2995     5.6020    26.3565    26.3630         17  0.000e+00
       3264 291.665659  -38.65694  -48.98740     -0.363    1505.56     34.790     34.525    14.2794    14.2694    -0.0100    14.2743    14.2643    -0.0100   4.254298   4.253801  -0.000498    35.2939    35.2984     5.6056    26.3561    26.3617         17  0.000e+00
       3265 291.665660  -38.65694  -48.98740     -0.367    1505.56     34.806     34.541    14.2816    14.2707    -0.0108    14.2765    14.2657    -0.0108   4.254338   4.253740  -0.000598    35.2922    35.2966     5.6015    26.3543    26.3600         17  0.000e+00
       3266 291.665660  -38.65694  -48.98740     -0.371    1505.56     34.790     34.525    14.2821    14.2719    -0.0102    14.2770    14.2668    -0.0102   4.254404   4.253847  -0.000557    35.2924    35.2965     5.6012    26.3543    26.3597         17  0.000e+00
       3267 291.665661  -38.65694  -48.98740     -0.369    1505.56     34.790     34.525    14.2838    14.2731    -0.0107    14.2788    14.2680    -0.0107   4.254477   4.253975  -0.000502    35.2915    35.2966     5.6008    26.3532    26.3595         17  0.000e+00
       3268 291.665661  -38.65694  -48.98740     -0.376    1505.56     34.750     34.485    14.2868    14.2736    -0.0132    14.2817    14.2685    -0.0132   4.254629   4.253975  -0.000654    35.2902    35.2962     5.6044    26.3516    26.3591         17  0.000e+00
       3269 291.665662  -38.65694  -48.98740     -0.377    1505.56     34.790     34.525    14.2885    14.2745    -0.0140    14.2834    14.2694    -0.0140   4.254755   4.253988  -0.000766    35.2898    35.2955     5.6044    26.3510    26.3584         17  0.000e+00
       3270 291.665662  -38.65694  -48.98740     -0.374    1505.56     34.790     34.525    14.2894    14.2753    -0.0141    14.2843    14.2702    -0.0141   4.254755   4.254029  -0.000726    35.2890    35.2951     5.6006    26.3501    26.3579         17  0.000e+00
