Pos-Processados/process_op41/operantar41_020.cnv
* Sea-Bird SBE 9 Data File:
* FileName = C:\Users\Dell\Desktop\OperantarXLI\config\00_BRUTOS\OPE41020.hdr
* Software Version Seasave V 7.26.7.110
* Temperature SN = 6497
* Conductivity SN = 4954
* Number of Bytes Per Scan = 34
* Number of Voltage Words = 3
* Number of Scans Averaged by the Deck Unit = 1
* NMEA Latitude = 62 42.00 S
* NMEA Longitude = 058 53.83 W
* NMEA UTC (Time) = Nov 11 2022 06:25:21
* NMEA baud rate = 4800
** H41
** Navio Polar Almirante Maximiano
** LH-021/2022
** Operantar XLI
** Número da Estação 020
** Latitude 62´41.887S
** Longitude 058 53.875W
** Data/Hora (Z) 11/11/2022  0620
** Profundidade local 1497
** 09-1439
** Nome do Operador 1T FILIPE LOPES
# nquan = 30
# nvalues = 3001                        
# units = specified
# name 0 = scan: Scan Count
# name 1 = timeJ: Julian Days
# name 2 = latitude: Latitude [deg]
# name 3 = longitude: Longitude [deg]
# name 4 = dz/dtM: Descent Rate [m/s]
# name 5 = avgsvCM: Average Sound Velocity [Chen-Millero, m/s]
# name 6 = prDM: Pressure, Digiquartz [db]
# name 7 = depSM: Depth [salt water, m]
# name 8 = t090C: Temperature [ITS-90, deg C]
# name 9 = t190C: Temperature, 2 [ITS-90, deg C]
# name 10 = T2-T190C: Temperature Difference, 2 - 1 [ITS-90, deg C]
# name 11 = potemp090C: Potential Temperature [ITS-90, deg C]
# name 12 = potemp190C: Potential Temperature, 2 [ITS-90, deg C]
# name 13 = potemp90Cdiff: Potential Temperature, Diff, 2 - 1 [ITS-90, deg C]
# name 14 = c0S/m: Conductivity [S/m]
# name 15 = c1S/m: Conductivity, 2 [S/m]
# name 16 = C2-C1S/m: Conductivity Difference, 2 - 1 [S/m]
# name 17 = sal00: Salinity, Practical [PSU]
# name 18 = sal11: Salinity, Practical, 2 [PSU]
# name 19 = sbeox0ML/L: Oxygen, SBE 43 [ml/l]
# name 20 = sigma-é00: Density [sigma-theta, kg/m^3]
# name 21 = sigma-é11: Density, 2 [sigma-theta, kg/m^3]
# name 22 = sal00: Salinity, Practical [PSU]
# name 23 = sigma-é00: Density [sigma-theta, kg/m^3]
# name 24 = svCM: Sound Velocity [Chen-Millero, m/s]
# name 25 = svCM1: Sound Velocity, 2 [Chen-Millero, m/s]
# name 26 = gsw_ptA0: potential temperature [ITS-90, deg C]
# name 27 = gsw_densityA0: density, TEOS-10 [density, kg/m^3]
# name 28 = gsw_saA0: Absolute Salinity [g/kg]
# name 29 = flag:
# span 0 =       2274,      82912       
# span 1 = 315.268700, 315.307588       
# span 2 =  -62.71099,  -62.70052       
# span 3 =  -58.89692,  -58.88298       
# span 4 =     -1.522,      1.337       
# span 5 =       0.00,    1456.51       
# span 6 =      2.000,   1502.000       
# span 7 =      1.973,   1482.185       
# span 8 =    -1.3126,    -0.6244       
# span 9 =    -1.3129,    -0.6245       
# span 10 =    -0.0353,     0.0071      
# span 11 =    -1.3690,    -0.6522      
# span 12 =    -1.3694,    -0.6524      
# span 13 =    -0.0352,     0.0071      
# span 14 =   2.765459,   2.852063      
# span 15 =   2.765537,   2.852099      
# span 16 =  -0.003228,   0.000597      
# span 17 =    34.3455,    34.5569      
# span 18 =    34.3457,    34.5568      
# span 19 =     5.7352,     7.6954      
# span 20 =    27.6209,    27.8076      
# span 21 =    27.6211,    27.8076      
# span 22 =    34.3455,    34.5568      
# span 23 =    27.6209,    27.8076      
# span 24 =    1443.89,    1467.15      
# span 25 =    1443.89,    1467.15      
# span 26 =    -1.3679,    -0.6518      
# span 27 =  1027.6349,  1034.9154      
# span 28 =    34.5074,    34.7288      
# span 29 = 0.0000e+00, 0.0000e+00      
# interval = decibars: 1                
# start_time = Nov 11 2022 06:25:21 [NMEA time, header]
# bad_flag = -9.990e-29
*END*
[from data line 2852]
      77561 315.305008  -62.71020  -58.88426     -0.981    1456.51    150.000    148.500    -1.1224    -1.1225    -0.0001    -1.1264    -1.1264    -0.0001   2.770041   2.770062   0.000018    34.3895    34.3898     7.2973    27.6633    27.6636    34.3896    27.6634    1445.53    1445.53    -1.1262  1028.3896    34.5583 0.0000e+00
      77582 315.305018  -62.71020 -9.990e-29     -1.093    1456.51    149.000    147.511    -1.1214    -1.1210     0.0004    -1.1253    -1.1249     0.0004   2.770092   2.770122   0.000032    34.3894    34.3894     7.3169    27.6632    27.6632    34.3898    27.6635    1445.51    1445.52    -1.1252  1028.3853    34.5589 0.0000e+00
      77604 315.305028  -62.71020 -9.990e-29     -1.136    1456.51    148.000    146.521    -1.1195    -1.1197    -0.0002    -1.1234    -1.1236    -0.0002   2.770175   2.770182   0.000005    34.3891    34.3894     7.3255    27.6629    27.6632    34.3895    27.6632    1445.51    1445.50    -1.1233  1028.3801    34.5586 0.0000e+00
      77626 315.305039  -62.71022 -9.990e-29     -1.113    1456.51    147.000    145.532    -1.1177    -1.1176     0.0001    -1.1216    -1.1215     0.0001   2.770228   2.770237   0.000013    34.3884    34.3885     7.3149    27.6623    27.6623    34.3887    27.6625    1445.50    1445.50    -1.1214  1028.3746    34.5578 0.0000e+00
      77648 315.305050  -62.71022  -58.88423     -1.071    1456.51    146.000    144.542    -1.1174    -1.1174     0.0000    -1.1213    -1.1212     0.0000   2.770191   2.770199   0.000009    34.3883    34.3884     7.3165    27.6621    27.6622    34.3885    27.6624    1445.48    1445.48    -1.1211  1028.3694    34.5572 0.0000e+00
      77671 315.305061  -62.71022  -58.88422     -1.051    1456.51    145.000    143.552    -1.1173    -1.1172     0.0001    -1.1211    -1.1210     0.0001   2.770148   2.770158   0.000009    34.3883    34.3883     7.3270    27.6621    27.6621    34.3884    27.6623    1445.47    1445.47    -1.1210  1028.3634    34.5558 0.0000e+00
      77694 315.305072  -62.71022  -58.88422     -1.060    1456.51    144.000    142.563    -1.1172    -1.1174    -0.0001    -1.1210    -1.1212    -0.0001   2.770075   2.770064  -0.000008    34.3879    34.3879     7.3280    27.6618    27.6618    34.3880    27.6619    1445.45    1445.45    -1.1209  1028.3583    34.5553 0.0000e+00
      77718 315.305084  -62.71024  -58.88420     -1.018    1456.51    143.000    141.573    -1.1142    -1.1113     0.0029    -1.1180    -1.1151     0.0029   2.770254   2.770452   0.000181    34.3868    34.3859     7.3258    27.6608    27.6600    34.3875    27.6614    1445.45    1445.46    -1.1178  1028.3530    34.5549 0.0000e+00
      77744 315.305096  -62.71024  -58.88420     -0.950    1456.51    142.000    140.583    -1.1055    -1.1042     0.0013    -1.1092    -1.1080     0.0013   2.770761   2.770867   0.000108    34.3843    34.3843     7.3317    27.6585    27.6584    34.3852    27.6592    1445.47    1445.48    -1.1091  1028.3457    34.5523 0.0000e+00
      77768 315.305107 -9.990e-29  -58.88420     -0.967    1456.51    141.000    139.594    -1.1024    -1.1011     0.0013    -1.1061    -1.1049     0.0013   2.770931   2.771038   0.000108    34.3839    34.3839     7.3466    27.6581    27.6580    34.3846    27.6586    1445.47    1445.47    -1.1060  1028.3363    34.5467 0.0000e+00
      77788 315.305117 -9.990e-29  -58.88420     -1.075    1456.51    140.000    138.604    -1.1013    -1.1006     0.0007    -1.1050    -1.1043     0.0007   2.770970   2.771030   0.000064    34.3839    34.3839     7.3557    27.6580    27.6580    34.3845    27.6585    1445.46    1445.46    -1.1049  1028.3314    34.5466 0.0000e+00
      77808 315.305127 -9.990e-29  -58.88418     -1.174    1456.51    139.000    137.614    -1.0997    -1.0996     0.0001    -1.1034    -1.1033     0.0001   2.771044   2.771055   0.000014    34.3837    34.3838     7.3688    27.6578    27.6578    34.3843    27.6583    1445.45    1445.45    -1.1033  1028.3265    34.5464 0.0000e+00
      77829 315.305137 -9.990e-29  -58.88418     -1.194    1456.51    138.000    136.624    -1.0987    -1.0986     0.0002    -1.1024    -1.1022     0.0002   2.771074   2.771091   0.000019    34.3837    34.3837     7.3744    27.6577    27.6578    34.3842    27.6582    1445.44    1445.44    -1.1023  1028.3216    34.5464 0.0000e+00
      77852 315.305148  -62.71026  -58.88418     -1.099    1456.51    137.000    135.635    -1.0977    -1.0973     0.0004    -1.1013    -1.1009     0.0004   2.771088   2.771114   0.000029    34.3834    34.3834     7.3901    27.6575    27.6574    34.3839    27.6578    1445.42    1445.43    -1.1012  1028.3180    34.5479 0.0000e+00
      77878 315.305161  -62.71026  -58.88418     -0.974    1456.51    136.000    134.645    -1.0975    -1.0981    -0.0005    -1.1011    -1.1017    -0.0005   2.771038   2.770996  -0.000040    34.3832    34.3833     7.3989    27.6573    27.6574    34.3836    27.6576    1445.41    1445.40    -1.1010  1028.3156    34.5509 0.0000e+00
      77905 315.305174  -62.71026  -58.88417     -0.906    1456.51    135.000    133.655    -1.0984    -1.0987    -0.0003    -1.1020    -1.1023    -0.0003   2.770910   2.770882  -0.000026    34.3833    34.3833     7.3958    27.6574    27.6574    34.3835    27.6575    1445.39    1445.39    -1.1018  1028.3107    34.5507 0.0000e+00
      77931 315.305186  -62.71026  -58.88416     -0.906    1456.51    134.000    132.666    -1.0987    -1.0988    -0.0001    -1.1023    -1.1024    -0.0001   2.770832   2.770836   0.000002    34.3831    34.3833     7.3906    27.6573    27.6574    34.3834    27.6575    1445.37    1445.37    -1.1021  1028.3058    34.5506 0.0000e+00
      77955 315.305198  -62.71026  -58.88416     -0.942    1456.51    133.000    131.676    -1.0986    -1.0988    -0.0001    -1.1021    -1.1023    -0.0001   2.770778   2.770795   0.000018    34.3829    34.3834     7.4002    27.6571    27.6575    34.3832    27.6573    1445.35    1445.35    -1.1020  1028.3009    34.5504 0.0000e+00
      77975 315.305207  -62.71026  -58.88416     -1.065    1456.51    132.000    130.686    -1.0984    -1.0985    -0.0001    -1.1019    -1.1020    -0.0001   2.770751   2.770753   0.000001    34.3830    34.3832     7.4051    27.6572    27.6573    34.3832    27.6573    1445.34    1445.34    -1.1018  1028.2961    34.5504 0.0000e+00
      77994 315.305216  -62.71027  -58.88415     -1.216    1456.51    131.000    129.696    -1.0985    -1.0987    -0.0001    -1.1020    -1.1021    -0.0001   2.770687   2.770685  -0.000001    34.3830    34.3831     7.4044    27.6571    27.6573    34.3831    27.6572    1445.32    1445.32    -1.1019  1028.2912    34.5503 0.0000e+00
      78011 315.305225  -62.71028  -58.88414     -1.319    1456.51    130.000    128.707    -1.0985    -1.0987    -0.0001    -1.1020    -1.1021    -0.0001   2.770631   2.770626 -3.032e-07    34.3829    34.3830     7.3948    27.6570    27.6571    34.3829    27.6571    1445.30    1445.30    -1.1018  1028.2863    34.5501 0.0000e+00
      78032 315.305235  -62.71028  -58.88414     -1.295    1456.51    129.000    127.717    -1.0986    -1.0985     0.0001    -1.1020    -1.1019     0.0001   2.770574   2.770602   0.000022    34.3827    34.3829     7.3925    27.6570    27.6571    34.3828    27.6571    1445.29    1445.29    -1.1019  1028.2814    34.5501 0.0000e+00
      78057 315.305247  -62.71028  -58.88412     -1.046    1456.51    128.000    126.727    -1.0969    -1.0960     0.0010    -1.1003    -1.0994     0.0009   2.770657   2.770727   0.000070    34.3824    34.3822     7.4098    27.6566    27.6565    34.3827    27.6569    1445.28    1445.28    -1.1002  1028.2771    34.5507 0.0000e+00
      78084 315.305260  -62.71028 -9.990e-29     -0.896    1456.51    127.000    125.737    -1.0943    -1.0938     0.0005    -1.0977    -1.0971     0.0005   2.770795   2.770849   0.000049    34.3818    34.3819     7.4068    27.6561    27.6561    34.3822    27.6564    1445.28    1445.28    -1.0975  1028.2722    34.5507 0.0000e+00
      78107 315.305271  -62.71028 -9.990e-29     -0.950    1456.51    126.000    124.747    -1.0911    -1.0904     0.0007    -1.0944    -1.0937     0.0007   2.770986   2.771044   0.000063    34.3812    34.3813     7.3944    27.6554    27.6554    34.3818    27.6559    1445.27    1445.28    -1.0943  1028.2669    34.5502 0.0000e+00
      78127 315.305281  -62.71028 -9.990e-29     -1.101    1456.51    125.000    123.758    -1.0891    -1.0890     0.0001    -1.0924    -1.0923     0.0001   2.771056   2.771081   0.000025    34.3806    34.3809     7.4010    27.6549    27.6551    34.3811    27.6552    1445.26    1445.27    -1.0923  1028.2615    34.5495 0.0000e+00
      78148 315.305291  -62.71030 -9.990e-29     -1.179    1456.51    124.000    122.768    -1.0873    -1.0868     0.0006    -1.0906    -1.0900     0.0006   2.771123   2.771190   0.000053    34.3802    34.3803     7.4100    27.6545    27.6545    34.3806    27.6548    1445.26    1445.26    -1.0905  1028.2562    34.5490 0.0000e+00
      78174 315.305303  -62.71030 -9.990e-29     -1.050    1456.51    123.000    121.778    -1.0833    -1.0826     0.0007    -1.0865    -1.0858     0.0007   2.771359   2.771424   0.000069    34.3789    34.3791     7.4227    27.6533    27.6534    34.3798    27.6540    1445.26    1445.26    -1.0864  1028.2506    34.5482 0.0000e+00
      78204 315.305318  -62.71030 -9.990e-29     -0.814    1456.51    122.000    120.790    -1.0734    -1.0727     0.0007    -1.0767    -1.0759     0.0007   2.771917   2.771969   0.000057    34.3758    34.3758     7.4225    27.6504    27.6504    34.3768    27.6512    1445.29    1445.29    -1.0765  1028.2429    34.5452 0.0000e+00
      78232 315.305331  -62.71030 -9.990e-29     -0.805    1456.51    121.000    119.796    -1.0705    -1.0705     0.0000    -1.0738    -1.0737     0.0000   2.772045   2.772061   0.000015    34.3751    34.3753     7.4209    27.6497    27.6499    34.3759    27.6503    1445.28    1445.28    -1.0736  1028.2372    34.5442 0.0000e+00
      78252 315.305341  -62.71030  -58.88408     -1.010    1456.51    120.000    118.809    -1.0682    -1.0680     0.0002    -1.0714    -1.0712     0.0002   2.772154   2.772181   0.000028    34.3745    34.3746     7.4362    27.6491    27.6492    34.3753    27.6498    1445.27    1445.28    -1.0713  1028.2316    34.5432 0.0000e+00
      78269 315.305349  -62.71030  -58.88408     -1.229    1456.51    119.000    117.819    -1.0662    -1.0664    -0.0001    -1.0694    -1.0695    -0.0001   2.772184   2.772183   0.000002    34.3734    34.3736     7.4491    27.6482    27.6484    34.3741    27.6488    1445.27    1445.27    -1.0693  1028.2250    34.5411 0.0000e+00
      78285 315.305357  -62.71031  -58.88408     -1.409    1456.51    118.000    116.829    -1.0639    -1.0639    -0.0001    -1.0670    -1.0671    -0.0001   2.772261   2.772263   0.000001    34.3721    34.3723     7.4624    27.6471    27.6472    34.3730    27.6478    1445.26    1445.26    -1.0669  1028.2193    34.5401 0.0000e+00
      78302 315.305365  -62.71032  -58.88408     -1.466    1456.51    117.000    115.840    -1.0612    -1.0609     0.0002    -1.0643    -1.0640     0.0002   2.772299   2.772331   0.000027    34.3705    34.3705     7.4646    27.6456    27.6456    34.3711    27.6462    1445.25    1445.25    -1.0642  1028.2128    34.5381 0.0000e+00
      78323 315.305375  -62.71032  -58.88406     -1.309    1456.51    116.000    114.850    -1.0598    -1.0587     0.0010    -1.0628    -1.0618     0.0010   2.772316   2.772371   0.000052    34.3696    34.3691     7.4671    27.6448    27.6444    34.3703    27.6455    1445.24    1445.25    -1.0628  1028.2073    34.5373 0.0000e+00
      78347 315.305387  -62.71032  -58.88406     -1.068    1456.51    115.000    113.860    -1.0579    -1.0574     0.0005    -1.0609    -1.0604     0.0005   2.772345   2.772373   0.000030    34.3686    34.3684     7.4780    27.6439    27.6438    34.3692    27.6445    1445.23    1445.24    -1.0608  1028.2016    34.5362 0.0000e+00
      78373 315.305399  -62.71033  -58.88405     -0.944    1456.51    114.000    112.870    -1.0553    -1.0542     0.0011    -1.0584    -1.0573     0.0011   2.772445   2.772522   0.000069    34.3674    34.3671     7.4932    27.6429    27.6426    34.3683    27.6437    1445.23    1445.23    -1.0582  1028.1959    34.5353 0.0000e+00
      78398 315.305411  -62.71034  -58.88404     -0.955    1456.51    113.000    111.880    -1.0470    -1.0451     0.0019    -1.0500    -1.0482     0.0019   2.772883   2.773005   0.000121    34.3641    34.3636     7.4916    27.6399    27.6395    34.3654    27.6410    1445.25    1445.25    -1.0499  1028.1884    34.5323 0.0000e+00
      78424 315.305424  -62.71034  -58.88404     -0.938    1456.51    112.000    110.890    -1.0413    -1.0396     0.0017    -1.0443    -1.0426     0.0017   2.773149   2.773264   0.000113    34.3621    34.3617     7.5008    27.6381    27.6377    34.3631    27.6389    1445.26    1445.26    -1.0442  1028.1815    34.5300 0.0000e+00
      78451 315.305437  -62.71034  -58.88404     -0.884    1456.51    111.000    109.901    -1.0356    -1.0338     0.0019    -1.0386    -1.0367     0.0019   2.773491   2.773640   0.000146    34.3605    34.3604     7.5211    27.6366    27.6364    34.3620    27.6377    1445.26    1445.27    -1.0385  1028.1755    34.5289 0.0000e+00
      78476 315.305449  -62.71034  -58.88404     -0.940    1456.51    110.000    108.911    -1.0302    -1.0292     0.0010    -1.0331    -1.0321     0.0010   2.773818   2.773902   0.000080    34.3597    34.3596     7.5349    27.6357    27.6356    34.3609    27.6366    1445.27    1445.28    -1.0331  1028.1696    34.5277 0.0000e+00
      78496 315.305459  -62.71035  -58.88403     -1.056    1456.51    109.000    107.921    -1.0269    -1.0261     0.0008    -1.0298    -1.0290     0.0008   2.774025   2.774104   0.000086    34.3592    34.3595     7.5352    27.6352    27.6354    34.3605    27.6362    1445.27    1445.27    -1.0297  1028.1644    34.5273 0.0000e+00
      78515 315.305468  -62.71036  -58.88402     -1.197    1456.51    108.000    106.931    -1.0228    -1.0219     0.0009    -1.0257    -1.0248     0.0009   2.774312   2.774401   0.000084    34.3589    34.3590     7.5421    27.6348    27.6348    34.3604    27.6360    1445.28    1445.28    -1.0256  1028.1593    34.5272 0.0000e+00
      78534 315.305477  -62.71036  -58.88402     -1.262    1456.51    107.000    105.941    -1.0144    -1.0104     0.0040    -1.0173    -1.0133     0.0040   2.774930   2.775254   0.000314    34.3576    34.3573     7.5619    27.6334    27.6330    34.3599    27.6352    1445.30    1445.32    -1.0172  1028.1538    34.5267 0.0000e+00
      78556 315.305488  -62.71036  -58.88400     -1.184    1456.51    106.000    104.952    -1.0047    -1.0034     0.0014    -1.0076    -1.0062     0.0014   2.775555   2.775713   0.000148    34.3563    34.3566     7.5735    27.6319    27.6322    34.3579    27.6333    1445.32    1445.33    -1.0075  1028.1454    34.5228 0.0000e+00
      78579 315.305499 -9.990e-29 -9.990e-29     -1.065    1456.51    105.000    103.962    -0.9997    -0.9977     0.0020    -1.0025    -1.0005     0.0020   2.775933   2.776082   0.000164    34.3562    34.3562     7.5731    27.6318    27.6316    34.3579    27.6331    1445.33    1445.34    -1.0024  1028.1390    34.5210 0.0000e+00
      78602 315.305510 -9.990e-29 -9.990e-29     -1.055    1456.51    104.000    102.972    -0.9957    -0.9951     0.0006    -0.9985    -0.9979     0.0006   2.776201   2.776269   0.000062    34.3559    34.3561     7.5677    27.6313    27.6315    34.3577    27.6328    1445.33    1445.34    -0.9984  1028.1339    34.5208 0.0000e+00
      78623 315.305520 -9.990e-29 -9.990e-29     -1.090    1456.51    103.000    101.982    -0.9884    -0.9872     0.0013    -0.9912    -0.9900     0.0013   2.776681   2.776795   0.000123    34.3548    34.3550     7.5853    27.6302    27.6303    34.3566    27.6316    1445.35    1445.36    -0.9911  1028.1279    34.5197 0.0000e+00
