Pos-Processados/process_op41/operantar41_016.ros
* Sea-Bird SBE 9 Data File:
* FileName = C:\Users\Dell\Desktop\OperantarXLI\config\00_BRUTOS\OPE41016.hdr
* Software Version Seasave V 7.26.7.110
* Temperature SN = 6497
* Conductivity SN = 4954
* Number of Bytes Per Scan = 31
* Number of Voltage Words = 2
* Number of Scans Averaged by the Deck Unit = 1
* NMEA Latitude = 62 09.82 S
* NMEA Longitude = 058 22.39 W
* NMEA UTC (Time) = Nov 09 2022 14:38:16
* NMEA baud rate = 4800
** H41
** Navio Polar Almirante Maximiano
** LH-021/2022
** Operantar XLI
** Número da Estação 0016
** Latitude 62 9,860 S
** Longitude 58 22,350 W
** Data/Hora (Z) 09/11/22 1440Z
** Profundidade local 415 m
** 09-1439
** Nome do Operador CT GARLA
# nquan = 24
# nvalues = 758                                   
# units = specified
# name 0 = scan: Scan Count
# name 1 = timeJ: Julian Days
# name 2 = latitude: Latitude [deg]
# name 3 = longitude: Longitude [deg]
# name 4 = dz/dtM: Descent Rate [m/s]
# name 5 = avgsvCM: Average Sound Velocity [Chen-Millero, m/s]
# name 6 = prDM: Pressure, Digiquartz [db]
# name 7 = depSM: Depth [salt water, m]
# name 8 = t090C: Temperature [ITS-90, deg C]
# name 9 = t190C: Temperature, 2 [ITS-90, deg C]
# name 10 = T2-T190C: Temperature Difference, 2 - 1 [ITS-90, deg C]
# name 11 = potemp090C: Potential Temperature [ITS-90, deg C]
# name 12 = potemp190C: Potential Temperature, 2 [ITS-90, deg C]
# name 13 = potemp90Cdiff: Potential Temperature, Diff, 2 - 1 [ITS-90, deg C]
# name 14 = c0S/m: Conductivity [S/m]
# name 15 = c1S/m: Conductivity, 2 [S/m]
# name 16 = C2-C1S/m: Conductivity Difference, 2 - 1 [S/m]
# name 17 = sal00: Salinity, Practical [PSU]
# name 18 = sal11: Salinity, Practical, 2 [PSU]
# name 19 = sbeox0ML/L: Oxygen, SBE 43 [ml/l]
# name 20 = sigma-é00: Density [sigma-theta, kg/m^3]
# name 21 = sigma-é11: Density, 2 [sigma-theta, kg/m^3]
# name 22 = nbf: Bottles Fired
# name 23 = flag:  0.000e+00
# interval = seconds: 0.0416667
# start_time = Nov 09 2022 14:38:16 [NMEA time, header]
# bad_flag = -9.990e-29
*END*
[from data line 544]
      24882 313.621906  -62.16382  -58.37320      0.001    1450.59      2.095      2.074    -0.0962    -0.0964    -0.0002    -0.0963    -0.0965    -0.0002   2.833978   2.833978 -4.943e-07    34.1811    34.1813     7.4695    27.4500    27.4502         11  0.000e+00
      24883 313.621907  -62.16382  -58.37320      0.002    1450.59      2.038      2.019    -0.0967    -0.0964     0.0003    -0.0967    -0.0965     0.0003   2.833972   2.833943  -0.000029    34.1816    34.1809     7.4688    27.4504    27.4499         11  0.000e+00
      24884 313.621907  -62.16382  -58.37320     -0.002    1450.59      2.038      2.019    -0.0964    -0.0964    -0.0000    -0.0964    -0.0965    -0.0000   2.833950   2.833937  -0.000012    34.1810    34.1808     7.4692    27.4499    27.4498         11  0.000e+00
      24885 313.621908  -62.16382  -58.37320     -0.001    1450.59      2.095      2.074    -0.0964    -0.0966    -0.0002    -0.0964    -0.0966    -0.0002   2.833961   2.833972   0.000011    34.1811    34.1814     7.4696    27.4500    27.4503         11  0.000e+00
      24886 313.621908  -62.16382  -58.37320     -0.001    1450.59      2.038      2.019    -0.0962    -0.0964    -0.0002    -0.0963    -0.0965    -0.0002   2.833989   2.833972  -0.000018    34.1813    34.1813     7.4700    27.4502    27.4502         11  0.000e+00
      24887 313.621909  -62.16382  -58.37320     -0.005    1450.59      2.038      2.019    -0.0965    -0.0966    -0.0001    -0.0966    -0.0966    -0.0001   2.833978   2.834000   0.000022    34.1815    34.1818     7.4705    27.4503    27.4506         11  0.000e+00
      24888 313.621909  -62.16382  -58.37320     -0.005    1450.59      2.078      2.059    -0.0964    -0.0961     0.0003    -0.0964    -0.0961     0.0003   2.833972   2.834035   0.000062    34.1812    34.1817     7.4711    27.4501    27.4505         11  0.000e+00
      24889 313.621910  -62.16382  -58.37320     -0.010    1450.59      2.038      2.019    -0.0962    -0.0954     0.0008    -0.0963    -0.0955     0.0008   2.833972   2.834063   0.000091    34.1811    34.1814     7.4768    27.4500    27.4502         11  0.000e+00
      24890 313.621910  -62.16382  -58.37320     -0.006    1450.59      2.095      2.074    -0.0959    -0.0953     0.0006    -0.0960    -0.0954     0.0006   2.833989   2.834052   0.000063    34.1809    34.1811     7.4710    27.4499    27.4500         11  0.000e+00
      24891 313.621911  -62.16382  -58.37320     -0.009    1450.59      2.038      2.019    -0.0961    -0.0951     0.0009    -0.0961    -0.0952     0.0009   2.833978   2.834006   0.000028    34.1810    34.1803     7.4705    27.4499    27.4494         11  0.000e+00
      24892 313.621911  -62.16382  -58.37320     -0.006    1450.59      2.095      2.074    -0.0962    -0.0954     0.0008    -0.0963    -0.0955     0.0008   2.833950   2.834046   0.000096    34.1807    34.1811     7.4701    27.4497    27.4500         11  0.000e+00
      24893 313.621912  -62.16382  -58.37320     -0.009    1450.59      2.038      2.019    -0.0964    -0.0951     0.0012    -0.0964    -0.0952     0.0012   2.833905   2.834086   0.000182    34.1804    34.1814     7.4697    27.4494    27.4502         11  0.000e+00
      24894 313.621912  -62.16382  -58.37320     -0.009    1450.59      2.038      2.019    -0.0970    -0.0954     0.0015    -0.0970    -0.0955     0.0015   2.833893   2.834058   0.000164    34.1809    34.1813     7.4693    27.4499    27.4502         11  0.000e+00
      24895 313.621913  -62.16382  -58.37320     -0.009    1450.59      2.095      2.074    -0.0973    -0.0954     0.0019    -0.0974    -0.0955     0.0019   2.833893   2.834063   0.000170    34.1812    34.1814     7.4699    27.4502    27.4502         11  0.000e+00
      24896 313.621913  -62.16382  -58.37320     -0.009    1450.59      2.038      2.019    -0.0974    -0.0954     0.0020    -0.0975    -0.0955     0.0020   2.833888   2.834052   0.000164    34.1813    34.1813     7.4705    27.4503    27.4501         11  0.000e+00
      24897 313.621914  -62.16382  -58.37320     -0.012    1450.59      2.038      2.019    -0.0979    -0.0956     0.0023    -0.0980    -0.0957     0.0023   2.833831   2.834000   0.000169    34.1811    34.1808     7.4712    27.4501    27.4497         11  0.000e+00
      24898 313.621914  -62.16382  -58.37320     -0.008    1450.59      2.095      2.074    -0.0976    -0.0958     0.0018    -0.0977    -0.0958     0.0018   2.833831   2.834029   0.000198    34.1807    34.1813     7.4708    27.4498    27.4502         11  0.000e+00
      24899 313.621915  -62.16382  -58.37320     -0.005    1450.59      2.095      2.074    -0.0977    -0.0956     0.0021    -0.0978    -0.0957     0.0021   2.833843   2.834046   0.000204    34.1810    34.1813     7.4705    27.4500    27.4502         11  0.000e+00
      24900 313.621915  -62.16382  -58.37320     -0.009    1450.59      2.022      2.003    -0.0979    -0.0959     0.0020    -0.0980    -0.0960     0.0020   2.833843   2.834063   0.000221    34.1812    34.1820     7.4711    27.4502    27.4507         11  0.000e+00
      24901 313.621916  -62.16382  -58.37320     -0.006    1450.59      2.038      2.019    -0.0979    -0.0956     0.0023    -0.0980    -0.0957     0.0023   2.833814   2.834086   0.000272    34.1809    34.1819     7.4718    27.4499    27.4506         11  0.000e+00
      24902 313.621916  -62.16382  -58.37320     -0.005    1450.59      2.095      2.074    -0.0979    -0.0951     0.0027    -0.0980    -0.0952     0.0027   2.833809   2.834115   0.000306    34.1808    34.1817     7.4716    27.4498    27.4505         11  0.000e+00
      24903 313.621916  -62.16382  -58.37320     -0.005    1450.59      2.038      2.019    -0.0981    -0.0947     0.0034    -0.0981    -0.0948     0.0034   2.833848   2.834104   0.000255    34.1815    34.1811     7.4712    27.4505    27.4500         12  0.000e+00
      24904 313.621917  -62.16382  -58.37320     -0.004    1450.59      2.095      2.074    -0.0976    -0.0951     0.0025    -0.0977    -0.0952     0.0025   2.833882   2.834115   0.000233    34.1814    34.1817     7.4719    27.4503    27.4505         12  0.000e+00
      24905 313.621917  -62.16382  -58.37320     -0.004    1450.59      2.038      2.019    -0.0974    -0.0945     0.0029    -0.0975    -0.0946     0.0029   2.833910   2.834109   0.000199    34.1816    34.1810     7.4716    27.4505    27.4499         12  0.000e+00
      24906 313.621918  -62.16382  -58.37320     -0.004    1450.59      2.095      2.074    -0.0972    -0.0942     0.0031    -0.0973    -0.0943     0.0031   2.833876   2.834178   0.000302    34.1809    34.1815     7.4714    27.4499    27.4503         12  0.000e+00
      24907 313.621918  -62.16382  -58.37320      0.000    1450.59      2.095      2.074    -0.0976    -0.0939     0.0037    -0.0977    -0.0940     0.0037   2.833848   2.834207   0.000358    34.1809    34.1816     7.4712    27.4500    27.4503         12  0.000e+00
      24908 313.621919  -62.16382  -58.37320     -0.003    1450.59      2.038      2.019    -0.0981    -0.0937     0.0043    -0.0981    -0.0938     0.0043   2.833820   2.834241   0.000421    34.1811    34.1819     7.4710    27.4501    27.4505         12  0.000e+00
      24909 313.621919  -62.16382  -58.37320      0.001    1450.59      2.095      2.075    -0.0981    -0.0936     0.0045    -0.0981    -0.0936     0.0045   2.833831   2.834195   0.000364    34.1812    34.1810     7.4708    27.4502    27.4498         12  0.000e+00
      24910 313.621920  -62.16382  -58.37320      0.005    1450.59      2.095      2.075    -0.0979    -0.0937     0.0042    -0.0980    -0.0938     0.0042   2.833860   2.834195   0.000336    34.1814    34.1812     7.4705    27.4504    27.4500         12  0.000e+00
      24911 313.621920  -62.16382  -58.37320      0.002    1450.59      2.038      2.019    -0.0976    -0.0936     0.0040    -0.0977    -0.0936     0.0040   2.833848   2.834161   0.000313    34.1810    34.1806     7.4712    27.4500    27.4495         12  0.000e+00
      24912 313.621921  -62.16382  -58.37320      0.008    1450.59      2.143      2.122    -0.0971    -0.0936     0.0036    -0.0972    -0.0936     0.0036   2.833899   2.834190   0.000290    34.1811    34.1809     7.4710    27.4500    27.4498         12  0.000e+00
      24913 313.621921  -62.16382  -58.37320      0.007    1450.59      2.095      2.075    -0.0967    -0.0936     0.0031    -0.0967    -0.0936     0.0031   2.833955   2.834161   0.000205    34.1813    34.1806     7.4706    27.4502    27.4495         12  0.000e+00
      24914 313.621922  -62.16382  -58.37320      0.011    1450.59      2.095      2.075    -0.0965    -0.0934     0.0030    -0.0966    -0.0935     0.0030   2.833905   2.834207   0.000302    34.1805    34.1811     7.4777    27.4495    27.4499         12  0.000e+00
      24915 313.621922  -62.16382  -58.37320      0.011    1450.59      2.095      2.075    -0.0970    -0.0933     0.0037    -0.0970    -0.0934     0.0037   2.833871   2.834212   0.000342    34.1805    34.1809     7.4796    27.4496    27.4498         12  0.000e+00
      24916 313.621923  -62.16382  -58.37320      0.014    1450.59      2.095      2.075    -0.0967    -0.0936     0.0031    -0.0967    -0.0936     0.0031   2.833865   2.834161   0.000296    34.1801    34.1806     7.4804    27.4493    27.4495         12  0.000e+00
      24917 313.621923  -62.16382  -58.37320      0.017    1450.59      2.095      2.075    -0.0962    -0.0941     0.0021    -0.0963    -0.0941     0.0021   2.833922   2.834109   0.000188    34.1803    34.1805     7.4810    27.4494    27.4494         12  0.000e+00
      24918 313.621924  -62.16382  -58.37320      0.017    1450.59      2.095      2.075    -0.0951    -0.0941     0.0011    -0.0952    -0.0941     0.0011   2.834006   2.834155   0.000149    34.1803    34.1811     7.4814    27.4493    27.4499         12  0.000e+00
      24919 313.621924  -62.16382  -58.37320      0.017    1450.59      2.095      2.075    -0.0947    -0.0936     0.0011    -0.0947    -0.0936     0.0011   2.834063   2.834161   0.000098    34.1805    34.1806     7.4820    27.4495    27.4495         12  0.000e+00
      24920 313.621925  -62.16382  -58.37320      0.023    1450.59      2.151      2.130    -0.0943    -0.0937     0.0006    -0.0944    -0.0938     0.0006   2.834040   2.834149   0.000109    34.1798    34.1806     7.4836    27.4489    27.4495         12  0.000e+00
      24921 313.621925  -62.16382  -58.37320      0.026    1450.59      2.151      2.130    -0.0947    -0.0939     0.0008    -0.0947    -0.0940     0.0008   2.834006   2.834149   0.000143    34.1797    34.1808     7.4843    27.4488    27.4497         12  0.000e+00
      24922 313.621926  -62.16382  -58.37320      0.029    1450.59      2.095      2.075    -0.0947    -0.0944     0.0003    -0.0947    -0.0944     0.0003   2.834034   2.834132   0.000098    34.1801    34.1811     7.4848    27.4492    27.4499         12  0.000e+00
      24923 313.621926  -62.16382  -58.37320      0.031    1450.59      2.151      2.130    -0.0947    -0.0947    -0.0000    -0.0947    -0.0948    -0.0000   2.834085   2.834104   0.000018    34.1808    34.1811     7.4864    27.4497    27.4499         12  0.000e+00
      24924 313.621927  -62.16382  -58.37320      0.033    1450.59      2.143      2.122    -0.0944    -0.0951    -0.0008    -0.0945    -0.0952    -0.0008   2.834063   2.834035  -0.000028    34.1802    34.1806     7.4869    27.4492    27.4496         12  0.000e+00
      24925 313.621927  -62.16382  -58.37320      0.037    1450.59      2.151      2.130    -0.0948    -0.0954    -0.0006    -0.0949    -0.0955    -0.0006   2.834034   2.834018  -0.000017    34.1802    34.1807     7.4812    27.4493    27.4497         12  0.000e+00
      24926 313.621928  -62.16382  -58.37320      0.039    1450.59      2.151      2.130    -0.0947    -0.0956    -0.0009    -0.0947    -0.0957    -0.0009   2.834046   2.833978  -0.000068    34.1803    34.1804     7.4869    27.4493    27.4494         12  0.000e+00
      24927 313.621928  -62.16382  -58.37320      0.044    1450.59      2.151      2.130    -0.0945    -0.0961    -0.0016    -0.0946    -0.0961    -0.0016   2.834068   2.834000  -0.000068    34.1804    34.1812     7.4811    27.4493    27.4501         12  0.000e+00
      24928 313.621929  -62.16382  -58.37320      0.049    1450.59      2.151      2.130    -0.0942    -0.0959    -0.0017    -0.0943    -0.0960    -0.0017   2.834074   2.833978  -0.000096    34.1801    34.1808     7.4868    27.4491    27.4497         12  0.000e+00
      24929 313.621929  -62.16382  -58.37320      0.050    1450.59      2.151      2.130    -0.0942    -0.0961    -0.0018    -0.0943    -0.0961    -0.0018   2.834057   2.834000  -0.000057    34.1799    34.1812     7.4809    27.4489    27.4501         12  0.000e+00
      24930 313.621929  -62.16382  -58.37320      0.051    1450.59      2.151      2.130    -0.0940    -0.0966    -0.0025    -0.0941    -0.0966    -0.0025   2.834051   2.833955  -0.000097    34.1796    34.1812     7.4866    27.4487    27.4501         12  0.000e+00
      24931 313.621930  -62.16382  -58.37320      0.059    1450.59      2.215      2.194    -0.0942    -0.0968    -0.0026    -0.0943    -0.0969    -0.0026   2.834051   2.833937  -0.000114    34.1798    34.1812     7.4871    27.4489    27.4502         12  0.000e+00
      24932 313.621930  -62.16382  -58.37320      0.059    1450.59      2.151      2.130    -0.0942    -0.0970    -0.0028    -0.0943    -0.0971    -0.0028   2.834068   2.833937  -0.000131    34.1800    34.1814     7.4810    27.4491    27.4503         12  0.000e+00
      24933 313.621931  -62.16382  -58.37320      0.060    1450.59      2.151      2.130    -0.0951    -0.0972    -0.0020    -0.0952    -0.0973    -0.0020   2.834057   2.833955  -0.000102    34.1809    34.1819     7.4868    27.4498    27.4507         12  0.000e+00
      24934 313.621931  -62.16382  -58.37320      0.067    1450.59      2.215      2.194    -0.0951    -0.0968    -0.0017    -0.0952    -0.0969    -0.0017   2.834035   2.833966  -0.000068    34.1806    34.1816     7.4872    27.4496    27.4505         12  0.000e+00
      24935 313.621932  -62.16382  -58.37320      0.066    1450.59      2.151      2.130    -0.0950    -0.0967    -0.0017    -0.0950    -0.0967    -0.0017   2.834063   2.833983  -0.000079    34.1808    34.1817     7.4810    27.4497    27.4505         12  0.000e+00
      24936 313.621932  -62.16382  -58.37320      0.068    1450.59      2.199      2.178    -0.0947    -0.0966    -0.0019    -0.0947    -0.0966    -0.0019   2.834097   2.833972  -0.000125    34.1809    34.1814     7.4866    27.4498    27.4503         12  0.000e+00
      24937 313.621933  -62.16382  -58.37320      0.070    1450.59      2.151      2.130    -0.0945    -0.0966    -0.0021    -0.0946    -0.0966    -0.0021   2.834080   2.833943  -0.000136    34.1805    34.1810     7.4867    27.4495    27.4500         12  0.000e+00
      24938 313.621933  -62.16382  -58.37320      0.068    1450.59      2.151      2.130    -0.0940    -0.0967    -0.0026    -0.0941    -0.0967    -0.0026   2.834074   2.833915  -0.000159    34.1799    34.1808     7.4815    27.4490    27.4498         12  0.000e+00
      24939 313.621934  -62.16382  -58.37320      0.074    1450.59      2.215      2.194    -0.0937    -0.0962    -0.0025    -0.0938    -0.0963    -0.0025   2.834097   2.833909  -0.000188    34.1798    34.1801     7.4807    27.4489    27.4492         12  0.000e+00
      24940 313.621934  -62.16382  -58.37320      0.072    1450.59      2.151      2.130    -0.0940    -0.0962    -0.0022    -0.0941    -0.0963    -0.0022   2.834063   2.833949  -0.000114    34.1798    34.1807     7.4863    27.4488    27.4497         12  0.000e+00
