Pos-Processados/process_op41/operantar41_022.cnv
* Sea-Bird SBE 9 Data File:
* FileName = C:\Users\Dell\Desktop\OperantarXLI\config\00_BRUTOS\OPE41022.hdr
* Software Version Seasave V 7.26.7.110
* Temperature SN = 6497
* Conductivity SN = 4954
* Number of Bytes Per Scan = 34
* Number of Voltage Words = 3
* Number of Scans Averaged by the Deck Unit = 1
* NMEA Latitude = 59 45.37 S
* NMEA Longitude = 062 03.38 W
* NMEA UTC (Time) = Nov 14 2022 23:10:24
* NMEA baud rate = 4800
** H41
** Navio Polar Almirante Maximiano
** LH-021/2022
** Operantar XLI
** Número da Estação 022
** Latitude 59 45.358'S
** Longitude 062 03.362'W
** Data/Hora (Z) 14/11/2022 23:11
** Profundidade local 4103 m
** 09-1439
** Nome do Operador CT Garla
# nquan = 30
# nvalues = 4519                        
# units = specified
# name 0 = scan: Scan Count
# name 1 = timeJ: Julian Days
# name 2 = latitude: Latitude [deg]
# name 3 = longitude: Longitude [deg]
# name 4 = dz/dtM: Descent Rate [m/s]
# name 5 = avgsvCM: Average Sound Velocity [Chen-Millero, m/s]
# name 6 = prDM: Pressure, Digiquartz [db]
# name 7 = depSM: Depth [salt water, m]
# name 8 = t090C: Temperature [ITS-90, deg C]
# name 9 = t190C: Temperature, 2 [ITS-90, deg C]
# name 10 = T2-T190C: Temperature Difference, 2 - 1 [ITS-90, deg C]
# name 11 = potemp090C: Potential Temperature [ITS-90, deg C]
# name 12 = potemp190C: Potential Temperature, 2 [ITS-90, deg C]
# name 13 = potemp90Cdiff: Potential Temperature, Diff, 2 - 1 [ITS-90, deg C]
# name 14 = c0S/m: Conductivity [S/m]
# name 15 = c1S/m: Conductivity, 2 [S/m]
# name 16 = C2-C1S/m: Conductivity Difference, 2 - 1 [S/m]
# name 17 = sal00: Salinity, Practical [PSU]
# name 18 = sal11: Salinity, Practical, 2 [PSU]
# name 19 = sbeox0ML/L: Oxygen, SBE 43 [ml/l]
# name 20 = sigma-é00: Density [sigma-theta, kg/m^3]
# name 21 = sigma-é11: Density, 2 [sigma-theta, kg/m^3]
# name 22 = sal00: Salinity, Practical [PSU]
# name 23 = sigma-é00: Density [sigma-theta, kg/m^3]
# name 24 = svCM: Sound Velocity [Chen-Millero, m/s]
# name 25 = svCM1: Sound Velocity, 2 [Chen-Millero, m/s]
# name 26 = gsw_ptA0: potential temperature [ITS-90, deg C]
# name 27 = gsw_densityA0: density, TEOS-10 [density, kg/m^3]
# name 28 = gsw_saA0: Absolute Salinity [g/kg]
# name 29 = flag:
# span 0 =       2526,     133319       
# span 1 = 318.966773, 319.029849       
# span 2 =  -59.76978,  -59.75652       
# span 3 =  -62.06556,  -62.05671       
# span 4 =     -1.888,      1.574       
# span 5 =      -0.01,    1474.45       
# span 6 =      0.000,   2260.000       
# span 7 =      0.000,   2226.719       
# span 8 =    -0.6128,     2.2187       
# span 9 =    -0.6126,     2.2184       
# span 10 =    -0.0207,     0.1637      
# span 11 =    -0.6163,     2.1985      
# span 12 =    -0.6161,     2.1982      
# span 13 =    -0.0207,     0.1635      
# span 14 =   2.765907,   3.095961      
# span 15 =   2.765957,   3.095949      
# span 16 =  -0.001706,   0.016465      
# span 17 =    33.7142,    34.7244      
# span 18 =    33.7145,    34.7241      
# span 19 =     3.7800,     8.0254      
# span 20 =    27.0360,    27.8242      
# span 21 =    27.0363,    27.8240      
# span 22 =    33.7144,    34.7243      
# span 23 =    27.0366,    27.8240      
# span 24 =    1446.46,    1490.84      
# span 25 =    1446.46,    1490.84      
# span 26 =    -0.6162,     2.1985      
# span 27 =  1027.0393,  1038.2720      
# span 28 =    33.8739,    34.8971      
# span 29 = 0.0000e+00, 0.0000e+00      
# interval = decibars: 1                
# start_time = Nov 14 2022 23:10:24 [NMEA time, header]
# bad_flag = -9.990e-29
*END*
[from data line 4061]
     111683 319.019415  -59.76762  -62.06386     -0.919    1474.40    457.000    452.200     2.1791     2.1788    -0.0003     2.1530     2.1526    -0.0003   3.081433   3.081422  -0.000009    34.5900    34.5903     3.8095    27.6310    27.6312    34.5900    27.6310    1465.81    1465.81     2.1530  1029.7732    34.7576 0.0000e+00
     111712 319.019429  -59.76764  -62.06386     -0.854    1474.40    456.000    451.212     2.1797     2.1795    -0.0002     2.1536     2.1535    -0.0002   3.081406   3.081380  -0.000028    34.5896    34.5894     3.8139    27.6305    27.6304    34.5896    27.6305    1465.80    1465.79     2.1537  1029.7681    34.7572 0.0000e+00
     111741 319.019443  -59.76764  -62.06386     -0.823    1474.40    455.000    450.223     2.1823     2.1818    -0.0004     2.1563     2.1558    -0.0004   3.081365   3.081355  -0.000010    34.5868    34.5871     3.8125    27.6281    27.6284    34.5869    27.6282    1465.79    1465.79     2.1563  1029.7605    34.7538 0.0000e+00
     111769 319.019456 -9.990e-29  -62.06386     -0.843    1474.40    454.000    449.235     2.1836     2.1833    -0.0003     2.1577     2.1574    -0.0003   3.081317   3.081309  -0.000008    34.5853    34.5855     3.8077    27.6268    27.6270    34.5854    27.6269    1465.78    1465.77     2.1577  1029.7515    34.7485 0.0000e+00
     111797 319.019470 -9.990e-29  -62.06388     -0.856    1474.40    453.000    448.246     2.1840     2.1839    -0.0002     2.1582     2.1580    -0.0002   3.081261   3.081241  -0.000018    34.5846    34.5846     3.8105    27.6262    27.6262    34.5848    27.6263    1465.76    1465.76     2.1581  1029.7463    34.7478 0.0000e+00
     111825 319.019483 -9.990e-29  -62.06388     -0.848    1474.40    452.000    447.258     2.1852     2.1850    -0.0002     2.1594     2.1592    -0.0002   3.081220   3.081204  -0.000018    34.5834    34.5834     3.8115    27.6252    27.6252    34.5836    27.6253    1465.75    1465.75     2.1594  1029.7406    34.7466 0.0000e+00
     111851 319.019495  -59.76766  -62.06388     -0.901    1474.40    451.000    446.270     2.1865     2.1862    -0.0003     2.1608     2.1605    -0.0003   3.081186   3.081165  -0.000019    34.5821    34.5822     3.8144    27.6240    27.6241    34.5822    27.6241    1465.73    1465.73     2.1607  1029.7364    34.7474 0.0000e+00
     111874 319.019507  -59.76766  -62.06388     -0.996    1474.40    450.000    445.281     2.1872     2.1869    -0.0003     2.1615     2.1612    -0.0003   3.081146   3.081131  -0.000018    34.5814    34.5815     3.8131    27.6234    27.6235    34.5816    27.6235    1465.72    1465.72     2.1615  1029.7330    34.7491 0.0000e+00
     111897 319.019518  -59.76766  -62.06388     -1.051    1474.40    449.000    444.293     2.1877     2.1873    -0.0003     2.1620     2.1617    -0.0003   3.081100   3.081076  -0.000023    34.5810    34.5811     3.8077    27.6230    27.6231    34.5811    27.6231    1465.71    1465.70     2.1620  1029.7279    34.7486 0.0000e+00
     111930 319.019534  -59.76766  -62.06388     -0.827    1474.40    448.000    443.307     2.1877     2.1864    -0.0013     2.1621     2.1608    -0.0013   3.081033   3.081020  -0.000012    34.5807    34.5819     3.8095    27.6228    27.6239    34.5808    27.6228    1465.69    1465.68     2.1621  1029.7230    34.7483 0.0000e+00
     111983 319.019559  -59.76766  -62.06389     -0.403    1474.40    447.000    442.310     2.1877     2.1873    -0.0003     2.1621     2.1618    -0.0003   3.080974   3.080962  -0.000012    34.5805    34.5808     3.8132    27.6226    27.6228    34.5806    27.6227    1465.67    1465.67     2.1621  1029.7182    34.7481 0.0000e+00
     112015 319.019575  -59.76766  -62.06390     -0.654    1474.40    446.000    441.327     2.1878     2.1876    -0.0002     2.1623     2.1621    -0.0002   3.080909   3.080899  -0.000014    34.5803    34.5803     3.8109    27.6224    27.6224    34.5802    27.6224    1465.66    1465.65     2.1623  1029.7132    34.7477 0.0000e+00
     112036 319.019585  -59.76768  -62.06390     -0.960    1474.40    445.000    440.339     2.1879     2.1876    -0.0003     2.1625     2.1622    -0.0003   3.080862   3.080850  -0.000010    34.5800    34.5803     3.8129    27.6222    27.6224    34.5801    27.6222    1465.64    1465.64     2.1625  1029.7085    34.7476 0.0000e+00
     112054 319.019594  -59.76768  -62.06390     -1.179    1474.40    444.000    439.350     2.1878     2.1876    -0.0002     2.1624     2.1622    -0.0002   3.080803   3.080795  -0.000009    34.5800    34.5801     3.8159    27.6222    27.6223    34.5800    27.6222    1465.62    1465.62     2.1624  1029.7057    34.7500 0.0000e+00
     112074 319.019603  -59.76768 -9.990e-29     -1.268    1474.40    443.000    438.362     2.1878     2.1876    -0.0002     2.1625     2.1623    -0.0002   3.080741   3.080738  -0.000006    34.5798    34.5800     3.8149    27.6220    27.6222    34.5798    27.6220    1465.61    1465.61     2.1625  1029.7020    34.7512 0.0000e+00
     112095 319.019613  -59.76768 -9.990e-29     -1.191    1474.40    442.000    437.373     2.1876     2.1875    -0.0002     2.1624     2.1622    -0.0002   3.080664   3.080662 -1.737e-07    34.5796    34.5797     3.8177    27.6218    27.6220    34.5796    27.6218    1465.59    1465.59     2.1624  1029.6972    34.7510 0.0000e+00
     112120 319.019625  -59.76768 -9.990e-29     -1.041    1474.40    441.000    436.385     2.1873     2.1873    -0.0001     2.1622     2.1621    -0.0001   3.080592   3.080589  -0.000006    34.5796    34.5796     3.8092    27.6218    27.6219    34.5795    27.6218    1465.57    1465.57     2.1622  1029.6925    34.7509 0.0000e+00
     112147 319.019638  -59.76768  -62.06392     -0.915    1474.40    440.000    435.397     2.1872     2.1871    -0.0001     2.1621     2.1620    -0.0001   3.080535   3.080521  -0.000010    34.5795    34.5795     3.8078    27.6218    27.6218    34.5795    27.6218    1465.55    1465.55     2.1621  1029.6867    34.7495 0.0000e+00
     112182 319.019655  -59.76768  -62.06392     -0.746    1474.40    439.000    434.408     2.1870     2.1870    -0.0000     2.1620     2.1620    -0.0000   3.080480   3.080469  -0.000012    34.5796    34.5795     3.8153    27.6219    27.6218    34.5796    27.6219    1465.54    1465.54     2.1620  1029.6802    34.7472 0.0000e+00
     112226 319.019676  -59.76768  -62.06392     -0.523    1474.40    438.000    433.420     2.1871     2.1870    -0.0001     2.1621     2.1620    -0.0001   3.080418   3.080410  -0.000008    34.5793    34.5793     3.8177    27.6216    27.6217    34.5793    27.6216    1465.52    1465.52     2.1621  1029.6752    34.7468 0.0000e+00
     112257 319.019691  -59.76770  -62.06392     -0.690    1474.40    437.000    432.431     2.1879     2.1877    -0.0002     2.1630     2.1628    -0.0002   3.080381   3.080374  -0.000004    34.5785    34.5787     3.8146    27.6209    27.6210    34.5785    27.6209    1465.51    1465.50     2.1630  1029.6699    34.7460 0.0000e+00
     112280 319.019703  -59.76770  -62.06392     -0.929    1474.40    436.000    431.442     2.1900     2.1895    -0.0004     2.1651     2.1647    -0.0004   3.080334   3.080322  -0.000010    34.5762    34.5765     3.8177    27.6189    27.6192    34.5763    27.6190    1465.50    1465.49     2.1651  1029.6632    34.7437 0.0000e+00
     112302 319.019713  -59.76770  -62.06392     -1.067    1474.40    435.000    430.454     2.1914     2.1910    -0.0004     2.1666     2.1662    -0.0004   3.080292   3.080282  -0.000012    34.5746    34.5749     3.8154    27.6175    27.6178    34.5747    27.6176    1465.48    1465.48     2.1666  1029.6572    34.7421 0.0000e+00
     112329 319.019726  -59.76770  -62.06392     -0.987    1474.40    434.000    429.465     2.1920     2.1917    -0.0004     2.1673     2.1669    -0.0004   3.080233   3.080223  -0.000008    34.5738    34.5741     3.8174    27.6168    27.6171    34.5739    27.6169    1465.47    1465.47     2.1673  1029.6518    34.7413 0.0000e+00
     112360 319.019741  -59.76770  -62.06394     -0.788    1474.40    433.000    428.477     2.1917     2.1917    -0.0000     2.1670     2.1670    -0.0000   3.080093   3.080116   0.000019    34.5731    34.5734     3.8141    27.6163    27.6165    34.5730    27.6162    1465.45    1465.45     2.1670  1029.6465    34.7405 0.0000e+00
     112389 319.019755  -59.76770  -62.06394     -0.803    1474.40    432.000    427.488     2.1909     2.1909    -0.0001     2.1663     2.1662    -0.0001   3.079857   3.079877   0.000023    34.5715    34.5719     3.8149    27.6151    27.6154    34.5715    27.6151    1465.43    1465.43     2.1663  1029.6407    34.7390 0.0000e+00
     112413 319.019766  -59.76770  -62.06394     -0.932    1474.40    431.000    426.500     2.1920     2.1916    -0.0005     2.1675     2.1670    -0.0005   3.079836   3.079823  -0.000011    34.5706    34.5709     3.8168    27.6142    27.6145    34.5706    27.6142    1465.41    1465.41     2.1675  1029.6352    34.7380 0.0000e+00
     112435 319.019777  -59.76770  -62.06394     -1.041    1474.40    430.000    425.512     2.1929     2.1925    -0.0004     2.1684     2.1680    -0.0004   3.079804   3.079790  -0.000014    34.5698    34.5700     3.8175    27.6135    27.6137    34.5698    27.6135    1465.40    1465.40     2.1684  1029.6298    34.7372 0.0000e+00
     112457 319.019788  -59.76771  -62.06394     -1.083    1474.40    429.000    424.523     2.1933     2.1930    -0.0003     2.1689     2.1685    -0.0003   3.079756   3.079737  -0.000019    34.5693    34.5694     3.8207    27.6131    27.6132    34.5693    27.6131    1465.39    1465.38     2.1689  1029.6247    34.7367 0.0000e+00
     112481 319.019799  -59.76772  -62.06394     -1.052    1474.40    428.000    423.534     2.1942     2.1938    -0.0004     2.1698     2.1694    -0.0004   3.079699   3.079684  -0.000013    34.5682    34.5685     3.8167    27.6121    27.6123    34.5683    27.6122    1465.37    1465.37     2.1698  1029.6191    34.7356 0.0000e+00
     112511 319.019814  -59.76772  -62.06395     -0.872    1474.40    427.000    422.546     2.1944     2.1938    -0.0007     2.1701     2.1694    -0.0007   3.079628   3.079641   0.000011    34.5676    34.5685     3.8157    27.6116    27.6124    34.5677    27.6117    1465.36    1465.35     2.1701  1029.6140    34.7350 0.0000e+00
     112557 319.019836  -59.76772  -62.06396     -0.501    1474.40    426.000    421.557     2.1949     2.1943    -0.0005     2.1706     2.1701    -0.0005   3.079578   3.079571  -0.000005    34.5671    34.5676     3.8160    27.6111    27.6116    34.5671    27.6112    1465.34    1465.34     2.1706  1029.6088    34.7345 0.0000e+00
     112591 319.019852  -59.76772  -62.06396     -0.649    1474.40    425.000    420.568     2.1955     2.1953    -0.0001     2.1713     2.1711    -0.0001   3.079534   3.079511  -0.000022    34.5664    34.5663     3.8176    27.6106    27.6105    34.5665    27.6106    1465.33    1465.32     2.1713  1029.6036    34.7338 0.0000e+00
     112614 319.019863  -59.76772  -62.06396     -0.915    1474.40    424.000    419.580     2.1955     2.1952    -0.0003     2.1714     2.1711    -0.0003   3.079435   3.079420  -0.000015    34.5657    34.5659     3.8213    27.6100    27.6101    34.5657    27.6100    1465.31    1465.31     2.1714  1029.5984    34.7331 0.0000e+00
     112638 319.019875  -59.76772  -62.06396     -1.027    1474.40    423.000    418.592     2.1964     2.1961    -0.0003     2.1723     2.1720    -0.0003   3.079414   3.079401  -0.000013    34.5650    34.5652     3.8158    27.6094    27.6095    34.5651    27.6095    1465.30    1465.29     2.1723  1029.5931    34.7325 0.0000e+00
     112671 319.019891  -59.76772  -62.06398     -0.802    1474.40    422.000    417.603     2.1966     2.1961    -0.0005     2.1726     2.1721    -0.0005   3.079261   3.079281   0.000020    34.5636    34.5643     3.8191    27.6082    27.6088    34.5636    27.6082    1465.28    1465.28     2.1726  1029.5872    34.7309 0.0000e+00
     112706 319.019908  -59.76773  -62.06398     -0.645    1474.40    421.000    416.614     2.1966     2.1966    -0.0000     2.1726     2.1726    -0.0000   3.079189   3.079183  -0.000007    34.5631    34.5631     3.8191    27.6078    27.6078    34.5632    27.6079    1465.26    1465.26     2.1726  1029.5822    34.7305 0.0000e+00
     112730 319.019919  -59.76774  -62.06398     -0.851    1474.40    420.000    415.626     2.1969     2.1966    -0.0003     2.1730     2.1727    -0.0003   3.079128   3.079113  -0.000015    34.5627    34.5628     3.8252    27.6074    27.6076    34.5627    27.6074    1465.25    1465.24     2.1730  1029.5771    34.7300 0.0000e+00
     112748 319.019928  -59.76774  -62.06398     -1.106    1474.40    419.000    414.637     2.1969     2.1966    -0.0003     2.1730     2.1728    -0.0003   3.079058   3.079050  -0.000008    34.5624    34.5626     3.8301    27.6073    27.6074    34.5623    27.6072    1465.23    1465.23     2.1731  1029.5722    34.7297 0.0000e+00
     112765 319.019936  -59.76774  -62.06398     -1.295    1474.40    418.000    413.648     2.1968     2.1965    -0.0003     2.1730     2.1727    -0.0003   3.078981   3.078972  -0.000011    34.5622    34.5623     3.8292    27.6070    27.6072    34.5621    27.6070    1465.21    1465.21     2.1730  1029.5673    34.7294 0.0000e+00
     112784 319.019945  -59.76774  -62.06398     -1.376    1474.40    417.000    412.660     2.1965     2.1965    -0.0001     2.1728     2.1727    -0.0001   3.078894   3.078907   0.000010    34.5619    34.5622     3.8271    27.6069    27.6070    34.5618    27.6068    1465.19    1465.19     2.1728  1029.5624    34.7291 0.0000e+00
     112811 319.019959  -59.76776  -62.06400     -1.076    1474.40    416.000    411.680     2.1961     2.1963     0.0002     2.1724     2.1727     0.0002   3.078777   3.078872   0.000091    34.5614    34.5623     3.8236    27.6065    27.6072    34.5614    27.6064    1465.17    1465.18     2.1724  1029.5575    34.7287 0.0000e+00
     112871 319.019988  -59.76776  -62.06400     -0.294    1474.40    415.000    410.676     2.1959     2.1961     0.0002     2.1723     2.1725     0.0002   3.078629   3.078696   0.000068    34.5604    34.5610     3.8230    27.6057    27.6061    34.5603    27.6056    1465.16    1465.16     2.1723  1029.5520    34.7276 0.0000e+00
     112904 319.020004  -59.76774  -62.06400     -0.623    1474.40    414.000    409.694     2.1956     2.1954    -0.0001     2.1720     2.1719    -0.0001   3.078510   3.078508   0.000007    34.5599    34.5601     3.8283    27.6053    27.6055    34.5598    27.6052    1465.14    1465.14     2.1720  1029.5469    34.7271 0.0000e+00
     112925 319.020013  -59.76774  -62.06400     -0.983    1474.40    413.000    408.706     2.1952     2.1950    -0.0001     2.1717     2.1715    -0.0001   3.078397   3.078390  -0.000010    34.5595    34.5596     3.8291    27.6050    27.6051    34.5594    27.6049    1465.12    1465.12     2.1717  1029.5420    34.7267 0.0000e+00
     112945 319.020023  -59.76776  -62.06400     -1.174    1474.40    412.000    407.717     2.1947     2.1945    -0.0002     2.1713     2.1711    -0.0002   3.078279   3.078283   0.000007    34.5591    34.5594     3.8251    27.6047    27.6049    34.5589    27.6045    1465.10    1465.10     2.1713  1029.5370    34.7262 0.0000e+00
     112967 319.020034  -59.76776  -62.06401     -1.153    1474.40    411.000    406.728     2.1941     2.1939    -0.0001     2.1707     2.1706    -0.0001   3.078158   3.078147  -0.000012    34.5588    34.5588     3.8263    27.6045    27.6045    34.5586    27.6044    1465.08    1465.08     2.1707  1029.5321    34.7259 0.0000e+00
