Pos-Processados/process_op41/operantar41_003.cnv
* Sea-Bird SBE 9 Data File:
* FileName = C:\Users\Dell\Desktop\Operantar XLI\Raw\OP41003.hdr
* Software Version Seasave V 7.26.7.110
* Temperature SN = 6497
* Conductivity SN = 4954
* Number of Bytes Per Scan = 31
* Number of Voltage Words = 2
* Number of Scans Averaged by the Deck Unit = 1
* NMEA Latitude = 37 44.65 S
* NMEA Longitude = 048 37.45 W
* NMEA UTC (Time) = Oct 18 2022 02:57:07
* NMEA baud rate = 4800
** H41
** Navio Polar Almirante Maximiano
** LH-021/2022
** Operantar XLI
** Número da Estação 003
** Latitude 37ª44.632S
** Longitude 048ª37.496W
** Data/Hora (Z) 18/10/2022 0257Z
** Profundidade local 5500
** 09-1439
** Nome do Operador 1T FILIPE LOPES
# nquan = 30
# nvalues = 2029                        
# units = specified
# name 0 = scan: Scan Count
# name 1 = timeJ: Julian Days
# name 2 = latitude: Latitude [deg]
# name 3 = longitude: Longitude [deg]
# name 4 = dz/dtM: Descent Rate [m/s]
# name 5 = avgsvCM: Average Sound Velocity [Chen-Millero, m/s]
# name 6 = prDM: Pressure, Digiquartz [db]
# name 7 = depSM: Depth [salt water, m]
# name 8 = t090C: Temperature [ITS-90, deg C]
# name 9 = t190C: Temperature, 2 [ITS-90, deg C]
# name 10 = T2-T190C: Temperature Difference, 2 - 1 [ITS-90, deg C]
# name 11 = potemp090C: Potential Temperature [ITS-90, deg C]
# name 12 = potemp190C: Potential Temperature, 2 [ITS-90, deg C]
# name 13 = potemp90Cdiff: Potential Temperature, Diff, 2 - 1 [ITS-90, deg C]
# name 14 = c0S/m: Conductivity [S/m]
# name 15 = c1S/m: Conductivity, 2 [S/m]
# name 16 = C2-C1S/m: Conductivity Difference, 2 - 1 [S/m]
# name 17 = sal00: Salinity, Practical [PSU]
# name 18 = sal11: Salinity, Practical, 2 [PSU]
# name 19 = sbeox0ML/L: Oxygen, SBE 43 [ml/l]
# name 20 = sigma-é00: Density [sigma-theta, kg/m^3]
# name 21 = sigma-é11: Density, 2 [sigma-theta, kg/m^3]
# name 22 = sal00: Salinity, Practical [PSU]
# name 23 = sigma-é00: Density [sigma-theta, kg/m^3]
# name 24 = svCM: Sound Velocity [Chen-Millero, m/s]
# name 25 = svCM1: Sound Velocity, 2 [Chen-Millero, m/s]
# name 26 = gsw_ptA0: potential temperature [ITS-90, deg C]
# name 27 = gsw_densityA0: density, TEOS-10 [density, kg/m^3]
# name 28 = gsw_saA0: Absolute Salinity [g/kg]
# name 29 = flag:
# span 0 =       4712,      64521       
# span 1 = 291.125269, 291.154113       
# span 2 =  -37.74781,  -37.74434       
# span 3 =  -48.62373,  -48.61774       
# span 4 =     -2.057,      1.650       
# span 5 =       0.00,    1529.66       
# span 6 =      4.000,   1018.000       
# span 7 =      3.981,   1007.909       
# span 8 =     3.4357,    14.5218       
# span 9 =     3.4358,    14.5221       
# span 10 =    -0.1263,     0.1010      
# span 11 =     3.3635,    14.5004      
# span 12 =     3.3636,    14.5007      
# span 13 =    -0.1260,     0.1007      
# span 14 =   3.184004,   4.317189      
# span 15 =   3.184013,   4.317172      
# span 16 =  -0.013556,   0.009986      
# span 17 =    34.1464,    35.6075      
# span 18 =    34.1470,    35.6068      
# span 19 =     4.7707,     6.2812      
# span 20 =    26.3194,    27.2407      
# span 21 =    26.3188,    27.2408      
# span 22 =    34.1461,    35.6081      
# span 23 =    26.3194,    27.2407      
# span 24 =    1478.88,    1508.31      
# span 25 =    1478.88,    1508.31      
# span 26 =     3.3633,    14.5004      
# span 27 =  1026.3421,  1031.9455      
# span 28 =    34.3084,    35.7762      
# span 29 = 0.0000e+00, 0.0000e+00      
# interval = decibars: 1                
# start_time = Oct 18 2022 02:57:07 [NMEA time, header]
# bad_flag = -9.990e-29
*END*
[from data line 677]
      21198 291.133220  -37.74540 -9.990e-29      1.587    1494.47    681.000    674.809     4.8208     4.8222     0.0014     4.7670     4.7683     0.0013   3.289669   3.289817   0.000138    34.1864    34.1866     5.7924    27.0566    27.0566    34.1857    27.0561    1480.15    1480.15     4.7668  1030.1907    34.3483 0.0000e+00
      21252 291.133246  -37.74540  -48.62208      0.503    1494.47    682.000    675.797     4.8198     4.8207     0.0009     4.7658     4.7667     0.0009   3.289630   3.289709   0.000076    34.1861    34.1860     5.7451    27.0565    27.0563    34.1859    27.0563    1480.16    1480.16     4.7657  1030.1954    34.3484 0.0000e+00
      21297 291.133268  -37.74540  -48.62208      0.561    1494.47    683.000    676.789     4.8200     4.8204     0.0004     4.7660     4.7664     0.0004   3.289748   3.289766   0.000025    34.1865    34.1864     5.7307    27.0568    27.0567    34.1865    27.0568    1480.18    1480.18     4.7659  1030.2003    34.3488 0.0000e+00
      21320 291.133279  -37.74540  -48.62208      0.901    1494.47    684.000    677.778     4.8154     4.8158     0.0004     4.7613     4.7617     0.0004   3.289281   3.289274  -0.000006    34.1866    34.1861     5.7389    27.0573    27.0570    34.1853    27.0564    1480.17    1480.17     4.7612  1030.2045    34.3476 0.0000e+00
      21338 291.133288  -37.74540  -48.62208      1.131    1494.47    685.000    678.768     4.8038     4.8040     0.0002     4.7497     4.7499     0.0002   3.288188   3.288140  -0.000045    34.1861    34.1854     5.7385    27.0583    27.0577    34.1840    27.0566    1480.14    1480.14     4.7496  1030.2096    34.3463 0.0000e+00
      21354 291.133295  -37.74540  -48.62208      1.329    1494.47    686.000    679.757     4.7899     4.7900     0.0001     4.7358     4.7359     0.0001   3.286839   3.286808  -0.000042    34.1847    34.1841     5.7311    27.0587    27.0582    34.1822    27.0567    1480.10    1480.10     4.7356  1030.2145    34.3444 0.0000e+00
      21369 291.133303  -37.74540  -48.62208      1.478    1494.47    687.000    680.746     4.7748     4.7749     0.0001     4.7207     4.7208     0.0001   3.285669   3.285575  -0.000067    34.1846    34.1838     5.7280    27.0604    27.0597    34.1836    27.0596    1480.05    1480.05     4.7205  1030.2222    34.3459 0.0000e+00
      21384 291.133310  -37.74540  -48.62208      1.566    1494.47    688.000    681.735     4.7795     4.7798     0.0002     4.7253     4.7255     0.0002   3.286163   3.286183   0.000004    34.1864    34.1862     5.7266    27.0613    27.0611    34.1840    27.0594    1480.09    1480.09     4.7251  1030.2264    34.3463 0.0000e+00
      21399 291.133317  -37.74540  -48.62208      1.597    1494.47    689.000    682.725     4.7623     4.7626     0.0003     4.7081     4.7084     0.0003   3.284488   3.284433  -0.000055    34.1852    34.1843     5.7357    27.0622    27.0614    34.1817    27.0594    1480.03    1480.03     4.7079  1030.2314    34.3440 0.0000e+00
      21414 291.133324  -37.74540  -48.62206      1.600    1494.47    690.000    683.714     4.7470     4.7484     0.0014     4.6927     4.6941     0.0014   3.282974   3.283022   0.000038    34.1833    34.1823     5.7480    27.0624    27.0615    34.1794    27.0593    1479.98    1479.99     4.6926  1030.2362    34.3417 0.0000e+00
      21435 291.133334  -37.74542  -48.62206      1.419    1494.47    691.000    684.703     4.7328     4.7338     0.0011     4.6785     4.6796     0.0011   3.281733   3.281795   0.000064    34.1818    34.1814     5.7574    27.0628    27.0624    34.1791    27.0606    1479.94    1479.95     4.6784  1030.2423    34.3414 0.0000e+00
      21460 291.133346  -37.74542  -48.62206      1.048    1494.47    692.000    685.692     4.7293     4.7288    -0.0006     4.6751     4.6745    -0.0006   3.281496   3.281423  -0.000066    34.1811    34.1809     5.7403    27.0626    27.0626    34.1793    27.0612    1479.94    1479.94     4.6749  1030.2475    34.3416 0.0000e+00
      21479 291.133356  -37.74542  -48.62206      1.056    1494.47    693.000    686.682     4.7316     4.7301    -0.0014     4.6772     4.6758    -0.0014   3.281802   3.281649  -0.000147    34.1812    34.1810     5.7311    27.0625    27.0624    34.1801    27.0616    1479.97    1479.96     4.6771  1030.2524    34.3424 0.0000e+00
      21496 291.133364  -37.74542  -48.62206      1.239    1494.47    694.000    687.670     4.7341     4.7337    -0.0004     4.6796     4.6792    -0.0004   3.282107   3.282079  -0.000032    34.1815    34.1816     5.7345    27.0625    27.0626    34.1806    27.0617    1480.00    1480.00     4.6794  1030.2570    34.3429 0.0000e+00
      21513 291.133372  -37.74542  -48.62206      1.398    1494.47    695.000    688.660     4.7349     4.7345    -0.0004     4.6803     4.6799    -0.0004   3.282238   3.282154  -0.000062    34.1819    34.1817     5.7485    27.0627    27.0625    34.1808    27.0618    1480.02    1480.02     4.6801  1030.2617    34.3431 0.0000e+00
      21555 291.133392  -37.74542  -48.62205      0.986    1494.47    696.000    689.681     4.7359     4.7342    -0.0017     4.6813     4.6795    -0.0017   3.282352   3.282189  -0.000161    34.1813    34.1812     5.7604    27.0621    27.0623    34.1805    27.0615    1480.04    1480.03     4.6811  1030.2659    34.3428 0.0000e+00
      21628 291.133428  -37.74542  -48.62206      0.500    1494.47    697.000    690.641     4.7331     4.7317    -0.0014     4.6784     4.6769    -0.0014   3.282007   3.281860  -0.000163    34.1811    34.1807     5.7575    27.0622    27.0621    34.1789    27.0605    1480.04    1480.04     4.6782  1030.2695    34.3412 0.0000e+00
      21643 291.133435  -37.74542  -48.62206      1.076    1494.47    698.000    691.628     4.6844     4.6870     0.0026     4.6299     4.6324     0.0026   3.276970   3.276903  -0.000044    34.1790    34.1758     5.7604    27.0659    27.0632    34.1699    27.0587    1479.85    1479.85     4.6298  1030.2733    34.3321 0.0000e+00
      21658 291.133442  -37.74542  -48.62206      1.406    1494.47    699.000    692.617     4.6546     4.6530    -0.0016     4.6002     4.5986    -0.0016   3.274540   3.274240  -0.000300    34.1764    34.1746     5.7619    27.0671    27.0659    34.1718    27.0635    1479.74    1479.74     4.6000  1030.2831    34.3341 0.0000e+00
      21673 291.133449  -37.74542  -48.62206      1.548    1494.47    700.000    693.606     4.6396     4.6382    -0.0014     4.5851     4.5837    -0.0014   3.273112   3.272759  -0.000362    34.1755    34.1727     5.7598    27.0681    27.0661    34.1701    27.0638    1479.70    1479.69     4.5850  1030.2883    34.3324 0.0000e+00
      21688 291.133456  -37.74542  -48.62205      1.598    1494.38    701.000    694.596     4.6141     4.6143     0.0002     4.5597     4.5599     0.0002   3.270698   3.270602  -0.000133    34.1745    34.1727     5.7565    27.0701    27.0687    34.1677    27.0647    1479.61    1479.60     4.5596  1030.2942    34.3300 0.0000e+00
      21702 291.133463  -37.74542  -48.62204      1.628    1493.16    702.000    695.584     4.5987     4.5994     0.0007     4.5443     4.5450     0.0007   3.269462   3.269508   0.000049    34.1733    34.1732     5.7625    27.0709    27.0707    34.1686    27.0671    1479.56    1479.56     4.5442  1030.3015    34.3309 0.0000e+00
      21717 291.133470  -37.74542  -48.62204      1.641    1493.13    703.000    696.574     4.5946     4.5949     0.0003     4.5401     4.5404     0.0002   3.269185   3.269267   0.000072    34.1725    34.1731     5.7775    27.0706    27.0711    34.1691    27.0680    1479.56    1479.56     4.5400  1030.3070    34.3314 0.0000e+00
      21732 291.133478  -37.74542  -48.62204      1.629    1493.13    704.000    697.563     4.5959     4.5962     0.0002     4.5414     4.5416     0.0002   3.269341   3.269394   0.000063    34.1723    34.1727     5.7904    27.0703    27.0707    34.1691    27.0678    1479.58    1479.58     4.5412  1030.3113    34.3313 0.0000e+00
      21747 291.133485  -37.74542  -48.62202      1.597    1493.13    705.000    698.552     4.5962     4.5961    -0.0002     4.5416     4.5414    -0.0002   3.269471   3.269465  -0.000005    34.1723    34.1724     5.7961    27.0704    27.0704    34.1698    27.0683    1479.60    1479.60     4.5414  1030.3164    34.3321 0.0000e+00
      21763 291.133492  -37.74542  -48.62202      1.572    1493.13    706.000    699.541     4.5978     4.5978     0.0000     4.5431     4.5431     0.0000   3.269659   3.269669   0.000011    34.1724    34.1725     5.8023    27.0702    27.0703    34.1698    27.0682    1479.62    1479.62     4.5429  1030.3209    34.3321 0.0000e+00
      21780 291.133501  -37.74542  -48.62202      1.521    1493.13    707.000    700.530     4.5919     4.5927     0.0008     4.5371     4.5379     0.0008   3.268942   3.268971   0.000023    34.1716    34.1710     5.8127    27.0702    27.0697    34.1670    27.0667    1479.61    1479.61     4.5370  1030.3240    34.3293 0.0000e+00
      21805 291.133513  -37.74541  -48.62200      1.194    1493.13    708.000    701.520     4.5704     4.5712     0.0007     4.5157     4.5164     0.0007   3.267201   3.267247   0.000025    34.1716    34.1711     5.8176    27.0726    27.0721    34.1683    27.0700    1479.54    1479.54     4.5155  1030.3323    34.3306 0.0000e+00
      21842 291.133531  -37.74541  -48.62200      0.686    1493.13    709.000    702.509     4.5802     4.5787    -0.0014     4.5253     4.5239    -0.0014   3.268247   3.268039  -0.000169    34.1717    34.1712     5.7862    27.0716    27.0714    34.1700    27.0703    1479.60    1479.59     4.5251  1030.3370    34.3323 0.0000e+00
      21882 291.133550  -37.74544  -48.62202      0.597    1493.13    710.000    703.498     4.5690     4.5700     0.0010     4.5141     4.5151     0.0010   3.267317   3.267371   0.000029    34.1723    34.1716     5.7781    27.0734    27.0727    34.1702    27.0716    1479.57    1479.57     4.5139  1030.3431    34.3325 0.0000e+00
      21912 291.133564  -37.74544  -48.62202      0.712    1493.13    711.000    704.487     4.5678     4.5680     0.0002     4.5128     4.5131     0.0002   3.267311   3.267315   0.000004    34.1723    34.1721     5.7925    27.0735    27.0733    34.1708    27.0723    1479.58    1479.58     4.5127  1030.3483    34.3331 0.0000e+00
      21933 291.133575  -37.74544  -48.62202      0.959    1493.13    712.000    705.476     4.5674     4.5675     0.0001     4.5123     4.5124     0.0001   3.267338   3.267329  -0.000005    34.1725    34.1723     5.7952    27.0737    27.0735    34.1711    27.0725    1479.60    1479.60     4.5122  1030.3532    34.3334 0.0000e+00
      21952 291.133584  -37.74544  -48.62202      1.169    1493.13    713.000    706.465     4.5659     4.5655    -0.0003     4.5107     4.5104    -0.0003   3.267250   3.267217  -0.000033    34.1726    34.1725     5.7896    27.0739    27.0739    34.1711    27.0727    1479.61    1479.61     4.5106  1030.3580    34.3334 0.0000e+00
      21969 291.133592  -37.74544  -48.62202      1.298    1493.13    714.000    707.454     4.5634     4.5634     0.0000     4.5082     4.5083     0.0000   3.267091   3.267079  -0.000012    34.1727    34.1726     5.7868    27.0743    27.0742    34.1713    27.0731    1479.61    1479.62     4.5081  1030.3630    34.3336 0.0000e+00
      21987 291.133601  -37.74542  -48.62200      1.357    1493.13    715.000    708.443     4.5613     4.5614     0.0001     4.5060     4.5061     0.0001   3.266981   3.266961  -0.000025    34.1729    34.1726     5.7896    27.0747    27.0744    34.1717    27.0737    1479.62    1479.62     4.5058  1030.3682    34.3340 0.0000e+00
      22006 291.133610  -37.74543  -48.62200      1.344    1493.13    716.000    709.433     4.5597     4.5597     0.0000     4.5044     4.5044     0.0000   3.266885   3.266860  -0.000029    34.1729    34.1725     5.7821    27.0748    27.0745    34.1717    27.0739    1479.63    1479.63     4.5042  1030.3730    34.3340 0.0000e+00
      22026 291.133619  -37.74544  -48.62200      1.255    1493.13    717.000    710.422     4.5588     4.5589     0.0001     4.5033     4.5034     0.0001   3.266830   3.266817  -0.000001    34.1727    34.1725     5.7754    27.0748    27.0747    34.1715    27.0739    1479.65    1479.65     4.5032  1030.3775    34.3338 0.0000e+00
      22047 291.133630  -37.74544  -48.62200      1.158    1493.13    718.000    711.411     4.5564     4.5563    -0.0000     4.5009     4.5008    -0.0000   3.266657   3.266621  -0.000033    34.1726    34.1722     5.7724    27.0750    27.0747    34.1715    27.0741    1479.65    1479.65     4.5007  1030.3824    34.3338 0.0000e+00
      22067 291.133639  -37.74544  -48.62200      1.159    1493.13    719.000    712.400     4.5530     4.5528    -0.0002     4.4974     4.4972    -0.0002   3.266271   3.266219  -0.000055    34.1720    34.1716     5.7670    27.0750    27.0747    34.1699    27.0732    1479.65    1479.65     4.4973  1030.3862    34.3322 0.0000e+00
      22085 291.133648  -37.74544  -48.62200      1.238    1493.13    720.000    713.389     4.5398     4.5395    -0.0003     4.4842     4.4839    -0.0003   3.265115   3.265037  -0.000082    34.1715    34.1708     5.7636    27.0760    27.0754    34.1696    27.0744    1479.61    1479.61     4.4840  1030.3921    34.3319 0.0000e+00
      22102 291.133656  -37.74545  -48.62200      1.332    1493.13    721.000    714.378     4.5274     4.5278     0.0004     4.4718     4.4723     0.0004   3.263818   3.263730  -0.000085    34.1706    34.1691     5.7633    27.0766    27.0754    34.1667    27.0735    1479.57    1479.57     4.4717  1030.3960    34.3290 0.0000e+00
      22119 291.133664  -37.74546  -48.62200      1.398    1493.13    722.000    715.367     4.5023     4.5014    -0.0009     4.4467     4.4459    -0.0009   3.261288   3.261051  -0.000241    34.1681    34.1662     5.7711    27.0773    27.0759    34.1625    27.0728    1479.48    1479.48     4.4466  1030.4005    34.3248 0.0000e+00
      22138 291.133673  -37.74546  -48.62200      1.385    1493.13    723.000    716.357     4.4651     4.4669     0.0017     4.4097     4.4115     0.0017   3.257812   3.257863   0.000042    34.1656    34.1644     5.7824    27.0793    27.0781    34.1597    27.0746    1479.34    1479.35     4.4096  1030.4075    34.3220 0.0000e+00
      22165 291.133687  -37.74546  -48.62200      1.069    1493.13    724.000    717.346     4.4868     4.4877     0.0009     4.4312     4.4321     0.0009   3.260163   3.260272   0.000059    34.1651    34.1649     5.7821    27.0766    27.0763    34.1642    27.0759    1479.45    1479.46     4.4311  1030.4139    34.3277 0.0000e+00
      22212 291.133709 -9.990e-29  -48.62200      0.473    1493.13    725.000    718.335     4.4304     4.4472     0.0168     4.3750     4.3918     0.0167   3.254244   3.255813   0.001555    34.1596    34.1603     5.8178    27.0782    27.0771    34.1527    27.0728    1479.22    1479.29     4.3749  1030.4181    34.3182 0.0000e+00
      22245 291.133725 -9.990e-29  -48.62200      0.650    1493.13    726.000    719.324     4.4005     4.4023     0.0018     4.3453     4.3470     0.0018   3.251738   3.251719   0.000029    34.1579    34.1563     5.8216    27.0801    27.0787    34.1537    27.0768    1479.12    1479.12     4.3451  1030.4271    34.3191 0.0000e+00
      22266 291.133735  -37.74544  -48.62199      0.926    1493.13    727.000    720.312     4.3957     4.3957    -0.0000     4.3404     4.3404    -0.0000   3.251217   3.251184  -0.000022    34.1556    34.1553     5.8271    27.0788    27.0786    34.1521    27.0760    1479.11    1479.11     4.3403  1030.4304    34.3168 0.0000e+00
      22284 291.133744  -37.74544  -48.62198      1.175    1493.13    728.000    721.302     4.3931     4.3925    -0.0005     4.3377     4.3371    -0.0005   3.251026   3.250934  -0.000076    34.1551    34.1547     5.8364    27.0786    27.0785    34.1521    27.0763    1479.12    1479.11     4.3376  1030.4334    34.3143 0.0000e+00
